V1,V2,V3,V4,V5,V6,V7,V8,V9,V10,V11,V12,V13,V14,V15,V16,V17,V18,V19,V20,V21,V22,V23,V24,V25,V26,V27,V28,V29,V30,V31,V32,V33,V34,V35,V36,V37,V38,V39,V40,V41,V42,V43,V44,V45
0.02851946725381804,0.1725304912020363,-0.19292798212401296,-0.03827347834755993,0.2088122281049252,0.3294389657651045,0.21282230088823695,-0.017522908536869265,-0.1719438700416405,0.26189859081114664,-0.23546590307797063,-0.06328381383949847,-0.3227632089700854,0.05469012175850267,-0.05482288342556278,0.2135934251830596,-0.06018300798569203,-0.026013236744536445,0.10941120211493989,-0.17200005666366142,0.21359370810489725,0.1413258760194719,0.1705707525523584,-0.20534174023064433,-0.03640407913731307,-0.10636601819978032,0.18063925828355648,-0.0024575232443030904,-0.132868612410319,0.18885497253550065,0.06681418634386259,-0.13844237075212526,0.44683570708168585,0.030039528083682713,0.13164716925090025,0.07817159117823974,0.04830121354175129,-0.0162235201865389,0.2816616314187668,-0.05022908095104965,0.2692878593065557,-0.08801970971312957,0.005035840778462888,-0.11390726036121485,-0.09535599858226097
0.1725304912020363,1.9808551271771504,-1.67062259679702,1.0913186911015764,1.3427837426594345,1.8789343872175357,1.7480466258079106,-0.2224145592356319,-1.5697528174218924,2.0453751818817083,-2.437827146771988,-0.07372837156089124,-1.8875092663083175,-0.8121783336476973,-1.0302367065575544,0.5814796655127263,-0.7652001800186736,-0.3530447627013765,1.088306201178516,-3.236716279561362,0.2806303966713443,1.4245389835586522,1.5056327869162847,-2.9237399942575886,-0.373168613572011,-1.2950582707896743,1.4080510899637901,0.9564205777458461,-0.7247896267013063,2.6199154778280493,0.15813782310156102,-0.4412863790622852,2.645102113488351,1.0238672227705228,1.1915671985304972,-0.469723773298325,0.06464325798831345,-0.24859860191849575,1.7550250062713362,-0.6782648406084052,4.943447401439184,-1.3404521082067662,0.6478220472976752,0.36077180040915324,-2.443270638485363
-0.19292798212401296,-1.67062259679702,1.6240935320358612,-0.4049073987002337,-1.5347306224978332,-2.2821067528021093,-1.7554484153515806,0.19232692246700198,1.4826420056680465,-2.0887541839390655,2.1666278319983343,0.28632607056991205,2.241599758663246,0.1876903103762369,0.7582640118181454,-1.1453804511081573,0.614361544005874,0.2616468875015401,-0.9929801230118814,2.3339197430310765,-0.9986094998263682,-1.296666332993437,-1.457333472501294,2.275310172220959,0.3409644398126627,1.0757066316167163,-1.4489111985804113,-0.474100334640882,0.8964686794493627,-2.076307748384183,-0.3638972646448833,0.8002501586927278,-3.118622944092697,-0.6660556482507813,-1.1221440495859072,-0.0796895877059395,-0.23879722954164606,0.19602681350352855,-2.0137246648502494,0.5418503306143931,-3.5768883981634474,1.0185350934377329,-0.3414162315694455,0.2728114217318812,1.6034516129184808
-0.03827347834755993,1.0913186911015764,-0.4049073987002337,1.9810430646647803,-0.24820385408044202,-0.7258472516485197,0.30031647717946103,-0.13431936714570344,-0.4789066207152134,0.23176144548373256,-1.0856182007413668,0.5494596931682971,0.6299408762646261,-1.7565525115129115,-0.9074913153822357,-1.3870528298115754,-0.493823530420691,-0.2559568634892884,0.4347730607435433,-2.895133891368364,-1.8241383160441575,0.58066907909322385,0.3911886529784145,-2.121437107835992,-0.15526036960151526,-0.7764539031748979,0.14119790057599124,1.4177731601099632,0.3331075466390139,1.8364387130142112,-0.48383710130756724,0.828592182760178,-0.8232812126224924,1.1496645171077504,0.3603663789957373,-1.5049275365340862,-0.41963721785116065,-0.18709850347428597,-0.393573297727141,-0.4634542933880478,4.367072358263777,-1.0389593180813665,0.8937055892155225,1.71195715835091,-2.5628627463118234
0.2088122281049252,1.3427837426594345,-1.5347306224978332,-0.24820385408044202,1.6664453489723796,2.592831570402332,1.70887412239851,-0.15572452934406925,-1.3619823574827277,2.070462201710817,-1.858163261038992,-0.47786798327817076,-2.513257804240856,0.39892620823898384,-0.4791514970651587,1.6419211882345095,-0.46106763625715613,-0.17602859019336742,0.875643903098425,-1.4267705173002614,1.640344171102974,1.1398553788572103,1.3695266078089943,-1.61665803281376,-0.29998277509125526,-0.8430056340589546,1.4447991758943226,0.010800358326880801,-1.0327142940623637,1.5144710610973953,0.5414270923269938,-1.1073988191933228,3.478667793564303,0.3061894403883769,1.0294385809442765,0.5890585461086782,0.390630797145341,-0.140124349247413,2.2010399728123553,-0.4003848755469644,2.2061728414542148,-0.693841412866584,0.04830528190373473,-0.8561381636166008,-0.7812356375367723
0.3294389657651045,1.8789343872175357,-2.2821067528021093,-0.7258472516485197,2.592831570402332,4.099290995373588,2.5628482950873046,-0.21184110258738142,-2.007326981215091,3.133818158204657,-2.666403763241703,-0.8293987571758298,-3.9670771679733856,0.9149035693675528,-0.5723057575324296,2.7608021054764946,-0.6265558072906772,-0.23348196774655758,1.2663725513470323,-1.6855241610712544,2.8312811047196265,1.6452918837950399,2.029455073273916,-2.1220122647878,-0.43135512615832894,-1.160159697435639,2.1885142429496804,-0.22943899529999454,-1.6424692909101937,2.0072336182088057,0.9090660412573516,-1.8352505246473454,5.482529287074993,0.26133521337833027,1.5197290289576513,1.1630363563538135,0.6672021118966267,-0.18076883952998132,3.445465837995529,-0.5345477297120291,2.6295869679429718,-0.8883334382321662,-0.07832912929065428,-1.6095243119423814,-0.7601656834533962
0.21282230088823695,1.7480466258079106,-1.7554484153515806,0.30031647717946103,1.70887412239851,2.5628482950873046,1.911030591418551,-0.2043088845040945,-1.5921684484967389,2.2787404465531873,-2.2964161770080205,-0.3540521013492083,-2.5062081872305018,-0.07574474257025225,-0.7702023308032583,1.3586551319901112,-0.6346306013219088,-0.26239051946131414,1.0598027363324103,-2.3512331028058138,1.2320113661199155,1.3832913374986957,1.5744997195408814,-2.3352620858069475,-0.36453797213609,-1.1231620067843906,1.5834067909376808,0.41664526419595677,-1.0086953836073762,2.1434477756908303,0.43936940526277735,-0.945255883119581,3.4829681505867103,0.6539259591299188,1.2035266554988306,0.19928607502196435,0.296963377870502,-0.20286983425073385,2.23994814330256,-0.5604434528873157,3.60530243875478,-1.0391015979550582,0.3073128785010968,-0.42608793559977226,-1.5678078550200272
-0.017522908536869265,-0.2224145592356319,0.19232692246700198,-0.13431936714570344,-0.15572452934406925,-0.21184110258738142,-0.2043088845040945,0.028987946493786942,0.17848536307685095,-0.23417667776971773,0.2772144945836622,0.004914615482513697,0.20798587127120408,0.09918516475541027,0.12498256178236987,-0.057472000860722454,0.08497109863150351,0.034676809091711086,-0.126384736085733,0.38056725559059446,-0.024062194860838115,-0.16556824326582834,-0.1746641258452848,0.33277730364854585,0.044355648017614664,0.1490797694106997,-0.1620062265017591,-0.11538037640216954,0.07996081297039334,-0.3030838358023605,-0.019651307670008288,0.051195413771314875,-0.29193689598167327,-0.1284180267379052,-0.13389008656927764,0.059376796740280055,-0.009260416072589196,0.03038227714224126,-0.19571915937544845,0.0784318700304958,-0.5777923152124845,0.1534229596294847,-0.07554249192587327,-0.04840055978425111,0.2835682288182983
-0.1719438700416405,-1.5697528174218924,1.4826420056680465,-0.4789066207152134,-1.3619823574827277,-2.007326981215091,-1.5921684484967389,0.17848536307685095,1.3620928490008064,-1.889618229542617,2.013523212460879,0.22550352952453837,1.9798820665899843,0.2718876062018997,0.7324135051931894,-0.9497134137706712,0.5834619856601442,0.25438115647093507,-0.9170894239981514,2.2671910135767375,-0.7899430352279438,-1.1989324434610953,-1.3316870471730076,2.174202631815889,0.3148563939506007,1.0126083759302098,-1.3100980386172298,-0.5084321906520344,0.7863986062497015,-1.974887795574319,-0.2965809083784825,0.6682469540081365,-2.7572706008693584,-0.6617998089741883,-1.0314122093010814,0.0167037542774519,-0.18744477119926556,0.1863387889641858,-1.787602472761274,0.5142886901596528,-3.4720625287324474,0.9779064062338974,-0.3603707153003434,0.14438448050446345,1.594427932600065
0.26189859081114664,2.0453751818817083,-2.0887541839390655,0.23176144548373256,2.070462201710817,3.133818158204657,2.2787404465531873,-0.23417667776971773,-1.889618229542617,2.7312300418344146,-2.702800510387282,-0.46397352447005774,-3.0656490204561413,0.021101163735620015,-0.8642494141875702,1.7300656614113863,-0.7381499607353722,-0.3073738356499978,1.2484523263092495,-2.6458082484840766,1.603348424940924,1.6275472864538372,1.8695042260832846,-2.688120969494875,-0.4274867323953791,-1.305928885473279,1.896447002776822,0.4103973510258648,-1.2387915008926644,2.4680065987149913,0.5557649858303664,-1.186257772648131,4.25719719534151,0.7047307814190876,1.43096370571028,0.3365043264975933,0.38079244984857824,-0.23074234128909413,2.727721559501681,-0.646637182737093,4.066300338347544,-1.1899100013626722,0.314997614656067,-0.6248200037874532,-1.7300081720438865
-0.23546590307797063,-2.437827146771988,2.1666278319983343,-1.0856182007413668,-1.858163261038992,-2.666403763241703,-2.2964161770080205,0.2772144945836622,2.013523212460879,-2.702800510387282,3.0576225347350774,0.20305889753922102,2.651226455743372,0.7498990236691471,1.2151553368111658,-1.0452903560041726,0.9256357755653913,0.41473402252017216,-1.3787197450316453,3.7886661017085568,-0.7289081551534974,-1.803671039549711,-1.9501989541558298,3.5030898386000078,0.47351981736806636,1.5863178278689025,-1.867294267494679,-1.0108032584185096,1.0359446438039275,-3.1596065369144513,-0.312351774404037,0.7611345411063808,-3.7038421307758242,-1.1645988087765806,-1.525943465076392,0.33884352883983115,-0.17349381732057864,0.2998735833392668,-2.4299359846657493,0.8200037981107333,-5.7911716074496935,1.5936046610741508,-0.6942918733293387,-0.1543331909017806,2.7783238957702614
-0.06328381383949847,-0.07372837156089124,0.28632607056991205,0.5494596931682971,-0.47786798327817076,-0.8293987571758298,-0.3540521013492083,0.004914615482513697,0.22550352952453837,-0.46397352447005774,0.20305889753922102,0.25585900965445435,0.7884402374358213,-0.5308293085084963,-0.10455177627746806,-0.7544746193791024,-0.003014225216766271,-0.015427719968904859,-0.11329787310293912,-0.3521094365644191,-0.8606167785051847,-0.14312861937180235,-0.24711393065117782,-0.10948452829755939,0.036514654672994674,0.022686749012128953,-0.3272672587356582,0.34509382074537326,0.34222407553028045,0.06829882625461224,-0.25268174536579185,0.4788787622928393,-1.0795234318945373,0.20901648825534216,-0.1720233868229972,-0.516965381208273,-0.19954607483378903,-0.011381449020282439,-0.651297628409139,-0.012473068267393462,0.5154344235782476,-0.0783379201372776,0.20616544734038775,0.6358656480990897,-0.42994713229036696
-0.3227632089700854,-1.8875092663083175,2.241599758663246,0.6299408762646261,-2.513257804240856,-3.9670771679733856,-2.5062081872305018,0.20798587127120408,1.9798820665899843,-3.0656490204561413,2.651226455743372,0.7884402374358213,3.849242687972985,-0.8199244146319695,0.5893509639590363,-2.6401521296328974,0.6370536973586071,0.24708633425157636,-1.2519396698431213,1.761232015207177,-2.6878893333947422,-1.6265475856824239,-1.9926616460357962,2.1682409678636896,0.4251564138722197,1.1656015569018896,-2.1380431519080125,0.16666638805471903,1.5901483352992287,-2.0363035083648495,-0.861624205114944,1.7496521859446852,-5.3215554982909845,-0.29158978442935357,-1.5013409386839325,-1.0724539972823803,-0.6287310928471258,0.18207728403716705,-3.3477911803291813,0.5413589350072445,-2.746461172811944,0.9137624581387912,0.03738857972166425,1.5007548368999808,0.8527374124838835
0.05469012175850267,-0.8121783336476973,0.1876903103762369,-1.7565525115129115,0.39892620823898384,0.9149035693675528,-0.07574474257025225,0.09918516475541027,0.2718876062018997,0.021101163735620015,0.7498990236691471,-0.5308293085084963,-0.8199244146319695,1.5781229491179494,0.7387502171806477,1.3878580911098566,0.3837946463321636,0.2077409450603288,-0.2849847732618607,2.374710982676116,1.7703790059705287,-0.3832296323826754,-0.1926033247073966,1.683186961587592,0.10244287721164397,0.5883871412740277,0.033974524503484524,-1.2374342732018064,-0.40182596615328636,-1.442202353671668,0.48330180697085257,-0.846273448694049,1.0922942379138816,-0.9674623913855458,-0.20520175506000274,1.378754023906293,0.41050648190053274,0.14762087100670035,0.580390725972745,0.3621630963247838,-3.578234796059699,0.8347423027482938,-0.7765137904969148,-1.5876776243961008,2.1570624771414066
-0.05482288342556278,-1.0302367065575544,0.7582640118181454,-0.9074913153822357,-0.4791514970651587,-0.5723057575324296,-0.7702023308032583,0.12498256178236987,0.7324135051931894,-0.8642494141875702,1.2151553368111658,-0.10455177627746806,0.5893509639590363,0.7387502171806477,0.6317469578314077,0.10556051345598413,0.4127853415431754,0.18938614910934545,-0.5351451038320312,1.9718754308238329,0.32534185052608655,-0.7048056587641868,-0.6927244719028501,1.6465591447959311,0.18724988566218742,0.693787617077899,-0.5943550227674357,-0.7167695126796825,0.20475644513492938,-1.4692046117250759,0.045618983230341976,-0.013822646595077474,-0.8400215959841505,-0.692511023076791,-0.5516076279498638,0.5435869564726552,0.0683797506690325,0.14538516535536877,-0.5959961337623503,0.37713904899297684,-2.991860024399762,0.7710755199172951,-0.46596000099473206,-0.5521899544871166,1.5687502783669696
0.2135934251830596,0.5814796655127263,-1.1453804511081573,-1.3870528298115754,1.6419211882345095,2.7608021054764946,1.3586551319901112,-0.057472000860722454,-0.9497134137706712,1.7300656614113863,-1.0452903560041726,-0.7544746193791024,-2.6401521296328974,1.3878580911098566,0.10556051345598413,2.296603404120561,-0.13213574506357997,-0.017752165898250905,0.5336122354855906,0.4107348330000574,2.5479461794768423,0.6854602975045628,1.002621440628522,-0.2265430617329266,-0.17758291244425176,-0.30731853904014766,1.2174480537862151,-0.8216156976718912,-1.12773198876853,0.2929488910265604,0.7661856602245873,-1.4770690341996615,3.625745021615713,-0.4077415977990628,0.7212132844111027,1.4120715681261995,0.5929927020813298,-0.01481685530669943,2.2178620136320726,-0.09041956328110176,-0.5661044408347388,-0.02169909871923306,-0.47741931530882736,-1.7752762280690249,0.7903182400244002
-0.06018300798569203,-0.7652001800186736,0.614361544005874,-0.493823530420691,-0.46106763625715613,-0.6265558072906772,-0.6346306013219088,0.08497109863150351,0.5834619856601442,-0.7381499607353722,0.9256357755653913,-0.003014225216766271,0.6370536973586071,0.3837946463321636,0.4127853415431754,-0.13213574506357997,0.3001170206094666,0.14188912829243727,-0.409411330399957,1.3049816843366455,-8.720301058582439e-4,-0.536115193904191,-0.5543485013701479,1.156152318899312,0.14015919573025953,0.5024347710673712,-0.5061992184580508,-0.4161430831850296,0.23963264224610853,-1.0302644213147976,-0.02805339262728284,0.10926955425223302,-0.8960160795877493,-0.422307030453248,-0.4436160271845297,0.24859416876354876,0.001329970305220854,0.0977385866006042,-0.6022455981663937,0.2661550754614153,-1.991802451873942,0.5335859751158671,-0.27914919537782784,-0.2205888545215889,1.0079664339659717
-0.026013236744536445,-0.3530447627013765,0.2616468875015401,-0.2559568634892884,-0.17602859019336742,-0.23348196774655758,-0.26239051946131414,0.034676809091711086,0.25438115647093507,-0.3073738356499978,0.41473402252017216,-0.015427719968904859,0.24708633425157636,0.2077409450603288,0.18938614910934545,-0.017752165898250905,0.14188912829243727,0.07344690696746732,-0.17864921906170633,0.615210668826626,0.051530329210289993,-0.23398979605725995,-0.2351824842542568,0.5436658825895743,0.06002831221594234,0.2293178006561003,-0.2089127563198901,-0.20976772331158872,0.08970504417566597,-0.4764983494454874,0.007128659390221842,0.015095123248505838,-0.34906280601479245,-0.19627418377166211,-0.19538057685276158,0.14509352878038062,0.01713687969619774,0.043588253397904904,-0.23743364271550912,0.12282007203262095,-0.941686725271011,0.25195065804204336,-0.14192974953690238,-0.13875005066926815,0.49123937279611785
0.10941120211493989,1.088306201178516,-0.9929801230118814,0.4347730607435433,0.875643903098425,1.2663725513470323,1.0598027363324103,-0.126384736085733,-0.9170894239981514,1.2484523263092495,-1.3787197450316453,-0.11329787310293912,-1.2519396698431213,-0.2849847732618607,-0.5351451038320312,0.5336122354855906,-0.409411330399957,-0.17864921906170633,0.625818943239692,-1.6570711769292925,0.4043253502879735,0.8182649467461353,0.8937008914469413,-1.5455301176796223,-0.21544939419550846,-0.7083644832047116,0.8637481607253047,0.41936517245917926,-0.4927246832366178,1.4006526169084375,0.16531948627370477,-0.38686725687530016,1.7471522988167223,0.5052741290098413,0.6939621857696628,-0.10313138250836665,0.09852041327617159,-0.13363698781400735,1.1419671909198224,-0.3639958161474003,2.532656626235471,-0.7008658159273602,0.2891692800878613,0.010250743162962839,-1.1954240876945303
-0.17200005666366142,-3.236716279561362,2.3339197430310765,-2.895133891368364,-1.4267705173002614,-1.6855241610712544,-2.3512331028058138,0.38056725559059446,2.2671910135767375,-2.6458082484840766,3.7886661017085568,-0.3521094365644191,1.761232015207177,2.374710982676116,1.9718754308238329,0.4107348330000574,1.3049816843366455,0.615210668826626,-1.6570711769292925,6.2022334265022625,1.1167908681246128,-2.1801402677257413,-2.128030636689897,5.189048745965176,0.5758346586684306,2.1724871981545584,-1.8113066648605023,-2.280551559144594,0.6038845397195772,-4.609333305452841,0.18644613253270587,-0.11788593247634073,-2.515424544417046,-2.163715843016347,-1.7141536007017686,1.7625516331652733,0.2491516678205258,0.4510830156935443,-1.7932562765083604,1.1833413352778757,-9.421070633697527,2.432287932194355,-1.487290267888289,-1.7991423911349806,4.970787908367845
0.21359370810489725,0.2806303966713443,-0.9986094998263682,-1.8241383160441575,1.640344171102974,2.8312811047196265,1.2320113661199155,-0.024062194860838115,-0.7899430352279438,1.603348424940924,-0.7289081551534974,-0.8606167785051847,-2.6878893333947422,1.7703790059705287,0.32534185052608655,2.5479461794768423,-8.720301058582439e-4,0.051530329210289993,0.4043253502879735,1.1167908681246128,2.900695000511427,0.513189572035488,0.8653876326649442,0.317752855220902,-0.13238121091551328,-0.10063813194132379,1.1332319378055142,-1.1414233715060365,-1.1648816809268867,-0.17874703505656309,0.8582275138663826,-1.6266586117483848,3.6812275929265907,-0.6736092301609645,0.6000169167096377,1.7306305389762777,0.6765632420807094,0.031613507500266404,2.225193700404154,0.029140283258047392,-1.6350041445723902,0.24035725820251727,-0.6824302062889185,-2.1311719520790917,1.401553174884559
0.1413258760194719,1.4245389835586522,-1.296666332993437,0.58066907909322385,1.1398553788572103,1.6452918837950399,1.3832913374986957,-0.16556824326582834,-1.1989324434610953,1.6275472864538372,-1.803671039549711,-0.14312861937180235,-1.6265475856824239,-0.3832296323826754,-0.7048056587641868,0.6854602975045628,-0.536115193904191,-0.23398979605725995,0.8182649467461353,-2.1801402677257413,0.513189572035488,1.0712343525701895,1.1681440142207806,-2.027191936792607,-0.28229069157035047,-0.9273987264809601,1.1279083126226672,0.5557927679247205,-0.6390731609216658,1.837262679003506,0.21308725173024365,-0.5000247955919184,2.269899000762984,0.6680027434232031,0.9063269852663755,-0.14445613044911348,0.12553640509670014,-0.17570876430198965,1.4846680801272754,-0.47708343964367833,3.3303913009577575,-0.9193283791702803,0.3827350563528789,0.02614975466520167,-1.5750758452194724
0.1705707525523584,1.5056327869162847,-1.457333472501294,0.3911886529784145,1.3695266078089943,2.029455073273916,1.5744997195408814,-0.1746641258452848,-1.3316870471730076,1.8695042260832846,-1.9501989541558298,-0.24711393065117782,-1.9926616460357962,-0.1926033247073966,-0.6927244719028501,1.002621440628522,-0.5543485013701479,-0.2351824842542568,0.8937008914469413,-2.128030636689897,0.8653876326649442,1.1681440142207806,1.3091483101048913,-2.06030109833935,-0.30766578396864736,-0.9712984630632729,1.2982836663645376,0.443889720975835,-0.7955402211012511,1.880721141725853,0.3200632724757259,-0.7057357356040396,2.7728221383724465,0.6150140148492076,1.006747961371792,0.04993249548801413,0.20851104022837905,-0.17845011459871746,1.7927921879870121,-0.4903514910420694,3.2584345070444467,-0.9233386303888478,0.3172306148157379,-0.21845449211153153,-1.4680361034491547
-0.20534174023064433,-2.9237399942575886,2.275310172220959,-2.121437107835992,-1.61665803281376,-2.1220122647878,-2.3352620858069475,0.33277730364854585,2.174202631815889,-2.688120969494875,3.5030898386000078,-0.10948452829755939,2.1682409678636896,1.683186961587592,1.6465591447959311,-0.2265430617329266,1.156152318899312,0.5436658825895743,-1.5455301176796223,5.189048745965176,0.317752855220902,-2.027191936792607,-2.06030109833935,4.504461938911646,0.5322415167063882,1.9349575967109465,-1.843618056210358,-1.7414194168720682,0.798898976011355,-4.012629996400576,-0.022247036464138868,0.2549065845516866,-3.0605970008389645,-1.7281121427251331,-1.649234460591553,1.1544245821105743,0.07284834794580035,0.38552835953379005,-2.0872287605734328,1.0343851569804585,-7.905001685501398,2.089769296859612,-1.1548125598742445,-1.0923075510266147,4.056542223811925
-0.03640407913731307,-0.373168613572011,0.3409644398126627,-0.15526036960151526,-0.29998277509125526,-0.43135512615832894,-0.36453797213609,0.044355648017614664,0.3148563939506007,-0.4274867323953791,0.47351981736806636,0.036514654672994674,0.4251564138722197,0.10244287721164397,0.18724988566218742,-0.17758291244425176,0.14015919573025953,0.06002831221594234,-0.21544939419550846,0.5758346586684306,-0.13238121091551328,-0.28229069157035047,-0.30766578396864736,0.5322415167063882,0.07468473224819702,0.24379967347431122,-0.2968001340529847,-0.147601133045908,0.16698505452642443,-0.4836644849672883,-0.0564451983588036,0.13165102708220913,-0.593391240293619,-0.17868438196667016,-0.23747364951566333,0.03952788082865462,-0.033398972368386556,0.046701154492480586,-0.38860083228552755,0.1255037340463618,-0.8785693948244659,0.2415006932050364,-0.1010089797205999,-0.009052540840017437,0.41512596187190975
-0.10636601819978032,-1.2950582707896743,1.0757066316167163,-0.7764539031748979,-0.8430056340589546,-1.160159697435639,-1.1231620067843906,0.1490797694106997,1.0126083759302098,-1.305928885473279,1.5863178278689025,0.022686749012128953,1.1656015569018896,0.5883871412740277,0.693787617077899,-0.30731853904014766,0.5024347710673712,0.2293178006561003,-0.7083644832047116,2.1724871981545584,-0.10063813194132379,-0.9273987264809601,-0.9712984630632729,1.9349575967109465,0.24379967347431122,0.8521868502704592,-0.8983545704274916,-0.6664269383679137,0.4442516397417473,-1.7351074766986927,-0.08234807215252832,0.24751680829601622,-1.6362787449427973,-0.7024009727513792,-0.7675029650986921,0.36103192894575264,-0.026124769424460712,0.16634984604903283,-1.093230708108191,0.44877350327167254,-3.3135196668823035,0.8905374343622298,-0.4466867606103881,-0.30085121951796107,1.6519422598138234
0.18063925828355648,1.4080510899637901,-1.4489111985804113,0.14119790057599124,1.4447991758943226,2.1885142429496804,1.5834067909376808,-0.1620062265017591,-1.3100980386172298,1.896447002776822,-1.867294267494679,-0.3272672587356582,-2.1380431519080125,0.033974524503484524,-0.5943550227674357,1.2174480537862151,-0.5061992184580508,-0.2089127563198901,0.8637481607253047,-1.8113066648605023,1.1332319378055142,1.1279083126226672,1.2982836663645376,-1.843618056210358,-0.2968001340529847,-0.8983545704274916,1.3204742113406673,0.2697492719366308,-0.8641089230627811,1.6960329011570068,0.39418508974616095,-0.8376703332994878,2.9678924930569384,0.4820861269792684,0.9903763890013094,0.2507695113259876,0.2702700065070694,-0.15923565590429298,1.9004408191839954,-0.4440655614972505,2.7818591462214304,-0.8142779280309076,0.2088594678810345,-0.45139400624982323,-1.174709833720514
-0.0024575232443030904,0.9564205777458461,-0.474100334640882,1.4177731601099632,0.010800358326880801,-0.22943899529999454,0.41664526419595677,-0.11538037640216954,-0.5084321906520344,0.4103973510258648,-1.0108032584185096,0.34509382074537326,0.16666638805471903,-1.2374342732018064,-0.7167695126796825,-0.8216156976718912,-0.4161430831850296,-0.20976772331158872,0.41936517245917926,-2.280551559144594,-1.1414233715060365,0.5557927679247205,0.443889720975835,-1.7414194168720682,-0.147601133045908,-0.6664269383679137,0.2697492719366308,1.0373132160568255,0.12258433805370937,1.5189914216865905,-0.2923513370738227,0.479107865671403,-0.19494294737690254,0.8724302835623127,0.38418069907695684,-1.03144956924617,-0.26235704890710804,-0.1524290656521162,-0.030644327846707668,-0.3856863164147143,3.448124324709884,-0.8415267938793066,0.6593188176594119,1.150663052003359,-1.9651058397797867
-0.132868612410319,-0.7247896267013063,0.8964686794493627,0.3331075466390139,-1.0327142940623637,-1.6424692909101937,-1.0086953836073762,0.07996081297039334,0.7863986062497015,-1.2387915008926644,1.0359446438039275,0.34222407553028045,1.5901483352992287,-0.40182596615328636,0.20475644513492938,-1.12773198876853,0.23963264224610853,0.08970504417566597,-0.4927246832366178,0.6038845397195772,-1.1648816809268867,-0.6390731609216658,-0.7955402211012511,0.798898976011355,0.16698505452642443,0.4442516397417473,-0.8641089230627811,0.12258433805370937,0.6600235999079245,-0.7569926048976132,-0.36960428152715924,0.7442085339829826,-2.196708652945778,-0.07456092166835211,-0.5965130962896056,-0.4947469980253194,-0.27271238746847287,0.06693449432025136,-1.37732471421007,0.2023318438607437,-0.9474075449463486,0.33130539145339816,0.050149368881873047,0.677463852895284,0.24669962927663436
0.18885497253550065,2.6199154778280493,-2.076307748384183,1.8364387130142112,1.5144710610973953,2.0072336182088057,2.1434477756908303,-0.3030838358023605,-1.974887795574319,2.4680065987149913,-3.1596065369144513,0.06829882625461224,-2.0363035083648495,-1.442202353671668,-1.4692046117250759,0.2929488910265604,-1.0302644213147976,-0.4764983494454874,1.4006526169084375,-4.609333305452841,-0.17874703505656309,1.837262679003506,1.880721141725853,-4.012629996400576,-0.4836644849672883,-1.7351074766986927,1.6960329011570068,1.5189914216865905,-0.7569926048976132,3.5852835425078973,0.056803100202761025,-0.29488136599516646,2.870356393801614,1.5337351991759627,1.4955830195798243,-0.970099425136221,-0.03558272274400173,-0.34613342665755364,1.9489245277378415,-0.9247051431179132,7.019481355632517,-1.8587362452704959,1.0070924924148204,0.9010404453972277,-3.576541767217021
0.06681418634386259,0.15813782310156102,-0.3638972646448833,-0.48383710130756724,0.5414270923269938,0.9090660412573516,0.43936940526277735,-0.019651307670008288,-0.2965809083784825,0.5557649858303664,-0.312351774404037,-0.25268174536579185,-0.861624205114944,0.48330180697085257,0.045618983230341976,0.7661856602245873,-0.02805339262728284,0.007128659390221842,0.16531948627370477,0.18644613253270587,0.8582275138663826,0.21308725173024365,0.3200632724757259,-0.022247036464138868,-0.0564451983588036,-0.08234807215252832,0.39418508974616095,-0.2923513370738227,-0.36960428152715924,0.056803100202761025,0.26230067847494043,-0.5003764011382352,1.1822898877981514,-0.1440366805562311,0.22271837838344288,0.48621421364771694,0.20423116681035644,-0.0030301700412846376,0.7223752809046542,-0.019406264898036128,-0.26873365903693425,0.01739004565588276,-0.1737825623290099,-0.6060317912463214,0.3102916271176555
-0.13844237075212526,-0.4412863790622852,0.8002501586927278,0.828592182760178,-1.1073988191933228,-1.8352505246473454,-0.945255883119581,0.051195413771314875,0.6682469540081365,-1.186257772648131,0.7611345411063808,0.4788787622928393,1.7496521859446852,-0.846273448694049,-0.013822646595077474,-1.4770690341996615,0.10926955425223302,0.015095123248505838,-0.38686725687530016,-0.11788593247634073,-1.6266586117483848,-0.5000247955919184,-0.7057357356040396,0.2549065845516866,0.13165102708220913,0.24751680829601622,-0.8376703332994878,0.479107865671403,0.7442085339829826,-0.29488136599516646,-0.5003764011382352,0.9657996751349747,-2.404723527316331,0.20002821782232613,-0.5036028630808727,-0.8763033807334842,-0.38510234506345165,0.022778480413134808,-1.4786939044355851,0.085189569779641,0.14835170533320993,0.06500885252482197,0.27805571961289716,1.1087533691082974,-0.40370525376877464
0.44683570708168585,2.645102113488351,-3.118622944092697,-0.8232812126224924,3.478667793564303,5.482529287074993,3.4829681505867103,-0.29193689598167327,-2.7572706008693584,4.25719719534151,-3.7038421307758242,-1.0795234318945373,-5.3215554982909845,1.0922942379138816,-0.8400215959841505,3.625745021615713,-0.8960160795877493,-0.34906280601479245,1.7471522988167223,-2.515424544417046,3.6812275929265907,2.269899000762984,2.7728221383724465,-3.0605970008389645,-0.593391240293619,-1.6362787449427973,2.9678924930569384,-0.19494294737690254,-2.196708652945778,2.870356393801614,1.1822898877981514,-2.404723527316331,7.3584150529753325,0.4332194396629469,2.0910047230493287,1.4488029725044194,0.8613316741753411,-0.2571766545090814,4.632369008288249,-0.7625288253193322,3.9191290312277016,-1.2936959254688263,-0.029133540386544574,-2.037887051338827,-1.2474430603012208
0.030039528083682713,1.0238672227705228,-0.6660556482507813,1.1496645171077504,0.3061894403883769,0.26133521337833027,0.6539259591299188,-0.1284180267379052,-0.6617998089741883,0.7047307814190876,-1.1645988087765806,0.20901648825534216,-0.29158978442935357,-0.9674623913855458,-0.692511023076791,-0.4077415977990628,-0.422307030453248,-0.19627418377166211,0.5052741290098413,-2.163715843016347,-0.6736092301609645,0.6680027434232031,0.6150140148492076,-1.7281121427251331,-0.17868438196667016,-0.7024009727513792,0.4820861269792684,0.8724302835623127,-0.07456092166835211,1.5337351991759627,-0.1440366805562311,0.20002821782232613,0.4332194396629469,0.7981736771615585,0.4964856358320385,-0.7617173113956193,-0.14655190780713967,-0.15463884921957713,0.3536390750736406,-0.39173133639667257,3.27337233275692,-0.8203443726054378,0.558478885848111,0.8178739969695271,-1.7769579883901752
0.13164716925090025,1.1915671985304972,-1.1221440495859072,0.3603663789957373,1.0294385809442765,1.5197290289576513,1.2035266554988306,-0.13389008656927764,-1.0314122093010814,1.43096370571028,-1.525943465076392,-0.1720233868229972,-1.5013409386839325,-0.20520175506000274,-0.5516076279498638,0.7212132844111027,-0.4436160271845297,-0.19538057685276158,0.6939621857696628,-1.7141536007017686,0.6000169167096377,0.9063269852663755,1.006747961371792,-1.649234460591553,-0.23747364951566333,-0.7675029650986921,0.9903763890013094,0.38418069907695684,-0.5965130962896056,1.4955830195798243,0.22271837838344288,-0.5036028630808727,2.0910047230493287,0.4964856358320385,0.782246544333002,-0.012100665180460275,0.14069939376818993,-0.14027311026073497,1.355054482486748,-0.38968583182643174,2.6273278492709067,-0.7418908513098166,0.27321092142179904,-0.11109048728847329,-1.2078779723489206
0.07817159117823974,-0.469723773298325,-0.0796895877059395,-1.5049275365340862,0.5890585461086782,1.1630363563538135,0.19928607502196435,0.059376796740280055,0.0167037542774519,0.3365043264975933,0.33884352883983115,-0.516965381208273,-1.0724539972823803,1.378754023906293,0.5435869564726552,1.4120715681261995,0.24859416876354876,0.14509352878038062,-0.10313138250836665,1.7625516331652733,1.7306305389762777,-0.14445613044911348,0.04993249548801413,1.1544245821105743,0.03952788082865462,0.36103192894575264,0.2507695113259876,-1.03144956924617,-0.4947469980253194,-0.970099425136221,0.48621421364771694,-0.8763033807334842,1.4488029725044194,-0.7617173113956193,-0.012100665180460275,1.241671481322568,0.4021741059707863,0.1018746028267523,0.8240417747400551,0.24050275635941834,-2.6465849332670612,0.5893152381251502,-0.6404394997907301,-1.4572870646469704,1.6793725008937244
0.04830121354175129,0.06464325798831345,-0.23879722954164606,-0.41963721785116065,0.390630797145341,0.6672021118966267,0.296963377870502,-0.009260416072589196,-0.18744477119926556,0.38079244984857824,-0.17349381732057864,-0.19954607483378903,-0.6287310928471258,0.41050648190053274,0.0683797506690325,0.5929927020813298,0.001329970305220854,0.01713687969619774,0.09852041327617159,0.2491516678205258,0.6765632420807094,0.12553640509670014,0.20851104022837905,0.07284834794580035,-0.033398972368386556,-0.026124769424460712,0.2702700065070694,-0.26235704890710804,-0.27271238746847287,-0.03558272274400173,0.20423116681035644,-0.38510234506345165,0.8613316741753411,-0.14655190780713967,0.14069939376818993,0.4021741059707863,0.1614097340482503,0.005253558579643853,0.5221368728860377,0.005310140058774391,-0.36737627404860446,0.05502846524714618,-0.15872041333734016,-0.49512367999818674,0.3234217901925758
-0.0162235201865389,-0.24859860191849575,0.19602681350352855,-0.18709850347428597,-0.140124349247413,-0.18076883952998132,-0.20286983425073385,0.03038227714224126,0.1863387889641858,-0.23074234128909413,0.2998735833392668,-0.011381449020282439,0.18207728403716705,0.14762087100670035,0.14538516535536877,-0.01481685530669943,0.0977385866006042,0.043588253397904904,-0.13363698781400735,0.4510830156935443,0.031613507500266404,-0.17570876430198965,-0.17845011459871746,0.38552835953379005,0.046701154492480586,0.16634984604903283,-0.15923565590429298,-0.1524290656521162,0.06693449432025136,-0.34613342665755364,-0.0030301700412846376,0.022778480413134808,-0.2571766545090814,-0.15463884921957713,-0.14027311026073497,0.1018746028267523,0.005253558579643853,0.03418128706273396,-0.17652855153729685,0.0891288594735529,-0.6850565640837685,0.17916291088926223,-0.09980789406934694,-0.0976559092262278,0.3502792321096208
0.2816616314187668,1.7550250062713362,-2.0137246648502494,-0.393573297727141,2.2010399728123553,3.445465837995529,2.23994814330256,-0.19571915937544845,-1.787602472761274,2.727721559501681,-2.4299359846657493,-0.651297628409139,-3.3477911803291813,0.580390725972745,-0.5959961337623503,2.2178620136320726,-0.6022455981663937,-0.23743364271550912,1.1419671909198224,-1.7932562765083604,2.225193700404154,1.4846680801272754,1.7927921879870121,-2.0872287605734328,-0.38860083228552755,-1.093230708108191,1.9004408191839954,-0.030644327846707668,-1.37732471421007,1.9489245277378415,0.7223752809046542,-1.4786939044355851,4.632369008288249,0.3536390750736406,1.355054482486748,0.8240417747400551,0.5221368728860377,-0.17652855153729685,2.9247822480914225,-0.5161716758354503,2.783656980817975,-0.8917214329222163,0.03975987565974425,-1.1856077060126884,-0.9620878135013762
-0.05022908095104965,-0.6782648406084052,0.5418503306143931,-0.4634542933880478,-0.4003848755469644,-0.5345477297120291,-0.5604434528873157,0.0784318700304958,0.5142886901596528,-0.646637182737093,0.8200037981107333,-0.012473068267393462,0.5413589350072445,0.3621630963247838,0.37713904899297684,-0.09041956328110176,0.2661550754614153,0.12282007203262095,-0.3639958161474003,1.1833413352778757,0.029140283258047392,-0.47708343964367833,-0.4903514910420694,1.0343851569804585,0.1255037340463618,0.44877350327167254,-0.4440655614972505,-0.3856863164147143,0.2023318438607437,-0.9247051431179132,-0.019406264898036128,0.085189569779641,-0.7625288253193322,-0.39173133639667257,-0.38968583182643174,0.24050275635941834,0.005310140058774391,0.0891288594735529,-0.5161716758354503,0.23870547448715598,-1.8027754420964957,0.47873346171968717,-0.2560891103842598,-0.22007477923069313,0.9153008352595763
0.2692878593065557,4.943447401439184,-3.5768883981634474,4.367072358263777,2.2061728414542148,2.6295869679429718,3.60530243875478,-0.5777923152124845,-3.4720625287324474,4.066300338347544,-5.7911716074496935,0.5154344235782476,-2.746461172811944,-3.578234796059699,-2.991860024399762,-0.5661044408347388,-1.991802451873942,-0.941686725271011,2.532656626235471,-9.421070633697527,-1.6350041445723902,3.3303913009577575,3.2584345070444467,-7.905001685501398,-0.8785693948244659,-3.3135196668823035,2.7818591462214304,3.448124324709884,-0.9474075449463486,7.019481355632517,-0.26873365903693425,0.14835170533320993,3.9191290312277016,3.27337233275692,2.6273278492709067,-2.6465849332670612,-0.36737627404860446,-0.6850565640837685,2.783656980817975,-1.8027754420964957,14.315656883367046,-3.7032518779623493,2.2518815803629115,2.691662098576282,-7.5444308393796575
-0.08801970971312957,-1.3404521082067662,1.0185350934377329,-1.0389593180813665,-0.693841412866584,-0.8883334382321662,-1.0391015979550582,0.1534229596294847,0.9779064062338974,-1.1899100013626722,1.5936046610741508,-0.0783379201372776,0.9137624581387912,0.8347423027482938,0.7710755199172951,-0.02169909871923306,0.5335859751158671,0.25195065804204336,-0.7008658159273602,2.432287932194355,0.24035725820251727,-0.9193283791702803,-0.9233386303888478,2.089769296859612,0.2415006932050364,0.8905374343622298,-0.8142779280309076,-0.8415267938793066,0.33130539145339816,-1.8587362452704959,0.01739004565588276,0.06500885252482197,-1.2936959254688263,-0.8203443726054378,-0.7418908513098166,0.5893152381251502,0.05502846524714618,0.17916291088926223,-0.8917214329222163,0.47873346171968717,-3.7032518779623493,0.9728295352492906,-0.555239346525696,-0.5731544497315345,1.9181672181093563
0.005035840778462888,0.6478220472976752,-0.3414162315694455,0.8937055892155225,0.04830528190373473,-0.07832912929065428,0.3073128785010968,-0.07554249192587327,-0.3603707153003434,0.314997614656067,-0.6942918733293387,0.20616544734038775,0.03738857972166425,-0.7765137904969148,-0.46596000099473206,-0.47741931530882736,-0.27914919537782784,-0.14192974953690238,0.2891692800878613,-1.487290267888289,-0.6824302062889185,0.3827350563528789,0.3172306148157379,-1.1548125598742445,-0.1010089797205999,-0.4466867606103881,0.2088594678810345,0.6593188176594119,0.050149368881873047,1.0070924924148204,-0.1737825623290099,0.27805571961289716,-0.029133540386544574,0.558478885848111,0.27321092142179904,-0.6404394997907301,-0.15872041333734016,-0.09980789406934694,0.03975987565974425,-0.2560891103842598,2.2518815803629115,-0.555239346525696,0.42156557825041086,0.7089528829407904,-1.2729309527722308
-0.11390726036121485,0.36077180040915324,0.2728114217318812,1.71195715835091,-0.8561381636166008,-1.6095243119423814,-0.42608793559977226,-0.04840055978425111,0.14438448050446345,-0.6248200037874532,-0.1543331909017806,0.6358656480990897,1.5007548368999808,-1.5876776243961008,-0.5521899544871166,-1.7752762280690249,-0.2205888545215889,-0.13875005066926815,0.010250743162962839,-1.7991423911349806,-2.1311719520790917,0.02614975466520167,-0.21845449211153153,-1.0923075510266147,-0.009052540840017437,-0.30085121951796107,-0.45139400624982323,1.150663052003359,0.677463852895284,0.9010404453972277,-0.6060317912463214,1.1087533691082974,-2.037887051338827,0.8178739969695271,-0.11109048728847329,-1.4572870646469704,-0.49512367999818674,-0.0976559092262278,-1.1856077060126884,-0.22007477923069313,2.691662098576282,-0.5731544497315345,0.7089528829407904,1.7317241215191754,-1.780898441266792
-0.09535599858226097,-2.443270638485363,1.6034516129184808,-2.5628627463118234,-0.7812356375367723,-0.7601656834533962,-1.5678078550200272,0.2835682288182983,1.594427932600065,-1.7300081720438865,2.7783238957702614,-0.42994713229036696,0.8527374124838835,2.1570624771414066,1.5687502783669696,0.7903182400244002,1.0079664339659717,0.49123937279611785,-1.1954240876945303,4.970787908367845,1.401553174884559,-1.5750758452194724,-1.4680361034491547,4.056542223811925,0.41512596187190975,1.6519422598138234,-1.174709833720514,-1.9651058397797867,0.24669962927663436,-3.576541767217021,0.3102916271176555,-0.40370525376877464,-1.2474430603012208,-1.7769579883901752,-1.2078779723489206,1.6793725008937244,0.3234217901925758,0.3502792321096208,-0.9620878135013762,0.9153008352595763,-7.5444308393796575,1.9181672181093563,-1.2729309527722308,-1.780898441266792,4.08702140121545
