V1,V2,V3,V4,V5,V6,V7,V8,V9,V10,V11,V12,V13,V14,V15,V16,V17,V18,V19,V20,V21,V22,V23,V24,V25,V26,V27,V28,V29,V30,V31,V32,V33,V34,V35,V36,V37,V38,V39,V40,V41,V42,V43,V44,V45
1.197357388723452,-0.3472805535932266,-0.5525912984963056,-1.2508949480528013,0.8279655254635427,0.7487022535642575,0.26253769862165866,-2.802994029539421,-2.340832238981006,-0.6415952681840859,-0.6470157042002773,-0.24254993000579772,-0.38954332879056264,-0.9744515215092198,0.24978208247054298,0.7401902734374379,1.4274549489974127,-0.47772638649796506,-0.36304512447390125,-1.2757778185101465,-0.5702131107002422,-0.14413226048442454,1.0290499470001369,-0.5546183046932862,1.3015811592202529,-1.1531211497276805,0.2093254867169407,0.10501221279019574,-0.6090385798487428,0.9176219949434441,-0.3203412637879975,1.5759951198508082,1.6661264891817285,0.9574530287816382,-0.3678926569360917,-1.9889730567984978,-0.31839658237627183,-1.1013306705536405,1.7722277301968725,1.3760501989614262,-0.9132919717218837,0.7593923380562846,-0.35854858069983364,0.3138739482449272,1.4404218626976222
-0.3472805535932266,0.4686654227930542,0.2452768283591932,1.4673185267850366,0.2805848306871067,-0.7200240393057726,-0.5331646571204016,0.2958164660412529,0.17253875978060035,0.46325893534082657,1.1765663345848312,-0.53617768059274,0.5887630301936619,1.3015013599825342,0.030708931415028142,-0.29685040687270564,0.1996265735625507,-0.2588435859010727,0.20243633980290138,0.5734585504476667,0.22579753719341883,-0.1827801736697088,-0.559931932995649,0.4130258615151784,-0.9175959006646918,1.0119604136111007,-0.6992015987697925,0.22156902765802508,0.18091775350629025,-0.31465181295624745,0.5763853653311707,-0.7613933289564434,-1.0657821886671572,0.22693750390226175,-0.32800244280255975,-0.32357849620988743,0.7592851208732645,-0.715786947222758,-0.9052896572285299,-0.6917506148637089,-0.6932322341470027,-0.772834393004627,0.25923611217008263,-1.4463208814562014,0.04732476293270825
-0.5525912984963056,0.2452768283591932,0.27472688032440556,0.8320398171370283,-0.2620106602097048,-0.46185670563994946,-0.2265182528696601,1.1746049696535739,0.9640932751651978,0.36074776968747846,0.5268950960969054,-0.028196107535862953,0.28934837829263804,0.6846074654328964,-0.09129244987475338,-0.360481734217625,-0.5171593154383741,0.12881986034717996,0.18982683074669582,0.6355572198596526,0.27700909259878925,0.014821857880968046,-0.5348015834682102,0.31424744401872456,-0.725010672353645,0.6882495818918807,-0.24385490884141742,0.009799755301630917,0.2820432735193423,-0.43491987819777167,0.2584769072382837,-0.7975058053528781,-0.9031776922927617,-0.3256604838167216,0.06953970861892401,0.710525817792704,0.3004271138625197,0.27005845369550874,-0.9084564362037157,-0.702314228036136,0.20034675456802445,-0.47815891003757005,0.2010878141537584,-0.4574811217456015,-0.5572838259270865
-1.2508949480528013,1.4673185267850366,0.8320398171370283,4.630848932741402,0.7020836500009819,-2.2902551161641838,-1.6505562824460749,1.3676160238514452,0.9116280432111152,1.4927826463042808,3.6470869125383025,-1.5682556820629348,1.8409696987187787,4.086499728952978,0.046092126746423365,-1.0206340435731565,0.35340604233132505,-0.6968640463533808,0.6745641304290575,1.945915485103251,0.7785508761988645,-0.5276105795977352,-1.8689140466680167,1.3365210691138898,-2.9877685598652457,3.247050615146593,-2.1398804621193745,0.6461196985337525,0.65054711267628,-1.1016988344387553,1.8025624003084422,-2.562016131564791,-3.4954384447244817,0.5215530470662791,-0.924172081526195,-0.6352623934852867,2.344635288823154,-1.9725860574966956,-3.023293961087873,-2.3218838238753015,-1.9266282758909086,-2.4537898182632056,0.845149899714387,-4.405406910132549,-0.10811861936432356
0.8279655254635427,0.2805848306871067,-0.2620106602097048,0.7020836500009819,1.3118214549590925,-0.19365147707818348,-0.46718681924027716,-2.674117977217725,-2.341593203906705,-0.055291176224098806,0.9537496782939991,-1.0265169626027986,0.4064934740782372,0.7730716655903321,0.3179285622935841,0.39556022303964056,1.85687032760599,-0.8941270623171484,-0.11171543745617414,-0.5932902941756425,-0.3081600327971664,-0.4190032149931425,0.3373682730388621,-0.026409504127680665,0.13263495623055158,0.16510573518821364,-0.761199652754321,0.42935765720164987,-0.41457076318575115,0.5669072307489239,0.46976528040846877,0.6580310317182455,0.32472361069973465,1.379656344981741,-0.8715114811764542,-2.6544853940072075,0.7282766866393513,-2.233741977371233,0.6729460309354539,0.5346813747024184,-1.9902338370389685,-0.2580339354639244,-0.02594097138880659,-1.7055978926674913,1.6546000911022394
0.7487022535642575,-0.7200240393057726,-0.46185670563994946,-2.2902551161641838,-0.19365147707818348,1.1566243106402296,0.7878871177750609,-1.0487400031645961,-0.7755641287176442,-0.783447789609998,-1.756085318908724,0.6770896273418272,-0.8923374827067638,-1.9998873436160542,0.014060211155755876,0.5752300033631926,0.05475587586172036,0.24372790240237668,-0.3587670897730601,-1.0755548921462998,-0.4389303393607155,0.2154240345958525,0.998472163510756,-0.6917566583858864,1.5507064379608846,-1.6450243891859133,1.0028613563444946,-0.279160536476197,-0.3863888418645887,0.6408918360026618,-0.8565511193478099,1.4016741895620712,1.836960600569121,-0.08929426339349032,0.36322140264712904,-0.0159681641096846,-1.1079715900755474,0.7221222173472752,1.644382300240687,1.2590811506645838,0.7379559236936917,1.2305716578362538,-0.4351111380993247,2.0467801508384196,0.26520159790607006
0.26253769862165866,-0.5331646571204016,-0.2265182528696601,-1.6505562824460749,-0.46718681924027716,0.7878871177750609,0.6279815657416996,0.03163210026057201,0.12282651745850935,-0.4796959907376863,-1.371201799302114,0.7007507487492142,-0.6792765451382681,-1.4845350146457619,-0.07168327757795508,0.2650344436414003,-0.45037680460016993,0.3901258875079023,-0.20214477304487022,-0.5336726823520704,-0.20108505025005058,0.24971218368893427,0.5547649637050641,-0.4348618840321504,0.9593540682403212,-1.098819479148275,0.8409552704661573,-0.289530760734873,-0.13981673745506557,0.260215951890905,-0.6790795825688726,0.7247566691056416,1.0918452201090767,-0.4206000142129738,0.46118209821617123,0.6873478124678021,-0.9034331336861924,1.052595335879243,0.8734849316487276,0.667911810023953,0.9919378104891361,0.8534333745585959,-0.2737943551431283,1.7564635362396572,-0.2621410316676342
-2.802994029539421,0.2958164660412529,1.1746049696535739,1.3676160238514452,-2.674117977217725,-1.0487400031645961,0.03163210026057201,7.302160061943873,6.209302261790737,1.1246372772838342,0.12154013475985602,1.4215667797605036,0.23634215694301391,0.8382769451675313,-0.726431442580648,-1.6189078685840386,-4.208901595104611,1.6806021572753163,0.7082361794352735,2.6994645937261965,1.2491826515162512,0.657895344667777,-2.030134940243836,0.9443470502215081,-2.2808124075380447,1.7381194587667088,0.41226485697795495,-0.5998629975882974,1.4189328210481298,-2.0830690096806244,0.051299929135983344,-3.2618037885707687,-3.0752507172291237,-2.959205336675157,1.4770005969667408,5.935909089876462,-0.2040690524168763,4.051628291501876,-3.6044837728718657,-2.8031437103477073,3.4901461914932574,-1.0003147703471014,0.6149266687808566,1.181409908726524,-4.027164541232448
-2.340832238981006,0.17253875978060035,0.9640932751651978,0.9116280432111152,-2.341593203906705,-0.7755641287176442,0.12282651745850935,6.209302261790737,5.299574412605414,0.8915995584291978,-0.09989683979012122,1.3107540068858456,0.09650327145520879,0.485594549336311,-0.6252276132847246,-1.3345119176480666,-3.6410825120829777,1.4863693887111509,0.568741098514719,2.2115047648685597,1.0298296226275336,0.5986687776208017,-1.635557236990905,0.7375322563936478,-1.7904665211948625,1.3073138388791758,0.4769113478152219,-0.5510222920095672,1.1824397668401676,-1.7318306230068476,-0.06876370230810137,-2.660769881169928,-2.4454613900499615,-2.5792901682529195,1.3243452325173073,5.147330214492059,-0.3135166792791529,3.6059328346652775,-2.933318818226732,-2.277415302404047,3.111994713109685,-0.7221434226384859,0.47841396651516016,1.2678065353865142,-3.457788383893416
-0.6415952681840859,0.46325893534082657,0.36074776968747846,1.4927826463042808,-0.055291176224098806,-0.783447789609998,-0.4796959907376863,1.1246372772838342,0.8915995584291978,0.5669701038480951,1.0896001533762079,-0.3257622644491305,0.5597652220924042,1.277761851147106,-0.05191417314187243,-0.45835674552800626,-0.30638756852537175,-0.03966597280947546,0.26268581472697733,0.8347838165467611,0.3495677907275118,-0.08599436215116257,-0.7367607693048176,0.4876052000591722,-1.0966759026385262,1.1177591729388732,-0.5882679014814082,0.13478344453597638,0.32779444115828116,-0.5317101813915059,0.5142099079665994,-1.0727829919995375,-1.3248289270428195,-0.1419617189296069,-0.1256225442701937,0.40121988796648317,0.6599608811782643,-0.16937770974972388,-1.249500218229393,-0.9507414698878477,-0.227697191311794,-0.8227655660907659,0.30286091483079197,-1.1784487891227304,-0.4223500591389024
-0.6470157042002773,1.1765663345848312,0.5268950960969054,3.6470869125383025,0.9537496782939991,-1.756085318908724,-1.371201799302114,0.12154013475985602,-0.09989683979012122,1.0896001533762079,3.0099772905224715,-1.4992797941499334,1.4914518817152367,3.2680748471986982,0.14153859963982623,-0.6207604207301239,0.8790911332627327,-0.8107242295794984,0.4583290526309156,1.2376281515298047,0.4712934109542417,-0.5261049766181322,-1.262465816951135,0.9774930483419871,-2.158052413452884,2.4466047089635565,-1.831083598128755,0.6211066789437126,0.34005721434050845,-0.6252208138603379,1.4775465130576348,-1.6703911355381438,-2.468167202321511,0.8408992469192652,-0.9708367405032104,-1.349473947415433,1.9680387529681567,-2.1924216497264895,-2.008751228420712,-1.5327897272392943,-2.083654799263709,-1.8954953827054788,0.6125587551079242,-3.816030277805947,0.4716474443190938
-0.24254993000579772,-0.53617768059274,-0.028196107535862953,-1.5682556820629348,-1.0265169626027986,0.6770896273418272,0.7007507487492142,1.4215667797605036,1.3107540068858456,-0.3257622644491305,-1.4992797941499334,1.0492374644218827,-0.7059927636946631,-1.4833715624100516,-0.2202565448655111,-0.014687198941615513,-1.3011897882255585,0.7522314408403334,-0.0871388622786506,-0.07686278978725342,0.015845954952894016,0.4000725153264445,0.2235158584879996,-0.3033364636678077,0.6271089726076718,-0.8842119905608752,1.0104942141866042,-0.43664676001786623,0.11605933898116484,-0.10608589695524875,-0.7337103301650612,0.18234146305465873,0.6233657170835614,-1.026767797008457,0.7916449472652145,1.8885351404885102,-1.0360444161670823,1.9313534540583548,0.2855276100107971,0.2041715697624858,1.7649955917396818,0.7573426808036939,-0.18388287491227948,2.171598185020785,-1.0587898404723202
-0.38954332879056264,0.5887630301936619,0.28934837829263804,1.8409696987187787,0.4064934740782372,-0.8923374827067638,-0.6792765451382681,0.23634215694301391,0.09650327145520879,0.5597652220924042,1.4914518817152367,-0.7059927636946631,0.7465201377863268,1.6414430170592322,0.04981898419784895,-0.34732899009458956,0.33125851965951736,-0.3605493204335992,0.2464584735258676,0.6800290159120339,0.264782658138967,-0.24635714672614023,-0.6800681181598826,0.5063621976607415,-1.1271006799747507,1.257515841533642,-0.8969788215793,0.29132301797940896,0.20422947934767083,-0.3591257863047045,0.7419972406517901,-0.9073226163913612,-1.2996343068392278,0.3459831376418535,-0.44503245433878047,-0.5254360911752416,0.9736214416790463,-0.9921040934463804,-1.0801195516952093,-0.8307849389456001,-0.94490536796482,-0.9618960069037866,0.32087251515951765,-1.861441439715459,0.1330554830270805
-0.9744515215092198,1.3015013599825342,0.6846074654328964,4.086499728952978,0.7730716655903321,-1.9998873436160542,-1.4845350146457619,0.8382769451675313,0.485594549336311,1.277761851147106,3.2680748471986982,-1.4833715624100516,1.6414430170592322,3.6268753785797045,0.07914756940638967,-0.8301479022298855,0.5410261981760317,-0.7151185162029258,0.5693399855481754,1.6040098245007663,0.6330769242663538,-0.5095172230431886,-1.5726266698699412,1.1497879472439754,-2.5625071240158865,2.8246479021448314,-1.9437561399608978,0.6118813894344617,0.5091633911682462,-0.878173745780954,1.6191430099421935,-2.1273778359839324,-2.976313193031847,0.6270222929460234,-0.9090682248950527,-0.8875236706423566,2.1182812129135713,-1.989496922375748,-2.5220173028087887,-1.937181729991376,-1.9157351682490575,-2.1499637039101454,0.7276595808852145,-4.0195748510982146,0.11650924614751383
0.24978208247054298,0.030708931415028142,-0.09129244987475338,0.046092126746423365,0.3179285622935841,0.014060211155755876,-0.07168327757795508,-0.726431442580648,-0.6252276132847246,-0.05191417314187243,0.14153859963982623,-0.2202565448655111,0.04981898419784895,0.07914756940638967,0.0827572703623836,0.1317078523359821,0.46889334468140814,-0.2102917424344949,-0.049793612694421584,-0.21004186516050585,-0.102777390729174,-0.09127367201104775,0.14486300741197936,-0.044750909198832615,0.12246388933232807,-0.05378311789143224,-0.13417201991126687,0.09296270275148519,-0.12618368176382644,0.17677288336457941,0.06250670370236283,0.24379449120467026,0.1859977514286981,0.3388492966122363,-0.1973794011325785,-0.6633713575144657,0.11667423006370943,-0.5139898955535349,0.25885349714734723,0.20720424944419455,-0.458217473781332,0.0028990266746189604,-0.03295107218908145,-0.3116613207086846,0.4307977029096129
0.7401902734374379,-0.29685040687270564,-0.360481734217625,-1.0206340435731565,0.39556022303964056,0.5752300033631926,0.2650344436414003,-1.6189078685840386,-1.3345119176480666,-0.45835674552800626,-0.6207604207301239,-0.014687198941615513,-0.34732899009458956,-0.8301479022298855,0.1317078523359821,0.4773953079484417,0.7462317477455986,-0.20673483192330666,-0.2456394231805634,-0.83525881545838,-0.3666605351972198,-0.03886583783194669,0.6944646077698837,-0.3992327077662575,0.9259995757751357,-0.8648386441673839,0.27211308699724746,0.009083793434426527,-0.3776943143335014,0.5778269480557543,-0.30700773469708054,1.0433869325324583,1.1603884654990768,0.4794241471763497,-0.130692540346523,-1.0291414774847756,-0.34597770456466015,-0.4491066991639338,1.1840414648567659,0.9162674427190971,-0.351084192705554,0.5926534804235445,-0.25591123757306466,0.49628797654973233,0.7872014283663336
1.4274549489974127,0.1996265735625507,-0.5171593154383741,0.35340604233132505,1.85687032760599,0.05475587586172036,-0.45037680460016993,-4.208901595104611,-3.6410825120829777,-0.30638756852537175,0.8790911332627327,-1.3011897882255585,0.33125851965951736,0.5410261981760317,0.46889334468140814,0.7462317477455986,2.7270207066438816,-1.2335490114790062,-0.2690650609911015,-1.181484460110266,-0.5789265488698128,-0.5478966484521648,0.7871034554160221,-0.2407810747679898,0.6487987886520344,-0.24198370605474295,-0.8168761897521593,0.5455761110256493,-0.718746318112376,1.0140466083921884,0.43037638927774763,1.3715763718129008,1.0126960902120292,1.9859176268621417,-1.1651943448113569,-3.877749315631715,0.7365450215749334,-3.0453267983678165,1.462222459997328,1.1502946965289942,-2.6887276943974316,-0.016695594270479,-0.16645142626617035,-1.8899845592938438,2.4935797404233693
-0.47772638649796506,-0.2588435859010727,0.12881986034717996,-0.6968640463533808,-0.8941270623171484,0.24372790240237668,0.3901258875079023,1.6806021572753163,1.4863693887111509,-0.03966597280947546,-0.8107242295794984,0.7522314408403334,-0.3605493204335992,-0.7151185162029258,-0.2102917424344949,-0.20673483192330666,-1.2335490114790062,0.6212922486286646,0.03849351734029068,0.2887862452940235,0.16210251649024984,0.3016817637543668,-0.12488824218556765,-0.051064430108118876,0.06640930233041464,-0.2747691952584477,0.6078640004504798,-0.31376914455103083,0.23780977511334295,-0.31471047081431336,-0.4007121307938326,-0.29986567526269753,-0.03333635870319776,-0.9297095583663639,0.6176698275857525,1.7700998182950385,-0.5968881846228693,1.5631514032914449,-0.28606503616804,-0.23082812372098463,1.400987920570058,0.294710496803728,-0.026338528814080532,1.3421046668879801,-1.0774726423809071
-0.36304512447390125,0.20243633980290138,0.18982683074669582,0.6745641304290575,-0.11171543745617414,-0.3587670897730601,-0.20214477304487022,0.7082361794352735,0.568741098514719,0.26268581472697733,0.4583290526309156,-0.0871388622786506,0.2464584735258676,0.5693399855481754,-0.049793612694421584,-0.2456394231805634,-0.2690650609911015,0.03849351734029068,0.13793696846144657,0.44099028715328414,0.189253093112082,-0.017657676479200746,-0.3856309874390093,0.23470850971532148,-0.5399728320828836,0.5323657313693562,-0.2340529968373511,0.034561865188157015,0.1864152302441518,-0.28990256615684973,0.23254009965256742,-0.5584800786987638,-0.6617260070635886,-0.15342235800510168,-0.00521113990194379,0.35988288932835516,0.2775738179896716,0.05301641434718151,-0.6385329201603811,-0.4971787898830837,0.02157963168181027,-0.37679729079373614,0.15230758189892257,-0.45754586473470266,-0.313393892498796
-1.2757778185101465,0.5734585504476667,0.6355572198596526,1.945915485103251,-0.5932902941756425,-1.0755548921462998,-0.5336726823520704,2.6994645937261965,2.2115047648685597,0.8347838165467611,1.2376281515298047,-0.07686278978725342,0.6800290159120339,1.6040098245007663,-0.21004186516050585,-0.83525881545838,-1.181484460110266,0.2887862452940235,0.44099028715328414,1.473752560814935,0.642015746225804,0.028876841112135218,-1.243752998903618,0.7303757420421662,-1.688341773742446,1.6058051437018503,-0.5775035108568037,0.0272923089914666,0.6511768822465093,-1.0034998776929835,0.6135920757711981,-1.8489196478554009,-2.099160372641134,-0.739867687984013,0.15103171433794763,1.6188295038129021,0.7108177489600158,0.5966746466068527,-2.104854120488302,-1.6301775406607997,0.44244149143958855,-1.1143605733557296,0.4687317114557668,-1.08616488428853,-1.2781719305569488
-0.5702131107002422,0.22579753719341883,0.27700909259878925,0.7785508761988645,-0.3081600327971664,-0.4389303393607155,-0.20108505025005058,1.2491826515162512,1.0298296226275336,0.3495677907275118,0.4712934109542417,0.015845954952894016,0.264782658138967,0.6330769242663538,-0.102777390729174,-0.3666605351972198,-0.5789265488698128,0.16210251649024984,0.189253093112082,0.642015746225804,0.2822194412934929,0.03127896494164528,-0.5346852321774809,0.3055379016326368,-0.7100575614244939,0.6619766265706504,-0.20524721057419312,-0.008695445765763334,0.29076735330705616,-0.4444374661103916,0.23476420550756022,-0.8013687746224769,-0.8901249505596052,-0.3721494002401003,0.10331660041356248,0.7977472393612223,0.26300209159789023,0.3516119115442511,-0.908396526988441,-0.704594872262741,0.27705862369669915,-0.4520546068988837,0.1969001813189722,-0.37338211281060485,-0.6098723370614857
-0.14413226048442454,-0.1827801736697088,0.014821857880968046,-0.5276105795977352,-0.4190032149931425,0.2154240345958525,0.24971218368893427,0.657895344667777,0.5986687776208017,-0.08599436215116257,-0.5261049766181322,0.4000725153264445,-0.24635714672614023,-0.5095172230431886,-0.09127367201104775,-0.03886583783194669,-0.5478966484521648,0.3016817637543668,-0.017657676479200746,0.028876841112135218,0.03127896494164528,0.15723514669053928,0.040036535769278125,-0.08700426745359342,0.17565772969850377,-0.27910027388227665,0.3663231867173202,-0.16575216542160312,0.06958189779025108,-0.08209934186119736,-0.2651483823371392,-0.0036973705127157706,0.157692004426465,-0.42710038786455634,0.311546198707891,0.7943429265788217,-0.3738916125878492,0.7725381462600491,0.023431382979099517,0.015489204361658656,0.6965831416805137,0.24643352977287922,-0.054038788318754104,0.7935819143385414,-0.4578914027659659
1.0290499470001369,-0.559931932995649,-0.5348015834682102,-1.8689140466680167,0.3373682730388621,0.998472163510756,0.5547649637050641,-2.030134940243836,-1.635557236990905,-0.7367607693048176,-1.262465816951135,0.2235158584879996,-0.6800681181598826,-1.5726266698699412,0.14486300741197936,0.6944646077698837,0.7871034554160221,-0.12488824218556765,-0.3856309874390093,-1.243752998903618,-0.5346852321774809,0.040036535769278125,1.0818408255792593,-0.6556541132749951,1.5106245894622707,-1.4821998271216728,0.6388573464814852,-0.08849023761334521,-0.5271848919229218,0.8198338840639481,-0.6385267513606233,1.5722369512317795,1.8527005981876308,0.45633026319570047,-0.0029569997066517324,-1.0563333838677051,-0.7597300105688092,-0.192249667042297,1.7970177513934946,1.3980846303065424,-0.09885253036974659,1.0457985030954637,-0.4242368252349061,1.2439106036489285,0.9069550295104977
-0.5546183046932862,0.4130258615151784,0.31424744401872456,1.3365210691138898,-0.026409504127680665,-0.6917566583858864,-0.4348618840321504,0.9443470502215081,0.7375322563936478,0.4876052000591722,0.9774930483419871,-0.3033364636678077,0.5063621976607415,1.1497879472439754,-0.044750909198832615,-0.3992327077662575,-0.2407810747679898,-0.051064430108118876,0.23470850971532148,0.7303757420421662,0.3055379016326368,-0.08700426745359342,-0.6556541132749951,0.42987230380627,-0.9729728045544216,0.9983876102923174,-0.5346434355433363,0.12414464807403444,0.2851342356134456,-0.458432967601513,0.4793265426172935,-0.93882627094077,-1.1710949311718812,-0.09767494216229165,-0.1275014917724772,0.3045436112027658,0.604356446628294,-0.19904060659110778,-1.0893291034680666,-0.8378550523526125,-0.23381950780974944,-0.7308705312278098,0.2723978458619129,-1.0742404120586182,-0.34845372915246586
1.3015811592202529,-0.9175959006646918,-0.725010672353645,-2.9877685598652457,0.13263495623055158,1.5507064379608846,0.9593540682403212,-2.2808124075380447,-1.7904665211948625,-1.0966759026385262,-2.158052413452884,0.6271089726076718,-1.1271006799747507,-2.5625071240158865,0.12246388933232807,0.9259995757751357,0.6487987886520344,0.06640930233041464,-0.5399728320828836,-1.688341773742446,-0.7100575614244939,0.17565772969850377,1.5106245894622707,-0.9729728045544216,2.2143531489034887,-2.2551407461919943,1.1688306484934101,-0.2554318471688065,-0.6686532054219929,1.0661233327693755,-1.072285530511527,2.1617179647817446,2.6713826465050694,0.2948447813513393,0.24092156529462372,-0.8313695529789132,-1.3335960866286865,0.33553697479265115,2.4986974844349303,1.9310909394265876,0.4172208454475811,1.6369932667918499,-0.621293762976376,2.3384829598344097,0.8831745827805773
-1.1531211497276805,1.0119604136111007,0.6882495818918807,3.247050615146593,0.16510573518821364,-1.6450243891859133,-1.098819479148275,1.7381194587667088,1.3073138388791758,1.1177591729388732,2.4466047089635565,-0.8842119905608752,1.257515841533642,2.8246479021448314,-0.05378311789143224,-0.8648386441673839,-0.24198370605474295,-0.2747691952584477,0.5323657313693562,1.6058051437018503,0.6619766265706504,-0.27910027388227665,-1.4821998271216728,0.9983876102923174,-2.2551407461919943,2.3671874693359234,-1.3818408694264803,0.362046337048834,0.5957650978429944,-0.9701841687035884,1.2166097430094733,-2.07993118863001,-2.683444691169499,0.014269654144596841,-0.4497844037384094,0.24650919948287717,1.5453099991510342,-0.86209390115718,-2.4240551751019748,-1.870376459685063,-0.8890562597910734,-1.7499264718898642,0.6359489433166841,-2.8072436273181554,-0.530319200412625
0.2093254867169407,-0.6992015987697925,-0.24385490884141742,-2.1398804621193745,-0.761199652754321,1.0028613563444946,0.8409552704661573,0.41226485697795495,0.4769113478152219,-0.5882679014814082,-1.831083598128755,1.0104942141866042,-0.8969788215793,-1.9437561399608978,-0.13417201991126687,0.27211308699724746,-0.8168761897521593,0.6078640004504798,-0.2340529968373511,-0.5775035108568037,-0.20524721057419312,0.3663231867173202,0.6388573464814852,-0.5346434355433363,1.1688306484934101,-1.3818408694264803,1.1473767693664731,-0.41883895729851445,-0.11432621367755026,0.2431021440115546,-0.9041128078007573,0.8046793743425108,1.3056510588837675,-0.7120192602335177,0.6920270602245162,1.220682642796751,-1.2184728140057859,1.61235756189043,0.9871603918206138,0.7519261294089012,1.5057755264756918,1.0925793762960359,-0.3346234130189085,2.412120727759213,-0.5554830175660176
0.10501221279019574,0.22156902765802508,0.009799755301630917,0.6461196985337525,0.42935765720164987,-0.279160536476197,-0.289530760734873,-0.5998629975882974,-0.5510222920095672,0.13478344453597638,0.6211066789437126,-0.43664676001786623,0.29132301797940896,0.6118813894344617,0.09296270275148519,0.009083793434426527,0.5455761110256493,-0.31376914455103083,0.034561865188157015,0.0272923089914666,-0.008695445765763334,-0.16575216542160312,-0.08849023761334521,0.12414464807403444,-0.2554318471688065,0.362046337048834,-0.41883895729851445,0.18235540046936807,-0.05097456618952242,0.047002050657945604,0.30135538595914607,-0.07008455026153775,-0.2525267947819853,0.42918064754477553,-0.3299665970558138,-0.7908713115804528,0.42827491391399325,-0.8045544858002931,-0.11279518392996006,-0.0795410672753649,-0.7365335098372137,-0.31173435055919596,0.07476346753514791,-0.9006035122342618,0.4449025397777009
-0.6090385798487428,0.18091775350629025,0.2820432735193423,0.65054711267628,-0.41457076318575115,-0.3863888418645887,-0.13981673745506557,1.4189328210481298,1.1824397668401676,0.32779444115828116,0.34005721434050845,0.11605933898116484,0.20422947934767083,0.5091633911682462,-0.12618368176382644,-0.3776943143335014,-0.718746318112376,0.23780977511334295,0.1864152302441518,0.6511768822465093,0.29076735330705616,0.06958189779025108,-0.5271848919229218,0.2851342356134456,-0.6686532054219929,0.5957650978429944,-0.11432621367755026,-0.05097456618952242,0.31073057870463744,-0.46714319689014333,0.1709168080364254,-0.8054383213915578,-0.8550847192385461,-0.4798840115146572,0.1815674036321841,1.0003584843938593,0.1709248209100999,0.5460872923207447,-0.9055283202050138,-0.7036152152804236,0.45288823077240226,-0.39354351449375913,0.18477783782065454,-0.17627209806277092,-0.7269683789415179
0.9176219949434441,-0.31465181295624745,-0.43491987819777167,-1.1016988344387553,0.5669072307489239,0.6408918360026618,0.260215951890905,-2.0830690096806244,-1.7318306230068476,-0.5317101813915059,-0.6252208138603379,-0.10608589695524875,-0.3591257863047045,-0.878173745780954,0.17677288336457941,0.5778269480557543,1.0140466083921884,-0.31471047081431336,-0.28990256615684973,-1.0034998776929835,-0.4444374661103916,-0.08209934186119736,0.8198338840639481,-0.458432967601513,1.0661233327693755,-0.9701841687035884,0.2431021440115546,0.047002050657945604,-0.46714319689014333,0.7107770939824781,-0.30316625762031607,1.2474096450732337,1.3517047992643096,0.6693860543470368,-0.2257133028491801,-1.4093565628877776,-0.3284555468955442,-0.7129678745272512,1.4109036200193887,1.0909557901301197,-0.5748692503019809,0.6548478044153738,-0.2937320775215985,0.41617388208696465,1.0425913574165016
-0.3203412637879975,0.5763853653311707,0.2584769072382837,1.8025624003084422,0.46976528040846877,-0.8565511193478099,-0.6790795825688726,0.051299929135983344,-0.06876370230810137,0.5142099079665994,1.4775465130576348,-0.7337103301650612,0.7419972406517901,1.6191430099421935,0.06250670370236283,-0.30700773469708054,0.43037638927774763,-0.4007121307938326,0.23254009965256742,0.6135920757711981,0.23476420550756022,-0.2651483823371392,-0.6385267513606233,0.4793265426172935,-1.072285530511527,1.2166097430094733,-0.9041128078007573,0.30135538595914607,0.1709168080364254,-0.30316625762031607,0.7573365506531899,-0.8245155909383203,-1.223475757960655,0.4211844986951331,-0.48004138077931185,-0.6735340315898916,0.9828659556069915,-1.0988330895197578,-0.9810464938968071,-0.7653678700947902,-1.0231620051492094,-0.930906731977882,0.3096685156686577,-1.8836152595671696,0.22662827209883965
1.5759951198508082,-0.7613933289564434,-0.7975058053528781,-2.562016131564791,0.6580310317182455,1.4016741895620712,0.7247566691056416,-3.2618037885707687,-2.660769881169928,-1.0727829919995375,-1.6703911355381438,0.18234146305465873,-0.9073226163913612,-2.1273778359839324,0.24379449120467026,1.0433869325324583,1.3715763718129008,-0.29986567526269753,-0.5584800786987638,-1.8489196478554009,-0.8013687746224769,-0.0036973705127157706,1.5722369512317795,-0.93882627094077,2.1617179647817446,-2.07993118863001,0.8046793743425108,-0.07008455026153775,-0.8054383213915578,1.2474096450732337,-0.8245155909383203,2.327715892484797,2.6762884902137376,0.8419137698082254,-0.12431866996757793,-1.8721768992013939,-0.972397774936728,-0.5906253574555878,2.656997513140573,2.054514834663628,-0.40876670515642016,1.4570479585599443,-0.6008182151248511,1.5355711456406926,1.5117187577553879
1.6661264891817285,-1.0657821886671572,-0.9031776922927617,-3.4954384447244817,0.32472361069973465,1.836960600569121,1.0918452201090767,-3.0752507172291237,-2.4454613900499615,-1.3248289270428195,-2.468167202321511,0.6233657170835614,-1.2996343068392278,-2.976313193031847,0.1859977514286981,1.1603884654990768,1.0126960902120292,-0.03333635870319776,-0.6617260070635886,-2.099160372641134,-0.8901249505596052,0.157692004426465,1.8527005981876308,-1.1710949311718812,2.6713826465050694,-2.683444691169499,1.3056510588837675,-0.2525267947819853,-0.8550847192385461,1.3517047992643096,-1.223475757960655,2.6762884902137376,3.2453199854527566,0.5282975890191612,0.17892848954552246,-1.3343764160678555,-1.5062871903204829,0.11788482776799143,3.083390343261126,2.382570976123915,0.24965475307998397,1.9328218816953473,-0.7481171656889649,2.589467509047198,1.2676470109668752
0.9574530287816382,0.22693750390226175,-0.3256604838167216,0.5215530470662791,1.379656344981741,-0.08929426339349032,-0.4206000142129738,-2.959205336675157,-2.5792901682529195,-0.1419617189296069,0.8408992469192652,-1.026767797008457,0.3459831376418535,0.6270222929460234,0.3388492966122363,0.4794241471763497,1.9859176268621417,-0.9297095583663639,-0.15342235800510168,-0.739867687984013,-0.3721494002401003,-0.42710038786455634,0.45633026319570047,-0.09767494216229165,0.2948447813513393,0.014269654144596841,-0.7120192602335177,0.42918064754477553,-0.4798840115146572,0.6693860543470368,0.4211844986951331,0.8419137698082254,0.5282975890191612,1.46431640215717,-0.8939246878084758,-2.835007487909548,0.6690416753277372,-2.314380885123371,0.8837719271738816,0.6941708011628416,-2.0485361305307914,-0.15185844399085668,-0.06935181935433311,-1.6158580577123127,1.790604450795633
-0.3678926569360917,-0.32800244280255975,0.06953970861892401,-0.924172081526195,-0.8715114811764542,0.36322140264712904,0.46118209821617123,1.4770005969667408,1.3243452325173073,-0.1256225442701937,-0.9708367405032104,0.7916449472652145,-0.44503245433878047,-0.9090682248950527,-0.1973794011325785,-0.130692540346523,-1.1651943448113569,0.6176698275857525,-0.00521113990194379,0.15103171433794763,0.10331660041356248,0.311546198707891,-0.0029569997066517324,-0.1275014917724772,0.24092156529462372,-0.4497844037384094,0.6920270602245162,-0.3299665970558138,0.1815674036321841,-0.2257133028491801,-0.48004138077931185,-0.12431866996757793,0.17892848954552246,-0.8939246878084758,0.6286362152104042,1.6802280044483777,-0.6949182966336279,1.5688428742618874,-0.08403560346017468,-0.07444197763109263,1.414927907662883,0.42003676575864674,-0.075693479968603955,1.5091697056504982,-0.9926005738092636
-1.9889730567984978,-0.32357849620988743,0.710525817792704,-0.6352623934852867,-2.6544853940072075,-0.0159681641096846,0.6873478124678021,5.935909089876462,5.147330214492059,0.40121988796648317,-1.349473947415433,1.8885351404885102,-0.5254360911752416,-0.8875236706423566,-0.6633713575144657,-1.0291414774847756,-3.877749315631715,1.7700998182950385,0.35988288932835516,1.6188295038129021,0.7977472393612223,0.7943429265788217,-1.0563333838677051,0.3045436112027658,-0.8313695529789132,0.24650919948287717,1.220682642796751,-0.7908713115804528,1.0003584843938593,-1.4093565628877776,-0.6735340315898916,-1.8721768992013939,-1.3343764160678555,-2.835007487909548,1.6802280044483777,5.523428795896255,-1.1173357971116087,4.38453729016304,-1.9916911630827625,-1.56134145002637,3.868047069698197,0.0914866948530912,0.20882038031921366,2.8082704921603523,-3.5320428837526543
-0.31839658237627183,0.7592851208732645,0.3004271138625197,2.344635288823154,0.7282766866393513,-1.1079715900755474,-0.9034331336861924,-0.2040690524168763,-0.3135166792791529,0.6599608811782643,1.9680387529681567,-1.0360444161670823,0.9736214416790463,2.1182812129135713,0.11667423006370943,-0.34597770456466015,0.7365450215749334,-0.5968881846228693,0.2775738179896716,0.7108177489600158,0.26300209159789023,-0.3738916125878492,-0.7597300105688092,0.604356446628294,-1.3335960866286865,1.5453099991510342,-1.2184728140057859,0.42827491391399325,0.1709248209100999,-0.3284555468955442,0.9828659556069915,-0.972397774936728,-1.5062871903204829,0.6690416753277372,-0.6949182966336279,-1.1173357971116087,1.3067752707361773,-1.604016185011797,-1.1761445162100623,-0.9040702705469884,-1.499375683586721,-1.2042541546356504,0.38297518773779543,-2.551728328292756,0.46070192824685974
-1.1013306705536405,-0.715786947222758,0.27005845369550874,-1.9725860574966956,-2.233741977371233,0.7221222173472752,1.052595335879243,4.051628291501876,3.6059328346652775,-0.16937770974972388,-2.1924216497264895,1.9313534540583548,-0.9921040934463804,-1.989496922375748,-0.5139898955535349,-0.4491066991639338,-3.0453267983678165,1.5631514032914449,0.05301641434718151,0.5966746466068527,0.3516119115442511,0.7725381462600491,-0.192249667042297,-0.19904060659110778,0.33553697479265115,-0.86209390115718,1.61235756189043,-0.8045544858002931,0.5460872923207447,-0.7129678745272512,-1.0988330895197578,-0.5906253574555878,0.11788482776799143,-2.314380885123371,1.5688428742618874,4.38453729016304,-1.604016185011797,3.957317009083551,-0.535857420015705,-0.43050307916489405,3.5442795139453667,0.8574974660123472,-0.11656589048707554,3.5423979901166747,-2.6345545612876182
1.7722277301968725,-0.9052896572285299,-0.9084564362037157,-3.023293961087873,0.6729460309354539,1.644382300240687,0.8734849316487276,-3.6044837728718657,-2.933318818226732,-1.249500218229393,-2.008751228420712,0.2855276100107971,-1.0801195516952093,-2.5220173028087887,0.25885349714734723,1.1840414648567659,1.462222459997328,-0.28606503616804,-0.6385329201603811,-2.104854120488302,-0.908396526988441,0.023431382979099517,1.7970177513934946,-1.0893291034680666,2.4986974844349303,-2.4240551751019748,0.9871603918206138,-0.11279518392996006,-0.9055283202050138,1.4109036200193887,-0.9810464938968071,2.656997513140573,3.083390343261126,0.8837719271738816,-0.08403560346017468,-1.9916911630827625,-1.1761445162100623,-0.535857420015705,3.0421230046362235,2.345616118801603,-0.3347465030846871,1.7112723938504837,-0.6933330404035506,1.9018005792917265,1.6381313962540018
1.3760501989614262,-0.6917506148637089,-0.702314228036136,-2.3218838238753015,0.5346813747024184,1.2590811506645838,0.667911810023953,-2.8031437103477073,-2.277415302404047,-0.9507414698878477,-1.5327897272392943,0.2041715697624858,-0.8307849389456001,-1.937181729991376,0.20720424944419455,0.9162674427190971,1.1502946965289942,-0.23082812372098463,-0.4971787898830837,-1.6301775406607997,-0.704594872262741,0.015489204361658656,1.3980846303065424,-0.8378550523526125,1.9310909394265876,-1.870376459685063,0.7519261294089012,-0.0795410672753649,-0.7036152152804236,1.0909557901301197,-0.7653678700947902,2.054514834663628,2.382570976123915,0.6941708011628416,-0.07444197763109263,-1.56134145002637,-0.9040702705469884,-0.43050307916489405,2.345616118801603,1.8192223332952147,-0.28425742434088946,1.3124650568755594,-0.5390168253453381,1.4457880395709095,1.2853770030031628
-0.9132919717218837,-0.6932322341470027,0.20034675456802445,-1.9266282758909086,-1.9902338370389685,0.7379559236936917,0.9919378104891361,3.4901461914932574,3.111994713109685,-0.227697191311794,-2.083654799263709,1.7649955917396818,-0.94490536796482,-1.9157351682490575,-0.458217473781332,-0.351084192705554,-2.6887276943974316,1.400987920570058,0.02157963168181027,0.44244149143958855,0.27705862369669915,0.6965831416805137,-0.09885253036974659,-0.23381950780974944,0.4172208454475811,-0.8890562597910734,1.5057755264756918,-0.7365335098372137,0.45288823077240226,-0.5748692503019809,-1.0231620051492094,-0.40876670515642016,0.24965475307998397,-2.0485361305307914,1.414927907662883,3.868047069698197,-1.499375683586721,3.5442795139453667,-0.3347465030846871,-0.28425742434088946,3.1949998238942503,0.8611241216016103,-0.13364425825194445,3.295587206856127,-2.3104295436578735
0.7593923380562846,-0.772834393004627,-0.47815891003757005,-2.4537898182632056,-0.2580339354639244,1.2305716578362538,0.8534333745585959,-1.0003147703471014,-0.7221434226384859,-0.8227655660907659,-1.8954953827054788,0.7573426808036939,-0.9618960069037866,-2.1499637039101454,0.0028990266746189604,0.5926534804235445,-0.016695594270479,0.294710496803728,-0.37679729079373614,-1.1143605733557296,-0.4520546068988837,0.24643352977287922,1.0457985030954637,-0.7308705312278098,1.6369932667918499,-1.7499264718898642,1.0925793762960359,-0.31173435055919596,-0.39354351449375913,0.6548478044153738,-0.930906731977882,1.4570479585599443,1.9328218816953473,-0.15185844399085668,0.42003676575864674,0.0914866948530912,-1.2042541546356504,0.8574974660123472,1.7112723938504837,1.3124650568755594,0.8611241216016103,1.3136669463832085,-0.46106781766474364,2.2360078346434697,0.21452411388532217
-0.35854858069983364,0.25923611217008263,0.2010878141537584,0.845149899714387,-0.02594097138880659,-0.4351111380993247,-0.2737943551431283,0.6149266687808566,0.47841396651516016,0.30286091483079197,0.6125587551079242,-0.18388287491227948,0.32087251515951765,0.7276595808852145,-0.03295107218908145,-0.25591123757306466,-0.16645142626617035,-0.026338528814080532,0.15230758189892257,0.4687317114557668,0.1969001813189722,-0.054038788318754104,-0.4242368252349061,0.2723978458619129,-0.621293762976376,0.6359489433166841,-0.3346234130189085,0.07476346753514791,0.18477783782065454,-0.2937320775215985,0.3096685156686577,-0.6008182151248511,-0.7481171656889649,-0.06935181935433311,-0.075693479968603955,0.20882038031921366,0.38297518773779543,-0.11656589048707554,-0.6933330404035506,-0.5390168253453381,-0.13364425825194445,-0.46106781766474364,0.1760469621745215,-0.6714788445808096,-0.23454861811074115
0.3138739482449272,-1.4463208814562014,-0.4574811217456015,-4.405406910132549,-1.7055978926674913,2.0467801508384196,1.7564635362396572,1.181409908726524,1.2678065353865142,-1.1784487891227304,-3.816030277805947,2.171598185020785,-1.861441439715459,-4.0195748510982146,-0.3116613207086846,0.49628797654973233,-1.8899845592938438,1.3421046668879801,-0.45754586473470266,-1.08616488428853,-0.37338211281060485,0.7935819143385414,1.2439106036489285,-1.0742404120586182,2.3384829598344097,-2.8072436273181554,2.412120727759213,-0.9006035122342618,-0.17627209806277092,0.41617388208696465,-1.8836152595671696,1.5355711456406926,2.589467509047198,-1.6158580577123127,1.5091697056504982,2.8082704921603523,-2.551728328292756,3.5423979901166747,1.9018005792917265,1.4457880395709095,3.295587206856127,2.2360078346434697,-0.6714788445808096,5.085737829110463,-1.3364397447532097
1.4404218626976222,0.04732476293270825,-0.5572838259270865,-0.10811861936432356,1.6546000911022394,0.26520159790607006,-0.2621410316676342,-4.027164541232448,-3.457788383893416,-0.4223500591389024,0.4716474443190938,-1.0587898404723202,0.1330554830270805,0.11650924614751383,0.4307977029096129,0.7872014283663336,2.4935797404233693,-1.0774726423809071,-0.313393892498796,-1.2781719305569488,-0.6098723370614857,-0.4578914027659659,0.9069550295104977,-0.34845372915246586,0.8831745827805773,-0.530319200412625,-0.5554830175660176,0.4449025397777009,-0.7269683789415179,1.0425913574165016,0.22662827209883965,1.5117187577553879,1.2676470109668752,1.790604450795633,-0.9926005738092636,-3.5320428837526543,0.46070192824685974,-2.6345545612876182,1.6381313962540018,1.2853770030031628,-2.3104295436578735,0.21452411388532217,-0.23454861811074115,-1.3364397447532097,2.321307693830716
