V1,V2,V3,V4,V5,V6,V7,V8,V9,V10,V11,V12,V13,V14,V15,V16,V17,V18,V19,V20,V21,V22,V23,V24,V25,V26,V27,V28,V29,V30,V31,V32,V33,V34,V35,V36,V37,V38,V39,V40,V41,V42,V43,V44,V45
0.7388159790962376,0.6093097902966482,0.7780495012984834,-0.8675652722060385,-0.8246703320808403,-1.0123878431013604,-0.9221995350345438,0.7707422623709825,0.5046191224331159,-0.29008353321844693,-0.7911372001830049,-0.2055453834158617,-0.5491073847890116,1.4716846983216088,0.6921820600818164,0.4454637243467155,0.025097499549540325,0.18130738926873402,-0.587186190488879,0.8895675685255281,-0.1432216945496134,-0.1532622695702606,-0.048774235495628815,-0.9750171875628958,-1.5046804105881177,1.3190795748968125,0.5798676046251081,-0.0592511751552905,-0.031036574865791706,0.6048737771012698,0.46292750054364473,-0.3211065536752926,-0.6257422019039142,0.38240371282409286,-0.7566802347221587,-1.791879305067525,-0.47049466917210636,-0.2825285367348367,0.1476015113843449,-0.5502662166627357,0.8214359093283485,-0.21189394070637316,0.03908012228131242,1.5755077183420854,-0.35740597337411795
0.6093097902966482,0.5259327103499354,0.6708743915545053,-0.6085384724134544,-0.7505085978476018,-0.8731247228465674,-0.7166592190732343,0.614257027886039,0.4553355507521136,-0.11960614290387872,-0.7850511252414839,-0.16413485088316387,-0.3684566630017507,1.2099486105175161,0.4076279752917279,0.3365542810908243,0.03209305120330323,-0.03391316724972992,-0.46873777321817,0.8792261985447071,-0.06792605828739572,-0.07891528642173831,-0.009001368863125154,-0.9223276676843702,-1.0944177493112,0.9425881325364383,0.4608974692829364,-0.21331807005332196,-0.21143204545092392,0.43720797483992485,0.3796186640988257,-0.2441025384828792,-0.6662932343058625,0.4916539364945521,-0.531687620079713,-1.5966415862620527,-0.47235294467932937,-0.24035917056937642,0.35528675295986023,-0.2683789096727711,0.5806289981275167,-0.4191905521406832,-0.006717677119110785,1.3029862150615363,-0.40412914435354474
0.7780495012984834,0.6708743915545053,0.8850490412930463,-0.6270376907504974,-1.018801954540964,-1.1365906899736349,-0.8284659621308493,0.7508106668689698,0.598462971132409,-0.011820579093590513,-1.100060309741794,-0.18289566000600344,-0.3801403368160098,1.5179621192188153,0.34525659457142754,0.38176405083772214,0.01663753149089273,-0.25226827421360304,-0.5395019240739952,1.2386824209901353,-0.033511682249695134,-0.03136225277912718,0.013677366425920897,-1.2626852984481305,-1.208241456204206,0.9985398908786447,0.5472673442333221,-0.418635235507957,-0.4749760070470279,0.463762238514602,0.4659846719583135,-0.2954316755315306,-1.0004716477804996,0.7829812754479726,-0.5546737515289262,-2.102908058623635,-0.7036158717256547,-0.28447286287430323,0.7107541990685802,-0.13111846227894342,0.6128348969659962,-0.7781132576773027,-0.03867152957549698,1.6298937557316193,-0.6154747870808233
-0.8675652722060385,-0.6085384724134544,-0.6270376907504974,2.5092556354537288,0.1797908519972148,0.8086980822053403,1.8527113979405654,-1.203213583047128,-0.27638122551098876,1.8336286262071733,-0.33554646690379863,0.4270194230944057,1.7125144204526108,-1.9675303164971503,-2.738277566144281,-1.0071470524308688,-0.206538122200377,-2.4295346248306506,1.1406015657062059,0.41423011622382244,0.7376752777768117,0.841322270118226,0.32876761089291395,0.012015673729994698,3.7486691519462783,-3.625826310241263,-1.0108680897914997,-1.6551886822690507,-2.2224812514530363,-1.637235449301,-0.7037760111505834,0.5633373284187878,-0.9998136140727637,1.4749237580450352,2.218495945289928,1.089721883492984,-0.5347717990171897,0.43880155487537953,2.698794803885076,2.952009853723556,-2.281752699472923,-2.570301866142455,-0.41757078122455643,-2.0755537576483865,-0.7565686672672581
-0.8246703320808403,-0.7505085978476018,-1.018801954540964,0.1797908519972148,1.3633628104024311,1.3538915409711962,0.633385748843926,-0.707924247216021,-0.7492533225922521,-0.47750450248766396,1.5876514956128083,0.14158861447586404,0.023745525042299504,-1.5175166663498723,0.26857588135475685,-0.23912551924454167,0.061260015073837104,0.9863939883788919,0.4336203899939086,-1.802337426542653,-0.14551451123754774,-0.17453439335910112,-0.0898029116465697,1.7235504052220796,0.6164403851044353,-0.3666116617311628,-0.4835065650129163,1.0109598101506314,1.2583719473285322,-0.18546945915687796,-0.43380418543791865,0.25775188340862004,1.6482360614446059,-1.4945376239136572,0.12560038407403412,2.583969157858197,1.1126575930741995,0.27302544808258655,-1.726790050911351,-0.6324454741797371,-0.2144552072896453,1.7806766432900658,0.16134464031030035,-1.6518817175473544,1.0444128739035543
-1.0123878431013604,-0.8731247228465674,-1.1365906899736349,0.8086980822053403,1.3538915409711962,1.5046789548421071,1.0765711587320204,-0.985253461971233,-0.7876740913867669,0.0076602236095491315,1.4342565571932617,0.24313958050353193,0.4578584226960453,-1.9551237193707713,-0.43958509005685764,-0.4844652817514308,0.010405954498458304,0.3283449055673336,0.7032390911927358,-1.6210123463961403,0.04855234569610719,0.04554839837965153,-0.001157116689102768,1.6539064304681013,1.5431720376686613,-1.2705810182293178,-0.7201316975486465,0.5458753252136807,0.6426038269813412,-0.5923533174217065,-0.5938846488094087,0.3916701671263534,1.326874114516855,-1.0569511317877442,0.6823726304810165,2.75262062950987,0.932816156664898,0.3713227241153167,-0.9717915752387697,0.1433170398273352,-0.7846588107676942,1.0537830008664784,0.047430846965053855,-2.110571170268044,0.808171192256434
-0.9221995350345438,-0.7166592190732343,-0.8284659621308493,1.8527113979405654,0.633385748843926,1.0765711587320204,1.5571663754047116,-1.1166601859402854,-0.47886391189392363,1.1242563369121563,0.364019750164832,0.3583976559558684,1.2295860884483087,-1.9691151738581993,-1.840522266148795,-0.8082308260096205,-0.13800474160899687,-1.3545877618626665,0.97828684306655,-0.3864160325568364,0.4667143124216087,0.5334716542101161,0.19373159197590722,0.6584577575065317,2.8975105554558684,-2.720773342111592,-0.8990704897550026,-0.7882076932728137,-1.1100567052239518,-1.2370538010131018,-0.6666460634920948,0.4923010252037579,-0.0955447236023599,0.4874556272527755,1.631660304417571,1.7466103187493192,0.030901637897539597,0.4188211716517413,1.2777629241650357,1.862711757183396,-1.7035606855535725,-1.159804230521224,-0.23219311140944618,-2.09651555055053,-0.14356634469033516
0.7707422623709825,0.614257027886039,0.7508106668689698,-1.203213583047128,-0.707924247216021,-0.985253461971233,-1.1166601859402854,0.865963262975717,0.46488429734403086,-0.6011660414827252,-0.5719935150987623,-0.2528688405115433,-0.7794021817222031,1.5786881078682944,1.1071455908948704,0.5592612394774581,0.05481019265397362,0.6347541524923528,-0.7037145380967975,0.6367941331173679,-0.2649971610456237,-0.2939956238232284,-0.10918499623500705,-0.7917420635042282,-1.9615876151586011,1.7874077942247624,0.6727107612594452,0.28460876854209693,0.41637716676913983,0.8151280802559099,0.5123656279818372,-0.3740131951011787,-0.3094485562688456,0.020483781489520174,-1.0480650407077083,-1.6691585011901184,-0.2760554527352987,-0.3166168687002143,-0.41355859801988193,-1.0316786297801466,1.1190219783785746,0.33678327612806025,0.11619987904448323,1.6864964141822978,-0.13800708186272853
0.5046191224331159,0.4553355507521136,0.598462971132409,-0.27638122551098876,-0.7492533225922521,-0.7876740913867669,-0.47886391189392363,0.46488429734403086,0.4303249255818354,0.13179783223816868,-0.8520989454986271,-0.11040722194693274,-0.1348887910581687,0.9651613485612743,0.037928926148086316,0.2039507426138103,-4.237939669897416e-4,-0.37025624223084697,-0.3236605806341056,0.9604015310495272,0.03145808046874986,0.034289226246496655,0.03351234146066411,-0.9460399140727267,-0.5993803363829937,0.461090831886233,0.33436017548358504,-0.44789284916555283,-0.52767535349404,0.22048757997221663,0.28995344675519485,-0.17345956240263719,-0.8253097563716922,0.714466770566792,-0.23222031560234443,-1.4894013765790712,-0.5607289134654599,-0.18635952055484545,0.7446048526629238,0.1371266301209364,0.27812420282220207,-0.7918067550225111,-0.06422217872549398,1.0475054974179916,-0.5201873184094671
-0.29008353321844693,-0.11960614290387872,-0.011820579093590513,1.8336286262071733,-0.47750450248766396,0.0076602236095491315,1.1242563369121563,-0.6011660414827252,0.13179783223816868,1.619412635254844,-0.9894857099357884,0.26016740850635867,1.2918850341429227,-0.8071482789257457,-2.220499903814615,-0.6567653477863231,-0.16829081498805729,-2.311030051925129,0.6689928301717698,1.1446196391752568,0.63403847492878,0.7226547432994396,0.3002078285012504,-0.7816985523216635,2.5795896442848174,-2.5955575055192095,-0.5527495271326449,-1.736809478532244,-2.269601663748715,-1.1623505340082307,-0.3349883451585611,0.31846291763196233,-1.512747836149218,1.8080865474227967,1.627289709892374,-0.34931602380141846,-0.9095965010883832,0.2061432403716684,2.841578392277775,2.542080210124068,-1.6438063597640815,-2.7747649057747896,-0.3973604651617125,-0.8286163937441674,-1.0579558182923052
-0.7911372001830049,-0.7850511252414839,-1.100060309741794,-0.33554646690379863,1.5876514956128083,1.4342565571932617,0.364019750164832,-0.5719935150987623,-0.8520989454986271,-0.9894857099357884,2.032821302992191,0.08368474070547936,-0.3375748625962234,-1.408926019111511,0.9593193743273833,-0.07716328487469526,0.05673916354951474,1.7531399743841527,0.29070936268289743,-2.299145883642691,-0.35521479920436905,-0.3978137511050987,-0.2102186975998884,2.1040574846414892,-0.08119618321537514,0.3387093251946299,-0.35757828877758874,1.6361355806777063,2.01222692841741,0.1257081994244807,-0.38491127826007904,0.16551067940464395,2.2099549348509626,-2.142768739916101,-0.30838774955053605,2.901281601431096,1.4427909055991903,0.2518079668619638,-2.6664559682679454,-1.4202209249142728,0.24358698187500308,2.7298513535347135,0.30624585684172634,-1.549295555039209,1.4477605542332488
-0.2055453834158617,-0.16413485088316387,-0.18289566000600344,0.4270194230944057,0.14158861447586404,0.24313958050353193,0.3583976559558684,-0.2528688405115433,-0.11040722194693274,0.26016740850635867,0.08368474070547936,0.08526301051697581,0.2773663910618765,-0.4435287941250898,-0.4195149223385328,-0.18488335553734112,-0.03728116293508769,-0.3152786083828721,0.22854578126708672,-0.08695381547852543,0.10703304218233675,0.12596756378858623,0.04382520309159996,0.14992657304018936,0.6605753066831099,-0.6250233809225658,-0.20713315456709125,-0.17844708256487637,-0.2587944417684674,-0.2852107530527682,-0.15184494914701305,0.10982120330075512,-0.026415208034580247,0.1096833165498988,0.3732530897170926,0.3970934919919438,3.874683139048774e-4,0.09983744785137964,0.29798671875160865,0.42773022315996106,-0.39056742951385337,-0.266806226285395,-0.051555221681642116,-0.47542902378472957,-0.033968808384471555
-0.5491073847890116,-0.3684566630017507,-0.3801403368160098,1.7125144204526108,0.023745525042299504,0.4578584226960453,1.2295860884483087,-0.7794021817222031,-0.1348887910581687,1.2918850341429227,-0.3375748625962234,0.2773663910618765,1.1995417007869524,-1.272278296134083,-1.9068579707035151,-0.6829789286383133,-0.15488191986720065,-1.7281411501175823,0.7484686975574224,0.4063306428401922,0.5137981093366824,0.5821784845500202,0.22396245355857852,-0.10983107737327223,2.554324544554681,-2.479499635068217,-0.6575023406319159,-1.2075008644024383,-1.6168921119504365,-1.1157888059321712,-0.46249489347491574,0.3702208613272917,-0.8025684385247,1.1341238416738058,1.5369623740208662,0.5735408129598586,-0.44107598267496734,0.277706426409933,1.9849377204988392,2.0827104270724774,-1.5597063413922152,-1.903108162239925,-0.29811678497098526,-1.3289056548120082,-0.5911745759295156
1.4716846983216088,1.2099486105175161,1.5179621192188153,-1.9675303164971503,-1.5175166663498723,-1.9551237193707713,-1.9691151738581993,1.5786881078682944,0.9651613485612743,-0.8071482789257457,-1.408926019111511,-0.4435287941250898,-1.272278296134083,2.9904836585650716,1.666870919060583,0.9729360230872666,0.11197657523189733,0.6923688316829456,-1.2546038559674564,1.571420282181225,-0.3655969894695533,-0.407985930021732,-0.12297221525772019,-1.789382903011823,-3.320992414576183,2.9723485480525564,1.210360342567911,0.12169488270710223,0.28676824325683786,1.360363507696195,0.9609952622769248,-0.6599367754075254,-0.9828423841432595,0.4729506389581145,-1.7378455531973032,-3.440375101780722,-0.7626066478706125,-0.5918429418976134,-0.15702947245749466,-1.4565314709164088,1.8485372022957418,0.006422967930789111,0.12488216947138314,3.195894758733135,-0.5433432799573894
0.6921820600818164,0.4076279752917279,0.34525659457142754,-2.738277566144281,0.26857588135475685,-0.43958509005685764,-1.840522266148795,1.1071455908948704,0.037928926148086316,-2.220499903814615,0.9593193743273833,-0.4195149223385328,-1.9068579707035151,1.666870919060583,3.1759489996315224,1.03654299924148,0.2140491531461433,3.072446631794382,-1.10601951218502,-1.1164484694684624,-0.8846784728249912,-0.9980195709120626,-0.41488919648208533,0.6093639401846656,-3.9770200034666554,3.9131254574278254,0.958913422186588,2.237553483474829,2.9271286647951027,1.7566787372574295,0.6260079428688965,-0.553165399277922,1.696167162397101,-2.188858094257825,-2.4226066221525318,-0.29481138840536164,0.9740943475630905,-0.37895422379220794,-3.616696620648711,-3.526680404737032,2.4749035948770124,3.5112015958218303,0.5362736912455482,1.735614293399582,1.2247461392613537
0.4454637243467155,0.3365542810908243,0.38176405083772214,-1.0071470524308688,-0.23912551924454167,-0.4844652817514308,-0.8082308260096205,0.5592612394774581,0.2039507426138103,-0.6567653477863231,-0.07716328487469526,-0.18488335553734112,-0.6829789286383133,0.9729360230872666,1.03654299924148,0.4290705655234243,0.08551670162447492,0.8208964035691663,-0.503797236469846,0.07215409736116227,-0.2672857670961635,-0.3053442869816985,-0.11063123404314666,-0.2279211021992138,-1.554370031605448,1.474940201562673,0.45656863212464965,0.5128570211343811,0.712147068240675,0.6682667165951011,0.3361094474895958,-0.2504946988383553,0.18331424533892193,-0.3912188317217618,-0.8963700636961197,-0.759639241163178,0.07060082610476036,-0.2083825543207507,-0.8440072508796205,-1.0793286171659555,0.9238986190223396,0.7834675620735456,0.14013181615616865,1.030323654011414,0.16074121256624774
0.025097499549540325,0.03209305120330323,0.01663753149089273,-0.206538122200377,0.061260015073837104,0.010405954498458304,-0.13800474160899687,0.05481019265397362,-4.237939669897416e-4,-0.16829081498805729,0.05673916354951474,-0.03728116293508769,-0.15488191986720065,0.11197657523189733,0.2140491531461433,0.08551670162447492,0.08066219500961669,0.22421660699163337,-0.09665466998654441,-0.08215237062018214,-0.05286951563042934,-0.07790379661628412,-0.0036420241433770123,0.04814486898475988,-0.2932505785987326,0.3100235104253809,0.06270794103333853,0.13549737665382658,0.24053945686200506,0.142164499740675,0.05683710665568275,-0.016017400763010746,0.1564111241238267,-0.17645881187990936,-0.2110199036077313,-0.0024216263915552753,0.11162991964687669,-0.04410316329479289,-0.3161911430530412,-0.2726490908227146,0.1853067237588149,0.28193478771203934,0.02354673491602433,0.11740828729492309,0.09013751638551294
0.18130738926873402,-0.03391316724972992,-0.25226827421360304,-2.4295346248306506,0.9863939883788919,0.3283449055673336,-1.3545877618626665,0.6347541524923528,-0.37025624223084697,-2.311030051925129,1.7531399743841527,-0.3152786083828721,-1.7281411501175823,0.6923688316829456,3.072446631794382,0.8208964035691663,0.22421660699163337,3.382439571921645,-0.7896836800877695,-2.014323986472108,-0.8984592116032669,-1.0233928592427861,-0.43801287306940184,1.5024905207432113,-3.3192559097319325,3.4024755433120064,0.6249167767197953,2.615883609567764,3.3855369325079607,1.5182885946813605,0.3350343237929484,-0.36940561858327126,2.46287345348588,-2.8209134779661094,-2.151506497588176,1.137468064365204,1.5088833537223696,-0.20546840427360719,-4.270812539297549,-3.592416779523292,2.162517174941639,4.2001915067801185,0.5823623516613905,0.6886848684453187,1.700653673573076
-0.587186190488879,-0.46873777321817,-0.5395019240739952,1.1406015657062059,0.4336203899939086,0.7032390911927358,0.97828684306655,-0.7037145380967975,-0.3236605806341056,0.6689928301717698,0.29070936268289743,0.22854578126708672,0.7484686975574224,-1.2546038559674564,-1.10601951218502,-0.503797236469846,-0.09665466998654441,-0.7896836800877695,0.6215886979087942,-0.30948471647549713,0.2768717725647721,0.32264980287459455,0.10994252477703652,0.4719978683171803,1.7891749796928174,-1.6792864504317095,-0.5681189029027361,-0.43191872958300864,-0.6323614406575925,-0.7660056369104596,-0.42531126628306604,0.304390344121404,0.0013204920719877922,0.2349836399518543,1.0042463139153184,1.1674521397894144,0.052726277802795866,0.2732052730355256,0.719870546682324,1.1123723547539144,-1.0484637519584847,-0.6373282418726534,-0.1308572239997796,-1.3407036732123925,-0.04504337259672095
0.8895675685255281,0.8792261985447071,1.2386824209901353,0.41423011622382244,-1.802337426542653,-1.6210123463961403,-0.3864160325568364,0.6367941331173679,0.9604015310495272,1.1446196391752568,-2.299145883642691,-0.08695381547852543,0.4063306428401922,1.571420282181225,-1.1164484694684624,0.07215409736116227,-0.08215237062018214,-2.014323986472108,-0.30948471647549713,2.6055391053214274,0.4087474650242841,0.4624566054756488,0.23642981611968028,-2.379536178141867,0.1404632871110577,-0.4359785193965078,0.3926359374199186,-1.865030958515484,-2.3109302268713274,-0.16683328674334555,0.4240433276001909,-0.18560257087795579,-2.5194943469636324,2.445054598633091,0.384762288709258,-3.270825104887401,-1.647938156836281,-0.2746545707175927,3.0627180060253796,1.6475806711813221,-0.3065290676082323,-3.126028221575594,-0.3483787676246582,1.7275262291914537,-1.6468676956573196
-0.1432216945496134,-0.06792605828739572,-0.033511682249695134,0.7376752777768117,-0.14551451123754774,0.04855234569610719,0.4667143124216087,-0.2649971610456237,0.03145808046874986,0.63403847492878,-0.35521479920436905,0.10703304218233675,0.5137981093366824,-0.3655969894695533,-0.8846784728249912,-0.2672857670961635,-0.05286951563042934,-0.8984592116032669,0.2768717725647721,0.4087474650242841,0.252213205092065,0.2838564506455896,0.1231494035365934,-0.2649538474264206,1.0481377965701701,-1.0438795253285011,-0.23610913008722872,-0.6728659005967043,-0.8687807223211056,-0.467586221145159,-0.143479677800552,0.1391745544725163,-0.5540297877235293,0.6788923852154353,0.6474382637887438,-0.06544614422145795,-0.3259525751838,0.08706335097956393,1.0796629374300877,0.9969126951139103,-0.6627645562937358,-1.0564239773329318,-0.15763032843364252,-0.37815470120903105,-0.3947489582449184
-0.1532622695702606,-0.07891528642173831,-0.03136225277912718,0.841322270118226,-0.17453439335910112,0.04554839837965153,0.5334716542101161,-0.2939956238232284,0.034289226246496655,0.7226547432994396,-0.3978137511050987,0.12596756378858623,0.5821784845500202,-0.407985930021732,-0.9980195709120626,-0.3053442869816985,-0.07790379661628412,-1.0233928592427861,0.32264980287459455,0.4624566054756488,0.2838564506455896,0.32682408197897883,0.13384762806142472,-0.29981578528957775,1.1879671937654153,-1.1918269213320922,-0.2680543608382245,-0.7545112078391442,-0.993430248899925,-0.535793715750985,-0.16503937012143363,0.1508150287328278,-0.6371413636982394,0.7695038021399033,0.7411395208234867,-0.07628116492293707,-0.382737590693509,0.10637857219967431,1.2382690838295916,1.1346439075541876,-0.7536842003215664,-1.2022392868434777,-0.17390107143532496,-0.42493666370191785,-0.44771864847735493
-0.048774235495628815,-0.009001368863125154,0.013677366425920897,0.32876761089291395,-0.0898029116465697,-0.001157116689102768,0.19373159197590722,-0.10918499623500705,0.03351234146066411,0.3002078285012504,-0.2102186975998884,0.04382520309159996,0.22396245355857852,-0.12297221525772019,-0.41488919648208533,-0.11063123404314666,-0.0036420241433770123,-0.43801287306940184,0.10994252477703652,0.23642981611968028,0.1231494035365934,0.13384762806142472,0.06857214030152624,-0.16733561188501545,0.4555675454908604,-0.4551814248791351,-0.09709701013573435,-0.343211161930754,-0.4215340005256807,-0.20269882779865833,-0.04816084913531801,0.0638293042864494,-0.28725211095946845,0.3421574115029459,0.2767654289563021,-0.09590489147964405,-0.16685589264396716,0.02773420728007064,0.5210632606490204,0.46477725499991357,-0.29333918320493096,-0.5199183875327328,-0.08131620973227485,-0.1264784588938955,-0.20852662136799438
-0.9750171875628958,-0.9223276676843702,-1.2626852984481305,0.012015673729994698,1.7235504052220796,1.6539064304681013,0.6584577575065317,-0.7917420635042282,-0.9460399140727267,-0.7816985523216635,2.1040574846414892,0.14992657304018936,-0.10983107737327223,-1.789382903011823,0.6093639401846656,-0.2279211021992138,0.04814486898475988,1.5024905207432113,0.4719978683171803,-2.379536178141867,-0.2649538474264206,-0.29981578528957775,-0.16733561188501545,2.236285862422358,0.46656277417952896,-0.16850350290210467,-0.5312808616051643,1.4845293036256286,1.8156073759358862,-0.10389497614167349,-0.5094245920220494,0.2656962361014058,2.2076650291255815,-2.0614740312026862,-0.009390862158070976,3.2454949616658793,1.4639853747909097,0.3271711652743115,-2.447598374105913,-1.0762713416904521,-0.07667397043846562,2.525826188393644,0.2592189428969277,-1.9538484477156481,1.4252928609091933
-1.5046804105881177,-1.0944177493112,-1.208241456204206,3.7486691519462783,0.6164403851044353,1.5431720376686613,2.8975105554558684,-1.9615876151586011,-0.5993803363829937,2.5795896442848174,-0.08119618321537514,0.6605753066831099,2.554324544554681,-3.320992414576183,-3.9770200034666554,-1.554370031605448,-0.2932505785987326,-3.3192559097319325,1.7891749796928174,0.1404632871110577,1.0481377965701701,1.1879671937654153,0.4555675454908604,0.46656277417952896,5.709988613190931,-5.4552162164533575,-1.6143597457248877,-2.1811802669492075,-2.9530553449184556,-2.4657064639538127,-1.1586204321323215,0.9002767483866732,-1.0464756291298067,1.802824643217971,3.3233992719371375,2.282532723527834,-0.4947396994622736,0.7126141658106283,3.5398428615855666,4.1996255323007725,-3.42771240573406,-3.3407415656719013,-0.5749554901589297,-3.5073560274054465,-0.8440576839146502
1.3190795748968125,0.9425881325364383,0.9985398908786447,-3.625826310241263,-0.3666116617311628,-1.2705810182293178,-2.720773342111592,1.7874077942247624,0.461090831886233,-2.5955575055192095,0.3387093251946299,-0.6250233809225658,-2.479499635068217,2.9723485480525564,3.9131254574278254,1.474940201562673,0.3100235104253809,3.4024755433120064,-1.6792864504317095,-0.4359785193965078,-1.0438795253285011,-1.1918269213320922,-0.4551814248791351,-0.16850350290210467,-5.4552162164533575,5.257703158002789,1.4928450626073873,2.285203893965255,3.0924223471048604,2.375307192672373,1.0568130293439322,-0.8278223889445273,1.3007051290792735,-2.001217946173387,-3.2186707640036403,-1.7915769453537127,0.6785841375468222,-0.6563052609691343,-3.7456138267663546,-4.197601077542295,3.304080382119376,3.5515671114319987,0.5828307596367879,3.13566274311964,0.9958455688405676
0.5798676046251081,0.4608974692829364,0.5472673442333221,-1.0108680897914997,-0.4835065650129163,-0.7201316975486465,-0.8990704897550026,0.6727107612594452,0.33436017548358504,-0.5527495271326449,-0.35757828877758874,-0.20713315456709125,-0.6575023406319159,1.210360342567911,0.958913422186588,0.45656863212464965,0.06270794103333853,0.6249167767197953,-0.5681189029027361,0.3926359374199186,-0.23610913008722872,-0.2680543608382245,-0.09709701013573435,-0.5312808616051643,-1.6143597457248877,1.4928450626073873,0.5336427755623719,0.31987118950271876,0.46317637711982207,0.6801742509366386,0.4003584795962474,-0.29185794462945197,-0.12160192017399274,-0.10369089227315452,-0.883071026293158,-1.2029765147906342,-0.13362027340640348,-0.25194066276419946,-0.5009283366958326,-0.9305862196394546,0.9340594369854492,0.43429639888267185,0.10870990174962382,1.2934025593112517,-0.030963233437799033
-0.0592511751552905,-0.21331807005332196,-0.418635235507957,-1.6551886822690507,1.0109598101506314,0.5458753252136807,-0.7882076932728137,0.28460876854209693,-0.44789284916555283,-1.736809478532244,1.6361355806777063,-0.17844708256487637,-1.2075008644024383,0.12169488270710223,2.237553483474829,0.5128570211343811,0.13549737665382658,2.615883609567764,-0.43191872958300864,-1.865030958515484,-0.6728659005967043,-0.7545112078391442,-0.343211161930754,1.4845293036256286,-2.1811802669492075,2.285203893965255,0.31987118950271876,2.1073120559892518,2.675883818403782,1.010881287059478,0.12262355425921065,-0.21020225729607198,2.122106131322093,-2.3522804073832124,-1.4656915079319393,1.4348467099173332,1.310691283089913,-0.06249738389018003,-3.4021561290041404,-2.6740577177377225,1.4633084635173794,3.3846486347892983,0.4593442258506095,0.08160082933226598,1.4546253230910953
-0.031036574865791706,-0.21143204545092392,-0.4749760070470279,-2.2224812514530363,1.2583719473285322,0.6426038269813412,-1.1100567052239518,0.41637716676913983,-0.52767535349404,-2.269601663748715,2.01222692841741,-0.2587944417684674,-1.6168921119504365,0.28676824325683786,2.9271286647951027,0.712147068240675,0.24053945686200506,3.3855369325079607,-0.6323614406575925,-2.3109302268713274,-0.8687807223211056,-0.993430248899925,-0.4215340005256807,1.8156073759358862,-2.9530553449184556,3.0924223471048604,0.46317637711982207,2.675883818403782,3.4650761132553414,1.3740938601565655,0.2129357099205296,-0.27743630557726096,2.6994253211394894,-2.998895236798387,-1.9896022816314978,1.6860006558524037,1.680958319170312,-0.12703276860299814,-4.410936789912051,-3.5069360262002056,1.9672287570973732,4.353953192223008,0.5787374940705314,0.24845441603961455,1.8360796118720843
0.6048737771012698,0.43720797483992485,0.463762238514602,-1.637235449301,-0.18546945915687796,-0.5923533174217065,-1.2370538010131018,0.8151280802559099,0.22048757997221663,-1.1623505340082307,0.1257081994244807,-0.2852107530527682,-1.1157888059321712,1.360363507696195,1.7566787372574295,0.6682667165951011,0.142164499740675,1.5182885946813605,-0.7660056369104596,-0.16683328674334555,-0.467586221145159,-0.535793715750985,-0.20269882779865833,-0.10389497614167349,-2.4657064639538127,2.375307192672373,0.6801742509366386,1.010881287059478,1.3740938601565655,1.074315473015065,0.4830892749892546,-0.3753994875437498,0.5611764502089882,-0.8761143556070847,-1.4520845222922145,-0.8486396614516479,0.2907684987034464,-0.3022064923736995,-1.6619690063780312,-1.8808792941574723,1.4918366256433446,1.5709798923906058,0.25876820525323346,1.4371877935051478,0.43171269581637933
0.46292750054364473,0.3796186640988257,0.4659846719583135,-0.7037760111505834,-0.43380418543791865,-0.5938846488094087,-0.6666460634920948,0.5123656279818372,0.28995344675519485,-0.3349883451585611,-0.38491127826007904,-0.15184494914701305,-0.46249489347491574,0.9609952622769248,0.6260079428688965,0.3361094474895958,0.05683710665568275,0.3350343237929484,-0.42531126628306604,0.4240433276001909,-0.143479677800552,-0.16503937012143363,-0.04816084913531801,-0.5094245920220494,-1.1586204321323215,1.0568130293439322,0.4003584795962474,0.12262355425921065,0.2129357099205296,0.4830892749892546,0.3159239239221202,-0.2148808042774539,-0.21652072194576902,0.047833497746730805,-0.6275299121231732,-1.0378360952955608,-0.1784434707074265,-0.19686732403637477,-0.20831431393270608,-0.5851933796896723,0.6565491631322754,0.15256114662067494,0.0559238517982702,1.0255788773000236,-0.11166058037108438
-0.3211065536752926,-0.2441025384828792,-0.2954316755315306,0.5633373284187878,0.25775188340862004,0.3916701671263534,0.4923010252037579,-0.3740131951011787,-0.17345956240263719,0.31846291763196233,0.16551067940464395,0.10982120330075512,0.3702208613272917,-0.6599367754075254,-0.553165399277922,-0.2504946988383553,-0.016017400763010746,-0.36940561858327126,0.304390344121404,-0.18560257087795579,0.1391745544725163,0.1508150287328278,0.0638293042864494,0.2656962361014058,0.9002767483866732,-0.8278223889445273,-0.29185794462945197,-0.21020225729607198,-0.27743630557726096,-0.3753994875437498,-0.2148808042774539,0.16782266694145018,0.0459861558747537,0.08708752936615162,0.4878086410256242,0.6327174790505474,0.06772827910428558,0.1294507642432496,0.30190729046225645,0.5339939026832712,-0.5215603386694788,-0.2750959288600299,-0.06998762912150326,-0.7018878978946189,-0.0031899492307144875
-0.6257422019039142,-0.6662932343058625,-1.0004716477804996,-0.9998136140727637,1.6482360614446059,1.326874114516855,-0.0955447236023599,-0.3094485562688456,-0.8253097563716922,-1.512747836149218,2.2099549348509626,-0.026415208034580247,-0.8025684385247,-0.9828423841432595,1.696167162397101,0.18331424533892193,0.1564111241238267,2.46287345348588,0.0013204920719877922,-2.5194943469636324,-0.5540297877235293,-0.6371413636982394,-0.28725211095946845,2.2076650291255815,-1.0464756291298067,1.3007051290792735,-0.12160192017399274,2.122106131322093,2.6994253211394894,0.5611764502089882,-0.21652072194576902,0.0459861558747537,2.597779360825626,-2.637244838560643,-0.9142571410057112,2.7782783091350036,1.6788913878305127,0.14018125920903776,-3.5256913310756586,-2.2568731761342726,0.8433319401307781,3.5405238716300267,0.41790444899181706,-1.1015340632350847,1.7137426881063242
0.38240371282409286,0.4916539364945521,0.7829812754479726,1.4749237580450352,-1.4945376239136572,-1.0569511317877442,0.4874556272527755,0.020483781489520174,0.714466770566792,1.8080865474227967,-2.142768739916101,0.1096833165498988,1.1341238416738058,0.4729506389581145,-2.188858094257825,-0.3912188317217618,-0.17645881187990936,-2.8209134779661094,0.2349836399518543,2.445054598633091,0.6788923852154353,0.7695038021399033,0.3421574115029459,-2.0614740312026862,1.802824643217971,-2.001217946173387,-0.10369089227315452,-2.3522804073832124,-2.998895236798387,-0.8761143556070847,0.047833497746730805,0.08708752936615162,-2.637244838560643,2.7942520707454412,1.339163778135552,-2.356856877029402,-1.6704887880314672,-0.04601276462222256,3.8728915899538072,2.7515650353689445,-1.2847982570779826,-3.870135758771662,-0.48642057655612814,0.5671859235504557,-1.7659305695321739
-0.7566802347221587,-0.531687620079713,-0.5546737515289262,2.218495945289928,0.12560038407403412,0.6823726304810165,1.631660304417571,-1.0480650407077083,-0.23222031560234443,1.627289709892374,-0.30838774955053605,0.3732530897170926,1.5369623740208662,-1.7378455531973032,-2.4226066221525318,-0.8963700636961197,-0.2110199036077313,-2.151506497588176,1.0042463139153184,0.384762288709258,0.6474382637887438,0.7411395208234867,0.2767654289563021,-0.009390862158070976,3.3233992719371375,-3.2186707640036403,-0.883071026293158,-1.4656915079319393,-1.9896022816314978,-1.4520845222922145,-0.6275299121231732,0.4878086410256242,-0.9142571410057112,1.339163778135552,1.9867300914609738,0.9299656883292938,-0.49609828735164524,0.3862971486410614,2.430251010066893,2.6293696135695552,-2.020882120486767,-2.3109222051287652,-0.3658417017545712,-1.825562671235648,-0.6801929966352712
-1.791879305067525,-1.5966415862620527,-2.102908058623635,1.089721883492984,2.583969157858197,2.75262062950987,1.7466103187493192,-1.6691585011901184,-1.4894013765790712,-0.34931602380141846,2.901281601431096,0.3970934919919438,0.5735408129598586,-3.440375101780722,-0.29481138840536164,-0.759639241163178,-0.0024216263915552753,1.137468064365204,1.1674521397894144,-3.270825104887401,-0.06544614422145795,-0.07628116492293707,-0.09590489147964405,3.2454949616658793,2.282532723527834,-1.7915769453537127,-1.2029765147906342,1.4348467099173332,1.6860006558524037,-0.8486396614516479,-1.0378360952955608,0.6327174790505474,2.7782783091350036,-2.356856877029402,0.9299656883292938,5.1744713724763445,1.9029245635379433,0.6569150547169225,-2.402187270688541,-0.2977550977150797,-1.0873285172185487,2.5636693252999794,0.19281825858972837,-3.7231828398401423,1.741023935174119
-0.47049466917210636,-0.47235294467932937,-0.7036158717256547,-0.5347717990171897,1.1126575930741995,0.932816156664898,0.030901637897539597,-0.2760554527352987,-0.5607289134654599,-0.9095965010883832,1.4427909055991903,3.874683139048774e-4,-0.44107598267496734,-0.7626066478706125,0.9740943475630905,0.07060082610476036,0.11162991964687669,1.5088833537223696,0.052726277802795866,-1.647938156836281,-0.3259525751838,-0.382737590693509,-0.16685589264396716,1.4639853747909097,-0.4947396994622736,0.6785841375468222,-0.13362027340640348,1.310691283089913,1.680958319170312,0.2907684987034464,-0.1784434707074265,0.06772827910428558,1.6788913878305127,-1.6704887880314672,-0.49609828735164524,1.9029245635379433,1.0986918380695547,0.10847736232839525,-2.2091359753408377,-1.344345902808143,0.44037149319880203,2.216103653769504,0.24989077799705064,-0.844375901017695,1.0964267154459824
-0.2825285367348367,-0.24035917056937642,-0.28447286287430323,0.43880155487537953,0.27302544808258655,0.3713227241153167,0.4188211716517413,-0.3166168687002143,-0.18635952055484545,0.2061432403716684,0.2518079668619638,0.09983744785137964,0.277706426409933,-0.5918429418976134,-0.37895422379220794,-0.2083825543207507,-0.04410316329479289,-0.20546840427360719,0.2732052730355256,-0.2746545707175927,0.08706335097956393,0.10637857219967431,0.02773420728007064,0.3271711652743115,0.7126141658106283,-0.6563052609691343,-0.25194066276419946,-0.06249738389018003,-0.12703276860299814,-0.3022064923736995,-0.19686732403637477,0.1294507642432496,0.14018125920903776,-0.04601276462222256,0.3862971486410614,0.6569150547169225,0.10847736232839525,0.13020671705292974,0.12205179962089244,0.35606058498774346,-0.40623873330324906,-0.07981847592464779,-0.03013593022441938,-0.6372588753203119,0.0762689381353125
0.1476015113843449,0.35528675295986023,0.7107541990685802,2.698794803885076,-1.726790050911351,-0.9717915752387697,1.2777629241650357,-0.41355859801988193,0.7446048526629238,2.841578392277775,-2.6664559682679454,0.29798671875160865,1.9849377204988392,-0.15702947245749466,-3.616696620648711,-0.8440072508796205,-0.3161911430530412,-4.270812539297549,0.719870546682324,3.0627180060253796,1.0796629374300877,1.2382690838295916,0.5210632606490204,-2.447598374105913,3.5398428615855666,-3.7456138267663546,-0.5009283366958326,-3.4021561290041404,-4.410936789912051,-1.6619690063780312,-0.20831431393270608,0.30190729046225645,-3.5256913310756586,3.8728915899538072,2.430251010066893,-2.402187270688541,-2.2091359753408377,0.12205179962089244,5.637557494834313,4.380830883207743,-2.3827690009035907,-5.569851824485278,-0.7267262078336401,-0.09087107715961137,-2.3835808579678575
-0.5502662166627357,-0.2683789096727711,-0.13111846227894342,2.952009853723556,-0.6324454741797371,0.1433170398273352,1.862711757183396,-1.0316786297801466,0.1371266301209364,2.542080210124068,-1.4202209249142728,0.42773022315996106,2.0827104270724774,-1.4565314709164088,-3.526680404737032,-1.0793286171659555,-0.2726490908227146,-3.592416779523292,1.1123723547539144,1.6475806711813221,0.9969126951139103,1.1346439075541876,0.46477725499991357,-1.0762713416904521,4.1996255323007725,-4.197601077542295,-0.9305862196394546,-2.6740577177377225,-3.5069360262002056,-1.8808792941574723,-0.5851933796896723,0.5339939026832712,-2.2568731761342726,2.7515650353689445,2.6293696135695552,-0.2977550977150797,-1.344345902808143,0.35606058498774346,4.380830883207743,4.0091405750770015,-2.6547668571926653,-4.267883399919156,-0.6180182531903206,-1.5000325491321653,-1.5865533052157141
0.8214359093283485,0.5806289981275167,0.6128348969659962,-2.281752699472923,-0.2144552072896453,-0.7846588107676942,-1.7035606855535725,1.1190219783785746,0.27812420282220207,-1.6438063597640815,0.24358698187500308,-0.39056742951385337,-1.5597063413922152,1.8485372022957418,2.4749035948770124,0.9238986190223396,0.1853067237588149,2.162517174941639,-1.0484637519584847,-0.3065290676082323,-0.6627645562937358,-0.7536842003215664,-0.29333918320493096,-0.07667397043846562,-3.42771240573406,3.304080382119376,0.9340594369854492,1.4633084635173794,1.9672287570973732,1.4918366256433446,0.6565491631322754,-0.5215603386694788,0.8433319401307781,-1.2847982570779826,-2.020882120486767,-1.0873285172185487,0.44037149319880203,-0.40623873330324906,-2.3827690009035907,-2.6547668571926653,2.0785752108247872,2.2659011546594643,0.3730682473285458,1.9493633806383994,0.646006795778756
-0.21189394070637316,-0.4191905521406832,-0.7781132576773027,-2.570301866142455,1.7806766432900658,1.0537830008664784,-1.159804230521224,0.33678327612806025,-0.7918067550225111,-2.7747649057747896,2.7298513535347135,-0.266806226285395,-1.903108162239925,0.006422967930789111,3.5112015958218303,0.7834675620735456,0.28193478771203934,4.2001915067801185,-0.6373282418726534,-3.126028221575594,-1.0564239773329318,-1.2022392868434777,-0.5199183875327328,2.525826188393644,-3.3407415656719013,3.5515671114319987,0.43429639888267185,3.3846486347892983,4.353953192223008,1.5709798923906058,0.15256114662067494,-0.2750959288600299,3.5405238716300267,-3.870135758771662,-2.3109222051287652,2.5636693252999794,2.216103653769504,-0.07981847592464779,-5.569851824485278,-4.267883399919156,2.2659011546594643,5.5241452935653985,0.7219083191398429,-0.07338503031142264,2.395938309190299
0.03908012228131242,-0.006717677119110785,-0.03867152957549698,-0.41757078122455643,0.16134464031030035,0.047430846965053855,-0.23219311140944618,0.11619987904448323,-0.06422217872549398,-0.3973604651617125,0.30624585684172634,-0.051555221681642116,-0.29811678497098526,0.12488216947138314,0.5362736912455482,0.14013181615616865,0.02354673491602433,0.5823623516613905,-0.1308572239997796,-0.3483787676246582,-0.15763032843364252,-0.17390107143532496,-0.08131620973227485,0.2592189428969277,-0.5749554901589297,0.5828307596367879,0.10870990174962382,0.4593442258506095,0.5787374940705314,0.25876820525323346,0.0559238517982702,-0.06998762912150326,0.41790444899181706,-0.48642057655612814,-0.3658417017545712,0.19281825858972837,0.24989077799705064,-0.03013593022441938,-0.7267262078336401,-0.6180182531903206,0.3730682473285458,0.7219083191398429,0.10486188525280223,0.12299825328917989,0.2936806313211045
1.5755077183420854,1.3029862150615363,1.6298937557316193,-2.0755537576483865,-1.6518817175473544,-2.110571170268044,-2.09651555055053,1.6864964141822978,1.0475054974179916,-0.8286163937441674,-1.549295555039209,-0.47542902378472957,-1.3289056548120082,3.195894758733135,1.735614293399582,1.030323654011414,0.11740828729492309,0.6886848684453187,-1.3407036732123925,1.7275262291914537,-0.37815470120903105,-0.42493666370191785,-0.1264784588938955,-1.9538484477156481,-3.5073560274054465,3.13566274311964,1.2934025593112517,0.08160082933226598,0.24845441603961455,1.4371877935051478,1.0255788773000236,-0.7018878978946189,-1.1015340632350847,0.5671859235504557,-1.825562671235648,-3.7231828398401423,-0.844375901017695,-0.6372588753203119,-0.09087107715961137,-1.5000325491321653,1.9493633806383994,-0.07338503031142264,0.12299825328917989,3.4213928472193555,-0.615649797780748
-0.35740597337411795,-0.40412914435354474,-0.6154747870808233,-0.7565686672672581,1.0444128739035543,0.808171192256434,-0.14356634469033516,-0.13800708186272853,-0.5201873184094671,-1.0579558182923052,1.4477605542332488,-0.033968808384471555,-0.5911745759295156,-0.5433432799573894,1.2247461392613537,0.16074121256624774,0.09013751638551294,1.700653673573076,-0.04504337259672095,-1.6468676956573196,-0.3947489582449184,-0.44771864847735493,-0.20852662136799438,1.4252928609091933,-0.8440576839146502,0.9958455688405676,-0.030963233437799033,1.4546253230910953,1.8360796118720843,0.43171269581637933,-0.11166058037108438,-0.0031899492307144875,1.7137426881063242,-1.7659305695321739,-0.6801929966352712,1.741023935174119,1.0964267154459824,0.0762689381353125,-2.3835808579678575,-1.5865533052157141,0.646006795778756,2.395938309190299,0.2936806313211045,-0.615649797780748,1.1414126315872595
