V1,V2,V3,V4,V5,V6,V7,V8,V9,V10,V11,V12,V13,V14,V15,V16,V17,V18,V19,V20,V21,V22,V23,V24,V25,V26,V27,V28,V29,V30,V31,V32,V33,V34,V35,V36,V37,V38,V39,V40,V41,V42,V43,V44,V45
0.34989624757817883,-0.4624746181568805,-0.022632771565131524,-0.60562868139821735,-0.23287910209911228,0.29596344149607984,-0.48544574910596733,0.37818344266985005,0.0957878964760207,-0.3215686922148868,-0.663001945664938,-0.09102176116219524,-0.2213039015468631,-0.2505380598576622,0.2808619362014405,-0.2942303526947667,0.09916762326795624,0.2159897468356813,-0.49464765882071865,0.3628906194591248,0.35622272302985136,0.1454402002785006,0.10178896968777244,1.0391544675852482,0.8326237736784907,-0.4378100998063349,-0.06199416065594501,-0.3327289525800868,0.11468132256382381,0.036251046450963435,0.1581609789431318,-0.3307529368278368,-0.5266555631861497,-0.2736251722223708,0.21890770499735804,-0.310496161436841,-0.17247660203962228,0.48048731928995114,-0.3075483400175555,0.15646886921819025,-0.04777090008654252,-0.5810871681662451,-0.17566203497504995,-0.4517610691866878,-0.1849187277387997
-0.4624746181568805,2.6819619663700873,1.2736657682541042,2.866386218161133,-0.6250325929122156,-0.3005252535356652,-0.10916619812646056,-1.2592192285834054,-1.7138643404289853,0.984403357334798,1.642838238600743,2.1277270297939213,-0.5327636641163498,3.5478308792571607,0.8080265699749435,3.1048017559153758,0.3786946796668348,-1.1504340476668016,1.0386638516492603,-0.06051463409895736,-0.37354092856933496,0.9409817995101527,-0.10044483745357842,0.0372703692501469,-2.336276211468504,1.0987210580497997,-0.4687166780148284,3.1107170072771138,-1.8296784237465433,-0.5327719151201094,-1.7933945317628461,-1.326733716094497,1.7711946813740536,-1.0242444329899079,1.8019057384512567,1.082604544327933,-0.36494584391667506,0.1303598314405795,-2.6432132350591884,0.6237327340069987,0.28473484155836903,-0.3036857012129073,0.08197299439402758,1.3465971315470326,-0.18208037251366266
-0.022632771565131524,1.2736657682541042,0.869433656630296,1.3247423121358235,-0.4795757283138237,0.022795582948355923,-0.34354800890700626,-0.4514492102448687,-0.8891992969898018,0.37753484277970667,0.6038086167185956,1.1266310345555521,-0.46484684842871554,1.9524654817990095,0.6696441941687904,1.6168819308064295,0.25573569362379023,-0.4929242638140392,0.2375716111981919,0.19457321420330728,0.040891597076990145,0.6109400165266343,0.06848676489599508,0.5954311250106061,-0.798259105542731,0.39865416878959486,-0.2060138501357888,1.5630254500498868,-0.9975469467949128,-0.22771461587786423,-0.9314867873156797,-1.0189446533618043,0.7041065864270719,-0.800557971620476,1.1715401015142242,0.36809226197626,-0.30570046750160007,0.37659645338296055,-1.6809148304874928,0.46233737926976215,0.15022968256165894,-0.5216516285618693,-0.07045752107695306,0.49244534133649315,-0.19590593502955794
-0.60562868139821735,2.866386218161133,1.3247423121358235,3.759817542268133,-0.31148073891238337,-0.44011806073809795,0.8568571499863261,-1.4815977006548264,-1.384366706540943,0.7798108123367417,2.606499999399422,1.5384887578613655,0.2123407854037642,2.9862892404932304,0.25706892582263924,3.00430180003625,0.4726400184695727,-1.1447932700275434,1.3500096191330517,-0.7926555682601626,-0.859338144568281,0.3157590852069551,-0.010881701199805503,-1.9144072944745747,-3.1814631603412376,1.6011798614576047,-0.015354978314613906,3.012160291262834,-1.7748499731798044,-0.4321411585156822,-1.518536780860016,-0.09541666742456772,2.4013195038170925,-0.2703134767370692,0.908487429380137,1.3342251895378692,-0.2646774471454402,-0.5517780327569218,-1.2906261658527207,0.13651491580007727,0.318227365476135,0.5475907051707662,0.3579347418303744,1.8112503596564689,0.24302617401631968
-0.23287910209911228,-0.6250325929122156,-0.4795757283138237,-0.31148073891238337,0.6702744098386703,-0.2616841270160092,0.9396168819704418,0.0872936051085551,0.7975581542573595,-0.12148693460935342,0.355752633416393,-1.0657613208533225,0.7222773156988049,-1.4668814143427833,-0.8746321273651912,-1.0996489783617243,-0.27476027209736936,0.2781838143562172,0.18409515833831294,-0.6299386147156821,-0.3860802683672699,-0.808488349742415,-0.017947569633708454,-1.8833382433256816,-0.16238196628862253,0.18703102384872677,0.4798824649026714,-1.0782561727668225,0.7195247490285416,0.2625549390690502,0.7175900750155685,1.3557411094880465,0.010957990712230465,1.0076112982803145,-1.3510758007073678,-0.07838460128929384,0.41784233746868754,-0.8421838162327069,1.9989407372124632,-0.6184478487455298,-0.06617947799598976,1.0895176009967198,0.25060696525483456,0.06571537449104428,0.448670978629028
0.29596344149607984,-0.3005252535356652,0.022795582948355923,-0.44011806073809795,-0.2616841270160092,0.39775946561250447,-0.6299643174624828,0.2367519222873946,-0.07252001001408938,-0.3070719225639003,-0.6364521478672621,0.025070934050596377,-0.24168296884391374,-0.16591702096761995,0.4951886464315064,-0.19732151861567773,0.10756072601447308,0.2794684162142945,-0.4770777501136055,0.4501972262556341,0.37288593313965573,0.25680026817697366,0.05506163257113371,1.1930430771488714,0.7836897065570916,-0.4306675870842527,-0.2030194729053613,-0.1466270329794444,-0.02132128367762734,-0.041438763057587445,0.09911075989228899,-0.44200233033302017,-0.5153037224163609,-0.3374007108523015,0.23177530185702833,-0.27275450755065866,-0.284182959178597,0.5601180550627466,-0.41005399352782973,0.2072191389066646,0.06441728789791062,-0.5675353180426085,-0.18086740489582614,-0.492387297190966,-0.27115500882250426
-0.48544574910596733,-0.10916619812646056,-0.34354800890700626,0.8568571499863261,0.9396168819704418,-0.6299643174624828,2.0469227816542714,-0.2762532522720391,0.96833395476473,-0.09219506442590567,1.5777536015083742,-1.3514490651944973,1.3859404756555544,-1.4779262744626536,-1.5591851386123252,-0.751243178879213,-0.1638006316724659,-0.029903758009764223,0.763068337319661,-1.4753663597982645,-0.9999872575207426,-1.3663809216463334,0.04091590778377085,-4.017438034927943,-1.4440377451467505,0.8867109844855621,0.9298180107491325,-0.796501570158362,0.6233970026006348,0.30840217440981826,0.7132806361105833,2.4671847333601953,0.9650602000738644,1.6712433915867495,-1.9481431514411156,0.37259628451924726,0.6140144950801062,-1.6446753344511935,2.9784500802506093,-1.0542466655755438,-0.10742070191110864,1.9490732821161458,0.5696995459143324,0.8451963409006498,0.9264336482536074
0.37818344266985005,-1.2592192285834054,-0.4514492102448687,-1.4815977006548264,0.0872936051085551,0.2367519222873946,-0.2762532522720391,0.7279037169283155,0.6768948119239223,-0.4603952569444425,-1.037507348730754,-0.7618034949152728,-0.025852893610474628,-1.310521471193131,-0.1373927504074136,-1.2665935030409983,-0.11816965537201828,0.500577619361875,-0.6772978994540662,0.2741709245124226,0.3792311886698822,-0.21776851879329173,0.10248142675557413,0.6973622676551078,1.379908849664719,-0.6621095634581924,0.14978361000138452,-1.3276347780889808,0.7375864554096226,0.2462332548376186,0.6913845527645095,0.15389296968175498,-0.984626500347728,0.13852389517324623,-0.40660278199542843,-0.6009892714284457,0.08007611092518908,0.2552770801873749,0.6379732341826678,-0.09026466269624181,-0.16208859534736675,-0.30101097659936915,-0.1593937754428449,-0.7522954088886625,-0.048383697711025915
0.0957878964760207,-1.7138643404289853,-0.8891992969898018,-1.384366706540943,0.7975581542573595,-0.07252001001408938,0.96833395476473,0.6768948119239223,1.5054989559608156,-0.6770674110222257,-0.3082410181171933,-1.9406491690615713,0.9406495505471788,-2.8483370306215523,-1.1708933068791705,-2.257146203048385,-0.29980057658629067,0.7200278902752998,-0.33858698318230174,-0.6085865448177185,-0.19211995997016246,-1.19464311759099,0.1073296627321063,-1.80165509591425,0.8381564796958804,-0.2900051305931813,0.7335503843871805,-2.2910804034079764,1.4052057093559458,0.4787679949208906,1.4381049514705826,1.9043896535622398,-0.6730907485937553,1.3565288815175973,-1.982189843897749,-0.5323185444853226,0.48621089906553394,-0.7913197242237228,2.967914543199504,-0.8507829736885371,-0.21887370724588032,1.0405761353841925,0.19723171645119345,-0.4724589419812481,0.5256766823960841
-0.3215686922148868,0.984403357334798,0.37753484277970667,0.7798108123367417,-0.12148693460935342,-0.3070719225639003,-0.09219506442590567,-0.4603952569444425,-0.6770674110222257,0.7340174886623264,0.4858030172186504,0.9845244167701788,-0.40429513582015014,1.5636084088935613,0.227532786931048,1.1549786586799426,-0.0703332242532966,-0.5371741110427034,0.5046466047537109,0.0608705417096131,-0.12382558567285276,0.4540040749113807,-0.1318244043299732,0.15556374714406718,-0.8651434155993212,0.42757958019568376,-0.23597128460580913,1.133829212367702,-0.6134054742995588,-0.14958460822573333,-0.8004166357377424,-0.8021571705824216,0.5696320041292742,-0.4731085651710687,0.8619511184772765,0.3930761185444065,0.0607565277324043,-0.02048936584967799,-1.2370992104047398,0.31377141600836006,0.062534740686075,-0.10041879024386623,-0.003048050822854622,0.5202230966468631,-0.08838884358592775
-0.663001945664938,1.642838238600743,0.6038086167185956,2.606499999399422,0.355752633416393,-0.6364521478672621,1.5777536015083742,-1.037507348730754,-0.3082410181171933,0.4858030172186504,2.369423172684831,0.21420289262759054,0.8172971007002435,1.0249433154238061,-0.6835598582583542,1.3643770804394872,0.13402807534715372,-0.696911602887925,1.2361687858276933,-1.2296742497142812,-1.0335958669209382,-0.5199362374600156,-0.001462069651288249,-3.2594250938486105,-2.642490141937759,1.4236827883207184,0.47618809024039493,1.3457067247048613,-0.6922128037104442,-0.08994012332059421,-0.534598729805619,1.1833577175266978,1.9188334910817686,0.702825389942286,-0.48711907778119257,0.9700226936902616,0.21242713361418927,-1.223555808643518,0.7976284351095921,-0.4661706664023858,0.13354383765956132,1.4028836509260791,0.516409240516956,1.5176583320434842,0.6304818202387783
-0.09102176116219524,2.1277270297939213,1.1266310345555521,1.5384887578613655,-1.0657613208533225,0.025070934050596377,-1.3514490651944973,-0.7618034949152728,-1.9406491690615713,0.9845244167701788,0.21420289262759054,2.617160764194472,-1.3851570509941113,3.842246397659849,1.4926810544381706,2.9348302896324494,0.33784201289387467,-1.0067999145122408,0.3981776070955453,0.8821360175828378,0.32719605516002015,1.6254322394823828,-0.13989598763428426,2.6212751471586357,-0.9355294977333193,0.303280407378663,-0.957940009941631,2.9178992779813444,-1.7720429710196353,-0.5833295682213495,-1.929891533120567,-2.699107890001961,0.760550583087111,-1.8885447340700625,2.788372525625864,0.6340149225919278,-0.5546536245039742,1.0956997636139378,-4.116028909859218,1.1852593727437704,0.20783075440663246,-1.5234091626512412,-0.3109694039321046,0.5753086976822355,-0.71106340638417
-0.2213039015468631,-0.5327636641163498,-0.46484684842871554,0.2123407854037642,0.7222773156988049,-0.24168296884391374,1.3859404756555544,-0.025852893610474628,0.9406495505471788,-0.40429513582015014,0.8172971007002435,-1.3851570509941113,1.153154021279669,-1.825553044804594,-1.1052126131822397,-1.1131765542547989,-0.10139593867351689,0.29306458650563283,0.290288995550173,-1.0012228241304078,-0.6241435827948237,-1.121819721309974,0.04785159315639943,-2.7709548001654114,-0.562805871149489,0.38445841212267595,0.6707668569828257,-1.077613849233861,0.7081029437296631,0.25319383328802647,0.8866115040809387,2.064644888315034,0.34718030343619294,1.3878323979739005,-1.8035429339665652,0.07376076152338328,0.3590238638289456,-1.103365617217951,2.6650649394340267,-0.8696214487108302,-0.05175784471675893,1.4261423394992905,0.39216549010529095,0.2805777766221067,0.6386868287870381
-0.2505380598576622,3.5478308792571607,1.9524654817990095,2.9862892404932304,-1.4668814143427833,-0.16591702096761995,-1.4779262744626536,-1.310521471193131,-2.8483370306215523,1.5636084088935613,1.0249433154238061,3.842246397659849,-1.825553044804594,5.992371143120585,1.9480109020995866,4.707069931067783,0.5385465212211168,-1.6896594727495744,0.8685967832391766,0.922851169779371,0.22114724099715466,2.190248753562108,-0.12141206801796318,2.8540622125042785,-2.0697563090795503,0.8680222785850127,-1.1283336352054625,4.601119219543614,-2.774657847066867,-0.8103510282561549,-2.975561361665441,-3.645864855622841,1.6740886162111575,-2.6115486951551654,3.9964731647441574,1.1409488842736197,-0.7162019520292852,1.2623352631311686,-5.80972622605471,1.6073261994228545,0.29993153217867596,-1.883939645648982,-0.3221301775618894,1.2945508392663234,-0.8168540563000399
0.2808619362014405,0.8080265699749435,0.6696441941687904,0.25706892582263924,-0.8746321273651912,0.4951886464315064,-1.5591851386123252,-0.1373927504074136,-1.1708933068791705,0.227532786931048,-0.6835598582583542,1.4926810544381706,-1.1052126131822397,1.9480109020995866,1.4662167115239686,1.3544041234449757,0.2638193872571107,-0.18762458429275453,-0.3657832077302145,1.0806520442342737,0.6612706990260984,1.2392592348613134,-0.019772549312502476,2.951691981658397,0.48013210735030876,-0.362829129465551,-0.7884480249350444,1.416146537359945,-0.9958659828759521,-0.3624493199093002,-0.9525101445742417,-2.1152753784044087,-0.249276912830654,-1.488445728000197,1.829289841841219,-0.015194740032642245,-0.6343313406497346,1.2947998841266468,-2.793862689864092,0.9281724160814057,0.2144431206022659,-1.5125161653497405,-0.40209621786642946,-0.3153683675874054,-0.7414962445735257
-0.2942303526947667,3.1048017559153758,1.6168819308064295,3.00430180003625,-1.0996489783617243,-0.19732151861567773,-0.751243178879213,-1.2665935030409983,-2.257146203048385,1.1549786586799426,1.3643770804394872,2.9348302896324494,-1.1131765542547989,4.707069931067783,1.3544041234449757,3.9256751832946732,0.5437659796131211,-1.4275170939291861,0.9261332034894207,0.38340499059795197,-0.09283997575463371,1.5237729958400004,-0.07995387552847115,1.397537959722341,-2.2205173652181696,0.9760996056621182,-0.7706457558531051,3.863972506147433,-2.3148454238952234,-0.684862383423124,-2.3536294078472073,-2.369137271421217,1.7650641742710387,-1.7822591871792077,2.8729277908003406,1.1329109905548433,-0.5880755533960395,0.7107906316077951,-4.177380833171211,1.0873231263514151,0.27373758818574656,-1.1306216357729602,-0.10972035331873921,1.3406770609862069,-0.48034147528500365
0.09916762326795624,0.3786946796668348,0.25573569362379023,0.4726400184695727,-0.27476027209736936,0.10756072601447308,-0.1638006316724659,-0.11816965537201828,-0.29980057658629067,-0.0703332242532966,0.13402807534715372,0.33784201289387467,-0.10139593867351689,0.5385465212211168,0.2638193872571107,0.5437659796131211,0.2167796096228388,-0.14553266638414974,1.4493360227997058e-4,0.07039260840939081,0.0334147556573667,0.20077937335082124,0.04713217635390133,0.33398752887284117,-0.1953045999660107,0.05296865265318944,-0.10290781384156032,0.533146440740993,-0.3545588153013535,-0.12442630893602377,-0.2641177476295911,-0.24582400792774456,0.21877218710861124,-0.262572205560974,0.3931260265452995,0.1346312467383696,-0.21133426469493882,0.22437364513690308,-0.5752763206719934,0.14891146744447178,0.035981772572418164,-0.30076017911631214,-0.03138922974641163,0.12277170719110617,-0.09141550333811488
0.2159897468356813,-1.1504340476668016,-0.4929242638140392,-1.1447932700275434,0.2781838143562172,0.2794684162142945,-0.029903758009764223,0.500577619361875,0.7200278902752998,-0.5371741110427034,-0.696911602887925,-1.0067999145122408,0.29306458650563283,-1.6896594727495744,-0.18762458429275453,-1.4275170939291861,-0.14553266638414974,0.6573257051759286,-0.5333252276231194,0.0738496558843335,0.19777536782276547,-0.4065708376878732,0.05687380357341801,0.007287533410929036,1.0876342478297252,-0.5016837519378495,0.17455470636741907,-1.3610563856664968,0.7506037779082706,0.2132893363568663,0.8567364816772113,0.6184072550865961,-0.817743528027993,0.4640269860556872,-0.9296654013077387,-0.5147132344295443,0.047878513478888836,0.004931228047965315,1.2992656897908001,-0.2850323667656339,-0.020856778955671763,0.18445584875061888,-0.036457137931686534,-0.6873203469406463,0.03823256269198802
-0.49464765882071865,1.0386638516492603,0.2375716111981919,1.3500096191330517,0.18409515833831294,-0.4770777501136055,0.763068337319661,-0.6772978994540662,-0.33858698318230174,0.5046466047537109,1.2361687858276933,0.3981776070955453,0.290288995550173,0.8685967832391766,-0.3657832077302145,0.9261332034894207,1.4493360227997058e-4,-0.5333252276231194,0.844539177934386,-0.6015832990035033,-0.588721177457624,-0.12780528782921238,-0.1128878953197842,-1.5681846498471341,-1.5715303430180385,0.7961865621380761,0.08992139889316918,0.9350554283526161,-0.43104130506313665,-0.12522111307208422,-0.4769817045583978,0.3926180776956216,1.0826911443493845,0.2683664805498503,-0.03197720222243334,0.6269846833717093,0.1815394248346184,-0.6749403396963454,0.0700537491883667,-0.16087476385080393,0.05433907827487671,0.7318094104215814,0.274785746608733,0.9030760546480259,0.2820339860791416
0.3628906194591248,-0.06051463409895736,0.19457321420330728,-0.7926555682601626,-0.6299386147156821,0.4501972262556341,-1.4753663597982645,0.2741709245124226,-0.6085865448177185,0.0608705417096131,-1.2296742497142812,0.8821360175828378,-1.0012228241304078,0.922851169779371,1.0806520442342737,0.38340499059795197,0.07039260840939081,0.0738496558843335,-0.6015832990035033,1.079367769292415,0.7496561412093657,0.946894121058022,-0.024843566776820404,2.9067111762488906,1.1706525495652507,-0.6892948582300733,-0.6372576546106623,0.407027506534903,-0.3506365798940772,-0.17866466079735138,-0.43777472808311074,-1.757818632241988,-0.7989423649139817,-1.1713335639843694,1.3376622456081113,-0.3366233936499032,-0.3995864532092555,1.174587352679783,-2.040377669083898,0.7401005580458048,0.05980241244880153,-1.3913877433307018,-0.4220988964383343,-0.6788606622923695,-0.6581510250652612
0.35622272302985136,-0.37354092856933496,0.040891597076990145,-0.859338144568281,-0.3860802683672699,0.37288593313965573,-0.9999872575207426,0.3792311886698822,-0.19211995997016246,-0.12382558567285276,-1.0335958669209382,0.32719605516002015,-0.6241435827948237,0.22114724099715466,0.6612706990260984,-0.09283997575463371,0.0334147556573667,0.19777536782276547,-0.588721177457624,0.7496561412093657,0.5830165059026378,0.5268217544375629,0.03512046437641791,2.0052719870971907,1.1194872791248915,-0.6104617692291222,-0.3365438629906129,-0.09976661909804757,-0.035582023421431803,-0.0402482286652691,-0.07813087314379012,-1.0498131618692863,-0.7599184148866831,-0.7042646973188617,0.7224226611030465,-0.38536815189215545,-0.2513258420879892,0.8235792003533229,-1.0934918850707855,0.43822570994928345,2.478006854930654e-4,-0.9679929868549411,-0.30978917546780294,-0.6346502734327433,-0.4232974209152689
0.1454402002785006,0.9409817995101527,0.6109400165266343,0.3157590852069551,-0.808488349742415,0.25680026817697366,-1.3663809216463334,-0.21776851879329173,-1.19464311759099,0.4540040749113807,-0.5199362374600156,1.6254322394823828,-1.121819721309974,2.190248753562108,1.2392592348613134,1.5237729958400004,0.20077937335082124,-0.4065708376878732,-0.12780528782921238,0.946894121058022,0.5268217544375629,1.2160067686852252,-0.07595240447034138,2.6608007912150096,0.16733681278929766,-0.21511790840020387,-0.7656373612391634,1.5372562858853551,-0.9883984810316548,-0.3653842423895955,-1.0882680201429389,-2.097758471401255,-0.056078308108302555,-1.444261363422534,1.9243425607200917,0.1198928554618173,-0.4719974564053172,1.0985661488504153,-2.8835650911681103,0.908369573558447,0.13412307482181932,-1.3900770004964111,-0.35155722338209955,-0.08888105262665431,-0.6604405231355817
0.10178896968777244,-0.10044483745357842,0.06848676489599508,-0.010881701199805503,-0.017947569633708454,0.05506163257113371,0.04091590778377085,0.10248142675557413,0.1073296627321063,-0.1318244043299732,-0.001462069651288249,-0.13989598763428426,0.04785159315639943,-0.12141206801796318,-0.019772549312502476,-0.07995387552847115,0.04713217635390133,0.05687380357341801,-0.1128878953197842,-0.024843566776820404,0.03512046437641791,-0.07595240447034138,0.07944998983500551,-0.055497010775668154,0.10908970437813473,-0.028051542806682032,0.11340947950280064,-0.11944929855512355,0.04000301149162438,0.05154495297079142,0.08701456062910883,0.09237632205304325,-0.030533708568959077,0.023013683288786526,-0.06433554777959719,-0.07093785641369679,-0.022746149268403588,0.027036425178621693,0.1295846792348214,-0.03269947395469079,-0.019632331232433214,-0.039807332443125266,-0.008030136775768366,-0.039846990658378746,0.034713869950660385
1.0391544675852482,0.0372703692501469,0.5954311250106061,-1.9144072944745747,-1.8833382433256816,1.1930430771488714,-4.017438034927943,0.6973622676551078,-1.80165509591425,0.15556374714406718,-3.2594250938486105,2.6212751471586357,-2.7709548001654114,2.8540622125042785,2.951691981658397,1.397537959722341,0.33398752887284117,0.007287533410929036,-1.5681846498471341,2.9067111762488906,2.0052719870971907,2.6608007912150096,-0.055497010775668154,8.021501332428555,2.9869636791193126,-1.8244839470415641,-1.7777222090596254,1.417856930725446,-1.1242295167175642,-0.5579204154887872,-1.3728793866092792,-4.8600130392487415,-1.9914192221589004,-3.2989285700244597,3.918088556513244,-0.7799246832993285,-1.1480707796945793,3.262900597684123,-5.9209392158564045,2.080597107155733,0.10946962876909826,-3.9753650659055983,-1.1521347871616763,-1.6910903881447243,-1.8026085735936754
0.8326237736784907,-2.336276211468504,-0.798259105542731,-3.1814631603412376,-0.16238196628862253,0.7836897065570916,-1.4440377451467505,1.379908849664719,0.8381564796958804,-0.8651434155993212,-2.642490141937759,-0.9355294977333193,-0.562805871149489,-2.0697563090795503,0.48013210735030876,-2.2205173652181696,-0.1953045999660107,1.0876342478297252,-1.5715303430180385,1.1706525495652507,1.1194872791248915,0.16733681278929766,0.10908970437813473,2.9869636791193126,3.2331741373250997,-1.6548276051063606,-0.2192147951764766,-2.21230527053701,1.1592426538954956,0.27398688328683923,1.091915743971821,-0.6707116062466983,-2.3212518532266575,-0.36230635440346043,-0.1530232227378732,-1.2936943050939476,-0.15817542270586413,1.1538982202655204,0.1512727786365288,0.23579740348510317,-0.1687707586092459,-1.2266265598766188,-0.5128024480967548,-1.8636858207934737,-0.52562674399644
-0.4378100998063349,1.0987210580497997,0.39865416878959486,1.6011798614576047,0.18703102384872677,-0.4306675870842527,0.8867109844855621,-0.6621095634581924,-0.2900051305931813,0.42757958019568376,1.4236827883207184,0.303280407378663,0.38445841212267595,0.8680222785850127,-0.362829129465551,0.9760996056621182,0.05296865265318944,-0.5016837519378495,0.7961865621380761,-0.6892948582300733,-0.6104617692291222,-0.21511790840020387,-0.028051542806682032,-1.8244839470415641,-1.6548276051063606,0.8868516252908946,0.2318543095000234,0.9562647409995293,-0.49482247395985485,-0.06855389716310066,-0.4516236425153145,0.5216688083688663,1.1849794761662917,0.3168349060717423,-0.11219770520341217,0.6213562874966859,0.14732195309239296,-0.7063626415048101,0.2237256946689633,-0.20748080711474706,0.07894812919488525,0.7750366364566578,0.28983729730780955,0.9585085680378425,0.346260169011146
-0.06199416065594501,-0.4687166780148284,-0.2060138501357888,-0.015354978314613906,0.4798824649026714,-0.2030194729053613,0.9298180107491325,0.14978361000138452,0.7335503843871805,-0.23597128460580913,0.47618809024039493,-0.957940009941631,0.6707668569828257,-1.1283336352054625,-0.7884480249350444,-0.7706457558531051,-0.10290781384156032,0.17455470636741907,0.08992139889316918,-0.6372576546106623,-0.3365438629906129,-0.7656373612391634,0.11340947950280064,-1.7777222090596254,-0.2192147951764766,0.2318543095000234,0.5877562961571602,-0.8438780571371968,0.5319889944130577,0.2707199472436325,0.5894635374658062,1.25236577388164,0.1599718609862931,0.8378871598482842,-1.0857482615852008,-0.059118355732183214,0.31490622394867884,-0.7007582610344399,1.692937141632795,-0.5457570369402416,-0.10353802456684391,0.8325282943457631,0.2182527776180311,0.16294286336447222,0.4573455363424252
-0.3327289525800868,3.1107170072771138,1.5630254500498868,3.012160291262834,-1.0782561727668225,-0.1466270329794444,-0.796501570158362,-1.3276347780889808,-2.2910804034079764,1.133829212367702,1.3457067247048613,2.9178992779813444,-1.077613849233861,4.601119219543614,1.416146537359945,3.863972506147433,0.533146440740993,-1.3610563856664968,0.9350554283526161,0.407027506534903,-0.09976661909804757,1.5372562858853551,-0.11944929855512355,1.417856930725446,-2.21230527053701,0.9562647409995293,-0.8438780571371968,3.8623427634630776,-2.318171690026009,-0.7207765852877657,-2.317768460551985,-2.335116167486593,1.7325154751833818,-1.7447948458363698,2.7812594484571234,1.1410987082276747,-0.6290241801537827,0.7158250120574093,-4.097959784603486,1.0746395974558935,0.3264769503270313,-1.068739410222382,-0.10068452451369025,1.2916175254257856,-0.5120871502671938
0.11468132256382381,-1.8296784237465433,-0.9975469467949128,-1.7748499731798044,0.7195247490285416,-0.02132128367762734,0.6233970026006348,0.7375864554096226,1.4052057093559458,-0.6134054742995588,-0.6922128037104442,-1.7720429710196353,0.7081029437296631,-2.774657847066867,-0.9958659828759521,-2.3148454238952234,-0.3545588153013535,0.7506037779082706,-0.43104130506313665,-0.3506365798940772,-0.035582023421431803,-0.9883984810316548,0.04000301149162438,-1.1242295167175642,1.1592426538954956,-0.49482247395985485,0.5319889944130577,-2.318171690026009,1.4358546537332864,0.4267734720696494,1.3883545635012007,1.5264387194456388,-0.9365637649674847,1.144965210851745,-1.7487906851446848,-0.6197397066691075,0.4575534521912109,-0.5756233789687218,2.581760314822179,-0.7036024231745337,-0.22202769794460514,0.7958429144113479,0.11055904235734344,-0.6696333469606025,0.3684049151595424
0.036251046450963435,-0.5327719151201094,-0.22771461587786423,-0.4321411585156822,0.2625549390690502,-0.041438763057587445,0.30840217440981826,0.2462332548376186,0.4787679949208906,-0.14958460822573333,-0.08994012332059421,-0.5833295682213495,0.25319383328802647,-0.8103510282561549,-0.3624493199093002,-0.684862383423124,-0.12442630893602377,0.2132893363568663,-0.12522111307208422,-0.17866466079735138,-0.0402482286652691,-0.3653842423895955,0.05154495297079142,-0.5579204154887872,0.27398688328683923,-0.06855389716310066,0.2707199472436325,-0.7207765852877657,0.4267734720696494,0.1940161030550617,0.419451519832716,0.5258220539028333,-0.22115905728897287,0.3913657469652791,-0.5656304634524789,-0.188608510477054,0.18293089103675647,-0.24534798982612918,0.8775347215342645,-0.24593669510282418,-0.07396481253682205,0.2978289947470335,0.04364387429106616,-0.1413604477475636,0.17361084305247468
0.1581609789431318,-1.7933945317628461,-0.9314867873156797,-1.518536780860016,0.7175900750155685,0.09911075989228899,0.7132806361105833,0.6913845527645095,1.4381049514705826,-0.8004166357377424,-0.534598729805619,-1.929891533120567,0.8866115040809387,-2.975561361665441,-0.9525101445742417,-2.3536294078472073,-0.2641177476295911,0.8567364816772113,-0.4769817045583978,-0.43777472808311074,-0.07813087314379012,-1.0882680201429389,0.08701456062910883,-1.3728793866092792,1.091915743971821,-0.4516236425153145,0.5894635374658062,-2.317768460551985,1.3883545635012007,0.419451519832716,1.490959021566856,1.780620388179425,-0.8595785782041094,1.2678939194719736,-1.968671835187608,-0.6046069478485793,0.3512394396188106,-0.5969527988749053,2.8739118238909236,-0.7882100472647335,-0.15521373531698768,0.8992340138417455,0.14775727899085986,-0.669170820872872,0.4035209913833636
-0.3307529368278368,-1.326733716094497,-1.0189446533618043,-0.09541666742456772,1.3557411094880465,-0.44200233033302017,2.4671847333601953,0.15389296968175498,1.9043896535622398,-0.8021571705824216,1.1833577175266978,-2.699107890001961,2.064644888315034,-3.645864855622841,-2.1152753784044087,-2.369137271421217,-0.24582400792774456,0.6184072550865961,0.3926180776956216,-1.757818632241988,-1.0498131618692863,-2.097758471401255,0.09237632205304325,-4.8600130392487415,-0.6707116062466983,0.5216688083688663,1.25236577388164,-2.335116167486593,1.5264387194456388,0.5258220539028333,1.780620388179425,3.7790274323963318,0.3679935684117799,2.564105320944593,-3.3588254552956376,-0.014517414064186725,0.7285692571298449,-1.975037508946783,4.984932657865765,-1.6047584776492088,-0.1721723631405586,2.524415203722802,0.6754721442399031,0.33431310208595993,1.158724388151298
-0.5266555631861497,1.7711946813740536,0.7041065864270719,2.4013195038170925,0.010957990712230465,-0.5153037224163609,0.9650602000738644,-0.984626500347728,-0.6730907485937553,0.5696320041292742,1.9188334910817686,0.760550583087111,0.34718030343619294,1.6740886162111575,-0.249276912830654,1.7650641742710387,0.21877218710861124,-0.817743528027993,1.0826911443493845,-0.7989423649139817,-0.7599184148866831,-0.056078308108302555,-0.030533708568959077,-1.9914192221589004,-2.3212518532266575,1.1849794761662917,0.1599718609862931,1.7325154751833818,-0.9365637649674847,-0.22115905728897287,-0.8595785782041094,0.3679935684117799,1.7166067016347986,0.1382655010358205,0.2632791960217088,0.9332844988843378,0.04158911172409843,-0.7240245994111401,-0.31679406583237635,-0.10926527649254762,0.12075039206024822,0.7407128112043162,0.3465070136122972,1.3573990108897107,0.34784875036535085
-0.2736251722223708,-1.0242444329899079,-0.800557971620476,-0.2703134767370692,1.0076112982803145,-0.3374007108523015,1.6712433915867495,0.13852389517324623,1.3565288815175973,-0.4731085651710687,0.702825389942286,-1.8885447340700625,1.3878323979739005,-2.6115486951551654,-1.488445728000197,-1.7822591871792077,-0.262572205560974,0.4640269860556872,0.2683664805498503,-1.1713335639843694,-0.7042646973188617,-1.444261363422534,0.023013683288786526,-3.2989285700244597,-0.36230635440346043,0.3168349060717423,0.8378871598482842,-1.7447948458363698,1.144965210851745,0.3913657469652791,1.2678939194719736,2.564105320944593,0.1382655010358205,1.7911767864725716,-2.35830348077446,-0.056530205769405255,0.5682604299676656,-1.3876948055298866,3.4890768781183112,-1.1079692179049558,-0.12254862184858374,1.7801068212149762,0.452929152402386,0.1628327342098316,0.7878479212581394
0.21890770499735804,1.8019057384512567,1.1715401015142242,0.908487429380137,-1.3510758007073678,0.23177530185702833,-1.9481431514411156,-0.40660278199542843,-1.982189843897749,0.8619511184772765,-0.48711907778119257,2.788372525625864,-1.8035429339665652,3.9964731647441574,1.829289841841219,2.8729277908003406,0.3931260265452995,-0.9296654013077387,-0.03197720222243334,1.3376622456081113,0.7224226611030465,1.9243425607200917,-0.06433554777959719,3.918088556513244,-0.1530232227378732,-0.11219770520341217,-1.0857482615852008,2.7812594484571234,-1.7487906851446848,-0.5656304634524789,-1.968671835187608,-3.3588254552956376,0.2632791960217088,-2.35830348077446,3.3201122661370333,0.3548488840832216,-0.6817546283414042,1.637341700244924,-4.854428391173696,1.465282916314902,0.1323546485487703,-2.242341010827198,-0.5244578969027673,0.18444629489755537,-0.9467553777617821
-0.310496161436841,1.082604544327933,0.36809226197626,1.3342251895378692,-0.07838460128929384,-0.27275450755065866,0.37259628451924726,-0.6009892714284457,-0.5323185444853226,0.3930761185444065,0.9700226936902616,0.6340149225919278,0.07376076152338328,1.1409488842736197,-0.015194740032642245,1.1329109905548433,0.1346312467383696,-0.5147132344295443,0.6269846833717093,-0.3366233936499032,-0.38536815189215545,0.1198928554618173,-0.07093785641369679,-0.7799246832993285,-1.2936943050939476,0.6213562874966859,-0.059118355732183214,1.1410987082276747,-0.6197397066691075,-0.188608510477054,-0.6046069478485793,-0.014517414064186725,0.9332844988843378,-0.056530205769405255,0.3548488840832216,0.5662213641269679,-0.02310020261046161,-0.29379387748231056,-0.5083941212034728,0.03798202503600081,0.08089665732183042,0.2683991804636981,0.15741036016237953,0.7433375626253631,0.10553425739094249
-0.17247660203962228,-0.36494584391667506,-0.30570046750160007,-0.2646774471454402,0.41784233746868754,-0.284182959178597,0.6140144950801062,0.08007611092518908,0.48621089906553394,0.0607565277324043,0.21242713361418927,-0.5546536245039742,0.3590238638289456,-0.7162019520292852,-0.6343313406497346,-0.5880755533960395,-0.21133426469493882,0.047878513478888836,0.1815394248346184,-0.3995864532092555,-0.2513258420879892,-0.4719974564053172,-0.022746149268403588,-1.1480707796945793,-0.15817542270586413,0.14732195309239296,0.31490622394867884,-0.6290241801537827,0.4575534521912109,0.18293089103675647,0.3512394396188106,0.7285692571298449,0.04158911172409843,0.5682604299676656,-0.6817546283414042,-0.02310020261046161,0.35279447824283877,-0.5587894287519976,1.0608058930230304,-0.34743084390529055,-0.10768231886047148,0.6294274227888121,0.14705385383411446,0.11925423695996287,0.29783634619663785
0.48048731928995114,0.1303598314405795,0.37659645338296055,-0.5517780327569218,-0.8421838162327069,0.5601180550627466,-1.6446753344511935,0.2552770801873749,-0.7913197242237228,-0.02048936584967799,-1.223555808643518,1.0956997636139378,-1.103365617217951,1.2623352631311686,1.2947998841266468,0.7107906316077951,0.22437364513690308,0.004931228047965315,-0.6749403396963454,1.174587352679783,0.8235792003533229,1.0985661488504153,0.027036425178621693,3.262900597684123,1.1538982202655204,-0.7063626415048101,-0.7007582610344399,0.7158250120574093,-0.5756233789687218,-0.24534798982612918,-0.5969527988749053,-1.975037508946783,-0.7240245994111401,-1.3876948055298866,1.637341700244924,-0.29379387748231056,-0.5587894287519976,1.3888674865466417,-2.4697796955575195,0.8627470695222041,0.07657863445133616,-1.6756998287737968,-0.47020300164287177,-0.6555323206137802,-0.7399073000919508
-0.3075483400175555,-2.6432132350591884,-1.6809148304874928,-1.2906261658527207,1.9989407372124632,-0.41005399352782973,2.9784500802506093,0.6379732341826678,2.967914543199504,-1.2370992104047398,0.7976284351095921,-4.116028909859218,2.6650649394340267,-5.80972622605471,-2.793862689864092,-4.177380833171211,-0.5752763206719934,1.2992656897908001,0.0700537491883667,-2.040377669083898,-1.0934918850707855,-2.8835650911681103,0.1295846792348214,-5.9209392158564045,0.1512727786365288,0.2237256946689633,1.692937141632795,-4.097959784603486,2.581760314822179,0.8775347215342645,2.8739118238909236,4.984932657865765,-0.31679406583237635,3.4890768781183112,-4.854428391173696,-0.5083941212034728,1.0608058930230304,-2.4697796955575195,7.1535847489197115,-2.175621907748579,-0.24280991770034274,3.3050083986081487,0.7808515493386116,-0.18955181101722052,1.452716803068555
0.15646886921819025,0.6237327340069987,0.46233737926976215,0.13651491580007727,-0.6184478487455298,0.2072191389066646,-1.0542466655755438,-0.09026466269624181,-0.8507829736885371,0.31377141600836006,-0.4661706664023858,1.1852593727437704,-0.8696214487108302,1.6073261994228545,0.9281724160814057,1.0873231263514151,0.14891146744447178,-0.2850323667656339,-0.16087476385080393,0.7401005580458048,0.43822570994928345,0.908369573558447,-0.03269947395469079,2.080597107155733,0.23579740348510317,-0.20748080711474706,-0.5457570369402416,1.0746395974558935,-0.7036024231745337,-0.24593669510282418,-0.7882100472647335,-1.6047584776492088,-0.10926527649254762,-1.1079692179049558,1.465282916314902,0.03798202503600081,-0.34743084390529055,0.8627470695222041,-2.175621907748579,0.6921956979164012,0.0790190761588226,-1.1059794115305197,-0.28530657879637394,-0.11450493580697611,-0.4992982942904237
-0.04777090008654252,0.28473484155836903,0.15022968256165894,0.318227365476135,-0.06617947799598976,0.06441728789791062,-0.10742070191110864,-0.16208859534736675,-0.21887370724588032,0.062534740686075,0.13354383765956132,0.20783075440663246,-0.05175784471675893,0.29993153217867596,0.2144431206022659,0.27373758818574656,0.035981772572418164,-0.020856778955671763,0.05433907827487671,0.05980241244880153,2.478006854930654e-4,0.13412307482181932,-0.019632331232433214,0.10946962876909826,-0.1687707586092459,0.07894812919488525,-0.10353802456684391,0.3264769503270313,-0.22202769794460514,-0.07396481253682205,-0.15521373531698768,-0.1721723631405586,0.12075039206024822,-0.12254862184858374,0.1323546485487703,0.08089665732183042,-0.10768231886047148,0.07657863445133616,-0.24280991770034274,0.0790190761588226,0.09847890542466672,-0.026427978283301106,-0.004296793580024758,0.05385057629123022,-0.06811371781517407
-0.5810871681662451,-0.3036857012129073,-0.5216516285618693,0.5475907051707662,1.0895176009967198,-0.5675353180426085,1.9490732821161458,-0.30101097659936915,1.0405761353841925,-0.10041879024386623,1.4028836509260791,-1.5234091626512412,1.4261423394992905,-1.883939645648982,-1.5125161653497405,-1.1306216357729602,-0.30076017911631214,0.18445584875061888,0.7318094104215814,-1.3913877433307018,-0.9679929868549411,-1.3900770004964111,-0.039807332443125266,-3.9753650659055983,-1.2266265598766188,0.7750366364566578,0.8325282943457631,-1.068739410222382,0.7958429144113479,0.2978289947470335,0.8992340138417455,2.524415203722802,0.7407128112043162,1.7801068212149762,-2.242341010827198,0.2683991804636981,0.6294274227888121,-1.6756998287737968,3.3050083986081487,-1.1059794115305197,-0.026427978283301106,2.145348401665131,0.5789241720694609,0.6408244248780397,0.8766384441771319
-0.17566203497504995,0.08197299439402758,-0.07045752107695306,0.3579347418303744,0.25060696525483456,-0.18086740489582614,0.5696995459143324,-0.1593937754428449,0.19723171645119345,-0.003048050822854622,0.516409240516956,-0.3109694039321046,0.39216549010529095,-0.3221301775618894,-0.40209621786642946,-0.10972035331873921,-0.03138922974641163,-0.036457137931686534,0.274785746608733,-0.4220988964383343,-0.30978917546780294,-0.35155722338209955,-0.008030136775768366,-1.1521347871616763,-0.5128024480967548,0.28983729730780955,0.2182527776180311,-0.10068452451369025,0.11055904235734344,0.04364387429106616,0.14775727899085986,0.6754721442399031,0.3465070136122972,0.452929152402386,-0.5244578969027673,0.15741036016237953,0.14705385383411446,-0.47020300164287177,0.7808515493386116,-0.28530657879637394,-0.004296793580024758,0.5789241720694609,0.17615249332385183,0.2851806265573504,0.248138326127935
-0.4517610691866878,1.3465971315470326,0.49244534133649315,1.8112503596564689,0.06571537449104428,-0.492387297190966,0.8451963409006498,-0.7522954088886625,-0.4724589419812481,0.5202230966468631,1.5176583320434842,0.5753086976822355,0.2805777766221067,1.2945508392663234,-0.3153683675874054,1.3406770609862069,0.12277170719110617,-0.6873203469406463,0.9030760546480259,-0.6788606622923695,-0.6346502734327433,-0.08888105262665431,-0.039846990658378746,-1.6910903881447243,-1.8636858207934737,0.9585085680378425,0.16294286336447222,1.2916175254257856,-0.6696333469606025,-0.1413604477475636,-0.669170820872872,0.33431310208595993,1.3573990108897107,0.1628327342098316,0.18444629489755537,0.7433375626253631,0.11925423695996287,-0.6555323206137802,-0.18955181101722052,-0.11450493580697611,0.05385057629123022,0.6408244248780397,0.2851806265573504,1.1088322409823008,0.3162063765173676
