V1,V2,V3,V4,V5,V6,V7,V8,V9,V10,V11,V12,V13,V14,V15,V16,V17,V18,V19,V20,V21,V22,V23,V24,V25,V26,V27,V28,V29,V30,V31,V32,V33,V34,V35,V36,V37,V38,V39,V40,V41,V42,V43,V44,V45
1.5575750242042288,-0.13279665563201504,0.010015402057586643,0.07931764163318182,-0.3441847553127419,0.41404630670819287,-0.46902210277333106,0.293917139700089,0.8023219416915595,0.35530841249062645,0.12016792370266442,-0.8461486551483755,0.601683439122058,0.4590574181537843,-0.07297198263496632,0.5096503764675614,-0.0806345466620014,0.523297607307132,-0.4659222820847008,-0.29632071673672133,0.2342822057805987,-0.04449037228620133,0.56940057116255,0.02333558217562496,0.4067815345021912,0.3596197738073791,-0.302801944432481,-0.7997750873407398,0.1364089339472928,-0.19418018588954805,0.6118029982166362,0.04485725509454018,-0.7704165622767171,-0.522108692326769,0.6193370410721902,0.009466209411854406,0.23076084515048653,-0.3802350346515604,0.5228641635088684,0.2690772283599806,0.13235405334966283,0.23709894888996746,-0.11934394103563754,0.12749770152380807,-0.2904229789772718
-0.13279665563201504,0.5330345836286974,-0.30174390402149553,-0.18147352722685564,0.4232788917066035,-0.3375528960778853,0.10147229979203372,-0.23369222691923022,-0.2233066488124943,0.11916582473544556,0.6316617944623905,0.47654595091758983,0.6169858756099064,-0.2281238234639363,0.04198525225009967,-0.01017355617390925,0.2787205996506428,0.23252222480781704,0.44062940037344034,0.41526259417925837,0.45324074695965894,-0.03909230380776973,-0.298385893166949,-0.01685624670462611,-0.329722122631332,0.3323165552445642,-0.6002290024030649,0.03088308384450832,-0.07495119703465172,0.04797353645591455,0.3770172681040658,-0.5702866692730775,-0.19426248486244535,0.07481685930747971,-0.6211473739194696,0.39578450975892276,0.13491568883228466,-0.08290838312563231,0.398441485119288,0.13178497806468556,0.2841389906270814,0.08731051471332082,-0.1157785121779441,-0.21001285181777382,-0.13923842748141302
0.010015402057586643,-0.30174390402149553,0.9642108273147034,0.2603816642052449,-0.056826809668457205,-0.152976582510607,-0.5360441829013957,0.32079444325035217,-0.27562319902465693,-0.5398853741619637,0.31690957323142893,-0.08880830711546209,-0.45349070303085237,-0.14049174078679202,-0.3631607289854201,0.48086179818200975,-1.001209182069614,-0.26962506225011207,-0.24035195267162385,-0.8310999736791344,-0.2816732422021053,0.3953081984523492,-0.036309171728874705,-0.428692452139508,-0.3917412860325737,-0.06136693219414061,0.6477804767930375,-0.10964671652666592,0.2440028784273192,0.07115745726184919,-0.4335122384211889,0.8780357379980744,0.05797320748759242,0.2451921143403104,0.508926626959937,0.3788439146625893,-0.48770209163529565,-0.5111648421982964,-0.31596169419396913,-0.16791535380816824,-0.2610765017064665,0.1406015438713418,0.7572181936247198,0.16535019198666184,-0.0022558090091103007
0.07931764163318182,-0.18147352722685564,0.2603816642052449,1.2897679949750944,-0.04816853852697231,0.4085753350371217,-0.4261112424760522,-0.5267855386830601,0.3148857431995819,0.05139704513018207,0.7570445814113461,-0.06772490766018971,-0.1578230097626145,-0.23768407410644757,-0.2899508989370422,0.30940573984917197,-1.0007475801497254,0.12594998975327312,0.13614582039555675,-0.6599499333198214,0.06642217831257394,0.5783361976454047,0.02360894261717114,-0.34599305796404767,0.9032648358034088,-0.5442361564738873,0.33863885983441755,0.7459215292585716,-0.37979695119006834,-0.056768227268417376,0.26930703723664684,0.41687202480393454,-0.11561014610111973,0.23877514955975862,0.15857454299993287,0.23728053439623337,0.5433820961940785,0.48644307890341415,0.3977869027857665,0.6125483942339605,0.20715445670490804,-0.24040762712357905,-0.12235045798028335,-0.3705740620636569,0.22143333754883926
-0.3441847553127419,0.4232788917066035,-0.056826809668457205,-0.04816853852697231,0.9878501339294217,-0.4142387666012783,-0.047784587061222454,0.013321476967094919,-0.8081946608357446,0.2138793977334607,0.18881006435654774,0.6205860679699756,-0.16636497733279937,-0.8274688242604411,-0.278683786782904,-0.09589175315702413,-0.1249822791703583,0.4859276600582658,0.6107981574172806,0.20206985410171563,0.15821024937313485,0.2212431607019554,-0.5306539500171773,-0.5616108423852125,-0.41130879760114414,0.13071957478036772,-0.7980021838820085,0.1797003374985979,-0.0015658238837250426,-0.06915471715483124,0.44073634695647235,-0.4199599836095941,0.2989238059436655,0.5765083322605217,-0.16303764215170216,0.2426099083378438,0.08041573442229251,-0.35788599816419375,0.10969113850836378,0.5190307597636703,0.10226880894646916,0.08559336312744827,0.1555873153781478,-0.4799631781364888,-0.3386459498388236
0.41404630670819287,-0.3375528960778853,-0.152976582510607,0.4085753350371217,-0.4142387666012783,0.8682551981048063,-0.053994261487837626,-0.007998665950921021,0.6472366082710919,0.30632452391456555,-0.6801411821493751,-0.6214800678609149,-0.3336327096903418,0.374400953580361,0.2841839214129039,0.23197403496788122,-0.10278761860059744,0.19859009365038022,-0.24017522489621826,-0.4247348221415778,-0.030983330885021133,-0.12406800234137141,0.3702705635135778,0.3364820514058221,0.9292860483859755,0.21651950340351597,0.44870933873403523,-0.08569600483898235,-0.24250689162733477,0.23857498826441662,0.11986164010707345,0.2072137155941342,-0.15025825765489656,0.13087444474466484,0.5808130864142161,-0.7916611069655628,0.43857259540076327,0.6311633752429828,-0.02896652816120737,-0.09308440523664199,0.09901108279251263,-0.006471217034189369,-0.11346060173499013,0.3274546463969722,-0.09954078324972034
-0.46902210277333106,0.10147229979203372,-0.5360441829013957,-0.4261112424760522,-0.047784587061222454,-0.053994261487837626,0.9589707572759504,-0.2890313836993873,-0.08632452468357134,0.035204831930719375,-0.3998153463422718,0.009174785632478142,0.06341283218837775,0.354852259864497,0.523065080107319,-0.5997777323828346,0.1273749302165094,-0.5821686582384579,0.031678542141346806,0.884678540316449,-0.3775197519819421,-0.3218004399585323,-0.03554724953585489,0.4745977529004242,-0.43600903599516244,-0.5338182884508161,-0.5671345542229924,0.004762352056125728,-0.34181343139151277,-0.043792906272368516,-0.1916204083251759,-0.3671254824093249,0.13431185207821647,0.10842832535252103,-0.24496172344479555,-0.4167825953740339,-0.16194724795421125,0.2730260899016894,-0.3986494132457203,0.21571707580882837,0.35830112978320766,-0.39816563777853536,-0.5659655384749769,0.0018773847904368977,0.2897601735175695
0.293917139700089,-0.23369222691923022,0.32079444325035217,-0.5267855386830601,0.013321476967094919,-0.007998665950921021,-0.2890313836993873,0.9226621836568872,-0.23666176103892547,-0.09560574303367478,-0.7791195893173272,-0.1571039827783204,-0.36443121958076685,-0.15821076831165085,0.026307049972193887,0.12162535462281558,0.38478294259159945,0.11507731991913972,-0.49881846363024784,-0.2955875934167147,0.060479722787432716,-0.20512951287626652,0.19188641600765635,-0.14666405743717534,-0.29621106205209063,0.6878832728067126,0.5209576143801912,-0.5491839888398684,0.2975389878365163,0.017146246129704907,-0.29256998551018576,0.2186683626136305,0.0671205492114332,-0.13020094996254,0.5121431606229018,-0.33382483045366507,-0.42992270932404225,-0.3822000582653999,-0.19107286163545018,-0.7255307923078155,-0.5163210768649015,0.3532079142970479,0.6089913730282785,0.48754606668106065,-0.45960656897892155
0.8023219416915595,-0.2233066488124943,-0.27562319902465693,0.3148857431995819,-0.8081946608357446,0.6472366082710919,-0.08632452468357134,-0.23666176103892547,1.0906498084780551,0.22108616779617574,0.02348473079575845,-0.7075128369486806,0.5024059569002383,0.7765140918213297,0.2357780616883487,0.23365266721770986,0.2064535242587858,0.05914527772547896,-0.3616296616891117,-0.15655761305149637,0.1582322345096998,-0.18877164597725066,0.5596268453713402,0.5297510500171047,0.8851783957085988,0.052913646770500124,0.29617059125995754,-0.17815075254821763,-0.12255507930635642,0.035253450214688904,0.19875335853101317,0.05837128962696779,-0.5698330188049521,-0.5527570129237916,0.1318362728556325,-0.2410735024803072,0.4374857875569077,0.4857905140690256,0.3565889609707438,-0.06966527696137514,0.17203527738297825,-0.031064358036692184,-0.4515206634240111,0.24516617965785953,0.1691009335388908
0.35530841249062645,0.11916582473544556,-0.5398853741619637,0.05139704513018207,0.2138793977334607,0.30632452391456555,0.035204831930719375,-0.09560574303367478,0.22108616779617574,0.6102938558676747,-0.3786726322682401,-0.12144132039176041,0.019737622160944584,-0.07894448071626406,-0.00907817155719536,-0.08856793612798865,0.4822940356628723,0.6691804348410174,0.20446676571206124,0.18960109153710575,0.18290802829055922,-0.08603853329843114,0.03645046085975221,0.03860313460679152,0.6310760754017734,0.15713994466856201,-0.5470421020415277,-0.05169638371757432,-0.06780778696467009,-0.05474903520889952,0.6197502262127765,-0.5155786712336461,0.03810661141570824,-0.03985853576292829,0.08791155243003393,-0.3780246561085666,0.555653419649836,0.1916684415749831,0.2811590201777619,0.3675367476404653,0.14126552253724922,0.0067345797992246085,-0.3776882607196035,-0.26014772697163585,-0.21103403253664316
0.12016792370266442,0.6316617944623905,0.31690957323142893,0.7570445814113461,0.18881006435654774,-0.6801411821493751,-0.3998153463422718,-0.7791195893173272,0.02348473079575845,-0.3786726322682401,2.842324005029623,0.6450280228780695,1.3858430043914225,-0.33983745898389445,-0.4415836842794929,0.5476675469334025,-0.8528407936401896,0.04366598403078408,0.30330278281193,-0.16705615137382326,0.7296280173424127,0.7457485762725548,-0.37975222540645304,-0.3784243816058475,-0.33712144264556854,-0.22822174672495826,-0.28327934716799924,0.2799598874243291,-0.11955064151951661,-0.06720983038663021,0.47294640607522176,-0.08593067610140172,-0.6812774891468478,-0.3760207989644346,-0.9793981083132955,1.7113831230085395,0.0639603131339239,-0.35955677473904657,1.0598312775680339,0.3360060095713967,0.539861345775699,-0.13131375714184018,0.05879594154934514,-0.608776208106876,0.2717020063795926
-0.8461486551483755,0.47654595091758983,-0.08880830711546209,-0.06772490766018971,0.6205860679699756,-0.6214800678609149,0.009174785632478142,-0.1571039827783204,-0.7075128369486806,-0.12144132039176041,0.6450280228780695,0.980335896734587,0.18388585122243292,-0.7345135585189239,-0.15585110465187113,-0.2211735685561448,0.38589317289836844,0.09002783318310546,0.5247188703067411,0.3002700421836322,0.43856202537873823,0.13266602273986966,-0.5457707153904753,-0.31119308251846656,-0.38901080935809923,0.169108645471566,-0.10660230697281489,0.5606560710110545,-0.02621874541224578,0.012727543669732257,0.009143927258725287,-0.43737397363058805,0.27734352641071613,0.14205761181397195,-0.8587870804627847,0.5469912366312571,-0.019912752005262872,0.004835958437092695,0.27839498558923154,-0.14982653343275115,-0.07551221341320496,0.03302818571426028,0.1424448961130024,-0.3257083381007172,-0.05287122622797993
0.601683439122058,0.6169858756099064,-0.45349070303085237,-0.1578230097626145,-0.16636497733279937,-0.3336327096903418,0.06341283218837775,-0.36443121958076685,0.5024059569002383,0.019737622160944584,1.3858430043914225,0.18388585122243292,1.8565486264667415,0.40111537945941556,0.34077856634834763,0.07294522964462016,0.46220974310215085,-0.1632015558914631,0.11225389000472288,0.7531277007356421,0.8855999334384884,-0.29900367075087486,0.19248270505296364,0.30655548924808473,-0.391533884886837,0.36802437030130647,-0.6294928014137334,-0.04554515463044221,-0.2927922645258027,-0.22223030198965224,0.45348521308461553,-0.6821865229225017,-1.156970073759215,-0.6071519980697521,-1.0583838822396676,0.8603787048104514,0.1699455563179983,0.028650780034094714,1.0571678608886028,0.15972096209979067,0.5086190106438352,0.10854511808565757,-0.6015979010076168,0.014385973914163495,0.05132830208213371
0.4590574181537843,-0.2281238234639363,-0.14049174078679202,-0.23768407410644757,-0.8274688242604411,0.374400953580361,0.354852259864497,-0.15821076831165085,0.7765140918213297,-0.07894448071626406,-0.33983745898389445,-0.7345135585189239,0.40111537945941556,1.1133520087823738,0.4774967484889384,0.024926914330538404,-0.04715133700843051,-0.6014131277689073,-0.34255317403147684,0.233203508263928,-0.30766595843672684,-0.4262755136455392,0.501197622561762,0.7108411386312243,-6.151289711497628e-4,-0.17248458217303228,0.01647273587279938,-0.3749574094113126,-0.1229054264342889,0.044682401867378846,-0.23960530161008997,0.1819517129344053,-0.4915077430157498,-0.24686751068504553,0.153119023154589,-0.3225441660695846,-0.06885740577212478,0.2132322601902643,-0.24222845404082985,0.007550476289654259,0.2653531039152305,-0.08318385845655481,-0.44703799367513214,0.450141357413483,0.3198267501041548
-0.07297198263496632,0.04198525225009967,-0.3631607289854201,-0.2899508989370422,-0.278683786782904,0.2841839214129039,0.523065080107319,0.026307049972193887,0.2357780616883487,-0.00907817155719536,-0.4415836842794929,-0.15585110465187113,0.34077856634834763,0.4774967484889384,0.7606627800918742,-0.18806708332802452,0.23521440214422873,-0.5331283733746498,-0.15869774054846159,0.4831931787212828,0.1290919479702237,-0.528071856125687,0.2538010033403671,0.5640694257856711,-0.21079297021492588,0.288429665765173,0.0785954232624071,-0.05095918437760612,-0.46929883483563356,0.1321771716562586,-0.22579288334709646,-0.19146683654440655,-0.41003996946425203,0.13674857819867486,-0.1713277226785275,-0.5149377713425985,-0.0488269484784617,0.5541513079686823,-0.045025941199502345,-0.26716214727971693,0.26487053744280564,-0.03936823558073396,-0.30249771413463866,0.5343132721264289,-0.020089274505868178
0.5096503764675614,-0.01017355617390925,0.48086179818200975,0.30940573984917197,-0.09589175315702413,0.23197403496788122,-0.5997777323828346,0.12162535462281558,0.23365266721770986,-0.08856793612798865,0.5476675469334025,-0.2211735685561448,0.07294522964462016,0.024926914330538404,-0.18806708332802452,0.8142952077553492,-0.5311906383967794,0.4091234020227568,-0.11299402104831745,-0.8689215888210396,0.28230024842966117,0.27361741364962766,0.015786790384094862,-0.08760126935069917,0.20728593411185042,0.6553094338425313,0.44057873208217224,-0.4576887092676812,0.1733493680618681,0.3723042996368175,0.19347337709683549,0.3897722538268737,-0.31417788242558864,0.08604886074410129,0.3709402519570558,0.2013404728077077,0.056597248525301534,-0.22259528095704356,0.20704507311773943,-0.3297411356106696,0.06321475395560877,0.2995620171009637,0.6116517068338623,0.2158914922663586,-0.28309514627491805
-0.0806345466620014,0.2787205996506428,-1.001209182069614,-1.0007475801497254,-0.1249822791703583,-0.10278761860059744,0.1273749302165094,0.38478294259159945,0.2064535242587858,0.4822940356628723,-0.8528407936401896,0.38589317289836844,0.46220974310215085,-0.04715133700843051,0.23521440214422873,-0.5311906383967794,2.657848760161932,0.6543904619161658,-0.04371343717593716,0.7215921042610673,0.7862120050377465,-0.7504018040851443,0.10425035250739305,0.5043210952189504,0.5235863185346592,1.0447340021324771,0.2229627216341222,-0.12492621544592275,0.3684415854902876,0.01973580289944297,0.10989994991206993,-1.0973351640537525,0.200594724119959,-1.0280828493896033,-0.8442388310644606,-0.40230095087564777,0.30901155137787767,0.38121712884550096,0.4614383899510416,-1.1712396820363482,-0.5781509806836388,0.3338380604185434,-0.2837607921016074,0.20717303974773463,-0.302987970632982
0.523297607307132,0.23252222480781704,-0.26962506225011207,0.12594998975327312,0.4859276600582658,0.19859009365038022,-0.5821686582384579,0.11507731991913972,0.05914527772547896,0.6691804348410174,0.04366598403078408,0.09002783318310546,-0.1632015558914631,-0.6014131277689073,-0.5331283733746498,0.4091234020227568,0.6543904619161658,1.5229859374408474,0.2586223587501838,-0.5060896778881704,0.5174782912806847,0.28046937379459647,-0.23443971386798493,-0.2947745289720306,0.9140103431196729,0.7843372699295282,-0.24401947343005612,-0.3984311967450641,0.44259130832870125,0.21254221201984821,0.9114101299539186,-0.4764837692746686,0.27147212452602015,-0.19554327912430267,0.21635786567234272,-0.07303368846743408,0.63149976480624,-0.2212038676609305,0.5025654939353503,-0.12374839214111144,-0.13437622931028959,0.31226348133246445,0.3032386592559286,-0.3993800732636648,-0.5659363196716807
-0.4659222820847008,0.44062940037344034,-0.24035195267162385,0.13614582039555675,0.6107981574172806,-0.24017522489621826,0.031678542141346806,-0.49881846363024784,-0.3616296616891117,0.20446676571206124,0.30330278281193,0.5247188703067411,0.11225389000472288,-0.34255317403147684,-0.15869774054846159,-0.11299402104831745,-0.04371343717593716,0.2586223587501838,0.8726174909101072,0.31837164174199367,0.13055870208813705,0.06998028245251228,-0.4483059787138193,-0.20178651831812908,-0.08381835776387787,-0.0421992706518489,-0.7635116440794412,0.522267364657296,-0.09494020346338536,0.02096788521770761,0.40385413091775857,-0.43189752438951073,0.11778501186771069,0.5808812105783863,-0.5132918321593648,0.30725267044030563,0.3771705669947424,0.06690148592623724,0.13606617444052344,0.6872615409387371,0.2782486307851744,0.04134211057504245,-0.24648891466935194,-0.45731419607717855,-0.003857269781403447
-0.29632071673672133,0.41526259417925837,-0.8310999736791344,-0.6599499333198214,0.20206985410171563,-0.4247348221415778,0.884678540316449,-0.2955875934167147,-0.15655761305149637,0.18960109153710575,-0.16705615137382326,0.3002700421836322,0.7531277007356421,0.233203508263928,0.4831931787212828,-0.8689215888210396,0.7215921042610673,-0.5060896778881704,0.31837164174199367,1.4828297441238418,2.9009092694220887e-4,-0.5446230154469388,-0.01625015095386253,0.3188378315482162,-0.684843905230231,-0.44270280570842063,-1.1693038610828692,0.2576805850815146,-0.35102838603953784,-0.4262052899323393,0.09139695698013353,-0.8806205892706198,-0.18101273625734862,-0.10941936614252683,-0.8181875967524141,0.02061109185458712,-0.029217890330052516,0.13607688806531784,0.0889740664061253,0.5900241194766033,0.34360997699322987,-0.24956637395994521,-0.9661285826795982,-0.2050347838117037,0.23250558296342574
0.2342822057805987,0.45324074695965894,-0.2816732422021053,0.06642217831257394,0.15821024937313485,-0.030983330885021133,-0.3775197519819421,0.060479722787432716,0.1582322345096998,0.18290802829055922,0.7296280173424127,0.43856202537873823,0.8855999334384884,-0.30766595843672684,0.1290919479702237,0.28230024842966117,0.7862120050377465,0.5174782912806847,0.13055870208813705,2.9009092694220887e-4,1.1048606322676366,-0.12135986851340239,-0.019398742004963214,0.015187103081484158,0.2804718861261138,1.0455501478201115,0.22054982382395985,0.09474130306010962,-0.14359152368978734,0.1324850670821362,0.4221095953542045,-0.548430900408535,-0.5417753533356098,-0.3169991379704143,-0.6863268504354749,0.33678400715407636,0.3786941565911895,0.2936916286005879,0.9697426992703353,-0.5325698933207148,0.03151967519453205,0.3351689833535491,0.08131366848696947,0.119874119332373,-0.39853278672146725
-0.04449037228620133,-0.03909230380776973,0.3953081984523492,0.5783361976454047,0.2212431607019554,-0.12406800234137141,-0.3218004399585323,-0.20512951287626652,-0.18877164597725066,-0.08603853329843114,0.7457485762725548,0.13266602273986966,-0.29900367075087486,-0.4262755136455392,-0.528071856125687,0.27361741364962766,-0.7504018040851443,0.28046937379459647,0.06998028245251228,-0.5446230154469388,-0.12135986851340239,0.6344430037008785,-0.25820787913757276,-0.4584220524966278,0.19242965690885108,-0.417055047682847,0.046425325545370696,0.12174441291590514,0.12021802538036253,-0.009216614202208448,0.17108223163583972,0.30748040082853656,0.2715325486436508,0.05694279340906266,0.2010517782317575,0.42936510875185513,0.03796770046328996,-0.28857034364628,0.06162746203021064,0.28497285723260446,0.019897436784947705,-0.15271547547162456,0.290772431619933,-0.45821881266750203,0.09176054593845541
0.56940057116255,-0.298385893166949,-0.036309171728874705,0.02360894261717114,-0.5306539500171773,0.3702705635135778,-0.03554724953585489,0.19188641600765635,0.5596268453713402,0.03645046085975221,-0.37975222540645304,-0.5457707153904753,0.19248270505296364,0.501197622561762,0.2538010033403671,0.015786790384094862,0.10425035250739305,-0.23443971386798493,-0.4483059787138193,-0.01625015095386253,-0.019398742004963214,-0.25820787913757276,0.5106585874048999,0.24988268940514036,0.27362223352259374,0.0040377584133521926,0.28328284692900046,-0.1442616625125846,-0.11949706231761374,-0.14548718570110594,-0.10879809346698925,0.1816466008310655,-0.3998958697117931,-0.32101605340282163,0.27770135902675863,-0.28806910001661007,0.028627495973580396,0.20649856888876308,0.08252056727135933,-0.07352189261080601,-0.05320642143287968,0.01715149795988381,-0.23462300424330673,0.34259958775073596,0.0461037913379781
0.02333558217562496,-0.01685624670462611,-0.428692452139508,-0.34599305796404767,-0.5616108423852125,0.3364820514058221,0.4745977529004242,-0.14666405743717534,0.5297510500171047,0.03860313460679152,-0.3784243816058475,-0.31119308251846656,0.30655548924808473,0.7108411386312243,0.5640694257856711,-0.08760126935069917,0.5043210952189504,-0.2947745289720306,-0.20178651831812908,0.3188378315482162,0.015187103081484158,-0.4584220524966278,0.24988268940514036,0.7611115049328989,0.13980875754012714,0.22724804789790448,0.18112587088746554,-0.27876453395758716,-0.14337795018224447,0.2635496982256405,-0.1807301151137902,-0.177451004378079,-0.23032581045063538,-0.2257223104292283,-0.16072971621079543,-0.4806257741045644,0.04407357886094517,0.47708576841605843,-0.12773116274210833,-0.46842011079175916,0.1919738552352927,-0.05713323138477452,-0.30428766205034935,0.4415599089977003,0.13322109461666023
0.4067815345021912,-0.329722122631332,-0.3917412860325737,0.9032648358034088,-0.41130879760114414,0.9292860483859755,-0.43600903599516244,-0.29621106205209063,0.8851783957085988,0.6310760754017734,-0.33712144264556854,-0.38901080935809923,-0.391533884886837,-6.151289711497628e-4,-0.21079297021492588,0.20728593411185042,0.5235863185346592,0.9140103431196729,-0.08381835776387787,-0.684843905230231,0.2804718861261138,0.19242965690885108,0.27362223352259374,0.13980875754012714,1.9953485819100243,0.08363980656547876,0.6766714849412613,0.36411859159689663,-0.0507707664009522,0.1462132860838084,0.49972323684342373,-0.041448472768793695,0.19623853177417985,-0.41183886772157335,0.29911224406446585,-0.5888580426173428,1.0228227176838245,0.8796809176306394,0.4632012221226388,-0.11458274074660012,-0.15138480358782003,-0.0770745825522547,-0.27757163355183856,-0.19888523682307116,7.435993781766085e-4
0.3596197738073791,0.3323165552445642,-0.06136693219414061,-0.5442361564738873,0.13071957478036772,0.21651950340351597,-0.5338182884508161,0.6878832728067126,0.052913646770500124,0.15713994466856201,-0.22822174672495826,0.169108645471566,0.36802437030130647,-0.17248458217303228,0.288429665765173,0.6553094338425313,1.0447340021324771,0.7843372699295282,-0.0421992706518489,-0.44270280570842063,1.0455501478201115,-0.417055047682847,0.0040377584133521926,0.22724804789790448,0.08363980656547876,2.0520706054151874,0.6487366696488376,-0.6909166696759883,0.23113406737181488,0.6317615204386389,0.21075378630997285,-0.33677759572480065,-0.41791128688987683,-0.007957116566141958,-0.11093704379049855,-0.2587787677517564,0.11090251337392844,0.06550177583538452,0.47052528486007533,-1.3438805052473684,-0.22358803761678228,0.7887031024716034,0.7883132402054848,0.7596349416544854,-0.8892536854318154
-0.302801944432481,-0.6002290024030649,0.6477804767930375,0.33863885983441755,-0.7980021838820085,0.44870933873403523,-0.5671345542229924,0.5209576143801912,0.29617059125995754,-0.5470421020415277,-0.28327934716799924,-0.10660230697281489,-0.6294928014137334,0.01647273587279938,0.0785954232624071,0.44057873208217224,0.2229627216341222,-0.24401947343005612,-0.7635116440794412,-1.1693038610828692,0.22054982382395985,0.046425325545370696,0.28328284692900046,0.18112587088746554,0.6766714849412613,0.6487366696488376,2.2816395927396047,0.12130913155903005,0.15254534224791336,0.4795178674497632,-0.9181780172127817,0.8903502430042965,0.16395743923370745,-0.35612828397774393,0.2728177453217017,-0.32759828607819963,-0.24222964317109957,0.5812197590231037,-0.14262623301114002,-1.695779447226688,-0.7416884010973261,0.20440662991541425,0.8970536929505185,0.8226377003524797,-0.02761101313233168
-0.7997750873407398,0.03088308384450832,-0.10964671652666592,0.7459215292585716,0.1797003374985979,-0.08569600483898235,0.004762352056125728,-0.5491839888398684,-0.17815075254821763,-0.05169638371757432,0.2799598874243291,0.5606560710110545,-0.04554515463044221,-0.3749574094113126,-0.05095918437760612,-0.4576887092676812,-0.12492621544592275,-0.3984311967450641,0.522267364657296,0.2576805850815146,0.09474130306010962,0.12174441291590514,-0.1442616625125846,-0.27876453395758716,0.36411859159689663,-0.6909166696759883,0.12130913155903005,1.4251313226093623,-0.4977569630200371,-0.3053823623520617,-0.1206415653071748,-0.05420373919374318,0.13004007234209436,0.31963720218837155,-0.6646269029412409,0.2753017280608006,0.401250877214388,0.7344180283080953,0.2634202425158883,0.6080845157725628,-0.005237182955757083,-0.25985989648664204,-0.5191109375863648,-0.3942390201820489,0.39591594890121035
0.1364089339472928,-0.07495119703465172,0.2440028784273192,-0.37979695119006834,-0.0015658238837250426,-0.24250689162733477,-0.34181343139151277,0.2975389878365163,-0.12255507930635642,-0.06780778696467009,-0.11955064151951661,-0.02621874541224578,-0.2927922645258027,-0.1229054264342889,-0.46929883483563356,0.1733493680618681,0.3684415854902876,0.44259130832870125,-0.09494020346338536,-0.35102838603953784,-0.14359152368978734,0.12021802538036253,-0.11949706231761374,-0.14337795018224447,-0.0507707664009522,0.23113406737181488,0.15254534224791336,-0.4977569630200371,0.7137115640911683,0.09176152942035576,-0.04608089074044419,0.1333708083575521,0.366502563975209,-0.33155222244842086,0.2125912965357486,0.1923388370874731,-0.22896266805004684,-0.6183902967136857,-0.22897205461304013,-0.43147540505620097,-0.4252852945861747,0.23868263245051768,0.47572207399656624,-0.0466840051530057,-0.11073872313387874
-0.19418018588954805,0.04797353645591455,0.07115745726184919,-0.056768227268417376,-0.06915471715483124,0.23857498826441662,-0.043792906272368516,0.017146246129704907,0.035253450214688904,-0.05474903520889952,-0.06720983038663021,0.012727543669732257,-0.22223030198965224,0.044682401867378846,0.1321771716562586,0.3723042996368175,0.01973580289944297,0.21254221201984821,0.02096788521770761,-0.4262052899323393,0.1324850670821362,-0.009216614202208448,-0.14548718570110594,0.2635496982256405,0.1462132860838084,0.6317615204386389,0.4795178674497632,-0.3053823623520617,0.09176152942035576,0.5524446030874829,-0.07764882918968384,0.10099384315167396,0.09139058848058322,0.22617556625181237,0.09697451491524069,-0.2668213748394897,0.017236003126298353,0.17393751239624133,-0.16617746210539144,-0.656879665487159,0.035903374995848905,0.16091534497226398,0.4568193584186917,0.3215980517127511,-0.18999550926530254
0.6118029982166362,0.3770172681040658,-0.4335122384211889,0.26930703723664684,0.44073634695647235,0.11986164010707345,-0.1916204083251759,-0.29256998551018576,0.19875335853101317,0.6197502262127765,0.47294640607522176,0.009143927258725287,0.45348521308461553,-0.23960530161008997,-0.22579288334709646,0.19347337709683549,0.10989994991206993,0.9114101299539186,0.40385413091775857,0.09139695698013353,0.4221095953542045,0.17108223163583972,-0.10879809346698925,-0.1807301151137902,0.49972323684342373,0.21075378630997285,-0.9181780172127817,-0.1206415653071748,-0.04608089074044419,-0.07764882918968384,0.9900139034759124,-0.594032298838939,-0.23445330883849097,-0.017588532158125426,-0.06467393328812379,0.15976502029491488,0.6461413749741818,-0.09401796605628404,0.6460434920752606,0.6835140341113791,0.37845726174059663,0.061647600680171936,-0.32275057318604944,-0.5104668606549955,-0.2723644201436236
0.04485725509454018,-0.5702866692730775,0.8780357379980744,0.41687202480393454,-0.4199599836095941,0.2072137155941342,-0.3671254824093249,0.2186683626136305,0.05837128962696779,-0.5155786712336461,-0.08593067610140172,-0.43737397363058805,-0.6821865229225017,0.1819517129344053,-0.19146683654440655,0.3897722538268737,-1.0973351640537525,-0.4764837692746686,-0.43189752438951073,-0.8806205892706198,-0.548430900408535,0.30748040082853656,0.1816466008310655,-0.177451004378079,-0.041448472768793695,-0.33677759572480065,0.8903502430042965,-0.05420373919374318,0.1333708083575521,0.10099384315167396,-0.594032298838939,1.073743038399446,0.08007255837092263,0.22892146057476911,0.74945140904176,-0.0011667852932313628,-0.4094908371528429,-0.17122009960997228,-0.5294348694927039,-0.167587069547079,-0.24373768456616166,-0.011007723536337635,0.5598246675794278,0.3111663230510892,0.17880729178375823
-0.7704165622767171,-0.19426248486244535,0.05797320748759242,-0.11561014610111973,0.2989238059436655,-0.15025825765489656,0.13431185207821647,0.0671205492114332,-0.5698330188049521,0.03810661141570824,-0.6812774891468478,0.27734352641071613,-1.156970073759215,-0.4915077430157498,-0.41003996946425203,-0.31417788242558864,0.200594724119959,0.27147212452602015,0.11778501186771069,-0.18101273625734862,-0.5417753533356098,0.2715325486436508,-0.3998958697117931,-0.23032581045063538,0.19623853177417985,-0.41791128688987683,0.16395743923370745,0.13004007234209436,0.366502563975209,0.09139058848058322,-0.23445330883849097,0.08007255837092263,1.1247075827157311,0.12139644499273278,0.2599487035977862,-0.3413729740161204,-0.10826886682966622,-0.13947658366108387,-0.6562642008185078,-0.16831263790287312,-0.4049058596249454,-0.18574120761357776,0.29050182599557123,-0.35794296425267774,0.08560072659771234
-0.522108692326769,0.07481685930747971,0.2451921143403104,0.23877514955975862,0.5765083322605217,0.13087444474466484,0.10842832535252103,-0.13020094996254,-0.5527570129237916,-0.03985853576292829,-0.3760207989644346,0.14205761181397195,-0.6071519980697521,-0.24686751068504553,0.13674857819867486,0.08604886074410129,-1.0280828493896033,-0.19554327912430267,0.5808812105783863,-0.10941936614252683,-0.3169991379704143,0.05694279340906266,-0.32101605340282163,-0.2257223104292283,-0.41183886772157335,-0.007957116566141958,-0.35612828397774393,0.31963720218837155,-0.33155222244842086,0.22617556625181237,-0.017588532158125426,0.22892146057476911,0.12139644499273278,1.316063318103144,0.30192937484030147,-0.2695066720403941,0.01613830476603691,0.11511267378280599,-0.4720889908661797,0.6277829155083636,0.32056270586330693,0.045216775716487974,0.18417781499078695,0.03748080017482001,-0.15918410998241186
0.6193370410721902,-0.6211473739194696,0.508926626959937,0.15857454299993287,-0.16303764215170216,0.5808130864142161,-0.24496172344479555,0.5121431606229018,0.1318362728556325,0.08791155243003393,-0.9793981083132955,-0.8587870804627847,-1.0583838822396676,0.153119023154589,-0.1713277226785275,0.3709402519570558,-0.8442388310644606,0.21635786567234272,-0.5132918321593648,-0.8181875967524141,-0.6863268504354749,0.2010517782317575,0.27770135902675863,-0.16072971621079543,0.29911224406446585,-0.11093704379049855,0.2728177453217017,-0.6646269029412409,0.2125912965357486,0.09697451491524069,-0.06467393328812379,0.74945140904176,0.2599487035977862,0.30192937484030147,1.4236437487414058,-0.7216443411891458,-0.16356499927175763,-0.3436918074974662,-0.6414182567360361,0.1025161643842248,-0.16231581950499274,0.028409030764620452,0.4624206198985864,0.22260171462632342,-0.217090933689351
0.009466209411854406,0.39578450975892276,0.3788439146625893,0.23728053439623337,0.2426099083378438,-0.7916611069655628,-0.4167825953740339,-0.33382483045366507,-0.2410735024803072,-0.3780246561085666,1.7113831230085395,0.5469912366312571,0.8603787048104514,-0.3225441660695846,-0.5149377713425985,0.2013404728077077,-0.40230095087564777,-0.07303368846743408,0.30725267044030563,0.02061109185458712,0.33678400715407636,0.42936510875185513,-0.28806910001661007,-0.4806257741045644,-0.5888580426173428,-0.2587787677517564,-0.32759828607819963,0.2753017280608006,0.1923388370874731,-0.2668213748394897,0.15976502029491488,-0.0011667852932313628,-0.3413729740161204,-0.2695066720403941,-0.7216443411891458,1.4013513692678112,-0.16851405336127448,-0.6003232947400655,0.5641830294934796,0.35191582589553333,0.08241286258226924,0.05285553128536403,0.08668800302017633,-0.47062230265041716,0.20923492779433178
0.23076084515048653,0.13491568883228466,-0.48770209163529565,0.5433820961940785,0.08041573442229251,0.43857259540076327,-0.16194724795421125,-0.42992270932404225,0.4374857875569077,0.555653419649836,0.0639603131339239,-0.019912752005262872,0.1699455563179983,-0.06885740577212478,-0.0488269484784617,0.056597248525301534,0.30901155137787767,0.63149976480624,0.3771705669947424,-0.029217890330052516,0.3786941565911895,0.03796770046328996,0.028627495973580396,0.04407357886094517,1.0228227176838245,0.11090251337392844,-0.24222964317109957,0.401250877214388,-0.22896266805004684,0.017236003126298353,0.6461413749741818,-0.4094908371528429,-0.10826886682966622,0.01613830476603691,-0.16356499927175763,-0.16851405336127448,0.8362898071634784,0.5641117192695589,0.5347163778399638,0.42675406737796495,0.21841806781542478,-0.015237705790555457,-0.4622600451674189,-0.31302362045158605,-0.05938543569901289
-0.3802350346515604,-0.08290838312563231,-0.5111648421982964,0.48644307890341415,-0.35788599816419375,0.6311633752429828,0.2730260899016894,-0.3822000582653999,0.4857905140690256,0.1916684415749831,-0.35955677473904657,0.004835958437092695,0.028650780034094714,0.2132322601902643,0.5541513079686823,-0.22259528095704356,0.38121712884550096,-0.2212038676609305,0.06690148592623724,0.13607688806531784,0.2936916286005879,-0.28857034364628,0.20649856888876308,0.47708576841605843,0.8796809176306394,0.06550177583538452,0.5812197590231037,0.7344180283080953,-0.6183902967136857,0.17393751239624133,-0.09401796605628404,-0.17122009960997228,-0.13947658366108387,0.11511267378280599,-0.3436918074974662,-0.6003232947400655,0.5641117192695589,1.2504537079876086,0.22760286797522913,-0.20251133562536608,0.14687624783303443,-0.17749512011679153,-0.49580894673699777,0.2502540494169842,0.15672139160857834
0.5228641635088684,0.398441485119288,-0.31596169419396913,0.3977869027857665,0.10969113850836378,-0.02896652816120737,-0.3986494132457203,-0.19107286163545018,0.3565889609707438,0.2811590201777619,1.0598312775680339,0.27839498558923154,1.0571678608886028,-0.24222845404082985,-0.045025941199502345,0.20704507311773943,0.4614383899510416,0.5025654939353503,0.13606617444052344,0.0889740664061253,0.9697426992703353,0.06162746203021064,0.08252056727135933,-0.12773116274210833,0.4632012221226388,0.47052528486007533,-0.14262623301114002,0.2634202425158883,-0.22897205461304013,-0.16617746210539144,0.6460434920752606,-0.5294348694927039,-0.6562642008185078,-0.4720889908661797,-0.6414182567360361,0.5641830294934796,0.5347163778399638,0.22760286797522913,1.1448973815315509,0.08186427371861021,0.17685273551391584,0.1389775544329755,-0.27859096341980444,-0.21592884133613718,-0.1852198974252529
0.2690772283599806,0.13178497806468556,-0.16791535380816824,0.6125483942339605,0.5190307597636703,-0.09308440523664199,0.21571707580882837,-0.7255307923078155,-0.06966527696137514,0.3675367476404653,0.3360060095713967,-0.14982653343275115,0.15972096209979067,0.007550476289654259,-0.26716214727971693,-0.3297411356106696,-1.1712396820363482,-0.12374839214111144,0.6872615409387371,0.5900241194766033,-0.5325698933207148,0.28497285723260446,-0.07352189261080601,-0.46842011079175916,-0.11458274074660012,-1.3438805052473684,-1.695779447226688,0.6080845157725628,-0.43147540505620097,-0.656879665487159,0.6835140341113791,-0.167587069547079,-0.16831263790287312,0.6277829155083636,0.1025161643842248,0.35191582589553333,0.42675406737796495,-0.20251133562536608,0.08186427371861021,2.1860956319904603,0.666976963439038,-0.39558006753482433,-0.970529247517256,-0.9036317683706679,0.35173387143158685
0.13235405334966283,0.2841389906270814,-0.2610765017064665,0.20715445670490804,0.10226880894646916,0.09901108279251263,0.35830112978320766,-0.5163210768649015,0.17203527738297825,0.14126552253724922,0.539861345775699,-0.07551221341320496,0.5086190106438352,0.2653531039152305,0.26487053744280564,0.06321475395560877,-0.5781509806836388,-0.13437622931028959,0.2782486307851744,0.34360997699322987,0.03151967519453205,0.019897436784947705,-0.05320642143287968,0.1919738552352927,-0.15138480358782003,-0.22358803761678228,-0.7416884010973261,-0.005237182955757083,-0.4252852945861747,0.035903374995848905,0.37845726174059663,-0.24373768456616166,-0.4049058596249454,0.32056270586330693,-0.16231581950499274,0.08241286258226924,0.21841806781542478,0.14687624783303443,0.17685273551391584,0.666976963439038,0.6807828882055605,-0.19909839508309266,-0.4287105254195013,-0.1617856576901746,0.1040256377600416
0.23709894888996746,0.08731051471332082,0.1406015438713418,-0.24040762712357905,0.08559336312744827,-0.006471217034189369,-0.39816563777853536,0.3532079142970479,-0.031064358036692184,0.0067345797992246085,-0.13131375714184018,0.03302818571426028,0.10854511808565757,-0.08318385845655481,-0.03936823558073396,0.2995620171009637,0.3338380604185434,0.31226348133246445,0.04134211057504245,-0.24956637395994521,0.3351689833535491,-0.15271547547162456,0.01715149795988381,-0.05713323138477452,-0.0770745825522547,0.7887031024716034,0.20440662991541425,-0.25985989648664204,0.23868263245051768,0.16091534497226398,0.061647600680171936,-0.011007723536337635,-0.18574120761357776,0.045216775716487974,0.028409030764620452,0.05285553128536403,-0.015237705790555457,-0.17749512011679153,0.1389775544329755,-0.39558006753482433,-0.19909839508309266,0.4221623912474365,0.3761986168597068,0.2813947378218736,-0.36055434852572327
-0.11934394103563754,-0.1157785121779441,0.7572181936247198,-0.12235045798028335,0.1555873153781478,-0.11346060173499013,-0.5659655384749769,0.6089913730282785,-0.4515206634240111,-0.3776882607196035,0.05879594154934514,0.1424448961130024,-0.6015979010076168,-0.44703799367513214,-0.30249771413463866,0.6116517068338623,-0.2837607921016074,0.3032386592559286,-0.24648891466935194,-0.9661285826795982,0.08131366848696947,0.290772431619933,-0.23462300424330673,-0.30428766205034935,-0.27757163355183856,0.7883132402054848,0.8970536929505185,-0.5191109375863648,0.47572207399656624,0.4568193584186917,-0.32275057318604944,0.5598246675794278,0.29050182599557123,0.18417781499078695,0.4624206198985864,0.08668800302017633,-0.4622600451674189,-0.49580894673699777,-0.27859096341980444,-0.970529247517256,-0.4287105254195013,0.3761986168597068,1.1877837175740094,0.3574643945903581,-0.4165119143914915
0.12749770152380807,-0.21001285181777382,0.16535019198666184,-0.3705740620636569,-0.4799631781364888,0.3274546463969722,0.0018773847904368977,0.48754606668106065,0.24516617965785953,-0.26014772697163585,-0.608776208106876,-0.3257083381007172,0.014385973914163495,0.450141357413483,0.5343132721264289,0.2158914922663586,0.20717303974773463,-0.3993800732636648,-0.45731419607717855,-0.2050347838117037,0.119874119332373,-0.45821881266750203,0.34259958775073596,0.4415599089977003,-0.19888523682307116,0.7596349416544854,0.8226377003524797,-0.3942390201820489,-0.0466840051530057,0.3215980517127511,-0.5104668606549955,0.3111663230510892,-0.35794296425267774,0.03748080017482001,0.22260171462632342,-0.47062230265041716,-0.31302362045158605,0.2502540494169842,-0.21592884133613718,-0.9036317683706679,-0.1617856576901746,0.2813947378218736,0.3574643945903581,0.8797371034953053,-0.20873546558414144
