V1,V2,V3,V4,V5,V6,V7,V8,V9,V10,V11,V12,V13,V14,V15,V16,V17,V18,V19,V20,V21,V22,V23,V24,V25,V26,V27,V28,V29,V30,V31,V32,V33,V34,V35,V36,V37,V38,V39,V40,V41,V42,V43,V44
0.5771592963942648,-0.3779039583632912,-0.40276593502760977,0.18337891573800497,0.6471072364197566,-0.3585924975898577,0.49188714048092835,-1.7383568399038307,-0.8625260415616721,0.6298480360272684,-0.29679432193328276,-0.6568075041694382,0.07274020909635646,0.3493969708354852,0.33526958578803895,0.8592139443658111,-0.18831036548116395,0.009276414803893062,-0.5146766945291137,-0.36747669936260224,0.13605142736746378,-0.10408294148782522,1.2314595723509116,-0.31847456141461283,-0.4281259472974779,0.5721027886791391,-0.35932989552171174,0.17718502087273227,-0.0731467987634046,-0.5496878180271297,-0.7971618944996891,-0.3434103515701009,-0.5619423475377833,-0.0023412647269286896,0.5802301416583869,0.54809833899542,-0.903832141823994,-0.4310674507510598,-0.08775299363286074,0.35999180217401017,0.5925730211319903,-0.8796325207634768,0.4823402889020431,-0.44548398122161703
-0.3779039583632912,0.3852293802039811,0.3466442646137947,-0.5756579141000663,-0.41465973274819634,0.17929172021946918,-0.4306482109757625,0.8538604575780683,0.633599234528456,-0.5074122332232953,0.35335759838391634,0.6784769324735275,0.0438516522174076,-0.1670115540989137,-0.3555227825673591,-0.6420426753472683,0.11081646950799197,0.09692942424050673,0.11426783706563863,0.3086767837004081,0.1581681183763989,-0.1205027329210972,-0.5746665657450144,0.1624541155260588,0.2115553420443597,-0.4968753452929134,0.22855663934773487,-0.07659838119007573,-0.09356622643406633,0.5524532557327919,0.6438249187804973,0.38593156921842,0.464804534465684,0.1270414006894116,-0.23436088259107982,-0.3764371346024312,0.4635151885199624,-0.20759940059661844,0.21056170349439576,-0.3937980525489783,-0.4447700248215003,0.1769640783745962,-0.3251911193092686,0.28785793503768115
-0.40276593502760977,0.3466442646137947,0.4317651737379803,-0.5545169437693921,-0.574322039324391,0.20471491496488006,-0.45805852843090733,1.1529532166777083,0.789726417473944,-0.6198712370563207,0.2632312918148709,0.6835987677943951,0.07861861039642165,-0.3666148169204997,-0.4924735959396627,-0.9890263797976324,0.08488711678024702,-0.07979156241065309,0.1250317021585757,0.3879840228183867,0.03799115980301992,0.06213233907014235,-0.7775182354910232,0.16191929598877428,0.42263321704168044,-0.5153908645887153,0.2860925309278203,-0.1790163585516343,-0.00116032399150511,0.6472842287438589,0.7446696888502469,0.24650990622830507,0.653687000155917,0.08164936450291052,-0.3914304765224025,-0.3921226842755989,0.6181249867909191,-0.14809901566353342,0.19127738231601402,-0.4803794419008436,-0.5116301589545564,0.3842543192845392,-0.36576604092391757,0.45704774417469957
0.18337891573800497,-0.5756579141000663,-0.5545169437693921,2.94726635714204,0.46247973495738115,0.6489178447389506,1.1035662915969984,1.9865378402798188,-0.8614877109680799,0.8775830618507522,0.23263910317906844,-1.2037451746989085,-0.7551064745408304,1.2270578975174702,2.004026864469123,1.9645136248041173,0.5287433402907338,0.558273308728465,1.9265489285213944,-1.2863641219220714,-0.5524202675100154,-0.02880836179679667,-1.4527129913808359,1.1194955178310748,-0.6195477448999323,0.0874050996896504,-0.21239165596279305,0.2478758181540429,0.7155848967484744,-1.3797311625666298,-1.0602944105445942,0.5183168058356482,-1.60430660275741,-0.7325170390875716,-0.027693421095451778,-0.7514813157409478,0.9274377968489567,3.0641241666856915,-0.830344285330827,1.4287229446355625,0.2615473757618313,1.8008713640834075,-0.3491302005463642,-0.9844512391406615
0.6471072364197566,-0.41465973274819634,-0.574322039324391,0.46247973495738115,0.9301382718723225,-0.34437168726891754,0.6664822565742445,-1.9887355523780055,-1.1934082828159511,0.8789618745973596,-0.17753505007103942,-0.7990159019328007,-0.02398451283397073,0.6986166534023528,0.7085168632381608,1.481039986647184,-0.11256121291138192,0.2658223569009219,-0.36664241024688216,-0.6210519128913385,0.25479488477112006,-0.31579930274566126,1.3871162720698929,-0.22305434724064366,-0.7431141918278094,0.6510757002375513,-0.4665045850599523,0.346477865428955,-0.11302398307483294,-0.8092213695804671,-1.0650227491343116,-0.16530391619206927,-0.9634989886352001,-0.008706877975083235,0.784378142907381,0.5219589664248353,-1.0298749373882228,-0.23200866458224048,-0.13885204878841267,0.6066907770238129,0.7334990540150617,-0.9980783808088863,0.5293564262953782,-0.757982257775688
-0.3585924975898577,0.17929172021946918,0.20471491496488006,0.6489178447389506,-0.34437168726891754,0.540137176146213,0.00205093045996353,2.0737023833134023,0.423450319488881,-0.24949943263000565,0.5417891689807692,0.27683271471038795,-0.2661747191217467,0.33701126288826677,0.46386252744191436,1.406710829360639e-4,0.3772747790816911,0.33278500894145085,1.013839012703032,-0.22345178000078125,-0.07198483940929774,-0.11819162181041397,-1.431069335168156,0.7482926761908695,0.037626043732374194,-0.6074806167958938,0.17768170785060713,-0.01919717370785913,0.2593384549175013,0.07973117886456278,0.3248114392962127,0.6954520377693946,-0.12270900156072521,-0.2083710585945666,-0.31179303035630773,-0.8443659186973579,1.054820735909549,1.136936197455832,-0.1264190948282888,0.15038743064780755,-0.4444787136356506,1.078064739651865,-0.5879102779443628,-0.06373313902985324
0.49188714048092835,-0.4306482109757625,-0.45805852843090733,1.1035662915969984,0.6664822565742445,0.00205093045996353,0.8025650631475647,-0.5007699883625109,-0.947752217526138,0.7532660552771555,0.07638749278192031,-0.7944224429609127,-0.1984006758394456,0.8663380581986384,1.075583084568408,1.4059991673022507,0.11050265662601631,0.3526202854043919,0.3305040097984203,-0.8167894861946875,0.07641123027347445,-0.2509718422774393,0.37732741434437167,0.27699104292772175,-0.6378530357887355,0.3202124379848479,-0.3533959429537332,0.2746795943246044,0.18269302421892442,-0.848063272919667,-0.9620399829230203,0.1424116270466766,-1.0550210805726734,-0.24486884190679054,0.5169657934838797,-9.988666915341719e-4,-0.29535372842735946,0.6733376817080141,-0.3126911178681607,0.7603408186167505,0.4783396896985105,-0.14979918426499367,0.15690973804956332,-0.7642771162526603
-1.7383568399038307,0.8538604575780683,1.1529532166777083,1.9865378402798188,-1.9887355523780055,2.0737023833134023,-0.5007699883625109,8.749466546317155,2.4179768980981717,-1.5673893427037187,1.8156977377067745,1.4653673713737412,-0.887927881575258,0.3955838183061488,0.9542889584283566,-1.3531363165018948,1.33605863681658,0.7282309718771774,3.760502855973232,-0.20183569209535462,-0.6216575853419389,0.04400942736816947,-6.0645475801281314,2.6528419343526317,0.8589384215447533,-2.47411717315387,1.0329588982819866,-0.400472485143356,1.0582668593696039,0.874595978426219,1.9178443224231962,2.274548891950936,0.4417259903247082,-0.7670148907477451,-1.846294786738463,-3.1918089011912163,4.444676863582042,4.213485324640816,-0.3880384520505415,0.01519045050643756,-2.087987709107741,4.66341766569043,-2.38067675550664,0.5077692743225718
-0.8625260415616721,0.633599234528456,0.789726417473944,-0.8614877109680799,-1.1934082828159511,0.423450319488881,-0.947752217526138,2.4179768980981717,1.599253025702863,-1.2002561936710996,0.3140539819132509,1.1936967483043108,0.07685511981384613,-0.9019639412286145,-1.014991732539085,-1.9710246838328305,0.12880405369669587,-0.2779556459751799,0.3636839558414882,0.8606597067178929,-0.1906799327878854,0.31174815213016627,-1.686587514901594,0.25187204535783275,0.936990208580221,-0.901475805716754,0.603588596431577,-0.4211915862988814,0.047907799357215605,1.1748450770273928,1.4788382044462003,0.29627912771419734,1.3174816338027833,0.1095386992027743,-0.9509614810069938,-0.685935694239175,1.279019846220888,0.035021913186242086,0.2737175246380412,-0.8783279032274232,-0.98053284160218,1.0862785009537803,-0.6904743686928214,0.9898732516899799
0.6298480360272684,-0.5074122332232953,-0.6198712370563207,0.8775830618507522,0.8789618745973596,-0.24949943263000565,0.7532660552771555,-1.5673893427037187,-1.2002561936710996,0.9393589581524072,-0.2592598857880769,-0.9811308729757269,-0.125790409746545,0.7020372433628044,0.8619955261870046,1.549248525011396,-0.07257118130917681,0.21423513742424138,-0.09930212465595366,-0.6917518758706139,0.03836056456662134,-0.18201785562698494,1.0775391441851723,-0.1168051981579451,-0.6897548282157114,0.678234948029306,-0.45113016274175904,0.2980975751368944,0.028004188560179222,-0.9613756256852696,-1.1298920971002413,-0.2211025324143746,-1.0539753417934563,-0.13744549699764036,0.6529906035014063,0.4530030558710829,-0.836739023307224,0.25990493679193943,-0.28042040840631177,0.7557221770931993,0.7351885672762317,-0.5830663004977807,0.47789014123892337,-0.7652996160356703
-0.29679432193328276,0.35335759838391634,0.2632312918148709,0.23263910317906844,-0.17753505007103942,0.5417891689807692,0.07638749278192031,1.8156977377067745,0.3140539819132509,-0.2592598857880769,1.0980811358472793,0.6033394493905122,-0.19945243088910733,0.8953783384493432,0.7200359851211184,0.36860756613798834,0.5273277451861754,0.7816884947003871,0.9033558182982552,-0.44410596892443804,0.48570294658799706,-0.6793431404053755,-1.1438781798231443,0.959551768125744,-0.3696433660098104,-0.9227177681061091,0.10509573436889527,0.18165055230953162,0.10535744387875264,0.18450742374718687,0.27445030045330426,1.3034735215511997,-0.3585641987975562,-0.1149459957976264,0.10137298747420816,-1.0925658719727902,0.9171569391122832,0.6078689224704941,0.05432658210033815,0.10179243855846717,-0.52531823104140285,0.41170765282718375,-0.7003510939465634,-0.3707731011831379
-0.6568075041694382,0.6784769324735275,0.6835987677943951,-1.2037451746989085,-0.7990159019328007,0.27683271471038795,-0.7944224429609127,1.4653673713737412,1.1936967483043108,-0.9811308729757269,0.6033394493905122,1.2802307905958312,0.16797117905885386,-0.42534804313993346,-0.778350144809373,-1.4029323037493158,0.15608097830262502,0.0687964556687401,0.05017680710948755,0.6148773916477615,0.31706861310414935,-0.15332561732710961,-0.9612946241311842,0.2301585422109142,0.4887745446875985,-0.8910114340745048,0.419847627314935,-0.17743847265915644,-0.16250813011792908,1.1035823077576075,1.2082003626756423,0.5951473243326062,0.9791160773426927,0.24865156790867102,-0.4358689709799319,-0.6330509707290903,0.8059428591466904,-0.5938671636079315,0.42899504711651815,-0.8256323132255989,-0.8144922285655292,0.21204847422858017,-0.56172099753235,0.6188955392567058
0.07274020909635646,0.0438516522174076,0.07861861039642165,-0.7551064745408304,-0.02398451283397073,-0.2661747191217467,-0.1984006758394456,-0.887927881575258,0.07685511981384613,-0.125790409746545,-0.19945243088910733,0.16797117905885386,0.24805799879279747,-0.3750738521687624,-0.5415467520966549,-0.4890229375190254,-0.21620529712328596,-0.24209371559861909,-0.6667142974883175,0.3098481074014992,0.1272265558164628,0.08188188658522619,0.6359936242605891,-0.41408301956290305,0.17091380925702043,0.14252397647488735,-0.007352093309170736,-0.06590859628233688,-0.1807185031663717,0.2841421716937476,0.13621869539560993,-0.32890862138973953,0.3919388514279381,0.19370103443752398,0.06993677465541936,0.3614529032161529,-0.4261725005068422,-0.9272323435307297,0.20057419417899175,-0.3455674819800394,0.06124896205580028,-0.6264433976084333,0.21915799721132057,0.24596757915820447
0.3493969708354852,-0.1670115540989137,-0.3666148169204997,1.2270578975174702,0.6986166534023528,0.33701126288826677,0.8663380581986384,0.3955838183061488,-0.9019639412286145,0.7020372433628044,0.8953783384493432,-0.42534804313993346,-0.3750738521687624,1.7598432915702504,1.6962555469008451,2.0710859271889683,0.5252946021619131,1.0575881407529413,0.9081818539538145,-1.214394113088107,0.5108117457522178,-0.9240711410483942,-0.14901613801024807,0.9520321425389264,-1.146731136988337,-0.3174535682271396,-0.34438403660664907,0.4936491955934168,0.17027300836416018,-0.8575369308449097,-0.913253535915373,1.2146985289661862,-1.5203782233600207,-0.33099335418652004,0.7873303539286804,-0.710882899392062,0.12269757460915912,1.014069371107391,-0.26892283564223673,0.9290726327320389,0.18471089141147506,-0.08456237430835478,-0.2762884550844482,-1.222829109591537
0.33526958578803895,-0.3555227825673591,-0.4924735959396627,2.004026864469123,0.7085168632381608,0.46386252744191436,1.075583084568408,0.9542889584283566,-1.014991732539085,0.8619955261870046,0.7200359851211184,-0.778350144809373,-0.5415467520966549,1.6962555469008451,1.9941602278240074,2.228878412194962,0.5495322370407866,0.96272064187661055,1.352731911335723,-1.3635230545260444,0.16816274770072714,-0.6613266927827584,-0.6026529155684973,1.071488090263205,-1.0532719855364454,-0.14687547599814194,-0.3420008358947567,0.45766690025822543,0.38969767344684475,-1.1472883738825883,-1.0857904261133906,1.0148560215952656,-1.7060643828890827,-0.49365159149555765,0.5615334437025706,-0.7661440024709967,0.4059829881556712,1.858265419160889,-0.5069610301590268,1.2125470173837791,0.2643480076195407,0.5677257748901524,-0.30044076312938395,-1.2474881390321417
0.8592139443658111,-0.6420426753472683,-0.9890263797976324,1.9645136248041173,1.481039986647184,1.406710829360639e-4,1.4059991673022507,-1.3531363165018948,-1.9710246838328305,1.549248525011396,0.36860756613798834,-1.4029323037493158,-0.4890229375190254,2.0710859271889683,2.228878412194962,3.3629995857276826,0.3428208451935102,1.0657567045641274,0.6809604805519607,-1.6243300373313163,0.3491259365777742,-0.8965710366104354,0.9832486550654828,0.5833094480853459,-1.6518204037996722,0.5234852759434204,-0.7073063865217135,0.7174846664925932,0.13344981916747467,-1.746435776918411,-1.9034618502603682,0.6966753361085325,-2.3286382198561566,-0.3997277339315112,1.2303524400092958,-0.023152364976462086,-0.8000477670938262,1.2211162309795613,-0.5376642204718014,1.5582997621993901,0.9259550476537234,-0.5617739654162458,0.3106852670855501,-1.7586297313509445
-0.18831036548116395,0.11081646950799197,0.08488711678024702,0.5287433402907338,-0.11256121291138192,0.3772747790816911,0.11050265662601631,1.33605863681658,0.12880405369669587,-0.07257118130917681,0.5273277451861754,0.15608097830262502,-0.21620529712328596,0.5252946021619131,0.5495322370407866,0.3428208451935102,0.3529558091551916,0.3995316101587413,0.7528621455649288,-0.32615597549566205,0.08059831030640827,-0.2747969638385692,-0.8890449472765759,0.6301948305325266,-0.19570671130252143,-0.46755205065486366,0.07716465006351379,0.08600435062158464,0.17162600802890426,-0.06853106333318398,0.060191386268090875,0.6890585957823255,-0.31710892955031994,-0.18828767534564908,-0.055971725641623574,-0.6441697913027782,0.6523235378869343,0.8090589095540128,-0.09746236695403276,0.20519292638116907,-0.2785297524918535,0.6067938009516962,-0.419001340457408,-0.2419951989535324
0.009276414803893062,0.09692942424050673,-0.07979156241065309,0.558273308728465,0.2658223569009219,0.33278500894145085,0.3526202854043919,0.7282309718771774,-0.2779556459751799,0.21423513742424138,0.7816884947003871,0.0687964556687401,-0.24209371559861909,1.0575881407529413,0.96272064187661055,1.0657567045641274,0.3995316101587413,0.7790822075427898,0.7075914320088713,-0.6487829520699343,0.4111840289629598,-0.6682425032124896,-0.4322238737881264,0.7172287896449915,-0.6448544798299661,-0.44535037774363506,-0.11650280967064029,0.2945909236061683,0.061893169342719746,-0.2832428468820984,-0.25750258801965675,0.9953052759290718,-0.77963493986939425,-0.12864466774722327,0.3823128613627487,-0.6787751094603631,0.3518172216931939,0.6158947186235124,-0.07594724338023956,0.4319110845995652,-0.09633359059730237,0.06906932080426263,-0.3509243416772275,-0.6611297432992574
-0.5146766945291137,0.11426783706563863,0.1250317021585757,1.9265489285213944,-0.36664241024688216,1.013839012703032,0.3305040097984203,3.760502855973232,0.3636839558414882,-0.09930212465595366,0.9033558182982552,0.05017680710948755,-0.6667142974883175,0.9081818539538145,1.352731911335723,0.6809604805519607,0.7528621455649288,0.7075914320088713,2.1857338304201823,-0.7349785351147777,-0.2868819647998862,-0.21319778375498596,-2.6361225780615514,1.4806727035090015,-0.17110908281116016,-0.8772355193752664,0.2240815526900389,0.07026097273951472,0.6052090710444973,-0.3283182318805104,0.15221421588169073,1.2387840361919686,-0.709613098429304,-0.5369404474230642,-0.4998519606313685,-1.5062481553461224,1.8833592588029442,2.731647131105731,-0.45983027621815264,0.686043654208571,-0.5994768628015021,2.2213089507139974,-0.9948211611827522,-0.41723331539749087
-0.36747669936260224,0.3086767837004081,0.3879840228183867,-1.2863641219220714,-0.6210519128913385,-0.22345178000078125,-0.8167894861946875,-0.20183569209535462,0.8606597067178929,-0.6917518758706139,-0.44410596892443804,0.6148773916477615,0.3098481074014992,-1.214394113088107,-1.3635230545260444,-1.6243300373313163,-0.32615597549566205,-0.6487829520699343,-0.7349785351147777,1.0051217468624636,-0.21064439850450423,0.4853323074610086,0.09066062802666944,-0.6488424639529532,0.785982233438071,-0.011360810102720054,0.318920021828251,-0.34881958608500796,-0.23388429641424313,0.8278491979751359,0.8789836925462412,-0.6191586973314637,1.2295696542347556,0.3039173988143996,-0.5372367825042399,0.3980087653270532,-0.06151415093737113,-1.0214714462377517,0.3186983443620837,-0.8441282683685198,-0.3009125637543257,-0.10235070071599542,0.09428355366656693,0.9253217667644538
0.13605142736746378,0.1581681183763989,0.03799115980301992,-0.5524202675100154,0.25479488477112006,-0.07198483940929774,0.07641123027347445,-0.6216575853419389,-0.1906799327878854,0.03836056456662134,0.48570294658799706,0.31706861310414935,0.1272265558164628,0.5108117457522178,0.16816274770072714,0.3491259365777742,0.08059831030640827,0.4111840289629598,-0.2868819647998862,-0.21064439850450423,0.6314853710403802,-0.5523678399581347,0.5285132222323298,0.09859586171019427,-0.4025020122668952,-0.22033351366753323,-0.12735884621643923,0.21790269478004548,-0.21590734307123183,0.13117110494455744,-0.07881526441336763,0.5051256697066809,-0.2076135798311935,0.1649953927950788,0.496912903631843,-0.13560795904322395,-0.2927369409026698,-0.7643233028571271,0.2330627462026741,-0.07798077468184132,0.0032606701316329235,-0.8833919385145734,-0.019915083356390653,-0.3133286906482633
-0.10408294148782522,-0.1205027329210972,0.06213233907014235,-0.02880836179679667,-0.31579930274566126,-0.11819162181041397,-0.2509718422774393,0.04400942736816947,0.31174815213016627,-0.18201785562698494,-0.6793431404053755,-0.15332561732710961,0.08188188658522619,-0.9240711410483942,-0.6613266927827584,-0.8965710366104354,-0.2747969638385692,-0.6682425032124896,-0.21319778375498596,0.4853323074610086,-0.5523678399581347,0.7035016508407156,-0.13542598135396772,-0.4371170421191938,0.644724494985277,0.3502247724256909,0.1421920595506643,-0.2952867300924168,0.09296530817213415,0.15856537688982278,0.25426947939696226,-0.8412222992254756,0.608945469023878,0.012008528582395227,-0.5204657182187178,0.4064348385938687,0.047961007232479286,0.06852276042547231,-0.06523295614700021,-0.2323546625997488,0.026057672872761048,0.48266885894629796,0.17912344966230548,0.5810277667736927
1.2314595723509116,-0.5746665657450144,-0.7775182354910232,-1.4527129913808359,1.3871162720698929,-1.431069335168156,0.37732741434437167,-6.0645475801281314,-1.686587514901594,1.0775391441851723,-1.1438781798231443,-0.9612946241311842,0.6359936242605891,-0.14901613801024807,-0.6026529155684973,0.9832486550654828,-0.8890449472765759,-0.4322238737881264,-2.6361225780615514,0.09066062802666944,0.5285132222323298,-0.13542598135396772,4.246468650137303,-1.776468096652214,-0.6679767466570579,1.6232983904813607,-0.7307161873774011,0.301347963539981,-0.7422905320638842,-0.5903410379780397,-1.3456298694180093,-1.4486358502714136,-0.3498412757841177,0.5189223094302583,1.3656955392647352,2.1462164372070016,-3.096450762369965,-3.0230209245214206,0.29689889792228247,-0.022367237415557382,1.4197509502925443,-3.3544561641040445,1.612968277543729,-0.4085782790169088
-0.31847456141461283,0.1624541155260588,0.16191929598877428,1.1194955178310748,-0.22305434724064366,0.7482926761908695,0.27699104292772175,2.6528419343526317,0.25187204535783275,-0.1168051981579451,0.959551768125744,0.2301585422109142,-0.41408301956290305,0.9520321425389264,1.071488090263205,0.5833094480853459,0.6301948305325266,0.7172287896449915,1.4806727035090015,-0.6488424639529532,0.09859586171019427,-0.4371170421191938,-1.776468096652214,1.2150187293780588,-0.29734956783979444,-0.8609654971940177,0.1194427779328343,0.125079594666835,0.3786432509841414,-0.1354421775264142,0.1146730856860267,1.2324032611410185,-0.5897380863952615,-0.36355933385588624,-0.1312002172833566,-1.2537815666893368,1.3211188492152017,1.627491939861251,-0.22213877513105393,0.432586048631584,-0.5032558597072062,1.245664407156069,-0.8083403119953965,-0.4379587656015309
-0.4281259472974779,0.2115553420443597,0.42263321704168044,-0.6195477448999323,-0.7431141918278094,0.037626043732374194,-0.6378530357887355,0.8589384215447533,0.936990208580221,-0.6897548282157114,-0.3696433660098104,0.4887745446875985,0.17091380925702043,-1.146731136988337,-1.0532719855364454,-1.6518204037996722,-0.19570671130252143,-0.6448544798299661,-0.17110908281116016,0.785982233438071,-0.4025020122668952,0.644724494985277,-0.6679767466570579,-0.29734956783979444,0.9225211752872272,-0.11689539157708995,0.35047303994653767,-0.40692211773144504,0.03838701203758145,0.7329631429736491,0.879173886016566,-0.5441597997293961,1.1215271511784002,0.12733542842028983,-0.7507917524792528,0.0594463993406452,0.4981401527652602,-0.21958544629700638,0.14470147890280097,-0.6508580079569325,-0.3956043724611464,0.6218537600746917,-0.1231174458744177,0.9104786849126857
0.5721027886791391,-0.4968753452929134,-0.5153908645887153,0.0874050996896504,0.6510757002375513,-0.6074806167958938,0.3202124379848479,-2.47411717315387,-0.901475805716754,0.678234948029306,-0.9227177681061091,-0.8910114340745048,0.14252397647488735,-0.3174535682271396,-0.14687547599814194,0.5234852759434204,-0.46755205065486366,-0.44535037774363506,-0.8772355193752664,-0.011360810102720054,-0.22033351366753323,0.3502247724256909,1.6232983904813607,-0.8609654971940177,-0.11689539157708995,1.0884409337756062,-0.3310637512223707,0.057811258028568624,-0.12884231977431357,-0.5770819024895932,-0.8004126093357352,-1.1040009897946101,-0.25401102451273105,0.09754944132565556,0.3366985995972779,1.123937134694976,-1.256081842264205,-0.5874925049079555,-0.11965555530839096,0.24841086414838556,0.8053006785353951,-0.863270535848766,0.8330174863098987,-0.1233953470346533
-0.35932989552171174,0.22855663934773487,0.2860925309278203,-0.21239165596279305,-0.4665045850599523,0.17768170785060713,-0.3533959429537332,1.0329588982819866,0.603588596431577,-0.45113016274175904,0.10509573436889527,0.419847627314935,-0.007352093309170736,-0.34438403660664907,-0.3420008358947567,-0.7073063865217135,0.07716465006351379,-0.11650280967064029,0.2240815526900389,0.318920021828251,-0.12735884621643923,0.1421920595506643,-0.7307161873774011,0.1194427779328343,0.35047303994653767,-0.3310637512223707,0.2608739383224301,-0.15132505652953435,0.04336855636558861,0.3955132380787971,0.5351682069413951,0.11216087283376387,0.4696991680763803,0.00435229799148579,-0.4193136778195867,-0.26675774847283634,0.5298722416059,0.17158151256938384,0.06923910208206831,-0.3033052419335813,-0.3862420010641166,0.5373989617530336,-0.2736677605504114,0.37217776726682966
0.17718502087273227,-0.07659838119007573,-0.1790163585516343,0.2478758181540429,0.346477865428955,-0.01919717370785913,0.2746795943246044,-0.400472485143356,-0.4211915862988814,0.2980975751368944,0.18165055230953162,-0.17743847265915644,-0.06590859628233688,0.4936491955934168,0.45766690025822543,0.7174846664925932,0.08600435062158464,0.2945909236061683,0.07026097273951472,-0.34881958608500796,0.21790269478004548,-0.2952867300924168,0.301347963539981,0.125079594666835,-0.40692211773144504,0.057811258028568624,-0.15132505652953435,0.20224566519080775,-0.037538348419355494,-0.2991370991533085,-0.37663192114119803,0.24414671279360167,-0.4861340044352096,-0.028556336627622726,0.33317129384793215,-0.030224797788047857,-0.21751568373408814,0.06988233855180324,-0.041247292080151925,0.2704084314475404,0.17347537199359847,-0.3026114182924883,0.057781886556308,-0.40321584658788284
-0.0731467987634046,-0.09356622643406633,-0.00116032399150511,0.7155848967484744,-0.11302398307483294,0.2593384549175013,0.18269302421892442,1.0582668593696039,0.047907799357215605,0.028004188560179222,0.10535744387875264,-0.16250813011792908,-0.1807185031663717,0.17027300836416018,0.38969767344684475,0.13344981916747467,0.17162600802890426,0.061893169342719746,0.6052090710444973,-0.23388429641424313,-0.21590734307123183,0.09296530817213415,-0.7422905320638842,0.3786432509841414,0.03838701203758145,-0.12884231977431357,0.04336855636558861,-0.037538348419355494,0.27267795764238445,-0.17865618332977162,-0.05665424816880183,0.15552402108400057,-0.19912957058939118,-0.22323858557664744,-0.19355020249781135,-0.3381754001387683,0.5180096745079201,0.8794469920092646,-0.20693618877511558,0.23965979695682024,-0.10176898681069596,0.7356572740213922,-0.2239936384141991,-0.0750188033507517
-0.5496878180271297,0.5524532557327919,0.6472842287438589,-1.3797311625666298,-0.8092213695804671,0.07973117886456278,-0.848063272919667,0.874595978426219,1.1748450770273928,-0.9613756256852696,0.18450742374718687,1.1035823077576075,0.2841421716937476,-0.8575369308449097,-1.1472883738825883,-1.746435776918411,-0.06853106333318398,-0.2832428468820984,-0.3283182318805104,0.8278491979751359,0.13117110494455744,0.15856537688982278,-0.5903410379780397,-0.1354421775264142,0.7329631429736491,-0.5770819024895932,0.3955132380787971,-0.2991370991533085,-0.17865618332977162,1.1405380599003831,1.1925796340015642,0.06446014631909217,1.2373564751518102,0.3102941507420999,-0.5175430056098613,-0.24401008825617615,0.5273735593523476,-0.9158670643233465,0.4308048439847436,-0.939648931695012,-0.6563624565534821,0.06831416539660239,-0.3236681744081839,0.8485783876334975
-0.7971618944996891,0.6438249187804973,0.7446696888502469,-1.0602944105445942,-1.0650227491343116,0.3248114392962127,-0.9620399829230203,1.9178443224231962,1.4788382044462003,-1.1298920971002413,0.27445030045330426,1.2082003626756423,0.13621869539560993,-0.913253535915373,-1.0857904261133906,-1.9034618502603682,0.060191386268090875,-0.25750258801965675,0.15221421588169073,0.8789836925462412,-0.07881526441336763,0.25426947939696226,-1.3456298694180093,0.1146730856860267,0.879173886016566,-0.8004126093357352,0.5351682069413951,-0.37663192114119803,-0.05665424816880183,1.1925796340015642,1.4394494425337558,0.22857781676796646,1.3116112677242646,0.20945927891235533,-0.8191584275362458,-0.5536359736422671,1.0498842859738242,-0.2752226629954636,0.3438782460230605,-0.9058777299902525,-0.8807074337307249,0.763804091886861,-0.5745069209766971,0.953608106450484
-0.3434103515701009,0.38593156921842,0.24650990622830507,0.5183168058356482,-0.16530391619206927,0.6954520377693946,0.1424116270466766,2.274548891950936,0.29627912771419734,-0.2211025324143746,1.3034735215511997,0.5951473243326062,-0.32890862138973953,1.2146985289661862,1.0148560215952656,0.6966753361085325,0.6890585957823255,0.9953052759290718,1.2387840361919686,-0.6191586973314637,0.5051256697066809,-0.8412222992254756,-1.4486358502714136,1.2324032611410185,-0.5441597997293961,-1.1040009897946101,0.11216087283376387,0.24414671279360167,0.15552402108400057,0.06446014631909217,0.22857781676796646,1.6373777965427538,-0.5929205906215002,-0.21546669994631543,0.1359960688058164,-1.3400891237664316,1.1243678153014327,1.0042093354741182,-0.012140928477863654,0.2630449112466742,-0.6026411871015457,0.6512171462591833,-0.8576630224847137,-0.5554923773029857
-0.5619423475377833,0.464804534465684,0.653687000155917,-1.60430660275741,-0.9634989886352001,-0.12270900156072521,-1.0550210805726734,0.4417259903247082,1.3174816338027833,-1.0539753417934563,-0.3585641987975562,0.9791160773426927,0.3919388514279381,-1.5203782233600207,-1.7060643828890827,-2.3286382198561566,-0.31710892955031994,-0.77963493986939425,-0.709613098429304,1.2295696542347556,-0.2076135798311935,0.608945469023878,-0.3498412757841177,-0.5897380863952615,1.1215271511784002,-0.25401102451273105,0.4696991680763803,-0.4861340044352096,-0.19912957058939118,1.2373564751518102,1.3116112677242646,-0.5929205906215002,1.6754525512530594,0.35997744398918263,-0.7872136649769552,0.2066195302461181,0.30571249097308795,-1.1558615847096132,0.4306634812620996,-1.1485964784447236,-0.5704712272460453,0.12289429960406184,-0.08996327627678646,1.2465258223443079
-0.0023412647269286896,0.1270414006894116,0.08164936450291052,-0.7325170390875716,-0.008706877975083235,-0.2083710585945666,-0.24486884190679054,-0.7670148907477451,0.1095386992027743,-0.13744549699764036,-0.1149459957976264,0.24865156790867102,0.19370103443752398,-0.33099335418652004,-0.49365159149555765,-0.3997277339315112,-0.18828767534564908,-0.12864466774722327,-0.5369404474230642,0.3039173988143996,0.1649953927950788,0.012008528582395227,0.5189223094302583,-0.36355933385588624,0.12733542842028983,0.09754944132565556,0.00435229799148579,-0.028556336627622726,-0.22323858557664744,0.3102941507420999,0.20945927891235533,-0.21546669994631543,0.35997744398918263,0.2490312219490472,0.05788889841956811,0.2735790606438801,-0.33862621928848424,-0.8287809385658187,0.21523103595966103,-0.31887659350317893,0.026499304774302006,-0.5642213840951211,0.16793773810957915,0.2108278129187927
0.5802301416583869,-0.23436088259107982,-0.3914304765224025,-0.027693421095451778,0.784378142907381,-0.31179303035630773,0.5169657934838797,-1.846294786738463,-0.9509614810069938,0.6529906035014063,0.10137298747420816,-0.4358689709799319,0.06993677465541936,0.7873303539286804,0.5615334437025706,1.2303524400092958,-0.055971725641623574,0.3823128613627487,-0.4998519606313685,-0.5372367825042399,0.496912903631843,-0.5204657182187178,1.3656955392647352,-0.1312002172833566,-0.7507917524792528,0.3366985995972779,-0.4193136778195867,0.33317129384793215,-0.19355020249781135,-0.5175430056098613,-0.8191584275362458,0.1359960688058164,-0.7872136649769552,0.05788889841956811,0.8686869628233214,0.3365079305234958,-0.9615842349896084,-0.6693978206064899,0.020852981685364733,0.38236865291538613,0.5383747599085336,-1.254583084641803,0.3839188572544275,-0.7022318790214372
0.54809833899542,-0.3764371346024312,-0.3921226842755989,-0.7514813157409478,0.5219589664248353,-0.8443659186973579,-9.988666915341719e-4,-3.1918089011912163,-0.685935694239175,0.4530030558710829,-1.0925658719727902,-0.6330509707290903,0.3614529032161529,-0.710882899392062,-0.7661440024709967,-0.023152364976462086,-0.6441697913027782,-0.6787751094603631,-1.5062481553461224,0.3980087653270532,-0.13560795904322395,0.4064348385938687,2.1462164372070016,-1.2537815666893368,0.0594463993406452,1.123937134694976,-0.26675774847283634,-0.030224797788047857,-0.3381754001387683,-0.24401008825617615,-0.5536359736422671,-1.3400891237664316,0.2066195302461181,0.2735790606438801,0.3365079305234958,1.4452932620429975,-1.6245042040649702,-1.4796057689025102,0.09499413552368023,-0.1541572823519213,0.7685458411696648,-1.393875013532833,0.988778662747442,0.17387432284462812
-0.903832141823994,0.4635151885199624,0.6181249867909191,0.9274377968489567,-1.0298749373882228,1.054820735909549,-0.29535372842735946,4.444676863582042,1.279019846220888,-0.836739023307224,0.9171569391122832,0.8059428591466904,-0.4261725005068422,0.12269757460915912,0.4059829881556712,-0.8000477670938262,0.6523235378869343,0.3518172216931939,1.8833592588029442,-0.06151415093737113,-0.2927369409026698,0.047961007232479286,-3.096450762369965,1.3211188492152017,0.4981401527652602,-1.256081842264205,0.5298722416059,-0.21751568373408814,0.5180096745079201,0.5273735593523476,1.0498842859738242,1.1243678153014327,0.30571249097308795,-0.33862621928848424,-0.9615842349896084,-1.6245042040649702,2.2881189014964773,2.0636926249748884,-0.16384997060232412,-0.04281811346965036,-1.074188660570347,2.3533130571457765,-1.210523877963997,0.3101922422538208
-0.4310674507510598,-0.20759940059661844,-0.14809901566353342,3.0641241666856915,-0.23200866458224048,1.136936197455832,0.6733376817080141,4.213485324640816,0.035021913186242086,0.25990493679193943,0.6078689224704941,-0.5938671636079315,-0.9272323435307297,1.014069371107391,1.858265419160889,1.2211162309795613,0.8090589095540128,0.6158947186235124,2.731647131105731,-1.0214714462377517,-0.7643233028571271,0.06852276042547231,-3.0230209245214206,1.627491939861251,-0.21958544629700638,-0.5874925049079555,0.17158151256938384,0.06988233855180324,0.8794469920092646,-0.9158670643233465,-0.2752226629954636,1.0042093354741182,-1.1558615847096132,-0.8287809385658187,-0.6693978206064899,-1.4796057689025102,2.0636926249748884,3.9016042628872953,-0.8281258175261814,1.18999835051844,-0.3951647631557957,3.0037816534733848,-0.9546779663608366,-0.6083165377905645
-0.08775299363286074,0.21056170349439576,0.19127738231601402,-0.830344285330827,-0.13885204878841267,-0.1264190948282888,-0.3126911178681607,-0.3880384520505415,0.2737175246380412,-0.28042040840631177,0.05432658210033815,0.42899504711651815,0.20057419417899175,-0.26892283564223673,-0.5069610301590268,-0.5376642204718014,-0.09746236695403276,-0.07594724338023956,-0.45983027621815264,0.3186983443620837,0.2330627462026741,-0.06523295614700021,0.29689889792228247,-0.22213877513105393,0.14470147890280097,-0.11965555530839096,0.06923910208206831,-0.041247292080151925,-0.20693618877511558,0.4308048439847436,0.3438782460230605,-0.012140928477863654,0.4306634812620996,0.21523103595966103,0.020852981685364733,0.09499413552368023,-0.16384997060232412,-0.8281258175261814,0.2611657655332636,-0.40632579719002876,-0.12860156192663144,-0.4861532331997842,0.02656127706260314,0.24326391427377625
0.35999180217401017,-0.3937980525489783,-0.4803794419008436,1.4287229446355625,0.6066907770238129,0.15038743064780755,0.7603408186167505,0.01519045050643756,-0.8783279032274232,0.7557221770931993,0.10179243855846717,-0.8256323132255989,-0.3455674819800394,0.9290726327320389,1.2125470173837791,1.5582997621993901,0.20519292638116907,0.4319110845995652,0.686043654208571,-0.8441282683685198,-0.07798077468184132,-0.2323546625997488,-0.022367237415557382,0.432586048631584,-0.6508580079569325,0.24841086414838556,-0.3033052419335813,0.2704084314475404,0.23965979695682024,-0.939648931695012,-0.9058777299902525,0.2630449112466742,-1.1485964784447236,-0.31887659350317893,0.38236865291538613,-0.1541572823519213,-0.04281811346965036,1.18999835051844,-0.40632579719002876,0.8907481939754485,0.4072826668827507,0.2947794389250589,0.043582073637263595,-0.7999772847481025
0.5925730211319903,-0.4447700248215003,-0.5116301589545564,0.2615473757618313,0.7334990540150617,-0.4444787136356506,0.4783396896985105,-2.087987709107741,-0.98053284160218,0.7351885672762317,-0.52531823104140285,-0.8144922285655292,0.06124896205580028,0.18471089141147506,0.2643480076195407,0.9259550476537234,-0.2785297524918535,-0.09633359059730237,-0.5994768628015021,-0.3009125637543257,0.0032606701316329235,0.026057672872761048,1.4197509502925443,-0.5032558597072062,-0.3956043724611464,0.8053006785353951,-0.3862420010641166,0.17347537199359847,-0.10176898681069596,-0.6563624565534821,-0.8807074337307249,-0.6026411871015457,-0.5704712272460453,0.026499304774302006,0.5383747599085336,0.7685458411696648,-1.074188660570347,-0.3951647631557957,-0.12860156192663144,0.4072826668827507,0.7277378540846504,-0.8780978434637916,0.6352619983339022,-0.4124962074793848
-0.8796325207634768,0.1769640783745962,0.3842543192845392,1.8008713640834075,-0.9980783808088863,1.078064739651865,-0.14979918426499367,4.66341766569043,1.0862785009537803,-0.5830663004977807,0.41170765282718375,0.21204847422858017,-0.6264433976084333,-0.08456237430835478,0.5677257748901524,-0.5617739654162458,0.6067938009516962,0.06906932080426263,2.2213089507139974,-0.10235070071599542,-0.8833919385145734,0.48266885894629796,-3.3544561641040445,1.245664407156069,0.6218537600746917,-0.863270535848766,0.5373989617530336,-0.3026114182924883,0.7356572740213922,0.06831416539660239,0.763804091886861,0.6512171462591833,0.12289429960406184,-0.5642213840951211,-1.254583084641803,-1.393875013532833,2.3533130571457765,3.0037816534733848,-0.4861532331997842,0.2947794389250589,-0.8780978434637916,3.107534071005281,-1.073493086972933,0.33195683857819347
0.4823402889020431,-0.3251911193092686,-0.36576604092391757,-0.3491302005463642,0.5293564262953782,-0.5879102779443628,0.15690973804956332,-2.38067675550664,-0.6904743686928214,0.47789014123892337,-0.7003510939465634,-0.56172099753235,0.21915799721132057,-0.2762884550844482,-0.30044076312938395,0.3106852670855501,-0.419001340457408,-0.3509243416772275,-0.9948211611827522,0.09428355366656693,-0.019915083356390653,0.17912344966230548,1.612968277543729,-0.8083403119953965,-0.1231174458744177,0.8330174863098987,-0.2736677605504114,0.057781886556308,-0.2239936384141991,-0.3236681744081839,-0.5745069209766971,-0.8576630224847137,-0.08996327627678646,0.16793773810957915,0.3839188572544275,0.988778662747442,-1.210523877963997,-0.9546779663608366,0.02656127706260314,0.043582073637263595,0.6352619983339022,-1.073493086972933,0.7212800673548816,-0.063851322658173
-0.44548398122161703,0.28785793503768115,0.45704774417469957,-0.9844512391406615,-0.757982257775688,-0.06373313902985324,-0.7642771162526603,0.5077692743225718,0.9898732516899799,-0.7652996160356703,-0.3707731011831379,0.6188955392567058,0.24596757915820447,-1.222829109591537,-1.2474881390321417,-1.7586297313509445,-0.2419951989535324,-0.6611297432992574,-0.41723331539749087,0.9253217667644538,-0.3133286906482633,0.5810277667736927,-0.4085782790169088,-0.4379587656015309,0.9104786849126857,-0.1233953470346533,0.37217776726682966,-0.40321584658788284,-0.0750188033507517,0.8485783876334975,0.953608106450484,-0.5554923773029857,1.2465258223443079,0.2108278129187927,-0.7022318790214372,0.17387432284462812,0.3101922422538208,-0.6083165377905645,0.24326391427377625,-0.7999772847481025,-0.4124962074793848,0.33195683857819347,-0.063851322658173,0.9766015519944827
