V1,V2,V3,V4,V5,V6,V7,V8,V9,V10,V11,V12,V13,V14,V15,V16,V17,V18,V19,V20,V21,V22,V23,V24,V25,V26,V27,V28,V29,V30,V31,V32,V33,V34,V35,V36,V37,V38,V39,V40,V41,V42,V43,V44
1.791323443877592,-0.7495551541081712,-0.8252226272524487,1.249559037765194,1.6323560610566066,-0.5336522325485373,1.1935539344304065,-3.3616939776532786,-2.1393732320036665,1.7562369250317147,-0.4195818170710548,-1.9664750690490393,-0.31939331267087206,2.384454430028942,1.3897164765872876,3.724528788598727,0.12889485675656626,0.8056347094700904,0.15082703443610818,-1.8701212354350918,0.400792828016223,-0.7106713330097129,2.023062836268051,0.1332966012328892,-1.6063249650239957,1.3356626974353145,-0.8946223467227202,0.46450379035476974,0.16447719276509026,-1.4976820493935004,-2.120014034851098,0.2795515176083633,-2.102388064354893,-0.05802668260826276,1.661097703071025,0.7908646221952543,-1.540591962485828,0.1416548948194588,-0.7335631123070526,1.589545081936649,1.216742464637158,-0.9992054025384162,0.883474455633651,-1.8805701437141444
-0.7495551541081712,0.8486225449887062,0.8660428249079309,-1.3382421352387741,-1.1386568352612074,0.4561148829506723,-1.0654232048998988,1.873194601003636,1.8731856713069064,-1.2321694648226222,0.2387808845185438,1.356941029743542,0.24362224238956684,-0.8120767432464469,-1.3560895202986045,-2.1426711615091425,-0.12072025953427222,-0.3116568417262871,0.22227613633910226,0.9408255670279795,0.04562621064006089,0.22451873391522253,-1.4670598766243688,0.1128098799128915,1.0170646696741112,-0.9092004244226216,0.5649740067390269,-0.5509899882386443,0.017821722353852404,1.4921066703399097,1.5308410778726564,0.4066356980609723,1.5184745255483654,0.27982235047460097,-0.8733783068439249,-0.4751866166855345,1.135082951737626,-0.5455199570775217,0.5264831424077634,-1.0481779366868016,-0.9557045670884009,0.8192721108147314,-0.5921556449351114,0.972642874314243
-0.8252226272524487,0.8660428249079309,1.3555997680854504,-1.821241681000443,-1.7891358106067927,0.27946653583299996,-1.7368627339825975,2.530648767460658,2.3112853874958654,-1.730813213787424,0.02212261628718769,1.4609875885773431,0.12901749613350483,-1.172033248115653,-2.121444388499806,-2.6401867954187503,0.21539995748860608,-0.4262877254978352,0.3145282159591701,1.0950793447167613,-0.3608640262565112,0.5696556008531904,-1.9748119100399442,0.19526272944604478,1.445364137844096,-0.7648178471292378,0.798022884953201,-0.794246114120276,0.20328623575953317,2.003401001781846,2.247637547948314,0.17553660601135154,2.1592095574171957,0.41483779695123585,-1.1670836292302593,-0.5791342348746248,1.5701541520454905,-0.639580522888295,0.14326655000506164,-1.3666206074529883,-1.339642725213669,1.4761258460028277,-0.6534719633893437,1.5076398085879303
1.249559037765194,-1.3382421352387741,-1.821241681000443,2.8258465204416825,2.5356533902721274,-0.4576247958227225,2.411818731492547,-3.4030032025489594,-3.197497133417077,2.4070577498962167,-0.5300170352776724,-2.204725842376205,-0.2853734255654947,1.2102975815900643,2.6649773099159004,3.321916902632381,-0.42922040709436177,0.045495617190457645,-0.4943581893712297,-1.3218266023853438,0.3192783835853522,-0.3696048832650046,2.6110045368490904,-0.4853189217817699,-1.8308459909145223,1.2009341663754383,-0.9271737035867413,1.2615918685172651,-0.5112257230777741,-2.938007359426855,-3.137989324055487,-0.6532148892592828,-2.7985387619903075,-0.6241375404933787,1.4024316186414818,0.9894186100522581,-2.1063379102799926,1.345248397823538,-0.21767919381583614,1.9229029647975375,1.9200292195786615,-1.6771897759965504,0.9469647339749969,-2.028141283060785
1.6323560610566066,-1.1386568352612074,-1.7891358106067927,2.5356533902721274,3.2594251191733536,-0.2205076701672082,2.649776141211925,-4.216928426034964,-3.2673355420866654,2.7877436025298588,-0.12815224603892322,-2.09969148660874,-0.3639761259583351,2.443551813487535,2.9271169112821482,4.298456413607915,-0.5216047218483527,0.6359826250368267,-0.32445658331620236,-1.9390511727397604,1.2052266941847323,-1.1750567326937182,3.0718203266673627,-0.09060516292447453,-2.5371912359836584,0.9797541970759199,-1.1469910337787304,1.6608297461134482,-0.5759335493591008,-2.882005735205886,-3.560450551276697,0.3078307450003174,-3.334731296726953,-0.5049855641885315,2.211344844442201,0.9654271373641714,-2.265204873846306,0.7044190128801024,0.1021989808426812,1.9887256552064156,2.156668338574991,-2.4363146361815917,1.0333422198221474,-2.866804125519397
-0.5336522325485373,0.4561148829506723,0.27946653583299996,-0.4576247958227225,-0.2205076701672082,0.6250761749968735,-0.34649840004232046,0.8912495751873802,1.2409014072600077,-0.3691438160725335,0.02385267608439875,0.6442241553202193,0.1008448621189572,-0.3417992165736506,-0.6389735619126434,-1.1409522024987604,-0.4922228996517085,-0.17231015732562097,0.35934386994196793,0.4448683837818024,0.09505907000052084,0.069321112469267,-0.8159107389948727,0.11993480302413922,0.5656084748241191,-0.4703993594768703,0.18018934087575023,-0.27226268398040543,0.28944079938190437,0.7679809580566553,0.5293923223473131,0.26144806498278755,0.6869889503207605,0.049161947161616835,-0.44763037890575674,-0.008149274885014846,0.6990032326600728,-0.3129336849115592,0.5513323106071087,-0.6453382339858336,-0.188544099814508,0.4363926257911488,-0.13504469907104139,0.3734453692820458
1.1935539344304065,-1.0654232048998988,-1.7368627339825975,2.411818731492547,2.649776141211925,-0.34649840004232046,2.4769177345622957,-3.3776718490756643,-3.1302012276247724,2.300527991379772,0.029491688080480194,-1.6961709138184689,-0.17271360443606001,1.5768795251595635,2.8621301245070994,3.336911934246076,-0.3827626370123729,0.3471634488902079,-0.6078450810924022,-1.3552987670806322,0.9140282126506442,-0.8607389109359043,2.707657924084699,-0.314831701303708,-2.119551449094785,0.6896792832041322,-0.9265027607031183,1.4619438604764339,-0.7854997798020495,-2.771129623379879,-3.0776205934933376,-0.030630806320081222,-2.897909397275017,-0.5412451739843526,1.67036340824774,0.6688938509767315,-2.1153304918236637,0.9236046922195027,0.13246753786561888,1.8076822065287514,1.7650728248165453,-2.2550547009586244,0.7153006188625265,-2.264307137832708
-3.3616939776532786,1.873194601003636,2.530648767460658,-3.4030032025489594,-4.216928426034964,0.8912495751873802,-3.3776718490756643,7.518086159124765,5.241850453082675,-4.345385900047419,0.419038507219437,4.277171009980213,0.6205904422920255,-5.038133468636991,-4.150469204826481,-8.36824603491835,0.01775388974337142,-2.0141903382118067,-0.12222626947485993,4.04874868869299,-1.0357409994762108,1.8877647720536475,-4.9276310715093175,-0.2468430197248666,3.8701220549861968,-2.722233450076417,2.243136328237013,-1.3574394329047528,-0.39401491931878213,3.959446831152501,5.308270602945609,-0.5381201767590689,5.30720120681654,0.45541516104448576,-3.775155522918984,-1.7254652816030316,3.728249890961894,-0.44343455925247977,1.220380955124547,-3.5622087048938322,-3.1597990122770576,3.0364613705817605,-2.0331541070372587,4.311469933994001
-2.1393732320036665,1.8731856713069064,2.3112853874958654,-3.197497133417077,-3.2673355420866654,1.2409014072600077,-3.1302012276247724,5.241850453082675,5.226407514718151,-3.194818031561159,-0.0642822653224079,2.9766384276581785,0.41252300727473495,-2.641491620988786,-4.083569013261591,-5.815901063872682,-0.3794950047578342,-1.0292719508655428,0.9631002545038186,2.463757493204555,-0.8018294871682378,1.229278145477186,-4.249967878810394,0.2969524003967719,3.246779678745481,-1.6620672715227163,1.4566410033324082,-1.8532917388786527,0.8587058497085709,4.041990672684926,4.1955725636088,0.26863133164324854,4.329103789391829,0.6327095842303545,-2.6970750519597906,-0.8222982425562783,3.3262859789597408,-1.1678418602688045,0.8540978100540627,-2.9186882292990473,-2.313708386126699,3.1150352164967465,-1.157100482249029,3.095485371673224
1.7562369250317147,-1.2321694648226222,-1.730813213787424,2.4070577498962167,2.7877436025298588,-0.3691438160725335,2.300527991379772,-4.345385900047419,-3.194818031561159,2.7519696481801335,-0.30636035002056394,-2.5311945313226705,-0.38292766721373017,2.6443310273286813,2.7068249658934116,4.7067728604449695,-0.2746630621104898,0.9725342281275531,-0.007040300512963848,-2.2250196041919468,0.6144315753558869,-1.0223344394232463,2.967353494087814,0.03385558599377207,-2.289761248941409,1.530117849759978,-1.3283652678733953,1.0226288966739312,0.14724965092725248,-2.6325991133523012,-3.3835884094722166,0.10049961082960825,-3.2543882197784684,-0.43254596086652275,2.134842454575058,1.1145956513950739,-2.224150590217638,0.5276990869811584,-0.4898959311399404,2.078478932870831,2.094674496654379,-1.919156032351616,1.2445167158664783,-2.5674215591482166
-0.4195818170710548,0.2387808845185438,0.02212261628718769,-0.5300170352776724,-0.12815224603892322,0.02385267608439875,0.029491688080480194,0.419038507219437,-0.0642822653224079,-0.30636035002056394,0.9552020792273563,0.7626013374112656,0.1914282961344743,0.04445728115795607,0.42841641029878047,-0.2070681133736722,0.2767207877901474,0.46600453395786495,-0.32657638551922513,0.14338762978543285,0.5139503035797912,-0.5669135896810916,0.086981378648987,0.1768891129187195,-0.25329656020036606,-0.6845584445200739,0.014983231472815434,0.1914546932666661,-0.30149831088129597,0.15781120784941574,0.27298035703770424,0.5594121458393492,-0.07513358217548545,0.03781693102621271,0.1674381326528579,-0.6029398474118263,-0.021073152401269876,-0.4957801132168278,0.31032683925026344,-0.23794773232957792,-0.3103403843722126,-0.8099634649419494,-0.3694411712867915,0.039008466485164255
-1.9664750690490393,1.356941029743542,1.4609875885773431,-2.204725842376205,-2.09969148660874,0.6442241553202193,-1.6961709138184689,4.277171009980213,2.9766384276581785,-2.5311945313226705,0.7626013374112656,3.024611403486184,0.4765488025320473,-2.6189621189499404,-2.078171761524872,-4.88479730882235,-0.07062866791175104,-1.0563872758436785,-0.3094449038449149,2.405705746093164,0.16966685942211343,0.5986153931433574,-2.64828344386787,-0.0893217254572352,1.8367909974291734,-2.211684355685873,1.3521299892892302,-0.3514912981860459,-0.8104247513310918,2.2533288430840455,2.9593706559156407,0.3144212513396067,2.8764875250493085,0.3051426639103485,-1.8948559854916505,-1.2978457760700302,2.0436173961960167,-0.4919171293471614,1.2510904312744067,-2.1035751309368864,-1.905933706556236,1.0208326778568058,-1.4518046660773363,2.093471853265983
-0.31939331267087206,0.24362224238956684,0.12901749613350483,-0.2853734255654947,-0.3639761259583351,0.1008448621189572,-0.17271360443606001,0.6205904422920255,0.41252300727473495,-0.38292766721373017,0.1914282961344743,0.4765488025320473,0.16799006906710343,-0.4219669187997629,-0.18070636704509963,-0.7685147740168288,-0.04419313347063554,-0.14958659059965682,-0.0822692482046325,0.40886448606367193,0.020531017083428093,0.07607789267014374,-0.3793892108811495,-0.07125366622112025,0.3020558184063455,-0.38106771524534144,0.1694871776561698,-0.1530943425387621,-0.13148349717170751,0.30416476079628685,0.40025081903350157,0.05235595866488041,0.39052684098082285,0.03230365786931667,-0.3386898006884975,-0.22235395089447263,0.23027328039645026,-0.04902809238991576,0.23499131334364365,-0.2516090965810505,-0.3064923730717214,0.09844112212286486,-0.2621336452898616,0.33220053390857135
2.384454430028942,-0.8120767432464469,-1.172033248115653,1.2102975815900643,2.443551813487535,-0.3417992165736506,1.5768795251595635,-5.038133468636991,-2.641491620988786,2.6443310273286813,0.04445728115795607,-2.6189621189499404,-0.4219669187997629,4.391060538084499,2.1434997290046285,6.01132794356816,0.17426498058818715,2.1827705037256546,0.6949420560998653,-3.2124341019020766,0.8825787431099432,-1.7651079661552376,2.938970887843691,0.7720856856462578,-2.518161740813988,1.8271510544290681,-1.6553458180762688,0.3406301941916802,1.059057781024762,-1.6095316538239928,-3.0151112556851003,1.2189099826399554,-3.2641106340336754,0.017145692835505977,2.8316588673075263,1.052492187881315,-2.0493512469372304,-0.8040758837575324,-0.9778307336314336,2.0270842270939347,1.8265212959233699,-1.8100035959049263,1.4174955929956639,-2.872622803163681
1.3897164765872876,-1.3560895202986045,-2.121444388499806,2.6649773099159004,2.9271169112821482,-0.6389735619126434,2.8621301245070994,-4.150469204826481,-4.083569013261591,2.7068249658934116,0.42841641029878047,-2.078171761524872,-0.18070636704509963,2.1434997290046285,3.708846646490661,4.494297157532152,-0.032254934386607335,0.9569855331624504,-0.781195043216475,-1.8680627881878122,0.9738463734882332,-1.2786889215341304,3.468087759832689,-0.20720855539396527,-2.706727250680276,0.9468346276352821,-1.2770795776295971,1.5737487528363765,-0.6944177013112022,-3.309215927641798,-3.5970925854939635,0.06031113871137236,-3.679492190325992,-0.6115981823717347,2.1940440526974627,0.5958774320133953,-2.6950461570035786,0.8018881870303042,-0.19526745935788828,2.2455188814041445,2.0037541824796286,-2.9502086289081726,0.85966338867147285,-2.619744219310029
3.724528788598727,-2.1426711615091425,-2.6401867954187503,3.321916902632381,4.298456413607915,-1.1409522024987604,3.336911934246076,-8.36824603491835,-5.815901063872682,4.7067728604449695,-0.2070681133736722,-4.88479730882235,-0.7685147740168288,6.01132794356816,4.494297157532152,9.857958524280997,0.45497471445004994,2.9121250983874796,0.3477139430327982,-4.895510526156831,0.8775453356435521,-2.30753302161648,5.481135728271796,0.6243861050763966,-4.309742990475962,3.3438261736914954,-2.6730299676409057,1.1450253798430394,1.0679187525186449,-4.0495229822898695,-5.588110437792887,0.7330094540669536,-5.901666697375898,-0.3920784359269421,4.395364876292953,1.798380176252995,-4.058344127941363,-0.04513341636039548,-1.8954947655890768,3.865645538114282,3.3747613205252707,-3.289971283271292,2.392140061258535,-4.582070848532076
0.12889485675656626,-0.12072025953427222,0.21539995748860608,-0.42922040709436177,-0.5216047218483527,-0.4922228996517085,-0.3827626370123729,0.01775388974337142,-0.3794950047578342,-0.2746630621104898,0.2767207877901474,-0.07062866791175104,-0.04419313347063554,0.17426498058818715,-0.032254934386607335,0.45497471445004994,0.726349098254348,0.4413675755205291,-0.14743832369177887,-0.23594027768140374,-0.23211662725192245,-0.10157272184201926,0.1419207953687928,0.1547616251106713,-0.10540104205006787,0.22126129142219997,-0.026041571301353747,-0.16384474703282598,0.09945919043783266,0.12096186900381234,0.37024149611153123,-0.004041641643297215,0.007845187899852356,0.1329800353436871,0.16630224572422167,-0.3034025230888579,-0.10871698317159142,-0.2694351999661899,-0.6190864216083263,0.07291124050513154,-0.3241489395702328,-0.044272884874726734,-0.05966084035698656,0.21803473501951667
0.8056347094700904,-0.3116568417262871,-0.4262877254978352,0.045495617190457645,0.6359826250368267,-0.17231015732562097,0.3471634488902079,-2.0141903382118067,-1.0292719508655428,0.9725342281275531,0.46600453395786495,-1.0563872758436785,-0.14958659059965682,2.1827705037256546,0.9569855331624504,2.9121250983874796,0.4413675755205291,1.6465943042841813,0.48328154218682423,-1.6352451368652625,0.16968074016870172,-1.0373320852890073,1.21256985115641,0.662221326761935,-1.0431417933477662,0.9008029517879148,-0.9083478170278999,-0.27680660363414306,1.083888700415078,-0.31488386963027065,-0.9742556598608864,0.7297341455321068,-1.4030229335570783,0.08474715089255895,1.3220639145707844,0.25647096985482193,-0.7757097932322619,-0.9261855976945798,-0.7682834311935665,0.7133817148199606,0.6174399976441128,-0.8185291967675051,0.6529173432961968,-0.9569589234794106
0.15082703443610818,0.22227613633910226,0.3145282159591701,-0.4943581893712297,-0.32445658331620236,0.35934386994196793,-0.6078450810924022,-0.12222626947485993,0.9631002545038186,-0.007040300512963848,-0.32657638551922513,-0.3094449038449149,-0.0822692482046325,0.6949420560998653,-0.781195043216475,0.3477139430327982,-0.14743832369177887,0.48328154218682423,0.8713525407671702,-0.4603645455193817,-0.3803474651263879,-0.004137465434052864,-0.49659056122334594,0.4177753788646053,0.41416216028952746,0.5076874825537567,-0.2219567513475504,-0.8422087171783755,1.2049582926568783,0.8627539991979027,0.3026914277947077,0.25991994046706923,0.33642148933779026,0.19224284458445484,-0.010627794477174305,0.37533474526172494,0.48221108953543446,-0.6484633109586673,-0.3294042607706717,-0.23832068605130705,0.017171919709021523,0.849250623020043,0.35941378061864865,0.17389336247227377
-1.8701212354350918,0.9408255670279795,1.0950793447167613,-1.3218266023853438,-1.9390511727397604,0.4448683837818024,-1.3552987670806322,4.04874868869299,2.463757493204555,-2.2250196041919468,0.14338762978543285,2.405705746093164,0.40886448606367193,-3.2124341019020766,-1.8680627881878122,-4.895510526156831,-0.23594027768140374,-1.6352451368652625,-0.4603645455193817,2.565296872782988,-0.3576916499199027,1.1734535516938536,-2.471802042228357,-0.5058439819811034,1.9714868775082008,-1.7503341207569387,1.3585969214106817,-0.29091971669416766,-0.9217138481578773,1.5922103426186904,2.533433334265797,-0.5237130883786713,2.713851376451034,0.0950025794669172,-2.177118451616062,-0.9353731171217262,1.7583975043047093,0.3418106793622648,1.0430473193749243,-1.7462695721558115,-1.587962937492854,1.3436776488889626,-1.251703410965597,2.1625449998078725
0.400792828016223,0.04562621064006089,-0.3608640262565112,0.3192783835853522,1.2052266941847323,0.09505907000052084,0.9140282126506442,-1.0357409994762108,-0.8018294871682378,0.6144315753558869,0.5139503035797912,0.16966685942211343,0.020531017083428093,0.8825787431099432,0.9738463734882332,0.8775453356435521,-0.23211662725192245,0.16968074016870172,-0.3803474651263879,-0.3576916499199027,1.2359181476638708,-0.8129258614637905,0.9245559943563951,0.028825184718995797,-1.0599704655038737,-0.5384135377283984,-0.14866860898563886,0.993027852255271,-0.9127137043736281,-0.7120574404620317,-0.9458272649661318,0.7947625068519545,-0.9529066781842854,-0.061492099957844666,0.860140973540694,-0.12293657592902844,-0.6230948033907365,-0.0698382404485188,0.6946779251579179,0.38653273541308725,0.4117068286953543,-1.406585715694212,-0.09117915622996975,-1.1696801982168272
-0.7106713330097129,0.22451873391522253,0.5696556008531904,-0.3696048832650046,-1.1750567326937182,0.069321112469267,-0.8607389109359043,1.8877647720536475,1.229278145477186,-1.0223344394232463,-0.5669135896810916,0.5986153931433574,0.07607789267014374,-1.7651079661552376,-1.2786889215341304,-2.30753302161648,-0.10157272184201926,-1.0373320852890073,-0.004137465434052864,1.1734535516938536,-0.8129258614637905,1.0804734920219332,-1.360138580915579,-0.3525478580425435,1.2914694693173911,-0.24651678271507887,0.6489508877724965,-0.48050609073500333,-0.05276581874695315,0.7581548958815875,1.2551326311123656,-0.8234082265282425,1.4960236171270627,0.030560719331655557,-1.2997738297021666,-0.10639910957629851,0.9235354184670644,0.4846477819555976,0.03917075169949584,-0.7220236489132282,-0.6834185171041716,1.3887278963352092,-0.35809994177173615,1.2992460112741098
2.023062836268051,-1.4670598766243688,-1.9748119100399442,2.6110045368490904,3.0718203266673627,-0.8159107389948727,2.707657924084699,-4.9276310715093175,-4.249967878810394,2.967353494087814,0.086981378648987,-2.64828344386787,-0.3793892108811495,2.938970887843691,3.468087759832689,5.481135728271796,0.1419207953687928,1.21256985115641,-0.49659056122334594,-2.471802042228357,0.9245559943563951,-1.360138580915579,3.7143086468718467,-0.0268101419640636,-2.940765036922989,1.4905033550791806,-1.4317053944576417,1.4868668264638627,-0.40631255668025035,-3.2720895448545115,-3.790966134198014,0.19514799261960744,-3.8902236914593185,-0.47419492168697547,2.604966889315818,0.8640290668622223,-2.827864625170325,0.6307664541548348,-0.6369121717441252,2.5102064718723227,2.154718787953486,-2.742031043253856,1.1542985709401072,-2.976392856598722
0.1332966012328892,0.1128098799128915,0.19526272944604478,-0.4853189217817699,-0.09060516292447453,0.11993480302413922,-0.314831701303708,-0.2468430197248666,0.2969524003967719,0.03385558599377207,0.1768891129187195,-0.0893217254572352,-0.07125366622112025,0.7720856856462578,-0.20720855539396527,0.6243861050763966,0.1547616251106713,0.662221326761935,0.4177753788646053,-0.5058439819811034,0.028825184718995797,-0.3525478580425435,-0.0268101419640636,0.4261286854527259,-0.08025115116391351,0.20944641415485432,-0.22139263660623926,-0.3268120988002732,0.6606345300224089,0.47000514137247307,0.13304763433526184,0.44797807584136384,-0.047460891071981745,0.14869351868358505,0.3268811072219224,0.028779393530823295,0.15931195952620364,-0.6731976366528358,-0.24785954236372335,-0.11436910990928047,-0.008587567946658079,0.060060540833773296,0.17910787381598875,-0.0792858702640596
-1.6063249650239957,1.0170646696741112,1.445364137844096,-1.8308459909145223,-2.5371912359836584,0.5656084748241191,-2.119551449094785,3.8701220549861968,3.246779678745481,-2.289761248941409,-0.25329656020036606,1.8367909974291734,0.3020558184063455,-2.518161740813988,-2.706727250680276,-4.309742990475962,-0.10540104205006787,-1.0431417933477662,0.41416216028952746,1.9714868775082008,-1.0599704655038737,1.2914694693173911,-2.940765036922989,-0.08025115116391351,2.4689561909814106,-0.9298696681196637,1.085813295481745,-1.3503747057992668,0.4929456245178696,2.4658771525741647,2.940543110041757,-0.47651067351833104,3.0666582680183145,0.31811574030548084,-2.206839419234637,-0.5639875140252406,2.1732541862721626,-0.29779013999322296,0.3097609432516189,-1.8810018692467956,-1.6377559393064343,2.3861911192068956,-0.8158630504599417,2.5029417672185943
1.3356626974353145,-0.9092004244226216,-0.7648178471292378,1.2009341663754383,0.9797541970759199,-0.4703993594768703,0.6896792832041322,-2.722233450076417,-1.6620672715227163,1.530117849759978,-0.6845584445200739,-2.211684355685873,-0.38106771524534144,1.8271510544290681,0.9468346276352821,3.3438261736914954,0.22126129142219997,0.9008029517879148,0.5076874825537567,-1.7503341207569387,-0.5384135377283984,-0.24651678271507887,1.4905033550791806,0.20944641415485432,-0.9298696681196637,1.8309130610193376,-0.9468729679833447,-0.22236566850096026,1.1023139686898655,-1.1089626129898904,-1.639050865797589,-0.3214522960489674,-1.6474808349339138,-0.10765444344492717,1.1471431273495276,0.9577718053430023,-1.1356993353558034,0.1146423392027108,-1.2407613681151026,1.2894977732738213,1.1512112345909447,-0.14718378734272552,1.1085919214651763,-1.084462804307433
-0.8946223467227202,0.5649740067390269,0.798022884953201,-0.9271737035867413,-1.1469910337787304,0.18018934087575023,-0.9265027607031183,2.243136328237013,1.4566410033324082,-1.3283652678733953,0.014983231472815434,1.3521299892892302,0.1694871776561698,-1.6553458180762688,-1.2770795776295971,-2.6730299676409057,-0.026041571301353747,-0.9083478170278999,-0.2219567513475504,1.3585969214106817,-0.14866860898563886,0.6489508877724965,-1.4317053944576417,-0.22139263660623926,1.085813295481745,-0.9468729679833447,0.8184802378817837,-0.13751586516442393,-0.5572964086734925,1.0306652787255073,1.5454101495698802,-0.19920931365573732,1.6220532517304425,0.13633732238459753,-1.145943601375846,-0.5429884187257035,1.052263880514024,0.10090003680631279,0.498621031811334,-1.007485298773659,-0.9768445033465067,0.8463305640765533,-0.709394169331314,1.1747612695535004
0.46450379035476974,-0.5509899882386443,-0.794246114120276,1.2615918685172651,1.6608297461134482,-0.27226268398040543,1.4619438604764339,-1.3574394329047528,-1.8532917388786527,1.0226288966739312,0.1914546932666661,-0.3514912981860459,-0.1530943425387621,0.3406301941916802,1.5737487528363765,1.1450253798430394,-0.16384474703282598,-0.27680660363414306,-0.8422087171783755,-0.29091971669416766,0.993027852255271,-0.48050609073500333,1.4868668264638627,-0.3268120988002732,-1.3503747057992668,-0.22236566850096026,-0.13751586516442393,1.5804301664037574,-1.3931682516990695,-1.720436142511595,-1.5315086197934125,0.03306939059979403,-1.430960838380216,-0.3310909637803306,0.89603241983237,0.03627001666371151,-1.098784403416437,0.7623682763612205,0.501113925081232,0.7862312547785612,0.8007885963320327,-1.6622945028377685,0.05349120642787632,-1.3177925710174105
0.16447719276509026,0.017821722353852404,0.20328623575953317,-0.5112257230777741,-0.5759335493591008,0.28944079938190437,-0.7854997798020495,-0.39401491931878213,0.8587058497085709,0.14724965092725248,-0.30149831088129597,-0.8104247513310918,-0.13148349717170751,1.059057781024762,-0.6944177013112022,1.0679187525186449,0.09945919043783266,1.083888700415078,1.2049582926568783,-0.9217138481578773,-0.9127137043736281,-0.05276581874695315,-0.40631255668025035,0.6606345300224089,0.4929456245178696,1.1023139686898655,-0.5572964086734925,-1.3931682516990695,2.112013720316738,0.9825677892957474,0.28314713259492635,0.11659814627986455,0.14706061111212818,0.1931397914355478,0.09825685082091445,0.5230643199030051,0.435621295632474,-0.9596451445021947,-0.9227689472759621,-0.14719948935135477,0.14155766350327217,1.081157902925702,0.6803816118432764,0.36669852397444663
-1.4976820493935004,1.4921066703399097,2.003401001781846,-2.938007359426855,-2.882005735205886,0.7679809580566553,-2.771129623379879,3.959446831152501,4.041990672684926,-2.6325991133523012,0.15781120784941574,2.2533288430840455,0.30416476079628685,-1.6095316538239928,-3.309215927641798,-4.0495229822898695,0.12096186900381234,-0.31488386963027065,0.8627539991979027,1.5922103426186904,-0.7120574404620317,0.7581548958815875,-3.2720895448545115,0.47000514137247307,2.4658771525741647,-1.1089626129898904,1.0306652787255073,-1.720436142511595,0.9825677892957474,3.4457627875845835,3.521345585910994,0.43239022983146236,3.378829927900763,0.6453218458329362,-1.895456431835946,-0.7839815051648098,2.592548616426577,-1.3366588422981482,0.26517929369372545,-2.2599516598292477,-2.0007361541928437,2.454034209060113,-0.8767529938681066,2.477377525067465
-2.120014034851098,1.5308410778726564,2.247637547948314,-3.137989324055487,-3.560450551276697,0.5293923223473131,-3.0776205934933376,5.308270602945609,4.1955725636088,-3.3835884094722166,0.27298035703770424,2.9593706559156407,0.40025081903350157,-3.0151112556851003,-3.5970925854939635,-5.588110437792887,0.37024149611153123,-0.9742556598608864,0.3026914277947077,2.533433334265797,-0.9458272649661318,1.2551326311123656,-3.790966134198014,0.13304763433526184,2.940543110041757,-1.639050865797589,1.5454101495698802,-1.5315086197934125,0.28314713259492635,3.521345585910994,4.290801388358488,-0.07847590901936327,4.1020996998443175,0.5958753826282097,-2.5981939679535437,-1.253701141830701,2.8990432947716678,-0.8899868761770804,0.3941878638787424,-2.6479182435364885,-2.5628387494519886,2.651885528537637,-1.3735231324690627,3.2477265104224657
0.2795515176083633,0.4066356980609723,0.17553660601135154,-0.6532148892592828,0.3078307450003174,0.26144806498278755,-0.030630806320081222,-0.5381201767590689,0.26863133164324854,0.10049961082960825,0.5594121458393492,0.3144212513396067,0.05235595866488041,1.2189099826399554,0.06031113871137236,0.7330094540669536,-0.004041641643297215,0.7297341455321068,0.25991994046706923,-0.5237130883786713,0.7947625068519545,-0.8234082265282425,0.19514799261960744,0.44797807584136384,-0.47651067351833104,-0.3214522960489674,-0.19920931365573732,0.03306939059979403,0.11659814627986455,0.43239022983146236,-0.07847590901936327,1.0960341106348195,-0.2752439058253727,0.21484142267809928,0.6425523418645424,-0.15860573586051643,-0.009969727212906189,-0.8749319703881347,0.2828483738530529,-0.06010934299708808,-0.028026359505093683,-0.5820748149167098,-0.03208235593927105,-0.5853155277675427
-2.102388064354893,1.5184745255483654,2.1592095574171957,-2.7985387619903075,-3.334731296726953,0.6869889503207605,-2.897909397275017,5.30720120681654,4.329103789391829,-3.2543882197784684,-0.07513358217548545,2.8764875250493085,0.39052684098082285,-3.2641106340336754,-3.679492190325992,-5.901666697375898,0.007845187899852356,-1.4030229335570783,0.33642148933779026,2.713851376451034,-0.9529066781842854,1.4960236171270627,-3.8902236914593185,-0.047460891071981745,3.0666582680183145,-1.6474808349339138,1.6220532517304425,-1.430960838380216,0.14706061111212818,3.378829927900763,4.1020996998443175,-0.2752439058253727,4.166856039191834,0.5169490986252414,-2.77362013832502,-1.0328759972196517,2.9424040502634417,-0.5525229223029253,0.6277577459026374,-2.626038614171868,-2.398955165730048,2.84400998887304,-1.328931046332469,3.182816169304102
-0.05802668260826276,0.27982235047460097,0.41483779695123585,-0.6241375404933787,-0.5049855641885315,0.049161947161616835,-0.5412451739843526,0.45541516104448576,0.6327095842303545,-0.43254596086652275,0.03781693102621271,0.3051426639103485,0.03230365786931667,0.017145692835505977,-0.6115981823717347,-0.3920784359269421,0.1329800353436871,0.08474715089255895,0.19224284458445484,0.0950025794669172,-0.061492099957844666,0.030560719331655557,-0.47419492168697547,0.14869351868358505,0.31811574030548084,-0.10765444344492717,0.13633732238459753,-0.3310909637803306,0.1931397914355478,0.6453218458329362,0.5958753826282097,0.21484142267809928,0.5169490986252414,0.18308134571335624,-0.17317153222200743,-0.13837504952515342,0.38263325976623913,-0.3527421304136484,-0.06819661093928149,-0.3053321913879009,-0.372373260791318,0.3986330747580401,-0.12511265566643875,0.30780811595031543
1.661097703071025,-0.8733783068439249,-1.1670836292302593,1.4024316186414818,2.211344844442201,-0.44763037890575674,1.67036340824774,-3.775155522918984,-2.6970750519597906,2.134842454575058,0.1674381326528579,-1.8948559854916505,-0.3386898006884975,2.8316588673075263,2.1940440526974627,4.395364876292953,0.16630224572422167,1.3220639145707844,-0.010627794477174305,-2.177118451616062,0.860140973540694,-1.2997738297021666,2.604966889315818,0.3268811072219224,-2.206839419234637,1.1471431273495276,-1.145943601375846,0.89603241983237,0.09825685082091445,-1.895456431835946,-2.5981939679535437,0.6425523418645424,-2.77362013832502,-0.17317153222200743,2.180733256118469,0.6423043696599222,-1.8635094302854027,-0.11932168228599886,-0.5413675039133578,1.683202384571974,1.5160058284516578,-1.9278483825579769,0.9379180901287856,-2.3160726271059184
0.7908646221952543,-0.4751866166855345,-0.5791342348746248,0.9894186100522581,0.9654271373641714,-0.008149274885014846,0.6688938509767315,-1.7254652816030316,-0.8222982425562783,1.1145956513950739,-0.6029398474118263,-1.2978457760700302,-0.22235395089447263,1.052492187881315,0.5958774320133953,1.798380176252995,-0.3034025230888579,0.25647096985482193,0.37533474526172494,-0.9353731171217262,-0.12293657592902844,-0.10639910957629851,0.8640290668622223,0.028779393530823295,-0.5639875140252406,0.9577718053430023,-0.5429884187257035,0.03627001666371151,0.5230643199030051,-0.7839815051648098,-1.253701141830701,-0.15860573586051643,-1.0328759972196517,-0.13837504952515342,0.6423043696599222,0.7693757339049948,-0.648178087046611,0.2505853105335337,-0.35865690505743897,0.7664102982339798,0.899690772185949,-0.10054128782237379,0.6980778010117091,-0.8591998397655513
-1.540591962485828,1.135082951737626,1.5701541520454905,-2.1063379102799926,-2.265204873846306,0.6990032326600728,-2.1153304918236637,3.728249890961894,3.3262859789597408,-2.224150590217638,-0.021073152401269876,2.0436173961960167,0.23027328039645026,-2.0493512469372304,-2.6950461570035786,-4.058344127941363,-0.10871698317159142,-0.7757097932322619,0.48221108953543446,1.7583975043047093,-0.6230948033907365,0.9235354184670644,-2.827864625170325,0.15931195952620364,2.1732541862721626,-1.1356993353558034,1.052263880514024,-1.098784403416437,0.435621295632474,2.592548616426577,2.8990432947716678,-0.009969727212906189,2.9424040502634417,0.38263325976623913,-1.8635094302854027,-0.648178087046611,2.24021845765737,-0.6583698673553596,0.4896399278491117,-1.9924361403701456,-1.6070135589335932,2.051168580383905,-0.8328236298309319,2.2058350185232762
0.1416548948194588,-0.5455199570775217,-0.639580522888295,1.345248397823538,0.7044190128801024,-0.3129336849115592,0.9236046922195027,-0.44343455925247977,-1.1678418602688045,0.5276990869811584,-0.4957801132168278,-0.4919171293471614,-0.04902809238991576,-0.8040758837575324,0.8018881870303042,-0.04513341636039548,-0.2694351999661899,-0.9261855976945798,-0.6484633109586673,0.3418106793622648,-0.0698382404485188,0.4846477819555976,0.6307664541548348,-0.6731976366528358,-0.29779013999322296,0.1146423392027108,0.10090003680631279,0.7623682763612205,-0.9596451445021947,-1.3366588422981482,-0.8899868761770804,-0.8749319703881347,-0.5525229223029253,-0.3527421304136484,-0.11932168228599886,0.2505853105335337,-0.6583698673553596,1.275240833752834,0.17298692253716189,0.5919519260244702,0.4838534816332065,-0.3475254272771225,0.03432855944520032,-0.3271484827978482
-0.7335631123070526,0.5264831424077634,0.14326655000506164,-0.21767919381583614,0.1021989808426812,0.5513323106071087,0.13246753786561888,1.220380955124547,0.8540978100540627,-0.4898959311399404,0.31032683925026344,1.2510904312744067,0.23499131334364365,-0.9778307336314336,-0.19526745935788828,-1.8954947655890768,-0.6190864216083263,-0.7682834311935665,-0.3294042607706717,1.0430473193749243,0.6946779251579179,0.03917075169949584,-0.6369121717441252,-0.24785954236372335,0.3097609432516189,-1.2407613681151026,0.498621031811334,0.501113925081232,-0.9227689472759621,0.26517929369372545,0.3941878638787424,0.2828483738530529,0.6277577459026374,-0.06819661093928149,-0.5413675039133578,-0.35865690505743897,0.4896399278491117,0.17298692253716189,1.2115136070385177,-0.6241444248991955,-0.2975131701338905,-0.254098654929764,-0.5807878150437129,0.18581379772284468
1.589545081936649,-1.0481779366868016,-1.3666206074529883,1.9229029647975375,1.9887256552064156,-0.6453382339858336,1.8076822065287514,-3.5622087048938322,-2.9186882292990473,2.078478932870831,-0.23794773232957792,-2.1035751309368864,-0.2516090965810505,2.0270842270939347,2.2455188814041445,3.865645538114282,0.07291124050513154,0.7133817148199606,-0.23832068605130705,-1.7462695721558115,0.38653273541308725,-0.7220236489132282,2.5102064718723227,-0.11436910990928047,-1.8810018692467956,1.2894977732738213,-1.007485298773659,0.7862312547785612,-0.14719948935135477,-2.2599516598292477,-2.6479182435364885,-0.06010934299708808,-2.626038614171868,-0.3053321913879009,1.683202384571974,0.7664102982339798,-1.9924361403701456,0.5919519260244702,-0.6241444248991955,1.8818098376172836,1.4973459177450295,-1.5535899503174173,0.8803179701662049,-1.9991397075184876
1.216742464637158,-0.9557045670884009,-1.339642725213669,1.9200292195786615,2.156668338574991,-0.188544099814508,1.7650728248165453,-3.1597990122770576,-2.313708386126699,2.094674496654379,-0.3103403843722126,-1.905933706556236,-0.3064923730717214,1.8265212959233699,2.0037541824796286,3.3747613205252707,-0.3241489395702328,0.6174399976441128,0.017171919709021523,-1.587962937492854,0.4117068286953543,-0.6834185171041716,2.154718787953486,-0.008587567946658079,-1.6377559393064343,1.1512112345909447,-0.9768445033465067,0.8007885963320327,0.14155766350327217,-2.0007361541928437,-2.5628387494519886,-0.028026359505093683,-2.398955165730048,-0.372373260791318,1.5160058284516578,0.899690772185949,-1.6070135589335932,0.4838534816332065,-0.2975131701338905,1.4973459177450295,1.6437899475597033,-1.3699770818385508,0.9699641224940356,-1.8808837830692098
-0.9992054025384162,0.8192721108147314,1.4761258460028277,-1.6771897759965504,-2.4363146361815917,0.4363926257911488,-2.2550547009586244,3.0364613705817605,3.1150352164967465,-1.919156032351616,-0.8099634649419494,1.0208326778568058,0.09844112212286486,-1.8100035959049263,-2.9502086289081726,-3.289971283271292,-0.044272884874726734,-0.8185291967675051,0.849250623020043,1.3436776488889626,-1.406585715694212,1.3887278963352092,-2.742031043253856,0.060060540833773296,2.3861911192068956,-0.14718378734272552,0.8463305640765533,-1.6622945028377685,1.081157902925702,2.454034209060113,2.651885528537637,-0.5820748149167098,2.84400998887304,0.3986330747580401,-1.9278483825579769,-0.10054128782237379,2.051168580383905,-0.3475254272771225,-0.254098654929764,-1.5535899503174173,-1.3699770818385508,2.858347669351265,-0.38637123526622125,2.258245233826252
0.883474455633651,-0.5921556449351114,-0.6534719633893437,0.9469647339749969,1.0333422198221474,-0.13504469907104139,0.7153006188625265,-2.0331541070372587,-1.157100482249029,1.2445167158664783,-0.3694411712867915,-1.4518046660773363,-0.2621336452898616,1.4174955929956639,0.85966338867147285,2.392140061258535,-0.05966084035698656,0.6529173432961968,0.35941378061864865,-1.251703410965597,-0.09117915622996975,-0.35809994177173615,1.1542985709401072,0.17910787381598875,-0.8158630504599417,1.1085919214651763,-0.709394169331314,0.05349120642787632,0.6803816118432764,-0.8767529938681066,-1.3735231324690627,-0.03208235593927105,-1.328931046332469,-0.12511265566643875,0.9379180901287856,0.6980778010117091,-0.8328236298309319,0.03432855944520032,-0.5807878150437129,0.8803179701662049,0.9699641224940356,-0.38637123526622125,0.7908819962633395,-0.9936184079399946
-1.8805701437141444,0.972642874314243,1.5076398085879303,-2.028141283060785,-2.866804125519397,0.3734453692820458,-2.264307137832708,4.311469933994001,3.095485371673224,-2.5674215591482166,0.039008466485164255,2.093471853265983,0.33220053390857135,-2.872622803163681,-2.619744219310029,-4.582070848532076,0.21803473501951667,-0.9569589234794106,0.17389336247227377,2.1625449998078725,-1.1696801982168272,1.2992460112741098,-2.976392856598722,-0.0792858702640596,2.5029417672185943,-1.084462804307433,1.1747612695535004,-1.3177925710174105,0.36669852397444663,2.477377525067465,3.2477265104224657,-0.5853155277675427,3.182816169304102,0.30780811595031543,-2.3160726271059184,-0.8591998397655513,2.2058350185232762,-0.3271484827978482,0.18581379772284468,-1.9991397075184876,-1.8808837830692098,2.258245233826252,-0.9936184079399946,2.808812256613243
