V1,V2,V3,V4,V5,V6,V7,V8,V9,V10,V11,V12,V13,V14,V15,V16,V17,V18,V19,V20,V21,V22,V23,V24,V25,V26,V27,V28,V29,V30,V31,V32,V33,V34,V35,V36,V37,V38,V39,V40,V41,V42,V43,V44
0.42594148381266045,-0.8210437030204447,-0.12221974507940085,0.8029813388061796,-0.8209198153243775,-1.1172854712174236,-0.22500907718028804,-0.11713683768282843,-1.143865852449479,-0.09281548334013304,-0.9789113713214933,-1.1874934693018289,-0.1595046657248827,-1.0283320823899749,-0.11173406913145499,0.24056432299945274,0.7576294643775686,-0.642208631079053,-0.3960354011618285,0.10848773901736741,-1.494966627414304,1.1756290261160232,0.19111664794527455,-0.5981305624487208,0.40704541029548663,1.1996644995778192,0.11402771751919553,-0.3757822359398472,-0.024473156223224858,-0.7491636568483223,0.07279756247543849,-1.655223326285216,0.10441020967967282,-0.10595613085216009,-0.5370662083068525,0.2501931157839693,-0.4642875758925444,1.19137579535197,-1.3620402367547912,0.6770418988441841,-0.10792779620314387,0.9970877952512082,0.20436984966941138,0.6875561274989141
-0.8210437030204447,2.2603195211051217,1.0229860751924702,-3.5467703451670105,0.841174596987942,1.6608843024338582,-0.23429713441380132,0.6776024657962796,2.086930355219756,-0.8191745250042577,3.730802097285025,3.7700261370278683,0.5492835941095575,2.9713767438454832,0.3235512085460482,-0.1794012289031796,-0.17683087209561996,2.4953837155063905,0.18408666001242066,-0.4152494597238422,4.106607146486212,-3.58735557896674,-0.17277399565359183,1.7801113849189927,-1.5229565279608062,-3.4860404474818028,-0.05431239461129978,1.0012235453193936,-0.7340551567942089,2.3039802297011707,0.929574797588074,4.8364265483875775,-0.09776157691408882,0.70600375621209,1.8079452681632195,-1.8998973401611159,0.8895494439219651,-3.7946685181527746,2.6611363216258472,-1.6587266814160253,-0.9371319034999133,-3.3049969777257386,-1.2483872045192648,-1.4397392722336073
-0.12221974507940085,1.0229860751924702,1.189635243965554,-3.0589281319657795,-1.213565364972279,-0.7283319730390084,-1.0569816931710752,0.8341071659636139,-0.12500802602887864,-1.5695591266788744,2.8423649486177167,2.2943896787950138,0.38000022382006704,1.384341431866703,0.16017422473177823,0.3156794559145083,1.9641778759350623,1.932207419626334,-0.8742610810925436,-0.2546706275234369,1.7767734569066806,-1.976502354021394,0.22930325030838483,0.9612437051024165,-1.044711432456084,-1.793142317345718,0.253314112709474,0.36029828291031685,-1.1066611206171362,1.3489361491690075,1.7018957364866119,2.443526516859269,0.21329360362774874,0.7448227645434441,1.0973203212668927,-2.180764232316548,0.04582536796788879,-2.2912041626487736,0.03733207222086714,-0.6018968148800252,-1.7680151035271598,-2.0613956542757728,-1.306958971249645,-0.054391613941384795
0.8029813388061796,-3.5467703451670105,-3.0589281319657795,8.520915310663879,1.9014001213050662,0.38698780133878885,2.278742548315539,-2.121876396678963,-1.086026480841273,3.704925662552942,-8.245520056001016,-7.120451382642731,-1.1355309643635445,-4.770264379002134,-0.5836035483549007,-0.5584492029302891,-3.8768482039184176,-5.593491912355255,1.6559240243816695,0.8045773928747073,-6.2950043708062635,6.3851959545272345,-0.3768347273448148,-3.126665347647009,3.1347562878763644,5.919706984782593,-0.4577436454736503,-1.383080560433163,2.703782470104781,-4.230554230003088,-4.043430741135912,-8.132733098864993,-0.33572853467273883,-1.965923083342623,-3.4264469393062456,5.676478163284062,-0.6587174048023845,7.151196449784462,-1.8144097061977453,2.3018628717194787,4.188218900761978,6.3841051629059775,3.4631013173610783,1.0572206133175632
-0.8209198153243775,0.841174596987942,-1.213565364972279,1.9014001213050662,3.86826063590571,3.8897681950147325,2.0199521265104954,-0.946271807552054,3.1400563047734855,2.3600019365364524,-1.1941292090119948,0.08946675078596701,-0.09861585062175236,1.0439821290811868,0.07008797678208645,-0.9264651238185623,-4.597451929925894,-0.8683926923306498,2.190307713237452,-0.019849939015683323,1.7316395600795547,-0.5516899023520538,-0.7355991436358064,0.3169556595634848,0.2028486450518459,-0.8159610676879822,-0.6273437182408332,0.6043044108379584,1.4144956003793039,0.17290067580758323,-2.5042589451879,1.2460905295022426,-0.6093114289707858,-0.6729063135390873,0.0734037870901424,2.2297316406529735,1.1183088657909424,-0.13252193050539196,3.578329096347432,-0.936781822567885,2.632923824315182,0.026193659041915337,1.1816169424141736,-1.88914278751954
-1.1172854712174236,1.6608843024338582,-0.7283319730390084,0.38698780133878885,3.8897681950147325,4.269867699967276,1.7688527410958794,-0.5626032759773443,3.7607020647136933,1.8545519189298498,0.33379601293984296,1.5593882566071169,0.12616700007203083,2.0742852400459886,0.17271870689346366,-0.9874005271241647,-4.347492951591239,0.14954700299703266,2.1129418826792596,-0.1511263251031119,3.1711025617561073,-1.8809792046529212,-0.7852341358024107,0.9809547750714397,-0.36523046650497354,-2.113954779351666,-0.597131082902741,0.926106907126099,1.0518804478707156,1.0734864488942133,-1.938104194037614,3.009333432764166,-0.5728001105353335,-0.35619616380658314,0.7331562241524726,1.3335748651668025,1.4089179900604385,-1.5898671391802077,4.357746029941732,-1.5365272052759629,2.072415221765718,-1.2262029737481654,0.6099669987268003,-2.271988991478032
-0.22500907718028804,-0.23429713441380132,-1.0569816931710752,2.278742548315539,2.0199521265104954,1.7688527410958794,1.2777284123695118,-0.7820245044724318,1.1812653112317648,1.6668502775582041,-1.9099965590133674,-1.1689138293988794,-0.2335358246893413,-0.34311089728635197,-0.05336116107272303,-0.4873583389258209,-2.6681152848754013,-1.3166677700184568,1.2385590945876213,0.12170184003995554,-0.30590766898723615,0.8318328833975159,-0.37672076763416384,-0.38828429688167143,0.6127416577641644,0.6455815446013075,-0.35866825873892194,0.029404060865310572,1.081820019003013,-0.6466673402349594,-1.7891101018468272,-0.8280829533693242,-0.3350280410663978,-0.6293908020557838,-0.542076153962324,1.9361842687064903,0.3713718473901373,1.1487167023601565,1.2588503938316593,-0.016030875522129704,1.8661044619715266,1.0809943222514666,1.1052501064362228,-0.6520967838079059
-0.11713683768282843,0.6776024657962796,0.8341071659636139,-2.121876396678963,-0.946271807552054,-0.5626032759773443,-0.7820245044724318,0.6581253411806499,-0.1113900289097066,-1.141687897833597,1.955523097552757,1.5738653274504713,0.265988738915806,0.85383231805697,0.08897437856788286,0.16300252237138926,1.4248703578086186,1.3207077870524468,-0.6326359600565427,-0.13690101965556212,1.1274391387505307,-1.3026778939385364,0.12811300427593597,0.6424559324299427,-0.6664336825822317,-1.2035793565081028,0.19205063528370622,0.2009988416502352,-0.7482596591147386,0.9358063836570056,1.2453751238473414,1.5996795871323688,0.1956443823774451,0.5125799818548682,0.6974204113084366,-1.531612903910341,0.03870971813145845,-1.5484602966010155,-0.05209207520434232,-0.4195895802515863,-1.2685752890736843,-1.3632438838882945,-0.9160515329897809,0.059715935904915245
-1.143865852449479,2.086930355219756,-0.12500802602887864,-1.086026480841273,3.1400563047734855,3.7607020647136933,1.1812653112317648,-0.1113900289097066,3.5820835789119725,1.018406053235998,1.65733505985495,2.5963670010330615,0.3037097816557765,2.6185479196488064,0.21493108242961334,-0.8413466228361643,-3.2497127989191075,1.0402199290901089,1.6176382263044236,-0.24440773301985438,3.8744924757737262,-2.724958651909057,-0.6737405628265829,1.3914036088578203,-0.8195054615029642,-2.8849005218433295,-0.44183514620714304,1.0488457673336102,0.4872787927368094,1.6888013585061339,-1.0310775716086824,4.036761364809657,-0.41972683478434797,0.012431473814339884,1.1997408948385777,0.2463908482441029,1.3927949637275812,-2.606507924298909,4.206436616079704,-1.7760587170865814,1.1406969238004132,-2.1274716756591516,-0.03887350162715147,-2.185175663787749
-0.09281548334013304,-0.8191745250042577,-1.5695591266788744,3.704925662552942,2.3600019365364524,1.8545519189298498,1.6668502775582041,-1.141687897833597,1.018406053235998,2.296737652317274,-3.2911198672797446,-2.3523082935859145,-0.42498095349173093,-1.1278505671080785,-0.15310136305305208,-0.5846821222185297,-3.3388045732616547,-2.2532386936331967,1.5269626020748683,0.2541104649667277,-1.3406398642882311,1.8909066482897665,-0.4429281335018716,-0.9054658311559779,1.132793642346206,1.6250722346027187,-0.4370143642599869,-0.19378372671516028,1.5366047529505535,-1.3492836915051039,-2.4758614455821824,-2.1722679983471616,-0.39377032338601337,-0.9593815922455989,-1.109292659112585,2.893765445003454,0.269497214952344,2.3374358209009927,0.977503589507345,0.3616063409647676,2.5772103700824966,2.143694664895509,1.6875854910094583,-0.4895459553700047
-0.9789113713214933,3.730802097285025,2.8423649486177167,-8.245520056001016,-1.1941292090119948,0.33379601293984296,-1.9099965590133674,1.955523097552757,1.65733505985495,-3.2911198672797446,8.138639718647466,7.205001626826197,1.1337005547697359,5.023914800952835,0.6421529868236221,0.4225942445422365,3.069096345901078,5.5211568207126955,-1.2694393171773015,-0.8292837982062891,6.680148732236125,-6.574175937240875,0.2642336742391606,3.224577643932678,-3.141837500326521,-6.128652589432684,0.32846616026409614,1.505608172014879,-2.449495893286426,4.293058344707653,3.604320302441039,8.45227877362584,0.19842027662516165,1.854607146965619,3.4874100960772703,-5.3271881696586885,0.8572399446833955,-7.262384426659978,2.493528188520866,-2.494628385157433,-3.73030348348469,-6.47591178007437,-3.2725627750100093,-1.4214449656506236
-1.1874934693018289,3.7700261370278683,2.2943896787950138,-7.120451382642731,0.08946675078596701,1.5593882566071169,-1.1689138293988794,1.5738653274504713,2.5963670010330615,-2.3523082935859145,7.205001626826197,6.78508469535573,1.0288032506182312,4.993338872924315,0.5758079544442054,0.03445692849737063,1.393625386715898,4.852831635834513,-0.48155286840296657,-0.7518783003267202,6.785261678189677,-6.29402733159394,-0.028773814798748687,3.109143344578551,-2.8394106419526346,-6.001238016469453,0.12754231439564404,1.5893428769358573,-1.84414838334648,4.097130220592844,2.605816798665058,8.28749825300711,0.03682193553466377,1.523763623443102,3.251690628093641,-4.26824649638854,1.1893891453107757,-6.822708555066028,3.4804727445491186,-2.6523675946410545,-2.6682478788946535,-6.002796971407129,-2.6939883590803917,-1.9038375107858339
-0.1595046657248827,0.5492835941095575,0.38000022382006704,-1.1355309643635445,-0.09861585062175236,0.12616700007203083,-0.2335358246893413,0.265988738915806,0.3037097816557765,-0.42498095349173093,1.1337005547697359,1.0288032506182312,0.1618597360680965,0.7284244787276364,0.09006962495867624,0.03278249037937668,0.3435573689608578,0.765186611760284,-0.13671232523145824,-0.11319623897953338,0.9806230668231747,-0.9426143509194019,0.01734557744611218,0.4626651192306524,-0.4363315126516031,-0.8890668706095735,0.035493365871593865,0.22077093290587685,-0.31850801707283405,0.617450709636817,0.4670330086275013,1.2242435445561406,0.021188521695822075,0.2502841974745025,0.49104327956102334,-0.7139441091594997,0.14636229935569509,-1.0342088129132585,0.42681195444592285,-0.37546064598110557,-0.4807477288465358,-0.915810426757156,-0.4433449995516239,-0.23391276238355757
-1.0283320823899749,2.9713767438454832,1.384341431866703,-4.770264379002134,1.0439821290811868,2.0742852400459886,-0.34311089728635197,0.85383231805697,2.6185479196488064,-1.1278505671080785,5.023914800952835,4.993338872924315,0.7284244787276364,3.994144489358735,0.4770555056683596,-0.11543408340835057,-0.07706556721929976,3.3847463778464806,0.1673150485278671,-0.5993799317027536,5.4504643772829375,-4.7996765989225425,-0.14667006496963805,2.3719249984933923,-2.0931582616042195,-4.6075565566372925,-0.07283901741494778,1.343972152580781,-1.0373747345817734,3.026003160166411,1.2680827238450667,6.431766045754309,-0.17041705544518093,0.9619867595557836,2.4613573476746202,-2.5997693020619526,1.1084416921297784,-5.06179080085256,3.4244046393777885,-2.145182828377184,-1.309198209010964,-4.4595838055969175,-1.6900623232636256,-1.9136950249065827
-0.11173406913145499,0.3235512085460482,0.16017422473177823,-0.5836035483549007,0.07008797678208645,0.17271870689346366,-0.05336116107272303,0.08897437856788286,0.21493108242961334,-0.15310136305305208,0.6421529868236221,0.5758079544442054,0.09006962495867624,0.4770555056683596,0.10436121302915424,0.051101364041432,0.08170011317669405,0.4516784512065962,-0.022954973681954798,-0.0928319587759447,0.6152720405752857,-0.5813808888152081,0.029233570074785633,0.28358250979760263,-0.2761500281677392,-0.5226341676357423,-0.018937041307006977,0.14898666185596365,-0.13118394093823227,0.33073698065996615,0.1673947188488275,0.7436684846070093,-0.04899783743695027,0.11842248887342034,0.31166991808923583,-0.35020412937595224,0.08771228063073404,-0.6073197254335754,0.3324690353962322,-0.22205031948201426,-0.18606995846787933,-0.5650672136822203,-0.21276941649888043,-0.20514812324312648
0.24056432299945274,-0.1794012289031796,0.3156794559145083,-0.5584492029302891,-0.9264651238185623,-0.9874005271241647,-0.4873583389258209,0.16300252237138926,-0.8413466228361643,-0.5846821222185297,0.4225942445422365,0.03445692849737063,0.03278249037937668,-0.11543408340835057,0.051101364041432,0.35406749222602163,1.2042683978865765,0.3266568180936932,-0.5755443578104324,-0.0618261234355201,-0.307920660922998,0.00817115632200004,0.2608839346304393,-0.02831808808577274,-0.1590527112462056,0.14166623365240916,0.13552907822819402,-0.09812125142876334,-0.4025208538253088,-0.03597865942260228,0.6105638506225372,-0.17141099477503305,0.08141401201572566,0.19206890456371886,0.0915936117955226,-0.6228715133044435,-0.32203882006270257,-0.07026823347075667,-0.8727977504790806,0.24666902773969634,-0.6765830643964413,-0.15719399206324772,-0.32292258379999317,0.38711963348265577
0.7576294643775686,-0.17683087209561996,1.9641778759350623,-3.8768482039184176,-4.597451929925894,-4.347492951591239,-2.6681152848754013,1.4248703578086186,-3.2497127989191075,-3.3388045732616547,3.069096345901078,1.393625386715898,0.3435573689608578,-0.07706556721929976,0.08170011317669405,1.2042683978865765,5.861154171503159,2.1609011279980046,-2.7542584882162173,-0.18455626912085518,-0.5295453451646086,-0.7819722506993194,0.9293295670259414,0.32443775683153425,-0.9306309465969802,-0.3555472450371251,0.7687678580771963,-0.34280967390026557,-2.1337684610820458,0.6813609398811572,3.560298165597422,0.3861763270326045,0.6933065395094183,1.1541770202207076,0.6894652233534715,-3.642634580924754,-1.1147242090814855,-1.3814883637984026,-3.533278236272013,0.5611293436593784,-3.750501401515895,-1.4268730685628435,-2.018495869486512,1.7983157767297875
-0.642208631079053,2.4953837155063905,1.932207419626334,-5.593491912355255,-0.8683926923306498,0.14954700299703266,-1.3166677700184568,1.3207077870524468,1.0402199290901089,-2.2532386936331967,5.5211568207126955,4.852831635834513,0.765186611760284,3.3847463778464806,0.4516784512065962,0.3266568180936932,2.1609011279980046,3.756213921792988,-0.8983439695898875,-0.5715728213141986,4.477999033685887,-4.435358200753878,0.20923566615474093,2.1748780772228575,-2.1387963059642376,-4.116159717059262,0.22467419632245536,1.008807970735884,-1.6750235370185003,2.8810426188924265,2.464911137499791,5.682956123586328,0.1267372140779784,1.2613256996975015,2.3646810752546568,-3.635641707509711,0.5477478987230471,-4.901682009299668,1.611078168387806,-1.657328820604709,-2.559091066508944,-4.385749134306539,-2.2267810907919254,-0.9331207462969487
-0.3960354011618285,0.18408666001242066,-0.8742610810925436,1.6559240243816695,2.190307713237452,2.1129418826792596,1.2385590945876213,-0.6326359600565427,1.6176382263044236,1.5269626020748683,-1.2694393171773015,-0.48155286840296657,-0.13671232523145824,0.1673150485278671,-0.022954973681954798,-0.5755443578104324,-2.7542584882162173,-0.8983439695898875,1.3001575784658579,0.06863415156031699,0.43061404937273356,0.20565305072885745,-0.44441505646163443,-0.07025148130660772,0.3682553903307376,0.009059379527978147,-0.36306592467184134,0.20463129773662947,0.9701754292904731,-0.2150018646382386,-1.6250603094851896,0.03511040937664868,-0.32850948016597165,-0.5099923827882293,-0.24312347828322392,1.6212115767212416,0.565031406428799,0.4755523817123078,1.7749443758143955,-0.3396650268544739,1.7146873817781312,0.5207981281943236,0.889311598159088,-0.9041722838119803
0.10848773901736741,-0.4152494597238422,-0.2546706275234369,0.8045773928747073,-0.019849939015683323,-0.1511263251031119,0.12170184003995554,-0.13690101965556212,-0.24440773301985438,0.2541104649667277,-0.8292837982062891,-0.7518783003267202,-0.11319623897953338,-0.5993799317027536,-0.0928319587759447,-0.0618261234355201,-0.18455626912085518,-0.5715728213141986,0.06863415156031699,0.11176764383678373,-0.7794529045055072,0.7312502871394919,-0.03436078517400888,-0.3562314788032928,0.3550006529850609,0.6689469272228066,-0.005285771971720354,-0.19376222286119646,0.22272145457156112,-0.4408225656214032,-0.27684687764660243,-0.9479408846066644,0.027443735847624256,-0.1752787709787025,-0.3988590316639041,0.4911293509310261,-0.1061343409388376,0.7771231873540111,-0.37402934825020784,0.27591753221148124,0.2998785734449654,0.7109984380093979,0.3036787055392342,0.2388391346113503
-1.494966627414304,4.106607146486212,1.7767734569066806,-6.2950043708062635,1.7316395600795547,3.1711025617561073,-0.30590766898723615,1.1274391387505307,3.8744924757737262,-1.3406398642882311,6.680148732236125,6.785261678189677,0.9806230668231747,5.4504643772829375,0.6152720405752857,-0.307920660922998,-0.5295453451646086,4.477999033685887,0.43061404937273356,-0.7794529045055072,7.510157425133307,-6.519075442120853,-0.3093491960645414,3.2317176541021153,-2.7724837856806155,-6.317303048067444,-0.13995158577772238,1.8546502057824337,-1.2658062463302082,4.139511839208312,1.5261799408348966,8.797910898509103,-0.2421420945077313,1.24118803186711,3.2987095249128027,-3.318413376968796,1.6318235628791762,-6.855664255233589,4.964493248083032,-3.0151431214384194,-1.5491732373991338,-5.993440035080405,-2.1870140198218846,-2.7216249921791036
1.1756290261160232,-3.58735557896674,-1.976502354021394,6.3851959545272345,-0.5516899023520538,-1.8809792046529212,0.8318328833975159,-1.3026778939385364,-2.724958651909057,1.8909066482897665,-6.574175937240875,-6.29402733159394,-0.9426143509194019,-4.7996765989225425,-0.5813808888152081,0.00817115632200004,-0.7819722506993194,-4.435358200753878,0.20565305072885745,0.7312502871394919,-6.519075442120853,5.936759790860992,0.06940355879952959,-2.9301775562035073,2.6508416064225684,5.658610597988845,-0.03077293698164546,-1.5606500978533135,1.557240148125909,-3.799242806720159,-2.1025027016434934,-7.857031370233063,0.07738395272305085,-1.3377755699503937,-3.0639731656330333,3.7121234534089877,-1.2013077481784862,6.360990864304987,-3.6333602421604354,2.5470283802440887,2.1625583849976837,5.613852725773927,2.3597506159899835,2.016907522698811
0.19111664794527455,-0.17277399565359183,0.22930325030838483,-0.3768347273448148,-0.7355991436358064,-0.7852341358024107,-0.37672076763416384,0.12811300427593597,-0.6737405628265829,-0.4429281335018716,0.2642336742391606,-0.028773814798748687,0.01734557744611218,-0.14667006496963805,0.029233570074785633,0.2608839346304393,0.9293295670259414,0.20923566615474093,-0.44441505646163443,-0.03436078517400888,-0.3093491960645414,0.06940355879952959,0.19579867941973003,-0.05031950100212892,-0.09075472994246424,0.16248902282198022,0.1074440239154718,-0.09702192764464586,-0.2942258178576117,-0.0598111694558847,0.46276672030143334,-0.2142381209174859,0.07223622349123769,0.13592226369487842,0.03353648811083437,-0.4499265064182313,-0.2551425038233572,0.007272820480870536,-0.7147111431329457,0.21151949124878994,-0.510440223340702,-0.06026747570355586,-0.23132525613263114,0.3310479540639292
-0.5981305624487208,1.7801113849189927,0.9612437051024165,-3.126665347647009,0.3169556595634848,0.9809547750714397,-0.38828429688167143,0.6424559324299427,1.3914036088578203,-0.9054658311559779,3.224577643932678,3.109143344578551,0.4626651192306524,2.3719249984933923,0.28358250979760263,-0.02831808808577274,0.32443775683153425,2.1748780772228575,-0.07025148130660772,-0.3562314788032928,3.2317176541021153,-2.9301775562035073,-0.05031950100212892,1.4508301160771846,-1.2992424352072185,-2.8028138916136265,0.008461142308107999,0.7746570429184403,-0.7442648181025198,1.8795473139022023,1.0099218447871712,3.8862622586655746,-0.03991120513297476,0.6496303711622358,1.5060407808720253,-1.801274159736219,0.6145365773740638,-3.1387298615124632,1.8383302083987112,-1.2739585922720602,-1.034523787674944,-2.7615151810493357,-1.1494755994225816,-1.010988200728428
0.40704541029548663,-1.5229565279608062,-1.044711432456084,3.1347562878763644,0.2028486450518459,-0.36523046650497354,0.6127416577641644,-0.6664336825822317,-0.8195054615029642,1.132793642346206,-3.141837500326521,-2.8394106419526346,-0.4363315126516031,-2.0931582616042195,-0.2761500281677392,-0.1590527112462056,-0.9306309465969802,-2.1387963059642376,0.3682553903307376,0.3550006529850609,-2.7724837856806155,2.6508416064225684,-0.09075472994246424,-1.2992424352072185,1.2633733065486132,2.4690257303060017,-0.08339459213947946,-0.6531820768215858,0.8963352231949111,-1.6876147610516907,-1.2405021366791205,-3.4368179735061024,-0.010986042650677314,-0.6934641564089816,-1.414793762679191,1.9621710878900236,-0.388304332508555,2.8815936604974293,-1.2072310919815865,1.023280943722101,1.2995600239203078,2.583557015954053,1.2159659443860622,0.7158173895315155
1.1996644995778192,-3.4860404474818028,-1.793142317345718,5.919706984782593,-0.8159610676879822,-2.113954779351666,0.6455815446013075,-1.2035793565081028,-2.8849005218433295,1.6250722346027187,-6.128652589432684,-6.001238016469453,-0.8890668706095735,-4.6075565566372925,-0.5226341676357423,0.14166623365240916,-0.3555472450371251,-4.116159717059262,0.009059379527978147,0.6689469272228066,-6.317303048067444,5.658610597988845,0.16248902282198022,-2.8028138916136265,2.4690257303060017,5.449474164389794,0.00723706052026268,-1.517747664515158,1.3604377271149701,-3.645641402999644,-1.8202375379061306,-7.550009289868728,0.0856807812127444,-1.2167749966617607,-2.8849529908465996,3.3411486249128206,-1.2594923037990982,6.0439046951822615,-3.750713321105005,2.515074144182316,1.8531251895117429,5.292449124699674,2.152276349936896,2.0421409118283926
0.11402771751919553,-0.05431239461129978,0.253314112709474,-0.4577436454736503,-0.6273437182408332,-0.597131082902741,-0.35866825873892194,0.19205063528370622,-0.44183514620714304,-0.4370143642599869,0.32846616026409614,0.12754231439564404,0.035493365871593865,-0.07283901741494778,-0.018937041307006977,0.13552907822819402,0.7687678580771963,0.22467419632245536,-0.36306592467184134,-0.005285771971720354,-0.13995158577772238,-0.03077293698164546,0.1074440239154718,0.008461142308107999,-0.08339459213947946,0.00723706052026268,0.11275923357014977,-0.06332799106771025,-0.2755549847926853,0.06362400529183784,0.46665911892562906,-0.033099503821074155,0.11319494950506653,0.14329261181103878,0.048195977431894146,-0.4457615494346361,-0.14916001313072888,-0.11278375598497657,-0.5043538291719877,0.09336894082979683,-0.4856594086833723,-0.1133568062988405,-0.2487866245160267,0.2681633824061779
-0.3757822359398472,1.0012235453193936,0.36029828291031685,-1.383080560433163,0.6043044108379584,0.926106907126099,0.029404060865310572,0.2009988416502352,1.0488457673336102,-0.19378372671516028,1.505608172014879,1.5893428769358573,0.22077093290587685,1.343972152580781,0.14898666185596365,-0.09812125142876334,-0.34280967390026557,1.008807970735884,0.20463129773662947,-0.19376222286119646,1.8546502057824337,-1.5606500978533135,-0.09702192764464586,0.7746570429184403,-0.6531820768215858,-1.517747664515158,-0.06332799106771025,0.47580200493596747,-0.23819517452311603,0.9724530392721195,0.22846012894725096,2.129651869419471,-0.09476202412116241,0.26057863077870497,0.7899613306649806,-0.6687825367920943,0.4300272291118575,-1.613845935036077,1.3349770087132822,-0.745435959823701,-0.23245939351367473,-1.411763779995814,-0.45370414031174594,-0.7441037143972697
-0.024473156223224858,-0.7340551567942089,-1.1066611206171362,2.703782470104781,1.4144956003793039,1.0518804478707156,1.081820019003013,-0.7482596591147386,0.4872787927368094,1.5366047529505535,-2.449495893286426,-1.84414838334648,-0.31850801707283405,-1.0373747345817734,-0.13118394093823227,-0.4025208538253088,-2.1337684610820458,-1.6750235370185003,0.9701754292904731,0.22272145457156112,-1.2658062463302082,1.557240148125909,-0.2942258178576117,-0.7442648181025198,0.8963352231949111,1.3604377271149701,-0.2755549847926853,-0.23819517452311603,1.0831750979933705,-1.0642606163085992,-1.654967964606325,-1.8592976544033213,-0.22446714458947423,-0.688166445355593,-0.907058340362023,2.030152102351132,0.11110331209804422,1.8483441807474725,0.3840722429540166,0.3631572483476588,1.7362860477226234,1.6983957073213432,1.1975052609080286,-0.14472542006432232
-0.7491636568483223,2.3039802297011707,1.3489361491690075,-4.230554230003088,0.17290067580758323,1.0734864488942133,-0.6466673402349594,0.9358063836570056,1.6888013585061339,-1.3492836915051039,4.293058344707653,4.097130220592844,0.617450709636817,3.026003160166411,0.33073698065996615,-0.03597865942260228,0.6813609398811572,2.8810426188924265,-0.2150018646382386,-0.4408225656214032,4.139511839208312,-3.799242806720159,-0.0598111694558847,1.8795473139022023,-1.6876147610516907,-3.645641402999644,0.06362400529183784,0.9724530392721195,-1.0642606163085992,2.486109257828084,1.5002324172808106,5.028521115864251,0.0203056519713711,0.8968812382424365,1.9472073738030753,-2.4967129996350375,0.7650894904546148,-4.11065886375136,2.219887357796202,-1.6388268854429293,-1.52572994273718,-3.5986686775844574,-1.5860487798558025,-1.1982488995186609
0.07279756247543849,0.929574797588074,1.7018957364866119,-4.043430741135912,-2.5042589451879,-1.938104194037614,-1.7891101018468272,1.2453751238473414,-1.0310775716086824,-2.4758614455821824,3.604320302441039,2.605816798665058,0.4670330086275013,1.2680827238450667,0.1673947188488275,0.6105638506225372,3.560298165597422,2.464911137499791,-1.6250603094851896,-0.27684687764660243,1.5261799408348966,-2.1025027016434934,0.46276672030143334,1.0099218447871712,-1.2405021366791205,-1.8202375379061306,0.46665911892562906,0.22846012894725096,-1.654967964606325,1.5002324172808106,2.6719723545892573,2.432771187480602,0.4237322642485106,1.040989192449427,1.2229632896917655,-3.136722463228288,-0.26120409555023094,-2.5876326254425375,-0.979497606076001,-0.4310412895455963,-2.776130936709,-2.364114122234956,-1.8326239482142463,0.49492777113918385
-1.655223326285216,4.8364265483875775,2.443526516859269,-8.132733098864993,1.2460905295022426,3.009333432764166,-0.8280829533693242,1.5996795871323688,4.036761364809657,-2.1722679983471616,8.45227877362584,8.28749825300711,1.2242435445561406,6.431766045754309,0.7436684846070093,-0.17141099477503305,0.3861763270326045,5.682956123586328,0.03511040937664868,-0.9479408846066644,8.797910898509103,-7.857031370233063,-0.2142381209174859,3.8862622586655746,-3.4368179735061024,-7.550009289868728,-0.033099503821074155,2.129651869419471,-1.8592976544033213,5.028521115864251,2.432771187480602,10.486725630393705,-0.16048094353143078,1.6683129252981146,4.018486259313219,-4.565360981712298,1.7472169086156975,-8.36489737948948,5.271152849797092,-3.4829255535173904,-2.487899277330097,-7.344518052627519,-2.9424347671307225,-2.8999261634731623
0.10441020967967282,-0.09776157691408882,0.21329360362774874,-0.33572853467273883,-0.6093114289707858,-0.5728001105353335,-0.3350280410663978,0.1956443823774451,-0.41972683478434797,-0.39377032338601337,0.19842027662516165,0.03682193553466377,0.021188521695822075,-0.17041705544518093,-0.04899783743695027,0.08141401201572566,0.6933065395094183,0.1267372140779784,-0.32850948016597165,0.027443735847624256,-0.2421420945077313,0.07738395272305085,0.07223622349123769,-0.03991120513297476,-0.010986042650677314,0.0856807812127444,0.11319494950506653,-0.09476202412116241,-0.22446714458947423,0.0203056519713711,0.4237322642485106,-0.16048094353143078,0.13372438517374116,0.1124702835613391,-0.02601501552592854,-0.3580894670828458,-0.13604617342151692,-0.005306228668166547,-0.5169620219831271,0.10728645308920028,-0.4273387661696803,0.004501075277805581,-0.199732717069777,0.303689614344463
-0.10595613085216009,0.70600375621209,0.7448227645434441,-1.965923083342623,-0.6729063135390873,-0.35619616380658314,-0.6293908020557838,0.5125799818548682,0.012431473814339884,-0.9593815922455989,1.854607146965619,1.523763623443102,0.2502841974745025,0.9619867595557836,0.11842248887342034,0.19206890456371886,1.1541770202207076,1.2613256996975015,-0.5099923827882293,-0.1752787709787025,1.24118803186711,-1.3377755699503937,0.13592226369487842,0.6496303711622358,-0.6934641564089816,-1.2167749966617607,0.14329261181103878,0.26057863077870497,-0.688166445355593,0.8968812382424365,1.040989192449427,1.6683129252981146,0.1124702835613391,0.4722382174540455,0.7375498143186798,-1.3758407898247913,0.06040994587649378,-1.5287060521875784,0.14268974425383898,-0.4261378297369754,-1.0836762805922098,-1.37791854834863,-0.8274319296184571,-0.10458593030467926
-0.5370662083068525,1.8079452681632195,1.0973203212668927,-3.4264469393062456,0.0734037870901424,0.7331562241524726,-0.542076153962324,0.6974204113084366,1.1997408948385777,-1.109292659112585,3.4874100960772703,3.251690628093641,0.49104327956102334,2.4613573476746202,0.31166991808923583,0.0915936117955226,0.6894652233534715,2.3646810752546568,-0.24312347828322392,-0.3988590316639041,3.2987095249128027,-3.0639731656330333,0.03353648811083437,1.5060407808720253,-1.414793762679191,-2.8849529908465996,0.048195977431894146,0.7899613306649806,-0.907058340362023,1.9472073738030753,1.2229632896917655,4.018486259313219,-0.02601501552592854,0.7375498143186798,1.611783633955686,-2.06072823943288,0.5395482580440045,-3.2978614552860654,1.6676953908325733,-1.2499125447120842,-1.274057919976534,-2.937657284010027,-1.2935574113693222,-0.960481260264694
0.2501931157839693,-1.8998973401611159,-2.180764232316548,5.676478163284062,2.2297316406529735,1.3335748651668025,1.9361842687064903,-1.531612903910341,0.2463908482441029,2.893765445003454,-5.3271881696586885,-4.26824649638854,-0.7139441091594997,-2.5997693020619526,-0.35020412937595224,-0.6228715133044435,-3.642634580924754,-3.635641707509711,1.6212115767212416,0.4911293509310261,-3.318413376968796,3.7121234534089877,-0.4499265064182313,-1.801274159736219,1.9621710878900236,3.3411486249128206,-0.4457615494346361,-0.6687825367920943,2.030152102351132,-2.4967129996350375,-3.136722463228288,-4.565360981712298,-0.3580894670828458,-1.3758407898247913,-2.06072823943288,4.059123268271915,-0.07028717042807764,4.285918085830284,-0.08349621176437987,1.1187058722876357,3.264919036550552,3.880217851170219,2.42077806892725,0.11545619891535919
-0.4642875758925444,0.8895494439219651,0.04582536796788879,-0.6587174048023845,1.1183088657909424,1.4089179900604385,0.3713718473901373,0.03870971813145845,1.3927949637275812,0.269497214952344,0.8572399446833955,1.1893891453107757,0.14636229935569509,1.1084416921297784,0.08771228063073404,-0.32203882006270257,-1.1147242090814855,0.5477478987230471,0.565031406428799,-0.1061343409388376,1.6318235628791762,-1.2013077481784862,-0.2551425038233572,0.6145365773740638,-0.388304332508555,-1.2594923037990982,-0.14916001313072888,0.4300272291118575,0.11110331209804422,0.7650894904546148,-0.26120409555023094,1.7472169086156975,-0.13604617342151692,0.06040994587649378,0.5395482580440045,-0.07028717042807764,0.5556759215038235,-1.1861614978857475,1.6370382820114475,-0.7439476193895987,0.3044522383272768,-0.9725172954024719,-0.11667923223985441,-0.8401630592009776
1.19137579535197,-3.7946685181527746,-2.2912041626487736,7.151196449784462,-0.13252193050539196,-1.5898671391802077,1.1487167023601565,-1.5484602966010155,-2.606507924298909,2.3374358209009927,-7.262384426659978,-6.822708555066028,-1.0342088129132585,-5.06179080085256,-0.6073197254335754,-0.07026823347075667,-1.3814883637984026,-4.901682009299668,0.4755523817123078,0.7771231873540111,-6.855664255233589,6.360990864304987,0.007272820480870536,-3.1387298615124632,2.8815936604974293,6.0439046951822615,-0.11278375598497657,-1.613845935036077,1.8483441807474725,-4.11065886375136,-2.5876326254425375,-8.36489737948948,-0.005306228668166547,-1.5287060521875784,-3.2978614552860654,4.285918085830284,-1.1861614978857475,6.879309898487464,-3.5232808332685384,2.6637904820060867,2.6594454086944657,6.073027443699515,2.7000177827545953,1.9490411535045051
-1.3620402367547912,2.6611363216258472,0.03733207222086714,-1.8144097061977453,3.578329096347432,4.357746029941732,1.2588503938316593,-0.05209207520434232,4.206436616079704,0.977503589507345,2.493528188520866,3.4804727445491186,0.42681195444592285,3.4244046393777885,0.3324690353962322,-0.8727977504790806,-3.533278236272013,1.611078168387806,1.7749443758143955,-0.37402934825020784,4.964493248083032,-3.6333602421604354,-0.7147111431329457,1.8383302083987112,-1.2072310919815865,-3.750713321105005,-0.5043538291719877,1.3349770087132822,0.3840722429540166,2.219887357796202,-0.979497606076001,5.271152849797092,-0.5169620219831271,0.14268974425383898,1.6676953908325733,-0.08349621176437987,1.6370382820114475,-3.5232808332685384,5.02839241866388,-2.1979071307751994,1.0764159382086407,-2.9498294892938577,-0.2646037761960428,-2.663403870291457
0.6770418988441841,-1.6587266814160253,-0.6018968148800252,2.3018628717194787,-0.936781822567885,-1.5365272052759629,-0.016030875522129704,-0.4195895802515863,-1.7760587170865814,0.3616063409647676,-2.494628385157433,-2.6523675946410545,-0.37546064598110557,-2.145182828377184,-0.22205031948201426,0.24666902773969634,0.5611293436593784,-1.657328820604709,-0.3396650268544739,0.27591753221148124,-3.0151431214384194,2.5470283802440887,0.21151949124878994,-1.2739585922720602,1.023280943722101,2.515074144182316,0.09336894082979683,-0.745435959823701,0.3631572483476588,-1.6388268854429293,-0.4310412895455963,-3.4829255535173904,0.10728645308920028,-0.4261378297369754,-1.2499125447120842,1.1187058722876357,-0.7439476193895987,2.6637904820060867,-2.1979071307751994,1.265224660820842,0.4108290760019681,2.2902952961911915,0.76129280736208,1.1586256976398812
-0.10792779620314387,-0.9371319034999133,-1.7680151035271598,4.188218900761978,2.632923824315182,2.072415221765718,1.8661044619715266,-1.2685752890736843,1.1406969238004132,2.5772103700824966,-3.73030348348469,-2.6682478788946535,-0.4807477288465358,-1.309198209010964,-0.18606995846787933,-0.6765830643964413,-3.750501401515895,-2.559091066508944,1.7146873817781312,0.2998785734449654,-1.5491732373991338,2.1625583849976837,-0.510440223340702,-1.034523787674944,1.2995600239203078,1.8531251895117429,-0.4856594086833723,-0.23245939351367473,1.7362860477226234,-1.52572994273718,-2.776130936709,-2.487899277330097,-0.4273387661696803,-1.0836762805922098,-1.274057919976534,3.264919036550552,0.3044522383272768,2.6594454086944657,1.0764159382086407,0.4108290760019681,2.897919466243823,2.447930459464613,1.9044410195290353,-0.5238734477880822
0.9970877952512082,-3.3049969777257386,-2.0613956542757728,6.3841051629059775,0.026193659041915337,-1.2262029737481654,1.0809943222514666,-1.3632438838882945,-2.1274716756591516,2.143694664895509,-6.47591178007437,-6.002796971407129,-0.915810426757156,-4.4595838055969175,-0.5650672136822203,-0.15719399206324772,-1.4268730685628435,-4.385749134306539,0.5207981281943236,0.7109984380093979,-5.993440035080405,5.613852725773927,-0.06026747570355586,-2.7615151810493357,2.583557015954053,5.292449124699674,-0.1133568062988405,-1.411763779995814,1.6983957073213432,-3.5986686775844574,-2.364114122234956,-7.344518052627519,0.004501075277805581,-1.37791854834863,-2.937657284010027,3.880217851170219,-0.9725172954024719,6.073027443699515,-2.9498294892938577,2.2902952961911915,2.447930459464613,5.395997189787079,2.427882154692096,1.6677248348139901
0.20436984966941138,-1.2483872045192648,-1.306958971249645,3.4631013173610783,1.1816169424141736,0.6099669987268003,1.1052501064362228,-0.9160515329897809,-0.03887350162715147,1.6875854910094583,-3.2725627750100093,-2.6939883590803917,-0.4433449995516239,-1.6900623232636256,-0.21276941649888043,-0.32292258379999317,-2.018495869486512,-2.2267810907919254,0.889311598159088,0.3036787055392342,-2.1870140198218846,2.3597506159899835,-0.23132525613263114,-1.1494755994225816,1.2159659443860622,2.152276349936896,-0.2487866245160267,-0.45370414031174594,1.1975052609080286,-1.5860487798558025,-1.8326239482142463,-2.9424347671307225,-0.199732717069777,-0.8274319296184571,-1.2935574113693222,2.42077806892725,-0.11667923223985441,2.7000177827545953,-0.2646037761960428,0.76129280736208,1.9044410195290353,2.427882154692096,1.4568377505759136,0.17898234148811332
0.6875561274989141,-1.4397392722336073,-0.054391613941384795,1.0572206133175632,-1.88914278751954,-2.271988991478032,-0.6520967838079059,0.059715935904915245,-2.185175663787749,-0.4895459553700047,-1.4214449656506236,-1.9038375107858339,-0.23391276238355757,-1.9136950249065827,-0.20514812324312648,0.38711963348265577,1.7983157767297875,-0.9331207462969487,-0.9041722838119803,0.2388391346113503,-2.7216249921791036,2.016907522698811,0.3310479540639292,-1.010988200728428,0.7158173895315155,2.0421409118283926,0.2681633824061779,-0.7441037143972697,-0.14472542006432232,-1.1982488995186609,0.49492777113918385,-2.8999261634731623,0.303689614344463,-0.10458593030467926,-0.960481260264694,0.11545619891535919,-0.8401630592009776,1.9490411535045051,-2.663403870291457,1.1586256976398812,-0.5238734477880822,1.6677248348139901,0.17898234148811332,1.4583740455461724
