V1,V2,V3,V4,V5,V6,V7,V8,V9,V10,V11,V12,V13,V14,V15,V16,V17,V18,V19,V20,V21,V22,V23,V24,V25,V26,V27,V28,V29,V30,V31,V32,V33,V34,V35,V36,V37,V38,V39,V40,V41,V42,V43,V44
0.9516402855706619,0.17537287213986175,0.21447563592544688,0.815168154018259,0.05194030454573508,-1.0147661707477573,-0.7140922735023774,1.471679848181263,1.3584221010937727,1.0954130418083998,0.19402427941873787,-1.0063283062676383,-0.5844691253179651,0.513904437315575,-0.3982325887825757,-0.6509092793698116,-0.2585286134542672,-0.6803110036848559,0.6055694272836695,-0.6792009171373347,-0.4512421774044721,0.06203342101975958,-0.07833318977374353,0.1223496297872292,0.19451738310012973,0.24348074695577077,0.5913044341702323,-0.33619874129193994,-0.006092412876620483,0.9140832931331399,-0.5782481365553687,-0.33399999260575397,0.36407659230565637,-0.5822392161625145,0.0019173396195874958,0.4653540869599181,-0.1033020647415791,0.1218872919648487,-0.2968139601253099,-0.7291617189740829,0.9884993178255379,0.3242138553146333,-0.9408789991075194,-0.01008680655483326
0.17537287213986175,0.6295237558035481,-0.08664189005696116,-0.28898094659234874,-0.029840309174293544,-1.1103046491605062,-0.46335007357557007,1.2996724422097414,0.9561258010187442,0.05781692386978956,0.5024835249898499,-1.6412224514151534,-0.24918284056295242,0.5120142675202315,0.27833973579751803,-0.5195065351161512,-0.34001166903956903,-0.42943476188714585,0.07879084587860649,-0.4798131482691396,-0.6501267409356495,0.647270328234036,-0.12067186454383229,-0.5067945751055465,0.19040610194846228,0.5891492523550129,0.20278644892417172,0.5024917490415993,-0.4760145472287916,0.6442549649637005,-1.162427055192659,-0.742097227096114,0.8410527801471895,-0.07421102954052612,0.46605221758926296,-0.31905713075624936,-0.5529212093238804,-0.08281391459578091,-0.736979730400906,-0.26263326716295127,0.4934771575344005,-0.23647678296484723,-0.5442009380878942,-0.2922313159662245
0.21447563592544688,-0.08664189005696116,0.3814866877612497,0.25294316054194116,-0.06675014727555247,-0.18588337351925657,-0.18305674344880904,0.25583893882355707,0.31056894048069894,0.2548469004723716,0.1215783333674137,0.031655973144007706,-0.08993379895142939,0.22904898980178623,-0.12429868026293006,-0.4091358141967469,-0.12614781565752164,-0.12564597895780774,0.5140198477263398,-0.047438455551733545,-0.024861373810628234,-0.07938381318513157,-0.19234633865550707,0.18444778622971164,-8.57262630412686e-4,0.017851084723677187,0.3352633945267782,-0.10137544208332369,0.12142216293667642,0.13581438848216987,-0.1841369988414831,0.026298370293342414,0.01782016877742386,-0.09509461784869,-0.08080882380908724,0.01873966684138067,0.12185249903981522,-0.1713113927570154,-0.08770643737021701,-0.1822038165678324,0.14412297736055796,0.12265643878428299,-0.28758823369888276,0.23815716622347904
0.815168154018259,-0.28898094659234874,0.25294316054194116,2.9811775384413375,-0.03590599352301241,0.7988402570335263,-0.6262409043026458,0.12073018448222958,0.3703326490473334,1.921913984591094,-0.3956378161552733,1.3021541678064277,-0.567895041317721,-0.535672265346445,-1.6240291563458067,-0.13180300868089392,0.749308935136755,0.17308630296617797,0.9292454182496888,-0.7692340465292746,0.41725738725015843,-1.4660950189781017,0.5884626768738686,0.9050667844041121,-0.0070113017228293295,-1.0197720588147376,0.2403422372775614,-2.2979141556724243,1.0641030362196804,0.33393380738566614,1.6413451564310488,1.0204862219338438,-2.05425239370793,-0.4872268783771055,-1.068414654457435,1.6815096902025937,1.7029081330982447,1.5050270499777563,1.5835150384754988,-1.0346075143564302,0.5392015557912861,0.6410073390246992,0.3170406114915856,0.04951184604652149
0.05194030454573508,-0.029840309174293544,-0.06675014727555247,-0.03590599352301241,0.2009794736283058,-0.13760971211313294,-0.12040294373393792,0.0011920974620940555,0.06428775137217649,0.06994825710377663,-0.04426636722033755,-0.18742743226149922,-0.1308407664723831,0.10830531669809315,-0.024107682645947603,0.2528525147515002,-0.023970059616859773,0.0830129044350132,-0.0695662514315702,0.013461821317797919,-0.0586130122204602,0.10957411841963498,0.03435150542652177,-0.06832911999828703,0.017854578049785932,0.06421978529119438,0.12132492664942869,-0.02431523178488137,-0.13258636049298161,0.014064110312123826,-0.060296198091244244,-0.01814185126078458,0.12116645415419866,-0.08405719773113426,0.0675819559418461,0.22158224424378037,-0.185748822415876,-0.01047195893436102,-0.16994115651214783,-0.03043859345836385,0.22408384957543812,-0.10471662720313,0.04852600981004657,-0.31358580733695457
-1.0147661707477573,-1.1103046491605062,-0.18588337351925657,0.7988402570335263,-0.13760971211313294,3.381241467819161,1.4909388120510823,-3.514929681452521,-2.85681856614035,-0.6046755017019851,-1.1359237669150062,4.2875235188300636,0.8965447373238783,-1.7850922055928484,-0.5275087167682886,1.3654400685534764,1.2574730373900307,1.3652108166699843,-0.6009372005923437,1.173725720284713,1.6797746226556365,-1.8018543657078832,0.681828823042444,1.0772718432780217,-0.4608060421789662,-1.6004082656413339,-1.1859460009250546,-1.2455934260232515,1.2097668393210046,-1.8015853809413156,3.128696930475754,1.9319146463626156,-2.5622616175793524,0.6764619293696839,-1.158403892367003,0.40842040973898863,1.7053618783071858,0.8734290060117073,2.2609141903555017,0.8092396442966366,-1.861973587203949,0.3180052892562912,1.9300687773552143,0.8463933590443055
-0.7140922735023774,-0.46335007357557007,-0.18305674344880904,-0.6262409043026458,-0.12040294373393792,1.4909388120510823,1.194816889386756,-1.8402454552586098,-1.6007992137617364,-0.9204675598863566,-0.5328519542316815,1.9260376340681695,0.7554023031689675,-0.8012006135019444,0.3233769275589193,0.6225268108149427,0.4443381530608962,0.506519086578887,-0.7080220689275022,0.9097421882672961,0.781583313966621,-0.5002803014315232,0.22025657469392274,0.3883566457847297,-0.2339404499270639,-0.42489882743058327,-0.7992295510246153,0.2824737892013172,0.3089866204906347,-0.8267460147261105,1.0709451002243342,0.674531522636924,-0.49233025294333715,0.4702907518303031,-0.2563093947520528,-0.513738498306744,0.32911090620314465,-0.024389648228116557,0.777113368858569,0.7401764254972005,-1.272957424868241,0.032345588558137496,0.6858504921715682,0.8041531555687614
1.471679848181263,1.2996724422097414,0.25583893882355707,0.12073018448222958,0.0011920974620940555,-3.514929681452521,-1.8402454552586098,4.390704339411543,3.464587093330325,1.259385763819631,1.3673063272833832,-4.522082396356126,-1.2104669556319094,1.8027142520623713,0.22056803549668136,-1.8990896476959152,-1.1925277236794676,-1.7298268733715862,1.0353535802125788,-1.6426040624718528,-1.8592391406434503,1.5318722865321128,-0.5954154249231621,-0.9051821105608635,0.5414787819787948,1.5375796284662846,1.3308277159511688,0.8013731360286525,-0.9832096356844838,2.201910329665679,-3.1610152382978773,-1.9596452024413678,2.2505627819767486,-0.8612663741315256,0.9989250113675386,-0.15946436638084782,-1.4188636205642409,-0.3408452976740728,-2.1581802515880506,-1.2477987015108072,2.2394839393968677,-0.06240049752599708,-2.3018320179640477,-0.6287447178891545
1.3584221010937727,0.9561258010187442,0.31056894048069894,0.3703326490473334,0.06428775137217649,-2.85681856614035,-1.6007992137617364,3.464587093330325,3.1906500101640503,1.251213434224248,0.9940492601557692,-3.5081765462948997,-1.0949559635627535,1.5237183642943541,0.039023978214128126,-1.4587969592324004,-0.9344697164669818,-1.367367284098337,1.1885912411845427,-1.3527527532544399,-1.422783150666313,1.002222869482024,-0.5324283516074817,-0.5472141115835297,0.5969331433300795,1.141269226853379,1.154806508649821,0.30465408823656764,-0.7339448555271426,1.7008930365573367,-2.629587595198896,-1.4458164469507857,1.756036511621105,-0.6586256783315555,0.7191815614827335,-0.014922307320654145,-1.0355460470305577,-0.42488554725085065,-1.6934966618130696,-1.23924761630251,1.9491667701906954,0.06304898526965812,-1.948153055142479,-0.38297322416037877
1.0954130418083998,0.05781692386978956,0.2548469004723716,1.921913984591094,0.06994825710377663,-0.6046755017019851,-0.9204675598863566,1.259385763819631,1.251213434224248,1.7836200801508122,-0.048003752219519275,-0.42008442417996905,-0.7292174868282718,0.19617440968060404,-1.091322297701436,-0.4768768857361186,0.1086112775919788,-0.4251076767898894,0.7949739930380532,-0.9452816366268899,-0.20530236972220464,-0.5044852079254902,0.23260685721937294,0.3956141998287671,0.13630947715016048,-0.20034277936217806,0.607982600069734,-1.2836774619454183,0.3961676970830057,0.9547201663325894,0.25433565884661663,0.13675410075053723,-0.5518198550060488,-0.7590918137805818,-0.43078297619683104,1.2346968627587844,0.6139943832750099,0.7423962214446755,0.4695307425585877,-1.0632974511675226,1.1125123294732,0.4381154722676198,-0.5212405974611953,-0.22421137772250788
0.19402427941873787,0.5024835249898499,0.1215783333674137,-0.3956378161552733,-0.04426636722033755,-1.1359237669150062,-0.5328519542316815,1.3673063272833832,0.9940492601557692,-0.048003752219519275,0.691963545151554,-1.580525122749691,-0.290654854172462,0.712417330325965,0.3917893149431409,-0.6681593982331518,-0.514147941165434,-0.4827355585025123,0.38195280738613263,-0.3599031797009598,-0.6398907879714593,0.7267432696146917,-0.3686983906144646,-0.5110096037481711,0.16205637674549428,0.628597870300343,0.4303274262160697,0.6223172429494856,-0.46430189010306155,0.47714209129379115,-1.3483307331817562,-0.7534555735588051,0.8921003053441622,-0.05407191412128516,0.4921256825425799,-0.3800308670967979,-0.6653000762625375,-0.3318648284042548,-1.0482490439628673,-0.1852509596132872,0.5832199958606505,-0.1887874220988577,-0.6517395650786039,-0.20080676984718754
-1.0063283062676383,-1.6412224514151534,0.031655973144007706,1.3021541678064277,-0.18742743226149922,4.2875235188300636,1.9260376340681695,-4.522082396356126,-3.5081765462948997,-0.42008442417996905,-1.580525122749691,5.931320716961826,1.1240568772387207,-2.1874899527564042,-0.8874465656557378,1.5530382845640842,1.577357464456288,1.6255733847645313,-0.42492159447739386,1.55809508079833,2.3126591389314433,-2.5080323928937114,0.7990148403187176,1.7084948071442039,-0.6006157695573441,-2.110337123438815,-1.2829568295534097,-1.7444607468252036,1.7679684021415623,-2.100796857494946,4.102302597367191,2.677429183005525,-3.2986019377983147,0.6485689718372031,-1.659748339713129,0.6786280479551269,2.367067620569453,0.9863092590895843,3.0724982097554,0.8619529831944177,-2.2895793734272942,0.6326932907299229,2.211443828586517,1.4777079732203933
-0.5844691253179651,-0.24918284056295242,-0.08993379895142939,-0.567895041317721,-0.1308407664723831,0.8965447373238783,0.7554023031689675,-1.2104669556319094,-1.0949559635627535,-0.7292174868282718,-0.290654854172462,1.1240568772387207,0.5687581578784849,-0.47346549741075167,0.26883626239414704,0.3396567798144958,0.22386006524938248,0.36669743182506237,-0.47647271536581026,0.5867790505089174,0.4675595839490341,-0.2092602200166549,0.07563354354712536,0.13250088952301373,-0.18256677858904485,-0.24277102179424445,-0.5154072475021385,0.28613572907396284,0.15624725014299115,-0.5707745382039968,0.6142099695828235,0.3634806842775024,-0.2771601091214111,0.3627431934478524,-0.12579187938678554,-0.4423372464004498,0.20408226588393352,-0.1338240656214954,0.4652566636053914,0.5453525256679289,-0.8973663639873218,-0.0508529291353582,0.5111813256500018,0.4312312307074061
0.513904437315575,0.5120142675202315,0.22904898980178623,-0.535672265346445,0.10830531669809315,-1.7850922055928484,-0.8012006135019444,1.8027142520623713,1.5237183642943541,0.19617440968060404,0.712417330325965,-2.1874899527564042,-0.47346549741075167,1.1444144641203073,0.3936065098577308,-0.7827976117541496,-0.782648374278007,-0.686858483306029,0.5144375468187884,-0.48178145447515364,-0.8779848604869096,1.035300523403505,-0.5225664385335269,-0.601175843291313,0.22938824288505008,0.8781469634456857,0.7860801335275853,0.7792637563868486,-0.6734991453581155,0.8259232041986876,-1.8140315891076184,-0.9983105846837025,1.4177868129624107,-0.2942826187112094,0.6330107524764109,-0.2740987124123094,-0.9966190577559481,-0.6557772235483526,-1.4250384250929338,-0.3611233686128663,1.022049081227345,-0.16800068643280752,-1.0657866858509322,-0.38598099948470443
-0.3982325887825757,0.27833973579751803,-0.12429868026293006,-1.6240291563458067,-0.024107682645947603,-0.5275087167682886,0.3233769275589193,0.22056803549668136,0.039023978214128126,-1.091322297701436,0.3917893149431409,-0.8874465656557378,0.26883626239414704,0.3936065098577308,1.053856924964102,-0.1420027012851373,-0.4412664932584526,-0.22346761242771546,-0.32583334168996125,0.38291093796307474,-0.33166318570461323,0.8311736751024091,-0.3883222380122962,-0.496089603264905,0.07436000459208357,0.6660034031497849,-0.11292650347687258,1.387618508483246,-0.6271043822212935,-0.11762320156688867,-1.2089699127699793,-0.6469000173621623,1.2630384951748725,0.3739505743806002,0.6556685430307541,-1.135292477981851,-1.0207468072039463,-0.8100111454838281,-1.066853126969492,0.49616688343518184,-0.25008294000169456,-0.33952427785874895,-0.38372444564378777,0.21655771552142936
-0.6509092793698116,-0.5195065351161512,-0.4091358141967469,-0.13180300868089392,0.2528525147515002,1.3654400685534764,0.6225268108149427,-1.8990896476959152,-1.4587969592324004,-0.4768768857361186,-0.6681593982331518,1.5530382845640842,0.3396567798144958,-0.7827976117541496,-0.1420027012851373,1.4326702334100698,0.5412383338209015,0.8824001112251363,-0.7610047375858859,0.6060139245516838,0.7691543002256972,-0.49460290592143935,0.38240506828152776,0.11503303105236393,-0.17184104489132743,-0.6010021750016019,-0.6051234893319636,-0.45838186448931156,0.1809506236646244,-1.0261366925283588,1.3954424638937701,0.7849658000717303,-0.8972949108845062,0.25412819892584,-0.3031302792783055,0.5007190223277951,0.3053488713034708,0.2195671825099136,0.774851617874865,0.5318647223167865,-0.6090994108935789,-0.17751363794734343,1.2765531001606572,-0.4068982729176968
-0.2585286134542672,-0.34001166903956903,-0.12614781565752164,0.749308935136755,-0.023970059616859773,1.2574730373900307,0.4443381530608962,-1.1925277236794676,-0.9344697164669818,0.1086112775919788,-0.514147941165434,1.577357464456288,0.22386006524938248,-0.782648374278007,-0.4412664932584526,0.5412383338209015,0.6555685413009327,0.544324269444154,-0.1927314794373833,0.22744872113668094,0.6184250894564484,-0.8529416605741019,0.4452140312240301,0.5068628750237996,-0.13512321436242306,-0.6728986361231046,-0.469054106941392,-0.7895318507171244,0.530643602974778,-0.46106769354767085,1.3451672150569391,0.8078194041523946,-1.157744236276912,0.1761135005002299,-0.5316502917175772,0.39778381881796493,0.8571951250484577,0.6742648228733137,1.113666190355713,0.07151252127109878,-0.5870527457153504,0.12730910687248284,0.761749323117613,0.2622508464451307
-0.6803110036848559,-0.42943476188714585,-0.12564597895780774,0.17308630296617797,0.0830129044350132,1.3652108166699843,0.506519086578887,-1.7298268733715862,-1.367367284098337,-0.4251076767898894,-0.4827355585025123,1.6255733847645313,0.36669743182506237,-0.686858483306029,-0.22346761242771546,0.8824001112251363,0.544324269444154,0.9083995652789939,-0.3352273284748551,0.5305893564106826,0.678886957848379,-0.5884771518560017,0.30255681798480033,0.23472786371481075,-0.21756724016861592,-0.6593589581063005,-0.4418672003833068,-0.545950615857379,0.34880097275761623,-0.916789527905969,1.289258332742509,0.8068830078451494,-1.0943706674682556,0.3769495759619432,-0.4047628320880538,0.3025274704833683,0.6578212180255716,0.3216851880786705,0.857900490343457,0.41293056317596577,-0.7585133978758749,-0.14206602029451654,1.1814149475161073,-0.14639129849723295
0.6055694272836695,0.07879084587860649,0.5140198477263398,0.9292454182496888,-0.0695662514315702,-0.6009372005923437,-0.7080220689275022,1.0353535802125788,1.1885912411845427,0.7949739930380532,0.38195280738613263,-0.42492159447739386,-0.47647271536581026,0.5144375468187884,-0.32583334168996125,-0.7610047375858859,-0.1927314794373833,-0.3352273284748551,1.2374450667883838,-0.45740885010443055,-0.23383026514478775,-0.1855308804276513,-0.3078916647642458,0.2353373075250296,0.20017173170964936,0.04129170128394369,0.6755204415997572,-0.5263067652281184,0.1788768223956262,0.3754284352756016,-0.6241416024822692,-0.040258133408344,-0.046806909458598445,-0.165807354530401,-0.12028405854994437,0.2485510758060294,0.2199192698377656,-0.06013100779333121,-0.30000822015546474,-0.6790265171468021,0.7109086469678925,0.2405724790923756,-0.6134382781094405,0.261521050625503
-0.6792009171373347,-0.4798131482691396,-0.047438455551733545,-0.7692340465292746,0.013461821317797919,1.173725720284713,0.9097421882672961,-1.6426040624718528,-1.3527527532544399,-0.9452816366268899,-0.3599031797009598,1.55809508079833,0.5867790505089174,-0.48178145447515364,0.38291093796307474,0.6060139245516838,0.22744872113668094,0.5305893564106826,-0.45740885010443055,0.9333993703663709,0.6226871058168495,-0.273487355924379,0.021210038099543783,0.2594256214262211,-0.20451587548956626,-0.29335589095820996,-0.47019857725854447,0.349568708149139,0.16004253782283295,-0.9040063922792524,0.6848033470596799,0.5396953597727047,-0.2709978491200672,0.44494924193601293,-0.1227282775364178,-0.44958712498601344,0.07976051056728838,-0.2975055460036629,0.3165179257371672,0.7178691435898663,-0.9887434698744554,-0.08069418210731909,0.6238012353089059,0.49849714115551985
-0.4512421774044721,-0.6501267409356495,-0.024861373810628234,0.41725738725015843,-0.0586130122204602,1.6797746226556365,0.781583313966621,-1.8592391406434503,-1.422783150666313,-0.20530236972220464,-0.6398907879714593,2.3126591389314433,0.4675595839490341,-0.8779848604869096,-0.33166318570461323,0.7691543002256972,0.6184250894564484,0.678886957848379,-0.23383026514478775,0.6226871058168495,0.9775964835759683,-0.9536769213844141,0.30946376905611217,0.5893796535986613,-0.2273154790408717,-0.8124441467706407,-0.5497831214550268,-0.6701913013135027,0.6402199944726247,-0.880530638858572,1.6278107472263628,1.0635417690444757,-1.2745307989590482,0.24422714232703077,-0.6277618417152276,0.32701577517963343,0.8669486005757869,0.3137870536851041,1.2082275890608973,0.36995426380016355,-0.874126076414634,0.18696319132396721,0.9716760478400733,0.48337391669994356
0.06203342101975958,0.647270328234036,-0.07938381318513157,-1.4660950189781017,0.10957411841963498,-1.8018543657078832,-0.5002803014315232,1.5318722865321128,1.002222869482024,-0.5044852079254902,0.7267432696146917,-2.5080323928937114,-0.2092602200166549,1.035300523403505,0.8311736751024091,-0.49460290592143935,-0.8529416605741019,-0.5884771518560017,-0.1855308804276513,-0.273487355924379,-0.9536769213844141,1.4864992704719806,-0.5019135350654492,-0.9906957618570844,0.14628547908244646,1.0915121068958011,0.46257896534883286,1.4362437337008576,-0.9866598890733174,0.6584033333838235,-1.9346486869635553,-1.2794055695255373,1.8109008967261846,-0.12733637528483488,0.935960820446546,-0.6906244021940601,-1.4128434237119591,-0.827405057566348,-1.6444685214666988,0.09832289617999776,0.6815717071191764,-0.449579687577625,-0.8222172840705367,-0.6624158655940398
-0.07833318977374353,-0.12067186454383229,-0.19234633865550707,0.5884626768738686,0.03435150542652177,0.681828823042444,0.22025657469392274,-0.5954154249231621,-0.5324283516074817,0.23260685721937294,-0.3686983906144646,0.7990148403187176,0.07563354354712536,-0.5225664385335269,-0.3883222380122962,0.38240506828152776,0.4452140312240301,0.30255681798480033,-0.3078916647642458,0.021210038099543783,0.30946376905611217,-0.5019135350654492,0.4354849396187461,0.26465329038584734,-0.08640161099842221,-0.39483078906956576,-0.32326538082139816,-0.5518102054233531,0.2992987282116506,-0.0881757600767416,0.9079114058582605,0.44798933165427024,-0.7144401102151755,-0.024721212340534492,-0.32348027823823294,0.4081994554485745,0.536225448266523,0.6200411374186108,0.7753608313392276,-0.02795085055855622,-0.2710664894914038,0.04915236838342535,0.47620095341702656,-0.019468667187411543
0.1223496297872292,-0.5067945751055465,0.18444778622971164,0.9050667844041121,-0.06832911999828703,1.0772718432780217,0.3883566457847297,-0.9051821105608635,-0.5472141115835297,0.3956141998287671,-0.5110096037481711,1.7084948071442039,0.13250088952301373,-0.601175843291313,-0.496089603264905,0.11503303105236393,0.5068628750237996,0.23472786371481075,0.2353373075250296,0.2594256214262211,0.5893796535986613,-0.9906957618570844,0.26465329038584734,0.8649446678696135,-0.09598603593147685,-0.6381105786292972,-0.18798148659201186,-0.8041266775878083,0.6839181294565574,-0.2773228283918932,1.1374620022539506,0.8205200681397103,-0.9587422107794019,0.020117259078262863,-0.6066639812799793,0.2995350683901509,0.8645103969046433,0.4288239838137788,1.0037604224374133,-0.10446981230464886,-0.4551570137441332,0.40256730559135245,0.22009599275577055,0.7561051533560293
0.19451738310012973,0.19040610194846228,-8.57262630412686e-4,-0.0070113017228293295,0.017854578049785932,-0.4608060421789662,-0.2339404499270639,0.5414787819787948,0.5969331433300795,0.13630947715016048,0.16205637674549428,-0.6006157695573441,-0.18256677858904485,0.22938824288505008,0.07436000459208357,-0.17184104489132743,-0.13512321436242306,-0.21756724016861592,0.20017173170964936,-0.20451587548956626,-0.2273154790408717,0.14628547908244646,-0.08640161099842221,-0.09598603593147685,0.16706753279098785,0.2045287354034733,0.11929695267617649,0.06452785943262912,-0.16252579643907836,0.2170966649331724,-0.5252723119768792,-0.2499055130443211,0.34981372070318056,-0.03413796561552617,0.16070349201639184,-0.08274140679121564,-0.22532758349872126,-0.10865143625259158,-0.325466056516089,-0.20786588173993956,0.2998034046209517,-0.009131685319700263,-0.3194236016146162,-0.013865371183622103
0.24348074695577077,0.5891492523550129,0.017851084723677187,-1.0197720588147376,0.06421978529119438,-1.6004082656413339,-0.42489882743058327,1.5375796284662846,1.141269226853379,-0.20034277936217806,0.628597870300343,-2.110337123438815,-0.24277102179424445,0.8781469634456857,0.6660034031497849,-0.6010021750016019,-0.6728986361231046,-0.6593589581063005,0.04129170128394369,-0.29335589095820996,-0.8124441467706407,1.0915121068958011,-0.39483078906956576,-0.6381105786292972,0.2045287354034733,0.9861640456030399,0.42082268445673016,1.156294902311962,-0.7735370202330749,0.759916730780303,-1.776043453090525,-1.0553367471453854,1.6223632758279178,-0.1504182998267321,0.7699095073355793,-0.6354025171125354,-1.15647161411055,-0.63349341656261,-1.3619796632476193,-0.1199004532719289,0.639884352169589,-0.3113195873878319,-0.9510795060245,-0.2190475177681606
0.5913044341702323,0.20278644892417172,0.3352633945267782,0.2403422372775614,0.12132492664942869,-1.1859460009250546,-0.7992295510246153,1.3308277159511688,1.154806508649821,0.607982600069734,0.4303274262160697,-1.2829568295534097,-0.5154072475021385,0.7860801335275853,-0.11292650347687258,-0.6051234893319636,-0.469054106941392,-0.4418672003833068,0.6755204415997572,-0.47019857725854447,-0.5497831214550268,0.46257896534883286,-0.32326538082139816,-0.18798148659201186,0.11929695267617649,0.42082268445673016,0.8009502702267333,0.05148075590153643,-0.23698559938262068,0.6471799091829001,-0.9625815960687679,-0.4799818887309484,0.6160586070635207,-0.4044455463761751,0.21667147445788545,0.26096635884887104,-0.39479778296505463,-0.2577337622044442,-0.7814672255966064,-0.47804892275482275,0.9462519526600984,0.007772092872047984,-0.7198248944390064,-0.3562857635904096
-0.33619874129193994,0.5024917490415993,-0.10137544208332369,-2.2979141556724243,-0.02431523178488137,-1.2455934260232515,0.2824737892013172,0.8013731360286525,0.30465408823656764,-1.2836774619454183,0.6223172429494856,-1.7444607468252036,0.28613572907396284,0.7792637563868486,1.387618508483246,-0.45838186448931156,-0.7895318507171244,-0.545950615857379,-0.5263067652281184,0.349568708149139,-0.6701913013135027,1.4362437337008576,-0.5518102054233531,-0.8041266775878083,0.06452785943262912,1.156294902311962,0.05148075590153643,2.1346925208861234,-0.9757121331220882,0.31976674812496725,-1.904022634347773,-1.1532260221035564,2.0922072043879916,0.221974050573983,1.016963893310582,-1.489880179795854,-1.5723521099828368,-1.135606989725795,-1.618240679001017,0.585991617513857,-0.10334943288268633,-0.47381705135979335,-0.8245757226029358,0.15778516452656297
-0.006092412876620483,-0.4760145472287916,0.12142216293667642,1.0641030362196804,-0.13258636049298161,1.2097668393210046,0.3089866204906347,-0.9832096356844838,-0.7339448555271426,0.3961676970830057,-0.46430189010306155,1.7679684021415623,0.15624725014299115,-0.6734991453581155,-0.6271043822212935,0.1809506236646244,0.530643602974778,0.34880097275761623,0.1788768223956262,0.16004253782283295,0.6402199944726247,-0.9866598890733174,0.2992987282116506,0.6839181294565574,-0.16252579643907836,-0.7735370202330749,-0.23698559938262068,-0.9757121331220882,0.7610510726091296,-0.39346052446978064,1.392598382636984,0.8694195726628516,-1.3084206232440037,0.018260560840994835,-0.6890227001884872,0.49905109631708233,1.0488275184665712,0.5750829708938288,1.1656316747324793,-0.053890778745758365,-0.46149286945832313,0.38427650041796857,0.5257018974409468,0.47545289544751623
0.9140832931331399,0.6442549649637005,0.13581438848216987,0.33393380738566614,0.014064110312123826,-1.8015853809413156,-0.8267460147261105,2.201910329665679,1.7008930365573367,0.9547201663325894,0.47714209129379115,-2.100796857494946,-0.5707745382039968,0.8259232041986876,-0.11762320156688867,-1.0261366925283588,-0.46106769354767085,-0.916789527905969,0.3754284352756016,-0.9040063922792524,-0.880530638858572,0.6584033333838235,-0.0881757600767416,-0.2773228283918932,0.2170966649331724,0.759916730780303,0.6471799091829001,0.31976674812496725,-0.39346052446978064,1.5520623716117399,-1.3221428141297251,-0.8871967352674576,1.0968139140884896,-0.6438126316817804,0.38032220337349854,0.08176585986339162,-0.4874203977350306,0.09089719755330206,-0.6908312537280817,-0.7770773272542388,1.0878039794838774,0.04222909947474514,-1.2708650951100413,-0.15043984474824623
-0.5782481365553687,-1.162427055192659,-0.1841369988414831,1.6413451564310488,-0.060296198091244244,3.128696930475754,1.0709451002243342,-3.1610152382978773,-2.629587595198896,0.25433565884661663,-1.3483307331817562,4.102302597367191,0.6142099695828235,-1.8140315891076184,-1.2089699127699793,1.3954424638937701,1.3451672150569391,1.289258332742509,-0.6241416024822692,0.6848033470596799,1.6278107472263628,-1.9346486869635553,0.9079114058582605,1.1374620022539506,-0.5252723119768792,-1.776043453090525,-0.9625815960687679,-1.904022634347773,1.392598382636984,-1.3221428141297251,3.662448953648657,2.0045111579313493,-2.959330936177618,0.1580405918254521,-1.409280553023737,1.2614774328918372,2.055013446545052,1.3210953235532756,2.7214621462110946,0.4344410030904092,-1.3650829421221722,0.4944956963244244,1.9462734152791616,0.3225464153275895
-0.33399999260575397,-0.742097227096114,0.026298370293342414,1.0204862219338438,-0.01814185126078458,1.9319146463626156,0.674531522636924,-1.9596452024413678,-1.4458164469507857,0.13675410075053723,-0.7534555735588051,2.677429183005525,0.3634806842775024,-0.9983105846837025,-0.6469000173621623,0.7849658000717303,0.8078194041523946,0.8068830078451494,-0.040258133408344,0.5396953597727047,1.0635417690444757,-1.2794055695255373,0.44798933165427024,0.8205200681397103,-0.2499055130443211,-1.0553367471453854,-0.4799818887309484,-1.1532260221035564,0.8694195726628516,-0.8871967352674576,2.0045111579313493,1.3379613079949604,-1.725104755198433,0.19951428520819608,-0.86703651303228,0.6630555270595239,1.225172114957156,0.6391640270319221,1.5267236450641883,0.18677097281215252,-0.8107367706562479,0.2807376322938147,1.098448074900114,0.48142900689705553
0.36407659230565637,0.8410527801471895,0.01782016877742386,-2.05425239370793,0.12116645415419866,-2.5622616175793524,-0.49233025294333715,2.2505627819767486,1.756036511621105,-0.5518198550060488,0.8921003053441622,-3.2986019377983147,-0.2771601091214111,1.4177868129624107,1.2630384951748725,-0.8972949108845062,-1.157744236276912,-1.0943706674682556,-0.046806909458598445,-0.2709978491200672,-1.2745307989590482,1.8109008967261846,-0.7144401102151755,-0.9587422107794019,0.34981372070318056,1.6223632758279178,0.6160586070635207,2.0922072043879916,-1.3084206232440037,1.0968139140884896,-2.959330936177618,-1.725104755198433,2.8910495425034655,-0.18712384405223104,1.3000822500951124,-1.2720042882139382,-2.0503700138547676,-1.339941190349724,-2.2979998060034514,-0.04412883054299355,0.8859202183848311,-0.4648453896898045,-1.6519254492249869,-0.18635346564734445
-0.5822392161625145,-0.07421102954052612,-0.09509461784869,-0.4872268783771055,-0.08405719773113426,0.6764619293696839,0.4702907518303031,-0.8612663741315256,-0.6586256783315555,-0.7590918137805818,-0.05407191412128516,0.6485689718372031,0.3627431934478524,-0.2942826187112094,0.3739505743806002,0.25412819892584,0.1761135005002299,0.3769495759619432,-0.165807354530401,0.44494924193601293,0.24422714232703077,-0.12733637528483488,-0.024721212340534492,0.020117259078262863,-0.03413796561552617,-0.1504182998267321,-0.4044455463761751,0.221974050573983,0.018260560840994835,-0.6438126316817804,0.1580405918254521,0.19951428520819608,-0.18712384405223104,0.5491610430610204,0.013184503864661435,-0.5422792322610099,0.08620030108116868,-0.12667940853975215,0.10010672413669677,0.3994804824888409,-0.6884665500787204,-0.1416825526114014,0.43479509125532223,0.3015540832826897
0.0019173396195874958,0.46605221758926296,-0.08080882380908724,-1.068414654457435,0.0675819559418461,-1.158403892367003,-0.2563093947520528,0.9989250113675386,0.7191815614827335,-0.43078297619683104,0.4921256825425799,-1.659748339713129,-0.12579187938678554,0.6330107524764109,0.6556685430307541,-0.3031302792783055,-0.5316502917175772,-0.4047628320880538,-0.12028405854994437,-0.1227282775364178,-0.6277618417152276,0.935960820446546,-0.32348027823823294,-0.6066639812799793,0.16070349201639184,0.7699095073355793,0.21667147445788545,1.016963893310582,-0.6890227001884872,0.38032220337349854,-1.409280553023737,-0.86703651303228,1.3000822500951124,0.013184503864661435,0.6831442278130986,-0.6222377872391064,-1.0010405521119026,-0.577635379046458,-1.1500851457195989,0.06882295130510055,0.3693468174725909,-0.33122158383975814,-0.584911278333316,-0.2926949899417562
0.4653540869599181,-0.31905713075624936,0.01873966684138067,1.6815096902025937,0.22158224424378037,0.40842040973898863,-0.513738498306744,-0.15946436638084782,-0.014922307320654145,1.2346968627587844,-0.3800308670967979,0.6786280479551269,-0.4423372464004498,-0.2740987124123094,-1.135292477981851,0.5007190223277951,0.39778381881796493,0.3025274704833683,0.2485510758060294,-0.44958712498601344,0.32701577517963343,-0.6906244021940601,0.4081994554485745,0.2995350683901509,-0.08274140679121564,-0.6354025171125354,0.26096635884887104,-1.489880179795854,0.49905109631708233,0.08176585986339162,1.2614774328918372,0.6630555270595239,-1.2720042882139382,-0.5422792322610099,-0.6222377872391064,1.5887778488703999,0.8084539728965162,0.8464387982995073,0.8921067167389358,-0.5140222880936035,0.6345392348526911,0.23763773770866053,0.5526386239508096,-0.7098053041694179
-0.1033020647415791,-0.5529212093238804,0.12185249903981522,1.7029081330982447,-0.185748822415876,1.7053618783071858,0.32911090620314465,-1.4188636205642409,-1.0355460470305577,0.6139943832750099,-0.6653000762625375,2.367067620569453,0.20408226588393352,-0.9966190577559481,-1.0207468072039463,0.3053488713034708,0.8571951250484577,0.6578212180255716,0.2199192698377656,0.07976051056728838,0.8669486005757869,-1.4128434237119591,0.536225448266523,0.8645103969046433,-0.22532758349872126,-1.15647161411055,-0.39479778296505463,-1.5723521099828368,1.0488275184665712,-0.4874203977350306,2.055013446545052,1.225172114957156,-2.0503700138547676,0.08620030108116868,-1.0010405521119026,0.8084539728965162,1.691989872634808,1.0201935742958974,1.824855946623763,-0.16023467297449875,-0.681573427836986,0.43845154199149217,0.9350234461164101,0.4373376430568848
0.1218872919648487,-0.08281391459578091,-0.1713113927570154,1.5050270499777563,-0.01047195893436102,0.8734290060117073,-0.024389648228116557,-0.3408452976740728,-0.42488554725085065,0.7423962214446755,-0.3318648284042548,0.9863092590895843,-0.1338240656214954,-0.6557772235483526,-0.8100111454838281,0.2195671825099136,0.6742648228733137,0.3216851880786705,-0.06013100779333121,-0.2975055460036629,0.3137870536851041,-0.827405057566348,0.6200411374186108,0.4288239838137788,-0.10865143625259158,-0.63349341656261,-0.2577337622044442,-1.135606989725795,0.5750829708938288,0.09089719755330206,1.3210953235532756,0.6391640270319221,-1.339941190349724,-0.12667940853975215,-0.577635379046458,0.8464387982995073,1.0201935742958974,1.2689687356576,1.1516321246796302,-0.31354198466117533,-0.0946083527963611,0.2086928813394658,0.5590271655239207,-0.044677382281919455
-0.2968139601253099,-0.736979730400906,-0.08770643737021701,1.5835150384754988,-0.16994115651214783,2.2609141903555017,0.777113368858569,-2.1581802515880506,-1.6934966618130696,0.4695307425585877,-1.0482490439628673,3.0724982097554,0.4652566636053914,-1.4250384250929338,-1.066853126969492,0.774851617874865,1.113666190355713,0.857900490343457,-0.30000822015546474,0.3165179257371672,1.2082275890608973,-1.6444685214666988,0.7753608313392276,1.0037604224374133,-0.325466056516089,-1.3619796632476193,-0.7814672255966064,-1.618240679001017,1.1656316747324793,-0.6908312537280817,2.7214621462110946,1.5267236450641883,-2.2979998060034514,0.10010672413669677,-1.1500851457195989,0.8921067167389358,1.824855946623763,1.1516321246796302,2.3367223607780367,0.06911685931478771,-1.0636303174053408,0.45682090206678905,1.2966089302926822,0.5290137795924458
-0.7291617189740829,-0.26263326716295127,-0.1822038165678324,-1.0346075143564302,-0.03043859345836385,0.8092396442966366,0.7401764254972005,-1.2477987015108072,-1.23924761630251,-1.0632974511675226,-0.1852509596132872,0.8619529831944177,0.5453525256679289,-0.3611233686128663,0.49616688343518184,0.5318647223167865,0.07151252127109878,0.41293056317596577,-0.6790265171468021,0.7178691435898663,0.36995426380016355,0.09832289617999776,-0.02795085055855622,-0.10446981230464886,-0.20786588173993956,-0.1199004532719289,-0.47804892275482275,0.585991617513857,-0.053890778745758365,-0.7770773272542388,0.4344410030904092,0.18677097281215252,-0.04412883054299355,0.3994804824888409,0.06882295130510055,-0.5140222880936035,-0.16023467297449875,-0.31354198466117533,0.06911685931478771,0.7929560660668749,-0.8486862667040859,-0.17369779668974814,0.5910478150175684,0.11276021227900407
0.9884993178255379,0.4934771575344005,0.14412297736055796,0.5392015557912861,0.22408384957543812,-1.861973587203949,-1.272957424868241,2.2394839393968677,1.9491667701906954,1.1125123294732,0.5832199958606505,-2.2895793734272942,-0.8973663639873218,1.022049081227345,-0.25008294000169456,-0.6090994108935789,-0.5870527457153504,-0.7585133978758749,0.7109086469678925,-0.9887434698744554,-0.874126076414634,0.6815717071191764,-0.2710664894914038,-0.4551570137441332,0.2998034046209517,0.639884352169589,0.9462519526600984,-0.10334943288268633,-0.46149286945832313,1.0878039794838774,-1.3650829421221722,-0.8107367706562479,0.8859202183848311,-0.6884665500787204,0.3693468174725909,0.6345392348526911,-0.681573427836986,-0.0946083527963611,-1.0636303174053408,-0.8486862667040859,1.648094828360186,4.043337114924598e-4,-1.0051438588814638,-0.808485744137074
0.3242138553146333,-0.23647678296484723,0.12265643878428299,0.6410073390246992,-0.10471662720313,0.3180052892562912,0.032345588558137496,-0.06240049752599708,0.06304898526965812,0.4381154722676198,-0.1887874220988577,0.6326932907299229,-0.0508529291353582,-0.16800068643280752,-0.33952427785874895,-0.17751363794734343,0.12730910687248284,-0.14206602029451654,0.2405724790923756,-0.08069418210731909,0.18696319132396721,-0.449579687577625,0.04915236838342535,0.40256730559135245,-0.009131685319700263,-0.3113195873878319,0.007772092872047984,-0.47381705135979335,0.38427650041796857,0.04222909947474514,0.4944956963244244,0.2807376322938147,-0.4648453896898045,-0.1416825526114014,-0.33122158383975814,0.23763773770866053,0.43845154199149217,0.2086928813394658,0.45682090206678905,-0.17369779668974814,4.043337114924598e-4,0.4275096962008782,-0.16825922983382077,0.4106401992438643
-0.9408789991075194,-0.5442009380878942,-0.28758823369888276,0.3170406114915856,0.04852600981004657,1.9300687773552143,0.6858504921715682,-2.3018320179640477,-1.948153055142479,-0.5212405974611953,-0.6517395650786039,2.211443828586517,0.5111813256500018,-1.0657866858509322,-0.38372444564378777,1.2765531001606572,0.761749323117613,1.1814149475161073,-0.6134382781094405,0.6238012353089059,0.9716760478400733,-0.8222172840705367,0.47620095341702656,0.22009599275577055,-0.3194236016146162,-0.9510795060245,-0.7198248944390064,-0.8245757226029358,0.5257018974409468,-1.2708650951100413,1.9462734152791616,1.098448074900114,-1.6519254492249869,0.43479509125532223,-0.584911278333316,0.5526386239508096,0.9350234461164101,0.5590271655239207,1.2966089302926822,0.5910478150175684,-1.0051438588814638,-0.16825922983382077,1.7442379095858078,-0.3312138265980746
-0.01008680655483326,-0.2922313159662245,0.23815716622347904,0.04951184604652149,-0.31358580733695457,0.8463933590443055,0.8041531555687614,-0.6287447178891545,-0.38297322416037877,-0.22421137772250788,-0.20080676984718754,1.4777079732203933,0.4312312307074061,-0.38598099948470443,0.21655771552142936,-0.4068982729176968,0.2622508464451307,-0.14639129849723295,0.261521050625503,0.49849714115551985,0.48337391669994356,-0.6624158655940398,-0.019468667187411543,0.7561051533560293,-0.013865371183622103,-0.2190475177681606,-0.3562857635904096,0.15778516452656297,0.47545289544751623,-0.15043984474824623,0.3225464153275895,0.48142900689705553,-0.18635346564734445,0.3015540832826897,-0.2926949899417562,-0.7098053041694179,0.4373376430568848,-0.044677382281919455,0.5290137795924458,0.11276021227900407,-0.808485744137074,0.4106401992438643,-0.3312138265980746,1.6253620251782588
