V1,V2,V3,V4,V5,V6,V7,V8,V9,V10,V11,V12,V13,V14,V15,V16,V17,V18,V19,V20,V21,V22,V23,V24,V25,V26,V27,V28,V29,V30,V31,V32,V33,V34,V35,V36,V37,V38,V39,V40,V41,V42,V43,V44
2.519879570089367,-0.8660363389524816,-0.39293991923004845,0.14951340833413643,0.7997213460973653,-0.8355346211174189,1.2029173339020034,0.5805590083922796,0.771905521364746,2.2323062526735282,-1.8590060738993686,0.6538834082334837,-0.258616550628037,-0.22570248311480232,-0.4896503028378612,0.6230583391646799,0.23891946806037428,-1.7501144628747825,-1.6195268269111744,0.1682990202033551,0.3926940068255705,-0.48783837066892527,0.9930417792311506,1.7030806325916539,0.1182257230197565,0.6657307177445383,-0.045168974841102855,0.5561926581408448,-0.008443226846965877,2.639096949551871,0.7878221205750344,0.27160438413913296,2.1178408821700043,-2.168826723995878,-0.19496818562303897,1.0252128755865642,-1.1111777285151183,0.20725314400058661,0.813211474078181,-0.7376314256660421,0.9720354858013208,1.1349517436202279,-2.5595961598180184,1.8109898514287357
-0.8660363389524816,0.5851814726035468,0.07604080394134219,0.03453568742102344,-0.37349300300499544,0.24279433053299354,-0.3232555424172625,0.06142575914100364,-0.3116329497913228,-0.7179858463306278,0.756020804374285,-0.3141739827391876,0.24237404705935056,0.008018013930314767,0.18856298466766933,-0.46244209801962,-0.03989780170076944,0.3960637809885206,0.44033616023444516,-0.23467489123117888,-0.028900620273909414,0.2682632119717135,-0.17701058935952563,-0.6848538958121932,-0.0539436071345496,-0.1102330464850851,-0.0050771688252788045,-0.03673305312259039,0.012271290442410156,-0.590451926185847,-0.2663073158820764,-0.14808346921140883,-0.7518560555434664,0.7267040929679393,0.09680229270256137,-0.3696403292630966,0.3789934110234766,0.17704641925491926,-0.21933043563635085,0.1775605039504475,-0.37553817842243364,-0.38699967182322464,0.755662555726238,-0.5380578502849166
-0.39293991923004845,0.07604080394134219,1.1445149086984243,-0.08269885553076523,-0.6842759991808023,0.14357873490495707,-0.18547103759275999,0.11141469148942248,0.6801501410829452,-0.7502572563742957,0.8808595967433398,0.3837917079747299,0.3026430839209461,0.5727962225426593,0.5331665206481536,-1.6242614088410974,-0.43550413938626137,-0.030944472453526647,2.026511636152443,0.2533721446556489,0.0023005999525846682,-0.24276637111437022,-1.0376635909531073,0.24276324202910016,0.17900545140158935,-0.11690441737720382,0.4760385428944796,0.1024915074721879,0.3171487936268295,-0.8216367029723398,-1.2514356042502057,-0.00738144974390742,-0.19359303832874425,1.062462422157124,-0.06597341979737902,-1.475889939758992,0.5243614439425628,-1.127690183330471,-0.6346036509883378,-0.06485238313745906,-0.6395874966853965,0.19866032553080787,-0.48220445302513015,1.3268790219601196
0.14951340833413643,0.03453568742102344,-0.08269885553076523,0.19529466359561612,0.0319376385788058,0.19863092948683017,0.18492153865274824,0.15428849218050814,-0.06404791380608602,0.08772055845832566,0.03759611187185049,0.1737106584506286,-0.035906243755416394,-0.08096589307846008,0.0483594638630828,-0.07148325123418771,0.1234419020524869,-0.13735103924428393,-0.14138843028233108,0.044529565644489996,0.017211033627875946,-0.11172710833776746,0.18367138376154057,0.1327007306725389,-0.023376285351545244,0.030453785486586723,-0.09401442373432538,0.08763195886455544,0.019273815241703275,0.2150810087435885,0.11276954360610018,0.0695153892180644,-0.019946212331308343,-0.07575379729136254,-0.0393437895198655,0.014665238904015212,-0.02274174012313763,0.3805178132298458,0.036972832473618295,-0.008495558111012031,-0.016276476761681914,0.06205890379308641,-0.19122072094715134,0.3090217322962399
0.7997213460973653,-0.37349300300499544,-0.6842759991808023,0.0319376385788058,0.8710265953099282,-0.3488941321493767,0.1195459761898407,-0.1302210371119695,-0.07613050739485419,0.96311808164353,-0.949033234449205,-0.20613565813446788,-0.40801207081041296,-0.18016545696540792,-0.44491034856669864,1.5292573972440981,0.21670244805282146,-0.16285902750234,-1.3357730062660516,-0.03714822459394352,0.16683371044781564,0.10172524595468971,0.7157642672323268,0.15015427825295638,0.00573201223581955,0.21255602012881536,0.012175523485043586,-0.1500435193901395,-0.36165218870702787,0.719109166314196,0.7750238704921599,0.15410738834970478,0.6235892055809599,-1.0764179167382957,0.051844856153501796,1.4610178293290799,-0.8412757242202022,0.39346973305004096,0.16480447209073684,-0.1794153055612678,0.9569521229420529,-0.00675216118944922,-0.1312010396793855,-0.9026095891295574
-0.8355346211174189,0.24279433053299354,0.14357873490495707,0.19863092948683017,-0.3488941321493767,0.8683222837267286,-0.05687052637840225,-0.2706682282788891,-0.5173889150901627,-0.8763423521896784,0.7388041726102266,0.39986557678953577,0.1364577100473628,-0.09480401030720027,0.30956867284354117,-0.4105334229601098,0.11647007577073205,0.5510771564925706,0.5762965118222331,0.17086513801469294,-0.029984554198223556,-0.15205037239601063,-0.2122616620010517,-0.3022815237450921,-0.09230944767054226,-0.3381394798392437,-0.18340012569040068,-0.11664751030702897,0.15813909619684488,-0.9268629936404463,-0.06493556431795951,0.13132019372607837,-0.9653325189646385,0.8637895785581489,-0.07244443309942117,-0.5688928231341749,0.5495146805824648,0.3498226136242943,-0.16042372110034334,0.3562405440117045,-0.6279852994921359,-0.26897155663681094,0.74167011094818,0.06376774205818808
1.2029173339020034,-0.3232555424172625,-0.18547103759275999,0.18492153865274824,0.1195459761898407,-0.05687052637840225,1.0448301535542073,0.21132512367303558,0.05787102794479316,1.0522124339974708,-0.9429849192556132,0.9004746049921754,0.20694892908379117,-0.40579234182181445,-0.19639104919365807,-0.09233891099893658,0.28988812051512686,-1.0735053146917535,-0.9322648921349417,0.13059653121344372,0.4386851039301253,-0.4450783794765004,0.6635254198951325,1.0537474908204538,-0.021531148241938462,0.2914174796522228,-0.2959119268439859,0.46927654700474053,0.25222945500711325,1.5633436190725427,0.6750287228070347,0.26786142007489033,0.8676208113992794,-1.0137138725816863,-0.22911896904958381,0.1827844849093675,-0.23888574230725595,0.3954071011989917,0.8506425875288436,-0.3230972483042883,0.0048523824860966305,0.7466459291303296,-1.4237288347873311,1.6350746454737917
0.5805590083922796,0.06142575914100364,0.11141469148942248,0.15428849218050814,-0.1302210371119695,-0.2706682282788891,0.21132512367303558,0.8771964270906389,0.5832429666070896,0.3179082924578073,0.16711273004193503,-0.06999442574573646,-0.1336743754260549,0.1521654062412436,0.22633343545904075,-0.7447875624529973,-0.05550619672446627,-0.6835479139332319,0.22855077720636657,-0.0030173802467227157,-0.24351420902940685,-0.11723397910403544,-0.028316066115065527,0.4443428130471834,0.07978938021958198,0.31217662569984794,0.030997791363894283,0.44531317967701434,0.08691918280281055,0.704542363253695,-0.49399697868776765,-0.15897273519384061,0.5864899013271109,-0.21427017635816878,0.04974918940539448,-0.4727073604869651,-0.1673901672090991,0.17998182475883573,-0.17751503610353492,-0.2259494789302097,0.09482313082852499,0.3254503853531664,-1.0077312459785115,1.1855524435108749
0.771905521364746,-0.3116329497913228,0.6801501410829452,-0.06404791380608602,-0.07613050739485419,-0.5173889150901627,0.05787102794479316,0.5832429666070896,1.2190473703597648,0.3442826572201404,0.10838690864066174,0.13764668396258303,-0.1859082369377203,0.6318377531718269,0.2696749282799946,-0.7928392178380869,-0.3898574390746359,-0.6506124642101416,1.0916014339525648,0.26181477085099575,-0.09123927738144723,-0.24981265140996278,-0.5731829463437835,0.6753597010291396,0.28257398645097775,0.27456684190222214,0.45328953925059373,0.283690485117416,0.05157955863311738,0.3161159382935564,-1.0409077940628912,-0.02219402677812357,0.9169362031687676,-0.1299626069647867,7.924842875699286e-4,-0.5953268130654774,-0.2894832118105291,-0.9338067792331338,-0.5383241404120557,-0.37309926438675445,0.28194154384649933,0.46471557324138446,-1.3246555712616954,1.4790830013437588
2.2323062526735282,-0.7179858463306278,-0.7502572563742957,0.08772055845832566,0.96311808164353,-0.8763423521896784,1.0522124339974708,0.3179082924578073,0.3442826572201404,2.247141022386113,-2.0236925721729735,0.3668899111974356,-0.2075839061135873,-0.4402240575705366,-0.7105794788198806,1.2431554007751469,0.3437010438941663,-1.4677822427294573,-2.1990918186428416,-0.03602690027618546,0.4928214784009709,-0.2355004949373739,1.2651273327095587,1.2819602166586772,0.03177483213696159,0.6398565010871805,-0.133332649586068,0.39043392071190597,-0.12530304555049626,2.561264318165372,1.2203372061976072,0.246738978052109,1.867823528739834,-2.2634343810515998,-0.12478175710179308,1.5766329814227842,-1.1740889157484267,0.4470325875285823,0.9963027642607337,-0.6629206572705258,1.1011865332088369,0.8580868918617253,-1.8986376139652457,0.786950976382509
-1.8590060738993686,0.756020804374285,0.8808595967433398,0.03759611187185049,-0.949033234449205,0.7388041726102266,-0.9429849192556132,0.16711273004193503,0.10838690864066174,-2.0236925721729735,2.1997757809261866,-0.315955703830989,0.10563236329814904,0.6434885971254606,0.8783148197319044,-1.56004966356976,-0.41655043804055253,1.070489710189184,2.5120425528009305,0.09673591101475522,-0.47508968982101873,0.15792267466347704,-1.3171576819915836,-1.0581607365052323,0.0786955635716917,-0.4129947892800555,0.2778335896908218,-0.1547936525317047,0.12204315931546737,-2.236304128037336,-1.6259667805493634,-0.23119611274222454,-1.5079331385368269,2.144107552102255,0.1662367585184875,-1.698031240825532,0.9306668885942082,-0.46298789359331355,-1.2818295536599653,0.4701437950421281,-0.8780237701495415,-0.7149360204633635,1.3107786866882056,-0.1075171709151653
0.6538834082334837,-0.3141739827391876,0.3837917079747299,0.1737106584506286,-0.20613565813446788,0.39986557678953577,0.9004746049921754,-0.06999442574573646,0.13764668396258303,0.3668899111974356,-0.315955703830989,1.4387878194993537,0.36692498913050053,-0.19387411999810733,0.17649125764580784,-0.6798274212058528,0.14943961233497408,-0.7724825757567513,0.3786582925190163,0.4118146650654331,0.6141558623250915,-0.6576336682641657,0.03631945704562397,1.0989737331242264,0.0818521254741768,0.09775188843726568,-0.03527969414051473,0.3771594564813734,0.48782602713150824,0.55611481896306,0.08141652157637434,0.47337024740351,0.3953210908056406,-0.14551793479281394,-0.2680605166664141,-0.5365953170812827,0.07327040266784986,-0.16114633348512447,0.37312495705717497,-0.2361871028292414,-0.3849991810821847,0.6966015970223688,-1.1888505484115754,2.1761679823177063
-0.258616550628037,0.24237404705935056,0.3026430839209461,-0.035906243755416394,-0.40801207081041296,0.1364577100473628,0.20694892908379117,-0.1336743754260549,-0.1859082369377203,-0.2075839061135873,0.10563236329814904,0.36692498913050053,0.5380198574729959,-0.14365910216018585,0.059516624019568705,-0.7054630782993317,-0.011670906062361526,-0.16981384289006096,0.3211186607071206,-0.0936513344264534,0.35480439337362757,-0.04367534611852719,-0.08646870870681549,0.07061107627989027,-0.033902367003236504,-0.03267917470131855,0.023718340199569747,0.125854101416475,0.2742793944247539,0.027561621176756673,-2.1159528051975277e-4,0.05251185664927782,-0.24456971006016043,0.3416955451979091,-0.09086655171352663,-0.49687745424253665,0.37940796617788586,-0.2144354601007622,0.2728733421018653,-0.05252193944301859,-0.536275897455442,0.1488888341770526,-0.12750354888973595,0.5049019691717094
-0.22570248311480232,0.008018013930314767,0.5727962225426593,-0.08096589307846008,-0.18016545696540792,-0.09480401030720027,-0.40579234182181445,0.1521654062412436,0.6318377531718269,-0.4402240575705366,0.6434885971254606,-0.19387411999810733,-0.14365910216018585,0.6123322782369373,0.2977411002323051,-0.5268946566764204,-0.37720935731910005,0.2171772184962878,1.199244013748743,0.16220355125866828,-0.2120078087713683,0.007168433543455215,-0.6867997759041977,-0.17914238232783453,0.16376141039901995,-0.059784380862581525,0.36312562078038607,-0.0768444790463991,-0.09020619567940906,-0.6660265214978508,-0.9487746030859059,-0.07011066723481194,-0.04090520407427326,0.513093934384436,0.04509102494386847,-0.5197579940022063,0.07058914328391401,-0.7470375683631832,-0.703554465661898,-0.0010975703077137132,0.0320408860540391,-0.12221271325291676,-0.019897273128925454,0.17755623757666714
-0.4896503028378612,0.18856298466766933,0.5331665206481536,0.0483594638630828,-0.44491034856669864,0.30956867284354117,-0.19639104919365807,0.22633343545904075,0.2696749282799946,-0.7105794788198806,0.8783148197319044,0.17649125764580784,0.059516624019568705,0.2977411002323051,0.491649167678332,-0.9699338654281401,-0.1817981084922521,0.13604822182012943,1.3189633958332783,0.17616882521236524,-0.14189928880451255,-0.124849801255425,-0.6363383930909777,-0.024049484334324377,0.08990067578796705,-0.08037589194608837,0.18994791502959998,0.10235088819373701,0.1933331671943745,-0.7606038457150927,-0.8587655983613389,-0.021118973683265416,-0.3568985207972983,0.8686232586852048,0.035713680659263565,-0.9884449733017161,0.3278015358517625,-0.3137098301498385,-0.5920987343110251,0.07953397626994767,-0.4012248093365561,-0.05442594651397997,0.019582615885038932,0.7390980384534063
0.6230583391646799,-0.46244209801962,-1.6242614088410974,-0.07148325123418771,1.5292573972440981,-0.4105334229601098,-0.09233891099893658,-0.7447875624529973,-0.7928392178380869,1.2431554007751469,-1.56004966356976,-0.6798274212058528,-0.7054630782993317,-0.5268946566764204,-0.9699338654281401,3.4395371105903103,0.46989138349344173,0.4645025624836485,-2.8438374379265405,-0.22322427191320057,0.23776395706151926,0.46506659978666975,1.36946927498398,-0.5651757329243862,-0.11869878267016479,0.11296145755205755,-0.2997398016441166,-0.588634410551614,-0.7862899910351743,0.6609214443510449,1.806222253606789,0.2148748625425255,0.3973523291831994,-1.7130056881203568,0.14719762782426626,3.0049870482281245,-1.2354077467552875,0.9614958214597414,0.5215040487698991,0.038714858719161666,1.5883177540106137,-0.5261139977777728,1.1207363302362192,-2.9941875459252763
0.23891946806037428,-0.03989780170076944,-0.43550413938626137,0.1234419020524869,0.21670244805282146,0.11647007577073205,0.28988812051512686,-0.05550619672446627,-0.3898574390746359,0.3437010438941663,-0.41655043804055253,0.14943961233497408,-0.011670906062361526,-0.37720935731910005,-0.1817981084922521,0.46989138349344173,0.2844430024778493,-0.13928786848332844,-0.8469434836091184,-0.056569351301288984,0.11599262607891846,-0.039144064625882345,0.5156490639054185,0.14158717493402542,-0.09569635319157818,0.052443937278461514,-0.24707067025456836,0.04445463294611138,0.002944935949833234,0.4735522880286496,0.6377674272220084,0.08712867164088496,0.05912184598767272,-0.40848983946725215,-0.02953546641765245,0.45614557810563255,-0.1380570898736256,0.6190996794437899,0.39344766616513954,0.002193652276849779,0.08586371736162325,0.06240065628768178,-0.019906400487898053,-0.1095426545396581
-1.7501144628747825,0.3960637809885206,-0.030944472453526647,-0.13735103924428393,-0.16285902750234,0.5510771564925706,-1.0735053146917535,-0.6835479139332319,-0.6506124642101416,-1.4677822427294573,1.070489710189184,-0.7724825757567513,-0.16981384289006096,0.2171772184962878,0.13604822182012943,0.4645025624836485,-0.13928786848332844,1.6430353080174622,0.6433632543034792,-0.0741773426667799,-0.46040460409432493,0.4441091116694197,-0.5449320826894936,-1.4705071408421857,-0.1100701207413202,-0.5886884413713699,-0.02287792597268088,-0.6991849439344698,-0.29316057302971843,-2.0438457732907174,-0.26523613976358884,-0.17244578926056237,-1.5141072321094535,1.2389219084923238,0.1537362820444168,-0.040891562237486405,0.5631701176947147,-0.04292886557384423,-0.6171020486126653,0.6481336454920889,-0.286742624512156,-1.0559744599561272,2.292416016054368,-2.2611299598095296
-1.6195268269111744,0.44033616023444516,2.026511636152443,-0.14138843028233108,-1.3357730062660516,0.5762965118222331,-0.9322648921349417,0.22855077720636657,1.0916014339525648,-2.1990918186428416,2.5120425528009305,0.3786582925190163,0.3211186607071206,1.199244013748743,1.3189633958332783,-2.8438374379265405,-0.8469434836091184,0.6433632543034792,4.491359509873782,0.4809809971634909,-0.2195071017102917,-0.2413909299267139,-2.3066781349586654,-0.2251791695624756,0.3756075221624857,-0.3489893474225178,0.9743479093861064,-2.397021274832091e-4,0.5091842234516085,-2.697020817067428,-2.8301078216563167,-0.054488312579510534,-1.0468677433753701,2.7552587504955164,0.08792833128195081,-2.877745281264546,1.0207218160073572,-1.955227063236956,-1.9095126956955393,0.13199930207974825,-1.1146472814962909,-0.20586112493122835,0.20722554480940808,1.6794881870735983
0.1682990202033551,-0.23467489123117888,0.2533721446556489,0.044529565644489996,-0.03714822459394352,0.17086513801469294,0.13059653121344372,-0.0030173802467227157,0.26181477085099575,-0.03602690027618546,0.09673591101475522,0.4118146650654331,-0.0936513344264534,0.16220355125866828,0.17616882521236524,-0.22322427191320057,-0.056569351301288984,-0.0741773426667799,0.4809809971634909,0.30417248320850604,-0.020048083810487033,-0.27706475032498573,-0.23496703540131994,0.34305553093612584,0.07058610282641965,-0.028460839078055657,0.051365523272417946,0.05566245218349727,0.09666965671493896,-0.15855149338174762,-0.2796652109097651,0.14842737423907812,0.136911187141667,0.0903672160033617,-0.07320326318753904,-0.313848675715074,0.008412722886400067,-0.23740026296229164,-0.17165326873729878,-0.009863600376625196,-0.05334708021490991,0.1480576021009731,-0.31686732438573806,0.7436740991492599
0.3926940068255705,-0.028900620273909414,0.0023005999525846682,0.017211033627875946,0.16683371044781564,-0.029984554198223556,0.4386851039301253,-0.24351420902940685,-0.09123927738144723,0.4928214784009709,-0.47508968982101873,0.6141558623250915,0.35480439337362757,-0.2120078087713683,-0.14189928880451255,0.23776395706151926,0.11599262607891846,-0.46040460409432493,-0.2195071017102917,-0.020048083810487033,0.8054894928764492,-0.08738978981279467,0.31591197354408496,0.3442565650060883,0.07602654557236492,0.1873009481427782,0.17525973154864147,0.09549412158637363,0.10900249725564967,0.5063250674342618,0.36414935669607534,0.33894904467644865,0.2559173768348944,-0.3397452064514074,-0.07264361712634261,0.46145926114450214,-0.30094538622414063,-0.15133905402683281,0.25367080055616953,-0.2956520250442885,0.1712699266246333,0.25986250500241764,-0.4572180083255958,0.36494554955617137
-0.48783837066892527,0.2682632119717135,-0.24276637111437022,-0.11172710833776746,0.10172524595468971,-0.15205037239601063,-0.4450783794765004,-0.11723397910403544,-0.24981265140996278,-0.2355004949373739,0.15792267466347704,-0.6576336682641657,-0.04367534611852719,0.007168433543455215,-0.124849801255425,0.46506659978666975,-0.039144064625882345,0.4441091116694197,-0.2413909299267139,-0.27706475032498573,-0.08738978981279467,0.4091587952975227,0.046571480414516725,-0.6897863607984899,-0.045263596501942144,-0.04886292128370901,0.04081807027705507,-0.21932964368343008,-0.23299779179450011,-0.3519235380787243,0.08110514616762915,-0.17738354279093854,-0.34952654848764114,0.13654680121620244,0.15033589433779238,0.4129139042234812,-0.04183145250512472,0.08742265472855797,-0.13983359666112197,0.11565785656426576,0.18044349691087258,-0.41732294351658905,0.8073865142997974,-1.3216423296177533
0.9930417792311506,-0.17701058935952563,-1.0376635909531073,0.18367138376154057,0.7157642672323268,-0.2122616620010517,0.6635254198951325,-0.028316066115065527,-0.5731829463437835,1.2651273327095587,-1.3171576819915836,0.03631945704562397,-0.08646870870681549,-0.6867997759041977,-0.6363383930909777,1.36946927498398,0.5156490639054185,-0.5449320826894936,-2.3066781349586654,-0.23496703540131994,0.31591197354408496,0.046571480414516725,1.3173124164347008,0.2939160254936884,-0.17157742055329528,0.264698077978828,-0.45271008800949836,0.09931087133552631,-0.20432703109669834,1.6008604794719286,1.498922261116075,0.14078668063064975,0.604031720559478,-1.469840211788709,-0.06741075221425608,1.513942132091822,-0.61846516462759,1.1426446216283228,0.9836854035547049,-0.1710368386784916,0.5986618043657249,0.20347212859368533,-0.3729769780501169,-0.528538516603098
1.7030806325916539,-0.6848538958121932,0.24276324202910016,0.1327007306725389,0.15015427825295638,-0.3022815237450921,1.0537474908204538,0.4443428130471834,0.6753597010291396,1.2819602166586772,-1.0581607365052323,1.0989737331242264,0.07061107627989027,-0.17914238232783453,-0.024049484334324377,-0.5651757329243862,0.14158717493402542,-1.4705071408421857,-0.2251791695624756,0.34305553093612584,0.3442565650060883,-0.6897863607984899,0.2939160254936884,1.7909498739795677,0.12119752522470181,0.42772965948298497,0.07839535315019884,0.5920649603374907,0.4219188761024661,1.6013132847621672,0.15860456124896832,0.2858653928373575,1.4532377953614262,-0.9856389817782902,-0.22275674476200796,-0.28159447476094507,-0.43837851007754247,-0.16437997992838269,0.4898246628233304,-0.5663626123270141,0.11724295854899944,1.137779225310983,-2.31985389137762,2.6146886854153606
0.1182257230197565,-0.0539436071345496,0.17900545140158935,-0.023376285351545244,0.00573201223581955,-0.09230944767054226,-0.021531148241938462,0.07978938021958198,0.28257398645097775,0.03177483213696159,0.0786955635716917,0.0818521254741768,-0.033902367003236504,0.16376141039901995,0.08990067578796705,-0.11869878267016479,-0.09569635319157818,-0.1100701207413202,0.3756075221624857,0.07058610282641965,0.07602654557236492,-0.045263596501942144,-0.17157742055329528,0.12119752522470181,0.10004312566251537,0.06934462903195619,0.1740789325330818,0.03726361451813902,0.007418923926812038,-0.05102776717537269,-0.29121668410771945,0.043918758118440704,0.16765753945510964,0.042712968174110355,0.021846392552851687,-0.08996404080226894,-0.11844448769082075,-0.27786607695084836,-0.22425222111342322,-0.09982947703325401,0.11395579250432442,0.07361680235906573,-0.23308671939306813,0.28629170439134594
0.6657307177445383,-0.1102330464850851,-0.11690441737720382,0.030453785486586723,0.21255602012881536,-0.3381394798392437,0.2914174796522228,0.31217662569984794,0.27456684190222214,0.6398565010871805,-0.4129947892800555,0.09775188843726568,-0.03267917470131855,-0.059784380862581525,-0.08037589194608837,0.11296145755205755,0.052443937278461514,-0.5886884413713699,-0.3489893474225178,-0.028460839078055657,0.1873009481427782,-0.04886292128370901,0.264698077978828,0.42772965948298497,0.06934462903195619,0.3169520419772917,0.07865694710879959,0.24942062535431422,0.014432184041625789,0.7688116651237896,0.08009208515757879,0.04294100323277062,0.6421735361222436,-0.5494577420221248,0.03522124058210566,0.2807532610241772,-0.42065275894737264,0.06436487087176526,0.09341674182329862,-0.28552385029029514,0.3515459093011787,0.28864146655413114,-0.7338440432529999,0.517188489987454
-0.045168974841102855,-0.0050771688252788045,0.4760385428944796,-0.09401442373432538,0.012175523485043586,-0.18340012569040068,-0.2959119268439859,0.030997791363894283,0.45328953925059373,-0.133332649586068,0.2778335896908218,-0.03527969414051473,0.023718340199569747,0.36312562078038607,0.18994791502959998,-0.2997398016441166,-0.24707067025456836,-0.02287792597268088,0.9743479093861064,0.051365523272417946,0.17525973154864147,0.04081807027705507,-0.45271008800949836,0.07839535315019884,0.1740789325330818,0.07865694710879959,0.5667751792781853,-0.06364640561613175,0.0013967542856784735,-0.44680802654951157,-0.6518543093583467,0.0548916026302283,0.10654521369512332,0.3799987829141396,0.07957944055700718,-0.19630447779881396,-0.19137757321886337,-0.7231824012060024,-0.6393439453891073,-0.1967337688614652,0.1895498097417652,0.00480304762778292,-0.22338659359082425,0.09499875214221777
0.5561926581408448,-0.03673305312259039,0.1024915074721879,0.08763195886455544,-0.1500435193901395,-0.11664751030702897,0.46927654700474053,0.44531317967701434,0.283690485117416,0.39043392071190597,-0.1547936525317047,0.3771594564813734,0.125854101416475,-0.0768444790463991,0.10235088819373701,-0.588634410551614,0.04445463294611138,-0.6991849439344698,-2.397021274832091e-4,0.05566245218349727,0.09549412158637363,-0.21932964368343008,0.09931087133552631,0.5920649603374907,0.03726361451813902,0.24942062535431422,-0.06364640561613175,0.42258425787086695,0.22416097011598365,0.7525467126940898,-0.10098483379523412,0.017061699947129368,0.5158306586242535,-0.2789569668289202,-0.04656991276247507,-0.3787093197615478,-0.06486622913201423,0.09506239523090775,0.2023729889547662,-0.21503757197071885,-0.10565706520424868,0.4361289766946927,-0.9463258587306619,1.2977497300240153
-0.008443226846965877,0.012271290442410156,0.3171487936268295,0.019273815241703275,-0.36165218870702787,0.15813909619684488,0.25222945500711325,0.08691918280281055,0.05157955863311738,-0.12530304555049626,0.12204315931546737,0.48782602713150824,0.2742793944247539,-0.09020619567940906,0.1933331671943745,-0.7862899910351743,0.002944935949833234,-0.29316057302971843,0.5091842234516085,0.09666965671493896,0.10900249725564967,-0.23299779179450011,-0.20432703109669834,0.4219188761024661,0.007418923926812038,0.014432184041625789,0.0013967542856784735,0.22416097011598365,0.3504998601357679,0.024654405377983975,-0.19995783693896185,0.05259663632393383,0.011370845466000434,0.29131462323579227,-0.07328230410442216,-0.7187598469848785,0.2796860609182791,-0.15293831249135864,0.10582437262394091,-0.060455991277045,-0.45430287499530775,0.2909553026029654,-0.4340749748785988,1.0686503689732831
2.639096949551871,-0.590451926185847,-0.8216367029723398,0.2150810087435885,0.719109166314196,-0.9268629936404463,1.5633436190725427,0.704542363253695,0.3161159382935564,2.561264318165372,-2.236304128037336,0.55611481896306,0.027561621176756673,-0.6660265214978508,-0.7606038457150927,0.6609214443510449,0.4735522880286496,-2.0438457732907174,-2.697020817067428,-0.15855149338174762,0.5063250674342618,-0.3519235380787243,1.6008604794719286,1.6013132847621672,-0.05102776717537269,0.7688116651237896,-0.44680802654951157,0.7525467126940898,0.024654405377983975,3.530562058903241,1.4726512384788963,0.15598398802278773,2.127204259912801,-2.623134343855161,-0.23657410074143875,1.2846281862861726,-0.9751443504498297,0.8778817612702084,1.573754871336197,-0.7546325978054855,0.7793051305613353,1.2063119071372468,-2.6131130915117065,1.6931988788660348
0.7878221205750344,-0.2663073158820764,-1.2514356042502057,0.11276954360610018,0.7750238704921599,-0.06493556431795951,0.6750287228070347,-0.49399697868776765,-1.0409077940628912,1.2203372061976072,-1.6259667805493634,0.08141652157637434,-2.1159528051975277e-4,-0.9487746030859059,-0.8587655983613389,1.806222253606789,0.6377674272220084,-0.26523613976358884,-2.8301078216563167,-0.2796652109097651,0.36414935669607534,0.08110514616762915,1.498922261116075,0.15860456124896832,-0.29121668410771945,0.08009208515757879,-0.6518543093583467,-0.10098483379523412,-0.19995783693896185,1.4726512384788963,2.056118915101621,0.17160822695141223,0.33183368947563563,-1.5363785334027509,-0.13167708428993014,1.7878129442098845,-0.4549258208429772,1.274283889954737,1.3721545981260799,-0.01075063071308871,0.4521319026215003,0.12912265822545607,0.09923406476526073,-1.1161505570221957
0.27160438413913296,-0.14808346921140883,-0.00738144974390742,0.0695153892180644,0.15410738834970478,0.13132019372607837,0.26786142007489033,-0.15897273519384061,-0.02219402677812357,0.246738978052109,-0.23119611274222454,0.47337024740351,0.05251185664927782,-0.07011066723481194,-0.021118973683265416,0.2148748625425255,0.08712867164088496,-0.17244578926056237,-0.054488312579510534,0.14842737423907812,0.33894904467644865,-0.17738354279093854,0.14078668063064975,0.2858653928373575,0.043918758118440704,0.04294100323277062,0.0548916026302283,0.017061699947129368,0.05259663632393383,0.15598398802278773,0.17160822695141223,0.2685659986350933,0.14419914808791703,-0.19125127329771702,-0.08032534322932444,0.23850928603589355,-0.18219340707890716,-0.03134684236093387,0.0659386818827289,-0.10554590706679848,0.12656868140475577,0.12861209146855632,-0.24223890846766927,0.34531294526386835
2.1178408821700043,-0.7518560555434664,-0.19359303832874425,-0.019946212331308343,0.6235892055809599,-0.9653325189646385,0.8676208113992794,0.5864899013271109,0.9169362031687676,1.867823528739834,-1.5079331385368269,0.3953210908056406,-0.24456971006016043,-0.04090520407427326,-0.3568985207972983,0.3973523291831994,0.05912184598767272,-1.5141072321094535,-1.0468677433753701,0.136911187141667,0.2559173768348944,-0.34952654848764114,0.604031720559478,1.4532377953614262,0.16765753945510964,0.6421735361222436,0.10654521369512332,0.5158306586242535,0.011370845466000434,2.127204259912801,0.33183368947563563,0.14419914808791703,1.984601808081671,-1.7614334840417087,-0.08852904201857921,0.6979998092851754,-1.0044987531099114,-0.1832320386011035,0.5098237384917148,-0.691680452890941,0.8953810309742611,0.9649849628963613,-2.229748012263181,1.6011540849844466
-2.168826723995878,0.7267040929679393,1.062462422157124,-0.07575379729136254,-1.0764179167382957,0.8637895785581489,-1.0137138725816863,-0.21427017635816878,-0.1299626069647867,-2.2634343810515998,2.144107552102255,-0.14551793479281394,0.3416955451979091,0.513093934384436,0.8686232586852048,-1.7130056881203568,-0.40848983946725215,1.2389219084923238,2.7552587504955164,0.0903672160033617,-0.3397452064514074,0.13654680121620244,-1.469840211788709,-0.9856389817782902,0.042712968174110355,-0.5494577420221248,0.3799987829141396,-0.2789569668289202,0.29131462323579227,-2.623134343855161,-1.5363785334027509,-0.19125127329771702,-1.7614334840417087,2.4983389923878367,0.13482871634776902,-1.9356903819869802,1.1599413204220101,-0.7302453995791839,-1.206519926375326,0.5093572835619914,-1.1897001309983628,-0.6871199713317555,1.5055258792436843,-0.20310318113663153
-0.19496818562303897,0.09680229270256137,-0.06597341979737902,-0.0393437895198655,0.051844856153501796,-0.07244443309942117,-0.22911896904958381,0.04974918940539448,7.924842875699286e-4,-0.12478175710179308,0.1662367585184875,-0.2680605166664141,-0.09086655171352663,0.04509102494386847,0.035713680659263565,0.14719762782426626,-0.02953546641765245,0.1537362820444168,0.08792833128195081,-0.07320326318753904,-0.07264361712634261,0.15033589433779238,-0.06741075221425608,-0.22275674476200796,0.021846392552851687,0.03522124058210566,0.07957944055700718,-0.04656991276247507,-0.07328230410442216,-0.23657410074143875,-0.13167708428993014,-0.08032534322932444,-0.08852904201857921,0.13482871634776902,0.11717703024006133,0.08349366579870604,-0.09226673527368046,0.02004258128357124,-0.23116642739740492,0.023792030403621964,0.13014852340589542,-0.1652879262619481,0.2829392186736873,-0.40732352480983086
1.0252128755865642,-0.3696403292630966,-1.475889939758992,0.014665238904015212,1.4610178293290799,-0.5688928231341749,0.1827844849093675,-0.4727073604869651,-0.5953268130654774,1.5766329814227842,-1.698031240825532,-0.5365953170812827,-0.49687745424253665,-0.5197579940022063,-0.9884449733017161,3.0049870482281245,0.45614557810563255,-0.040891562237486405,-2.877745281264546,-0.313848675715074,0.46145926114450214,0.4129139042234812,1.513942132091822,-0.28159447476094507,-0.08996404080226894,0.2807532610241772,-0.19630447779881396,-0.3787093197615478,-0.7187598469848785,1.2846281862861726,1.7878129442098845,0.23850928603589355,0.6979998092851754,-1.9356903819869802,0.08349366579870604,2.9332995007874296,-1.3050627411824058,0.9300484204377724,0.6601555855554525,-0.18850185859028334,1.5754527420339008,-0.2536843229751911,0.41891373218419026,-2.3930912056297577
-1.1111777285151183,0.3789934110234766,0.5243614439425628,-0.02274174012313763,-0.8412757242202022,0.5495146805824648,-0.23888574230725595,-0.1673901672090991,-0.2894832118105291,-1.1740889157484267,0.9306668885942082,0.07327040266784986,0.37940796617788586,0.07058914328391401,0.3278015358517625,-1.2354077467552875,-0.1380570898736256,0.5631701176947147,1.0207218160073572,0.008412722886400067,-0.30094538622414063,-0.04183145250512472,-0.61846516462759,-0.43837851007754247,-0.11844448769082075,-0.42065275894737264,-0.19137757321886337,-0.06486622913201423,0.2796860609182791,-0.9751443504498297,-0.4549258208429772,-0.18219340707890716,-1.0044987531099114,1.1599413204220101,-0.09226673527368046,-1.3050627411824058,1.0572604106635837,-0.17835595564200937,0.010657474308355225,0.3814168432180992,-1.0968639346529538,-0.20077391415380608,0.6785105176583324,0.2568641665459449
0.20725314400058661,0.17704641925491926,-1.127690183330471,0.3805178132298458,0.39346973305004096,0.3498226136242943,0.3954071011989917,0.17998182475883573,-0.9338067792331338,0.4470325875285823,-0.46298789359331355,-0.16114633348512447,-0.2144354601007622,-0.7470375683631832,-0.3137098301498385,0.9614958214597414,0.6190996794437899,-0.04292886557384423,-1.955227063236956,-0.23740026296229164,-0.15133905402683281,0.08742265472855797,1.1426446216283228,-0.16437997992838269,-0.27786607695084836,0.06436487087176526,-0.7231824012060024,0.09506239523090775,-0.15293831249135864,0.8778817612702084,1.274283889954737,-0.03134684236093387,-0.1832320386011035,-0.7302453995791839,0.02004258128357124,0.9300484204377724,-0.17835595564200937,1.8154084261238217,0.6992887963826157,0.19859526350572318,0.154651526408087,-0.14498565239982364,0.3810945392360941,-0.6981636516919303
0.813211474078181,-0.21933043563635085,-0.6346036509883378,0.036972832473618295,0.16480447209073684,-0.16042372110034334,0.8506425875288436,-0.17751503610353492,-0.5383241404120557,0.9963027642607337,-1.2818295536599653,0.37312495705717497,0.2728733421018653,-0.703554465661898,-0.5920987343110251,0.5215040487698991,0.39344766616513954,-0.6171020486126653,-1.9095126956955393,-0.17165326873729878,0.25367080055616953,-0.13983359666112197,0.9836854035547049,0.4898246628233304,-0.22425222111342322,0.09341674182329862,-0.6393439453891073,0.2023729889547662,0.10582437262394091,1.573754871336197,1.3721545981260799,0.0659386818827289,0.5098237384917148,-1.206519926375326,-0.23116642739740492,0.6601555855554525,0.010657474308355225,0.6992887963826157,1.4283083800718457,-0.09067206093934253,-0.10789609292868607,0.45630043262917824,-0.5647882354086919,0.29593492282017225
-0.7376314256660421,0.1775605039504475,-0.06485238313745906,-0.008495558111012031,-0.1794153055612678,0.3562405440117045,-0.3230972483042883,-0.2259494789302097,-0.37309926438675445,-0.6629206572705258,0.4701437950421281,-0.2361871028292414,-0.05252193944301859,-0.0010975703077137132,0.07953397626994767,0.038714858719161666,0.002193652276849779,0.6481336454920889,0.13199930207974825,-0.009863600376625196,-0.2956520250442885,0.11565785656426576,-0.1710368386784916,-0.5663626123270141,-0.09982947703325401,-0.28552385029029514,-0.1967337688614652,-0.21503757197071885,-0.060455991277045,-0.7546325978054855,-0.01075063071308871,-0.10554590706679848,-0.691680452890941,0.5093572835619914,0.023792030403621964,-0.18850185859028334,0.3814168432180992,0.19859526350572318,-0.09067206093934253,0.35312373530788954,-0.3063936656565269,-0.3821109443961175,0.9227319554913234,-0.7049913305743337
0.9720354858013208,-0.37553817842243364,-0.6395874966853965,-0.016276476761681914,0.9569521229420529,-0.6279852994921359,0.0048523824860966305,0.09482313082852499,0.28194154384649933,1.1011865332088369,-0.8780237701495415,-0.3849991810821847,-0.536275897455442,0.0320408860540391,-0.4012248093365561,1.5883177540106137,0.08586371736162325,-0.286742624512156,-1.1146472814962909,-0.05334708021490991,0.1712699266246333,0.18044349691087258,0.5986618043657249,0.11724295854899944,0.11395579250432442,0.3515459093011787,0.1895498097417652,-0.10565706520424868,-0.45430287499530775,0.7793051305613353,0.4521319026215003,0.12656868140475577,0.8953810309742611,-1.1897001309983628,0.13014852340589542,1.5754527420339008,-1.0968639346529538,0.154651526408087,-0.10789609292868607,-0.3063936656565269,1.283575391623334,-0.01667583521138759,-0.29714358531537627,-0.890922053567364
1.1349517436202279,-0.38699967182322464,0.19866032553080787,0.06205890379308641,-0.00675216118944922,-0.26897155663681094,0.7466459291303296,0.3254503853531664,0.46471557324138446,0.8580868918617253,-0.7149360204633635,0.6966015970223688,0.1488888341770526,-0.12221271325291676,-0.05442594651397997,-0.5261139977777728,0.06240065628768178,-1.0559744599561272,-0.20586112493122835,0.1480576021009731,0.25986250500241764,-0.41732294351658905,0.20347212859368533,1.137779225310983,0.07361680235906573,0.28864146655413114,0.00480304762778292,0.4361289766946927,0.2909553026029654,1.2063119071372468,0.12912265822545607,0.12861209146855632,0.9649849628963613,-0.6871199713317555,-0.1652879262619481,-0.2536843229751911,-0.20077391415380608,-0.14498565239982364,0.45630043262917824,-0.3821109443961175,-0.01667583521138759,0.8175647402780623,-1.6131722332861067,1.7919980383925687
-2.5595961598180184,0.755662555726238,-0.48220445302513015,-0.19122072094715134,-0.1312010396793855,0.74167011094818,-1.4237288347873311,-1.0077312459785115,-1.3246555712616954,-1.8986376139652457,1.3107786866882056,-1.1888505484115754,-0.12750354888973595,-0.019897273128925454,0.019582615885038932,1.1207363302362192,-0.019906400487898053,2.292416016054368,0.20722554480940808,-0.31686732438573806,-0.4572180083255958,0.8073865142997974,-0.3729769780501169,-2.31985389137762,-0.23308671939306813,-0.7338440432529999,-0.22338659359082425,-0.9463258587306619,-0.4340749748785988,-2.6131130915117065,0.09923406476526073,-0.24223890846766927,-2.229748012263181,1.5055258792436843,0.2829392186736873,0.41891373218419026,0.6785105176583324,0.3810945392360941,-0.5647882354086919,0.9227319554913234,-0.29714358531537627,-1.6131722332861067,3.595429148340298,-3.707216819216754
1.8109898514287357,-0.5380578502849166,1.3268790219601196,0.3090217322962399,-0.9026095891295574,0.06376774205818808,1.6350746454737917,1.1855524435108749,1.4790830013437588,0.786950976382509,-0.1075171709151653,2.1761679823177063,0.5049019691717094,0.17755623757666714,0.7390980384534063,-2.9941875459252763,-0.1095426545396581,-2.2611299598095296,1.6794881870735983,0.7436740991492599,0.36494554955617137,-1.3216423296177533,-0.528538516603098,2.6146886854153606,0.28629170439134594,0.517188489987454,0.09499875214221777,1.2977497300240153,1.0686503689732831,1.6931988788660348,-1.1161505570221957,0.34531294526386835,1.6011540849844466,-0.20310318113663153,-0.40732352480983086,-2.3930912056297577,0.2568641665459449,-0.6981636516919303,0.29593492282017225,-0.7049913305743337,-0.890922053567364,1.7919980383925687,-3.707216819216754,5.832766436381764
