V1,V2,V3,V4,V5,V6,V7,V8,V9,V10,V11,V12,V13,V14,V15,V16,V17,V18,V19,V20,V21,V22,V23,V24,V25,V26,V27,V28,V29,V30,V31,V32,V33,V34,V35,V36,V37,V38,V39,V40,V41,V42,V43,V44,V45
2.0991980870507,-0.30498073304167483,-0.5705979653167181,-3.9055552446598156,-0.11943566160384406,-2.0612718793850306,2.5158696622639676,1.944694537858508,-0.657834502776687,1.2684419099436428,0.6886148621355028,1.4819631107324382,0.8688138032449403,0.69652629917157,1.2925383183438164,-3.632179662046238,-2.1652651081454803,0.255098779604481,-0.8448688888179251,-1.9843046352826652,-1.7487344093991448,-0.9931401240041858,1.907198350104882,1.1613945800016134,3.9137590030476357,2.9635423677271624,-1.6713592182670047,1.388135559398863,2.5548876406097496,3.6915801786398164,2.42600279873709,3.564769315767172,0.5979213819126702,1.031800687200126,0.5378580270921277,1.3942030948218667,-2.4522029681799498,-0.990686661419045,-1.6929030178186104,-3.244006857422969,-4.311201719497198,0.006225642607790746,-0.21018674793158076,1.7166439934160298,2.687352469741296
-0.30498073304167483,0.8444494370422895,2.1106730279029104,1.5492133945795963,-0.35726539235203525,0.3112555748734734,-0.6236389586605438,-0.5057288156337768,-0.2224140302171533,-0.3505943903994322,-0.1829214032150408,-0.40047103767328723,-0.503137791520554,-0.3248846259320372,-1.3452255861128601,1.6759009067332693,0.8135626582990142,-1.3069337087324546,-0.3460122928914152,0.20795859251694424,0.9795904546023635,0.6429021452483836,-1.8961780747115102,-1.7320344892959902,-0.6228776618302195,-1.389624433890345,2.0794642133679915,-1.1986274525643914,-2.7658323854114104,-1.642249661246703,-0.8090768899634667,-2.160158090240312,0.5676253203720864,1.2589212901537543,-0.5792712941855701,-1.2251586862548105,1.4984547631243905,0.5654950086796222,0.23878769384905232,2.9692143654749,1.8545637369957246,0.2245357027722745,-0.04741813464571387,-0.606805007606863,-1.0763261938720428
-0.5705979653167181,2.1106730279029104,5.884398011852595,3.6537007733755997,-1.3427188955741869,0.4911414431142797,-1.4342012659335748,-1.2782487726135143,-0.42207528636707325,-0.5974842797682741,-0.21905950042189462,-0.9807516455261137,-1.189167643171256,-0.3086850448233598,-3.480257529164057,4.125461365163575,2.1884160011194727,-3.306806560581549,-1.3829628449067217,0.24475502298186225,2.143897643455499,1.4793379146689913,-4.904320094658838,-4.681408316818405,-0.9789640767951786,-3.634640893617121,5.957776659397484,-2.8997028305138017,-6.975956632964313,-3.498242151697573,-1.5639681951245819,-5.2455875142134305,1.6160742533078514,3.4131376303617897,-1.2852888471046937,-3.265444010232475,3.900858980168325,1.3782584466707157,0.6158082406189807,7.564161039813869,4.293362245281892,0.7366738941770545,-0.24457050036294983,-1.418900690872158,-2.5442199560816072
-3.9055552446598156,1.5492133945795963,3.6537007733755997,8.573953219484716,-0.20495266376032031,3.825313647403803,-5.042828793697667,-3.8343513004221528,0.8843364352711536,-2.6472090220346467,-1.3826754841544209,-3.0307760584462713,-2.0478797807472175,-1.5213843176681987,-3.9103559036952524,8.220499198997656,4.821777624449696,-2.156701855164179,1.0306443658377031,3.6413185423718573,4.275666575927217,2.5576181464481245,-5.6905614333546435,-4.216618321687273,-7.3452761382687815,-6.668621344041512,5.552005371361884,-3.870039243051895,-7.963369058469521,-8.419264932685193,-5.09360437876032,-8.746378327410715,-0.29309344129364157,0.008288674666727436,-1.6441827294067888,-3.9956770778457473,6.020956974821805,2.3483650787260264,3.0818871907440597,9.452562284564896,9.573640018884634,0.32990638641799014,0.27767929971054256,-3.655259175694959,-5.976304110615366
-0.11943566160384406,-0.35726539235203525,-1.3427188955741869,-0.20495266376032031,0.6360801324475812,0.18290384484844993,0.011623297732813365,0.24542756759560977,0.05131722684068404,-0.27559593128522514,-0.18152008388982008,0.04815655299407252,0.16098004900340682,-0.31485204589408716,0.5517547424526393,-0.4738337843317553,-0.2062502407690265,0.43360318634809125,0.7146072346055096,0.30403665214203335,0.09611904347942664,0.00581677471056039,0.7255300828567682,0.8705685803201979,-0.42284300785350765,0.6867761708069343,-1.3459457227064846,0.30147546350175924,0.8298380535764746,-0.25013752710834736,-0.1972498738105452,0.5400803268522805,-0.43613338901918325,-0.5854667324943109,0.028515557720897703,0.5026851122788647,-0.6481010178832438,-0.18951184697305085,-0.13534885815413553,-0.8725732911380987,-0.2726778814885531,-0.18688312487594577,0.12637284606978966,0.07687410550558658,0.06631644654045092
-2.0612718793850306,0.3112555748734734,0.4911414431142797,3.825313647403803,0.18290384484844993,2.0612820316116673,-2.4619245203294846,-1.8910955919283787,0.6011074042143998,-1.2886527825836303,-0.7310699452431947,-1.4359183271260292,-0.8683746986383654,-0.7910512107416279,-1.2351990396152999,3.556316647996264,2.0529645000958157,-0.25566845926371656,0.8815400855760178,1.9685866465880817,1.7462363579277502,0.9930344264276664,-1.824112910016262,-1.087667883953254,-3.9244876619167277,-2.8736291930659403,1.4928888636855153,-1.3703710374052374,-2.4800754607894504,-3.6967561264421978,-2.4375820978148277,-3.512287591650542,-0.6073683759100456,-1.0514811032736067,-0.5778365604146459,-1.302819299544216,2.366212539125839,0.9894229956264785,1.6587323057340788,3.1217067392946034,4.265030968701699,-0.047483369615593726,0.22609816262204668,-1.7003049281783646,-2.6309048720456625
2.5158696622639676,-0.6236389586605438,-1.4342012659335748,-5.042828793697667,0.011623297732813365,-2.4619245203294846,3.1303725648847633,2.4071374569103905,-0.7248084496588747,1.5860500287107162,0.836592369060812,1.8648269449653683,1.1530959951632591,0.8464989408963071,1.9672974939424719,-4.768617839608048,-2.8507653739562926,0.7526848572746782,-0.8256051630760923,-2.3632411186335514,-2.352052417043979,-1.3795942610458225,2.88622261866098,1.9801576397262253,4.699540867397903,3.9005614636370245,-2.74391094007789,2.0043498336402856,3.940720339272373,4.815988527186239,3.0374844521894184,4.848954250143863,0.4913098943488561,0.7135961616695758,0.8061104841006937,2.07385443844758,-3.3625274688387843,-1.3266317602624635,-2.0333841230452614,-4.840319966275682,-5.584854711145299,-0.10027117310868934,-0.2101173538188431,2.1905509401644747,3.4985220563302177
1.944694537858508,-0.5057288156337768,-1.2782487726135143,-3.8343513004221528,0.24542756759560977,-1.8910955919283787,2.4071374569103905,2.02239224588051,-0.5716360044257519,1.0445186596779084,0.5722610998093384,1.4310429375313882,0.9417877929567517,0.5335693881840446,1.5268252293172264,-3.743526443621473,-2.1213897572192306,0.4608392003793165,-0.3999840157989142,-1.720030055819548,-1.5910094567650417,-0.9262447175001333,2.192591512702714,1.5630588885795513,3.538481786148591,3.2405082581010753,-2.2865278878043105,1.4920412642036436,2.845100069642137,3.3623428253889873,2.2257167683483723,3.7110850494097716,0.33107226966010245,0.7213907821120358,0.5402227665860914,1.5657421053364413,-2.701536896130065,-1.0703946294555249,-1.7208288927415007,-3.496931745345912,-4.294530558970112,-0.06971859810656046,-0.13943758183857768,1.6906745355178507,2.5761856408041695
-0.657834502776687,-0.2224140302171533,-0.42207528636707325,0.8843364352711536,0.05131722684068404,0.6011074042143998,-0.7248084496588747,-0.5716360044257519,0.4094274437380907,-0.2830616886496419,-0.11805714259503812,-0.4347325269993325,-0.11443684810950432,0.03291761749183565,-0.025459600858268646,0.7607954698892131,0.6230279418526452,0.40148944260655467,0.32092542117751066,0.6295545438625211,0.22368866978445687,0.108757518539935,-0.07479103374904986,0.10687399402538982,-1.1227611261210235,-0.6710993928407266,0.10626714099501282,-0.04789481284361497,0.03779147437609409,-0.6413513795765328,-0.49726215683783437,-0.512681077292221,-0.40496447964084226,-0.8075269327072014,0.07612451713337728,-0.15574391385373595,0.43426122662297445,0.1501911283496306,0.5761894816759283,0.19733858305178761,0.8691194856816841,-0.0241122055646467,0.0595359442198568,-0.4102037370529387,-0.6159076110074793
1.2684419099436428,-0.3505943903994322,-0.5974842797682741,-2.6472090220346467,-0.27559593128522514,-1.2886527825836303,1.5860500287107162,1.0445186596779084,-0.2830616886496419,1.0311838544775733,0.5581082126933798,0.9351710999051992,0.5714649264377489,0.6772799313066832,1.01742245481418,-2.399182031069572,-1.4591686423937138,0.5816972660388373,-0.6800508416262371,-1.307101078015309,-1.4832306368606736,-0.8766309921513981,1.5309463430672516,1.0011909337189722,2.537220907347001,1.7568966520553146,-1.1612689276273578,1.1329800739711633,2.289631070551353,2.9168616325584815,1.7353950438310854,2.585663408216924,0.275595113966229,0.14807173989035255,0.5679602995667122,1.0701963337896794,-1.6128345462625273,-0.6654821752896495,-0.8677625273698809,-2.751734712550237,-2.93645220919258,-0.027829061117547252,-0.14603499161973918,1.1377137844048566,1.9108444437447618
0.6886148621355028,-0.1829214032150408,-0.21905950042189462,-1.3826754841544209,-0.18152008388982008,-0.7310699452431947,0.836592369060812,0.5722610998093384,-0.11805714259503812,0.5581082126933798,0.343098164651824,0.4765092109138618,0.3244553280009634,0.4493646853178405,0.4865908142188739,-1.265303142462286,-0.6810160838760322,0.25716009157832104,-0.39226005587050383,-0.707358258912868,-0.7675541410710696,-0.44721973277053356,0.7215085478709975,0.4436197434079074,1.4297441586193465,0.927864922592618,-0.44957039903303664,0.5819280864657325,1.096396726579333,1.5458159698786615,0.9586910978184038,1.3539114404216772,0.18057850908524434,0.19495054016504135,0.32297614005588243,0.4755035921543976,-0.8161696159756575,-0.3741759029397499,-0.49056885732309036,-1.2995520007363182,-1.5808274248591732,0.03592648023843802,-0.09832177833375706,0.6165127770477457,0.9764070921811072
1.4819631107324382,-0.40047103767328723,-0.9807516455261137,-3.0307760584462713,0.04815655299407252,-1.4359183271260292,1.8648269449653683,1.4310429375313882,-0.4347325269993325,0.9351710999051992,0.4765092109138618,1.1198335717375048,0.6888341671332711,0.46322716641737643,1.2333919893478602,-2.8743980247911303,-1.7488040834324774,0.5136608080926447,-0.4445597592172051,-1.385822195328545,-1.4205266623913226,-0.8398031816342532,1.8100489433447555,1.276360914635912,2.7432249156026067,2.3580619057258922,-1.7801607276208569,1.2301569297607038,2.471980809783928,2.880747838937674,1.791134255332054,2.9407598107373265,0.24916841595817255,0.32179518603933455,0.4842185547189275,1.3084141316687925,-2.057757484995331,-0.795192610102683,-1.1967170907146656,-3.027291942390968,-3.341611470735022,-0.0916212187237014,-0.11046398510568398,1.3061126784875083,2.110321780649458
0.8688138032449403,-0.503137791520554,-1.189167643171256,-2.0478797807472175,0.16098004900340682,-0.8683746986383654,1.1530959951632591,0.9417877929567517,-0.11443684810950432,0.5714649264377489,0.3244553280009634,0.6888341671332711,0.551163773913028,0.39742310705116385,1.0564933916889807,-2.0431346381362405,-1.0794869866518877,0.6609626260494821,-0.08991934032493028,-0.7638916119019105,-1.0095192484150934,-0.6106830401975506,1.5063276396977168,1.1911133983357975,1.6482684482798355,1.712981287199733,-1.52718437238066,1.0201243539306173,2.09697700599934,1.9691149872145073,1.201061880025138,2.225028477689667,-0.05836373062279043,-0.16394536685603242,0.44972475593639555,1.0145826310494486,-1.551838133519958,-0.6218026041102759,-0.7347684513473871,-2.4066972691322386,-2.3536171649783366,-0.0850820067472511,-0.05192813036906016,0.879871906066634,1.3915669028327449
0.69652629917157,-0.3248846259320372,-0.3086850448233598,-1.5213843176681987,-0.31485204589408716,-0.7910512107416279,0.8464989408963071,0.5335693881840446,0.03291761749183565,0.6772799313066832,0.4493646853178405,0.46322716641737643,0.39742310705116385,0.7081716234500645,0.6005947326764292,-1.379210101749403,-0.6164471597553735,0.4755827868658974,-0.5068248494886406,-0.7456065551731232,-0.9822408808295473,-0.5662023245000114,0.878178326061775,0.5391654184009178,1.568037917587653,0.9260028640723854,-0.38001599777724676,0.7639519648073213,1.4278216938358574,1.9042259500218837,1.167529611281731,1.608540073609137,0.12350259959794914,0.01242456135421502,0.4818464104489613,0.5176545171831648,-0.869090361742551,-0.43725161991359646,-0.42002951726065,-1.5849178458578965,-1.8129863548325313,0.0765613362003707,-0.13424960284815765,0.6688921590162338,1.0720370658200469
1.2925383183438164,-1.3452255861128601,-3.480257529164057,-3.9103559036952524,0.5517547424526393,-1.2351990396152999,1.9672974939424719,1.5268252293172264,-0.025459600858268646,1.01742245481418,0.4865908142188739,1.2333919893478602,1.0564933916889807,0.6005947326764292,2.5770145849847683,-3.9737710296085846,-2.2493491700520125,2.071846833534771,0.23175865568151138,-1.105563473122483,-2.1640389470237746,-1.3716238617515795,3.6850938602797743,3.151226120817686,2.402670832911357,3.2834988916676258,-4.011504851504925,2.3369426437007954,5.253347559253717,3.901576054117729,2.100567364264512,4.646170353150809,-0.621478796242779,-1.5661668559063107,1.0258480141024569,2.50943997952399,-3.274707643750374,-1.2117869487730495,-1.0227000795328305,-5.913635647454563,-4.447958627954706,-0.4081877902728231,0.019901841192171178,1.5855032754607297,2.7409765898921195
-3.632179662046238,1.6759009067332693,4.125461365163575,8.220499198997656,-0.4738337843317553,3.556316647996264,-4.768617839608048,-3.743526443621473,0.7607954698892131,-2.399182031069572,-1.265303142462286,-2.8743980247911303,-2.0431346381362405,-1.379210101749403,-3.9737710296085846,8.03169154828491,4.6018185043761495,-2.2894199090025302,0.6393314769082225,3.299615443169397,4.028535228457131,2.4357934114665,-5.738484296997183,-4.4174688726724245,-6.797555316722543,-6.649617633122503,5.84244543563655,-3.8400660525160126,-7.969693800923438,-7.90932205228865,-4.772077728658222,-8.589965806556627,-0.05695618120040774,0.29667494427070656,-1.6225689340080063,-3.9937892638088868,6.012289791967961,2.343075811850426,2.9827811526226675,9.368070835300399,9.244681164162058,0.3737624319806651,0.21400372491613487,-3.515108847322713,-5.684330193711648
-2.1652651081454803,0.8135626582990142,2.1884160011194727,4.821777624449696,-0.2062502407690265,2.0529645000958157,-2.8507653739562926,-2.1213897572192306,0.6230279418526452,-1.4591686423937138,-0.6810160838760322,-1.7488040834324774,-1.0794869866518877,-0.6164471597553735,-2.2493491700520125,4.6018185043761495,2.925267835352952,-1.23575235636951,0.4960630274463021,2.029489764078983,2.3866887272088055,1.4512232394765614,-3.303994236688852,-2.4981244172808585,-3.963597746718221,-3.744131294519044,3.4360504592564047,-2.145224884604125,-4.591873951864471,-4.657873858584147,-2.7264507218771827,-4.8679653323199705,-0.1399180115800864,0.1556299941187386,-0.8459987364246849,-2.3992386468688873,3.433233405269759,1.2665056672556396,1.7003170402413852,5.533775801438354,5.266996110268656,0.2910841926846265,0.10652062592392471,-2.027264840296427,-3.416741369531276
0.255098779604481,-1.3069337087324546,-3.306806560581549,-2.156701855164179,0.43360318634809125,-0.25566845926371656,0.7526848572746782,0.4608392003793165,0.40148944260655467,0.5816972660388373,0.25716009157832104,0.5136608080926447,0.6609626260494821,0.4755827868658974,2.071846833534771,-2.2894199090025302,-1.23575235636951,2.229361370855592,0.4951929381916422,-0.2021566757838796,-1.5982109821678179,-1.0668709591848147,2.961170948375791,2.7356591097876453,0.6034359556432681,1.7574044209868234,-3.1940944509962956,1.8453165796773974,4.460154363215788,2.5585216321061583,1.1065442393629028,3.1590832037725143,-0.9653316698182611,-2.3762576608055923,0.9356933335000278,1.93738647806343,-2.114389533772097,-0.7625274458251133,-0.06707310357855295,-4.790106258495615,-2.535158553941646,-0.4139300951185563,0.09971065967502758,0.7976630472975537,1.5894912741430591
-0.8448688888179251,-0.3460122928914152,-1.3829628449067217,1.0306443658377031,0.7146072346055096,0.8815400855760178,-0.8256051630760923,-0.3999840157989142,0.32092542117751066,-0.6800508416262371,-0.39226005587050383,-0.4445597592172051,-0.08991934032493028,-0.5068248494886406,0.23175865568151138,0.6393314769082225,0.4960630274463021,0.4951929381916422,1.0634518368568142,0.992571637874533,0.6129913466203435,0.2848960214565517,0.24477031081040224,0.6506186966398098,-1.7415130754041743,-0.22055654793437457,-0.961158585716536,-0.062472495914340856,0.22066863927413388,-1.3804436093399295,-0.9737152477523724,-0.4907266125884481,-0.7134680067912038,-1.0924177187119846,-0.08197045145626387,0.12381170550476457,0.06811609447154948,0.09359525627579475,0.4398822906247292,-0.031203992723644398,1.0618918752153774,-0.20614218290684355,0.20566098452441114,-0.4633342267441349,-0.7813045588681768
-1.9843046352826652,0.20795859251694424,0.24475502298186225,3.6413185423718573,0.30403665214203335,1.9685866465880817,-2.3632411186335514,-1.720030055819548,0.6295545438625211,-1.307101078015309,-0.707358258912868,-1.385822195328545,-0.7638916119019105,-0.7456065551731232,-1.105563473122483,3.299615443169397,2.029489764078983,-0.2021566757838796,0.992571637874533,1.9545299577876467,1.7314651832374248,0.9848885688837792,-1.6679509771401002,-0.9271818091316011,-3.783699065873691,-2.5773201027078163,1.2777106284625237,-1.2607147485045944,-2.314385801475727,-3.630569617390739,-2.3426861131485897,-3.2550425307802504,-0.6582455444000863,-1.0139232436347896,-0.5322471089226545,-1.2274939035408323,2.1468390659914793,0.8807707851857431,1.5162895996973442,2.9722862678209436,3.994236469737272,-0.03520900751376935,0.22480828164159108,-1.6009763274407296,-2.5555080694544117
-1.7487344093991448,0.9795904546023635,2.143897643455499,4.275666575927217,0.09611904347942664,1.7462363579277502,-2.352052417043979,-1.5910094567650417,0.22368866978445687,-1.4832306368606736,-0.7675541410710696,-1.4205266623913226,-1.0095192484150934,-0.9822408808295473,-2.1640389470237746,4.028535228457131,2.3866887272088055,-1.5982109821678179,0.6129913466203435,1.7314651832374248,2.4819997105845295,1.5055646739238102,-3.174600996769015,-2.40005210891693,-3.4490144709946744,-3.0429137731579186,2.8762473476598003,-2.1872392191751366,-4.692068667985089,-4.656182223788026,-2.636109902250765,-4.582052982489138,0.05176305902898158,0.7255687308381898,-1.048470196225918,-2.181068821896792,2.9718588139722835,1.1610773421049776,1.1806306781731333,5.423753589866867,4.7891677924242515,0.2171790202527844,0.13708400409734028,-1.7714357319405507,-3.07099183122322
-0.9931401240041858,0.6429021452483836,1.4793379146689913,2.5576181464481245,0.00581677471056039,0.9930344264276664,-1.3795942610458225,-0.9262447175001333,0.108757518539935,-0.8766309921513981,-0.44721973277053356,-0.8398031816342532,-0.6106830401975506,-0.5662023245000114,-1.3716238617515795,2.4357934114665,1.4512232394765614,-1.0668709591848147,0.2848960214565517,0.9848885688837792,1.5055646739238102,0.9290398731495885,-2.011455034005164,-1.571634519135291,-1.9752982253344893,-1.8480447254701977,1.8901079026294836,-1.3599865154158632,-2.977513295650814,-2.796163150776187,-1.5443903298016983,-2.8077511325098006,0.10371500561794528,0.5951614437381413,-0.6590252944057443,-1.3781822461665383,1.8349824069892084,0.7102944352451068,0.6743065144847494,3.4213044233093384,2.8691645962664505,0.16072393537024732,0.063157426392327,-1.0584232944361303,-1.8488020028817598
1.907198350104882,-1.8961780747115102,-4.904320094658838,-5.6905614333546435,0.7255300828567682,-1.824112910016262,2.88622261866098,2.192591512702714,-0.07479103374904986,1.5309463430672516,0.7215085478709975,1.8100489433447555,1.5063276396977168,0.878178326061775,3.6850938602797743,-5.738484296997183,-3.303994236688852,2.961170948375791,0.24477031081040224,-1.6679509771401002,-3.174600996769015,-2.011455034005164,5.2928006333237265,4.497020110406678,3.5648546222433963,4.700929010502213,-5.717363379373867,3.3598069931891126,7.570098150459994,5.7342691279941445,3.078861453995322,6.7032824088769045,-0.8410558279181135,-2.2154515982629905,1.4832171081182086,3.6168679584471155,-4.699159164735599,-1.7331717423574284,-1.4799350498163824,-8.54925484424858,-6.44532352083604,-0.5872274461703781,0.019277234357490187,2.3078788335727713,4.0155464294625025
1.1613945800016134,-1.7320344892959902,-4.681408316818405,-4.216618321687273,0.8705685803201979,-1.087667883953254,1.9801576397262253,1.5630588885795513,0.10687399402538982,1.0011909337189722,0.4436197434079074,1.276360914635912,1.1911133983357975,0.5391654184009178,3.151226120817686,-4.4174688726724245,-2.4981244172808585,2.7356591097876453,0.6506186966398098,-0.9271818091316011,-2.40005210891693,-1.571634519135291,4.497020110406678,4.029024553778268,2.1404366880694403,3.7096349566754574,-5.125136748584356,2.7649353336695772,6.427679503279288,4.189433973016962,2.112010687681643,5.321196215383534,-1.0287951950442826,-2.412927929976745,1.2272131626924603,3.0491525969988436,-3.8173595445263793,-1.382080626710623,-0.9664278485543248,-7.149465575144136,-4.822586704692115,-0.5815967849121596,0.10671302224848728,1.688800926446637,2.9728944484332014
3.9137590030476357,-0.6228776618302195,-0.9789640767951786,-7.3452761382687815,-0.42284300785350765,-3.9244876619167277,4.699540867397903,3.538481786148591,-1.1227611261210235,2.537220907347001,1.4297441586193465,2.7432249156026067,1.6482684482798355,1.568037917587653,2.402670832911357,-6.797555316722543,-3.963597746718221,0.6034359556432681,-1.7415130754041743,-3.783699065873691,-3.4490144709946744,-1.9752982253344893,3.5648546222433963,2.1404366880694403,7.511371135233137,5.4215135702965425,-2.8705587281821345,2.6778767636441976,4.922605232864783,7.236402001836624,4.702681463103366,6.779527595190284,1.1401758644414408,1.856046405458781,1.1651928923242862,2.54146577509068,-4.516602781588645,-1.8879311518893713,-3.0954541153081307,-6.166390214194697,-8.179763784261004,0.0765296292677634,-0.43395750565619234,3.2559412767080853,5.091708923494028
2.9635423677271624,-1.389624433890345,-3.634640893617121,-6.668621344041512,0.6867761708069343,-2.8736291930659403,3.9005614636370245,3.2405082581010753,-0.6710993928407266,1.7568966520553146,0.927864922592618,2.3580619057258922,1.712981287199733,0.9260028640723854,3.2834988916676258,-6.649617633122503,-3.744131294519044,1.7574044209868234,-0.22055654793437457,-2.5773201027078163,-3.0429137731579186,-1.8480447254701977,4.700929010502213,3.7096349566754574,5.4215135702965425,5.711508068931692,-5.0828142935649705,3.078356496589827,6.356450196809984,6.061017123209863,3.733273132172339,6.996100107567864,-0.020794879294529,-0.10567188687850736,1.2220953706762239,3.279586615674465,-5.065494442979832,-1.9607141839039393,-2.6074754017831725,-7.482841896896062,-7.525316849881639,-0.3290244598143417,-0.13341700509755558,2.875638888690426,4.536330124059606
-1.6713592182670047,2.0794642133679915,5.957776659397484,5.552005371361884,-1.3459457227064846,1.4928888636855153,-2.74391094007789,-2.2865278878043105,0.10626714099501282,-1.1612689276273578,-0.44957039903303664,-1.7801607276208569,-1.52718437238066,-0.38001599777724676,-4.011504851504925,5.84244543563655,3.4360504592564047,-3.1940944509962956,-0.961158585716536,1.2777106284625237,2.8762473476598003,1.8901079026294836,-5.717363379373867,-5.125136748584356,-2.8705587281821345,-5.0828142935649705,6.840953941390372,-3.419090291878915,-7.95488137584399,-5.104487983621295,-2.6252782591605714,-6.785892348617028,1.2117173054868882,2.7027064719742313,-1.3712746797165063,-3.9637625646191776,5.067290198404516,1.7801843049608737,1.516771705745281,8.980973319400325,6.256299304113665,0.790858669709485,-0.16757997999105906,-2.23278934490521,-3.8755510447295047
1.388135559398863,-1.1986274525643914,-2.8997028305138017,-3.870039243051895,0.30147546350175924,-1.3703710374052374,2.0043498336402856,1.4920412642036436,-0.04789481284361497,1.1329800739711633,0.5819280864657325,1.2301569297607038,1.0201243539306173,0.7639519648073213,2.3369426437007954,-3.8400660525160126,-2.145224884604125,1.8453165796773974,-0.062472495914340856,-1.2607147485045944,-2.1872392191751366,-1.3599865154158632,3.3598069931891126,2.7649353336695772,2.6778767636441976,3.078356496589827,-3.419090291878915,2.211392107360801,4.853616851868465,4.01143550859373,2.2240166833277764,4.462204409808003,-0.4167822618153697,-1.213411392143828,1.0188851419862608,2.2695722765791952,-3.039236478919449,-1.1633532371327568,-1.0365900611735308,-5.481284192455483,-4.4124541078635,-0.3044236845791666,-0.04284906144187774,1.5889457405157938,2.7231223371533515
2.5548876406097496,-2.7658323854114104,-6.975956632964313,-7.963369058469521,0.8298380535764746,-2.4800754607894504,3.940720339272373,2.845100069642137,0.03779147437609409,2.289631070551353,1.096396726579333,2.471980809783928,2.09697700599934,1.4278216938358574,5.253347559253717,-7.969693800923438,-4.591873951864471,4.460154363215788,0.22066863927413388,-2.314385801475727,-4.692068667985089,-2.977513295650814,7.570098150459994,6.427679503279288,4.922605232864783,6.356450196809984,-7.95488137584399,4.853616851868465,11.013164296986037,8.376330281877976,4.403897517431719,9.509218771980015,-1.2677765521303608,-3.5149783903773235,2.2428501773072207,5.138404728711342,-6.515695539430509,-2.419581647976402,-1.8415042156304753,-12.367980492444122,-9.03806539672561,-0.8332144404395281,0.014382346888594657,3.207225809930514,5.685175828732205
3.6915801786398164,-1.642249661246703,-3.498242151697573,-8.419264932685193,-0.25013752710834736,-3.6967561264421978,4.815988527186239,3.3623428253889873,-0.6413513795765328,2.9168616325584815,1.5458159698786615,2.880747838937674,1.9691149872145073,1.9042259500218837,3.901576054117729,-7.90932205228865,-4.657873858584147,2.5585216321061583,-1.3804436093399295,-3.630569617390739,-4.656182223788026,-2.796163150776187,5.7342691279941445,4.189433973016962,7.236402001836624,6.061017123209863,-5.104487983621295,4.01143550859373,8.376330281877976,8.955245050483182,5.2376122848341735,8.731524427867797,0.23353477721124866,-0.5699254349444338,1.8963659795938648,3.959059001927684,-5.698423351147895,-2.2646208755256954,-2.6298984958820966,-9.81114962562314,-9.425695229101086,-0.3010048730823353,-0.3232190174042646,3.5536572796927803,5.996197744691775
2.42600279873709,-0.8090768899634667,-1.5639681951245819,-5.09360437876032,-0.1972498738105452,-2.4375820978148277,3.0374844521894184,2.2257167683483723,-0.49726215683783437,1.7353950438310854,0.9586910978184038,1.791134255332054,1.201061880025138,1.167529611281731,2.100567364264512,-4.772077728658222,-2.7264507218771827,1.1065442393629028,-0.9737152477523724,-2.3426861131485897,-2.636109902250765,-1.5443903298016983,3.078861453995322,2.112010687681643,4.702681463103366,3.733273132172339,-2.6252782591605714,2.2240166833277764,4.403897517431719,5.2376122848341735,3.2309770218289016,5.076818151558784,0.3778976640681053,0.3163814355880924,1.0198767559641917,2.126158448863742,-3.3347102484473083,-1.3612336481686325,-1.818515604040168,-5.2369913818959715,-5.7234465975233935,-0.06912754736698401,-0.2456670072258508,2.1896428361290505,3.5600189291536712
3.564769315767172,-2.160158090240312,-5.2455875142134305,-8.746378327410715,0.5400803268522805,-3.512287591650542,4.848954250143863,3.7110850494097716,-0.512681077292221,2.585663408216924,1.3539114404216772,2.9407598107373265,2.225028477689667,1.608540073609137,4.646170353150809,-8.589965806556627,-4.8679653323199705,3.1590832037725143,-0.4907266125884481,-3.2550425307802504,-4.582052982489138,-2.8077511325098006,6.7032824088769045,5.321196215383534,6.779527595190284,6.996100107567864,-6.785892348617028,4.462204409808003,9.509218771980015,8.731524427867797,5.076818151558784,9.530767221542536,-0.34069718147713296,-1.3153212993795003,1.9839107314150994,4.595229526608163,-6.5693971056871145,-2.548261337159792,-2.820753639603728,-10.964356798295695,-9.89716552439385,-0.5081843892979059,-0.1800474722245991,3.6837605063145453,6.1015393413493895
0.5979213819126702,0.5676253203720864,1.6160742533078514,-0.29309344129364157,-0.43613338901918325,-0.6073683759100456,0.4913098943488561,0.33107226966010245,-0.40496447964084226,0.275595113966229,0.18057850908524434,0.24916841595817255,-0.05836373062279043,0.12350259959794914,-0.621478796242779,-0.05695618120040774,-0.1399180115800864,-0.9653316698182611,-0.7134680067912038,-0.6582455444000863,0.05176305902898158,0.10371500561794528,-0.8410558279181135,-1.0287951950442826,1.1401758644414408,-0.020794879294529,1.2117173054868882,-0.4167822618153697,-1.2677765521303608,0.23353477721124866,0.3778976640681053,-0.34069718147713296,0.7366413835911345,1.4749954843983881,-0.21557889013057582,-0.5063795757338527,0.30548101730796184,0.06310819941720548,-0.45749840433581695,1.1849145350411259,-0.23398396684172476,0.22562655387745506,-0.14651866334961147,0.19760925566674714,0.19757922375365836
1.031800687200126,1.2589212901537543,3.4131376303617897,0.008288674666727436,-0.5854667324943109,-1.0514811032736067,0.7135961616695758,0.7213907821120358,-0.8075269327072014,0.14807173989035255,0.19495054016504135,0.32179518603933455,-0.16394536685603242,0.01242456135421502,-1.5661668559063107,0.29667494427070656,0.1556299941187386,-2.3762576608055923,-1.0924177187119846,-1.0139232436347896,0.7255687308381898,0.5951614437381413,-2.2154515982629905,-2.412927929976745,1.856046405458781,-0.10567188687850736,2.7027064719742313,-1.213411392143828,-3.5149783903773235,-0.5699254349444338,0.3163814355880924,-1.3153212993795003,1.4749954843983881,3.4224336519330194,-0.6739688919690244,-1.4054136335426457,0.8697989727087185,0.20272867741021627,-1.0223748513112267,3.5138146170079287,0.11449474774880758,0.526968980219875,-0.26468178199036846,0.19638324197537138,-0.15252284820831202
0.5378580270921277,-0.5792712941855701,-1.2852888471046937,-1.6441827294067888,0.028515557720897703,-0.5778365604146459,0.8061104841006937,0.5402227665860914,0.07612451713337728,0.5679602995667122,0.32297614005588243,0.4842185547189275,0.44972475593639555,0.4818464104489613,1.0258480141024569,-1.6225689340080063,-0.8459987364246849,0.9356933335000278,-0.08197045145626387,-0.5322471089226545,-1.048470196225918,-0.6590252944057443,1.4832171081182086,1.2272131626924603,1.1651928923242862,1.2220953706762239,-1.3712746797165063,1.0188851419862608,2.2428501773072207,1.8963659795938648,1.0198767559641917,1.9839107314150994,-0.21557889013057582,-0.6739688919690244,0.5471578691278067,0.959181083356141,-1.2618721652916391,-0.5166012816428317,-0.3555077640369025,-2.47597754845029,-1.921772127431703,-0.10692373049647502,-0.0334961858538238,0.6851113744183936,1.1800507762996966
1.3942030948218667,-1.2251586862548105,-3.265444010232475,-3.9956770778457473,0.5026851122788647,-1.302819299544216,2.07385443844758,1.5657421053364413,-0.15574391385373595,1.0701963337896794,0.4755035921543976,1.3084141316687925,1.0145826310494486,0.5176545171831648,2.50943997952399,-3.9937892638088868,-2.3992386468688873,1.93738647806343,0.12381170550476457,-1.2274939035408323,-2.181068821896792,-1.3781822461665383,3.6168679584471155,3.0491525969988436,2.54146577509068,3.279586615674465,-3.9637625646191776,2.2695722765791952,5.138404728711342,3.959059001927684,2.126158448863742,4.595229526608163,-0.5063795757338527,-1.4054136335426457,0.959181083356141,2.517391470331047,-3.2578459773347417,-1.175770378975389,-1.0796692769045604,-5.870495890659376,-4.4638451609023555,-0.42467081738796353,0.01575190926586573,1.6140608524662161,2.8308308456719917
-2.4522029681799498,1.4984547631243905,3.900858980168325,6.020956974821805,-0.6481010178832438,2.366212539125839,-3.3625274688387843,-2.701536896130065,0.43426122662297445,-1.6128345462625273,-0.8161696159756575,-2.057757484995331,-1.551838133519958,-0.869090361742551,-3.274707643750374,6.012289791967961,3.433233405269759,-2.114389533772097,0.06811609447154948,2.1468390659914793,2.9718588139722835,1.8349824069892084,-4.699159164735599,-3.8173595445263793,-4.516602781588645,-5.065494442979832,5.067290198404516,-3.039236478919449,-6.515695539430509,-5.698423351147895,-3.3347102484473083,-6.5693971056871145,0.30548101730796184,0.8697989727087185,-1.2618721652916391,-3.2578459773347417,4.692905612681729,1.782640227946299,2.0703892958260766,7.547188683994455,6.791577739033051,0.4105823173242481,0.07381119474956212,-2.5401232859853335,-4.15723663970526
-0.990686661419045,0.5654950086796222,1.3782584466707157,2.3483650787260264,-0.18951184697305085,0.9894229956264785,-1.3266317602624635,-1.0703946294555249,0.1501911283496306,-0.6654821752896495,-0.3741759029397499,-0.795192610102683,-0.6218026041102759,-0.43725161991359646,-1.2117869487730495,2.343075811850426,1.2665056672556396,-0.7625274458251133,0.09359525627579475,0.8807707851857431,1.1610773421049776,0.7102944352451068,-1.7331717423574284,-1.382080626710623,-1.8879311518893713,-1.9607141839039393,1.7801843049608737,-1.1633532371327568,-2.419581647976402,-2.2646208755256954,-1.3612336481686325,-2.548261337159792,0.06310819941720548,0.20272867741021627,-0.5166012816428317,-1.175770378975389,1.782640227946299,0.712090698992415,0.8417116937151955,2.788880546667114,2.687774805293308,0.10733493801426304,0.054066109390613855,-1.013171619398729,-1.6082849684252185
-1.6929030178186104,0.23878769384905232,0.6158082406189807,3.0818871907440597,-0.13534885815413553,1.6587323057340788,-2.0333841230452614,-1.7208288927415007,0.5761894816759283,-0.8677625273698809,-0.49056885732309036,-1.1967170907146656,-0.7347684513473871,-0.42002951726065,-1.0227000795328305,2.9827811526226675,1.7003170402413852,-0.06707310357855295,0.4398822906247292,1.5162895996973442,1.1806306781731333,0.6743065144847494,-1.4799350498163824,-0.9664278485543248,-3.0954541153081307,-2.6074754017831725,1.516771705745281,-1.0365900611735308,-1.8415042156304753,-2.6298984958820966,-1.818515604040168,-2.820753639603728,-0.45749840433581695,-1.0223748513112267,-0.3555077640369025,-1.0796692769045604,2.0703892958260766,0.8417116937151955,1.5309536883626054,2.3705877102747506,3.438952014001978,-0.008116330408206224,0.14150456461636662,-1.396258753133053,-2.0595519402095257
-3.244006857422969,2.9692143654749,7.564161039813869,9.452562284564896,-0.8725732911380987,3.1217067392946034,-4.840319966275682,-3.496931745345912,0.19733858305178761,-2.751734712550237,-1.2995520007363182,-3.027291942390968,-2.4066972691322386,-1.5849178458578965,-5.913635647454563,9.368070835300399,5.533775801438354,-4.790106258495615,-0.031203992723644398,2.9722862678209436,5.423753589866867,3.4213044233093384,-8.54925484424858,-7.149465575144136,-6.166390214194697,-7.482841896896062,8.980973319400325,-5.481284192455483,-12.367980492444122,-9.81114962562314,-5.2369913818959715,-10.964356798295695,1.1849145350411259,3.5138146170079287,-2.47597754845029,-5.870495890659376,7.547188683994455,2.788880546667114,2.3705877102747506,14.037223579307138,10.635058350393594,0.9288063914547532,0.018591477148111848,-3.8296087659914853,-6.752591884454141
-4.311201719497198,1.8545637369957246,4.293362245281892,9.573640018884634,-0.2726778814885531,4.265030968701699,-5.584854711145299,-4.294530558970112,0.8691194856816841,-2.93645220919258,-1.5808274248591732,-3.341611470735022,-2.3536171649783366,-1.8129863548325313,-4.447958627954706,9.244681164162058,5.266996110268656,-2.535158553941646,1.0618918752153774,3.994236469737272,4.7891677924242515,2.8691645962664505,-6.44532352083604,-4.822586704692115,-8.179763784261004,-7.525316849881639,6.256299304113665,-4.4124541078635,-9.03806539672561,-9.425695229101086,-5.7234465975233935,-9.89716552439385,-0.23398396684172476,0.11449474774880758,-1.921772127431703,-4.4638451609023555,6.791577739033051,2.687774805293308,3.438952014001978,10.635058350393594,10.780129788493054,0.34083114094469275,0.314101189519271,-4.099816047684577,-6.6397414041614855
0.006225642607790746,0.2245357027722745,0.7366738941770545,0.32990638641799014,-0.18688312487594577,-0.047483369615593726,-0.10027117310868934,-0.06971859810656046,-0.0241122055646467,-0.027829061117547252,0.03592648023843802,-0.0916212187237014,-0.0850820067472511,0.0765613362003707,-0.4081877902728231,0.3737624319806651,0.2910841926846265,-0.4139300951185563,-0.20614218290684355,-0.03520900751376935,0.2171790202527844,0.16072393537024732,-0.5872274461703781,-0.5815967849121596,0.0765296292677634,-0.3290244598143417,0.790858669709485,-0.3044236845791666,-0.8332144404395281,-0.3010048730823353,-0.06912754736698401,-0.5081843892979059,0.22562655387745506,0.526968980219875,-0.10692373049647502,-0.42467081738796353,0.4105823173242481,0.10733493801426304,-0.008116330408206224,0.9288063914547532,0.34083114094469275,0.13589854852283606,-0.05435828316505295,-0.10196049392886404,-0.25525572053076384
-0.21018674793158076,-0.04741813464571387,-0.24457050036294983,0.27767929971054256,0.12637284606978966,0.22609816262204668,-0.2101173538188431,-0.13943758183857768,0.0595359442198568,-0.14603499161973918,-0.09832177833375706,-0.11046398510568398,-0.05192813036906016,-0.13424960284815765,0.019901841192171178,0.21400372491613487,0.10652062592392471,0.09971065967502758,0.20566098452441114,0.22480828164159108,0.13708400409734028,0.063157426392327,0.019277234357490187,0.10671302224848728,-0.43395750565619234,-0.13341700509755558,-0.16757997999105906,-0.04284906144187774,0.014382346888594657,-0.3232190174042646,-0.2456670072258508,-0.1800474722245991,-0.14651866334961147,-0.26468178199036846,-0.0334961858538238,0.01575190926586573,0.07381119474956212,0.054066109390613855,0.14150456461636662,0.018591477148111848,0.314101189519271,-0.05435828316505295,0.04785219931924287,-0.132194122096545,-0.1900211407733631
1.7166439934160298,-0.606805007606863,-1.418900690872158,-3.655259175694959,0.07687410550558658,-1.7003049281783646,2.1905509401644747,1.6906745355178507,-0.4102037370529387,1.1377137844048566,0.6165127770477457,1.3061126784875083,0.879871906066634,0.6688921590162338,1.5855032754607297,-3.515108847322713,-2.027264840296427,0.7976630472975537,-0.4633342267441349,-1.6009763274407296,-1.7714357319405507,-1.0584232944361303,2.3078788335727713,1.688800926446637,3.2559412767080853,2.875638888690426,-2.23278934490521,1.5889457405157938,3.207225809930514,3.5536572796927803,2.1896428361290505,3.6837605063145453,0.19760925566674714,0.19638324197537138,0.6851113744183936,1.6140608524662161,-2.5401232859853335,-1.013171619398729,-1.396258753133053,-3.8296087659914853,-4.099816047684577,-0.10196049392886404,-0.132194122096545,1.5867318723901338,2.5346853021162037
2.687352469741296,-1.0763261938720428,-2.5442199560816072,-5.976304110615366,0.06631644654045092,-2.6309048720456625,3.4985220563302177,2.5761856408041695,-0.6159076110074793,1.9108444437447618,0.9764070921811072,2.110321780649458,1.3915669028327449,1.0720370658200469,2.7409765898921195,-5.684330193711648,-3.416741369531276,1.5894912741430591,-0.7813045588681768,-2.5555080694544117,-3.07099183122322,-1.8488020028817598,4.0155464294625025,2.9728944484332014,5.091708923494028,4.536330124059606,-3.8755510447295047,2.7231223371533515,5.685175828732205,5.996197744691775,3.5600189291536712,6.1015393413493895,0.19757922375365836,-0.15252284820831202,1.1800507762996966,2.8308308456719917,-4.15723663970526,-1.6082849684252185,-2.0595519402095257,-6.752591884454141,-6.6397414041614855,-0.25525572053076384,-0.1900211407733631,2.5346853021162037,4.215509779951198
