V1,V2,V3,V4,V5,V6,V7,V8,V9,V10,V11,V12,V13,V14,V15,V16,V17,V18,V19,V20,V21,V22,V23,V24,V25,V26,V27,V28,V29,V30,V31,V32,V33,V34,V35,V36,V37,V38,V39,V40,V41,V42,V43,V44,V45
1.092263361097154,0.174548638888323,-0.6000194094530368,-0.56559378605055,0.2600137466398118,-0.5947712952692117,0.9501330058502421,0.2866300428915255,0.006632132841506637,0.06963184407377503,-0.2380286316597218,0.32813834718165885,-0.2602995456774496,-0.15683839842396355,0.7001167292940881,0.4295355193945901,0.086432576701241,0.09637445744482852,0.1815846304771261,-0.18297712721282194,0.6241554431276524,-0.12940485484180267,-0.40118427943302765,0.4780209280310135,0.32959607571881866,0.6959857802680608,0.21748561894628343,0.41074014739447023,1.3853012247138843,0.4753670678814542,0.5337212090886493,-0.4511177288754876,0.034350892034585474,-0.005406479438217627,0.6894506958664016,0.06757002569830407,-0.37529456656144994,0.4065957785030209,-0.3692844337408163,-0.9592166879770648,-0.32409755306517707,0.8453028039435009,-0.9322834559852545,0.08348545509003534,-0.996426024777076
0.174548638888323,0.5363295658406123,-0.46215769489935393,-0.6430634560231447,0.04525079484934508,-0.4214226039504166,-0.17245249137309246,0.7343328767710896,-0.43677465749746197,0.5159372272275629,0.19210155979559296,-0.20109589674533918,-0.4742444790640474,0.22328486538941797,0.2858880508380323,0.20435065781692277,-0.45721978411594194,-0.03743415048447849,1.1011467914108612,-0.10456539740697457,0.30990610246524364,-0.38808515700752594,-0.16894233684508872,0.4843898794371489,0.5204617590471692,-0.3373778290610826,-0.10972702651229,-0.24737488837544303,-0.27740918285965244,-0.44634939690294934,0.014367148387030904,-0.25752678784772365,0.3758615562052092,-0.1752797598699847,0.2209258426602134,0.29909166861949343,-0.27682012113195026,-9.778433995724699e-4,-0.4716996104728737,-0.025132165286008326,0.10602161081931852,-0.2161724989718383,-0.5462021986885877,0.3580675176599722,-0.25470066582591316
-0.6000194094530368,-0.46215769489935393,1.0074553544063918,0.665904506578793,-0.55639867434096,0.4286534036607558,-0.18367344765983631,-0.5921654576361908,0.5569480485999058,-0.29778111114619027,0.12451736989374297,-0.025640655482368102,0.5622366253660854,-0.1725311764520992,-0.9668709111474357,0.07332293230152223,0.22364171091215687,-0.4373121184108119,-0.8835646453141182,-0.15459200169422835,-0.4758577336344529,0.525612942403545,0.6206125908691462,-0.7154209383785504,-0.054333129902843356,-0.4294777254114092,0.13663450295704774,0.050341563639464196,-0.20641179073727298,0.09731768060328976,-0.7411081112493931,0.15457831750653298,-0.44686984572524413,0.42290276531937143,-0.41331953069828864,-0.09308143469257604,0.3458910875695155,-0.3169833837063056,0.20507149781260367,0.3875994880325968,-0.4440901688769473,-0.6162882176138864,0.839198603398512,-0.8126407475959903,0.9999263883337371
-0.56559378605055,-0.6430634560231447,0.665904506578793,0.9047951540495247,-0.083691830826275,0.6801726186455804,-0.14127148108044282,-0.8988724549431604,0.46270600316798977,-0.5902632309740121,-0.13520240214324863,0.14178497970102402,0.5656335793043704,-0.20780986869168583,-0.5257283439331502,-0.3959714953505928,0.4713207436731748,0.03458541187254307,-1.2615313243075845,0.19410445791969438,-0.5385626794082992,0.46930238942845676,0.3097546092314888,-0.6730513592595145,-0.7190982129910718,0.15167389340653434,0.039781359995106895,0.14445019897068379,-0.19529201013925376,0.3358450825079394,-0.12950217551872592,0.41060282149575916,-0.3733822641455311,0.14056724751540559,-0.5249662764548285,-0.36903556515643693,0.4091810665565004,-0.12947809014968759,0.6340720409578231,0.37887240818926265,0.02715354031537856,-0.026310828671100375,0.8907758449378294,-0.3629847893597039,0.5902353847449503
0.2600137466398118,0.04525079484934508,-0.55639867434096,-0.083691830826275,0.5661984140429865,0.04076404574822523,0.1349481794567166,-0.02672774450832604,-0.03545893305778037,-0.13600797744329152,-0.07202567127794049,0.2707417601273636,-0.4072240213524154,-0.21424230390570914,0.3770501906788258,-0.2592031160851396,0.03664776800973032,0.45866287686883495,0.0039371936755038485,0.3166211249775369,0.20501964251514218,-0.11165225342397954,-0.24816242292677995,0.2363261401092994,-0.5811167374023947,0.6457039380390853,-0.007452681216015203,0.11357280902853967,0.03069883557722782,0.06747426134071058,0.8647859537113598,-0.08793366908884792,0.31155384034882755,-0.46019606238220767,-0.1931819090124933,-0.28074713665714274,-0.19012656856021695,0.13879280435434652,0.027140294786718713,0.14514838862072488,0.3105880141352418,0.6110672740415805,-0.3233050898491512,0.6015343813110213,-0.619767698073236
-0.5947712952692117,-0.4214226039504166,0.4286534036607558,0.6801726186455804,0.04076404574822523,0.613620853286713,-0.351992414409962,-0.6637438333014652,0.3285092073655348,-0.46025702184997747,0.02533623746603347,0.04617784309143638,0.26162754701279206,-0.18965375633112064,-0.4853708386859795,-0.4675424967389908,0.24846259325102435,0.18407615351161882,-0.8274874484336401,0.33566407211604565,-0.46171674258587375,0.2765730025850939,0.2619530665075895,-0.5079344097930115,-0.8304220457297727,0.17582149700991517,-0.029563050218348357,-0.04177867069138015,-0.5800495147262479,0.0018465031349231577,0.07704200872369875,0.40098324321270723,-0.17082414568817653,-0.06310681249241051,-0.6096168828924204,-0.38769316281394844,0.3141618367140889,-0.20007347454868393,0.5232466228711306,0.682289269792765,0.2042104418087377,-0.05597845236212118,0.756102651611456,-0.0434655731583282,0.4463324864426486
0.9501330058502421,-0.17245249137309246,-0.18367344765983631,-0.14127148108044282,0.1349481794567166,-0.351992414409962,1.0973688449632206,-0.13055835783197026,0.3481175056210131,-0.17154103103284185,-0.3270728907618306,0.5425330569988939,0.029010745828617745,-0.35412557268830563,0.3567137721262968,0.47374840562642406,0.35579761648462005,-0.10230132338680159,-0.513294094883662,-0.29984507904259206,0.4670805885412484,0.24551113751523673,-0.14833788032978032,0.14199803571050476,0.25721479946516246,0.6462880866127073,0.3454170175634029,0.6613112224215617,1.613084847273169,0.8294269523383043,0.36352530512042897,-0.5149254334011919,-0.1387486965666187,0.1406512182157397,0.44614081454436516,-0.03761220633923794,-0.26778912887500317,0.37154849132364515,-0.27565468875255367,-0.9764656753088031,-0.5898777020790058,0.7719495034001821,-0.6335034703151143,-0.3104486166698775,-0.6415309641791512
0.2866300428915255,0.7343328767710896,-0.5921654576361908,-0.8988724549431604,-0.02672774450832604,-0.6637438333014652,-0.13055835783197026,1.1033916713238303,-0.6838383843765713,0.8410790851996162,0.16542658539098368,-0.22002780225797666,-0.5589604889844595,0.38866311835169387,0.4671221736826609,0.45021800471340034,-0.5991036528638697,-0.2803991939043081,1.556559963833625,-0.38649782127282156,0.48164169902239584,-0.464673656262431,-0.231887438180902,0.7160571108329153,1.1311729492886544,-0.7682713284295534,-0.1373238893839341,-0.22105708336277358,-0.1622945672850321,-0.42429511824184746,-0.21020223857462456,-0.5363498852626831,0.5530467066003124,-0.1478153661753567,0.39914308340396454,0.5934078902628744,-0.4297051763026049,0.07358425140844096,-0.7943443209426913,-0.3572117243897695,0.014855626128148716,-0.44147069054003907,-0.8630232082418539,0.32559008954831015,-0.23734802763079726
0.006632132841506637,-0.43677465749746197,0.5569480485999058,0.46270600316798977,-0.03545893305778037,0.3285092073655348,0.3481175056210131,-0.6838383843765713,1.0148801823250067,-0.5502025494120527,0.23927928797044207,0.5030463274581061,-0.0751191906622053,-0.8335442316670709,-0.971474301248525,0.15507020847610614,0.2526636089995937,-0.06897638122002465,-1.0772555659206817,0.10098766618079702,-0.04075839337548073,0.6209877063730919,0.6371924420213505,-0.5545808146952688,-0.7292675514906015,0.5697740117705643,0.41233873543688815,0.38205088918243757,0.27941048686612163,0.224009150778904,0.35378816718606865,-0.29973738518040305,-0.1785327845127625,-0.027932664729439234,-0.7160724805129383,-0.5465292450380603,-0.03131714617127162,-0.2638138537471566,-0.1113961051747395,0.6641779780951069,-0.6502415138674592,0.16271735955621977,0.29886769161415233,-0.42580435475347894,0.2450346962353043
0.06963184407377503,0.5159372272275629,-0.29778111114619027,-0.5902632309740121,-0.13600797744329152,-0.46025702184997747,-0.17154103103284185,0.8410790851996162,-0.5502025494120527,0.7097523872510807,0.10398955245334862,-0.17134626232388922,-0.31357014828064783,0.3580660017303982,0.25857367844094953,0.402073528924883,-0.44367732554557193,-0.401236805791416,1.156005031377485,-0.4383325549353715,0.30059407506852764,-0.26482023295791474,-0.08808731348987676,0.4831273254229599,1.0903561203847278,-0.908822561777446,-0.11797679057993458,-0.1424047853585827,-0.1878669418835246,-0.26255158144082386,-0.41388962523991585,-0.47148356283891285,0.4317561024631103,-0.039095915323897015,0.24166776801160092,0.5590761563466058,-0.29905221723382436,0.032286380599441965,-0.65353252988511,-0.32602680745784623,-0.053002824272090354,-0.5815157072523067,-0.5713503467155994,0.09389738861652804,0.07864631675098079
-0.2380286316597218,0.19210155979559296,0.12451736989374297,-0.13520240214324863,-0.07202567127794049,0.02533623746603347,-0.3270728907618306,0.16542658539098368,0.23927928797044207,0.10398955245334862,0.4639865969250316,-0.026851216764239575,-0.4365101622201979,-0.2692492972568534,-0.6283445874413768,0.11153952880918767,-0.33629468735893703,-0.06871209063186791,0.33113390751474253,0.08409660413453482,0.03326448351224247,0.040873221738978324,0.3949565677492664,-0.0695686893106728,-0.16332432132042068,-0.15851540829465582,0.07336999200269143,-0.19113270254529657,-0.6600339623304602,-0.5333052019144806,0.07727607609365934,-0.22742740842379802,0.22096153357169446,-0.19575242197536383,-0.5027767032271727,-0.11743910635981165,-0.13770612772441188,-0.3449985302897883,-0.3668493386278545,0.8338136877781533,-0.17097959457669204,-0.39935449602558637,0.02946501373488082,0.0753242347440428,0.25442060000932776
0.32813834718165885,-0.20109589674533918,-0.025640655482368102,0.14178497970102402,0.2707417601273636,0.04617784309143638,0.5425330569988939,-0.22002780225797666,0.5030463274581061,-0.17134626232388922,-0.026851216764239575,0.6851662206600492,-0.3055426430491021,-0.6155419966009633,-0.24984780052985875,0.27870364651732915,0.19031545421865184,-0.14263058335479098,-0.5262887003343306,-0.1643834369244673,0.30259261532683907,0.45317504316480534,0.26496707455696267,-0.04424338959476446,-0.11563001842286616,0.284323708972923,0.3151077576638273,0.573103314170328,0.596594600700532,0.5103918287198826,0.5266308746436398,-0.7200040212336941,0.27302465635192535,-0.2557226108864668,-0.4992457203388122,-0.2332723504442104,-0.3324348381876367,0.05166995660864236,-0.4489589748434298,0.0053642023458395655,-0.4828849420966933,0.2823468784716369,-0.3563295956267395,-0.09285309079375541,-0.1295238892668937
-0.2602995456774496,-0.4742444790640474,0.5622366253660854,0.5656335793043704,-0.4072240213524154,0.26162754701279206,0.029010745828617745,-0.5589604889844595,-0.0751191906622053,-0.31357014828064783,-0.4365101622201979,-0.3055426430491021,1.0437337148081895,0.4437181321313172,0.1710271325351839,-0.2440014705088575,0.4822022647252247,-0.08852604205390951,-0.82414907130463,-0.06438939018775626,-0.5183281422647156,0.10011856905043408,-0.16305118255202014,-0.41942893704900686,0.08049487762378112,-0.10600954717979283,-0.1238096266034017,-0.014128769949292729,0.37804710836236566,0.4439168836278569,-0.7767987744016867,0.7651448823087333,-0.7421036709677622,0.640025636687564,0.5428395444408001,0.11919644787120691,0.5754338190396151,0.15565831816301132,0.8373506179499823,-0.6675802657533397,0.12569205445118986,-0.001500257958938374,0.7407631385128298,-0.5922077816018791,0.39617471229412254
-0.15683839842396355,0.22328486538941797,-0.1725311764520992,-0.20780986869168583,-0.21424230390570914,-0.18965375633112064,-0.35412557268830563,0.38866311835169387,-0.8335442316670709,0.3580660017303982,-0.2692492972568534,-0.6155419966009633,0.4437181321313172,0.8604675009965839,0.7414471584912117,-0.19088262670361994,-0.09583416418841555,-7.551959356438463e-4,0.6560911484082942,-0.09481979720274529,-0.18986895708087378,-0.4972334804490142,-0.5216769027155035,0.264261365896796,0.6373925127863929,-0.5563481012071286,-0.38453403009680076,-0.4067067225202051,-0.20350451428398053,-0.15548231425985154,-0.6725166643476063,0.5760072421053802,-0.17520096988945877,0.30757105514024025,0.7961800956693357,0.502245904617418,0.2657668587225461,0.20235915705864596,0.38805614869486793,-0.6776076394649789,0.5455239085550854,-0.23926315593276606,0.09038920055317275,0.0831063598367071,0.02228788359926065
0.7001167292940881,0.2858880508380323,-0.9668709111474357,-0.5257283439331502,0.3770501906788258,-0.4853708386859795,0.3567137721262968,0.4671221736826609,-0.971474301248525,0.25857367844094953,-0.6283445874413768,-0.24984780052985875,0.1710271325351839,0.7414471584912117,1.6557979998315389,-0.21672496442316522,0.09914961251687787,0.4350296815730345,0.6515408979924462,0.025253606629213703,0.2744130162188395,-0.6859096147766331,-1.0882389416382225,0.7293808075347744,0.4341491736222477,0.3571281484760485,-0.3165254402819038,-0.0509702982503212,0.7831684167952373,0.3331018142072294,0.22532557062548977,0.3839569762306744,-0.011095963233243118,0.03480326952525553,1.2253751048088435,0.3773396755551257,-0.014194264082958277,0.6555970964055754,0.37122772011959415,-1.3956535328080775,0.6987442657034428,0.8200884675285908,-0.6510361277379308,0.5665368072756605,-1.0754004611178527
0.4295355193945901,0.20435065781692277,0.07332293230152223,-0.3959714953505928,-0.2592031160851396,-0.4675424967389908,0.47374840562642406,0.45021800471340034,0.15507020847610614,0.402073528924883,0.11153952880918767,0.27870364651732915,-0.2440014705088575,-0.19088262670361994,-0.21672496442316522,0.7995308039046682,-0.17197056311677755,-0.6439438543412687,0.3759396056705643,-0.6372768506538842,0.44769064025838423,0.21869923809563876,0.26979182512901145,0.19578033991293078,1.0285268861520707,-0.5394515702245982,0.26533961376929943,0.3389478434293611,0.6811300566471183,0.2152885648534665,-0.3186974023191774,-0.88322417807987,0.21144073587817272,0.13310880732418204,0.10045254316364124,0.3474680494647603,-0.4031438396188834,0.017269304883619715,-0.8880396594101796,-0.45852274331147547,-0.7763486041225914,-0.35035973442317736,-0.6317262161586699,-0.45127618045319584,0.11199394591770902
0.086432576701241,-0.45721978411594194,0.22364171091215687,0.4713207436731748,0.03664776800973032,0.24846259325102435,0.35579761648462005,-0.5991036528638697,0.2526636089995937,-0.44367732554557193,-0.33629468735893703,0.19031545421865184,0.4822022647252247,-0.09583416418841555,0.09914961251687787,-0.17197056311677755,0.4809852165552394,0.1039208973013284,-0.9446840204759672,0.06407109323883481,-0.18094364244742694,0.24936219108404853,-0.07388185308152198,-0.29039211573379015,-0.3575977905095685,0.45248113110678095,0.07897776954652963,0.2893952530961642,0.5994811123525992,0.5686048547684109,0.05838604639670632,0.2606962243494429,-0.37543513005907747,0.19588236849667387,0.09991407167595084,-0.20193307055403067,0.22646564971671929,0.17057152099806194,0.47903228462403324,-0.36848732660007893,-0.03362876593286028,0.44411232314872945,0.30794541475426107,-0.2652122760295491,-0.04559212370127442
0.09637445744482852,-0.03743415048447849,-0.4373121184108119,0.03458541187254307,0.45866287686883495,0.18407615351161882,-0.10230132338680159,-0.2803991939043081,-0.06897638122002465,-0.401236805791416,-0.06871209063186791,-0.14263058335479098,-0.08852604205390951,-7.551959356438463e-4,0.4350296815730345,-0.6439438543412687,0.1039208973013284,0.8340151561709038,-0.17562005114251372,0.710851925340762,-0.1147457594907681,-0.34393550200819456,-0.4143799354689335,0.04809433667224368,-1.1346931715216861,1.071459389122008,-0.14493643546387666,-0.24054539475211675,-0.22624730440478583,-0.21332490731934184,0.7950663646853767,0.6835317000468611,-0.1369113953296499,-0.2609605924763262,0.10529634656907981,-0.44359927071405386,0.17930179547915084,0.08394980631133235,0.6729306632053402,0.3281587497605345,0.65785637661026,0.8154625308223244,0.16514856909840545,0.6528654914865819,-0.6956324928853707
0.1815846304771261,1.1011467914108612,-0.8835646453141182,-1.2615313243075845,0.0039371936755038485,-0.8274874484336401,-0.513294094883662,1.556559963833625,-1.0772555659206817,1.156005031377485,0.33113390751474253,-0.5262887003343306,-0.82414907130463,0.6560911484082942,0.6515408979924462,0.3759396056705643,-0.9446840204759672,-0.17562005114251372,2.344086505208899,-0.29678151719077717,0.5320153129869438,-0.8269419495736038,-0.3816750343628872,0.9901340294353169,1.2800053661566155,-1.0099723619842707,-0.3205954777006773,-0.5774114749581147,-0.7262526150095824,-0.9183392163777087,-0.2346195106940963,-0.4432092505397216,0.7672242075142748,-0.28700007066210276,0.503986706224699,0.7556270140314635,-0.4898968770960336,0.009947065607102158,-0.9001301997312091,-0.1541282805514293,0.3214570364824641,-0.6564945631229844,-1.0132038912404437,0.6861261556109467,-0.32924135088783474
-0.18297712721282194,-0.10456539740697457,-0.15459200169422835,0.19410445791969438,0.3166211249775369,0.33566407211604565,-0.29984507904259206,-0.38649782127282156,0.10098766618079702,-0.4383325549353715,0.08409660413453482,-0.1643834369244673,-0.06438939018775626,-0.09481979720274529,0.025253606629213703,-0.6372768506538842,0.06407109323883481,0.710851925340762,-0.29678151719077717,0.7063874545480909,-0.25299447538636416,-0.2041984604905022,-0.15301366371578956,-0.15302780810966843,-1.2054634220545721,0.868781991844468,-0.11669448456941325,-0.29769435170177516,-0.5499581365080138,-0.3483631621277053,0.6240962855442045,0.6763295470670979,-0.15745604262839108,-0.23484053510423913,-0.18240568436353316,-0.49504759642091273,0.23945069983893574,-0.09629919562082183,0.6438146985856927,0.6909684836657706,0.5524459478494815,0.5140851444613547,0.4153822561325428,0.5023483959327629,-0.3365335666108203
0.6241554431276524,0.30990610246524364,-0.4758577336344529,-0.5385626794082992,0.20501964251514218,-0.46171674258587375,0.4670805885412484,0.48164169902239584,-0.04075839337548073,0.30059407506852764,0.03326448351224247,0.30259261532683907,-0.5183281422647156,-0.18986895708087378,0.2744130162188395,0.44769064025838423,-0.18094364244742694,-0.1147457594907681,0.5320153129869438,-0.25299447538636416,0.5527446734453438,-0.060653922957027484,-0.09416804367606471,0.4448320308623016,0.469857551753771,0.07639670593654374,0.15769767269848095,0.25876794324685204,0.5830040481087021,0.12475039404455547,0.37047355924374575,-0.6885357993344562,0.38012511806991167,-0.2076873775092713,0.14374515215115782,0.13855895200479884,-0.46462560217521554,0.15503134878538752,-0.6738588177534484,-0.3639344130985614,-0.3090688727378221,0.2209319016399959,-0.8343926963132898,0.16464774564383577,-0.5091452338582859
-0.12940485484180267,-0.38808515700752594,0.525612942403545,0.46930238942845676,-0.11165225342397954,0.2765730025850939,0.24551113751523673,-0.464673656262431,0.6209877063730919,-0.26482023295791474,0.040873221738978324,0.45317504316480534,0.10011856905043408,-0.4972334804490142,-0.6859096147766331,0.21869923809563876,0.24936219108404853,-0.34393550200819456,-0.8269419495736038,-0.2041984604905022,-0.060653922957027484,0.5952343705029675,0.5149471715663381,-0.4138092373670425,-0.08979289227312917,-0.08211109486056888,0.27639350858332934,0.41644486524737445,0.26152833333648257,0.40431384380897006,-0.05594362658645737,-0.4119046079416033,-0.03576063766935714,0.044595189224559385,-0.5826898465967847,-0.1967259895504198,-0.038386572254638346,-0.13470455611247656,-0.19537193096420985,0.21401567993750842,-0.5500885183496043,-0.16795621681291914,0.2180561317807236,-0.49383271514231486,0.4771591022187661
-0.40118427943302765,-0.16894233684508872,0.6206125908691462,0.3097546092314888,-0.24816242292677995,0.2619530665075895,-0.14833788032978032,-0.231887438180902,0.6371924420213505,-0.08808731348987676,0.3949565677492664,0.26496707455696267,-0.16305118255202014,-0.5216769027155035,-1.0882389416382225,0.26979182512901145,-0.07388185308152198,-0.4143799354689335,-0.3816750343628872,-0.15301366371578956,-0.09416804367606471,0.5149471715663381,0.752399882839588,-0.4284604386060258,-0.07899279256507138,-0.3761152771886355,0.24634661966802676,0.13640463398183728,-0.39512771164020094,-0.1192024407419542,-0.17947743231109956,-0.45826316039677356,0.10293490786471253,-0.03995734592419327,-0.8389834917218525,-0.17697168396146362,-0.08233196671837235,-0.40345979897939016,-0.41699390781774787,0.8053498175815252,-0.5732595061504118,-0.6048922200138114,0.29344816097772686,-0.42525838414131467,0.737692959463128
0.4780209280310135,0.4843898794371489,-0.7154209383785504,-0.6730513592595145,0.2363261401092994,-0.5079344097930115,0.14199803571050476,0.7160571108329153,-0.5545808146952688,0.4831273254229599,-0.0695686893106728,-0.04424338959476446,-0.41942893704900686,0.264261365896796,0.7293808075347744,0.19578033991293078,-0.29039211573379015,0.04809433667224368,0.9901340294353169,-0.15302780810966843,0.4448320308623016,-0.4138092373670425,-0.4284604386060258,0.6428057228460488,0.5915090431040483,-0.11634091657179689,-0.10538197638413938,-0.042846675941206745,0.22327719558972636,-0.09138853931076532,0.21853714842262947,-0.3186202512033377,0.398555087755178,-0.20318703212838443,0.45501960231860994,0.32834291461295967,-0.3393818162161949,0.24245353765771616,-0.41776686736094903,-0.5196178870565612,0.17076033576890248,0.15915560040915303,-0.7910483881724932,0.44743309608014553,-0.5970942038728396
0.32959607571881866,0.5204617590471692,-0.054333129902843356,-0.7190982129910718,-0.5811167374023947,-0.8304220457297727,0.25721479946516246,1.1311729492886544,-0.7292675514906015,1.0903561203847278,-0.16332432132042068,-0.11563001842286616,0.08049487762378112,0.6373925127863929,0.4341491736222477,1.0285268861520707,-0.3575977905095685,-1.1346931715216861,1.2800053661566155,-1.2054634220545721,0.469857551753771,-0.08979289227312917,-0.07899279256507138,0.5915090431040483,2.4337818311971877,-1.7508677728167772,-0.03213512057128987,0.17272538875826843,0.6840182989756333,0.2718549698153679,-1.276207796565752,-0.9253704340862623,0.32874004698905385,0.4393745567565341,0.7793861773147165,1.1459877463673294,-0.3894537408342718,0.24744189872295627,-1.063836434133331,-1.4255801954942462,-0.5912346577513381,-0.9975123079513193,-0.883693170931623,-0.5963090836010774,0.3974762739800095
0.6959857802680608,-0.3373778290610826,-0.4294777254114092,0.15167389340653434,0.6457039380390853,0.17582149700991517,0.6462880866127073,-0.7682713284295534,0.5697740117705643,-0.908822561777446,-0.15851540829465582,0.284323708972923,-0.10600954717979283,-0.5563481012071286,0.3571281484760485,-0.5394515702245982,0.45248113110678095,1.071459389122008,-1.0099723619842707,0.868781991844468,0.07639670593654374,-0.08211109486056888,-0.3761152771886355,-0.11634091657179689,-1.7508677728167772,2.138231636344921,0.18370904567965812,0.17999333624608752,0.7564649949116684,0.24190497291963378,1.419724948023532,0.5759313388576041,-0.416266400487196,-0.23886831039081763,0.1519888770437264,-0.8762565357045244,0.11008498023514529,0.19957896572597328,0.754864448494684,0.1835017370037366,0.26535908352510246,1.6465592036543164,0.027607023846497134,0.4973035164567796,-1.225608373991071
0.21748561894628343,-0.10972702651229,0.13663450295704774,0.039781359995106895,-0.007452681216015203,-0.029563050218348357,0.3454170175634029,-0.1373238893839341,0.41233873543688815,-0.11797679057993458,0.07336999200269143,0.3151077576638273,-0.1238096266034017,-0.38453403009680076,-0.3165254402819038,0.26533961376929943,0.07897776954652963,-0.14493643546387666,-0.3205954777006773,-0.11669448456941325,0.15769767269848095,0.27639350858332934,0.24634661966802676,-0.10538197638413938,-0.03213512057128987,0.18370904567965812,0.2359044460492229,0.2833365969650772,0.40781152532979276,0.20895560693491427,0.16108453519590152,-0.37353043860745677,0.009769269938593263,-0.010417707928577742,-0.20007684619591823,-0.13285698843562693,-0.15231970390366023,-0.039468687812978076,-0.27796129099467876,0.04321222490350894,-0.43402589730050356,0.09857430298895227,-0.1411131212047502,-0.22369866887761658,-0.007156742310190407
0.41074014739447023,-0.24737488837544303,0.050341563639464196,0.14445019897068379,0.11357280902853967,-0.04177867069138015,0.6613112224215617,-0.22105708336277358,0.38205088918243757,-0.1424047853585827,-0.19113270254529657,0.573103314170328,-0.014128769949292729,-0.4067067225202051,-0.0509702982503212,0.3389478434293611,0.2893952530961642,-0.24054539475211675,-0.5774114749581147,-0.29769435170177516,0.25876794324685204,0.41644486524737445,0.13640463398183728,-0.042846675941206745,0.17272538875826843,0.17999333624608752,0.2833365969650772,0.5904459454898078,0.9080914522731208,0.6775204364441989,0.2244078435184027,-0.5841868060960164,0.06809563593059612,-0.011936430094006186,-0.13579298335035067,-0.07218080680188947,-0.22701451964266947,0.16692082260047844,-0.3189763058288055,-0.4380809389028228,-0.5082176793148296,0.2895639032074307,-0.3226536662663209,-0.296475116644713,-0.11188916967458239
1.3853012247138843,-0.27740918285965244,-0.20641179073727298,-0.19529201013925376,0.03069883557722782,-0.5800495147262479,1.613084847273169,-0.1622945672850321,0.27941048686612163,-0.1878669418835246,-0.6600339623304602,0.596594600700532,0.37804710836236566,-0.20350451428398053,0.7831684167952373,0.6811300566471183,0.5994811123525992,-0.22624730440478583,-0.7262526150095824,-0.5499581365080138,0.5830040481087021,0.26152833333648257,-0.39512771164020094,0.22327719558972636,0.6840182989756333,0.7564649949116684,0.40781152532979276,0.9080914522731208,2.5366874242574995,1.3249079645456223,0.16116008835133522,-0.5198943817520987,-0.40820147607772495,0.45609473581288484,1.048051920774281,0.14675667973502818,-0.23912823988780138,0.6605053432411474,-0.1991837119597864,-1.8702151079314295,-0.7749702640519222,1.077784496358745,-0.8342860749255219,-0.6121588443695793,-0.8814868611480743
0.4753670678814542,-0.44634939690294934,0.09731768060328976,0.3358450825079394,0.06747426134071058,0.0018465031349231577,0.8294269523383043,-0.42429511824184746,0.224009150778904,-0.26255158144082386,-0.5333052019144806,0.5103918287198826,0.4439168836278569,-0.15548231425985154,0.3331018142072294,0.2152885648534665,0.5686048547684109,-0.21332490731934184,-0.9183392163777087,-0.3483631621277053,0.12475039404455547,0.40431384380897006,-0.1192024407419542,-0.09138853931076532,0.2718549698153679,0.24190497291963378,0.20895560693491427,0.6775204364441989,1.3249079645456223,1.0469638890705877,0.015998047241472402,-0.2832089048089363,-0.20922953254734836,0.22809957161315358,0.25550629335045355,0.01783867353315758,-0.024914332547719884,0.38513753888108987,0.0679996731214393,-1.0238722477561102,-0.37237325635669083,0.5026712668570895,-0.17479963484598407,-0.45186498709098893,-0.1666514694341353
0.5337212090886493,0.014367148387030904,-0.7411081112493931,-0.12950217551872592,0.8647859537113598,0.07704200872369875,0.36352530512042897,-0.21020223857462456,0.35378816718606865,-0.41388962523991585,0.07727607609365934,0.5266308746436398,-0.7767987744016867,-0.6725166643476063,0.22532557062548977,-0.3186974023191774,0.05838604639670632,0.7950663646853767,-0.2346195106940963,0.6240962855442045,0.37047355924374575,-0.05594362658645737,-0.17947743231109956,0.21853714842262947,-1.276207796565752,1.419724948023532,0.16108453519590152,0.2244078435184027,0.16116008835133522,0.015998047241472402,1.5840388959012686,-0.19421152971038727,0.37486206655831383,-0.7299686165419361,-0.45438576946802817,-0.6849515417186238,-0.3333985543522665,0.08620875971412902,-0.0230100133765339,0.561694555945964,0.22982522531963004,1.1166034536040046,-0.47073527863182524,0.850782292229516,-1.0481656430435364
-0.4511177288754876,-0.25752678784772365,0.15457831750653298,0.41060282149575916,-0.08793366908884792,0.40098324321270723,-0.5149254334011919,-0.5363498852626831,-0.29973738518040305,-0.47148356283891285,-0.22742740842379802,-0.7200040212336941,0.7651448823087333,0.5760072421053802,0.3839569762306744,-0.88322417807987,0.2606962243494429,0.6835317000468611,-0.4432092505397216,0.6763295470670979,-0.6885357993344562,-0.4119046079416033,-0.45826316039677356,-0.3186202512033377,-0.9253704340862623,0.5759313388576041,-0.37353043860745677,-0.5841868060960164,-0.5198943817520987,-0.2832089048089363,-0.19421152971038727,1.487807064772802,-0.7446257597316552,0.32658276791258767,0.5289839566358984,-0.21234147665174458,0.7460511455648998,0.030833147811423794,1.358047691599646,0.0954228161661119,0.879686834358508,0.36141786421491795,0.9717407033531547,0.171082634937213,-0.06023075814337324
0.034350892034585474,0.3758615562052092,-0.44686984572524413,-0.3733822641455311,0.31155384034882755,-0.17082414568817653,-0.1387486965666187,0.5530467066003124,-0.1785327845127625,0.4317561024631103,0.22096153357169446,0.27302465635192535,-0.7421036709677622,-0.17520096988945877,-0.011095963233243118,0.21144073587817272,-0.37543513005907747,-0.1369113953296499,0.7672242075142748,-0.15745604262839108,0.38012511806991167,-0.03576063766935714,0.10293490786471253,0.398555087755178,0.32874004698905385,-0.416266400487196,0.009769269938593263,0.06809563593059612,-0.40820147607772495,-0.20922953254734836,0.37486206655831383,-0.7446257597316552,0.7589712251239475,-0.5234541352261242,-0.494220833009236,0.11452652892927911,-0.4789358249126748,-0.0600236170622803,-0.7508310433870371,0.321425890075684,-0.025966854304424886,-0.27474259890263525,-0.6139235629338629,0.44424535694394074,-0.08128822373704205
-0.005406479438217627,-0.1752797598699847,0.42290276531937143,0.14056724751540559,-0.46019606238220767,-0.06310681249241051,0.1406512182157397,-0.1478153661753567,-0.027932664729439234,-0.039095915323897015,-0.19575242197536383,-0.2557226108864668,0.640025636687564,0.30757105514024025,0.03480326952525553,0.13310880732418204,0.19588236849667387,-0.2609605924763262,-0.28700007066210276,-0.23484053510423913,-0.2076873775092713,0.044595189224559385,-0.03995734592419327,-0.20318703212838443,0.4393745567565341,-0.23886831039081763,-0.010417707928577742,-0.011936430094006186,0.45609473581288484,0.22809957161315358,-0.7299686165419361,0.32658276791258767,-0.5234541352261242,0.5628574185222472,0.5547244572329768,0.2346460207769505,0.2905467799248926,0.07906416755288626,0.28976039611076343,-0.5984266713913231,-0.1810270438345259,-0.15055256844026282,0.30428596524795987,-0.580519774333177,0.2819060397577777
0.6894506958664016,0.2209258426602134,-0.41331953069828864,-0.5249662764548285,-0.1931819090124933,-0.6096168828924204,0.44614081454436516,0.39914308340396454,-0.7160724805129383,0.24166776801160092,-0.5027767032271727,-0.4992457203388122,0.5428395444408001,0.7961800956693357,1.2253751048088435,0.10045254316364124,0.09991407167595084,0.10529634656907981,0.503986706224699,-0.18240568436353316,0.14374515215115782,-0.5826898465967847,-0.8389834917218525,0.45501960231860994,0.7793861773147165,0.1519888770437264,-0.20007684619591823,-0.13579298335035067,1.048051920774281,0.25550629335045355,-0.45438576946802817,0.5289839566358984,-0.494220833009236,0.5547244572329768,1.5564576200745708,0.5120248983495503,0.17236124446761972,0.5139869313213128,0.38103043515035495,-1.5274149911299817,0.24761634738268223,0.49831774310207083,-0.3755812715450045,-0.08301075925142844,-0.6977085917048406
0.06757002569830407,0.29909166861949343,-0.09308143469257604,-0.36903556515643693,-0.28074713665714274,-0.38769316281394844,-0.03761220633923794,0.5934078902628744,-0.5465292450380603,0.5590761563466058,-0.11743910635981165,-0.2332723504442104,0.11919644787120691,0.502245904617418,0.3773396755551257,0.3474680494647603,-0.20193307055403067,-0.44359927071405386,0.7556270140314635,-0.49504759642091273,0.13855895200479884,-0.1967259895504198,-0.17697168396146362,0.32834291461295967,1.1459877463673294,-0.8762565357045244,-0.13285698843562693,-0.07218080680188947,0.14675667973502818,0.01783867353315758,-0.6849515417186238,-0.21234147665174458,0.11452652892927911,0.2346460207769505,0.5120248983495503,0.6017117226865175,-0.09196046385517079,0.14156726346783208,-0.3343482295998961,-0.7118602053051306,-0.05877161478683852,-0.48952716163418725,-0.3375237336914523,-0.1767671374849137,0.16553739947043858
-0.37529456656144994,-0.27682012113195026,0.3458910875695155,0.4091810665565004,-0.19012656856021695,0.3141618367140889,-0.26778912887500317,-0.4297051763026049,-0.03131714617127162,-0.29905221723382436,-0.13770612772441188,-0.3324348381876367,0.5754338190396151,0.2657668587225461,-0.014194264082958277,-0.4031438396188834,0.22646564971671929,0.17930179547915084,-0.4898968770960336,0.23945069983893574,-0.46462560217521554,-0.038386572254638346,-0.08233196671837235,-0.3393818162161949,-0.3894537408342718,0.11008498023514529,-0.15231970390366023,-0.22701451964266947,-0.23912823988780138,-0.024914332547719884,-0.3333985543522665,0.7460511455648998,-0.4789358249126748,0.2905467799248926,0.17236124446761972,-0.09196046385517079,0.45911729483748176,-0.030072327164952947,0.72389269414288,0.040688940472603574,0.31086952737880497,0.00862579437798843,0.6875342368519706,-0.16262258786997832,0.25540253793457485
0.4065957785030209,-9.778433995724699e-4,-0.3169833837063056,-0.12947809014968759,0.13879280435434652,-0.20007347454868393,0.37154849132364515,0.07358425140844096,-0.2638138537471566,0.032286380599441965,-0.3449985302897883,0.05166995660864236,0.15565831816301132,0.20235915705864596,0.6555970964055754,0.017269304883619715,0.17057152099806194,0.08394980631133235,0.009947065607102158,-0.09629919562082183,0.15503134878538752,-0.13470455611247656,-0.40345979897939016,0.24245353765771616,0.24744189872295627,0.19957896572597328,-0.039468687812978076,0.16692082260047844,0.6605053432411474,0.38513753888108987,0.08620875971412902,0.030833147811423794,-0.0600236170622803,0.07906416755288626,0.5139869313213128,0.14156726346783208,-0.030072327164952947,0.3284080497929952,0.11107449733485053,-0.7671071184210096,0.10936510338304584,0.4241055750312952,-0.3074177625664248,0.06591950118386711,-0.438818692776855
-0.3692844337408163,-0.4716996104728737,0.20507149781260367,0.6340720409578231,0.027140294786718713,0.5232466228711306,-0.27565468875255367,-0.7943443209426913,-0.1113961051747395,-0.65353252988511,-0.3668493386278545,-0.4489589748434298,0.8373506179499823,0.38805614869486793,0.37122772011959415,-0.8880396594101796,0.47903228462403324,0.6729306632053402,-0.9001301997312091,0.6438146985856927,-0.6738588177534484,-0.19537193096420985,-0.41699390781774787,-0.41776686736094903,-1.063836434133331,0.754864448494684,-0.27796129099467876,-0.3189763058288055,-0.1991837119597864,0.0679996731214393,-0.0230100133765339,1.358047691599646,-0.7508310433870371,0.28976039611076343,0.38103043515035495,-0.3343482295998961,0.72389269414288,0.11107449733485053,1.3935048142312172,-0.025695014217614262,0.7714986154882244,0.564200120304278,0.9769192928669767,0.08658801083779936,-0.08790424736246578
-0.9592166879770648,-0.025132165286008326,0.3875994880325968,0.37887240818926265,0.14514838862072488,0.682289269792765,-0.9764656753088031,-0.3572117243897695,0.6641779780951069,-0.32602680745784623,0.8338136877781533,0.0053642023458395655,-0.6675802657533397,-0.6776076394649789,-1.3956535328080775,-0.45852274331147547,-0.36848732660007893,0.3281587497605345,-0.1541282805514293,0.6909684836657706,-0.3639344130985614,0.21401567993750842,0.8053498175815252,-0.5196178870565612,-1.4255801954942462,0.1835017370037366,0.04321222490350894,-0.4380809389028228,-1.8702151079314295,-1.0238722477561102,0.561694555945964,0.0954228161661119,0.321425890075684,-0.5984266713913231,-1.5274149911299817,-0.7118602053051306,0.040688940472603574,-0.7671071184210096,-0.025695014217614262,2.2756850209578166,0.14305611078387903,-0.5112456751083226,0.7302168724018919,0.4100006678548875,0.6181740710596771
-0.32409755306517707,0.10602161081931852,-0.4440901688769473,0.02715354031537856,0.3105880141352418,0.2042104418087377,-0.5898777020790058,0.014855626128148716,-0.6502415138674592,-0.053002824272090354,-0.17097959457669204,-0.4828849420966933,0.12569205445118986,0.5455239085550854,0.6987442657034428,-0.7763486041225914,-0.03362876593286028,0.65785637661026,0.3214570364824641,0.5524459478494815,-0.3090688727378221,-0.5500885183496043,-0.5732595061504118,0.17076033576890248,-0.5912346577513381,0.26535908352510246,-0.43402589730050356,-0.5082176793148296,-0.7749702640519222,-0.37237325635669083,0.22982522531963004,0.879686834358508,-0.025966854304424886,-0.1810270438345259,0.24761634738268223,-0.05877161478683852,0.31086952737880497,0.10936510338304584,0.7714986154882244,0.14305611078387903,1.0267801287751717,0.27921431232947075,0.3119685994275629,0.7137121022468568,-0.32464616080252373
0.8453028039435009,-0.2161724989718383,-0.6162882176138864,-0.026310828671100375,0.6110672740415805,-0.05597845236212118,0.7719495034001821,-0.44147069054003907,0.16271735955621977,-0.5815157072523067,-0.39935449602558637,0.2823468784716369,-0.001500257958938374,-0.23926315593276606,0.8200884675285908,-0.35035973442317736,0.44411232314872945,0.8154625308223244,-0.6564945631229844,0.5140851444613547,0.2209319016399959,-0.16795621681291914,-0.6048922200138114,0.15915560040915303,-0.9975123079513193,1.6465592036543164,0.09857430298895227,0.2895639032074307,1.077784496358745,0.5026712668570895,1.1166034536040046,0.36141786421491795,-0.27474259890263525,-0.15055256844026282,0.49831774310207083,-0.48952716163418725,0.00862579437798843,0.4241055750312952,0.564200120304278,-0.5112456751083226,0.27921431232947075,1.5114204585558615,-0.2995325354954905,0.4458722706513164,-1.2501841716615938
-0.9322834559852545,-0.5462021986885877,0.839198603398512,0.8907758449378294,-0.3233050898491512,0.756102651611456,-0.6335034703151143,-0.8630232082418539,0.29886769161415233,-0.5713503467155994,0.02946501373488082,-0.3563295956267395,0.7407631385128298,0.09038920055317275,-0.6510361277379308,-0.6317262161586699,0.30794541475426107,0.16514856909840545,-1.0132038912404437,0.4153822561325428,-0.8343926963132898,0.2180561317807236,0.29344816097772686,-0.7910483881724932,-0.883693170931623,0.027607023846497134,-0.1411131212047502,-0.3226536662663209,-0.8342860749255219,-0.17479963484598407,-0.47073527863182524,0.9717407033531547,-0.6139235629338629,0.30428596524795987,-0.3755812715450045,-0.3375237336914523,0.6875342368519706,-0.3074177625664248,0.9769192928669767,0.7302168724018919,0.3119685994275629,-0.2995325354954905,1.3177742501901062,-0.336786077683465,0.8124034771693899
0.08348545509003534,0.3580675176599722,-0.8126407475959903,-0.3629847893597039,0.6015343813110213,-0.0434655731583282,-0.3104486166698775,0.32559008954831015,-0.42580435475347894,0.09389738861652804,0.0753242347440428,-0.09285309079375541,-0.5922077816018791,0.0831063598367071,0.5665368072756605,-0.45127618045319584,-0.2652122760295491,0.6528654914865819,0.6861261556109467,0.5023483959327629,0.16464774564383577,-0.49383271514231486,-0.42525838414131467,0.44743309608014553,-0.5963090836010774,0.4973035164567796,-0.22369866887761658,-0.296475116644713,-0.6121588443695793,-0.45186498709098893,0.850782292229516,0.171082634937213,0.44424535694394074,-0.580519774333177,-0.08301075925142844,-0.1767671374849137,-0.16262258786997832,0.06591950118386711,0.08658801083779936,0.4100006678548875,0.7137121022468568,0.4458722706513164,-0.336786077683465,0.9845852096322086,-0.704491002141224
