V1,V2,V3,V4,V5,V6,V7,V8,V9,V10,V11,V12,V13,V14,V15,V16,V17,V18,V19,V20,V21,V22,V23,V24,V25,V26,V27,V28,V29,V30,V31,V32,V33,V34,V35,V36,V37,V38,V39,V40,V41,V42,V43,V44,V45,V46,V47,V48,V49
0.5019686137360733,0.05756252980026833,-0.18613335653805008,-0.040719495023524004,0.16299781049111256,0.026065339132460077,-0.11068108834494923,-0.0700792131296789,0.24663450303987552,-0.2149290971640591,-0.05963394200469917,0.28232119316949905,-0.4173134320600443,-0.02896079038945925,0.09217013467895512,0.19303180588763322,-0.1390494725020714,-0.10050351738353776,-0.06832861857642458,0.14356890263423072,-0.08682588424739766,-0.09279181061412727,0.18636494058029335,0.06214037504982814,0.22552122167647964,-0.06630236068629905,0.17753789870606324,-0.0877701275298734,0.20743570074220738,0.027810657344736596,-0.035090960797246676,-0.036149621566033636,0.014244478503878735,-0.045272816447946035,0.00787822910802496,0.051342187341319526,0.0881883643781791,-0.22121426682505715,-0.4618043824395161,-0.07088407425771501,0.11900885779992688,0.362392912731036,-0.1489781773543031,0.056456291208065744,-0.2510239691953872,0.169094413310593,0.06601421410242288,-0.07585097725680999,0.1251985319155031
0.05756252980026833,0.73238713004287,-0.16571789148385732,0.08711404398089574,0.08386843531418058,-0.05862478944681404,0.067581610944387,-0.10902873571104098,-0.16207172722248722,-0.27908623671783617,-0.062265995084864904,0.21007093003205718,0.3373162628950005,-0.4279825121287978,0.12420079924549039,0.29572173540927993,-0.03889878631871282,-0.06286583486299513,0.024573970824211654,-0.22075140929748163,0.08938296838434186,-0.05282799088543993,-0.015266304203361043,-0.3604834656314688,-0.10190208436648616,-0.026141277236363843,-0.17791555721065774,0.14413429804025937,-0.127516770660559,0.1258649474311715,0.4340028739947945,-0.236564936529975,-0.32327694598606477,-0.006601458644193402,-0.253965673860014,0.051468901305064034,-0.012817985091199463,0.017742983813730438,-0.04961731932626316,-0.021283506877486643,-0.2903822988771919,-0.045318007434345255,0.6927991377230449,-0.21613853177180817,0.020973535511123437,-0.021174216445423676,-0.2684800273354818,-0.08207387910933801,0.2929270133960282
-0.18613335653805008,-0.16571789148385732,1.410037685294731,0.14610890544042796,0.05491308248317496,0.1136201150669429,0.27446612360810096,-0.041949597341547525,0.0043550265142992305,0.26371505128333395,0.48903069963226725,-0.4496420739019659,-0.24620946854475487,0.7660742460916673,-0.17598342190647653,0.20706815626101382,0.12680714209457944,0.5323534812621455,-0.056916904195048336,0.239193026642484,0.07096762624119823,0.4235768619838257,-0.23089675212921118,0.24485132651488267,-0.1588571831791786,0.45321159645707826,0.06294148509088282,0.01683434744165251,-0.27529045116751977,0.1706568524831243,0.19987566880752639,-0.09229516777415893,-0.026736074044676938,0.2437019120023151,0.2089187457296308,0.42031753584003867,-0.1828842637042242,0.281193227978123,-0.006199929567370267,-0.10627920013969483,0.2381200165454107,-0.09084590733114906,-0.5338275627872855,0.024227113290492527,0.019312716663380042,-0.5199511700969917,0.3454752559948753,0.05711690652280491,-0.3297194034091684
-0.040719495023524004,0.08711404398089574,0.14610890544042796,0.832489135342473,-0.21241227640090088,0.05178330814973871,0.15441359892372367,-0.16264639030613243,-0.19460642183441437,-0.14515751471892485,0.017579869012467688,-0.21576451904476004,0.02511024866787517,0.20235146519799083,0.2623056807017408,-0.009573587651499897,-0.04168699262305283,0.034294978932135095,-0.09337558553579617,0.07161053323531233,0.08311776739474888,0.15753009738323284,0.29376465038112987,-0.2773180177409168,-0.03488248662903397,0.23258585736974766,-0.23320902184881045,0.5491901868427412,-0.10314191862011399,0.11370895543376301,-0.005695769763204863,-0.09618119847912386,-0.14934599323224937,-0.041801315353604006,-0.027715894347668305,0.20577993010845286,0.35221302674462585,0.29713523281501486,-0.06703639996025347,0.13833276955704016,0.3834390696588745,-0.07740213561894728,0.04009511443480427,0.13007642394048427,0.01169019178521093,-0.01553965798432914,-0.07367440844824351,0.5241668678551173,-0.018656004332104147
0.16299781049111256,0.08386843531418058,0.05491308248317496,-0.21241227640090088,0.6537357926294604,0.16228299107658511,0.1730273145978621,-0.2022155963905103,-0.04823126644649643,-0.1527426441381705,0.09093732710728687,0.28222492882165773,0.13374758833699096,0.13960841717790365,-0.17785139035155909,0.20645813345274808,-0.10258725106845674,-0.14972315201313321,0.13095784828968296,0.3319385649612934,-0.18020195132224837,-0.028599522189182835,-0.08404762081932012,0.07160074278188674,0.10847592081928972,0.10140425116575391,0.4992619438710927,-0.3560747643935889,-0.04428278114978949,-0.07665613465659814,0.10270004798945659,0.06808164942452159,-0.09791633971250993,-0.14039147853496528,0.1100894876154585,0.18415195826257746,-0.1581774830930093,-0.19778611818762748,-0.2533477786612633,-0.05741584242262627,-0.3085431023765766,0.2325276340959461,-0.0880859608442603,-0.1323655885014352,-0.044034896202704246,-0.0710700059792944,-0.14461123523131075,-0.17821973077854036,0.08887027475009511
0.026065339132460077,-0.05862478944681404,0.1136201150669429,0.05178330814973871,0.16228299107658511,0.6360864246468226,0.1748600676589117,0.19913384787362343,-0.15498545616988366,-0.1920793666227726,0.22386913977244668,0.08063091870702768,0.041643734778035554,0.04568644697786254,-0.07685566558250381,-0.07057513509817802,-0.13272371055061202,-0.2818018957687499,-0.1209744752604536,0.2959471308479183,-0.20580371730649927,0.0010736169471319494,-0.0565487661145498,0.02221797156010203,-0.10111518451100684,-0.05307835099479665,0.2834814723968953,0.045734507185874046,0.0019082715023912356,0.058087035564728405,0.0834735855718971,0.105825098962933,-0.04395057630020401,-0.027439732837490204,-0.18117258407860404,-6.557130367276112e-4,0.11234897699703889,0.028802453622358466,0.10326881300867,-0.017333124676409354,-0.34395970866492004,0.3479379720968089,-0.11771014346332827,0.241578774399845,0.23013143104840428,-0.40012252473458526,0.18580435320253058,-0.14558865025241655,0.21506773627549802
-0.11068108834494923,0.067581610944387,0.27446612360810096,0.15441359892372367,0.1730273145978621,0.1748600676589117,0.9811937298985356,0.2520455783362288,-0.7207621409290907,-0.039020036371528864,0.23505442212112293,0.007793529709281747,0.4337313945084539,0.43010482386731747,0.04822132142179664,0.06476796759373252,0.10517760922820117,-0.35654362766380254,0.004180126571779657,-0.013196104594465885,-0.2757276877878917,0.235611911849885,-0.04634988233057357,-1.451979546183553e-4,-0.1997678283010489,0.3252860354582049,0.17838365224448618,-0.194829533784886,-0.21193253261493875,0.16905548265672082,-0.39329896904954975,0.4640559322991255,-0.034205127927385136,-0.22701805663506094,-0.16925529262063768,0.2870327970411212,0.11211272133424943,0.34610897580351274,0.3294486225223019,-0.15764345489830758,0.12087473099893638,0.17325792484056796,-0.18927996826921537,0.06726676031999593,0.12365241309617005,-0.5568653168842141,-0.16221430300802575,-0.009843732232868793,-0.04351015892830365
-0.0700792131296789,-0.10902873571104098,-0.041949597341547525,-0.16264639030613243,-0.2022155963905103,0.19913384787362343,0.2520455783362288,0.7548908404499238,-0.3008977480404526,-0.059780123401064526,0.2806880466829338,-0.12940303642592207,-0.03614010599932289,-0.07151583294108647,0.2407791804778602,-0.10895753635206902,0.09349942701839623,-0.29716436508878713,0.11556618165633446,-0.22000433551625895,-0.005745701194279498,0.10784551195408754,-0.10395396719649609,0.2454704417279297,-0.11327872162833792,-0.37930701544086404,0.011708701652519169,-0.035459119146748284,-0.04555865706932747,0.11219591046949205,-0.2168051026215434,0.3201378703954433,0.405169240033916,-0.017341817667190975,-0.1805641303432321,0.08050874508211892,0.0730885558699129,0.02382969908234205,0.3578500811177349,-0.30225028799545145,-0.00910994979121642,0.24489814544890104,-0.2984753930699557,0.5359420617739082,0.21739242832132247,-0.21087703048881867,0.23475165497844444,0.07905425349387189,-0.13815657473352574
0.24663450303987552,-0.16207172722248722,0.0043550265142992305,-0.19460642183441437,-0.04823126644649643,-0.15498545616988366,-0.7207621409290907,-0.3008977480404526,1.0494166761903478,0.3213529559830281,-0.061711236209780196,0.042047850462775184,-0.7194814523531884,0.045414898374167775,-0.15085629468460132,-0.07771068822836072,-0.25789039854329027,0.12901759833881626,-0.4288495769152848,0.19800172437367436,-0.029866495678151344,-0.25480760189660984,0.18722292019194445,0.004193860275814401,0.1799691010616336,-0.13415613434844087,-0.11421714603385473,0.04215202878387903,0.23427392248459056,-0.24702962688102265,-0.04118026731912235,-0.4227069928628485,-0.01251885544682973,0.17763510947256597,0.2810388164408428,-0.06665400173910883,-0.05751988974069908,-0.340108222552748,-0.5431156932766044,0.1282135864802106,0.043549659879105966,0.07830233403657759,-0.053474000501014626,-0.2587391276280581,-0.16677812845526427,0.3301955052471475,0.14684216408179898,-0.1368256089797566,0.09230058840055409
-0.2149290971640591,-0.27908623671783617,0.26371505128333395,-0.14515751471892485,-0.1527426441381705,-0.1920793666227726,-0.039020036371528864,-0.059780123401064526,0.3213529559830281,1.2669803062944374,0.0019199702556110842,-0.1414894771610444,-0.15802031051834897,0.29921969198510145,-0.05687210008966774,-0.28541943337801456,0.03828590483024321,-0.09394232244153365,-0.5178377645289264,-0.2526824997153416,-0.2056061839463982,-0.20354738626013422,0.14211486789302202,-0.2596946854006757,-0.13312270820906075,0.5465226273237899,-0.2388750842819337,-0.16159480724682224,-0.15014963516137758,-0.33538969483172537,-0.595390062859748,-0.02819879601229488,0.1195399552359724,-0.004890039636313846,0.20835407172871132,0.2777772628312801,-0.31780808105459085,0.19029078914649522,0.45467138668860974,-0.0720056998357999,-0.039831882863305704,-0.18367083816049573,0.084049759323754,-0.6220470772814402,0.17759489878713694,-0.4171800394320566,-0.2999269308279177,0.06100594621677311,0.09148965332852288
-0.05963394200469917,-0.062265995084864904,0.48903069963226725,0.017579869012467688,0.09093732710728687,0.22386913977244668,0.23505442212112293,0.2806880466829338,-0.061711236209780196,0.0019199702556110842,0.8125329100016808,-0.14576423505479885,-0.30753071409419475,0.5193150903445172,0.2637666588846088,0.06578083828236982,0.038040722304174955,-0.2866364545302099,0.018802612301353182,0.1696508809893257,-0.011685201265400591,0.2217945052277554,0.025675551289269877,0.057996456656483605,-0.11510191050017116,-0.12031442369623631,0.2290305772021959,0.10519690136682933,-0.14938569649145725,0.3195983290271577,-0.1341117107879743,0.2760792756201007,0.32671430385069383,0.05070239939848242,0.003482466611053609,0.46641759743462424,0.10659991928327471,-0.045839210601822764,-0.046722178767233315,-0.5788524429370739,0.12415667133821413,0.4332736432312437,-0.6729344454946311,0.3209299260477341,-0.06035368336449636,-0.30690370668893346,0.2914475816323459,0.23599134290546675,-0.4145958269837413
0.28232119316949905,0.21007093003205718,-0.4496420739019659,-0.21576451904476004,0.28222492882165773,0.08063091870702768,0.007793529709281747,-0.12940303642592207,0.042047850462775184,-0.1414894771610444,-0.14576423505479885,1.0702234792676553,0.24717165463212687,-0.11370699867380274,0.05515302592379607,0.03386475922482635,-0.5498548850408891,-0.3952444035224465,-0.01403072646306761,0.3359602800167327,-0.010806726701759823,-0.23544970984899627,0.16272725609535763,0.27799662907591494,0.09476654135986802,-0.3663605187577494,-0.08491222892134383,-0.14866344356649044,0.34261872752005423,-0.12185465922663241,-0.029203878224535382,-0.032326671640947435,0.053113498096537995,-0.04851798728397781,-0.542104427282014,-0.39528244942648405,-0.23399195590630562,0.06384741292088983,-0.09614473385341614,-0.15064830001492874,-0.30687220992488834,0.2760774471506075,0.01786952062138065,-0.6768609442108096,-0.2986544787294554,0.1455951351815038,-0.04149416824475155,-0.43659900444725064,0.29199440282123656
-0.4173134320600443,0.3373162628950005,-0.24620946854475487,0.02511024866787517,0.13374758833699096,0.041643734778035554,0.4337313945084539,-0.03614010599932289,-0.7194814523531884,-0.15802031051834897,-0.30753071409419475,0.24717165463212687,1.6658558150148792,-0.1396768154816272,-0.036621355135675555,-4.3694678157775603e-4,-0.09272325809638592,-0.10271152320593853,0.19996925570715207,-0.3040901300024548,0.28513884397842826,0.010914199978788983,-0.2766936906957815,-0.3130272541564091,-0.24993195321143438,0.12003202723267288,-0.0697268096099316,0.1646441167959711,-0.059746262057978367,0.03870356857234786,0.41901320713412554,0.37432782796319386,-0.14996774038684865,0.10750485621419699,-0.7217688462205907,-0.3041604862677778,-0.3273903313204789,0.4650560518294773,0.588782377811101,0.0848412837800644,-0.3094160834575146,-0.5784298662643712,0.8523303762130107,-0.5999069937483502,0.2420697856868343,-0.3525406211078787,-0.5324890691745742,-0.2267761591203992,0.20657483116339756
-0.02896079038945925,-0.4279825121287978,0.7660742460916673,0.20235146519799083,0.13960841717790365,0.04568644697786254,0.43010482386731747,-0.07151583294108647,0.045414898374167775,0.29921969198510145,0.5193150903445172,-0.11370699867380274,-0.1396768154816272,1.3172469340709847,0.08649468090281115,0.14992847499885342,-0.09272419889028749,0.01802842996110428,-0.21106338970669658,0.28270255634958097,-0.12763090017098397,0.21358352942655892,0.013581315944412533,0.14449368458523584,-0.04639005230582735,0.42739384133315633,0.11914155223485186,-0.021543451501374093,-0.14039657296423513,0.2484695712236311,-0.4912145098388293,0.3646154275984201,0.19471451386215255,0.1851707838023749,0.1026057658607272,0.26340904632202566,-0.15799406869221633,0.2489326135856237,-0.1204016650824257,-0.2982765556975333,0.7129333748335857,0.0510965600055676,-0.8267206789543632,-0.29479345203546553,-0.2643375586415011,-0.38563179102455847,0.24898239355070365,0.29077034188344847,-0.5855659295999929
0.09217013467895512,0.12420079924549039,-0.17598342190647653,0.2623056807017408,-0.17785139035155909,-0.07685566558250381,0.04822132142179664,0.2407791804778602,-0.15085629468460132,-0.05687210008966774,0.2637666588846088,0.05515302592379607,-0.036621355135675555,0.08649468090281115,0.6838817539986816,0.16422886605829842,-0.0352089916873645,-0.24430099245505252,0.22077109632525416,-0.23844863958786516,0.1908535236576089,0.00869190195532497,0.1783366815301101,-0.1560108521231764,6.391456134875368e-5,-0.13836150389803398,-0.019497706133842704,0.31363105087090754,0.010939606425377795,0.22717866233369724,-0.22491509555765868,0.25448384350958964,0.2971916711140898,0.08413300769223268,-0.31532168816605394,0.234039505735525,0.14968045282791434,0.011898511872311454,0.035704260618200485,-0.4758478314625992,0.4362420470006183,0.1272283301669786,-0.11144744031847545,0.09977910906448421,-0.1254730543146266,-0.053440601708156704,-0.019964221877757832,0.4527476787184084,-0.27842289120689534
0.19303180588763322,0.29572173540927993,0.20706815626101382,-0.009573587651499897,0.20645813345274808,-0.07057513509817802,0.06476796759373252,-0.10895753635206902,-0.07771068822836072,-0.28541943337801456,0.06578083828236982,0.03386475922482635,-4.3694678157775603e-4,0.14992847499885342,0.16422886605829842,0.80301998197703806,0.10137400942600498,0.28816622153402627,0.3419730507472857,-0.021888980530310524,0.05940007493191084,0.08193385494108077,-0.21453693352948713,-0.053465875411729036,0.004754103492406792,0.23975070846249835,0.1649659109694231,-0.11858893373700308,-0.22469270176403489,0.21465599518704911,0.23513664425202083,-0.10784795822992135,-0.2708918440066832,0.2376155649910584,0.042231788336445676,0.12231632509313647,-0.23933773349309043,-0.22527601050248316,-0.35579212860387155,-0.11567777444632411,0.38538164841401074,-0.13493753329039568,0.18959547452716444,-0.02184975493074866,-0.13194460947016184,-0.002902536177101243,0.10199308769118577,0.05456978476100817,-0.19743245645335952
-0.1390494725020714,-0.03889878631871282,0.12680714209457944,-0.04168699262305283,-0.10258725106845674,-0.13272371055061202,0.10517760922820117,0.09349942701839623,-0.25789039854329027,0.03828590483024321,0.038040722304174955,-0.5498548850408891,-0.09272325809638592,-0.09272419889028749,-0.0352089916873645,0.10137400942600498,0.7549228239354278,0.3193897853465628,0.2780771747365149,-0.30817949778725434,0.034919356444844174,0.25440959493286586,-0.22628625518157763,-0.1289229224456668,-0.020901877921996194,0.4234208756881495,0.2303689207774116,-0.1406139578987833,-0.21082924529888789,0.22076150126907354,0.02432516178213616,0.1335056501540175,-0.14220635652074143,0.010945540182959746,0.3661959830404246,0.326383445009029,0.09673289606899045,0.0028571529677002302,0.07108905192973955,0.05760579439031561,0.3200421822237567,-0.1293619987203385,0.06987017622155582,0.5734553873843734,0.21040841517463488,0.0020766653509164804,-0.12824007348175134,0.20053341864801189,-0.21277035688547014
-0.10050351738353776,-0.06286583486299513,0.5323534812621455,0.034294978932135095,-0.14972315201313321,-0.2818018957687499,-0.35654362766380254,-0.29716436508878713,0.12901759833881626,-0.09394232244153365,-0.2866364545302099,-0.3952444035224465,-0.10271152320593853,0.01802842996110428,-0.24430099245505252,0.28816622153402627,0.3193897853465628,1.1745222297121505,0.38707003980176813,-0.12918876640121277,0.39094835822282853,0.1251770276328994,-0.30658080641216373,0.19395983602036534,0.18035664019567316,0.2533960977972636,-0.2590827451180432,0.08195132667056138,-0.03915157698849604,0.11672460476279832,0.5677691454089877,-0.46524966351559804,-0.2196558972359327,0.37561262324770345,0.3360374967251281,-0.193823723909574,-0.2551293087307932,0.17529101377357803,-0.16740538227417576,0.4888917415281599,0.30261434985395613,-0.7284096210827673,0.05726520029825645,0.029340629541014105,-0.0763747221425467,0.3440405309044756,0.3355010502797123,0.1822380413074395,-0.1710803998892629
-0.06832861857642458,0.024573970824211654,-0.056916904195048336,-0.09337558553579617,0.13095784828968296,-0.1209744752604536,0.004180126571779657,0.11556618165633446,-0.4288495769152848,-0.5178377645289264,0.018802612301353182,-0.01403072646306761,0.19996925570715207,-0.21106338970669658,0.22077109632525416,0.3419730507472857,0.2780771747365149,0.38707003980176813,1.1404044062492966,-0.08398823824867337,0.39797672848873067,0.1598786117040904,-0.39054244447439473,0.2921219077098638,0.14532558516111038,-0.23433405998467438,0.2995917092234697,-0.10911176024880032,-0.05520547446349167,0.11024163080047736,0.24862828742268944,0.10283483133102503,0.13312469125876006,0.08363795566076888,-0.13113750696926005,0.028479082112458413,-0.09544969849834635,-0.11349572640311902,0.008754576378762492,-0.06875594959778365,0.237663784666611,-0.25981844704057344,-0.16805955935286201,0.3798227351793386,-0.059807228799540736,0.36682193019325854,0.13078836900176175,0.25269635762898135,-0.24122615168015296
0.14356890263423072,-0.22075140929748163,0.239193026642484,0.07161053323531233,0.3319385649612934,0.2959471308479183,-0.013196104594465885,-0.22000433551625895,0.19800172437367436,-0.2526824997153416,0.1696508809893257,0.3359602800167327,-0.3040901300024548,0.28270255634958097,-0.23844863958786516,-0.021888980530310524,-0.30817949778725434,-0.12918876640121277,-0.08398823824867337,1.0120203015577727,-0.2540915305311096,0.21433797008091662,0.12992305314759595,0.3824983323272589,0.030692188861966046,-0.18824040803562517,0.3180449788788229,-0.13799769887872881,0.14439574218216472,-0.13118339580666222,0.03329769906166826,-0.15949022857716053,-0.1789011718017496,-0.08362721485238866,0.1491315789057537,-0.04381080448830405,0.11599234719047713,-0.15713489255780283,-0.4124364767625895,-0.004478817124798381,-0.09082879294662412,0.4899213274519896,-0.5676647438935648,0.048523751158001,-0.15479551249546822,0.16567667181259432,0.29133280530894107,-0.22730022049175805,-0.07770441527562531
-0.08682588424739766,0.08938296838434186,0.07096762624119823,0.08311776739474888,-0.18020195132224837,-0.20580371730649927,-0.2757276877878917,-0.005745701194279498,-0.029866495678151344,-0.2056061839463982,-0.011685201265400591,-0.010806726701759823,0.28513884397842826,-0.12763090017098397,0.1908535236576089,0.05940007493191084,0.034919356444844174,0.39094835822282853,0.39797672848873067,-0.2540915305311096,0.7733367877120904,0.09816712612617151,-0.06965173024744091,0.10189553303466187,0.12239549934408445,-0.21988089084570647,-0.24501003233126278,0.3776795527962051,0.12257425297442202,0.17883399842258732,0.41884243364386053,0.02022286673206917,0.3442357496365138,0.2839914434030774,-0.3202465457000961,-0.028935411462877973,-0.13880067414576547,0.20403685063060695,-0.06798430100695614,-0.007182330860725926,0.19627490494524935,-0.40485821988482845,0.12265245533054064,0.030317585745947784,-0.07730492274054108,0.2795674594965642,0.11356777638197768,0.1908159205238703,-0.09734674092495127
-0.09279181061412727,-0.05282799088543993,0.4235768619838257,0.15753009738323284,-0.028599522189182835,0.0010736169471319494,0.235611911849885,0.10784551195408754,-0.25480760189660984,-0.20354738626013422,0.2217945052277554,-0.23544970984899627,0.010914199978788983,0.21358352942655892,0.00869190195532497,0.08193385494108077,0.25440959493286586,0.1251770276328994,0.1598786117040904,0.21433797008091662,0.09816712612617151,0.6710365755360499,-0.13067593618795595,0.08722325304344411,-0.1757210065216772,0.06170678843885559,0.18029387605439812,0.0629507508104057,-0.11651568811826535,0.20172667538894853,0.10221804036847314,0.1701294997820598,-0.015800157275820542,-0.07341448288136022,0.09386425905679179,0.3188277821752027,0.15211817990800905,0.06231143747752648,-0.06716200333309917,-0.13829349182311002,0.3513684871473952,0.21123640472543292,-0.2514245771278596,0.5030809911579037,0.08394877425472848,-0.11092417916359044,-0.002792480378792402,-0.03335575971487693,-0.2661017786738305
0.18636494058029335,-0.015266304203361043,-0.23089675212921118,0.29376465038112987,-0.08404762081932012,-0.0565487661145498,-0.04634988233057357,-0.10395396719649609,0.18722292019194445,0.14211486789302202,0.025675551289269877,0.16272725609535763,-0.2766936906957815,0.013581315944412533,0.1783366815301101,-0.21453693352948713,-0.22628625518157763,-0.30658080641216373,-0.39054244447439473,0.12992305314759595,-0.06965173024744091,-0.13067593618795595,0.6080610768720918,-0.1106725011048392,0.12532239818222818,-0.09133765122449293,-0.18816984944482287,0.2376900174826728,0.20236490172677368,-0.05901891175182779,-0.1821132755304601,-0.10589553233961678,0.10031183489956579,-0.10404054606337088,0.06373913414312406,0.14646922235254037,0.2858349911048184,0.06026538731821152,-0.20814112938928384,-0.09014153076094748,0.03625471776050209,0.26152938560710925,-0.18584676405267644,-0.028332596575046047,-0.13500046956687226,0.13445614957541738,-0.03889022205502117,0.2156725288610013,0.06652044946860573
0.06214037504982814,-0.3604834656314688,0.24485132651488267,-0.2773180177409168,0.07160074278188674,0.02221797156010203,-1.451979546183553e-4,0.2454704417279297,0.004193860275814401,-0.2596946854006757,0.057996456656483605,0.27799662907591494,-0.3130272541564091,0.14449368458523584,-0.1560108521231764,-0.053465875411729036,-0.1289229224456668,0.19395983602036534,0.2921219077098638,0.3824983323272589,0.10189553303466187,0.08722325304344411,-0.1106725011048392,1.1020841753796273,0.1227581066199932,-0.5138055085690162,0.011423829197414234,-0.34356492945387046,0.225722604095117,-0.037667688270849126,0.06162509160154181,-0.08282162331376511,0.2623387697217707,0.1420725999360447,0.06254646057125075,-0.3841094861917319,-0.14890609278439643,0.05543224794512328,-0.06818474597184113,0.06535187942051056,0.01195840065607643,0.09783926317757204,-0.866701388969926,0.2818626266148252,-0.19308224347241543,0.24552586956614164,0.5980233940386503,-0.18255080902265877,-0.18312535575521363
0.22552122167647964,-0.10190208436648616,-0.1588571831791786,-0.03488248662903397,0.10847592081928972,-0.10111518451100684,-0.1997678283010489,-0.11327872162833792,0.1799691010616336,-0.13312270820906075,-0.11510191050017116,0.09476654135986802,-0.24993195321143438,-0.04639005230582735,6.391456134875368e-5,0.004754103492406792,-0.020901877921996194,0.18035664019567316,0.14532558516111038,0.030692188861966046,0.12239549934408445,-0.1757210065216772,0.12532239818222818,0.1227581066199932,0.44861826899301344,-0.034495942836396204,0.02012917176106648,-0.031138236887648028,0.2155111275612524,0.0034272158022560575,-0.01003032722329131,-0.013192396060044236,0.19940153765013674,0.08293370198761299,0.14351536233474205,0.136917039182391,0.040287414551703316,-0.05697412225375342,-0.30077140670959013,0.07573622963235943,0.10561090132730289,-0.06487206251293594,-0.20416508883216689,0.06644494379031392,-0.19508103156949663,0.42535051966057813,0.15739563930190406,0.20091600823379582,0.006236113471921038
-0.06630236068629905,-0.026141277236363843,0.45321159645707826,0.23258585736974766,0.10140425116575391,-0.05307835099479665,0.3252860354582049,-0.37930701544086404,-0.13415613434844087,0.5465226273237899,-0.12031442369623631,-0.3663605187577494,0.12003202723267288,0.42739384133315633,-0.13836150389803398,0.23975070846249835,0.4234208756881495,0.2533960977972636,-0.23433405998467438,-0.18824040803562517,-0.21988089084570647,0.06170678843885559,-0.09133765122449293,-0.5138055085690162,-0.034495942836396204,1.2913205321878165,0.24715880776326898,-0.12588235796828245,-0.2530730304413318,0.06910055100633328,-0.2092897984534871,0.13255739029229463,-0.3676829870740089,0.03080154718864741,0.31924326588929636,0.48950810421048396,-0.16152546991236577,0.2749825133420918,0.05184866368841716,0.14907780804604812,0.4349752201695485,-0.3041295113586046,0.38878666917173477,-0.24342373775511428,0.18855386880926772,-0.5797901309458251,-0.5188094281925678,0.14932159233374326,0.07788131466813082
0.17753789870606324,-0.17791555721065774,0.06294148509088282,-0.23320902184881045,0.4992619438710927,0.2834814723968953,0.17838365224448618,0.011708701652519169,-0.11421714603385473,-0.2388750842819337,0.2290305772021959,-0.08491222892134383,-0.0697268096099316,0.11914155223485186,-0.019497706133842704,0.1649659109694231,0.2303689207774116,-0.2590827451180432,0.2995917092234697,0.3180449788788229,-0.24501003233126278,0.18029387605439812,-0.18816984944482287,0.011423829197414234,0.02012917176106648,0.24715880776326898,1.1222367792565007,-0.3476012652850751,0.039204343076542005,0.06279218758382116,-0.05554967631420944,0.5377525188000098,-0.005071438741005679,-0.08385573487703153,0.07566972515719719,0.4335575268320809,0.11838192016428264,-0.4231811241198909,-0.2674902519994508,-0.34876416314467484,0.0925296073262914,0.5335796347896395,-0.22563059793832282,0.5009472961374984,0.14461292251349595,-0.32265923171909994,-0.27035944008755913,-0.1975825223817026,-0.09364958489980332
-0.0877701275298734,0.14413429804025937,0.01683434744165251,0.5491901868427412,-0.3560747643935889,0.045734507185874046,-0.194829533784886,-0.035459119146748284,0.04215202878387903,-0.16159480724682224,0.10519690136682933,-0.14866344356649044,0.1646441167959711,-0.021543451501374093,0.31363105087090754,-0.11858893373700308,-0.1406139578987833,0.08195132667056138,-0.10911176024880032,-0.13799769887872881,0.3776795527962051,0.0629507508104057,0.2376900174826728,-0.34356492945387046,-0.031138236887648028,-0.12588235796828245,-0.3476012652850751,0.9328245647392488,0.11947769089873397,0.20254770346369974,0.31442788856441056,-0.08851275048609997,0.1297485894332651,0.21112094996369588,-0.3372419696604784,0.04458217628146316,0.24017116839595157,0.25428929275177437,-0.02914256245323942,0.010637348821628631,0.17639581399572055,-0.1293118563243286,0.1728632595477978,0.09215079004974217,0.02624873779546739,0.041247010066196216,0.03013781131650221,0.4172518821081738,0.08395696738313452
0.20743570074220738,-0.127516770660559,-0.27529045116751977,-0.10314191862011399,-0.04428278114978949,0.0019082715023912356,-0.21193253261493875,-0.04555865706932747,0.23427392248459056,-0.15014963516137758,-0.14938569649145725,0.34261872752005423,-0.059746262057978367,-0.14039657296423513,0.010939606425377795,-0.22469270176403489,-0.21082924529888789,-0.03915157698849604,-0.05520547446349167,0.14439574218216472,0.12257425297442202,-0.11651568811826535,0.20236490172677368,0.225722604095117,0.2155111275612524,-0.2530730304413318,0.039204343076542005,0.11947769089873397,0.5254029055207102,0.004652319448338765,0.056481203944692165,0.08223143038219517,0.17749490665886564,0.11725879870222844,-0.24987501345994786,-0.21908541510523866,0.08971682453505456,0.06350399255371125,-0.2261284192094186,-0.005616483466823227,0.04050247283434677,0.14695793442995536,-0.15446602425726677,-0.04889144498642614,-0.17509599184106703,0.19347922340959625,0.07095860089288958,-0.19721481359786858,0.13658543701295606
0.027810657344736596,0.1258649474311715,0.1706568524831243,0.11370895543376301,-0.07665613465659814,0.058087035564728405,0.16905548265672082,0.11219591046949205,-0.24702962688102265,-0.33538969483172537,0.3195983290271577,-0.12185465922663241,0.03870356857234786,0.2484695712236311,0.22717866233369724,0.21465599518704911,0.22076150126907354,0.11672460476279832,0.11024163080047736,-0.13118339580666222,0.17883399842258732,0.20172667538894853,-0.05901891175182779,-0.037667688270849126,0.0034272158022560575,0.06910055100633328,0.06279218758382116,0.20254770346369974,0.004652319448338765,0.5900161310347924,0.19543481699376233,0.2776712939181321,0.07870868646542088,0.2510451163414296,-0.1312251825270457,0.14856243296214083,0.10778342064613239,0.1381503474003431,-0.09133200426461549,-0.29542478993731475,0.3697462264769651,0.05994107852724472,-0.19435121794129329,0.2880540330719833,-0.12173190929668874,-0.13325632193387435,0.18227595476338904,0.1659797611237037,-0.28523960174603236
-0.035090960797246676,0.4340028739947945,0.19987566880752639,-0.005695769763204863,0.10270004798945659,0.0834735855718971,-0.39329896904954975,-0.2168051026215434,-0.04118026731912235,-0.595390062859748,-0.1341117107879743,-0.029203878224535382,0.41901320713412554,-0.4912145098388293,-0.22491509555765868,0.23513664425202083,0.02432516178213616,0.5677691454089877,0.24862828742268944,0.03329769906166826,0.41884243364386053,0.10221804036847314,-0.1821132755304601,0.06162509160154181,-0.01003032722329131,-0.2092897984534871,-0.05554967631420944,0.31442788856441056,0.056481203944692165,0.19543481699376233,1.4264107175577256,-0.5318247127837938,-0.35990980895401165,0.4399489366960568,-0.09895801735060288,-0.22011308343991928,-0.1843041966757223,0.07072770978883156,-0.18871865562657053,0.24418997384869973,-0.4709917343942856,-0.3324343086913482,0.38024985480306056,0.17454030833283604,0.06103222555233062,0.12195962257453954,0.20720396240380426,-0.1448277890094691,0.30585815537564826
-0.036149621566033636,-0.236564936529975,-0.09229516777415893,-0.09618119847912386,0.06808164942452159,0.105825098962933,0.4640559322991255,0.3201378703954433,-0.4227069928628485,-0.02819879601229488,0.2760792756201007,-0.032326671640947435,0.37432782796319386,0.3646154275984201,0.25448384350958964,-0.10784795822992135,0.1335056501540175,-0.46524966351559804,0.10283483133102503,-0.15949022857716053,0.02022286673206917,0.1701294997820598,-0.10589553233961678,-0.08282162331376511,-0.013192396060044236,0.13255739029229463,0.5377525188000098,-0.08851275048609997,0.08223143038219517,0.2776712939181321,-0.5318247127837938,1.0953808378675998,0.513292034063089,-0.058951224269162515,-0.3986732392152728,0.3451685200117612,0.0746084108890035,0.005811662757394739,0.1713194632953827,-0.5894338951918676,0.38631851592589683,0.3080543415363441,-0.18499985951055478,0.16369715223714829,0.026586586981347558,-0.3552071657132236,-0.28914940197772193,-0.07112088053521631,-0.32798125259475536
0.014244478503878735,-0.32327694598606477,-0.026736074044676938,-0.14934599323224937,-0.09791633971250993,-0.04395057630020401,-0.034205127927385136,0.405169240033916,-0.01251885544682973,0.1195399552359724,0.32671430385069383,0.053113498096537995,-0.14996774038684865,0.19471451386215255,0.2971916711140898,-0.2708918440066832,-0.14220635652074143,-0.2196558972359327,0.13312469125876006,-0.1789011718017496,0.3442357496365138,-0.015800157275820542,0.10031183489956579,0.2623387697217707,0.19940153765013674,-0.3676829870740089,-0.005071438741005679,0.1297485894332651,0.17749490665886564,0.07870868646542088,-0.35990980895401165,0.513292034063089,0.9898392239965816,-0.03610215620823256,-0.20076442865721966,0.24481980585579402,-0.038687009200782094,0.04906730653347305,0.1244224727252292,-0.4742926373124394,0.08707295480204065,0.21232645175531203,-0.5680845304625672,0.19374647806130638,-0.060111618395849706,0.01793309598208873,0.09980822866227156,0.2490393114259072,-0.21702131828240126
-0.045272816447946035,-0.006601458644193402,0.2437019120023151,-0.041801315353604006,-0.14039147853496528,-0.027439732837490204,-0.22701805663506094,-0.017341817667190975,0.17763510947256597,-0.004890039636313846,0.05070239939848242,-0.04851798728397781,0.10750485621419699,0.1851707838023749,0.08413300769223268,0.2376155649910584,0.010945540182959746,0.37561262324770345,0.08363795566076888,-0.08362721485238866,0.2839914434030774,-0.07341448288136022,-0.10404054606337088,0.1420725999360447,0.08293370198761299,0.03080154718864741,-0.08385573487703153,0.21112094996369588,0.11725879870222844,0.2510451163414296,0.4399489366960568,-0.058951224269162515,-0.03610215620823256,0.8026541617816728,-0.18369521508872896,-0.006429982453089411,-0.2192877056178763,0.16868930476751015,-0.04333452187781263,-0.05237535275182701,0.31310912118052847,-0.4117259646416198,-0.004956816086061851,-0.09884758067727417,-0.046035597577943975,-0.03723555103900464,0.3638091241097823,0.13268518468388624,-0.027294882549276863
0.00787822910802496,-0.253965673860014,0.2089187457296308,-0.027715894347668305,0.1100894876154585,-0.18117258407860404,-0.16925529262063768,-0.1805641303432321,0.2810388164408428,0.20835407172871132,0.003482466611053609,-0.542104427282014,-0.7217688462205907,0.1026057658607272,-0.31532168816605394,0.042231788336445676,0.3661959830404246,0.3360374967251281,-0.13113750696926005,0.1491315789057537,-0.3202465457000961,0.09386425905679179,0.06373913414312406,0.06254646057125075,0.14351536233474205,0.31924326588929636,0.07566972515719719,-0.3372419696604784,-0.24987501345994786,-0.1312251825270457,-0.09895801735060288,-0.3986732392152728,-0.20076442865721966,-0.18369521508872896,1.0870085407737764,0.29217639898660897,0.10590066555342438,-0.2670726127553016,-0.2765019522976898,0.33444994436854586,0.07342383952696831,-0.035521360464277986,-0.34920745634199246,0.49133015685032067,0.03800260579764043,0.22438955618416803,0.1013163717801798,0.31661618504003186,-0.20136398595911636
0.051342187341319526,0.051468901305064034,0.42031753584003867,0.20577993010845286,0.18415195826257746,-6.557130367276112e-4,0.2870327970411212,0.08050874508211892,-0.06665400173910883,0.2777772628312801,0.46641759743462424,-0.39528244942648405,-0.3041604862677778,0.26340904632202566,0.234039505735525,0.12231632509313647,0.326383445009029,-0.193823723909574,0.028479082112458413,-0.04381080448830405,-0.028935411462877973,0.3188277821752027,0.14646922235254037,-0.3841094861917319,0.136917039182391,0.48950810421048396,0.4335575268320809,0.04458217628146316,-0.21908541510523866,0.14856243296214083,-0.22011308343991928,0.3451685200117612,0.24481980585579402,-0.006429982453089411,0.29217639898660897,1.309131294550152,0.2360332565292774,-0.07364011202307527,-0.15907420013506937,-0.4360255063794517,0.3179785768934544,0.3345886897134865,-0.18723282115102302,0.5343272758960096,0.24367387136878016,-0.2660149751796505,-0.28955130406919677,0.4414383854900403,-0.02306756855738226
0.0881883643781791,-0.012817985091199463,-0.1828842637042242,0.35221302674462585,-0.1581774830930093,0.11234897699703889,0.11211272133424943,0.0730885558699129,-0.05751988974069908,-0.31780808105459085,0.10659991928327471,-0.23399195590630562,-0.3273903313204789,-0.15799406869221633,0.14968045282791434,-0.23933773349309043,0.09673289606899045,-0.2551293087307932,-0.09544969849834635,0.11599234719047713,-0.13880067414576547,0.15211817990800905,0.2858349911048184,-0.14890609278439643,0.040287414551703316,-0.16152546991236577,0.11838192016428264,0.24017116839595157,0.08971682453505456,0.10778342064613239,-0.1843041966757223,0.0746084108890035,-0.038687009200782094,-0.2192877056178763,0.10590066555342438,0.2360332565292774,0.7076972200751735,-0.06882081181809985,-0.11023694451754448,0.017092541635059213,0.10969697868326826,0.38542704063539096,-0.21028118746153357,0.6345624458265121,0.04662753520497296,0.07550613259696191,0.013790535665031921,0.19257872565132417,0.0248936984902065
-0.22121426682505715,0.017742983813730438,0.281193227978123,0.29713523281501486,-0.19778611818762748,0.028802453622358466,0.34610897580351274,0.02382969908234205,-0.340108222552748,0.19029078914649522,-0.045839210601822764,0.06384741292088983,0.4650560518294773,0.2489326135856237,0.011898511872311454,-0.22527601050248316,0.0028571529677002302,0.17529101377357803,-0.11349572640311902,-0.15713489255780283,0.20403685063060695,0.06231143747752648,0.06026538731821152,0.05543224794512328,-0.05697412225375342,0.2749825133420918,-0.4231811241198909,0.25428929275177437,0.06350399255371125,0.1381503474003431,0.07072770978883156,0.005811662757394739,0.04906730653347305,0.16868930476751015,-0.2670726127553016,-0.07364011202307527,-0.06882081181809985,0.8200079397794818,0.4396532645319762,0.18636176650991917,0.05863238999152347,-0.36061930845811324,-0.020354168144521626,-0.28655398231724805,0.0711720234042485,-0.3521166622319264,-0.03469279294452429,0.18817069515884963,0.20086470767086304
-0.4618043824395161,-0.04961731932626316,-0.006199929567370267,-0.06703639996025347,-0.2533477786612633,0.10326881300867,0.3294486225223019,0.3578500811177349,-0.5431156932766044,0.45467138668860974,-0.046722178767233315,-0.09614473385341614,0.588782377811101,-0.1204016650824257,0.035704260618200485,-0.35579212860387155,0.07108905192973955,-0.16740538227417576,0.008754576378762492,-0.4124364767625895,-0.06798430100695614,-0.06716200333309917,-0.20814112938928384,-0.06818474597184113,-0.30077140670959013,0.05184866368841716,-0.2674902519994508,-0.02914256245323942,-0.2261284192094186,-0.09133200426461549,-0.18871865562657053,0.1713194632953827,0.1244224727252292,-0.04333452187781263,-0.2765019522976898,-0.15907420013506937,-0.11023694451754448,0.4396532645319762,1.0870797000045362,0.005709129016906117,-0.4218922839768239,-0.31121691066409685,0.15971680286262774,-0.22012247432667115,0.32026998384952815,-0.5692101257505803,-0.1737265320650467,0.0737179735068116,0.20375780222840448
-0.07088407425771501,-0.021283506877486643,-0.10627920013969483,0.13833276955704016,-0.05741584242262627,-0.017333124676409354,-0.15764345489830758,-0.30225028799545145,0.1282135864802106,-0.0720056998357999,-0.5788524429370739,-0.15064830001492874,0.0848412837800644,-0.2982765556975333,-0.4758478314625992,-0.11567777444632411,0.05760579439031561,0.4888917415281599,-0.06875594959778365,-0.004478817124798381,-0.007182330860725926,-0.13829349182311002,-0.09014153076094748,0.06535187942051056,0.07573622963235943,0.14907780804604812,-0.34876416314467484,0.010637348821628631,-0.005616483466823227,-0.29542478993731475,0.24418997384869973,-0.5894338951918676,-0.4742926373124394,-0.05237535275182701,0.33444994436854586,-0.4360255063794517,0.017092541635059213,0.18636176650991917,0.005709129016906117,1.0322880201796836,-0.22983553899279854,-0.5459466621458449,0.3769364763279438,0.0074406575164390676,0.15855477567885398,0.27634655900923544,0.08249794544984526,0.0023173839916513592,0.5060470549325515
