V1,V2,V3,V4,V5,V6,V7,V8,V9,V10,V11,V12,V13,V14,V15,V16,V17,V18,V19,V20,V21,V22,V23,V24,V25,V26,V27,V28,V29,V30,V31,V32,V33,V34,V35,V36,V37,V38,V39,V40,V41,V42,V43,V44
34.54853318263932,313.45695889863356,130.1443927641108,-5.695319116258874,68.27063909159311,-97.5371415471676,165.49558607776217,-173.21468430097542,-227.45803915658365,255.3695604188667,-227.51761988385107,303.2726821946561,584.1408023311986,-260.6592159105052,-75.39601201337433,-95.96768540211437,90.461190656035,-428.55049261739345,75.79852043956168,-295.43547588316216,927.8566273505963,158.8943912268176,246.63424315262696,153.1695459017154,69.04355869211085,243.0470150249789,477.3407538270355,73.56017604773093,152.6728020824978,269.57008563713265,220.24708912742665,214.66320539840055,-9.763031297821982,97.18266040035665,48.595116565846574,319.2009969945778,-275.41020149095175,-189.97581366216616,-9.632388932792177,-376.0271343709631,71.50416030969498,159.29084286286962,-321.5492417728235,-61.13783170827929
313.45695889863356,2965.0299215047357,1244.2378378530648,-58.131919512906954,641.6294808295822,-934.4278705637403,1571.6004061112565,-1641.3447162465386,-2150.3228368010127,2421.8795284234793,-2153.290136929518,2856.701849817658,5539.892322299307,-2467.7162301172943,-716.4257187035962,-916.9917013020204,855.0301623522719,-4050.8312419098365,727.6819234986995,-2788.6072750633457,8785.154778584823,1509.511674203189,2329.6679385414054,1449.581255219603,656.8074378585311,2296.055737513571,4524.9033201360835,694.5635444007685,1448.003262199042,2549.215292733232,2079.309829567439,2037.8764626095253,-97.16154517550956,933.0108550399348,461.7759829520701,3032.055630767524,-2595.6876267229404,-1797.0179993258234,-77.38775911526179,-3563.1486417188407,679.3873424881823,1494.917472724251,-3054.0904662545245,-582.4599401371805
130.1443927641108,1244.2378378530648,523.6021931733802,-24.812496796426597,268.76299020869254,-393.3636814010001,660.2011310732588,-689.0714004573958,-902.2504316848169,1017.0929438522421,-903.7854328664178,1197.5622889595159,2326.3749667447073,-1035.8072943448662,-300.9967264347059,-385.8618211735007,358.7565612968956,-1699.6609268888483,306.4572702385046,-1169.6537325695606,3687.6977748995064,634.1774025497908,977.3378598303008,608.4222143738697,276.0415267265631,963.3128033242266,1899.9264084837605,291.39826708943457,608.1426252192396,1069.7229243792883,872.1079342769485,856.0565317549834,-41.20251090123507,393.0056124921587,193.94390420058252,1273.8105325317201,-1088.2852502443802,-754.0467980577646,-31.000745360146322,-1495.9440642704224,285.4915569920203,626.1128400934906,-1282.987817178567,-244.84999530939734
-5.695319116258874,-58.131919512906954,-24.812496796426597,1.3000525043821283,-12.44634550158175,18.711137684768946,-30.992349593530278,32.259467093453466,42.10577939924018,-47.649494285440554,42.23166665632759,-55.58399036911158,-109.05289244451703,48.46723080312828,14.154578723236133,18.24992129000857,-16.735883385036622,79.30237003716766,-14.63105633156854,54.44521685179821,-172.44358228889243,-29.778638706984268,-45.54380315381131,-28.438100165560236,-12.990678520730807,-44.87603897861511,-88.99686759518842,-13.54267575047313,-28.485589303595255,-49.93175584770158,-40.641047537631906,-40.151556463605274,2.090949097543409,-18.731119159131733,-9.147234956911136,-59.815762225047955,50.56740172698544,35.25812359259551,1.066388809957753,70.04591411259997,-13.384396031166254,-28.892119906907393,60.26136926148138,11.561232117532688
68.27063909159311,641.6294808295822,268.76299020869254,-12.44634550158175,139.0330188588629,-201.8317861436459,339.8708229582254,-355.11359695298097,-465.3507878176475,523.8307248081796,-465.9122865483618,618.5736970267001,1198.3169861599588,-533.8856323246363,-154.91310677306723,-198.08963943020782,185.03481208424583,-876.6470867069081,157.14422582049474,-603.6057947049236,1900.7143857611732,326.4488070474438,504.2131450103572,313.6237074902708,141.99730157123855,496.90002409915695,978.8474997492642,150.32409783480782,313.1679454450754,551.6682455521612,450.1099512387545,440.70359704665424,-20.916159807802426,201.45540011989758,99.88121077788799,655.6785339258068,-561.9921753256808,-388.89241132769496,-17.21185170137553,-770.8365676212776,146.89334122291007,323.89153942220366,-660.4784156927429,-125.90704763166413
-97.5371415471676,-934.4278705637403,-393.3636814010001,18.711137684768946,-201.8317861436459,295.61100699125546,-495.87681689324324,517.5606760072762,677.5497689682718,-763.8682938748343,678.7430864242642,-899.1782105369431,-1747.2932453428555,777.872657823659,226.08440786170573,289.86718904841285,-269.4011957810939,1276.3588663164176,-230.34599285471717,878.2701787965877,-2769.4775905414394,-476.3711258193317,-733.8942871464309,-456.89371991567845,-207.34819899627186,-723.330124369053,-1426.9770769115369,-218.791989904317,-456.71484469713386,-803.3526144211759,-654.9172477587456,-642.9498585836908,31.07787444621197,-295.36253894963875,-145.7140295210404,-956.77358628864215,817.135197727425,566.3216552247817,23.08624178375755,1123.5325411251454,-214.41728991360466,-470.0353729482628,963.6990621533408,183.94483676927092
165.49558607776217,1571.6004061112565,660.2011310732588,-30.992349593530278,339.8708229582254,-495.87681689324324,833.3705424989773,-870.1536149642737,-1139.7307465649076,1284.1020028355151,-1141.4450325631262,1513.6322101581318,2937.188539656859,-1308.0903900022033,-379.9004524835709,-486.571264091635,453.18439830912416,-2147.0265618043836,386.21643451015126,-1477.851386710663,4657.102530317984,800.4880015252311,1234.7111399961395,768.3980952528138,348.3420483651249,1216.9477367263507,2398.956332294382,368.14831709410913,767.7625669949457,1351.2102715824776,1101.9114399641373,1080.6215378892666,-51.68513952221391,495.25165062665457,244.82199415610654,1607.8526268798141,-1375.3833436429472,-952.4559830592373,-40.32585661082024,-1888.98171607941,360.3215272794212,791.8266249332211,-1619.4853886677827,-308.9305054372343
-173.21468430097542,-1641.3447162465386,-689.0714004573958,32.259467093453466,-355.11359695298097,517.5606760072762,-870.1536149642737,908.7169618226956,1190.3315438419,-1340.8456477930274,1192.0508963961481,-1581.1299229851231,-3067.084357364055,1366.024453409228,396.64887450267054,507.86092607386075,-473.29748155243567,2242.3278671016933,-403.0845794965792,1543.5640539544731,-4863.4258534826995,-835.8421609213235,-1289.551989191132,-802.439292058579,-363.6782745576819,-1270.9743911634223,-2505.128474152531,-384.4965465233538,-801.6705148844753,-1411.186758576167,-1150.9410940442658,-1128.3264821910884,53.88962367039535,-516.84485294230694,-255.65199506144896,-1678.7994165898044,1436.6629128904929,994.749073146446,42.51531929704778,1972.6213196615806,-376.20554193507877,-827.2986256492607,1690.9913511671361,322.52806600192287
-227.45803915658365,-2150.3228368010127,-902.2504316848169,42.10577939924018,-465.3507878176475,677.5497689682718,-1139.7307465649076,1190.3315438419,1559.5113669295692,-1756.3849867494323,1561.627632235456,-2071.8923311593444,-4017.560608626145,1789.6331017240648,519.5373129794485,664.9748314072216,-620.1028575137383,2937.809282837834,-527.6156072547132,2022.4717964499978,-6371.2161756681935,-1094.6959687212332,-1689.58475804401,-1051.2855882384035,-476.30441134464746,-1665.2371467134126,-3281.509432171211,-503.75442382874854,-1050.1203944145195,-1848.7723135292358,-1507.9987370041788,-1477.9001470905891,70.37948083371506,-676.5105335010373,-334.8541434725964,-2198.847665613152,1882.572111752539,1303.2265990400476,56.25866861800932,2584.051010585108,-492.71018054967647,-1084.2763983896607,2214.8137521681374,422.38200529977627
255.3695604188667,2421.8795284234793,1017.0929438522421,-47.649494285440554,523.8307248081796,-763.8682938748343,1284.1020028355151,-1340.8456477930274,-1756.3849867494323,1978.7174424134503,-1758.991140303492,2332.8573887819125,4525.970635435761,-2015.78465553397,-585.3674975735714,-749.6107957939821,698.3951738376003,-3308.7377863287043,594.8959911572025,-2277.574841300905,7176.594191502026,1233.4167846156445,1902.8300040352985,1184.1236348382624,536.7226119359698,1875.4545284883839,3696.6474514618717,567.3708129139087,1183.0837729682219,2082.286647459335,1698.172508272934,1665.1125124035666,-79.51023569140791,762.8658798538709,377.20908926938586,2477.453435593934,-2119.74845162254,-1467.7514408538523,-62.468689696156275,-2910.8344779173385,555.2093783354458,1220.5306734523517,-2495.3708639517913,-475.960365068377
-227.51761988385107,-2153.290136929518,-903.7854328664178,42.23166665632759,-465.9122865483618,678.7430864242642,-1141.4450325631262,1192.0508963961481,1561.627632235456,-1758.991140303492,1563.8565886123185,-2074.5457685830825,-4023.480053147482,1792.133616879662,520.3242045238459,666.1054950223066,-620.9528058856223,2941.851377094141,-528.5665212872915,2025.160444576149,-6380.300274641482,-1096.3916972608304,-1691.8814472695356,-1052.7508829448016,-477.05132651405177,-1667.5095918234226,-3286.3168284101066,-504.46031945600083,-1051.6930664334554,-1851.3684677760905,-1510.001088494668,-1480.1383247098622,70.5656641879343,-677.7688752877733,-335.32943381687875,-2202.192880727865,1884.9820222992826,1305.0070853811246,56.03612836385687,2587.7809609900305,-493.49862103579443,-1085.5804844587874,2218.164500711066,423.03250105859837
303.2726821946561,2856.701849817658,1197.5622889595159,-55.58399036911158,618.5736970267001,-899.1782105369431,1513.6322101581318,-1581.1299229851231,-2071.8923311593444,2332.8573887819125,-2074.5457685830825,2753.5000192266393,5336.189642183673,-2377.337647174909,-689.9424436558313,-882.6647918006947,823.859764151622,-3903.1324944673124,700.0785070886986,-2687.3282917904203,8463.501889270115,1453.796833925461,2244.890240287384,1396.5596549679667,632.4733151859687,2212.5021831892473,4358.732915772036,669.3504262863113,1394.7805452666155,2456.181383593617,2003.7126474446795,1962.7962113411938,-93.12223442475954,897.6533387551207,444.6734068387463,2920.1501978208244,-2501.7586807486196,-1731.3321741302716,-75.84678517276527,-3432.411730276338,654.3316879426498,1441.450790076923,-2941.3737526628456,-560.7845469385826
584.1408023311986,5539.892322299307,2326.3749667447073,-109.05289244451703,1198.3169861599588,-1747.2932453428555,2937.188539656859,-3067.084357364055,-4017.560608626145,4525.970635435761,-4023.480053147482,5336.189642183673,10352.668394662456,-4610.93354103698,-1338.9646004020271,-1714.50925766596,1597.4961391334566,-7568.392724716603,1360.8355501990957,-5209.666700490839,16415.598151134778,2821.2699171764484,4352.486946822547,2708.5278107256518,1227.6618010585441,4289.775584107663,8455.687216949902,1297.6990662697121,2706.051636168312,4763.019032727674,3884.5133331644734,3808.619960020388,-182.0148102827659,1744.9389841596148,862.9416827888239,5666.785344806529,-4848.739757058351,-3357.490440212066,-142.9486547639739,-6658.248839699286,1269.8624138403213,2791.8375706537327,-5707.870490075664,-1088.733872971182
-260.6592159105052,-2467.7162301172943,-1035.8072943448662,48.46723080312828,-533.8856323246363,777.872657823659,-1308.0903900022033,1366.024453409228,1789.6331017240648,-2015.78465553397,1792.133616879662,-2377.337647174909,-4610.93354103698,2053.964831146831,596.343601620365,763.336831765241,-711.6233421242715,3371.402883443431,-605.7763159217302,2320.7937907276955,-7311.823801024209,-1256.3593655564907,-1938.8924815300845,-1206.506454401937,-546.7091128593719,-1910.9180910808539,-3766.0762482306045,-578.0220573673938,-1205.2235085972143,-2121.602223829459,-1730.4836324404255,-1696.1723882701879,80.92250692561582,-776.7062589273968,-384.36433568565116,-2523.676424098583,2160.1886976276064,1495.6233627489628,64.17417041644362,2965.602790460142,-565.4573377532137,-1243.952536496655,2541.9989950256318,484.83106701178014
-75.39601201337433,-716.4257187035962,-300.9967264347059,14.154578723236133,-154.91310677306723,226.08440786170573,-379.9004524835709,396.64887450267054,519.5373129794485,-585.3674975735714,520.3242045238459,-689.9424436558313,-1338.9646004020271,596.343601620365,173.19988453171183,221.8125836124171,-206.5860835432973,978.7336626365352,-176.09439591388914,673.6490533831675,-2122.9641636370643,-364.8931535372553,-562.8375374028304,-350.2858558936861,-158.80237534395644,-554.7217378461883,-1093.5837721111902,-167.7939703488344,-349.9895015860042,-615.9398770816023,-502.3078520893573,-492.5958453423604,23.593800082886336,-225.79266687502644,-111.62666714996044,-732.9551438147931,626.9452148882665,434.20203516622973,18.338155016471866,861.1088568990517,-164.23591339695398,-360.90443563070744,738.2648843561421,140.83925408811004
-95.96768540211437,-916.9917013020204,-385.8618211735007,18.24992129000857,-198.08963943020782,289.86718904841285,-486.571264091635,507.86092607386075,664.9748314072216,-749.6107957939821,666.1054950223066,-882.6647918006947,-1714.50925766596,763.336831765241,221.8125836124171,284.38891959724276,-264.40576465565306,1252.6528207242268,-225.81260206381978,862.0826167659014,-2717.851345839361,-467.41075413356134,-720.3171785932728,-448.40197598483604,-203.43695254921533,-710.0105295153494,-1400.2430777745499,-214.80388300131494,-448.2143257970563,-788.4064846741753,-642.7374498227741,-630.942998223715,30.315904178571774,-289.6179452221279,-142.89878641428146,-938.8070315956526,802.0974423570717,555.6935710800789,22.89121852928305,1102.5036378642928,-210.44181682447095,-461.50766667148264,945.5526387984123,180.43851079974633
90.461190656035,855.0301623522719,358.7565612968956,-16.735883385036622,185.03481208424583,-269.4011957810939,453.18439830912416,-473.29748155243567,-620.1028575137383,698.3951738376003,-620.9528058856223,823.859764151622,1597.4961391334566,-711.6233421242715,-206.5860835432973,-264.40576465565306,246.57570558282447,-1168.1803767412453,209.7798761140047,-804.2008622283088,2533.3941300298134,435.2711151443282,671.8427966873825,418.02647944682633,189.39224087961793,662.1569711779208,1304.8190670260217,200.3109175839081,417.56543168751114,735.1322649747297,599.6287270915091,587.6495872085575,-27.977863014376386,268.98795379619156,133.14156603142163,874.3160393543521,-748.5779255353846,-518.1983849432519,-22.37955810367854,-1027.4878032215522,195.91433239435398,431.1566244934859,-880.6588379683615,-167.94135784132652
-428.55049261739345,-4050.8312419098365,-1699.6609268888483,79.30237003716766,-876.6470867069081,1276.3588663164176,-2147.0265618043836,2242.3278671016933,2937.809282837834,-3308.7377863287043,2941.851377094141,-3903.1324944673124,-7568.392724716603,3371.402883443431,978.7336626365352,1252.6528207242268,-1168.1803767412453,5534.4096866285845,-993.8990462675029,3809.9831573102156,-12002.30023653654,-2062.174196265381,-3182.9361741450643,-1980.4428541584446,-897.2769547068744,-3137.0255595877607,-6181.787996665916,-948.9892163663842,-1978.2638786919542,-3482.8025867732104,-2840.833834543947,-2784.0635105414067,132.58579281563752,-1274.4053586324487,-630.790532816387,-4142.205106885351,3546.468333887287,2455.0532079076206,106.00298343560895,4867.8797945263295,-928.164056261834,-2042.6515708308882,4172.266429039577,795.6512831441585
75.79852043956168,727.6819234986995,306.4572702385046,-14.63105633156854,157.14422582049474,-230.34599285471717,386.21643451015126,-403.0845794965792,-527.6156072547132,594.8959911572025,-528.5665212872915,700.0785070886986,1360.8355501990957,-605.7763159217302,-176.09439591388914,-225.81260206381978,209.7798761140047,-993.8990462675029,179.5181147492414,-683.855388477606,2156.7507572821946,371.0385204086793,571.4569296375433,355.7971950258158,161.50567472467063,563.2194789592382,1111.3437847209527,170.34856971700316,355.67937592577283,625.5880378613327,509.9755917913816,500.74691748021684,-24.283167256420757,230.1662811367121,113.51564810909349,745.1967550374792,-636.2194937556465,-441.0379622251884,-17.825379246730122,-875.0058987925563,166.99020182976798,365.89138442036034,-750.6061227448603,-143.29710068456967
-295.43547588316216,-2788.6072750633457,-1169.6537325695606,54.44521685179821,-603.6057947049236,878.2701787965877,-1477.851386710663,1543.5640539544731,2022.4717964499978,-2277.574841300905,2025.160444576149,-2687.3282917904203,-5209.666700490839,2320.7937907276955,673.6490533831675,862.0826167659014,-804.2008622283088,3809.9831573102156,-683.855388477606,2623.03935739587,-8262.216126547497,-1419.4411563533577,-2191.2497907572365,-1363.3322165757684,-617.5740396096679,-2159.6797263565522,-4255.285682411689,-653.3579488587719,-1361.743857124976,-2397.599934398447,-1955.7508136741128,-1916.3883157172131,91.07775108538873,-876.8738118283483,-434.15162822280666,-2851.1545583909,2441.7137724049085,1690.044377873909,73.410098745373,3350.894035705432,-638.895897279015,-1406.5492146990082,2871.844507396973,547.6108840994748
927.8566273505963,8785.154778584823,3687.6977748995064,-172.44358228889243,1900.7143857611732,-2769.4775905414394,4657.102530317984,-4863.4258534826995,-6371.2161756681935,7176.594191502026,-6380.300274641482,8463.501889270115,16415.598151134778,-7311.823801024209,-2122.9641636370643,-2717.851345839361,2533.3941300298134,-12002.30023653654,2156.7507572821946,-8262.216126547497,26030.942292062897,4473.203544941871,6902.565913195062,4295.139224786209,1946.4050881157261,6803.121985011499,13407.901813846709,2058.0483467619274,4290.850405754139,7553.249429503004,6160.498242315813,6038.907606725133,-288.0284626389695,2765.5189908243765,1368.1930981261685,8984.952239565508,-7690.238513760648,-5324.285160869022,-228.26205065160255,-10557.93646968997,2013.4183464087757,4428.633743474677,-9050.10232592593,-1726.0464205569112
158.8943912268176,1509.511674203189,634.1774025497908,-29.778638706984268,326.4488070474438,-476.3711258193317,800.4880015252311,-835.8421609213235,-1094.6959687212332,1233.4167846156445,-1096.3916972608304,1453.796833925461,2821.2699171764484,-1256.3593655564907,-364.8931535372553,-467.41075413356134,435.2711151443282,-2062.174196265381,371.0385204086793,-1419.4411563533577,4473.203544941871,768.9697997736766,1185.9069186073398,738.0226471157292,334.6011790420196,1168.8589338372944,2304.3006195890666,353.6233522406704,737.4587725800624,1297.8679933709561,1058.3609884682676,1038.007990907686,-49.67561142228719,475.8023561259918,235.1456977263776,1544.433568412667,-1320.985898739785,-914.8186742861634,-38.65061313981424,-1814.420394785251,346.1445166544011,760.5184766304822,-1555.616973317315,-296.7451480458224
246.63424315262696,2329.6679385414054,977.3378598303008,-45.54380315381131,504.2131450103572,-733.8942871464309,1234.7111399961395,-1289.551989191132,-1689.58475804401,1902.8300040352985,-1691.8814472695356,2244.890240287384,4352.486946822547,-1938.8924815300845,-562.8375374028304,-720.3171785932728,671.8427966873825,-3182.9361741450643,571.4569296375433,-2191.2497907572365,6902.565913195062,1185.9069186073398,1830.589308123689,1138.9676406216056,515.9908497949648,1804.19487473679,3555.096141720047,545.8066342749275,1137.6877218404672,2003.0092382881899,1633.8324210897224,1601.0748211975642,-76.17098394683751,732.7545579163941,362.7326120034483,2382.087976682052,-2039.7315485595639,-1411.907113146916,-61.13433471127057,-2799.4921271230805,533.7766706032079,1174.9062648972733,-2399.3655632615414,-457.5329998396976
153.1695459017154,1449.581255219603,608.4222143738697,-28.438100165560236,313.6237074902708,-456.89371991567845,768.3980952528138,-802.439292058579,-1051.2855882384035,1184.1236348382624,-1052.7508829448016,1396.5596549679667,2708.5278107256518,-1206.506454401937,-350.2858558936861,-448.40197598483604,418.02647944682633,-1980.4428541584446,355.7971950258158,-1363.3322165757684,4295.139224786209,738.0226471157292,1138.9676406216056,708.7276814918175,321.14141180820434,1122.5612806810666,2212.2647048503677,339.5787016450631,707.9852368071405,1246.2911892108984,1016.5213927755361,996.3887797864911,-47.48681207923137,456.2177662002595,225.75092696624796,1482.4585533394825,-1268.978047352179,-878.5308273406965,-37.74380537587272,-1742.0501234980845,332.18794284835974,730.7836980073791,-1493.2064322780889,-284.7846590786377
69.04355869211085,656.8074378585311,276.0415267265631,-12.990678520730807,141.99730157123855,-207.34819899627186,348.3420483651249,-363.6782745576819,-476.30441134464746,536.7226119359698,-477.05132651405177,632.4733151859687,1227.6618010585441,-546.7091128593719,-158.80237534395644,-203.43695254921533,189.39224087961793,-897.2769547068744,161.50567472467063,-617.5740396096679,1946.4050881157261,334.6011790420196,515.9908497949648,321.14141180820434,145.61763691258162,508.5678614712916,1002.6743635183462,153.84841598089866,320.9098824556313,564.7008119717283,460.4769720208582,451.68779706304974,-21.64232170085618,207.10810169676975,102.33185476282692,672.0799329460824,-574.7182871945828,-398.0507478921789,-16.722118589787026,-789.5091093667953,150.61715851483604,330.8167028368026,-676.9359369723783,-129.14417404659537
243.0470150249789,2296.055737513571,963.3128033242266,-44.87603897861511,496.90002409915695,-723.330124369053,1216.9477367263507,-1270.9743911634223,-1665.2371467134126,1875.4545284883839,-1667.5095918234226,2212.5021831892473,4289.775584107663,-1910.9180910808539,-554.7217378461883,-710.0105295153494,662.1569711779208,-3137.0255595877607,563.2194789592382,-2159.6797263565522,6803.121985011499,1168.8589338372944,1804.19487473679,1122.5612806810666,508.5678614712916,1778.2326985331333,3503.880366109306,537.9752286887679,1121.335741790406,1974.1305377541473,1610.228710001522,1578.0785480055688,-75.02563177364311,722.2314999559754,357.46828305681476,2347.82415902328,-2010.299824611999,-1391.4999297111167,-60.20973969103185,-2759.15505188813,526.1417237434263,1157.9450581660287,-2364.8273257022283,-450.9465689119663
477.3407538270355,4524.9033201360835,1899.9264084837605,-88.99686759518842,978.8474997492642,-1426.9770769115369,2398.956332294382,-2505.128474152531,-3281.509432171211,3696.6474514618717,-3286.3168284101066,4358.732915772036,8455.687216949902,-3766.0762482306045,-1093.5837721111902,-1400.2430777745499,1304.8190670260217,-6181.787996665916,1111.3437847209527,-4255.285682411689,13407.901813846709,2304.3006195890666,3555.096141720047,2212.2647048503677,1002.6743635183462,3503.880366109306,6906.3532109188,1059.9757097248723,2210.202942430483,3890.393416889832,3172.8804133144426,3110.726691853567,-148.58653508855153,1425.0312444553658,704.7958613620707,4628.35529371617,-3960.5328406032154,-2742.344319033644,-116.9825420724879,-5438.274113127304,1037.1772864696093,2280.5434729215863,-4661.921899354705,-889.1948017883747
73.56017604773093,694.5635444007685,291.39826708943457,-13.54267575047313,150.32409783480782,-218.791989904317,368.14831709410913,-384.4965465233538,-503.75442382874854,567.3708129139087,-504.46031945600083,669.3504262863113,1297.6990662697121,-578.0220573673938,-167.7939703488344,-214.80388300131494,200.3109175839081,-948.9892163663842,170.34856971700316,-653.3579488587719,2058.0483467619274,353.6233522406704,545.8066342749275,339.5787016450631,153.84841598089866,537.9752286887679,1059.9757097248723,162.7867683345803,339.23891749279284,597.222163269084,487.09899593687993,477.42184935509425,-22.655930245678604,218.48070987602435,108.09878137952585,710.2664710129648,-608.1502608303339,-420.90145340149286,-18.233865686141655,-834.6719120104283,159.20356456369052,350.3430943030149,-715.3888846589057,-136.3991689297193
152.6728020824978,1448.003262199042,608.1426252192396,-28.485589303595255,313.1679454450754,-456.71484469713386,767.7625669949457,-801.6705148844753,-1050.1203944145195,1183.0837729682219,-1051.6930664334554,1394.7805452666155,2706.051636168312,-1205.2235085972143,-349.9895015860042,-448.2143257970563,417.56543168751114,-1978.2638786919542,355.67937592577283,-1361.743857124976,4290.850405754139,737.4587725800624,1137.6877218404672,707.9852368071405,320.9098824556313,1121.335741790406,2210.202942430483,339.23891749279284,707.3820532405308,1244.9795802581123,1015.2997528423655,995.5860126234875,-47.51778140381326,456.1271691384282,225.5117457975532,1481.271649019653,-1267.3658354227255,-877.5315484316947,-37.326811400136734,-1740.3654909126801,331.97707070922286,729.7346977673649,-1491.9705425426523,-284.570787471965
269.57008563713265,2549.215292733232,1069.7229243792883,-49.93175584770158,551.6682455521612,-803.3526144211759,1351.2102715824776,-1411.186758576167,-1848.7723135292358,2082.286647459335,-1851.3684677760905,2456.181383593617,4763.019032727674,-2121.602223829459,-615.9398770816023,-788.4064846741753,735.1322649747297,-3482.8025867732104,625.5880378613327,-2397.599934398447,7553.249429503004,1297.8679933709561,2003.0092382881899,1246.2911892108984,564.7008119717283,1974.1305377541473,3890.393416889832,597.222163269084,1244.9795802581123,2191.7852948290706,1787.7197363724017,1752.1382650907508,-83.48602001221118,802.1631437930415,396.9641247530923,2606.8786798846336,-2231.7180305919405,-1544.9683852435317,-66.57157553537108,-3063.477763958348,584.167857523975,1285.377811002864,-2625.7987713840625,-500.74569446095984
220.24708912742665,2079.309829567439,872.1079342769485,-40.641047537631906,450.1099512387545,-654.9172477587456,1101.9114399641373,-1150.9410940442658,-1507.9987370041788,1698.172508272934,-1510.001088494668,2003.7126474446795,3884.5133331644734,-1730.4836324404255,-502.3078520893573,-642.7374498227741,599.6287270915091,-2840.833834543947,509.9755917913816,-1955.7508136741128,6160.498242315813,1058.3609884682676,1633.8324210897224,1016.5213927755361,460.4769720208582,1610.228710001522,3172.8804133144426,487.09899593687993,1015.2997528423655,1787.7197363724017,1458.314405188334,1428.8409370619502,-68.01232784524771,653.8512135063838,323.7841454883367,2125.8670679455313,-1820.5909947913617,-1260.2284745928982,-54.716494784489676,-2498.5396937212804,476.31549152707754,1048.7240450195534,-2141.3419845218177,-408.33222572986085
214.66320539840055,2037.8764626095253,856.0565317549834,-40.151556463605274,440.70359704665424,-642.9498585836908,1080.6215378892666,-1128.3264821910884,-1477.9001470905891,1665.1125124035666,-1480.1383247098622,1962.7962113411938,3808.619960020388,-1696.1723882701879,-492.5958453423604,-630.942998223715,587.6495872085575,-2784.0635105414067,500.74691748021684,-1916.3883157172131,6038.907606725133,1038.007990907686,1601.0748211975642,996.3887797864911,451.68779706304974,1578.0785480055688,3110.726691853567,477.42184935509425,995.5860126234875,1752.1382650907508,1428.8409370619502,1401.277900847621,-66.95307866642726,642.1545653496041,317.41256948555844,2084.8937886828558,-1783.5016980481628,-1235.0107823831786,-52.33477116277764,-2449.4385289494826,467.2706664563573,1026.8334349759339,-2099.961467113007,-400.56798762389235
-9.763031297821982,-97.16154517550956,-41.20251090123507,2.090949097543409,-20.916159807802426,31.07787444621197,-51.68513952221391,53.88962367039535,70.37948083371506,-79.51023569140791,70.5656641879343,-93.12223442475954,-182.0148102827659,80.92250692561582,23.593800082886336,30.315904178571774,-27.977863014376386,132.58579281563752,-24.283167256420757,91.07775108538873,-288.0284626389695,-49.67561142228719,-76.17098394683751,-47.48681207923137,-21.64232170085618,-75.02563177364311,-148.58653508855153,-22.655930245678604,-47.51778140381326,-83.48602001221118,-68.01232784524771,-66.95307866642726,3.446664489455532,-31.08089664173869,-15.259357765434792,-99.74287679222465,84.6687771082708,58.934652287164816,2.0304784701928664,116.95460999527144,-22.311604123558357,-48.52128442044922,100.50191957418527,19.24031565731296
97.18266040035665,933.0108550399348,393.0056124921587,-18.731119159131733,201.45540011989758,-295.36253894963875,495.25165062665457,-516.84485294230694,-676.5105335010373,762.8658798538709,-677.7688752877733,897.6533387551207,1744.9389841596148,-776.7062589273968,-225.79266687502644,-289.6179452221279,268.98795379619156,-1274.4053586324487,230.1662811367121,-876.8738118283483,2765.5189908243765,475.8023561259918,732.7545579163941,456.2177662002595,207.10810169676975,722.2314999559754,1425.0312444553658,218.48070987602435,456.1271691384282,802.1631437930415,653.8512135063838,642.1545653496041,-31.08089664173869,295.17156064567405,145.49532116700445,955.5931419112202,-815.7504307772548,-565.4332589768399,-22.816015926694813,-1121.9626637834792,214.18890346989485,469.1644400960193,-962.4847070005372,-183.72700495940182
48.595116565846574,461.7759829520701,193.94390420058252,-9.147234956911136,99.88121077788799,-145.7140295210404,244.82199415610654,-255.65199506144896,-334.8541434725964,377.20908926938586,-335.32943381687875,444.6734068387463,862.9416827888239,-384.36433568565116,-111.62666714996044,-142.89878641428146,133.14156603142163,-630.790532816387,113.51564810909349,-434.15162822280666,1368.1930981261685,235.1456977263776,362.7326120034483,225.75092696624796,102.33185476282692,357.46828305681476,704.7958613620707,108.09878137952585,225.5117457975532,396.9641247530923,323.7841454883367,317.41256948555844,-15.259357765434792,145.49532116700445,71.9936479766906,472.3316583211367,-404.08529880261153,-279.9094038910692,-11.848854484263981,-554.9858189880017,105.79493782819596,232.59598552707644,-475.79308562405885,-90.783711132308
319.2009969945778,3032.055630767524,1273.8105325317201,-59.815762225047955,655.6785339258068,-956.77358628864215,1607.8526268798141,-1678.7994165898044,-2198.847665613152,2477.453435593934,-2202.192880727865,2920.1501978208244,5666.785344806529,-2523.676424098583,-732.9551438147931,-938.8070315956526,874.3160393543521,-4142.205106885351,745.1967550374792,-2851.1545583909,8984.952239565508,1544.433568412667,2382.087976682052,1482.4585533394825,672.0799329460824,2347.82415902328,4628.35529371617,710.2664710129648,1481.271649019653,2606.8786798846336,2125.8670679455313,2084.8937886828558,-99.74287679222465,955.5931419112202,472.3316583211367,3102.1053214852486,-2653.4332915906707,-1837.5449099741766,-77.69677007697392,-3644.432353659689,695.2019859558978,1527.5902990548825,-3124.5436412603453,-596.037398025323
-275.41020149095175,-2595.6876267229404,-1088.2852502443802,50.56740172698544,-561.9921753256808,817.135197727425,-1375.3833436429472,1436.6629128904929,1882.572111752539,-2119.74845162254,1884.9820222992826,-2501.7586807486196,-4848.739757058351,2160.1886976276064,626.9452148882665,802.0974423570717,-748.5779255353846,3546.468333887287,-636.2194937556465,2441.7137724049085,-7690.238513760648,-1320.985898739785,-2039.7315485595639,-1268.978047352179,-574.7182871945828,-2010.299824611999,-3960.5328406032154,-608.1502608303339,-1267.3658354227255,-2231.7180305919405,-1820.5909947913617,-1783.5016980481628,84.6687771082708,-815.7504307772548,-404.08529880261153,-2653.4332915906707,2273.07630223887,1573.1592538367768,68.77499270736612,3118.8404237923123,-594.5447283567186,-1309.5856512122043,2672.72190038324,509.59694312773
-189.97581366216616,-1797.0179993258234,-754.0467980577646,35.25812359259551,-388.89241132769496,566.3216552247817,-952.4559830592373,994.749073146446,1303.2265990400476,-1467.7514408538523,1305.0070853811246,-1731.3321741302716,-3357.490440212066,1495.6233627489628,434.20203516622973,555.6935710800789,-518.1983849432519,2455.0532079076206,-441.0379622251884,1690.044377873909,-5324.285160869022,-914.8186742861634,-1411.907113146916,-878.5308273406965,-398.0507478921789,-1391.4999297111167,-2742.344319033644,-420.90145340149286,-877.5315484316947,-1544.9683852435317,-1260.2284745928982,-1235.0107823831786,58.934652287164816,-565.4332589768399,-279.9094038910692,-1837.5449099741766,1573.1592538367768,1089.1648556504379,46.92238372773345,2159.4808808686867,-411.6956474438457,-906.0001556081332,1850.9347664296129,353.01367522484645
-9.632388932792177,-77.38775911526179,-31.000745360146322,1.066388809957753,-17.21185170137553,23.08624178375755,-40.32585661082024,42.51531929704778,56.25866861800932,-62.468689696156275,56.03612836385687,-75.84678517276527,-142.9486547639739,64.17417041644362,18.338155016471866,22.89121852928305,-22.37955810367854,106.00298343560895,-17.825379246730122,73.410098745373,-228.26205065160255,-38.65061313981424,-61.13433471127057,-37.74380537587272,-16.722118589787026,-60.20973969103185,-116.9825420724879,-18.233865686141655,-37.326811400136734,-66.57157553537108,-54.716494784489676,-52.33477116277764,2.0304784701928664,-22.816015926694813,-11.848854484263981,-77.69677007697392,68.77499270736612,46.92238372773345,3.540650690496461,92.28356669150664,-17.361399091312943,-40.283947246598075,78.30872700155862,14.757602299000101
-376.0271343709631,-3563.1486417188407,-1495.9440642704224,70.04591411259997,-770.8365676212776,1123.5325411251454,-1888.98171607941,1972.6213196615806,2584.051010585108,-2910.8344779173385,2587.7809609900305,-3432.411730276338,-6658.248839699286,2965.602790460142,861.1088568990517,1102.5036378642928,-1027.4878032215522,4867.8797945263295,-875.0058987925563,3350.894035705432,-10557.93646968997,-1814.420394785251,-2799.4921271230805,-1742.0501234980845,-789.5091093667953,-2759.15505188813,-5438.274113127304,-834.6719120104283,-1740.3654909126801,-3063.477763958348,-2498.5396937212804,-2449.4385289494826,116.95460999527144,-1121.9626637834792,-554.9858189880017,-3644.432353659689,3118.8404237923123,2159.4808808686867,92.28356669150664,4282.295353147045,-816.6663038679789,-1795.9278835742844,3670.8751923762043,700.1600763028857
71.50416030969498,679.3873424881823,285.4915569920203,-13.384396031166254,146.89334122291007,-214.41728991360466,360.3215272794212,-376.20554193507877,-492.71018054967647,555.2093783354458,-493.49862103579443,654.3316879426498,1269.8624138403213,-565.4573377532137,-164.23591339695398,-210.44181682447095,195.91433239435398,-928.164056261834,166.99020182976798,-638.895897279015,2013.4183464087757,346.1445166544011,533.7766706032079,332.18794284835974,150.61715851483604,526.1417237434263,1037.1772864696093,159.20356456369052,331.97707070922286,584.167857523975,476.31549152707754,467.2706664563573,-22.311604123558357,214.18890346989485,105.79493782819596,695.2019859558978,-594.5447283567186,-411.6956474438457,-17.361399091312943,-816.6663038679789,155.85303572467382,342.3008084239916,-700.2037477357371,-133.55821565944467
159.29084286286962,1494.917472724251,626.1128400934906,-28.892119906907393,323.89153942220366,-470.0353729482628,791.8266249332211,-827.2986256492607,-1084.2763983896607,1220.5306734523517,-1085.5804844587874,1441.450790076923,2791.8375706537327,-1243.952536496655,-360.90443563070744,-461.50766667148264,431.1566244934859,-2042.6515708308882,365.89138442036034,-1406.5492146990082,4428.633743474677,760.5184766304822,1174.9062648972733,730.7836980073791,330.8167028368026,1157.9450581660287,2280.5434729215863,350.3430943030149,729.7346977673649,1285.377811002864,1048.7240450195534,1026.8334349759339,-48.52128442044922,469.1644400960193,232.59598552707644,1527.5902990548825,-1309.5856512122043,-906.0001556081332,-40.283947246598075,-1795.9278835742844,342.3008084239916,754.8509361668121,-1538.7007607087542,-293.27334191471607
-321.5492417728235,-3054.0904662545245,-1282.987817178567,60.26136926148138,-660.4784156927429,963.6990621533408,-1619.4853886677827,1690.9913511671361,2214.8137521681374,-2495.3708639517913,2218.164500711066,-2941.3737526628456,-5707.870490075664,2541.9989950256318,738.2648843561421,945.5526387984123,-880.6588379683615,4172.266429039577,-750.6061227448603,2871.844507396973,-9050.10232592593,-1555.616973317315,-2399.3655632615414,-1493.2064322780889,-676.9359369723783,-2364.8273257022283,-4661.921899354705,-715.3888846589057,-1491.9705425426523,-2625.7987713840625,-2141.3419845218177,-2099.961467113007,100.50191957418527,-962.4847070005372,-475.79308562405885,-3124.5436412603453,2672.72190038324,1850.9347664296129,78.30872700155862,3670.8751923762043,-700.2037477357371,-1538.7007607087542,3147.182517509597,600.3632320419989
-61.13783170827929,-582.4599401371805,-244.84999530939734,11.561232117532688,-125.90704763166413,183.94483676927092,-308.9305054372343,322.52806600192287,422.38200529977627,-475.960365068377,423.03250105859837,-560.7845469385826,-1088.733872971182,484.83106701178014,140.83925408811004,180.43851079974633,-167.94135784132652,795.6512831441585,-143.29710068456967,547.6108840994748,-1726.0464205569112,-296.7451480458224,-457.5329998396976,-284.7846590786377,-129.14417404659537,-450.9465689119663,-889.1948017883747,-136.3991689297193,-284.570787471965,-500.74569446095984,-408.33222572986085,-400.56798762389235,19.24031565731296,-183.72700495940182,-90.783711132308,-596.037398025323,509.59694312773,353.01367522484645,14.757602299000101,700.1600763028857,-133.55821565944467,-293.27334191471607,600.3632320419989,114.56094680122095
