V1,V2,V3,V4,V5,V6,V7,V8,V9,V10,V11,V12,V13,V14,V15,V16,V17,V18,V19,V20,V21,V22,V23,V24,V25,V26,V27,V28,V29,V30,V31,V32,V33,V34,V35,V36,V37,V38,V39,V40,V41,V42,V43,V44
1.3686050057718127,-0.7238418572914256,-0.1485155014083872,0.18223456995826692,0.08311551017970839,-0.13429256693216834,1.4659304400000412,-0.7701124404265186,-0.9632278066785124,-0.0480948681571777,0.08116197222762318,3.4750678197096123,1.5004559598900598,-0.17490388592455514,0.694873753508579,1.746742140216025,1.2963283397614263,0.0826167223490654,0.06720639277649167,2.6040629084771147,2.5096218602665896,1.4732892236470263,1.2290524919378694,-1.4081220815292999,-1.92054455651203,-1.208756849240998,0.6126165897565651,-0.0986579757191307,1.3481221552394,0.4492883107175881,1.6365748218978111,-0.5509234075629384,-1.1095365001890514,-1.1076536074986578,-0.9186795073509936,-2.239160311124276,-2.268614172952192,-0.9473923208755383,0.28961402206828846,0.06889402156788157,0.3261842614182513,1.2888044794517755,0.42455865621429933,0.18015774461852976
-0.7238418572914256,1.9015800320016263,-0.46097221175351843,0.04769623867894534,0.41217148615672067,0.839663820228344,-2.028864823735252,0.802728338772108,0.5703228029652867,0.2918336433055858,-0.6558247514295071,-2.9451167481392453,-1.5159217696275864,-0.3629074458162057,-0.9052425515004088,-1.9367786365204789,-1.474674820377242,-1.5723919591371718,-0.7142150833631884,-4.892011934880063,-1.442786108131072,-2.1027949303635882,-0.7167581891235064,2.3171008971065405,2.549122553639024,2.567063202103426,-0.24471925363516087,0.4346473481818689,-1.7090481803605373,0.20563810202583846,-1.2791729867187442,0.7953930944834288,1.8892205776842943,0.7195248781589667,1.2272680934414348,2.9848261260963205,1.5662513547288623,0.7428850215363567,-1.5099532249293661,-0.6943017768490595,-0.5003129311644371,-0.3898057170192778,-0.5111601459536251,-0.10917802703421914
-0.1485155014083872,-0.46097221175351843,0.7054888632075877,-0.15772703485445314,-0.23504329443637928,-0.771322763951715,1.0681474276107112,-0.5227370887196837,-0.3362674198545251,0.2991048516034896,0.02103229947146801,0.9029264645578146,1.4712180908761445,-0.1252448568531007,0.16612709502627684,0.3224026494003476,0.5852074764039177,0.3477655727635095,0.6678889242653184,1.7529334710582436,1.5043000181735702,1.1089659657950932,0.34150051741735765,-0.7092466996326988,-0.754380246862377,-0.8452295154753727,0.7740184283524365,-0.14216345295781857,0.8651257648854188,0.10645561962819952,0.4970104948513956,0.11866665913006086,-0.8555285967464225,0.2661561764443429,-0.33784879600061185,-0.42274812214451246,-0.45903329861188946,-0.4113268854284297,0.9988787914538249,-0.23245656886727947,0.3438545968386866,-0.12400125313684071,-0.4733159222147831,-0.1384435527719875
0.18223456995826692,0.04769623867894534,-0.15772703485445314,0.07540000159776371,0.06365682348045315,0.14881739907317915,-0.06068633385193289,0.010766460664931426,-0.052412945306834484,-0.04197308833468084,-0.025864953597609663,0.19020509987932216,-0.11923862354933044,-0.013766618643529911,0.0232157728284031,0.10390723401748551,0.028373688190981412,-0.10757231989378468,-0.14108108204830275,-0.13553098461676763,0.01141051492856255,-0.06399998699780023,0.08120798349727595,0.022921354825377434,-0.041610009666029096,0.09435863782940876,-0.06482860525443887,0.0315574193843495,-0.04116545498448044,0.04362325053303873,0.07754257014393065,-0.07605126244460822,0.04947909590128976,-0.19022399116118024,-0.003599490086238249,-0.12503308850362846,-0.161116516733925,-0.02803202486954143,-0.19493787074156171,0.04235063521062653,-0.02625415401619827,0.1854153261445002,0.12229402992464103,0.05408899870614758
0.08311551017970839,0.41217148615672067,-0.23504329443637928,0.06365682348045315,0.15299520817030468,0.29106615685938,-0.3963285652238215,0.13834446836382616,0.020059275681768313,0.027444270185417403,-0.15337075115950596,-0.24495649865796212,-0.30773288604533616,-0.10762291581674423,-0.12329272683361665,-0.2204534403426195,-0.2207025107892991,-0.4278864520200815,-0.25657368693370525,-1.006257256630098,-0.11589974454206473,-0.4166051092479476,-0.007509577969650608,0.4316139557991438,0.406619101590397,0.5419133206350071,-0.05539055070401346,0.1135715004198142,-0.3032630397310477,0.11976754845490645,-0.09641439937497107,0.09090836188388768,0.39604162392893544,-0.04817594499151861,0.1885053523339192,0.41259049146209037,0.05109631339059734,0.0720918609028828,-0.4639362278308576,-0.13622472218754894,-0.115325974375897,0.1485391380656772,0.009419653022320848,0.02046444718795746
-0.13429256693216834,0.839663820228344,-0.771322763951715,0.14881739907317915,0.29106615685938,0.9386213403612224,-1.6000973044630722,0.7645172862100497,0.5666334915653097,-0.2613469813713095,-0.12744505079537438,-1.8410456293839443,-1.9528427943868074,0.10582704941633408,-0.39351678123117,-0.8522914769484756,-0.9927776656050973,-0.5866368722988525,-0.8075990408370866,-2.869295681593264,-2.1238986451370594,-1.6505685043974119,-0.6236067907052598,1.2547915523291913,1.4079582183039456,1.4041754895155205,-0.9279600056952306,0.22176974455901136,-1.326748037950197,-0.15016640686168137,-0.9237577638214997,0.06458309194468999,1.3051751235967803,-0.027337815642207924,0.6568005634027977,1.1665481672309521,1.018269471911322,0.6620213304824082,-1.2896313907774748,0.14345063178370793,-0.47052263998174604,-0.10465926662431585,0.3633821971057908,0.10664828215410543
1.4659304400000412,-2.028864823735252,1.0681474276107112,-0.06068633385193289,-0.3963285652238215,-1.6000973044630722,3.8753258619970743,-1.9089178175400807,-1.76782064022555,0.3415286822094974,0.29880383754056516,6.087491558724063,4.408058116094881,-0.2999007961728318,1.2638534194809221,2.9704769753184954,2.7633027542676,1.0476811949102751,1.3317114726597847,6.979229764194931,5.57832706383078,3.958856643038097,2.0942848236633207,-3.3036794060164336,-4.01696864181888,-3.3530380508908597,1.9846453412369012,-0.45270288656630026,3.3209700578726395,0.6207394645159021,2.94407703000465,-0.6415898853673307,-3.0981768100747837,-0.9956817464555937,-1.88471243152026,-3.9491147380128133,-3.6757656930707165,-1.8984058536879844,2.3108498611655004,-0.11559417724637466,1.0417256436173346,1.3364798163136693,-0.15093610180721237,0.009562086998696503
-0.7701124404265186,0.802728338772108,-0.5227370887196837,0.010766460664931426,0.13834446836382616,0.7645172862100497,-1.9089178175400807,0.9909645025860333,0.9686049166559328,-0.26946226282627544,-0.025686681680698126,-3.1050079370777888,-2.3422555426734673,0.2702321061480917,-0.5724892213137928,-1.4011615623420781,-1.3684154807126252,-0.26228042865287693,-0.6271137202948076,-3.1444956267962048,-3.1045804038849436,-1.9426460981412128,-1.1414070835395393,1.4982689756316248,1.8966071764098595,1.4533637958674552,-1.1538162225035864,0.173689255131243,-1.6418818140965818,-0.43624523344876454,-1.533026497043386,0.22796431579538104,1.464902669749603,0.4863286806556473,0.8753012120387647,1.7684325487890273,1.9313579374171252,1.0044498078287967,-1.039116085081561,0.21971215740978292,-0.5226105357767945,-0.7686333899167964,0.18794514271535015,0.007431052278020978
-0.9632278066785124,0.5703228029652867,-0.3362674198545251,-0.052412945306834484,0.020059275681768313,0.5666334915653097,-1.76782064022555,0.9686049166559328,1.0523208884099051,-0.28424953245962653,0.07853923595767286,-3.271641480228808,-2.2676366845969946,0.3666590301657855,-0.5484929737325159,-1.411713762366676,-1.3358163432518522,0.04476290413629392,-0.4481365096063115,-2.6669528452151803,-3.273361564427022,-1.7844052977111715,-1.258053561058198,1.323695041004267,1.7913310589276206,1.1744646913741092,-1.1773133623729508,0.10273015026599357,-1.5528635420485815,-0.5684986296743574,-1.6248879802858407,0.21621481350798347,1.2856870560639901,0.6288193805646914,0.8274217428008064,1.6857374557817013,2.1189530367583016,1.0443774293840182,-0.7310378031146297,0.313718188028707,-0.47138075321228845,-1.0028186686047318,0.1419695724857127,-0.025903355018438618
-0.0480948681571777,0.2918336433055858,0.2991048516034896,-0.04197308833468084,0.027444270185417403,-0.2613469813713095,0.3415286822094974,-0.26946226282627544,-0.28424953245962653,0.3576679097707496,-0.25946198732566006,0.3777021100494593,0.8983018505411517,-0.31538649363650767,-0.08266988431238123,-0.1170910928335453,0.1688840393310327,-0.41931140250960086,0.21835736276369297,-0.09119354940103484,1.2516134556172038,0.3448846401459357,0.2961335842845132,0.09485324812344392,0.007897114936642084,0.15820522550301028,0.6730336470588435,0.060659673209662,0.2918287716435748,0.30970591732218533,0.27960528246211497,0.2907099913595576,-0.1421528310289863,0.20808707242705785,0.02727920626756432,0.3711726487361402,-0.31069660248935915,-0.2596819911439255,0.1781971615178942,-0.4766198981840463,0.13763861072680356,0.10293816237242037,-0.479183822488445,-0.10523897238374658
0.08116197222762318,-0.6558247514295071,0.02103229947146801,-0.025864953597609663,-0.15337075115950596,-0.12744505079537438,0.29880383754056516,-0.025686681680698126,0.07853923595767286,-0.25946198732566006,0.33092977299820153,0.32810158068914874,-0.13017534790366073,0.28785767607632545,0.24564709945355312,0.460002574605771,0.22312614030404132,0.6951913594008459,0.12248543721033027,1.2857967032143263,-0.45053652671678845,0.3189005526303247,-0.07225953913155757,-0.6066449732484197,-0.5718984500804218,-0.7541268364994048,-0.32047526376183005,-0.15496430970646,0.24330438760430806,-0.2658392233174519,0.07032245602754167,-0.31901309849239284,-0.39066609208027986,-0.17861626894676408,-0.3014999171043894,-0.8483890161839784,-0.07086132107077245,0.008231277217682378,0.3633074561368584,0.4301727233192466,0.048645426754553404,-0.08999243905697994,0.33931886908089703,0.05609905422163494
3.4750678197096123,-2.9451167481392453,0.9029264645578146,0.19020509987932216,-0.24495649865796212,-1.8410456293839443,6.087491558724063,-3.1050079370777888,-3.271641480228808,0.3777021100494593,0.32810158068914874,11.301951940690824,6.858183524781797,-0.6696579941257172,2.248240528995885,5.484174807409628,4.688099076506008,0.9816374245115937,1.4731944024730435,10.65980286815572,9.653882397014065,6.173858540609901,3.9898886317603472,-5.292897573233322,-6.786584836207459,-5.023553395099502,3.0895728977036714,-0.5668004878397348,5.3624738501400575,1.4004244663183874,5.43216481516228,-1.3468399016162962,-4.712742084655017,-2.5530606496804866,-3.220799663760645,-7.075184642194027,-7.1130600855848005,-3.360587373600652,2.7345887052625595,-0.1946525596770512,1.5433354659673044,3.2817159928069612,0.3275187368476159,0.23765780601328285
1.5004559598900598,-1.5159217696275864,1.4712180908761445,-0.11923862354933044,-0.30773288604533616,-1.9528427943868074,4.408058116094881,-2.3422555426734673,-2.2676366845969946,0.8983018505411517,-0.13017534790366073,6.858183524781797,5.8582725944002565,-0.8335380714277785,1.1634159113347524,2.848296530870925,3.0474187506301567,0.29350138931514047,1.6268347780622299,6.769002122173696,7.692176331399068,4.490368027922859,2.638432509642839,-3.1495698461764916,-4.021761503928652,-3.076512487288087,3.0724065572129127,-0.33532211686711655,3.808056177460144,1.1708714345556261,3.4770010351505296,-0.18363046494389135,-3.277943388934536,-0.728324297108255,-1.8763736379633558,-3.405463503324574,-4.300163181005307,-2.352389606723824,2.5036318433859805,-0.912594480747276,1.245612651624777,1.6121547953463993,-0.876055988064373,-0.15002508930292632
-0.17490388592455514,-0.3629074458162057,-0.1252448568531007,-0.013766618643529911,-0.10762291581674423,0.10582704941633408,-0.2999007961728318,0.2702321061480917,0.3666590301657855,-0.31538649363650767,0.28785767607632545,-0.6696579941257172,-0.8335380714277785,0.3503203740130251,0.04103253862919546,-0.019693131611427692,-0.20769568501393781,0.5648665322597254,-0.07774627423873678,0.22487442721463907,-1.369686280767315,-0.2906281167030615,-0.41555463041635327,-0.10474574196846957,0.04802671996546217,-0.2409028673702171,-0.6431253377924416,-0.09392926324286598,-0.2849886173935414,-0.38851651061941145,-0.4130150527896776,-0.22678427642167473,0.07368018212867175,-0.018603061839531164,0.008568290928185304,-0.23287751469547438,0.5442220990886882,0.31463084123136387,0.029485090033798764,0.4770654490220141,-0.10614126228007646,-0.32831074994447346,0.3597772386848649,0.05968490866197056
0.694873753508579,-0.9052425515004088,0.16612709502627684,0.0232157728284031,-0.12329272683361665,-0.39351678123117,1.2638534194809221,-0.5724892213137928,-0.5484929737325159,-0.08266988431238123,0.24564709945355312,2.248240528995885,1.1634159113347524,0.04103253862919546,0.5563010236405722,1.2620231387522005,0.9762301589113317,0.5672967394745924,0.3236779412894546,2.650023623762869,1.4931889032937578,1.2944728806345045,0.6913286545311237,-1.3032846873074344,-1.5532844387022937,-1.3382304620302123,0.37116282528081873,-0.18483751830850087,1.1106870872047045,0.10557671369624896,1.0334212644616614,-0.4261257037600694,-1.066792513178559,-0.5773285784396787,-0.7570550211781517,-1.7739944591854548,-1.3402080018511393,-0.6097298291796532,0.6847080959000776,0.2113776064571911,0.3046805325055058,0.5594672036284185,0.2629840825159747,0.0777809986583593
1.746742140216025,-1.9367786365204789,0.3224026494003476,0.10390723401748551,-0.2204534403426195,-0.8522914769484756,2.9704769753184954,-1.4011615623420781,-1.411713762366676,-0.1170910928335453,0.460002574605771,5.484174807409628,2.848296530870925,-0.019693131611427692,1.2620231387522005,2.9708001419810524,2.3290337863352994,1.063579923930736,0.6873554868010581,5.945339560291473,3.856838348129387,3.027600197340388,1.7556056128757864,-2.94758713966063,-3.620123948005198,-2.930428066574444,1.0137864732980373,-0.3872056541257013,2.6051968500296474,0.38696001622541626,2.539544782764875,-0.9681673324767146,-2.4560398483941506,-1.4373771685869967,-1.7384915498549953,-4.080466149414726,-3.3453513600269815,-1.5085908152522387,1.4556032892846262,0.36971609114312465,0.7171967058077451,1.4912624617092254,0.5640074379889797,0.1951963850648873
1.2963283397614263,-1.474674820377242,0.5852074764039177,0.028373688190981412,-0.2207025107892991,-0.9927776656050973,2.7633027542676,-1.3684154807126252,-1.3358163432518522,0.1688840393310327,0.22312614030404132,4.688099076506008,3.0474187506301567,-0.20769568501393781,0.9762301589113317,2.3290337863352994,2.0538635028579564,0.6978555601167525,0.8104954005364918,5.021768446213889,4.0249577032986625,2.818961436376054,1.6107729959988117,-2.429567905317786,-3.012896495916561,-2.402677157001465,1.3318702942762133,-0.30819288228870334,2.3900430758379105,0.48173169154019013,2.2447621119367582,-0.5804295326514961,-2.2098947675681506,-0.9562646915753282,-1.4118278991504412,-3.0943688804621687,-2.87541440243697,-1.4124250809296117,1.4768844715911247,-0.003496763953148514,0.7219768607004063,1.18417193733581,0.07167411956507705,0.07087831334978724
0.0826167223490654,-1.5723919591371718,0.3477655727635095,-0.10757231989378468,-0.4278864520200815,-0.5866368722988525,1.0476811949102751,-0.26228042865287693,0.04476290413629392,-0.41931140250960086,0.6951913594008459,0.9816374245115937,0.29350138931514047,0.5648665322597254,0.5672967394745924,1.063579923930736,0.6978555601167525,1.617957684250017,0.5229247402593641,3.3904707831788223,-0.39720294184211186,1.1119456605955411,-0.031533962605992644,-1.552184862987705,-1.4930271419384782,-1.9076178041376912,-0.37490577739002545,-0.3862810089299629,0.8349749956040863,-0.5393392493966879,0.31508739389528406,-0.6252707557352026,-1.174512843030001,-0.2674329123479655,-0.7371648194600763,-1.9311481018411414,-0.28178012808297276,-0.13683906769218887,1.1761045780756314,0.8375049553942799,0.24711712343245504,-0.2652216670557779,0.5149457165980219,0.06912900555567729
0.06720639277649167,-0.7142150833631884,0.6678889242653184,-0.14108108204830275,-0.25657368693370525,-0.8075990408370866,1.3317114726597847,-0.6271137202948076,-0.4481365096063115,0.21835736276369297,0.12248543721033027,1.4731944024730435,1.6268347780622299,-0.07774627423873678,0.3236779412894546,0.6873554868010581,0.8104954005364918,0.5229247402593641,0.7029072935954501,2.4176532290736334,1.7285010850502087,1.374190226788955,0.48638476450795515,-1.0446257537661665,-1.1548538743730732,-1.1948098805072525,0.7686126053821071,-0.19129972802793932,1.1058403576931601,0.1097668492211731,0.7392723386118587,-0.04023130709588283,-1.0903211052535837,0.0685325242708954,-0.5511362826906308,-0.9454335534054296,-0.7999897442081907,-0.5329289249725422,1.1122230576809193,-0.12389218355173649,0.3913978540813161,0.03826956674366407,-0.31888287399911597,-0.1021072532512656
2.6040629084771147,-4.892011934880063,1.7529334710582436,-0.13553098461676763,-1.006257256630098,-2.869295681593264,6.979229764194931,-3.1444956267962048,-2.6669528452151803,-0.09119354940103484,1.2857967032143263,10.65980286815572,6.769002122173696,0.22487442721463907,2.650023623762869,5.945339560291473,5.021768446213889,3.3904707831788223,2.4176532290736334,14.410807595908603,7.884245844381751,7.171574147722742,3.2204567440478034,-6.8235527701552865,-7.905077106518665,-7.250724604720987,2.396512916780548,-1.1028103144669381,5.9499951091835674,0.3489326449550618,4.936528642106368,-1.8409746327897167,-5.96570947816265,-2.098391031864015,-3.7757933335011598,-8.496878970105431,-6.131126333488816,-3.054294690758256,4.587282693380575,0.8961493341474164,1.801453577946674,1.9745403391133725,0.6188133172674417,0.1688365540587845
2.5096218602665896,-1.442786108131072,1.5043000181735702,0.01141051492856255,-0.11589974454206473,-2.1238986451370594,5.57832706383078,-3.1045804038849436,-3.273361564427022,1.2516134556172038,-0.45053652671678845,9.653882397014065,7.692176331399068,-1.369686280767315,1.4931889032937578,3.856838348129387,4.0249577032986625,-0.39720294184211186,1.7285010850502087,7.884245844381751,10.789232639927562,5.644330212269907,3.8517734486534163,-3.7906863954658587,-5.1512272209044525,-3.41132722463779,4.199817479194513,-0.27167736126331105,4.890411666634429,1.9131172374783498,4.911387842833573,-0.22438730719994657,-3.9650954712279116,-1.3559608621117025,-2.3911746842540493,-4.371103800297114,-6.26628273382503,-3.2693242005697476,2.5821348756020726,-1.4611401153108206,1.5505023597440586,2.771435316638939,-1.065327460053569,-0.11114601261631607
1.4732892236470263,-2.1027949303635882,1.1089659657950932,-0.06399998699780023,-0.4166051092479476,-1.6505685043974119,3.958856643038097,-1.9426460981412128,-1.7844052977111715,0.3448846401459357,0.3189005526303247,6.173858540609901,4.490368027922859,-0.2906281167030615,1.2944728806345045,3.027600197340388,2.818961436376054,1.1119456605955411,1.374190226788955,7.171574147722742,5.644330212269907,4.051993157180162,2.1156895743847146,-3.384417610385308,-4.103969024887711,-3.453131519684131,2.008856548405946,-0.46471643145014047,3.3924046374686263,0.6130862698847429,2.9829240998859023,-0.6586252812716047,-3.1804204100086837,-1.0041681822238175,-1.9259916117445366,-4.0421455500826005,-3.71868774257836,-1.928587484756433,2.3864711240056846,-0.09866984245712154,1.0667541139373433,1.3349606249146202,-0.15176371944463737,0.006829752915639343
1.2290524919378694,-0.7167581891235064,0.34150051741735765,0.08120798349727595,-0.007509577969650608,-0.6236067907052598,2.0942848236633207,-1.1414070835395393,-1.258053561058198,0.2961335842845132,-0.07225953913155757,3.9898886317603472,2.638432509642839,-0.41555463041635327,0.6913286545311237,1.7556056128757864,1.6107729959988117,-0.031533962605992644,0.48638476450795515,3.2204567440478034,3.8517734486534163,2.1156895743847146,1.5232200986697366,-1.6187174206234278,-2.1853324866327575,-1.4347226542506897,1.3428450804791299,-0.12336209555395654,1.8546890295140932,0.6688128962864096,1.9731538333645964,-0.3054941809697627,-1.5284933773393647,-0.829653103810107,-1.0157032430086483,-2.120921688890492,-2.5833072725090256,-1.2529123504591253,0.8222963185903294,-0.3236817599876642,0.5507415043232395,1.2560191478026481,-0.08916398126096708,0.05352175262304855
-1.4081220815292999,2.3171008971065405,-0.7092466996326988,0.022921354825377434,0.4316139557991438,1.2547915523291913,-3.3036794060164336,1.4982689756316248,1.323695041004267,0.09485324812344392,-0.6066449732484197,-5.292897573233322,-3.1495698461764916,-0.10474574196846957,-1.3032846873074344,-2.94758713966063,-2.429567905317786,-1.552184862987705,-1.0446257537661665,-6.8235527701552865,-3.7906863954658587,-3.384417610385308,-1.6187174206234278,3.2831526998856826,3.8379300413092157,3.42822610040378,-1.090789511092496,0.5168058668971537,-2.82967502422495,-0.19618832305649977,-2.448785130252576,0.9460370433179319,2.808108712254216,1.1561427822114703,1.8274817104590242,4.1929413401270335,3.077685654863919,1.4905961904294698,-2.0509254217194086,-0.46819225488120436,-0.8388836757670685,-1.0970383948397693,-0.40623445554498616,-0.12471125102357579
-1.92054455651203,2.549122553639024,-0.754380246862377,-0.041610009666029096,0.406619101590397,1.4079582183039456,-4.01696864181888,1.8966071764098595,1.7913310589276206,0.007897114936642084,-0.5718984500804218,-6.786584836207459,-4.021761503928652,0.04802671996546217,-1.5532844387022937,-3.620123948005198,-3.012896495916561,-1.4930271419384782,-1.1548538743730732,-7.905077106518665,-5.1512272209044525,-4.103969024887711,-2.1853324866327575,3.8379300413092157,4.630505248456884,3.888169182687393,-1.5333361645871528,0.5450265905701602,-3.463288266512029,-0.4543075449817462,-3.1740629441462156,1.0944265916218887,3.3310182021170736,1.5366374716262103,2.1894371556990353,5.003184249981028,4.067903384155407,1.9429224604937996,-2.2522802506142696,-0.3731885844341109,-1.0195222280738305,-1.6235009996794878,-0.43177254611798127,-0.16711579253630746
-1.208756849240998,2.567063202103426,-0.8452295154753727,0.09435863782940876,0.5419133206350071,1.4041754895155205,-3.3530380508908597,1.4533637958674552,1.1744646913741092,0.15820522550301028,-0.7541268364994048,-5.023553395099502,-3.076512487288087,-0.2409028673702171,-1.3382304620302123,-2.930428066574444,-2.402677157001465,-1.9076178041376912,-1.1948098805072525,-7.250724604720987,-3.41132722463779,-3.453131519684131,-1.4347226542506897,3.42822610040378,3.888169182687393,3.7170308980532365,-0.9613299434756978,0.5850018680359695,-2.8638564812819225,-0.028868730986150132,-2.2953933490572784,0.9740663426945471,2.9243629210859585,1.0074474122919799,1.884722515143998,4.27949273540231,2.8211653175145317,1.3972965698722628,-2.3143634913704054,-0.5997195324619035,-0.8530173852447257,-0.8329357203760205,-0.4240378777093152,-0.09000410028042488
0.6126165897565651,-0.24471925363516087,0.7740184283524365,-0.06482860525443887,-0.05539055070401346,-0.9279600056952306,1.9846453412369012,-1.1538162225035864,-1.1773133623729508,0.6730336470588435,-0.32047526376183005,3.0895728977036714,3.0724065572129127,-0.6431253377924416,0.37116282528081873,1.0137864732980373,1.3318702942762133,-0.37490577739002545,0.7686126053821071,2.396512916780548,4.199817479194513,2.008856548405946,1.3428450804791299,-1.090789511092496,-1.5333361645871528,-0.9613299434756978,1.8171029841646016,-0.054928840767904656,1.7194327827268752,0.7834765895933624,1.6481381192550337,0.19191735587411934,-1.3432867249676075,-0.14811268149341197,-0.6934762341904275,-0.9698307894938942,-2.030662881033729,-1.1674741019506683,1.0306864631696144,-0.8190544682438701,0.5928396180153437,0.8069325427030684,-0.7571061394734148,-0.1400063575423241
-0.0986579757191307,0.4346473481818689,-0.14216345295781857,0.0315574193843495,0.1135715004198142,0.22176974455901136,-0.45270288656630026,0.173689255131243,0.10273015026599357,0.060659673209662,-0.15496430970646,-0.5668004878397348,-0.33532211686711655,-0.09392926324286598,-0.18483751830850087,-0.3872056541257013,-0.30819288228870334,-0.3862810089299629,-0.19129972802793932,-1.1028103144669381,-0.27167736126331105,-0.46471643145014047,-0.12336209555395654,0.5168058668971537,0.5450265905701602,0.5850018680359695,-0.054928840767904656,0.11405577187096205,-0.37004748440997987,0.07159686784466977,-0.24550993229347204,0.16050928100920972,0.42373010528327026,0.10531591570162993,0.2586830462514456,0.6159069935847387,0.27567834050821877,0.14260571386454712,-0.38737606969856303,-0.15719032432680474,-0.11498967561786863,-0.02125303870559537,-0.08488132529140395,-0.01391565713152101
1.3481221552394,-1.7090481803605373,0.8651257648854188,-0.04116545498448044,-0.3032630397310477,-1.326748037950197,3.3209700578726395,-1.6418818140965818,-1.5528635420485815,0.2918287716435748,0.24330438760430806,5.3624738501400575,3.808056177460144,-0.2849886173935414,1.1106870872047045,2.6051968500296474,2.3900430758379105,0.8349749956040863,1.1058403576931601,5.9499951091835674,4.890411666634429,3.3924046374686263,1.8546890295140932,-2.82967502422495,-3.463288266512029,-2.8638564812819225,1.7194327827268752,-0.37004748440997987,2.8756044314729596,0.5808694020205609,2.5974276297226053,-0.553446040599437,-2.6329451914394992,-0.9069725858504355,-1.6485211425458632,-3.431447252730872,-3.262891130693565,-1.6644482033989576,1.9154458165815906,-0.13196611130965852,0.8837430594599829,1.237926788484026,-0.10086858908493579,0.012190289301089964
0.4492883107175881,0.20563810202583846,0.10645561962819952,0.04362325053303873,0.11976754845490645,-0.15016640686168137,0.6207394645159021,-0.43624523344876454,-0.5684986296743574,0.30970591732218533,-0.2658392233174519,1.4004244663183874,1.1708714345556261,-0.38851651061941145,0.10557671369624896,0.38696001622541626,0.48173169154019013,-0.5393392493966879,0.1097668492211731,0.3489326449550618,1.9131172374783498,0.6130862698847429,0.6688128962864096,-0.19618832305649977,-0.4543075449817462,-0.028868730986150132,0.7834765895933624,0.07159686784466977,0.5808694020205609,0.48532917376669155,0.756617535797554,0.11754657173001105,-0.3156309778411522,-0.1959956102422436,-0.2109345327413661,-0.23413548194543182,-1.0196120650069032,-0.5148646032172938,0.05186919010771584,-0.47364474853485167,0.1769994844419785,0.5866708418480454,-0.28199637144608014,-0.029712330576249432
1.6365748218978111,-1.2791729867187442,0.4970104948513956,0.07754257014393065,-0.09641439937497107,-0.9237577638214997,2.94407703000465,-1.533026497043386,-1.6248879802858407,0.27960528246211497,0.07032245602754167,5.43216481516228,3.4770010351505296,-0.4130150527896776,1.0334212644616614,2.539544782764875,2.2447621119367582,0.31508739389528406,0.7392723386118587,4.936528642106368,4.911387842833573,2.9829240998859023,1.9731538333645964,-2.448785130252576,-3.1740629441462156,-2.2953933490572784,1.6481381192550337,-0.24550993229347204,2.5974276297226053,0.756617535797554,2.6448461304695976,-0.5430437959657405,-2.232493086570648,-1.146828601547297,-1.5015663666159564,-3.2048984523822104,-3.4424876340855843,-1.6580990911506652,1.311840888295616,-0.2383465113569715,0.760074030703424,1.589603113143764,0.01867284518751783,0.08349203145066358
-0.5509234075629384,0.7953930944834288,0.11866665913006086,-0.07605126244460822,0.09090836188388768,0.06458309194468999,-0.6415898853673307,0.22796431579538104,0.21621481350798347,0.2907099913595576,-0.31901309849239284,-1.3468399016162962,-0.18363046494389135,-0.22678427642167473,-0.4261257037600694,-0.9681673324767146,-0.5804295326514961,-0.6252707557352026,-0.04023130709588283,-1.8409746327897167,-0.22438730719994657,-0.6586252812716047,-0.3054941809697627,0.9460370433179319,1.0944265916218887,0.9740663426945471,0.19191735587411934,0.16050928100920972,-0.553446040599437,0.11754657173001105,-0.5430437959657405,0.5128298708961265,0.6464260840851302,0.5970835888266292,0.5220590831246555,1.4934980201739354,0.76490480225068,0.2592962341499772,-0.30421997624742225,-0.47589849208490453,-0.11935728478407834,-0.3697847757912359,-0.5180657813299757,-0.14332245233047294
-1.1095365001890514,1.8892205776842943,-0.8555285967464225,0.04947909590128976,0.39604162392893544,1.3051751235967803,-3.0981768100747837,1.464902669749603,1.2856870560639901,-0.1421528310289863,-0.39066609208027986,-4.712742084655017,-3.277943388934536,0.07368018212867175,-1.066792513178559,-2.4560398483941506,-2.2098947675681506,-1.174512843030001,-1.0903211052535837,-5.96570947816265,-3.9650954712279116,-3.1804204100086837,-1.5284933773393647,2.808108712254216,3.3310182021170736,2.9243629210859585,-1.3432867249676075,0.42373010528327026,-2.6329451914394992,-0.3156309778411522,-2.232493086570648,0.6464260840851302,2.57804536622261,0.8303154671388756,1.5592122371239499,3.4046333697190416,2.7724146049213942,1.4247130209724532,-1.9702222009253154,-0.14789953248328097,-0.8270180164713804,-0.929771375437207,-0.037153003940891965,-0.03562417559846631
-1.1076536074986578,0.7195248781589667,0.2661561764443429,-0.19022399116118024,-0.04817594499151861,-0.027337815642207924,-0.9956817464555937,0.4863286806556473,0.6288193805646914,0.20808707242705785,-0.17861626894676408,-2.5530606496804866,-0.728324297108255,-0.018603061839531164,-0.5773285784396787,-1.4373771685869967,-0.9562646915753282,-0.2674329123479655,0.0685325242708954,-2.098391031864015,-1.3559608621117025,-1.0041681822238175,-0.829653103810107,1.1561427822114703,1.5366374716262103,1.0074474122919799,-0.14811268149341197,0.10531591570162993,-0.9069725858504355,-0.1959956102422436,-1.146828601547297,0.5970835888266292,0.8303154671388756,1.0105867036699572,0.7167198550709983,1.9656753325186545,1.6394429723182262,0.6224010750028361,-0.13191409594931083,-0.31480035006500845,-0.19871019772353005,-0.9784560580742345,-0.5758083352109731,-0.2085916346838575
-0.9186795073509936,1.2272680934414348,-0.33784879600061185,-0.003599490086238249,0.1885053523339192,0.6568005634027977,-1.88471243152026,0.8753012120387647,0.8274217428008064,0.02727920626756432,-0.3014999171043894,-3.220799663760645,-1.8763736379633558,0.008568290928185304,-0.7570550211781517,-1.7384915498549953,-1.4118278991504412,-0.7371648194600763,-0.5511362826906308,-3.7757933335011598,-2.3911746842540493,-1.9259916117445366,-1.0157032430086483,1.8274817104590242,2.1894371556990353,1.884722515143998,-0.6934762341904275,0.2586830462514456,-1.6485211425458632,-0.2109345327413661,-1.5015663666159564,0.5220590831246555,1.5592122371239499,0.7167198550709983,1.0722541566634058,2.3969483872602373,1.9273982108532948,0.9090460846860823,-1.0648759763447422,-0.17626091061681284,-0.467088915803971,-0.7630007772351194,-0.2330655129519153,-0.0690941707879614
-2.239160311124276,2.9848261260963205,-0.42274812214451246,-0.12503308850362846,0.41259049146209037,1.1665481672309521,-3.9491147380128133,1.7684325487890273,1.6857374557817013,0.3711726487361402,-0.8483890161839784,-7.075184642194027,-3.405463503324574,-0.23287751469547438,-1.7739944591854548,-4.080466149414726,-3.0943688804621687,-1.9311481018411414,-0.9454335534054296,-8.496878970105431,-4.371103800297114,-4.0421455500826005,-2.120921688890492,4.1929413401270335,5.003184249981028,4.27949273540231,-0.9698307894938942,0.6159069935847387,-3.431447252730872,-0.23413548194543182,-3.2048984523822104,1.4934980201739354,3.4046333697190416,1.9656753325186545,2.3969483872602373,5.814164608032709,4.199661891857801,1.8664947346661793,-2.1196390022229536,-0.864025169470351,-0.9414839985205357,-1.7755198973184203,-1.000568284705166,-0.30540199300900367
-2.268614172952192,1.5662513547288623,-0.45903329861188946,-0.161116516733925,0.05109631339059734,1.018269471911322,-3.6757656930707165,1.9313579374171252,2.1189530367583016,-0.31069660248935915,-0.07086132107077245,-7.1130600855848005,-4.300163181005307,0.5442220990886882,-1.3402080018511393,-3.3453513600269815,-2.87541440243697,-0.28178012808297276,-0.7999897442081907,-6.131126333488816,-6.26628273382503,-3.71868774257836,-2.5833072725090256,3.077685654863919,4.067903384155407,2.8211653175145317,-2.030662881033729,0.27567834050821877,-3.262891130693565,-1.0196120650069032,-3.4424876340855843,0.76490480225068,2.7724146049213942,1.6394429723182262,1.9273982108532948,4.199661891857801,4.560705877347708,2.135694611206018,-1.4601157892631766,0.2796338428966454,-0.9282780143923933,-2.212669173585727,-0.14987371986625128,-0.15187833466042483
-0.9473923208755383,0.7428850215363567,-0.4113268854284297,-0.02803202486954143,0.0720918609028828,0.6620213304824082,-1.8984058536879844,1.0044498078287967,1.0443774293840182,-0.2596819911439255,0.008231277217682378,-3.360587373600652,-2.352389606723824,0.31463084123136387,-0.6097298291796532,-1.5085908152522387,-1.4124250809296117,-0.13683906769218887,-0.5329289249725422,-3.054294690758256,-3.2693242005697476,-1.928587484756433,-1.2529123504591253,1.4905961904294698,1.9429224604937996,1.3972965698722628,-1.1674741019506683,0.14260571386454712,-1.6644482033989576,-0.5148646032172938,-1.6580990911506652,0.2592962341499772,1.4247130209724532,0.6224010750028361,0.9090460846860823,1.8664947346661793,2.135694611206018,1.0679674585511976,-0.8930313076546461,0.24679193287684276,-0.5061530934689045,-0.9519028319472018,0.11902065691228635,-0.01898820502236267
0.28961402206828846,-1.5099532249293661,0.9988787914538249,-0.19493787074156171,-0.4639362278308576,-1.2896313907774748,2.3108498611655004,-1.039116085081561,-0.7310378031146297,0.1781971615178942,0.3633074561368584,2.7345887052625595,2.5036318433859805,0.029485090033798764,0.6847080959000776,1.4556032892846262,1.4768844715911247,1.1761045780756314,1.1122230576809193,4.587282693380575,2.5821348756020726,2.3864711240056846,0.8222963185903294,-2.0509254217194086,-2.2522802506142696,-2.3143634913704054,1.0306864631696144,-0.38737606969856303,1.9154458165815906,0.05186919010771584,1.311840888295616,-0.30421997624742225,-1.9702222009253154,-0.13191409594931083,-1.0648759763447422,-2.1196390022229536,-1.4601157892631766,-0.8930313076546461,1.892102227215146,0.08359094220415628,0.6526269768286509,0.14464634569508572,-0.24242925635706558,-0.09086955130785251
0.06889402156788157,-0.6943017768490595,-0.23245656886727947,0.04235063521062653,-0.13622472218754894,0.14345063178370793,-0.11559417724637466,0.21971215740978292,0.313718188028707,-0.4766198981840463,0.4301727233192466,-0.1946525596770512,-0.912594480747276,0.4770654490220141,0.2113776064571911,0.36971609114312465,-0.003496763953148514,0.8375049553942799,-0.12389218355173649,0.8961493341474164,-1.4611401153108206,-0.09866984245712154,-0.3236817599876642,-0.46819225488120436,-0.3731885844341109,-0.5997195324619035,-0.8190544682438701,-0.15719032432680474,-0.13196611130965852,-0.47364474853485167,-0.2383465113569715,-0.47589849208490453,-0.14789953248328097,-0.31480035006500845,-0.17626091061681284,-0.864025169470351,0.2796338428966454,0.24679193287684276,0.08359094220415628,0.7406838274332184,-0.07969619724860433,-0.17059395103834238,0.6391172168380245,0.14415529501506355
0.3261842614182513,-0.5003129311644371,0.3438545968386866,-0.02625415401619827,-0.115325974375897,-0.47052263998174604,1.0417256436173346,-0.5226105357767945,-0.47138075321228845,0.13763861072680356,0.048645426754553404,1.5433354659673044,1.245612651624777,-0.10614126228007646,0.3046805325055058,0.7171967058077451,0.7219768607004063,0.24711712343245504,0.3913978540813161,1.801453577946674,1.5505023597440586,1.0667541139373433,0.5507415043232395,-0.8388836757670685,-1.0195222280738305,-0.8530173852447257,0.5928396180153437,-0.11498967561786863,0.8837430594599829,0.1769994844419785,0.760074030703424,-0.11935728478407834,-0.8270180164713804,-0.19871019772353005,-0.467088915803971,-0.9414839985205357,-0.9282780143923933,-0.5061530934689045,0.6526269768286509,-0.07969619724860433,0.29227094927519404,0.3111508917515366,-0.11845229557811088,-0.01514819038206558
1.2888044794517755,-0.3898057170192778,-0.12400125313684071,0.1854153261445002,0.1485391380656772,-0.10465926662431585,1.3364798163136693,-0.7686333899167964,-1.0028186686047318,0.10293816237242037,-0.08999243905697994,3.2817159928069612,1.6121547953463993,-0.32831074994447346,0.5594672036284185,1.4912624617092254,1.18417193733581,-0.2652216670557779,0.03826956674366407,1.9745403391133725,2.771435316638939,1.3349606249146202,1.2560191478026481,-1.0970383948397693,-1.6235009996794878,-0.8329357203760205,0.8069325427030684,-0.02125303870559537,1.237926788484026,0.5866708418480454,1.589603113143764,-0.3697847757912359,-0.929771375437207,-0.9784560580742345,-0.7630007772351194,-1.7755198973184203,-2.212669173585727,-0.9519028319472018,0.14464634569508572,-0.17059395103834238,0.3111508917515366,1.303342183036955,0.21523733755989546,0.13930382047424156
0.42455865621429933,-0.5111601459536251,-0.4733159222147831,0.12229402992464103,0.009419653022320848,0.3633821971057908,-0.15093610180721237,0.18794514271535015,0.1419695724857127,-0.479183822488445,0.33931886908089703,0.3275187368476159,-0.876055988064373,0.3597772386848649,0.2629840825159747,0.5640074379889797,0.07167411956507705,0.5149457165980219,-0.31888287399911597,0.6188133172674417,-1.065327460053569,-0.15176371944463737,-0.08916398126096708,-0.40623445554498616,-0.43177254611798127,-0.4240378777093152,-0.7571061394734148,-0.08488132529140395,-0.10086858908493579,-0.28199637144608014,0.01867284518751783,-0.5180657813299757,-0.037153003940891965,-0.5758083352109731,-0.2330655129519153,-1.000568284705166,-0.14987371986625128,0.11902065691228635,-0.24242925635706558,0.6391172168380245,-0.11845229557811088,0.21523733755989546,0.7516694751037442,0.19165546769005817
0.18015774461852976,-0.10917802703421914,-0.1384435527719875,0.05408899870614758,0.02046444718795746,0.10664828215410543,0.009562086998696503,0.007431052278020978,-0.025903355018438618,-0.10523897238374658,0.05609905422163494,0.23765780601328285,-0.15002508930292632,0.05968490866197056,0.0777809986583593,0.1951963850648873,0.07087831334978724,0.06912900555567729,-0.1021072532512656,0.1688365540587845,-0.11114601261631607,0.006829752915639343,0.05352175262304855,-0.12471125102357579,-0.16711579253630746,-0.09000410028042488,-0.1400063575423241,-0.01391565713152101,0.012190289301089964,-0.029712330576249432,0.08349203145066358,-0.14332245233047294,-0.03562417559846631,-0.2085916346838575,-0.0690941707879614,-0.30540199300900367,-0.15187833466042483,-0.01898820502236267,-0.09086955130785251,0.14415529501506355,-0.01514819038206558,0.13930382047424156,0.19165546769005817,0.06362762745224781
