V1,V2,V3,V4,V5,V6,V7,V8,V9,V10,V11,V12,V13,V14,V15,V16,V17,V18,V19,V20,V21,V22,V23,V24,V25,V26,V27,V28,V29
19.960793989989288,-63.67087033666872,11.47321783701335,8.206611199208416,-41.82510258191665,21.081981149488286,-10.102426744824628,-22.885162222419,34.90328554589858,7.258005567693265,-23.880763966352834,11.099772723398768,50.5799922321871,28.827607359279252,5.508673980942638,4.5156946174638675,-31.841776647230464,69.45098050868296,-8.07585134932813,-58.58716208119158,34.45554627861641,12.539438681636703,38.567170071427654,-10.551245090676694,58.38980756384144,10.017359788899348,-8.646051547707556,26.921707432740583,23.272099134763156
-63.67087033666872,206.48070566804657,-37.51830143252689,-26.6425741571187,136.7471034840615,-68.64717657395991,33.505370577802275,74.38631974074298,-114.12849625437319,-23.227694309241404,76.42126694552341,-35.700077869909045,-163.2926586632998,-93.28241788185628,-18.15929839878277,-15.392984974280195,103.97875425245338,-225.2115388852484,25.895041127878766,189.09395132882867,-112.26128146482259,-40.31685983043093,-125.84634108441864,34.69007539747333,-190.6097503616916,-32.56373249125287,28.047370833379883,-85.64352509270049,-75.2585640047484
11.47321783701335,-37.51830143252689,7.297833038153453,4.628017781435667,-24.584407851880353,12.560993946273431,-6.851312863432268,-13.806569349619359,21.01283388950917,4.389192164302284,-13.523063210966601,6.807441778921018,29.86154270085308,17.40575684759117,3.3616880173429853,2.676959163016886,-19.35297215000736,40.412727128064255,-4.641302026730071,-33.98985848998694,20.599547252717926,6.636421458754412,23.624163042582083,-6.098276955468895,35.03570010047727,6.305662488633445,-5.0693565706306245,15.290594886286431,13.646244103828124
8.206611199208416,-26.6425741571187,4.628017781435667,3.5649531900881417,-17.90600719520949,8.831802006538142,-4.0084466991803085,-9.491707758967609,14.65501419857426,2.891848878390304,-9.967018291144973,4.437098251936813,20.923583066525826,11.836717766522819,2.3448319073637953,2.0945944373890475,-13.275215900770315,29.298953125583832,-3.3551362269287814,-24.56388903266716,14.465423710186979,5.520081809846818,15.96925246333005,-4.564752648946357,24.528555747886692,4.0051800983483155,-3.643007235680716,11.100011501343175,9.745815475901374
-41.82510258191665,136.7471034840615,-24.584407851880353,-17.90600719520949,91.80632978575892,-45.602875831571474,21.818627204204777,49.598405564924114,-75.57090615120855,-15.36098503758642,50.318128517683185,-23.561784229562075,-107.38608365508802,-61.63813530322093,-12.335377592302207,-10.36182578932757,69.02155777537025,-149.60548507693645,16.882707589296256,125.51084198536427,-74.81305320364555,-27.246556215553717,-83.35461934022074,22.57820695241798,-126.65571087895465,-21.161893091086135,18.7466387096819,-56.617710594298075,-49.96541339370375
21.081981149488286,-68.64717657395991,12.560993946273431,8.831802006538142,-45.602875831571474,22.89418942208629,-11.264639772201058,-24.89324066897724,37.98389207682044,7.7919960894123665,-25.259471430104846,11.970318036325002,54.20270997978059,31.1258047437122,6.116550012480496,5.074459579888952,-34.71061160053402,74.8286523781117,-8.532678155862653,-62.830758840387396,37.45655962376451,13.315835700222491,42.031435424001295,-11.36978627247296,63.52286203872662,10.858885811188706,-9.345301919561066,28.415969291217806,25.033137508901955
-10.102426744824628,33.505370577802275,-6.851312863432268,-4.0084466991803085,21.818627204204777,-11.264639772201058,6.7862077754557495,12.412968733194086,-19.152109614875272,-3.873954729066118,11.74651866346644,-6.164005697060315,-26.816234607991195,-15.784908537526855,-3.0079507142422046,-2.460948691849216,17.663477201938104,-35.725099333921506,4.1339413494528445,29.971041681058175,-18.54785307662803,-5.389783816475449,-21.709203212259066,5.550455042977684,-31.738220216021517,-5.893721370492206,4.49231509433751,-13.203664761283468,-12.129038847252607
-22.885162222419,74.38631974074298,-13.806569349619359,-9.491707758967609,49.598405564924114,-24.89324066897724,12.412968733194086,27.561118041442704,-41.00983938174039,-8.830050702629727,27.129466799175106,-13.453802211343369,-58.574914107832136,-34.18500606160067,-6.847286930855701,-5.133738485807465,37.90468719665356,-80.89204976356211,9.025148438963091,68.21539635696705,-40.937902197511626,-14.256890866793388,-46.013350975733744,11.483355726523474,-69.00235304503457,-11.866952231964675,10.247578900161876,-31.128287148559494,-27.22431814899131
34.90328554589858,-114.12849625437319,21.01283388950917,14.65501419857426,-75.57090615120855,37.98389207682044,-19.152109614875272,-41.00983938174039,63.62224364070015,12.616570887420632,-41.88520530357135,19.592621125904763,90.3391832019648,51.58903451965686,10.009312187951078,8.817601238709333,-57.821402117311784,124.21481074526713,-14.341567223729564,-104.00623867581348,62.14612922110489,21.816736521589757,70.06366747094641,-19.62679442830329,105.89230717081368,18.209146817248584,-15.434535949405202,46.58205073885027,41.492590194728685
7.258005567693265,-23.227694309241404,4.389192164302284,2.891848878390304,-15.36098503758642,7.7919960894123665,-3.873954729066118,-8.830050702629727,12.616570887420632,2.9929921548429195,-8.490032730165199,4.455969183007481,18.314666342196045,10.875082838556931,2.1933952551406537,1.3523256288200143,-11.8487801452586,25.16878579150813,-2.75345430960982,-21.402972544775924,12.821172148643527,4.388763146113255,14.433015148598178,-3.199732673719208,21.412564050128484,3.7788692325054214,-3.230843612379279,10.032039788777132,8.537410973031538
-23.880763966352834,76.42126694552341,-13.523063210966601,-9.967018291144973,50.318128517683185,-25.259471430104846,11.74651866346644,27.129466799175106,-41.88520530357135,-8.490032730165199,28.84323226748469,-12.976910682786148,-60.615597816156324,-34.19524968295577,-6.5287868115693435,-5.678169069936291,37.9432285853149,-83.65700130269143,9.779775338526813,70.33827218289571,-41.14984072325768,-15.390410933659364,-45.80637447729465,13.118713596007632,-69.90610207086354,-11.837749691920358,10.334288752742317,-32.16578627389031,-27.886132156156712
11.099772723398768,-35.700077869909045,6.807441778921018,4.437098251936813,-23.561784229562075,11.970318036325002,-6.164005697060315,-13.453802211343369,19.592621125904763,4.455969183007481,-12.976910682786148,6.747503250306174,28.243626975174955,16.703235402917723,3.321251066400883,2.210407823327101,-18.308320603640414,38.59677788982123,-4.290533160066736,-32.74836277735638,19.710535411401683,6.59859965646415,22.329850723076667,-5.160408347258928,33.08819918074439,5.858738247327697,-4.930346709402326,15.159652668201776,13.090150095133508
50.5799922321871,-163.2926586632998,29.86154270085308,20.923583066525826,-107.38608365508802,54.20270997978059,-26.816234607991195,-58.574914107832136,90.3391832019648,18.314666342196045,-60.615597816156324,28.243626975174955,129.68400527752718,73.89815837343187,14.145991523507048,12.111728476727137,-82.19860700889546,177.7806992289578,-20.689469897044855,-149.37800364229037,88.52279315081942,31.48641209815225,99.61616260296083,-27.756970997478703,150.5830050240971,26.012101025396337,-22.061021203679513,67.74228774665595,59.47555248449462
28.827607359279252,-93.28241788185628,17.40575684759117,11.836717766522819,-61.63813530322093,31.1258047437122,-15.784908537526855,-34.18500606160067,51.58903451965686,10.875082838556931,-34.19524968295577,16.703235402917723,73.89815837343187,42.82957489377941,8.366246759671261,6.557349925730047,-47.47041339110645,101.24180011986307,-11.550892937806617,-85.36325294437,51.07605318984875,17.616512294467498,57.68874491900636,-14.928311522312724,86.44753744116065,15.042306170462028,-12.724850394517821,38.86954367784505,34.089284417570056
5.508673980942638,-18.15929839878277,3.3616880173429853,2.3448319073637953,-12.335377592302207,6.116550012480496,-3.0079507142422046,-6.847286930855701,10.009312187951078,2.1933952551406537,-6.5287868115693435,3.321251066400883,14.145991523507048,8.366246759671261,1.7513552648948008,1.2570807674859101,-9.321583177985122,19.79467975511505,-2.131250299821911,-16.68158017857131,10.10900149765006,3.53548471773043,11.294065132420995,-2.66184251898705,16.946973297767894,2.8525351895985884,-2.5382905428885523,7.5777661759049195,6.665956795679735
4.5156946174638675,-15.392984974280195,2.676959163016886,2.0945944373890475,-10.36182578932757,5.074459579888952,-2.460948691849216,-5.133738485807465,8.817601238709333,1.3523256288200143,-5.678169069936291,2.210407823327101,12.111728476727137,6.557349925730047,1.2570807674859101,1.6198767239852132,-7.692580303520673,16.939814182900754,-2.0436461391502148,-13.856345331212502,8.248019323005146,3.1179141925713387,9.193451591267305,-3.292836317198725,14.38116225255333,2.337151902786079,-2.02287283296159,5.802790920902417,5.5168762843402845
-31.841776647230464,103.97875425245338,-19.35297215000736,-13.275215900770315,69.02155777537025,-34.71061160053402,17.663477201938104,37.90468719665356,-57.821402117311784,-11.8487801452586,37.9432285853149,-18.308320603640414,-82.19860700889546,-47.47041339110645,-9.321583177985122,-7.692580303520673,52.98920311884924,-112.96205943358176,12.883396933007196,94.9046584071564,-56.96424419063026,-19.68782335844967,-64.30611270897691,17.096883140674787,-96.66334838662654,-16.698335398756008,14.160887466546795,-42.75441245446173,-37.914990732712646
69.45098050868296,-225.2115388852484,40.412727128064255,29.298953125583832,-149.60548507693645,74.8286523781117,-35.725099333921506,-80.89204976356211,124.21481074526713,25.16878579150813,-83.65700130269143,38.59677788982123,177.7806992289578,101.24180011986307,19.79467975511505,16.939814182900754,-112.96205943358176,246.23947696577198,-28.255075065718724,-206.62013742138666,122.29449970305161,44.73768217181778,136.48513706181402,-38.0186511030591,207.54994593230668,35.07298337043753,-30.63394207686029,93.6286527285089,82.11860821174625
-8.07585134932813,25.895041127878766,-4.641302026730071,-3.3551362269287814,16.882707589296256,-8.532678155862653,4.1339413494528445,9.025148438963091,-14.341567223729564,-2.75345430960982,9.779775338526813,-4.290533160066736,-20.689469897044855,-11.550892937806617,-2.131250299821911,-2.0436461391502148,12.883396933007196,-28.255075065718724,3.403868085404358,23.68927851316799,-13.865812196416943,-5.0746483898778445,-15.573417748965168,4.728500678343271,-23.75039079416303,-4.085388610342203,3.4459872545348063,-10.696719261437412,-9.412665655139628
-58.58716208119158,189.09395132882867,-33.98985848998694,-24.56388903266716,125.51084198536427,-62.830758840387396,29.971041681058175,68.21539635696705,-104.00623867581348,-21.402972544775924,70.33827218289571,-32.74836277735638,-149.37800364229037,-85.36325294437,-16.68158017857131,-13.856345331212502,94.9046584071564,-206.62013742138666,23.68927851316799,173.81010842675119,-102.80627260862136,-37.525750924486836,-114.74976490653417,31.324732539122426,-174.1414832055889,-29.48628723372705,25.782616590642693,-79.18701425055458,-69.09273354397153
34.45554627861641,-112.26128146482259,20.599547252717926,14.465423710186979,-74.81305320364555,37.45655962376451,-18.54785307662803,-40.937902197511626,62.14612922110489,12.821172148643527,-41.14984072325768,19.710535411401683,88.52279315081942,51.07605318984875,10.10900149765006,8.248019323005146,-56.96424419063026,122.29449970305161,-13.865812196416943,-102.80627260862136,61.483689734495385,21.72903169241531,69.01598684855962,-18.28400285129977,104.11206731105719,17.7609646178746,-15.354244870139057,46.50394040226757,40.99846895373433
12.539438681636703,-40.31685983043093,6.636421458754412,5.520081809846818,-27.246556215553717,13.315835700222491,-5.389783816475449,-14.256890866793388,21.816736521589757,4.388763146113255,-15.390410933659364,6.59859965646415,31.48641209815225,17.616512294467498,3.53548471773043,3.1179141925713387,-19.68782335844967,44.73768217181778,-5.0746483898778445,-37.525750924486836,21.72903169241531,8.920294728637568,23.52010629250967,-6.849577190541534,36.672041823534656,5.773270531098756,-5.553902399843987,17.198002968567522,14.76907221050236
38.567170071427654,-125.84634108441864,23.624163042582083,15.96925246333005,-83.35461934022074,42.031435424001295,-21.709203212259066,-46.013350975733744,70.06366747094641,14.433015148598178,-45.80637447729465,22.329850723076667,99.61616260296083,57.68874491900636,11.294065132420995,9.193451591267305,-64.30611270897691,136.48513706181402,-15.573417748965168,-114.74976490653417,69.01598684855962,23.52010629250967,78.1619550739511,-20.55952199761972,117.1135388932857,20.377581528986866,-17.131804869285574,51.72916395399383,45.89304338923577
-10.551245090676694,34.69007539747333,-6.098276955468895,-4.564752648946357,22.57820695241798,-11.36978627247296,5.550455042977684,11.483355726523474,-19.62679442830329,-3.199732673719208,13.118713596007632,-5.160408347258928,-27.756970997478703,-14.928311522312724,-2.66184251898705,-3.292836317198725,17.096883140674787,-38.0186511030591,4.728500678343271,31.324732539122426,-18.28400285129977,-6.849577190541534,-20.55952199761972,7.387558992901496,-31.90668438433289,-5.416368097254758,4.488842765865806,-13.568551940075015,-12.430439008376194
58.38980756384144,-190.6097503616916,35.03570010047727,24.528555747886692,-126.65571087895465,63.52286203872662,-31.738220216021517,-69.00235304503457,105.89230717081368,21.412564050128484,-69.90610207086354,33.08819918074439,150.5830050240971,86.44753744116065,16.946973297767894,14.38116225255333,-96.66334838662654,207.54994593230668,-23.75039079416303,-174.1414832055889,104.11206731105719,36.672041823534656,117.1135388932857,-31.90668438433289,176.84108842004449,30.279609505947388,-25.925238946706187,78.36846032084588,69.46482082530524
10.017359788899348,-32.56373249125287,6.305662488633445,4.0051800983483155,-21.161893091086135,10.858885811188706,-5.893721370492206,-11.866952231964675,18.209146817248584,3.7788692325054214,-11.837749691920358,5.858738247327697,26.012101025396337,15.042306170462028,2.8525351895985884,2.337151902786079,-16.698335398756008,35.07298337043753,-4.085388610342203,-29.48628723372705,17.7609646178746,5.773270531098756,20.377581528986866,-5.416368097254758,30.279609505947388,5.4898526614142655,-4.373043985338126,13.297879525104035,11.814627413455637
-8.646051547707556,28.047370833379883,-5.0693565706306245,-3.643007235680716,18.7466387096819,-9.345301919561066,4.49231509433751,10.247578900161876,-15.434535949405202,-3.230843612379279,10.334288752742317,-4.930346709402326,-22.061021203679513,-12.724850394517821,-2.5382905428885523,-2.02287283296159,14.160887466546795,-30.63394207686029,3.4459872545348063,25.782616590642693,-15.354244870139057,-5.553902399843987,-17.131804869285574,4.488842765865806,-25.925238946706187,-4.373043985338126,3.859732353779916,-11.742037303752923,-10.257380790222498
26.921707432740583,-85.64352509270049,15.290594886286431,11.100011501343175,-56.617710594298075,28.415969291217806,-13.203664761283468,-31.128287148559494,46.58205073885027,10.032039788777132,-32.16578627389031,15.159652668201776,67.74228774665595,38.86954367784505,7.5777661759049195,5.802790920902417,-42.75441245446173,93.6286527285089,-10.696719261437412,-79.18701425055458,46.50394040226757,17.198002968567522,51.72916395399383,-13.568551940075015,78.36846032084588,13.297879525104035,-11.742037303752923,36.722209895851975,31.417506411095548
23.272099134763156,-75.2585640047484,13.646244103828124,9.745815475901374,-49.96541339370375,25.033137508901955,-12.129038847252607,-27.22431814899131,41.492590194728685,8.537410973031538,-27.886132156156712,13.090150095133508,59.47555248449462,34.089284417570056,6.665956795679735,5.5168762843402845,-37.914990732712646,82.11860821174625,-9.412665655139628,-69.09273354397153,40.99846895373433,14.76907221050236,45.89304338923577,-12.430439008376194,69.46482082530524,11.814627413455637,-10.257380790222498,31.417506411095548,27.515240962492022
