V1,V2,V3,V4,V5,V6,V7,V8,V9,V10,V11,V12,V13,V14,V15,V16,V17,V18,V19,V20,V21,V22,V23,V24,V25,V26,V27,V28,V29,V30,V31,V32,V33,V34,V35,V36,V37,V38,V39,V40,V41,V42,V43,V44
0.5998341877573977,-1.5269307708035924,-0.6181334182523303,4.70394835062402,1.355406536010669,-4.025330168354446,-0.16819381277416376,9.396215786386778,-13.814243583886604,3.6443131856757156,1.0463998652016795,3.630843307415758,-0.5343706702786373,-5.30450083517458,4.389069910252043,0.5122131144925846,3.6294867549770333,-4.157985388980984,1.0016435232823098,2.4916575909574137,4.419325632324078,-7.823401527344078,2.845939053083236,0.8605659939708529,6.458112927151276,1.8175760473103735,3.5022902249385477,2.353306017149911,-2.5721474159763473,-2.2235094831810187,-3.393902930305617,-3.6554209625636336,-3.2020977001399005,-1.791007699947349,7.751605667431503,1.1758810093693761,0.38224881278854667,-5.588603888538925,0.8827262861354228,3.387237055224757,10.360077018567805,-0.16116288544650934,-0.44471783112612434,5.55546737555689
-1.5269307708035924,4.815831189699441,1.6447102799909707,-15.05815736877966,-3.892689840089982,13.170231845209186,1.0074221688819907,-32.0358922461956,44.91804518360335,-11.586435117571087,-3.366121147678908,-12.575331409766337,1.707196391540949,18.033272396449963,-13.989526117861656,-0.646893839422322,-11.867707264724137,13.835785451660449,-3.4715492202094627,-8.723809174275948,-14.382711891963833,25.56686233785302,-8.813093747789528,-2.9392958337637753,-21.717515410605042,-5.662255480658438,-11.821940135767866,-7.59153502327108,8.415773307893447,6.867859029430131,10.607108678085018,12.216183182952415,10.005248763522221,5.935723571246185,-25.205037953557106,-3.7821120577171756,-1.908514803131452,18.538996125963134,-3.1099730104822374,-10.75744276280946,-33.77419696807469,0.03595107638787781,1.8056379891054852,-18.94082665727795
-0.6181334182523303,1.6447102799909707,0.7380544075434031,-5.38690373042904,-1.644071880097019,4.4888534573929615,0.19893881753839038,-10.70490691111645,15.442706910746335,-4.1377670920895815,-1.328900821153836,-4.172347925651989,0.5659183132688587,6.061528525196233,-4.86057082093109,-0.48463175859781665,-4.041553254903414,4.803984168061027,-1.0415032978570211,-2.8949508929848227,-5.098956395490177,8.929656320854503,-3.1116189762100563,-0.9212407025608766,-7.491737757038705,-2.0580448011315124,-4.044260597987483,-2.614023777212956,2.982545236993534,2.3953502919168876,3.770083579426826,4.131898875666207,3.477297130127683,1.982202120558457,-8.738243271744597,-1.280715155671084,-0.39644435091227137,6.3287410085046645,-1.1535173808243155,-3.7597683142151146,-11.784734843905907,0.24555473438989153,0.41602554769402855,-6.287409831959078
4.70394835062402,-15.05815736877966,-5.38690373042904,48.696772895981745,13.048804029678958,-42.197817120034436,-3.4160552600211913,103.59664613338842,-144.10374195913442,37.41715969539759,11.43905299503174,40.855370148631586,-5.538214495811342,-58.400263559692036,44.62912290189466,1.4291174829299615,38.12434073087282,-45.09708155193766,10.733614876047115,28.281156902500715,46.73357549320497,-82.5532527550787,27.988634933753374,9.350941983197842,70.78228615397991,18.23913972974842,38.48333729671992,24.03332301486619,-27.355976053079793,-21.70526427684932,-33.8364874991855,-39.437218889336386,-31.37288749303294,-18.805135437532265,80.95181371609256,11.97614254268828,6.015543088755096,-59.66389888340511,10.49075449984522,34.422813620662005,109.056508802151,-0.30203452304826783,-5.3829385531539895,61.06394420182857
1.355406536010669,-3.892689840089982,-1.644071880097019,13.048804029678958,4.131379706284757,-10.889957046063072,-0.6922203002161164,26.5249494980377,-37.64256300395661,10.21970043036342,3.215064175248463,10.489752778556317,-1.6786263623880033,-14.927656868015925,11.809568666468966,0.47141210767448033,9.822507535560797,-11.786393941798353,2.625826245440065,6.94928682943702,12.479688304220392,-21.59546045808282,7.599807426729885,2.60069526018033,18.32635493455335,4.87878425968777,10.033632192209868,5.987507038708223,-7.0876498611328165,-5.9108755555491825,-9.125498004085719,-10.360862225323219,-8.080920350060799,-4.712736082599771,21.190297627612523,3.2130263125992546,1.2657794199887524,-15.374076912324181,2.8050136698469803,9.08420005814792,28.759145095981456,-0.4023739141279684,-0.9438254602724958,15.545945058391062
-4.025330168354446,13.170231845209186,4.4888534573929615,-42.197817120034436,-10.889957046063072,37.02705445856831,3.1285675944781697,-90.81220041506221,125.93043265870567,-32.48486198052183,-9.768832024876417,-35.81916746783128,4.760279744058558,51.10279656492537,-38.97736163268504,-1.1448660507364716,-33.414873776956505,39.197830037147284,-9.493883653699495,-24.909469792083556,-40.45058737225692,71.91574585770019,-24.39868528727955,-8.225502811080611,-61.726518765713024,-15.819943194684646,-33.564930870592164,-21.08563330574015,23.85878849392186,18.912035035688348,29.391157791394445,34.52960056820468,27.448724248596896,16.572044765000186,-70.63743639039511,-10.425778686277848,-5.5644808257783165,52.14973589806597,-9.0088854258856,-30.11041270737973,-94.89400979632919,0.032662626988706686,5.0447776976220435,-53.601220886147786
-0.16819381277416376,1.0074221688819907,0.19893881753839038,-3.4160552600211913,-0.6922203002161164,3.1285675944781697,0.5888966713536093,-8.285711162049685,10.535724284417576,-2.512160389737016,-0.861378562031643,-3.355424666607043,0.49128856648363717,4.7369429151523565,-3.02404470103796,0.5503933389706315,-2.9457440364361314,3.5697813491748214,-0.8248943227388409,-2.2701427677863064,-3.4935154578954846,6.038982849450132,-1.7819043024181198,-0.735337203809851,-5.575812349470864,-1.240495271538058,-3.076028905150615,-1.5746865340302505,2.000711952642514,1.416139743564406,2.162900407410398,3.059298069168903,1.9321296312479685,1.2961137714328583,-5.806838470679215,-0.8278759382064456,-0.684000332159584,4.500234605737105,-0.7698649870680694,-2.3254131472908313,-8.015356835771962,-0.2716230279927751,0.4894539169237987,-4.912671024209835
9.396215786386778,-32.0358922461956,-10.70490691111645,103.59664613338842,26.5249494980377,-90.81220041506221,-8.285711162049685,225.00523117054271,-309.30334725473136,79.52626951860722,24.114572173240678,89.00851510354804,-11.816541593763127,-126.69427436892535,95.2701342903087,1.2242726708670946,82.14810325195063,-97.1504349987466,23.534489280822797,61.852090801187764,99.82353196109162,-177.00476648121642,59.241831422101484,20.328235325149365,152.91743014584208,38.5723056130966,83.15807028520608,51.53474270240346,-58.68295295089167,-45.92618266868055,-71.68899923309402,-85.1393953338945,-66.60395396777353,-40.65403448998897,173.47180748543312,25.61878943213008,14.322048963635769,-128.64809687887475,22.56677482032718,73.52566971876851,233.68595591413182,0.49907785634946367,-12.496713963353011,132.69921534198568
-13.814243583886604,44.91804518360335,15.442706910746335,-144.10374195913442,-37.64256300395661,125.93043265870567,10.535724284417576,-309.30334725473136,429.52333322132273,-111.07971450263067,-33.15635963877987,-122.04985650291732,16.574094782701817,174.02533064210613,-133.0872727456964,-3.7904452744581407,-113.72632552268675,133.74462389440671,-32.61537232080122,-84.46391851252585,-138.27172996005814,245.21032580491982,-83.39302656575826,-28.248133763315806,-210.20138087986598,-53.94303182564566,-114.36352672832423,-71.73885666615558,81.04411661737912,64.83150271999287,100.61313782791444,117.68068126025507,93.702861360832145,56.40351930551919,-240.91588200995412,-35.888349332353066,-18.91510627285062,177.76902749355958,-30.74895857159457,-102.65982878883848,-323.9491999936832,0.10596294656543437,16.950415469599687,-182.4956862724552
3.6443131856757156,-11.586435117571087,-4.1377670920895815,37.41715969539759,10.21970043036342,-32.48486198052183,-2.512160389737016,79.52626951860722,-111.07971450263067,29.18177836959523,8.622138845653295,31.433384108845086,-4.456448254666557,-44.56954211942783,34.66281742547214,1.134103563642154,29.218036948704576,-34.349997160620475,8.376020775763678,21.489583374831685,35.76479027463436,-63.31897696698197,21.905431195229326,7.5396814901580935,53.9955642036241,13.98419489821956,29.444086187777753,18.36758218686247,-20.83422835604987,-17.0486682161144,-26.334730114300985,-30.529838694070325,-24.270309804546525,-14.539891662518029,62.3564014783836,9.416697838294828,4.80737134871977,-45.75292375189463,8.000523024087085,26.72386815896626,83.80307607430358,-0.2676403616334572,-4.1352802693698685,46.85561478854463
1.0463998652016795,-3.366121147678908,-1.328900821153836,11.43905299503174,3.215064175248463,-9.768832024876417,-0.861378562031643,24.114572173240678,-33.15635963877987,8.622138845653295,3.035708653398295,9.52958255622798,-1.2222681177735712,-13.734614908000426,10.095361529303435,0.17404850410205416,8.881282018205365,-10.723510920130574,2.186777069430781,6.663442827897109,11.04613713745497,-19.290029980304467,6.294245048760194,2.0123252048060394,16.83542041047889,4.3028061371433335,9.134749401631039,5.417792106353801,-6.557144755382919,-4.7951160952488046,-7.622114985624071,-9.155223950496236,-6.908115878564485,-4.181997493969789,18.685581125129957,2.581463230069032,1.189763153145453,-13.816944320811352,2.59434552517178,7.842501682443019,25.418276264323527,-0.22075730753794348,-1.0141962046224544,14.176913133121849
3.630843307415758,-12.575331409766337,-4.172347925651989,40.855370148631586,10.489752778556317,-35.81916746783128,-3.355424666607043,89.00851510354804,-122.04985650291732,31.433384108845086,9.52958255622798,35.28641171486357,-4.747774929478708,-50.07104874769783,37.572436962631436,0.21059489163818274,32.404314408295555,-38.381676266545725,9.30999198862896,24.4128970030678,39.42270870743285,-69.82676261456874,23.35633685910728,8.12271145540053,60.417068004227204,15.176178470940343,32.89392853011915,20.21092127291331,-23.11231269683836,-18.131296212630048,-28.253782724819317,-33.71356723748791,-26.141493369496327,-16.012518658137196,68.42877617725892,10.143180697230596,5.769437985739377,-50.765652267712795,8.950202125135121,28.981460603119295,92.24418497769918,0.2664110753411745,-4.9207402308131405,52.48114985059562
-0.5343706702786373,1.707196391540949,0.5659183132688587,-5.538214495811342,-1.6786263623880033,4.760279744058558,0.49128856648363717,-11.816541593763127,16.574094782701817,-4.456448254666557,-1.2222681177735712,-4.747774929478708,1.0047124542803398,6.589682066275758,-5.176455054320475,0.2480915425573577,-4.365485972902233,5.117012371803376,-1.3230440868046196,-2.8535887656703482,-5.398127264986256,9.212567280357103,-3.3801558146028228,-1.3941625194637726,-7.836325873086172,-2.038663945967455,-4.4196505039681835,-2.3714189943391704,2.8588164905142666,2.7679615519595697,3.9604897783142614,4.712610825788492,3.4021160554926313,1.9976572679679065,-9.160904405896476,-1.55037086555525,-0.7985298058649586,6.673199721735444,-1.047007671619453,-3.9258316953260595,-12.482735343971054,-0.08175242646211565,0.46867814434921573,-6.98532837899801
-5.30450083517458,18.033272396449963,6.061528525196233,-58.400263559692036,-14.927656868015925,51.10279656492537,4.7369429151523565,-126.69427436892535,174.02533064210613,-44.56954211942783,-13.734614908000426,-50.07104874769783,6.589682066275758,71.56262578650822,-53.40808373166269,-0.6231804003460019,-46.32954150922403,54.944892870145175,-13.142889089596276,-34.897910004217316,-56.39215753965542,99.76115524599302,-33.153964178324934,-11.256565575666878,-86.3614620574032,-21.772315266381263,-46.93223133190664,-28.976763034208386,33.14560589745816,25.69053004589205,40.184434222838156,47.83072051061655,37.35739892735147,22.74748444070225,-97.58950899950807,-14.303587282331533,-7.910923737153214,72.49143981374846,-12.718904909640285,-41.227144012621025,-131.68479382165395,-0.29259081921301827,6.958507631653716,-74.74964845529645
4.389069910252043,-13.989526117861656,-4.86057082093109,44.62912290189466,11.809568666468966,-38.97736163268504,-3.02404470103796,95.2701342903087,-133.0872727456964,34.66281742547214,10.095361529303435,37.572436962631436,-5.176455054320475,-53.40808373166269,41.53158263798407,1.5896089666804956,35.07539237729815,-41.04582093030149,10.178967974823966,25.90052766673606,42.62788548250796,-75.78707142769863,26.150391236951624,8.886395637310734,64.56807864865503,16.71409173209735,35.15163711555466,22.30430652234055,-24.963029899447218,-20.345604144848615,-31.478533986835053,-36.41485714992252,-29.336988294084005,-17.591039796061814,74.68816887071335,11.250798251705769,5.81106472678996,-54.8829526218093,9.444570435051638,32.01726470828152,100.1593079610612,-0.18530016622293552,-5.245955993599103,56.185111264630606
0.5122131144925846,-0.646893839422322,-0.48463175859781665,1.4291174829299615,0.47141210767448033,-1.1448660507364716,0.5503933389706315,1.2242726708670946,-3.7904452744581407,1.134103563642154,0.17404850410205416,0.21059489163818274,0.2480915425573577,-0.6231804003460019,1.5896089666804956,1.7703271113094903,0.8357632791955842,-0.5876875937174613,0.1542338970467445,0.5385510739243515,0.92380376716345,-2.215274643302644,1.1276648196729675,-0.16605436797833387,1.0763507202081437,0.7401076514858679,0.3972574197174647,1.3379398100223545,-0.8568967053856844,-0.7743512028629742,-1.3864961304097796,-0.5164734916013641,-1.8032191789938534,-0.7768136728270798,2.3594790594185144,0.27363370591127134,-0.4635678928467621,-1.3490828261162107,0.17952291957116395,1.308270495452998,2.570381044549337,-0.589699431192203,-0.19825413520748947,0.7068799083180645
3.6294867549770333,-11.867707264724137,-4.041553254903414,38.12434073087282,9.822507535560797,-33.414873776956505,-2.9457440364361314,82.14810325195063,-113.72632552268675,29.218036948704576,8.881282018205365,32.404314408295555,-4.365485972902233,-46.32954150922403,35.07539237729815,0.8357632791955842,30.29050985255264,-35.60810830698008,8.534845092168826,22.48528715995237,36.67586730659536,-64.98868559246999,21.90991244822244,7.376591246139664,55.934061666429365,14.305001470997437,30.41877660161549,18.950037036920826,-21.561582826373787,-17.01702452025963,-26.42920097535262,-31.182015117178022,-24.622194100647253,-14.865454266246001,63.72890382091489,9.394412790576398,4.970312770656137,-47.143286451663116,8.106103399749141,27.094514112883175,85.79877314976719,0.04195894412315945,-4.489785065804823,48.49272255131036
-4.157985388980984,13.835785451660449,4.803984168061027,-45.09708155193766,-11.786393941798353,39.197830037147284,3.5697813491748214,-97.1504349987466,133.74462389440671,-34.349997160620475,-10.723510920130574,-38.381676266545725,5.117012371803376,54.944892870145175,-41.04582093030149,-0.5876875937174613,-35.60810830698008,42.39641322480263,-9.964571587205954,-26.683506711510546,-43.58342488662643,76.81209246234236,-25.50033392600126,-8.562763904824871,-66.48474797635679,-16.83500691860311,-36.10828521629743,-22.218729242928713,25.534172959538356,19.756356064045963,30.96272284796249,36.69860715540325,28.65491050293571,17.376427529449934,-75.03882968110027,-10.98077589783461,-5.804026565772454,55.68243096336816,-9.835656895544473,-31.681775890251586,-101.43699813999157,-0.0517837982338958,5.106678829693157,-57.264905558437924
1.0016435232823098,-3.4715492202094627,-1.0415032978570211,10.733614876047115,2.625826245440065,-9.493883653699495,-0.8248943227388409,23.534489280822797,-32.61537232080122,8.376020775763678,2.186777069430781,9.30999198862896,-1.3230440868046196,-13.142889089596276,10.178967974823966,0.1542338970467445,8.534845092168826,-9.964571587205954,2.7942687880696746,6.369754007022733,10.315749003638068,-18.401788773204082,6.370697214520173,2.299312707618305,15.640823850145566,3.961795086977793,8.552823103007531,5.503528634935503,-5.921196051675466,-5.0422657232711305,-7.704485473968373,-8.92909515594064,-7.289054036473021,-4.400006899754827,18.24360736166638,2.881723622803562,1.7191140212743194,-13.492693759296255,2.239914252809343,7.7617470250917036,24.415184028325744,0.228413165389766,-1.5071005601178082,13.924439178663071
2.4916575909574137,-8.723809174275948,-2.8949508929848227,28.281156902500715,6.94928682943702,-24.909469792083556,-2.2701427677863064,61.852090801187764,-84.46391851252585,21.489583374831685,6.663442827897109,24.4128970030678,-2.8535887656703482,-34.897910004217316,25.90052766673606,0.5385510739243515,22.48528715995237,-26.683506711510546,6.369754007022733,17.429797318137254,27.226669559100063,-48.636606937720984,15.909274668986713,5.242487458066112,42.23245588819527,10.539184879909616,22.802449829112085,14.457320892134884,-16.3315084233113,-12.17709056609558,-19.401781541050507,-23.1244413628933,-18.288129023236195,-11.285176728064906,47.498279282396084,6.801111052064871,3.934645558126158,-35.39469170051344,6.354767560504857,20.066918563132937,63.8822995933028,0.1260487539013179,-3.6408018252851164,36.451913219016554
4.419325632324078,-14.382711891963833,-5.098956395490177,46.73357549320497,12.479688304220392,-40.45058737225692,-3.4935154578954846,99.82353196109162,-138.27172996005814,35.76479027463436,11.04613713745497,39.42270870743285,-5.398127264986256,-56.39215753965542,42.62788548250796,0.92380376716345,36.67586730659536,-43.58342488662643,10.315749003638068,27.226669559100063,45.079123889305514,-79.31058928074495,26.643155148322048,8.957488830196208,68.27217823906425,17.47984859585178,37.13200527298295,22.908376960511312,-26.249648785958595,-20.708202111933737,-32.288165271271154,-37.91634446657891,-29.852965557813626,-17.926892686301716,77.61576700442092,11.473191321226915,5.830059012817989,-57.374771079394996,10.116143905421561,32.8438268519258,104.83482456054583,-0.11890079262061672,-5.141562633753603,58.8413005719322
-7.823401527344078,25.56686233785302,8.929656320854503,-82.5532527550787,-21.59546045808282,71.91574585770019,6.038982849450132,-177.00476648121642,245.21032580491982,-63.31897696698197,-19.290029980304467,-69.82676261456874,9.212567280357103,99.76115524599302,-75.78707142769863,-2.215274643302644,-64.98868559246999,76.81209246234236,-18.401788773204082,-48.636606937720984,-79.31058928074495,140.52158619140778,-47.30480401189821,-15.784890925941255,-120.77433474172713,-30.903285513665928,-65.56861461160544,-41.14643732264529,46.646000090648876,36.63491038562012,57.287503072043506,67.1094406418719,53.37880161135342,32.2007701458679,-137.7186179642686,-20.28830023042055,-10.582356193339551,101.77564431169507,-17.894580387061424,-58.507741714553624,-185.40132151267824,0.21466590879439088,9.584390363555197,-104.35615709585804
2.845939053083236,-8.813093747789528,-3.1116189762100563,27.988634933753374,7.599807426729885,-24.39868528727955,-1.7819043024181198,59.241831422101484,-83.39302656575826,21.905431195229326,6.294245048760194,23.35633685910728,-3.3801558146028228,-33.153964178324934,26.150391236951624,1.1276648196729675,21.90991244822244,-25.50033392600126,6.370697214520173,15.909274668986713,26.643155148322048,-47.30480401189821,16.631325365672794,5.715108558820639,40.056234500180096,10.50615336625505,21.88292685177008,13.832832378878827,-15.500762888028751,-12.99224219711994,-19.888200354219105,-22.844902246952078,-18.45206231989989,-10.951335893153253,46.76209967753083,7.131874344905842,3.5646042261526016,-34.18721043067371,5.797460830409439,20.136324915776356,62.65728055906706,-0.21562374574971793,-3.159166813392072,34.96347425509946
0.8605659939708529,-2.9392958337637753,-0.9212407025608766,9.350941983197842,2.60069526018033,-8.225502811080611,-0.735337203809851,20.328235325149365,-28.248133763315806,7.5396814901580935,2.0123252048060394,8.12271145540053,-1.3941625194637726,-11.256565575666878,8.886395637310734,-0.16605436797833387,7.376591246139664,-8.562763904824871,2.299312707618305,5.242487458066112,8.957488830196208,-15.784890925941255,5.715108558820639,2.305884696499681,13.428770800390037,3.4114626943600435,7.463861969577371,4.355954719701443,-5.020221321428456,-4.536361170222705,-6.731304487940199,-7.971090546844459,-6.005673446893696,-3.6453183500081408,15.73127692669347,2.555172833302761,1.5301804926093887,-11.518593177985354,1.898878630331039,6.785570892950126,21.136148248307933,0.1268262614488033,-1.0557198841771318,12.003682885076334
6.458112927151276,-21.717515410605042,-7.491737757038705,70.78228615397991,18.32635493455335,-61.726518765713024,-5.575812349470864,152.91743014584208,-210.20138087986598,53.9955642036241,16.83542041047889,60.417068004227204,-7.836325873086172,-86.3614620574032,64.56807864865503,1.0763507202081437,55.934061666429365,-66.48474797635679,15.640823850145566,42.23245588819527,68.27217823906425,-120.77433474172713,40.056234500180096,13.428770800390037,104.57279527986732,26.41234696500134,56.73255691963489,35.123696566929034,-40.26195059577719,-30.920887264934823,-48.627019408253744,-57.711107327280565,-45.131559916751115,-27.50058929466163,118.02386145493413,17.18045477602079,9.273210368625758,-87.59029983307367,15.563705195764609,49.90745918856041,159.2775627832744,0.05008747882260738,-8.222305882829385,90.11066129292125
1.8175760473103735,-5.662255480658438,-2.0580448011315124,18.23913972974842,4.87878425968777,-15.819943194684646,-1.240495271538058,38.5723056130966,-53.94303182564566,13.98419489821956,4.3028061371433335,15.176178470940343,-2.038663945967455,-21.772315266381263,16.71409173209735,0.7401076514858679,14.305001470997437,-16.83500691860311,3.961795086977793,10.539184879909616,17.47984859585178,-30.903285513665928,10.50615336625505,3.4114626943600435,26.41234696500134,6.896777915325596,14.345890907564486,9.057313707393082,-10.268425465856202,-8.155659949851803,-12.680038167985,-14.708546563656448,-11.839982022320012,-7.0327604507177055,30.304532869504555,4.451691608711246,2.121938437824575,-22.283142639677347,3.882630474375842,12.907531962936542,40.77724075928774,-0.18477036558277643,-2.0086248282469015,22.753845940515376
3.5022902249385477,-11.821940135767866,-4.044260597987483,38.48333729671992,10.033632192209868,-33.564930870592164,-3.076028905150615,83.15807028520608,-114.36352672832423,29.444086187777753,9.134749401631039,32.89392853011915,-4.4196505039681835,-46.93223133190664,35.15163711555466,0.3972574197174647,30.41877660161549,-36.10828521629743,8.552823103007531,22.802449829112085,37.13200527298295,-65.56861461160544,21.88292685177008,7.463861969577371,56.73255691963489,14.345890907564486,30.876532818732493,18.93440664294473,-21.784390808903662,-16.95689005283644,-26.476446592164937,-31.501985964564597,-24.471034632045246,-14.893927297802307,64.1565067957579,9.414277313804543,5.106088569485773,-47.55448928209018,8.389316163691255,27.132507554557947,86.61182538397918,0.07610612470597204,-4.41783166227115,49.02850824709352
2.353306017149911,-7.59153502327108,-2.614023777212956,24.03332301486619,5.987507038708223,-21.08563330574015,-1.5746865340302505,51.53474270240346,-71.73885666615558,18.36758218686247,5.417792106353801,20.21092127291331,-2.3714189943391704,-28.976763034208386,22.30430652234055,1.3379398100223545,18.950037036920826,-22.218729242928713,5.503528634935503,14.457320892134884,22.908376960511312,-41.14643732264529,13.832832378878827,4.355954719701443,35.123696566929034,9.057313707393082,18.93440664294473,12.621469329322439,-13.748717152417775,-10.638664097134729,-16.856204223096242,-19.356068236445626,-16.147043836756485,-9.740856447978942,40.416692073224496,5.892882544751802,3.0547693239633253,-29.832210685696648,5.22859965910695,17.24678503675094,54.01550066339271,-0.12783870056144273,-3.1246788926480593,30.377297540167863
-2.5721474159763473,8.415773307893447,2.982545236993534,-27.355976053079793,-7.0876498611328165,23.85878849392186,2.000711952642514,-58.68295295089167,81.04411661737912,-20.83422835604987,-6.557144755382919,-23.11231269683836,2.8588164905142666,33.14560589745816,-24.963029899447218,-0.8568967053856844,-21.561582826373787,25.534172959538356,-5.921196051675466,-16.3315084233113,-26.249648785958595,46.646000090648876,-15.500762888028751,-5.020221321428456,-40.26195059577719,-10.268425465856202,-21.784390808903662,-13.748717152417775,15.662245701488766,11.892451156657563,18.809998921646798,22.13642913934388,17.587453212903046,10.6791313135225,-45.586618521646955,-6.541328607080899,-3.391453098756297,33.742775289406524,-6.018444535840281,-19.347599706364676,-61.36959317447685,0.17064371788196345,3.174130105086707,-34.57145359248171
-2.2235094831810187,6.867859029430131,2.3953502919168876,-21.70526427684932,-5.9108755555491825,18.912035035688348,1.416139743564406,-45.92618266868055,64.83150271999287,-17.0486682161144,-4.7951160952488046,-18.131296212630048,2.7679615519595697,25.69053004589205,-20.345604144848615,-0.7743512028629742,-17.01702452025963,19.756356064045963,-5.0422657232711305,-12.17709056609558,-20.708202111933737,36.63491038562012,-12.99224219711994,-4.536361170222705,-30.920887264934823,-8.155659949851803,-16.95689005283644,-10.638664097134729,11.892451156657563,10.255259280326166,15.506606940041918,17.78624880435399,14.36408687457255,8.455718556014155,-36.28501161670068,-5.6469529416030975,-2.8157816340207242,26.49357009221868,-4.414120712897024,-15.622822759513829,-48.6466409525948,0.08615725683716481,2.451058002825144,-27.144902436465777
-3.393902930305617,10.607108678085018,3.770083579426826,-33.8364874991855,-9.125498004085719,29.391157791394445,2.162900407410398,-71.68899923309402,100.61313782791444,-26.334730114300985,-7.622114985624071,-28.253782724819317,3.9604897783142614,40.184434222838156,-31.478533986835053,-1.3864961304097796,-26.42920097535262,30.96272284796249,-7.704485473968373,-19.401781541050507,-32.288165271271154,57.287503072043506,-19.888200354219105,-6.731304487940199,-48.627019408253744,-12.680038167985,-26.476446592164937,-16.856204223096242,18.809998921646798,15.506606940041918,23.960226640941976,27.46422198059928,22.298880134275684,13.26779522569524,-56.4924044009818,-8.574965376365693,-4.280017929956592,41.420553855810425,-7.144168614468941,-24.24014822170166,-75.77557778490858,0.23990611513941068,3.86614116935445,-42.266501075624646
-3.6554209625636336,12.216183182952415,4.131898875666207,-39.437218889336386,-10.360862225323219,34.52960056820468,3.059298069168903,-85.1393953338945,117.68068126025507,-30.529838694070325,-9.155223950496236,-33.71356723748791,4.712610825788492,47.83072051061655,-36.41485714992252,-0.5164734916013641,-31.182015117178022,36.69860715540325,-8.92909515594064,-23.1244413628933,-37.91634446657891,67.1094406418719,-22.844902246952078,-7.971090546844459,-57.711107327280565,-14.708546563656448,-31.501985964564597,-19.356068236445626,22.13642913934388,17.78624880435399,27.46422198059928,32.51354162949909,25.35601032942379,15.36857712960407,-65.9482791999412,-9.856968143947908,-5.381928670073085,48.67967118806671,-8.455572230008286,-28.06988913047316,-88.77641417138963,-0.08022783134437154,4.585163036777552,-50.229017608744314
-3.2020977001399005,10.005248763522221,3.477297130127683,-31.37288749303294,-8.080920350060799,27.448724248596896,1.9321296312479685,-66.60395396777353,93.702861360832145,-24.270309804546525,-6.908115878564485,-26.141493369496327,3.4021160554926313,37.35739892735147,-29.336988294084005,-1.8032191789938534,-24.622194100647253,28.65491050293571,-7.289054036473021,-18.288129023236195,-29.852965557813626,53.37880161135342,-18.45206231989989,-6.005673446893696,-45.131559916751115,-11.839982022320012,-24.471034632045246,-16.147043836756485,17.587453212903046,14.36408687457255,22.298880134275684,25.35601032942379,21.222775752988003,12.576732601962982,-52.67968037466783,-7.923452024540213,-3.9589006822122688,38.65038694101047,-6.6000612579177345,-22.596166754300967,-70.35023585205496,0.195556356874294,3.93040957598183,-39.331311366825354
-1.791007699947349,5.935723571246185,1.982202120558457,-18.805135437532265,-4.712736082599771,16.572044765000186,1.2961137714328583,-40.65403448998897,56.40351930551919,-14.539891662518029,-4.181997493969789,-16.012518658137196,1.9976572679679065,22.74748444070225,-17.591039796061814,-0.7768136728270798,-14.865454266246001,17.376427529449934,-4.400006899754827,-11.285176728064906,-17.926892686301716,32.2007701458679,-10.951335893153253,-3.6453183500081408,-27.50058929466163,-7.0327604507177055,-14.893927297802307,-9.740856447978942,10.6791313135225,8.455718556014155,13.26779522569524,15.36857712960407,12.576732601962982,7.652498030859371,-31.722252144945923,-4.715528971994574,-2.5888238468586047,23.401640095948174,-4.076489582673866,-13.581280904962274,-42.377263527416616,0.007428345624034566,2.4599537741930053,-23.960634283731224
7.751605667431503,-25.205037953557106,-8.738243271744597,80.95181371609256,21.190297627612523,-70.63743639039511,-5.806838470679215,173.47180748543312,-240.91588200995412,62.3564014783836,18.685581125129957,68.42877617725892,-9.160904405896476,-97.58950899950807,74.68816887071335,2.3594790594185144,63.72890382091489,-75.03882968110027,18.24360736166638,47.498279282396084,77.61576700442092,-137.7186179642686,46.76209967753083,15.73127692669347,118.02386145493413,30.304532869504555,64.1565067957579,40.416692073224496,-45.586618521646955,-36.28501161670068,-56.4924044009818,-65.9482791999412,-52.67968037466783,-31.722252144945923,135.2634266124783,20.08559758658072,10.510957761554362,-99.77629353046592,17.39203834338806,57.61823596347758,181.81927318936337,-0.19639144241544507,-9.495365625986334,102.30479376545541
1.1758810093693761,-3.7821120577171756,-1.280715155671084,11.97614254268828,3.2130263125992546,-10.425778686277848,-0.8278759382064456,25.61878943213008,-35.888349332353066,9.416697838294828,2.581463230069032,10.143180697230596,-1.55037086555525,-14.303587282331533,11.250798251705769,0.27363370591127134,9.394412790576398,-10.98077589783461,2.881723622803562,6.801111052064871,11.473191321226915,-20.28830023042055,7.131874344905842,2.555172833302761,17.18045477602079,4.451691608711246,9.414277313804543,5.892882544751802,-6.541328607080899,-5.6469529416030975,-8.574965376365693,-9.856968143947908,-7.923452024540213,-4.715528971994574,20.08559758658072,3.1827988644953646,1.6902412405329943,-14.741282362891427,2.485537465735011,8.619737806448287,26.959586839489745,0.05229403341646164,-1.4119490911755974,15.12714445217989
0.38224881278854667,-1.908514803131452,-0.39644435091227137,6.015543088755096,1.2657794199887524,-5.5644808257783165,-0.684000332159584,14.322048963635769,-18.91510627285062,4.80737134871977,1.189763153145453,5.769437985739377,-0.7985298058649586,-7.910923737153214,5.81106472678996,-0.4635678928467621,4.970312770656137,-5.804026565772454,1.7191140212743194,3.934645558126158,5.830059012817989,-10.582356193339551,3.5646042261526016,1.5301804926093887,9.273210368625758,2.121938437824575,5.106088569485773,3.0547693239633253,-3.391453098756297,-2.8157816340207242,-4.280017929956592,-5.381928670073085,-3.9589006822122688,-2.5888238468586047,10.510957761554362,1.6902412405329943,1.4535889870621719,-7.94006165138082,1.3468657478483927,4.459415489448966,14.05336603383113,0.3961706320658116,-1.0555180975851024,8.487120005113878
-5.588603888538925,18.538996125963134,6.3287410085046645,-59.66389888340511,-15.374076912324181,52.14973589806597,4.500234605737105,-128.64809687887475,177.76902749355958,-45.75292375189463,-13.816944320811352,-50.765652267712795,6.673199721735444,72.49143981374846,-54.8829526218093,-1.3490828261162107,-47.143286451663116,55.68243096336816,-13.492693759296255,-35.39469170051344,-57.374771079394996,101.77564431169507,-34.18721043067371,-11.518593177985354,-87.59029983307367,-22.283142639677347,-47.55448928209018,-29.832210685696648,33.742775289406524,26.49357009221868,41.420553855810425,48.67967118806671,38.65038694101047,23.401640095948174,-99.77629353046592,-14.741282362891427,-7.94006165138082,73.88219119567152,-12.921711632767089,-42.359046693625,-134.29041700713583,-0.07729042621558782,7.133161121776418,-75.87721002280655
0.8827262861354228,-3.1099730104822374,-1.1535173808243155,10.49075449984522,2.8050136698469803,-9.0088854258856,-0.7698649870680694,22.56677482032718,-30.74895857159457,8.000523024087085,2.59434552517178,8.950202125135121,-1.047007671619453,-12.718904909640285,9.444570435051638,0.17952291957116395,8.106103399749141,-9.835656895544473,2.239914252809343,6.354767560504857,10.116143905421561,-17.894580387061424,5.797460830409439,1.898878630331039,15.563705195764609,3.882630474375842,8.389316163691255,5.22859965910695,-6.018444535840281,-4.414120712897024,-7.144168614468941,-8.455572230008286,-6.6000612579177345,-4.076489582673866,17.39203834338806,2.485537465735011,1.3468657478483927,-12.921711632767089,2.5137767065283683,7.307299243451183,23.506751063596454,-0.08903133332917998,-1.1727318701606602,13.232596524421533
3.387237055224757,-10.75744276280946,-3.7597683142151146,34.422813620662005,9.08420005814792,-30.11041270737973,-2.3254131472908313,73.52566971876851,-102.65982878883848,26.72386815896626,7.842501682443019,28.981460603119295,-3.9258316953260595,-41.227144012621025,32.01726470828152,1.308270495452998,27.094514112883175,-31.681775890251586,7.7617470250917036,20.066918563132937,32.8438268519258,-58.507741714553624,20.136324915776356,6.785570892950126,49.90745918856041,12.907531962936542,27.132507554557947,17.24678503675094,-19.347599706364676,-15.622822759513829,-24.24014822170166,-28.06988913047316,-22.596166754300967,-13.581280904962274,57.61823596347758,8.619737806448287,4.459415489448966,-42.359046693625,7.307299243451183,24.75071166358739,77.24178900006297,-0.19154332018059045,-4.057440921293966,43.35118213698509
10.360077018567805,-33.77419696807469,-11.784734843905907,109.056508802151,28.759145095981456,-94.89400979632919,-8.015356835771962,233.68595591413182,-323.9491999936832,83.80307607430358,25.418276264323527,92.24418497769918,-12.482735343971054,-131.68479382165395,100.1593079610612,2.570381044549337,85.79877314976719,-101.43699813999157,24.415184028325744,63.8822995933028,104.83482456054583,-185.40132151267824,62.65728055906706,21.136148248307933,159.2775627832744,40.77724075928774,86.61182538397918,54.01550066339271,-61.36959317447685,-48.6466409525948,-75.77557778490858,-88.77641417138963,-70.35023585205496,-42.377263527416616,181.81927318936337,26.959586839489745,14.05336603383113,-134.29041700713583,23.506751063596454,77.24178900006297,244.95496188579594,-0.19574267735086906,-12.481739261254798,137.79242241256702
-0.16116288544650934,0.03595107638787781,0.24555473438989153,-0.30203452304826783,-0.4023739141279684,0.032662626988706686,-0.2716230279927751,0.49907785634946367,0.10596294656543437,-0.2676403616334572,-0.22075730753794348,0.2664110753411745,-0.08175242646211565,-0.29259081921301827,-0.18530016622293552,-0.589699431192203,0.04195894412315945,-0.0517837982338958,0.228413165389766,0.1260487539013179,-0.11890079262061672,0.21466590879439088,-0.21562374574971793,0.1268262614488033,0.05008747882260738,-0.18477036558277643,0.07610612470597204,-0.12783870056144273,0.17064371788196345,0.08615725683716481,0.23990611513941068,-0.08022783134437154,0.195556356874294,0.007428345624034566,-0.19639144241544507,0.05229403341646164,0.3961706320658116,-0.07729042621558782,-0.08903133332917998,-0.19154332018059045,-0.19574267735086906,0.4064900852936604,-0.2333997119244016,0.35574359487520396
-0.44471783112612434,1.8056379891054852,0.41602554769402855,-5.3829385531539895,-0.9438254602724958,5.0447776976220435,0.4894539169237987,-12.496713963353011,16.950415469599687,-4.1352802693698685,-1.0141962046224544,-4.9207402308131405,0.46867814434921573,6.958507631653716,-5.245955993599103,-0.19825413520748947,-4.489785065804823,5.106678829693157,-1.5071005601178082,-3.6408018252851164,-5.141562633753603,9.584390363555197,-3.159166813392072,-1.0557198841771318,-8.222305882829385,-2.0086248282469015,-4.41783166227115,-3.1246788926480593,3.174130105086707,2.451058002825144,3.86614116935445,4.585163036777552,3.93040957598183,2.4599537741930053,-9.495365625986334,-1.4119490911755974,-1.0555180975851024,7.133161121776418,-1.1727318701606602,-4.057440921293966,-12.481739261254798,-0.2333997119244016,1.1090497339982626,-7.422997461327507
5.55546737555689,-18.94082665727795,-6.287409831959078,61.06394420182857,15.545945058391062,-53.601220886147786,-4.912671024209835,132.69921534198568,-182.4956862724552,46.85561478854463,14.176913133121849,52.48114985059562,-6.98532837899801,-74.74964845529645,56.185111264630606,0.7068799083180645,48.49272255131036,-57.264905558437924,13.924439178663071,36.451913219016554,58.8413005719322,-104.35615709585804,34.96347425509946,12.003682885076334,90.11066129292125,22.753845940515376,49.02850824709352,30.377297540167863,-34.57145359248171,-27.144902436465777,-42.266501075624646,-50.229017608744314,-39.331311366825354,-23.960634283731224,102.30479376545541,15.12714445217989,8.487120005113878,-75.87721002280655,13.232596524421533,43.35118213698509,137.79242241256702,0.35574359487520396,-7.422997461327507,78.32353970771499
