V1,V2,V3,V4,V5,V6,V7,V8,V9,V10,V11,V12,V13,V14,V15,V16,V17,V18,V19,V20,V21,V22,V23,V24,V25,V26,V27,V28,V29,V30,V31,V32,V33,V34,V35,V36,V37,V38,V39,V40,V41,V42,V43,V44
0.44490517102441673,0.2970419239965807,-0.17147513056325583,0.08092036933401281,0.5337235546841599,-0.02070986193813287,0.23272978631993185,-0.24175111354887294,-0.6073460155061406,0.0717333337381956,0.30665662677527994,0.19154605570608788,0.2002497649701924,0.004994164692184011,-0.5714067975718827,-0.4910180352218167,0.5504265950698672,-0.14309942071577322,-0.17636643232973767,0.6217301429011386,-0.2514983034037851,-0.4070555887632379,-0.18892937544120528,-0.735780549902676,0.4153949424682708,-0.2597883733870155,-0.3486662940913685,-0.1971942560520068,0.24292922409649587,-0.5487699264106198,0.18130264582982236,-0.7760459027319506,-0.06583391818921086,0.4370194233954889,-0.07207427742257973,-0.12592633228766406,0.218752084559897,0.6761588933588535,-0.3494165654114521,-0.005060575153674826,0.7523455472498952,0.5578916740570822,0.12041280872191229,0.4597182966518713
0.2970419239965807,1.2857339687207736,-0.4031087173841527,-0.04032204931156989,0.08343926542092021,-0.3217350096299277,0.6574021038573762,-0.34786912764118816,-1.010771114216508,0.4523902303089955,0.9802967600150231,0.18550139182822076,0.9762711745951678,-0.8537651587683128,-0.2572103674051284,-0.08011339648598134,-0.5753854918809039,-0.3110163503402689,-0.3678495479038866,1.0024016849914077,-0.5709711756962441,-0.05781268422440497,0.2585801176272266,-1.2608858838116588,0.6327254274475765,0.20497704964818506,0.18875546400126733,-0.4693421335443149,-0.8478064856491876,-0.44587401595393644,0.25783043300791014,0.2785927455596957,0.09439260849765024,0.68246750513061,-0.3184998063882305,-0.5595118028407818,0.3532349144798114,0.5698235773577822,0.11721043874116335,0.8937016588441249,0.7413128054888078,-0.22471277746129117,-0.5496464246864694,0.6507126746526178
-0.17147513056325583,-0.4031087173841527,0.5480962045304674,-0.23161554247742328,0.4846460225098328,-0.03160082541011519,-0.4606631982679341,0.29826151865520384,-0.1311100827392446,0.21456337287371732,-0.6423165434841116,-0.0022032072720387925,-0.5348222369983214,0.14227842295859977,-0.009985288299477377,0.2265231382981662,0.07774968703791674,0.12380784484766319,0.19490661461043748,-0.09889327255887402,0.3624112608559929,-0.0632006376288967,0.09173554638930079,0.5470778567162866,-0.09875026286287526,0.08411116110412077,-0.11199335280120445,0.4026921654590474,0.46431796828555144,0.12249183367266672,-0.08116316808812274,-0.49568308671931505,-0.28939940742015174,-0.18370261972682708,0.2842975473623746,-0.16813753047749364,-0.029352605921509844,-0.14823048867358327,-0.25034794286079853,-0.37191071203277226,0.033536659931790475,0.11763898892029519,-0.04934566941268518,-0.34216946605701803
0.08092036933401281,-0.04032204931156989,-0.23161554247742328,0.37032048938792506,0.09865117081025991,0.06150298844666556,0.18263034955983604,-0.15760411351825726,-0.03442291290941472,-0.4833678699971919,0.2570118603763458,-0.2500897926822547,-0.08407360759894719,-0.13088377188235162,-0.32504659677931336,-0.0728514865242523,0.5008371341506894,-0.11047501884434108,-0.08699988713515215,0.009239075215475418,0.03841630242686659,-0.307451617474917,-0.2858341836209114,-0.05331799079290666,0.10389719623747751,-0.2022476771605787,0.0938677742608811,-0.0808366741672995,-0.017107905150085652,-0.165120125534679,0.009083778663465337,0.09226771492178401,0.06512851115790386,0.18066971444691157,-0.10147749053309765,0.18073665598835661,0.02321915116537831,0.0324526703697173,0.056079520951312835,-0.11634255146829524,0.21773878495360693,0.11533452040762154,0.020602242780708022,0.2792273346326435
0.5337235546841599,0.08343926542092021,0.4846460225098328,0.09865117081025991,2.4509274725892634,-0.20828604055024577,-0.20189116318904532,-0.2764579365436266,-1.7683511803285004,0.08694180441335356,-0.1272124008624459,-0.10732062143081897,-0.6813833802777391,-0.3986969403582526,-1.8343591818281062,-0.285447290118801,1.6599884003256549,-0.2067168533873509,-0.24916121030049104,1.3061510453369118,0.2507471599911748,-1.3691636673637355,-0.4956636245492629,-0.6590651205281635,0.8772318757701832,-0.386266027547042,-0.6342046890413732,0.36720620859930625,1.0110447202118868,-1.0161287864497823,0.3204287042572013,-2.196233322604735,-0.6303136447856269,1.0201830372336085,0.1867536118530562,-0.7556364893198679,0.44393842469587225,1.1891595795824301,-1.0771387798117729,-0.7226309634200405,2.129301298313601,1.2720272974783493,-0.22299505616731363,0.634554455480416
-0.02070986193813287,-0.3217350096299277,-0.03160082541011519,0.06150298844666556,-0.20828604055024577,0.37218992092424164,-0.05514866707620335,-0.19213455600833673,0.8330556526722072,-0.3484472741312847,-0.4074918929660167,-0.060552123514772155,-0.1220191841155067,0.697772150378299,0.3002272822771328,-0.17862270948505232,0.04592136460248888,0.08217904773967348,0.1308145402645153,-0.3534276372949726,0.29319032583010607,0.11705679064247385,-0.24519535649909868,0.38705383853511105,-0.1838907964096782,-0.3353646590006836,-0.27864971428753144,-0.3443403238018844,0.544659820138467,0.23025108394172644,-0.1354640117085462,-0.024268847283920817,-0.03899503482687383,-0.2909332446031912,-0.1427439812284953,0.2825060335340672,-0.40874485598482496,-0.07471764225122327,0.09456831844831973,-0.2546144481980379,-0.6917894851028212,0.10847000450281223,0.2601635079488337,-0.4147507563434813
0.23272978631993185,0.6574021038573762,-0.4606631982679341,0.18263034955983604,-0.20189116318904532,-0.05514866707620335,0.5960437742457994,-0.3218951675885029,-0.34729242049770026,-0.17433361090797636,0.7656757909729315,-0.08448400247498772,0.5205471293168906,-0.4136312245654983,-0.31209617500087394,-0.2040706951289438,-0.05776613825695794,-0.1809465956435944,-0.23298001791514347,0.3858844745179385,-0.5498084774623967,0.019594437898132696,-0.012113583525214877,-0.7014248981966255,0.20167223126622572,-0.03181264753301228,0.1793016775465327,-0.3458310487853728,-0.49239756130382484,-0.4117666403217727,0.22965098651747934,0.4049711115279577,0.2454939055538111,0.43473559073217544,-0.3279795307745851,-8.992173556333729e-5,0.3673438189912664,0.34259511539028237,0.08653970892092169,0.43176977100194397,0.2726937119408565,-0.10502268197426269,-0.12460991480578187,0.6099742892210103
-0.24175111354887294,-0.34786912764118816,0.29826151865520384,-0.15760411351825726,-0.2764579365436266,-0.19213455600833673,-0.3218951675885029,0.8567578604770548,-0.2767710463215343,0.5555694357302291,-0.2963999477479583,0.3813281799612286,-0.2060394043481226,-0.06370682244123298,0.576464089609102,0.14375688797671513,-0.31935544281105366,-0.0890199092424539,0.13052884438324727,-0.28010574216982487,0.1290216438071632,0.1974825321834548,0.4238668697716053,0.4468919455194522,-0.014094192859093892,0.46621822707053323,0.26945464941616104,0.4797500747821781,-0.1281980212569475,0.21112610495515585,-0.015811172388423684,-0.07427591239071316,0.005570520858926457,-0.475161978398649,0.6261646851721786,0.06986344115093432,0.14157503314295533,-0.5396800476186849,-0.07017736012675453,0.11174362147368275,-0.06292692068543633,-0.2933982989033474,0.260866452784721,-0.0636879993187555
-0.6073460155061406,-1.010771114216508,-0.1311100827392446,-0.03442291290941472,-1.7683511803285004,0.8330556526722072,-0.34729242049770026,-0.2767710463215343,3.20695053670108,-0.9059866753451474,-0.8580966874302912,-0.3717349182705163,-0.12467521934929392,1.5057516754642943,1.4852001377952966,0.2940972397592214,-0.9072985005615575,0.46765706490297937,0.4007492500515979,-1.7933459002902488,0.6416466038404263,1.0851272793172078,-0.29531728213875835,1.4502518154970228,-1.1450036214367096,-0.27364315630852853,-0.032351115389429655,-0.45382757589941136,0.3093493033824251,1.4992839009094332,-0.48809469355201296,1.575355681807246,0.3675006113103404,-1.2335147460912828,-0.45237445119144615,0.8728205095120701,-1.3133100795232056,-1.1185210482726042,0.9457455615510251,-0.45933263533673513,-2.80250702481197,-0.7216383890436905,0.5533909632384354,-1.6195570843329525
0.0717333337381956,0.4523902303089955,0.21456337287371732,-0.4833678699971919,0.08694180441335356,-0.3484472741312847,-0.17433361090797636,0.5555694357302291,-0.9059866753451474,1.432632589395906,-0.14726888817573563,0.9950055881042414,0.5127741712810284,-0.08755780365765534,0.7283436195614352,-0.18964415315047387,-0.8035305571314952,-0.1930355548350543,-0.04624388711644269,0.583300901224848,0.01709565528464366,0.12157885243257902,0.6224854564607094,-0.4979509997132234,0.528507748199527,0.4591588325032417,-0.18995310839665663,-0.08650175805899556,-0.13743246620435645,0.007978295130453842,0.008168508457823147,-0.7523378327966136,-0.235408645313754,-0.18215290325548936,0.5546599019673688,-0.5151518048598288,0.0035262087303430225,0.1617937974954898,-0.19948971203395952,0.71396893643125,0.4146432177237714,-0.03562125679789623,-0.020956138244394105,-0.05290135880589271
0.30665662677527994,0.9802967600150231,-0.6423165434841116,0.2570118603763458,-0.1272124008624459,-0.4074918929660167,0.7656757909729315,-0.2963999477479583,-0.8580966874302912,-0.14726888817573563,1.7312885409475627,-0.21742431139420054,0.7181531045841927,-1.3342736041855852,-1.1185974918269521,-0.016492873621336626,0.13010873251706065,-0.33776200980060994,-0.627997194776115,0.6463459624605498,-1.1432761919368146,-0.055947392219158766,0.002401317402538278,-1.4615035905235927,0.36511687214700145,0.4084157153354526,0.7060680259421618,0.2304205331771476,-1.462935436334396,-0.6267948469163757,0.6548944613544452,0.7878667104670876,0.7184682274008893,0.9536458567533219,-0.35515365141524985,-0.20107501002491548,0.9234024956785715,0.49914189808872944,0.01291989575427521,0.5269457033013069,1.0262414250412673,-0.295372619670744,-0.1317170688946043,1.1983386522856452
0.19154605570608788,0.18550139182822076,-0.0022032072720387925,-0.2500897926822547,-0.10732062143081897,-0.060552123514772155,-0.08448400247498772,0.3813281799612286,-0.3717349182705163,0.9950055881042414,-0.21742431139420054,0.961833365340545,0.4555021609197127,0.4234436519536635,0.7678776252204214,-0.5358820499707356,-0.40531834617780677,-0.2007181647985166,-0.020930496823176124,0.3453683980689181,0.0873671659470073,0.07972971354172537,0.30470853905525846,-0.3894829713958014,0.4557347095365825,0.10579114821456476,-0.4006878108170057,-0.34539656312214456,0.2392883938340131,-0.004490978509994632,-0.03590031086265593,-0.8446432099095668,-0.15543775883772348,-0.30707894540337777,0.4525501811544163,-0.13065360166487883,-0.18201998812907116,0.2194392977442896,-0.17918007741263905,0.4851502341352656,0.08667314062735947,0.21391910289173183,0.34835742600256675,-0.10114275713948591
0.2002497649701924,0.9762711745951678,-0.5348222369983214,-0.08407360759894719,-0.6813833802777391,-0.1220191841155067,0.5205471293168906,-0.2060394043481226,-0.12467521934929392,0.5127741712810284,0.7181531045841927,0.4555021609197127,1.1833884593003905,-0.24207262343989774,0.5850112844539237,-0.17918396191777966,-0.9859949953753158,-0.23899693451095294,-0.22504330443490064,0.5113506648963686,-0.3485398152561975,0.25808755183843296,0.29547469260758497,-0.9832742394812388,0.4418779374391439,0.16416311786555862,0.07443081678072078,-0.693600232468611,-0.7984549796244974,0.08020666680138329,0.014838013410348579,0.5696080404743232,0.18302501030854115,0.11910242770797519,-0.2629844439413185,-0.25200128056212395,-0.19130151329140016,0.17413744558269467,0.45478910255952554,0.941722563342443,-0.06514611109257896,-0.4034572965142677,-0.20298080460826579,0.1365404224523548
0.004994164692184011,-0.8537651587683128,0.14227842295859977,-0.13088377188235162,-0.3986969403582526,0.697772150378299,-0.4136312245654983,-0.06370682244123298,1.5057516754642943,-0.08755780365765534,-1.3342736041855852,0.4234436519536635,-0.24207262343989774,1.8531643133083555,1.1503782109334453,-0.5914335650022161,-0.024565186837690777,0.25036347651856633,0.4544968835436958,-0.6829068513899175,0.774879647848875,0.2583037328531523,-0.2708630399921603,0.911258973641518,-0.33301894874805876,-0.6804495141879383,-0.9548348939711984,-0.7043653496698151,1.5008511040270174,0.5450006929366412,-0.4830859041523873,-0.7412463812908405,-0.3615173441165852,-0.9418580983768735,0.07869760159476316,0.5347084956161648,-1.01726052077506,-0.13889369196807694,0.03234577862014261,-0.45934044691591464,-1.4010184688386251,0.48403410747564773,0.6855242986480435,-1.102442117500975
-0.5714067975718827,-0.2572103674051284,-0.009985288299477377,-0.32504659677931336,-1.8343591818281062,0.3002272822771328,-0.31209617500087394,0.576464089609102,1.4852001377952966,0.7283436195614352,-1.1185974918269521,0.7678776252204214,0.5850112844539237,1.1503782109334453,2.907990266494015,0.16328389739581678,-2.003790901986902,0.168457179940728,0.6034832338752175,-1.0000010096353389,0.9227784824736608,0.9610993851971659,0.6604133923422366,1.1736399484437703,-0.3834872068418324,0.10452917217426373,-0.08979346864499614,-0.9521960683698645,0.08704509958224825,1.3348676369491805,-0.92730477847285,0.9447109360622805,-0.275420770734167,-1.5457676023236475,0.27307805851035816,0.4078407927768362,-1.3591946381093052,-1.2812666902710137,1.0401076001367835,0.8444373224916171,-2.174388181292486,-0.8933090742536858,-0.0176436161949034,-1.430458239596543
-0.4910180352218167,-0.08011339648598134,0.2265231382981662,-0.0728514865242523,-0.285447290118801,-0.17862270948505232,-0.2040706951289438,0.14375688797671513,0.2940972397592214,-0.18964415315047387,-0.016492873621336626,-0.5358820499707356,-0.17918396191777966,-0.5914335650022161,0.16328389739581678,0.9291518439433705,-0.6073306368893452,0.17127725038184313,0.12404456108180771,-0.41550200554622513,0.21742904476838337,0.20467746884730695,0.22267970729032763,0.5711024982607062,-0.3611133498441819,0.3920885196423389,0.6260485673529241,0.43817266408148436,-0.6833721031668213,0.5546197930847774,-0.18406567894735953,1.1445418748314333,0.04618215498319886,-0.12220886428793051,-0.1123409679968939,-0.15733232764711438,-0.14191987396295425,-0.7567049844301063,0.4883715614956802,-0.012078899436934222,-0.34425753301725254,-0.7579797001600727,-0.568059638765414,-0.3464753067799658
0.5504265950698672,-0.5753854918809039,0.07774968703791674,0.5008371341506894,1.6599884003256549,0.04592136460248888,-0.05776613825695794,-0.31935544281105366,-0.9072985005615575,-0.8035305571314952,0.13010873251706065,-0.40531834617780677,-0.9859949953753158,-0.024565186837690777,-2.003790901986902,-0.6073306368893452,2.4255693249381935,-0.04861799809081888,-0.21189196984445505,0.4575494666276789,-0.17963129307983638,-1.129567642874149,-0.8544639763720479,-0.314498211516653,0.2391515640359694,-0.6254498000506911,-0.4821839489623516,0.5865918640372964,0.9901160467797747,-1.0947372688265453,0.38902823006671344,-1.6849017856198414,-0.11575910226793941,0.8094875303606681,0.09957411226445176,0.1599187366626415,0.6947420860852181,0.985946670340236,-1.0330401447670428,-1.141637190741018,1.5818988905543316,1.399815660536,0.4559543262697216,0.895849646955988
-0.14309942071577322,-0.3110163503402689,0.12380784484766319,-0.11047501884434108,-0.2067168533873509,0.08217904773967348,-0.1809465956435944,-0.0890199092424539,0.46765706490297937,-0.1930355548350543,-0.33776200980060994,-0.2007181647985166,-0.23899693451095294,0.25036347651856633,0.168457179940728,0.17127725038184313,-0.04861799809081888,0.3290046659362079,0.22912072806870654,-0.4173841969208288,0.054555467356738885,0.19147635045802555,0.006491997765608139,0.4629359031220171,-0.49233145476312196,-0.1168141873521888,-0.06244026353791752,0.07616418045410443,0.15635784927343915,0.17961932158836874,-0.22498429590086683,0.2268365316306554,-0.06554284280444497,-0.19665545012510108,-0.12685958123589555,0.18429731939845254,-0.1255605994291028,-0.20798146446944368,0.10035272965687746,-0.20296209863353573,-0.4481753963780113,-0.0013072509948237924,-0.11488584780008976,-0.32109713678588386
-0.17636643232973767,-0.3678495479038866,0.19490661461043748,-0.08699988713515215,-0.24916121030049104,0.1308145402645153,-0.23298001791514347,0.13052884438324727,0.4007492500515979,-0.04624388711644269,-0.627997194776115,-0.020930496823176124,-0.22504330443490064,0.4544968835436958,0.6034832338752175,0.12404456108180771,-0.21189196984445505,0.22912072806870654,0.35668092228514536,-0.4016466793378298,0.36620535696265255,0.12669640662938095,0.09538563951549524,0.6912143700086097,-0.3315079994498534,-0.1609985287103223,-0.1425074230707881,-0.10422840213320199,0.38373596219603917,0.28434007332191297,-0.39065089905001843,0.07042762850524333,-0.26589487064818607,-0.43827141060952257,0.04781547938580277,0.19773761904361054,-0.34180535812663276,-0.38771068628651134,0.17831471273666671,-0.11395093848212474,-0.5691527695475473,-0.035299710503021234,-0.10350572957909308,-0.46339865915403533
0.6217301429011386,1.0024016849914077,-0.09889327255887402,0.009239075215475418,1.3061510453369118,-0.3534276372949726,0.3858844745179385,-0.28010574216982487,-1.7933459002902488,0.583300901224848,0.6463459624605498,0.3453683980689181,0.5113506648963686,-0.6829068513899175,-1.0000010096353389,-0.41550200554622513,0.4575494666276789,-0.4173841969208288,-0.4016466793378298,1.5522841139578456,-0.2896399007810049,-0.8247494034060705,-0.02850121956939632,-1.4381499148000418,1.0933368465889577,-0.07398085432129489,-0.3418169460333115,-0.2304994104434572,-0.011529461100120014,-0.8902368228444122,0.34638000663706914,-1.2204951171798526,-0.3020386325622726,0.958739482575239,-0.012194347924574746,-0.8042501462039188,0.4317426510023935,1.1125448458022278,-0.5235940507653722,0.3474411945351859,1.7737761474483547,0.6124591912367104,-0.34330994253522773,0.8531098419800438
-0.2514983034037851,-0.5709711756962441,0.3624112608559929,0.03841630242686659,0.2507471599911748,0.29319032583010607,-0.5498084774623967,0.1290216438071632,0.6416466038404263,0.01709565528464366,-1.1432761919368146,0.0873671659470073,-0.3485398152561975,0.774879647848875,0.9227784824736608,0.21742904476838337,-0.17963129307983638,0.054555467356738885,0.36620535696265255,-0.2896399007810049,1.3232410977202183,-0.3387012621811668,-0.15386117382127684,0.9406766283547903,0.13376538158911297,-0.3531268849309707,-0.4037134214445319,-0.4069401574558073,0.8934408699444054,0.7073233670760452,-0.6544280539053139,-0.4174761718388673,-0.6320544276931682,-0.6291507349732284,0.19352178783886637,-0.03530928106592071,-1.1548935629035182,-0.5362725637206534,0.31423141518193265,-0.287665199148039,-0.5837680942110269,0.08636267547613698,-0.15889994661857568,-1.0329149692917787
-0.4070555887632379,-0.05781268422440497,-0.0632006376288967,-0.307451617474917,-1.3691636673637355,0.11705679064247385,0.019594437898132696,0.1974825321834548,1.0851272793172078,0.12157885243257902,-0.055947392219158766,0.07972971354172537,0.25808755183843296,0.2583037328531523,0.9610993851971659,0.20467746884730695,-1.129567642874149,0.19147635045802555,0.12669640662938095,-0.8247494034060705,-0.3387012621811668,1.1227487370501334,0.40636041031949177,0.48772721019919724,-0.687550233198108,0.41273872771406606,0.37006114311456023,0.005126048129628697,-0.5261410511691299,0.5827874377092335,0.02342762288242462,1.2232119210908179,0.44716487993135823,-0.6081175112556827,-0.060469095776079056,0.33538692163874273,-0.005427125440916256,-0.5846246142652017,0.40945688316287326,0.3530422921398128,-1.4175448359676228,-0.8045170214388762,0.21441979146418605,-0.4462303248665422
-0.18892937544120528,0.2585801176272266,0.09173554638930079,-0.2858341836209114,-0.4956636245492629,-0.24519535649909868,-0.012113583525214877,0.4238668697716053,-0.29531728213875835,0.6224854564607094,0.002401317402538278,0.30470853905525846,0.29547469260758497,-0.2708630399921603,0.6604133923422366,0.22267970729032763,-0.8544639763720479,0.006491997765608139,0.09538563951549524,-0.02850121956939632,-0.15386117382127684,0.40636041031949177,0.5590049188233626,0.055327854692658454,-0.06267658872806614,0.43792368019566785,0.2719694784618288,0.07411195540723294,-0.4931369718331692,0.1647844051778644,-0.06732521294616689,0.4043229614315799,0.007443426154287737,-0.24632958686604897,0.21157458380819663,-0.1293001062391185,0.13043958146759155,-0.3351906016151838,0.17302129424468793,0.5415556955984715,-0.18330475673297295,-0.4866382688280693,-0.20093910527264736,-0.03522979006103453
-0.735780549902676,-1.2608858838116588,0.5470778567162866,-0.05331799079290666,-0.6590651205281635,0.38705383853511105,-0.7014248981966255,0.4468919455194522,1.4502518154970228,-0.4979509997132234,-1.4615035905235927,-0.3894829713958014,-0.9832742394812388,0.911258973641518,1.1736399484437703,0.5711024982607062,-0.314498211516653,0.4629359031220171,0.6912143700086097,-1.4381499148000418,0.9406766283547903,0.48772721019919724,0.055327854692658454,2.103555817325224,-0.9835870696709951,-0.11609162174942747,0.04842781599970068,0.21325545117871045,0.7582586153727451,0.9350997517773811,-0.6413177844869913,0.6019715432074418,-0.2958475782874775,-1.1383140263348088,0.2412023602200766,0.609128642237384,-0.6888599078719442,-1.230932553418257,0.3968186600473174,-0.6014288704696706,-1.6586897133698264,-0.4030082263242977,0.05753212026867367,-1.1530769183587282
0.4153949424682708,0.6327254274475765,-0.09875026286287526,0.10389719623747751,0.8772318757701832,-0.1838907964096782,0.20167223126622572,-0.014094192859093892,-1.1450036214367096,0.528507748199527,0.36511687214700145,0.4557347095365825,0.4418779374391439,-0.33301894874805876,-0.3834872068418324,-0.3611133498441819,0.2391515640359694,-0.49233145476312196,-0.3315079994498534,1.0933368465889577,0.13376538158911297,-0.687550233198108,-0.06267658872806614,-0.9835870696709951,1.0591878885446668,-0.028215701145768726,-0.25359179513949265,-0.2955946988468672,0.06942849273847465,-0.41882263975978057,0.20037460761589757,-0.9852726508661973,-0.234264957724613,0.48840340133977483,0.1741177284961237,-0.566277294720609,-0.0018243209818875198,0.6301737285321553,-0.27566325048598506,0.2999145908451043,1.1741440600493305,0.3778243185862025,-0.05709191753835851,0.4415134434238336
-0.2597883733870155,0.20497704964818506,0.08411116110412077,-0.2022476771605787,-0.386266027547042,-0.3353646590006836,-0.03181264753301228,0.46621822707053323,-0.27364315630852853,0.4591588325032417,0.4084157153354526,0.10579114821456476,0.16416311786555862,-0.6804495141879383,0.10452917217426373,0.3920885196423389,-0.6254498000506911,-0.1168141873521888,-0.1609985287103223,-0.07398085432129489,-0.3531268849309707,0.41273872771406606,0.43792368019566785,-0.11609162174942747,-0.028215701145768726,0.721443993613885,0.6028831445146484,0.5434833871496194,-0.8960944282158577,0.18729973893920052,0.27890754274047,0.6374776045841303,0.3458830787195394,-0.04107131099251386,0.25131028448003623,-0.20241018808068903,0.3966967736798802,-0.3334001488418992,0.07684659339677206,0.3475006292171543,0.04903155051888413,-0.6462606924710135,-0.013318487494316418,0.1627552155711603
-0.3486662940913685,0.18875546400126733,-0.11199335280120445,0.0938677742608811,-0.6342046890413732,-0.27864971428753144,0.1793016775465327,0.26945464941616104,-0.032351115389429655,-0.18995310839665663,0.7060680259421618,-0.4006878108170057,0.07443081678072078,-0.9548348939711984,-0.08979346864499614,0.6260485673529241,-0.4821839489623516,-0.06244026353791752,-0.1425074230707881,-0.3418169460333115,-0.4037134214445319,0.37006114311456023,0.2719694784618288,0.04842781599970068,-0.25359179513949265,0.6028831445146484,0.9695668992181806,0.5159346355949503,-1.2019030714362173,0.16476840112125535,0.19497490338803053,1.3683346532055687,0.5065272213382163,0.09259855091833633,-0.049814118338333255,0.06222930771329606,0.4606659337243469,-0.5839741007638545,0.3626364906631908,0.2969096234090827,-0.10983464310937632,-0.8466448025575556,-0.24625638247984974,0.3128866325679331
-0.1971942560520068,-0.4693421335443149,0.4026921654590474,-0.0808366741672995,0.36720620859930625,-0.3443403238018844,-0.3458310487853728,0.4797500747821781,-0.45382757589941136,-0.08650175805899556,0.2304205331771476,-0.34539656312214456,-0.693600232468611,-0.7043653496698151,-0.9521960683698645,0.43817266408148436,0.5865918640372964,0.07616418045410443,-0.10422840213320199,-0.2304994104434572,-0.4069401574558073,0.005126048129628697,0.07411195540723294,0.21325545117871045,-0.2955946988468672,0.5434833871496194,0.5159346355949503,1.3363863073943765,-0.4327099985221627,-0.12452879437779535,0.41398408359698924,0.06350264753700409,0.31059976506383263,0.1930472757312828,0.3468864693754471,-0.06400862937371618,0.7834593288532535,-0.17740486856944623,-0.4137355312244877,-0.5741036403789769,0.6071304099072323,-0.09418503800178982,0.19045411131453518,0.3653714659763637
0.24292922409649587,-0.8478064856491876,0.46431796828555144,-0.017107905150085652,1.0110447202118868,0.544659820138467,-0.49239756130382484,-0.1281980212569475,0.3093493033824251,-0.13743246620435645,-1.462935436334396,0.2392883938340131,-0.7984549796244974,1.5008511040270174,0.08704509958224825,-0.6833721031668213,0.9901160467797747,0.15635784927343915,0.38373596219603917,-0.011529461100120014,0.8934408699444054,-0.5261410511691299,-0.4931369718331692,0.7582586153727451,0.06942849273847465,-0.8960944282158577,-1.2019030714362173,-0.4327099985221627,2.100431812702184,-0.1573131103086173,-0.3231866526308182,-1.9099918336890764,-0.7657576823920086,-0.359018610784508,0.22960413602467392,0.19088723860339055,-0.5825782842818507,0.4374211244670973,-0.6106473200704379,-0.8548654880450937,-0.15874109335711248,1.1646814712521252,0.4556000124777403,-0.5953588237404328
-0.5487699264106198,-0.44587401595393644,0.12249183367266672,-0.165120125534679,-1.0161287864497823,0.23025108394172644,-0.4117666403217727,0.21112610495515585,1.4992839009094332,0.007978295130453842,-0.6267948469163757,-0.004490978509994632,0.08020666680138329,0.5450006929366412,1.3348676369491805,0.5546197930847774,-1.0947372688265453,0.17961932158836874,0.28434007332191297,-0.8902368228444122,0.7073233670760452,0.5827874377092335,0.1647844051778644,0.9350997517773811,-0.41882263975978057,0.18729973893920052,0.16476840112125535,-0.12452879437779535,-0.1573131103086173,1.2148640559357233,-0.46233456473052775,1.0423603076167436,0.015102476341341474,-0.8935420120298238,0.006770909808493394,0.1479280062060022,-1.0064808248087607,-1.0112684024002567,0.7710660154547996,0.018637813028501652,-1.4810887925595393,-0.7737484783827902,0.0024017597012758337,-1.167637519409687
0.18130264582982236,0.25783043300791014,-0.08116316808812274,0.009083778663465337,0.3204287042572013,-0.1354640117085462,0.22965098651747934,-0.015811172388423684,-0.48809469355201296,0.008168508457823147,0.6548944613544452,-0.03590031086265593,0.014838013410348579,-0.4830859041523873,-0.92730477847285,-0.18406567894735953,0.38902823006671344,-0.22498429590086683,-0.39065089905001843,0.34638000663706914,-0.6544280539053139,0.02342762288242462,-0.06732521294616689,-0.6413177844869913,0.20037460761589757,0.27890754274047,0.19497490338803053,0.41398408359698924,-0.3231866526308182,-0.46233456473052775,0.653064847091616,-0.17030066311040126,0.40490267470330976,0.49128370595256887,0.032388132229799464,-0.1502157940206961,0.738975015084721,0.4887916895838992,-0.4489583193023215,-0.0660830916390458,0.6192889220100107,0.06052732197306883,0.3381808367002189,0.6587965555009369
-0.7760459027319506,0.2785927455596957,-0.49568308671931505,0.09226771492178401,-2.196233322604735,-0.024268847283920817,0.4049711115279577,-0.07427591239071316,1.575355681807246,-0.7523378327966136,0.7878667104670876,-0.8446432099095668,0.5696080404743232,-0.7412463812908405,0.9447109360622805,1.1445418748314333,-1.6849017856198414,0.2268365316306554,0.07042762850524333,-1.2204951171798526,-0.4174761718388673,1.2232119210908179,0.4043229614315799,0.6019715432074418,-0.9852726508661973,0.6374776045841303,1.3683346532055687,0.06350264753700409,-1.9099918336890764,1.0423603076167436,-0.17030066311040126,3.359681255292219,0.824665393449667,-0.42308567637450173,-0.6556993064558414,0.4315502382173551,-0.1548091258989872,-1.4013147959993821,1.396571384614092,0.6275499023840243,-1.7655603371265935,-1.8355862676403647,-0.5362449026836853,-0.3567827797320481
-0.06583391818921086,0.09439260849765024,-0.28939940742015174,0.06512851115790386,-0.6303136447856269,-0.03899503482687383,0.2454939055538111,0.005570520858926457,0.3675006113103404,-0.235408645313754,0.7184682274008893,-0.15543775883772348,0.18302501030854115,-0.3615173441165852,-0.275420770734167,0.04618215498319886,-0.11575910226793941,-0.06554284280444497,-0.26589487064818607,-0.3020386325622726,-0.6320544276931682,0.44716487993135823,0.007443426154287737,-0.2958475782874775,-0.234264957724613,0.3458830787195394,0.5065272213382163,0.31059976506383263,-0.7657576823920086,0.015102476341341474,0.40490267470330976,0.824665393449667,0.6562170301099837,0.11223134323401125,-0.12641897719389,0.22378556859721088,0.43821900037360534,-0.08625730528811962,0.08202301640143218,0.09689260806356956,-0.23040428578567715,-0.4048372751423065,0.3238357374832007,0.318942009124339
0.4370194233954889,0.68246750513061,-0.18370261972682708,0.18066971444691157,1.0201830372336085,-0.2909332446031912,0.43473559073217544,-0.475161978398649,-1.2335147460912828,-0.18215290325548936,0.9536458567533219,-0.30707894540337777,0.11910242770797519,-0.9418580983768735,-1.5457676023236475,-0.12220886428793051,0.8094875303606681,-0.19665545012510108,-0.43827141060952257,0.958739482575239,-0.6291507349732284,-0.6081175112556827,-0.24632958686604897,-1.1383140263348088,0.48840340133977483,-0.04107131099251386,0.09259855091833633,0.1930472757312828,-0.359018610784508,-0.8935420120298238,0.49128370595256887,-0.42308567637450173,0.11223134323401125,1.0944886725455405,-0.29559400699168753,-0.4321758846163165,0.7708910873324757,0.8932361497127794,-0.4522440297047966,-0.0153050235828571,1.4758783132704418,0.4247316167460508,-0.3112638257809323,0.9911224014379877
-0.07207427742257973,-0.3184998063882305,0.2842975473623746,-0.10147749053309765,0.1867536118530562,-0.1427439812284953,-0.3279795307745851,0.6261646851721786,-0.45237445119144615,0.5546599019673688,-0.35515365141524985,0.4525501811544163,-0.2629844439413185,0.07869760159476316,0.27307805851035816,-0.1123409679968939,0.09957411226445176,-0.12685958123589555,0.04781547938580277,-0.012194347924574746,0.19352178783886637,-0.060469095776079056,0.21157458380819663,0.2412023602200766,0.1741177284961237,0.25131028448003623,-0.049814118338333255,0.3468864693754471,0.22960413602467392,0.006770909808493394,0.032388132229799464,-0.6556993064558414,-0.12641897719389,-0.29559400699168753,0.6218646502663325,-0.030142897901093122,0.10437129886654052,-0.13202198235420015,-0.29753230398310604,-0.019868435337632568,0.25007666502643855,0.11008309920596646,0.31339872785006895,0.0035268458859761555
-0.12592633228766406,-0.5595118028407818,-0.16813753047749364,0.18073665598835661,-0.7556364893198679,0.2825060335340672,-8.992173556333729e-5,0.06986344115093432,0.8728205095120701,-0.5151518048598288,-0.20107501002491548,-0.13065360166487883,-0.25200128056212395,0.5347084956161648,0.4078407927768362,-0.15733232764711438,0.1599187366626415,0.18429731939845254,0.19773761904361054,-0.8042501462039188,-0.03530928106592071,0.33538692163874273,-0.1293001062391185,0.609128642237384,-0.566277294720609,-0.20241018808068903,0.06222930771329606,-0.06400862937371618,0.19088723860339055,0.1479280062060022,-0.1502157940206961,0.4315502382173551,0.22378556859721088,-0.4321758846163165,-0.030142897901093122,0.7136450015411965,-0.061037651892731665,-0.38533069045555846,0.1572127624878015,-0.18926601942975346,-0.839812798433196,-0.03844312435249161,0.3996144714120467,-0.1442379195350729
0.218752084559897,0.3532349144798114,-0.029352605921509844,0.02321915116537831,0.44393842469587225,-0.40874485598482496,0.3673438189912664,0.14157503314295533,-1.3133100795232056,0.0035262087303430225,0.9234024956785715,-0.18201998812907116,-0.19130151329140016,-1.01726052077506,-1.3591946381093052,-0.14191987396295425,0.6947420860852181,-0.1255605994291028,-0.34180535812663276,0.4317426510023935,-1.1548935629035182,-0.005427125440916256,0.13043958146759155,-0.6888599078719442,-0.0018243209818875198,0.3966967736798802,0.4606659337243469,0.7834593288532535,-0.5825782842818507,-1.0064808248087607,0.738975015084721,-0.1548091258989872,0.43821900037360534,0.7708910873324757,0.10437129886654052,-0.061037651892731665,1.4849700626306779,0.5803317534336396,-0.6913569209174024,0.02648233021592869,1.150193219299226,0.1493983164272253,0.1045716482855506,1.265876817489823
0.6761588933588535,0.5698235773577822,-0.14823048867358327,0.0324526703697173,1.1891595795824301,-0.07471764225122327,0.34259511539028237,-0.5396800476186849,-1.1185210482726042,0.1617937974954898,0.49914189808872944,0.2194392977442896,0.17413744558269467,-0.13889369196807694,-1.2812666902710137,-0.7567049844301063,0.985946670340236,-0.20798146446944368,-0.38771068628651134,1.1125448458022278,-0.5362725637206534,-0.5846246142652017,-0.3351906016151838,-1.230932553418257,0.6301737285321553,-0.3334001488418992,-0.5839741007638545,-0.17740486856944623,0.4374211244670973,-1.0112684024002567,0.4887916895838992,-1.4013147959993821,-0.08625730528811962,0.8932361497127794,-0.13202198235420015,-0.38533069045555846,0.5803317534336396,1.3512982958028812,-0.7862241287950095,-0.08157702828078282,1.3366776033362056,0.9646962116210679,0.12787525745594522,0.7998191775926662
-0.3494165654114521,0.11721043874116335,-0.25034794286079853,0.056079520951312835,-1.0771387798117729,0.09456831844831973,0.08653970892092169,-0.07017736012675453,0.9457455615510251,-0.19948971203395952,0.01291989575427521,-0.17918007741263905,0.45478910255952554,0.03234577862014261,1.0401076001367835,0.4883715614956802,-1.0330401447670428,0.10035272965687746,0.17831471273666671,-0.5235940507653722,0.31423141518193265,0.40945688316287326,0.17302129424468793,0.3968186600473174,-0.27566325048598506,0.07684659339677206,0.3626364906631908,-0.4137355312244877,-0.6106473200704379,0.7710660154547996,-0.4489583193023215,1.396571384614092,0.08202301640143218,-0.4522440297047966,-0.29753230398310604,0.1572127624878015,-0.6913569209174024,-0.7862241287950095,0.9074598083143677,0.4101029930936615,-1.0428661181467969,-0.7930981349901313,-0.3797777046105488,-0.5819314859647372
-0.005060575153674826,0.8937016588441249,-0.37191071203277226,-0.11634255146829524,-0.7226309634200405,-0.2546144481980379,0.43176977100194397,0.11174362147368275,-0.45933263533673513,0.71396893643125,0.5269457033013069,0.4851502341352656,0.941722563342443,-0.45934044691591464,0.8444373224916171,-0.012078899436934222,-1.141637190741018,-0.20296209863353573,-0.11395093848212474,0.3474411945351859,-0.287665199148039,0.3530422921398128,0.5415556955984715,-0.6014288704696706,0.2999145908451043,0.3475006292171543,0.2969096234090827,-0.5741036403789769,-0.8548654880450937,0.018637813028501652,-0.0660830916390458,0.6275499023840243,0.09689260806356956,-0.0153050235828571,-0.019868435337632568,-0.18926601942975346,0.02648233021592869,-0.08157702828078282,0.4101029930936615,1.1399157259100063,-0.07601087370439284,-0.5598491016154341,-0.3780588248918214,0.21970308829911656
0.7523455472498952,0.7413128054888078,0.033536659931790475,0.21773878495360693,2.129301298313601,-0.6917894851028212,0.2726937119408565,-0.06292692068543633,-2.80250702481197,0.4146432177237714,1.0262414250412673,0.08667314062735947,-0.06514611109257896,-1.4010184688386251,-2.174388181292486,-0.34425753301725254,1.5818988905543316,-0.4481753963780113,-0.5691527695475473,1.7737761474483547,-0.5837680942110269,-1.4175448359676228,-0.18330475673297295,-1.6586897133698264,1.1741440600493305,0.04903155051888413,-0.10983464310937632,0.6071304099072323,-0.15874109335711248,-1.4810887925595393,0.6192889220100107,-1.7655603371265935,-0.23040428578567715,1.4758783132704418,0.25007666502643855,-0.839812798433196,1.150193219299226,1.3366776033362056,-1.0428661181467969,-0.07601087370439284,3.0339617718874856,1.0266302924348218,-0.306296679305475,1.5978760051788772
0.5578916740570822,-0.22471277746129117,0.11763898892029519,0.11533452040762154,1.2720272974783493,0.10847000450281223,-0.10502268197426269,-0.2933982989033474,-0.7216383890436905,-0.03562125679789623,-0.295372619670744,0.21391910289173183,-0.4034572965142677,0.48403410747564773,-0.8933090742536858,-0.7579797001600727,1.399815660536,-0.0013072509948237924,-0.035299710503021234,0.6124591912367104,0.08636267547613698,-0.8045170214388762,-0.4866382688280693,-0.4030082263242977,0.3778243185862025,-0.6462606924710135,-0.8466448025575556,-0.09418503800178982,1.1646814712521252,-0.7737484783827902,0.06052732197306883,-1.8355862676403647,-0.4048372751423065,0.4247316167460508,0.11008309920596646,-0.03844312435249161,0.1493983164272253,0.9646962116210679,-0.7930981349901313,-0.5598491016154341,1.0266302924348218,1.2860971675139408,0.2782145918417324,0.3285725968247781
0.12041280872191229,-0.5496464246864694,-0.04934566941268518,0.020602242780708022,-0.22299505616731363,0.2601635079488337,-0.12460991480578187,0.260866452784721,0.5533909632384354,-0.020956138244394105,-0.1317170688946043,0.34835742600256675,-0.20298080460826579,0.6855242986480435,-0.0176436161949034,-0.568059638765414,0.4559543262697216,-0.11488584780008976,-0.10350572957909308,-0.34330994253522773,-0.15889994661857568,0.21441979146418605,-0.20093910527264736,0.05753212026867367,-0.05709191753835851,-0.013318487494316418,-0.24625638247984974,0.19045411131453518,0.4556000124777403,0.0024017597012758337,0.3381808367002189,-0.5362449026836853,0.3238357374832007,-0.3112638257809323,0.31339872785006895,0.3996144714120467,0.1045716482855506,0.12787525745594522,-0.3797777046105488,-0.3780588248918214,-0.306296679305475,0.2782145918417324,1.0419075794994304,0.005568381524911008
0.4597182966518713,0.6507126746526178,-0.34216946605701803,0.2792273346326435,0.634554455480416,-0.4147507563434813,0.6099742892210103,-0.0636879993187555,-1.6195570843329525,-0.05290135880589271,1.1983386522856452,-0.10114275713948591,0.1365404224523548,-1.102442117500975,-1.430458239596543,-0.3464753067799658,0.895849646955988,-0.32109713678588386,-0.46339865915403533,0.8531098419800438,-1.0329149692917787,-0.4462303248665422,-0.03522979006103453,-1.1530769183587282,0.4415134434238336,0.1627552155711603,0.3128866325679331,0.3653714659763637,-0.5953588237404328,-1.167637519409687,0.6587965555009369,-0.3567827797320481,0.318942009124339,0.9911224014379877,0.0035268458859761555,-0.1442379195350729,1.265876817489823,0.7998191775926662,-0.5819314859647372,0.21970308829911656,1.5978760051788772,0.3285725968247781,0.005568381524911008,1.5043541705114132
