V1,V2,V3,V4,V5,V6,V7,V8,V9,V10,V11,V12,V13,V14,V15,V16,V17,V18,V19,V20,V21,V22,V23,V24,V25,V26,V27,V28,V29,V30,V31,V32,V33,V34,V35,V36,V37,V38,V39,V40,V41,V42,V43,V44
0.11751233995121686,-0.1879604181494766,-0.15375125977127524,0.8691106733529368,0.19139588527680965,-0.7248641651201619,-0.018131843208194838,1.7901059826404286,-2.498196618436946,0.6734022895147043,0.2544013391898271,0.7652242559357234,0.021997031729862636,-1.0108702835301886,0.8313830994941083,-0.013917199668532589,0.6091694080511947,-0.841300453116535,0.15733334912670185,0.568818169865723,0.8457194619841618,-1.4713700596754435,0.47127517400705926,0.05840880304527013,1.3396873455448957,0.3018236114755391,0.6516361091022551,0.32271621761451963,-0.510541211040783,-0.34479320065036645,-0.592805103862223,-0.6787020882116382,-0.5448069604522165,-0.3240018296942,1.3894104149739408,0.17726788090150158,0.02315518163742375,-1.0263722064982022,0.23602256801386007,0.6613095221931045,1.9104675578978416,-0.0208506773108537,-0.08806764343716977,1.0633911229317214
-0.1879604181494766,1.1235643131435995,0.09693675606567187,-2.711464960496024,-0.7667786484456883,2.53085034966996,0.3414936716198151,-6.259025532052096,8.598574892620753,-2.21139632228173,-0.41325279496713396,-2.3604535185678652,0.6757721576267651,3.4063424370350606,-2.558255371731784,-0.08214096049616042,-2.3839030354024384,2.437991742888323,-0.802677252842916,-1.454600442822145,-2.5586282465997403,4.6794259629365325,-1.761019651469191,-0.8943553886646379,-3.7962085023357126,-1.0923000182581077,-2.262513046891667,-1.686417464773464,1.4292750218789176,1.4394044438748035,1.9864150925143564,2.450625678248875,1.8856361079190822,1.1876848720010844,-4.8606331920474375,-0.8454842447734093,-0.701415163208509,3.533547689201719,-0.39005963293365914,-1.8949072923204449,-6.345592635756402,-0.1045772806085977,0.3421550524914461,-3.6722244782925246
-0.15375125977127524,0.09693675606567187,0.35208251577736344,-1.1614072616166151,-0.2735624524396073,0.7448818492578394,-0.04757339343646963,-1.852354538929257,2.5006705423616578,-0.5525876559054715,-0.6008707341121178,-0.7452840396234507,-0.24032785739788212,1.2626125502638357,-0.7458359768333831,-0.08850769798392863,-0.6788765486912206,1.177959665289655,0.061920916313675474,-0.7741601818953797,-1.1553889410500058,1.854180334266049,-0.2851292826774994,0.22883516713053872,-1.8507620938142935,-0.3704746111749154,-0.8348786340982922,-0.28052117385276915,0.8143718276900497,0.12454801278011321,0.5458850305065911,0.5241990301089409,0.4576221143914283,0.23779793968010635,-1.4320924258662457,-0.040421990075267256,0.2986954782205516,1.1900523861888774,-0.48057159172867936,-0.6659600544067031,-2.214660058986055,0.19327886076353734,0.002743113272764239,-1.1122329941019737
0.8691106733529368,-2.711464960496024,-1.1614072616166151,9.321896003011503,2.4945302145731434,-7.841091875528258,-0.633353502197171,19.37107160576698,-26.618750587685284,6.69734510435386,2.5323703098581163,7.553419563008394,-0.7964529658952748,-11.197678945487555,8.03964785548749,0.36648288962201264,7.1966289276163264,-8.79234620542105,1.7105614015398847,5.5288209156689705,9.014175552677349,-15.74035557674394,4.8749183208173195,1.3788050437194048,13.78046231924323,3.47898923418213,7.399001525260811,4.5200668269930135,-5.456809956653836,-3.668447318040665,-6.103701554209299,-7.117325423510307,-5.640144996218229,-3.386175486909902,15.034698704170136,2.003108378217127,0.7695962944509559,-11.267320694767522,2.21323952081853,6.27637073503583,20.547543265552992,-0.24073115133091624,-0.8942090458508232,11.402472095433376
0.19139588527680965,-0.7667786484456883,-0.2735624524396073,2.4945302145731434,0.8639038142900181,-2.0223809822749605,-0.2589092327462299,5.060337042939127,-6.749744715905213,1.6656290010951662,0.8207003963684434,1.8877979905310707,-0.23713100626630151,-3.0460348870393505,1.8035903102496533,0.23491461761705518,1.9600332293808818,-2.472344270409196,0.2457442633763394,1.4998057266765872,2.4997092779647576,-4.228921038415146,1.1020912394563989,0.217070328363349,3.8264518240507694,1.0609171078296586,2.040993285551263,1.4136631793697976,-1.5674722911740786,-0.7357911394903733,-1.3889959139476085,-1.8162724764681768,-1.319730165195013,-0.8078589781676151,3.9561019268351245,0.337509414236387,0.05462706279188783,-2.958438493070475,0.5835392565849887,1.4161943961408916,5.493652548883884,-0.18914587581202477,-0.045473154948898135,2.8799654270962005
-0.7248641651201619,2.53085034966996,0.7448818492578394,-7.841091875528258,-2.0223809822749605,6.989500282897278,0.6354083203273685,-17.181040879786355,23.837149889813958,-6.208514891931846,-1.6618409898479198,-6.797974875351321,1.0327050318763578,9.57271498752826,-7.405779710022614,-0.12348097976292337,-6.286858766848223,7.252095310405374,-1.9252180655990578,-4.60312426230104,-7.512167206684123,13.41948799061083,-4.703205247546869,-1.736352502378364,-11.421263877623375,-2.942564652352435,-6.269389499937303,-3.9802591278013213,4.344016973332322,3.698802422877463,5.5929732356276896,6.613654633446458,5.225463664168537,3.1631374067845037,-13.337058234903774,-2.064514583159998,-1.2578563049693163,9.808270435759768,-1.5967849877844087,-5.684634601037673,-17.818091578086086,-0.10903183676335158,1.01231938740446,-10.144665827938148
-0.018131843208194838,0.3414936716198151,-0.04757339343646963,-0.633353502197171,-0.2589092327462299,0.6354083203273685,0.15714814477536268,-1.590860905704852,2.106065800986501,-0.5619260181644407,-0.0802221239422272,-0.5748161879137251,0.2509615263610499,0.8581430468165834,-0.5367136375834924,-0.05088681265595859,-0.6360735154971165,0.6078468160103011,-0.17056398116838722,-0.33781974026856093,-0.6272718532055228,1.1381619805373488,-0.42262075629534274,-0.24654688128141877,-0.9294910191137601,-0.33245251067290393,-0.5780683214172978,-0.5482204439563301,0.3423245879102956,0.33036220638859726,0.41867266614891224,0.6593995419614422,0.4324864028658411,0.29199880114351245,-1.2471723585052028,-0.1726875569991884,-0.21292809528016804,0.867236846375783,-0.02692304193752097,-0.3784423004359483,-1.587451616334174,-0.027137370274819363,0.020360439803985622,-0.8859222712322875
1.7901059826404286,-6.259025532052096,-1.852354538929257,19.37107160576698,5.060337042939127,-17.181040879786355,-1.590860905704852,42.38308380939929,-58.63080523213636,15.265292784711965,4.1926225060889655,16.767702317664686,-2.5331605689223413,-23.618471068501975,18.164945499689182,0.3201275903163655,15.510376778562682,-17.99985906094267,4.665483577946016,11.378310044004218,18.591625609296972,-33.1349091551486,11.504528547089102,4.157737313991794,28.300362442125184,7.319203300878887,15.513186459593978,9.928364690800949,-10.783954588682603,-9.006933043249322,-13.687932880345425,-16.28601141130496,-12.798698814876596,-7.8075562047132925,32.90457239444847,5.019008145861307,2.9797106030478355,-24.1618715737569,3.9492176908500363,13.926573810601527,43.99711403716222,0.19315809150372024,-2.354429603370067,24.963140073370813
-2.498196618436946,8.598574892620753,2.5006705423616578,-26.618750587685284,-6.749744715905213,23.837149889813958,2.106065800986501,-58.63080523213636,81.52987031622767,-21.34025302678443,-5.415891859391181,-23.32762635223562,3.567101368793473,32.46194763880863,-25.603012600659408,-0.2524254438692525,-21.319230274076304,24.528134123843202,-6.82792211316336,-15.61468407014997,-25.453778141082747,45.58653610772581,-16.263580302121213,-6.103123636214054,-38.6625158924205,-9.900223830057987,-21.24585477548753,-13.427359998570113,14.605548741168825,12.876831717482219,19.292487186976988,22.680570300181387,18.007596911299604,10.921112004297227,-45.50651498319378,-7.231787149899752,-4.4659456186532935,33.37048905476406,-5.369149757018188,-19.611242083983747,-60.649315628402945,-0.5103164944092912,3.630569309525052,-34.66081197672318
0.6734022895147043,-2.21139632228173,-0.5525876559054715,6.69734510435386,1.6656290010951662,-6.208514891931846,-0.5619260181644407,15.265292784711965,-21.34025302678443,5.845319265806953,1.1500869840167929,6.268884426523523,-0.9473328531594029,-8.21846880135846,6.887164453994219,-0.12262062213766847,5.396816451789537,-6.187247698724174,1.919112433558201,4.020436818937479,6.422747427572052,-11.60504763071452,4.432765678802497,1.7014635636602187,9.810169497476188,2.525169560685465,5.315267022347839,3.3618597083675157,-3.5477831277159795,-3.5435681807941357,-5.0853731711863555,-6.155617681004867,-4.790999823401643,-2.922378538636868,11.877323602161004,1.968690861086708,1.3841039223267342,-8.540286950700132,1.2251188348498865,5.254091893301246,15.603738338055251,0.2986016028693354,-0.9819607216082485,9.012584002556876
0.2544013391898271,-0.41325279496713396,-0.6008707341121178,2.5323703098581163,0.8207003963684434,-1.6618409898479198,-0.0802221239422272,4.1926225060889655,-5.415891859391181,1.1500869840167929,1.3401658559564227,1.534548537610295,0.2893092095157248,-2.8940536854388923,1.304493784566496,0.34275272684769176,1.6763857835901257,-2.6531373757582046,-0.2397409066320762,1.6388014136180111,2.5800430513023276,-4.1006603875732575,0.5357458672606646,-0.4439296311522368,4.099708896340854,0.9956289388036198,1.9624401763934103,1.0387982785546364,-1.839272383935898,-0.15607170523539093,-0.9957207993704779,-1.201760758200795,-0.8812503701197727,-0.49422956088130754,3.2628863042754466,-0.021507905618371546,-0.594091761323882,-2.653958966690259,0.9213426352176587,1.1595689207089748,4.976341078392528,-0.4762574877685824,0.1718745390386522,2.393253835148933
0.7652242559357234,-2.3604535185678652,-0.7452840396234507,7.553419563008394,1.8877979905310707,-6.797974875351321,-0.5748161879137251,16.767702317664686,-23.32762635223562,6.268884426523523,1.534548537610295,6.848996150061644,-0.8819115277805073,-9.175996610687644,7.466122341957058,-0.057537914267096264,5.972458269380799,-7.051199056456218,1.9384933495251087,4.550764373439084,7.2604657150156395,-12.98375759243239,4.694700755684106,1.6190259991936262,11.137078421855135,2.8258120705167102,5.9809142247677265,3.7123651302034033,-4.133426096195224,-3.6896698284264176,-5.5080089983777505,-6.610210421800453,-5.162385195881287,-3.160522797663542,13.035576631468839,2.034187899471136,1.2294469675352133,-9.444562794060108,1.5144884828267349,5.727002368778932,17.311541216039352,0.1788087808064406,-0.9851383323632004,9.885349606241823
0.021997031729862636,0.6757721576267651,-0.24032785739788212,-0.7964529658952748,-0.23713100626630151,1.0327050318763578,0.2509615263610499,-2.5331605689223413,3.567101368793473,-0.9473328531594029,0.2893092095157248,-0.8819115277805073,0.7078022000651881,1.1583319426943421,-1.087977672451627,0.016727482571718688,-1.0072946154356281,0.5361171503811657,-0.6493112011092217,-0.2381691722959408,-0.6644721726748192,1.4763369861252222,-0.9471389987306659,-0.8704255912528892,-0.8139497802399556,-0.36102863308103594,-0.7834065448331822,-0.8604418104801868,0.21615081401221323,0.906078474119154,0.9042200475440411,1.1357906844454213,0.8903970414161065,0.5972874545548164,-1.9626862522914053,-0.591500714492517,-0.7658105762497884,1.3247322473839704,0.15426677714058237,-0.7037823494051728,-2.2613191301069366,-0.25483522427613053,0.2940972055757169,-1.497560034157582
-1.0108702835301886,3.4063424370350606,1.2626125502638357,-11.197678945487555,-3.0460348870393505,9.57271498752826,0.8581430468165834,-23.618471068501975,32.46194763880863,-8.21846880135846,-2.8940536854388923,-9.175996610687644,1.1583319426943421,13.575556700245347,-9.750124624800458,-0.43921823314865527,-8.790637870876393,10.532308796811668,-2.181659996989965,-6.616260025842058,-10.83189354906343,18.999600633929866,-6.028463886593245,-1.8818838161919884,-16.51914315261922,-4.2430779510703385,-8.950925423697681,-5.609010026910957,6.493072933712315,4.577189490397382,7.427432997067689,8.771077115799585,6.903729722287438,4.147102493392141,-18.330259824448383,-2.4988487776973893,-1.1653897908987125,13.688575774548493,-2.53808793397213,-7.579849963745126,-24.91736383418802,0.198719190945756,1.1238803260576473,-13.8854477122342
0.8313830994941083,-2.558255371731784,-0.7458359768333831,8.03964785548749,1.8035903102496533,-7.405779710022614,-0.5367136375834924,18.164945499689182,-25.603012600659408,6.887164453994219,1.304493784566496,7.466122341957058,-1.087977672451627,-9.750124624800458,8.495690964041444,-0.20109848672090624,6.3857684562247945,-7.2734644409618845,2.4865695939140613,4.744542014247583,7.605498134529353,-13.828811519332511,5.386775469867694,2.124834085371295,11.545341400695882,2.8366413771113366,6.3315389984861925,3.8184988197483,-4.202756555172504,-4.382693769940345,-6.3046892464185476,-7.229478580455542,-5.864180400619221,-3.56491995380775,14.088194716162144,2.508340032615305,1.6357219568245356,-10.197185501140929,1.555258344046548,6.4710896633018615,18.547095543223065,0.3944179423131318,-1.4167988945448948,10.82789142488198
-0.013917199668532589,-0.08214096049616042,-0.08850769798392863,0.36648288962201264,0.23491461761705518,-0.12348097976292337,-0.05088681265595859,0.3201275903163655,-0.2524254438692525,-0.12262062213766847,0.34275272684769176,-0.057537914267096264,0.016727482571718688,-0.43921823314865527,-0.20109848672090624,0.23401805493239028,0.26582753847734125,-0.4101142087716687,-0.21514370355684148,0.18601551577003766,0.4033331575666997,-0.5484847579547982,-0.16515999290647929,-0.17212201305219585,0.589278011404462,0.19222691415680937,0.33683799920733,0.2772043330272695,-0.3702193898103498,0.21970567549588413,0.06652927626703539,0.07998841664562993,0.0672194339334079,0.061246068813302364,0.24888164499837925,-0.1559909548712732,-0.24964661431783974,-0.3185740817536852,0.1808027589529873,-0.11924227404694498,0.5698530331934178,-0.2023582119235437,0.12901560093076267,0.14031986936528437
0.6091694080511947,-2.3839030354024384,-0.6788765486912206,7.1966289276163264,1.9600332293808818,-6.286858766848223,-0.6360735154971165,15.510376778562682,-21.319230274076304,5.396816451789537,1.6763857835901257,5.972458269380799,-1.0072946154356281,-8.790637870876393,6.3857684562247945,0.26582753847734125,5.8326231199601954,-6.688379981294564,1.578215436307008,4.13882564460183,6.899992870784357,-12.243915640891792,4.0613302142299545,1.5008829037670637,10.461225093778754,2.763436757279288,5.815787742462159,3.824497903739624,-4.082372139470254,-3.1572678715428166,-4.889044640276772,-5.830636367405389,-4.56400742458239,-2.7851331574209586,12.04098171386238,1.771037882484002,1.0241582653687729,-8.928618036470004,1.4815338598964847,4.900469055594514,16.1882726127966,-0.025378069023591004,-0.7667362291034199,9.120314643926752
-0.841300453116535,2.437991742888323,1.177959665289655,-8.79234620542105,-2.472344270409196,7.252095310405374,0.6078468160103011,-17.99985906094267,24.528134123843202,-6.187247698724174,-2.6531373757582046,-7.051199056456218,0.5361171503811657,10.532308796811668,-7.2734644409618845,-0.4101142087716687,-6.688379981294564,8.497793779197231,-1.3045876525274755,-5.34761994571989,-8.606745780585243,14.84304626042865,-4.317888956939769,-0.9078914632491333,-13.289826598275791,-3.3788156557897544,-6.975311510187268,-4.270203211948445,5.307954303417187,3.1103624012925377,5.4569548150606915,6.568016244132835,5.070045670534373,3.0673654837255078,-13.996409810547599,-1.6052782782380084,-0.3864834999736897,10.471668945416653,-2.1666689098480734,-5.723871508132049,-19.281843749377796,0.38906115179718537,0.5914301952435099,-10.500535876136613
0.15733334912670185,-0.802677252842916,0.061920916313675474,1.7105614015398847,0.2457442633763394,-1.9252180655990578,-0.17056398116838722,4.665483577946016,-6.82792211316336,1.919112433558201,-0.2397409066320762,1.9384933495251087,-0.6493112011092217,-2.181659996989965,2.4865695939140613,-0.21514370355684148,1.578215436307008,-1.3045876525274755,1.1218911638179028,0.8687250694843711,1.488423036654693,-3.0546075951939087,1.7581986350220766,1.118950639312701,2.1137109640530833,0.5343086688263946,1.3953026539261986,0.9750999163109452,-0.6146590986606905,-1.602287189819735,-1.8820022326435122,-2.047712376351912,-1.7692222799527764,-1.1022271692050476,3.596861521970322,0.9993986800732619,0.9723265188592414,-2.4822332512926812,0.09635322912941399,1.7837953753924487,4.386446087532803,0.39969859866322494,-0.6628654413346556,2.8470698368171155
0.568818169865723,-1.454600442822145,-0.7741601818953797,5.5288209156689705,1.4998057266765872,-4.60312426230104,-0.33781974026856093,11.378310044004218,-15.61468407014997,4.020436818937479,1.6388014136180111,4.550764373439084,-0.2381691722959408,-6.616260025842058,4.744542014247583,0.18601551577003766,4.13882564460183,-5.34761994571989,0.8687250694843711,3.445218302861334,5.423623024374581,-9.369364890977957,2.8014473314507486,0.5524537473341287,8.415213130491994,2.0874218014544415,4.336121407856363,2.543883189432928,-3.3136110294722805,-2.0230567613889123,-3.525711390248389,-4.207373711644759,-3.276627258880297,-1.9525609160443156,8.844649390351842,1.0284867690999637,0.2539962540729048,-6.601187152955941,1.392528254719456,3.7498177105701127,12.174242158444034,-0.2026930315705627,-0.445082993559473,6.662347894320158
0.8457194619841618,-2.5586282465997403,-1.1553889410500058,9.014175552677349,2.4997092779647576,-7.512167206684123,-0.6272718532055228,18.591625609296972,-25.453778141082747,6.422747427572052,2.5800430513023276,7.2604657150156395,-0.6644721726748192,-10.83189354906343,7.605498134529353,0.4033331575666997,6.899992870784357,-8.606745780585243,1.488423036654693,5.423623024374581,8.799389577355466,-15.235903553020645,4.568406591027975,1.138937847625151,13.489283761116656,3.419312707846466,7.1543856647402135,4.362444198539428,-5.356331297145412,-3.3629344765816183,-5.754505722727943,-6.81298702307158,-5.333759771554229,-3.192637288869507,14.442961088560521,1.7800425992651365,0.5689026277308188,-10.829735646386144,2.188753330870783,5.967922618042416,19.830999783609684,-0.31875359258077857,-0.7552635941055306,10.888995646655127
-1.4713700596754435,4.6794259629365325,1.854180334266049,-15.74035557674394,-4.228921038415146,13.41948799061083,1.1381619805373488,-33.1349091551486,45.58653610772581,-11.60504763071452,-4.1006603875732575,-12.98375759243239,1.4763369861252222,18.999600633929866,-13.828811519332511,-0.5484847579547982,-12.243915640891792,14.84304626042865,-3.0546075951939087,-9.369364890977957,-15.235903553020645,26.704046454013778,-8.48029661237432,-2.515781423223654,-23.293229176310692,-5.924380414198775,-12.519754940340688,-7.736051622402943,9.133334712025585,6.416450140533668,10.465818486600023,12.332538343426783,9.717929622066668,5.846848348534216,-25.722986092123413,-3.4888825344229377,-1.5233746247254571,19.175145272209278,-3.6196348032006527,-10.760006311750248,-34.993208598417,0.29249804417745284,1.5742399426269225,-19.483815453127914
0.47127517400705926,-1.761019651469191,-0.2851292826774994,4.8749183208173195,1.1020912394563989,-4.703205247546869,-0.42262075629534274,11.504528547089102,-16.263580302121213,4.432765678802497,0.5357458672606646,4.694700755684106,-0.9471389987306659,-6.028463886593245,5.386775469867694,-0.16515999290647929,4.0613302142299545,-4.317888956939769,1.7581986350220766,2.8014473314507486,4.568406591027975,-8.48029661237432,3.5653543824110425,1.6554666315061142,6.864578106125128,1.7633656601802445,3.89912549692899,2.526916391420278,-2.4208990840842666,-2.9708193964951466,-4.0284224712350705,-4.698503167314277,-3.783506137757669,-2.3157467904228746,8.924691559304662,1.7259917480351021,1.3644137522335875,-6.388308094092822,0.7714750314919306,4.042665019686321,11.547089895938829,0.39193404251738234,-0.9656759526541513,6.859762185988807
0.05840880304527013,-0.8943553886646379,0.22883516713053872,1.3788050437194048,0.217070328363349,-1.736352502378364,-0.24654688128141877,4.157737313991794,-6.103123636214054,1.7014635636602187,-0.4439296311522368,1.6190259991936262,-0.8704255912528892,-1.8818838161919884,2.124834085371295,-0.17212201305219585,1.5008829037670637,-0.9078914632491333,1.118950639312701,0.5524537473341287,1.138937847625151,-2.515781423223654,1.6554666315061142,1.340307914385266,1.478148495164205,0.46128749083014686,1.1936807356654437,1.0006602571354157,-0.35861447205699776,-1.5780383838713525,-1.6895368337344328,-1.8788062662235692,-1.593024453044282,-0.9817423175447458,3.201495346674701,1.033082610115048,1.2019939058267124,-2.2171477981851577,-0.09018299218819709,1.4777643925113773,3.738495896875472,0.46765269298045004,-0.6526462480302512,2.5606210253564576
1.3396873455448957,-3.7962085023357126,-1.8507620938142935,13.78046231924323,3.8264518240507694,-11.421263877623375,-0.9294910191137601,28.300362442125184,-38.6625158924205,9.810169497476188,4.099708896340854,11.137078421855135,-0.8139497802399556,-16.51914315261922,11.545341400695882,0.589278011404462,10.461225093778754,-13.289826598275791,2.1137109640530833,8.415213130491994,13.489283761116656,-23.293229176310692,6.864578106125128,1.478148495164205,20.829984927908193,5.263386082506211,10.901805249057684,6.595502990413941,-8.275975781926215,-4.972230588181032,-8.655412072709845,-10.374372810538485,-8.038194593552369,-4.832004955869417,21.999034216931257,2.573659180041039,0.6786477577992618,-16.46138912664772,3.4012436733592772,9.094541376609087,30.272202768459923,-0.5544550797188745,-1.0090417069226425,16.54016765427276
0.3018236114755391,-1.0923000182581077,-0.3704746111749154,3.47898923418213,1.0609171078296586,-2.942564652352435,-0.33245251067290393,7.319203300878887,-9.900223830057987,2.525169560685465,0.9956289388036198,2.8258120705167102,-0.36102863308103594,-4.2430779510703385,2.8366413771113366,0.19222691415680937,2.763436757279288,-3.3788156557897544,0.5343086688263946,2.0874218014544415,3.419312707846466,-5.924380414198775,1.7633656601802445,0.46128749083014686,5.263386082506211,1.4261918253516837,2.816658759155132,1.8893763682208693,-2.086705430046459,-1.2742976608259504,-2.1370031608870845,-2.727797819402187,-2.024935158413995,-1.2496712796634197,5.708095131729033,0.6487905220975267,0.26965489491422745,-4.217021395347684,0.7597517116159302,2.2041686999823127,7.775508895788109,-0.13229007044871863,-0.17551369346344814,4.2287135108317
0.6516361091022551,-2.262513046891667,-0.8348786340982922,7.399001525260811,2.040993285551263,-6.269389499937303,-0.5780683214172978,15.513186459593978,-21.24585477548753,5.315267022347839,1.9624401763934103,5.9809142247677265,-0.7834065448331822,-8.950925423697681,6.3315389984861925,0.33683799920733,5.815787742462159,-6.975311510187268,1.3953026539261986,4.336121407856363,7.1543856647402135,-12.519754940340688,3.89912549692899,1.1936807356654437,10.901805249057684,2.816658759155132,5.9455043184313,3.7781550250869333,-4.327640959310702,-2.9451804099988963,-4.832450548913643,-5.708967152366886,-4.4895128340434445,-2.7250214478928645,12.039767177720954,1.6092137703588356,0.6927881316303283,-8.995678010292467,1.6811586551050735,4.910739180712049,16.401711072639177,-0.1791303534315931,-0.6899456726911946,9.093931907701258
0.32271621761451963,-1.686417464773464,-0.28052117385276915,4.5200668269930135,1.4136631793697976,-3.9802591278013213,-0.5482204439563301,9.928364690800949,-13.427359998570113,3.3618597083675157,1.0387982785546364,3.7123651302034033,-0.8604418104801868,-5.609010026910957,3.8184988197483,0.2772043330272695,3.824497903739624,-4.270203211948445,0.9750999163109452,2.543883189432928,4.362444198539428,-7.736051622402943,2.526916391420278,1.0006602571354157,6.595502990413941,1.8893763682208693,3.7781550250869333,2.83287732502207,-2.6071332186775984,-1.923607658202176,-2.9450200350939197,-3.7411473234058423,-2.8191759035805823,-1.8066997243390843,7.732317829528786,1.042637811731249,0.6739817041078414,-5.637098987710994,0.8014206961434523,2.856399118396962,10.342367420270211,-0.06380461314269464,-0.32556971674993734,5.718257934404596
-0.510541211040783,1.4292750218789176,0.8143718276900497,-5.456809956653836,-1.5674722911740786,4.344016973332322,0.3423245879102956,-10.783954588682603,14.605548741168825,-3.5477831277159795,-1.839272383935898,-4.133426096195224,0.21615081401221323,6.493072933712315,-4.202756555172504,-0.3702193898103498,-4.082372139470254,5.307954303417187,-0.6146590986606905,-3.3136110294722805,-5.356331297145412,9.133334712025585,-2.4208990840842666,-0.35861447205699776,-8.275975781926215,-2.086705430046459,-4.327640959310702,-2.6071332186775984,3.405516084024729,1.6743887499751595,3.194488810313672,3.775355457871154,2.943389064358725,1.7603435086134256,-8.376225065090841,-0.8414447023221692,-0.0015587175387382559,6.376256451431498,-1.4544753854609522,-3.3489125164493347,-11.731460799405486,0.37637277393845564,0.2842898650638405,-6.285802404468873
-0.34479320065036645,1.4394044438748035,0.12454801278011321,-3.668447318040665,-0.7357911394903733,3.698802422877463,0.33036220638859726,-9.006933043249322,12.876831717482219,-3.5435681807941357,-0.15607170523539093,-3.6896698284264176,0.906078474119154,4.577189490397382,-4.382693769940345,0.21970567549588413,-3.1572678715428166,3.1103624012925377,-1.602287189819735,-2.0230567613889123,-3.3629344765816183,6.416450140533668,-2.9708193964951466,-1.5780383838713525,-4.972230588181032,-1.2742976608259504,-2.9451804099988963,-1.923607658202176,1.6743887499751595,2.573427811521787,3.2988436814951356,3.7629264373473834,3.088881763999968,1.888829827823677,-6.974992098264067,-1.5497489506919948,-1.3478331962281918,4.957325119182902,-0.47629479166181465,-3.2544765769605846,-8.857019235209656,-0.4585613717584303,0.915693935614058,-5.427527357200572
-0.592805103862223,1.9864150925143564,0.5458850305065911,-6.103701554209299,-1.3889959139476085,5.5929732356276896,0.41867266614891224,-13.687932880345425,19.292487186976988,-5.0853731711863555,-0.9957207993704779,-5.5080089983777505,0.9042200475440411,7.427432997067689,-6.3046892464185476,0.06652927626703539,-4.889044640276772,5.4569548150606915,-1.8820022326435122,-3.525711390248389,-5.754505722727943,10.465818486600023,-4.0284224712350705,-1.6895368337344328,-8.655412072709845,-2.1370031608870845,-4.832450548913643,-2.9450200350939197,3.194488810313672,3.2988436814951356,4.766409694410972,5.360518123243322,4.413590678861596,2.6506870865680505,-10.598416030227488,-1.9175815554525226,-1.2728964836870988,7.762527269365008,-1.2009993441038416,-4.800953108632442,-14.002305260163627,-0.2775182085800656,1.11256077252521,-8.182460641209554
-0.6787020882116382,2.450625678248875,0.5241990301089409,-7.117325423510307,-1.8162724764681768,6.613654633446458,0.6593995419614422,-16.28601141130496,22.680570300181387,-6.155617681004867,-1.201760758200795,-6.610210421800453,1.1357906844454213,8.771077115799585,-7.229478580455542,0.07998841664562993,-5.830636367405389,6.568016244132835,-2.047712376351912,-4.207373711644759,-6.81298702307158,12.332538343426783,-4.698503167314277,-1.8788062662235692,-10.374372810538485,-2.727797819402187,-5.708967152366886,-3.7411473234058423,3.775355457871154,3.7629264373473834,5.360518123243322,6.55183402050822,5.068588141720568,3.124699123250319,-12.670121151838813,-2.098451891356906,-1.5152147912829579,9.098920906304595,-1.2405528224139877,-5.484542548825663,-16.615991292279027,-0.3120071095066977,1.0035966646192276,-9.589274165915809
-0.5448069604522165,1.8856361079190822,0.4576221143914283,-5.640144996218229,-1.319730165195013,5.225463664168537,0.4324864028658411,-12.798698814876596,18.007596911299604,-4.790999823401643,-0.8812503701197727,-5.162385195881287,0.8903970414161065,6.903729722287438,-5.864180400619221,0.0672194339334079,-4.56400742458239,5.070045670534373,-1.7692222799527764,-3.276627258880297,-5.333759771554229,9.717929622066668,-3.783506137757669,-1.593024453044282,-8.038194593552369,-2.024935158413995,-4.4895128340434445,-2.8191759035805823,2.943389064358725,3.088881763999968,4.413590678861596,5.068588141720568,4.125116802047931,2.4980171511622817,-9.924190961001049,-1.7708254189629602,-1.221724022071442,7.209243476632927,-1.0546396290244657,-4.447570205828651,-13.06102616599461,-0.27789876531036306,1.0012212644806757,-7.618339265607195
-0.3240018296942,1.1876848720010844,0.23779793968010635,-3.386175486909902,-0.8078589781676151,3.1631374067845037,0.29199880114351245,-7.8075562047132925,10.921112004297227,-2.922378538636868,-0.49422956088130754,-3.160522797663542,0.5972874545548164,4.147102493392141,-3.56491995380775,0.061246068813302364,-2.7851331574209586,3.0673654837255078,-1.1022271692050476,-1.9525609160443156,-3.192637288869507,5.846848348534216,-2.3157467904228746,-0.9817423175447458,-4.832004955869417,-1.2496712796634197,-2.7250214478928645,-1.8066997243390843,1.7603435086134256,1.888829827823677,2.6506870865680505,3.124699123250319,2.4980171511622817,1.569133477048086,-6.063140689736071,-1.08053765576598,-0.7597260295842418,4.334393753813172,-0.5741277811375355,-2.6704615886361065,-7.920864431028686,-0.1791158768712644,0.5557713423549435,-4.611714930960786
1.3894104149739408,-4.8606331920474375,-1.4320924258662457,15.034698704170136,3.9561019268351245,-13.337058234903774,-1.2471723585052028,32.90457239444847,-45.50651498319378,11.877323602161004,3.2628863042754466,13.035576631468839,-1.9626862522914053,-18.330259824448383,14.088194716162144,0.24888164499837925,12.04098171386238,-13.996409810547599,3.596861521970322,8.844649390351842,14.442961088560521,-25.722986092123413,8.924691559304662,3.201495346674701,21.999034216931257,5.708095131729033,12.039767177720954,7.732317829528786,-8.376225065090841,-6.974992098264067,-10.598416030227488,-12.670121151838813,-9.924190961001049,-6.063140689736071,25.568319744952603,3.8705308443380178,2.299119711339485,-18.739283189901077,3.0494487353713002,10.79998773523528,34.16939541926938,0.14484139455642067,-1.7898519710012164,19.360735155799265
0.17726788090150158,-0.8454842447734093,-0.040421990075267256,2.003108378217127,0.337509414236387,-2.064514583159998,-0.1726875569991884,5.019008145861307,-7.231787149899752,1.968690861086708,-0.021507905618371546,2.034187899471136,-0.591500714492517,-2.4988487776973893,2.508340032615305,-0.1559909548712732,1.771037882484002,-1.6052782782380084,0.9993986800732619,1.0284867690999637,1.7800425992651365,-3.4888825344229377,1.7259917480351021,1.033082610115048,2.573659180041039,0.6487905220975267,1.6092137703588356,1.042637811731249,-0.8414447023221692,-1.5497489506919948,-1.9175815554525226,-2.098451891356906,-1.7708254189629602,-1.08053765576598,3.8705308443380178,0.9856792221172292,0.8897476495264416,-2.7723804202276385,0.2275027108863564,1.8465536484168843,4.849997507420672,0.31963611637364275,-0.5887926345872162,3.0689860851318516
0.02315518163742375,-0.701415163208509,0.2986954782205516,0.7695962944509559,0.05462706279188783,-1.2578563049693163,-0.21292809528016804,2.9797106030478355,-4.4659456186532935,1.3841039223267342,-0.594091761323882,1.2294469675352133,-0.7658105762497884,-1.1653897908987125,1.6357219568245356,-0.24964661431783974,1.0241582653687729,-0.3864834999736897,0.9723265188592414,0.2539962540729048,0.5689026277308188,-1.5233746247254571,1.3644137522335875,1.2019939058267124,0.6786477577992618,0.26965489491422745,0.6927881316303283,0.6739817041078414,-0.0015587175387382559,-1.3478331962281918,-1.2728964836870988,-1.5152147912829579,-1.221724022071442,-0.7597260295842418,2.299119711339485,0.8897476495264416,1.1845511278799061,-1.5017499205437506,-0.25029770797498907,1.1128639915957994,2.462432991532686,0.5092941519846418,-0.5371213644998788,1.8573228495865877
-1.0263722064982022,3.533547689201719,1.1900523861888774,-11.267320694767522,-2.958438493070475,9.808270435759768,0.867236846375783,-24.1618715737569,33.37048905476406,-8.540286950700132,-2.653958966690259,-9.444562794060108,1.3247322473839704,13.688575774548493,-10.197185501140929,-0.3185740817536852,-8.928618036470004,10.471668945416653,-2.4822332512926812,-6.601187152955941,-10.829735646386144,19.175145272209278,-6.388308094092822,-2.2171477981851577,-16.46138912664772,-4.217021395347684,-8.995678010292467,-5.637098987710994,6.376256451431498,4.957325119182902,7.762527269365008,9.098920906304595,7.209243476632927,4.334393753813172,-18.739283189901077,-2.7723804202276385,-1.5017499205437506,13.942236126395942,-2.451432788914666,-7.879369613961442,-25.27350404262071,0.025744811997719403,1.307781595040412,-14.260670204895241
0.23602256801386007,-0.39005963293365914,-0.48057159172867936,2.21323952081853,0.5835392565849887,-1.5967849877844087,-0.02692304193752097,3.9492176908500363,-5.369149757018188,1.2251188348498865,0.9213426352176587,1.5144884828267349,0.15426677714058237,-2.53808793397213,1.555258344046548,0.1808027589529873,1.4815338598964847,-2.1666689098480734,0.09635322912941399,1.392528254719456,2.188753330870783,-3.6196348032006527,0.7714750314919306,-0.09018299218819709,3.4012436733592772,0.7597517116159302,1.6811586551050735,0.8014206961434523,-1.4544753854609522,-0.47629479166181465,-1.2009993441038416,-1.2405528224139877,-1.0546396290244657,-0.5741277811375355,3.0494487353713002,0.2275027108863564,-0.25029770797498907,-2.451432788914666,0.766312099870096,1.3027384278355243,4.482995815559605,-0.25152161645991084,-0.11522542560480774,2.3392629597514425
0.6613095221931045,-1.8949072923204449,-0.6659600544067031,6.27637073503583,1.4161943961408916,-5.684634601037673,-0.3784423004359483,13.926573810601527,-19.611242083983747,5.254091893301246,1.1595689207089748,5.727002368778932,-0.7037823494051728,-7.579849963745126,6.4710896633018615,-0.11924227404694498,4.900469055594514,-5.723871508132049,1.7837953753924487,3.7498177105701127,5.967922618042416,-10.760006311750248,4.042665019686321,1.4777643925113773,9.094541376609087,2.2041686999823127,4.910739180712049,2.856399118396962,-3.3489125164493347,-3.2544765769605846,-4.800953108632442,-5.484542548825663,-4.447570205828651,-2.6704615886361065,10.79998773523528,1.8465536484168843,1.1128639915957994,-7.879369613961442,1.3027384278355243,4.980306263094822,14.32988614972496,0.23211675902523252,-1.0479344923185812,8.312091329145929
1.9104675578978416,-6.345592635756402,-2.214660058986055,20.547543265552992,5.493652548883884,-17.818091578086086,-1.587451616334174,43.99711403716222,-60.649315628402945,15.603738338055251,4.976341078392528,17.311541216039352,-2.2613191301069366,-24.91736383418802,18.547095543223065,0.5698530331934178,16.1882726127966,-19.281843749377796,4.386446087532803,12.174242158444034,19.830999783609684,-34.993208598417,11.547089895938829,3.738495896875472,30.272202768459923,7.775508895788109,16.401711072639177,10.342367420270211,-11.731460799405486,-8.857019235209656,-14.002305260163627,-16.615991292279027,-13.06102616599461,-7.920864431028686,34.16939541926938,4.849997507420672,2.462432991532686,-25.27350404262071,4.482995815559605,14.32988614972496,46.14129068261433,-0.14918069891891686,-2.2097831685676277,25.865315203486567
-0.0208506773108537,-0.1045772806085977,0.19327886076353734,-0.24073115133091624,-0.18914587581202477,-0.10903183676335158,-0.027137370274819363,0.19315809150372024,-0.5103164944092912,0.2986016028693354,-0.4762574877685824,0.1788087808064406,-0.25483522427613053,0.198719190945756,0.3944179423131318,-0.2023582119235437,-0.025378069023591004,0.38906115179718537,0.39969859866322494,-0.2026930315705627,-0.31875359258077857,0.29249804417745284,0.39193404251738234,0.46765269298045004,-0.5544550797188745,-0.13229007044871863,-0.1791303534315931,-0.06380461314269464,0.37637277393845564,-0.4585613717584303,-0.2775182085800656,-0.3120071095066977,-0.27789876531036306,-0.1791158768712644,0.14484139455642067,0.31963611637364275,0.5092941519846418,0.025744811997719403,-0.25152161645991084,0.23211675902523252,-0.14918069891891686,0.2950173225222456,-0.24618689853593742,0.17334352484311855
-0.08806764343716977,0.3421550524914461,0.002743113272764239,-0.8942090458508232,-0.045473154948898135,1.01231938740446,0.020360439803985622,-2.354429603370067,3.630569309525052,-0.9819607216082485,0.1718745390386522,-0.9851383323632004,0.2940972055757169,1.1238803260576473,-1.4167988945448948,0.12901560093076267,-0.7667362291034199,0.5914301952435099,-0.6628654413346556,-0.445082993559473,-0.7552635941055306,1.5742399426269225,-0.9656759526541513,-0.6526462480302512,-1.0090417069226425,-0.17551369346344814,-0.6899456726911946,-0.32556971674993734,0.2842898650638405,0.915693935614058,1.11256077252521,1.0035966646192276,1.0012212644806757,0.5557713423549435,-1.7898519710012164,-0.5887926345872162,-0.5371213644998788,1.307781595040412,-0.11522542560480774,-1.0479344923185812,-2.2097831685676277,-0.24618689853593742,0.5303450367939593,-1.5093570048626261
1.0633911229317214,-3.6722244782925246,-1.1122329941019737,11.402472095433376,2.8799654270962005,-10.144665827938148,-0.8859222712322875,24.963140073370813,-34.66081197672318,9.012584002556876,2.393253835148933,9.885349606241823,-1.497560034157582,-13.8854477122342,10.82789142488198,0.14031986936528437,9.120314643926752,-10.500535876136613,2.8470698368171155,6.662347894320158,10.888995646655127,-19.483815453127914,6.859762185988807,2.5606210253564576,16.54016765427276,4.2287135108317,9.093931907701258,5.718257934404596,-6.285802404468873,-5.427527357200572,-8.182460641209554,-9.589274165915809,-7.618339265607195,-4.611714930960786,19.360735155799265,3.0689860851318516,1.8573228495865877,-14.260670204895241,2.3392629597514425,8.312091329145929,25.865315203486567,0.17334352484311855,-1.5093570048626261,14.78248975439572
