V1,V2,V3,V4,V5,V6,V7,V8,V9,V10,V11,V12,V13,V14,V15,V16,V17,V18,V19,V20,V21,V22,V23,V24,V25,V26,V27,V28,V29,V30,V31,V32,V33,V34,V35,V36,V37,V38,V39,V40,V41,V42,V43,V44
714.9274244950417,-1060.887013095997,-211.36168938208291,-1207.7451421311262,-256.6250956764708,-960.3849127509119,-804.1716291143711,26.51468592852209,895.7804146855923,1463.3118711240722,-299.55076942212855,397.2953070402711,688.4831417628734,123.46089639481323,-381.0267013767843,53.351468431333664,210.50026843215016,-396.6887705826033,-761.9162957910899,530.9196086823129,291.1375934141749,1810.4714149470476,803.8874363928055,-547.7643928214972,-281.57143574646676,-112.90237501862583,-191.45632439476674,-53.4687709739914,275.4773861228642,-785.1986115375702,1055.4318511137224,-285.02159358022647,169.36395093217243,53.809892499207926,561.8734875707014,842.9153562656919,-661.610045700994,-423.3774139783225,-207.9738087902551,-655.376569596836,505.39349019057715,546.3255325085897,-1122.0627964595549,531.7460802370388
-1060.887013095997,1575.1780950701366,313.97483624073675,1792.6788504249532,381.37861794218327,1425.3433031656477,1194.164685848154,-39.079932024739335,-1330.134613524831,-2171.9819885228762,445.09051910295904,-588.7822931153288,-1021.2791270419318,-183.41766427632248,565.8355988503208,-78.80558142685123,-312.31150777766055,588.4210919976856,1131.3177270855624,-787.5056428043207,-431.7402154391729,-2686.1020284948586,-1192.9021517224655,813.1254692789369,417.58199675116197,167.5359977354529,284.2227186204102,79.35836098821792,-409.0230758169091,1165.1715668939446,-1565.9531345570358,423.16252769769045,-251.3690853436611,-80.28328654762399,-834.2107521194479,-1250.3793939836155,981.5019854832127,629.136081353231,308.34345351857473,972.0556253375408,-750.169971723261,-810.2984287220029,1665.147919019224,-788.8905523022214
-211.36168938208291,313.97483624073675,63.105570767982506,356.8325984424965,76.04941271581947,283.36785446124,238.0807805377262,-8.276011900026909,-265.19227824383404,-432.68584487492325,88.2772096281639,-117.34009415398089,-202.8744336902601,-36.47388263755339,112.40427125668197,-15.607984024504264,-62.5314963754721,117.2096390272007,225.32915793813171,-156.89651332722866,-85.90407561906937,-534.6174780562992,-237.8201871242013,161.94032405227597,82.98595794828958,33.26601837314537,56.704337941266836,15.612113815627389,-81.61561858352887,232.24456978168584,-311.59495156991886,84.10291868222306,-49.88301398552844,-16.40875168629092,-166.4562672026866,-248.8744393070334,195.7468567775993,124.66824783075745,61.947691012578325,193.38887034995935,-149.83475444163363,-161.07406384840317,331.7760428294192,-157.70440612512718
-1207.7451421311262,1792.6788504249532,356.8325984424965,2041.019722649167,433.90126654330385,1623.2426357558993,1358.9361058714148,-44.12003197997307,-1513.6318884943848,-2472.3545092846884,506.9377882439322,-670.5788372858954,-1163.4105783135947,-208.70026915726527,644.2982068603587,-89.95146162931196,-355.26389923718443,669.9906471396396,1287.5660266044456,-896.5727863606318,-491.74178503041895,-3058.6419752996712,-1357.808687857554,925.5480651005978,475.6787425145343,190.93782054632806,323.4115385220369,90.60017822197813,-465.4480463028243,1326.313224669722,-1783.1715788192544,481.8230233265487,-286.38232114253003,-90.76179470834674,-949.1786024455607,-1423.811130785426,1117.2196715352745,716.639078662048,350.5480105139904,1107.096229730875,-853.5480579871628,-923.0066740510332,1895.5808532086398,-897.6366954619054
-256.6250956764708,381.37861794218327,76.04941271581947,433.90126654330385,92.49312325123886,344.974645797384,289.1784186411207,-9.292540605503008,-322.05540349177414,-525.5862068626002,107.97779724959267,-142.11228395331835,-246.96297766313586,-44.42955794948177,137.07665122952383,-18.921867523457067,-75.49243048945198,142.24344464506774,273.9003262831364,-190.32692585090118,-104.34080417678803,-649.6195077417872,-288.51690573182987,196.78415276946674,100.92697319018252,40.57522711796478,68.78016455282153,19.249604877929784,-99.03773750156647,281.82133231573727,-378.7402344995086,102.45644312774205,-60.86727647198038,-19.533277800934833,-201.90960241886134,-302.290261553358,237.26269314495207,152.65906726597194,74.38828765825883,234.98686261622242,-181.50999407374042,-195.89415771428418,402.8369023096627,-190.70047209491105
-960.3849127509119,1425.3433031656477,283.36785446124,1623.2426357558993,344.974645797384,1291.2687950761838,1080.425431008792,-34.73889975146358,-1203.3813400963934,-1965.921893009778,403.42111267485285,-533.2571842288488,-925.5937925060423,-165.94224439273592,512.5470703163614,-71.61194191286656,-282.2777180742084,532.7933287575645,1023.7813160651432,-712.9090129932725,-391.13297920002304,-2432.605101721674,-1079.554477000097,735.9613680200166,378.4087974117047,151.9740173125342,257.09035834147295,72.23027120634647,-370.0320764794276,1054.5578273750561,-1418.2343193366257,383.2566115737157,-227.899812776099,-71.81652997009189,-754.5121847544035,-1132.3574982461091,888.2227643458162,570.3780886103903,278.3363494498195,880.5892123109589,-678.4423918521604,-734.263669801562,1507.3199538643328,-713.4053458306923
-804.1716291143711,1194.164685848154,238.0807805377262,1358.9361058714148,289.1784186411207,1080.425431008792,905.3441247482839,-29.611084545267886,-1008.4216989353976,-1646.4949135703982,337.44365312822873,-446.1919310726526,-774.0551192803359,-139.06834663524245,428.96153446941184,-59.67788150936435,-236.748084476223,445.9987622854897,857.6759198085261,-596.9022377996077,-327.21337867079035,-2036.009941834069,-904.2589857270546,616.4147636625194,316.48718765054025,126.98183589927194,215.47281471944697,60.14151714257079,-310.0856737564719,883.2352886088872,-1186.9716391974769,320.7928362854421,-190.52908834679062,-60.95273914468163,-632.4418167267793,-947.7337488408244,743.9764084905717,476.9844045996902,233.72934760791642,736.746582761897,-568.6947091424158,-614.1345294614091,1262.2298535139114,-597.9989025461729
26.51468592852209,-39.079932024739335,-8.276011900026909,-44.12003197997307,-9.292540605503008,-34.73889975146358,-29.611084545267886,1.6975621061685486,33.06210165122932,54.00386636372854,-10.299371473837795,15.14967668964328,25.001154769723513,4.4502816192804895,-13.537699927117083,2.0526278310991946,8.201358503725151,-14.801436403135458,-27.916191807654215,19.906217652225415,10.798805189139316,66.75303949239311,30.038286790975892,-20.14595124059528,-10.326875072522911,-3.9921022500602823,-7.14992928286285,-1.6970359809285178,10.231031530039052,-29.27019565891796,38.80082820902965,-10.238300938484816,5.9986948686766635,2.2963755564486794,20.970265979481795,31.23195389851315,-24.94654468240176,-14.393321728116586,-8.507184251215756,-24.19795671795034,19.0915311118123,20.022290464121347,-41.592358748741106,20.44267379060298
895.7804146855923,-1330.134613524831,-265.19227824383404,-1513.6318884943848,-322.05540349177414,-1203.3813400963934,-1008.4216989353976,33.06210165122932,1123.2709332500212,1834.0442169125736,-375.75110670470866,497.0942705000092,862.2031442400681,154.9234201738725,-477.7574127309826,66.50539828573892,263.75623748483713,-496.8284297120688,-955.3662375736087,664.9696856121701,364.4993251991871,2267.944146067635,1007.3158215509302,-686.6360601028858,-352.5516797746226,-141.39133132794615,-240.0272675611997,-66.94011416411655,345.38681690072764,-983.883258259698,1322.182658383868,-357.30846674934844,212.18843848435955,67.91551497668065,704.5076650718711,1055.7429204751909,-828.805133377704,-531.1146198305663,-260.4705498433541,-820.6823076977244,633.4987317293493,684.0899286963563,-1406.0105555440464,666.1960462690893
1463.3118711240722,-2171.9819885228762,-432.68584487492325,-2472.3545092846884,-525.5862068626002,-1965.921893009778,-1646.4949135703982,54.00386636372854,1834.0442169125736,2995.5323778319184,-613.516783861769,812.6984120482599,1409.0741335590017,252.885129011246,-780.2268775403215,108.99093532257345,430.7526183781178,-811.8095455615581,-1560.0194432918292,1086.5270196375013,595.739148776878,3705.4960895217255,1645.4114322066373,-1121.4092349505702,-576.2210262442838,-231.05532435361638,-391.9529852367006,-109.4513376230412,563.9544303033358,-1607.1630796813063,2160.224521952607,-583.5772307359773,346.6937135444969,110.3586014895632,1150.3119273564796,1725.096735769503,-1354.0220504746892,-867.1887423486482,-425.45816904668237,-1341.1782162348438,1034.4920463272958,1118.0250943848175,-2296.69300806485,1088.164148167128
-299.55076942212855,445.09051910295904,88.2772096281639,506.9377882439322,107.97779724959267,403.42111267485285,337.44365312822873,-10.299371473837795,-375.75110670470866,-613.516783861769,126.60471311290549,-165.7659984271199,-288.88811202436005,-51.88763673192674,160.39350798228483,-22.143728973859883,-87.78952052016278,166.03505871211453,319.75268435460526,-222.054778070032,-121.88976117646527,-758.7828497262303,-336.54995579352084,229.73335786024137,117.99421429520693,47.566468641229044,80.18624580895593,22.7411063928541,-115.51909170913787,328.81220146184955,-442.4646418725121,119.81209602918022,-71.29964248005997,-22.36031817272307,-235.3941897622442,-352.9986645775207,276.65047024652506,179.109326584433,86.17448076072525,274.5487843482652,-211.4824441862122,-229.02252468542244,470.2001244483645,-222.0046419113442
397.2953070402711,-588.7822931153288,-117.34009415398089,-670.5788372858954,-142.11228395331835,-533.2571842288488,-446.1919310726526,15.14967668964328,497.0942705000092,812.6984120482599,-165.7659984271199,221.49414760958905,382.71590914153245,68.40941775593912,-211.24157373948296,29.940702246010282,117.13208312280943,-220.64737664960427,-422.7851933368938,295.3629999125763,162.00251397036294,1006.348974138561,446.804770842637,-304.1376861753872,-156.6241061599342,-62.67237142127517,-106.32730286533757,-29.607034478621344,152.90820789486733,-436.3940173756275,586.577536804397,-158.12741502856852,93.99099862746124,29.676572117637612,311.95164202562205,468.7470040454858,-368.00341991632865,-234.1973597170552,-116.03081427282602,-364.518269196094,280.7987420916843,303.8228561936482,-623.4545122061586,295.8478688512845
688.4831417628734,-1021.2791270419318,-202.8744336902601,-1163.4105783135947,-246.96297766313586,-925.5937925060423,-774.0551192803359,25.001154769723513,862.2031442400681,1409.0741335590017,-288.88811202436005,382.71590914153245,663.8205159347694,118.87514194783087,-367.2383607666151,51.551530837661446,202.35367976575162,-382.0897172119886,-733.5984736484019,511.29310579126656,280.56316898026563,1744.228606393009,773.9240027824502,-527.4776616353164,-271.4466138069142,-108.92063905848612,-184.2422339749767,-51.76565869208954,265.1094027618052,-756.0073480026242,1016.8874628494603,-274.66272428070727,163.35066641785303,51.21307064146865,540.649818968671,812.063454161184,-636.9163858690823,-408.41982037537275,-199.66329426674943,-631.562461083555,486.1972641738913,526.6357440758443,-1080.4996827572277,511.46743341172504
123.46089639481323,-183.41766427632248,-36.47388263755339,-208.70026915726527,-44.42955794948177,-165.94224439273592,-139.06834663524245,4.4502816192804895,154.9234201738725,252.885129011246,-51.88763673192674,68.40941775593912,118.87514194783087,21.424388870812425,-65.95212523713856,9.142176876494304,36.300051265717634,-68.45287248218673,-131.8186859438267,91.64308596027925,50.2156580350189,312.61152585599143,138.83570510926478,-94.70931322321253,-48.60086088692235,-19.4673695976548,-33.093770116842386,-9.23324536924876,47.60001996663524,-135.6056252308363,182.2777276216775,-49.31682246092092,29.262931897672768,9.364342582805085,97.14538700566011,145.51779109671094,-114.19226073148282,-73.36860900883572,-35.8196205931204,-113.09046189491562,87.2809132069217,94.287935020199,-193.79299608534947,91.718920506687
-381.0267013767843,565.8355988503208,112.40427125668197,644.2982068603587,137.07665122952383,512.5470703163614,428.96153446941184,-13.537699927117083,-477.7574127309826,-780.2268775403215,160.39350798228483,-211.24157373948296,-367.2383607666151,-65.95212523713856,203.61931449437654,-28.289018578024045,-111.88458168109354,211.29716522820678,406.50647144423294,-282.7189145053572,-155.09149673505252,-965.0774266539137,-428.27708305437005,292.1397447813005,150.09273700888497,60.31276872983798,102.0319380399989,28.709784414862416,-146.86630735780568,418.37421314713566,-562.7050656374033,152.20708303824932,-90.48192667942956,-28.564460674120358,-299.47277192341954,-449.1533851723638,352.24498085795165,226.82792459132398,110.18709156955019,349.2506278076545,-269.147491336257,-291.24612549750566,598.0545985326693,-282.82097067713
53.351468431333664,-78.80558142685123,-15.607984024504264,-89.95146162931196,-18.921867523457067,-71.61194191286656,-59.67788150936435,2.0526278310991946,66.50539828573892,108.99093532257345,-22.143728973859883,29.940702246010282,51.551530837661446,9.142176876494304,-28.289018578024045,4.130459667475769,15.711472417870878,-29.692698527813544,-56.60035613585707,39.755468908977335,21.83817515046836,135.3193733065553,59.98379668929703,-40.773937946898464,-21.120283867783584,-8.426303462865949,-14.239340077906668,-3.991851403264317,20.452978809311116,-58.589746848479805,78.87020849205689,-21.203691045623998,12.624754255857084,3.8277093254400447,41.75515018541248,63.08514220210134,-49.47023321239438,-31.287183929487252,-15.60332191061438,-49.10060429481121,37.6103335410207,40.942418480154636,-83.6908611768951,39.71810703559917
210.50026843215016,-312.31150777766055,-62.5314963754721,-355.26389923718443,-75.49243048945198,-282.2777180742084,-236.748084476223,8.201358503725151,263.75623748483713,430.7526183781178,-87.78952052016278,117.13208312280943,202.35367976575162,36.300051265717634,-111.88458168109354,15.711472417870878,62.20943164384615,-116.82502641542828,-224.21185652941458,156.40855198869764,85.688388705316,532.7755690626454,236.82419558148857,-161.21247944030245,-82.80658249374103,-33.130006137288575,-56.41249403325106,-15.577623660766148,81.14764098612554,-231.27773933767145,310.52757932746135,-83.74838816001837,49.70535401597786,16.07028644347554,165.56579437911012,248.11173471357503,-195.01007533782024,-123.98889153197207,-61.671552712343825,-192.8472123357977,149.03808203824389,160.6702981111102,-330.3761524899611,156.9742586852252
-396.6887705826033,588.4210919976856,117.2096390272007,669.9906471396396,142.24344464506774,532.7933287575645,445.9987622854897,-14.801436403135458,-496.8284297120688,-811.8095455615581,166.03505871211453,-220.64737664960427,-382.0897172119886,-68.45287248218673,211.29716522820678,-29.692698527813544,-116.82502641542828,220.17036271942993,422.59280837041166,-294.68420971298207,-161.60924445975795,-1004.6722310554522,-446.06303179893075,303.8688755182341,156.29264678779003,62.63063883182632,106.20895936942004,29.64826333565368,-152.7929882756203,435.69127738951954,-585.6674283247997,158.0879867203325,-93.94761514781459,-29.766717345295266,-311.6688069811434,-467.8133556256447,367.19297043071185,234.64796042283967,115.49713338110936,363.75239162478334,-280.38363953928445,-303.2230370893516,622.5643997979063,-295.1139677578333
-761.9162957910899,1131.3177270855624,225.32915793813171,1287.5660266044456,273.9003262831364,1023.7813160651432,857.6759198085261,-27.916191807654215,-955.3662375736087,-1560.0194432918292,319.75268435460526,-422.7851933368938,-733.5984736484019,-131.8186859438267,406.50647144423294,-56.60035613585707,-224.21185652941458,422.59280837041166,812.6660076253316,-565.6127587397175,-310.06833121805187,-1929.2467104064492,-856.7371538720823,584.0760830637329,299.95537932008193,120.28609144334979,204.13571909416055,57.00303466810448,-293.7174077315207,836.825440465934,-1124.7658071434876,304.0077437924249,-180.54903504951625,-57.61373576234217,-599.1465637197031,-898.0824228323557,704.8834359940818,452.0083991470727,221.3499898219753,698.1430746577221,-538.6748369865256,-581.9984090457357,1195.8859642108127,-566.4199537848017
530.9196086823129,-787.5056428043207,-156.89651332722866,-896.5727863606318,-190.32692585090118,-712.9090129932725,-596.9022377996077,19.906217652225415,664.9696856121701,1086.5270196375013,-222.054778070032,295.3629999125763,511.29310579126656,91.64308596027925,-282.7189145053572,39.755468908977335,156.40855198869764,-294.68420971298207,-565.6127587397175,394.47691594149995,216.28651964607258,1344.587508973592,597.0716018131291,-406.7106724830256,-209.17081671219574,-83.7441964984791,-142.17340357731115,-39.60530839483313,204.4785629705293,-583.1659355357035,783.8148149138627,-211.55561927243906,125.6703638085901,39.91115946681489,417.197060976902,626.144960777639,-491.53820557527496,-313.8066234704469,-154.74117166985698,-486.8140279952204,375.310692813494,405.7807232885146,-833.2252091086497,395.0789202953664
291.1375934141749,-431.7402154391729,-85.90407561906937,-491.74178503041895,-104.34080417678803,-391.13297920002304,-327.21337867079035,10.798805189139316,364.4993251991871,595.739148776878,-121.88976117646527,162.00251397036294,280.56316898026563,50.2156580350189,-155.09149673505252,21.83817515046836,85.688388705316,-161.60924445975795,-310.06833121805187,216.28651964607258,118.65859948550344,737.4858211957277,327.33152082281424,-222.9806357587571,-114.76066984594635,-46.00347609852627,-77.91801042619271,-21.80528473983371,112.10125146375451,-319.7298810302726,429.91190408421625,-116.03092868633638,68.99390503091473,21.724578265526418,228.633691849426,343.40976736011794,-269.4619957359878,-172.27275570900778,-84.68103209207739,-267.06081465084867,205.6949694643166,222.64663353565842,-456.89914496117063,216.50935499653772
1810.4714149470476,-2686.1020284948586,-534.6174780562992,-3058.6419752996712,-649.6195077417872,-2432.605101721674,-2036.009941834069,66.75303949239311,2267.944146067635,3705.4960895217255,-758.7828497262303,1006.348974138561,1744.228606393009,312.61152585599143,-965.0774266539137,135.3193733065553,532.7755690626454,-1004.6722310554522,-1929.2467104064492,1344.587508973592,737.4858211957277,4585.508565152382,2035.5811356315019,-1387.089364944323,-713.3355195315075,-286.0479503526875,-484.7195100981037,-135.60973877905988,697.4140271030844,-1988.3110026257657,2673.2137907041756,-721.9008971844959,429.08327980896445,135.70047938385423,1422.4487963723063,2134.96104473571,-1675.3364249583335,-1072.5346883650454,-526.238622671374,-1660.1057411318766,1279.3995888584102,1384.0036659917253,-2841.427325641252,1346.1180722733181
803.8874363928055,-1192.9021517224655,-237.8201871242013,-1357.808687857554,-288.51690573182987,-1079.554477000097,-904.2589857270546,30.038286790975892,1007.3158215509302,1645.4114322066373,-336.54995579352084,446.804770842637,773.9240027824502,138.83570510926478,-428.27708305437005,59.98379668929703,236.82419558148857,-446.06303179893075,-856.7371538720823,597.0716018131291,327.33152082281424,2035.5811356315019,904.0342941748985,-615.9347567209336,-316.55336107863263,-126.83384041939384,-215.32677636059424,-59.98944372612933,309.7676201167221,-882.9844078074185,1186.6395228015722,-320.40870194366244,190.31725284294583,60.680728355607386,631.9190357897116,947.7853262558314,-744.0936380515944,-475.6247603012686,-234.15285235254171,-736.8357059165246,568.4229322942693,614.1706690817103,-1261.6841448728223,598.1532497033738
-547.7643928214972,813.1254692789369,161.94032405227597,925.5480651005978,196.78415276946674,735.9613680200166,616.4147636625194,-20.14595124059528,-686.6360601028858,-1121.4092349505702,229.73335786024137,-304.1376861753872,-527.4776616353164,-94.70931322321253,292.1397447813005,-40.773937946898464,-161.21247944030245,303.8688755182341,584.0760830637329,-406.7106724830256,-222.9806357587571,-1387.089364944323,-615.9347567209336,419.8371387486174,215.69835285273024,86.47925126790808,146.7335046430157,40.97514072483132,-211.10986895021176,601.6199857551852,-808.6666384528079,218.50283665920807,-129.78544172825474,-41.328703272402656,-430.6440696040871,-645.7498762452655,506.8300424691508,324.7394792015082,159.21110232909075,502.0183938148624,-387.22794732837536,-418.49892244921557,859.7318410178269,-407.2712065062232
-281.57143574646676,417.58199675116197,82.98595794828958,475.6787425145343,100.92697319018252,378.4087974117047,316.48718765054025,-10.326875072522911,-352.5516797746226,-576.2210262442838,117.99421429520693,-156.6241061599342,-271.4466138069142,-48.60086088692235,150.09273700888497,-21.120283867783584,-82.80658249374103,156.29264678779003,299.95537932008193,-209.17081671219574,-114.76066984594635,-713.3355195315075,-316.55336107863263,215.69835285273024,111.02219907859774,44.50590367795091,75.35347708997928,21.124717489814834,-108.4005762606504,309.213314275075,-415.86254865300145,112.28246076662117,-66.7595947399087,-20.957641901953235,-221.11096240624366,-332.1524072436722,260.5627499389912,166.79618988259327,81.78627612445483,258.3103713107113,-198.86685618969426,-215.37698611870564,441.8851221723177,-209.27463476160702
-112.90237501862583,167.5359977354529,33.26601837314537,190.93782054632806,40.57522711796478,151.9740173125342,126.98183589927194,-3.9921022500602823,-141.39133132794615,-231.05532435361638,47.566468641229044,-62.67237142127517,-108.92063905848612,-19.4673695976548,60.31276872983798,-8.426303462865949,-33.130006137288575,62.63063883182632,120.28609144334979,-83.7441964984791,-46.00347609852627,-286.0479503526875,-126.83384041939384,86.47925126790808,44.50590367795091,17.954988983935078,30.18925368696691,8.574801011442165,-43.501983488644164,123.91834710794132,-166.77093818834635,45.07487434220015,-26.85938778024926,-8.341653751480061,-88.60752334364817,-133.1053431456497,104.32842170547656,67.27098471970736,32.56400158593847,103.57496823460532,-79.6909230110301,-86.39140720283964,177.19859607180473,-83.76431077927485
-191.45632439476674,284.2227186204102,56.704337941266836,323.4115385220369,68.78016455282153,257.09035834147295,215.47281471944697,-7.14992928286285,-240.0272675611997,-391.9529852367006,80.18624580895593,-106.32730286533757,-184.2422339749767,-33.093770116842386,102.0319380399989,-14.239340077906668,-56.41249403325106,106.20895936942004,204.13571909416055,-142.17340357731115,-77.91801042619271,-484.7195100981037,-215.32677636059424,146.7335046430157,75.35347708997928,30.18925368696691,51.30634386120621,14.269957956881166,-73.80558714155194,210.30826214719312,-282.5720523202066,76.32743574802323,-45.3142678159118,-14.533034900809136,-150.57494733608883,-225.67394913079426,177.20643667039838,113.32545580766174,55.77714768757968,175.41679838429687,-135.42271608199334,-146.2024694243856,300.500232518387,-142.46898955280594
-53.4687709739914,79.35836098821792,15.612113815627389,90.60017822197813,19.249604877929784,72.23027120634647,60.14151714257079,-1.6970359809285178,-66.94011416411655,-109.4513376230412,22.7411063928541,-29.607034478621344,-51.76565869208954,-9.23324536924876,28.709784414862416,-3.991851403264317,-15.577623660766148,29.64826333565368,57.00303466810448,-39.60530839483313,-21.80528473983371,-135.60973877905988,-59.98944372612933,40.97514072483132,21.124717489814834,8.574801011442165,14.269957956881166,4.154273876049496,-20.586149412285444,58.633618786151374,-79.09040327181327,21.427004148587525,-12.806514781877429,-3.8261513220868197,-41.88529659830889,-63.06233400074728,49.29389009462385,32.20519163791272,15.191775336275207,49.115274454814156,-37.6234241268698,-41.0131050546213,83.91811940703454,-39.466178306047
275.4773861228642,-409.0230758169091,-81.61561858352887,-465.4480463028243,-99.03773750156647,-370.0320764794276,-310.0856737564719,10.231031530039052,345.38681690072764,563.9544303033358,-115.51909170913787,152.90820789486733,265.1094027618052,47.60001996663524,-146.86630735780568,20.452978809311116,81.14764098612554,-152.7929882756203,-293.7174077315207,204.4785629705293,112.10125146375451,697.4140271030844,309.7676201167221,-211.10986895021176,-108.4005762606504,-43.501983488644164,-73.80558714155194,-20.586149412285444,106.23284775114868,-302.56172265539004,406.5602328452261,-109.83545279009438,65.25325250597541,20.892054142217432,216.6292275751156,324.64229944985846,-254.8843041837226,-163.26112058522372,-80.13351740312704,-252.3802081957036,194.85144646643215,210.36516833228148,-432.3868160034813,204.93462639730757
-785.1986115375702,1165.1715668939446,232.24456978168584,1326.313224669722,281.82133231573727,1054.5578273750561,883.2352886088872,-29.27019565891796,-983.883258259698,-1607.1630796813063,328.81220146184955,-436.3940173756275,-756.0073480026242,-135.6056252308363,418.37421314713566,-58.589746848479805,-231.27773933767145,435.69127738951954,836.825440465934,-583.1659355357035,-319.7298810302726,-1988.3110026257657,-882.9844078074185,601.6199857551852,309.213314275075,123.91834710794132,210.30826214719312,58.633618786151374,-302.56172265539004,862.4380997139252,-1159.09425793971,312.9873945743168,-185.92689379653348,-59.21783273544759,-617.1926976707662,-925.755579395475,726.7515742746713,464.70084711659075,228.61667739205106,719.7309355883018,-555.1607704908292,-599.9318773506496,1232.349423617684,-584.1708969934018
1055.4318511137224,-1565.9531345570358,-311.59495156991886,-1783.1715788192544,-378.7402344995086,-1418.2343193366257,-1186.9716391974769,38.80082820902965,1322.182658383868,2160.224521952607,-442.4646418725121,586.577536804397,1016.8874628494603,182.2777276216775,-562.7050656374033,78.87020849205689,310.52757932746135,-585.6674283247997,-1124.7658071434876,783.8148149138627,429.91190408421625,2673.2137907041756,1186.6395228015722,-808.6666384528079,-415.86254865300145,-166.77093818834635,-282.5720523202066,-79.09040327181327,406.5602328452261,-1159.09425793971,1558.4330907807841,-420.9048566639044,250.16858986199645,79.0789650501078,829.2402948686891,1244.595692543642,-976.5996322080366,-625.4496426663293,-306.66289910797224,-967.775550179507,745.7865214828312,806.8410765130046,-1656.4411378386656,784.6193790207599
-285.02159358022647,423.16252769769045,84.10291868222306,481.8230233265487,102.45644312774205,383.2566115737157,320.7928362854421,-10.238300938484816,-357.30846674934844,-583.5772307359773,119.81209602918022,-158.12741502856852,-274.66272428070727,-49.31682246092092,152.20708303824932,-21.203691045623998,-83.74838816001837,158.0879867203325,304.0077437924249,-211.55561927243906,-116.03092868633638,-721.9008971844959,-320.40870194366244,218.50283665920807,112.28246076662117,45.07487434220015,76.32743574802323,21.427004148587525,-109.83545279009438,312.9873945743168,-420.9048566639044,113.80746723605225,-67.63039774620181,-21.38239992110719,-224.02010483793435,-336.0225471788879,263.58053883388123,169.42087782385073,82.56706516619383,261.2706271718105,-201.35887805618785,-217.8574194787829,447.3555087209402,-211.66810824609036
169.36395093217243,-251.3690853436611,-49.88301398552844,-286.38232114253003,-60.86727647198038,-227.899812776099,-190.52908834679062,5.9986948686766635,212.18843848435955,346.6937135444969,-71.29964248005997,93.99099862746124,163.35066641785303,29.262931897672768,-90.48192667942956,12.624754255857084,49.70535401597786,-93.94761514781459,-180.54903504951625,125.6703638085901,68.99390503091473,429.08327980896445,190.31725284294583,-129.78544172825474,-66.7595947399087,-26.85938778024926,-45.3142678159118,-12.806514781877429,65.25325250597541,-185.92689379653348,250.16858986199645,-67.63039774620181,40.26107267637179,12.575242739270022,132.98897281730143,199.70144176695817,-156.54847574546622,-100.82931358345257,-48.91682084198402,-155.33672810242257,119.57014692107926,129.55800242538427,-265.81742542700033,125.67420559066595
53.809892499207926,-80.28328654762399,-16.40875168629092,-90.76179470834674,-19.533277800934833,-71.81652997009189,-60.95273914468163,2.2963755564486794,67.91551497668065,110.3586014895632,-22.36031817272307,29.676572117637612,51.21307064146865,9.364342582805085,-28.564460674120358,3.8277093254400447,16.07028644347554,-29.766717345295266,-57.61373576234217,39.91115946681489,21.724578265526418,135.70047938385423,60.680728355607386,-41.328703272402656,-20.957641901953235,-8.341653751480061,-14.533034900809136,-3.8261513220868197,20.892054142217432,-59.21783273544759,79.0789650501078,-21.38239992110719,12.575242739270022,4.555598082864088,42.692243173257694,63.16062485870775,-49.91591268498124,-31.540536267910074,-16.035788267457416,-48.94680722859053,38.4127665092566,40.68785860934817,-84.5111997026372,40.395073375521015
561.8734875707014,-834.2107521194479,-166.4562672026866,-949.1786024455607,-201.90960241886134,-754.5121847544035,-632.4418167267793,20.970265979481795,704.5076650718711,1150.3119273564796,-235.3941897622442,311.95164202562205,540.649818968671,97.14538700566011,-299.47277192341954,41.75515018541248,165.56579437911012,-311.6688069811434,-599.1465637197031,417.197060976902,228.633691849426,1422.4487963723063,631.9190357897116,-430.6440696040871,-221.11096240624366,-88.60752334364817,-150.57494733608883,-41.88529659830889,216.6292275751156,-617.1926976707662,829.2402948686891,-224.02010483793435,132.98897281730143,42.692243173257694,441.9501115717789,662.2244105165214,-520.0170164107399,-332.67989103329455,-163.659411456755,-514.7450376983601,397.460799378101,429.0230004196585,-881.9033422891716,418.1026957095019
842.9153562656919,-1250.3793939836155,-248.8744393070334,-1423.811130785426,-302.290261553358,-1132.3574982461091,-947.7337488408244,31.23195389851315,1055.7429204751909,1725.096735769503,-352.9986645775207,468.7470040454858,812.063454161184,145.51779109671094,-449.1533851723638,63.08514220210134,248.11173471357503,-467.8133556256447,-898.0824228323557,626.144960777639,343.40976736011794,2134.96104473571,947.7853262558314,-645.7498762452655,-332.1524072436722,-133.1053431456497,-225.67394913079426,-63.06233400074728,324.64229944985846,-925.755579395475,1244.595692543642,-336.0225471788879,199.70144176695817,63.16062485870775,662.2244105165214,994.1072661146497,-780.1434475379798,-498.9304656219245,-245.2137986658271,-772.9789297807619,595.6701534484747,644.3961225249902,-1322.8798256648413,626.8636906467539
-661.610045700994,981.5019854832127,195.7468567775993,1117.2196715352745,237.26269314495207,888.2227643458162,743.9764084905717,-24.94654468240176,-828.805133377704,-1354.0220504746892,276.65047024652506,-368.00341991632865,-636.9163858690823,-114.19226073148282,352.24498085795165,-49.47023321239438,-195.01007533782024,367.19297043071185,704.8834359940818,-491.53820557527496,-269.4619957359878,-1675.3364249583335,-744.0936380515944,506.8300424691508,260.5627499389912,104.32842170547656,177.20643667039838,49.29389009462385,-254.8843041837226,726.7515742746713,-976.5996322080366,263.58053883388123,-156.54847574546622,-49.91591268498124,-520.0170164107399,-780.1434475379798,612.5698199207393,390.9234845721175,192.96928440221862,606.5071215899242,-467.84588686718286,-505.5047630309257,1038.3497266710806,-492.49314575201646
-423.3774139783225,629.136081353231,124.66824783075745,716.639078662048,152.65906726597194,570.3780886103903,476.9844045996902,-14.393321728116586,-531.1146198305663,-867.1887423486482,179.109326584433,-234.1973597170552,-408.41982037537275,-73.36860900883572,226.82792459132398,-31.287183929487252,-123.98889153197207,234.64796042283967,452.0083991470727,-313.8066234704469,-172.27275570900778,-1072.5346883650454,-475.6247603012686,324.7394792015082,166.79618988259327,67.27098471970736,113.32545580766174,32.20519163791272,-163.26112058522372,464.70084711659075,-625.4496426663293,169.42087782385073,-100.82931358345257,-31.540536267910074,-332.67989103329455,-498.9304656219245,390.9234845721175,253.43988869743632,121.63095145200344,388.0669065217061,-298.8247187893822,-323.746101031115,664.5768045550078,-313.6148254530177
-207.9738087902551,308.34345351857473,61.947691012578325,350.5480105139904,74.38828765825883,278.3363494498195,233.72934760791642,-8.507184251215756,-260.4705498433541,-425.45816904668237,86.17448076072525,-116.03081427282602,-199.66329426674943,-35.8196205931204,110.18709156955019,-15.60332191061438,-61.671552712343825,115.49713338110936,221.3499898219753,-154.74117166985698,-84.68103209207739,-526.238622671374,-234.15285235254171,159.21110232909075,81.78627612445483,32.56400158593847,55.77714768757968,15.191775336275207,-80.13351740312704,228.61667739205106,-306.66289910797224,82.56706516619383,-48.91682084198402,-16.035788267457416,-163.659411456755,-245.2137986658271,192.96928440221862,121.63095145200344,61.45346282466843,190.5136574981354,-147.41452069930196,-158.6344295920525,326.38744700276897,-155.49963188365982
-655.376569596836,972.0556253375408,193.38887034995935,1107.096229730875,234.98686261622242,880.5892123109589,736.746582761897,-24.19795671795034,-820.6823076977244,-1341.1782162348438,274.5487843482652,-364.518269196094,-631.562461083555,-113.09046189491562,349.2506278076545,-49.10060429481121,-192.8472123357977,363.75239162478334,698.1430746577221,-486.8140279952204,-267.06081465084867,-1660.1057411318766,-736.8357059165246,502.0183938148624,258.3103713107113,103.57496823460532,175.41679838429687,49.115274454814156,-252.3802081957036,719.7309355883018,-967.775550179507,261.2706271718105,-155.33672810242257,-48.94680722859053,-514.7450376983601,-772.9789297807619,606.5071215899242,388.0669065217061,190.5136574981354,601.1129981240881,-463.03455336783446,-501.15422495046977,1028.540252153441,-487.2856640014483
505.39349019057715,-750.169971723261,-149.83475444163363,-853.5480579871628,-181.50999407374042,-678.4423918521604,-568.6947091424158,19.0915311118123,633.4987317293493,1034.4920463272958,-211.4824441862122,280.7987420916843,486.1972641738913,87.2809132069217,-269.147491336257,37.6103335410207,149.03808203824389,-280.38363953928445,-538.6748369865256,375.310692813494,205.6949694643166,1279.3995888584102,568.4229322942693,-387.22794732837536,-198.86685618969426,-79.6909230110301,-135.42271608199334,-37.6234241268698,194.85144646643215,-555.1607704908292,745.7865214828312,-201.35887805618785,119.57014692107926,38.4127665092566,397.460799378101,595.6701534484747,-467.84588686718286,-298.8247187893822,-147.41452069930196,-463.03455336783446,357.58823282392456,385.88715964006855,-793.2391679142465,376.2935058767182
546.3255325085897,-810.2984287220029,-161.07406384840317,-923.0066740510332,-195.89415771428418,-734.263669801562,-614.1345294614091,20.022290464121347,684.0899286963563,1118.0250943848175,-229.02252468542244,303.8228561936482,526.6357440758443,94.287935020199,-291.24612549750566,40.942418480154636,160.6702981111102,-303.2230370893516,-581.9984090457357,405.7807232885146,222.64663353565842,1384.0036659917253,614.1706690817103,-418.49892244921557,-215.37698611870564,-86.39140720283964,-146.2024694243856,-41.0131050546213,210.36516833228148,-599.9318773506496,806.8410765130046,-217.8574194787829,129.55800242538427,40.68785860934817,429.0230004196585,644.3961225249902,-505.5047630309257,-323.746101031115,-158.6344295920525,-501.15422495046977,385.88715964006855,417.8595367067103,-857.3933586026488,406.0427061673446
-1122.0627964595549,1665.147919019224,331.7760428294192,1895.5808532086398,402.8369023096627,1507.3199538643328,1262.2298535139114,-41.592358748741106,-1406.0105555440464,-2296.69300806485,470.2001244483645,-623.4545122061586,-1080.4996827572277,-193.79299608534947,598.0545985326693,-83.6908611768951,-330.3761524899611,622.5643997979063,1195.8859642108127,-833.2252091086497,-456.89914496117063,-2841.427325641252,-1261.6841448728223,859.7318410178269,441.8851221723177,177.19859607180473,300.500232518387,83.91811940703454,-432.3868160034813,1232.349423617684,-1656.4411378386656,447.3555087209402,-265.81742542700033,-84.5111997026372,-881.9033422891716,-1322.8798256648413,1038.3497266710806,664.5768045550078,326.38744700276897,1028.540252153441,-793.2391679142465,-857.3933586026488,1761.0692079474597,-834.5551367389006
531.7460802370388,-788.8905523022214,-157.70440612512718,-897.6366954619054,-190.70047209491105,-713.4053458306923,-597.9989025461729,20.44267379060298,666.1960462690893,1088.164148167128,-222.0046419113442,295.8478688512845,511.46743341172504,91.718920506687,-282.82097067713,39.71810703559917,156.9742586852252,-295.1139677578333,-566.4199537848017,395.0789202953664,216.50935499653772,1346.1180722733181,598.1532497033738,-407.2712065062232,-209.27463476160702,-83.76431077927485,-142.46898955280594,-39.466178306047,204.93462639730757,-584.1708969934018,784.6193790207599,-211.66810824609036,125.67420559066595,40.395073375521015,418.1026957095019,626.8636906467539,-492.49314575201646,-313.6148254530177,-155.49963188365982,-487.2856640014483,376.2935058767182,406.0427061673446,-834.5551367389006,396.24334590536097
