V1,V2,V3,V4,V5,V6,V7,V8,V9,V10,V11,V12,V13,V14,V15,V16,V17,V18,V19,V20,V21,V22,V23,V24,V25,V26,V27,V28,V29,V30,V31,V32,V33,V34,V35,V36,V37,V38,V39,V40,V41,V42,V43,V44
1.1636955343672846,-1.3704373945019577,0.9062057713707861,-0.6306776146153842,-0.4100595828669586,-1.172411929548808,-0.7209941990815326,0.0994954024105728,1.1523762019931918,0.968352764068199,0.619615617186332,-0.08106753943163862,-1.0448168376573732,1.2705947631766008,0.1222071411854839,0.6314291294574536,0.6147748529978949,0.24047894668643177,-0.5853412816400599,1.07869794936718,0.4619147878869667,2.408012962242038,1.1505231957168687,0.1717425018816208,0.20811145131115302,0.034392635441703255,-0.13810744815663212,0.05723864860490657,0.29649462117341757,0.08991892377796795,0.8036952988864098,-0.3495519566407825,0.457616197496137,0.43735589444051626,1.3681680311453353,1.6536104836316103,-0.1514315069015551,-0.4452219947886207,-1.3168537797652795,-1.1790428832943616,2.0788548030169043,1.011433894265443,-2.8665070576809137,1.5813890729854978
-1.3704373945019577,1.9026640914770203,-0.5498590459349663,1.3108905562529762,0.5895740081148592,1.5421658840516985,1.1427114443199324,-0.0958267338161571,-1.5713136940990986,-1.865188923492864,-0.18929990003645553,-0.1475384689199943,0.3351046765398584,-1.083226246696935,0.2042886379619538,-0.4025486146358947,-0.6124199888116382,0.07151718425206094,1.0692079699690975,-1.132304494209579,-0.5683473920835911,-3.058483738315908,-1.4417944892137644,0.27082228597237284,0.008863044080599505,-0.022580220783637934,0.24605482313450558,-0.06563847993101879,-0.4987251580172324,0.4889690622130517,-1.2469670273283966,0.4001007090378852,-0.533128948244673,-0.4165449879830072,-1.3897396099921906,-1.848588051231582,0.5338431298950704,0.5951358135102349,1.0848126233268862,1.278038771755812,-2.0003823987733527,-1.1119420821989976,2.940851730518717,-1.567528243642022
0.9062057713707861,-0.5498590459349663,2.723355437677296,1.5719118843762476,-0.3433666588580448,-0.35205054737561337,0.39110477273778843,0.13342837007486935,0.40489681736790933,-1.3588772141982635,2.1425741189557375,-1.1870119710009064,-4.097271548533215,2.6720983811759416,1.218543516859572,1.2789222136164067,0.885300277084297,1.560106891327349,0.5122116743216404,1.1649862690821873,0.3830766313965395,1.1506737683736892,0.6577118298288861,1.768948875504385,1.1689032703465143,0.42518342237126727,0.16490010325575477,0.3012756119215412,0.026731256568271838,2.1671814171284622,-0.8019883249079203,-0.054796006928712206,0.7057632047377105,0.8414218186694873,1.7051901929506645,1.8023874049264363,1.330604956519485,0.057746973336881106,-2.4798438399220517,-1.1033591804845306,3.5882656787009695,1.0192684784449109,-3.848010496637861,2.3144170852346253
-0.6306776146153842,1.3108905562529762,1.5719118843762476,2.594791750596903,0.21909602107906423,1.3215932965858073,1.389403169750404,0.07559478785358377,-1.1405148823967055,-2.7885456485949778,1.5003753379981002,-1.1163051840453997,-2.9844738708354606,1.06929940755508,1.170635237668402,0.5083942092352953,0.1416639332870946,1.3165786595627875,1.3785826956643525,-0.22166270510704214,-0.24618847192748147,-2.151186101384951,-0.8531694749182069,1.6504666438126077,0.9721521072122596,0.4035062565632182,0.35539073029567514,0.24653606734631087,-0.3817656759064228,2.159814484529916,-1.972436896114642,0.43334500826352307,0.059755679526243194,0.3358966549971642,-0.02518959814767825,-0.37796252200351266,1.5812428523840212,0.7743093394737894,-0.907708856100639,0.4625920390988295,0.9862260591393761,-0.3437485408024529,-0.14654761953086043,0.36000992121714853
-0.4100595828669586,0.5895740081148592,-0.3433666588580448,0.21909602107906423,0.23119519792404675,0.4151615332775128,0.2738319593287939,-0.034084842664251824,-0.4582282995640325,-0.44773507904063947,-0.15738150863101574,0.07040353888570634,0.37308297655693956,-0.48099583281802216,-0.01907394805157665,-0.1250693801636104,-0.21734089097803677,-0.10145783778064467,0.2871391390159519,-0.3392317401248768,-0.1900604201480537,-0.8638763946123843,-0.4213288163748848,-0.046924099688049226,-0.0932620994796526,-0.08244212334678992,0.053844732691617554,-0.07298216691618763,-0.17971557057518964,-0.018275514485218497,-0.21061011824789974,0.05804466128674669,-0.23514222682463062,-0.18575376955056097,-0.43812765485260224,-0.6196721263611333,0.022639169892560634,0.11651374686344888,0.4151677490095399,0.3750879078199745,-0.805436943353902,-0.3447475636449938,1.0137956449470311,-0.5599754791722491
-1.172411929548808,1.5421658840516985,-0.35205054737561337,1.3215932965858073,0.4151615332775128,1.4524292551245375,1.017420617931634,-0.011411016715465,-1.3014147384137278,-1.6238431337021226,-0.05197166994455948,-0.23004316171734485,2.1445824565363125e-4,-0.7771720448748831,0.2652340895714254,-0.4114122101808585,-0.4690900944839135,0.16831975648858205,0.8976212521890616,-0.9905783025720606,-0.4543829176140946,-2.7166132238664553,-1.2125395767938043,0.33334862701533324,0.11711282032091223,0.1050072690984363,0.21449861734400497,0.05692593612364921,-0.3405619031424071,0.5337234080234945,-1.2862804151611045,0.46247748435273583,-0.36778452894543884,-0.2411667270232522,-1.1858373674094354,-1.5246565208481437,0.5564511599851911,0.7003184874171661,0.8216674373521957,1.1557410896297196,-1.466183295986165,-0.9876055403360529,2.408854525213531,-1.2083473342230995
-0.7209941990815326,1.1427114443199324,0.39110477273778843,1.389403169750404,0.2738319593287939,1.017420617931634,0.944648897571436,-0.00902900558827217,-0.9968505855519425,-1.620654492647789,0.4327196794802763,-0.4241688529909963,-0.8705785854003474,-0.012864471494387483,0.4829330616764906,-0.012305620282469613,-0.18547157783895907,0.47874025468549836,0.855180533070839,-0.5063564630373045,-0.2546700216152977,-1.8137668911059808,-0.8240799630971023,0.6782508541637431,0.33049431927813866,0.16952718178463042,0.21950057611382054,0.09560933275616466,-0.2844481099740062,0.9198931169146717,-1.163233809609363,0.34781893556868715,-0.11415420142057989,-0.055938808305794334,-0.5827707848018271,-0.7616666686996952,0.7488532495977078,0.539558662293392,0.11419637270409823,0.622066568549062,-0.37459834437467454,-0.5017125687491517,1.0279170498019916,-0.4565506985619412
0.0994954024105728,-0.0958267338161571,0.13342837007486935,0.07559478785358377,-0.034084842664251824,-0.011411016715465,-0.00902900558827217,0.07684036122559833,0.08556249465204697,0.006854891168748147,0.155452658907866,-0.023136830268163544,-0.2319817146484855,0.159020635704902,0.08685097900288286,0.06815172151629581,0.09118831322473096,0.053406981556641864,-0.0021072708995192612,0.112929275507454,0.055768220519144776,0.13855474814510363,0.10822916864401759,0.08457850522175375,0.07031872533398956,0.04077403376906442,-0.0012498191627650019,0.048640483854395754,0.04528979900491035,0.08118794579217772,-0.026242797457776797,0.01918815655096476,0.05193860771187348,0.08699430127956165,0.11644432147118608,0.16120137351293132,0.023355262665062188,0.09300404011785135,-0.19558974146847893,-0.0879848258727213,0.27815534175931017,0.08094950605420322,-0.28327585193626903,0.22450983714459322
1.1523762019931918,-1.5713136940990986,0.40489681736790933,-1.1405148823967055,-0.4582282995640325,-1.3014147384137278,-0.9968505855519425,0.08556249465204697,1.3420461617095116,1.541585252901973,0.16215461875561277,0.13204685264628233,-0.2549504682144034,0.8691078441961124,-0.18721884263077032,0.385004726247806,0.5093278638589138,-0.09080732390204937,-0.8831250691616218,0.9712772450496042,0.4460632924184297,2.529015462014075,1.2093602880593393,-0.25143473652514414,-0.017942677973932175,-0.03829159865901624,-0.21087425978773144,0.016877345464552447,0.38483953204589566,-0.4212577300270918,1.1019878996869563,-0.3973665748834398,0.3857286770636903,0.3512372304878766,1.2067605105893868,1.49435358532677,-0.4725363031829688,-0.5565698124787694,-0.9162184903857236,-1.0701558357934453,1.6127971881690022,0.9211544660284544,-2.4418544861525295,1.3056541818449299
0.968352764068199,-1.865188923492864,-1.3588772141982635,-2.7885456485949778,-0.44773507904063947,-1.6238431337021226,-1.620654492647789,0.006854891168748147,1.541585252901973,3.3667229083882613,-1.4495273332510272,1.1542662635812013,2.858226462524312,-0.7522633477577464,-1.1981055393952542,-0.529330677881622,0.04358454132659362,-1.3146457789622579,-1.6960060009894937,0.4797080413883702,0.4530059847571889,2.928609599990994,1.249936429721459,-1.6958225311168849,-0.9457603433617414,-0.26041705445417745,-0.4141963322352553,-0.13313533641757117,0.6099532451000249,-2.285229414903049,2.1488052008171477,-0.3910783829501155,0.15687279019783718,-0.19534450653068275,0.2729804632668718,0.9459708942955477,-1.6806231280381942,-0.6954595238887612,0.6528718057067887,-0.7436836740141967,-0.3490843373704453,0.6210843286247477,-0.5767194918523186,0.08763139260416473
0.619615617186332,-0.18929990003645553,2.1425741189557375,1.5003753379981002,-0.15738150863101574,-0.05197166994455948,0.4327196794802763,0.155452658907866,0.16215461875561277,-1.4495273332510272,1.9084675929609314,-0.9845717600652514,-3.517035431883743,2.112114900184046,1.1162905345023242,1.1209721970047297,0.7182879583452133,1.3223314112468958,0.6177907164851789,0.9054464322731235,0.21375997260132532,0.5582314905396166,0.4111511568963758,1.5380424626439633,1.002225459198071,0.3073727705893428,0.15384190869902567,0.22464184794067202,-0.09247486468746353,1.882192150655006,-0.7897834847113375,-0.04816169175632542,0.4405805495006078,0.7048006901200279,1.3892244386312216,1.258944445676283,1.1212072941349733,0.14576043296680677,-2.1100562482563596,-0.7977978941810425,2.802019090361,0.6961137267510952,-2.948376380416214,1.8526180340779663
-0.08106753943163862,-0.1475384689199943,-1.1870119710009064,-1.1163051840453997,0.07040353888570634,-0.23004316171734485,-0.4241688529909963,-0.023136830268163544,0.13204685264628233,1.1542662635812013,-0.9845717600652514,0.7305735563431898,2.044083587547079,-1.0785556602983133,-0.6351535888224615,-0.5065136725843611,-0.28718013942921505,-0.8348616124484616,-0.4865336953788521,-0.25608391948165354,0.0027664769834871115,0.3114034815367258,0.05842644321128069,-0.942504754358943,-0.6207777302158656,-0.21061281954131902,-0.13595619488705615,-0.13424639781101463,0.10655091517866817,-1.2305688483915922,0.7802448038908373,-0.047774438983560076,-0.1977285473928995,-0.35833069218751873,-0.5506179244046352,-0.34837971365608467,-0.8494541576624894,-0.10829145177463248,0.947858108412599,0.1474607612162561,-1.3017530517472993,-0.16388503373673308,1.1603617397537265,-0.74587215478416
-1.0448168376573732,0.3351046765398584,-4.097271548533215,-2.9844738708354606,0.37308297655693956,2.1445824565363125e-4,-0.8705785854003474,-0.2319817146484855,-0.2549504682144034,2.858226462524312,-3.517035431883743,2.044083587547079,6.778151384014715,-4.0130611558293365,-2.092527931739856,-2.0064862534144767,-1.3128425429186283,-2.6082156861570223,-1.1797788546831174,-1.5534629179809318,-0.3438049885938414,-0.7444836504525966,-0.6365324707907193,-2.9621588099806315,-1.9648830430142152,-0.6450529156569247,-0.31529784821255535,-0.44590328205862073,0.1546475057320411,-3.6856770429713612,1.731264815173501,0.03296429038625607,-0.8585886678989797,-1.3470883423845446,-2.5344832600303953,-2.228164714048491,-2.304369103394254,-0.24089522979558692,3.8503491032032624,1.3339114806506063,-5.272211851649981,-1.1968576290410196,5.3908799361007205,-3.3671041757303026
1.2705947631766008,-1.083226246696935,2.6720983811759416,1.06929940755508,-0.48099583281802216,-0.7771720448748831,-0.012864471494387483,0.159020635704902,0.8691078441961124,-0.7522633477577464,2.112114900184046,-1.0785556602983133,-4.0130611558293365,2.844552084333871,1.104743602792168,1.359635835689701,1.034463836393502,1.4600400522054948,0.16886249665533526,1.4460180122105102,0.4975276146539599,1.9701341438057818,1.0570424653672659,1.5812637806147036,1.1054541236851236,0.380314898980814,0.0710731785936556,0.2876290677834049,0.14473833903107527,1.8845156694126919,-0.3614336306787268,-0.20382685374306941,0.7833747790326514,0.9393292572037636,2.098234274146038,2.2143048713002083,1.0634747622104135,-0.1559515944838212,-2.723938432019252,-1.4227429348462004,3.982057734580698,1.2656346217998804,-4.538863193453177,2.6741891507863813
0.1222071411854839,0.2042886379619538,1.218543516859572,1.170635237668402,-0.01907394805157665,0.2652340895714254,0.4829330616764906,0.08685097900288286,-0.18721884263077032,-1.1981055393952542,1.1162905345023242,-0.6351535888224615,-2.092527931739856,1.104743602792168,0.7292582685944654,0.5691343474773926,0.33189529781363764,0.8313358752608305,0.5512818904478046,0.32535638559564584,0.044463132794473406,-0.21993359730681716,-0.011089508991538226,0.9930531397894204,0.6262037774317272,0.22223628488470215,0.14121972697878252,0.15631703191187923,-0.11432144796117875,1.237268095821817,-0.757202117353009,0.09029113211116499,0.21311522676782588,0.369341829555865,0.5625422605937512,0.4494629797147668,0.7901920409412161,0.23976253183210816,-1.0769345780974975,-0.23910398115661313,1.3809788389878355,0.21515847790157505,-1.2564219397788043,0.8490087765051114
0.6314291294574536,-0.4025486146358947,1.2789222136164067,0.5083942092352953,-0.1250693801636104,-0.4114122101808585,-0.012305620282469613,0.06815172151629581,0.385004726247806,-0.529330677881622,1.1209721970047297,-0.5065136725843611,-2.0064862534144767,1.359635835689701,0.5691343474773926,0.8348125775973987,0.5193071985207234,0.7053307666695168,0.19694078436031967,0.7906373361612709,0.18470565582785653,0.9415730157726627,0.5037167574973267,0.7994893522326075,0.5306121049699876,0.07028282435994111,0.04112995033119537,0.04295033860877001,-0.04678806117938724,0.9690358794924262,-0.07073077580332167,-0.2325866413273829,0.255169515469765,0.43458082718129537,1.1450710200948395,1.0250277371421865,0.5022923718668509,-0.1982021539085787,-1.4207662870810216,-0.7556800951305789,1.8765833646409866,0.638812373629913,-2.2528740461669687,1.3276605564040473
0.6147748529978949,-0.6124199888116382,0.885300277084297,0.1416639332870946,-0.21734089097803677,-0.4690900944839135,-0.18547157783895907,0.09118831322473096,0.5093278638589138,0.04358454132659362,0.7182879583452133,-0.28718013942921505,-1.3128425429186283,1.034463836393502,0.33189529781363764,0.5193071985207234,0.44791440060772314,0.4308092255252022,-0.08912538037892957,0.6612826039462517,0.2298232783332162,1.0941637443344148,0.5710911558728408,0.44857481637373237,0.337405041905791,0.11306310516835087,-0.017931046171644007,0.08528576197894266,0.10258147763340468,0.4950091860588704,0.09914830574477665,-0.14362105236404504,0.27977862193401526,0.3584060512768635,0.9082363329191477,0.9756085136748835,0.22095302488999602,-0.11773453715933478,-1.0573723067658491,-0.6524841688213191,1.5580037600301275,0.567556534101583,-1.8747748026425541,1.1143792026220987
0.24047894668643177,0.07151718425206094,1.560106891327349,1.3165786595627875,-0.10145783778064467,0.16831975648858205,0.47874025468549836,0.053406981556641864,-0.09080732390204937,-1.3146457789622579,1.3223314112468958,-0.8348616124484616,-2.6082156861570223,1.4600400522054948,0.8313358752608305,0.7053307666695168,0.4308092255252022,1.049306159340109,0.5655219097511938,0.44728432854329064,0.07578391118665911,-0.055142049083600556,0.06808113648209532,1.1904422621507995,0.7710811700345641,0.27251611295920325,0.1535426515440485,0.17686561663699574,-0.10487592472442932,1.5008452840797317,-0.8442945591742175,0.05556126981561296,0.3071230002798409,0.47142473723091194,0.8070608671319416,0.669469147913507,0.9817377344748353,0.149934373431871,-1.3497843019711506,-0.36720956934117194,1.8400230457788074,0.3365092463949375,-1.763729538051976,1.106185090212855
-0.5853412816400599,1.0692079699690975,0.5122116743216404,1.3785826956643525,0.2871391390159519,0.8976212521890616,0.855180533070839,-0.0021072708995192612,-0.8831250691616218,-1.6960060009894937,0.6177907164851789,-0.4865336953788521,-1.1797788546831174,0.16886249665533526,0.5512818904478046,0.19694078436031967,-0.08912538037892957,0.5655219097511938,0.8975920250671487,-0.334309874319853,-0.26076231075991824,-1.6338581878161398,-0.7164546151529779,0.7722187430964256,0.4019542664558242,0.09765031899242617,0.21225409658083172,0.036371946327044526,-0.33458171906518036,1.0463374618585282,-1.0669526938194762,0.21577584572348987,-0.15201360915674864,0.020875120232882325,-0.2989634358042179,-0.6286223523459474,0.7812857564398209,0.39409141517076585,-0.15354894949319334,0.4610339594800246,-0.10764280291875207,-0.39595262049626384,0.6225382955306267,-0.22599050026226655
1.07869794936718,-1.132304494209579,1.1649862690821873,-0.22166270510704214,-0.3392317401248768,-0.9905783025720606,-0.5063564630373045,0.112929275507454,0.9712772450496042,0.4797080413883702,0.9054464322731235,-0.25608391948165354,-1.5534629179809318,1.4460180122105102,0.32535638559564584,0.7906373361612709,0.6612826039462517,0.44728432854329064,-0.334309874319853,1.111832798617229,0.4007530183467979,2.10420314838997,1.034031325220983,0.4407302202556968,0.35910492804977157,0.07065357862866538,-0.083017977533908,0.06564897556250801,0.18742975778011123,0.44841288826730036,0.5336695200637114,-0.346115049024822,0.4116864358071651,0.48712446768278733,1.4434019553870925,1.6000295333564023,0.08881332020371398,-0.3630875856595502,-1.5228872790742547,-1.13806863863671,2.2466656053809935,0.9798462917274028,-2.9380840210207064,1.6813866754559406
0.4619147878869667,-0.5683473920835911,0.3830766313965395,-0.24618847192748147,-0.1900604201480537,-0.4543829176140946,-0.2546700216152977,0.055768220519144776,0.4460632924184297,0.4530059847571889,0.21375997260132532,0.0027664769834871115,-0.3438049885938414,0.4975276146539599,0.044463132794473406,0.18470565582785653,0.2298232783332162,0.07578391118665911,-0.26076231075991824,0.4007530183467979,0.234714180957622,0.9937244812541365,0.4637294876449042,0.06043498499821297,0.07466613483305046,0.0580858170997167,-0.050424625049322165,0.06638382146951156,0.1721995645945905,0.010809172293613365,0.29251827799653085,-0.0648396241427498,0.25182380248325353,0.16877036631677558,0.4475028788601074,0.7056468401437627,-0.06916620103088113,-0.09248570886370981,-0.471727238977029,-0.4683065323507506,0.8321150408149097,0.4162048408642325,-1.1057217958230425,0.6117780517064789
2.408012962242038,-3.058483738315908,1.1506737683736892,-2.151186101384951,-0.8638763946123843,-2.7166132238664553,-1.8137668911059808,0.13855474814510363,2.529015462014075,2.928609599990994,0.5582314905396166,0.3114034815367258,-0.7444836504525966,1.9701341438057818,-0.21993359730681716,0.9415730157726627,1.0941637443344148,-0.055142049083600556,-1.6338581878161398,2.10420314838997,0.9937244812541365,5.4367059443416075,2.4826575699011877,-0.31586490081962687,-0.01648068719993709,-0.024445739079881658,-0.39131240496145664,0.04251414433627159,0.7121554452612701,-0.6932122573085042,2.2441276379732598,-0.7720549692136358,0.8761670098862343,0.6366773558245857,2.5080988645668905,3.3174541114845115,-0.8963545421797472,-1.0616582858758445,-2.0817941104774884,-2.402387735456033,3.527661187645039,2.059136451855325,-5.29218842968027,2.8037630225410997
1.1505231957168687,-1.4417944892137644,0.6577118298288861,-0.8531694749182069,-0.4213288163748848,-1.2125395767938043,-0.8240799630971023,0.10822916864401759,1.2093602880593393,1.249936429721459,0.4111511568963758,0.05842644321128069,-0.6365324707907193,1.0570424653672659,-0.011089508991538226,0.5037167574973267,0.5710911558728408,0.06808113648209532,-0.7164546151529779,1.034031325220983,0.4637294876449042,2.4826575699011877,1.1838332775050433,-0.03515803188551846,0.08663562300309285,0.02019157018679465,-0.17267526192019017,0.049060133339759796,0.338160548191447,-0.17865583096189433,0.9433780148531352,-0.3490689982924046,0.42009562553415825,0.38293865495715174,1.2660861383397768,1.5962441919370347,-0.32935739061758834,-0.4380328885559808,-1.1286504993017028,-1.1328178051562348,1.8470533783227443,0.9706618065816514,-2.6342287415284247,1.452112135635422
0.1717425018816208,0.27082228597237284,1.768948875504385,1.6504666438126077,-0.046924099688049226,0.33334862701533324,0.6782508541637431,0.08457850522175375,-0.25143473652514414,-1.6958225311168849,1.5380424626439633,-0.942504754358943,-2.9621588099806315,1.5812637806147036,0.9930531397894204,0.7994893522326075,0.44857481637373237,1.1904422621507995,0.7722187430964256,0.4407302202556968,0.06043498499821297,-0.31586490081962687,-0.03515803188551846,1.4153756882879043,0.8880810527338815,0.2998617201030931,0.2065637700913502,0.20101597831301649,-0.15768848512353026,1.7829398252039463,-1.0705914703694401,0.11045733492152243,0.3118854548176836,0.5056628744467963,0.7847870115324073,0.629918035828941,1.1738612741918373,0.2703273263466249,-1.4723608095347862,-0.3293089459009107,1.947723528104853,0.3174035450923665,-1.7847699025451291,1.170101501068877
0.20811145131115302,0.008863044080599505,1.1689032703465143,0.9721521072122596,-0.0932620994796526,0.11711282032091223,0.33049431927813866,0.07031872533398956,-0.017942677973932175,-0.9457603433617414,1.002225459198071,-0.6207777302158656,-1.9648830430142152,1.1054541236851236,0.6262037774317272,0.5306121049699876,0.337405041905791,0.7710811700345641,0.4019542664558242,0.35910492804977157,0.07466613483305046,-0.01648068719993709,0.08663562300309285,0.8880810527338815,0.5927732235356342,0.20458031595528742,0.11181787587206556,0.1448131725990058,-0.049292531624617594,1.1236516905551517,-0.6252573134658542,0.046703165907159845,0.24491131058329282,0.387559731414062,0.6157408248984468,0.5285881513867747,0.7263606504148757,0.13178747639368352,-1.032714725585291,-0.28768566493644904,1.4212231862895153,0.265856277809252,-1.3608534778313988,0.873726408735568
0.034392635441703255,-0.022580220783637934,0.42518342237126727,0.4035062565632182,-0.08244212334678992,0.1050072690984363,0.16952718178463042,0.04077403376906442,-0.03829159865901624,-0.26041705445417745,0.3073727705893428,-0.21061281954131902,-0.6450529156569247,0.380314898980814,0.22223628488470215,0.07028282435994111,0.11306310516835087,0.27251611295920325,0.09765031899242617,0.07065357862866538,0.0580858170997167,-0.024445739079881658,0.02019157018679465,0.2998617201030931,0.20458031595528742,0.17159750420581557,0.040623061334415754,0.12241572880681861,0.04197567612308982,0.3590102352375244,-0.3195999462695556,0.12164827116105047,0.14891153065592594,0.13289469938537798,0.10833981040091664,0.21201966330146432,0.2612756439687385,0.18632720411797415,-0.2985357102691294,-0.0438262927644246,0.5156778206336456,0.0664187386399745,-0.3877161552769484,0.27828810805438875
-0.13810744815663212,0.24605482313450558,0.16490010325575477,0.35539073029567514,0.053844732691617554,0.21449861734400497,0.21950057611382054,-0.0012498191627650019,-0.21087425978773144,-0.4141963322352553,0.15384190869902567,-0.13595619488705615,-0.31529784821255535,0.0710731785936556,0.14121972697878252,0.04112995033119537,-0.017931046171644007,0.1535426515440485,0.21225409658083172,-0.083017977533908,-0.050424625049322165,-0.39131240496145664,-0.17267526192019017,0.2065637700913502,0.11181787587206556,0.040623061334415754,0.057434979808823346,0.02117768501782705,-0.06574283731657064,0.27894889622887126,-0.28374695653713294,0.07076139195463113,-0.00989058497558387,0.013323691674495057,-0.08101060171044262,-0.13006313161785008,0.21499158785811898,0.10504383993874818,-0.03811633257455126,0.10995331796053225,0.011254484510928937,-0.08505796068707273,0.12705151877941234,-0.042778527841722404
0.05723864860490657,-0.06563847993101879,0.3012756119215412,0.24653606734631087,-0.07298216691618763,0.05692593612364921,0.09560933275616466,0.048640483854395754,0.016877345464552447,-0.13313533641757117,0.22464184794067202,-0.13424639781101463,-0.44590328205862073,0.2876290677834049,0.15631703191187923,0.04295033860877001,0.08528576197894266,0.17686561663699574,0.036371946327044526,0.06564897556250801,0.06638382146951156,0.04251414433627159,0.049060133339759796,0.20101597831301649,0.1448131725990058,0.12241572880681861,0.02117768501782705,0.10777703858697625,0.05673593902491055,0.23297633525062006,-0.20384081645180002,0.09406475329946046,0.13701412057437254,0.11332518825608791,0.0841601775178783,0.18338782498041628,0.15841834439108524,0.147488822070433,-0.232647218607669,-0.05033233270858608,0.399740587150712,0.06607585078418067,-0.33161379183298506,0.23457442839920845
0.29649462117341757,-0.4987251580172324,0.026731256568271838,-0.3817656759064228,-0.17971557057518964,-0.3405619031424071,-0.2844481099740062,0.04528979900491035,0.38483953204589566,0.6099532451000249,-0.09247486468746353,0.10655091517866817,0.1546475057320411,0.14473833903107527,-0.11432144796117875,-0.04678806117938724,0.10258147763340468,-0.10487592472442932,-0.33458171906518036,0.18742975778011123,0.1721995645945905,0.7121554452612701,0.338160548191447,-0.15768848512353026,-0.049292531624617594,0.04197567612308982,-0.06574283731657064,0.05673593902491055,0.19781669523811105,-0.24231408134517776,0.293143679081272,-0.009389918329850587,0.17579968688441838,0.08042109818868581,0.16871357343675578,0.41548620664300534,-0.18996014737479622,-0.052086393234906096,-0.09852449661885151,-0.24462421060370057,0.3578697915548113,0.22885061324059772,-0.5142390187079587,0.274811128466436
0.08991892377796795,0.4889690622130517,2.1671814171284622,2.159814484529916,-0.018275514485218497,0.5337234080234945,0.9198931169146717,0.08118794579217772,-0.4212577300270918,-2.285229414903049,1.882192150655006,-1.2305688483915922,-3.6856770429713612,1.8845156694126919,1.237268095821817,0.9690358794924262,0.4950091860588704,1.5008452840797317,1.0463374618585282,0.44841288826730036,0.010809172293613365,-0.6932122573085042,-0.17865583096189433,1.7829398252039463,1.1236516905551517,0.3590102352375244,0.27894889622887126,0.23297633525062006,-0.24231408134517776,2.2953407171661695,-1.4494213073354918,0.14191694978987185,0.33569736694670127,0.608085993256733,0.8737343218177474,0.5991511783248491,1.5393068506917018,0.33005729538638323,-1.7251829224685773,-0.2869142401944042,2.2487470584473637,0.2903242488347084,-1.9632660322017332,1.3029465940861302
0.8036952988864098,-1.2469670273283966,-0.8019883249079203,-1.972436896114642,-0.21061011824789974,-1.2862804151611045,-1.163233809609363,-0.026242797457776797,1.1019878996869563,2.1488052008171477,-0.7897834847113375,0.7802448038908373,1.731264815173501,-0.3614336306787268,-0.757202117353009,-0.07073077580332167,0.09914830574477665,-0.8442945591742175,-1.0669526938194762,0.5336695200637114,0.29251827799653085,2.2441276379732598,0.9433780148531352,-1.0705914703694401,-0.6252573134658542,-0.3195999462695556,-0.28374695653713294,-0.20384081645180002,0.293143679081272,-1.4494213073354918,1.6810455422435602,-0.4640749708857381,0.03215789755286465,-0.13027807583097772,0.48595572151270094,0.7708272034353034,-1.1536056369625693,-0.7015219455513351,0.17380534421097793,-0.7316872854291031,-0.07731763957264566,0.5755147543370404,-0.8025542442192556,0.24956606091948036
-0.3495519566407825,0.4001007090378852,-0.054796006928712206,0.43334500826352307,0.05804466128674669,0.46247748435273583,0.34781893556868715,0.01918815655096476,-0.3973665748834398,-0.3910783829501155,-0.04816169175632542,-0.047774438983560076,0.03296429038625607,-0.20382685374306941,0.09029113211116499,-0.2325866413273829,-0.14362105236404504,0.05556126981561296,0.21577584572348987,-0.346115049024822,-0.0648396241427498,-0.7720549692136358,-0.3490689982924046,0.11045733492152243,0.046703165907159845,0.12164827116105047,0.07076139195463113,0.09406475329946046,-0.009389918329850587,0.14191694978987185,-0.4640749708857381,0.26982515863837514,0.008306875966072304,-0.05724055792884821,-0.4734205721177843,-0.37086505285785504,0.1767201380389035,0.3446811204552387,0.2938961060077626,0.3546245711341596,-0.3677805706619832,-0.2833336419589461,0.7304123201359393,-0.35803547315762835
0.457616197496137,-0.533128948244673,0.7057632047377105,0.059755679526243194,-0.23514222682463062,-0.36778452894543884,-0.11415420142057989,0.05193860771187348,0.3857286770636903,0.15687279019783718,0.4405805495006078,-0.1977285473928995,-0.8585886678989797,0.7833747790326514,0.21311522676782588,0.255169515469765,0.27977862193401526,0.3071230002798409,-0.15201360915674864,0.4116864358071651,0.25182380248325353,0.8761670098862343,0.42009562553415825,0.3118854548176836,0.24491131058329282,0.14891153065592594,-0.00989058497558387,0.13701412057437254,0.17579968688441838,0.33569736694670127,0.03215789755286465,0.008306875966072304,0.3638819483603268,0.2636450328213375,0.5183319520525993,0.791216770879448,0.16947843168140114,-0.029312321815177563,-0.6733609467386295,-0.478306203227102,1.1620244502351817,0.4393497169503908,-1.361620446898772,0.7631083255667809
0.43735589444051626,-0.4165449879830072,0.8414218186694873,0.3358966549971642,-0.18575376955056097,-0.2411667270232522,-0.055938808305794334,0.08699430127956165,0.3512372304878766,-0.19534450653068275,0.7048006901200279,-0.35833069218751873,-1.3470883423845446,0.9393292572037636,0.369341829555865,0.43458082718129537,0.3584060512768635,0.47142473723091194,0.020875120232882325,0.48712446768278733,0.16877036631677558,0.6366773558245857,0.38293865495715174,0.5056628744467963,0.387559731414062,0.13289469938537798,0.013323691674495057,0.11332518825608791,0.08042109818868581,0.608085993256733,-0.13027807583097772,-0.05724055792884821,0.2636450328213375,0.36660122423240726,0.7133578832853956,0.7335074024057149,0.3307049019887721,-0.026793421559440922,-0.9247452825228246,-0.4584462298940923,1.3535419318267543,0.3994233097776115,-1.5153958730503811,0.9228494164742238
1.3681680311453353,-1.3897396099921906,1.7051901929506645,-0.02518959814767825,-0.43812765485260224,-1.1858373674094354,-0.5827707848018271,0.11644432147118608,1.2067605105893868,0.2729804632668718,1.3892244386312216,-0.5506179244046352,-2.5344832600303953,2.098234274146038,0.5625422605937512,1.1450710200948395,0.9082363329191477,0.8070608671319416,-0.2989634358042179,1.4434019553870925,0.4475028788601074,2.5080988645668905,1.2660861383397768,0.7847870115324073,0.6157408248984468,0.10833981040091664,-0.08101060171044262,0.0841601775178783,0.16871357343675578,0.8737343218177474,0.48595572151270094,-0.4734205721177843,0.5183319520525993,0.7133578832853956,2.040627573206875,2.031242337625837,0.32483504577448136,-0.5233829454098622,-2.186825156250102,-1.4476868652850052,3.1404145382604183,1.2289737820620095,-4.008233910025444,2.2898561611208557
1.6536104836316103,-1.848588051231582,1.8023874049264363,-0.37796252200351266,-0.6196721263611333,-1.5246565208481437,-0.7616666686996952,0.16120137351293132,1.49435358532677,0.9459708942955477,1.258944445676283,-0.34837971365608467,-2.228164714048491,2.2143048713002083,0.4494629797147668,1.0250277371421865,0.9756085136748835,0.669469147913507,-0.6286223523459474,1.6000295333564023,0.7056468401437627,3.3174541114845115,1.5962441919370347,0.629918035828941,0.5285881513867747,0.21201966330146432,-0.13006313161785008,0.18338782498041628,0.41548620664300534,0.5991511783248491,0.7708272034353034,-0.37086505285785504,0.791216770879448,0.7335074024057149,2.031242337625837,2.5537132030555725,0.1191998984947089,-0.44340541858768084,-2.19626661903156,-1.7351025072966577,3.466950121448391,1.511003925428136,-4.4489804658773595,2.5052866992096354
-0.1514315069015551,0.5338431298950704,1.330604956519485,1.5812428523840212,0.022639169892560634,0.5564511599851911,0.7488532495977078,0.023355262665062188,-0.4725363031829688,-1.6806231280381942,1.1212072941349733,-0.8494541576624894,-2.304369103394254,1.0634747622104135,0.7901920409412161,0.5022923718668509,0.22095302488999602,0.9817377344748353,0.7812857564398209,0.08881332020371398,-0.06916620103088113,-0.8963545421797472,-0.32935739061758834,1.1738612741918373,0.7263606504148757,0.2612756439687385,0.21499158785811898,0.15841834439108524,-0.18996014737479622,1.5393068506917018,-1.1536056369625693,0.1767201380389035,0.16947843168140114,0.3307049019887721,0.32483504577448136,0.1191998984947089,1.1027233875325653,0.29942871835909934,-0.8894663933277535,0.04071892856499791,1.1716951819475725,0.01650393863234279,-0.811418497033193,0.5887479662159981
-0.4452219947886207,0.5951358135102349,0.057746973336881106,0.7743093394737894,0.11651374686344888,0.7003184874171661,0.539558662293392,0.09300404011785135,-0.5565698124787694,-0.6954595238887612,0.14576043296680677,-0.10829145177463248,-0.24089522979558692,-0.1559515944838212,0.23976253183210816,-0.1982021539085787,-0.11773453715933478,0.149934373431871,0.39409141517076585,-0.3630875856595502,-0.09248570886370981,-1.0616582858758445,-0.4380328885559808,0.2703273263466249,0.13178747639368352,0.18632720411797415,0.10504383993874818,0.147488822070433,-0.052086393234906096,0.33005729538638323,-0.7015219455513351,0.3446811204552387,-0.029312321815177563,-0.026793421559440922,-0.5233829454098622,-0.44340541858768084,0.29942871835909934,0.57412567667712755,0.1915424104892504,0.44412501495326306,-0.3139682496627488,-0.35162822109931635,0.8192187968778343,-0.3076582622583147
-1.3168537797652795,1.0848126233268862,-2.4798438399220517,-0.907708856100639,0.4151677490095399,0.8216674373521957,0.11419637270409823,-0.19558974146847893,-0.9162184903857236,0.6528718057067887,-2.1100562482563596,0.947858108412599,3.8503491032032624,-2.723938432019252,-1.0769345780974975,-1.4207662870810216,-1.0573723067658491,-1.3497843019711506,-0.15354894949319334,-1.5228872790742547,-0.471727238977029,-2.0817941104774884,-1.1286504993017028,-1.4723608095347862,-1.032714725585291,-0.2985357102691294,-0.03811633257455126,-0.232647218607669,-0.09852449661885151,-1.7251829224685773,0.17380534421097793,0.2938961060077626,-0.6733609467386295,-0.9247452825228246,-2.186825156250102,-2.19626661903156,-0.8894663933277535,0.1915424104892504,2.7722703045614567,1.4808093880753297,-3.878782567201124,-1.2700111418213091,4.530647959708402,-2.7008490257012965
-1.1790428832943616,1.278038771755812,-1.1033591804845306,0.4625920390988295,0.3750879078199745,1.1557410896297196,0.622066568549062,-0.0879848258727213,-1.0701558357934453,-0.7436836740141967,-0.7977978941810425,0.1474607612162561,1.3339114806506063,-1.4227429348462004,-0.23910398115661313,-0.7556800951305789,-0.6524841688213191,-0.36720956934117194,0.4610339594800246,-1.13806863863671,-0.4683065323507506,-2.402387735456033,-1.1328178051562348,-0.3293089459009107,-0.28768566493644904,-0.0438262927644246,0.10995331796053225,-0.05033233270858608,-0.24462421060370057,-0.2869142401944042,-0.7316872854291031,0.3546245711341596,-0.478306203227102,-0.4584462298940923,-1.4476868652850052,-1.7351025072966577,0.04071892856499791,0.44412501495326306,1.4808093880753297,1.2611433171335902,-2.24887758058187,-1.0661047887428208,3.0501281505699787,-1.6770005665238323
2.0788548030169043,-2.0003823987733527,3.5882656787009695,0.9862260591393761,-0.805436943353902,-1.466183295986165,-0.37459834437467454,0.27815534175931017,1.6127971881690022,-0.3490843373704453,2.802019090361,-1.3017530517472993,-5.272211851649981,3.982057734580698,1.3809788389878355,1.8765833646409866,1.5580037600301275,1.8400230457788074,-0.10764280291875207,2.2466656053809935,0.8321150408149097,3.527661187645039,1.8470533783227443,1.947723528104853,1.4212231862895153,0.5156778206336456,0.011254484510928937,0.399740587150712,0.3578697915548113,2.2487470584473637,-0.07731763957264566,-0.3677805706619832,1.1620244502351817,1.3535419318267543,3.1404145382604183,3.466950121448391,1.1716951819475725,-0.3139682496627488,-3.878782567201124,-2.24887758058187,5.794019738524083,1.9855465104355825,-6.771057715680939,3.98446750574723
1.011433894265443,-1.1119420821989976,1.0192684784449109,-0.3437485408024529,-0.3447475636449938,-0.9876055403360529,-0.5017125687491517,0.08094950605420322,0.9211544660284544,0.6210843286247477,0.6961137267510952,-0.16388503373673308,-1.1968576290410196,1.2656346217998804,0.21515847790157505,0.638812373629913,0.567556534101583,0.3365092463949375,-0.39595262049626384,0.9798462917274028,0.4162048408642325,2.059136451855325,0.9706618065816514,0.3174035450923665,0.265856277809252,0.0664187386399745,-0.08505796068707273,0.06607585078418067,0.22885061324059772,0.2903242488347084,0.5755147543370404,-0.2833336419589461,0.4393497169503908,0.3994233097776115,1.2289737820620095,1.511003925428136,0.01650393863234279,-0.35162822109931635,-1.2700111418213091,-1.0661047887428208,1.9855465104355825,0.9304344166815129,-2.6460474919556707,1.4678366496891468
-2.8665070576809137,2.940851730518717,-3.848010496637861,-0.14654761953086043,1.0137956449470311,2.408854525213531,1.0279170498019916,-0.28327585193626903,-2.4418544861525295,-0.5767194918523186,-2.948376380416214,1.1603617397537265,5.3908799361007205,-4.538863193453177,-1.2564219397788043,-2.2528740461669687,-1.8747748026425541,-1.763729538051976,0.6225382955306267,-2.9380840210207064,-1.1057217958230425,-5.29218842968027,-2.6342287415284247,-1.7847699025451291,-1.3608534778313988,-0.3877161552769484,0.12705151877941234,-0.33161379183298506,-0.5142390187079587,-1.9632660322017332,-0.8025542442192556,0.7304123201359393,-1.361620446898772,-1.5153958730503811,-4.008233910025444,-4.4489804658773595,-0.811418497033193,0.8192187968778343,4.530647959708402,3.0501281505699787,-6.771057715680939,-2.6460474919556707,8.450935506500693,-4.82490189908372
1.5813890729854978,-1.567528243642022,2.3144170852346253,0.36000992121714853,-0.5599754791722491,-1.2083473342230995,-0.4565506985619412,0.22450983714459322,1.3056541818449299,0.08763139260416473,1.8526180340779663,-0.74587215478416,-3.3671041757303026,2.6741891507863813,0.8490087765051114,1.3276605564040473,1.1143792026220987,1.106185090212855,-0.22599050026226655,1.6813866754559406,0.6117780517064789,2.8037630225410997,1.452112135635422,1.170101501068877,0.873726408735568,0.27828810805438875,-0.042778527841722404,0.23457442839920845,0.274811128466436,1.3029465940861302,0.24956606091948036,-0.35803547315762835,0.7631083255667809,0.9228494164742238,2.2898561611208557,2.5052866992096354,0.5887479662159981,-0.3076582622583147,-2.7008490257012965,-1.6770005665238323,3.98446750574723,1.4678366496891468,-4.82490189908372,2.8442265304280228
