V1,V2,V3,V4,V5,V6,V7,V8,V9,V10,V11,V12,V13,V14,V15,V16,V17,V18,V19,V20,V21,V22,V23,V24,V25,V26,V27,V28,V29,V30,V31,V32,V33,V34,V35,V36,V37,V38,V39,V40,V41,V42,V43,V44
2961.0673667536958,-1076.233591232506,6.3515593119244285,507.5212027077834,1834.9438886860037,-4895.129425137503,2331.5912299575725,2175.7337496259806,-126.80174347460594,-616.30764724669,-8050.152030822029,-5113.979490873386,147.16785058243536,-1807.471251911273,-4195.973137302678,-3602.549683493525,-1703.2054828141488,-1521.357371511322,-9421.351905014535,-6485.806541277925,-5005.525057111975,-2632.733617682097,4528.6774208007655,5455.180134215186,4620.300403771183,-2060.5961511734176,639.6367442766943,-4223.247136157873,-612.7860473062925,-3802.728877529106,1159.1559776067493,4016.8292536228737,1642.9399840171254,2590.4070134435883,5742.072509664061,4824.1402657895605,2364.990317553925,-2835.081428668955,-265.19543795659706,-1263.7589083914822,-1849.815705688737,-292.66596789475176,-128.99060426945488,2483.0238474827433
-1076.233591232506,391.9530947378002,-3.224838337207898,-184.32550837394206,-667.2244536301445,1781.8859517080991,-848.6224527750252,-791.5775025638067,45.76874110581363,224.0067999202781,2928.8060269456623,1861.9706150262293,-54.07792914121895,657.4826562477574,1526.8246837818594,1311.3849091500106,619.8449871317828,552.8083222841682,3427.0616726988173,2358.963955276473,1821.540378320344,957.510251825851,-1647.168497181524,-1984.722562747391,-1681.257598143938,750.2457497900986,-232.99680518946377,1536.7562749745327,222.79965269508114,1383.9245972854296,-421.1881579977347,-1461.8395148333302,-597.3929161510683,-943.5174617556886,-2089.300846914284,-1755.8724607847607,-861.5390095555798,1031.2864465807654,95.3804197817394,459.88484693949863,672.8406973743936,107.61045300186682,47.59666881604149,-903.1780698978521
6.3515593119244285,-3.224838337207898,1.1479062672196578,0.9113726021514551,4.276363306282312,-13.700477440170403,6.422542212049526,5.59432034085093,0.1041033495812411,-1.3248213096791013,-20.69687280526065,-14.840834818166433,1.001248864406427,-4.528916587803298,-11.102501165705524,-10.111595866650298,-4.595656995731059,-3.069070686806145,-23.498393420795253,-15.839885413221536,-13.414857202849973,-6.387969061632422,11.081228283565082,14.011716993962409,12.25836444546362,-5.9545857519438155,1.976476015143026,-11.164663038417684,-1.4120149819496624,-10.278363820887597,2.325544459716446,10.856218382331447,3.796960418757408,7.93308520701004,15.01684211484084,13.320281691121311,7.42679205014682,-7.094426540443027,0.6604694301358979,-3.379593605673965,-4.599655459215838,-2.102336061802526,-1.1228415776793876,6.121564844750297
507.5212027077834,-184.32550837394206,0.9113726021514551,87.02810146074877,314.4538476443493,-838.5163920647088,399.40345244097625,372.77128623549186,-21.787735344917476,-105.62746023552785,-1379.2387853552236,-875.9246514587085,25.12577532020907,-309.6919368210324,-718.8369423183851,-617.0992405257048,-291.77989781680407,-260.7856102026729,-1614.2800613902498,-1111.3475182500774,-857.5186766056189,-451.12542270572345,775.9946363282132,934.6389646809589,791.5481490507128,-352.94922580712824,109.53256967989478,-723.5072693040664,-105.00972425487296,-651.4451451058831,198.6952829283795,688.1299348247233,281.5531458719355,443.6166109562462,983.7487642382728,826.3837860010487,404.99294831137695,-485.7668264680677,-45.64590237881292,-216.50403134595678,-316.95110949005164,-49.931243357859096,-21.97797100314809,425.4514185844597
1834.9438886860037,-667.2244536301445,4.276363306282312,314.4538476443493,1137.21546939603,-3034.4576278459517,1445.302836566371,1348.5689681400193,-78.46204592019325,-381.92493457084,-4989.668775162229,-3170.2807252989837,91.4178284102096,-1120.2643657532842,-2600.8578507049533,-2233.2035247709764,-1055.7524636266528,-942.7148298512138,-5839.341408382221,-4019.787934373351,-3102.6994477723633,-1631.7008350343615,2806.8095206219264,3381.262810375905,2863.876674357177,-1277.4143987362907,396.57432271027574,-2617.7629052301363,-379.76554925116545,-2357.1709094472467,718.2851468743775,2489.883026101316,1018.2021165491084,1605.9989983296157,3559.150875250428,2990.394790995962,1466.2810325992589,-1757.1819600404915,-163.97419123597373,-783.3408688124789,-1146.500079839708,-181.81705942040915,-80.20383646512218,1538.9700220391524
-4895.129425137503,1781.8859517080991,-13.700477440170403,-838.5163920647088,-3034.4576278459517,8102.011873083293,-3858.735668704591,-3599.5897130779995,208.53508116215983,1018.8787573898521,13318.445588769233,8465.66149689289,-245.33505938410534,2989.9538457442018,6942.8629310359165,5962.689586408366,2818.5083865495126,2514.5964252440945,15584.876558454942,10727.918817140804,8282.83242671883,4354.578469375991,-7490.812270720706,-9025.210404809099,-7645.048942625172,3411.039115673114,-1059.2030143554941,6988.005264812145,1013.3467704848528,6292.839821154984,-1915.8086918669117,-6647.119672446095,-2716.951778073033,-4289.434803272716,-9500.666318338532,-7983.938931620802,-3916.658666753049,4689.840965940915,434.8052346109105,2091.1890392432997,3059.8645721061375,488.2102480879916,215.73870157567592,-4107.296942850751
2331.5912299575725,-848.6224527750252,6.422542212049526,399.40345244097625,1445.302836566371,-3858.735668704591,1837.8277158603667,1714.4194595756767,-99.37649897229034,-485.30944550862733,-6343.349967078913,-4031.882311924213,116.78096811571793,-1424.077571921944,-3306.7573825815816,-2839.849289587734,-1342.3855165358477,-1197.7444784655736,-7422.890918583077,-5109.614747263065,-3944.9267005340466,-2074.0586946600893,3567.797297543423,4298.53937256733,3641.1759377996127,-1624.5438759719652,504.44525359827753,-3328.2452600112056,-482.6650716093954,-2997.123053594826,912.5319187442449,3165.8583821709362,1294.0752844925205,2042.855201599903,4524.98161068215,3802.5375793994494,1865.3122232561477,-2233.7123919885225,-207.21353888645527,-995.9836034462847,-1457.394702180972,-232.39260243885624,-102.674263745558,1956.2611386267445
2175.7337496259806,-791.5775025638067,5.59432034085093,372.77128623549186,1348.5689681400193,-3599.5897130779995,1714.4194595756767,1599.4877633714034,-92.85522388521434,-452.85620343912666,-5918.0321785257765,-3760.9384271953,108.7327073009052,-1328.6518556712313,-3084.910622659831,-2649.1160647189818,-1252.2916588942599,-1117.7305664334485,-6925.450955499175,-4767.313297044764,-3680.217515623475,-1935.1199031058432,3328.780902573144,4010.3656601491343,3396.8992432479076,-1515.3952788245604,470.5048689188462,-3104.9655417373715,-450.3452026922811,-2795.982128346114,851.6024112237085,2953.3980072076006,1207.4587256096647,1905.412135919751,4221.48884667306,3547.216909222446,1739.7346052193946,-2084.026301714383,-193.83132954081435,-929.1541919597685,-1359.7289210125832,-216.30882043024502,-95.49445018367736,1825.1942217449305
-126.80174347460594,45.76874110581363,0.1041033495812411,-21.787735344917476,-78.46204592019325,208.53508116215983,-99.37649897229034,-92.85522388521434,5.573662198448665,26.404041550739063,343.5751722209788,217.68934475970423,-6.0622097887602715,77.1858951159611,178.99242500837437,153.4677953988918,72.61400782406942,65.21507469174647,402.3438116311521,277.09762768154906,213.45249170225853,112.50057180913667,-193.46450469877968,-232.8198023487112,-197.0621141517603,87.71173134878022,-27.190364728392236,180.1529640369585,26.218542305236,162.13042989183884,-49.70068808169484,-171.253471246323,-70.26245239489467,-110.1242899418746,-244.98199002330801,-205.5869583984527,-100.48164652982643,121.0630956838648,11.767831179114044,53.889515165355185,79.0144314897004,12.035693422430827,5.238843216517649,-106.0615896899046
-616.30764724669,224.0067999202781,-1.3248213096791013,-105.62746023552785,-381.92493457084,1018.8787573898521,-485.30944550862733,-452.85620343912666,26.404041550739063,128.31554328805723,1675.5775484506044,1064.4387938833545,-30.640179934362,376.21061135524377,873.3804185484022,749.8471827370058,354.51192355649835,316.6568440149574,1960.9709706997457,1349.954307816293,1041.8535024675452,547.9742736928985,-942.5970223526897,-1135.461244020471,-961.6676835899195,428.90317799088837,-133.15923003259275,879.0474864410251,127.54679893299611,791.5064604905201,-241.2938473939482,-836.0748858872729,-341.96047014975824,-539.1931305211336,-1195.164704748458,-1004.1058382191706,-492.2637665208429,590.09961240948,55.1989212960914,263.04010130590444,385.02312350849826,60.922858405742616,26.856027689533285,-516.8439935107797
-8050.152030822029,2928.8060269456623,-20.69687280526065,-1379.2387853552236,-4989.668775162229,13318.445588769233,-6343.349967078913,-5918.0321785257765,343.5751722209788,1675.5775484506044,21896.62477172659,13915.422098723195,-402.2836196253834,4915.9555065797995,11414.137991761605,9801.710528984464,4633.4748211773895,4135.571284725546,25624.039259237183,17638.966385637603,13616.783002604594,7159.916953035516,-12316.413811286757,-14838.217683695742,-12568.469065016317,5606.927697087124,-1740.8774833694808,11488.34035138528,1666.2963434388428,10345.099309327195,-3150.8811377903835,-10927.523194025589,-4467.569646972651,-7050.0234921549445,-15619.428646122124,-13124.687377032582,-6437.043854155251,7710.837421509589,717.1259261146558,3437.862682609937,5030.978640593735,800.3542224121799,353.35807980909465,-6753.150661202203
-5113.979490873386,1861.9706150262293,-14.840834818166433,-875.9246514587085,-3170.2807252989837,8465.66149689289,-4031.882311924213,-3760.9384271953,217.68934475970423,1064.4387938833545,13915.422098723195,8845.897298165528,-256.61034632028117,3123.925225134483,7254.210743562791,6230.337420748484,2944.936506704252,2626.915629732208,16283.10864483705,11208.393647540579,8654.350768448207,4549.587410116115,-7826.310201681116,-9429.752313501702,-7987.896123285491,3564.236101213734,-1106.8386510496011,7301.367226163954,1058.692466883651,6575.13173019504,-2001.3967792144265,-6945.302680815586,-2838.5335903501623,-4482.277252839581,-9926.624558705627,-8342.211319877535,-4092.8236757180507,4899.968400118535,453.6963038965805,2184.9814285469083,3196.9507339918114,510.6990814022152,225.76979594196712,-4291.273818186922
147.16785058243536,-54.07792914121895,1.001248864406427,25.12577532020907,91.4178284102096,-245.33505938410534,116.78096811571793,108.7327073009052,-6.0622097887602715,-30.640179934362,-402.2836196253834,-256.61034632028117,7.781542765793769,-90.23973359148071,-209.86413365833423,-180.56206846190315,-85.25388512376813,-75.51324045988875,-470.34785221666857,-323.5819943619417,-250.4479982982975,-131.30989097275162,225.9729469853639,272.62616737014457,231.11661481033443,-103.39956878259912,32.176699508602375,-211.22454928224275,-30.50692832985007,-190.33832986848023,57.53001663027717,201.0714418648217,81.84650237776312,130.26299084239423,287.11168187243203,241.64534851242283,119.02210640806985,-141.5516376587419,-12.423577149785595,-63.23304559302231,-92.31499398363704,-15.480472150752702,-6.9420199445704345,123.95719510630661
-1807.471251911273,657.4826562477574,-4.528916587803298,-309.6919368210324,-1120.2643657532842,2989.9538457442018,-1424.077571921944,-1328.6518556712313,77.1858951159611,376.21061135524377,4915.9555065797995,3123.925225134483,-90.23973359148071,1103.7036902647512,2562.52738002205,2200.456597371406,1040.2209319996552,928.565218665486,5752.878818663513,3960.1784985428985,3057.009050682388,1607.509524096894,-2765.1902846614917,-3331.2972402048626,-2821.6767700599594,1258.7190369550087,-390.7959781886265,2579.183988087596,374.11204864725596,2322.498353115715,-707.4736218954863,-2453.2493797894676,-1003.0495441706254,-1582.6243696856793,-3506.647848321238,-2946.4775685278496,-1445.0057856706997,1731.173149254931,161.15636148691678,771.8121668583063,1129.5222998357756,179.52857477084447,79.2315876238795,-1516.1570872939953
-4195.973137302678,1526.8246837818594,-11.102501165705524,-718.8369423183851,-2600.8578507049533,6942.8629310359165,-3306.7573825815816,-3084.910622659831,178.99242500837437,873.3804185484022,11414.137991761605,7254.210743562791,-209.86413365833423,2562.52738002205,5950.009349517538,5109.613853644732,2415.370063118834,2155.539518616583,13356.94359551903,9194.501742683447,7098.221536675999,3732.1792005204006,-6420.064182932681,-7734.774042613606,-6551.711242778088,2922.916156343932,-907.5757451656021,5988.680950738398,868.561369542346,5392.772474753427,-1642.3029657499687,-5696.371610320646,-2328.708015064854,-3675.3553166493502,-8142.0783086055335,-6841.819547397643,-3355.834235696005,4019.4001661549814,373.4445031194402,1792.099527150494,2622.4837819155055,417.58503671620485,184.42033765224699,-3520.182956685093
-3602.549683493525,1311.3849091500106,-10.111595866650298,-617.0992405257048,-2233.2035247709764,5962.689586408366,-2839.849289587734,-2649.1160647189818,153.4677953988918,749.8471827370058,9801.710528984464,6230.337420748484,-180.56206846190315,2200.456597371406,5109.613853644732,4388.262569347395,2074.287416543075,1850.5997166102113,11469.67794299347,7895.193768364937,6095.767261083103,3204.747305304818,-5512.851373766195,-6642.096357779214,-5626.38567286817,2510.368054654227,-779.5281716925848,5142.827287055482,745.7698108470954,4631.225983401331,-1409.9296123572867,-4891.9578729950235,-1999.5282690274885,-3156.830478907436,-6992.016185452331,-5875.799994485747,-2882.498010314507,3451.4861904090785,319.96853803979616,1539.0126584714164,2251.9134805769995,359.3202580684738,158.7915231549903,-3022.754998903012
-1703.2054828141488,619.8449871317828,-4.595656995731059,-291.77989781680407,-1055.7524636266528,2818.5083865495126,-1342.3855165358477,-1252.2916588942599,72.61400782406942,354.51192355649835,4633.4748211773895,2944.936506704252,-85.25388512376813,1040.2209319996552,2415.370063118834,2074.287416543075,980.5274600964924,874.9537469156588,5422.074741512034,3732.356293320288,2881.509371089171,1515.0119493440477,-2606.131509175174,-3139.8589873879164,-2659.6496171520926,1186.599795565318,-368.44636221506624,2431.070805627572,352.5656613604338,2189.196522854096,-666.6075241751286,-2312.445846094436,-945.2874590084986,-1492.0944503300905,-3305.230334441288,-2777.463907468255,-1362.4025120166,1631.6224975064692,151.472872982727,727.5044723974149,1064.5511112043803,169.6385961180822,74.93628019005642,-1428.961407500131
-1521.357371511322,552.8083222841682,-3.069070686806145,-260.7856102026729,-942.7148298512138,2514.5964252440945,-1197.7444784655736,-1117.7305664334485,65.21507469174647,316.6568440149574,4135.571284725546,2626.915629732208,-75.51324045988875,928.565218665486,2155.539518616583,1850.5997166102113,874.9537469156588,781.7156926365758,4840.112211091128,3332.065703280596,2571.367096386431,1352.5743193594153,-2326.6034374512915,-2802.47559950649,-2373.5028278330833,1058.4757712776468,-328.5429767407786,2169.555136773794,314.8323226113989,1953.488883396656,-595.5909231341323,-2063.4656877404027,-844.0997660194421,-1330.5708193967462,-2949.825076544956,-2478.1564219880656,-1214.747449534215,1456.4803204908433,136.4435034898427,649.2049269475202,950.3165556145831,150.1564804859905,66.14369416355953,-1275.651654785186
-9421.351905014535,3427.0616726988173,-23.498393420795253,-1614.2800613902498,-5839.341408382221,15584.876558454942,-7422.890918583077,-6925.450955499175,402.3438116311521,1960.9709706997457,25624.039259237183,16283.10864483705,-470.34785221666857,5752.878818663513,13356.94359551903,11469.67794299347,5422.074741512034,4840.112211091128,29986.45515059947,20642.16422511583,15934.395095635764,8378.994408315466,-14413.379317313278,-17364.094487081366,-14707.73747878867,6560.946339693677,-2036.99577127372,13443.77263587773,1950.054038979263,12105.797258047241,-3687.674408674355,-12787.348992635538,-5228.344553052467,-8249.284992499162,-18278.121099961958,-15358.279258654256,-7531.927506935831,9023.575261258555,840.0797718451145,4022.998780735665,5887.514410465435,935.7026365616651,412.98116441263556,-7902.883255090989
-6485.806541277925,2358.963955276473,-15.839885413221536,-1111.3475182500774,-4019.787934373351,10727.918817140804,-5109.614747263065,-4767.313297044764,277.09762768154906,1349.954307816293,17638.966385637603,11208.393647540579,-323.5819943619417,3960.1784985428985,9194.501742683447,7895.193768364937,3732.356293320288,3332.065703280596,20642.16422511583,14209.82958897907,10968.68860035236,5768.017753456139,-9921.987043766065,-11953.011982865857,-10124.337860156127,4516.188819852295,-1402.1095977338482,9254.277450403977,1342.4272641934722,8333.186852265171,-2538.692321843545,-8802.339404382246,-3599.19732086623,-5678.219571234733,-12582.141784346972,-10571.997692446743,-5184.391659751925,6211.665489933481,578.6807411709733,2769.296532326661,4052.8719198540484,643.717298202618,284.0468871674219,-5440.223672866508
-5005.525057111975,1821.540378320344,-13.414857202849973,-857.5186766056189,-3102.6994477723633,8282.83242671883,-3944.9267005340466,-3680.217515623475,213.45249170225853,1041.8535024675452,13616.783002604594,8654.350768448207,-250.4479982982975,3057.009050682388,7098.221536675999,6095.767261083103,2881.509371089171,2571.367096386431,15934.395095635764,10968.68860035236,8468.109371572094,4452.341393651394,-7658.895384300276,-9227.361713609158,-7816.103941788751,3487.0704388631434,-1082.7449746282139,7144.359956060091,1036.143477976236,6433.517241779517,-1959.092785529818,-6795.714443536532,-2778.0240410090696,-4384.776052131837,-9713.315922185513,-8162.255962767853,-4003.6397823586735,4795.01603923675,445.3057927042568,2137.959071690801,3128.5335975114454,498.3530546557403,220.1230751616241,-4199.402781874289
-2632.733617682097,957.510251825851,-6.387969061632422,-451.12542270572345,-1631.7008350343615,4354.578469375991,-2074.0586946600893,-1935.1199031058432,112.50057180913667,547.9742736928985,7159.916953035516,4549.587410116115,-131.30989097275162,1607.509524096894,3732.1792005204006,3204.747305304818,1515.0119493440477,1352.5743193594153,8378.994408315466,5768.017753456139,4452.341393651394,2341.3571761564504,-4027.504847625721,-4851.891654042686,-4109.609032309109,1833.1528932036408,-569.1155094011624,3756.4424765482127,544.9239775871945,3382.5530843477736,-1030.5057979367243,-3572.97418311762,-1460.9861207627603,-2304.8161358323296,-5107.268364629338,-4291.303312206014,-2104.37457209015,2521.4136171614055,234.93769588470235,1124.09483511154,1645.1390585581478,261.24596727850405,115.2679783350596,-2208.261457540033
4528.6774208007655,-1647.168497181524,11.081228283565082,775.9946363282132,2806.8095206219264,-7490.812270720706,3567.797297543423,3328.780902573144,-193.46450469877968,-942.5970223526897,-12316.413811286757,-7826.310201681116,225.9729469853639,-2765.1902846614917,-6420.064182932681,-5512.851373766195,-2606.131509175174,-2326.6034374512915,-14413.379317313278,-9921.987043766065,-7658.895384300276,-4027.504847625721,6928.0322058188685,8346.212773791704,7069.3321478137095,-3153.46363963036,979.0354138263763,-6461.80619106039,-937.3343412830058,-5818.668590452179,1772.6302354405589,6146.255364918968,2513.133640429984,3964.863529688287,8785.496480782072,7381.927370026666,3620.0414223129374,-4337.2912368848265,-404.03690154098484,-1933.6640614908724,-2829.903818084894,-449.51582700230773,-198.36320637959653,3798.6425091547007
5455.180134215186,-1984.722562747391,14.011716993962409,934.6389646809589,3381.262810375905,-9025.210404809099,4298.53937256733,4010.3656601491343,-232.8198023487112,-1135.461244020471,-14838.217683695742,-9429.752313501702,272.62616737014457,-3331.2972402048626,-7734.774042613606,-6642.096357779214,-3139.8589873879164,-2802.47559950649,-17364.094487081366,-11953.011982865857,-9227.361713609158,-4851.891654042686,8346.212773791704,10055.17417284813,8516.985144188335,-3799.5404831396954,1179.7221220558197,-7785.064949338728,-1129.1466239658228,-7010.337058876984,2135.242128559215,7405.012122334783,3027.4484988564004,4777.448658531308,10584.497055416861,8893.895520792965,4362.00826158653,-5225.2431958254265,-486.00861161211355,-2329.649483461746,-3409.219842369874,-542.3498432571673,-239.4501450968701,4576.312108434317
4620.300403771183,-1681.257598143938,12.25836444546362,791.5481490507128,2863.876674357177,-7645.048942625172,3641.1759377996127,3396.8992432479076,-197.0621141517603,-961.6676835899195,-12568.469065016317,-7987.896123285491,231.11661481033443,-2821.6767700599594,-6551.711242778088,-5626.38567286817,-2659.6496171520926,-2373.5028278330833,-14707.73747878867,-10124.337860156127,-7816.103941788751,-4109.609032309109,7069.3321478137095,8516.985144188335,7214.333566985952,-3218.5466394007494,999.343651061206,-6594.294851622966,-956.3833788819903,-5938.164736712611,1808.3391908510616,6272.48550230374,2564.2034489503803,4047.0659511894073,8965.496361837686,7533.771256073004,3695.2668638264568,-4425.889527477713,-411.1660020529754,-1973.3508280296423,-2887.691973843816,-459.84546446657515,-203.0861479896916,3876.1473773929956
-2060.5961511734176,750.2457497900986,-5.9545857519438155,-352.94922580712824,-1277.4143987362907,3411.039115673114,-1624.5438759719652,-1515.3952788245604,87.71173134878022,428.90317799088837,5606.927697087124,3564.236101213734,-103.39956878259912,1258.7190369550087,2922.916156343932,2510.368054654227,1186.599795565318,1058.4757712776468,6560.946339693677,4516.188819852295,3487.0704388631434,1833.1528932036408,-3153.46363963036,-3799.5404831396954,-3218.5466394007494,1436.1404167292271,-445.97963952499373,2941.916315131477,426.56680616086544,2649.2984850801226,-806.445098692471,-2798.460541694253,-1143.733831494045,-1806.0228803027007,-3999.7173057586983,-3361.2916538605436,-1649.091772673718,1974.3467336742103,182.84706222843664,880.3890872794526,1288.1360242216106,205.74430781853803,90.95715728604614,-1729.0966609934612
639.6367442766943,-232.99680518946377,1.976476015143026,109.53256967989478,396.57432271027574,-1059.2030143554941,504.44525359827753,470.5048689188462,-27.190364728392236,-133.15923003259275,-1740.8774833694808,-1106.8386510496011,32.176699508602375,-390.7959781886265,-907.5757451656021,-779.5281716925848,-368.44636221506624,-328.5429767407786,-2036.99577127372,-1402.1095977338482,-1082.7449746282139,-569.1155094011624,979.0354138263763,1179.7221220558197,999.343651061206,-445.97963952499373,138.53170078634236,-913.475039508226,-132.42622444518304,-822.6276456346382,250.34112968289216,868.9409511868143,355.06249539779867,560.9094134620952,1241.8894349610723,1043.7353149579653,512.168608378507,-612.9826558987821,-56.62837738997556,-273.35959484742165,-399.92576914953423,-64.03457245921092,-28.33812324615373,536.8515033560852
-4223.247136157873,1536.7562749745327,-11.164663038417684,-723.5072693040664,-2617.7629052301363,6988.005264812145,-3328.2452600112056,-3104.9655417373715,180.1529640369585,879.0474864410251,11488.34035138528,7301.367226163954,-211.22454928224275,2579.183988087596,5988.680950738398,5142.827287055482,2431.070805627572,2169.555136773794,13443.77263587773,9254.277450403977,7144.359956060091,3756.4424765482127,-6461.80619106039,-7785.064949338728,-6594.294851622966,2941.916315131477,-913.475039508226,6027.622730450087,874.2089068134167,5427.83555433433,-1652.9744987442698,-5733.398260570697,-2343.8551493769296,-3699.2507364888766,-8195.016378129785,-6886.293109161846,-3377.6411911768196,4045.524140933635,375.8726420847375,1803.7472117958146,2639.5212271193577,420.30555987030647,185.6202985086028,-3543.0664253647674
-612.7860473062925,222.79965269508114,-1.4120149819496624,-105.00972425487296,-379.76554925116545,1013.3467704848528,-482.6650716093954,-450.3452026922811,26.218542305236,127.54679893299611,1666.2963434388428,1058.692466883651,-30.50692832985007,374.11204864725596,868.561369542346,745.7698108470954,352.5656613604338,314.8323226113989,1950.054038979263,1342.4272641934722,1036.143477976236,544.9239775871945,-937.3343412830058,-1129.1466239658228,-956.3833788819903,426.56680616086544,-132.42622444518304,874.2089068134167,126.8395796205169,787.1739024590895,-239.86469245989477,-831.4828189515002,-340.03734158759767,-536.3050892028233,-1188.5757505910324,-998.6419280733331,-489.6535545868689,586.8050514536587,54.75738007543964,261.59666558552414,382.8809974853272,60.71094513746457,26.774718583289,-513.9304304650756
-3802.728877529106,1383.9245972854296,-10.278363820887597,-651.4451451058831,-2357.1709094472467,6292.839821154984,-2997.123053594826,-2795.982128346114,162.13042989183884,791.5064604905201,10345.099309327195,6575.13173019504,-190.33832986848023,2322.498353115715,5392.772474753427,4631.225983401331,2189.196522854096,1953.488883396656,12105.797258047241,8333.186852265171,6433.517241779517,3382.5530843477736,-5818.668590452179,-7010.337058876984,-5938.164736712611,2649.2984850801226,-822.6276456346382,5427.83555433433,787.1739024590895,4887.798070565727,-1488.3337643721989,-5162.963449667809,-2110.527819616853,-3331.3779445187884,-7379.55041113294,-6201.2061777078325,-3041.804301797466,3642.9028063820133,338.1951005330397,1624.2833465933595,2376.818808689478,378.75118629891847,167.30794379102514,-3190.4176672063963
1159.1559776067493,-421.1881579977347,2.325544459716446,198.6952829283795,718.2851468743775,-1915.8086918669117,912.5319187442449,851.6024112237085,-49.70068808169484,-241.2938473939482,-3150.8811377903835,-2001.3967792144265,57.53001663027717,-707.4736218954863,-1642.3029657499687,-1409.9296123572867,-666.6075241751286,-595.5909231341323,-3687.674408674355,-2538.692321843545,-1959.092785529818,-1030.5057979367243,1772.6302354405589,2135.242128559215,1808.3391908510616,-806.445098692471,250.34112968289216,-1652.9744987442698,-239.86469245989477,-1488.3337643721989,453.8513872096895,1572.1329363572333,643.1154097309682,1013.7413081748639,2247.453472958444,1888.0524509957947,925.4566539255119,-1109.7003087900814,-104.0212656118561,-494.614091623633,-724.0446236231627,-114.35492763227222,-50.37804114095958,971.9561813546177
4016.8292536228737,-1461.8395148333302,10.856218382331447,688.1299348247233,2489.883026101316,-6647.119672446095,3165.8583821709362,2953.3980072076006,-171.253471246323,-836.0748858872729,-10927.523194025589,-6945.302680815586,201.0714418648217,-2453.2493797894676,-5696.371610320646,-4891.9578729950235,-2312.445846094436,-2063.4656877404027,-12787.348992635538,-8802.339404382246,-6795.714443536532,-3572.97418311762,6146.255364918968,7405.012122334783,6272.48550230374,-2798.460541694253,868.9409511868143,-5733.398260570697,-831.4828189515002,-5162.963449667809,1572.1329363572333,5453.6504638932,2229.3440373756825,3518.9279174464555,7795.004602782765,6550.323317906625,3213.058423079323,-3848.006438799144,-357.24215079777133,-1715.7331490425563,-2510.6289700167254,-400.06107659037286,-176.71638360555482,3370.047884900658
1642.9399840171254,-597.3929161510683,3.796960418757408,281.5531458719355,1018.2021165491084,-2716.951778073033,1294.0752844925205,1207.4587256096647,-70.26245239489467,-341.96047014975824,-4467.569646972651,-2838.5335903501623,81.84650237776312,-1003.0495441706254,-2328.708015064854,-1999.5282690274885,-945.2874590084986,-844.0997660194421,-5228.344553052467,-3599.19732086623,-2778.0240410090696,-1460.9861207627603,2513.133640429984,3027.4484988564004,2564.2034489503803,-1143.733831494045,355.06249539779867,-2343.8551493769296,-340.03734158759767,-2110.527819616853,643.1154097309682,2229.3440373756825,911.6850114606282,1437.9407183368928,3186.744183215356,2677.4909200040156,1312.8458373315223,-1573.3126195106672,-146.8120072786223,-701.3780658500443,-1026.5266950973562,-162.80048224802283,-71.80045307630364,1377.945208829095
2590.4070134435883,-943.5174617556886,7.93308520701004,443.6166109562462,1605.9989983296157,-4289.434803272716,2042.855201599903,1905.412135919751,-110.1242899418746,-539.1931305211336,-7050.0234921549445,-4482.277252839581,130.26299084239423,-1582.6243696856793,-3675.3553166493502,-3156.830478907436,-1492.0944503300905,-1330.5708193967462,-8249.284992499162,-5678.219571234733,-4384.776052131837,-2304.8161358323296,3964.863529688287,4777.448658531308,4047.0659511894073,-1806.0228803027007,560.9094134620952,-3699.2507364888766,-536.3050892028233,-3331.3779445187884,1013.7413081748639,3518.9279174464555,1437.9407183368928,2271.395437388916,5029.273223230672,4226.805545612067,2074.0788061313947,-2482.4040783421315,-229.34628651976433,-1107.0322279678207,-1619.60146994364,-259.2712451471535,-114.69896834639272,2174.038472120595
5742.072509664061,-2089.300846914284,15.01684211484084,983.7487642382728,3559.150875250428,-9500.666318338532,4524.98161068215,4221.48884667306,-244.98199002330801,-1195.164704748458,-15619.428646122124,-9926.624558705627,287.11168187243203,-3506.647848321238,-8142.0783086055335,-6992.016185452331,-3305.230334441288,-2949.825076544956,-18278.121099961958,-12582.141784346972,-9713.315922185513,-5107.268364629338,8785.496480782072,10584.497055416861,8965.496361837686,-3999.7173057586983,1241.8894349610723,-8195.016378129785,-1188.5757505910324,-7379.55041113294,2247.453472958444,7795.004602782765,3186.744183215356,5029.273223230672,11141.820092386764,9362.401639314792,4592.017073897087,-5500.287537560686,-511.22752071415016,-2452.3424426695406,-3588.6817408946213,-571.2460451026614,-252.24899566388274,4817.1549728599775
4824.1402657895605,-1755.8724607847607,13.320281691121311,826.3837860010487,2990.394790995962,-7983.938931620802,3802.5375793994494,3547.216909222446,-205.5869583984527,-1004.1058382191706,-13124.687377032582,-8342.211319877535,241.64534851242283,-2946.4775685278496,-6841.819547397643,-5875.799994485747,-2777.463907468255,-2478.1564219880656,-15358.279258654256,-10571.997692446743,-8162.255962767853,-4291.303312206014,7381.927370026666,8893.895520792965,7533.771256073004,-3361.2916538605436,1043.7353149579653,-6886.293109161846,-998.6419280733331,-6201.2061777078325,1888.0524509957947,6550.323317906625,2677.4909200040156,4226.805545612067,9362.401639314792,7867.642946352134,3859.4518549538802,-4621.646884240809,-428.7079678865446,-2060.7427551889905,-3015.3972795481727,-480.8665893500357,-212.46505574797763,4047.5768208467657
2364.990317553925,-861.5390095555798,7.42679205014682,404.99294831137695,1466.2810325992589,-3916.658666753049,1865.3122232561477,1739.7346052193946,-100.48164652982643,-492.2637665208429,-6437.043854155251,-4092.8236757180507,119.02210640806985,-1445.0057856706997,-3355.834235696005,-2882.498010314507,-1362.4025120166,-1214.747449534215,-7531.927506935831,-5184.391659751925,-4003.6397823586735,-2104.37457209015,3620.0414223129374,4362.00826158653,3695.2668638264568,-1649.091772673718,512.168608378507,-3377.6411911768196,-489.6535545868689,-3041.804301797466,925.4566539255119,3213.058423079323,1312.8458373315223,2074.0788061313947,4592.017073897087,3859.4518549538802,1893.984082575983,-2266.5393812808175,-209.16955870541764,-1010.8098250761024,-1478.7730200750127,-236.93490030513166,-104.84488033434693,1984.9300788378607
-2835.081428668955,1031.2864465807654,-7.094426540443027,-485.7668264680677,-1757.1819600404915,4689.840965940915,-2233.7123919885225,-2084.026301714383,121.0630956838648,590.09961240948,7710.837421509589,4899.968400118535,-141.5516376587419,1731.173149254931,4019.4001661549814,3451.4861904090785,1631.6224975064692,1456.4803204908433,9023.575261258555,6211.665489933481,4795.01603923675,2521.4136171614055,-4337.2912368848265,-5225.2431958254265,-4425.889527477713,1974.3467336742103,-612.9826558987821,4045.524140933635,586.8050514536587,3642.9028063820133,-1109.7003087900814,-3848.006438799144,-1573.3126195106672,-2482.4040783421315,-5500.287537560686,-4621.646884240809,-2266.5393812808175,2715.3995112848893,252.78515370871898,1210.6116664670083,1771.683262224192,281.58472554325846,124.27932611960422,-2378.152028798375
-265.19543795659706,95.3804197817394,0.6604694301358979,-45.64590237881292,-163.97419123597373,434.8052346109105,-207.21353888645527,-193.83132954081435,11.767831179114044,55.1989212960914,717.1259261146558,453.6963038965805,-12.423577149785595,161.15636148691678,373.4445031194402,319.96853803979616,151.472872982727,136.4435034898427,840.0797718451145,578.6807411709733,445.3057927042568,234.93769588470235,-404.03690154098484,-486.00861161211355,-411.1660020529754,182.84706222843664,-56.62837738997556,375.8726420847375,54.75738007543964,338.1951005330397,-104.0212656118561,-357.24215079777133,-146.8120072786223,-229.34628651976433,-511.22752071415016,-428.7079678865446,-209.16955870541764,252.78515370871898,25.143141412616913,112.4278553269757,164.96877638729094,24.553895647480143,10.610445302313884,-221.4904312100359
-1263.7589083914822,459.88484693949863,-3.379593605673965,-216.50403134595678,-783.3408688124789,2091.1890392432997,-995.9836034462847,-929.1541919597685,53.889515165355185,263.04010130590444,3437.862682609937,2184.9814285469083,-63.23304559302231,771.8121668583063,1792.099527150494,1539.0126584714164,727.5044723974149,649.2049269475202,4022.998780735665,2769.296532326661,2137.959071690801,1124.09483511154,-1933.6640614908724,-2329.649483461746,-1973.3508280296423,880.3890872794526,-273.35959484742165,1803.7472117958146,261.59666558552414,1624.2833465933595,-494.614091623633,-1715.7331490425563,-701.3780658500443,-1107.0322279678207,-2452.3424426695406,-2060.7427551889905,-1010.8098250761024,1210.6116664670083,112.4278553269757,539.7806512430119,789.8644360784562,125.81916517102258,55.56893497831361,-1060.235447117525
-1849.815705688737,672.8406973743936,-4.599655459215838,-316.95110949005164,-1146.500079839708,3059.8645721061375,-1457.394702180972,-1359.7289210125832,79.0144314897004,385.02312350849826,5030.978640593735,3196.9507339918114,-92.31499398363704,1129.5222998357756,2622.4837819155055,2251.9134805769995,1064.5511112043803,950.3165556145831,5887.514410465435,4052.8719198540484,3128.5335975114454,1645.1390585581478,-2829.903818084894,-3409.219842369874,-2887.691973843816,1288.1360242216106,-399.92576914953423,2639.5212271193577,382.8809974853272,2376.818808689478,-724.0446236231627,-2510.6289700167254,-1026.5266950973562,-1619.60146994364,-3588.6817408946213,-3015.3972795481727,-1478.7730200750127,1771.683262224192,164.96877638729094,789.8644360784562,1155.972631701703,183.6691806611183,81.06004826891962,-1551.6286358277112
-292.66596789475176,107.61045300186682,-2.102336061802526,-49.931243357859096,-181.81705942040915,488.2102480879916,-232.39260243885624,-216.30882043024502,12.035693422430827,60.922858405742616,800.3542224121799,510.6990814022152,-15.480472150752702,179.52857477084447,417.58503671620485,359.3202580684738,169.6385961180822,150.1564804859905,935.7026365616651,643.717298202618,498.3530546557403,261.24596727850405,-449.51582700230773,-542.3498432571673,-459.84546446657515,205.74430781853803,-64.03457245921092,420.30555987030647,60.71094513746457,378.75118629891847,-114.35492763227222,-400.06107659037286,-162.80048224802283,-259.2712451471535,-571.2460451026614,-480.8665893500357,-236.93490030513166,281.58472554325846,24.553895647480143,125.81916517102258,183.6691806611183,30.943350885448222,13.895115826501419,-246.5400865335921
-128.99060426945488,47.59666881604149,-1.1228415776793876,-21.97797100314809,-80.20383646512218,215.73870157567592,-102.674263745558,-95.49445018367736,5.238843216517649,26.856027689533285,353.35807980909465,225.76979594196712,-6.9420199445704345,79.2315876238795,184.42033765224699,158.7915231549903,74.93628019005642,66.14369416355953,412.98116441263556,284.0468871674219,220.1230751616241,115.2679783350596,-198.36320637959653,-239.4501450968701,-203.0861479896916,90.95715728604614,-28.33812324615373,185.6202985086028,26.774718583289,167.30794379102514,-50.37804114095958,-176.71638360555482,-71.80045307630364,-114.69896834639272,-252.24899566388274,-212.46505574797763,-104.84488033434693,124.27932611960422,10.610445302313884,55.56893497831361,81.06004826891962,13.895115826501419,6.284809363168973,-108.80108994319295
2483.0238474827433,-903.1780698978521,6.121564844750297,425.4514185844597,1538.9700220391524,-4107.296942850751,1956.2611386267445,1825.1942217449305,-106.0615896899046,-516.8439935107797,-6753.150661202203,-4291.273818186922,123.95719510630661,-1516.1570872939953,-3520.182956685093,-3022.754998903012,-1428.961407500131,-1275.651654785186,-7902.883255090989,-5440.223672866508,-4199.402781874289,-2208.261457540033,3798.6425091547007,4576.312108434317,3876.1473773929956,-1729.0966609934612,536.8515033560852,-3543.0664253647674,-513.9304304650756,-3190.4176672063963,971.9561813546177,3370.047884900658,1377.945208829095,2174.038472120595,4817.1549728599775,4047.5768208467657,1984.9300788378607,-2378.152028798375,-221.4904312100359,-1060.235447117525,-1551.6286358277112,-246.5400865335921,-108.80108994319295,2082.8625624406723
