V1,V2,V3,V4,V5,V6,V7,V8,V9,V10,V11,V12,V13,V14,V15,V16,V17,V18,V19,V20,V21,V22,V23,V24,V25,V26,V27,V28,V29,V30,V31,V32,V33,V34,V35,V36,V37,V38,V39,V40,V41,V42,V43,V44
135.07855702328266,589.3961152140125,-758.9109171383619,-1009.7082245382077,374.8014701507538,-435.9345235137277,400.2428971388332,172.42109077970744,-184.9416534899443,350.04855520833877,-104.88297916271523,352.9288789019099,816.6566858655342,-42.139436996268536,266.4276206968427,-364.5139048208151,1317.392690910594,357.21516851385593,211.21915162039485,1001.5006084201261,501.9151357663504,-517.1037498507396,-118.65253872781057,252.89364115304184,-553.1863657708877,651.3327706561602,-932.5680638766,-473.2233976279347,135.0563716556101,-90.32062474990033,403.72670033057716,-1051.1069178512682,-181.81187763928355,-376.904478561793,-665.7342020900306,47.43631024528022,-14.00640671707676,-270.36400855112254,346.17728125949395,-184.77229052560858,99.95227888407929,203.76654812672135,-312.9358023446947,-29.569070512725478
589.3961152140125,2572.662397782236,-3313.090459396457,-4407.139466743876,1635.6413349920203,-1902.9355937054177,1746.4800808133884,751.6543669360124,-807.422473521167,1528.4658374179394,-457.28692652519493,1540.5975059252082,3564.848822834317,-183.68948678638364,1163.0675637622385,-1590.8356537321495,5749.939110827868,1559.7027827819318,922.6615636307383,4371.194534471919,2190.1710225927613,-2256.8682559378726,-518.2984975720096,1103.563664021724,-2415.1213170477176,2842.263148470646,-4070.3847733185166,-2065.8175575215023,590.0885285240078,-394.8558676622286,1762.7223657879345,-4588.430088078906,-793.9053948983835,-1644.959625954123,-2905.788704624862,207.04484805162608,-60.99548456698553,-1180.9254278137003,1510.8462373410944,-806.1367076083872,435.882601617901,889.8682245604842,-1365.0189564334894,-129.1220111324189
-758.9109171383619,-3313.090459396457,4266.9448285921835,5675.451105724305,-2106.170814855938,2450.697369124791,-2248.7765496829156,-967.3770650170927,1039.9146170402685,-1968.7052822095,588.5638175132956,-1984.0522911931014,-4590.973365363499,236.39261849348867,-1497.8789998072302,2048.540895428664,-7404.583405288998,-2008.8987002174767,-1188.6629671613523,-5629.089186048412,-2820.121958191903,2906.2597723898116,667.7130254699448,-1420.980622666978,3110.533624331446,-3659.8078296425065,5241.7513776631495,2660.540922244367,-760.2968122992098,508.9010369623659,-2270.3688970093717,5909.300041124449,1022.5931828315421,2118.2649777913407,3742.0388681462564,-266.6236780708798,78.46552063214112,1521.3369401340708,-1945.5753894874786,1037.9013045596587,-561.0772119379143,-1146.2671784159152,1757.295983736823,166.311295705716
-1009.7082245382077,-4407.139466743876,5675.451105724305,7549.756081261562,-2802.025353242098,3259.8289426158967,-2991.934957496718,-1287.8134600804876,1383.1366668450703,-2618.2665889713103,783.4648236141719,-2639.128003735194,-6106.787415594729,314.7163241297567,-1992.385912087201,2725.2527795152605,-9850.100967838296,-2671.784297725914,-1580.4423516542076,-7488.198009259394,-3752.0234080943997,3866.20815656939,887.8084948279213,-1890.5395218811566,4137.170561188253,-4869.122644392972,6972.879159497929,3538.8345640260736,-1010.7507310973059,676.2967012667125,-3019.5678516540015,7860.202812046747,1359.9576692380774,2817.9688717650797,4977.825659862008,-354.68446601503763,104.51650100572712,2022.8466896767745,-2588.2099828577143,1381.0399020659218,-746.7713362113212,-1524.3211194310084,2338.5377959595935,221.18958818993866
374.8014701507538,1635.6413349920203,-2106.170814855938,-2802.025353242098,1040.056691637552,-1209.7810676162696,1110.6100263489961,478.3008884454926,-513.2670341322557,971.5383056349244,-290.9640558137965,979.4372078022109,2266.3611352025,-116.89697655443318,739.3998179012995,-1011.5163744396087,3655.839553270601,991.4186694257933,586.2960811228493,2779.2198102023676,1392.7321356872376,-1434.965582366248,-329.35528573696246,701.7563001761455,-1535.2574468239882,1807.3727090621653,-2587.943730127877,-1313.2852631291873,374.9061570099732,-250.766187862257,1120.4821112087923,-2917.02546261053,-504.61744389642155,-1045.9151988314993,-1847.4724664933524,131.64067882826552,-38.83647913599162,-750.4388426715183,960.6336482058051,-512.6923717424323,277.30164275573776,565.5652808939925,-868.2467550903724,-82.07938926044997
-435.9345235137277,-1902.9355937054177,2450.697369124791,3259.8289426158967,-1209.7810676162696,1407.5858836847972,-1291.7343674486779,-555.813525794104,597.2598019263728,-1130.6575849209032,338.1493352254737,-1139.5583714932593,-2636.867071643631,135.82559074953224,-860.3154697132554,1176.6655208545383,-4253.028731676335,-1153.755986753495,-682.5977013356368,-3233.222754057979,-1619.9060119213727,1669.3135689505002,383.4408873823592,-816.2254483232853,1786.4987602809922,-2102.222209190757,3010.729880014067,1528.081450706491,-436.57991173465206,292.1748834323739,-1303.9283018505357,3394.0288446197496,587.2826827482437,1216.7034808435199,2149.326756403963,-153.1449070486238,45.095336359353446,873.6523926844038,-1117.5063445180085,596.2106432528195,-322.33773112667404,-658.2890047774038,1009.5106217917191,95.51016058837246
400.2428971388332,1746.4800808133884,-2248.7765496829156,-2991.934957496718,1110.6100263489961,-1291.7343674486779,1186.005702870069,510.93036995806347,-548.0039671043578,1037.2484452759293,-310.7957264310971,1045.7837755105597,2419.885740402369,-124.8774071785247,789.4831473344772,-1080.1126107682517,3903.6524441320835,1058.4934167801862,625.8616616168127,2967.6128162251644,1487.2527936773117,-1532.261025538454,-351.5841655431887,749.3773172553265,-1639.1763844561005,1930.0217050816855,-2763.3499737337597,-1402.2210150437895,400.17645283344535,-267.61456791863117,1196.2893074499466,-3114.590067595343,-538.7390359965478,-1116.834425632728,-1972.6867391420742,140.56461617757876,-41.50127736785253,-801.0998445008005,1025.7647905159022,-547.5253989325662,296.1831767224769,603.7794057958844,-927.2945671777999,-87.62970585763054
172.42109077970744,751.6543669360124,-967.3770650170927,-1287.8134600804876,478.3008884454926,-555.813525794104,510.93036995806347,220.7629582696628,-235.6962253923591,445.93952418780077,-134.24205000784397,450.00173934379063,1041.2884602304707,-53.974940980236454,339.6703692616853,-465.07150350541576,1680.392402271939,455.1253593330176,268.70952722579483,1277.4441699379008,640.649482017488,-659.6681199081337,-150.96684892228853,322.8015413160531,-705.0117906579177,831.3241248557117,-1189.4717838977529,-603.2533053736897,171.69174493144084,-114.60525577427107,514.4068583409112,-1340.0566862608218,-231.59038977294273,-480.8499883304796,-849.0879528874846,60.5104054315988,-17.982710991092535,-344.0178031075896,441.6187345835484,-235.99807707635057,127.83868419348346,259.45154040699794,-399.922085496373,-37.682451643896904
-184.9416534899443,-807.422473521167,1039.9146170402685,1383.1366668450703,-513.2670341322557,597.2598019263728,-548.0039671043578,-235.6962253923591,253.44752283465414,-479.82029118900647,143.40552812822338,-483.53415001754826,-1118.865211385928,57.59384015752213,-365.0473127035237,499.2304419964187,-1804.527044938589,-489.6099295881492,-289.73087328906064,-1371.8301712303673,-687.2455445958514,708.2607431635532,162.75083690477314,-346.2839839366782,758.0891178244353,-891.8724488164232,1277.4406109333231,648.4093734622069,-185.32732312399597,124.06232625437536,-553.3387308719318,1440.1660324327916,249.2310406988334,516.2236242579476,911.95389116904,-64.97604270393259,19.113986009752278,370.81446483034637,-474.14254220764843,252.9189845175271,-136.71366837377477,-279.3841035191652,428.2071304059493,40.532481479442026
350.04855520833877,1528.4658374179394,-1968.7052822095,-2618.2665889713103,971.5383056349244,-1130.6575849209032,1037.2484452759293,445.93952418780077,-479.82029118900647,908.4416941328391,-271.3363921361499,915.3608066788662,2118.086633955133,-108.96443698907689,691.0772063091204,-944.992169653212,3415.909620607333,926.9641979777409,548.6430672202722,2596.835746559056,1300.807333891328,-1340.6914051495899,-308.1864154311779,655.4455016267,-1435.2071336178572,1688.1441713353531,-2418.1695208598517,-1227.513638487339,350.9746964404802,-235.0093950953792,1047.6016780261186,-2726.3714637361923,-471.87859928019475,-977.1698388098577,-1726.3260530439495,123.00041860496664,-36.14790204437733,-702.1648168869499,897.5135723821022,-478.6831550742216,258.6990005129983,528.9885833212534,-810.3750849862259,-76.74130251137986
-104.88297916271523,-457.28692652519493,588.5638175132956,783.4648236141719,-290.9640558137965,338.1493352254737,-310.7957264310971,-134.24205000784397,143.40552812822338,-271.3363921361499,81.63729884599516,-273.77691976686,-633.5108761242477,32.818938615693014,-206.65060748522515,282.9231263377671,-1022.2875553289547,-276.9182326298913,-163.522461299842,-777.1469497884553,-389.71320199847185,401.30801428644475,91.87106692843066,-196.36593188776476,428.94504134985647,-505.7045696547887,723.6357513699564,367.0227916929922,-104.49287916621337,69.76552015316152,-312.9892194701599,815.2884985299614,140.91522520086318,292.5254082327215,516.5572811526886,-36.81124780135612,10.930140025287397,209.34836534074333,-268.66048709012364,143.5497754508232,-77.74768622441465,-157.8783729544127,243.23976392074772,22.929404636590373
352.9288789019099,1540.5975059252082,-1984.0522911931014,-2639.128003735194,979.4372078022109,-1139.5583714932593,1045.7837755105597,450.00173934379063,-483.53415001754826,915.3608066788662,-273.77691976686,922.5751365515536,2134.7785770358914,-109.96818827353908,696.4965520692043,-952.6192179417573,3443.219030737664,934.059150729936,552.6075972594366,2617.5887868419513,1311.4762584378905,-1351.4613053557366,-310.42122755244986,660.8156148433555,-1446.3166393875913,1701.9541469466808,-2437.4636471150707,-1237.1136441414333,353.43637721171314,-236.52844193225363,1055.6407203824892,-2747.7637050358603,-475.4538502158158,-985.0353088788065,-1740.0740356480587,123.98275430091243,-36.510347176058296,-707.2792562136863,904.7287763314591,-482.69585661466766,260.9740463086426,532.9389283145703,-817.3094762712477,-77.32718733585536
816.6566858655342,3564.848822834317,-4590.973365363499,-6106.787415594729,2266.3611352025,-2636.867071643631,2419.885740402369,1041.2884602304707,-1118.865211385928,2118.086633955133,-633.5108761242477,2134.7785770358914,4939.751592901618,-254.46219475851763,1611.6504443051278,-2204.306690424384,7967.403782923129,2161.3529878034124,1278.6875498486286,6056.947242969425,3034.677458505852,-3127.2017130580757,-718.2912433536943,1529.0919918573593,-3346.6890004539414,3938.2243982528307,-5640.148711162142,-2862.6037378122073,817.8239181863403,-547.307810439049,2442.6810584124064,-6358.152640432687,-1100.1722639268955,-2279.3156095698523,-4026.429089174684,286.89217214840636,-84.48303874709029,-1636.5924121217615,2093.4852205390766,-1116.9324787073851,603.8801335253464,1233.1846167040428,-1891.2150545448123,-178.9329397707274
-42.139436996268536,-183.68948678638364,236.39261849348867,314.7163241297567,-116.89697655443318,135.82559074953224,-124.8774071785247,-53.974940980236454,57.59384015752213,-108.96443698907689,32.818938615693014,-109.96818827353908,-254.46219475851763,13.19990875068902,-83.00734889634063,113.659105309653,-410.6597377343796,-111.21252058721198,-65.64914094995444,-312.1858561080503,-156.5759077885612,161.2150001777062,36.88358408580798,-78.8944542272933,172.27584052351747,-203.17913717811658,290.685345782632,147.41444366591395,-41.9412705531771,27.988367016598758,-125.69477468251789,327.467935381587,56.58662997895418,117.51209746290834,207.50173352288252,-14.788661534284426,4.395583902604585,84.04751783646935,-107.92495784547448,57.68278940797447,-31.25082398770171,-63.39155676264676,97.75725064900446,9.207394125563118
266.4276206968427,1163.0675637622385,-1497.8789998072302,-1992.385912087201,739.3998179012995,-860.3154697132554,789.4831473344772,339.6703692616853,-365.0473127035237,691.0772063091204,-206.65060748522515,696.4965520692043,1611.6504443051278,-83.00734889634063,525.8383319417051,-719.1602660848171,2599.4118536450446,705.1970253393447,417.23595802512193,1976.1189433465593,990.0434314405587,-1020.2659752725275,-234.37509981061348,498.85911772053663,-1091.9274869205399,1284.8370580616909,-1840.1316803608197,-933.9589059344191,266.8595020414671,-178.60232308734268,796.9716183887674,-2074.433398757514,-358.9623766565385,-743.6363146988917,-1313.6572022612306,93.60368230850881,-27.557040287587444,-534.0031673035527,682.9981958239771,-364.3846940341347,196.9930944020986,402.35859960084883,-616.9675921390007,-58.38093151787805
-364.5139048208151,-1590.8356537321495,2048.540895428664,2725.2527795152605,-1011.5163744396087,1176.6655208545383,-1080.1126107682517,-465.07150350541576,499.2304419964187,-944.992169653212,282.9231263377671,-952.6192179417573,-2204.306690424384,113.659105309653,-719.1602660848171,983.784075950107,-3555.6520105796935,-964.321127236955,-570.3311367441211,-2703.0551894066953,-1354.4944866004535,1395.6299265141702,320.3864764122662,-682.4953849909192,1493.2737537826101,-1757.7612091114163,2517.026992735594,1277.3471042732742,-364.71834798600867,243.97918612271633,-1089.8537173057834,2837.1790911937305,490.83004074218945,1017.2434015362221,1796.8536000401118,-128.03352421554152,37.75692025301162,729.9989320318206,-934.2954020814096,498.59748646325403,-269.6475009482817,-550.1311792841257,844.3397639777759,79.83113385108099
1317.392690910594,5749.939110827868,-7404.583405288998,-9850.100967838296,3655.839553270601,-4253.028731676335,3903.6524441320835,1680.392402271939,-1804.527044938589,3415.909620607333,-1022.2875553289547,3443.219030737664,7967.403782923129,-410.6597377343796,2599.4118536450446,-3555.6520105796935,12851.381230290019,3485.741867661948,2061.835484384142,9769.80854862029,4895.349059290914,-5044.241157474762,-1158.2322143713982,2466.6298057842478,-5397.603310544642,6352.8377362098245,-9097.466946118919,-4617.021055186391,1318.5919336156603,-882.2233238218394,3939.4889545256615,-10255.013478307323,-1774.2524858417307,-3676.611444033709,-6494.521525270144,462.75395334968255,-136.3877995192189,-2639.0110848299,3376.843103274301,-1801.906818103149,974.3872142679649,1988.6721189593268,-3051.2520997637816,-288.57321249861707
357.21516851385593,1559.7027827819318,-2008.8987002174767,-2671.784297725914,991.4186694257933,-1153.755986753495,1058.4934167801862,455.1253593330176,-489.6099295881492,926.9641979777409,-276.9182326298913,934.059150729936,2161.3529878034124,-111.21252058721198,705.1970253393447,-964.321127236955,3485.741867661948,945.8749755353508,559.803052173264,2649.9252785661247,1327.4360663567763,-1368.109091385975,-314.4559502716268,668.8622526924464,-1464.500221048387,1722.7025858786833,-2467.5982040664876,-1252.575720989765,358.10091312872004,-239.76188926126505,1068.96789432798,-2782.051625533299,-481.49774228164057,-997.1536467527412,-1761.6130487697735,125.51598273420896,-36.89780263598832,-716.4486284834765,915.86352983867,-488.4946986898459,264.01505611251235,539.7593660598448,-827.0055181891013,-78.30616896427307
211.21915162039485,922.6615636307383,-1188.6629671613523,-1580.4423516542076,586.2960811228493,-682.5977013356368,625.8616616168127,268.70952722579483,-289.73087328906064,548.6430672202722,-163.522461299842,552.6075972594366,1278.6875498486286,-65.64914094995444,417.23595802512193,-570.3311367441211,2061.835484384142,559.803052173264,331.55990581419735,1567.4504679466172,784.9179486423809,-809.1957771425091,-186.23237153189942,395.5020887021371,-866.6238566031917,1018.6740241648469,-1459.630688079675,-741.1173165393593,212.16663491326003,-142.18086425897147,632.6375891406204,-1646.0049982388564,-285.00073944927624,-589.7706309374207,-1042.0538539072902,74.24255765613637,-21.755854261747746,-424.2891506307162,541.7010326587456,-288.75862077450574,155.957960200468,319.547687807411,-488.72051389422796,-46.33934913340492
1001.5006084201261,4371.194534471919,-5629.089186048412,-7488.198009259394,2779.2198102023676,-3233.222754057979,2967.6128162251644,1277.4441699379008,-1371.8301712303673,2596.835746559056,-777.1469497884553,2617.5887868419513,6056.947242969425,-312.1858561080503,1976.1189433465593,-2703.0551894066953,9769.80854862029,2649.9252785661247,1567.4504679466172,7427.16153475614,3721.514355162105,-3834.7084163159648,-880.5115076631085,1875.159016561102,-4103.3536662105225,4829.517956497972,-6916.032864265493,-3509.9361893388036,1002.4224052853149,-670.6933365591232,2994.8690796280775,-7796.030582781326,-1348.8227239362525,-2795.007935099368,-4937.238848226103,351.7928052348011,-103.68338247075793,-2006.2287206119763,2567.1254783557865,-1369.8297979979916,740.7390464111554,1511.822915235513,-2319.595169642919,-219.37928183809223
501.9151357663504,2190.1710225927613,-2820.121958191903,-3752.0234080943997,1392.7321356872376,-1619.9060119213727,1487.2527936773117,640.649482017488,-687.2455445958514,1300.807333891328,-389.71320199847185,1311.4762584378905,3034.677458505852,-156.5759077885612,990.0434314405587,-1354.4944866004535,4895.349059290914,1327.4360663567763,784.9179486423809,3721.514355162105,1865.054437921419,-1921.5108107624915,-440.93434856006786,939.7269418770702,-2055.6441153990645,2420.2806134690345,-3465.3725527719253,-1758.487053458344,501.8918654728036,-335.66110234928635,1500.2635116131698,-3905.8958164475407,-675.631917013695,-1400.5447927816058,-2473.837523470965,176.26758313523086,-52.033705522296515,-1004.6940040442217,1286.363396439585,-686.5897772928646,371.4014524834997,757.2172043642554,-1162.796615484635,-109.89488606879173
-517.1037498507396,-2256.8682559378726,2906.2597723898116,3866.20815656939,-1434.965582366248,1669.3135689505002,-1532.261025538454,-659.6681199081337,708.2607431635532,-1340.6914051495899,401.30801428644475,-1351.4613053557366,-3127.2017130580757,161.2150001777062,-1020.2659752725275,1395.6299265141702,-5044.241157474762,-1368.109091385975,-809.1957771425091,-3834.7084163159648,-1921.5108107624915,1979.9082744069526,454.56484659005446,-968.1910970762674,2118.5177282475265,-2493.5946237879743,3570.80082184507,1812.1636606783402,-517.4831863757802,346.20352271400685,-1546.2008916012649,4025.0692407920315,696.3631886995687,1443.1001281030574,2549.1292104212735,-181.63437294421908,53.54913249214818,1035.7238958047526,-1325.438457192871,707.2968315319212,-382.49504276871244,-780.5041116494756,1197.7311246447828,113.25892807809733
-118.65253872781057,-518.2984975720096,667.7130254699448,887.8084948279213,-329.35528573696246,383.4408873823592,-351.5841655431887,-150.96684892228853,162.75083690477314,-308.1864154311779,91.87106692843066,-310.42122755244986,-718.2912433536943,36.88358408580798,-234.37509981061348,320.3864764122662,-1158.2322143713982,-314.4559502716268,-186.23237153189942,-880.5115076631085,-440.93434856006786,454.56484659005446,104.60822123931969,-222.18088187129143,486.8101083914569,-572.2492947496777,819.9442462425258,416.3124553378241,-119.16942930131968,79.85291245963984,-355.368716694654,924.6222095929451,160.09021837400877,331.30479617093766,585.370205011113,-41.705763687205625,12.222894270974171,238.32127304065057,-304.29870692630885,162.21861305106566,-87.61683075591358,-179.4941969002023,274.5545986885715,26.03102117319719
252.89364115304184,1103.563664021724,-1420.980622666978,-1890.5395218811566,701.7563001761455,-816.2254483232853,749.3773172553265,322.8015413160531,-346.2839839366782,655.4455016267,-196.36593188776476,660.8156148433555,1529.0919918573593,-78.8944542272933,498.85911772053663,-682.4953849909192,2466.6298057842478,668.8622526924464,395.5020887021371,1875.159016561102,939.7269418770702,-968.1910970762674,-222.18088187129143,473.5119111745008,-1035.7879766494002,1219.4997215082046,-1746.1001751306776,-886.04714219666,252.89343462299684,-169.12663292263153,755.9363635505658,-1968.0674332874798,-340.4320656141927,-705.7028950926705,-1246.4947900669383,88.82086311769406,-26.21414897467799,-506.2408073978226,648.1500039328628,-345.952910522656,187.1301476286919,381.5436121288082,-585.8915661361356,-55.37411206142248
-553.1863657708877,-2415.1213170477176,3110.533624331446,4137.170561188253,-1535.2574468239882,1786.4987602809922,-1639.1763844561005,-705.0117906579177,758.0891178244353,-1435.2071336178572,428.94504134985647,-1446.3166393875913,-3346.6890004539414,172.27584052351747,-1091.9274869205399,1493.2737537826101,-5397.603310544642,-1464.500221048387,-866.6238566031917,-4103.3536662105225,-2055.6441153990645,2118.5177282475265,486.8101083914569,-1035.7879766494002,2267.565561702661,-2667.7294789186126,3821.0083587218287,1939.4774750734898,-554.3356582072805,371.0822975757372,-1655.1012004412687,4307.742014313058,745.4886579906656,1544.1046481909173,2727.7953036408944,-194.36012396457494,57.17661522629038,1109.15006471253,-1418.2152748219141,756.5200422692415,-408.92754714174083,-835.6631210695845,1280.8370732119547,121.2396508207613
651.3327706561602,2842.263148470646,-3659.8078296425065,-4869.122644392972,1807.3727090621653,-2102.222209190757,1930.0217050816855,831.3241248557117,-891.8724488164232,1688.1441713353531,-505.7045696547887,1701.9541469466808,3938.2243982528307,-203.17913717811658,1284.8370580616909,-1757.7612091114163,6352.8377362098245,1722.7025858786833,1018.6740241648469,4829.517956497972,2420.2806134690345,-2493.5946237879743,-572.2492947496777,1219.4997215082046,-2667.7294789186126,3140.824885869374,-4497.116706189449,-2282.05819674056,651.3661978495777,-435.6403180939207,1946.971971974743,-5068.847173578648,-876.815720767439,-1817.5271067539875,-3210.3814948807963,228.75407885915203,-67.51459234797747,-1303.8854237022233,1669.3304339092404,-890.9825309895566,481.9441089598781,982.6960320168578,-1508.930450189572,-142.61878402016956
-932.5680638766,-4070.3847733185166,5241.7513776631495,6972.879159497929,-2587.943730127877,3010.729880014067,-2763.3499737337597,-1189.4717838977529,1277.4406109333231,-2418.1695208598517,723.6357513699564,-2437.4636471150707,-5640.148711162142,290.685345782632,-1840.1316803608197,2517.026992735594,-9097.466946118919,-2467.5982040664876,-1459.630688079675,-6916.032864265493,-3465.3725527719253,3570.80082184507,819.9442462425258,-1746.1001751306776,3821.0083587218287,-4497.116706189449,6440.09020985961,3268.414136377553,-933.4787783590497,624.5806533064028,-2788.811038582083,7259.567419526197,1256.0227624569347,2602.653719273959,4597.468969765378,-327.58223542321383,96.53657622134071,1868.2249358361212,-2390.458072487926,1275.5365345871191,-689.7381103289089,-1407.8212375648475,2159.9078778825906,204.2865006775212
-473.2233976279347,-2065.8175575215023,2660.540922244367,3538.8345640260736,-1313.2852631291873,1528.081450706491,-1402.2210150437895,-603.2533053736897,648.4093734622069,-1227.513638487339,367.0227916929922,-1237.1136441414333,-2862.6037378122073,147.41444366591395,-933.9589059344191,1277.3471042732742,-4617.021055186391,-1252.575720989765,-741.1173165393593,-3509.9361893388036,-1758.487053458344,1812.1636606783402,416.3124553378241,-886.04714219666,1939.4774750734898,-2282.05819674056,3268.414136377553,1658.9264724486861,-474.03247579291366,317.2756710707217,-1415.617020617495,3684.6086552318284,637.5938431649233,1320.8149975836761,2333.286443718213,-166.2475194764864,48.93268785863115,948.5524133765648,-1213.148340680159,647.1914064197774,-349.8764623477073,-714.7060653476658,1095.7948329694027,103.69263860733331
135.0563716556101,590.0885285240078,-760.2968122992098,-1010.7507310973059,374.9061570099732,-436.57991173465206,400.17645283344535,171.69174493144084,-185.32732312399597,350.9746964404802,-104.49287916621337,353.43637721171314,817.8239181863403,-41.9412705531771,266.8595020414671,-364.71834798600867,1318.5919336156603,358.10091312872004,212.16663491326003,1002.4224052853149,501.8918654728036,-517.4831863757802,-119.16942930131968,252.89343462299684,-554.3356582072805,651.3661978495777,-933.4787783590497,-474.03247579291366,135.7935277653214,-91.03990818420087,404.6906605410416,-1052.7817716744541,-182.32283626600966,-377.1557787360104,-666.432564198781,47.47929027507028,-13.890730809724335,-271.4996603818529,346.42069727227886,-184.61168754581516,99.67415315658513,204.44508578125752,-312.40765402991906,-29.641692932746196
-90.32062474990033,-394.8558676622286,508.9010369623659,676.2967012667125,-250.766187862257,292.1748834323739,-267.61456791863117,-114.60525577427107,124.06232625437536,-235.0093950953792,69.76552015316152,-236.52844193225363,-547.307810439049,27.988367016598758,-178.60232308734268,243.97918612271633,-882.2233238218394,-239.76188926126505,-142.18086425897147,-670.6933365591232,-335.66110234928635,346.20352271400685,79.85291245963984,-169.12663292263153,371.0822975757372,-435.6403180939207,624.5806533064028,317.2756710707217,-91.03990818420087,61.109921323518506,-270.94923759795813,704.6008359442054,122.09457013089725,252.31090218105302,445.91627301725373,-31.765570113334295,9.2569186559452,181.92042143207962,-231.76174102982716,123.41598019668356,-66.58035071619659,-136.93758685926397,208.77747359608884,19.84759719372914
403.72670033057716,1762.7223657879345,-2270.3688970093717,-3019.5678516540015,1120.4821112087923,-1303.9283018505357,1196.2893074499466,514.4068583409112,-553.3387308719318,1047.6016780261186,-312.9892194701599,1055.6407203824892,2442.6810584124064,-125.69477468251789,796.9716183887674,-1089.8537173057834,3939.4889545256615,1068.96789432798,632.6375891406204,2994.8690796280775,1500.2635116131698,-1546.2008916012649,-355.368716694654,755.9363635505658,-1655.1012004412687,1946.971971974743,-2788.811038582083,-1415.617020617495,404.6906605410416,-270.94923759795813,1208.1007239186745,-3144.167738837179,-544.1585383305073,-1126.9571575156247,-1990.9173111554205,141.84975173402626,-41.70792966719183,-809.6757238590562,1035.0986357710153,-552.0967453202298,298.40289127348353,610.0063262207726,-934.6941666138395,-88.49541083089962
-1051.1069178512682,-4588.430088078906,5909.300041124449,7860.202812046747,-2917.02546261053,3394.0288446197496,-3114.590067595343,-1340.0566862608218,1440.1660324327916,-2726.3714637361923,815.2884985299614,-2747.7637050358603,-6358.152640432687,327.467935381587,-2074.433398757514,2837.1790911937305,-10255.013478307323,-2782.051625533299,-1646.0049982388564,-7796.030582781326,-3905.8958164475407,4025.0692407920315,924.6222095929451,-1968.0674332874798,4307.742014313058,-5068.847173578648,7259.567419526197,3684.6086552318284,-1052.7817716744541,704.6008359442054,-3144.167738837179,8183.88415456227,1416.132399585929,2933.730524026205,5182.524699113383,-369.2616197830981,108.71342701059591,2106.7004104990347,-2694.5577734683793,1437.5510568634552,-777.1837924012227,-1587.369480056162,2434.0348717493066,230.31527769056908
-181.81187763928355,-793.9053948983835,1022.5931828315421,1359.9576692380774,-504.61744389642155,587.2826827482437,-538.7390359965478,-231.59038977294273,249.2310406988334,-471.87859928019475,140.91522520086318,-475.4538502158158,-1100.1722639268955,56.58662997895418,-358.9623766565385,490.83004074218945,-1774.2524858417307,-481.49774228164057,-285.00073944927624,-1348.8227239362525,-675.631917013695,696.3631886995687,160.09021837400877,-340.4320656141927,745.4886579906656,-876.815720767439,1256.0227624569347,637.5938431649233,-182.32283626600966,122.09457013089725,-544.1585383305073,1416.132399585929,245.11745467185446,507.54712852986137,896.6743163027866,-63.88833939285538,18.77242626101301,364.74389307551314,-466.172481998381,248.61775510792677,-134.35749239521687,-274.78080019499146,420.88330282765384,39.865252096248376
-376.904478561793,-1644.959625954123,2118.2649777913407,2817.9688717650797,-1045.9151988314993,1216.7034808435199,-1116.834425632728,-480.8499883304796,516.2236242579476,-977.1698388098577,292.5254082327215,-985.0353088788065,-2279.3156095698523,117.51209746290834,-743.6363146988917,1017.2434015362221,-3676.611444033709,-997.1536467527412,-589.7706309374207,-2795.007935099368,-1400.5447927816058,1443.1001281030574,331.30479617093766,-705.7028950926705,1544.1046481909173,-1817.5271067539875,2602.653719273959,1320.8149975836761,-377.1557787360104,252.31090218105302,-1126.9571575156247,2933.730524026205,507.54712852986137,1051.8505922044312,1857.9823046813087,-132.3892389201772,39.03769136853628,754.8742112435473,-966.0725532968116,515.5438959629563,-278.80305212932416,-568.8706443807215,873.0216597542956,82.55254930874365
-665.7342020900306,-2905.788704624862,3742.0388681462564,4977.825659862008,-1847.4724664933524,2149.326756403963,-1972.6867391420742,-849.0879528874846,911.95389116904,-1726.3260530439495,516.5572811526886,-1740.0740356480587,-4026.429089174684,207.50173352288252,-1313.6572022612306,1796.8536000401118,-6494.521525270144,-1761.6130487697735,-1042.0538539072902,-4937.238848226103,-2473.837523470965,2549.1292104212735,585.370205011113,-1246.4947900669383,2727.7953036408944,-3210.3814948807963,4597.468969765378,2333.286443718213,-666.432564198781,445.91627301725373,-1990.9173111554205,5182.524699113383,896.6743163027866,1857.9823046813087,3282.062660035095,-233.85644318420393,68.90889903269456,1333.7468738401415,-1706.4975688979566,910.564386744254,-492.367997268401,-1005.0445872900942,1541.8704868687,145.8385509507174
47.43631024528022,207.04484805162608,-266.6236780708798,-354.68446601503763,131.64067882826552,-153.1449070486238,140.56461617757876,60.5104054315988,-64.97604270393259,123.00041860496664,-36.81124780135612,123.98275430091243,286.89217214840636,-14.788661534284426,93.60368230850881,-128.03352421554152,462.75395334968255,125.51598273420896,74.24255765613637,351.7928052348011,176.26758313523086,-181.63437294421908,-41.705763687205625,88.82086311769406,-194.36012396457494,228.75407885915203,-327.58223542321383,-166.2475194764864,47.47929027507028,-31.765570113334295,141.84975173402626,-369.2616197830981,-63.88833939285538,-132.3892389201772,-233.85644318420393,16.66586720793598,-4.9102971452159645,-95.02447804494571,121.58971677386577,-64.8828991919916,35.08402464742879,71.6065596983213,-109.87109044000164,-10.391105451398097
-14.00640671707676,-60.99548456698553,78.46552063214112,104.51650100572712,-38.83647913599162,45.095336359353446,-41.50127736785253,-17.982710991092535,19.113986009752278,-36.14790204437733,10.930140025287397,-36.510347176058296,-84.48303874709029,4.395583902604585,-27.557040287587444,37.75692025301162,-136.3877995192189,-36.89780263598832,-21.755854261747746,-103.68338247075793,-52.033705522296515,53.54913249214818,12.222894270974171,-26.21414897467799,57.17661522629038,-67.51459234797747,96.53657622134071,48.93268785863115,-13.890730809724335,9.2569186559452,-41.70792966719183,108.71342701059591,18.77242626101301,39.03769136853628,68.90889903269456,-4.9102971452159645,1.4738473544939694,27.856523720209893,-35.8481094170904,19.17897623069408,-10.403768585794053,-21.01999024644902,32.517701119631674,3.0551056661957627
-270.36400855112254,-1180.9254278137003,1521.3369401340708,2022.8466896767745,-750.4388426715183,873.6523926844038,-801.0998445008005,-344.0178031075896,370.81446483034637,-702.1648168869499,209.34836534074333,-707.2792562136863,-1636.5924121217615,84.04751783646935,-534.0031673035527,729.9989320318206,-2639.0110848299,-716.4486284834765,-424.2891506307162,-2006.2287206119763,-1004.6940040442217,1035.7238958047526,238.32127304065057,-506.2408073978226,1109.15006471253,-1303.8854237022233,1868.2249358361212,948.5524133765648,-271.4996603818529,181.92042143207962,-809.6757238590562,2106.7004104990347,364.74389307551314,754.8742112435473,1333.7468738401415,-95.02447804494571,27.856523720209893,542.9777741573143,-693.3540938845914,369.6254602819703,-199.6514436431793,-408.95407868322974,625.6121378745157,59.304812901323174
346.17728125949395,1510.8462373410944,-1945.5753894874786,-2588.2099828577143,960.6336482058051,-1117.5063445180085,1025.7647905159022,441.6187345835484,-474.14254220764843,897.5135723821022,-268.66048709012364,904.7287763314591,2093.4852205390766,-107.92495784547448,682.9981958239771,-934.2954020814096,3376.843103274301,915.86352983867,541.7010326587456,2567.1254783557865,1286.363396439585,-1325.438457192871,-304.29870692630885,648.1500039328628,-1418.2152748219141,1669.3304339092404,-2390.458072487926,-1213.148340680159,346.42069727227886,-231.76174102982716,1035.0986357710153,-2694.5577734683793,-466.172481998381,-966.0725532968116,-1706.4975688979566,121.58971677386577,-35.8481094170904,-693.3540938845914,887.3213349251977,-473.4990511119014,256.0679165407318,522.5060437900676,-801.8252079245465,-75.82015872987422
-184.77229052560858,-806.1367076083872,1037.9013045596587,1381.0399020659218,-512.6923717424323,596.2106432528195,-547.5253989325662,-235.99807707635057,252.9189845175271,-478.6831550742216,143.5497754508232,-482.69585661466766,-1116.9324787073851,57.68278940797447,-364.3846940341347,498.59748646325403,-1801.906818103149,-488.4946986898459,-288.75862077450574,-1369.8297979979916,-686.5897772928646,707.2968315319212,162.21861305106566,-345.952910522656,756.5200422692415,-890.9825309895566,1275.5365345871191,647.1914064197774,-184.61168754581516,123.41598019668356,-552.0967453202298,1437.5510568634552,248.61775510792677,515.5438959629563,910.564386744254,-64.8828991919916,19.17897623069408,369.6254602819703,-473.4990511119014,252.7959461340407,-136.7819596232558,-278.61695551826824,428.17525178144246,40.442873286259115
99.95227888407929,435.882601617901,-561.0772119379143,-746.7713362113212,277.30164275573776,-322.33773112667404,296.1831767224769,127.83868419348346,-136.71366837377477,258.6990005129983,-77.74768622441465,260.9740463086426,603.8801335253464,-31.25082398770171,196.9930944020986,-269.6475009482817,974.3872142679649,264.01505611251235,155.957960200468,740.7390464111554,371.4014524834997,-382.49504276871244,-87.61683075591358,187.1301476286919,-408.92754714174083,481.9441089598781,-689.7381103289089,-349.8764623477073,99.67415315658513,-66.58035071619659,298.40289127348353,-777.1837924012227,-134.35749239521687,-278.80305212932416,-492.367997268401,35.08402464742879,-10.403768585794053,-199.6514436431793,256.0679165407318,-136.7819596232558,74.06155234443258,150.54169725665133,-231.74143086612332,-21.860733436663452
203.76654812672135,889.8682245604842,-1146.2671784159152,-1524.3211194310084,565.5652808939925,-658.2890047774038,603.7794057958844,259.45154040699794,-279.3841035191652,528.9885833212534,-157.8783729544127,532.9389283145703,1233.1846167040428,-63.39155676264676,402.35859960084883,-550.1311792841257,1988.6721189593268,539.7593660598448,319.547687807411,1511.822915235513,757.2172043642554,-780.5041116494756,-179.4941969002023,381.5436121288082,-835.6631210695845,982.6960320168578,-1407.8212375648475,-714.7060653476658,204.44508578125752,-136.93758685926397,610.0063262207726,-1587.369480056162,-274.78080019499146,-568.8706443807215,-1005.0445872900942,71.6065596983213,-21.01999024644902,-408.95407868322974,522.5060437900676,-278.61695551826824,150.54169725665133,308.06243977280536,-471.63276338376875,-44.68485709869011
-312.9358023446947,-1365.0189564334894,1757.295983736823,2338.5377959595935,-868.2467550903724,1009.5106217917191,-927.2945671777999,-399.922085496373,428.2071304059493,-810.3750849862259,243.23976392074772,-817.3094762712477,-1891.2150545448123,97.75725064900446,-616.9675921390007,844.3397639777759,-3051.2520997637816,-827.0055181891013,-488.72051389422796,-2319.595169642919,-1162.796615484635,1197.7311246447828,274.5545986885715,-585.8915661361356,1280.8370732119547,-1508.930450189572,2159.9078778825906,1095.7948329694027,-312.40765402991906,208.77747359608884,-934.6941666138395,2434.0348717493066,420.88330282765384,873.0216597542956,1541.8704868687,-109.87109044000164,32.517701119631674,625.6121378745157,-801.8252079245465,428.17525178144246,-231.74143086612332,-471.63276338376875,725.3220702708146,68.46764730270527
-29.569070512725478,-129.1220111324189,166.311295705716,221.18958818993866,-82.07938926044997,95.51016058837246,-87.62970585763054,-37.682451643896904,40.532481479442026,-76.74130251137986,22.929404636590373,-77.32718733585536,-178.9329397707274,9.207394125563118,-58.38093151787805,79.83113385108099,-288.57321249861707,-78.30616896427307,-46.33934913340492,-219.37928183809223,-109.89488606879173,113.25892807809733,26.03102117319719,-55.37411206142248,121.2396508207613,-142.61878402016956,204.2865006775212,103.69263860733331,-29.641692932746196,19.84759719372914,-88.49541083089962,230.31527769056908,39.865252096248376,82.55254930874365,145.8385509507174,-10.391105451398097,3.0551056661957627,59.304812901323174,-75.82015872987422,40.442873286259115,-21.860733436663452,-44.68485709869011,68.46764730270527,6.487907545465262
