V1,V2,V3,V4,V5,V6,V7,V8,V9,V10,V11,V12,V13,V14,V15,V16,V17,V18,V19,V20,V21,V22,V23,V24,V25,V26,V27,V28,V29,V30,V31,V32,V33,V34,V35,V36,V37,V38,V39,V40,V41,V42,V43,V44
0.7735834544113404,-0.34359778823342224,-0.1804090927786093,-1.3783115767174658,-1.075896237839348,-0.7422306092046244,0.46082538717270083,0.5327461666526958,0.5159012182791399,-0.35769671187300967,-0.18188840947844048,-0.5805901531828355,0.8302855743979529,0.9852461876603247,-0.05263359612151463,-0.7030265443319552,1.3486118402096918,-0.7290795875233714,-1.1841392260542056,0.9567058056027916,-0.5068437803368067,-0.47599086028167975,0.6713705333243772,0.47708771744829226,-0.7818565116781211,-0.7954158109023194,-0.13813174893911512,-0.9855869925300755,0.7826296016942279,-0.7742771792405561,-0.6344549468023781,-0.0985209397312515,-0.09451396708372008,-2.0370029605422286,-0.18891509447296398,0.4148869751510936,-0.971374466774579,-0.9881084769370905,-0.21737904843586484,-0.5822109201228196,-0.5892398780331949,-0.20191576521037888,-0.4967224655702113,0.12367267622291754
-0.34359778823342224,2.458091974463965,-2.5027556938501228,-2.1182379542078755,2.4750954135004304,-0.7580846590501503,0.9303564552922038,0.0447317857926382,-1.2055706087583054,1.6236773028655063,-0.17851154281618745,1.8707473635425502,2.016150858602594,-1.1976842323430381,1.0019640995958,-0.5460089261556155,3.2420517063371874,2.0442082718043064,2.0101625915153125,2.5375901891599755,2.320753287178846,-1.3292710279912066,-1.135783995549898,0.3900805523578304,-1.1324507018087695,3.1581827479438402,-3.163795344900028,-0.6316777961541358,-0.35278969484447237,0.502717788767541,2.1086539175183403,-3.6271961581445575,-0.545110910910543,0.8292218172916983,-2.162502943702155,-0.27299504969076116,0.9838544755337448,0.09086813237119505,1.460176130514962,-0.036321388328856445,0.9814955381715398,0.9385523536916062,-0.581967376142022,-0.23659455547439814
-0.1804090927786093,-2.5027556938501228,2.936027524756995,3.3805300675458896,-1.9863971394609274,1.3918931313026404,-1.3789078606658218,-0.43909789512805164,0.9736371647484382,-1.5578523418542007,0.33271123807428044,-1.6715447789743094,-2.8657506526919097,0.621559891028167,-1.0841213286080642,1.1254775592393182,-4.617788284275221,-1.7575121017444162,-1.3868572582121197,-3.542136289003446,-2.229294157927482,1.8370505682985787,0.7819090721291383,-0.7856064421200682,1.840434601194882,-2.9565207604614505,3.6454109588205066,1.428206998179121,-0.1770633702755769,0.0030032220380360256,-1.8988874130463966,4.13590275414965,0.6799250418457649,0.5598063394085809,2.56078752257823,0.00259809795047268,-0.3923067179504714,0.6208043816921934,-1.4769352558155868,0.46607755592343475,-0.6687387213003608,-0.9041125527538505,1.0146720690237625,0.17468548541246262
-1.3783115767174658,-2.1182379542078755,3.3805300675458896,5.689588858508139,-0.4483202901290796,2.610797123696073,-2.1652361397116104,-1.282279391523625,0.23724450013199894,-1.0975895883998052,0.6310930582362246,-0.8757350697197389,-4.303989823144137,-0.8553716066266793,-1.0652354909958759,2.2690795689608363,-6.951995018642597,-0.7385539988854743,0.3519293190369628,-5.213203810816583,-1.578751311760032,2.6727934643142612,-0.20417517019842285,-1.5629598211890396,3.1457052061660415,-1.904551942425564,4.065757800887416,3.022688505744533,-1.3884506718168925,1.191632975618057,-1.0332717621376752,4.5232758268736095,0.8638038599075278,3.7189201254899356,2.997098496618146,-0.6341555767771447,1.0765376297548803,2.172902908035276,-1.227646653152426,1.3865900641055589,0.19750425484691797,-0.6456405186984736,1.835387921792611,-0.00519903565617302
-1.075896237839348,2.4750954135004304,-1.9863971394609274,-0.4483202901290796,3.22674082292739,0.09009042191242175,0.34250175325135246,-0.49688933832519816,-1.5633601543830151,1.7662457523978872,0.02815919931886344,2.2047104058890694,0.9111143867375954,-2.0288763006566772,0.9209205185182683,0.23423889197807665,1.4518353349528312,2.504217016203415,2.932510867144857,1.2358190102508373,2.5205964011042057,-0.6727156858572558,-1.6592480794780908,-0.14198543623604643,-0.19422250268642774,3.5364351152256215,-2.6018265040655737,0.4445429336075516,-1.0932463189184543,1.2147283403109341,2.464839955891686,-3.0428957714053264,-0.3770375996940629,2.7676747405422386,-1.6833027210214433,-0.653909939022034,1.8295066518932823,1.0731904594851456,1.483679964705674,0.5541590380591632,1.4432588449616588,1.016031239032737,-0.0047105493860644995,-0.3293797413154454
-0.7422306092046244,-0.7580846590501503,1.3918931313026404,2.610797123696073,0.09009042191242175,1.22549557443138,-0.9775596854712515,-0.6436967497108944,-0.03426924290920838,-0.348057733115905,0.2967476956619829,-0.2039277622607392,-1.922025579349686,-0.5868193291606412,-0.41123466408175513,1.0794847405966537,-3.1062993658567115,-0.11227558391984338,0.43577346006217244,-2.3157317002169955,-0.502306233333724,1.1836394804059522,-0.24888827040891157,-0.741739417484681,1.4485416030575127,-0.5600235899231878,1.6542315382462176,1.4503675132324565,-0.7486702174148422,0.6681749111277001,-0.2533186058675473,1.8266872875865163,0.36777879410107883,1.990139078127532,1.2411945004287648,-0.3562433600465594,0.6714003085792547,1.1125397561963473,-0.4347799668925455,0.6977107582964295,0.2258885547474118,-0.20688835177805515,0.8550516559718002,-0.032962119690882474
0.46082538717270083,0.9303564552922038,-1.3789078606658218,-2.1652361397116104,0.34250175325135246,-0.9775596854712515,0.8334516404019598,0.456115838008614,-0.17335775310100687,0.507931177960097,-0.2361432638491862,0.4481804964046154,1.6686231814052612,0.21258159280432729,0.45039703755663746,-0.8413400856757426,2.6943691202560625,0.412556073142416,0.025173169887629014,2.0283952097687714,0.7299640770200858,-1.0420696937965102,-0.012329071855689995,0.5806308589013766,-1.1940273593206947,0.9072941166698878,-1.6700898752919047,-1.1134841023254967,0.4634541749743612,-0.382831122486468,0.5213167994749632,-1.865804898427513,-0.34524073126693816,-1.2505771113600601,-1.2184670902378045,0.20345416845902042,-0.3066569424756422,-0.7596576127005358,0.5418909643964049,-0.4920908978409765,0.0034874283018035313,0.297514809162875,-0.6912720591350721,-0.015768909961718956
0.5327461666526958,0.0447317857926382,-0.43909789512805164,-1.282279391523625,-0.49688933832519816,-0.6436967497108944,0.456115838008614,0.4017174987284879,0.23617521234030045,-0.06786760377358478,-0.1571860237230607,-0.20300157338238795,0.8625659213728991,0.5855073859885159,0.08314095769443912,-0.5889124095496242,1.3974771636960592,-0.29236325789595263,-0.6345971099328729,1.0203589769837957,-0.09293272178535746,-0.5158610180337696,0.36029819765611826,0.40211320419745117,-0.7186099281445724,-0.20499910288050854,-0.488723880070513,-0.8089016031737586,0.5378989757774504,-0.513391153250269,-0.21423432379445845,-0.5155129903326806,-0.13656248586515055,-1.4119546191434986,-0.4042157861675115,0.27484731391750045,-0.6015507976423846,-0.7223156535309733,0.01679154543116866,-0.43708934533731275,-0.31763890239808235,-0.03571333301726227,-0.44047290803943107,0.06299014625022048
0.5159012182791399,-1.2055706087583054,0.9736371647484382,0.23724450013199894,-1.5633601543830151,-0.03426924290920838,-0.17335775310100687,0.23617521234030045,0.7576104545399017,-0.8589566016603432,-0.011506121980907,-1.0702975651387978,-0.4563918466340411,0.9789289917838717,-0.44957438076097095,-0.10534254500228807,-0.7274217093450195,-1.2148717067905466,-1.4183424905641833,-0.6166888844792979,-1.2255392451421305,0.3350949318871982,0.8024983431730727,0.06323146320636729,0.10534659802815305,-1.718363177564375,1.273819287552308,-0.20434456769161208,0.5240829360225517,-0.5835724565910464,-1.1968769344067813,1.489086572320205,0.18565118258463273,-1.3264519451062122,0.8254329600708626,0.3142644446224596,-0.8817355585746962,-0.5115195096889964,-0.7224906448905273,-0.26338247430049383,-0.6977855598800399,-0.49419036213869283,0.008590283035896923,0.15941778834606343
-0.35769671187300967,1.6236773028655063,-1.5578523418542007,-1.0975895883998052,1.7662457523978872,-0.348057733115905,0.507931177960097,-0.06786760377358478,-0.8589566016603432,1.0962589345410714,-0.08048075221295083,1.2932074073160214,1.1315618751052887,-0.9383328686814015,0.6461128634712435,-0.22023231165947477,1.8169148895255618,1.430313713767617,1.4906667931896183,1.439923437814956,1.5656140283193627,-0.7587932567515705,-0.8426975602784954,0.16183348704953157,-0.5788971167882357,2.1496127344170435,-1.9852637789776477,-0.223987195729952,-0.3648864818026258,0.4586353456273092,1.4542231221344857,-2.2870135567228114,-0.3294253806184541,0.8938340992573323,-1.3399569977711543,-0.24816720835700498,0.8001329898214229,0.23537521195353892,0.9668605725505303,0.08190686884539625,0.7295749362584244,0.6328553809649223,-0.27998264862098815,-0.17259403496808198
-0.18188840947844048,-0.17851154281618745,0.33271123807428044,0.6310930582362246,0.02815919931886344,0.2967476956619829,-0.2361432638491862,-0.1571860237230607,-0.011506121980907,-0.08048075221295083,0.07209214390924233,-0.044893557967707894,-0.4632986985197828,-0.1460287863688664,-0.09766099316422594,0.26184335331115904,-0.7490914140995845,-0.021948222513053423,0.11163620906567544,-0.5581244692458939,-0.1167466473180454,0.2852307124424399,-0.06373858657698324,-0.1799345892996271,0.3500281196659743,-0.1287273084641422,0.3952273348659042,0.3518170528012318,-0.18317844321215226,0.16393188222912092,-0.05615714777506423,0.4358505769751284,0.08815478062831668,0.48738313348976703,0.2970635837090411,-0.08754463176631538,0.16626676853304023,0.27110622530875644,-0.10230798072037477,0.17014716006480476,0.057411726735402326,-0.04785079080246081,0.20730982874462278,-0.008645438301577378
-0.5805901531828355,1.8707473635425502,-1.6715447789743094,-0.8757350697197389,2.2047104058890694,-0.2039277622607392,0.4481804964046154,-0.20300157338238795,-1.0702975651387978,1.2932074073160214,-0.044893557967707894,1.5640990638096701,1.0453127366004926,-1.2711581251952433,0.7241323943753438,-0.0727996782764279,1.6750046443089635,1.7507402207236533,1.9270817466022003,1.3545110498385105,1.846469475292152,-0.7206135635897474,-1.08984410453604,0.06306165773381948,-0.4484209806168253,2.5592332657804304,-2.152589979851447,-0.008412839495232537,-0.5909986249790297,0.6921995221185343,1.7542251443660177,-2.494218449784939,-0.33981214863031417,1.4759256427619922,-1.4297676365848944,-0.373454725479226,1.1154432981133344,0.49814210336132025,1.1171102639184565,0.2306393192424724,0.94579452497425065,0.7453844427760795,-0.188654257523057,-0.21991578528014688
0.8302855743979529,2.016150858602594,-2.8657506526919097,-4.303989823144137,0.9111143867375954,-1.922025579349686,1.6686231814052612,0.8625659213728991,-0.4563918466340411,1.1315618751052887,-0.4632986985197828,1.0453127366004926,3.358470926260532,0.2713506312665016,0.9558558075439005,-1.6424045498331123,5.4209711227635005,0.9972904640423494,0.2645551894149356,4.091487802787627,1.6236418927693095,-2.1046752522628758,-0.14596039221295676,1.1347520113979939,-2.3701561040462837,2.0475558585610036,-3.484571035510486,-2.1643555542465958,0.8349241863738792,-0.6670349668266637,1.209006024281105,-3.90341304355912,-0.7088896916174441,-2.264530619413375,-2.5266302601726798,0.3535645325451129,-0.4711343649321557,-1.4209454294879027,1.1772674393509974,-0.9298989604323593,0.1119557898436199,0.6615614248352865,-1.3631186141112275,-0.055176880046232245
0.9852461876603247,-1.1976842323430381,0.621559891028167,-0.8553716066266793,-2.0288763006566772,-0.5868193291606412,0.21258159280432729,0.5855073859885159,0.9789289917838717,-0.9383328686814015,-0.1460287863688664,-1.2711581251952433,0.2713506312665016,1.5055681428044487,-0.38958261046371895,-0.6124269910708219,0.45134944173457264,-1.4956232952884814,-1.997274210954661,0.24181070791997125,-1.3366119277420472,-0.0982922941476297,1.131123278111451,0.4090984547488988,-0.5082052428043589,-1.9380199626500478,0.887352644111652,-0.9028039361671502,0.9987126152681998,-1.0387506523763526,-1.4101816901908506,1.0845616992229838,0.07304303284762376,-2.569577058109872,0.49998313161249913,0.5576707711573393,-1.4193389814190234,-1.1440604619903734,-0.7264704495579439,-0.6442146487911329,-0.9879064585719345,-0.5368980840854324,-0.3677757053004125,0.21738979208034745
-0.05263359612151463,1.0019640995958,-1.0841213286080642,-1.0652354909958759,0.9209205185182683,-0.41123466408175513,0.45039703755663746,0.08314095769443912,-0.44957438076097095,0.6461128634712435,-0.09766099316422594,0.7241323943753438,0.9558558075439005,-0.38958261046371895,0.4190394917054371,-0.3164661568657396,1.5386719520163872,0.7798620533982552,0.7106654380460813,1.1923865838156604,0.9239355530071045,-0.6215827028482308,-0.4012051241500596,0.22302295118667032,-0.5749814472528141,1.2446212261206675,-1.3595254833946788,-0.38681932506830424,-0.05538570063211694,0.12000150757957943,0.8186357035000621,-1.55155390163772,-0.2428447278500303,0.10639889616862033,-0.9406444999693866,-0.06589084925405041,0.3004697220824542,-0.08054721669829243,0.5935642718746439,-0.08555940099883966,0.34559899401000616,0.3740645908042048,-0.30679929540475964,-0.08555347790566212
-0.7030265443319552,-0.5460089261556155,1.1254775592393182,2.2690795689608363,0.23423889197807665,1.0794847405966537,-0.8413400856757426,-0.5889124095496242,-0.10534254500228807,-0.22023231165947477,0.26184335331115904,-0.0727996782764279,-1.6424045498331123,-0.6124269910708219,-0.3164661568657396,0.9584278940852424,-2.655557628346805,0.02212852510861969,0.5236206441732626,-1.9723233805057536,-0.319561493586155,1.0061588196399995,-0.29832316698970857,-0.6576817563694637,1.2614114975587833,-0.32134716148899095,1.3261908669742917,1.29380645966692,-0.7093068151660037,0.6445252653957996,-0.10350860873570557,1.456128182976172,0.30445482833194604,1.8793264867743482,1.0079770198851943,-0.34401557160625157,0.6771398911849924,1.0275226563738087,-0.3101002704687728,0.638910407363094,0.2675311748764522,-0.1324974150996063,0.7502042403647785,-0.04476954600283195
1.3486118402096918,3.2420517063371874,-4.617788284275221,-6.951995018642597,1.4518353349528312,-3.1062993658567115,2.6943691202560625,1.3974771636960592,-0.7274217093450195,1.8169148895255618,-0.7490914140995845,1.6750046443089635,5.4209711227635005,0.45134944173457264,1.5386719520163872,-2.655557628346805,8.750627598582243,1.5952677450693369,0.4084709451281256,6.60362368372905,2.6078308354563644,-3.39675306135999,-0.22507371512751503,1.8346559002758285,-3.828460845037933,3.286410399570279,-5.614131496332377,-3.499951290860115,1.3558270309361786,-1.0853191518163623,1.9376378256953173,-6.28783696608333,-1.1429753019823936,-3.677100368422944,-4.072035126014947,0.5754906117095758,-0.77316400441303,-2.3024869874035234,1.8929117020432757,-1.5063502727356524,0.17192747051665005,1.0622742909256802,-2.203031155449097,-0.08705597087522675
-0.7290795875233714,2.0442082718043064,-1.7575121017444162,-0.7385539988854743,2.504217016203415,-0.11227558391984338,0.412556073142416,-0.29236325789595263,-1.2148717067905466,1.430313713767617,-0.021948222513053423,1.7507402207236533,0.9972904640423494,-1.4956232952884814,0.7798620533982552,0.02212852510861969,1.5952677450693369,1.9710116098272104,2.22365644373116,1.3090347897650234,2.0413180392218555,-0.7010811238848789,-1.257838567046626,-4.6585749939236326e-4,-0.36751801966035746,2.8424952670169183,-2.276478162169663,0.13069426610851687,-0.7412619535368258,0.8480293334394257,1.9613001304681688,-2.6466191584896492,-0.34911007959136464,1.8633972543493573,-1.498282219059971,-0.457197439225354,1.3276977530757126,0.6712779142278495,1.2223988264211718,0.32870114190253025,1.092306158490214,0.82384588687060345,-0.1305505796954187,-0.25211020769949444
-1.1841392260542056,2.0101625915153125,-1.3868572582121197,0.3519293190369628,2.932510867144857,0.43577346006217244,0.025173169887629014,-0.6345971099328729,-1.4183424905641833,1.4906667931896183,0.11163620906567544,1.9270817466022003,0.2645551894149356,-1.997274210954661,0.7106654380460813,0.5236206441732626,0.4084709451281256,2.22365644373116,2.768335062720938,0.44277445009435423,2.124735170555902,-0.26321982925915965,-1.566983320108786,-0.342843115455638,0.24392782843519206,3.023018635374607,-1.864787203077539,0.8201332076692501,-1.201085285481211,1.2871766255530566,2.1474000292147113,-2.212691828709006,-0.2334288086103096,3.0692659674178415,-1.1570003597419605,-0.6921871069896739,1.8424043425115137,1.2881795540423229,1.2105353465651023,0.7014245048933511,1.365217139152972,0.855678161282316,0.24392475440471653,-0.30629211746399754
0.9567058056027916,2.5375901891599755,-3.542136289003446,-5.213203810816583,1.2358190102508373,-2.3157317002169955,2.0283952097687714,1.0203589769837957,-0.6166888844792979,1.439923437814956,-0.5581244692458939,1.3545110498385105,4.091487802787627,0.24181070791997125,1.1923865838156604,-1.9723233805057536,6.60362368372905,1.3090347897650234,0.44277445009435423,4.990021856600396,2.0660363024827855,-2.568460206747466,-0.24602508995579536,1.363563546485098,-2.868430499590198,2.620534126164144,-4.31514651131154,-2.5931429817952476,0.9612832145391454,-0.753531711250679,1.5628883391937518,-4.839035407033113,-0.8713213249908818,-2.6162766616355855,-3.1202834760156772,0.3991028666063888,-0.4914952456161206,-1.669259415706705,1.4834099656079183,-1.098991092608875,0.19616281262446925,0.8410973652461475,-1.6455777636059838,-0.08048111610785409
-0.5068437803368067,2.320753287178846,-2.229294157927482,-1.578751311760032,2.5205964011042057,-0.502306233333724,0.7299640770200858,-0.09293272178535746,-1.2255392451421305,1.5656140283193627,-0.1167466473180454,1.846469475292152,1.6236418927693095,-1.3366119277420472,0.9239355530071045,-0.319561493586155,2.6078308354563644,2.0413180392218555,2.124735170555902,2.0660363024827855,2.2372935449654507,-1.0886441821080262,-1.2011243944774637,0.23468461360456475,-0.8324620875450534,3.07113525544322,-2.8411356859151975,-0.3260955933186783,-0.5178320075678368,0.6520218143806195,2.0760948885016655,-3.272016628393302,-0.4715840779160484,1.2660891292264416,-1.9181680958540501,-0.3525162693534712,1.138572964256099,0.3315637146009911,1.3820134025660902,0.11327154331204943,1.040571193140392,0.903690214792232,-0.40441978422350017,-0.24614690482710944
-0.47599086028167975,-1.3292710279912066,1.8370505682985787,2.6727934643142612,-0.6727156858572558,1.1836394804059522,-1.0420696937965102,-0.5158610180337696,0.3350949318871982,-0.7587932567515705,0.2852307124424399,-0.7206135635897474,-2.1046752522628758,-0.0982922941476297,-0.6215827028482308,1.0061588196399995,-3.39675306135999,-0.7010811238848789,-0.26321982925915965,-2.568460206747466,-1.0886441821080262,1.3225345237191373,0.14663764747862415,-0.6958594508330781,1.4699563601585932,-1.38506465833128,2.240314430024054,1.3210910363117496,-0.4780753487918157,0.3702744426704291,-0.8304665450885625,2.513813066947268,0.45050701154744444,1.3038631492977115,1.6174844773130959,-0.19599289861141908,0.22855866951707418,0.8405240199421802,-0.7775406023360802,0.55535106195908,-0.11846693547965591,-0.44300832897885073,0.841994132444708,0.04529599304579806
0.6713705333243772,-1.135783995549898,0.7819090721291383,-0.20417517019842285,-1.6592480794780908,-0.24888827040891157,-0.012329071855689995,0.36029819765611826,0.8024983431730727,-0.8426975602784954,-0.06373858657698324,-1.08984410453604,-0.14596039221295676,1.131123278111451,-0.4012051241500596,-0.29832316698970857,-0.22507371512751503,-1.257838567046626,-1.566983320108786,-0.24602508995579536,-1.2011243944774637,0.14663764747862415,0.8870382375818603,0.1953875882795233,-0.14081107692658118,-1.7092081022487364,1.0518402115925278,-0.46673013032449245,0.6809629490574283,-0.7295311147111645,-1.2144184007616954,1.248275433106338,0.13132361097876333,-1.7403929947374326,0.6522063775436471,0.3922857968130829,-1.043700783015803,-0.7309237186375569,-0.6840403322062233,-0.3981889306542905,-0.7727913993207476,-0.483717608024967,-0.13967071608140894,0.17331947055457417
0.47708771744829226,0.3900805523578304,-0.7856064421200682,-1.5629598211890396,-0.14198543623604643,-0.741739417484681,0.5806308589013766,0.40211320419745117,0.06323146320636729,0.16183348704953157,-0.1799345892996271,0.06306165773381948,1.1347520113979939,0.4090984547488988,0.22302295118667032,-0.6576817563694637,1.8346559002758285,-4.6585749939236326e-4,-0.342843115455638,1.363563546485098,0.23468461360456475,-0.6958594508330781,0.1953875882795233,0.45146370920543005,-0.8684645656271692,0.24192432062784816,-0.9273283214850292,-0.8870743122677731,0.48123652787163684,-0.4359570628396073,0.08567450764160808,-1.0192074904382487,-0.2115352101952617,-1.2759300088574042,-0.7030724226544091,0.2327088212395915,-0.4547764818129334,-0.700162555733847,0.22202603994407047,-0.4361043165364452,-0.17542094033461758,0.09707702453675471,-0.51601033902692,0.02884871547046002
-0.7818565116781211,-1.1324507018087695,1.840434601194882,3.1457052061660415,-0.19422250268642774,1.4485416030575127,-1.1940273593206947,-0.7186099281445724,0.10534659802815305,-0.5788971167882357,0.3500281196659743,-0.4484209806168253,-2.3701561040462837,-0.5082052428043589,-0.5749814472528141,1.2614114975587833,-3.828460845037933,-0.36751801966035746,0.24392782843519206,-2.868430499590198,-0.8324620875450534,1.4699563601585932,-0.14081107692658118,-0.8684645656271692,1.7403852104274202,-0.9959386072632375,2.209617944304504,1.6827641685938253,-0.7880795811119405,0.6810591222931413,-0.5315389983399161,2.456033347372306,0.47255047252953386,2.10744083104855,1.632797328633947,-0.3624197480430628,0.6273020977713016,1.2225934129072489,-0.6554346737393806,0.7776134342637889,0.13381839787847835,-0.34096454223684386,1.0167295673837073,-0.008395766641135692
-0.7954158109023194,3.1581827479438402,-2.9565207604614505,-1.904551942425564,3.5364351152256215,-0.5600235899231878,0.9072941166698878,-0.20499910288050854,-1.718363177564375,2.1496127344170435,-0.1287273084641422,2.5592332657804304,2.0475558585610036,-1.9380199626500478,1.2446212261206675,-0.32134716148899095,3.286410399570279,2.8424952670169183,3.023018635374607,2.620534126164144,3.07113525544322,-1.38506465833128,-1.7092081022487364,0.24192432062784816,-0.9959386072632375,4.230845734902025,-3.781785303961027,-0.2873532004697554,-0.8114638906436769,0.989803389201898,2.8747227751715454,-4.364525742606465,-0.616906165885918,2.0027252599867613,-2.5387730470161274,-0.5345845348356656,1.670856203059888,0.5932373428487921,1.8826191142758333,0.2396966337708859,1.481879407095913,1.240105370641067,-0.46612928915256163,-0.34817275555108423
-0.13813174893911512,-3.163795344900028,3.6454109588205066,4.065757800887416,-2.6018265040655737,1.6542315382462176,-1.6700898752919047,-0.488723880070513,1.273819287552308,-1.9852637789776477,0.3952273348659042,-2.152589979851447,-3.484571035510486,0.887352644111652,-1.3595254833946788,1.3261908669742917,-5.614131496332377,-2.276478162169663,-1.864787203077539,-4.31514651131154,-2.8411356859151975,2.240314430024054,1.0518402115925278,-0.9273283214850292,2.209617944304504,-3.781785303961027,4.5363950990994555,1.6720613070902228,-0.13250006659590366,-0.08391888422811442,-2.442328477001426,5.152910865295638,0.8381596832193114,0.4693577351858217,3.176288555958013,0.05002217081415106,-0.5993299648023874,0.663273135279994,-1.8687925458840693,0.5165362617369159,-0.9016849154716021,-1.1514236452693807,1.2114410563643752,0.23202752253593414
-0.9855869925300755,-0.6316777961541358,1.428206998179121,3.022688505744533,0.4445429336075516,1.4503675132324565,-1.1134841023254967,-0.8089016031737586,-0.20434456769161208,-0.223987195729952,0.3518170528012318,-0.008412839495232537,-2.1643555542465958,-0.9028039361671502,-0.38681932506830424,1.29380645966692,-3.499951290860115,0.13069426610851687,0.8201332076692501,-2.5931429817952476,-0.3260955933186783,1.3210910363117496,-0.46673013032449245,-0.8870743122677731,1.6827641685938253,-0.2873532004697554,1.6720613070902228,1.7521849441874662,-0.9950402321434595,0.9131016010463341,-0.03923622673229138,1.8285413291703203,0.3928139032165782,2.6302348727885203,1.2827754948966155,-0.487502462966733,0.9811990756211034,1.4208429054148182,-0.35556588800250255,0.8784782990967218,0.4171199100699041,-0.13671578461071854,1.0048852700560909,-0.07334111663101277
0.7826296016942279,-0.35278969484447237,-0.1770633702755769,-1.3884506718168925,-1.0932463189184543,-0.7486702174148422,0.4634541749743612,0.5378989757774504,0.5240829360225517,-0.3648864818026258,-0.18317844321215226,-0.5909986249790297,0.8349241863738792,0.9987126152681998,-0.05538570063211694,-0.7093068151660037,1.3558270309361786,-0.7412619535368258,-1.201085285481211,0.9612832145391454,-0.5178320075678368,-0.4780753487918157,0.6809629490574283,0.48123652787163684,-0.7880795811119405,-0.8114638906436769,-0.13250006659590366,-0.9950402321434595,0.7922221546885937,-0.7841276426353252,-0.6457501811219656,-0.09174611972972985,-0.09448243838444258,-2.060780795031301,-0.1861155836942615,0.4199931386275899,-0.9839870962067299,-0.999489942800513,-0.22306068391265282,-0.5882331435894603,-0.5980412301677027,-0.20593988660777887,-0.5003194233363462,0.12553065876012595
-0.7742771792405561,0.502717788767541,0.0030032220380360256,1.191632975618057,1.2147283403109341,0.6681749111277001,-0.382831122486468,-0.513391153250269,-0.5835724565910464,0.4586353456273092,0.16393188222912092,0.6921995221185343,-0.6670349668266637,-1.0387506523763526,0.12000150757957943,0.6445252653957996,-1.0853191518163623,0.8480293334394257,1.2871766255530566,-0.753531711250679,0.6520218143806195,0.3702744426704291,-0.7295311147111645,-0.4359570628396073,0.6810591222931413,0.989803389201898,-0.08391888422811442,0.9131016010463341,-0.7841276426353252,0.7863747739519222,0.7606252326759522,-0.15392704072641733,0.054364665632218624,2.033795259911391,0.03437007902289953,-0.4214194791575062,1.0103480566721241,0.9656376078649289,0.3115919234505917,0.5622946357445904,0.6396414944286837,0.260332658382233,0.44144880825488314,-0.13629191492165882
-0.6344549468023781,2.1086539175183403,-1.8988874130463966,-1.0332717621376752,2.464839955891686,-0.2533186058675473,0.5213167994749632,-0.21423432379445845,-1.1968769344067813,1.4542231221344857,-0.05615714777506423,1.7542251443660177,1.209006024281105,-1.4101816901908506,0.8186357035000621,-0.10350860873570557,1.9376378256953173,1.9613001304681688,2.1474000292147113,1.5628883391937518,2.0760948885016655,-0.8304665450885625,-1.2144184007616954,0.08567450764160808,-0.5315389983399161,2.8747227751715454,-2.442328477001426,-0.03923622673229138,-0.6457501811219656,0.7606252326759522,1.9680980883820332,-2.828247914259425,-0.3878113900398081,1.6107181860951894,-1.625140808695413,-0.41055527796391245,1.2343594977074526,0.5343185290640138,1.2587796736697372,0.24387507963402677,1.0534692778208503,0.8383548368190061,-0.22832885938459377,-0.2453773233008753
-0.0985209397312515,-3.6271961581445575,4.13590275414965,4.5232758268736095,-3.0428957714053264,1.8266872875865163,-1.865804898427513,-0.5155129903326806,1.489086572320205,-2.2870135567228114,0.4358505769751284,-2.494218449784939,-3.90341304355912,1.0845616992229838,-1.55155390163772,1.456128182976172,-6.28783696608333,-2.6466191584896492,-2.212691828709006,-4.839035407033113,-3.272016628393302,2.513813066947268,1.248275433106338,-1.0192074904382487,2.456033347372306,-4.364525742606465,5.152910865295638,1.8285413291703203,-0.09174611972972985,-0.15392704072641733,-2.828247914259425,5.857994788401878,0.947013619414615,0.3798459501307125,3.6009834970873618,0.08840399105629775,-0.7558066821828942,0.6804042063267233,-2.143515465651069,0.5436421640888547,-1.0708430457208,-1.3260770906766677,1.3408706659616687,0.2735201356549317
-0.09451396708372008,-0.545110910910543,0.6799250418457649,0.8638038599075278,-0.3770375996940629,0.36777879410107883,-0.34524073126693816,-0.13656248586515055,0.18565118258463273,-0.3294253806184541,0.08815478062831668,-0.33981214863031417,-0.7088896916174441,0.07304303284762376,-0.2428447278500303,0.30445482833194604,-1.1429753019823936,-0.34911007959136464,-0.2334288086103096,-0.8713213249908818,-0.4715840779160484,0.45050701154744444,0.13132361097876333,-0.2115352101952617,0.47255047252953386,-0.616906165885918,0.8381596832193114,0.3928139032165782,-0.09448243838444258,0.054364665632218624,-0.3878113900398081,0.947013619414615,0.16117270509544365,0.2682385027844867,0.5951433577837271,-0.02810973732253024,-0.021912031609233298,0.20958392138697662,-0.3206481796181776,0.1461900649954688,-0.11119984242341485,-0.1915790511316651,0.26486823997573555,0.031165510881076205
-2.0370029605422286,0.8292218172916983,0.5598063394085809,3.7189201254899356,2.7676747405422386,1.990139078127532,-1.2505771113600601,-1.4119546191434986,-1.3264519451062122,0.8938340992573323,0.48738313348976703,1.4759256427619922,-2.264530619413375,-2.569577058109872,0.10639889616862033,1.8793264867743482,-3.677100368422944,1.8633972543493573,3.0692659674178415,-2.6162766616355855,1.2660891292264416,1.3038631492977115,-1.7403929947374326,-1.2759300088574042,2.10744083104855,2.0027252599867613,0.4693577351858217,2.6302348727885203,-2.060780795031301,2.033795259911391,1.6107181860951894,0.3798459501307125,0.2682385027844867,5.366526667142798,0.5710352023979574,-1.0895745571962652,2.539871203639936,2.6134342174841736,0.527780515626882,1.5427170617260644,1.528044466015645,0.5038229166266969,1.3341261939840279,-0.3196594084363052
-0.18891509447296398,-2.162502943702155,2.56078752257823,2.997098496618146,-1.6833027210214433,1.2411945004287648,-1.2184670902378045,-0.4042157861675115,0.8254329600708626,-1.3399569977711543,0.2970635837090411,-1.4297676365848944,-2.5266302601726798,0.49998313161249913,-0.9406444999693866,1.0079770198851943,-4.072035126014947,-1.498282219059971,-1.1570003597419605,-3.1202834760156772,-1.9181680958540501,1.6174844773130959,0.6522063775436471,-0.7030724226544091,1.632797328633947,-2.5387730470161274,3.176288555958013,1.2827754948966155,-0.1861155836942615,0.03437007902289953,-1.625140808695413,3.6009834970873618,0.5951433577837271,0.5710352023979574,2.235031468561576,-0.014886228449625068,-0.30103789887088533,0.5804502962882049,-1.27561017598764,0.4295406129948812,-0.557415889365611,-0.7778337451439052,0.9032906372934943,0.14678934547023284
0.4148869751510936,-0.27299504969076116,0.00259809795047268,-0.6341555767771447,-0.653909939022034,-0.3562433600465594,0.20345416845902042,0.27484731391750045,0.3142644446224596,-0.24816720835700498,-0.08754463176631538,-0.373454725479226,0.3535645325451129,0.5576707711573393,-0.06589084925405041,-0.34401557160625157,0.5754906117095758,-0.457197439225354,-0.6921871069896739,0.3991028666063888,-0.3525162693534712,-0.19599289861141908,0.3922857968130829,0.2327088212395915,-0.3624197480430628,-0.5345845348356656,0.05002217081415106,-0.487502462966733,0.4199931386275899,-0.4214194791575062,-0.41055527796391245,0.08840399105629775,-0.02810973732253024,-1.0895745571962652,-0.014886228449625068,0.22594476315433246,-0.5422046727063948,-0.5166301594039492,-0.16906417470353483,-0.30089146039153575,-0.3437623995948631,-0.14091896545403973,-0.23548181035819468,0.07332639740157919
-0.971374466774579,0.9838544755337448,-0.3923067179504714,1.0765376297548803,1.8295066518932823,0.6714003085792547,-0.3066569424756422,-0.6015507976423846,-0.8817355585746962,0.8001329898214229,0.16626676853304023,1.1154432981133344,-0.4711343649321557,-1.4193389814190234,0.3004697220824542,0.6771398911849924,-0.77316400441303,1.3276977530757126,1.8424043425115137,-0.4914952456161206,1.138572964256099,0.22855866951707418,-1.043700783015803,-0.4547764818129334,0.6273020977713016,1.670856203059888,-0.5993299648023874,0.9811990756211034,-0.9839870962067299,1.0103480566721241,1.2343594977074526,-0.7558066821828942,-0.021912031609233298,2.539871203639936,-0.30103789887088533,-0.5422046727063948,1.3522464954786328,1.1573434030550516,0.5997215132897445,0.6604080711261335,0.9123178163692878,0.456944595711218,0.4313533661266767,-0.19879028408680952
-0.9881084769370905,0.09086813237119505,0.6208043816921934,2.172902908035276,1.0731904594851456,1.1125397561963473,-0.7596576127005358,-0.7223156535309733,-0.5115195096889964,0.23537521195353892,0.27110622530875644,0.49814210336132025,-1.4209454294879027,-1.1440604619903734,-0.08054721669829243,1.0275226563738087,-2.3024869874035234,0.6712779142278495,1.2881795540423229,-1.669259415706705,0.3315637146009911,0.8405240199421802,-0.7309237186375569,-0.700162555733847,1.2225934129072489,0.5932373428487921,0.663273135279994,1.4208429054148182,-0.999489942800513,0.9656376078649289,0.5343185290640138,0.6804042063267233,0.20958392138697662,2.6134342174841736,0.5804502962882049,-0.5166301594039492,1.1573434030550516,1.3155316186886297,0.07192239790278089,0.7880086150234651,0.6444266988236889,0.12942780500918064,0.7550520759559535,-0.13056165769780495
-0.21737904843586484,1.460176130514962,-1.4769352558155868,-1.227646653152426,1.483679964705674,-0.4347799668925455,0.5418909643964049,0.01679154543116866,-0.7224906448905273,0.9668605725505303,-0.10230798072037477,1.1171102639184565,1.1772674393509974,-0.7264704495579439,0.5935642718746439,-0.3101002704687728,1.8929117020432757,1.2223988264211718,1.2105353465651023,1.4834099656079183,1.3820134025660902,-0.7775406023360802,-0.6840403322062233,0.22202603994407047,-0.6554346737393806,1.8826191142758333,-1.8687925458840693,-0.35556588800250255,-0.22306068391265282,0.3115919234505917,1.2587796736697372,-2.143515465651069,-0.3206481796181776,0.527780515626882,-1.27561017598764,-0.16906417470353483,0.5997215132897445,0.07192239790278089,0.8676591971880382,-0.010862890224666806,0.5913490510717981,0.5587726297386808,-0.3352105278108958,-0.1421902998531855
-0.5822109201228196,-0.036321388328856445,0.46607755592343475,1.3865900641055589,0.5541590380591632,0.6977107582964295,-0.4920908978409765,-0.43708934533731275,-0.26338247430049383,0.08190686884539625,0.17014716006480476,0.2306393192424724,-0.9298989604323593,-0.6442146487911329,-0.08555940099883966,0.638910407363094,-1.5063502727356524,0.32870114190253025,0.7014245048933511,-1.098991092608875,0.11327154331204943,0.55535106195908,-0.3981889306542905,-0.4361043165364452,0.7776134342637889,0.2396966337708859,0.5165362617369159,0.8784782990967218,-0.5882331435894603,0.5622946357445904,0.24387507963402677,0.5436421640888547,0.1461900649954688,1.5427170617260644,0.4295406129948812,-0.30089146039153575,0.6604080711261335,0.7880086150234651,-0.010862890224666806,0.47595748646854946,0.3513108618000892,0.04345308969098793,0.47663757904743875,-0.0698401121758226
-0.5892398780331949,0.9814955381715398,-0.6687387213003608,0.19750425484691797,1.4432588449616588,0.2258885547474118,0.0034874283018035313,-0.31763890239808235,-0.6977855598800399,0.7295749362584244,0.057411726735402326,0.94579452497425065,0.1119557898436199,-0.9879064585719345,0.34559899401000616,0.2675311748764522,0.17192747051665005,1.092306158490214,1.365217139152972,0.19616281262446925,1.040571193140392,-0.11846693547965591,-0.7727913993207476,-0.17542094033461758,0.13381839787847835,1.481879407095913,-0.9016849154716021,0.4171199100699041,-0.5980412301677027,0.6396414944286837,1.0534692778208503,-1.0708430457208,-0.11119984242341485,1.528044466015645,-0.557415889365611,-0.3437623995948631,0.9123178163692878,0.6444266988236889,0.5913490510717981,0.3513108618000892,0.6737633089172027,0.4186473658096438,0.1275186494478567,-0.15093093938746618
-0.20191576521037888,0.9385523536916062,-0.9041125527538505,-0.6456405186984736,1.016031239032737,-0.20688835177805515,0.297514809162875,-0.03571333301726227,-0.49419036213869283,0.6328553809649223,-0.04785079080246081,0.7453844427760795,0.6615614248352865,-0.5368980840854324,0.3740645908042048,-0.1324974150996063,1.0622742909256802,0.82384588687060345,0.855678161282316,0.8410973652461475,0.903690214792232,-0.44300832897885073,-0.483717608024967,0.09707702453675471,-0.34096454223684386,1.240105370641067,-1.1514236452693807,-0.13671578461071854,-0.20593988660777887,0.260332658382233,0.8383548368190061,-1.3260770906766677,-0.1915790511316651,0.5038229166266969,-0.7778337451439052,-0.14091896545403973,0.456944595711218,0.12942780500918064,0.5587726297386808,0.04345308969098793,0.4186473658096438,0.3654023613814818,-0.16563648656278318,-0.09915931186825666
-0.4967224655702113,-0.581967376142022,1.0146720690237625,1.835387921792611,-0.0047105493860644995,0.8550516559718002,-0.6912720591350721,-0.44047290803943107,0.008590283035896923,-0.27998264862098815,0.20730982874462278,-0.188654257523057,-1.3631186141112275,-0.3677757053004125,-0.30679929540475964,0.7502042403647785,-2.203031155449097,-0.1305505796954187,0.24392475440471653,-1.6455777636059838,-0.40441978422350017,0.841994132444708,-0.13967071608140894,-0.51601033902692,1.0167295673837073,-0.46612928915256163,1.2114410563643752,1.0048852700560909,-0.5003194233363462,0.44144880825488314,-0.22832885938459377,1.3408706659616687,0.26486823997573555,1.3341261939840279,0.9032906372934943,-0.23548181035819468,0.4313533661266767,0.7550520759559535,-0.3352105278108958,0.47663757904743875,0.1275186494478567,-0.16563648656278318,0.5987959479771764,-0.016169357667269523
0.12367267622291754,-0.23659455547439814,0.17468548541246262,-0.00519903565617302,-0.3293797413154454,-0.032962119690882474,-0.015768909961718956,0.06299014625022048,0.15941778834606343,-0.17259403496808198,-0.008645438301577378,-0.21991578528014688,-0.055176880046232245,0.21738979208034745,-0.08555347790566212,-0.04476954600283195,-0.08705597087522675,-0.25211020769949444,-0.30629211746399754,-0.08048111610785409,-0.24614690482710944,0.04529599304579806,0.17331947055457417,0.02884871547046002,-0.008395766641135692,-0.34817275555108423,0.23202752253593414,-0.07334111663101277,0.12553065876012595,-0.13629191492165882,-0.2453773233008753,0.2735201356549317,0.031165510881076205,-0.3196594084363052,0.14678934547023284,0.07332639740157919,-0.19879028408680952,-0.13056165769780495,-0.1421902998531855,-0.0698401121758226,-0.15093093938746618,-0.09915931186825666,-0.016169357667269523,0.03410148096592628
