V1,V2,V3,V4,V5,V6,V7,V8,V9,V10,V11,V12,V13,V14,V15,V16,V17,V18,V19,V20,V21,V22,V23,V24,V25,V26,V27,V28,V29,V30,V31,V32,V33,V34,V35,V36,V37,V38,V39,V40,V41,V42,V43,V44
39.45690779511311,12.594399605586645,-32.47087246355493,12.029961086105457,14.60927379783313,30.027762210717796,-11.054970302928977,1.2756436326452303,-13.127711355165838,-8.115361745614061,-5.584557523686531,46.107291901920725,-18.397558233818927,-5.210866070625494,6.1744355360271825,22.651508868757308,5.082908385605874,-25.47807692924123,-27.69678692960663,-28.718483578586575,12.57001964756491,-12.884428554189817,19.404224790938237,4.17850752630513,-7.7986926660475575,18.126406345210125,-9.197870613628924,5.940946605660999,-5.177996714727356,12.058721925040388,20.402926383761066,-12.706417762936097,13.381646975041246,-36.36463018453067,-3.6634356723157904,-23.853111763159617,-38.065533600809445,-8.09141718461791,-39.863552278945996,3.2074656335523115,-6.613698355492223,39.58719687289259,23.3035977375904,9.305089859894343
12.594399605586645,4.244367900272849,-10.552484813065664,3.349511585130811,4.459242919074165,9.707194607668317,-3.61071022302818,1.066882917621037,-3.6118186388498605,-2.6531898939267533,-1.4015816208144136,14.973955933942964,-5.85593587919744,-1.3014189345794467,1.9417151930802135,7.513921274425788,2.427727241194925,-8.056645023787995,-8.83854317858873,-9.41617190087827,3.781777892573022,-4.22102376854853,5.861467387596831,1.4424406052691239,-2.773904874498475,5.629026602659262,-3.0033428407180325,2.287688772220389,-1.6902064637403114,4.254520039939864,6.644280305626197,-4.452019354158359,4.145788015700868,-10.915470441936376,-1.3269034599182625,-7.875629587741692,-12.531921501463634,-2.242857206272714,-12.7653971739404,0.8176893116459344,-1.568284384671573,13.099804814662143,7.500243641444058,2.9431705356917712
-32.47087246355493,-10.552484813065664,26.87934177480041,-9.489082791285782,-11.85175599368616,-24.814030500100497,9.166419967946213,-1.602577090091463,10.318672471288258,6.731191378747829,4.2764148854925255,-38.15916670984934,15.126458875319157,3.9849957081888996,-5.056900570375041,-18.87878081561484,-4.857840865344855,20.9035592333209,22.79105838202013,23.842709666540124,-10.15142245735184,10.693971133053976,-15.690157639026483,-3.5296924522991637,6.65653760297183,-14.785717711900281,7.625906366518241,-5.217123895124588,4.292562703982673,-10.263603640698149,-16.90099697786552,10.788820597551885,-10.90711708335526,29.34647001844476,3.1469760190194696,19.84942285689437,31.645802863906958,6.373974330823301,32.84011478535882,-2.4669349654297603,4.9878933083120085,-32.96686272530002,-19.229476058784286,-7.6349273224345975
12.029961086105457,3.349511585130811,-9.489082791285782,4.740931497026906,4.900189436639994,8.887919229708933,-3.1915419196553922,-1.0547556908187432,-5.268244026230301,-2.3368770204382336,-2.535317525593014,13.497057051422729,-5.645494402740395,-2.380284360977141,1.9469203868150198,6.286246224986836,-0.2120982286495938,-7.9338924842869325,-8.448239991123339,-8.209770952073297,4.337524734218133,-3.690937618932633,6.642745079924325,1.0356226819835845,-1.7555891556419407,5.87005162392911,-2.6569421868198693,0.9557312423362163,-1.4969349967953447,2.789952638695036,5.932237349356064,-3.0076418273767223,4.354766014800517,-12.601593825075662,-0.7728685777383237,-6.700442364043028,-10.771555496238467,-3.210312147831633,-12.064395047582128,1.4292879688388076,-3.2037592199647706,11.055414029254512,6.970079422060722,2.8958816335953252
14.60927379783313,4.459242919074165,-11.85175599368616,4.900189436639994,5.59469316376114,11.006842213319782,-4.0186762722156875,-0.12768871746466057,-5.3867612333141475,-2.9476895143286765,-2.414002883215758,16.838370950365842,-6.8268860624100896,-2.2584157979179635,2.312759054499511,8.12905948655307,1.1497013094029738,-9.5024397560642,-10.256706278307936,-10.406366018054763,4.863956579153231,-4.671950375244838,7.48667051620034,1.4481671330346202,-2.628863319378846,6.854177255694099,-3.344313381162092,1.8438898619640092,-1.883164221249395,4.096288859254214,7.434550586462272,-4.344482613342308,5.068828206334069,-14.09373987514737,-1.2133085295056139,-8.593890035394269,-13.747209098024703,-3.3049540886827766,-14.7224682563075,1.3751197010871015,-2.9423732909723035,14.235814460344601,8.572151398199349,3.4697508556468724
30.027762210717796,9.707194607668317,-24.814030500100497,8.887919229708933,11.006842213319782,22.919788692074867,-8.458272458252427,1.3300603408622618,-9.67541103686059,-6.210292199370754,-4.041253482769791,35.23011917976738,-13.992318989313501,-3.768182747614154,4.683713896821692,17.39378291608117,4.3074674317580754,-19.34825313038232,-21.07578295603199,-21.990872365979662,9.44138873924535,-9.864224175228836,14.58562331243001,3.2384630995045454,-6.090936084752723,13.709736834400509,-7.0367989090708924,4.735196077506249,-3.960946519899591,9.398756880249522,15.599115422516757,-9.886618590407197,10.115226092739958,-27.298207363365425,-2.874753419745494,-18.29659059167652,-29.177691020030082,-5.9722342260916585,-30.360091883083513,2.3288913473682604,-4.737225748903857,30.380199466631122,17.76864645128195,7.066443258158316
-11.054970302928977,-3.61071022302818,9.166419967946213,-3.1915419196553922,-4.0186762722156875,-8.458272458252427,3.1275200094775237,-0.5981247272667388,3.4669559455448797,2.29668621039362,1.4251409984811598,-13.012564473391262,5.148695282788747,1.3277756350221548,-1.7195970328036556,-6.450375260837511,-1.7182271617140037,7.110758756683299,7.758854700911164,8.137109194698455,-3.4380567806192492,3.64940787339589,-5.315167702740672,-1.2101114710229017,2.2892348666812343,-5.021580346522188,2.601744693248784,-1.807707643421596,1.464430910085761,-3.5268914744213213,-5.764588464032772,3.704997578232963,-3.703409294675414,9.936290844216439,1.0842847615654425,6.779130065516657,10.8048014268457,2.142837689573342,11.184139007985722,-0.8235320709763921,1.6547692105633305,-11.261027302620764,-6.551901942477354,-2.597145146531658
1.2756436326452303,1.066882917621037,-1.602577090091463,-1.0547556908187432,-0.12768871746466057,1.3300603408622618,-0.5981247272667388,1.9836010399875152,1.2784898652231753,-0.4472825185478281,0.9393849533551896,2.244591728114499,-0.5459909547041834,0.8964051066669949,0.11285968090825543,1.5662228462163539,2.534509344535507,-0.6004880478446125,-0.8906184011683679,-1.6634582418439718,-0.27329198634025914,-0.7359622524609355,-0.3500756201591958,0.45599274090787684,-1.0889627102022617,0.1237728642529244,-0.4956250064466689,1.3430434556055302,-0.2774763021183249,1.5825345445709014,1.0476011956848357,-1.5762077132712211,0.06293387470496213,0.8619425558393553,-0.5811123963273785,-1.5406710491677829,-2.3528694809064747,0.7383875162213447,-1.4092900417586718,-0.5034860834520258,1.3835030684707754,2.6443674950228573,0.9349397773695078,0.22173209348129716
-13.127711355165838,-3.6118186388498605,10.318672471288258,-5.268244026230301,-5.3867612333141475,-9.67541103686059,3.4669559455448797,1.2784898652231753,5.860750687797399,2.5379646888451664,2.840124169414595,-14.679140200974718,6.163820010206625,2.667373606173182,-2.130256370277154,-6.805120200556206,0.38696100289070107,8.67251339419045,9.219394752244906,8.910637774877387,-4.777953216792461,4.006774019852399,-7.313016153112258,-1.1090097697384427,1.860908668075496,-6.436051870589215,2.8863801173532853,-0.9673738831029667,1.6262613736436178,-2.966301908454482,-6.448120358944006,3.2056681490297567,-4.776326668650785,13.88527633478843,0.8130834793258727,7.261374286060664,11.680779221205205,3.5688824946618407,13.157296430721411,-1.5994892708604957,3.600956850526543,-11.97464218235961,-7.594120554338397,-3.1652823367680742
-8.115361745614061,-2.6531898939267533,6.731191378747829,-2.3368770204382336,-2.9476895143286765,-6.210292199370754,2.29668621039362,-0.4472825185478281,2.5379646888451664,1.6868401150143788,1.0419881149106438,-9.555153857726316,3.7793855407424966,0.9703516329144414,-1.261725792339157,-4.738331034651992,-1.271109269465268,5.219012578143126,5.696126718234388,5.976763535962769,-2.5207343661627672,2.680402704445588,-3.897954276446265,-0.889998927340828,1.6837748652500566,-3.6842208124762297,1.9107119276513809,-1.3315494801427472,1.0754987135871268,-2.593903357350283,-4.233428611502879,2.72441574818893,-2.7171060180319917,7.285502273180229,0.7976006455633726,4.9794357302868795,7.936184071196817,1.5690512568633426,8.210575210486338,-0.6020493287400125,1.2082490827473593,-8.272184520903876,-4.8103582947684265,-1.906264020263886
-5.584557523686531,-1.4015816208144136,4.2764148854925255,-2.535317525593014,-2.414002883215758,-4.041253482769791,1.4251409984811598,0.9393849533551896,2.840124169414595,1.0419881149106438,1.4380578675036138,-6.089132992671248,2.6317517188429354,1.3520509858566174,-0.9229483557466592,-2.7238558073410175,0.6481717214008232,3.7347281588424757,3.9244412202234242,3.6416955683301713,-2.16989922947888,1.6397110290398642,-3.3108352583141625,-0.4074199251837373,0.6200204952997534,-2.8314452012482194,1.18720077995866,-0.17596085557046656,0.6694278868033715,-1.0178447156907726,-2.6639149477489363,1.1251463201637892,-2.1073508123001523,6.321127374599564,0.2503672192807518,2.9308391988262965,4.739241563946174,1.722535092967111,5.572029894213221,-0.8039229120972663,1.8577464192812985,-4.815263264285129,-3.193179183114797,-1.362980802167675
46.107291901920725,14.973955933942964,-38.15916670984934,13.497057051422729,16.838370950365842,35.23011917976738,-13.012564473391262,2.244591728114499,-14.679140200974718,-9.555153857726316,-6.089132992671248,54.173756287688256,-21.479984105654843,-5.675185675817186,7.1825864658250955,26.79462100022256,6.860663551785906,-29.68578902914868,-32.36158173705187,-33.84357119011025,14.42613914984632,-15.179715499543194,22.294484982993545,5.006353885116309,-9.439442171659948,21.002868202263187,-10.82552745665764,7.390542614141344,-6.09355153471146,14.55567112517831,23.99265621951136,-15.30184612644984,15.493509268565193,-41.70371919772072,-4.462007823309556,-28.17409201309749,-44.918758694731,-9.066359186897822,-46.63016817761644,3.5128946829501664,-7.107707629728247,46.79051066062346,27.30253951433669,10.842314107399092
-18.397558233818927,-5.85593587919744,15.126458875319157,-5.645494402740395,-6.8268860624100896,-13.992318989313501,5.148695282788747,-0.5459909547041834,6.163820010206625,3.7793855407424966,2.6317517188429354,-21.479984105654843,8.579581974554989,2.4563194789723872,-2.8813395712075223,-10.541031267984243,-2.310613102876203,11.885285643029226,12.914068224387282,13.372035396887284,-5.8783353862506695,5.99952475968218,-9.072039951311522,-1.9401223328863608,3.6155350028865305,-8.463543657939132,4.283797144860754,-2.741431992380135,2.41161462029346,-5.592957916679709,-9.503597104927959,5.895563315750564,-6.248754363588578,17.007111572106062,1.6967784556557624,11.103015229169602,17.720970070670027,3.7978163692371694,18.584355148992206,-1.5109764754719108,3.123809511485748,-18.424295687311442,-10.861358485584821,-4.340593119172056
-5.210866070625494,-1.3014189345794467,3.9849957081888996,-2.380284360977141,-2.2584157979179635,-3.768182747614154,1.3277756350221548,0.8964051066669949,2.667373606173182,0.9703516329144414,1.3520509858566174,-5.675185675817186,2.4563194789723872,1.272142925016983,-0.8627014580917087,-2.5338872774445123,0.6284329015183319,3.4871211004857474,3.6608513731219574,3.3899482126011238,-2.032351351398415,1.526555383584103,-3.0987256028239174,-0.376190016793451,0.5707610450151088,-2.6471014542276268,1.105920364880145,-0.15319760444534966,0.6234776420656902,-0.9382703738764718,-2.4817459783753737,1.038758301931791,-1.9699667019315605,5.919380461894303,0.22974754618710264,2.7278013251583757,4.411447331197771,1.6170071769663639,5.198305879741942,-0.7563880083094766,1.749343256795975,-4.479668669107168,-2.9779027800503126,-1.2723630005117754
6.1744355360271825,1.9417151930802135,-5.056900570375041,1.9469203868150198,2.312759054499511,4.683713896821692,-1.7195970328036556,0.11285968090825543,-2.130256370277154,-1.261725792339157,-0.9229483557466592,7.1825864658250955,-2.8813395712075223,-0.8627014580917087,0.9706306337764996,3.5081176266187524,0.6900227232941177,-3.996947248387169,-4.333570273754344,-4.460828923450292,1.9979873011586433,-2.0018056618439988,3.07969900974666,0.6390320761902283,-1.1836832841739071,2.8575049324742303,-1.430660158572613,0.8789624502498726,-0.8053881122844752,1.834416481376201,3.175517074682279,-1.9369845905290788,2.1104865562823525,-5.781910817125948,-0.5533223163765381,-3.699157187180282,-5.907363071114634,-1.310485649463768,-6.2330885175985875,0.5292150397290682,-1.1059433281291584,6.134451903440626,3.6388640236783103,1.4594595848814174
22.651508868757308,7.513921274425788,-18.87878081561484,6.286246224986836,8.12905948655307,17.39378291608117,-6.450375260837511,1.5662228462163539,-6.805120200556206,-4.738331034651992,-2.7238558073410175,26.79462100022256,-10.541031267984243,-2.5338872774445123,3.5081176266187524,13.362854661667631,3.9362556363133865,-14.530713713588518,-15.897096983877038,-16.801829898172468,6.925235299514021,-7.533641964489896,10.719379182036883,2.5358844922175408,-4.8372864874469315,10.208040448844608,-5.365696702004515,3.9056964809428605,-3.0198921217481334,7.435661634476715,11.879636739228202,-7.795789524619275,7.523378499888099,-20.00195200324237,-2.3027225035881975,-14.02518541609862,-22.335602928258574,-4.215336600267786,-22.93722946273988,1.580896719093103,-3.11054188620042,23.3129269730752,13.456536953348873,5.307666089585899
5.082908385605874,2.427727241194925,-4.857840865344855,-0.2120982286495938,1.1497013094029738,4.3074674317580754,-1.7182271617140037,2.534509344535507,0.38696100289070107,-1.271109269465268,0.6481717214008232,6.860663551785906,-2.310613102876203,0.6284329015183319,0.6900227232941177,3.9362556363133865,3.547557469733101,-3.0097664077629447,-3.561248705594596,-4.596063543260874,0.7904923557620479,-2.049407151780618,1.3065255880597397,0.9293340710905257,-2.026490469629366,1.7713354299195656,-1.426990917845737,2.1704494941012498,-0.8013311866138441,3.009501134440302,3.1018870153609424,-3.059681356135382,1.2725805205077554,-2.1985154073810844,-1.0372569422302702,-4.012630418748232,-6.273768238924414,0.17823538607052766,-5.282628410802282,-0.3276391558776781,1.097481246811308,6.76527829768622,3.2237425290369925,1.1019402360208634
-25.47807692924123,-8.056645023787995,20.9035592333209,-7.9338924842869325,-9.5024397560642,-19.34825313038232,7.110758756683299,-0.6004880478446125,8.67251339419045,5.219012578143126,3.7347281588424757,-29.68578902914868,11.885285643029226,3.4871211004857474,-3.996947248387169,-14.530713713588518,-3.0097664077629447,16.477341447749712,17.884877526824177,18.459610920798248,-8.194845378912474,8.283006772024509,-12.641995035187529,-2.6612565930397354,4.93962854769491,-11.75770974626467,5.916471170791096,-3.7039452993994644,3.330890378555549,-7.649528272518753,-13.129988131167021,8.070873600253194,-8.68327273394647,23.7155292877073,2.3124105431495505,15.314026687218115,24.450728325610363,5.339694390230016,25.726844671891765,-2.1409335471705915,4.454151622589717,-25.405434917679692,-15.026742327783566,-6.017555596094501
-27.69678692960663,-8.83854317858873,22.79105838202013,-8.448239991123339,-10.256706278307936,-21.07578295603199,7.758854700911164,-0.8906184011683679,9.219394752244906,5.696126718234388,3.9244412202234242,-32.36158173705187,12.914068224387282,3.6608513731219574,-4.333570273754344,-15.897096983877038,-3.561248705594596,17.884877526824177,19.443110103963495,20.157797845099022,-8.824312892292125,9.043658410231602,-13.623966195144922,-2.9331849776000047,5.471163656016035,-12.724475044167356,6.455701497311998,-4.1663825498405,3.634467392473246,-8.460655271602247,-14.320767332496555,8.915287737517867,-9.394384825536306,25.530694504349235,2.569260453298204,16.74052714779638,26.716263205427186,5.682861062343658,27.98148360838195,-2.2529145592406916,4.646998432343943,-27.78408635638423,-16.357201748114676,-6.532227695842703
-28.718483578586575,-9.41617190087827,23.842709666540124,-8.209770952073297,-10.406366018054763,-21.990872365979662,8.137109194698455,-1.6634582418439718,8.910637774877387,5.976763535962769,3.6416955683301713,-33.84357119011025,13.372035396887284,3.3899482126011238,-4.460828923450292,-16.801829898172468,-4.596063543260874,18.459610920798248,20.157797845099022,21.18110335000213,-8.891431651476667,9.498810664735938,-13.753771122058023,-3.1631927212009003,5.992440212584952,-13.018063206349954,6.769549155431961,-4.759153545021448,3.81046904127279,-9.227804138419074,-14.996978992516382,9.68878762015851,-9.5999782412332,25.696583284440294,2.8409718587092034,17.652013480764335,28.13001005386511,5.511238270623991,29.059899352296846,-2.1048486772651285,4.2096104107349115,-29.329358098952707,-17.0299795949205,-6.74284380157791
12.57001964756491,3.781777892573022,-10.15142245735184,4.337524734218133,4.863956579153231,9.44138873924535,-3.4380567806192492,-0.27329198634025914,-4.777953216792461,-2.5207343661627672,-2.16989922947888,14.42613914984632,-5.8783353862506695,-2.032351351398415,1.9979873011586433,6.925235299514021,0.7904923557620479,-8.194845378912474,-8.824312892292125,-8.891431651476667,4.243041273247615,-3.9927189778669665,6.523238887155245,1.2183061921621428,-2.1924564501426707,5.93678465727224,-2.8610657456257655,1.490664920057344,-1.611079090089606,3.42510214706061,6.36426200564743,-3.640948853329847,4.392325422314438,-12.298365577159556,-1.0060232561634481,-7.330769881463558,-11.734970109356446,-2.9272585369480715,-12.657833116644921,1.2344941301656538,-2.6655421385254328,12.134713078994482,7.360753824800855,2.9918087960048045
-12.884428554189817,-4.22102376854853,10.693971133053976,-3.690937618932633,-4.671950375244838,-9.864224175228836,3.64940787339589,-0.7359622524609355,4.006774019852399,2.680402704445588,1.6397110290398642,-15.179715499543194,5.99952475968218,1.526555383584103,-2.0018056618439988,-7.533641964489896,-2.049407151780618,8.283006772024509,9.043658410231602,9.498810664735938,-3.9927189778669665,4.259912081616645,-6.175735708718252,-1.4173783414334447,2.6840157850671647,-5.842959048766079,3.036054759160512,-2.1290506193432055,1.708940002062349,-4.133608014739255,-6.72621306843178,4.340647460356213,-4.3089296502143295,11.539462205174383,1.2721399664821704,7.915366537622193,12.61438107018347,2.4778551249988103,13.036914726981925,-0.9474628141616737,1.8970852821926296,-13.151176524993588,-7.6394233497564175,-3.0255861638873847
19.404224790938237,5.861467387596831,-15.690157639026483,6.642745079924325,7.48667051620034,14.58562331243001,-5.315167702740672,-0.3500756201591958,-7.313016153112258,-3.897954276446265,-3.3108352583141625,22.294484982993545,-9.072039951311522,-3.0987256028239174,3.07969900974666,10.719379182036883,1.3065255880597397,-12.641995035187529,-13.623966195144922,-13.753771122058023,6.523238887155245,-6.175735708718252,10.034935599978384,1.8939295051790992,-3.4135688035465295,9.146587128966752,-4.423448038194476,2.3418939417542495,-2.491077043196889,5.329539029104865,9.838516396851613,-5.661729792917232,6.767002237525083,-18.908572069163966,-1.5681524157360787,-11.34261707340469,-18.154663863656317,-4.482749439975371,-19.543318464603434,1.882879294649424,-4.056615320248861,18.781212251271878,11.368765666376325,4.616071358468747
4.17850752630513,1.4424406052691239,-3.5296924522991637,1.0356226819835845,1.4481671330346202,3.2384630995045454,-1.2101114710229017,0.45599274090787684,-1.1090097697384427,-0.889998927340828,-0.4074199251837373,5.006353885116309,-1.9401223328863608,-0.376190016793451,0.6390320761902283,2.5358844922175408,0.9293340710905257,-2.6612565930397354,-2.9331849776000047,-3.1631927212009003,1.2183061921621428,-1.4173783414334447,1.8939295051790992,0.4961083700866563,-0.9634695225459908,1.8429050374769886,-1.006658794146189,0.818650166946607,-0.5665713420443105,1.473444911363773,2.224729502802214,-1.5374478719693585,1.3561859981219904,-3.514085844552345,-0.4636647269234311,-2.6523916743180602,-4.215899358847924,-0.6920816934047607,-4.24120869736757,0.2393459346909726,-0.4368684535730082,4.417256470226847,2.4976614066491707,0.9725471546943324
-7.7986926660475575,-2.773904874498475,6.65653760297183,-1.7555891556419407,-2.628863319378846,-6.090936084752723,2.2892348666812343,-1.0889627102022617,1.860908668075496,1.6837748652500566,0.6200204952997534,-9.439442171659948,3.6155350028865305,0.5707610450151088,-1.1836832841739071,-4.8372864874469315,-2.026490469629366,4.93962854769491,5.471163656016035,5.992440212584952,-2.1924564501426707,2.6840157850671647,-3.4135688035465295,-0.9634695225459908,1.9029138041577105,-3.384002342427504,1.903643814209397,-1.6709950136856233,1.0708551728558562,-2.89825864093989,-4.200000890929464,3.014480053470501,-2.485461430778921,6.310188250642802,0.9244141361494,5.047300034773919,8.00820471636083,1.1680159197503535,7.931448524330572,-0.37259099881842384,0.6186153317162222,-8.413089932022306,-4.684524566593194,-1.8047621019984472
18.126406345210125,5.629026602659262,-14.785717711900281,5.87005162392911,6.854177255694099,13.709736834400509,-5.021580346522188,0.1237728642529244,-6.436051870589215,-3.6842208124762297,-2.8314452012482194,21.002868202263187,-8.463543657939132,-2.6471014542276268,2.8575049324742303,10.208040448844608,1.7713354299195656,-11.75770974626467,-12.724475044167356,-13.018063206349954,5.93678465727224,-5.842959048766079,9.146587128966752,1.8429050374769886,-3.384002342427504,8.437461517614953,-4.1784223133436,2.4557702207542067,-2.3525660822889147,5.256378733496163,9.28080729131245,-5.560393044860511,6.235406795127067,-17.19101295169822,-1.5733377149533272,-10.77549826144169,-17.220644475129113,-3.9549390946994776,-18.28478142066854,1.6181188187887927,-3.4182598371106363,17.861892250891827,10.66258152010101,4.293419651977935
-9.197870613628924,-3.0033428407180325,7.625906366518241,-2.6569421868198693,-3.344313381162092,-7.0367989090708924,2.601744693248784,-0.4956250064466689,2.8863801173532853,1.9107119276513809,1.18720077995866,-10.82552745665764,4.283797144860754,1.105920364880145,-1.430660158572613,-5.365696702004515,-1.426990917845737,5.916471170791096,6.455701497311998,6.769549155431961,-2.8610657456257655,3.036054759160512,-4.423448038194476,-1.006658794146189,1.903643814209397,-4.1784223133436,2.164447774367361,-1.5026223706005333,1.2182968358330897,-2.9330544652810744,-4.795833207192758,3.0812161034148597,-3.08165343434745,8.26921309791381,0.9014778046894597,5.6393180519031665,8.988370584620508,1.7840366574481912,9.305111864075926,-0.6858227049196399,1.378598189675884,-9.367744160636036,-5.450980091375662,-2.1609653813310516
5.940946605660999,2.287688772220389,-5.217123895124588,0.9557312423362163,1.8438898619640092,4.735196077506249,-1.807707643421596,1.3430434556055302,-0.9673738831029667,-1.3315494801427472,-0.17596085557046656,7.390542614141344,-2.741431992380135,-0.15319760444534966,0.8789624502498726,3.9056964809428605,2.1704494941012498,-3.7039452993994644,-4.1663825498405,-4.759153545021448,1.490664920057344,-2.1290506193432055,2.3418939417542495,0.818650166946607,-1.6709950136856233,2.4557702207542067,-1.5026223706005333,1.5774679603034216,-0.8449063045733813,2.5232780600025118,3.3020409096763212,-2.6046380402759315,1.7957207955104004,-4.268378657980857,-0.8266891580661955,-4.048620219872223,-6.397464539832544,-0.6252890554649382,-6.074104587206644,0.12337861958779653,-0.04882346567069069,6.769902827761563,3.616754061051614,1.3539267928770826
-5.177996714727356,-1.6902064637403114,4.292562703982673,-1.4969349967953447,-1.883164221249395,-3.960946519899591,1.464430910085761,-0.2774763021183249,1.6262613736436178,1.0754987135871268,0.6694278868033715,-6.09355153471146,2.41161462029346,0.6234776420656902,-0.8053881122844752,-3.0198921217481334,-0.8013311866138441,3.330890378555549,3.634467392473246,3.81046904127279,-1.611079090089606,1.708940002062349,-2.491077043196889,-0.5665713420443105,1.0708551728558562,-2.3525660822889147,1.2182968358330897,-0.8449063045733813,0.6857936772343852,-1.6500841183923445,-2.6994982325441668,1.7335066631417546,-1.735207234746511,4.656718934874731,0.5069626368017942,3.1739208238427796,5.0590635567315125,1.0051965552886304,5.238264824505209,-0.3865888599220303,0.7773960779423433,-5.272479527656836,-3.0685282575443535,-1.216655707028879
12.058721925040388,4.254520039939864,-10.263603640698149,2.789952638695036,4.096288859254214,9.398756880249522,-3.5268914744213213,1.5825345445709014,-2.966301908454482,-2.593903357350283,-1.0178447156907726,14.55567112517831,-5.592957916679709,-0.9382703738764718,1.834416481376201,7.435661634476715,3.009501134440302,-7.649528272518753,-8.460655271602247,-9.227804138419074,3.42510214706061,-4.133608014739255,5.329539029104865,1.473444911363773,-2.89825864093989,5.256378733496163,-2.9330544652810744,2.5232780600025118,-1.6500841183923445,4.4187860808423425,6.473978513080537,-4.599866539287051,3.862503848264983,-9.863132833346608,-1.4047209592283723,-7.763673520870083,-12.323664173871515,-1.8584732232050294,-12.257493393210675,0.6077399084067574,-1.0400858874060557,12.937219577487586,7.2338164580243145,2.794879816838919
20.402926383761066,6.644280305626197,-16.90099697786552,5.932237349356064,7.434550586462272,15.599115422516757,-5.764588464032772,1.0476011956848357,-6.448120358944006,-4.233428611502879,-2.6639149477489363,23.99265621951136,-9.503597104927959,-2.4817459783753737,3.175517074682279,11.879636739228202,3.1018870153609424,-13.129988131167021,-14.320767332496555,-14.996978992516382,6.36426200564743,-6.72621306843178,9.838516396851613,2.224729502802214,-4.200000890929464,9.28080729131245,-4.795833207192758,3.3020409096763212,-2.6994982325441668,6.473978513080537,10.627839947792157,-6.8033574330161475,6.845678965244023,-18.397109854692133,-1.9869311306548922,-12.488244433427331,-19.907822037420477,-3.9842813591789925,-20.637357503507925,1.5374028638896735,-3.1008526533254073,20.743013090787326,12.086465303757748,4.795711834987767
-12.706417762936097,-4.452019354158359,10.788820597551885,-3.0076418273767223,-4.344482613342308,-9.886618590407197,3.704997578232963,-1.5762077132712211,3.2056681490297567,2.72441574818893,1.1251463201637892,-15.30184612644984,5.895563315750564,1.038758301931791,-1.9369845905290788,-7.795789524619275,-3.059681356135382,8.070873600253194,8.915287737517867,9.68878762015851,-3.640948853329847,4.340647460356213,-5.661729792917232,-1.5374478719693585,3.014480053470501,-5.560393044860511,3.0812161034148597,-2.6046380402759315,1.7335066631417546,-4.599866539287051,-6.8033574330161475,4.792091280474333,-4.087335497784247,10.488552973507296,1.4583531128395861,8.14433384061146,12.93265596643424,2.00525534118365,12.910088341330178,-0.6687495725256969,1.1710034394896842,-13.567811700952797,-7.613748542423565,-2.948767886107574
13.381646975041246,4.145788015700868,-10.90711708335526,4.354766014800517,5.068828206334069,10.115226092739958,-3.703409294675414,0.06293387470496213,-4.776326668650785,-2.7171060180319917,-2.1073508123001523,15.493509268565193,-6.248754363588578,-1.9699667019315605,2.1104865562823525,7.523378499888099,1.2725805205077554,-8.68327273394647,-9.394384825536306,-9.5999782412332,4.392325422314438,-4.3089296502143295,6.767002237525083,1.3561859981219904,-2.485461430778921,6.235406795127067,-3.08165343434745,1.7957207955104004,-1.735207234746511,3.862503848264983,6.845678965244023,-4.087335497784247,4.608826678465118,-12.720628346272566,-1.1541999837708543,-7.943082655918985,-12.696114437846862,-2.934575392083067,-13.496667180679953,1.203435067817443,-2.547056542854744,13.166097169413538,7.8688287380764494,3.1709177129033472
-36.36463018453067,-10.915470441936376,29.34647001844476,-12.601593825075662,-14.09373987514737,-27.298207363365425,9.936290844216439,0.8619425558393553,13.88527633478843,7.285502273180229,6.321127374599564,-41.70371919772072,17.007111572106062,5.919380461894303,-5.781910817125948,-20.00195200324237,-2.1985154073810844,23.7155292877073,25.530694504349235,25.696583284440294,-12.298365577159556,11.539462205174383,-18.908572069163966,-3.514085844552345,6.310188250642802,-17.19101295169822,8.26921309791381,-4.268378657980857,4.656718934874731,-9.863132833346608,-18.397109854692133,10.488552973507296,-12.720628346272566,35.652646875873494,2.8915156623752045,21.177175968302848,33.905662751962474,8.50612256222519,36.61327448273253,-3.5932691851059224,7.770890185334738,-35.05371945650906,-21.287010743760295,-8.658619296855946
-3.6634356723157904,-1.3269034599182625,3.1469760190194696,-0.7728685777383237,-1.2133085295056139,-2.874753419745494,1.0842847615654425,-0.5811123963273785,0.8130834793258727,0.7976006455633726,0.2503672192807518,-4.462007823309556,1.6967784556557624,0.22974754618710264,-0.5533223163765381,-2.3027225035881975,-1.0372569422302702,2.3124105431495505,2.569260453298204,2.8409718587092034,-1.0060232561634481,1.2721399664821704,-1.5681524157360787,-0.4636647269234311,0.9244141361494,-1.5733377149533272,0.9014778046894597,-0.8266891580661955,0.5069626368017942,-1.4047209592283723,-1.9869311306548922,1.4583531128395861,-1.1541999837708543,2.8915156623752045,0.4513988137588745,2.399193677110741,3.8026173935480587,0.5125745161671207,3.7303567706664973,-0.15335274805355864,0.23312105293017074,-4.00134131021655,-2.2072336311595464,-0.8447781011040228
-23.853111763159617,-7.875629587741692,19.84942285689437,-6.700442364043028,-8.593890035394269,-18.29659059167652,6.779130065516657,-1.5406710491677829,7.261374286060664,4.9794357302868795,2.9308391988262965,-28.17409201309749,11.103015229169602,2.7278013251583757,-3.699157187180282,-14.02518541609862,-4.012630418748232,15.314026687218115,16.74052714779638,17.652013480764335,-7.330769881463558,7.915366537622193,-11.34261707340469,-2.6523916743180602,5.047300034773919,-10.77549826144169,5.6393180519031665,-4.048620219872223,3.1739208238427796,-7.763673520870083,-12.488244433427331,8.14433384061146,-7.943082655918985,21.177175968302848,2.399193677110741,14.726405651629072,23.45789775691292,4.494865911539883,24.147327152187096,-1.6988350905028184,3.36489926412017,-24.473454630558066,-14.160254008636498,-5.593543712277658
-38.065533600809445,-12.531921501463634,31.645802863906958,-10.771555496238467,-13.747209098024703,-29.177691020030082,10.8048014268457,-2.3528694809064747,11.680779221205205,7.936184071196817,4.739241563946174,-44.918758694731,17.720970070670027,4.411447331197771,-5.907363071114634,-22.335602928258574,-6.273768238924414,24.450728325610363,26.716263205427186,28.13001005386511,-11.734970109356446,12.61438107018347,-18.154663863656317,-4.215899358847924,8.00820471636083,-17.220644475129113,8.988370584620508,-6.397464539832544,5.0590635567315125,-12.323664173871515,-19.907822037420477,12.93265596643424,-12.696114437846862,33.905662751962474,3.8026173935480587,23.45789775691292,37.372831371912724,7.227883251410711,38.52810792211224,-2.7439471811888505,5.457156009808526,-38.980519455060985,-22.587214137807297,-8.93095200722346
-8.09141718461791,-2.242857206272714,6.373974330823301,-3.210312147831633,-3.3049540886827766,-5.9722342260916585,2.142837689573342,0.7383875162213447,3.5688824946618407,1.5690512568633426,1.722535092967111,-9.066359186897822,3.7978163692371694,1.6170071769663639,-1.310485649463768,-4.215336600267786,0.17823538607052766,5.339694390230016,5.682861062343658,5.511238270623991,-2.9272585369480715,2.4778551249988103,-4.482749439975371,-0.6920816934047607,1.1680159197503535,-3.9549390946994776,1.7840366574481912,-0.6252890554649382,1.0051965552886304,-1.8584732232050294,-3.9842813591789925,2.00525534118365,-2.934575392083067,8.50612256222519,0.5125745161671207,4.494865911539883,7.227883251410711,2.1744448184376175,8.112557005746897,-0.970343942606803,2.17889387261616,-7.415324377557902,-4.685252780776902,-1.949021324401066
-39.863552278945996,-12.7653971739404,32.84011478535882,-12.064395047582128,-14.7224682563075,-30.360091883083513,11.184139007985722,-1.4092900417586718,13.157296430721411,8.210575210486338,5.572029894213221,-46.63016817761644,18.584355148992206,5.198305879741942,-6.2330885175985875,-22.93722946273988,-5.282628410802282,25.726844671891765,27.98148360838195,29.059899352296846,-12.657833116644921,13.036914726981925,-19.543318464603434,-4.24120869736757,7.931448524330572,-18.28478142066854,9.305111864075926,-6.074104587206644,5.238264824505209,-12.257493393210675,-20.637357503507925,12.910088341330178,-13.496667180679953,36.61327448273253,3.7303567706664973,24.147327152187096,38.52810792211224,8.112557005746897,40.282264846481326,-3.2031238270259768,6.582537785903986,-40.08032521468504,-23.55533655248952,-9.395971127556052
3.2074656335523115,0.8176893116459344,-2.4669349654297603,1.4292879688388076,1.3751197010871015,2.3288913473682604,-0.8235320709763921,-0.5034860834520258,-1.5994892708604957,-0.6020493287400125,-0.8039229120972663,3.5128946829501664,-1.5109764754719108,-0.7563880083094766,0.5292150397290682,1.580896719093103,-0.3276391558776781,-2.1409335471705915,-2.2529145592406916,-2.1048486772651285,1.2344941301656538,-0.9474628141616737,1.882879294649424,0.2393459346909726,-0.37259099881842384,1.6181188187887927,-0.6858227049196399,0.12337861958779653,-0.3865888599220303,0.6077399084067574,1.5374028638896735,-0.6687495725256969,1.203435067817443,-3.5932691851059224,-0.15335274805355864,-1.6988350905028184,-2.7439471811888505,-0.970343942606803,-3.2031238270259768,0.4508393763587345,-1.0369255667252641,2.7918127716092553,1.837816792250353,0.7810747385245281
-6.613698355492223,-1.568284384671573,4.9878933083120085,-3.2037592199647706,-2.9423732909723035,-4.737225748903857,1.6547692105633305,1.3835030684707754,3.600956850526543,1.2082490827473593,1.8577464192812985,-7.107707629728247,3.123809511485748,1.749343256795975,-1.1059433281291584,-3.11054188620042,1.097481246811308,4.454151622589717,4.646998432343943,4.2096104107349115,-2.6655421385254328,1.8970852821926296,-4.056615320248861,-0.4368684535730082,0.6186153317162222,-3.4182598371106363,1.378598189675884,-0.04882346567069069,0.7773960779423433,-1.0400858874060557,-3.1008526533254073,1.1710034394896842,-2.547056542854744,7.770890185334738,0.23312105293017074,3.36489926412017,5.457156009808526,2.17889387261616,6.582537785903986,-1.0369255667252641,2.4224432071721944,-5.513065213299851,-3.756634610781455,-1.624852889821016
39.58719687289259,13.099804814662143,-32.96686272530002,11.055414029254512,14.235814460344601,30.380199466631122,-11.261027302620764,2.6443674950228573,-11.97464218235961,-8.272184520903876,-4.815263264285129,46.79051066062346,-18.424295687311442,-4.479668669107168,6.134451903440626,23.3129269730752,6.76527829768622,-25.405434917679692,-27.78408635638423,-29.329358098952707,12.134713078994482,-13.151176524993588,18.781212251271878,4.417256470226847,-8.413089932022306,17.861892250891827,-9.367744160636036,6.769902827761563,-5.272479527656836,12.937219577487586,20.743013090787326,-13.567811700952797,13.166097169413538,-35.05371945650906,-4.00134131021655,-24.473454630558066,-38.980519455060985,-7.415324377557902,-40.08032521468504,2.7918127716092553,-5.513065213299851,40.677208659056234,23.508460439272433,9.280011149718309
23.3035977375904,7.500243641444058,-19.229476058784286,6.970079422060722,8.572151398199349,17.76864645128195,-6.551901942477354,0.9349397773695078,-7.594120554338397,-4.8103582947684265,-3.193179183114797,27.30253951433669,-10.861358485584821,-2.9779027800503126,3.6388640236783103,13.456536953348873,3.2237425290369925,-15.026742327783566,-16.357201748114676,-17.0299795949205,7.360753824800855,-7.6394233497564175,11.368765666376325,2.4976614066491707,-4.684524566593194,10.66258152010101,-5.450980091375662,3.616754061051614,-3.0685282575443535,7.2338164580243145,12.086465303757748,-7.613748542423565,7.8688287380764494,-21.287010743760295,-2.2072336311595464,-14.160254008636498,-22.587214137807297,-4.685252780776902,-23.55533655248952,1.837816792250353,-3.756634610781455,23.508460439272433,13.780533407317982,5.48819825092566
9.305089859894343,2.9431705356917712,-7.6349273224345975,2.8958816335953252,3.4697508556468724,7.066443258158316,-2.597145146531658,0.22173209348129716,-3.1652823367680742,-1.906264020263886,-1.362980802167675,10.842314107399092,-4.340593119172056,-1.2723630005117754,1.4594595848814174,5.307666089585899,1.1019402360208634,-6.017555596094501,-6.532227695842703,-6.74284380157791,2.9918087960048045,-3.0255861638873847,4.616071358468747,0.9725471546943324,-1.8047621019984472,4.293419651977935,-2.1609653813310516,1.3539267928770826,-1.216655707028879,2.794879816838919,4.795711834987767,-2.948767886107574,3.1709177129033472,-8.658619296855946,-0.8447781011040228,-5.593543712277658,-8.93095200722346,-1.949021324401066,-9.395971127556052,0.7810747385245281,-1.624852889821016,9.280011149718309,5.48819825092566,2.1977617205644884
