V1,V2,V3,V4,V5,V6,V7,V8,V9,V10,V11,V12,V13,V14,V15,V16,V17,V18,V19,V20,V21,V22,V23,V24,V25,V26,V27,V28,V29,V30,V31,V32,V33,V34,V35,V36,V37,V38,V39,V40,V41,V42,V43,V44,V45,V46,V47,V48,V49
2.4576809038161884,-0.5688417261373251,-2.167551889141318,-0.3975531196526026,1.7932021372719333,1.4256857200271718,0.21116435181997725,-0.7887181972945004,1.5940654040761102,-1.3459412979056589,-1.4435511006393849,4.232409401996045,-1.7972502621381476,-0.3578825575197676,-1.3615606153219728,-0.6022462726260162,-3.2339107696481726,-2.0569867281036656,-1.603341027643776,4.137733921902656,-2.375432168982843,-1.236292733713356,1.881770443930277,2.3486548676047483,1.336001657809792,-1.7725546386146251,0.260491498085788,-1.6895174768771157,2.1387525904156512,-1.8708075132536268,-1.4222237797456154,-1.5790730170371734,-0.7892063774148759,-1.3945658924589002,0.19584362568266786,-1.8567061938037168,0.8344728438196152,-0.5312243725612621,-1.9837003821493093,1.5547306988042553,-1.7369775796457354,2.6679374213266738,-1.8433919878271467,-1.0461795386962236,-1.108229425791976,1.3182332095102312,1.0265642084415978,-2.00253929443449,2.3738344723910334
-0.5688417261373251,1.1359304819659521,0.67692274201073,1.0321988803527613,-0.7614085036524546,0.05013981827799318,1.1603593960009557,0.6775039573303888,-1.6760540659338052,-0.19109758493172052,0.26103206215226143,-1.2011329209446624,1.7555327231750604,0.5290722084997527,1.1395622207448277,1.552656641701747,1.0488967370376925,0.4878773460396169,0.6869729725935146,-1.8205232142768781,0.45983699257558625,0.5563858733586614,-0.8840700875956771,-1.2866188421339029,-0.7859335661038686,1.444840169887306,-0.23120330252059684,0.9604811873123197,-1.2295128354945992,1.1483093770037105,0.6641127151285593,0.6884500641503454,-0.6839626339018673,1.3453153632427866,-0.9397767891450108,0.8432641162672493,-0.45026995543277865,0.846729595597205,1.1077808989430356,-0.24756605251508004,1.659574144082089,-1.4786982899190555,1.6402331710638793,0.2711902211965331,0.5990064366335409,-1.4663753050505217,-0.34864793512031095,1.2559782047415327,-0.18123567837946097
-2.167551889141318,0.67692274201073,2.348597948702684,0.7305383949789599,-1.7293821077615572,-1.0221920143881598,0.31685038662145976,0.8738912166220598,-1.9365762045062214,0.7590066633709978,1.2299981958937138,-4.104200689605047,2.0530268887762175,0.3817343365095439,1.2787417517739614,0.8941775390543996,2.8391844730819153,1.9209748180058086,1.5641686649219528,-3.8781817072560076,2.1044471604377044,1.2428319580960385,-1.7504529277608722,-2.4000698244087677,-1.3314941290797406,1.9706003895903093,-0.08061858251442783,1.679281548126805,-1.9467056787280062,1.8311506763853267,1.8350427751210283,1.4773551120335733,0.3296915267770282,1.4509956396718742,-0.6097794668049479,1.7256753123748108,-0.6937375438275586,0.6945815431454895,1.7133482651411283,-1.4879692485892269,1.8228206283540989,-2.6154566589379153,2.001471587275523,1.1221306594909248,1.1819183460121485,-1.761849496652001,-0.7010662301338497,1.5832350521757301,-2.0342820243383026
-0.3975531196526026,1.0321988803527613,0.7305383949789599,1.5686660443907607,-0.86762145322916,0.023004363128597067,1.5165308612580903,0.5872645292735065,-2.0098926878339354,-0.2507273595559719,0.005940684149542705,-1.3723766982242995,1.8323901081585987,0.474375529096268,1.3157829310024904,1.591019017534233,0.5427332709696379,0.2543896775269278,0.5825227653494394,-1.9904723724043267,0.43280963683140283,0.3552814668154364,-0.449825113583813,-1.7030476000639994,-0.632571173851523,1.821272108239701,-0.3567996793759782,0.97041658346701,-1.1118231379370909,0.9663382045811433,0.6893427035112335,0.6805492500148754,-0.7453037573747298,1.0241723815492048,-1.1026827136940835,0.9651978674585245,-0.1565872514735489,0.9309362377410457,0.9992651394720671,-0.3469645936398438,1.694550462345707,-1.7257517805891718,1.7764718149557033,0.19965007392394027,0.5002289238639335,-1.8819139324344138,-0.08810955413887991,1.1325144973266825,-0.01909560295209447
1.7932021372719333,-0.7614085036524546,-1.7293821077615572,-0.86762145322916,1.811151277315583,1.0464741202598036,-0.42482682506624697,-0.9137937018362526,1.6153629717389826,-0.7715139241732113,-1.0238890514550518,3.511271811118694,-1.7874561145746493,-0.5075006437043051,-1.3057924309672997,-0.7398710161864573,-2.382686673016479,-1.3939912550266276,-1.0557415104085992,3.676428241169398,-1.6007542000453978,-0.9091371481912582,1.2825460752060416,2.4588555074508576,1.099092079172849,-1.916008407631749,0.47330511524834384,-1.6794933600331141,1.7097969687578418,-1.5916160564518023,-1.364819205085427,-1.2086304995362394,-0.389810726543346,-1.3294347257272763,0.5689291695544608,-1.6067467560069655,0.627571177744634,-0.9478628934943212,-1.6211309913219676,1.3789910034749335,-1.9008897581105626,2.344071762830049,-1.928305903516059,-0.6751479382899572,-1.0572649959921647,1.7247778490730445,0.9746188498957967,-1.8107983964463135,1.5388459304911442
1.4256857200271718,0.05013981827799318,-1.0221920143881598,0.023004363128597067,1.0464741202598036,1.2296852046443818,0.6169343441509537,-0.22580494126600753,0.34689238464676114,-1.2020912883308712,-0.8530556770785269,2.386195942171738,-0.4158566012427387,-0.051035057780524154,-0.5663527921161012,0.4035924436280896,-1.6627198841168833,-1.0077886499823063,-0.619403944252554,2.2532736410492284,-1.4031132022168717,-0.5079275071203849,0.6799716522065329,1.2887049917219817,0.4960447209920302,-0.6937721694692167,0.35414052625421133,-0.8223981221559911,0.9524017911389931,-0.7197358658306717,-0.49397615925262656,-0.7922972607224728,-1.048358344420749,-0.2232288319077016,-0.33948019851938105,-1.071046126785178,0.35852508435626185,-0.13928557676796857,-0.969708497410558,1.0574183600677727,-0.5192709254682434,1.2463703607483378,-0.6044793055533495,-0.4055290707386737,-0.4376787695875883,0.2994674482403313,0.7746606825256737,-1.0697807701353876,1.4716021209025205
0.21116435181997725,1.1603593960009557,0.31685038662145976,1.5165308612580903,-0.42482682506624697,0.6169343441509537,2.005051030795271,0.6891553453723516,-1.8901240965057506,-0.8729397891814205,-0.29662054275822286,-0.29923799262505757,1.858561130909061,0.5747845034176108,1.2004963728071445,2.044358129238453,-0.01181998998953611,-0.157134321788107,0.434525412131762,-1.0637148156677316,-0.25010954307947353,0.08886755929453465,-0.23783811286177736,-1.1494440149122653,-0.5226583200353724,1.5769994975448867,-0.15186030533706715,0.7475028339097757,-0.7531834323346825,0.7624127390656061,0.48936817233704094,0.23343429487717576,-1.3705569508315403,1.1988534922216074,-1.417818258273301,0.46386152831768124,-0.04416202800871521,0.9725523877604187,0.5866998418053231,0.07915558565304692,1.6939365350898983,-1.176264467374672,1.5826375258430596,0.054203319583625856,0.541362184662649,-1.8221731940019232,0.13427110412075735,0.788819196626585,0.6436243838764876
-0.7887181972945004,0.6775039573303888,0.8738912166220598,0.5872645292735065,-0.9137937018362526,-0.22580494126600753,0.6891553453723516,0.788060146621003,-1.0846621228568072,0.10859714613276655,0.4830482696729397,-1.6074342645548811,1.3521905401153917,0.4502836965820932,0.9461236167778191,1.071545520952343,1.3577981783111508,0.7399210312852352,0.7654694565645626,-1.954762421534557,0.6349512261536507,0.4032609129243498,-0.8273132540804098,-1.2645461219829779,-0.7476878888800377,1.1749165699398738,-0.13770180900359816,1.003057842125429,-1.00622063199782,1.0378356303353893,0.7286567682648007,0.5074522410279696,-0.31294114475851975,1.1783800010403551,-0.7028326477541101,0.7144989077749129,-0.3698761806081938,0.6919343334226702,0.9225811204190802,-0.6125888190095622,1.4746040348899463,-1.2792912636310703,1.2705233009007162,0.3823306117038452,0.8107851289555874,-1.2183611026836658,-0.5392151690186442,1.1362078187615148,-0.614617020286502
1.5940654040761102,-1.6760540659338052,-1.9365762045062214,-2.0098926878339354,1.6153629717389826,0.34689238464676114,-1.8901240965057506,-1.0846621228568072,3.495852991557102,-0.09478811658001307,-0.6179946064795069,3.4120736509925544,-3.394919975394484,-0.7270154873238225,-2.4200557057405816,-2.8363530072982774,-2.3036399759784745,-1.454490250165559,-1.8002414315072663,4.153918799110209,-1.7053941914565136,-1.1480983465172199,1.8046732996126076,2.840581421338838,1.5770526430592389,-3.0438809655914003,0.24434019574563987,-1.8513300341840029,2.5684214919214927,-2.22829071089894,-1.461282993471669,-1.6566533756084665,0.9233148149490942,-2.208318007057743,1.602574468457112,-1.8735590590319418,0.6712159739910304,-1.1779973493603877,-2.255140456369593,0.8799838496556242,-3.004678745604445,3.4281463057654644,-3.1582200918137877,-0.9196574409264912,-1.1644442300645235,2.9089965670536997,0.35303617858702246,-2.248354963973523,1.1795344850162794
-1.3459412979056589,-0.19109758493172052,0.7590066633709978,-0.2507273595559719,-0.7715139241732113,-1.2020912883308712,-0.8729397891814205,0.10859714613276655,-0.09478811658001307,1.5354201718578344,0.7842697098496562,-2.0317622252036505,0.15076171657655524,-0.06537818727062941,0.6313690178266266,-0.4567498861877481,1.6506423227866815,1.0839989984061338,0.7472555829094133,-2.050376731623728,1.4124782257997288,0.257111885409707,-0.5354433284585123,-0.8425857879367586,-0.395690317773344,0.33222165133113885,-0.2467364245897064,0.5727393597190436,-0.8839082139143144,0.49656307401614896,-0.0029692718142910303,0.6926089762307626,1.1393960384377204,0.024134053864485673,0.5139013744228123,0.8700171967901056,-0.36194557938247707,-0.10519660896833895,0.9599189156106559,-0.8402918375593457,0.31603239665435306,-1.0658949060230156,0.30068582866129273,0.3656160887673912,0.3255336708223943,0.16169643240765094,-0.6866112735114249,1.1508348458530138,-1.654018583510687
-1.4435511006393849,0.26103206215226143,1.2299981958937138,0.005940684149542705,-1.0238890514550518,-0.8530556770785269,-0.29662054275822286,0.4830482696729397,-0.6179946064795069,0.7842697098496562,0.9585048858310768,-2.3764289287403564,0.8326287175683614,0.23483228435659206,0.5355679966659952,0.07469600692706689,1.9357210369986046,1.1491062105437009,0.8055372464751492,-2.228762080802443,1.2951736297729661,0.7523346613654524,-1.1076695167637765,-1.2499651053713003,-0.7373040375009416,0.8226969784834981,-0.1701776216408292,0.9689109140670814,-1.1167301021910576,1.0644699274490363,0.8835302825383414,0.8244059161438201,0.565022179720131,0.7977406847370194,0.011102273913958243,1.0453713889482803,-0.5167908618647581,0.3218687780383851,1.0414185535122238,-0.9521082148990182,0.8618166283765369,-1.3024736757552142,0.8754733258620154,0.5707987159115713,0.6555970465613201,-0.5870762261983511,-0.7333217236606339,1.088146187347586,-1.3212720850463102
4.232409401996045,-1.2011329209446624,-4.104200689605047,-1.3723766982242995,3.511271811118694,2.386195942171738,-0.29923799262505757,-1.6074342645548811,3.4120736509925544,-2.0317622252036505,-2.3764289287403564,7.918605820651244,-3.6255563724763658,-0.7427233718597449,-2.668609270946729,-1.393887700131103,-5.473180287791207,-3.533728141302577,-2.7856795183451033,7.782087805910283,-4.094549363612139,-2.1531390404736315,3.1015563913526076,4.8250159410395215,2.4152988986939348,-3.7668153561225926,0.5562387391185531,-3.290750614066645,3.8053233862335927,-3.3962577544275416,-2.9352922355039617,-2.829570299960481,-1.1063887427048948,-2.5563898841691297,0.8270864352638746,-3.4530774053806823,1.3387465572395658,-1.337524682733177,-3.490090088828079,2.93324582487839,-3.518229888027825,5.109561546919603,-3.7621327626356678,-1.8859209006907958,-2.1376547271790756,3.137590553554732,1.6897295085147483,-3.5387183501605723,4.007630085490963
-1.7972502621381476,1.7555327231750604,2.0530268887762175,1.8323901081585987,-1.7874561145746493,-0.4158566012427387,1.858561130909061,1.3521905401153917,-3.394919975394484,0.15076171657655524,0.8326287175683614,-3.6255563724763658,3.576846230539573,0.8669709646476177,2.5118196762605574,3.0213411851368526,2.8025745437962226,1.6700353446247296,1.9821095725463769,-4.4389689527715035,1.7816707107156877,1.1857804510709204,-2.0974962670440003,-2.9049741338680284,-1.7603463402235198,3.0802310508433606,-0.2245217677694486,2.065148346894423,-2.7185154324898617,2.480308562951993,1.573876680277269,1.6360920650857973,-0.9774253616560329,2.6178629260078674,-1.6762185756539163,1.8980059582270616,-0.8031699176364981,1.2875058365376053,2.4108373013715454,-1.0258117097688464,3.3140306806475435,-3.4982240443384525,3.269062174784376,1.0019519406233461,1.4566420398757254,-2.959574827522063,-0.6315297678554491,2.529678810764469,-1.3472714726539325
-0.3578825575197676,0.5290722084997527,0.3817343365095439,0.474375529096268,-0.5075006437043051,-0.051035057780524154,0.5747845034176108,0.4502836965820932,-0.7270154873238225,-0.06537818727062941,0.23483228435659206,-0.7427233718597449,0.8669709646476177,0.3649198933516379,0.5343892312666001,0.7276389810352228,0.6364237384589604,0.22773697269629742,0.30192980982356266,-1.0375804713291463,0.2254768540249814,0.28120802398113065,-0.49103346928759434,-0.7991385895547714,-0.4237241333041651,0.7821646636888465,-0.2104650925253634,0.6078557437685558,-0.6195903825610714,0.6699130760751022,0.39709778779781124,0.2936018658325988,-0.3160373191355509,0.7890476183483881,-0.4613199620169039,0.4744226176337485,-0.225459927737884,0.5153213293594539,0.5685859505710144,-0.2579111579977578,0.9417888412254963,-0.7648928361567233,0.8231929322803156,0.1016658558994933,0.3893538798969498,-0.8087084952416244,-0.3150340084421832,0.7190490524014722,-0.07076329126312952
-1.3615606153219728,1.1395622207448277,1.2787417517739614,1.3157829310024904,-1.3057924309672997,-0.5663527921161012,1.2004963728071445,0.9461236167778191,-2.4200557057405816,0.6313690178266266,0.5355679966659952,-2.668609270946729,2.5118196762605574,0.5343892312666001,2.317249180975565,2.31510053840549,2.1135325312447306,1.325055296476144,1.6756989151833113,-3.579619543169634,1.508034135541361,0.5306530066945925,-1.3162951043252578,-2.129759756592615,-1.235875537689131,2.233286425564716,-0.2332811329981747,1.4561065394558552,-2.096262114526998,1.641341940607871,0.506475354599371,1.1633080889629324,-0.47703422541428675,1.6868997624703208,-1.095563315321403,1.3341587121445477,-0.5215695461462702,0.7537720612713629,1.937915210215202,-0.777416916914055,2.4880615270241244,-2.72129075309852,2.331145608344833,0.6495146799309677,1.0532526137399034,-1.9786547257522509,-0.5559579320327956,2.214756764276007,-1.3453491985965114
-0.6022462726260162,1.552656641701747,0.8941775390543996,1.591019017534233,-0.7398710161864573,0.4035924436280896,2.044358129238453,1.071545520952343,-2.8363530072982774,-0.4567498861877481,0.07469600692706689,-1.393887700131103,3.0213411851368526,0.7276389810352228,2.31510053840549,3.564951630905579,1.4966383951606073,0.8677666129252612,1.6823942122065962,-2.5363273330669673,0.8105490065548406,0.5471072549412874,-1.586124096694595,-1.6038911982272446,-1.328168828747681,2.3319898278241156,0.06810910661002953,1.1901810727833124,-2.0182958387111483,1.8454758280296575,0.5186203323508036,0.8953318071964017,-1.7401086833546773,2.327403726946345,-1.716056941754688,0.8518290840314365,-0.40839499413623215,0.8063839475532986,1.7514870791818211,-0.11142558437557777,2.8665443650236724,-2.4581867265218005,2.56799522920437,0.5882945086456051,0.9985097741741125,-2.415227690609,-0.09089597439027498,1.843654066843081,-0.31358559838492295
-3.2339107696481726,1.0488967370376925,2.8391844730819153,0.5427332709696379,-2.382686673016479,-1.6627198841168833,-0.01181998998953611,1.3577981783111508,-2.3036399759784745,1.6506423227866815,1.9357210369986046,-5.473180287791207,2.8025745437962226,0.6364237384589604,2.1135325312447306,1.4966383951606073,4.6630465580638685,2.8907348443868432,2.4215334841870897,-5.651310155474901,3.085164604045617,1.6288018348864426,-2.8193809874313107,-3.032251757309819,-2.013849767160838,2.4707577725928345,-0.21577113074796567,2.3641878933427862,-3.073767553259569,2.781477123464042,1.8597089346659847,2.078772030750842,0.6218739697517428,2.415063151401804,-0.5736796361536125,2.371607715318517,-1.24758278344778,0.8369520676599926,2.8632304537679762,-1.9577832057646511,2.825802678587569,-3.644775687774957,2.739872844896072,1.474208388708769,1.7443083322616468,-1.9571396851650196,-1.495257122797417,2.996793312341394,-3.1388907046459225
-2.0569867281036656,0.4878773460396169,1.9209748180058086,0.2543896775269278,-1.3939912550266276,-1.0077886499823063,-0.157134321788107,0.7399210312852352,-1.454490250165559,1.0839989984061338,1.1491062105437009,-3.533728141302577,1.6700353446247296,0.22773697269629742,1.325055296476144,0.8677666129252612,2.8907348443868432,2.0356061329087813,1.692916316199135,-3.4871207225100376,2.079631781543599,0.9763641964359274,-1.7207926623183982,-1.723192904956549,-1.2358473380118,1.4232430222895556,0.07839643706734344,1.34547107977148,-1.8538683282923882,1.5873330140574526,1.1724428907870628,1.3151185901935816,0.4513714008190264,1.30995781504918,-0.32559749911737,1.3276663683296805,-0.739938059962321,0.3084336345905094,1.693795175658239,-1.1943053719558427,1.5730664327856785,-2.2863385929037148,1.6026348280860234,1.0618590282907685,1.0656373433198123,-1.097949492165017,-0.6947055954030061,1.6417271987846236,-2.2527858256518334
-1.603341027643776,0.6869729725935146,1.5641686649219528,0.5825227653494394,-1.0557415104085992,-0.619403944252554,0.434525412131762,0.7654694565645626,-1.8002414315072663,0.7472555829094133,0.8055372464751492,-2.7856795183451033,1.9821095725463769,0.30192980982356266,1.6756989151833113,1.6823942122065962,2.4215334841870897,1.692916316199135,1.8085970016114699,-3.1114236146465233,1.764647904771378,0.735283405177613,-1.6089779279899108,-1.548578275509905,-1.2164358121371128,1.5854279238000133,0.14149917049498198,1.1795121594313884,-1.8686382688298864,1.558971159979415,0.7760095884665702,1.132347025849285,-0.17468804670252144,1.4732408379033535,-0.6733847012326961,1.1373144447160077,-0.555248626023266,0.30199751219754345,1.6735699405997688,-0.8497036777693124,1.8355409810531957,-2.2840724490357096,1.7430821319562586,0.9248247282147715,1.0053116748920468,-1.344009692343558,-0.45172783241454556,1.6733370747918401,-1.744508029936297
4.137733921902656,-1.8205232142768781,-3.8781817072560076,-1.9904723724043267,3.676428241169398,2.2532736410492284,-1.0637148156677316,-1.954762421534557,4.153918799110209,-2.050376731623728,-2.228762080802443,7.782087805910283,-4.4389689527715035,-1.0375804713291463,-3.579619543169634,-2.5363273330669673,-5.651310155474901,-3.4871207225100376,-3.1114236146465233,8.470248159954801,-4.033972226149761,-1.9918372239584592,3.2089365494584605,5.225297264781678,2.673526092142603,-4.392870875201507,0.7771617933703211,-3.5940453633280343,4.334328931546577,-3.750929666079797,-2.5483486046457084,-2.918840406658178,-0.5756086726437936,-3.159055664072136,1.3749061672618237,-3.628529774770676,1.451004996676824,-1.7437329714249348,-4.055632361193797,2.8001236322369825,-4.483764736493496,5.699561185501601,-4.497090741368136,-1.7270813905401716,-2.345264245473392,3.7647052763134723,1.9007510848891547,-4.4237957636823815,3.837969099343036
-2.375432168982843,0.45983699257558625,2.1044471604377044,0.43280963683140283,-1.6007542000453978,-1.4031132022168717,-0.25010954307947353,0.6349512261536507,-1.7053941914565136,1.4124782257997288,1.2951736297729661,-4.094549363612139,1.7816707107156877,0.2254768540249814,1.508034135541361,0.8105490065548406,3.085164604045617,2.079631781543599,1.764647904771378,-4.033972226149761,2.5100606633188884,1.1737594366925432,-1.871226454242544,-2.2037891171314348,-1.3116294920742022,1.7579466497196765,-0.15609644744479984,1.496110658823776,-2.178086987391833,1.8090517502762455,1.1990063013034984,1.6123268321547375,0.7274336989778633,1.2334284008625138,-0.16653430298015315,1.7734721014054369,-0.7284656212461845,0.28724591765661245,2.0137351838373414,-1.4523667952165409,1.6535712568607894,-2.7392302222284006,1.8028906799760425,1.077478358573408,0.9664986904743023,-1.2746312374534758,-0.8266391278366244,1.9101848019779477,-2.438929176963754
-1.236292733713356,0.5563858733586614,1.2428319580960385,0.3552814668154364,-0.9091371481912582,-0.5079275071203849,0.08886755929453465,0.4032609129243498,-1.1480983465172199,0.257111885409707,0.7523346613654524,-2.1531390404736315,1.1857804510709204,0.28120802398113065,0.5306530066945925,0.5471072549412874,1.6288018348864426,0.9763641964359274,0.735283405177613,-1.9918372239584592,1.1737594366925432,1.0583045332876226,-1.3486386838812336,-1.306168153531367,-0.8327864269279966,1.1136948113400245,-0.1334439273847971,0.9207374191605173,-1.2659228980897521,1.2803971956348377,1.132393017583811,0.9940013100686578,0.12452946407959302,0.999536403293192,-0.24090941705691213,1.0664010185933104,-0.5319600467463828,0.38782157223824143,1.1113907481254433,-0.7102824433767471,1.0188712187548103,-1.4681606271443868,1.2249272924549357,0.5868459894969269,0.4756950022167721,-0.9993008778438924,-0.4612440282333938,0.8786581885418456,-0.9019488833874041
1.881770443930277,-0.8840700875956771,-1.7504529277608722,-0.449825113583813,1.2825460752060416,0.6799716522065329,-0.23783811286177736,-0.8273132540804098,1.8046732996126076,-0.5354433284585123,-1.1076695167637765,3.1015563913526076,-2.0974962670440003,-0.49103346928759434,-1.3162951043252578,-1.586124096694595,-2.8193809874313107,-1.7207926623183982,-1.6089779279899108,3.2089365494584605,-1.871226454242544,-1.3486386838812336,2.282181059684167,1.792226104426051,1.439552244976206,-1.7316896753915734,0.028971904285483678,-1.4033293845211081,2.1505674331362132,-2.1003705804951522,-1.3006453542192222,-1.4099296898251221,0.15188563170424152,-1.9329320940611165,0.5457158460974302,-1.4160262790052753,0.8107963591260061,-0.4514936643415051,-1.9254880823698364,0.9642000127468439,-1.9893681831826664,2.410047470938724,-1.9800586049311448,-0.970162224567681,-0.9639248793599386,1.526314415237066,0.726420075870264,-1.733013500112718,1.5784240894314436
2.3486548676047483,-1.2866188421339029,-2.4000698244087677,-1.7030476000639994,2.4588555074508576,1.2887049917219817,-1.1494440149122653,-1.2645461219829779,2.840581421338838,-0.8425857879367586,-1.2499651053713003,4.8250159410395215,-2.9049741338680284,-0.7991385895547714,-2.129759756592615,-1.6038911982272446,-3.032251757309819,-1.723192904956549,-1.548578275509905,5.225297264781678,-2.2037891171314348,-1.306168153531367,1.792226104426051,3.731677932823777,1.5850095096239014,-3.1265851511124314,0.7465433811822583,-2.4033414269494564,2.588032149545645,-2.3751611574601723,-1.8759587616031732,-1.7621731163748382,-0.15060029173579517,-1.9833113073372077,1.0748091700404268,-2.418943574234395,0.7566225609606316,-1.4266224751329246,-2.3842550837268406,1.8101128124735015,-2.9432273309266535,3.618395411693316,-3.038117343188152,-0.9007673655473668,-1.3977373627513503,2.868689099781663,1.15149052522685,-2.6174037589221735,1.8056988868502075
1.336001657809792,-0.7859335661038686,-1.3314941290797406,-0.632571173851523,1.099092079172849,0.4960447209920302,-0.5226583200353724,-0.7476878888800377,1.5770526430592389,-0.395690317773344,-0.7373040375009416,2.4152988986939348,-1.7603463402235198,-0.4237241333041651,-1.235875537689131,-1.328168828747681,-2.013849767160838,-1.2358473380118,-1.2164358121371128,2.673526092142603,-1.3116294920742022,-0.8327864269279966,1.439552244976206,1.5850095096239014,1.0729299902184706,-1.5133787583746534,0.08991310826674517,-1.18418115767044,1.6015192350916032,-1.4978604928131367,-0.9587016942915811,-1.013994649085707,0.18393773870061594,-1.4302175543332905,0.64296169038288975,-1.115246031791225,0.5642161624807007,-0.5634301028852112,-1.44776016220182,0.7891013668588924,-1.7089942977761818,1.9367632680022668,-1.6675523681706141,-0.6787550416056336,-0.8499017592890834,1.3937196251019088,0.5644064622795711,-1.4517983931806433,1.1655867214234246
-1.7725546386146251,1.444840169887306,1.9706003895903093,1.821272108239701,-1.916008407631749,-0.6937721694692167,1.5769994975448867,1.1749165699398738,-3.0438809655914003,0.33222165133113885,0.8226969784834981,-3.7668153561225926,3.0802310508433606,0.7821646636888465,2.233286425564716,2.3319898278241156,2.4707577725928345,1.4232430222895556,1.5854279238000133,-4.392870875201507,1.7579466497196765,1.1136948113400245,-1.7316896753915734,-3.1265851511124314,-1.5133787583746534,3.0064930961332075,-0.48308878400407484,2.0327011903906893,-2.453578285257536,2.2360303597630735,1.5327775228303673,1.5593643218777251,-0.5373847335394596,2.1186820164476923,-1.3619665113157244,1.9802188680988138,-0.6403819405912855,1.2644503964003668,2.2063769220337814,-1.2260925616175435,2.9620903664937117,-3.3551820551714826,2.9993011156248817,0.8266676757925839,1.2468854291990454,-2.851819315866957,-0.707388522228751,2.3413260595853402,-1.2706163590125568
0.260491498085788,-0.23120330252059684,-0.08061858251442783,-0.3567996793759782,0.47330511524834384,0.35414052625421133,-0.15186030533706715,-0.13770180900359816,0.24434019574563987,-0.2467364245897064,-0.1701776216408292,0.5562387391185531,-0.2245217677694486,-0.2104650925253634,-0.2332811329981747,0.06810910661002953,-0.21577113074796567,0.07839643706734344,0.14149917049498198,0.7771617933703211,-0.15609644744479984,-0.1334439273847971,0.028971904285483678,0.7465433811822583,0.08991310826674517,-0.48308878400407484,0.48718776447134154,-0.4195015078736369,0.3109942500646115,-0.27903461341758984,-0.0921204447984344,-0.1879081736890599,-0.2259896366672169,-0.1435042219493644,0.018190586610575547,-0.4881287999942516,0.10370713847530892,-0.3999927473897958,-0.36130543481225086,0.2989968431352699,-0.400171842875978,0.4656367877649408,-0.39594833500406545,0.17250250217538274,-0.04077769899894497,0.3942003562818327,0.39937109026855183,-0.559550976090533,-0.02089980059643386
-1.6895174768771157,0.9604811873123197,1.679281548126805,0.97041658346701,-1.6794933600331141,-0.8223981221559911,0.7475028339097757,1.003057842125429,-1.8513300341840029,0.5727393597190436,0.9689109140670814,-3.290750614066645,2.065148346894423,0.6078557437685558,1.4561065394558552,1.1901810727833124,2.3641878933427862,1.34547107977148,1.1795121594313884,-3.5940453633280343,1.496110658823776,0.9207374191605173,-1.4033293845211081,-2.4033414269494564,-1.18418115767044,2.0327011903906893,-0.4195015078736369,1.717726806091802,-1.826693708541513,1.7247686858353874,1.3272159856974102,1.162209830483771,0.050583240997145715,1.5938802086826223,-0.77656837183471,1.5785044990820256,-0.6570961891094753,1.0090213840994733,1.6726287947859504,-1.210721536831235,2.116423938329378,-2.413257520785652,2.0678557368166315,0.6843947123054306,1.118256457378569,-1.8539420448790764,-0.8927064798780298,1.8921002867195167,-1.348191987989951
2.1387525904156512,-1.2295128354945992,-1.9467056787280062,-1.1118231379370909,1.7097969687578418,0.9524017911389931,-0.7531834323346825,-1.00622063199782,2.5684214919214927,-0.8839082139143144,-1.1167301021910576,3.8053233862335927,-2.7185154324898617,-0.6195903825610714,-2.096262114526998,-2.0182958387111483,-3.073767553259569,-1.8538683282923882,-1.8686382688298864,4.334328931546577,-2.178086987391833,-1.2659228980897521,2.1505674331362132,2.588032149545645,1.6015192350916032,-2.453578285257536,0.3109942500646115,-1.826693708541513,2.630537609324165,-2.293900764296928,-1.2272952127574306,-1.6979798609678156,0.1097976915170689,-2.0649678824554716,0.854813796352696,-1.9156620276572887,0.8685376663503567,-0.8130439891798766,-2.4123351407791325,1.1824833654417335,-2.6144174844082695,3.2067949665336646,-2.626096203281291,-0.9690421276855572,-1.1554642319845756,2.0931557912542624,0.873833764302658,-2.4697553665356624,1.8568159800150459
-1.8708075132536268,1.1483093770037105,1.8311506763853267,0.9663382045811433,-1.5916160564518023,-0.7197358658306717,0.7624127390656061,1.0378356303353893,-2.22829071089894,0.49656307401614896,1.0644699274490363,-3.3962577544275416,2.480308562951993,0.6699130760751022,1.641341940607871,1.8454758280296575,2.781477123464042,1.5873330140574526,1.558971159979415,-3.750929666079797,1.8090517502762455,1.2803971956348377,-2.1003705804951522,-2.3751611574601723,-1.4978604928131367,2.2360303597630735,-0.27903461341758984,1.7247686858353874,-2.293900764296928,2.2332631624608426,1.4293960718284804,1.4553467698204063,-0.2786758880585522,2.0805947366915625,-0.8644975433434863,1.7007727359516218,-0.7906670832997535,0.8681302410294147,2.081591982716831,-1.123498280379701,2.4463918929555653,-2.7666112012905315,2.394861011467274,0.8806431010470325,1.1148807855932525,-2.064226662162517,-0.8551355825111329,2.0780415454716534,-1.4254609647932672
-1.4222237797456154,0.6641127151285593,1.8350427751210283,0.6893427035112335,-1.364819205085427,-0.49397615925262656,0.48936817233704094,0.7286567682648007,-1.461282993471669,-0.0029692718142910303,0.8835302825383414,-2.9352922355039617,1.573876680277269,0.39709778779781124,0.506475354599371,0.5186203323508036,1.8597089346659847,1.1724428907870628,0.7760095884665702,-2.5483486046457084,1.1990063013034984,1.132393017583811,-1.3006453542192222,-1.8759587616031732,-0.9587016942915811,1.5327775228303673,-0.0921204447984344,1.3272159856974102,-1.2272952127574306,1.4293960718284804,1.9453933821576075,1.043946560538626,0.018185107921301912,1.222472484905588,-0.6336381557801751,1.2946381463245378,-0.5245204328857593,0.8147287517928739,1.0268702033668886,-1.0924395101651287,1.338495701112088,-1.7212597691818976,1.5721340914708668,0.8097853777282459,0.8889413805551107,-1.586813224304049,-0.48334093613128093,0.8269655086576287,-1.0140540074746784
-1.5790730170371734,0.6884500641503454,1.4773551120335733,0.6805492500148754,-1.2086304995362394,-0.7922972607224728,0.23343429487717576,0.5074522410279696,-1.6566533756084665,0.6926089762307626,0.8244059161438201,-2.829570299960481,1.6360920650857973,0.2936018658325988,1.1633080889629324,0.8953318071964017,2.078772030750842,1.3151185901935816,1.132347025849285,-2.918840406658178,1.6123268321547375,0.9940013100686578,-1.4099296898251221,-1.7621731163748382,-1.013994649085707,1.5593643218777251,-0.1879081736890599,1.162209830483771,-1.6979798609678156,1.4553467698204063,1.043946560538626,1.3117144806839967,0.22376620001252848,1.1329992629725698,-0.37795639363361316,1.4083207208329247,-0.5964018342063826,0.4627326604702218,1.5645965213167614,-0.8978457739966673,1.449835071277771,-2.123537810651749,1.6611120859231328,0.7366104302704938,0.6645367856566994,-1.2778874415057193,-0.5274868795558518,1.4592477563273554,-1.4171182140581755
-0.7892063774148759,-0.6839626339018673,0.3296915267770282,-0.7453037573747298,-0.389810726543346,-1.048358344420749,-1.3705569508315403,-0.31294114475851975,0.9233148149490942,1.1393960384377204,0.565022179720131,-1.1063887427048948,-0.9774253616560329,-0.3160373191355509,-0.47703422541428675,-1.7401086833546773,0.6218739697517428,0.4513714008190264,-0.17468804670252144,-0.5756086726437936,0.7274336989778633,0.12452946407959302,0.15188563170424152,-0.15060029173579517,0.18393773870061594,-0.5373847335394596,-0.2259896366672169,0.050583240997145715,0.1097976915170689,-0.2786758880585522,0.018185107921301912,0.22376620001252848,1.5319121203590687,-0.8531483675819591,0.9921080580954854,0.3557038035553696,-0.13470026721642148,-0.3191341604749063,0.0141097962009605,-0.6588024442342331,-0.8466172013959037,0.12333059512160946,-0.6615377041097625,0.07229039725847046,-0.12105958316302945,0.8892213785523316,-0.49906323482850634,0.027885348257627333,-1.0604197161419417
-1.3945658924589002,1.3453153632427866,1.4509956396718742,1.0241723815492048,-1.3294347257272763,-0.2232288319077016,1.1988534922216074,1.1783800010403551,-2.208318007057743,0.024134053864485673,0.7977406847370194,-2.5563898841691297,2.6178629260078674,0.7890476183483881,1.6868997624703208,2.327403726946345,2.415063151401804,1.30995781504918,1.4732408379033535,-3.159055664072136,1.2334284008625138,0.999536403293192,-1.9329320940611165,-1.9833113073372077,-1.4302175543332905,2.1186820164476923,-0.1435042219493644,1.5938802086826223,-2.0649678824554716,2.0805947366915625,1.222472484905588,1.1329992629725698,-0.8531483675819591,2.362337350832931,-1.1892093864390534,1.293561399954667,-0.738537682667607,0.9742378221662591,1.8421335264114276,-0.7260511199699874,2.605269833270925,-2.4375115228812616,2.3828965933786868,0.753562584628562,1.2021753649151472,-2.0809402417665175,-0.6829959694369354,1.985976726120488,-0.9221557916669545
0.19584362568266786,-0.9397767891450108,-0.6097794668049479,-1.1026827136940835,0.5689291695544608,-0.33948019851938105,-1.417818258273301,-0.7028326477541101,1.602574468457112,0.5139013744228123,0.011102273913958243,0.8270864352638746,-1.6762185756539163,-0.4613199620169039,-1.095563315321403,-1.716056941754688,-0.5736796361536125,-0.32559749911737,-0.6733847012326961,1.3749061672618237,-0.16653430298015315,-0.24090941705691213,0.5457158460974302,1.0748091700404268,0.64296169038288975,-1.3619665113157244,0.018190586610575547,-0.77656837183471,0.854813796352696,-0.8644975433434863,-0.6336381557801751,-0.37795639363361316,0.9921080580954854,-1.1892093864390534,1.1566620826436063,-0.4772420916369667,0.18396771429980965,-0.7710714235700173,-0.7163017654989315,0.16225119679816383,-1.568663390159831,1.216001120035195,-1.456340420615101,-0.2649015892590145,-0.6478084129707411,1.5612887465857173,0.0382054416018619,-0.8280647333897191,-0.03264229417340925
-1.8567061938037168,0.8432641162672493,1.7256753123748108,0.9651978674585245,-1.6067467560069655,-1.071046126785178,0.46386152831768124,0.7144989077749129,-1.8735590590319418,0.8700171967901056,1.0453713889482803,-3.4530774053806823,1.8980059582270616,0.4744226176337485,1.3341587121445477,0.8518290840314365,2.371607715318517,1.3276663683296805,1.1373144447160077,-3.628529774770676,1.7734721014054369,1.0664010185933104,-1.4160262790052753,-2.418943574234395,-1.115246031791225,1.9802188680988138,-0.4881287999942516,1.5785044990820256,-1.9156620276572887,1.7007727359516218,1.2946381463245378,1.4083207208329247,0.3557038035553696,1.293561399954667,-0.4772420916369667,1.8716398244766628,-0.6337637211716021,0.8268831837719769,1.7810983476313489,-1.2489773012047052,1.7938573960452524,-2.4962698565238117,1.9569490349512229,0.714781490008009,0.8649406395093125,-1.6444302822100243,-0.8418118164319927,1.8815295896790334,-1.4622631572826505
0.8344728438196152,-0.45026995543277865,-0.6937375438275586,-0.1565872514735489,0.627571177744634,0.35852508435626185,-0.04416202800871521,-0.3698761806081938,0.6712159739910304,-0.36194557938247707,-0.5167908618647581,1.3387465572395658,-0.8031699176364981,-0.225459927737884,-0.5215695461462702,-0.40839499413623215,-1.24758278344778,-0.739938059962321,-0.555248626023266,1.451004996676824,-0.7284656212461845,-0.5319600467463828,0.8107963591260061,0.7566225609606316,0.5642161624807007,-0.6403819405912855,0.10370713847530892,-0.6570961891094753,0.8685376663503567,-0.7906670832997535,-0.5245204328857593,-0.5964018342063826,-0.13470026721642148,-0.738537682667607,0.18396771429980965,-0.6337637211716021,0.46315416356288425,-0.3251257797562185,-0.8136788955278877,0.41207778384625954,-0.7892501642794564,0.9452249535258932,-0.7987470163334762,-0.3412557040241706,-0.42452173700721857,0.5026104869667563,0.4335525623496967,-0.8490497793758216,0.7447982469811524
-0.5312243725612621,0.846729595597205,0.6945815431454895,0.9309362377410457,-0.9478628934943212,-0.13928557676796857,0.9725523877604187,0.6919343334226702,-1.1779973493603877,-0.10519660896833895,0.3218687780383851,-1.337524682733177,1.2875058365376053,0.5153213293594539,0.7537720612713629,0.8063839475532986,0.8369520676599926,0.3084336345905094,0.30199751219754345,-1.7437329714249348,0.28724591765661245,0.38782157223824143,-0.4514936643415051,-1.4266224751329246,-0.5634301028852112,1.2644503964003668,-0.3999927473897958,1.0090213840994733,-0.8130439891798766,0.8681302410294147,0.8147287517928739,0.4627326604702218,-0.3191341604749063,0.9742378221662591,-0.7710714235700173,0.8268831837719769,-0.3251257797562185,0.9880706089850737,0.7662088353147016,-0.5217006422253534,1.3668634886669935,-1.1584620886833787,1.3072760822293423,0.1307250393301355,0.6116470993535804,-1.3533831716907367,-0.5037429797376043,1.0313712839439135,-0.12394842577938929
-1.9837003821493093,1.1077808989430356,1.7133482651411283,0.9992651394720671,-1.6211309913219676,-0.969708497410558,0.5866998418053231,0.9225811204190802,-2.255140456369593,0.9599189156106559,1.0414185535122238,-3.490090088828079,2.4108373013715454,0.5685859505710144,1.937915210215202,1.7514870791818211,2.8632304537679762,1.693795175658239,1.6735699405997688,-4.055632361193797,2.0137351838373414,1.1113907481254433,-1.9254880823698364,-2.3842550837268406,-1.44776016220182,2.2063769220337814,-0.36130543481225086,1.6726287947859504,-2.4123351407791325,2.081591982716831,1.0268702033668886,1.5645965213167614,0.0141097962009605,1.8421335264114276,-0.7163017654989315,1.7810983476313489,-0.8136788955278877,0.7662088353147016,2.2722800943811317,-1.1246041974563568,2.4002099768875147,-2.926253168530918,2.378519178582236,0.8259569019277282,1.034992293566898,-1.8632218402671221,-0.9111688333726904,2.3794058054863387,-1.7524367791877886
1.5547306988042553,-0.24756605251508004,-1.4879692485892269,-0.3469645936398438,1.3789910034749335,1.0574183600677727,0.07915558565304692,-0.6125888190095622,0.8799838496556242,-0.8402918375593457,-0.9521082148990182,2.93324582487839,-1.0258117097688464,-0.2579111579977578,-0.777416916914055,-0.11142558437557777,-1.9577832057646511,-1.1943053719558427,-0.8497036777693124,2.8001236322369825,-1.4523667952165409,-0.7102824433767471,0.9642000127468439,1.8101128124735015,0.7891013668588924,-1.2260925616175435,0.2989968431352699,-1.210721536831235,1.1824833654417335,-1.123498280379701,-1.0924395101651287,-0.8978457739966673,-0.6588024442342331,-0.7260511199699874,0.16225119679816383,-1.2489773012047052,0.41207778384625954,-0.5217006422253534,-1.1246041974563568,1.3044342996170106,-1.1221814642587369,1.6336066971479843,-1.149837060851611,-0.59357665050988,-0.8026089317038476,1.055251713355181,0.8352867221957894,-1.1969229346786452,1.464813471641469
-1.7369775796457354,1.659574144082089,1.8228206283540989,1.694550462345707,-1.9008897581105626,-0.5192709254682434,1.6939365350898983,1.4746040348899463,-3.004678745604445,0.31603239665435306,0.8618166283765369,-3.518229888027825,3.3140306806475435,0.9417888412254963,2.4880615270241244,2.8665443650236724,2.825802678587569,1.5730664327856785,1.8355409810531957,-4.483764736493496,1.6535712568607894,1.0188712187548103,-1.9893681831826664,-2.9432273309266535,-1.7089942977761818,2.9620903664937117,-0.400171842875978,2.116423938329378,-2.6144174844082695,2.4463918929555653,1.338495701112088,1.449835071277771,-0.8466172013959037,2.605269833270925,-1.568663390159831,1.7938573960452524,-0.7892501642794564,1.3668634886669935,2.4002099768875147,-1.1221814642587369,3.402856434378508,-3.343868070240159,3.1469645849224284,0.8233081386066352,1.4866704009803,-2.886842974558707,-0.9186973918739645,2.7080358369775275,-1.2971158885851182
