V1,V2,V3,V4,V5,V6,V7,V8,V9,V10,V11,V12,V13,V14,V15,V16,V17,V18,V19,V20,V21,V22,V23,V24,V25,V26,V27,V28,V29,V30,V31,V32,V33,V34,V35,V36,V37,V38,V39,V40,V41,V42,V43,V44,V45,V46,V47,V48,V49
2.364355982465529,-0.49475551961111475,-2.0696902266812947,-0.3190814939731245,1.705015872495667,1.3930313118169966,0.28151917263297893,-0.7255896879276171,1.4453293861324918,-1.320104829970521,-1.3963637389630312,4.04040801959913,-1.6435734689704806,-0.3243576119638923,-1.2462216885032529,-0.476839136281295,-3.086316845662901,-1.9740788409515024,-1.510077059366359,3.9139819248343213,-2.2801213205373725,-1.1788335423372132,1.7840607637516337,2.203567418123865,1.2546124525813398,-1.630347254961076,0.2499453096080031,-1.5894857762410552,2.007661890935047,-1.7511973467120598,-1.3486893708431575,-1.497548542403378,-0.8156515928833513,-1.283532477076014,0.13258438641609607,-1.7528239867769873,0.798622742063022,-0.4774370900439909,-1.867112994248193,1.496019200181705,-1.5872702071576694,2.504801774859719,-1.6954216872981311,-0.9888406586197335,-1.037087168604969,1.1874752735982999,0.9852403235956625,-1.8761444488506753,2.2983504369819006
-0.49475551961111475,1.1373387539037507,0.626020529121082,1.0548776920641494,-0.7198495709701674,0.10058517251052419,1.2107713455531879,0.6723148078866116,-1.6733666703565946,-0.2515679458616683,0.21286353615959472,-1.0970627473523453,1.7459242718792851,0.5251942694775569,1.1366192603598162,1.5922215156224393,0.9581642411001187,0.42794798864023814,0.6630215554319185,-1.7319339544036891,0.3942941619334872,0.5198118170131864,-0.8375951820384034,-1.2543698542317478,-0.7601711886324964,1.4360366026267009,-0.2203657434632115,0.9290329198545755,-1.1860714991860888,1.1127148632612411,0.6327578415812402,0.6449863210022392,-0.7406659137344275,1.32948102600191,-0.9652083360458416,0.8016351288024479,-0.41462247134443764,0.8424083651879208,1.0608376217827566,-0.20992932476972004,1.6498618528254605,-1.4319771923800972,1.6256135263603855,0.2517303890346208,0.5863573435612163,-1.4777514550620359,-0.3172536201542038,1.2133741389188992,-0.1019504863592448
-2.0696902266812947,0.626020529121082,2.2469850001015255,0.6632694610259112,-1.628563653155043,-0.9708270008150305,0.2721057301256257,0.8174897841663789,-1.8203639514022798,0.7242328768461122,1.1757064674801434,-3.890377220421693,1.9370785213371844,0.35820587100285783,1.189496795891662,0.8287849932227305,2.7018271814384107,1.845488606656755,1.4943370296647738,-3.6567394471345254,2.0116005842831517,1.1899851462096689,-1.6783839081655894,-2.2423685696118882,-1.266408426217134,1.8417190684276943,-0.06390976797696069,1.5790767221571778,-1.8400519810743787,1.733403341252154,1.7519011483968074,1.4025050652001798,0.32096588194052356,1.3737187043640398,-0.5692349731763755,1.6172964544287223,-0.6686062540088497,0.6435712609069221,1.619637720293544,-1.4097946858308448,1.7040655758763332,-2.472147150399452,1.8751891707003994,1.064756877805194,1.1125131277005376,-1.6447151391626078,-0.6513924437444322,1.4754036524135652,-1.9536045636788146
-0.3190814939731245,1.0548776920641494,0.6632694610259112,1.5897611316384601,-0.8140731729615669,0.08949165724413002,1.5755658868347757,0.5884858044364043,-2.020229927719805,-0.30778166904304377,-0.046867978994767016,-1.2372125230048492,1.84512700541422,0.48076681153781803,1.3326213390491577,1.6740009905241935,0.46771690974312596,0.20288195098100148,0.5744634491705782,-1.8997926035330108,0.36434085240502084,0.31825835130937824,-0.42580095432879506,-1.6462566485261108,-0.6202349768478571,1.809367216630886,-0.34278926992529235,0.934758572024421,-1.0886808816468643,0.9464839023276277,0.6354676015446918,0.6419609913010532,-0.8260630406331977,1.0400933619293045,-1.1405764146815054,0.9127073049688482,-0.1382466873610223,0.929086794638969,0.9765909954835208,-0.2855533421226076,1.7103809308987692,-1.6878503047248632,1.7743487549748236,0.17458489379706985,0.4864806542040533,-1.8885487326948616,-0.05633919795359064,1.1164880597461986,0.06033307692337824
1.705015872495667,-0.7198495709701674,-1.628563653155043,-0.8140731729615669,1.7116126880323816,0.9982208679775774,-0.39207820702768376,-0.8620206178568739,1.5269086098836595,-0.7505962539350998,-0.9692848554734347,3.3154033322284073,-1.6971398075769772,-0.48395424159377903,-1.2528463994449826,-0.7142262295179146,-2.2663850334931555,-1.331130836748694,-1.0130908867152826,3.4882726704525404,-1.5264288927076768,-0.8526675987446648,1.2230598511197908,2.3160068849562694,1.0443916266113624,-1.809305933501966,0.45343384761969824,-1.5869435355688954,1.630087975687333,-1.5085943147504426,-1.2663425178283996,-1.1449769980349145,-0.36895201072061506,-1.2692090857544074,0.5350076313451303,-1.51260895704954,0.6014650615813665,-0.8906662882634362,-1.550131298321124,1.2968278385339473,-1.8077269697939784,2.2328213601674967,-1.825179528991323,-0.6300104567273398,-0.9966922602527771,1.6185066103504726,0.9219818560102725,-1.7342605797682273,1.4713279464701532
1.3930313118169966,0.10058517251052419,-0.9708270008150305,0.08949165724413002,0.9982208679775774,1.2330543800845133,0.6902906448102523,-0.1819805979334148,0.24657956236282452,-1.2208181940111884,-0.8373883770469308,2.290922685419341,-0.31741359645635037,-0.027165932501159912,-0.49853372463167933,0.4946397141155602,-1.6053137420759267,-0.9822446238339624,-0.5737018381409067,2.140183248868286,-1.3731229888447416,-0.47979019060623457,0.6350522845437768,1.1934882761327266,0.4527633572214902,-0.5971554721345507,0.3524153864711873,-0.764430691935434,0.8870745185619024,-0.6547495039198346,-0.44477672551982766,-0.7542267644149129,-1.0913293837001565,-0.15399255321489103,-0.39474301671023015,-1.014666294151682,0.3527556761489972,-0.0995146795209145,-0.9173067700862515,1.0280736029445363,-0.4239492365255445,1.1589533749009209,-0.5083168403496118,-0.37216778189646,-0.39216318783680587,0.19611358385672004,0.7613168136655878,-1.0094026313585154,1.4602882030859332
0.28151917263297893,1.2107713455531879,0.2721057301256257,1.5755658868347757,-0.39207820702768376,0.6902906448102523,2.106900332659575,0.7071567689394715,-1.9571753070872586,-0.9479562901390881,-0.34964349584038434,-0.19718875652141155,1.9226859196990023,0.5949131759747414,1.248870809341651,2.174049773562596,-0.07512846674772763,-0.20376888755448416,0.43915879500515337,-1.0167790007643234,-0.3104755093087493,0.06942100584706269,-0.23281589596527813,-1.1337899381218974,-0.529665360681485,1.6144465440555567,-0.1421090315924282,0.7365260664504532,-0.7595298061767605,0.7720602844056557,0.45969152374287175,0.21515880253708095,-1.4732886964891327,1.2436764200069845,-1.4877211618082398,0.43149786972172866,-0.03250805204218256,0.9933359039222106,0.5891085213654849,0.13121068480672282,1.754142659406259,-1.1791860369071727,1.6266091447382331,0.036308589498028655,0.5402027270634067,-1.8848627413117265,0.16533388018870948,0.7912393141369461,0.7240528577970746
-0.7255896879276171,0.6723148078866116,0.8174897841663789,0.5884858044364043,-0.8620206178568739,-0.1819805979334148,0.7071567689394715,0.7675640888250954,-1.0670537561581883,0.07040324966558378,0.4444197742072701,-1.5021527633485936,1.3210853776362799,0.44013989051248126,0.9259379842184032,1.0804357203388613,1.2790533283506957,0.6857020496618549,0.7350592409988178,-1.855730105348496,0.5785795132998104,0.3780447401756799,-0.7894570493395345,-1.2110079643785179,-0.7191904944553056,1.1434940966816605,-0.12423795194412206,0.9594684079973494,-0.9669359669702768,1.0001805290113122,0.6877731577798083,0.4784039450328222,-0.34504250311262324,1.1497224925216423,-0.7020730548637464,0.67889832424,-0.34586723562130384,0.6726993612904132,0.8826063752167622,-0.5668858637793809,1.440008798511338,-1.2228001072966925,1.2370723024258237,0.36616222100336093,0.7829640284049462,-1.196326627833214,-0.5070544927868371,1.0937188348290516,-0.5503226751907004
1.4453293861324918,-1.6733666703565946,-1.8203639514022798,-2.020229927719805,1.5269086098836595,0.24657956236282452,-1.9571753070872586,-1.0670537561581883,3.4441934055429626,0.014628767656510664,-0.5317398529818157,3.1730722941344673,-3.339610734103674,-0.7265591750783422,-2.3690174215261783,-2.85702497702829,-2.120508217833271,-1.3281144660091244,-1.7172502529831979,3.9391520833262335,-1.5543659131130565,-1.0795998132769697,1.70653503602934,2.736769160983783,1.516334780694129,-2.981548107270948,0.23247739858379313,-1.7775943027547476,2.4607437415913056,-2.14408524401013,-1.3966553453308095,-1.56461897858867,1.008728013960234,-2.1678169079905993,1.6320323995748114,-1.7738599408820699,0.6232478310040163,-1.177376585612305,-2.152103462180245,0.7953166229154269,-2.954309488153013,3.295790042407629,-3.0920733096281237,-0.85973452495829,-1.1228795086835146,2.886725841606164,0.3007376926740572,-2.151599624862687,1.020235053986913
-1.320104829970521,-0.2515679458616683,0.7242328768461122,-0.30778166904304377,-0.7505962539350998,-1.2208181940111884,-0.9479562901390881,0.07040324966558378,0.014628767656510664,1.5506336128003917,0.7776840752893348,-1.972057918634582,0.04070311712979114,-0.08269927495151651,0.5405357054139519,-0.5852582298715872,1.587962937325909,1.0455287556046091,0.6735528520198786,-1.953788110955977,1.380447447839428,0.23934474564786923,-0.481908629410828,-0.7843805085997517,-0.3488702599339131,0.25020599347250344,-0.26286536174032954,0.5304851504589325,-0.8080009541633211,0.4369480548337228,-0.01881575437974208,0.6576959429997327,1.2024750465406249,-0.05581855485078995,0.573125227474695,0.831321526562808,-0.3513172853102357,-0.12585780551273149,0.9009339191311617,-0.8409200861604781,0.21955701895422655,-0.9785677327784105,0.20514614883280363,0.32745707861369083,0.2808736561589605,0.24119040904018696,-0.6881310247912669,1.0799128652943861,-1.6350020172609034
-1.3963637389630312,0.21286353615959472,1.1757064674801434,-0.046867978994767016,-0.9692848554734347,-0.8373883770469308,-0.34964349584038434,0.4444197742072701,-0.5317398529818157,0.7776840752893348,0.9370936744917816,-2.279306631174863,0.7361869526544109,0.20483433256363462,0.4735024736648788,-0.002003664538563345,1.8627772118821768,1.1080314311997397,0.7624620420551586,-2.105673358879816,1.2499009857982413,0.7225290983040654,-1.0554568093266778,-1.1664789585321724,-0.6914470036904456,0.736780789132282,-0.15068569614908114,0.906207061560161,-1.0463450875816516,0.9940808722962757,0.8350400911335994,0.7857651084844093,0.5899216694305479,0.7236397966610295,0.058550391168398434,0.9930931245235595,-0.49107608456096086,0.2748835633133332,0.976107621378102,-0.9225477163061495,0.7669157690851158,-1.2049318760117553,0.7879056348462202,0.5544020345798198,0.6180138547944597,-0.5060861809604024,-0.7115141559467718,1.0161940025068765,-1.2920963322039116
4.04040801959913,-1.0970627473523453,-3.890377220421693,-1.2372125230048492,3.3154033322284073,2.290922685419341,-0.19718875652141155,-1.5021527633485936,3.1730722941344673,-1.972057918634582,-2.279306631174863,7.5343050263482665,-3.371336328404384,-0.6729276524196215,-2.4968563605157597,-1.2485747245910626,-5.225751907095098,-3.3750679445173315,-2.646246394548293,7.365906769562635,-3.9117715198043164,-2.0485414776784934,2.9489994582986796,4.543999430834888,2.2785628192254874,-3.518432715441294,0.5058813310912704,-3.099322536489041,3.5993442612957054,-3.2035251760927785,-2.76770173196255,-2.6895249150477545,-1.1092788554290625,-2.3828423303416164,0.7195415985087085,-3.2787402277310687,1.2676189755315825,-1.2167569382707633,-3.2980473441586913,2.789761945796576,-3.2745248932671336,4.811172246524638,-3.517040543869061,-1.816473204527354,-2.0206501639519443,2.903167917120055,1.6126076422877034,-3.341839590984989,3.8469938969002624
-1.6435734689704806,1.7459242718792851,1.9370785213371844,1.84512700541422,-1.6971398075769772,-0.31741359645635037,1.9226859196990023,1.3210853776362799,-3.339610734103674,0.04070311712979114,0.7361869526544109,-3.371336328404384,3.5158483096151665,0.8687581431238033,2.4493115041514306,3.026931020037921,2.5944874205345534,1.5413984780577747,1.886307115287924,-4.208237900615574,1.6281031901654524,1.1136116062582764,-1.9881316258248043,-2.789527288215649,-1.6924879146953122,3.0108214181455297,-0.2236778068001359,1.983891908245471,-2.598577537159668,2.3832304082302134,1.5098355660186504,1.5398394759342504,-1.0591267082145104,2.566834325905369,-1.706586658621756,1.7828847665667038,-0.7589373552923663,1.2909728477588298,2.300570760046401,-0.9344824590108223,3.251430965131089,-3.3675146510800933,3.1928748493851233,0.9221046119735365,1.3981191276337754,-2.9291446561944094,-0.5637908919804261,2.4159196479359886,-1.1854240172146895
-0.3243576119638923,0.5251942694775569,0.35820587100285783,0.48076681153781803,-0.48395424159377903,-0.027165932501159912,0.5949131759747414,0.44013989051248126,-0.7265591750783422,-0.08269927495151651,0.20483433256363462,-0.6729276524196215,0.8687581431238033,0.37261382547722216,0.5364537050977917,0.749553212402039,0.5831324132245752,0.20923165625932572,0.29250410947471983,-0.9870048259624028,0.19787171236399576,0.25745944406774096,-0.47032321793033066,-0.7592971345714288,-0.4135704627793545,0.7682586003830296,-0.21322821525802343,0.5841169950811141,-0.5982156643676207,0.6468230152215995,0.36751583745735206,0.27283883245801366,-0.34340391704074974,0.7856837578071952,-0.4803642676706861,0.42897900482888013,-0.22331417582814003,0.5160175163890303,0.5551336435495979,-0.22943240852979677,0.9379527682742761,-0.7526205251948416,0.8072214169370936,0.06848206899376882,0.3679277026161398,-0.8034758706649484,-0.2847637004112778,0.6958650247262291,-0.048272441870557646
-1.2462216885032529,1.1366192603598162,1.189496795891662,1.3326213390491577,-1.2528463994449826,-0.49853372463167933,1.248870809341651,0.9259379842184032,-2.3690174215261783,0.5405357054139519,0.4735024736648788,-2.4968563605157597,2.4493115041514306,0.5364537050977917,2.2485913835944826,2.281850990041744,1.9526460536835146,1.2054542212371657,1.5738665634431364,-3.410737656944095,1.3783708559201564,0.486797575243346,-1.2214819869934084,-2.0738629291933486,-1.1760935565156345,2.18797295419592,-0.24487774704889068,1.4073323723354814,-1.998043587670261,1.5679734093448918,0.47799933053603116,1.0931036598641894,-0.521776133316539,1.6373735098259796,-1.1062185226322065,1.2745235109239326,-0.4821279542192346,0.7701055220384224,1.8443372262544124,-0.7222939097530859,2.4312440977217413,-2.609482223789002,2.275853920359693,0.5933029114864911,1.011640661724292,-1.9643142388018158,-0.5234415500408471,2.129139143389433,-1.201265205210094
-0.476839136281295,1.5922215156224393,0.8287849932227305,1.6740009905241935,-0.7142262295179146,0.4946397141155602,2.174049773562596,1.0804357203388613,-2.85702497702829,-0.5852582298715872,-0.002003664538563345,-1.2485747245910626,3.026931020037921,0.749553212402039,2.281850990041744,3.5911674280707016,1.3294708686458763,0.7446587752334515,1.586191545997339,-2.41473463188699,0.6668380237006155,0.5038402499263142,-1.4838644371050802,-1.600384401735417,-1.2838025864763885,2.349385082016096,0.049510865902780817,1.176321492402369,-1.9361015810643225,1.7939098869180954,0.5319723270358647,0.8316073295050321,-1.829847091789053,2.3129171240025523,-1.7873366318724877,0.8108971514607224,-0.37092098027935005,0.8727111521644457,1.669311198323066,-0.06131972672006855,2.8711050502692004,-2.3886774689342034,2.57290903901963,0.5356592481555684,0.9823175618529657,-2.4772930866743033,-0.05108861517115653,1.7763746065890083,-0.14754086690170748
-3.086316845662901,0.9581642411001187,2.7018271814384107,0.46771690974312596,-2.2663850334931555,-1.6053137420759267,-0.07512846674772763,1.2790533283506957,-2.120508217833271,1.587962937325909,1.8627772118821768,-5.225751907095098,2.5944874205345534,0.5831324132245752,1.9526460536835146,1.3294708686458763,4.444007315112804,2.7465122151987207,2.2751040383327363,-5.3489963319444405,2.935360585516391,1.553321903913734,-2.6654187330793326,-2.8714445336550805,-1.8949994552523985,2.3037617993406596,-0.19657477917181274,2.2368245774594713,-2.8890201472633765,2.6217982336812047,1.783566446032886,1.9695223533921522,0.647455012234575,2.250452908622787,-0.4947911501394815,2.2619679300425233,-1.1765831960486872,0.7731742380334476,2.689371818631859,-1.8848448292311903,2.6260559398414975,-3.413824558453748,2.555142708659264,1.4176905289664419,1.657586517604073,-1.812613996016865,-1.4416626364872265,2.8171402896502573,-2.998621626405879
-1.9740788409515024,0.42794798864023814,1.845488606656755,0.20288195098100148,-1.331130836748694,-0.9822446238339624,-0.20376888755448416,0.6857020496618549,-1.3281144660091244,1.0455287556046091,1.1080314311997397,-3.3750679445173315,1.5413984780577747,0.20923165625932572,1.2054542212371657,0.7446587752334515,2.7465122151987207,1.9491446019071688,1.5889401567466177,-3.29307682068707,1.9884231390317975,0.9341202305793895,-1.6299239036297244,-1.6199892989622429,-1.1613531689628647,1.314220155356704,0.06668252884728411,1.2717856105110625,-1.7318249946139903,1.489241051065206,1.1390130391235456,1.239616231695343,0.4704289218634101,1.218475266460646,-0.27785893744171697,1.2476354349029504,-0.7083977957044244,0.2849453113684553,1.584578026127911,-1.1504047149110355,1.445973329836467,-2.151076096313235,1.4809782459738037,0.9991537237779743,0.9995887469155834,-1.0017440956879176,-0.6592597664061781,1.523368180571836,-2.1621561905970608
-1.510077059366359,0.6630215554319185,1.4943370296647738,0.5744634491705782,-1.0130908867152826,-0.5737018381409067,0.43915879500515337,0.7350592409988178,-1.7172502529831979,0.6735528520198786,0.7624620420551586,-2.646246394548293,1.886307115287924,0.29250410947471983,1.5738665634431364,1.586191545997339,2.2751040383327363,1.5889401567466177,1.6985512231130648,-2.9454427222747706,1.65146731823902,0.702755033052217,-1.5132851533815899,-1.4919156171921124,-1.1499809910321201,1.5172137424910745,0.13014526284168834,1.1290528498876067,-1.7571180061498906,1.4746247727263992,0.769011505104459,1.0663662756418497,-0.17991566404767115,1.3991666852883025,-0.656481658120762,1.0836764223115851,-0.5181599702158872,0.31008395784733794,1.5681958249082106,-0.8139103749075831,1.74342160195564,-2.1583496080996594,1.6653781126622087,0.87506063243926,0.9603759442178635,-1.304493499242878,-0.4277533165681302,1.5700927032079441,-1.6251275607109799
3.9139819248343213,-1.7319339544036891,-3.6567394471345254,-1.8997926035330108,3.4882726704525404,2.140183248868286,-1.0167790007643234,-1.855730105348496,3.9391520833262335,-1.953788110955977,-2.105673358879816,7.365906769562635,-4.208237900615574,-0.9870048259624028,-3.410737656944095,-2.41473463188699,-5.3489963319444405,-3.29307682068707,-2.9454427222747706,8.04010053390644,-3.8174500049559446,-1.8748010487022537,3.029128208862245,4.964150194876448,2.530497651041087,-4.1721872085362195,0.7509132442030207,-3.409879978465848,4.112419217302139,-3.553529168749687,-2.3916277069533227,-2.7619726560061886,-0.5443920269964794,-2.9931191487235176,1.3044801289290846,-3.4434926296378325,1.3715053590412385,-1.6596105141499455,-3.8522716242167507,2.6515043559161224,-4.263338161506259,5.408556163747444,-4.270031790882855,-1.6252870685170377,-2.2204010732792274,3.57398619352749,1.8115182227582682,-4.215772145586514,3.6279697434848783
-2.2801213205373725,0.3942941619334872,2.0116005842831517,0.36434085240502084,-1.5264288927076768,-1.3731229888447416,-0.3104755093087493,0.5785795132998104,-1.5543659131130565,1.380447447839428,1.2499009857982413,-3.9117715198043164,1.6281031901654524,0.19787171236399576,1.3783708559201564,0.6668380237006155,2.935360585516391,1.9884231390317975,1.65146731823902,-3.8174500049559446,2.404468753447327,1.1193174915193695,-1.7618430046090705,-2.0739747884573205,-1.227214693880906,1.621664842425361,-0.15874745406687993,1.409694560469274,-2.039361697624942,1.691600260532698,1.1500412566193232,1.5271705180732034,0.7598833322276622,1.1216321953984172,-0.10900279938329879,1.68066061257169,-0.6973905627579957,0.25719865381220375,1.891442424318457,-1.4016534736263249,1.507113704958047,-2.5720827034183475,1.65878284541841,1.0147199075038384,0.8997908395084279,-1.152281750079786,-0.7967604606220676,1.7838651181593896,-2.3504462132025985
-1.1788335423372132,0.5198118170131864,1.1899851462096689,0.31825835130937824,-0.8526675987446648,-0.47979019060623457,0.06942100584706269,0.3780447401756799,-1.0795998132769697,0.23934474564786923,0.7225290983040654,-2.0485414776784934,1.1136116062582764,0.25745944406774096,0.486797575243346,0.5038402499263142,1.553321903913734,0.9341202305793895,0.702755033052217,-1.8748010487022537,1.1193174915193695,1.0148162389040825,-1.28762154902429,-1.2259361051861615,-0.7901395281298456,1.041508910728424,-0.11022475382955021,0.8666385755968513,-1.1961884476372389,1.212511234506645,1.086369542936672,0.9446142871600794,0.12537445091303984,0.9398819983059172,-0.21825886965047317,1.0112101711543235,-0.5039462022150085,0.3536601477770968,1.0438945426355084,-0.6762097597918113,0.945571075094084,-1.377499034836476,1.1487457320437893,0.5717819323827246,0.45313640046388526,-0.9339650424108082,-0.4345335032613543,0.8141621600027781,-0.8643141196896801
1.7840607637516337,-0.8375951820384034,-1.6783839081655894,-0.42580095432879506,1.2230598511197908,0.6350522845437768,-0.23281589596527813,-0.7894570493395345,1.70653503602934,-0.481908629410828,-1.0554568093266778,2.9489994582986796,-1.9881316258248043,-0.47032321793033066,-1.2214819869934084,-1.4838644371050802,-2.6654187330793326,-1.6299239036297244,-1.5132851533815899,3.029128208862245,-1.7618430046090705,-1.28762154902429,2.1624270781715937,1.703396611293089,1.3637216578089528,-1.6400309148354941,0.024188720104605838,-1.3366124744687724,2.0227448743640846,-1.9887936659263281,-1.2693565221124194,-1.330524236066734,0.14934996723248706,-1.8369113603805962,0.5258263479037487,-1.3382791110981886,0.7687901405130354,-0.4409941333260389,-1.8060693856839245,0.9210237829807004,-1.8780186241890355,2.2737948980986213,-1.874516444366322,-0.9217728565976215,-0.9201080749790376,1.456194418498087,0.6827938134609294,-1.6176102784898747,1.48614225625289
2.203567418123865,-1.2543698542317478,-2.2423685696118882,-1.6462566485261108,2.3160068849562694,1.1934882761327266,-1.1337899381218974,-1.2110079643785179,2.736769160983783,-0.7843805085997517,-1.1664789585321724,4.543999430834888,-2.789527288215649,-0.7592971345714288,-2.0738629291933486,-1.600384401735417,-2.8714445336550805,-1.6199892989622429,-1.4919156171921124,4.964150194876448,-2.0739747884573205,-1.2259361051861615,1.703396611293089,3.5460343309743223,1.5103921044523727,-2.9920247190957188,0.6982526557014853,-2.2790285215973864,2.480915584238516,-2.2629557456124956,-1.737431812447127,-1.6728746408110262,-0.0979582389808323,-1.9056994383159318,1.041714109742659,-2.299527615643907,0.7085455773811574,-1.3499385412550005,-2.280176205683833,1.687916646827086,-2.8316628796621366,3.447076658353501,-2.918085348304315,-0.8636668455537494,-1.3344308114430663,2.746108952365767,1.0886732442786125,-2.5209491821208685,1.6868266537568621
1.2546124525813398,-0.7601711886324964,-1.266408426217134,-0.6202349768478571,1.0443916266113624,0.4527633572214902,-0.529665360681485,-0.7191904944553056,1.516334780694129,-0.3488702599339131,-0.6914470036904456,2.2785628192254874,-1.6924879146953122,-0.4135704627793545,-1.1760935565156345,-1.2838025864763885,-1.8949994552523985,-1.1613531689628647,-1.1499809910321201,2.530497651041087,-1.227214693880906,-0.7901395281298456,1.3637216578089528,1.5103921044523727,1.0212770485351421,-1.4515979426131018,0.0873249597876959,-1.1297557613338052,1.5171130782808862,-1.4262850946372008,-0.9231501304167439,-0.9567015071224819,0.2004916166846295,-1.3727944855811527,0.6352688524195258,-1.0536211336871204,0.5348842673419542,-0.5530487333242664,-1.3701112995803877,0.7446942568151936,-1.6391246669031756,1.8406535132773787,-1.5958229978541807,-0.6372186165968154,-0.8109068027610874,1.348961822508939,0.5287269579084194,-1.3722498746960663,1.083603169884981
-1.630347254961076,1.4360366026267009,1.8417190684276943,1.809367216630886,-1.809305933501966,-0.5971554721345507,1.6144465440555567,1.1434940966816605,-2.981548107270948,0.25020599347250344,0.736780789132282,-3.518432715441294,3.0108214181455297,0.7682586003830296,2.18797295419592,2.349385082016096,2.3037617993406596,1.314220155356704,1.5172137424910745,-4.1721872085362195,1.621664842425361,1.041508910728424,-1.6400309148354941,-2.9920247190957188,-1.4515979426131018,2.9204167867620687,-0.4587720468489978,1.9429458588243615,-2.3542960317248447,2.145256843290468,1.4394544680028198,1.4746825811925892,-0.6094467294784625,2.0687390441968097,-1.370706999422695,1.875304964837923,-0.5998686046646938,1.2379946383219576,2.1122665829671465,-1.1240325705522198,2.8954109624160815,-3.219866672542575,2.919262659170826,0.7758096785948734,1.1969127971297695,-2.790451616035393,-0.6485543822562885,2.253811454558932,-1.136528841402125
0.2499453096080031,-0.2203657434632115,-0.06390976797696069,-0.34278926992529235,0.45343384761969824,0.3524153864711873,-0.1421090315924282,-0.12423795194412206,0.23247739858379313,-0.26286536174032954,-0.15068569614908114,0.5058813310912704,-0.2236778068001359,-0.21322821525802343,-0.24487774704889068,0.049510865902780817,-0.19657477917181274,0.06668252884728411,0.13014526284168834,0.7509132442030207,-0.15874745406687993,-0.11022475382955021,0.024188720104605838,0.6982526557014853,0.0873249597876959,-0.4587720468489978,0.491672834327272,-0.39849739451256994,0.304291267999299,-0.26285017945077344,-0.05263994997939197,-0.172183991359081,-0.21762995892396592,-0.14367542899966637,0.023358338649430117,-0.44297395503630177,0.11383977304339803,-0.3896770298112715,-0.3647803418506651,0.27487001102932407,-0.3969836264969613,0.46852441104551473,-0.37633913177162454,0.20277872867232788,-0.02165983743355411,0.36427950704632944,0.3789088214015208,-0.5554134843010786,-0.007235805810522312
-1.5894857762410552,0.9290329198545755,1.5790767221571778,0.934758572024421,-1.5869435355688954,-0.764430691935434,0.7365260664504532,0.9594684079973494,-1.7775943027547476,0.5304851504589325,0.906207061560161,-3.099322536489041,1.983891908245471,0.5841169950811141,1.4073323723354814,1.176321492402369,2.2368245774594713,1.2717856105110625,1.1290528498876067,-3.409879978465848,1.409694560469274,0.8666385755968513,-1.3366124744687724,-2.2790285215973864,-1.1297557613338052,1.9429458588243615,-0.39849739451256994,1.6331237269038756,-1.744824188333993,1.6449069923135617,1.2427837154593373,1.09733400075516,0.019509217475363085,1.5336651304991267,-0.7558432645799693,1.4890727554973475,-0.6248471074633746,0.9623774425347377,1.596141284996029,-1.132120312987795,2.0348700111907263,-2.3017450211484056,1.9802887213988525,0.6445470880862006,1.0645012444271258,-1.773523678460751,-0.8423641532314939,1.8101208739042962,-1.2646319890719648
2.007661890935047,-1.1860714991860888,-1.8400519810743787,-1.0886808816468643,1.630087975687333,0.8870745185619024,-0.7595298061767605,-0.9669359669702768,2.4607437415913056,-0.8080009541633211,-1.0463450875816516,3.5993442612957054,-2.598577537159668,-0.5982156643676207,-1.998043587670261,-1.9361015810643225,-2.8890201472633765,-1.7318249946139903,-1.7571180061498906,4.112419217302139,-2.039361697624942,-1.1961884476372389,2.0227448743640846,2.480915584238516,1.5171130782808862,-2.3542960317248447,0.304291267999299,-1.744824188333993,2.490973496978081,-2.1772229783548274,-1.1739225801721653,-1.6036053093814953,0.12771859075838965,-1.966521967577954,0.8367346277989582,-1.822896256518017,0.8155623026952566,-0.7967114717724698,-2.2816304239941085,1.1210399822031818,-2.5019556483098313,3.0442080634322903,-2.5129285451678705,-0.9116830370099537,-1.102438817311217,2.023411170608928,0.8294973522574187,-2.3439313532108024,1.7251897949498387
-1.7511973467120598,1.1127148632612411,1.733403341252154,0.9464839023276277,-1.5085943147504426,-0.6547495039198346,0.7720602844056557,1.0001805290113122,-2.14408524401013,0.4369480548337228,0.9940808722962757,-3.2035251760927785,2.3832304082302134,0.6468230152215995,1.5679734093448918,1.7939098869180954,2.6217982336812047,1.489241051065206,1.4746247727263992,-3.553529168749687,1.691600260532698,1.212511234506645,-1.9887936659263281,-2.2629557456124956,-1.4262850946372008,2.145256843290468,-0.26285017945077344,1.6449069923135617,-2.1772229783548274,2.1301894385078732,1.3701107423738603,1.3747862321914788,-0.3024823814560003,1.9944777094651711,-0.8537874336204873,1.6128234104937782,-0.7478371352412708,0.8458086340874454,1.973135334284324,-1.0563747630224247,2.3508743576464504,-2.6283036078983812,2.2949252770678865,0.8348371784199576,1.0669466949154998,-1.9949420808643574,-0.8045810847638093,1.9710783574917654,-1.3197024559464836
-1.3486893708431575,0.6327578415812402,1.7519011483968074,0.6354676015446918,-1.2663425178283996,-0.44477672551982766,0.45969152374287175,0.6877731577798083,-1.3966553453308095,-0.01881575437974208,0.8350400911335994,-2.76770173196255,1.5098355660186504,0.36751583745735206,0.47799933053603116,0.5319723270358647,1.783566446032886,1.1390130391235456,0.769011505104459,-2.3916277069533227,1.1500412566193232,1.086369542936672,-1.2693565221124194,-1.737431812447127,-0.9231501304167439,1.4394544680028198,-0.05263994997939197,1.2427837154593373,-1.1739225801721653,1.3701107423738603,1.8567072864900929,0.9944040243491978,-0.01304710963783052,1.181331167603416,-0.6091269716037865,1.2111732843814864,-0.504093790256391,0.7490950287673037,0.9763627175853616,-1.0146841755821434,1.2682159080524353,-1.6310541521138413,1.4906897397951042,0.791946700971362,0.8467437387386166,-1.49221724291105,-0.43497688332843,0.7669128227057816,-0.9726386058958184
-1.497548542403378,0.6449863210022392,1.4025050652001798,0.6419609913010532,-1.1449769980349145,-0.7542267644149129,0.21515880253708095,0.4784039450328222,-1.56461897858867,0.6576959429997327,0.7857651084844093,-2.6895249150477545,1.5398394759342504,0.27283883245801366,1.0931036598641894,0.8316073295050321,1.9695223533921522,1.239616231695343,1.0663662756418497,-2.7619726560061886,1.5271705180732034,0.9446142871600794,-1.330524236066734,-1.6728746408110262,-0.9567015071224819,1.4746825811925892,-0.172183991359081,1.09733400075516,-1.6036053093814953,1.3747862321914788,0.9944040243491978,1.2484379907764933,0.22245962902371746,1.0607422617852964,-0.3495895807273335,1.3437907369337416,-0.5588416575098132,0.4329078819152359,1.477017237823636,-0.8584762500016556,1.3610699981315189,-2.0016231232226684,1.566747229814437,0.7065489749851371,0.629943720650989,-1.2095614797813758,-0.501842582149208,1.3747827973376934,-1.3437055835019966
-0.8156515928833513,-0.7406659137344275,0.32096588194052356,-0.8260630406331977,-0.36895201072061506,-1.0913293837001565,-1.4732886964891327,-0.34504250311262324,1.008728013960234,1.2024750465406249,0.5899216694305479,-1.1092788554290625,-1.0591267082145104,-0.34340391704074974,-0.521776133316539,-1.829847091789053,0.647455012234575,0.4704289218634101,-0.17991566404767115,-0.5443920269964794,0.7598833322276622,0.12537445091303984,0.14934996723248706,-0.0979582389808323,0.2004916166846295,-0.6094467294784625,-0.21762995892396592,0.019509217475363085,0.12771859075838965,-0.3024823814560003,-0.01304710963783052,0.22245962902371746,1.6075108318394393,-0.9062856463866409,1.066810058620001,0.3464528508259971,-0.1385323886193317,-0.3729627015556356,0.002966964052595325,-0.6691306429802647,-0.9222264614689978,0.16670667987578147,-0.7365765687993236,0.07704497657705538,-0.1430240351783054,0.9831147887579166,-0.5138556496805411,0.007221136456104015,-1.1113130469720758
-1.283532477076014,1.32948102600191,1.3737187043640398,1.0400933619293045,-1.2692090857544074,-0.15399255321489103,1.2436764200069845,1.1497224925216423,-2.1678169079905993,-0.05581855485078995,0.7236397966610295,-2.3828423303416164,2.566834325905369,0.7856837578071952,1.6373735098259796,2.3129171240025523,2.250452908622787,1.218475266460646,1.3991666852883025,-2.9931191487235176,1.1216321953984172,0.9398819983059172,-1.8369113603805962,-1.9056994383159318,-1.3727944855811527,2.0687390441968097,-0.14367542899966637,1.5336651304991267,-1.966521967577954,1.9944777094651711,1.181331167603416,1.0607422617852964,-0.9062856463866409,2.311803264523374,-1.2105400362034788,1.2063979736708508,-0.7003325034315709,0.9765479402567667,1.7503886477207364,-0.6614069088082966,2.548596108706144,-2.3454459397834557,2.3243874525697383,0.6947109158161827,1.157393599903269,-2.0582310152175847,-0.6205905891053042,1.8920989921197922,-0.8096976668711562
0.13258438641609607,-0.9652083360458416,-0.5692349731763755,-1.1405764146815054,0.5350076313451303,-0.39474301671023015,-1.4877211618082398,-0.7020730548637464,1.6320323995748114,0.573125227474695,0.058550391168398434,0.7195415985087085,-1.706586658621756,-0.4803642676706861,-1.1062185226322065,-1.7873366318724877,-0.4947911501394815,-0.27785893744171697,-0.656481658120762,1.3044801289290846,-0.10900279938329879,-0.21825886965047317,0.5258263479037487,1.041714109742659,0.6352688524195258,-1.370706999422695,0.023358338649430117,-0.7558432645799693,0.8367346277989582,-0.8537874336204873,-0.6091269716037865,-0.3495895807273335,1.066810058620001,-1.2105400362034788,1.2046219559144413,-0.43443954029880877,0.17506590131001554,-0.7899533461301749,-0.7007290551389859,0.11426690772071324,-1.5910987368406442,1.2035999031715037,-1.4651522870817437,-0.22676648374929312,-0.6280584562258263,1.5886841836012442,0.001399777760961118,-0.8072008013246391,-0.10825725360603286
-1.7528239867769873,0.8016351288024479,1.6172964544287223,0.9127073049688482,-1.51260895704954,-1.014666294151682,0.43149786972172866,0.67889832424,-1.7738599408820699,0.831321526562808,0.9930931245235595,-3.2787402277310687,1.7828847665667038,0.42897900482888013,1.2745235109239326,0.8108971514607224,2.2619679300425233,1.2476354349029504,1.0836764223115851,-3.4434926296378325,1.68066061257169,1.0112101711543235,-1.3382791110981886,-2.299527615643907,-1.0536211336871204,1.875304964837923,-0.44297395503630177,1.4890727554973475,-1.822896256518017,1.6128234104937782,1.2111732843814864,1.3437907369337416,0.3464528508259971,1.2063979736708508,-0.43443954029880877,1.7995649356133039,-0.5845961695215804,0.7626775541066729,1.689546877567994,-1.1867301243317807,1.6927601564447583,-2.3469993784195324,1.856725050791813,0.7085713218201699,0.8286838675506307,-1.5554905181221361,-0.8156120664649955,1.7952250843622286,-1.3829950366872357
0.798622742063022,-0.41462247134443764,-0.6686062540088497,-0.1382466873610223,0.6014650615813665,0.3527556761489972,-0.03250805204218256,-0.34586723562130384,0.6232478310040163,-0.3513172853102357,-0.49107608456096086,1.2676189755315825,-0.7589373552923663,-0.22331417582814003,-0.4821279542192346,-0.37092098027935005,-1.1765831960486872,-0.7083977957044244,-0.5181599702158872,1.3715053590412385,-0.6973905627579957,-0.5039462022150085,0.7687901405130354,0.7085455773811574,0.5348842673419542,-0.5998686046646938,0.11383977304339803,-0.6248471074633746,0.8155623026952566,-0.7478371352412708,-0.504093790256391,-0.5588416575098132,-0.1385323886193317,-0.7003325034315709,0.17506590131001554,-0.5845961695215804,0.4502450315516622,-0.3162840608091881,-0.7704386071228582,0.39701361336510366,-0.7436494994938297,0.9014459961680872,-0.7434531595961419,-0.3011614174135878,-0.3932426207543283,0.4679327644648305,0.408382015852825,-0.7933757542298014,0.7164292438925023
-0.4774370900439909,0.8424083651879208,0.6435712609069221,0.929086794638969,-0.8906662882634362,-0.0995146795209145,0.9933359039222106,0.6726993612904132,-1.177376585612305,-0.12585780551273149,0.2748835633133332,-1.2167569382707633,1.2909728477588298,0.5160175163890303,0.7701055220384224,0.8727111521644457,0.7731742380334476,0.2849453113684553,0.31008395784733794,-1.6596105141499455,0.25719865381220375,0.3536601477770968,-0.4409941333260389,-1.3499385412550005,-0.5530487333242664,1.2379946383219576,-0.3896770298112715,0.9623774425347377,-0.7967114717724698,0.8458086340874454,0.7490950287673037,0.4329078819152359,-0.3729627015556356,0.9765479402567667,-0.7899533461301749,0.7626775541066729,-0.3162840608091881,0.9636066712735101,0.7561274695719891,-0.46555739039152744,1.3636086248013215,-1.1387339393186677,1.2838708737740796,0.09672585483187678,0.5800590060935252,-1.3319465280746265,-0.46028178404039016,1.008039379015309,-0.08802252674862476
-1.867112994248193,1.0608376217827566,1.619637720293544,0.9765909954835208,-1.550131298321124,-0.9173067700862515,0.5891085213654849,0.8826063752167622,-2.152103462180245,0.9009339191311617,0.976107621378102,-3.2980473441586913,2.300570760046401,0.5551336435495979,1.8443372262544124,1.669311198323066,2.689371818631859,1.584578026127911,1.5681958249082106,-3.8522716242167507,1.891442424318457,1.0438945426355084,-1.8060693856839245,-2.280176205683833,-1.3701112995803877,2.1122665829671465,-0.3647803418506651,1.596141284996029,-2.2816304239941085,1.973135334284324,0.9763627175853616,1.477017237823636,0.002966964052595325,1.7503886477207364,-0.7007290551389859,1.689546877567994,-0.7704386071228582,0.7561274695719891,2.1558575122242423,-1.0708729501520446,2.2962806667106346,-2.7830683204954574,2.2668209765831246,0.7591331141764305,0.9787752341558641,-1.7948388776368263,-0.8669972471598285,2.262358521760491,-1.6383044250060883
1.496019200181705,-0.20992932476972004,-1.4097946858308448,-0.2855533421226076,1.2968278385339473,1.0280736029445363,0.13121068480672282,-0.5668858637793809,0.7953166229154269,-0.8409200861604781,-0.9225477163061495,2.789761945796576,-0.9344824590108223,-0.22943240852979677,-0.7222939097530859,-0.06131972672006855,-1.8848448292311903,-1.1504047149110355,-0.8139103749075831,2.6515043559161224,-1.4016534736263249,-0.6762097597918113,0.9210237829807004,1.687916646827086,0.7446942568151936,-1.1240325705522198,0.27487001102932407,-1.132120312987795,1.1210399822031818,-1.0563747630224247,-1.0146841755821434,-0.8584762500016556,-0.6691306429802647,-0.6614069088082966,0.11426690772071324,-1.1867301243317807,0.39701361336510366,-0.46555739039152744,-1.0708729501520446,1.245697142113147,-1.0276079769947732,1.5289347775901638,-1.0536917542063724,-0.570447510997231,-0.7532183419599868,0.950266587599628,0.8064592310970803,-1.1361001456379924,1.4283895006614398
-1.5872702071576694,1.6498618528254605,1.7040655758763332,1.7103809308987692,-1.8077269697939784,-0.4239492365255445,1.754142659406259,1.440008798511338,-2.954309488153013,0.21955701895422655,0.7669157690851158,-3.2745248932671336,3.251430965131089,0.9379527682742761,2.4312440977217413,2.8711050502692004,2.6260559398414975,1.445973329836467,1.74342160195564,-4.263338161506259,1.507113704958047,0.945571075094084,-1.8780186241890355,-2.8316628796621366,-1.6391246669031756,2.8954109624160815,-0.3969836264969613,2.0348700111907263,-2.5019556483098313,2.3508743576464504,1.2682159080524353,1.3610699981315189,-0.9222264614689978,2.548596108706144,-1.5910987368406442,1.6927601564447583,-0.7436494994938297,1.3636086248013215,2.2962806667106346,-1.0276079769947732,3.337792153737434,-3.21883914554903,3.0715901965407415,0.7531360904649792,1.427310231724196,-2.8505416458080783,-0.8491165660423721,2.605322902965422,-1.141310556304038
