V1,V2,V3,V4,V5,V6,V7,V8,V9,V10,V11,V12,V13,V14,V15,V16,V17,V18,V19,V20,V21,V22,V23,V24,V25,V26,V27,V28,V29,V30,V31,V32,V33,V34,V35,V36,V37,V38,V39,V40,V41,V42,V43,V44,V45,V46,V47,V48,V49
0.6198594607589868,0.30556201345178285,-0.2706993579942297,0.6697461359129097,0.1507704046769458,0.412890241690203,0.7741538883133319,-0.007448808321619423,-0.5304955970477789,-0.5203333461756894,-0.5628386773816543,0.5419328031074079,0.35449078621516555,0.008898011294125145,0.20235087332194676,0.6859421010553555,-0.7021495879196873,-0.4234015478319053,-0.22049055988411514,0.25558142848158655,-0.39236871820756664,-0.1790918127520308,0.3703352765742896,-0.0974912541705244,0.1081990505362527,0.39012151296680037,-0.0842085922058357,-0.024446111167693886,0.0970534931789305,-0.014389443283644157,0.06832393245910556,-0.156712250412605,-0.5834131351182831,-0.007995308045365905,-0.4817202738610689,-0.0696638245491011,0.1564436272559447,0.25535351128117234,-0.12429712285534048,0.33919299528257457,0.3013495660000418,-0.09738561571470662,0.33107679617520336,-0.13368171351463842,-0.1148243969929968,-0.48895458177334983,0.3122019174555498,-0.15171772208060275,0.6905592593333656
0.30556201345178285,1.1269883684445101,-0.13954983759811973,0.6784880227401299,-0.05765512390510831,0.4409009295898648,1.0515809370251217,0.36900270243901223,-0.8393823942612711,-0.8086598983508756,-0.24939118974641308,0.537179000887671,1.0811818632808576,0.2643065799086227,0.5518368588223699,1.3935489643037025,0.043567873183140975,-0.033186706764800906,0.29368842179932164,-0.2297726382467907,-0.281052707567976,0.1518896309799684,-0.33329062531782405,-0.2770605596078339,-0.3313718008111035,0.55813683625047406,-0.20911316386035717,0.4122052321420595,-0.42198200835293814,0.48070659570235524,0.30046259637533146,-0.18272497545136618,-1.0567403560995985,0.9691051225779468,-0.8457520799642815,0.06233311437722348,-0.2071539808130935,0.6878876997031281,0.26006775907930235,0.3901932506775213,0.9669831029148246,-0.41878724726394345,1.0542676641421493,-0.15057544696032885,0.29113961926363763,-0.6706009441218694,-0.2399565193004893,0.5636937363702959,0.7993884936738477
-0.2706993579942297,-0.13954983759811973,0.6333320078605529,-0.05681242888211509,-0.07898939649734109,-0.05048320492389979,0.04062375632417477,-0.0018905411082010876,-0.1538258862639559,-0.13539374628118125,0.27455533776490876,-0.5468332148466293,-4.0319980434824895e-4,-0.018560996819018453,-0.3028081229463783,-0.46752043708251345,0.04588682593364724,0.11912915788701055,0.07147900991948983,-0.04428412629774121,0.17785276297604447,0.3156155534368449,-0.048658880847045324,-0.16440145307660275,-0.10430707170047465,-0.007835110546067692,0.23242353941052357,0.01049665913956595,0.08233941734091785,-0.03190402484871788,0.546900966263413,0.20982420899132367,0.21451094297098072,-0.2459065354501989,-0.044330728735405694,0.17183673549379952,0.037947621104940175,0.02351130279173455,-0.15843709459285382,-0.4197689718136325,-0.3028106067908512,0.08409958453502775,-0.10008471869609335,0.2112186532448023,0.07809313222698398,-0.1954582764468019,0.07631444204833154,-0.4634088963553527,-0.28333638009478046
0.6697461359129097,0.6784880227401299,-0.05681242888211509,1.8289234542009734,-0.09173502676156779,0.489235050092248,1.4451170669645161,-0.2254281920664407,-1.6507176440998867,-0.8777899080455188,-0.8384359474414874,0.2345047073182349,1.0175035938530552,-0.018848469166503522,0.6766821668115065,1.050987238080537,-1.3035812547243357,-0.6424092346962962,-0.22077564687730547,-0.22735260360089796,-0.33253201460067483,-0.07208405138914734,0.5960923191635047,-0.8705166279199347,0.2793077694131132,1.3084890295333804,-0.39856538345848014,0.14063673029280113,-0.11599488125610728,-0.07646544502126928,0.33405066968614966,0.11247564076859108,-0.8627559194850059,-0.12899116476606884,-0.8589107191467867,0.34615990863476304,0.37491981228346993,0.4890260077175297,0.018524556864869122,0.4396952231342375,0.4802864050724045,-0.8200717534960251,0.9712929683944902,-0.26375893348850243,-0.36003636871660893,-1.3931366068875373,0.7472094408508886,-0.11032826040733608,1.0662634926256602
0.1507704046769458,-0.05765512390510831,-0.07898939649734109,-0.09173502676156779,0.7162842605758436,0.24189306938288302,0.11218401279824784,-0.3533506655104454,-0.43557410175330447,0.11289745859236792,-0.19237458580171826,0.5208179630033388,0.07279538237595928,-0.20404185632644886,0.20383624187719965,0.4578552239906221,-0.24025996766764,-0.023933081864971107,0.3801272196439942,0.5220494732113617,0.21295584561884484,0.08589259051245583,-0.11291331063039482,0.6437294421830984,-0.10255461757632775,-0.22691239974026023,0.46892585283117244,-0.5519643083912463,-0.2096686196731241,-0.06301178784996131,-0.5134565138291023,0.29545221835129487,-0.15366643390399778,-0.3339395932250171,0.02805616231728719,-0.07127003452008732,0.041431330022030206,-0.530513086454937,0.14330462530428045,0.32184890029884466,-0.3157224168966379,0.05141089154221036,-0.19774194886060192,0.18363489843494885,-0.33724556616902945,0.27825337820760665,0.49166804856775376,-0.27095841324154224,-0.18311048798135082
0.412890241690203,0.4409009295898648,-0.05048320492389979,0.489235050092248,0.24189306938288302,0.9068071405553909,1.0377737475136872,0.3687551747772747,-0.8154777157868116,-0.772298966908331,-0.18118001787946478,0.5934898678687188,0.7788138464127045,0.3753563251841852,0.38874971735573194,1.1835730082199853,-0.2743730473538572,-0.3047122340596017,0.18102189313057396,0.3141788303374715,-0.5736978322724675,0.02921534154975108,-0.24945542230416884,0.10297347073448751,-0.21877512384039713,0.44316154103001965,0.3517475219832905,-0.04574588560479309,-0.1730494172404376,0.2576750563009102,-0.04116885421740154,0.08194492922644638,-1.0255975382479272,0.6710619329789169,-0.7572290024191763,-0.21369093561301652,0.022926918945398053,0.2040338327372006,0.1193470211549663,0.34313726191225985,0.6448010502803129,-0.027742402690125352,0.38263721784207355,0.053696870376516985,0.15774222056038678,-0.848338694415756,0.4008267924963797,-0.01938061165265372,0.5122942389189251
0.7741538883133319,1.0515809370251217,0.04062375632417477,1.4451170669645161,0.11218401279824784,1.0377737475136872,2.7197352526794436,0.713453043876741,-1.9330169086250089,-1.1333602059357433,-0.43548450440287384,0.6246868667272873,1.5786717380700124,0.7963590702093221,0.9450578254241683,1.8744603672789548,-0.8912032332449773,-1.0661674069642608,-0.0018631817485178003,-0.049835080558844544,-0.9504213314335438,-0.008657451326289782,0.2828406168746395,-0.7335804102209843,-0.5672362044218406,1.2193987896916165,0.17509258956282167,0.25513291696863993,-0.3983926302308984,0.44277579447457777,-0.014422480783786967,0.29042958368027916,-1.4364474033300758,0.646282847517948,-1.6161672485624592,0.32031002754308274,0.14194840219952523,1.0583850665369323,0.3121228091699084,-0.05123617792235125,1.3966425262244928,-0.3559485760540481,1.088387127486065,-0.13317478955065826,0.3413986122467246,-1.9047554996418807,0.248915383760008,0.2285979074938525,1.052455705081023
-0.007448808321619423,0.36900270243901223,-0.0018905411082010876,-0.2254281920664407,-0.3533506655104454,0.3687551747772747,0.713453043876741,1.101529514645148,0.17155356426029816,-0.2636586727279014,0.47483590207446263,0.12052009887040359,0.516808443873466,0.7694180445142768,0.25658013943864555,0.6938579579143153,0.7645319067070112,-0.15791962699734366,0.08185797524291999,-0.3223770006705959,-0.6392979015579723,-0.10130171657150568,-0.38805480111026175,-0.16723408167822548,-0.47174571515281755,0.1705667153413348,0.08418504265765382,0.5198926354534955,-0.1388743138439523,0.5697587458750667,0.017002603792484715,-0.21942771991969953,-0.4991968175379489,1.1210032976843443,-0.63094792111119,-0.11095093918746678,-0.25377705999169153,0.7088406178181633,0.25799580655970483,-0.42708759785143663,1.1071587294597482,0.34607422124001025,0.1824732269487224,-0.05889605520197491,0.8536068894682007,-0.6782418142394718,-0.8352532499211428,0.6692726190855633,0.1485657579209994
-0.5304955970477789,-0.8393823942612711,-0.1538258862639559,-1.6507176440998867,-0.43557410175330447,-0.8154777157868116,-1.9330169086250089,0.17155356426029816,2.407133826035378,0.8209499770182289,0.6720029448625416,-0.42648590217260385,-1.5130890748770354,-0.13875896967414234,-1.126465600518011,-1.8060624079069731,1.0677688864950745,0.5921864893438483,-0.3938713789766609,0.06613745597704263,0.1373574507501496,-0.2489877824591515,-0.07417209750906813,0.45295956367627965,0.2587404410549108,-1.274321504778103,-0.253766682937393,0.19929508457066175,0.6626843558779529,-0.2012025988930839,0.15297286365635915,-0.7121174979447121,1.1351779681603986,-0.0386955122747423,1.1083209063825075,-0.40904550309581855,-0.2300231939765877,-0.19421131102179642,-0.48745220575126874,-0.4332762438371167,-0.6471379536065837,0.8908756277324158,-1.0551147688155385,-0.0512123637469859,0.3466996511572119,1.5200251944617393,-0.9862282762528934,0.07928135041201691,-0.6177722252913785
-0.5203333461756894,-0.8086598983508756,-0.13539374628118125,-0.8777899080455188,0.11289745859236792,-0.772298966908331,-1.1333602059357433,-0.2636586727279014,0.8209499770182289,1.539831361410899,0.3697723766744461,-0.458432605162574,-0.9233077804901013,-0.19687616881702902,-0.01854677264033037,-1.0213817229887698,0.5937360637874973,0.2840824856222681,0.07276960813054328,-0.31423707800132733,0.618241766334178,-0.23614621400343502,0.16254241609187156,0.39792714317280115,0.04836746859811615,-0.693303460514614,0.0660822205638638,-0.3164504101854821,-0.09045737462504992,-0.2264645737205673,-0.9433654288638215,0.3186018025772979,1.2511474625741754,-0.7852966944019818,0.9255736308747996,0.1518648615583506,-0.1213131537895807,-0.6141297210154602,0.32885822979926893,-0.3608209391373832,-0.5819833950553287,0.17044520184051815,-0.8719780029855012,0.07771967501570064,-0.20587737387977353,1.0766290321385814,-0.27663132876287827,0.3383329709581543,-1.2028108888726767
-0.5628386773816543,-0.24939118974641308,0.27455533776490876,-0.8384359474414874,-0.19237458580171826,-0.18118001787946478,-0.43548450440287384,0.47483590207446263,0.6720029448625416,0.3697723766744461,0.9020806081279762,-0.31191917560329124,-0.3026322450747184,0.4088836712268464,-0.3008995821944977,-0.6755869755361835,0.8569868597437039,0.05292113297634155,0.043719560473702665,-0.10778554177130943,-0.06647735032850494,0.23337071222327035,-0.45478472300481687,0.12044492258198017,-0.24026959900103975,-0.41973788439341475,0.16980062017849043,0.1061260334106767,-0.03562277988540918,0.1881600106257116,-0.10730051637388868,0.14689429797869077,0.5190891189007273,0.2681014515910762,0.2752961853624869,0.08566203410650926,-0.22414840974865952,0.034809694182661215,0.16312177643087092,-0.6576686058586013,-0.0629561380653192,0.6031480354286864,-0.5495297014085503,0.034718045167241834,0.378815263114015,0.13493991956983115,-0.7307051327959877,0.2225984766696563,-0.5173846119250246
0.5419328031074079,0.537179000887671,-0.5468332148466293,0.2345047073182349,0.5208179630033388,0.5934898678687188,0.6246868667272873,0.12052009887040359,-0.42648590217260385,-0.458432605162574,-0.31191917560329124,1.307989943060669,0.5647365565107034,0.15538500375632502,0.48283272851144315,1.2656281243082774,-0.2549143570438844,-0.31110507065872495,0.23913622610034244,0.5641961046592956,-0.43546918563952103,-0.1165092757389823,-0.20466957370098254,0.5953245668835165,-0.05583846694122728,0.06546294090230632,0.10678857024036043,-0.22381925249281454,-0.18340371583572057,0.15038799399222536,-0.5230675910189496,-0.18322232628551863,-0.8317002589158263,0.4762213917447107,-0.4783117676125535,-0.32000144746814924,-0.05984321630377392,0.021513725952291802,0.19515718451220354,0.5884342218939884,0.41402949607518436,0.19343666117117406,0.1601595914679613,-0.23863211940958204,-0.05677137916846802,-0.21476402221282678,0.03463725808132942,0.20676615169133924,0.6326839285734086
0.35449078621516555,1.0811818632808576,-4.0319980434824895e-4,1.0175035938530552,0.07279538237595928,0.7788138464127045,1.5786717380700124,0.516808443873466,-1.5130890748770354,-0.9233077804901013,-0.3026322450747184,0.5647365565107034,1.656005861164284,0.4275986869485567,1.0744052853523356,2.1921255043581906,0.00469389730115901,-0.12709585694574954,0.6087256487384584,-0.3066843977779414,-0.3252566640386156,0.09121662811373206,-0.5159379820017115,-0.25698876560947964,-0.4313048492809788,1.0283677517851553,0.10046659063806955,0.32676188399828265,-0.6629847133835073,0.6493640525470237,0.09799194458443564,0.07775978807476105,-1.4374299865174751,1.1825729234892979,-1.2113309880268142,0.053551083598908936,-0.09584267090527604,0.5241662674654941,0.5324737787862915,0.41032844673608665,1.3142780178510172,-0.6471543754474369,1.1155963516949008,-0.008411124798442415,0.36876359573801065,-1.296270411270971,0.13211758109124988,0.5644976460741384,0.678418518491524
0.008898011294125145,0.2643065799086227,-0.018560996819018453,-0.018848469166503522,-0.20404185632644886,0.3753563251841852,0.7963590702093221,0.7694180445142768,-0.13875896967414234,-0.19687616881702902,0.4088836712268464,0.15538500375632502,0.4275986869485567,0.7783711657182992,0.20225472474039363,0.44684429737345227,0.2986719060138326,-0.45560708165120634,-0.119300616762019,-0.13201403038005347,-0.6192893219540445,0.03420790740818941,-0.26166712602666553,-0.24537885696220738,-0.4020622709650171,0.2553615166331505,0.047100945210776325,0.280135398216744,-0.19201223469062964,0.43370917722050595,-0.20136804938526442,0.11676930913934266,-0.36439477051499025,0.7602767611253041,-0.48848726729897374,0.06689097710266961,-0.15863057912631887,0.5647751320592652,0.3142585762494448,-0.370376179602152,0.8183675231155955,0.23017180354036657,0.11158280322775306,-0.14808696286481063,0.4527465043644337,-0.7232180912577405,-0.477500089102203,0.4759116526960822,0.20856520047263633
0.20235087332194676,0.5518368588223699,-0.3028081229463783,0.6766821668115065,0.20383624187719965,0.38874971735573194,0.9450578254241683,0.25658013943864555,-1.126465600518011,-0.01854677264033037,-0.3008995821944977,0.48283272851144315,1.0744052853523356,0.20225472474039363,1.386323859527539,1.7822304350710165,0.04325571376998124,0.00477597430597174,0.7665139208445934,-0.48167564961172604,-0.0062986811571560325,-0.3103856123879341,-0.19253894044125833,-0.039335923654959686,-0.2669372755226699,0.6842971928007362,0.13891986941661064,0.01306844474567876,-0.666456123679549,0.24263493313288792,-0.8769881121813936,0.16192842946081348,-0.8210296728405557,0.5896060960913861,-0.683666943316011,-0.05883665724629593,0.017955167931482302,-0.010205409929779521,0.6545480419122858,0.38038453800080063,0.9639945489827354,-0.6531779634984821,0.6697927226646166,-0.04248316871217086,0.1641851408210742,-0.6852260006714622,0.18617310272458887,0.8054563781608816,0.0013671268163492714
0.6859421010553555,1.3935489643037025,-0.46752043708251345,1.050987238080537,0.4578552239906221,1.1835730082199853,1.8744603672789548,0.6938579579143153,-1.8060624079069731,-1.0213817229887698,-0.6755869755361835,1.2656281243082774,2.1921255043581906,0.44684429737345227,1.7822304350710165,3.7573608392650346,0.25821331238865936,0.10003498351973343,1.2046010228466608,-0.2624471455686379,-0.29546950186309445,-0.14658916507694825,-0.9618469514356213,0.18638931479220155,-0.6754591988266988,1.1551021166313433,0.2979036931901488,0.2483677988956969,-1.0738510918314113,1.0449551225122584,-0.4576094280960885,-0.10956092077190711,-2.2994150739905606,1.9024005001554938,-1.5594027620983333,-0.32182673712513793,-0.1669892593421114,0.315532404063744,0.89402825969815,1.006829971979985,2.0557326717224056,-0.961866370881592,1.5035367132232431,0.07295574668845092,0.49678348676457945,-1.3286824166504534,0.2564044178805718,1.0569228175471883,0.8298316170697306
-0.7021495879196873,0.043567873183140975,0.04588682593364724,-1.3035812547243357,-0.24025996766764,-0.2743730473538572,-0.8912032332449773,0.7645319067070112,1.0677688864950745,0.5937360637874973,0.8569868597437039,-0.2549143570438844,0.00469389730115901,0.2986719060138326,0.04325571376998124,0.25821331238865936,1.9718920099392754,0.9043996664752355,0.6555780961250328,-0.5344162320068665,0.30394819919960164,0.0806936508888308,-1.1210833009363024,0.5321700994265863,-0.5055422689333982,-0.5945461969185507,0.19211133317135404,0.41065299154869084,-0.4041994678460592,0.7113562430256042,-0.08266810722500967,-0.21421818692385142,0.14604592773672326,1.198481728096182,0.24330527915784078,-0.203625074471461,-0.6004720191250558,-0.03131974034111073,0.49443975928739237,-0.26843303904222715,0.606135868170903,0.29033678881969405,-0.20425633055917142,0.25884728193486994,0.8366184101866139,0.6598215251109313,-1.1292080573421452,0.9587925070945565,-0.799707560786492
-0.4234015478319053,-0.033186706764800906,0.11912915788701055,-0.6424092346962962,-0.023933081864971107,-0.3047122340596017,-1.0661674069642608,-0.15791962699734366,0.5921864893438483,0.2840824856222681,0.05292113297634155,-0.31110507065872495,-0.12709585694574954,-0.45560708165120634,0.00477597430597174,0.10003498351973343,0.9043996664752355,1.1982276604874535,0.7353697027204182,-0.30681146984134683,0.7194418204286868,-0.04234901587977893,-0.5478906978009855,0.46045113407835,-0.0527251832527755,-0.4918017236290224,0.1075343703852077,0.0919510752487899,-0.12313502651227498,0.04948049242808604,0.19923101665361562,-0.3472772035814236,0.005348378348208562,0.4046640676223539,0.340912553471124,-0.39629792191060315,-0.23143307764019336,-0.43364086750709097,-0.028482844316312022,0.35921770702331635,-0.10170353811044275,-0.32132823326291876,0.1098499658318764,0.2943299573736734,0.21228945408750122,0.9352159548426149,-0.030545454672470593,0.2296403066202812,-0.6372247129584326
-0.22049055988411514,0.29368842179932164,0.07147900991948983,-0.22077564687730547,0.3801272196439942,0.18102189313057396,-0.0018631817485178003,0.08185797524291999,-0.3938713789766609,0.07276960813054328,0.043719560473702665,0.23913622610034244,0.6087256487384584,-0.119300616762019,0.7665139208445934,1.2046010228466608,0.6555780961250328,0.7353697027204182,1.1830585445675594,-0.19006317833400166,0.48592491200941285,-0.030212179976640552,-0.6957511200016421,0.5189423352125698,-0.38158505550858973,-0.10017688550496175,0.47220977561525673,-0.1308177501222782,-0.54707969875125,0.21908257353752333,-0.47351266372079587,-0.001908738391292493,-0.5852101055536685,0.6089578534802904,-0.24373852697849105,-0.2979533485470895,-0.10926798404178828,-0.4222316920831741,0.38696807178598586,0.34323825780057987,0.3708974548051725,-0.37696684925944624,0.33021972292377466,0.28365688071598116,0.2526149933015031,0.1976414824447368,0.12185691861367555,0.4411773522640155,-0.49601816331675397
0.25558142848158655,-0.2297726382467907,-0.04428412629774121,-0.22735260360089796,0.5220494732113617,0.3141788303374715,-0.049835080558844544,-0.3223770006705959,0.06613745597704263,-0.31423707800132733,-0.10778554177130943,0.5641961046592956,-0.3066843977779414,-0.13201403038005347,-0.48167564961172604,-0.2624471455686379,-0.5344162320068665,-0.30681146984134683,-0.19006317833400166,0.9802958425324396,-0.20848773902217924,0.1623431897107308,0.03705788637746519,0.5878326679765723,0.10854753654890867,-0.3991298255505839,0.35991723159497757,-0.5079231706560668,0.27590325391648834,-0.24119042778666522,-0.026521595713243782,0.07776799352382315,-0.04865316821655247,-0.3920972652675522,0.13801453288699064,-0.20911496196886517,0.12220169389035346,-0.35262587548686375,-0.3167117734922237,0.19731333115535146,-0.63341293718426706,0.5157078445499943,-0.4592846292597398,0.0640227383345882,-0.3433166510141693,0.2603692283724972,0.44124405611242307,-0.7587692084291632,0.20762675643894246
-0.39236871820756664,-0.281052707567976,0.17785276297604447,-0.33253201460067483,0.21295584561884484,-0.5736978322724675,-0.9504213314335438,-0.6392979015579723,0.1373574507501496,0.618241766334178,-0.06647735032850494,-0.43546918563952103,-0.3252566640386156,-0.6192893219540445,-0.0062986811571560325,-0.29546950186309445,0.30394819919960164,0.7194418204286868,0.48592491200941285,-0.20848773902217924,0.9887793313594424,0.14451371284544168,-0.19695821869440372,0.26874756482340223,0.0519290007208372,-0.3393232151808439,0.051214381381354486,-0.24111577248890026,-0.21592943076198867,-0.10199752523682001,-0.05171090516661692,0.14944938966262267,0.5014277894184436,-0.5063495323470929,0.5857532421149307,0.08150204272699735,-0.030290369709952216,-0.6634233296953581,0.09853678516724651,0.1469949876096171,-0.6031200148766839,-0.4164261793814038,-0.08743107564746182,0.2505113368355418,-0.3412715475300558,0.851562101985247,0.2253565459149653,-0.09007467425212677,-0.6878837287531351
-0.1790918127520308,0.1518896309799684,0.3156155534368449,-0.07208405138914734,0.08589259051245583,0.02921534154975108,-0.008657451326289782,-0.10130171657150568,-0.2489877824591515,-0.23614621400343502,0.23337071222327035,-0.1165092757389823,0.09121662811373206,0.03420790740818941,-0.3103856123879341,-0.14658916507694825,0.0806936508888308,-0.04234901587977893,-0.030212179976640552,0.1623431897107308,0.14451371284544168,0.5973964295790352,-0.4232715948158122,-0.013439998654528738,-0.18052341533883098,0.008008360731472246,0.08140575516383033,-0.04637388675693426,-0.18239661377614888,0.2618022165389482,0.40109594624208694,0.3303706424030055,0.06699594704586088,-0.005162537419639509,0.04904578856991284,0.2544813862283964,-0.13248570287588515,-0.0010814340051140204,0.10689666519734801,-0.1407994630717612,-0.19488091646748557,0.06995445174159852,0.04957654266686664,0.0941765694829163,-0.1530549090478817,-0.14257340405025384,-0.06758001126271165,-0.2772317780487228,0.06633135048837008
0.3703352765742896,-0.33329062531782405,-0.048658880847045324,0.5960923191635047,-0.11291331063039482,-0.24945542230416884,0.2828406168746395,-0.38805480111026175,-0.07417209750906813,0.16254241609187156,-0.45478472300481687,-0.20466957370098254,-0.5159379820017115,-0.26166712602666553,-0.19253894044125833,-0.9618469514356213,-1.1210833009363024,-0.5478906978009855,-0.6957511200016421,0.03705788637746519,-0.19695821869440372,-0.4232715948158122,1.3318016923935299,-0.4758782062877007,0.4940791220804983,0.10677408934321506,-0.27768753818091435,-0.12473549582513409,0.5909242243447194,-0.7691600916676181,0.015283828271013569,-0.06265636436938966,0.5330811483327635,-1.2148790934118774,0.07547358601798156,0.19936430181394968,0.3949089406478642,0.1888377080263567,-0.5311710122451522,-0.1812631866953913,-0.5783710231704985,0.06298441924987666,-0.20323386471330246,-0.20877704002232073,-0.3425403719706832,-0.034746907822655534,0.370326233391085,-0.494455039420004,0.17088246351448766
-0.0974912541705244,-0.2770605596078339,-0.16440145307660275,-0.8705166279199347,0.6437294421830984,0.10297347073448751,-0.7335804102209843,-0.16723408167822548,0.45295956367627965,0.39792714317280115,0.12044492258198017,0.5953245668835165,-0.25698876560947964,-0.24537885696220738,-0.039335923654959686,0.18638931479220155,0.5321700994265863,0.46045113407835,0.5189423352125698,0.5878326679765723,0.26874756482340223,-0.013439998654528738,-0.4758782062877007,1.2298245697541619,-0.05586652775546007,-0.7753870615321017,0.5624807756848256,-0.513219866993193,-0.0781257094431911,-0.02491031869934379,-0.5212821672150582,0.011628840309719154,0.10823222605195502,-0.01277990969042584,0.3493087173960633,-0.4427898467797465,-0.21107945461100888,-0.7303112251648388,0.12319836694976657,0.341628462543222,-0.42054676618821185,0.4648619865381439,-0.6504447228206175,0.23274399847658386,-0.06923635524881956,0.8993544158288646,0.08823942033770225,-0.12434524933694174,-0.5877801573957606
0.1081990505362527,-0.3313718008111035,-0.10430707170047465,0.2793077694131132,-0.10255461757632775,-0.21877512384039713,-0.5672362044218406,-0.47174571515281755,0.2587404410549108,0.04836746859811615,-0.24026959900103975,-0.05583846694122728,-0.4313048492809788,-0.4020622709650171,-0.2669372755226699,-0.6754591988266988,-0.5055422689333982,-0.0527251832527755,-0.38158505550858973,0.10854753654890867,0.0519290007208372,-0.18052341533883098,0.4940791220804983,-0.05586652775546007,0.6698159269826306,0.05439027445812424,-0.33526292920745726,-0.0889830729826679,0.4247758920770878,-0.4826060634737502,0.2056382630514621,-0.22133217675665612,0.39965756017746956,-0.6426402222320573,0.3828739678855971,-0.022608585425846938,0.2362833064849801,-0.24619788454618496,-0.37789124850283207,0.20134603660230999,-0.6582851145928224,0.044089091121621404,-0.3338904425391045,-0.17239120280674708,-0.3802984606070958,0.17660459689883323,0.2882772340441437,-0.3948860482676593,0.17966479801196392
0.39012151296680037,0.55813683625047406,-0.007835110546067692,1.3084890295333804,-0.22691239974026023,0.44316154103001965,1.2193987896916165,0.1705667153413348,-1.274321504778103,-0.693303460514614,-0.41973788439341475,0.06546294090230632,1.0283677517851553,0.2553615166331505,0.6842971928007362,1.1551021166313433,-0.5945461969185507,-0.4918017236290224,-0.10017688550496175,-0.3991298255505839,-0.3393232151808439,0.008008360731472246,0.10677408934321506,-0.7753870615321017,0.05439027445812424,1.2182414550334644,-0.29386175566561223,0.31815285037436497,-0.2742130303795137,0.28439913488579716,0.25649908000572375,0.12989560856819823,-0.7848764099451115,0.37584806303539725,-0.7735256522926945,0.29567193246286266,0.18521289815616143,0.4677231897136429,0.24525560150114747,0.1869333530567921,0.7929188856305104,-0.6569017588596255,0.798399480169024,-0.16878899951339196,-0.017635747967201788,-1.3828868453529557,0.31826538719055014,0.18670721313587155,0.7802223822809837
-0.0842085922058357,-0.20911316386035717,0.23242353941052357,-0.39856538345848014,0.46892585283117244,0.3517475219832905,0.17509258956282167,0.08418504265765382,-0.253766682937393,0.0660822205638638,0.16980062017849043,0.10678857024036043,0.10046659063806955,0.047100945210776325,0.13891986941661064,0.2979036931901488,0.19211133317135404,0.1075343703852077,0.47220977561525673,0.35991723159497757,0.051214381381354486,0.08140575516383033,-0.27768753818091435,0.5624807756848256,-0.33526292920745726,-0.29386175566561223,0.7904789745404764,-0.4154769814814175,-0.15005301144361047,0.007706392057790912,-0.361787694962199,0.3772138428621904,-0.13320929551536476,-0.019727546291100018,-0.1071302856518794,-0.16864651174395193,-6.528575466584045e-5,-0.4162111632944053,0.11749410077758964,-0.07047141195352481,-0.10092071263903965,0.2501741013901437,-0.2708320788553812,0.4080488926309891,0.11267282820490221,0.06971105010306168,0.3353994205246934,-0.2621382336766609,-0.5545065635570237
-0.024446111167693886,0.4122052321420595,0.01049665913956595,0.14063673029280113,-0.5519643083912463,-0.04574588560479309,0.25513291696863993,0.5198926354534955,0.19929508457066175,-0.3164504101854821,0.1061260334106767,-0.22381925249281454,0.32676188399828265,0.280135398216744,0.01306844474567876,0.2483677988956969,0.41065299154869084,0.0919510752487899,-0.1308177501222782,-0.5079231706560668,-0.24111577248890026,-0.04637388675693426,-0.12473549582513409,-0.513219866993193,-0.0889830729826679,0.31815285037436497,-0.4154769814814175,0.6661004866889245,-7.786442776002033e-4,0.3544199504078925,0.5485119359584875,-0.4171871812217437,-0.2711764322385583,0.7289408025586409,-0.31938835933350135,0.04952907084410776,-0.16355214802853815,0.6643072488713683,-0.01358235464849482,-0.13754321462168326,0.69094784724196745,-0.14088744055758157,0.44595161560974006,-0.14341278475874183,0.4956404942781659,-0.3601624847251154,-0.5878220574311683,0.47052781154153933,0.3837957562661379
0.0970534931789305,-0.42198200835293814,0.08233941734091785,-0.11599488125610728,-0.2096686196731241,-0.1730494172404376,-0.3983926302308984,-0.1388743138439523,0.6626843558779529,-0.09045737462504992,-0.03562277988540918,-0.18340371583572057,-0.6629847133835073,-0.19201223469062964,-0.666456123679549,-1.0738510918314113,-0.4041994678460592,-0.12313502651227498,-0.54707969875125,0.27590325391648834,-0.21592943076198867,-0.18239661377614888,0.5909242243447194,-0.0781257094431911,0.4247758920770878,-0.2742130303795137,-0.15005301144361047,-7.786442776002033e-4,0.690039113355614,-0.4938964119495582,0.4480477166890764,-0.34324597493460957,0.43241623991399875,-0.5531566721412946,0.2666721826002396,-0.13921108617329722,0.19720000361442303,0.059939989271107864,-0.6444897312484387,-0.1884325984399213,-0.6036699406454583,0.43746650213348676,-0.44356900696826884,-0.0966691743905623,-0.05082257426856857,0.23417127245603797,0.037366507663097126,-0.5824214894508413,0.12234755252973979
-0.014389443283644157,0.48070659570235524,-0.03190402484871788,-0.07646544502126928,-0.06301178784996131,0.2576750563009102,0.44277579447457777,0.5697587458750667,-0.2012025988930839,-0.2264645737205673,0.1881600106257116,0.15038799399222536,0.6493640525470237,0.43370917722050595,0.24263493313288792,1.0449551225122584,0.7113562430256042,0.04948049242808604,0.21908257353752333,-0.24119042778666522,-0.10199752523682001,0.2618022165389482,-0.7691600916676181,-0.02491031869934379,-0.4826060634737502,0.28439913488579716,0.007706392057790912,0.3544199504078925,-0.4938964119495582,0.8551186010530846,0.1673742293087063,0.030423338801445633,-0.5658710201426552,1.0142656191184292,-0.40926982543616114,0.0988532569179907,-0.3298056939469333,0.3503468308325082,0.5018422239832225,-0.020888148783958258,0.9309276222241142,-0.13096065023647818,0.40561235150075164,0.0645673395505633,0.3863532216237816,-0.443800587703228,-0.49630593337048806,0.55638957006191,0.22428358895019299
0.06832393245910556,0.30046259637533146,0.546900966263413,0.33405066968614966,-0.5134565138291023,-0.04116885421740154,-0.014422480783786967,0.017002603792484715,0.15297286365635915,-0.9433654288638215,-0.10730051637388868,-0.5230675910189496,0.09799194458443564,-0.20136804938526442,-0.8769881121813936,-0.4576094280960885,-0.08266810722500967,0.19923101665361562,-0.47351266372079587,-0.026521595713243782,-0.05171090516661692,0.40109594624208694,0.015283828271013569,-0.5212821672150582,0.2056382630514621,0.25649908000572375,-0.361787694962199,0.5485119359584875,0.4480477166890764,0.1673742293087063,1.8296937615592905,-0.43987921650908446,-0.16894260802283972,0.16888013182603254,-0.2161495814841733,0.14650879003141246,-0.03059902172638813,0.5936298135162742,-0.6263995390348793,-0.09422081140219124,-0.11857475061829985,-0.009747625094542333,0.38605054059408767,0.07490647353542597,0.18538237907018107,-0.3181829853057843,-0.12607247843369193,-0.6441565132507343,0.694995445259762
-0.156712250412605,-0.18272497545136618,0.20982420899132367,0.11247564076859108,0.29545221835129487,0.08194492922644638,0.29042958368027916,-0.21942771991969953,-0.7121174979447121,0.3186018025772979,0.14689429797869077,-0.18322232628551863,0.07775978807476105,0.11676930913934266,0.16192842946081348,-0.10956092077190711,-0.21421818692385142,-0.3472772035814236,-0.001908738391292493,0.07776799352382315,0.14944938966262267,0.3303706424030055,-0.06265636436938966,0.011628840309719154,-0.22133217675665612,0.12989560856819823,0.3772138428621904,-0.4171871812217437,-0.34324597493460957,0.030423338801445633,-0.43987921650908446,0.8826522846306106,0.2916895285273592,-0.4708163041247716,0.07811579559244544,0.3937685677282473,0.01990800565835192,-0.2909386164133846,0.4069061600559292,-0.22120389476683971,-0.2280913200271224,-0.07292127723292971,-0.14652550411780502,0.18215283366801108,-0.3556935063556419,-0.2609089119439427,0.38059183175526645,-0.17337029330299578,-0.4165309911490714
-0.5834131351182831,-1.0567403560995985,0.21451094297098072,-0.8627559194850059,-0.15366643390399778,-1.0255975382479272,-1.4364474033300758,-0.4991968175379489,1.1351779681603986,1.2511474625741754,0.5190891189007273,-0.8317002589158263,-1.4374299865174751,-0.36439477051499025,-0.8210296728405557,-2.2994150739905606,0.14604592773672326,0.005348378348208562,-0.5852101055536685,-0.04865316821655247,0.5014277894184436,0.06699594704586088,0.5330811483327635,0.10823222605195502,0.39965756017746956,-0.7848764099451115,-0.13320929551536476,-0.2711764322385583,0.43241623991399875,-0.5658710201426552,-0.16894260802283972,0.2916895285273592,1.8979985537384003,-1.4892925403577004,1.206939981620756,0.3476493128838097,0.004342688849807341,-0.47880262500742093,-0.19784760234571774,-0.7761794795791197,-1.356065842148366,0.619565728726332,-1.2394037865634226,-0.013419012441911952,-0.3929889105140441,1.0266633069304236,-0.37417071860022644,-0.44541956084607265,-1.003151516219495
-0.007995308045365905,0.9691051225779468,-0.2459065354501989,-0.12899116476606884,-0.3339395932250171,0.6710619329789169,0.646282847517948,1.1210032976843443,-0.0386955122747423,-0.7852966944019818,0.2681014515910762,0.4762213917447107,1.1825729234892979,0.7602767611253041,0.5896060960913861,1.9024005001554938,1.198481728096182,0.4046640676223539,0.6089578534802904,-0.3920972652675522,-0.5063495323470929,-0.005162537419639509,-1.2148790934118774,-0.01277990969042584,-0.6426402222320573,0.37584806303539725,-0.019727546291100018,0.7289408025586409,-0.5531566721412946,1.0142656191184292,0.16888013182603254,-0.4708163041247716,-1.4892925403577004,2.3416533655925655,-0.8576688251795487,-0.4212634189740991,-0.4512393873657705,0.6607887596509947,0.4741636096444645,0.3757170001846844,1.7375407733923025,-0.29050303013222056,0.966225935135737,-0.009122668770086594,0.9798048096970952,-0.602989684267335,-0.6471376114914448,1.1743709764233186,0.5499106746848725
-0.4817202738610689,-0.8457520799642815,-0.044330728735405694,-0.8589107191467867,0.02805616231728719,-0.7572290024191763,-1.6161672485624592,-0.63094792111119,1.1083209063825075,0.9255736308747996,0.2752961853624869,-0.4783117676125535,-1.2113309880268142,-0.48848726729897374,-0.683666943316011,-1.5594027620983333,0.24330527915784078,0.340912553471124,-0.24373852697849105,0.13801453288699064,0.5857532421149307,0.04904578856991284,0.07547358601798156,0.3493087173960633,0.3828739678855971,-0.7735256522926945,-0.1071302856518794,-0.31938835933350135,0.2666721826002396,-0.40926982543616114,-0.2161495814841733,0.07811579559244544,1.206939981620756,-0.8576688251795487,1.1899546084188692,0.030686613401020264,0.006789383145717643,-0.7341505559734601,-0.18205232988157213,-0.1149255963542901,-1.1328124823152523,0.26975235428288746,-0.8626234406845996,0.06773504668359534,-0.44426975781056066,1.225321457688823,-0.03313630345734735,-0.2808391023126961,-0.7106242851556878
-0.0696638245491011,0.06233311437722348,0.17183673549379952,0.34615990863476304,-0.07127003452008732,-0.21369093561301652,0.32031002754308274,-0.11095093918746678,-0.40904550309581855,0.1518648615583506,0.08566203410650926,-0.32000144746814924,0.053551083598908936,0.06689097710266961,-0.05883665724629593,-0.32182673712513793,-0.203625074471461,-0.39629792191060315,-0.2979533485470895,-0.20911496196886517,0.08150204272699735,0.2544813862283964,0.19936430181394968,-0.4427898467797465,-0.022608585425846938,0.29567193246286266,-0.16864651174395193,0.04952907084410776,-0.13921108617329722,0.0988532569179907,0.14650879003141246,0.3937685677282473,0.3476493128838097,-0.4212634189740991,0.030686613401020264,0.6104448098050128,0.03347490634786864,0.19998836555201532,0.16763112878805825,-0.33630494908500774,-0.10655061929777006,-0.09231143711836758,0.04256743652569881,-0.024536348985166715,-0.18527604976126638,-0.3077054423066604,-0.1076519005674158,-0.01872565106059531,0.08443301706192377
0.1564436272559447,-0.2071539808130935,0.037947621104940175,0.37491981228346993,0.041431330022030206,0.022926918945398053,0.14194840219952523,-0.25377705999169153,-0.2300231939765877,-0.1213131537895807,-0.22414840974865952,-0.05984321630377392,-0.09584267090527604,-0.15863057912631887,0.017955167931482302,-0.1669892593421114,-0.6004720191250558,-0.23143307764019336,-0.10926798404178828,0.12220169389035346,-0.030290369709952216,-0.13248570287588515,0.3949089406478642,-0.21107945461100888,0.2362833064849801,0.18521289815616143,-6.528575466584045e-5,-0.16355214802853815,0.19720000361442303,-0.3298056939469333,-0.03059902172638813,0.01990800565835192,0.004342688849807341,-0.4512393873657705,0.006789383145717643,0.03347490634786864,0.33852858411891645,-0.1416915161162996,-0.2314547682500971,0.008005678929216506,-0.2798892791863485,-0.08906305239189982,-0.034297123704295086,-0.017426959383872613,-0.21654588680641615,-0.20453600296137173,0.4123147167977392,-0.3429077802112699,0.14161160075633572
0.25535351128117234,0.6878876997031281,0.02351130279173455,0.4890260077175297,-0.530513086454937,0.2040338327372006,1.0583850665369323,0.7088406178181633,-0.19421131102179642,-0.6141297210154602,0.034809694182661215,0.021513725952291802,0.5241662674654941,0.5647751320592652,-0.010205409929779521,0.315532404063744,-0.03131974034111073,-0.43364086750709097,-0.4222316920831741,-0.35262587548686375,-0.6634233296953581,-0.0010814340051140204,0.1888377080263567,-0.7303112251648388,-0.24619788454618496,0.4677231897136429,-0.4162111632944053,0.6643072488713683,0.059939989271107864,0.3503468308325082,0.5936298135162742,-0.2909386164133846,-0.47880262500742093,0.6607887596509947,-0.7341505559734601,0.19998836555201532,-0.1416915161162996,1.1435136860816384,-0.04072627716029317,-0.3139516263835791,0.8973461317073791,0.022905636138653734,0.6261131576357108,-0.2917443110888071,0.5084110921684769,-0.8265902141772076,-0.6375288454542587,0.39389678857313515,0.763102501112561
-0.12429712285534048,0.26006775907930235,-0.15843709459285382,0.018524556864869122,0.14330462530428045,0.1193470211549663,0.3121228091699084,0.25799580655970483,-0.48745220575126874,0.32885822979926893,0.16312177643087092,0.19515718451220354,0.5324737787862915,0.3142585762494448,0.6545480419122858,0.89402825969815,0.49443975928739237,-0.028482844316312022,0.38696807178598586,-0.3167117734922237,0.09853678516724651,0.10689666519734801,-0.5311710122451522,0.12319836694976657,-0.37789124850283207,0.24525560150114747,0.11749410077758964,-0.01358235464849482,-0.6444897312484387,0.5018422239832225,-0.6263995390348793,0.4069061600559292,-0.19784760234571774,0.4741636096444645,-0.18205232988157213,0.16763112878805825,-0.2314547682500971,-0.04072627716029317,0.7519246513269305,0.019787089894451874,0.6176419902970346,-0.24288468739887498,0.18561659474039463,0.012114374921474276,0.060288367223722966,-0.29019534996938384,-0.21820276368390548,0.673214975494983,-0.2366380873424712
0.33919299528257457,0.3901932506775213,-0.4197689718136325,0.4396952231342375,0.32184890029884466,0.34313726191225985,-0.05123617792235125,-0.42708759785143663,-0.4332762438371167,-0.3608209391373832,-0.6576686058586013,0.5884342218939884,0.41032844673608665,-0.370376179602152,0.38038453800080063,1.006829971979985,-0.26843303904222715,0.35921770702331635,0.34323825780057987,0.19731333115535146,0.1469949876096171,-0.1407994630717612,-0.1812631866953913,0.341628462543222,0.20134603660230999,0.1869333530567921,-0.07047141195352481,-0.13754321462168326,-0.1884325984399213,-0.020888148783958258,-0.09422081140219124,-0.22120389476683971,-0.7761794795791197,0.3757170001846844,-0.1149255963542901,-0.33630494908500774,0.008005678929216506,-0.3139516263835791,0.019787089894451874,1.0687662393445623,0.13278925325791763,-0.5924170997493498,0.5267701372263671,0.01646003634137749,-0.3008262390167861,0.22786675777638007,0.6876692213090856,0.1158461389612718,0.41656775794669354
