V1,V2,V3,V4,V5,V6,V7,V8,V9,V10,V11,V12,V13,V14,V15,V16,V17,V18,V19,V20,V21,V22,V23,V24,V25,V26,V27,V28,V29,V30,V31,V32,V33,V34,V35,V36,V37,V38,V39,V40,V41,V42,V43,V44,V45,V46,V47,V48,V49
0.7419015346303247,-0.028254782317637325,-0.3956897381767735,0.2876882145151422,0.3855757980704633,0.3752993798860862,0.21033418979334995,-0.3617499165085871,0.18487203939869873,-0.44742313683944074,-0.5053172466307785,0.9150671964575791,-0.3332713566020108,-0.10929038462140603,-0.32658495678437727,-0.13984897123395168,-1.0512798570523838,-0.4846163000072764,-0.46705022839861376,0.9028483193418396,-0.42876419713769054,-0.2905450744355816,0.6599639749109629,0.2540696969130949,0.41796478622731537,-0.27200740972098303,-0.060877571623319825,-0.4060165419680097,0.4338634709851752,-0.4080640217884731,-0.10510955402346224,-0.33089144513360963,-0.2987067970936185,-0.5171521881522805,-0.09167177208366359,-0.2599848429960401,0.30323131640053314,-0.082933731031588,-0.5414230235148895,0.45850656386793914,-0.43850085182202114,0.3907929513254077,-0.2962634098915971,-0.2850723300301565,-0.4289049010631429,0.22581149263406122,0.47696988569311777,-0.5686473146914653,0.723430997828777
-0.028254782317637325,0.6957504285933092,0.07018609372657164,0.23762806908388434,-0.23101886521392895,0.011003409732012494,0.23423839929532084,0.2420264833887751,-0.18278943155902713,-0.32744191709884907,-0.04852471406029927,-0.034474936678869535,0.6497114250007746,0.07725402441948001,0.33738218246101914,0.8371451507146699,0.4988885376636154,0.48365772784961336,0.4275662515131777,-0.5193797569032029,0.24005352309364553,0.06572168546648467,-0.4057759054324592,-0.3041017600971508,-0.23824618370112194,0.2472296015642515,-0.23592580449090095,0.44651768176681433,-0.400961320018029,0.4818467860266677,0.4290325693463294,-0.2636354567303554,-0.5997445780230374,0.7908773285655732,-0.42631205301287284,0.06689910092633938,-0.19278763389672635,0.36355815243847894,0.18674003905267686,0.21115221348598487,0.6909507237599648,-0.5166007887911543,0.7506136620159988,-0.0027769219199763277,0.3317178233498758,-0.11182219677472816,-0.31514881054266974,0.5753528628129526,0.2477859943166098
-0.3956897381767735,0.07018609372657164,0.8721084499140723,0.3882731670313399,-0.41644237079007385,-0.09213378803480428,0.35594475599346387,0.1357577595238143,-0.4944087283152599,0.03621561943252644,0.45290508050989964,-1.0258379069256376,0.3743480896424341,0.33430585435653765,0.02992225525754278,-0.29001461056494177,0.2652552341911192,0.1647119610192552,0.09725839095392554,-0.6995203506046088,0.39127355319544965,0.3849837526520329,-0.09856820997429389,-0.8520604112989586,-0.24750299550610247,0.4085281258587691,0.03585605239106073,0.2355148385849784,-0.4179351931440035,0.36774493427594723,0.5789958514905017,0.5483449267134767,0.1604105135578207,-0.08102184551001891,-0.2707217743475722,0.646734055749633,0.02507089281078783,0.23027271951253894,0.2426542504058769,-0.5975679627451308,0.1713256615908078,-0.4117301478428605,0.18054352164730197,0.16883209955851233,0.10839021552718422,-0.6058351094799417,0.0031138769174958096,0.031048481916143022,-0.40425354515740003
0.2876882145151422,0.23762806908388434,0.3882731670313399,1.443305137412797,-0.18908747694664307,0.04864946658127622,0.6895204214241838,-0.6058623000236855,-1.1405836704815693,-0.4187548712945436,-0.5489978126876826,-0.4781548876753401,0.4367539036106379,-0.18281005522929897,0.19227805599868353,-0.014043866476255154,-1.1120984829295206,-0.24120820294607612,-0.26230689423428627,-0.3272713308553368,0.2612550343031954,0.11044170795497606,0.6488137340123472,-1.0147180721784212,0.32991196599527595,0.8681292666145736,-0.3561534452753513,-0.0014580325764079508,-0.14874154401348086,-0.16277712232210959,0.5548945737996241,0.33528908641273997,-0.19864770609305696,-0.7204880425957877,-0.34555665410889613,0.584067919922797,0.4170891840231731,0.13024416221010235,-0.11325020386848385,0.17070923456584242,-0.16069685952329038,-0.865981283217917,0.5629305901489495,-0.09084351290384246,-0.5683946689910313,-0.7400964676561382,0.8521395178525587,-0.39310879965188544,0.4461873830475062
0.3855757980704633,-0.23101886521392895,-0.41644237079007385,-0.18908747694664307,0.9776180205014496,0.40056664631301864,-0.04397215851173431,-0.5266417735857034,-0.22908721099810248,0.15238808960884054,-0.3313602857017633,1.0508594229149006,-0.21257331864017928,-0.2572499914192796,0.1617230010808581,0.3372054594871697,-0.6081676174968174,-0.2362326181096034,0.24056777249836708,0.9907417165491339,-0.003982230554617646,-0.12091265022803023,0.09635047581884691,1.0188950312254241,0.11148320263126138,-0.4878469260890087,0.54026684361138,-0.8784712604560827,-0.021655349265627098,-0.3609021309695271,-0.9690774447620745,0.2312813178887147,-0.13541396786957083,-0.5769918844627341,0.17000409113312528,-0.33050413163076386,0.13769205391844885,-0.7825347578794014,0.0125213653612489,0.5705647724521714,-0.6053672013851661,0.34008705968284586,-0.5270343141662356,0.04336019873896998,-0.5741684929444033,0.534275871388098,0.7107451801987875,-0.42911946218653507,-0.08465704641582744
0.3752993798860862,0.011003409732012494,-0.09213378803480428,0.04864946658127622,0.40056664631301864,0.6744510933243886,0.5319497892298942,0.16228392025321695,-0.13841811933985687,-0.2622210679660549,0.07667660538383647,0.7109324313853146,0.14484089539127337,0.43202997385312525,0.08480285245385141,0.3585025527683251,-0.3373489896700899,-0.41371222875196895,-0.013864868889124993,0.6090209095890502,-0.4381959620784344,-0.09499101871721534,0.009470971326750894,0.30433421839365027,-0.0624791762574598,-0.14107928787091542,0.3931316503252915,-0.39020285616959755,-0.0974106048429747,0.0672602667432582,-0.4675331428617294,0.1722196076856575,-0.4574923224885654,0.05629173369507883,-0.3521083330390854,-0.14200913943561674,0.11165556289222549,-0.1283805885546925,0.03323770178437082,0.130888396675416,0.0886316622753635,0.4006649651482011,-0.3584804955927116,-0.07041246574575341,-0.08432514206675996,-0.22268753621491863,0.30912524150713916,-0.1467831205535999,0.18506005328945582
0.21033418979334995,0.23423839929532084,0.35594475599346387,0.6895204214241838,-0.04397215851173431,0.5319497892298942,1.5025587526744593,0.4789332444389992,-1.0015886781465166,-0.3304806218380381,0.21677597848832153,-0.020516596566526997,0.6548664391897163,0.74914299547465,0.35596504965040965,0.40010802421629016,-0.4359593060752044,-0.8292569695741674,-0.19368378456224064,-0.06732112007864727,-0.5498722583650677,0.1447648299263489,0.22489416586671968,-0.6116082189255027,-0.35831587798618125,0.6160325240360479,0.24203784889009383,0.014125429026627853,-0.281116849952513,0.27064867456425146,-0.14006119319907503,0.5834244441288607,-0.3339292132073265,0.006741204708023277,-0.7691269531340919,0.4769737099636927,0.15546479003923988,0.5202969127833251,0.3002977374115506,-0.5454228952013229,0.5668955055778577,0.07042485000800876,0.1115470817602533,-0.07113459761871148,0.13046395751150916,-1.2630551408934092,0.06840103197983584,0.006154602521111889,0.20826611067008108
-0.3617499165085871,0.2420264833887751,0.1357577595238143,-0.6058623000236855,-0.5266417735857034,0.16228392025321695,0.4789332444389992,1.350801316491701,0.39918871433881664,0.006448654732541174,0.8787962868302694,-0.21283890320555943,0.43951371712903065,0.9222611982161274,0.18638113756514088,0.4295497205817621,1.2730691268096854,-0.1066659441987942,0.09519545011148867,-0.572237728382348,-0.5796265663796404,0.04539881347627162,-0.6741532757467888,-0.18758949586635487,-0.6278193286654575,0.11252901947836425,0.11424082775128686,0.6644904389075621,-0.20911958156894064,0.737807057038895,0.024254900770457735,-0.07247302477025006,-0.15477751624078623,1.2822206847360618,-0.473064917886975,-0.0017339733901511644,-0.42556962327533027,0.75779373602875,0.44311170719177967,-0.8104278494904902,1.1708894784313204,0.48952495110175825,0.03554286775552629,0.006107335153307938,1.0636188664560717,-0.6896266314341729,-1.2421793402456167,0.8485808831264429,-0.17884089338399467
0.18487203939869873,-0.18278943155902713,-0.4944087283152599,-1.1405836704815693,-0.22908721099810248,-0.13841811933985687,-1.0015886781465166,0.39918871433881664,2.136276515627113,-0.08764275793670602,0.28734611216246536,0.6150707937498046,-0.9791837170543186,0.14998290482556903,-0.9853291590245956,-0.9012828645291826,0.4888930958184786,0.18651100436395912,-0.4966980736337055,0.5940916282394231,-0.4995208260542073,-0.44063148666288443,0.06821818252892359,0.4987700300681804,0.26681845931134335,-1.1229464425353701,-0.31878085964778585,0.22690470375111862,0.7073125991555412,-0.09240151450176538,0.23764261643993262,-1.126756288193318,0.12176433222205843,0.4345269719140545,0.37287639290879043,-0.6546966961746687,-0.15268575631200743,0.23437818341508423,-0.7070639873016563,0.03208309062549037,-0.15937680224068906,1.0363281972329523,-0.6907629502922337,-0.3290110686214409,0.43355045656778296,1.1451714886390194,-0.8954613525918682,0.08215153949770362,0.38514565436460446
-0.44742313683944074,-0.32744191709884907,0.03621561943252644,-0.4187548712945436,0.15238808960884054,-0.2622210679660549,-0.3304806218380381,0.006448654732541174,-0.08764275793670602,0.9309128717130231,0.34025636179985047,-0.32944655419407265,-0.08285450406407831,0.05661010602862571,0.42490686509628967,0.02893647352398686,0.6175875343180627,0.21211219501190082,0.3957428165450406,-0.3912902406468253,0.43103302197383603,0.03482925670920101,-0.2832261949255547,0.24323811624337927,-0.25741704084795286,-0.1264821709104013,0.2691163690302304,-0.200447614325175,-0.44177610601771977,0.13476566555664732,-0.7916310996845036,0.5323845806113409,0.49794988095781606,-0.12283459871293105,0.3384081555284847,0.17421452127505616,-0.16110727774741765,-0.4197170020562925,0.6015152837640044,-0.2217174757984841,0.022558554860405648,-0.12542090362209993,-0.2914704691399109,0.18305109352718033,-0.032786906007780246,0.2377249048744859,-0.09684871692270335,0.4432247254109356,-0.9137299961052414
-0.5053172466307785,-0.04852471406029927,0.45290508050989964,-0.5489978126876826,-0.3313602857017633,0.07667660538383647,0.21677597848832153,0.8787962868302694,0.28734611216246536,0.34025636179985047,1.0547359868393191,-0.43170202498905225,0.1844766962681753,0.8749236552253786,0.07583786959309169,-0.1602522859382898,1.0345417442995348,-0.06980398707426297,0.13292161936587352,-0.45814749611914085,-0.1702509972887398,0.21075804058426822,-0.53206811025677625,-0.23714559060550824,-0.5123308380471474,-0.08540575382056206,0.2680004829431118,0.2472632980975504,-0.39769904721312155,0.5915803803024833,-0.17714155497394427,0.4042829995288995,0.23021202475671013,0.59145869483416,-0.20635135983030203,0.30819597476118005,-0.25864127519047136,0.30096318696912944,0.4991663316680275,-0.8853540899255773,0.5618243421092061,0.43639371994219145,-0.3758626249937208,0.04714480331881783,0.604965969765778,-0.4431804170989342,-0.8159437073643994,0.564497512236874,-0.5818336000703805
0.9150671964575791,-0.034474936678869535,-1.0258379069256376,-0.4781548876753401,1.0508594229149006,0.7109324313853146,-0.020516596566526997,-0.21283890320555943,0.6150707937498046,-0.32944655419407265,-0.43170202498905225,2.1550996072390753,-0.4313379256124443,-0.046232030206584895,-0.13386310684110972,0.4674106166685874,-0.7835779190027029,-0.5410148826904905,-0.09553195791955407,1.6875530672553691,-0.7431020498073185,-0.49601637315966973,0.24538443100497256,1.4536987987094845,0.31908292230097274,-0.9259300850946054,0.3374667402113693,-0.8359635209182669,0.4312460769698607,-0.45641094427236295,-1.0734381626723215,-0.5503363481474688,-0.5615343518948076,-0.14520123057796885,0.007862649816431555,-0.874143746774397,0.12535186708172652,-0.49174783778519765,-0.4001111986291439,0.8562777921547451,-0.4566784417676485,1.0648690882615635,-0.7834399567486919,-0.3750767845113911,-0.375732383306903,0.803102389551082,0.2904298237560586,-0.3859019525779345,0.6950108813605453
-0.3332713566020108,0.6497114250007746,0.3743480896424341,0.4367539036106379,-0.21257331864017928,0.14484089539127337,0.6548664391897163,0.43951371712903065,-0.9791837170543186,-0.08285450406407831,0.1844766962681753,-0.4313379256124443,1.2101373628794558,0.31999049430677934,0.9048887902221071,1.3481347553126628,0.7913594968459189,0.4475340256420098,0.7894133971037854,-0.9388803647850499,0.388557039128497,0.23562314394143247,-0.7760428255321324,-0.4155401899842295,-0.5440110982807638,0.7256120620186843,0.10770415090251662,0.41739617989917494,-0.8816758225654822,0.7696817854739486,0.12975246564789528,0.37867393428634055,-0.5936898584640198,0.9407568839786873,-0.6401608630918932,0.333125346165625,-0.2601260319013183,0.23279585167236627,0.7663490584474657,-0.05363440185511518,1.0408176666757492,-0.8381922205609946,0.8364608871327589,0.23434009870787864,0.4198248793689411,-0.740821368987992,-0.14417548863982324,0.7906710422606447,-0.28052724893340386
-0.10929038462140603,0.07725402441948001,0.33430585435653765,-0.18281005522929897,-0.2572499914192796,0.43202997385312525,0.74914299547465,0.9222611982161274,0.14998290482556903,0.05661010602862571,0.8749236552253786,-0.046232030206584895,0.31999049430677934,1.1538618724748397,0.10901136619171675,0.03785038450018872,0.54398326414792475,-0.42919521456648946,-0.10369771819567992,-0.195159845556648,-0.5031862898324787,0.047135041920657636,-0.2600374261405147,-0.381717743419241,-0.47317280821442304,0.01387256126336949,0.24159908873305852,0.15013627793489084,-0.40846393077596693,0.6135563831290634,-0.29323694235367925,0.3845739614359068,-0.14679751367568442,0.565106664477837,-0.5348942369601811,0.30109757388824193,-0.11873582111641014,0.4592691862958723,0.42446025415552985,-0.7467062705300465,0.7466584719071726,0.4689798298805445,-0.3759352819822299,-0.12663548520257903,0.502356402394067,-0.6794462779278687,-0.5856860243797649,0.5088308903813933,-0.19278251814201947
-0.32658495678437727,0.33738218246101914,0.02992225525754278,0.19227805599868353,0.1617230010808581,0.08480285245385141,0.35596504965040965,0.18638113756514088,-0.9853291590245956,0.42490686509628967,0.07583786959309169,-0.13386310684110972,0.9048887902221071,0.10901136619171675,1.1708841509817876,1.3869719323122633,0.6983720968949811,0.4096418331209659,0.9560225275652637,-0.7457454838895278,0.48386972564202463,0.0614892157339399,-0.674992310389645,0.06903912528292809,-0.4764166549459517,0.48705704277934453,0.2963264902715178,0.016251830841394782,-0.8899863923317742,0.47825939109536475,-0.7052938779106501,0.5297542416806411,-0.3493578121249056,0.5980676903585136,-0.29939463120700444,0.15271448262022463,-0.21618492440481488,-0.24775603169246488,0.9143735180094961,0.1368217437364521,0.7592099043681845,-0.7463740997852855,0.5370706245930762,0.24705231746258716,0.16383091197608984,-0.3742477578327333,0.06584970354119205,0.8379914256558647,-0.6248175235086691
-0.13984897123395168,0.8371451507146699,-0.29001461056494177,-0.014043866476255154,0.3372054594871697,0.3585025527683251,0.40010802421629016,0.4295497205817621,-0.9012828645291826,0.02893647352398686,-0.1602522859382898,0.4674106166685874,1.3481347553126628,0.03785038450018872,1.3869719323122633,2.5449076778526747,1.2015383860665931,0.8490056315450877,1.4203739551289059,-0.62203264242049,0.43404523197161876,0.009621478383367724,-1.2343841663290571,0.558931964393167,-0.6882430551759788,0.40592758005770746,0.3408895976490436,0.2088459640541501,-1.0388746178515946,0.8471252598202996,-0.5868750317952893,0.029093521632128583,-1.15096342963671,1.555339264359831,-0.5777416700040385,-0.28561152843510984,-0.45361817507924057,-0.16189965503773845,0.9843738402876971,0.709314194925941,1.350295479206495,-0.8510891449065044,0.9980170532587844,0.3194503287106931,0.49236393246166144,-0.17908550266124748,-0.12354207079926836,1.2017676755529847,-0.2806839798983621
-1.0512798570523838,0.4988885376636154,0.2652552341911192,-1.1120984829295206,-0.6081676174968174,-0.3373489896700899,-0.4359593060752044,1.2730691268096854,0.4888930958184786,0.6175875343180627,1.0345417442995348,-0.7835779190027029,0.7913594968459189,0.54398326414792475,0.6983720968949811,1.2015383860665931,2.755448820401478,1.260810487015442,1.1787393683375273,-1.455604355136389,0.501799677349463,0.23256241423976012,-1.6733923734514544,0.08157722015714969,-0.9951681020051992,-0.0071535498247942315,0.13004933993303777,0.9461094878420067,-0.9411717455777063,1.2749893719325613,0.0395114675899571,-0.09340061692499836,-0.21307621914198352,2.074862174181254,-0.15734088290131865,-0.013419637420660253,-0.8430493930919581,0.35728066478452647,1.0456180943216409,-0.45328145124783764,1.5745678849018383,-0.3346826034919984,0.5616788808573228,0.40721577294782074,1.3459609949858882,0.04645640042098351,-1.5303147230361243,1.7217621525761113,-1.0082077252668662
-0.4846163000072764,0.48365772784961336,0.1647119610192552,-0.24120820294607612,-0.2362326181096034,-0.41371222875196895,-0.8292569695741674,-0.1066659441987942,0.18651100436395912,0.21211219501190082,-0.06980398707426297,-0.5410148826904905,0.4475340256420098,-0.42919521456648946,0.4096418331209659,0.8490056315450877,1.260810487015442,1.5348095063280118,1.0432514794942807,-0.9155111597256274,1.0724757544244115,0.06541440600569039,-0.8463443085431012,0.019716480803165057,-0.25226455965139827,-0.071569309387931615,-0.18578268943337556,0.45131358875278005,-0.6152076461868485,0.5228130846821144,0.4511465117829558,-0.3646681912398895,-0.39762895525621356,0.9346186366290518,0.08393567255921111,-0.12209868590368943,-0.34841972754427003,-0.19611194663013423,0.31027616741256847,0.5506487405535737,0.5068775012866961,-1.023315564442431,0.8180957948558575,0.31122201224376833,0.3240481189236648,0.7469300267619683,-0.16834247854869383,0.802699461475086,-0.480348625799382
-0.46705022839861376,0.4275662515131777,0.09725839095392554,-0.26230689423428627,0.24056777249836708,-0.013864868889124993,-0.19368378456224064,0.09519545011148867,-0.4966980736337055,0.3957428165450406,0.13292161936587352,-0.09553195791955407,0.7894133971037854,-0.10369771819567992,0.9560225275652637,1.4203739551289059,1.1787393683375273,1.0432514794942807,1.334151830958933,-0.6574305763352157,0.8259551860269742,0.12084196082973211,-1.0321379203697156,0.4047709648586033,-0.5470152694386604,0.027668642118620815,0.3587973825096446,0.04653763579679625,-0.9345367167912192,0.580825063859835,-0.45855828054968995,0.21099526264479346,-0.48150901667804874,0.884948227248996,-0.142747554607927,-0.0723933615873524,-0.3391742588579525,-0.4274301062742805,0.787155953492026,0.38360493958494374,0.6520361855484662,-0.7638371601283771,0.5553696000372412,0.38009548177236446,0.27786630711239324,0.28494811637814826,-0.029333868697325887,0.8797957608608526,-0.7650519668648104
0.9028483193418396,-0.5193797569032029,-0.6995203506046088,-0.3272713308553368,0.9907417165491339,0.6090209095890502,-0.06732112007864727,-0.572237728382348,0.5940916282394231,-0.3912902406468253,-0.45814749611914085,1.6875530672553691,-0.9388803647850499,-0.195159845556648,-0.7457454838895278,-0.62203264242049,-1.455604355136389,-0.9155111597256274,-0.6574305763352157,2.0087951373029083,-0.8367961801971799,-0.33323256502741566,0.7489842847810205,1.1906960637795787,0.5546796518666683,-0.9342534203761534,0.3909549336184117,-1.0326679951477473,0.850160844504642,-0.8766101097525614,-0.7183669003042836,-0.3060626253527364,-0.05374227932666134,-0.9991080428298141,0.2905823705072465,-0.6675229670344323,0.40488111782847536,-0.5666475207705006,-0.8025790607186549,0.5549750103086837,-1.176917096661968,1.2653152084863786,-1.1468324714746758,-0.2997795928596753,-0.7050493819177085,0.7056202307402084,0.7062324171704149,-1.1834098866192824,0.6803023573146426
-0.42876419713769054,0.24005352309364553,0.39127355319544965,0.2612550343031954,-0.003982230554617646,-0.4381959620784344,-0.5498722583650677,-0.5796265663796404,-0.4995208260542073,0.43103302197383603,-0.1702509972887398,-0.7431020498073185,0.388557039128497,-0.5031862898324787,0.48386972564202463,0.43404523197161876,0.501799677349463,1.0724757544244115,0.8259551860269742,-0.8367961801971799,1.2854999931233735,0.2171839391576402,-0.4132315557226613,-0.24184487737760704,-0.10610018938106454,0.16666246590275935,-0.0743112708577932,0.0342447037465228,-0.7308014786529178,0.28944494535885174,0.2276491441875366,0.3117093335922764,0.005758241899203497,-0.03172799476378036,0.14946704902498772,0.34020183597492826,-0.10827296968145164,-0.4682574090564452,0.41171371410789914,0.3673003072603401,-0.020363857361541757,-1.1774611476711125,0.6139518762611397,0.32305554356475086,-0.2575206672686364,0.4700524060278834,0.40471517099055127,0.36476838506340176,-0.647148143616959
-0.2905450744355816,0.06572168546648467,0.3849837526520329,0.11044170795497606,-0.12091265022803023,-0.09499101871721534,0.1447648299263489,0.04539881347627162,-0.44063148666288443,0.03482925670920101,0.21075804058426822,-0.49601637315966973,0.23562314394143247,0.047135041920657636,0.0614892157339399,0.009621478383367724,0.23256241423976012,0.06541440600569039,0.12084196082973211,-0.33323256502741566,0.2171839391576402,0.367455176853207,-0.2402529221478807,-0.2673707452987776,-0.20852278248268175,0.2752707428951938,0.06491909403766083,0.10983581344635013,-0.23231326410072323,0.20602922492128203,0.2565393758246039,0.3587751109171842,0.12518245482223356,0.017797101844261306,-0.0417372563008809,0.3113792063099428,-0.07512456401836137,0.07615665511974566,0.23438447880231827,-0.281242641298207,0.07622721839514021,-0.19926971750655334,0.1906871166006035,0.15552043200259313,0.03954975511307548,-0.3692234480359029,-0.07176794690327197,0.002132392210368581,-0.21803189758985467
0.6599639749109629,-0.4057759054324592,-0.09856820997429389,0.6488137340123472,0.09635047581884691,0.009470971326750894,0.22489416586671968,-0.6741532757467888,0.06821818252892359,-0.2832261949255547,-0.53206811025677625,0.24538443100497256,-0.7760428255321324,-0.2600374261405147,-0.674992310389645,-1.2343841663290571,-1.6733923734514544,-0.8463443085431012,-1.0321379203697156,0.7489842847810205,-0.4132315557226613,-0.2402529221478807,1.393635697352317,-0.3554077673073483,0.7054655972059932,-0.07563971524721436,-0.29752610127640566,-0.4065243475510662,0.805885787182667,-0.8708220207064253,0.18052236504075658,-0.11776239896605677,0.37024673152348475,-1.4144666275267883,0.16317868138497268,0.11675397750513035,0.5771972373333946,0.04717203855071406,-0.8427294390921722,0.02422474023000444,-0.9961054159305003,0.373623829636882,-0.4552713550265331,-0.36495927703948805,-0.7108072929594361,8.557069918717763e-4,0.660462695493126,-1.030529333204128,0.6799691075129152
0.2540696969130949,-0.3041017600971508,-0.8520604112989586,-1.0147180721784212,1.0188950312254241,0.30433421839365027,-0.6116082189255027,-0.18758949586635487,0.4987700300681804,0.24323811624337927,-0.23714559060550824,1.4536987987094845,-0.4155401899842295,-0.381717743419241,0.06903912528292809,0.558931964393167,0.08157722015714969,0.019716480803165057,0.4047709648586033,1.1906960637795787,-0.24184487737760704,-0.2673707452987776,-0.3554077673073483,1.781295542445016,0.0440578774193093,-0.8906472664394478,0.5997006219032885,-0.7263526949927274,0.2466682850132727,-0.35597685301034615,-1.1409731141718027,-0.28381814128498534,-0.12175484146056013,0.04686732318237551,0.42492822653962004,-0.9121766580200614,-0.154994026745687,-0.8149232044423734,-0.01889064373941975,0.7003309822767723,-0.4520523781247041,0.7968714705596714,-0.6922647786855445,0.07139889447698286,-0.15987724810171294,1.0004000589935842,0.14792838393352334,-0.19272166329825283,-0.15048865553150503
0.41796478622731537,-0.23824618370112194,-0.24750299550610247,0.32991196599527595,0.11148320263126138,-0.0624791762574598,-0.35831587798618125,-0.6278193286654575,0.26681845931134335,-0.25741704084795286,-0.5123308380471474,0.31908292230097274,-0.5440110982807638,-0.47317280821442304,-0.4764166549459517,-0.6882430551759788,-0.9951681020051992,-0.25226455965139827,-0.5470152694386604,0.5546796518666683,-0.10610018938106454,-0.20852278248268175,0.7054655972059932,0.0440578774193093,0.6767678172861441,-0.12074741825228719,-0.30310995064080526,-0.24985167468543779,0.5957284230951099,-0.6229073191504872,0.24685081609515538,-0.3362307633409933,0.1822575513914969,-0.7953079429394501,0.29052796371133616,-0.14889746632501472,0.32143583668235287,-0.1944363817374727,-0.6416881954634353,0.3780202395562942,-0.8023451159946655,0.14721442326257983,-0.25732969438926373,-0.22774724057737256,-0.5376499065715988,0.3269776561933958,0.5009738402307419,-0.6904882568619061,0.5318832567317858
-0.27200740972098303,0.2472296015642515,0.4085281258587691,0.8681292666145736,-0.4878469260890087,-0.14107928787091542,0.6160325240360479,0.11252901947836425,-1.1229464425353701,-0.1264821709104013,-0.08540575382056206,-0.9259300850946054,0.7256120620186843,0.01387256126336949,0.48705704277934453,0.40592758005770746,-0.0071535498247942315,-0.071569309387931615,0.027668642118620815,-0.9342534203761534,0.16666246590275935,0.2752707428951938,-0.07563971524721436,-0.8906472664394478,-0.12074741825228719,1.0984871319709255,-0.22650730543328051,0.4654571248399387,-0.29601614873061965,0.2329508896069426,0.49936675299614347,0.4173242330040646,-0.027730657443046553,0.12810168582080772,-0.3174557362424243,0.5130851116425726,0.0043836410016907705,0.3803660876676181,0.36376612627097576,-0.28736962078003175,0.5017391354375593,-0.8021252020253574,0.7693385419430133,0.1388018538921015,0.10372271998850265,-1.1048509664713817,0.07861571033506418,0.18845384914042715,-0.006953367265116851
-0.060877571623319825,-0.23592580449090095,0.03585605239106073,-0.3561534452753513,0.54026684361138,0.3931316503252915,0.24203784889009383,0.11424082775128686,-0.31878085964778585,0.2691163690302304,0.2680004829431118,0.3374667402113693,0.10770415090251662,0.24159908873305852,0.2963264902715178,0.3408895976490436,0.13004933993303777,-0.18578268943337556,0.3587973825096446,0.3909549336184117,-0.0743112708577932,0.06491909403766083,-0.29752610127640566,0.5997006219032885,-0.30310995064080526,-0.22650730543328051,0.7153695391081233,-0.5095197614185139,-0.2865541916652167,0.0637067419839529,-0.7947974094757738,0.5520402889531184,-0.02736426310335923,-0.06552987865054347,-0.05365804055432364,-0.07240234225695087,-0.02488208404080495,-0.45687506017080165,0.36142218243464047,-0.08993156733039168,-0.04709377127492431,0.33331161078181304,-0.45272249695678296,0.23496662006110713,-0.03429117950855531,-0.045948687459771244,0.2538578712897413,-0.06461299696601605,-0.5275135915700124
-0.4060165419680097,0.44651768176681433,0.2355148385849784,-0.0014580325764079508,-0.8784712604560827,-0.39020285616959755,0.014125429026627853,0.6644904389075621,0.22690470375111862,-0.200447614325175,0.2472632980975504,-0.8359635209182669,0.41739617989917494,0.15013627793489084,0.016251830841394782,0.2088459640541501,0.9461094878420067,0.45131358875278005,0.04653763579679625,-1.0326679951477473,0.0342447037465228,0.10983581344635013,-0.4065243475510662,-0.7263526949927274,-0.24985167468543779,0.4654571248399387,-0.5095197614185139,1.008402448970098,-0.05012434775881258,0.5090998435333981,0.9450623887082755,-0.4388854560825601,-0.09241254430650718,1.0003121415582144,-0.22708005247889795,0.1442438550687513,-0.3082803953593499,0.8162336726948177,0.0913322707529207,-0.3819176836555095,0.8707921248746917,-0.393785759223619,0.7572513478680325,0.02676227259026957,0.7705895219406308,-0.4194205983534795,-0.9073349589943297,0.6648217756861023,0.13046330421542154
0.4338634709851752,-0.400961320018029,-0.4179351931440035,-0.14874154401348086,-0.021655349265627098,-0.0974106048429747,-0.281116849952513,-0.20911958156894064,0.7073125991555412,-0.44177610601771977,-0.39769904721312155,0.4312460769698607,-0.8816758225654822,-0.40846393077596693,-0.8899863923317742,-1.0388746178515946,-0.9411717455777063,-0.6152076461868485,-0.9345367167912192,0.850160844504642,-0.7308014786529178,-0.23231326410072323,0.805885787182667,0.2466682850132727,0.5957284230951099,-0.29601614873061965,-0.2865541916652167,-0.05012434775881258,1.1817654053031155,-0.8098267558789369,0.3928401265011775,-0.6755149928512364,0.3561364395373456,-0.6044659542625771,0.3584427119547071,-0.44788520115252006,0.23478382212421772,0.20346234062831509,-0.9543175944116608,0.022180973511286735,-0.7712291884677929,0.8044275529354145,-0.40862712489368097,-0.27612016847366977,-0.16120998502694145,0.20734681509496877,-0.0024801434512854163,-0.8946636249313953,0.7548049537548296
-0.4080640217884731,0.4818467860266677,0.36774493427594723,-0.16277712232210959,-0.3609021309695271,0.0672602667432582,0.27064867456425146,0.737807057038895,-0.09240151450176538,0.13476566555664732,0.5915803803024833,-0.45641094427236295,0.7696817854739486,0.6135563831290634,0.47825939109536475,0.8471252598202996,1.2749893719325613,0.5228130846821144,0.580825063859835,-0.8766101097525614,0.28944494535885174,0.20602922492128203,-0.8708220207064253,-0.35597685301034615,-0.6229073191504872,0.2329508896069426,0.0637067419839529,0.5090998435333981,-0.8098267558789369,0.9858218112834675,0.16287734290718553,0.20040252143805162,-0.3738783632813254,1.1229558727304847,-0.46398694387243444,0.29903022593287476,-0.3936275277516488,0.3378803140544417,0.6997041637144235,-0.31593125710442416,1.0817571658523106,-0.3879654737146827,0.41410492954540495,0.16692357179945275,0.6349640828267384,-0.3505299822340484,-0.646185803114253,0.9529252295612194,-0.396149750309365
-0.10510955402346224,0.4290325693463294,0.5789958514905017,0.5548945737996241,-0.9690774447620745,-0.4675331428617294,-0.14006119319907503,0.024254900770457735,0.23764261643993262,-0.7916310996845036,-0.17714155497394427,-1.0734381626723215,0.12975246564789528,-0.29323694235367925,-0.7052938779106501,-0.5868750317952893,0.0395114675899571,0.4511465117829558,-0.45855828054968995,-0.7183669003042836,0.2276491441875366,0.2565393758246039,0.18052236504075658,-1.1409731141718027,0.24685081609515538,0.49936675299614347,-0.7947974094757738,0.9450623887082755,0.3928401265011775,0.16287734290718553,2.030571978546674,-0.6212639830377975,-0.038456131503883995,0.2466738050544147,-0.18650697477427952,0.306522153984708,-0.01528895327401504,0.8467247703516059,-0.6338088032295682,-0.20472009677277744,0.11308415041801845,-0.5282498494654398,0.8364408848050543,-0.00956187608745191,0.31165254323632247,-0.30307205920252905,-0.3375778524527017,-0.25355105928562865,0.6670432890473851
-0.33089144513360963,-0.2636354567303554,0.5483449267134767,0.33528908641273997,0.2312813178887147,0.1722196076856575,0.5834244441288607,-0.07247302477025006,-1.126756288193318,0.5323845806113409,0.4042829995288995,-0.5503363481474688,0.37867393428634055,0.3845739614359068,0.5297542416806411,0.029093521632128583,-0.09340061692499836,-0.3646681912398895,0.21099526264479346,-0.3060626253527364,0.3117093335922764,0.3587751109171842,-0.11776239896605677,-0.28381814128498534,-0.3362307633409933,0.4173242330040646,0.5520402889531184,-0.4388854560825601,-0.6755149928512364,0.20040252143805162,-0.6212639830377975,1.295695981305262,0.3514357893541733,-0.5368732833611,-0.12308619721788767,0.6637586763865484,0.07331893715188051,-0.3661023037536364,0.7189436247165634,-0.5133096472828046,-0.046084582400271155,-0.2755122581574456,-0.21657757542094297,0.26395747298609606,-0.3187190456434975,-0.7007853193105409,0.5015178283803509,-0.026115929372434423,-0.8099007209104421
-0.2987067970936185,-0.5997445780230374,0.1604105135578207,-0.19864770609305696,-0.13541396786957083,-0.4574923224885654,-0.3339292132073265,-0.15477751624078623,0.12176433222205843,0.49794988095781606,0.23021202475671013,-0.5615343518948076,-0.5936898584640198,-0.14679751367568442,-0.3493578121249056,-1.15096342963671,-0.21307621914198352,-0.39762895525621356,-0.48150901667804874,-0.05374227932666134,0.005758241899203497,0.12518245482223356,0.37024673152348475,-0.12175484146056013,0.1822575513914969,-0.027730657443046553,-0.02736426310335923,-0.09241254430650718,0.3561364395373456,-0.3738783632813254,-0.038456131503883995,0.3514357893541733,1.0368288243310304,-0.840175068439746,0.5027428424816706,0.2759814819982677,0.06519518865219487,-0.08236286787143832,-0.0743727851408316,-0.6334487480377319,-0.6443909140183467,0.33400706775659234,-0.5253914997903766,0.00807300874270079,-0.19672502985048881,-0.05359164952916562,-0.11537276782517653,-0.4091685887125536,-0.3966265679589535
-0.5171521881522805,0.7908773285655732,-0.08102184551001891,-0.7204880425957877,-0.5769918844627341,0.05629173369507883,0.006741204708023277,1.2822206847360618,0.4345269719140545,-0.12283459871293105,0.59145869483416,-0.14520123057796885,0.9407568839786873,0.565106664477837,0.5980676903585136,1.555339264359831,2.074862174181254,0.9346186366290518,0.884948227248996,-0.9991080428298141,-0.03172799476378036,0.017797101844261306,-1.4144666275267883,0.04686732318237551,-0.7953079429394501,0.12810168582080772,-0.06552987865054347,1.0003121415582144,-0.6044659542625771,1.1229558727304847,0.2466738050544147,-0.5368732833611,-0.840175068439746,2.348612008249101,-0.5082953320177718,-0.32802153970215964,-0.7032057334343289,0.6474178601072023,0.6498751202142874,-0.04538265652105809,1.730312370798835,-0.2920339666818398,0.8588901903581581,0.15888163822281928,1.304135494060741,-0.1727830254098423,-1.2729952823923383,1.5156082657918064,-0.15057969280915037
-0.09167177208366359,-0.42631205301287284,-0.2707217743475722,-0.34555665410889613,0.17000409113312528,-0.3521083330390854,-0.7691269531340919,-0.473064917886975,0.37287639290879043,0.3384081555284847,-0.20635135983030203,0.007862649816431555,-0.6401608630918932,-0.5348942369601811,-0.29939463120700444,-0.5777416700040385,-0.15734088290131865,0.08393567255921111,-0.142747554607927,0.2905823705072465,0.14946704902498772,-0.0417372563008809,0.16317868138497268,0.42492822653962004,0.29052796371133616,-0.3174557362424243,-0.05365804055432364,-0.22708005247889795,0.3584427119547071,-0.46398694387243444,-0.18650697477427952,-0.12308619721788767,0.5027428424816706,-0.5082953320177718,0.6637944578422781,-0.20727495964827555,0.05400612326274361,-0.41298293518863816,-0.2211678691388115,0.21013177120845275,-0.6665777346189645,0.139634864962937,-0.29981080057320236,0.04390150203876234,-0.3084318212308963,0.6220631277966134,0.150703560076291,-0.3072537363324624,-0.1522290091203536
-0.2599848429960401,0.06689910092633938,0.646734055749633,0.584067919922797,-0.33050413163076386,-0.14200913943561674,0.4769737099636927,-0.0017339733901511644,-0.6546966961746687,0.17421452127505616,0.30819597476118005,-0.874143746774397,0.333125346165625,0.30109757388824193,0.15271448262022463,-0.28561152843510984,-0.013419637420660253,-0.12209868590368943,-0.0723933615873524,-0.6675229670344323,0.34020183597492826,0.3113792063099428,0.11675397750513035,-0.9121766580200614,-0.14889746632501472,0.5130851116425726,-0.07240234225695087,0.1442438550687513,-0.44788520115252006,0.29903022593287476,0.306522153984708,0.6637586763865484,0.2759814819982677,-0.32802153970215964,-0.20727495964827555,0.8030474010687132,0.09099233324735527,0.2020792224063529,0.32844873283646553,-0.5488945645222283,0.11770152102701055,-0.450314109758083,0.1591199030613719,0.0740616768495385,-0.08900354161175647,-0.635247150426601,0.06344521400335816,0.09423838100218158,-0.27763587301814235
0.30323131640053314,-0.19278763389672635,0.02507089281078783,0.4170891840231731,0.13769205391844885,0.11165556289222549,0.15546479003923988,-0.42556962327533027,-0.15268575631200743,-0.16110727774741765,-0.25864127519047136,0.12535186708172652,-0.2601260319013183,-0.11873582111641014,-0.21618492440481488,-0.45361817507924057,-0.8430493930919581,-0.34841972754427003,-0.3391742588579525,0.40488111782847536,-0.10827296968145164,-0.07512456401836137,0.5771972373333946,-0.154994026745687,0.32143583668235287,0.0043836410016907705,-0.02488208404080495,-0.3082803953593499,0.23478382212421772,-0.3936275277516488,-0.01528895327401504,0.07331893715188051,0.06519518865219487,-0.7032057334343289,0.05400612326274361,0.09099233324735527,0.35245380531502196,-0.14542303454567895,-0.32282592236061086,0.11326221768244119,-0.5039006831183338,0.06245625448523817,-0.2245377308647357,-0.11173859017978623,-0.4323962026356289,-0.03779562724272119,0.5332659092046595,-0.5150635679784743,0.2543665865322753
-0.082933731031588,0.36355815243847894,0.23027271951253894,0.13024416221010235,-0.7825347578794014,-0.1283805885546925,0.5202969127833251,0.75779373602875,0.23437818341508423,-0.4197170020562925,0.30096318696912944,-0.49174783778519765,0.23279585167236627,0.4592691862958723,-0.24775603169246488,-0.16189965503773845,0.35728066478452647,-0.19611194663013423,-0.4274301062742805,-0.5666475207705006,-0.4682574090564452,0.07615665511974566,0.04717203855071406,-0.8149232044423734,-0.1944363817374727,0.3803660876676181,-0.45687506017080165,0.8162336726948177,0.20346234062831509,0.3378803140544417,0.8467247703516059,-0.3661023037536364,-0.08236286787143832,0.6474178601072023,-0.41298293518863816,0.2020792224063529,-0.14542303454567895,1.0383956402286845,-0.13081868988411308,-0.6179843836151799,0.717520391153554,0.10348942615161623,0.43331948898740774,-0.1840759021640212,0.6620708483525214,-0.699927376806784,-0.8788407345272049,0.32161645157852203,0.4618365972050308
-0.5414230235148895,0.18674003905267686,0.2426542504058769,-0.11325020386848385,0.0125213653612489,0.03323770178437082,0.3002977374115506,0.44311170719177967,-0.7070639873016563,0.6015152837640044,0.4991663316680275,-0.4001111986291439,0.7663490584474657,0.42446025415552985,0.9143735180094961,0.9843738402876971,1.0456180943216409,0.31027616741256847,0.787155953492026,-0.8025790607186549,0.41171371410789914,0.23438447880231827,-0.8427294390921722,-0.01889064373941975,-0.6416881954634353,0.36376612627097576,0.36142218243464047,0.0913322707529207,-0.9543175944116608,0.6997041637144235,-0.6338088032295682,0.7189436247165634,-0.0743727851408316,0.6498751202142874,-0.2211678691388115,0.32844873283646553,-0.32282592236061086,-0.13081868988411308,1.0407161489845815,-0.2712369873749288,0.8046194791836095,-0.4777650073279335,0.2430696926954878,0.2748799001413256,0.303007713305727,-0.4393532249597574,-0.26192832297496244,0.8873748667308968,-0.8425359830663074
0.45850656386793914,0.21115221348598487,-0.5975679627451308,0.17070923456584242,0.5705647724521714,0.130888396675416,-0.5454228952013229,-0.8104278494904902,0.03208309062549037,-0.2217174757984841,-0.8853540899255773,0.8562777921547451,-0.05363440185511518,-0.7467062705300465,0.1368217437364521,0.709314194925941,-0.45328145124783764,0.5506487405535737,0.38360493958494374,0.5549750103086837,0.3673003072603401,-0.281242641298207,0.02422474023000444,0.7003309822767723,0.3780202395562942,-0.28736962078003175,-0.08993156733039168,-0.3819176836555095,0.022180973511286735,-0.31593125710442416,-0.20472009677277744,-0.5133096472828046,-0.6334487480377319,-0.04538265652105809,0.21013177120845275,-0.5488945645222283,0.11326221768244119,-0.6179843836151799,-0.2712369873749288,1.3015033429798062,-0.3454367348598912,-0.4532223512133372,0.2952188920559478,-0.0059347460339796996,-0.5159438862897021,0.9382546165867125,0.7758434741044079,-0.12718348942053762,0.40134259547820544
