V1,V2,V3,V4,V5,V6,V7,V8,V9,V10,V11,V12,V13,V14,V15,V16,V17,V18,V19,V20,V21,V22,V23,V24,V25,V26,V27,V28,V29,V30,V31,V32,V33,V34,V35,V36,V37,V38,V39,V40,V41,V42,V43,V44,V45
3.8720489647646272,1.91733106886527,-0.19004837218431325,-2.4448372992885288,-2.275196960658375,-2.4075421674234274,0.6251659565329013,-0.3660069824313681,-2.2028530773432444,-0.5382818847231889,-1.521572928210041,-0.5861059114622107,0.5816262532799154,1.6421703192709731,0.22965251103937695,-1.7470880396356134,-2.1777191119153203,-0.5313419962777527,2.040044467316041,-0.6007361654707325,-0.5919497458905627,-2.3400076828393868,-1.1998197200834813,0.40635208354730784,-0.2891021384496152,-1.8726432036637954,-0.16803202103470805,0.141926946699019,0.30369120494340063,-1.2989639801019586,3.0778334993391594,0.05805833975127896,-2.9949978483650797,0.86205780357747,-1.0146980862203001,-1.021625941279791,-0.35512654039347696,0.25756749252939026,0.5793836600746951,-0.2831015569185804,-0.6849745838375311,1.0683422488399807,-0.18577348188607937,-0.9785529812514542,-0.6417523186024622
1.91733106886527,1.1318665321549906,-0.12783766645091452,-1.7994257561653506,-1.4658423686554105,-0.8642624472678365,0.1060166241885197,-0.05239600618750902,-1.6055037782250763,-0.1345871706588515,-1.145958105203568,-0.2640493635141327,0.5006628554546946,0.7851101275263876,-0.09409489872403667,-1.2928917816220251,-1.278017562672944,-0.03583424332050426,1.0293840125254614,-0.19497103910223176,-0.40993406397147547,-1.6218930931113733,-0.6784510616547461,0.2122465125625571,-0.08736356272470046,-1.3817788936831739,-0.14607712213292656,0.30317462998805145,-0.0690488393644923,-1.3272038279556881,1.6490570226375716,0.19083388636087287,-1.6589425714876014,0.6785427914686083,-0.7473624678063951,-0.38551270151401634,-0.5718409536170371,0.5027670796099559,0.49600506315041876,-0.27995385608851414,-0.5810138127773676,0.7059179132625077,-0.006669226462069189,-0.6580555856114906,0.022886949409264088
-0.19004837218431325,-0.12783766645091452,0.6358886048048122,0.7877185297063772,0.5294985991605385,1.6435293587820803,-1.0095972302983278,-0.23881396532840377,-0.12417788906761909,0.33768701846803534,-0.6527453483960343,-0.12749850947605135,0.6762316767825828,-1.1785009502806554,-0.2891407060973487,0.09982841948565252,1.0395797726903975,0.7003604109259982,-0.42389244130062254,0.32008716503538126,0.8380806575176789,0.1508624885658812,1.3823027799864593,-0.4872974646874442,0.03149463854177383,0.28698019936996205,0.16245024308060235,0.17868304739446403,0.008224342842990073,0.5093236298994638,-0.8597447790228961,0.024315068864693992,1.4708218546063379,0.057059424240070475,-0.2747487209660207,1.055623135769458,-1.0281792232203666,0.7258187262354453,0.43053557863468267,0.47388012018716974,0.32185048037128894,0.044846879976143235,-0.09550355915586718,0.4873310986240277,1.285820730732559
-2.4448372992885288,-1.7994257561653506,0.7877185297063772,3.9655097969083304,2.858756492448193,1.8889100840359654,-0.6550896013458115,-0.406000696015115,2.7671346865608246,0.21120948355440683,1.5116401205672008,0.15497722448928808,-0.3857240376118872,-1.9475281067920078,0.2400755243532629,2.4417465161129988,2.8371341445990885,0.24563207314125962,-1.6418019779825774,0.32753129070095865,1.4687542202464834,2.946654609724814,2.216813783452213,-0.7119452217233351,0.023927013942752512,2.7611885473134583,0.43691943202654987,-0.6402908162897522,0.507575055814648,3.3313623939139037,-2.967361219691848,-0.5116978645922944,3.6390136039892407,-1.2319518538001966,1.0989303644251054,1.1863246752145251,0.4985064509150824,-0.6456218005422303,-0.59442132137982,1.0284164793538322,1.437821483918226,-1.1321726134425885,-0.24152570736379997,1.5492159860638197,0.49212434402859434
-2.275196960658375,-1.4658423686554105,0.5294985991605385,2.858756492448193,2.175363157508127,1.7111080912534145,-0.5705224166401635,-0.1626898418836275,2.068465950814318,0.2599477844844509,1.1680370099719726,0.21102780471367968,-0.3123666384112998,-1.5474936138568216,0.07174968619402566,1.7911578269004125,2.1675646567441835,0.2985145478346152,-1.4183177313350395,0.3398927799283074,1.0201752089039686,2.2158843461891906,1.6147444386903829,-0.5257859018977563,0.08144482479279366,2.014207273662699,0.29799104491814765,-0.38881311817844616,0.22195419234333388,2.2263587526757,-2.435337700536918,-0.3046190737453513,2.8336604405562094,-0.8943797611861108,0.8394663914522749,0.9667163286893444,0.3056433946251212,-0.38714806565106036,-0.44485513011481764,0.6789652485693318,0.9949323609740296,-0.8842596963143545,-0.10113825665373533,1.1327318612480286,0.4973425505277353
-2.4075421674234274,-0.8642624472678365,1.6435293587820803,1.8889100840359654,1.7111080912534145,6.152588261534128,-3.358831119521506,-0.13626631492408542,-0.3928299492783163,1.4365313188084026,-1.8089666940264277,0.022517359150773335,1.9252818650405297,-3.8994433936660435,-1.3291460545385838,0.14916357520288606,3.285350004147056,2.5784176930890164,-2.054995850416239,1.3494711905437462,2.164674895141774,0.49652028174265395,3.9400151619791854,-1.4233023164328165,0.3508989859226046,0.631458561858507,0.35849333260722727,0.9103231011781929,-0.6313734562649002,0.39226777741530233,-3.4423178213510512,0.39779568256635134,4.854407045295202,0.29001616659208995,-0.755084516626644,3.476864089859484,-3.356775986482231,2.5821029821007855,1.2865308442169194,1.0377920291590554,0.611873011790428,-0.013783691131193963,0.04248230003654272,1.3398904681296944,4.380828341809795
0.6251659565329013,0.1060166241885197,-1.0095972302983278,-0.6550896013458115,-0.5705224166401635,-3.358831119521506,1.9971346441068423,0.17983767085983057,0.7541079034518172,-0.7869475879360349,1.504624045912003,0.1244513932928283,-1.3635517846963396,2.108212601047117,0.7891078477567155,0.30059237118369553,-1.5980564347347237,-1.516719657261004,0.8347286419930393,-0.7184773180880059,-1.2536332168862798,0.21773522618871627,-2.2446140815292774,0.8163892448969348,-0.15342291517501178,0.020821264297010443,-0.19148679409300834,-0.6085974316655132,0.32279174367946184,0.029645401475171376,1.481110323801199,-0.2636784402770041,-2.4082441994839003,-0.3801311687411414,0.7148125160648471,-1.9824805487289034,2.219565666376913,-1.7016965056390787,-0.953930889798271,-0.6030279460219502,-0.23926780125947872,-0.23728273049700116,0.020612363616147263,-0.6334448554021439,-2.64301468048008
-0.3660069824313681,-0.05239600618750902,-0.23881396532840377,-0.406000696015115,-0.1626898418836275,-0.13626631492408542,0.17983767085983057,0.2212657175907074,-0.03861624463878773,0.021452610264878783,0.16436275061909103,0.1266090770055096,-0.18282403131644528,0.2452251115116066,-0.04867049265971414,-0.12303492513413995,-0.2786425081657773,-0.05779089830236624,-0.056988220185648836,0.012318769524590911,-0.3275136338930074,-0.10003282923335763,-0.44366500540294895,0.14444971814132682,0.05812436709942874,-0.19280205705619144,-0.08220957902195118,0.06847148893108498,-0.18082551538489344,-0.4906140731924276,0.057032143248966376,0.09037415369113828,-0.3380634572882804,0.0457071586804182,0.06240261017898674,-0.20759967387137732,0.17242482608065943,-0.06380211458060864,-0.09334041547411523,-0.24077833812831076,-0.20120250393838127,-0.02267684013369876,0.11311913474718768,-0.18593114619448825,-0.19396303284647995
-2.2028530773432444,-1.6055037782250763,-0.12417788906761909,2.7671346865608246,2.068465950814318,-0.3928299492783163,0.7541079034518172,-0.03861624463878773,2.8842611425728566,-0.24581850489580515,2.3977116644096688,0.34227576219525746,-1.324988978654191,-0.27756315772490464,0.6224293702789526,2.2443393859986207,1.335121869982327,-0.7173251859557841,-1.0474876986677315,-0.11073662401911866,0.2549369187923019,2.6750727868980184,0.2351399814748197,-0.017073065638773647,-0.009087818326580642,2.29604492026523,0.19784884996387372,-0.8623174475422952,0.4590372847594221,2.5098798832730465,-1.7436962891280188,-0.5229118573126585,1.528960197730194,-1.2816066298549336,1.4641353093185627,-0.29925946650249113,1.9118152116712064,-1.6315603598518027,-1.183759054747515,0.33089973302987136,0.9466401388949233,-1.1777231001905748,-0.08978257618916372,0.8341090145631034,-1.2919387702038256
-0.5382818847231889,-0.1345871706588515,0.33768701846803534,0.21120948355440683,0.2599477844844509,1.4365313188084026,-0.7869475879360349,0.021452610264878783,-0.24581850489580515,0.3573483496305078,-0.5085481102166135,0.015759107560556606,0.47736056069958666,-0.8473281248979115,-0.35595596814840197,-0.10665026391924916,0.6405130410716648,0.6308104688538194,-0.44368638424136764,0.32485906369709505,0.4178312754122899,-0.04104044520712118,0.811783729954204,-0.30062660354647947,0.09588251318645372,-0.011054995977751357,0.055971366483587255,0.2715309818687264,-0.21361717723532708,-0.14715119735295784,-0.7076435831994803,0.1391966964810939,0.9868584822027666,0.14331560327025405,-0.23559483589659502,0.7823346720806572,-0.8457555582854097,0.6736942473433924,0.3391795257365028,0.17209906257744848,0.04912830632011544,0.05086694864007971,0.040274580664563964,0.23083538936120584,1.048963606036191
-1.521572928210041,-1.145958105203568,-0.6527453483960343,1.5116401205672008,1.1680370099719726,-1.8089666940264277,1.504624045912003,0.16436275061909103,2.3977116644096688,-0.5085481102166135,2.476728879219132,0.37131591653517443,-1.6470722175104902,0.8386488736962404,0.7656796040857531,1.6954457671451733,0.1327474987615991,-1.2071094336449832,-0.4300345426894432,-0.3837699713027084,-0.527448993858841,1.98410825923524,-1.032464298121268,0.4168163555880494,-0.043093488357035394,1.5731675439858954,0.016222856197504788,-0.8509888834301642,0.3781741824096168,1.5745391843707413,-0.594687708596519,-0.4447600766003553,-0.10852187050761904,-1.0700915829540154,1.4031181448729493,-1.1812992353633343,2.4374233623653008,-1.9509648370631092,-1.3194202522349296,-0.1474943472906469,0.47715545567344414,-0.968879160078422,0.0028013812700738317,0.2328997653650727,-2.180226328953115
-0.5861059114622107,-0.2640493635141327,-0.12749850947605135,0.15497722448928808,0.21102780471367968,0.022517359150773335,0.1244513932928283,0.1266090770055096,0.34227576219525746,0.015759107560556606,0.37131591653517443,0.13242676396334735,-0.2401445955311185,0.01515389751737457,0.012270570569759696,0.22455594283759026,0.08608337866310198,-0.06355125225963357,-0.22885340413457944,0.030383212386736982,-0.1155856944749774,0.3058829365870868,-0.1469367448780224,0.05362426221028567,0.043699702072768326,0.19436494555460707,-0.01917506924326065,-0.043954284219144595,-0.07057450473146686,0.025174019837301134,-0.281257711200703,1.9940593004976097e-4,0.11712091555083974,-0.13184717571456706,0.20848518853788578,-0.07658738909776837,0.2719731502236379,-0.1818169138297757,-0.17905293145620033,-0.08124374485954065,0.011277511327108726,-0.16906654001485813,0.060759792406561125,0.02476997317336936,-0.17507413125991375
0.5816262532799154,0.5006628554546946,0.6762316767825828,-0.3857240376118872,-0.3123666384112998,1.9252818650405297,-1.3635517846963396,-0.18282403131644528,-1.324988978654191,0.47736056069958666,-1.6470722175104902,-0.2401445955311185,1.228618013684253,-1.1098169668907882,-0.587654558525562,-0.8415595221339445,0.5133691376901499,1.0459758245996111,-0.0553939627624278,0.4006186196857949,0.71738670290339,-0.9530346806889428,1.28976124950433,-0.48433264204528786,0.055192714086474526,-0.6792669774354065,0.07314997191283946,0.5666763073016816,-0.2325907600051068,-0.6117695504000408,-0.21407663163260313,0.266061852858521,0.8932065708757245,0.5987942279379017,-0.8818582346420113,1.2189218577081578,-1.8586268902832594,1.4454431934030714,0.92780009092643,0.31509767425647817,-0.09361713290824251,0.5229763482327411,-0.03442792783679732,0.13912586253467932,1.8813361403301
1.6421703192709731,0.7851101275263876,-1.1785009502806554,-1.9475281067920078,-1.5474936138568216,-3.8994433936660435,2.108212601047117,0.2452251115116066,-0.27756315772490464,-0.8473281248979115,0.8386488736962404,0.01515389751737457,-1.1098169668907882,2.673017415920921,0.6948636346264292,-0.565660533653037,-2.490917689355134,-1.539715926866682,1.4345335194020765,-0.8217622745144096,-1.6328601585682376,-0.8435314254168546,-2.8283184017828424,0.9988360834096728,-0.17954941830307128,-0.9274204774862939,-0.3176986996664055,-0.37550572306442626,0.1938281567334362,-1.0209069662431074,2.5077958256140134,-0.09671114092283531,-3.554039191017755,0.07048418027029286,0.2660739377042059,-2.280265724379687,1.9030151402274902,-1.3871536828848237,-0.6700925961793811,-0.8779373970261299,-0.6883120523966721,0.19661923468414053,0.0667132776006206,-1.116386081720306,-2.6685013199023726
0.22965251103937695,-0.09409489872403667,-0.2891407060973487,0.2400755243532629,0.07174968619402566,-1.3291460545385838,0.7891078477567155,-0.04867049265971414,0.6224293702789526,-0.35595596814840197,0.7656796040857531,0.012270570569759696,-0.587654558525562,0.6948636346264292,0.41570612316724426,0.41568227408913,-0.3600229368810698,-0.6587452108821854,0.26354102409310143,-0.3103636123312021,-0.30084755789037515,0.4125803862225797,-0.642394335332659,0.24896829685809113,-0.09385232559403846,0.3503656139637983,-0.010649244611768893,-0.3740645934249387,0.2775029297659238,0.5412706581002141,0.3896611573079189,-0.20857247322091452,-0.6386085063405696,-0.3106230826083901,0.40702068614249326,-0.7213142035759774,1.001334787839267,-0.8261611164135492,-0.4571538221077644,-0.07933957110222516,0.112099233513833,-0.20521738047918525,-0.06207716370787703,-0.06846368430680716,-1.0986197515631013
-1.7470880396356134,-1.2928917816220251,0.09982841948565252,2.4417465161129988,1.7911578269004125,0.14916357520288606,0.30059237118369553,-0.12303492513413995,2.2443393859986207,-0.10665026391924916,1.6954457671451733,0.22455594283759026,-0.8415595221339445,-0.565660533653037,0.41568227408913,1.8137857201607182,1.3668559987397761,-0.3701711446936574,-0.9348794953919368,-0.0016214408833114928,0.46629980277198546,2.164357600272524,0.6095141954745248,-0.16090844490499645,-0.0066708197798493775,1.9096487923091112,0.2071562705839505,-0.6376821218245489,0.3860147080588195,2.170539997866882,-1.6123834045339156,-0.41511536649806674,1.6433239483614215,-1.0004369840693623,1.0721337470539007,0.07453624427168049,1.2105924548710956,-1.0802758804168358,-0.8057517143897209,0.4161166539582096,0.8552840704849924,-0.9136180278648673,-0.11032253419518229,0.809558305796755,-0.6477921071510345
-2.1777191119153203,-1.278017562672944,1.0395797726903975,2.8371341445990885,2.1675646567441835,3.285350004147056,-1.5980564347347237,-0.2786425081657773,1.335121869982327,0.6405130410716648,0.1327474987615991,0.08608337866310198,0.5133691376901499,-2.490917689355134,-0.3600229368810698,1.3668559987397761,2.743668195508242,1.0841245751699264,-1.6330718793050858,0.6729166810526636,1.6023878859494722,1.7628580533167937,2.6611156668701823,-0.9128753401881872,0.13909764943846947,1.7176624059958017,0.3687429206888081,-0.007042264743826698,0.04805095460624741,1.948792644230646,-2.859465119352337,-0.12982090280196248,3.7520939083891376,-0.5533070464704453,0.30506890114251545,1.9294528171644834,-0.980345411431191,0.6118555406401786,0.1628887356628052,0.9435780797913562,1.0043806742881212,-0.6087488089183769,-0.11944032438285176,1.3309753542615552,1.8906470934768191
-0.5313419962777527,-0.03583424332050426,0.7003604109259982,0.24563207314125962,0.2985145478346152,2.5784176930890164,-1.516719657261004,-0.05779089830236624,-0.7173251859557841,0.6308104688538194,-1.2071094336449832,-0.06355125225963357,1.0459758245996111,-1.539715926866682,-0.6587452108821854,-0.3701711446936574,1.0841245751699264,1.1894124501432428,-0.6271403145428057,0.5677654627064084,0.8397402432158793,-0.3129088920955363,1.570908622681784,-0.5798446162107758,0.14144939327434022,-0.1812902520523665,0.11130415513076425,0.5313515253217993,-0.3382061725917674,-0.3069249642733361,-1.0587875178253863,0.256978698618532,1.6878288883851569,0.36432488394988105,-0.5931270298421819,1.4749409049321929,-1.7406244939405096,1.3666122808464236,0.7546518835894978,0.3682083126138196,0.07243921950370148,0.22413991466936106,0.02982490073962036,0.3897701911207419,2.0345013196928585
2.040044467316041,1.0293840125254614,-0.42389244130062254,-1.6418019779825774,-1.4183177313350395,-2.054995850416239,0.8347286419930393,-0.056988220185648836,-1.0474876986677315,-0.44368638424136764,-0.4300345426894432,-0.22885340413457944,-0.0553939627624278,1.4345335194020765,0.26354102409310143,-0.9348794953919368,-1.6330718793050858,-0.6271403145428057,1.243942255963302,-0.46540319227283294,-0.7310124063636257,-1.2598384136612275,-1.3182732856473047,0.45581422849840436,-0.15954174349275546,-1.094392284895986,-0.1688744853910539,-0.01669234747435105,0.14486104810410588,-0.9233978731255349,1.9888558001648788,0.01893033763530938,-2.2674169188315636,0.4064908233250652,-0.37003398151560346,-1.0563236380572303,0.3488788461124687,-0.2422587114719144,0.07124428099824914,-0.38962809902966594,-0.5123241403948167,0.5152580307003266,-0.04233136799918244,-0.7454811763081902,-0.982733915105853
-0.6007361654707325,-0.19497103910223176,0.32008716503538126,0.32753129070095865,0.3398927799283074,1.3494711905437462,-0.7184773180880059,0.012318769524590911,-0.11073662401911866,0.32485906369709505,-0.3837699713027084,0.030383212386736982,0.4006186196857949,-0.8217622745144096,-0.3103636123312021,-0.0016214408833114928,0.6729166810526636,0.5677654627064084,-0.46540319227283294,0.3055861628308975,0.4192670512438867,0.0786451787550439,0.7919570067849742,-0.28900234542861336,0.09026345097794429,0.09049570308711746,0.062224819674145525,0.22280744488550175,-0.1794256861142922,-0.023030515163267127,-0.7497205174121324,0.11012075001927207,1.011055493610159,0.08039111244897101,-0.16545728962915224,0.7395248493567119,-0.7261996655604706,0.5743905322299855,0.27633718882073066,0.1827930124614486,0.09224874822415352,-0.0014826847299534078,0.03257258241857734,0.2576439571330951,0.9486896764405882
-0.5919497458905627,-0.40993406397147547,0.8380806575176789,1.4687542202464834,1.0201752089039686,2.164674895141774,-1.2536332168862798,-0.3275136338930074,0.2549369187923019,0.4178312754122899,-0.527448993858841,-0.1155856944749774,0.71738670290339,-1.6328601585682376,-0.30084755789037515,0.46629980277198546,1.6023878859494722,0.8397402432158793,-0.7310124063636257,0.4192670512438867,1.1726552860560344,0.599198136855037,1.9011597267690035,-0.6596980422300425,0.042150494718937885,0.7235164034124562,0.2459411041939736,0.11899972530036285,0.07661505882020728,1.0502845693190552,-1.4219168469399757,-0.03944373727840834,2.2135465676867203,-0.11118487943224775,-0.1576974753614779,1.3872073682503787,-1.108376736979321,0.7445384423171919,0.40947399381771643,0.6861997895741822,0.5724758351843364,-0.11371190815080129,-0.14052025539910745,0.7786557019658439,1.5517065010350133
-2.3400076828393868,-1.6218930931113733,0.1508624885658812,2.946654609724814,2.2158843461891906,0.49652028174265395,0.21773522618871627,-0.10003282923335763,2.6750727868980184,-0.04104044520712118,1.98410825923524,0.3058829365870868,-0.9530346806889428,-0.8435314254168546,0.4125803862225797,2.164357600272524,1.7628580533167937,-0.3129088920955363,-1.2598384136612275,0.0786451787550439,0.599198136855037,2.6152621880969655,0.8451440971378176,-0.23708131331332882,0.02767083567525291,2.289446472537358,0.25026207192255834,-0.7023513631002648,0.38105749388197707,2.5137049042592494,-2.126221109739621,-0.4561528914736881,2.1739698455988488,-1.1789468734730055,1.264739837491278,0.23373810756176752,1.3120554139589016,-1.1718345762741742,-0.9228357140788829,0.5008637389263434,1.014325734507355,-1.109268735251906,-0.10042113393425017,1.0047732840314614,-0.5821746452957395
-1.1998197200834813,-0.6784510616547461,1.3823027799864593,2.216813783452213,1.6147444386903829,3.9400151619791854,-2.2446140815292774,-0.44366500540294895,0.2351399814748197,0.811783729954204,-1.032464298121268,-0.1469367448780224,1.28976124950433,-2.8283184017828424,-0.642394335332659,0.6095141954745248,2.6611156668701823,1.570908622681784,-1.3182732856473047,0.7919570067849742,1.9011597267690035,0.8451440971378176,3.174443739142856,-1.1124582604920423,0.12088229425218625,1.0306899427308327,0.38309588657891647,0.3255756629080094,-0.027432101939514158,1.4007752678350962,-2.459062264760181,0.02466105733707204,3.7430981625202864,-0.07949399842531082,-0.35307062494429675,2.4300964342792515,-2.066125533801668,1.450588645215375,0.772360141168142,1.07364672793405,0.8406005705487125,-0.14113757338669108,-0.1702435272164101,1.2450527602970116,2.8195756465924107
0.40635208354730784,0.2122465125625571,-0.4872974646874442,-0.7119452217233351,-0.5257859018977563,-1.4233023164328165,0.8163892448969348,0.14444971814132682,-0.017073065638773647,-0.30062660354647947,0.4168163555880494,0.05362426221028567,-0.48433264204528786,0.9988360834096728,0.24896829685809113,-0.16090844490499645,-0.9128753401881872,-0.5798446162107758,0.45581422849840436,-0.28900234542861336,-0.6596980422300425,-0.23708131331332882,-1.1124582604920423,0.3924711927154109,-0.0475398492321347,-0.3078997226225652,-0.12855100086972304,-0.14188961495582253,0.03161981877553151,-0.41755884440270735,0.8449078589557979,-0.02669815142331188,-1.2946657965238477,-0.0034966542171304925,0.15595796725837824,-0.8707087748855131,0.7782072485506129,-0.55632497886472,-0.2995143409739337,-0.3642591081289274,-0.26921133898585703,0.025503200760518714,0.05236651364938869,-0.41902623364850194,-1.0349065818508842
-0.2891021384496152,-0.08736356272470046,0.03149463854177383,0.023927013942752512,0.08144482479279366,0.3508989859226046,-0.15342291517501178,0.05812436709942874,-0.009087818326580642,0.09588251318645372,-0.043093488357035394,0.043699702072768326,0.055192714086474526,-0.17954941830307128,-0.09385232559403846,-0.0066708197798493775,0.13909764943846947,0.14144939327434022,-0.15954174349275546,0.09026345097794429,0.042150494718937885,0.02767083567525291,0.12088229425218625,-0.0475398492321347,0.0413482969865618,0.0036361828818772075,5.871457058729499e-4,0.07088049756503206,-0.09241420356740845,-0.09969562021810699,-0.2221961833512398,0.04777039945231292,0.2251285469379924,0.019997622580074755,-0.016636483059806077,0.1583817497148759,-0.14590262840211968,0.13138763155806324,0.04352308217483329,-0.0025616662369375835,-0.012197610892576611,-0.019316107901340793,0.037162161669614266,0.037471265980244625,0.2107688819456353
-1.8726432036637954,-1.3817788936831739,0.28698019936996205,2.7611885473134583,2.014207273662699,0.631458561858507,0.020821264297010443,-0.19280205705619144,2.29604492026523,-0.011054995977751357,1.5731675439858954,0.19436494555460707,-0.6792669774354065,-0.9274204774862939,0.3503656139637983,1.9096487923091112,1.7176624059958017,-0.1812902520523665,-1.094392284895986,0.09049570308711746,0.7235164034124562,2.289446472537358,1.0306899427308327,-0.3078997226225652,0.0036361828818772075,2.0666506426307976,0.26373094039559086,-0.613234270511651,0.4010301742407426,2.4008693640315233,-1.9246833248918542,-0.4239846726383633,2.1300720056440055,-1.022775929093574,1.0357264609101067,0.37998994534137676,0.960159291618703,-0.91516571378424,-0.7140880203201768,0.5683536831618867,0.9810524943068263,-0.9371986975437687,-0.14050316880475427,0.9820473049698917,-0.30302130643794845
-0.16803202103470805,-0.14607712213292656,0.16245024308060235,0.43691943202654987,0.29799104491814765,0.35849333260722727,-0.19148679409300834,-0.08220957902195118,0.19784884996387372,0.055971366483587255,0.016222856197504788,-0.01917506924326065,0.07314997191283946,-0.3176986996664055,-0.010649244611768893,0.2071562705839505,0.3687429206888081,0.11130415513076425,-0.1688744853910539,0.062224819674145525,0.2459411041939736,0.25026207192255834,0.38309588657891647,-0.12855100086972304,5.871457058729499e-4,0.26373094039559086,0.06347622821974712,-0.03651261112845972,0.05693724698354182,0.36676768094532936,-0.3350330105878232,-0.04651414392217739,0.4899386124963228,-0.09096162826856706,0.04234407958833099,0.2388870789552225,-0.10760244648856702,0.0453566635678723,0.01721766364804655,0.1622915150741055,0.16955626943298427,-0.07786764825104357,-0.04092682230294345,0.19665640740567003,0.21369892571576468
0.141926946699019,0.30317462998805145,0.17868304739446403,-0.6402908162897522,-0.38881311817844616,0.9103231011781929,-0.6085974316655132,0.06847148893108498,-0.8623174475422952,0.2715309818687264,-0.8509888834301642,-0.043954284219144595,0.5666763073016816,-0.37550572306442626,-0.3740645934249387,-0.6376821218245489,-0.007042264743826698,0.5313515253217993,-0.01669234747435105,0.22280744488550175,0.11899972530036285,-0.7023513631002648,0.3255756629080094,-0.14188961495582253,0.07088049756503206,-0.613234270511651,-0.03651261112845972,0.3941871400466519,-0.27556780631380245,-0.8104840112551867,0.021486455199451988,0.2330353879521044,0.13165522034716998,0.4097225827023532,-0.48589593092268096,0.49525261529279735,-0.9286152185620337,0.7865443418153648,0.4731744925003522,-0.03427443684586756,-0.2462229735621721,0.3152595858565066,0.06910346950085092,-0.11055679324803985,0.8968075277051258
0.30369120494340063,-0.0690488393644923,0.008224342842990073,0.507575055814648,0.22195419234333388,-0.6313734562649002,0.32279174367946184,-0.18082551538489344,0.4590372847594221,-0.21361717723532708,0.3781741824096168,-0.07057450473146686,-0.2325907600051068,0.1938281567334362,0.2775029297659238,0.3860147080588195,0.04805095460624741,-0.3382061725917674,0.14486104810410588,-0.1794256861142922,0.07661505882020728,0.38105749388197707,-0.027432101939514158,0.03161981877553151,-0.09241420356740845,0.4010301742407426,0.05693724698354182,-0.27556780631380245,0.29235003970019424,0.7171728525132094,0.11005889743801123,-0.19149701633600694,-0.0563562468318491,-0.24166777098874792,0.2266937734062755,-0.25221583560624355,0.48354679254414246,-0.4545600084748167,-0.22081267775914196,0.13457594616756627,0.23220965402842791,-0.13399465070050398,-0.11638641858009938,0.12151452486398173,-0.49782518521657193
-1.2989639801019586,-1.3272038279556881,0.5093236298994638,3.3313623939139037,2.2263587526757,0.39226777741530233,0.029645401475171376,-0.4906140731924276,2.5098798832730465,-0.14715119735295784,1.5745391843707413,0.025174019837301134,-0.6117695504000408,-1.0209069662431074,0.5412706581002141,2.170539997866882,1.948792644230646,-0.3069249642733361,-0.9233978731255349,-0.023030515163267127,1.0502845693190552,2.5137049042592494,1.4007752678350962,-0.41755884440270735,-0.09969562021810699,2.4008693640315233,0.36676768094532936,-0.8104840112551867,0.7171728525132094,3.1819789145215265,-1.8575475660399219,-0.6014600478756075,2.345335153638924,-1.1648668769519699,1.067914742729439,0.423942416286021,1.0305230836083794,-1.0783027416108875,-0.7238326443054358,0.8511797483587,1.2682750287939961,-0.959052274468567,-0.3052331652029651,1.1929452582370668,-0.3847155876663345
3.0778334993391594,1.6490570226375716,-0.8597447790228961,-2.967361219691848,-2.435337700536918,-3.4423178213510512,1.481110323801199,0.057032143248966376,-1.7436962891280188,-0.7076435831994803,-0.594687708596519,-0.281257711200703,-0.21407663163260313,2.5077958256140134,0.3896611573079189,-1.6123834045339156,-2.859465119352337,-1.0587875178253863,1.9888558001648788,-0.7497205174121324,-1.4219168469399757,-2.126221109739621,-2.459062264760181,0.8449078589557979,-0.2221961833512398,-1.9246833248918542,-0.3350330105878232,0.021486455199451988,0.11005889743801123,-1.8575475660399219,3.291033950818003,0.09561740913135883,-3.9326121589701697,0.6978024935871181,-0.5650148210513357,-1.8661798796645332,0.6832432935748414,-0.4312084657481612,0.0539893253524071,-0.803089315514364,-0.980726976047058,0.8274957699196788,0.009145301444659311,-1.3478079613445006,-1.7326327655377958
0.05805833975127896,0.19083388636087287,0.024315068864693992,-0.5116978645922944,-0.3046190737453513,0.39779568256635134,-0.2636784402770041,0.09037415369113828,-0.5229118573126585,0.1391966964810939,-0.4447600766003553,1.9940593004976097e-4,0.266061852858521,-0.09671114092283531,-0.20857247322091452,-0.41511536649806674,-0.12982090280196248,0.256978698618532,0.01893033763530938,0.11012075001927207,-0.03944373727840834,-0.4561528914736881,0.02466105733707204,-0.02669815142331188,0.04777039945231292,-0.4239846726383633,-0.04651414392217739,0.2330353879521044,-0.19149701633600694,-0.6014600478756075,0.09561740913135883,0.15333976069908548,-0.08950337416509216,0.2513686487252251,-0.26628747804025754,0.1861209886045666,-0.45863495155304906,0.41047798661288226,0.24087895966473744,-0.09203487033829261,-0.2037340518221311,0.1857385543323582,0.06509366471125863,-0.1330157491563351,0.41406970634966705
-2.9949978483650797,-1.6589425714876014,1.4708218546063379,3.6390136039892407,2.8336604405562094,4.854407045295202,-2.4082441994839003,-0.3380634572882804,1.528960197730194,0.9868584822027666,-0.10852187050761904,0.11712091555083974,0.8932065708757245,-3.554039191017755,-0.6386085063405696,1.6433239483614215,3.7520939083891376,1.6878288883851569,-2.2674169188315636,1.011055493610159,2.2135465676867203,2.1739698455988488,3.7430981625202864,-1.2946657965238477,0.2251285469379924,2.1300720056440055,0.4899386124963228,0.13165522034716998,-0.0563562468318491,2.345335153638924,-3.9326121589701697,-0.08950337416509216,5.198321247510953,-0.612673486445761,0.2506642332436388,2.8161239503337017,-1.67355269988032,1.1226837907731562,0.3835795711629191,1.269074456396039,1.2750307756144597,-0.730271767462266,-0.12567830052443527,1.7783911215300818,2.910921109751851
0.86205780357747,0.6785427914686083,0.057059424240070475,-1.2319518538001966,-0.8943797611861108,0.29001616659208995,-0.3801311687411414,0.0457071586804182,-1.2816066298549336,0.14331560327025405,-1.0700915829540154,-0.13184717571456706,0.5987942279379017,0.07048418027029286,-0.3106230826083901,-1.0004369840693623,-0.5533070464704453,0.36432488394988105,0.4064908233250652,0.08039111244897101,-0.11118487943224775,-1.1789468734730055,-0.07949399842531082,-0.0034966542171304925,0.019997622580074755,-1.022775929093574,-0.09096162826856706,0.4097225827023532,-0.24166777098874792,-1.1648668769519699,0.6978024935871181,0.2513686487252251,-0.612673486445761,0.5764356836885933,-0.6509851180920683,0.17902056551743897,-0.8897275754556739,0.7653462909766742,0.5353797973429382,-0.15714119327501785,-0.431383904291464,0.5142495103846559,0.05636728745835394,-0.3634476378061546,0.6372743786661669
-1.0146980862203001,-0.7473624678063951,-0.2747487209660207,1.0989303644251054,0.8394663914522749,-0.755084516626644,0.7148125160648471,0.06240261017898674,1.4641353093185627,-0.23559483589659502,1.4031181448729493,0.20848518853788578,-0.8818582346420113,0.2660739377042059,0.40702068614249326,1.0721337470539007,0.30506890114251545,-0.5931270298421819,-0.37003398151560346,-0.16545728962915224,-0.1576974753614779,1.264739837491278,-0.35307062494429675,0.15595796725837824,-0.016636483059806077,1.0357264609101067,0.04234407958833099,-0.48589593092268096,0.2266937734062755,1.067914742729439,-0.5650148210513357,-0.26628747804025754,0.2506642332436388,-0.6509851180920683,0.8172894057662679,-0.5078118215313913,1.2934050912749337,-1.053506683769526,-0.7305318855067996,0.0016006808977715432,0.3583159265992044,-0.5950605855663309,-0.013605550381752745,0.24671760785220198,-1.0755423092887593
-1.021625941279791,-0.38551270151401634,1.055623135769458,1.1863246752145251,0.9667163286893444,3.476864089859484,-1.9824805487289034,-0.20759967387137732,-0.29925946650249113,0.7823346720806572,-1.1812992353633343,-0.07658738909776837,1.2189218577081578,-2.280265724379687,-0.7213142035759774,0.07453624427168049,1.9294528171644834,1.4749409049321929,-1.0563236380572303,0.7395248493567119,1.3872073682503787,0.23373810756176752,2.4300964342792515,-0.8707087748855131,0.1583817497148759,0.37998994534137676,0.2388870789552225,0.49525261529279735,-0.25221583560624355,0.423942416286021,-1.8661798796645332,0.1861209886045666,2.8161239503337017,0.17902056551743897,-0.5078118215313913,2.054240017790977,-2.020209985491373,1.5183787862798235,0.8104581106495914,0.7035848999182331,0.4264343421535914,0.049454702921145954,-0.042517098316055296,0.8188203839389291,2.5772790152369196
-0.35512654039347696,-0.5718409536170371,-1.0281792232203666,0.4985064509150824,0.3056433946251212,-3.356775986482231,2.219565666376913,0.17242482608065943,1.9118152116712064,-0.8457555582854097,2.4374233623653008,0.2719731502236379,-1.8586268902832594,1.9030151402274902,1.001334787839267,1.2105924548710956,-0.980345411431191,-1.7406244939405096,0.3488788461124687,-0.7261996655604706,-1.108376736979321,1.3120554139589016,-2.066125533801668,0.7782072485506129,-0.14590262840211968,0.960159291618703,-0.10760244648856702,-0.9286152185620337,0.48354679254414246,1.0305230836083794,0.6832432935748414,-0.45863495155304906,-1.67355269988032,-0.8897275754556739,1.2934050912749337,-2.020209985491373,2.9145199475843815,-2.296088765552305,-1.4050443193886615,-0.4551580028306664,0.14950705579938847,-0.7168481740836037,-0.009458723388447101,-0.2684589950372971,-3.0577446783315567
0.25756749252939026,0.5027670796099559,0.7258187262354453,-0.6456218005422303,-0.38714806565106036,2.5821029821007855,-1.7016965056390787,-0.06380211458060864,-1.6315603598518027,0.6736942473433924,-1.9509648370631092,-0.1818169138297757,1.4454431934030714,-1.3871536828848237,-0.8261611164135492,-1.0802758804168358,0.6118555406401786,1.3666122808464236,-0.2422587114719144,0.5743905322299855,0.7445384423171919,-1.1718345762741742,1.450588645215375,-0.55632497886472,0.13138763155806324,-0.91516571378424,0.0453566635678723,0.7865443418153648,-0.4545600084748167,-1.0783027416108875,-0.4312084657481612,0.41047798661288226,1.1226837907731562,0.7653462909766742,-1.053506683769526,1.5183787862798235,-2.296088765552305,1.8424798311048678,1.1169102561379265,0.25995353077722705,-0.2262699897204127,0.6046744656421533,0.0472351082262141,0.10862104992685848,2.374351271321077
0.5793836600746951,0.49600506315041876,0.43053557863468267,-0.59442132137982,-0.44485513011481764,1.2865308442169194,-0.953930889798271,-0.09334041547411523,-1.183759054747515,0.3391795257365028,-1.3194202522349296,-0.17905293145620033,0.92780009092643,-0.6700925961793811,-0.4571538221077644,-0.8057517143897209,0.1628887356628052,0.7546518835894978,0.07124428099824914,0.27633718882073066,0.40947399381771643,-0.9228357140788829,0.772360141168142,-0.2995143409739337,0.04352308217483329,-0.7140880203201768,0.01721766364804655,0.4731744925003522,-0.22081267775914196,-0.7238326443054358,0.0539893253524071,0.24087895966473744,0.3835795711629191,0.5353797973429382,-0.7305318855067996,0.8104581106495914,-1.4050443193886615,1.1169102561379265,0.726949619871674,0.1451588549272781,-0.18436255004038737,0.4674362221055525,-8.00719371208971e-4,-0.019548927250932616,1.3518073359743508
-0.2831015569185804,-0.27995385608851414,0.47388012018716974,1.0284164793538322,0.6789652485693318,1.0377920291590554,-0.6030279460219502,-0.24077833812831076,0.33089973302987136,0.17209906257744848,-0.1474943472906469,-0.08124374485954065,0.31509767425647817,-0.8779373970261299,-0.07933957110222516,0.4161166539582096,0.9435780797913562,0.3682083126138196,-0.38962809902966594,0.1827930124614486,0.6861997895741822,0.5008637389263434,1.07364672793405,-0.3642591081289274,-0.0025616662369375835,0.5683536831618867,0.1622915150741055,-0.03427443684586756,0.13457594616756627,0.8511797483587,-0.803089315514364,-0.09203487033829261,1.269074456396039,-0.15714119327501785,0.0016006808977715432,0.7035848999182331,-0.4551580028306664,0.25995353077722705,0.1451588549272781,0.4380488411176014,0.4088799382540352,-0.12475374815987657,-0.1143919511804454,0.4925714084884291,0.7086353285565463
-0.6849745838375311,-0.5810138127773676,0.32185048037128894,1.437821483918226,0.9949323609740296,0.611873011790428,-0.23926780125947872,-0.20120250393838127,0.9466401388949233,0.04912830632011544,0.47715545567344414,0.011277511327108726,-0.09361713290824251,-0.6883120523966721,0.112099233513833,0.8552840704849924,1.0043806742881212,0.07243921950370148,-0.5123241403948167,0.09224874822415352,0.5724758351843364,1.014325734507355,0.8406005705487125,-0.26921133898585703,-0.012197610892576611,0.9810524943068263,0.16955626943298427,-0.2462229735621721,0.23220965402842791,1.2682750287939961,-0.980726976047058,-0.2037340518221311,1.2750307756144597,-0.431383904291464,0.3583159265992044,0.4264343421535914,0.14950705579938847,-0.2262699897204127,-0.18436255004038737,0.4088799382540352,0.5400774690572563,-0.37394317128211324,-0.11560333279003839,0.5643162286738346,0.1788859873760052
1.0683422488399807,0.7059179132625077,0.044846879976143235,-1.1321726134425885,-0.8842596963143545,-0.013783691131193963,-0.23728273049700116,-0.02267684013369876,-1.1777231001905748,0.05086694864007971,-0.968879160078422,-0.16906654001485813,0.5229763482327411,0.19661923468414053,-0.20521738047918525,-0.9136180278648673,-0.6087488089183769,0.22413991466936106,0.5152580307003266,-0.0014826847299534078,-0.11371190815080129,-1.109268735251906,-0.14113757338669108,0.025503200760518714,-0.019316107901340793,-0.9371986975437687,-0.07786764825104357,0.3152595858565066,-0.13399465070050398,-0.959052274468567,0.8274957699196788,0.1857385543323582,-0.730271767462266,0.5142495103846559,-0.5950605855663309,0.049454702921145954,-0.7168481740836037,0.6046744656421533,0.4674362221055525,-0.12475374815987657,-0.37394317128211324,0.49485959984139555,0.013260258010438791,-0.3541963074177468,0.4293801052343794
-0.18577348188607937,-0.006669226462069189,-0.09550355915586718,-0.24152570736379997,-0.10113825665373533,0.04248230003654272,0.020612363616147263,0.11311913474718768,-0.08978257618916372,0.040274580664563964,0.0028013812700738317,0.060759792406561125,-0.03442792783679732,0.0667132776006206,-0.06207716370787703,-0.11032253419518229,-0.11944032438285176,0.02982490073962036,-0.04233136799918244,0.03257258241857734,-0.14052025539910745,-0.10042113393425017,-0.1702435272164101,0.05236651364938869,0.037162161669614266,-0.14050316880475427,-0.04092682230294345,0.06910346950085092,-0.11638641858009938,-0.3052331652029651,0.009145301444659311,0.06509366471125863,-0.12567830052443527,0.05636728745835394,-0.013605550381752745,-0.042517098316055296,-0.009458723388447101,0.0472351082262141,-8.00719371208971e-4,-0.1143919511804454,-0.11560333279003839,0.013260258010438791,0.06263251552439242,-0.09301812391653863,0.0015696561206938627
-0.9785529812514542,-0.6580555856114906,0.4873310986240277,1.5492159860638197,1.1327318612480286,1.3398904681296944,-0.6334448554021439,-0.18593114619448825,0.8341090145631034,0.23083538936120584,0.2328997653650727,0.02476997317336936,0.13912586253467932,-1.116386081720306,-0.06846368430680716,0.809558305796755,1.3309753542615552,0.3897701911207419,-0.7454811763081902,0.2576439571330951,0.7786557019658439,1.0047732840314614,1.2450527602970116,-0.41902623364850194,0.037471265980244625,0.9820473049698917,0.19665640740567003,-0.11055679324803985,0.12151452486398173,1.1929452582370668,-1.3478079613445006,-0.1330157491563351,1.7783911215300818,-0.3634476378061546,0.24671760785220198,0.8188203839389291,-0.2684589950372971,0.10862104992685848,-0.019548927250932616,0.4925714084884291,0.5643162286738346,-0.3541963074177468,-0.09301812391653863,0.681596964995538,0.7031134166104268
