V1,V2,V3,V4,V5,V6,V7,V8,V9,V10,V11,V12,V13,V14,V15,V16,V17,V18,V19,V20,V21,V22,V23,V24,V25,V26,V27,V28,V29,V30,V31,V32,V33,V34,V35,V36,V37,V38,V39,V40,V41,V42,V43,V44,V45
34.98212501020428,20.44488399321315,-13.44186614075633,-41.9084734966463,-32.59454427028928,-44.821727465242404,20.121145075944657,3.1831181950274416,-22.659422818328487,-8.668772990244452,-6.020603234754833,-2.123911814383472,-4.607567977942622,34.336474392030105,4.61756180188656,-21.72563041904456,-39.18144044247849,-13.996220967263271,24.179180956128498,-9.505894876390814,-21.074165820444396,-28.020280763247136,-35.70347518966788,12.13615725850416,-2.397144259927058,-26.19042400074691,-5.105918364386404,0.7415679553872341,-0.2970859611919237,-28.773315340949004,42.37135497492766,2.6317502805802144,-53.12486348815868,9.20217168195361,-6.303303728805796,-25.747792363915508,10.312841393357557,-6.154541987827682,-0.2989303820904844,-12.78029754954059,-14.604059456261318,10.068812837400374,1.3369253615547523,-18.908954546278803,-23.728931825719787
20.44488399321315,12.251333917465988,-8.199438473128396,-25.095686017211733,-19.560322399117663,-26.518885226533456,11.612545741589326,2.0892406616023678,-13.509690753138196,-5.188333619623795,-3.609028295133394,-1.0585725532448536,-2.6999618541984796,20.697662998330035,3.0723624979603894,-12.844399526588477,-23.443301231556052,-8.420484064477396,14.028989998253069,-5.641014461332099,-12.43447953085766,-16.638793512517864,-21.398253485138465,7.239730828716884,-1.5064370793066604,-15.261530134385673,-3.2304746486104876,0.03054707472355197,0.011520311588311601,-17.36175998310423,25.393531985122063,2.098612388249155,-31.734196934619003,5.330489067919358,-3.5385238721976235,-15.463394000791563,6.266144552706633,-3.7912764328787154,-0.45861152957328105,-7.864458848144882,-8.86065863720671,5.716778286480455,0.9256870513879771,-11.233496853204578,-14.156310325833962
-13.44186614075633,-8.199438473128396,5.919511713898139,17.82398489760056,13.558770950122382,18.37539703759747,-8.494458272058194,-1.721089404005911,9.30406716612779,3.4609667304301315,2.1523983235441753,0.6022140103905427,2.183172893089625,-14.38059570360462,-1.748834386933935,9.071200819566698,16.42258222381502,5.757662143459901,-9.703607893629263,3.791979658448994,9.202509890684803,11.580598368277942,15.325638949999107,-5.202098184039176,0.8316816187384448,11.029229550915225,2.2534912297100673,-0.46318293052082543,0.5111773420701763,12.683767980730526,-17.27601541038859,-1.2452771581962028,22.20210514501898,-3.84490270940585,2.4717706751857142,10.816960784238422,-4.476552782878182,2.5659485058140366,0.286634077691734,5.671553482463517,6.3286496638346,-4.05266752829896,-0.7745138234557817,8.039953495695995,9.9624186754104
-41.9084734966463,-25.095686017211733,17.82398489760056,54.42125708671088,41.42835648752396,56.516607319548505,-26.575291486863833,-4.919626782645211,28.50825163193974,10.653695773277622,6.632093041456726,2.1606013579755414,6.592210476864697,-43.778482563819544,-4.962391020657382,27.932571153329203,50.148639663727906,17.532382820472687,-30.401834638833247,11.529566058852335,28.39921160186913,35.59874879610764,46.740057639344656,-15.923519819122097,2.381450038918566,34.256137700974534,6.71716808936774,-1.9406735080445219,1.7873309753645057,38.523205510581676,-52.82185047292391,-3.0567045401292208,68.05359841323262,-12.03356909613282,8.012711917696315,32.96251732351539,-13.540748219099655,7.622087146686678,0.542879525677743,17.00345105495643,19.173407009874275,-12.842637922736518,-2.2006258012607445,24.711924858305714,30.509162215437254
-32.59454427028928,-19.560322399117663,13.558770950122382,41.42835648752396,31.875186974879274,43.223325825713935,-19.781351290596085,-3.6213655421358264,21.921355340695772,8.32415131761638,5.4232631952896595,1.6586952311705905,4.711884985686954,-33.69507211124479,-4.334864378805128,21.216154497409953,38.352916517937956,13.560551632646021,-23.157381762005077,8.894805242188365,21.21297983561258,27.23698278313293,35.4740438636419,-12.055828470108311,2.0412789319613416,25.677808327364854,5.267315140763885,-0.8500386943403442,0.797267878343713,29.093084552457597,-40.906905022019984,-2.8251980629508813,52.097283053361686,-9.021692107422108,6.044646819740411,25.259333229403342,-10.336303976127523,5.950269431719457,0.6221974917190192,12.982738977824075,14.635571355988858,-9.617282196215237,-1.6471441154640787,18.72000768690435,23.278118802369494
-44.821727465242404,-26.518885226533456,18.37539703759747,56.516607319548505,43.223325825713935,59.52710778210221,-27.526457553700574,-4.864400160629155,29.960442861936986,11.174573051988636,7.2512977149739255,2.5156050169303215,6.86682963632316,-45.6459387950001,-5.3789399576900845,29.168157253003574,52.40537569736074,18.438266778623742,-31.89666777359973,12.49592694089226,29.07987675941433,37.263360304357505,48.425583130631566,-16.478888915342196,2.826175643179862,35.63591018195362,6.762644286809977,-1.8527392350044447,1.4288392264749885,39.53464173479946,-55.553868400574714,-3.1632945226162743,70.83078068339444,-12.458612019148934,8.258140920983188,34.40259409449087,-13.974516416152259,8.127308047212503,0.3164731698970837,17.45900050479055,19.769870132474683,-13.484620654419272,-2.042789003336468,25.570675153485116,31.795300154389913
20.121145075944657,11.612545741589326,-8.494458272058194,-26.575291486863833,-19.781351290596085,-27.526457553700574,14.28238489062011,2.2483388390615326,-13.66259106804524,-4.993499480703284,-2.713382127548828,-1.3059796640750618,-3.4813938921296033,20.711193948149774,1.2472664404109424,-13.896057419512163,-24.165573511005412,-8.173482688027944,15.596312466724925,-5.2487395612876195,-14.844814240352624,-17.37179485554897,-22.91171195291361,7.91821324685663,-0.5546394436500729,-17.82628165291439,-3.0096159263282747,2.371499600731248,-1.98984109711444,-19.02307212909108,24.75422445524065,0.04265598431570511,-33.11601878167506,6.387124191264972,-4.514427121727534,-15.765470838919722,6.464967046290425,-3.2301840979722427,0.2843435338917748,-8.00363639962889,-9.175378847241833,6.934592866414358,1.017447229708799,-12.383592154357235,-14.91764970524542
3.1831181950274416,2.0892406616023678,-1.721089404005911,-4.919626782645211,-3.6213655421358264,-4.864400160629155,2.2483388390615326,0.6575810543331808,-2.443814849603109,-0.8470291606046876,-0.4591836028796527,-0.04091942163465067,-0.7504003789853559,3.9044408437712304,0.4262027333834553,-2.4423083350578816,-4.468779703813419,-1.5316241879521524,2.3996860370645026,-1.0259262625928376,-2.570867183066803,-3.081307486336349,-4.291843464626024,1.4475754003715398,-0.23881769422594845,-2.995926683907883,-0.6039497113728599,0.1380430408873292,-0.23084749120383152,-3.655748123435877,4.54075718095083,0.4473012724204746,-5.93932899494493,0.9979999014123424,-0.5367394015736542,-2.94637139722027,1.2718844052583687,-0.7400607788843929,-0.131110444843018,-1.6572961071950576,-1.8004383438329106,1.0053299126907949,0.26516999211126124,-2.186935684528494,-2.6836395034053147
-22.659422818328487,-13.509690753138196,9.30406716612779,28.50825163193974,21.921355340695772,29.960442861936986,-13.66259106804524,-2.443814849603109,15.161571285671675,5.71592639424825,3.7604620339362183,1.2171734883619658,3.3137280313727726,-23.16637152869038,-2.961064556915998,14.64803999742953,26.46649905200644,9.368704892441073,-15.994696008970028,6.2791256469039425,14.524309862268062,18.78909279551435,24.39475576883268,-8.28573559416941,1.4665184018303348,17.730510640912627,3.5404231676275186,-0.6484251375301764,0.5263250333644193,19.918488640724036,-28.206629409418042,-1.8705037226672914,35.8193544911096,-6.211213691152668,4.118333265730277,17.410818617070323,-7.0836774010362635,4.145444456568319,0.3115716291123388,8.880137233517136,10.012605587015893,-6.676012592044344,-1.0762455245839582,12.8633056967729,16.04931135415023
-8.668772990244452,-5.188333619623795,3.4609667304301315,10.653695773277622,8.32415131761638,11.174573051988636,-4.993499480703284,-0.8470291606046876,5.71592639424825,2.2413698090161187,1.5232087136444772,0.4543711275150565,1.0637130213163728,-8.784411183864908,-1.2865835450209673,5.451709337889296,9.91248882444092,3.552471920431809,-6.024726646802247,2.2841501019884163,5.354136344572759,7.060225779501713,9.084823934988803,-3.0803835224743232,0.5588597773516878,6.490157402336174,1.4272500670217796,-0.03917348953283172,0.03487349576931866,7.398238226230285,-10.749642690354108,-0.8459566879585736,13.541807613889612,-2.3068841399356383,1.598656404917927,6.5460142600499545,-2.661838996612799,1.5430054400475808,0.22883874484396113,3.326000316292355,3.7713320504114014,-2.454049734274479,-0.4224743448369045,4.813556983471367,6.014415588262785
-6.020603234754833,-3.609028295133394,2.1523983235441753,6.632093041456726,5.4232631952896595,7.2512977149739255,-2.713382127548828,-0.4591836028796527,3.7604620339362183,1.5232087136444772,1.26044860867934,0.3108006967127102,0.5270405643192657,-5.754169686649585,-1.2378579758012491,3.3764682332282976,6.364344111773996,2.405066993238366,-3.7193507655888234,1.6576475293690571,2.932756337532413,4.5251633212682725,5.573146013574026,-1.8592637865621047,0.6272552213929835,3.750998882669051,0.9216692930278295,0.47022410530573544,-0.46557472469594835,4.372889664551708,-7.290055629427485,-0.9306046876148906,8.586935832665636,-1.2906320795243824,0.8598354511082354,4.226504882638778,-1.668416676834021,1.1488967934511867,0.24148807126417166,2.086942869004454,2.3599264785488523,-1.4004477388195273,-0.1916511701339023,2.882098342193211,3.782362293495219
-2.123911814383472,-1.0585725532448536,0.6022140103905427,2.1606013579755414,1.6586952311705905,2.5156050169303215,-1.3059796640750618,-0.04091942163465067,1.2171734883619658,0.4543711275150565,0.3108006967127102,0.24516731224721944,0.2615026906665367,-1.6890777008320232,-0.06233548496791815,1.2192577754087839,2.037699274896516,0.7044433527019583,-1.5252373827740375,0.5265367043910458,1.188819067832735,1.5290304284361527,1.8229949749803558,-0.6394817267015278,0.07307814842350677,1.5932662183818957,0.16858374486493188,-0.2875021239252299,0.12862362168934627,1.3935294061881989,-2.1722293362958824,0.17930122150232897,2.7911925104512596,-0.5839749971539324,0.46634231729661835,1.3055281569240549,-0.47588575059383953,0.25484910012549133,-0.15695191061935385,0.5337542346989936,0.6748845447487373,-0.7087146361848627,0.0033628136293385115,1.0286844291336708,1.2643559410274254
-4.607567977942622,-2.6999618541984796,2.183172893089625,6.592210476864697,4.711884985686954,6.86682963632316,-3.4813938921296033,-0.7504003789853559,3.3137280313727726,1.0637130213163728,0.5270405643192657,0.2615026906665367,1.2084566407040676,-5.008497599542884,-0.1747341128034351,3.442699065758289,6.017636944174708,1.9916618789402178,-3.556214565982744,1.5207243746566526,3.624851947833389,4.220058247929251,5.765012690865356,-1.969185110068642,0.26697505305089725,4.471907664262909,0.5654428349640197,-0.7037635385299186,0.5781571460997419,4.791463003184879,-5.918897528464978,-0.03609293161199448,7.890440809776371,-1.5031100398315576,0.8575126373924103,3.896433308100566,-1.6083098201551351,0.9208061782391421,-0.17741108379640416,2.006313481847978,2.276213922769615,-1.6582224225297808,-0.22904829736275426,3.0066944146522276,3.6397243049461245
34.336474392030105,20.697662998330035,-14.38059570360462,-43.778482563819544,-33.69507211124479,-45.6459387950001,20.711193948149774,3.9044408437712304,-23.16637152869038,-8.784411183864908,-5.754169686649585,-1.6890777008320232,-5.008497599542884,35.667598075633954,4.710126103969381,-22.373734280224447,-40.559125530599395,-14.366518337567417,24.285529758317384,-9.465327111409831,-22.288776973679045,-28.75161483439107,-37.49498205018388,12.723635892977823,-2.2469756070109566,-26.985564769849514,-5.581831228962149,0.7304631442666472,-0.7270976200471201,-30.75500432580683,43.28778692439833,3.1980007727687907,-54.99834198229093,9.446587314130628,-6.252643961738476,-26.72459328555607,10.950319677750981,-6.370708042517824,-0.7279470203773044,-13.78205212537696,-15.499062651753679,10.046812103554451,1.7579615019499673,-19.72805309789611,-24.577369997407335
4.61756180188656,3.0723624979603894,-1.748834386933935,-4.962391020657382,-4.334864378805128,-5.3789399576900845,1.2472664404109424,0.4262027333834553,-2.961064556915998,-1.2865835450209673,-1.2378579758012491,-0.06233548496791815,-0.1747341128034351,4.710126103969381,1.6607968678379799,-2.3475519959947815,-4.931759096236974,-2.0283173240313452,2.311342165848727,-1.40144280954835,-1.6253705980732174,-3.361639615006384,-4.114237989325607,1.3030910958387965,-0.7728588225877614,-2.085662989981781,-0.9216590257295109,-1.224484648478464,0.9986370507649762,-3.1753533840796586,6.027824468350345,1.6006071938187407,-6.518671411784781,0.6646760480953993,-0.3003043110803032,-3.358006867177602,1.3495146262833768,-1.1293747189569519,-0.5569619530818704,-1.7713935482625154,-1.8844697892577953,0.6249781139913048,0.22258096744020175,-1.9820014973510485,-2.8263404518017077
-21.72563041904456,-12.844399526588477,9.071200819566698,27.932571153329203,21.216154497409953,29.168157253003574,-13.896057419512163,-2.4423083350578816,14.64803999742953,5.451709337889296,3.3764682332282976,1.2192577754087839,3.442699065758289,-22.373734280224447,-2.3475519959947815,14.42761883989798,25.739360249695903,8.964549973580388,-15.835143764728329,5.9430878448120295,14.697332883722623,18.337163149939148,23.98844490436248,-8.191954734884485,1.1754936700611516,17.833071345917975,3.3411211258860467,-1.2555344422924095,1.0532705623503693,19.718682048039074,-27.05462728093085,-1.2628073177320749,34.946115419595984,-6.277605280673841,4.234289311442296,16.88349130508677,-6.900527500286788,3.8509257309815523,0.11516451870369217,8.614568154412096,9.777733593264614,-6.765162553296827,-1.0630947451149668,12.734236793125262,15.681993582841232
-39.18144044247849,-23.443301231556052,16.42258222381502,50.148639663727906,38.352916517937956,52.40537569736074,-24.165573511005412,-4.468779703813419,26.46649905200644,9.91248882444092,6.364344111773996,2.037699274896516,6.017636944174708,-40.559125530599395,-4.931759096236974,25.739360249695903,46.410992948981665,16.332699051524187,-27.955391535662464,10.909727728698632,25.78556944642964,32.90957398304429,43.01059001658909,-14.617005675597254,2.459173362037366,31.32422289251022,6.17979268624597,-1.4010479982744661,1.2304024782742518,35.27280184888552,-49.16651002314834,-3.15036461481765,62.79442193856568,-10.959045790086495,7.220461064420793,30.518565027742014,-12.479066259386531,7.214434015449112,0.5349552684856687,15.658659647341528,17.6560423961668,-11.73646905668857,-1.9583100465718848,22.670019007673623,28.154849845394256
-13.996220967263271,-8.420484064477396,5.757662143459901,17.532382820472687,13.560551632646021,18.438266778623742,-8.173482688027944,-1.5316241879521524,9.368704892441073,3.552471920431809,2.405066993238366,0.7044433527019583,1.9916618789402178,-14.366518337567417,-2.0283173240313452,8.964549973580388,16.332699051524187,5.830736160225206,-9.706446684060388,3.9270251614168314,8.761148038798776,11.559663853517062,14.98732364946031,-5.070775411863292,1.0090497209014935,10.713199697122583,2.2241434702929905,-0.1490865192579545,0.12679698984511484,12.212870759060761,-17.530774590874227,-1.4054796614272869,22.052270651436793,-3.7305443624326085,2.4284246186247844,10.764305921391271,-4.382777316302561,2.6360569337810156,0.2883881225616536,5.514372304346041,6.1909624818175235,-3.989513224756092,-0.6712976386945547,7.85533035206149,9.865825252743512
24.179180956128498,14.028989998253069,-9.703607893629263,-30.401834638833247,-23.157381762005077,-31.89666777359973,15.596312466724925,2.3996860370645026,-15.994696008970028,-6.024726646802247,-3.7193507655888234,-1.5252373827740375,-3.556214565982744,24.285529758317384,2.311342165848727,-15.835143764728329,-27.955391535662464,-9.706446684060388,17.858862774374135,-6.271486559368566,-16.293710133455004,-20.1170882069691,-26.034235837083205,8.95174115675483,-1.0637285618941739,-19.787398813089133,-3.629808668162247,1.7111831964274948,-1.352234075787307,-21.35977551987588,29.4721317858795,0.8419900672650743,-38.314131564834874,7.062760750429351,-5.027768146170747,-18.30815177370521,7.4336854879681225,-3.974408641246675,0.03229025776476287,-9.216567120080908,-10.549306787094666,7.680580553627497,1.0791203090307127,-13.987957057624635,-17.145522158999736
-9.505894876390814,-5.641014461332099,3.791979658448994,11.529566058852335,8.894805242188365,12.49592694089226,-5.2487395612876195,-1.0259262625928376,6.2791256469039425,2.2841501019884163,1.6576475293690571,0.5265367043910458,1.5207243746566526,-9.465327111409831,-1.40144280954835,5.9430878448120295,10.909727728698632,3.9270251614168314,-6.271486559368566,2.9609857956309886,5.501189283941583,7.656282508432085,9.857120976713814,-3.3044982617351337,0.9105322697578544,7.03278995554924,1.2823337043165912,-0.03933100840807647,-0.0884506570264462,7.87070454983138,-11.710553683779167,-1.0087555454419639,14.35933986594114,-2.3622215257295496,1.3695240424705872,7.16149418763929,-2.855991691615748,1.920090769507709,0.04446460296395952,3.570886415186213,4.016600778289123,-2.6113755804185335,-0.3387422017045648,5.074623606562563,6.50103028587579
-21.074165820444396,-12.43447953085766,9.202509890684803,28.39921160186913,21.21297983561258,29.07987675941433,-14.844814240352624,-2.570867183066803,14.524309862268062,5.354136344572759,2.932756337532413,1.188819067832735,3.624851947833389,-22.288776973679045,-1.6253705980732174,14.697332883722623,25.78556944642964,8.761148038798776,-16.293710133455004,5.501189283941583,15.725814203894641,18.455547807068566,24.501441619094898,-8.443049267233835,0.6601810045280446,18.67721192057404,3.3868890720759253,-2.1154233985420836,1.9270806586277665,20.463727942548683,-26.53028579001354,-0.531942357368791,35.37088780604657,-6.668764624940042,4.660815528081443,16.87894518052416,-6.995347895017184,3.523916210930564,-0.007353548734052709,8.740115858649068,9.938555644948252,-7.126784281884752,-1.1965824791281676,13.161292481769271,15.878318488284448
-28.020280763247136,-16.638793512517864,11.580598368277942,35.59874879610764,27.23698278313293,37.263360304357505,-17.37179485554897,-3.081307486336349,18.78909279551435,7.060225779501713,4.5251633212682725,1.5290304284361527,4.220058247929251,-28.75161483439107,-3.361639615006384,18.337163149939148,32.90957398304429,11.559663853517062,-20.1170882069691,7.656282508432085,18.455547807068566,23.435636196335786,30.50955651763038,-10.39762805267733,1.660963276802954,22.44035798255257,4.356818993143254,-1.1714711176108716,0.9805942422146011,25.00846344613368,-34.8975687939528,-1.9802975673843055,44.68311599210996,-7.88364330987149,5.311144938318382,21.621199620127467,-8.823526466468763,5.024183561287918,0.3001019406855709,11.038969006925818,12.499152137616518,-8.479097885951143,-1.345364871479185,16.14956363361372,20.006235055524538
-35.70347518966788,-21.398253485138465,15.325638949999107,46.740057639344656,35.4740438636419,48.425583130631566,-22.91171195291361,-4.291843464626024,24.39475576883268,9.084823934988803,5.573146013574026,1.8229949749803558,5.765012690865356,-37.49498205018388,-4.114237989325607,23.98844490436248,43.01059001658909,14.98732364946031,-26.034235837083205,9.857120976713814,24.501441619094898,30.50955651763038,40.19599452080751,-13.695184367323325,1.988800022034927,29.501503779194238,5.7317957898367675,-1.816381296381017,1.685203875058527,33.18646545400911,-45.146185862060904,-2.534726028143068,58.33995825327979,-10.360423714935031,6.87435182835882,28.26094824321942,-11.632324792635531,6.508093813545155,0.4388631266137177,14.598956326396756,16.479507996294554,-11.04466267557145,-1.9172940159589669,21.253580926507404,26.169875004416603
12.13615725850416,7.239730828716884,-5.202098184039176,-15.923519819122097,-12.055828470108311,-16.478888915342196,7.91821324685663,1.4475754003715398,-8.28573559416941,-3.0803835224743232,-1.8592637865621047,-0.6394817267015278,-1.969185110068642,12.723635892977823,1.3030910958387965,-8.191954734884485,-14.617005675597254,-5.070775411863292,8.95174115675483,-3.3044982617351337,-8.443049267233835,-10.39762805267733,-13.695184367323325,4.679699810891637,-0.6175024134581613,-10.147946632969985,-1.9389193385510781,0.7349872786406908,-0.6719618393630409,-11.327259318967046,15.298910117850005,0.7357365195396848,-19.881415228342338,3.576090837530658,-2.4083078305993793,-9.595798624807603,3.9512092750800845,-2.1669698471849825,-0.11158378647229358,-4.954966166901663,-5.601035118600592,3.8199875112504253,0.6477574906641731,-7.267408475482248,-8.917416724192677
-2.397144259927058,-1.5064370793066604,0.8316816187384448,2.381450038918566,2.0412789319613416,2.826175643179862,-0.5546394436500729,-0.23881769422594845,1.4665184018303348,0.5588597773516878,0.6272552213929835,0.07307814842350677,0.26697505305089725,-2.2469756070109566,-0.7728588225877614,1.1754936700611516,2.459173362037366,1.0090497209014935,-1.0637285618941739,0.9105322697578544,0.6601810045280446,1.660963276802954,1.988800022034927,-0.6175024134581613,0.5402018766380291,1.0746868287574958,0.2783295502297852,0.5685127922129525,-0.5533218363529249,1.4370060828326023,-2.989525133178074,-0.7579205959751381,3.018748473439553,-0.27499455600198136,0.017180188112544105,1.6428879984746896,-0.6235754914685689,0.6496843664794935,0.1467002806462453,0.7935995051170528,0.8751167082940466,-0.3217595318733419,-0.017356287948700828,0.8979239499793196,1.3469824457605626
-26.19042400074691,-15.261530134385673,11.029229550915225,34.256137700974534,25.677808327364854,35.63591018195362,-17.82628165291439,-2.995926683907883,17.730510640912627,6.490157402336174,3.750998882669051,1.5932662183818957,4.471907664262909,-26.985564769849514,-2.085662989981781,17.833071345917975,31.32422289251022,10.713199697122583,-19.787398813089133,7.03278995554924,18.67721192057404,22.44035798255257,29.501503779194238,-10.147946632969985,1.0746868287574958,22.580877477214685,3.896009913090015,-2.4551193213301894,2.04708119807582,24.392030771584,-32.42870385892974,-0.6552699138596936,42.695324789349876,-7.993899740333859,5.5153173861050915,20.468799448554883,-8.383249189909643,4.423726649735226,-0.18947222002073272,10.416383037326236,11.902653568822286,-8.673294856023094,-1.273300242901208,15.79583859974058,19.205088692922207
-5.105918364386404,-3.2304746486104876,2.2534912297100673,6.71716808936774,5.267315140763885,6.762644286809977,-3.0096159263282747,-0.6039497113728599,3.5404231676275186,1.4272500670217796,0.9216692930278295,0.16858374486493188,0.5654428349640197,-5.581831228962149,-0.9216590257295109,3.3411211258860467,6.17979268624597,2.2241434702929905,-3.629808668162247,1.2823337043165912,3.3868890720759253,4.356818993143254,5.7317957898367675,-1.9389193385510781,0.2783295502297852,3.896009913090015,1.0532576862073493,0.12634903010048934,0.01670619431380852,4.782522628711125,-6.692161999406655,-0.7325846720356309,8.544144106913906,-1.407437122914664,0.9761779205566112,4.119209628737318,-1.7285521440233251,0.9522685112062396,0.3167151976194202,2.2206006260158033,2.4403585885028454,-1.4091339061073005,-0.36848733330079597,3.0270790953124735,3.7714950105127
0.7415679553872341,0.03054707472355197,-0.46318293052082543,-1.9406735080445219,-0.8500386943403442,-1.8527392350044447,2.371499600731248,0.1380430408873292,-0.6484251375301764,-0.03917348953283172,0.47022410530573544,-0.2875021239252299,-0.7037635385299186,0.7304631442666472,-1.224484648478464,-1.2555344422924095,-1.4010479982744661,-0.1490865192579545,1.7111831964274948,-0.03933100840807647,-2.1154233985420836,-1.1714711176108716,-1.816381296381017,0.7349872786406908,0.5685127922129525,-2.4551193213301894,0.12634903010048934,1.7306155101392926,-1.4046300659060964,-1.7039776668850413,0.5209980810173346,-1.4838034430704172,-2.1055794902950438,0.9555075048848277,-0.8178064678630454,-0.77951198038535,0.3332547965679128,0.23473754564965488,0.6170505845012776,-0.3177921519752971,-0.49009774835468567,1.1397091888730384,0.033392982650569794,-1.2048414318549014,-1.0659452354818784
-0.2970859611919237,0.011520311588311601,0.5111773420701763,1.7873309753645057,0.797267878343713,1.4288392264749885,-1.98984109711444,-0.23084749120383152,0.5263250333644193,0.03487349576931866,-0.46557472469594835,0.12862362168934627,0.5781571460997419,-0.7270976200471201,0.9986370507649762,1.0532705623503693,1.2304024782742518,0.12679698984511484,-1.352234075787307,-0.0884506570264462,1.9270806586277665,0.9805942422146011,1.685203875058527,-0.6719618393630409,-0.5533218363529249,2.04708119807582,0.01670619431380852,-1.4046300659060964,1.25629493040006,1.6917400241951983,-0.41661548806550447,1.1189774446697165,1.9149060800924607,-0.8064416751380347,0.677175055059834,0.7159014057558335,-0.36226377617319877,-0.208218160866829,-0.38714997230795395,0.42521764476834567,0.5265598111947458,-0.8843906582825904,-0.12527361212688562,1.082946007579226,0.947377294475146
-28.773315340949004,-17.36175998310423,12.683767980730526,38.523205510581676,29.093084552457597,39.53464173479946,-19.02307212909108,-3.655748123435877,19.918488640724036,7.398238226230285,4.372889664551708,1.3935294061881989,4.791463003184879,-30.75500432580683,-3.1753533840796586,19.718682048039074,35.27280184888552,12.212870759060761,-21.35977551987588,7.87070454983138,20.463727942548683,25.00846344613368,33.18646545400911,-11.327259318967046,1.4370060828326023,24.392030771584,4.782522628711125,-1.7039776668850413,1.6917400241951983,27.58847494163058,-36.786089110309725,-1.9662287159192373,47.97713884067121,-8.590784561107288,5.722327001578062,23.183057892043852,-9.614591826183917,5.237949220498106,0.41502057072283227,12.111215665024064,13.627055996457077,-9.086566558426835,-1.677890291417224,17.572163678901166,21.517183898838237
42.37135497492766,25.393531985122063,-17.27601541038859,-52.82185047292391,-40.906905022019984,-55.553868400574714,24.75422445524065,4.54075718095083,-28.206629409418042,-10.749642690354108,-7.290055629427485,-2.1722293362958824,-5.918897528464978,43.28778692439833,6.027824468350345,-27.05462728093085,-49.16651002314834,-17.530774590874227,29.4721317858795,-11.710553683779167,-26.53028579001354,-34.8975687939528,-45.146185862060904,15.298910117850005,-2.989525133178074,-32.42870385892974,-6.692161999406655,0.5209980810173346,-0.41661548806550447,-36.786089110309725,52.88976082209184,4.067168339385302,-66.57027565278253,11.322810133677153,-7.506710379812324,-32.3970202042415,13.181904499493417,-7.844481414072874,-0.8595126729155047,-16.53662131670996,-18.66226154441233,12.129070164595841,1.9872220078447274,-23.725008571829537,-29.722403152345787
2.6317502805802144,2.098612388249155,-1.2452771581962028,-3.0567045401292208,-2.8251980629508813,-3.1632945226162743,0.04265598431570511,0.4473012724204746,-1.8705037226672914,-0.8459566879585736,-0.9306046876148906,0.17930122150232897,-0.03609293161199448,3.1980007727687907,1.6006071938187407,-1.2628073177320749,-3.15036461481765,-1.4054796614272869,0.8419900672650743,-1.0087555454419639,-0.531942357368791,-1.9802975673843055,-2.534726028143068,0.7357365195396848,-0.7579205959751381,-0.6552699138596936,-0.7325846720356309,-1.4838034430704172,1.1189774446697165,-1.9662287159192373,4.067168339385302,1.8123894256517492,-3.963338864426673,0.11405134061902879,0.20319367361759033,-2.212918484997491,0.9363585150679277,-0.9497638394785934,-0.6839757228764188,-1.3086228847624701,-1.2970137395528376,-0.03776534946767261,0.22849105134325623,-1.0546048523569833,-1.6921641824161855
-53.12486348815868,-31.734196934619003,22.20210514501898,68.05359841323262,52.097283053361686,70.83078068339444,-33.11601878167506,-5.93932899494493,35.8193544911096,13.541807613889612,8.586935832665636,2.7911925104512596,7.890440809776371,-54.99834198229093,-6.518671411784781,34.946115419595984,62.79442193856568,22.052270651436793,-38.314131564834874,14.35933986594114,35.37088780604657,44.68311599210996,58.33995825327979,-19.881415228342338,3.018748473439553,42.695324789349876,8.544144106913906,-2.1055794902950438,1.9149060800924607,47.97713884067121,-66.57027565278253,-3.963338864426673,85.47441596033724,-15.05984980044184,10.201849473844149,41.30405397587657,-16.92600913188744,9.518331412598538,0.7963172510972463,21.223384596082752,23.97773768096182,-16.079900115210577,-2.716569601357813,30.909505089639783,38.22135703250596
9.20217168195361,5.330489067919358,-3.84490270940585,-12.03356909613282,-9.021692107422108,-12.458612019148934,6.387124191264972,0.9979999014123424,-6.211213691152668,-2.3068841399356383,-1.2906320795243824,-0.5839749971539324,-1.5031100398315576,9.446587314130628,0.6646760480953993,-6.277605280673841,-10.959045790086495,-3.7305443624326085,7.062760750429351,-2.3622215257295496,-6.668764624940042,-7.88364330987149,-10.360423714935031,3.576090837530658,-0.27499455600198136,-7.993899740333859,-1.407437122914664,0.9555075048848277,-0.8064416751380347,-8.590784561107288,11.322810133677153,0.11405134061902879,-15.05984980044184,2.8728094414969476,-2.0528186640723534,-7.162248070326186,2.9367532108149055,-1.4733021744488806,0.07013415338888893,-3.6337263662655803,-4.172866564872303,3.107361297885772,0.46759061288296283,-5.6009327997418294,-6.759207658749418
-6.303303728805796,-3.5385238721976235,2.4717706751857142,8.012711917696315,6.044646819740411,8.258140920983188,-4.514427121727534,-0.5367394015736542,4.118333265730277,1.598656404917927,0.8598354511082354,0.46634231729661835,0.8575126373924103,-6.252643961738476,-0.3003043110803032,4.234289311442296,7.220461064420793,2.4284246186247844,-5.027768146170747,1.3695240424705872,4.660815528081443,5.311144938318382,6.87435182835882,-2.4083078305993793,0.017180188112544105,5.5153173861050915,0.9761779205566112,-0.8178064678630454,0.677175055059834,5.722327001578062,-7.506710379812324,0.20319367361759033,10.201849473844149,-2.0528186640723534,1.6397271357532022,4.711777795964125,-1.925758409785788,0.820016413025465,-0.07803671319140987,2.3423628595591937,2.7580786579476664,-2.2293427078819197,-0.30276608677534445,3.8257506961407146,4.526518435811146
-25.747792363915508,-15.463394000791563,10.816960784238422,32.96251732351539,25.259333229403342,34.40259409449087,-15.765470838919722,-2.94637139722027,17.410818617070323,6.5460142600499545,4.226504882638778,1.3055281569240549,3.896433308100566,-26.72459328555607,-3.358006867177602,16.88349130508677,30.518565027742014,10.764305921391271,-18.30815177370521,7.16149418763929,16.87894518052416,21.621199620127467,28.26094824321942,-9.595798624807603,1.6428879984746896,20.468799448554883,4.119209628737318,-0.77951198038535,0.7159014057558335,23.183057892043852,-32.3970202042415,-2.212918484997491,41.30405397587657,-7.162248070326186,4.711777795964125,20.08568858800858,-8.221364208584593,4.7680811177937565,0.4288266898022759,10.331320781507733,11.63029358489929,-7.645516603518888,-1.310589314026813,14.88117068564117,18.505205242646472
10.312841393357557,6.266144552706633,-4.476552782878182,-13.540748219099655,-10.336303976127523,-13.974516416152259,6.464967046290425,1.2718844052583687,-7.0836774010362635,-2.661838996612799,-1.668416676834021,-0.47588575059383953,-1.6083098201551351,10.950319677750981,1.3495146262833768,-6.900527500286788,-12.479066259386531,-4.382777316302561,7.4336854879681225,-2.855991691615748,-6.995347895017184,-8.823526466468763,-11.632324792635531,3.9512092750800845,-0.6235754914685689,-8.383249189909643,-1.7285521440233251,0.3332547965679128,-0.36226377617319877,-9.614591826183917,13.181904499493417,0.9363585150679277,-16.92600913188744,2.9367532108149055,-1.925758409785788,-8.221364208584593,3.3972354814055183,-1.9323201039806355,-0.22812971129274115,-4.291236943097654,-4.808150789612768,3.097889733350488,0.5834848764308139,-6.120876467706011,-7.576366217247527
-6.154541987827682,-3.7912764328787154,2.5659485058140366,7.622087146686678,5.950269431719457,8.127308047212503,-3.2301840979722427,-0.7400607788843929,4.145444456568319,1.5430054400475808,1.1488967934511867,0.25484910012549133,0.9208061782391421,-6.370708042517824,-1.1293747189569519,3.8509257309815523,7.214434015449112,2.6360569337810156,-3.974408641246675,1.920090769507709,3.523916210930564,5.024183561287918,6.508093813545155,-2.1669698471849825,0.6496843664794935,4.423726649735226,0.9522685112062396,0.23473754564965488,-0.208218160866829,5.237949220498106,-7.844481414072874,-0.9497638394785934,9.518331412598538,-1.4733021744488806,0.820016413025465,4.7680811177937565,-1.9323201039806355,1.320485018434383,0.18891808177289557,2.459561881149274,2.7160661521141596,-1.574544713912332,-0.2759307253630147,3.3096626754992364,4.279074713663402
-0.2989303820904844,-0.45861152957328105,0.286634077691734,0.542879525677743,0.6221974917190192,0.3164731698970837,0.2843435338917748,-0.131110444843018,0.3115716291123388,0.22883874484396113,0.24148807126417166,-0.15695191061935385,-0.17741108379640416,-0.7279470203773044,-0.5569619530818704,0.11516451870369217,0.5349552684856687,0.2883881225616536,0.03229025776476287,0.04446460296395952,-0.007353548734052709,0.3001019406855709,0.4388631266137177,-0.11158378647229358,0.1467002806462453,-0.18947222002073272,0.3167151976194202,0.6170505845012776,-0.38714997230795395,0.41502057072283227,-0.8595126729155047,-0.6839757228764188,0.7963172510972463,0.07013415338888893,-0.07803671319140987,0.4288266898022759,-0.22812971129274115,0.18891808177289557,0.3725868152919618,0.35539252361238705,0.3253215407810736,0.196485426681209,-0.13208632124207823,0.15841381007790956,0.2777879936605898
-12.78029754954059,-7.864458848144882,5.671553482463517,17.00345105495643,12.982738977824075,17.45900050479055,-8.00363639962889,-1.6572961071950576,8.880137233517136,3.326000316292355,2.086942869004454,0.5337542346989936,2.006313481847978,-13.78205212537696,-1.7713935482625154,8.614568154412096,15.658659647341528,5.514372304346041,-9.216567120080908,3.570886415186213,8.740115858649068,11.038969006925818,14.598956326396756,-4.954966166901663,0.7935995051170528,10.416383037326236,2.2206006260158033,-0.3177921519752971,0.42521764476834567,12.111215665024064,-16.53662131670996,-1.3086228847624701,21.223384596082752,-3.6337263662655803,2.3423628595591937,10.331320781507733,-4.291236943097654,2.459561881149274,0.35539252361238705,5.470825875516555,6.060392484790072,-3.7995492050125703,-0.7640801439249022,7.647706042784061,9.50384778420388
-14.604059456261318,-8.86065863720671,6.3286496638346,19.173407009874275,14.635571355988858,19.769870132474683,-9.175378847241833,-1.8004383438329106,10.012605587015893,3.7713320504114014,2.3599264785488523,0.6748845447487373,2.276213922769615,-15.499062651753679,-1.8844697892577953,9.777733593264614,17.6560423961668,6.1909624818175235,-10.549306787094666,4.016600778289123,9.938555644948252,12.499152137616518,16.479507996294554,-5.601035118600592,0.8751167082940466,11.902653568822286,2.4403585885028454,-0.49009774835468567,0.5265598111947458,13.627055996457077,-18.66226154441233,-1.2970137395528376,23.97773768096182,-4.172866564872303,2.7580786579476664,11.63029358489929,-4.808150789612768,2.7160661521141596,0.3253215407810736,6.060392484790072,6.817534055263609,-4.403076052668645,-0.822989065232171,8.680833672098371,10.719580651316564
10.068812837400374,5.716778286480455,-4.05266752829896,-12.842637922736518,-9.617282196215237,-13.484620654419272,6.934592866414358,1.0053299126907949,-6.676012592044344,-2.454049734274479,-1.4004477388195273,-0.7087146361848627,-1.6582224225297808,10.046812103554451,0.6249781139913048,-6.765162553296827,-11.73646905668857,-3.989513224756092,7.680580553627497,-2.6113755804185335,-7.126784281884752,-8.479097885951143,-11.04466267557145,3.8199875112504253,-0.3217595318733419,-8.673294856023094,-1.4091339061073005,1.1397091888730384,-0.8843906582825904,-9.086566558426835,12.129070164595841,-0.03776534946767261,-16.079900115210577,3.107361297885772,-2.2293427078819197,-7.645516603518888,3.097889733350488,-1.574544713912332,0.196485426681209,-3.7995492050125703,-4.403076052668645,3.419726406752328,0.4313201175466449,-5.985377587024561,-7.235613761444024
1.3369253615547523,0.9256870513879771,-0.7745138234557817,-2.2006258012607445,-1.6471441154640787,-2.042789003336468,1.017447229708799,0.26516999211126124,-1.0762455245839582,-0.4224743448369045,-0.1916511701339023,0.0033628136293385115,-0.22904829736275426,1.7579615019499673,0.22258096744020175,-1.0630947451149668,-1.9583100465718848,-0.6712976386945547,1.0791203090307127,-0.3387422017045648,-1.1965824791281676,-1.345364871479185,-1.9172940159589669,0.6477574906641731,-0.017356287948700828,-1.273300242901208,-0.36848733330079597,0.033392982650569794,-0.12527361212688562,-1.677890291417224,1.9872220078447274,0.22849105134325623,-2.716569601357813,0.46759061288296283,-0.30276608677534445,-1.310589314026813,0.5834848764308139,-0.2759307253630147,-0.13208632124207823,-0.7640801439249022,-0.822989065232171,0.4313201175466449,0.17650018546981214,-1.012597628369409,-1.2083879249976262
-18.908954546278803,-11.233496853204578,8.039953495695995,24.711924858305714,18.72000768690435,25.570675153485116,-12.383592154357235,-2.186935684528494,12.8633056967729,4.813556983471367,2.882098342193211,1.0286844291336708,3.0066944146522276,-19.72805309789611,-1.9820014973510485,12.734236793125262,22.670019007673623,7.85533035206149,-13.987957057624635,5.074623606562563,13.161292481769271,16.14956363361372,21.253580926507404,-7.267408475482248,0.8979239499793196,15.79583859974058,3.0270790953124735,-1.2048414318549014,1.082946007579226,17.572163678901166,-23.725008571829537,-1.0546048523569833,30.909505089639783,-5.6009327997418294,3.8257506961407146,14.88117068564117,-6.120876467706011,3.3096626754992364,0.15841381007790956,7.647706042784061,8.680833672098371,-5.985377587024561,-1.012597628369409,11.3221851924251,13.853387136849404
-23.728931825719787,-14.156310325833962,9.9624186754104,30.509162215437254,23.278118802369494,31.795300154389913,-14.91764970524542,-2.6836395034053147,16.04931135415023,6.014415588262785,3.782362293495219,1.2643559410274254,3.6397243049461245,-24.577369997407335,-2.8263404518017077,15.681993582841232,28.154849845394256,9.865825252743512,-17.145522158999736,6.50103028587579,15.878318488284448,20.006235055524538,26.169875004416603,-8.917416724192677,1.3469824457605626,19.205088692922207,3.7714950105127,-1.0659452354818784,0.947377294475146,21.517183898838237,-29.722403152345787,-1.6921641824161855,38.22135703250596,-6.759207658749418,4.526518435811146,18.505205242646472,-7.576366217247527,4.279074713663402,0.2777879936605898,9.50384778420388,10.719580651316564,-7.235613761444024,-1.2083879249976262,13.853387136849404,17.13678677026165
