V1,V2,V3,V4,V5,V6,V7,V8,V9,V10,V11,V12,V13,V14,V15,V16,V17,V18,V19,V20,V21,V22,V23,V24,V25,V26,V27,V28,V29,V30,V31,V32,V33,V34,V35,V36,V37,V38,V39,V40,V41,V42,V43,V44,V45
0.14924318455839114,-0.10710379008320525,-0.3331579865734236,0.260183481804394,0.1395156066371835,-0.4582575224606138,-0.19404100192502638,0.012208056463049073,0.26359648612187975,-0.01959794820896828,-0.03267393259383023,-0.20365816696831182,0.10272148021735984,-0.22541836562515635,-0.2615455037407497,-0.15863859352311724,0.5511963458841442,-0.06639301756983121,0.029272636972439613,0.4343006025575135,-0.17382632960908445,-0.16046114371306003,-0.37407008181444507,-0.2107757296214161,-0.10686297657043592,-0.07159647094968015,-0.015171792746553172,-0.04400161731965376,0.5505997485503502,6.41335790445312e-4,-0.24768827894716444,0.2540394987736269,0.07898065553208722,-0.20324475625092112,-0.5701291281395836,0.41776638322987086,-0.4482933307033713,0.06277644971186336,-0.22803901981511715,-0.23417376993757638,-0.11639273832165986,0.4509424926880939,0.043694026157000146,0.329511493950746,-0.17867880114694304
-0.10710379008320525,0.803856985267233,0.487835522398628,-0.46955242655528606,0.24915062875633595,-0.28971806727465466,0.2642234237769745,0.48303230837143696,-0.4236449139891484,-0.06966002877218826,-0.24715990212277078,0.23181659064226418,0.2574729311847555,0.37381327380991203,0.394658045249411,-0.49071057411482866,0.20549580492308323,-0.27542633250794035,-0.6221244807609208,-0.3442492810121371,0.5797790918002942,1.9551144358916415,-0.14711128515240757,0.5143969196272292,-1.0307108135596694,1.086144037946333,0.2281049726903202,-0.4245376104803552,-1.7754170240337563,-0.04549834800378047,-0.5391245753071807,0.5317026454318637,-0.2634500700107426,0.044257947446252215,0.6947557473901111,-0.2772597878256771,-0.5074091244278034,-0.5322139768626446,-0.1217835271158141,1.795729153932666,0.3572276550701977,0.446725832604843,0.20934628164343444,-0.7656862394909496,0.14956710658799158
-0.3331579865734236,0.487835522398628,1.549714203275157,-1.2107470525803288,0.05847412407444588,-0.11976780545639097,0.49329892377782586,0.785489280054031,-1.197478720032782,0.3205333332693539,-0.0049456211972668685,0.6839324071206747,0.10934344518428389,1.6904808403168397,0.6649230264429454,1.2772968312979462,-1.1676517338924237,-0.7979424690676604,-0.13124463958890387,-0.5323384415991138,0.768274507726064,0.2816891061346347,0.3946878147715266,0.20194595337643953,-0.6540710860232517,0.5224314944470472,-0.6760125257623324,-0.2942904826815064,-2.4684635841063756,-0.19021971113898156,0.39122495212852026,-0.9546903460061177,0.49713271348525706,0.01461403275234719,0.8262234075231463,-1.3304455472071024,0.6367391581563469,-0.9635305764457347,0.5674500068772644,1.100299765892977,1.2171688372917824,-1.0798050051793466,-0.14478428195759785,-1.0518860085391242,0.11430022208385966
0.260183481804394,-0.46955242655528606,-1.2107470525803288,0.9580177858545939,-0.07754390738294177,0.13020072627532028,-0.39989735806015597,-0.6466786849127032,0.9420012878984904,-0.2274761665890245,0.03756473149319579,-0.5362099389775324,-0.11616094650786865,-1.3002576247603073,-0.5442399171212644,-0.877380344224441,0.8328771373506987,0.6278550757107912,0.1812380684028851,0.4384193668944433,-0.6464555744989604,-0.47298165588174107,-0.2702774941915672,-0.21821341969181288,0.6243041037980095,-0.5335076031377621,0.4690384078489657,0.27569924371526705,2.063835221586872,0.1469050547644981,-0.21515633775974696,0.6328257848981149,-0.3325177930399123,-0.01552877657370476,-0.7026995588025754,1.0197139110881082,-0.40010715302446853,0.7845375710228312,-0.4020159224291648,-1.0566065025096156,-0.9482455976103238,0.7361374729829162,0.07856485510244016,0.880855139509524,-0.10415742396113774
0.1395156066371835,0.24915062875633595,0.05847412407444588,-0.07754390738294177,0.3884540278782637,-1.0497355507577109,-0.11583568926130206,0.4720149203129087,-0.04875931077518843,0.04775376822875498,-0.15348477491783635,-0.07862827386629886,0.3360710958569265,0.2749672778832728,-0.1433693340603801,-0.04705512371959205,0.7533991808131337,-0.5093249615845769,-0.21491540653046373,0.5483642475419976,0.1303311593270402,0.4915243617541584,-0.6555947561826293,-0.1593713490902247,-0.8103801704122026,0.4345417090687036,-0.18301581199663025,-0.3417358810843499,-0.4192772585944745,-0.0803458597584441,-0.5510390692296278,0.3628574092748768,0.2316408674364417,-0.37667657776181357,-0.5861570233054664,0.2618382143866579,-0.8489841101781269,-0.40492594693933187,-0.2963273113759313,0.5705380769076842,0.3226650035175273,0.6804139322242783,0.11172149810899693,0.012125807293487206,-0.25984914524069036
-0.4582575224606138,-0.28971806727465466,-0.11976780545639097,0.13020072627532028,-1.0497355507577109,3.136462648971996,0.4673903855486868,-1.2883511908212073,0.07284129231385483,-0.26309818652752553,0.3113164755271766,0.2939764859142118,-0.8888487379675319,-0.9272335035923617,0.614132816701279,-0.4573354197892589,-2.0197367269305464,1.5582258874314707,0.24172531273033407,-1.8852181560904642,-0.14274544390805802,-0.16185750341919744,1.8880968820376247,0.8455858339458295,1.9343284620596783,-0.6721635366813024,0.8745883133746848,0.8284113416307638,0.4753916427013054,0.260216178478542,1.263531186437089,-0.5723710028713971,-1.027135697455785,1.2322098101190093,2.210809846511654,-0.7786421715078081,2.186987203794297,1.0702386238804675,0.7417440743397605,-0.6929019657198195,-0.9908504974331434,-1.6066786758890461,-0.17204430948223215,-0.3879452027809198,0.9079797504790925
-0.19404100192502638,0.2642234237769745,0.49329892377782586,-0.39989735806015597,-0.11583568926130206,0.4673903855486868,0.27448647907100127,0.08420525385808732,-0.3959951700960222,0.018438393697854275,-0.0038436421655275135,0.28423098487864984,-0.07161821621904425,0.3569741962762213,0.37615131218002335,0.13013682750277694,-0.6171251234652948,0.010751113524648368,-0.13751250495028386,-0.5596952351851185,0.3101189931526178,0.5071878962487466,0.4083305595748242,0.32699250737699287,-0.06342892491220087,0.27078361965223907,0.038095082040495866,-0.027045340131492044,-0.9710702087362353,-0.012780166505671826,0.20152800853809327,-0.2235536759546048,-0.11978694014366632,0.23666536641101965,0.7774757965239485,-0.5494748682470323,0.43938395575864353,-0.1809986937242259,0.25138138803046034,0.5844669362553472,0.21936174629554095,-0.46309544986884277,-0.018960670111304104,-0.5234472390209032,0.22934079876052216
0.012208056463049073,0.48303230837143696,0.785489280054031,-0.6466786849127032,0.4720149203129087,-1.2883511908212073,0.08420525385808732,0.9099325795658632,-0.6096632469046547,0.21484903461730956,-0.1722524209141004,0.22026875936572946,0.43426609435056684,1.1210884987176233,0.1275048710616558,0.5883226734583683,0.3236422411390493,-0.971330387594051,-0.2795092673864241,0.41464407417443744,0.49376169330500164,0.6006457215456535,-0.5785973709026726,-0.12284070840893818,-1.2169965425123368,0.7019161000144851,-0.5555550391423182,-0.5234577131773742,-1.5751243036685911,-0.1852406128239075,-0.4310470966754051,-0.06102877918146603,0.5317991724056924,-0.4464426031885395,-0.34014016288715804,-0.31303002858984674,-0.6697230722964553,-0.9117287152244887,-0.07220417892911872,1.1003200231029298,0.9478199522024277,0.25771416647177686,0.05044564391094852,-0.4511702762039929,-0.2613048232202123
0.26359648612187975,-0.4236449139891484,-1.197478720032782,0.9420012878984904,-0.04875931077518843,0.07284129231385483,-0.3959951700960222,-0.6096632469046547,0.9295464158069724,-0.23159543128107063,0.019463458740565456,-0.5336473480469425,-0.08972667807109892,-1.2854799322902748,-0.5368906074540915,-0.9145167594567657,0.8841937997211582,0.5992974213800869,0.1422799515116337,0.4495240016457726,-0.6198407339382684,-0.3578494949223553,-0.30892872599135446,-0.20135227759873517,0.5452091802594816,-0.46595212532341357,0.47815679293428925,0.24309368053081676,1.9788011957897917,0.14315430763257359,-0.26907080384727505,0.682677244695935,-0.3402609064166134,-0.028680283287269282,-0.7003729090191589,1.028627766164984,-0.46684990073764276,0.7492242999736731,-0.42529342717447777,-0.9535624485393268,-0.9274676164992384,0.7971207018697588,0.09476128567494867,0.8537901723990183,-0.10899047399793509
-0.01959794820896828,-0.06966002877218826,0.3205333332693539,-0.2274761665890245,0.04775376822875498,-0.26309818652752553,0.018438393697854275,0.21484903461730956,-0.23159543128107063,0.14163748169662177,0.04182216873008435,0.10169029928981521,0.04400478001590582,0.4772654663240735,0.014737707444042654,0.569216139804292,-0.20224196447505458,-0.3082393549119082,0.12449532236089521,0.1368161670881456,0.0653121378957471,-0.4898269841171235,-0.029502179753526408,-0.18060200393434322,-0.07605451663348099,-0.10607273557359857,-0.3553465096939768,-0.04183727068515183,-0.2386304790498486,-0.06828701639032793,0.15024847575375308,-0.3832435708527537,0.3286858170789456,-0.13275412204254824,-0.18868131340783412,-0.22922554233357295,0.12013808471818843,-0.23047081640198638,0.1289374295319378,-0.14796442117433278,0.3497112337648168,-0.29026202415876007,-0.08838655514142486,-0.039284371064720804,-0.10274861408694265
-0.03267393259383023,-0.24715990212277078,-0.0049456211972668685,0.03756473149319579,-0.15348477491783635,0.3113164755271766,-0.0038436421655275135,-0.1722524209141004,0.019463458740565456,0.04182216873008435,0.10947242106521503,0.017516819553704887,-0.13956648280702214,-0.008868340119868418,-0.020711128457418553,0.2826145018033947,-0.3482969182673959,0.11654537453302136,0.21909460391752045,-0.07233340786550266,-0.12911335866767806,-0.6626454410337621,0.22899507756350038,-0.09728740566488997,0.4253861863787102,-0.3686132946585074,-0.09414146882476895,0.1749623809750079,0.3748331532018034,0.013727080594011856,0.32032065395511494,-0.3335049596546287,0.07423807918551191,0.07565373127278094,0.006594004722936856,-0.10744782907195326,0.40319296122101017,0.15329799710365444,0.15933019507791477,-0.5541767710449441,-0.058691750365675,-0.389002028076666,-0.10190859350917157,0.1253437932073579,0.0242927779921272
-0.20365816696831182,0.23181659064226418,0.6839324071206747,-0.5362099389775324,-0.07862827386629886,0.2939764859142118,0.28423098487864984,0.22026875936572946,-0.5336473480469425,0.10169029928981521,0.017516819553704887,0.34391061640338016,-0.037712784889853614,0.6406722240649796,0.38348092173353815,0.4585984964561297,-0.721512461419493,-0.17996935440184578,-0.07264267383106232,-0.4712730812848037,0.35175467838302193,0.24077774847376213,0.3778990371503607,0.2212956027390467,-0.12704632089004902,0.222416945062847,-0.17160026624887165,-0.059079407348360084,-1.1283797400653357,-0.05391906880812828,0.27530012161400264,-0.43736040526049613,0.07394272767679183,0.154119476489326,0.6602101396455244,-0.679543338598134,0.4906306075006323,-0.32577022000878386,0.3208221930444374,0.5170835847236155,0.4307309061893398,-0.6160753590216499,-0.06725685251813393,-0.5476569221207749,0.16482720498877954
0.10272148021735984,0.2574729311847555,0.10934344518428389,-0.11616094650786865,0.3360710958569265,-0.8888487379675319,-0.07161821621904425,0.43426609435056684,-0.08972667807109892,0.04400478001590582,-0.13956648280702214,-0.037712784889853614,0.29418877746075,0.287098482181714,-0.0840548878331968,-0.03207562994760647,0.6077176599958708,-0.45552447606897184,-0.21167734632813262,0.42608890496630936,0.15474149564902845,0.5093784302497459,-0.5421788667378602,-0.1027102091603156,-0.7386215837489424,0.42591254170280435,-0.15725008413138628,-0.3114367333339864,-0.49320421260871855,-0.0735189020683092,-0.4743075204761785,0.3041239519471509,0.19166363914076176,-0.3104429855254754,-0.4335220251799965,0.17214994342622664,-0.7143848943919928,-0.38517682932917763,-0.23839694561409752,0.5870180902290685,0.31450930068976574,0.5607583092487495,0.09942915444389049,-0.05220669240019327,-0.2058710518883456
-0.22541836562515635,0.37381327380991203,1.6904808403168397,-1.3002576247603073,0.2749672778832728,-0.9272335035923617,0.3569741962762213,1.1210884987176233,-1.2854799322902748,0.4772654663240735,-0.008868340119868418,0.6406722240649796,0.287098482181714,2.1295958567186632,0.4732138562876713,1.8115774552628052,-0.8771395316171465,-1.2842293257320168,-0.0012456539953563247,0.025362416406076428,0.7464347884733542,-0.3157544199969811,-0.014440220259866642,-0.1828006646173026,-0.9559079279255599,0.42172795469485447,-1.125559895096798,-0.4329091921034428,-2.415779826140831,-0.2831476525451075,0.2985947876208064,-1.1545487918308501,0.9726126063202395,-0.35056895306284097,0.10434242870568551,-1.2530052773575695,0.3149992112699399,-1.2508802354387345,0.502753332958195,0.8600033515822896,1.5912420629586008,-0.9831474426515515,-0.19651035018887572,-0.866732877982206,-0.17344217155188532
-0.2615455037407497,0.394658045249411,0.6649230264429454,-0.5442399171212644,-0.1433693340603801,0.614132816701279,0.37615131218002335,0.1275048710616558,-0.5368906074540915,0.014737707444042654,-0.020711128457418553,0.38348092173353815,-0.0840548878331968,0.4732138562876713,0.5184920823503653,0.12241453763803506,-0.7962422065037474,0.013534901977704208,-0.2192872805689948,-0.765332496570923,0.4395504860965905,0.7933752382470146,0.534529114919092,0.46737295737366635,-0.1353309960357601,0.41940446047414115,0.07774251121015742,-0.05647791192978258,-1.3662243746667908,-0.01695310146873441,0.23353856876876822,-0.2519278799884883,-0.18593923990848882,0.32001703884166877,1.0734859097413414,-0.7322332932554334,0.5505146081859583,-0.2572100894388699,0.32070995914600325,0.8739065854923884,0.2941864000233308,-0.5790328875729785,-0.009998242975833979,-0.7331082042055174,0.31600685131693
-0.15863859352311724,-0.49071057411482866,1.2772968312979462,-0.877380344224441,-0.04705512371959205,-0.4573354197892589,0.13013682750277694,0.5883226734583683,-0.9145167594567657,0.569216139804292,0.2826145018033947,0.4585984964561297,-0.03207562994760647,1.8115774552628052,0.12241453763803506,2.4437836511177053,-1.3104427041690785,-0.9705074526966819,0.688761929798769,0.2678462089589458,0.15908528580955983,-2.4675465525168594,0.2768346905119074,-0.6937240853233763,0.22997137290585612,-0.7716659474992982,-1.393957179981762,0.055166689742015426,-0.6390070132569122,-0.23499914860948967,0.9916177044407152,-1.8557325430287994,1.2554646339937305,-0.33385944584464616,-0.48416494497930934,-1.099297675024958,1.0418718812941254,-0.6907209831626373,0.7247609400655665,-1.0728674491226549,1.2503128840134687,-1.6496215523844802,-0.450557269038392,-0.12341548211299846,-0.2846474804180006
0.5511963458841442,0.20549580492308323,-1.1676517338924237,0.8328771373506987,0.7533991808131337,-2.0197367269305464,-0.6171251234652948,0.3236422411390493,0.8841937997211582,-0.20224196447505458,-0.3482969182673959,-0.721512461419493,0.6077176599958708,-0.8771395316171465,-0.7962422065037474,-1.3104427041690785,2.562537636019303,-0.34573685360249246,-0.4163819493805311,1.4871917253590394,-0.30880031125035373,1.0682731193908463,-1.6656016063234762,-0.4001250068204291,-1.2093452230331032,0.589371739136621,0.2796746578621618,-0.49286367300956274,1.0460657900364638,-0.001087736017379939,-1.522874959281427,1.6543527443495123,-0.02700257555718315,-0.7554107778697341,-1.761281534922648,1.6419842719856774,-2.325074105114542,-0.040242509968043995,-1.109442533291608,0.47726512578664904,-0.3751093086040972,2.3677345231315283,0.3868587768727184,0.8044401019810761,-0.5842049355055522
-0.06639301756983121,-0.27542633250794035,-0.7979424690676604,0.6278550757107912,-0.5093249615845769,1.5582258874314707,0.010751113524648368,-0.971330387594051,0.5992974213800869,-0.3082393549119082,0.11654537453302136,-0.17996935440184578,-0.45552447606897184,-1.2842293257320168,0.013534901977704208,-0.9705074526966819,-0.34573685360249246,1.142820881446968,0.09305772169930873,-0.6997419929936738,-0.38298685981103636,0.07081350539660512,0.698036959045422,0.3879636790145282,1.134826101164541,-0.43852075622049397,0.819810473725845,0.4960200835289113,1.260127827752587,0.22009561987450751,0.33409202076302774,0.3015169138376958,-0.8053586889217215,0.6027910064661353,0.758257249206194,0.2736613119410746,0.662662161515436,0.9506028497374128,0.04739433981747061,-0.6430248120699268,-1.0711009979884187,-0.1556213012497738,0.02398081903117361,0.2423825108790044,0.40914319826334206
0.029272636972439613,-0.6221244807609208,-0.13124463958890387,0.1812380684028851,-0.21491540653046373,0.24172531273033407,-0.13751250495028386,-0.2795092673864241,0.1422799515116337,0.12449532236089521,0.21909460391752045,-0.07264267383106232,-0.21167734632813262,-0.0012456539953563247,-0.2192872805689948,0.688761929798769,-0.4163819493805311,0.09305772169930873,0.5313147521997801,0.19771186366273297,-0.36452952387666143,-1.6917376325543776,0.2142536753406788,-0.41760185812618095,0.7954131091660939,-0.8689804533038126,-0.33430746526845884,0.3222082968253462,1.1031928363177832,0.003275929026214266,0.5630064888022664,-0.6646360806148464,0.3318540281580944,-0.03584213157968585,-0.4526277414680928,-0.01635376640220636,0.5847153087085226,0.2886685351794303,0.22182323189386494,-1.3881733554639917,-0.08151172018445517,-0.6175587529531424,-0.2160542606060024,0.4726988232614145,-0.10811796121181638
0.4343006025575135,-0.3442492810121371,-0.5323384415991138,0.4384193668944433,0.5483642475419976,-1.8852181560904642,-0.5596952351851185,0.41464407417443744,0.4495240016457726,0.1368161670881456,-0.07233340786550266,-0.4712730812848037,0.42608890496630936,0.025362416406076428,-0.765332496570923,0.2678462089589458,1.4871917253590394,-0.6997419929936738,0.19771186366273297,1.5457754005719586,-0.38933866503485154,-0.9866455664116773,-1.2571529017501089,-0.874199153407046,-0.5805985578831744,-0.24852771475170818,-0.5422338652879919,-0.25420596331777234,1.1838822694856743,-0.10321399279273001,-0.6395571099703247,0.31532326055521454,0.7011070594302994,-0.8364866612685836,-2.011272157641821,0.9633233535885124,-1.3196919635548297,-0.20492408218201616,-0.5538264727729817,-0.7414972844106649,0.1862088249799695,1.0722752384846683,0.035730528840794716,0.9022964137194918,-0.7035383647108991
-0.17382632960908445,0.5797790918002942,0.768274507726064,-0.6464555744989604,0.1303311593270402,-0.14274544390805802,0.3101189931526178,0.49376169330500164,-0.6198407339382684,0.0653121378957471,-0.12911335866767806,0.35175467838302193,0.15474149564902845,0.7464347884733542,0.4395504860965905,0.15908528580955983,-0.30880031125035373,-0.38298685981103636,-0.36452952387666143,-0.38933866503485154,0.5616989833567939,1.1154826668935125,0.08574098359381524,0.3508616426966675,-0.7288963555990398,0.7322274278495355,-0.08961173716176413,-0.3086434494314124,-1.7389484230990766,-0.08408185037766884,-0.12939862609165756,-0.047679867876269974,0.011815388034726263,0.044153305302313706,0.6748723146026185,-0.6002633589911723,-0.01777660531285211,-0.5808866362279904,0.13572893387833285,1.2977515691061985,0.575862913921025,-0.15453049614693012,0.05930920414366656,-0.763392662685503,0.13244592525054358
-0.16046114371306003,1.9551144358916415,0.2816891061346347,-0.47298165588174107,0.4915243617541584,-0.16185750341919744,0.5071878962487466,0.6006457215456535,-0.3578494949223553,-0.4898269841171235,-0.6626454410337621,0.24077774847376213,0.5093784302497459,-0.3157544199969811,0.7933752382470146,-2.4675465525168594,1.0682731193908463,0.07081350539660512,-1.6917376325543776,-0.9866455664116773,1.1154826668935125,5.523601352006973,-0.3600522671271839,1.5302003141900886,-2.185143220743541,2.6888793628343635,1.3337028974170488,-0.8748606153976102,-3.3376963102298025,0.0557852136016679,-1.6335483191094777,2.1550382478675334,-1.33864868721815,0.3595858933951863,1.8676446524133843,0.006533819176947193,-1.5414673726019528,-0.6584664786435318,-0.630468516424336,4.351631063986705,-0.028312622159687734,1.7998295078282143,0.6898160556319243,-1.5566804856880045,0.5303755129906386
-0.37407008181444507,-0.14711128515240757,0.3946878147715266,-0.2702774941915672,-0.6555947561826293,1.8880968820376247,0.4083305595748242,-0.5785973709026726,-0.30892872599135446,-0.029502179753526408,0.22899507756350038,0.3778990371503607,-0.5421788667378602,-0.014440220259866642,0.534529114919092,0.2768346905119074,-1.6656016063234762,0.698036959045422,0.2142536753406788,-1.2571529017501089,0.08574098359381524,-0.3600522671271839,1.3008086940228212,0.48343836375672766,1.1136342821112972,-0.41683326383032576,0.23871701130201775,0.46822598956751404,-0.2702604751850125,0.09518553809648359,0.999467466137503,-0.7854110257867181,-0.38622349625579555,0.7326286107032732,1.4919761969313983,-0.8935173901899272,1.6341366262009875,0.39391220234312646,0.6704949274677731,-0.3524288241874903,-0.22179666252138924,-1.4362124680743993,-0.1939973217894109,-0.47181670553871313,0.557864683969327
-0.2107757296214161,0.5143969196272292,0.20194595337643953,-0.21821341969181288,-0.1593713490902247,0.8455858339458295,0.32699250737699287,-0.12284070840893818,-0.20135227759873517,-0.18060200393434322,-0.09728740566488997,0.2212956027390467,-0.1027102091603156,-0.1828006646173026,0.46737295737366635,-0.6937240853233763,-0.4001250068204291,0.3879636790145282,-0.41760185812618095,-0.874199153407046,0.3508616426966675,1.5302003141900886,0.48343836375672766,0.6931708435016385,-0.1223988112063508,0.6132211852754434,0.557386535655709,-0.03689947208232902,-1.0485688975297998,0.07094253814689763,-0.053398166099473635,0.3421360720122012,-0.6202811458578481,0.4563322745127633,1.244538504478743,-0.35783590806377014,0.26301145150748956,0.026013221016788244,0.09442644744366435,1.1325462183903623,-0.1695839457540343,-0.06914418742728427,0.12921903589069123,-0.6565989286068036,0.4221933480308826
-0.10686297657043592,-1.0307108135596694,-0.6540710860232517,0.6243041037980095,-0.8103801704122026,1.9343284620596783,-0.06342892491220087,-1.2169965425123368,0.5452091802594816,-0.07605451663348099,0.4253861863787102,-0.12704632089004902,-0.7386215837489424,-0.9559079279255599,-0.1353309960357601,0.22997137290585612,-1.2093452230331032,1.134826101164541,0.7954131091660939,-0.5805985578831744,-0.7288963555990398,-2.185143220743541,1.1136342821112972,-0.1223988112063508,2.13012249101842,-1.531338380346581,0.23848456223793252,0.8947154715002346,2.2546695661899387,0.19190997665680182,1.2098652119209368,-0.8200551701031191,-0.2714050105362081,0.5884906828135064,0.3610229362533598,-0.044800163002912764,1.6418971897686736,1.1650454786528723,0.48714557107795614,-2.32683039681311,-0.9487835800983278,-1.2566810122093663,-0.3062183029713766,0.6666565550356359,0.3036487507810866
-0.07159647094968015,1.086144037946333,0.5224314944470472,-0.5335076031377621,0.4345417090687036,-0.6721635366813024,0.27078361965223907,0.7019161000144851,-0.46595212532341357,-0.10607273557359857,-0.3686132946585074,0.222416945062847,0.42591254170280435,0.42172795469485447,0.41940446047414115,-0.7716659474992982,0.589371739136621,-0.43852075622049397,-0.8689804533038126,-0.24852771475170818,0.7322274278495355,2.6888793628343635,-0.41683326383032576,0.6132211852754434,-1.531338380346581,1.5079769746538183,0.3069668797047498,-0.6305932422822499,-2.239597313994739,-0.06617864713351579,-0.9023182112462123,0.8880586940698377,-0.324158881781708,-0.05085141294022324,0.6729773088852852,-0.1724161700721717,-0.9678819366642274,-0.7318885639956169,-0.2952434629391031,2.429642711516248,0.45551502222516677,0.8786894870982979,0.32049352930127395,-0.9107416659191873,0.11182035683910108
-0.015171792746553172,0.2281049726903202,-0.6760125257623324,0.4690384078489657,-0.18301581199663025,0.8745883133746848,0.038095082040495866,-0.5555550391423182,0.47815679293428925,-0.3553465096939768,-0.09414146882476895,-0.17160026624887165,-0.15725008413138628,-1.125559895096798,0.07774251121015742,-1.393957179981762,0.2796746578621618,0.819810473725845,-0.33430746526845884,-0.5422338652879919,-0.08961173716176413,1.3337028974170488,0.23871701130201775,0.557386535655709,0.23848456223793252,0.3069668797047498,0.919887551645008,0.12528743340473955,0.36725412244096883,0.17475296523275455,-0.2789943947934699,0.8748868024666921,-0.8792907107783583,0.42948488178695865,0.7356156114888038,0.4053057655079685,-0.11427126228040536,0.562825669898106,-0.231953333154055,0.48784709286590666,-0.8460734872256621,0.5494109631924974,0.20872686508822155,-0.04584628935960662,0.34233907295540594
-0.04400161731965376,-0.4245376104803552,-0.2942904826815064,0.27569924371526705,-0.3417358810843499,0.8284113416307638,-0.027045340131492044,-0.5234577131773742,0.24309368053081676,-0.04183727068515183,0.1749623809750079,-0.059079407348360084,-0.3114367333339864,-0.4329091921034428,-0.05647791192978258,0.055166689742015426,-0.49286367300956274,0.4960200835289113,0.3222082968253462,-0.25420596331777234,-0.3086434494314124,-0.8748606153976102,0.46822598956751404,-0.03689947208232902,0.8947154715002346,-0.6305932422822499,0.12528743340473955,0.3768414150268595,0.9543776302081709,0.08510119078342128,0.4945201698151163,-0.3151368290501466,-0.13798989272585813,0.25681068464307477,0.16712217306300367,-0.00397457603272294,0.6778698227608361,0.5022480665608504,0.19504979245882806,-0.9588176599978944,-0.42073468814109105,-0.5046008193826472,-0.12126669747567145,0.2803178056736234,0.13465552935416544
0.5505997485503502,-1.7754170240337563,-2.4684635841063756,2.063835221586872,-0.4192772585944745,0.4753916427013054,-0.9710702087362353,-1.5751243036685911,1.9788011957897917,-0.2386304790498486,0.3748331532018034,-1.1283797400653357,-0.49320421260871855,-2.415779826140831,-1.3662243746667908,-0.6390070132569122,1.0460657900364638,1.260127827752587,1.1031928363177832,1.1838822694856743,-1.7389484230990766,-3.3376963102298025,-0.2702604751850125,-1.0485688975297998,2.2546695661899387,-2.239597313994739,0.36725412244096883,0.9543776302081709,5.4742174299534385,0.2710396230591718,0.363886213706619,0.2517843787017127,-0.10625726800653831,-0.13021841478841337,-2.064707177943183,1.928299252305685,0.010479107026547068,1.8572976917712751,-0.46522150735694723,-3.976446340872833,-1.8681319452198135,0.5517260259887931,-0.15800458903342296,2.357086106143133,-0.38694134141313624
6.41335790445312e-4,-0.04549834800378047,-0.19021971113898156,0.1469050547644981,-0.0803458597584441,0.260216178478542,-0.012780166505671826,-0.1852406128239075,0.14315430763257359,-0.06828701639032793,0.013727080594011856,-0.05391906880812828,-0.0735189020683092,-0.2831476525451075,-0.01695310146873441,-0.23499914860948967,-0.001087736017379939,0.22009561987450751,0.003275929026214266,-0.10321399279273001,-0.08408185037766884,0.0557852136016679,0.09518553809648359,0.07094253814689763,0.19190997665680182,-0.06617864713351579,0.17475296523275455,0.08510119078342128,0.2710396230591718,0.04481990747412479,0.0221056200937771,0.10908686056642708,-0.16605514557279086,0.10341645084125935,0.11036595327241336,0.09821473880253642,0.06793977526548498,0.18796348260274387,-0.020803552346891213,-0.10686050338094302,-0.22510380955540663,0.036720246661835924,0.01631311260514027,0.06826312286215998,0.06770186665121862
-0.24768827894716444,-0.5391245753071807,0.39122495212852026,-0.21515633775974696,-0.5510390692296278,1.263531186437089,0.20152800853809327,-0.4310470966754051,-0.26907080384727505,0.15024847575375308,0.32032065395511494,0.27530012161400264,-0.4743075204761785,0.2985947876208064,0.23353856876876822,0.9916177044407152,-1.522874959281427,0.33409202076302774,0.5630064888022664,-0.6395571099703247,-0.12939862609165756,-1.6335483191094777,0.999467466137503,-0.053398166099473635,1.2098652119209368,-0.9023182112462123,-0.2789943947934699,0.4945201698151163,0.363886213706619,0.0221056200937771,1.1329054584748097,-1.2014041601829153,0.16089837483499872,0.38734377929271063,0.6032040654572979,-0.7643590398751693,1.5570345099897365,0.3018743984602974,0.6783444990838698,-1.2144188219544823,0.023517189392861248,-1.5543879268383956,-0.32530331545227664,-0.047440208424828406,0.24382115167730567
0.2540394987736269,0.5317026454318637,-0.9546903460061177,0.6328257848981149,0.3628574092748768,-0.5723710028713971,-0.2235536759546048,-0.06102877918146603,0.682677244695935,-0.3832435708527537,-0.3335049596546287,-0.43736040526049613,0.3041239519471509,-1.1545487918308501,-0.2519278799884883,-1.8557325430287994,1.6543527443495123,0.3015169138376958,-0.6646360806148464,0.31532326055521454,-0.047679867876269974,2.1550382478675334,-0.7854110257867181,0.3421360720122012,-0.8200551701031191,0.8880586940698377,0.8748868024666921,-0.3151368290501466,0.2517843787017127,0.10908686056642708,-1.2014041601829153,1.689655556295389,-0.722363145789451,-0.08995046144626484,-0.21374252678366037,1.0899539046257853,-1.5099719988854803,0.20329081141817518,-0.805775096330982,1.1826305169630311,-0.6867517610840848,1.822991904403124,0.42532397012861906,0.16255988014273604,-0.028578723697412777
0.07898065553208722,-0.2634500700107426,0.49713271348525706,-0.3325177930399123,0.2316408674364417,-1.027135697455785,-0.11978694014366632,0.5317991724056924,-0.3402609064166134,0.3286858170789456,0.07423807918551191,0.07394272767679183,0.19166363914076176,0.9726126063202395,-0.18593923990848882,1.2554646339937305,-0.02700257555718315,-0.8053586889217215,0.3318540281580944,0.7011070594302994,0.011815388034726263,-1.33864868721815,-0.38622349625579555,-0.6202811458578481,-0.2714050105362081,-0.324158881781708,-0.8792907107783583,-0.13798989272585813,-0.10625726800653831,-0.16605514557279086,0.16089837483499872,-0.722363145789451,0.8698071812499254,-0.4970899646654105,-0.9441546412350861,-0.20483192808358558,-0.08224587936842104,-0.5055968498422618,0.12191304491381945,-0.5660253656089822,0.7523997565028525,-0.3307209962777427,-0.1797216514419888,0.18313820646438037,-0.40105731670622513
-0.20324475625092112,0.044257947446252215,0.01461403275234719,-0.01552877657370476,-0.37667657776181357,1.2322098101190093,0.23666536641101965,-0.4464426031885395,-0.028680283287269282,-0.13275412204254824,0.07565373127278094,0.154119476489326,-0.3104429855254754,-0.35056895306284097,0.32001703884166877,-0.33385944584464616,-0.7554107778697341,0.6027910064661353,-0.03584213157968585,-0.8364866612685836,0.044153305302313706,0.3595858933951863,0.7326286107032732,0.4563322745127633,0.5884906828135064,-0.05085141294022324,0.42948488178695865,0.25681068464307477,-0.13021841478841337,0.10341645084125935,0.38734377929271063,-0.08995046144626484,-0.4970899646654105,0.5198254810514574,1.0406584704646729,-0.34356397301061853,0.7685617595920909,0.3497669563246945,0.2627605702659148,0.08005081355534133,-0.36417297962121803,-0.5283698054302041,-0.020314778999953622,-0.29468548821168356,0.4027340411404394
-0.5701291281395836,0.6947557473901111,0.8262234075231463,-0.7026995588025754,-0.5861570233054664,2.210809846511654,0.7774757965239485,-0.34014016288715804,-0.7003729090191589,-0.18868131340783412,0.006594004722936856,0.6602101396455244,-0.4335220251799965,0.10434242870568551,1.0734859097413414,-0.48416494497930934,-1.761281534922648,0.758257249206194,-0.4526277414680928,-2.011272157641821,0.6748723146026185,1.8676446524133843,1.4919761969313983,1.244538504478743,0.3610229362533598,0.6729773088852852,0.7356156114888038,0.16712217306300367,-2.064707177943183,0.11036595327241336,0.6032040654572979,-0.21374252678366037,-0.9441546412350861,1.0406584704646729,2.701579986816679,-1.2814776766045737,1.4490139037241352,0.06516016912214331,0.6413050454178336,1.5183068426189157,-0.09982632184098919,-1.1682473513389622,0.02534934460872983,-1.3668260059265311,0.912014959339738
0.41776638322987086,-0.2772597878256771,-1.3304455472071024,1.0197139110881082,0.2618382143866579,-0.7786421715078081,-0.5494748682470323,-0.31303002858984674,1.028627766164984,-0.22922554233357295,-0.10744782907195326,-0.679543338598134,0.17214994342622664,-1.2530052773575695,-0.7322332932554334,-1.099297675024958,1.6419842719856774,0.2736613119410746,-0.01635376640220636,0.9633233535885124,-0.6002633589911723,0.006533819176947193,-0.8935173901899272,-0.35783590806377014,-0.044800163002912764,-0.1724161700721717,0.4053057655079685,-0.00397457603272294,1.928299252305685,0.09821473880253642,-0.7643590398751693,1.0899539046257853,-0.20483192808358558,-0.34356397301061853,-1.2814776766045737,1.3990340837632809,-1.2373027604749536,0.5295109470134292,-0.7352234581000459,-0.6162875136351921,-0.8033932105403142,1.4781836417258138,0.20311892732001038,0.9842145499780959,-0.336109362343076
-0.4482933307033713,-0.5074091244278034,0.6367391581563469,-0.40010715302446853,-0.8489841101781269,2.186987203794297,0.43938395575864353,-0.6697230722964553,-0.46684990073764276,0.12013808471818843,0.40319296122101017,0.4906306075006323,-0.7143848943919928,0.3149992112699399,0.5505146081859583,1.0418718812941254,-2.325074105114542,0.662662161515436,0.5847153087085226,-1.3196919635548297,-0.01777660531285211,-1.5414673726019528,1.6341366262009875,0.26301145150748956,1.6418971897686736,-0.9678819366642274,-0.11427126228040536,0.6778698227608361,0.010479107026547068,0.06793977526548498,1.5570345099897365,-1.5099719988854803,-0.08224587936842104,0.7685617595920909,1.4490139037241352,-1.2373027604749536,2.306036631557751,0.4417584076518591,0.9936854628362477,-1.1560200407563446,-0.058405602018573595,-2.2024201285256457,-0.3922921863954298,-0.3770777705096424,0.5470310769006085
0.06277644971186336,-0.5322139768626446,-0.9635305764457347,0.7845375710228312,-0.40492594693933187,1.0702386238804675,-0.1809986937242259,-0.9117287152244887,0.7492242999736731,-0.23047081640198638,0.15329799710365444,-0.32577022000878386,-0.38517682932917763,-1.2508802354387345,-0.2572100894388699,-0.6907209831626373,-0.040242509968043995,0.9506028497374128,0.2886685351794303,-0.20492408218201616,-0.5808866362279904,-0.6584664786435318,0.39391220234312646,0.026013221016788244,1.1650454786528723,-0.7318885639956169,0.562825669898106,0.5022480665608504,1.8572976917712751,0.18796348260274387,0.3018743984602974,0.20329081141817518,-0.5055968498422618,0.3497669563246945,0.06516016912214331,0.5295109470134292,0.4417584076518591,0.9517444063736589,-0.046737712149095834,-1.2080969799404115,-1.0191722275183388,-0.0222965084216767,-0.024906134312023744,0.6140517848639016,0.1771546346641532
-0.22803901981511715,-0.1217835271158141,0.5674500068772644,-0.4020159224291648,-0.2963273113759313,0.7417440743397605,0.25138138803046034,-0.07220417892911872,-0.42529342717447777,0.1289374295319378,0.15933019507791477,0.3208221930444374,-0.23839694561409752,0.502753332958195,0.32070995914600325,0.7247609400655665,-1.109442533291608,0.04739433981747061,0.22182323189386494,-0.5538264727729817,0.13572893387833285,-0.630468516424336,0.6704949274677731,0.09442644744366435,0.48714557107795614,-0.2952434629391031,-0.231953333154055,0.19504979245882806,-0.46522150735694723,-0.020803552346891213,0.6783444990838698,-0.805775096330982,0.12191304491381945,0.2627605702659148,0.6413050454178336,-0.7352234581000459,0.9936854628362477,-0.046737712149095834,0.4944238163995562,-0.27699000287317593,0.2574743927603998,-1.0649158686985425,-0.18961246697505946,-0.32531058707094346,0.20166664866616935
-0.23417376993757638,1.795729153932666,1.100299765892977,-1.0566065025096156,0.5705380769076842,-0.6929019657198195,0.5844669362553472,1.1003200231029298,-0.9535624485393268,-0.14796442117433278,-0.5541767710449441,0.5170835847236155,0.5870180902290685,0.8600033515822896,0.8739065854923884,-1.0728674491226549,0.47726512578664904,-0.6430248120699268,-1.3881733554639917,-0.7414972844106649,1.2977515691061985,4.351631063986705,-0.3524288241874903,1.1325462183903623,-2.32683039681311,2.429642711516248,0.48784709286590666,-0.9588176599978944,-3.976446340872833,-0.10686050338094302,-1.2144188219544823,1.1826305169630311,-0.5660253656089822,0.08005081355534133,1.5183068426189157,-0.6162875136351921,-1.1560200407563446,-1.2080969799404115,-0.27699000287317593,4.012559070102486,0.8199469378624541,1.0082545052336542,0.4670849241283238,-1.7053482067145094,0.3194886551823209
-0.11639273832165986,0.3572276550701977,1.2171688372917824,-0.9482455976103238,0.3226650035175273,-0.9908504974331434,0.21936174629554095,0.9478199522024277,-0.9274676164992384,0.3497112337648168,-0.058691750365675,0.4307309061893398,0.31450930068976574,1.5912420629586008,0.2941864000233308,1.2503128840134687,-0.3751093086040972,-1.0711009979884187,-0.08151172018445517,0.1862088249799695,0.575862913921025,-0.028312622159687734,-0.22179666252138924,-0.1695839457540343,-0.9487835800983278,0.45551502222516677,-0.8460734872256621,-0.42073468814109105,-1.8681319452198135,-0.22510380955540663,0.023517189392861248,-0.6867517610840848,0.7523997565028525,-0.36417297962121803,-0.09982632184098919,-0.8033932105403142,-0.058405602018573595,-1.0191722275183388,0.2574743927603998,0.8199469378624541,1.2287222350968978,-0.4653115170164535,-0.0990006407906499,-0.6182723335414292,-0.20219272541043906
0.4509424926880939,0.446725832604843,-1.0798050051793466,0.7361374729829162,0.6804139322242783,-1.6066786758890461,-0.46309544986884277,0.25771416647177686,0.7971207018697588,-0.29026202415876007,-0.389002028076666,-0.6160753590216499,0.5607583092487495,-0.9831474426515515,-0.5790328875729785,-1.6496215523844802,2.3677345231315283,-0.1556213012497738,-0.6175587529531424,1.0722752384846683,-0.15453049614693012,1.7998295078282143,-1.4362124680743993,-0.06914418742728427,-1.2566810122093663,0.8786894870982979,0.5494109631924974,-0.5046008193826472,0.5517260259887931,0.036720246661835924,-1.5543879268383956,1.822991904403124,-0.3307209962777427,-0.5283698054302041,-1.1682473513389622,1.4781836417258138,-2.2024201285256457,-0.0222965084216767,-1.0649158686985425,1.0082545052336542,-0.4653115170164535,2.3463944139403203,0.44837247316348916,0.5073859811164687,-0.384018998044736
0.043694026157000146,0.20934628164343444,-0.14478428195759785,0.07856485510244016,0.11172149810899693,-0.17204430948223215,-0.018960670111304104,0.05044564391094852,0.09476128567494867,-0.08838655514142486,-0.10190859350917157,-0.06725685251813393,0.09942915444389049,-0.19651035018887572,-0.009998242975833979,-0.450557269038392,0.3868587768727184,0.02398081903117361,-0.2160542606060024,0.035730528840794716,0.05930920414366656,0.6898160556319243,-0.1939973217894109,0.12921903589069123,-0.3062183029713766,0.32049352930127395,0.20872686508822155,-0.12126669747567145,-0.15800458903342296,0.01631311260514027,-0.32530331545227664,0.42532397012861906,-0.1797216514419888,-0.020314778999953622,0.02534934460872983,0.20311892732001038,-0.3922921863954298,-0.024906134312023744,-0.18961246697505946,0.4670849241283238,-0.0990006407906499,0.44837247316348916,0.11641956381858447,-0.0541141928941539,0.00688177761117097
0.329511493950746,-0.7656862394909496,-1.0518860085391242,0.880855139509524,0.012125807293487206,-0.3879452027809198,-0.5234472390209032,-0.4511702762039929,0.8537901723990183,-0.039284371064720804,0.1253437932073579,-0.5476569221207749,-0.05220669240019327,-0.866732877982206,-0.7331082042055174,-0.12341548211299846,0.8044401019810761,0.2423825108790044,0.4726988232614145,0.9022964137194918,-0.763392662685503,-1.5566804856880045,-0.47181670553871313,-0.6565989286068036,0.6666565550356359,-0.9107416659191873,-0.04584628935960662,0.2803178056736234,2.357086106143133,0.06826312286215998,-0.047440208424828406,0.16255988014273604,0.18313820646438037,-0.29468548821168356,-1.3668260059265311,0.9842145499780959,-0.3770777705096424,0.6140517848639016,-0.32531058707094346,-1.7053482067145094,-0.6182723335414292,0.5073859811164687,-0.0541141928941539,1.1468730787099108,-0.35800974866320034
