V1,V2,V3,V4,V5,V6,V7,V8,V9,V10,V11,V12,V13,V14,V15,V16,V17,V18,V19,V20,V21,V22,V23,V24,V25,V26,V27,V28,V29,V30,V31,V32,V33,V34,V35,V36,V37,V38,V39,V40,V41,V42,V43,V44,V45
1.9452029461190754,-2.3065767496799903,-0.9873514879251193,1.0743773645496346,2.452416128120621,0.10868482944835456,0.6243089417710204,0.361524971958316,1.0109435897734713,0.7143500529306196,0.5429067433298738,0.22441216673979647,-0.8501987361640049,-1.7374714335945263,0.5961652556514725,-0.20695390985033096,-0.5170127714506214,-0.5752339438140426,0.554415876131557,-0.7323159657741988,0.9487696410431231,-2.2766202731626497,-0.37980213052843653,2.525655198998421,0.9765566626480262,0.5796646276066671,-0.7119800252509924,0.7611387816517592,0.24068424025608082,0.3813201127093023,1.282562094603274,-0.016014308668105905,-0.43572979388344346,0.5568000067522376,-2.8819107313825993,1.2443577675593596,1.1599211993872753,1.3598634155622864,-0.03754476313335771,2.2296547736139596,-1.2758253633593852,-0.5354772952350374,-0.32426692092650045,-0.36123226455886887,-1.129388495867165
-2.3065767496799903,3.4652423369366345,1.997934909533166,-1.9082280596528751,-3.190939743803545,-0.464220924372133,-1.187753229231734,-0.42635724774900163,-1.4156215488161747,-0.7769627274851348,-0.1220351351588792,-0.8744620904640357,0.980936536531876,2.9314369724385796,-0.8197273217034032,0.5667991074705822,1.1987828417490725,0.9335517675067269,-0.6702321337304123,0.9901312738056844,-1.1988323265889267,3.0630883986611477,0.6439322167339374,-3.9195440642384547,-2.1603266250319226,-0.8573208962348347,0.7164757117028278,-0.6653649972268719,-0.23292507850964053,-1.0772491354923868,-1.8611847801431982,-0.055231804295368975,0.5777499566343889,-1.0269701247006648,4.178077845821124,-1.5403389583970597,-1.6655849405144996,-1.680575100797657,-0.08258355863805397,-3.0997797677297303,1.8842268633456518,0.5202543214740972,0.41383511354203983,1.2748312454660655,1.7048429957398814
-0.9873514879251193,1.997934909533166,3.497679915138471,-1.7128912614321696,-1.5933450296144027,-0.5667514043232025,0.2216677579171667,0.15075976902470734,-0.9095022575461519,-0.12463190500437644,0.6788889063190494,-3.078424369605233,-0.7327853927367111,3.7401784895421653,-0.7438683658392001,-0.9441581579950781,0.5068966415784911,0.11811150171445457,-0.9566428215691738,0.9878381862281075,0.4801471530830984,1.807103571462971,0.6118918560659833,-2.634627947277338,-1.2342955054935438,0.5507278422202997,-0.8457635094197514,0.9079510187004344,-0.011323559647102232,-2.986580435293556,-0.4772373376122864,-2.1187208379087883,-1.0212524074197995,-1.395473305150357,3.18104849592258,-1.5085904756210924,-0.2160972750045185,0.6282895709747337,-0.11330643866459687,-1.281663655306359,1.445452826136724,-0.7859866435498473,-0.23172164119855346,2.348126645964391,0.5842168859986058
1.0743773645496346,-1.9082280596528751,-1.7128912614321696,1.429697842870423,1.9215153078051117,0.3233732040899112,0.37911790399672507,0.5230447858116954,0.5140573712026704,0.31579218995442826,-0.4534835677028863,1.2139841220850645,-0.1774902885989111,-2.1165617500392693,0.6368780526012229,-0.5973637292098289,-1.124421271653173,-0.674898822469731,0.3921833432117769,-0.6281891078415419,0.4582071303059561,-1.4719304002367144,-0.6430764156893349,2.379792580483889,1.4548301649536324,0.2542876419943467,-0.3560232702003107,0.011955594274332914,0.08117394827884189,1.3152256388140344,1.12872342619505,0.5173142669856439,-0.2208171885098197,0.7020582703015443,-2.4748211633684885,0.8229674570814712,0.7238247377094196,0.7585440198534215,0.3286001719269501,1.4422576137011331,-0.9817155833578922,-0.22142932731635867,-0.27855633401373847,-1.3080345705251482,-0.9950656734847462
2.452416128120621,-3.190939743803545,-1.5933450296144027,1.9215153078051117,3.7317186983122608,0.17345142738758018,0.7334654590750358,1.118999624700135,0.9141687739885482,0.8993875943855318,0.10607395646045237,0.6597037387937766,-1.0100731587430345,-2.5403841360500055,1.0371226912451454,-1.226999407437006,-1.581440084487386,-1.2177735773559746,0.5966602982527409,-1.0000257044756098,1.3752513385538963,-2.756230790373771,-0.9291193761176101,3.7400939582526282,1.8348155627639147,0.8038273957515066,-1.3470702727202672,0.8892865539088349,0.2908561823039563,0.931469045342497,2.1558346885389708,0.06386764857794133,-0.9133253886276161,0.7256529523029907,-3.999540308032521,1.4438588870889772,1.5383579986447928,2.146511461412399,0.40768794649782997,2.805551978664392,-1.5427013281726893,-1.000637756136365,-0.6961121615900603,-0.9852282610856623,-1.7980651448439136
0.10868482944835456,-0.464220924372133,-0.5667514043232025,0.3233732040899112,0.17345142738758018,0.18567148708672693,0.21192303355563888,-0.12232965928281297,0.24602503780598722,-0.007476606270332837,-0.16580683081126857,0.4176367328580539,0.03101918484818408,-0.6191981522424034,0.06242718803801643,0.08596787946009149,-0.1438105221218562,-0.04615803228453641,0.09996653699402315,-0.1232340402558285,-0.009538858427007564,-0.3559242859696103,-0.05588788219961243,0.5505374590324515,0.44993329130114046,0.040322444734282877,0.17913793292892585,-0.13831221231617896,-0.01545384251367149,0.40922249864169813,0.11770653508229376,0.1588094925919529,0.09584624875520882,0.2671338628942657,-0.554426961036989,0.1795840928677911,0.1581070082907057,-0.05834808470343764,-0.01745889730114827,0.34241928196335664,-0.3046001160962413,0.15086284587131613,0.04652089032500143,-0.45274485915901175,-0.16247062598219947
0.6243089417710204,-1.187753229231734,0.2216677579171667,0.37911790399672507,0.7334654590750358,0.21192303355563888,1.0915114989653156,0.014598799100076078,0.5601070121643227,0.2554815994800052,0.18760357367964378,-0.7543873036878157,-0.8460450742761262,-0.14667425643107362,0.005888164999970428,-0.6355774370937878,-0.45406089924668375,-0.41083298611175567,-0.10334981407621018,-0.05739528220349939,0.8143940038833771,-0.9354076820607267,0.010512429502060662,1.1448244823633202,1.0410822238869917,0.8086123432120752,-0.48371593882568537,0.6057461237756632,0.06781299706223644,-0.6258702808805015,0.738120039384905,-1.0080964905765206,-0.6996228527101673,0.10072574277290333,-0.9323062058401723,0.09547722261462749,0.9172275990794725,1.016384684845039,-0.09107443771331677,1.2523996616914637,-0.5318049781475918,-0.4192955099642315,-0.2272463480316334,0.05167758005393384,-0.6959160311725245
0.361524971958316,-0.42635724774900163,0.15075976902470734,0.5230447858116954,1.118999624700135,-0.12232965928281297,0.014598799100076078,0.964457641835484,-0.4005194921426978,0.19395820100777503,-0.30762264034674025,-0.18770363873019505,-0.2953996894845651,-0.0021479633145256144,0.35971701185571847,-1.351418843976567,-1.0558770645413234,-0.686592207687366,-0.15023513189627563,-0.08776864388623669,0.5523323215318626,-0.057579483029145284,-0.5079606946418461,0.6614386252513508,0.5207655249469155,0.301175162565658,-0.9518210876793223,0.352312877236158,0.06383226970615531,-0.03967596624726509,0.8506362556229414,-0.2975496010390898,-0.744058261337076,-0.1714334928531417,-0.4706338977367768,-0.10161596320473033,0.293715158813303,1.0132568672473259,0.5068282223853757,0.2484457054812166,0.09594620439398945,-0.7322507265106399,-0.4850099230644047,-0.10427581887918529,-0.574070600645593
1.0109435897734713,-1.4156215488161747,-0.9095022575461519,0.5140573712026704,0.9141687739885482,0.24602503780598722,0.5601070121643227,-0.4005194921426978,0.9770646812385768,0.3151684942100503,0.413532378945597,0.3710473341716407,-0.3810392671612376,-1.3097726361958606,0.1661194581216199,0.6257884942219357,0.18499961026547898,-0.0018242878459104822,0.4383087807079838,-0.4323309610366592,0.29970293321314795,-1.5262257680148759,0.04444146913676608,1.4465825084135469,0.5902318705469478,0.25787244706669205,0.1783315632697145,0.22010181003639956,0.09862490481593579,0.3846529547603493,0.3773400765791925,0.14005638688579095,0.15321492722626062,0.5571290663863652,-1.7360638736400373,0.8604663005532407,0.6603342109760288,0.2669537844751292,-0.32469821621234113,1.4166299200219474,-0.9820084413860405,0.14611829381659594,0.09166302457644199,-0.37114348090107874,-0.46547924647570027
0.7143500529306196,-0.7769627274851348,-0.12463190500437644,0.31579218995442826,0.8993875943855318,-0.007476606270332837,0.2554815994800052,0.19395820100777503,0.3151684942100503,0.28276216204798726,0.2577805524581594,-0.14532572423873688,-0.4001981209817538,-0.4096693106708538,0.19656641292772198,-0.1995651901091482,-0.20340881794049612,-0.24368029827517698,0.14536156318782884,-0.22166464540951158,0.43053940880070224,-0.7690209989970246,-0.12526084651845032,0.8255003035832769,0.3046283654928187,0.27754510409197886,-0.38272309010620564,0.383109039386053,0.09782962852863768,-0.0709047504459194,0.5033487562412877,-0.16879410737626807,-0.27410027682990495,0.10880087513120193,-0.922549232829929,0.38036971815828907,0.4506653524340687,0.6228037068257474,-0.0035841816625306797,0.7938607575731325,-0.39245598584549607,-0.29935613859219784,-0.16425966067237793,0.03161981214566329,-0.42330239733796426
0.5429067433298738,-0.1220351351588792,0.6788889063190494,-0.4534835677028863,0.10607395646045237,-0.16580683081126857,0.18760357367964378,-0.30762264034674025,0.413532378945597,0.2577805524581594,0.8490349573130539,-0.850708695533808,-0.48183751944081177,0.4584557443366895,-0.13596066288754444,0.5260560476718851,0.6973422934526091,0.21975014739060525,0.11076700641804287,-0.016999723117436197,0.280974373447044,-0.51426419977171,0.32867184762220214,-0.14527933093999204,-0.5286171454692219,0.20830384211730935,-0.11742926162416203,0.5376949458271291,0.1078157185417223,-0.8339417839099025,-0.07736844654956374,-0.43695781875597123,-0.05819185878450998,-0.1400142513557055,-0.0678399186070907,0.2722859512104244,0.2588142968434542,0.2793762648287838,-0.38387027094662396,0.48522726358980656,-0.17479508553897807,-0.12672385433199018,0.05233325710836197,0.846877861005464,0.04183740419330977
0.22441216673979647,-0.8744620904640357,-3.078424369605233,1.2139841220850645,0.6597037387937766,0.4176367328580539,-0.7543873036878157,-0.18770363873019505,0.3710473341716407,-0.14532572423873688,-0.850708695533808,3.069475798103756,1.184348249712342,-2.9910562719386844,0.558439938180763,1.0909418887564268,-0.23185657083037187,0.14754105775536816,0.7804309661221341,-0.7190261275582099,-0.949732445469235,-0.7767278394478275,-0.5032712323537475,1.4391120918528297,0.5551479482922346,-0.933337296945131,1.0914046919119802,-1.23550941658467,-0.07098219441113718,2.9056471893576092,-0.100278682611102,2.32257563250568,1.2735015457923928,1.1137145330981393,-1.9249102004368708,1.0518821329768953,-0.40489748538574105,-1.2400928169021428,0.17306546820193242,0.19532208730106393,-0.8286696858552653,0.9794025739919268,0.35416503493145274,-2.1176960256432866,-0.03887251315805264
-0.8501987361640049,0.980936536531876,-0.7327853927367111,-0.1774902885989111,-1.0100731587430345,0.03101918484818408,-0.8460450742761262,-0.2953996894845651,-0.3810392671612376,-0.4001981209817538,-0.48183751944081177,1.184348249712342,0.9989092776864682,-0.3021454843029991,-0.0677624133898311,0.7981361531629024,0.3869310201678016,0.4674011453340082,0.11396309811948555,0.05077765564803126,-0.9761384404558578,0.8670342186041147,0.02360575577804336,-0.8884256069149116,-0.5930299888957575,-0.8166293780478413,0.8659742604270589,-0.9036167450558095,-0.13487203553331514,1.0163534332568365,-0.8277265533287359,1.1359634975770103,0.8858539061209847,0.14549482409668055,0.755860479856414,-0.11006386250089546,-0.8840285212836458,-1.331263406180416,0.04219664623826943,-1.171272324634817,0.3507421175913508,0.723132849168464,0.35800478785804185,-0.5498586073699789,0.6858621661969029
-1.7374714335945263,2.9314369724385796,3.7401784895421653,-2.1165617500392693,-2.5403841360500055,-0.6191981522424034,-0.14667425643107362,-0.0021479633145256144,-1.3097726361958606,-0.4096693106708538,0.4584557443366895,-2.9910562719386844,-0.3021454843029991,4.292156714897929,-0.946045101030051,-0.7373740860064564,0.7620409925711742,0.3869207797074755,-1.113858536554647,1.2333904141101866,0.018472418225291085,2.6914784673700645,0.7425024711297624,-3.6316278211764255,-1.7019716676700225,0.22276668933940003,-0.49471923652141153,0.5360474274200244,-0.10545054016712782,-2.976536645344065,-1.0330207612950286,-1.9298380754827407,-0.7387329243757021,-1.5717969780856353,4.258582208178378,-1.9230403560513574,-0.7455678294902505,-0.017071548995032305,-0.09741650839819933,-2.2068100423288177,1.9307427601133056,-0.5112465550362846,-0.07275212578115059,2.4236623924317784,1.0726445804757796
0.5961652556514725,-0.8197273217034032,-0.7438683658392001,0.6368780526012229,1.0371226912451454,0.06242718803801643,0.005888164999970428,0.35971701185571847,0.1661194581216199,0.19656641292772198,-0.13596066288754444,0.558439938180763,-0.0677624133898311,-0.946045101030051,0.35435185704983585,-0.2838400563800903,-0.502667543861258,-0.32522971551583296,0.2203698134480197,-0.32639982074217,0.216906420939942,-0.6746611029290704,-0.34374569820212064,1.0500695346194553,0.49261974743596876,0.05551681746325573,-0.26690364372792724,0.05641734544079488,0.06161579851095419,0.6115839650854508,0.5463486607797147,0.3298456205506383,-0.10387575915918522,0.2761150074398492,-1.1579272135145862,0.4415332141845282,0.2814895266072101,0.40522507762457166,0.18833640157096299,0.6185565278824059,-0.4094854050856971,-0.17667588321312683,-0.16483337868878614,-0.508127143156629,-0.447924614405093
-0.20695390985033096,0.5667991074705822,-0.9441581579950781,-0.5973637292098289,-1.226999407437006,0.08596787946009149,-0.6355774370937878,-1.351418843976567,0.6257884942219357,-0.1995651901091482,0.5260560476718851,1.0909418887564268,0.7981361531629024,-0.7373740860064564,-0.2838400563800903,2.532139381665821,1.751841837810076,1.1390223476638244,0.5779586133809332,-0.1593112921777003,-1.1185064312747937,-0.18167169816905893,0.5937806266594745,-0.7806565101761772,-1.176266817790866,-0.8832147877320093,1.5829298727612333,-0.7384001475975941,-0.051510729274935364,0.8227536005659744,-1.343940693676262,1.3264570165677858,1.555439008883205,0.46580441282555773,0.15074896278013034,0.6523443245868342,-0.6889156383780758,-1.8225351635909024,-0.7195610034967687,-0.4017350514506988,-0.308703649193998,1.265071073158713,0.800156576276915,-0.11512448900930748,0.9446453712165199
-0.5170127714506214,1.1987828417490725,0.5068966415784911,-1.124421271653173,-1.581440084487386,-0.1438105221218562,-0.45406089924668375,-1.0558770645413234,0.18499961026547898,-0.20340881794049612,0.6973422934526091,-0.23185657083037187,0.3869310201678016,0.7620409925711742,-0.502667543861258,1.751841837810076,1.6407949103329902,0.9851064285935885,0.13281440926010726,0.22554532953926199,-0.7445206374459147,0.5027700576230136,0.7137020963317259,-1.6097186131755825,-1.4400302021148785,-0.530329538517323,0.9898277020509759,-0.2688007160717543,-0.04365000014701715,-0.4186104456913094,-1.2825895946568908,0.32414577402150513,0.9110097008178303,-0.12914592415024245,1.2816885319682316,-0.0034811889681188204,-0.6481627170563649,-1.2681837243765168,-0.6373354605316601,-0.7963072425877045,0.2729217315030381,0.7511466579668171,0.5742388756032684,0.7778156427800202,0.9940419135804742
-0.5752339438140426,0.9335517675067269,0.11811150171445457,-0.674898822469731,-1.2177735773559746,-0.04615803228453641,-0.41083298611175567,-0.686592207687366,-0.0018242878459104822,-0.24368029827517698,0.21975014739060525,0.14754105775536816,0.4674011453340082,0.3869207797074755,-0.32522971551583296,1.1390223476638244,0.9851064285935885,0.6631822638451542,0.06714450463183717,0.169309199761842,-0.6637001327060893,0.54946688820832,0.41670904125448727,-1.1439580759946926,-0.8898233192928282,-0.47732864102628497,0.7923392539781379,-0.3990287688528975,-0.07096089381152745,2.638184888235906e-4,-0.9354001091363043,0.4135975373198624,0.7135691252121086,-0.038665323654449746,0.9686462843607933,-0.08912639309844833,-0.5789507468860855,-1.0583279735873463,-0.3428911921035309,-0.7639131541073821,0.25837734224400816,0.6155875374422358,0.41530652583604555,0.27031579303960207,0.7301539540943709
0.554415876131557,-0.6702321337304123,-0.9566428215691738,0.3921833432117769,0.5966602982527409,0.09996653699402315,-0.10334981407621018,-0.15023513189627563,0.4383087807079838,0.14536156318782884,0.11076700641804287,0.7804309661221341,0.11396309811948555,-1.113858536554647,0.2203698134480197,0.5779586133809332,0.13281440926010726,0.06714450463183717,0.3959919915552319,-0.3593592491703172,-0.09989410334273838,-0.7888374032484564,-0.09397386057767215,0.7914526654965753,0.11987711132154857,-0.16948210770816044,0.2530593815827393,-0.12432341286029219,0.04932022563111594,0.749352587511409,0.10082081434010799,0.6463023495774168,0.3743523240414399,0.4169910511725883,-1.0964694887283575,0.6491461917831872,0.11642349298246217,-0.15234461874426744,-0.10140978560195761,0.5646709224745989,-0.538345084038585,0.2312509114674929,0.10689389683866217,-0.4638550166008272,-0.1465666134645595
-0.7323159657741988,0.9901312738056844,0.9878381862281075,-0.6281891078415419,-1.0000257044756098,-0.1232340402558285,-0.05739528220349939,-0.08776864388623669,-0.4323309610366592,-0.22166464540951158,-0.016999723117436197,-0.7190261275582099,0.05077765564803126,1.2333904141101866,-0.32639982074217,-0.1593112921777003,0.22554532953926199,0.169309199761842,-0.3593592491703172,0.4081258416380384,-0.13389869694546588,0.9621448809445895,0.23787368951341206,-1.1842723286049799,-0.4520877030325344,-0.006511532020445561,0.022275375931572538,-0.010253251877449692,-0.07028429731537798,-0.7399397685329456,-0.4276288661367705,-0.48199257501657217,-0.11485147532700052,-0.42716213444115647,1.4133285953869321,-0.6589631115722797,-0.32095737755678844,-0.21764016446650739,-0.02196626391754874,-0.8225534832880427,0.6204907099219579,-0.01643625868530891,0.039394578925453554,0.5651409288226322,0.4028088205400798
0.9487696410431231,-1.1988323265889267,0.4801471530830984,0.4582071303059561,1.3752513385538963,-0.009538858427007564,0.8143940038833771,0.5523323215318626,0.29970293321314795,0.43053940880070224,0.280974373447044,-0.949732445469235,-0.9761384404558578,0.018472418225291085,0.216906420939942,-1.1185064312747937,-0.7445206374459147,-0.6637001327060893,-0.09989410334273838,-0.13389869694546588,1.0520574103947073,-0.9452357946655655,-0.21922044458464718,1.2306357476461125,0.8478035945454776,0.8332000787115121,-1.0333017252532444,0.87898807670355406,0.14080797296695183,-0.7532009822302419,1.0728708571251462,-1.0287087670055717,-0.9958704574344036,-0.08512647199857129,-1.066401317040754,0.1554765961747663,0.9427797986185934,1.510643191117106,0.12668265485299932,1.2646044326661092,-0.40157596559666886,-0.8395749612134502,-0.4668189313443391,0.2926072108429717,-0.8665432333514911
-2.2766202731626497,3.0630883986611477,1.807103571462971,-1.4719304002367144,-2.756230790373771,-0.3559242859696103,-0.9354076820607267,-0.057579483029145284,-1.5262257680148759,-0.7690209989970246,-0.51426419977171,-0.7767278394478275,0.8670342186041147,2.6914784673700645,-0.6746611029290704,-0.18167169816905893,0.5027700576230136,0.54946688820832,-0.7888374032484564,0.9621448809445895,-0.9452357946655655,2.999178799104504,0.38262229052260127,-3.357608850652997,-1.4882790975826978,-0.6319131293859902,0.3958444898786078,-0.6360221942277089,-0.24546734678620957,-0.9124384979087906,-1.4034227156617474,-0.24260015012107963,0.2131853221494938,-0.9777512671595967,3.8222787928929263,-1.6606258583293652,-1.4334730191711555,-1.2560694162661643,0.1798047844318963,-2.8801580277650896,1.8266660817964187,0.2751788745392523,0.2068173124848429,0.8942404890520542,1.3409457836547078
-0.37980213052843653,0.6439322167339374,0.6118918560659833,-0.6430764156893349,-0.9291193761176101,-0.05588788219961243,0.010512429502060662,-0.5079606946418461,0.04444146913676608,-0.12526084651845032,0.32867184762220214,-0.5032712323537475,0.02360575577804336,0.7425024711297624,-0.34374569820212064,0.5937806266594745,0.7137020963317259,0.41670904125448727,-0.09397386057767215,0.23787368951341206,-0.21922044458464718,0.38262229052260127,0.40683676001530045,-0.9038970968011614,-0.5730548982182383,-0.07254604184261626,0.36309132629935514,-0.011231064039421344,-0.03403449758255673,-0.5691014879410465,-0.5779153419242851,-0.2340701225435611,0.2258729431148127,-0.1836499013174162,0.8894701045305871,-0.2248752400596506,-0.2164430474520117,-0.446781798488735,-0.31068577315527707,-0.3960804111990258,0.23308772110421547,0.25317198030047644,0.22755983541585792,0.5423100379051826,0.4456843485803355
2.525655198998421,-3.9195440642384547,-2.634627947277338,2.379792580483889,3.7400939582526282,0.5505374590324515,1.1448244823633202,0.6614386252513508,1.4465825084135469,0.8255003035832769,-0.14527933093999204,1.4391120918528297,-0.8884256069149116,-3.6316278211764255,1.0500695346194553,-0.7806565101761772,-1.6097186131755825,-1.1439580759946926,0.7914526654965753,-1.1842723286049799,1.2306357476461125,-3.357608850652997,-0.9038970968011614,4.566185136438215,2.5591752888706263,0.8219856753772823,-0.7927121913570837,0.5490013409629714,0.2415258404740692,1.6612814262638058,2.16486508703504,0.3858209543704587,-0.5795920681209495,1.2439921686568964,-4.853995462759269,1.7579633368137206,1.7598322868898952,1.8001767444443943,0.25871908119982223,3.3534047537720024,-2.104295115478214,-0.552271496675893,-0.49744907577933006,-1.7873987193695815,-1.9566330259606453
0.9765566626480262,-2.1603266250319226,-1.2342955054935438,1.4548301649536324,1.8348155627639147,0.44993329130114046,1.0410822238869917,0.5207655249469155,0.5902318705469478,0.3046283654928187,-0.5286171454692219,0.5551479482922346,-0.5930299888957575,-1.7019716676700225,0.49261974743596876,-1.176266817790866,-1.4400302021148785,-0.8898233192928282,0.11987711132154857,-0.4520877030325344,0.8478035945454776,-1.4882790975826978,-0.5730548982182383,2.5591752888706263,2.0350238280736375,0.7333482101842608,-0.6008402487618092,0.2692825247850697,0.062232221213856145,0.7223355684583922,1.391883092785639,-0.2886696468727245,-0.7047646621947568,0.595245117981363,-2.3509342316066686,0.49150560488606093,1.104823777099696,1.2221649828035082,0.3270601361840485,1.7422182182282626,-0.9881168499223778,-0.44978412992268113,-0.4033892457385105,-1.1883666854940884,-1.245924890126281
0.5796646276066671,-0.8573208962348347,0.5507278422202997,0.2542876419943467,0.8038273957515066,0.040322444734282877,0.8086123432120752,0.301175162565658,0.25787244706669205,0.27754510409197886,0.20830384211730935,-0.933337296945131,-0.8166293780478413,0.22276668933940003,0.05551681746325573,-0.8832147877320093,-0.530329538517323,-0.47732864102628497,-0.16948210770816044,-0.006511532020445561,0.8332000787115121,-0.6319131293859902,-0.07254604184261626,0.8219856753772823,0.7333482101842608,0.7359301370474249,-0.7383969897220976,0.6898699686036477,0.08574811076883494,-0.7841658014095454,0.7600305621858491,-1.0156345994013214,-0.8193338952412518,-0.10520344005262096,-0.6068167292324964,-0.025513583100721278,0.7655606414155113,1.1413359815283584,0.040636641762828454,0.9481662423107347,-0.26798229182749367,-0.6158061514891869,-0.331280429745306,0.29524154291702076,-0.6344654870031192
-0.7119800252509924,0.7164757117028278,-0.8457635094197514,-0.3560232702003107,-1.3470702727202672,0.17913793292892585,-0.48371593882568537,-0.9518210876793223,0.1783315632697145,-0.38272309010620564,-0.11742926162416203,1.0914046919119802,0.8659742604270589,-0.49471923652141153,-0.26690364372792724,1.5829298727612333,0.9898277020509759,0.7923392539781379,0.2530593815827393,0.022275375931572538,-1.0333017252532444,0.3958444898786078,0.36309132629935514,-0.7927121913570837,-0.6008402487618092,-0.7383969897220976,1.328725714756867,-0.8838363317703554,-0.13198548377895677,0.8711073708136153,-1.1003938250357015,1.0462110971749905,1.1726683358841552,0.34413737649808546,0.5377237575922472,0.12662521892496534,-0.7096646416772013,-1.6174634055774981,-0.3634826601822561,-0.75383225501859,-7.987367522314181e-4,1.065668721736066,0.608349780317305,-0.45819838248644984,0.7881663738854582
0.7611387816517592,-0.6653649972268719,0.9079510187004344,0.011955594274332914,0.8892865539088349,-0.13831221231617896,0.6057461237756632,0.352312877236158,0.22010181003639956,0.383109039386053,0.5376949458271291,-1.23550941658467,-0.9036167450558095,0.5360474274200244,0.05641734544079488,-0.7384001475975941,-0.2688007160717543,-0.3990287688528975,-0.12432341286029219,-0.010253251877449692,0.87898807670355406,-0.6360221942277089,-0.011231064039421344,0.5490013409629714,0.2692825247850697,0.6898699686036477,-0.8838363317703554,0.8882715690716837,0.13740178361319363,-1.0803901294057756,0.6979356738569186,-1.0460695475793498,-0.8280904602133554,-0.25718312830738504,-0.45798134043296906,0.05466937641018157,0.7072456980183778,1.2336793026943096,-0.022839738041520785,0.8951131036246067,-0.17630765395465645,-0.7347288461709207,-0.35035378843404685,0.7215535939824695,-0.5400786487806557
0.24068424025608082,-0.23292507850964053,-0.011323559647102232,0.08117394827884189,0.2908561823039563,-0.01545384251367149,0.06781299706223644,0.06383226970615531,0.09862490481593579,0.09782962852863768,0.1078157185417223,-0.07098219441113718,-0.13487203553331514,-0.10545054016712782,0.06161579851095419,-0.051510729274935364,-0.04365000014701715,-0.07096089381152745,0.04932022563111594,-0.07028429731537798,0.14080797296695183,-0.24546734678620957,-0.03403449758255673,0.2415258404740692,0.062232221213856145,0.08574811076883494,-0.13198548377895677,0.13740178361319363,0.03497130627247315,-0.0469205875612528,0.15481785020547803,-0.05787291801397163,-0.08798390960027654,0.02309110278132054,-0.2814843072486853,0.12667878210866781,0.13974723480807902,0.20497746215089843,-0.00701663255277714,0.24944546007363663,-0.11833578968951688,-0.10375845420416548,-0.053235146923000354,0.043270800991474276,-0.12733090603428737
0.3813201127093023,-1.0772491354923868,-2.986580435293556,1.3152256388140344,0.931469045342497,0.40922249864169813,-0.6258702808805015,-0.03967596624726509,0.3846529547603493,-0.0709047504459194,-0.8339417839099025,2.9056471893576092,1.0163534332568365,-2.976536645344065,0.6115839650854508,0.8227536005659744,-0.4186104456913094,2.638184888235906e-4,0.749352587511409,-0.7399397685329456,-0.7532009822302419,-0.9124384979087906,-0.5691014879410465,1.6612814262638058,0.7223355684583922,-0.7841658014095454,0.8711073708136153,-1.0803901294057756,-0.0469205875612528,2.7822730995543,0.11712354901283946,2.13807709554064,1.0686335661567097,1.085685117481614,-2.1036324378479607,1.058450475557597,-0.24361288951299115,-0.9438810321746859,0.2275200943830968,0.3959341841626966,-0.8768818739271478,0.8027640341178608,0.25062875949786784,-2.079067135284161,-0.20690345670504745
1.282562094603274,-1.8611847801431982,-0.4772373376122864,1.12872342619505,2.1558346885389708,0.11770653508229376,0.738120039384905,0.8506362556229414,0.3773400765791925,0.5033487562412877,-0.07736844654956374,-0.100278682611102,-0.8277265533287359,-1.0330207612950286,0.5463486607797147,-1.343940693676262,-1.2825895946568908,-0.9354001091363043,0.10082081434010799,-0.4276288661367705,1.0728708571251462,-1.4034227156617474,-0.5779153419242851,2.16486508703504,1.391883092785639,0.7600305621858491,-1.1003938250357015,0.6979356738569186,0.15481785020547803,0.11712354901283946,1.4809069199080116,-0.5095106828900958,-0.9524835652631092,0.24851259206417517,-2.0688590560611795,0.5062123768866721,1.0696544749043735,1.6398866331373978,0.3554057706739837,1.6436746553036041,-0.7437382011553885,-0.8512092916566114,-0.5648130207827298,-0.45045989417174487,-1.2109967926042986
-0.016014308668105905,-0.055231804295368975,-2.1187208379087883,0.5173142669856439,0.06386764857794133,0.1588094925919529,-1.0080964905765206,-0.2975496010390898,0.14005638688579095,-0.16879410737626807,-0.43695781875597123,2.32257563250568,1.1359634975770103,-1.9298380754827407,0.3298456205506383,1.3264570165677858,0.32414577402150513,0.4135975373198624,0.6463023495774168,-0.48199257501657217,-1.0287087670055717,-0.24260015012107963,-0.2340701225435611,0.3858209543704587,-0.2886696468727245,-1.0156345994013214,1.0462110971749905,-1.0460695475793498,-0.05787291801397163,2.13807709554064,-0.5095106828900958,2.0355338080363548,1.2799719265177418,0.7178428318889988,-0.906234890290193,0.785231846326493,-0.6772936638796108,-1.3667351886385377,0.022647387083168324,-0.3448779751202599,-0.3902368591323039,0.9167448298295933,0.4112966427646056,-1.2886211327986359,0.3599004452779364
-0.43572979388344346,0.5777499566343889,-1.0212524074197995,-0.2208171885098197,-0.9133253886276161,0.09584624875520882,-0.6996228527101673,-0.744058261337076,0.15321492722626062,-0.27410027682990495,-0.05819185878450998,1.2735015457923928,0.8858539061209847,-0.7387329243757021,-0.10387575915918522,1.555439008883205,0.9110097008178303,0.7135691252121086,0.3743523240414399,-0.11485147532700052,-0.9958704574344036,0.2131853221494938,0.2258729431148127,-0.5795920681209495,-0.7047646621947568,-0.8193338952412518,1.1726683358841552,-0.8280904602133554,-0.08798390960027654,1.0686335661567097,-0.9524835652631092,1.2799719265177418,1.1803526915020017,0.37527181198269094,0.20408013165081546,0.33662736114907205,-0.7127244129272553,-1.4863873862204307,-0.28413481331177126,-0.6513529736422001,-0.06860636044970106,0.9600898543982004,0.5392880274857197,-0.49079779935937434,0.7014008786951088
0.5568000067522376,-1.0269701247006648,-1.395473305150357,0.7020582703015443,0.7256529523029907,0.2671338628942657,0.10072574277290333,-0.1714334928531417,0.5571290663863652,0.10880087513120193,-0.1400142513557055,1.1137145330981393,0.14549482409668055,-1.5717969780856353,0.2761150074398492,0.46580441282555773,-0.12914592415024245,-0.038665323654449746,0.4169910511725883,-0.42716213444115647,-0.08512647199857129,-0.9777512671595967,-0.1836499013174162,1.2439921686568964,0.595245117981363,-0.10520344005262096,0.34413737649808546,-0.25718312830738504,0.02309110278132054,1.085685117481614,0.24851259206417517,0.7178428318889988,0.37527181198269094,0.6106341695433617,-1.4826292338721154,0.6997621307386082,0.24672580164275787,-0.15173393479573624,-0.0488719979937363,0.7858404828062149,-0.7313191150465584,0.31094547295403946,0.10597023718255824,-0.8921059480820092,-0.31288253977644437
-2.8819107313825993,4.178077845821124,3.18104849592258,-2.4748211633684885,-3.999540308032521,-0.554426961036989,-0.9323062058401723,-0.4706338977367768,-1.7360638736400373,-0.922549232829929,-0.0678399186070907,-1.9249102004368708,0.755860479856414,4.258582208178378,-1.1579272135145862,0.15074896278013034,1.2816885319682316,0.9686462843607933,-1.0964694887283575,1.4133285953869321,-1.066401317040754,3.8222787928929263,0.8894701045305871,-4.853995462759269,-2.3509342316066686,-0.6068167292324964,0.5377237575922472,-0.45798134043296906,-0.2814843072486853,-2.1036324378479607,-2.0688590560611795,-0.906234890290193,0.20408013165081546,-1.4826292338721154,5.42524365853495,-2.2271611716610265,-1.7260844799110526,-1.553095735587718,-0.11769930841156277,-3.6059392533514374,2.4097756728524224,0.3310624984773531,0.3640641505349082,1.9394538408574857,1.9133122176047157
1.2443577675593596,-1.5403389583970597,-1.5085904756210924,0.8229674570814712,1.4438588870889772,0.1795840928677911,0.09547722261462749,-0.10161596320473033,0.8604663005532407,0.38036971815828907,0.2722859512104244,1.0518821329768953,-0.11006386250089546,-1.9230403560513574,0.4415332141845282,0.6523443245868342,-0.0034811889681188204,-0.08912639309844833,0.6491461917831872,-0.6589631115722797,0.1554765961747663,-1.6606258583293652,-0.2248752400596506,1.7579633368137206,0.49150560488606093,-0.025513583100721278,0.12662521892496534,0.05466937641018157,0.12667878210866781,1.058450475557597,0.5062123768866721,0.785231846326493,0.33662736114907205,0.6997621307386082,-2.2271611716610265,1.1644178924354935,0.5021443116882511,0.20220248288041137,-0.14073754412765002,1.3775200640150358,-1.0616070582434491,0.14612379883605953,0.04334348977816351,-0.7202578327186672,-0.525144065571203
1.1599211993872753,-1.6655849405144996,-0.2160972750045185,0.7238247377094196,1.5383579986447928,0.1581070082907057,0.9172275990794725,0.293715158813303,0.6603342109760288,0.4506653524340687,0.2588142968434542,-0.40489748538574105,-0.8840285212836458,-0.7455678294902505,0.2814895266072101,-0.6889156383780758,-0.6481627170563649,-0.5789507468860855,0.11642349298246217,-0.32095737755678844,0.9427797986185934,-1.4334730191711555,-0.2164430474520117,1.7598322868898952,1.104823777099696,0.7655606414155113,-0.7096646416772013,0.7072456980183778,0.13974723480807902,-0.24361288951299115,1.0696544749043735,-0.6772936638796108,-0.7127244129272553,0.24672580164275787,-1.7260844799110526,0.5021443116882511,1.0473167720815522,1.2917913964330587,0.011553025256898065,1.6446208714939619,-0.7907943197435139,-0.5704309170588651,-0.33710714155846055,-0.13180976522044074,-0.9440995220120415
1.3598634155622864,-1.680575100797657,0.6282895709747337,0.7585440198534215,2.146511461412399,-0.05834808470343764,1.016384684845039,1.0132568672473259,0.2669537844751292,0.6228037068257474,0.2793762648287838,-1.2400928169021428,-1.331263406180416,-0.017071548995032305,0.40522507762457166,-1.8225351635909024,-1.2681837243765168,-1.0583279735873463,-0.15234461874426744,-0.21764016446650739,1.510643191117106,-1.2560694162661643,-0.446781798488735,1.8001767444443943,1.2221649828035082,1.1413359815283584,-1.6174634055774981,1.2336793026943096,0.20497746215089843,-0.9438810321746859,1.6398866331373978,-1.3667351886385377,-1.4863873862204307,-0.15173393479573624,-1.553095735587718,0.20220248288041137,1.2917913964330587,2.2433288052747278,0.3189361275683805,1.7077019237100552,-0.49872493554074654,-1.299251143210193,-0.7464912072249441,0.3370210548417972,-1.2877699340123026
-0.03754476313335771,-0.08258355863805397,-0.11330643866459687,0.3286001719269501,0.40768794649782997,-0.01745889730114827,-0.09107443771331677,0.5068282223853757,-0.32469821621234113,-0.0035841816625306797,-0.38387027094662396,0.17306546820193242,0.04219664623826943,-0.09741650839819933,0.18833640157096299,-0.7195610034967687,-0.6373354605316601,-0.3428911921035309,-0.10140978560195761,-0.02196626391754874,0.12668265485299932,0.1798047844318963,-0.31068577315527707,0.25871908119982223,0.3270601361840485,0.040636641762828454,-0.3634826601822561,-0.022839738041520785,-0.00701663255277714,0.2275200943830968,0.3554057706739837,0.022647387083168324,-0.28413481331177126,-0.0488719979937363,-0.11769930841156277,-0.14073754412765002,0.011553025256898065,0.3189361275683805,0.33399054688046326,-0.097276656366304,0.12673333870514017,-0.2681931001988261,-0.21724561646642784,-0.27567152493327735,-0.22653750741605264
2.2296547736139596,-3.0997797677297303,-1.281663655306359,1.4422576137011331,2.805551978664392,0.34241928196335664,1.2523996616914637,0.2484457054812166,1.4166299200219474,0.7938607575731325,0.48522726358980656,0.19532208730106393,-1.171272324634817,-2.2068100423288177,0.6185565278824059,-0.4017350514506988,-0.7963072425877045,-0.7639131541073821,0.5646709224745989,-0.8225534832880427,1.2646044326661092,-2.8801580277650896,-0.3960804111990258,3.3534047537720024,1.7422182182282626,0.9481662423107347,-0.75383225501859,0.8951131036246067,0.24944546007363663,0.3959341841626966,1.6436746553036041,-0.3448779751202599,-0.6513529736422001,0.7858404828062149,-3.6059392533514374,1.3775200640150358,1.6446208714939619,1.7077019237100552,-0.097276656366304,2.9648852312758236,-1.6989663043779841,-0.5794666527275035,-0.3723098339704552,-0.6660519698092804,-1.5150992369706766
-1.2758253633593852,1.8842268633456518,1.445452826136724,-0.9817155833578922,-1.5427013281726893,-0.3046001160962413,-0.5318049781475918,0.09594620439398945,-0.9820084413860405,-0.39245598584549607,-0.17479508553897807,-0.8286696858552653,0.3507421175913508,1.9307427601133056,-0.4094854050856971,-0.308703649193998,0.2729217315030381,0.25837734224400816,-0.538345084038585,0.6204907099219579,-0.40157596559666886,1.8266660817964187,0.23308772110421547,-2.104295115478214,-0.9881168499223778,-0.26798229182749367,-7.987367522314181e-4,-0.17630765395465645,-0.11833578968951688,-0.8768818739271478,-0.7437382011553885,-0.3902368591323039,-0.06860636044970106,-0.7313191150465584,2.4097756728524224,-1.0616070582434491,-0.7907943197435139,-0.49872493554074654,0.12673333870514017,-1.6989663043779841,1.1818879096432993,-0.03224818041675085,0.034644421414795346,0.8131007751342467,0.7563457865343772
-0.5354772952350374,0.5202543214740972,-0.7859866435498473,-0.22142932731635867,-1.000637756136365,0.15086284587131613,-0.4192955099642315,-0.7322507265106399,0.14611829381659594,-0.29935613859219784,-0.12672385433199018,0.9794025739919268,0.723132849168464,-0.5112465550362846,-0.17667588321312683,1.265071073158713,0.7511466579668171,0.6155875374422358,0.2312509114674929,-0.01643625868530891,-0.8395749612134502,0.2751788745392523,0.25317198030047644,-0.552271496675893,-0.44978412992268113,-0.6158061514891869,1.065668721736066,-0.7347288461709207,-0.10375845420416548,0.8027640341178608,-0.8512092916566114,0.9167448298295933,0.9600898543982004,0.31094547295403946,0.3310624984773531,0.14612379883605953,-0.5704309170588651,-1.299251143210193,-0.2681931001988261,-0.5794666527275035,-0.03224818041675085,0.8599633458783498,0.4818196863468679,-0.4428070402741587,0.6071248385751307
-0.32426692092650045,0.41383511354203983,-0.23172164119855346,-0.27855633401373847,-0.6961121615900603,0.04652089032500143,-0.2272463480316334,-0.4850099230644047,0.09166302457644199,-0.16425966067237793,0.05233325710836197,0.35416503493145274,0.35800478785804185,-0.07275212578115059,-0.16483337868878614,0.800156576276915,0.5742388756032684,0.41530652583604555,0.10689389683866217,0.039394578925453554,-0.4668189313443391,0.2068173124848429,0.22755983541585792,-0.49744907577933006,-0.4033892457385105,-0.331280429745306,0.608349780317305,-0.35035378843404685,-0.053235146923000354,0.25062875949786784,-0.5648130207827298,0.4112966427646056,0.5392880274857197,0.10597023718255824,0.3640641505349082,0.04334348977816351,-0.33710714155846055,-0.7464912072249441,-0.21724561646642784,-0.3723098339704552,0.034644421414795346,0.4818196863468679,0.2948108570600488,-0.05859369291624858,0.41373774704650745
-0.36123226455886887,1.2748312454660655,2.348126645964391,-1.3080345705251482,-0.9852282610856623,-0.45274485915901175,0.05167758005393384,-0.10427581887918529,-0.37114348090107874,0.03161981214566329,0.846877861005464,-2.1176960256432866,-0.5498586073699789,2.4236623924317784,-0.508127143156629,-0.11512448900930748,0.7778156427800202,0.27031579303960207,-0.4638550166008272,0.5651409288226322,0.2926072108429717,0.8942404890520542,0.5423100379051826,-1.7873987193695815,-1.1883666854940884,0.29524154291702076,-0.45819838248644984,0.7215535939824695,0.043270800991474276,-2.079067135284161,-0.45045989417174487,-1.2886211327986359,-0.49079779935937434,-0.8921059480820092,1.9394538408574857,-0.7202578327186672,-0.13180976522044074,0.3370210548417972,-0.27567152493327735,-0.6660519698092804,0.8131007751342467,-0.4428070402741587,-0.05859369291624858,1.819384268705488,0.4808665870695272
