V1,V2,V3,V4,V5,V6,V7,V8,V9,V10,V11,V12,V13,V14,V15,V16,V17,V18,V19,V20,V21,V22,V23,V24,V25,V26,V27,V28,V29,V30,V31,V32,V33,V34,V35,V36,V37,V38,V39,V40,V41,V42,V43
0.26262535502364265,-0.46062155342790256,0.5497821988191642,-0.14890849107448248,0.755696579739917,-0.9876713328308985,0.18411036823441856,-0.8837585751486106,-0.13851128307110924,-1.6362015475823124,1.1529256809723751,0.5560301841703683,-0.1829473664684638,-0.4767923247557219,-0.21778412415723897,0.306238191672153,0.5024051976447107,1.095925886174292,-0.5102630502261944,0.23523003215711258,0.9452155795380963,-0.6723607044156064,-0.09809011055350693,1.1400923040583537,0.2980993466364849,1.6693858116129463,0.3892498080738131,0.7056060470626924,-0.21019487641284557,-0.8647625952052127,0.659353058748015,0.7953089803397809,0.47854926070781123,0.358348215004283,-0.45026566867801193,-0.5889067678540024,-0.4084342564726653,-0.7001707871671843,0.10229383754785162,-0.08341278394625594,0.4592907337206008,1.245531070668999,-1.2725609799618343
-0.46062155342790256,1.202863493744134,-2.683972353715611,2.2985251615863778,-2.634421397904066,4.415028723353883,0.2354542393495458,3.180148127290947,-0.6922666988713296,5.092901156183013,-4.03198350678806,-1.4919797534334946,0.3447304206880109,1.2754858589266684,1.654310434808577,0.3229538493366651,-2.6913420812296303,-3.7910856064201384,1.2962338274224097,0.10468976438721907,-2.055909276489748,2.80875061152123,-0.17507962034834093,-1.9464755652302925,-0.9152078144179969,-5.430075122838486,-0.6058458765608046,-1.985746080851137,1.3778204688340236,3.082713122334027,-2.4818040988632077,-2.895558425550942,-0.6168520857978909,-0.48345982654385494,2.2575063165660167,1.6841952223687449,0.5812197607077403,3.1451412307512605,0.41160952736900025,-0.3644975329280202,-1.036962353186609,-4.142739853168045,3.8418868960985373
0.5497821988191642,-2.683972353715611,8.930752970844877,-9.518589421533305,7.458135642334149,-14.224727241275362,-2.122832628172363,-9.124046714890097,3.928242467397305,-13.570602338553963,11.518376755379606,3.4536003307693632,-0.5660008890315811,-2.92322298535367,-6.180565379928313,-3.176731434652828,9.158270890045449,10.727839638855883,-2.9427258299305374,-1.8657136749228753,3.767430396942126,-8.780274950866467,1.3821545307567025,2.2155922547689877,2.3956744275515196,14.768478232654704,0.4803829939180566,4.909746310993307,-5.04596077703937,-8.85915868569415,7.3972880770174685,8.410364056768564,-0.01205626114363263,0.050865359973692896,-7.584063016206894,-4.189267238959941,-0.27275472292525554,-10.122253465504555,-2.4495201998559764,2.132526091391499,1.9638526382628936,11.443218655736294,-9.885281522966565
-0.14890849107448248,2.2985251615863778,-9.518589421533305,11.033880989831307,-7.381380352136671,14.909514514385648,2.850175307483099,9.081650641559847,-4.940060644074793,12.850529416008488,-11.357771398524765,-3.0093835098065003,0.3010600759976631,2.5251088719398562,6.878700107899601,4.382942653854583,-9.864215145002861,-10.548578415544085,2.499727658974617,2.650138549519265,-2.5681297168967236,9.092473490260064,-1.8499831216793914,-0.4112076204118202,-2.257226648876582,-14.233796276897015,0.1809632226581478,-4.415725219521116,5.586839688885732,8.854344110523744,-7.454315716766815,-8.362108462123679,0.962709091013226,0.6205065061115196,8.076961169768252,3.826111680530049,-0.4423695952863958,10.63895515005808,3.123696110170275,-2.7106680127571328,-1.4240264990324516,-11.155668257579316,9.265697352669592
0.755696579739917,-2.634421397904066,7.458135642334149,-7.381380352136671,6.619807638878992,-12.023543025271815,-1.367978242656154,-8.053588990977444,2.788053016439019,-12.362239187195886,10.196492444040432,3.337552482161491,-0.6545306816207846,-2.8364831149294,-4.956152068023313,-2.011415555671304,7.581685669018621,9.52953894772909,-2.8757798445548084,-1.1018885473343023,4.077021770510643,-7.503768304660683,0.9130833334189052,3.1426393475297427,2.1970292413869403,13.328932094628252,0.8657788599684832,4.618332363654017,-4.076939172882337,-7.816681921319544,6.440997944644867,7.3933620100569994,0.6142072683349526,0.50929492739186355,-6.313881594399845,-3.9266926325237024,-0.730363160009791,-8.555751473146138,-1.7176015697740288,1.5017680601544987,2.0865900867139904,10.26193470719475,-9.125668658960672
-0.9876713328308985,4.415028723353883,-14.224727241275362,14.909514514385648,-12.023543025271815,22.74836779579368,3.2335321492210793,14.702698591446786,-6.0509891537123375,22.079947228750747,-18.622528496448226,-5.6808517588855105,0.9975032532195367,4.813290917198089,9.774912452579208,4.779518483637581,-14.56083282856165,-17.34109988671191,4.86177374821707,2.8067427072552036,-6.4116458198834945,14.056730370987074,-2.097979645772242,-4.0504965440724785,-3.899195533680725,-23.94220339548431,-0.9474927001802016,-8.057956177314246,7.982177516197091,14.249681307112807,-11.917082568136353,-13.57757449732237,-0.24229409339790478,-0.2499790304667235,12.10311982807639,6.845667464359084,0.6180662859048502,16.163465016208395,3.756220245037341,-3.2718323129722084,-3.3079417458682014,-18.502913082722397,16.07115552381228
0.18411036823441856,0.2354542393495458,-2.122832628172363,2.850175307483099,-1.367978242656154,3.2335321492210793,0.943156907875923,1.7402960071024922,-1.4509241295594093,2.1377098850591922,-2.1431488857005534,-0.354980298622302,-0.07071442609071625,0.2972116294402156,1.7007257393613324,1.4412812618836555,-2.271251315224675,-1.9653613389894866,0.24354962994857154,0.925735193072345,0.06333756827471293,1.9098747538622114,-0.5712853512493328,0.8513303294873626,-0.36374775016693656,-2.4793982066083684,0.3804249923560651,-0.6199179697248821,1.329423859688363,1.66288326019223,-1.4855808299022208,-1.6397216628531202,0.6535067419523143,0.47474519495247425,1.8344991790648568,0.5399956207532605,-0.4803074844635698,2.3012537708595087,0.9234202720162784,-0.7952562215135708,-0.010091944554044293,-1.977210205849623,1.4400791367345183
-0.8837585751486106,3.180148127290947,-9.124046714890097,9.081650641559847,-8.053588990977444,14.702698591446786,1.7402960071024922,9.826635158484185,-3.4669454620680784,15.006762601596169,-12.427160263729053,-4.036903879555138,0.7701462980089078,3.4399760003096045,6.1079328177896395,2.5434027605753715,-9.307657480454798,-11.610456859450775,3.4524625850131767,1.4109261084972717,-4.9055664327284285,9.164112706911007,-1.1317520343881247,-3.670270407654845,-2.6647582339278797,-16.20339314003584,-0.995521882774768,-5.59277759577827,4.988930237708474,9.50023098775448,-7.859071779788513,-9.040156248813727,-0.6840567440255468,-0.5649486731326253,7.745268879360863,4.744920143609315,0.8108456222797255,10.45640177293918,2.132864594788737,-1.8618244222920937,-2.511283996143743,-12.463105224826018,11.056149959104163
-0.13851128307110924,-0.6922666988713296,3.928242467397305,-4.940060644074793,2.788053016439019,-6.0509891537123375,-1.4509241295594093,-3.4669454620680784,2.3736068820176657,-4.593814886742208,4.2927787247099,0.9415456681263185,0.009098803402296402,-0.7824802780500444,-2.980379098241408,-2.252603915913163,4.125678394078576,3.9686645694931633,-0.7414568671905382,-1.3986134650102722,0.42980883438147255,-3.636219228375859,0.9249621918423145,-0.7122130826664506,0.7990302718706325,5.205763423310134,-0.3899677502122577,1.464489287557633,-2.393431762616999,-3.377623234610762,2.8939250469751387,3.203986750609444,-0.8189710450527884,-0.565137832167187,-3.3444370670296872,-1.2884845287421154,0.5245035689876072,-4.323334340834008,-1.5129382542352574,1.3086098996730375,0.2912192407267987,4.13040204328473,-3.244739327616868
-1.6362015475823124,5.092901156183013,-13.570602338553963,12.850529416008488,-12.362239187195886,22.079947228750747,2.1377098850591922,15.006762601596169,-4.593814886742208,23.584172693030368,-19.177031521730402,-6.465651641202112,1.4334246842217397,5.499725486424698,8.841927681261714,2.989573736505896,-13.700322984664277,-17.90683812562145,5.65601468894164,1.6255802113527924,-8.350650275991756,13.821711770865205,-1.427224170966259,-6.951119558440967,-4.184039467313365,-25.186787125334508,-2.0028220346853147,-8.961166883560855,7.304969627263281,14.537220086290484,-12.027374156766149,-13.847021012846147,-1.7133100184220558,-1.3040887541520345,11.529790773658881,7.543680715437104,1.7707130182292865,15.653145060035135,2.7886793679996895,-2.4458802423262296,-4.192843472689918,-19.296361654112825,17.336043306944624
1.1529256809723751,-4.03198350678806,11.518376755379606,-11.357771398524765,10.196492444040432,-18.622528496448226,-2.1431488857005534,-12.427160263729053,4.2927787247099,-19.177031521730402,15.819464464274285,5.144345911539988,-1.049148903298493,-4.375723796252315,-7.679738166562888,-3.0684289942997824,11.70935309239101,14.756278817590884,-4.4494489128346535,-1.7371698334968164,6.358200557993657,-11.595932685366014,1.3956286024725104,4.852140616905672,3.397025181610026,20.605586955909754,1.3266414049742636,7.182020764182757,-6.294755744312284,-12.016085949273835,9.995357226745066,11.478556159436083,0.9629152845580066,0.7494510707801288,-9.804433739589085,-6.059786598840305,-1.0926160240681788,-13.210012476888403,-2.6288321859451806,2.2970294381781637,3.21997539260944,15.825401482124617,-14.042700198096714
0.5560301841703683,-1.4919797534334946,3.4536003307693632,-3.0093835098065003,3.337552482161491,-5.6808517588855105,-0.354980298622302,-4.036903879555138,0.9415456681263185,-6.465651641202112,5.144345911539988,1.8653122620738338,-0.43701455035657605,-1.5934678736390007,-2.1567504734978034,-0.47361653640299683,3.467115089892564,4.824644443862932,-1.6264152256969429,-0.19543798527385137,2.5580447901864094,-3.5967067133822046,0.24942460522079404,2.3637407211278494,1.157184767059799,6.8814015079541715,0.7258814551810796,2.512988963733721,-1.7897189315351139,-3.9041409471980706,3.1782078310309343,3.6986251953744174,0.7282144268496643,0.5588334929944141,-2.921595601179496,-2.1194265106599124,-0.6839993659346386,-4.034338267751983,-0.559423582534629,0.4940294767357688,1.2823872584756308,5.2462074288282565,-4.831419201389678
-0.1829473664684638,0.3447304206880109,-0.5660008890315811,0.3010600759976631,-0.6545306816207846,0.9975032532195367,-0.07071442609071625,0.7701462980089078,0.009098803402296402,1.4334246842217397,-1.049148903298493,-0.43701455035657605,0.1603148849606575,0.36910087613597936,0.2838554067716212,-0.1562722190652935,-0.5239902055007774,-0.9769782764417687,0.4198155072611165,-0.10138554235135105,-0.7269551445114505,0.6447020884904522,0.03262038268290452,-0.8200125240046748,-0.253966972082662,-1.442455334209772,-0.2694097757323404,-0.6024641361851656,0.26189674623500353,0.7525170262872364,-0.6228569477662975,-0.7237926113594857,-0.321009861903549,-0.22154067238436465,0.4857622707974977,0.4884290060608456,0.27368507869477937,0.6898687687867043,-0.020698749760407937,0.013718196901997595,-0.34057668415983644,-1.0776157089196676,1.044054033410678
-0.4767923247557219,1.2754858589266684,-2.92322298535367,2.5251088719398562,-2.8364831149294,4.813290917198089,0.2972116294402156,3.4399760003096045,-0.7824802780500444,5.499725486424698,-4.375723796252315,-1.5934678736390007,0.36910087613597936,1.366984335877135,1.8283740130968622,0.3871714777243519,-2.9432645822213317,-4.105910995332135,1.3802186514661665,0.15580953291139402,-2.2010639611131353,3.051770492134708,-0.19756388460206464,-2.0271914963255244,-0.9837386224461117,-5.8546836589774705,-0.6235423325688304,-2.141210584624642,1.503780770669575,3.311484102459333,-2.699527541168875,-3.1569188774905426,-0.6353248767139698,-0.48519932493084683,2.477940711555238,1.8007429388603302,0.583670837881775,3.417572301367219,0.46168640935228017,-0.4071690108075929,-1.1023278355167776,-4.454928000749784,4.11124429593944
-0.21778412415723897,1.654310434808577,-6.180565379928313,6.878700107899601,-4.956152068023313,9.774912452579208,1.7007257393613324,6.1079328177896395,-2.980379098241408,8.841927681261714,-7.679738166562888,-2.1567504734978034,0.2838554067716212,1.8283740130968622,4.404413247661383,2.549884104035337,-6.397061685448727,-7.136598763991981,1.7977191491135547,1.5406744237827112,-2.133189401019135,5.988307918041186,-1.0737664753407885,-0.8232679564950957,-1.5537174524031105,-9.704051050593206,-0.07708199378794058,-3.1222234759450953,3.5516057311495146,5.899560402069727,-4.986125959913719,-5.655829206206099,0.33584522871469413,0.21385368596287968,5.273908962510516,2.664064510029884,-0.09911203048863737,6.9527559993718775,1.8651700685383479,-1.6184075552077775,-1.1321542773930882,-7.538541308792041,6.376295553911939
0.306238191672153,0.3229538493366651,-3.176731434652828,4.382942653854583,-2.011415555671304,4.779518483637581,1.4412812618836555,2.5434027605753715,-2.252603915913163,2.989573736505896,-3.0684289942997824,-0.47361653640299683,-0.1562722190652935,0.3871714777243519,2.549884104035337,2.2749273586422394,-3.4019133987789023,-2.826925935727895,0.3039319352152512,1.422387258565647,0.28077892481015637,2.8256634295090137,-0.9058701369360503,1.4528471004732613,-0.5148851080936291,-3.5533156685830827,0.6256798445588797,-0.8168232518039161,2.015704415518038,2.473706252997735,-2.149037001443844,-2.344804507795787,1.0788045728242779,0.7488452387090524,2.7056309161832566,0.754527736231542,-0.7586649847249273,3.4324016361887093,1.4488263438429168,-1.2491365385288793,0.04955619362732885,-2.88009584093675,2.0708997850830526
0.5024051976447107,-2.6913420812296303,9.158270890045449,-9.864215145002861,7.581685669018621,-14.56083282856165,-2.271251315224675,-9.307657480454798,4.125678394078576,-13.700322984664277,11.70935309239101,3.467115089892564,-0.5239902055007774,-2.9432645822213317,-6.397061685448727,-3.4019133987789023,9.436330172385173,10.90598148673579,-2.9139578838621785,-2.0041784334262216,3.701221730398272,-8.973228100915785,1.4522807417658672,1.9924508479429979,2.4189719938956675,14.968106531307937,0.3938371045623874,4.926375133287417,-5.183760929052569,-9.00230550508317,7.536264818344478,8.585332290381913,-0.1289263214077298,-0.032137085650635146,-7.792145132425442,-4.205019507345132,-0.16140998564977388,-10.36428914271061,-2.573552297470784,2.2368989562549153,1.9426156529726621,11.596503823051282,-9.976365519516158
1.095925886174292,-3.7910856064201384,10.727839638855883,-10.548578415544085,9.52953894772909,-17.34109988671191,-1.9653613389894866,-11.610456859450775,3.9686645694931633,-17.90683812562145,14.756278817590884,4.824644443862932,-0.9769782764417687,-4.105910995332135,-7.136598763991981,-2.826925935727895,10.90598148673579,13.77429247882169,-4.166030513777389,-1.5804378515664983,5.972215046837142,-10.810732543511303,1.2845838995198708,4.600328356546854,3.175347357932196,19.25308863032086,1.2671127120455572,6.710789864740047,-5.85091515327698,-11.230835108202067,9.315738093478773,10.707207943807127,0.9351030760578927,0.7376818492725177,-9.11949168380975,-5.6710239891618714,-1.055408788553975,-12.311025693703188,-2.431560775941018,2.1251336908035956,3.0310468903684864,14.789287950751358,-13.147955823822906
-0.5102630502261944,1.2962338274224097,-2.9427258299305374,2.499727658974617,-2.8757798445548084,4.86177374821707,0.24354962994857154,3.4524625850131767,-0.7414568671905382,5.65601468894164,-4.4494489128346535,-1.6264152256969429,0.4198155072611165,1.3802186514661665,1.7977191491135547,0.3039319352152512,-2.9139578838621785,-4.166030513777389,1.4582469335347505,0.11578949901822011,-2.276849231178597,3.0832112369760347,-0.19434334410178083,-2.1933215819874055,-1.0085653743088667,-5.963669119948475,-0.6797924644101574,-2.2157536102351467,1.5262615527372738,3.3690421344644523,-2.742881563158283,-3.1694254984879096,-0.6899225291978802,-0.518908276735741,2.482475775865703,1.862538585737023,0.6576952590820043,3.444567071103627,0.4374401045595399,-0.38975511990649864,-1.1283164494505393,-4.549573381418649,4.202256620438758
0.23523003215711258,0.10468976438721907,-1.8657136749228753,2.650138549519265,-1.1018885473343023,2.8067427072552036,0.925735193072345,1.4109261084972717,-1.3986134650102722,1.6255802113527924,-1.7371698334968164,-0.19543798527385137,-0.10138554235135105,0.15580953291139402,1.5406744237827112,1.422387258565647,-2.0041784334262216,-1.5804378515664983,0.11578949901822011,0.9274042373423095,0.2944289413133646,1.6341269586124152,-0.5669522118727486,1.0648337208369727,-0.2711146591026294,-1.9269078774039776,0.4484622460103941,-0.4172721642498669,1.2082877381979427,1.3572825566554563,-1.239791185757512,-1.3385640806302184,0.7318895033660202,0.5358244495389893,1.6149126694555715,0.37042635141889624,-0.5424945382823976,1.9962866139811806,0.8947744481421894,-0.770392029537967,0.10718794026115283,-1.5627423850522273,1.0459847723009696
0.9452155795380963,-2.055909276489748,3.767430396942126,-2.5681297168967236,4.077021770510643,-6.4116458198834945,0.06333756827471293,-4.9055664327284285,0.42980883438147255,-8.350650275991756,6.358200557993657,2.5580447901864094,-0.7269551445114505,-2.2010639611131353,-2.133189401019135,0.28077892481015637,3.701221730398272,5.972215046837142,-2.276849231178597,0.2944289413133646,3.9504382436187173,-4.135954330565599,-0.030813997466385322,4.111458428030639,1.4955099261496942,8.695772310382981,1.332778532068096,3.4008826046839813,-1.7865522842160841,-4.700814366431203,3.820992220790879,4.530474027621967,1.5457946433370053,1.126641898005563,-3.2099867819675123,-2.8111996262932717,-1.3098189495594519,-4.5165001887098,-0.19809935794028133,0.18645182809411218,1.9238644120227353,6.53077061711689,-6.249888648170669
-0.6723607044156064,2.80875061152123,-8.780274950866467,9.092473490260064,-7.503768304660683,14.056730370987074,1.9098747538622114,9.164112706911007,-3.636219228375859,13.821711770865205,-11.595932685366014,-3.5967067133822046,0.6447020884904522,3.051770492134708,5.988307918041186,2.8256634295090137,-8.973228100915785,-10.810732543511303,3.0832112369760347,1.6341269586124152,-4.135954330565599,8.712509466440858,-1.2452616419268776,-2.76366621599393,-2.443279909251531,-14.969135932710351,-0.6805902805343084,-5.069762524907049,4.8974765918682595,8.888486508892145,-7.398906469557396,-8.447736930813962,-0.27233822875132097,-0.2540021944905567,7.455226244811208,4.309548544900443,0.4895426960907755,9.996215404763682,2.2550015335197,-1.9658708132397715,-2.131672636592805,-11.562252186880293,10.101478444635985
-0.09809011055350693,-0.17507962034834093,1.3821545307567025,-1.8499831216793914,0.9130833334189052,-2.097979645772242,-0.5712853512493328,-1.1317520343881247,0.9249621918423145,-1.427224170966259,1.3956286024725104,0.24942460522079404,0.03262038268290452,-0.19756388460206464,-1.0737664753407885,-0.9058701369360503,1.4522807417658672,1.2845838995198708,-0.19434334410178083,-0.5669522118727486,-0.030813997466385322,-1.2452616419268776,0.3772598724816491,-0.47066235077284985,0.2472388778226312,1.6503099071004281,-0.2149933355392356,0.4188983906691768,-0.8746236883634668,-1.123985295553419,0.964947820854455,1.0387761691416981,-0.40228871105709285,-0.2778224032427183,-1.1696913111992504,-0.383149422431817,0.2610461980984597,-1.5033823190503055,-0.5958552310792951,0.5156598305440434,0.018389206078107984,1.3355378770002364,-0.9938684762752727
1.1400923040583537,-1.9464755652302925,2.2155922547689877,-0.4112076204118202,3.1426393475297427,-4.0504965440724785,0.8513303294873626,-3.670270407654845,-0.7122130826664506,-6.951119558440967,4.852140616905672,2.3637407211278494,-0.8200125240046748,-2.0271914963255244,-0.8232679564950957,1.4528471004732613,1.9924508479429979,4.600328356546854,-2.1933215819874055,1.0648337208369727,4.111458428030639,-2.76366621599393,-0.47066235077284985,4.988334057643482,1.2610460991755605,7.025881770830029,1.7040047213395566,3.0270218293569036,-0.8119380602590627,-3.578721633967901,2.7602510197116237,3.3351718690773606,2.1193541514496483,1.5596319254152589,-1.8329494966150248,-2.5001151370042862,-1.7838364242938198,-2.8481655568170785,0.5218540215651502,-0.42958035612556805,1.9756891299682362,5.2154595717195145,-5.354764232187175
0.2980993466364849,-0.9152078144179969,2.3956744275515196,-2.257226648876582,2.1970292413869403,-3.899195533680725,-0.36374775016693656,-2.6647582339278797,0.7990302718706325,-4.184039467313365,3.397025181610026,1.157184767059799,-0.253966972082662,-0.9837386224461117,-1.5537174524031105,-0.5148851080936291,2.4189719938956675,3.175347357932196,-1.0085653743088667,-0.2711146591026294,1.4955099261496942,-2.443279909251531,0.2472388778226312,1.2610460991755605,0.744860467385792,4.476348311970598,0.3670543953767977,1.5917070438051488,-1.2857666362712317,-2.5836218212315862,2.1272441607083636,2.4502670666619935,0.31936033936210345,0.24747742796199346,-2.031656772803784,-1.3450804746226324,-0.3285478276244189,-2.7676170302245273,-0.4856687161333049,0.42616599074983,0.7542131933519625,3.4305258882292717,-3.091271266858884
1.6693858116129463,-5.430075122838486,14.768478232654704,-14.233796276897015,13.328932094628252,-23.94220339548431,-2.4793982066083684,-16.20339314003584,5.205763423310134,-25.186787125334508,20.605586955909754,6.8814015079541715,-1.442455334209772,-5.8546836589774705,-9.704051050593206,-3.5533156685830827,14.968106531307937,19.25308863032086,-5.963669119948475,-1.9269078774039776,8.695772310382981,-14.969135932710351,1.6503099071004281,7.025881770830029,4.476348311970598,27.027473230132795,1.9952118120958864,9.506480111549672,-7.990219934352617,-15.694242297975808,12.95601913228842,14.911292994595108,1.6141534526598698,1.2680398511805226,-12.531994613635996,-8.039790983176509,-1.7324932886020115,-17.00307899584466,-3.1799568761661785,2.7842590862169576,4.4047552313305784,20.741951403443355,-18.569817295343103
0.3892498080738131,-0.6058458765608046,0.4803829939180566,0.1809632226581478,0.8657788599684832,-0.9474927001802016,0.3804249923560651,-0.995521882774768,-0.3899677502122577,-2.0028220346853147,1.3266414049742636,0.7258814551810796,-0.2694097757323404,-0.6235423325688304,-0.07708199378794058,0.6256798445588797,0.3938371045623874,1.2671127120455572,-0.6797924644101574,0.4484622460103941,1.332778532068096,-0.6805902805343084,-0.2149933355392356,1.7040047213395566,0.3670543953767977,1.9952118120958864,0.5927115074707855,0.905897663144417,-0.11413005603316292,-0.9749054860598376,0.7245503087659466,0.893979751550312,0.7566399970016278,0.559011138660065,-0.3866010909385709,-0.7478329776474695,-0.6302103851526396,-0.6655637216437094,0.2696278120968714,-0.22584555694885441,0.6382548836735413,1.4672714989586026,-1.5737859559681282
0.7056060470626924,-1.985746080851137,4.909746310993307,-4.415725219521116,4.618332363654017,-8.057956177314246,-0.6199179697248821,-5.59277759577827,1.464489287557633,-8.961166883560855,7.182020764182757,2.512988963733721,-0.6024641361851656,-2.141210584624642,-3.1222234759450953,-0.8168232518039161,4.926375133287417,6.710789864740047,-2.2157536102351467,-0.4172721642498669,3.4008826046839813,-5.069762524907049,0.4188983906691768,3.0270218293569036,1.5917070438051488,9.506480111549672,0.905897663144417,3.459534786782265,-2.590529372337609,-5.409889461176401,4.466815541285651,5.166693848857599,0.8684844113598813,0.6451802408125726,-4.175510116914469,-2.897232472175271,-0.8321365958680268,-5.701916644180748,-0.8739006752538772,0.7697995564256646,1.6899607256430385,7.25265897958888,-6.600236271966486
-0.21019487641284557,1.3778204688340236,-5.04596077703937,5.586839688885732,-4.076939172882337,7.982177516197091,1.329423859688363,4.988930237708474,-2.393431762616999,7.304969627263281,-6.294755744312284,-1.7897189315351139,0.26189674623500353,1.503780770669575,3.5516057311495146,2.015704415518038,-5.183760929052569,-5.85091515327698,1.5262615527372738,1.2082877381979427,-1.7865522842160841,4.8974765918682595,-0.8746236883634668,-0.8119380602590627,-1.2857666362712317,-7.990219934352617,-0.11413005603316292,-2.590529372337609,2.9083905576001627,4.867528081340422,-4.0819530951642236,-4.598772271100028,0.22846329128216336,0.1322458334299742,4.28174404148483,2.2233828268216875,-0.008042276203910795,5.683121482390811,1.5033984124578965,-1.307822127282749,-0.947181635132812,-6.22540687078238,5.2853020759583185
-0.8647625952052127,3.082713122334027,-8.85915868569415,8.854344110523744,-7.816681921319544,14.249681307112807,1.66288326019223,9.50023098775448,-3.377623234610762,14.537220086290484,-12.016085949273835,-3.9041409471980706,0.7525170262872364,3.311484102459333,5.899560402069727,2.473706252997735,-9.00230550508317,-11.230835108202067,3.3690421344644523,1.3572825566554563,-4.700814366431203,8.888486508892145,-1.123985295553419,-3.578721633967901,-2.5836218212315862,-15.694242297975808,-0.9749054860598376,-5.409889461176401,4.867528081340422,9.246496454568662,-7.604438529225501,-8.706854427362131,-0.6442968065180974,-0.5523943208670417,7.48473897665495,4.613917833219572,0.8201903712792044,10.149324308363072,2.089232992164548,-1.8269881054730317,-2.416231574463629,-12.106127555243681,10.738705173038808
0.659353058748015,-2.4818040988632077,7.3972880770174685,-7.454315716766815,6.440997944644867,-11.917082568136353,-1.4855808299022208,-7.859071779788513,2.8939250469751387,-12.027374156766149,9.995357226745066,3.1782078310309343,-0.6228569477662975,-2.699527541168875,-4.986125959913719,-2.149037001443844,7.536264818344478,9.315738093478773,-2.742881563158283,-1.239791185757512,3.820992220790879,-7.398906469557396,0.964947820854455,2.7602510197116237,2.1272441607083636,12.95601913228842,0.7245503087659466,4.466815541285651,-4.0819530951642236,-7.604438529225501,6.343674756156335,7.263631103623655,0.4445905526846643,0.3538143556440976,-6.298515442485772,-3.774241720452483,-0.565905177167412,-8.455390136550756,-1.7806347747390163,1.5540481626853035,1.9434976811036457,9.969850237483755,-8.780078529944696
0.7953089803397809,-2.895558425550942,8.410364056768564,-8.362108462123679,7.3933620100569994,-13.57757449732237,-1.6397216628531202,-9.040156248813727,3.203986750609444,-13.847021012846147,11.478556159436083,3.6986251953744174,-0.7237926113594857,-3.1569188774905426,-5.655829206206099,-2.344804507795787,8.585332290381913,10.707207943807127,-3.1694254984879096,-1.3385640806302184,4.530474027621967,-8.447736930813962,1.0387761691416981,3.3351718690773606,2.4502670666619935,14.911292994595108,0.893979751550312,5.166693848857599,-4.598772271100028,-8.706854427362131,7.263631103623655,8.363205911479323,0.6176705204520365,0.4817038278923386,-7.1728393952942735,-4.352822963451648,-0.7057368507419047,-9.631861560926836,-1.9615333885628075,1.7108375376737723,2.2991086069551723,11.445631861913535,-10.128430162144655
0.47854926070781123,-0.6168520857978909,-0.01205626114363263,0.962709091013226,0.6142072683349526,-0.24229409339790478,0.6535067419523143,-0.6840567440255468,-0.8189710450527884,-1.7133100184220558,0.9629152845580066,0.7282144268496643,-0.321009861903549,-0.6353248767139698,0.33584522871469413,1.0788045728242779,-0.1289263214077298,0.9351030760578927,-0.6899225291978802,0.7318895033660202,1.5457946433370053,-0.27233822875132097,-0.40228871105709285,2.1193541514496483,0.31936033936210345,1.6141534526598698,0.7566399970016278,0.8684844113598813,0.22846329128216336,-0.6442968065180974,0.4445905526846643,0.6176705204520365,1.0278387033970922,0.7434523008192174,0.018680508835385416,-0.693802861418266,-0.8094301697526232,-0.150861710818798,0.5522879162395667,-0.4704796261547259,0.7231444790163225,1.126521715761295,-1.3826494342964457
0.358348215004283,-0.48345982654385494,0.050865359973692896,0.6205065061115196,0.50929492739186355,-0.2499790304667235,0.47474519495247425,-0.5649486731326253,-0.565137832167187,-1.3040887541520345,0.7494510707801288,0.5588334929944141,-0.22154067238436465,-0.48519932493084683,0.21385368596287968,0.7488452387090524,-0.032137085650635146,0.7376818492725177,-0.518908276735741,0.5358244495389893,1.126641898005563,-0.2540021944905567,-0.2778224032427183,1.5596319254152589,0.24747742796199346,1.2680398511805226,0.559011138660065,0.6451802408125726,0.1322458334299742,-0.5523943208670417,0.3538143556440976,0.4817038278923386,0.7434523008192174,0.5580589942434626,-0.015302810188686754,-0.5359227141210576,-0.6062197115272702,-0.17938246861459448,0.3762104077685941,-0.3193939036156276,0.5417790594393014,0.9079437689283913,-1.0958272495213934
-0.45026566867801193,2.2575063165660167,-7.584063016206894,8.076961169768252,-6.313881594399845,12.10311982807639,1.8344991790648568,7.745268879360863,-3.3444370670296872,11.529790773658881,-9.804433739589085,-2.921595601179496,0.4857622707974977,2.477940711555238,5.273908962510516,2.7056309161832566,-7.792145132425442,-9.11949168380975,2.482475775865703,1.6149126694555715,-3.2099867819675123,7.455226244811208,-1.1696913111992504,-1.8329494966150248,-2.031656772803784,-12.531994613635996,-0.3866010909385709,-4.175510116914469,4.28174404148483,7.48473897665495,-6.298515442485772,-7.1728393952942735,0.018680508835385416,-0.015302810188686754,6.471405330179654,3.541198164872292,0.1924375424289633,8.593533058015609,2.0774445798795256,-1.8067248142454997,-1.6604399413159308,-9.687899763325518,8.350229112434949
-0.5889067678540024,1.6841952223687449,-4.189267238959941,3.826111680530049,-3.9266926325237024,6.845667464359084,0.5399956207532605,4.744920143609315,-1.2884845287421154,7.543680715437104,-6.059786598840305,-2.1194265106599124,0.4884290060608456,1.8007429388603302,2.664064510029884,0.754527736231542,-4.205019507345132,-5.6710239891618714,1.862538585737023,0.37042635141889624,-2.8111996262932717,4.309548544900443,-0.383149422431817,-2.5001151370042862,-1.3450804746226324,-8.039790983176509,-0.7478329776474695,-2.897232472175271,2.2233828268216875,4.613917833219572,-3.774241720452483,-4.352822963451648,-0.693802861418266,-0.5359227141210576,3.541198164872292,2.44886899524819,0.6943263989588234,4.860882958597364,0.778720803167219,-0.6860814594245698,-1.4125924048784422,-6.155591791420865,5.597797007893341
-0.4084342564726653,0.5812197607077403,-0.27275472292525554,-0.4423695952863958,-0.730363160009791,0.6180662859048502,-0.4803074844635698,0.8108456222797255,0.5245035689876072,1.7707130182292865,-1.0926160240681788,-0.6839993659346386,0.27368507869477937,0.583670837881775,-0.09911203048863737,-0.7586649847249273,-0.16140998564977388,-1.055408788553975,0.6576952590820043,-0.5424945382823976,-1.3098189495594519,0.4895426960907755,0.2610461980984597,-1.7838364242938198,-0.3285478276244189,-1.7324932886020115,-0.6302103851526396,-0.8321365958680268,-0.008042276203910795,0.8201903712792044,-0.565905177167412,-0.7057368507419047,-0.8094301697526232,-0.6062197115272702,0.1924375424289633,0.6943263989588234,0.6865070252337726,0.43882356015625,-0.35073002182450125,0.29452840396072905,-0.6278375252291424,-1.2720031312051476,1.431837625583578
-0.7001707871671843,3.1451412307512605,-10.122253465504555,10.63895515005808,-8.555751473146138,16.163465016208395,2.3012537708595087,10.45640177293918,-4.323334340834008,15.653145060035135,-13.210012476888403,-4.034338267751983,0.6898687687867043,3.417572301367219,6.9527559993718775,3.4324016361887093,-10.36428914271061,-12.311025693703188,3.444567071103627,1.9962866139811806,-4.5165001887098,9.996215404763682,-1.5033823190503055,-2.8481655568170785,-2.7676170302245273,-17.00307899584466,-0.6655637216437094,-5.701916644180748,5.683121482390811,10.149324308363072,-8.455390136550756,-9.631861560926836,-0.150861710818798,-0.17938246861459448,8.593533058015609,4.860882958597364,0.43882356015625,11.500247090556382,2.689892907067025,-2.3433188013766126,-2.34369188673013,-13.155590413624338,11.431892543572909
0.10229383754785162,0.41160952736900025,-2.4495201998559764,3.123696110170275,-1.7176015697740288,3.756220245037341,0.9234202720162784,2.132864594788737,-1.5129382542352574,2.7886793679996895,-2.6288321859451806,-0.559423582534629,-0.020698749760407937,0.46168640935228017,1.8651700685383479,1.4488263438429168,-2.573552297470784,-2.431560775941018,0.4374401045595399,0.8947744481421894,-0.19809935794028133,2.2550015335197,-0.5958552310792951,0.5218540215651502,-0.4856687161333049,-3.1799568761661785,0.2696278120968714,-0.8739006752538772,1.5033984124578965,2.089232992164548,-1.7806347747390163,-1.9615333885628075,0.5522879162395667,0.3762104077685941,2.0774445798795256,0.778720803167219,-0.35073002182450125,2.689892907067025,0.9680640853132603,-0.837542493566333,-0.15261198419446945,-2.536039421833477,1.976596249123272
-0.08341278394625594,-0.3644975329280202,2.132526091391499,-2.7106680127571328,1.5017680601544987,-3.2718323129722084,-0.7952562215135708,-1.8618244222920937,1.3086098996730375,-2.4458802423262296,2.2970294381781637,0.4940294767357688,0.013718196901997595,-0.4071690108075929,-1.6184075552077775,-1.2491365385288793,2.2368989562549153,2.1251336908035956,-0.38975511990649864,-0.770392029537967,0.18645182809411218,-1.9658708132397715,0.5156598305440434,-0.42958035612556805,0.42616599074983,2.7842590862169576,-0.22584555694885441,0.7697995564256646,-1.307822127282749,-1.8269881054730317,1.5540481626853035,1.7108375376737723,-0.4704796261547259,-0.3193939036156276,-1.8067248142454997,-0.6860814594245698,0.29452840396072905,-2.3433188013766126,-0.837542493566333,0.7249075965969354,0.1394914074696635,2.220560550317939,-1.7360080684260812
0.4592907337206008,-1.036962353186609,1.9638526382628936,-1.4240264990324516,2.0865900867139904,-3.3079417458682014,-0.010091944554044293,-2.511283996143743,0.2912192407267987,-4.192843472689918,3.21997539260944,1.2823872584756308,-0.34057668415983644,-1.1023278355167776,-1.1321542773930882,0.04955619362732885,1.9426156529726621,3.0310468903684864,-1.1283164494505393,0.10718794026115283,1.9238644120227353,-2.131672636592805,0.018389206078107984,1.9756891299682362,0.7542131933519625,4.4047552313305784,0.6382548836735413,1.6899607256430385,-0.947181635132812,-2.416231574463629,1.9434976811036457,2.2991086069551723,0.7231444790163225,0.5417790594393014,-1.6604399413159308,-1.4125924048784422,-0.6278375252291424,-2.34369188673013,-0.15261198419446945,0.1394914074696635,0.9497973432522683,3.32410324599292,-3.1668701813680666
1.245531070668999,-4.142739853168045,11.443218655736294,-11.155668257579316,10.26193470719475,-18.502913082722397,-1.977210205849623,-12.463105224826018,4.13040204328473,-19.296361654112825,15.825401482124617,5.2462074288282565,-1.0776157089196676,-4.454928000749784,-7.538541308792041,-2.88009584093675,11.596503823051282,14.789287950751358,-4.549573381418649,-1.5627423850522273,6.53077061711689,-11.562252186880293,1.3355378770002364,5.2154595717195145,3.4305258882292717,20.741951403443355,1.4672714989586026,7.25265897958888,-6.22540687078238,-12.106127555243681,9.969850237483755,11.445631861913535,1.126521715761295,0.9079437689283913,-9.687899763325518,-6.155591791420865,-1.2720031312051476,-13.155590413624338,-2.536039421833477,2.220560550317939,3.32410324599292,15.9510417803825,-14.244003161462826
-1.2725609799618343,3.8418868960985373,-9.885281522966565,9.265697352669592,-9.125668658960672,16.07115552381228,1.4400791367345183,11.056149959104163,-3.244739327616868,17.336043306944624,-14.042700198096714,-4.831419201389678,1.044054033410678,4.11124429593944,6.376295553911939,2.0708997850830526,-9.976365519516158,-13.147955823822906,4.202256620438758,1.0459847723009696,-6.249888648170669,10.101478444635985,-0.9938684762752727,-5.354764232187175,-3.091271266858884,-18.569817295343103,-1.5737859559681282,-6.600236271966486,5.2853020759583185,10.738705173038808,-8.780078529944696,-10.128430162144655,-1.3826494342964457,-1.0958272495213934,8.350229112434949,5.597797007893341,1.431837625583578,11.431892543572909,1.976596249123272,-1.7360080684260812,-3.1668701813680666,-14.244003161462826,12.882689775627506
