V1,V2,V3,V4,V5,V6,V7,V8,V9,V10,V11,V12,V13,V14,V15,V16,V17,V18,V19,V20,V21,V22,V23,V24,V25,V26,V27,V28,V29,V30,V31,V32,V33,V34,V35,V36,V37,V38,V39,V40,V41,V42,V43
0.6002176950636706,0.006723194357022378,0.07074166792436241,0.015843689952556878,0.3846226549274343,0.10122156001057452,0.2615623932128487,-0.15896895325938948,0.059323862463012744,-0.2359135523093586,0.09157814608725313,-0.09752768542419307,0.17460660450221854,0.1938469059999372,0.07622751027999716,-0.11946026617465585,0.17590461598764373,-0.1621887885197238,0.014697658560258828,0.10296734157415681,-0.24681919921507683,-0.07726061615377908,0.030193716608031544,0.05255813576907555,-0.03869956766825369,0.20821916963310816,0.19238267289265942,0.47880124189790557,0.15628478583018468,0.03383973471871119,-0.39205379860550454,-0.13495890033422733,0.026093089394757987,-0.11696418128292355,0.11496825302899208,-0.36361112389429545,0.1668297730542434,0.09669790184829861,-0.050209857955641875,-0.0765786387952153,0.10962246047366372,0.08476816809559802,-0.09293137602248466
0.006723194357022378,0.9624597581628543,-0.2903242892657659,0.1747831209021484,-0.3598277490619827,-0.26059865360477086,0.13846832509260032,-0.1346818496378075,-7.715626150424327e-4,0.1705974506093013,0.34460047927361886,-0.2968982229430024,0.00859699772124654,-0.046523093623679006,0.19086509091254947,0.1720754612947251,0.05702470127427208,-0.038127671572772276,-0.11036021552128149,-0.0867095015233167,-0.08952659055024031,-0.02939192767035347,0.2302594074768266,0.11038342173259186,-0.7374409677886681,-0.0814684209429253,-0.14835738419162953,0.07901579831773695,-0.3012564681813557,-0.2489956930978839,-0.19819779083513764,-0.14717216402586913,-0.19285272491392116,-0.06545636222238639,-0.3663169966910681,-0.1703099400732467,-0.14532732842436002,0.38218855910457794,0.009362997486398461,-0.047006263507295344,0.3423785767236341,0.4566408738729143,0.17364951533231784
0.07074166792436241,-0.2903242892657659,0.9871892937953862,-0.3732362940854624,-0.09630814649949287,0.09539784716287826,-0.3425569091047047,-0.21011483954869695,0.1253811259681006,-0.08632342230983521,-0.5763780252824238,0.11784068097487972,-0.24111812880896638,0.2755808913821262,0.09118113555072056,-0.28371241312807444,0.1335042973403921,0.0872743602660958,0.1567862554447616,0.057615753287370446,-0.05830598503529983,0.025386906527640304,-0.08899023496019139,0.3812460871925353,0.2656049495944027,-0.4081451881174949,-0.027584760489786527,0.2525132088206752,-0.05563811505725425,0.12294909845264185,-0.31622892420741444,-0.31811659273893483,0.07597752858558167,0.07067753530786161,-0.01776954585876687,0.19193401332938825,-0.09359367043401247,0.12457048365724402,0.2329854355151821,0.048116566247793514,-0.12087422188986284,-0.130918638193153,-0.4024325404757913
0.015843689952556878,0.1747831209021484,-0.3732362940854624,0.7127773059797285,0.2126386703773823,-0.4163369873104816,0.10661316154649535,0.016570504204928452,-0.27398853291944153,0.2503280024798535,0.6623477121165195,-0.06442260968224871,0.04259314130895124,-0.34045343252307975,0.0034141447042125394,-0.40926203464146466,-0.28128379652419055,-0.20206408276463786,0.026404698066156033,0.23050323525870278,-0.016747463584520887,-0.1696375130641249,-0.28861275464600883,-0.052048213531435926,-0.11383301729451595,0.0991727964139034,0.26896503857166515,-0.29340843343901585,-0.24640473428596874,-0.1663399866834588,0.2194620060554564,-0.05529126321541312,-0.06925603767526038,0.2100520270238822,-0.030864688935889225,-0.29946814387886067,-0.23752082603831687,-0.19141297211468822,0.08679037952112406,0.20706786683141382,0.06996082454367063,0.12371956791780915,0.2869495252364089
0.3846226549274343,-0.3598277490619827,-0.09630814649949287,0.2126386703773823,1.516394720909176,0.16180708886277304,0.2953759464617221,-0.18269311347156933,0.2472889875450655,-0.06330380386405618,0.2153711274691621,0.16844915186621653,0.505015691985666,-0.5610554574259733,-0.5316104324002466,-0.30106264191701493,0.16319708407171657,-0.41299350670435,-0.2835007278675884,0.32760062594304185,-0.0796630704602096,-0.0393274433873725,-0.4233904528387462,0.33713555016850677,0.8914211066564695,0.4083648088724023,-0.16162371805591114,0.24201626828377976,0.5659974900629648,0.48210649061922894,-0.06852043469056852,-0.2186598140464003,0.13348420211458228,-0.334847410109844,0.5563407297294793,-0.28628021322319547,-0.21978854338121256,-0.07355635644936456,-0.04722333908901067,-0.02115979823283563,0.10114013321562464,0.09294553508159384,-0.15047518786944503
0.10122156001057452,-0.26059865360477086,0.09539784716287826,-0.4163369873104816,0.16180708886277304,1.1048618859631143,-0.14199006778720846,0.6625805084687727,-0.0724050975034757,-0.3171247494497025,-0.32606134495825184,0.16278007007563172,-0.2045010877571489,0.03248523540876315,-0.10499889586736558,0.3923038641195046,0.22907616221934723,0.3000684844202668,0.022269960145881243,-0.10580657163701176,-0.28430312849610623,-0.1559736692835132,0.14331999064476716,0.16377133894243842,0.014250053505732333,0.012983250402436525,-0.051146665227222096,0.24596909977865308,0.4936365703994148,0.10964354155952079,0.07266824731172106,0.11338846600082197,-0.08012549272421647,-0.5238918644855559,0.3599295385341794,0.21422950629816526,-0.011914087623338149,0.014250517048523164,-0.04653291886718017,-0.07867700103774618,-0.038600735950714136,0.14684045124685913,-0.18506919252833018
0.2615623932128487,0.13846832509260032,-0.3425569091047047,0.10661316154649535,0.2953759464617221,-0.14199006778720846,0.6896519437003944,-0.19920438672060453,0.02179923518472373,-0.10260059545020647,0.11779070628147638,-0.023775746500303886,0.18560043088038441,-0.3075503579053195,-0.1410933919645039,0.155595461404599,0.23390276922203176,-0.16188456315406177,-0.019325426218890093,0.05933364774819076,0.027729404339588076,-0.0989602749325484,0.31921755472157304,-0.2735530750818496,-0.09159741608888901,0.3403189441237801,-0.16819598138587108,0.2856671218090764,-0.13203010457272635,-0.17803040731867806,-0.22691348052525864,0.08705239052874128,0.14044728979808724,-0.26434238064314175,-0.12670696907714324,-0.47630931818339795,0.08313993260110579,0.12327253709688629,-0.25701385350883343,-0.09707359615838058,0.19201188697619123,0.26648815503794837,0.08973742696503864
-0.15896895325938948,-0.1346818496378075,-0.21011483954869695,0.016570504204928452,-0.18269311347156933,0.6625805084687727,-0.19920438672060453,1.4126883555491525,-0.4222258894415459,0.3033255626530569,-0.3410380704131757,0.22993142990186846,-0.1367382674566946,0.3703420625659898,0.22642739251721122,-0.12051879169455984,-0.1651310181947272,-0.22336526411430047,-0.005454191128015818,-0.4003114815681178,-0.21447453962711602,-0.23662775934939437,0.35353924600616243,-0.22220337580458943,0.08212390920850562,0.18419213373807186,-0.11744247364358928,-0.47993933513161685,0.2091549930080947,0.03165360085325126,0.4573954546430531,0.26091408541419864,-0.10683344611417725,0.1788789382847654,-0.4179513391626961,0.1254867876749353,0.14189086874773624,-0.33007318063645835,-0.09908773568391441,0.08504473877390271,-0.37940876894346287,-0.24896594366467784,-0.0034627578426159804
0.059323862463012744,-7.715626150424327e-4,0.1253811259681006,-0.27398853291944153,0.2472889875450655,-0.0724050975034757,0.02179923518472373,-0.4222258894415459,0.7806048623461096,-0.4126153691965394,-0.1539929985661461,-0.1116533672101722,-0.03256165044459385,0.14990664651306723,0.13156511121902703,0.23549239844288847,0.2414126914782644,-0.3165954795082635,-0.1621816218145148,0.014325667000462285,0.08049140989888527,0.23151921174028353,0.017982178795088736,0.052157553608798236,0.3090843617729484,0.00777171426538559,-0.2983356858414675,0.3058762841234576,0.16722284488368908,0.16770823534174673,-0.15559863453605824,0.006072325914203888,0.14926106489673097,-0.2600440198767934,-0.057300754391563,0.3760167025079179,0.1216333633433586,-0.20835945575051254,-0.16153067366671459,-0.25907202283806247,0.12514981543514309,0.16609445742143,-0.17861288913239168
-0.2359135523093586,0.1705974506093013,-0.08632342230983521,0.2503280024798535,-0.06330380386405618,-0.3171247494497025,-0.10260059545020647,0.3033255626530569,-0.4126153691965394,1.1240095516065784,-0.09922868255732513,-0.02403010111217235,0.49516235273540343,0.08784995036104837,0.1275595777299258,-0.5225848813178496,-0.09256965689257193,-0.16532750548084368,0.15768188882298656,-0.034841585215402995,0.13677927783185842,0.19286079409799967,0.07177252245653001,0.22499311930070465,0.08511880157547393,0.10661123841396276,0.1737999205826553,-0.7032412238388008,0.032532192663312594,0.02785748733673965,0.48636732117820936,0.054946066773828454,-0.1395942794092851,0.44065948907134006,-0.27184519615829683,-0.24467406277262504,-0.28576304140743825,0.4232404650188761,-0.04618878509029704,0.13009925634453112,-0.22899978612627125,-0.5326153414405164,0.12605684191518635
0.09157814608725313,0.34460047927361886,-0.5763780252824238,0.6623477121165195,0.2153711274691621,-0.32606134495825184,0.11779070628147638,-0.3410380704131757,-0.1539929985661461,-0.09922868255732513,1.6161279136020368,-0.279730425525589,0.10787984507200343,-0.7217388268000575,-0.1369558958187838,-0.29571269941178807,0.16721076893044962,-0.05241849917884152,-0.38970873601078787,0.18399046012798276,-0.4518706950286393,-0.07556216475870793,-0.4682445171079521,-0.0205397768738048,-0.4860764544303448,-0.09258129182617368,-0.01156506508193772,-0.08623828350539597,-0.430124715758756,-0.12290858828683993,0.11121605803088298,-0.08966779895369185,0.08671588917558865,-0.008911726050017225,0.545931030175852,-0.09454119354670683,0.01689530520763243,0.05248918355521853,-0.046090876386013925,0.21659107959646656,0.5216950750282826,0.41509853572936645,-0.0022422251801122632
-0.09752768542419307,-0.2968982229430024,0.11784068097487972,-0.06442260968224871,0.16844915186621653,0.16278007007563172,-0.023775746500303886,0.22993142990186846,-0.1116533672101722,-0.02403010111217235,-0.279730425525589,0.5369048576955011,-0.031056063157341076,-0.14350135081390508,-0.20394763562970314,-0.011691993213423098,-0.05102814503541905,-0.18690943689880252,-0.11053775525332137,-0.04845658925625686,0.12864041002882332,-0.13560365267954008,0.05128796389304547,0.19416528620040097,0.18251997867777497,-0.19119370270134523,-0.21245083098893294,-0.13922108333541824,0.20138796935237638,0.21227879118668302,0.09019172997701984,-0.07383826750479477,-0.11148635940469839,0.3341591342665569,-0.0747610109104835,0.17320163581585227,-0.4185170286754345,-0.1475088802853932,-0.20617978168623116,0.17335447641634974,-0.17365564622765606,-0.1410276838914681,-0.05357112870768355
0.17460660450221854,0.00859699772124654,-0.24111812880896638,0.04259314130895124,0.505015691985666,-0.2045010877571489,0.18560043088038441,-0.1367382674566946,-0.03256165044459385,0.49516235273540343,0.10787984507200343,-0.031056063157341076,0.8556953790163069,0.19095877765923258,-0.19657400075672452,-0.35351290251067957,0.1284383521888439,-0.2679090299997458,0.059024304743832044,0.09834522350419538,0.061084047682833174,0.34931630377239525,-0.041108944572257666,0.11251381331539292,0.20926969069568224,0.3792443110509308,-0.05310355533792934,-0.15763489644801001,0.25422182935378485,0.2573281304361655,0.13460783402795648,-0.03468299928457453,0.05457206647173059,0.08930205255148131,0.12677646128317108,-0.348091844211309,0.050908614782640846,0.37044614717475166,-0.13465924162006407,0.11090767197030689,0.020001743801813663,-0.44588386933322394,-0.31483922310328316
0.1938469059999372,-0.046523093623679006,0.2755808913821262,-0.34045343252307975,-0.5610554574259733,0.03248523540876315,-0.3075503579053195,0.3703420625659898,0.14990664651306723,0.08784995036104837,-0.7217388268000575,-0.14350135081390508,0.19095877765923258,1.7337522470470497,0.4683284442339677,-0.11486546998982694,0.09111197846569336,-0.2807380991673033,0.48544752199922186,0.11484427298120325,0.1729074582536458,0.5210618361010908,0.17212677466366758,-0.44060344433367393,-0.15449776570355514,0.01011604944885269,0.28855086051162715,-0.2219814496863876,0.04182919294463496,0.005765836807291245,-0.03749231486747109,0.11996779016931311,-0.01644150798670919,0.04952802467674907,-0.7955308985879249,0.09225992832849031,0.6226105438229643,-0.06145646880319123,0.09687412086659783,0.04352199652108748,-0.35857794192056675,-0.6478678640801154,-0.4416507954690444
0.07622751027999716,0.19086509091254947,0.09118113555072056,0.0034141447042125394,-0.5316104324002466,-0.10499889586736558,-0.1410933919645039,0.22642739251721122,0.13156511121902703,0.1275595777299258,-0.1369558958187838,-0.20394763562970314,-0.19657400075672452,0.4683284442339677,0.7907049307132799,-0.08877834121316193,-0.0992214692811592,-0.25594843534532086,0.1829189097306854,-0.3191665816800643,-0.15570532771641574,-0.040449360462939954,0.3657374917902144,0.05436354793663475,-0.24668807741247994,0.04621831520667366,0.2348193791236716,-0.04308947837372444,-0.07060312463203733,-0.23281260869860046,0.1250117933293794,0.18808775181024778,-0.07771152526250794,0.34453127056401683,-0.4481496310146473,0.1827853622298041,0.0990698465245572,-0.1442521130570242,-0.19291286218342032,-0.11656199385373765,-0.12437227990825002,-0.16430042794454888,0.13229482006677626
-0.11946026617465585,0.1720754612947251,-0.28371241312807444,-0.40926203464146466,-0.30106264191701493,0.3923038641195046,0.155595461404599,-0.12051879169455984,0.23549239844288847,-0.5225848813178496,-0.29571269941178807,-0.011691993213423098,-0.35351290251067957,-0.11486546998982694,-0.08877834121316193,1.2290559434217163,0.19879833995384424,0.39235833699626266,-0.04542022217337982,-0.06769106051422363,0.2113537941535057,-0.01921294890771452,0.27138092287952875,-0.20708697440722773,-0.29473587941075235,-0.006053670849654202,-0.09100282790086407,0.23689576826640069,0.11962585029969276,-0.22433753823096145,-0.16644486333964312,0.3503691520280097,-0.1358337001569128,-0.7136053840960797,-0.09751913273698966,0.3158720786388492,0.13759306975166535,0.09014099056505251,-0.18911891949994095,-0.32772380205517715,0.07327944894615818,0.2761694301404751,0.4027670841944973
0.17590461598764373,0.05702470127427208,0.1335042973403921,-0.28128379652419055,0.16319708407171657,0.22907616221934723,0.23390276922203176,-0.1651310181947272,0.2414126914782644,-0.09256965689257193,0.16721076893044962,-0.05102814503541905,0.1284383521888439,0.09111197846569336,-0.0992214692811592,0.19879833995384424,1.0193118758531317,-0.17754792936783953,-0.3743162819373434,0.20362806676082895,-0.18313930953562954,0.3020813609281153,0.0527371123884586,-0.049213012808693946,-0.17440882490640724,-0.2873587891273445,-0.3129020268643211,-0.004726430213790483,-0.13595313486703892,-0.0010243060799767845,-0.2887941024559304,0.11652719059765036,0.21498926684382633,-0.4739736510979855,-0.22021936238323303,0.05733341381460972,0.19388726761910874,0.5723559567550223,-0.25693245456391167,-0.065373700882587,0.24987174269975534,0.06017269879214175,-0.3376975824404831
-0.1621887885197238,-0.038127671572772276,0.0872743602660958,-0.20206408276463786,-0.41299350670435,0.3000684844202668,-0.16188456315406177,-0.22336526411430047,-0.3165954795082635,-0.16532750548084368,-0.05241849917884152,-0.18690943689880252,-0.2679090299997458,-0.2807380991673033,-0.25594843534532086,0.39235833699626266,-0.17754792936783953,1.0021366694810925,0.25429473531268854,0.08635120122288234,0.039449878290633164,-0.07862701527982756,-0.1678597306218567,2.212766078475e-4,-0.33633977418002003,-0.1251428369024091,0.40255235146909546,0.22186967989335232,-0.05506158863218652,-0.21670408725543494,-0.08857156558422688,0.025901412222958248,-0.06614297215651525,-0.36309793304287286,0.5967574726170144,-0.11660443471634215,0.006424822018698109,0.29089958548015565,0.43259208167491725,-0.04215004561138681,0.08534902725136533,0.197281975931721,0.19845376331818512
0.014697658560258828,-0.11036021552128149,0.1567862554447616,0.026404698066156033,-0.2835007278675884,0.022269960145881243,-0.019325426218890093,-0.005454191128015818,-0.1621816218145148,0.15768188882298656,-0.38970873601078787,-0.11053775525332137,0.059024304743832044,0.48544752199922186,0.1829189097306854,-0.04542022217337982,-0.3743162819373434,0.25429473531268854,1.5889271964402674,0.4312287049127472,0.11363475085129231,0.05431041293168474,0.42237653175955137,-0.23502600795011866,0.03501175649782049,0.17633862932810532,0.480124149609033,0.1129137348226916,-0.2545063339384311,-0.2220273062026663,0.4750267925500199,-0.1414894786704572,0.03287390745089106,-0.5790704724823731,-0.016136492181501677,-0.02488924286548255,-0.08297576273270912,-0.044177757859652333,0.18896462991256446,0.37185848107162217,-0.36676313547073985,-0.050716831220763245,-0.38605806476146376
0.10296734157415681,-0.0867095015233167,0.057615753287370446,0.23050323525870278,0.32760062594304185,-0.10580657163701176,0.05933364774819076,-0.4003114815681178,0.014325667000462285,-0.034841585215402995,0.18399046012798276,-0.04845658925625686,0.09834522350419538,0.11484427298120325,-0.3191665816800643,-0.06769106051422363,0.20362806676082895,0.08635120122288234,0.4312287049127472,0.8021087837580033,0.20433495848204067,0.23721823878676876,-0.3800742403494179,-0.15030321002652716,0.0028694242336319204,-0.22027371701258697,0.3764380630257242,-0.07569286037839751,-0.13779950983021652,-0.016721524685669523,0.024665868937454524,-0.17937614368228083,0.037662311665799586,-0.5212179804746447,0.07355682319968365,-0.15497308382674066,-0.19670691324774103,0.13429721542491155,0.23945342797998906,0.22404972659618821,0.019899349444667144,0.16854665215970296,-0.12099665133685418
-0.24681919921507683,-0.08952659055024031,-0.05830598503529983,-0.016747463584520887,-0.0796630704602096,-0.28430312849610623,0.027729404339588076,-0.21447453962711602,0.08049140989888527,0.13677927783185842,-0.4518706950286393,0.12864041002882332,0.061084047682833174,0.1729074582536458,-0.15570532771641574,0.2113537941535057,-0.18313930953562954,0.039449878290633164,0.11363475085129231,0.20433495848204067,0.6365356279439867,0.24767936332117338,-0.1581634827079872,-0.08161785832003063,0.04796499672362626,0.08603204476593078,0.07139334623522649,-0.23569515008600717,0.10810838789788028,-0.1114546804512528,0.12513884979756235,0.17874172358717524,-0.13148751154059793,0.00967033814430692,-0.23903605748310824,-0.04053147765826597,-0.16336428662037844,-0.1425150413737463,-0.023754386440397724,-0.07603849572193384,-0.06950464419384028,-0.23435720891253753,0.22055454133478616
-0.07726061615377908,-0.02939192767035347,0.025386906527640304,-0.1696375130641249,-0.0393274433873725,-0.1559736692835132,-0.0989602749325484,-0.23662775934939437,0.23151921174028353,0.19286079409799967,-0.07556216475870793,-0.13560365267954008,0.34931630377239525,0.5210618361010908,-0.040449360462939954,-0.01921294890771452,0.3020813609281153,-0.07862701527982756,0.05431041293168474,0.23721823878676876,0.24767936332117338,0.5459064436014135,-0.18301522398043285,-0.09068748664611898,-0.0022085879949497594,-0.011123525561816318,-0.021020953767082327,-0.24587553070036142,0.045576396741213915,0.05142378422998614,0.11515451749832224,0.12878714551833634,0.06713395115633047,-0.16422087029147203,-0.10593062563527575,0.0885294512676066,0.20903536362886888,0.1891611973957204,-0.045477922287499625,-0.02056206230939543,0.04381720378081706,-0.3437600006497469,-0.2878503500145276
0.030193716608031544,0.2302594074768266,-0.08899023496019139,-0.28861275464600883,-0.4233904528387462,0.14331999064476716,0.31921755472157304,0.35353924600616243,0.017982178795088736,0.07177252245653001,-0.4682445171079521,0.05128796389304547,-0.041108944572257666,0.17212677466366758,0.3657374917902144,0.27138092287952875,0.0527371123884586,-0.1678597306218567,0.42237653175955137,-0.3800742403494179,-0.1581634827079872,-0.18301522398043285,1.049199519338974,-0.26652197372648256,-0.09146454616407496,0.06111058159244346,-0.21972675770190206,0.19760072431599857,-0.09567401485650362,-0.013556516940407914,0.05386463008170828,0.008683920888005134,0.04839305675689266,0.006678972890365095,-0.46222663626992994,0.08489775850331131,0.042715904093094385,0.11829887280487245,-0.3625695519217927,-0.05166940961296416,-0.2614145786264629,0.1769467100484324,-0.031957148067502564
0.05255813576907555,0.11038342173259186,0.3812460871925353,-0.052048213531435926,0.33713555016850677,0.16377133894243842,-0.2735530750818496,-0.22220337580458943,0.052157553608798236,0.22499311930070465,-0.0205397768738048,0.19416528620040097,0.11251381331539292,-0.44060344433367393,0.05436354793663475,-0.20708697440722773,-0.049213012808693946,2.212766078475e-4,-0.23502600795011866,-0.15030321002652716,-0.08161785832003063,-0.09068748664611898,-0.26652197372648256,1.1635984616224364,-0.05442504988075517,-0.09826850315863031,-0.04879648627347378,0.16056813669148565,0.4487739920079798,0.11399609251113126,0.017702924973577096,-0.1988376557657408,-0.3079607227196366,0.3365285953214012,0.426141383549455,0.08885429098303328,-0.7936568479974668,0.27163359624103317,-0.10190157128442993,0.01702235473231261,0.24636723521277934,-0.0952999598050609,-0.054618435491349523
-0.03869956766825369,-0.7374409677886681,0.2656049495944027,-0.11383301729451595,0.8914211066564695,0.014250053505732333,-0.09159741608888901,0.08212390920850562,0.3090843617729484,0.08511880157547393,-0.4860764544303448,0.18251997867777497,0.20926969069568224,-0.15449776570355514,-0.24668807741247994,-0.29473587941075235,-0.17440882490640724,-0.33633977418002003,0.03501175649782049,0.0028694242336319204,0.04796499672362626,-0.0022085879949497594,-0.09146454616407496,-0.05442504988075517,1.4742122702077207,0.269835176043428,-0.17038290674010373,-0.035165784063192713,0.41788437295756425,0.6350176862271549,0.16552473141625007,-0.13863715657211692,0.2918303917522556,-0.05871427591981237,0.25406734314835455,0.21817971112166334,0.167780616196608,-0.3812794162422849,0.0861378591825003,-0.09603799886674967,-0.49422658728844904,-0.2918022791050265,-0.12029466206319857
0.20821916963310816,-0.0814684209429253,-0.4081451881174949,0.0991727964139034,0.4083648088724023,0.012983250402436525,0.3403189441237801,0.18419213373807186,0.00777171426538559,0.10661123841396276,-0.09258129182617368,-0.19119370270134523,0.3792443110509308,0.01011604944885269,0.04621831520667366,-0.006053670849654202,-0.2873587891273445,-0.1251428369024091,0.17633862932810532,-0.22027371701258697,0.08603204476593078,-0.011123525561816318,0.06111058159244346,-0.09826850315863031,0.269835176043428,1.0420344585451413,-0.09335105669750145,0.2101061927545395,0.26064164194911854,-0.22449817437174918,0.16309707261256481,0.3537637795754166,0.05858931143568156,-0.31163808373412266,0.1604678383362245,-0.44285404461582556,0.4497491435774412,-0.2942243106909079,-0.15235222603256224,-0.22951797350372338,0.1074781496300571,-0.2879052710909178,-0.0021563986515813847
0.19238267289265942,-0.14835738419162953,-0.027584760489786527,0.26896503857166515,-0.16162371805591114,-0.051146665227222096,-0.16819598138587108,-0.11744247364358928,-0.2983356858414675,0.1737999205826553,-0.01156506508193772,-0.21245083098893294,-0.05310355533792934,0.28855086051162715,0.2348193791236716,-0.09100282790086407,-0.3129020268643211,0.40255235146909546,0.480124149609033,0.3764380630257242,0.07139334623522649,-0.021020953767082327,-0.21972675770190206,-0.04879648627347378,-0.17038290674010373,-0.09335105669750145,1.1945357079346324,-0.14328812483905182,0.14774946429377234,-0.11554890535443497,0.09815214243427223,0.05066338782961907,-0.19305666278159592,0.1793393726345297,0.1536541197244699,-0.2816786232598967,-0.18854060385516178,0.11601880838406373,0.3367495869499115,0.05367630770427438,-0.2920765886862782,-0.15264297927987067,0.546541982041321
0.47880124189790557,0.07901579831773695,0.2525132088206752,-0.29340843343901585,0.24201626828377976,0.24596909977865308,0.2856671218090764,-0.47993933513161685,0.3058762841234576,-0.7032412238388008,-0.08623828350539597,-0.13922108333541824,-0.15763489644801001,-0.2219814496863876,-0.04308947837372444,0.23689576826640069,-0.004726430213790483,0.22186967989335232,0.1129137348226916,-0.07569286037839751,-0.23569515008600717,-0.24587553070036142,0.19760072431599857,0.16056813669148565,-0.035165784063192713,0.2101061927545395,-0.14328812483905182,1.0909221158285884,0.14708621171372255,2.1773067514470283e-4,-0.5538146897432714,-0.2977442259335865,0.06651828948972001,-0.4402596040248914,0.5435712197599673,-0.1771994542746229,0.12526882966375988,-0.07452716534516785,0.0051074044012301015,-0.26631163142457587,0.3104091505880739,0.5999197924496219,-0.17127191274709547
0.15628478583018468,-0.3012564681813557,-0.05563811505725425,-0.24640473428596874,0.5659974900629648,0.4936365703994148,-0.13203010457272635,0.2091549930080947,0.16722284488368908,0.032532192663312594,-0.430124715758756,0.20138796935237638,0.25422182935378485,0.04182919294463496,-0.07060312463203733,0.11962585029969276,-0.13595313486703892,-0.05506158863218652,-0.2545063339384311,-0.13779950983021652,0.10810838789788028,0.045576396741213915,-0.09567401485650362,0.4487739920079798,0.41788437295756425,0.26064164194911854,0.14774946429377234,0.14708621171372255,1.0132496592999711,0.4353207807320032,0.148379974177139,0.057520701013235864,-0.264748551298727,0.15392884293761205,0.48666962176031925,0.0858415166573166,-0.2679363272023105,-0.15518508528172123,-0.2307759256821523,-0.3056864770403361,-0.12493552660553463,-0.1849727807230765,0.21672723138802033
0.03383973471871119,-0.2489956930978839,0.12294909845264185,-0.1663399866834588,0.48210649061922894,0.10964354155952079,-0.17803040731867806,0.03165360085325126,0.16770823534174673,0.02785748733673965,-0.12290858828683993,0.21227879118668302,0.2573281304361655,0.005765836807291245,-0.23281260869860046,-0.22433753823096145,-0.0010243060799767845,-0.21670408725543494,-0.2220273062026663,-0.016721524685669523,-0.1114546804512528,0.05142378422998614,-0.013556516940407914,0.11399609251113126,0.6350176862271549,-0.22449817437174918,-0.11554890535443497,2.1773067514470283e-4,0.4353207807320032,0.717833727033402,-2.806325502855349e-4,-0.3609770178137346,0.04159542494966152,0.2975444170397952,0.28904008084031646,0.24621031854306275,-0.13268266852112856,-0.007875466474904648,0.009563131301260089,0.02467556249190566,-0.2720099204891076,-0.016650364532334278,-0.14025433056525652
-0.39205379860550454,-0.19819779083513764,-0.31622892420741444,0.2194620060554564,-0.06852043469056852,0.07266824731172106,-0.22691348052525864,0.4573954546430531,-0.15559863453605824,0.48636732117820936,0.11121605803088298,0.09019172997701984,0.13460783402795648,-0.03749231486747109,0.1250117933293794,-0.16644486333964312,-0.2887941024559304,-0.08857156558422688,0.4750267925500199,0.024665868937454524,0.12513884979756235,0.11515451749832224,0.05386463008170828,0.017702924973577096,0.16552473141625007,0.16309707261256481,0.09815214243427223,-0.5538146897432714,0.148379974177139,-2.806325502855349e-4,0.9393634661889159,0.22748874976601088,-0.0991923684484837,0.04752442516150814,0.15312220560455536,0.32457589579485563,-0.26205988606093256,-0.31066000980669456,-0.2316058119314197,0.17741335261767993,-0.23151315440758977,-0.27765396854518276,-0.029554884724101654
-0.13495890033422733,-0.14717216402586913,-0.31811659273893483,-0.05529126321541312,-0.2186598140464003,0.11338846600082197,0.08705239052874128,0.26091408541419864,0.006072325914203888,0.054946066773828454,-0.08966779895369185,-0.07383826750479477,-0.03468299928457453,0.11996779016931311,0.18808775181024778,0.3503691520280097,0.11652719059765036,0.025901412222958248,-0.1414894786704572,-0.17937614368228083,0.17874172358717524,0.12878714551833634,0.008683920888005134,-0.1988376557657408,-0.13863715657211692,0.3537637795754166,0.05066338782961907,-0.2977442259335865,0.057520701013235864,-0.3609770178137346,0.22748874976601088,0.6488055250196061,0.005286937111398285,-0.12293071955532553,-0.2232008304259818,0.02233592763626868,0.31146272659075147,-0.10853380157163536,-0.24610099194517596,-0.19789721171646596,0.03099559656020466,-0.3900169794664894,0.23183750015673435
0.026093089394757987,-0.19285272491392116,0.07597752858558167,-0.06925603767526038,0.13348420211458228,-0.08012549272421647,0.14044728979808724,-0.10683344611417725,0.14926106489673097,-0.1395942794092851,0.08671588917558865,-0.11148635940469839,0.05457206647173059,-0.01644150798670919,-0.07771152526250794,-0.1358337001569128,0.21498926684382633,-0.06614297215651525,0.03287390745089106,0.037662311665799586,-0.13148751154059793,0.06713395115633047,0.04839305675689266,-0.3079607227196366,0.2918303917522556,0.05858931143568156,-0.19305666278159592,0.06651828948972001,-0.264748551298727,0.04159542494966152,-0.0991923684484837,0.005286937111398285,0.3559854446789113,-0.20958749737798113,-0.007875032110118148,-0.023264343303768,0.37182424332540864,0.004922574984869226,0.08419931442927246,0.0456879989173378,-0.0016642274209179317,0.00914108803710411,-0.3132617662686004
-0.11696418128292355,-0.06545636222238639,0.07067753530786161,0.2100520270238822,-0.334847410109844,-0.5238918644855559,-0.26434238064314175,0.1788789382847654,-0.2600440198767934,0.44065948907134006,-0.008911726050017225,0.3341591342665569,0.08930205255148131,0.04952802467674907,0.34453127056401683,-0.7136053840960797,-0.4739736510979855,-0.36309793304287286,-0.5790704724823731,-0.5212179804746447,0.00967033814430692,-0.16422087029147203,0.006678972890365095,0.3365285953214012,-0.05871427591981237,-0.31163808373412266,0.1793393726345297,-0.4402596040248914,0.15392884293761205,0.2975444170397952,0.04752442516150814,-0.12293071955532553,-0.20958749737798113,1.714176681035731,-0.22608928049442675,3.4656736193371064e-4,-0.44307439752204886,-0.14797823122178363,-0.13641243729683022,0.12361102980085878,-0.25690325590304725,-0.468572504034775,0.3444248078914616
0.11496825302899208,-0.3663169966910681,-0.01776954585876687,-0.030864688935889225,0.5563407297294793,0.3599295385341794,-0.12670696907714324,-0.4179513391626961,-0.057300754391563,-0.27184519615829683,0.545931030175852,-0.0747610109104835,0.12677646128317108,-0.7955308985879249,-0.4481496310146473,-0.09751913273698966,-0.22021936238323303,0.5967574726170144,-0.016136492181501677,0.07355682319968365,-0.23903605748310824,-0.10593062563527575,-0.46222663626992994,0.426141383549455,0.25406734314835455,0.1604678383362245,0.1536541197244699,0.5435712197599673,0.48666962176031925,0.28904008084031646,0.15312220560455536,-0.2232008304259818,-0.007875032110118148,-0.22608928049442675,1.536320840022418,-0.011516611568922945,-0.15944389869401202,-0.08395179359193669,0.09551840824800883,-0.09538574930240841,0.2659294709502428,0.29346453815516904,-0.08136612638697154
-0.36361112389429545,-0.1703099400732467,0.19193401332938825,-0.29946814387886067,-0.28628021322319547,0.21422950629816526,-0.47630931818339795,0.1254867876749353,0.3760167025079179,-0.24467406277262504,-0.09454119354670683,0.17320163581585227,-0.348091844211309,0.09225992832849031,0.1827853622298041,0.3158720786388492,0.05733341381460972,-0.11660443471634215,-0.02488924286548255,-0.15497308382674066,-0.04053147765826597,0.0885294512676066,0.08489775850331131,0.08885429098303328,0.21817971112166334,-0.44285404461582556,-0.2816786232598967,-0.1771994542746229,0.0858415166573166,0.24621031854306275,0.32457589579485563,0.02233592763626868,-0.023264343303768,3.4656736193371064e-4,-0.011516611568922945,0.9585471595256305,-0.07226981019421044,-0.30626250287586454,-0.20527043951772433,0.0010669441957780294,-0.19669295539990342,-0.014287923406439052,-0.14795227089445412
0.1668297730542434,-0.14532732842436002,-0.09359367043401247,-0.23752082603831687,-0.21978854338121256,-0.011914087623338149,0.08313993260110579,0.14189086874773624,0.1216333633433586,-0.28576304140743825,0.01689530520763243,-0.4185170286754345,0.050908614782640846,0.6226105438229643,0.0990698465245572,0.13759306975166535,0.19388726761910874,0.006424822018698109,-0.08297576273270912,-0.19670691324774103,-0.16336428662037844,0.20903536362886888,0.042715904093094385,-0.7936568479974668,0.167780616196608,0.4497491435774412,-0.18854060385516178,0.12526882966375988,-0.2679363272023105,-0.13268266852112856,-0.26205988606093256,0.31146272659075147,0.37182424332540864,-0.44307439752204886,-0.15944389869401202,-0.07226981019421044,1.297756668100106,-0.16005912237073736,0.10536814080611451,-0.2523794367577084,-0.010576799691586241,-0.2766728903813057,-0.254286087704698
0.09669790184829861,0.38218855910457794,0.12457048365724402,-0.19141297211468822,-0.07355635644936456,0.014250517048523164,0.12327253709688629,-0.33007318063645835,-0.20835945575051254,0.4232404650188761,0.05248918355521853,-0.1475088802853932,0.37044614717475166,-0.06145646880319123,-0.1442521130570242,0.09014099056505251,0.5723559567550223,0.29089958548015565,-0.044177757859652333,0.13429721542491155,-0.1425150413737463,0.1891611973957204,0.11829887280487245,0.27163359624103317,-0.3812794162422849,-0.2942243106909079,0.11601880838406373,-0.07452716534516785,-0.15518508528172123,-0.007875466474904648,-0.31066000980669456,-0.10853380157163536,0.004922574984869226,-0.14797823122178363,-0.08395179359193669,-0.30626250287586454,-0.16005912237073736,1.1241955414692824,0.11444511314945388,0.10569142203410166,0.12906776495689723,-0.07290924046264434,-0.08320817523814045
-0.050209857955641875,0.009362997486398461,0.2329854355151821,0.08679037952112406,-0.04722333908901067,-0.04653291886718017,-0.25701385350883343,-0.09908773568391441,-0.16153067366671459,-0.04618878509029704,-0.046090876386013925,-0.20617978168623116,-0.13465924162006407,0.09687412086659783,-0.19291286218342032,-0.18911891949994095,-0.25693245456391167,0.43259208167491725,0.18896462991256446,0.23945342797998906,-0.023754386440397724,-0.045477922287499625,-0.3625695519217927,-0.10190157128442993,0.0861378591825003,-0.15235222603256224,0.3367495869499115,0.0051074044012301015,-0.2307759256821523,0.009563131301260089,-0.2316058119314197,-0.24610099194517596,0.08419931442927246,-0.13641243729683022,0.09551840824800883,-0.20527043951772433,0.10536814080611451,0.11444511314945388,0.7349791302959164,0.16277693591958176,-0.07312686143354939,0.09353946005530434,-0.03085983956538347
-0.0765786387952153,-0.047006263507295344,0.048116566247793514,0.20706786683141382,-0.02115979823283563,-0.07867700103774618,-0.09707359615838058,0.08504473877390271,-0.25907202283806247,0.13009925634453112,0.21659107959646656,0.17335447641634974,0.11090767197030689,0.04352199652108748,-0.11656199385373765,-0.32772380205517715,-0.065373700882587,-0.04215004561138681,0.37185848107162217,0.22404972659618821,-0.07603849572193384,-0.02056206230939543,-0.05166940961296416,0.01702235473231261,-0.09603799886674967,-0.22951797350372338,0.05367630770427438,-0.26631163142457587,-0.3056864770403361,0.02467556249190566,0.17741335261767993,-0.19789721171646596,0.0456879989173378,0.12361102980085878,-0.09538574930240841,0.0010669441957780294,-0.2523794367577084,0.10569142203410166,0.16277693591958176,0.5074977872254097,-0.10141553019304704,-0.10752222966277629,-0.35957100767601086
0.10962246047366372,0.3423785767236341,-0.12087422188986284,0.06996082454367063,0.10114013321562464,-0.038600735950714136,0.19201188697619123,-0.37940876894346287,0.12514981543514309,-0.22899978612627125,0.5216950750282826,-0.17365564622765606,0.020001743801813663,-0.35857794192056675,-0.12437227990825002,0.07327944894615818,0.24987174269975534,0.08534902725136533,-0.36676313547073985,0.019899349444667144,-0.06950464419384028,0.04381720378081706,-0.2614145786264629,0.24636723521277934,-0.49422658728844904,0.1074781496300571,-0.2920765886862782,0.3104091505880739,-0.12493552660553463,-0.2720099204891076,-0.23151315440758977,0.03099559656020466,-0.0016642274209179317,-0.25690325590304725,0.2659294709502428,-0.19669295539990342,-0.010576799691586241,0.12906776495689723,-0.07312686143354939,-0.10141553019304704,0.6118701960381967,0.3172723018879583,-0.12753117213817788
0.08476816809559802,0.4566408738729143,-0.130918638193153,0.12371956791780915,0.09294553508159384,0.14684045124685913,0.26648815503794837,-0.24896594366467784,0.16609445742143,-0.5326153414405164,0.41509853572936645,-0.1410276838914681,-0.44588386933322394,-0.6478678640801154,-0.16430042794454888,0.2761694301404751,0.06017269879214175,0.197281975931721,-0.050716831220763245,0.16854665215970296,-0.23435720891253753,-0.3437600006497469,0.1769467100484324,-0.0952999598050609,-0.2918022791050265,-0.2879052710909178,-0.15264297927987067,0.5999197924496219,-0.1849727807230765,-0.016650364532334278,-0.27765396854518276,-0.3900169794664894,0.00914108803710411,-0.468572504034775,0.29346453815516904,-0.014287923406439052,-0.2766728903813057,-0.07290924046264434,0.09353946005530434,-0.10752222966277629,0.3172723018879583,1.1752159140431615,0.1712876977690743
-0.09293137602248466,0.17364951533231784,-0.4024325404757913,0.2869495252364089,-0.15047518786944503,-0.18506919252833018,0.08973742696503864,-0.0034627578426159804,-0.17861288913239168,0.12605684191518635,-0.0022422251801122632,-0.05357112870768355,-0.31483922310328316,-0.4416507954690444,0.13229482006677626,0.4027670841944973,-0.3376975824404831,0.19845376331818512,-0.38605806476146376,-0.12099665133685418,0.22055454133478616,-0.2878503500145276,-0.031957148067502564,-0.054618435491349523,-0.12029466206319857,-0.0021563986515813847,0.546541982041321,-0.17127191274709547,0.21672723138802033,-0.14025433056525652,-0.029554884724101654,0.23183750015673435,-0.3132617662686004,0.3444248078914616,-0.08136612638697154,-0.14795227089445412,-0.254286087704698,-0.08320817523814045,-0.03085983956538347,-0.35957100767601086,-0.12753117213817788,0.1712876977690743,1.1653165883991026
