V1,V2,V3,V4,V5,V6,V7,V8,V9,V10,V11,V12,V13,V14,V15,V16,V17,V18,V19,V20,V21,V22,V23,V24,V25,V26,V27,V28,V29,V30,V31,V32,V33,V34,V35,V36,V37,V38,V39,V40,V41,V42,V43,V44
0.47236758318986366,-0.40159647063187254,0.352452460923763,0.19912764304283379,0.22290981791449865,-0.14824729466967915,-0.4530173184413012,0.2815722352053051,0.12191655533323857,0.10462496309721128,-0.18641375091506304,-0.18715963714850803,0.09250884126696667,0.1518008415462522,0.39048761336238635,-0.024343009179431732,-0.16566224849577596,0.09027347075935054,-0.11760269723735904,-0.25412100399496323,-0.055087944487775806,-0.18717543803984862,0.13244533411206552,0.31851082847954665,0.2530335723044222,-0.4209523632187402,0.09626534980922262,0.4066370252832765,0.06879958873732418,-0.06829836062343211,-0.0403969918507875,0.18828058254959892,-0.06520243533294917,-0.3537750250334098,-0.1629113582737502,-0.2607998758508969,-0.0017245236272157623,-0.39731386877916347,-0.034542373763314746,-0.266455058624215,-0.48979551045203157,0.4262738389522127,-0.22135104542914985,-0.2115535454590526
-0.40159647063187254,1.855287126062891,-1.1363438373844221,-0.0720512584730129,0.42429718926990656,0.6075029398481585,1.231226563035735,-0.7987624723041209,-0.25399376966147086,0.14313527963598527,0.2753030556335748,1.371613639175339,0.7391441177293128,-0.8645216615788579,-0.48877862145428236,0.4625363182834621,0.7836655504922807,-0.720341723663705,0.5294808693953978,0.6285863849981418,1.518464546134883,0.8092825138060253,0.04840642551881389,-0.28762223526714126,-0.3176698829382588,1.107935656256289,0.438749517297127,-0.5987770036576407,0.26303955730364015,0.8503722453189795,0.8163212329967695,-0.4781903295198725,-0.6323587419132064,0.7671427862031482,0.6118435249905672,0.5009915812823426,-1.323791496220881,0.3460459745588491,-0.6703916051468379,-0.17231812784002598,1.494775807926837,-0.6909843557237089,0.45399640146794285,0.5115876963236903
0.352452460923763,-1.1363438373844221,1.3540971832744,-0.0859523241630241,-0.3501717857462485,-0.903599883079736,-0.83828248478229,0.3016764063379917,-0.19392374874473883,0.3153613688146977,-0.7648050259718621,-0.8280612709344566,0.40915216904495266,0.3287585107849002,0.1812053466903243,-0.6417733474558265,-0.6331187923338607,-0.10762908891947837,-0.35354961972043886,-1.1571452923279892,0.26702039689825846,-0.4788219718158259,0.3416333542608665,0.5077530859251176,0.38442886598425646,-0.6102277928217493,0.47324356491486647,0.5717718703796472,-0.010411619589570691,-0.3105789281087681,-0.32615102918439765,0.7609971522211828,0.6100123773035185,-0.5365946991364781,-0.47894644793619556,0.14680515310479653,0.8242278984984749,-0.8489086053368091,0.7831517228992183,-0.5369756615669574,-1.336801974595535,0.8795324374747466,-1.034600661115844,-0.7048519008794445
0.19912764304283379,-0.0720512584730129,-0.0859523241630241,0.6600504580999441,0.1279590768950411,0.6808706850735311,0.18079821172903018,0.549593570470727,0.11715807257795752,0.23722200631868517,0.45786704786974575,0.29906261436240794,-0.22673273345788883,0.03770734535568387,0.5147446004939434,-0.11256467559219557,0.32702269141412144,0.0519421295717831,-0.005412908742953041,0.2159248484738559,0.12660024045682486,0.07389727815597635,0.22572256884987937,0.18796303357142702,0.1781811974054441,0.32189712750584576,-0.10246460185193493,0.5337766140689401,0.36040426007332105,-0.04550197978024996,-0.35130000699977987,0.45728683425634137,-0.02876018449725235,0.17203312699669357,-0.1523085710644665,0.13475319206114003,-0.3478997851082876,1.0946682414968838,-0.5749655566018599,0.09985881679929427,0.5804767430573272,-0.024130620172306588,0.09073037704170035,0.5263789529534241
0.22290981791449865,0.42429718926990656,-0.3501717857462485,0.1279590768950411,0.5691520230980202,0.17194123368413206,-0.03386307002383359,0.043455777118755895,0.0650945893432256,-0.14506620116026275,0.18412266247530534,0.2975008929190324,0.15233580214458523,-0.21494093544772505,0.26424048292705976,0.43183859543442693,0.16670743998057572,-0.05261971732320161,0.2563049341466703,0.2545955615916615,0.03984450721081481,0.004792746086897192,0.03318481560531072,0.10551515480668419,0.06265136689029564,-0.25798242421048373,0.06568714321566309,2.747198407771178e-4,-0.08706585757179452,0.1511207549117666,0.3611662948714066,-0.27834911693276354,-0.6019227679282169,-0.06795819792590725,0.3124692731137936,-0.31328175956915355,-0.5209980534473075,-0.29089154782207055,-0.47582183399805256,-0.20358985217368852,-0.05459572670691346,-0.003697601085964598,0.11580267773567597,0.05356454048448176
-0.14824729466967915,0.6075029398481585,-0.903599883079736,0.6808706850735311,0.17194123368413206,1.3381077553468737,0.8012150923910212,0.37688125850912335,0.20374492097858224,0.1338021151293105,0.9638503045854648,0.8377927470446425,-0.4571374637453429,-0.2796515184494637,0.3197780938828985,0.2132430091896521,0.7894434245841199,0.07452690095721196,0.14991710209531858,0.9041475507643816,0.046718395895002,0.47476344109524843,0.03857846835682246,-0.1541940708483528,-0.08282971686244399,0.8923366158695294,-0.46711106348847115,0.1766834001781535,0.45953456011800153,0.16884631064696923,-0.21393578827711088,0.11768855286748633,-0.19650688168642483,0.6015404666765567,0.09858182890576948,0.19416280225874688,-0.7932937008425862,1.8396600397425187,-1.063539006826782,0.5542273651374604,1.6049889708353111,-0.6102487193683113,0.8060343088071729,1.0325054521461217
-0.4530173184413012,1.231226563035735,-0.83828248478229,0.18079821172903018,-0.03386307002383359,0.8012150923910212,1.4115814366291735,-0.6132416832909077,0.023326791308501172,0.5556998907388733,0.2634314757528085,1.1440287990944946,0.4325997205502624,-0.45144645728955324,-0.47181995040704644,-0.031169213740314398,0.7814546746191581,-0.3522417149797567,0.16072609288526235,0.7218922962243068,1.3064256116083908,1.0422972318605075,-0.02263066099510445,-0.3538635290500056,-0.2609253354551897,1.5180867806107023,0.15114576952329212,-0.22855093716714805,0.7180122681681259,0.7356917022961339,0.18272237242338651,-0.044527344667498636,-0.057833106270778485,0.8780735077810935,0.09845114172706157,0.7863585594287171,-0.9887014728602787,1.146910635792837,-0.4398245063127481,0.22333255014840928,2.1042948003940536,-0.783634746843556,0.6432464962080734,0.6919118420509957
0.2815722352053051,-0.7987624723041209,0.3016764063379917,0.549593570470727,0.043455777118755895,0.37688125850912335,-0.6132416832909077,1.1063075019679762,0.04622163889344536,-0.267928192814691,0.5792480343622113,-0.39154028482288616,-0.7454916342791839,0.24073105451754628,0.7917892169611006,-0.05415495601238288,-0.09251728852871598,0.24319822661746163,-0.030284810057207574,-0.1136951605506542,-0.8752084392096612,-0.7130948994410234,0.24669188306521647,0.3140874108289233,0.26780636627116994,-0.5620318390481681,-0.34577042332716384,0.5685749110380461,-0.1916778151575761,-0.6333707193865147,-0.5679108997857067,0.47847079738553183,0.048378119992057905,-0.2362400584520326,-0.14274740646343737,-0.3132703254463314,0.32675195217772113,0.7970242141022492,-0.4031248884410386,0.13444115819615446,-0.6789652375617096,0.2877709954653007,-0.22304425717869994,0.2993902557380619
0.12191655533323857,-0.25399376966147086,-0.19392374874473883,0.11715807257795752,0.0650945893432256,0.20374492097858224,0.023326791308501172,0.04622163889344536,0.6447064835781526,0.12390955065483167,0.07927314704572005,-0.1897972333152264,-0.34589267337476054,0.2271368210567369,0.08808277057188237,0.1381219188416575,0.07415059820370144,0.5961091202310941,-0.17076689494468367,0.6323825865363438,-0.7584278476323816,0.28614116159943914,-0.34911820289407813,-0.13911032324785746,0.009043105212850242,-0.06400195942576048,-0.5471574839390262,0.08939795376594942,0.29626765746913236,0.04179340169649186,-0.18073608133702637,-0.26631126889929635,-0.0777442383110729,-0.03154405777394468,-0.2023633494633617,-0.3453595024635198,-0.006858099976220501,0.11768814687948108,-0.04300137536907305,0.442782252558866,0.5537986686639165,-0.23973564255945906,0.7258878623860512,0.07679352480789965
0.10462496309721128,0.14313527963598527,0.3153613688146977,0.23722200631868517,-0.14506620116026275,0.1338021151293105,0.5556998907388733,-0.267928192814691,0.12390955065483167,1.0065032431790957,-0.4445755526903201,0.4359840034115335,0.9087678412374304,-0.24517187741629803,-0.123138187593661,-0.44005938621767826,0.32905166956173454,-0.30536627861666454,-0.24540764907223495,-0.1468567181031869,1.4256096436696921,0.8336098384237229,0.26130590164024514,0.20296900713587473,0.19807728296474403,0.8787586147158213,0.40695756841110653,0.47704773875943834,0.9221275857685324,0.6069018386571712,-0.028126338116855592,0.6198073350513619,0.38341533792216254,0.3007696922576679,-0.37820669627267195,0.7136605055687922,-0.40691931259564373,0.25948434613530924,0.033232112374850915,-0.1819980277997661,1.102883944945251,0.12605647934000783,0.008109376756040225,0.060328227305401015
-0.18641375091506304,0.2753030556335748,-0.7648050259718621,0.45786704786974575,0.18412266247530534,0.9638503045854648,0.2634314757528085,0.5792480343622113,0.07927314704572005,-0.4445755526903201,1.0637115202663068,0.3108084772625786,-0.8973795274393856,-0.05208134605107548,0.39603294894041957,0.3384701013484603,0.4105531657315741,0.23702098148881054,0.26713108602782965,0.7541677009407678,-0.8189323782166209,-0.18079907766002973,-0.06788430011460828,-0.1840988460470343,-0.11750188343271378,0.14123914835082815,-0.6018919939632958,-0.04570402629910595,-0.16138821236132261,-0.29686234931577726,-0.2496319860364516,-0.14086420328010435,-0.33864051650559396,0.32184710406181877,0.2562020836258591,-0.19698568598264726,-0.2924470659483894,1.4130320463721389,-0.8338507655413513,0.5325243214449715,0.5371330260675548,-0.5291909762389507,0.5205702698706856,0.789084759423114
-0.18715963714850803,1.371613639175339,-0.8280612709344566,0.29906261436240794,0.2975008929190324,0.8377927470446425,1.1440287990944946,-0.39154028482288616,-0.1897972333152264,0.4359840034115335,0.3108084772625786,1.3492882780391353,0.6534653767334149,-0.6739965386542531,-0.17415027042003678,0.16815688174170998,0.8009471729999041,-0.6551543990937191,0.30375100396842697,0.442609967357352,1.6173013918807635,0.8076230283503019,0.25089195071429177,-0.09713476395179896,-0.12821808130440931,1.246743763593521,0.4199757102403083,-0.08404811083894231,0.5633600127922841,0.7616034851305395,0.4280333930319698,0.05844197476538597,-0.29971612985922935,0.7232245738695099,0.2769302725524372,0.6468196464018291,-1.2437811507266567,0.9014027158495883,-0.7733788181770999,-0.1388339309392395,1.6281361854313945,-0.44510993668704824,0.3397906640049302,0.6740876063665406
0.09250884126696667,0.7391441177293128,0.40915216904495266,-0.22673273345788883,0.15233580214458523,-0.4571374637453429,0.4325997205502624,-0.7454916342791839,-0.34589267337476054,0.9087678412374304,-0.8973795274393856,0.6534653767334149,1.864140440754893,-0.7756584640953149,-0.40363814484125493,-0.1913273986686415,0.23262266496025336,-0.9769094150931743,0.05060695453687628,-0.648151496294776,2.37368778502594,0.800450994556217,0.4803736624639068,0.3489866135132352,0.19890202935942647,0.6024424644817372,1.1231618665308882,0.13679911665203054,0.6012257799149852,0.9333976120601479,0.7255801720874242,0.4141596096591947,0.029130237156020672,0.20325377496486427,0.07393270397675702,0.7715383296808357,-0.6150098991251715,-0.9993785095896458,0.16796645770418692,-0.8579011513024654,0.3847510811340364,0.432722451690675,-0.5609308907257747,-0.3934759954395802
0.1518008415462522,-0.8645216615788579,0.3287585107849002,0.03770734535568387,-0.21494093544772505,-0.2796515184494637,-0.45144645728955324,0.24073105451754628,0.2271368210567369,-0.24517187741629803,-0.05208134605107548,-0.6739965386542531,-0.7756584640953149,0.8408487192524888,0.16841983024212728,-0.26267734866821607,-0.4731157277018282,0.63523857709883,-0.24864172679793,-0.04358667530362324,-1.094707010433935,-0.4524436848987453,-0.2667162188925437,-0.08159037536666205,0.023291674669495156,-0.47746482137894725,-0.3251669655606628,0.1493621086291915,-0.20461966075151197,-0.512414375170214,-0.5418547153260423,-0.022359545178513348,0.24763941475217063,-0.32778698718773897,-0.3710004545347229,-0.3263929458572748,0.628799104887244,0.011531588855131385,0.4566770841764011,0.19232164740382596,-0.5566189347306456,0.0590447530898035,-0.08281279007471858,-0.1908690905115879
0.39048761336238635,-0.48877862145428236,0.1812053466903243,0.5147446004939434,0.26424048292705976,0.3197780938828985,-0.47181995040704644,0.7917892169611006,0.08808277057188237,-0.123138187593661,0.39603294894041957,-0.17415027042003678,-0.40363814484125493,0.16841983024212728,0.7544986117533923,0.03457296229921764,-0.015265052373412554,0.21587592913433165,0.017309952404453356,-0.05599908013641761,-0.5107270837190163,-0.4134077875633446,0.20017944082398517,0.3388470310524552,0.2807578004216705,-0.4684881260506664,-0.1725305935722307,0.5577725269912923,-0.0514533936442938,-0.3602252852056057,-0.31261042216828167,0.3725987325385002,-0.13092767399482766,-0.22577630465063978,-0.0869848826836579,-0.3039262964775647,0.005359225160681308,0.4371633930133288,-0.46360074517587657,-0.05301410215357063,-0.439542394193074,0.2870358168097912,-0.17146761538829963,0.17999780075564192
-0.024343009179431732,0.4625363182834621,-0.6417733474558265,-0.11256467559219557,0.43183859543442693,0.2132430091896521,-0.031169213740314398,-0.05415495601238288,0.1381219188416575,-0.44005938621767826,0.3384701013484603,0.16815688174170998,-0.1913273986686415,-0.26267734866821607,0.03457296229921764,0.6427524727629783,0.16235152968216426,0.11437656237922122,0.2604180303568447,0.5256103487860624,-0.5778418489521476,-0.024170897464900278,-0.20904645270559363,-0.159120021837287,-0.14203778780469878,-0.32427933173806966,-0.3086777101420761,-0.3774399439573577,-0.3146118985540031,0.052526270281792714,0.3993379748167306,-0.6502269039854492,-0.5992245846431036,-0.041281271880812064,0.4491593821727414,-0.5196327085681784,-0.3069849502403087,-0.27739426188112465,-0.43037873576139873,0.17220000018941337,-0.024225106150205993,-0.24210492885041687,0.49001141507929924,0.10289355497327612
-0.16566224849577596,0.7836655504922807,-0.6331187923338607,0.32702269141412144,0.16670743998057572,0.7894434245841199,0.7814546746191581,-0.09251728852871598,0.07415059820370144,0.32905166956173454,0.4105531657315741,0.8009471729999041,0.23262266496025336,-0.4731157277018282,-0.015265052373412554,0.16235152968216426,0.661335066102535,-0.22115332564879292,0.15752447984306978,0.5658518238112599,0.6909987724141775,0.6491699257711965,0.08550472908913724,-0.09324673753960361,-0.07044970323334572,0.8521930592951845,-0.040632901096723954,0.019960274896828414,0.47483555350887796,0.44614218049201454,0.14047128333099956,0.049161505316897586,-0.1978886409559939,0.53480497939866245,0.16218118678728805,0.35076691448448954,-0.7646439180184044,0.9343959644499158,-0.6713199822657663,0.20426197768138402,1.356353957293747,-0.41694098954514314,0.5202530894143111,0.6106731605492669
0.09027347075935054,-0.720341723663705,-0.10762908891947837,0.0519421295717831,-0.05261971732320161,0.07452690095721196,-0.3522417149797567,0.24319822661746163,0.5961091202310941,-0.30536627861666454,0.23702098148881054,-0.6551543990937191,-0.9769094150931743,0.63523857709883,0.21587592913433165,0.11437656237922122,-0.22115332564879292,1.002807191132603,-0.21953189178029858,0.580286977356991,-1.714928135636234,-0.13775415447719155,-0.5467640080995123,-0.21389442843476716,-0.045613288455521456,-0.512732176763083,-0.8570923634479307,0.017419328585260765,-0.11156477745277525,-0.43410128363432354,-0.4448594586895188,-0.36466126567559964,-0.0025315462800155984,-0.28023372259489643,-0.21400173120673263,-0.6627006768490318,0.4686508959639139,0.11204570119624706,0.11065005273893878,0.616680843955639,-0.043723015584455474,-0.2572800003445496,0.6283483774421729,-0.034002121982462344
-0.11760269723735904,0.5294808693953978,-0.35354961972043886,-0.005412908742953041,0.2563049341466703,0.14991710209531858,0.16072609288526235,-0.030284810057207574,-0.17076689494468367,-0.24540764907223495,0.26713108602782965,0.30375100396842697,0.05060695453687628,-0.24864172679793,0.017309952404453356,0.2604180303568447,0.15752447984306978,-0.21953189178029858,0.3295394616791696,0.16845672932834255,0.18223087232286278,-0.07620458232376476,0.048150528723750446,-0.04421034299576942,-0.07861075398111675,-0.006556224703099042,0.1444446240014941,-0.2238089923676587,-0.20592196851512096,0.05819993957235326,0.259001421477694,-0.20176333457383852,-0.3963493888144313,0.16997131391332576,0.33827128501503373,-0.0157307352555349,-0.32501890479247786,0.0683043477525407,-0.28834855958842276,-0.13692167364216823,0.004107779594773418,-0.18199823565587395,-0.04034920719612295,0.1624671490870514
-0.25412100399496323,0.6285863849981418,-1.1571452923279892,0.2159248484738559,0.2545955615916615,0.9041475507643816,0.7218922962243068,-0.1136951605506542,0.6323825865363438,-0.1468567181031869,0.7541677009407678,0.442609967357352,-0.648151496294776,-0.04358667530362324,-0.05599908013641761,0.5256103487860624,0.5658518238112599,0.580286977356991,0.16845672932834255,1.458604457944441,-0.8462280828765261,0.565332049851615,-0.5377404949260938,-0.5100364558930021,-0.2828674862797471,0.46281067316232943,-0.8115256343373529,-0.3567599489780306,0.24474298263645616,0.18795210467263113,-0.006437961982700774,-0.7415340227060361,-0.5365407700736087,0.4619390167599395,0.21871721234532576,-0.32574907065043984,-0.5729798583479536,0.9727365321605829,-0.6186709309692818,0.8106168882184335,1.5093843198345263,-0.9689208099010893,1.3131114968577242,0.689206839803778
-0.055087944487775806,1.518464546134883,0.26702039689825846,0.12660024045682486,0.03984450721081481,0.046718395895002,1.3064256116083908,-0.8752084392096612,-0.7584278476323816,1.4256096436696921,-0.8189323782166209,1.6173013918807635,2.37368778502594,-1.094707010433935,-0.5107270837190163,-0.5778418489521476,0.6909987724141775,-1.714928135636234,0.18223087232286278,-0.8462280828765261,4.171073798720393,1.172890402772234,0.9351090243428362,0.4334098559074619,0.18355679225445976,1.7990858839200057,1.8143500904065286,0.33259246179922114,1.1291037022160635,1.3636202145277019,0.714498494742731,1.00828482664833,0.23626525957879468,0.8018672988964581,-0.013601437979179582,1.7008672507405194,-1.3873496032886345,0.04341999182919085,-0.13002278230488626,-1.2260073377263256,1.4527582472269613,0.28316036428234137,-0.8640573395493087,0.11647921917481639
-0.18717543803984862,0.8092825138060253,-0.4788219718158259,0.07389727815597635,0.004792746086897192,0.47476344109524843,1.0422972318605075,-0.7130948994410234,0.28614116159943914,0.8336098384237229,-0.18079907766002973,0.8076230283503019,0.800450994556217,-0.4524436848987453,-0.4134077875633446,-0.024170897464900278,0.6491699257711965,-0.13775415447719155,-0.07620458232376476,0.565332049851615,1.172890402772234,1.311148470844855,-0.09403516011338833,-0.18743790446187675,-0.09022513550318474,1.1973142066991942,0.08669488753467183,-0.008394924934214275,0.9105040820967764,0.8727130817219937,0.27140733134660944,0.03280860229115304,0.0545807386263194,0.5890876846315538,-0.06408139728247746,0.5816728678097611,-0.7593082521800673,0.40566687359331777,-0.25121734232344267,0.1960102358327284,1.920117958659422,-0.41906818157924075,0.7118332762771379,0.3009795153063218
0.13244533411206552,0.04840642551881389,0.3416333542608665,0.22572256884987937,0.03318481560531072,0.03857846835682246,-0.02263066099510445,0.24669188306521647,-0.34911820289407813,0.26130590164024514,-0.06788430011460828,0.25089195071429177,0.4803736624639068,-0.2667162188925437,0.20017944082398517,-0.20904645270559363,0.08550472908913724,-0.5467640080995123,0.048150528723750446,-0.5377404949260938,0.9351090243428362,-0.09403516011338833,0.4938328983977974,0.3355293860750641,0.2006224634596065,0.15840171698935046,0.49803779031215994,0.35710282369690616,0.12621856321412922,0.08776622239461983,0.027362667929818323,0.5704272277333935,0.1172758294525893,0.04633110224139517,-0.02381895843206257,0.38780573441717053,-0.17040233123359047,0.1673618441152205,-0.17140421212990084,-0.4177595525169867,-0.19721831237660456,0.3884431639286898,-0.5707451606444603,0.06381682435503234
0.31851082847954665,-0.28762223526714126,0.5077530859251176,0.18796303357142702,0.10551515480668419,-0.1541940708483528,-0.3538635290500056,0.3140874108289233,-0.13911032324785746,0.20296900713587473,-0.1840988460470343,-0.09713476395179896,0.3489866135132352,-0.08159037536666205,0.3388470310524552,-0.159120021837287,-0.09324673753960361,-0.21389442843476716,-0.04421034299576942,-0.5100364558930021,0.4334098559074619,-0.18743790446187675,0.3355293860750641,0.4116540240086628,0.2813820180870245,-0.24299372942903255,0.3249003718554573,0.43549383376672723,0.08088658752288799,-0.04301427978558995,-0.02312674765539863,0.4658264750157192,0.060842100831591646,-0.21820067886647426,-0.10170514304402883,0.055924338200595336,0.006363841653532146,-0.24816991731276108,-0.045696925858107876,-0.404873729229205,-0.5136212256646099,0.47881765822058364,-0.5053490328328459,-0.17151091841099625
0.2530335723044222,-0.3176698829382588,0.38442886598425646,0.1781811974054441,0.06265136689029564,-0.08282971686244399,-0.2609253354551897,0.26780636627116994,0.009043105212850242,0.19807728296474403,-0.11750188343271378,-0.12821808130440931,0.19890202935942647,0.023291674669495156,0.2807578004216705,-0.14203778780469878,-0.07044970323334572,-0.045613288455521456,-0.07861075398111675,-0.2828674862797471,0.18355679225445976,-0.09022513550318474,0.2006224634596065,0.2813820180870245,0.23138841121331322,-0.18687467580242112,0.14684893642840613,0.37931189900421236,0.13198220928065227,-0.039528735270431735,-0.09702623953773702,0.35519685994324696,0.07833954552196677,-0.1438149849709802,-0.1499037890004373,0.02401260668946135,0.054166723702057586,-0.09717150554813561,-0.01762394268211459,-0.21460108820143406,-0.2854823820794186,0.3264519750927074,-0.2847618357031053,-0.10519846942754718
-0.4209523632187402,1.107935656256289,-0.6102277928217493,0.32189712750584576,-0.25798242421048373,0.8923366158695294,1.5180867806107023,-0.5620318390481681,-0.06400195942576048,0.8787586147158213,0.14123914835082815,1.246743763593521,0.6024424644817372,-0.47746482137894725,-0.4684881260506664,-0.32427933173806966,0.8521930592951845,-0.512732176763083,-0.006556224703099042,0.46281067316232943,1.7990858839200057,1.1973142066991942,0.15840171698935046,-0.24299372942903255,-0.18687467580242112,1.8918533146200383,0.29167160278819027,0.018800398957881364,0.9993776254831283,0.8166220929453321,0.016517397199909477,0.3755445138591371,0.30241533050842706,0.965866958880273,-0.12461558522902277,1.1161651806970172,-0.9753886972076011,1.4910682795937216,-0.40829695259245197,0.18950277226406934,2.377730798762323,-0.628548329517686,0.5027278636662877,0.7749864234530519
0.09626534980922262,0.438749517297127,0.47324356491486647,-0.10246460185193493,0.06568714321566309,-0.46711106348847115,0.15114576952329212,-0.34577042332716384,-0.5471574839390262,0.40695756841110653,-0.6018919939632958,0.4199757102403083,1.1231618665308882,-0.3251669655606628,-0.1725305935722307,-0.3086777101420761,-0.040632901096723954,-0.8570923634479307,0.1444446240014941,-0.8115256343373529,1.8143500904065286,0.08669488753467183,0.49803779031215994,0.3249003718554573,0.14684893642840613,0.29167160278819027,1.1050343947938004,0.1314375563604604,0.1520361144672647,0.4078426335281995,0.3762623464542811,0.4540700899616589,0.04136885367068816,0.08530775489890263,0.03847131651474892,0.6163351046750964,-0.3447842650155287,-0.6053771056903322,0.24202026752663688,-0.9055858110022628,-0.268949924298821,0.4280964600410986,-0.9236049701616968,-0.285905216488598
0.4066370252832765,-0.5987770036576407,0.5717718703796472,0.5337766140689401,2.747198407771178e-4,0.1766834001781535,-0.22855093716714805,0.5685749110380461,0.08939795376594942,0.47704773875943834,-0.04570402629910595,-0.08404811083894231,0.13679911665203054,0.1493621086291915,0.5577725269912923,-0.3774399439573577,0.019960274896828414,0.017419328585260765,-0.2238089923676587,-0.3567599489780306,0.33259246179922114,-0.008394924934214275,0.35710282369690616,0.43549383376672723,0.37931189900421236,0.018800398957881364,0.1314375563604604,0.8181807185503301,0.43333501052424545,-0.06960674701855905,-0.4079643177164293,0.7966959270060655,0.29700068843403954,-0.11869858606126049,-0.4061638088627785,0.1894557699449795,0.0072705642158966514,0.4418474749436671,-0.17552714529062138,-0.1818155329528133,-0.0024947043806344046,0.4549367428055507,-0.32423503941602666,0.07798962296335346
0.06879958873732418,0.26303955730364015,-0.010411619589570691,0.36040426007332105,-0.08706585757179452,0.45953456011800153,0.7180122681681259,-0.1916778151575761,0.29626765746913236,0.9221275857685324,-0.16138821236132261,0.5633600127922841,0.6012257799149852,-0.20461966075151197,-0.0514533936442938,-0.3146118985540031,0.47483555350887796,-0.11156477745277525,-0.20592196851512096,0.24474298263645616,1.1291037022160635,0.9105040820967764,0.12621856321412922,0.08088658752288799,0.13198220928065227,0.9993776254831283,0.1520361144672647,0.43333501052424545,0.9858982712190372,0.59497647592271,-0.10542407741501486,0.4766525356161906,0.27670318882863104,0.42534949313035364,-0.3657507971712095,0.6017768263876453,-0.5703523960386496,0.6761688887661815,-0.1880278157721676,0.044448508021001774,1.504745498555467,-0.13447244589314822,0.3638417848105127,0.30328250816009156
-0.06829836062343211,0.8503722453189795,-0.3105789281087681,-0.04550197978024996,0.1511207549117666,0.16884631064696923,0.7356917022961339,-0.6333707193865147,0.04179340169649186,0.6069018386571712,-0.29686234931577726,0.7616034851305395,0.9333976120601479,-0.512414375170214,-0.3602252852056057,0.052526270281792714,0.44614218049201454,-0.43410128363432354,0.05819993957235326,0.18795210467263113,1.3636202145277019,0.8727130817219937,0.08776622239461983,-0.04301427978558995,-0.039528735270431735,0.8166220929453321,0.4078426335281995,-0.06960674701855905,0.59497647592271,0.7834928836824415,0.4655016699964426,-0.009699468710839033,-0.09514694928611815,0.40292376007792813,0.06713384186914911,0.48200781310771973,-0.7449603751813267,-0.09997843378870987,-0.1666529598510125,-0.1891595625048991,1.1460550412813855,-0.15463481060202064,0.27573153522272714,0.09492411426341629
-0.0403969918507875,0.8163212329967695,-0.32615102918439765,-0.35130000699977987,0.3611662948714066,-0.21393578827711088,0.18272237242338651,-0.5679108997857067,-0.18073608133702637,-0.028126338116855592,-0.2496319860364516,0.4280333930319698,0.7255801720874242,-0.5418547153260423,-0.31261042216828167,0.3993379748167306,0.14047128333099956,-0.4448594586895188,0.259001421477694,-0.006437961982700774,0.714498494742731,0.27140733134660944,0.027362667929818323,-0.02312674765539863,-0.09702623953773702,0.016517397199909477,0.3762623464542811,-0.4079643177164293,-0.10542407741501486,0.4655016699964426,0.7438080149501879,-0.4263636555625221,-0.4406185256072841,0.04542507477533646,0.42873431705120735,-0.01697876202353309,-0.48167801430267965,-0.8899124370701795,-0.10463894202163272,-0.34868649579388844,-0.005223793034455912,5.822872437614724e-4,0.009658354732170036,-0.21796217214184976
0.18828058254959892,-0.4781903295198725,0.7609971522211828,0.45728683425634137,-0.27834911693276354,0.11768855286748633,-0.044527344667498636,0.47847079738553183,-0.26631126889929635,0.6198073350513619,-0.14086420328010435,0.05844197476538597,0.4141596096591947,-0.022359545178513348,0.3725987325385002,-0.6502269039854492,0.049161505316897586,-0.36466126567559964,-0.20176333457383852,-0.7415340227060361,1.00828482664833,0.03280860229115304,0.5704272277333935,0.4658264750157192,0.35519685994324696,0.3755445138591371,0.4540700899616589,0.7966959270060655,0.4766525356161906,-0.009699468710839033,-0.4263636555625221,1.1602107465812397,0.6191333015758957,0.09473772373594377,-0.4418475091457198,0.6765045421182236,0.088549442200818,0.6800573830760471,-0.03945040268686095,-0.34018987969177883,0.0522924090168221,0.5248008309048214,-0.6943787613178127,0.10682012163163367
-0.06520243533294917,-0.6323587419132064,0.6100123773035185,-0.02876018449725235,-0.6019227679282169,-0.19650688168642483,-0.057833106270778485,0.048378119992057905,-0.0777442383110729,0.38341533792216254,-0.33864051650559396,-0.29971612985922935,0.029130237156020672,0.24763941475217063,-0.13092767399482766,-0.5992245846431036,-0.1978886409559939,-0.0025315462800155984,-0.3963493888144313,-0.5365407700736087,0.23626525957879468,0.0545807386263194,0.1172758294525893,0.060842100831591646,0.07833954552196677,0.30241533050842706,0.04136885367068816,0.29700068843403954,0.27670318882863104,-0.09514694928611815,-0.4406185256072841,0.6191333015758957,0.8441144765549424,0.001957534108205035,-0.5131307090480868,0.458265553429529,0.5321511333855932,0.28285860533848556,0.47626839263662707,0.07671651592851375,0.030454376505004262,0.2664239089473204,-0.2666723131864533,-0.13435309263755787
-0.3537750250334098,0.7671427862031482,-0.5365946991364781,0.17203312699669357,-0.06795819792590725,0.6015404666765567,0.8780735077810935,-0.2362400584520326,-0.03154405777394468,0.3007696922576679,0.32184710406181877,0.7232245738695099,0.20325377496486427,-0.32778698718773897,-0.22577630465063978,-0.041281271880812064,0.53480497939866245,-0.28023372259489643,0.16997131391332576,0.4619390167599395,0.8018672988964581,0.5890876846315538,0.04633110224139517,-0.21820067886647426,-0.1438149849709802,0.965866958880273,0.08530775489890263,-0.11869858606126049,0.42534949313035364,0.40292376007792813,0.04542507477533646,0.09473772373594377,0.001957534108205035,0.6903841729638457,0.06418145360405964,0.5787777720760107,-0.5528620886714858,1.0231520403654646,-0.3486796670697701,0.1729428339400969,1.3251528543593833,-0.5041324456634662,0.3401385324551131,0.5624379333799042
-0.1629113582737502,0.6118435249905672,-0.47894644793619556,-0.1523085710644665,0.3124692731137936,0.09858182890576948,0.09845114172706157,-0.14274740646343737,-0.2023633494633617,-0.37820669627267195,0.2562020836258591,0.2769302725524372,0.07393270397675702,-0.3710004545347229,-0.0869848826836579,0.4491593821727414,0.16218118678728805,-0.21400173120673263,0.33827128501503373,0.21871721234532576,-0.013601437979179582,-0.06408139728247746,-0.02381895843206257,-0.10170514304402883,-0.1499037890004373,-0.12461558522902277,0.03847131651474892,-0.4061638088627785,-0.3657507971712095,0.06713384186914911,0.42873431705120735,-0.4418475091457198,-0.5131307090480868,0.06418145360405964,0.5215265434292206,-0.19072196327384328,-0.2970127807333996,-0.22413378131672004,-0.32614334894398517,-0.04869349411817502,-0.12818401699703486,-0.19609488356833282,0.07602304266267583,0.09419260665966141
-0.2607998758508969,0.5009915812823426,0.14680515310479653,0.13475319206114003,-0.31328175956915355,0.19416280225874688,0.7863585594287171,-0.3132703254463314,-0.3453595024635198,0.7136605055687922,-0.19698568598264726,0.6468196464018291,0.7715383296808357,-0.3263929458572748,-0.3039262964775647,-0.5196327085681784,0.35076691448448954,-0.6627006768490318,-0.0157307352555349,-0.32574907065043984,1.7008672507405194,0.5816728678097611,0.38780573441717053,0.055924338200595336,0.02401260668946135,1.1161651806970172,0.6163351046750964,0.1894557699449795,0.6017768263876453,0.48200781310771973,-0.01697876202353309,0.6765045421182236,0.458265553429529,0.5787777720760107,-0.19072196327384328,1.0562844159739313,-0.37130979565863015,0.7097711090110541,0.02638977880500604,-0.2541654876119848,0.9912749892215811,-0.03825313449722592,-0.32496141345874896,0.2523051877950999
-0.0017245236272157623,-1.323791496220881,0.8242278984984749,-0.3478997851082876,-0.5209980534473075,-0.7932937008425862,-0.9887014728602787,0.32675195217772113,-0.006858099976220501,-0.40691931259564373,-0.2924470659483894,-1.2437811507266567,-0.6150098991251715,0.628799104887244,0.005359225160681308,-0.3069849502403087,-0.7646439180184044,0.4686508959639139,-0.32501890479247786,-0.5729798583479536,-1.3873496032886345,-0.7593082521800673,-0.17040233123359047,0.006363841653532146,0.054166723702057586,-0.9753886972076011,-0.3447842650155287,0.0072705642158966514,-0.5703523960386496,-0.7449603751813267,-0.48167801430267965,0.088549442200818,0.5321511333855932,-0.5528620886714858,-0.2970127807333996,-0.37130979565863015,1.3679741762287432,-0.5882128318116634,0.8404622704342999,0.20415458397235492,-1.5009186836056325,0.4334430616608156,-0.4499877335747058,-0.56325741446249
-0.39731386877916347,0.3460459745588491,-0.8489086053368091,1.0946682414968838,-0.29089154782207055,1.8396600397425187,1.146910635792837,0.7970242141022492,0.11768814687948108,0.25948434613530924,1.4130320463721389,0.9014027158495883,-0.9993785095896458,0.011531588855131385,0.4371633930133288,-0.27739426188112465,0.9343959644499158,0.11204570119624706,0.0683043477525407,0.9727365321605829,0.04341999182919085,0.40566687359331777,0.1673618441152205,-0.24816991731276108,-0.09717150554813561,1.4910682795937216,-0.6053771056903322,0.4418474749436671,0.6761688887661815,-0.09997843378870987,-0.8899124370701795,0.6800573830760471,0.28285860533848556,1.0231520403654646,-0.22413378131672004,0.7097711090110541,-0.5882128318116634,3.3919284214207983,-1.1226068494928654,0.880001437378214,2.1894378616853643,-0.8445525241215104,0.7217958373073384,1.5982987522725112
-0.034542373763314746,-0.6703916051468379,0.7831517228992183,-0.5749655566018599,-0.47582183399805256,-1.063539006826782,-0.4398245063127481,-0.4031248884410386,-0.04300137536907305,0.033232112374850915,-0.8338507655413513,-0.7733788181770999,0.16796645770418692,0.4566770841764011,-0.46360074517587657,-0.43037873576139873,-0.6713199822657663,0.11065005273893878,-0.28834855958842276,-0.6186709309692818,-0.13002278230488626,-0.25121734232344267,-0.17140421212990084,-0.045696925858107876,-0.01762394268211459,-0.40829695259245197,0.24202026752663688,-0.17552714529062138,-0.1880278157721676,-0.1666529598510125,-0.10463894202163272,-0.03945040268686095,0.47626839263662707,-0.3486796670697701,-0.32614334894398517,0.02638977880500604,0.8404622704342999,-1.1226068494928654,1.1408682570445177,-0.2099876189721709,-0.9033988973750255,0.2981789493346896,-0.4948536464416655,-0.7637270557653231
-0.266455058624215,-0.17231812784002598,-0.5369756615669574,0.09985881679929427,-0.20358985217368852,0.5542273651374604,0.22333255014840928,0.13444115819615446,0.442782252558866,-0.1819980277997661,0.5325243214449715,-0.1388339309392395,-0.8579011513024654,0.19232164740382596,-0.05301410215357063,0.17220000018941337,0.20426197768138402,0.616680843955639,-0.13692167364216823,0.8106168882184335,-1.2260073377263256,0.1960102358327284,-0.4177595525169867,-0.404873729229205,-0.21460108820143406,0.18950277226406934,-0.9055858110022628,-0.1818155329528133,0.044448508021001774,-0.1891595625048991,-0.34868649579388844,-0.34018987969177883,0.07671651592851375,0.1729428339400969,-0.04869349411817502,-0.2541654876119848,0.20415458397235492,0.880001437378214,-0.2099876189721709,0.900622590830068,0.7535711620975717,-0.5331713078334683,0.9102959006708347,0.431850384110884
-0.48979551045203157,1.494775807926837,-1.336801974595535,0.5804767430573272,-0.05459572670691346,1.6049889708353111,2.1042948003940536,-0.6789652375617096,0.5537986686639165,1.102883944945251,0.5371330260675548,1.6281361854313945,0.3847510811340364,-0.5566189347306456,-0.439542394193074,-0.024225106150205993,1.356353957293747,-0.043723015584455474,0.004107779594773418,1.5093843198345263,1.4527582472269613,1.920117958659422,-0.19721831237660456,-0.5136212256646099,-0.2854823820794186,2.377730798762323,-0.268949924298821,-0.0024947043806344046,1.504745498555467,1.1460550412813855,-0.005223793034455912,0.0522924090168221,0.030454376505004262,1.3251528543593833,-0.12818401699703486,0.9912749892215811,-1.5009186836056325,2.1894378616853643,-0.9033988973750255,0.7535711620975717,3.816092904302675,-1.229823011113612,1.5588563761248344,1.245051048146302
0.4262738389522127,-0.6909843557237089,0.8795324374747466,-0.024130620172306588,-0.003697601085964598,-0.6102487193683113,-0.783634746843556,0.2877709954653007,-0.23973564255945906,0.12605647934000783,-0.5291909762389507,-0.44510993668704824,0.432722451690675,0.0590447530898035,0.2870358168097912,-0.24210492885041687,-0.41694098954514314,-0.2572800003445496,-0.18199823565587395,-0.9689208099010893,0.28316036428234137,-0.41906818157924075,0.3884431639286898,0.47881765822058364,0.3264519750927074,-0.628548329517686,0.4280964600410986,0.4549367428055507,-0.13447244589314822,-0.15463481060202064,5.822872437614724e-4,0.5248008309048214,0.2664239089473204,-0.5041324456634662,-0.19609488356833282,-0.03825313449722592,0.4334430616608156,-0.8445525241215104,0.2981789493346896,-0.5331713078334683,-1.229823011113612,0.8821410277601298,-0.8209165492587804,-0.5265404201619734
-0.22135104542914985,0.45399640146794285,-1.034600661115844,0.09073037704170035,0.11580267773567597,0.8060343088071729,0.6432464962080734,-0.22304425717869994,0.7258878623860512,0.008109376756040225,0.5205702698706856,0.3397906640049302,-0.5609308907257747,-0.08281279007471858,-0.17146761538829963,0.49001141507929924,0.5202530894143111,0.6283483774421729,-0.04034920719612295,1.3131114968577242,-0.8640573395493087,0.7118332762771379,-0.5707451606444603,-0.5053490328328459,-0.2847618357031053,0.5027278636662877,-0.9236049701616968,-0.32423503941602666,0.3638417848105127,0.27573153522272714,0.009658354732170036,-0.6943787613178127,-0.2666723131864533,0.3401385324551131,0.07602304266267583,-0.32496141345874896,-0.4499877335747058,0.7217958373073384,-0.4948536464416655,0.9102959006708347,1.5588563761248344,-0.8209165492587804,1.4724255599550184,0.52950760867128
-0.2115535454590526,0.5115876963236903,-0.7048519008794445,0.5263789529534241,0.05356454048448176,1.0325054521461217,0.6919118420509957,0.2993902557380619,0.07679352480789965,0.060328227305401015,0.789084759423114,0.6740876063665406,-0.3934759954395802,-0.1908690905115879,0.17999780075564192,0.10289355497327612,0.6106731605492669,-0.034002121982462344,0.1624671490870514,0.689206839803778,0.11647921917481639,0.3009795153063218,0.06381682435503234,-0.17151091841099625,-0.10519846942754718,0.7749864234530519,-0.285905216488598,0.07798962296335346,0.30328250816009156,0.09492411426341629,-0.21796217214184976,0.10682012163163367,-0.13435309263755787,0.5624379333799042,0.09419260665966141,0.2523051877950999,-0.56325741446249,1.5982987522725112,-0.7637270557653231,0.431850384110884,1.245051048146302,-0.5265404201619734,0.52950760867128,0.8834100887703217
