V1,V2,V3,V4,V5,V6,V7,V8,V9,V10,V11,V12,V13,V14,V15,V16,V17,V18,V19,V20,V21,V22,V23,V24,V25,V26,V27,V28,V29,V30,V31,V32,V33,V34,V35,V36,V37,V38,V39,V40,V41,V42,V43,V44
6.581421731478799,8.276838138631248,-3.417180919666978,4.254301686874794,-1.4030129306542982,-0.18170476264034582,-3.01784510899547,-5.504221558609504,-3.183091314554209,-0.8410300705070978,2.6355511317017806,-0.99475815876578,-2.309481927479369,1.5361017102551737,2.6606793218883587,-4.136951189661696,1.8528846257108196,-1.3969945789600349,0.5622413823896064,1.921618355125204,-1.711641628971211,1.4669609758767386,-2.320077495409027,2.712407923638923,2.2419730811253995,4.529968344547079,-1.908139502691624,-2.493175189245395,1.0018608624332201,-1.2913552730092799,2.849871140651861,-1.1901088535517925,-1.6914665848660773,7.47205063909864,-2.4177552825642286,1.5787175899300305,2.4316065043632347,9.259355436931129,0.31674781996361,-0.48237432775592587,2.342317882646134,0.5848999162460792,-6.19849251145393,1.197134575480263
8.276838138631248,11.673034480119174,-4.938796189595893,5.17038652484419,-1.6935201439175298,-0.3878840597790129,-3.7196687041218026,-7.693015387636139,-4.758603948074202,-1.7080522790685342,3.621721878301306,-1.0303912472761692,-3.022497903080972,1.8570304892963236,3.2378351923331974,-5.187165069444728,2.3953479388853247,-2.102108695270331,1.127825055538827,2.4781811296188367,-2.0774229191113216,1.770044088820008,-3.160640281122615,3.344969686705648,2.6488553166465056,5.975569688809511,-2.2517574105777163,-3.8627306450011085,0.7094455509058553,-1.745395339200186,4.146945849210708,-2.0083609035635868,-2.520819845010458,9.92169825346931,-2.6528773758301383,2.0789053556488133,2.9475418008498933,11.836635722050906,0.35063555932198553,-0.8690024094596491,2.748211293098549,0.46021513352458265,-8.405301597837939,1.4949972344883595
-3.417180919666978,-4.938796189595893,2.331928344462023,-2.0903405150879917,0.5922718344428067,0.09041387338092746,1.6637506256687227,3.1498861486185143,1.9420097257690638,1.0194491645149557,-1.7138486191160776,0.47719512773931316,1.5448395383938762,-0.774245553958762,-1.3829331806617031,1.9288202921361042,-0.9880976698549627,0.7770727654592923,-0.5620009547420476,-1.2291323487742858,1.3384480911620256,-0.5457420156641148,1.4275616781608758,-1.2861739490306068,-1.0283860715803983,-2.2690595700382152,1.135094348394275,1.7953955325051072,-0.047045717174523875,0.8509508039073354,-1.798366548408004,1.1373623625696938,1.2720640506855023,-4.105640023848834,0.9188909917584626,-0.5796919216317311,-1.2290032900334968,-4.890960949889339,-0.01658654708960375,0.22730077336207968,-0.9661078170926609,-0.06438097818900482,3.350551386498895,-0.6782880638669984
4.254301686874794,5.17038652484419,-2.0903405150879917,3.0746906043024556,-1.0328187071601105,0.12211691190168567,-1.8250639188270341,-3.3641650455871344,-2.0448427459123075,-0.3122093874447781,1.7941465113317538,-0.5596367031653907,-1.6394743789441342,1.0979693853355807,1.788616794789929,-2.8953614835665222,1.2935597122009728,-0.829755478402546,0.31259210482616145,1.1796733364771326,-0.9871596303083455,0.970684779908732,-1.4022918334195955,1.8230358096348365,1.4852381007070385,3.1523869565388067,-1.2399212637595844,-1.434452851524021,0.8611093935057834,-0.8866959841218283,1.5993806815224367,-0.41723763800599994,-0.9517451161979996,4.864132182981746,-1.752122837052051,1.276100031770029,1.6029444979554597,6.543526571208145,0.16731360680038002,-0.2751692902576899,1.8315087083469532,0.3694162438087667,-4.019460874370551,0.9482145935739356
-1.4030129306542982,-1.6935201439175298,0.5922718344428067,-1.0328187071601105,0.7433143234103541,0.044656877594273225,0.5104411542264318,1.3502219458360951,0.7742083570949387,-0.02484590479179988,-0.5113182181939184,0.31954729468799364,0.6838836299716575,-0.63087293965473,-0.47680581878300987,1.4026481318419792,-0.3785432434425334,0.2574533037696534,0.07573689899545817,-0.31142854714781854,0.2442974811850655,-0.4354638716831468,0.5581497257562558,-0.5542471577050343,-0.49241194609374783,-1.4768806910954166,0.43573821653892053,0.47361525560608264,-0.444966097986298,0.36884638592572394,-0.30309922203708956,-0.022992806272893285,-0.07462482346438185,-1.8971793546131668,0.8722534795609707,-0.7227701316698916,-0.7893042932398668,-2.634424812692829,-0.36668160988411114,-0.01178575759894837,-0.8825900004193347,-0.053069315894069866,1.543195965195606,-0.3410190621516453
-0.18170476264034582,-0.3878840597790129,0.09041387338092746,0.12211691190168567,0.044656877594273225,0.3184630561852609,0.17059152858515664,0.4168426461845027,0.10518213312816271,0.0992870906015612,0.11793961830780167,0.13594513847208373,-0.13853620704347272,0.03162131202134442,0.12280913627315737,0.04902309280097871,0.035221124145393044,0.1658532236496831,-0.054440965438616824,-0.061959824656176284,0.016230235290386433,-0.055166448906098904,0.14052722084156596,-0.02649175626656859,-0.030994028810255588,-0.015888225731405296,-0.03235420718409106,0.299727936838988,0.08232861367507642,-0.04609006627877406,-0.3006430408338714,0.2988898721625697,0.1468975844828486,-0.24156762059973066,-0.011500648427783497,0.02482859475630684,-0.18019779094911412,0.1765451007454658,-0.2415914455761879,0.07521603699975372,0.1468228430670811,-0.04938591026400922,0.2486862307665987,0.13980452950429165
-3.01784510899547,-3.7196687041218026,1.6637506256687227,-1.8250639188270341,0.5104411542264318,0.17059152858515664,1.582676414313103,2.4501449029805498,1.2752432715535396,0.5496571809516196,-1.2180917379076401,0.5915870634889482,1.1178164223512872,-0.6357584328337811,-1.1798943823080044,1.6268496124063252,-0.7971289747910258,0.5736503061353755,-0.31144531652753044,-1.0397032746528032,1.1632897979070527,-0.5194278447724615,1.1354496330684263,-1.177312447533007,-1.0070924089202808,-1.7142004469650303,1.0010504665096487,1.2917714194110212,-0.29582046045913235,0.6089614238900877,-1.4292573076643382,0.8481727607833895,1.0113276341172417,-3.3079364327138014,0.955723371349398,-0.41235126483048457,-1.1879008418814057,-3.8852660962174537,-0.14934751251815692,0.13324790427491054,-0.8106622944318921,-0.25606759057494916,2.647881922268826,-0.4923848733110825
-5.504221558609504,-7.693015387636139,3.1498861486185143,-3.3641650455871344,1.3502219458360951,0.4168426461845027,2.4501449029805498,5.4470109985767206,3.2932872474419606,1.022471027991258,-2.208441219394038,0.8355541267971116,2.042418350984087,-1.4599120420367366,-2.070401437890931,3.7502664110784076,-1.4961438612606528,1.206653120222061,-0.5795255964166812,-1.4340555665165913,1.3736401253584027,-1.3649704118813062,2.2486394154593454,-2.231482165735883,-1.7484019093641923,-4.185323920511594,1.5251223957963769,2.5566763206908267,-0.5458554946704923,1.2109913325578359,-2.6708314894108955,1.1911924783774082,1.3725294249522357,-6.58819356865516,1.9276692375894526,-1.5486678229645563,-2.125887941339913,-7.813534178437329,-0.4592994354962224,0.5845173098884257,-1.9483474292149123,-0.2986536077978232,5.751084062443688,-0.7801667011373491
-3.183091314554209,-4.758603948074202,1.9420097257690638,-2.0448427459123075,0.7742083570949387,0.10518213312816271,1.2752432715535396,3.2932872474419606,2.2478863081000875,0.6887455332026308,-1.4392669837550263,0.3014521150709193,1.2680204966036515,-0.8996705665940612,-1.3196440394227742,2.300518903111522,-0.9284340995651374,0.7142564814207419,-0.4116842687069317,-0.7044119835711404,0.6209020907933465,-0.8469818199377234,1.311046382474067,-1.3525423335444235,-0.9873202910772252,-2.6761478724326984,0.8169980572465614,1.4764018723283074,-0.25232643751765044,0.7809298169514135,-1.5583624941953413,0.5362222126387167,0.7342952100790858,-3.9159140430894523,1.0876273705558392,-1.078152778221622,-1.0743375089187317,-4.840584578379011,-0.09579196402331355,0.47051488647059225,-1.2371353215154897,-0.1049616690223613,3.571546063873884,-0.49302914460660185
-0.8410300705070978,-1.7080522790685342,1.0194491645149557,-0.3122093874447781,-0.02484590479179988,0.0992870906015612,0.5496571809516196,1.022471027991258,0.6887455332026308,0.848996145503962,-0.70771060283759,0.18524630879161727,0.678280655487116,-0.1900575050262264,-0.3827647971463755,0.19267021795118536,-0.2065990537403752,0.15271138167163595,-0.35967427069962954,-0.5583697558068146,0.89421995480101,0.027603518329045465,0.6032201748677927,-0.19927953367112586,-0.13136910073575786,-0.345432583932067,0.4742578456431544,0.8559184485326894,0.4709396923039699,0.38500223997968247,-0.7250185955778603,0.8238752498988114,0.6577611455992707,-1.1099541198454173,-0.09832935741787927,0.19880451482653305,-0.3027701246176495,-1.0704984122936754,0.12905726500655343,0.005008519867360435,0.10602866116446037,0.16561066867442467,0.8840773682764755,-0.14581126440523415
2.6355511317017806,3.621721878301306,-1.7138486191160776,1.7941465113317538,-0.5113182181939184,0.11793961830780167,-1.2180917379076401,-2.208441219394038,-1.4392669837550263,-0.70771060283759,1.462334799357364,-0.37540034904650693,-1.348981952634295,0.7034675252554858,1.2241005661678481,-1.5898439386804442,0.8063379035291929,-0.47471987877458144,0.3830220896678841,0.9975261308448977,-1.101987827867142,0.44737377152374214,-1.0647603759804458,1.030318038245627,0.8400266899930428,1.839050714797874,-0.9663938964948087,-1.1741622428266958,0.16036757591250975,-0.7312636317762837,1.1494710090904836,-0.657409968523775,-0.8472747437113907,3.185248935434859,-0.8363928948991879,0.5265508790524874,0.9562303076558177,4.166262700652295,-0.08849301622571633,-0.09219105981481784,0.9278620777413661,0.02816526780717203,-2.5430907312950377,0.6664758162294275
-0.99475815876578,-1.0303912472761692,0.47719512773931316,-0.5596367031653907,0.31954729468799364,0.13594513847208373,0.5915870634889482,0.8355541267971116,0.3014521150709193,0.18524630879161727,-0.37540034904650693,0.4543533600722494,0.5279446546026888,-0.3808561222007959,-0.3918765976667384,0.6494753126687477,-0.1947930580721633,0.005356130261438732,0.02262755418946196,-0.44135288493412783,0.7062810047629896,-0.21801807662649972,0.5046498580878018,-0.3357950007278012,-0.3427866265340961,-0.5714803754710189,0.5098228980768312,0.3847710499209105,-0.12328060433173695,0.299789993886763,-0.3028029020485512,0.3205727992235887,0.20351082775892268,-1.12184851421967,0.41884240093984554,-0.06768158848978002,-0.6077432302313166,-1.344724533654754,-0.1920765422047829,-0.1441296953236918,-0.3011827950112154,-0.03667140205976964,0.8257700755080688,-0.1395387556535119
-2.309481927479369,-3.022497903080972,1.5448395383938762,-1.6394743789441342,0.6838836299716575,-0.13853620704347272,1.1178164223512872,2.042418350984087,1.2680204966036515,0.678280655487116,-1.348981952634295,0.5279446546026888,1.6344713262399024,-0.9281901169183095,-1.0462209910624862,1.5989551727909985,-0.642898881906436,0.11091279573124738,-0.20288486470738237,-0.8863575000549964,1.425763434720919,-0.36679994074395506,1.1304014783598264,-0.8286279049580644,-0.6813920201739819,-1.7271016411968103,1.1161978476337628,1.1084284283911239,-0.11738034869345094,0.8461370240880547,-0.8113526371721328,0.5632215939744875,0.5505251189921584,-2.8186534871372007,0.8861781628177258,-0.48184812324615045,-1.1082302072892773,-3.9678772708564,-0.05860781011355118,-0.12606382072584982,-0.9406989610787124,0.09083436844057528,2.2161279333059825,-0.5796245199535937
1.5361017102551737,1.8570304892963236,-0.774245553958762,1.0979693853355807,-0.63087293965473,0.03162131202134442,-0.6357584328337811,-1.4599120420367366,-0.8996705665940612,-0.1900575050262264,0.7034675252554858,-0.3808561222007959,-0.9281901169183095,0.7387657932805555,0.6953427351610966,-1.3564493156901278,0.392592603683697,-0.027722619367054016,-0.03729678547572994,0.3745093020519279,-0.6370459909285116,0.4615022225283889,-0.7261078389010679,0.6172111943269113,0.5112334580712602,1.4074502099299557,-0.6459844279142958,-0.5084870253544069,0.303630397739492,-0.5159271213990648,0.37071213290342464,-0.05549150257200102,-0.015082609805683326,1.8847719731948729,-0.8060967180927563,0.5700647061901101,0.7705017345436971,2.702262778847852,0.16887044842664906,0.02762334540562592,0.8286724934548685,0.010569062443233723,-1.603186223177337,0.29188746803975385
2.6606793218883587,3.2378351923331974,-1.3829331806617031,1.788616794789929,-0.47680581878300987,0.12280913627315737,-1.1798943823080044,-2.070401437890931,-1.3196440394227742,-0.3827647971463755,1.2241005661678481,-0.3918765976667384,-1.0462209910624862,0.6953427351610966,1.358866921632088,-1.671244867000102,0.7778676854138161,-0.3625392711545211,0.18445012852222112,0.775883139031722,-0.814343724338067,0.6711859598527427,-0.9450148866480031,1.154778674183244,0.95090368807004,1.8437354051348787,-0.880043861019808,-0.7311684731301364,0.41791994598774945,-0.6169559098416133,0.9825445653306993,-0.3016251828857323,-0.5833217984030484,2.9313648816150213,-0.9619496458959076,0.5714746222396069,0.8180856902099062,3.871626808585743,-0.15732055315436005,-0.16225770420085714,1.0175534578228669,0.2045129948260302,-2.4705550139048227,0.52200382225736075
-4.136951189661696,-5.187165069444728,1.9288202921361042,-2.8953614835665222,1.4026481318419792,0.04902309280097871,1.6268496124063252,3.7502664110784076,2.300518903111522,0.19267021795118536,-1.5898439386804442,0.6494753126687477,1.5989551727909985,-1.3564493156901278,-1.671244867000102,3.3665494529524276,-1.1782999683623891,0.7862420578103835,-0.10913031404769705,-0.9064946854594481,0.6870160546256662,-1.2052041189707616,1.5066276406354386,-1.7715016607343093,-1.4558109233422138,-3.6310311951890926,1.1404361188530392,1.3529079720371207,-0.9759220131439726,0.9282367205590436,-1.3904727019844407,0.1648239941323068,0.4227206984251184,-5.044882492732987,1.975847727714851,-1.6244746153445866,-1.7156292348071125,-6.692755764370547,-0.4518794257591193,0.3013460667024363,-2.0536764079894496,-0.2893197425582276,4.317604248205538,-0.7993879491637192
1.8528846257108196,2.3953479388853247,-0.9880976698549627,1.2935597122009728,-0.3785432434425334,0.035221124145393044,-0.7971289747910258,-1.4961438612606528,-0.9284340995651374,-0.2065990537403752,0.8063379035291929,-0.1947930580721633,-0.642898881906436,0.392592603683697,0.7778676854138161,-1.1782999683623891,0.5911585183780248,-0.4640623364789012,0.20077523145858764,0.5507065705328658,-0.3624917750485769,0.4039424714075082,-0.5893763619453559,0.7905935344170346,0.6420735756893882,1.3511875306609742,-0.48526884146331384,-0.6780217522411652,0.31033555602188667,-0.3519983887568888,0.7938510784304864,-0.27939650342495814,-0.5245308176126441,2.162137406613876,-0.6570555621235784,0.5095920081866668,0.6207990566894264,2.7718607868969647,0.015030236314464733,-0.15894291884271608,0.7395231515333632,0.1518668381616463,-1.7844576841963795,0.43358900170676296
-1.3969945789600349,-2.102108695270331,0.7770727654592923,-0.829755478402546,0.2574533037696534,0.1658532236496831,0.5736503061353755,1.206653120222061,0.7142564814207419,0.15271138167163595,-0.47471987877458144,0.005356130261438732,0.11091279573124738,-0.027722619367054016,-0.3625392711545211,0.7862420578103835,-0.4640623364789012,0.8464007717309543,-0.2737490623469691,-0.4485553406125819,-0.18923224916940354,-0.22420943520040668,0.2913755237625168,-0.5578716110458677,-0.47514582451397436,-1.0350003370968872,0.07360887479831905,0.7091632019561954,-0.21006392194490042,0.056972205309221965,-0.854301913003064,0.4260423994596628,0.5689234657559205,-1.8212483795736887,0.4091756561711908,-0.44016792835506924,-0.41512942653829504,-1.9054041370458044,-0.16683813255463562,0.25754608921021466,-0.4105464742667298,-0.19698854493936274,1.4465350078185124,-0.3764482933598989
0.5622413823896064,1.127825055538827,-0.5620009547420476,0.31259210482616145,0.07573689899545817,-0.054440965438616824,-0.31144531652753044,-0.5795255964166812,-0.4116842687069317,-0.35967427069962954,0.3830220896678841,0.02262755418946196,-0.20288486470738237,-0.03729678547572994,0.18445012852222112,-0.10913031404769705,0.20077523145858764,-0.2737490623469691,0.31395496434414094,0.29565629076375455,-0.22689069423863265,-0.023938278466890808,-0.23731082735601144,0.20669955545924742,0.1273407343681863,0.21079529955192014,-0.1149625293555393,-0.5484158755416318,-0.18243542537823598,-0.11445554213154882,0.5624334909412633,-0.4187665929822164,-0.5340402785364787,0.7202373413281411,0.051775005261422265,0.014132929081911778,0.13361090879797266,0.6706719375532247,-0.059754402282039175,-0.15173772930008284,-0.02524380464539608,-0.02203226986512639,-0.6033843882270975,0.11897981451356128
1.921618355125204,2.4781811296188367,-1.2291323487742858,1.1796733364771326,-0.31142854714781854,-0.061959824656176284,-1.0397032746528032,-1.4340555665165913,-0.7044119835711404,-0.5583697558068146,0.9975261308448977,-0.44135288493412783,-0.8863575000549964,0.3745093020519279,0.775883139031722,-0.9064946854594481,0.5507065705328658,-0.4485553406125819,0.29565629076375455,1.011024626741941,-1.0389821702500779,0.2107965841282104,-0.7619596164393239,0.6530118543867368,0.6156015286780304,1.0236633527045103,-0.7731857566220591,-0.9458787959328655,0.08014969300123664,-0.4545254645869463,0.8999955333618742,-0.811834859789852,-0.8343879192127088,2.2926304988971293,-0.5445509636850955,0.10326921776014575,0.8313705765396292,2.7432595414675975,0.0674170992687735,0.09664292286082961,0.47073072164746604,0.06536485260387624,-1.5913379234139984,0.5317035888590635
-1.711641628971211,-2.0774229191113216,1.3384480911620256,-0.9871596303083455,0.2442974811850655,0.016230235290386433,1.1632897979070527,1.3736401253584027,0.6209020907933465,0.89421995480101,-1.101987827867142,0.7062810047629896,1.425763434720919,-0.6370459909285116,-0.814343724338067,0.6870160546256662,-0.3624917750485769,-0.18923224916940354,-0.22689069423863265,-1.0389821702500779,1.9820786679158264,-0.0721466893100284,1.0595033232322684,-0.4779112089411041,-0.44482348787978143,-0.6078995752461377,1.1977889764994376,1.0259448310780854,0.2545837297061359,0.7467447492741124,-0.747584005105707,0.9884540553401784,0.801599974701052,-1.8193365916878654,0.39790215938628426,0.2951513274344788,-0.9556136608060914,-2.348218419753439,0.015103157344296052,-0.34316991766421323,-0.2193851465046989,0.12361430714951739,1.2255202102993488,-0.3189502569990206
1.4669609758767386,1.770044088820008,-0.5457420156641148,0.970684779908732,-0.4354638716831468,-0.055166448906098904,-0.5194278447724615,-1.3649704118813062,-0.8469818199377234,0.027603518329045465,0.44737377152374214,-0.21801807662649972,-0.36679994074395506,0.4615022225283889,0.6711859598527427,-1.2052041189707616,0.4039424714075082,-0.22420943520040668,-0.023938278466890808,0.2107965841282104,-0.0721466893100284,0.6080771411469876,-0.5091802371738653,0.695116518379125,0.5493716978203964,1.3041676861221487,-0.33846950143204485,-0.28905427794463323,0.4143284968851939,-0.263076910759667,0.47477078760767716,0.07277106054602371,-0.044915049414506955,1.652557063463217,-0.701755203749906,0.5919936388362946,0.48781036550990015,2.134148275228334,0.09189551546806535,-0.18643301147433552,0.7505558872190953,0.18048726047893376,-1.5455585174400388,0.1679885714476256
-2.320077495409027,-3.160640281122615,1.4275616781608758,-1.4022918334195955,0.5581497257562558,0.14052722084156596,1.1354496330684263,2.2486394154593454,1.311046382474067,0.6032201748677927,-1.0647603759804458,0.5046498580878018,1.1304014783598264,-0.7261078389010679,-0.9450148866480031,1.5066276406354386,-0.5893763619453559,0.2913755237625168,-0.23731082735601144,-0.7619596164393239,1.0595033232322684,-0.5091802371738653,1.0937156532612224,-0.8810878453613253,-0.711361511920863,-1.6174928320530852,0.8813369218047362,1.1296895428400064,-0.1180180806915912,0.6506983719016213,-1.0649084956719204,0.6400937513332449,0.6187027042995702,-2.740166509566286,0.7962066217101021,-0.46306005367911723,-1.0048900029579293,-3.3421259972021113,-0.16192219430682306,0.08757971269861349,-0.7481153910326906,-0.039483819900754794,2.2952028801685973,-0.3342763618899726
2.712407923638923,3.344969686705648,-1.2861739490306068,1.8230358096348365,-0.5542471577050343,-0.02649175626656859,-1.177312447533007,-2.231482165735883,-1.3525423335444235,-0.19927953367112586,1.030318038245627,-0.3357950007278012,-0.8286279049580644,0.6172111943269113,1.154778674183244,-1.7715016607343093,0.7905935344170346,-0.5578716110458677,0.20669955545924742,0.6530118543867368,-0.4779112089411041,0.695116518379125,-0.8810878453613253,1.2031310491950875,0.9659053889633346,1.9307893283133795,-0.6927734817887116,-0.8731171487374024,0.519784798879048,-0.48603243238261723,1.1317790910619292,-0.27544003614058304,-0.6149886883744118,3.0056479352997063,-1.0343166098404108,0.7692532213479399,0.9091628817334672,3.8023152908030298,0.06832225148445917,-0.2995394233689756,1.0541695241347029,0.29702993542868456,-2.6036706362816306,0.45915224809005034
2.2419730811253995,2.6488553166465056,-1.0283860715803983,1.4852381007070385,-0.49241194609374783,-0.030994028810255588,-1.0070924089202808,-1.7484019093641923,-0.9873202910772252,-0.13136910073575786,0.8400266899930428,-0.3427866265340961,-0.6813920201739819,0.5112334580712602,0.95090368807004,-1.4558109233422138,0.6420735756893882,-0.47514582451397436,0.1273407343681863,0.6156015286780304,-0.44482348787978143,0.5493716978203964,-0.711361511920863,0.9659053889633346,0.8262409844951819,1.56226962855116,-0.6063063684428274,-0.6709786991008049,0.48093036739925493,-0.38789436404599636,0.868074902136038,-0.25002368993770274,-0.48019434808962586,2.520914285903696,-0.8951940579787572,0.5891163227672095,0.7999492853653264,3.16412713795807,0.09578509774480747,-0.17000442816502068,0.8758103315304628,0.24957381522594027,-2.0775845953609187,0.4255362722588236
4.529968344547079,5.975569688809511,-2.2690595700382152,3.1523869565388067,-1.4768806910954166,-0.015888225731405296,-1.7142004469650303,-4.185323920511594,-2.6761478724326984,-0.345432583932067,1.839050714797874,-0.5714803754710189,-1.7271016411968103,1.4074502099299557,1.8437354051348787,-3.6310311951890926,1.3511875306609742,-1.0350003370968872,0.21079529955192014,1.0236633527045103,-0.6078995752461377,1.3041676861221487,-1.6174928320530852,1.9307893283133795,1.56226962855116,4.0829849376455565,-1.1690988894218484,-1.5637490498345312,0.9669538993241356,-0.9960633813998061,1.6312588280001072,-0.2802132368910925,-0.5571734345243635,5.640464485017746,-2.041751987621053,1.7912021824070536,1.7410571434617625,7.414534317048451,0.3776733754199108,-0.38644679397387965,2.240290206871861,0.2848565583890146,-4.832919279538586,0.9647153437631908
-1.908139502691624,-2.2517574105777163,1.135094348394275,-1.2399212637595844,0.43573821653892053,-0.03235420718409106,1.0010504665096487,1.5251223957963769,0.8169980572465614,0.4742578456431544,-0.9663938964948087,0.5098228980768312,1.1161978476337628,-0.6459844279142958,-0.880043861019808,1.1404361188530392,-0.48526884146331384,0.07360887479831905,-0.1149625293555393,-0.7731857566220591,1.1977889764994376,-0.33846950143204485,0.8813369218047362,-0.6927734817887116,-0.6063063684428274,-1.1690988894218484,0.919958381448008,0.7705385732546407,-0.14979862032337476,0.5959225861222708,-0.6842228625323604,0.511924098428751,0.4966738716601603,-2.1210572247716053,0.7049032108835289,-0.20801677405199895,-0.8697322576278643,-2.8425153003452075,-0.041469568356737825,-0.1258350929226531,-0.6315503594811047,-0.03618576665626615,1.6123093025104855,-0.3842492837716682
-2.493175189245395,-3.8627306450011085,1.7953955325051072,-1.434452851524021,0.47361525560608264,0.299727936838988,1.2917714194110212,2.5566763206908267,1.4764018723283074,0.8559184485326894,-1.1741622428266958,0.3847710499209105,1.1084284283911239,-0.5084870253544069,-0.7311684731301364,1.3529079720371207,-0.6780217522411652,0.7091632019561954,-0.5484158755416318,-0.9458787959328655,1.0259448310780854,-0.28905427794463323,1.1296895428400064,-0.8731171487374024,-0.6709786991008049,-1.5637490498345312,0.7705385732546407,1.7397472004051182,0.11405810039288283,0.5892363859136515,-1.5825826881119787,1.12595653276793,1.142140482992845,-3.0979059929609036,0.610309747783142,-0.44289811444955773,-1.099419300673252,-3.4082215005351206,-0.2899611525020166,0.2280272596022883,-0.5433700750971004,-0.023389938364288057,2.535494582584061,-0.4115876452981915
1.0018608624332201,0.7094455509058553,-0.047045717174523875,0.8611093935057834,-0.444966097986298,0.08232861367507642,-0.29582046045913235,-0.5458554946704923,-0.25232643751765044,0.4709396923039699,0.16036757591250975,-0.12328060433173695,-0.11738034869345094,0.303630397739492,0.41791994598774945,-0.9759220131439726,0.31033555602188667,-0.21006392194490042,-0.18243542537823598,0.08014969300123664,0.2545837297061359,0.4143284968851939,-0.1180180806915912,0.519784798879048,0.48093036739925493,0.9669538993241356,-0.14979862032337476,0.11405810039288283,0.6801038978263437,-0.054828359334250655,0.042971644430186896,0.4150042512237035,0.19637424871277914,1.0946322078504724,-0.7688723209859715,0.6021812293226004,0.3989430059092417,1.7010606198228182,0.1808881495975416,-0.06526903812016284,0.7658545587345058,0.2515184624130828,-0.8789057736973698,0.2512455267273543
-1.2913552730092799,-1.745395339200186,0.8509508039073354,-0.8866959841218283,0.36884638592572394,-0.04609006627877406,0.6089614238900877,1.2109913325578359,0.7809298169514135,0.38500223997968247,-0.7312636317762837,0.299789993886763,0.8461370240880547,-0.5159271213990648,-0.6169559098416133,0.9282367205590436,-0.3519983887568888,0.056972205309221965,-0.11445554213154882,-0.4545254645869463,0.7467447492741124,-0.263076910759667,0.6506983719016213,-0.48603243238261723,-0.38789436404599636,-0.9960633813998061,0.5959225861222708,0.5892363859136515,-0.054828359334250655,0.48187790539762154,-0.4682515927361453,0.28715031678975644,0.2887149773568638,-1.5753964438752166,0.484194937279797,-0.28210698954283225,-0.5860843654625186,-2.170016284599479,-0.02330957579974951,-0.03096163508027258,-0.5071602475419027,0.050229706828078535,1.2998961622929912,-0.27149399037610356
2.849871140651861,4.146945849210708,-1.798366548408004,1.5993806815224367,-0.30309922203708956,-0.3006430408338714,-1.4292573076643382,-2.6708314894108955,-1.5583624941953413,-0.7250185955778603,1.1494710090904836,-0.3028029020485512,-0.8113526371721328,0.37071213290342464,0.9825445653306993,-1.3904727019844407,0.7938510784304864,-0.854301913003064,0.5624334909412633,0.8999955333618742,-0.747584005105707,0.47477078760767716,-1.0649084956719204,1.1317790910619292,0.868074902136038,1.6312588280001072,-0.6842228625323604,-1.5825826881119787,0.042971644430186896,-0.4682515927361453,1.800195213776746,-1.0326339070400907,-1.2585283099790496,3.2214350654461437,-0.6459396881920454,0.4556914857491781,0.9319680045295597,3.3959260045046205,0.10737016635227718,-0.4298036761168001,0.5768928526213563,0.23367581942480678,-2.763779674644977,0.3636300929317658
-1.1901088535517925,-2.0083609035635868,1.1373623625696938,-0.41723763800599994,-0.022992806272893285,0.2988898721625697,0.8481727607833895,1.1911924783774082,0.5362222126387167,0.8238752498988114,-0.657409968523775,0.3205727992235887,0.5632215939744875,-0.05549150257200102,-0.3016251828857323,0.1648239941323068,-0.27939650342495814,0.4260423994596628,-0.4187665929822164,-0.811834859789852,0.9884540553401784,0.07277106054602371,0.6400937513332449,-0.27544003614058304,-0.25002368993770274,-0.2802132368910925,0.511924098428751,1.12595653276793,0.4150042512237035,0.28715031678975644,-1.0326339070400907,1.175479229739148,0.9974724577976453,-1.4282256808609914,-0.05179814594472841,0.3097050571956744,-0.5330467701962408,-1.1215606689546664,-0.07288100257921834,-0.02678814811359879,0.1886007427365607,0.03266502174743067,0.9884094273071637,-0.1983090076907992
-1.6914665848660773,-2.520819845010458,1.2720640506855023,-0.9517451161979996,-0.07462482346438185,0.1468975844828486,1.0113276341172417,1.3725294249522357,0.7342952100790858,0.6577611455992707,-0.8472747437113907,0.20351082775892268,0.5505251189921584,-0.015082609805683326,-0.5833217984030484,0.4227206984251184,-0.5245308176126441,0.5689234657559205,-0.5340402785364787,-0.8343879192127088,0.801599974701052,-0.044915049414506955,0.6187027042995702,-0.6149886883744118,-0.48019434808962586,-0.5571734345243635,0.4966738716601603,1.142140482992845,0.19637424871277914,0.2887149773568638,-1.2585283099790496,0.9974724577976453,1.2389177112078409,-1.8371012199353953,0.10181159702613478,0.08163603726504508,-0.5311474240267856,-1.8062041575787033,0.07399390055272466,0.16916054599443545,-0.0710281263370528,-0.10097872305207303,1.4219858943400112,-0.3244653448699958
7.47205063909864,9.92169825346931,-4.105640023848834,4.864132182981746,-1.8971793546131668,-0.24156762059973066,-3.3079364327138014,-6.58819356865516,-3.9159140430894523,-1.1099541198454173,3.185248935434859,-1.12184851421967,-2.8186534871372007,1.8847719731948729,2.9313648816150213,-5.044882492732987,2.162137406613876,-1.8212483795736887,0.7202373413281411,2.2926304988971293,-1.8193365916878654,1.652557063463217,-2.740166509566286,3.0056479352997063,2.520914285903696,5.640464485017746,-2.1210572247716053,-3.0979059929609036,1.0946322078504724,-1.5753964438752166,3.2214350654461437,-1.4282256808609914,-1.8371012199353953,9.108709299834805,-2.8298110360160686,2.094543467967477,2.921494487315601,11.268213595722699,0.543071903464211,-0.518176123128734,2.878051206920407,0.44979286913635136,-7.4516369962394124,1.5663698752758861
-2.4177552825642286,-2.6528773758301383,0.9188909917584626,-1.752122837052051,0.8722534795609707,-0.011500648427783497,0.955723371349398,1.9276692375894526,1.0876273705558392,-0.09832935741787927,-0.8363928948991879,0.41884240093984554,0.8861781628177258,-0.8060967180927563,-0.9619496458959076,1.975847727714851,-0.6570555621235784,0.4091756561711908,0.051775005261422265,-0.5445509636850955,0.39790215938628426,-0.701755203749906,0.7962066217101021,-1.0343166098404108,-0.8951940579787572,-2.041751987621053,0.7049032108835289,0.610309747783142,-0.7688723209859715,0.484194937279797,-0.6459396881920454,-0.05179814594472841,0.10181159702613478,-2.8298110360160686,1.3475337786066992,-0.962856556852254,-1.079110685383157,-3.934809524650878,-0.35054320634009883,0.0932830120513787,-1.2645512776827945,-0.2663658891463934,2.3018366926179854,-0.49693661678875123
1.5787175899300305,2.0789053556488133,-0.5796919216317311,1.276100031770029,-0.7227701316698916,0.02482859475630684,-0.41235126483048457,-1.5486678229645563,-1.078152778221622,0.19880451482653305,0.5265508790524874,-0.06768158848978002,-0.48184812324615045,0.5700647061901101,0.5714746222396069,-1.6244746153445866,0.5095920081866668,-0.44016792835506924,0.014132929081911778,0.10326921776014575,0.2951513274344788,0.5919936388362946,-0.46306005367911723,0.7692532213479399,0.5891163227672095,1.7912021824070536,-0.20801677405199895,-0.44289811444955773,0.6021812293226004,-0.28210698954283225,0.4556914857491781,0.3097050571956744,0.08163603726504508,2.094543467967477,-0.962856556852254,1.0815832924021516,0.6432551372933891,2.9485813214518535,0.2848197982369421,-0.29001446862971614,1.093741853646806,0.14666291275797405,-1.9163927449062175,0.34503209376455607
2.4316065043632347,2.9475418008498933,-1.2290032900334968,1.6029444979554597,-0.7893042932398668,-0.18019779094911412,-1.1879008418814057,-2.125887941339913,-1.0743375089187317,-0.3027701246176495,0.9562303076558177,-0.6077432302313166,-1.1082302072892773,0.7705017345436971,0.8180856902099062,-1.7156292348071125,0.6207990566894264,-0.41512942653829504,0.13361090879797266,0.8313705765396292,-0.9556136608060914,0.48781036550990015,-1.0048900029579293,0.9091628817334672,0.7999492853653264,1.7410571434617625,-0.8697322576278643,-1.099419300673252,0.3989430059092417,-0.5860843654625186,0.9319680045295597,-0.5330467701962408,-0.5311474240267856,2.921494487315601,-1.079110685383157,0.6432551372933891,1.285026876411901,3.7067878978067146,0.44943726995502686,0.016335945269737365,0.9401281032941409,0.1380480262734566,-2.287210142979864,0.4754813962892412
9.259355436931129,11.836635722050906,-4.890960949889339,6.543526571208145,-2.634424812692829,0.1765451007454658,-3.8852660962174537,-7.813534178437329,-4.840584578379011,-1.0704984122936754,4.166262700652295,-1.344724533654754,-3.9678772708564,2.702262778847852,3.871626808585743,-6.692755764370547,2.7718607868969647,-1.9054041370458044,0.6706719375532247,2.7432595414675975,-2.348218419753439,2.134148275228334,-3.3421259972021113,3.8023152908030298,3.16412713795807,7.414534317048451,-2.8425153003452075,-3.4082215005351206,1.7010606198228182,-2.170016284599479,3.3959260045046205,-1.1215606689546664,-1.8062041575787033,11.268213595722699,-3.934809524650878,2.9485813214518535,3.7067878978067146,15.026986602637214,0.5591148842913793,-0.440126682686352,4.131783558089294,0.5115822039120912,-9.166824773286205,2.2144437649627147
0.31674781996361,0.35063555932198553,-0.01658654708960375,0.16731360680038002,-0.36668160988411114,-0.2415914455761879,-0.14934751251815692,-0.4592994354962224,-0.09579196402331355,0.12905726500655343,-0.08849301622571633,-0.1920765422047829,-0.05860781011355118,0.16887044842664906,-0.15732055315436005,-0.4518794257591193,0.015030236314464733,-0.16683813255463562,-0.059754402282039175,0.0674170992687735,0.015103157344296052,0.09189551546806535,-0.16192219430682306,0.06832225148445917,0.09578509774480747,0.3776733754199108,-0.041469568356737825,-0.2899611525020166,0.1808881495975416,-0.02330957579974951,0.10737016635227718,-0.07288100257921834,0.07399390055272466,0.543071903464211,-0.35054320634009883,0.2848197982369421,0.44943726995502686,0.5591148842913793,0.4718676783167678,0.02568681837044388,0.1963659145268933,0.043814922548423896,-0.3866209438958116,0.009100018028357373
-0.48237432775592587,-0.8690024094596491,0.22730077336207968,-0.2751692902576899,-0.01178575759894837,0.07521603699975372,0.13324790427491054,0.5845173098884257,0.47051488647059225,0.005008519867360435,-0.09219105981481784,-0.1441296953236918,-0.12606382072584982,0.02762334540562592,-0.16225770420085714,0.3013460667024363,-0.15894291884271608,0.25754608921021466,-0.15173772930008284,0.09664292286082961,-0.34316991766421323,-0.18643301147433552,0.08757971269861349,-0.2995394233689756,-0.17000442816502068,-0.38644679397387965,-0.1258350929226531,0.2280272596022883,-0.06526903812016284,-0.03096163508027258,-0.4298036761168001,-0.02678814811359879,0.16916054599443545,-0.518176123128734,0.0932830120513787,-0.29001446862971614,0.016335945269737365,-0.440126682686352,0.02568681837044388,0.3431046104463664,-0.13465853229996988,-0.11122149015334111,0.6659265420987519,0.05139750285026332
2.342317882646134,2.748211293098549,-0.9661078170926609,1.8315087083469532,-0.8825900004193347,0.1468228430670811,-0.8106622944318921,-1.9483474292149123,-1.2371353215154897,0.10602866116446037,0.9278620777413661,-0.3011827950112154,-0.9406989610787124,0.8286724934548685,1.0175534578228669,-2.0536764079894496,0.7395231515333632,-0.4105464742667298,-0.02524380464539608,0.47073072164746604,-0.2193851465046989,0.7505558872190953,-0.7481153910326906,1.0541695241347029,0.8758103315304628,2.240290206871861,-0.6315503594811047,-0.5433700750971004,0.7658545587345058,-0.5071602475419027,0.5768928526213563,0.1886007427365607,-0.0710281263370528,2.878051206920407,-1.2645512776827945,1.093741853646806,0.9401281032941409,4.131783558089294,0.1963659145268933,-0.13465853229996988,1.436233385907761,0.18315345983618672,-2.42054542007692,0.5885696121778886
0.5848999162460792,0.46021513352458265,-0.06438097818900482,0.3694162438087667,-0.053069315894069866,-0.04938591026400922,-0.25606759057494916,-0.2986536077978232,-0.1049616690223613,0.16561066867442467,0.02816526780717203,-0.03667140205976964,0.09083436844057528,0.010569062443233723,0.2045129948260302,-0.2893197425582276,0.1518668381616463,-0.19698854493936274,-0.02203226986512639,0.06536485260387624,0.12361430714951739,0.18048726047893376,-0.039483819900754794,0.29702993542868456,0.24957381522594027,0.2848565583890146,-0.03618576665626615,-0.023389938364288057,0.2515184624130828,0.050229706828078535,0.23367581942480678,0.03266502174743067,-0.10097872305207303,0.44979286913635136,-0.2663658891463934,0.14666291275797405,0.1380480262734566,0.5115822039120912,0.043814922548423896,-0.11122149015334111,0.18315345983618672,0.22839032317652835,-0.40804636908897807,0.05012859260250968
-6.19849251145393,-8.405301597837939,3.350551386498895,-4.019460874370551,1.543195965195606,0.2486862307665987,2.647881922268826,5.751084062443688,3.571546063873884,0.8840773682764755,-2.5430907312950377,0.8257700755080688,2.2161279333059825,-1.603186223177337,-2.4705550139048227,4.317604248205538,-1.7844576841963795,1.4465350078185124,-0.6033843882270975,-1.5913379234139984,1.2255202102993488,-1.5455585174400388,2.2952028801685973,-2.6036706362816306,-2.0775845953609187,-4.832919279538586,1.6123093025104855,2.535494582584061,-0.8789057736973698,1.2998961622929912,-2.763779674644977,0.9884094273071637,1.4219858943400112,-7.4516369962394124,2.3018366926179854,-1.9163927449062175,-2.287210142979864,-9.166824773286205,-0.3866209438958116,0.6659265420987519,-2.42054542007692,-0.40804636908897807,6.4464706525290865,-1.0969416880129894
1.197134575480263,1.4949972344883595,-0.6782880638669984,0.9482145935739356,-0.3410190621516453,0.13980452950429165,-0.4923848733110825,-0.7801667011373491,-0.49302914460660185,-0.14581126440523415,0.6664758162294275,-0.1395387556535119,-0.5796245199535937,0.29188746803975385,0.52200382225736075,-0.7993879491637192,0.43358900170676296,-0.3764482933598989,0.11897981451356128,0.5317035888590635,-0.3189502569990206,0.1679885714476256,-0.3342763618899726,0.45915224809005034,0.4255362722588236,0.9647153437631908,-0.3842492837716682,-0.4115876452981915,0.2512455267273543,-0.27149399037610356,0.3636300929317658,-0.1983090076907992,-0.3244653448699958,1.5663698752758861,-0.49693661678875123,0.34503209376455607,0.4754813962892412,2.2144437649627147,0.009100018028357373,0.05139750285026332,0.5885696121778886,0.05012859260250968,-1.0969416880129894,0.5186560516922064
