V1,V2,V3,V4,V5,V6,V7,V8,V9,V10,V11,V12,V13,V14,V15,V16,V17,V18,V19,V20,V21,V22,V23,V24,V25,V26,V27,V28,V29,V30,V31,V32,V33,V34,V35,V36,V37,V38,V39,V40,V41,V42,V43,V44
1.2093909133965324,1.0556042284292348,-0.45233842063749385,0.11776979010770018,-1.3978043354178367,-1.410322097185563,1.4197385540104615,0.29743035660443484,-0.5810079850878431,-2.072406438410372,1.3412966249115748,-0.80585057881326,1.7540003376480824,-0.3382059708620217,-1.2823462652703952,-0.6931009999698631,-0.36655703110537546,1.2559050647451746,-1.0196675609732018,-1.238635883181898,0.43097625966965875,-0.63455603376622,0.625615614572399,-0.5447858755938935,0.8574692904083395,-0.40548539313347226,0.5776490866333908,0.6242133840466433,0.5905539849688312,-0.055266617627898806,-0.8096162577272532,0.6453157763373042,-0.3642806740208295,1.9377584476466712,-0.6010804620941053,-1.5715214275915599,-0.21350980063765593,-0.13063428270863459,-1.3284953198077416,-0.31442188207982874,0.11107219352441752,-0.32472827711265845,-0.4745433643631968,-1.873387781269203
1.0556042284292348,3.6451086497881864,0.007692731544533716,-0.16444808409803313,-0.8841192697760925,-2.7088513521863,4.759246453633909,-0.4799593634654271,-0.5530529027426966,-3.691640571275865,3.018367161958696,-2.1462019607904534,3.5337268775345136,0.550543693366687,-1.9574145048948948,-1.9882822411571883,-2.0040942826455708,2.5501030159351377,-2.313290620845414,-2.8723421785905967,1.0988333568608308,-1.046492818679896,1.2014277560887638,-0.8602555092087951,1.5564829824194961,-1.3176606828623487,2.7356000245834005,1.8984619309509443,0.6928894229653753,0.7871480806197189,-2.271954519698056,3.671490127510778,0.5761346279010026,4.814370548858378,-2.224294741970826,-2.2789945831100624,0.6705118329869872,0.6791233784472389,-2.898873339212585,0.8031202827555897,0.5738842657986901,-0.999435530927578,-0.8343821011688214,-4.523361901090642
-0.45233842063749385,0.007692731544533716,0.5055755028474107,-0.26874839352200613,0.12420526085597389,-0.2720851275173995,2.3149560962869872e-4,-0.19643397499798734,-0.1833613170898642,0.18980925100028756,-0.09989959514116424,0.0019820454676691412,-0.3286784615200242,0.18600657739185952,0.3899942225316961,0.21800880878091697,0.3088744687306898,-0.14994899228527825,-0.0974409543132225,0.10679175481114113,-0.3060376853621631,0.20619346586605505,-0.05917256607733551,0.048139071630352075,-0.20810243840682247,0.0826917616249151,0.34953868246122977,-7.33150538287047e-4,-0.4222230061843083,0.12071786241849168,0.3509718708091052,0.28058343341739905,0.4469132687133336,-0.1439306895602962,-0.11737874857603264,0.14293048188558244,0.1408420289127358,0.3053312156858279,-0.3307924622469014,0.601481903967247,-0.17438511445724256,-0.0028198207003858034,0.011349279535627125,0.3826234048932937
0.11776979010770018,-0.16444808409803313,-0.26874839352200613,0.45259229162000547,0.28568880485203685,0.5596574199711171,-0.07083753268578508,0.0394781827965105,0.3292623203048186,0.21674936230632974,-0.29815154712633257,0.49298762100040594,-0.0032413029110404143,0.14402434342233253,0.14052575137719892,-0.015188360457669062,-0.4753835134799735,-0.1620947650853183,0.2190152165723694,-0.010740453394613473,0.29871692625240864,-0.3880375066653158,-0.10693800044412646,0.1607581117811829,-0.06365173602008466,-0.13200808831742372,-0.5945464412026059,-0.04382937787932314,0.3032590141406037,-0.07887188803376279,-0.1793105077804631,-0.29868114980700833,-0.15325497055182483,-0.18767217840515277,0.21827693169750553,-0.06545703218430526,-0.09115769474795543,-0.1253004986845934,0.5337746833971172,-0.35341248004271153,0.2218191081299551,-0.14948189759442,-0.0016661614739503076,-0.14352561125718974
-1.3978043354178367,-0.8841192697760925,0.12420526085597389,0.28568880485203685,3.1570844345433255,2.705160662591046,-1.4813138144913542,-0.6746647476577934,1.2668534224913102,2.774844897941004,-1.7729059857333747,1.4380249654355566,-1.8381797522654242,1.1843520449951812,1.9629537384659594,-0.07914299700706134,-0.3684594942763785,-1.597597099278019,0.8432875989726761,1.2633836382702426,0.062305464312294126,0.6132380600202633,-0.6416248119966407,1.3535583193471397,-1.2387053199218614,0.1921736037092988,-1.1816256946928327,-0.8772174378235357,-0.2614457559703948,0.5017440657758574,0.17408639678017943,-0.900920005333133,0.8432980486464297,-1.5372343546981662,0.3578160122761584,2.3384694326303808,0.3954401427468241,0.4548920536829399,2.256643597163473,0.12094287161459623,-0.31984281087869637,-0.11171881744875856,0.22478356149429488,1.8556524066533615
-1.410322097185563,-2.7088513521863,-0.2720851275173995,0.5596574199711171,2.705160662591046,3.9657334272527667,-3.605156802071447,-0.06561066237179167,1.630580176622527,4.179621572778733,-3.0112174202651536,2.17330846380982,-3.190447436458411,0.3279060349059174,2.1570230344263215,1.120759494449509,0.3064134178121611,-2.5444306732246185,2.465716862875061,2.5012008332032587,-0.2666112604122538,0.8335600991221165,-1.2749298407856244,1.309053920513462,-1.5774152906356351,0.7664656030509998,-2.605769261506428,-1.5428551666170303,-0.27276008305673405,-0.28267203965469784,1.126970193186393,-2.6730649537579123,-0.22207240958864816,-4.136246998944719,1.7768310496088429,2.9570070449930963,-0.08834368408555085,-0.4564662982197809,3.8278158545329486,-0.8313561684791615,-0.017273720875923756,0.5964280786142059,0.8856209875303072,3.4590175000218397
1.4197385540104615,4.759246453633909,2.3149560962869872e-4,-0.07083753268578508,-1.4813138144913542,-3.605156802071447,6.4914419383341935,-0.5251058814704174,-0.6036082543472666,-4.9280796987970765,3.96988781392763,-2.8442193144703625,4.697040973294069,0.5649537035871693,-2.7893409773311135,-2.3762787378379673,-2.901001268912749,3.399438035689593,-2.7298793831312116,-3.8428668997703035,1.5362661065871928,-1.6285368792443113,1.4958369192696128,-1.3848377969216585,2.1811992323237552,-1.8392492546779038,3.585832011986712,2.660714341739685,0.9848552838965297,0.8646054978051763,-2.972620940873042,5.021122544829979,0.46455046620803847,6.095177442973132,-2.7440159555304655,-3.2140121600319596,0.8722517286838175,0.6755113654500671,-3.708444844183903,0.9624987680550083,1.149614989801462,-1.2577304054658869,-0.9215257763108381,-6.19064782947172
0.29743035660443484,-0.4799593634654271,-0.19643397499798734,0.0394781827965105,-0.6746647476577934,-0.06561066237179167,-0.5251058814704174,0.3585309111491108,-0.1285170852299066,-0.08504889684774122,-0.10740754705879957,-0.003159048325353373,-0.08102850163711389,-0.48878588147149254,-0.2852583982142987,0.30530641592773666,0.38484334785229457,-0.023918655301455205,0.2884568612608833,0.17399171640998637,-0.121808000995008,-1.2521722936059015e-4,-0.04241803175307742,-0.2072186979299535,0.08448225259671104,0.13467878277304873,-0.3368853726271906,-0.1338647569394799,0.07097901018462777,-0.3020664277567068,0.2725836983926544,-0.5448657516786256,-0.492462732857991,-0.45487254173702213,0.3575214955882169,-0.18514199005745488,-0.2748781190122359,-0.37443419089800206,0.13368583885171764,-0.3676964163302764,0.04570604797779157,0.22283282697199056,0.10576342316827353,0.25385169297598714
-0.5810079850878431,-0.5530529027426966,-0.1833613170898642,0.3292623203048186,1.2668534224913102,1.630580176622527,-0.6036082543472666,-0.1285170852299066,0.9888834328541674,1.4585386446094717,-0.9242537687112712,0.564104558855893,-0.878427297106528,0.24126586668443034,0.5373191888756939,0.19348318854522198,-0.6076929145849146,-0.7696283219733325,1.0743537680911641,0.6622135449450305,0.23533801112186284,0.111883164441051,-0.4779850892299199,0.3447353705502026,-0.3994771585044977,-0.01250670614612883,-0.7140833639649092,-0.2692247727074582,0.07783670405770722,-0.009995650490419205,-0.019503596078254446,-0.3359557331810196,-0.1882473669267526,-1.2397755747269232,0.5084838233343025,1.125074064020611,0.18705341461315678,-0.24778781420224313,1.626166496179414,-0.3355217571037759,0.44284323996019265,0.14931304853969135,0.45769373539080654,0.6135977706921506
-2.072406438410372,-3.691640571275865,0.18980925100028756,0.21674936230632974,2.774844897941004,4.179621572778733,-4.9280796987970765,-0.08504889684774122,1.4585386446094717,5.283117548457917,-3.7453215188813354,2.584717542571927,-4.4769230205608945,0.16617245568426528,2.870455874214722,1.9657398180930374,1.3087688706617926,-3.3056159935009495,2.981788399221382,3.4785487807431665,-0.9521952251586837,1.384866602401043,-1.627196502290642,1.419263098474151,-2.0698629607270638,1.3407113981407535,-2.8367146174966114,-2.0636327817392437,-0.889141332455574,-0.46295654806267056,2.1485328536901833,-3.3943876329676868,-0.09637431594951908,-5.650649682560274,2.3146005255070694,3.6855424143638373,-0.14456562199094913,-0.402416644776602,4.098018895990603,-0.5615388806668399,-0.35144396309308307,1.0214529980431721,1.1821279028292253,5.119019200541096
1.3412966249115748,3.018367161958696,-0.09989959514116424,-0.29815154712633257,-1.7729059857333747,-3.0112174202651536,3.96988781392763,-0.10740754705879957,-0.9242537687112712,-3.7453215188813354,2.9873009232099785,-2.1853466553028733,3.26999495622352,-0.04869403522464121,-2.2305487142444522,-1.5191520345410254,-1.2372268205912986,2.5060781921844324,-2.1201435833356945,-2.50842602388141,0.7571126876369354,-0.8678735380555214,1.1879544833502738,-1.1134315872744576,1.641730037999098,-0.9485971585216803,2.534427782358312,1.641882157799395,0.6241277471915226,0.41422827225407755,-1.7692303530128903,2.961095379394771,0.08530579666090635,4.188625411755001,-1.800509191100259,-2.403936326188702,0.36575592964531345,0.35366923371579656,-3.0163047041606084,0.4598662837572092,0.43413193380615595,-0.660898821706313,-0.7297978702561291,-3.917371933811772
-0.80585057881326,-2.1462019607904534,0.0019820454676691412,0.49298762100040594,1.4380249654355566,2.17330846380982,-2.8442193144703625,-0.003159048325353373,0.564104558855893,2.584717542571927,-2.1853466553028733,2.0772322029093413,-2.21285214507655,0.34983343471050643,1.88088520072763,0.9682211470435224,0.7368003379721512,-1.8125019884321565,1.1485250061175662,1.661085928597254,-0.420748650249595,0.2742614890887702,-0.7702158781183268,1.0420396808399464,-1.274617823803333,0.6491872108145129,-2.1381174703990062,-1.2613065778297594,-0.2917366769995163,-0.26133428045288665,1.1673805419842047,-2.391651015241157,0.167119917824295,-2.736081303208873,1.2449846418863681,1.4275022750921373,-0.3574851245081003,-0.03323108223566279,2.0176011499456408,-0.39305640347400633,-0.5080870126526514,0.1669054082821705,0.24649117019665806,2.736214844598602
1.7540003376480824,3.5337268775345136,-0.3286784615200242,-0.0032413029110404143,-1.8381797522654242,-3.190447436458411,4.697040973294069,-0.08102850163711389,-0.878427297106528,-4.4769230205608945,3.26999495622352,-2.21285214507655,4.092794930359008,0.13421754159003466,-2.489426983726095,-2.0307099156572597,-1.7923101562847197,2.9034909061217093,-2.5218247755954284,-3.1908295897432812,1.1646014940678218,-1.3564657445543957,1.4020409839815713,-1.1025956902108813,1.812451427242336,-1.394192137478885,2.44734121021612,1.9237587726255623,0.9815672504397456,0.5536522653237548,-2.318431917567504,3.25793793485,0.14588720889332876,5.171936613739962,-2.155266261811924,-3.0503223307486103,0.30045042566833313,0.38359250555797086,-3.2066804334408125,0.40116857248766846,0.5197608613778127,-1.049624617319258,-1.0190270522062235,-4.8986800034373275
-0.3382059708620217,0.550543693366687,0.18600657739185952,0.14402434342233253,1.1843520449951812,0.3279060349059174,0.5649537035871693,-0.48878588147149254,0.24126586668443034,0.16617245568426528,-0.04869403522464121,0.34983343471050643,0.13421754159003466,0.8746323134355704,0.6225133981742696,-0.5565300064475901,-0.5845197916580194,-0.06033788435642749,-0.519319305219351,-0.2917515597586244,0.2624561840673456,-0.13699868673366236,0.08356304639759872,0.5158555959062474,-0.27106589662022856,-0.26810241817370806,0.09507852363311955,0.06133140343201279,0.0054324325872748234,0.4714275107755956,-0.4317078747729736,0.45098360370808965,0.7956926822966275,0.7385976326809174,-0.5056384779421103,0.22060022801216908,0.2898833267077089,0.5899354247987981,-0.014239694567367962,0.44451130919912024,-0.2101275862871324,-0.5090840661548836,-0.3100494639511137,-0.29742264959704606
-1.2823462652703952,-1.9574145048948948,0.3899942225316961,0.14052575137719892,1.9629537384659594,2.1570230344263215,-2.7893409773311135,-0.2852583982142987,0.5373191888756939,2.870455874214722,-2.2305487142444522,1.88088520072763,-2.489426983726095,0.6225133981742696,2.2628614842628334,0.8735313181819763,0.9764709185277317,-1.938531364679079,0.9869854709821235,1.761574989968564,-0.6294469414587773,0.7112422137984444,-0.7957633574343062,1.2332151445338015,-1.4812937306229967,0.7110721067449043,-1.7143665826658452,-1.2704498376192568,-0.666213870957447,0.01661961098892131,1.2877235855589966,-2.030407627908163,0.6873641809287562,-2.6346542373684083,0.9581408941880815,1.888568303030987,-0.12884242250555464,0.3119447341990759,1.85515471304427,0.16580313451594042,-0.7573564174588894,0.17838171110350892,0.2368801572756135,3.0282104148149194
-0.6931009999698631,-1.9882822411571883,0.21800880878091697,-0.015188360457669062,-0.07914299700706134,1.120759494449509,-2.3762787378379673,0.30530641592773666,0.19348318854522198,1.9657398180930374,-1.5191520345410254,0.9682211470435224,-2.0307099156572597,-0.5565300064475901,0.8735313181819763,1.5700672818699182,1.0832910483642841,-1.329438185353475,1.5743116592020527,1.6120038448378993,-0.7421153532272052,0.49018910722858333,-0.7788962206966045,0.10934157963881495,-0.6896244537002273,0.8038343888184395,-1.1438448430504151,-0.8119321305525554,-0.5445362544757094,-0.6543058396323707,1.4793030904988222,-1.6334791149938277,-0.49677553495553145,-3.0683766612963534,1.4063705861693483,1.0100707346244884,-0.3008485080155936,-0.49213197082235277,1.3254132628687012,-0.2982734560220001,0.03861769521213664,0.7508678496910239,0.7129558423335122,2.391216379683695
-0.36655703110537546,-2.0040942826455708,0.3088744687306898,-0.4753835134799735,-0.3684594942763785,0.3064134178121611,-2.901001268912749,0.38484334785229457,-0.6076929145849146,1.3087688706617926,-1.2372268205912986,0.7368003379721512,-1.7923101562847197,-0.5845197916580194,0.9764709185277317,1.0832910483642841,2.3485975520365057,-1.1083748006740877,0.4596404510229705,1.4903867132574407,-1.1579928903677996,1.0262072493658025,-0.350021549410333,0.3686030968498087,-0.8103773894414832,1.013145120102728,-1.0374387464927197,-1.1664912042703917,-0.7733369845558365,-0.3790379970531348,1.712267281267549,-2.2161083521735403,-0.023540914358166732,-2.0747984426591475,0.8984817421643596,0.8725676250756209,-0.591181514274051,-0.11425296175039226,0.4118461686206613,-0.019538072615986786,-1.0838452551486253,0.6260630055956614,0.12268118689381426,2.86639913491908
1.2559050647451746,2.5501030159351377,-0.14994899228527825,-0.1620947650853183,-1.597597099278019,-2.5444306732246185,3.399438035689593,-0.023918655301455205,-0.7696283219733325,-3.3056159935009495,2.5060781921844324,-1.8125019884321565,2.9034909061217093,-0.06033788435642749,-1.938531364679079,-1.329438185353475,-1.1083748006740877,2.1750637938068653,-1.7980650650101886,-2.2471260041328076,0.7094815268959139,-0.8493497139124491,1.0233737488315522,-0.947952108342578,1.402126982728697,-0.8944962776971966,2.0175009365808574,1.4239389935461395,0.6080494557263612,0.3249810409011818,-1.5524089861262245,2.454864145371249,0.020913662651032987,3.6370389777042154,-1.5255281647279506,-2.2012552998229893,0.24086298652526275,0.2405139331358849,-2.5215364398643043,0.33982568789470297,0.39797077726671476,-0.623879956818283,-0.6605358315832331,-3.4688094651392833
-1.0196675609732018,-2.313290620845414,-0.0974409543132225,0.2190152165723694,0.8432875989726761,2.465716862875061,-2.7298793831312116,0.2884568612608833,1.0743537680911641,2.981788399221382,-2.1201435833356945,1.1485250061175662,-2.5218247755954284,-0.519319305219351,0.9869854709821235,1.5743116592020527,0.4596404510229705,-1.7980650650101886,2.540968726041873,2.0503764191480975,-0.4532522791829591,0.6260173829916335,-1.1212365023603759,0.27172914226436307,-0.8694281710423375,0.7077742657897481,-1.6296557316069293,-0.9499219029295052,-0.35688996918160226,-0.6649658434035284,1.268144687674224,-1.7910649677919772,-0.8530413742002453,-3.9211942856015582,1.7737490667436988,1.9233818590389689,-0.12803757191742368,-0.8569805096362783,2.7452793261412682,-0.7223532659534959,0.5188385195790477,0.9442012809314073,1.1380424714998785,2.6269462250117606
-1.238635883181898,-2.8723421785905967,0.10679175481114113,-0.010740453394613473,1.2633836382702426,2.5012008332032587,-3.8428668997703035,0.17399171640998637,0.6622135449450305,3.4785487807431665,-2.50842602388141,1.661085928597254,-3.1908295897432812,-0.2917515597586244,1.761574989968564,1.6120038448378993,1.4903867132574407,-2.2471260041328076,2.0503764191480975,2.5926307016123022,-0.9217933666370662,1.105420405698263,-1.0794945548686659,0.7825303013428478,-1.3368265739161302,1.1644366284916867,-1.9731764654412636,-1.5686788664643239,-0.6898927938708811,-0.5161628278371484,1.8173522693050015,-2.728383777647085,-0.3313951560705117,-4.143531598580154,1.7866140230755314,2.4065072659351348,-0.2966643858301532,-0.4394093542946252,2.578163607781632,-0.5380479640002129,-0.3994974611750036,0.9325026686809119,0.8386317499454506,3.8969634318207715
0.43097625966965875,1.0988333568608308,-0.3060376853621631,0.29871692625240864,0.062305464312294126,-0.2666112604122538,1.5362661065871928,-0.121808000995008,0.23533801112186284,-0.9521952251586837,0.7571126876369354,-0.420748650249595,1.1646014940678218,0.2624561840673456,-0.6294469414587773,-0.7421153532272052,-1.1579928903677996,0.7094815268959139,-0.4532522791829591,-0.9217933666370662,0.6743091715850777,-0.5878875012686955,0.29136161489270507,-0.1744970542027767,0.49435116483232067,-0.5704231574961991,0.43973696020820263,0.5993604547346373,0.5251238740784236,0.20971711004964305,-1.0011641802516227,1.023213225453299,-0.039049187634140815,1.4045836048671798,-0.5527449921680737,-0.634111436195967,0.1961622047410423,0.03594814417925862,-0.321702790398208,-0.11857372307528563,0.45609387728421885,-0.3955524862544795,-0.19923676021560968,-1.6619454273558667
-0.63455603376622,-1.046492818679896,0.20619346586605505,-0.3880375066653158,0.6132380600202633,0.8335600991221165,-1.6285368792443113,-1.2521722936059015e-4,0.111883164441051,1.384866602401043,-0.8678735380555214,0.2742614890887702,-1.3564657445543957,-0.13699868673366236,0.7112422137984444,0.49018910722858333,1.0262072493658025,-0.8493497139124491,0.6260173829916335,1.105420405698263,-0.5878875012686955,0.9489301176928032,-0.3449183977846612,0.3657146769643216,-0.581601567891633,0.5820869923367242,-0.39906554130801564,-0.6869228029205671,-0.5255594759894683,-0.0414477826355603,0.8111565949894111,-0.9677276914138694,0.07700019158452244,-1.4519318613319407,0.48423375570039057,1.2946541720834106,-0.026404722341339323,-0.04017859891062121,0.8095812878734846,0.057048518763521336,-0.4523993923603914,0.4714011582078611,0.30054683859517767,1.79794733709573
0.625615614572399,1.2014277560887638,-0.05917256607733551,-0.10693800044412646,-0.6416248119966407,-1.2749298407856244,1.4958369192696128,-0.04241803175307742,-0.4779850892299199,-1.627196502290642,1.1879544833502738,-0.7702158781183268,1.4020409839815713,0.08356304639759872,-0.7957633574343062,-0.7788962206966045,-0.350021549410333,1.0233737488315522,-1.1212365023603759,-1.0794945548686659,0.29136161489270507,-0.3449183977846612,0.5791473817053827,-0.31531916028018536,0.5811569275843124,-0.4056253917307242,0.9012063261404627,0.5599129853301504,0.26836152964955606,0.25309026591055267,-0.7264405516445084,1.0046454536276364,0.17590926896580825,1.9552846364640775,-0.8413452642008385,-1.0227221683460075,0.07241756515453464,0.24920045550351264,-1.3153982298404767,0.21514990993907804,-0.07296654772056645,-0.39587057411474286,-0.47488595440919273,-1.512145291527067
-0.5447858755938935,-0.8602555092087951,0.048139071630352075,0.1607581117811829,1.3535583193471397,1.309053920513462,-1.3848377969216585,-0.2072186979299535,0.3447353705502026,1.419263098474151,-1.1134315872744576,1.0420396808399464,-1.1025956902108813,0.5158555959062474,1.2332151445338015,0.10934157963881495,0.3686030968498087,-0.947952108342578,0.27172914226436307,0.7825303013428478,-0.1744970542027767,0.3657146769643216,-0.31531916028018536,0.856896923134449,-0.79747944882001,0.29327837151482805,-0.9992406605193251,-0.6980571695906093,-0.20121513934775792,0.15119638757073858,0.40948360244655596,-1.1304857989703123,0.4926460239073017,-0.9678473661477865,0.32650243646546506,1.0299485267096338,-0.06211894420734636,0.26522848333669485,1.026777842034801,0.004792824863870267,-0.5393935274232461,-0.07228565927673641,-0.05119834527159354,1.4059256116719017
0.8574692904083395,1.5564829824194961,-0.20810243840682247,-0.06365173602008466,-1.2387053199218614,-1.5774152906356351,2.1811992323237552,0.08448225259671104,-0.3994771585044977,-2.0698629607270638,1.641730037999098,-1.274617823803333,1.812451427242336,-0.27106589662022856,-1.4812937306229967,-0.6896244537002273,-0.8103773894414832,1.402126982728697,-0.8694281710423375,-1.3368265739161302,0.49435116483232067,-0.581601567891633,0.5811569275843124,-0.79747944882001,1.0527925831598868,-0.5261541331191254,1.2931017318326499,0.9650449313570058,0.4747854248764685,0.061192488625417187,-0.9860280430232696,1.595899835907566,-0.31149808356342107,2.0514653830152656,-0.7818449390162121,-1.3931773686387727,0.14549620028382765,-0.06968672193555811,-1.4593185928232077,-0.01010745525139571,0.5224176671943208,-0.21723265049706172,-0.23960853819190614,-2.274915110160348
-0.40548539313347226,-1.3176606828623487,0.0826917616249151,-0.13200808831742372,0.1921736037092988,0.7664656030509998,-1.8392492546779038,0.13467878277304873,-0.01250670614612883,1.3407113981407535,-0.9485971585216803,0.6491872108145129,-1.394192137478885,-0.26810241817370806,0.7110721067449043,0.8038343888184395,1.013145120102728,-0.8944962776971966,0.7077742657897481,1.1644366284916867,-0.5704231574961991,0.5820869923367242,-0.4056253917307242,0.29327837151482805,-0.5261541331191254,0.6923852733011223,-0.764022257529631,-0.7299190589362364,-0.37794125481425417,-0.31030121938428606,0.9555459212183762,-1.3517710607665434,-0.14784269787143825,-1.7987895612119966,0.799408166853256,0.8942224829904486,-0.2215498488205953,-0.15962413117311264,0.7629386587335488,-0.2307923149783164,-0.35591546285314535,0.4749228502433346,0.29869744097976053,1.8392306060404837
0.5776490866333908,2.7356000245834005,0.34953868246122977,-0.5945464412026059,-1.1816256946928327,-2.605769261506428,3.585832011986712,-0.3368853726271906,-0.7140833639649092,-2.8367146174966114,2.534427782358312,-2.1381174703990062,2.44734121021612,0.09507852363311955,-1.7143665826658452,-1.1438448430504151,-1.0374387464927197,2.0175009365808574,-1.6296557316069293,-1.9731764654412636,0.43973696020820263,-0.39906554130801564,0.9012063261404627,-0.9992406605193251,1.2931017318326499,-0.764022257529631,2.746475873830499,1.4951095981236602,0.14968869138792507,0.5000753357620054,-1.3473364206414364,3.1196643750199744,0.3666535112884311,3.334638728626728,-1.6550914184054675,-1.594700570927459,0.6340529327003103,0.4893967235175288,-2.6341392859752433,0.9155180907900319,0.4498207797366375,-0.4353859561967504,-0.4150976388806384,-3.108547582903529
0.6242133840466433,1.8984619309509443,-7.33150538287047e-4,-0.04382937787932314,-0.8772174378235357,-1.5428551666170303,2.660714341739685,-0.1338647569394799,-0.2692247727074582,-2.0636327817392437,1.641882157799395,-1.2613065778297594,1.9237587726255623,0.06133140343201279,-1.2704498376192568,-0.8119321305525554,-1.1664912042703917,1.4239389935461395,-0.9499219029295052,-1.5686788664643239,0.5993604547346373,-0.6869228029205671,0.5599129853301504,-0.6980571695906093,0.9650449313570058,-0.7299190589362364,1.4951095981236602,1.1660382257287392,0.38926391966305113,0.23905503675369763,-1.1459634031575243,2.0893904675063895,0.04278048409988456,2.313102277095954,-1.0160408473360134,-1.4320530894685664,0.32473722599616694,0.15145040652741956,-1.5318059796714292,0.3574234643859466,0.6100217452532095,-0.41488364689054974,-0.2775915752698272,-2.594209415494246
0.5905539849688312,0.6928894229653753,-0.4222230061843083,0.3032590141406037,-0.2614457559703948,-0.27276008305673405,0.9848552838965297,0.07097901018462777,0.07783670405770722,-0.889141332455574,0.6241277471915226,-0.2917366769995163,0.9815672504397456,0.0054324325872748234,-0.666213870957447,-0.5445362544757094,-0.7733369845558365,0.6080494557263612,-0.35688996918160226,-0.6898927938708811,0.5251238740784236,-0.5255594759894683,0.26836152964955606,-0.20121513934775792,0.4747854248764685,-0.37794125481425417,0.14968869138792507,0.38926391966305113,0.5474999918914966,0.03431273122130881,-0.7535398898137601,0.48180546563748466,-0.26851312225152985,1.0482941343871963,-0.29929877360859797,-0.651778112700011,0.0014318658775354556,-0.12238836907244172,-0.25359274424932277,-0.3657915559269473,0.32697332536814994,-0.24674624206650972,-0.18579187996225727,-1.2640391503719965
-0.055266617627898806,0.7871480806197189,0.12071786241849168,-0.07887188803376279,0.5017440657758574,-0.28267203965469784,0.8646054978051763,-0.3020664277567068,-0.009995650490419205,-0.46295654806267056,0.41422827225407755,-0.26133428045288665,0.5536522653237548,0.4714275107755956,0.01661961098892131,-0.6543058396323707,-0.3790379970531348,0.3249810409011818,-0.6649658434035284,-0.5161628278371484,0.20971711004964305,-0.0414477826355603,0.25309026591055267,0.15119638757073858,0.061192488625417187,-0.31030121938428606,0.5000753357620054,0.23905503675369763,0.03431273122130881,0.434526668067861,-0.4980196820878231,0.7236474046078877,0.5301801684019682,1.1652942910352149,-0.6566294995965545,-0.08837486614052203,0.23644771865538974,0.4120029250125896,-0.44544451581965677,0.402750608892226,-0.15941701220668936,-0.35057290281702363,-0.3004063410773751,-0.6640822625380083
-0.8096162577272532,-2.271954519698056,0.3509718708091052,-0.1793105077804631,0.17408639678017943,1.126970193186393,-2.972620940873042,0.2725836983926544,-0.019503596078254446,2.1485328536901833,-1.7692303530128903,1.1673805419842047,-2.318431917567504,-0.4317078747729736,1.2877235855589966,1.4793030904988222,1.712267281267549,-1.5524089861262245,1.268144687674224,1.8173522693050015,-1.0011641802516227,0.8111565949894111,-0.7264405516445084,0.40948360244655596,-0.9860280430232696,0.9555459212183762,-1.3473364206414364,-1.1459634031575243,-0.7535398898137601,-0.4980196820878231,1.7655522202832954,-2.123952829606855,-0.1590855042933923,-3.031208149156041,1.3153785695265212,1.2755252918474913,-0.4144640700036147,-0.27055588794242946,1.261833925093488,-0.10574385129529017,-0.5243133673457355,0.7050581001447515,0.5082597113631633,3.0484168925693234
0.6453157763373042,3.671490127510778,0.28058343341739905,-0.29868114980700833,-0.900920005333133,-2.6730649537579123,5.021122544829979,-0.5448657516786256,-0.3359557331810196,-3.3943876329676868,2.961095379394771,-2.391651015241157,3.25793793485,0.45098360370808965,-2.030407627908163,-1.6334791149938277,-2.2161083521735403,2.454864145371249,-1.7910649677919772,-2.728383777647085,1.023213225453299,-0.9677276914138694,1.0046454536276364,-1.1304857989703123,1.595899835907566,-1.3517710607665434,3.1196643750199744,2.0893904675063895,0.48180546563748466,0.7236474046078877,-2.123952829606855,4.234526788569523,0.4641877662653414,4.302173978713047,-2.0941133881148883,-2.0425838870949713,0.9005753029568683,0.5643169770922409,-2.73061191186075,1.044739030634188,1.0173250411513153,-0.7848428488852184,-0.46615698728881233,-4.501245116940244
-0.3642806740208295,0.5761346279010026,0.4469132687133336,-0.15325497055182483,0.8432980486464297,-0.22207240958864816,0.46455046620803847,-0.492462732857991,-0.1882473669267526,-0.09637431594951908,0.08530579666090635,0.167119917824295,0.14588720889332876,0.7956926822966275,0.6873641809287562,-0.49677553495553145,-0.023540914358166732,0.020913662651032987,-0.8530413742002453,-0.3313951560705117,-0.039049187634140815,0.07700019158452244,0.17590926896580825,0.4926460239073017,-0.31149808356342107,-0.14784269787143825,0.3666535112884311,0.04278048409988456,-0.26851312225152985,0.5301801684019682,-0.1590855042933923,0.4641877662653414,1.0639340739465806,0.9347258661511708,-0.6751255855865821,0.040227659177946254,0.23228025708103253,0.7755680991748539,-0.587757478897862,0.8011348228609121,-0.55461829240896,-0.48142663232091626,-0.4417907565864246,-0.0938579170067815
1.9377584476466712,4.814370548858378,-0.1439306895602962,-0.18767217840515277,-1.5372343546981662,-4.136246998944719,6.095177442973132,-0.45487254173702213,-1.2397755747269232,-5.650649682560274,4.188625411755001,-2.736081303208873,5.171936613739962,0.7385976326809174,-2.6346542373684083,-3.0683766612963534,-2.0747984426591475,3.6370389777042154,-3.9211942856015582,-4.143531598580154,1.4045836048671798,-1.4519318613319407,1.9552846364640775,-0.9678473661477865,2.0514653830152656,-1.7987895612119966,3.334638728626728,2.313102277095954,1.0482941343871963,1.1652942910352149,-3.031208149156041,4.302173978713047,0.9347258661511708,7.313282543253284,-3.256159770281213,-3.5438043740673444,0.5311492331769714,1.0589995890476993,-4.406551282828723,1.0096398702338933,0.0965489519588583,-1.616806523112529,-1.6477564918652603,-6.0298190167176164
-0.6010804620941053,-2.224294741970826,-0.11737874857603264,0.21827693169750553,0.3578160122761584,1.7768310496088429,-2.7440159555304655,0.3575214955882169,0.5084838233343025,2.3146005255070694,-1.800509191100259,1.2449846418863681,-2.155266261811924,-0.5056384779421103,0.9581408941880815,1.4063705861693483,0.8984817421643596,-1.5255281647279506,1.7737490667436988,1.7866140230755314,-0.5527449921680737,0.48423375570039057,-0.8413452642008385,0.32650243646546506,-0.7818449390162121,0.799408166853256,-1.6550914184054675,-1.0160408473360134,-0.29929877360859797,-0.6566294995965545,1.3153785695265212,-2.0941133881148883,-0.6751255855865821,-3.256159770281213,1.5746516101472527,1.3335413967646763,-0.3701196497645929,-0.6414860757468085,1.9626849764214924,-0.7137871424088373,0.05237482196873197,0.7443048849033111,0.7250724447921089,2.5406351812001766
-1.5715214275915599,-2.2789945831100624,0.14293048188558244,-0.06545703218430526,2.3384694326303808,2.9570070449930963,-3.2140121600319596,-0.18514199005745488,1.125074064020611,3.6855424143638373,-2.403936326188702,1.4275022750921373,-3.0503223307486103,0.22060022801216908,1.888568303030987,1.0100707346244884,0.8725676250756209,-2.2012552998229893,1.9233818590389689,2.4065072659351348,-0.634111436195967,1.2946541720834106,-1.0227221683460075,1.0299485267096338,-1.3931773686387727,0.8942224829904486,-1.594700570927459,-1.4320530894685664,-0.651778112700011,-0.08837486614052203,1.2755252918474913,-2.0425838870949713,0.040227659177946254,-3.5438043740673444,1.3335413967646763,2.998104304704835,0.09642397006290407,-0.18647709718068492,2.871485945079871,-0.2928909096178305,-0.32531892777759563,0.735553039138872,0.8135154546574397,3.5092862692500923
-0.21350980063765593,0.6705118329869872,0.1408420289127358,-0.09115769474795543,0.3954401427468241,-0.08834368408555085,0.8722517286838175,-0.2748781190122359,0.18705341461315678,-0.14456562199094913,0.36575592964531345,-0.3574851245081003,0.30045042566833313,0.2898833267077089,-0.12884242250555464,-0.3008485080155936,-0.591181514274051,0.24086298652526275,-0.12803757191742368,-0.2966643858301532,0.1961622047410423,-0.026404722341339323,0.07241756515453464,-0.06211894420734636,0.14549620028382765,-0.2215498488205953,0.6340529327003103,0.32473722599616694,0.0014318658775354556,0.23644771865538974,-0.4144640700036147,0.9005753029568683,0.23228025708103253,0.5311492331769714,-0.3701196497645929,0.09642397006290407,0.36046735504606425,0.19786160604335298,-0.1759698205673012,0.29282131625758107,0.2422426155513048,-0.11988294002385617,0.03062007390070836,-0.6058238659415257
-0.13063428270863459,0.6791233784472389,0.3053312156858279,-0.1253004986845934,0.4548920536829399,-0.4564662982197809,0.6755113654500671,-0.37443419089800206,-0.24778781420224313,-0.402416644776602,0.35366923371579656,-0.03323108223566279,0.38359250555797086,0.5899354247987981,0.3119447341990759,-0.49213197082235277,-0.11425296175039226,0.2405139331358849,-0.8569805096362783,-0.4394093542946252,0.03594814417925862,-0.04017859891062121,0.24920045550351264,0.26522848333669485,-0.06968672193555811,-0.15962413117311264,0.4893967235175288,0.15145040652741956,-0.12238836907244172,0.4120029250125896,-0.27055588794242946,0.5643169770922409,0.7755680991748539,1.0589995890476993,-0.6414860757468085,-0.18647709718068492,0.19786160604335298,0.6194653386676179,-0.735040657696144,0.5890370918766349,-0.3913238145266959,-0.41252515339005363,-0.4068790233885636,-0.3861695075037801
-1.3284953198077416,-2.898873339212585,-0.3307924622469014,0.5337746833971172,2.256643597163473,3.8278158545329486,-3.708444844183903,0.13368583885171764,1.626166496179414,4.098018895990603,-3.0163047041606084,2.0176011499456408,-3.2066804334408125,-0.014239694567367962,1.85515471304427,1.3254132628687012,0.4118461686206613,-2.5215364398643043,2.7452793261412682,2.578163607781632,-0.321702790398208,0.8095812878734846,-1.3153982298404767,1.026777842034801,-1.4593185928232077,0.7629386587335488,-2.6341392859752433,-1.5318059796714292,-0.25359274424932277,-0.44544451581965677,1.261833925093488,-2.73061191186075,-0.587757478897862,-4.406551282828723,1.9626849764214924,2.871485945079871,-0.1759698205673012,-0.735040657696144,3.9231767046957833,-0.9884868060363404,0.16512238066990473,0.7856236696821118,1.050515491972091,3.502355595904355
-0.31442188207982874,0.8031202827555897,0.601481903967247,-0.35341248004271153,0.12094287161459623,-0.8313561684791615,0.9624987680550083,-0.3676964163302764,-0.3355217571037759,-0.5615388806668399,0.4598662837572092,-0.39305640347400633,0.40116857248766846,0.44451130919912024,0.16580313451594042,-0.2982734560220001,-0.019538072615986786,0.33982568789470297,-0.7223532659534959,-0.5380479640002129,-0.11857372307528563,0.057048518763521336,0.21514990993907804,0.004792824863870267,-0.01010745525139571,-0.2307923149783164,0.9155180907900319,0.3574234643859466,-0.3657915559269473,0.402750608892226,-0.10574385129529017,1.044739030634188,0.8011348228609121,1.0096398702338933,-0.7137871424088373,-0.2928909096178305,0.29282131625758107,0.5890370918766349,-0.9884868060363404,0.956759068651625,-0.22997733424548797,-0.3084491484708448,-0.2604496555971473,-0.48974584313042535
0.11107219352441752,0.5738842657986901,-0.17438511445724256,0.2218191081299551,-0.31984281087869637,-0.017273720875923756,1.149614989801462,0.04570604797779157,0.44284323996019265,-0.35144396309308307,0.43413193380615595,-0.5080870126526514,0.5197608613778127,-0.2101275862871324,-0.7573564174588894,0.03861769521213664,-1.0838452551486253,0.39797077726671476,0.5188385195790477,-0.3994974611750036,0.45609387728421885,-0.4523993923603914,-0.07296654772056645,-0.5393935274232461,0.5224176671943208,-0.35591546285314535,0.4498207797366375,0.6100217452532095,0.32697332536814994,-0.15941701220668936,-0.5243133673457355,1.0173250411513153,-0.55461829240896,0.0965489519588583,0.05237482196873197,-0.32531892777759563,0.2422426155513048,-0.3913238145266959,0.16512238066990473,-0.22997733424548797,1.003689057408247,0.09558226278468596,0.3722514986771879,-1.1726027907529597
-0.32472827711265845,-0.999435530927578,-0.0028198207003858034,-0.14948189759442,-0.11171881744875856,0.5964280786142059,-1.2577304054658869,0.22283282697199056,0.14931304853969135,1.0214529980431721,-0.660898821706313,0.1669054082821705,-1.049624617319258,-0.5090840661548836,0.17838171110350892,0.7508678496910239,0.6260630055956614,-0.623879956818283,0.9442012809314073,0.9325026686809119,-0.3955524862544795,0.4714011582078611,-0.39587057411474286,-0.07228565927673641,-0.21723265049706172,0.4749228502433346,-0.4353859561967504,-0.41488364689054974,-0.24674624206650972,-0.35057290281702363,0.7050581001447515,-0.7848428488852184,-0.48142663232091626,-1.616806523112529,0.7443048849033111,0.735553039138872,-0.11988294002385617,-0.41252515339005363,0.7856236696821118,-0.3084491484708448,0.09558226278468596,0.6014185333156109,0.4912715305188622,1.2363583499072568
-0.4745433643631968,-0.8343821011688214,0.011349279535627125,-0.0016661614739503076,0.22478356149429488,0.8856209875303072,-0.9215257763108381,0.10576342316827353,0.45769373539080654,1.1821279028292253,-0.7297978702561291,0.24649117019665806,-1.0190270522062235,-0.3100494639511137,0.2368801572756135,0.7129558423335122,0.12268118689381426,-0.6605358315832331,1.1380424714998785,0.8386317499454506,-0.19923676021560968,0.30054683859517767,-0.47488595440919273,-0.05119834527159354,-0.23960853819190614,0.29869744097976053,-0.4150976388806384,-0.2775915752698272,-0.18579187996225727,-0.3004063410773751,0.5082597113631633,-0.46615698728881233,-0.4417907565864246,-1.6477564918652603,0.7250724447921089,0.8135154546574397,0.03062007390070836,-0.4068790233885636,1.050515491972091,-0.2604496555971473,0.3722514986771879,0.4912715305188622,0.5840918407673887,0.9669598838274507
-1.873387781269203,-4.523361901090642,0.3826234048932937,-0.14352561125718974,1.8556524066533615,3.4590175000218397,-6.19064782947172,0.25385169297598714,0.6135977706921506,5.119019200541096,-3.917371933811772,2.736214844598602,-4.8986800034373275,-0.29742264959704606,3.0282104148149194,2.391216379683695,2.86639913491908,-3.4688094651392833,2.6269462250117606,3.8969634318207715,-1.6619454273558667,1.79794733709573,-1.512145291527067,1.4059256116719017,-2.274915110160348,1.8392306060404837,-3.108547582903529,-2.594209415494246,-1.2640391503719965,-0.6640822625380083,3.0484168925693234,-4.501245116940244,-0.0938579170067815,-6.0298190167176164,2.5406351812001766,3.5092862692500923,-0.6058238659415257,-0.3861695075037801,3.502355595904355,-0.48974584313042535,-1.1726027907529597,1.2363583499072568,0.9669598838274507,6.327121958178961
