V1,V2,V3,V4,V5,V6,V7,V8,V9,V10,V11,V12,V13,V14,V15,V16,V17,V18,V19,V20,V21,V22,V23,V24,V25,V26,V27,V28,V29,V30,V31,V32,V33,V34,V35,V36,V37,V38,V39,V40,V41,V42,V43,V44
1.1336712622635243,-1.4138851748411472,1.329293925957715,-1.8323947083667824,-4.614715488558987,-4.668958831821274,-2.502734397096401,1.0426410288179078,-4.007160670836044,-2.658004441416782,0.9183039042116857,-0.5263421678864887,0.1636779166511747,-1.4681569762445559,-0.2199329044440839,1.1642606833782676,5.294576984913791,0.7923982933356538,-2.4298219420864875,-0.00626298843803999,-2.6218613558226154,1.1243682762190526,1.029891242300472,-0.595953553131541,-0.25499029002377044,1.3126744653356657,0.896161192547385,-0.9443171194327152,-1.6366168243351338,-0.5490310832556201,2.7388840474644054,-2.1379345255757833,0.7335244751426501,0.5752622909352318,-0.304767733887365,-2.313160902912695,-1.3131806136077346,0.6433966854082256,-4.4078739316118245,1.453104200877913,-3.0586636216082668,0.1457000663071295,-1.2534417392232184,2.4991703052147916
-1.4138851748411472,2.3133559159203343,-1.7688871364436238,2.415229552978517,5.3440487189129815,4.6655767461443824,3.768836006788502,-1.6185759628626506,4.609640806685043,3.1461815989008644,-1.0033394952951917,0.0727881569339387,-0.8467824722753142,1.1929667406658475,0.9038418361351853,-1.3657956790036476,-5.252498853741005,-1.3205776665247375,1.7549731241593838,0.2969307508050648,3.4234401255744102,-1.4010093148445228,-1.7007427950823952,0.7120281768936798,1.2364800114538252,-0.8931500445101805,-1.8697293646084672,1.7016209942845832,2.163835135371987,0.7713858154524513,-2.8931364787778815,2.7276185516138955,-1.0113299949372805,0.09710824651550377,0.39678173566978225,2.448127633769634,0.7572854778375873,-0.6785839532978621,4.245893496010676,-2.262847862002443,3.942036619760189,0.9996923026906137,1.5790112411241646,-3.5403404289347207
1.329293925957715,-1.7688871364436238,1.5964451144075928,-2.154697632895864,-5.400352798597689,-5.303934534960158,-3.0317183368887153,1.292012630038266,-4.644607917291526,-3.107430366872103,1.03534013135743,-0.5020708326694794,0.2828578371149134,-1.6278292402792665,-0.35059606811628136,1.4022651305422007,5.975613627805079,0.9762109686027273,-2.5921241855706634,-0.06709197017329388,-3.1059549794932115,1.284295030344423,1.2611530841324452,-0.7283944214184072,-0.44663232103767886,1.4134920781775084,1.1744084481573949,-1.1457687480558063,-1.9488100015268237,-0.6865504154484032,3.1479005854550848,-2.5051336036118803,0.8499773027694273,0.4715508086928371,-0.32395778862303287,-2.695904221233315,-1.4275413388902407,0.7300142511317012,-4.978355526557349,1.7857056311979291,-3.5630986530343813,-0.022126963601719028,-1.4535607015266712,2.978761564370439
-1.8323947083667824,2.415229552978517,-2.154697632895864,3.053450663961861,7.204278804905862,7.1574958106985695,4.286020076352702,-1.7469315017909561,6.359109033393497,4.220958468417371,-1.4697408287465894,0.710148195571152,-0.47807023253096903,2.134540318813056,0.5399751261811151,-1.7358129812292713,-8.177874565663572,-1.399586732224698,3.6281388850721923,0.08406115797239412,4.28534236969267,-1.8981567241114967,-1.828147170367484,0.8887573955021045,0.7099665726401214,-1.907344823804439,-1.7042888132744538,1.7560558617591264,2.6690375401513977,0.8551378329000268,-4.2131915163762175,3.5049941796026967,-1.2737268220124107,-0.7932218442760783,0.5730542536573402,3.490372305167715,1.8123370864519457,-1.039005887064671,6.728169403309387,-2.4832241298618793,5.091275129243825,0.13450924088927346,2.0745033934106365,-4.212822695883537
-4.614715488558987,5.3440487189129815,-5.400352798597689,7.204278804905862,19.722211161918008,20.397926219204507,9.428872809732201,-3.9960682746359097,16.788087686311254,11.086918087072904,-3.7858191248406885,2.617853541977323,0.011593125876602774,6.802196241923908,0.3275945287536876,-5.221767728502967,-22.861796382994132,-2.8557223407938213,10.943395134367565,-0.22705925125830267,10.564846394339112,-4.347765859365889,-3.646335888054553,2.6804242549849038,0.0661989407378802,-6.061819472097069,-2.806125833103264,3.1789434895395203,6.596859499981414,2.3429900701034563,-11.876799658973455,8.53152958918499,-2.7216297000505647,-2.8555485313400206,0.9971264332730067,10.27460662077147,6.337159409427537,-2.5816999608233333,19.29518632986692,-5.514944301960347,12.055076332940661,-1.876545468538031,4.960791704995434,-9.650590014318576
-4.668958831821274,4.6655767461443824,-5.303934534960158,7.1574958106985695,20.397926219204507,22.142191672431338,8.720846127276035,-3.593951588752486,17.519727419925225,11.448478504869508,-4.0317384601041555,3.4298936672715814,0.8601065639907144,7.670491048357102,-0.5243491589232165,-5.297706248677892,-24.94346238451498,-2.452259318138607,12.818372220480963,-0.6132553373589675,10.499224015697322,-4.496076700346991,-3.1806842589098863,2.711316534569798,-1.1164179949973037,-7.127508854241841,-1.892031851626442,2.5427800038411266,6.52188603209687,2.201838997125685,-12.654956449150296,8.565442612883194,-2.6647631964348113,-4.039941199345081,1.035844716270382,10.892273827468234,7.582298548880153,-2.8262670373204455,21.179996105389062,-4.994743182718902,12.114835880611986,-3.4421896390490474,5.0402021309221325,-9.242348495829653
-2.502734397096401,3.768836006788502,-3.0317183368887153,4.286020076352702,9.428872809732201,8.720846127276035,6.43199201334084,-2.6802104327663008,8.314287903438236,5.6010067456452965,-1.8968228131182185,0.46635142421141723,-1.229741101401394,2.3441729521035204,1.2943233931590665,-2.2763158930563248,-9.975830376744529,-2.207620616332927,3.83520333483989,0.3643525765563773,5.976820445015056,-2.581912434177141,-2.8751609960520046,1.163882429380095,1.7823838869810569,-1.9434306802668373,-2.989312359375445,2.871216697563661,3.74637946693351,1.2311875662683263,-5.286439871303092,4.861366818262027,-1.8411632279843997,-0.379507659825634,0.8167989349479738,4.3471432699880515,1.677206067248692,-1.323675807906921,8.067931973941105,-3.7762407029649596,7.072595179016219,1.2534294084097166,2.853951279548852,-6.133997907753078
1.0426410288179078,-1.6185759628626506,1.292012630038266,-1.7469315017909561,-3.9960682746359097,-3.593951588752486,-2.6802104327663008,1.2064540073170902,-3.427179599611713,-2.356163742579912,0.7757692632462893,-0.14466281020129818,0.5243585355298814,-0.9870265251731833,-0.5603110387841117,1.0510828253114726,4.087555368226369,0.9039340526972451,-1.440792626519447,-0.1702563516191607,-2.495301284870603,0.9884459746167454,1.2044069893901257,-0.5406582297112902,-0.7700371849425661,0.7633753514056751,1.2680382528684762,-1.1126417302198872,-1.5913642324497081,-0.5536204431721035,2.2366188915831335,-2.030343627624719,0.7231647220872521,-8.246018000869523e-4,-0.2796490857991134,-1.8847925642762517,-0.7199441459826988,0.55523478498147,-3.331577497847834,1.5811763799088894,-2.8424414317191173,-0.6067478487722588,-1.1523992663017149,2.5396143722320406
-4.007160670836044,4.609640806685043,-4.644607917291526,6.359109033393497,16.788087686311254,17.519727419925225,8.314287903438236,-3.427179599611713,14.548691044820526,9.587943296126387,-3.3242689099827176,2.282706968294874,-0.04462875151866152,5.727334461703174,0.2723344835342331,-4.262625446090643,-19.803958849249735,-2.5178330230459136,9.568887896230843,-0.19203007658400792,9.1828261789373,-3.9763781743583353,-3.288574929631751,2.1979413080727213,0.1724961131597234,-5.237983677872734,-2.5761381023576444,2.867247831902248,5.72419565623937,1.907111154258552,-10.137472940141265,7.466469776436167,-2.473348514208419,-2.6189382697449712,1.0042808634808182,8.644476697593168,5.414597135436783,-2.351110934151173,16.638051917367857,-4.814565150873898,10.675652481256076,-1.4985613796239694,4.401700945254901,-8.485635842469934
-2.658004441416782,3.1461815989008644,-3.107430366872103,4.220958468417371,11.086918087072904,11.448478504869508,5.6010067456452965,-2.356163742579912,9.587943296126387,6.365249368658423,-2.181770870977588,1.4229649989456006,-0.09946163555452311,3.707300000073688,0.24677970896296741,-2.844998220189345,-12.948563828825653,-1.6965638691370188,6.116449446863383,-0.07833239537413829,6.114171049841735,-2.619604050100251,-2.2467824587072593,1.4767808443263737,0.24707646556760085,-3.3667821979495667,-1.83284823539653,1.8938100073615058,3.8339844865522346,1.2817973051739016,-6.661118070619892,4.963166398349565,-1.630981414299169,-1.5576524649347365,0.6437303158848882,5.698665418491874,3.5229134499941415,-1.5734310692507447,10.876936795995858,-3.248587943183206,7.053553377510629,-0.7985390717488265,2.9127647651297477,-5.672012848626607
0.9183039042116857,-1.0033394952951917,1.03534013135743,-1.4697408287465894,-3.7858191248406885,-4.0317384601041555,-1.8968228131182185,0.7757692632462893,-3.3242689099827176,-2.181770870977588,0.8073337186446582,-0.578707389242428,0.014063209298495928,-1.3334631729507649,-0.05971890919355871,0.9241394383452753,4.623573892527105,0.5709398477093914,-2.306116066470519,0.07840160902192417,-2.0909071884679835,0.9375661498459196,0.7674038336701929,-0.4502750815563679,-0.010582216501830636,1.2297940688776952,0.557661474602263,-0.7008698425175041,-1.3028563439646987,-0.38899249953701404,2.332278658855832,-1.7439061125750541,0.6094042798764775,0.7284488827277337,-0.2868454225743482,-1.9241374935290085,-1.2241708461712206,0.5603744708813769,-3.8486996264027047,1.0700871159294287,-2.49958422690962,0.3620689904857526,-1.0381202369544387,1.9693914845882368
-0.5263421678864887,0.0727881569339387,-0.5020708326694794,0.710148195571152,2.617853541977323,3.4298936672715814,0.46635142421141723,-0.14466281020129818,2.282706968294874,1.4229649989456006,-0.578707389242428,0.8786686796294532,0.6139057699529,1.386494038252949,-0.5608138448629508,-0.6564663798056487,-3.916622930621437,-0.015359673631950378,2.4912044615805855,-0.30685069903555207,1.0575030326956822,-0.5091983563454625,-0.022078390519436563,0.31891760857032847,-0.8709830829453864,-1.4078680373828822,0.3955811937765218,-0.12034138873156376,0.6301863374671853,0.17321882526449398,-1.846968606926715,0.9210962262193815,-0.23117197762605576,-1.1321958730515154,0.11837589521471831,1.5615238135500713,1.551660098443045,-0.4164003497102523,3.3960465247489102,-0.1910651818170185,1.277968617798785,-1.345897374712923,0.5606576960682127,-0.7057720109851212
0.1636779166511747,-0.8467824722753142,0.2828578371149134,-0.47807023253096903,0.011593125876602774,0.8601065639907144,-1.229741101401394,0.5243585355298814,-0.04462875151866152,-0.09946163555452311,0.014063209298495928,0.6139057699529,0.9147666576189094,0.6224501171797969,-0.8901068102034804,-0.0723598934389827,-0.930289594378321,0.5735374706179787,1.1404214462774156,-0.3300825094833356,-0.5595765134989449,0.22112756140970022,0.7258113750202166,0.06609540598254282,-1.226759400933795,-0.7640355153075258,1.0763860087905759,-0.9883828125768588,-0.36307197708372824,-0.11356750070334173,-0.31426483421601115,-0.44363661079575645,0.32823818421877016,-0.7518586082639687,-0.1833851529331861,0.3796121594557584,1.076775813550523,-0.0640971721963736,1.0159184197709226,0.7713406835214478,-0.7455294624389031,-1.5157243975774408,-0.2584409190711208,0.9828204864830722
-1.4681569762445559,1.1929667406658475,-1.6278292402792665,2.134540318813056,6.802196241923908,7.670491048357102,2.3441729521035204,-0.9870265251731833,5.727334461703174,3.707300000073688,-1.3334631729507649,1.386494038252949,0.6224501171797969,2.8459080553825027,-0.47106061629905305,-1.8455143053314114,-8.584531532205773,-0.5805331774859888,4.677397572253974,-0.35360768058561276,3.219930798392396,-1.3168325834384087,-0.7263758697367793,0.9260039792042887,-0.8865899381386811,-2.6413923375084174,-0.12914855376044734,0.49478247787312285,1.9913761185315009,0.7037438904682838,-4.345901974082445,2.637569863571376,-0.7411577154698809,-1.6499820358340511,0.25853822671708676,3.787387789457643,2.8730521815249,-0.8930321673471577,7.372892723057496,-1.3214734526143352,3.652616047338407,-1.7639171315175344,1.53549149912138,-2.646469390486222
-0.2199329044440839,0.9038418361351853,-0.35059606811628136,0.5399751261811151,0.3275945287536876,-0.5243491589232165,1.2943233931590665,-0.5603110387841117,0.2723344835342331,0.24677970896296741,-0.05971890919355871,-0.5608138448629508,-0.8901068102034804,-0.47106061629905305,0.8975924735033792,-0.0529430878948977,0.5976135966292967,-0.5953803182610913,-0.9676908371876884,0.3135356218766285,0.6834892238534018,-0.24093300742284898,-0.7284268018421443,-0.009065925626877988,1.1743390316696989,0.6618613207265528,-1.0527949828615042,1.0167596400422976,0.43956962327238563,0.1664086107816883,0.11476575688999258,0.5246905382387511,-0.33621987959348815,0.6965975143039572,0.17013871477859707,-0.18323181770088695,-0.9708788249885993,0.07211521766351502,-0.7225002940110016,-0.8207291938827391,0.8546200466681488,1.415276199152893,0.3011674344118373,-1.0736245298651184
1.1642606833782676,-1.3657956790036476,1.4022651305422007,-1.7358129812292713,-5.221767728502967,-5.297706248677892,-2.2763158930563248,1.0510828253114726,-4.262625446090643,-2.844998220189345,0.9241394383452753,-0.6564663798056487,-0.0723598934389827,-1.8455143053314114,-0.0529430878948977,1.5246286691346222,5.82659462159903,0.6761087948215446,-2.7067869338352586,0.057237305040690384,-2.6572521474127506,0.9442582072200324,0.8271709900508883,-0.7839793765084203,0.080801799090921,1.562798724404732,0.6085448061159312,-0.6596606882263294,-1.6738729160677315,-0.6854449018137808,3.1332678926851174,-2.111041774905215,0.593416140796017,0.5887031465214907,-0.13624694818214517,-2.812264293012756,-1.71741569939926,0.6009740445569441,-4.987331797389536,1.3628214554823483,-2.865385709331127,0.5730968891578765,-1.1785318794691897,2.3367576397403926
5.294576984913791,-5.252498853741005,5.975613627805079,-8.177874565663572,-22.861796382994132,-24.94346238451498,-9.975830376744529,4.087555368226369,-19.803958849249735,-12.948563828825653,4.623573892527105,-3.916622930621437,-0.930289594378321,-8.584531532205773,0.5976135966292967,5.82659462159903,28.26714566410419,2.8008237903210467,-14.572997106554238,0.7029537315577763,-11.897855895558871,5.205449510991432,3.7049676712369948,-2.967686796590717,1.1907557724411508,8.058657624940267,2.2348402428992933,-2.9435814515549747,-7.394916057606587,-2.3962290015126877,14.243039066964368,-9.78251135384621,3.1078355718936477,4.6783229129813595,-1.2846864208278979,-12.136946953969847,-8.527512864388992,3.3018788957114587,-23.931172365739773,5.655756908117113,-13.86391714704774,3.7707148507598802,-5.782450313976952,10.558550443623835
0.7923982933356538,-1.3205776665247375,0.9762109686027273,-1.399586732224698,-2.8557223407938213,-2.452259318138607,-2.207620616332927,0.9039340526972451,-2.5178330230459136,-1.6965638691370188,0.5709398477093914,-0.015359673631950378,0.5735374706179787,-0.5805331774859888,-0.5953803182610913,0.6761087948215446,2.8008237903210467,0.808632920595678,-0.9216758419365824,-0.18413861864618644,-1.9212708267966132,0.8144842453578311,1.0080559991731501,-0.3323415961753965,-0.7959877526439373,0.42199737645634156,1.1203472165758006,-1.1175927436301292,-1.192320601365612,-0.412398953678367,1.528926978546375,-1.556868092588778,0.629378457723389,-0.04049386624991024,-0.28867698710544953,-1.2277488420543483,-0.24172499508106127,0.3566993944447514,-2.2020014598167204,1.308787655186197,-2.303510148755837,-0.6864424275496419,-0.9133828505660948,2.0601509951744537
-2.4298219420864875,1.7549731241593838,-2.5921241855706634,3.6281388850721923,10.943395134367565,12.818372220480963,3.83520333483989,-1.440792626519447,9.568887896230843,6.116449446863383,-2.306116066470519,2.4912044615805855,1.1404214462774156,4.677397572253974,-0.9676908371876884,-2.7067869338352586,-14.572997106554238,-0.9216758419365824,8.289352576370039,-0.67656083846581,5.290704682412836,-2.4641154071051963,-1.228715690736463,1.342710936867674,-1.6042002229277867,-4.573111598997816,-0.13703529431248468,0.87692563806296,3.2421764455344144,0.9624721586935854,-7.124575895961347,4.4161297390232725,-1.365829114606486,-3.2501865866905915,0.6274981309928347,6.023594837843946,4.863936657384072,-1.6275249536414087,12.431718754117654,-2.0892962764247986,6.318227808542717,-3.1388092758861004,2.6753199072320135,-4.406606452378626
-0.00626298843803999,0.2969307508050648,-0.06709197017329388,0.08406115797239412,-0.22705925125830267,-0.6132553373589675,0.3643525765563773,-0.1702563516191607,-0.19203007658400792,-0.07833239537413829,0.07840160902192417,-0.30685069903555207,-0.3300825094833356,-0.35360768058561276,0.3135356218766285,0.057237305040690384,0.7029537315577763,-0.18413861864618644,-0.67656083846581,0.1631206969441472,0.0901990427188376,-0.009306680271469182,-0.22595660874230214,-0.014955374527062274,0.49175120147202744,0.3867299756176484,-0.41689080236191395,0.26220225351643667,0.06599372932945208,0.05069883491657442,0.28224200892366025,0.04329130091099181,-0.052712604446933375,0.45223493143590815,0.009835812785239227,-0.23803879055928073,-0.45024987888622897,0.047913132311391125,-0.6511652012290127,-0.24474302466056466,0.08214356473366213,0.6328216587660331,0.013797516142328457,-0.22539444457802787
-2.6218613558226154,3.4234401255744102,-3.1059549794932115,4.28534236969267,10.564846394339112,10.499224015697322,5.976820445015056,-2.495301284870603,9.1828261789373,6.114171049841735,-2.0909071884679835,1.0575030326956822,-0.5595765134989449,3.219930798392396,0.6834892238534018,-2.6572521474127506,-11.897855895558871,-1.9212708267966132,5.290704682412836,0.0901990427188376,6.120444656300489,-2.6251437400377076,-2.5084590321534925,1.3652977688301833,0.8514206256710051,-2.835492407914342,-2.2899868490780495,2.3368288706560243,3.8317900181765245,1.279575973515059,-6.192352991847393,4.96578163798738,-1.7341399892000853,-1.1314765718497946,0.7201515632225723,5.2296784193444,2.8014230684164345,-1.463866771013102,9.869450827603004,-3.4941440785615816,7.136673993811751,-0.01242064688147116,2.916174690831517,-5.916020280106394
1.1243682762190526,-1.4010093148445228,1.284295030344423,-1.8981567241114967,-4.347765859365889,-4.496076700346991,-2.581912434177141,0.9884459746167454,-3.9763781743583353,-2.619604050100251,0.9375661498459196,-0.5091983563454625,0.22112756140970022,-1.3168325834384087,-0.24093300742284898,0.9442582072200324,5.205449510991432,0.8144842453578311,-2.4641154071051963,-0.009306680271469182,-2.6251437400377076,1.3128980319213237,1.1295131567557064,-0.49525000795206314,-0.3640027490682215,1.2729705914845646,1.0132919475376059,-1.049688280714724,-1.640028940247442,-0.4377711713876856,2.5751834056292595,-2.1480129220607513,0.8097644433349083,0.7057036995480174,-0.4069555440026677,-2.088953424126957,-1.225586472326922,0.7035739146878051,-4.275588815153516,1.482483681335318,-3.2134212470565386,0.04476631410730217,-1.324570672663282,2.586975816837035
1.029891242300472,-1.7007427950823952,1.2611530841324452,-1.828147170367484,-3.646335888054553,-3.1806842589098863,-2.8751609960520046,1.2044069893901257,-3.288574929631751,-2.2467824587072593,0.7674038336701929,-0.022078390519436563,0.7258113750202166,-0.7263758697367793,-0.7284268018421443,0.8271709900508883,3.7049676712369948,1.0080559991731501,-1.228715690736463,-0.22595660874230214,-2.5084590321534925,1.1295131567557064,1.3629202795444084,-0.41973176026509507,-1.0467335015381816,0.5670079416046423,1.4957566751004265,-1.3736011709674931,-1.590782119841629,-0.4747593786868536,1.9759214973768982,-2.0507922220382633,0.8289566986661984,-0.016870840334765744,-0.39339731880998596,-1.5678316169176274,-0.39955733305979396,0.5533849669942618,-2.9180452393654512,1.690288695216479,-3.0143959068126205,-0.9301489735598075,-1.2167185471916793,2.700695296769536
-0.595953553131541,0.7120281768936798,-0.7283944214184072,0.8887573955021045,2.6804242549849038,2.711316534569798,1.163882429380095,-0.5406582297112902,2.1979413080727213,1.4767808443263737,-0.4502750815563679,0.31891760857032847,0.06609540598254282,0.9260039792042887,-0.009065925626877988,-0.7839793765084203,-2.967686796590717,-0.3323415961753965,1.342710936867674,-0.014955374527062274,1.3652977688301833,-0.49525000795206314,-0.41973176026509507,0.4350130621926745,-0.04127686254654426,-0.8055279183686251,-0.3364968643945739,0.263637201941755,0.8643527204081525,0.36136145633047234,-1.5901984072781523,1.064976741176905,-0.27282358384996797,-0.235189652234481,0.03859375332637086,1.461519116141317,0.940303676478921,-0.32944775944078536,2.5655709354690566,-0.7018609703466897,1.4365115139225664,-0.30117344623168507,0.5891297884416803,-1.1687609519631743
-0.25499029002377044,1.2364800114538252,-0.44663232103767886,0.7099665726401214,0.0661989407378802,-1.1164179949973037,1.7823838869810569,-0.7700371849425661,0.1724961131597234,0.24707646556760085,-0.010582216501830636,-0.8709830829453864,-1.226759400933795,-0.8865899381386811,1.1743390316696989,0.080801799090921,1.1907557724411508,-0.7959877526439373,-1.6042002229277867,0.49175120147202744,0.8514206256710051,-0.3640027490682215,-1.0467335015381816,-0.04127686254654426,1.734532476054906,1.0289110266991934,-1.5830364485241188,1.2639087480250453,0.5667552173888785,0.17598952417029912,0.4052644298391453,0.6519994571703411,-0.43709085563358285,1.1432498243986497,0.22426327569015198,-0.4624568752716906,-1.3637823543228205,0.011924690329686172,-1.2938626941599902,-1.116663038733814,1.072290463812102,2.1341657144382284,0.38191667433008264,-1.3944107719288126
1.3126744653356657,-0.8931500445101805,1.4134920781775084,-1.907344823804439,-6.061819472097069,-7.127508854241841,-1.9434306802668373,0.7633753514056751,-5.237983677872734,-3.3667821979495667,1.2297940688776952,-1.4078680373828822,-0.7640355153075258,-2.6413923375084174,0.6618613207265528,1.562798724404732,8.058657624940267,0.42199737645634156,-4.573111598997816,0.3867299756176484,-2.835492407914342,1.2729705914845646,0.5670079416046423,-0.8055279183686251,1.0289110266991934,2.587966385848345,-0.03849827443216308,-0.2584338272555209,-1.7446855475463217,-0.5591272920516197,3.9589868893455016,-2.3480369172537574,0.6546039206364951,1.7305363716269095,-0.25770051638756214,-3.4178608277446263,-2.857966773499451,0.9043612770796613,-6.940316942561382,1.0562054119015276,-3.285950145001324,1.8915298431404588,-1.3976790548109002,2.251470837918728
0.896161192547385,-1.8697293646084672,1.1744084481573949,-1.7042888132744538,-2.806125833103264,-1.892031851626442,-2.989312359375445,1.2680382528684762,-2.5761381023576444,-1.83284823539653,0.557661474602263,0.3955811937765218,1.0763860087905759,-0.12914855376044734,-1.0527949828615042,0.6085448061159312,2.2348402428992933,1.1203472165758006,-0.13703529431248468,-0.41689080236191395,-2.2899868490780495,1.0132919475376059,1.4957566751004265,-0.3364968643945739,-1.5830364485241188,-0.03849827443216308,1.8791149791759447,-1.5391975713255774,-1.464463256935707,-0.46520217493208676,1.3001524909860565,-1.8297059969300724,0.7903021480770389,-0.6258429542819749,-0.3622286765101193,-1.0027692441066474,0.2657749860905855,0.4258730718570925,-1.6216931370266223,1.7925191564780452,-2.72845992314851,-1.672350315091454,-1.074463443129109,2.6446820922125562
-0.9443171194327152,1.7016209942845832,-1.1457687480558063,1.7560558617591264,3.1789434895395203,2.5427800038411266,2.871216697563661,-1.1126417302198872,2.867247831902248,1.8938100073615058,-0.7008698425175041,-0.12034138873156376,-0.9883828125768588,0.49478247787312285,1.0167596400422976,-0.6596606882263294,-2.9435814515549747,-1.1175927436301292,0.87692563806296,0.26220225351643667,2.3368288706560243,-1.049688280714724,-1.3736011709674931,0.263637201941755,1.2639087480250453,-0.2584338272555209,-1.5391975713255774,1.7749669185689994,1.4336126044226385,0.444308513038519,-1.6292473655701283,1.914610063622052,-0.8950075819779472,0.028856527583196814,0.47787025782165526,1.1873137663309015,-0.1871501956747168,-0.3325487300310798,2.16919125512029,-1.7121244340763313,2.964318978928923,1.1916026819183132,1.1620280156926237,-2.7036290422374645
-1.6366168243351338,2.163835135371987,-1.9488100015268237,2.6690375401513977,6.596859499981414,6.52188603209687,3.74637946693351,-1.5913642324497081,5.72419565623937,3.8339844865522346,-1.3028563439646987,0.6301863374671853,-0.36307197708372824,1.9913761185315009,0.43956962327238563,-1.6738729160677315,-7.394916057606587,-1.192320601365612,3.2421764455344144,0.06599372932945208,3.8317900181765245,-1.640028940247442,-1.590782119841629,0.8643527204081525,0.5667552173888785,-1.7446855475463217,-1.464463256935707,1.4336126044226385,2.4175191404894574,0.796333950781572,-3.8603029629381784,3.104001584853174,-1.0754217785598634,-0.6596098532258757,0.4372728460138832,3.272245691808861,1.7559960617033954,-0.9298023854508742,6.139832932683484,-2.1957414058469,4.4388597917579515,0.04877080419563584,1.8208329418087257,-3.7078682217229164
-0.5490310832556201,0.7713858154524513,-0.6865504154484032,0.8551378329000268,2.3429900701034563,2.201838997125685,1.2311875662683263,-0.5536204431721035,1.907111154258552,1.2817973051739016,-0.38899249953701404,0.17321882526449398,-0.11356750070334173,0.7037438904682838,0.1664086107816883,-0.6854449018137808,-2.3962290015126877,-0.412398953678367,0.9624721586935854,0.05069883491657442,1.279575973515059,-0.4377711713876856,-0.4747593786868536,0.36136145633047234,0.17598952417029912,-0.5591272920516197,-0.46520217493208676,0.444308513038519,0.796333950781572,0.35818023119933406,-1.3337406739804032,1.0021129582541144,-0.298917746712163,-0.06458558674058976,0.06616405609550967,1.2045414324208104,0.5838957976532199,-0.24241686831202897,2.0281597846528987,-0.74905220625397,1.3796654905018044,-5.786444170876558e-4,0.5507382350313934,-1.184995224424475
2.7388840474644054,-2.8931364787778815,3.1479005854550848,-4.2131915163762175,-11.876799658973455,-12.654956449150296,-5.286439871303092,2.2366188915831335,-10.137472940141265,-6.661118070619892,2.332278658855832,-1.846968606926715,-0.31426483421601115,-4.345901974082445,0.11476575688999258,3.1332678926851174,14.243039066964368,1.528926978546375,-7.124575895961347,0.28224200892366025,-6.192352991847393,2.5751834056292595,1.9759214973768982,-1.5901984072781523,0.4052644298391453,3.9589868893455016,1.3001524909860565,-1.6292473655701283,-3.8603029629381784,-1.3337406739804032,7.3091609462948695,-5.0549772414494125,1.5835188023416036,2.1047007130611624,-0.5988944237701793,-6.29268836306654,-4.1857147254943134,1.6138464584014673,-12.065221553749799,3.0453316471348706,-7.098629667861057,1.6617972687305422,-2.94550568878277,5.5328332028452465
-2.1379345255757833,2.7276185516138955,-2.5051336036118803,3.5049941796026967,8.53152958918499,8.565442612883194,4.861366818262027,-2.030343627624719,7.466469776436167,4.963166398349565,-1.7439061125750541,0.9210962262193815,-0.44363661079575645,2.637569863571376,0.5246905382387511,-2.111041774905215,-9.78251135384621,-1.556868092588778,4.4161297390232725,0.04329130091099181,4.96578163798738,-2.1480129220607513,-2.0507922220382633,1.064976741176905,0.6519994571703411,-2.3480369172537574,-1.8297059969300724,1.914610063622052,3.104001584853174,1.0021129582541144,-5.0549772414494125,4.087616143518969,-1.4504312769013787,-1.0206650282669274,0.6365876395339535,4.205327006537316,2.2870614524871606,-1.2317508392820729,8.086835018546775,-2.8054441526474907,5.852783059828323,-0.0303666357572693,2.3981119262228847,-4.824766328854488
0.7335244751426501,-1.0113299949372805,0.8499773027694273,-1.2737268220124107,-2.7216297000505647,-2.6647631964348113,-1.8411632279843997,0.7231647220872521,-2.473348514208419,-1.630981414299169,0.6094042798764775,-0.23117197762605576,0.32823818421877016,-0.7411577154698809,-0.33621987959348815,0.593416140796017,3.1078355718936477,0.629378457723389,-1.365829114606486,-0.052712604446933375,-1.7341399892000853,0.8097644433349083,0.8289566986661984,-0.27282358384996797,-0.43709085563358285,0.6546039206364951,0.7903021480770389,-0.8950075819779472,-1.0754217785598634,-0.298917746712163,1.5835188023416036,-1.4504312769013787,0.5959397362109962,0.34057155344108786,-0.3129876141547267,-1.23271118190334,-0.513198912860579,0.40933228584178993,-2.48666880157855,1.0571265395783829,-2.1597965830659445,-0.2521074616366782,-0.8794454678541802,1.808943329271245
0.5752622909352318,0.09710824651550377,0.4715508086928371,-0.7932218442760783,-2.8555485313400206,-4.039941199345081,-0.379507659825634,-8.246018000869523e-4,-2.6189382697449712,-1.5576524649347365,0.7284488827277337,-1.1321958730515154,-0.7518586082639687,-1.6499820358340511,0.6965975143039572,0.5887031465214907,4.6783229129813595,-0.04049386624991024,-3.2501865866905915,0.45223493143590815,-1.1314765718497946,0.7057036995480174,-0.016870840334765744,-0.235189652234481,1.1432498243986497,1.7305363716269095,-0.6258429542819749,0.028856527583196814,-0.6596098532258757,-0.06458558674058976,2.1047007130611624,-1.0206650282669274,0.34057155344108786,1.7427356647965984,-0.2510420825803594,-1.679452275305645,-1.7833874189066945,0.47142454193425803,-4.0041507941609895,0.11858213619775483,-1.5623617419075666,1.7689144505344807,-0.6966227089126422,0.7886209820663783
-0.304767733887365,0.39678173566978225,-0.32395778862303287,0.5730542536573402,0.9971264332730067,1.035844716270382,0.8167989349479738,-0.2796490857991134,1.0042808634808182,0.6437303158848882,-0.2868454225743482,0.11837589521471831,-0.1833851529331861,0.25853822671708676,0.17013871477859707,-0.13624694818214517,-1.2846864208278979,-0.28867698710544953,0.6274981309928347,0.009835812785239227,0.7201515632225723,-0.4069555440026677,-0.39339731880998596,0.03859375332637086,0.22426327569015198,-0.25770051638756214,-0.3622286765101193,0.47787025782165526,0.4372728460138832,0.06616405609550967,-0.5988944237701793,0.6365876395339535,-0.3129876141547267,-0.2510420825803594,0.2101198200789078,0.3851833449895887,0.12660174534051194,-0.18990731619740692,0.97499510662982,-0.44393391207191274,1.0047460159705328,0.15474991362065868,0.4112059211268288,-0.8149723719046419
-2.313160902912695,2.448127633769634,-2.695904221233315,3.490372305167715,10.27460662077147,10.892273827468234,4.3471432699880515,-1.8847925642762517,8.644476697593168,5.698665418491874,-1.9241374935290085,1.5615238135500713,0.3796121594557584,3.787387789457643,-0.18323181770088695,-2.812264293012756,-12.136946953969847,-1.2277488420543483,6.023594837843946,-0.23803879055928073,5.2296784193444,-2.088953424126957,-1.5678316169176274,1.461519116141317,-0.4624568752716906,-3.4178608277446263,-1.0027692441066474,1.1873137663309015,3.272245691808861,1.2045414324208104,-6.29268836306654,4.205327006537316,-1.23271118190334,-1.679452275305645,0.3851833449895887,5.543447137470411,3.7325723747550654,-1.3380310309628356,10.370798810585825,-2.543997637297529,5.8417226429220985,-1.5718970919601423,2.42317194474517,-4.555351587682318
-1.3131806136077346,0.7572854778375873,-1.4275413388902407,1.8123370864519457,6.337159409427537,7.582298548880153,1.677206067248692,-0.7199441459826988,5.414597135436783,3.5229134499941415,-1.2241708461712206,1.551660098443045,1.076775813550523,2.8730521815249,-0.9708788249885993,-1.71741569939926,-8.527512864388992,-0.24172499508106127,4.863936657384072,-0.45024987888622897,2.8014230684164345,-1.225586472326922,-0.39955733305979396,0.940303676478921,-1.3637823543228205,-2.857966773499451,0.2657749860905855,-0.1871501956747168,1.7559960617033954,0.5838957976532199,-4.1857147254943134,2.2870614524871606,-0.513198912860579,-1.7833874189066945,0.12660174534051194,3.7325723747550654,3.374359507865038,-1.0023930715150615,7.465674197057137,-0.9026073531883695,3.0821856084713692,-2.304109442124242,1.338523843779476,-2.0190246961793648
0.6433966854082256,-0.6785839532978621,0.7300142511317012,-1.039005887064671,-2.5816999608233333,-2.8262670373204455,-1.323675807906921,0.55523478498147,-2.351110934151173,-1.5734310692507447,0.5603744708813769,-0.4164003497102523,-0.0640971721963736,-0.8930321673471577,0.07211521766351502,0.6009740445569441,3.3018788957114587,0.3566993944447514,-1.6275249536414087,0.047913132311391125,-1.463866771013102,0.7035739146878051,0.5533849669942618,-0.32944775944078536,0.011924690329686172,0.9043612770796613,0.4258730718570925,-0.3325487300310798,-0.9298023854508742,-0.24241686831202897,1.6138464584014673,-1.2317508392820729,0.40933228584178993,0.47142454193425803,-0.18990731619740692,-1.3380310309628356,-1.0023930715150615,0.49773207146953663,-2.775310133475527,0.7271760196791015,-1.7340140101409987,0.2579913470324771,-0.734263469856864,1.3417487653920581
-4.4078739316118245,4.245893496010676,-4.978355526557349,6.728169403309387,19.29518632986692,21.179996105389062,8.067931973941105,-3.331577497847834,16.638051917367857,10.876936795995858,-3.8486996264027047,3.3960465247489102,1.0159184197709226,7.372892723057496,-0.7225002940110016,-4.987331797389536,-23.931172365739773,-2.2020014598167204,12.431718754117654,-0.6511652012290127,9.869450827603004,-4.275588815153516,-2.9180452393654512,2.5655709354690566,-1.2938626941599902,-6.940316942561382,-1.6216931370266223,2.16919125512029,6.139832932683484,2.0281597846528987,-12.065221553749799,8.086835018546775,-2.48666880157855,-4.0041507941609895,0.97499510662982,10.370798810585825,7.465674197057137,-2.775310133475527,20.355615786580916,-4.581568685927876,11.39534909199713,-3.531172688742379,4.7635365396593015,-8.602116730751295
1.453104200877913,-2.262847862002443,1.7857056311979291,-2.4832241298618793,-5.514944301960347,-4.994743182718902,-3.7762407029649596,1.5811763799088894,-4.814565150873898,-3.248587943183206,1.0700871159294287,-0.1910651818170185,0.7713406835214478,-1.3214734526143352,-0.8207291938827391,1.3628214554823483,5.655756908117113,1.308787655186197,-2.0892962764247986,-0.24474302466056466,-3.4941440785615816,1.482483681335318,1.690288695216479,-0.7018609703466897,-1.116663038733814,1.0562054119015276,1.7925191564780452,-1.7121244340763313,-2.1957414058469,-0.74905220625397,3.0453316471348706,-2.8054441526474907,1.0571265395783829,0.11858213619775483,-0.44393391207191274,-2.543997637297529,-0.9026073531883695,0.7271760196791015,-4.581568685927876,2.2515683055295046,-4.091058077843498,-0.815765385463443,-1.6445751504157284,3.5918749408848503
-3.0586636216082668,3.942036619760189,-3.5630986530343813,5.091275129243825,12.055076332940661,12.114835880611986,7.072595179016219,-2.8424414317191173,10.675652481256076,7.053553377510629,-2.49958422690962,1.277968617798785,-0.7455294624389031,3.652616047338407,0.8546200466681488,-2.865385709331127,-13.86391714704774,-2.303510148755837,6.318227808542717,0.08214356473366213,7.136673993811751,-3.2134212470565386,-3.0143959068126205,1.4365115139225664,1.072290463812102,-3.285950145001324,-2.72845992314851,2.964318978928923,4.4388597917579515,1.3796654905018044,-7.098629667861057,5.852783059828323,-2.1597965830659445,-1.5623617419075666,1.0047460159705328,5.8417226429220985,3.0821856084713692,-1.7340140101409987,11.39534909199713,-4.091058077843498,8.556324422345014,0.061330461065342234,3.495935207453803,-7.025078801367869
0.1457000663071295,0.9996923026906137,-0.022126963601719028,0.13450924088927346,-1.876545468538031,-3.4421896390490474,1.2534294084097166,-0.6067478487722588,-1.4985613796239694,-0.7985390717488265,0.3620689904857526,-1.345897374712923,-1.5157243975774408,-1.7639171315175344,1.415276199152893,0.5730968891578765,3.7707148507598802,-0.6864424275496419,-3.1388092758861004,0.6328216587660331,-0.01242064688147116,0.04476631410730217,-0.9301489735598075,-0.30117344623168507,2.1341657144382284,1.8915298431404588,-1.672350315091454,1.1916026819183132,0.04877080419563584,-5.786444170876558e-4,1.6617972687305422,-0.0303666357572693,-0.2521074616366782,1.7689144505344807,0.15474991362065868,-1.5718970919601423,-2.304109442124242,0.2579913470324771,-3.531172688742379,-0.815765385463443,0.061330461065342234,2.8685860349201544,-0.04208500682186846,-0.743032414814265
-1.2534417392232184,1.5790112411241646,-1.4535607015266712,2.0745033934106365,4.960791704995434,5.0402021309221325,2.853951279548852,-1.1523992663017149,4.401700945254901,2.9127647651297477,-1.0381202369544387,0.5606576960682127,-0.2584409190711208,1.53549149912138,0.3011674344118373,-1.1785318794691897,-5.782450313976952,-0.9133828505660948,2.6753199072320135,0.013797516142328457,2.916174690831517,-1.324570672663282,-1.2167185471916793,0.5891297884416803,0.38191667433008264,-1.3976790548109002,-1.074463443129109,1.1620280156926237,1.8208329418087257,0.5507382350313934,-2.94550568878277,2.3981119262228847,-0.8794454678541802,-0.6966227089126422,0.4112059211268288,2.42317194474517,1.338523843779476,-0.734263469856864,4.7635365396593015,-1.6445751504157284,3.495935207453803,-0.04208500682186846,1.4370249835320186,-2.854240001897179
2.4991703052147916,-3.5403404289347207,2.978761564370439,-4.212822695883537,-9.650590014318576,-9.242348495829653,-6.133997907753078,2.5396143722320406,-8.485635842469934,-5.672012848626607,1.9693914845882368,-0.7057720109851212,0.9828204864830722,-2.646469390486222,-1.0736245298651184,2.3367576397403926,10.558550443623835,2.0601509951744537,-4.406606452378626,-0.22539444457802787,-5.916020280106394,2.586975816837035,2.700695296769536,-1.1687609519631743,-1.3944107719288126,2.251470837918728,2.6446820922125562,-2.7036290422374645,-3.7078682217229164,-1.184995224424475,5.5328332028452465,-4.824766328854488,1.808943329271245,0.7886209820663783,-0.8149723719046419,-4.555351587682318,-2.0190246961793648,1.3417487653920581,-8.602116730751295,3.5918749408848503,-7.025078801367869,-0.743032414814265,-2.854240001897179,5.980360230939552
