V1,V2,V3,V4,V5,V6,V7,V8,V9,V10,V11,V12,V13,V14,V15,V16,V17,V18,V19,V20,V21,V22,V23,V24,V25,V26,V27,V28,V29,V30,V31,V32,V33,V34,V35,V36,V37,V38,V39,V40,V41,V42,V43
862.0389357466064,925.5876427433575,-124.78436406919009,-277.53718013608307,-359.84222527818486,-19.05812761082012,212.246093314445,1231.2674278700745,36.309155816035116,-51.19096901824928,319.1666132261132,-466.95031560121333,988.5583924020808,-848.6680425434031,1513.2920779546587,99.06297780793501,1130.2470307055398,-702.7585176262179,1456.3605613171874,-211.3087013453422,-294.1650760373973,-811.6860321553687,1743.135820223311,234.03270788848042,733.8599939250226,223.77125654330362,-184.16805309344244,561.5218241234224,-899.1030119078389,1573.7411400941453,-118.49562789589541,802.5420116007433,-1624.3694594750855,108.8903495409761,96.85696359620178,786.1065507214731,-280.0712426944934,-258.212975361636,82.75127002788157,-221.57145321204155,528.6607769743426,1014.2662895994894,784.5511252314527
925.5876427433575,994.5184651685328,-133.48613287868815,-297.3970699474327,-386.2082460047991,-21.076136698512215,228.63772620144158,1323.1622727647994,40.101158433603935,-55.48645556715844,343.55389836840175,-500.78802404660837,1062.187014796979,-909.7210513699625,1625.2129568438186,105.61670424708417,1212.8373408787343,-753.9730479789782,1564.8608378230697,-227.18277041823,-315.1718725277668,-871.7947300178226,1871.8051710735745,251.3505412635962,787.3007238526591,240.07710765027196,-197.44034979552976,602.8396586641176,-965.0894476432303,1688.3297933160213,-127.23397658050936,861.2835255554971,-1744.6943743371382,116.10180184365414,104.38354227770205,843.5180847142843,-300.6118890065137,-276.70241176708697,88.1481177355858,-238.40436395176744,567.4082303264557,1089.1522411738592,842.4963170602632
-124.78436406919009,-133.48613287868815,18.450700473440673,40.583348606017175,52.15408070561824,2.336683255400819,-30.18583337952696,-177.45478313616698,-4.545846829813802,7.093793922410396,-45.5867187620522,68.01828452730365,-142.56687151373586,123.84759466876541,-218.8396101849623,-14.868681311283154,-164.12017150041365,102.13824283076204,-210.01793603260026,30.361978875756147,43.02556860132353,117.30972856272703,-252.20902934315782,-33.80879243723588,-106.69348972157259,-32.5269334880736,26.81274048414929,-81.38249241188396,130.3443565505271,-228.80629416611734,17.161293052839035,-116.48718344340246,234.7279420944746,-16.325717416781533,-13.737533657752097,-114.17835917289774,40.62535612606565,37.737958283808865,-12.449856998668514,31.70322786046663,-76.65733387210125,-146.72497978697365,-113.48660547243072
-277.53718013608307,-297.3970699474327,40.583348606017175,89.88418956683115,116.02283820150988,5.598596218095,-67.69542569964483,-395.4245115556416,-10.676463825535489,15.997505026746463,-102.01818095342429,150.83743032190907,-317.61912117898385,274.58228738392324,-486.8754726515182,-32.543119204781135,-364.52516104481305,226.7749466170242,-467.8923613873014,67.78490333512808,95.31755029032652,261.0871526826055,-561.0682790891652,-75.30552855724969,-236.84205036878149,-72.20923007227503,59.59475329484375,-180.82424054207482,289.7346333866423,-507.91590167598486,38.14119603626615,-258.73732584899255,522.473346374207,-35.772188460149394,-30.85508040533238,-253.55536727225063,90.25697987480805,83.62097888925314,-27.268309230522764,70.91448339798485,-170.41727479142102,-326.4574118797163,-252.49886288976987
-359.84222527818486,-386.2082460047991,52.15408070561824,116.02283820150988,150.3240374886344,7.790035566997937,-88.43497087554447,-513.6672540600351,-14.766315714927359,21.161959771748865,-133.0334106473362,195.04518711076074,-412.47292073958386,354.7324932489766,-631.5497513075379,-41.534880906621254,-471.9868867761426,293.51047679219386,-607.6445317108146,88.1601125982259,123.01365302609845,338.74821074371823,-727.6021929074735,-97.71174485552312,-306.4999397004209,-93.4552131247167,77.04571204967075,-234.34712900722565,375.4070802638295,-657.290590946495,49.44693837023548,-335.0827570629088,677.922818535418,-45.672378456313886,-40.35273773334398,-328.270258635768,116.92317851529926,107.95757396409479,-34.75445814306308,92.39692278204467,-220.77772892718735,-423.3809602939177,-327.477166070053
-19.05812761082012,-21.076136698512215,2.336683255400819,5.598596218095,7.790035566997937,0.9676246539197518,-5.344799872805619,-28.224924919139468,-1.823889806851444,1.6167880473195524,-7.810730142973402,9.811537078936121,-22.519902704833168,17.397171457429245,-33.7934980014552,-1.5283487095493782,-24.33986087396036,15.009705141595912,-33.20572035106801,4.925844791053763,5.887348349550861,18.18770506484383,-38.68379277592745,-5.22087948102216,-15.641415763678458,-4.779083948538,3.7741542915824713,-12.367000230555442,19.610666508977257,-33.52836248813922,2.6272577550214473,-17.378571343734993,36.421878418143166,-1.680939954522607,-2.477770258211198,-16.904944477893142,6.10225468918499,5.214885493818467,-1.1957745001614628,5.3307828310844645,-11.475778365450536,-22.518328498948286,-17.43874908716066
212.246093314445,228.63772620144158,-30.18583337952696,-67.69542569964483,-88.43497087554447,-5.344799872805619,53.055720432572215,304.35515052870284,10.116158079347459,-13.151198045394086,79.501631857347,-114.34213877380627,244.200779627343,-207.35405255685018,372.9724423948133,23.590657622858533,277.5028165282691,-172.3976598761724,359.7906168061567,-52.34701364568571,-71.70942340035954,-200.1374475532047,429.3619420184347,57.69583506809299,179.98305410246002,54.89204254039571,-45.031371568592014,138.16354545541407,-221.05920956764456,385.9544758552015,-29.176445165103978,197.14340002116174,-400.55896414423387,25.941601094512134,24.26201869796204,192.9733284441183,-68.8424870982842,-62.99753583531666,19.627667849188043,-55.09023316625441,129.9284084481689,249.85162972125713,193.28411353066247
1231.2674278700745,1323.1622727647994,-177.45478313616698,-395.4245115556416,-513.6672540600351,-28.224924919139468,304.35515052870284,1760.4886237028406,53.73572073683754,-74.00698814457029,457.25946014785495,-666.0128445911062,1413.1994678428375,-1209.661631226987,2162.0836065017934,140.27695799397873,1613.1631065468187,-1002.7951579124187,2082.0018947705657,-302.2843262537276,-419.0303838886194,-1159.793351385619,2490.0239598689986,334.3603965465873,1047.1150634333662,319.30779437895444,-262.5061972694866,801.9443028029123,-1283.7163439943556,2245.481283689741,-169.26315078649682,1145.61628362274,-2321.0565778822265,154.1952450771053,138.9615909622223,1121.9391725816736,-399.86619548276923,-367.90389278304616,117.03091214456826,-317.27025314354375,754.7078416116326,1448.8711223772787,1120.7623169232072
36.309155816035116,40.101158433603935,-4.545846829813802,-10.676463825535489,-14.766315714927359,-1.823889806851444,10.116158079347459,53.73572073683754,3.540126440838027,-3.1382175059106685,14.813829723727407,-18.74847865053477,42.85702518997362,-33.120590940271526,64.42605000717208,2.9576538694158243,46.40789717962513,-28.61861516429821,63.20278904598638,-9.337491678834294,-11.196694776984112,-34.64420451062999,73.68622900190607,9.903140162337266,29.83696316062604,9.11723663289341,-7.102847610225562,23.643784566727653,-37.35605461853036,63.950262845464735,-5.0234958618736725,33.16516335184247,-69.35411122686091,3.2309627091216218,4.678969362974735,32.248046728296636,-11.647446216426038,-9.925590681671563,2.27644742068944,-10.094076663461326,21.828489710826315,42.86934088001289,33.209119668876774
-51.19096901824928,-55.48645556715844,7.093793922410396,15.997505026746463,21.161959771748865,1.6167880473195524,-13.151198045394086,-74.00698814457029,-3.1382175059106685,3.526313631006096,-19.59361224885664,27.302430174011445,-59.27687841576728,49.13069912816105,-90.20550749228289,-5.311597620395565,-66.55262094831802,41.267142056806435,-87.36150133524512,12.745818943633788,16.89060340734406,48.41799662299179,-103.6377400216847,-13.908320426372748,-43.073918547323345,-13.143733146921187,10.599729315412445,-33.363050405470084,53.14377954431663,-92.35255543192774,7.056976707187176,-47.366322127307534,96.90067001791901,-5.823123953259196,-6.028551601630868,-46.27844437032646,16.565691503950564,14.874979661123513,-4.3334668656361535,13.50701779763217,-31.1742085481739,-60.29377276092846,-46.66429818442506
319.1666132261132,343.55389836840175,-45.5867187620522,-102.01818095342429,-133.0334106473362,-7.810730142973402,79.501631857347,457.25946014785495,14.813829723727407,-19.59361224885664,119.2283232645991,-172.16444406001128,366.9372467353483,-312.3585250914608,560.7340202426593,35.75462783570216,417.5689784406803,-259.4638254234108,540.6137735357138,-78.6023834024587,-108.07881461843914,-300.858016228332,645.5937484033375,86.7308051348174,270.89676756170263,82.61561050717896,-67.81537531929473,207.80401539651524,-332.52642360400796,580.9133239407381,-43.87570143537656,296.617612487106,-602.1276694761149,39.311775125009596,36.33734138337276,290.38784955641233,-103.56413126261792,-94.93105151879534,29.772177918058684,-82.65154150094348,195.45830426496335,375.6699610680696,290.61076787891596
-466.95031560121333,-500.78802404660837,68.01828452730365,150.83743032190907,195.04518711076074,9.811537078936121,-114.34213877380627,-666.0128445911062,-18.74847865053477,27.302430174011445,-172.16444406001128,253.43229568846758,-534.8520598244609,460.96074699648017,-819.4273854685546,-54.28932511776766,-612.8466173251553,381.16705494210817,-787.9298089069594,114.2095764967798,159.90583134286953,439.44860488915236,-944.0851488933873,-126.7118963257315,-398.0712670621668,-121.37285345398644,100.00274501915378,-304.24035215035155,487.27235417056295,-853.6629656642692,64.18662625815745,-435.0800065173424,879.4065075163068,-59.66570311310301,-52.13927678632028,-426.27309091487496,151.80037080729596,140.3218834296435,-45.410398710702864,119.59851122361016,-286.54900378355745,-549.3102701706655,-424.88497840561985
988.5583924020808,1062.187014796979,-142.56687151373586,-317.61912117898385,-412.47292073958386,-22.519902704833168,244.200779627343,1413.1994678428375,42.85702518997362,-59.27687841576728,366.9372467353483,-534.8520598244609,1134.460973733006,-971.5807872917998,1735.7920585571626,112.79192808052527,1295.3395266481407,-805.2587162727772,1671.3394666925644,-242.64005235742232,-336.5990615624194,-931.1102381440576,1999.1515979290812,268.4478147167474,840.8539050074086,256.4076868499323,-210.85878727289818,643.8589298173722,-1030.7411236769685,1803.1709739845546,-135.89186853680974,919.8762316082494,-1863.3990474260877,123.98753749389836,111.48862378146082,900.8987338430845,-321.0633764074083,-295.5159089403529,94.13112342578651,-254.6276508570298,606.0030454369584,1163.2497126404226,899.8145828342176
-848.6680425434031,-909.7210513699625,123.84759466876541,274.58228738392324,354.7324932489766,17.397171457429245,-207.35405255685018,-1209.661631226987,-33.120590940271526,49.13069912816105,-312.3585250914608,460.96074699648017,-971.5807872917998,838.9700390360766,-1488.9378791971421,-99.16499534524459,-1114.327100809522,693.1735776610041,-1431.268657143434,207.42287348184328,291.17240125795297,798.4880730643733,-1715.7398328989532,-230.31568576021243,-723.923173666624,-220.71640408177137,182.12515616761567,-552.8728815491822,885.8358660305774,-1552.4732538921041,116.62574041575104,-790.9744428191484,1597.912756779855,-109.01548390120642,-94.53477180921375,-775.0824294365266,275.93823470730683,255.46172717040994,-83.06978407876761,217.0873304506983,-521.0214292738714,-998.3185560329408,-772.1564154247266
1513.2920779546587,1625.2129568438186,-218.8396101849623,-486.8754726515182,-631.5497513075379,-33.7934980014552,372.9724423948133,2162.0836065017934,64.42605000717208,-90.20550749228289,560.7340202426593,-819.4273854685546,1735.7920585571626,-1488.9378791971421,2656.7946750115075,173.5074434383035,1983.7351360617552,-1233.3564218097406,2557.221636500064,-371.08398376361225,-515.99791177112,-1425.0501036363255,3060.1280111609094,410.845839105553,1287.9269762867198,392.72615969419593,-323.06556036518333,985.7562461292578,-1578.1853666744316,2761.9093040792513,-208.03148645537155,1408.6468293945475,-2851.854184370928,190.7080303816176,170.2217333314207,1379.715312206776,-491.61470862987727,-452.96816858614983,144.86492169762695,-389.20495154170356,927.9000260068799,1780.5680217365389,1377.3161187487472
99.06297780793501,105.61670424708417,-14.868681311283154,-32.543119204781135,-41.534880906621254,-1.5283487095493782,23.590657622858533,140.27695799397873,2.9576538694158243,-5.311597620395565,35.75462783570216,-54.28932511776766,112.79192808052527,-99.16499534524459,173.5074434383035,12.190923961529947,130.6732435800217,-81.3987752615291,166.1342319402874,-23.966592601929776,-34.541967055614506,-92.98310994046442,200.13807854448936,26.828530685679727,85.04340311257675,25.92040232805091,-21.502783941228284,64.60370321590074,-103.64276020957203,182.38888689956363,-13.612103263354674,92.67711197334846,-186.04645772848423,13.394071804776518,10.716358883678499,90.91744237617631,-32.29776701244521,-30.26535228400867,10.272464524291792,-24.92823036928778,60.99995524426686,116.43593595658301,90.04256997268598
1130.2470307055398,1212.8373408787343,-164.12017150041365,-364.52516104481305,-471.9868867761426,-24.33986087396036,277.5028165282691,1613.1631065468187,46.40789717962513,-66.55262094831802,417.5689784406803,-612.8466173251553,1295.3395266481407,-1114.327100809522,1983.7351360617552,130.6732435800217,1482.675438837338,-922.0362380252514,1908.2827887460915,-276.74692288495186,-386.4149815784839,-1063.9405041752152,2285.309206941731,306.7869989308345,962.8823705275598,293.5944725097147,-241.80847183651633,736.2967037272648,-1179.1586891104748,2064.88947532629,-155.35696020896236,1052.6779748142942,-2129.156934653451,143.63192936754658,126.58916086484035,1031.2562560106198,-367.31961939990197,-339.1337245012069,109.2476414438201,-289.99010775163856,693.3908418217856,1329.722229781118,1028.538327799378
-702.7585176262179,-753.9730479789782,102.13824283076204,226.7749466170242,293.51047679219386,15.009705141595912,-172.3976598761724,-1002.7951579124187,-28.61861516429821,41.267142056806435,-259.4638254234108,381.16705494210817,-805.2587162727772,693.1735776610041,-1233.3564218097406,-81.3987752615291,-922.0362380252514,573.4181342651809,-1186.2929842352469,172.01797896428067,240.40480565897957,661.4755577548227,-1420.9136552603572,-190.74345881528996,-598.8273550994923,-182.58747529529322,150.42218732613162,-457.81759813802387,733.2319354651542,-1284.1815223867407,96.59445731177107,-654.6090708360548,1323.739857031348,-89.47170156877488,-78.63467507189951,-641.3154429380118,228.4094839512962,210.97808390283475,-68.07257071980683,180.21211843542739,-431.1826560373674,-826.7668306687142,-639.4978981029124
1456.3605613171874,1564.8608378230697,-210.01793603260026,-467.8923613873014,-607.6445317108146,-33.20572035106801,359.7906168061567,2082.0018947705657,63.20278904598638,-87.36150133524512,540.6137735357138,-787.9298089069594,1671.3394666925644,-1431.268657143434,2557.221636500064,166.1342319402874,1908.2827887460915,-1186.2929842352469,2462.295990069727,-357.4707407221858,-495.84613375086144,-1371.740169470604,2945.190327513238,395.4797835500776,1238.7308051539476,377.7358397169501,-310.6143179931185,948.5498317112242,-1518.4891801668332,2656.397474534383,-200.20051673691142,1355.1622992790049,-2745.215583782802,182.6221990461903,164.2615710563964,1327.1963538948633,-472.9931326928459,-435.32979800441575,138.6394069392306,-375.1395800509139,892.7579874879117,1713.720795060344,1325.6255546807915
-211.3087013453422,-227.18277041823,30.361978875756147,67.78490333512808,88.1601125982259,4.925844791053763,-52.34701364568571,-302.2843262537276,-9.337491678834294,12.745818943633788,-78.6023834024587,114.2095764967798,-242.64005235742232,207.42287348184328,-371.08398376361225,-23.966592601929776,-276.74692288495186,172.01797896428067,-357.4707407221858,51.92994405981214,71.83656632970724,199.0779575679599,-427.35959741608593,-57.40506703357351,-179.61097827177886,-54.771638471402426,45.04284326837154,-137.5916256883627,220.27538154168099,-385.1665422808891,29.043064408643794,-196.5385686852985,398.4199607986188,-26.35291421656376,-23.90987292971896,-192.46571360687759,68.60425302558284,63.07530002031176,-19.998497417398436,54.531720493518534,-129.50592242672553,-248.6782479135516,-192.36212084079054
-294.1650760373973,-315.1718725277668,43.02556860132353,95.31755029032652,123.01365302609845,5.887348349550861,-71.70942340035954,-419.0303838886194,-11.196694776984112,16.89060340734406,-108.07881461843914,159.90583134286953,-336.5990615624194,291.17240125795297,-515.99791177112,-34.541967055614506,-386.4149815784839,240.40480565897957,-495.84613375086144,71.83656632970724,101.09398496734006,276.7078577477478,-594.6722268836787,-79.82649809794002,-251.07575944706429,-76.54757908351996,63.22191002866887,-191.6358549572309,307.12039500329325,-538.4438128155297,40.419827326231314,-274.2555447444747,553.7375380300746,-37.97646808877721,-32.68444154765727,-268.77898635808606,95.66606500271392,88.68161625485865,-28.963236996566224,75.14129501346751,-180.65858897163946,-346.01672421805034,-267.6219450911064
-811.6860321553687,-871.7947300178226,117.30972856272703,261.0871526826055,338.74821074371823,18.18770506484383,-200.1374475532047,-1159.793351385619,-34.64420451062999,48.41799662299179,-300.858016228332,439.44860488915236,-931.1102381440576,798.4880730643733,-1425.0501036363255,-92.98310994046442,-1063.9405041752152,661.4755577548227,-1371.740169470604,199.0779575679599,276.7078577477478,764.3823661320403,-1641.3820870807297,-220.38248638205965,-690.7357847142581,-210.62601353801026,173.27621071888467,-528.7034429131563,846.4664780408631,-1481.2562611127555,111.57788091431887,-755.5038452427028,1529.7142622491149,-102.20720844095091,-91.34825654468527,-739.9787724365415,263.6725647913794,242.9104573268271,-77.63580415872616,208.8201236335631,-497.68603310353865,-955.0633088396488,-738.76597020828
1743.135820223311,1871.8051710735745,-252.20902934315782,-561.0682790891652,-727.6021929074735,-38.68379277592745,429.3619420184347,2490.0239598689986,73.68622900190607,-103.6377400216847,645.5937484033375,-944.0851488933873,1999.1515979290812,-1715.7398328989532,3060.1280111609094,200.13807854448936,2285.309206941731,-1420.9136552603572,2945.190327513238,-427.35959741608593,-594.6722268836787,-1641.3820870807297,3524.8506680332293,473.2552492200875,1483.788278213983,452.44475999894223,-372.3353342139984,1135.4398114735263,-1818.0143240283498,3181.937840702172,-239.6116394626079,1622.7276398199697,-3284.7892380605003,219.99389309309205,195.9472613888873,1589.4642839191135,-566.309437981696,-522.004821300717,167.1656387425991,-448.1599418612763,1068.9564586103322,2050.984560681578,1586.473754848186
234.03270788848042,251.3505412635962,-33.80879243723588,-75.30552855724969,-97.71174485552312,-5.22087948102216,57.69583506809299,334.3603965465873,9.903140162337266,-13.908320426372748,86.7308051348174,-126.7118963257315,268.4478147167474,-230.31568576021243,410.845839105553,26.828530685679727,306.7869989308345,-190.74345881528996,395.4797835500776,-57.40506703357351,-79.82649809794002,-220.38248638205965,473.2552492200875,63.55817523271153,199.17706685228532,60.73413737008277,-50.014170697659466,152.4088805560771,-244.07857291942585,427.13126440982603,-32.16317792006502,217.8312264478524,-441.0468608356454,29.499090198779022,26.336429257089495,213.36746046417187,-76.02059223171594,-70.0705065018971,22.421638764020873,-60.2100212608461,143.52403857424002,275.38043199975306,213.00849872666035
733.8599939250226,787.3007238526591,-106.69348972157259,-236.84205036878149,-306.4999397004209,-15.641415763678458,179.98305410246002,1047.1150634333662,29.83696316062604,-43.073918547323345,270.89676756170263,-398.0712670621668,840.8539050074086,-723.923173666624,1287.9269762867198,85.04340311257675,962.8823705275598,-598.8273550994923,1238.7308051539476,-179.61097827177886,-251.07575944706429,-690.7357847142581,1483.788278213983,199.17706685228532,625.3660321706724,190.6789201370167,-157.08481784468162,478.09176173567454,-765.6960571270475,1341.0934120724141,-100.87120894692467,683.6066756977729,-1382.2910294463472,93.4749901028934,82.09101392673409,669.728971546205,-238.52565960465154,-220.3412163149562,71.11994519318736,-188.15607581135185,450.2725462413125,863.3472341000974,667.7926853014319
223.77125654330362,240.07710765027196,-32.5269334880736,-72.20923007227503,-93.4552131247167,-4.779083948538,54.89204254039571,319.30779437895444,9.11723663289341,-13.143733146921187,82.61561050717896,-121.37285345398644,256.4076868499323,-220.71640408177137,392.72615969419593,25.92040232805091,293.5944725097147,-182.58747529529322,377.7358397169501,-54.771638471402426,-76.54757908351996,-210.62601353801026,452.44475999894223,60.73413737008277,190.6789201370167,58.139684645840724,-47.89239639561503,145.7817027591546,-233.47403528568347,408.90940775065127,-30.758388458168852,208.44206316422813,-421.50205945868584,28.48997348447257,25.03704680459763,204.2081707865745,-72.73079617335486,-67.17822316092179,21.67477873284909,-57.380238341415286,137.29454121522076,263.2563885601217,203.62736010861903
-184.16805309344244,-197.44034979552976,26.81274048414929,59.59475329484375,77.04571204967075,3.7741542915824713,-45.031371568592014,-262.5061972694866,-7.102847610225562,10.599729315412445,-67.81537531929473,100.00274501915378,-210.85878727289818,182.12515616761567,-323.06556036518333,-21.502783941228284,-241.80847183651633,150.42218732613162,-310.6143179931185,45.04284326837154,63.22191002866887,173.27621071888467,-372.3353342139984,-50.014170697659466,-157.08481784468162,-47.89239639561503,39.60300207249879,-119.91242573566731,192.24631760949094,-336.8787458092319,25.29382804351984,-171.61349999300754,346.7733989274273,-23.65671690065818,-20.5381599742282,-168.18057525768594,59.86604373655991,55.460451946084625,-18.047476743185236,47.146778163361255,-113.10060046519658,-216.6661090733484,-167.57318759982775
561.5218241234224,602.8396586641176,-81.38249241188396,-180.82424054207482,-234.34712900722565,-12.367000230555442,138.16354545541407,801.9443028029123,23.643784566727653,-33.363050405470084,207.80401539651524,-304.24035215035155,643.8589298173722,-552.8728815491822,985.7562461292578,64.60370321590074,736.2967037272648,-457.81759813802387,948.5498317112242,-137.5916256883627,-191.6358549572309,-528.7034429131563,1135.4398114735263,152.4088805560771,478.09176173567454,145.7817027591546,-119.91242573566731,365.8372268526091,-585.6764650901301,1025.2492093529777,-77.20061095156888,522.8326753195603,-1058.037040568837,70.99483005248035,63.038752591821066,512.1209444916115,-182.4576413128184,-168.21795575868202,53.939311648651966,-144.25429918539854,344.3482706406525,660.6504817978796,511.030380236118
-899.1030119078389,-965.0894476432303,130.3443565505271,289.7346333866423,375.4070802638295,19.610666508977257,-221.05920956764456,-1283.7163439943556,-37.35605461853036,53.14377954431663,-332.52642360400796,487.27235417056295,-1030.7411236769685,885.8358660305774,-1578.1853666744316,-103.64276020957203,-1179.1586891104748,733.2319354651542,-1518.4891801668332,220.27538154168099,307.12039500329325,846.4664780408631,-1818.0143240283498,-244.07857291942585,-765.6960571270475,-233.47403528568347,192.24631760949094,-585.6764650901301,937.894049098295,-1642.0211405626376,123.58408083243133,-837.2205183918954,1693.9645759656144,-113.9269679066563,-100.86128414033193,-820.134500018969,292.1544862981132,269.5605507001347,-86.62324161580446,230.89345702725137,-551.5012980650389,-1057.8341012951653,-818.2398696977198
1573.7411400941453,1688.3297933160213,-228.80629416611734,-507.91590167598486,-657.290590946495,-33.52836248813922,385.9544758552015,2245.481283689741,63.950262845464735,-92.35255543192774,580.9133239407381,-853.6629656642692,1803.1709739845546,-1552.4732538921041,2761.9093040792513,182.38888689956363,2064.88947532629,-1284.1815223867407,2656.397474534383,-385.1665422808891,-538.4438128155297,-1481.2562611127555,3181.937840702172,427.13126440982603,1341.0934120724141,408.90940775065127,-336.8787458092319,1025.2492093529777,-1642.0211405626376,2875.9674507129503,-216.31377887813173,1465.9812907699657,-2964.270846861417,200.47321381910703,176.03513752501578,1436.2248380405656,-511.5124062786338,-472.5302365372355,152.53341745732456,-403.4871639746204,965.6051666759016,1851.4227830685002,1432.0604014197038
-118.49562789589541,-127.23397658050936,17.161293052839035,38.14119603626615,49.44693837023548,2.6272577550214473,-29.176445165103978,-169.26315078649682,-5.0234958618736725,7.056976707187176,-43.87570143537656,64.18662625815745,-135.89186853680974,116.62574041575104,-208.03148645537155,-13.612103263354674,-155.35696020896236,96.59445731177107,-200.20051673691142,29.043064408643794,40.419827326231314,111.57788091431887,-239.6116394626079,-32.16317792006502,-100.87120894692467,-30.758388458168852,25.29382804351984,-77.20061095156888,123.58408083243133,-216.31377887813173,16.29180747481637,-110.32001615298726,223.28923489977583,-14.958483823067644,-13.313214017110289,-108.05584164638947,38.50062243519603,35.482151713208204,-11.361905061463125,30.454663139760115,-72.65901189672702,-139.41695020930888,-107.84345519607518
802.5420116007433,861.2835255554971,-116.48718344340246,-258.73732584899255,-335.0827570629088,-17.378571343734993,197.14340002116174,1145.61628362274,33.16516335184247,-47.366322127307534,296.617612487106,-435.0800065173424,919.8762316082494,-790.9744428191484,1408.6468293945475,92.67711197334846,1052.6779748142942,-654.6090708360548,1355.1622992790049,-196.5385686852985,-274.2555447444747,-755.5038452427028,1622.7276398199697,217.8312264478524,683.6066756977729,208.44206316422813,-171.61349999300754,522.8326753195603,-837.2205183918954,1465.9812907699657,-110.32001615298726,747.4140559778755,-1511.9106926431432,101.86058375889185,89.93494704344614,732.1776181702498,-260.8090398193148,-240.70931173572828,77.45328270536392,-205.9703559263744,492.29726296773833,944.1884936674422,730.3356343985298
-1624.3694594750855,-1744.6943743371382,234.7279420944746,522.473346374207,677.922818535418,36.421878418143166,-400.55896414423387,-2321.0565778822265,-69.35411122686091,96.90067001791901,-602.1276694761149,879.4065075163068,-1863.3990474260877,1597.912756779855,-2851.854184370928,-186.04645772848423,-2129.156934653451,1323.739857031348,-2745.215583782802,398.4199607986188,553.7375380300746,1529.7142622491149,-3284.7892380605003,-441.0468608356454,-1382.2910294463472,-421.50205945868584,346.7733989274273,-1058.037040568837,1693.9645759656144,-2964.270846861417,223.28923489977583,-1511.9106926431432,3061.3345627760928,-204.50740396093104,-182.8299960807469,-1480.8406640650212,527.6612044177418,486.10349925852944,-155.34425735633445,417.92597700633854,-995.9834052440406,-1911.3105342192737,-1478.4463148236339
108.8903495409761,116.10180184365414,-16.325717416781533,-35.772188460149394,-45.672378456313886,-1.680939954522607,25.941601094512134,154.1952450771053,3.2309627091216218,-5.823123953259196,39.311775125009596,-59.66570311310301,123.98753749389836,-109.01548390120642,190.7080303816176,13.394071804776518,143.63192936754658,-89.47170156877488,182.6221990461903,-26.35291421656376,-37.97646808877721,-102.20720844095091,219.99389309309205,29.499090198779022,93.4749901028934,28.48997348447257,-23.65671690065818,70.99483005248035,-113.9269679066563,200.47321381910703,-14.958483823067644,101.86058375889185,-204.50740396093104,14.720865215817595,11.786535766294746,99.93045937078571,-35.49754657098836,-33.27271338309156,11.295305201305107,-27.412224153582255,67.05994806915402,127.9928547192197,98.97753732685338
96.85696359620178,104.38354227770205,-13.737533657752097,-30.85508040533238,-40.35273773334398,-2.477770258211198,24.26201869796204,138.9615909622223,4.678969362974735,-6.028551601630868,36.33734138337276,-52.13927678632028,111.48862378146082,-94.53477180921375,170.2217333314207,10.716358883678499,126.58916086484035,-78.63467507189951,164.2615710563964,-23.90987292971896,-32.68444154765727,-91.34825654468527,195.9472613888873,26.336429257089495,82.09101392673409,25.03704680459763,-20.5381599742282,63.038752591821066,-100.86128414033193,176.03513752501578,-13.313214017110289,89.93494704344614,-182.8299960807469,11.786535766294746,11.098501884576363,88.02600006791226,-31.407626416476237,-28.716113446778678,8.914342614259684,-25.175177346836684,59.28094053461226,114.0274174652601,88.21151844191037
786.1065507214731,843.5180847142843,-114.17835917289774,-253.55536727225063,-328.270258635768,-16.904944477893142,192.9733284441183,1121.9391725816736,32.248046728296636,-46.27844437032646,290.38784955641233,-426.27309091487496,900.8987338430845,-775.0824294365266,1379.715312206776,90.91744237617631,1031.2562560106198,-641.3154429380118,1327.1963538948633,-192.46571360687759,-268.77898635808606,-739.9787724365415,1589.4642839191135,213.36746046417187,669.728971546205,204.2081707865745,-168.18057525768594,512.1209444916115,-820.134500018969,1436.2248380405656,-108.05584164638947,732.1776181702498,-1480.8406640650212,99.93045937078571,88.02600006791226,717.2807852562547,-255.48367571382806,-235.89084063451332,76.00730230071507,-201.66765035927295,482.268197627277,924.8363524742931,715.3603832312389
-280.0712426944934,-300.6118890065137,40.62535612606565,90.25697987480805,116.92317851529926,6.10225468918499,-68.8424870982842,-399.86619548276923,-11.647446216426038,16.565691503950564,-103.56413126261792,151.80037080729596,-321.0633764074083,275.93823470730683,-491.61470862987727,-32.29776701244521,-367.31961939990197,228.4094839512962,-472.9931326928459,68.60425302558284,95.66606500271392,263.6725647913794,-566.309437981696,-76.02059223171594,-238.52565960465154,-72.73079617335486,59.86604373655991,-182.4576413128184,292.1544862981132,-511.5124062786338,38.50062243519603,-260.8090398193148,527.6612044177418,-35.49754657098836,-31.407626416476237,-255.48367571382806,91.01162264283805,83.9679742063039,-26.985315240554037,71.90770783504031,-171.7859910382762,-329.50855948229895,-254.87867432251568
-258.212975361636,-276.70241176708697,37.737958283808865,83.62097888925314,107.95757396409479,5.214885493818467,-62.99753583531666,-367.90389278304616,-9.925590681671563,14.874979661123513,-94.93105151879534,140.3218834296435,-295.5159089403529,255.46172717040994,-452.96816858614983,-30.26535228400867,-339.1337245012069,210.97808390283475,-435.32979800441575,63.07530002031176,88.68161625485865,242.9104573268271,-522.004821300717,-70.0705065018971,-220.3412163149562,-67.17822316092179,55.460451946084625,-168.21795575868202,269.5605507001347,-472.5302365372355,35.482151713208204,-240.70931173572828,486.10349925852944,-33.27271338309156,-28.716113446778678,-235.89084063451332,83.9679742063039,77.79812541545844,-25.36660885039003,65.99069176600489,-158.5568157083984,-303.73300647205895,-234.92092131026752
82.75127002788157,88.1481177355858,-12.449856998668514,-27.268309230522764,-34.75445814306308,-1.1957745001614628,19.627667849188043,117.03091214456826,2.27644742068944,-4.3334668656361535,29.772177918058684,-45.410398710702864,94.13112342578651,-83.06978407876761,144.86492169762695,10.272464524291792,109.2476414438201,-68.07257071980683,138.6394069392306,-19.998497417398436,-28.963236996566224,-77.63580415872616,167.1656387425991,22.421638764020873,71.11994519318736,21.67477873284909,-18.047476743185236,53.939311648651966,-86.62324161580446,152.53341745732456,-11.361905061463125,77.45328270536392,-155.34425735633445,11.295305201305107,8.914342614259684,76.00730230071507,-26.985315240554037,-25.36660885039003,8.685507550563083,-20.77892265619212,51.00517970146147,97.26192173255991,75.20727875931969
-221.57145321204155,-238.40436395176744,31.70322786046663,70.91448339798485,92.39692278204467,5.3307828310844645,-55.09023316625441,-317.27025314354375,-10.094076663461326,13.50701779763217,-82.65154150094348,119.59851122361016,-254.6276508570298,217.0873304506983,-389.20495154170356,-24.92823036928778,-289.99010775163856,180.21211843542739,-375.1395800509139,54.531720493518534,75.14129501346751,208.8201236335631,-448.1599418612763,-60.2100212608461,-188.15607581135185,-57.380238341415286,47.146778163361255,-144.25429918539854,230.89345702725137,-403.4871639746204,30.454663139760115,-205.9703559263744,417.92597700633854,-27.412224153582255,-25.175177346836684,-201.66765035927295,71.90770783504031,65.99069176600489,-20.77892265619212,57.31451093011606,-135.7340881164215,-260.78638939755507,-201.733734735541
528.6607769743426,567.4082303264557,-76.65733387210125,-170.41727479142102,-220.77772892718735,-11.475778365450536,129.9284084481689,754.7078416116326,21.828489710826315,-31.1742085481739,195.45830426496335,-286.54900378355745,606.0030454369584,-521.0214292738714,927.9000260068799,60.99995524426686,693.3908418217856,-431.1826560373674,892.7579874879117,-129.50592242672553,-180.65858897163946,-497.68603310353865,1068.9564586103322,143.52403857424002,450.2725462413125,137.29454121522076,-113.10060046519658,344.3482706406525,-551.5012980650389,965.6051666759016,-72.65901189672702,492.29726296773833,-995.9834052440406,67.05994806915402,59.28094053461226,482.268197627277,-171.7859910382762,-158.5568157083984,51.00517970146147,-135.7340881164215,324.3108491531636,621.9924442597525,481.1086073467633
1014.2662895994894,1089.1522411738592,-146.72497978697365,-326.4574118797163,-423.3809602939177,-22.518328498948286,249.85162972125713,1448.8711223772787,42.86934088001289,-60.29377276092846,375.6699610680696,-549.3102701706655,1163.2497126404226,-998.3185560329408,1780.5680217365389,116.43593595658301,1329.722229781118,-826.7668306687142,1713.720795060344,-248.6782479135516,-346.01672421805034,-955.0633088396488,2050.984560681578,275.38043199975306,863.3472341000974,263.2563885601217,-216.6661090733484,660.6504817978796,-1057.8341012951653,1851.4227830685002,-139.41695020930888,944.1884936674422,-1911.3105342192737,127.9928547192197,114.0274174652601,924.8363524742931,-329.50855948229895,-303.73300647205895,97.26192173255991,-260.78638939755507,621.9924442597525,1193.4004267736957,923.114716170717
784.5511252314527,842.4963170602632,-113.48660547243072,-252.49886288976987,-327.477166070053,-17.43874908716066,193.28411353066247,1120.7623169232072,33.209119668876774,-46.66429818442506,290.61076787891596,-424.88497840561985,899.8145828342176,-772.1564154247266,1377.3161187487472,90.04256997268598,1028.538327799378,-639.4978981029124,1325.6255546807915,-192.36212084079054,-267.6219450911064,-738.76597020828,1586.473754848186,213.00849872666035,667.7926853014319,203.62736010861903,-167.57318759982775,511.030380236118,-818.2398696977198,1432.0604014197038,-107.84345519607518,730.3356343985298,-1478.4463148236339,98.97753732685338,88.21151844191037,715.3603832312389,-254.87867432251568,-234.92092131026752,75.20727875931969,-201.733734735541,481.1086073467633,923.114716170717,714.046220037216
