V1,V2,V3,V4,V5,V6,V7,V8,V9,V10,V11,V12,V13,V14,V15,V16,V17,V18,V19,V20,V21,V22,V23,V24,V25,V26,V27,V28,V29,V30,V31,V32,V33,V34,V35,V36,V37,V38,V39,V40,V41,V42,V43
0.32508855845671475,0.5034949001141175,0.29517158487177797,0.10261254071859227,0.18339704050562994,0.9843733317824095,-0.5846856283621825,-0.15486965489111224,-0.6366000943088015,-0.03494134938539885,-0.11664831898268727,-0.5270155628787396,0.05047925230619198,-0.5083837538348687,-1.4777027596844026,0.4144250210121877,-0.31937794897058575,-0.34589454147131266,0.33679603774290195,0.6444609116489056,-0.4517218577622279,0.4009381282705973,0.06713852506199447,-0.633658244527217,0.4516194834573395,0.03248955236399136,0.4615885532480265,0.4558493976657474,-0.09958572719172097,-0.544170453040775,-0.7836160134558406,0.3966279512285038,-0.016347689549376963,0.5830737064892058,0.0501142786355134,-0.15827764148952445,1.0413999231297881,0.37284351123942056,0.5438769339786194,-0.6611279098328002,0.1026995548455416,-0.6596536939849498,0.4996497176313938
0.5034949001141175,2.1457306762049604,1.2200319215820916,0.1429621757336815,1.5285343483317126,0.8524567302780612,0.9187619594547454,-1.5738075087823267,-1.9627955029409616,1.5264200290571737,-0.1035186272691557,-2.543535292992853,-1.029817489052896,-3.1081210008699944,-3.2024863183945125,1.0287035577490942,-0.3796229538253553,-0.8424933462445636,2.3158269904705993,1.021663566441496,0.3450281471612544,-0.5110518879568985,0.9283351178197261,-1.3046765326371252,1.212103767876252,0.7605583272531357,2.6628027501336478,1.9728444644102177,0.3293730828903645,-0.34246022014613214,1.0961321272637248,2.5736122193057227,0.49340064734748335,0.2300830241226142,0.4471420300156089,-0.8339092009687983,2.140875023690017,-0.37036089469848893,-0.8547503416622437,-2.3432437316333203,-0.4489249262308883,-1.2339531289120842,-1.0418602337313139
0.29517158487177797,1.2200319215820916,0.6955350237427202,0.0835905968227197,0.8615200485051975,0.5199929861702083,0.48880594832970703,-0.8829910669107484,-1.1197226669594762,0.8495910714427009,-0.06252469189462807,-1.441305084769355,-0.571206761174073,-1.7537983675888746,-1.8525438986560177,0.5917164937762522,-0.22343087511044105,-0.48606676306315355,1.305756151596993,0.596978114643278,0.1731736155998638,-0.27183776385032954,0.5191725338290457,-0.7564113712321843,0.6938100509563517,0.42777547231654434,1.5037060644841223,1.1197983692517561,0.179649947517484,-0.21111746631016365,0.5761745886442581,1.450792574938505,0.27612202821283466,0.1534020371724394,0.24975812220011345,-0.47190862134523676,1.2391513997157686,-0.1904525585673731,-0.45187570215380185,-1.3357727862346687,-0.24776811549413091,-0.7183689605450538,-0.5581207210384439
0.10261254071859227,0.1429621757336815,0.0835905968227197,0.033059463584656244,0.0437396799189319,0.3174459333550304,-0.20570243333390342,-0.034890529612453536,-0.191369659237041,-0.028133824707125214,-0.03768537605729151,-0.1473358479881424,0.027727372849444817,-0.13565165053528874,-0.4557828641051934,0.12671251194725835,-0.1029069072822831,-0.10541647632867002,0.08659506777495408,0.20376706278977075,-0.15443248837434478,0.14108545423554517,0.0127750239915451,-0.1959365862940289,0.13785481929140977,0.001458000669967708,0.12493491355928404,0.13008418201944574,-0.03686835515808326,-0.17916196358897651,-0.27271563118403935,0.10468787483806184,-0.01153231522626974,0.19167999700494256,0.012665376791189769,-0.04355607028602398,0.3231421665016493,0.12801367879662218,0.1898687491449844,-0.19437119501029143,0.0400846877824368,-0.20530328931843322,0.17737073822334531
0.18339704050562994,1.5285343483317126,0.8615200485051975,0.0437396799189319,1.2383436575990028,-0.05821787861687645,1.3336308037910813,-1.3040318189763602,-1.249697494184025,1.4220785677715755,0.004802482718229382,-1.872037819196152,-0.9820510135857478,-2.4029166462442118,-1.6666272392193562,0.5865435913154997,-0.07506730044166701,-0.4747972403408994,1.825731031118929,0.38512357575297435,0.6978262902394761,-0.8056646466522254,0.7897219557611537,-0.651813056543246,0.7223092324600613,0.6657899672892957,2.0366859592230644,1.4122497414473716,0.3850103406209881,0.14859155330864712,1.6640434596961868,2.011070244517233,0.46383956946372845,-0.2848789744718075,0.36569749781735794,-0.6262378662603408,1.0687674783815162,-0.6546067268284382,-1.2413044732601757,-1.5762941665348074,-0.49619992860576434,-0.5652347361304496,-1.3740386552179527
0.9843733317824095,0.8524567302780612,0.5199929861702083,0.3174459333550304,-0.05821787861687645,3.314390117553891,-2.668745941154184,0.19165928362180248,-1.4422613836088884,-0.8869376339705514,-0.39119669545980407,-0.742764186078503,0.7010675531353691,-0.3914191199902992,-4.024896771966886,1.0635588090576553,-1.0215522278851645,-0.8969608265311783,0.13358483160556006,1.9383455960403433,-1.8829476597297896,1.7677300240346767,-0.2055083969411798,-1.760413587515168,1.1120470338091806,-0.2497983186629181,0.4340040261160484,0.7542715290330679,-0.5401686377572816,-1.8899168106392863,-3.513681096368694,0.2306802441002927,-0.30390346956260295,2.09726761245367,-0.033150417184989775,-0.1883203664588006,2.8919619643076495,1.5972611096845741,2.48628213222964,-1.3498800949730567,0.6088311424134956,-1.8942436608979445,2.41059316983838
-0.5846856283621825,0.9187619594547454,0.48880594832970703,-0.20570243333390342,1.3336308037910813,-2.668745941154184,3.4904284710272857,-1.5032235023330653,-0.15813244670964918,2.175395200242462,0.31348159716033713,-1.3592739380978756,-1.5709488513568857,-2.185110717976263,1.436339405262606,-0.2286408900467363,0.7299414216343704,0.21172547232113673,1.790678912618743,-1.1282910359471308,2.2087756052177108,-2.2359114657828205,0.9799706299695319,0.7078528208505699,-0.12847325350417324,0.8916535562518709,1.7715172457081267,0.8722894072209179,0.8257657639975852,1.6487691174158163,4.495139520255385,1.9042801965763967,0.7236169677401744,-1.9485343755980076,0.40311571707312926,-0.5020150504309119,-1.1683354996683915,-1.938170522440838,-3.2461088724779343,-0.573965722611238,-0.9978682523528796,0.9027591641244839,-3.324479043155148
-0.15486965489111224,-1.5738075087823267,-0.8829910669107484,-0.034890529612453536,-1.3040318189763602,0.19165928362180248,-1.5032235023330653,1.3827427664261498,1.2647828838928659,-1.5313931208084377,-0.01956828784843652,1.9424967941532092,1.0623835207143904,2.5176056647667533,1.5959968511446374,-0.576632113257931,0.04367620712305806,0.46332989025115046,-1.9176473586945362,-0.3324562304638171,-0.806259778325794,0.9085214333049397,-0.841858744535194,0.6164247621726758,-0.7208591435952417,-0.7066134000099762,-2.1299044843740766,-1.458280919052217,-0.4255766983870602,-0.22272964357583389,-1.8885517644827596,-2.1113736087702755,-0.49703534615576506,0.3799234514935535,-0.38943145789186906,0.6521117513769523,-1.0143099847995354,0.7502429704186672,1.4042936213729595,1.6072593636338144,0.5424925086763602,0.5196201519273467,1.5411783041419838
-0.6366000943088015,-1.9627955029409616,-1.1197226669594762,-0.191369659237041,-1.249697494184025,-1.4422613836088884,-0.15813244670964918,1.2647828838928659,1.9556533042709396,-1.0662312234964688,0.17398378834812725,2.2727704177462704,0.6986532895610484,2.666337591474862,3.546076332702139,-1.089904198337314,0.5493095807389038,0.8949632200234738,-1.9486981527023726,-1.2823389571692232,0.13680381414889103,0.014884395099257429,-0.7271332761953055,1.4705896037935844,-1.257912701416886,-0.5673778521700165,-2.306320571537416,-1.8033238627319166,-0.15115818859193497,0.7173297095024507,-0.12423795583717237,-2.188320438997948,-0.33572940877960106,-0.6607096678568054,-0.36836174240607755,0.7328712921560075,-2.420412076449948,-0.050820109559679506,0.1550494975684964,2.2421676756946844,0.22994509423644519,1.4410988917215781,0.3268298860453837
-0.03494134938539885,1.5264200290571737,0.8495910714427009,-0.028133824707125214,1.4220785677715755,-0.8869376339705514,2.175395200242462,-1.5313931208084377,-1.0662312234964688,1.837087147704346,0.10217797539456897,-1.94537937397684,-1.2908537156700683,-2.637058634303501,-0.8990265078430021,0.40422823736304675,0.166163849870881,-0.3175785944779816,2.043456980334656,-0.04065129261053765,1.2588975864082228,-1.350726906118994,0.9498935936558295,-0.3051648370234978,0.5477510665706297,0.8176532857694138,2.2099131457431413,1.4197600537324662,0.5712769258469749,0.6339928279320897,2.761825876149766,2.2314969761642014,0.6017621191015525,-0.8424807464758574,0.4252990821578687,-0.6657323826820769,0.5004425545891116,-1.1396487125064825,-2.0273484309168155,-1.4590270616461292,-0.7135738869584424,-0.17355482334870387,-2.1594234146049205
-0.11664831898268727,-0.1035186272691557,-0.06252469189462807,-0.03768537605729151,0.004802482718229382,-0.39119669545980407,0.31348159716033713,-0.01956828784843652,0.17398378834812725,0.10217797539456897,0.046442309584041656,0.09167878423355243,-0.08063100488838455,0.05171122857761639,0.4782928204639022,-0.12685319069985465,0.12187486785650065,0.10652506747538172,-0.019697412230926786,-0.2301692815511065,0.22133619012803862,-0.2088981588949686,0.022206352679473504,0.20905824944824802,-0.1335083696315947,0.029013074739981052,-0.05585815285132176,-0.09212859233386864,0.06322328579133313,0.22432109736153058,0.4116386768179989,-0.031737543579658745,0.03567348923847796,-0.2475395008708256,0.002616865036529753,0.02349942268452896,-0.344118378990645,-0.18777275336691357,-0.2911589111692455,0.16253977377884954,-0.07157860135566975,0.22455430493695416,-0.28181606753332367
-0.5270155628787396,-2.543535292992853,-1.441305084769355,-0.1473358479881424,-1.872037819196152,-0.742764186078503,-1.3592739380978756,1.9424967941532092,2.2727704177462704,-1.94537937397684,0.09167878423355243,3.0419925175047497,1.3225058050503224,3.76547059571224,3.5508939851455152,-1.1620703354611555,0.3750732996456951,0.9479340888538397,-2.8185361504087645,-1.0763037083339242,-0.5896694576286393,0.777221635344036,-1.1548053795773163,1.4352105966513726,-1.3840948683880325,-0.9490395451089525,-3.2171846659187784,-2.3438733620623218,-0.4506645172575122,0.25428702179663715,-1.6550346262245441,-3.1272551003008062,-0.628205697539274,-0.0938528223129453,-0.5519475555379675,1.0023965674411888,-2.3577860795615724,0.5958188812000343,1.2688242378072743,2.7429879750085733,0.6006649522118233,1.3364226967556427,1.4904874370251375
0.05047925230619198,-1.029817489052896,-0.571206761174073,0.027727372849444817,-0.9820510135857478,0.7010675531353691,-1.5709488513568857,1.0623835207143904,0.6986532895610484,-1.2908537156700683,-0.08063100488838455,1.3225058050503224,0.9097056603072922,1.8098592256564214,0.5116489238122891,-0.2504606756251751,-0.1404296923243601,0.19448862101122316,-1.4065997904858094,0.07931519554917925,-0.9185096302937774,0.9766330942372828,-0.6616060379111467,0.16303597336001677,-0.34918816056094504,-0.5695124490863668,-1.5138078988612196,-0.9595985865282163,-0.4083298505718764,-0.48590110347917576,-1.9996858661114014,-1.5341148343347655,-0.42224029770488875,0.6368850173675729,-0.2952030707338588,0.45425715373167697,-0.26831256872414894,0.8284875577202054,1.4654272167738795,0.9703483242385293,0.5075934194027569,0.06844373031930608,1.5546976190625656
-0.5083837538348687,-3.1081210008699944,-1.7537983675888746,-0.13565165053528874,-2.4029166462442118,-0.3914191199902992,-2.185110717976263,2.5176056647667533,2.666337591474862,-2.637058634303501,0.05171122857761639,3.76547059571224,1.8098592256564214,4.751066781722809,3.862819265535639,-1.307406731561204,0.309828193765429,1.0605506299747012,-3.5822994182494505,-1.0514604620861039,-1.0701320789508035,1.2872789237118318,-1.512600701388412,1.5385113803432804,-1.5847249787465967,-1.2537483009840729,-4.042520698636715,-2.8709212576566716,-0.6668744456798692,0.010760499568303444,-2.707719507877058,-3.9620762580153914,-0.8530356344345423,0.23213403588072046,-0.7130088294526368,1.2503070406878891,-2.529398414281894,1.0303199716143083,2.041420391998485,3.2809154825336764,0.868829935606245,1.3894489725485275,2.312138857020298
-1.4777027596844026,-3.2024863183945125,-1.8525438986560177,-0.4557828641051934,-1.6666272392193562,-4.024896771966886,1.436339405262606,1.5959968511446374,3.546076332702139,-0.8990265078430021,0.4782928204639022,3.5508939851455152,0.5116489238122891,3.862819265535639,7.3288035858695455,-2.142584668180387,1.37362478178533,1.7779073727929335,-2.7309130396480197,-2.9447830035379057,1.3541306212713242,-1.0635165518589687,-0.8562337775448735,3.0966902103878433,-2.39517169559592,-0.6236629388226542,-3.4008643574367903,-2.919380377067188,0.12890706210787486,2.137571426877133,2.016784833710955,-3.11342519445453,-0.2734655425116675,-2.199730207496378,-0.4745484273831436,1.1133797079837617,-5.086529947773621,-1.0600767289609303,-1.3367336388029103,3.887985206198582,-0.05950591709528776,3.1407724741984007,-1.056588524136737
0.4144250210121877,1.0287035577490942,0.5917164937762522,0.12671251194725835,0.5865435913154997,1.0635588090576553,-0.2286408900467363,-0.576632113257931,-1.089904198337314,0.40422823736304675,-0.12685319069985465,-1.1620703354611555,-0.2504606756251751,-1.307406731561204,-2.142584668180387,0.6382442512197777,-0.37532209407194494,-0.5276437325311489,0.938600715871173,0.8288065817968746,-0.2797286557246558,0.19180199960524535,0.32014931632935584,-0.8990805316330956,0.7221024867339086,0.24205781392716674,1.1418796126698911,0.9407850428247132,0.010172923991368998,-0.5534663065788354,-0.3433919345795788,1.062619122954029,0.1257293815681098,0.5525535893300425,0.16959019607319445,-0.36893018825351886,1.4776646420303936,0.20627841124914967,0.21129830471313527,-1.2173919288541528,-0.040716894987156485,-0.9006624920704805,0.1213707569921925
-0.31937794897058575,-0.3796229538253553,-0.22343087511044105,-0.1029069072822831,-0.07506730044166701,-1.0215522278851645,0.7299414216343704,0.04367620712305806,0.5493095807389038,0.166163849870881,0.12187486785650065,0.3750732996456951,-0.1404296923243601,0.309828193765429,1.37362478178533,-0.37532209407194494,0.3277806140675257,0.3126619541500892,-0.1829372987914575,-0.6332207903517042,0.5318691855032107,-0.49566169964866486,1.5219564589273428e-4,0.5945394364462283,-0.4044355140802455,0.030856685392583096,-0.2942201533158858,-0.3435403530448076,0.13872585421635597,0.5826394875322036,0.9611805954342753,-0.22960575433055452,0.062187571155111136,-0.6301818098292243,-0.021373563818232688,0.10669715867999822,-0.9807728972286419,-0.44630360246214545,-0.6745626606095951,0.5399362769820669,-0.15451342790568248,0.6287319241353484,-0.6406041288208648
-0.34589454147131266,-0.8424933462445636,-0.48606676306315355,-0.10541647632867002,-0.4747972403408994,-0.8969608265311783,0.21172547232113673,0.46332989025115046,0.8949632200234738,-0.3175785944779816,0.10652506747538172,0.9479340888538397,0.19448862101122316,1.0605506299747012,1.7779073727929335,-0.5276437325311489,0.3126619541500892,0.43734497876580664,-0.7604513907132845,-0.690399636536109,0.245923709323703,-0.17041391762983768,-0.2556586730881326,0.7470274475343552,-0.5945466597183605,-0.19499142670739453,-0.9273217407393427,-0.7689013106928986,-0.002743191383943964,0.46490030195225884,0.3158262633570647,-0.8607702857721948,-0.09987167558216185,-0.4689897895479571,-0.13540617581214173,0.300450806000764,-1.2260113914836241,-0.18366087733758646,-0.1981774050497159,0.9994020566033146,0.027996013833517172,0.7499693618130354,-0.12465756068801581
0.33679603774290195,2.3158269904705993,1.305756151596993,0.08659506777495408,1.825731031118929,0.13358483160556006,1.790678912618743,-1.9176473586945362,-1.9486981527023726,2.043456980334656,-0.019697412230926786,-2.8185361504087645,-1.4065997904858094,-3.5822994182494505,-2.7309130396480197,0.938600715871173,-0.1829372987914575,-0.7604513907132845,2.7097037094827336,0.7005440473259132,0.9052131446411158,-1.0667306684139413,1.1562442168551685,-1.0801898120606406,1.1453173320860184,0.9645757120359673,3.0430294718016455,2.13946478152816,0.5326502172738,0.08808863631004857,2.227086611050746,2.991726123602532,0.6629869065741003,-0.2802683019718438,0.5410640332000017,-0.9387243985779267,1.7744958852359998,-0.8604763761934591,-1.6705558404494114,-2.4209778922702476,-0.6903440336403817,-0.9606748997548922,-1.8721813633270048
0.6444609116489056,1.021663566441496,0.596978114643278,0.20376706278977075,0.38512357575297435,1.9383455960403433,-1.1282910359471308,-0.3324562304638171,-1.2823389571692232,-0.04065129261053765,-0.2301692815511065,-1.0763037083339242,0.07931519554917925,-1.0514604620861039,-2.9447830035379057,0.8288065817968746,-0.6332207903517042,-0.690399636536109,0.7005440473259132,1.2791859388428541,-0.8773416907821313,0.7785716439622302,0.14931778166272128,-1.2612641679420442,0.906456628859349,0.07522206724309735,0.9516950073768388,0.9270295566988865,-0.18902497136251747,-1.073348139691156,-1.5114435420177668,0.8234318439381686,-0.02457443870685843,1.1443982460105473,0.10767587100398325,-0.3245178532963925,2.0747533920544883,0.7223752586604074,1.0469082716967468,-1.33465235988563,0.19441280153409993,-1.3105693436255197,0.957066566318839
-0.4517218577622279,0.3450281471612544,0.1731736155998638,-0.15443248837434478,0.6978262902394761,-1.8829476597297896,2.2087756052177108,-0.806259778325794,0.13680381414889103,1.2588975864082228,0.22133619012803862,-0.5896694576286393,-0.9185096302937774,-1.0701320789508035,1.3541306212713242,-0.2797286557246558,0.5318691855032107,0.245923709323703,0.9052131446411158,-0.8773416907821313,1.4273937697115255,-1.4230716044600351,0.5379552235547084,0.6334474273478035,-0.23494838314860012,0.4982543353327985,0.8498539700560283,0.3362876978554357,0.5087338249555994,1.13836320876237,2.856933056861682,0.94939954193655,0.41973937944049833,-1.3254451401486689,0.21373544498872332,-0.23082981887938495,-1.0429978037187235,-1.244154988537574,-2.0554071721124236,-0.09151306141441806,-0.607788333823327,0.7545880998866287,-2.084442209683276
0.4009381282705973,-0.5110518879568985,-0.27183776385032954,0.14108545423554517,-0.8056646466522254,1.7677300240346767,-2.2359114657828205,0.9085214333049397,0.014884395099257429,-1.350726906118994,-0.2088981588949686,0.777221635344036,0.9766330942372828,1.2872789237118318,-1.0635165518589687,0.19180199960524535,-0.49566169964866486,-0.17041391762983768,-1.0667306684139413,0.7785716439622302,-1.4230716044600351,1.4424690701860015,-0.595242318277375,-0.5123905151765131,0.1383051809076566,-0.5530201222241645,-1.037567935380662,-0.4840081490951965,-0.523874908342764,-1.0948231003411375,-2.8757251394818537,-1.12681528026487,-0.4537114241068647,1.2777826028632875,-0.23940761820333045,0.2914805732506516,0.8500546272900865,1.245442319208335,2.0730144590874566,0.27549129768622344,0.6343256793163506,-0.6354789966200359,2.116089914532147
0.06713852506199447,0.9283351178197261,0.5191725338290457,0.0127750239915451,0.7897219557611537,-0.2055083969411798,0.9799706299695319,-0.841858744535194,-0.7271332761953055,0.9498935936558295,0.022206352679473504,-1.1548053795773163,-0.6616060379111467,-1.512600701388412,-0.8562337775448735,0.32014931632935584,1.5219564589273428e-4,-0.2556586730881326,1.1562442168551685,0.14931778166272128,0.5379552235547084,-0.595242318277375,0.5151638767672991,-0.3250624004456107,0.4067537970640263,0.4331743169032939,1.2768815962249158,0.86172036280953,0.2717330592210794,0.18410504132160097,1.2367797025673304,1.2712259122085403,0.3080787245127975,-0.28592928320925165,0.2370454184783551,-0.38930198899990626,0.5357947472025644,-0.4964709767908403,-0.9163545753172976,-0.9356073922965255,-0.34370422154312685,-0.2628219401731462,-0.9971393585049485
-0.633658244527217,-1.3046765326371252,-0.7564113712321843,-0.1959365862940289,-0.651813056543246,-1.760413587515168,0.7078528208505699,0.6164247621726758,1.4705896037935844,-0.3051648370234978,0.20905824944824802,1.4352105966513726,0.16303597336001677,1.5385113803432804,3.0966902103878433,-0.8990805316330956,0.5945394364462283,0.7470274475343552,-1.0801898120606406,-1.2612641679420442,0.6334474273478035,-0.5123905151765131,-0.3250624004456107,1.311841654664177,-1.0006416304968537,-0.23192257358281512,-1.359303757091709,-1.187633029685997,0.07976311450938757,0.9409859369804773,0.9818677319190002,-1.2351716250755247,-0.09126641552410064,-0.9773060207798401,-0.184263699387846,0.44754658877582715,-2.1543449242215353,-0.5027871929932642,-0.6595387549230441,1.6002053644747474,-0.055815464759341626,1.3363886325731975,-0.5452696441241954
0.4516194834573395,1.212103767876252,0.6938100509563517,0.13785481929140977,0.7223092324600613,1.1120470338091806,-0.12847325350417324,-0.7208591435952417,-1.257912701416886,0.5477510665706297,-0.1335083696315947,-1.3840948683880325,-0.34918816056094504,-1.5847249787465967,-2.39517169559592,0.7221024867339086,-0.4044355140802455,-0.5945466597183605,1.1453173320860184,0.906456628859349,-0.23494838314860012,0.1383051809076566,0.4067537970640263,-1.0006416304968537,0.8244184597331042,0.3090287070921476,1.3786381088642046,1.111879847726361,0.04341189594125536,-0.5744365395699164,-0.21703449904873687,1.293445673938207,0.16994035242660435,0.5574671138577456,0.21227909659743158,-0.4421424485533849,1.647196725716595,0.16108300983814877,0.11421832565371197,-1.4164056417193513,-0.08305110150094495,-0.9944608392220401,0.008087985566244418
0.03248955236399136,0.7605583272531357,0.42777547231654434,0.001458000669967708,0.6657899672892957,-0.2497983186629181,0.8916535562518709,-0.7066134000099762,-0.5673778521700165,0.8176532857694138,0.029013074739981052,-0.9490395451089525,-0.5695124490863668,-1.2537483009840729,-0.6236629388226542,0.24205781392716674,0.030856685392583096,-0.19499142670739453,0.9645757120359673,0.07522206724309735,0.4982543353327985,-0.5530201222241645,0.4331743169032939,-0.23192257358281512,0.3090287070921476,0.37462101892789507,1.0558904549716652,0.7027597288742384,0.24170972270487012,0.20978080731910997,1.1207423259400282,1.0552943368494216,0.2698068273226135,-0.2921916111192848,0.19501572028557748,-0.321485642551358,0.3771869415119416,-0.4558610679550764,-0.8264944795021649,-0.7511729963572957,-0.3075823132127561,-0.17723950649513615,-0.8922275707932078
0.4615885532480265,2.6628027501336478,1.5037060644841223,0.12493491355928404,2.0366859592230644,0.4340040261160484,1.7715172457081267,-2.1299044843740766,-2.306320571537416,2.2099131457431413,-0.05585815285132176,-3.2171846659187784,-1.5138078988612196,-4.042520698636715,-3.4008643574367903,1.1418796126698911,-0.2942201533158858,-0.9273217407393427,3.0430294718016455,0.9516950073768388,0.8498539700560283,-1.037567935380662,1.2768815962249158,-1.359303757091709,1.3786381088642046,1.0558904549716652,3.4427782667379665,2.458699459436618,0.5491271268489534,-0.06740946693389317,2.188837833226279,3.3683792016255723,0.7143267721298567,-0.1323867893879663,0.6039155183832526,-1.0664896735567913,2.2347811252835568,-0.8249987157854317,-1.6553462594598642,-2.8249337194467716,-0.7182605180457099,-1.2369827516119407,-1.8872648259346394
0.4558493976657474,1.9728444644102177,1.1197983692517561,0.13008418201944574,1.4122497414473716,0.7542715290330679,0.8722894072209179,-1.458280919052217,-1.8033238627319166,1.4197600537324662,-0.09212859233386864,-2.3438733620623218,-0.9595985865282163,-2.8709212576566716,-2.919380377067188,0.9407850428247132,-0.3435403530448076,-0.7689013106928986,2.13946478152816,0.9270295566988865,0.3362876978554357,-0.4840081490951965,0.86172036280953,-1.187633029685997,1.111879847726361,0.7027597288742384,2.458699459436618,1.8166285433373859,0.3093748961739741,-0.30314634244748384,1.0473142620121403,2.379019084960077,0.4571051181414229,0.19312006902069842,0.4159335518736879,-0.769094717072019,1.9515666227555384,-0.35770526207471753,-0.8151828468099428,-2.1531226327139645,-0.41844592432442945,-1.1206382223751177,-0.9871806633244299
-0.09958572719172097,0.3293730828903645,0.179649947517484,-0.03686835515808326,0.3850103406209881,-0.5401686377572816,0.8257657639975852,-0.4255766983870602,-0.15115818859193497,0.5712769258469749,0.06322328579133313,-0.4506645172575122,-0.4083298505718764,-0.6668744456798692,0.12890706210787486,0.010172923991368998,0.13872585421635597,-0.002743191383943964,0.5326502172738,-0.18902497136251747,0.5087338249555994,-0.523874908342764,0.2717330592210794,0.07976311450938757,0.04341189594125536,0.24170972270487012,0.5491271268489534,0.3093748961739741,0.2020523298120668,0.34368610503804825,1.0587691216868977,0.57341762866353,0.18891487200347937,-0.4172544162704337,0.11590098696472666,-0.16025876339926645,-0.13195124794668803,-0.4505632197277643,-0.7685334185045327,-0.26530652855618364,-0.24683525233488313,0.12709464111568733,-0.7968238417574836
-0.544170453040775,-0.34246022014613214,-0.21111746631016365,-0.17916196358897651,0.14859155330864712,-1.8899168106392863,1.6487691174158163,-0.22272964357583389,0.7173297095024507,0.6339928279320897,0.22432109736153058,0.25428702179663715,-0.48590110347917576,0.010760499568303444,2.137571426877133,-0.5534663065788354,0.5826394875322036,0.46490030195225884,0.08808863631004857,-1.073348139691156,1.13836320876237,-1.0948231003411375,0.18410504132160097,0.9409859369804773,-0.5744365395699164,0.20978080731910997,-0.06740946693389317,-0.30314634244748384,0.34368610503804825,1.1029851431418383,2.151832985954779,0.044733167625949706,0.2205232033304267,-1.2229252151557504,0.04612713980452829,0.05085567676706429,-1.5530653773761676,-0.970368491763683,-1.5266297803185584,0.6267596751997937,-0.39810819414397913,1.0241766426356365,-1.4956133133151117
-0.7836160134558406,1.0961321272637248,0.5761745886442581,-0.27271563118403935,1.6640434596961868,-3.513681096368694,4.495139520255385,-1.8885517644827596,-0.12423795583717237,2.761825876149766,0.4116386768179989,-1.6550346262245441,-1.9996858661114014,-2.707719507877058,2.016784833710955,-0.3433919345795788,0.9611805954342753,0.3158262633570647,2.227086611050746,-1.5114435420177668,2.856933056861682,-2.8757251394818537,1.2367797025673304,0.9818677319190002,-0.21703449904873687,1.1207423259400282,2.188837833226279,1.0473142620121403,1.0587691216868977,2.151832985954779,5.801012393437856,2.3661753246659467,0.9152846871606598,-2.5442721559737316,0.508555979193257,-0.615876195588456,-1.6150925926856945,-2.504198957502274,-4.187081671950592,-0.6414185396560502,-1.2737132968848588,1.2329512762931756,-4.280871589081965
0.3966279512285038,2.5736122193057227,1.450792574938505,0.10468787483806184,2.011070244517233,0.2306802441002927,1.9042801965763967,-2.1113736087702755,-2.188320438997948,2.2314969761642014,-0.031737543579658745,-3.1272551003008062,-1.5341148343347655,-3.9620762580153914,-3.11342519445453,1.062619122954029,-0.22960575433055452,-0.8607702857721948,2.991726123602532,0.8234318439381686,0.94939954193655,-1.12681528026487,1.2712259122085403,-1.2351716250755247,1.293445673938207,1.0552943368494216,3.3683792016255723,2.379019084960077,0.57341762866353,0.044733167625949706,2.3661753246659467,3.3075083277937605,0.7220099065770447,-0.25493065211804383,0.5978211077378701,-1.0402221376159964,2.0314548242809405,-0.9083777866744585,-1.7797671645713227,-2.704921517161682,-0.7437129008363734,-1.1066223183124049,-2.003676222974193
-0.016347689549376963,0.49340064734748335,0.27612202821283466,-0.01153231522626974,0.46383956946372845,-0.30390346956260295,0.7236169677401744,-0.49703534615576506,-0.33572940877960106,0.6017621191015525,0.03567348923847796,-0.628205697539274,-0.42224029770488875,-0.8530356344345423,-0.2734655425116675,0.1257293815681098,0.062187571155111136,-0.09987167558216185,0.6629869065741003,-0.02457443870685843,0.41973937944049833,-0.4537114241068647,0.3080787245127975,-0.09126641552410064,0.16994035242660435,0.2698068273226135,0.7143267721298567,0.4571051181414229,0.18891487200347937,0.2205232033304267,0.9152846871606598,0.7220099065770447,0.19927295814527846,-0.28544062609478804,0.13623407134760418,-0.21534413516798862,0.14703408281012928,-0.37917326490922526,-0.670896343768287,-0.46729144649782034,-0.2374394586393011,-0.048149357876513685,-0.7133685506373145
0.5830737064892058,0.2300830241226142,0.1534020371724394,0.19167999700494256,-0.2848789744718075,2.09726761245367,-1.9485343755980076,0.3799234514935535,-0.6607096678568054,-0.8424807464758574,-0.2475395008708256,-0.0938528223129453,0.6368850173675729,0.23213403588072046,-2.199730207496378,0.5525535893300425,-0.6301818098292243,-0.4689897895479571,-0.2802683019718438,1.1443982460105473,-1.3254451401486689,1.2777826028632875,-0.28592928320925165,-0.9773060207798401,0.5574671138577456,-0.2921916111192848,-0.1323867893879663,0.19312006902069842,-0.4172544162704337,-1.2229252151557504,-2.5442721559737316,-0.25493065211804383,-0.28544062609478804,1.3778865957842918,-0.09234702994102836,0.006469010432483073,1.6077857973884102,1.1366650663324782,1.8126188615105465,-0.535049795482494,0.48407332867926334,-1.0785822349627412,1.7914795910267067
0.0501142786355134,0.4471420300156089,0.24975812220011345,0.012665376791189769,0.36569749781735794,-0.033150417184989775,0.40311571707312926,-0.38943145789186906,-0.36836174240607755,0.4252990821578687,0.002616865036529753,-0.5519475555379675,-0.2952030707338588,-0.7130088294526368,-0.4745484273831436,0.16959019607319445,-0.021373563818232688,-0.13540617581214173,0.5410640332000017,0.10767587100398325,0.21373544498872332,-0.23940761820333045,0.2370454184783551,-0.184263699387846,0.21227909659743158,0.19501572028557748,0.6039155183832526,0.4159335518736879,0.11590098696472666,0.04612713980452829,0.508555979193257,0.5978211077378701,0.13623407134760418,-0.09234702994102836,0.11127631660692636,-0.18491977457196151,0.30541142630522566,-0.20031591141937685,-0.37958813483528786,-0.46158332162629573,-0.14669287716163074,-0.15761993126228244,-0.4185719757868167
-0.15827764148952445,-0.8339092009687983,-0.47190862134523676,-0.04355607028602398,-0.6262378662603408,-0.1883203664588006,-0.5020150504309119,0.6521117513769523,0.7328712921560075,-0.6657323826820769,0.02349942268452896,1.0023965674411888,0.45425715373167697,1.2503070406878891,1.1133797079837617,-0.36893018825351886,0.10669715867999822,0.300450806000764,-0.9387243985779267,-0.3245178532963925,-0.23082981887938495,0.2914805732506516,-0.38930198899990626,0.44754658877582715,-0.4421424485533849,-0.321485642551358,-1.0664896735567913,-0.769094717072019,-0.16025876339926645,0.05085567676706429,-0.615876195588456,-1.0402221376159964,-0.21534413516798862,0.006469010432483073,-0.18491977457196151,0.3313633009151056,-0.7352444469323138,0.22786658554226888,0.46853357950437635,0.8917617163999451,0.21155844503124566,0.41217438915136145,0.5411131166566404
1.0413999231297881,2.140875023690017,1.2391513997157686,0.3231421665016493,1.0687674783815162,2.8919619643076495,-1.1683354996683915,-1.0143099847995354,-2.420412076449948,0.5004425545891116,-0.344118378990645,-2.3577860795615724,-0.26831256872414894,-2.529398414281894,-5.086529947773621,1.4776646420303936,-0.9807728972286419,-1.2260113914836241,1.7744958852359998,2.0747533920544883,-1.0429978037187235,0.8500546272900865,0.5357947472025644,-2.1543449242215353,1.647196725716595,0.3771869415119416,2.2347811252835568,1.9515666227555384,-0.13195124794668803,-1.5530653773761676,-1.6150925926856945,2.0314548242809405,0.14703408281012928,1.6077857973884102,0.30541142630522566,-0.7352444469323138,3.5413486110977566,0.8275237548235435,1.0840875654006041,-2.6291975722344683,0.0952222340931225,-2.194334903245147,0.896434538723815
0.37284351123942056,-0.37036089469848893,-0.1904525585673731,0.12801367879662218,-0.6546067268284382,1.5972611096845741,-1.938170522440838,0.7502429704186672,-0.050820109559679506,-1.1396487125064825,-0.18777275336691357,0.5958188812000343,0.8284875577202054,1.0303199716143083,-1.0600767289609303,0.20627841124914967,-0.44630360246214545,-0.18366087733758646,-0.8604763761934591,0.7223752586604074,-1.244154988537574,1.245442319208335,-0.4964709767908403,-0.5027871929932642,0.16108300983814877,-0.4558610679550764,-0.8249987157854317,-0.35770526207471753,-0.4505632197277643,-0.970368491763683,-2.504198957502274,-0.9083777866744585,-0.37917326490922526,1.1366650663324782,-0.20031591141937685,0.22786658554226888,0.8275237548235435,1.0873844817855607,1.8044025041749172,0.15932463522206733,0.5396448448311449,-0.6097521857623897,1.835566033110848
0.5438769339786194,-0.8547503416622437,-0.45187570215380185,0.1898687491449844,-1.2413044732601757,2.48628213222964,-3.2461088724779343,1.4042936213729595,0.1550494975684964,-2.0273484309168155,-0.2911589111692455,1.2688242378072743,1.4654272167738795,2.041420391998485,-1.3367336388029103,0.21129830471313527,-0.6745626606095951,-0.1981774050497159,-1.6705558404494114,1.0469082716967468,-2.0554071721124236,2.0730144590874566,-0.9163545753172976,-0.6595387549230441,0.11421832565371197,-0.8264944795021649,-1.6553462594598642,-0.8151828468099428,-0.7685334185045327,-1.5266297803185584,-4.187081671950592,-1.7797671645713227,-0.670896343768287,1.8126188615105465,-0.37958813483528786,0.46853357950437635,1.0840875654006041,1.8044025041749172,3.0248722023497785,0.5373199950195956,0.9255382580452213,-0.8416169851119916,3.0979621805131288
-0.6611279098328002,-2.3432437316333203,-1.3357727862346687,-0.19437119501029143,-1.5762941665348074,-1.3498800949730567,-0.573965722611238,1.6072593636338144,2.2421676756946844,-1.4590270616461292,0.16253977377884954,2.7429879750085733,0.9703483242385293,3.2809154825336764,3.887985206198582,-1.2173919288541528,0.5399362769820669,0.9994020566033146,-2.4209778922702476,-1.33465235988563,-0.09151306141441806,0.27549129768622344,-0.9356073922965255,1.6002053644747474,-1.4164056417193513,-0.7511729963572957,-2.8249337194467716,-2.1531226327139645,-0.26530652855618364,0.6267596751997937,-0.6414185396560502,-2.704921517161682,-0.46729144649782034,-0.535049795482494,-0.46158332162629573,0.8917617163999451,-2.6291975722344683,0.15932463522206733,0.5373199950195956,2.6216164960328405,0.37735211864287327,1.5454703629877724,0.7415801790385533
0.1026995548455416,-0.4489249262308883,-0.24776811549413091,0.0400846877824368,-0.49619992860576434,0.6088311424134956,-0.9978682523528796,0.5424925086763602,0.22994509423644519,-0.7135738869584424,-0.07157860135566975,0.6006649522118233,0.5075934194027569,0.868829935606245,-0.05950591709528776,-0.040716894987156485,-0.15451342790568248,0.027996013833517172,-0.6903440336403817,0.19441280153409993,-0.607788333823327,0.6343256793163506,-0.34370422154312685,-0.055815464759341626,-0.08305110150094495,-0.3075823132127561,-0.7182605180457099,-0.41844592432442945,-0.24683525233488313,-0.39810819414397913,-1.2737132968848588,-0.7437129008363734,-0.2374394586393011,0.48407332867926334,-0.14669287716163074,0.21155844503124566,0.0952222340931225,0.5396448448311449,0.9255382580452213,0.37735211864287327,0.3045774497899431,-0.11311049987818944,0.9641280724870656
-0.6596536939849498,-1.2339531289120842,-0.7183689605450538,-0.20530328931843322,-0.5652347361304496,-1.8942436608979445,0.9027591641244839,0.5196201519273467,1.4410988917215781,-0.17355482334870387,0.22455430493695416,1.3364226967556427,0.06844373031930608,1.3894489725485275,3.1407724741984007,-0.9006624920704805,0.6287319241353484,0.7499693618130354,-0.9606748997548922,-1.3105693436255197,0.7545880998866287,-0.6354789966200359,-0.2628219401731462,1.3363886325731975,-0.9944608392220401,-0.17723950649513615,-1.2369827516119407,-1.1206382223751177,0.12709464111568733,1.0241766426356365,1.2329512762931756,-1.1066223183124049,-0.048149357876513685,-1.0785822349627412,-0.15761993126228244,0.41217438915136145,-2.194334903245147,-0.6097521857623897,-0.8416169851119916,1.5454703629877724,-0.11311049987818944,1.3721992062018438,-0.7335064708723369
0.4996497176313938,-1.0418602337313139,-0.5581207210384439,0.17737073822334531,-1.3740386552179527,2.41059316983838,-3.324479043155148,1.5411783041419838,0.3268298860453837,-2.1594234146049205,-0.28181606753332367,1.4904874370251375,1.5546976190625656,2.312138857020298,-1.056588524136737,0.1213707569921925,-0.6406041288208648,-0.12465756068801581,-1.8721813633270048,0.957066566318839,-2.084442209683276,2.116089914532147,-0.9971393585049485,-0.5452696441241954,0.008087985566244418,-0.8922275707932078,-1.8872648259346394,-0.9871806633244299,-0.7968238417574836,-1.4956133133151117,-4.280871589081965,-2.003676222974193,-0.7133685506373145,1.7914795910267067,-0.4185719757868167,0.5411131166566404,0.896434538723815,1.835566033110848,3.0979621805131288,0.7415801790385533,0.9641280724870656,-0.7335064708723369,3.187505191275195
