V1,V2,V3,V4,V5,V6,V7,V8,V9,V10,V11,V12,V13,V14,V15,V16,V17,V18,V19,V20,V21,V22,V23,V24,V25,V26,V27,V28,V29,V30,V31,V32,V33,V34,V35,V36,V37,V38,V39,V40,V41,V42,V43,V44
9556.238643152112,3079.9582877520556,-7889.215692396853,2847.0820416815936,3510.8027876017404,7288.187648027567,-2688.512075336978,397.5066825839911,-3101.511374826488,-1973.4049921453282,-1301.4048555262968,11201.124649597245,-4453.291007873102,-1213.3955197786622,1491.3058350572774,5524.071033444763,1339.2205369519243,-6160.256850925277,-6707.821513670051,-6988.470489101001,3013.666783270243,-3134.162837981879,4655.2073072994435,1026.329488823711,-1927.0611606364682,4369.0180204168755,-2236.5598141492355,1491.669758041365,-1258.913316853508,2974.644642081709,4959.420431606685,-3130.6332431233195,3224.197522457966,-8714.344455175986,-908.0715842461886,-5811.875792659139,-9270.446283606596,-1914.2771277135507,-9660.173139444045,749.0848384392006,-1528.7171574243926,9649.842607129829,5651.733949182532,2250.2935637598234
3079.9582877520556,993.5872248444738,-2542.9974122548538,918.3090556627079,1131.965227096572,2349.7794536226947,-866.0012273525531,128.17220045578208,-1000.4320180794575,-637.0474936882101,-419.3908710056147,3610.3757277078084,-1435.7960930888098,-391.3507455099241,480.88489593655123,1780.6452519096651,431.6017054940309,-1985.4271243999056,-2161.8355014238596,-2253.138291710645,971.3305301238531,-1011.4585554238312,1500.062060363384,331.1489844167496,-621.0473606913029,1408.4509876613201,-720.6910965704176,481.0747070815281,-405.96975870187924,959.2932915150288,1597.9925748961277,-1008.9556088376286,1039.2501970928997,-2809.1619678055376,-293.0535011949597,-1874.1414642615125,-2987.930402839775,-616.8646960546419,-3113.737786274782,242.0452724040462,-493.25348510073724,3110.119544648355,1822.7580579785574,725.049955791834
-7889.215692396853,-2542.9974122548538,6513.445535231754,-2350.7946052635098,-2898.5002167591088,-6017.454245263633,2219.589012571369,-328.0844493165951,2560.749550776173,1629.3684839305095,1074.5347670083968,-9247.599724986701,3676.3613811303103,1001.9802085694098,-1231.2807213005894,-4560.494905503215,-1105.4924185459831,5085.935301009892,5537.626879214054,5769.750627642136,-2487.892734547589,2588.066891161247,-3842.9738772435853,-847.3508307129813,1591.0031199165462,-3606.923302314634,1846.546799207395,-1231.2425521182768,1039.459264214363,-2455.8455742565993,-4094.189280710744,2584.513856278772,-2661.6642054506897,7194.429186517075,750.047628555835,4798.458227681277,7653.505731871019,1580.2738439625155,7974.959961483325,-618.597996413147,1262.4598982951895,-7966.640774250947,-4666.490819787585,-1857.4183204047758
2847.0820416815936,918.3090556627079,-2350.7946052635098,850.1629815254372,1045.978662014754,2173.3871485939203,-801.1141482995248,118.154448287424,-924.5750956115388,-589.1000101385116,-387.46411221832903,3337.831539683157,-1327.783458060717,-361.36358278820825,444.95251427086345,1645.9420914959778,398.6427483770901,-1835.8526139621288,-1997.9890122976778,-2082.693263764928,897.4753221990395,-935.4781891356117,1386.5715721647161,306.27405030442134,-573.9724831503166,1301.8122836194111,-666.9575314709261,443.56024657608594,-375.44811103295325,887.1745718944426,1477.052078812102,-932.7104271471246,960.3500391147066,-2596.5638514089705,-271.3445072069617,-1732.0431080025521,-2761.9377286353915,-569.7849466078836,-2878.4644241488018,223.15395343701314,-455.6588438150317,2875.6516864831656,1684.5157298514844,669.8356085652694
3510.8027876017404,1131.965227096572,-2898.5002167591088,1045.978662014754,1290.134269298473,2677.655984559572,-987.3886161979292,146.12627749434785,-1139.861092744796,-725.3704271406286,-478.13456617069306,4115.16581707883,-1636.1723809103155,-445.9857747536206,547.944396633458,2029.6565790177974,492.1070410161868,-2263.0090960975235,-2464.3224369278773,-2567.797736355398,1107.3094455493656,-1151.9121996243898,1710.0844072894565,377.2448397655689,-707.9935168902275,1605.2605224119886,-821.4162584890151,548.3743136411587,-462.6074632277886,1093.0216447125154,1821.782899406765,-1150.1079120975294,1184.6100802654166,-3201.763337761403,-333.6690119338907,-2135.719790379158,-3405.8751880329687,-703.3720577224924,-3549.0545542344234,275.63258697014203,-561.9017568703907,3545.0285330927222,2076.963454240179,826.7330970291019
7288.187648027567,2349.7794536226947,-6017.454245263633,2173.3871485939203,2677.655984559572,5560.762572095266,-2050.659094291378,302.8393212055955,-2366.0527116968437,-1506.188695113637,-992.3898022337595,8543.644289390253,-3397.230550789638,-925.4270337941051,1138.075327420967,4213.2290391105935,1020.9859070576324,-4698.880007694693,-5115.277396951355,-5330.639197191857,2298.0256792335827,-2392.276106450156,3549.899135694139,783.2633208779989,-1469.6423224357497,3332.2273658680842,-1706.4300198995224,1136.6379879494862,-960.6081528548613,2269.596278002851,3781.8143131881525,-2387.6294656235286,2458.662359191294,-6646.513787965109,-693.5480293510628,-4433.222766763217,-7070.391721519141,-1459.4288179634677,-7367.769009459156,571.3781875039966,-1166.3224967827834,7360.321992793743,4311.382013190181,1715.4474555809916
-2688.512075336978,-866.0012273525531,2219.589012571369,-801.1141482995248,-987.3886161979292,-2050.659094291378,756.9693956785964,-111.63437932212202,872.0961629573686,554.6547380239599,366.1778766272335,-3151.507420652322,1252.646079593612,341.19422113624955,-419.63974858638915,-1554.0217457192625,-376.65110545298774,1733.4225241295803,1887.001572142254,1965.7576714916418,-847.6860695871005,881.3605127226408,-1309.7386650900805,-288.62344353002396,542.2131654171371,-1228.9079053230125,629.6316422097962,-418.93248620284976,354.1970220024124,-836.694638993966,-1395.416987607993,880.7933525504453,-906.8420860036489,2451.3359590232094,255.56236307596356,1634.5319501355325,2608.16866176043,538.4782146244414,2717.557807263567,-210.25596080328313,429.8210585471775,-2715.1528895281162,-1589.4264555961756,-632.9405082493593
397.5066825839911,128.17220045578208,-328.0844493165951,118.154448287424,146.12627749434785,302.8393212055955,-111.63437932212202,16.633524446718898,-129.07928033287624,-82.10663548273644,-54.14713232878274,465.75768803788,-185.19676958406694,-50.53712952890448,61.91986619915442,229.77857781200925,55.78099510275408,-256.08166145107555,-279.1292946025518,-290.7197369468615,125.45232879404487,-130.26657661371726,193.67246912818635,42.65820150781505,-80.15446837873623,181.79333558833804,-92.83893037326702,62.37931380712287,-52.30576477138302,123.67306954978034,206.3171097624139,-130.21911208150001,134.2204011035972,-362.5463038103287,-37.641869818370324,-241.85044025896337,-385.5915780605567,-79.70767937480501,-401.8442826595298,31.299122571143204,-63.63532479517231,401.22408412772404,235.17462188949293,93.72394275277269
-3101.511374826488,-1000.4320180794575,2560.749550776173,-924.5750956115388,-1139.861092744796,-2366.0527116968437,872.0961629573686,-129.07928033287624,1007.346326944333,641.3619794402788,422.34012512427546,-3635.5872553424997,1445.75696325693,394.0750191914034,-484.2120064521814,-1793.0994983826213,-434.65774967367884,1999.2817717060445,2176.979951371159,2268.8091314362287,-978.1553541871591,1018.3425505952886,-1510.5926653486226,-333.43321401343616,625.4066378355448,-1418.270822969571,725.7036397823847,-484.45861964567155,408.7825345288661,-965.9207704899512,-1609.2166053584358,1016.0161071099105,-1046.5254983200819,2828.7531861876923,295.02487324428563,1887.1564332305968,3008.832125442716,621.2288409454329,3135.479846075459,-243.7010928277425,496.6410629809576,-3131.8467418216455,-1835.3755086360484,-730.1848520349072
-1973.4049921453282,-637.0474936882101,1629.3684839305095,-589.1000101385116,-725.3704271406286,-1506.188695113637,554.6547380239599,-82.10663548273644,641.3619794402788,408.86629286194193,268.5362939192649,-2313.340601269246,920.5255955655797,250.6882474662015,-308.32742727223757,-1140.98344695057,-276.45344804453066,1272.144922319434,1385.0241719075634,1443.9623765660183,-622.261272155647,648.8238680013118,-960.9981457597788,-212.42321557667384,397.79105699098466,-902.594404923137,461.8392361531356,-308.22219543486887,260.2241064695925,-615.1028605458953,-1023.6221555128371,646.4511069907144,-665.901554814946,1800.1065318825404,187.98413243382367,1201.1493725253088,1914.3502831344445,395.04368427317075,1995.341438452915,-155.21876247158303,316.13056624819876,-1992.8710015953413,-1168.2715247474068,-464.4411531738256
-1301.4048555262968,-419.3908710056147,1074.5347670083968,-387.46411221832903,-478.13456617069306,-992.3898022337595,366.1778766272335,-54.14713232878274,422.34012512427546,268.5362939192649,177.38521551739072,-1525.475579419666,606.1489835797844,165.40304948828432,-202.97289384223976,-752.2280458233392,-182.37218657188214,839.0039827489627,913.6013010066242,951.7364477853349,-410.4435187838906,426.7048710984051,-633.9901818864225,-139.62775098778658,262.52724904833497,-594.9650534463054,304.555461896475,-203.18844221490565,171.41171106187812,-404.8917133170398,-675.516094340391,426.35011511270034,-439.0804153294173,1186.7970585867615,123.68750260386719,791.5303141385398,1262.6055912290603,260.75706685849184,1315.4185449668576,-102.05885019215128,208.354177214958,-1314.0937742803762,-769.8155242611327,-306.39575478345995
11201.124649597245,3610.3757277078084,-9247.599724986701,3337.831539683157,4115.16581707883,8543.644289390253,-3151.507420652322,465.75768803788,-3635.5872553424997,-2313.340601269246,-1525.475579419666,13129.695387654458,-5219.91555680178,-1422.3686824092015,1748.2874101049945,6475.036139653056,1569.586797195143,-7220.974662102915,-7862.198799512447,-8191.698693068006,3532.261457638191,-3674.3803087634183,5456.283701393971,1203.1571847891098,-2258.832877411021,5121.045506087364,-2621.8362703329362,1747.9026748554538,-1475.8369944270296,3486.9189331130606,5812.886102373052,-3669.4959760679135,3778.980444541558,-10214.470716810614,-1064.8372697358434,-6812.56158924987,-10866.337008659266,-2243.6330006486505,-11322.931253757468,878.0698071536148,-1792.122792289055,11311.15864468868,6625.042347199624,2637.24929247574
-4453.291007873102,-1435.7960930888098,3676.3613811303103,-1327.783458060717,-1636.1723809103155,-3397.230550789638,1252.646079593612,-185.19676958406694,1445.75696325693,920.5255955655797,606.1489835797844,-5219.91555680178,2076.1621965406207,565.2605740019628,-695.33742420419,-2574.4553899959637,-624.0175299948361,2870.706741904615,3125.6279240448484,3257.027729043041,-1404.2802463869396,1461.4913874421088,-2169.166994174126,-478.70864480353913,897.8289875462963,-2036.1800560639715,1042.3723491636931,-695.0150218983968,586.8498930711762,-1386.903988470955,-2310.709512746754,1458.8867946792611,-1502.5082905366348,4061.1358265987215,423.4059893933292,2708.7323232910385,4319.933976353153,891.8231553909488,4502.13489787591,-349.1988852295693,712.3455116657695,-4497.12917254815,-2634.0581747155447,-1048.5651636529863
-1213.3955197786622,-391.3507455099241,1001.9802085694098,-361.36358278820825,-445.9857747536206,-925.4270337941051,341.19422113624955,-50.53712952890448,394.0750191914034,250.6882474662015,165.40304948828432,-1422.3686824092015,565.2605740019628,154.36003340281903,-189.28063009365863,-701.4417881465582,-170.06079959955233,782.2177486235045,851.8324956756485,887.6425603654759,-382.7376535923799,398.24315835109627,-591.0220861616965,-130.28600009166104,244.77675081198987,-554.8508696188554,283.8392624771966,-189.66134649727633,159.8768905433017,-377.652000916765,-629.7102481444308,397.5018522523678,-409.4496796763918,1106.7434969666915,115.4131940927474,738.3765556679638,1177.2616608985238,243.13016059350608,1226.5324155354044,-95.42281442284921,194.48992006425428,-1225.1581164933173,-718.214413065041,-285.6362212517707
1491.3058350572774,480.88489593655123,-1231.2807213005894,444.95251427086345,547.944396633458,1138.075327420967,-419.63974858638915,61.91986619915442,-484.2120064521814,-308.32742727223757,-202.97289384223976,1748.2874101049945,-695.33742420419,-189.28063009365863,233.05858777092843,862.2692402893539,208.95718825885137,-961.4445772721158,-1046.5166485826935,-1090.7733269339024,470.2230029417431,-489.68475475087195,726.2841662262488,160.46920816620008,-300.68949805880163,681.834714393443,-349.19105604613173,232.43534102557604,-196.66370755324118,464.593541845507,773.6529959598242,-488.52768690028324,503.0429356690333,-1359.9608427074227,-141.9481098808493,-907.1494008975423,-1446.711864596502,-298.6296926380925,-1507.6415330682203,116.93397912094666,-238.55199666848748,1506.1400537174466,882.1612120600629,351.03213091217486
5524.071033444763,1780.6452519096651,-4560.494905503215,1645.9420914959778,2029.6565790177974,4213.2290391105935,-1554.0217457192625,229.77857781200925,-1793.0994983826213,-1140.98344695057,-752.2280458233392,6475.036139653056,-2574.4553899959637,-701.4417881465582,862.2692402893539,3193.513569028443,774.2570923017992,-3560.860742429902,-3877.3367412440175,-4039.910848263655,1742.1639309874283,-1812.065850592423,2690.8139426517414,593.5578528837599,-1113.957355740889,2525.603720040703,-1292.7457258983225,862.3030501784795,-727.8796088239816,1719.7612928734827,2866.5601129559045,-1809.6468681023252,1863.7680308194401,-5037.463939614044,-524.958107074605,-3359.8665945958915,-5358.888485554477,-1106.648446840479,-5584.203382520627,433.2396223033422,-883.7102854626881,5578.159020651107,3267.266616464896,1300.8415734253672
1339.2205369519243,431.6017054940309,-1105.4924185459831,398.6427483770901,492.1070410161868,1020.9859070576324,-376.65110545298774,55.78099510275408,-434.65774967367884,-276.45344804453066,-182.37218657188214,1569.586797195143,-624.0175299948361,-170.06079959955233,208.95718825885137,774.2570923017992,187.83490440138715,-863.0713999139421,-940.0538805902381,-979.2919808185746,422.47762832361815,-438.99212190084,652.3865029468164,143.88542438043675,-270.07048206898094,612.2814591846314,-313.2061431536335,209.29368128935525,-176.4088739103149,416.80766093938115,694.9728805532858,-438.70017146292014,451.9098080409763,-1221.1815442696422,-127.05851625015278,-814.4810161833212,-1299.1362942209764,-268.4286951524087,-1353.7490317690203,105.09886012218988,-214.1560086522142,1352.1573953705513,791.9527524119252,315.5590975190389
-6160.256850925277,-1985.4271243999056,5085.935301009892,-1835.8526139621288,-2263.0090960975235,-4698.880007694693,1733.4225241295803,-256.08166145107555,1999.2817717060445,1272.144922319434,839.0039827489627,-7220.974662102915,2870.706741904615,782.2177486235045,-961.4445772721158,-3560.860742429902,-863.0713999139421,3971.5513311303303,4324.014473561306,4505.0927562839415,-1942.4858402811722,2020.7282554322223,-3000.8676633887885,-661.5294974755201,1242.2853858814672,-2816.3516562653176,1442.1651031871174,-961.0273384680149,811.605543347698,-1917.5910337225275,-3197.073366195795,2018.1395316101539,-2078.2518543697865,5617.588311736907,585.7384789793157,3746.4963358484615,5976.15091939227,1233.7840580036602,6227.217089166382,-482.672860827279,985.6151078524492,-6220.933138319146,-3643.4303289831955,-1450.251590561987
-6707.821513670051,-2161.8355014238596,5537.626879214054,-1997.9890122976778,-2464.3224369278773,-5115.277396951355,1887.001572142254,-279.1292946025518,2176.979951371159,1385.0241719075634,913.6013010066242,-7862.198799512447,3125.6279240448484,851.8324956756485,-1046.5166485826935,-3877.3367412440175,-940.0538805902381,4324.014473561306,4708.7027108882085,4905.37191580081,-2115.438873327365,2199.6402027747026,-3267.783346626715,-720.1685586546336,1352.687635495921,-3066.7839815256543,1569.7614642025892,-1047.4054453926935,883.5008236396964,-2087.7212250897487,-3481.4083977467494,2197.501285643435,-2263.285509137569,6116.9197375607155,637.2523406425762,4079.510470431012,6507.218966069188,1343.7472836228899,6780.720655237713,-525.8449415465813,1073.1603624145905,-6773.335783921109,-3967.155515687707,-1579.6372481731844
-6988.470489101001,-2253.138291710645,5769.750627642136,-2082.693263764928,-2567.797736355398,-5330.639197191857,1965.7576714916418,-290.7197369468615,2268.8091314362287,1443.9623765660183,951.7364477853349,-8191.698693068006,3257.027729043041,887.6425603654759,-1090.7733269339024,-4039.910848263655,-979.2919808185746,4505.0927562839415,4905.37191580081,5111.3511134098735,-2203.883534879158,2293.1728262799666,-3404.0933995382784,-750.7997989556301,1409.2612700516465,-3195.3172656667816,1635.547129078355,-1091.0331162786642,920.835801599289,-2175.7908484293575,-3626.5160716820806,2289.4136009387403,-2357.901683594117,6373.28927681621,664.4806017414483,4251.075724966998,6779.605396453478,1399.7934311732304,7064.670546345422,-548.3005061790766,1118.502550134269,-7056.966005673726,-4134.216198007622,-1645.3576842726973
3013.666783270243,971.3305301238531,-2487.892734547589,897.4753221990395,1107.3094455493656,2298.0256792335827,-847.6860695871005,125.45232879404487,-978.1553541871591,-622.261272155647,-410.4435187838906,3532.261457638191,-1404.2802463869396,-382.7376535923799,470.2230029417431,1742.1639309874283,422.47762832361815,-1942.4858402811722,-2115.438873327365,-2203.883534879158,950.5447685222794,-988.2212483733313,1468.066669514561,323.6829373450692,-607.7487171703505,1377.8451422296273,-705.0717925939645,470.7350267435098,-396.9914560640671,938.0040194236128,1563.9796172111242,-987.2584878948835,1016.872476294944,-2748.1812262089525,-286.2022568193761,-1832.933202662072,-2923.539573487227,-603.852439636656,-3046.3980535685596,236.41476900936505,-482.1153678860358,3042.9731236876073,1782.3883498644193,709.8195483038659
-3134.162837981879,-1011.4585554238312,2588.066891161247,-935.4781891356117,-1151.9121996243898,-2392.276106450156,881.3605127226408,-130.26657661371726,1018.3425505952886,648.8238680013118,426.7048710984051,-3674.3803087634183,1461.4913874421088,398.24315835109627,-489.68475475087195,-1812.065850592423,-438.99212190084,2020.7282554322223,2199.6402027747026,2293.1728262799666,-988.2212483733313,1030.2235076796162,-1526.2545922382994,-337.21237604886227,631.9427843577124,-1433.30830975848,733.7278739471187,-489.0386741306321,413.3388399249402,-976.6246228571879,-1625.8658933186493,1026.7168106015315,-1057.391628393599,2858.80168240097,298.70687917250854,1907.4605981879613,3040.592759815831,627.4514561851211,3168.6978923559022,-246.32302454114253,502.147377610823,-3165.2326661143225,-1855.331309937012,-737.4233384914702
4655.2073072994435,1500.062060363384,-3842.9738772435853,1386.5715721647161,1710.0844072894565,3549.899135694139,-1309.7386650900805,193.67246912818635,-1510.5926653486226,-960.9981457597788,-633.9901818864225,5456.283701393971,-2169.166994174126,-591.0220861616965,726.2841662262488,2690.8139426517414,652.3865029468164,-3000.8676633887885,-3267.783346626715,-3404.0933995382784,1468.066669514561,-1526.2545922382994,2267.8965585284013,499.75502148607484,-938.7392923179468,2128.2453289249734,-1089.506764096971,726.7158340852935,-613.1129887907674,1448.808373313021,2416.148833575101,-1525.0693072611336,1570.6630944627045,-4244.9470334601465,-442.1712940231183,-2830.862563112048,-4515.928642098523,-932.5409910359283,-4705.770379313955,364.7184330398455,-744.5499436331239,4700.739013505733,2752.794544675905,1096.3135619750178
1026.329488823711,331.1489844167496,-847.3508307129813,306.27405030442134,377.2448397655689,783.2633208779989,-288.62344353002396,42.65820150781505,-333.43321401343616,-212.42321557667384,-139.62775098778658,1203.1571847891098,-478.70864480353913,-130.28600009166104,160.46920816620008,593.5578528837599,143.88542438043675,-661.5294974755201,-720.1685586546336,-750.7997989556301,323.6829373450692,-337.21237604886227,499.75502148607484,110.59505435458338,-206.90814120028534,469.32104993707793,-240.17611020195326,160.13655989089196,-135.40106000581935,319.8937445394478,532.2751292672959,-336.18293587719387,346.252126115349,-936.0110367428856,-97.6662941752548,-624.5107997360715,-995.6081913434267,-205.5644587073938,-1037.653759806403,80.6591775014303,-164.19973762305116,1036.4649533699774,607.288355434413,241.65590343431
-1927.0611606364682,-621.0473606913029,1591.0031199165462,-573.9724831503166,-707.9935168902275,-1469.6423224357497,542.2131654171371,-80.15446837873623,625.4066378355448,397.79105699098466,262.52724904833497,-2258.832877411021,897.8289875462963,244.77675081198987,-300.68949805880163,-1113.957355740889,-270.07048206898094,1242.2853858814672,1352.687635495921,1409.2612700516465,-607.7487171703505,631.9427843577124,-938.7392923179468,-206.90814120028534,388.66951068655385,-881.0009952474791,451.0013583734596,-300.7869451809457,253.87168279052557,-599.7393644278841,-1000.13709824767,631.3107013866179,-650.1507845325425,1757.2950470242931,183.1334839045652,1172.0141325357104,1869.514645006668,386.07934371705176,1947.915508422831,-151.0845657509064,308.3548535808661,-1945.9115160307254,-1139.7612250689276,-453.749711987294
4369.0180204168755,1408.4509876613201,-3606.923302314634,1301.8122836194111,1605.2605224119886,3332.2273658680842,-1228.9079053230125,181.79333558833804,-1418.270822969571,-902.594404923137,-594.9650534463054,5121.045506087364,-2036.1800560639715,-554.8508696188554,681.834714393443,2525.603720040703,612.2814591846314,-2816.3516562653176,-3066.7839815256543,-3195.3172656667816,1377.8451422296273,-1433.30830975848,2128.2453289249734,469.32104993707793,-881.0009952474791,1997.6123960740574,-1022.4240761936318,682.2135756453505,-575.5942135711945,1360.1473533535045,2267.2875094627175,-1431.2808890072552,1474.1545862493165,-3984.317078716361,-415.23502902542936,-2657.4758240229467,-4238.356426721385,-875.1605521680148,-4416.660537142572,342.70809631151667,-699.103839273351,4411.75375034411,2584.335259504895,1028.7857427718263
-2236.5598141492355,-720.6910965704176,1846.546799207395,-666.9575314709261,-821.4162584890151,-1706.4300198995224,629.6316422097962,-92.83893037326702,725.7036397823847,461.8392361531356,304.555461896475,-2621.8362703329362,1042.3723491636931,283.8392624771966,-349.19105604613173,-1292.7457258983225,-313.2061431536335,1442.1651031871174,1569.7614642025892,1635.547129078355,-705.0717925939645,733.7278739471187,-1089.506764096971,-240.17611020195326,451.0013583734596,-1022.4240761936318,523.925053459124,-348.43301178790324,294.7054770279966,-696.2941960992581,-1160.757085874802,732.7419886616303,-754.3936369185327,2039.4288708077781,212.82191456399426,1359.9856147743722,2169.704719610511,447.7706547855179,2260.887667280333,-174.95276322092099,357.710873103358,-2258.8636906119796,-1322.552003732499,-526.3682698305756
1491.669758041365,481.0747070815281,-1231.2425521182768,443.56024657608594,548.3743136411587,1136.6379879494862,-418.93248620284976,62.37931380712287,-484.45861964567155,-308.22219543486887,-203.18844221490565,1747.9026748554538,-695.0150218983968,-189.66134649727633,232.43534102557604,862.3030501784795,209.29368128935525,-961.0273384680149,-1047.4054453926935,-1091.0331162786642,470.7350267435098,-489.0386741306321,726.7158340852935,160.13655989089196,-300.7869451809457,682.2135756453505,-348.43301178790324,233.99168739662693,-196.33317419731827,464.1760557273585,774.1615618000991,-488.64193310676154,503.6412317049983,-1360.5205224366173,-141.3521568058758,-907.6457825315092,-1446.9912142792846,-299.07560335671957,-1507.9690443592024,117.48212221371153,-238.85481168070916,1505.6841525001905,882.6446331550751,351.63090897543765
-1258.913316853508,-405.96975870187924,1039.459264214363,-375.44811103295325,-462.6074632277886,-960.6081528548613,354.1970220024124,-52.30576477138302,408.7825345288661,260.2241064695925,171.41171106187812,-1475.8369944270296,586.8498930711762,159.8768905433017,-196.66370755324118,-727.8796088239816,-176.4088739103149,811.605543347698,883.5008236396964,920.835801599289,-396.9914560640671,413.3388399249402,-613.1129887907674,-135.40106000581935,253.87168279052557,-575.5942135711945,294.7054770279966,-196.33317419731827,165.9995199114032,-392.1082749489154,-653.135055499134,412.4033991672602,-424.679763072213,1148.0907844463852,119.81775067434589,765.8656551617792,1221.3152674950557,252.14199942267527,1272.652149991738,-98.79130665313255,201.48058190647146,-1271.3581295723932,-744.8115606936585,-296.326882137768
2974.644642081709,959.2932915150288,-2455.8455742565993,887.1745718944426,1093.0216447125154,2269.596278002851,-836.694638993966,123.67306954978034,-965.9207704899512,-615.1028605458953,-404.8917133170398,3486.9189331130606,-1386.903988470955,-377.652000916765,464.593541845507,1719.7612928734827,416.80766093938115,-1917.5910337225275,-2087.7212250897487,-2175.7908484293575,938.0040194236128,-976.6246228571879,1448.808373313021,319.8937445394478,-599.7393644278841,1360.1473533535045,-696.2941960992581,464.1760557273585,-392.1082749489154,926.5772823640909,1543.3304899424754,-974.4714525313743,1003.5867229029784,-2712.8181144428813,-282.98548567018213,-1809.5934631132075,-2885.634715459244,-595.6825132853896,-3007.2995867579048,233.39398938601641,-475.9725276950684,3003.9898387738954,1759.7834583497265,700.2957959683499
4959.420431606685,1597.9925748961277,-4094.189280710744,1477.052078812102,1821.782899406765,3781.8143131881525,-1395.416987607993,206.3171097624139,-1609.2166053584358,-1023.6221555128371,-675.516094340391,5812.886102373052,-2310.709512746754,-629.7102481444308,773.6529959598242,2866.5601129559045,694.9728805532858,-3197.073366195795,-3481.4083977467494,-3626.5160716820806,1563.9796172111242,-1625.8658933186493,2416.148833575101,532.2751292672959,-1000.13709824767,2267.2875094627175,-1160.757085874802,774.1615618000991,-653.135055499134,1543.3304899424754,2574.174101674537,-1624.749834095861,1673.282744614556,-4522.348627473583,-471.09391307513346,-3015.801551066457,-4811.1085528204485,-993.4804326228784,-5013.197448801735,388.49471057442236,-793.280951311956,5007.935138972694,2932.6901464842913,1167.8917770479607
-3130.6332431233195,-1008.9556088376286,2584.513856278772,-932.7104271471246,-1150.1079120975294,-2387.6294656235286,880.7933525504453,-130.21911208150001,1016.0161071099105,646.4511069907144,426.35011511270034,-3669.4959760679135,1458.8867946792611,397.5018522523678,-488.52768690028324,-1809.6468681023252,-438.70017146292014,2018.1395316101539,2197.501285643435,2289.4136009387403,-987.2584878948835,1026.7168106015315,-1525.0693072611336,-336.18293587719387,631.3107013866179,-1431.2808890072552,732.7419886616303,-488.64193310676154,412.4033991672602,-974.4714525313743,-1624.749834095861,1025.6185540302558,-1056.240171945521,2854.823344771302,297.4948463840839,1903.9403945789556,3037.010112011852,627.0942041403256,3164.67399796402,-245.35482498432668,500.8057296670118,-3161.317177915252,-1851.4745926995295,-737.1729229403725
3224.197522457966,1039.2501970928997,-2661.6642054506897,960.3500391147066,1184.6100802654166,2458.662359191294,-906.8420860036489,134.2204011035972,-1046.5254983200819,-665.901554814946,-439.0804153294173,3778.980444541558,-1502.5082905366348,-409.4496796763918,503.0429356690333,1863.7680308194401,451.9098080409763,-2078.2518543697865,-2263.285509137569,-2357.901683594117,1016.872476294944,-1057.391628393599,1570.6630944627045,346.252126115349,-650.1507845325425,1474.1545862493165,-754.3936369185327,503.6412317049983,-424.679763072213,1003.5867229029784,1673.282744614556,-1056.240171945521,1087.9430250592893,-2940.2308163618386,-306.2489824572942,-1961.0026689410672,-3127.73095521555,-645.9255174930908,-3259.3154070978353,252.8893670985324,-515.832037745234,3255.601968100946,1906.9696090337816,759.3521406799591
-8714.344455175986,-2809.1619678055376,7194.429186517075,-2596.5638514089705,-3201.763337761403,-6646.513787965109,2451.3359590232094,-362.5463038103287,2828.7531861876923,1800.1065318825404,1186.7970585867615,-10214.470716810614,4061.1358265987215,1106.7434969666915,-1359.9608427074227,-5037.463939614044,-1221.1815442696422,5617.588311736907,6116.9197375607155,6373.28927681621,-2748.1812262089525,2858.80168240097,-4244.9470334601465,-936.0110367428856,1757.2950470242931,-3984.317078716361,2039.4288708077781,-1360.5205224366173,1148.0907844463852,-2712.8181144428813,-4522.348627473583,2854.823344771302,-2940.2308163618386,7947.011276112924,828.3199362345573,5300.487567469657,8453.82547927752,1745.5651053931972,8809.254962477911,-683.4767979903578,1394.4817954528887,-8799.662772552423,-5154.653348589992,-2051.868325655025
-908.0715842461886,-293.0535011949597,750.047628555835,-271.3445072069617,-333.6690119338907,-693.5480293510628,255.56236307596356,-37.641869818370324,295.02487324428563,187.98413243382367,123.68750260386719,-1064.8372697358434,423.4059893933292,115.4131940927474,-141.9481098808493,-524.958107074605,-127.05851625015278,585.7384789793157,637.2523406425762,664.4806017414483,-286.2022568193761,298.70687917250854,-442.1712940231183,-97.6662941752548,183.1334839045652,-415.23502902542936,212.82191456399426,-141.3521568058758,119.81775067434589,-282.98548567018213,-471.09391307513346,297.4948463840839,-306.2489824572942,828.3199362345573,86.77500243422496,552.6618251595067,881.05312395075,181.67857299766558,918.0343497692247,-71.26151789881584,145.59523691348141,-917.2679576646233,-537.6570090479538,-213.43236050012382
-5811.875792659139,-1874.1414642615125,4798.458227681277,-1732.0431080025521,-2135.719790379158,-4433.222766763217,1634.5319501355325,-241.85044025896337,1887.1564332305968,1201.1493725253088,791.5303141385398,-6812.56158924987,2708.7323232910385,738.3765556679638,-907.1494008975423,-3359.8665945958915,-814.4810161833212,3746.4963358484615,4079.510470431012,4251.075724966998,-1832.933202662072,1907.4605981879613,-2830.862563112048,-624.5107997360715,1172.0141325357104,-2657.4758240229467,1359.9856147743722,-907.6457825315092,765.8656551617792,-1809.5934631132075,-3015.801551066457,1903.9403945789556,-1961.0026689410672,5300.487567469657,552.6618251595067,3535.7826757143253,5638.230300892933,1164.1830376755775,5875.297934833128,-456.32423903076153,930.4366411080337,-5868.709358677509,-3438.675311981299,-1368.3402033302154
-9270.446283606596,-2987.930402839775,7653.505731871019,-2761.9377286353915,-3405.8751880329687,-7070.391721519141,2608.16866176043,-385.5915780605567,3008.832125442716,1914.3502831344445,1262.6055912290603,-10866.337008659266,4319.933976353153,1177.2616608985238,-1446.711864596502,-5358.888485554477,-1299.1362942209764,5976.15091939227,6507.218966069188,6779.605396453478,-2923.539573487227,3040.592759815831,-4515.928642098523,-995.6081913434267,1869.514645006668,-4238.356426721385,2169.704719610511,-1446.9912142792846,1221.3152674950557,-2885.634715459244,-4811.1085528204485,3037.010112011852,-3127.73095521555,8453.82547927752,881.05312395075,5638.230300892933,8993.3450804471,1857.0488609364538,9371.182618893103,-726.7703295437339,1483.2046971752134,-9361.277122064352,-5482.994271873544,-2182.8593065310843
-1914.2771277135507,-616.8646960546419,1580.2738439625155,-569.7849466078836,-703.3720577224924,-1459.4288179634677,538.4782146244414,-79.70767937480501,621.2288409454329,395.04368427317075,260.75706685849184,-2243.6330006486505,891.8231553909488,243.13016059350608,-298.6296926380925,-1106.648446840479,-268.4286951524087,1233.7840580036602,1343.7472836228899,1399.7934311732304,-603.852439636656,627.4514561851211,-932.5409910359283,-205.5644587073938,386.07934371705176,-875.1605521680148,447.7706547855179,-299.07560335671957,252.14199942267527,-595.6825132853896,-993.4804326228784,627.0942041403256,-645.9255174930908,1745.5651053931972,181.67857299766558,1164.1830376755775,1857.0488609364538,383.6765770056296,1934.980748100489,-150.17131410805573,306.18334957727456,-1932.8053569400272,-1132.0422811388369,-450.96650879947236
-9660.173139444045,-3113.737786274782,7974.959961483325,-2878.4644241488018,-3549.0545542344234,-7367.769009459156,2717.557807263567,-401.8442826595298,3135.479846075459,1995.341438452915,1315.4185449668576,-11322.931253757468,4502.13489787591,1226.5324155354044,-1507.6415330682203,-5584.203382520627,-1353.7490317690203,6227.217089166382,6780.720655237713,7064.670546345422,-3046.3980535685596,3168.6978923559022,-4705.770379313955,-1037.653759806403,1947.915508422831,-4416.660537142572,2260.887667280333,-1507.9690443592024,1272.652149991738,-3007.2995867579048,-5013.197448801735,3164.67399796402,-3259.3154070978353,8809.254962477911,918.0343497692247,5875.297934833128,9371.182618893103,1934.980748100489,9765.459795062017,-757.3301144107188,1545.3685924386014,-9754.847546756413,-5713.419859062051,-2274.7413834554045
749.0848384392006,242.0452724040462,-618.597996413147,223.15395343701314,275.63258697014203,571.3781875039966,-210.25596080328313,31.299122571143204,-243.7010928277425,-155.21876247158303,-102.05885019215128,878.0698071536148,-349.1988852295693,-95.42281442284921,116.93397912094666,433.2396223033422,105.09886012218988,-482.672860827279,-525.8449415465813,-548.3005061790766,236.41476900936505,-246.32302454114253,364.7184330398455,80.6591775014303,-151.0845657509064,342.70809631151667,-174.95276322092099,117.48212221371153,-98.79130665313255,233.39398938601641,388.49471057442236,-245.35482498432668,252.8893670985324,-683.4767979903578,-71.26151789881584,-456.32423903076153,-726.7703295437339,-150.17131410805573,-757.3301144107188,59.31894719732591,-120.25863293070503,756.1800216802525,443.9068313058418,176.40645262759287
-1528.7171574243926,-493.25348510073724,1262.4598982951895,-455.6588438150317,-561.9017568703907,-1166.3224967827834,429.8210585471775,-63.63532479517231,496.6410629809576,316.13056624819876,208.354177214958,-1792.122792289055,712.3455116657695,194.48992006425428,-238.55199666848748,-883.7102854626881,-214.1560086522142,985.6151078524492,1073.1603624145905,1118.502550134269,-482.1153678860358,502.147377610823,-744.5499436331239,-164.19973762305116,308.3548535808661,-699.103839273351,357.710873103358,-238.85481168070916,201.48058190647146,-475.9725276950684,-793.280951311956,500.8057296670118,-515.832037745234,1394.4817954528887,145.59523691348141,930.4366411080337,1483.2046971752134,306.18334957727456,1545.3685924386014,-120.25863293070503,245.15990364601504,-1543.6514230315474,-905.11761728371,-359.7124596807353
9649.842607129829,3110.119544648355,-7966.640774250947,2875.6516864831656,3545.0285330927222,7360.321992793743,-2715.1528895281162,401.22408412772404,-3131.8467418216455,-1992.8710015953413,-1314.0937742803762,11311.15864468868,-4497.12917254815,-1225.1581164933173,1506.1400537174466,5578.159020651107,1352.1573953705513,-6220.933138319146,-6773.335783921109,-7056.966005673726,3042.9731236876073,-3165.2326661143225,4700.739013505733,1036.4649533699774,-1945.9115160307254,4411.75375034411,-2258.8636906119796,1505.6841525001905,-1271.3581295723932,3003.9898387738954,5007.935138972694,-3161.317177915252,3255.601968100946,-8799.662772552423,-917.2679576646233,-5868.709358677509,-9361.277122064352,-1932.8053569400272,-9754.847546756413,756.1800216802525,-1543.6514230315474,9744.728756092965,5707.047158335825,2272.070901690427
5651.733949182532,1822.7580579785574,-4666.490819787585,1684.5157298514844,2076.963454240179,4311.382013190181,-1589.4264555961756,235.17462188949293,-1835.3755086360484,-1168.2715247474068,-769.8155242611327,6625.042347199624,-2634.0581747155447,-718.214413065041,882.1612120600629,3267.266616464896,791.9527524119252,-3643.4303289831955,-3967.155515687707,-4134.216198007622,1782.3883498644193,-1855.331309937012,2752.794544675905,607.288355434413,-1139.7612250689276,2584.335259504895,-1322.552003732499,882.6446331550751,-744.8115606936585,1759.7834583497265,2932.6901464842913,-1851.4745926995295,1906.9696090337816,-5154.653348589992,-537.6570090479538,-3438.675311981299,-5482.994271873544,-1132.0422811388369,-5713.419859062051,443.9068313058418,-905.11761728371,5707.047158335825,3344.432180099313,1330.441964715309
2250.2935637598234,725.049955791834,-1857.4183204047758,669.8356085652694,826.7330970291019,1715.4474555809916,-632.9405082493593,93.72394275277269,-730.1848520349072,-464.4411531738256,-306.39575478345995,2637.24929247574,-1048.5651636529863,-285.6362212517707,351.03213091217486,1300.8415734253672,315.5590975190389,-1450.251590561987,-1579.6372481731844,-1645.3576842726973,709.8195483038659,-737.4233384914702,1096.3135619750178,241.65590343431,-453.749711987294,1028.7857427718263,-526.3682698305756,351.63090897543765,-296.326882137768,700.2957959683499,1167.8917770479607,-737.1729229403725,759.3521406799591,-2051.868325655025,-213.43236050012382,-1368.3402033302154,-2182.8593065310843,-450.96650879947236,-2274.7413834554045,176.40645262759287,-359.7124596807353,2272.070901690427,1330.441964715309,530.2571346795531
