V1,V2,V3,V4,V5,V6,V7,V8,V9,V10,V11,V12,V13,V14,V15,V16,V17,V18,V19,V20,V21,V22,V23,V24,V25,V26,V27,V28,V29,V30,V31,V32,V33,V34,V35,V36,V37,V38,V39,V40,V41,V42,V43,V44
1.9692406128774183,0.6327960768181687,0.5447728546097237,1.627673768816013,0.3880196598713525,1.9538740178249916,0.3619365176030304,-0.2846193380264777,0.5266624917352131,-0.46928377138711147,0.6922059397425286,1.1867539577236539,-0.3867501854905366,1.7855508827765278,-0.257897059465032,-0.5165789808283038,-0.43097910809613743,-0.4011191416792147,-0.6661436822719783,-0.2750172824419427,1.1539145808115405,-0.689279462898054,1.1970970840062334,-1.3946006014699723,-0.028684680432129066,-0.7192401959926096,-0.01737286759466741,-0.94310064608055,-1.98712052970761,1.236349348466085,0.5800096696283618,0.4318646884997973,-0.7343215326196728,-1.5525181513789579,-1.4975054097845366,0.7641952461186581,-0.05101486540944328,-0.4138761107928643,-0.9775517491706814,0.20273374330266455,-0.21971829355990566,0.6724615037948986,-0.7364736644099039,-0.44230326510673734
0.6327960768181687,0.8318151454383272,0.7436109113281584,0.616703611879222,0.11536774079940731,0.9505334465517028,0.640144180559172,-0.3047449080472144,0.47110157915552897,-0.16853162099816946,0.7991758018849785,0.9915068716663241,0.5031365954413972,1.370953986091091,-0.03865908761045553,-0.045608671080798045,-0.4866228275474369,0.270558945976609,-0.05171855348844132,-0.16575433663525885,0.8398672009512713,-0.1622281538649043,0.38296733489529433,-1.229410257753668,0.009188027625392484,-0.3485270009265375,-0.16052417882025422,-0.26496913307891423,-1.0728796437016186,1.2229610453504967,0.05963814312974929,0.5051568097130594,-0.7542491988121769,-0.7635061871945952,-0.7229793866229841,0.7126763290854475,0.08480601287842862,-0.47299019802427184,-0.02411463710049343,0.10710416914377834,0.030703096269528208,-0.13223445217206362,-0.4005608281244712,-0.09230093754294691
0.5447728546097237,0.7436109113281584,3.224186753681247,1.599540853030481,-0.16894141150601255,1.2890751494762027,1.5345034595362759,-0.7327803401110486,1.6919926588338634,-0.37044127598629983,1.7131700050620038,-0.36186247758805656,0.9826085153512476,3.4911137007040103,-0.8752159080175648,-1.7460827735691498,-1.536598181164497,1.2925654997551985,0.1398318354483309,0.8050293128993736,0.6694942664450274,-0.04948392311111618,0.7809341310519867,-3.017148205692117,0.3654526831951029,-1.6794913074125428,0.1487096076096875,-1.2013957327948204,-2.314906216666515,1.7459512161847923,0.19784978904644143,1.3213809418324627,-2.0342985101709075,-0.578595939815743,-1.7573654541810921,2.716271771622427,1.698199369348536,-0.18144992838008442,0.49122598389778166,-0.11142379991606549,0.14900301484278247,-1.3584335365370626,-2.272537730033667,-1.4100668903021818
1.627673768816013,0.616703611879222,1.599540853030481,2.007143725387947,-0.07304008805384071,1.8430942937380637,0.9234716924415651,-0.3845967798692699,1.0752819569819194,-0.5756262304083055,1.1313744147413365,0.41389862221553164,-0.08895173233795024,2.546200866146448,-0.6988570217941648,-1.5220434706185109,-0.9317979129320498,-0.11961199283715272,-0.5259771338980863,0.2793777571345643,1.171475858803968,-0.6093150840813341,1.3219219740293509,-2.3105223738449587,0.25043419776508596,-1.1953508332281557,-0.027119592821218466,-1.162444264600936,-2.2923376696011455,1.3738545726842404,0.5303014309667555,0.8305826988719306,-1.1898391112998783,-1.3688152153352278,-1.897217611473076,1.656013798481835,0.8907123641024042,-0.17888250789766347,-0.46401910303594224,0.016698493052003535,-0.23794739150356511,0.0017677500667270937,-1.4056131123657996,-0.8015750879988575
0.3880196598713525,0.11536774079940731,-0.16894141150601255,-0.07304008805384071,0.8570869551324184,0.5582368505221128,-0.3828367476202798,-0.23007902122194393,-0.18613841961430191,0.2401284742202761,-0.059310827521369826,0.6514226825355892,0.025217860415408102,0.1884852194649793,0.5212296585297321,1.0330434273421196,0.37407557626547433,0.5110934300841203,0.38758228979735904,-0.19890831011781854,0.15911079216561164,-0.14692746559036288,-0.30915406285847763,0.6526204030546785,-0.34470170701463615,-0.22852872068531202,0.428976946412023,-0.4296762760446629,-0.7086756395996593,0.3390192290459813,-0.36855718963015854,0.035794454172374264,-0.3343738230332174,0.017701706511846545,-0.044079074801740316,-0.23982528502495346,-0.5059167556738192,-0.5270457135306476,-0.13435713306536157,0.4756286582359843,0.1686611574468068,0.09733091035649982,-0.08837166415946077,-0.16759635226866937
1.9538740178249916,0.9505334465517028,1.2890751494762027,1.8430942937380637,0.5582368505221128,2.3445096653748165,0.7174109076474648,-0.535853503463007,0.8780244021095827,-0.3654674463906976,1.175094856125666,1.3757753232288583,0.10012266983051944,2.640776569681362,-0.1768836702678904,-0.4750911642108345,-0.6136749744416052,0.19194060746952116,-0.205850051282187,-0.04404386095083569,1.5840942995136187,-0.7325878375554951,1.0713392118430305,-1.880311385083849,-0.04601613918751732,-1.2276981840716417,0.16297735707782127,-1.3415302555536712,-2.822129706444419,1.865949226086059,0.17619050620597224,0.8915451903881704,-1.4273953085933027,-1.5399365154638502,-1.8905555240845748,1.3530144381212215,0.31340422211644775,-0.78817843998289006,-0.5131152341089489,0.4175919008328351,-0.10985882530346983,0.1408393886888495,-1.2368846165059295,-0.6538539557458056
0.3619365176030304,0.640144180559172,1.5345034595362759,0.9234716924415651,-0.3828367476202798,0.7174109076474648,1.052711390345246,-0.2930768905592772,0.9126112025022731,-0.3176456136050197,1.0381326522977052,0.14430828671943816,0.5952274887261443,1.8428100190738013,-0.5241214366587261,-1.0860126174385492,-0.9135745839990365,0.33836885651296483,-0.08198871212864996,0.29807532189254793,0.7039892381582563,-0.06199247660748589,0.5987482054610013,-1.9715605120575765,0.28657980139829065,-0.7162806822264612,-0.19836728780219573,-0.3988339949895826,-1.121090272801694,1.1210259519226002,0.18377187816419288,0.750361054991952,-0.9613280094908744,-0.6242757359252985,-1.0155183271846309,1.4110541010277364,0.8929986759557496,-0.13157860376191308,0.27518841028178415,-0.1583779087950452,-0.013887210595873863,-0.5840020447950754,-0.9520960098383865,-0.4033915036959539
-0.2846193380264777,-0.3047449080472144,-0.7327803401110486,-0.3845967798692699,-0.23007902122194393,-0.535853503463007,-0.2930768905592772,0.2896708920981627,-0.36530643942811586,0.01748317247534911,-0.4523490843707683,-0.23971082241070438,-0.3042995356111383,-0.989493812418784,0.033202715378609075,0.06040161872060542,0.2877984003881157,-0.4846573384916795,-0.14051585515112056,-0.10515207314832087,-0.27288595170860236,0.0449846144210616,-0.10612356219338619,0.6148814186486026,0.02203710820501327,0.4424169416369109,-0.13317254943170181,0.38674713203601585,0.8127419190093531,-0.6328001927340147,0.05504335169878647,-0.35508369636247156,0.6305072425160018,0.17678512117150447,0.45704278986529034,-0.6054409397931508,-0.22361416220895453,0.23917243410898598,-0.07776142448598285,-0.11901525527029551,-0.09895643717374664,0.2856167974042924,0.5637876983668182,0.3539122556873387
0.5266624917352131,0.47110157915552897,1.6919926588338634,1.0752819569819194,-0.18613841961430191,0.8780244021095827,0.9126112025022731,-0.36530643942811586,0.9823203951010122,-0.25871614733202053,1.0005044689334046,-0.03771843093869495,0.46626217341124604,2.017101872344097,-0.5316688967364765,-1.123342161071776,-0.8617313558379033,0.46606675862693003,-0.030575046767564826,0.4322479715138362,0.6330375884628223,-0.11071387076664013,0.6188023134228435,-1.863115264524729,0.23626388519811783,-0.9594763334258342,0.0057846584832880535,-0.709429557131828,-1.4409627463669021,1.049888113266125,0.1607430744041246,0.7720101600910292,-1.1074530593495,-0.5471143181578815,-1.153904944218567,1.5381619172657743,0.9654930356088134,-0.13472425096589136,0.2067810720713178,-0.06879031137688177,0.0045806681107438425,-0.602337311108511,-1.236699953574378,-0.6656376948775874
-0.46928377138711147,-0.16853162099816946,-0.37044127598629983,-0.5756262304083055,0.2401284742202761,-0.3654674463906976,-0.3176456136050197,0.01748317247534911,-0.25871614733202053,0.39981544876697367,-0.24932630867473463,-0.031363893459861854,0.17760769116706432,-0.5701808471975435,0.4270601562978731,0.6774995356259326,0.4821202444390548,0.28411942693701453,0.597110818620102,0.1358972930766776,0.008133292892361487,0.11473529869925321,-0.603767546234999,0.8540853210307442,-0.16072129327020157,0.026415290161054445,0.2611309711791932,-0.018444305413009697,0.115468793279455,-0.26932491596002067,-0.6216481243057543,-0.039249805311248845,0.04460564715259733,0.5749314958916272,0.39988880854921505,-0.36946150009544115,-0.11919249928596881,-0.2532664763166596,0.5050741952935431,0.27470252824187597,0.11955160784314976,-0.2280705943896666,0.20441227929799216,0.2465719262070424
0.6922059397425286,0.7991758018849785,1.7131700050620038,1.1313744147413365,-0.059310827521369826,1.175094856125666,1.0381326522977052,-0.4523490843707683,1.0005044689334046,-0.24932630867473463,1.2045143322042957,0.47893645125078593,0.6630148308052949,2.2757008031772044,-0.3801311024270272,-0.8441205781468266,-0.8721613361445726,0.5697697384443253,0.07755608113617493,0.29768630433324683,0.9842525771520912,-0.1851287859014231,0.6046196964545226,-2.0184540056376803,0.18006372677809576,-0.9879683275025594,-0.026592531718290346,-0.7482798346164233,-1.7529562905939549,1.4694434358071173,0.034455781410031326,0.9110382729910471,-1.3038150422343209,-0.7547582224662767,-1.2858887105985912,1.5717436542088559,0.8384823714151722,-0.40904985964725754,0.2554896257975629,0.05468052806612652,0.03774629589155004,-0.6127014779775721,-1.2026203292875761,-0.5477622378684488
1.1867539577236539,0.9915068716663241,-0.36186247758805656,0.41389862221553164,0.6514226825355892,1.3757753232288583,0.14430828671943816,-0.23971082241070438,-0.03771843093869495,-0.031363893459861854,0.47893645125078593,2.1203623980596444,0.2531958742007211,0.8127082357272127,0.505286333546493,1.0659740132203237,0.07568430354838399,-0.06922552184897927,-0.08249981254558422,-0.7195068532569162,1.2512115988111865,-0.3813275290723621,0.3153675079810563,-0.4277969757249319,-0.3053916818471129,-0.004230848952465922,-0.1230773610109162,-0.1966487615913564,-1.188303990850637,1.3583696314087594,-0.0692402693247628,0.25306849304289963,-0.4421575976748746,-1.144484203039799,-0.5482054855001453,-0.1417375173682414,-0.8633519816368708,-0.956896286652024,-0.4629932498067328,0.4344905659318387,0.010692126274118216,0.5910269904818899,0.2699208269580727,0.39544737069445285
-0.3867501854905366,0.5031365954413972,0.9826085153512476,-0.08895173233795024,0.025217860415408102,0.10012266983051944,0.5952274887261443,-0.3042995356111383,0.46626217341124604,0.17760769116706432,0.6630148308052949,0.2531958742007211,0.9360226425238154,0.9840741464978993,0.09449924542336308,0.10817924983873436,-0.3441002530790521,0.8818315357398235,0.6238287663414107,0.2467640831191364,0.4130411661304155,0.22125022498436006,-0.2997865207391773,-0.7495664063286255,0.0232602857669964,-0.4437225253353615,0.06959939968701957,-0.16113336146435175,-0.6028370966070814,0.8149999116734528,-0.48227862859787013,0.5794425355682387,-0.8142295350859825,0.16433981042116116,-0.22455682894897475,0.7684331295864664,0.45853090499540666,-0.4368448580360867,0.7881903483276272,0.12023637110824956,0.2425079640127842,-0.8460603796076386,-0.5237616176620774,-0.09456826872181426
1.7855508827765278,1.370953986091091,3.4911137007040103,2.546200866146448,0.1884852194649793,2.640776569681362,1.8428100190738013,-0.989493812418784,2.017101872344097,-0.5701808471975435,2.2757008031772044,0.8127082357272127,0.9840741464978993,4.763304002192771,-0.8224551452542243,-1.7442808568916484,-1.7334158522580363,1.1852326483724966,-0.02362074652460186,0.5862419456009033,1.7242887311537514,-0.4669509298616598,1.3852297978389587,-3.919709154226214,0.2872317045282405,-2.1718936045748234,0.1618830221026158,-1.799041957933852,-3.792205845923948,2.844110487979805,0.295532154493198,1.7412824373365456,-2.6582758484744637,-1.5822193464892647,-2.746090954567202,3.1865724735509886,1.5996842617282907,-0.7215155168397551,0.09055981889441869,0.15443419884724782,0.07974556552797679,-1.0011241226877357,-2.6800395280497322,-1.4829452584163052
-0.257897059465032,-0.03865908761045553,-0.8752159080175648,-0.6988570217941648,0.5212296585297321,-0.1768836702678904,-0.5241214366587261,0.033202715378609075,-0.5316688967364765,0.4270601562978731,-0.3801311024270272,0.505286333546493,0.09449924542336308,-0.8224551452542243,0.741280985322449,1.247908127118478,0.7532148938346125,0.2269499532130367,0.7034349213110651,-0.1493849410907045,0.17437031354803278,-6.021993978808197e-4,-0.7251578440531061,1.2835884987890105,-0.30237304909317536,0.15005162505150635,0.31184466317692117,-0.009447196753506052,0.0624321604518475,-0.15069818722884387,-0.7570539712505345,-0.11510400671296935,0.1474793640683091,0.4516981386873382,0.4738649087167349,-0.7805666569360058,-0.5311099112022908,-0.4914499293145276,0.35759790733962393,0.45436959771931823,0.1539803615523705,0.04139284752957651,0.49382267111434186,0.4671200829327477
-0.5165789808283038,-0.045608671080798045,-1.7460827735691498,-1.5220434706185109,1.0330434273421196,-0.4750911642108345,-1.0860126174385492,0.06040161872060542,-1.123342161071776,0.6774995356259326,-0.8441205781468266,1.0659740132203237,0.10817924983873436,-1.7442808568916484,1.247908127118478,2.5754021138524834,1.201124010648213,0.38557830093578205,0.7337399161124291,-0.6715833753210317,-0.262832700948905,0.1549903823063325,-1.227554936529547,2.40281560260361,-0.6239205033297273,0.8268254286878212,0.33689343142377604,0.5069404984681292,0.8033218752204997,-0.3663300890027515,-0.8305016214876147,-0.5833405841904823,0.5898800082724233,0.682120394461439,1.306092812287945,-1.7265476175180132,-1.531648447749587,-0.6872080712359865,0.0854274650274284,0.5958983440557809,0.2955481122282371,0.3826039771822071,1.2801513287886124,0.7491432533653416
-0.43097910809613743,-0.4866228275474369,-1.536598181164497,-0.9317979129320498,0.37407557626547433,-0.6136749744416052,-0.9135745839990365,0.2877984003881157,-0.8617313558379033,0.4821202444390548,-0.8721613361445726,0.07568430354838399,-0.3441002530790521,-1.7334158522580363,0.7532148938346125,1.201124010648213,1.107260158037013,-0.24196181914594134,0.6090957896812951,-0.10386314106627763,-0.09549579125028013,-0.025062780369939214,-0.8036960222514326,1.9847428929601323,-0.29095935730086053,0.41970202535817663,0.323720796126937,0.14829907765729708,0.633802556372252,-0.8821843003658084,-0.7517286079622953,-0.44485952193781375,0.7052349262146416,0.702961662826639,0.8044654722786427,-1.3071927515505781,-0.6387687950063378,-0.22870421334287203,0.2761428253798635,0.4061030238190066,0.033303158488799375,0.31480812858905727,0.8697113608734414,0.6801514020447224
-0.4011191416792147,0.270558945976609,1.2925654997551985,-0.11961199283715272,0.5110934300841203,0.19194060746952116,0.33836885651296483,-0.4846573384916795,0.46606675862693003,0.28411942693701453,0.5697697384443253,-0.06922552184897927,0.8818315357398235,1.1852326483724966,0.2269499532130367,0.38557830093578205,-0.24196181914594134,1.4816657470932426,0.9384679499378786,0.37670550514479423,0.012440567722952609,0.22897127770088957,-0.5661670593708064,-0.31285030784401036,-0.1100918938565969,-0.7939786995379534,0.4990544322318971,-0.5656457146363661,-0.9223930418500663,0.7482526594456362,-0.6453502312801664,0.6122803687119374,-1.099821620344963,0.5337328294024373,-0.23145050331466213,0.86800065294511,0.4873255071439828,-0.47697503806429375,0.768859621096412,0.30245707877675915,0.4159591548023791,-1.0680197920617591,-0.9615488300121294,-0.5993012214370729
-0.6661436822719783,-0.05171855348844132,0.1398318354483309,-0.5259771338980863,0.38758228979735904,-0.205850051282187,-0.08198871212864996,-0.14051585515112056,-0.030575046767564826,0.597110818620102,0.07755608113617493,-0.08249981254558422,0.6238287663414107,-0.02362074652460186,0.7034349213110651,0.7337399161124291,0.6090957896812951,0.9384679499378786,1.5882563540121823,0.5682150697305564,0.5475276135177413,0.0561039732182239,-1.02080201468584,0.8259801690921087,-0.15413271522640015,-0.7523743119032477,0.6726438279129092,-0.6568628805176725,-0.7820907563612441,0.14769324607756446,-1.4709360537358411,0.549347530450798,-0.6381535005575222,0.9387911382230726,-0.02379358310237615,0.11299999001801597,0.502098167473415,-0.7081926584566406,1.3689116457338535,0.6247610021767545,0.30761285295406765,-0.9402503224678441,-0.41977871152175267,0.20192986671540716
-0.2750172824419427,-0.16575433663525885,0.8050293128993736,0.2793777571345643,-0.19890831011781854,-0.04404386095083569,0.29807532189254793,-0.10515207314832087,0.4322479715138362,0.1358972930766776,0.29768630433324683,-0.7195068532569162,0.2467640831191364,0.5862419456009033,-0.1493849410907045,-0.6715833753210317,-0.10386314106627763,0.37670550514479423,0.5682150697305564,0.7058440475163461,0.26763681425144337,0.007500565438066771,-0.11948469720126556,-0.3817730873972058,0.1591249569349751,-0.7256631822741857,0.28995930730466457,-0.5673344515737339,-0.6827746486856184,0.030428241275358786,-0.49165251989186654,0.47015549526245626,-0.5450444790815905,0.4102784767774905,-0.4448031332818816,0.7480871900144064,0.9390913189678445,-0.025308790144713218,0.7580989200784499,0.10203018356045108,0.0318967199642837,-0.7136688889816644,-0.7620582100712517,-0.2603879582235983
1.1539145808115405,0.8398672009512713,0.6694942664450274,1.171475858803968,0.15911079216561164,1.5840942995136187,0.7039892381582563,-0.27288595170860236,0.6330375884628223,0.008133292892361487,0.9842525771520912,1.2512115988111865,0.4130411661304155,1.7242887311537514,0.17437031354803278,-0.262832700948905,-0.09549579125028013,0.012440567722952609,0.5475276135177413,0.26763681425144337,2.0570195144345806,-0.5906433474577919,0.4789724950023034,-1.2788654613881378,0.011361387755802416,-1.1191710238419639,0.1639912412401015,-1.1173392211529254,-2.415100257891022,1.4865746696064586,-0.6857615007905823,0.9975196264218372,-1.1614065817668284,-0.953351591135576,-1.5132367833656906,0.9741810744376105,0.5905509465360952,-1.0097624650890495,0.5128152466040535,0.571374713741163,-0.10974968290826354,-0.21499246972685496,-0.7797271070216392,0.18344450778705015
-0.689279462898054,-0.1622281538649043,-0.04948392311111618,-0.6093150840813341,-0.14692746559036288,-0.7325878375554951,-0.06199247660748589,0.0449846144210616,-0.11071387076664013,0.11473529869925321,-0.1851287859014231,-0.3813275290723621,0.22125022498436006,-0.4669509298616598,-6.021993978808197e-4,0.1549903823063325,-0.025062780369939214,0.22897127770088957,0.0561039732182239,0.007500565438066771,-0.5906433474577919,0.3792556553008927,-0.34552938073622086,0.27434884095585954,0.01886973497133913,0.3477093569336343,-0.08316447020279431,0.4754908578570231,0.8590988671553533,-0.35558232922263006,0.030233784049349302,-0.1932027252415841,0.24613930103188897,0.4903782949549653,0.5925707796515134,-0.16941042601654072,-0.05699235207575444,0.22990310898444707,0.19572680574035756,-0.1984409184701053,0.1322906651556378,-0.21641319195972308,0.21352668843255526,0.06411284055971
1.1970970840062334,0.38296733489529433,0.7809341310519867,1.3219219740293509,-0.30915406285847763,1.0713392118430305,0.5987482054610013,-0.10612356219338619,0.6188023134228435,-0.603767546234999,0.6046196964545226,0.3153675079810563,-0.2997865207391773,1.3852297978389587,-0.7251578440531061,-1.227554936529547,-0.8036960222514326,-0.5661670593708064,-1.02080201468584,-0.11948469720126556,0.4789724950023034,-0.34552938073622086,1.2368682280855112,-1.7285760352730921,0.23513625611201044,-0.30761118995178366,-0.37586072310502533,-0.29976639865504207,-0.862886536787675,0.7083400933992331,0.9738667629481462,0.23387798630863288,-0.3294944600886518,-1.237676166682518,-1.0438327736552464,0.8675803372916311,0.282302212693759,0.20005575487782842,-0.8465653183111789,-0.3103293824655198,-0.276139563375014,0.43829595058108967,-0.5567031040333581,-0.4384518948086509
-1.3946006014699723,-1.229410257753668,-3.017148205692117,-2.3105223738449587,0.6526204030546785,-1.880311385083849,-1.9715605120575765,0.6148814186486026,-1.863115264524729,0.8540853210307442,-2.0184540056376803,-0.4277969757249319,-0.7495664063286255,-3.919709154226214,1.2835884987890105,2.40281560260361,1.9847428929601323,-0.31285030784401036,0.8259801690921087,-0.3817730873972058,-1.2788654613881378,0.27434884095585954,-1.7285760352730921,4.193728328682589,-0.5502582282124475,1.3451399559151322,0.4913091800261941,0.8691693217814455,2.378646716171699,-2.241196699062706,-0.9866947798851559,-1.3002790707023764,1.7986784916399134,1.7405621493395338,2.2489311043765534,-2.8280801522922747,-1.512598856331556,0.06985878086632329,0.21200009632438385,0.43655136159045216,0.15305411532704544,0.6284852927196872,1.955059788922364,1.0715735663379384
-0.028684680432129066,0.009188027625392484,0.3654526831951029,0.25043419776508596,-0.34470170701463615,-0.04601613918751732,0.28657980139829065,0.02203710820501327,0.23626388519811783,-0.16072129327020157,0.18006372677809576,-0.3053916818471129,0.0232602857669964,0.2872317045282405,-0.30237304909317536,-0.6239205033297273,-0.29095935730086053,-0.1100918938565969,-0.15413271522640015,0.1591249569349751,0.011361387755802416,0.01886973497133913,0.23513625611201044,-0.5502582282124475,0.17776146781595678,-0.10921626981308029,-0.1367109309981908,0.003711663715218318,0.0028650203082656524,0.03111860534652807,0.18341522459858692,0.1182687926345389,-0.06556046313756625,-0.0928040261197297,-0.20992095793005772,0.36301772342038513,0.3805214850922617,0.2064588390037679,0.05567431926933529,-0.1939892791610094,-0.06240908288396131,-0.13244983279206274,-0.2197516311535198,-0.09401556518742807
-0.7192401959926096,-0.3485270009265375,-1.6794913074125428,-1.1953508332281557,-0.22852872068531202,-1.2276981840716417,-0.7162806822264612,0.4424169416369109,-0.9594763334258342,0.026415290161054445,-0.9879683275025594,-0.004230848952465922,-0.4437225253353615,-2.1718936045748234,0.15005162505150635,0.8268254286878212,0.41970202535817663,-0.7939786995379534,-0.7523743119032477,-0.7256631822741857,-1.1191710238419639,0.3477093569336343,-0.30761118995178366,1.3451399559151322,-0.10921626981308029,1.6417327065675613,-0.5364917119072989,1.4790876290576909,2.3869036810386945,-1.1566360068782455,0.5772271117363683,-1.098709523060851,1.5183607717796592,0.29952919852609405,1.5322042894843533,-1.6054109634076916,-1.2159415314112665,0.5825357316180946,-0.6461385846186442,-0.40601682832544916,-0.09590053134434064,0.847382246064431,1.6643819566792035,0.7158333916863066
-0.01737286759466741,-0.16052417882025422,0.1487096076096875,-0.027119592821218466,0.428976946412023,0.16297735707782127,-0.19836728780219573,-0.13317254943170181,0.0057846584832880535,0.2611309711791932,-0.026592531718290346,-0.1230773610109162,0.06959939968701957,0.1618830221026158,0.31184466317692117,0.33689343142377604,0.323720796126937,0.4990544322318971,0.6726438279129092,0.28995930730466457,0.1639912412401015,-0.08316447020279431,-0.37586072310502533,0.4913091800261941,-0.1367109309981908,-0.5364917119072989,0.49808720487928665,-0.5846758315176707,-0.6791070669154012,0.031437036235711625,-0.6038153254605552,0.23113832021737257,-0.3893442689013116,0.38970931276393544,-0.16838096037225297,0.10154320580186885,0.19925561671961645,-0.3203268569564688,0.3975419147776019,0.3799180739360676,0.1359473880737625,-0.32815322339743025,-0.41048701436364055,-0.18441384187757232
-0.94310064608055,-0.26496913307891423,-1.2013957327948204,-1.162444264600936,-0.4296762760446629,-1.3415302555536712,-0.3988339949895826,0.38674713203601585,-0.709429557131828,-0.018444305413009697,-0.7482798346164233,-0.1966487615913564,-0.16113336146435175,-1.799041957933852,-0.009447196753506052,0.5069404984681292,0.14829907765729708,-0.5656457146363661,-0.6568628805176725,-0.5673344515737339,-1.1173392211529254,0.4754908578570231,-0.29976639865504207,0.8691693217814455,0.003711663715218318,1.4790876290576909,-0.5846758315176707,1.5006264975437749,2.3516728275524184,-0.9747249688950455,0.5617526352781748,-0.8957704138392183,1.2984822159391718,0.36070407190237264,1.4278669875564383,-1.2113609293146264,-0.869732881664147,0.6181916198207357,-0.3892132786405972,-0.5199708884499683,-0.04041414194473846,0.5111842665894604,1.408029234118721,0.6210403496947672
-1.98712052970761,-1.0728796437016186,-2.314906216666515,-2.2923376696011455,-0.7086756395996593,-2.822129706444419,-1.121090272801694,0.8127419190093531,-1.4409627463669021,0.115468793279455,-1.7529562905939549,-1.188303990850637,-0.6028370966070814,-3.792205845923948,0.0624321604518475,0.8033218752204997,0.633802556372252,-0.9223930418500663,-0.7820907563612441,-0.6827746486856184,-2.415100257891022,0.8590988671553533,-0.862886536787675,2.378646716171699,0.0028650203082656524,2.3869036810386945,-0.6791070669154012,2.3516728275524184,4.364524628889954,-2.457808019451478,0.7089673933469253,-1.6999408733928445,2.47302073963221,1.276801222184949,2.7114314979484564,-2.3365793789762908,-1.289266530485657,1.3068788853147846,-0.4653197378326349,-0.8410982282062369,-0.021028098507657984,0.7431621576403908,2.303459136484506,0.9362106028941948
1.236349348466085,1.2229610453504967,1.7459512161847923,1.3738545726842404,0.3390192290459813,1.865949226086059,1.1210259519226002,-0.6328001927340147,1.049888113266125,-0.26932491596002067,1.4694434358071173,1.3583696314087594,0.8149999116734528,2.844110487979805,-0.15069818722884387,-0.3663300890027515,-0.8821843003658084,0.7482526594456362,0.14769324607756446,0.030428241275358786,1.4865746696064586,-0.35558232922263006,0.7083400933992331,-2.241196699062706,0.03111860534652807,-1.1566360068782455,0.031437036235711625,-0.9747249688950455,-2.457808019451478,2.16358099545886,-0.04149004808267398,1.1075979837829877,-1.6566587130576658,-1.2094244906404883,-1.6179469527342287,1.6404218292994572,0.5361768217112549,-0.8697316300393445,0.07391019290727247,0.28507556855971566,0.10002486767527158,-0.4588795998321952,-1.2803673916018687,-0.533267694648425
0.5800096696283618,0.05963814312974929,0.19784978904644143,0.5303014309667555,-0.36855718963015854,0.17619050620597224,0.18377187816419288,0.05504335169878647,0.1607430744041246,-0.6216481243057543,0.034455781410031326,-0.0692402693247628,-0.48227862859787013,0.295532154493198,-0.7570539712505345,-0.8305016214876147,-0.7517286079622953,-0.6453502312801664,-1.4709360537358411,-0.49165251989186654,-0.6857615007905823,0.030233784049349302,0.9738667629481462,-0.9866947798851559,0.18341522459858692,0.5772271117363683,-0.6038153254605552,0.5617526352781748,0.7089673933469253,-0.04149004808267398,1.4758830021337421,-0.4324359266690192,0.4441335816292478,-0.8303196247316947,-0.03896086158645043,0.13303930168909928,-0.33601787929960175,0.7285480869296809,-1.2826180086179597,-0.6665276050712466,-0.2053838233068561,0.7197827725895743,0.13568684870901862,-0.3970287242078171
0.4318646884997973,0.5051568097130594,1.3213809418324627,0.8305826988719306,0.035794454172374264,0.8915451903881704,0.750361054991952,-0.35508369636247156,0.7720101600910292,-0.039249805311248845,0.9110382729910471,0.25306849304289963,0.5794425355682387,1.7412824373365456,-0.11510400671296935,-0.5833405841904823,-0.44485952193781375,0.6122803687119374,0.549347530450798,0.47015549526245626,0.9975196264218372,-0.1932027252415841,0.23387798630863288,-1.3002790707023764,0.1182687926345389,-1.098709523060851,0.23113832021737257,-0.8957704138392183,-1.6999408733928445,1.1075979837829877,-0.4324359266690192,0.8989054945221499,-1.1784226435186054,-0.3253854219066963,-1.115330406145875,1.2663776809835983,0.8983202019515373,-0.5115661441121198,0.6030429515849672,0.24576602336227943,0.0843876862642221,-0.7096107409653565,-1.1264544871937703,-0.3627179008570516
-0.7343215326196728,-0.7542491988121769,-2.0342985101709075,-1.1898391112998783,-0.3343738230332174,-1.4273953085933027,-0.9613280094908744,0.6305072425160018,-1.1074530593495,0.04460564715259733,-1.3038150422343209,-0.4421575976748746,-0.8142295350859825,-2.6582758484744637,0.1474793640683091,0.5898800082724233,0.7052349262146416,-1.099821620344963,-0.6381535005575222,-0.5450444790815905,-1.1614065817668284,0.24613930103188897,-0.3294944600886518,1.7986784916399134,-0.06556046313756625,1.5183607717796592,-0.3893442689013116,1.2984822159391718,2.47302073963221,-1.6566587130576658,0.4441335816292478,-1.1784226435186054,1.7763927460694509,0.49049975527853906,1.5218452238607465,-1.8153530183577766,-1.045292509652362,0.7177228872029885,-0.5883469339435483,-0.3731129726395405,-0.17599796121176506,0.9538352332474036,1.6707763684472599,0.7952404494072056
-1.5525181513789579,-0.7635061871945952,-0.578595939815743,-1.3688152153352278,0.017701706511846545,-1.5399365154638502,-0.6242757359252985,0.17678512117150447,-0.5471143181578815,0.5749314958916272,-0.7547582224662767,-1.144484203039799,0.16433981042116116,-1.5822193464892647,0.4516981386873382,0.682120394461439,0.702961662826639,0.5337328294024373,0.9387911382230726,0.4102784767774905,-0.953351591135576,0.4903782949549653,-1.237676166682518,1.7405621493395338,-0.0928040261197297,0.29952919852609405,0.38970931276393544,0.36070407190237264,1.276801222184949,-1.2094244906404883,-0.8303196247316947,-0.3253854219066963,0.49049975527853906,1.60373392477199,1.183047688008036,-0.727591811292895,0.08328548878488137,0.2188937608753937,0.9429551068000189,0.09557548348467274,0.2539185012853404,-0.615162852424822,0.3851533797611438,0.2464050113566694
-1.4975054097845366,-0.7229793866229841,-1.7573654541810921,-1.897217611473076,-0.044079074801740316,-1.8905555240845748,-1.0155183271846309,0.45704278986529034,-1.153904944218567,0.39988880854921505,-1.2858887105985912,-0.5482054855001453,-0.22455682894897475,-2.746090954567202,0.4738649087167349,1.306092812287945,0.8044654722786427,-0.23145050331466213,-0.02379358310237615,-0.4448031332818816,-1.5132367833656906,0.5925707796515134,-1.0438327736552464,2.2489311043765534,-0.20992095793005772,1.5322042894843533,-0.16838096037225297,1.4278669875564383,2.7114314979484564,-1.6179469527342287,-0.03896086158645043,-1.115330406145875,1.5218452238607465,1.183047688008036,2.0286758219230006,-1.8221672887176894,-1.0924679067018996,0.5088288265638437,-0.018988613553898144,-0.22919555761887786,0.11818992703173022,0.3486560339295767,1.629348978776503,0.7198446941376603
0.7641952461186581,0.7126763290854475,2.716271771622427,1.656013798481835,-0.23982528502495346,1.3530144381212215,1.4110541010277364,-0.6054409397931508,1.5381619172657743,-0.36946150009544115,1.5717436542088559,-0.1417375173682414,0.7684331295864664,3.1865724735509886,-0.7805666569360058,-1.7265476175180132,-1.3071927515505781,0.86800065294511,0.11299999001801597,0.7480871900144064,0.9741810744376105,-0.16941042601654072,0.8675803372916311,-2.8280801522922747,0.36301772342038513,-1.6054109634076916,0.10154320580186885,-1.2113609293146264,-2.3365793789762908,1.6404218292994572,0.13303930168909928,1.2663776809835983,-1.8153530183577766,-0.727591811292895,-1.8221672887176894,2.4504229748636526,1.5940796833305275,-0.23915518739858432,0.4388710822962032,-0.055244637516720305,0.05366930208844501,-1.0597317912761104,-2.0447903485182146,-1.0884381065445947
-0.05101486540944328,0.08480601287842862,1.698199369348536,0.8907123641024042,-0.5059167556738192,0.31340422211644775,0.8929986759557496,-0.22361416220895453,0.9654930356088134,-0.11919249928596881,0.8384823714151722,-0.8633519816368708,0.45853090499540666,1.5996842617282907,-0.5311099112022908,-1.531648447749587,-0.6387687950063378,0.4873255071439828,0.502098167473415,0.9390913189678445,0.5905509465360952,-0.05699235207575444,0.282302212693759,-1.512598856331556,0.3805214850922617,-1.2159415314112665,0.19925561671961645,-0.869732881664147,-1.289266530485657,0.5361768217112549,-0.33601787929960175,0.8983202019515373,-1.045292509652362,0.08328548878488137,-1.0924679067018996,1.5940796833305275,1.5917652559880444,0.022984757631615005,0.8927558631865862,-0.036487305547899036,0.0019748188025589925,-1.0414923477259548,-1.3973026615863726,-0.5516938426385554
-0.4138761107928643,-0.47299019802427184,-0.18144992838008442,-0.17888250789766347,-0.5270457135306476,-0.78817843998289006,-0.13157860376191308,0.23917243410898598,-0.13472425096589136,-0.2532664763166596,-0.40904985964725754,-0.956896286652024,-0.4368448580360867,-0.7215155168397551,-0.4914499293145276,-0.6872080712359865,-0.22870421334287203,-0.47697503806429375,-0.7081926584566406,-0.025308790144713218,-1.0097624650890495,0.22990310898444707,0.20005575487782842,0.06985878086632329,0.2064588390037679,0.5825357316180946,-0.3203268569564688,0.6181916198207357,1.3068788853147846,-0.8697316300393445,0.7285480869296809,-0.5115661441121198,0.7177228872029885,0.2188937608753937,0.5088288265638437,-0.23915518739858432,0.022984757631615005,0.8616383988031021,-0.43330429622287336,-0.5459841015062189,-0.12759958742402663,0.24044614027392008,0.30784598069457675,-0.1316343870295534
-0.9775517491706814,-0.02411463710049343,0.49122598389778166,-0.46401910303594224,-0.13435713306536157,-0.5131152341089489,0.27518841028178415,-0.07776142448598285,0.2067810720713178,0.5050741952935431,0.2554896257975629,-0.4629932498067328,0.7881903483276272,0.09055981889441869,0.35759790733962393,0.0854274650274284,0.2761428253798635,0.768859621096412,1.3689116457338535,0.7580989200784499,0.5128152466040535,0.19572680574035756,-0.8465653183111789,0.21200009632438385,0.05567431926933529,-0.6461385846186442,0.3975419147776019,-0.3892132786405972,-0.4653197378326349,0.07391019290727247,-1.2826180086179597,0.6030429515849672,-0.5883469339435483,0.9429551068000189,-0.018988613553898144,0.4388710822962032,0.8927558631865862,-0.43330429622287336,1.5721813603465966,0.35066867309947714,0.21377354552615208,-1.1496444344662646,-0.43822450080249653,0.24909089831759404
0.20273374330266455,0.10710416914377834,-0.11142379991606549,0.016698493052003535,0.4756286582359843,0.4175919008328351,-0.1583779087950452,-0.11901525527029551,-0.06879031137688177,0.27470252824187597,0.05468052806612652,0.4344905659318387,0.12023637110824956,0.15443419884724782,0.45436959771931823,0.5958983440557809,0.4061030238190066,0.30245707877675915,0.6247610021767545,0.10203018356045108,0.571374713741163,-0.1984409184701053,-0.3103293824655198,0.43655136159045216,-0.1939892791610094,-0.40601682832544916,0.3799180739360676,-0.5199708884499683,-0.8410982282062369,0.28507556855971566,-0.6665276050712466,0.24576602336227943,-0.3731129726395405,0.09557548348467274,-0.22919555761887786,-0.055244637516720305,-0.036487305547899036,-0.5459841015062189,0.35066867309947714,0.48511872586880245,0.0752313988228058,-0.13646569271495862,-0.14646856746163717,0.08798220025219655
-0.21971829355990566,0.030703096269528208,0.14900301484278247,-0.23794739150356511,0.1686611574468068,-0.10985882530346983,-0.013887210595873863,-0.09895643717374664,0.0045806681107438425,0.11955160784314976,0.03774629589155004,0.010692126274118216,0.2425079640127842,0.07974556552797679,0.1539803615523705,0.2955481122282371,0.033303158488799375,0.4159591548023791,0.30761285295406765,0.0318967199642837,-0.10974968290826354,0.1322906651556378,-0.276139563375014,0.15305411532704544,-0.06240908288396131,-0.09590053134434064,0.1359473880737625,-0.04041414194473846,-0.021028098507657984,0.10002486767527158,-0.2053838233068561,0.0843876862642221,-0.17599796121176506,0.2539185012853404,0.11818992703173022,0.05366930208844501,0.0019748188025589925,-0.12759958742402663,0.21377354552615208,0.0752313988228058,0.16074682578567168,-0.2495388395076445,-0.13008604110270616,-0.065782866138306
0.6724615037948986,-0.13223445217206362,-1.3584335365370626,0.0017677500667270937,0.09733091035649982,0.1408393886888495,-0.5840020447950754,0.2856167974042924,-0.602337311108511,-0.2280705943896666,-0.6127014779775721,0.5910269904818899,-0.8460603796076386,-1.0011241226877357,0.04139284752957651,0.3826039771822071,0.31480812858905727,-1.0680197920617591,-0.9402503224678441,-0.7136688889816644,-0.21499246972685496,-0.21641319195972308,0.43829595058108967,0.6284852927196872,-0.13244983279206274,0.847382246064431,-0.32815322339743025,0.5111842665894604,0.7431621576403908,-0.4588795998321952,0.7197827725895743,-0.7096107409653565,0.9538352332474036,-0.615162852424822,0.3486560339295767,-1.0597317912761104,-1.0414923477259548,0.24044614027392008,-1.1496444344662646,-0.13646569271495862,-0.2495388395076445,1.2462283537005927,0.9686867737051463,0.3797653346638897
-0.7364736644099039,-0.4005608281244712,-2.272537730033667,-1.4056131123657996,-0.08837166415946077,-1.2368846165059295,-0.9520960098383865,0.5637876983668182,-1.236699953574378,0.20441227929799216,-1.2026203292875761,0.2699208269580727,-0.5237616176620774,-2.6800395280497322,0.49382267111434186,1.2801513287886124,0.8697113608734414,-0.9615488300121294,-0.41977871152175267,-0.7620582100712517,-0.7797271070216392,0.21352668843255526,-0.5567031040333581,1.955059788922364,-0.2197516311535198,1.6643819566792035,-0.41048701436364055,1.408029234118721,2.303459136484506,-1.2803673916018687,0.13568684870901862,-1.1264544871937703,1.6707763684472599,0.3851533797611438,1.629348978776503,-2.0447903485182146,-1.3973026615863726,0.30784598069457675,-0.43822450080249653,-0.14646856746163717,-0.13008604110270616,0.9686867737051463,1.995027088724744,1.0897643209230652
-0.44230326510673734,-0.09230093754294691,-1.4100668903021818,-0.8015750879988575,-0.16759635226866937,-0.6538539557458056,-0.4033915036959539,0.3539122556873387,-0.6656376948775874,0.2465719262070424,-0.5477622378684488,0.39544737069445285,-0.09456826872181426,-1.4829452584163052,0.4671200829327477,0.7491432533653416,0.6801514020447224,-0.5993012214370729,0.20192986671540716,-0.2603879582235983,0.18344450778705015,0.06411284055971,-0.4384518948086509,1.0715735663379384,-0.09401556518742807,0.7158333916863066,-0.18441384187757232,0.6210403496947672,0.9362106028941948,-0.533267694648425,-0.3970287242078171,-0.3627179008570516,0.7952404494072056,0.2464050113566694,0.7198446941376603,-1.0884381065445947,-0.5516938426385554,-0.1316343870295534,0.24909089831759404,0.08798220025219655,-0.065782866138306,0.3797653346638897,1.0897643209230652,0.9947447417861253
