V1,V2,V3,V4,V5,V6,V7,V8,V9,V10,V11,V12,V13,V14,V15,V16,V17,V18,V19,V20,V21,V22,V23,V24,V25,V26,V27,V28,V29,V30,V31,V32,V33,V34,V35,V36,V37,V38,V39,V40,V41,V42,V43,V44
25.70124902436603,-22.995946164703117,10.729166190989918,14.173056774127694,12.33706284309242,-1.4014082184214394,11.686162913650573,14.430330256992494,0.3293999733430122,2.649139579448847,27.824791602809125,12.145075338263933,-12.888758684963399,20.199027736055562,21.81399270119003,5.13685626162833,-24.800979657793345,-7.072971752879351,22.47321271264229,-27.16292490084387,-5.114383067558379,-13.661754349106367,16.12968172297019,-3.5072846916561597,-4.408095041521836,11.307091504233831,6.909288179272991,-8.059948198421301,10.983103840158668,-3.7619634307529415,7.969370204483608,6.118540482385387,7.912051838887754,14.874476117536728,-3.924071799934004,9.232737419419756,-15.35420072268794,-0.3248678178297424,5.942927166353213,-6.624704470408319,2.944875036502513,16.676963779953976,-17.796397503316726,-2.0039392329253727
-22.995946164703117,21.013971516169626,-9.861510331251377,-12.527952295779494,-11.056314876471385,1.5081503755426218,-10.314822796084744,-13.013615697200281,-0.5179092459298701,-2.724008030974882,-25.227529138050564,-10.761022421600142,12.00373663232396,-18.146165635581262,-19.502496752357924,-4.444601011928829,22.257934802335033,6.174342333159741,-20.30711327870839,24.609008336149795,4.569597837940644,12.286373429109391,-14.464987037329513,2.972771229067803,4.011200925890646,-10.245251882753095,-6.264093983020565,7.4080045596306014,-9.937397715171672,3.580507293273793,-7.069195050284512,-5.434061117652794,-7.322569409548947,-13.375606387914935,3.1673520545373837,-8.296722828712129,14.080151624796203,0.39064190472061794,-5.421519038433547,5.897239508586548,-2.4030625607409686,-15.11019796493381,16.223689315914637,1.7893404477482433
10.729166190989918,-9.861510331251377,5.2335811888063954,5.453346887901946,5.116964824422268,-0.7064723175549702,5.030772743171431,6.363914698674398,0.2646635241557858,1.7440082394564187,11.863764206478674,4.915240316831332,-5.946095165836228,8.326601195448584,8.772835162286555,2.2514466398851485,-10.26160972264664,-2.676571175839523,9.504558206349726,-11.767878208932098,-2.3138973002271874,-6.042009061227856,6.577720486979064,-1.0539605301784514,-1.8680026054612187,5.203501833532786,2.7828379132804852,-4.209416273325457,4.383286617537518,-1.8691049124850638,3.2230771760530392,2.3479560405836484,3.3885958259608833,6.21195065940313,-1.055166212308936,4.007901236659096,-7.007915590779637,-0.21674735949077156,2.7859991890064233,-2.4625988900390334,0.8683555441145969,6.7566499268538545,-7.584962635712066,-0.8754434979970306
14.173056774127694,-12.527952295779494,5.453346887901946,9.007559387302184,6.7998383999298815,-0.6813940851132773,6.800255829977841,7.864771942478544,-0.04041839282202569,0.4726753381341953,15.35289178823921,7.434170314590755,-6.748596064660043,11.389303868178333,12.985238544904073,2.495949782606044,-14.469754668322839,-4.548316880141797,12.657405223736985,-14.758755847466707,-3.1241685209050174,-7.517257291245954,9.287384888207194,-2.3282443955228134,-2.458580821710889,6.010727027838176,3.792749741009186,-3.801233446618613,6.240032385356302,-1.9374520871711982,4.8165120147115035,4.0158582536190295,4.781693408517453,8.166328272849297,-2.6981764532132617,5.192260068600138,-7.927836630130983,-0.08083243190073068,2.9279968638842675,-3.5307172405684684,2.3928616799769515,9.659071430814727,-9.75749186217944,-0.8223229682834574
12.33706284309242,-11.056314876471385,5.116964824422268,6.7998383999298815,6.253713551562207,-0.7020416737550069,5.821359261432101,6.90808499539267,0.1789569633825905,1.2576140636533437,13.215450403116991,6.192674299692783,-6.3864339512714485,9.890312882864626,10.604446639168557,2.26631226083852,-12.007933195016689,-3.44539996510428,10.857226731248392,-13.055636401088805,-2.9838117310578696,-6.571553897935816,7.618446910625179,-1.6438137037356282,-2.073063209094483,5.568505557972252,3.2916992941067393,-4.271321475475414,5.208523275295586,-1.8239761259639409,4.112291873660911,3.1022623697640395,4.106187780811295,7.067938206063046,-1.672411775664177,4.64745531585476,-7.4135943603915715,-0.0643743569383948,2.834141718676782,-3.0976606053380227,1.5655780788709253,8.264292634941214,-8.669177291672653,-0.7142925843979406
-1.4014082184214394,1.5081503755426218,-0.7064723175549702,-0.6813940851132773,-0.7020416737550069,0.28257103702659653,-0.5244582652102777,-0.7972133492896303,-0.15067456798395257,-0.32269123901869057,-1.6771190798846352,-0.6652218116578648,0.9667432538478398,-1.2025640401538626,-1.2155643007058825,-0.21021804143273196,1.4326973749246041,0.2763228621545583,-1.3792514945857544,1.6512457237457288,0.32325431967318213,0.7510082858929142,-0.8714930196785189,0.08491275587521406,0.2512629475168922,-0.6717158491496218,-0.43030726821619836,0.521195667358956,-0.6530396894271538,0.2947884107951695,-0.42169676183774507,-0.3398216836945619,-0.6735358061533752,-0.8922136797901431,-0.0034247100802242136,-0.5423127952447044,1.0031502529739258,0.05959392307177471,-0.3570840455386321,0.3062486477342596,-0.0649978333168509,-1.0348399925707215,1.1224943408787216,0.08092379376025073
11.686162913650573,-10.314822796084744,5.030772743171431,6.800255829977841,5.821359261432101,-0.5244582652102777,6.064748235290969,6.841394979886467,-0.08845921134472566,0.9455838207692346,12.51227642368911,6.148188438746853,-5.9567173268965865,9.30456822227328,10.330000575509533,2.34505054643825,-11.629587230648985,-3.509559922583936,10.428571678895695,-12.476382763213715,-3.1828052797668325,-6.512535673370415,7.220490126037108,-1.498992987676764,-2.047212035248433,5.646897688532036,2.9888761417203007,-4.2347321674039895,4.835963661064434,-1.8118937597143543,4.03368040856667,3.0194619161162524,3.866746444509338,6.79846457004012,-1.6470912915098923,4.488485147617023,-7.122100565223068,0.051565327500846726,2.7709862364693647,-2.653384769236102,1.8047655505833313,7.73448041578371,-8.048015799716923,-0.5795789597538513
14.430330256992494,-13.013615697200281,6.363914698674398,7.864771942478544,6.90808499539267,-0.7972133492896303,6.841394979886467,8.582645513118443,0.174176255439064,1.5983666308873266,15.885450946891554,6.998285645052925,-7.523172432192015,11.112906557681573,12.384253794458905,2.9119403288619305,-14.050392318192422,-4.143386560121681,12.806681436199025,-15.585754371715666,-3.155900939279109,-8.104318129197546,9.056613498579127,-1.6703520620070662,-2.522526355867122,6.683516993211306,3.7509345406588768,-4.989747670293368,6.239404514932078,-2.3594524637632808,4.656063411612279,3.446069368341344,4.703287556466833,8.452199648469,-1.9766063639537665,5.265330313415344,-9.056792662982161,-0.18777567788107172,3.4808166313693687,-3.626387248877722,1.632684242839656,9.41242846085496,-10.044097205423613,-1.069443930372589
0.3293999733430122,-0.5179092459298701,0.2646635241557858,-0.04041839282202569,0.1789569633825905,-0.15067456798395257,-0.08845921134472566,0.174176255439064,0.3000468353673335,0.2938172403672013,0.588059996084654,0.0518828627014681,-0.41806563980984457,0.4221130589104891,0.16037842337678762,-0.08126674031043075,-0.23558175802748835,0.12161802985182013,0.3492559401712786,-0.46234902917349235,0.07895845359914085,-0.1195633655445753,0.18997872258265694,-0.017657827354939523,-0.06752616395869891,0.023515635054804324,0.1792111182206911,-0.14877438694445638,0.15271367323836468,-0.04577588200903747,0.024422246624437805,0.045103722981425766,0.19380503510709646,0.24629380232327777,0.0831701357778516,0.14427772973286357,-0.3623526923642491,-0.08141868393620681,0.10603918040260607,-0.16427210282974136,-0.15989166023140786,0.3498655546741659,-0.4726213405359719,-0.09141616563583986
2.649139579448847,-2.724008030974882,1.7440082394564187,0.4726753381341953,1.2576140636533437,-0.32269123901869057,0.9455838207692346,1.5983666308873266,0.2938172403672013,1.3363102645763594,2.9953307572138756,0.5536203436655124,-1.905551458348001,1.989239746479829,1.414561368766745,0.795525085107148,-1.9427118855621617,-0.03534297734949729,2.190219359086149,-3.152443392223519,-0.30665930648659473,-1.4111665116064436,1.340434954339654,0.034171126516510525,-0.49743885120724457,1.5307266137330273,0.7707114506965398,-1.5513228942352344,0.9224682459565887,-0.6340146505433509,0.35564252991701373,0.06496495479599891,0.45400136787291917,1.577874712707509,0.24689192096017412,0.9122350224396626,-2.2312371299569715,-0.14766307516446633,1.0035170813870513,-0.614040931273709,-0.434474582316685,1.3735341949733055,-2.012648218070494,-0.4431786791715848
27.824791602809125,-25.227529138050564,11.863764206478674,15.35289178823921,13.215450403116991,-1.6771190798846352,12.51227642368911,15.885450946891554,0.588059996084654,2.9953307572138756,30.72316351478871,13.127996677204965,-14.282932303124376,21.84886056246843,23.791670956759305,5.4530666727695944,-27.07727950771845,-7.66795239999862,24.592367662926506,-29.75281810824794,-5.2838875752083485,-14.980906299268721,17.679549457296613,-3.7257277496480388,-4.871478903147124,12.20021653230651,7.556826180259033,-8.687131138692378,12.10651355737243,-4.238792914449115,8.612535342260093,6.684121818269505,8.77367775278642,16.28021206726582,-4.180319628050012,9.970436962644706,-17.017894428607946,-0.5196258095694255,6.480219189939501,-7.2621416893361355,2.982000100461237,18.260663550862038,-19.53122170717186,-2.3182041169178182
12.145075338263933,-10.761022421600142,4.915240316831332,7.434170314590755,6.192674299692783,-0.6652218116578648,6.148188438746853,6.998285645052925,0.0518828627014681,0.5536203436655124,13.127996677204965,6.959687625056819,-6.209214090998597,9.885090555578648,11.258503763083553,1.9954313783730977,-12.551566315018363,-3.950150425129683,11.03400041477117,-12.877083568485485,-3.4207774702075313,-6.7230195539456306,7.729220403731984,-1.6833613861675718,-1.9958357033471474,5.463478202295455,3.1281689371665453,-4.091484769282941,5.2486543203537455,-1.7554838654560923,4.540817814967565,3.6470549759232784,4.7447637011449135,7.061347527944964,-1.9062922257583825,4.7960367132211115,-7.1532647206222055,0.054787393375877354,2.574869146480627,-2.831549394464358,2.1486234008393534,8.534590576509116,-8.488973996266589,-0.4265965978455217
-12.888758684963399,12.00373663232396,-5.946095165836228,-6.748596064660043,-6.3864339512714485,0.9667432538478398,-5.9567173268965865,-7.523172432192015,-0.41806563980984457,-1.905551458348001,-14.282932303124376,-6.209214090998597,7.306191926653195,-10.224275808942616,-10.857771056843104,-2.3643637992035136,12.520009970255376,3.373502027050121,-11.534285502956966,14.095396583453393,2.9830399091102198,7.108914895966322,-8.001851125353442,1.369295180976559,2.244207035758585,-6.0771493715557625,-3.4421885699627865,4.928615052430767,-5.45365053512543,2.248758465528624,-4.090021423695183,-3.0641131110945405,-4.434637690244883,-7.462437065542786,1.2724539008458748,-4.862574449220631,8.316576970936277,0.22308237877175047,-3.1922862770528733,3.0653254346317484,-1.202645701037023,-8.612853443369046,9.301565615254383,0.8634332268744563
20.199027736055562,-18.146165635581262,8.326601195448584,11.389303868178333,9.890312882864626,-1.2025640401538626,9.30456822227328,11.112906557681573,0.4221130589104891,1.989239746479829,21.84886056246843,9.885090555578648,-10.224275808942616,16.60495371490428,17.400065409733855,3.9993454359306804,-19.686172450182003,-5.3276120232115876,17.84126466140491,-21.341027154064367,-4.299933839231331,-10.383432279351863,12.560312684797093,-3.0012729939540375,-3.533322594498368,8.864522533932892,5.617906901649043,-6.231285929127821,8.45907576624316,-2.7428690350951865,6.298830047202846,5.006965989122114,6.264086355616099,11.939004043140198,-3.1347336741941487,7.425194738111208,-12.047932990798047,-0.10627262220946769,4.6197674260061765,-5.020501762995373,2.6241085641493713,13.465852042129399,-14.152581810786778,-1.464725979196657
21.81399270119003,-19.502496752357924,8.772835162286555,12.985238544904073,10.604446639168557,-1.2155643007058825,10.330000575509533,12.384253794458905,0.16037842337678762,1.414561368766745,23.791670956759305,11.258503763083553,-10.857771056843104,17.400065409733855,19.58283850060696,4.016576857772728,-21.926033104166347,-6.641571633176504,19.50682065832631,-23.083384527858044,-4.870638414969355,-11.74811590588263,14.001103831184963,-3.1665019644746306,-3.755066519596928,9.522897551605247,5.847974593019798,-6.51340484656466,9.600728569900923,-3.159603603691465,7.348342864310935,5.888517606153511,7.473051648269904,12.768897408467636,-3.6624147684796333,8.032066934773288,-12.86113872865949,-0.16499577278922622,4.757828419668806,-5.5224197713373435,3.2035548555727233,14.801289312627727,-15.161107922326403,-1.3698609381990257
5.13685626162833,-4.444601011928829,2.2514466398851485,2.495949782606044,2.26631226083852,-0.21021804143273196,2.34505054643825,2.9119403288619305,-0.08126674031043075,0.795525085107148,5.4530666727695944,1.9954313783730977,-2.3643637992035136,3.9993454359306804,4.016576857772728,1.7697599975582234,-4.60881388530645,-1.014309223984948,4.351587904754275,-5.485107017075026,-0.7059958158719769,-2.558657410954871,3.00156151722205,-0.6717046361199157,-0.985622276962494,2.475914086610081,1.4708886054021562,-1.5046502817189311,2.0289537545451877,-0.6927448381144378,1.155674447301444,0.7878826518881208,0.8126616483287433,3.317828917876107,-0.8660555880364893,1.6023400577873659,-3.3349393960781617,-0.023531719218740716,1.3850616353799834,-1.2603043835018468,0.3975346412991913,2.889992492492364,-3.24365802662439,-0.735762599980334
-24.800979657793345,22.257934802335033,-10.26160972264664,-14.469754668322839,-12.007933195016689,1.4326973749246041,-11.629587230648985,-14.050392318192422,-0.23558175802748835,-1.9427118855621617,-27.07727950771845,-12.551566315018363,12.520009970255376,-19.686172450182003,-21.926033104166347,-4.60881388530645,24.806849865726136,7.343530537504422,-22.115954168273227,26.31755735097023,5.393563048607034,13.404067781991275,-15.861133312520854,3.470885824596688,4.231870956601628,-10.909089296024424,-6.622464455598204,7.687269623925895,-10.793587597414435,3.6790280946460476,-8.189428059800305,-6.534044487431659,-8.42835944771913,-14.404211878692267,3.9318114509370443,-9.15284502893967,14.75120652065794,0.28387484722545386,-5.5177363444704906,6.197932481875223,-3.331561077388446,-16.595263902241943,17.283337657673194,1.6515260189123957
-7.072971752879351,6.174342333159741,-2.676571175839523,-4.548316880141797,-3.44539996510428,0.2763228621545583,-3.509559922583936,-4.143386560121681,0.12161802985182013,-0.03534297734949729,-7.66795239999862,-3.950150425129683,3.373502027050121,-5.3276120232115876,-6.641571633176504,-1.014309223984948,7.343530537504422,2.6834825868609338,-6.3350596989879415,7.368595924187847,1.7807718235660868,4.093532678121827,-4.739038243765846,1.0114963314796916,1.1446074404289706,-3.0157838658521605,-1.7136811722100225,2.0930750891326073,-3.2761123497863016,1.0909246441291567,-2.7217179983623216,-2.1545095786066546,-2.788895282777832,-3.8942898950789258,1.311910705273752,-2.654227415755908,3.8996483804685496,0.05124806187708121,-1.3991861065085807,1.8491969342366203,-1.2764948171193131,-4.886660192151423,4.8423876638236045,0.2485127386224306
22.47321271264229,-20.30711327870839,9.504558206349726,12.657405223736985,10.857226731248392,-1.3792514945857544,10.428571678895695,12.806681436199025,0.3492559401712786,2.190219359086149,24.592367662926506,11.03400041477117,-11.534285502956966,17.84126466140491,19.50682065832631,4.351587904754275,-22.115954168273227,-6.3350596989879415,20.009669192121052,-23.996140646321127,-4.809278323226409,-12.136376042954144,14.170391107923018,-2.9950900018457483,-3.898825391853835,10.033154897559777,6.051081828298765,-7.1903224288365175,9.679630107418332,-3.3925227922054493,7.214926872441465,5.595668757549516,7.402688451556803,13.171747019163691,-3.3140107117799187,8.233787667031782,-13.639389175927866,-0.27325430910079695,5.188256431287496,-5.640890968431012,2.760067450792115,14.896915934831487,-15.736754665572539,-1.598435903376412
-27.16292490084387,24.609008336149795,-11.767878208932098,-14.758755847466707,-13.055636401088805,1.6512457237457288,-12.476382763213715,-15.585754371715666,-0.46234902917349235,-3.152443392223519,-29.75281810824794,-12.877083568485485,14.095396583453393,-21.341027154064367,-23.083384527858044,-5.485107017075026,26.31755735097023,7.368595924187847,-23.996140646321127,29.143223085177883,5.589881148628897,14.6937344699135,-17.002554292877342,3.430765549831921,4.7393507294705355,-12.308312741707525,-7.301754180659862,8.98810926913116,-11.646730844450076,4.230193199234161,-8.450021913366273,-6.412647717538508,-8.583933303194884,-15.903037608377367,3.7727313506419913,-9.850908293999474,16.78909900651078,0.3842058127721002,-6.473659286786984,6.868910386935872,-2.938604051420333,-17.716170400946528,18.993119935960564,2.1260439674430063
-5.114383067558379,4.569597837940644,-2.3138973002271874,-3.1241685209050174,-2.9838117310578696,0.32325431967318213,-3.1828052797668325,-3.155900939279109,0.07895845359914085,-0.30665930648659473,-5.2838875752083485,-3.4207774702075313,2.9830399091102198,-4.299933839231331,-4.870638414969355,-0.7059958158719769,5.393563048607034,1.7807718235660868,-4.809278323226409,5.589881148628897,2.5210538852387714,3.0972372872651532,-2.975338621173088,0.4301790156577993,0.8377887972552255,-2.8833889819651635,-1.1297883025167006,2.60713845576936,-2.002848862318923,0.922654905664527,-2.33156079032282,-1.6188855129888813,-2.429385907591,-2.865057771085376,0.25700213312271275,-2.358965663323887,3.1850597825227838,-0.22162944982419477,-1.2105163661473815,0.8065524319999028,-1.2249715341282847,-3.7734417375693496,3.6623135453715703,-0.2806490408054909
-13.661754349106367,12.286373429109391,-6.042009061227856,-7.517257291245954,-6.571553897935816,0.7510082858929142,-6.512535673370415,-8.104318129197546,-0.1195633655445753,-1.4111665116064436,-14.980906299268721,-6.7230195539456306,7.108914895966322,-10.383432279351863,-11.74811590588263,-2.558657410954871,13.404067781991275,4.093532678121827,-12.136376042954144,14.6937344699135,3.0972372872651532,7.841200253800821,-8.619579248199186,1.5413761684781526,2.3064193892095832,-6.303936285730393,-3.4567454835157845,4.8589474918076725,-5.8990759252628076,2.268899606857633,-4.566424733938114,-3.357629857681435,-4.70949506053559,-7.795289421225265,1.810107793943267,-5.0818835858148095,8.42196088356445,0.2204015198943824,-3.2463872704002115,3.4242952873966734,-1.5645576114693631,-8.867607424404756,9.536740830196745,0.9003481272195771
16.12968172297019,-14.464987037329513,6.577720486979064,9.287384888207194,7.618446910625179,-0.8714930196785189,7.220490126037108,9.056613498579127,0.18997872258265694,1.340434954339654,17.679549457296613,7.729220403731984,-8.001851125353442,12.560312684797093,14.001103831184963,3.00156151722205,-15.861133312520854,-4.739038243765846,14.170391107923018,-17.002554292877342,-2.975338621173088,-8.619579248199186,10.474533250708161,-2.3353799482125837,-2.7631677106967407,6.829244513829392,4.335107656917147,-4.664265612882731,7.138813350574203,-2.3897412520341423,5.0818052165137555,4.076588526535549,5.150350313901229,9.24239766356042,-2.7091246147174304,5.724125983683345,-9.452680298463923,-0.2991506215268062,3.552830451161327,-4.264675499519814,1.9301295061191548,10.636441014622383,-11.188944673792967,-1.2844073271129703
-3.5072846916561597,2.972771229067803,-1.0539605301784514,-2.3282443955228134,-1.6438137037356282,0.08491275587521406,-1.498992987676764,-1.6703520620070662,-0.017657827354939523,0.034171126516510525,-3.7257277496480388,-1.6833613861675718,1.369295180976559,-3.0012729939540375,-3.1665019644746306,-0.6717046361199157,3.470885824596688,1.0114963314796916,-2.9950900018457483,3.430765549831921,0.4301790156577993,1.5413761684781526,-2.3353799482125837,0.8905971179838863,0.6374888823968963,-1.1854286783324117,-1.0757402122362374,0.4604427952652048,-1.5343122042764705,0.24673809312506623,-1.0417696149893896,-0.9663601638070449,-0.8204806845269427,-2.0587399704462346,0.9965399872488464,-1.1738198317066675,1.7089432683802017,0.01906363805103728,-0.6286979126254079,1.0650739980681814,-0.6214012518459875,-2.3746812945666353,2.381986593914729,0.34650661547783984
-4.408095041521836,4.011200925890646,-1.8680026054612187,-2.458580821710889,-2.073063209094483,0.2512629475168922,-2.047212035248433,-2.522526355867122,-0.06752616395869891,-0.49743885120724457,-4.871478903147124,-1.9958357033471474,2.244207035758585,-3.533322594498368,-3.755066519596928,-0.985622276962494,4.231870956601628,1.1446074404289706,-3.898825391853835,4.7393507294705355,0.8377887972552255,2.3064193892095832,-2.7631677106967407,0.6374888823968963,0.8575113696176472,-2.0165123536358216,-1.246819408176688,1.32469560150076,-1.8909891237135503,0.6736952275295646,-1.2849499140425893,-0.961470014032046,-1.1708356723468683,-2.666962669880649,0.6751001055222735,-1.527447537703955,2.752558511410864,0.054313894539259916,-1.0816734865107993,1.1380950296558827,-0.49742218077641753,-2.882117040235432,3.0893631126379777,0.400470784255887
11.307091504233831,-10.245251882753095,5.203501833532786,6.010727027838176,5.568505557972252,-0.6717158491496218,5.646897688532036,6.683516993211306,0.023515635054804324,1.5307266137330273,12.20021653230651,5.463478202295455,-6.0771493715557625,8.864522533932892,9.522897551605247,2.475914086610081,-10.909089296024424,-3.0157838658521605,10.033154897559777,-12.308312741707525,-2.8833889819651635,-6.303936285730393,6.829244513829392,-1.1854286783324117,-2.0165123536358216,5.703348191241799,2.9365242729471537,-4.395899567831894,4.650518723475348,-1.941387957294437,3.588565168405562,2.5510467032936806,3.5443892652615565,6.634481860607794,-1.202126431011014,4.2467229296524724,-7.270197997024445,-0.033104746781040646,2.9053835138668056,-2.5467727746193365,1.2952525705451279,7.2520916971641904,-7.848300009477708,-0.7208285592260877
6.909288179272991,-6.264093983020565,2.7828379132804852,3.792749741009186,3.2916992941067393,-0.43030726821619836,2.9888761417203007,3.7509345406588768,0.1792111182206911,0.7707114506965398,7.556826180259033,3.1281689371665453,-3.4421885699627865,5.617906901649043,5.847974593019798,1.4708886054021562,-6.622464455598204,-1.7136811722100225,6.051081828298765,-7.301754180659862,-1.1297883025167006,-3.4567454835157845,4.335107656917147,-1.0757402122362374,-1.246819408176688,2.9365242729471537,2.024007755330881,-1.9123150276125465,2.979711450891475,-0.9371414529023756,1.9729826513683404,1.5902322676823346,1.9167232032117942,4.160396013686459,-1.1652048728526891,2.3964655126186707,-4.179730882609198,-0.10817008770239797,1.5978762504685973,-1.8736107176654764,0.7121439788466597,4.543975917312666,-4.845133666784262,-0.6683616900047323
-8.059948198421301,7.4080045596306014,-4.209416273325457,-3.801233446618613,-4.271321475475414,0.521195667358956,-4.2347321674039895,-4.989747670293368,-0.14877438694445638,-1.5513228942352344,-8.687131138692378,-4.091484769282941,4.928615052430767,-6.231285929127821,-6.51340484656466,-1.5046502817189311,7.687269623925895,2.0930750891326073,-7.1903224288365175,8.98810926913116,2.60713845576936,4.8589474918076725,-4.664265612882731,0.4604427952652048,1.32469560150076,-4.395899567831894,-1.9123150276125465,4.282380323095596,-3.0636691484461482,1.6235675119658288,-2.8101190893371757,-1.8263568486043598,-2.9570371224912075,-4.465355786188922,0.2252703004452462,-3.36174683100851,5.543811943630565,0.05360021377040449,-2.2432067418343182,1.5994685301636948,-0.6791675774828098,-5.188429926172095,5.819926567977397,0.2970439406477189
10.983103840158668,-9.937397715171672,4.383286617537518,6.240032385356302,5.208523275295586,-0.6530396894271538,4.835963661064434,6.239404514932078,0.15271367323836468,0.9224682459565887,12.10651355737243,5.2486543203537455,-5.45365053512543,8.45907576624316,9.600728569900923,2.0289537545451877,-10.793587597414435,-3.2761123497863016,9.679630107418332,-11.646730844450076,-2.002848862318923,-5.8990759252628076,7.138813350574203,-1.5343122042764705,-1.8909891237135503,4.650518723475348,2.979711450891475,-3.0636691484461482,5.0618574448701175,-1.667341992772049,3.5045163067863068,2.758586938639765,3.6154885630126876,6.3803245024884045,-1.843233602582248,3.8398685622977,-6.523544100404697,-0.20410083654263356,2.413987239191298,-3.0698355659003096,1.285452836198397,7.3332454176709705,-7.653232157554267,-0.8792855016471983
-3.7619634307529415,3.580507293273793,-1.8691049124850638,-1.9374520871711982,-1.8239761259639409,0.2947884107951695,-1.8118937597143543,-2.3594524637632808,-0.04577588200903747,-0.6340146505433509,-4.238792914449115,-1.7554838654560923,2.248758465528624,-2.7428690350951865,-3.159603603691465,-0.6927448381144378,3.6790280946460476,1.0909246441291567,-3.3925227922054493,4.230193199234161,0.922654905664527,2.268899606857633,-2.3897412520341423,0.24673809312506623,0.6736952275295646,-1.941387957294437,-0.9371414529023756,1.6235675119658288,-1.667341992772049,0.8447061384248292,-1.2162952852411761,-0.8422554602639785,-1.348169488194865,-2.109796295501639,0.23006176946363616,-1.3945304894977266,2.563326998830673,0.1123677039546274,-0.9955436083098554,0.8635574503303257,-0.2600679680069077,-2.4598792076122247,2.7085609295241193,0.2348460982403893
7.969370204483608,-7.069195050284512,3.2230771760530392,4.8165120147115035,4.112291873660911,-0.42169676183774507,4.03368040856667,4.656063411612279,0.024422246624437805,0.35564252991701373,8.612535342260093,4.540817814967565,-4.090021423695183,6.298830047202846,7.348342864310935,1.155674447301444,-8.189428059800305,-2.7217179983623216,7.214926872441465,-8.450021913366273,-2.33156079032282,-4.566424733938114,5.0818052165137555,-1.0417696149893896,-1.2849499140425893,3.588565168405562,1.9729826513683404,-2.8101190893371757,3.5045163067863068,-1.2162952852411761,3.1190996208993114,2.3743271596696016,3.242715212853672,4.476977821767408,-1.1556645080514536,3.1771621264484113,-4.655137514717113,-0.004296315661364915,1.6926717726241618,-1.9708198459853326,1.3699683937879699,5.5863217642618865,-5.626573079069095,-0.20733730900732553
6.118540482385387,-5.434061117652794,2.3479560405836484,4.0158582536190295,3.1022623697640395,-0.3398216836945619,3.0194619161162524,3.446069368341344,0.045103722981425766,0.06496495479599891,6.684121818269505,3.6470549759232784,-3.0641131110945405,5.006965989122114,5.888517606153511,0.7878826518881208,-6.534044487431659,-2.1545095786066546,5.595668757549516,-6.412647717538508,-1.6188855129888813,-3.357629857681435,4.076588526535549,-0.9663601638070449,-0.961470014032046,2.5510467032936806,1.5902322676823346,-1.8263568486043598,2.758586938639765,-0.8422554602639785,2.3743271596696016,2.07328664297855,2.5989885657709033,3.479711923526937,-1.1314412147407726,2.4464682438367404,-3.427394632633107,-0.007196586376129407,1.1606786521180312,-1.4803816696034318,1.1753251753079828,4.447985986258183,-4.315233355921376,-0.18427063471746294
7.912051838887754,-7.322569409548947,3.3885958259608833,4.781693408517453,4.106187780811295,-0.6735358061533752,3.866746444509338,4.703287556466833,0.19380503510709646,0.45400136787291917,8.77367775278642,4.7447637011449135,-4.434637690244883,6.264086355616099,7.473051648269904,0.8126616483287433,-8.42835944771913,-2.788895282777832,7.402688451556803,-8.583933303194884,-2.429385907591,-4.70949506053559,5.150350313901229,-0.8204806845269427,-1.1708356723468683,3.5443892652615565,1.9167232032117942,-2.9570371224912075,3.6154885630126876,-1.348169488194865,3.242715212853672,2.5989885657709033,3.9634601641063805,4.419146786454917,-0.9059449748093744,3.315464178429092,-4.717851101638047,-0.056965582803593345,1.6337099897097782,-1.845041031872273,1.3140359293171289,5.77088825189295,-5.781158893396149,-0.060502496346838415
14.874476117536728,-13.375606387914935,6.21195065940313,8.166328272849297,7.067938206063046,-0.8922136797901431,6.79846457004012,8.452199648469,0.24629380232327777,1.577874712707509,16.28021206726582,7.061347527944964,-7.462437065542786,11.939004043140198,12.768897408467636,3.317828917876107,-14.404211878692267,-3.8942898950789258,13.171747019163691,-15.903037608377367,-2.865057771085376,-7.795289421225265,9.24239766356042,-2.0587399704462346,-2.666962669880649,6.634481860607794,4.160396013686459,-4.465355786188922,6.3803245024884045,-2.109796295501639,4.476977821767408,3.479711923526937,4.419146786454917,9.087006771307797,-2.3895627614220776,5.274271061546085,-9.198820720805093,-0.1209969005194544,3.5223325577438587,-3.822200085499161,1.7424091566514583,9.728767933209964,-10.27885701224905,-1.312904146378342
-3.924071799934004,3.1673520545373837,-1.055166212308936,-2.6981764532132617,-1.672411775664177,-0.0034247100802242136,-1.6470912915098923,-1.9766063639537665,0.0831701357778516,0.24689192096017412,-4.180319628050012,-1.9062922257583825,1.2724539008458748,-3.1347336741941487,-3.6624147684796333,-0.8660555880364893,3.9318114509370443,1.311910705273752,-3.3140107117799187,3.7727313506419913,0.25700213312271275,1.810107793943267,-2.7091246147174304,0.9965399872488464,0.6751001055222735,-1.202126431011014,-1.1652048728526891,0.2252703004452462,-1.843233602582248,0.23006176946363616,-1.1556645080514536,-1.1314412147407726,-0.9059449748093744,-2.3895627614220776,1.407626296313621,-1.200041224599616,1.842326273114314,0.01919789541685335,-0.6407111493893051,1.2930574708922913,-0.7462122660821907,-2.564974391228303,2.473957660203895,0.48120043526185874
9.232737419419756,-8.296722828712129,4.007901236659096,5.192260068600138,4.64745531585476,-0.5423127952447044,4.488485147617023,5.265330313415344,0.14427772973286357,0.9122350224396626,9.970436962644706,4.7960367132211115,-4.862574449220631,7.425194738111208,8.032066934773288,1.6023400577873659,-9.15284502893967,-2.654227415755908,8.233787667031782,-9.850908293999474,-2.358965663323887,-5.0818835858148095,5.724125983683345,-1.1738198317066675,-1.527447537703955,4.2467229296524724,2.3964655126186707,-3.36174683100851,3.8398685622977,-1.3945304894977266,3.1771621264484113,2.4464682438367404,3.315464178429092,5.274271061546085,-1.200041224599616,3.622401820158544,-5.578019896333533,-0.038082429535009434,2.1439151932120875,-2.1880165970365364,1.246543754226791,6.1837542871062965,-6.533577170450394,-0.4662362320698897
-15.35420072268794,14.080151624796203,-7.007915590779637,-7.927836630130983,-7.4135943603915715,1.0031502529739258,-7.122100565223068,-9.056792662982161,-0.3623526923642491,-2.2312371299569715,-17.017894428607946,-7.1532647206222055,8.316576970936277,-12.047932990798047,-12.86113872865949,-3.3349393960781617,14.75120652065794,3.8996483804685496,-13.639389175927866,16.78909900651078,3.1850597825227838,8.42196088356445,-9.452680298463923,1.7089432683802017,2.752558511410864,-7.270197997024445,-4.179730882609198,5.543811943630565,-6.523544100404697,2.563326998830673,-4.655137514717113,-3.427394632633107,-4.717851101638047,-9.198820720805093,1.842326273114314,-5.578019896333533,10.072248621424766,0.2582097139462326,-3.8852694685458573,3.8227386862640325,-1.3544152737284285,-9.967542931589698,10.833509882198221,1.3329582211160032
-0.3248678178297424,0.39064190472061794,-0.21674735949077156,-0.08083243190073068,-0.0643743569383948,0.05959392307177471,0.051565327500846726,-0.18777567788107172,-0.08141868393620681,-0.14766307516446633,-0.5196258095694255,0.054787393375877354,0.22308237877175047,-0.10627262220946769,-0.16499577278922622,-0.023531719218740716,0.28387484722545386,0.05124806187708121,-0.27325430910079695,0.3842058127721002,-0.22162944982419477,0.2204015198943824,-0.2991506215268062,0.01906363805103728,0.054313894539259916,-0.033104746781040646,-0.10817008770239797,0.05360021377040449,-0.20410083654263356,0.1123677039546274,-0.004296315661364915,-0.007196586376129407,-0.056965582803593345,-0.1209969005194544,0.01919789541685335,-0.038082429535009434,0.2582097139462326,0.15397552484902813,-0.08244112409307944,0.18887145048053394,0.2086019840633341,-0.14242077330844688,0.29826910654528027,0.14693257958517975
5.942927166353213,-5.421519038433547,2.7859991890064233,2.9279968638842675,2.834141718676782,-0.3570840455386321,2.7709862364693647,3.4808166313693687,0.10603918040260607,1.0035170813870513,6.480219189939501,2.574869146480627,-3.1922862770528733,4.6197674260061765,4.757828419668806,1.3850616353799834,-5.5177363444704906,-1.3991861065085807,5.188256431287496,-6.473659286786984,-1.2105163661473815,-3.2463872704002115,3.552830451161327,-0.6286979126254079,-1.0816734865107993,2.9053835138668056,1.5978762504685973,-2.2432067418343182,2.413987239191298,-0.9955436083098554,1.6926717726241618,1.1606786521180312,1.6337099897097782,3.5223325577438587,-0.6407111493893051,2.1439151932120875,-3.8852694685458573,-0.08244112409307944,1.594491693479167,-1.4534297841645607,0.45219577583870496,3.676503751815652,-4.156630995101639,-0.5351649659197728
-6.624704470408319,5.897239508586548,-2.4625988900390334,-3.5307172405684684,-3.0976606053380227,0.3062486477342596,-2.653384769236102,-3.626387248877722,-0.16427210282974136,-0.614040931273709,-7.2621416893361355,-2.831549394464358,3.0653254346317484,-5.020501762995373,-5.5224197713373435,-1.2603043835018468,6.197932481875223,1.8491969342366203,-5.640890968431012,6.868910386935872,0.8065524319999028,3.4242952873966734,-4.264675499519814,1.0650739980681814,1.1380950296558827,-2.5467727746193365,-1.8736107176654764,1.5994685301636948,-3.0698355659003096,0.8635574503303257,-1.9708198459853326,-1.4803816696034318,-1.845041031872273,-3.822200085499161,1.2930574708922913,-2.1880165970365364,3.8227386862640325,0.18887145048053394,-1.4534297841645607,2.183642901274419,-0.5710497832941647,-4.275432932591025,4.626168110319739,0.7041054741950333
2.944875036502513,-2.4030625607409686,0.8683555441145969,2.3928616799769515,1.5655780788709253,-0.0649978333168509,1.8047655505833313,1.632684242839656,-0.15989166023140786,-0.434474582316685,2.982000100461237,2.1486234008393534,-1.202645701037023,2.6241085641493713,3.2035548555727233,0.3975346412991913,-3.331561077388446,-1.2764948171193131,2.760067450792115,-2.938604051420333,-1.2249715341282847,-1.5645576114693631,1.9301295061191548,-0.6214012518459875,-0.49742218077641753,1.2952525705451279,0.7121439788466597,-0.6791675774828098,1.285452836198397,-0.2600679680069077,1.3699683937879699,1.1753251753079828,1.3140359293171289,1.7424091566514583,-0.7462122660821907,1.246543754226791,-1.3544152737284285,0.2086019840633341,0.45219577583870496,-0.5710497832941647,1.1255906567869314,2.286017482131283,-1.928432320586191,0.13422070406202344
16.676963779953976,-15.11019796493381,6.7566499268538545,9.659071430814727,8.264292634941214,-1.0348399925707215,7.73448041578371,9.41242846085496,0.3498655546741659,1.3735341949733055,18.260663550862038,8.534590576509116,-8.612853443369046,13.465852042129399,14.801289312627727,2.889992492492364,-16.595263902241943,-4.886660192151423,14.896915934831487,-17.716170400946528,-3.7734417375693496,-8.867607424404756,10.636441014622383,-2.3746812945666353,-2.882117040235432,7.2520916971641904,4.543975917312666,-5.188429926172095,7.3332454176709705,-2.4598792076122247,5.5863217642618865,4.447985986258183,5.77088825189295,9.728767933209964,-2.564974391228303,6.1837542871062965,-9.967542931589698,-0.14242077330844688,3.676503751815652,-4.275432932591025,2.286017482131283,11.507726036020287,-11.818450659917039,-1.0144733713517438
-17.796397503316726,16.223689315914637,-7.584962635712066,-9.75749186217944,-8.669177291672653,1.1224943408787216,-8.048015799716923,-10.044097205423613,-0.4726213405359719,-2.012648218070494,-19.53122170717186,-8.488973996266589,9.301565615254383,-14.152581810786778,-15.161107922326403,-3.24365802662439,17.283337657673194,4.8423876638236045,-15.736754665572539,18.993119935960564,3.6623135453715703,9.536740830196745,-11.188944673792967,2.381986593914729,3.0893631126379777,-7.848300009477708,-4.845133666784262,5.819926567977397,-7.653232157554267,2.7085609295241193,-5.626573079069095,-4.315233355921376,-5.781158893396149,-10.27885701224905,2.473957660203895,-6.533577170450394,10.833509882198221,0.29826910654528027,-4.156630995101639,4.626168110319739,-1.928432320586191,-11.818450659917039,12.684519488861016,1.3009828404702068
-2.0039392329253727,1.7893404477482433,-0.8754434979970306,-0.8223229682834574,-0.7142925843979406,0.08092379376025073,-0.5795789597538513,-1.069443930372589,-0.09141616563583986,-0.4431786791715848,-2.3182041169178182,-0.4265965978455217,0.8634332268744563,-1.464725979196657,-1.3698609381990257,-0.735762599980334,1.6515260189123957,0.2485127386224306,-1.598435903376412,2.1260439674430063,-0.2806490408054909,0.9003481272195771,-1.2844073271129703,0.34650661547783984,0.400470784255887,-0.7208285592260877,-0.6683616900047323,0.2970439406477189,-0.8792855016471983,0.2348460982403893,-0.20733730900732553,-0.18427063471746294,-0.060502496346838415,-1.312904146378342,0.48120043526185874,-0.4662362320698897,1.3329582211160032,0.14693257958517975,-0.5351649659197728,0.7041054741950333,0.13422070406202344,-1.0144733713517438,1.3009828404702068,0.5566678632457124
