V1,V2,V3,V4,V5,V6,V7,V8,V9,V10,V11,V12,V13,V14,V15,V16,V17,V18,V19,V20,V21,V22,V23,V24,V25,V26,V27,V28,V29,V30,V31,V32,V33,V34,V35,V36,V37,V38,V39,V40,V41,V42,V43,V44
33.50778969798544,-30.253648551178696,14.264945004281687,18.509058454111585,16.080766571123657,-1.9481572475755569,15.28061310836695,19.01479463860818,0.5328776119289176,3.6469954717660245,36.66037785128053,15.980005572981124,-17.281213556771206,26.357708856773282,28.610585256768342,6.5712398166778225,-32.51713306939799,-9.244262602744598,29.485834788670036,-35.70890045279315,-6.688271321250823,-17.90259015141609,21.272050543055087,-4.4662641500774924,-5.80508055517808,14.84836844022589,9.026405705360403,-10.750959683891677,14.471694683660406,-5.135515577809305,10.391197235678924,8.146699055657038,10.569794275615537,19.463812515020017,-4.925943201124533,12.111653374126416,-20.345402149510367,-0.4567218038843608,7.771178003058048,-8.510014926846443,3.7679653082135895,22.029729854244245,-23.356862698823946,-2.649106722254794
-30.253648551178696,27.64974364178674,-13.100121233307567,-16.891472526691878,-14.234231084658823,1.7808671727715648,-13.919157178330517,-17.276111159419592,-0.5378153657309457,-3.550408086540823,-33.07496684321685,-14.325269059587617,15.574252643673237,-23.93784145456809,-25.898739953447226,-5.718995938266712,29.400337641363155,8.272177950859938,-26.586426504417744,32.38285188877894,5.858819764575276,16.11125037700093,-19.186663897446007,3.9731607119325,5.2510443897796355,-13.729935873136641,-8.194537944524884,9.374181685515062,-13.331372636107945,4.645792840967146,-9.100737626950355,-7.55343438251446,-9.86106259838478,-17.76643716554083,4.671209197151154,-11.147389499081381,18.34937799261039,0.077053667778291493,-7.1919224148326775,7.657864813703982,-3.6633048921453386,-19.873465794643693,21.192075079385503,2.3072484786176135
14.264945004281687,-13.100121233307567,6.421375451201427,8.01492220516986,6.6118203275120715,-0.8061810458118842,6.73293683720132,8.094154802400398,0.21606745389397192,1.8969007520497243,15.576815328799418,6.744928515218085,-7.449548123189075,11.376524637004525,12.167348279340402,2.612050761233221,-13.787041151112376,-3.7510808555561663,12.48022882899989,-15.283503359769044,-2.7142317052672316,-7.456397489927882,9.199218434069246,-1.9329585117329326,-2.477313649438265,6.528915010223723,3.8116872057037265,-4.420445043826543,6.342414242958099,-2.176789864083507,4.126435497241397,3.692530535439202,4.742635764426167,8.387826764765967,-2.230470729148331,5.4716136925666605,-8.515983242944047,0.15808156256756656,3.443603769533899,-3.5120280257966097,1.8647260318759558,9.367530675071801,-10.012971995348519,-1.1164271134741188
18.509058454111585,-16.891472526691878,8.01492220516986,10.749118081020926,8.825454854102233,-1.1000167836475117,8.896991730061728,10.62308430301053,0.24101619128178092,1.8506134193598005,20.204012485706834,9.240823394133027,-9.562072283209291,14.74495857109699,16.249544174770712,3.228507908848738,-18.336403009042023,-5.34650765683586,16.505069519073732,-19.79181876915546,-4.0995334368557055,-10.057888376799411,11.79399934452093,-2.4621952653768995,-3.1995045567766445,8.459888227938862,4.898380483789925,-5.893925259194463,8.123973633198137,-2.8423318511981592,5.9469402759296495,4.909825518647572,6.529737197420508,10.80829152733204,-2.8182699289429625,7.096525257008797,-11.039064103307618,0.036680553328763105,4.337036793528601,-4.546947527186633,2.614452384136353,12.365216730661022,-13.070182202325814,-1.125223877049546
16.080766571123657,-14.234231084658823,6.6118203275120715,8.825454854102233,8.160513259244784,-0.9614233387121753,7.377602003661466,9.143956518663977,0.2004644954493047,1.3399421437589585,17.59471306747207,8.09883066426529,-8.389392224603139,12.563869143835232,13.89533004062589,3.2317590675124133,-15.812616469256774,-4.713402267374083,14.319682480778612,-17.085821241642616,-3.7996054948177718,-8.834824102517931,10.134463116989552,-2.095445395731542,-2.7485421408763755,7.005948720441489,4.246447134018396,-5.700278015267731,6.709207875507296,-2.5178802908547846,5.542131510456154,3.8618784361693534,5.088887926204027,9.119994557194845,-2.017094403079451,5.6952149854378895,-9.89816029575815,-0.5197614743056315,3.5294495643909087,-4.026087721787654,1.7209953677153549,10.746553028148705,-11.165249308373559,-1.1372507542630992
-1.9481572475755569,1.7808671727715648,-0.8061810458118842,-1.1000167836475117,-0.9614233387121753,0.23105286213981843,-0.9508230808309688,-1.0710505825482475,0.017194832625966494,-0.1230184903214467,-2.192088569371105,-0.9181928765221085,0.9764371630051748,-1.5211241308740664,-1.7374328725839514,-0.529006443725539,1.9507917880095422,0.5041297777410826,-1.9162033436052792,2.1027891497210986,0.5020347390114115,1.1312704016803974,-1.1891146268264225,0.280032751606687,0.4082482236458053,-0.8692854553552745,-0.5518381964047268,0.628240906545324,-0.7865939173376058,0.3019628755315214,-0.6893913004901874,-0.32943375111143414,-0.5851948265146578,-1.2295608323751972,0.15405308033857507,-0.6789514058261404,1.2231549447325925,0.12494488167694012,-0.46512796555764424,0.5243886076602791,-0.18923664839696894,-1.2287062249893268,1.408283153252808,0.1758327682915433
15.28061310836695,-13.919157178330517,6.73293683720132,8.896991730061728,7.377602003661466,-0.9508230808309688,7.620925636509502,8.712143691688665,0.06854179756983081,1.5577581717766567,16.64923427341108,7.750321485782217,-8.01003079822951,12.167746235925408,13.46590527894461,2.683334711752519,-15.112339045315176,-4.36700176346619,13.755446110001103,-16.33527006508382,-3.6606832129905986,-8.330230765610061,9.81873508023763,-2.0722775550360093,-2.675076551690511,7.027899567312673,3.966214583406786,-5.097400729673682,6.664673169272096,-2.370698967155896,5.016460927836118,4.061155038396438,5.5001244269199345,8.913601241220176,-2.131410483245676,6.0401900593328195,-9.016236210427929,0.0875107089099789,3.5898227912175913,-3.6891129561648737,2.265172294497251,10.228695151761107,-10.827757675225726,-0.8936500915543873
19.01479463860818,-17.276111159419592,8.094154802400398,10.62308430301053,9.143956518663977,-1.0710505825482475,8.712143691688665,11.058052302755472,0.41087923613193567,1.9847018462542956,20.810937619231876,9.309363399395458,-9.819724913234419,15.039020320807523,16.441790564650876,3.4939169958655283,-18.722431035487332,-5.4689032652882394,16.735921571985727,-20.409596587528593,-3.9943054692964703,-10.323796477327152,11.913236818173374,-2.3553422470810936,-3.2361182541851883,8.628680773790036,5.0883681355562995,-6.122471655955756,8.30870021699714,-2.956863707119274,6.064020171752305,4.831574296098255,6.384997428365418,11.073666026734317,-2.895520687490984,6.942265980744346,-11.703382008480162,-0.16242101048284308,4.4629556319706305,-4.7825776163386156,2.2882942979364533,12.66082058924029,-13.327260378755739,-1.256028765752892
0.5328776119289176,-0.5378153657309457,0.21606745389397192,0.24101619128178092,0.2004644954493047,0.017194832625966494,0.06854179756983081,0.41087923613193567,0.1723349405369168,0.09610994850270706,0.5935416473255384,0.20899300322176192,-0.18448123648889353,0.48968141150237277,0.40563626992586993,0.03020897399594695,-0.5668661484681816,-0.1722596335414577,0.33842631813453145,-0.6401825875687827,0.04666317133786012,-0.31054771408945814,0.18401756996170254,0.012200512114768058,-0.036206419756174286,0.3497308105311948,0.21320756633114119,-0.056142872760494136,0.28460651085917366,-0.05378141133021091,0.09961551471316278,0.18836175536630193,0.1693788545837355,0.3328911415626511,-0.23712834752442252,0.11934357396766127,-0.4913025201142234,0.00839631114644115,0.15523301899505437,-0.1661380599147229,0.025399791006437234,0.33458708259599046,-0.37610188708538356,-0.02971946014655563
3.6469954717660245,-3.550408086540823,1.8969007520497243,1.8506134193598005,1.3399421437589585,-0.1230184903214467,1.5577581717766567,1.9847018462542956,0.09610994850270706,1.0925128910070216,3.9192317544965833,1.2267967695597803,-1.9628480115873845,2.91357773743788,2.7231210549265117,0.651274737008488,-3.085199541552286,-0.5924211816022851,2.814980326572593,-3.9241072770168306,-0.02103631655734467,-1.5057307215781348,2.523008604418038,-0.5160254924727706,-0.6190915197660007,1.7513282034240436,1.0448160408155853,-0.7903684221307054,1.8620857239885478,-0.5603943928315903,0.38568591357369114,0.9734722076111172,0.9984262599535733,2.233439130196441,-0.82068215854028,1.4373514032751815,-2.086762000810627,0.3423234748436783,1.0237482142142245,-0.9114542760653894,0.42427552440341504,2.242458810056455,-2.4715533203653033,-0.5284628529690852
36.66037785128053,-33.07496684321685,15.576815328799418,20.204012485706834,17.59471306747207,-2.192088569371105,16.64923427341108,20.810937619231876,0.5935416473255384,3.9192317544965833,40.28063873902526,17.396320911746354,-18.892380752894475,28.835862197847337,31.321017782033564,7.396462961531069,-35.63055027624036,-10.032798800293891,32.393184969294445,-39.12079296580224,-7.271034328979751,-19.604876651549073,23.256182138158195,-4.925946456722292,-6.437304573686304,16.110008752095688,9.907717597737118,-11.706005127991725,15.754972272912152,-5.605745500709833,11.407673270542652,8.716060422614305,11.37039264729269,21.40075302867079,-5.329582979987443,13.1262177754669,-22.36665654982879,-0.6799094395184634,8.518445320951486,-9.376735371572675,3.951123164788195,24.065565161871373,-25.598252364589964,-3.003721805994049
15.980005572981124,-14.325269059587617,6.744928515218085,9.240823394133027,8.09883066426529,-0.9181928765221085,7.750321485782217,9.309363399395458,0.20899300322176192,1.2267967695597803,17.396320911746354,8.641418292353139,-8.440038979686852,12.703898075673223,14.2764981700895,2.6789216026347082,-16.151627675546766,-5.006688979858594,14.320131570793288,-17.093320893027748,-4.224349177063482,-8.936573304384535,10.115701204201637,-1.975437408386651,-2.6299906246796976,7.290938712431208,4.089741108624415,-5.719774413509651,6.878185095490428,-2.5312003054469048,5.735121085731237,4.441831077479435,5.942932487826366,9.066079220689321,-2.1537577283869496,6.110811597474771,-9.726115959924119,-0.1255047969020663,3.5226588629644735,-3.7802000468921535,2.300731207760083,10.992908279465611,-11.212814835549342,-0.7144125995082693
-17.281213556771206,15.574252643673237,-7.449548123189075,-9.562072283209291,-8.389392224603139,0.9764371630051748,-8.01003079822951,-9.819724913234419,-0.18448123648889353,-1.9628480115873845,-18.892380752894475,-8.440038979686852,9.2253503525145355,-13.565016995361942,-14.80598744518477,-3.3092088976812333,16.76090965947949,4.813631297588266,-15.194421188756005,18.40318510864108,3.64035859802825,9.148158008959598,-11.185979060547162,2.27471530379758,2.9823089317374105,-7.5884258477557,-4.53058704869067,5.829413520613862,-7.448368953662472,2.7591978061452815,-5.399814727095201,-4.3261295243502165,-5.590670610410478,-9.921881248432008,2.3906607634273063,-6.348172816108767,10.422544662263062,0.16384454382284086,-3.959272173933498,4.2149398589744855,-1.994473537374137,-11.555569578402112,12.00046532434098,1.2923367412758635
26.357708856773282,-23.93784145456809,11.376524637004525,14.74495857109699,12.563869143835232,-1.5211241308740664,12.167746235925408,15.039020320807523,0.48968141150237277,2.91357773743788,28.835862197847337,12.703898075673223,-13.565016995361942,20.91678516932063,22.63587944760552,4.968615511750212,-25.74112486102855,-7.29444956938773,23.199309767930398,-28.192059080225942,-5.3145230984921366,-14.113251412252515,16.698099803969956,-3.4931610380903013,-4.535123245439271,11.915494852870655,7.11170709891935,-8.363933437437389,11.498878617232764,-4.0084384629997665,8.149399822376706,6.653697069149493,8.601096041138476,15.378544004306617,-4.007065245862805,9.72095417453201,-16.01704905334798,-0.16385080887457898,6.167733601657008,-6.61211733013347,3.2149532201025988,17.380440019658703,-18.452935100706817,-1.9816453799507323
28.610585256768342,-25.898739953447226,12.167348279340402,16.249544174770712,13.89533004062589,-1.7374328725839514,13.46590527894461,16.441790564650876,0.40563626992586993,2.7231210549265117,31.321017782033564,14.2764981700895,-14.80598744518477,22.63587944760552,25.00264630559819,5.3154006987493405,-28.31141392862339,-8.281021291761958,25.525804504604984,-30.60330521635949,-6.4066349510871445,-15.623513154080703,18.10534026104725,-3.7285358769330417,-4.943000691478143,12.885780944566886,7.595633808491576,-9.359549774806165,12.402787763889565,-4.42737876745408,9.393332441315255,7.291791639828749,9.747703421701233,16.654025628572885,-4.130658307078189,10.628503212688074,-17.363519354403923,-0.296253394746859,6.602240907276065,-7.1333096326180785,3.6463740207180324,19.10431184256274,-20.102708123073903,-1.8595756316164815
6.5712398166778225,-5.718995938266712,2.612050761233221,3.228507908848738,3.2317590675124133,-0.529006443725539,2.683334711752519,3.4939169958655283,0.03020897399594695,0.651274737008488,7.396462961531069,2.6789216026347082,-3.3092088976812333,4.968615511750212,5.3154006987493405,2.000099211189176,-6.112228962461937,-1.4888844793586578,5.953622721992566,-6.915861229904891,-1.050348971554377,-3.446387569857882,4.145345185271626,-1.0307124280919706,-1.3200874864822438,2.492864721690767,1.882114961383602,-2.1043042994214876,2.5385730072756707,-0.9709542513743703,1.9732094634617103,0.8875916851742929,1.1973371043783276,3.9150323914102936,-0.6681122845039308,1.9153745813327887,-4.159189755231263,-0.6079450895197864,1.4807509035854265,-1.8873236813189118,0.12822294636966838,4.025139111732705,-4.509661479809325,-0.9494456498019666
-32.51713306939799,29.400337641363155,-13.787041151112376,-18.336403009042023,-15.812616469256774,1.9507917880095422,-15.112339045315176,-18.722431035487332,-0.5668661484681816,-3.085199541552286,-35.63055027624036,-16.151627675546766,16.76090965947949,-25.74112486102855,-28.31141392862339,-6.112228962461937,32.19088518853048,9.390458126723813,-28.931679526123528,34.80696238009787,7.173895692776162,17.77449233821569,-20.451796893838576,4.198454932914528,5.597019858558481,-14.63005938729521,-8.674421040620668,10.62520257101425,-14.041864241512927,5.005264148710134,-10.659887057604829,-8.196745375930478,-10.91253039522136,-18.900416312482655,4.717056162397762,-11.932265414831068,19.89723040482818,0.4477011757698821,-7.499928345665218,8.151033166100017,-3.9848552460963607,-21.64906225919418,22.832304671183604,2.1621146421803568
-9.244262602744598,8.272177950859938,-3.7510808555561663,-5.34650765683586,-4.713402267374083,0.5041297777410826,-4.36700176346619,-5.4689032652882394,-0.1722596335414577,-0.5924211816022851,-10.032798800293891,-5.006688979858594,4.813631297588266,-7.29444956938773,-8.281021291761958,-1.4888844793586578,9.390458126723813,3.0450875056600344,-8.245982320933797,9.87623966612232,2.4553043166756443,5.26092299286132,-5.735076471181913,1.0661852507930496,1.4916173758870088,-4.21875762538444,-2.381684851255366,3.288623791379753,-3.969227969966532,1.4822192633719014,-3.4027819222245324,-2.555440332875398,-3.4590006037335237,-5.202376760440153,1.3012054299053892,-3.4287606776777064,5.680373038733887,0.13537440250443214,-2.0283596760484057,2.2346705166217284,-1.2870432484975471,-6.383160371330818,6.4779526355473145,0.32722381929361233
29.485834788670036,-26.586426504417744,12.48022882899989,16.505069519073732,14.319682480778612,-1.9162033436052792,13.755446110001103,16.735921571985727,0.33842631813453145,2.814980326572593,32.393184969294445,14.320131570793288,-15.194421188756005,23.199309767930398,25.525804504604984,5.953622721992566,-28.931679526123528,-8.245982320933797,26.481435016990805,-31.455183474763345,-6.422869035711501,-16.074939139684304,18.62767783776617,-3.978641742368251,-5.247958280986443,13.022246852124336,7.904737772861615,-9.64778346257173,12.528054395484368,-4.524885430692386,9.588706256615176,6.981165791380904,9.45430331342985,17.252657992333237,-4.0222887285071485,10.719032421573893,-17.924422235708285,-0.6273910491494484,6.829818765583163,-7.494952623622137,3.3703539103521276,19.40508026288105,-20.723405345011116,-2.2099568775719485
-35.70890045279315,32.38285188877894,-15.283503359769044,-19.79181876915546,-17.085821241642616,2.1027891497210986,-16.33527006508382,-20.409596587528593,-0.6401825875687827,-3.9241072770168306,-39.12079296580224,-17.093320893027748,18.40318510864108,-28.192059080225942,-30.60330521635949,-6.915861229904891,34.80696238009787,9.87623966612232,-31.455183474763345,38.21816121263583,7.186706045907958,19.144182592830262,-22.568453737753895,4.6659202058129265,6.177902736207724,-16.041773325099502,-9.64509768479495,11.375035931121753,-15.544008842167635,5.487492126232671,-11.092036115354809,-8.793629070719604,-11.48117573174587,-20.86363702272434,5.319411218103403,-12.978244769393061,21.814259043707104,0.38824025291009895,-8.359853972530406,9.044744946849663,-4.12913135487263,-23.527574417783075,24.95964314277895,2.7392081445792567
-6.688271321250823,5.858819764575276,-2.7142317052672316,-4.0995334368557055,-3.7996054948177718,0.5020347390114115,-3.6606832129905986,-3.9943054692964703,0.04666317133786012,-0.02103631655734467,-7.271034328979751,-4.224349177063482,3.64035859802825,-5.3145230984921366,-6.4066349510871445,-1.050348971554377,7.173895692776162,2.4553043166756443,-6.422869035711501,7.186706045907958,2.7364991157114944,4.162592900682167,-4.109127614089415,0.7529709179112007,1.1239041683323927,-3.147204101707891,-1.559418416590965,2.9533770096451053,-2.672506604865693,1.135165061110292,-3.1325758639002674,-1.901136861831732,-2.9162467959844443,-3.6810147599767737,0.4753349239254059,-2.713617988632168,4.091796698320462,0.2127536559771834,-1.3776597784146691,1.4520661790405098,-1.1773606098311733,-4.81852971260397,4.814777645132544,-0.05951929760014904
-17.90259015141609,16.11125037700093,-7.456397489927882,-10.057888376799411,-8.834824102517931,1.1312704016803974,-8.330230765610061,-10.323796477327152,-0.31054771408945814,-1.5057307215781348,-19.604876651549073,-8.936573304384535,9.148158008959598,-14.113251412252515,-15.623513154080703,-3.446387569857882,17.77449233821569,5.26092299286132,-16.074939139684304,19.144182592830262,4.162592900682167,9.993315865259264,-11.074708402659292,2.271764510432154,3.0983116888499285,-8.065109195350153,-4.795736331581128,6.006178283764813,-7.580643879476309,2.7539669897011385,-6.0964723046464835,-4.358852123423211,-5.971256976786647,-10.399899469410155,2.4608505666740395,-6.494422489492649,11.034838715310778,0.41614098405495054,-4.120961460720485,4.542894306579824,-2.1154915354417305,-11.86494235048319,12.61071651561152,1.1348423816867592
21.272050543055087,-19.186663897446007,9.199218434069246,11.79399934452093,10.134463116989552,-1.1891146268264225,9.81873508023763,11.913236818173374,0.18401756996170254,2.523008604418038,23.256182138158195,10.115701204201637,-11.185979060547162,16.698099803969956,18.10534026104725,4.145345185271626,-20.451796893838576,-5.735076471181913,18.62767783776617,-22.568453737753895,-4.109127614089415,-11.074708402659292,13.90111198279706,-2.9742672616926495,-3.706094593504944,9.234948011658826,5.637056621458639,-6.821598305580216,9.263763943763035,-3.2944619000078617,6.380762846024812,5.280050119547576,6.681607845987441,12.288421490826583,-3.1223373149819276,7.824975579182559,-12.629200617934785,-0.13315493500344783,4.887423066320564,-5.3060275430789074,2.465704710893897,14.066981861521588,-14.748884743831193,-1.7883197876049677
-4.4662641500774924,3.9731607119325,-1.9329585117329326,-2.4621952653768995,-2.095445395731542,0.280032751606687,-2.0722775550360093,-2.3553422470810936,0.012200512114768058,-0.5160254924727706,-4.925946456722292,-1.975437408386651,2.27471530379758,-3.4931610380903013,-3.7285358769330417,-1.0307124280919706,4.198454932914528,1.0661852507930496,-3.978641742368251,4.6659202058129265,0.7529709179112007,2.271764510432154,-2.9742672616926495,0.7706247975630044,0.8477273338629121,-1.8110106138584399,-1.2176990733125657,1.3517993887304667,-1.867295099861393,0.6296367920530249,-1.2743113219395044,-0.94839660124231,-1.15944438780737,-2.6091376501965264,0.6197017148324971,-1.613458228539843,2.5690660373821,0.11547933913940406,-1.0164936237739346,1.1870235617677556,-0.43862530625355717,-2.8309560867733166,3.110592739263309,0.5199480555223993
-5.80508055517808,5.2510443897796355,-2.477313649438265,-3.1995045567766445,-2.7485421408763755,0.4082482236458053,-2.675076551690511,-3.2361182541851883,-0.036206419756174286,-0.6190915197660007,-6.437304573686304,-2.6299906246796976,2.9823089317374105,-4.535123245439271,-4.943000691478143,-1.3200874864822438,5.597019858558481,1.4916173758870088,-5.247958280986443,6.177902736207724,1.1239041683323927,3.0983116888499285,-3.706094593504944,0.8477273338629121,1.113062644487423,-2.472475187751722,-1.5775528346320051,1.8019624177989892,-2.435171271938415,0.8842863733279017,-1.7717531881532764,-1.1961101180374774,-1.6499507976713221,-3.4575432463213924,0.7620503907093905,-2.046281388054914,3.514901132516534,0.18136087338170298,-1.386225217355411,1.5378760749303748,-0.5505246548828423,-3.7299663483813537,4.0979019988218415,0.546047428535459
14.84836844022589,-13.729935873136641,6.528915010223723,8.459888227938862,7.005948720441489,-0.8692854553552745,7.027899567312673,8.628680773790036,0.3497308105311948,1.7513282034240436,16.110008752095688,7.290938712431208,-7.5884258477557,11.915494852870655,12.885780944566886,2.492864721690767,-14.63005938729521,-4.21875762538444,13.022246852124336,-16.041773325099502,-3.147204101707891,-8.065109195350153,9.234948011658826,-1.8110106138584399,-2.472475187751722,7.224922337890087,4.0513219871004615,-4.643519759197603,6.721509751897205,-2.289683617463647,4.577035197194231,4.059691890064542,5.316276293612147,8.749783901117114,-2.3860151569709735,5.705304453102774,-9.09479819847652,0.22218044768618686,3.5777883245726523,-3.6496743910629705,2.1621575270207773,9.84990951832426,-10.459508710994374,-0.8963602910762998
9.026405705360403,-8.194537944524884,3.8116872057037265,4.898380483789925,4.246447134018396,-0.5518381964047268,3.966214583406786,5.0883681355562995,0.21320756633114119,1.0448160408155853,9.907717597737118,4.089741108624415,-4.53058704869067,7.11170709891935,7.595633808491576,1.882114961383602,-8.674421040620668,-2.381684851255366,7.904737772861615,-9.64509768479495,-1.559418416590965,-4.795736331581128,5.637056621458639,-1.2176990733125657,-1.5775528346320051,4.0513219871004615,2.5550438466551793,-2.7207111245213156,3.921799069872048,-1.3455566032740698,2.6504734056904153,2.090348166193618,2.645748392956356,5.34101515521488,-1.4100406201345788,3.1493828976612352,-5.579454542634198,-0.17041450375045678,2.126733094740523,-2.375454825906931,0.9099011690502153,5.812113654511103,-6.280945770446815,-0.8428329699588223
-10.750959683891677,9.374181685515062,-4.420445043826543,-5.893925259194463,-5.700278015267731,0.628240906545324,-5.097400729673682,-6.122471655955756,-0.056142872760494136,-0.7903684221307054,-11.706005127991725,-5.719774413509651,5.829413520613862,-8.363933437437389,-9.359549774806165,-2.1043042994214876,10.62520257101425,3.288623791379753,-9.64778346257173,11.375035931121753,2.9533770096451053,6.006178283764813,-6.821598305580216,1.3517993887304667,1.8019624177989892,-4.643519759197603,-2.7207111245213156,4.2987671191519174,-4.3092930887159655,1.7621670031063257,-3.976386417659333,-2.648624628432807,-3.529179477394245,-5.917855343580383,1.09582913411462,-3.886395529803494,6.602397213339067,0.4072092509287606,-2.2776366323247412,2.5284335936040376,-1.1734766077057646,-7.329205536894814,7.442587570444672,0.6270239526811303
14.471694683660406,-13.331372636107945,6.342414242958099,8.123973633198137,6.709207875507296,-0.7865939173376058,6.664673169272096,8.30870021699714,0.28460651085917366,1.8620857239885478,15.754972272912152,6.878185095490428,-7.448368953662472,11.498878617232764,12.402787763889565,2.5385730072756707,-14.041864241512927,-3.969227969966532,12.528054395484368,-15.544008842167635,-2.672506604865693,-7.580643879476309,9.263763943763035,-1.867295099861393,-2.435171271938415,6.721509751897205,3.921799069872048,-4.3092930887159655,6.639060837201858,-2.224585645673149,4.202844068478609,3.8751797675705744,4.9304433619731585,8.51558881802696,-2.433642463437018,5.447614781156919,-8.722148033238337,0.2144655014614349,3.451743019779604,-3.6479374423875095,1.9419077635848512,9.58944246448541,-10.092587379527156,-1.0745104686424842
-5.135515577809305,4.645792840967146,-2.176789864083507,-2.8423318511981592,-2.5178802908547846,0.3019628755315214,-2.370698967155896,-2.956863707119274,-0.05378141133021091,-0.5603943928315903,-5.605745500709833,-2.5312003054469048,2.7591978061452815,-4.0084384629997665,-4.42737876745408,-0.9709542513743703,5.005264148710134,1.4822192633719014,-4.524885430692386,5.487492126232671,1.135165061110292,2.7539669897011385,-3.2944619000078617,0.6296367920530249,0.8842863733279017,-2.289683617463647,-1.3455566032740698,1.7621670031063257,-2.224585645673149,0.854927121770105,-1.643363692171688,-1.2825228370617157,-1.6964752303429433,-2.9450117156862827,0.6872509045065923,-1.8586053431000111,3.1350919817168177,0.05860892189840137,-1.1794363934623184,1.2462591048685872,-0.5894648241670328,-3.464491459209632,3.564009037089646,0.34198892801538067
10.391197235678924,-9.100737626950355,4.126435497241397,5.9469402759296495,5.542131510456154,-0.6893913004901874,5.016460927836118,6.064020171752305,0.09961551471316278,0.38568591357369114,11.407673270542652,5.735121085731237,-5.399814727095201,8.149399822376706,9.393332441315255,1.9732094634617103,-10.659887057604829,-3.4027819222245324,9.588706256615176,-11.092036115354809,-3.1325758639002674,-6.0964723046464835,6.380762846024812,-1.2743113219395044,-1.7717531881532764,4.577035197194231,2.6504734056904153,-3.976386417659333,4.202844068478609,-1.643363692171688,4.194062499483675,2.582138190348611,3.702642060995192,5.859216167937547,-1.124633078046385,3.7736935033530927,-6.450687615153968,-0.47976961217162073,2.2147061053631174,-2.5557263268704467,1.2860738928617266,7.125840480389382,-7.339367969282466,-0.42653202072791946
8.146699055657038,-7.55343438251446,3.692530535439202,4.909825518647572,3.8618784361693534,-0.32943375111143414,4.061155038396438,4.831574296098255,0.18836175536630193,0.9734722076111172,8.716060422614305,4.441831077479435,-4.3261295243502165,6.653697069149493,7.291791639828749,0.8875916851742929,-8.196745375930478,-2.555440332875398,6.981165791380904,-8.793629070719604,-1.901136861831732,-4.358852123423211,5.280050119547576,-0.94839660124231,-1.1961101180374774,4.059691890064542,2.090348166193618,-2.648624628432807,3.8751797675705744,-1.2825228370617157,2.582138190348611,2.8155142957442947,3.499287218579001,4.6448138137122035,-1.5030530579911565,3.448901762385879,-4.789633343058322,0.458050607885715,1.8813955523055925,-1.7883924435536331,1.5914793652559538,5.714598048050934,-5.698006323776812,-0.2509063189170475
10.569794275615537,-9.86106259838478,4.742635764426167,6.529737197420508,5.088887926204027,-0.5851948265146578,5.5001244269199345,6.384997428365418,0.1693788545837355,0.9984262599535733,11.37039264729269,5.942932487826366,-5.590670610410478,8.601096041138476,9.747703421701233,1.1973371043783276,-10.91253039522136,-3.4590006037335237,9.45430331342985,-11.48117573174587,-2.9162467959844443,-5.971256976786647,6.681607845987441,-1.15944438780737,-1.6499507976713221,5.316276293612147,2.645748392956356,-3.529179477394245,4.9304433619731585,-1.6964752303429433,3.702642060995192,3.499287218579001,4.828217433175049,6.151848451508226,-1.7374287774038824,4.548271087202546,-6.250420141110662,0.4868013393560199,2.5130340200133037,-2.3614797116923834,2.134153301172253,7.421312317395088,-7.566073761279281,-0.11592986934424142
19.463812515020017,-17.76643716554083,8.387826764765967,10.80829152733204,9.119994557194845,-1.2295608323751972,8.913601241220176,11.073666026734317,0.3328911415626511,2.233439130196441,21.40075302867079,9.066079220689321,-9.921881248432008,15.378544004306617,16.654025628572885,3.9150323914102936,-18.900416312482655,-5.202376760440153,17.252657992333237,-20.86363702272434,-3.6810147599767737,-10.399899469410155,12.288421490826583,-2.6091376501965264,-3.4575432463213924,8.749783901117114,5.34101515521488,-5.917855343580383,8.51558881802696,-2.9450117156862827,5.859216167937547,4.6448138137122035,6.151848451508226,11.598347050026476,-2.9778423793018542,7.07718118835829,-11.866066661429102,-0.19541345809223656,4.662803158054448,-5.030259571676652,2.218846764796603,12.669022075899656,-13.665405462361315,-1.6280268972253358
-4.925943201124533,4.671209197151154,-2.230470729148331,-2.8182699289429625,-2.017094403079451,0.15405308033857507,-2.131410483245676,-2.895520687490984,-0.23712834752442252,-0.82068215854028,-5.329582979987443,-2.1537577283869496,2.3906607634273063,-4.007065245862805,-4.130658307078189,-0.6681122845039308,4.717056162397762,1.3012054299053892,-4.0222887285071485,5.319411218103403,0.4753349239254059,2.4608505666740395,-3.1223373149819276,0.6197017148324971,0.7620503907093905,-2.3860151569709735,-1.4100406201345788,1.09582913411462,-2.433642463437018,0.6872509045065923,-1.124633078046385,-1.5030530579911565,-1.7374287774038824,-2.9778423793018542,1.2243902051985058,-1.8981962375049408,2.93208785532179,-0.27924114826825125,-1.266153934747014,1.2854213963893533,-0.7435000147586848,-3.204794126499517,3.4341887604223404,0.40030035909264905
12.111653374126416,-11.147389499081381,5.4716136925666605,7.096525257008797,5.6952149854378895,-0.6789514058261404,6.0401900593328195,6.942265980744346,0.11934357396766127,1.4373514032751815,13.1262177754669,6.110811597474771,-6.348172816108767,9.72095417453201,10.628503212688074,1.9153745813327887,-11.932265414831068,-3.4287606776777064,10.719032421573893,-12.978244769393061,-2.713617988632168,-6.494422489492649,7.824975579182559,-1.613458228539843,-2.046281388054914,5.705304453102774,3.1493828976612352,-3.886395529803494,5.447614781156919,-1.8586053431000111,3.7736935033530927,3.448901762385879,4.548271087202546,7.07718118835829,-1.8981962375049408,4.934448103292662,-7.074402493053344,0.30677844347256056,2.897368601224946,-2.8826424230078906,1.9466328379046671,8.123361906338895,-8.572032912717459,-0.6765206608597879
-20.345402149510367,18.34937799261039,-8.515983242944047,-11.039064103307618,-9.89816029575815,1.2231549447325925,-9.016236210427929,-11.703382008480162,-0.4913025201142234,-2.086762000810627,-22.36665654982879,-9.726115959924119,10.422544662263062,-16.01704905334798,-17.363519354403923,-4.159189755231263,19.89723040482818,5.680373038733887,-17.924422235708285,21.814259043707104,4.091796698320462,11.034838715310778,-12.629200617934785,2.5690660373821,3.514901132516534,-9.09479819847652,-5.579454542634198,6.602397213339067,-8.722148033238337,3.1350919817168177,-6.450687615153968,-4.789633343058322,-6.250420141110662,-11.866066661429102,2.93208785532179,-7.074402493053344,12.794208056436956,0.5119234675164126,-4.706878342666637,5.244036908206355,-2.0437568334303537,-13.370244925992145,14.181303932004706,1.6227800688590897
-0.4567218038843608,0.077053667778291493,0.15808156256756656,0.036680553328763105,-0.5197614743056315,0.12494488167694012,0.0875107089099789,-0.16242101048284308,0.00839631114644115,0.3423234748436783,-0.6799094395184634,-0.1255047969020663,0.16384454382284086,-0.16385080887457898,-0.296253394746859,-0.6079450895197864,0.4477011757698821,0.13537440250443214,-0.6273910491494484,0.38824025291009895,0.2127536559771834,0.41614098405495054,-0.13315493500344783,0.11547933913940406,0.18136087338170298,0.22218044768618686,-0.17041450375045678,0.4072092509287606,0.2144655014614349,0.05860892189840137,-0.47976961217162073,0.458050607885715,0.4868013393560199,-0.19541345809223656,-0.27924114826825125,0.30677844347256056,0.5119234675164126,0.6412453249982384,0.03333707642150548,0.27605821715017725,0.5007562047363053,-0.1832693522060841,0.27515760194110783,0.22264678712911715
7.771178003058048,-7.1919224148326775,3.443603769533899,4.337036793528601,3.5294495643909087,-0.46512796555764424,3.5898227912175913,4.4629556319706305,0.15523301899505437,1.0237482142142245,8.518445320951486,3.5226588629644735,-3.959272173933498,6.167733601657008,6.602240907276065,1.4807509035854265,-7.499928345665218,-2.0283596760484057,6.829818765583163,-8.359853972530406,-1.3776597784146691,-4.120961460720485,4.887423066320564,-1.0164936237739346,-1.386225217355411,3.5777883245726523,2.126733094740523,-2.2776366323247412,3.451743019779604,-1.1794363934623184,2.2147061053631174,1.8813955523055925,2.5130340200133037,4.662803158054448,-1.266153934747014,2.897368601224946,-4.706878342666637,0.03333707642150548,1.9507160091340912,-2.006397139484747,0.932020609646594,5.018730725544244,-5.497767072428434,-0.6206276177513169
-8.510014926846443,7.657864813703982,-3.5120280257966097,-4.546947527186633,-4.026087721787654,0.5243886076602791,-3.6891129561648737,-4.7825776163386156,-0.1661380599147229,-0.9114542760653894,-9.376735371572675,-3.7802000468921535,4.2149398589744855,-6.61211733013347,-7.1333096326180785,-1.8873236813189118,8.151033166100017,2.2346705166217284,-7.494952623622137,9.044744946849663,1.4520661790405098,4.542894306579824,-5.3060275430789074,1.1870235617677556,1.5378760749303748,-3.6496743910629705,-2.375454825906931,2.5284335936040376,-3.6479374423875095,1.2462591048685872,-2.5557263268704467,-1.7883924435536331,-2.3614797116923834,-5.030259571676652,1.2854213963893533,-2.8826424230078906,5.244036908206355,0.27605821715017725,-2.006397139484747,2.372067712905557,-0.7274831397996128,-5.421094908400305,5.94304706124286,0.8315940856050799
3.7679653082135895,-3.6633048921453386,1.8647260318759558,2.614452384136353,1.7209953677153549,-0.18923664839696894,2.265172294497251,2.2882942979364533,0.025399791006437234,0.42427552440341504,3.951123164788195,2.300731207760083,-1.994473537374137,3.2149532201025988,3.6463740207180324,0.12822294636966838,-3.9848552460963607,-1.2870432484975471,3.3703539103521276,-4.12913135487263,-1.1773606098311733,-2.1154915354417305,2.465704710893897,-0.43862530625355717,-0.5505246548828423,2.1621575270207773,0.9099011690502153,-1.1734766077057646,1.9419077635848512,-0.5894648241670328,1.2860738928617266,1.5914793652559538,2.134153301172253,2.218846764796603,-0.7435000147586848,1.9466328379046671,-2.0437568334303537,0.5007562047363053,0.932020609646594,-0.7274831397996128,1.1794902033869419,2.7338169274462443,-2.7567525154575248,0.11045510307180458
22.029729854244245,-19.873465794643693,9.367530675071801,12.365216730661022,10.746553028148705,-1.2287062249893268,10.228695151761107,12.66082058924029,0.33458708259599046,2.242458810056455,24.065565161871373,10.992908279465611,-11.555569578402112,17.380440019658703,19.10431184256274,4.025139111732705,-21.64906225919418,-6.383160371330818,19.40508026288105,-23.527574417783075,-4.81852971260397,-11.86494235048319,14.066981861521588,-2.8309560867733166,-3.7299663483813537,9.84990951832426,5.812113654511103,-7.329205536894814,9.58944246448541,-3.464491459209632,7.125840480389382,5.714598048050934,7.421312317395088,12.669022075899656,-3.204794126499517,8.123361906338895,-13.370244925992145,-0.1832693522060841,5.018730725544244,-5.421094908400305,2.7338169274462443,14.813924244328371,-15.352710444802963,-1.4671432929776163
-23.356862698823946,21.192075079385503,-10.012971995348519,-13.070182202325814,-11.165249308373559,1.408283153252808,-10.827757675225726,-13.327260378755739,-0.37610188708538356,-2.4715533203653033,-25.598252364589964,-11.212814835549342,12.00046532434098,-18.452935100706817,-20.102708123073903,-4.509661479809325,22.832304671183604,6.4779526355473145,-20.723405345011116,24.95964314277895,4.814777645132544,12.61071651561152,-14.748884743831193,3.110592739263309,4.0979019988218415,-10.459508710994374,-6.280945770446815,7.442587570444672,-10.092587379527156,3.564009037089646,-7.339367969282466,-5.698006323776812,-7.566073761279281,-13.665405462361315,3.4341887604223404,-8.572032912717459,14.181303932004706,0.27515760194110783,-5.497767072428434,5.94304706124286,-2.7567525154575248,-15.352710444802963,16.422570210555964,1.73651611132129
-2.649106722254794,2.3072484786176135,-1.1164271134741188,-1.125223877049546,-1.1372507542630992,0.1758327682915433,-0.8936500915543873,-1.256028765752892,-0.02971946014655563,-0.5284628529690852,-3.003721805994049,-0.7144125995082693,1.2923367412758635,-1.9816453799507323,-1.8595756316164815,-0.9494456498019666,2.1621146421803568,0.32722381929361233,-2.2099568775719485,2.7392081445792567,-0.05951929760014904,1.1348423816867592,-1.7883197876049677,0.5199480555223993,0.546047428535459,-0.8963602910762998,-0.8428329699588223,0.6270239526811303,-1.0745104686424842,0.34198892801538067,-0.42653202072791946,-0.2509063189170475,-0.11592986934424142,-1.6280268972253358,0.40030035909264905,-0.6765206608597879,1.6227800688590897,0.22264678712911715,-0.6206276177513169,0.8315940856050799,0.11045510307180458,-1.4671432929776163,1.73651611132129,0.6690757060333415
