V1,V2,V3,V4,V5,V6,V7,V8,V9,V10,V11,V12,V13,V14,V15,V16,V17,V18,V19,V20,V21,V22,V23,V24,V25,V26,V27,V28,V29,V30,V31,V32,V33,V34,V35,V36,V37,V38,V39,V40,V41,V42,V43,V44
0.7652708591647355,-0.7955113384360952,2.245315962559573,0.2231319846816403,-0.0646609016608501,0.5600050345818689,1.1899978970313734,2.569061529615131,0.9877857449931379,-2.0735784571479954,-1.1152532464151081,-0.9568082134438791,-0.9617031176386635,-0.1089933455551562,-0.5656912536564406,-0.36479333863165025,-0.15460775594254694,-2.1127113091887932,-2.733525817697861,-0.11396581807595421,0.956761154692723,-0.234105176882611,1.500575320454274,0.8046947230938941,1.5694928702585564,1.0110744884227036,0.5958472278174356,0.7426093420558447,-1.4700201842667246,1.5295633575332694,-2.1205478972251584,2.464011676527429,0.786951905594403,-0.9724166810831573,0.42789555300784826,0.2657088222914541,-0.815651309870154,2.1361909159040704,0.021305957080139465,-1.1511564739738749,0.8079774261483798,-1.5107009486127674,-2.2569271473442667,0.3115050391806468
-0.7955113384360952,1.1516140437063536,-3.149038446382808,-0.4379742327299018,-0.30431447728022987,-0.9311669466448063,-1.7473662952524165,-3.770264097199983,-1.1896181381541495,2.7869410437428517,2.1306268010906515,1.2083150625236176,1.918126491370284,0.5480054448275399,0.9811925624325484,0.6945546342558728,0.06611589485354413,2.761809197153383,3.719532126682908,0.16332858513053067,-1.36940696597916,0.2803480783563351,-2.013408534588067,-0.9973075490079928,-2.645719882053397,-1.489220340466676,-0.6972691931929499,-1.4199384661871113,2.2018736101240894,-2.282561730632999,2.955703419871694,-3.4646104746588398,-1.5703177628177702,1.089669290488096,-0.6876375752993759,-0.11660644890028653,0.9231750771909099,-3.352503435998138,0.06802849620382428,1.4748885087251342,-1.1285229544627942,2.2358118541544587,3.3815849651981407,-0.19275555383033935
2.245315962559573,-3.149038446382808,11.702693897836898,2.809229188095012,3.006158424842385,4.253842713968952,6.356114475884173,13.729596460256234,3.766278784709632,-9.974800265047733,-7.362110113509505,-3.449805739466491,-7.244264293516205,-3.4077419244155336,-3.173467216181815,-1.6412722781105797,-1.3159510990475924,-9.318633981055402,-12.309857274335952,-1.16523687851206,6.774361477079442,-0.9080093368942894,6.643284253608214,3.5062532473938397,10.468473075903589,7.86774203175511,2.0613384292821655,6.231776993925787,-9.624729626726195,9.97371436054783,-9.950917741785803,12.446096583734793,5.457017666267414,-1.4415093086638753,2.1271196762396523,0.111646247463489,-2.184393268959937,14.032917094574213,0.646741216449493,-5.117254637875692,5.563585560936303,-7.961130267723758,-12.378785014477085,0.8094363289353327
0.2231319846816403,-0.4379742327299018,2.809229188095012,1.074579272976784,1.4225974230342142,1.3088568279057482,1.51306376617012,3.2712866459101773,0.634157593620872,-2.2347040586785276,-1.8195727842372633,-0.47077658957809604,-1.9963873239000383,-1.3738063754028105,-0.6955524432312598,-0.18911869523920363,-0.5764467785592812,-1.8800053863548603,-2.4595865652893165,-0.45003597666386064,2.127818966414001,-0.1598192055478321,1.3103665207518884,0.7281345647262137,2.8708639692250197,2.59649072014745,0.28913093646560883,1.9227085467784695,-2.784525517928027,2.8827091410240233,-2.07652063993758,2.8652079243535544,1.382084861489661,0.5288630073726055,0.4213163165347228,-0.16846078929929847,-0.07205958260763343,3.9622303361206965,0.3809481787550508,-1.0640072751942498,1.7324140823361953,-1.8525047020695249,-2.9950239244857144,0.1297791148044598
-0.0646609016608501,-0.30431447728022987,3.006158424842385,1.4225974230342142,2.1057969062775865,1.624214997814651,1.6546111189769797,3.5751574158468253,0.4369203182322531,-2.2459393727090142,-2.24666406944867,-0.23735164856627597,-2.5434887685266596,-1.9684648247705727,-0.7933808972183121,-0.17711534431594203,-0.6766085830543923,-1.7187177070103643,-2.3033899065448544,-0.5672660567761466,2.5774718544001263,-0.12116365564914154,1.202242223139228,0.6621521374759114,3.4810524135856253,3.2180496437700956,0.12222793581149116,2.4714192132281534,-3.3122597534210656,3.4272749021596023,-2.040115039965002,2.9954918333628706,1.738537172166318,1.1786628753527022,0.43678089642713724,-0.4063373478979515,0.2799508248803122,4.742856052638262,0.4910668938491882,-0.9840954784621704,2.0756629965127327,-2.0074215699717812,-3.327822594262142,-0.010597753677423933
0.5600050345818689,-0.9311669466448063,4.253842713968952,1.3088568279057482,1.624214997814651,1.78254041281714,2.3125769827281286,5.005636253295825,1.1683401171371561,-3.5039500461885775,-2.7795155840559076,-0.9994347914685171,-2.8606219537639785,-1.6621446028973994,-1.1292141296864457,-0.4626958844000226,-0.652635054054178,-3.1244912851383444,-4.147802071856177,-0.5401261184108738,2.8227730807643936,-0.2767968247978436,2.218914257849675,1.185016835982923,4.103961329761185,3.367489351487731,0.5871664247588123,2.6071616995767464,-3.859779984184819,3.9828698803725233,-3.40385997668036,4.451479312247789,2.0642763408501787,0.10976177522278013,0.7168702609793979,-0.1191161643579123,-0.4617624332728954,5.577572818471446,0.3811854734738515,-1.7430365357281794,2.31423087810067,-2.866831389823472,-4.549213400607259,0.20914036646687853
1.1899978970313734,-1.7473662952524165,6.356114475884173,1.51306376617012,1.6546111189769797,2.3125769827281286,3.4782419253719814,7.501260262336314,2.027148374286595,-5.408293331479478,-4.125298090447928,-1.8788500130926107,-4.040277682464989,-1.8887159548195804,-1.7717398832484164,-0.9588848832635202,-0.6476084196727026,-5.052004795994818,-6.70810111423423,-0.616119256089091,3.636699637035647,-0.49243363107331584,3.6178281227436915,1.8861039422343067,5.753960394733879,4.221275572062754,1.1076862406699863,3.4274352696866544,-5.2113025481167865,5.400727971389325,-5.434787674319731,6.774928183602996,3.0699735710045664,-0.8113771616801843,1.1841165862694325,0.02069997026065203,-1.1814740355544824,7.640723167787456,0.3080053057869073,-2.7657218606089584,2.9795739264895795,-4.357425595016877,-6.777431055838581,0.3927805305369384
2.569061529615131,-3.770264097199983,13.729596460256234,3.2712866459101773,3.5751574158468253,5.005636253295825,7.501260262336314,16.19806591385351,4.38450834080972,-11.680207735867533,-8.888649964059802,-4.056651117344179,-8.702676479029412,-4.071299388554155,-3.819424385244483,-2.047244715099736,-1.4208267942553656,-10.912910539684233,-14.49457837788878,-1.3322133317608018,7.869014784473357,-1.05575120493187,7.813172411826454,4.079863505635628,12.416914907013975,9.133840940101768,2.3915015742451398,7.401377873821318,-11.269700609289204,11.672486391125469,-11.730256285775615,14.631873740684348,6.596301688989242,-1.7396478410888516,2.5500006359275025,0.0545820068559705,-2.55103776695406,16.518882982685035,0.6727989778926936,-5.977518045966693,6.454173646433881,-9.405693619879047,-14.626220954083072,0.848122980719077
0.9877857449931379,-1.1896181381541495,3.766278784709632,0.634157593620872,0.4369203182322531,1.1683401171371561,2.027148374286595,4.38450834080972,1.4349329624946974,-3.3401372599248007,-2.1612339430089116,-1.363556157670139,-1.99616271849502,-0.6469469592214331,-1.0002443997450237,-0.5793649994131936,-0.32945541308751614,-3.271793782519106,-4.298475863992954,-0.2777222579722615,1.8818814255766114,-0.3339521245669263,2.337018956789193,1.2374389247875064,3.023105400437074,2.1001957480104636,0.8275431173863901,1.641345143009945,-2.7859718736784442,2.8838963027784277,-3.391853052502749,4.080570198811678,1.5544775474535593,-1.0571682393912025,0.708629481156722,0.2326267686034137,-1.0356822658670701,4.072419741687885,0.1067871409560231,-1.7912623917123809,1.5697577435694068,-2.558183710080076,-3.9036942455216477,0.36699434250285823
-2.0735784571479954,2.7869410437428517,-9.974800265047733,-2.2347040586785276,-2.2459393727090142,-3.5039500461885775,-5.408293331479478,-11.680207735867533,-3.3401372599248007,8.581598383278704,6.151512783198988,3.0910401651179744,5.979163520717063,2.6385766380205897,2.6932883327439803,1.4351122170615174,1.0641209532755098,8.104740404350377,10.688285918995952,0.9362853077733724,-5.597382842348756,0.8022917104555695,-5.779090803319843,-3.0498234610537605,-8.717008621854733,-6.449341096522995,-1.8540644437810974,-5.095693395892464,8.016982098308702,-8.30714323494405,8.593734093910479,-10.652881672034843,-4.538492123592349,1.5815551422969358,-1.8278658220754145,-0.20889536275563192,2.0613307814657795,-11.69255542276336,-0.49184965169707967,4.446498644600765,-4.608779484114246,6.784009767566229,10.5041257541522,-0.7561608929422324
-1.1152532464151081,2.1306268010906515,-7.362110113509505,-1.8195727842372633,-2.24666406944867,-2.7795155840559076,-4.125298090447928,-8.888649964059802,-2.1612339430089116,6.151512783198988,5.451740140115312,2.0842705910285195,5.324685751932906,2.5532030228258784,2.2944634246621183,1.3877181191799373,0.5032433967264319,5.678714790324165,7.716332205362232,0.6803265421823225,-4.1372623404772275,0.5326683424258021,-4.132058582303969,-2.0457665367773736,-7.125503722805624,-4.823934796663577,-1.1575173122188993,-4.336274106088877,6.095843265821072,-6.317074978360435,6.33384918468844,-7.8750696640597715,-4.122079191287734,0.7903088437204447,-1.4976059228258993,0.2486555306323122,1.1945663721778301,-9.139285204591765,-0.19195150429763677,3.0602861238552315,-3.351018155268971,5.201768372361753,8.102873831243697,-0.18254180914004314
-0.9568082134438791,1.2083150625236176,-3.449805739466491,-0.47077658957809604,-0.23735164856627597,-0.9994347914685171,-1.8788500130926107,-4.056651117344179,-1.363556157670139,3.0910401651179744,2.0842705910285195,1.3469728905013842,1.8669548904490687,0.4845471321823453,0.9823249689794179,0.6479654839562091,0.17939125036599968,3.0781196095861345,4.081938213536193,0.19905850131652958,-1.5518471440945667,0.31845386716373303,-2.218876616154003,-1.1385574068554798,-2.7400028325107084,-1.6871785759493108,-0.8010612204879107,-1.4364983367019115,2.4135329017091585,-2.497729776994173,3.2119369072383424,-3.7844400069871065,-1.507973781294776,1.2147244326882793,-0.701527215318749,-0.22175471803349547,1.0608822137170735,-3.592776327244473,0.0026524273258873112,1.6657513695284198,-1.2940433695860691,2.3888806531359457,3.6138104480856987,-0.30845289207907384
-0.9617031176386635,1.918126491370284,-7.244264293516205,-1.9963873239000383,-2.5434887685266596,-2.8606219537639785,-4.040277682464989,-8.702676479029412,-1.99616271849502,5.979163520717063,5.324685751932906,1.8669548904490687,5.325741074019771,2.7719417661268673,2.2009116138772287,1.2429196968104435,0.6483584891413106,5.411921585010884,7.316090954678024,0.763499616484264,-4.333410169650055,0.50307796479681,-3.9128077111596182,-1.9621657786928743,-7.153492351462728,-5.115620048171657,-1.046459604152105,-4.453480544282083,6.2277978581065465,-6.462682932128045,6.0604135330449065,-7.673921487285054,-4.057818476080214,0.33135608412072787,-1.4183330622497663,0.3255194430558773,0.9524460290217667,-9.256516074222327,-0.3215587868917758,2.9289870077505515,-3.501172820618459,5.073394375385167,7.952675275038464,-0.1816036127783326
-0.1089933455551562,0.5480054448275399,-3.4077419244155336,-1.3738063754028105,-1.9684648247705727,-1.6621446028973994,-1.8887159548195804,-4.071299388554155,-0.6469469592214331,2.6385766380205897,2.5532030228258784,0.4845471321823453,2.7719417661268673,1.911376061636644,0.9565055965997837,0.35198855672526225,0.5905554698394211,2.1566179869740307,2.9026504429807853,0.5412010131995199,-2.599259117968069,0.17424205415746344,-1.5310901368191594,-0.8064077209566357,-3.752477142791992,-3.1966840234401235,-0.2627895698293057,-2.55793224054109,3.45597571217073,-3.581990468421278,2.5074314063457037,-3.4727063514646557,-1.973522145267348,-0.8044601848086584,-0.5624280170047721,0.36047449415480154,-0.04857785385458882,-5.011423895848896,-0.40550316643819645,1.2031410585046967,-2.0913547820562735,2.3204222154500034,3.768876871126099,-0.017411940734879228
-0.5656912536564406,0.9811925624325484,-3.173467216181815,-0.6955524432312598,-0.7933808972183121,-1.1292141296864457,-1.7717398832484164,-3.819424385244483,-1.0002443997450237,2.6932883327439803,2.2944634246621183,0.9823249689794179,2.2009116138772287,0.9565055965997837,0.9906805499698027,0.6261896244264203,0.18008493267254594,2.5351358039234775,3.43510550203925,0.26011163641127744,-1.6789798590938243,0.24441038332626155,-1.843642034419106,-0.9117560490744909,-2.963450162923223,-1.9278756224538756,-0.551490163175539,-1.7535149679054043,2.5204008867188246,-2.612253644049466,2.7930288777677403,-3.4193849158444674,-1.7273950697409186,0.5359908763782083,-0.6573920125705396,0.04987389289192682,0.6240177810416327,-3.7904216015838803,-0.04404590045105292,1.3616785056007963,-1.3636106500566303,2.2446857486985317,3.467679019977889,-0.1108781883423474
-0.36479333863165025,0.6945546342558728,-1.6412722781105797,-0.18911869523920363,-0.17711534431594203,-0.4626958844000226,-0.9588848832635202,-2.047244715099736,-0.5793649994131936,1.4351122170615174,1.3877181191799373,0.6479654839562091,1.2429196968104435,0.35198855672526225,0.6261896244264203,0.5326652537260405,-0.12777846239186652,1.423916904193447,1.9800892118823696,0.04280635305027926,-0.5916629571507814,0.1514147238489771,-1.0667501644119324,-0.4746921178296635,-1.5140012940021859,-0.6231483957639451,-0.34617431325353526,-0.8196497208366168,1.0796629827458488,-1.1301175239068553,1.6092882458793163,-1.8328916115833673,-1.071673519057992,0.65598425275231,-0.42997260393812436,0.027826465322317372,0.48399572392398815,-1.7462976501580711,0.1426997636790528,0.7292007673891604,-0.4639045174757982,1.2424177119211641,1.8664146716091254,-0.007931687846482252
-0.15460775594254694,0.06611589485354413,-1.3159510990475924,-0.5764467785592812,-0.6766085830543923,-0.652635054054178,-0.6476084196727026,-1.4208267942553656,-0.32945541308751614,1.0641209532755098,0.5032433967264319,0.17939125036599968,0.6483584891413106,0.5905554698394211,0.18008493267254594,-0.12777846239186652,0.4891681830885404,0.8804702722363478,1.0655623340316593,0.27620470531698527,-1.1775744852383796,0.07067100446906387,-0.5728375619037163,-0.3844073433752402,-1.1916089635527678,-1.445302672129382,-0.14591212094466582,-0.8229219771076597,1.412041541278242,-1.4498164260637476,0.8669765563462288,-1.3016642240864504,-0.34374801037774466,-0.40698000256120515,-0.10348365522052899,-0.017098056632924855,0.00892661470339838,-1.8785231243185352,-0.3272141897557362,0.5362246060366609,-0.9847791444940378,0.7676260951579194,1.2713927870258963,-0.17992755425392506
-2.1127113091887932,2.761809197153383,-9.318633981055402,-1.8800053863548603,-1.7187177070103643,-3.1244912851383444,-5.052004795994818,-10.912910539684233,-3.271793782519106,8.104740404350377,5.678714790324165,3.0781196095861345,5.411921585010884,2.1566179869740307,2.5351358039234775,1.423916904193447,0.8804702722363478,7.7658412103347905,10.246929613611368,0.791112376824801,-4.976282817318458,0.7782850968462778,-5.550031745366567,-2.915971528220354,-7.932343435448292,-5.66551261992016,-1.846191465712245,-4.520237208476632,7.245455942399446,-7.506156364951838,8.186746234387748,-10.015777776096773,-4.162682428681434,1.9340462925288737,-1.7460348302555064,-0.31291432287375565,2.167909203503674,-10.605976824825364,-0.3531942202166423,4.248189533331122,-4.111058019097504,6.35728353303694,9.785276785381,-0.7531179147722431
-2.733525817697861,3.719532126682908,-12.309857274335952,-2.4595865652893165,-2.3033899065448544,-4.147802071856177,-6.70810111423423,-14.49457837788878,-4.298475863992954,10.688285918995952,7.716332205362232,4.081938213536193,7.316090954678024,2.9026504429807853,3.43510550203925,1.9800892118823696,1.0655623340316593,10.246929613611368,13.59915002848733,1.0146968996016097,-6.504068040442497,1.0146583795094248,-7.353169212524901,-3.823954560984911,-10.590635875489241,-7.395200720597524,-2.41685129380776,-6.045681691422642,9.554790570875745,-9.886810245170782,10.865359886555225,-13.263204970869069,-5.654339616224518,2.601471820985738,-2.352757931544942,-0.3506598968219471,2.8594481131380918,-14.063067188864299,-0.38983043219802394,5.594615784588905,-5.371113108243702,8.454127407731804,13.01328423035497,-0.9022045501572197
-0.11396581807595421,0.16332858513053067,-1.16523687851206,-0.45003597666386064,-0.5672660567761466,-0.5401261184108738,-0.616119256089091,-1.3322133317608018,-0.2777222579722615,0.9362853077733724,0.6803265421823225,0.19905850131652958,0.763499616484264,0.5412010131995199,0.26011163641127744,0.04280635305027926,0.27620470531698527,0.791112376824801,1.0146968996016097,0.19810355814393354,-0.8994948546880976,0.06801372555841599,-0.544241448213106,-0.3125649950940293,-1.148185001478289,-1.0968635551689152,-0.1319491523990885,-0.767264201199051,1.1582646000711048,-1.1979950968768414,0.8507167598667675,-1.1854971824218559,-0.512719941132735,-0.22228721051800054,-0.1608240161899641,0.04469592373771472,0.039766109473202034,-1.6228784719438225,-0.1803304638437577,0.45317420138831194,-0.7376249274305698,0.7491695323040475,1.2138627722498483,-0.08219641680438845
0.956761154692723,-1.36940696597916,6.774361477079442,2.127818966414001,2.5774718544001263,2.8227730807643936,3.636699637035647,7.869014784473357,1.8818814255766114,-5.597382842348756,-4.1372623404772275,-1.5518471440945667,-4.333410169650055,-2.599259117968069,-1.6789798590938243,-0.5916629571507814,-1.1775744852383796,-4.976282817318458,-6.504068040442497,-0.8994948546880976,4.622568026893939,-0.45862632115136803,3.4911044177974904,1.9267544315340606,6.397766939513232,5.526890710040674,0.9475299826205396,4.06660083300787,-6.195758840519598,6.410098357931653,-5.335933629983304,7.034674898707026,3.0741538755845577,0.2797143973868702,1.0678857145058234,-0.1106930459536804,-0.7194562710621843,8.84557096813497,0.7254606872170555,-2.7953786224439883,3.7901061740675592,-4.487943040046528,-7.130675526036541,0.4562674738167385
-0.234105176882611,0.2803480783563351,-0.9080093368942894,-0.1598192055478321,-0.12116365564914154,-0.2767968247978436,-0.49243363107331584,-1.05575120493187,-0.3339521245669263,0.8022917104555695,0.5326683424258021,0.31845386716373303,0.50307796479681,0.17424205415746344,0.24441038332626155,0.1514147238489771,0.07067100446906387,0.7782850968462778,1.0146583795094248,0.06801372555841599,-0.45862632115136803,0.08617818308607181,-0.5533595165740172,-0.29157302391738843,-0.7413549270546714,-0.5147916279157704,-0.1936516084494532,-0.40615464789578715,0.6727060110912212,-0.7031236970926409,0.8119305511212273,-0.977121503962227,-0.39925492503778004,0.23933763745906408,-0.17231279801069638,-0.04509968437129495,0.23901242480226417,-0.9828082451199173,-0.027864565566007245,0.42240224978920327,-0.37501138768154774,0.6192441807374625,0.9452989017721716,-0.09073600065595269
1.500575320454274,-2.013408534588067,6.643284253608214,1.3103665207518884,1.202242223139228,2.218914257849675,3.6178281227436915,7.813172411826454,2.337018956789193,-5.779090803319843,-4.132058582303969,-2.218876616154003,-3.9128077111596182,-1.5310901368191594,-1.843642034419106,-1.0667501644119324,-0.5728375619037163,-5.550031745366567,-7.353169212524901,-0.544241448213106,3.4911044177974904,-0.5533595165740172,3.9810513250243003,2.0737438225363047,5.682299248379668,3.964850644792058,1.3198299644329927,3.229829412029658,-5.131656173579483,5.313046425150196,-5.874390763282558,7.159860649564367,3.028501461713702,-1.4452280572047553,1.2694200532448179,0.20865220153732417,-1.5668304963322301,7.5476017781569595,0.20899379213479108,-3.0295493129622333,2.8838380297302435,-4.557454501341262,-7.011098273260411,0.5041794156470272
0.8046947230938941,-0.9973075490079928,3.5062532473938397,0.7281345647262137,0.6621521374759114,1.185016835982923,1.8861039422343067,4.079863505635628,1.2374389247875064,-3.0498234610537605,-2.0457665367773736,-1.1385574068554798,-1.9621657786928743,-0.8064077209566357,-0.9117560490744909,-0.4746921178296635,-0.3844073433752402,-2.915971528220354,-3.823954560984911,-0.3125649950940293,1.9267544315340606,-0.29157302391738843,2.0737438225363047,1.1144226278948504,2.9500593175700853,2.204407703297006,0.693990239708543,1.683069983272392,-2.758729979431781,2.8592144449984773,-3.0489544572386764,3.7513694264496906,1.4860058853881866,-0.675872779967936,0.6294295876346124,0.14445049330769624,-0.7994117977825441,4.004227945627241,0.17551746614098782,-1.606564220819659,1.5964573567865274,-2.365493045605082,-3.6488782156795416,0.3150069218255569
1.5694928702585564,-2.645719882053397,10.468473075903589,2.8708639692250197,3.4810524135856253,4.103961329761185,5.753960394733879,12.416914907013975,3.023105400437074,-8.717008621854733,-7.125503722805624,-2.7400028325107084,-7.153492351462728,-3.752477142791992,-2.963450162923223,-1.5140012940021859,-1.1916089635527678,-7.932343435448292,-10.590635875489241,-1.148185001478289,6.397766939513232,-0.7413549270546714,5.682299248379668,2.9500593175700853,9.985662439210943,7.5457081231416465,1.590107324211187,6.175348079331102,-9.024506173157027,9.35020707516628,-8.691147563573876,11.059921965650938,5.355939632084002,-0.5026289319715552,1.924740975187728,-0.2513480243906342,-1.4735248192557047,13.230580568155178,0.6342933688559387,-4.348575522538654,5.213629275620351,-7.191029100561789,-11.286005863238119,0.4729874451385923
1.0110744884227036,-1.489220340466676,7.86774203175511,2.59649072014745,3.2180496437700956,3.367489351487731,4.221275572062754,9.133840940101768,2.1001957480104636,-6.449341096522995,-4.823934796663577,-1.6871785759493108,-5.115620048171657,-3.1966840234401235,-1.9278756224538756,-0.6231483957639451,-1.445302672129382,-5.66551261992016,-7.395200720597524,-1.0968635551689152,5.526890710040674,-0.5147916279157704,3.964850644792058,2.204407703297006,7.5457081231416465,6.644109357011653,1.0350109902256175,4.8582464711842945,-7.344833030458336,7.600253548548784,-6.099120443775276,8.129572810857312,3.5949664367094245,0.6005723263928778,1.2119993103938005,-0.18934883200700453,-0.6906027804083146,10.461235590827854,0.913684266968016,-3.1942029635317937,4.526311575332781,-5.194503281839883,-8.29111293352883,0.5093164901453684
0.5958472278174356,-0.6972691931929499,2.0613384292821655,0.28913093646560883,0.12222793581149116,0.5871664247588123,1.1076862406699863,2.3915015742451398,0.8275431173863901,-1.8540644437810974,-1.1575173122188993,-0.8010612204879107,-1.046459604152105,-0.2627895698293057,-0.551490163175539,-0.34617431325353526,-0.14591212094466582,-1.846191465712245,-2.41685129380776,-0.1319491523990885,0.9475299826205396,-0.1936516084494532,1.3198299644329927,0.693990239708543,1.590107324211187,1.0350109902256175,0.4925292790731843,0.8247356993610672,-1.4431906639453786,1.4989786019870988,-1.9020554667079292,2.249807452336326,0.8361919640370723,-0.7147096548252279,0.4029141194243751,0.16087419963023705,-0.6380097308112587,2.1200320857063724,0.0257532146402689,-1.0032468851482121,0.792638511993997,-1.4047157571881979,-2.122158931272828,0.22124891672811367
0.7426093420558447,-1.4199384661871113,6.231776993925787,1.9227085467784695,2.4714192132281534,2.6071616995767464,3.4274352696866544,7.401377873821318,1.641345143009945,-5.095693395892464,-4.336274106088877,-1.4364983367019115,-4.453480544282083,-2.55793224054109,-1.7535149679054043,-0.8196497208366168,-0.8229219771076597,-4.520237208476632,-6.045681691422642,-0.767264201199051,4.06660083300787,-0.40615464789578715,3.229829412029658,1.683069983272392,6.175348079331102,4.8582464711842945,0.8247356993610672,3.9377922355105164,-5.630135644524789,5.8283013939611985,-5.014275874381074,6.523556010555398,3.2764958943839035,0.17118518202650274,1.1100451259784965,-0.2782228879678979,-0.6270052263861688,8.221228558774275,0.47944376029611424,-2.4908500342821416,3.3058778570243494,-4.266149582443844,-6.756425987626754,0.2180844188378674
-1.4700201842667246,2.2018736101240894,-9.624729626726195,-2.784525517928027,-3.3122597534210656,-3.859779984184819,-5.2113025481167865,-11.269700609289204,-2.7859718736784442,8.016982098308702,6.095843265821072,2.4135329017091585,6.2277978581065465,3.45597571217073,2.5204008867188246,1.0796629827458488,1.412041541278242,7.245455942399446,9.554790570875745,1.1582646000711048,-6.195758840519598,0.6727060110912212,-5.131656173579483,-2.758729979431781,-9.024506173157027,-7.344833030458336,-1.4431906639453786,-5.630135644524789,8.505251488038475,-8.798320487287473,7.808164608655973,-10.093308882152696,-4.531278452073952,0.13538609223491244,-1.6289048837227529,0.12872836866399281,1.2609988827095535,-12.275665083221284,-0.8142117280474581,4.0280832506438236,-5.078847025037663,6.472192854037924,10.209362752202473,-0.586800277985095
1.5295633575332694,-2.282561730632999,9.97371436054783,2.8827091410240233,3.4272749021596023,3.9828698803725233,5.400727971389325,11.672486391125469,2.8838963027784277,-8.30714323494405,-6.317074978360435,-2.497729776994173,-6.462682932128045,-3.581990468421278,-2.612253644049466,-1.1301175239068553,-1.4498164260637476,-7.506156364951838,-9.886810245170782,-1.1979950968768414,6.410098357931653,-0.7031236970926409,5.313046425150196,2.8592144449984773,9.35020707516628,7.600253548548784,1.4989786019870988,5.8283013939611985,-8.798320487287473,9.112071280183024,-8.091578891968872,10.451997490048122,4.71141099623145,-0.1467878716331573,1.6911461521162374,-0.13450798961385374,-1.3057396183305274,12.700425788103258,0.8409480007290215,-4.168040220705618,5.247710417227541,-6.708337561896749,-10.575844135101107,0.6164793088632566
-2.1205478972251584,2.955703419871694,-9.950917741785803,-2.07652063993758,-2.040115039965002,-3.40385997668036,-5.434787674319731,-11.730256285775615,-3.391853052502749,8.593734093910479,6.33384918468844,3.2119369072383424,6.0604135330449065,2.5074314063457037,2.7930288777677403,1.6092882458793163,0.8669765563462288,8.186746234387748,10.865359886555225,0.8507167598667675,-5.335933629983304,0.8119305511212273,-5.874390763282558,-3.0489544572386764,-8.691147563573876,-6.099120443775276,-1.9020554667079292,-5.014275874381074,7.808164608655973,-8.091578891968872,8.726354012441226,-10.693091446125921,-4.678722424338953,1.915859749559493,-1.9053545117535289,-0.20720218284611247,2.1971988106547133,-11.497868622309074,-0.3368395882495274,4.463047572045105,-4.390109726229025,6.843027866690478,10.553573504111828,-0.6927214182071957
2.464011676527429,-3.4646104746588398,12.446096583734793,2.8652079243535544,2.9954918333628706,4.451479312247789,6.774928183602996,14.631873740684348,4.080570198811678,-10.652881672034843,-7.8750696640597715,-3.7844400069871065,-7.673921487285054,-3.4727063514646557,-3.4193849158444674,-1.8328916115833673,-1.3016642240864504,-10.015777776096773,-13.263204970869069,-1.1854971824218559,7.034674898707026,-0.977121503962227,7.159860649564367,3.7513694264496906,11.059921965650938,8.129572810857312,2.249807452336326,6.523556010555398,-10.093308882152696,10.451997490048122,-10.693091446125921,13.28976060723421,5.824242554989601,-1.8078098403846277,2.303878500320658,0.15818597100199602,-2.4592634461978244,14.7647366400556,0.5982785557182381,-5.489017924605002,5.784399461890643,-8.49918524187899,-13.185205000812639,0.851102393009196
0.786951905594403,-1.5703177628177702,5.457017666267414,1.382084861489661,1.738537172166318,2.0642763408501787,3.0699735710045664,6.596301688989242,1.5544775474535593,-4.538492123592349,-4.122079191287734,-1.507973781294776,-4.057818476080214,-1.973522145267348,-1.7273950697409186,-1.071673519057992,-0.34374801037774466,-4.162682428681434,-5.654339616224518,-0.512719941132735,3.0741538755845577,-0.39925492503778004,3.028501461713702,1.4860058853881866,5.355939632084002,3.5949664367094245,0.8361919640370723,3.2764958943839035,-4.531278452073952,4.71141099623145,-4.678722424338953,5.824242554989601,3.159427869420859,-0.5199720455684188,1.1257554818580255,-0.23540815309215618,-0.8366912162258147,6.8084326483465585,0.13431499414908996,-2.2296591197165445,2.47173577368693,-3.871848947065534,-6.031127690305777,0.11564009314324253
-0.9724166810831573,1.089669290488096,-1.4415093086638753,0.5288630073726055,1.1786628753527022,0.10976177522278013,-0.8113771616801843,-1.7396478410888516,-1.0571682393912025,1.5815551422969358,0.7903088437204447,1.2147244326882793,0.33135608412072787,-0.8044601848086584,0.5359908763782083,0.65598425275231,-0.40698000256120515,1.9340462925288737,2.601471820985738,-0.22228721051800054,0.2797143973868702,0.23933763745906408,-1.4452280572047553,-0.675872779967936,-0.5026289319715552,0.6005723263928778,-0.7147096548252279,0.17118518202650274,0.13538609223491244,-0.1467878716331573,1.915859749559493,-1.8078098403846277,-0.5199720455684188,2.107163615836653,-0.4649305763917082,-0.44119850547939543,1.2668108071406912,-0.4111207378147746,0.42043635328675766,0.9899575189322809,0.195215898557273,1.1081320675553021,1.4711105655690195,-0.24338200837352542
0.42789555300784826,-0.6876375752993759,2.1271196762396523,0.4213163165347228,0.43678089642713724,0.7168702609793979,1.1841165862694325,2.5500006359275025,0.708629481156722,-1.8278658220754145,-1.4976059228258993,-0.701527215318749,-1.4183330622497663,-0.5624280170047721,-0.6573920125705396,-0.42997260393812436,-0.10348365522052899,-1.7460348302555064,-2.352757931544942,-0.1608240161899641,1.0678857145058234,-0.17231279801069638,1.2694200532448179,0.6294295876346124,1.924740975187728,1.2119993103938005,0.4029141194243751,1.1100451259784965,-1.6289048837227529,1.6911461521162374,-1.9053545117535289,2.303878500320658,1.1257554818580255,-0.4649305763917082,0.4475265479452982,0.0016377708451614343,-0.47594311609349804,2.453518096836825,0.01120992142345094,-0.9352096942031566,0.8701215182049494,-1.5025460245648363,-2.3073978810677382,0.09694363173881958
0.2657088222914541,-0.11660644890028653,0.111646247463489,-0.16846078929929847,-0.4063373478979515,-0.1191161643579123,0.02069997026065203,0.0545820068559705,0.2326267686034137,-0.20889536275563192,0.2486555306323122,-0.22175471803349547,0.3255194430558773,0.36047449415480154,0.04987389289192682,0.027826465322317372,-0.017098056632924855,-0.31291432287375565,-0.3506598968219471,0.04469592373771472,-0.1106930459536804,-0.04509968437129495,0.20865220153732417,0.14445049330769624,-0.2513480243906342,-0.18934883200700453,0.16087419963023705,-0.2782228879678979,0.12872836866399281,-0.13450798961385374,-0.20720218284611247,0.15818597100199602,-0.23540815309215618,-0.44119850547939543,0.0016377708451614343,0.2053339253600327,-0.28359939894512126,-0.23427883851412393,-0.01571913634373854,-0.1806877747918872,-0.06449812361398828,-0.031162800196184923,0.004333580770672176,0.1507701380896898
-0.815651309870154,0.9231750771909099,-2.184393268959937,-0.07205958260763343,0.2799508248803122,-0.4617624332728954,-1.1814740355544824,-2.55103776695406,-1.0356822658670701,2.0613307814657795,1.1945663721778301,1.0608822137170735,0.9524460290217667,-0.04857785385458882,0.6240177810416327,0.48399572392398815,0.00892661470339838,2.167909203503674,2.8594481131380918,0.039766109473202034,-0.7194562710621843,0.23901242480226417,-1.5668304963322301,-0.7994117977825441,-1.4735248192557047,-0.6906027804083146,-0.6380097308112587,-0.6270052263861688,1.2609988827095535,-1.3057396183305274,2.1971988106547133,-2.4592634461978244,-0.8366912162258147,1.2668108071406912,-0.47594311609349804,-0.28359939894512126,0.9449152003530263,-1.9089260894749887,0.10165650350924088,1.1635275399770328,-0.6169922396765548,1.5226547157861658,2.237309117273212,-0.26972358544151886
2.1361909159040704,-3.352503435998138,14.032917094574213,3.9622303361206965,4.742856052638262,5.577572818471446,7.640723167787456,16.518882982685035,4.072419741687885,-11.69255542276336,-9.139285204591765,-3.592776327244473,-9.256516074222327,-5.011423895848896,-3.7904216015838803,-1.7462976501580711,-1.8785231243185352,-10.605976824825364,-14.063067188864299,-1.6228784719438225,8.84557096813497,-0.9828082451199173,7.5476017781569595,4.004227945627241,13.230580568155178,10.461235590827854,2.1200320857063724,8.221228558774275,-12.275665083221284,12.700425788103258,-11.497868622309074,14.7647366400556,6.8084326483465585,-0.4111207378147746,2.453518096836825,-0.23427883851412393,-1.9089260894749887,17.828253641999908,1.0504548028653142,-5.8674334526552,7.240902112232253,-9.516105455766416,-14.978155199577165,0.76703265861491
0.021305957080139465,0.06802849620382428,0.646741216449493,0.3809481787550508,0.4910668938491882,0.3811854734738515,0.3080053057869073,0.6727989778926936,0.1067871409560231,-0.49184965169707967,-0.19195150429763677,0.0026524273258873112,-0.3215587868917758,-0.40550316643819645,-0.04404590045105292,0.1426997636790528,-0.3272141897557362,-0.3531942202166423,-0.38983043219802394,-0.1803304638437577,0.7254606872170555,-0.027864565566007245,0.20899379213479108,0.17551746614098782,0.6342933688559387,0.913684266968016,0.0257532146402689,0.47944376029611424,-0.8142117280474581,0.8409480007290215,-0.3368395882495274,0.5982785557182381,0.13431499414908996,0.42043635328675766,0.01120992142345094,-0.01571913634373854,0.10165650350924088,1.0504548028653142,0.2416605461313827,-0.23326645892257633,0.6000937496985475,-0.3463907476273194,-0.6077016016334117,0.10350264978534661
-1.1511564739738749,1.4748885087251342,-5.117254637875692,-1.0640072751942498,-0.9840954784621704,-1.7430365357281794,-2.7657218606089584,-5.977518045966693,-1.7912623917123809,4.446498644600765,3.0602861238552315,1.6657513695284198,2.9289870077505515,1.2031410585046967,1.3616785056007963,0.7292007673891604,0.5362246060366609,4.248189533331122,5.594615784588905,0.45317420138831194,-2.7953786224439883,0.42240224978920327,-3.0295493129622333,-1.606564220819659,-4.348575522538654,-3.1942029635317937,-1.0032468851482121,-2.4908500342821416,4.0280832506438236,-4.168040220705618,4.463047572045105,-5.489017924605002,-2.2296591197165445,0.9899575189322809,-0.9352096942031566,-0.1806877747918872,1.1635275399770328,-5.8674334526552,-0.23326645892257633,2.336347003726597,-2.3148599612002,3.4708097767710897,5.356192495480923,-0.42829210559972825
0.8079774261483798,-1.1285229544627942,5.563585560936303,1.7324140823361953,2.0756629965127327,2.31423087810067,2.9795739264895795,6.454173646433881,1.5697577435694068,-4.608779484114246,-3.351018155268971,-1.2940433695860691,-3.501172820618459,-2.0913547820562735,-1.3636106500566303,-0.4639045174757982,-0.9847791444940378,-4.111058019097504,-5.371113108243702,-0.7376249274305698,3.7901061740675592,-0.37501138768154774,2.8838380297302435,1.5964573567865274,5.213629275620351,4.526311575332781,0.792638511993997,3.3058778570243494,-5.078847025037663,5.247710417227541,-4.390109726229025,5.784399461890643,2.47173577368693,0.195215898557273,0.8701215182049494,-0.06449812361398828,-0.6169922396765548,7.240902112232253,0.6000937496985475,-2.3148599612002,3.1167484214774586,-3.6761998514293643,-5.840026733968777,0.38806639934368287
-1.5107009486127674,2.2358118541544587,-7.961130267723758,-1.8525047020695249,-2.0074215699717812,-2.866831389823472,-4.357425595016877,-9.405693619879047,-2.558183710080076,6.784009767566229,5.201768372361753,2.3888806531359457,5.073394375385167,2.3204222154500034,2.2446857486985317,1.2424177119211641,0.7676260951579194,6.35728353303694,8.454127407731804,0.7491695323040475,-4.487943040046528,0.6192441807374625,-4.557454501341262,-2.365493045605082,-7.191029100561789,-5.194503281839883,-1.4047157571881979,-4.266149582443844,6.472192854037924,-6.708337561896749,6.843027866690478,-8.49918524187899,-3.871848947065534,1.1081320675553021,-1.5025460245648363,-0.031162800196184923,1.5226547157861658,-9.516105455766416,-0.3463907476273194,3.4708097767710897,-3.6761998514293643,5.474601520356904,8.494236979200139,-0.4821786887983124
-2.2569271473442667,3.3815849651981407,-12.378785014477085,-2.9950239244857144,-3.327822594262142,-4.549213400607259,-6.777431055838581,-14.626220954083072,-3.9036942455216477,10.5041257541522,8.102873831243697,3.6138104480856987,7.952675275038464,3.768876871126099,3.467679019977889,1.8664146716091254,1.2713927870258963,9.785276785381,13.01328423035497,1.2138627722498483,-7.130675526036541,0.9452989017721716,-7.011098273260411,-3.6488782156795416,-11.286005863238119,-8.29111293352883,-2.122158931272828,-6.756425987626754,10.209362752202473,-10.575844135101107,10.553573504111828,-13.185205000812639,-6.031127690305777,1.4711105655690195,-2.3073978810677382,0.004333580770672176,2.237309117273212,-14.978155199577165,-0.6077016016334117,5.356192495480923,-5.840026733968777,8.494236979200139,13.223294420828456,-0.7280867643820821
0.3115050391806468,-0.19275555383033935,0.8094363289353327,0.1297791148044598,-0.010597753677423933,0.20914036646687853,0.3927805305369384,0.848122980719077,0.36699434250285823,-0.7561608929422324,-0.18254180914004314,-0.30845289207907384,-0.1816036127783326,-0.017411940734879228,-0.1108781883423474,-0.007931687846482252,-0.17992755425392506,-0.7531179147722431,-0.9022045501572197,-0.08219641680438845,0.4562674738167385,-0.09073600065595269,0.5041794156470272,0.3150069218255569,0.4729874451385923,0.5093164901453684,0.22124891672811367,0.2180844188378674,-0.586800277985095,0.6164793088632566,-0.6927214182071957,0.851102393009196,0.11564009314324253,-0.24338200837352542,0.09694363173881958,0.1507701380896898,-0.26972358544151886,0.76703265861491,0.10350264978534661,-0.42829210559972825,0.38806639934368287,-0.4821786887983124,-0.7280867643820821,0.19892966395234318
