V1,V2,V3,V4,V5,V6,V7,V8,V9,V10,V11,V12,V13,V14,V15,V16,V17,V18,V19,V20,V21,V22,V23,V24,V25,V26,V27,V28,V29,V30,V31,V32,V33,V34,V35,V36,V37,V38,V39,V40,V41,V42,V43,V44
1604.7429420725362,-583.8907733222437,3.7077333084627666,275.13338405517794,994.9642295995261,-2654.620242503482,1264.2829382388002,1179.0720508344418,-68.32342304135399,-334.00322828513157,-4364.461502345706,-2773.2311639685063,80.22547760787656,-978.8073925488034,-2274.7071624296377,-1953.5496950643637,-923.6296079072046,-823.9291813037527,-5107.08109563051,-3515.576443672944,-2714.2581460327197,-1426.4293296873575,2454.6853328954735,2957.0249292867074,2505.0450184870033,-1117.6752703533764,347.3258252920041,-2289.459406589843,-332.2147617266556,-2061.5713196927013,627.9981709803375,2178.1656046859434,890.3437919175589,1405.4831733544165,3112.9691750679876,2616.0745143997615,1283.1736340931063,-1536.650560385134,-143.04237353645397,-685.2714218338775,-1002.3941942856337,-159.01417580998375,-70.63536440343466,1346.1218952824304
-583.8907733222437,212.5331398176298,-1.2479576750594328,-100.17103038186868,-362.1677606115154,965.9048021404088,-460.01292728440563,-428.8367646543904,24.802228178302254,121.55921964461153,1588.029203283771,1008.9542389898222,-29.21635233362651,355.78105223019753,827.5442409700405,710.7991768863493,336.08576793500237,299.62640048529164,1858.0810346526669,1279.0563380338513,987.6395013943829,518.7472165956883,-893.0409834057505,-1075.75107400711,-911.4078993502035,406.71382111976345,-126.48257903851913,832.8970669632058,120.89511238621077,749.920651848216,-228.49667657851018,-792.5549602747155,-323.86782484054584,-511.4735508742182,-1132.5420081955785,-951.8706913406635,-466.95648211170715,559.0299089685933,52.03215078204099,249.31175854734138,364.61437231866574,57.723384604640515,25.80802464308354,-489.7771921511611
3.7077333084627666,-1.2479576750594328,0.9493249108261874,0.24915580725372607,1.6213839876074296,-6.708024455735077,3.277412000231233,4.087274054986652,-0.4418799738469726,-0.6946176975281815,-10.919612001932451,-7.8541638979656945,0.1703873594391223,-4.67880772343349,-6.419408103661433,-5.168924817737769,-2.1483667265960418,-2.8182776828748284,-13.501951100467878,-9.276746280393498,-6.52137757891094,-5.004929548105456,6.656573726143251,8.578190148438903,6.599808558483311,-2.6619482750379118,0.16721087453186695,-6.532532676590451,-0.6005092293944992,-6.117370672520574,1.6122537804933557,5.343576954565937,2.517731774060101,2.980869669639413,8.470539377690276,6.455664401953216,2.9565961941534535,-4.459868969430253,-0.16485530644621865,-1.6920148873712277,-3.2925228153416404,-1.4617694396921956,0.27291762725652297,3.2220748412450355
275.13338405517794,-100.17103038186868,0.24915580725372607,47.34739955773651,170.88791241207426,-454.8882446537623,216.60283108293933,201.57507257778087,-11.57720489563708,-57.285335955958956,-747.9255234923297,-474.86352259960586,13.778124988166981,-166.7764400663641,-389.4824462005763,-334.65792057661497,-158.34646070270045,-140.8531847421479,-874.8683965572245,-602.2373911999134,-465.2574129695676,-243.81197880093916,420.42641425717187,506.24097988639886,429.1498435742714,-191.60535189401122,59.81568479532187,-391.97145468702666,-57.01648235534229,-352.86395939728015,107.59869437307015,373.31800077024604,152.43865285730706,241.08017034929128,533.1613837525111,448.3425928019488,220.00781395095706,-263.0741637532102,-24.59540306642299,-117.43964852863392,-171.44093334434137,-26.792267485261586,-12.303070218359371,230.7336895200003
994.9642295995261,-362.1677606115154,1.6213839876074296,170.88791241207426,617.4746938670149,-1645.5784944790792,783.6674253236969,730.0322112825095,-42.12316639833914,-207.16736314421718,-2705.540035300164,-1718.4761895306087,49.76844242125979,-605.0178058636343,-1409.5305188277105,-1210.8357178840033,-572.6794072185049,-510.12264429561134,-3165.2860102774025,-2178.9201967266836,-1682.7883525170655,-883.0919172187592,1521.2456909375478,1832.1614545061875,1552.6133782545296,-692.9813731806062,215.84478122830438,-1418.6127305030823,-206.09973667256875,-1277.1812986960806,389.27302604946925,1350.3370024799476,551.6537915904773,871.6778817956674,1929.1846252296305,1621.7771215653763,795.6669774131922,-952.1074593927129,-88.77408928835719,-424.781877262999,-620.7952877056123,-97.78092304396587,-44.17591479791614,834.5300922543946
-2654.620242503482,965.9048021404088,-6.708024455735077,-454.8882446537623,-1645.5784944790792,4392.063151220113,-2091.844743458516,-1951.3137905240708,113.20892280540176,552.5698736011537,7220.774363012531,4588.775876972956,-132.72142176775543,1620.6159280033287,3763.8672846533236,3232.2887211487637,1528.0149943870756,1363.5408116346564,8449.727448969054,5816.566247471505,4490.45876494636,2360.7554404271173,-4061.3806486231692,-4892.886482974593,-4144.609657288521,1849.056072110034,-574.2640261074015,3788.3215778866843,549.5276133059225,3411.2875694336067,-1038.9988584070406,-3603.5984038556653,-1473.1533610774127,-2325.0846380236726,-5150.631202564968,-4328.18052696131,-2122.888182414747,2542.6272701807648,236.4074743226894,1133.6988896790226,1658.8678177674951,263.81298189092377,116.69136294675418,-2226.971319684033
1264.2829382388002,-460.01292728440563,3.277412000231233,216.60283108293933,783.6674253236969,-2091.844743458516,996.3312523270166,929.4628191671635,-53.96357452917046,-263.18179578212954,-3439.086648736718,-2185.607385864373,63.19809453677242,-772.0645707637831,-1792.7334568454241,-1539.5044163486402,-727.7429824059179,-649.5037883090414,-4024.4739890640576,-2770.350534669493,-2138.6677331991723,-1124.5146476370837,1934.3908459065565,2330.4712655207004,1973.9945167681058,-880.634720939558,273.44084440475285,-1804.384043724293,-261.71705904379775,-1624.7951537931676,494.8650153475029,1716.28455098618,701.6529891003189,1107.3294964569568,2453.191490264912,2061.409911893287,1011.0587026397419,-1211.0452883312184,-112.56523308359071,-539.9365809056674,-790.1654715016525,-125.7611300650554,-55.549132646805184,1060.636625531152
1179.0720508344418,-428.8367646543904,4.087274054986652,201.57507257778087,730.0322112825095,-1951.3137905240708,929.4628191671635,868.325482589597,-50.64115798653439,-245.31399549673202,-3208.0036452036197,-2039.734926642739,58.90174569281874,-722.757754319251,-1673.0711245373554,-1436.321650556893,-678.6536554518705,-606.7575729550033,-3754.92922088907,-2584.7765532022436,-1994.6490002742023,-1050.6150771897874,1805.0264207258422,2175.2417626531114,1841.7541644399128,-821.2988274528299,254.2548434253742,-1684.026254351364,-243.86364408073655,-1516.7305155393708,461.66460678004853,1600.839570537498,654.8698113402112,1032.2718847267624,2289.13089004832,1922.7564044529536,942.7751806822049,-1130.3867355241068,-104.86038576570327,-503.66044556558944,-737.9568144072815,-118.45396507549765,-51.2449881408388,989.2290210178292
-68.32342304135399,24.802228178302254,-0.4418799738469726,-11.57720489563708,-42.12316639833914,113.20892280540176,-53.96357452917046,-50.64115798653439,3.0378865320485384,14.215425764817583,186.10313903804035,118.52422973811385,-3.3948730639130735,42.48084857892115,97.26327060141818,83.39092040053418,39.33123095163063,35.416001029518,218.02791554926634,150.0846306905466,115.63502692053055,61.325799332946175,-104.85117607416586,-126.47058814764372,-106.9105236469772,47.582955274397726,-14.58014238121271,97.92035679118806,14.10989390103504,88.23379898156534,-26.80095167571836,-92.8264165516617,-38.07720139566441,-59.74698883577468,-132.9783762567478,-111.5268034881524,-54.6199952061825,65.71681989478152,6.039391563195731,29.20841054384645,43.0112540213803,7.135704894700702,2.860172218600822,-57.367200496030875
-334.00322828513157,121.55921964461153,-0.6946176975281815,-57.285335955958956,-207.16736314421718,552.5698736011537,-263.18179578212954,-245.31399549673202,14.215425764817583,69.57734509959108,908.4726377530943,577.1806775470741,-16.68751276186068,203.5441340203247,473.4465594790008,406.633517465327,192.26541109605293,171.43265603155598,1062.9589390416418,731.7334211004561,564.9865625619335,296.7895129623902,-510.8847823207979,-615.400741372799,-521.3623028176446,232.64245667967208,-72.35895753961475,476.5162053455347,69.18191962695838,429.005284829888,-130.73288898508295,-453.3798354548074,-185.2874692106279,-292.59737907048384,-647.9003081777786,-544.5423852152095,-267.12318228049105,319.80348946871743,29.753053325455152,142.6139963536392,208.5982207325911,33.03856852571634,14.762886982272391,-280.19093025658543
-4364.461502345706,1588.029203283771,-10.919612001932451,-747.9255234923297,-2705.540035300164,7220.774363012531,-3439.086648736718,-3208.0036452036197,186.10313903804035,908.4726377530943,11871.42624525874,7544.110010340863,-218.1818468470847,2664.2155103927444,6187.957209064478,5314.035297680612,2512.162255134033,2241.7021582134257,13891.868710873807,9562.805816907836,7382.609034262004,3881.113377963824,-6677.151516866685,-8044.130086490216,-6813.972477162046,3039.967954040027,-944.1690177471748,6228.15163539521,903.4730433831725,5608.2710802966,-1708.2045833579166,-5924.53915692352,-2421.945086899246,-3822.571005906367,-8467.902094980902,-7115.761754760049,-3490.133967212698,4180.208595408218,388.7472678377466,1863.872698278923,2727.2231807022213,433.5717162231144,191.8552190539858,-3661.3018096519722
-2773.2311639685063,1008.9542389898222,-7.8541638979656945,-474.86352259960586,-1718.4761895306087,4588.775876972956,-2185.607385864373,-2039.734926642739,118.52422973811385,577.1806775470741,7544.110010340863,4795.07766832512,-138.62352997310987,1695.2264846503142,3933.071105879022,3377.2688178967874,1596.2916146335406,1425.2977538440095,8828.763097958485,6077.474076997436,4691.286453554893,2467.785338347487,-4243.716482583929,-5113.062436885335,-4330.504829785408,1931.7269576948652,-599.3322754604961,3958.6825009894505,573.9264469963065,3564.9162657748343,-1085.561629335823,-3764.855427917823,-1539.392796350662,-2428.696837991125,-5381.890846883488,-4521.896982936557,-2217.6994432520164,2657.0445442901982,246.83854755482784,1184.4533479244333,1733.863094991881,276.5820154891619,121.49428368016648,-2326.563291943011
80.22547760787656,-29.21635233362651,0.1703873594391223,13.778124988166981,49.76844242125979,-132.72142176775543,63.19809453677242,58.90174569281874,-3.3948730639130735,-16.68751276186068,-218.1818468470847,-138.62352997310987,4.050159263852766,-48.843540938507445,-113.67153668129124,-97.65595897805035,-46.17646952911028,-41.141204406082814,-255.27105990316176,-175.70192794626817,-135.7102845510072,-71.2399640020187,122.68062046756299,147.78442810491376,125.23164100312525,-55.892588063614475,17.394435585012225,-114.40270455397172,-16.60498295172957,-103.02954074455162,31.382330380563122,108.90780435309016,44.488636377211655,70.29848124193674,155.59633579036668,130.792286607653,64.17898168502059,-76.7955583222969,-7.144937774976204,-34.25965283813613,-50.0744177483065,-7.922816139952612,-3.5591145742650587,67.29981966954348
-978.8073925488034,355.78105223019753,-4.67880772343349,-166.7764400663641,-605.0178058636343,1620.6159280033287,-772.0645707637831,-722.757754319251,42.48084857892115,203.5441340203247,2664.2155103927444,1695.2264846503142,-48.843540938507445,603.4669013235429,1390.5284764647047,1193.2127100994976,563.3824623976623,505.0541507093896,3119.513269814539,2147.356112158923,1656.133529220009,874.6412062823712,-1499.8174868424956,-1808.2039221974633,-1530.025766711887,681.8429509191586,-210.15022709820582,1399.7426194823763,202.22394126545134,1261.0345729227058,-383.47621889672774,-1329.311004070375,-544.3252519259374,-856.5093142591236,-1902.0941244482563,-1596.6997687496075,-782.5567927441369,939.6504734458513,86.85264432797649,418.2734655347962,613.9907315147681,99.87169537196415,41.87086127374879,-821.3742735324703
-2274.7071624296377,827.5442409700405,-6.419408103661433,-389.4824462005763,-1409.5305188277105,3763.8672846533236,-1792.7334568454241,-1673.0711245373554,97.26327060141818,473.4465594790008,6187.957209064478,3933.071105879022,-113.67153668129124,1390.5284764647047,3226.096832021215,2770.1584342825463,1309.3377838236456,1169.1364840195074,7241.715066368997,4985.007183985566,3847.944095665677,2024.2241743533068,-3480.8795545371736,-4193.928738254137,-3552.0249090424318,1584.4340698482542,-491.5841292093552,3247.108307130735,470.77799758602765,2924.1011803115484,-890.4306858398752,-3088.048178953513,-1262.6929550204632,-1992.0850588038138,-4414.451467438858,-3709.028568463534,-1819.0141849653469,2179.402907231362,202.47568751250859,971.52853356549,1422.2017303963505,226.87467850231818,99.63949105693379,-1908.3495110742513
-1953.5496950643637,710.7991768863493,-5.168924817737769,-334.65792057661497,-1210.8357178840033,3232.2887211487637,-1539.5044163486402,-1436.321650556893,83.39092040053418,406.633517465327,5314.035297680612,3377.2688178967874,-97.65595897805035,1193.2127100994976,2770.1584342825463,2378.8406359257488,1124.4820991348058,1003.6664864891375,6218.6422423644035,4280.754593715026,3304.6192103147396,1737.7157628201348,-2989.049731810971,-3601.1413763465625,-3050.2391443578867,1360.749556688283,-422.4442056355601,2788.17164992676,404.3635487789378,2510.710567002247,-764.6590055596392,-2651.9818470571404,-1084.2119769261956,-1710.9680326606194,-3790.7044716940004,-3185.2370669498177,-1562.245933140843,1871.3642171576978,173.92981761071474,834.3095839173737,1221.024026646113,194.41234382875447,85.77777626134318,-1638.8654468959487
-923.6296079072046,336.08576793500237,-2.1483667265960418,-158.34646070270045,-572.6794072185049,1528.0149943870756,-727.7429824059179,-678.6536554518705,39.33123095163063,192.26541109605293,2512.162255134033,1596.2916146335406,-46.17646952911028,563.3824623976623,1309.3377838236456,1124.4820991348058,531.6456459181101,474.2359818778031,2939.583126530453,2023.5346894784211,1562.3201414604382,821.0414262687921,-1412.8843003513043,-1702.0348973836572,-1441.8805084850726,643.329290682912,-199.93060531217793,1317.8268717319552,191.23214511237916,1186.6315357003255,-361.4617688533441,-1253.7381391557956,-512.4679650083079,-809.0237985349852,-1791.814367406594,-1505.8273574994707,-738.6223567400792,884.4732986371286,82.28910800501004,394.4344743999927,576.9724537742454,91.57232092444008,40.687934203651906,-774.8131203599452
-823.9291813037527,299.62640048529164,-2.8182776828748284,-140.8531847421479,-510.12264429561134,1363.5408116346564,-649.5037883090414,-606.7575729550033,35.416001029518,171.43265603155598,2241.7021582134257,1425.2977538440095,-41.141204406082814,505.0541507093896,1169.1364840195074,1003.6664864891375,474.2359818778031,424.0328095280603,2623.911269770423,1806.2230409612557,1393.8224208195254,734.186515491901,-1261.34272267845,-1520.0117579403461,-1286.9822561583658,573.8824100083089,-177.67389348543645,1176.7967384266694,170.4311758068327,1059.889314812298,-322.60848235871526,-1118.632121284698,-457.6390117094008,-721.3394204509883,-1599.6240966008731,-1343.6109428290797,-658.7814721110982,789.8834540171923,73.29056354226519,351.9580632890044,515.6737562028428,82.7649123131975,35.795946441119106,-691.282570255214
-5107.08109563051,1858.0810346526669,-13.501951100467878,-874.8683965572245,-3165.2860102774025,8449.727448969054,-4024.4739890640576,-3754.92922088907,218.02791554926634,1062.9589390416418,13891.868710873807,8828.763097958485,-255.27105990316176,3119.513269814539,7241.715066368997,6218.6422423644035,2939.583126530453,2623.911269770423,16256.840946484255,11190.769952877983,8638.852946824794,4542.886429048413,-7814.029398145755,-9414.169921432132,-7973.959229402698,3557.2109620975743,-1104.2759182431666,7288.81594429407,1057.0632000763135,6563.59772993557,-1998.9669057814845,-6932.767193963753,-2834.426972069565,-4472.685435819626,-9909.673658608306,-8326.747897665278,-4083.8802632451984,4892.1576439975015,454.81302733717115,2181.0981500193043,3192.027687248854,508.1947557793711,224.09205053466252,-4284.35374229662
-3515.576443672944,1279.0563380338513,-9.276746280393498,-602.2373911999134,-2178.9201967266836,5816.566247471505,-2770.350534669493,-2584.7765532022436,150.0846306905466,731.7334211004561,9562.805816907836,6077.474076997436,-175.70192794626817,2147.356112158923,4985.007183985566,4280.754593715026,2023.5346894784211,1806.2230409612557,11190.769952877983,7703.443631081929,5946.757646638602,3127.185597861493,-5378.967752190268,-6480.449284591498,-5489.043758235262,2448.6877770533356,-760.1597536338982,5017.428688137044,727.6634618438308,4518.175133529031,-1376.05033488739,-4772.324772906965,-1951.1384627557093,-3078.8751713732017,-6821.5440946304325,-5731.910236922809,-2811.2316946343676,3367.6290919608705,313.08065399786057,1501.3990101907193,2197.3053842765607,349.8125808864773,154.26962634832793,-2949.2287303255025
-2714.2581460327197,987.6395013943829,-6.52137757891094,-465.2574129695676,-1682.7883525170655,4490.45876494636,-2138.6677331991723,-1994.6490002742023,115.63502692053055,564.9865625619335,7382.609034262004,4691.286453554893,-135.7102845510072,1656.133529220009,3847.944095665677,3304.6192103147396,1562.3201414604382,1393.8224208195254,8638.852946824794,5946.757646638602,4591.201722329287,2413.1382936312857,-4152.225455634512,-5002.129762192753,-4237.394974147234,1890.5570456417838,-587.3808955289525,3872.911814994757,561.9164674194667,3487.3948171896245,-1062.2685264415945,-3684.40431132826,-1506.0647991844187,-2377.374325810298,-5265.819791982945,-4425.203644023904,-2170.548537239009,2599.3971302514533,241.79979544242386,1159.1237561236837,1695.7588716639737,269.3186945100032,119.4601030807047,-2276.9362313823713
-1426.4293296873575,518.7472165956883,-5.004929548105456,-243.81197880093916,-883.0919172187592,2360.7554404271173,-1124.5146476370837,-1050.6150771897874,61.325799332946175,296.7895129623902,3881.113377963824,2467.785338347487,-71.2399640020187,874.6412062823712,2024.2241743533068,1737.7157628201348,821.0414262687921,734.186515491901,4542.886429048413,3127.185597861493,2413.1382936312857,1271.2467786093634,-2183.8228389098163,-2631.7559739277076,-2228.218822085931,993.5803620582075,-307.54217686822074,2037.4909728893842,295.0388815813354,1835.1045410619618,-558.5351918959651,-1936.7090356073038,-792.3375578958605,-1248.833644203512,-2769.5319021204123,-2326.2178646556904,-1140.5615497470674,1367.6106242561239,126.84182676726851,609.3505921076764,892.8735192750627,143.42906618710782,61.9437512156976,-1196.8048149418992
2454.6853328954735,-893.0409834057505,6.656573726143251,420.42641425717187,1521.2456909375478,-4061.3806486231692,1934.3908459065565,1805.0264207258422,-104.85117607416586,-510.8847823207979,-6677.151516866685,-4243.716482583929,122.68062046756299,-1499.8174868424956,-3480.8795545371736,-2989.049731810971,-1412.8843003513043,-1261.34272267845,-7814.029398145755,-5378.967752190268,-4152.225455634512,-2183.8228389098163,3755.9412743757034,4525.1562445570025,3832.7609207037503,-1709.7507823848189,530.6370667369022,-3503.5377308754655,-508.0381850226423,-3154.9882384238126,960.8212287712073,3332.227357247336,1362.4334400089597,2149.6948066339014,4763.232575074587,4002.2517951948125,1962.865208238403,-2351.540900576249,-218.5844322301057,-1048.3429769498316,-1534.4038499876651,-244.44885034069617,-107.6175964052385,2059.258978480916
2957.0249292867074,-1075.75107400711,8.578190148438903,506.24097988639886,1832.1614545061875,-4892.886482974593,2330.4712655207004,2175.2417626531114,-126.47058814764372,-615.400741372799,-8044.130086490216,-5113.062436885335,147.78442810491376,-1808.2039221974633,-4193.928738254137,-3601.1413763465625,-1702.0348973836572,-1520.0117579403461,-9414.169921432132,-6480.449284591498,-5002.129762192753,-2631.7559739277076,4525.1562445570025,5452.288364799302,4617.6128391474,-2059.6972829799365,638.8505083092232,-4221.262139772519,-611.9048183004297,-3801.4421780040398,1157.5491756766055,4014.347048832068,1641.5201564484805,2589.466086904011,5738.774474066852,4821.537459870546,2364.553343744364,-2833.3324753602274,-263.21582086463195,-1262.9511204684839,-1849.0050907780026,-295.1324230327462,-129.379243296978,2480.7431239077487
2505.0450184870033,-911.4078993502035,6.599808558483311,429.1498435742714,1552.6133782545296,-4144.609657288521,1973.9945167681058,1841.7541644399128,-106.9105236469772,-521.3623028176446,-6813.972477162046,-4330.504829785408,125.23164100312525,-1530.025766711887,-3552.0249090424318,-3050.2391443578867,-1441.8805084850726,-1286.9822561583658,-7973.959229402698,-5489.043758235262,-4237.394974147234,-2228.218822085931,3832.7609207037503,4617.6128391474,3911.245912203225,-1744.8422401491252,541.6825508590055,-3575.118938661296,-518.4907510721432,-3219.428776899245,980.4728258926497,3400.5508517326684,1390.27432504844,2193.9034502304053,4860.679852976225,4084.2986693002113,2003.1770029714758,-2399.5783441937206,-223.09104018277594,-1069.8489519926861,-1565.6465231082702,-249.23089428426718,-109.94005827317056,2101.4885100371266
-1117.6752703533764,406.71382111976345,-2.6619482750379118,-191.60535189401122,-692.9813731806062,1849.056072110034,-880.634720939558,-821.2988274528299,47.582955274397726,232.64245667967208,3039.967954040027,1931.7269576948652,-55.892588063614475,681.8429509191586,1584.4340698482542,1360.749556688283,643.329290682912,573.8824100083089,3557.2109620975743,2448.6877770533356,1890.5570456417838,993.5803620582075,-1709.7507823848189,-2059.6972829799365,-1744.8422401491252,778.5090029791756,-241.89963901337015,1594.7124341749338,231.37936716933518,1435.9656211936149,-437.40967296951874,-1517.1586302683074,-620.1315422046314,-978.9672143248445,-2168.2881737227945,-1822.1835205275581,-893.7963421995355,1070.3431588267729,99.5707887286636,477.29590084179415,698.2298361085509,110.84683766603541,49.2166273448457,-937.5778728246717
347.3258252920041,-126.48257903851913,0.16721087453186695,59.81568479532187,215.84478122830438,-574.2640261074015,273.44084440475285,254.2548434253742,-14.58014238121271,-72.35895753961475,-944.1690177471748,-599.3322754604961,17.394435585012225,-210.15022709820582,-491.5841292093552,-422.4442056355601,-199.93060531217793,-177.67389348543645,-1104.2759182431666,-760.1597536338982,-587.3808955289525,-307.54217686822074,530.6370667369022,638.8505083092232,541.6825508590055,-241.89963901337015,75.6496173267147,-494.72390216366796,-72.02948994494275,-445.30438447546237,135.81261799572422,471.29221244401623,192.38556366835857,304.4666853213809,672.9509496623859,566.0245099143018,277.81410861987257,-331.9809148340734,-31.032789272696313,-148.25636558636253,-216.28762492110926,-33.687630676290205,-15.63099236421463,291.30065018833915
-2289.459406589843,832.8970669632058,-6.532532676590451,-391.97145468702666,-1418.6127305030823,3788.3215778866843,-1804.384043724293,-1684.026254351364,97.92035679118806,476.5162053455347,6228.15163539521,3958.6825009894505,-114.40270455397172,1399.7426194823763,3247.108307130735,2788.17164992676,1317.8268717319552,1176.7967384266694,7288.81594429407,5017.428688137044,3872.911814994757,2037.4909728893842,-3503.5377308754655,-4221.262139772519,-3575.118938661296,1594.7124341749338,-494.72390216366796,3268.2776550980566,473.81832248298804,2943.1755502058654,-896.2219824374952,-3108.1042564555582,-1270.9212821498543,-2004.9806673059923,-4443.180159709304,-3733.1118137163985,-1830.806276217026,2193.6115895101807,203.77397148507526,977.8349684747207,1431.503295460703,228.4286835031933,100.24366567988449,-1920.7353655135125
-332.2147617266556,120.89511238621077,-0.6005092293944992,-57.01648235534229,-206.09973667256875,549.5276133059225,-261.71705904379775,-243.86364408073655,14.10989390103504,69.18191962695838,903.4730433831725,573.9264469963065,-16.60498295172957,202.22394126545134,470.77799758602765,404.3635487789378,191.23214511237916,170.4311758068327,1057.0632000763135,727.6634618438308,561.9164674194667,295.0388815813354,-508.0381850226423,-611.9048183004297,-518.4907510721432,231.37936716933518,-72.02948994494275,473.81832248298804,68.82596470086766,426.5969359408524,-129.9897241864233,-450.9055333528893,-184.25897078950652,-291.0585764178305,-644.2938451816091,-541.5814947151503,-265.6854424565199,317.9767797504146,29.61953999323324,141.85742332576953,207.36646758298437,32.75842961966511,14.716031070062751,-278.6837769840323
-2061.5713196927013,749.920651848216,-6.117370672520574,-352.86395939728015,-1277.1812986960806,3411.2875694336067,-1624.7951537931676,-1516.7305155393708,88.23379898156534,429.005284829888,5608.2710802966,3564.9162657748343,-103.02954074455162,1261.0345729227058,2924.1011803115484,2510.710567002247,1186.6315357003255,1059.889314812298,6563.59772993557,4518.175133529031,3487.3948171896245,1835.1045410619618,-3154.9882384238126,-3801.4421780040398,-3219.428776899245,1435.9656211936149,-445.30438447546237,2943.1755502058654,426.5969359408524,2650.5612567381168,-807.0054636742835,-2798.7510492864944,-1144.539750121934,-1805.3081455347947,-4001.163608711905,-3361.5594715135635,-1648.5196256610254,1975.4405370935626,183.48314612187045,880.5549053461958,1289.2093375768543,205.9527343179604,90.11708871626003,-1729.5690528414943
627.9981709803375,-228.49667657851018,1.6122537804933557,107.59869437307015,389.27302604946925,-1038.9988584070406,494.8650153475029,461.66460678004853,-26.80095167571836,-130.73288898508295,-1708.2045833579166,-1085.561629335823,31.382330380563122,-383.47621889672774,-890.4306858398752,-764.6590055596392,-361.4617688533441,-322.60848235871526,-1998.9669057814845,-1376.05033488739,-1062.2685264415945,-558.5351918959651,960.8212287712073,1157.5491756766055,980.4728258926497,-437.40967296951874,135.81261799572422,-896.2219824374952,-129.9897241864233,-807.0054636742835,245.82371871197483,852.4756799148893,348.5085344586328,549.9782859054385,1218.4849435843114,1023.8725711678112,502.16667703610074,-601.5417070954345,-55.937080107965706,-268.174123865798,-392.4788688753845,-62.427124186516195,-27.578137304925793,526.8143009944912
2178.1656046859434,-792.5549602747155,5.343576954565937,373.31800077024604,1350.3370024799476,-3603.5984038556653,1716.28455098618,1600.839570537498,-92.8264165516617,-453.3798354548074,-5924.53915692352,-3764.855427917823,108.90780435309016,-1329.311004070375,-3088.048178953513,-2651.9818470571404,-1253.7381391557956,-1118.632121284698,-6932.767193963753,-4772.324772906965,-3684.40431132826,-1936.7090356073038,3332.227357247336,4014.347048832068,3400.5508517326684,-1517.1586302683074,471.29221244401623,-3108.1042564555582,-450.9055333528893,-2798.7510492864944,852.4756799148893,2956.7311891850136,1208.6517886093081,1907.7767336595105,4225.897340564366,3551.2104669157484,1741.8309759257788,-2086.091819343435,-194.02741037525567,-930.1942068613519,-1360.9366669564345,-216.24221758228182,-95.80466747718914,1827.2259998570612
890.3437919175589,-323.86782484054584,2.517731774060101,152.43865285730706,551.6537915904773,-1473.1533610774127,701.6529891003189,654.8698113402112,-38.07720139566441,-185.2874692106279,-2421.945086899246,-1539.392796350662,44.488636377211655,-544.3252519259374,-1262.6929550204632,-1084.2119769261956,-512.4679650083079,-457.6390117094008,-2834.426972069565,-1951.1384627557093,-1506.0647991844187,-792.3375578958605,1362.4334400089597,1641.5201564484805,1390.27432504844,-620.1315422046314,192.38556366835857,-1270.9212821498543,-184.25897078950652,-1144.539750121934,348.5085344586328,1208.6517886093081,494.2494131028236,779.6796958188986,1727.8320255898182,1451.7013499829561,711.9324836878437,-853.0277293888163,-79.27417422178004,-380.27563530671927,-556.6546075697787,-88.80585097567867,-38.95857170051012,746.9422491287887
1405.4831733544165,-511.4735508742182,2.980869669639413,241.08017034929128,871.6778817956674,-2325.0846380236726,1107.3294964569568,1032.2718847267624,-59.74698883577468,-292.59737907048384,-3822.571005906367,-2428.696837991125,70.29848124193674,-856.5093142591236,-1992.0850588038138,-1710.9680326606194,-809.0237985349852,-721.3394204509883,-4472.685435819626,-3078.8751713732017,-2377.374325810298,-1248.833644203512,2149.6948066339014,2589.466086904011,2193.9034502304053,-978.9672143248445,304.4666853213809,-2004.9806673059923,-291.0585764178305,-1805.3081455347947,549.9782859054385,1907.7767336595105,779.6796958188986,1231.2554293467228,2726.2512155802333,2291.372037446103,1124.0300353750042,-1345.6258972629691,-125.23908058060836,-600.1942782249944,-877.6689859142259,-139.02206036765838,-62.08061433469213,1179.0227989230518
3112.9691750679876,-1132.5420081955785,8.470539377690276,533.1613837525111,1929.1846252296305,-5150.631202564968,2453.191490264912,2289.13089004832,-132.9783762567478,-647.9003081777786,-8467.902094980902,-5381.890846883488,155.59633579036668,-1902.0941244482563,-4414.451467438858,-3790.7044716940004,-1791.814367406594,-1599.6240966008731,-9909.673658608306,-6821.5440946304325,-5265.819791982945,-2769.5319021204123,4763.232575074587,5738.774474066852,4860.679852976225,-2168.2881737227945,672.9509496623859,-4443.180159709304,-644.2938451816091,-4001.163608711905,1218.4849435843114,4225.897340564366,1727.8320255898182,2726.2512155802333,6040.712884889634,5075.638636900657,2489.3168702158355,-2982.1984065227143,-277.1691894337888,-1329.5109499244184,-1945.9203481310317,-310.069846506286,-136.49166572468545,2611.5372814337625
2616.0745143997615,-951.8706913406635,6.455664401953216,448.3425928019488,1621.7771215653763,-4328.18052696131,2061.409911893287,1922.7564044529536,-111.5268034881524,-544.5423852152095,-7115.761754760049,-4521.896982936557,130.792286607653,-1596.6997687496075,-3709.028568463534,-3185.2370669498177,-1505.8273574994707,-1343.6109428290797,-8326.747897665278,-5731.910236922809,-4425.203644023904,-2326.2178646556904,4002.2517951948125,4821.537459870546,4084.2986693002113,-1822.1835205275581,566.0245099143018,-3733.1118137163985,-541.5814947151503,-3361.5594715135635,1023.8725711678112,3551.2104669157484,1451.7013499829561,2291.372037446103,5075.638636900657,4265.2800594595,2092.0595708785686,-2505.541916024165,-233.00858915954564,-1117.2313364729089,-1634.6146941207712,-259.8112568038545,-115.0621026707895,2194.6255524288667
1283.1736340931063,-466.95648211170715,2.9565961941534535,220.00781395095706,795.6669774131922,-2122.888182414747,1011.0587026397419,942.7751806822049,-54.6199952061825,-267.12318228049105,-3490.133967212698,-2217.6994432520164,64.17898168502059,-782.5567927441369,-1819.0141849653469,-1562.245933140843,-738.6223567400792,-658.7814721110982,-4083.8802632451984,-2811.2316946343676,-2170.548537239009,-1140.5615497470674,1962.865208238403,2364.553343744364,2003.1770029714758,-893.7963421995355,277.81410861987257,-1830.806276217026,-265.6854424565199,-1648.5196256610254,502.16667703610074,1741.8309759257788,711.9324836878437,1124.0300353750042,2489.3168702158355,2092.0595708785686,1026.2144705902695,-1228.753834254816,-114.29652829543734,-547.9765796977688,-801.5367456830303,-127.18884115384759,-56.581459173691016,1076.4411966425434
-1536.650560385134,559.0299089685933,-4.459868969430253,-263.0741637532102,-952.1074593927129,2542.6272701807648,-1211.0452883312184,-1130.3867355241068,65.71681989478152,319.80348946871743,4180.208595408218,2657.0445442901982,-76.7955583222969,939.6504734458513,2179.402907231362,1871.3642171576978,884.4732986371286,789.8834540171923,4892.1576439975015,3367.6290919608705,2599.3971302514533,1367.6106242561239,-2351.540900576249,-2833.3324753602274,-2399.5783441937206,1070.3431588267729,-331.9809148340734,2193.6115895101807,317.9767797504146,1975.4405370935626,-601.5417070954345,-2086.091819343435,-853.0277293888163,-1345.6258972629691,-2982.1984065227143,-2505.541916024165,-1228.753834254816,1472.3768914051218,136.78679233686978,656.2961543188519,960.8541761334321,153.35839405832934,67.22860643991183,-1289.134211746137
-143.04237353645397,52.03215078204099,-0.16485530644621865,-24.59540306642299,-88.77408928835719,236.4074743226894,-112.56523308359071,-104.86038576570327,6.039391563195731,29.753053325455152,388.7472678377466,246.83854755482784,-7.144937774976204,86.85264432797649,202.47568751250859,173.92981761071474,82.28910800501004,73.29056354226519,454.81302733717115,313.08065399786057,241.79979544242386,126.84182676726851,-218.5844322301057,-263.21582086463195,-223.09104018277594,99.5707887286636,-31.032789272696313,203.77397148507526,29.61953999323324,183.48314612187045,-55.937080107965706,-194.02741037525567,-79.27417422178004,-125.23908058060836,-277.1691894337888,-233.00858915954564,-114.29652829543734,136.78679233686978,12.823123594346722,61.05337097673116,89.16138068809099,13.952444457568426,6.3286154557786585,-119.9357093610703
-685.2714218338775,249.31175854734138,-1.6920148873712277,-117.43964852863392,-424.781877262999,1133.6988896790226,-539.9365809056674,-503.66044556558944,29.20841054384645,142.6139963536392,1863.872698278923,1184.4533479244333,-34.25965283813613,418.2734655347962,971.52853356549,834.3095839173737,394.4344743999927,351.9580632890044,2181.0981500193043,1501.3990101907193,1159.1237561236837,609.3505921076764,-1048.3429769498316,-1262.9511204684839,-1069.8489519926861,477.29590084179415,-148.25636558636253,977.8349684747207,141.85742332576953,880.5549053461958,-268.174123865798,-930.1942068613519,-380.27563530671927,-600.1942782249944,-1329.5109499244184,-1117.2313364729089,-547.9765796977688,656.2961543188519,61.05337097673116,292.6715188811592,428.1591236479645,68.05443715148907,30.113231743754927,-574.8687415406046
-1002.3941942856337,364.61437231866574,-3.2925228153416404,-171.44093334434137,-620.7952877056123,1658.8678177674951,-790.1654715016525,-737.9568144072815,43.0112540213803,208.5982207325911,2727.2231807022213,1733.863094991881,-50.0744177483065,613.9907315147681,1422.2017303963505,1221.024026646113,576.9724537742454,515.6737562028428,3192.027687248854,2197.3053842765607,1695.7588716639737,892.8735192750627,-1534.4038499876651,-1849.0050907780026,-1565.6465231082702,698.2298361085509,-216.28762492110926,1431.503295460703,207.36646758298437,1289.2093375768543,-392.4788688753845,-1360.9366669564345,-556.6546075697787,-877.6689859142259,-1945.9203481310317,-1634.6146941207712,-801.5367456830303,960.8541761334321,89.16138068809099,428.1591236479645,627.2197036727894,100.50698577009838,43.67011112805533,-840.9895799844578
-159.01417580998375,57.723384604640515,-1.4617694396921956,-26.792267485261586,-97.78092304396587,263.81298189092377,-125.7611300650554,-118.45396507549765,7.135704894700702,33.03856852571634,433.5717162231144,276.5820154891619,-7.922816139952612,99.87169537196415,226.87467850231818,194.41234382875447,91.57232092444008,82.7649123131975,508.1947557793711,349.8125808864773,269.3186945100032,143.42906618710782,-244.44885034069617,-295.1324230327462,-249.23089428426718,110.84683766603541,-33.687630676290205,228.4286835031933,32.75842961966511,205.9527343179604,-62.427124186516195,-216.24221758228182,-88.80585097567867,-139.02206036765838,-310.069846506286,-259.8112568038545,-127.18884115384759,153.35839405832934,13.952444457568426,68.05443715148907,100.50698577009838,17.09391581166954,6.499226899121787,-133.56721017266088
-70.63536440343466,25.80802464308354,0.27291762725652297,-12.303070218359371,-44.17591479791614,116.69136294675418,-55.549132646805184,-51.2449881408388,2.860172218600822,14.762886982272391,191.8552190539858,121.49428368016648,-3.5591145742650587,41.87086127374879,99.63949105693379,85.77777626134318,40.687934203651906,35.795946441119106,224.09205053466252,154.26962634832793,119.4601030807047,61.9437512156976,-107.6175964052385,-129.379243296978,-109.94005827317056,49.2166273448457,-15.63099236421463,100.24366567988449,14.716031070062751,90.11708871626003,-27.578137304925793,-95.80466747718914,-38.95857170051012,-62.08061433469213,-136.49166572468545,-115.0621026707895,-56.581459173691016,67.22860643991183,6.3286154557786585,30.113231743754927,43.67011112805533,6.499226899121787,3.381568259688774,-59.22176483692917
1346.1218952824304,-489.7771921511611,3.2220748412450355,230.7336895200003,834.5300922543946,-2226.971319684033,1060.636625531152,989.2290210178292,-57.367200496030875,-280.19093025658543,-3661.3018096519722,-2326.563291943011,67.29981966954348,-821.3742735324703,-1908.3495110742513,-1638.8654468959487,-774.8131203599452,-691.282570255214,-4284.35374229662,-2949.2287303255025,-2276.9362313823713,-1196.8048149418992,2059.258978480916,2480.7431239077487,2101.4885100371266,-937.5778728246717,291.30065018833915,-1920.7353655135125,-278.6837769840323,-1729.5690528414943,526.8143009944912,1827.2259998570612,746.9422491287887,1179.0227989230518,2611.5372814337625,2194.6255524288667,1076.4411966425434,-1289.134211746137,-119.9357093610703,-574.8687415406046,-840.9895799844578,-133.56721017266088,-59.22176483692917,1129.241541824498
