V1,V2,V3,V4,V5,V6,V7,V8,V9,V10,V11,V12,V13,V14,V15,V16,V17,V18,V19,V20,V21,V22,V23,V24,V25,V26,V27,V28,V29,V30,V31,V32,V33,V34,V35,V36,V37,V38,V39,V40,V41,V42,V43,V44
9.655303646458893,-3.046447705907651,-0.23324549328210378,1.6230950791277043,5.682969761359462,-15.678438565101086,7.324812908891295,7.044173642488982,-0.20915054531279229,-2.006510099205653,-25.18443214876841,-15.935341807567317,0.23566697761558247,-5.879572067481941,-13.196556917092456,-11.20931203719088,-5.309711583663567,-5.0035788756308515,-30.00268401936889,-20.378791045507253,-15.879370312814865,-8.26652487545743,14.500714720850487,17.1524218544696,14.142136748347589,-6.59692371645581,1.7480642126011119,-13.425864062303658,-1.9092471237791733,-11.878763502696694,3.265254103457632,12.673562509424787,4.898824947901491,8.024214183345794,17.96068550076224,15.236332215949545,7.711826367911336,-8.951270576971448,-1.1104300510600758,-4.176821393237899,-5.563694802577586,-0.5709417342555244,0.09812409311583264,7.488789093703253
-3.046447705907651,1.9388469010328018,-0.5216736855161129,-0.8842495484725044,-2.501346821009897,5.084762886209549,-2.590812304715394,-2.5663730448249464,0.9469874244406417,0.9695288558583285,9.24072070816444,6.107974609771067,-0.5392972695228053,1.937552586502411,4.8394428802284315,4.410395573131483,1.8374198938130588,0.9261859101190465,9.530092793177978,7.16030054548786,5.352712255882256,3.0056345886759037,-4.880854704129444,-6.9545405162764435,-5.861512445166576,2.3212941699940255,-1.0879515888616875,4.625469587355372,0.7693007555335774,4.5472899283086345,-2.2030165356267783,-4.254912002455918,-2.3977790003095945,-3.1803540906257104,-6.9898266092583885,-5.621138180337976,-2.472385190718323,2.614756767262073,-0.5415057453983935,0.901930215767796,2.684958004614765,1.049054200648737,1.386391929657989,-3.5162836828178476
-0.23324549328210378,-0.5216736855161129,0.3731199688590124,0.21568934466354683,0.30107648637289874,0.33944097582881794,-0.03573261396385748,0.06053855240115409,-0.5736750080999992,-0.18693100057860995,-0.09033353022064924,-0.22611088836132825,0.27256669718206783,0.08743502950431763,-0.05935859338167872,-0.23583144162513067,0.06270247535335655,0.5702919267139395,0.8220745274166992,0.13083756299880633,0.23138727233735137,-0.01669763144591371,-0.18868557544798958,0.542623493757046,0.4590064206221028,0.016078542933155634,0.26816911539501603,0.12001050257393171,-0.053604672524672325,-0.17100746210612805,0.6441612589923447,-0.21059209426975442,0.390294076747331,0.177223062971264,0.34401295197602766,0.10451895460041667,-0.1606820717747325,0.4209023672266262,0.6038481608092311,0.38243241686100354,-0.4263765080239711,-0.5202830822566817,-0.8953167329233107,0.5097190131156029
1.6230950791277043,-0.8842495484725044,0.21568934466354683,0.5765927770440631,1.2646512036523438,-2.433486149572779,1.1717721141033322,1.4362634650473527,-0.6101988290690135,-0.638953205836678,-4.217442595945715,-2.8248572128616876,0.18874081335102266,-1.0446286325663012,-2.2862135700497475,-2.0731011588384796,-0.7663701364555405,-0.29745882971557414,-4.29442688393933,-3.2301749261209207,-2.4805460686197773,-1.3958917222868705,2.4149763898659358,3.5712069068219847,2.617400720291936,-1.185221421685533,0.40477551036789133,-2.2207464036848714,-0.3738692626357694,-2.1376231382178736,1.0454991175181882,1.8848769976356765,1.0890055580383489,1.4607988835457946,3.3653698976350164,2.7416294511175465,1.3220277851099351,-0.9865250222120916,0.34594959035110323,-0.3841100254317889,-1.2590364442209843,-0.4543229284953987,-0.6931991024074623,1.630575317974579
5.682969761359462,-2.501346821009897,0.30107648637289874,1.2646512036523438,3.868127612860474,-9.26520239916495,4.473031689941204,4.425288825148428,-0.8210138712580136,-1.4677774121559952,-15.634990681518506,-10.09621338125063,0.4687764485512551,-3.526565318525871,-8.210001322739203,-7.194851172363262,-3.195933577906806,-2.3988190354503445,-17.513654621870725,-12.406557472150476,-9.515063231206033,-5.117383730053268,8.721839666170743,11.23814588405943,9.265256327281202,-4.052666321926897,1.3947963870777278,-8.137995507776099,-1.2419781907268237,-7.5303024384009385,2.7841999475435437,7.559953872293674,3.486434491354425,5.159159690473474,11.490983999265687,9.52505626314848,4.569856320106215,-5.008274128668441,0.04038212836904571,-2.1171401826724936,-3.9408649756448075,-0.9726864458946782,-1.011219157908359,5.2270770702663265
-15.678438565101086,5.084762886209549,0.33944097582881794,-2.433486149572779,-9.26520239916495,25.878693947060544,-12.194560516303657,-11.29606390420113,0.08644662320349711,3.032480898791266,41.878190850852114,26.445347284794344,-0.49194986719510175,9.519772479232154,21.821919228080116,18.551388730831842,8.940703999960911,8.49779000513078,49.944694978898816,33.93952999851605,26.336043626364727,13.70766036049715,-23.808288165256435,-27.91161536613798,-23.621930656385814,10.769893681243952,-3.06050689816854,22.146856648624958,3.140563615628095,19.65883203409251,-5.388341935623172,-21.15561985274707,-8.167246872566471,-13.33389532031953,-29.598924571108395,-25.059729661569985,-12.511456618746957,15.195432923953609,1.9812174194899363,6.975403394345947,9.212583527419964,1.0059195485946666,-0.22720769007072508,-12.428722440389778
7.324812908891295,-2.590812304715394,-0.03573261396385748,1.1717721141033322,4.473031689941204,-12.194560516303657,5.806972976560422,5.317917002351119,-0.1648007172553544,-1.440434473554805,-19.997866678583826,-12.669775443591988,0.34030314537006623,-4.458478132338888,-10.3987420679426,-8.901132737654333,-4.267248779771826,-3.912116672495029,-23.572209550779828,-16.154534773323558,-12.472003136102567,-6.533675248348001,11.230633274058055,13.350483181547839,11.429014036792243,-5.088758411381834,1.575027581183947,-10.486038298223823,-1.507067207374351,-9.407872471071736,2.7610470437953123,10.039704836029966,4.0203740221251,6.411446727555773,14.165320046832882,11.924403435090845,5.8507320762296136,-7.180301933449998,-0.7852898392276754,-3.2136074621581368,-4.517427510349326,-0.6532758667769304,-0.15652675654715043,6.080116521754776
7.044173642488982,-2.5663730448249464,0.06053855240115409,1.4362634650473527,4.425288825148428,-11.29606390420113,5.317917002351119,5.351241407320447,-0.6427098414931548,-1.7125859284456153,-18.446840818153376,-11.806795469070876,0.31467604093232543,-4.337276059272852,-9.723306048338838,-8.377111341206668,-3.789493801611262,-3.198890478745337,-21.330592685269945,-14.769000674344301,-11.465436904525411,-6.061690060774796,10.58231071441921,13.13186215072107,10.590106802831937,-4.885705840557942,1.3943771212448526,-9.79279065793214,-1.443581270006156,-8.824741746159853,2.832616056822415,9.07854154469654,3.8298320056384636,5.980700277107924,13.4507367174011,11.304559758950107,5.647860353459937,-6.12773934628378,-0.3514714586011361,-2.78065465078801,-4.3636265342603515,-0.743175083331351,-0.5546262906936938,5.8190014017946305
-0.20915054531279229,0.9469874244406417,-0.5736750080999992,-0.6101988290690135,-0.8210138712580136,0.08644662320349711,-0.1648007172553544,-0.6427098414931548,1.1551376053960025,0.6045510764640356,0.9564406610317773,0.9251438345820451,-0.3830648086617869,0.2387445795720709,0.6138241572070988,0.8163986639880293,-0.018393047886569407,-0.9189672976893662,-0.44126989795808386,0.3965270944861597,0.1777673609318175,0.32150287567876235,-0.3830583080792884,-1.9111549062586457,-1.1330823158314394,0.3361884130894969,-0.383746523779187,0.36625779216101445,0.17586046079617548,0.7350032662302167,-1.2027774298492546,0.004401074092184825,-0.7873908644875925,-0.5573594136832691,-1.3479342362955384,-0.8704432785416136,-0.21772069330219465,-0.6458208565462138,-1.0664922423650995,-0.522460401289694,0.9140563749031978,0.8371508281539272,1.5278808679048972,-1.1025029744160484
-2.006510099205653,0.9695288558583285,-0.18693100057860995,-0.638953205836678,-1.4677774121559952,3.032480898791266,-1.440434473554805,-1.7125859284456153,0.6045510764640356,0.7193193642687278,5.132477009138079,3.3986627566830068,-0.17923449860985674,1.2770337667668148,2.7716721620017535,2.4755389693886007,0.9571049009296039,0.49759023145759246,5.426004011039456,3.9776603583408527,3.074459283232884,1.6986909915965975,-2.9692853441504865,-4.203507790981196,-3.106262741550188,1.4370402514945242,-0.44821013712285673,2.725110695105993,0.44272832639000875,2.5680971762038163,-1.1364304462655006,-2.353160598066373,-1.2484839328517539,-1.7454733972654768,-4.018892796882524,-3.3069314347923107,-1.627335265230187,1.3171727461955915,-0.2836546429352504,0.5527786295796764,1.4440895308721131,0.44773664978971944,0.6502101296516255,-1.8813239390223948
-25.18443214876841,9.24072070816444,-0.09033353022064924,-4.217442595945715,-15.634990681518506,41.878190850852114,-19.997866678583826,-18.446840818153376,0.9564406610317773,5.132477009138079,69.00616195211929,43.82926021825884,-1.3175878419640927,15.366619640686979,35.911735828996356,30.847576153467127,14.6564560491396,13.117829020095535,80.776823392383,55.61300912864768,42.8785054645121,22.54518903749382,-38.665237122811796,-46.46530308353421,-39.661620265681194,17.572720661863805,-5.562059120932959,36.11769247097478,5.23458319492714,32.556855698572285,-9.910893215720847,-34.476863688178135,-14.090343815597942,-22.21435429118241,-49.09435170980782,-41.227755465954644,-20.133979363129782,24.450685516706606,2.3235061858325117,10.84798569951434,15.836740897961182,2.5518161130527575,1.0849780210557154,-21.271526645528528
-15.935341807567317,6.107974609771067,-0.22611088836132825,-2.8248572128616876,-10.09621338125063,26.445347284794344,-12.669775443591988,-11.806795469070876,0.9251438345820451,3.3986627566830068,43.82926021825884,27.9275758547176,-0.9480547213051153,9.753991370144037,22.836575589706626,19.701060998236404,9.25063036092803,8.021629363905275,50.85515943491905,35.216722155869114,27.109715087728834,14.320170743978922,-24.4977593446808,-29.84800818312302,-25.366004922823567,11.177639660999253,-3.6298770247982164,22.89173762061265,3.3529281224947174,20.755896036201744,-6.602000219694169,-21.762280356186654,-9.122477592104504,-14.181383948093606,-31.361911020955592,-26.258024667806353,-12.753786245112298,15.260417314514502,1.1639467581256833,6.696377417267053,10.258261040620086,1.8565253594352942,1.1249134630670299,-13.743791133609445
0.23566697761558247,-0.5392972695228053,0.27256669718206783,0.18874081335102266,0.4687764485512551,-0.49194986719510175,0.34030314537006623,0.31467604093232543,-0.3830648086617869,-0.17923449860985674,-1.3175878419640927,-0.9480547213051153,0.2316732968132618,-0.17846042383348745,-0.6759137737425299,-0.7137108893343143,-0.2388647133868283,0.13765693040202853,-0.895128451007094,-0.9259552233136635,-0.6050993660408558,-0.4155835618647111,0.5230811457651207,1.1350425778458235,1.060869248336073,-0.2776194579389182,0.313818276816907,-0.5443534038205314,-0.12778291274156522,-0.6980994961171478,0.6288856802664278,0.489949504517692,0.5349559845236131,0.5273944240814045,1.0945387529218227,0.7810285530788899,0.20497315040652334,-0.19398766541132226,0.36395518308245006,0.06855923788992631,-0.583040024305673,-0.42249771250104223,-0.6424972942593862,0.7429440178656624
-5.879572067481941,1.937552586502411,0.08743502950431763,-1.0446286325663012,-3.526565318525871,9.519772479232154,-4.458478132338888,-4.337276059272852,0.2387445795720709,1.2770337667668148,15.366619640686979,9.753991370144037,-0.17846042383348745,3.5911795298047156,8.063802430080033,6.877334997333108,3.2179396023241686,2.9462180113976473,18.15607420443469,12.398141074569818,9.649204926720373,5.044969611345946,-8.834491675446701,-10.590535936560588,-8.684681303239321,4.035010828879481,-1.0954453682000744,8.179798201767724,1.1750445816487987,7.275734684170166,-2.095094294965098,-7.686144959307328,-3.0460011569857706,-4.920110979448703,-11.024440462536779,-9.326662376234996,-4.700981104043728,5.365550285904494,0.5711794008458926,2.483614905474221,3.461816201352023,0.4253094479036782,0.08601776411308447,-4.647263522893689
-13.196556917092456,4.8394428802284315,-0.05935859338167872,-2.2862135700497475,-8.210001322739203,21.821919228080116,-10.3987420679426,-9.723306048338838,0.6138241572070988,2.7716721620017535,35.911735828996356,22.836575589706626,-0.6759137737425299,8.063802430080033,18.72518639984268,16.092719996473274,7.589344160462766,6.733775746099998,41.956160520858454,28.912259773253716,22.31410737065281,11.742958887862544,-20.193038524852867,-24.391673572394524,-20.638658040986712,9.200022898667807,-2.8686959874694136,18.835642246595423,2.7373201011650274,16.97925918239827,-5.214339892209836,-17.90064043961042,-7.353046064682614,-11.573672937225687,-25.646448001248885,-21.53875282641449,-10.554989580556185,12.602713781323693,1.1274260540085463,5.608633286211678,8.281650972376546,1.348251417590708,0.6461863162343853,-11.111098158879805
-11.20931203719088,4.410395573131483,-0.23583144162513067,-2.0731011588384796,-7.194851172363262,18.551388730831842,-8.901132737654333,-8.377111341206668,0.8163986639880293,2.4755389693886007,30.847576153467127,19.701060998236404,-0.7137108893343143,6.877334997333108,16.092719996473274,13.922203204886845,6.476617674857827,5.488990151432401,35.576839664898664,24.732857470292217,19.025649994650266,10.081345072187336,-17.23139369175558,-21.202001370813246,-17.92915146248013,7.886640514137598,-2.5912636805120566,16.099562866637932,2.375188811164806,14.650327781481533,-4.793807883680901,-15.24775727422983,-6.500730573132198,-10.015624673603675,-22.173433143437727,-18.531350525938432,-8.978742966655345,10.594833060033462,0.6640584865453892,4.619988976029824,7.3162812845617,1.4143714430707552,1.001170238909458,-9.784341660252728
-5.309711583663567,1.8374198938130588,0.06270247535335655,-0.7663701364555405,-3.195933577906806,8.940703999960911,-4.267248779771826,-3.789493801611262,-0.018393047886569407,0.9571049009296039,14.6564560491396,9.25063036092803,-0.2388647133868283,3.2179396023241686,7.589344160462766,6.476617674857827,3.165833782111052,2.987640406642403,17.409935678660837,11.878980594422693,9.161326083017974,4.7808674587763145,-8.186780199104824,-9.571207889614303,-8.349559887983009,3.6854546202954137,-1.1580688880096128,7.663540975119519,1.0900655381137476,6.855119929514067,-1.9312128300902054,-7.411485042616659,-2.9032016837555488,-4.677683195298451,-10.279227006811192,-8.664945783440478,-4.2353355006486,5.397907059981198,0.6875622871035625,2.4145229551496294,3.2483337477975303,0.4253733279649024,-0.017034602425702008,-4.387280526378462
-5.0035788756308515,0.9261859101190465,0.5702919267139395,-0.29745882971557414,-2.3988190354503445,8.49779000513078,-3.912116672495029,-3.198890478745337,-0.9189672976893662,0.49759023145759246,13.117829020095535,8.021629363905275,0.13765693040202853,2.9462180113976473,6.733775746099998,5.488990151432401,2.987640406642403,3.569605197279702,16.920242910216253,10.939259841309484,8.585257339792697,4.284280855844516,-7.564880243705757,-7.674985717634547,-6.929679281555961,3.2866949254547104,-0.7172406712171069,7.036886383697827,0.8975872826674052,5.9211417149814105,-0.8167311571724959,-7.024620238318198,-2.0766181190853743,-3.972868228354434,-8.711933806364652,-7.590231621846611,-3.9513302059720146,5.5803235528317385,1.5240403790160009,2.7353986281380163,2.317138567656562,-0.33550458665021754,-1.308223096031532,-3.233109673298172
-30.00268401936889,9.530092793177978,0.8220745274166992,-4.29442688393933,-17.513654621870725,49.944694978898816,-23.572209550779828,-21.330592685269945,-0.44126989795808386,5.426004011039456,80.776823392383,50.85515943491905,-0.895128451007094,18.15607420443469,41.956160520858454,35.576839664898664,17.409935678660837,16.920242910216253,96.934593323434,65.63792083553713,50.89461235098736,26.4076699615063,-45.74422990221074,-52.917891869831294,-45.43575214626746,20.58782411874792,-5.910851064656752,42.63043040814512,5.994695863471647,37.74573762392861,-9.981104047110719,-41.04052779527066,-15.557827814370519,-25.623366625540527,-56.64887223992988,-48.01892548684136,-23.915982944503074,29.898815392084252,4.316635269237842,13.718154265850833,17.491645503331704,1.6969414378969512,-1.0270467965947858,-23.665943073710284
-20.378791045507253,7.16030054548786,0.13083756299880633,-3.2301749261209207,-12.406557472150476,33.93952999851605,-16.154534773323558,-14.769000674344301,0.3965270944861597,3.9776603583408527,55.61300912864768,35.216722155869114,-0.9259552233136635,12.398141074569818,28.912259773253716,24.732857470292217,11.878980594422693,10.939259841309484,65.63792083553713,44.945011318542605,34.70744446471391,18.169686238546273,-31.24118301312607,-37.06006403948575,-31.751282558812093,14.1475356140315,-4.362224127297321,29.17011141714441,4.185664641005672,26.14757271367384,-7.620053526465738,-27.946053363924342,-11.147638530588592,-17.816690250710703,-39.35723211566814,-33.146313500177975,-16.275322688005968,20.020470802491513,2.243209082989087,8.974028890283938,12.524713935651242,1.7724006465467184,0.35317531553416853,-16.864022107963823
-15.879370312814865,5.352712255882256,0.23138727233735137,-2.4805460686197773,-9.515063231206033,26.336043626364727,-12.472003136102567,-11.465436904525411,0.1777673609318175,3.074459283232884,42.8785054645121,27.109715087728834,-0.6050993660408558,9.649204926720373,22.31410737065281,19.025649994650266,9.161326083017974,8.585257339792697,50.89461235098736,34.70744446471391,26.867665862974572,14.02164418036361,-24.2301419877289,-28.5506810846713,-24.326965912753902,10.963852103018764,-3.245932589612849,22.583476650668864,3.2196116239376966,20.139111388596273,-5.680861490496888,-21.611656261534335,-8.47057184704628,-13.691454466342904,-30.312566558745825,-25.59992940328,-12.676267128881369,15.514652093147664,1.8956922674149417,7.0405456595969635,9.534538123402973,1.1878207104963525,-0.0014040733884758362,-12.852341068539
-8.26652487545743,3.0056345886759037,-0.01669763144591371,-1.3958917222868705,-5.117383730053268,13.70766036049715,-6.533675248348001,-6.061690060774796,0.32150287567876235,1.6986909915965975,22.54518903749382,14.320170743978922,-0.4155835618647111,5.044969611345946,11.742958887862544,10.081345072187336,4.7808674587763145,4.284280855844516,26.4076699615063,18.169686238546273,14.02164418036361,7.3694401933607345,-12.664047416355999,-15.221925702051136,-12.939466822853907,5.7593196018734645,-1.7978571772738619,11.81948648578495,1.7120725127950909,10.64178930563175,-3.226846550793099,-11.263031157615842,-4.592964330188148,-7.255137208379969,-16.056084003263088,-13.492213691826837,-6.6091712885005816,7.972209268129269,0.7616429049293206,3.550926151289858,5.167948369917644,0.8167979855465481,0.33925021339507055,-6.940461439408559
14.500714720850487,-4.880854704129444,-0.18868557544798958,2.4149763898659358,8.721839666170743,-23.808288165256435,11.230633274058055,10.58231071441921,-0.3830583080792884,-2.9692853441504865,-38.665237122811796,-24.4977593446808,0.5230811457651207,-8.834491675446701,-20.193038524852867,-17.23139369175558,-8.186780199104824,-7.564880243705757,-45.74422990221074,-31.24118301312607,-24.2301419877289,-12.664047416355999,21.992808619447842,26.155811518926196,21.928185124832833,-9.995629094664192,2.8727569688083574,-20.44443260746363,-2.9287316491040447,-18.230357352501695,5.227030426148712,19.40888658600449,7.673873683819454,12.37007321524364,27.522724393668533,23.24849466668655,11.585167101743123,-13.754828551824568,-1.5550012463707328,-6.280638269543035,-8.671944642476493,-1.1050101908485663,-0.14929528599516526,11.665049054187863
17.1524218544696,-6.9545405162764435,0.542623493757046,3.5712069068219847,11.23814588405943,-27.91161536613798,13.350483181547839,13.13186215072107,-1.9111549062586457,-4.203507790981196,-46.46530308353421,-29.84800818312302,1.1350425778458235,-10.590535936560588,-24.391673572394524,-21.202001370813246,-9.571207889614303,-7.674985717634547,-52.917891869831294,-37.06006403948575,-28.5506810846713,-15.221925702051136,26.155811518926196,32.96762859882318,27.149108663535046,-12.08819605099814,3.893996932112382,-24.349779499759315,-3.648427602216458,-22.26180670769059,7.682600382137968,22.704736793056284,10.010761675359936,15.19399072773983,33.89621948021304,28.270218810284526,13.768174865921344,-15.298114832539003,-0.44509692534534007,-6.663983497548313,-11.331881869588646,-2.4027370160302697,-2.168100898179993,15.081958981333786
14.142136748347589,-5.861512445166576,0.4590064206221028,2.617400720291936,9.265256327281202,-23.621930656385814,11.429014036792243,10.590106802831937,-1.1330823158314394,-3.106262741550188,-39.661620265681194,-25.366004922823567,1.060869248336073,-8.684681303239321,-20.638658040986712,-17.92915146248013,-8.349559887983009,-6.929679281555961,-45.43575214626746,-31.751282558812093,-24.326965912753902,-12.939466822853907,21.928185124832833,27.149108663535046,23.246496818905186,-10.03339747748862,3.496250561842767,-20.5570481335987,-3.054673506299767,-18.838705779496262,6.3700024926196965,19.550753806666336,8.50094684219235,12.926026392431332,28.485112431726368,23.71625570581271,11.332534030513346,-13.604320240138573,-0.6993622863786938,-5.812132257192515,-9.533642053036209,-2.0295155271890297,-1.5770556608314104,12.741107836786837
-6.59692371645581,2.3212941699940255,0.016078542933155634,-1.185221421685533,-4.052666321926897,10.769893681243952,-5.088758411381834,-4.885705840557942,0.3361884130894969,1.4370402514945242,17.572720661863805,11.177639660999253,-0.2776194579389182,4.035010828879481,9.200022898667807,7.886640514137598,3.6854546202954137,3.2866949254547104,20.58782411874792,14.1475356140315,10.963852103018764,5.7593196018734645,-9.995629094664192,-12.08819605099814,-10.03339747748862,4.567697741466262,-1.3344820386592902,9.286493442112683,1.34646236598901,8.32756182412919,-2.5137418010820283,-8.754444163133163,-3.5614700449984573,-5.654467607122346,-12.610766642534,-10.62217985879619,-5.277796838846438,6.105842729166235,0.5581506003710749,2.7670855993291448,4.032077347153615,0.6004375482088065,0.26457608463305204,-5.405742374327267
1.7480642126011119,-1.0879515888616875,0.26816911539501603,0.40477551036789133,1.3947963870777278,-3.06050689816854,1.575027581183947,1.3943771212448526,-0.383746523779187,-0.44821013712285673,-5.562059120932959,-3.6298770247982164,0.313818276816907,-1.0954453682000744,-2.8686959874694136,-2.5912636805120566,-1.1580688880096128,-0.7172406712171069,-5.910851064656752,-4.362224127297321,-3.245932589612849,-1.7978571772738619,2.8727569688083574,3.893996932112382,3.496250561842767,-1.3344820386592902,0.6645260954675508,-2.7499127508295254,-0.4433019196387857,-2.6830773734000477,1.2059325627359823,2.632006432708442,1.3883802650512533,1.8860199967739402,4.068044269489154,3.2791560402741724,1.4114114382080039,-1.757424947784701,0.17741467167597358,-0.6195146563563988,-1.5346328904250741,-0.5644078412751558,-0.6621859928838237,2.0275158199678462
-13.425864062303658,4.625469587355372,0.12001050257393171,-2.2207464036848714,-8.137995507776099,22.146856648624958,-10.486038298223823,-9.79279065793214,0.36625779216101445,2.725110695105993,36.11769247097478,22.89173762061265,-0.5443534038205314,8.179798201767724,18.835642246595423,16.099562866637932,7.663540975119519,7.036886383697827,42.63043040814512,29.17011141714441,22.583476650668864,11.81948648578495,-20.44443260746363,-24.349779499759315,-20.5570481335987,9.286493442112683,-2.7499127508295254,19.037107080111983,2.733631620138862,17.022961259292995,-4.949129921789895,-18.11808663750353,-7.2176702759057845,-11.571250879522733,-25.68109728412733,-21.659601885909858,-10.727409937113283,12.865320975951864,1.4101103907163208,5.826366967703483,8.140341913804042,1.107390927418707,0.23306050197586267,-10.948675499641139
-1.9092471237791733,0.7693007555335774,-0.053604672524672325,-0.3738692626357694,-1.2419781907268237,3.140563615628095,-1.507067207374351,-1.443581270006156,0.17586046079617548,0.44272832639000875,5.23458319492714,3.3529281224947174,-0.12778291274156522,1.1750445816487987,2.7373201011650274,2.375188811164806,1.0900655381137476,0.8975872826674052,5.994695863471647,4.185664641005672,3.2196116239376966,1.7120725127950909,-2.9287316491040447,-3.648427602216458,-3.054673506299767,1.34646236598901,-0.4433019196387857,2.733631620138862,0.4067437498595316,2.4961461466612898,-0.8425022604155056,-2.572491803390489,-1.1179762217724132,-1.706388886227886,-3.7877374062820994,-3.1603830730347817,-1.5309680286777252,1.763192353974637,0.08007902460170091,0.765555395610198,1.2607793808771834,0.25934170418981434,0.21131454425253107,-1.6821093792597177
-11.878763502696694,4.5472899283086345,-0.17100746210612805,-2.1376231382178736,-7.5303024384009385,19.65883203409251,-9.407872471071736,-8.824741746159853,0.7350032662302167,2.5680971762038163,32.556855698572285,20.755896036201744,-0.6980994961171478,7.275734684170166,16.97925918239827,14.650327781481533,6.855119929514067,5.9211417149814105,37.74573762392861,26.14757271367384,20.139111388596273,10.64178930563175,-18.230357352501695,-22.26180670769059,-18.838705779496262,8.32756182412919,-2.6830773734000477,17.022961259292995,2.4961461466612898,15.432966927431858,-4.9250320613106755,-16.148463515231462,-6.782811917083514,-10.538938834890478,-23.33725342912107,-19.541454731594325,-9.50909490969498,11.284461164736173,0.8322243061897939,4.960422802503668,7.635052186133639,1.384642078059388,0.8660201183395689,-10.224119279848646
3.265254103457632,-2.2030165356267783,0.6441612589923447,1.0454991175181882,2.7841999475435437,-5.388341935623172,2.7610470437953123,2.832616056822415,-1.2027774298492546,-1.1364304462655006,-9.910893215720847,-6.602000219694169,0.6288856802664278,-2.095094294965098,-5.214339892209836,-4.793807883680901,-1.9312128300902054,-0.8167311571724959,-9.981104047110719,-7.620053526465738,-5.680861490496888,-3.226846550793099,5.227030426148712,7.682600382137968,6.3700024926196965,-2.5137418010820283,1.2059325627359823,-4.949129921789895,-0.8425022604155056,-4.9250320613106755,2.5270800226326644,4.485951601996476,2.6608369857815726,3.4492835867944134,7.6119587810644775,6.088093992028771,2.658077590444179,-2.638912334190503,0.754708257092437,-0.8632610652634746,-2.9874268527092966,-1.2443877105271954,-1.7202462087573747,3.8955732449104525
12.673562509424787,-4.254912002455918,-0.21059209426975442,1.8848769976356765,7.559953872293674,-21.15561985274707,10.039704836029966,9.07854154469654,0.004401074092184825,-2.353160598066373,-34.476863688178135,-21.762280356186654,0.489949504517692,-7.686144959307328,-17.90064043961042,-15.24775727422983,-7.411485042616659,-7.024620238318198,-41.04052779527066,-27.946053363924342,-21.611656261534335,-11.263031157615842,19.40888658600449,22.704736793056284,19.550753806666336,-8.754444163133163,2.632006432708442,-18.11808663750353,-2.572491803390489,-16.148463515231462,4.485951601996476,17.43128300362284,6.777575140968063,10.989630145320005,24.255526445018948,20.48805404751147,10.11061539541021,-12.625325978160264,-1.6340017528247428,-5.713662517673569,-7.609683172900168,-0.9176486010825196,0.11885726640719395,10.274073285989344
4.898824947901491,-2.3977790003095945,0.390294076747331,1.0890055580383489,3.486434491354425,-8.167246872566471,4.0203740221251,3.8298320056384636,-0.7873908644875925,-1.2484839328517539,-14.090343815597942,-9.122477592104504,0.5349559845236131,-3.0460011569857706,-7.353046064682614,-6.500730573132198,-2.9032016837555488,-2.0766181190853743,-15.557827814370519,-11.147638530588592,-8.47057184704628,-4.592964330188148,7.673873683819454,10.010761675359936,8.50094684219235,-3.5614700449984573,1.3883802650512533,-7.2176702759057845,-1.1179762217724132,-6.782811917083514,2.6608369857815726,6.777575140968063,3.249662211952708,4.685287352170826,10.32282220724557,8.486446097292065,3.94288861086994,-4.517688499351986,0.14406408241637034,-1.8142828813916938,-3.643985463180721,-1.0371806336316685,-1.1239883876717913,4.829464065886812
8.024214183345794,-3.1803540906257104,0.177223062971264,1.4607988835457946,5.159159690473474,-13.33389532031953,6.411446727555773,5.980700277107924,-0.5573594136832691,-1.7454733972654768,-22.21435429118241,-14.181383948093606,0.5273944240814045,-4.920110979448703,-11.573672937225687,-10.015624673603675,-4.677683195298451,-3.972868228354434,-25.623366625540527,-17.816690250710703,-13.691454466342904,-7.255137208379969,12.37007321524364,15.19399072773983,12.926026392431332,-5.654467607122346,1.8860199967739402,-11.571250879522733,-1.706388886227886,-10.538938834890478,3.4492835867944134,10.989630145320005,4.685287352170826,7.212081857393825,15.93547947264599,13.310957176946122,6.426372756817998,-7.666675691856914,-0.4927234566005749,-3.329421403103911,-5.265253554910702,-1.027384866322703,-0.7163569083230421,7.04467631862253
17.96068550076224,-6.9898266092583885,0.34401295197602766,3.3653698976350164,11.490983999265687,-29.598924571108395,14.165320046832882,13.4507367174011,-1.3479342362955384,-4.018892796882524,-49.09435170980782,-31.361911020955592,1.0945387529218227,-11.024440462536779,-25.646448001248885,-22.173433143437727,-10.279227006811192,-8.711933806364652,-56.64887223992988,-39.35723211566814,-30.312566558745825,-16.056084003263088,27.522724393668533,33.89621948021304,28.485112431726368,-12.610766642534,4.068044269489154,-25.68109728412733,-3.7877374062820994,-23.33725342912107,7.6119587810644775,24.255526445018948,10.32282220724557,15.93547947264599,35.35327445766627,29.56958549912703,14.388095384638481,-16.793839025414528,-1.0466031519191368,-7.362344844523315,-11.636385774646165,-2.210828170636591,-1.5698253650999907,15.55662944174932
15.236332215949545,-5.621138180337976,0.10451895460041667,2.7416294511175465,9.52505626314848,-25.059729661569985,11.924403435090845,11.304559758950107,-0.8704432785416136,-3.3069314347923107,-41.227755465954644,-26.258024667806353,0.7810285530788899,-9.326662376234996,-21.53875282641449,-18.531350525938432,-8.664945783440478,-7.590231621846611,-48.01892548684136,-33.146313500177975,-25.59992940328,-13.492213691826837,23.24849466668655,28.270218810284526,23.71625570581271,-10.62217985879619,3.2791560402741724,-21.659601885909858,-3.1603830730347817,-19.541454731594325,6.088093992028771,20.48805404751147,8.486446097292065,13.310957176946122,29.56958549912703,24.82513299530738,12.193829807227488,-14.302741533845216,-1.164965020272968,-6.373783416403686,-9.577114133839565,-1.6015413079511667,-0.8882964786075193,12.831053014977035
7.711826367911336,-2.472385190718323,-0.1606820717747325,1.3220277851099351,4.569856320106215,-12.511456618746957,5.8507320762296136,5.647860353459937,-0.21772069330219465,-1.627335265230187,-20.133979363129782,-12.753786245112298,0.20497315040652334,-4.700981104043728,-10.554989580556185,-8.978742966655345,-4.2353355006486,-3.9513302059720146,-23.915982944503074,-16.275322688005968,-12.676267128881369,-6.6091712885005816,11.585167101743123,13.768174865921344,11.332534030513346,-5.277796838846438,1.4114114382080039,-10.727409937113283,-1.5309680286777252,-9.50909490969498,2.658077590444179,10.11061539541021,3.94288861086994,6.426372756817998,14.388095384638481,12.193829807227488,6.161937331786102,-7.112621507334889,-0.8386763016684788,-3.3092780743469596,-4.478960117906483,-0.49243526317004904,0.010586204481878062,6.023025882072775
-8.951270576971448,2.614756767262073,0.4209023672266262,-0.9865250222120916,-5.008274128668441,15.195432923953609,-7.180301933449998,-6.12773934628378,-0.6458208565462138,1.3171727461955915,24.450685516706606,15.260417314514502,-0.19398766541132226,5.365550285904494,12.602713781323693,10.594833060033462,5.397907059981198,5.5803235528317385,29.898815392084252,20.020470802491513,15.514652093147664,7.972209268129269,-13.754828551824568,-15.298114832539003,-13.604320240138573,6.105842729166235,-1.757424947784701,12.865320975951864,1.763192353974637,11.284461164736173,-2.638912334190503,-12.625325978160264,-4.517688499351986,-7.666675691856914,-16.793839025414528,-14.302741533845216,-7.112621507334889,9.532327468175367,1.744434172171874,4.395604116556361,5.039667628495408,0.2673472938181202,-0.8563536860236158,-6.8771715248261245
-1.1104300510600758,-0.5415057453983935,0.6038481608092311,0.34594959035110323,0.04038212836904571,1.9812174194899363,-0.7852898392276754,-0.3514714586011361,-1.0664922423650995,-0.2836546429352504,2.3235061858325117,1.1639467581256833,0.36395518308245006,0.5711794008458926,1.1274260540085463,0.6640584865453892,0.6875622871035625,1.5240403790160009,4.316635269237842,2.243209082989087,1.8956922674149417,0.7616429049293206,-1.5550012463707328,-0.44509692534534007,-0.6993622863786938,0.5581506003710749,0.17741467167597358,1.4101103907163208,0.08007902460170091,0.8322243061897939,0.754708257092437,-1.6340017528247428,0.14406408241637034,-0.4927234566005749,-1.0466031519191368,-1.164965020272968,-0.8386763016684788,1.744434172171874,1.1721434799604005,1.0511798862664112,-0.17249042696384564,-0.7604334093778674,-1.5076824430194269,0.11098252867306983
-4.176821393237899,0.901930215767796,0.38243241686100354,-0.3841100254317889,-2.1171401826724936,6.975403394345947,-3.2136074621581368,-2.78065465078801,-0.522460401289694,0.5527786295796764,10.84798569951434,6.696377417267053,0.06855923788992631,2.483614905474221,5.608633286211678,4.619988976029824,2.4145229551496294,2.7353986281380163,13.718154265850833,8.974028890283938,7.0405456595969635,3.550926151289858,-6.280638269543035,-6.663983497548313,-5.812132257192515,2.7670855993291448,-0.6195146563563988,5.826366967703483,0.765555395610198,4.960422802503668,-0.8632610652634746,-5.713662517673569,-1.8142828813916938,-3.329421403103911,-7.362344844523315,-6.373783416403686,-3.3092780743469596,4.395604116556361,1.0511798862664112,2.142878149973252,2.040660725336234,-0.1507114946995222,-0.8141036943782363,-2.814824323006312
-5.563694802577586,2.684958004614765,-0.4263765080239711,-1.2590364442209843,-3.9408649756448075,9.212583527419964,-4.517427510349326,-4.3636265342603515,0.9140563749031978,1.4440895308721131,15.836740897961182,10.258261040620086,-0.583040024305673,3.461816201352023,8.281650972376546,7.3162812845617,3.2483337477975303,2.317138567656562,17.491645503331704,12.524713935651242,9.534538123402973,5.167948369917644,-8.671944642476493,-11.331881869588646,-9.533642053036209,4.032077347153615,-1.5346328904250741,8.140341913804042,1.2607793808771834,7.635052186133639,-2.9874268527092966,-7.609683172900168,-3.643985463180721,-5.265253554910702,-11.636385774646165,-9.577114133839565,-4.478960117906483,5.039667628495408,-0.17249042696384564,2.040660725336234,4.095356924854764,1.1501590607912688,1.2596500477379426,-5.424483415159078
-0.5709417342555244,1.049054200648737,-0.5202830822566817,-0.4543229284953987,-0.9726864458946782,1.0059195485946666,-0.6532758667769304,-0.743175083331351,0.8371508281539272,0.44773664978971944,2.5518161130527575,1.8565253594352942,-0.42249771250104223,0.4253094479036782,1.348251417590708,1.4143714430707552,0.4253733279649024,-0.33550458665021754,1.6969414378969512,1.7724006465467184,1.1878207104963525,0.8167979855465481,-1.1050101908485663,-2.4027370160302697,-2.0295155271890297,0.6004375482088065,-0.5644078412751558,1.107390927418707,0.25934170418981434,1.384642078059388,-1.2443877105271954,-0.9176486010825196,-1.0371806336316685,-1.027384866322703,-2.210828170636591,-1.6015413079511667,-0.49243526317004904,0.2673472938181202,-0.7604334093778674,-0.1507114946995222,1.1501590607912688,0.8111453380627814,1.2833653009936452,-1.4567157171060625
0.09812409311583264,1.386391929657989,-0.8953167329233107,-0.6931991024074623,-1.011219157908359,-0.22720769007072508,-0.15652675654715043,-0.5546262906936938,1.5278808679048972,0.6502101296516255,1.0849780210557154,1.1249134630670299,-0.6424972942593862,0.08601776411308447,0.6461863162343853,1.001170238909458,-0.017034602425702008,-1.308223096031532,-1.0270467965947858,0.35317531553416853,-0.0014040733884758362,0.33925021339507055,-0.14929528599516526,-2.168100898179993,-1.5770556608314104,0.26457608463305204,-0.6621859928838237,0.23306050197586267,0.21131454425253107,0.8660201183395689,-1.7202462087573747,0.11885726640719395,-1.1239883876717913,-0.7163569083230421,-1.5698253650999907,-0.8882964786075193,0.010586204481878062,-0.8563536860236158,-1.5076824430194269,-0.8141036943782363,1.2596500477379426,1.2833653009936452,2.2350723478753696,-1.525605875784837
7.488789093703253,-3.5162836828178476,0.5097190131156029,1.630575317974579,5.2270770702663265,-12.428722440389778,6.080116521754776,5.8190014017946305,-1.1025029744160484,-1.8813239390223948,-21.271526645528528,-13.743791133609445,0.7429440178656624,-4.647263522893689,-11.111098158879805,-9.784341660252728,-4.387280526378462,-3.233109673298172,-23.665943073710284,-16.864022107963823,-12.852341068539,-6.940461439408559,11.665049054187863,15.081958981333786,12.741107836786837,-5.405742374327267,2.0275158199678462,-10.948675499641139,-1.6821093792597177,-10.224119279848646,3.8955732449104525,10.274073285989344,4.829464065886812,7.04467631862253,15.55662944174932,12.831053014977035,6.023025882072775,-6.8771715248261245,0.11098252867306983,-2.814824323006312,-5.424483415159078,-1.4567157171060625,-1.525605875784837,7.197331714746957
