V1,V2,V3,V4,V5,V6,V7,V8,V9,V10,V11,V12,V13,V14,V15,V16,V17,V18,V19,V20,V21,V22,V23,V24,V25,V26,V27,V28,V29,V30,V31,V32,V33,V34,V35,V36,V37,V38,V39,V40,V41,V42,V43,V44
28.13905796527052,-14.613160154787492,-126.54015286614019,-57.883296242081315,-40.256202117251014,-52.62969350131971,0.37205138495909085,65.82076871352596,-55.26729493073145,-72.51340590790119,-39.812485369198264,41.4017323013376,-23.220248089257936,-90.36716595503415,48.08839669837367,-7.5812814091237914,47.1719794496791,-9.60868263890298,134.3048588796057,-62.1682010508184,19.595558678925144,-2.6825542375322238,-26.402641521538694,80.46200325522085,29.385003233482202,-90.99432083658503,20.54743867031658,-45.708313862975295,53.37375980129024,15.655883215172057,-38.98222320272239,55.89494554359213,37.05222232896121,-11.77160204705298,-48.155644069185385,-54.3357370298582,23.335596269230237,-33.83497235736862,17.0508981641904,-23.628667981218808,59.63687469572273,11.758345815245669,-47.561063989895665,79.42489384968768
-14.613160154787492,8.158803739534937,66.1808564503308,29.66037733586992,21.395641621482454,27.81659086781297,-0.37710137486673945,-34.37649515054896,29.06044156253648,37.848047497752624,21.324584308571314,-20.962174799624314,12.50082577923187,47.39879771192581,-25.0251485629347,4.243494369079093,-25.26722874948842,4.7599052300711335,-70.40625810582026,32.456710534518635,-9.629025871306736,0.9013174498048312,13.892759562432234,-42.367980361387815,-15.097905592836405,47.41525877399372,-10.640077878541026,23.893609674948216,-27.735404894308815,-7.816830924552846,21.004394848535334,-28.98160102390261,-18.556529818234903,6.997035852908213,24.549725110823008,28.931821678352424,-12.759444872402225,17.851002339336688,-9.028129823873424,11.507614856137545,-31.736857220337743,-6.185000284518286,25.04701341550011,-42.17335873185594
-126.54015286614019,66.1808564503308,587.0753541035403,268.36481132519305,189.42913198728016,244.91335898604586,-4.730210161613473,-301.99912674496085,258.716936046199,337.72240104551247,184.75597065337726,-190.84564477389824,110.30435283117258,417.44988179164204,-218.64874445735268,36.67767450534562,-218.96330031101283,45.44392432717641,-622.6969773846585,287.6970972897072,-90.1213472010791,12.791884447364152,122.98076232767279,-370.27206544849986,-132.8727205178159,417.98479370552735,-95.94269753870272,215.27799747609322,-243.98840301465376,-70.69336328544973,181.96999007995942,-256.2531017506697,-170.31676246144858,54.53502426662153,220.3435247714518,250.4829857358142,-110.2222978044286,154.70760702710817,-81.4778963405737,106.93667929769708,-277.2548534980755,-51.861951625122316,221.6274658092899,-369.7527640569323
-57.883296242081315,29.66037733586992,268.36481132519305,123.44527318906536,86.26393742864343,111.67481189975084,-1.9810521232214735,-138.09011612467984,118.13524751622623,154.5098597508402,83.87655667185321,-87.99389083016857,50.05774019080704,190.65061152501244,-100.029956934762,16.49019290583029,-99.39023777660438,21.083943960863333,-284.5143642971675,131.5955807765856,-41.90135289019425,6.4682199477713755,56.148997401231746,-168.90460085137917,-61.022741040389626,191.26671885551954,-44.013909974888016,98.50592800845882,-111.68977845983206,-32.70117078094346,82.51000335460525,-117.41413707358791,-78.81373752714497,23.9187000848662,101.42969402247486,113.87409703699157,-49.80746019411566,70.51874802007748,-37.20868819059124,49.860773298260554,-126.08617619624914,-23.59961695689528,101.19097125078781,-168.30633406793135
-40.256202117251014,21.395641621482454,189.42913198728016,86.26393742864343,61.64562591059653,79.27040187903471,-2.0076585043868342,-96.97926537522335,83.86380192335244,109.1081914439947,59.873178099227566,-61.075905689278706,36.1110638918324,134.53287133342852,-69.90210658622856,12.168069005307107,-70.96189847498277,14.65166071825691,-200.94480115023794,92.71422288303911,-28.667368586228957,3.932034763419944,39.7827131534809,-119.22029831593038,-42.2818544470768,134.23295639091717,-30.982627975193004,69.88167691056225,-78.15514489241805,-22.366288864282936,59.16740909075094,-82.15386876226631,-54.33893935853421,18.013453090762862,70.37733039255423,80.8708088439624,-36.097352662920315,49.70339490964669,-26.652844619206103,33.729511664143494,-89.7983359577549,-16.404413808858408,71.72098214843493,-119.78643110696679
-52.62969350131971,27.81659086781297,244.91335898604586,111.67481189975084,79.27040187903471,102.36730990239244,-2.1394552688886117,-125.88572159869089,108.08167691880534,140.90542792451595,77.32707360302767,-79.24498109430564,46.248635010413054,174.18011097545312,-91.04498993265804,15.478702972063493,-91.63341277820022,18.854072019073097,-259.8643937840258,119.98547543248792,-37.27466880846319,5.113611257333257,51.3623361861685,-154.5427583159613,-55.21680858673893,174.20561973679077,-40.00169957543183,89.90214260065105,-101.60268443143144,-29.249942614569996,76.24687158486681,-106.72131200590269,-70.62309882102443,23.147938606752113,91.54487086908277,104.69411223037154,-46.320378846849884,64.56568007711655,-34.12565243398981,44.14606751020799,-115.92507656515832,-21.58242884761003,92.58260188971803,-154.5931689280628
0.37205138495909085,-0.37710137486673945,-4.730210161613473,-1.9810521232214735,-2.0076585043868342,-2.1394552688886117,0.5719780368657166,1.883517967151801,-2.4836818407446386,-2.8989871291301745,-1.6063667739848706,1.2043020042570514,-1.36886904627778,-3.1115879702599702,1.0286987594330625,-0.5835993869419493,1.9257968001412225,-0.4472224421711725,4.976040031970399,-2.1791299343011996,0.4640827071722538,-0.022857926975136455,-1.083768053804803,2.5694041270539603,0.4557615911254755,-2.6479630651644044,0.8397932524397392,-2.235654080234225,1.353263697329228,0.18901488448594025,-1.7726599320569034,1.5167607349402148,0.9299254201707153,-0.6301900209578939,-1.14431720552998,-1.8791189876889292,1.3022616155110451,-0.9164064394183292,1.0373036394920412,-0.24041081365088515,2.463399781812351,0.011707924551708212,-1.9539069340123292,3.325181589458689
65.82076871352596,-34.37649515054896,-301.99912674496085,-138.09011612467984,-96.97926537522335,-125.88572159869089,1.883517967151801,156.00166657811786,-132.6790453464344,-173.50015483516762,-95.05203202206899,98.35954676460884,-56.27869787485229,-215.10037255288285,113.30395156566681,-18.612980645529557,112.63833963620118,-23.199535102026047,320.45281241899346,-148.1394887702177,46.48360820905646,-6.507492140048469,-63.191648965090835,191.06695911144075,68.99566524734608,-215.8220203176434,49.24750585731134,-110.16304827628204,126.18760771440563,36.70567930417942,-93.44283099943387,132.3992336033471,87.88880105485066,-28.088337854765847,-113.90624680863182,-129.1690137887292,56.38052690571034,-80.01667719748365,41.50919689669364,-55.493872580872875,142.53184141068832,27.16310303030532,-113.86826547912052,189.99932343606912
-55.26729493073145,29.06044156253648,258.716936046199,118.13524751622623,83.86380192335244,108.08167691880534,-2.4836818407446386,-132.6790453464344,114.35419968746085,148.9968782491586,81.52117503709042,-83.83863796100302,48.99343572440869,183.77587118611004,-95.79544877303434,16.39394192593866,-96.61257114214183,20.095010254659833,-274.40914717517984,126.70789614816215,-39.509026281818585,5.600396032398978,54.268126343443825,-162.87397104630594,-58.08201286420674,183.67136118580484,-42.34376461052975,95.26855190664163,-107.03443786382489,-30.843336300978915,80.43698518728752,-112.51182918570161,-74.72645468027733,24.20044068100333,96.6206812960805,110.28874554449656,-48.91522921067447,67.93509768208509,-36.22092372625303,46.65406647207913,-122.32440607571637,-22.553959258931176,97.83291662580957,-163.21979894999043
-72.51340590790119,37.848047497752624,337.72240104551247,154.5098597508402,109.1081914439947,140.90542792451595,-2.8989871291301745,-173.50015483516762,148.9968782491586,194.42348504307722,106.1852986387438,-109.83555788916485,63.57647891820295,239.98364025769948,-125.47998506809117,21.161581231600227,-125.8303831803676,26.268154714508185,-358.1781107932903,165.482609723958,-51.9173863580414,7.5129667475292425,70.76709502375863,-212.72917674569365,-76.23946904790854,240.20557466976294,-55.27337161708018,124.09344827860821,-140.11392090788937,-40.59054933543883,104.63834470157396,-147.2479468440085,-98.04800927634138,31.19371489366492,126.67381997817358,143.86686194270655,-63.4579742159435,88.80233352665634,-47.045819140795494,61.512392058232074,-159.39088082027865,-29.631364333215014,127.56037415828624,-212.66542176629883
-39.812485369198264,21.324584308571314,184.75597065337726,83.87655667185321,59.873178099227566,77.32707360302767,-1.6063667739848706,-95.05203202206899,81.52117503709042,106.1852986387438,58.61592679919589,-59.45131447009593,34.995742611794334,131.53810445567714,-68.77441048937429,11.76315511500112,-69.46559708040752,14.041576629087073,-196.10754573949785,90.50189738797802,-27.800875534532327,3.5470049901296954,38.76436680218294,-116.84990365728699,-41.624141992948125,131.44362424371107,-30.076101066049365,67.67398542368544,-76.68188614093286,-21.93995316952333,57.808583652752795,-80.45934801696075,-52.85883084694903,17.95897163297722,68.80435513424327,79.33775264514999,-35.154220473293066,48.87416358989417,-25.68282860902343,32.905212311328576,-87.75143726283208,-16.415157909472438,69.86821871785754,-116.93010825396749
41.4017323013376,-20.962174799624314,-190.84564477389824,-87.99389083016857,-61.075905689278706,-79.24498109430564,1.2043020042570514,98.35954676460884,-83.83863796100302,-109.83555788916485,-59.45131447009593,62.91399396402712,-35.333934889693495,-135.60168476728958,71.39441458639175,-11.537981330981832,70.45616708290761,-15.059816393345638,202.25726735169968,-93.62161054844927,30.070501795752257,-4.754747520060293,-39.86423099888913,120.13750803922713,43.64911786605123,-136.25117363724294,31.302143754656566,-69.88553063781164,79.66297975950604,23.495344162301233,-58.37630194995186,83.72425437807868,56.420411221306914,-16.713187039830256,-72.50976251134128,-80.86467804097252,35.0988274745506,-50.1884262206519,26.28107646018726,-35.89072961399147,89.44365731288714,16.91266438371334,-71.82251452959021,119.39142540255969
-23.220248089257936,12.50082577923187,110.30435283117258,50.05774019080704,36.1110638918324,46.248635010413054,-1.36886904627778,-56.27869787485229,48.99343572440869,63.57647891820295,34.995742611794334,-35.333934889693495,21.27707398522647,78.26859906442097,-40.42774857092482,7.226994603289099,-41.475347226123034,8.514567742469787,-117.00953578191815,53.951089691333195,-16.49414280150142,2.1857788374129514,23.205134775386025,-69.3273776835413,-24.36030818528065,77.88129691451982,-18.037373274965528,40.85424329865243,-45.26040473130243,-12.832740237126178,34.66178724489652,-47.59014789313549,-31.34776073647168,10.721700893326748,40.64989480921103,47.14928135683386,-21.244014117956954,28.862119374754702,-15.652763203433569,19.275879554840245,-52.45099175450402,-9.435908020214892,41.847556469982024,-69.97434532290502
-90.36716595503415,47.39879771192581,417.44988179164204,190.65061152501244,134.53287133342852,174.18011097545312,-3.1115879702599702,-215.10037255288285,183.77587118611004,239.98364025769948,131.53810445567714,-135.60168476728958,78.26859906442097,297.10308564197317,-155.9136433898809,26.013047616133882,-155.89490453481812,32.12622450850026,-442.9047511646883,204.62826174961677,-63.966393475074405,8.886798309586537,87.43280802099022,-263.7276043245202,-94.76916954404203,297.61781367784573,-68.11855928708135,152.7382062239862,-173.83498272071893,-50.350416856641544,129.48340959421245,-182.46545915907478,-121.00266164827663,39.06503574845723,156.80176624722807,178.4546276923577,-78.35465845302663,110.304098564555,-57.728500249279755,76.0459459094174,-197.27649691817857,-37.1634812691595,157.54553978146777,-263.0016409770796
48.08839669837367,-25.0251485629347,-218.64874445735268,-100.029956934762,-69.90210658622856,-91.04498993265804,1.0286987594330625,113.30395156566681,-95.79544877303434,-125.47998506809117,-68.77441048937429,71.39441458639175,-40.42774857092482,-155.9136433898809,82.53114761031986,-13.293745283088581,81.49840575582044,-16.71941894820658,232.04202509116408,-107.31914827839594,33.78178387583535,-4.699400161994822,-45.69341365655649,138.63505844808844,50.34566967893203,-156.719855797839,35.59911017182876,-79.40293525906948,91.77012875549525,26.812678319281243,-67.4896261174241,96.21475193759633,63.854562944414184,-20.276981123571012,-82.84945337809478,-93.65058473549823,40.57610672482783,-58.16324292061179,29.789862510507284,-40.52567124155656,103.1023720146652,19.952959075173403,-82.31860376317736,137.3789782403512
-7.5812814091237914,4.243494369079093,36.67767450534562,16.49019290583029,12.168069005307107,15.478702972063493,-0.5835993869419493,-18.612980645529557,16.39394192593866,21.161581231600227,11.76315511500112,-11.537981330981832,7.226994603289099,26.013047616133882,-13.293745283088581,2.5192676002942087,-13.939624939920355,2.7872452609791813,-38.94659166987298,17.90288302860592,-5.309269797445359,0.6102067954882912,7.751865590440499,-23.043614553070924,-7.943444656283592,25.750739581280165,-5.99151832232774,13.66867090711893,-14.910890655498525,-4.120914730623493,11.711831897713063,-15.686460072966318,-10.178360200366305,3.764508147996891,13.279701620240143,15.758194978065003,-7.265396269212737,9.574009746756186,-5.304306185246612,6.1307973814139265,-17.593460242369627,-3.0681051622317845,13.991611577627808,-23.45995541496633
47.1719794496791,-25.26722874948842,-218.96330031101283,-99.39023777660438,-70.96189847498277,-91.63341277820022,1.9257968001412225,112.63833963620118,-96.61257114214183,-125.8303831803676,-69.46559708040752,70.45616708290761,-41.475347226123034,-155.89490453481812,81.49840575582044,-13.939624939920355,82.34914019179494,-16.637115869442834,232.4148793264126,-107.23385792371265,32.94230011395924,-4.177637144200417,-45.947758336457724,138.4802056472655,49.31620821384457,-155.75104616262598,35.63860018603088,-80.20641445471179,90.87966176596721,26.002840344626176,-68.52010940114383,95.34305506569497,62.623324868795365,-21.294485663720817,-81.52635834727401,-94.02976208632374,41.65780434464474,-57.91231446600882,30.43527731404431,-38.97239315149177,104.03089297099962,19.44464814275586,-82.78990512194511,138.59399894832993
-9.60868263890298,4.7599052300711335,45.44392432717641,21.083943960863333,14.65166071825691,18.854072019073097,-0.4472224421711725,-23.199535102026047,20.095010254659833,26.268154714508185,14.041576629087073,-15.059816393345638,8.514567742469787,32.12622450850026,-16.71941894820658,2.7872452609791813,-16.637115869442834,3.7249474333864834,-48.07897337521932,22.26706636090327,-7.247286701171955,1.2892021785830166,9.496771216966264,-28.327141816648698,-10.211799647418509,32.194376465615456,-7.523931371744535,16.86976609629334,-18.7484724667461,-5.540340146284055,13.834664518404697,-19.78541031727436,-13.523461317011689,3.786508552521853,17.20190178276954,19.023931126307346,-8.3657719372466,11.763736875032494,-6.395458977040162,8.565827895510637,-21.192991997608797,-3.8451863201979593,17.132953969293013,-28.364848504307925
134.3048588796057,-70.40625810582026,-622.6969773846585,-284.5143642971675,-200.94480115023794,-259.8643937840258,4.976040031970399,320.45281241899346,-274.40914717517984,-358.1781107932903,-196.10754573949785,202.25726735169968,-117.00953578191815,-442.9047511646883,232.04202509116408,-38.94659166987298,232.4148793264126,-48.07897337521932,660.6293041607082,-305.17126154975637,95.44896563973923,-13.412151556246425,-130.47961570650864,392.9515322635908,140.98870099989242,-443.48920303241965,101.72927344664923,-228.25094992876933,258.8758701751871,74.94064648250925,-193.1675605373849,271.8529271576574,180.48566702077898,-58.075099934732116,-233.66119764410004,-265.8810081517399,117.03210924351244,-164.21429148409575,86.41673435092541,-113.29764270168525,294.21088640217715,55.089615063932804,-235.13901653697658,392.33435352265184
-62.1682010508184,32.456710534518635,287.6970972897072,131.5955807765856,92.71422288303911,119.98547543248792,-2.1791299343011996,-148.1394887702177,126.70789614816215,165.482609723958,90.50189738797802,-93.62161054844927,53.951089691333195,204.62826174961677,-107.31914827839594,17.90288302860592,-107.23385792371265,22.26706636090327,-305.17126154975637,141.05435835882392,-44.245314669589355,6.332481878753228,60.24305590713325,-181.5487220888939,-65.26744745671994,205.0250348980984,-47.012423330277635,105.39829032744186,-119.70101131241685,-34.73503904376452,89.08800068492394,-125.71456648092692,-83.61035148740112,26.661265003213778,108.15210403897113,122.76921444511393,-53.909259048254555,75.89486994275222,-39.850315086546345,52.59099304000671,-135.7653723849115,-25.514853524700712,108.58839123105935,-181.09403281201983
19.595558678925144,-9.629025871306736,-90.1213472010791,-41.90135289019425,-28.667368586228957,-37.27466880846319,0.4640827071722538,46.48360820905646,-39.509026281818585,-51.9173863580414,-27.800875534532327,30.070501795752257,-16.49414280150142,-63.966393475074405,33.78178387583535,-5.309269797445359,32.94230011395924,-7.247286701171955,95.44896563973923,-44.245314669589355,14.54069055566348,-2.525816889950391,-18.78758657039348,56.580259295119376,20.7673217258848,-64.45579609132155,14.844506426208588,-33.01280198439281,37.721172482282256,11.292950398490735,-27.238436058869972,39.677542292227294,27.096762054484916,-7.422321811366709,-34.59115703675526,-37.906783921196386,16.28861970451147,-23.61605735687847,12.36950323320152,-17.416602157097042,41.93749963401339,7.9496936939836935,-33.845111588844894,56.03557757450358
-2.6825542375322238,0.9013174498048312,12.791884447364152,6.4682199477713755,3.932034763419944,5.113611257333257,-0.022857926975136455,-6.507492140048469,5.600396032398978,7.5129667475292425,3.5470049901296954,-4.754747520060293,2.1857788374129514,8.886798309586537,-4.699400161994822,0.6102067954882912,-4.177637144200417,1.2892021785830166,-13.412151556246425,6.332481878753228,-2.525816889950391,0.8345494671732928,2.620242756051458,-7.676220518218014,-3.026059129289478,9.138868660992431,-2.235265930430595,4.857250657000465,-5.325507026976039,-1.7992520030199826,3.428653262458305,-5.715478296829154,-4.466853472855589,0.3571154831848637,5.294412781640446,4.896042572991246,-1.973919082898726,3.142976887957113,-1.8012593057463777,3.060640779119847,-5.487658685214332,-0.9768143113931359,4.749171044501853,-7.489713574966581
-26.402641521538694,13.892759562432234,122.98076232767279,56.148997401231746,39.7827131534809,51.3623361861685,-1.083768053804803,-63.191648965090835,54.268126343443825,70.76709502375863,38.76436680218294,-39.86423099888913,23.205134775386025,87.43280802099022,-45.69341365655649,7.751865590440499,-45.947758336457724,9.496771216966264,-130.47961570650864,60.24305590713325,-18.78758657039348,2.620242756051458,25.794784692426948,-77.54249618152159,-27.730681308489594,87.45820234364146,-20.10139342667777,45.172413537882136,-51.016167644797804,-14.724328446585597,38.22506209261943,-53.58694625215092,-35.54466680602735,11.519374724510733,46.0189840112527,52.499019394425495,-23.203609519255362,32.375939379532284,-17.143407675781315,22.243195070285356,-58.16495803304901,-10.801813907677506,46.47766221566845,-77.56373188202181
80.46200325522085,-42.367980361387815,-370.27206544849986,-168.90460085137917,-119.22029831593038,-154.5427583159613,2.5694041270539603,191.06695911144075,-162.87397104630594,-212.72917674569365,-116.84990365728699,120.13750803922713,-69.3273776835413,-263.7276043245202,138.63505844808844,-23.043614553070924,138.4802056472655,-28.327141816648698,392.9515322635908,-181.5487220888939,56.580259295119376,-7.676220518218014,-77.54249618152159,234.2935398260892,84.2614314095016,-264.2851063944351,60.33688706918878,-135.2029602453544,154.43407664880033,44.691860485284884,-114.97673731605921,162.02664788325743,107.17502522854946,-34.95702101256761,-139.119892011841,-158.60522582183626,69.53295860698184,-98.08954064250314,51.04814943552378,-67.3832771988751,175.11977811942853,33.21233746739388,-139.7279435777832,233.40017853757476
29.385003233482202,-15.097905592836405,-132.8727205178159,-61.022741040389626,-42.2818544470768,-55.21680858673893,0.4557615911254755,68.99566524734608,-58.08201286420674,-76.23946904790854,-41.624141992948125,43.64911786605123,-24.36030818528065,-94.76916954404203,50.34566967893203,-7.943444656283592,49.31620821384457,-10.211799647418509,140.98870099989242,-65.26744745671994,20.7673217258848,-3.026059129289478,-27.730681308489594,84.2614314095016,30.81740865726588,-95.45729369346597,21.654611291316893,-48.15888304691243,55.95933701869308,16.481903371951667,-40.7714142802546,58.66785265980955,39.14683017214442,-12.017208535802073,-50.66885107504931,-56.78605482551158,24.41406130600799,-35.37146051663916,18.00384642827744,-25.01436404635732,62.446058406720205,12.185354193870591,-49.95246809834672,83.2272394503807
-90.99432083658503,47.41525877399372,417.98479370552735,191.26671885551954,134.23295639091717,174.20561973679077,-2.6479630651644044,-215.8220203176434,183.67136118580484,240.20557466976294,131.44362424371107,-136.25117363724294,77.88129691451982,297.61781367784573,-156.719855797839,25.750739581280165,-155.75104616262598,32.194376465615456,-443.48920303241965,205.0250348980984,-64.45579609132155,9.138868660992431,87.45820234364146,-264.2851063944351,-95.45729369346597,298.64483215336725,-68.21348072223832,152.57015924076407,-174.58211969991854,-50.826621822732534,129.2232304372878,-183.22518216236503,-121.79070395489771,38.66298249194304,157.7182225988237,178.60177017265661,-77.98506618878291,110.64389047826349,-57.51055486720646,76.93354135462995,-197.15401319731168,-37.50226890807818,157.6053636428789,-262.856471827222
20.54743867031658,-10.640077878541026,-95.94269753870272,-44.013909974888016,-30.982627975193004,-40.00169957543183,0.8397932524397392,49.24750585731134,-42.34376461052975,-55.27337161708018,-30.076101066049365,31.302143754656566,-18.037373274965528,-68.11855928708135,35.59911017182876,-5.99151832232774,35.63860018603088,-7.523931371744535,101.72927344664923,-47.012423330277635,14.844506426208588,-2.235265930430595,-20.10139342667777,60.33688706918878,21.654611291316893,-68.21348072223832,15.741655500033803,-35.31619172191454,39.77638008472742,11.56206841523462,-29.6402304889103,41.83783127621527,27.983206069782426,-8.699493746629875,-36.0536022532272,-40.74647575804335,17.969483151236243,-25.164559181633013,13.3984403408146,-17.59200704474037,45.18561376665552,8.364704153232163,-36.23921631320566,60.32398802679121
-45.708313862975295,23.893609674948216,215.27799747609322,98.50592800845882,69.88167691056225,89.90214260065105,-2.235654080234225,-110.16304827628204,95.26855190664163,124.09344827860821,67.67398542368544,-69.88553063781164,40.85424329865243,152.7382062239862,-79.40293525906948,13.66867090711893,-80.20641445471179,16.86976609629334,-228.25094992876933,105.39829032744186,-33.01280198439281,4.857250657000465,45.172413537882136,-135.2029602453544,-48.15888304691243,152.57015924076407,-35.31619172191454,79.54100096649996,-88.8460706259036,-25.634687761920993,66.82230394115403,-93.4712666596389,-62.32900938782731,19.837286824434134,80.36447185387486,91.47270785655202,-40.66933829704469,56.30598224176543,-30.293675904846037,38.89551272192455,-101.65465786627979,-18.53596051360752,81.42914786578135,-135.7027809362041
53.37375980129024,-27.735404894308815,-243.98840301465376,-111.68977845983206,-78.15514489241805,-101.60268443143144,1.353263697329228,126.18760771440563,-107.03443786382489,-140.11392090788937,-76.68188614093286,79.66297975950604,-45.26040473130243,-173.83498272071893,91.77012875549525,-14.910890655498525,90.87966176596721,-18.7484724667461,258.8758701751871,-119.70101131241685,37.721172482282256,-5.325507026976039,-51.016167644797804,154.43407664880033,55.95933701869308,-174.58211969991854,39.77638008472742,-88.8460706259036,102.1659974585112,29.82849598260771,-75.3113733578103,107.15899021936711,71.23809994992652,-22.503569160169434,-92.29562803870486,-104.31636438479586,45.342493610768315,-64.70900434339013,33.39842433202882,-45.12413764020185,115.04083032492038,22.045589490710803,-91.89876798854804,153.3128456555242
15.655883215172057,-7.816830924552846,-70.69336328544973,-32.70117078094346,-22.366288864282936,-29.249942614569996,0.18901488448594025,36.70567930417942,-30.843336300978915,-40.59054933543883,-21.93995316952333,23.495344162301233,-12.832740237126178,-50.350416856641544,26.812678319281243,-4.120914730623493,26.002840344626176,-5.540340146284055,74.94064648250925,-34.73503904376452,11.292950398490735,-1.7992520030199826,-14.724328446585597,44.691860485284884,16.481903371951667,-50.826621822732534,11.56206841523462,-25.634687761920993,29.82849598260771,8.916470680321481,-21.45170641422301,31.29060704373367,21.14098536977178,-6.060847496882945,-27.19578588385589,-30.002250723210715,12.771326836203597,-18.739481930933444,9.538510828360396,-13.629951248162303,33.02218050975758,6.456437322763077,-26.505892385309703,44.031630735769774
-38.98222320272239,21.004394848535334,181.96999007995942,82.51000335460525,59.16740909075094,76.24687158486681,-1.7726599320569034,-93.44283099943387,80.43698518728752,104.63834470157396,57.808583652752795,-58.37630194995186,34.66178724489652,129.48340959421245,-67.4896261174241,11.711831897713063,-68.52010940114383,13.834664518404697,-193.1675605373849,89.08800068492394,-27.238436058869972,3.428653262458305,38.22506209261943,-114.97673731605921,-40.7714142802546,129.2232304372878,-29.6402304889103,66.82230394115403,-75.3113733578103,-21.45170641422301,57.10865573882728,-79.05317240377725,-51.8469601365012,17.820114052081642,67.5121559791164,78.14328346721355,-34.82124789339485,48.04588517914972,-25.442283447156793,32.14032366393381,-86.5525947141008,-16.0335194035868,68.89869130010386,-115.33209575427912
55.89494554359213,-28.98160102390261,-256.2531017506697,-117.41413707358791,-82.15386876226631,-106.72131200590269,1.5167607349402148,132.3992336033471,-112.51182918570161,-147.2479468440085,-80.45934801696075,83.72425437807868,-47.59014789313549,-182.46545915907478,96.21475193759633,-15.686460072966318,95.34305506569497,-19.78541031727436,271.8529271576574,-125.71456648092692,39.677542292227294,-5.715478296829154,-53.58694625215092,162.02664788325743,58.66785265980955,-183.22518216236503,41.83783127621527,-93.4712666596389,107.15899021936711,31.29060704373367,-79.05317240377725,112.47488115979453,74.90098742114671,-23.489220600216058,-96.91398291047236,-109.39750378290049,47.63551992726171,-67.84730843472843,35.18425735496646,-47.43389430670198,120.72718250861719,23.040913937317622,-96.55779823401562,160.96957508092999
37.05222232896121,-18.556529818234903,-170.31676246144858,-78.81373752714497,-54.33893935853421,-70.62309882102443,0.9299254201707153,87.88880105485066,-74.72645468027733,-98.04800927634138,-52.85883084694903,56.420411221306914,-31.34776073647168,-121.00266164827663,63.854562944414184,-10.178360200366305,62.623324868795365,-13.523461317011689,180.48566702077898,-83.61035148740112,27.096762054484916,-4.466853472855589,-35.54466680602735,107.17502522854946,39.14683017214442,-121.79070395489771,27.983206069782426,-62.32900938782731,71.23809994992652,21.14098536977178,-51.8469601365012,74.90098742114671,50.732321462499335,-14.557643074574278,-65.0346073334975,-71.98869138625507,31.096462476441374,-44.782315039286246,23.40370943221061,-32.44429307122783,79.56954082270659,15.112750839604333,-64.05762865094147,106.27090119769433
-11.77160204705298,6.997035852908213,54.53502426662153,23.9187000848662,18.013453090762862,23.147938606752113,-0.6301900209578939,-28.088337854765847,24.20044068100333,31.19371489366492,17.95897163297722,-16.713187039830256,10.721700893326748,39.06503574845723,-20.276981123571012,3.764508147996891,-21.294485663720817,3.786508552521853,-58.075099934732116,26.661265003213778,-7.422321811366709,0.3571154831848637,11.519374724510733,-34.95702101256761,-12.017208535802073,38.66298249194304,-8.699493746629875,19.837286824434134,-22.503569160169434,-6.060847496882945,17.820114052081642,-23.489220600216058,-14.557643074574278,6.463530366555082,19.566542865533233,24.162494273135543,-11.008133969780834,14.69993098870551,-7.604240524799719,8.664485951381044,-26.607369497484125,-5.016237260380838,20.773650126636774,-35.30770126992523
-48.155644069185385,24.549725110823008,220.3435247714518,101.42969402247486,70.37733039255423,91.54487086908277,-1.14431720552998,-113.90624680863182,96.6206812960805,126.67381997817358,68.80435513424327,-72.50976251134128,40.64989480921103,156.80176624722807,-82.84945337809478,13.279701620240143,-81.52635834727401,17.20190178276954,-233.66119764410004,108.15210403897113,-34.59115703675526,5.294412781640446,46.0189840112527,-139.119892011841,-50.66885107504931,157.7182225988237,-36.0536022532272,80.36447185387486,-92.29562803870486,-27.19578588385589,67.5121559791164,-96.91398291047236,-65.0346073334975,19.566542865533233,83.83454390908496,93.69568641103612,-40.544743804528196,58.23351150885139,-30.169373139324524,41.44548322724278,-103.39128382341967,-19.793963995539773,82.91289594065137,-137.92674698858258
-54.3357370298582,28.931821678352424,250.4829857358142,113.87409703699157,80.8708088439624,104.69411223037154,-1.8791189876889292,-129.1690137887292,110.28874554449656,143.86686194270655,79.33775264514999,-80.86467804097252,47.14928135683386,178.4546276923577,-93.65058473549823,15.758194978065003,-94.02976208632374,19.023931126307346,-265.8810081517399,122.76921444511393,-37.906783921196386,4.896042572991246,52.499019394425495,-158.60522582183626,-56.78605482551158,178.60177017265661,-40.74647575804335,91.47270785655202,-104.31636438479586,-30.002250723210715,78.14328346721355,-109.39750378290049,-71.98869138625507,24.162494273135543,93.69568641103612,107.58827881477922,-47.36599014842264,66.41502426404371,-34.59414801773641,45.03724937819013,-118.79950457098944,-22.4704917611089,94.6060836964362,-158.27024996295134
23.335596269230237,-12.759444872402225,-110.2222978044286,-49.80746019411566,-36.097352662920315,-46.320378846849884,1.3022616155110451,56.38052690571034,-48.91522921067447,-63.4579742159435,-35.154220473293066,35.0988274745506,-21.244014117956954,-78.35465845302663,40.57610672482783,-7.265396269212737,41.65780434464474,-8.3657719372466,117.03210924351244,-53.909259048254555,16.28861970451147,-1.973919082898726,-23.203609519255362,69.53295860698184,24.41406130600799,-77.98506618878291,17.969483151236243,-40.66933829704469,45.342493610768315,12.771326836203597,-34.82124789339485,47.63551992726171,31.096462476441374,-11.008133969780834,-40.544743804528196,-47.36599014842264,21.37351145812158,-29.00563572500168,15.59424070631352,-19.08743442831924,52.59146495404907,9.557663711865137,-41.84954101757908,70.1013537707576
-33.83497235736862,17.851002339336688,154.70760702710817,70.51874802007748,49.70339490964669,64.56568007711655,-0.9164064394183292,-80.01667719748365,67.93509768208509,88.80233352665634,48.87416358989417,-50.1884262206519,28.862119374754702,110.304098564555,-58.16324292061179,9.574009746756186,-57.91231446600882,11.763736875032494,-164.21429148409575,75.89486994275222,-23.61605735687847,3.142976887957113,32.375939379532284,-98.08954064250314,-35.37146051663916,110.64389047826349,-25.164559181633013,56.30598224176543,-64.70900434339013,-18.739481930933444,48.04588517914972,-67.84730843472843,-44.782315039286246,14.69993098870551,58.23351150885139,66.41502426404371,-29.00563572500168,41.134925617843585,-21.205468337743582,28.217914714400404,-73.18811820840571,-14.035967574838038,58.34442982212722,-97.51086084179919
17.0508981641904,-9.028129823873424,-81.4778963405737,-37.20868819059124,-26.652844619206103,-34.12565243398981,1.0373036394920412,41.50919689669364,-36.22092372625303,-47.045819140795494,-25.68282860902343,26.28107646018726,-15.652763203433569,-57.728500249279755,29.789862510507284,-5.304306185246612,30.43527731404431,-6.395458977040162,86.41673435092541,-39.850315086546345,12.36950323320152,-1.8012593057463777,-17.143407675781315,51.04814943552378,18.00384642827744,-57.51055486720646,13.3984403408146,-30.293675904846037,33.39842433202882,9.538510828360396,-25.442283447156793,35.18425735496646,23.40370943221061,-7.604240524799719,-30.169373139324524,-34.59414801773641,15.59424070631352,-21.205468337743582,11.636531784419724,-14.470960572039687,38.5662184079048,6.861648924947885,-30.922503069204208,51.51712941298096
-23.628667981218808,11.507614856137545,106.93667929769708,49.860773298260554,33.729511664143494,44.14606751020799,-0.24041081365088515,-55.493872580872875,46.65406647207913,61.512392058232074,32.905212311328576,-35.89072961399147,19.275879554840245,76.0459459094174,-40.52567124155656,6.1307973814139265,-38.97239315149177,8.565827895510637,-113.29764270168525,52.59099304000671,-17.416602157097042,3.060640779119847,22.243195070285356,-67.3832771988751,-25.01436404635732,76.93354135462995,-17.59200704474037,38.89551272192455,-45.12413764020185,-13.629951248162303,32.14032366393381,-47.43389430670198,-32.44429307122783,8.664485951381044,41.44548322724278,45.03724937819013,-19.08743442831924,28.217914714400404,-14.470960572039687,21.07726166517888,-49.6064080639067,-9.675022708900105,40.078061404742044,-66.27053846178414
59.63687469572273,-31.736857220337743,-277.2548534980755,-126.08617619624914,-89.7983359577549,-115.92507656515832,2.463399781812351,142.53184141068832,-122.32440607571637,-159.39088082027865,-87.75143726283208,89.44365731288714,-52.45099175450402,-197.27649691817857,103.1023720146652,-17.593460242369627,104.03089297099962,-21.192991997608797,294.21088640217715,-135.7653723849115,41.93749963401339,-5.487658685214332,-58.16495803304901,175.11977811942853,62.446058406720205,-197.15401319731168,45.18561376665552,-101.65465786627979,115.04083032492038,33.02218050975758,-86.5525947141008,120.72718250861719,79.56954082270659,-26.607369497484125,-103.39128382341967,-118.79950457098944,52.59146495404907,-73.18811820840571,38.5662184079048,-49.6064080639067,131.54638151197668,24.50942911951434,-104.79055707411378,175.26902983993818
11.758345815245669,-6.185000284518286,-51.861951625122316,-23.59961695689528,-16.404413808858408,-21.58242884761003,0.011707924551708212,27.16310303030532,-22.553959258931176,-29.631364333215014,-16.415157909472438,16.91266438371334,-9.435908020214892,-37.1634812691595,19.952959075173403,-3.0681051622317845,19.44464814275586,-3.8451863201979593,55.089615063932804,-25.514853524700712,7.9496936939836935,-0.9768143113931359,-10.801813907677506,33.21233746739388,12.185354193870591,-37.50226890807818,8.364704153232163,-18.53596051360752,22.045589490710803,6.456437322763077,-16.0335194035868,23.040913937317622,15.112750839604333,-5.016237260380838,-19.793963995539773,-22.4704917611089,9.557663711865137,-14.035967574838038,6.861648924947885,-9.675022708900105,24.50942911951434,5.007476092098467,-19.4652919327892,32.603278794365906
-47.561063989895665,25.04701341550011,221.6274658092899,101.19097125078781,71.72098214843493,92.58260188971803,-1.9539069340123292,-113.86826547912052,97.83291662580957,127.56037415828624,69.86821871785754,-71.82251452959021,41.847556469982024,157.54553978146777,-82.31860376317736,13.991611577627808,-82.78990512194511,17.132953969293013,-235.13901653697658,108.58839123105935,-33.845111588844894,4.749171044501853,46.47766221566845,-139.7279435777832,-49.95246809834672,157.6053636428789,-36.23921631320566,81.42914786578135,-91.89876798854804,-26.505892385309703,68.89869130010386,-96.55779823401562,-64.05762865094147,20.773650126636774,82.91289594065137,94.6060836964362,-41.84954101757908,58.34442982212722,-30.922503069204208,40.078061404742044,-104.79055707411378,-19.4652919327892,83.79739412266787,-139.78979729253243
79.42489384968768,-42.17335873185594,-369.7527640569323,-168.30633406793135,-119.78643110696679,-154.5931689280628,3.325181589458689,189.99932343606912,-163.21979894999043,-212.66542176629883,-116.93010825396749,119.39142540255969,-69.97434532290502,-263.0016409770796,137.3789782403512,-23.45995541496633,138.59399894832993,-28.364848504307925,392.33435352265184,-181.09403281201983,56.03557757450358,-7.489713574966581,-77.56373188202181,233.40017853757476,83.2272394503807,-262.856471827222,60.32398802679121,-135.7027809362041,153.3128456555242,44.031630735769774,-115.33209575427912,160.96957508092999,106.27090119769433,-35.30770126992523,-137.92674698858258,-158.27024996295134,70.1013537707576,-97.51086084179919,51.51712941298096,-66.27053846178414,175.26902983993818,32.603278794365906,-139.78979729253243,233.64898979161003
