V1,V2,V3,V4,V5,V6,V7,V8,V9,V10,V11,V12,V13,V14,V15,V16,V17,V18,V19,V20,V21,V22,V23,V24,V25,V26,V27,V28,V29,V30,V31,V32,V33,V34,V35,V36,V37,V38,V39,V40,V41,V42,V43,V44
0.8375490534894549,-0.13481477683126245,1.1016166538913692,-0.7662884317012905,-0.28703459351990385,0.11691376072648328,-0.2791542093056683,0.5859430251118763,0.2585265450282615,0.2569676793755721,0.16354155879972618,-0.057213038563786525,0.02732252683601265,0.5090827851142417,-0.10502579034099395,0.3364346628836879,-0.9799799186409747,0.5031257105554706,0.6495124548830536,0.273265316974503,-0.2578365680085181,-0.1097241765456321,0.38555023112595654,-0.7297468001695522,0.1416220730652967,-0.07192343968135263,0.49321303549194484,0.5214697844970406,0.20889302811853774,0.1765401208012372,-0.3576107592293538,-0.09006249646815183,0.3766898464577429,-0.108754713357275,-0.7252843719890141,0.16786769853467964,0.33604569546763396,-0.5398746854218691,4.163709104664484e-5,-0.5608757537571702,-0.05963115674861069,-0.07336473588051425,0.10629395568597629,-0.7020812021397999
-0.13481477683126245,0.5071982091916422,-0.38227990051727123,0.02177039255814858,-0.06579483700217018,-0.28662519581496,0.30751052560424497,-0.7823616119895077,0.19294170716780606,-0.2247078359426033,0.1440555002813456,-0.06626042037218902,0.05897355059738905,-0.09733848719502283,-0.37250463383973464,-0.097526205752278175,-0.1439974075271111,-0.12638117659054593,-0.3174969144719492,-0.24069716809947578,-0.31106265629021984,0.24298325323260736,-0.21970470988975696,-0.25985823319607976,-0.3000510470263048,0.1787978493959798,-0.14650775627888413,-0.0558460869391446,-0.25215940081016,-0.02347856678818279,0.16652773420761846,0.16707989025031983,0.07422575666790052,-0.07569824241706376,0.00877851023973638,-0.17281189821985848,0.08824565361388141,0.27577883886584237,-0.3241347659988416,0.20636254445185018,-0.09492497348609807,-0.08615029546204528,0.10571629719945405,0.29069476306103353
1.1016166538913692,-0.38227990051727123,1.7892586490422124,-1.576812252588677,-0.3807992883943464,0.44798648965179233,-0.5068237272727167,0.9487953673460492,1.0391193893728872,0.2634104335078466,-0.09918172367288643,-0.147751173167786,0.24621082871929129,1.186909294841702,-0.3004760121064063,0.4052305886444314,-1.7017566238375503,0.8725826083779863,1.0067059747481042,0.16477108185144534,-0.37104731287388454,0.19517478808879024,0.6833815424663736,-0.9594955167490155,-0.1550570132954616,-0.31989151441394337,0.44315610751720586,0.7480285999813675,0.4772999869097695,0.21341503923718155,-0.29682612013668214,-0.028772375381902693,0.48668221152557706,0.007015365937055454,-1.2318042946098846,0.17970836337442966,0.266625547060578,-0.7878369602869575,0.07284882262017633,-1.176326144721645,-0.6214633520508819,-0.0896807063226999,0.1047948646547995,-1.418017092734602
-0.7662884317012905,0.02177039255814858,-1.576812252588677,2.9415457798183424,0.6462428714991408,-0.919741862047419,0.19913914341149833,-0.31840248416487077,-2.2605082152463263,0.30644699180812,0.6033618755246829,0.450253376738006,-0.9048011180848535,-1.8580137874209721,1.0834801424444676,-0.6972028721444177,2.7410238327284393,-0.718858377126514,-1.0266816724054344,0.48913548960193787,1.06507103515824,-1.430373883884074,-0.7154547829246107,1.388428123425649,1.3219659521557243,0.1531270390461,0.24257650487042276,-0.9142492290328291,-0.41678187913969605,0.12002260261890974,-0.37662918922007643,-0.4071155820041869,-0.09632557068614366,-0.32774131498833137,2.0195994603313228,0.41130404125918746,0.041348323355420324,0.5368847741605265,0.4310230703223122,1.923808475825093,1.8315205767920288,0.19879624820718558,-0.3455161185547145,1.7879047224281095
-0.28703459351990385,-0.06579483700217018,-0.3807992883943464,0.6462428714991408,0.41927953408689955,-0.1939315935685037,0.05616081275235428,0.1590063200790803,-0.45555263283501385,-0.0686910513521247,-0.040504579027861635,0.09126816603809053,-0.07448130632675858,-0.3287326458709113,0.246906534117501,-0.3415049083391072,0.7986660897401909,-0.21332466676553313,-0.3754819681071577,0.0637760581220412,0.2765208846077891,-0.30788046164343874,-0.030169510881846683,0.4725475839532979,0.4166852298275646,-0.09352281978218946,-0.1003132387719946,-0.27157413435268657,-0.10281376099500704,-0.009420343167131884,0.026651636806793486,-0.07092612569769527,0.11943351822941485,0.1287416125836108,0.46892980911011783,0.1456673545450732,0.009803996845798647,0.04080688410808391,0.18861538365198355,0.5602499312479736,0.45907388579042224,0.061164416810655695,-0.11423459464068081,0.33884601802814723
0.11691376072648328,-0.28662519581496,0.44798648965179233,-0.919741862047419,-0.1939315935685037,1.1549895058068833,-0.2684151679368571,-0.41086646168314417,1.5455566931998952,-0.2331190528238908,-0.37547435680318203,-0.5728739301948381,0.11504106534885332,0.7741527411086933,-0.18160170469451603,0.3291274469018273,-0.404017288078155,0.5710514133044811,0.3416676593069823,-0.07923617507906665,-0.4661629973387286,1.010815689358101,-0.13173055890381324,0.009052399270399011,-0.7164783251137805,-0.4132907481872917,-0.3968471874744785,-0.12543738242523028,0.5365544939349686,0.2664703460699005,0.314575594490047,0.4386764295972385,0.20928040627648878,0.5328246107891794,-1.3838107686764152,-0.09468087328573681,-0.21813239403782098,0.4978487037863058,0.2416018312287009,-0.7066207705604772,-1.4351480881300485,0.03011443600386206,-0.025116329935251244,-1.1268600310197636
-0.2791542093056683,0.30751052560424497,-0.5068237272727167,0.19913914341149833,0.05616081275235428,-0.2684151679368571,0.31429753745498124,-0.432851390826705,-0.14895179331070188,-0.2594935787330958,0.05495629496611793,0.001468147103271732,0.08360342633610203,-0.2208617918964338,-0.16147798296906674,-0.08200238007874835,0.08220223629387907,-0.28952495779918386,-0.2889335831489206,-0.1806972844593405,-0.1195806065333323,0.08953348798372482,-0.12277085354519766,-0.017531132335690515,-0.10103066658295963,0.23691766002138165,-0.1499797416852177,-0.10290295079168205,-0.22469574125681013,-0.13978483237125092,0.1419440856113952,0.032255394065036615,-0.12259240247095479,-0.0034793640236489543,0.187797080103593,-0.1562334758493863,0.0371226350347792,0.15395915695442922,-0.25521050440480814,0.22945623007157628,0.1375485846865716,-0.04766236726845078,0.10728644654995349,0.43413083510342226
0.5859430251118763,-0.7823616119895077,0.9487953673460492,-0.31840248416487077,0.1590063200790803,-0.41086646168314417,-0.432851390826705,3.9041534494564383,-3.1123074307456084,1.1119539090293031,-0.15274190384329558,0.9826423499729228,0.38930604193109475,-0.6716029080120218,0.920564088617197,0.44983224751058504,-0.13526004498673233,-0.8876953966201118,0.9973808639161728,0.7707583683616676,0.9234568680112404,-1.6950204062215435,1.3921697371605108,-0.27755413317020766,1.557824402261576,0.21668500040787284,1.0039437003238731,1.2395716916004942,-0.4779513281809284,-0.7463494016724235,-0.7310983184857002,-0.9125490417379282,-0.8538779109470404,-0.12030141772185877,1.2210658613181626,0.2110430272955623,0.07945665277118096,-2.155233446861805,0.3769267442815964,-0.10569205239136001,2.184560878988661,-0.05449999998894189,-0.15942274251250294,0.589378192882135
0.2585265450282615,0.19294170716780606,1.0391193893728872,-2.2605082152463263,-0.45555263283501385,1.5455566931998952,-0.14895179331070188,-3.1123074307456084,5.7059398895444655,-1.3075706782242293,-0.670844046994027,-1.4412033352165188,0.3145288981695052,2.78697812650478,-1.5796310402554916,-0.14460178435620308,-2.086006420890948,1.9993553022995614,0.060351538474980294,-1.1278379576680164,-1.516031675462434,2.835852493365229,-0.5996176549123913,-0.5495971380857257,-2.545129362577677,-0.9406405424855473,-1.2842029959767773,-0.5931491651048184,1.3003566637925226,0.9800152149489508,0.9408003280778292,1.19732774006548,1.330399045298852,0.6005253080866999,-3.210029920504752,-0.21751133321480365,-0.22898932035136652,1.5254556702068425,-0.22069879693992367,-1.7002298841950905,-4.0700713125678405,-0.042143264394467306,0.2687872861750919,-2.8591833450863193
0.2569676793755721,-0.2247078359426033,0.2634104335078466,0.30644699180812,-0.0686910513521247,-0.2331190528238908,-0.2594935787330958,1.1119539090293031,-1.3075706782242293,0.7913595710945396,0.3095475452283574,0.4404857316623529,-0.163035099489665,-0.5705704231709751,0.4161458449211609,0.12460956243071247,0.3300558006750278,-0.16063089337763836,0.23268938415215526,0.5081819590097965,0.4726943134052742,-0.801913559184055,0.23630467555436302,0.005504273119902058,0.6272059350304071,0.06309525965971705,0.5781371073239397,0.31799711819142285,-0.22195803135380823,-0.20337101771857147,-0.30631838823067764,-0.2666045592240548,-0.255421698474227,-0.26066798041815314,0.8069764798837749,0.14264766609059695,0.028183629536232997,-0.4319837015808657,0.24053660179712158,0.14457058701474654,0.8757583245946544,0.047079608137908104,-0.2701535688910961,0.37334514298843086
0.16354155879972618,0.1440555002813456,-0.09918172367288643,0.6033618755246829,-0.040504579027861635,-0.37547435680318203,0.05495629496611793,-0.15274190384329558,-0.670844046994027,0.3095475452283574,0.7422003101645003,0.10459112905365678,-0.29077781003930453,-0.5460058051702033,0.02692218210003315,0.07787560976162235,0.32390601138574115,0.1258007562508566,-0.15690171856103535,0.497737824270949,-3.251102499847453e-4,-0.4591118846654818,-0.10484162899855992,-0.1082163134683497,0.5084611466743114,0.31508942383743777,0.54887377601277,-0.04835457108240602,-0.18060932512000155,-0.12005973059804949,-0.10942861543776831,-0.034177379048568386,0.20026094349349483,-0.22040806003083005,0.38469691265233275,0.09058994226855337,0.38731715816842555,0.22019758179779858,-0.09411775651249253,0.24196932657712583,0.6504613558160615,0.07861663708381808,-0.08552835460602405,0.40309901641439877
-0.057213038563786525,-0.06626042037218902,-0.147751173167786,0.450253376738006,0.09126816603809053,-0.5728739301948381,0.001468147103271732,0.9826423499729228,-1.4412033352165188,0.4404857316623529,0.10459112905365678,0.5334619877069605,-0.020486939193537352,-0.5851488679785539,0.3497870563582441,-0.05142742844880481,0.3410044943790852,-0.5192633761118433,-0.0028147101913196773,0.1918255783024219,0.5309589342380664,-0.8223495726488559,0.26580545912207215,0.10021762284936733,0.6069006395726567,0.22888480930800495,0.34070089924177555,0.2482013512394299,-0.35291366980885985,-0.3212044560559882,-0.24931887635039085,-0.37249681840717624,-0.43717048634664446,-0.32879661785920156,1.1050559877841153,0.0522270777276006,-0.02910163216415625,-0.5770945406475306,0.004183740886220772,0.3273241669716086,1.0688358948226981,0.013142594976667048,-0.09443460532586909,0.7227502333889043
0.02732252683601265,0.05897355059738905,0.24621082871929129,-0.9048011180848535,-0.07448130632675858,0.11504106534885332,0.08360342633610203,0.38930604193109475,0.3145288981695052,-0.163035099489665,-0.29077781003930453,-0.020486939193537352,0.5455026477674303,0.34612350998554475,-0.41030400814261114,0.08141481266429315,-0.8184873518957791,-0.1283387997748178,0.23313659768938017,-0.29227630983803904,-0.26266112846356404,0.3833249989564606,0.37185433037476856,-0.44993862248777466,-0.4420157699103018,0.01287496287350683,-0.19730477023489335,0.37259081634539754,-0.1420213030311671,-0.25137779830472534,0.23784051452259292,0.047358122081614336,-0.22446490949114994,0.2639763054034244,-0.3380108685339287,-0.25571022596490367,-0.07614018014923837,-0.348657132971284,-0.12668628152711553,-0.4825595447411603,-0.27612475203549963,-0.13355212341024558,0.08260880204679688,-0.1704791545423874
0.5090827851142417,-0.09733848719502283,1.186909294841702,-1.8580137874209721,-0.3287326458709113,0.7741527411086933,-0.2208617918964338,-0.6716029080120218,2.78697812650478,-0.5705704231709751,-0.5460058051702033,-0.5851488679785539,0.34612350998554475,1.9156501456034498,-0.7788088873397903,0.19067270476177195,-1.8173380085147253,1.0543577159073985,0.48893920742384966,-0.5377133880322806,-0.7570067687703632,1.2793254559500142,0.19751490187927295,-0.6328652108889241,-1.0725175706260273,-0.39732493750878356,-0.4233913515578365,0.16017267774262303,0.7960602813480154,0.34743895243946266,0.2679822376317979,0.4280333146328287,0.6320836500721925,0.11204330764803974,-1.7790760337411289,-0.07095242218172082,-0.050891015888481744,0.023147538133821918,-0.27712051399110516,-1.3476335718665557,-1.9578592199688825,-0.015606307524959695,0.31200206483112003,-1.8668869106710702
-0.10502579034099395,-0.37250463383973464,-0.3004760121064063,1.0834801424444676,0.246906534117501,-0.18160170469451603,-0.16147798296906674,0.920564088617197,-1.5796310402554916,0.4161458449211609,0.02692218210003315,0.3497870563582441,-0.41030400814261114,-0.7788088873397903,0.9633022168539029,-0.008442570893145556,1.1894946549392436,-0.43727374832618376,0.012026774427402086,0.44610913493563253,0.7319000786521148,-0.9652963577092804,-0.018820987460547344,0.6800973695982006,0.9543464718038355,0.016183298351889735,0.30704432776603996,-0.11518278835034836,-0.04592284125719214,0.036114962278146756,-0.4868052508138725,-0.41998603550422187,-0.28117764803935624,-0.18531820730173812,0.8767039996149948,0.3118631657506883,-0.08241170347990406,-0.3249845110486707,0.37274222026994475,0.6973767637160374,1.0732709730240881,0.09910894011521934,-0.14638299440521707,0.601000278534497
0.3364346628836879,-0.097526205752278175,0.4052305886444314,-0.6972028721444177,-0.3415049083391072,0.3291274469018273,-0.08200238007874835,0.44983224751058504,-0.14460178435620308,0.12460956243071247,0.07787560976162235,-0.05142742844880481,0.08141481266429315,0.19067270476177195,-0.008442570893145556,0.7183279245876214,-0.6240288032458499,0.03987349794337581,0.5033579816611369,0.28020556712460715,-0.2904880934018673,0.13343390275400574,0.22379897758738534,-0.3985728012437239,0.06685997800202836,0.3221850783371355,0.3131831750120366,0.3899833505050424,0.10290382741348614,-0.19648525359611058,-0.08941023734056923,0.009565946086417854,-0.22161707980249196,-0.060427049124100185,-0.5205510518134903,-0.12036156138251526,0.11803302753339824,-0.22181678581940373,-0.24788403478149518,-0.5993255851866504,-0.1036990665297844,0.007620486550691734,0.18942382911538877,-0.32213316619089827
-0.9799799186409747,-0.1439974075271111,-1.7017566238375503,2.7410238327284393,0.7986660897401909,-0.404017288078155,0.08220223629387907,-0.13526004498673233,-2.086006420890948,0.3300558006750278,0.32390601138574115,0.3410044943790852,-0.8184873518957791,-1.8173380085147253,1.1894946549392436,-0.6240288032458499,3.2015883116968773,-0.762383436119267,-1.1241163385710486,0.5629738442134467,1.0411156035720808,-1.1144255766452882,-0.7583972585641011,1.7460104084697374,1.2442927662716374,-0.055759787470249525,-0.052365224854607685,-1.0582430073248295,-0.34426607633808026,0.06946169899765679,-0.09638755932714659,-0.17857039618723045,-0.13002926289371264,0.0219481120834669,1.8261700827876357,0.37080146372396844,-0.17722352928300186,0.7998360246019742,0.6549941846954348,1.9426875703584023,1.4545124213294758,0.2789769544347055,-0.5167710531232136,1.5458084179375458
0.5031257105554706,-0.12638117659054593,0.8725826083779863,-0.718858377126514,-0.21332466676553313,0.5710514133044811,-0.28952495779918386,-0.8876953966201118,1.9993553022995614,-0.16063089337763836,0.1258007562508566,-0.5192633761118433,-0.1283387997748178,1.0543577159073985,-0.43727374832618376,0.03987349794337581,-0.762383436119267,1.1798471867652935,0.2143273471655335,0.025423098694152848,-0.5102095459924776,0.7181207773441642,-0.12762305803549895,-0.2882944228408512,-0.5320275099170515,-0.381953690912007,-0.01636127329392241,-0.16596337717756018,0.6602191211450077,0.4481653621417489,0.12472619497640842,0.37826059026791303,0.846283241939805,0.09123578655413955,-1.2668979782153011,0.15928216318115748,0.18658140287144023,0.5063039449818263,0.04852986067726102,-0.7305211549534825,-1.2871971762259102,0.08214681392499622,0.005295590912954524,-1.3328349093099698
0.6495124548830536,-0.3174969144719492,1.0067059747481042,-1.0266816724054344,-0.3754819681071577,0.3416676593069823,-0.2889335831489206,0.9973808639161728,0.060351538474980294,0.23268938415215526,-0.15690171856103535,-0.0028147101913196773,0.23313659768938017,0.48893920742384966,0.012026774427402086,0.5033579816611369,-1.1241163385710486,0.2143273471655335,0.9088556334848095,0.1221989992590792,-0.13300091517919008,7.522838888480586e-4,0.5128935781497643,-0.6342745495951572,-0.09049990159336946,-0.020115119981276224,0.33458824061527787,0.659116085666762,0.1983590286262035,-0.0024422254420293733,-0.3166786193928262,-0.20643391838584707,-0.17103481355004935,0.0050650263488733836,-0.6981886987691586,0.003052972969313307,0.06327114178967935,-0.7472185839046384,0.04044073011900266,-0.820064155169369,-0.1402907548528483,-0.11080741512883464,0.1407004260444715,-0.606316279268103
0.273265316974503,-0.24069716809947578,0.16477108185144534,0.48913548960193787,0.0637760581220412,-0.07923617507906665,-0.1806972844593405,0.7707583683616676,-1.1278379576680164,0.5081819590097965,0.497737824270949,0.1918255783024219,-0.29227630983803904,-0.5377133880322806,0.44610913493563253,0.28020556712460715,0.5629738442134467,0.025423098694152848,0.1221989992590792,0.7588641052770145,0.22515930209158563,-0.694506847466596,0.14009445108504875,0.10882091844034952,0.8934589224756291,0.19282870906893324,0.6368447120747518,0.07757973228012205,-0.04727587335540173,-0.1416659828170338,-0.2706428369340067,-0.16738707863452212,0.07875082262754794,-0.099028462152591007,0.33700994649817906,0.22788043298561275,0.30167601445049075,-0.13408141958996775,0.164187788583355,0.19827424888991402,0.8413240130772714,0.12901482785561344,-0.14619037498738655,0.2109906656917719
-0.2578365680085181,-0.31106265629021984,-0.37104731287388454,1.06507103515824,0.2765208846077891,-0.4661629973387286,-0.1195806065333323,0.9234568680112404,-1.516031675462434,0.4726943134052742,-3.251102499847453e-4,0.5309589342380664,-0.26266112846356404,-0.7570067687703632,0.7319000786521148,-0.2904880934018673,1.0411156035720808,-0.5102095459924776,-0.13300091517919008,0.22515930209158563,0.9241348660088831,-1.0121286209303406,0.05789634535491823,0.6640130166797236,0.7647975234829264,0.006825045418851284,0.22422818943477696,-0.09037636628601299,-0.19142800721436568,-0.12281091020773909,-0.3316079947323668,-0.4598743081272147,-0.42655124396133287,-0.30039838411392417,1.3695030656377256,0.21709320574038543,-0.21630771145035246,-0.4090000517780262,0.3418665426784064,0.632479118943632,1.119221529293412,0.09402578795906312,-0.233183714156697,0.7858575973825936
-0.1097241765456321,0.24298325323260736,0.19517478808879024,-1.430373883884074,-0.30788046164343874,1.010815689358101,0.08953348798372482,-1.6950204062215435,2.835852493365229,-0.801913559184055,-0.4591118846654818,-0.8223495726488559,0.3833249989564606,1.2793254559500142,-0.9652963577092804,0.13343390275400574,-1.1144255766452882,0.7181207773441642,7.522838888480586e-4,-0.694506847466596,-1.0121286209303406,1.8316319913745198,-0.34401689900715227,-0.3266966923491048,-1.5980435935506143,-0.31896453424713717,-0.8642529426499558,-0.2516278525833809,0.48383689846279687,0.26835774535180096,0.742021329082891,0.7653850483472341,0.35094615770100607,0.5339368036622455,-1.7835446337033756,-0.3828329806012455,-0.21839672722220616,0.9534229681180176,-0.24662879441505853,-0.9460330408265262,-2.265995888124814,-0.06418215136162918,0.17587183598688197,-1.272592564320216
0.38555023112595654,-0.21970470988975696,0.6833815424663736,-0.7154547829246107,-0.030169510881846683,-0.13173055890381324,-0.12277085354519766,1.3921697371605108,-0.5996176549123913,0.23630467555436302,-0.10484162899855992,0.26580545912207215,0.37185433037476856,0.19751490187927295,-0.018820987460547344,0.22379897758738534,-0.7583972585641011,-0.12762305803549895,0.5128935781497643,0.14009445108504875,0.05789634535491823,-0.34401689900715227,0.7198445927228712,-0.48742743356024915,0.31840306334001195,0.11109963846121564,0.3484699667429052,0.6404323284069856,-0.11459302568875251,-0.3408271180784499,-0.1696379320761317,-0.26893590079032825,-0.18798011531988795,0.0011586671258375742,0.04425277467114705,-0.002880354426413556,0.1349059210560347,-0.9385028976680914,-0.05149497553440726,-0.4463274725465036,0.5002525776564057,-0.06484098244553545,0.06689183187444082,-0.1193893050122611
-0.7297468001695522,-0.25985823319607976,-0.9594955167490155,1.388428123425649,0.4725475839532979,0.009052399270399011,-0.017531132335690515,-0.27755413317020766,-0.5495971380857257,0.005504273119902058,-0.1082163134683497,0.10021762284936733,-0.44993862248777466,-0.6328652108889241,0.6800973695982006,-0.3985728012437239,1.7460104084697374,-0.2882944228408512,-0.6342745495951572,0.10882091844034952,0.6640130166797236,-0.3266966923491048,-0.48742743356024915,1.294642922450743,0.44128558693132935,-0.1379530600327271,-0.2869155201312641,-0.7753063031102446,0.08976600779500726,0.08791128229170175,0.05802646185211642,-0.053543358084990736,-0.14182529029171684,-0.006168540717640277,0.9145105933739591,0.20203329542236514,-0.3083216362626976,0.586192365989073,0.3660023861318096,0.8463895392119072,0.31432684835132263,0.23096860561577204,-0.2578677553049878,0.5384025632341478
0.1416220730652967,-0.3000510470263048,-0.1550570132954616,1.3219659521557243,0.4166852298275646,-0.7164783251137805,-0.10103066658295963,1.557824402261576,-2.545129362577677,0.6272059350304071,0.5084611466743114,0.6069006395726567,-0.4420157699103018,-1.0725175706260273,0.9543464718038355,0.06685997800202836,1.2442927662716374,-0.5320275099170515,-0.09049990159336946,0.8934589224756291,0.7647975234829264,-1.5980435935506143,0.31840306334001195,0.44128558693132935,1.8169184316768965,0.37174405994410475,0.8746419767536643,0.10420078405971463,-0.2896273185250741,-0.27624043221841105,-0.6231790789283479,-0.565046934824897,-0.03328780072263477,-0.3990816480055192,1.355834387203703,0.42681614494813874,0.3865451021296517,-0.7150096510242739,0.1625074355733089,0.8817547502058171,2.051581611839579,0.1813259971303166,-0.1023078304373112,0.9127616120193218
-0.07192343968135263,0.1787978493959798,-0.31989151441394337,0.1531270390461,-0.09352281978218946,-0.4132907481872917,0.23691766002138165,0.21668500040787284,-0.9406405424855473,0.06309525965971705,0.31508942383743777,0.22888480930800495,0.01287496287350683,-0.39732493750878356,0.016183298351889735,0.3221850783371355,-0.055759787470249525,-0.381953690912007,-0.020115119981276224,0.19282870906893324,0.006825045418851284,-0.31896453424713717,0.11109963846121564,-0.1379530600327271,0.37174405994410475,0.6250855094990689,0.33605578531514096,0.18464480004730816,-0.2659865191717455,-0.42804029310584996,-0.06262269271131911,-0.16840950468888347,-0.36522585768024807,-0.3185524566275747,0.4937502197288961,-0.14570491450637943,0.18693661053492425,-0.19057004091991736,-0.4407125048845035,9.317353353473761e-4,0.6784279298734287,0.04148989164906051,0.18382123960491317,0.5676004884119105
0.49321303549194484,-0.14650775627888413,0.44315610751720586,0.24257650487042276,-0.1003132387719946,-0.3968471874744785,-0.1499797416852177,1.0039437003238731,-1.2842029959767773,0.5781371073239397,0.54887377601277,0.34070089924177555,-0.19730477023489335,-0.4233913515578365,0.30704432776603996,0.3131831750120366,-0.052365224854607685,-0.01636127329392241,0.33458824061527787,0.6368447120747518,0.22422818943477696,-0.8642529426499558,0.3484699667429052,-0.2869155201312641,0.8746419767536643,0.33605578531514096,0.8434695213182746,0.40820360933133315,-0.14798095221416066,-0.21498322268618567,-0.4496770002679479,-0.3318804229385033,-0.014184529452577893,-0.362790739625875,0.4799082460800207,0.19283059768125727,0.38830965424006664,-0.5626153857853832,-0.04172509500269083,0.002327461177640817,1.0625095011968977,0.048560960974267105,-0.01493402043562843,0.2741283620791802
0.5214697844970406,-0.0558460869391446,0.7480285999813675,-0.9142492290328291,-0.27157413435268657,-0.12543738242523028,-0.10290295079168205,1.2395716916004942,-0.5931491651048184,0.31799711819142285,-0.04835457108240602,0.2482013512394299,0.37259081634539754,0.16017267774262303,-0.11518278835034836,0.3899833505050424,-1.0582430073248295,-0.16596337717756018,0.659116085666762,0.07757973228012205,-0.09037636628601299,-0.2516278525833809,0.6404323284069856,-0.7753063031102446,0.10420078405971463,0.18464480004730816,0.40820360933133315,0.8270330857752864,-0.2049837036293164,-0.2825696482416401,-0.24457353812735194,-0.24308245925417213,-0.2945279551363442,-0.10302022240757783,-0.09339313593002363,-0.09672687779842273,0.12404968580034975,-0.9509360643071223,-0.15865943383516157,-0.5388423459448943,0.4029484130627494,-0.15087281240573167,0.13045789923135412,-0.0903493446462061
0.20889302811853774,-0.25215940081016,0.4772999869097695,-0.41678187913969605,-0.10281376099500704,0.5365544939349686,-0.22469574125681013,-0.4779513281809284,1.3003566637925226,-0.22195803135380823,-0.18060932512000155,-0.35291366980885985,-0.1420213030311671,0.7960602813480154,-0.04592284125719214,0.10290382741348614,-0.34426607633808026,0.6602191211450077,0.1983590286262035,-0.04727587335540173,-0.19142800721436568,0.48383689846279687,-0.11459302568875251,0.08976600779500726,-0.2896273185250741,-0.2659865191717455,-0.14798095221416066,-0.2049837036293164,0.6141484511048036,0.3451028387218215,0.012562374648733388,0.17450606469181945,0.3988100703021106,0.02558376877922113,-0.8563894519787105,0.13075298882970415,-0.032058310288227754,0.2627403691069213,0.05322481016259535,-0.49638539349868754,-0.9382265426925182,0.09826124571623149,0.08709403868206012,-0.9537278251573301
0.1765401208012372,-0.02347856678818279,0.21341503923718155,0.12002260261890974,-0.009420343167131884,0.2664703460699005,-0.13978483237125092,-0.7463494016724235,0.9800152149489508,-0.20337101771857147,-0.12005973059804949,-0.3212044560559882,-0.25137779830472534,0.34743895243946266,0.036114962278146756,-0.19648525359611058,0.06946169899765679,0.4481653621417489,-0.0024422254420293733,-0.1416659828170338,-0.12281091020773909,0.26835774535180096,-0.3408271180784499,0.08791128229170175,-0.27624043221841105,-0.42804029310584996,-0.21498322268618567,-0.2825696482416401,0.3451028387218215,0.6405899310518905,-0.14990073304221083,0.10955557028629274,0.4920930508969113,0.08186899330916264,-0.6711301826302695,0.21863282944576795,-0.009426750071413421,0.33744091350164807,0.24818788160911417,0.11005107905846148,-0.6184161749400849,-0.05177913393285626,0.013060265352445567,-0.5101769242779628
-0.3576107592293538,0.16652773420761846,-0.29682612013668214,-0.37662918922007643,0.026651636806793486,0.314575594490047,0.1419440856113952,-0.7310983184857002,0.9408003280778292,-0.30631838823067764,-0.10942861543776831,-0.24931887635039085,0.23784051452259292,0.2679822376317979,-0.4868052508138725,-0.08941023734056923,-0.09638755932714659,0.12472619497640842,-0.3166786193928262,-0.2706428369340067,-0.3316079947323668,0.742021329082891,-0.1696379320761317,0.05802646185211642,-0.6231790789283479,-0.06262269271131911,-0.4496770002679479,-0.24457353812735194,0.012562374648733388,-0.14990073304221083,0.5888073512932563,0.4105018608586742,0.03916252842445575,0.317031710284924,-0.30259117204537467,-0.2681532294919462,-0.15850951910203412,0.5917439112659247,-0.10620382206524391,-0.22957458156256025,-0.7885793650127569,0.03507778268964009,-0.06607853016813799,-0.21182335930925947
-0.09006249646815183,0.16707989025031983,-0.028772375381902693,-0.4071155820041869,-0.07092612569769527,0.4386764295972385,0.032255394065036615,-0.9125490417379282,1.19732774006548,-0.2666045592240548,-0.034177379048568386,-0.37249681840717624,0.047358122081614336,0.4280333146328287,-0.41998603550422187,0.009565946086417854,-0.17857039618723045,0.37826059026791303,-0.20643391838584707,-0.16738707863452212,-0.4598743081272147,0.7653850483472341,-0.26893590079032825,-0.053543358084990736,-0.565046934824897,-0.16840950468888347,-0.3318804229385033,-0.24308245925417213,0.17450606469181945,0.10955557028629274,0.4105018608586742,0.4733271879814707,0.32936134298320485,0.24559810241225624,-0.6604934728753251,-0.1368337278367011,-0.052904855174428195,0.652382491224461,-0.0769509586896267,-0.22577670058034147,-0.9593797212921698,0.03362919142021798,-0.02488910595858319,-0.5210702373925654
0.3766898464577429,0.07422575666790052,0.48668221152557706,-0.09632557068614366,0.11943351822941485,0.20928040627648878,-0.12259240247095479,-0.8538779109470404,1.330399045298852,-0.255421698474227,0.20026094349349483,-0.43717048634664446,-0.22446490949114994,0.6320836500721925,-0.28117764803935624,-0.22161707980249196,-0.13002926289371264,0.846283241939805,-0.17103481355004935,0.07875082262754794,-0.42655124396133287,0.35094615770100607,-0.18798011531988795,-0.14182529029171684,-0.03328780072263477,-0.36522585768024807,-0.014184529452577893,-0.2945279551363442,0.3988100703021106,0.4920930508969113,0.03916252842445575,0.32936134298320485,1.084815904461782,0.1242304153740269,-0.8898720706739854,0.2735060266457814,0.3503824249896594,0.440222599281512,0.07341429114889197,-0.004538105697710585,-0.6513476934083076,0.06492485612530438,0.01051463392966437,-0.8633116658069028
-0.108754713357275,-0.07569824241706376,0.007015365937055454,-0.32774131498833137,0.1287416125836108,0.5328246107891794,-0.0034793640236489543,-0.12030141772185877,0.6005253080866999,-0.26066798041815314,-0.22040806003083005,-0.32879661785920156,0.2639763054034244,0.11204330764803974,-0.18531820730173812,-0.060427049124100185,0.0219481120834669,0.09123578655413955,0.0050650263488733836,-0.099028462152591007,-0.30039838411392417,0.5339368036622455,0.0011586671258375742,-0.006168540717640277,-0.3990816480055192,-0.3185524566275747,-0.362790739625875,-0.10302022240757783,0.02558376877922113,0.08186899330916264,0.317031710284924,0.24559810241225624,0.1242304153740269,0.6910012432052959,-0.7088651326292668,-0.0930940043373834,-0.06701609554002431,0.2885190415867867,0.29652027975016587,-0.0836103217166615,-0.5272297811915166,-0.08644748312763595,-0.11074070933405467,-0.27054217715569273
-0.7252843719890141,0.00877851023973638,-1.2318042946098846,2.0195994603313228,0.46892980911011783,-1.3838107686764152,0.187797080103593,1.2210658613181626,-3.210029920504752,0.8069764798837749,0.38469691265233275,1.1050559877841153,-0.3380108685339287,-1.7790760337411289,0.8767039996149948,-0.5205510518134903,1.8261700827876357,-1.2668979782153011,-0.6981886987691586,0.33700994649817906,1.3695030656377256,-1.7835446337033756,0.04425277467114705,0.9145105933739591,1.355834387203703,0.4937502197288961,0.4799082460800207,-0.09339313593002363,-0.8563894519787105,-0.6711301826302695,-0.30259117204537467,-0.6604934728753251,-0.8898720706739854,-0.7088651326292668,3.0184093272628236,0.11044587711144607,-0.18885238593573417,-0.5188237307305221,0.08240628770696388,1.3748791943164707,2.3951335167991434,0.1569853464673296,-0.36240334821356723,2.095318311660033
0.16786769853467964,-0.17281189821985848,0.17970836337442966,0.41130404125918746,0.1456673545450732,-0.09468087328573681,-0.1562334758493863,0.2110430272955623,-0.21751133321480365,0.14264766609059695,0.09058994226855337,0.0522270777276006,-0.25571022596490367,-0.07095242218172082,0.3118631657506883,-0.12036156138251526,0.37080146372396844,0.15928216318115748,0.003052972969313307,0.22788043298561275,0.21709320574038543,-0.3828329806012455,-0.002880354426413556,0.20203329542236514,0.42681614494813874,-0.14570491450637943,0.19283059768125727,-0.09672687779842273,0.13075298882970415,0.21863282944576795,-0.2681532294919462,-0.1368337278367011,0.2735060266457814,-0.0930940043373834,0.11044587711144607,0.28666329597643486,0.12187945876005471,-0.09082787752553197,0.20589620167380912,0.2585191280686476,0.3010181021085931,0.05018891310379696,-0.06509015917248932,-0.06572755405057346
0.33604569546763396,0.08824565361388141,0.266625547060578,0.041348323355420324,0.009803996845798647,-0.21813239403782098,0.0371226350347792,0.07945665277118096,-0.22898932035136652,0.028183629536232997,0.38731715816842555,-0.02910163216415625,-0.07614018014923837,-0.050891015888481744,-0.08241170347990406,0.11803302753339824,-0.17722352928300186,0.18658140287144023,0.06327114178967935,0.30167601445049075,-0.21630771145035246,-0.21839672722220616,0.1349059210560347,-0.3083216362626976,0.3865451021296517,0.18693661053492425,0.38830965424006664,0.12404968580034975,-0.032058310288227754,-0.009426750071413421,-0.15850951910203412,-0.052904855174428195,0.3503824249896594,-0.06701609554002431,-0.18885238593573417,0.12187945876005471,0.4520109335146844,-0.10520790143640048,-0.14139436077096232,0.01869384040346122,0.3807577500825024,0.003256123562555246,0.09317731877771654,-0.015100038981872088
-0.5398746854218691,0.27577883886584237,-0.7878369602869575,0.5368847741605265,0.04080688410808391,0.4978487037863058,0.15395915695442922,-2.155233446861805,1.5254556702068425,-0.4319837015808657,0.22019758179779858,-0.5770945406475306,-0.348657132971284,0.023147538133821918,-0.3249845110486707,-0.22181678581940373,0.7998360246019742,0.5063039449818263,-0.7472185839046384,-0.13408141958996775,-0.4090000517780262,0.9534229681180176,-0.9385028976680914,0.586192365989073,-0.7150096510242739,-0.19057004091991736,-0.5626153857853832,-0.9509360643071223,0.2627403691069213,0.33744091350164807,0.5917439112659247,0.652382491224461,0.440222599281512,0.2885190415867867,-0.5188237307305221,-0.09082787752553197,-0.10520790143640048,1.6502706593877359,0.03562666927745724,0.24309575726743296,-1.2081539923054994,0.1413120348009952,-0.16298482259786204,-0.22537512052560596
4.163709104664484e-5,-0.3241347659988416,0.07284882262017633,0.4310230703223122,0.18861538365198355,0.2416018312287009,-0.25521050440480814,0.3769267442815964,-0.22069879693992367,0.24053660179712158,-0.09411775651249253,0.004183740886220772,-0.12668628152711553,-0.27712051399110516,0.37274222026994475,-0.24788403478149518,0.6549941846954348,0.04852986067726102,0.04044073011900266,0.164187788583355,0.3418665426784064,-0.24662879441505853,-0.05149497553440726,0.3660023861318096,0.1625074355733089,-0.4407125048845035,-0.04172509500269083,-0.15865943383516157,0.05322481016259535,0.24818788160911417,-0.10620382206524391,-0.0769509586896267,0.07341429114889197,0.29652027975016587,0.08240628770696388,0.20589620167380912,-0.14139436077096232,0.03562666927745724,0.6151075663352976,0.31100741648964847,0.12865810344659714,-0.003968443421179483,-0.3000050421155123,0.006175602738605285
-0.5608757537571702,0.20636254445185018,-1.176326144721645,1.923808475825093,0.5602499312479736,-0.7066207705604772,0.22945623007157628,-0.10569205239136001,-1.7002298841950905,0.14457058701474654,0.24196932657712583,0.3273241669716086,-0.4825595447411603,-1.3476335718665557,0.6973767637160374,-0.5993255851866504,1.9426875703584023,-0.7305211549534825,-0.820064155169369,0.19827424888991402,0.632479118943632,-0.9460330408265262,-0.4463274725465036,0.8463895392119072,0.8817547502058171,9.317353353473761e-4,0.002327461177640817,-0.5388423459448943,-0.49638539349868754,0.11005107905846148,-0.22957458156256025,-0.22577670058034147,-0.004538105697710585,-0.0836103217166615,1.3748791943164707,0.2585191280686476,0.01869384040346122,0.24309575726743296,0.31100741648964847,1.6180167304143787,1.3441753459286998,0.036055030555842416,-0.2437936355647595,1.3558176978625205
-0.05963115674861069,-0.09492497348609807,-0.6214633520508819,1.8315205767920288,0.45907388579042224,-1.4351480881300485,0.1375485846865716,2.184560878988661,-4.0700713125678405,0.8757583245946544,0.6504613558160615,1.0688358948226981,-0.27612475203549963,-1.9578592199688825,1.0732709730240881,-0.1036990665297844,1.4545124213294758,-1.2871971762259102,-0.1402907548528483,0.8413240130772714,1.119221529293412,-2.265995888124814,0.5002525776564057,0.31432684835132263,2.051581611839579,0.6784279298734287,1.0625095011968977,0.4029484130627494,-0.9382265426925182,-0.6184161749400849,-0.7885793650127569,-0.9593797212921698,-0.6513476934083076,-0.5272297811915166,2.3951335167991434,0.3010181021085931,0.3807577500825024,-1.2081539923054994,0.12865810344659714,1.3441753459286998,3.195298055592356,0.02813540576123068,-0.15314718102072966,2.069562773844182
-0.07336473588051425,-0.08615029546204528,-0.0896807063226999,0.19879624820718558,0.061164416810655695,0.03011443600386206,-0.04766236726845078,-0.05449999998894189,-0.042143264394467306,0.047079608137908104,0.07861663708381808,0.013142594976667048,-0.13355212341024558,-0.015606307524959695,0.09910894011521934,0.007620486550691734,0.2789769544347055,0.08214681392499622,-0.11080741512883464,0.12901482785561344,0.09402578795906312,-0.06418215136162918,-0.06484098244553545,0.23096860561577204,0.1813259971303166,0.04148989164906051,0.048560960974267105,-0.15087281240573167,0.09826124571623149,-0.05177913393285626,0.03507778268964009,0.03362919142021798,0.06492485612530438,-0.08644748312763595,0.1569853464673296,0.05018891310379696,0.003256123562555246,0.1413120348009952,-0.003968443421179483,0.036055030555842416,0.02813540576123068,0.13041686437522246,-0.03922886846935294,-0.04001051017302915
0.10629395568597629,0.10571629719945405,0.1047948646547995,-0.3455161185547145,-0.11423459464068081,-0.025116329935251244,0.10728644654995349,-0.15942274251250294,0.2687872861750919,-0.2701535688910961,-0.08552835460602405,-0.09443460532586909,0.08260880204679688,0.31200206483112003,-0.14638299440521707,0.18942382911538877,-0.5167710531232136,0.005295590912954524,0.1407004260444715,-0.14619037498738655,-0.233183714156697,0.17587183598688197,0.06689183187444082,-0.2578677553049878,-0.1023078304373112,0.18382123960491317,-0.01493402043562843,0.13045789923135412,0.08709403868206012,0.013060265352445567,-0.06607853016813799,-0.02488910595858319,0.01051463392966437,-0.11074070933405467,-0.36240334821356723,-0.06509015917248932,0.09317731877771654,-0.16298482259786204,-0.3000050421155123,-0.2437936355647595,-0.15314718102072966,-0.03922886846935294,0.2777923660881803,-0.17273495629799737
-0.7020812021397999,0.29069476306103353,-1.418017092734602,1.7879047224281095,0.33884601802814723,-1.1268600310197636,0.43413083510342226,0.589378192882135,-2.8591833450863193,0.37334514298843086,0.40309901641439877,0.7227502333889043,-0.1704791545423874,-1.8668869106710702,0.601000278534497,-0.32213316619089827,1.5458084179375458,-1.3328349093099698,-0.606316279268103,0.2109906656917719,0.7858575973825936,-1.272592564320216,-0.1193893050122611,0.5384025632341478,0.9127616120193218,0.5676004884119105,0.2741283620791802,-0.0903493446462061,-0.9537278251573301,-0.5101769242779628,-0.21182335930925947,-0.5210702373925654,-0.8633116658069028,-0.27054217715569273,2.095318311660033,-0.06572755405057346,-0.015100038981872088,-0.22537512052560596,0.006175602738605285,1.3558176978625205,2.069562773844182,-0.04001051017302915,-0.17273495629799737,2.1571882462645044
