V1,V2,V3,V4,V5,V6,V7,V8,V9,V10,V11,V12,V13,V14,V15,V16,V17,V18,V19,V20,V21,V22,V23,V24,V25,V26,V27,V28,V29,V30,V31,V32,V33,V34,V35,V36,V37,V38,V39,V40,V41,V42,V43,V44
4.316009297781103,-25.008249955290935,-20.315283789636332,-1.6522158634151807,-7.361406034081201,4.1502387335144535,3.9023823379114457,5.846539466630417,17.67547051160526,-1.8348364937337216,-6.558167664033222,-11.80318225723392,-12.636666895196866,4.47731450955772,-1.388920854226949,7.419531045786742,-4.361860566116053,13.73743409251146,1.2357265862442566,-15.448910459404724,-5.952980593285402,-16.364219484022016,5.644557058803193,0.5093371675383713,-22.720406640957336,-4.080907502192827,-9.76865742341537,-20.56053289987803,7.2460162876056415,-6.375810933032758,3.296200679020875,-3.632687121260037,-0.7649992854558486,-1.7368828469068234,-7.496018635026385,14.397469665554377,-5.954143425853818,-15.709621999633141,-5.786601555959123,6.953124202623126,16.88137720682048,-13.301888397937155,18.41980246074461,25.25317226676091
-25.008249955290935,149.90934893028466,121.44007304641663,10.249564844575506,45.26846404911207,-24.37838106214889,-23.56520122172968,-34.44996791228811,-105.52222782690096,11.657651107160712,39.99370520767863,70.19854474080242,75.50814798704214,-27.22121529122868,7.127047882556239,-44.84916882754967,27.655734240319898,-81.9816304096446,-7.39044213829457,93.3942604939456,35.90396912353962,96.00698333396144,-34.12957985156048,-3.192923218366358,136.13036866072386,23.492681279692636,57.51459992810138,122.86970506031497,-42.53044515225911,37.81273623605864,-19.150018157254586,19.64989445913636,4.532582226066425,10.751250390195159,44.701543965840834,-85.82560745986676,36.12457193287602,95.22647733023395,34.36561950044525,-42.397616309010125,-99.81079857098003,79.49324787213529,-110.20971884271457,-150.08309370469658
-20.315283789636332,121.44007304641663,98.83628288174987,8.319280648427165,36.3131815119457,-20.181666158106207,-19.069899607655312,-28.722952312763127,-86.43675770482464,9.305857319493988,32.03227173264174,57.50002705114004,61.01593232203416,-21.838333994095205,5.953319869206164,-36.661768446993555,22.13457531251041,-66.61193323024904,-5.997404888643682,75.63602160056614,29.019980147265954,78.80983985071347,-27.94336685070556,-2.9318812326981027,110.4464979840657,19.149251431725165,47.070641842485976,99.99455743497413,-34.6311790914085,30.616243616633742,-15.980574669461909,16.63057487017243,3.3276847130207368,8.619501634155128,36.758082076329295,-70.04566804895163,28.870320294538434,77.13630301425205,27.909104952402984,-34.04799908975534,-81.21900270221991,65.2578469392247,-89.5630601988249,-122.09622248180203
-1.6522158634151807,10.249564844575506,8.319280648427165,0.7824368218685048,3.1640134290983264,-1.6340512964465355,-1.6602237387636007,-2.315723991402856,-7.195137231781197,0.9032789560692017,2.8136318752620917,4.793530056536336,5.087291063479177,-1.941862377392887,0.4291044489780615,-3.108720858951104,2.013401209571693,-5.577769564604428,-0.5088480911866128,6.4182531488824095,2.5436232971833364,6.3966243123637305,-2.4041226914986398,-0.2173603117012512,9.289116323472232,1.5069311908556942,3.9328768332556425,8.38838199068857,-2.867649208978239,2.5813522466346237,-1.2901730922246273,1.2067272292684021,0.3088867556271915,0.7372329975425213,3.1067127264862306,-5.820590140151962,2.4681150413826796,6.604027930254271,2.3628847836660394,-2.9107173318105475,-6.749465758569036,5.417641245167205,-7.59028313772084,-10.174897344603771
-7.361406034081201,45.26846404911207,36.3131815119457,3.1640134290983264,14.58653670400912,-6.911717111577601,-7.106731378642841,-9.719096663649388,-31.310676190180093,3.472844947054045,12.398343576784052,20.61623984423197,22.784836190595694,-8.351954468713734,1.6331962113906036,-13.426551654449147,9.093163062629769,-24.69746772489208,-2.260627691835544,28.442098362378577,10.924098359468553,27.760912792871295,-10.198850646309706,-0.8297274924098379,41.18500626994415,6.852884879041886,16.792362091097917,36.7976416539053,-12.394705372697292,11.126305191541908,-5.274106059357941,4.719230238836777,1.6073667835921375,3.516377935572204,12.993258773510604,-25.51769758870898,11.342546088093096,29.149929947463683,9.985177706789592,-13.271408949354303,-29.35872455848339,23.570594879515465,-32.97335886475346,-44.7402631747472
4.1502387335144535,-24.37838106214889,-20.181666158106207,-1.6340512964465355,-6.911717111577601,4.468888096490587,3.768266496856979,6.535443658428501,18.194183145868305,-1.7249152122113836,-6.076258528815359,-12.074264221616435,-12.19663984259224,4.173373032726302,-1.333580654977112,7.624291697133922,-4.144141659658662,13.521752232809169,1.258000679740734,-15.167020340513519,-5.71318988232794,-16.77480986759214,5.828435260542279,0.8834431251188227,-22.31612563976981,-3.9819584638282666,-9.804056033923507,-20.330023862700717,7.11067460383717,-6.119541350256781,3.6210048642387145,-4.037029478966902,-0.38548005407938385,-1.7288742736701508,-7.79583307206639,14.511536873038578,-5.519944046194394,-15.361641043789385,-5.68500529930762,6.553706632939842,16.664536148710045,-13.88353148040635,18.1959752157208,24.952505079635905
3.9023823379114457,-23.56520122172968,-19.069899607655312,-1.6602237387636007,-7.106731378642841,3.768266496856979,3.797136723057373,5.2768619808658315,16.404508102582373,-2.005372446409874,-6.399471306946791,-10.979193972857416,-11.811150631166733,4.397625052014699,-1.1159398825769522,7.015246323040718,-4.403481501356434,12.81324910465938,1.140357686620763,-14.676766366787675,-5.733228946559957,-14.880235128440498,5.365828197782037,0.44164975057122957,-21.299462735460203,-3.615483631986697,-9.04346936201125,-19.299541994285356,6.698767706270233,-6.009860171184643,2.9499945959160336,-2.9834621693660046,-0.7522371249233663,-1.6286930726087783,-7.05294423243933,13.376931009040604,-5.670355208372716,-15.010589153255012,-5.465669335943666,6.680259686018118,15.664889632340044,-12.311045313203714,17.351380719574767,23.4877248568975
5.846539466630417,-34.44996791228811,-28.722952312763127,-2.315723991402856,-9.719096663649388,6.535443658428501,5.2768619808658315,9.810916613541453,26.2771492079436,-2.2888210460460416,-8.366327023891731,-17.37744608618791,-17.14251802981332,5.729336895873287,-1.8162856487880366,10.999759302451793,-5.830920832852528,19.203232816877296,1.8438862259641369,-21.498579181142592,-8.002731115153594,-24.191177524540585,8.449880127745823,1.5014495706163893,-31.65793805772242,-5.624455425328639,-13.999898065811198,-28.857380732428673,10.02864305257112,-8.527008265369787,5.3448879130778275,-5.957147836093223,-0.34940842910258174,-2.5440414151094584,-11.223431531162378,20.78877886839421,-7.6412564945579895,-21.777595972830397,-7.986402658338057,9.140632110962304,23.654525856359953,-20.223962505838863,25.83356398371283,35.47666716297649
17.67547051160526,-105.52222782690096,-86.43675770482464,-7.195137231781197,-31.310676190180093,18.194183145868305,16.404508102582373,26.2771492079436,76.74869057872388,-7.65753986019589,-27.20312872090599,-50.84304605695198,-52.88278581837437,18.527396257933212,-5.174302606629422,32.39970844304749,-19.03291374680748,58.22852252305973,5.3090219550974735,-65.86781762925062,-24.979332650477435,-69.90496771430708,24.714146637232755,3.1843214550955525,-96.40703039675228,-16.805477955886364,-41.35150719192663,-87.36565621265916,30.144684770317074,-26.321857633501704,14.523374819799583,-15.245270665914642,-2.34391414512072,-7.625678363694383,-32.57458559635175,61.683732377745706,-24.68034785865852,-67.0584257686005,-24.137867334475388,29.245393805823177,70.83888522319162,-58.26968109056633,78.09178811293044,106.7492664034205
-1.8348364937337216,11.657651107160712,9.305857319493988,0.9032789560692017,3.472844947054045,-1.7249152122113836,-2.005372446409874,-2.2888210460460416,-7.65753986019589,1.447406586189056,3.4364377324457074,5.253703641696564,5.8342303168251,-2.42345285793441,0.5172872303548355,-3.432427301138565,2.2879781335888514,-6.130637173070693,-0.585378240269184,7.251952181160593,3.0163560334817334,6.826365173946452,-2.618716511458409,-0.05740582696506571,10.295772230335444,1.5994990519132057,4.318521881141397,9.26066449361983,-3.3031165010785015,3.1140143064474866,-1.2948470891217252,1.2048137679715953,0.527089549854072,0.763758852804257,3.473475386310741,-6.333058301035707,2.9210739696596395,7.431266381741171,2.87424763496732,-3.3329446946482846,-7.69356894664484,5.6388476994558685,-8.63381331012401,-11.314552620714977
-6.558167664033222,39.99370520767863,32.03227173264174,2.8136318752620917,12.398343576784052,-6.076258528815359,-6.399471306946791,-8.366327023891731,-27.20312872090599,3.4364377324457074,11.123395908345588,18.147143425818363,20.186159851139017,-7.591802711130115,1.7148774210146287,-11.705467276791813,7.726385744032853,-21.634413840697217,-1.9390100924392069,24.942115105488643,9.765064415224357,24.499471019205668,-8.909509970213007,-0.5095257915105581,36.08926262055001,6.047320951959001,14.952121607907868,32.40313817377026,-11.191227053319754,10.16627324973714,-4.665483081063981,4.492803325258063,1.5264302079292178,2.8762892146845087,11.54194486174828,-22.35924614280762,9.965128431111875,25.50210250428939,9.181626493535802,-11.595018345383545,-26.27063817294653,20.326108819301524,-29.24127161509053,-39.491458262340174
-11.80318225723392,70.19854474080242,57.50002705114004,4.793530056536336,20.61623984423197,-12.074264221616435,-10.979193972857416,-17.37744608618791,-50.84304605695198,5.253703641696564,18.147143425818363,33.85687408382494,35.181526208549435,-12.379649235074133,3.6493600003953075,-21.48102088750133,12.47237284809096,-38.68377254738273,-3.4945930511428562,43.708153889062984,16.676403527875916,46.53922341994127,-16.384595831581528,-2.027949200546726,64.00428137780672,11.196945749407393,27.61125668763987,58.13774360440935,-20.182681307051993,17.67821660542676,-9.679932037180196,10.296369375324003,1.6090276352896902,4.92481241138611,21.713467840994948,-40.96544826652491,16.324333529927326,44.53479622005609,16.195493350469945,-19.351603716013027,-47.304002374035,38.51684331814416,-51.98920670080063,-71.04152478813016
-12.636666895196866,75.50814798704214,61.01593232203416,5.087291063479177,22.784836190595694,-12.19663984259224,-11.811150631166733,-17.14251802981332,-52.88278581837437,5.8342303168251,20.186159851139017,35.181526208549435,38.1885288693658,-13.712588861733131,3.6157001255517645,-22.455160545260185,13.846513790098697,-41.25586905599621,-3.7362790209817955,47.00040599011481,18.02493404815662,48.24717445232086,-17.035031674333936,-1.468786085709931,68.54409698252599,11.904555749271694,28.826029432202432,61.71785724667653,-21.415800191570874,19.08716458269359,-9.544361778322711,9.866373919833471,2.401159202444186,5.457589443004823,22.30246343457867,-43.123271553137336,18.351307536976172,47.81842946204119,17.315045432373832,-21.409602756403352,-50.290678763784136,39.790305344000636,-55.39123956575521,-75.527175415604
4.47731450955772,-27.22121529122868,-21.838333994095205,-1.941862377392887,-8.351954468713734,4.173373032726302,4.397625052014699,5.729336895873287,18.527396257933212,-2.42345285793441,-7.591802711130115,-12.379649235074133,-13.712588861733131,5.244148319224829,-1.1776996220923233,7.974232077143236,-5.225888873264849,14.704657223792209,1.3456203752985818,-16.953267970329602,-6.7050165861674635,-16.710108706895447,6.100517767792392,0.3273803823893583,-24.54404963438129,-4.110638050646332,-10.250211708364915,-22.026533986749563,7.655080820926503,-6.961233579930868,3.2055983560606576,-3.129674636610468,-1.0395937237447568,-1.9554414523443997,-7.925081408081855,15.2018193680366,-6.777912884982561,-17.294992702386224,-6.322626050133536,7.844893046102549,17.956451479303738,-13.847190575695944,19.96097853070405,26.88875532958415
-1.388920854226949,7.127047882556239,5.953319869206164,0.4291044489780615,1.6331962113906036,-1.333580654977112,-1.1159398825769522,-1.8162856487880366,-5.174302606629422,0.5172872303548355,1.7148774210146287,3.6493600003953075,3.6157001255517645,-1.1776996220923233,0.8803319114735592,-2.0954050067909957,0.7684706629229793,-3.9953833783992407,-0.2588248731444656,4.180463625992271,1.6788030512302805,5.264986569620153,-1.5570879043454617,-0.16344152732494704,6.407748180805966,1.3523893626169714,3.1489085254908806,6.136947796009012,-2.38415393899249,2.033806633023945,-1.1801694883195089,1.6765780810088056,0.1503628447425603,0.1928995230899598,2.3791454643086127,-4.271999158702915,1.3728401234650838,4.294483095352323,1.8367490987765278,-1.7102872741307256,-5.213318203363107,3.77837804826908,-5.385170420822103,-7.550476825860366
7.419531045786742,-44.84916882754967,-36.661768446993555,-3.108720858951104,-13.426551654449147,7.624291697133922,7.015246323040718,10.999759302451793,32.39970844304749,-3.432427301138565,-11.705467276791813,-21.48102088750133,-22.455160545260185,7.974232077143236,-2.0954050067909957,13.79175174682763,-8.254529379834091,24.65884261463563,2.2712834311231935,-28.036419904103273,-10.698560469842425,-29.349649049050782,10.51118235770746,1.303930759723651,-40.88734298109004,-7.006981268995503,-17.430072185516035,-36.994792962050624,12.723927450889187,-11.19239260895521,6.050818943769817,-6.192557024302602,-1.06820586370008,-3.26345896419402,-13.790608489155407,26.074772186103836,-10.57008474492752,-28.601637570012493,-10.266935567389394,12.50683413334719,29.971301386161432,-24.576058076705536,33.182597021927485,45.16994869459746
-4.361860566116053,27.655734240319898,22.13457531251041,2.013401209571693,9.093163062629769,-4.144141659658662,-4.403481501356434,-5.830920832852528,-19.03291374680748,2.2879781335888514,7.726385744032853,12.47237284809096,13.846513790098697,-5.225888873264849,0.7684706629229793,-8.254529379834091,5.857874838309738,-14.993465344241683,-1.3779391738199576,17.496600259809895,6.752581291599442,16.54830506436981,-6.298786871942027,-0.5203008844635787,25.10324164135885,3.993766196302469,10.100275890086452,22.38963132630542,-7.449103827149306,6.7394951714278735,-3.10960455184468,2.5354947586505245,0.9903203556157566,2.197532597762992,7.937111374415553,-15.476083722239284,7.014808342725743,17.979056847288906,6.085102482286041,-8.239679310078104,-17.701794090687816,14.339723137761487,-20.165246482192423,-27.105823257426295
13.73743409251146,-81.9816304096446,-66.61193323024904,-5.577769564604428,-24.69746772489208,13.521752232809169,12.81324910465938,19.203232816877296,58.22852252305973,-6.130637173070693,-21.634413840697217,-38.68377254738273,-41.25586905599621,14.704657223792209,-3.9953833783992407,24.65884261463563,-14.993465344241683,45.020767784029395,4.039267583346907,-51.07046359579241,-19.552288588275598,-53.05390382330639,18.761573386370635,1.9357640849144677,-74.6449632704784,-12.982476564047731,-31.676756267400567,-67.46378067651668,23.313068047183982,-20.598332031227983,10.690565469796429,-11.04501448787296,-2.30909539525093,-5.863845041765328,-24.63118034765499,47.226924080192155,-19.580576632517754,-52.07924655212783,-18.714945472975295,23.066821860243405,54.695813185172725,-43.939332771865864,60.32623591935907,82.37838523265482
1.2357265862442566,-7.39044213829457,-5.997404888643682,-0.5088480911866128,-2.260627691835544,1.258000679740734,1.140357686620763,1.8438862259641369,5.3090219550974735,-0.585378240269184,-1.9390100924392069,-3.4945930511428562,-3.7362790209817955,1.3456203752985818,-0.2588248731444656,2.2712834311231935,-1.3779391738199576,4.039267583346907,0.4890054298174047,-4.625094285292808,-1.7853591382044764,-4.781421486681044,1.7432332480864359,0.1598238867599341,-6.7593066457486835,-1.1577054286615522,-2.804429073383234,-5.886177233840947,2.0378405747917148,-1.8130798276387894,0.9613233904484917,-0.9636576973002893,-0.24805388199374595,-0.7007810024772382,-2.1907209443458973,4.243778656714741,-1.8865339861467723,-4.625748248574887,-1.684021639075329,2.0526571404736007,4.9635206460482655,-4.0793354631105645,5.4519190675180695,7.385011894965548
-15.448910459404724,93.3942604939456,75.63602160056614,6.4182531488824095,28.442098362378577,-15.167020340513519,-14.676766366787675,-21.498579181142592,-65.86781762925062,7.251952181160593,24.942115105488643,43.708153889062984,47.00040599011481,-16.953267970329602,4.180463625992271,-28.036419904103273,17.496600259809895,-51.07046359579241,-4.625094285292808,58.36504627587117,22.34409034548849,59.59928724139259,-21.342454325404944,-2.082939218132525,84.89612560399192,14.515532108373893,35.668766156479464,76.52489751033552,-26.311267099405615,23.408310418107973,-11.871689648978421,11.915737628341827,2.7573769248081548,6.827253979577163,27.82082469107379,-53.479491822855756,22.585498980620685,59.505764425935176,21.283050460600272,-26.534691548713322,-61.931946314162914,49.6943866676077,-68.6016820045722,-93.34648587598937
-5.952980593285402,35.90396912353962,29.019980147265954,2.5436232971833364,10.924098359468553,-5.71318988232794,-5.733228946559957,-8.002731115153594,-24.979332650477435,3.0163560334817334,9.765064415224357,16.676403527875916,18.02493404815662,-6.7050165861674635,1.6788030512302805,-10.698560469842425,6.752581291599442,-19.552288588275598,-1.7853591382044764,22.34409034548849,8.774293933786389,22.60523358727109,-8.173110280667789,-0.6568797734315863,32.50609478634242,5.514540331428984,13.739529889553895,29.28703567984218,-10.168488338851642,9.110320166147515,-4.469807171509089,4.465764459984284,1.1992779356554726,2.554597306061798,10.685294200883362,-20.35584594022183,8.716400267542394,22.847649307820006,8.290499352046929,-10.182060666132564,-23.824760007982594,18.754525514094453,-26.436550429885376,-35.772188998568126
-16.364219484022016,96.00698333396144,78.80983985071347,6.3966243123637305,27.760912792871295,-16.77480986759214,-14.880235128440498,-24.191177524540585,-69.90496771430708,6.826365173946452,24.499471019205668,46.53922341994127,48.24717445232086,-16.710108706895447,5.264986569620153,-29.349649049050782,16.54830506436981,-53.05390382330639,-4.781421486681044,59.59928724139259,22.60523358727109,64.5962146941527,-22.382259284716813,-2.822793231995286,87.64885950828297,15.6455300952937,38.07136753578839,79.71838580489339,-27.835302538821203,24.25239448663472,-13.521568381137547,14.890926108925974,2.0860255103922998,6.691037228750224,29.775384545681728,-56.34197837369754,22.18824560355345,60.560460377852905,22.232730528585513,-26.27462576541622,-65.18298942008796,53.0353367373132,-71.14364460064795,-97.64986716336519
5.644557058803193,-34.12957985156048,-27.94336685070556,-2.4041226914986398,-10.198850646309706,5.828435260542279,5.365828197782037,8.449880127745823,24.714146637232755,-2.618716511458409,-8.909509970213007,-16.384595831581528,-17.035031674333936,6.100517767792392,-1.5570879043454617,10.51118235770746,-6.298786871942027,18.761573386370635,1.7432332480864359,-21.342454325404944,-8.173110280667789,-22.382259284716813,8.076916908191476,1.0022076099315875,-31.13024657192425,-5.306416889812553,-13.329535026429312,-28.1672759040186,9.677442688882238,-8.511437829601817,4.642814920466784,-4.751604297059607,-0.7805017050235182,-2.511854683756608,-10.535012004766024,19.862000961688427,-8.033301476068223,-21.775407499866503,-7.830773875908335,9.491511480146531,22.85112507151789,-18.799751221705627,25.295823401232948,34.39254650478231
0.5093371675383713,-3.192923218366358,-2.9318812326981027,-0.2173603117012512,-0.8297274924098379,0.8834431251188227,0.44164975057122957,1.5014495706163893,3.1843214550955525,-0.05740582696506571,-0.5095257915105581,-2.027949200546726,-1.468786085709931,0.3273803823893583,-0.16344152732494704,1.303930759723651,-0.5203008844635787,1.9357640849144677,0.1598238867599341,-2.082939218132525,-0.6568797734315863,-2.822793231995286,1.0022076099315875,0.5060258851475384,-3.1061548749688446,-0.5389928928368429,-1.5105557195855321,-2.9734538531771584,0.9523095972319553,-0.6454379884957994,0.7775410956885841,-0.8339170614943106,0.25728640447923806,-0.21426817989492813,-1.3925814013498292,2.302610427397636,-0.4299664560797175,-2.1509364003674447,-0.672348016145093,0.7109033379329334,2.2315667271273583,-2.5795242100307596,2.5339236594524603,3.577192611732323
-22.720406640957336,136.13036866072386,110.4464979840657,9.289116323472232,41.18500626994415,-22.31612563976981,-21.299462735460203,-31.65793805772242,-96.40703039675228,10.295772230335444,36.08926262055001,64.00428137780672,68.54409698252599,-24.54404963438129,6.407748180805966,-40.88734298109004,25.10324164135885,-74.6449632704784,-6.7593066457486835,84.89612560399192,32.50609478634242,87.64885950828297,-31.13024657192425,-3.1061548749688446,123.922399413461,21.440392775841165,52.35730147361797,111.76238331201671,-38.54896898420934,34.160859260623404,-17.570890607694047,17.968139364642404,3.9308275064412257,9.884313308537614,40.70900423149304,-78.22599018429618,32.746789461506204,86.50547374376858,31.045548071991576,-38.440610321324804,-90.64362921099095,72.77456115416247,-100.07389891463842,-136.51371738067002
-4.080907502192827,23.492681279692636,19.149251431725165,1.5069311908556942,6.852884879041886,-3.9819584638282666,-3.615483631986697,-5.624455425328639,-16.805477955886364,1.5994990519132057,6.047320951959001,11.196945749407393,11.904555749271694,-4.110638050646332,1.3523893626169714,-7.006981268995503,3.993766196302469,-12.982476564047731,-1.1577054286615522,14.515532108373893,5.514540331428984,15.6455300952937,-5.306416889812553,-0.5389928928368429,21.440392775841165,3.9263632652912976,9.241018198954563,19.423337906533288,-6.824684766196999,5.966521022821247,-3.1803265415950164,3.562125320216857,0.6449312948801074,1.6295710041177336,7.08332872450236,-13.654489606249992,5.546634948899007,14.714067465899605,5.405003173868548,-6.4936267226856925,-15.924908300118341,12.673715232868865,-17.28159017470379,-23.848263585490436
-9.76865742341537,57.51459992810138,47.070641842485976,3.9328768332556425,16.792362091097917,-9.804056033923507,-9.04346936201125,-13.999898065811198,-41.35150719192663,4.318521881141397,14.952121607907868,27.61125668763987,28.826029432202432,-10.250211708364915,3.1489085254908806,-17.430072185516035,10.100275890086452,-31.676756267400567,-2.804429073383234,35.668766156479464,13.739529889553895,38.07136753578839,-13.329535026429312,-1.5105557195855321,52.35730147361797,9.241018198954563,22.743063208304278,47.67034968912859,-16.66298337905618,14.610319707727164,-7.886461922693172,8.537983169771762,1.4117832602257017,3.9009471298425513,17.732876242483595,-33.438607856267346,13.349420064358144,36.37812110264862,13.35768052151482,-15.842158175643196,-38.86606325464349,31.23552347114464,-42.600514118791054,-58.23879210418243
-20.56053289987803,122.86970506031497,99.99455743497413,8.38838199068857,36.7976416539053,-20.330023862700717,-19.299541994285356,-28.857380732428673,-87.36565621265916,9.26066449361983,32.40313817377026,58.13774360440935,61.71785724667653,-22.026533986749563,6.136947796009012,-36.994792962050624,22.38963132630542,-67.46378067651668,-5.886177233840947,76.52489751033552,29.28703567984218,79.71838580489339,-28.1672759040186,-2.9734538531771584,111.76238331201671,19.423337906533288,47.67034968912859,101.52194313609533,-35.08424412321207,31.000751959982033,-16.142908481338388,16.78869284210666,3.3094997225918115,8.505885509522434,37.15515750988394,-70.89363759361835,29.05693635178288,78.17743752217604,28.159449980604407,-34.53999418208864,-82.06916138383889,65.85217991374363,-90.51893510547197,-123.580312023348
7.2460162876056415,-42.53044515225911,-34.6311790914085,-2.867649208978239,-12.394705372697292,7.11067460383717,6.698767706270233,10.02864305257112,30.144684770317074,-3.3031165010785015,-11.191227053319754,-20.182681307051993,-21.415800191570874,7.655080820926503,-2.38415393899249,12.723927450889187,-7.449103827149306,23.313068047183982,2.0378405747917148,-26.311267099405615,-10.168488338851642,-27.835302538821203,9.677442688882238,0.9523095972319553,-38.54896898420934,-6.824684766196999,-16.66298337905618,-35.08424412321207,12.371657393171724,-10.905110664504615,5.6777328831331655,-6.222030458271926,-1.2062313359378722,-2.8224487474098807,-12.944298837089482,24.52536795290423,-9.974628735406968,-26.819623667936085,-9.948006059634718,11.791902350101417,28.708642833418356,-22.646024717117793,31.44057887195495,42.925629140266835
-6.375810933032758,37.81273623605864,30.616243616633742,2.5813522466346237,11.126305191541908,-6.119541350256781,-6.009860171184643,-8.527008265369787,-26.321857633501704,3.1140143064474866,10.16627324973714,17.67821660542676,19.08716458269359,-6.961233579930868,2.033806633023945,-11.19239260895521,6.7394951714278735,-20.598332031227983,-1.8130798276387894,23.408310418107973,9.110320166147515,24.25239448663472,-8.511437829601817,-0.6454379884957994,34.160859260623404,5.966521022821247,14.610319707727164,31.000751959982033,-10.905110664504615,9.768651314175589,-4.840401399609844,5.194330702502591,1.2279030044736727,2.5341499856378733,11.301922037067206,-21.551604520198566,9.049638803254798,23.865865388010672,8.870492938864176,-10.611207323627347,-25.406983780409785,19.70108022019243,-27.856333818430386,-37.884984227968644
3.296200679020875,-19.150018157254586,-15.980574669461909,-1.2901730922246273,-5.274106059357941,3.6210048642387145,2.9499945959160336,5.3448879130778275,14.523374819799583,-1.2948470891217252,-4.665483081063981,-9.679932037180196,-9.544361778322711,3.2055983560606576,-1.1801694883195089,6.050818943769817,-3.10960455184468,10.690565469796429,0.9613233904484917,-11.871689648978421,-4.469807171509089,-13.521568381137547,4.642814920466784,0.7775410956885841,-17.570890607694047,-3.1803265415950164,-7.886461922693172,-16.142908481338388,5.6777328831331655,-4.840401399609844,3.0054760687381523,-3.444423324955715,-0.2014250292952469,-1.2792151533332257,-6.27234770569528,11.54833198639055,-4.171727295484119,-12.049313783560619,-4.507361753292471,5.028387189950393,13.24509604395508,-11.09648554619231,14.376954031700517,19.784990789848077
-3.632687121260037,19.64989445913636,16.63057487017243,1.2067272292684021,4.719230238836777,-4.037029478966902,-2.9834621693660046,-5.957147836093223,-15.245270665914642,1.2048137679715953,4.492803325258063,10.296369375324003,9.866373919833471,-3.129674636610468,1.6765780810088056,-6.192557024302602,2.5354947586505245,-11.04501448787296,-0.9636576973002893,11.915737628341827,4.465764459984284,14.890926108925974,-4.751604297059607,-0.8339170614943106,17.968139364642404,3.562125320216857,8.537983169771762,16.78869284210666,-6.222030458271926,5.194330702502591,-3.444423324955715,4.577208513060571,0.09618762309308551,1.1141679762471466,6.710387669217136,-12.148933292740912,3.9903479580042798,11.96649927355702,4.89332755827986,-4.8212926081596,-14.243401483898532,11.639839546932402,-14.944682093554347,-20.830107119551332
-0.7649992854558486,4.532582226066425,3.3276847130207368,0.3088867556271915,1.6073667835921375,-0.38548005407938385,-0.7522371249233663,-0.34940842910258174,-2.34391414512072,0.527089549854072,1.5264302079292178,1.6090276352896902,2.401159202444186,-1.0395937237447568,0.1503628447425603,-1.06820586370008,0.9903203556157566,-2.30909539525093,-0.24805388199374595,2.7573769248081548,1.1992779356554726,2.0860255103922998,-0.7805017050235182,0.25728640447923806,3.9308275064412257,0.6449312948801074,1.4117832602257017,3.3094997225918115,-1.2062313359378722,1.2279030044736727,-0.2014250292952469,0.09618762309308551,0.49323456783144026,0.3788192110518853,0.9367503821432144,-2.14109453221109,1.427601888087807,2.8182880855791446,1.039944476448152,-1.4831650377824728,-2.8257211220802305,1.6134850201811353,-3.164256446349689,-4.161947963747665
-1.7368828469068234,10.751250390195159,8.619501634155128,0.7372329975425213,3.516377935572204,-1.7288742736701508,-1.6286930726087783,-2.5440414151094584,-7.625678363694383,0.763758852804257,2.8762892146845087,4.92481241138611,5.457589443004823,-1.9554414523443997,0.1928995230899598,-3.26345896419402,2.197532597762992,-5.863845041765328,-0.7007810024772382,6.827253979577163,2.554597306061798,6.691037228750224,-2.511854683756608,-0.21426817989492813,9.884313308537614,1.6295710041177336,3.9009471298425513,8.505885509522434,-2.8224487474098807,2.5341499856378733,-1.2792151533332257,1.1141679762471466,0.3788192110518853,1.1188148244214007,3.0154528208225364,-6.108654220550474,2.8747198059011523,6.827255274913348,2.3287044580485188,-3.1355300076438994,-7.010979077564722,5.892903934164,-7.8137442267662625,-10.597366096109853
-7.496018635026385,44.701543965840834,36.758082076329295,3.1067127264862306,12.993258773510604,-7.79583307206639,-7.05294423243933,-11.223431531162378,-32.57458559635175,3.473475386310741,11.54194486174828,21.713467840994948,22.30246343457867,-7.925081408081855,2.3791454643086127,-13.790608489155407,7.937111374415553,-24.63118034765499,-2.1907209443458973,27.82082469107379,10.685294200883362,29.775384545681728,-10.535012004766024,-1.3925814013498292,40.70900423149304,7.08332872450236,17.732876242483595,37.15515750988394,-12.944298837089482,11.301922037067206,-6.27234770569528,6.710387669217136,0.9367503821432144,3.0154528208225364,14.086788272293685,-26.17144194750015,10.239054904914534,28.405196322707273,10.410627314764906,-12.250375294689269,-30.179115505825905,24.66205839954112,-33.27016231273573,-45.3262629428601
14.397469665554377,-85.82560745986676,-70.04566804895163,-5.820590140151962,-25.51769758870898,14.511536873038578,13.376931009040604,20.78877886839421,61.683732377745706,-6.333058301035707,-22.35924614280762,-40.96544826652491,-43.123271553137336,15.2018193680366,-4.271999158702915,26.074772186103836,-15.476083722239284,47.226924080192155,4.243778656714741,-53.479491822855756,-20.35584594022183,-56.34197837369754,19.862000961688427,2.302610427397636,-78.22599018429618,-13.654489606249992,-33.438607856267346,-70.89363759361835,24.52536795290423,-21.551604520198566,11.54833198639055,-12.148933292740912,-2.14109453221109,-6.108654220550474,-26.17144194750015,49.84826289567099,-20.23244498215798,-54.48992909388704,-19.675605536839434,23.93169564223969,57.55283666612342,-46.68540954673554,63.35961034358495,86.59772249184381
-5.954143425853818,36.12457193287602,28.870320294538434,2.4681150413826796,11.342546088093096,-5.519944046194394,-5.670355208372716,-7.6412564945579895,-24.68034785865852,2.9210739696596395,9.965128431111875,16.324333529927326,18.351307536976172,-6.777912884982561,1.3728401234650838,-10.57008474492752,7.014808342725743,-19.580576632517754,-1.8865339861467723,22.585498980620685,8.716400267542394,22.18824560355345,-8.033301476068223,-0.4299664560797175,32.746789461506204,5.546634948899007,13.349420064358144,29.05693635178288,-9.974628735406968,9.049638803254798,-4.171727295484119,3.9903479580042798,1.427601888087807,2.8747198059011523,10.239054904914534,-20.23244498215798,9.255791494287966,22.921140941064227,8.167307874594908,-10.533748853056341,-23.70576038058646,18.557296012297826,-26.298800264971565,-35.65883902791736
-15.709621999633141,95.22647733023395,77.13630301425205,6.604027930254271,29.149929947463683,-15.361641043789385,-15.010589153255012,-21.777595972830397,-67.0584257686005,7.431266381741171,25.50210250428939,44.53479622005609,47.81842946204119,-17.294992702386224,4.294483095352323,-28.601637570012493,17.979056847288906,-52.07924655212783,-4.625748248574887,59.505764425935176,22.847649307820006,60.560460377852905,-21.775407499866503,-2.1509364003674447,86.50547374376858,14.714067465899605,36.37812110264862,78.17743752217604,-26.819623667936085,23.865865388010672,-12.049313783560619,11.96649927355702,2.8182880855791446,6.827255274913348,28.405196322707273,-54.48992909388704,22.921140941064227,60.89245921994565,21.647796854391814,-27.111599856723466,-63.0020524629923,50.53465070088064,-69.97604961075051,-95.14013920940705
-5.786601555959123,34.36561950044525,27.909104952402984,2.3628847836660394,9.985177706789592,-5.68500529930762,-5.465669335943666,-7.986402658338057,-24.137867334475388,2.87424763496732,9.181626493535802,16.195493350469945,17.315045432373832,-6.322626050133536,1.8367490987765278,-10.266935567389394,6.085102482286041,-18.714945472975295,-1.684021639075329,21.283050460600272,8.290499352046929,22.232730528585513,-7.830773875908335,-0.672348016145093,31.045548071991576,5.405003173868548,13.35768052151482,28.159449980604407,-9.948006059634718,8.870492938864176,-4.507361753292471,4.89332755827986,1.039944476448152,2.3287044580485188,10.410627314764906,-19.675605536839434,8.167307874594908,21.647796854391814,8.133324594347854,-9.559343400120975,-23.183122988563436,18.123646981090594,-25.41786050036563,-34.49985382182783
6.953124202623126,-42.397616309010125,-34.04799908975534,-2.9107173318105475,-13.271408949354303,6.553706632939842,6.680259686018118,9.140632110962304,29.245393805823177,-3.3329446946482846,-11.595018345383545,-19.351603716013027,-21.409602756403352,7.844893046102549,-1.7102872741307256,12.50683413334719,-8.239679310078104,23.066821860243405,2.0526571404736007,-26.534691548713322,-10.182060666132564,-26.27462576541622,9.491511480146531,0.7109033379329334,-38.440610321324804,-6.4936267226856925,-15.842158175643196,-34.53999418208864,11.791902350101417,-10.611207323627347,5.028387189950393,-4.8212926081596,-1.4831650377824728,-3.1355300076438994,-12.250375294689269,23.93169564223969,-10.533748853056341,-27.111599856723466,-9.559343400120975,12.351835631971632,27.77201898987394,-21.956032939924597,30.942526347928627,42.018128324827174
16.88137720682048,-99.81079857098003,-81.21900270221991,-6.749465758569036,-29.35872455848339,16.664536148710045,15.664889632340044,23.654525856359953,70.83888522319162,-7.69356894664484,-26.27063817294653,-47.304002374035,-50.290678763784136,17.956451479303738,-5.213318203363107,29.971301386161432,-17.701794090687816,54.695813185172725,4.9635206460482655,-61.931946314162914,-23.824760007982594,-65.18298942008796,22.85112507151789,2.2315667271273583,-90.64362921099095,-15.924908300118341,-38.86606325464349,-82.06916138383889,28.708642833418356,-25.406983780409785,13.24509604395508,-14.243401483898532,-2.8257211220802305,-7.010979077564722,-30.179115505825905,57.55283666612342,-23.70576038058646,-63.0020524629923,-23.183122988563436,27.77201898987394,67.24750401124302,-53.4398856436658,73.65361821742627,100.54185802457958
-13.301888397937155,79.49324787213529,65.2578469392247,5.417641245167205,23.570594879515465,-13.88353148040635,-12.311045313203714,-20.223962505838863,-58.26968109056633,5.6388476994558685,20.326108819301524,38.51684331814416,39.790305344000636,-13.847190575695944,3.77837804826908,-24.576058076705536,14.339723137761487,-43.939332771865864,-4.0793354631105645,49.6943866676077,18.754525514094453,53.0353367373132,-18.799751221705627,-2.5795242100307596,72.77456115416247,12.673715232868865,31.23552347114464,65.85217991374363,-22.646024717117793,19.70108022019243,-11.09648554619231,11.639839546932402,1.6134850201811353,5.892903934164,24.66205839954112,-46.68540954673554,18.557296012297826,50.53465070088064,18.123646981090594,-21.956032939924597,-53.4398856436658,44.4282306231974,-58.884637199958945,-80.56552109271448
18.41980246074461,-110.20971884271457,-89.5630601988249,-7.59028313772084,-32.97335886475346,18.1959752157208,17.351380719574767,25.83356398371283,78.09178811293044,-8.63381331012401,-29.24127161509053,-51.98920670080063,-55.39123956575521,19.96097853070405,-5.385170420822103,33.182597021927485,-20.165246482192423,60.32623591935907,5.4519190675180695,-68.6016820045722,-26.436550429885376,-71.14364460064795,25.295823401232948,2.5339236594524603,-100.07389891463842,-17.28159017470379,-42.600514118791054,-90.51893510547197,31.44057887195495,-27.856333818430386,14.376954031700517,-14.944682093554347,-3.164256446349689,-7.8137442267662625,-33.27016231273573,63.35961034358495,-26.298800264971565,-69.97604961075051,-25.41786050036563,30.942526347928627,73.65361821742627,-58.884637199958945,81.31148491802207,110.63016212896909
25.25317226676091,-150.08309370469658,-122.09622248180203,-10.174897344603771,-44.7402631747472,24.952505079635905,23.4877248568975,35.47666716297649,106.7492664034205,-11.314552620714977,-39.491458262340174,-71.04152478813016,-75.527175415604,26.88875532958415,-7.550476825860366,45.16994869459746,-27.105823257426295,82.37838523265482,7.385011894965548,-93.34648587598937,-35.772188998568126,-97.64986716336519,34.39254650478231,3.577192611732323,-136.51371738067002,-23.848263585490436,-58.23879210418243,-123.580312023348,42.925629140266835,-37.884984227968644,19.784990789848077,-20.830107119551332,-4.161947963747665,-10.597366096109853,-45.3262629428601,86.59772249184381,-35.65883902791736,-95.14013920940705,-34.49985382182783,42.018128324827174,100.54185802457958,-80.56552109271448,110.63016212896909,151.0748890931671
