V1,V2,V3,V4,V5,V6,V7,V8,V9,V10,V11,V12,V13,V14,V15,V16,V17,V18,V19,V20,V21,V22,V23,V24,V25,V26,V27,V28,V29,V30,V31,V32,V33,V34,V35,V36,V37,V38,V39,V40,V41,V42,V43,V44
0.24740721497266105,-0.22776831166209968,0.2826362449401363,0.288210240306284,-0.21725165155656034,0.12290579081338204,-0.3446832199250372,0.22924511063086433,0.030128935721377925,0.39609328455571796,0.09979110744213468,0.35433486901086125,-0.7424961161450765,-0.018970326937860063,0.5892625641442665,-0.15865727330051885,0.13991299947959504,0.04499651716785169,0.6928085355119026,-0.20186800487470039,0.24440830124823865,-0.2499949770068385,-0.11013550006352217,-0.42055932442803184,-0.5635905032799741,-0.3808976147925511,0.5571310755367057,1.217733904884928,-0.3486622752120303,0.23476822998489558,-0.20360833748378568,0.014807995118437183,-0.41072395876963874,-1.2262385722945557,0.8612628386084775,-0.03969333723047563,-1.2621259580071322,0.7807542234995923,0.1055294163654739,0.13990331784143206,0.41585311532529023,-0.46117819057072174,-0.2897936212075235,0.0040377674907813195
-0.22776831166209968,2.7087102266761165,-1.5009059087904046,-0.4232518064529464,-2.063689070871284,-2.856129509909821,0.5191756822150583,-5.262990804701315,0.2366579365496308,5.912254861198775,2.3456713429524103,-2.0697698254599084,5.976181154821323,-4.469537529344478,-8.130652642578786,-1.2228687878709974,0.17519861146732552,3.5341649985170247,-9.03474462082218,2.9609904716685342,1.2002396553729093,-0.591290079338275,-2.3051362733057252,4.753265057089934,1.7755785648416376,-0.6861002726252539,-5.776236653769418,-17.237591143499614,3.043826926301523,0.27915158587975064,1.2721321662140033,0.2655670342799468,4.522195177712711,13.332805988504479,-4.220793457473729,2.2484828818832145,13.662754794413987,-8.161224206528749,4.259797304314195,0.27915652294345383,-6.899116941223458,4.740299234353441,-2.0461906334227016,3.009404029465251
0.2826362449401363,-1.5009059087904046,3.592885297736308,1.0227402106622192,2.5361975155834813,2.996124238673875,-1.3419203517764653,5.7878720376824155,-1.4883947919852343,-5.874950915558402,-2.0389349813196964,3.66233916310279,-6.867343527624876,4.611456182282516,10.044383398159898,0.4648874749662952,0.29725830329913333,-4.834930585977813,10.959091482388041,-2.51462585666265,-0.543441176757958,1.4828603087298486,1.9278227961329397,-5.970357539238429,-1.2471160736709002,0.46532433888421815,8.00657093544936,22.444860585779107,-4.475726373321338,0.49254517954061405,-1.8822913276031763,-0.0991955835984081,-5.532752671918116,-16.476395269301445,6.544647804189505,-3.5699090475772914,-16.698937846073992,11.398214702628918,-4.060579954470025,-0.6142049167131912,7.1366693400281385,-5.028354655214462,0.5429081964255209,-5.126028094847203
0.288210240306284,-0.4232518064529464,1.0227402106622192,0.5244300423716163,0.2167355861634142,0.6203710143247876,-0.5773811769022154,1.2789398490146662,-0.286894525532024,-0.6685026370726296,-0.273022709236788,1.106349480381504,-1.985652069414627,0.7874271495001303,2.4419595631998585,-0.09131643902574316,0.18369396723054918,-0.8681152094394589,2.750834686534887,-0.6219907935092929,0.16302939042955514,0.050264080101831934,0.16950393968212626,-1.5691488584957036,-0.7386652851195195,-0.34120187578063466,2.073202257426853,5.421268677663723,-1.2374146471634744,0.34442897025927816,-0.5391149892274241,-0.022798507697118282,-1.4257775396238104,-4.290717315397269,2.1535327300623237,-0.768377284929297,-4.359435358537668,2.9390269057874763,-0.5463619307972228,0.010586044172972302,1.736401603280997,-1.3644651717444578,-0.24109844677920803,-1.0340042584303597
-0.21725165155656034,-2.063689070871284,2.5361975155834813,0.2167355861634142,3.5663339307812336,3.4662722750145223,-0.45748518642625435,6.362405631836714,-1.166735389517193,-8.237818122847399,-2.902246780124232,2.7892381006857034,-6.380365824568424,5.805590304664465,10.11133401959833,1.2578325444600198,-0.15678535812933067,-5.35532077611725,10.879112492110862,-2.9312389965049537,-1.6256470321513552,2.000576284810547,2.964759947306122,-5.69895141085369,-0.6190419702441574,1.5877201581195974,7.444439111966691,22.14886517419657,-3.931784822661365,-0.27604346936563096,-1.6356309825341937,-0.2878313833605922,-5.330059121091448,-15.818943144786138,4.74645146082483,-3.416295089115305,-16.20033656352922,10.628701704598797,-5.457775518687721,-0.888751026925176,7.710901006110915,-5.1054771847975315,2.1670558343301036,-5.092240078106131
0.12290579081338204,-2.856129509909821,2.996124238673875,0.6203710143247876,3.4662722750145223,4.027565932196265,-0.9126029814572909,7.398986501901111,-1.0858996352956796,-8.581720335885766,-3.1427832064589816,3.4362607653809905,-8.121765796728022,6.382347378644825,11.885195457458444,1.3900861782678209,-0.06120696050254926,-5.74129939430807,12.990767711400219,-3.6532086310509433,-1.5163322027428996,1.624812629242718,3.1768103981049385,-6.858436557056212,-1.60787788512606,1.2406967321565436,8.800517509533995,25.873973546001405,-4.687152244486925,-0.13056538435289997,-2.0041695441862144,-0.2523453682626207,-6.495217650054972,-19.18039511093804,6.327384119413203,-3.79250737456619,-19.55028810605447,12.525931285387559,-6.00241006430837,-0.7231544011423516,9.262480840704628,-6.321611493223469,2.2217539077440858,-5.407407686572974
-0.3446832199250372,0.5191756822150583,-1.3419203517764653,-0.5773811769022154,-0.45748518642625435,-0.9126029814572909,0.8163251149141076,-1.684446202654792,0.43584628453570734,0.9480255538151008,0.3313037131627074,-1.358218984092036,2.546806212732696,-1.11699488728943,-3.2340103774354407,0.14453340361800485,-0.2912324105002564,1.2324257973425363,-3.513455085150772,0.7961305401484464,-0.21346285012193755,-0.15246989832528515,-0.3619611204204716,1.948128003743819,0.8963375717549508,0.2723880161766391,-2.7196965949844505,-7.170565770419354,1.533773131168507,-0.44467243672664697,0.7459269105820581,-0.04998126099480586,1.876483969782894,5.557633245470723,-2.6723406240619787,0.9790783136510414,5.632879068212021,-3.863913515696518,0.9173806796859834,0.016502859621062734,-2.1371591304397195,1.7262859892569595,0.33024929605521136,1.3685060939226552
0.22924511063086433,-5.262990804701315,5.7878720376824155,1.2789398490146662,6.362405631836714,7.398986501901111,-1.684446202654792,13.917672340263765,-2.098990756827865,-16.097370763526868,-5.935046412184729,6.615751266610506,-15.305075524390217,11.883831634074571,22.37673139904833,2.5516029992665206,-0.1434210425580088,-10.782482628856537,24.548714165618602,-6.839841819535023,-2.831188184049243,3.0695623960494265,5.778421371271255,-13.060219577396325,-3.024869367739299,2.176582360985212,16.669646695346444,48.790827354577615,-8.998216359431053,-0.2108991448161245,-3.6986538972539003,-0.5771920538040686,-12.206094836018227,-36.18751262972918,12.143529027262684,-7.259912236754693,-36.92837559838353,23.679038347622193,-11.033796354900868,-1.3681834978854193,17.51872763042642,-11.908963194673124,4.10872540225376,-10.286602176914922
0.030128935721377925,0.2366579365496308,-1.4883947919852343,-0.286894525532024,-1.166735389517193,-1.0858996352956796,0.43584628453570734,-2.098990756827865,0.7848976028251926,2.432905146625388,0.7557346543433029,-1.3979239489105628,2.2381662997952914,-1.7649880547280627,-3.686236778613239,-0.17140799098899534,-0.12356527292089806,2.050646548582599,-3.9650215499333163,0.7301098857860828,0.25133674635042136,-0.855651495928435,-0.75627766159897,2.1493268212732444,0.012010949166983573,-0.3914821331161557,-2.989493402942606,-8.465749218620848,1.665129762506675,-0.1661250653531586,0.6967777126508664,0.0013200672128030162,1.985143599818942,5.896653792565616,-2.260844715146269,1.5190672788975026,5.923056730262289,-4.29198137501783,1.595182244020659,0.36866889669241953,-2.415243986989089,1.6269773363966902,-0.13049602092563684,2.254862478111146
0.39609328455571796,5.912254861198775,-5.874950915558402,-0.6685026370726296,-8.237818122847399,-8.581720335885766,0.9480255538151008,-16.097370763526868,2.432905146625388,20.585986098096804,7.483765809691658,-6.8153125290129015,16.30861556712288,-14.417170761080696,-25.13017228969779,-3.6409289076580547,0.6060583988128322,12.957560319773952,-27.486229604224327,7.746934743485429,4.226495688857669,-4.314154834346215,-7.350792783233205,14.462837874957609,2.1382254077607468,-3.6797139264317766,-18.283344922657015,-54.83836674159661,9.72663752168305,0.9842104058836205,3.8577274330800826,0.8044039809407023,13.453602111479398,39.871032182734,-11.945026703117177,8.450430795547788,40.71538225480542,-26.022237454937176,13.640449078226878,1.995891658630851,-19.982655941478857,13.096461914700956,-5.978757416248107,12.152345008396795
0.09979110744213468,2.3456713429524103,-2.0389349813196964,-0.273022709236788,-2.902246780124232,-3.1427832064589816,0.3313037131627074,-5.935046412184729,0.7557346543433029,7.483765809691658,2.783998485499532,-2.446040261531496,6.104226125547904,-5.2692804779090014,-9.204805532876396,-1.3666961976130338,0.2636787563803781,4.618120032364627,-10.108305753674086,2.9601564585142386,1.5598688002688994,-1.422638504596697,-2.6801530227118913,5.3281163775523765,1.0001726137031224,-1.261202538575633,-6.651612049115823,-19.956764096964925,3.545795225636548,0.3927258120932031,1.377555324075526,0.3281906055665711,4.94371484983974,14.670474591176328,-4.406840753675149,3.0030913630303817,15.012424921150563,-9.438139566771627,4.965698491568416,0.6654085164372714,-7.473171476703679,4.915389455693346,-2.294857940163382,4.261230418117784
0.35433486901086125,-2.0697698254599084,3.66233916310279,1.106349480381504,2.7892381006857034,3.4362607653809905,-1.358218984092036,6.615751266610506,-1.3979239489105628,-6.8153125290129015,-2.446040261531496,3.960641877950416,-7.852356806680354,5.327949773696411,11.264927150452845,0.7189079561231599,0.23597653753716785,-5.274575830818292,12.389812361734073,-3.0404572336026043,-0.7986104992220281,1.495812799204158,2.286861590169283,-6.738943962286335,-1.6312485477499112,0.47506752269096175,8.826538942255533,24.941401872796636,-4.941352274933826,0.4368885248800746,-2.0820278144231423,-0.21452888161122108,-6.213405173149209,-18.523145427413382,7.161769035036868,-3.8244567911673593,-18.850609466288294,12.576194799714017,-4.682587225084738,-0.6165859607070001,8.325533150352717,-5.8611271256800395,0.9749994005716317,-5.4594239917240985
-0.7424961161450765,5.976181154821323,-6.867343527624876,-1.985652069414627,-6.380365824568424,-8.121765796728022,2.546806212732696,-15.305075524390217,2.2381662997952914,16.30861556712288,6.104226125547904,-7.852356806680354,17.873647611411172,-12.617836577277064,-25.147880001294954,-2.2890824776066627,-0.1530434083364179,11.448633031132218,-27.632374171173435,7.678248121496315,2.4675931903131607,-2.8200182407342167,-5.886488526904301,14.825343980990985,4.377804389618012,-1.5146640924520656,-19.03321024279415,-54.70720692776459,10.391399675637436,-0.31489915803050894,4.377635288334144,0.5960956585916681,13.864966818168515,41.178434353018936,-14.82871882248243,7.8544571741199505,42.08089402259392,-27.002344127234778,11.47421613459988,1.1874530356015311,-19.51078707359073,13.6512853437314,-3.687605198089361,11.04366592625086
-0.018970326937860063,-4.469537529344478,4.611456182282516,0.7874271495001303,5.805590304664465,6.382347378644825,-1.11699488728943,11.883831634074571,-1.7649880547280627,-14.417170761080696,-5.2692804779090014,5.327949773696411,-12.617836577277064,10.42892520770895,18.874663532867604,2.385619967321799,-0.2537504271844403,-9.36181252305185,20.61857172811696,-5.804652192107761,-2.74772406359169,2.8940316580913077,5.218034014546936,-10.89067555007359,-2.1581619903267506,2.274536211952718,13.888960232229303,41.09797007754784,-7.420904039041881,-0.41172422895308697,-3.0535338233765863,-0.5375256444280263,-10.187029672852562,-30.19540025255694,9.59595502619955,-6.14005255040335,-30.860496563571857,19.762960775022147,-9.771199754670198,-1.300220916134468,14.838423083859114,-9.969100622127153,3.932427106401384,-8.815493795212674
0.5892625641442665,-8.130652642578786,10.044383398159898,2.4419595631998585,10.11133401959833,11.885195457458444,-3.2340103774354407,22.37673139904833,-3.686236778613239,-25.13017228969779,-9.204805532876396,11.264927150452845,-25.147880001294954,18.874663532867604,36.551132789664635,3.604176280244184,0.057931893159172715,-17.438982318135043,40.01537901009215,-10.858715141454311,-4.065893368091807,4.966364763600012,8.958753251543769,-21.385260138962547,-5.120341667891702,3.0576608383898027,27.581681264471925,79.90392455573426,-14.992541852268086,0.14417615477872633,-6.2497006450295,-0.8646880227021707,-19.96273324909394,-59.27352769580866,20.656436595024413,-11.883533413167054,-60.498558894849054,39.20338026604441,-17.31503428152194,-2.1513507677428843,28.123246629653913,-19.35465548077426,5.764647634528343,-16.924646299354166
-0.15865727330051885,-1.2228687878709974,0.4648874749662952,-0.09131643902574316,1.2578325444600198,1.3900861782678209,0.14453340361800485,2.5516029992665206,-0.17140799098899534,-3.6409289076580547,-1.3666961976130338,0.7189079561231599,-2.2890824776066627,2.385619967321799,3.604176280244184,1.0039850025635637,-0.26797443563802104,-1.964205658364541,4.086517093213298,-1.3210367529692142,-0.939037158179862,0.5381527546962372,1.3693150854873242,-2.0760700107701213,-0.2084613979986786,0.8238748072775711,2.367793663027733,7.805843151739587,-1.1817735678268597,-0.48017135165796876,-0.43701152261506254,-0.09856079217022161,-1.9951220583298324,-5.76567732310289,1.254760313196089,-1.2589233447176154,-5.766456028892998,3.384023432603093,-2.469319287677341,-0.3121367358569467,3.2303628619453564,-1.946244241809301,1.461249414084709,-1.669746525766187
0.13991299947959504,0.17519861146732552,0.29725830329913333,0.18369396723054918,-0.15678535812933067,-0.06120696050254926,-0.2912324105002564,-0.1434210425580088,-0.12356527292089806,0.6060583988128322,0.2636787563803781,0.23597653753716785,-0.1530434083364179,-0.2537504271844403,0.057931893159172715,-0.26797443563802104,0.18138686850858118,0.08798764029702283,0.021613474249803456,0.12828094355785583,0.2938164220649309,-0.05759728766736538,-0.2101772032092,-0.04999423921364906,-0.14686375638785185,-0.2554715937375656,0.21616154918877414,0.22407495744629774,-0.1514060889344005,0.2559702713706085,-0.13396845555904158,0.061712852871048794,-0.070820543031163,-0.21268112883129228,0.46247402326799736,-0.006693638325010471,-0.20553410208467926,0.324655710081831,0.2956554511939554,0.06081532785654323,-0.21708193272181892,0.006379868836159755,-0.4883612755757403,-0.03658499463501684
0.04499651716785169,3.5341649985170247,-4.834930585977813,-0.8681152094394589,-5.35532077611725,-5.74129939430807,1.2324257973425363,-10.782482628856537,2.050646548582599,12.957560319773952,4.618120032364627,-5.274575830818292,11.448633031132218,-9.36181252305185,-17.438982318135043,-1.964205658364541,0.08798764029702283,8.872863080673454,-19.03468151005115,4.984476422096538,2.2611253269396747,-2.9174164379346528,-4.559333187213958,10.108199192899331,1.5984220254904165,-2.0499961558966975,-13.093079268231515,-38.430124339880194,7.061977390648095,0.16846992239830297,2.9035470426914665,0.3781206863063224,9.436513188566183,27.955838063253065,-9.265192064158676,6.019971521524517,28.428847777473244,-18.661243637047892,8.734991895917927,1.3109506091322065,-13.286874289855826,8.899948653925316,-3.0409676648291804,8.67420148622179
0.6928085355119026,-9.03474462082218,10.959091482388041,2.750834686534887,10.879112492110862,12.990767711400219,-3.513455085150772,24.548714165618602,-3.9650215499333163,-27.486229604224327,-10.108305753674086,12.389812361734073,-27.632374171173435,20.61857172811696,40.01537901009215,4.086517093213298,0.021613474249803456,-19.03468151005115,43.98924406510537,-11.941052894274003,-4.4637432408516196,5.286935636696739,9.756144717836019,-23.536233664368382,-5.687951734191775,3.2342141911191726,30.180266910964892,87.54128933097712,-16.446400835016796,0.11760152190802584,-6.826500455223025,-0.9510371077181595,-21.941745570500697,-65.10980647621186,22.74706062530679,-13.070479861316308,-66.37592118898729,42.89829552406503,-18.919649323493104,-2.3181790921740832,30.975879840052322,-21.260955172344687,6.3805176790647655,-18.50596677859747
-0.20186800487470039,2.9609904716685342,-2.51462585666265,-0.6219907935092929,-2.9312389965049537,-3.6532086310509433,0.7961305401484464,-6.839841819535023,0.7301098857860828,7.746934743485429,2.9601564585142386,-3.0404572336026043,7.678248121496315,-5.804652192107761,-10.858715141454311,-1.3210367529692142,0.12828094355785583,4.984476422096538,-11.941052894274003,3.5810074694983265,1.423268758235418,-1.1908178602169184,-2.8677608786043285,6.335939174876126,1.8992321831428547,-0.9539228193866862,-7.961660455068052,-23.371185341014833,4.267298619042082,0.17858767976867743,1.749045683044414,0.32359498914105045,5.951238259765473,17.63997675233603,-5.845103454314565,3.280058374783985,18.068597659931402,-11.2668569482654,5.4086435125374885,0.5308263899036587,-8.768196049958526,6.014665115622655,-2.2397922390658933,4.559698055309552
0.24440830124823865,1.2002396553729093,-0.543441176757958,0.16302939042955514,-1.6256470321513552,-1.5163322027428996,-0.21346285012193755,-2.831188184049243,0.25133674635042136,4.226495688857669,1.5598688002688994,-0.7986104992220281,2.4675931903131607,-2.74772406359169,-4.065893368091807,-0.939037158179862,0.2938164220649309,2.2611253269396747,-4.4637432408516196,1.423268758235418,1.1111155102603678,-0.8454785508538963,-1.5338227624251017,2.2901590922292807,0.12579706558269046,-0.9653815550427118,-2.7295598161984254,-8.730354421834779,1.3952959416069988,0.4721211860262782,0.49631447547372104,0.22810047890495763,2.1054986457259766,6.238314460034801,-1.2998562034884382,1.3453118696365736,6.421329105362747,-3.887612084282682,2.684473274428625,0.4151313979540231,-3.51992563830377,2.163346638677687,-1.6145698813465348,1.949254676628634
-0.2499949770068385,-0.591290079338275,1.4828603087298486,0.050264080101831934,2.000576284810547,1.624812629242718,-0.15246989832528515,3.0695623960494265,-0.855651495928435,-4.314154834346215,-1.422638504596697,1.495812799204158,-2.8200182407342167,2.8940316580913077,4.966364763600012,0.5381527546962372,-0.05759728766736538,-2.9174164379346528,5.286935636696739,-1.1908178602169184,-0.8454785508538963,1.3827480907210539,1.4299518330567917,-2.796453531532334,0.19832893934408358,0.943270141750996,3.7692592420615916,11.142236015572566,-2.0385976877917873,-0.0977988547228653,-0.8127406713798773,-0.16817661357687408,-2.5325106028604694,-7.581170188359181,2.2542244717723774,-1.907758716120724,-7.771638311873268,5.411808009739063,-2.653654115889734,-0.6067509561074355,3.5550341364832234,-2.276693201037756,0.9276026462480368,-2.9581736867511657
-0.11013550006352217,-2.3051362733057252,1.9278227961329397,0.16950393968212626,2.964759947306122,3.1768103981049385,-0.3619611204204716,5.778421371271255,-0.75627766159897,-7.350792783233205,-2.6801530227118913,2.286861590169283,-5.886488526904301,5.218034014546936,8.958753251543769,1.3693150854873242,-0.2101772032092,-4.559333187213958,9.756144717836019,-2.8677608786043285,-1.5338227624251017,1.4299518330567917,2.760139690497392,-5.073438465251454,-0.9021666200813296,1.3808808889659385,6.42253106434277,19.41963122955682,-3.3344973291511146,-0.4015639101995549,-1.3947469648727018,-0.23453834885258726,-4.826440969943167,-14.208288049340773,4.115997345753766,-2.8809283548741185,-14.49649754907312,9.14764925794191,-5.049997974458466,-0.6636488567855392,7.157829216317879,-4.731973072111574,2.2491365169717112,-4.132537168610856
-0.42055932442803184,4.753265057089934,-5.970357539238429,-1.5691488584957036,-5.69895141085369,-6.858436557056212,1.948128003743819,-13.060219577396325,2.1493268212732444,14.462837874957609,5.3281163775523765,-6.738943962286335,14.825343980990985,-10.89067555007359,-21.385260138962547,-2.0760700107701213,-0.04999423921364906,10.108199192899331,-23.536233664368382,6.335939174876126,2.2901590922292807,-2.796453531532334,-5.073438465251454,12.642711758912254,3.1094786829751015,-1.570862631788666,-16.21329295997668,-46.822928829686646,8.892357381255605,-0.15877492790836933,3.666637172582001,0.5375974639718003,11.728883324802931,34.86368657654777,-12.372226623234939,6.999182065572063,35.568242003122734,-23.035411767388794,9.903134359872952,1.2149885321453249,-16.523486462282985,11.376702036603431,-3.2442624756907525,9.906870347724825
-0.5635905032799741,1.7755785648416376,-1.2471160736709002,-0.7386652851195195,-0.6190419702441574,-1.60787788512606,0.8963375717549508,-3.024869367739299,0.012010949166983573,2.1382254077607468,1.0001726137031224,-1.6312485477499112,4.377804389618012,-2.1581619903267506,-5.120341667891702,-0.2084613979986786,-0.14686375638785185,1.5984220254904165,-5.687951734191775,1.8992321831428547,0.12579706558269046,0.19832893934408358,-0.9021666200813296,3.1094786829751015,2.058902601793988,0.3960507958626,-3.8998252746626307,-10.666395222509584,2.1625848376788177,-0.3041233697038384,0.960647697978772,0.14722720588897104,2.949557621274816,8.798159538556737,-3.6871869739343266,1.0998814142566977,9.119395117506281,-5.448878835806277,1.831816210483301,-0.14440958611627736,-4.206530076897938,3.2459572343621947,-0.496033175599619,1.3683039688273035
-0.3808976147925511,-0.6861002726252539,0.46532433888421815,-0.34120187578063466,1.5877201581195974,1.2406967321565436,0.2723880161766391,2.176582360985212,-0.3914821331161557,-3.6797139264317766,-1.261202538575633,0.47506752269096175,-1.5146640924520656,2.274536211952718,3.0576608383898027,0.8238748072775711,-0.2554715937375656,-2.0499961558966975,3.2342141911191726,-0.9539228193866862,-0.9653815550427118,0.943270141750996,1.3808808889659385,-1.570862631788666,0.3960507958626,1.173635995745519,1.9959792843392092,6.7320879826649644,-0.9130283385188052,-0.5054480074046885,-0.33425440603041656,-0.0584690001025993,-1.5478809491873715,-4.4628155005443935,0.5775851831011866,-1.1989249641011641,-4.4847710120851145,2.862976498744667,-2.4022916349641794,-0.475871450532356,2.465015728588299,-1.3753791104715019,1.3390205277110665,-1.7849605788132268
0.5571310755367057,-5.776236653769418,8.00657093544936,2.073202257426853,7.444439111966691,8.800517509533995,-2.7196965949844505,16.669646695346444,-2.989493402942606,-18.283344922657015,-6.651612049115823,8.826538942255533,-19.03321024279415,13.888960232229303,27.581681264471925,2.367793663027733,0.21616154918877414,-13.093079268231515,30.180266910964892,-7.961660455068052,-2.7295598161984254,3.7692592420615916,6.42253106434277,-16.21329295997668,-3.8998252746626307,1.9959792843392092,21.070814034634,60.50191213297367,-11.544055160949604,0.4106494719043105,-4.827100069586847,-0.6213650292544678,-15.081387681616613,-44.84851802743819,16.137523439414167,-9.051656564494749,-45.77430800999362,29.94965579916846,-12.583019152376096,-1.6015447647445218,20.921623595334587,-14.511821070765098,3.746064528329299,-12.939745103259371
1.217733904884928,-17.237591143499614,22.444860585779107,5.421268677663723,22.14886517419657,25.873973546001405,-7.170565770419354,48.790827354577615,-8.465749218620848,-54.83836674159661,-19.956764096964925,24.941401872796636,-54.70720692776459,41.09797007754784,79.90392455573426,7.805843151739587,0.22407495744629774,-38.430124339880194,87.54128933097712,-23.371185341014833,-8.730354421834779,11.142236015572566,19.41963122955682,-46.822928829686646,-10.666395222509584,6.7320879826649644,60.50191213297367,175.2028226256727,-32.94224975526227,0.43537991409000754,-13.733594334605671,-1.7716783909264635,-43.692533023014136,-129.66126948396825,45.418800211999844,-26.387539165564572,-132.14558795436625,86.04785024998577,-37.71521685418564,-4.853675274251289,61.149128506255686,-41.98983530368404,12.174336422342728,-37.60449628203714
-0.3486622752120303,3.043826926301523,-4.475726373321338,-1.2374146471634744,-3.931784822661365,-4.687152244486925,1.533773131168507,-8.998216359431053,1.665129762506675,9.72663752168305,3.545795225636548,-4.941352274933826,10.391399675637436,-7.420904039041881,-14.992541852268086,-1.1817735678268597,-0.1514060889344005,7.061977390648095,-16.446400835016796,4.267298619042082,1.3952959416069988,-2.0385976877917873,-3.3344973291511146,8.892357381255605,2.1625848376788177,-0.9130283385188052,-11.544055160949604,-32.94224975526227,6.398501097723956,-0.32481772538548065,2.6443280354736984,0.38088909920230385,8.195041604600291,24.44519182074211,-8.999790252743091,4.9525450342865485,24.980690320568247,-16.40816657250897,6.607659508131303,0.8539032897447443,-11.345745228898023,7.900466551239751,-1.863595722523228,7.0821660136857325
0.23476822998489558,0.27915158587975064,0.49254517954061405,0.34442897025927816,-0.27604346936563096,-0.13056538435289997,-0.44467243672664697,-0.2108991448161245,-0.1661250653531586,0.9842104058836205,0.3927258120932031,0.4368885248800746,-0.31489915803050894,-0.41172422895308697,0.14417615477872633,-0.48017135165796876,0.2559702713706085,0.16846992239830297,0.11760152190802584,0.17858767976867743,0.4721211860262782,-0.0977988547228653,-0.4015639101995549,-0.15877492790836933,-0.3041233697038384,-0.5054480074046885,0.4106494719043105,0.43537991409000754,-0.32481772538548065,0.4425548514586204,-0.21445510567060522,0.033797089826640474,-0.11245170601134383,-0.4247080483536504,0.8428500909488494,-8.273723275871575e-4,-0.4747343826637425,0.5971361474706819,0.5936341165146762,0.10320201604858759,-0.25115409619205714,-0.0647170936333984,-0.780469182283006,-0.0666121752796838
-0.20360833748378568,1.2721321662140033,-1.8822913276031763,-0.5391149892274241,-1.6356309825341937,-2.0041695441862144,0.7459269105820581,-3.6986538972539003,0.6967777126508664,3.8577274330800826,1.377555324075526,-2.0820278144231423,4.377635288334144,-3.0535338233765863,-6.2497006450295,-0.43701152261506254,-0.13396845555904158,2.9035470426914665,-6.826500455223025,1.749045683044414,0.49631447547372104,-0.8127406713798773,-1.3947469648727018,3.666637172582001,0.960647697978772,-0.33425440603041656,-4.827100069586847,-13.733594334605671,2.6443280354736984,-0.21445510567060522,1.1869108968694793,0.10509604874426831,3.443489834353223,10.217662146865072,-3.8106151767869516,2.0038201209526534,10.421774785003201,-6.893846401270756,2.7451530745898975,0.3265628444261444,-4.627140535662882,3.2935421337667585,-0.6462296158574226,2.904496815344339
0.014807995118437183,0.2655670342799468,-0.0991955835984081,-0.022798507697118282,-0.2878313833605922,-0.2523453682626207,-0.04998126099480586,-0.5771920538040686,0.0013200672128030162,0.8044039809407023,0.3281906055665711,-0.21452888161122108,0.5960956585916681,-0.5375256444280263,-0.8646880227021707,-0.09856079217022161,0.061712852871048794,0.3781206863063224,-0.9510371077181595,0.32359498914105045,0.22810047890495763,-0.16817661357687408,-0.23453834885258726,0.5375974639718003,0.14722720588897104,-0.0584690001025993,-0.6213650292544678,-1.7716783909264635,0.38088909920230385,0.033797089826640474,0.10509604874426831,0.15140994031832763,0.4009033548047494,1.3078630118069425,-0.37225058606112577,0.20564054445561786,1.463442163094108,-0.8683103707798667,0.3877509834940729,0.05931622494373475,-0.794962919985086,0.5424249345335271,-0.31115436968670257,0.3391282791717806
-0.41072395876963874,4.522195177712711,-5.532752671918116,-1.4257775396238104,-5.330059121091448,-6.495217650054972,1.876483969782894,-12.206094836018227,1.985143599818942,13.453602111479398,4.94371484983974,-6.213405173149209,13.864966818168515,-10.187029672852562,-19.96273324909394,-1.9951220583298324,-0.070820543031163,9.436513188566183,-21.941745570500697,5.951238259765473,2.1054986457259766,-2.5325106028604694,-4.826440969943167,11.728883324802931,2.949557621274816,-1.5478809491873715,-15.081387681616613,-43.692533023014136,8.195041604600291,-0.11245170601134383,3.443489834353223,0.4009033548047494,11.004575332486596,32.57798685965843,-11.489253680406847,6.503933018041906,33.15618850269685,-21.43636119924705,9.400355621808568,1.1104118304175075,-15.390210267094444,10.606503469718477,-3.042488442274979,9.168745941850052
-1.2262385722945557,13.332805988504479,-16.476395269301445,-4.290717315397269,-15.818943144786138,-19.18039511093804,5.557633245470723,-36.18751262972918,5.896653792565616,39.871032182734,14.670474591176328,-18.523145427413382,41.178434353018936,-30.19540025255694,-59.27352769580866,-5.76567732310289,-0.21268112883129228,27.955838063253065,-65.10980647621186,17.63997675233603,6.238314460034801,-7.581170188359181,-14.208288049340773,34.86368657654777,8.798159538556737,-4.4628155005443935,-44.84851802743819,-129.66126948396825,24.44519182074211,-0.4247080483536504,10.217662146865072,1.3078630118069425,32.57798685965843,96.64143335333483,-34.20324566095441,19.26311140025223,98.49425666222919,-63.73124183720488,27.681561723581645,3.2931966687693386,-45.68026380222262,31.5305377489724,-8.954262515145627,27.228461478217397
0.8612628386084775,-4.220793457473729,6.544647804189505,2.1535327300623237,4.74645146082483,6.327384119413203,-2.6723406240619787,12.143529027262684,-2.260844715146269,-11.945026703117177,-4.406840753675149,7.161769035036868,-14.82871882248243,9.59595502619955,20.656436595024413,1.254760313196089,0.46247402326799736,-9.265192064158676,22.74706062530679,-5.845103454314565,-1.2998562034884382,2.2542244717723774,4.115997345753766,-12.372226623234939,-3.6871869739343266,0.5775851831011866,16.137523439414167,45.418800211999844,-8.999790252743091,0.8428500909488494,-3.8106151767869516,-0.37225058606112577,-11.489253680406847,-34.20324566095441,13.392755667248547,-6.7075287850172645,-34.8462560247837,22.912592924879362,-8.45104809889965,-0.9068262631903627,15.47015524883001,-11.022081272488803,1.788057895356054,-9.432600953803243
-0.03969333723047563,2.2484828818832145,-3.5699090475772914,-0.768377284929297,-3.416295089115305,-3.79250737456619,0.9790783136510414,-7.259912236754693,1.5190672788975026,8.450430795547788,3.0030913630303817,-3.8244567911673593,7.8544571741199505,-6.14005255040335,-11.883533413167054,-1.2589233447176154,-0.006693638325010471,6.019971521524517,-13.070479861316308,3.280058374783985,1.3453118696365736,-1.907758716120724,-2.8809283548741185,6.999182065572063,1.0998814142566977,-1.1989249641011641,-9.051656564494749,-26.387539165564572,4.9525450342865485,-8.273723275871575e-4,2.0038201209526534,0.20564054445561786,6.503933018041906,19.26311140025223,-6.7075287850172645,4.264641069487636,19.485568505095987,-12.902327713122318,5.694033122181868,0.8686740958565851,-8.97867240736465,6.0076670219145045,-1.761677340240804,6.051387138451825
-1.2621259580071322,13.662754794413987,-16.698937846073992,-4.359435358537668,-16.20033656352922,-19.55028810605447,5.632879068212021,-36.92837559838353,5.923056730262289,40.71538225480542,15.012424921150563,-18.850609466288294,42.08089402259392,-30.860496563571857,-60.498558894849054,-5.766456028892998,-0.20553410208467926,28.428847777473244,-66.37592118898729,18.068597659931402,6.421329105362747,-7.771638311873268,-14.49649754907312,35.568242003122734,9.119395117506281,-4.4847710120851145,-45.77430800999362,-132.14558795436625,24.980690320568247,-0.4747343826637425,10.421774785003201,1.463442163094108,33.15618850269685,98.49425666222919,-34.8462560247837,19.485568505095987,100.57292095282871,-65.02468290624574,28.154876313860694,3.3382489999846525,-46.66236324125254,32.287311389982875,-9.200973226558535,27.635949054214265
0.7807542234995923,-8.161224206528749,11.398214702628918,2.9390269057874763,10.628701704598797,12.525931285387559,-3.863913515696518,23.679038347622193,-4.29198137501783,-26.022237454937176,-9.438139566771627,12.576194799714017,-27.002344127234778,19.762960775022147,39.20338026604441,3.384023432603093,0.324655710081831,-18.661243637047892,42.89829552406503,-11.2668569482654,-3.887612084282682,5.411808009739063,9.14764925794191,-23.035411767388794,-5.448878835806277,2.862976498744667,29.94965579916846,86.04785024998577,-16.40816657250897,0.5971361474706819,-6.893846401270756,-0.8683103707798667,-21.43636119924705,-63.73124183720488,22.912592924879362,-12.902327713122318,-65.02468290624574,42.607958834622444,-17.916626426807632,-2.297743586663184,29.684371472094714,-20.589877782147926,5.292537918570863,-18.468079161301095
0.1055294163654739,4.259797304314195,-4.060579954470025,-0.5463619307972228,-5.457775518687721,-6.00241006430837,0.9173806796859834,-11.033796354900868,1.595182244020659,13.640449078226878,4.965698491568416,-4.682587225084738,11.47421613459988,-9.771199754670198,-17.31503428152194,-2.469319287677341,0.2956554511939554,8.734991895917927,-18.919649323493104,5.4086435125374885,2.684473274428625,-2.653654115889734,-5.049997974458466,9.903134359872952,1.831816210483301,-2.4022916349641794,-12.583019152376096,-37.71521685418564,6.607659508131303,0.5936341165146762,2.7451530745898975,0.3877509834940729,9.400355621808568,27.681561723581645,-8.45104809889965,5.694033122181868,28.154876313860694,-17.916626426807632,9.41034998452045,1.232149523648971,-13.690892092481475,9.090690235385285,-3.9145384158991394,8.087612056971567
0.13990331784143206,0.27915652294345383,-0.6142049167131912,0.010586044172972302,-0.888751026925176,-0.7231544011423516,0.016502859621062734,-1.3681834978854193,0.36866889669241953,1.995891658630851,0.6654085164372714,-0.6165859607070001,1.1874530356015311,-1.300220916134468,-2.1513507677428843,-0.3121367358569467,0.06081532785654323,1.3109506091322065,-2.3181790921740832,0.5308263899036587,0.4151313979540231,-0.6067509561074355,-0.6636488567855392,1.2149885321453249,-0.14440958611627736,-0.475871450532356,-1.6015447647445218,-4.853675274251289,0.8539032897447443,0.10320201604858759,0.3265628444261444,0.05931622494373475,1.1104118304175075,3.2931966687693386,-0.9068262631903627,0.8686740958565851,3.3382489999846525,-2.297743586663184,1.232149523648971,0.28279526680410694,-1.5866603578150584,0.9704462551149112,-0.4892681768782086,1.3159622488209464
0.41585311532529023,-6.899116941223458,7.1366693400281385,1.736401603280997,7.710901006110915,9.262480840704628,-2.1371591304397195,17.51872763042642,-2.415243986989089,-19.982655941478857,-7.473171476703679,8.325533150352717,-19.51078707359073,14.838423083859114,28.123246629653913,3.2303628619453564,-0.21708193272181892,-13.286874289855826,30.975879840052322,-8.768196049958526,-3.51992563830377,3.5550341364832234,7.157829216317879,-16.523486462282985,-4.206530076897938,2.465015728588299,20.921623595334587,61.149128506255686,-11.345745228898023,-0.25115409619205714,-4.627140535662882,-0.794962919985086,-15.390210267094444,-45.68026380222262,15.47015524883001,-8.97867240736465,-46.66236324125254,29.684371472094714,-13.690892092481475,-1.5866603578150584,22.27670016344343,-15.189476250021915,5.234069113750339,-12.624565906863426
-0.46117819057072174,4.740299234353441,-5.028354655214462,-1.3644651717444578,-5.1054771847975315,-6.321611493223469,1.7262859892569595,-11.908963194673124,1.6269773363966902,13.096461914700956,4.915389455693346,-5.8611271256800395,13.6512853437314,-9.969100622127153,-19.35465548077426,-1.946244241809301,0.006379868836159755,8.899948653925316,-21.260955172344687,6.014665115622655,2.163346638677687,-2.276693201037756,-4.731973072111574,11.376702036603431,3.2459572343621947,-1.3753791104715019,-14.511821070765098,-41.98983530368404,7.900466551239751,-0.0647170936333984,3.2935421337667585,0.5424249345335271,10.606503469718477,31.5305377489724,-11.022081272488803,6.0076670219145045,32.287311389982875,-20.589877782147926,9.090690235385285,0.9704462551149112,-15.189476250021915,10.548116940812989,-3.230720962073754,8.478272135825373
-0.2897936212075235,-2.0461906334227016,0.5429081964255209,-0.24109844677920803,2.1670558343301036,2.2217539077440858,0.33024929605521136,4.10872540225376,-0.13049602092563684,-5.978757416248107,-2.294857940163382,0.9749994005716317,-3.687605198089361,3.932427106401384,5.764647634528343,1.461249414084709,-0.4883612755757403,-3.0409676648291804,6.3805176790647655,-2.2397922390658933,-1.6145698813465348,0.9276026462480368,2.2491365169717112,-3.2442624756907525,-0.496033175599619,1.3390205277110665,3.746064528329299,12.174336422342728,-1.863595722523228,-0.780469182283006,-0.6462296158574226,-0.31115436968670257,-3.042488442274979,-8.954262515145627,1.788057895356054,-1.761677340240804,-9.200973226558535,5.292537918570863,-3.9145384158991394,-0.4892681768782086,5.234069113750339,-3.230720962073754,2.5270750029468108,-2.441968199412528
0.0040377674907813195,3.009404029465251,-5.126028094847203,-1.0340042584303597,-5.092240078106131,-5.407407686572974,1.3685060939226552,-10.286602176914922,2.254862478111146,12.152345008396795,4.261230418117784,-5.4594239917240985,11.04366592625086,-8.815493795212674,-16.924646299354166,-1.669746525766187,-0.03658499463501684,8.67420148622179,-18.50596677859747,4.559698055309552,1.949254676628634,-2.9581736867511657,-4.132537168610856,9.906870347724825,1.3683039688273035,-1.7849605788132268,-12.939745103259371,-37.60449628203714,7.0821660136857325,-0.0666121752796838,2.904496815344339,0.3391282791717806,9.168745941850052,27.228461478217397,-9.432600953803243,6.051387138451825,27.635949054214265,-18.468079161301095,8.087612056971567,1.3159622488209464,-12.624565906863426,8.478272135825373,-2.441968199412528,8.762594545740878
