V1,V2,V3,V4,V5,V6,V7,V8,V9,V10,V11,V12,V13,V14,V15,V16,V17,V18,V19,V20,V21,V22,V23,V24,V25,V26,V27,V28,V29,V30,V31,V32,V33,V34,V35,V36,V37,V38,V39,V40,V41,V42,V43,V44
1.92985789052917,-9.787394238015771,-7.864822153709306,-0.5064836087491551,-2.781659587384461,1.5897320553230454,1.3980825575428275,2.152838377731376,6.7354477492582765,-0.29820965234950936,-2.4540290707586965,-4.457337582820982,-5.13318518963598,1.651996601112314,-0.7364010291630897,2.615836777479871,-1.3928137211518479,5.481766122827969,0.4650973916977917,-5.858879030667759,-2.185023427839201,-6.717380825145876,1.9909336879074002,-0.007894859626869283,-8.978762945941325,-1.9062897345097634,-3.916496991683831,-8.099852067144006,2.967129474700753,-2.5581228788122226,1.293667287132893,-1.778344400958945,-0.4085310413331236,-0.6942996972946033,-2.6407366700795185,5.642799950729896,-2.4253357980109294,-5.826330217656183,-2.238455773972942,2.735158064961583,6.840341487323824,-5.0273616199178734,7.067298431983643,10.10544918980694
-9.787394238015771,58.9677385783564,47.80430093659073,4.029671958792391,17.680325837328798,-9.665261944817555,-9.280926673087617,-13.677188558036983,-41.64239331261542,4.753331163892753,15.691405600136655,27.791709526689655,29.70360289810359,-10.67318866973729,2.872036130876483,-17.76638392092071,10.792079440955362,-32.23642937471338,-2.9350386409096973,36.76370636838371,14.134733780685053,37.87443420490898,-13.469600573220662,-1.3668219735488956,53.54083107368737,9.211004928033667,22.634034532624796,48.2657494830085,-16.729411486009482,14.88149174614155,-7.598052694133055,7.761928384094162,1.7184078739957276,4.200833451686234,17.725775645534057,-33.81727586085236,14.12430681467839,37.465602105850074,13.557927235496654,-16.547040679068537,-39.30587789913206,31.393017502211,-43.37702889333498,-59.04086352453868
-7.864822153709306,47.80430093659073,39.038777209219965,3.420295567772158,14.14311021632434,-7.976743853822587,-7.704677234283101,-11.333947241571455,-34.00034038015607,4.145172938435286,12.77142136773314,22.754295315718885,23.824449592108916,-8.796201449262128,2.3459963949720395,-14.584685183914141,8.838070437041745,-26.07214347406971,-2.316002879564987,29.798413931227607,11.622884836376224,30.82094886601643,-11.152595903770916,-1.2044337879621199,43.24358089444364,7.298855309878978,18.616041184068404,39.42948370930494,-13.701782500059343,12.192255059943564,-6.320872818163361,6.495028726917776,1.263429661097816,3.2080277653353617,14.810836894079976,-27.511315073708477,11.199482207640822,30.536587934240053,11.195336876467147,-13.348202973309622,-31.975211260616657,25.602976641563842,-35.49418820146861,-47.94584118445378
-0.5064836087491551,4.029671958792391,3.420295567772158,0.5230405566223953,1.1359079030721995,-0.7006008717724737,-0.8250862177007585,-1.1020389406623736,-2.8786633639900954,0.6947035456288458,1.2836463695791556,1.9219017797033722,1.7491274065579268,-1.005266163693104,0.031339077647346995,-1.3753225501700557,1.037957989283919,-2.0248734111396836,-0.16697934800385447,2.5609268919762247,1.2141101775130214,2.297657094409954,-1.2030715623778347,-0.13516820901438803,3.4082696632416085,0.27682234483603047,1.667087649821217,3.3629566165277627,-1.189318528213035,1.1131859975946583,-0.5928912330681964,0.5126822574856298,0.04483657102089218,0.19580523621661974,1.5286696521286753,-2.2370648892101457,0.8115629989247368,2.775936865805862,1.1747183569838662,-1.1423681913762431,-2.646609758408631,2.1597290415876444,-3.330130043385818,-3.879840224901288
-2.781659587384461,17.680325837328798,14.14311021632434,1.1359079030721995,6.596110627095953,-2.6850020108228194,-2.4976425504484037,-4.025288241160869,-12.886718933322161,0.5575752926661122,4.564293722709176,8.000309596767838,8.93232818961443,-2.88381010626769,0.05341977460650919,-5.3939539183674725,4.077961136638425,-9.972538416618846,-0.9814971913357096,11.481722622550517,3.9650113240332985,10.842371998612872,-4.073947975496569,-0.6251580838945883,16.710000419117755,2.7593829343256657,6.226161097948716,14.478575104612526,-4.32540689902219,3.7144164671874726,-1.9656275363560443,1.185761175783488,0.45832100195563535,1.8806126911785703,4.727119851859711,-10.24468204855157,4.709134767249548,11.724757130727086,3.2019905957177697,-5.517256072361768,-10.848256180724285,10.016496013064762,-12.499880016483914,-17.469856471883617
1.5897320553230454,-9.665261944817555,-7.976743853822587,-0.7006008717724737,-2.6850020108228194,1.7317988095700911,1.5800435225741931,2.478187851920862,7.035194184581983,-0.9468015108743129,-2.537622217833339,-4.74549177493188,-4.803090621302792,1.784553913172474,-0.5158504616275121,3.031495855781941,-1.6927778346502111,5.252136413271463,0.5088386864407388,-6.015248209609086,-2.3638709639139863,-6.425582606628727,2.324651282189906,0.29085282871727297,-8.716391136443361,-1.471934284233595,-3.8444551297167915,-7.954764980405464,2.8270502718848323,-2.508920471597802,1.3789418887772142,-1.4974460738770348,-0.2058166028923064,-0.6464699186842371,-3.1442143423642785,5.636413299260253,-2.2139527004040853,-6.1097863032987965,-2.357954366847968,2.5940042126270124,6.602075891142743,-5.32395202083942,7.270410775731178,9.756572096290146
1.3980825575428275,-9.280926673087617,-7.704677234283101,-0.8250862177007585,-2.4976425504484037,1.5800435225741931,1.7309030772096865,2.198073011611754,6.489368379194344,-1.4066503675434758,-2.6847542215961417,-4.539695535171393,-4.43102626349486,1.9646621248024443,-0.50628268931094,2.9713472656021254,-1.7906429837770659,4.864790004709492,0.4129118820978981,-5.7752561143591885,-2.500463045364408,-5.75282362041851,2.3137190988377836,0.24244399503788402,-8.091157069162573,-1.1573578464451022,-3.7209991986291753,-7.665944539443032,2.774132391085192,-2.5765975570539856,1.2584876129956364,-1.2566790025102925,-0.22806148349757868,-0.40350673178802254,-3.2508356417330977,5.232556830024537,-2.0019417683752883,-6.055282611110987,-2.464548129477666,2.494358145995245,6.279738332679056,-4.792264165767573,7.169782544939218,9.167374684808953
2.152838377731376,-13.677188558036983,-11.333947241571455,-1.1020389406623736,-4.025288241160869,2.478187851920862,2.198073011611754,3.8140317585133636,10.185108005906033,-1.1432612060274556,-3.594501200571401,-6.646184452899529,-6.666542760768411,2.53986522406794,-0.3921668578011655,4.396933666182606,-2.7189677570876007,7.424178985032452,0.7560431257711664,-8.631472534047768,-3.3550392269680676,-9.0024269522437,3.5117633026593866,0.5160530635544645,-12.384120803823041,-1.905440716428648,-5.405060604147946,-11.254349238845679,3.8621106482057574,-3.381094044100683,2.0016695067032257,-2.0357942028891336,-0.19679590539780595,-1.114710324882739,-4.4187048674978415,8.030538661986753,-3.154684624495763,-8.812224862372881,-3.2784264075402993,3.789686346393618,9.185901173347931,-7.867080575198263,10.405482387038196,13.747868739824492
6.7354477492582765,-41.64239331261542,-34.00034038015607,-2.8786633639900954,-12.886718933322161,7.035194184581983,6.489368379194344,10.185108005906033,30.32082413300653,-3.167285707622939,-10.83857137689974,-20.00193723991925,-20.81368605078935,7.304590706260415,-1.6795663556445601,12.959164151076275,-7.993106637424074,22.971467409380377,2.139703473818999,-26.284479053423624,-9.881858133946347,-26.98846146913279,9.805930849972741,1.4092429854399182,-38.17611608468887,-6.420110807984353,-15.944137466309563,-34.329327687496324,11.532084341140738,-10.122799531964947,5.504677621555856,-5.178763244680235,-0.9032222787302139,-3.178190260127554,-12.783403096953217,24.257469570216024,-9.9036169031156,-26.84468587625644,-9.233478027725985,11.731074421046486,27.412015482081973,-23.08839728175932,30.628514175895894,41.770394677821386
-0.29820965234950936,4.753331163892753,4.145172938435286,0.6947035456288458,0.5575752926661122,-0.9468015108743129,-1.4066503675434758,-1.1432612060274556,-3.167285707622939,2.5439975123885197,1.7853631112685442,2.908513327600993,1.972426860885297,-1.482564835521923,0.5096825187954467,-2.066453946295255,0.8905955746772203,-2.0026058402025897,-0.24384955260642513,3.03645004183684,1.8172129840861375,2.4434441569639853,-1.4679024250457018,-0.3288817452400749,3.483644907147642,-0.011944069701863295,1.932997326918711,3.562428941318928,-1.5669663910521066,1.769139584260429,-0.6959685792811876,0.4091763613213632,0.04987860236755895,-0.26724591360510397,2.6558093001759313,-2.4480949719069103,0.6408932304821815,3.363513453002371,1.9049874459021698,-0.8063722587011726,-3.362325970275647,2.1446654455135223,-4.156021224184156,-4.240876744877348
-2.4540290707586965,15.691405600136655,12.77142136773314,1.2836463695791556,4.564293722709176,-2.537622217833339,-2.6847542215961417,-3.594501200571401,-10.83857137689974,1.7853631112685442,4.467189486670413,7.328739517113256,7.702945292772593,-3.1722541327979905,0.6696662630671072,-4.804823617865119,3.089654013855334,-8.330138218112891,-0.7577326755803627,9.789234398023334,4.029672071497644,9.636193708762255,-3.7571888534674582,-0.2963512038303789,13.912954803747505,2.1145376007594017,6.057809458375016,12.757209156456046,-4.516631526077795,4.140118123895666,-2.0022112750696093,1.9815144739846804,0.4885378329290691,0.9967513998705944,4.952385338490078,-8.798132246691976,3.685502051340886,10.098963455762377,3.908641144436204,-4.407119145626757,-10.45642710561221,8.096902934584326,-11.843265810255723,-15.464255153200654
-4.457337582820982,27.791709526689655,22.754295315718885,1.9219017797033722,8.000309596767838,-4.74549177493188,-4.539695535171393,-6.646184452899529,-20.00193723991925,2.908513327600993,7.328739517113256,13.706682561452878,13.88170111542722,-4.982652625746987,1.6423872142707787,-8.756373608639757,4.905200929141527,-15.176489795591817,-1.3606513336698103,17.399594141821456,6.770991402554282,18.093190339299905,-6.46275812331002,-0.9749509669322021,25.161251915477667,4.2390185107591,10.792720435321405,22.84899724291333,-7.953254694679078,7.11524153984989,-3.7362702209387266,3.6479389698624756,0.61647156599658115,1.6769454937928636,8.968460822561605,-16.106229638522485,6.294107286660547,17.85076616529021,6.502122104305689,-7.4582521758062095,-18.598216936361414,15.025491167692568,-20.562137452864874,-27.8747218986453
-5.13318518963598,29.70360289810359,23.824449592108916,1.7491274065579268,8.93232818961443,-4.803090621302792,-4.43102626349486,-6.666542760768411,-20.81368605078935,1.972426860885297,7.702945292772593,13.88170111542722,15.346158718646814,-5.103943714025984,1.6268186920068746,-8.703321309527645,5.050385050209166,-16.392711327836547,-1.555074839677166,18.434433662056545,6.842853377244948,19.351940512560052,-6.432602133078407,-0.5603892945246297,27.222049783012178,5.038961117850106,11.219134581742795,24.073576182243617,-8.380785835418305,7.415701924688803,-3.728374175403951,3.9780027066365204,1.0062032505743523,2.2848563998609865,8.466866375762503,-17.04714521956113,7.370983166197295,18.51103910804166,6.606990521544641,-8.310471728924613,-19.89662425306676,15.704373582390314,-21.431610292981407,-29.865741239350964
1.651996601112314,-10.67318866973729,-8.796201449262128,-1.005266163693104,-2.88381010626769,1.784553913172474,1.9646621248024443,2.53986522406794,7.304590706260415,-1.482564835521923,-3.1722541327979905,-4.982652625746987,-5.103943714025984,2.3846564946896915,-0.44158717215126014,3.2908259814573233,-2.1349441044688553,5.526359605128952,0.5190608939099419,-6.590535633262586,-2.9113302030432457,-6.497266053595363,2.6943059103810656,0.11578432468705609,-9.244521555785235,-1.2930421226097617,-4.275808872752313,-8.679756329926523,3.207337653571793,-2.983475029367924,1.433057364424493,-1.5563296660566703,-0.3445077713375745,-0.6072854530410872,-3.5670129700015907,5.91286417965186,-2.446640134249837,-6.829330187282694,-2.9267715677575197,2.955504330742001,7.2818453508002,-5.419622698144217,8.326847153068476,10.485099607675243
-0.7364010291630897,2.872036130876483,2.3459963949720395,0.031339077647346995,0.05341977460650919,-0.5158504616275121,-0.50628268931094,-0.3921668578011655,-1.6795663556445601,0.5096825187954467,0.6696662630671072,1.6423872142707787,1.6268186920068746,-0.44158717215126014,1.0719249225189673,-0.6640130594789649,-0.37865712069613067,-1.5947920368781137,0.03235151486003012,1.3880022458613384,0.6850438158482335,2.4424114193506563,-0.305507448788079,0.05271283632884031,2.387078104328757,0.7992557211886693,1.4871040431277773,2.5276995801962636,-1.3221010230920556,1.1882560376401186,-0.5219309829876074,1.1267346529146387,0.1543599701348626,-0.39342569496531354,1.0773365154070502,-1.6516736316214813,0.281581759873882,1.4287133263823728,0.9843050010815008,-0.3656117074937394,-2.5139853229010267,0.9481826542960154,-2.103174385753186,-3.240747392869482
2.615836777479871,-17.76638392092071,-14.584685183914141,-1.3753225501700557,-5.3939539183674725,3.031495855781941,2.9713472656021254,4.396933666182606,12.959164151076275,-2.066453946295255,-4.804823617865119,-8.756373608639757,-8.703321309527645,3.2908259814573233,-0.6640130594789649,5.838052488225063,-3.5948097899430165,9.608266180339612,0.9321663947373562,-11.346750442901318,-4.43688083049849,-11.162334638426016,4.371697806473404,0.7733739825358984,-16.06432176567542,-2.3959493926854165,-6.725507252028881,-14.498355355148805,4.8577548847460825,-4.389307417733011,2.3355429933071097,-1.892236247632986,-0.31366057812410897,-1.2290663308976417,-5.849453902727585,10.266341926075434,-4.077561084994212,-11.722714881988539,-4.104592325018426,4.884697891369959,11.57260513912342,-9.846128366147928,13.2486191899005,17.55091046425562
-1.3928137211518479,10.792079440955362,8.838070437041745,1.037957989283919,4.077961136638425,-1.6927778346502111,-1.7906429837770659,-2.7189677570876007,-7.993106637424074,0.8905955746772203,3.089654013855334,4.905200929141527,5.050385050209166,-2.1349441044688553,-0.37865712069613067,-3.5948097899430165,3.076881812296499,-5.825269696052702,-0.5941691254835567,7.1882119041708705,2.7448696338117067,6.084564532119663,-2.9258127518730035,-0.4926903768566323,9.892379316376802,1.124945562514497,3.8315062376722393,8.871214754874035,-2.577875076858855,2.3062626433918734,-1.245681552784004,0.4769371656249411,0.1584315867869098,1.1287407413680675,3.315244891649428,-6.159275518612585,2.7544649546794804,7.557078809659965,2.2152300864620824,-3.4654514828975507,-6.424600369088008,6.253272019024962,-8.097012771637521,-10.347509244184213
5.481766122827969,-32.23642937471338,-26.07214347406971,-2.0248734111396836,-9.972538416618846,5.252136413271463,4.864790004709492,7.424178985032452,22.971467409380377,-2.0026058402025897,-8.330138218112891,-15.176489795591817,-16.392711327836547,5.526359605128952,-1.5947920368781137,9.608266180339612,-5.825269696052702,17.898413898672086,1.5909578376624218,-20.120953503893418,-7.479900554200204,-20.99208406590879,7.196333521656104,0.8056674523086859,-29.637658592632196,-5.340213742705855,-12.321412387329435,-26.55628940300077,9.040027472609436,-7.908345980389127,4.123239626660781,-4.174420879767237,-0.9151825585259368,-2.4119043567997727,-9.410605907868192,18.65791905607049,-7.8073645859585685,-20.45539846388003,-7.039471369155405,9.13508822154808,21.357375428505243,-17.374056739709808,23.396121687183644,32.48074261687222
0.4650973916977917,-2.9350386409096973,-2.316002879564987,-0.16697934800385447,-0.9814971913357096,0.5088386864407388,0.4129118820978981,0.7560431257711664,2.139703473818999,-0.24384955260642513,-0.7577326755803627,-1.3606513336698103,-1.555074839677166,0.5190608939099419,0.03235151486003012,0.9321663947373562,-0.5941691254835567,1.5909578376624218,0.29857980369062326,-1.9073199048754739,-0.6750813891373124,-1.8419269512828298,0.6954456333435335,0.06371409980268368,-2.7603560334026964,-0.46353798351350495,-0.969101020052261,-2.1191243637311983,0.6898525409810204,-0.6345120710890256,0.32813242069373016,-0.23823411912136616,-0.12889118587670703,-0.4601695794953237,-0.7766804563205187,1.6687614056159303,-0.9232050410094527,-1.7866155884325918,-0.6014846024760029,0.8319920443856315,1.923584160443607,-1.7266319081823607,2.0796865678356995,2.849671150210502
-5.858879030667759,36.76370636838371,29.798413931227607,2.5609268919762247,11.481722622550517,-6.015248209609086,-5.7752561143591885,-8.631472534047768,-26.284479053423624,3.03645004183684,9.789234398023334,17.399594141821456,18.434433662056545,-6.590535633262586,1.3880022458613384,-11.346750442901318,7.1882119041708705,-20.120953503893418,-1.9073199048754739,23.24067780601576,8.79732028561105,23.271606849736408,-8.557583864601535,-1.1018844970969164,33.56280631941111,5.533121378778372,13.816095103968351,29.999249976085363,-10.079519089073273,8.977482498248209,-4.640202635260283,4.190470854448828,0.9566457325614882,2.8423375345859214,11.089202441164845,-21.14065081407478,8.918751015075177,23.726611771964436,8.179048339234619,-10.454612503123691,-24.042589288258586,19.961367976778327,-26.942613769027233,-36.56305958476284
-2.185023427839201,14.134733780685053,11.622884836376224,1.2141101775130214,3.9650113240332985,-2.3638709639139863,-2.500463045364408,-3.3550392269680676,-9.881858133946347,1.8172129840861375,4.029672071497644,6.770991402554282,6.842853377244948,-2.9113302030432457,0.6850438158482335,-4.43688083049849,2.7448696338117067,-7.479900554200204,-0.6750813891373124,8.79732028561105,3.723906536534743,8.77239084109813,-3.475693849133733,-0.3357356601580974,12.460613866714867,1.844951281761799,5.587895267579429,11.556768396854595,-4.144048725121954,3.79764766748298,-1.8903281104599063,1.8907094698529534,0.3818358783251413,0.794081455574552,4.696956312934954,-7.966401919448475,3.1786491821688636,9.134856600967876,3.6295109062439304,-3.8582373661740426,-9.50452335403119,7.364751941864668,-10.808286475584586,-13.973567332267413
-6.717380825145876,37.87443420490898,30.82094886601643,2.297657094409954,10.842371998612872,-6.425582606628727,-5.75282362041851,-9.0024269522437,-26.98846146913279,2.4434441569639853,9.636193708762255,18.093190339299905,19.351940512560052,-6.497266053595363,2.4424114193506563,-11.162334638426016,6.084564532119663,-20.99208406590879,-1.8419269512828298,23.271606849736408,8.77239084109813,25.545960433498085,-8.38606377711903,-0.7949582282699683,34.59875433648445,6.545995684684392,14.95961828060321,31.332056999761384,-11.115904999220852,9.709576607701434,-5.1657887542379886,6.022966791350397,1.080425931152353,2.554807477682252,11.30711874192731,-22.05772218213839,8.91937888829527,23.51047182314186,8.723732694462921,-10.363925825077319,-25.904373134355364,20.313754454961753,-27.738031468719917,-38.62215972622047
1.9909336879074002,-13.469600573220662,-11.152595903770916,-1.2030715623778347,-4.073947975496569,2.324651282189906,2.3137190988377836,3.5117633026593866,9.805930849972741,-1.4679024250457018,-3.7571888534674582,-6.46275812331002,-6.432602133078407,2.6943059103810656,-0.305507448788079,4.371697806473404,-2.9258127518730035,7.196333521656104,0.6954456333435335,-8.557583864601535,-3.475693849133733,-8.38606377711903,3.5067695822580034,0.4769000318685196,-12.044600598583528,-1.6660960635367246,-5.2556301212946215,-11.086123360818458,3.763477424514792,-3.384638221347871,1.8473992069172946,-1.6550314945108064,-0.2358196801297077,-0.9872703298474832,-4.457835713627941,7.741313496328231,-3.0922956539800652,-8.890210354879004,-3.2849329902097577,3.813755587779089,8.855948361735873,-7.489475835283974,10.320193900093814,13.305390359589962
-0.007894859626869283,-1.3668219735488956,-1.2044337879621199,-0.13516820901438803,-0.6251580838945883,0.29085282871727297,0.24244399503788402,0.5160530635544645,1.4092429854399182,-0.3288817452400749,-0.2963512038303789,-0.9749509669322021,-0.5603892945246297,0.11578432468705609,0.05271283632884031,0.7733739825358984,-0.4926903768566323,0.8056674523086859,0.06371409980268368,-1.1018844970969164,-0.3357356601580974,-0.7949582282699683,0.4769000318685196,0.4187127664949305,-1.364866579191939,-0.029852704493161682,-0.4076231035098356,-1.1907716582119647,0.1796029458330391,-0.1371019296503795,0.20564801758901224,0.2559247709501253,0.17304234399448434,-0.07595937433461103,-0.697462753258408,0.9432501677816267,-0.1498259830697564,-1.2704336488340322,-0.1232612455663753,0.32919267903143773,0.573308458687399,-1.1455772600693075,0.9772976940899817,1.2673469459185762
-8.978762945941325,53.54083107368737,43.24358089444364,3.4082696632416085,16.710000419117755,-8.716391136443361,-8.091157069162573,-12.384120803823041,-38.17611608468887,3.483644907147642,13.912954803747505,25.161251915477667,27.222049783012178,-9.244521555785235,2.387078104328757,-16.06432176567542,9.892379316376802,-29.637658592632196,-2.7603560334026964,33.56280631941111,12.460613866714867,34.59875433648445,-12.044600598583528,-1.364866579191939,49.2426335222971,8.719753546509242,20.259037286253378,43.8265165678003,-14.832147191984069,13.037508059328218,-6.774632090584139,6.636005180280837,1.542229216298201,4.218233303526708,15.5905443078725,-30.918601815532316,13.151604205938773,34.036626017339046,11.660220829942165,-15.223960543515293,-35.32539456380592,28.971995708549724,-38.84628625798611,-53.73542593787468
-1.9062897345097634,9.211004928033667,7.298855309878978,0.27682234483603047,2.7593829343256657,-1.471934284233595,-1.1573578464451022,-1.905440716428648,-6.420110807984353,-0.011944069701863295,2.1145376007594017,4.2390185107591,5.038961117850106,-1.2930421226097617,0.7992557211886693,-2.3959493926854165,1.124945562514497,-5.340213742705855,-0.46353798351350495,5.533121378778372,1.844951281761799,6.545995684684392,-1.6660960635367246,-0.029852704493161682,8.719753546509242,2.0697713428892377,3.5620271308093843,7.608600565778508,-2.7003605096852907,2.2720679993346935,-1.1548227903157458,1.5738136114891903,0.4054081298038598,0.7325462443125229,2.2681667075312553,-5.4104536845918805,2.3937102208664727,5.3925432413464485,1.8338961608896125,-2.5686656694464793,-6.379994007271008,4.81368053284534,-6.3208442776457,-9.62288685303429
-3.916496991683831,22.634034532624796,18.616041184068404,1.667087649821217,6.226161097948716,-3.8444551297167915,-3.7209991986291753,-5.405060604147946,-15.944137466309563,1.932997326918711,6.057809458375016,10.792720435321405,11.219134581742795,-4.275808872752313,1.4871040431277773,-6.725507252028881,3.8315062376722393,-12.321412387329435,-0.969101020052261,13.816095103968351,5.587895267579429,14.95961828060321,-5.2556301212946215,-0.4076231035098356,20.259037286253378,3.5620271308093843,9.241256696296228,18.946490104866523,-6.878416119775745,6.080924667365786,-3.1815901663416657,3.780008108852645,0.6176635296747822,1.2129033763973762,7.162411710959556,-13.031746873983197,5.038866071392474,14.224571647089936,5.626198545923964,-6.172033644821662,-15.5792860256233,11.859655189179298,-17.061157941098628,-22.982276217280987
-8.099852067144006,48.2657494830085,39.42948370930494,3.3629566165277627,14.478575104612526,-7.954764980405464,-7.665944539443032,-11.254349238845679,-34.329327687496324,3.562428941318928,12.757209156456046,22.84899724291333,24.073576182243617,-8.679756329926523,2.5276995801962636,-14.498355355148805,8.871214754874035,-26.55628940300077,-2.1191243637311983,29.999249976085363,11.556768396854595,31.332056999761384,-11.086123360818458,-1.1907716582119647,43.8265165678003,7.608600565778508,18.946490104866523,40.36426095809289,-13.92698227039223,12.255498009375907,-6.387157671445286,6.688855016601241,1.2314210205205962,3.0490073197811447,14.76408543002703,-27.90284659545199,11.158078768935363,30.90761356671771,11.081704952661891,-13.64679724798635,-32.19570060831878,25.751806831444743,-35.68476406411106,-48.675591065663525
2.967129474700753,-16.729411486009482,-13.701782500059343,-1.189318528213035,-4.32540689902219,2.8270502718848323,2.774132391085192,3.8621106482057574,11.532084341140738,-1.5669663910521066,-4.516631526077795,-7.953254694679078,-8.380785835418305,3.207337653571793,-1.3221010230920556,4.8577548847460825,-2.577875076858855,9.040027472609436,0.6898525409810204,-10.079519089073273,-4.144048725121954,-11.115904999220852,3.763477424514792,0.1796029458330391,-14.832147191984069,-2.7003605096852907,-6.878416119775745,-13.92698227039223,5.23844170000504,-4.6725952829424555,2.354153792242465,-3.0167964053796332,-0.5368275027027286,-0.7670344824005992,-5.284654692094214,9.550378268140854,-3.692737515421757,-10.327648779895446,-4.322875147616257,4.464630093366144,11.7203771266531,-8.472921931694085,12.621433580107642,17.012215226705937
-2.5581228788122226,14.88149174614155,12.192255059943564,1.1131859975946583,3.7144164671874726,-2.508920471597802,-2.5765975570539856,-3.381094044100683,-10.122799531964947,1.769139584260429,4.140118123895666,7.11524153984989,7.415701924688803,-2.983475029367924,1.1882560376401186,-4.389307417733011,2.3062626433918734,-7.908345980389127,-0.6345120710890256,8.977482498248209,3.79764766748298,9.709576607701434,-3.384638221347871,-0.1371019296503795,13.037508059328218,2.2720679993346935,6.080924667365786,12.255498009375907,-4.6725952829424555,4.265810754397403,-2.0636257690081914,2.6060399157345935,0.5104023778811896,0.6212720247620405,4.833454562683284,-8.395609368439976,3.27733152320884,9.209548902264762,3.989693703122045,-3.9136899847310196,-10.459919636490245,7.396895723636247,-11.310405263376282,-14.999096011166493
1.293667287132893,-7.598052694133055,-6.320872818163361,-0.5928912330681964,-1.9656275363560443,1.3789418887772142,1.2584876129956364,2.0016695067032257,5.504677621555856,-0.6959685792811876,-2.0022112750696093,-3.7362702209387266,-3.728374175403951,1.433057364424493,-0.5219309829876074,2.3355429933071097,-1.245681552784004,4.123239626660781,0.32813242069373016,-4.640202635260283,-1.8903281104599063,-5.1657887542379886,1.8473992069172946,0.20564801758901224,-6.774632090584139,-1.1548227903157458,-3.1815901663416657,-6.387157671445286,2.354153792242465,-2.0636257690081914,1.1744159818603155,-1.4276977450253525,-0.13599183506710838,-0.38550766721189117,-2.5306836805941675,4.445347447620748,-1.5980140139817076,-4.771179209062042,-1.9671175253435318,1.9950651547525053,5.310228163762941,-4.119813858734838,5.832463791224178,7.767367411501524
-1.778344400958945,7.761928384094162,6.495028726917776,0.5126822574856298,1.185761175783488,-1.4974460738770348,-1.2566790025102925,-2.0357942028891336,-5.178763244680235,0.4091763613213632,1.9815144739846804,3.6479389698624756,3.9780027066365204,-1.5563296660566703,1.1267346529146387,-1.892236247632986,0.4769371656249411,-4.174420879767237,-0.23823411912136616,4.190470854448828,1.8907094698529534,6.022966791350397,-1.6550314945108064,0.2559247709501253,6.636005180280837,1.5738136114891903,3.780008108852645,6.688855016601241,-3.0167964053796332,2.6060399157345935,-1.4276977450253525,2.7647199142943406,0.318846359388202,0.12544484384919388,2.4602693435719023,-4.505398860150236,1.5101100941519512,4.14414402429815,2.504248265275947,-1.8422294558152406,-6.309019456720492,3.6863215119908905,-6.1732920397077224,-8.423701833235388
-0.4085310413331236,1.7184078739957276,1.263429661097816,0.04483657102089218,0.45832100195563535,-0.2058166028923064,-0.22806148349757868,-0.19679590539780595,-0.9032222787302139,0.04987860236755895,0.4885378329290691,0.61647156599658115,1.0062032505743523,-0.3445077713375745,0.1543599701348626,-0.31366057812410897,0.1584315867869098,-0.9151825585259368,-0.12889118587670703,0.9566457325614882,0.3818358783251413,1.080425931152353,-0.2358196801297077,0.17304234399448434,1.542229216298201,0.4054081298038598,0.6176635296747822,1.2314210205205962,-0.5368275027027286,0.5104023778811896,-0.13599183506710838,0.318846359388202,0.21638109063600766,0.18535690585279424,0.27907106422126293,-0.8598424492564215,0.5918004717504354,0.8511389207416625,0.42892620374689416,-0.5016144742909386,-1.2798082183474921,0.645704697805507,-1.1666606014921483,-1.7251093060048395
-0.6942996972946033,4.200833451686234,3.2080277653353617,0.19580523621661974,1.8806126911785703,-0.6464699186842371,-0.40350673178802254,-1.114710324882739,-3.178190260127554,-0.26724591360510397,0.9967513998705944,1.6769454937928636,2.2848563998609865,-0.6072854530410872,-0.39342569496531354,-1.2290663308976417,1.1287407413680675,-2.4119043567997727,-0.4601695794953237,2.8423375345859214,0.794081455574552,2.554807477682252,-0.9872703298474832,-0.07595937433461103,4.218233303526708,0.7325462443125229,1.2129033763973762,3.0490073197811447,-0.7670344824005992,0.6212720247620405,-0.38550766721189117,0.12544484384919388,0.18535690585279424,0.9791300890282236,0.7170460872664496,-2.436210492660937,1.5627782864662507,2.609327342835259,0.5524110537404759,-1.4636282779606025,-2.4871437812111385,2.700882490362234,-2.793332504829327,-4.067444853430311
-2.6407366700795185,17.725775645534057,14.810836894079976,1.5286696521286753,4.727119851859711,-3.1442143423642785,-3.2508356417330977,-4.4187048674978415,-12.783403096953217,2.6558093001759313,4.952385338490078,8.968460822561605,8.466866375762503,-3.5670129700015907,1.0773365154070502,-5.849453902727585,3.315244891649428,-9.410605907868192,-0.7766804563205187,11.089202441164845,4.696956312934954,11.30711874192731,-4.457835713627941,-0.697462753258408,15.5905443078725,2.2681667075312553,7.162411710959556,14.76408543002703,-5.284654692094214,4.833454562683284,-2.5306836805941675,2.4602693435719023,0.27907106422126293,0.7170460872664496,6.389685684562494,-10.203507067614854,3.6518632729973506,11.643089948971118,4.6126843126794705,-4.629837191915328,-11.977400458403327,9.48380351034354,-13.663839273109444,-17.646748037624583
5.642799950729896,-33.81727586085236,-27.511315073708477,-2.2370648892101457,-10.24468204855157,5.636413299260253,5.232556830024537,8.030538661986753,24.257469570216024,-2.4480949719069103,-8.798132246691976,-16.106229638522485,-17.04714521956113,5.91286417965186,-1.6516736316214813,10.266341926075434,-6.159275518612585,18.65791905607049,1.6687614056159303,-21.14065081407478,-7.966401919448475,-22.05772218213839,7.741313496328231,0.9432501677816267,-30.918601815532316,-5.4104536845918805,-13.031746873983197,-27.90284659545199,9.550378268140854,-8.395609368439976,4.445347447620748,-4.505398860150236,-0.8598424492564215,-2.436210492660937,-10.203507067614854,19.619395298288193,-8.032336328319046,-21.552907825132056,-7.588546925602895,9.488298542860724,22.49861331838052,-18.35650820230443,24.793813338195413,34.04751322714196
-2.4253357980109294,14.12430681467839,11.199482207640822,0.8115629989247368,4.709134767249548,-2.2139527004040853,-2.0019417683752883,-3.154684624495763,-9.9036169031156,0.6408932304821815,3.685502051340886,6.294107286660547,7.370983166197295,-2.446640134249837,0.281581759873882,-4.077561084994212,2.7544649546794804,-7.8073645859585685,-0.9232050410094527,8.918751015075177,3.1786491821688636,8.91937888829527,-3.0922956539800652,-0.1498259830697564,13.151604205938773,2.3937102208664727,5.038866071392474,11.158078768935363,-3.692737515421757,3.27733152320884,-1.5980140139817076,1.5101100941519512,0.5918004717504354,1.5627782864662507,3.6518632729973506,-8.032336328319046,3.9811703776956433,8.771712269495344,2.9091686899788423,-4.222777269564211,-9.233880069183222,7.653710304856591,-10.031471208643095,-14.023949233437751
-5.826330217656183,37.465602105850074,30.536587934240053,2.775936865805862,11.724757130727086,-6.1097863032987965,-6.055282611110987,-8.812224862372881,-26.84468587625644,3.363513453002371,10.098963455762377,17.85076616529021,18.51103910804166,-6.829330187282694,1.4287133263823728,-11.722714881988539,7.557078809659965,-20.45539846388003,-1.7866155884325918,23.726611771964436,9.134856600967876,23.51047182314186,-8.890210354879004,-1.2704336488340322,34.036626017339046,5.3925432413464485,14.224571647089936,30.90761356671771,-10.327648779895446,9.209548902264762,-4.771179209062042,4.14414402429815,0.8511389207416625,2.609327342835259,11.643089948971118,-21.552907825132056,8.771712269495344,24.548570990750925,8.417024941190476,-10.670148156893008,-24.35159292308247,20.305737203060076,-27.676944955801538,-37.21103558760423
-2.238455773972942,13.557927235496654,11.195336876467147,1.1747183569838662,3.2019905957177697,-2.357954366847968,-2.464548129477666,-3.2784264075402993,-9.233478027725985,1.9049874459021698,3.908641144436204,6.502122104305689,6.606990521544641,-2.9267715677575197,0.9843050010815008,-4.104592325018426,2.2152300864620824,-7.039471369155405,-0.6014846024760029,8.179048339234619,3.6295109062439304,8.723732694462921,-3.2849329902097577,-0.1232612455663753,11.660220829942165,1.8338961608896125,5.626198545923964,11.081704952661891,-4.322875147616257,3.989693703122045,-1.9671175253435318,2.504248265275947,0.42892620374689416,0.5524110537404759,4.6126843126794705,-7.588546925602895,2.9091686899788423,8.417024941190476,3.8921952536979685,-3.514797626034473,-9.617950368939004,6.760507201887371,-10.592395302132834,-13.561322129272286
2.735158064961583,-16.547040679068537,-13.348202973309622,-1.1423681913762431,-5.517256072361768,2.5940042126270124,2.494358145995245,3.789686346393618,11.731074421046486,-0.8063722587011726,-4.407119145626757,-7.4582521758062095,-8.310471728924613,2.955504330742001,-0.3656117074937394,4.884697891369959,-3.4654514828975507,9.13508822154808,0.8319920443856315,-10.454612503123691,-3.8582373661740426,-10.363925825077319,3.813755587779089,0.32919267903143773,-15.223960543515293,-2.5686656694464793,-6.172033644821662,-13.64679724798635,4.464630093366144,-3.9136899847310196,1.9950651547525053,-1.8422294558152406,-0.5016144742909386,-1.4636282779606025,-4.629837191915328,9.488298542860724,-4.222777269564211,-10.670148156893008,-3.514797626034473,5.0147567241366975,10.690774917643411,-8.95782728199215,12.049587739161462,16.487334080386518
6.840341487323824,-39.30587789913206,-31.975211260616657,-2.646609758408631,-10.848256180724285,6.602075891142743,6.279738332679056,9.185901173347931,27.412015482081973,-3.362325970275647,-10.45642710561221,-18.598216936361414,-19.89662425306676,7.2818453508002,-2.5139853229010267,11.57260513912342,-6.424600369088008,21.357375428505243,1.923584160443607,-24.042589288258586,-9.50452335403119,-25.904373134355364,8.855948361735873,0.573308458687399,-35.32539456380592,-6.379994007271008,-15.5792860256233,-32.19570060831878,11.7203771266531,-10.459919636490245,5.310228163762941,-6.309019456720492,-1.2798082183474921,-2.4871437812111385,-11.977400458403327,22.49861331838052,-9.233880069183222,-24.35159292308247,-9.617950368939004,10.690774917643411,27.080317074665466,-20.489931074556377,29.21111678325705,39.72484606490917
-5.0273616199178734,31.393017502211,25.602976641563842,2.1597290415876444,10.016496013064762,-5.32395202083942,-4.792264165767573,-7.867080575198263,-23.08839728175932,2.1446654455135223,8.096902934584326,15.025491167692568,15.704373582390314,-5.419622698144217,0.9481826542960154,-9.846128366147928,6.253272019024962,-17.374056739709808,-1.7266319081823607,19.961367976778327,7.364751941864668,20.313754454961753,-7.489475835283974,-1.1455772600693075,28.971995708549724,4.81368053284534,11.859655189179298,25.751806831444743,-8.472921931694085,7.396895723636247,-4.119813858734838,3.6863215119908905,0.645704697805507,2.700882490362234,9.48380351034354,-18.35650820230443,7.653710304856591,20.305737203060076,6.760507201887371,-8.95782728199215,-20.489931074556377,17.762828645688305,-23.003372489731756,-31.43711196117662
7.067298431983643,-43.37702889333498,-35.49418820146861,-3.330130043385818,-12.499880016483914,7.270410775731178,7.169782544939218,10.405482387038196,30.628514175895894,-4.156021224184156,-11.843265810255723,-20.562137452864874,-21.431610292981407,8.326847153068476,-2.103174385753186,13.2486191899005,-8.097012771637521,23.396121687183644,2.0796865678356995,-26.942613769027233,-10.808286475584586,-27.738031468719917,10.320193900093814,0.9772976940899817,-38.84628625798611,-6.3208442776457,-17.061157941098628,-35.68476406411106,12.621433580107642,-11.310405263376282,5.832463791224178,-6.1732920397077224,-1.1666606014921483,-2.793332504829327,-13.663839273109444,24.793813338195413,-10.031471208643095,-27.676944955801538,-10.592395302132834,12.049587739161462,29.21111678325705,-23.003372489731756,32.6250962158638,43.374278118629825
10.10544918980694,-59.04086352453868,-47.94584118445378,-3.879840224901288,-17.469856471883617,9.756572096290146,9.167374684808953,13.747868739824492,41.770394677821386,-4.240876744877348,-15.464255153200654,-27.8747218986453,-29.865741239350964,10.485099607675243,-3.240747392869482,17.55091046425562,-10.347509244184213,32.48074261687222,2.849671150210502,-36.56305958476284,-13.973567332267413,-38.62215972622047,13.305390359589962,1.2673469459185762,-53.73542593787468,-9.62288685303429,-22.982276217280987,-48.675591065663525,17.012215226705937,-14.999096011166493,7.767367411501524,-8.423701833235388,-1.7251093060048395,-4.067444853430311,-17.646748037624583,34.04751322714196,-14.023949233437751,-37.21103558760423,-13.561322129272286,16.487334080386518,39.72484606490917,-31.43711196117662,43.374278118629825,59.589098733571994
