V1,V2,V3,V4,V5,V6,V7,V8,V9,V10,V11,V12,V13,V14,V15,V16,V17,V18,V19,V20,V21,V22,V23,V24,V25,V26,V27,V28,V29,V30,V31,V32,V33,V34,V35,V36,V37,V38,V39,V40,V41,V42,V43,V44
0.34968534317000965,-0.43382938827131884,-0.020075789441334764,0.019428933185663463,0.16008127177676357,0.33259076697570616,0.1493542743199868,0.2091511285115464,-0.018040216683595463,0.05622008726316933,-0.06050098588192417,-0.06809769055856639,-0.2096967507758828,0.021253141898228623,0.14226381805149813,-0.33343609371742955,-0.14567470726049342,0.17393814176354197,0.12785229816503102,-0.22524884451096788,0.28484631851476006,0.055285877229793175,0.01940201375174325,0.3357696673737991,0.023818645522096234,0.04324056942127247,-0.25389881690155613,-0.1601636057063957,0.33752395480531605,-0.19244802267568026,-0.22636749910084544,0.11938833267439686,-0.03735328056232296,-0.04842283001829442,-0.022338713074410405,0.285013650453119,0.05533045161999443,-0.13787133277742306,0.032675783290871764,0.042675120094714566,0.16112291297770553,-0.4493216714156347,-0.00968049173898319,0.304927894751364
-0.43382938827131884,2.302863078356316,-0.11690897448603466,-1.445124719767949,0.041086641762239924,0.5698535317102174,-1.656303600776864,0.04230254792466634,0.6128727905861214,-0.5986375565128937,0.6284838515518516,0.4601848064334258,0.8609687444234853,0.9398985103507134,0.26628271405158715,-1.1657439632689006,0.22676865956311565,0.4578956499960878,-1.3040517336168587,0.6769161367351819,-0.5164904521820292,1.2118007775239286,0.48793945978318753,1.255780618286453,0.696629084871882,0.8099537057965766,0.7154476903759458,1.0076883115564628,-0.48132668965545977,0.05105223618851013,0.5308403709180207,0.18133798055982472,-0.1409638991569718,-0.6978083727919103,0.12322091245904052,1.5050447771084576,-0.7352760745803651,0.12766866114637668,-0.4830983646510151,-0.340990977657399,-1.2377834257739448,0.44322657260041837,-0.2253179461735132,-2.1119996979687357
-0.020075789441334764,-0.11690897448603466,0.8524703709255089,0.7461397576793933,0.06049581344191994,-0.5795502700182018,0.6006999234491402,-0.26627856537309147,-0.8803355329552117,0.37713327420013637,-0.10983970610879978,0.20228635994100358,0.03899470162988768,-0.6025750735773924,-0.04639568277380615,0.46335490597934886,0.036927457413419844,-0.6976278741504628,0.6099212099513828,0.1992078914638216,0.3164002899464863,-0.16856632974684324,-0.580572949206264,-0.8098553926293068,0.48087483084574334,-0.27308502234482784,0.11867173153683652,0.3088273777571512,-0.07103935711012109,0.17113436140167043,-0.22476890128051272,-0.061464864480517405,0.08929148346596873,0.15097088897086985,0.29223076141122706,-1.4032532816746655,0.5323353353307925,0.48280257912643565,0.4342707457115566,-0.06504815072576507,0.021235953470513123,0.478924463045903,-0.45546538817840165,-0.07384595621801263
0.019428933185663463,-1.445124719767949,0.7461397576793933,1.9542002236733245,-0.11354668204287283,-1.2802808190110198,1.8439778386926937,-0.36394159437537765,-1.172859526881936,0.6845453583999398,-0.38376077170469586,-0.043046415993712193,-0.29603404810511397,-1.3191888985009674,-0.5044842547270102,1.5081031943230079,0.09418699400450706,-1.2683746221521321,1.2288483240843104,-0.090065949827935,0.4104815087535515,-0.9426499553298728,-0.8251413411210822,-1.9145787257753493,-0.18185293235298622,-1.0045993894720433,-0.22036866564634294,-0.4632280475516693,-0.14066661014919846,0.5720457168130298,-0.36801842694862635,-0.4422511922233652,0.30685566080180204,1.11953046132663,0.14261322161279874,-2.6748969292159583,0.9857242760804235,0.5080284757559269,0.7661128207813136,0.1274461839991367,0.8024638911594538,0.41117356797196625,-0.31253542405442053,1.4356690882534606
0.16008127177676357,0.041086641762239924,0.06049581344191994,-0.11354668204287283,2.0088159402978865,0.3342190267106568,0.0419429966322311,-0.5268847261300416,-0.611229296050303,0.4362292173135625,0.2356569016485103,-0.45507390569227096,-0.13357404442813128,0.23398277924892047,0.25089218862959123,-1.3629303274708584,0.5345202195807578,-0.1871183020774169,-0.7262446949619367,0.2115995775122159,0.4022417282331266,1.0726317668921808,0.2936169229514976,0.5218719269443554,-0.0015823808180102684,0.0970801106379289,0.20665505859959027,-0.6437094160705245,0.2418163296401644,0.7594437876157829,-1.0138102579171493,-0.267202577855776,0.7320115432387891,1.73795084689015,-0.8555335569919993,0.8725284404075994,0.6305378454288233,0.8714857215915122,0.298697471385145,-0.07850729807132621,-1.127900793120107,-0.24363614867603886,-0.8694658245107014,0.9117125933624912
0.33259076697570616,0.5698535317102174,-0.5795502700182018,-1.2802808190110198,0.3342190267106568,1.4497739997862467,-1.088731193735527,0.5845480761925779,0.8396153072678183,-0.4792800196473663,0.3054230916735034,0.056548571871869166,-0.036482938587675755,0.9762492748519972,0.4349839006284444,-1.4156967627233368,-0.20077487558190701,1.028615682128021,-0.7471884045151159,-0.05260836884824029,0.08485169450167591,0.8938642981822957,0.7535051614364034,1.9495536697755624,0.12448912873725788,0.7935978181131772,-0.16185652045602628,0.16667674619446807,0.37236148808285713,-0.5947456289595667,0.039994495956432514,0.6375538526924097,-0.3138016689534217,-0.6338207022221749,-0.1512700485063883,2.323133601424479,-0.6433263772062932,-0.4293916036902237,-0.5765915747089695,-0.03365744547549975,-0.3802978492401762,-0.9756710089079427,0.10820401284746764,-0.5864631110298041
0.1493542743199868,-1.656303600776864,0.6006999234491402,1.8439778386926937,0.0419429966322311,-1.088731193735527,1.9866840200401317,-0.2618031538257523,-1.0806517531127162,0.6043072944153896,-0.3978036016982875,-0.191731937981524,-0.3343016943834977,-1.2001715272475664,-0.46312606976308457,1.2180313286874078,0.04201568712418635,-1.1691918676951827,1.1560471148033096,-0.2555124904274875,0.4946540824929671,-0.7833083963056379,-0.6708737970341527,-1.7079616760572311,-0.24919852958063377,-0.9705121731382712,-0.35520815590086197,-0.6453581182368253,-0.01213508260094236,0.5281517105023945,-0.48883674478843736,-0.4274530283601244,0.3578256270187518,1.2255361045332935,0.03367440422155593,-2.3332806332824916,1.0273147515001286,0.3545017204964861,0.7305416899491477,0.15480517869821078,0.8861597665623658,0.0994998063400614,-0.23791606603019638,1.6904279878991573
0.2091511285115464,0.04230254792466634,-0.26627856537309147,-0.36394159437537765,-0.5268847261300416,0.5845480761925779,-0.2618031538257523,0.7122828088495857,0.5525217217084135,-0.35356788799019445,0.07449792743686008,0.18904253272283328,0.0605515884576035,0.27481398703618765,0.12207535425311149,-0.26871358001268586,-0.3373262636388386,0.40400781232342226,-0.00913214076399444,-0.15722801930428293,-0.039165517116687414,0.06387160886590869,0.18246329351799678,0.8394557214943406,0.09739874658328591,0.2683858379422219,-0.2588531908175476,0.19264147700947304,0.20281831821603116,-0.4417516736448539,0.33617357358345135,0.3953324313911759,-0.3593913655636209,-0.7720821707044933,0.1885106320871359,0.6183618002556659,-0.41064803752795315,-0.4997422671542466,-0.37175400319432284,0.024076957032067078,0.302460547206035,-0.4691908098160398,0.2961753497104492,-0.41798692451606434
-0.018040216683595463,0.6128727905861214,-0.8803355329552117,-1.172859526881936,-0.611229296050303,0.8396153072678183,-1.0806517531127162,0.5525217217084135,1.3370070599903288,-0.6679980632761982,0.20741829356582747,0.03876865698574053,0.12089848706097195,0.9115600858543373,0.16666036853350522,-0.51891193422313,-0.20943343765458464,1.0423840323240832,-0.735561521828146,-0.19945200659801018,-0.5084342162448504,0.22142731014116665,0.6375963259410591,1.2106247833003463,-0.2788032029545589,0.5426152616547281,-0.03514275393001409,0.14959949042312656,-0.005927183357115635,-0.5337310554038555,0.6503987292499019,0.24854647775418048,-0.3954131557357858,-1.026552487707649,0.017661772342197447,1.793945383582246,-0.9473290255957063,-0.7865290183548517,-0.6937232321455523,0.01752430024814091,0.04850625883640128,-0.4793995694149893,0.6896710728001567,-0.7682860182328973
0.05622008726316933,-0.5986375565128937,0.37713327420013637,0.6845453583999398,0.4362292173135625,-0.4792800196473663,0.6043072944153896,-0.35356788799019445,-0.6679980632761982,0.5486425280800727,-0.15590266602506464,-0.1753944513302685,-0.25533138121959503,-0.5194698274126587,-0.06666542415963692,0.3110890616950309,0.14094682121605306,-0.49530235705897824,0.39911853922823376,-0.004731828094025919,0.247526289192082,-0.29802949159497594,-0.3812262203735148,-0.7109260752540718,-0.09862083905245003,-0.37342376710228964,0.0069085152362319616,-0.3574897136782097,0.09806906546399058,0.3749147015817749,-0.42327117528212993,-0.2207677249409599,0.3118641676203649,0.6827528203451119,-0.15657256455872554,-0.8954950085622999,0.5555787704348345,0.43369600076312614,0.3919790114366635,0.08100992593102399,-0.01778230492110508,0.2312820897547174,-0.3200881512358055,0.7758967723082397
-0.06050098588192417,0.6284838515518516,-0.10983970610879978,-0.38376077170469586,0.2356569016485103,0.3054230916735034,-0.3978036016982875,0.07449792743686008,0.20741829356582747,-0.15590266602506464,0.32783408140575837,0.09094918983340572,0.30467630276451774,0.3269276850423427,0.04573668205628972,-0.6108889798824011,0.15544433458010246,0.07422009651179942,-0.5714062289934451,0.20620268151630622,-0.06611397026123704,0.600808661416636,0.2898982420222836,0.5887296346956453,0.1524857462497212,0.24806549535755917,0.1809213497547217,0.16450562735100335,-0.13097281972563948,0.21019017760955153,0.0361779921611032,0.03623745474568458,0.03822933951608586,0.15267312292184393,-0.09491945340144542,0.6387586550083135,-0.13771948630070893,0.09864934582428138,-0.17228327550145145,-0.12188797268818283,-0.48805561942137793,-0.023717623744244184,-0.20091853987231897,-0.40209598724859774
-0.06809769055856639,0.4601848064334258,0.20228635994100358,-0.043046415993712193,-0.45507390569227096,0.056548571871869166,-0.191731937981524,0.18904253272283328,0.03876865698574053,-0.1753944513302685,0.09094918983340572,0.44730729198666813,0.2141695099630008,-0.05353043895115379,-0.05690125990786037,0.11030365503748689,-0.14286637666891794,-0.04069156501443345,0.10709871838579604,0.2613560102726777,-0.011953888584386627,0.115753311759835,-0.047724230248135595,0.1665543335826764,0.33528682266373105,0.10300956320309806,0.05570861393470082,0.5260225279242406,-0.23077800380987268,-0.1519180698466554,0.299772755848794,0.2749618917065776,-0.24768512013971616,-0.45653661288705716,0.36842505237999407,-0.13747976620246546,-0.2666217950856768,-0.03429689312052025,-0.03252964426720541,-0.08700989623245274,0.07751719783123998,0.03853911853269624,-0.05224808648332836,-0.700836556568799
-0.2096967507758828,0.8609687444234853,0.03899470162988768,-0.29603404810511397,-0.13357404442813128,-0.036482938587675755,-0.3343016943834977,0.0605515884576035,0.12089848706097195,-0.25533138121959503,0.30467630276451774,0.2141695099630008,0.5837537541199959,0.17515560622860868,-0.05116152361093352,-0.31157788286795524,0.13804338951651232,-0.15465626674025532,-0.4891353085904096,0.28517564316213045,-0.20893967720545756,0.4650157968804455,0.144479105621215,0.23071636243800644,0.3529280932912296,0.19150830220103704,0.2591511228859378,0.42799953937110613,-0.28600354817580215,0.2590713521242721,0.23587612393252666,-0.07003652558053965,-0.004743107355452707,-0.06522005886564788,0.09602651676548857,0.08579817718422655,-0.14783705333968786,0.0513493388980038,-0.16296405102115008,-0.20436581930333148,-0.4250453043567422,0.34661552441282206,-0.14837826076123023,-0.8016074626157708
0.021253141898228623,0.9398985103507134,-0.6025750735773924,-1.3191888985009674,0.23398277924892047,0.9762492748519972,-1.2001715272475664,0.27481398703618765,0.9115600858543373,-0.5194698274126587,0.3269276850423427,-0.05353043895115379,0.17515560622860868,1.0780395676393375,0.391909777594615,-1.1724828247183618,0.027740634991304018,0.9310042530927044,-1.0294160650250992,-0.037309038998678934,-0.2964642252701905,0.794745718738635,0.6526348322947634,1.423169311826094,0.03682884824597468,0.7065191648361354,0.16508646118486936,0.1852738797058426,0.09717031039216383,-0.3358798644416672,0.21351168464861192,0.1918312332236692,-0.15616661381756888,-0.5799990886558483,-0.18606171295950757,2.0361849664088867,-0.6432350832070888,-0.3297021834356024,-0.5611695595367767,-0.08567930850330938,-0.5899630092848299,-0.36756265253326753,0.19403415635875013,-0.8605782560044959
0.14226381805149813,0.26628271405158715,-0.04639568277380615,-0.5044842547270102,0.25089218862959123,0.4349839006284444,-0.46312606976308457,0.12207535425311149,0.16666036853350522,-0.06666542415963692,0.04573668205628972,-0.05690125990786037,-0.05116152361093352,0.391909777594615,0.3621762390690667,-0.6197472823636986,-0.03273022126673029,0.4104959300283328,-0.26269075846235285,-0.10632881469728024,0.01403221205918087,0.2815197615248483,0.06145713162582634,0.6167235814339651,0.1822382921648747,0.31383382454796693,0.04509645464323671,0.10106703784175869,0.26501312947535977,-0.25094129624354183,-0.06764080338250937,0.11169013510414101,-0.04475179477418632,-0.41660355559969353,-0.033340310175097344,0.7495373670037696,-0.13626318808400667,-0.05226650594463871,-0.14528574669984298,-0.006214264858219503,-0.27531834990541226,-0.13015356193418268,-0.01347036469228785,-0.3735720368575385
-0.33343609371742955,-1.1657439632689006,0.46335490597934886,1.5081031943230079,-1.3629303274708584,-1.4156967627233368,1.2180313286874078,-0.26871358001268586,-0.51891193422313,0.3110890616950309,-0.6108889798824011,0.11030365503748689,-0.31157788286795524,-1.1724828247183618,-0.6197472823636986,2.6326820631271146,-0.18855410221984165,-0.8145201269112504,1.5046149191254354,-0.13932789012690916,-0.14682909126480004,-1.8138250379251541,-0.8003737020560102,-2.2468052691036027,-0.37759377728807564,-0.8568980380442106,-0.21233628241508137,0.004380823532370435,-0.34567931799302437,-0.1256634802152074,0.4465519014752147,-0.18736407696930626,-0.21122669714989922,-0.24320650166880858,0.4957874382564015,-2.7802596630199345,0.3658706923030453,-0.1313294465439879,0.32811732261105275,0.21296755479353802,1.3522539812442054,0.7657133748379734,0.4977039625859875,0.6243868320741002
-0.14567470726049342,0.22676865956311565,0.036927457413419844,0.09418699400450706,0.5345202195807578,-0.20077487558190701,0.04201568712418635,-0.3373262636388386,-0.20943343765458464,0.14094682121605306,0.15544433458010246,-0.14286637666891794,0.13804338951651232,0.027740634991304018,-0.03273022126673029,-0.18855410221984165,0.3753759670174918,-0.24007362186651765,-0.3747832486235999,0.13983176394526034,-0.025089421499071538,0.2924215210211493,0.06209134805577367,-0.18600765167298972,-0.03446316522600458,-0.07232116954344082,0.22203444444700668,-0.13680247654374073,-0.16620579846256012,0.47956514660631916,-0.22100696837156608,-0.2991954953959436,0.3034900525448532,0.7152486012649922,-0.24196862084931595,-0.042254081463520256,0.24139528081004077,0.3813460985018979,0.11235178308910422,-0.06308617539097604,-0.44851488870954515,0.27681378090430914,-0.3123637313310443,0.1843884185257411
0.17393814176354197,0.4578956499960878,-0.6976278741504628,-1.2683746221521321,-0.1871183020774169,1.028615682128021,-1.1691918676951827,0.40400781232342226,1.0423840323240832,-0.49530235705897824,0.07422009651179942,-0.04069156501443345,-0.15465626674025532,0.9310042530927044,0.4104959300283328,-0.8145201269112504,-0.24007362186651765,1.266192046381158,-0.5363731259272674,-0.26171247897193345,-0.2022859028839635,0.27734837350578156,0.525315339065847,1.3062383566636897,-0.1540026399803751,0.5937165661936422,-0.10541766913416899,0.1579200444319677,0.2702798804143711,-0.7912823112467617,0.2806080959351979,0.37912621877156116,-0.38390428361495094,-1.106617824940059,0.011831928630313812,2.0097417867669134,-0.8199202171829449,-0.6288922111159198,-0.4960084568579985,0.031169911530574655,-0.04451507217194118,-0.6462838228564068,0.5146355732219458,-0.6769326879119165
0.12785229816503102,-1.3040517336168587,0.6099212099513828,1.2288483240843104,-0.7262446949619367,-0.7471884045151159,1.1560471148033096,-0.00913214076399444,-0.735561521828146,0.39911853922823376,-0.5714062289934451,0.10709871838579604,-0.4891353085904096,-1.0294160650250992,-0.26269075846235285,1.5046149191254354,-0.3747832486235999,-0.5363731259272674,1.582147074000788,-0.2267525401078803,0.38958696367095136,-1.2289415470126115,-0.7805168764744076,-1.380028678209314,-0.052264200092644056,-0.6503887659135588,-0.4241622259025576,-0.02471133368016166,0.12490187876660828,-0.37032153144227403,-0.08272104242964999,0.1408565552127162,-0.2130729754985188,-0.29830643776510146,0.47205288823147273,-1.9975171376644987,0.4602728630743084,-0.023391068292809774,0.4899021714129705,0.18637787322717067,1.1435738274631897,0.09578965472022155,0.15378656406351385,0.7052054701218556
-0.22524884451096788,0.6769161367351819,0.1992078914638216,-0.090065949827935,0.2115995775122159,-0.05260836884824029,-0.2555124904274875,-0.15722801930428293,-0.19945200659801018,-0.004731828094025919,0.20620268151630622,0.2613560102726777,0.28517564316213045,-0.037309038998678934,-0.10632881469728024,-0.13932789012690916,0.13983176394526034,-0.26171247897193345,-0.2267525401078803,0.5022542408226006,-0.036922657013974264,0.40654252987470857,0.07567746507355205,0.10706907208793344,0.26531137428923474,0.08654808580783528,0.2721054071773891,0.31233376413762237,-0.30822219110380394,0.29928818696236675,0.036908268040166926,0.0964513791690635,0.07663008914687201,0.3034207893079264,-0.01805803070694122,-0.0358257271268856,-0.019294796041895677,0.36136994789355814,0.041392987842139725,-0.13289869706786564,-0.4622121137259166,0.23951243968615954,-0.3493767373145635,-0.42628097947144933
0.28484631851476006,-0.5164904521820292,0.3164002899464863,0.4104815087535515,0.4022417282331266,0.08485169450167591,0.4946540824929671,-0.039165517116687414,-0.5084342162448504,0.247526289192082,-0.06611397026123704,-0.011953888584386627,-0.20893967720545756,-0.2964642252701905,0.01403221205918087,-0.14682909126480004,-0.025089421499071538,-0.2022859028839635,0.38958696367095136,-0.036922657013974264,0.5477472975942485,0.09562252602230628,-0.10510631591336063,-0.06813008263273361,0.14687972285572987,-0.13632437995207922,-0.23477546698488436,-0.08856224707547973,0.2121789791426116,-0.029236437508771567,-0.466853668431607,0.14110746715714204,0.045574162492228225,0.3789834840279371,0.03562262654222741,-0.2811527718174002,0.36534984508543744,0.20479912992903543,0.30699185716285315,0.0038530210774115605,0.13023211186685688,-0.34349718414176433,-0.33951481961490626,0.5198713448067924
0.055285877229793175,1.2118007775239286,-0.16856632974684324,-0.9426499553298728,1.0726317668921808,0.8938642981822957,-0.7833083963056379,0.06387160886590869,0.22142731014116665,-0.29802949159497594,0.600808661416636,0.115753311759835,0.4650157968804455,0.794745718738635,0.2815197615248483,-1.8138250379251541,0.2924215210211493,0.27734837350578156,-1.2289415470126115,0.40654252987470857,0.09562252602230628,1.6454576900446656,0.6647146318221374,1.5141882385310972,0.43205365072774443,0.5942579120730881,0.32631343353233694,0.22437997457783648,-0.09724955730869503,0.367978534606732,-0.2780030340380485,0.14248414494951267,0.21328616297271744,0.5851270302088821,-0.33616941143668894,1.7891283984561428,-0.19421027478190675,0.33513826726345003,-0.1838950502280181,-0.2479317946667669,-1.1532733814333764,-0.4005533845344273,-0.58830938853843,-0.6218062786950933
0.01940201375174325,0.48793945978318753,-0.580572949206264,-0.8251413411210822,0.2936169229514976,0.7535051614364034,-0.6708737970341527,0.18246329351799678,0.6375963259410591,-0.3812262203735148,0.2898982420222836,-0.047724230248135595,0.144479105621215,0.6526348322947634,0.06145713162582634,-0.8003737020560102,0.06209134805577367,0.525315339065847,-0.7805168764744076,0.07567746507355205,-0.10510631591336063,0.6647146318221374,0.7358273902734828,1.056445328240533,-0.14227734861599312,0.4362163753889109,-0.02510236541636794,-0.018204487005365762,-0.01524423048167231,-0.0727810169316994,0.07039981182699695,0.22502163334130312,-0.07001936842621065,0.08401895874469346,-0.26182449410018926,1.521347294193812,-0.43499222375606966,-0.2536314702102169,-0.4122168383279893,-0.06767843407493293,-0.34545218411919537,-0.533377423709979,0.07653159316512939,-0.19056255932337082
0.3357696673737991,1.255780618286453,-0.8098553926293068,-1.9145787257753493,0.5218719269443554,1.9495536697755624,-1.7079616760572311,0.8394557214943406,1.2106247833003463,-0.7109260752540718,0.5887296346956453,0.1665543335826764,0.23071636243800644,1.423169311826094,0.6167235814339651,-2.2468052691036027,-0.18600765167298972,1.3062383566636897,-1.380028678209314,0.10706907208793344,-0.06813008263273361,1.5141882385310972,1.056445328240533,2.899971348535082,0.31099863596187194,1.179006881681671,-0.020230876516200813,0.3152237826538284,0.3955838472201074,-0.53397340748835,0.1686648664270598,0.7842225228645344,-0.32639173780999575,-0.7767811508825057,-0.2623047040839362,3.305165389551303,-0.9579989525530374,-0.471678735336341,-0.8663543561497308,-0.11601183879500253,-0.8749050964831929,-1.1161230304295608,0.026974737540695643,-1.139068753631424
0.023818645522096234,0.696629084871882,0.48087483084574334,-0.18185293235298622,-0.0015823808180102684,0.12448912873725788,-0.24919852958063377,0.09739874658328591,-0.2788032029545589,-0.09862083905245003,0.1524857462497212,0.33528682266373105,0.3529280932912296,0.03682884824597468,0.1822382921648747,-0.37759377728807564,-0.03446316522600458,-0.1540026399803751,-0.052264200092644056,0.26531137428923474,0.14687972285572987,0.43205365072774443,-0.14227734861599312,0.31099863596187194,0.7578596854644272,0.2763278779417765,0.16521363623562782,0.6538959742645432,6.275530198641178e-4,-0.10207276979858694,0.03141463385201967,0.19365795681858453,-0.1190554169202393,-0.4461802096079873,0.29954118215716397,-0.12265718011926498,0.02105908433085787,0.1620878329302213,-8.590435853213965e-4,-0.1752990887392714,-0.34264753440484624,0.2269547094344531,-0.32000519835494334,-0.9463019433422684
0.04324056942127247,0.8099537057965766,-0.27308502234482784,-1.0045993894720433,0.0970801106379289,0.7935978181131772,-0.9705121731382712,0.2683858379422219,0.5426152616547281,-0.37342376710228964,0.24806549535755917,0.10300956320309806,0.19150830220103704,0.7065191648361354,0.31383382454796693,-0.8568980380442106,-0.07232116954344082,0.5937165661936422,-0.6503887659135588,0.08654808580783528,-0.13632437995207922,0.5942579120730881,0.4362163753889109,1.179006881681671,0.2763278779417765,0.6502470032487038,0.09836464402003157,0.3504491860996318,0.14109465763101564,-0.3558844185666948,0.19805346280659075,0.34315689601048194,-0.21888482983720522,-0.6606154687606562,-0.03309447383410498,1.3689376598839613,-0.4738712829875466,-0.24595037957978386,-0.4772410528120547,-0.09531218662661614,-0.47513910682351734,-0.23233947502150507,0.07019621427303145,-0.8947388546283908
-0.25389881690155613,0.7154476903759458,0.11867173153683652,-0.22036866564634294,0.20665505859959027,-0.16185652045602628,-0.35520815590086197,-0.2588531908175476,-0.03514275393001409,0.0069085152362319616,0.1809213497547217,0.05570861393470082,0.2591511228859378,0.16508646118486936,0.04509645464323671,-0.21233628241508137,0.22203444444700668,-0.10541766913416899,-0.4241622259025576,0.2721054071773891,-0.23477546698488436,0.32631343353233694,-0.02510236541636794,-0.020230876516200813,0.16521363623562782,0.09836464402003157,0.42307618731828994,0.1927486847118509,-0.2522050383673422,0.31765029554807805,0.0770693049457682,-0.2010207879870244,0.16573022628851272,0.13324055604821397,-0.07525454565067771,0.07595301014091825,-0.009895180644025269,0.3051699668811014,0.0027768330693919794,-0.09752303004348528,-0.5614436620483026,0.468861233158712,-0.18944140759184364,-0.48897543904342283
-0.1601636057063957,1.0076883115564628,0.3088273777571512,-0.4632280475516693,-0.6437094160705245,0.16667674619446807,-0.6453581182368253,0.19264147700947304,0.14959949042312656,-0.3574897136782097,0.16450562735100335,0.5260225279242406,0.42799953937110613,0.1852738797058426,0.10106703784175869,0.004380823532370435,-0.13680247654374073,0.1579200444319677,-0.02471133368016166,0.31233376413762237,-0.08856224707547973,0.22437997457783648,-0.018204487005365762,0.3152237826538284,0.6538959742645432,0.3504491860996318,0.1927486847118509,1.0330483069694991,-0.23646184510552168,-0.412060181207605,0.43564534952694006,0.380236513716281,-0.43786131205030576,-1.0817521255202682,0.565463196639762,0.05583334436926747,-0.416667865213819,-0.1261065528271738,-0.20386473395010746,-0.18131170334812566,-0.1048019568685936,0.27141123110930515,0.0016588891294517399,-1.4604850245064795
0.33752395480531605,-0.48132668965545977,-0.07103935711012109,-0.14066661014919846,0.2418163296401644,0.37236148808285713,-0.01213508260094236,0.20281831821603116,-0.005927183357115635,0.09806906546399058,-0.13097281972563948,-0.23077800380987268,-0.28600354817580215,0.09717031039216383,0.26501312947535977,-0.34567931799302437,-0.16620579846256012,0.2702798804143711,0.12490187876660828,-0.30822219110380394,0.2121789791426116,-0.09724955730869503,-0.01524423048167231,0.3955838472201074,6.275530198641178e-4,0.14109465763101564,-0.2522050383673422,-0.23646184510552168,0.5551562733581294,-0.3068822921156361,-0.2513668673406698,0.1311802063963732,-0.04761690017359202,-0.2334622858822036,-0.13656098673294248,0.35607675278756856,0.09993956876753707,-0.1727555278754432,-0.09496087522196972,0.08368117689117965,0.056837288178481216,-0.3267545959208739,0.0747856071580011,0.3051721909363524
-0.19244802267568026,0.05105223618851013,0.17113436140167043,0.5720457168130298,0.7594437876157829,-0.5947456289595667,0.5281517105023945,-0.4417516736448539,-0.5337310554038555,0.3749147015817749,0.21019017760955153,-0.1519180698466554,0.2590713521242721,-0.3358798644416672,-0.25094129624354183,-0.1256634802152074,0.47956514660631916,-0.7912823112467617,-0.37032153144227403,0.29928818696236675,-0.029236437508771567,0.367978534606732,-0.0727810169316994,-0.53397340748835,-0.10207276979858694,-0.3558844185666948,0.31765029554807805,-0.412060181207605,-0.3068822921156361,1.1070414114326368,-0.3606870785803178,-0.5444076049778428,0.6304342451300483,1.5186474884918986,-0.45633490059385046,-0.6376333508897623,0.5513515652003731,0.6736366218202048,0.3159243301734618,-0.07285403179924284,-0.5792765665319918,0.46067705465550624,-0.5443131696133376,0.6630328576198321
-0.22636749910084544,0.5308403709180207,-0.22476890128051272,-0.36801842694862635,-1.0138102579171493,0.039994495956432514,-0.48883674478843736,0.33617357358345135,0.6503987292499019,-0.42327117528212993,0.0361779921611032,0.299772755848794,0.23587612393252666,0.21351168464861192,-0.06764080338250937,0.4465519014752147,-0.22100696837156608,0.2806080959351979,-0.08272104242964999,0.036908268040166926,-0.466853668431607,-0.2780030340380485,0.07039981182699695,0.1686648664270598,0.03141463385201967,0.19805346280659075,0.0770693049457682,0.43564534952694006,-0.2513668673406698,-0.3606870785803178,0.7785702787281176,0.16619248420949037,-0.379460614334041,-1.0154391579717428,0.35667794021201976,0.12130966182803934,-0.5866844363034849,-0.48521405698497266,-0.38633003829683266,-0.0045503320197193935,0.2940628854958431,0.17301359681179765,0.4988565869314533,-0.9020771610137884
0.11938833267439686,0.18133798055982472,-0.061464864480517405,-0.4422511922233652,-0.267202577855776,0.6375538526924097,-0.4274530283601244,0.3953324313911759,0.24854647775418048,-0.2207677249409599,0.03623745474568458,0.2749618917065776,-0.07003652558053965,0.1918312332236692,0.11169013510414101,-0.18736407696930626,-0.2991954953959436,0.37912621877156116,0.1408565552127162,0.0964513791690635,0.14110746715714204,0.14248414494951267,0.22502163334130312,0.7842225228645344,0.19365795681858453,0.34315689601048194,-0.2010207879870244,0.380236513716281,0.1311802063963732,-0.5444076049778428,0.16619248420949037,0.7030212440318337,-0.38928511196532534,-0.7028512658375743,0.20124637864128095,0.645228977376501,-0.34847529297752916,-0.2827273100934186,-0.2886744464625379,0.03673385156761156,0.1518090186159667,-0.46071402523852795,0.09979831471581556,-0.4561158388459897
-0.03735328056232296,-0.1409638991569718,0.08929148346596873,0.30685566080180204,0.7320115432387891,-0.3138016689534217,0.3578256270187518,-0.3593913655636209,-0.3954131557357858,0.3118641676203649,0.03822933951608586,-0.24768512013971616,-0.004743107355452707,-0.15616661381756888,-0.04475179477418632,-0.21122669714989922,0.3034900525448532,-0.38390428361495094,-0.2130729754985188,0.07663008914687201,0.045574162492228225,0.21328616297271744,-0.07001936842621065,-0.32639173780999575,-0.1190554169202393,-0.21888482983720522,0.16573022628851272,-0.43786131205030576,-0.04761690017359202,0.6304342451300483,-0.379460614334041,-0.38928511196532534,0.4941551504858104,1.015923123895012,-0.40109419472084806,-0.23416196950765011,0.43474511454496917,0.44772969878885366,0.268545000284036,-0.003953031277847645,-0.37649308575004653,0.191851505611,-0.3355884178387072,0.620214452051841
-0.04842283001829442,-0.6978083727919103,0.15097088897086985,1.11953046132663,1.73795084689015,-0.6338207022221749,1.2255361045332935,-0.7720821707044933,-1.026552487707649,0.6827528203451119,0.15267312292184393,-0.45653661288705716,-0.06522005886564788,-0.5799990886558483,-0.41660355559969353,-0.24320650166880858,0.7152486012649922,-1.106617824940059,-0.29830643776510146,0.3034207893079264,0.3789834840279371,0.5851270302088821,0.08401895874469346,-0.7767811508825057,-0.4461802096079873,-0.6606154687606562,0.13324055604821397,-1.0817521255202682,-0.2334622858822036,1.5186474884918986,-1.0154391579717428,-0.7028512658375743,1.015923123895012,2.9559902507758413,-0.9294408800569927,-0.7194048058089249,1.0760604547906827,1.0945828837083593,0.6810238301819423,-0.03245763652532989,-0.6261123096062579,0.046067308941568234,-0.9319780836276208,1.9881548669983862
-0.022338713074410405,0.12322091245904052,0.29223076141122706,0.14261322161279874,-0.8555335569919993,-0.1512700485063883,0.03367440422155593,0.1885106320871359,0.017661772342197447,-0.15657256455872554,-0.09491945340144542,0.36842505237999407,0.09602651676548857,-0.18606171295950757,-0.033340310175097344,0.4957874382564015,-0.24196862084931595,0.011831928630313812,0.47205288823147273,-0.01805803070694122,0.03562262654222741,-0.33616941143668894,-0.26182449410018926,-0.2623047040839362,0.29954118215716397,-0.03309447383410498,-0.07525454565067771,0.565463196639762,-0.13656098673294248,-0.45633490059385046,0.35667794021201976,0.20124637864128095,-0.40109419472084806,-0.9294408800569927,0.6477310716390701,-0.5632366436877065,-0.23470722344960504,-0.2449519805172731,0.03982936550778308,-0.029799832397510898,0.4938272532777553,0.09409267640555759,0.1553840641237661,-0.6766087256293943
0.285013650453119,1.5050447771084576,-1.4032532816746655,-2.6748969292159583,0.8725284404075994,2.323133601424479,-2.3332806332824916,0.6183618002556659,1.793945383582246,-0.8954950085622999,0.6387586550083135,-0.13747976620246546,0.08579817718422655,2.0361849664088867,0.7495373670037696,-2.7802596630199345,-0.042254081463520256,2.0097417867669134,-1.9975171376644987,-0.0358257271268856,-0.2811527718174002,1.7891283984561428,1.521347294193812,3.305165389551303,-0.12265718011926498,1.3689376598839613,0.07595301014091825,0.05583334436926747,0.35607675278756856,-0.6376333508897623,0.12130966182803934,0.645228977376501,-0.23416196950765011,-0.7194048058089249,-0.5632366436877065,4.671847453173687,-1.319681516534518,-0.6489637203504515,-0.9906906832359371,-0.08499528749398391,-1.1196172058066751,-1.4208500473895709,0.2870194509765809,-1.048597287809799
0.05533045161999443,-0.7352760745803651,0.5323353353307925,0.9857242760804235,0.6305378454288233,-0.6433263772062932,1.0273147515001286,-0.41064803752795315,-0.9473290255957063,0.5555787704348345,-0.13771948630070893,-0.2666217950856768,-0.14783705333968786,-0.6432350832070888,-0.13626318808400667,0.3658706923030453,0.24139528081004077,-0.8199202171829449,0.4602728630743084,-0.019294796041895677,0.36534984508543744,-0.19421027478190675,-0.43499222375606966,-0.9579989525530374,0.02105908433085787,-0.4738712829875466,-0.009895180644025269,-0.416667865213819,0.09993956876753707,0.5513515652003731,-0.5866844363034849,-0.34847529297752916,0.43474511454496917,1.0760604547906827,-0.23470722344960504,-1.319681516534518,0.9098765436448064,0.5741832607968935,0.47627679777862403,0.03454318179674123,-0.04027804978475301,0.33034942286388247,-0.459941690705896,0.9883885130888385
-0.13787133277742306,0.12766866114637668,0.48280257912643565,0.5080284757559269,0.8714857215915122,-0.4293916036902237,0.3545017204964861,-0.4997422671542466,-0.7865290183548517,0.43369600076312614,0.09864934582428138,-0.03429689312052025,0.0513493388980038,-0.3297021834356024,-0.05226650594463871,-0.1313294465439879,0.3813460985018979,-0.6288922111159198,-0.023391068292809774,0.36136994789355814,0.20479912992903543,0.33513826726345003,-0.2536314702102169,-0.471678735336341,0.1620878329302213,-0.24595037957978386,0.3051699668811014,-0.1261065528271738,-0.1727555278754432,0.6736366218202048,-0.48521405698497266,-0.2827273100934186,0.44772969878885366,1.0945828837083593,-0.2449519805172731,-0.6489637203504515,0.5741832607968935,0.8415712555369079,0.44470258427950693,-0.0864247009630477,-0.5851409384165858,0.4140340296962226,-0.6948986991608095,0.3599688368932138
0.032675783290871764,-0.4830983646510151,0.4342707457115566,0.7661128207813136,0.298697471385145,-0.5765915747089695,0.7305416899491477,-0.37175400319432284,-0.6937232321455523,0.3919790114366635,-0.17228327550145145,-0.03252964426720541,-0.16296405102115008,-0.5611695595367767,-0.14528574669984298,0.32811732261105275,0.11235178308910422,-0.4960084568579985,0.4899021714129705,0.041392987842139725,0.30699185716285315,-0.1838950502280181,-0.4122168383279893,-0.8663543561497308,-8.590435853213965e-4,-0.4772410528120547,0.0027768330693919794,-0.20386473395010746,-0.09496087522196972,0.3159243301734618,-0.38633003829683266,-0.2886744464625379,0.268545000284036,0.6810238301819423,0.03982936550778308,-0.9906906832359371,0.47627679777862403,0.44470258427950693,0.5971360953927567,0.00554723603376613,0.14295426721112553,0.15116666117718403,-0.33151728242121187,0.6234879867342134
0.042675120094714566,-0.340990977657399,-0.06504815072576507,0.1274461839991367,-0.07850729807132621,-0.03365744547549975,0.15480517869821078,0.024076957032067078,0.01752430024814091,0.08100992593102399,-0.12188797268818283,-0.08700989623245274,-0.20436581930333148,-0.08567930850330938,-0.006214264858219503,0.21296755479353802,-0.06308617539097604,0.031169911530574655,0.18637787322717067,-0.13289869706786564,0.0038530210774115605,-0.2479317946667669,-0.06767843407493293,-0.11601183879500253,-0.1752990887392714,-0.09531218662661614,-0.09752303004348528,-0.18131170334812566,0.08368117689117965,-0.07285403179924284,-0.0045503320197193935,0.03673385156761156,-0.003953031277847645,-0.03245763652532989,-0.029799832397510898,-0.08499528749398391,0.03454318179674123,-0.0864247009630477,0.00554723603376613,0.1255817774901767,0.2231730138177128,-0.08791020433117008,0.14095264504970587,0.31733977216619763
0.16112291297770553,-1.2377834257739448,0.021235953470513123,0.8024638911594538,-1.127900793120107,-0.3802978492401762,0.8861597665623658,0.302460547206035,0.04850625883640128,-0.01778230492110508,-0.48805561942137793,0.07751719783123998,-0.4250453043567422,-0.5899630092848299,-0.27531834990541226,1.3522539812442054,-0.44851488870954515,-0.04451507217194118,1.1435738274631897,-0.4622121137259166,0.13023211186685688,-1.1532733814333764,-0.34545218411919537,-0.8749050964831929,-0.34264753440484624,-0.47513910682351734,-0.5614436620483026,-0.1048019568685936,0.056837288178481216,-0.5792765665319918,0.2940628854958431,0.1518090186159667,-0.37649308575004653,-0.6261123096062579,0.4938272532777553,-1.1196172058066751,-0.04027804978475301,-0.5851409384165858,0.14295426721112553,0.2231730138177128,1.4320117110302153,-0.3177115367432618,0.6069037644662044,0.5932115359511732
-0.4493216714156347,0.44322657260041837,0.478924463045903,0.41117356797196625,-0.24363614867603886,-0.9756710089079427,0.0994998063400614,-0.4691908098160398,-0.4793995694149893,0.2312820897547174,-0.023717623744244184,0.03853911853269624,0.34661552441282206,-0.36756265253326753,-0.13015356193418268,0.7657133748379734,0.27681378090430914,-0.6462838228564068,0.09578965472022155,0.23951243968615954,-0.34349718414176433,-0.4005533845344273,-0.533377423709979,-1.1161230304295608,0.2269547094344531,-0.23233947502150507,0.468861233158712,0.27141123110930515,-0.3267545959208739,0.46067705465550624,0.17301359681179765,-0.46071402523852795,0.191851505611,0.046067308941568234,0.09409267640555759,-1.4208500473895709,0.33034942286388247,0.4140340296962226,0.15116666117718403,-0.08791020433117008,-0.3177115367432618,1.2480568300034478,-0.1474648902458073,-0.4768874217954814
-0.00968049173898319,-0.2253179461735132,-0.45546538817840165,-0.31253542405442053,-0.8694658245107014,0.10820401284746764,-0.23791606603019638,0.2961753497104492,0.6896710728001567,-0.3200881512358055,-0.20091853987231897,-0.05224808648332836,-0.14837826076123023,0.19403415635875013,-0.01347036469228785,0.4977039625859875,-0.3123637313310443,0.5146355732219458,0.15378656406351385,-0.3493767373145635,-0.33951481961490626,-0.58830938853843,0.07653159316512939,0.026974737540695643,-0.32000519835494334,0.07019621427303145,-0.18944140759184364,0.0016588891294517399,0.0747856071580011,-0.5443131696133376,0.4988565869314533,0.09979831471581556,-0.3355884178387072,-0.9319780836276208,0.1553840641237661,0.2870194509765809,-0.459941690705896,-0.6948986991608095,-0.33151728242121187,0.14095264504970587,0.6069037644662044,-0.1474648902458073,0.7664134182450236,-0.1632482138167113
0.304927894751364,-2.1119996979687357,-0.07384595621801263,1.4356690882534606,0.9117125933624912,-0.5864631110298041,1.6904279878991573,-0.41798692451606434,-0.7682860182328973,0.7758967723082397,-0.40209598724859774,-0.700836556568799,-0.8016074626157708,-0.8605782560044959,-0.3735720368575385,0.6243868320741002,0.1843884185257411,-0.6769326879119165,0.7052054701218556,-0.42628097947144933,0.5198713448067924,-0.6218062786950933,-0.19056255932337082,-1.139068753631424,-0.9463019433422684,-0.8947388546283908,-0.48897543904342283,-1.4604850245064795,0.3051721909363524,0.6630328576198321,-0.9020771610137884,-0.4561158388459897,0.620214452051841,1.9881548669983862,-0.6766087256293943,-1.048597287809799,0.9883885130888385,0.3599688368932138,0.6234879867342134,0.31733977216619763,0.5932115359511732,-0.4768874217954814,-0.1632482138167113,2.7602337831716515
