V1,V2,V3,V4,V5,V6,V7,V8,V9,V10,V11,V12,V13,V14,V15,V16,V17,V18,V19,V20,V21,V22,V23,V24,V25,V26,V27,V28,V29,V30,V31,V32,V33,V34,V35,V36,V37,V38,V39,V40,V41,V42,V43,V44
0.3047048610350671,-0.2936089543196863,0.048199614451947655,0.03582730066935033,0.11828935213384556,0.20813212032654968,0.17295600354062315,0.200556017901184,-0.05386696282022098,0.037876167438594864,-0.011474825606369081,-0.0850402999873862,-0.05373980927205976,0.0316571760503792,0.165109052605596,-0.3789546942188928,-0.08547796400092565,0.0630005571422483,0.033343696291735635,-0.2416206647026182,0.21970371260081223,0.09334319234904638,-0.05284667744494231,0.25118226281395406,0.13456060373894269,0.050615195056097545,-0.17099554531752637,-0.09855869022253674,0.31753181854194923,-0.09559710624751389,-0.19334079098278875,-0.014708665764678684,4.8067570955921316e-4,-0.09168333834934625,0.0133489328133332,0.11279082537379231,0.11834687292023147,-0.1124588671599124,0.014937677735190825,-0.0012058064445467354,0.05939052768927558,-0.23865787927386717,-0.04392652040562146,0.12878044688379675
-0.2936089543196863,1.6247122833555296,-0.4428144963338124,-1.3259008928863762,0.5502211010300514,0.6660772693825018,-1.415351085866782,-0.07855323613584592,0.6372415711296409,-0.4102168136430485,0.4900286699375399,0.11337155559331777,0.4450438694314818,0.9403915077114021,0.24838509439755185,-1.2597453957177973,0.2743033394795498,0.6034256977907326,-1.2986153742770778,0.47326675100129495,-0.4293224108836032,1.1158485497015351,0.6265210425054504,1.2483921112869398,0.16912363677741216,0.6382934481704663,0.5390594982115174,0.33368297588823953,-0.29290087801695414,0.16953879288056406,0.2051118358868903,0.06071574632739119,0.08631446690973697,-0.032351778711317315,-0.29086205043202784,1.8678496545042311,-0.6047430387651856,0.16760083946708468,-0.3687583644718317,-0.19838966362350696,-1.1419403539395865,0.04554110509404736,-0.16858252942570146,-1.1026417489634392
0.048199614451947655,-0.4428144963338124,0.5783866883272881,0.669562475734054,-0.41105502861595866,-0.5122391996243096,0.6146069163886803,-0.05220466698956877,-0.5148413154075371,0.2303040129060546,-0.25239512660511054,0.11746446918917137,-0.10435999923027962,-0.5320358733154035,-0.04125026887802926,0.7152566212485096,-0.1516997832881161,-0.4115215809912671,0.7632491700960358,-0.10034594653048515,0.19687032306991867,-0.5482502325693579,-0.5653142310584305,-0.8109735799299843,0.25104140841780664,-0.2885851088488178,-0.07392114767592058,0.19890598720123492,0.04345036178983268,-0.15157109712653746,-0.007657691033857688,-0.03008488023986187,-0.088384254425126,-0.3371655142599087,0.3885114845038794,-1.280590122130275,0.3269308835264604,0.06134172173774353,0.2861625394377591,0.04140557920217896,0.4674858782125768,0.29968980290217634,-0.024390376511309843,0.009184584702135432
0.03582730066935033,-1.3259008928863762,0.669562475734054,1.7835042172188182,-0.7531958046474326,-1.1522121975484785,1.7260166312992271,-0.04535098199708712,-0.8525545927493556,0.4066462743132214,-0.39205507892949804,0.16731387119503238,-0.16784030188342522,-1.2581576246753288,-0.5454977248156857,1.6542979203536665,-0.14749520320434972,-1.100984491782723,1.3449913307987158,-0.14484205169088174,0.3228767613139348,-1.0531144865558724,-0.770535413346883,-1.7425285125346806,-0.07928787115576388,-0.9049659371972306,-0.3383636825871969,-0.16449755483956777,-0.1976538406487165,0.24266494685621015,-0.020080980740935304,-0.23718562008419544,0.012814860422256187,0.4523277649554038,0.45155456222149404,-2.6052227359898956,0.6650162268996882,0.11719653542787965,0.5928103990304444,0.11253177090662088,1.1469840561769529,0.2721953608481557,-0.03255206228096051,0.9746797207663741
0.11828935213384556,0.5502211010300514,-0.41105502861595866,-0.7531958046474326,3.319513479843249,0.6988451107414482,-0.4968563088563324,-0.8638446971792665,-0.42331454371228117,0.5258334194493643,0.5966528910060932,-0.9102942778607486,-0.025409792260181467,0.8575303719813525,0.44979939337380437,-2.651991647626233,1.037530745365961,0.026947510116787272,-1.9236267323275487,0.3150928453243776,0.2394747401726436,2.008295452150729,0.7950773058177152,1.246423833719742,-0.2761922095329987,0.3365396171599127,0.5647044567743476,-1.2148405272414065,0.2930018071205262,1.4682723502518662,-1.461071637553484,-0.6742870026482648,1.3009141325702491,2.8873099606340356,-1.6731462437563593,2.2660095599036247,0.7248143859191449,1.2836487520779103,0.20185442508905707,-0.1469600555881411,-2.255936424458224,-0.27555589116605717,-1.2217939593355729,1.2936511406866165
0.20813212032654968,0.6660772693825018,-0.5122391996243096,-1.1522121975484785,0.6988451107414482,1.16834024964082,-0.998012094616924,0.29130596345903953,0.6117835407529061,-0.3093251498955457,0.38139496873597384,-0.10184862490536516,0.08020434009479287,0.9144791472653389,0.38611417559340583,-1.463073536521704,0.0555185186684712,0.7387510024661108,-0.9828018678441093,0.037305994170456346,0.0186352430309384,0.9932418563462281,0.7245339568414834,1.664546171154882,0.08839834976268778,0.7100784481021755,0.028875313443333085,0.004681740686924124,0.2977069518229644,-0.17158138881494042,-0.1246472163424162,0.3464324969444984,-0.04770102215525101,-0.09375501631741377,-0.3738567549148533,2.073412640279299,-0.3890671075431256,-0.14997456483758367,-0.5036167162839844,-0.07412613469281154,-0.7382154520584072,-0.6280584412808814,-0.098966740923263255,-0.39938541691162693
0.17295600354062315,-1.415351085866782,0.6146069163886803,1.7260166312992271,-0.4968563088563324,-0.998012094616924,1.8883448399699267,0.07084459654153942,-0.8359612992813457,0.3853226918012143,-0.3172364703315677,0.03893926858686919,-0.10787895335749281,-1.1513174349703867,-0.464387769690512,1.1884171084555482,-0.1316891114700191,-1.117968068462914,1.1591091998828966,-0.26874991241668206,0.4125206089107156,-0.7527478530749919,-0.6851250732125697,-1.4766808558291356,-0.03808846189291773,-0.8679250833940885,-0.38468367827717587,-0.33103330576107226,-0.0688145058984722,0.3689974369738782,-0.17790736819405997,-0.30181778196712666,0.14059329702863943,0.6609323258157208,0.3282810258849047,-2.329860025925155,0.7854002483078494,0.08545025446679427,0.5819065433868318,0.11358943666947582,1.056301476276314,0.07329782059296577,-0.09384974064458733,1.1599033202543476
0.200556017901184,-0.07855323613584592,-0.05220466698956877,-0.04535098199708712,-0.8638446971792665,0.29130596345903953,0.07084459654153942,0.6910702713793083,0.38355533135569,-0.338524417048101,0.026324695155726607,0.2837811720753613,0.17216207849245552,0.01626199997640265,0.00520781466051155,0.06306738708705949,-0.3779520967934523,0.13396869342099843,0.23037473733329028,-0.1944193954836377,0.018676372124637047,-0.12051979130660602,0.010723900457275093,0.43044081466879863,0.23184587064259768,0.13159005928780956,-0.2975812020726263,0.3395696009162419,0.11413231932717627,-0.4288482851251729,0.408434442133,0.3300211940480153,-0.4172480529576364,-0.8958875556964497,0.43259765790808224,-0.012986078416416899,-0.31054157049343684,-0.5676411164121224,-0.2790560570544227,0.0032723886624415437,0.55164780349948,-0.3202800115224848,0.3149437169639746,-0.48192513637489237
-0.05386696282022098,0.6372415711296409,-0.5148413154075371,-0.8525545927493556,-0.42331454371228117,0.6117835407529061,-0.8359612992813457,0.38355533135569,0.8664667441916382,-0.49279358501736187,0.19780793274238578,0.15732278486972254,0.17056592573077736,0.6241765083932347,0.10760772624394829,-0.41029434601909603,-0.14303053648798533,0.6721681922192201,-0.5260052546384044,0.0020819825328470074,-0.3281045645611712,0.2822375821038767,0.45148126056129917,0.920235811128626,-0.05288811031018364,0.4304177646151033,0.024964470557688398,0.27265842173211907,-0.08486324546345665,-0.36509932136479106,0.47922447685263936,0.26706311325768295,-0.309033530675679,-0.7444822838903753,0.08321220362241737,1.2370078782476803,-0.6961713925494825,-0.47101410885011374,-0.47391133304460253,-0.032214795985243405,-0.05181931220732364,-0.3009313338949545,0.3739148630015904,-0.7513702647445702
0.037876167438594864,-0.4102168136430485,0.2303040129060546,0.4066462743132214,0.5258334194493643,-0.3093251498955457,0.3853226918012143,-0.338524417048101,-0.49279358501736187,0.41407501586379947,-0.09426292372507149,-0.23739082555361435,-0.19449360231894172,-0.2802695540139034,0.003483799958116391,0.08097699135913848,0.17851314657193332,-0.319697505061913,0.1575283401364466,-0.027794273187840213,0.17588522114388286,-0.1240933446697237,-0.22219043197181781,-0.4717118196997233,-0.09780351028766432,-0.23007665218210122,0.042761962830861554,-0.33672525822295324,0.1182675485343912,0.3213021993770464,-0.4047017902039307,-0.2250842311667212,0.3017238820525379,0.6229744252258005,-0.23338333800081815,-0.491868496044937,0.4636977584670933,0.3643590295856079,0.26953034239081464,0.05283111519493995,-0.1542937630526277,0.188750482754,-0.2644475782244757,0.6300079789332894
-0.011474825606369081,0.4900286699375399,-0.25239512660511054,-0.39205507892949804,0.5966528910060932,0.38139496873597384,-0.3172364703315677,0.026324695155726607,0.19780793274238578,-0.09426292372507149,0.37253300504128944,-0.06664261885608024,0.26731194922948937,0.38341067203509266,0.03863417682685341,-0.8648273514094009,0.2505789023587509,0.03931242118598922,-0.773557371949149,0.17782962978630323,-0.04103376004392955,0.7742789567483506,0.4302702151631135,0.7167990818083496,0.004266463187907694,0.2380740141702661,0.1608758526150533,-0.12198600858183907,-0.06790910609785382,0.42374665159974734,-0.1406555340201384,-0.053602841030280866,0.21010134205705686,0.6086807376309273,-0.3506626376843342,0.8787800519707901,-0.0363040157522883,0.16805524951575815,-0.1761014116147625,-0.10442319952677027,-0.6396694664242512,-0.1518804759800809,-0.27978107891131104,-0.023016002949456122
-0.0850402999873862,0.11337155559331777,0.11746446918917137,0.16731387119503238,-0.9102942778607486,-0.10184862490536516,0.03893926858686919,0.2837811720753613,0.15732278486972254,-0.23739082555361435,-0.06664261885608024,0.46577037035022034,0.09885715390770336,-0.2145409949296415,-0.19346853148911144,0.6239711124233716,-0.2870673069460463,-0.01763093866179085,0.443145050008377,0.122716861950236,-0.06465863733603094,-0.30466421547493855,-0.12103698306942569,-0.15317603615637104,0.1418207408251735,-0.06519086045214732,-0.10659435841129476,0.47592304605666635,-0.28027440597935704,-0.33997834684982214,0.47733586856878363,0.2944492602198419,-0.3847389513484602,-0.6805972602129033,0.5204181835850699,-0.46005975855031545,-0.35263603194606513,-0.26471793805716953,-0.01667390393570009,-0.013094555518882233,0.5632814587636011,-0.03939118574156159,0.22331938376877664,-0.5330330643435794
-0.05373980927205976,0.4450438694314818,-0.10435999923027962,-0.16784030188342522,-0.025409792260181467,0.08020434009479287,-0.10787895335749281,0.17216207849245552,0.17056592573077736,-0.19449360231894172,0.26731194922948937,0.09885715390770336,0.4167776391430859,0.14309901668960764,-0.06036822461096578,-0.3984046459238326,0.09585234869461723,-0.11703655344424015,-0.4395573258069019,0.12328755497856858,-0.10993563110178864,0.43364876138899017,0.2001848825378267,0.3401470624287844,0.15799277854160226,0.11518596582977306,0.09066968277637409,0.12835969238712902,-0.14562320991195113,0.28659725431496147,0.11550661789912271,-0.06535042371008257,0.04473873333566767,0.15626987784250332,-0.023607807564225706,0.22021982426853304,-0.0883296854871642,-0.02845065354172976,-0.15045112177461364,-0.12351022728472132,-0.26591217231166014,0.0528154734243595,-0.10273182209910603,-0.3208776512928476
0.0316571760503792,0.9403915077114021,-0.5320358733154035,-1.2581576246753288,0.8575303719813525,0.9144791472653389,-1.1513174349703867,0.01626199997640265,0.6241765083932347,-0.2802695540139034,0.38341067203509266,-0.2145409949296415,0.14309901668960764,1.035965233319835,0.43533726196314615,-1.4974339712307305,0.23010086459963572,0.7573703141956102,-1.2267546835538963,0.060364540252035366,-0.20589674310041758,1.0281947884672265,0.6459748908540621,1.4040122952500311,0.01962486327712697,0.6670852121976263,0.28815650515765684,-0.055745979792040504,0.1547762554505515,0.022449049118057066,-0.114664146881914,0.020161630576849297,0.1365251036712328,0.038089944643797585,-0.4782196958503034,2.085370370906771,-0.3807553941554095,0.015839882450811398,-0.41636030577070543,-0.1023106991620316,-0.9968314769624494,-0.27864059076826564,-0.10332539576664938,-0.522164902411445
0.165109052605596,0.24838509439755185,-0.04125026887802926,-0.5454977248156857,0.44979939337380437,0.38611417559340583,-0.464387769690512,0.00520781466051155,0.10760772624394829,0.003483799958116391,0.03863417682685341,-0.19346853148911144,-0.06036822461096578,0.43533726196314615,0.4270025238870896,-0.7688589882330045,0.03885584153163865,0.4128717895644933,-0.3672917104814456,-0.169501259642712,0.015819562630830453,0.32127703039778005,0.03498426159488551,0.5560954545288566,0.17302631096118212,0.3120874521355436,0.10141131066762649,-0.003756879153897432,0.340373545090129,-0.16675915011908435,-0.18858826836991485,-0.04297922289147115,0.06834926543408523,-0.3042784351247969,-0.1358557873010592,0.7948139268742158,-0.03560894274412803,0.0054290922784154365,-0.10143948642333261,-0.015077478740633478,-0.41659442583479667,-0.05107474207182124,-0.04688819494972445,-0.2862239679436191
-0.3789546942188928,-1.2597453957177973,0.7152566212485096,1.6542979203536665,-2.651991647626233,-1.463073536521704,1.1884171084555482,0.06306738708705949,-0.41029434601909603,0.08097699135913848,-0.8648273514094009,0.6239711124233716,-0.3984046459238326,-1.4974339712307305,-0.7688589882330045,3.693259967918814,-0.6825110639992863,-0.69597668674497,2.413587216976918,-0.10530366818400826,-0.0984035594800959,-2.558830835260761,-1.0324095414381402,-2.5306253221030355,-0.1528481975590474,-0.856555548333948,-0.4898270980887902,0.7190561895674695,-0.45710426533877874,-0.9764776950452448,1.0091730495525602,0.4219048587032071,-0.8965182622083968,-1.6007223372938988,1.268414327313938,-3.479474802533533,-0.03582084970390678,-0.6120149247755612,0.22716532501225006,0.264358510292846,2.255587949165305,0.7035713916064897,0.9068610517269783,-0.07823234789332882
-0.08547796400092565,0.2743033394795498,-0.1516997832881161,-0.14749520320434972,1.037530745365961,0.0555185186684712,-0.1316891114700191,-0.3779520967934523,-0.14303053648798533,0.17851314657193332,0.2505789023587509,-0.2870673069460463,0.09585234869461723,0.23010086459963572,0.03885584153163865,-0.6825110639992863,0.464353515772596,-0.1257706613452059,-0.7178381002187963,0.17756953360910588,-0.012581898396324722,0.6273315160383329,0.2870827535178126,0.20956259048672082,-0.14983501362015875,0.0416751696040945,0.25681633479476534,-0.3821591148640854,-0.06545917882549197,0.6568435129873265,-0.4170813672279096,-0.31917279926172126,0.4714188355601742,1.1299846623698815,-0.5656667998726229,0.5516490767565154,0.2553563647686237,0.48309319652666144,0.05883515388979955,-0.06879955908989518,-0.7828200532922731,0.09084276352075005,-0.42813359605279683,0.42939310321155705
0.0630005571422483,0.6034256977907326,-0.4115215809912671,-1.100984491782723,0.026947510116787272,0.7387510024661108,-1.117968068462914,0.13396869342099843,0.6721681922192201,-0.319697505061913,0.03931242118598922,-0.01763093866179085,-0.11703655344424015,0.7573703141956102,0.4128717895644933,-0.69597668674497,-0.1257706613452059,0.9977336867331505,-0.46267339671112423,-0.09496666105458548,-0.18697251002650528,0.25967026378595665,0.3171129408635163,0.9596662527538701,0.007541399706201467,0.525669139373898,0.06555596923008557,0.22876955359059137,0.2010490926557784,-0.6193080542109755,0.16965862918089036,0.25306940530760824,-0.249898588640741,-0.9132667980416452,-0.0019007013909761552,1.5583454512048749,-0.6186405095766253,-0.31453204304520105,-0.3202903695846862,-0.013445077163047459,-0.2690325135843696,-0.29580215903816726,0.2935055826663344,-0.752916323337731
0.033343696291735635,-1.2986153742770778,0.7632491700960358,1.3449913307987158,-1.9236267323275487,-0.9828018678441093,1.1591091998828966,0.23037473733329028,-0.5260052546384044,0.1575283401364466,-0.773557371949149,0.443145050008377,-0.4395573258069019,-1.2267546835538963,-0.3672917104814456,2.413587216976918,-0.7178381002187963,-0.46267339671112423,2.152711050475972,-0.31642770202016945,0.23536973869135858,-1.9063835631829016,-1.041717303823947,-1.7964113738779584,0.1095765610776865,-0.6831096854536053,-0.5422018524318084,0.5165147766029413,-0.013997150255931052,-0.9559928366020586,0.5044190984143077,0.3558888486968981,-0.696958169048078,-1.4864966295816018,1.107805742933023,-2.684752071779171,0.12436004317755174,-0.49902854004550473,0.37696676009437546,0.21615688468143726,1.8683372601413322,0.2741134920101933,0.6194258544599479,0.01567288773515057
-0.2416206647026182,0.47326675100129495,-0.10034594653048515,-0.14484205169088174,0.3150928453243776,0.037305994170456346,-0.26874991241668206,-0.1944193954836377,0.0020819825328470074,-0.027794273187840213,0.17782962978630323,0.122716861950236,0.12328755497856858,0.060364540252035366,-0.169501259642712,-0.10530366818400826,0.17756953360910588,-0.09496666105458548,-0.31642770202016945,0.42398608113010505,-0.10203428770781006,0.35962974482300375,0.2599495705850657,0.15548666660014926,-0.08211962095181329,0.036639397218683686,0.20077971517103133,0.02804971724721862,-0.33188376880063913,0.31560822620435713,0.01516173889896605,0.072661701912374907,0.12103705896240105,0.5557415806399416,-0.19957868472097037,0.3027104587384212,-0.09909889539780747,0.29461125140775396,0.004370589203119155,-0.06167043709497962,-0.3804097267277203,0.029941845765435886,-0.22125628297389371,-0.032239742519270496
0.21970371260081223,-0.4293224108836032,0.19687032306991867,0.3228767613139348,0.2394747401726436,0.0186352430309384,0.4125206089107156,0.018676372124637047,-0.3281045645611712,0.17588522114388286,-0.04103376004392955,-0.06465863733603094,-0.10993563110178864,-0.20589674310041758,0.015819562630830453,-0.0984035594800959,-0.012581898396324722,-0.18697251002650528,0.23536973869135858,-0.10203428770781006,0.3422174434489678,0.022709134502706733,-0.09463732685329429,-0.07355508781980748,0.08977678189063644,-0.10110686130960185,-0.1741953454869724,-0.12513912996735577,0.19862014013706308,0.029069500624144838,-0.3086699599000395,0.02382158957176378,0.056424032034894094,0.2608135118458732,-0.004362704250437174,-0.2739155542257957,0.2988864717516606,0.08991481346239165,0.16581017998215403,0.008994772486702643,0.09985191766819262,-0.18336948105133094,-0.19636958325369253,0.4011721514035836
0.09334319234904638,1.1158485497015351,-0.5482502325693579,-1.0531144865558724,2.008295452150729,0.9932418563462281,-0.7527478530749919,-0.12051979130660602,0.2822375821038767,-0.1240933446697237,0.7742789567483506,-0.30466421547493855,0.43364876138899017,1.0281947884672265,0.32127703039778005,-2.558830835260761,0.6273315160383329,0.25967026378595665,-1.9063835631829016,0.35962974482300375,0.022709134502706733,2.115860187915381,0.9428464618893918,1.806477019396607,0.04086703459908423,0.5495128312976393,0.44685893927575493,-0.4921660050016135,-0.01855470164259172,1.01645766736697,-0.6627899576249433,-0.265958059234497,0.7250894763232053,1.7050133050043608,-0.9933613285696886,2.475774350423558,0.015057367952134287,0.6168184841068239,-0.14924099434382904,-0.2289339458450453,-1.715012445475221,-0.5319903563911088,-0.8075628982690067,0.15729957236742753
-0.05284667744494231,0.6265210425054504,-0.5653142310584305,-0.770535413346883,0.7950773058177152,0.7245339568414834,-0.6851250732125697,0.010723900457275093,0.45148126056129917,-0.22219043197181781,0.4302702151631135,-0.12103698306942569,0.2001848825378267,0.6459748908540621,0.03498426159488551,-1.0324095414381402,0.2870827535178126,0.3171129408635163,-1.041717303823947,0.2599495705850657,-0.09463732685329429,0.9428464618893918,0.8056520070327617,1.122390493303536,-0.17586116168610502,0.42599557699195134,0.12234608682841681,-0.18143786987207486,-0.068456844743255,0.3288755762444191,-0.1310208194161457,0.13511625207129194,0.16338156671592524,0.7158855796799685,-0.5453011879324139,1.5767812614508254,-0.24240210542252652,0.08708278841074568,-0.3748046123455308,-0.09259584723514881,-0.7710051421719324,-0.4020233672805225,-0.21715237868273704,0.037767742319768316
0.25118226281395406,1.2483921112869398,-0.8109735799299843,-1.7425285125346806,1.246423833719742,1.664546171154882,-1.4766808558291356,0.43044081466879863,0.920235811128626,-0.4717118196997233,0.7167990818083496,-0.15317603615637104,0.3401470624287844,1.4040122952500311,0.5560954545288566,-2.5306253221030355,0.20956259048672082,0.9596662527538701,-1.7964113738779584,0.15548666660014926,-0.07355508781980748,1.806477019396607,1.122390493303536,2.600757281216862,0.1645616320751106,1.0320889710557577,0.1861929060486091,-0.07847104181194973,0.32951299576683835,0.11802806729710756,-0.20741862884846687,0.32501139515232597,0.12833234183908568,0.2375619807504522,-0.683142034456079,3.1990549490711278,-0.5515245872305213,-0.07843759068025496,-0.7112811161474373,-0.16743668191772582,-1.3813360542504187,-0.8431693390727032,-0.2959382930254306,-0.6108235918716958
0.13456060373894269,0.16912363677741216,0.25104140841780664,-0.07928787115576388,-0.2761922095329987,0.08839834976268778,-0.03808846189291773,0.23184587064259768,-0.05288811031018364,-0.09780351028766432,0.004266463187907694,0.1418207408251735,0.15799277854160226,0.01962486327712697,0.17302631096118212,-0.1528481975590474,-0.14983501362015875,0.007541399706201467,0.1095765610776865,-0.08211962095181329,0.08977678189063644,0.04086703459908423,-0.17586116168610502,0.1645616320751106,0.4405276119847959,0.15143437830240453,-0.029432758010948426,0.357153107109291,0.16217314640484765,-0.25115815264269353,0.091649488941747,0.0976290277281064,-0.16727641838438098,-0.6239926878955826,0.291384055141024,-0.153699884882131,-0.011860114853607702,-0.14661505046982515,-0.056559896697928894,-0.0577955606689337,0.054192133074998206,0.07162046215611813,0.0040962958665903175,-0.5578149296431721
0.050615195056097545,0.6382934481704663,-0.2885851088488178,-0.9049659371972306,0.3365396171599127,0.7100784481021755,-0.8679250833940885,0.13159005928780956,0.4304177646151033,-0.23007665218210122,0.2380740141702661,-0.06519086045214732,0.11518596582977306,0.6670852121976263,0.3120874521355436,-0.856555548333948,0.0416751696040945,0.525669139373898,-0.6831096854536053,0.036639397218683686,-0.10110686130960185,0.5495128312976393,0.42599557699195134,1.0320889710557577,0.15143437830240453,0.5737311696180759,0.11047895761927334,0.155602132998674,0.20763346819590292,-0.20885789163633853,0.027978843190155905,0.22458588916725397,-0.09220150709476185,-0.3644817788628274,-0.19506380841713203,1.298526083929812,-0.29934860535955765,-0.13550152611602032,-0.4322265564213738,-0.06773843997244312,-0.5761299132916371,-0.16537061396424088,0.0034528379719434487,-0.5774802534706596
-0.17099554531752637,0.5390594982115174,-0.07392114767592058,-0.3383636825871969,0.5647044567743476,0.028875313443333085,-0.38468367827717587,-0.2975812020726263,0.024964470557688398,0.042761962830861554,0.1608758526150533,-0.10659435841129476,0.09066968277637409,0.28815650515765684,0.10141131066762649,-0.4898270980887902,0.25681633479476534,0.06555596923008557,-0.5422018524318084,0.20077971517103133,-0.1741953454869724,0.44685893927575493,0.12234608682841681,0.1861929060486091,-0.029432758010948426,0.11047895761927334,0.35421622859305324,-0.0866053621816852,-0.14447948415692694,0.3347765615703652,-0.10875880907087845,-0.21397311809117012,0.2726173612805039,0.41738032434915706,-0.2914969090441622,0.5283519437909441,-0.002686930367823442,0.3315892411191086,0.029629354861246227,-0.05497734279471988,-0.6250887204697338,0.1995120904572362,-0.20350354168224846,-0.12365714769994272
-0.09855869022253674,0.33368297588823953,0.19890598720123492,-0.16449755483956777,-1.2148405272414065,0.004681740686924124,-0.33103330576107226,0.3395696009162419,0.27265842173211907,-0.33672525822295324,-0.12198600858183907,0.47592304605666635,0.12835969238712902,-0.055745979792040504,-0.003756879153897432,0.7190561895674695,-0.3821591148640854,0.22876955359059137,0.5165147766029413,0.02804971724721862,-0.12513912996735577,-0.4921660050016135,-0.18143786987207486,-0.07847104181194973,0.357153107109291,0.155602132998674,-0.0866053621816852,0.8495403234692394,-0.1274087242887655,-0.7451284479664902,0.6279680276425409,0.45338101593949415,-0.622720927156544,-1.4815338308731951,0.7199811208150448,-0.3903916161464162,-0.48261484678041394,-0.47482681762821144,-0.22290925783259072,-0.019366297896609236,0.5844902176028484,0.1475598122941434,0.4090672958037541,-1.1019122660395038
0.31753181854194923,-0.29290087801695414,0.04345036178983268,-0.1976538406487165,0.2930018071205262,0.2977069518229644,-0.0688145058984722,0.11413231932717627,-0.08486324546345665,0.1182675485343912,-0.06790910609785382,-0.28027440597935704,-0.14562320991195113,0.1547762554505515,0.340373545090129,-0.45710426533877874,-0.06545917882549197,0.2010490926557784,-0.013997150255931052,-0.33188376880063913,0.19862014013706308,-0.01855470164259172,-0.068456844743255,0.32951299576683835,0.16217314640484765,0.20763346819590292,-0.14447948415692694,-0.1274087242887655,0.575785360165529,-0.24237723819308807,-0.2843091667971447,0.01407806526991647,-0.0058034802328902355,-0.3103586804562562,-0.11085458811280906,0.2606061739783673,0.20134508150606908,-0.12737330229430022,-0.1228184204264487,0.02939090258261908,-0.13514615899111931,-0.09066744321497103,9.072262063431033e-5,0.08136202839818844
-0.09559710624751389,0.16953879288056406,-0.15157109712653746,0.24266494685621015,1.4682723502518662,-0.17158138881494042,0.3689974369738782,-0.4288482851251729,-0.36509932136479106,0.3213021993770464,0.42374665159974734,-0.33997834684982214,0.28659725431496147,0.022449049118057066,-0.16675915011908435,-0.9764776950452448,0.6568435129873265,-0.6193080542109755,-0.9559928366020586,0.31560822620435713,0.029069500624144838,1.01645766736697,0.3288755762444191,0.11802806729710756,-0.25115815264269353,-0.20885789163633853,0.3347765615703652,-0.7451284479664902,-0.24237723819308807,1.3822404160147397,-0.6410542323385643,-0.605133662254801,0.8594263299698159,2.1798247433495166,-0.8518610314431446,0.32697209372810215,0.5478615505715992,0.7927446521249841,0.2561927777124265,-0.10630895922757416,-1.0092040695580773,0.07298479647363004,-0.7430000703680153,0.9977957592153772
-0.19334079098278875,0.2051118358868903,-0.007657691033857688,-0.020080980740935304,-1.461071637553484,-0.1246472163424162,-0.17790736819405997,0.408434442133,0.47922447685263936,-0.4047017902039307,-0.1406555340201384,0.47733586856878363,0.11550661789912271,-0.114664146881914,-0.18858826836991485,1.0091730495525602,-0.4170813672279096,0.16965862918089036,0.5044190984143077,0.01516173889896605,-0.3086699599000395,-0.6627899576249433,-0.1310208194161457,-0.20741862884846687,0.091649488941747,0.027978843190155905,-0.10875880907087845,0.6279680276425409,-0.2843091667971447,-0.6410542323385643,0.8544603892093826,0.36426291852617193,-0.5981463654890636,-1.334219301183954,0.677474370351169,-0.4867455143375123,-0.5745670574020795,-0.5912618887626286,-0.25686715220807127,0.038132026862572256,0.7958088571713707,0.10559312788820603,0.5899575537152117,-0.8791488947448346
-0.014708665764678684,0.06071574632739119,-0.03008488023986187,-0.23718562008419544,-0.6742870026482648,0.3464324969444984,-0.30181778196712666,0.3300211940480153,0.26706311325768295,-0.2250842311667212,-0.053602841030280866,0.2944492602198419,-0.06535042371008257,0.020161630576849297,-0.04297922289147115,0.4219048587032071,-0.31917279926172126,0.25306940530760824,0.3558888486968981,0.072661701912374907,0.02382158957176378,-0.265958059234497,0.13511625207129194,0.32501139515232597,0.0976290277281064,0.22458588916725397,-0.21397311809117012,0.45338101593949415,0.01407806526991647,-0.605133662254801,0.36426291852617193,0.6539396066901544,-0.49261380539429706,-0.8802515607393359,0.33239447820510043,0.13131144503547632,-0.35700677857259705,-0.39563838707786797,-0.3239111417090252,0.06464291545297933,0.4162118346201402,-0.23766620762045065,0.28161578522606834,-0.46482113925416363
4.8067570955921316e-4,0.08631446690973697,-0.088384254425126,0.012814860422256187,1.3009141325702491,-0.04770102215525101,0.14059329702863943,-0.4172480529576364,-0.309033530675679,0.3017238820525379,0.21010134205705686,-0.3847389513484602,0.04473873333566767,0.1365251036712328,0.06834926543408523,-0.8965182622083968,0.4714188355601742,-0.249898588640741,-0.696958169048078,0.12103705896240105,0.056424032034894094,0.7250894763232053,0.16338156671592524,0.12833234183908568,-0.16727641838438098,-0.09220150709476185,0.2726173612805039,-0.622720927156544,-0.0058034802328902355,0.8594263299698159,-0.5981463654890636,-0.49261380539429706,0.6840069286862062,1.4581398153103369,-0.6847571954130868,0.4673077860322518,0.43937136928099413,0.6127550755502496,0.2514663012776222,-0.04819420474723685,-0.8230590519845872,0.03706501869046307,-0.5255860156429679,0.7357666742308235
-0.09168333834934625,-0.032351778711317315,-0.3371655142599087,0.4523277649554038,2.8873099606340356,-0.09375501631741377,0.6609323258157208,-0.8958875556964497,-0.7444822838903753,0.6229744252258005,0.6086807376309273,-0.6805972602129033,0.15626987784250332,0.038089944643797585,-0.3042784351247969,-1.6007223372938988,1.1299846623698815,-0.9132667980416452,-1.4864966295816018,0.5557415806399416,0.2608135118458732,1.7050133050043608,0.7158855796799685,0.2375619807504522,-0.6239926878955826,-0.3644817788628274,0.41738032434915706,-1.4815338308731951,-0.3103586804562562,2.1798247433495166,-1.334219301183954,-0.8802515607393359,1.4581398153103369,4.0514892320273965,-1.6142587967920459,0.804140912562382,1.0028668763824735,1.4500997138434204,0.5287681282251869,-0.13745847454508578,-1.6602816668771903,-0.21066079833528914,-1.3355471446925866,2.1838431104720497
0.0133489328133332,-0.29086205043202784,0.3885114845038794,0.45155456222149404,-1.6731462437563593,-0.3738567549148533,0.3282810258849047,0.43259765790808224,0.08321220362241737,-0.23338333800081815,-0.3506626376843342,0.5204181835850699,-0.023607807564225706,-0.4782196958503034,-0.1358557873010592,1.268414327313938,-0.5656667998726229,-0.0019007013909761552,1.107805742933023,-0.19957868472097037,-0.004362704250437174,-0.9933613285696886,-0.5453011879324139,-0.683142034456079,0.291384055141024,-0.19506380841713203,-0.2914969090441622,0.7199811208150448,-0.11085458811280906,-0.8518610314431446,0.677474370351169,0.33239447820510043,-0.6847571954130868,-1.6142587967920459,1.0056591190669015,-1.2512555110027992,-0.3363835505902434,-0.5988894457598147,0.038207637978305266,0.057461087637882546,1.2024692702578643,0.10831956951532688,0.5413559492092375,-0.7652977067307697
0.11279082537379231,1.8678496545042311,-1.280590122130275,-2.6052227359898956,2.2660095599036247,2.073412640279299,-2.329860025925155,-0.012986078416416899,1.2370078782476803,-0.491868496044937,0.8787800519707901,-0.46005975855031545,0.22021982426853304,2.085370370906771,0.7948139268742158,-3.479474802533533,0.5516490767565154,1.5583454512048749,-2.684752071779171,0.3027104587384212,-0.2739155542257957,2.475774350423558,1.5767812614508254,3.1990549490711278,-0.153699884882131,1.298526083929812,0.5283519437909441,-0.3903916161464162,0.2606061739783673,0.32697209372810215,-0.4867455143375123,0.13131144503547632,0.4673077860322518,0.804140912562382,-1.2512555110027992,4.7724820944501625,-0.7743014975871718,0.2276989164501445,-0.7201245841497306,-0.19727459283388551,-2.218192975586651,-0.9773870863515665,-0.4248879458966812,-0.5483295747947406
0.11834687292023147,-0.6047430387651856,0.3269308835264604,0.6650162268996882,0.7248143859191449,-0.3890671075431256,0.7854002483078494,-0.31054157049343684,-0.6961713925494825,0.4636977584670933,-0.0363040157522883,-0.35263603194606513,-0.0883296854871642,-0.3807553941554095,-0.03560894274412803,-0.03582084970390678,0.2553563647686237,-0.6186405095766253,0.12436004317755174,-0.09909889539780747,0.2988864717516606,0.015057367952134287,-0.24240210542252652,-0.5515245872305213,-0.011860114853607702,-0.29934860535955765,-0.002686930367823442,-0.48261484678041394,0.20134508150606908,0.5478615505715992,-0.5745670574020795,-0.35700677857259705,0.43937136928099413,1.0028668763824735,-0.3363835505902434,-0.7743014975871718,0.7809694615269368,0.43543534225939023,0.30067019187216615,0.027580014269296762,-0.20603602573398902,0.202152258476306,-0.4025846039128624,0.907500778291656
-0.1124588671599124,0.16760083946708468,0.06134172173774353,0.11719653542787965,1.2836487520779103,-0.14997456483758367,0.08545025446679427,-0.5676411164121224,-0.47101410885011374,0.3643590295856079,0.16805524951575815,-0.26471793805716953,-0.02845065354172976,0.015839882450811398,0.0054290922784154365,-0.6120149247755612,0.48309319652666144,-0.31453204304520105,-0.49902854004550473,0.29461125140775396,0.08991481346239165,0.6168184841068239,0.08708278841074568,-0.07843759068025496,-0.14661505046982515,-0.13550152611602032,0.3315892411191086,-0.47482681762821144,-0.12737330229430022,0.7927446521249841,-0.5912618887626286,-0.39563838707786797,0.6127550755502496,1.4500997138434204,-0.5988894457598147,0.2276989164501445,0.43543534225939023,0.786929351171108,0.3442323025422684,-0.06238744293922102,-0.825877842278116,0.1443204616687651,-0.6159424735484794,0.6561356187611336
0.014937677735190825,-0.3687583644718317,0.2861625394377591,0.5928103990304444,0.20185442508905707,-0.5036167162839844,0.5819065433868318,-0.2790560570544227,-0.47391133304460253,0.26953034239081464,-0.1761014116147625,-0.01667390393570009,-0.15045112177461364,-0.41636030577070543,-0.10143948642333261,0.22716532501225006,0.05883515388979955,-0.3202903695846862,0.37696676009437546,0.004370589203119155,0.16581017998215403,-0.14924099434382904,-0.3748046123455308,-0.7112811161474373,-0.056559896697928894,-0.4322265564213738,0.029629354861246227,-0.22290925783259072,-0.1228184204264487,0.2561927777124265,-0.25686715220807127,-0.3239111417090252,0.2514663012776222,0.5287681282251869,0.038207637978305266,-0.7201245841497306,0.30067019187216615,0.3442323025422684,0.5462358250587538,0.011336974238936903,0.16461496295308037,0.0931691144145627,-0.1984852970832705,0.4869578584902756
-0.0012058064445467354,-0.19838966362350696,0.04140557920217896,0.11253177090662088,-0.1469600555881411,-0.07412613469281154,0.11358943666947582,0.0032723886624415437,-0.032214795985243405,0.05283111519493995,-0.10442319952677027,-0.013094555518882233,-0.12351022728472132,-0.1023106991620316,-0.015077478740633478,0.264358510292846,-0.06879955908989518,-0.013445077163047459,0.21615688468143726,-0.06167043709497962,0.008994772486702643,-0.2289339458450453,-0.09259584723514881,-0.16743668191772582,-0.0577955606689337,-0.06773843997244312,-0.05497734279471988,-0.019366297896609236,0.02939090258261908,-0.10630895922757416,0.038132026862572256,0.06464291545297933,-0.04819420474723685,-0.13745847454508578,0.057461087637882546,-0.19727459283388551,0.027580014269296762,-0.06238744293922102,0.011336974238936903,0.0777423171640156,0.1988530333164901,0.001117501801556498,0.10125995594476747,0.10994771381556127
0.05939052768927558,-1.1419403539395865,0.4674858782125768,1.1469840561769529,-2.255936424458224,-0.7382154520584072,1.056301476276314,0.55164780349948,-0.05181931220732364,-0.1542937630526277,-0.6396694664242512,0.5632814587636011,-0.26591217231166014,-0.9968314769624494,-0.41659442583479667,2.255587949165305,-0.7828200532922731,-0.2690325135843696,1.8683372601413322,-0.3804097267277203,0.09985191766819262,-1.715012445475221,-0.7710051421719324,-1.3813360542504187,0.054192133074998206,-0.5761299132916371,-0.6250887204697338,0.5844902176028484,-0.13514615899111931,-1.0092040695580773,0.7958088571713707,0.4162118346201402,-0.8230590519845872,-1.6602816668771903,1.2024692702578643,-2.218192975586651,-0.20603602573398902,-0.825877842278116,0.16461496295308037,0.1988530333164901,2.04859830738317,-0.004809714169042837,0.8156163269875168,-0.18823463433629997
-0.23865787927386717,0.04554110509404736,0.29968980290217634,0.2721953608481557,-0.27555589116605717,-0.6280584412808814,0.07329782059296577,-0.3202800115224848,-0.3009313338949545,0.188750482754,-0.1518804759800809,-0.03939118574156159,0.0528154734243595,-0.27864059076826564,-0.05107474207182124,0.7035713916064897,0.09084276352075005,-0.29580215903816726,0.2741134920101933,0.029941845765435886,-0.18336948105133094,-0.5319903563911088,-0.4020233672805225,-0.8431693390727032,0.07162046215611813,-0.16537061396424088,0.1995120904572362,0.1475598122941434,-0.09066744321497103,0.07298479647363004,0.10559312788820603,-0.23766620762045065,0.03706501869046307,-0.21066079833528914,0.10831956951532688,-0.9773870863515665,0.202152258476306,0.1443204616687651,0.0931691144145627,0.001117501801556498,-0.004809714169042837,0.756041285840732,0.048685431194111894,-0.2121386320324124
-0.04392652040562146,-0.16858252942570146,-0.024390376511309843,-0.03255206228096051,-1.2217939593355729,-0.098966740923263255,-0.09384974064458733,0.3149437169639746,0.3739148630015904,-0.2644475782244757,-0.27978107891131104,0.22331938376877664,-0.10273182209910603,-0.10332539576664938,-0.04688819494972445,0.9068610517269783,-0.42813359605279683,0.2935055826663344,0.6194258544599479,-0.22125628297389371,-0.19636958325369253,-0.8075628982690067,-0.21715237868273704,-0.2959382930254306,0.0040962958665903175,0.0034528379719434487,-0.20350354168224846,0.4090672958037541,9.072262063431033e-5,-0.7430000703680153,0.5899575537152117,0.28161578522606834,-0.5255860156429679,-1.3355471446925866,0.5413559492092375,-0.4248879458966812,-0.4025846039128624,-0.6159424735484794,-0.1984852970832705,0.10125995594476747,0.8156163269875168,0.048685431194111894,0.650928945922905,-0.5467328271501817
0.12878044688379675,-1.1026417489634392,0.009184584702135432,0.9746797207663741,1.2936511406866165,-0.39938541691162693,1.1599033202543476,-0.48192513637489237,-0.7513702647445702,0.6300079789332894,-0.023016002949456122,-0.5330330643435794,-0.3208776512928476,-0.522164902411445,-0.2862239679436191,-0.07823234789332882,0.42939310321155705,-0.752916323337731,0.01567288773515057,-0.032239742519270496,0.4011721514035836,0.15729957236742753,0.037767742319768316,-0.6108235918716958,-0.5578149296431721,-0.5774802534706596,-0.12365714769994272,-1.1019122660395038,0.08136202839818844,0.9977957592153772,-0.8791488947448346,-0.46482113925416363,0.7357666742308235,2.1838431104720497,-0.7652977067307697,-0.5483295747947406,0.907500778291656,0.6561356187611336,0.4869578584902756,0.10994771381556127,-0.18823463433629997,-0.2121386320324124,-0.5467328271501817,2.0102406109894098
