V1,V2,V3,V4,V5,V6,V7,V8,V9,V10,V11,V12,V13,V14,V15,V16,V17,V18,V19,V20,V21,V22,V23,V24,V25,V26,V27,V28,V29,V30,V31,V32,V33,V34,V35,V36,V37,V38,V39,V40,V41,V42,V43,V44
2.0050740896274,5.1623741461515795,10.13192488032991,-2.7691028821627466,2.650906345379217,-5.429546515649155,2.2347303432361145,-8.532663620191139,-1.2784779412955063,5.679215354598973,3.131230323948633,6.557657236138726,6.574829399871113,2.9026795234085934,1.8733657011958518,-1.9734281561361053,-0.6199700957129451,2.1444455829468323,3.689770723147809,-0.7364816719681683,-4.625246749502223,10.244733587661276,3.8881609855544315,-0.37929972708569365,0.16396724960229192,10.13795618983184,0.7818941498107844,10.225518620631616,-8.328964731551869,-1.6020249860500657,-5.446315915973521,-2.950717567239378,1.5331506957395606,1.4048836852071407,-7.057375266335737,4.540029889547752,2.87809827155089,4.163002658335095,0.7625411299542864,-2.035836284827434,3.32751287361928,2.544165354651267,-3.8726722126415365,3.9910998631868204
5.1623741461515795,14.072697512348235,28.037562030407695,-7.430349685544842,7.315667142909926,-14.90415776586174,6.157592031483043,-23.16143109642502,-3.454440353987491,15.281205875334427,8.214694331174835,17.799060508710518,17.813525165125927,7.628626387109266,5.546060650285801,-5.493226982213891,-1.6420274323815336,6.267442490918917,9.917157285564018,-2.1716377772001527,-12.48429451339223,28.177675084293877,10.764968540485524,-1.1815826765980417,0.29592159310923877,27.598538485994414,2.0382010753099045,28.01405704646383,-23.009022939945783,-4.035575263933209,-15.083639207531036,-8.190055398672753,4.414301628802188,3.9032893017142474,-19.696697110056657,12.41821672368065,7.622417245362603,11.162365557145751,2.421225123837476,-5.062788377451529,9.104127865328273,7.058804647725517,-10.528277575839788,10.634384190511804
10.13192488032991,28.037562030407695,62.33714580947827,-14.725282541953455,13.339960055190225,-29.963014747635167,12.347235638230988,-47.39579841748836,-7.24764689541908,31.533739288630702,15.925414623540673,36.001108833898776,37.684371107085305,13.950230270680732,11.670753835408304,-11.442827238330292,-4.113470243723634,17.07433913749767,19.441059214538527,-5.539696118100029,-24.495809453559364,60.698540169918424,23.915076298036304,-3.621079972297511,0.6805781447272642,56.14536848776687,5.656822710066636,57.3503434773998,-49.36425593013176,-4.522651392792394,-33.60681213699032,-18.482127830002344,9.279381548821815,6.560060465411834,-45.07937467737167,27.38424386086553,15.15957830351842,21.941110611033764,7.560125750102616,-9.279249835629145,18.984420698487323,16.457728324176276,-21.847912751177862,19.860457667011456
-2.7691028821627466,-7.430349685544842,-14.725282541953455,4.055755532449137,-3.886475652730499,7.930315214057632,-3.3830102208758577,12.33851241097498,1.7916124145231973,-8.11609204574633,-4.458458590193182,-9.477986322789697,-9.5384077861136891,-4.00246276875769,-2.858730317142638,2.857607974501958,0.9086995174344987,-3.2256541831840777,-5.346532057969813,1.1180064729891606,6.691287275415179,-14.95130288759289,-5.715786172014742,0.6214574305313647,-0.2376529189620824,-14.761860657587,-1.0190932482910073,-14.908876441844601,12.203619583980519,2.316760852965321,7.938549450850304,4.334863430682835,-2.3554943522326472,-2.081657769180501,10.40512678641421,-6.608009086098682,-3.9649054756588282,-6.045644290891663,-1.2545732442158282,2.7411898067791025,-4.886317883362223,-3.7185912901018128,5.602633663614937,-5.775179873883639
2.650906345379217,7.315667142909926,13.339960055190225,-3.886475652730499,4.230294072196024,-7.8185866331542835,3.2897577812905276,-11.82401402574549,-1.676145517360859,7.6826844155946254,4.323562349342551,9.13762456857658,8.927523351689238,4.041545150076795,2.8515987894757058,-2.6434784144486745,-0.7565770413513536,2.4250192867872435,5.330445101068384,-0.9226320720726889,-6.680756519047189,13.959217103903994,5.176778761987759,-0.46136326862501986,0.22775482371140998,14.355334772822655,0.6112242955693712,14.348251729165701,-11.33272686800919,-2.8702077162079123,-7.0689862050933066,-3.9077394646875194,2.344183820911299,2.45089389368127,-9.127490722166407,5.987970574514948,3.813773339424747,5.937612817674211,0.8660469812174078,-2.6464089835729396,4.627126052003651,3.210983661842805,-5.262747496547359,5.866963062524959
-5.429546515649155,-14.90415776586174,-29.963014747635167,7.930315214057632,-7.8185866331542835,15.914662205793096,-6.680302905524637,24.690528856058727,3.6266325244130506,-16.226701105700123,-8.72327348288454,-18.944840449646783,-19.092322241972372,-7.891154745034022,-5.945438316150303,5.802014883310027,1.8169258796720325,-6.832740010049396,-10.616879189498405,2.3802485462848413,13.328670805931838,-30.232329662918236,-11.580369354355854,1.3506042426456957,-0.39565546626822656,-29.539163440695678,-2.095916028465481,-29.902699038999113,24.650297029871474,4.273750233570164,16.11444981619869,8.812924650480138,-4.804561027988825,-4.1819363332089194,21.180020544385048,-13.330815275003442,-7.931537472376306,-11.950558458389137,-2.761805779348759,5.26222276701812,-9.757940934834899,-7.588145479178276,11.19237578304416,-11.335104744942617
2.2347303432361145,6.157592031483043,12.347235638230988,-3.3830102208758577,3.2897577812905276,-6.680302905524637,2.9641983663973637,-10.382543398532988,-1.4508740516044047,6.7264517364607865,3.7025979383247676,7.970045181658021,8.026511657691993,3.1463115573056126,2.481264741416448,-2.454369676176255,-0.7549817116309666,2.7741349396511747,4.512208528258112,-1.006939876429219,-5.623155246033441,12.674057360448138,4.8746337395971775,-0.5580886147198133,0.21104941158274604,12.464054330736419,0.7379970308987915,12.59310670952548,-10.410723460228256,-1.957085995101852,-6.727900399829538,-3.6597877877878564,2.061712213350556,1.7396132811150735,-8.88502491542756,5.588316319334028,3.1509909933203892,5.116041617459739,1.1730681505755989,-2.155949574100275,4.131367431706736,3.1512143063828284,-4.66849227078425,4.841091885832072
-8.532663620191139,-23.16143109642502,-47.39579841748836,12.33851241097498,-11.82401402574549,24.690528856058727,-10.382543398532988,38.675399806419364,5.720760367630587,-25.477903073920736,-13.633304164722288,-29.64477123609095,-29.99232639288174,-12.21712445594314,-9.186316953387804,9.249041360268476,2.877811379496379,-11.12250312990525,-16.449894688697917,3.849605078583407,20.64460421419163,-47.547403816227245,-18.32370437725622,2.157302142260934,-0.5868905481574601,-46.012597630761746,-3.556839536894797,-46.733145138007274,38.87668451976583,6.203776892840527,25.65566702960607,13.916491810149733,-7.393816539532524,-6.130576626477815,33.74080682559617,-21.102018111336477,-12.451626616050051,-18.589286532415503,-4.516864426233796,8.274858487073262,-15.264592107792609,-12.12538265388848,17.574416816000873,-17.466697131881826
-1.2784779412955063,-3.454440353987491,-7.24764689541908,1.7916124145231973,-1.676145517360859,3.6266325244130506,-1.4508740516044047,5.720760367630587,0.8900322386949934,-3.8242753611330236,-1.983290485886768,-4.3785875776224605,-4.454774115252554,-1.8617474507943164,-1.366651603149134,1.3920388036432916,0.43584812561618846,-1.7904062393831304,-2.3725126041394837,0.5931850190880017,2.999634178392004,-7.101805615710973,-2.750920911302834,0.3389278523760266,-0.051777379012200114,-6.745327853798062,-0.6454378222028646,-6.900677524215942,5.791254461166341,0.7381369902826015,3.9064838138888693,2.11227002705578,-1.0622417645637567,-0.8463897266111163,5.128894682195934,-3.173943674239261,-1.9309187865227486,-2.6769350623318497,-0.7102650227078723,1.2391406622539507,-2.2474990191326816,-1.8631028705458457,2.632406864962582,-2.489666461353959
5.679215354598973,15.281205875334427,31.533739288630702,-8.11609204574633,7.6826844155946254,-16.226701105700123,6.7264517364607865,-25.477903073920736,-3.8242753611330236,16.889248006142108,8.976759950288889,19.50832345873022,19.84642181407102,8.124105077176278,5.9896931044039246,-6.053140525529099,-1.956516940955913,7.519574567225279,10.788097321387047,-2.5522240073574562,-13.553234835198772,31.43360100848684,12.126074260789943,-1.4629410591402003,0.3982067722143983,30.271588828087847,2.5238809757225322,30.742865701221362,-25.614382617676714,-3.8713483921757756,-17.00737719704698,-9.257608850325518,4.817369913410366,3.9679694345548624,-22.38287247647728,13.996997793104823,8.32277976804223,12.18433817639582,3.0325282312991844,-5.524992826930845,10.05398180640329,8.084946265877702,-11.62474342542572,11.416898529171888
3.131230323948633,8.214694331174835,15.925414623540673,-4.458458590193182,4.323562349342551,-8.72327348288454,3.7025979383247676,-13.633304164722288,-1.983290485886768,8.976759950288889,5.00730636492951,10.500465985118305,10.456966351501329,4.540488415680164,3.0543075631386167,-3.182956219907323,-0.9477242301561617,3.2768787286138488,5.943596789897877,-1.1775675675795811,-7.430168323558347,16.29747954731316,6.1814717105016665,-0.5787454859679038,0.26168317294365007,16.260389997711894,1.0779203271480324,16.406997391148554,-13.321910859074372,-2.75619812230403,-8.619509497967044,-4.650637709243074,2.5166168535561804,2.3036570237911405,-11.17589277306519,7.182731537323985,4.452518805616633,6.728837563523365,1.1895056706033804,-3.173975681300812,5.332621663746377,3.987814418298056,-6.154013757483608,6.464575749796535
6.557657236138726,17.799060508710518,36.001108833898776,-9.477986322789697,9.13762456857658,-18.944840449646783,7.970045181658021,-29.64477123609095,-4.3785875776224605,19.50832345873022,10.500465985118305,22.76392516471537,22.883268003270324,9.484355301571968,7.0317752849638255,-7.128766418269493,-2.129274957256393,8.242328995169435,12.63739759656383,-2.8917343294523876,-15.863361818760213,36.22023944140982,13.918554998703412,-1.5529769341473922,0.41160060831400935,35.24792314713515,2.637323185523883,35.831268030943846,-29.671082789625096,-4.979759388042694,-19.52374275828556,-10.538308503590391,5.636624653788702,4.749969367289061,-25.57170471048325,16.03453660116662,9.58090200867319,14.295452329641963,3.2748624492431637,-6.416337888652065,11.664379186863323,9.162933081823947,-13.457414859445391,13.488210842743252
6.574829399871113,17.813525165125927,37.684371107085305,-9.5384077861136891,8.927523351689238,-19.092322241972372,8.026511657691993,-29.99232639288174,-4.454774115252554,19.84642181407102,10.456966351501329,22.883268003270324,23.62256909072952,9.13916536197637,7.101834487509836,-7.039486356354849,-2.4736629828338907,9.429312264451887,12.689375156450327,-3.1693407898778343,-15.898158457601234,37.52583124662861,14.572670710576077,-1.9531846872777963,0.5926416161754969,35.76976853420489,3.0300269077978124,36.229701061091056,-30.4828045045808,-4.185259107941394,-20.291925986232965,-11.168423351347819,5.812904941056939,4.58662898946288,-26.991217800543648,16.778514000604844,9.53841239139641,14.327939690631972,4.026931315484485,-6.2599189097783565,11.940392891759444,9.780187722064639,-13.681843073863227,13.279991590457625
2.9026795234085934,7.628626387109266,13.950230270680732,-4.00246276875769,4.041545150076795,-7.891154745034022,3.1463115573056126,-12.21712445594314,-1.8617474507943164,8.124105077176278,4.540488415680164,9.484355301571968,9.13916536197637,4.56280195648294,2.770387301024646,-2.8996321113947343,-0.7027914319928293,2.488907853471953,5.318054764930995,-0.9017421989802197,-6.720458407462375,14.18224709679478,5.272836930205236,-0.33459751650077896,0.08586252147272123,14.476250580395932,0.9717758209230789,14.707568881375991,-11.618636344001386,-2.727671460489237,-7.493147795405194,-3.972040033480457,2.151497974077711,2.220852235886809,-9.451142414249984,6.165506530828655,4.31855022593043,5.990728712693319,0.6645260394417811,-3.048456348917068,4.688241940477633,3.3541107480015064,-5.55178202209783,5.911499417114337
1.8733657011958518,5.546060650285801,11.670753835408304,-2.858730317142638,2.8515987894757058,-5.945438316150303,2.481264741416448,-9.186316953387804,-1.366651603149134,5.9896931044039246,3.0543075631386167,7.0317752849638255,7.101834487509836,2.770387301024646,2.4573971920334623,-2.2850521938064823,-0.6634898632629073,2.9680913743649624,3.8234331401231696,-1.0199274830407303,-4.840875177579408,11.539546633344372,4.4941948062615085,-0.6143009799165802,0.03792355587963861,10.944054456120824,0.8438775692605318,11.23237139200183,-9.491463491884433,-1.2099466458913264,-6.315438283123817,-3.4332504067620864,1.8900262702533992,1.4866580831237033,-8.389593392777213,5.0912037987213905,2.8856027224997876,4.294235559594658,1.302162985667051,-1.6912530805705885,3.6636946112190993,3.00057886484095,-4.191295186612668,3.988304223101651
-1.9734281561361053,-5.493226982213891,-11.442827238330292,2.857607974501958,-2.6434784144486745,5.802014883310027,-2.454369676176255,9.249041360268476,1.3920388036432916,-6.053140525529099,-3.182956219907323,-7.128766418269493,-7.039486356354849,-2.8996321113947343,-2.2850521938064823,2.485416228541133,0.562995367759424,-2.7549064150820564,-3.77351378824816,1.0008699373215122,4.766251804726128,-11.32332137016843,-4.421401263301962,0.45132322916993917,0.029041866468636764,-10.767361254527334,-0.9100223737401091,-11.206219947928881,9.492888452320729,1.2764221587101894,6.3970575264228575,3.288827153713848,-1.708897733505791,-1.2296884993850716,8.311335617371673,-5.042434763008625,-2.999712363282019,-4.3312020609121955,-1.0874125987529568,1.9200092582081418,-3.5982276318419455,-2.9576937953563323,4.222111740720109,-3.9924163731029156
-0.6199700957129451,-1.6420274323815336,-4.113470243723634,0.9086995174344987,-0.7565770413513536,1.8169258796720325,-0.7549817116309666,2.877811379496379,0.43584812561618846,-1.956516940955913,-0.9477242301561617,-2.129274957256393,-2.4736629828338907,-0.7027914319928293,-0.6634898632629073,0.562995367759424,0.38505579641295196,-1.3309384646134301,-1.2010465729898108,0.38680377089093543,1.4902278218270604,-3.9608336010956244,-1.5893070226735648,0.35184101626825176,-0.15173351481477004,-3.5082187917931917,-0.4318237425207078,-3.4596773305832267,3.0803513035408963,0.08586826295009685,2.125120542111561,1.2821656224443232,-0.6088517196830793,-0.3889820067707499,3.003312238511158,-1.8342149759659039,-0.8566729537247257,-1.333072256087786,-0.671159901305523,0.517559411592572,-1.209850214054722,-1.13557058294445,1.3376620766678666,-1.1528600294339648
2.1444455829468323,6.267442490918917,17.07433913749767,-3.2256541831840777,2.4250192867872435,-6.832740010049396,2.7741349396511747,-11.12250312990525,-1.7904062393831304,7.519574567225279,3.2768787286138488,8.242328995169435,9.429312264451887,2.488907853471953,2.9680913743649624,-2.7549064150820564,-1.3309384646134301,6.07601804196751,4.163061880351833,-1.8238358362364013,-5.270579996011194,15.743200527278745,6.524464995371683,-1.4538714796011163,0.18514519027310947,13.066722417481278,2.021064232487872,13.507724707014537,-12.684304215432078,0.7343592011633001,-9.186086868297107,-5.190470397297296,2.343485445726725,0.9370369281202219,-12.871784594459918,7.367487464313214,3.3494594494878793,4.700904611744857,3.0526041258046717,-1.6018251831959487,4.640566653112225,4.8276254888800665,-5.276592539077291,3.7547545556102904
3.689770723147809,9.917157285564018,19.441059214538527,-5.346532057969813,5.330445101068384,-10.616879189498405,4.512208528258112,-16.449894688697917,-2.3725126041394837,10.788097321387047,5.943596789897877,12.63739759656383,12.689375156450327,5.318054764930995,3.8234331401231696,-3.77351378824816,-1.2010465729898108,4.163061880351833,7.203971004024979,-1.486144077063483,-9.004063907248005,19.906294698684125,7.560533959737588,-0.812877211024329,0.3514819601185026,19.76104651190881,1.2477656453419967,19.86715169872431,-16.190692660504883,-3.2298938938017883,-10.437943315479218,-5.72659624539015,3.170550160761629,2.8985449196607203,-13.66408424355269,8.746643916395685,5.257874867433875,8.106708951129178,1.6356001500179147,-3.644325867497597,6.480748035887368,4.881907394517479,-7.404067205086759,7.766025000028161
-0.7364816719681683,-2.1716377772001527,-5.539696118100029,1.1180064729891606,-0.9226320720726889,2.3802485462848413,-1.006939876429219,3.849605078583407,0.5931850190880017,-2.5522240073574562,-1.1775675675795811,-2.8917343294523876,-3.1693407898778343,-0.9017421989802197,-1.0199274830407303,1.0008699373215122,0.38680377089093543,-1.8238358362364013,-1.486144077063483,0.5983980401945216,1.8687018868343754,-5.254627807293421,-2.1462794504957405,0.40976947121224333,-0.0448236488013006,-4.52400980750574,-0.5668815780079851,-4.690582127205466,4.291899181747539,-0.013521987686818527,3.036045247333477,1.6654130666706657,-0.8006875998269242,-0.3707892140213501,4.181101036619006,-2.4189239632060553,-1.1309568269322243,-1.6973770280127414,-0.9027698240602708,0.5961962813017777,-1.5682168772537515,-1.541231768359475,1.7882806860380074,-1.4008612514046377
-4.625246749502223,-12.48429451339223,-24.495809453559364,6.691287275415179,-6.680756519047189,13.328670805931838,-5.623155246033441,20.64460421419163,2.999634178392004,-13.553234835198772,-7.430168323558347,-15.863361818760213,-15.898158457601234,-6.720458407462375,-4.840875177579408,4.766251804726128,1.4902278218270604,-5.270579996011194,-9.004063907248005,1.8687018868343754,11.275969901691525,-24.98954829446833,-9.495384570648268,1.0214604877548041,-0.39780823198020215,-24.76299888478939,-1.6050704457499714,-24.943531913866003,20.341892952949266,3.984141086167157,13.148821305491946,7.199334237522014,-3.9726717445718323,-3.62986302079465,17.194094767084835,-10.97753594415655,-6.6499694146198305,-10.125913505080481,-2.0562773008476922,4.559645950446962,-8.127379982329302,-6.144766058261497,9.308363631890805,-9.703059212813715
10.244733587661276,28.177675084293877,60.698540169918424,-14.95130288759289,13.959217103903994,-30.232329662918236,12.674057360448138,-47.547403816227245,-7.101805615710973,31.43360100848684,16.29747954731316,36.22023944140982,37.52583124662861,14.18224709679478,11.539546633344372,-11.32332137016843,-3.9608336010956244,15.743200527278745,19.906294698684125,-5.254627807293421,-24.98954829446833,60.040615822623344,23.446339970283617,-3.3084167418833563,0.8235100855018094,56.60591134467642,4.999199935912043,57.52322199471605,-48.85016330990573,-5.909382680614073,-32.73363174402152,-17.999144942118914,9.32738437483747,7.074995974062876,-43.70550135178735,26.89576673493533,15.039449709431643,22.459752470091583,6.883224020975914,-9.557019840943076,18.977180749918183,15.85680925349028,-21.729270858699362,20.637214009689323
3.8881609855544315,10.764968540485524,23.915076298036304,-5.715786172014742,5.176778761987759,-11.580369354355854,4.8746337395971775,-18.32370437725622,-2.750920911302834,12.126074260789943,6.1814717105016665,13.918554998703412,14.572670710576077,5.272836930205236,4.4941948062615085,-4.421401263301962,-1.5893070226735648,6.524464995371683,7.560533959737588,-2.1462794504957405,-9.495384570648268,23.446339970283617,9.244521676033678,-1.3955016151120216,0.30422869124848634,21.7496017498768,2.0810217903771324,22.1790000543786,-19.10246321048176,-1.8687064904355233,-12.940401048080863,-7.112345813423601,3.618077569888119,2.539976496547644,-17.38972412805267,10.573110904608264,5.73439208637787,8.550784516919853,2.9311953315584147,-3.5514981454721086,7.3540550090841865,6.330120674628533,-8.411608469559468,7.735992538719132
-0.37929972708569365,-1.1815826765980417,-3.621079972297511,0.6214574305313647,-0.46136326862501986,1.3506042426456957,-0.5580886147198133,2.157302142260934,0.3389278523760266,-1.4629410591402003,-0.5787454859679038,-1.5529769341473922,-1.9531846872777963,-0.33459751650077896,-0.6143009799165802,0.45132322916993917,0.35184101626825176,-1.4538714796011163,-0.812877211024329,0.40976947121224333,1.0214604877548041,-3.3084167418833563,-1.3955016151120216,0.4051904926598981,-0.09796887456749012,-2.6230709743891594,-0.43488947280851376,-2.6350782348750004,2.5792141081700306,-0.3177625325056933,1.8773286108146439,1.148654353255546,-0.5286451604908179,-0.20066191464193928,2.7609302934739266,-1.5657648955034653,-0.5723931063358,-0.8899973836747178,-0.8011989216882144,0.20029987936088747,-0.9545990833038847,-1.0549640193412875,1.0282322168773097,-0.664785012235088
0.16396724960229192,0.29592159310923877,0.6805781447272642,-0.2376529189620824,0.22775482371140998,-0.39565546626822656,0.21104941158274604,-0.5868905481574601,-0.051777379012200114,0.3982067722143983,0.26168317294365007,0.41160060831400935,0.5926416161754969,0.08586252147272123,0.03792355587963861,0.029041866468636764,-0.15173351481477004,0.18514519027310947,0.3514819601185026,-0.0448236488013006,-0.39780823198020215,0.8235100855018094,0.30422869124848634,-0.09796887456749012,0.15545625772666133,0.8474390825103872,0.021053171002233143,0.670072931347135,-0.5280610364911962,-0.17488292503467998,-0.2758610080161258,-0.2625055259664144,0.1484425347135402,0.17145003006029888,-0.46959010366314424,0.38183488208947763,0.10266298010908867,0.3736891289858304,0.13514222616255067,-0.149187007194283,0.2721834229164943,0.19225751537632707,-0.24060858149974723,0.35439998663716393
10.13795618983184,27.598538485994414,56.14536848776687,-14.761860657587,14.355334772822655,-29.539163440695678,12.464054330736419,-46.012597630761746,-6.745327853798062,30.271588828087847,16.260389997711894,35.24792314713515,35.76976853420489,14.476250580395932,10.944054456120824,-10.767361254527334,-3.5082187917931917,13.066722417481278,19.76104651190881,-4.52400980750574,-24.76299888478939,56.60591134467642,21.7496017498768,-2.6230709743891594,0.8474390825103872,55.038963644999846,4.035820388214996,55.64605615051393,-46.09394545112948,-7.695885759318395,-30.21828293203033,-16.56366765856894,8.93220287060394,7.603684411492868,-39.8525307872746,25.05724582086899,14.683606350080716,22.267235110338984,5.3762628726857615,-9.799452639233952,18.217237544765133,14.31993585918461,-20.858185169127637,21.004089644028305
0.7818941498107844,2.0382010753099045,5.656822710066636,-1.0190932482910073,0.6112242955693712,-2.095916028465481,0.7379970308987915,-3.556839536894797,-0.6454378222028646,2.5238809757225322,1.0779203271480324,2.637323185523883,3.0300269077978124,0.9717758209230789,0.8438775692605318,-0.9100223737401091,-0.4318237425207078,2.021064232487872,1.2477656453419967,-0.5668815780079851,-1.6050704457499714,4.999199935912043,2.0810217903771324,-0.43488947280851376,0.021053171002233143,4.035820388214996,0.8550280814074506,4.244140638839752,-4.013440868116209,0.41554833209238173,-3.0420576418546807,-1.6774896580348562,0.6231710760089871,0.16043196971988496,-4.180496429641773,2.3944246154446156,1.2679382316277,1.424721119777302,0.9179404642438344,-0.6684858998532858,1.4485283703060403,1.6002817124567823,-1.7461969192213405,1.1102310712548549
10.225518620631616,28.01405704646383,57.3503434773998,-14.908876441844601,14.348251729165701,-29.902699038999113,12.59310670952548,-46.733145138007274,-6.900677524215942,30.742865701221362,16.406997391148554,35.831268030943846,36.229701061091056,14.707568881375991,11.23237139200183,-11.206219947928881,-3.4596773305832267,13.507724707014537,19.86715169872431,-4.690582127205466,-24.943531913866003,57.52322199471605,22.1790000543786,-2.6350782348750004,0.670072931347135,55.64605615051393,4.244140638839752,56.56423839018731,-47.059278078228076,-7.473450278097889,-31.04534207971325,-16.84888925366831,9.015425205474198,7.459128545021913,-40.863852970970136,25.498911193788746,14.978738450488947,22.451686720541513,5.525041109008771,-9.877944876720296,18.4683947399606,14.665683326993923,-21.24330248693565,21.08765513733581
-8.328964731551869,-23.009022939945783,-49.36425593013176,12.203619583980519,-11.33272686800919,24.650297029871474,-10.410723460228256,38.87668451976583,5.791254461166341,-25.614382617676714,-13.321910859074372,-29.671082789625096,-30.4828045045808,-11.618636344001386,-9.491463491884433,9.492888452320729,3.0803513035408963,-12.684304215432078,-16.190692660504883,4.291899181747539,20.341892952949266,-48.85016330990573,-19.10246321048176,2.5792141081700306,-0.5280610364911962,-46.09394545112948,-4.013440868116209,-47.059278078228076,40.00842185785764,4.912969445986946,26.831267389327024,14.569815859886113,-7.571724350023947,-5.6449177023381685,35.68486267995711,-21.87014879118769,-12.284110560160086,-18.333759826288638,-5.48816493424984,7.798400433745102,-15.47088607280299,-12.891192966703272,17.761907924858,-16.84466215865954
-1.6020249860500657,-4.035575263933209,-4.522651392792394,2.316760852965321,-2.8702077162079123,4.273750233570164,-1.957085995101852,6.203776892840527,0.7381369902826015,-3.8713483921757756,-2.75619812230403,-4.979759388042694,-4.185259107941394,-2.727671460489237,-1.2099466458913264,1.2764221587101894,0.08586826295009685,0.7343592011633001,-3.2298938938017883,-0.013521987686818527,3.984141086167157,-5.909382680614073,-1.8687064904355233,-0.3177625325056933,-0.17488292503467998,-7.695885759318395,0.41554833209238173,-7.473450278097889,4.912969445986946,3.3207470146717304,2.426930368669427,1.2333815073969683,-1.0957958512524129,-1.8406199733140296,2.6105462636691144,-2.270602144319242,-2.0592222404908633,-3.6285398852557575,0.730656839566576,1.9268091784455055,-2.2853816133438016,-0.757548010300705,2.5963343355723802,-4.00784804202244
-5.446315915973521,-15.083639207531036,-33.60681213699032,7.938549450850304,-7.0689862050933066,16.11444981619869,-6.727900399829538,25.65566702960607,3.9064838138888693,-17.00737719704698,-8.619509497967044,-19.52374275828556,-20.291925986232965,-7.493147795405194,-6.315438283123817,6.3970575264228575,2.125120542111561,-9.186086868297107,-10.437943315479218,3.036045247333477,13.148821305491946,-32.73363174402152,-12.940401048080863,1.8773286108146439,-0.2758610080161258,-30.21828293203033,-3.0420576418546807,-31.04534207971325,26.831267389327024,2.426930368669427,18.31991085243591,9.918046905398883,-4.962353489931348,-3.351273639274801,24.48541437642643,-14.788163874423251,-8.159524272787348,-11.855696553692864,-4.042074814883495,5.016734423546476,-10.238750191464524,-8.90352529023333,11.820578282564007,-10.67965186088788
-2.950717567239378,-8.190055398672753,-18.482127830002344,4.334863430682835,-3.9077394646875194,8.812924650480138,-3.6597877877878564,13.916491810149733,2.11227002705578,-9.257608850325518,-4.650637709243074,-10.538308503590391,-11.168423351347819,-3.972040033480457,-3.4332504067620864,3.288827153713848,1.2821656224443232,-5.190470397297296,-5.72659624539015,1.6654130666706657,7.199334237522014,-17.999144942118914,-7.112345813423601,1.148654353255546,-0.2625055259664144,-16.56366765856894,-1.6774896580348562,-16.84888925366831,14.569815859886113,1.2333815073969683,9.918046905398883,5.523295900384144,-2.779027585098717,-1.9374528776532527,13.409683146355249,-8.13910405365762,-4.372530129086222,-6.450184731636548,-2.3654633242240344,2.6556188561578695,-5.617185154940753,-4.910232206090699,6.415032953929835,-5.806176140672061
1.5331506957395606,4.414301628802188,9.279381548821815,-2.3554943522326472,2.344183820911299,-4.804561027988825,2.061712213350556,-7.393816539532524,-1.0622417645637567,4.817369913410366,2.5166168535561804,5.636624653788702,5.812904941056939,2.151497974077711,1.8900262702533992,-1.708897733505791,-0.6088517196830793,2.343485445726725,3.170550160761629,-0.8006875998269242,-3.9726717445718323,9.32738437483747,3.618077569888119,-0.5286451604908179,0.1484425347135402,8.93220287060394,0.6231710760089871,9.015425205474198,-7.571724350023947,-1.0957958512524129,-4.962353489931348,-2.779027585098717,1.5508326593395743,1.2644917052992695,-6.668527131397244,4.122799754653379,2.237082941951909,3.5510550379441654,1.0710950439677662,-1.3886915442250225,2.9803884522425146,2.395373003081496,-3.3489815167566723,3.309603519241395
1.4048836852071407,3.9032893017142474,6.560060465411834,-2.081657769180501,2.45089389368127,-4.1819363332089194,1.7396132811150735,-6.130576626477815,-0.8463897266111163,3.9679694345548624,2.3036570237911405,4.749969367289061,4.58662898946288,2.220852235886809,1.4866580831237033,-1.2296884993850716,-0.3889820067707499,0.9370369281202219,2.8985449196607203,-0.3707892140213501,-3.62986302079465,7.074995974062876,2.539976496547644,-0.20066191464193928,0.17145003006029888,7.603684411492868,0.16043196971988496,7.459128545021913,-5.6449177023381685,-1.8406199733140296,-3.351273639274801,-1.9374528776532527,1.2644917052992695,1.5359687022366029,-4.295793080364026,2.958889528998955,1.9912109337881372,3.1784798476523104,0.2861522182791498,-1.418453936551148,2.405817019599972,1.4953125216370957,-2.6972083404054232,3.2564516717816043
-7.057375266335737,-19.696697110056657,-45.07937467737167,10.40512678641421,-9.127490722166407,21.180020544385048,-8.88502491542756,33.74080682559617,5.128894682195934,-22.38287247647728,-11.17589277306519,-25.57170471048325,-26.991217800543648,-9.451142414249984,-8.389593392777213,8.311335617371673,3.003312238511158,-12.871784594459918,-13.66408424355269,4.181101036619006,17.194094767084835,-43.70550135178735,-17.38972412805267,2.7609302934739266,-0.46959010366314424,-39.8525307872746,-4.180496429641773,-40.863852970970136,35.68486267995711,2.6105462636691144,24.48541437642643,13.409683146355249,-6.668527131397244,-4.295793080364026,33.04212375633265,-19.83426497350429,-10.540448731047352,-15.494943290316856,-5.8715526519018635,6.32471020918629,-13.586608973188488,-12.067763125744458,15.579776318070198,-13.78896818604185
4.540029889547752,12.41821672368065,27.38424386086553,-6.608009086098682,5.987970574514948,-13.330815275003442,5.588316319334028,-21.102018111336477,-3.173943674239261,13.996997793104823,7.182731537323985,16.03453660116662,16.778514000604844,6.165506530828655,5.0912037987213905,-5.042434763008625,-1.8342149759659039,7.367487464313214,8.746643916395685,-2.4189239632060553,-10.97753594415655,26.89576673493533,10.573110904608264,-1.5657648955034653,0.38183488208947763,25.05724582086899,2.3944246154446156,25.498911193788746,-21.87014879118769,-2.270602144319242,-14.788163874423251,-8.13910405365762,4.122799754653379,2.958889528998955,-19.83426497350429,12.127290061819108,6.661018633606954,9.886942129958612,3.2690695276411468,-4.197043601108252,8.451764319402859,7.2280551375276305,-9.682183730473167,8.983323283284466
2.87809827155089,7.622417245362603,15.15957830351842,-3.9649054756588282,3.813773339424747,-7.931537472376306,3.1509909933203892,-12.451626616050051,-1.9309187865227486,8.32277976804223,4.452518805616633,9.58090200867319,9.53841239139641,4.31855022593043,2.8856027224997876,-2.999712363282019,-0.8566729537247257,3.3494594494878793,5.257874867433875,-1.1309568269322243,-6.6499694146198305,15.039449709431643,5.73439208637787,-0.5723931063358,0.10266298010908867,14.683606350080716,1.2679382316277,14.978738450488947,-12.284110560160086,-2.0592222404908633,-8.159524272787348,-4.372530129086222,2.237082941951909,1.9912109337881372,-10.540448731047352,6.661018633606954,4.317887173621853,5.924916937712967,1.1822416928561403,-2.891907415940733,4.838141662226527,3.8036747996081495,-5.702642273694596,5.652313690552709
4.163002658335095,11.162365557145751,21.941110611033764,-6.045644290891663,5.937612817674211,-11.950558458389137,5.116041617459739,-18.589286532415503,-2.6769350623318497,12.18433817639582,6.728837563523365,14.295452329641963,14.327939690631972,5.990728712693319,4.294235559594658,-4.3312020609121955,-1.333072256087786,4.700904611744857,8.106708951129178,-1.6973770280127414,-10.125913505080481,22.459752470091583,8.550784516919853,-0.8899973836747178,0.3736891289858304,22.267235110338984,1.424721119777302,22.451686720541513,-18.333759826288638,-3.6285398852557575,-11.855696553692864,-6.450184731636548,3.5510550379441654,3.1784798476523104,-15.494943290316856,9.886942129958612,5.924916937712967,9.163311474201672,1.8325610185734436,-4.138942098249469,7.313765435178643,5.526662126218702,-8.375968366141244,8.748761778449436
0.7625411299542864,2.421225123837476,7.560125750102616,-1.2545732442158282,0.8660469812174078,-2.761805779348759,1.1730681505755989,-4.516864426233796,-0.7102650227078723,3.0325282312991844,1.1895056706033804,3.2748624492431637,4.026931315484485,0.6645260394417811,1.302162985667051,-1.0874125987529568,-0.671159901305523,3.0526041258046717,1.6356001500179147,-0.9027698240602708,-2.0562773008476922,6.883224020975914,2.9311953315584147,-0.8011989216882144,0.13514222616255067,5.3762628726857615,0.9179404642438344,5.525041109008771,-5.48816493424984,0.730656839566576,-4.042074814883495,-2.3654633242240344,1.0710950439677662,0.2861522182791498,-5.8715526519018635,3.2690695276411468,1.1822416928561403,1.8325610185734436,1.6675804285333211,-0.4056718800876185,1.9653831934851838,2.2238244130766343,-2.150561453658522,1.3164593636428747
-2.035836284827434,-5.062788377451529,-9.279249835629145,2.7411898067791025,-2.6464089835729396,5.26222276701812,-2.155949574100275,8.274858487073262,1.2391406622539507,-5.524992826930845,-3.173975681300812,-6.416337888652065,-6.2599189097783565,-3.048456348917068,-1.6912530805705885,1.9200092582081418,0.517559411592572,-1.6018251831959487,-3.644325867497597,0.5961962813017777,4.559645950446962,-9.557019840943076,-3.5514981454721086,0.20029987936088747,-0.149187007194283,-9.799452639233952,-0.6684858998532858,-9.877944876720296,7.798400433745102,1.9268091784455055,5.016734423546476,2.6556188561578695,-1.3886915442250225,-1.418453936551148,6.32471020918629,-4.197043601108252,-2.891907415940733,-4.138942098249469,-0.4056718800876185,2.193380442894994,-3.164137351754202,-2.2575383050052795,3.740665393686089,-4.056882858749544
3.32751287361928,9.104127865328273,18.984420698487323,-4.886317883362223,4.627126052003651,-9.757940934834899,4.131367431706736,-15.264592107792609,-2.2474990191326816,10.05398180640329,5.332621663746377,11.664379186863323,11.940392891759444,4.688241940477633,3.6636946112190993,-3.5982276318419455,-1.209850214054722,4.640566653112225,6.480748035887368,-1.5682168772537515,-8.127379982329302,18.977180749918183,7.3540550090841865,-0.9545990833038847,0.2721834229164943,18.217237544765133,1.4485283703060403,18.4683947399606,-15.47088607280299,-2.2853816133438016,-10.238750191464524,-5.617185154940753,2.9803884522425146,2.405817019599972,-13.586608973188488,8.451764319402859,4.838141662226527,7.313765435178643,1.9653831934851838,-3.164137351754202,6.081532017085229,4.896870045376137,-6.954056428271522,6.831473763516627
2.544165354651267,7.058804647725517,16.457728324176276,-3.7185912901018128,3.210983661842805,-7.588145479178276,3.1512143063828284,-12.12538265388848,-1.8631028705458457,8.084946265877702,3.987814418298056,9.162933081823947,9.780187722064639,3.3541107480015064,3.00057886484095,-2.9576937953563323,-1.13557058294445,4.8276254888800665,4.881907394517479,-1.541231768359475,-6.144766058261497,15.85680925349028,6.330120674628533,-1.0549640193412875,0.19225751537632707,14.31993585918461,1.6002817124567823,14.665683326993923,-12.891192966703272,-0.757548010300705,-8.90352529023333,-4.910232206090699,2.395373003081496,1.4953125216370957,-12.067763125744458,7.2280551375276305,3.8036747996081495,5.526662126218702,2.2238244130766343,-2.2575383050052795,4.896870045376137,4.432877519169866,-5.616449161471736,4.875004795750594
-3.8726722126415365,-10.528277575839788,-21.847912751177862,5.602633663614937,-5.262747496547359,11.19237578304416,-4.66849227078425,17.574416816000873,2.632406864962582,-11.62474342542572,-6.154013757483608,-13.457414859445391,-13.681843073863227,-5.55178202209783,-4.191295186612668,4.222111740720109,1.3376620766678666,-5.276592539077291,-7.404067205086759,1.7882806860380074,9.308363631890805,-21.729270858699362,-8.411608469559468,1.0282322168773097,-0.24060858149974723,-20.858185169127637,-1.7461969192213405,-21.24330248693565,17.761907924858,2.5963343355723802,11.820578282564007,6.415032953929835,-3.3489815167566723,-2.6972083404054232,15.579776318070198,-9.682183730473167,-5.702642273694596,-8.375968366141244,-2.150561453658522,3.740665393686089,-6.954056428271522,-5.616449161471736,8.034784058926379,-7.8282390631657055
3.9910998631868204,10.634384190511804,19.860457667011456,-5.775179873883639,5.866963062524959,-11.335104744942617,4.841091885832072,-17.466697131881826,-2.489666461353959,11.416898529171888,6.464575749796535,13.488210842743252,13.279991590457625,5.911499417114337,3.988304223101651,-3.9924163731029156,-1.1528600294339648,3.7547545556102904,7.766025000028161,-1.4008612514046377,-9.703059212813715,20.637214009689323,7.735992538719132,-0.664785012235088,0.35439998663716393,21.004089644028305,1.1102310712548549,21.08765513733581,-16.84466215865954,-4.00784804202244,-10.67965186088788,-5.806176140672061,3.309603519241395,3.2564516717816043,-13.78896818604185,8.983323283284466,5.652313690552709,8.748761778449436,1.3164593636428747,-4.056882858749544,6.831473763516627,4.875004795750594,-7.8282390631657055,8.539627132278778
