V1,V2,V3,V4,V5,V6,V7,V8,V9,V10,V11,V12,V13,V14,V15,V16,V17,V18,V19,V20,V21,V22,V23,V24,V25,V26,V27,V28,V29,V30,V31,V32,V33,V34,V35,V36,V37,V38,V39,V40,V41,V42,V43,V44
64.54438565819073,279.81770849295776,-360.590905267865,-480.1896730019671,177.54419471890384,-207.4160343156611,190.17753517649172,81.97045891216963,-87.71376430035258,166.1286353977207,-49.8293033924244,167.45098148136537,388.2112527838445,-19.544410034420256,126.36848608687322,-173.42973256428212,626.2731120367284,169.37457607546625,99.88854360698812,476.21024221360636,238.42987137041078,-245.8381570809004,-56.17697833848047,120.19185507643166,-263.11355161631656,309.10876144019755,-443.13012473805344,-225.2798934536774,64.47900700523947,-43.26568100162879,191.72026675128998,-499.48269538870244,-86.38584481950984,-179.69584270037603,-316.3495934604288,22.59413829923295,-7.086934945675291,-128.85909473520417,164.48186850168008,-87.94175617636527,47.29851054172003,96.72490780818445,-148.7181650193218,-13.950528106757003
279.81770849295776,1223.028473971029,-1574.6998724084933,-2094.200042511179,777.9929409925762,-904.1143919544983,830.1358791685873,357.2305341830299,-383.941616535833,726.6341540987715,-217.35917017184497,732.4975754563867,1694.124390086309,-87.81135978998489,552.9447185839131,-755.8271202169545,2732.5664158073714,741.6158563311659,438.98338125938926,2077.2619957753186,1041.2264624474863,-1072.5277770693638,-246.48715436353447,524.4220556665558,-1147.4775197280815,1351.3696359997055,-1934.6260238695227,-981.507801173835,280.1201736526669,-187.32891103910518,837.9756188023125,-2180.8251055762266,-377.3038450603808,-781.1297169707755,-1381.0584300004164,98.29282525452528,-28.54218256493288,-560.8598791225234,718.2387692415476,-383.01202921330463,207.45631914582805,423.0709601447604,-648.8503910709237,-61.46557278460482
-360.590905267865,-1574.6998724084933,2027.7315331095047,2697.091013524144,-1001.3777416449545,1164.4674298942164,-1069.0092407425004,-460.10425378424253,494.23203931031594,-935.5300272212099,279.9162426037921,-943.01350750873155,-2181.715107570402,112.69283835751719,-711.9239499487024,973.500267053127,-3519.0302803001364,-954.7007781031856,-564.8735739928072,-2675.1588058957445,-1340.6030082524687,1381.211116230512,317.21501171346875,-675.3982177784875,1477.8731961144465,-1739.8130834581136,2491.2047008956692,1264.1968761949217,-360.97261231803213,241.49084900884023,-1078.8715722915374,2808.2348314919627,485.8655851337867,1006.4771015911465,1778.4096826054915,-126.67791276418974,37.10611436026585,722.5445187494397,-924.783768740804,493.3527018293662,-266.93045547681385,-544.689482158942,835.581338865336,79.08344741184078
-480.1896730019671,-2094.200042511179,2697.091013524144,3588.441550347828,-1331.1355885549742,1549.49461780095,-1421.9678571503778,-612.2495196879927,657.1010383123855,-1244.0365404849933,372.4296669695928,-1253.9348936962017,-2902.3657442662516,149.13824839937098,-946.7151238351241,1295.4754910064114,-4681.556789041959,-1269.3516582581028,-750.5086343001211,-3559.061172846645,-1782.948815322952,1837.5526030509393,421.7017744325332,-898.6311203283719,1966.4448905575405,-2313.690938230783,3313.8147668504844,1682.0792899776866,-480.56402704490006,321.59619695628436,-1434.726549521319,3735.39889729211,646.2734072999048,1339.9603239472096,2365.7131711707852,-168.6868149987202,50.12503724813287,961.5773383032003,-1229.8836005808187,656.5411683483684,-354.68896904150523,-724.2096481141549,1111.4997942844445,105.02746356954074
177.54419471890384,777.9929409925762,-1001.3777416449545,-1331.1355885549742,495.3639535883106,-574.5669788763818,527.8317305025287,227.0314540278315,-244.3776803505088,462.31227782888897,-138.1832132842062,466.11931848942095,1077.0481634635883,-56.3778344158308,351.78636524415015,-480.2823085140808,1737.205142256964,471.99875993689415,279.74147615220096,1320.5140492514533,662.34353284731435,-681.8392771939767,-156.9682446248726,333.34700968669176,-729.290561140826,859.7915850258405,-1230.2073123691712,-623.7271562737893,177.78113927282942,-118.77957463950666,533.122065525656,-1386.7971913471192,-239.93381785433488,-495.87040558267654,-878.1661206963494,62.3767135635106,-17.625147817721558,-356.2212962722974,456.87140756520876,-243.34775676028863,132.2041576626748,269.18400013948417,-412.53962306338724,-39.184486487722836
-207.4160343156611,-904.1143919544983,1164.4674298942164,1549.49461780095,-574.5669788763818,669.1387451711563,-613.8861983907973,-264.3226666779917,283.68522837945244,-537.0695237478859,160.79394052498753,-541.3364398474242,-1253.1557945799345,64.24688901466662,-408.68109052868897,559.4453342019336,-2021.4039915478631,-547.9793874499646,-323.913633242686,-1536.7935527890497,-769.782265316681,793.4443098701074,182.10139785538016,-388.0072944191165,849.1829178648563,-998.8745624569029,1430.8247307243666,726.3150182106358,-207.55570547160764,138.90662505658105,-619.4576223740972,1612.8257556210522,279.03729613739546,578.6828592856951,1021.463083499223,-72.83690283484952,21.791406083776586,415.24435955722583,-530.9640878480532,283.4934835144624,-153.08189692223917,-312.62857641866697,479.81950024851807,45.30834267838752
190.17753517649172,830.1358791685873,-1069.0092407425004,-1421.9678571503778,527.8317305025287,-613.8861983907973,563.8222767006971,242.78969026549433,-260.403243831058,493.1403600992044,-147.64954258124902,497.02405052032606,1150.3020091384049,-59.357153719863206,375.42898366677144,-513.2230209709925,1855.381228986269,503.1546075121857,297.57023103306693,1410.2960186154046,706.5837724439674,-728.1712625347019,-166.94925492621152,356.1927828678224,-779.0320379776633,917.0657487054718,-1313.2108399781036,-666.6077837760945,190.41493752565376,-127.43928579623292,568.5026750033225,-1480.3151930384115,-256.1586803527049,-530.9895086533988,-937.4799185736083,66.91409914605475,-19.632833263587443,-381.0572499691112,487.49784302618195,-260.2445758484559,140.63550495285196,287.16814554550297,-440.8033479263302,-41.72547643555936
81.97045891216963,357.2305341830299,-460.10425378424253,-612.2495196879927,227.0314540278315,-264.3226666779917,242.78969026549433,104.66100526299525,-111.96479017394137,212.17469104608557,-63.61361997423457,213.8177329294218,495.2366547737018,-25.408111644475387,161.61015489303026,-221.0081089622413,798.8044346635481,216.42526434360332,127.84909230160974,607.1373240942468,303.9980772654426,-313.48383848541414,-71.70387577804665,153.43515873305375,-335.40064481391113,394.5883303810854,-565.2062994069233,-287.0461297023719,82.06140201271386,-54.943585966352536,244.51044248041345,-637.0966382115718,-110.26526277547163,-228.92439024312924,-403.5159782689733,28.90222714255366,-8.595780797493147,-164.12930403372138,209.76345168959588,-112.13156743221785,60.4305882341928,123.53758106430355,-189.8687839274129,-17.945298490841196
-87.71376430035258,-383.941616535833,494.23203931031594,657.1010383123855,-244.3776803505088,283.68522837945244,-260.403243831058,-111.96479017394137,120.65127629386082,-228.1378647468554,68.17096139620307,-230.04840340083447,-531.5780735627055,27.709027312386553,-173.49055510596446,237.13689074381045,-857.4492713999488,-232.91924946672185,-138.02030733501192,-651.899946948058,-327.0251981255221,336.5894294114468,77.55867305796777,-164.46444831514285,360.07347077681413,-424.35911732381527,607.2877140034724,307.9101866636965,-87.76686168588537,58.655868020726324,-263.24347013522356,684.5746097382154,118.40364738974769,244.7267437036476,433.49439793738156,-30.722830857684265,8.81275286932995,175.8521931769294,-225.53167309386197,120.08570137687819,-65.25642015750674,-132.817194291427,203.48914663502632,19.287924271837724
166.1286353977207,726.6341540987715,-935.5300272212099,-1244.0365404849933,462.31227782888897,-537.0695237478859,493.1403600992044,212.17469104608557,-228.1378647468554,431.77004161383104,-129.1100960005974,435.2326252245828,1006.4400286694723,-52.26533264620414,328.5782925614121,-448.9616761473862,1623.3059936897366,440.70663988262174,260.9445925209181,1233.9678317514085,618.5293717801436,-637.1367292648749,-146.50123453031412,311.54701608789037,-681.683378242494,802.8703891964026,-1149.3138285266853,-583.0002967286393,166.3792841131822,-111.24247518883715,497.8706508517628,-1295.5994983748042,-224.18392967208626,-463.92393698466816,-820.459942924529,58.397336176456356,-16.846153084708828,-333.15063496661946,426.6726057336717,-227.49253120118607,123.25952831564034,251.38026417179506,-385.41093773507055,-36.54339938812542
-49.8293033924244,-217.35917017184497,279.9162426037921,372.4296669695928,-138.1832132842062,160.79394052498753,-147.64954258124902,-63.61361997423457,68.17096139620307,-129.1100960005974,38.6839764001222,-130.1313210425359,-301.2461960918305,15.50418926663023,-98.30270215562216,134.44118184219295,-485.91823021282113,-131.7280576809974,-77.86263391811961,-369.35666423396253,-185.01564939751458,190.71319734914871,43.7069824541109,-93.30498269774054,204.04792524681088,-240.13495923137475,343.90148238733786,174.57262315412171,-49.8722804951571,33.373374106770164,-148.84019422429404,387.63578398702424,67.0790120081056,139.12596877881623,245.51252300309358,-17.53944604623195,5.188975724906834,99.78940527060982,-127.63794802766435,68.1744860717404,-36.80974247249194,-75.16412072687767,115.44069420264174,10.9154304904078
167.45098148136537,732.4975754563867,-943.01350750873155,-1253.9348936962017,466.11931848942095,-541.3364398474242,497.02405052032606,213.8177329294218,-230.04840340083447,435.2326252245828,-130.1313210425359,438.80504549927656,1014.4176886843884,-52.74671930967592,331.11409137697996,-452.52307187844855,1636.2340988583746,444.2742460951761,263.1220663456742,1243.884726388852,623.7259012914384,-642.2429034078847,-147.76183429142648,313.9575524457777,-687.0759467387269,809.4757200775878,-1158.6105442016242,-587.6412783722675,167.60886377290882,-112.0500232718675,502.0142998579258,-1306.0717848589982,-225.94655274722916,-467.39116400247923,-827.0724279459275,58.769639306040055,-16.92476080189135,-335.69940501746095,430.21771598647626,-229.25781689613248,124.36646923866189,253.39156295765298,-388.45523741741226,-36.815135398052256
388.2112527838445,1694.124390086309,-2181.715107570402,-2902.3657442662516,1077.0481634635883,-1253.1557945799345,1150.3020091384049,495.2366547737018,-531.5780735627055,1006.4400286694723,-301.2461960918305,1014.4176886843884,2347.6510810342616,-120.91086172057898,765.9805516100201,-1047.6856679572977,3786.6912561126755,1026.9607416818294,607.3572174429968,2878.600774400977,1442.1656731230173,-1486.2603524074843,-341.102683403681,726.8777143897806,-1590.406637775442,1871.6399363231228,-2680.402796353297,-1360.462225940837,388.6287906034435,-260.0518357519823,1160.5458143173973,-3021.4633573839214,-522.7976856546218,-1083.6122941180452,-1913.5198487829373,136.45928060578532,-40.261277272064305,-777.7041051949823,994.8743372094884,-531.0099823826818,286.977972533361,585.9350810799419,-899.1572350071671,-85.03972954304014
-19.544410034420256,-87.81135978998489,112.69283835751719,149.13824839937098,-56.3778344158308,64.24688901466662,-59.357153719863206,-25.408111644475387,27.709027312386553,-52.26533264620414,15.50418926663023,-52.74671930967592,-120.91086172057898,6.923414949685314,-39.7961608150558,53.666096739322775,-194.95294500402875,-53.52228265018372,-32.09074854016137,-148.08302825555683,-74.65364931656943,76.48744018896033,17.885131711591278,-37.381410968389474,81.62841488588167,-97.15309608173874,138.3338688677053,69.71443557622305,-19.65191036037027,13.000121598141904,-60.18282841180124,155.98294896425594,26.991043573558276,54.937533623973884,98.71467995428317,-6.905488408441305,1.4241510042440721,39.64265154513925,-51.48440226918243,27.160746375814114,-15.13629674660981,-30.4601843148203,46.360519738475105,4.530935014924956
126.36848608687322,552.9447185839131,-711.9239499487024,-946.7151238351241,351.78636524415015,-408.68109052868897,375.42898366677144,161.61015489303026,-173.49055510596446,328.5782925614121,-98.30270215562216,331.11409137697996,765.9805516100201,-39.7961608150558,250.2498904486763,-341.6613088389501,1235.3866849399112,335.35734965486404,198.49979904261838,938.9155736896691,470.33692679847314,-484.82028308058307,-111.34802214094718,237.241524978682,-518.7580087753374,610.8073564263556,-874.4575974494702,-443.60886280759695,126.68545930724206,-84.68087717890404,378.6009686398618,-985.7455788096502,-170.63633320956276,-353.33560366381374,-624.2843864721505,44.59262353348237,-12.810745268549349,-253.59161470903547,324.4988548324149,-173.20279993250728,93.6659182670062,191.30243948446008,-293.43191492718836,-27.865721346348142
-173.42973256428212,-755.8271202169545,973.500267053127,1295.4754910064114,-480.2823085140808,559.4453342019336,-513.2230209709925,-221.0081089622413,237.13689074381045,-448.9616761473862,134.44118184219295,-452.52307187844855,-1047.6856679572977,53.666096739322775,-341.6613088389501,467.7753022092349,-1689.9631961001064,-458.0884153722746,-270.7390526973122,-1284.8283772704942,-643.4801618479057,663.354310108153,152.23378504418793,-324.41378183640853,710.0053204391766,-835.0277008102125,1196.1958261431812,607.2144431981402,-173.53459706419838,116.12495618460676,-517.8165331894684,1348.3281504154475,233.26292260954312,483.9014624363187,853.9749066201156,-60.91538949971113,18.271584959456632,347.1684736935954,-443.83774741020676,237.0261918026271,-127.93560069107079,-261.3200025210983,401.1442868740446,37.86776436038431
626.2731120367284,2732.5664158073714,-3519.0302803001364,-4681.556789041959,1737.205142256964,-2021.4039915478631,1855.381228986269,798.8044346635481,-857.4492713999488,1623.3059936897366,-485.91823021282113,1636.2340988583746,3786.6912561126755,-194.95294500402875,1235.3866849399112,-1689.9631961001064,6107.954466517559,1656.3890465190032,979.5476284987332,4643.28468178812,2326.393112560206,-2397.387509750714,-550.2225322548679,1172.4037374098698,-2565.32192083975,3019.0071609839733,-4323.562708024848,-2194.458085213388,626.8346361646517,-419.458072063561,1872.029734721177,-4873.6388508300815,-843.2412895705146,-1747.821241087813,-3086.534287432644,220.04507482434548,-65.05035493599645,-1254.3974814948613,1604.794553159558,-856.5330595585073,462.950512137871,945.0621696813903,-1450.3013514831814,-137.1267433047209
169.37457607546625,741.6158563311659,-954.7007781031856,-1269.3516582581028,471.99875993689415,-547.9793874499646,503.1546075121857,216.42526434360332,-232.91924946672185,440.70663988262174,-131.7280576809974,444.2742460951761,1026.9607416818294,-53.52228265018372,335.35734965486404,-458.0884153722746,1656.3890465190032,449.9202659452663,266.5403999538464,1259.1372072954516,631.2579817945953,-650.138212496962,-149.67873569910373,317.880038826649,-695.6029492547117,819.4928343281092,-1172.8978705124325,-594.7418034532342,169.64199179717582,-113.34927944280098,508.19434287640274,-1322.1822452059687,-228.76896865565922,-473.0938151575351,-837.2915166007036,59.532979325846256,-17.015063320409233,-339.7918198736517,435.413899260427,-232.04632182979478,125.87370915665906,256.5559927668197,-393.1919948246195,-37.31578568246602
99.88854360698812,438.98338125938926,-564.8735739928072,-750.5086343001211,279.74147615220096,-323.913633242686,297.57023103306693,127.84909230160974,-138.02030733501192,260.9445925209181,-77.86263391811961,263.1220663456742,607.3572174429968,-32.09074854016137,198.49979904261838,-270.7390526973122,979.5476284987332,266.5403999538464,158.23489469251788,744.6168354943374,373.6746770009166,-384.4759650175121,-88.80530943069857,187.90801244408263,-411.2573745801562,485.1944108790705,-693.922255537746,-351.536607648878,100.08568514139671,-66.78302361272863,300.93739940744405,-782.3082839648857,-135.33665755596886,-279.13198810331374,-495.3366235746261,35.0795015954599,-9.632752816003643,-200.69753856421318,257.72736993447626,-137.06574814749553,74.70019544408906,151.9217166569047,-232.48912163638636,-22.145315350215817
476.21024221360636,2077.2619957753186,-2675.1588058957445,-3559.061172846645,1320.5140492514533,-1536.7935527890497,1410.2960186154046,607.1373240942468,-651.899946948058,1233.9678317514085,-369.35666423396253,1243.884726388852,2878.600774400977,-148.08302825555683,938.9155736896691,-1284.8283772704942,4643.28468178812,1259.1372072954516,744.6168354943374,3530.0789777927994,1768.7696141118315,-1822.5615602094344,-418.43317479418437,891.1751138530831,-1950.3006411622093,2295.134132544931,-3286.9634270532865,-1668.301261054385,476.48937072213675,-318.8377386785123,1423.307585573397,-3705.1433369969463,-640.9769442428632,-1328.5954895235334,-2346.501529597215,167.16486040230674,-49.5672925950008,-953.561311667035,1220.0473765856946,-651.0827918943604,351.9908463612313,718.3640710655158,-1102.3641009392315,-104.16923823427723
238.42987137041078,1041.2264624474863,-1340.6030082524687,-1782.948815322952,662.34353284731435,-769.782265316681,706.5837724439674,303.9980772654426,-327.0251981255221,618.5293717801436,-185.01564939751458,623.7259012914384,1442.1656731230173,-74.65364931656943,470.33692679847314,-643.4801618479057,2326.393112560206,631.2579817945953,373.6746770009166,1768.7696141118315,887.1990404700953,-913.2113232238089,-209.93536451845162,446.2099421117326,-976.8150480121304,1150.8016145637969,-1647.334797798377,-835.8194534872888,238.3818763661657,-159.50481907801932,713.8319545380886,-1856.9513059823691,-321.1427496296912,-664.6391578209817,-1175.8911459092092,83.42297384139442,-24.40856659056562,-477.408339149265,611.9083597787487,-326.0272472416152,176.88074976312356,360.1560291133274,-552.3269480466942,-52.21437239135716
-245.8381570809004,-1072.5277770693638,1381.211116230512,1837.5526030509393,-681.8392771939767,793.4443098701074,-728.1712625347019,-313.48383848541414,336.5894294114468,-637.1367292648749,190.71319734914871,-642.2429034078847,-1486.2603524074843,76.48744018896033,-484.82028308058307,663.354310108153,-2397.387509750714,-650.138212496962,-384.4759650175121,-1822.5615602094344,-913.2113232238089,941.0164535330251,216.0299528995252,-460.1284714973902,1006.9468065923948,-1185.0127181292653,1697.0773355537729,861.3280981858769,-246.01156874605908,164.623058391169,-734.8583106079857,1912.9691527563914,330.96111563097963,685.959497389082,1211.5143014435869,-86.3208816248167,25.571238703947177,492.3311463948417,-629.9201290444372,336.17082079647975,-181.73705557772445,-370.91176825683215,569.1732735482814,53.79413021333065
-56.17697833848047,-246.48715436353447,317.21501171346875,421.7017744325332,-156.9682446248726,182.10139785538016,-166.94925492621152,-71.70387577804665,77.55867305796777,-146.50123453031412,43.7069824541109,-147.76183429142648,-341.102683403681,17.885131711591278,-111.34802214094718,152.23378504418793,-550.2225322548679,-149.67873569910373,-88.80530943069857,-418.43317479418437,-209.93536451845162,216.0299528995252,50.064445385167765,-105.51980017144531,231.2290090210682,-272.51809016527284,389.90480077804204,197.4228255414513,-56.20996061972936,37.46352509272894,-169.1316394663147,439.502470042211,75.99023389712961,156.78108661413262,278.3243048903743,-19.64645725634739,5.569814178698623,112.70007462833276,-144.68774211050277,76.95213179751536,-41.93599226065035,-85.22692694645926,130.35859542010226,12.375886690471479
120.19185507643166,524.4220556665558,-675.3982177784875,-898.6311203283719,333.34700968669176,-388.0072944191165,356.1927828678224,153.43515873305375,-164.46444831514285,311.54701608789037,-93.30498269774054,313.9575524457777,726.8777143897806,-37.381410968389474,237.241524978682,-324.41378183640853,1172.4037374098698,317.880038826649,187.90801244408263,891.1751138530831,446.2099421117326,-460.1284714973902,-105.51980017144531,225.17226194513043,-492.4487281686122,579.2874084267016,-829.733332729228,-421.16694306919095,120.38081953052613,-80.52349813396059,359.0806096797014,-935.2861911950357,-161.8715887109736,-335.7563767347306,-592.3743340085318,42.36512931497869,-12.522920158766423,-240.81830448468148,307.8293691761706,-164.46351556758648,88.72448132587225,181.35065098841417,-278.4338227715956,-26.345706517354255
-263.11355161631656,-1147.4775197280815,1477.8731961144465,1966.4448905575405,-729.290561140826,849.1829178648563,-779.0320379776633,-335.40064481391113,360.07347077681413,-681.683378242494,204.04792524681088,-687.0759467387269,-1590.406637775442,81.62841488588167,-518.7580087753374,710.0053204391766,-2565.32192083975,-695.6029492547117,-411.2573745801562,-1950.3006411622093,-976.8150480121304,1006.9468065923948,231.2290090210682,-492.4487281686122,1077.796183732627,-1267.7139620311684,1815.8854427904182,921.6358502831207,-263.36078819262275,176.194028605955,-786.1778342985414,2046.8793151870145,354.144847877697,734.3282982389986,1296.3827849218205,-92.45337912392638,27.552758982615302,526.9278600254139,-673.7622972729187,359.7222699897076,-194.2555947015608,-396.76178409769466,608.8489108042006,57.522265263327725
309.10876144019755,1351.3696359997055,-1739.8130834581136,-2313.690938230783,859.7915850258405,-998.8745624569029,917.0657487054718,394.5883303810854,-424.35911732381527,802.8703891964026,-240.13495923137475,809.4757200775878,1871.6399363231228,-97.15309608173874,610.8073564263556,-835.0277008102125,3019.0071609839733,819.4928343281092,485.1944108790705,2295.134132544931,1150.8016145637969,-1185.0127181292653,-272.51809016527284,579.2874084267016,-1267.7139620311684,1493.401044398332,-2137.6702109830067,-1084.3329562792487,309.3081415243283,-206.8086793958445,926.1245600456582,-2409.674724334709,-416.83614762471495,-862.5950052930411,-1525.965382666922,108.44657302514234,-31.425055799727822,-619.4468544233619,793.7435794551917,-423.0773144398833,229.41539803601208,467.4377668846478,-716.7871575956283,-67.8869278978607
-443.13012473805344,-1934.6260238695227,2491.2047008956692,3313.8147668504844,-1230.2073123691712,1430.8247307243666,-1313.2108399781036,-565.2062994069233,607.2877140034724,-1149.3138285266853,343.90148238733786,-1158.6105442016242,-2680.402796353297,138.3338688677053,-874.4575974494702,1196.1958261431812,-4323.562708024848,-1172.8978705124325,-693.922255537746,-3286.9634270532865,-1647.334797798377,1697.0773355537729,389.90480077804204,-829.733332729228,1815.8854427904182,-2137.6702109830067,3060.920312867757,1553.204037036649,-443.430911497205,296.6278936754642,-1325.689556549037,3450.3603661767143,596.8956849639445,1236.461508666265,2185.0978910440035,-155.52845084437092,45.743608446281115,887.6324874834021,-1136.2538354821202,606.1084673610626,-328.0220292830824,-669.0944076571324,1026.4213990854741,97.07959292908144
-225.2798934536774,-981.507801173835,1264.1968761949217,1682.0792899776866,-623.7271562737893,726.3150182106358,-666.6077837760945,-287.0461297023719,307.9101866636965,-583.0002967286393,174.57262315412171,-587.6412783722675,-1360.462225940837,69.71443557622305,-443.60886280759695,607.2144431981402,-2194.458085213388,-594.7418034532342,-351.536607648878,-1668.301261054385,-835.8194534872888,861.3280981858769,197.4228255414513,-421.16694306919095,921.6358502831207,-1084.3329562792487,1553.204037036649,788.7291806433852,-225.39508536740254,150.96939635009073,-672.4368425296019,1750.856199361324,302.9065110169275,628.305134646049,1108.8042238953185,-79.06994732557288,23.64910393580301,450.92229550894655,-576.6247500494351,307.8278298922044,-166.22526801074565,-339.4653059103289,521.1522608470938,49.190451263603244
64.47900700523947,280.1201736526669,-360.97261231803213,-480.56402704490006,177.78113927282942,-207.55570547160764,190.41493752565376,82.06140201271386,-87.76686168588537,166.3792841131822,-49.8722804951571,167.60886377290882,388.6287906034435,-19.65191036037027,126.68545930724206,-173.53459706419838,626.8346361646517,169.64199179717582,100.08568514139671,476.48937072213675,238.3818763661657,-246.01156874605908,-56.20996061972936,120.38081953052613,-263.36078819262275,309.3081415243283,-443.430911497205,-225.39508536740254,64.57656902793055,-43.311143778166134,191.78852941666503,-499.85586089097865,-86.52419637324,-179.9256751114633,-316.5908987865914,22.70690039180889,-6.992638955594661,-129.01722471259734,164.49995401224527,-88.0236678960976,47.26143955332429,96.87560498828121,-148.86821693000357,-14.024385841927494
-43.26568100162879,-187.32891103910518,241.49084900884023,321.59619695628436,-118.77957463950666,138.90662505658105,-127.43928579623292,-54.943585966352536,58.655868020726324,-111.24247518883715,33.373374106770164,-112.0500232718675,-260.0518357519823,13.000121598141904,-84.68087717890404,116.12495618460676,-419.458072063561,-113.34927944280098,-66.78302361272863,-318.8377386785123,-159.50481907801932,164.623058391169,37.46352509272894,-80.52349813396059,176.194028605955,-206.8086793958445,296.6278936754642,150.96939635009073,-43.311143778166134,29.135264868823462,-128.26151473589334,334.3866728691364,57.88848283719557,120.56895525627314,211.7748068691003,-15.206987690775508,4.808605078209842,86.46578135803726,-110.11237545403826,58.9582990066307,-31.575402219169394,-64.80424280306816,99.67235129515133,9.354762396579499
191.72026675128998,837.9756188023125,-1078.8715722915374,-1434.726549521319,533.122065525656,-619.4576223740972,568.5026750033225,244.51044248041345,-263.24347013522356,497.8706508517628,-148.84019422429404,502.0142998579258,1160.5458143173973,-60.18282841180124,378.6009686398618,-517.8165331894684,1872.029734721177,508.19434287640274,300.93739940744405,1423.307585573397,713.8319545380886,-734.8583106079857,-169.1316394663147,359.0806096797014,-786.1778342985414,926.1245600456582,-1325.689556549037,-672.4368425296019,191.78852941666503,-128.26151473589334,574.5225990254602,-1494.3999060909532,-258.47043447801013,-534.6877339390954,-946.314194753458,67.13029959147242,-19.525836240562164,-384.12254849714003,492.3132301945485,-262.2712430706083,142.3237733570331,289.8609977096207,-444.29176800831254,-42.047002227722395
-499.48269538870244,-2180.8251055762266,2808.2348314919627,3735.39889729211,-1386.7971913471192,1612.8257556210522,-1480.3151930384115,-637.0966382115718,684.5746097382154,-1295.5994983748042,387.63578398702424,-1306.0717848589982,-3021.4633573839214,155.98294896425594,-985.7455788096502,1348.3281504154475,-4873.6388508300815,-1322.1822452059687,-782.3082839648857,-3705.1433369969463,-1856.9513059823691,1912.9691527563914,439.502470042211,-935.2861911950357,2046.8793151870145,-2409.674724334709,3450.3603661767143,1750.856199361324,-499.85586089097865,334.3866728691364,-1494.3999060909532,3889.416882929241,672.8544464177061,1393.7205281818963,2463.1071512382623,-175.31421085089846,51.481587103710076,1000.590944735281,-1280.877380639865,683.1988311635928,-369.7734944307858,-754.27916658209,1157.0408415524134,109.44640984064667
-86.38584481950984,-377.3038450603808,485.8655851337867,646.2734072999048,-239.93381785433488,279.03729613739546,-256.1586803527049,-110.26526277547163,118.40364738974769,-224.18392967208626,67.0790120081056,-225.94655274722916,-522.7976856546218,26.991043573558276,-170.63633320956276,233.26292260954312,-843.2412895705146,-228.76896865565922,-135.33665755596886,-640.9769442428632,-321.1427496296912,330.96111563097963,75.99023389712961,-161.8715887109736,354.144847877697,-416.83614762471495,596.8956849639445,302.9065110169275,-86.52419637324,57.88848283719557,-258.47043447801013,672.8544464177061,116.4517143083949,241.229749619857,426.12031150436616,-30.393141033216452,8.898713225332633,173.15849237974223,-221.5456529375156,118.23143750432418,-63.92324078112748,-130.51544245916654,200.21115936454413,18.959066310890933
-179.69584270037603,-781.1297169707755,1006.4771015911465,1339.9603239472096,-495.87040558267654,578.6828592856951,-530.9895086533988,-228.92439024312924,244.7267437036476,-463.92393698466816,139.12596877881623,-467.39116400247923,-1083.6122941180452,54.937533623973884,-353.33560366381374,483.9014624363187,-1747.821241087813,-473.0938151575351,-279.13198810331374,-1328.5954895235334,-664.6391578209817,685.959497389082,156.78108661413262,-335.7563767347306,734.3282982389986,-862.5950052930411,1236.461508666265,628.305134646049,-179.9256751114633,120.56895525627314,-534.6877339390954,1393.7205281818963,241.229749619857,501.6562402502099,882.7992819384422,-63.34711130793263,19.402452275083913,359.5494833489465,-458.60217053905853,245.44127100876253,-131.8158602997565,-270.06261595968215,415.16343024239393,39.12996956882761
-316.3495934604288,-1381.0584300004164,1778.4096826054915,2365.7131711707852,-878.1661206963494,1021.463083499223,-937.4799185736083,-403.5159782689733,433.49439793738156,-820.459942924529,245.51252300309358,-827.0724279459275,-1913.5198487829373,98.71467995428317,-624.2843864721505,853.9749066201156,-3086.534287432644,-837.2915166007036,-495.3366235746261,-2346.501529597215,-1175.8911459092092,1211.5143014435869,278.3243048903743,-592.3743340085318,1296.3827849218205,-1525.965382666922,2185.0978910440035,1108.8042238953185,-316.5908987865914,211.7748068691003,-946.314194753458,2463.1071512382623,426.12031150436616,882.7992819384422,1559.892211067307,-111.07099049155421,32.68708824297157,633.6983530164624,-811.0840897102014,432.7072398817172,-234.11171055130927,-477.62797588053024,732.7422596598431,69.30170929662505
22.59413829923295,98.29282525452528,-126.67791276418974,-168.6868149987202,62.3767135635106,-72.83690283484952,66.91409914605475,28.90222714255366,-30.722830857684265,58.397336176456356,-17.53944604623195,58.769639306040055,136.45928060578532,-6.905488408441305,44.59262353348237,-60.91538949971113,220.04507482434548,59.532979325846256,35.0795015954599,167.16486040230674,83.42297384139442,-86.3208816248167,-19.64645725634739,42.36512931497869,-92.45337912392638,108.44657302514234,-155.52845084437092,-79.06994732557288,22.70690039180889,-15.206987690775508,67.13029959147242,-175.31421085089846,-30.393141033216452,-63.34711130793263,-111.07099049155421,8.076428084508763,-2.4459806915835567,-45.31312624279324,57.60035465688163,-30.943163732034044,16.495232647621012,33.98646009204439,-52.32662959074955,-4.954036114712585
-7.086934945675291,-28.54218256493288,37.10611436026585,50.12503724813287,-17.625147817721558,21.791406083776586,-19.632833263587443,-8.595780797493147,8.81275286932995,-16.846153084708828,5.188975724906834,-16.92476080189135,-40.261277272064305,1.4241510042440721,-12.810745268549349,18.271584959456632,-65.05035493599645,-17.015063320409233,-9.632752816003643,-49.5672925950008,-24.40856659056562,25.571238703947177,5.569814178698623,-12.522920158766423,27.552758982615302,-31.425055799727822,45.743608446281115,23.64910393580301,-6.992638955594661,4.808605078209842,-19.525836240562164,51.481587103710076,8.898713225332633,19.402452275083913,32.68708824297157,-2.4459806915835567,1.324068966104716,13.704148971439713,-16.826228907695075,9.297272341602081,-4.601859847379518,-9.7780421065008,15.3762843341545,1.3167394079133277
-128.85909473520417,-560.8598791225234,722.5445187494397,961.5773383032003,-356.2212962722974,415.24435955722583,-381.0572499691112,-164.12930403372138,175.8521931769294,-333.15063496661946,99.78940527060982,-335.69940501746095,-777.7041051949823,39.64265154513925,-253.59161470903547,347.1684736935954,-1254.3974814948613,-339.7918198736517,-200.69753856421318,-953.561311667035,-477.408339149265,492.3311463948417,112.70007462833276,-240.81830448468148,526.9278600254139,-619.4468544233619,887.6324874834021,450.92229550894655,-129.01722471259734,86.46578135803726,-384.12254849714003,1000.590944735281,173.15849237974223,359.5494833489465,633.6983530164624,-45.31312624279324,13.704148971439713,257.95938558055445,-329.4085386626494,176.0384270705486,-94.81177733788802,-193.9852152149539,297.8982226232255,28.105795150198215
164.48186850168008,718.2387692415476,-924.783768740804,-1229.8836005808187,456.87140756520876,-530.9640878480532,487.49784302618195,209.76345168959588,-225.53167309386197,426.6726057336717,-127.63794802766435,430.21771598647626,994.8743372094884,-51.48440226918243,324.4988548324149,-443.83774741020676,1604.794553159558,435.413899260427,257.72736993447626,1220.0473765856946,611.9083597787487,-629.9201290444372,-144.68774211050277,307.8293691761706,-673.7622972729187,793.7435794551917,-1136.2538354821202,-576.6247500494351,164.49995401224527,-110.11237545403826,492.3132301945485,-1280.877380639865,-221.5456529375156,-458.60217053905853,-811.0840897102014,57.60035465688163,-16.826228907695075,-329.4085386626494,422.10601750160987,-224.93760264541578,121.96948626660887,248.46852155990715,-381.1077529978099,-36.034554594461206
-87.94175617636527,-383.01202921330463,493.3527018293662,656.5411683483684,-243.34775676028863,283.4934835144624,-260.2445758484559,-112.13156743221785,120.08570137687819,-227.49253120118607,68.1744860717404,-229.25781689613248,-531.0099823826818,27.160746375814114,-173.20279993250728,237.0261918026271,-856.5330595585073,-232.04632182979478,-137.06574814749553,-651.0827918943604,-326.0272472416152,336.17082079647975,76.95213179751536,-164.46351556758648,359.7222699897076,-423.0773144398833,606.1084673610626,307.8278298922044,-88.0236678960976,58.9582990066307,-262.2712430706083,683.1988311635928,118.23143750432418,245.44127100876253,432.7072398817172,-30.943163732034044,9.297272341602081,176.0384270705486,-224.93760264541578,120.2134839311909,-64.79253150759082,-132.4569471448752,203.47505854151157,19.211810903321442
47.29851054172003,207.45631914582805,-266.93045547681385,-354.68896904150523,132.2041576626748,-153.08189692223917,140.63550495285196,60.4305882341928,-65.25642015750674,123.25952831564034,-36.80974247249194,124.36646923866189,286.977972533361,-15.13629674660981,93.6659182670062,-127.93560069107079,462.950512137871,125.87370915665906,74.70019544408906,351.9908463612313,176.88074976312356,-181.73705557772445,-41.93599226065035,88.72448132587225,-194.2555947015608,229.41539803601208,-328.0220292830824,-166.22526801074565,47.26143955332429,-31.575402219169394,142.3237733570331,-369.7734944307858,-63.92324078112748,-131.8158602997565,-234.11171055130927,16.495232647621012,-4.601859847379518,-94.81177733788802,121.96948626660887,-64.79253150759082,35.410380698797546,71.79105080312918,-109.92602241650845,-10.433841661737016
96.72490780818445,423.0709601447604,-544.689482158942,-724.2096481141549,269.18400013948417,-312.62857641866697,287.16814554550297,123.53758106430355,-132.817194291427,251.38026417179506,-75.16412072687767,253.39156295765298,585.9350810799419,-30.4601843148203,191.30243948446008,-261.3200025210983,945.0621696813903,256.5559927668197,151.9217166569047,718.3640710655158,360.1560291133274,-370.91176825683215,-85.22692694645926,181.35065098841417,-396.76178409769466,467.4377668846478,-669.0944076571324,-339.4653059103289,96.87560498828121,-64.80424280306816,289.8609977096207,-754.27916658209,-130.51544245916654,-270.06261595968215,-477.62797588053024,33.98646009204439,-9.7780421065008,-193.9852152149539,248.46852155990715,-132.4569471448752,71.79105080312918,146.4077497370956,-224.46044819658275,-21.292693750683025
-148.7181650193218,-648.8503910709237,835.581338865336,1111.4997942844445,-412.53962306338724,479.81950024851807,-440.8033479263302,-189.8687839274129,203.48914663502632,-385.41093773507055,115.44069420264174,-388.45523741741226,-899.1572350071671,46.360519738475105,-293.43191492718836,401.1442868740446,-1450.3013514831814,-393.1919948246195,-232.48912163638636,-1102.3641009392315,-552.3269480466942,569.1732735482814,130.35859542010226,-278.4338227715956,608.8489108042006,-716.7871575956283,1026.4213990854741,521.1522608470938,-148.86821693000357,99.67235129515133,-444.29176800831254,1157.0408415524134,200.21115936454413,415.16343024239393,732.7422596598431,-52.32662959074955,15.3762843341545,297.8982226232255,-381.1077529978099,203.47505854151157,-109.92602241650845,-224.46044819658275,344.69427442434136,32.61119493083431
-13.950528106757003,-61.46557278460482,79.08344741184078,105.02746356954074,-39.184486487722836,45.30834267838752,-41.72547643555936,-17.945298490841196,19.287924271837724,-36.54339938812542,10.9154304904078,-36.815135398052256,-85.03972954304014,4.530935014924956,-27.865721346348142,37.86776436038431,-137.1267433047209,-37.31578568246602,-22.145315350215817,-104.16923823427723,-52.21437239135716,53.79413021333065,12.375886690471479,-26.345706517354255,57.522265263327725,-67.8869278978607,97.07959292908144,49.190451263603244,-14.024385841927494,9.354762396579499,-42.047002227722395,109.44640984064667,18.959066310890933,39.12996956882761,69.30170929662505,-4.954036114712585,1.3167394079133277,28.105795150198215,-36.034554594461206,19.211810903321442,-10.433841661737016,-21.292693750683025,32.61119493083431,3.130808167503134
