V1,V2,V3,V4,V5,V6,V7,V8,V9,V10,V11,V12,V13,V14,V15,V16,V17,V18,V19,V20,V21,V22,V23,V24,V25,V26,V27,V28,V29,V30,V31,V32,V33,V34,V35,V36,V37,V38,V39,V40,V41,V42,V43,V44
0.569923286555067,0.07190018128047924,0.03839027491525572,0.8373065389598712,-0.23543129221975212,0.3995867932959163,0.17328602384141473,0.14741612316872307,-0.3033591957426231,-0.08216973148252193,-0.434680384135256,0.33220452883869367,0.033948445652419224,-0.07858606701094438,0.07806448426295015,0.761178557889026,-0.02302416610069573,0.20867638025251287,0.3139342188182018,-0.18896315010304202,-0.0612288345210801,-0.05148107744029612,0.05198621605492878,-0.05152595357181786,-0.2628056768878541,0.05255266206894086,0.20639992189375447,-0.4244306193307806,0.14213545384689588,0.22226167815040607,0.18371019198651037,0.17932034053452645,-0.7456368773883092,0.14161989443359582,-0.5604760044123052,-0.09262802438137395,0.4559766331427054,0.3462601442414026,0.3929618720139842,-0.1773094288517496,0.7163790803741695,0.04227737993830769,0.527963509141313,-0.10413478846705966
0.07190018128047924,0.8652329151437691,-0.4315743516487741,0.24498581102063685,0.4483695213399592,0.26701372462771666,0.8321785572256838,0.14117378386872068,-0.6635106400159804,-0.7402152542327615,0.01897774750918657,0.3416784348713255,0.8044329052476873,0.17198026660510113,0.3496162681056513,0.8911942834609285,-0.3128985926266058,-0.5428831436842603,0.07938686127096675,0.08050165668411731,-0.6040003112920281,-0.3252975097319524,-0.040891727945862814,-0.21079962117413928,-0.006553497508399696,0.26046026519983156,-0.18074962197227645,0.08434200122784148,-0.53869025198029,0.08952388714326777,0.32703034637736217,-0.45729219046778485,-0.8555127668114683,0.32873573545765733,-0.15500084764266583,-0.06037788480363056,-0.3279123026337772,-0.0867912533924709,-0.17513602181074917,0.32012336545818815,-0.00867923111613226,-0.3461412441358168,0.3751466291119635,-0.08489643362502493
0.03839027491525572,-0.4315743516487741,0.6994177483412755,0.3787814105388372,-0.32825128171682677,-0.0881842948423722,0.4832270355853487,-0.2606673757321499,-0.19968959494994215,0.8517355365993928,0.16760040287836478,-0.24698056729779008,-0.43889484722798655,0.03570861619339675,-0.22969810990228598,-0.3507283998081902,0.39133099885199973,0.40186054080559086,0.16347276143384623,-0.032541163009003844,0.33422347394519686,0.2796432578714882,0.7790253107061329,-0.18696828388629083,-0.08356888364596386,-0.13256331454922968,-0.10891533283843181,0.06855632415881216,0.41102664916135834,-0.06776459161734884,-0.3985681702906662,0.250480614391647,0.2392227152079394,0.12198323552861662,-0.0020266454590425432,0.8410064053922446,0.6986900915546468,0.5875268715668933,0.2210221374586985,0.017626135160232884,0.25308577638551233,0.0531931095604446,-0.275339632121289,-0.17516789610758676
0.8373065389598712,0.24498581102063685,0.3787814105388372,2.695520634188737,-0.013176472511419277,0.7228806180010723,1.1845197481495116,0.24277124159039246,-0.6795884919486638,1.1589168951420916,-0.3159067418362721,0.898433270797125,0.31531326191705394,0.2947437077444942,-0.514034000734264,0.6068079254692672,0.18818101844595805,-0.24114426693241528,0.6565660615386791,-0.5884517776940633,-0.10804430548691382,-0.752142755548414,0.9104866174502086,-0.01271735949315483,-0.04353363707380255,0.11766327157686805,-0.035668435603187686,-0.8883056877044513,0.5680533942735715,0.390872778092573,0.56178068886447,0.603415997658162,-1.7194472286309364,0.3337876517389626,-1.2828897428608308,1.8435061971280469,1.3257770196703018,1.670544010081126,0.9891467637923035,-0.17815291677293876,1.219950259313778,0.05625055419740781,0.45989949583186196,-0.22917521197934715
-0.23543129221975212,0.4483695213399592,-0.32825128171682677,-0.013176472511419277,0.6738653169540559,-0.09924324012640391,0.30361655139152377,-0.11415890383113908,-0.13672541554727924,-0.08753383630313841,0.3363607462356673,0.1551372662324319,0.3691733784765036,0.20101070217555103,-0.10426006863555931,0.05068936764019577,-0.05611537152892865,-0.48596122082533966,0.08156779859234475,0.11236673662991661,-0.3378047947730934,-0.358217358383612,0.033442992333601186,-0.0308849713117627,0.18906016030550288,-0.11346467251810001,-0.17707512668488462,-0.04202910945663592,-0.39193055514986774,-6.830401936300471e-4,0.36412414221772876,-0.3755421275930889,-0.40870681095363887,0.028619838538740526,0.27368217717956517,0.3986209663212199,-0.24024838427590342,-0.20244802791680588,-0.25890874047219964,0.1595445143203584,-0.5249063095943888,-0.11019300288135038,-0.22512458991414075,3.6018459595460024e-5
0.3995867932959163,0.26701372462771666,-0.0881842948423722,0.7228806180010723,-0.09924324012640391,0.5258766151557791,0.3478453232499011,0.38094584981767793,-0.3070730288374792,-0.3091935360719509,-0.4010166101616816,0.4172003442174114,0.48800135129443317,0.09043218027528517,0.17963247376847727,0.6199174073078485,-0.22984797354733194,-0.18993877331852785,0.024686976341820703,-0.17474413358637156,-0.15962020414650538,-0.19534408617561824,-0.21170495908944606,0.09150025472521742,-0.07009273948074969,0.443605707161415,0.1459843403334567,-0.10098611074343061,0.08070752258686191,0.21012734443695083,0.19990374678381892,0.2313838313545364,-0.6307204611692943,0.25020441485021594,-0.7637036312351869,-0.06760165620567488,0.045974800795903964,0.41230658877693793,0.2596407323920758,0.04999535911568945,0.6606469489073046,-0.07573018781237557,0.5442666103449013,0.07605374214053506
0.17328602384141473,0.8321785572256838,0.4832270355853487,1.1845197481495116,0.30361655139152377,0.3478453232499011,3.3070829500861225,-0.2972328117711805,-2.0369020370723168,0.07416071782961212,0.3404431934986289,0.17805710216862997,1.1025080016478768,0.9314098442202436,0.7373322851338625,1.186727539335242,-0.05176440131518872,-0.46220885733368083,0.2629414810044448,0.13421480515329084,-0.5906583692086851,0.2042142692481807,1.5404696308376074,-1.1544663106531046,-0.10870233698931388,0.8347838035312833,-0.7103061008645224,0.9915641886710542,-0.34929566082068586,0.12351329107367195,-0.6818017833934706,-0.35043581521250516,-0.9351077905678482,1.248724616184076,-0.4960429122686799,1.764970715425722,0.681199245013666,1.2309606947254685,-0.06913160089759146,0.9970533950734043,0.8030869384787854,-0.7368934009006624,0.16178887193045488,-0.47565455644682036
0.14741612316872307,0.14117378386872068,-0.2606673757321499,0.24277124159039246,-0.11415890383113908,0.38094584981767793,-0.2972328117711805,0.5594351359035706,0.21498086073701667,-0.3786480971837567,-0.364363535187047,0.3269033846382032,0.44870848105756495,-0.023428702841703355,0.07943497164679171,0.10910163997710795,-0.3302829358524613,-0.36993895916250397,-0.2674077821033936,-0.1947448446234208,-0.05544080919865953,-0.33182474987667987,-0.6486764313999053,0.37535572511605675,0.11713970800699139,0.4825001792849851,0.15685060715576263,-0.04404188663371076,0.11365997643367315,0.11770350935774103,0.25100227405279835,0.2895582614830285,-0.1608897929046936,-0.011460373139194768,-0.6263128723272615,-0.39589479180290316,-0.3657736708290427,0.13201296641869,0.15294901444560682,-0.046266115530058924,0.34506147321027575,-0.017439174955756597,0.41068120586638135,0.2533314970532871
-0.3033591957426231,-0.6635106400159804,-0.19968959494994215,-0.6795884919486638,-0.13672541554727924,-0.3070730288374792,-2.0369020370723168,0.21498086073701667,1.502747768718533,0.3865313083375466,-0.04113467058585881,-0.12738691671916844,-0.6698848927932877,-0.37857793254962996,-0.6580959741755855,-1.3530683278800417,0.07540708532908878,0.08473362079713354,-0.3613360155899972,-0.1525607901932265,0.48270687108047566,-0.22841642764602446,-0.8707068768501726,0.8101238126088414,0.29508246829096785,-0.39968482690422036,0.3403989472554961,-0.428525062381761,0.4088466836275539,-0.11831827894902193,0.3624461922800845,0.4111623017412164,0.9014146579998089,-0.8090338845732382,0.2578346876543795,-0.5741341223042685,-0.4484472054337506,-0.48082501278052164,0.040494640537205126,-0.5827794764237453,-0.5960634472081847,0.5308578116015938,-0.38607562150793207,0.395671556419384
-0.08216973148252193,-0.7402152542327615,0.8517355365993928,1.1589168951420916,-0.08753383630313841,-0.3091935360719509,0.07416071782961212,-0.3786480971837567,0.3865313083375466,2.3919363916595056,0.5312288341177586,-0.0765716045604912,-0.8719807573616872,0.11082207545463059,-1.1447453933896998,-1.420724985726934,0.8411043992576319,0.234628377652791,0.31303899597913254,-0.38726339319278363,0.686854199549745,-0.3135544581240751,1.2782455749021315,0.16741063617186247,0.25499899925792313,-0.6346511620977816,-0.22779866165859816,-0.48811603647574486,0.8567904598255816,-0.10020510419136133,-0.11637457093083312,0.5940264945785928,0.1609519950288945,-0.279580517783123,0.04221030053315615,2.2356772897462873,1.165845491123811,1.1610654904875433,0.6066465218759755,-0.3093564892318554,-0.07789446366784447,0.38675767807608596,-0.8630482433077309,-0.19771982584594563
-0.434680384135256,0.01897774750918657,0.16760040287836478,-0.3159067418362721,0.3363607462356673,-0.4010166101616816,0.3404431934986289,-0.364363535187047,-0.04113467058585881,0.5312288341177586,0.6307162387333505,-0.30458701999893917,-0.1534098731545948,0.11718188708068918,-0.2831727808220858,-0.5487452101330721,0.286616925171627,-0.12476357004894179,0.015435192189214254,0.15098100193358158,0.04168357154487673,-0.022519745838646056,0.5652021227137236,-0.17860003022337353,0.17050146219228104,-0.3226233259367409,-0.3315665752263424,0.22320920526613489,-0.12645316878760388,-0.1875706960297051,-0.12299750642506775,-0.31895749847456273,0.2479293063824763,-0.031002424456950197,0.6168495618283284,0.7632739493354814,0.032896397077900305,-0.05876747434859534,-0.26404096859631154,0.1525416398107654,-0.6922517997054325,-0.055830102140573414,-0.610088115299678,-0.12385208494586097
0.33220452883869367,0.3416784348713255,-0.24698056729779008,0.898433270797125,0.1551372662324319,0.4172003442174114,0.17805710216862997,0.3269033846382032,-0.12738691671916844,-0.0765716045604912,-0.30458701999893917,0.6200855393371647,0.43313408748677795,0.11154961419873975,-0.02416590876592021,0.43652667610742724,-0.1962407504497118,-0.3538352564993735,0.14366110404560145,-0.23253709488810967,-0.24339909610619903,-0.48201771949010863,-0.20006212692262862,0.19592760928412237,0.034621281931571386,0.22139136387525157,0.07815564054572648,-0.4024116734210138,0.03262106125258192,0.22938451650693725,0.486296324881347,0.2080531234696219,-0.7674290829058155,0.07699944587500708,-0.6281903228378573,0.19497190180898222,0.08329543622395368,0.3804477305315744,0.3003456897217486,-0.050648860633365614,0.47108598876561275,0.01874444666640213,0.40358756815921076,0.08837369104623093
0.033948445652419224,0.8044329052476873,-0.43889484722798655,0.31531326191705394,0.3691733784765036,0.48800135129443317,1.1025080016478768,0.44870848105756495,-0.6698848927932877,-0.8719807573616872,-0.1534098731545948,0.43313408748677795,1.3507322850638084,0.5367130166128125,0.591227007610376,0.7883712654478715,-0.5986133061372731,-0.8591529389059736,-0.3043833681741124,0.004562524958496127,-0.5102899144915051,-0.30185960267301387,-0.37531083548077643,-0.11831138675971364,0.1782634337990874,0.9963476543676082,-0.15771912985651632,0.61653829925831,-0.392961249546777,0.18168070050201904,0.04350246933350668,-0.12876861860426858,-0.6413538790471942,0.5948134893856566,-0.7271673983569494,-0.005348398651062222,-0.6023669863575795,0.2695347772932972,-0.1597060428980601,0.5438780220661872,0.364157101039724,-0.4904401357516067,0.47978270877743595,0.11176129272320554
-0.07858606701094438,0.17198026660510113,0.03570861619339675,0.2947437077444942,0.20101070217555103,0.09043218027528517,0.9314098442202436,-0.023428702841703355,-0.37857793254962996,0.11082207545463059,0.11718188708068918,0.11154961419873975,0.5367130166128125,0.6345520672723047,0.23082445044149796,-0.040400134407972965,-0.13418029322681221,-0.33218772092539545,-0.1964120741902582,-0.0021013478463634424,-0.14246960625956612,0.0758782187332437,0.26600587916473173,-0.266924262515299,0.16617786531137302,0.5141072619106927,-0.1994050867185722,0.6242123090812871,-0.026362173308702146,0.07474855774844638,-0.2874170417203782,0.07543050911570993,-0.005334328295174781,0.44047718922964657,-0.33815474807995166,0.689590905669098,-0.03729550943661733,0.5558097211135326,-0.09118666342991878,0.3823559411612399,0.2454451601535327,-0.14964208857819547,-0.10890182605892104,-0.0027368461128499965
0.07806448426295015,0.3496162681056513,-0.22969810990228598,-0.514034000734264,-0.10426006863555931,0.17963247376847727,0.7373322851338625,0.07943497164679171,-0.6580959741755855,-1.1447453933896998,-0.2831727808220858,-0.02416590876592021,0.591227007610376,0.23082445044149796,1.0303658082036624,0.9325819305137363,-0.4459177113751307,-0.044041632732946694,-0.2102998848624257,0.2214483967459272,-0.33758042429200813,0.4857879103556572,-0.28272809854895603,-0.4355416547385856,-0.2032825864907144,0.6952257618786087,-0.039587221132141914,0.7700550495236447,-0.4453620082030638,0.05721937966444087,-0.5505791725845162,-0.23994498086366528,0.14063261508240407,0.5093066945340403,-0.1645310303327873,-0.8588870076706479,-0.42659412105926525,-0.25998518064700255,-0.3056533605110857,0.4713477338346603,0.44505066969601753,-0.3685150537351949,0.4677701857083844,-0.0042154039843451795
0.761178557889026,0.8911942834609285,-0.3507283998081902,0.6068079254692672,0.05068936764019577,0.6199174073078485,1.186727539335242,0.10910163997710795,-1.3530683278800417,-1.420724985726934,-0.5487452101330721,0.43652667610742724,0.7883712654478715,-0.040400134407972965,0.9325819305137363,2.5154783893884525,-0.3536410502663938,0.10069651404750696,0.6336028031582441,0.12908994933800594,-0.6570076681333513,0.10615970539412684,-0.07357553628974915,-0.5983581648696398,-0.6313593853939177,0.30159105423117577,0.12017833192585387,-0.19333944885749796,-0.6873906006079455,0.37204331528514556,0.12323702264486992,-0.5929261736176586,-1.7034509515051912,0.7268674317019784,-0.5055925771285795,-0.8979732327379071,0.22120725307228167,-0.22133061181569252,0.11627770945728347,0.20414730781941154,0.8886772080281581,-0.5230600148289584,1.129851846865235,-0.35484015017251064
-0.02302416610069573,-0.3128985926266058,0.39133099885199973,0.18818101844595805,-0.05611537152892865,-0.22984797354733194,-0.05176440131518872,-0.3302829358524613,0.07540708532908878,0.8411043992576319,0.286616925171627,-0.1962407504497118,-0.5986133061372731,-0.13418029322681221,-0.4459177113751307,-0.3536410502663938,0.5147406908911083,0.3983880556738324,0.3256299864853471,-0.03213111855180409,0.2725463456061286,0.06660987939380922,0.607607757031391,-0.04111422492824081,-0.07546455332168459,-0.5734296332120126,-0.04182896638227356,-0.31096791668072216,0.2171893248102056,-0.06754555703644995,-0.0709827464308205,0.024815825761567795,0.028403816410247255,-0.1298019560027266,0.33961605569027664,0.6466062315132154,0.560808486446266,0.1770069732761223,0.17123951526715497,-0.17419689505993527,-0.1698217466974338,0.1785975890273414,-0.3673434253973954,-0.17380591054738104
0.20867638025251287,-0.5428831436842603,0.40186054080559086,-0.24114426693241528,-0.48596122082533966,-0.18993877331852785,-0.46220885733368083,-0.36993895916250397,0.08473362079713354,0.234628377652791,-0.12476357004894179,-0.3538352564993735,-0.8591529389059736,-0.33218772092539545,-0.044041632732946694,0.10069651404750696,0.3983880556738324,0.9868105592268213,0.36169677073297873,0.08515783681045175,0.33704652539713537,0.6107929529202928,0.26107122622808426,-0.14029405521212604,-0.4051110307039,-0.5936680114380419,0.24599720882330006,-0.28277453374288114,0.20170179938551971,-0.029094885747635295,-0.3129614294605237,0.06002715851731695,0.2630891115655261,-0.10305845855703265,0.3283377799451345,-0.4225316716882305,0.5466490584414372,-0.17907026402920584,0.18252990361303276,-0.2818664699726294,0.17633220425488041,0.22740410185158574,-0.03641581635748165,-0.19755873206680577
0.3139342188182018,0.07938686127096675,0.16347276143384623,0.6565660615386791,0.08156779859234475,0.024686976341820703,0.2629414810044448,-0.2674077821033936,-0.3613360155899972,0.31303899597913254,0.015435192189214254,0.14366110404560145,-0.3043833681741124,-0.1964120741902582,-0.2102998848624257,0.6336028031582441,0.3256299864853471,0.36169677073297873,0.7058033186507614,-0.00949640249741036,-0.07358967238915758,-0.08314491207144763,0.4906858318839506,-0.17691062133816643,-0.2930142605994321,-0.5903260977231612,0.039034375085206824,-0.7040899982910971,-0.056188584398657745,0.11965200711098392,0.2669936737415775,-0.168788607105828,-0.8580362073491837,0.04081514818567491,0.12385303290080493,0.3613679039905926,0.743934895328896,0.06711414754049075,0.3081811175465342,-0.2082508645961929,0.16189998029250893,0.02830213025533911,0.09197455775429557,-0.2733926467074905
-0.18896315010304202,0.08050165668411731,-0.032541163009003844,-0.5884517776940633,0.11236673662991661,-0.17474413358637156,0.13421480515329084,-0.1947448446234208,-0.1525607901932265,-0.38726339319278363,0.15098100193358158,-0.23253709488810967,0.004562524958496127,-0.0021013478463634424,0.2214483967459272,0.12908994933800594,-0.03213111855180409,0.08515783681045175,-0.00949640249741036,0.25516448098681466,-0.11721099883812948,0.26744912075619376,-0.013357367981018005,-0.19770035334437136,-0.06756318514242836,-0.06975362389681196,-0.05645394862393022,0.25582526936619987,-0.277201645350725,-0.08171879458329895,-0.14269087091493257,-0.3101668339150776,0.20286792766782027,0.08313627354240763,0.3914537290011489,-0.3102230738523657,-0.18816516563314736,-0.40219179354133217,-0.30404492287535656,0.1572734505805464,-0.28469657123993664,-0.11145859585366236,-0.11031431992046807,-0.03414916821911689
-0.0612288345210801,-0.6040003112920281,0.33422347394519686,-0.10804430548691382,-0.3378047947730934,-0.15962020414650538,-0.5906583692086851,-0.05544080919865953,0.48270687108047566,0.686854199549745,0.04168357154487673,-0.24339909610619903,-0.5102899144915051,-0.14246960625956612,-0.33758042429200813,-0.6570076681333513,0.2725463456061286,0.33704652539713537,-0.07358967238915758,-0.11721099883812948,0.5665927783642111,0.14466777754523735,0.0654776687039598,0.21046338196581296,0.04094649610053744,-0.15748292741757416,0.10758970961167239,-0.04344044815001176,0.4302453210413915,-0.05832281218599607,-0.28068692186562594,0.3449803485396681,0.5270151789456228,-0.23748248727454863,0.04015382786257809,0.14973939871658334,0.2124420432992008,0.11921494580905492,0.19483703744383113,-0.23012653816052187,-0.04029231919494996,0.1989528358838353,-0.26881281741249957,0.04797216333476272
-0.05148107744029612,-0.3252975097319524,0.2796432578714882,-0.752142755548414,-0.358217358383612,-0.19534408617561824,0.2042142692481807,-0.33182474987667987,-0.22841642764602446,-0.3135544581240751,-0.022519745838646056,-0.48201771949010863,-0.30185960267301387,0.0758782187332437,0.4857879103556572,0.10615970539412684,0.06660987939380922,0.6107929529202928,-0.08314491207144763,0.26744912075619376,0.14466777754523735,0.8724143979795947,0.16097186441044942,-0.4253896803356691,-0.2586997626984979,0.051432417018939976,0.05232183501856458,0.6148064655225913,-0.049141768801973934,-0.07767856790223099,-0.7238024160867081,-0.07784859465903686,0.7164444588972448,0.22794478647319008,0.29995874378883775,-0.5072105141366721,0.04445375714091484,-0.21441900605492695,-0.24087833425096775,0.18943999862165395,0.13729616023876204,-0.021662676051172947,-0.07316454458240332,-0.07628571916278078
0.05198621605492878,-0.040891727945862814,0.7790253107061329,0.9104866174502086,0.033442992333601186,-0.21170495908944606,1.5404696308376074,-0.6486764313999053,-0.8707068768501726,1.2782455749021315,0.5652021227137236,-0.20006212692262862,-0.37531083548077643,0.26600587916473173,-0.28272809854895603,-0.07357553628974915,0.607607757031391,0.26107122622808426,0.4906858318839506,-0.013357367981018005,0.0654776687039598,0.16097186441044942,1.7302294923433708,-0.6865994508994323,-0.10875935541357595,-0.3885766275876714,-0.49763487281187496,0.06401088324064758,0.17172308077659162,-0.0992885498593451,-0.41409396716431074,-0.13743204727290315,-0.30586096445842215,0.32453813966683537,0.26879302851202713,1.8379957525998247,1.1304833359928275,0.8992854171657384,0.17665200521577468,0.21605242348659823,0.09842129531664813,-0.09592494671789956,-0.46526078720437863,-0.5258402085435004
-0.05152595357181786,-0.21079962117413928,-0.18696828388629083,-0.01271735949315483,-0.0308849713117627,0.09150025472521742,-1.1544663106531046,0.37535572511605675,0.8101238126088414,0.16741063617186247,-0.17860003022337353,0.19592760928412237,-0.11831138675971364,-0.266924262515299,-0.4355416547385856,-0.5983581648696398,-0.04111422492824081,-0.14029405521212604,-0.17691062133816643,-0.19770035334437136,0.21046338196581296,-0.4253896803356691,-0.6865994508994323,0.7262138664235901,0.20334965479402584,-0.09443652333191677,0.2598359520863688,-0.4645873939897908,0.2738331340099337,-2.7657232217792653e-4,0.45399766272127434,0.3738654270574937,0.1687133794384421,-0.44154774741157665,-0.2016587871807232,-0.3109720672112486,-0.32480932539868035,-0.11107906694106492,0.18316128588290384,-0.31538826557367505,-0.1572793615190574,0.26121480255280777,-0.0044416235630216384,0.3009817887987042
-0.2628056768878541,-0.006553497508399696,-0.08356888364596386,-0.04353363707380255,0.18906016030550288,-0.07009273948074969,-0.10870233698931388,0.11713970800699139,0.29508246829096785,0.25499899925792313,0.17050146219228104,0.034621281931571386,0.1782634337990874,0.16617786531137302,-0.2032825864907144,-0.6313593853939177,-0.07546455332168459,-0.4051110307039,-0.2930142605994321,-0.06756318514242836,0.04094649610053744,-0.2586997626984979,-0.10875935541357595,0.20334965479402584,0.3185082363643619,0.17975572342083102,-0.10644499014456935,0.16855608060040356,0.08667328652848999,-0.06648201440995133,0.0721754705505942,0.13577651687033185,0.28536132434236244,-0.11846183344466261,-0.03377632553099535,0.38268977363132395,-0.2740499842194387,0.13165554536907612,-0.08713704977622522,0.06654416137700679,-0.27103837741705206,0.025631034507187633,-0.2543458618429177,0.16230861887537132
0.05255266206894086,0.26046026519983156,-0.13256331454922968,0.11766327157686805,-0.11346467251810001,0.443605707161415,0.8347838035312833,0.4825001792849851,-0.39968482690422036,-0.6346511620977816,-0.3226233259367409,0.22139136387525157,0.9963476543676082,0.5141072619106927,0.6952257618786087,0.30159105423117577,-0.5734296332120126,-0.5936680114380419,-0.5903260977231612,-0.06975362389681196,-0.15748292741757416,0.051432417018939976,-0.3885766275876714,-0.09443652333191677,0.17975572342083102,1.2677528154852324,-0.06742414635527047,0.9172003872347416,-0.0032441675369992485,0.11996842099552822,-0.4275607353423266,0.2840661324598511,0.17090092041026225,0.5171725408938405,-0.8523530384539217,-0.11156303403763902,-0.5098956934474458,0.46688785722092613,-0.1091520909369114,0.49962733173383544,0.6745207529927852,-0.33731670164413646,0.42399083997812476,0.22280795016749635
0.20639992189375447,-0.18074962197227645,-0.10891533283843181,-0.035668435603187686,-0.17707512668488462,0.1459843403334567,-0.7103061008645224,0.15685060715576263,0.3403989472554961,-0.22779866165859816,-0.3315665752263424,0.07815564054572648,-0.15771912985651632,-0.1994050867185722,-0.039587221132141914,0.12017833192585387,-0.04182896638227356,0.24599720882330006,0.039034375085206824,-0.05645394862393022,0.10758970961167239,0.05232183501856458,-0.49763487281187496,0.2598359520863688,-0.10644499014456935,-0.06742414635527047,0.36454224223573495,-0.30643769156256107,0.1263097179877312,0.09966214400545934,0.1858421822930903,0.20438523167990238,-0.06076452016701808,-0.1436280299105556,-0.19551218162242087,-0.6048507159485685,-0.04161193779242791,-0.18650514957817851,0.14559920113578834,-0.25561768111379635,0.1908208404487131,0.18932570188775164,0.2333055412945755,0.14461689073641848
-0.4244306193307806,0.08434200122784148,0.06855632415881216,-0.8883056877044513,-0.04202910945663592,-0.10098611074343061,0.9915641886710542,-0.04404188663371076,-0.428525062381761,-0.48811603647574486,0.22320920526613489,-0.4024116734210138,0.61653829925831,0.6242123090812871,0.7700550495236447,-0.19333944885749796,-0.31096791668072216,-0.28277453374288114,-0.7040899982910971,0.25582526936619987,-0.04344044815001176,0.6148064655225913,0.06401088324064758,-0.4645873939897908,0.16855608060040356,0.9172003872347416,-0.30643769156256107,1.529248502412243,-0.21363979515186818,-0.13423364875125207,-0.9732544050877914,-0.12132244981428052,0.9713875336853055,0.555268120846858,-0.007845945643925207,-0.03528045731860009,-0.6445495454883514,0.0944684085134304,-0.5626559342914151,0.7192695068136306,-0.002886229532533173,-0.3597149906419438,-0.18337001723876942,0.07537583744412336
0.14213545384689588,-0.53869025198029,0.41102664916135834,0.5680533942735715,-0.39193055514986774,0.08070752258686191,-0.34929566082068586,0.11365997643367315,0.4088466836275539,0.8567904598255816,-0.12645316878760388,0.03262106125258192,-0.392961249546777,-0.026362173308702146,-0.4453620082030638,-0.6873906006079455,0.2171893248102056,0.20170179938551971,-0.056188584398657745,-0.277201645350725,0.4302453210413915,-0.049141768801973934,0.17172308077659162,0.2738331340099337,0.08667328652848999,-0.0032441675369992485,0.1263097179877312,-0.21363979515186818,0.6479832631419326,0.020990604998544857,-0.04415826270587379,0.6180483623220712,0.26967004941203343,-0.17339162148260998,-0.3916787812965976,0.5505067639570272,0.4397070627630432,0.6364986814968748,0.40563749125773524,-0.2582352659544689,0.35805757616843703,0.28531703470788644,-0.11557602894584425,0.08536540292347988
0.22226167815040607,0.08952388714326777,-0.06776459161734884,0.390872778092573,-6.830401936300471e-4,0.21012734443695083,0.12351329107367195,0.11770350935774103,-0.11831827894902193,-0.10020510419136133,-0.1875706960297051,0.22938451650693725,0.18168070050201904,0.07474855774844638,0.05721937966444087,0.37204331528514556,-0.06754555703644995,-0.029094885747635295,0.11965200711098392,-0.08171879458329895,-0.05832281218599607,-0.07767856790223099,-0.0992885498593451,-2.7657232217792653e-4,-0.06648201440995133,0.11996842099552822,0.09966214400545934,-0.13423364875125207,0.020990604998544857,0.15857592719161204,0.12563637097160243,0.08674071311874991,-0.41077730328845496,0.12269809978250641,-0.3280857171255177,-0.006309711622217422,0.12781714214740314,0.16068552896030774,0.1600137648062904,-0.04540725807139032,0.32792677184391605,-0.001584469754376778,0.2358144938434327,0.017420107530679924
0.18371019198651037,0.32703034637736217,-0.3985681702906662,0.56178068886447,0.36412414221772876,0.19990374678381892,-0.6818017833934706,0.25100227405279835,0.3624461922800845,-0.11637457093083312,-0.12299750642506775,0.486296324881347,0.04350246933350668,-0.2874170417203782,-0.5505791725845162,0.12323702264486992,-0.0709827464308205,-0.3129614294605237,0.2669936737415775,-0.14269087091493257,-0.28068692186562594,-0.7238024160867081,-0.41409396716431074,0.45399766272127434,0.0721754705505942,-0.4275607353423266,0.1858421822930903,-0.9732544050877914,-0.04415826270587379,0.12563637097160243,1.1148301828090863,-0.05316327230232805,-0.8825910680599122,-0.3771699735053515,-0.11672224385852897,-0.09051251129695093,-0.03352912274506097,-0.17564777821658578,0.1667263743999433,-0.4087339060763846,-0.2297073126317995,0.21459488095198267,0.19354396018159647,0.11310201484869428
0.17932034053452645,-0.45729219046778485,0.250480614391647,0.603415997658162,-0.3755421275930889,0.2313838313545364,-0.35043581521250516,0.2895582614830285,0.4111623017412164,0.5940264945785928,-0.31895749847456273,0.2080531234696219,-0.12876861860426858,0.07543050911570993,-0.23994498086366528,-0.5929261736176586,0.024815825761567795,0.06002715851731695,-0.168788607105828,-0.3101668339150776,0.3449803485396681,-0.07784859465903686,-0.13743204727290315,0.3738654270574937,0.13577651687033185,0.2840661324598511,0.20438523167990238,-0.12132244981428052,0.6180483623220712,0.08674071311874991,-0.05316327230232805,0.7765261655834381,0.3088376731140476,-0.11246903238711692,-0.6433860879511497,0.35995766076597924,0.24957527605651653,0.671624636087724,0.4217153239003321,-0.15925598296346635,0.5724368307402813,0.26389461956718513,0.054975965508641936,0.23939416948969666
-0.7456368773883092,-0.8555127668114683,0.2392227152079394,-1.7194472286309364,-0.40870681095363887,-0.6307204611692943,-0.9351077905678482,-0.1608897929046936,0.9014146579998089,0.1609519950288945,0.2479293063824763,-0.7674290829058155,-0.6413538790471942,-0.005334328295174781,0.14063261508240407,-1.7034509515051912,0.028403816410247255,0.2630891115655261,-0.8580362073491837,0.20286792766782027,0.5270151789456228,0.7164444588972448,-0.30586096445842215,0.1687133794384421,0.28536132434236244,0.17090092041026225,-0.06076452016701808,0.9713875336853055,0.26967004941203343,-0.41077730328845496,-0.8825910680599122,0.3088376731140476,2.3400546750172837,-0.3975796014494844,0.6996070409548726,-0.5138843619157991,-0.6818708159708458,-0.4335331393763153,-0.5286516761383016,0.15578965740199807,-0.5913418087792536,0.24622591168481583,-0.7336127565721103,0.34774972907737295
0.14161989443359582,0.32873573545765733,0.12198323552861662,0.3337876517389626,0.028619838538740526,0.25020441485021594,1.248724616184076,-0.011460373139194768,-0.8090338845732382,-0.279580517783123,-0.031002424456950197,0.07699944587500708,0.5948134893856566,0.44047718922964657,0.5093066945340403,0.7268674317019784,-0.1298019560027266,-0.10305845855703265,0.04081514818567491,0.08313627354240763,-0.23748248727454863,0.22794478647319008,0.32453813966683537,-0.44154774741157665,-0.11846183344466261,0.5171725408938405,-0.1436280299105556,0.555268120846858,-0.17339162148260998,0.12269809978250641,-0.3771699735053515,-0.11246903238711692,-0.3975796014494844,0.6645972622757484,-0.3966896573186807,0.31339477607117616,0.12117158016848699,0.4331018522331168,-0.024111024057930374,0.4274130313723962,0.5244109271330047,-0.33233771007179574,0.2321293711970938,-0.15431369507651133
-0.5604760044123052,-0.15500084764266583,-0.0020266454590425432,-1.2828897428608308,0.27368217717956517,-0.7637036312351869,-0.4960429122686799,-0.6263128723272615,0.2578346876543795,0.04221030053315615,0.6168495618283284,-0.6281903228378573,-0.7271673983569494,-0.33815474807995166,-0.1645310303327873,-0.5055925771285795,0.33961605569027664,0.3283377799451345,0.12385303290080493,0.3914537290011489,0.04015382786257809,0.29995874378883775,0.26879302851202713,-0.2016587871807232,-0.03377632553099535,-0.8523530384539217,-0.19551218162242087,-0.007845945643925207,-0.3916787812965976,-0.3280857171255177,-0.11672224385852897,-0.6433860879511497,0.6996070409548726,-0.3966896573186807,1.3841972407671643,-0.25926266405242804,-0.1573322212447787,-0.9924459059004975,-0.5320403831677437,-0.049869514913924995,-1.1582646368919616,0.059488870653683114,-0.6810008731994017,-0.14567616025978689
-0.09262802438137395,-0.06037788480363056,0.8410064053922446,1.8435061971280469,0.3986209663212199,-0.06760165620567488,1.764970715425722,-0.39589479180290316,-0.5741341223042685,2.2356772897462873,0.7632739493354814,0.19497190180898222,-0.005348398651062222,0.689590905669098,-0.8588870076706479,-0.8979732327379071,0.6466062315132154,-0.4225316716882305,0.3613679039905926,-0.3102230738523657,0.14973939871658334,-0.5072105141366721,1.8379957525998247,-0.3109720672112486,0.38268977363132395,-0.11156303403763902,-0.6048507159485685,-0.03528045731860009,0.5505067639570272,-0.006309711622217422,-0.09051251129695093,0.35995766076597924,-0.5138843619157991,0.31339477607117616,-0.25926266405242804,3.269020203177741,1.2820686755562674,1.7336750752787793,0.4466401906906952,0.23730032790841182,0.1336815443737684,0.016073540823065745,-0.7997285809278626,-0.2798439507090898
0.4559766331427054,-0.3279123026337772,0.6986900915546468,1.3257770196703018,-0.24024838427590342,0.045974800795903964,0.681199245013666,-0.3657736708290427,-0.4484472054337506,1.165845491123811,0.032896397077900305,0.08329543622395368,-0.6023669863575795,-0.03729550943661733,-0.42659412105926525,0.22120725307228167,0.560808486446266,0.5466490584414372,0.743934895328896,-0.18816516563314736,0.2124420432992008,0.04445375714091484,1.1304833359928275,-0.32480932539868035,-0.2740499842194387,-0.5098956934474458,-0.04161193779242791,-0.6445495454883514,0.4397070627630432,0.12781714214740314,-0.03352912274506097,0.24957527605651653,-0.6818708159708458,0.12117158016848699,-0.1573322212447787,1.2820686755562674,1.4160025820632556,0.8402605290202226,0.6109726960689144,-0.25377827974952727,0.5954271320865706,0.14956350053921022,-0.07169965809554942,-0.3503725622737897
0.3462601442414026,-0.0867912533924709,0.5875268715668933,1.670544010081126,-0.20244802791680588,0.41230658877693793,1.2309606947254685,0.13201296641869,-0.48082501278052164,1.1610654904875433,-0.05876747434859534,0.3804477305315744,0.2695347772932972,0.5558097211135326,-0.25998518064700255,-0.22133061181569252,0.1770069732761223,-0.17907026402920584,0.06711414754049075,-0.40219179354133217,0.11921494580905492,-0.21441900605492695,0.8992854171657384,-0.11107906694106492,0.13165554536907612,0.46688785722092613,-0.18650514957817851,0.0944684085134304,0.6364986814968748,0.16068552896030774,-0.17564777821658578,0.671624636087724,-0.4335331393763153,0.4331018522331168,-0.9924459059004975,1.7336750752787793,0.8402605290202226,1.6166420786384745,0.5829881023835177,0.16091200854833784,0.9531002081961801,0.015789137566739067,0.025116757585713273,-0.11356230129749653
0.3929618720139842,-0.17513602181074917,0.2210221374586985,0.9891467637923035,-0.25890874047219964,0.2596407323920758,-0.06913160089759146,0.15294901444560682,0.040494640537205126,0.6066465218759755,-0.26404096859631154,0.3003456897217486,-0.1597060428980601,-0.09118666342991878,-0.3056533605110857,0.11627770945728347,0.17123951526715497,0.18252990361303276,0.3081811175465342,-0.30404492287535656,0.19483703744383113,-0.24087833425096775,0.17665200521577468,0.18316128588290384,-0.08713704977622522,-0.1091520909369114,0.14559920113578834,-0.5626559342914151,0.40563749125773524,0.1600137648062904,0.1667263743999433,0.4217153239003321,-0.5286516761383016,-0.024111024057930374,-0.5320403831677437,0.4466401906906952,0.6109726960689144,0.5829881023835177,0.5896175516956229,-0.2804503641568213,0.5718026646133031,0.13537466668261217,0.21872377332894766,-0.05633799488598383
-0.1773094288517496,0.32012336545818815,0.017626135160232884,-0.17815291677293876,0.1595445143203584,0.04999535911568945,0.9970533950734043,-0.046266115530058924,-0.5827794764237453,-0.3093564892318554,0.1525416398107654,-0.050648860633365614,0.5438780220661872,0.3823559411612399,0.4713477338346603,0.20414730781941154,-0.17419689505993527,-0.2818664699726294,-0.2082508645961929,0.1572734505805464,-0.23012653816052187,0.18943999862165395,0.21605242348659823,-0.31538826557367505,0.06654416137700679,0.49962733173383544,-0.25561768111379635,0.7192695068136306,-0.2582352659544689,-0.04540725807139032,-0.4087339060763846,-0.15925598296346635,0.15578965740199807,0.4274130313723962,-0.049869514913924995,0.23730032790841182,-0.25377827974952727,0.16091200854833784,-0.2804503641568213,0.5359119951001041,0.06716451972554525,-0.3113357789538123,-0.01347474372031117,-0.021928287965243654
0.7163790803741695,-0.00867923111613226,0.25308577638551233,1.219950259313778,-0.5249063095943888,0.6606469489073046,0.8030869384787854,0.34506147321027575,-0.5960634472081847,-0.07789446366784447,-0.6922517997054325,0.47108598876561275,0.364157101039724,0.2454451601535327,0.44505066969601753,0.8886772080281581,-0.1698217466974338,0.17633220425488041,0.16189998029250893,-0.28469657123993664,-0.04029231919494996,0.13729616023876204,0.09842129531664813,-0.1572793615190574,-0.27103837741705206,0.6745207529927852,0.1908208404487131,-0.002886229532533173,0.35805757616843703,0.32792677184391605,-0.2297073126317995,0.5724368307402813,-0.5913418087792536,0.5244109271330047,-1.1582646368919616,0.1336815443737684,0.5954271320865706,0.9531002081961801,0.5718026646133031,0.06716451972554525,1.4655148539972933,-0.0659712876113383,0.74788183383084,-0.03763001458971281
0.04227737993830769,-0.3461412441358168,0.0531931095604446,0.05625055419740781,-0.11019300288135038,-0.07573018781237557,-0.7368934009006624,-0.017439174955756597,0.5308578116015938,0.38675767807608596,-0.055830102140573414,0.01874444666640213,-0.4904401357516067,-0.14964208857819547,-0.3685150537351949,-0.5230600148289584,0.1785975890273414,0.22740410185158574,0.02830213025533911,-0.11145859585366236,0.1989528358838353,-0.021662676051172947,-0.09592494671789956,0.26121480255280777,0.025631034507187633,-0.33731670164413646,0.18932570188775164,-0.3597149906419438,0.28531703470788644,-0.001584469754376778,0.21459488095198267,0.26389461956718513,0.24622591168481583,-0.33233771007179574,0.059488870653683114,0.016073540823065745,0.14956350053921022,0.015789137566739067,0.13537466668261217,-0.3113357789538123,-0.0659712876113383,0.3695872797454036,-0.15229568847703914,0.12448615039475715
0.527963509141313,0.3751466291119635,-0.275339632121289,0.45989949583186196,-0.22512458991414075,0.5442666103449013,0.16178887193045488,0.41068120586638135,-0.38607562150793207,-0.8630482433077309,-0.610088115299678,0.40358756815921076,0.47978270877743595,-0.10890182605892104,0.4677701857083844,1.129851846865235,-0.3673434253973954,-0.03641581635748165,0.09197455775429557,-0.11031431992046807,-0.26881281741249957,-0.07316454458240332,-0.46526078720437863,-0.0044416235630216384,-0.2543458618429177,0.42399083997812476,0.2333055412945755,-0.18337001723876942,-0.11557602894584425,0.2358144938434327,0.19354396018159647,0.054975965508641936,-0.7336127565721103,0.2321293711970938,-0.6810008731994017,-0.7997285809278626,-0.07169965809554942,0.025116757585713273,0.21872377332894766,-0.01347474372031117,0.74788183383084,-0.15229568847703914,0.8458015094878867,0.018777628440945805
-0.10413478846705966,-0.08489643362502493,-0.17516789610758676,-0.22917521197934715,3.6018459595460024e-5,0.07605374214053506,-0.47565455644682036,0.2533314970532871,0.395671556419384,-0.19771982584594563,-0.12385208494586097,0.08837369104623093,0.11176129272320554,-0.0027368461128499965,-0.0042154039843451795,-0.35484015017251064,-0.17380591054738104,-0.19755873206680577,-0.2733926467074905,-0.03414916821911689,0.04797216333476272,-0.07628571916278078,-0.5258402085435004,0.3009817887987042,0.16230861887537132,0.22280795016749635,0.14461689073641848,0.07537583744412336,0.08536540292347988,0.017420107530679924,0.11310201484869428,0.23939416948969666,0.34774972907737295,-0.15431369507651133,-0.14567616025978689,-0.2798439507090898,-0.3503725622737897,-0.11356230129749653,-0.05633799488598383,-0.021928287965243654,-0.03763001458971281,0.12448615039475715,0.018777628440945805,0.33339602187520145
