V1,V2,V3,V4,V5,V6,V7,V8,V9,V10,V11,V12,V13,V14,V15,V16,V17,V18,V19,V20,V21,V22,V23,V24,V25,V26,V27,V28,V29,V30,V31,V32,V33,V34,V35,V36,V37,V38,V39,V40,V41,V42,V43,V44,V45
1.2253340571270792,0.511737946356707,0.227071117857678,-1.5413235694836394,-0.390894725225427,0.6499965801309612,-0.19630303058098636,0.3219414006025404,0.06940258677795155,0.05055053759415788,-1.3947001399123165,0.016106232147070052,0.2078809783589716,-0.5137139171106858,0.6411599738126524,0.6092231953912736,-0.09030959120563374,-1.1268296798239503,-0.9591205542712785,0.5556717185369562,-1.2611137539073176,0.8972313495657083,0.39592465801428767,-0.32143686660163967,0.8115605338110873,-1.1965378739735806,0.6012779864368326,1.5016426976151902,1.8682867031679233,-0.049606627491085416,-0.681153979535419,-0.7171307859406689,0.005312712019631419,0.2538901278591453,0.5204418399315909,0.31508171686543424,-0.34247983464762505,0.4793752118097822,-0.6787426220876315,2.174171242925555,-0.5418228518869315,0.22786037934660533,-0.2756962778519362,0.4141094248559444,-0.5734597713971598
0.511737946356707,0.5197792978152652,0.3423965774531857,-0.753314894275594,-0.6887739359460243,0.5460695170452798,0.11616649167880148,-0.3175343256707648,-0.22046542644757608,-0.3011963099872617,-0.9686637695999879,-0.08762742048762162,-0.2773141865705848,0.3318104481982938,-0.16571383031911016,-0.17761450716829527,0.23503950709899774,-0.20074259595867208,0.45774347694345974,0.5345952879072313,-0.5597766479769763,0.8399205602032728,-0.15614906075987364,0.46577138320586375,-0.4265381781922415,-0.46420516677751145,-0.07400749654696709,-0.2070456359423065,0.050277215230858235,0.11681086429145607,0.48447708979086496,-0.7478237274071052,0.15376329608968134,-0.05644554240246221,0.9822193259779451,0.08758005588059649,0.5266858776904236,-0.08122659125701569,-1.386241445117519,-0.3784298653471933,-0.5202722837624211,0.02998541587743472,-0.39613126469633564,-0.07675242520617558,0.10290196999184173
0.227071117857678,0.3423965774531857,0.3156231980350018,-0.36514289855718535,-0.7419171917724255,0.3142399496624962,0.2534983156110914,-0.1581641748878647,-0.2072931178905844,-0.4751185587409472,-0.6384435340235062,0.020771933133558573,-0.28278170273403946,0.2707604950686511,-0.37575816691644237,-0.1196936572701101,0.20006199837167216,0.18247989735975825,0.2636142414912072,0.4667981037974524,-0.3594274927935086,0.6538777410117833,-0.29092920047951765,0.3626050712999953,-0.42256409359575436,-0.08744520321301695,-0.2268010650444987,-0.29498578936862535,-0.24812504705064037,0.15468275684057245,0.5995897493244157,-0.6870300842155487,0.15092029720889177,-0.28380584881977905,0.7294839568168212,0.06539577532157147,0.5608500124007436,-0.07990575054850868,-0.9366146542999886,-0.6620433800605761,-0.46501662177302483,-0.17427993731342584,-0.35013344275430547,-0.11696656052257387,0.2849877198858449
-1.5413235694836394,-0.753314894275594,-0.36514289855718535,1.9829478003358427,0.6547947019485197,-0.9281387539151522,0.19606621904585236,-0.22671359821205464,0.0019114466496208532,0.022618325185138115,1.8850930179835077,0.02437374155358824,-0.12867399127076742,0.43537975888407154,-0.6692270647914776,-0.610740349228391,0.007851184782753767,1.3400426466325281,0.8651752358214726,-0.7937158232008747,1.5872685275711744,-1.2893459299382306,-0.3997317967182381,0.17674991139219026,-0.7370258322194233,1.5058422897254127,-0.6478877683231932,-1.5713751054222211,-2.0861802945653913,0.01939517742470854,0.5959116736254887,1.040444603176634,-0.06185380421685524,-0.2796424318238894,-0.9333583346084222,-0.37552604455411837,0.19610028982041033,-0.5029937672436003,1.2657097776571289,-2.2737739668553476,0.7725710225608783,-0.2819969263411239,0.4399535934851949,-0.4355900896450921,0.6066914102980577
-0.390894725225427,-0.6887739359460243,-0.7419171917724255,0.6547947019485197,2.841040396113335,-0.45777971344864465,-0.9958668679460659,-0.5547297763127104,0.34277201154330866,2.136874688869736,1.550447886060134,-0.6475119689029032,0.7829036957595565,-0.5935587470492578,1.5212833857201264,-0.7155790317993298,-0.49683918036255403,-1.2565339372890845,0.6430553934684322,-1.5154015369516114,1.3224550474010317,-2.094805272270082,1.1045197011464887,-0.533511072385589,0.8816374922296285,-0.5913757437687458,1.0738874841243637,0.19999590762617847,0.6018201703142935,-0.49404892687206436,-1.7242881485285906,2.199481028682867,-0.6074820623020958,1.62765709059159,-1.903496113169741,-0.24891097671251902,-1.67980710436314,-0.3591016546292255,1.5679503438371987,1.5715836281565607,1.4067076596835952,1.1938701554579096,1.0306341755686197,0.018187688202186327,-1.156515013710744
0.6499965801309612,0.5460695170452798,0.3142399496624962,-0.9281387539151522,-0.45777971344864465,0.6436133998597362,-0.026096844553557097,-0.38950217321695296,-0.20535560718054252,-0.05081573312789662,-1.027348328422923,-0.1828204566248533,-0.20563583749557357,0.2499809395649308,0.07801328395386316,-0.19467138705452583,0.20706711568255576,-0.49703151762412034,0.5058309746308737,0.4617397133294025,-0.5881515714373013,0.7830341722590585,0.019173547986678977,0.4359091646148081,-0.29051443306907204,-0.7227415021180907,0.12044434950440414,-0.06798820559152743,0.3192171252871671,0.06866266625946049,0.25160168599740845,-0.6374187134818211,0.10469767644073835,0.15363985114802253,0.9218319988539749,0.10302492523084526,0.3495545336589531,-0.06816555663615999,-1.4424916283707943,-0.0038593238577326206,-0.4624361634054364,0.21042950015373468,-0.34290940736635755,-0.02845901405941472,-0.07738965138210128
-0.19630303058098636,0.11616649167880148,0.2534983156110914,0.19606621904585236,-0.9958668679460659,-0.026096844553557097,0.47998445416076946,0.1310289892493757,-0.16630991619747387,-0.8649748164693993,-0.205705693429198,0.2429002796244882,-0.35001783333983727,0.31455459150265563,-0.7851753522588354,0.06647152049954064,0.19214743679569787,0.8270648471638821,-0.021294309154280402,0.43787025109218847,-0.14922993499958986,0.5322516142127268,-0.5585089462228598,0.27193824654383,-0.5354887369403023,0.5668392718206704,-0.5702537079119882,-0.47186578252262523,-0.7551111531944803,0.2225339375617602,0.8787173121093422,-0.6797085926927227,0.2150028248067306,-0.7157833643173296,0.5397199287971064,0.022049627906516392,0.7340430778001262,-0.020518624189265727,-0.3767154391488456,-1.2116613160345846,-0.41480949533496214,-0.5418400088719569,-0.3270692762097324,-0.1468163489765456,0.6142238209523598
0.3219414006025404,-0.3175343256707648,-0.1581641748878647,-0.22671359821205464,-0.5547297763127104,-0.38950217321695296,0.1310289892493757,1.5925435660241254,0.4420508251643188,-0.5926257160203299,-0.0904613260287284,0.6936168013757027,0.4402887697756887,-1.0444230607745386,0.14808165772578988,1.6724150878470685,-0.38712496887217557,0.07840850476703033,-2.742798075962458,0.24908930330968382,-0.8751903955241854,0.24191180300577045,0.12233988058377387,-1.233253164851927,1.4516158523225828,0.26011810286048503,0.15104574839393797,2.1395770066347697,1.6126923058838278,-0.03528439224338536,-0.8984097992627128,-0.328619378421297,0.018990586784220814,-0.6582238897358953,-0.6884425021041369,0.2952074142467564,-0.646342027249456,1.021090974558015,1.8150581843248248,2.4421724104874003,-0.18889328448797216,-0.6210628623879927,0.03560901360296554,0.677217944581365,-0.15595823210472706
0.06940258677795155,-0.22046542644757608,-0.2072931178905844,0.0019114466496208532,0.34277201154330866,-0.20535560718054252,-0.16630991619747387,0.4420508251643188,0.23315131176850645,0.2079160452388386,0.2182833615511667,0.12290632909462743,0.30840644223644587,-0.44892993546262205,0.35989752565002053,0.4557948189147637,-0.22171267796899138,-0.25506886908226517,-0.8258863342551157,-0.1876575821739731,-0.08850445824775878,-0.2836748489427746,0.2632250676970008,-0.5284058250657242,0.6700719153999984,-0.051115341134365104,0.2548213047966645,0.8025936906272356,0.7149256687570323,-0.12382067327162488,-0.6641642987373858,0.3071672566309713,-0.10264144446222845,0.10817768456104103,-0.556447378339444,0.04910716455204496,-0.5434337347398382,0.2965580667269281,0.8906084356977743,1.1837724174523245,0.2011522058940257,0.02384394254370465,0.20328312978186977,0.2515527087053704,-0.2964611025151278
0.05055053759415788,-0.3011963099872617,-0.4751185587409472,0.022618325185138115,2.136874688869736,-0.05081573312789662,-0.8649748164693993,-0.5926257160203299,0.2079160452388386,1.7652649632958477,0.7465636649320969,-0.6134655209524968,0.5763920612173646,-0.4194156940188936,1.356028055473715,-0.6053587155219052,-0.32845141072302386,-1.3515789418544115,0.6732994173385908,-1.0237955836811614,0.7438776366542691,-1.328465208073351,0.9663417443438526,-0.2794861001049764,0.6708856857647091,-0.8925160563266107,0.9925398663146975,0.25921586039567585,0.7923200609943067,-0.38611736760469856,-1.3880785864862888,1.5057859921066807,-0.45399224706139757,1.436194145448076,-1.140426828187405,-0.13792662548192375,-1.2768337442415465,-0.2743201432245221,0.633105292388847,1.491613873067897,0.9369828927660926,1.104647356783909,0.6924034878020121,0.04793935772118933,-1.0430825828426926
-1.3947001399123165,-0.9686637695999879,-0.6384435340235062,1.8850930179835077,1.550447886060134,-1.027348328422923,-0.205705693429198,-0.0904613260287284,0.2182833615511667,0.7465636649320969,2.1994560344507663,-0.10617425344019366,0.2635028720802758,-0.052371579091397814,0.0613878429804416,-0.43865560038196816,-0.2567405361448346,0.6578448636238281,0.47282870375201747,-1.2242317105657554,1.6863953663519382,-1.8411737499620144,0.12704110036246927,-0.2712449657122397,-0.019072944120552854,1.0986793413214633,-0.094588819849953,-0.8512425572979893,-1.2214264910050927,-0.16896166841750274,-0.3295066951840584,1.6685704139021036,-0.273108536748189,0.2556494685982979,-1.646419697560632,-0.35091584092739564,-0.6093218681854444,-0.34588106851381906,2.006722121256585,-0.8347475698751208,1.1741604384920037,0.11977031499403036,0.7842250255934636,-0.2148195473570409,0.032509007781138466
0.016106232147070052,-0.08762742048762162,0.020771933133558573,0.02437374155358824,-0.6475119689029032,-0.1828204566248533,0.2429002796244882,0.6936168013757027,0.12290632909462743,-0.6134655209524968,-0.10617425344019366,0.4038039672559077,0.028148173141877703,-0.23754957025428666,-0.2922570443923149,0.7107681537452732,-0.05503680831430192,0.406914479479928,-1.0987243659097155,0.2820004984041862,-0.39757448996891837,0.315510554742847,-0.197764936579232,-0.38231355557013774,0.3301122897466644,0.384672483604261,-0.22267550696026206,0.6237646997840566,0.2837364275365813,0.056743918823200484,0.004677808173767018,-0.3828849822625957,0.10812891577514133,-0.5682026093460603,-0.033053661849667584,0.10445692064874222,0.07146992991249378,0.4032239529419994,0.5928642398748162,0.4077534639575038,-0.23246848217664595,-0.4988510527164852,-0.11903159967615101,0.21173670622997257,0.21619589104163878
0.2078809783589716,-0.2773141865705848,-0.28278170273403946,-0.12867399127076742,0.7829036957595565,-0.20563583749557357,-0.35001783333983727,0.4402887697756887,0.30840644223644587,0.5763920612173646,0.2635028720802758,0.028148173141877703,0.5141900559176098,-0.7242163558306053,0.7390854806973646,0.4391254754827074,-0.3541633837442118,-0.6524476145675351,-0.9881431474399479,-0.35741850361637667,-0.07022978936298958,-0.5410173750129585,0.5218375675038779,-0.7464352553619324,1.0460776624915071,-0.35558513978415324,0.567115279115527,1.174196493568499,1.1858755637275844,-0.2194064432368954,-1.119197919540471,0.5660691674496978,-0.2313942794663796,0.4241938641178845,-0.8885649434986863,0.07159475165905602,-0.9391564826169791,0.31603470611435575,1.1611375224725662,1.9098108653247472,0.3428187111843964,0.24456972641472546,0.3424858752857189,0.32250256110105835,-0.6000447939605162
-0.5137139171106858,0.3318104481982938,0.2707604950686511,0.43537975888407154,-0.5935587470492578,0.2499809395649308,0.31455459150265563,-1.0444230607745386,-0.44892993546262205,-0.4194156940188936,-0.052371579091397814,-0.23754957025428666,-0.7242163558306053,1.2828450029091898,-0.9264748691851071,-1.0732225530389088,0.544260068625197,0.815327431838199,2.134104843902151,0.21413026933777665,0.5348910978611854,0.3907051259962804,-0.6486428205366334,1.2631524183127034,-1.7569409532886597,0.4915496652424769,-0.7880982463187323,-2.2037395398461586,-2.0813752302685944,0.21599067932089663,1.5634194482035733,-0.33840272399633364,0.2618979225813299,-0.2467158386243303,1.165457233521082,-0.25054066716262446,1.2843232293062727,-0.7215996043545024,-1.7569425549522946,-3.185712634381363,-0.18868337143317337,-0.08608834794370507,-0.32834891785405007,-0.6050320172729908,0.7661635498426149
0.6411599738126524,-0.16571383031911016,-0.37575816691644237,-0.6692270647914776,1.5212833857201264,0.07801328395386316,-0.7851753522588354,0.14808165772578988,0.35989752565002053,1.356028055473715,0.0613878429804416,-0.2922570443923149,0.7390854806973646,-0.9264748691851071,1.4862562689195344,0.2704912363593823,-0.456422391179973,-1.6010767778118415,-0.72677145607179106,-0.5852385195904273,-0.14947170211435584,-0.7241200181504167,1.0381617964696677,-0.7944976331452438,1.4032134076506217,-1.1671773387324096,1.1545301789838147,1.5519408551167106,1.9815971009033704,-0.3709922009693137,-1.786686230829017,0.917332952302209,-0.3904656721978163,1.1352156042928545,-1.0239830509417247,0.10364023280360056,-1.4700547855064394,0.29106938023170154,0.9016825828650444,2.9923150612311704,0.5361168070277276,0.8417529729353261,0.5055803390287636,0.43149679586118844,-1.1925373238394863
0.6092231953912736,-0.17761450716829527,-0.1196936572701101,-0.610740349228391,-0.7155790317993298,-0.19467138705452583,0.06647152049954064,1.6724150878470685,0.4557948189147637,-0.6053587155219052,-0.43865560038196816,0.7107681537452732,0.4391254754827074,-1.0732225530389088,0.2704912363593823,1.8891516141248723,-0.3576042984969128,-0.16324745377156272,-2.9124146889122215,0.40179608046119264,-1.1992251875903914,0.5391711239787221,0.21037373145417732,-1.2461119726309167,1.560244801563724,0.005181240494296225,0.24646334998883426,2.423709275147971,2.0031474767985396,-0.04289485436832157,-1.0180586629897619,-0.5220031842916867,0.06369256029430546,-0.6414843955190351,-0.45642815274763976,0.361535979048756,-0.6577922040813605,1.175916509728906,1.5572505156787702,2.8708205189550395,-0.3231897475856887,-0.5790782276651169,-0.04809905655766969,0.8021215741880735,-0.25175467148909236
-0.09030959120563374,0.23503950709899774,0.20006199837167216,0.007851184782753767,-0.49683918036255403,0.20706711568255576,0.19214743679569787,-0.38712496887217557,-0.22171267796899138,-0.32845141072302386,-0.2567405361448346,-0.05503680831430192,-0.3541633837442118,0.544260068625197,-0.456422391179973,-0.3576042984969128,0.2711414665364696,0.35356944356699554,0.7887663257906479,0.2525764298738532,0.034033834453953804,0.3937029575392434,-0.3232938515917795,0.5532598848720495,-0.746279827378824,0.14687222161431596,-0.3627883420245571,-0.8439466197993342,-0.7884558339908706,0.12419338478248688,0.736410487197402,-0.36966904156374053,0.1555671687929947,-0.20884461567412965,0.6756461418416653,-0.062063221949287824,0.6493548500480371,-0.24572860185138762,-0.9269454729557374,-1.31088894912376,-0.23786179341571845,-0.11029986414278042,-0.24298849918080603,-0.2289219688061187,0.3774725931980842
-1.1268296798239503,-0.20074259595867208,0.18247989735975825,1.3400426466325281,-1.2565339372890845,-0.49703151762412034,0.8270648471638821,0.07840850476703033,-0.25506886908226517,-1.3515789418544115,0.6578448636238281,0.406914479479928,-0.6524476145675351,0.815327431838199,-1.6010767778118415,-0.16324745377156272,0.35356944356699554,2.0146559787463283,0.48290080217737635,0.27980661876495166,0.5895363418944511,0.21504123636881312,-1.0854951125047527,0.568930280354702,-1.3001822100797629,1.7043251242888293,-1.280088466645471,-1.636439766559169,-2.3308330618754867,0.34812743610751434,1.7089389643174788,-0.5124579107357417,0.33941294549463136,-1.2881726388899286,0.4455793850893455,-0.18051574697780828,1.3093928673614181,-0.2668613990861837,0.0011596060851668131,-3.1761614693365465,-0.23677015229718035,-1.0043688788687917,-0.2908406264901145,-0.4374303055205377,1.3118380140603314
-0.9591205542712785,0.45774347694345974,0.2636142414912072,0.8651752358214726,0.6430553934684322,0.5058309746308737,-0.021294309154280402,-2.742798075962458,-0.8258863342551157,0.6732994173385908,0.47282870375201747,-1.0987243659097155,-0.9881431474399479,2.134104843902151,-0.72677145607179106,-2.9124146889122215,0.7887663257906479,0.48290080217737635,5.010648173974324,-0.41925372222933793,1.75723476935762,-0.3799011297640678,-0.5153466946504397,2.3709757553707114,-2.9878316375787954,0.12397760747959556,-0.6644191829340519,-4.296829629522051,-3.575100034904664,0.17190993782100739,2.088113944014367,0.4954166401996619,0.09186577715153235,0.7567022040961284,1.3409309513019496,-0.5842407234872288,1.5164821780644324,-1.8264405148078435,-3.1522216886135985,-5.25642534247718,0.33825205849973305,0.8149484489984615,-0.10885208034410228,-1.284382119230399,0.6601199609600155
0.5556717185369562,0.5345952879072313,0.4667981037974524,-0.7937158232008747,-1.5154015369516114,0.4617397133294025,0.43787025109218847,0.24908930330968382,-0.1876575821739731,-1.0237955836811614,-1.2242317105657554,0.2820004984041862,-0.35741850361637667,0.21413026933777665,-0.5852385195904273,0.40179608046119264,0.2525764298738532,0.27980661876495166,-0.41925372222933793,0.9275156896520659,-0.9918791178878137,1.3112338174751896,-0.45081544565264126,0.25353281959700563,-0.29614901840317,-0.09924882528733427,-0.3699600564755598,0.2043520788307223,0.1516819533308569,0.2302843013488761,0.7247175737488901,-1.3102494388300492,0.30071267515704625,-0.685891955899779,1.1696474865882487,0.19799226250682975,0.7930236491296528,0.23827872657780869,-1.1362388875927345,-0.31374403231683046,-0.8733373569785231,-0.4920756781245327,-0.6134977795545513,0.05745853349033657,0.4208686534702966
-1.2611137539073176,-0.5597766479769763,-0.3594274927935086,1.5872685275711744,1.3224550474010317,-0.5881515714373013,-0.14922993499958986,-0.8751903955241854,-0.08850445824775878,0.7438776366542691,1.6863953663519382,-0.39757448996891837,-0.07022978936298958,0.5348910978611854,-0.14947170211435584,-1.1992251875903914,0.034033834453953804,0.5895363418944511,1.75723476935762,-0.9918791178878137,1.720982680756925,-1.4623050587399407,-0.05239607746421791,0.4538427199256052,-0.828470269910416,0.7848756476844205,-0.23631605594364413,-1.8185623170148135,-1.8771279125528895,-0.08540759370445865,0.33189313695799766,1.3444637888503925,-0.19285364061204577,0.4312315848760037,-0.8363733284786304,-0.4197171558284849,-0.024218439696482047,-0.8028844088668728,0.5574879253830346,-2.080565744127682,0.9244018400670391,0.32062426082777107,0.5290200238793645,-0.5421302975445859,0.20295622265757618
0.8972313495657083,0.8399205602032728,0.6538777410117833,-1.2893459299382306,-2.094805272270082,0.7830341722590585,0.5322516142127268,0.24191180300577045,-0.2836748489427746,-1.328465208073351,-1.8411737499620144,0.315510554742847,-0.5410173750129585,0.3907051259962804,-0.7241200181504167,0.5391711239787221,0.3937029575392434,0.21504123636881312,-0.3799011297640678,1.3112338174751896,-1.4623050587399407,1.9513973426763722,-0.5601162956336097,0.48212270987316513,-0.49903924561879776,-0.307394792552098,-0.45303270671574775,0.23536469161602122,0.289932925484627,0.32496274649877394,1.011443544226932,-1.8619025172580395,0.44432059662540957,-0.8608208273511033,1.8147689735608172,0.2856490258420756,1.1294715032822968,0.3376008881886522,-1.8990329866612243,-0.3886855554040479,-1.2301340986913394,-0.5606768047680742,-0.8786005411383708,0.102862521930538,0.5144685759677079
0.39592465801428767,-0.15614906075987364,-0.29092920047951765,-0.3997317967182381,1.1045197011464887,0.019173547986678977,-0.5585089462228598,0.12233988058377387,0.2632250676970008,0.9663417443438526,0.12704110036246927,-0.197764936579232,0.5218375675038779,-0.6486428205366334,1.0381617964696677,0.21037373145417732,-0.3232938515917795,-1.0854951125047527,-0.5153466946504397,-0.45081544565264126,-0.05239607746421791,-0.5601162956336097,0.7330527152195758,-0.5700023358620361,0.9849349786102678,-0.7645569263573988,0.7983542919270172,1.0645667250483235,1.3472396905764477,-0.26429434106282623,-1.2666650806610624,0.6973135708689394,-0.27525075420604217,0.7839103196103212,-0.7724093071494027,0.0621028955554399,-1.0471622445886088,0.21282425264958194,0.7160571593539018,2.074768122918642,0.41637588475589155,0.5820788206403851,0.38131023258922875,0.30777056218027604,-0.8241961530936742
-0.32143686660163967,0.46577138320586375,0.3626050712999953,0.17674991139219026,-0.533511072385589,0.4359091646148081,0.27193824654383,-1.233253164851927,-0.5284058250657242,-0.2794861001049764,-0.2712449657122397,-0.38231355557013774,-0.7464352553619324,1.2631524183127034,-0.7944976331452438,-1.2461119726309167,0.5532598848720495,0.568930280354702,2.3709757553707114,0.25353281959700563,0.4538427199256052,0.48212270987316513,-0.5700023358620361,1.3885414190300998,-1.7834346883183108,0.18571328074493926,-0.6296346357720505,-2.2201177113391952,-1.941845841969455,0.2447500724698139,1.5721469179381649,-0.4379720176213375,0.23613824069180417,-0.09031804361642268,1.296881439349771,-0.20776572007998848,1.270870859665452,-0.8023011034245361,-2.1493974004825294,-3.0812583407296152,-0.2640765354360014,0.08726716242804602,-0.37407492768391776,-0.6412377255798313,0.6573567402749161
0.8115605338110873,-0.4265381781922415,-0.42256409359575436,-0.7370258322194233,0.8816374922296285,-0.29051443306907204,-0.5354887369403023,1.4516158523225828,0.6700719153999984,0.6708856857647091,-0.019072944120552854,0.3301122897466644,1.0460776624915071,-1.7569409532886597,1.4032134076506217,1.560244801563724,-0.746279827378824,-1.3001822100797629,-2.9878316375787954,-0.29614901840317,-0.828470269910416,-0.49903924561879776,0.9849349786102678,-1.7834346883183108,2.499121029436611,-0.8009413608525805,1.1439500565295018,3.171313808759586,3.069694687001005,-0.3584226160628462,-2.3203212820406702,0.5245781490845688,-0.36044490933645207,0.4452523074080686,-1.5622264216091875,0.3387856204628042,-1.8467608175743824,1.0570653850871736,2.395560644270239,4.646246435961379,0.28738488337514223,0.18422038647583797,0.46924811673424405,0.9021099611002803,-1.1584302852497692
-1.1965378739735806,-0.46420516677751145,-0.08744520321301695,1.5058422897254127,-0.5913757437687458,-0.7227415021180907,0.5668392718206704,0.26011810286048503,-0.051115341134365104,-0.8925160563266107,1.0986793413214633,0.384672483604261,-0.35558513978415324,0.4915496652424769,-1.1671773387324096,0.005181240494296225,0.14687222161431596,1.7043251242888293,0.12397760747959556,-0.09924882528733427,0.7848756476844205,-0.307394792552098,-0.7645569263573988,0.18571328074493926,-0.8009413608525805,1.6415920197750495,-0.9895557244212567,-1.1774954742529973,-1.873530329034295,0.19653623701400133,1.0620614493891793,0.05526585805243117,0.19203410929188583,-0.9812176285990031,-0.1915182993195412,-0.20480932915745825,0.7321981240092998,-0.14405830420784205,0.8099910982982204,-2.2902439285676905,0.14076919072290245,-0.8077040747328118,0.009764990817543609,-0.2840072489419187,0.9679563353291999
0.6012779864368326,-0.07400749654696709,-0.2268010650444987,-0.6478877683231932,1.0738874841243637,0.12044434950440414,-0.5702537079119882,0.15104574839393797,0.2548213047966645,0.9925398663146975,-0.094588819849953,-0.22267550696026206,0.567115279115527,-0.7880982463187323,1.1545301789838147,0.24646334998883426,-0.3627883420245571,-1.280088466645471,-0.6644191829340519,-0.3699600564755598,-0.23631605594364413,-0.45303270671574775,0.7983542919270172,-0.6296346357720505,1.1439500565295018,-0.9895557244212567,0.934585454391722,1.319366446479067,1.6607526706178493,-0.25670402568202855,-1.3693472967507319,0.5696342417906569,-0.2986957230931655,0.8431573467208116,-0.7386242468084945,0.1267659156397197,-1.1289434877156963,0.25393849182764944,0.6125036510278676,2.445837059233751,0.3186281807435309,0.6372593523661548,0.3389502722783313,0.34891217301028593,-0.9320676625953699
1.5016426976151902,-0.2070456359423065,-0.29498578936862535,-1.5713751054222211,0.19999590762617847,-0.06798820559152743,-0.47186578252262523,2.1395770066347697,0.8025936906272356,0.25921586039567585,-0.8512425572979893,0.6237646997840566,1.174196493568499,-2.2037395398461586,1.5519408551167106,2.423709275147971,-0.8439466197993342,-1.636439766559169,-4.296829629522051,0.2043520788307223,-1.8185623170148135,0.23536469161602122,1.0645667250483235,-2.2201177113391952,3.171313808759586,-1.1774954742529973,1.319366446479067,4.452376069206275,4.312700425414194,-0.3333734752520626,-2.679715432644417,-0.150465607709437,-0.2725786839827266,0.17247883928253038,-1.2845856384796361,0.5932963872372417,-1.9874218816016078,1.6248058807109929,2.4327900205658297,6.15540972345423,-0.16762417601005253,-0.03503365576215587,0.23640871544156877,1.2928041618610682,-1.3320660777017312
1.8682867031679233,0.050277215230858235,-0.24812504705064037,-2.0861802945653913,0.6018201703142935,0.3192171252871671,-0.7551111531944803,1.6126923058838278,0.7149256687570323,0.7923200609943067,-1.2214264910050927,0.2837364275365813,1.1858755637275844,-2.0813752302685944,1.9815971009033704,2.0031474767985396,-0.7884558339908706,-2.3308330618754867,-3.575100034904664,0.1516819533308569,-1.8771279125528895,0.289932925484627,1.3472396905764477,-1.941845841969455,3.069694687001005,-1.873530329034295,1.6607526706178493,4.312700425414194,4.59884326622847,-0.4047488915534871,-2.862676216903501,-0.05017738731691387,-0.3412568590560494,0.7377712269978374,-1.0114101097900186,0.5861943313701048,-2.1020542845135735,1.4263068325137918,1.6237467844097386,6.389446399503923,-0.140187261637451,0.4644762349305158,0.23823405716087762,1.2393632107397892,-1.6747315963913965
-0.049606627491085416,0.11681086429145607,0.15468275684057245,0.01939517742470854,-0.49404892687206436,0.06866266625946049,0.2225339375617602,-0.03528439224338536,-0.12382067327162488,-0.38611736760469856,-0.16896166841750274,0.056743918823200484,-0.2194064432368954,0.21599067932089663,-0.3709922009693137,-0.04289485436832157,0.12419338478248688,0.34812743610751434,0.17190993782100739,0.2302843013488761,-0.08540759370445865,0.32496274649877394,-0.26429434106282623,0.2447500724698139,-0.3584226160628462,0.19653623701400133,-0.25670402568202855,-0.3333734752520626,-0.4047488915534871,0.13306343885362187,0.5007482153946601,-0.3801431030044718,0.11755916296867315,-0.3133503867299383,0.37669366657563924,0.017258616053596954,0.41061676596794777,-0.048695085355698206,-0.4101249337674158,-0.6807746211436688,-0.22761154166779685,-0.199688305190804,-0.1862426197275697,-0.09503238689035011,0.29157536177123194
-0.681153979535419,0.48447708979086496,0.5995897493244157,0.5959116736254887,-1.7242881485285906,0.25160168599740845,0.8787173121093422,-0.8984097992627128,-0.6641642987373858,-1.3880785864862888,-0.3295066951840584,0.004677808173767018,-1.119197919540471,1.5634194482035733,-1.786686230829017,-1.0180586629897619,0.736410487197402,1.7089389643174788,2.088113944014367,0.7247175737488901,0.33189313695799766,1.011443544226932,-1.2666650806610624,1.5721469179381649,-2.3203212820406702,1.0620614493891793,-1.3693472967507319,-2.679715432644417,-2.862676216903501,0.5007482153946601,2.5666055113060904,-1.1725056948651256,0.49029433262456074,-1.0542601235916131,1.7610114272351,-0.18950800846865296,2.088591564726517,-0.7508585239527258,-2.2295013285738774,-4.465151072455686,-0.6969660993203216,-0.6718052352879821,-0.7124517572717699,-0.7758011620065753,1.434737009211461
-0.7171307859406689,-0.7478237274071052,-0.6870300842155487,1.040444603176634,2.199481028682867,-0.6374187134818211,-0.6797085926927227,-0.328619378421297,0.3071672566309713,1.5057859921066807,1.6685704139021036,-0.3828849822625957,0.5660691674496978,-0.33840272399633364,0.917332952302209,-0.5220031842916867,-0.36966904156374053,-0.5124579107357417,0.4954166401996619,-1.3102494388300492,1.3444637888503925,-1.8619025172580395,0.6973135708689394,-0.4379720176213375,0.5245781490845688,0.05526585805243117,0.5696342417906569,-0.150465607709437,-0.05017738731691387,-0.3801431030044718,-1.1725056948651256,1.903881719375278,-0.44224275493486465,1.048141276693317,-1.677465711813979,-0.28500130941374807,-1.2006046731493736,-0.3023386809108808,1.6635233710973616,0.6602305883951067,1.2489350920297957,0.7219871169673846,0.8832729163791821,-0.0404937517712928,-0.6690124898886929
0.005312712019631419,0.15376329608968134,0.15092029720889177,-0.06185380421685524,-0.6074820623020958,0.10469767644073835,0.2150028248067306,0.018990586784220814,-0.10264144446222845,-0.45399224706139757,-0.273108536748189,0.10812891577514133,-0.2313942794663796,0.2618979225813299,-0.3904656721978163,0.06369256029430546,0.1555671687929947,0.33941294549463136,0.09186577715153235,0.30071267515704625,-0.19285364061204577,0.44432059662540957,-0.27525075420604217,0.23613824069180417,-0.36044490933645207,0.19203410929188583,-0.2986957230931655,-0.2725786839827266,-0.3412568590560494,0.11755916296867315,0.49029433262456074,-0.44224275493486465,0.15362643483703375,-0.35325255277419326,0.4873602052268663,0.018868726702446357,0.4563254858127492,0.016179243639244768,-0.4627456734837088,-0.6331075113915069,-0.2722721921781369,-0.2422097222447981,-0.22309554625297076,-0.05092287153936687,0.30666738826476314
0.2538901278591453,-0.05644554240246221,-0.28380584881977905,-0.2796424318238894,1.62765709059159,0.15363985114802253,-0.7157833643173296,-0.6582238897358953,0.10817768456104103,1.436194145448076,0.2556494685982979,-0.5682026093460603,0.4241938641178845,-0.2467158386243303,1.1352156042928545,-0.6414843955190351,-0.20884461567412965,-1.2881726388899286,0.7567022040961284,-0.685891955899779,0.4312315848760037,-0.8608208273511033,0.7839103196103212,-0.09031804361642268,0.4452523074080686,-0.9812176285990031,0.8431573467208116,0.17247883928253038,0.7377712269978374,-0.3133503867299383,-1.0542601235916131,1.048141276693317,-0.35325255277419326,1.2753728411604641,-0.6316284824820662,-0.0960282677095265,-0.9321868207675896,-0.29594022034908385,0.03629502122559003,1.183023668418962,0.6212922993547193,0.983400931810223,0.45546837502407506,-9.48098351806453e-4,-0.8964650977383466
0.5204418399315909,0.9822193259779451,0.7294839568168212,-0.9333583346084222,-1.903496113169741,0.9218319988539749,0.5397199287971064,-0.6884425021041369,-0.556447378339444,-1.140426828187405,-1.646419697560632,-0.033053661849667584,-0.8885649434986863,1.165457233521082,-1.0239830509417247,-0.45642815274763976,0.6756461418416653,0.4455793850893455,1.3409309513019496,1.1696474865882487,-0.8363733284786304,1.8147689735608172,-0.7724093071494027,1.296881439349771,-1.5622264216091875,-0.1915182993195412,-0.7386242468084945,-1.2845856384796361,-1.0114101097900186,0.37669366657563924,1.7610114272351,-1.677465711813979,0.4873602052268663,-0.6316284824820662,2.284954731183097,0.06635645427072842,1.6855629375772363,-0.2936184014126452,-2.945124900749191,-2.290991119133791,-1.1036326571610646,-0.3201878937749472,-0.9162540039824038,-0.34638261848092494,0.7778086584343693
0.31508171686543424,0.08758005588059649,0.06539577532157147,-0.37552604455411837,-0.24891097671251902,0.10302492523084526,0.022049627906516392,0.2952074142467564,0.04910716455204496,-0.13792662548192375,-0.35091584092739564,0.10445692064874222,0.07159475165905602,-0.25054066716262446,0.10364023280360056,0.361535979048756,-0.062063221949287824,-0.18051574697780828,-0.5842407234872288,0.19799226250682975,-0.4197171558284849,0.2856490258420756,0.0621028955554399,-0.20776572007998848,0.3387856204628042,-0.20480932915745825,0.1267659156397197,0.5932963872372417,0.5861943313701048,0.017258616053596954,-0.18950800846865296,-0.28500130941374807,0.018868726702446357,-0.0960282677095265,0.06635645427072842,0.12455373085496488,-0.10620480503478674,0.2415571726474468,0.03979866241143083,0.732111702622017,-0.19399465678712594,-0.0688425261767257,-0.08923311713762316,0.16948325017352653,-0.10186797064142096
-0.34247983464762505,0.5266858776904236,0.5608500124007436,0.19610028982041033,-1.67980710436314,0.3495545336589531,0.7340430778001262,-0.646342027249456,-0.5434337347398382,-1.2768337442415465,-0.6093218681854444,0.07146992991249378,-0.9391564826169791,1.2843232293062727,-1.4700547855064394,-0.6577922040813605,0.6493548500480371,1.3093928673614181,1.5164821780644324,0.7930236491296528,-0.024218439696482047,1.1294715032822968,-1.0471622445886088,1.270870859665452,-1.8467608175743824,0.7321981240092998,-1.1289434877156963,-1.9874218816016078,-2.1020542845135735,0.41061676596794777,2.088591564726517,-1.2006046731493736,0.4563254858127492,-0.9321868207675896,1.6855629375772363,-0.10620480503478674,1.789497621312973,-0.4989301955173149,-2.041453845122534,-3.444100309634292,-0.7460196974920923,-0.6103690275015005,-0.6992637154465512,-0.5579779960806689,1.1767969850099327
0.4793752118097822,-0.08122659125701569,-0.07990575054850868,-0.5029937672436003,-0.3591016546292255,-0.06816555663615999,-0.020518624189265727,1.021090974558015,0.2965580667269281,-0.2743201432245221,-0.34588106851381906,0.4032239529419994,0.31603470611435575,-0.7215996043545024,0.29106938023170154,1.175916509728906,-0.24572860185138762,-0.2668613990861837,-1.8264405148078435,0.23827872657780869,-0.8028844088668728,0.3376008881886522,0.21282425264958194,-0.8023011034245361,1.0570653850871736,-0.14405830420784205,0.25393849182764944,1.6248058807109929,1.4263068325137918,-0.048695085355698206,-0.7508585239527258,-0.3023386809108808,0.016179243639244768,-0.29594022034908385,-0.2936184014126452,0.2415571726474468,-0.4989301955173149,0.7470896668495192,0.9268856464274318,2.02102548868625,-0.19337045290613977,-0.27548897282242507,-0.015954649111100342,0.528781606030441,-0.2593388199885454
-0.6787426220876315,-1.386241445117519,-0.9366146542999886,1.2657097776571289,1.5679503438371987,-1.4424916283707943,-0.3767154391488456,1.8150581843248248,0.8906084356977743,0.633105292388847,2.006722121256585,0.5928642398748162,1.1611375224725662,-1.7569425549522946,0.9016825828650444,1.5572505156787702,-0.9269454729557374,0.0011596060851668131,-3.1522216886135985,-1.1362388875927345,0.5574879253830346,-1.8990329866612243,0.7160571593539018,-2.1493974004825294,2.395560644270239,0.8099910982982204,0.6125036510278676,2.4327900205658297,1.6237467844097386,-0.4101249337674158,-2.2295013285738774,1.6635233710973616,-0.4627456734837088,0.03629502122559003,-2.945124900749191,0.03979866241143083,-2.041453845122534,0.9268856464274318,4.566551478282848,3.418457367948227,1.1308509786418217,-0.2622568983732061,1.0236757544677524,0.7345627949151066,-0.6937914082165838
2.174171242925555,-0.3784298653471933,-0.6620433800605761,-2.2737739668553476,1.5715836281565607,-0.0038593238577326206,-1.2116613160345846,2.4421724104874003,1.1837724174523245,1.491613873067897,-0.8347475698751208,0.4077534639575038,1.9098108653247472,-3.185712634381363,2.9923150612311704,2.8708205189550395,-1.31088894912376,-3.1761614693365465,-5.25642534247718,-0.31374403231683046,-2.080565744127682,-0.3886855554040479,2.074768122918642,-3.0812583407296152,4.646246435961379,-2.2902439285676905,2.445837059233751,6.15540972345423,6.389446399503923,-0.6807746211436688,-4.465151072455686,0.6602305883951067,-0.6331075113915069,1.183023668418962,-2.290991119133791,0.732111702622017,-3.444100309634292,2.02102548868625,3.418457367948227,9.277116586446876,0.30881779994227054,0.716130986295317,0.7105216252209188,1.7840210732070727,-2.4898391200416956
-0.5418228518869315,-0.5202722837624211,-0.46501662177302483,0.7725710225608783,1.4067076596835952,-0.4624361634054364,-0.41480949533496214,-0.18889328448797216,0.2011522058940257,0.9369828927660926,1.1741604384920037,-0.23246848217664595,0.3428187111843964,-0.18868337143317337,0.5361168070277276,-0.3231897475856887,-0.23786179341571845,-0.23677015229718035,0.33825205849973305,-0.8733373569785231,0.9244018400670391,-1.2301340986913394,0.41637588475589155,-0.2640765354360014,0.28738488337514223,0.14076919072290245,0.3186281807435309,-0.16762417601005253,-0.140187261637451,-0.22761154166779685,-0.6969660993203216,1.2489350920297957,-0.2722721921781369,0.6212922993547193,-1.1036326571610646,-0.19399465678712594,-0.7460196974920923,-0.19337045290613977,1.1308509786418217,0.30881779994227054,0.8359133841176694,0.4345797735562558,0.5840436312874521,-0.033850122747737584,-0.3872793549575428
0.22786037934660533,0.02998541587743472,-0.17427993731342584,-0.2819969263411239,1.1938701554579096,0.21042950015373468,-0.5418400088719569,-0.6210628623879927,0.02384394254370465,1.104647356783909,0.11977031499403036,-0.4988510527164852,0.24456972641472546,-0.08608834794370507,0.8417529729353261,-0.5790782276651169,-0.11029986414278042,-1.0043688788687917,0.8149484489984615,-0.4920756781245327,0.32062426082777107,-0.5606768047680742,0.5820788206403851,0.08726716242804602,0.18422038647583797,-0.8077040747328118,0.6372593523661548,-0.03503365576215587,0.4644762349305158,-0.199688305190804,-0.6718052352879821,0.7219871169673846,-0.2422097222447981,0.983400931810223,-0.3201878937749472,-0.0688425261767257,-0.6103690275015005,-0.27548897282242507,-0.2622568983732061,0.716130986295317,0.4345797735562558,0.8058214111947818,0.3049384708272194,-0.0368485808222731,-0.6615983278190675
-0.2756962778519362,-0.39613126469633564,-0.35013344275430547,0.4399535934851949,1.0306341755686197,-0.34290940736635755,-0.3270692762097324,0.03560901360296554,0.20328312978186977,0.6924034878020121,0.7842250255934636,-0.11903159967615101,0.3424858752857189,-0.32834891785405007,0.5055803390287636,-0.04809905655766969,-0.24298849918080603,-0.2908406264901145,-0.10885208034410228,-0.6134977795545513,0.5290200238793645,-0.8786005411383708,0.38131023258922875,-0.37407492768391776,0.46924811673424405,0.009764990817543609,0.3389502722783313,0.23640871544156877,0.23823405716087762,-0.1862426197275697,-0.7124517572717699,0.8832729163791821,-0.22309554625297076,0.45546837502407506,-0.9162540039824038,-0.08923311713762316,-0.6992637154465512,-0.015954649111100342,1.0236757544677524,0.7105216252209188,0.5840436312874521,0.3049384708272194,0.43934184033398216,0.07252253015536961,-0.379864165966095
0.4141094248559444,-0.07675242520617558,-0.11696656052257387,-0.4355900896450921,0.018187688202186327,-0.02845901405941472,-0.1468163489765456,0.677217944581365,0.2515527087053704,0.04793935772118933,-0.2148195473570409,0.21173670622997257,0.32250256110105835,-0.6050320172729908,0.43149679586118844,0.8021215741880735,-0.2289219688061187,-0.4374303055205377,-1.284382119230399,0.05745853349033657,-0.5421302975445859,0.102862521930538,0.30777056218027604,-0.6412377255798313,0.9021099611002803,-0.2840072489419187,0.34891217301028593,1.2928041618610682,1.2393632107397892,-0.09503238689035011,-0.7758011620065753,-0.0404937517712928,-0.05092287153936687,-9.48098351806453e-4,-0.34638261848092494,0.16948325017352653,-0.5579779960806689,0.528781606030441,0.7345627949151066,1.7840210732070727,-0.033850122747737584,-0.0368485808222731,0.07252253015536961,0.41241478051624747,-0.3629671930154462
