V1,V2,V3,V4,V5,V6,V7,V8,V9,V10,V11,V12,V13,V14,V15,V16,V17,V18,V19,V20,V21,V22,V23,V24,V25,V26,V27,V28,V29,V30,V31,V32,V33,V34,V35,V36,V37,V38,V39,V40,V41,V42,V43,V44,V45
0.3728019261082524,-0.12501220161861554,-1.1273435524109265,0.10422760750496074,0.5403188423369618,-0.8718389814489932,0.106204065482172,-0.196680533724536,0.20066877343134293,-0.2554187603300369,-0.26869273127635745,1.2247491832958233,-0.09838306958472719,-0.06801810981014786,-0.344455504859275,-0.08769869998380174,0.2884815626143451,-0.23335688509203198,0.08644047571903576,0.7157899262433424,-0.5649019685139967,-0.3704914129103141,0.24084392397633916,-0.8601895007932228,0.6497002514208381,0.353843576074282,-0.5749903427801466,-0.23120901187908272,0.6155778497822157,-0.18425797267693297,-0.27576181007410877,0.06496235532685314,0.09107312069324856,0.06678593580646286,-0.17899894664672267,-0.026514577912103935,-0.27560310626916845,-0.20160666675119282,-0.059678021750761916,0.4348777396860695,-0.2753398112908146,0.11557504259161043,-0.0018330934531893654,0.24310182318174692,-0.49425584196870986
-0.12501220161861554,0.6558984248906596,0.7872931874487301,0.006656568338288241,-0.11422071927389567,0.059310434421807966,-0.8682202988414858,0.5457029487962398,0.2590108727742215,0.12815462944812883,0.12903312239423945,-0.06601201502027616,0.27684467304458377,0.6239011063692547,0.1920304971409641,0.9028101061368486,-0.6441190321450626,-1.7261571183726288,0.20424085284843876,-0.26090185658814957,0.029855557946637697,-0.0016056466286822142,-0.011466567788173135,0.1669256175367243,0.12382629447647772,-0.0796300550371772,-0.4007693366037112,0.3936110754521021,0.6691577914295641,-0.1478775485442439,-0.08566145605314741,-0.6312477306714545,-0.835690247674696,-0.4545116061595938,0.11973013569772543,1.3068117449491983,0.676567999961777,-0.7963212560745934,0.5535337941196576,0.5229767204996013,0.3828107128766102,-0.35075262934886964,0.11937693641877391,0.24935195886631178,0.02598060948948272
-1.1273435524109265,0.7872931874487301,3.71037935538403,-0.4847673256774529,-1.7762154983324479,2.5500358246106436,-0.9435979416184741,0.938938739554017,-0.2840746022149551,0.73522378340863,0.9976884760662438,-3.649007488269145,0.568902416039198,0.5027711747346116,1.0313054647061615,0.7487549956639525,-1.2875796806974615,-0.5724521325729571,-0.027773400514671476,-1.969021188136484,1.4692135832234745,0.9911475597071736,-0.8124874491767388,2.3730865186850356,-1.9897807097237776,-1.0645330573397855,1.4712037986238693,0.7963439893960185,-1.286607771149396,0.4114514512032392,0.5836846942437725,-0.5486024943169321,-0.7587045766457292,-0.49383492787897604,0.5448831514040292,0.752389232708069,1.2400914547696589,0.16780561844690509,0.698370017941973,-0.89738524437532885,1.1381839932122708,-0.5322538495843405,-0.10678312021748787,-0.4425626042877895,1.5961336117381046
0.10422760750496074,0.006656568338288241,-0.4847673256774529,1.6274621026103362,1.6582968932396542,-0.7850022501833489,0.5343249150669453,-0.22927641340298527,-0.7785636628209972,0.46237003369259444,-1.3515044878548566,1.7558107408191859,-0.9025668780849838,0.85377826852879,0.40069970861410337,0.82473683107203,0.4480601877189411,0.4566185412534144,-0.6062995629505543,-1.516581517263525,0.9333542384583564,0.2527380412630753,1.1238652570795544,0.9778987151959236,2.2196621942833703,0.23772863228615906,-1.203246135857621,0.8868645614679164,0.2609510226292182,-0.02562720433149823,1.003195919889097,-0.44654538677831124,-0.46266041249707945,0.02800639606633652,0.26391442519960673,1.6162291335866068,-0.17373031850947873,-1.1839148588183144,-1.299312097266421,0.37385259120159176,-0.9612461348668636,-0.19495863080314732,1.5479731258946121,-0.506639062277602,-1.695943165096136
0.5403188423369618,-0.11422071927389567,-1.7762154983324479,1.6582968932396542,2.2083760748876924,-1.7879271791577571,0.5902645633761765,-0.42758140423484714,-0.47981888903381475,0.1337059962143781,-1.5914070913673581,3.126640913805672,-0.9550248432749142,0.7532585105989573,-0.028799419907071112,0.7159510359297807,0.7375625890893659,0.06599146396864584,-0.4570088694700991,-0.5809332982530923,0.19976097288153474,-0.2077499209748747,1.3475520154372318,-0.10623295812836464,2.881411340738449,0.6468370551559338,-1.8461201594941907,0.5751249847983013,1.0190308725457382,-0.25321523383641725,0.6078799474174371,-0.37451414777356185,-0.36604188183633046,0.08476244917599005,0.03950748479201342,1.5543888390322966,-0.463182117216474,-1.394374832931754,-1.2715771608834634,0.9009408901883137,-1.219519837467144,-0.06038071877206608,1.4621686248624055,-0.1739645872225165,-2.191743735930078
-0.8718389814489932,0.059310434421807966,2.5500358246106436,-0.7850022501833489,-1.7879271791577571,2.308017100276377,-0.11423498839278276,0.3452762697412274,-0.3123543798431123,0.4075193590089192,1.0374938517732695,-3.4610242316464697,0.4293833782866382,-0.34672611899521344,0.6157609782337536,-0.39189471574407697,-0.5979780508881297,1.02864499048146,-0.08018418909565077,-1.1023129065439001,1.023682566329443,0.7949651317566967,-0.936305833661567,1.6587023932856761,-2.3210070922353894,-0.8913686297254665,1.907757456877247,0.11581252667495656,-1.7894773755299211,0.49813565890746997,0.35756994254557395,0.22425348052807287,0.23777183196763355,-0.0027849973618883465,0.29455409970906604,-0.9442472938329264,0.46685809364248776,1.154033898619009,0.37210315537517685,-1.3441335434902915,0.8323808393206842,-0.0844438723050224,-0.5498886610449639,-0.4986664350038281,1.7230855792540039
0.106204065482172,-0.8682202988414858,-0.9435979416184741,0.5343249150669453,0.5902645633761765,-0.11423498839278276,1.358066101112323,-0.7798339245730185,-0.6872585418749851,0.05642304003056876,-0.5781413396373548,0.3674428117047794,-0.6731331906892583,-0.54298127616861,-0.028758372638369067,-0.9331089276575666,0.9671602077682038,2.610846067618398,-0.5199717931006783,-0.37214287389207706,0.44522811800341844,0.19377648422289778,0.34447702330637264,0.35343834696124793,0.4272590608296967,0.09365189802203946,0.2917195134243092,-0.16678332980158223,-1.004913795014916,0.245863717838969,0.5492502989135251,0.6980778152220626,0.9660283788449051,0.6192292749671875,-0.022296131792243604,-1.2304884865983934,-0.9187951999911207,0.7395136605387878,-1.204375406645518,-0.7124144398341484,-0.7901326332910221,0.38343819459330025,0.37942875770865653,-0.5902210736801732,-0.49384066566404694
-0.196680533724536,0.5457029487962398,0.938938739554017,-0.22927641340298527,-0.42758140423484714,0.3452762697412274,-0.7798339245730185,0.5059390463038518,0.26032977561872245,0.09906141170291072,0.3378524328179658,-0.5567190067421616,0.3584625288297301,0.39758489369778843,0.17813563158399567,0.6259991458272102,-0.6319806577811168,-1.3708742067379682,0.22098413321417623,-0.17065393604945603,0.02949873507099799,0.05006312540452317,-0.20914515673630005,0.19848459602727545,-0.3364618625737689,-0.1727885218789561,-0.031360166656787494,0.247918017312089,0.35686402325287486,-0.07131378020416865,-0.13626312872268787,-0.4556579564917414,-0.6205331311540729,-0.3781526137665822,0.1000825988707301,0.8293857380158143,0.6190781576797626,-0.4305512357617033,0.6198399163546838,0.26668321166620546,0.4894724367671737,-0.2779401694828102,-0.1056986199123424,0.2083586735743177,0.35144889836256915
0.20066877343134293,0.2590108727742215,-0.2840746022149551,-0.7785636628209972,-0.47981888903381475,-0.3123543798431123,-0.6872585418749851,0.26032977561872245,0.7418418319788035,-0.4001538632868577,0.5623956625518147,0.09745824256761468,0.5558106647061424,-0.16335667876765556,-0.40907278290534405,-0.006377579345641416,-0.35320849072231714,-1.4324654906279706,0.5180074701387806,1.295677102954342,-0.981684499081976,-0.4624876529830629,-0.39836733868506613,-1.1872424478954478,-0.5491827680093735,0.1389486082335518,-0.0881775011403115,-0.45618697620846677,0.7823469199657118,-0.23228558439658828,-0.8306431440425995,-0.0626113674957039,-0.14653271454541242,-0.21477654202318047,-0.2312023723730245,-0.14770412701041025,0.2354246628958124,0.005828660731361437,0.9595977730480195,0.4793953660901305,0.49150053889202844,0.007136984650392045,-0.764774622840757,0.6276161148968507,0.4903284134880667
-0.2554187603300369,0.12815462944812883,0.73522378340863,0.46237003369259444,0.1337059962143781,0.4075193590089192,0.05642304003056876,0.09906141170291072,-0.4001538632868577,0.3555798066596059,-0.2383654405124435,-0.3541446451506389,-0.21257262176730504,0.36423393971086027,0.4054586482429893,0.3822795331865947,-0.10016805260169873,0.2509198029843448,-0.2586127625897232,-1.0620577816248136,0.7433939433025767,0.36658985936339616,0.18960195602999472,0.9895861065724703,0.24760783720664717,-0.19457245768962778,0.02044004683409616,0.4900523828382993,-0.3525261562941738,0.1257302340199442,0.5407820128494557,-0.22681968422467794,-0.261990949706715,-0.06203900362012078,0.22968984988575333,0.617921173004008,0.18406180172366687,-0.27744790998741786,-0.3608262851315565,-0.1831250821935722,-0.09152392432402963,-0.16963516886959146,0.5218567948594672,-0.34232670784655045,-0.18599116439598545
-0.26869273127635745,0.12903312239423945,0.9976884760662438,-1.3515044878548566,-1.5914070913673581,1.0374938517732695,-0.5781413396373548,0.3378524328179658,0.5623956625518147,-0.2383654405124435,1.2224561326637997,-1.978197798254703,0.8005380384904585,-0.5814015703139336,-0.14055971749868937,-0.5169170402589663,-0.5659060902473796,-0.45889750893156306,0.469822767842703,0.8578003309377368,-0.48487915379293944,-0.03302822607558297,-1.0125373361585495,-0.36968183473231814,-2.0648803413822145,-0.3629628514823712,1.1829537770609782,-0.5586123452954602,-0.4143776472044695,0.0878619797149073,-0.6867786333636615,0.2560732439102326,0.23192020271683808,-0.10569353471751312,-0.11571139221849544,-1.1327187274554855,0.344467193460982,0.9483381497464295,1.134559718243854,-0.438778086724216,0.9419229904926345,0.06198499537342022,-1.226697470365855,0.3241869423668425,1.589942653744858
1.2247491832958233,-0.06601201502027616,-3.649007488269145,1.7558107408191859,3.126640913805672,-3.4610242316464697,0.3674428117047794,-0.5567190067421616,0.09745824256761468,-0.3541446451506389,-1.978197798254703,5.43763032383212,-0.9615539054334424,0.8431833087114087,-0.6622498037074377,0.8972108822798371,0.9898811627004808,-1.2300877285231586,-0.14602193766721652,0.8458955672901277,-0.9900096380905087,-0.971529891588848,1.746601739292116,-1.8296711702971407,4.090827434579418,1.3066644070950786,-3.103461603773216,0.2269522832192097,2.547396636415691,-0.6899173969256372,-0.058998902635095544,-0.5039281105288546,-0.534030570273209,0.008409574127795447,-0.2843312211208159,1.9880855820525567,-0.6947266736066083,-2.0811964883769978,-1.0466743010081778,1.9900208594363713,-1.5302785062006203,0.02530365203684399,1.4043774479865923,0.46499110368449736,-3.0549527326398795
-0.09838306958472719,0.27684467304458377,0.568902416039198,-0.9025668780849838,-0.9550248432749142,0.4293833782866382,-0.6731331906892583,0.3584625288297301,0.5558106647061424,-0.21257262176730504,0.8005380384904585,-0.9615539054334424,0.6217181867399628,-0.20761583918526502,-0.15343873549958995,-0.07076924532823492,-0.5197312532983117,-1.0171103083781903,0.4317897753091113,0.762078762649358,-0.5317059258794191,-0.15603331705973392,-0.6235900443721398,-0.5084470605795566,-1.1598358840268368,-0.15247925994567815,0.4741115621848308,-0.3336289871149847,0.17101732330526795,-0.056784714504800396,-0.609763603530565,-0.023664145012638093,-0.10161451450003171,-0.2114527231585487,-0.1028735450642818,-0.3338503770446763,0.3807552470452981,0.30666270310986776,0.9646903503310461,0.036417524242599725,0.6930722522937928,-0.03904298795833031,-0.8126037566926109,0.4014859206013953,0.9387312596739413
-0.06801810981014786,0.6239011063692547,0.5027711747346116,0.85377826852879,0.7532585105989573,-0.34672611899521344,-0.54298127616861,0.39758489369778843,-0.16335667876765556,0.36423393971086027,-0.5814015703139336,0.8431833087114087,-0.20761583918526502,1.0376063404033833,0.3932565402495983,1.2866142851161546,-0.3794721678678743,-1.3929650369619342,-0.12355382156631248,-1.0467279433493164,0.5197855764519175,0.13427746269084007,0.5729757679996357,0.6765178037778293,1.2713583428349133,0.04585738237685542,-1.0026920829823072,0.8367281357720132,0.7633887794621879,-0.15173292053399362,0.4442698192742298,-0.8325893777362301,-1.0326193315396606,-0.41661993064194414,0.25346016133640653,2.081346297419575,0.5518715137541548,-1.367405460404215,-0.1560775033072555,0.6858318030107692,-0.13763498679894734,-0.4336182381733408,0.9211271551803855,-0.03215654864139877,-0.8559532202790211
-0.344455504859275,0.1920304971409641,1.0313054647061615,0.40069970861410337,-0.028799419907071112,0.6157609782337536,-0.028758372638369067,0.17813563158399567,-0.40907278290534405,0.4054586482429893,-0.14055971749868937,-0.6622498037074377,-0.15343873549958995,0.3932565402495983,0.48047163441320523,0.4314817175677424,-0.2089485816331804,0.19179392358642428,-0.2500072484074204,-1.1920235172716742,0.8419755924993132,0.439933930985154,0.11063539145671063,1.1573812180739318,0.06184263645260372,-0.27982193546936535,0.14931311021412413,0.5397251790123905,-0.451241395373317,0.15767548349734223,0.5697082710865363,-0.26510476971381475,-0.31671676109925484,-0.1034989035190596,0.26747025712922007,0.6582867642226612,0.2847567931435257,-0.25081044578727196,-0.2844504825609296,-0.25550089541460597,0.012307138236648597,-0.2091292991265031,0.4913695627924928,-0.36709131421582125,-0.038220100944620625
-0.08769869998380174,0.9028101061368486,0.7487549956639525,0.82473683107203,0.7159510359297807,-0.39189471574407697,-0.9331089276575666,0.6259991458272102,-0.006377579345641416,0.3822795331865947,-0.5169170402589663,0.8972108822798371,-0.07076924532823492,1.2866142851161546,0.4314817175677424,1.6596602359264214,-0.6489693796993684,-2.200921048060185,-0.007546734812577294,-1.048486877150385,0.4491839270242207,0.08748491298224417,0.5628488903001847,0.6353974628211909,1.337312873795704,0.04118970852048604,-1.2105561483863687,0.9642987977574611,1.1197453826636887,-0.23701771277402364,0.3500529977479897,-1.0966170197741683,-1.3845010880798214,-0.6127687827448939,0.28167218407810585,2.6192890476272552,0.8297761916106832,-1.7122174932951215,0.1183729626233131,0.9552280630262014,0.02929608763891993,-0.5728437085733629,0.9332791857855733,0.11755863359499316,-0.8512109468665671
0.2884815626143451,-0.6441190321450626,-1.2875796806974615,0.4480601877189411,0.7375625890893659,-0.5979780508881297,0.9671602077682038,-0.6319806577811168,-0.35320849072231714,-0.10016805260169873,-0.5659060902473796,0.9898811627004808,-0.5197312532983117,-0.3794721678678743,-0.2089485816331804,-0.6489693796993684,0.8154197280176777,1.5948470383279578,-0.3052114593156218,0.13888568165032308,-0.014763213801411733,-0.08136621987371206,0.391152113176807,-0.2463436854474072,0.7061326432257305,0.27344837583198345,-0.16779763863881106,-0.22505336240598023,-0.29827112069357103,0.05578665402151695,0.22292644845660656,0.4884857333849496,0.679963819481116,0.4475426676464273,-0.11421587476210912,-0.7912512349340212,-0.7693435367420448,0.3434973835387885,-0.8551129906362339,-0.20869307328713585,-0.7005820200052786,0.31516278459706454,0.282761049764801,-0.257699874721114,-0.6498910428814487
-0.23335688509203198,-1.7261571183726288,-0.5724521325729571,0.4566185412534144,0.06599146396864584,1.02864499048146,2.610846067618398,-1.3708742067379682,-1.4324654906279706,0.2509198029843448,-0.45889750893156306,-1.2300877285231586,-1.0171103083781903,-1.3929650369619342,0.19179392358642428,-2.200921048060185,1.5948470383279578,5.723892114672355,-1.003240195146404,-1.0805913830959015,1.2737164506826337,0.7512797837166392,0.07042891217946803,1.3963877730400596,-0.6085475866993815,-0.2861369586388778,1.709730683796698,-0.4069396354204804,-2.9566982012921628,0.7498301439351266,1.1434542852967466,1.587330322337755,2.1385468383632547,1.246019605068324,0.0617801144531128,-3.188180311712636,-1.6009946449021486,2.2370066860061657,-2.062198563155665,-2.1612507638254526,-1.0450427950594516,0.7610792126240289,0.272133450108946,-1.3669939140462752,0.09977537183820553
0.08644047571903576,0.20424085284843876,-0.027773400514671476,-0.6062995629505543,-0.4570088694700991,-0.08018418909565077,-0.5199717931006783,0.22098413321417623,0.5180074701387806,-0.2586127625897232,0.469822767842703,-0.14602193766721652,0.4317897753091113,-0.12355382156631248,-0.2500072484074204,-0.007546734812577294,-0.3052114593156218,-1.003240195146404,0.37151567050970347,0.8536289433273296,-0.6400036757262949,-0.28142629990623974,-0.3435917323750049,-0.7446843362633311,-0.5332632221881457,0.04350457498516387,0.0446495996215916,-0.31092246584704525,0.4662837456747647,-0.13843561149084915,-0.5758971521300366,-0.04630514971895373,-0.10925712564796636,-0.16521530114824332,-0.14511748595890844,-0.1328899902219849,0.2129597092258896,0.05720570773051516,0.723143248885113,0.2724938912186386,0.412403432204699,-0.007944126290340142,-0.5786052482786734,0.42464082875628817,0.45777932376425945
0.7157899262433424,-0.26090185658814957,-1.969021188136484,-1.516581517263525,-0.5809332982530923,-1.1023129065439001,-0.37214287389207706,-0.17065393604945603,1.295677102954342,-1.0620577816248136,0.8578003309377368,0.8458955672901277,0.762078762649358,-1.0467279433493164,-1.1920235172716742,-1.048486877150385,0.13888568165032308,-1.0805913830959015,0.8536289433273296,3.2223241538550518,-2.2658989727474217,-1.0994775262369518,-0.6712139759857737,-2.9690404859331276,-0.9300292890471727,0.5339528086219842,-0.007451136741647382,-1.4558555703977991,1.1227803683117157,-0.3886328364340104,-1.7000858724345491,0.6008085016562457,0.6689478063448326,0.10191792469722206,-0.6808528940674317,-1.7464876239959153,-0.403006511486594,0.7903805837701584,1.2868889355794546,0.5906704846526092,0.4338822039235114,0.45387340405550286,-1.6637513542141433,1.0991699593447557,0.7190658062892458
-0.5649019685139967,0.029855557946637697,1.4692135832234745,0.9333542384583564,0.19976097288153474,1.023682566329443,0.44522811800341844,0.02949873507099799,-0.981684499081976,0.7433939433025767,-0.48487915379293944,-0.9900096380905087,-0.5317059258794191,0.5197855764519175,0.8419755924993132,0.4491839270242207,-0.014763213801411733,1.2737164506826337,-0.6400036757262949,-2.2658989727474217,1.6626885325935161,0.8463402792993993,0.3432659432042454,2.186693751671622,0.31336269733376076,-0.45588397545576453,0.33842206628631966,0.911985703544585,-1.1457898763531094,0.36118933666826253,1.2225021473433177,-0.22949936240005292,-0.22750855792133404,0.0392450189413362,0.471199090440419,0.7589560015342535,0.1717324714162873,-0.20644267955760254,-0.9594305502507803,-0.6930867470140532,-0.28224342883763026,-0.2368077404843417,1.034738985412015,-0.8682512752198295,-0.28089328521320955
-0.3704914129103141,-0.0016056466286822142,0.9911475597071736,0.2527380412630753,-0.2077499209748747,0.7949651317566967,0.19377648422289778,0.05006312540452317,-0.4624876529830629,0.36658985936339616,-0.03302822607558297,-0.971529891588848,-0.15603331705973392,0.13427746269084007,0.439933930985154,0.08748491298224417,-0.08136621987371206,0.7512797837166392,-0.28142629990623974,-1.0994775262369518,0.8463402792993993,0.47838728931030655,-0.012464540037190037,1.1601324847517753,-0.2558970974481827,-0.328501665809706,0.46455222017922915,0.37781946242686,-0.7850808787592359,0.23610805077353034,0.5609059065646819,-0.03539831908809008,-0.023364344074833284,0.03071627644367049,0.23600981707677826,0.11080220615087788,0.12232335432387312,0.13330798943386066,-0.3517031912763034,-0.5227731901944327,0.007377591308744632,-0.09776854815829336,0.32995886486636333,-0.4459748820167786,0.1655344652840291
0.24084392397633916,-0.011466567788173135,-0.8124874491767388,1.1238652570795544,1.3475520154372318,-0.936305833661567,0.34447702330637264,-0.20914515673630005,-0.39836733868506613,0.18960195602999472,-1.0125373361585495,1.746601739292116,-0.6235900443721398,0.5729757679996357,0.11063539145671063,0.5628488903001847,0.391152113176807,0.07042891217946803,-0.3435917323750049,-0.6712139759857737,0.3432659432042454,-0.012464540037190037,0.8573938266742459,0.23885477701797628,1.7872437754452952,0.32309001655046676,-1.099805851238941,0.49961329032197416,0.5163816598053219,-0.11596024149415138,0.5219426905240558,-0.3061426120113069,-0.317454668410218,0.01918385780089941,0.09528748257830648,1.142711923429317,-0.20219851081269902,-0.9325178088657592,-0.8482769941057995,0.4929860246338768,-0.7412629456647113,-0.0961257344186761,1.0282529232189777,-0.19935555694326618,-1.3564889026496325
-0.8601895007932228,0.1669256175367243,2.3730865186850356,0.9778987151959236,-0.10623295812836464,1.6587023932856761,0.35343834696124793,0.19848459602727545,-1.1872424478954478,0.9895861065724703,-0.36968183473231814,-1.8296711702971407,-0.5084470605795566,0.6765178037778293,1.1573812180739318,0.6353974628211909,-0.2463436854474072,1.3963877730400596,-0.7446843362633311,-2.9690404859331276,2.186693751671622,1.1601324847517753,0.23885477701797628,2.9571800770588537,-0.02236793202612006,-0.7237619894281875,0.6787970495141201,1.1877068914618265,-1.577209925740511,0.4965724336139454,1.5156592023143614,-0.3524106608284566,-0.38412972516783056,-0.03753574602498219,0.6417343216780536,0.9809543824499288,0.4160534560379485,-0.18356300381401594,-0.9826526232885592,-0.9797765395204313,-0.116878951644707,-0.3637882256238065,1.1638047597546413,-1.0874789721691014,-0.018522781805316912
0.6497002514208381,0.12382629447647772,-1.9897807097237776,2.2196621942833703,2.881411340738449,-2.3210070922353894,0.4272590608296967,-0.3364618625737689,-0.5491827680093735,0.24760783720664717,-2.0648803413822145,4.090827434579418,-1.1598358840268368,1.2713583428349133,0.06184263645260372,1.337312873795704,0.7061326432257305,-0.6085475866993815,-0.5332632221881457,-0.9300292890471727,0.31336269733376076,-0.2558970974481827,1.7872437754452952,-0.02236793202612006,3.8764413934655413,0.8145135680501128,-2.606646987038497,0.946462877429302,1.6055242119969908,-0.3883618596938646,0.7951129355217823,-0.7670041718037918,-0.8397455740324115,-0.07792948616986609,0.11251507330996287,2.624865894691887,-0.32613951744277264,-2.1847938915025633,-1.4740825487734686,1.3971177060927824,-1.4610506101507454,-0.23189148258565695,2.0104199903851585,-0.14544517915676805,-2.8990482905426296
0.353843576074282,-0.0796300550371772,-1.0645330573397855,0.23772863228615906,0.6468370551559338,-0.8913686297254665,0.09365189802203946,-0.1727885218789561,0.1389486082335518,-0.19457245768962778,-0.3629628514823712,1.3066644070950786,-0.15247925994567815,0.04585738237685542,-0.27982193546936535,0.04118970852048604,0.27344837583198345,-0.2861369586388778,0.04350457498516387,0.5339528086219842,-0.45588397545576453,-0.328501665809706,0.32309001655046676,-0.7237619894281875,0.8145135680501128,0.3535832665376629,-0.6735151094245078,-0.1212065801706888,0.6476134326139489,-0.18402416703130484,-0.18325858435024875,-0.015557247462598739,-0.0019317289785410368,0.03813072250432565,-0.14137109469071224,0.1922665308105928,-0.23626121445067408,-0.33944559269218944,-0.13484375028659218,0.47584133851847327,-0.3201614640008702,0.0725693056077486,0.13842454060426698,0.20238928411126333,-0.613416674581382
-0.5749903427801466,-0.4007693366037112,1.4712037986238693,-1.203246135857621,-1.8461201594941907,1.907757456877247,0.2917195134243092,-0.031360166656787494,-0.0881775011403115,0.02044004683409616,1.1829537770609782,-3.103461603773216,0.4741115621848308,-1.0026920829823072,0.14931311021412413,-1.2105561483863687,-0.16779763863881106,1.709730683796698,0.0446495996215916,-0.007451136741647382,0.33842206628631966,0.46455222017922915,-1.099805851238941,0.6787970495141201,-2.606646987038497,-0.6735151094245078,2.098268996035395,-0.5319600318611679,-1.8224983348037398,0.46224428443675225,-0.08390149411307987,0.7604818983993681,0.9123944933082675,0.2928483351425823,0.02450365973603629,-2.186903317695814,-0.05477162506890786,1.8204078412301081,0.4055826060315059,-1.4525509424755814,0.7126824089854488,0.252280462340303,-1.0817072852112994,-0.3209763888772837,1.8747146717194747
-0.23120901187908272,0.3936110754521021,0.7963439893960185,0.8868645614679164,0.5751249847983013,0.11581252667495656,-0.16678332980158223,0.247918017312089,-0.45618697620846677,0.4900523828382993,-0.5586123452954602,0.2269522832192097,-0.3336289871149847,0.8367281357720132,0.5397251790123905,0.9642987977574611,-0.22505336240598023,-0.4069396354204804,-0.31092246584704525,-1.4558555703977991,0.911985703544585,0.37781946242686,0.49961329032197416,1.1877068914618265,0.946462877429302,-0.1212065801706888,-0.5319600318611679,0.8491187872418927,0.08427628210352353,0.02956980260731637,0.717703539344238,-0.6004433895379142,-0.7237087556950736,-0.2411938411438444,0.32324589451276914,1.5793732382525638,0.3924610816695541,-0.9423368160562561,-0.45784906584639884,0.19451216973006186,-0.20660465396338074,-0.3524762746034684,0.9602023209287964,-0.3293425126247234,-0.6671975133481279
0.6155778497822157,0.6691577914295641,-1.286607771149396,0.2609510226292182,1.0190308725457382,-1.7894773755299211,-1.004913795014916,0.35686402325287486,0.7823469199657118,-0.3525261562941738,-0.4143776472044695,2.547396636415691,0.17101732330526795,0.7633887794621879,-0.451241395373317,1.1197453826636887,-0.29827112069357103,-2.9566982012921628,0.4662837456747647,1.1227803683117157,-1.1457898763531094,-0.7850808787592359,0.5163816598053219,-1.577209925740511,1.6055242119969908,0.6476134326139489,-1.8224983348037398,0.08427628210352353,2.2744541825967244,-0.6026787921409028,-0.6948279956968377,-0.7746973558766924,-1.007463458056005,-0.5074864078097058,-0.2063650720784734,1.8430328293188594,0.3756427434057831,-1.5875867509159347,0.6380009935839731,1.680777228330063,-0.05793461710574944,-0.2573602993642964,0.19667351695293345,0.8642184818020064,-1.0489053198226554
-0.18425797267693297,-0.1478775485442439,0.4114514512032392,-0.02562720433149823,-0.25321523383641725,0.49813565890746997,0.245863717838969,-0.07131378020416865,-0.23228558439658828,0.1257302340199442,0.0878619797149073,-0.6899173969256372,-0.056784714504800396,-0.15173292053399362,0.15767548349734223,-0.23701771277402364,0.05578665402151695,0.7498301439351266,-0.13843561149084915,-0.3886328364340104,0.36118933666826253,0.23610805077353034,-0.11596024149415138,0.4965724336139454,-0.3883618596938646,-0.18402416703130484,0.46224428443675225,0.02956980260731637,-0.6026787921409028,0.16511246294156964,0.22459492096928974,0.16660110968139613,0.22052232707225852,0.11567777958473359,0.07468030259232596,-0.392578566702553,-0.06738725718571659,0.3676315027402865,-0.18529411456355457,-0.43863041863477026,0.014586751592742432,0.04431007433352533,-7.889043019711697e-4,-0.2475879140029905,0.2524776927709103
-0.27576181007410877,-0.08566145605314741,0.5836846942437725,1.003195919889097,0.6078799474174371,0.35756994254557395,0.5492502989135251,-0.13626312872268787,-0.8306431440425995,0.5407820128494557,-0.6867786333636615,-0.058998902635095544,-0.609763603530565,0.4442698192742298,0.5697082710865363,0.3500529977479897,0.22292644845660656,1.1434542852967466,-0.5758971521300366,-1.7000858724345491,1.2225021473433177,0.5609059065646819,0.5219426905240558,1.5156592023143614,0.7951129355217823,-0.18325858435024875,-0.08390149411307987,0.717703539344238,-0.6948279956968377,0.22459492096928974,1.0075699438387364,-0.158396728325973,-0.1297106689827784,0.1034362999734695,0.3287169661242186,0.690670640511001,-0.058903719595408084,-0.33025731148181847,-1.0143034815171497,-0.3770882572585022,-0.4991467992606576,-0.1362908667314736,1.0207377836918137,-0.6862685682261825,-0.6510667798359243
0.06496235532685314,-0.6312477306714545,-0.5486024943169321,-0.44654538677831124,-0.37451414777356185,0.22425348052807287,0.6980778152220626,-0.4556579564917414,-0.0626113674957039,-0.22681968422467794,0.2560732439102326,-0.5039281105288546,-0.023664145012638093,-0.8325893777362301,-0.26510476971381475,-1.0966170197741683,0.4884857333849496,1.587330322337755,-0.04630514971895373,0.6008085016562457,-0.22949936240005292,-0.03539831908809008,-0.3061426120113069,-0.3524106608284566,-0.7670041718037918,-0.015557247462598739,0.7604818983993681,-0.6004433895379142,-0.7746973558766924,0.16660110968139613,-0.158396728325973,0.7332530236931364,0.932671740393498,0.43182079381966615,-0.1731704219862202,-1.7069555842212816,-0.5929156593228957,1.1079016261250927,-0.1887710564669474,-0.646954994795433,-0.09565370177651719,0.3842885130768504,-0.5283334021392955,-0.12782561129066444,0.46616295302915495
0.09107312069324856,-0.835690247674696,-0.7587045766457292,-0.46266041249707945,-0.36604188183633046,0.23777183196763355,0.9660283788449051,-0.6205331311540729,-0.14653271454541242,-0.261990949706715,0.23192020271683808,-0.534030570273209,-0.10161451450003171,-1.0326193315396606,-0.31671676109925484,-1.3845010880798214,0.679963819481116,2.1385468383632547,-0.10925712564796636,0.6689478063448326,-0.22750855792133404,-0.023364344074833284,-0.317454668410218,-0.38412972516783056,-0.8397455740324115,-0.0019317289785410368,0.9123944933082675,-0.7237087556950736,-1.007463458056005,0.22052232707225852,-0.1297106689827784,0.932671740393498,1.1981015814641318,0.5727248410757511,-0.20733321355868603,-2.128601430938321,-0.7975208721517001,1.3747715490905335,-0.3551315670244049,-0.828901208650151,-0.20216064022560806,0.49354241330001486,-0.5749879818382458,-0.211949431615499,0.48356810547304635
0.06678593580646286,-0.4545116061595938,-0.49383492787897604,0.02800639606633652,0.08476244917599005,-0.0027849973618883465,0.6192292749671875,-0.3781526137665822,-0.21477654202318047,-0.06203900362012078,-0.10569353471751312,0.008409574127795447,-0.2114527231585487,-0.41661993064194414,-0.1034989035190596,-0.6127687827448939,0.4475426676464273,1.246019605068324,-0.16521530114824332,0.10191792469722206,0.0392450189413362,0.03071627644367049,0.01918385780089941,-0.03753574602498219,-0.07792948616986609,0.03813072250432565,0.2928483351425823,-0.2411938411438444,-0.5074864078097058,0.11567777958473359,0.1034362999734695,0.43182079381966615,0.5727248410757511,0.31834397835704886,-0.06648370692991719,-0.8838169747690598,-0.4636550591905331,0.5465045516006923,-0.4174058483268905,-0.38894409670996233,-0.27506853494777816,0.23482147604872822,-0.04749910294959196,-0.2038253632047312,-0.02618178323561499
-0.17899894664672267,0.11973013569772543,0.5448831514040292,0.26391442519960673,0.03950748479201342,0.29455409970906604,-0.022296131792243604,0.1000825988707301,-0.2312023723730245,0.22968984988575333,-0.11571139221849544,-0.2843312211208159,-0.1028735450642818,0.25346016133640653,0.26747025712922007,0.28167218407810585,-0.11421587476210912,0.0617801144531128,-0.14511748595890844,-0.6808528940674317,0.471199090440419,0.23600981707677826,0.09528748257830648,0.6417343216780536,0.11251507330996287,-0.14137109469071224,0.02450365973603629,0.32324589451276914,-0.2063650720784734,0.07468030259232596,0.3287169661242186,-0.1731704219862202,-0.20733321355868603,-0.06648370692991719,0.1535882962928391,0.43748696059759495,0.16343302055642192,-0.19420850010380825,-0.17669478711551015,-0.10388400975612957,-0.015400416535482398,-0.12596463263968755,0.3114420952133521,-0.20173185542025016,-0.07579796081977741
-0.026514577912103935,1.3068117449491983,0.752389232708069,1.6162291335866068,1.5543888390322966,-0.9442472938329264,-1.2304884865983934,0.8293857380158143,-0.14770412701041025,0.617921173004008,-1.1327187274554855,1.9880855820525567,-0.3338503770446763,2.081346297419575,0.6582867642226612,2.6192890476272552,-0.7912512349340212,-3.188180311712636,-0.1328899902219849,-1.7464876239959153,0.7589560015342535,0.11080220615087788,1.142711923429317,0.9809543824499288,2.624865894691887,0.1922665308105928,-2.186903317695814,1.5793732382525638,1.8430328293188594,-0.392578566702553,0.690670640511001,-1.7069555842212816,-2.128601430938321,-0.8838169747690598,0.43748696059759495,4.233664098079716,1.124585935384554,-2.843484193512527,-0.13949462419375896,1.587691982033368,-0.2376846768846552,-0.8654472950149577,1.736343813361424,0.10772126136960444,-1.7552650969821646
-0.27560310626916845,0.676567999961777,1.2400914547696589,-0.17373031850947873,-0.463182117216474,0.46685809364248776,-0.9187951999911207,0.6190781576797626,0.2354246628958124,0.18406180172366687,0.344467193460982,-0.6947266736066083,0.3807552470452981,0.5518715137541548,0.2847567931435257,0.8297761916106832,-0.7693435367420448,-1.6009946449021486,0.2129597092258896,-0.403006511486594,0.1717324714162873,0.12232335432387312,-0.20219851081269902,0.4160534560379485,-0.32613951744277264,-0.23626121445067408,-0.05477162506890786,0.3924610816695541,0.3756427434057831,-0.06738725718571659,-0.058903719595408084,-0.5929156593228957,-0.7975208721517001,-0.4636550591905331,0.16343302055642192,1.124585935384554,0.7719932214627343,-0.5818785143035113,0.663748241987839,0.2980353434253815,0.557016090777982,-0.3648487851399747,-0.01714678714359029,0.18565099671794658,0.3646606379204489
-0.20160666675119282,-0.7963212560745934,0.16780561844690509,-1.1839148588183144,-1.394374832931754,1.154033898619009,0.7395136605387878,-0.4305512357617033,0.005828660731361437,-0.27744790998741786,0.9483381497464295,-2.0811964883769978,0.30666270310986776,-1.367405460404215,-0.25081044578727196,-1.7122174932951215,0.3434973835387885,2.2370066860061657,0.05720570773051516,0.7903805837701584,-0.20644267955760254,0.13330798943386066,-0.9325178088657592,-0.18356300381401594,-2.1847938915025633,-0.33944559269218944,1.8204078412301081,-0.9423368160562561,-1.5875867509159347,0.3676315027402865,-0.33025731148181847,1.1079016261250927,1.3747715490905335,0.5465045516006923,-0.19420850010380825,-2.843484193512527,-0.5818785143035113,2.042136883607981,0.1650870033963083,-1.3168890794994992,0.3458599006959131,0.5145650076416651,-1.1988661876384412,-0.1977594739370259,1.5030868487378393
-0.059678021750761916,0.5535337941196576,0.698370017941973,-1.299312097266421,-1.2715771608834634,0.37210315537517685,-1.204375406645518,0.6198399163546838,0.9595977730480195,-0.3608262851315565,1.134559718243854,-1.0466743010081778,0.9646903503310461,-0.1560775033072555,-0.2844504825609296,0.1183729626233131,-0.8551129906362339,-2.062198563155665,0.723143248885113,1.2868889355794546,-0.9594305502507803,-0.3517031912763034,-0.8482769941057995,-0.9826526232885592,-1.4740825487734686,-0.13484375028659218,0.4055826060315059,-0.45784906584639884,0.6380009935839731,-0.18529411456355457,-1.0143034815171497,-0.1887710564669474,-0.3551315670244049,-0.4174058483268905,-0.17669478711551015,-0.13949462419375896,0.663748241987839,0.1650870033963083,1.5648460642289246,0.3398541097761813,1.044169195999221,-0.11948669044966045,-1.170407687987422,0.7431348128592683,1.2378516293275887
0.4348777396860695,0.5229767204996013,-0.89738524437532885,0.37385259120159176,0.9009408901883137,-1.3441335434902915,-0.7124144398341484,0.26668321166620546,0.4793953660901305,-0.1831250821935722,-0.438778086724216,1.9900208594363713,0.036417524242599725,0.6858318030107692,-0.25550089541460597,0.9552280630262014,-0.20869307328713585,-2.1612507638254526,0.2724938912186386,0.5906704846526092,-0.6930867470140532,-0.5227731901944327,0.4929860246338768,-0.9797765395204313,1.3971177060927824,0.47584133851847327,-1.4525509424755814,0.19451216973006186,1.680777228330063,-0.43863041863477026,-0.3770882572585022,-0.646954994795433,-0.828901208650151,-0.38894409670996233,-0.10388400975612957,1.587691982033368,0.2980353434253815,-1.3168890794994992,0.3398541097761813,1.2664521424071677,-0.12249997707505374,-0.23159803645704502,0.32827594195745613,0.5672661976482266,-0.9325724271658016
-0.2753398112908146,0.3828107128766102,1.1381839932122708,-0.9612461348668636,-1.219519837467144,0.8323808393206842,-0.7901326332910221,0.4894724367671737,0.49150053889202844,-0.09152392432402963,0.9419229904926345,-1.5302785062006203,0.6930722522937928,-0.13763498679894734,0.012307138236648597,0.02929608763891993,-0.7005820200052786,-1.0450427950594516,0.412403432204699,0.4338822039235114,-0.28224342883763026,0.007377591308744632,-0.7412629456647113,-0.116878951644707,-1.4610506101507454,-0.3201614640008702,0.7126824089854488,-0.20660465396338074,-0.05793461710574944,0.014586751592742432,-0.4991467992606576,-0.09565370177651719,-0.20216064022560806,-0.27506853494777816,-0.015400416535482398,-0.2376846768846552,0.557016090777982,0.3458599006959131,1.044169195999221,-0.12249997707505374,0.853355597091295,-0.11638775269489063,-0.8155165765606137,0.31544662438437787,1.176531354957461
0.11557504259161043,-0.35075262934886964,-0.5322538495843405,-0.19495863080314732,-0.06038071877206608,-0.0844438723050224,0.38343819459330025,-0.2779401694828102,0.007136984650392045,-0.16963516886959146,0.06198499537342022,0.02530365203684399,-0.03904298795833031,-0.4336182381733408,-0.2091292991265031,-0.5728437085733629,0.31516278459706454,0.7610792126240289,-0.007944126290340142,0.45387340405550286,-0.2368077404843417,-0.09776854815829336,-0.0961257344186761,-0.3637882256238065,-0.23189148258565695,0.0725693056077486,0.252280462340303,-0.3524762746034684,-0.2573602993642964,0.04431007433352533,-0.1362908667314736,0.3842885130768504,0.49354241330001486,0.23482147604872822,-0.12596463263968755,-0.8654472950149577,-0.3648487851399747,0.5145650076416651,-0.11948669044966045,-0.23159803645704502,-0.11638775269489063,0.2212137865387067,-0.2596307234287365,-0.015655666635310674,0.11735106753556673
-0.0018330934531893654,0.11937693641877391,-0.10678312021748787,1.5479731258946121,1.4621686248624055,-0.5498886610449639,0.37942875770865653,-0.1056986199123424,-0.764774622840757,0.5218567948594672,-1.226697470365855,1.4043774479865923,-0.8126037566926109,0.9211271551803855,0.4913695627924928,0.9332791857855733,0.282761049764801,0.272133450108946,-0.5786052482786734,-1.6637513542141433,1.034738985412015,0.32995886486636333,1.0282529232189777,1.1638047597546413,2.0104199903851585,0.13842454060426698,-1.0817072852112994,0.9602023209287964,0.19667351695293345,-7.889043019711697e-4,1.0207377836918137,-0.5283334021392955,-0.5749879818382458,-0.04749910294959196,0.3114420952133521,1.736343813361424,-0.01714678714359029,-1.1988661876384412,-1.170407687987422,0.32827594195745613,-0.8155165765606137,-0.2596307234287365,1.5110538752952447,-0.5135354369431228,-1.5209348121672908
0.24310182318174692,0.24935195886631178,-0.4425626042877895,-0.506639062277602,-0.1739645872225165,-0.4986664350038281,-0.5902210736801732,0.2083586735743177,0.6276161148968507,-0.34232670784655045,0.3241869423668425,0.46499110368449736,0.4014859206013953,-0.03215654864139877,-0.36709131421582125,0.11755863359499316,-0.257699874721114,-1.3669939140462752,0.42464082875628817,1.0991699593447557,-0.8682512752198295,-0.4459748820167786,-0.19935555694326618,-1.0874789721691014,-0.14544517915676805,0.20238928411126333,-0.3209763888772837,-0.3293425126247234,0.8642184818020064,-0.2475879140029905,-0.6862685682261825,-0.12782561129066444,-0.211949431615499,-0.2038253632047312,-0.20173185542025016,0.10772126136960444,0.18565099671794658,-0.1977594739370259,0.7431348128592683,0.5672661976482266,0.31544662438437787,-0.015655666635310674,-0.5135354369431228,0.5614006648514845,0.180769105990917
