V1,V2,V3,V4,V5,V6,V7,V8,V9,V10,V11,V12,V13,V14,V15,V16,V17,V18,V19,V20,V21,V22,V23,V24,V25,V26,V27,V28,V29,V30,V31,V32,V33,V34,V35,V36,V37,V38,V39,V40,V41,V42,V43,V44
7.3216974134305675,-10.76650339070632,-2.0524114944839047,-12.18055042533025,-2.66274798132359,-9.730764461147482,-8.117307173518093,0.3375048061487475,9.14126786861222,14.71569840483157,-2.9111242925274214,3.9838325316313523,6.831830595424739,1.3453907919992545,-3.8804976539658673,0.45495764550168766,2.057591002499509,-4.073871256498364,-7.815242003544606,5.395633952654076,2.9467920879482516,18.361711981484586,8.268344987905959,-5.600904695165994,-2.75635034229847,-1.1390585551914731,-1.992219228055239,-0.4643126874238239,2.90541739015935,-7.9105410527855184,10.830588960262645,-2.876359025024569,1.838347999565496,0.5719872243540646,5.686179627422385,8.642153738841001,-6.688843363343449,-4.161305085899011,-2.293368565030308,-6.79836796277588,5.181495454149141,5.606307867459116,-11.51024318009015,5.434688737208287
-10.76650339070632,16.118216249225032,2.9454136661307477,18.211674389943855,4.05798379831862,14.698722077892866,12.092434790404784,-0.22183395739515535,-13.562540474889119,-22.04230570114288,4.7134853225667666,-5.717847396894234,-10.335442850422062,-1.9901725074623817,5.963557435815573,-0.6215249092977674,-3.042410846493032,5.94776103100607,11.674990317115917,-7.924723715008235,-4.319877334963155,-27.37432741461317,-12.116887678507302,8.332591143498817,4.217456316649497,1.6477027370360295,2.9176509129547012,0.8006102465868185,-4.230083519983314,11.767950838143271,-15.963873360256594,4.377443515191485,-2.6724757884162837,-0.6823694719793887,-8.44976794432705,-12.745331169899726,9.736146207768163,6.598639186664788,2.9992189426941636,9.889274562919791,-7.630143107680658,-8.316609895784001,16.973131094661237,-7.867622025972185
-2.0524114944839047,2.9454136661307477,1.1051341488582798,3.6210531625100035,0.40671424393406214,2.4556815033398753,2.465732927458198,-0.3127197645869352,-2.5043514136408596,-4.498080124469907,0.7004033471330211,-1.6593941930709815,-2.252754140201375,-0.06896357856739158,0.7342323711891766,-0.5171543187034198,-0.9096895360031487,1.159315516708206,1.8569770837500075,-1.6517135176655895,-1.0081416614054346,-5.17258441996201,-2.2442501313919236,1.4274445112177692,0.9573672779824243,0.41363683010524516,0.4523817320984339,0.2197628044733269,-0.6086310307226466,2.4647140033424804,-2.842958986630697,0.67215576029441515,-0.2301093144040383,-0.37776118797922126,-1.6547443376865552,-2.3292313519113543,2.349301920044805,1.0040335342794915,0.6196766715726367,1.73965126550582,-1.4371927408045642,-1.3986496849471273,3.0710121355466145,-1.766611982899493
-12.18055042533025,18.211674389943855,3.6210531625100035,21.434700280447302,4.224322584012554,16.91257961505448,14.090567804469051,0.03756083264929141,-15.327489058880838,-25.351325339105976,5.718109809458463,-6.843801104254013,-12.393820200251756,-2.0157926884152526,6.585735216283596,-1.344783038681472,-3.5159593729506065,6.5434027825061625,12.805843728715184,-8.85854053744512,-5.222629997577448,-31.025819750810896,-13.251132908088364,9.11861488375843,4.9752673515058685,2.324257578667745,3.0252973527892624,1.3070888691019835,-4.485614879488908,13.208536693942454,-17.938555896738624,4.95584137455384,-3.0185976673657255,-0.9641833991367232,-9.419949961236675,-14.206911661043513,11.206847365035562,8.485232000709177,2.710575458851526,11.086162143584573,-8.327813298439036,-9.341931394938356,19.074926934116817,-8.59184308393957
-2.66274798132359,4.05798379831862,0.40671424393406214,4.224322584012554,1.462343022279746,3.8304760692734687,2.7622622171765308,0.00880529047470286,-3.4539035610706366,-5.120253628304019,1.296712767642672,-0.9183534239284087,-2.3607620317689695,-0.6196933524336464,2.009658482536972,0.5938425344520925,-0.31490513690997596,1.7420207152146259,3.4883655644308402,-1.830702089249239,-0.7353713582807788,-6.750318724294924,-3.313565598941392,2.583719335536399,0.8600448591019433,0.1981658237161126,0.9848859611942613,-0.011022958503658005,-1.4185623383765171,2.9660637352978294,-4.442172696084528,1.2369398518821755,-0.9056160213241792,0.15962901267215965,-1.9758536300799532,-3.278522509326965,2.094825887340296,1.39140170742584,0.915159961698189,2.7257044777480233,-1.7202058338906503,-2.2203180807817406,4.125955337855272,-1.6432954844079006
-9.730764461147482,14.698722077892866,2.4556815033398753,16.91257961505448,3.8304760692734687,13.873923908441611,11.080607555578446,0.24351303970197796,-12.35650970615948,-19.990869408270576,4.792792945524794,-4.87590220039098,-9.664280058828808,-1.8260723529784348,5.809351503204287,-0.47767509812933046,-2.4558765892330086,5.364556084195927,10.777354940519853,-7.000513065465588,-3.837827636796973,-24.9204014767463,-10.826821413772754,7.700699865914699,3.8493148103512254,1.6666788928699647,2.6310140475992765,0.9374950917013694,-3.8353174448859946,10.542188398589374,-14.742281084555446,4.215805557207391,-2.5821400146399474,-0.4025049023625622,-7.563040264161246,-11.484724710860458,8.533546610744763,6.843916914326301,2.237962429354348,9.066834761125941,-6.603014107996677,-7.664509536944652,15.313245635640005,-6.600527010417438
-8.117307173518093,12.092434790404784,2.465732927458198,14.090567804469051,2.7622622171765308,11.080607555578446,9.339696238317554,-0.1227850021897902,-10.176956421880103,-16.855112004715696,3.6051966515282294,-4.634977252490549,-8.078975668211527,-1.3534469864047132,4.2318065299743886,-0.955047352328419,-2.4825655840184804,4.338399971899379,8.443770706039007,-6.002690233776538,-3.4761730477694237,-20.640796552598644,-8.890562170470835,6.011167826831435,3.2954323653433466,1.468415142772141,2.021160639696284,0.8127256278083687,-2.958675197463395,8.821163763939744,-11.836839827115638,3.2474379093693497,-1.9081078797779263,-0.7133528572648601,-6.374702711079178,-9.500341145690097,7.5434284815172346,5.363537939420651,2.01558430248153,7.3530019988887245,-5.708359346836542,-6.1815728344575795,12.757426554547598,-5.941539894327121
0.3375048061487475,-0.22183395739515535,-0.3127197645869352,0.03756083264929141,0.00880529047470286,0.24351303970197796,-0.1227850021897902,0.5668801857863398,0.28729790766849334,0.34969753336712905,0.532869874852073,0.45450032978247235,-0.11157300871956169,-8.316568030171362e-4,0.2048250022518261,-0.05321109787666521,0.24875121165522718,-0.32461953537451926,-0.202834431934509,0.38460619305235566,0.11552622920809429,0.4865143570288449,0.6104235563083806,-0.2248274435365349,0.028003332983855014,0.13087522422102738,-0.17423524482956734,0.2667538766458019,0.23240962227620787,-0.4346699331735401,0.3645735425274156,0.13204361934877104,-0.01961725334933525,0.22601890205785105,0.250471426858785,0.43979963171580155,-0.5827149302787183,0.9246039119022936,-0.772936559945944,-0.3523650526870897,0.4101790240519287,0.11983337415249434,-0.45635757477435557,0.6826311852266025
9.14126786861222,-13.562540474889119,-2.5043514136408596,-15.327489058880838,-3.4539035610706366,-12.35650970615948,-10.176956421880103,0.28729790766849334,11.49171529982014,18.473907850615113,-3.857405507017519,4.834353308605536,8.66228751214919,1.682506981071036,-5.07080861992501,0.4143832593027663,2.466278566930872,-5.1410557007474065,-9.94868207041197,6.691628313760689,3.608309309400093,23.050470714066094,10.352358318090454,-7.148188526472134,-3.4831451617805493,-1.4102517804676244,-2.5325310958645466,-0.6045860320048674,3.675133704918703,-9.951983717520646,13.666787245237547,-3.6971317845862366,2.327719098505174,0.5854492310747077,7.098193863562294,10.793876930619046,-8.266773811066477,-5.391743501891251,-2.714440360177865,-8.49657174353057,6.379035396796306,7.052685325055793,-14.34826461814607,6.6387375835169395
14.71569840483157,-22.04230570114288,-4.498080124469907,-25.351325339105976,-5.120253628304019,-19.990869408270576,-16.855112004715696,0.34969753336712905,18.473907850615113,30.739186388580084,-6.5046401124829485,8.418168834851347,14.619187265812592,2.4432245980077316,-7.7059793288778256,1.5227307021197443,4.607437858092313,-7.950889852324327,-15.45609754000337,10.969746898046168,6.254608904945196,37.59092178909404,16.292663077667633,-11.024701524592412,-6.0272526016512105,-2.429793352523166,-3.7408296009816224,-1.3352009971134153,5.442964402005516,-16.21665369253687,21.423103245904638,-5.832006248041363,3.382665482061985,1.2265917126615176,11.617408018963618,17.345005989012805,-13.747017307916618,-9.30121483796757,-3.7784627912455115,-13.263857210119754,10.508637804614937,11.20776039275838,-23.12470214720382,10.962354401222155
-2.9111242925274214,4.7134853225667666,0.7004033471330211,5.718109809458463,1.296712767642672,4.792792945524794,3.6051966515282294,0.532869874852073,-3.857405507017519,-6.5046401124829485,2.1662452849581126,-1.322469454100612,-3.5306542568348047,-0.4597655328075862,2.1601616232824767,-0.0964325364842358,-0.5931443756696934,1.6009599837884942,3.47022275799424,-1.9647506983346497,-1.1769779467653239,-7.870085652953659,-3.0946022395355257,2.4899484848740885,1.3581952334960878,0.6267589837571608,0.7433829958436462,0.525304506069012,-1.117139244011073,3.2858587050377217,-4.616713377487791,1.4743235327331528,-0.8509870305736424,0.08527494010602274,-2.2045254142861435,-3.4191896554759804,2.4385306628048395,2.9772219059309317,-0.027249152615978326,2.6770337716968053,-1.724538646039069,-2.402860583088027,4.4984548589720905,-1.5289608171983657
3.9838325316313523,-5.717847396894234,-1.6593941930709815,-6.843801104254013,-0.9183534239284087,-4.87590220039098,-4.634977252490549,0.45450032978247235,4.834353308605536,8.418168834851347,-1.322469454100612,2.8983894812326323,3.995273621845349,0.4587756705163985,-1.441736209907528,0.9707520593842595,1.633145722598429,-2.046438204885337,-3.6052626191150057,3.1070697465857093,1.9866546292535734,9.948219026435716,4.262853227428723,-2.572960052507971,-1.6821101780743544,-0.7737587401530637,-0.8365943888181522,-0.38597885507023477,1.255697364790938,-4.385304227927965,5.379396233880307,-1.274682058037492,0.7144650336134435,0.7336784004916983,3.1338002121759567,4.606853343738894,-4.175438884393671,-2.1289907439066744,-1.1958335756664864,-3.4423099341008343,2.974338928033224,2.8194712569467706,-6.190337156682065,3.352489585676099
6.831830595424739,-10.335442850422062,-2.252754140201375,-12.393820200251756,-2.3607620317689695,-9.664280058828808,-8.078975668211527,-0.11157300871956169,8.66228751214919,14.619187265812592,-3.5306542568348047,3.995273621845349,7.464456806869066,0.921603503052252,-3.8341000946456076,0.7315610639892023,1.9596629155476846,-3.782198391663703,-7.276238187305518,4.933376880540591,2.986500311850419,17.600344022934816,7.405504342980107,-5.271167010863579,-2.9568562161968313,-1.3645082858253283,-1.6840401271183727,-0.824626603256438,2.5057758773280066,-7.652739738409713,10.187108291715994,-2.808409413416126,1.6603992630933253,0.4832077133100466,5.198745278737792,7.939303261565096,-6.449281748170216,-4.993831417234553,-1.1951786370992208,-6.176839445343103,4.459079408173842,5.233692073953198,-10.511973471547602,4.647638997956164
1.3453907919992545,-1.9901725074623817,-0.06896357856739158,-2.0157926884152526,-0.6196933524336464,-1.8260723529784348,-1.3534469864047132,-8.316568030171362e-4,1.682506981071036,2.4432245980077316,-0.4597655328075862,0.4587756705163985,0.921603503052252,0.4731393510180313,-0.7797921361798104,-0.03207647814989175,0.2858155408336315,-0.6683446397375938,-1.514574860451248,0.9561061968144934,0.4673586341714553,3.317724848894815,1.538305617211729,-0.981443461949948,-0.3941033087480038,-0.14123846639988988,-0.39846587970008646,-0.014358631565839742,0.5964699483693239,-1.2650276925142114,1.9623764104310333,-0.5603533779972248,0.45083676995636635,0.046178677500923436,1.0735426154493954,1.631372951488884,-0.9731119739551836,-0.7512452867721982,-0.5338787573728949,-1.2794977671630927,1.0813353948145987,1.0951590889183616,-2.285829603479054,1.008943997694279
-3.8804976539658673,5.963557435815573,0.7342323711891766,6.585735216283596,2.009658482536972,5.809351503204287,4.2318065299743886,0.2048250022518261,-5.07080861992501,-7.7059793288778256,2.1601616232824767,-1.441736209907528,-3.8341000946456076,-0.7797921361798104,2.991344996403068,0.6400728564720628,-0.46567524673892446,2.5098907983833296,5.002014896970523,-2.631887476297702,-1.144886796961761,-9.962879146451135,-4.655406715431664,3.7292239559084326,1.415579309962569,0.4967775471195391,1.3516218573303465,0.18745835586052895,-1.9101478050294813,4.381083936247393,-6.526363889844856,1.9123948635547803,-1.2482247965504938,0.25530518220010323,-2.889660814730486,-4.648634994180325,3.127701282240712,2.5684969551950187,0.9829688746727139,3.8907452522713286,-2.3026521858814286,-3.225075375151837,5.958578829292528,-2.229651201406888
0.45495764550168766,-0.6215249092977674,-0.5171543187034198,-1.344783038681472,0.5938425344520925,-0.47767509812933046,-0.955047352328419,-0.05321109787666521,0.4143832593027663,1.5227307021197443,-0.0964325364842358,0.9707520593842595,0.7315610639892023,-0.03207647814989175,0.6400728564720628,1.4296494195720713,0.8951217826630051,0.3571028828920267,0.5783302838136765,0.5528823114047954,0.7778111480015846,1.280998445064373,-0.13095502814584645,0.6544131288509103,-0.49401942205998173,-0.46983847493758124,0.38697427505607496,-0.4925348048417622,-0.5285580047669961,-0.25939665410946827,-0.24382697079977342,0.009775557281380335,-0.28089089814733426,0.5809218914933026,0.6158165536812176,0.34159089613665544,-0.7981518883055712,-1.0535588637227975,0.31301993891645263,0.07550790597638415,0.6933189568520819,0.12025240231226328,-0.9595002218571529,0.7982498896433262
2.057591002499509,-3.042410846493032,-0.9096895360031487,-3.5159593729506065,-0.31490513690997596,-2.4558765892330086,-2.4825655840184804,0.24875121165522718,2.466278566930872,4.607437858092313,-0.5931443756696934,1.633145722598429,1.9596629155476846,0.2858155408336315,-0.46567524673892446,0.8951217826630051,1.2376520523188355,-0.8259537804927028,-1.5815287898623493,1.8017043218298716,1.1315072702835314,5.347725237382455,2.1069489175368332,-1.0225577403898436,-1.0035461472252147,-0.3510469160129875,-0.3122108815443423,-0.29187837454985055,0.39695376781102915,-2.276445591580915,2.397994723190994,-0.6427891803418715,0.10497412540094814,0.4914164473785656,1.91044892659812,2.4075990007372723,-2.238391190082872,-1.160418197454175,-0.6248419533467147,-1.5385731047490845,1.9001275313735506,1.3992765962387117,-3.4093436734201497,2.1089923908091115
-4.073871256498364,5.94776103100607,1.159315516708206,6.5434027825061625,1.7420207152146259,5.364556084195927,4.338399971899379,-0.32461953537451926,-5.1410557007474065,-7.950889852324327,1.6009599837884942,-2.046438204885337,-3.782198391663703,-0.6683446397375938,2.5098907983833296,0.3571028828920267,-0.8259537804927028,2.6377234372928364,4.792769063094163,-2.9319936334159276,-1.37275995449943,-10.109262130704165,-4.924740410539651,3.62550450751295,1.4259795044855832,0.485751132939495,1.3527089911664332,0.04538798859440772,-1.9204392484084662,4.6253356130816075,-6.498311891664223,1.6660844912521728,-1.1212791085750697,-0.09931464300833819,-3.0308266700276167,-4.850203780449252,3.7126920796465406,1.813438187994025,1.531443544555193,4.007564670944889,-2.613175816549514,-3.173832081739644,6.183769180185174,-2.844214326219608
-7.815242003544606,11.674990317115917,1.8569770837500075,12.805843728715184,3.4883655644308402,10.777354940519853,8.443770706039007,-0.202834431934509,-9.94868207041197,-15.45609754000337,3.47022275799424,-3.6052626191150057,-7.276238187305518,-1.514574860451248,5.002014896970523,0.5783302838136765,-1.5815287898623493,4.792769063094163,9.25944035793262,-5.575518968324433,-2.6688584960828603,-19.705146252715423,-9.266803107247057,6.816583200800566,2.7977563615166448,0.9540768471004376,2.5045357709857106,0.2607595008789234,-3.5923266064169566,8.682047389203888,-12.346654940633432,3.352295162323582,-2.2421409049041414,-0.08449121460400498,-5.925599910519771,-9.36622364138026,6.779522616976245,4.254830189337853,2.5324298394131253,7.602598349005661,-5.179809059065388,-6.210632805394533,12.112204029753126,-5.30323437465473
5.395633952654076,-7.924723715008235,-1.6517135176655895,-8.85854053744512,-1.830702089249239,-7.000513065465588,-6.002690233776538,0.38460619305235566,6.691628313760689,10.969746898046168,-1.9647506983346497,3.1070697465857093,4.933376880540591,0.9561061968144934,-2.631887476297702,0.5528823114047954,1.8017043218298716,-2.9319936334159276,-5.575518968324433,4.160343932903246,2.200525082381288,13.622743283484278,6.120666179488944,-3.997400506868931,-2.1047852865135512,-0.7663419650272172,-1.4323209917102924,-0.3539568930643059,1.9956989964591878,-5.918660030791373,7.784325859059061,-2.091678186164209,1.1144327258879652,0.508661508655989,4.400421616769176,6.39986798056686,-5.087976654234351,-2.8534120005513546,-1.8523832943241223,-4.894275226431714,4.044264256215287,4.067432830589046,-8.55790890939693,4.322622840637017
2.9467920879482516,-4.319877334963155,-1.0081416614054346,-5.222629997577448,-0.7353713582807788,-3.837827636796973,-3.4761730477694237,0.11552622920809429,3.608309309400093,6.254608904945196,-1.1769779467653239,1.9866546292535734,2.986500311850419,0.4673586341714553,-1.144886796961761,0.7778111480015846,1.1315072702835314,-1.37275995449943,-2.6688584960828603,2.200525082381288,1.5395411104367636,7.412750096886713,3.0052008618637527,-1.7869308666644694,-1.2342830971832086,-0.6434885993399427,-0.5469386555108564,-0.3667013045947786,0.91671058544848,-3.0570018817078357,3.9084833482747827,-0.9712049303233907,0.678110239515716,0.5269250758968099,2.2577523448574284,3.408222368195057,-2.8823053195076915,-2.0128732596343997,-0.6267889922067272,-2.525330450200998,2.218258355854936,2.14728164677057,-4.678568098815881,2.323076004806701
18.361711981484586,-27.37432741461317,-5.17258441996201,-31.025819750810896,-6.750318724294924,-24.9204014767463,-20.640796552598644,0.4865143570288449,23.050470714066094,37.59092178909404,-7.870085652953659,9.948219026435716,17.600344022934816,3.317724848894815,-9.962879146451135,1.280998445064373,5.347725237382455,-10.109262130704165,-19.705146252715423,13.622743283484278,7.412750096886713,46.66488281251475,20.646306153281955,-14.101291652486493,-7.221784014537475,-2.841221060083958,-4.931473048853304,-1.407945413440584,7.093584410502421,-20.085891709077245,27.13905860207093,-7.434445812365006,4.410242833811178,1.2564906942042766,14.499314738462044,21.728578099347416,-16.7629592149053,-11.144195698491679,-5.2361495152482105,-16.855629568057104,13.070914962792862,14.131156287721042,-28.944786639502624,13.57108174044002
8.268344987905959,-12.116887678507302,-2.2442501313919236,-13.251132908088364,-3.313565598941392,-10.826821413772754,-8.890562170470835,0.6104235563083806,10.352358318090454,16.292663077667633,-3.0946022395355257,4.262853227428723,7.405504342980107,1.538305617211729,-4.655406715431664,-0.13095502814584645,2.1069489175368332,-4.924740410539651,-9.266803107247057,6.120666179488944,3.0052008618637527,20.646306153281955,9.758607826160036,-6.802091736409728,-2.9497317065351347,-0.9920599956313508,-2.5276166361662677,-0.23080886639408177,3.5944708522815167,-9.133929110098801,12.606855283154186,-3.2967654509792075,2.1126464509472993,0.4362886337487049,6.415566313568753,9.893940876864399,-7.502459209506804,-3.927091086385823,-3.077134509606142,-7.9015358237256494,5.809277035350374,6.390666606001161,-12.888965866610679,6.155517647079901
-5.600904695165994,8.332591143498817,1.4274445112177692,9.11861488375843,2.583719335536399,7.700699865914699,6.011167826831435,-0.2248274435365349,-7.148188526472134,-11.024701524592412,2.4899484848740885,-2.572960052507971,-5.271167010863579,-0.981443461949948,3.7292239559084326,0.6544131288509103,-1.0225577403898436,3.62550450751295,6.816583200800566,-3.997400506868931,-1.7869308666644694,-14.101291652486493,-6.802091736409728,5.150819805936561,1.9795887387398783,0.628242420788512,1.9063558927588535,0.12156143275478991,-2.685558658796055,6.377296139653707,-9.095454351328211,2.4514228265986824,-1.5934596065835283,0.031631943943622835,-4.2135320442245785,-6.733466022457145,4.927032900929366,2.8296337603114083,1.9330832598376952,5.571178011280589,-3.5638376088091777,-4.463575909309668,8.534717740984016,-3.7183804452724325
-2.75635034229847,4.217456316649497,0.9573672779824243,4.9752673515058685,0.8600448591019433,3.8493148103512254,3.2954323653433466,0.028003332983855014,-3.4831451617805493,-6.0272526016512105,1.3581952334960878,-1.6821101780743544,-2.9568562161968313,-0.3941033087480038,1.415579309962569,-0.49401942205998173,-1.0035461472252147,1.4259795044855832,2.7977563615166448,-2.1047852865135512,-1.2342830971832086,-7.221784014537475,-2.9497317065351347,1.9795887387398783,1.2929967221250138,0.527132039664254,0.6318329115906377,0.37345350582797343,-0.8592237625336651,3.1376413437142108,-3.92904193160234,1.1491864321273717,-0.48922437914371064,-0.22456234034324776,-2.285250532091648,-3.1884079202042184,2.6611628340865736,2.011508113951005,0.5118795928856406,2.333024894171299,-1.9733474655129069,-2.0738717721149067,4.364956811962146,-2.1059586147100697
-1.1390585551914731,1.6477027370360295,0.41363683010524516,2.324257578667745,0.1981658237161126,1.6666788928699647,1.468415142772141,0.13087522422102738,-1.4102517804676244,-2.429793352523166,0.6267589837571608,-0.7737587401530637,-1.3645082858253283,-0.14123846639988988,0.4967775471195391,-0.46983847493758124,-0.3510469160129875,0.485751132939495,0.9540768471004376,-0.7663419650272172,-0.6434885993399427,-2.841221060083958,-0.9920599956313508,0.628242420788512,0.527132039664254,0.46492418190252666,0.14262440197419773,0.29867960647925124,-0.2601260713948129,1.0959825432267334,-1.5761519961034953,0.4625436271798726,-0.2940975717619635,-0.20014866594681377,-0.825985518331849,-1.1884846945057703,1.083044353340228,1.2636750423762209,-0.009272842279989079,0.9694164659061136,-0.6582792308100737,-0.8359242531292234,1.7858796738285985,-0.6948169953298226
-1.992219228055239,2.9176509129547012,0.4523817320984339,3.0252973527892624,0.9848859611942613,2.6310140475992765,2.021160639696284,-0.17423524482956734,-2.5325310958645466,-3.7408296009816224,0.7433829958436462,-0.8365943888181522,-1.6840401271183727,-0.39846587970008646,1.3516218573303465,0.38697427505607496,-0.3122108815443423,1.3527089911664332,2.5045357709857106,-1.4323209917102924,-0.5469386555108564,-4.931473048853304,-2.5276166361662677,1.9063558927588535,0.6318329115906377,0.14262440197419773,0.7518021016479183,-0.06113033907157333,-1.033990852721437,2.2719359308313467,-3.2942429479066693,0.866785302226171,-0.5807559514388828,0.046371281920306026,-1.5082289108583973,-2.41819490352147,1.7171148358489956,0.726846632506672,0.8926047685961133,2.0311081747037383,-1.2952049812921016,-1.5940920041330318,3.0496568444732577,-1.3790585808064906
-0.4643126874238239,0.8006102465868185,0.2197628044733269,1.3070888691019835,-0.011022958503658005,0.9374950917013694,0.8127256278083687,0.2667538766458019,-0.6045860320048674,-1.3352009971134153,0.525304506069012,-0.38597885507023477,-0.824626603256438,-0.014358631565839742,0.18745835586052895,-0.4925348048417622,-0.29187837454985055,0.04538798859440772,0.2607595008789234,-0.3539568930643059,-0.3667013045947786,-1.407945413440584,-0.23080886639408177,0.12156143275478991,0.37345350582797343,0.29867960647925124,-0.06113033907157333,0.3377251530322437,0.08748919276030796,0.457758441223911,-0.5297367614652216,0.2773429515294467,-0.011645134995306549,-0.09511806295952192,-0.4509284600319152,-0.46135065442617634,0.4637215257974182,1.0736862466684811,-0.34294158663064095,0.27859947710950117,-0.30247720290741964,-0.34758276822990075,0.7849218612013765,-0.24410996318659972
2.90541739015935,-4.230083519983314,-0.6086310307226466,-4.485614879488908,-1.4185623383765171,-3.8353174448859946,-2.958675197463395,0.23240962227620787,3.675133704918703,5.442964402005516,-1.117139244011073,1.255697364790938,2.5057758773280066,0.5964699483693239,-1.9101478050294813,-0.5285580047669961,0.39695376781102915,-1.9204392484084662,-3.5923266064169566,1.9956989964591878,0.91671058544848,7.093584410502421,3.5944708522815167,-2.685558658796055,-0.8592237625336651,-0.2601260713948129,-1.033990852721437,0.08748919276030796,1.5611597084831714,-3.1748383150376904,4.7241487235048965,-1.1505645577354242,1.0136164593378876,0.025581428794222337,2.024463900122166,3.5390829973529447,-2.4663714215974286,-1.1526711865977113,-1.1829927548610963,-2.998674509190221,1.8653780746765305,2.32642032816534,-4.410392316285082,1.905156444482562
-7.9105410527855184,11.767950838143271,2.4647140033424804,13.208536693942454,2.9660637352978294,10.542188398589374,8.821163763939744,-0.4346699331735401,-9.951983717520646,-16.21665369253687,3.2858587050377217,-4.385304227927965,-7.652739738409713,-1.2650276925142114,4.381083936247393,-0.25939665410946827,-2.276445591580915,4.6253356130816075,8.682047389203888,-5.918660030791373,-3.0570018817078357,-20.085891709077245,-9.133929110098801,6.377296139653707,3.1376413437142108,1.0959825432267334,2.2719359308313467,0.457758441223911,-3.1748383150376904,8.973642733006612,-11.905412628827454,3.191988808067325,-1.793857687080382,-0.460227609673764,-6.244375501986512,-9.366417984291338,7.428638203946721,4.257343749894553,2.4912811131296464,7.297739631191731,-5.510021674948982,-6.044334850000393,12.290251501516789,-5.923804603811625
10.830588960262645,-15.963873360256594,-2.842958986630697,-17.938555896738624,-4.442172696084528,-14.742281084555446,-11.836839827115638,0.3645735425274156,13.666787245237547,21.423103245904638,-4.616713377487791,5.379396233880307,10.187108291715994,1.9623764104310333,-6.526363889844856,-0.24382697079977342,2.397994723190994,-6.498311891664223,-12.346654940633432,7.784325859059061,3.9084833482747827,27.13905860207093,12.606855283154186,-9.095454351328211,-3.92904193160234,-1.5761519961034953,-3.2942429479066693,-0.5297367614652216,4.7241487235048965,-11.905412628827454,16.88238454549312,-4.552872880690395,2.968817454710155,0.37756928840602955,8.227001171839223,12.833061366623939,-9.637856271768115,-6.067850424519892,-3.474624471928518,-10.463997815789513,7.146754006849173,8.483802625009915,-16.765075038584285,7.462190835810482
-2.876359025024569,4.377443515191485,0.67215576029441515,4.95584137455384,1.2369398518821755,4.215805557207391,3.2474379093693497,0.13204361934877104,-3.6971317845862366,-5.832006248041363,1.4743235327331528,-1.274682058037492,-2.808409413416126,-0.5603533779972248,1.9123948635547803,0.009775557281380335,-0.6427891803418715,1.6660844912521728,3.352295162323582,-2.091678186164209,-0.9712049303233907,-7.434445812365006,-3.2967654509792075,2.4514228265986824,1.1491864321273717,0.4625436271798726,0.866785302226171,0.2773429515294467,-1.1505645577354242,3.191988808067325,-4.552872880690395,1.4090560325248778,-0.7004701079909813,0.03522255289019227,-2.343799415481483,-3.384490355806879,2.446400251151151,2.0573869973047034,0.7239163512622379,2.7214988561406,-1.8870433541114107,-2.312383174009709,4.544787595243712,-1.90266136692278
1.838347999565496,-2.6724757884162837,-0.2301093144040383,-3.0185976673657255,-0.9056160213241792,-2.5821400146399474,-1.9081078797779263,-0.01961725334933525,2.327719098505174,3.382665482061985,-0.8509870305736424,0.7144650336134435,1.6603992630933253,0.45083676995636635,-1.2482247965504938,-0.28089089814733426,0.10497412540094814,-1.1212791085750697,-2.2421409049041414,1.1144327258879652,0.678110239515716,4.410242833811178,2.1126464509472993,-1.5934596065835283,-0.48922437914371064,-0.2940975717619635,-0.5807559514388828,-0.011645134995306549,1.0136164593378876,-1.793857687080382,2.968817454710155,-0.7004701079909813,0.8559654007831187,0.048921784299965375,1.1080451070885293,2.2085785712894714,-1.4101840610383272,-1.1066846711083402,-0.5126302678368302,-1.9426924327087236,1.0862451785902854,1.512170119682253,-2.803214853021021,0.9741808331598346
0.5719872243540646,-0.6823694719793887,-0.37776118797922126,-0.9641833991367232,0.15962901267215965,-0.4025049023625622,-0.7133528572648601,0.22601890205785105,0.5854492310747077,1.2265917126615176,0.08527494010602274,0.7336784004916983,0.4832077133100466,0.046178677500923436,0.25530518220010323,0.5809218914933026,0.4914164473785656,-0.09931464300833819,-0.08449121460400498,0.508661508655989,0.5269250758968099,1.2564906942042766,0.4362886337487049,0.031631943943622835,-0.22456234034324776,-0.20014866594681377,0.046371281920306026,-0.09511806295952192,0.025581428794222337,-0.460227609673764,0.37756928840602955,0.03522255289019227,0.048921784299965375,0.4160754383125762,0.4369680738128538,0.6237832804227389,-0.7698756966049908,-0.21032895371160665,-0.22889991090905393,-0.38448874488031465,0.6148685763839543,0.284308903756419,-0.9409619442774109,0.7232450379189826
5.686179627422385,-8.44976794432705,-1.6547443376865552,-9.419949961236675,-1.9758536300799532,-7.563040264161246,-6.374702711079178,0.250471426858785,7.098193863562294,11.617408018963618,-2.2045254142861435,3.1338002121759567,5.198745278737792,1.0735426154493954,-2.889660814730486,0.6158165536812176,1.91044892659812,-3.0308266700276167,-5.925599910519771,4.400421616769176,2.2577523448574284,14.499314738462044,6.415566313568753,-4.2135320442245785,-2.285250532091648,-0.825985518331849,-1.5082289108583973,-0.4509284600319152,2.024463900122166,-6.244375501986512,8.227001171839223,-2.343799415481483,1.1080451070885293,0.4369680738128538,4.777308761077742,6.718726038925021,-5.25819041431554,-3.2870441876750616,-1.8548420903978253,-5.093583513741682,4.287708670917598,4.323454014603567,-9.127095094032798,4.540930694633779
8.642153738841001,-12.745331169899726,-2.3292313519113543,-14.206911661043513,-3.278522509326965,-11.484724710860458,-9.500341145690097,0.43979963171580155,10.793876930619046,17.345005989012805,-3.4191896554759804,4.606853343738894,7.939303261565096,1.631372951488884,-4.648634994180325,0.34159089613665544,2.4075990007372723,-4.850203780449252,-9.36622364138026,6.39986798056686,3.408222368195057,21.728578099347416,9.893940876864399,-6.733466022457145,-3.1884079202042184,-1.1884846945057703,-2.41819490352147,-0.46135065442617634,3.5390829973529447,-9.366417984291338,12.833061366623939,-3.384490355806879,2.2085785712894714,0.6237832804227389,6.718726038925021,10.33335536017531,-7.839375574493331,-4.703343617024816,-2.8266393655897355,-8.113097350786518,6.215351007797018,6.663056159604344,-13.584481358617788,6.433618729467072
-6.688843363343449,9.736146207768163,2.349301920044805,11.206847365035562,2.094825887340296,8.533546610744763,7.5434284815172346,-0.5827149302787183,-8.266773811066477,-13.747017307916618,2.4385306628048395,-4.175438884393671,-6.449281748170216,-0.9731119739551836,3.127701282240712,-0.7981518883055712,-2.238391190082872,3.7126920796465406,6.779522616976245,-5.087976654234351,-2.8823053195076915,-16.7629592149053,-7.502459209506804,4.927032900929366,2.6611628340865736,1.083044353340228,1.7171148358489956,0.4637215257974182,-2.4663714215974286,7.428638203946721,-9.637856271768115,2.446400251151151,-1.4101840610383272,-0.7698756966049908,-5.25819041431554,-7.839375574493331,6.568599010144569,3.49127141874262,2.1713573159703414,6.0513952565238736,-4.8060201980653465,-4.94655960307313,10.401257541371839,-5.281453607426272
-4.161305085899011,6.598639186664788,1.0040335342794915,8.485232000709177,1.39140170742584,6.843916914326301,5.363537939420651,0.9246039119022936,-5.391743501891251,-9.30121483796757,2.9772219059309317,-2.1289907439066744,-4.993831417234553,-0.7512452867721982,2.5684969551950187,-1.0535588637227975,-1.160418197454175,1.813438187994025,4.254830189337853,-2.8534120005513546,-2.0128732596343997,-11.144195698491679,-3.927091086385823,2.8296337603114083,2.011508113951005,1.2636750423762209,0.726846632506672,1.0736862466684811,-1.1526711865977113,4.257343749894553,-6.067850424519892,2.0573869973047034,-1.1066846711083402,-0.21032895371160665,-3.2870441876750616,-4.703343617024816,3.49127141874262,4.995356639901081,-0.28729046897936233,3.6062459461417986,-2.6486724259754957,-3.3402144982896584,6.698138599720201,-2.3412892729218555
-2.293368565030308,2.9992189426941636,0.6196766715726367,2.710575458851526,0.915159961698189,2.237962429354348,2.01558430248153,-0.772936559945944,-2.714440360177865,-3.7784627912455115,-0.027249152615978326,-1.1958335756664864,-1.1951786370992208,-0.5338787573728949,0.9829688746727139,0.31301993891645263,-0.6248419533467147,1.531443544555193,2.5324298394131253,-1.8523832943241223,-0.6267889922067272,-5.2361495152482105,-3.077134509606142,1.9330832598376952,0.5118795928856406,-0.009272842279989079,0.8926047685961133,-0.34294158663064095,-1.1829927548610963,2.4912811131296464,-3.474624471928518,0.7239163512622379,-0.5126302678368302,-0.22889991090905393,-1.8548420903978253,-2.8266393655897355,2.1713573159703414,-0.28729046897936233,1.8583342479755354,2.346988582878806,-1.8599078761523955,-1.6854766746719774,3.6166336753178405,-2.194445016746559
-6.79836796277588,9.889274562919791,1.73965126550582,11.086162143584573,2.7257044777480233,9.066834761125941,7.3530019988887245,-0.3523650526870897,-8.49657174353057,-13.263857210119754,2.6770337716968053,-3.4423099341008343,-6.176839445343103,-1.2794977671630927,3.8907452522713286,0.07550790597638415,-1.5385731047490845,4.007564670944889,7.602598349005661,-4.894275226431714,-2.525330450200998,-16.855629568057104,-7.9015358237256494,5.571178011280589,2.333024894171299,0.9694164659061136,2.0311081747037383,0.27859947710950117,-2.998674509190221,7.297739631191731,-10.463997815789513,2.7214988561406,-1.9426924327087236,-0.38448874488031465,-5.093583513741682,-8.113097350786518,6.0513952565238736,3.6062459461417986,2.346988582878806,6.651711178195378,-4.603019407189805,-5.302482116115232,10.539387011753606,-4.755232687405975
5.181495454149141,-7.630143107680658,-1.4371927408045642,-8.327813298439036,-1.7202058338906503,-6.603014107996677,-5.708359346836542,0.4101790240519287,6.379035396796306,10.508637804614937,-1.724538646039069,2.974338928033224,4.459079408173842,1.0813353948145987,-2.3026521858814286,0.6933189568520819,1.9001275313735506,-2.613175816549514,-5.179809059065388,4.044264256215287,2.218258355854936,13.070914962792862,5.809277035350374,-3.5638376088091777,-1.9733474655129069,-0.6582792308100737,-1.2952049812921016,-0.30247720290741964,1.8653780746765305,-5.510021674948982,7.146754006849173,-1.8870433541114107,1.0862451785902854,0.6148685763839543,4.287708670917598,6.215351007797018,-4.8060201980653465,-2.6486724259754957,-1.8599078761523955,-4.603019407189805,4.201940532721541,3.888929904868295,-8.408095366552264,4.375522847474888
5.606307867459116,-8.316609895784001,-1.3986496849471273,-9.341931394938356,-2.2203180807817406,-7.664509536944652,-6.1815728344575795,0.11983337415249434,7.052685325055793,11.20776039275838,-2.402860583088027,2.8194712569467706,5.233692073953198,1.0951590889183616,-3.225075375151837,0.12025240231226328,1.3992765962387117,-3.173832081739644,-6.210632805394533,4.067432830589046,2.14728164677057,14.131156287721042,6.390666606001161,-4.463575909309668,-2.0738717721149067,-0.8359242531292234,-1.5940920041330318,-0.34758276822990075,2.32642032816534,-6.044334850000393,8.483802625009915,-2.312383174009709,1.512170119682253,0.284308903756419,4.323454014603567,6.663056159604344,-4.94655960307313,-3.3402144982896584,-1.6854766746719774,-5.302482116115232,3.888929904868295,4.38477362618523,-8.813620343982004,3.9741150875969415
-11.51024318009015,16.973131094661237,3.0710121355466145,19.074926934116817,4.125955337855272,15.313245635640005,12.757426554547598,-0.45635757477435557,-14.34826461814607,-23.12470214720382,4.4984548589720905,-6.190337156682065,-10.511973471547602,-2.285829603479054,5.958578829292528,-0.9595002218571529,-3.4093436734201497,6.183769180185174,12.112204029753126,-8.55790890939693,-4.678568098815881,-28.944786639502624,-12.888965866610679,8.534717740984016,4.364956811962146,1.7858796738285985,3.0496568444732577,0.7849218612013765,-4.410392316285082,12.290251501516789,-16.765075038584285,4.544787595243712,-2.803214853021021,-0.9409619442774109,-9.127095094032798,-13.584481358617788,10.401257541371839,6.698138599720201,3.6166336753178405,10.539387011753606,-8.408095366552264,-8.813620343982004,18.344710025077326,-8.747959166864405
5.434688737208287,-7.867622025972185,-1.766611982899493,-8.59184308393957,-1.6432954844079006,-6.600527010417438,-5.941539894327121,0.6826311852266025,6.6387375835169395,10.962354401222155,-1.5289608171983657,3.352489585676099,4.647638997956164,1.008943997694279,-2.229651201406888,0.7982498896433262,2.1089923908091115,-2.844214326219608,-5.30323437465473,4.322622840637017,2.323076004806701,13.57108174044002,6.155517647079901,-3.7183804452724325,-2.1059586147100697,-0.6948169953298226,-1.3790585808064906,-0.24410996318659972,1.905156444482562,-5.923804603811625,7.462190835810482,-1.90266136692278,0.9741808331598346,0.7232450379189826,4.540930694633779,6.433618729467072,-5.281453607426272,-2.3412892729218555,-2.194445016746559,-4.755232687405975,4.375522847474888,3.9741150875969415,-8.747959166864405,4.815271005260604
