V1,V2,V3,V4,V5,V6,V7,V8,V9,V10,V11,V12,V13,V14,V15,V16,V17,V18,V19,V20,V21,V22,V23,V24,V25,V26,V27,V28,V29,V30,V31,V32,V33,V34,V35,V36,V37,V38,V39,V40,V41,V42,V43,V44
100.18187133226556,-74.73062767841976,231.90797229570438,108.68604922189193,-34.47825804502934,-54.975703509008675,9.509973418328181,13.72710780440073,61.398146969553245,-89.94036896778445,189.1178279915951,-97.42851813028626,-357.1068571208251,241.8102250314227,101.6680997210441,122.37330757318252,87.4501458222326,130.7804459518928,29.32892034202903,120.8215695057715,36.95110140672973,144.42181526106287,80.15019807561151,144.69892497243652,99.13384021583006,30.599140626976506,9.02624181912829,21.963376413659446,5.042593605558405,174.92327772274663,-42.303700854328554,-18.13447409939927,60.367610605392166,79.73599674365416,177.3041635084813,177.8411517189971,100.201442262767,-11.178819167364349,-235.106668711901,-115.98163582616571,334.7550495977615,102.43776468818955,-376.7047830502686,224.6286999398086
-74.73062767841976,56.13848980859076,-172.85093972919464,-80.61834903520642,26.066876793750307,41.47454248737956,-6.699682680803236,-9.67462225878687,-45.933122906244776,66.50055742400171,-140.7947711286964,72.68408298609346,266.0974235887582,-180.13717849018764,-75.43545904863126,-91.05015752030452,-64.77027173718866,-97.59412012562335,-21.686383591977073,-90.02423061410848,-27.59292465628876,-108.16200104824563,-59.81252549644416,-107.73779996467526,-73.92421556959242,-22.758603454874887,-6.544222620848186,-16.262615574027674,-3.767608392749585,-130.42203278582772,31.347235277787068,13.695464219729576,-45.15928503232757,-59.61677996594347,-132.0944522122256,-132.89667269401622,-74.79493945420838,8.953000090458692,175.11972369049403,86.62019791440812,-249.4736530001113,-76.31057397099165,280.9517352688938,-167.1054663259252
231.90797229570438,-172.85093972919464,538.4170864126879,252.45832240525993,-79.93829813298407,-127.4482061262174,22.41092245438039,31.312183972265018,142.0092449481182,-209.29837185104134,438.35323772220477,-226.54229622493892,-828.3960003404771,560.95763211069,235.63855437028388,283.7671151811569,202.42171265735212,303.6647764510036,68.1795293906519,279.81997295317615,85.51051408287414,334.1106270651809,185.2848842266932,335.80561585634325,230.02921951226628,70.987882556612007,21.069576145913317,50.82764297248298,11.479970229275901,406.31586411479566,-98.53940409070529,-42.14196894286212,140.07457628403148,184.7395887753562,410.86585278227375,412.03806605836917,233.08236099326024,-26.49288013063583,-544.7075630577453,-268.6624683812541,775.8968530159262,237.40541103284514,-873.0581391864988,520.1763799315925
108.68604922189193,-80.61834903520642,252.45832240525993,119.78018180743308,-37.31174795115072,-58.57176099905249,10.944744459816965,15.301799645447995,66.19401446226388,-98.87901575683355,207.10495238747183,-105.96064769840844,-389.9979461415813,263.2091595572109,111.43401110414665,133.2994255829803,95.24486317929336,142.71749284613023,32.674129557898084,131.5783656409171,40.11149433234037,156.11460677639406,87.10199136752797,158.08100443426162,108.2957270880884,33.66828423138439,9.773916770176706,24.241769646878616,5.2625562408764965,190.95547979677175,-46.987713878356146,-19.35287274301796,65.4244201545207,87.2606992243054,192.89242746081584,193.48636494172464,109.19164619263975,-10.78094898280694,-256.83484523131875,-125.95148002473299,364.6550499086352,110.97676660358391,-409.70720997483414,244.88791485132785
-34.47825804502934,26.066876793750307,-79.93829813298407,-37.31174795115072,12.286694824265668,19.299319293217547,-2.9852233013516924,-4.095106803811017,-21.14723605977745,30.66372316460715,-65.18910253784628,33.67168889394396,123.25313955583535,-83.18320980266601,-34.78235230848549,-41.99001086262935,-29.61790738096952,-45.314956354890306,-10.134353250757743,-41.544251380204805,-12.76403759721253,-50.07907996047906,-27.59522961823228,-49.90415173935703,-34.30247969241425,-10.526009638443695,-2.9028331433942878,-7.47460638989202,-1.6927806836131025,-60.522141076689266,14.60914682992499,6.37103046805443,-20.964500765179498,-27.762438896346257,-60.93409915570475,-61.6160343704978,-34.77269506525667,4.385631487502033,80.99244606049403,40.09494104727912,-115.32614019083105,-35.13093870724472,129.89389922390194,-77.03087610441946
-54.975703509008675,41.47454248737956,-127.4482061262174,-58.57176099905249,19.299319293217547,31.326931163250766,-4.785625936709251,-6.628334112138572,-33.931864723370026,48.77201227264039,-102.61402467442802,53.84367954714079,195.04821277728243,-132.5817225901608,-54.95059727590912,-66.91435670280319,-47.42581724847059,-71.7631214396363,-15.64464876049155,-65.94119826118425,-20.277159320871682,-79.797535820969,-43.72813112624221,-79.0673223919901,-54.20820030995128,-16.476976706210703,-4.95083498543264,-11.659655984708776,-2.813371117974447,-95.97539765977197,22.71640966532765,10.343355150193595,-33.46699028124349,-43.41814055791777,-97.02395899322151,-97.56768944853506,-55.36396433143769,7.813780424153519,127.90733892400837,63.75072447443652,-183.1157625572622,-56.41281551866459,206.59162424319365,-122.28632859940673
9.509973418328181,-6.699682680803236,22.41092245438039,10.944744459816965,-2.9852233013516924,-4.785625936709251,1.3472335306211667,1.7596094032686003,5.6610305294253225,-9.312458565324867,18.376795747090938,-9.410320306101301,-34.55801100747158,23.385214099855162,10.117151094473122,11.924470488740672,8.733001998093757,12.56684596959476,3.0611437730376823,11.593508386345963,3.479347206779023,13.257075993528296,7.546753484547421,14.112287326938727,9.56012523010011,2.9994018996058873,1.054170507098236,2.2039685172725347,0.4392711342884912,16.94094836762629,-4.361360957601374,-1.5737430786362343,5.669677681249834,7.508269109070124,17.062566429902322,16.74279034291486,9.674868411571248,-0.5512836880392223,-22.701936593138054,-10.95073038974807,32.21904146705875,9.84830880571432,-36.01745989555334,21.823401613401348
13.72710780440073,-9.67462225878687,31.312183972265018,15.301799645447995,-4.095106803811017,-6.628334112138572,1.7596094032686003,3.050607778446736,8.29244283404488,-12.811362484696884,26.152419662717495,-12.926599612160116,-48.70469734727117,33.044614131435246,14.487299406325826,16.939801206766678,12.785083177363365,17.462309244809518,4.171968310617191,16.679145754009205,5.008553101343432,19.116286405928513,11.07182889962098,19.777024329202977,13.401930326439317,4.264193531189165,1.4675227887730073,3.241528117295906,0.7702448437028497,23.456988307324394,-5.90270770813229,-2.1356622632918256,7.894003895663254,10.663848744394018,24.43242862215383,23.8042412611476,13.143154948373686,-0.2030919365593702,-32.48179380355819,-15.609548653799754,45.86960747951331,14.059681449185035,-51.26046420280624,31.488201718873608
61.398146969553245,-45.933122906244776,142.0092449481182,66.19401446226388,-21.14723605977745,-33.931864723370026,5.6610305294253225,8.29244283404488,37.79298364499136,-54.78873520842544,115.45987445546761,-59.71542820244363,-218.2939207458058,148.08220419022658,62.02100267777971,74.88445743557939,53.50991456463251,79.9796469001843,17.68715160731523,73.95984353616402,22.62366804292662,88.63319423620669,49.103735330274695,88.3941479865718,60.58477444673988,18.68563696265669,5.533244322938381,13.386232617782879,3.1256288735185684,106.94043701569322,-25.66433275326896,-11.224498816079603,37.00413050466897,48.70707789304515,108.60259309658761,108.88032857449811,61.30967727889624,-7.185571874591678,-143.69123157400333,-71.03375102507496,204.83304624589988,62.819088913318225,-230.65615467707588,137.37725345585523
-89.94036896778445,66.50055742400171,-209.29837185104134,-98.87901575683355,30.66372316460715,48.77201227264039,-9.312458565324867,-12.811362484696884,-54.78873520842544,82.35352645516635,-170.71324707775787,88.0882841309047,322.42006183709094,-218.12641243808753,-92.12848087632803,-110.4774862011793,-79.11915216447218,-118.0537202106747,-26.969877571195568,-108.66637063083591,-33.1249650016391,-128.8749883971892,-71.76202195936885,-130.8798292406552,-89.51098659047729,-27.643423061834728,-8.432584508486809,-19.880615372496393,-4.418554496371366,-158.14763428630084,38.82872596057451,16.080481602287563,-54.25683163926572,-71.65738676386616,-159.66200478868888,-159.6034137857042,-90.6821051736509,9.508171906418827,211.90424166024462,104.11121019949421,-301.6584923280591,-92.18786525692406,339.02918992584705,-202.53828614794529
189.1178279915951,-140.7947711286964,438.35323772220477,207.10495238747183,-65.18910253784628,-102.61402467442802,18.376795747090938,26.152419662717495,115.45987445546761,-170.71324707775787,359.2973628421268,-183.91726573380126,-676.853244281576,457.0763805864749,193.0639096033766,231.4034471375966,165.19673853012068,247.75017008281733,56.29648486222776,228.66885863602835,69.83387265803096,272.3166732706299,151.62702057369862,274.2197914722297,187.95663163854059,58.3231641483778,16.787221072249565,41.94724061715878,9.284007357226784,331.3231340328888,-80.9705634842611,-33.877134023973284,113.8557515794163,151.6279139276888,335.15488373646383,336.59811054773394,189.46582491087665,-19.50621940198131,-445.92462276997134,-219.16490487767254,633.4435507284934,192.98893310857426,-712.148216638618,425.2393312997902
-97.42851813028626,72.68408298609346,-226.54229622493892,-105.96064769840844,33.67168889394396,53.84367954714079,-9.410320306101301,-12.926599612160116,-59.71542820244363,88.0882841309047,-183.91726573380126,95.5164839763037,348.1414184302095,-235.9076361400343,-98.86935031957181,-119.26687107531431,-84.98478738389534,-127.74207098258309,-28.587678841249186,-117.45787492032618,-35.89713993532236,-140.34904100203318,-77.695993453527,-141.17439753461488,-96.70134021364096,-29.751060268198113,-8.932425080619883,-21.246870798625842,-4.822510199701884,-170.96867352100642,41.42711485859081,17.817228412008213,-58.99110604626439,-77.51404216803687,-172.6578393176642,-173.05564923887093,-98.25773060810884,11.67551886335566,228.61137360050063,112.88097905824802,-326.03538270743974,-99.85699006654805,366.95091034227846,-218.37306669306196
-357.1068571208251,266.0974235887582,-828.3960003404771,-389.9979461415813,123.25313955583535,195.04821277728243,-34.55801100747158,-48.70469734727117,-218.2939207458058,322.42006183709094,-676.853244281576,348.1414184302095,1277.2057478304741,-863.4348946154486,-363.76637194080587,-436.9398521129271,-311.752721797407,-467.87389044277876,-105.81688557088488,-431.28422341212837,-131.77498436506912,-514.3194814151979,-285.78373296280637,-517.6262732031662,-354.7150153769305,-109.68855026418295,-32.0326665333055,-78.71161346852247,-17.62350298956697,-625.8612729079172,152.48965078059445,64.39820754182264,-215.41332519067598,-285.5508185099069,-632.7596806235426,-635.095841952752,-358.5051910024121,38.909334696423535,840.5274228617506,413.8041878902527,-1195.6372710924345,-364.9200676315933,1344.7160262450548,-802.0452015498788
241.8102250314227,-180.13717849018764,560.95763211069,263.2091595572109,-83.18320980266601,-132.5817225901608,23.385214099855162,33.044614131435246,148.08220419022658,-218.12641243808753,457.0763805864749,-235.9076361400343,-863.4348946154486,584.6558483625485,245.80338556509656,295.8236828471448,211.27039179493732,316.3493225394963,71.07185325647518,291.7871293964393,89.14839651573722,348.232180375043,193.29059008940467,349.96974582768735,239.71931236133904,74.02851674379087,21.97403131836831,53.0802210698397,12.028330436493208,423.26664152857273,-102.68112341007708,-43.81360168500055,145.88269160287962,192.58129854994684,428.3819462836947,429.43587515200073,242.6526597435353,-27.115877155953118,-568.0033217212654,-280.0181302386934,808.8694433007416,247.46167008110595,-910.058846367308,542.5609601221818
101.6680997210441,-75.43545904863126,235.63855437028388,111.43401110414665,-34.78235230848549,-54.95059727590912,10.117151094473122,14.487299406325826,62.02100267777971,-92.12848087632803,193.0639096033766,-98.86935031957181,-363.76637194080587,245.80338556509656,103.96861948996919,124.51844453151543,89.16697062133001,133.04995977530575,30.321762486224767,122.90830365557916,37.50421533675784,146.06865061869132,81.44342983427548,147.45402482806688,100.97456491752996,31.3149979080708,9.20537995787279,22.573920317575933,5.03415955799509,178.02547296713567,-43.577172423950515,-18.110787669553268,61.1248880341893,81.27743961921828,180.24097411555593,180.62378007136212,101.78563270748387,-10.22122131803376,-239.6524953027726,-117.69908077009704,340.5415300105119,103.8610563843859,-382.7523281466129,228.82522803484534
122.37330757318252,-91.05015752030452,283.7671151811569,133.2994255829803,-41.99001086262935,-66.91435670280319,11.924470488740672,16.939801206766678,74.88445743557939,-110.4774862011793,231.4034471375966,-119.26687107531431,-436.9398521129271,295.8236828471448,124.51844453151543,149.73512010098418,107.05201586955067,160.01328023459035,36.04125094588137,147.6937170075321,45.11680764850478,176.126377605021,97.84388537832882,177.12051163051535,121.29078644729235,37.475385992712525,11.14880783972131,26.90736119237281,6.0997040595893575,214.11270786619735,-51.99572955218349,-22.090871186488435,73.75670430063022,97.43440688699533,216.79416762718157,217.24945405619331,122.67887971416914,-13.434861979657487,-287.53722367588887,-141.6750221795853,409.35555267690245,125.2237229672511,-460.4910860020841,274.72224342369856
87.4501458222326,-64.77027173718866,202.42171265735212,95.24486317929336,-29.61790738096952,-47.42581724847059,8.733001998093757,12.785083177363365,53.50991456463251,-79.11915216447218,165.19673853012068,-84.98478738389534,-311.752721797407,211.27039179493732,89.16697062133001,107.05201586955067,76.97825701237934,113.95832723259075,25.718717554051427,105.5367992950595,32.19329022332799,125.4867717107663,69.93146680030401,126.39996806596533,86.46215425290892,26.749260295335077,8.141245971121425,19.30369624518151,4.442648902874327,152.5514886079598,-37.079574513954846,-15.623220165349842,52.49210215857993,69.32677308173247,154.95635411607367,154.7825793812677,87.27563229114664,-9.016574809571171,-205.35842013075154,-101.0360653322232,292.3394915909652,89.54845413949253,-328.7244608797451,196.5946277689089
130.7804459518928,-97.59412012562335,303.6647764510036,142.71749284613023,-45.314956354890306,-71.7631214396363,12.56684596959476,17.462309244809518,79.9796469001843,-118.0537202106747,247.75017008281733,-127.74207098258309,-467.87389044277876,316.3493225394963,133.04995977530575,160.01328023459035,113.95832723259075,171.53736513912182,38.70831028553723,157.88825631653071,48.264147920317264,188.5130243904144,104.57821465012853,189.63666489682728,129.9793076310162,40.13117101718351,11.713069159034612,28.730254110350607,6.426189429606996,229.46046198875143,-55.840049237930685,-23.71242948348168,79.04043990479973,104.59633165173544,231.72048456907828,232.71815751659827,131.58296330294087,-14.776826571742085,-307.68231740275706,-151.62682830036252,437.9130929323131,133.69524302681685,-492.6345417878601,293.5009274368564
29.32892034202903,-21.686383591977073,68.1795293906519,32.674129557898084,-10.134353250757743,-15.64464876049155,3.0611437730376823,4.171968310617191,17.68715160731523,-26.969877571195568,56.29648486222776,-28.587678841249186,-105.81688557088488,71.07185325647518,30.321762486224767,36.04125094588137,25.718717554051427,38.70831028553723,9.14347185456381,35.5470516846638,10.853876272460594,42.046554814475556,23.506980340737456,42.963096681487364,29.419969504669893,9.113269244112836,2.608889563547275,6.582328756547415,1.4015148458149775,51.818283090858706,-12.953526640204588,-5.113059627996037,17.683643752899975,23.7461248819854,52.06499781841694,52.34168074421907,29.603602057607183,-2.681334541551857,-69.67388629192143,-34.052830308366566,98.72564486165932,29.87786809604282,-110.78253749309155,66.32858161709103
120.8215695057715,-90.02423061410848,279.81997295317615,131.5783656409171,-41.544251380204805,-65.94119826118425,11.593508386345963,16.679145754009205,73.95984353616402,-108.66637063083591,228.66885863602835,-117.45787492032618,-431.28422341212837,291.7871293964393,122.90830365557916,147.6937170075321,105.5367992950595,157.88825631653071,35.5470516846638,145.90297046032134,44.57933048740087,174.09068331167313,96.77722995515187,174.71682594765542,119.719854678595,37.080049501315614,10.82657624740113,26.641932481645245,6.012886776976313,211.1593944589307,-51.256912356645515,-21.781110668195755,72.7343001978713,96.4174988057689,213.97157338772806,214.69350243136165,120.84034040630378,-12.971245053259047,-284.0868511095883,-139.91498025461652,404.0631209343626,123.45184143633008,-454.52294806369173,271.2267677878639
36.95110140672973,-27.59292465628876,85.51051408287414,40.11149433234037,-12.76403759721253,-20.277159320871682,3.479347206779023,5.008553101343432,22.62366804292662,-33.1249650016391,69.83387265803096,-35.89713993532236,-131.77498436506912,89.14839651573722,37.50421533675784,45.11680764850478,32.19329022332799,48.264147920317264,10.853876272460594,44.57933048740087,13.645930981949027,53.32828474691242,29.587038334364237,53.390212179285676,36.59072936700548,11.29875815796328,3.2854693370097823,8.107504028607659,1.8496896579293562,64.54095610313887,-15.617828079429847,-6.6841654751194906,22.273029772025097,29.47878827068131,65.37400868367683,65.67576259867934,36.9535215722791,-4.099531398344937,-86.78617902204437,-42.81242573365438,123.49382306864096,37.74689591893018,-138.96704586150784,82.84977150846503
144.42181526106287,-108.16200104824563,334.1106270651809,156.11460677639406,-50.07907996047906,-79.797535820969,13.257075993528296,19.116286405928513,88.63319423620669,-128.8749883971892,272.3166732706299,-140.34904100203318,-514.3194814151979,348.232180375043,146.06865061869132,176.126377605021,125.4867717107663,188.5130243904144,42.046554814475556,174.09068331167313,53.32828474691242,208.80364439488937,115.60471717363556,208.3035116348626,142.82450857041582,44.04411698628641,12.767853816811243,31.525775122199533,7.257460867386644,252.0080860435109,-60.65839230837879,-26.340428217733862,87.15491282358602,115.08395524585504,255.35410682728045,256.7116469756398,144.4161671575745,-16.764963941239404,-338.61873778654683,-167.35848918811337,482.21362259271007,147.56289813034525,-542.92919950232,323.2492470500453
80.15019807561151,-59.81252549644416,185.2848842266932,87.10199136752797,-27.59522961823228,-43.72813112624221,7.546753484547421,11.07182889962098,49.103735330274695,-71.76202195936885,151.62702057369862,-77.695993453527,-285.78373296280637,193.29059008940467,81.44342983427548,97.84388537832882,69.93146680030401,104.57821465012853,23.506980340737456,96.77722995515187,29.587038334364237,115.60471717363556,64.28310932661836,115.71515256402655,79.32597421658991,24.587557725827693,7.093366720125263,17.683442107685874,4.017462764807802,139.80089753133544,-33.87082853989832,-14.43331451813306,48.190128659517285,64.00380204537464,141.84656283503062,142.4356262734616,79.92603508642547,-8.49877026345889,-188.40789940161716,-92.80502658334375,267.84915497992523,81.79700506324279,-301.32543764324595,179.85069530902422
144.69892497243652,-107.73779996467526,335.80561585634325,158.08100443426162,-49.90415173935703,-79.0673223919901,14.112287326938727,19.777024329202977,88.3941479865718,-130.8798292406552,274.2197914722297,-141.17439753461488,-517.6262732031662,349.96974582768735,147.45402482806688,177.12051163051535,126.39996806596533,189.63666489682728,42.963096681487364,174.71682594765542,53.390212179285676,208.3035116348626,115.71515256402655,209.86036923524594,143.76483644938176,44.40019886168503,13.061382219234648,31.859140291035168,7.145759974676731,253.73465536960217,-61.858432910571125,-26.081021024251765,87.32837892237241,115.6188803111742,256.40679541343195,257.2590238955676,145.40179866886305,-15.853554428136132,-340.5330389449293,-167.6709370665717,484.5476798030531,147.9429080575363,-544.951248567976,325.0302100030985
99.13384021583006,-73.92421556959242,230.02921951226628,108.2957270880884,-34.30247969241425,-54.20820030995128,9.56012523010011,13.401930326439317,60.58477444673988,-89.51098659047729,187.95663163854059,-96.70134021364096,-354.7150153769305,239.71931236133904,100.97456491752996,121.29078644729235,86.46215425290892,129.9793076310162,29.419969504669893,119.719854678595,36.59072936700548,142.82450857041582,79.32597421658991,143.76483644938176,98.53673781294724,30.450914694724407,8.86022921579877,21.835848485815884,4.8811385068969715,173.86215066145866,-42.38397655458999,-17.894315861700214,59.84601870717585,79.34655010550848,175.65247884796125,176.39015587762347,99.61948035191257,-10.902510200104475,-233.38493657190116,-114.91311690777327,331.98955448533496,101.28167446638405,-373.3882180912656,222.6274720368408
30.599140626976506,-22.758603454874887,70.987882556612007,33.66828423138439,-10.526009638443695,-16.476976706210703,2.9994018996058873,4.264193531189165,18.68563696265669,-27.643423061834728,58.3231641483778,-29.751060268198113,-109.68855026418295,74.02851674379087,31.3149979080708,37.475385992712525,26.749260295335077,40.13117101718351,9.113269244112836,37.080049501315614,11.29875815796328,44.04411698628641,24.587557725827693,44.40019886168503,30.450914694724407,9.517710811003163,2.690410974267654,6.849786991567008,1.4723595590828766,53.648659838614705,-13.155754987979813,-5.469506267272316,18.38608505374658,24.618510424484878,54.296215951792874,54.54324598009067,30.633186652634247,-2.982325236306917,-72.32867183981175,-35.466850425947364,102.58867535951178,31.195618532688677,-115.2842947071754,68.89399840515819
9.02624181912829,-6.544222620848186,21.069576145913317,9.773916770176706,-2.9028331433942878,-4.95083498543264,1.054170507098236,1.4675227887730073,5.533244322938381,-8.432584508486809,16.787221072249565,-8.932425080619883,-32.0326665333055,21.97403131836831,9.20537995787279,11.14880783972131,8.141245971121425,11.713069159034612,2.608889563547275,10.82657624740113,3.2854693370097823,12.767853816811243,7.093366720125263,13.061382219234648,8.86022921579877,2.690410974267654,1.010451992566939,1.9410815645728021,0.4822061568695599,15.767688465857889,-3.8038834003865367,-1.6269459726269706,5.435198696019501,6.891700604529963,16.042944635343098,15.723700030422679,9.10655953188032,-1.0806071351800748,-20.94971976151302,-10.355862922055572,30.1338102948306,9.40781851952309,-33.905480266419744,20.293605602270976
21.963376413659446,-16.262615574027674,50.82764297248298,24.241769646878616,-7.47460638989202,-11.659655984708776,2.2039685172725347,3.241528117295906,13.386232617782879,-19.880615372496393,41.94724061715878,-21.246870798625842,-78.71161346852247,53.0802210698397,22.573920317575933,26.90736119237281,19.30369624518151,28.730254110350607,6.582328756547415,26.641932481645245,8.107504028607659,31.525775122199533,17.683442107685874,31.859140291035168,21.835848485815884,6.849786991567008,1.9410815645728021,4.964439701203205,1.069552188614572,38.4107522683004,-9.465978003922682,-3.8585588677051,13.129521838072884,17.67091810736781,38.98055756021993,39.08887410523463,21.866099950082145,-1.8826861784906062,-52.00135650207433,-25.418684223896637,73.63724791553582,22.363620242769365,-82.68576850135534,49.57351998483281
5.042593605558405,-3.767608392749585,11.479970229275901,5.2625562408764965,-1.6927806836131025,-2.813371117974447,0.4392711342884912,0.7702448437028497,3.1256288735185684,-4.418554496371366,9.284007357226784,-4.822510199701884,-17.62350298956697,12.028330436493208,5.03415955799509,6.0997040595893575,4.442648902874327,6.426189429606996,1.4015148458149775,6.012886776976313,1.8496896579293562,7.257460867386644,4.017462764807802,7.145759974676731,4.8811385068969715,1.4723595590828766,0.4822061568695599,1.069552188614572,0.2993047350477707,8.598459139989808,-2.0121249856315355,-0.9074566838100551,3.0112572446006665,3.8920528788242854,8.859987374669247,8.802898452445257,4.9238984127033385,-0.6037861481817357,-11.62653082908599,-5.786475282666754,16.66247553317819,5.1702985130419234,-18.78821804710707,11.23475437600397
174.92327772274663,-130.42203278582772,406.31586411479566,190.95547979677175,-60.522141076689266,-95.97539765977197,16.94094836762629,23.456988307324394,106.94043701569322,-158.14763428630084,331.3231340328888,-170.96867352100642,-625.8612729079172,423.26664152857273,178.02547296713567,214.11270786619735,152.5514886079598,229.46046198875143,51.818283090858706,211.1593944589307,64.54095610313887,252.0080860435109,139.80089753133544,253.73465536960217,173.86215066145866,53.648659838614705,15.767688465857889,38.4107522683004,8.598459139989808,307.0082952617554,-74.74140883739844,-31.703593476663492,105.73668594449389,139.78335357279641,309.977762213645,311.15225876794483,176.09750547116167,-19.797186974638468,-411.48255386545964,-202.78029107891476,585.7871303807826,178.9149958122003,-658.9664454786813,392.6316810192517
-42.303700854328554,31.347235277787068,-98.53940409070529,-46.987713878356146,14.60914682992499,22.71640966532765,-4.361360957601374,-5.90270770813229,-25.66433275326896,38.82872596057451,-80.9705634842611,41.42711485859081,152.48965078059445,-102.68112341007708,-43.577172423950515,-51.99572955218349,-37.079574513954846,-55.840049237930685,-12.953526640204588,-51.256912356645515,-15.617828079429847,-60.65839230837879,-33.87082853989832,-61.858432910571125,-42.38397655458999,-13.155754987979813,-3.8038834003865367,-9.465978003922682,-2.0121249856315355,-74.74140883739844,18.582617186179355,7.493004251849106,-25.53486459927771,-34.15031075031193,-75.1795523049593,-75.44593640911928,-42.77852682136898,4.159293008154741,100.29438475936455,49.07866925495402,-142.32411907521293,-43.172110646915684,159.79245658620704,-95.51326877977402
-18.13447409939927,13.695464219729576,-42.14196894286212,-19.35287274301796,6.37103046805443,10.343355150193595,-1.5737430786362343,-2.1356622632918256,-11.224498816079603,16.080481602287563,-33.877134023973284,17.817228412008213,64.39820754182264,-43.81360168500055,-18.110787669553268,-22.090871186488435,-15.623220165349842,-23.71242948348168,-5.113059627996037,-21.781110668195755,-6.6841654751194906,-26.340428217733862,-14.43331451813306,-26.081021024251765,-17.894315861700214,-5.469506267272316,-1.6269459726269706,-3.8585588677051,-0.9074566838100551,-31.703593476663492,7.493004251849106,3.4440706943464487,-11.045842501452805,-14.340235991671758,-32.04630037953392,-32.22979818727946,-18.29694160881226,2.6109933469512585,42.217562592354035,21.036639144189053,-60.4320212399762,-18.618311610676955,68.19085558914398,-40.320091766941786
60.367610605392166,-45.15928503232757,140.07457628403148,65.4244201545207,-20.964500765179498,-33.46699028124349,5.669677681249834,7.894003895663254,37.00413050466897,-54.25683163926572,113.8557515794163,-58.99110604626439,-215.41332519067598,145.88269160287962,61.1248880341893,73.75670430063022,52.49210215857993,79.04043990479973,17.683643752899975,72.7343001978713,22.273029772025097,87.15491282358602,48.190128659517285,87.32837892237241,59.84601870717585,18.38608505374658,5.435198696019501,13.129521838072884,3.0112572446006665,105.73668594449389,-25.53486459927771,-11.045842501452805,36.54965587108357,48.07422326531096,106.83248152455943,107.2917033074841,60.731757603405235,-7.2887083927112375,-141.55328693720134,-69.97842172535978,201.81658420472817,61.78959739976715,-227.21437489074958,135.15733537140522
79.73599674365416,-59.61677996594347,184.7395887753562,87.2606992243054,-27.762438896346257,-43.41814055791777,7.508269109070124,10.663848744394018,48.70707789304515,-71.65738676386616,151.6279139276888,-77.51404216803687,-285.5508185099069,192.58129854994684,81.27743961921828,97.43440688699533,69.32677308173247,104.59633165173544,23.7461248819854,96.4174988057689,29.47878827068131,115.08395524585504,64.00380204537464,115.6188803111742,79.34655010550848,24.618510424484878,6.891700604529963,17.67091810736781,3.8920528788242854,139.78335357279641,-34.15031075031193,-14.340235991671758,48.07422326531096,64.20743849381743,141.23859143683254,142.21456230547835,79.93677008521176,-8.407009285323449,-188.14108241651883,-92.50980868559421,267.11280120457087,81.21630331186971,-300.3502101947694,179.14193984390525
177.3041635084813,-132.0944522122256,410.86585278227375,192.89242746081584,-60.93409915570475,-97.02395899322151,17.062566429902322,24.43242862215383,108.60259309658761,-159.66200478868888,335.15488373646383,-172.6578393176642,-632.7596806235426,428.3819462836947,180.24097411555593,216.79416762718157,154.95635411607367,231.72048456907828,52.06499781841694,213.97157338772806,65.37400868367683,255.35410682728045,141.84656283503062,256.40679541343195,175.65247884796125,54.296215951792874,16.042944635343098,38.98055756021993,8.859987374669247,309.977762213645,-75.1795523049593,-32.04630037953392,106.83248152455943,141.23859143683254,314.03294294012727,314.8212428721721,177.56283804567704,-19.51328589588652,-416.513937411658,-205.26419668964846,592.9035353602612,181.33160987709053,-667.0313652754602,397.88086348211596
177.8411517189971,-132.89667269401622,412.03806605836917,193.48636494172464,-61.6160343704978,-97.56768944853506,16.74279034291486,23.8042412611476,108.88032857449811,-159.6034137857042,336.59811054773394,-173.05564923887093,-635.095841952752,429.43587515200073,180.62378007136212,217.24945405619331,154.7825793812677,232.71815751659827,52.34168074421907,214.69350243136165,65.67576259867934,256.7116469756398,142.4356262734616,257.2590238955676,176.39015587762347,54.54324598009067,15.723700030422679,39.08887410523463,8.802898452445257,311.15225876794483,-75.44593640911928,-32.22979818727946,107.2917033074841,142.21456230547835,314.8212428721721,316.4581063562091,178.2032634316138,-19.800775215591358,-418.1404456437168,-206.15762846655997,594.8156869015278,181.61239862746407,-669.2753033354004,398.84434746597515
100.201442262767,-74.79493945420838,233.08236099326024,109.19164619263975,-34.77269506525667,-55.36396433143769,9.674868411571248,13.143154948373686,61.30967727889624,-90.6821051736509,189.46582491087665,-98.25773060810884,-358.5051910024121,242.6526597435353,101.78563270748387,122.67887971416914,87.27563229114664,131.58296330294087,29.603602057607183,120.84034040630378,36.9535215722791,144.4161671575745,79.92603508642547,145.40179866886305,99.61948035191257,30.633186652634247,9.10655953188032,21.866099950082145,4.9238984127033385,176.09750547116167,-42.77852682136898,-18.29694160881226,60.731757603405235,79.93677008521176,177.56283804567704,178.2032634316138,101.20419860678281,-11.981683064939999,-235.39182500060534,-116.19183371120994,335.5445817107019,102.62537607263368,-377.6028601895331,224.66484890877476
-11.178819167364349,8.953000090458692,-26.49288013063583,-10.78094898280694,4.385631487502033,7.813780424153519,-0.5512836880392223,-0.2030919365593702,-7.185571874591678,9.508171906418827,-19.50621940198131,11.67551886335566,38.909334696423535,-27.115877155953118,-10.22122131803376,-13.434861979657487,-9.016574809571171,-14.776826571742085,-2.681334541551857,-12.971245053259047,-4.099531398344937,-16.764963941239404,-8.49877026345889,-15.853554428136132,-10.902510200104475,-2.982325236306917,-1.0806071351800748,-1.8826861784906062,-0.6037861481817357,-19.797186974638468,4.159293008154741,2.6109933469512585,-7.2887083927112375,-8.407009285323449,-19.51328589588652,-19.800775215591358,-11.981683064939999,3.7905593664826833,24.709254596852066,13.09125279710218,-36.74121789170675,-11.792963544947007,42.069436117292064,-23.73308135360565
-235.106668711901,175.11972369049403,-544.7075630577453,-256.83484523131875,80.99244606049403,127.90733892400837,-22.701936593138054,-32.48179380355819,-143.69123157400333,211.90424166024462,-445.92462276997134,228.61137360050063,840.5274228617506,-568.0033217212654,-239.6524953027726,-287.53722367588887,-205.35842013075154,-307.68231740275706,-69.67388629192143,-284.0868511095883,-86.78617902204437,-338.61873778654683,-188.40789940161716,-340.5330389449293,-233.38493657190116,-72.32867183981175,-20.94971976151302,-52.00135650207433,-11.62653082908599,-411.48255386545964,100.29438475936455,42.217562592354035,-141.55328693720134,-188.14108241651883,-416.513937411658,-418.1404456437168,-235.39182500060534,24.709254596852066,553.6865436046901,272.3714179247725,-786.9774072653282,-240.0307514101645,884.9600671508948,-528.2804854909725
-115.98163582616571,86.62019791440812,-268.6624683812541,-125.95148002473299,40.09494104727912,63.75072447443652,-10.95073038974807,-15.609548653799754,-71.03375102507496,104.11121019949421,-219.16490487767254,112.88097905824802,413.8041878902527,-280.0181302386934,-117.69908077009704,-141.6750221795853,-101.0360653322232,-151.62682830036252,-34.052830308366566,-139.91498025461652,-42.81242573365438,-167.35848918811337,-92.80502658334375,-167.6709370665717,-114.91311690777327,-35.466850425947364,-10.355862922055572,-25.418684223896637,-5.786475282666754,-202.78029107891476,49.07866925495402,21.036639144189053,-69.97842172535978,-92.50980868559421,-205.26419668964846,-206.15762846655997,-116.19183371120994,13.09125279710218,272.3714179247725,134.39059122030247,-387.7270378663259,-118.54376977820685,436.32909424134,-260.0117015919031
334.7550495977615,-249.4736530001113,775.8968530159262,364.6550499086352,-115.32614019083105,-183.1157625572622,32.21904146705875,45.86960747951331,204.83304624589988,-301.6584923280591,633.4435507284934,-326.03538270743974,-1195.6372710924345,808.8694433007416,340.5415300105119,409.35555267690245,292.3394915909652,437.9130929323131,98.72564486165932,404.0631209343626,123.49382306864096,482.21362259271007,267.84915497992523,484.5476798030531,331.98955448533496,102.58867535951178,30.1338102948306,73.63724791553582,16.66247553317819,585.7871303807826,-142.32411907521293,-60.4320212399762,201.81658420472817,267.11280120457087,592.9035353602612,594.8156869015278,335.5445817107019,-36.74121789170675,-786.9774072653282,-387.7270378663259,1119.9202167390813,342.1987741758121,-1259.8044819031434,751.4115143246833
102.43776468818955,-76.31057397099165,237.40541103284514,110.97676660358391,-35.13093870724472,-56.41281551866459,9.84830880571432,14.059681449185035,62.819088913318225,-92.18786525692406,192.98893310857426,-99.85699006654805,-364.9200676315933,247.46167008110595,103.8610563843859,125.2237229672511,89.54845413949253,133.69524302681685,29.87786809604282,123.45184143633008,37.74689591893018,147.56289813034525,81.79700506324279,147.9429080575363,101.28167446638405,31.195618532688677,9.40781851952309,22.363620242769365,5.1702985130419234,178.9149958122003,-43.172110646915684,-18.618311610676955,61.78959739976715,81.21630331186971,181.33160987709053,181.61239862746407,102.62537607263368,-11.792963544947007,-240.0307514101645,-118.54376977820685,342.1987741758121,104.95572221066607,-385.1734973753185,229.5672522470201
-376.7047830502686,280.9517352688938,-873.0581391864988,-409.70720997483414,129.89389922390194,206.59162424319365,-36.01745989555334,-51.26046420280624,-230.65615467707588,339.02918992584705,-712.148216638618,366.95091034227846,1344.7160262450548,-910.058846367308,-382.7523281466129,-460.4910860020841,-328.7244608797451,-492.6345417878601,-110.78253749309155,-454.52294806369173,-138.96704586150784,-542.92919950232,-301.32543764324595,-544.951248567976,-373.3882180912656,-115.2842947071754,-33.905480266419744,-82.68576850135534,-18.78821804710707,-658.9664454786813,159.79245658620704,68.19085558914398,-227.21437489074958,-300.3502101947694,-667.0313652754602,-669.2753033354004,-377.6028601895331,42.069436117292064,884.9600671508948,436.32909424134,-1259.8044819031434,-385.1734973753185,1417.4511928160246,-845.0548462962743
224.6286999398086,-167.1054663259252,520.1763799315925,244.88791485132785,-77.03087610441946,-122.28632859940673,21.823401613401348,31.488201718873608,137.37725345585523,-202.53828614794529,425.2393312997902,-218.37306669306196,-802.0452015498788,542.5609601221818,228.82522803484534,274.72224342369856,196.5946277689089,293.5009274368564,66.32858161709103,271.2267677878639,82.84977150846503,323.2492470500453,179.85069530902422,325.0302100030985,222.6274720368408,68.89399840515819,20.293605602270976,49.57351998483281,11.23475437600397,392.6316810192517,-95.51326877977402,-40.320091766941786,135.15733537140522,179.14193984390525,397.88086348211596,398.84434746597515,224.66484890877476,-23.73308135360565,-528.2804854909725,-260.0117015919031,751.4115143246833,229.5672522470201,-845.0548462962743,504.6280678701916
