V1,V2,V3,V4,V5,V6,V7,V8,V9,V10,V11,V12,V13,V14,V15,V16,V17,V18,V19,V20,V21,V22,V23,V24,V25,V26,V27,V28,V29,V30,V31,V32,V33,V34,V35,V36,V37,V38,V39,V40,V41,V42,V43,V44
295.75735549368574,-438.3940109696303,-87.44530285587733,-499.63582951152085,-105.92187374417615,-396.9384731784554,-332.6037606749799,11.165402792035957,370.3908488455301,604.7860016165982,-123.57733619056214,164.62595740672347,284.7221041626968,51.025053235505446,-157.23565770417162,22.2411633785591,86.78093528132683,-164.05857303607922,-314.84778867536176,219.3629839738521,120.73716689027599,748.1991793819374,332.3484811499783,-226.3458437631419,-116.08176460021177,-46.98951555908579,-79.06759307025318,-22.073111814480548,114.1559109103327,-324.2620924744853,436.55946638130666,-117.52049296733738,70.5762008991039,22.7000558535858,231.82463299852168,348.66338395926743,-273.7471444917056,-175.051241668353,-86.10808127399756,-271.5030935107461,208.80488373213944,225.9355728790315,-463.91873649247424,219.6115524010769
-438.3940109696303,651.1771208798125,129.26585768149116,740.3355404800158,157.7843096889176,589.1909920055798,493.0669250950938,-16.08645716489557,-549.5083590987944,-897.937145120641,183.99232518361245,-243.2046516677951,-422.0258721330077,-76.00415209205487,233.9724353644935,-32.37170925678363,-129.39362072943285,243.15426208110463,467.6512043892621,-325.77266422475464,-178.359000240444,-1110.9622903661668,-493.1722543275234,336.0137496192071,172.93550659875922,68.70878813376609,117.50925349705642,32.64140910637834,-168.91202917085857,481.87703163580073,-646.9438263423975,174.93005186460437,-103.60906937153466,-32.65552654406032,-345.00659722374496,-517.1223294470685,405.4536894787365,259.46081673970696,127.451995447749,401.445613025365,-310.5151946767506,-335.11719318393864,688.4439762522234,-326.5218114841024
-87.44530285587733,129.26585768149116,26.286979112906746,148.12363800661845,31.032843257258946,117.28052667126023,98.5056261931528,-3.3634761125694923,-109.44709812945601,-178.6093512286844,36.516681577579405,-49.01289615862728,-84.5879904978213,-14.734534828357145,46.425772639257865,-6.76010234810509,-25.424533631751142,48.69546574051905,92.91242239802838,-64.71992446240591,-35.74980395104391,-220.80898588932672,-98.14250298279323,67.02713198156175,34.26664080073214,14.295437739549838,23.346408357729953,6.687512204211253,-33.72364447532275,95.84402967494155,-129.42215410643948,34.7566865224393,-20.915661626712073,-6.856039304755978,-68.27888363954064,-102.84417901439984,81.234224829893,51.99829052392898,25.37951205528911,80.52025657143457,-61.13303821779681,-66.70376607847086,136.7809349487583,-64.53295700727352
-499.63582951152085,740.3355404800158,148.12363800661845,844.4335831087823,178.71242280149426,670.5237713256781,562.0384090043376,-18.906881637108715,-625.6781842212196,-1021.5967419765768,208.80108758407292,-278.4123374083806,-481.4187667853762,-85.86992084860317,265.61184322179395,-37.69480161572484,-146.40727544029806,277.3434268803457,531.7757349817782,-370.4636857707976,-204.0067510776028,-1263.6765314352401,-561.3627744074963,382.50884104915605,196.09458899716836,79.70913410619644,133.55603747255537,37.42515227321519,-192.82953762741528,547.8348017537575,-737.8184412770529,198.54946753775897,-119.25258259404066,-38.439885297097256,-391.4051556975688,-588.8078115749793,462.73093020450926,295.92492744368866,145.35660906027766,458.8506501784356,-352.20687998907135,-381.6026614774414,783.3676106822405,-370.65289790760454
-105.92187374417615,157.7843096889176,31.032843257258946,178.71242280149426,38.41501564268159,142.55715551608978,119.09777525149592,-3.777025560334086,-132.91428004551346,-217.42119872585232,44.68572585695155,-58.49351721720139,-101.9016227956592,-18.53957422133207,56.768845403702045,-7.5714370121642345,-31.49361315204135,58.70668349457564,113.30155307257549,-78.86390434058994,-42.971198033898176,-268.9919657635045,-119.32482811212978,81.29119386575648,41.99917988328574,16.237541648730453,28.472780496975037,7.789073037825626,-40.800717804545876,116.74560055521818,-156.15342185781782,42.37783040729269,-24.839457747932464,-7.632160148200083,-83.68571257661297,-125.106601136907,97.81614898900325,62.564524390228605,30.731200405555082,96.68402997501009,-75.43209381736266,-81.044188273845,166.59588300528324,-79.21924875132382
-396.9384731784554,589.1909920055798,117.28052667126023,670.5237713256781,142.55715551608978,533.4063975970598,446.51751899095194,-14.588085717946296,-497.4235158194515,-812.5986359242477,166.41150606108852,-220.40262816036113,-382.18456605853686,-68.62889497141997,211.71362102651796,-29.632890912050264,-117.00860967253831,220.2158507217642,423.14433934203475,-294.93409418200423,-161.471853618088,-1005.5262879668983,-446.40635336732026,304.20213502911713,156.49267545296817,62.59056388862947,106.35523431573795,29.747723371068073,-152.7961246379197,436.12686751710834,-586.0343215895394,158.49896817703407,-93.75937692309715,-29.676683361949745,-312.32926266804986,-468.00525717600794,367.2648771797339,235.20893502154178,115.49939749452689,363.7263695259502,-280.7416486246138,-303.37224024836075,623.175068587541,-295.4045468173398
-332.6037606749799,493.0669250950938,98.5056261931528,562.0384090043376,119.09777525149592,446.51751899095194,374.15005503864217,-12.48552481971863,-416.59386019237,-680.2629841931106,139.09647870457744,-185.13558081641972,-320.36053557562343,-57.27503131106586,176.96373404734555,-25.039811058367427,-97.62821527650766,184.57853126650497,354.141550375009,-246.76132892081557,-135.65574423385607,-841.5606864233515,-373.78940812011496,254.6894448235955,130.68477452160386,52.89928397270604,88.96400355165187,24.922473240231152,-128.26340351723738,364.86907198494555,-491.11862329924304,132.3592561449856,-79.15046774971938,-25.40448846938029,-260.89900229957294,-392.00609882392746,307.9397976298864,197.03597202324283,96.79314874089026,305.2658422740966,-234.69377788471328,-254.07073066041804,521.6928716481191,-246.96932186927253
11.165402792035957,-16.08645716489557,-3.3634761125694923,-18.906881637108715,-3.777025560334086,-14.588085717946296,-12.48552481971863,0.6625875899529791,13.80255274838142,22.342107108376123,-4.365715571479147,6.554264945666175,10.767728013942971,1.821564086437847,-5.543840973850449,0.9337675116879247,2.948772693526698,-6.194041086160037,-11.565236579657977,7.9557342199771295,4.911679875178625,27.454351874557744,12.340536824640179,-8.316336121414029,-3.9783219516732315,-2.0416448098654802,-2.8461897007464305,-0.7461530453385518,4.578878988602398,-11.718879909661043,16.40859358638126,-3.954676117545558,3.2553892867565635,1.322821278454505,8.007129914594326,13.13593519434645,-10.429084107619373,-6.424388123718328,-3.257791106674873,-10.634853602004053,7.571718380027205,8.444620575885416,-17.16350004375223,7.883425077647804
370.3908488455301,-549.5083590987944,-109.44709812945601,-625.6781842212196,-132.91428004551346,-497.4235158194515,-416.59386019237,13.80255274838142,464.04820167864074,757.9515913232781,-155.0816219434902,205.8859000326317,356.61625790392503,63.99521250404055,-197.26848001562806,27.655788141572096,108.95160824603697,-205.47403946093422,-394.65271974705604,274.9492981428428,150.956876778714,937.7056842989235,416.4124421221966,-283.6841587716349,-145.71468803323447,-58.541497417206365,-99.1412537199331,-27.64709915144982,142.8268453307256,-406.57633093473896,546.721590318466,-147.4890805963352,87.97380685461819,28.053793227382265,290.85957838074813,436.72004090747765,-342.7460004507955,-219.27721200755175,-107.76116138902773,-339.65247141329917,261.80410182823846,283.0172004341524,-581.2500488347384,275.37071485668963
604.7860016165982,-897.937145120641,-178.6093512286844,-1021.5967419765768,-217.42119872585232,-812.5986359242477,-680.2629841931106,22.342107108376123,757.9515913232781,1238.471487508274,-253.71688139544742,335.8913641429796,582.5249443305548,104.5799671172326,-322.58044269682193,44.764839964259544,178.21352939381947,-335.57904066753815,-644.9265664558066,449.1804902330609,246.27017637950595,1532.0752370595121,680.2002117809341,-463.52701883487384,-238.37986423401244,-95.11752447804481,-162.02982528544527,-45.06532452961922,233.15507450670842,-664.5600168864752,892.6613540908121,-241.0802527597772,143.2568401115131,45.327303624816246,475.4114935256943,713.2680135168653,-559.5755556456623,-357.95482672519654,-175.738710166727,-554.1270228873808,427.8669475423828,462.2264203092251,-949.3305015074623,450.022417500486
-123.57733619056214,183.99232518361245,36.516681577579405,208.80108758407292,44.68572585695155,166.41150606108852,139.09647870457744,-4.365715571479147,-155.0816219434902,-253.71688139544742,52.249073082847154,-68.39507495934912,-119.23524499906104,-21.385340211539447,66.33862941324352,-8.922211958606553,-36.68145596942297,68.65245214187802,132.1809661825734,-92.02098521176097,-50.053668155129664,-313.83569998961195,-139.20155483560202,95.01883326547619,49.122462288681064,19.14431740701995,33.246649470420806,9.237275997402836,-47.48911524386165,136.40027354388255,-182.4814813075008,49.616223362563815,-28.806961873015656,-8.828681830200274,-97.68453931060809,-145.79501161987812,114.32446662003979,73.22983498957565,35.76675964291369,112.84550307582913,-87.64575791904691,-94.51693594771254,194.18358357275875,-92.26032603268965
164.62595740672347,-243.2046516677951,-49.01289615862728,-278.4123374083806,-58.49351721720139,-220.40262816036113,-185.13558081641972,6.554264945666175,205.8859000326317,335.8913641429796,-68.39507495934912,92.28494170073085,158.7763225087199,28.046207190478892,-86.9881387513598,12.619407697390125,47.74625743440543,-91.44267379223056,-174.72868011628512,121.61397966473608,67.68685070629445,415.235763684684,184.6572447812074,-125.76529959289981,-64.08163449775138,-26.743881285581512,-43.81489037908652,-12.280683699562402,63.8562940034254,-179.8204527754761,243.13400904014796,-64.8162216522909,40.0558263588332,13.296458888029578,127.93136330406816,193.89816522039254,-152.68148592160617,-97.3523653329477,-47.885579506857226,-151.7713405302657,115.45092099829971,125.604561235167,-257.5471385417173,121.47872316403715
284.7221041626968,-422.0258721330077,-84.5879904978213,-481.4187667853762,-101.9016227956592,-382.18456605853686,-320.36053557562343,10.767728013942971,356.61625790392503,582.5249443305548,-119.23524499906104,158.7763225087199,274.765797370932,48.76200436837624,-151.52275167950248,21.300997073974607,83.39945283829135,-158.21281474280062,-303.21401696700156,211.06859081615917,116.28398573081944,720.2994360482503,319.95123657872483,-218.18131452055044,-111.89014434121333,-45.38311790759201,-76.14422620936229,-21.3047465400531,109.9594027934586,-312.4820513087626,420.56914092241914,-113.1171887410805,67.96065692319556,21.816219909944316,222.92638671005543,335.54396750336025,-263.840816328797,-168.59546179185418,-82.61151340251881,-261.4216130904651,200.5433814329542,217.45645256685114,-446.22867835880226,211.1202758182111
51.025053235505446,-76.00415209205487,-14.734534828357145,-85.86992084860317,-18.53957422133207,-68.62889497141997,-57.27503131106586,1.821564086437847,63.99521250404055,104.5799671172326,-21.385340211539447,28.046207190478892,48.76200436837624,9.111652123917185,-27.255284308222144,3.692318284582893,15.231716611625238,-28.142866279677122,-54.51692626736772,38.030941355298786,20.697921445475508,129.55537809373524,57.474792251893085,-39.00860658112988,-20.14886173285099,-7.743786679565966,-13.696062996744974,-3.7105173959969258,19.64391446111401,-56.06282444436571,75.05945257454016,-20.390244598308428,11.992720682933218,3.709069309084557,40.39385704897776,60.33574666372958,-46.96608696854416,-30.073043602558016,-14.937893946428245,-46.56273866171934,36.572564218814634,39.06806742366997,-80.43032089510416,38.2984921056261
-157.23565770417162,233.9724353644935,46.425772639257865,265.61184322179395,56.768845403702045,211.71362102651796,176.96373404734555,-5.543840973850449,-197.26848001562806,-322.58044269682193,66.33862941324352,-86.9881387513598,-151.52275167950248,-27.255284308222144,84.32770512923578,-11.510648441105115,-46.676929380338755,87.28526872581016,168.0516734073424,-117.12503406301833,-63.64022383865087,-399.2011781125829,-177.07446548826192,120.80824027990242,62.44439447161782,24.448217431381774,42.28506465990159,11.81798654691422,-60.33065143599027,173.40667735860754,-232.1998767647036,63.20893641298707,-36.591720178474446,-11.261968482716066,-124.3927173791293,-185.45389158069693,145.41965222149784,93.27562954057964,45.63903351098404,143.63996968058126,-111.52098602443672,-120.25809936423754,247.14705732672695,-117.41084493426818
22.2411633785591,-32.37170925678363,-6.76010234810509,-37.69480161572484,-7.5714370121642345,-29.632890912050264,-25.039811058367427,0.9337675116879247,27.655788141572096,44.764839964259544,-8.922211958606553,12.619407697390125,21.300997073974607,3.692318284582893,-11.510648441105115,2.0976792676611917,6.298524448704228,-12.320492516343784,-23.227735225589125,16.388398183226222,9.1458789879684,55.57888713374316,24.780906237893664,-16.832544346545166,-8.462973448120524,-4.006048069334462,-5.849296800059673,-1.837768440272337,8.487230271475362,-23.92958051422064,33.02418463525834,-8.82354384581795,5.420769312613605,1.98989994358898,17.222304060887968,25.989745114467244,-20.701795886539422,-13.414963883692218,-6.670316936338892,-20.79079467532132,15.274941770896042,16.909315754757678,-34.69620120980115,16.201513824342253
86.78093528132683,-129.39362072943285,-25.424533631751142,-146.40727544029806,-31.49361315204135,-117.00860967253831,-97.62821527650766,2.948772693526698,108.95160824603697,178.21352939381947,-36.68145596942297,47.74625743440543,83.39945283829135,15.231716611625238,-46.676929380338755,6.298524448704228,25.969499822773525,-48.07721444421351,-92.89121798791432,64.82157685970228,34.96559793449046,220.71882294715203,97.83595465674183,-66.6856346579986,-34.605426471766705,-13.27220356786882,-23.392857615447816,-6.510212533780699,33.18654061817624,-95.8520681575866,128.04656743658197,-35.07432572201799,19.951635043646288,6.011371477339763,69.05105322661112,102.44011648755883,-80.09694537250208,-51.484624911043994,-25.25914232592154,-79.06298031430755,61.89741691076757,66.43590834243201,-136.70035643245754,65.1060411250327
-164.05857303607922,243.15426208110463,48.69546574051905,277.3434268803457,58.70668349457564,220.2158507217642,184.57853126650497,-6.194041086160037,-205.47403946093422,-335.57904066753815,68.65245214187802,-91.44267379223056,-158.21281474280062,-28.142866279677122,87.28526872581016,-12.320492516343784,-48.07721444421351,91.12204348732158,174.6801272790232,-121.64644402160494,-66.97682875413662,-415.02811541500034,-184.35272174915482,125.67651471988684,64.45404762247334,26.15346409116657,43.872254796890246,12.289749135746169,-63.32380077346198,180.00262443489223,-242.31423672900945,65.2135145785319,-39.126716675259694,-12.570870976142377,-128.5199275435476,-193.3381565824007,151.98614164678426,97.17058138713526,47.6599811720068,150.63279287092837,-115.60454742098044,-125.30414557071181,257.18089440523653,-121.69069022429392
-314.84778867536176,467.6512043892621,92.91242239802838,531.7757349817782,113.30155307257549,423.14433934203475,354.141550375009,-11.565236579657977,-394.65271974705604,-644.9265664558066,132.1809661825734,-174.72868011628512,-303.21401696700156,-54.51692626736772,168.0516734073424,-23.227735225589125,-92.89121798791432,174.6801272790232,335.873433597876,-233.9327029418279,-128.11594134216998,-797.8523618259329,-354.18369448013254,241.36481516784096,124.21075425111924,49.37881065720352,84.39435087015522,23.44750134143829,-121.3332610917264,346.11822952895113,-464.6755497642249,125.6109471007682,-74.43532515968278,-23.462305855889436,-247.7072760172985,-371.3689968685515,291.24887530699885,186.3456666710163,91.48187919743823,288.3324042673773,-222.91289827679313,-240.66365043741644,494.34862804860774,-234.43556206447357
219.3629839738521,-325.77266422475464,-64.71992446240591,-370.4636857707976,-78.86390434058994,-294.93409418200423,-246.76132892081557,7.9557342199771295,274.9492981428428,449.1804902330609,-92.02098521176097,121.61397966473608,211.06859081615917,38.030941355298786,-117.12503406301833,16.388398183226222,64.82157685970228,-121.64644402160494,-233.9327029418279,163.15332582768997,89.07132134214895,555.9984995767999,246.77722256220403,-168.14858755647174,-86.62190199091958,-34.47676153450366,-58.825779935139245,-16.48288426760132,84.2980457036779,-241.1618590923924,323.85697647258047,-87.81346096973952,51.55192731028966,16.214726996378626,172.9718850563415,258.65464600891374,-202.8721086365713,-130.0721655441784,-63.89428804484727,-200.8551957284021,155.34486411694823,167.6988203156682,-344.60615713742004,163.4685906783978
120.73716689027599,-178.359000240444,-35.74980395104391,-204.0067510776028,-42.971198033898176,-161.471853618088,-135.65574423385607,4.911679875178625,150.956876778714,246.27017637950595,-50.053668155129664,67.68685070629445,116.28398573081944,20.697921445475508,-63.64022383865087,9.1458789879684,34.96559793449046,-66.97682875413662,-128.11594134216998,89.07132134214895,49.82570817892987,304.3546436437575,135.3960556086036,-92.07978883762122,-46.81756218070269,-19.50307899119468,-32.08017825750398,-8.841657123340925,47.0348434116229,-131.65157050581203,178.0663580243856,-47.23147094179783,29.703976552705633,9.92738037145367,93.52444393849727,142.34409483932055,-111.87412650613294,-71.12373138908696,-35.12528181827534,-111.36170349633916,84.84465782786644,92.12333461108867,-188.8836302375674,89.08509521174805
748.1991793819374,-1110.9622903661668,-220.80898588932672,-1263.6765314352401,-268.9919657635045,-1005.5262879668983,-841.5606864233515,27.454351874557744,937.7056842989235,1532.0752370595121,-313.83569998961195,415.235763684684,720.2994360482503,129.55537809373524,-399.2011781125829,55.57888713374316,220.71882294715203,-415.02811541500034,-797.8523618259329,555.9984995767999,304.3546436437575,1895.7603365359319,841.5722455508775,-573.4261473058493,-295.0886010198699,-117.6133457914607,-200.51524303044934,-55.9083001648148,288.10238362312407,-822.2489274331781,1104.3899579398224,-298.7012193516478,176.72587028771378,55.79072438162802,588.8311163753857,882.366988616621,-692.1062005987201,-443.10371871425065,-217.63605329295714,-685.3595374699898,529.5883720599272,571.9060112287535,-1174.8394293693314,557.0789402804515
332.3484811499783,-493.1722543275234,-98.14250298279323,-561.3627744074963,-119.32482811212978,-446.40635336732026,-373.78940812011496,12.340536824640179,416.4124421221966,680.2002117809341,-139.20155483560202,184.6572447812074,319.95123657872483,57.474792251893085,-177.07446548826192,24.780906237893664,97.83595465674183,-184.35272174915482,-354.18369448013254,246.77722256220403,135.3960556086036,841.5722455508775,373.688382038824,-254.57031674757195,-130.82138421959957,-52.442171234750056,-88.98230496576785,-24.802943593130276,128.11794613099397,-364.90281910716516,490.54575231364834,-132.41169144343257,78.84370160735516,25.07702314138905,261.1218462048325,391.9025268915305,-307.4971033365333,-196.7510398524908,-96.69779091922811,-304.68585089810244,235.02479056445608,253.9790459960989,-521.6446609266744,247.1926056341958
-226.3458437631419,336.0137496192071,67.02713198156175,382.50884104915605,81.29119386575648,304.20213502911713,254.6894448235955,-8.316336121414029,-283.6841587716349,-463.52701883487384,95.01883326547619,-125.76529959289981,-218.18131452055044,-39.00860658112988,120.80824027990242,-16.832544346545166,-66.6856346579986,125.67651471988684,241.36481516784096,-168.14858755647174,-92.07978883762122,-573.4261473058493,-254.57031674757195,173.58756782788393,89.30665370039593,35.72026276379664,60.666343679974624,16.977943576222067,-87.15232325763192,248.84482303488235,-334.27780555120046,90.38822055533063,-53.45027476904509,-16.891539156701697,-178.03882401293384,-266.8329247931755,209.5332249185162,134.14996460682872,65.74769700521082,207.39591943027884,-159.9375035361472,-172.97283153919005,355.2262803642842,-168.35999291613726
-116.08176460021177,172.93550659875922,34.26664080073214,196.09458899716836,41.99917988328574,156.49267545296817,130.68477452160386,-3.9783219516732315,-145.71468803323447,-238.37986423401244,49.122462288681064,-64.08163449775138,-111.89014434121333,-20.14886173285099,62.44439447161782,-8.462973448120524,-34.605426471766705,64.45404762247334,124.21075425111924,-86.62190199091958,-46.81756218070269,-295.0886010198699,-130.82138421959957,89.30665370039593,46.29960656472997,17.941488575863534,31.282492305760996,8.776993823557122,-44.40613062849818,128.27727754378137,-171.48426925776107,46.89893934062123,-26.729871980393654,-8.089193587619308,-92.17652890605865,-136.91778538911953,107.33222142604737,68.96221848674496,33.681020298428066,105.87380311705152,-82.44452170356476,-88.8227756224263,182.60585970657675,-86.8541022856347
-46.98951555908579,68.70878813376609,14.295437739549838,79.70913410619644,16.237541648730453,62.59056388862947,52.89928397270604,-2.0416448098654802,-58.541497417206365,-95.11752447804481,19.14431740701995,-26.743881285581512,-45.38311790759201,-7.743786679565966,24.448217431381774,-4.006048069334462,-13.27220356786882,26.15346409116657,49.37881065720352,-34.47676153450366,-19.50307899119468,-117.6133457914607,-52.442171234750056,35.72026276379664,17.941488575863534,8.206499630535562,12.379251096695075,3.6613389071439233,-18.2364470260028,50.80956959077366,-69.63545985390876,18.333494982610237,-11.72985525645164,-4.20838175335496,-36.02355723315511,-55.0825179833854,43.79806328216766,27.993247548275825,13.786167645644738,43.805750414524454,-32.329997484965844,-35.72902079872582,73.12382287560287,-34.17173455522601
-79.06759307025318,117.50925349705642,23.346408357729953,133.55603747255537,28.472780496975037,106.35523431573795,88.96400355165187,-2.8461897007464305,-99.1412537199331,-162.02982528544527,33.246649470420806,-43.81489037908652,-76.14422620936229,-13.696062996744974,42.28506465990159,-5.849296800059673,-23.392857615447816,43.872254796890246,84.39435087015522,-58.825779935139245,-32.08017825750398,-200.51524303044934,-88.98230496576785,60.666343679974624,31.282492305760996,12.379251096695075,21.22422959208739,5.934080306847556,-30.38451949522426,87.02846088531527,-116.74340163984974,31.681101772250003,-18.536285075663162,-5.789359243992238,-62.391410012918726,-93.2407441036966,73.13429786150614,46.87940766163678,22.98642367638883,72.34022736898775,-56.010618249932726,-60.45129311135595,124.2155676223932,-58.94861896706395
-22.073111814480548,32.64140910637834,6.687512204211253,37.42515227321519,7.789073037825626,29.747723371068073,24.922473240231152,-0.7461530453385518,-27.64709915144982,-45.06532452961922,9.237275997402836,-12.280683699562402,-21.3047465400531,-3.7105173959969258,11.81798654691422,-1.837768440272337,-6.510212533780699,12.289749135746169,23.44750134143829,-16.48288426760132,-8.841657123340925,-55.9083001648148,-24.802943593130276,16.977943576222067,8.776993823557122,3.6613389071439233,5.934080306847556,1.8213407488387308,-8.30774311368715,24.310805610353718,-32.80617081692104,9.057244430228328,-4.974471103035347,-1.5747874613174118,-17.58418493145659,-25.871792328204393,20.50608861453361,13.349718869814499,6.483795438517585,20.261731779062853,-15.417960493624015,-16.852048218539746,34.644794813307975,-16.388837090325225
114.1559109103327,-168.91202917085857,-33.72364447532275,-192.82953762741528,-40.800717804545876,-152.7961246379197,-128.26340351723738,4.578878988602398,142.8268453307256,233.15507450670842,-47.48911524386165,63.8562940034254,109.9594027934586,19.64391446111401,-60.33065143599027,8.487230271475362,33.18654061817624,-63.32380077346198,-121.3332610917264,84.2980457036779,47.0348434116229,288.10238362312407,128.11794613099397,-87.15232325763192,-44.40613062849818,-18.2364470260028,-30.38451949522426,-8.30774311368715,44.46896365267861,-124.69611830423563,168.29322257498347,-44.72839104974001,27.964684762402772,9.230950501582353,88.61045119150405,134.66689627923617,-105.71481692589869,-67.18562389994645,-33.150377225793484,-105.10533408608232,80.4235201538174,87.13834977247099,-178.71098171161884,84.40061886072161
-324.2620924744853,481.87703163580073,95.84402967494155,547.8348017537575,116.74560055521818,436.12686751710834,364.86907198494555,-11.718879909661043,-406.57633093473896,-664.5600168864752,136.40027354388255,-179.8204527754761,-312.4820513087626,-56.06282444436571,173.40667735860754,-23.92958051422064,-95.8520681575866,180.00262443489223,346.11822952895113,-241.1618590923924,-131.65157050581203,-822.2489274331781,-364.90281910716516,248.84482303488235,128.27727754378137,50.80956959077366,87.02846088531527,24.310805610353718,-124.69611830423563,356.93932302164814,-478.81635273889464,129.81447495867116,-76.14143459049774,-23.796078334096745,-255.65958652533453,-382.3834570186194,300.0223743585767,192.20281968350756,94.16573275779629,296.7278531068754,-229.5560976146765,-247.89688735736203,509.25712479455717,-241.61848454192614
436.55946638130666,-646.9438263423975,-129.42215410643948,-737.8184412770529,-156.15342185781782,-586.0343215895394,-491.11862329924304,16.40859358638126,546.721590318466,892.6613540908121,-182.4814813075008,243.13400904014796,420.56914092241914,75.05945257454016,-232.1998767647036,33.02418463525834,128.04656743658197,-242.31423672900945,-464.6755497642249,323.85697647258047,178.0663580243856,1104.3899579398224,490.54575231364834,-334.27780555120046,-171.48426925776107,-69.63545985390876,-116.74340163984974,-32.80617081692104,168.29322257498347,-478.81635273889464,644.7682977315882,-173.7607457010542,103.88965014956679,33.40206413505284,342.36555791796604,514.4251262738379,-404.2813445760968,-258.74617499479035,-127.07817808144371,-400.82200714832857,307.8048666643881,333.45813512746855,-684.6313939303069,324.0089510285457
-117.52049296733738,174.93005186460437,34.7566865224393,198.54946753775897,42.37783040729269,158.49896817703407,132.3592561449856,-3.954676117545558,-147.4890805963352,-241.0802527597772,49.616223362563815,-64.8162216522909,-113.1171887410805,-20.390244598308428,63.20893641298707,-8.82354384581795,-35.07432572201799,65.2135145785319,125.6109471007682,-87.81346096973952,-47.23147094179783,-298.7012193516478,-132.41169144343257,90.38822055533063,46.89893934062123,18.333494982610237,31.681101772250003,9.057244430228328,-44.72839104974001,129.81447495867116,-173.7607457010542,47.75231194087508,-26.797969229877722,-8.132846715771645,-93.62778425890846,-138.4696305008421,108.66109715385561,70.10010470943323,34.26234102084157,107.22125763051201,-83.38659545505723,-89.91287696457825,184.9709479158804,-87.96995906995343
70.5762008991039,-103.60906937153466,-20.915661626712073,-119.25258259404066,-24.839457747932464,-93.75937692309715,-79.15046774971938,3.2553892867565635,87.97380685461819,143.2568401115131,-28.806961873015656,40.0558263588332,67.96065692319556,11.992720682933218,-36.591720178474446,5.420769312613605,19.951635043646288,-39.126716675259694,-74.43532515968278,51.55192731028966,29.703976552705633,176.72587028771378,78.84370160735516,-53.45027476904509,-26.729871980393654,-11.72985525645164,-18.536285075663162,-4.974471103035347,27.964684762402772,-76.14143459049774,103.88965014956679,-26.797969229877722,18.336236930063336,6.529202868905108,53.48193070349834,83.22697947136656,-65.49635744663303,-41.196807196518144,-20.529853478217728,-65.6585006019624,49.21608361927224,53.73169118087355,-109.90184559605298,51.48764256851144
22.7000558535858,-32.65552654406032,-6.856039304755978,-38.439885297097256,-7.632160148200083,-29.676683361949745,-25.40448846938029,1.322821278454505,28.053793227382265,45.327303624816246,-8.828681830200274,13.296458888029578,21.816219909944316,3.709069309084557,-11.261968482716066,1.98989994358898,6.011371477339763,-12.570870976142377,-23.462305855889436,16.214726996378626,9.92738037145367,55.79072438162802,25.07702314138905,-16.891539156701697,-8.089193587619308,-4.20838175335496,-5.789359243992238,-1.5747874613174118,9.230950501582353,-23.796078334096745,33.40206413505284,-8.132846715771645,6.529202868905108,2.678209534857384,16.391384477022182,26.654713748500622,-21.19579023379737,-13.160306336395116,-6.687593475734915,-21.631443668881865,15.377584539296967,17.161518317580303,-34.93756896760946,16.046590485659774
231.82463299852168,-345.00659722374496,-68.27888363954064,-391.4051556975688,-83.68571257661297,-312.32926266804986,-260.89900229957294,8.007129914594326,290.85957838074813,475.4114935256943,-97.68453931060809,127.93136330406816,222.92638671005543,40.39385704897776,-124.3927173791293,17.222304060887968,69.05105322661112,-128.5199275435476,-247.7072760172985,172.9718850563415,93.52444393849727,588.8311163753857,261.1218462048325,-178.03882401293384,-92.17652890605865,-36.02355723315511,-62.391410012918726,-17.58418493145659,88.61045119150405,-255.65958652533453,342.36555791796604,-93.62778425890846,53.48193070349834,16.391384477022182,184.07984820174704,273.3675385329512,-214.21466188913192,-137.80704104914813,-67.57167982866521,-211.64329116280993,164.70251191819636,177.35642151819928,-364.8002406021582,173.44485398236498
348.66338395926743,-517.1223294470685,-102.84417901439984,-588.8078115749793,-125.106601136907,-468.00525717600794,-392.00609882392746,13.13593519434645,436.72004090747765,713.2680135168653,-145.79501161987812,193.89816522039254,335.54396750336025,60.33574666372958,-185.45389158069693,25.989745114467244,102.44011648755883,-193.3381565824007,-371.3689968685515,258.65464600891374,142.34409483932055,882.366988616621,391.9025268915305,-266.8329247931755,-136.91778538911953,-55.0825179833854,-93.2407441036966,-25.871792328204393,134.66689627923617,-382.3834570186194,514.4251262738379,-138.4696305008421,83.22697947136656,26.654713748500622,273.3675385329512,411.2249680579763,-322.56478540513683,-206.13470728230755,-101.46417303650693,-319.8823530770543,246.52306872843067,266.41496702233917,-547.0836461854575,259.12081290044296
-273.7471444917056,405.4536894787365,81.234224829893,462.73093020450926,97.81614898900325,367.2648771797339,307.9397976298864,-10.429084107619373,-342.7460004507955,-559.5755556456623,114.32446662003979,-152.68148592160617,-263.840816328797,-46.96608696854416,145.41965222149784,-20.701795886539422,-80.09694537250208,151.98614164678426,291.24887530699885,-202.8721086365713,-111.87412650613294,-692.1062005987201,-307.4971033365333,209.5332249185162,107.33222142604737,43.79806328216766,73.13429786150614,20.50608861453361,-105.71481692589869,300.0223743585767,-404.2813445760968,108.66109715385561,-65.49635744663303,-21.19579023379737,-214.21466188913192,-322.56478540513683,253.59741635653236,162.1203427152013,79.62565884915502,251.53693529314967,-192.80040074806845,-209.04471284469966,429.0530874975966,-202.91402189828185
-175.051241668353,259.46081673970696,51.99829052392898,295.92492744368866,62.564524390228605,235.20893502154178,197.03597202324283,-6.424388123718328,-219.27721200755175,-357.95482672519654,73.22983498957565,-97.3523653329477,-168.59546179185418,-30.073043602558016,93.27562954057964,-13.414963883692218,-51.484624911043994,97.17058138713526,186.3456666710163,-130.0721655441784,-71.12373138908696,-443.10371871425065,-196.7510398524908,134.14996460682872,68.96221848674496,27.993247548275825,46.87940766163678,13.349718869814499,-67.18562389994645,192.20281968350756,-258.74617499479035,70.10010470943323,-41.196807196518144,-13.160306336395116,-137.80704104914813,-206.13470728230755,162.1203427152013,104.08995597093235,51.05247996909249,160.6079956648794,-123.39915120729626,-133.72219514329674,274.68825016970175,-130.06662450353193
-86.10808127399756,127.451995447749,25.37951205528911,145.35660906027766,30.731200405555082,115.49939749452689,96.79314874089026,-3.257791106674873,-107.76116138902773,-175.738710166727,35.76675964291369,-47.885579506857226,-82.61151340251881,-14.937893946428245,45.63903351098404,-6.670316936338892,-25.25914232592154,47.6599811720068,91.48187919743823,-63.89428804484727,-35.12528181827534,-217.63605329295714,-96.69779091922811,65.74769700521082,33.681020298428066,13.786167645644738,22.98642367638883,6.483795438517585,-33.150377225793484,94.16573275779629,-127.07817808144371,34.26234102084157,-20.529853478217728,-6.687593475734915,-67.57167982866521,-101.46417303650693,79.62565884915502,51.05247996909249,25.24701939772391,79.13832393413388,-60.823840705628655,-65.77407131137015,135.16230301798316,-63.96144508536762
-271.5030935107461,401.445613025365,80.52025657143457,458.8506501784356,96.68402997501009,363.7263695259502,305.2658422740966,-10.634853602004053,-339.65247141329917,-554.1270228873808,112.84550307582913,-151.7713405302657,-261.4216130904651,-46.56273866171934,143.63996968058126,-20.79079467532132,-79.06298031430755,150.63279287092837,288.3324042673773,-200.8551957284021,-111.36170349633916,-685.3595374699898,-304.68585089810244,207.39591943027884,105.87380311705152,43.805750414524454,72.34022736898775,20.261731779062853,-105.10533408608232,296.7278531068754,-400.82200714832857,107.22125763051201,-65.6585006019624,-21.631443668881865,-211.64329116280993,-319.8823530770543,251.53693529314967,160.6079956648794,79.13832393413388,249.996316907991,-190.93592828559284,-207.2399432032855,425.23399056371716,-200.8201472685057
208.80488373213944,-310.5151946767506,-61.13303821779681,-352.20687998907135,-75.43209381736266,-280.7416486246138,-234.69377788471328,7.571718380027205,261.80410182823846,427.8669475423828,-87.64575791904691,115.45092099829971,200.5433814329542,36.572564218814634,-111.52098602443672,15.274941770896042,61.89741691076757,-115.60454742098044,-222.91289827679313,155.34486411694823,84.84465782786644,529.5883720599272,235.02479056445608,-159.9375035361472,-82.44452170356476,-32.329997484965844,-56.010618249932726,-15.417960493624015,80.4235201538174,-229.5560976146765,307.8048666643881,-83.38659545505723,49.21608361927224,15.377584539296967,164.70251191819636,246.52306872843067,-192.80040074806845,-123.39915120729626,-60.823840705628655,-190.93592828559284,148.52748858886966,159.71282827017066,-328.3414442908891,155.96441227824818
225.9355728790315,-335.11719318393864,-66.70376607847086,-381.6026614774414,-81.044188273845,-303.37224024836075,-254.07073066041804,8.444620575885416,283.0172004341524,462.2264203092251,-94.51693594771254,125.604561235167,217.45645256685114,39.06806742366997,-120.25809936423754,16.909315754757678,66.43590834243201,-125.30414557071181,-240.66365043741644,167.6988203156682,92.12333461108867,571.9060112287535,253.9790459960989,-172.97283153919005,-88.8227756224263,-35.72902079872582,-60.45129311135595,-16.852048218539746,87.13834977247099,-247.89688735736203,333.45813512746855,-89.91287696457825,53.73169118087355,17.161518317580303,177.35642151819928,266.41496702233917,-209.04471284469966,-133.72219514329674,-65.77407131137015,-207.2399432032855,159.71282827017066,172.64604672363683,-354.5651958170228,167.9604828860099
-463.91873649247424,688.4439762522234,136.7809349487583,783.3676106822405,166.59588300528324,623.175068587541,521.6928716481191,-17.16350004375223,-581.2500488347384,-949.3305015074623,194.18358357275875,-257.5471385417173,-446.22867835880226,-80.43032089510416,247.14705732672695,-34.69620120980115,-136.70035643245754,257.18089440523653,494.34862804860774,-344.60615713742004,-188.8836302375674,-1174.8394293693314,-521.6446609266744,355.2262803642842,182.60585970657675,73.12382287560287,124.2155676223932,34.644794813307975,-178.71098171161884,509.25712479455717,-684.6313939303069,184.9709479158804,-109.90184559605298,-34.93756896760946,-364.8002406021582,-547.0836461854575,429.0530874975966,274.68825016970175,135.16230301798316,425.23399056371716,-328.3414442908891,-354.5651958170228,728.4287230863221,-345.2768961336708
219.6115524010769,-326.5218114841024,-64.53295700727352,-370.65289790760454,-79.21924875132382,-295.4045468173398,-246.96932186927253,7.883425077647804,275.37071485668963,450.022417500486,-92.26032603268965,121.47872316403715,211.1202758182111,38.2984921056261,-117.41084493426818,16.201513824342253,65.1060411250327,-121.69069022429392,-234.43556206447357,163.4685906783978,89.08509521174805,557.0789402804515,247.1926056341958,-168.35999291613726,-86.8541022856347,-34.17173455522601,-58.94861896706395,-16.388837090325225,84.40061886072161,-241.61848454192614,324.0089510285457,-87.96995906995343,51.48764256851144,16.046590485659774,173.44485398236498,259.12081290044296,-202.91402189828185,-130.06662450353193,-63.96144508536762,-200.8201472685057,155.96441227824818,167.9604828860099,-345.2768961336708,163.9772946781589
