V1,V2,V3,V4,V5,V6,V7,V8,V9,V10,V11,V12,V13,V14,V15,V16,V17,V18,V19,V20,V21,V22,V23,V24,V25,V26,V27,V28,V29,V30,V31,V32,V33,V34,V35,V36,V37,V38,V39,V40,V41,V42,V43
13069.743185595466,5755.008712340977,-8780.12383688979,-12980.307488178894,626.3078401478741,18.33519054738033,-8304.004835364161,2615.754844360656,-3515.891950984486,2379.4121443143963,-3626.7062877456974,-1310.020085116522,-2939.96001873505,16028.713047635114,2519.139262314195,2313.0015536541573,2084.2868082367927,-18073.522191839456,-21674.307891281624,-9515.346871305333,-5075.651659651436,5991.939775289904,22857.407869450784,-21998.70010814927,1670.2747955933507,-2574.1600862737146,15886.499442920871,5768.783599432433,-6575.7344790460165,-14403.084323579465,2531.3004266382563,-7024.920236160699,19655.64923306387,4115.2265361344635,-2821.978882736927,-2703.314552212489,10282.695142034388,-9681.248749742148,-9459.572019289655,13391.47255836288,-2107.4188878845366,4123.167665790313,7913.575257900464
5755.008712340977,2536.3321962588393,-3866.6732041975024,-5719.030031826145,276.96762620403507,7.18277290991052,-3658.1249889803616,1153.0563622164757,-1545.8791870110513,1047.4691441228492,-1595.7978761173952,-577.5874526997942,-1295.2074547916343,7059.0239332415285,1109.736933094744,1017.8307454820971,917.9993748454635,-7960.251409666872,-9546.84999146135,-4190.721428392188,-2235.8471028865642,2638.680654162844,10066.916814395192,-9688.495008294214,735.3257561829479,-1134.1258652946844,6996.478978269607,2540.5656736120845,-2895.910363873357,-6344.0512269527235,1115.0285459802944,-3094.0460392560653,8657.842874369091,1811.45934702762,-1242.4205273858618,-1190.3651714502305,4528.285957645695,-4263.817206792248,-4165.683087645201,5898.285409730506,-928.4446847423317,1817.2815948784378,3486.3720485574822
-8780.12383688979,-3866.6732041975024,5898.5368989174485,8720.842498886735,-421.0277020304103,-12.098186663759298,5578.929200514669,-1757.5378567009022,2361.4125758283885,-1598.4087404486477,2436.1103721240756,880.2316902584907,1975.1918758733204,-10768.179021286152,-1692.4428281862197,-1553.696956066709,-1400.2575014890933,12142.064735503323,14561.282706022457,6392.5106756648165,3409.9779208041555,-4025.379386339919,-15355.88014166225,14778.93304186398,-1122.039396773752,1729.440895770438,-10672.666653883018,-3875.4960646470304,4417.610938541914,9676.304816351127,-1700.6244574771158,4719.452882924313,-13205.132900576524,-2764.4239969427877,1895.7315948578218,1816.0661392048671,-6907.934368705834,6503.980396069599,6354.934398455384,-8996.648851373482,1415.8610907145128,-2770.2880954423026,-5316.690922508116
-12980.307488178894,-5719.030031826145,8720.842498886735,12896.893655540667,-623.346402048574,-16.829573673646017,8249.516379715118,-2599.671952187746,3488.4172050055754,-2362.8030620977934,3600.1057488469824,1302.0171910805684,2920.952048191647,-15921.192795152736,-2502.1524041516186,-2296.1051662144228,-2070.235063398814,17953.18381046613,21530.665267767974,9451.540166160328,5042.631706148157,-5951.602393769377,-22704.734030148316,21851.03022294375,-1658.418239685003,2557.592015162227,-15780.092742552642,-5730.286306828649,6531.3812046730145,14307.78536955201,-2514.3904221433104,6978.079905279728,-19525.83549195936,-4086.695492152123,2802.29760388415,2685.197039490339,-10213.326481599936,9616.500567600986,9395.565298486483,-13302.268282127645,2093.6888606698694,-4097.911218457819,-7861.973440633773
626.3078401478741,276.96762620403507,-421.0277020304103,-623.346402048574,31.892794428585745,0.42510056070034574,-399.16058562458966,126.31182980561502,-167.10840043080333,113.73292788631032,-173.2304326300164,-63.62186764654978,-140.96359114407034,767.4267497167721,122.20796561407602,110.65742903735136,100.33546557181924,-866.1409165177663,-1039.9966517358341,-456.3124510619126,-242.78784226185977,286.52656545177143,1095.159718735079,-1054.861832444257,80.47379546447851,-123.53329197879577,760.6232311378811,275.68772736849115,-315.3154279747958,-690.4855580918236,122.16019769921718,-336.8916115479085,942.6362607024128,195.4861793316343,-135.3574313183233,-128.64077104492065,492.4453164295871,-463.9693078795388,-453.00905219245794,642.6971461429783,-101.38936398853282,197.67299061030982,380.6709304603543
18.33519054738033,7.18277290991052,-12.098186663759298,-16.829573673646017,0.42510056070034574,0.3975145472798586,-11.009041777221313,3.1603951144782476,-5.835880398111243,3.4398008160189906,-5.56153632367335,-1.542866856662211,-3.8538981759217976,22.03321985787532,3.3736732326355017,3.5158622956951,2.841030680846693,-24.565855941988378,-29.208604549182322,-13.011776795250974,-6.7551569830484075,8.293023752736199,31.187087352401257,-30.135447313508163,2.4088362447366003,-3.359731009105355,21.794362863068827,7.925688444357583,-9.06905792078855,-19.412286415115034,3.3796295242727306,-9.551707635647865,26.42107617921758,5.995307995951621,-4.039705730579842,-3.75915508464508,14.211563537421073,-13.214188853658007,-13.116861015238984,18.132688803348568,-2.75882251618745,5.099376805889488,10.389664238994014
-8304.004835364161,-3658.1249889803616,5578.929200514669,8249.516379715118,-399.16058562458966,-11.009041777221313,5277.329939965083,-1662.9481321287847,2232.155010898415,-1511.5591930158726,2303.449005432386,833.0043232594738,1868.3335087626533,-10184.447548068261,-1601.2793332239166,-1469.1659641726847,-1324.537189282335,11484.331682362259,13773.12121296697,6046.247507353232,3225.2524521885775,-3807.003390807214,-14523.85610972207,13978.345140532805,-1061.2669766037034,1635.945041591265,-10094.140058302259,-3665.266259976191,4178.271127966515,9152.34843457595,-1608.7892723299992,4463.877867933566,-12490.284972586005,-2613.811391747216,1792.9077084448222,1717.3189365107055,-6533.422603069173,6151.594407705679,6010.354707206684,-8509.629744794096,1339.3667928808422,-2620.716535231106,-5029.429852757036
2615.754844360656,1153.0563622164757,-1757.5378567009022,-2599.671952187746,126.31182980561502,3.1603951144782476,-1662.9481321287847,524.3018529995551,-702.3441026057732,476.02852220860547,-725.1950066000878,-262.71617837916375,-588.7077427467858,3208.275329543449,504.7290898994347,462.5836080074642,417.34936155103435,-3618.0615703007716,-4339.489210162772,-1904.8304202148774,-1016.1134025306399,1199.183252421792,4575.53550227549,-4403.730397515989,334.32609450411195,-515.5052333731622,3179.856802321336,1154.5447273655393,-1316.275792251624,-2883.5304344160177,507.0026230068781,-1406.3459400049314,3935.272957796868,822.9402945927884,-564.7330893394995,-540.8404699017118,2058.1094229357454,-1937.986760964304,-1893.3083938503887,2681.08901382857,-422.0876894893633,825.970340067592,1584.9386293813357
-3515.891950984486,-1545.8791870110513,2361.4125758283885,3488.4172050055754,-167.10840043080333,-5.835880398111243,2232.155010898415,-702.3441026057732,948.1674667374216,-640.3703941781725,976.790896389678,351.5920694179502,790.2473266762818,-4310.928409637373,-677.0156403491414,-622.8646009654839,-560.4195083141641,4860.110577836023,5827.57812282618,2558.9028448621307,1364.6115985295664,-1611.739613732123,-6146.896362072763,5916.072011625321,-449.41302587947905,691.8286198127853,-4272.605211753772,-1551.5769309594832,1768.5085743932073,3872.6978723611446,-680.4298656872191,1889.0140717208699,-5284.741675978199,-1107.8267674315152,759.2999864769482,727.3298537851075,-2765.7063635756226,2603.5231258758085,2544.4331651161283,-3600.777724069541,566.406796750284,-1107.5102435735776,-2126.9436651123597
2379.4121443143963,1047.4691441228492,-1598.4087404486477,-2362.8030620977934,113.73292788631032,3.4398008160189906,-1511.5591930158726,476.02852220860547,-640.3703941781725,433.244497899388,-660.3966356027028,-238.34910252043892,-535.1951826724417,2918.1420100107957,458.41999440083083,421.15059370571146,379.38786330064926,-3290.2798464554935,-3945.612727487661,-1732.2397157891182,-924.0655706590749,1090.9233109494783,4161.229641407134,-4004.8122887054037,304.0370181634568,-468.5854310736286,2892.2559059896844,1050.3105176384474,-1197.111336111521,-2622.0316275603473,460.7157391371584,-1278.8674799200849,3578.1853001313834,749.4418989894722,-513.7504956151835,-492.25832325787866,1872.0297921169927,-1762.4697376574993,-1722.187445036028,2437.790727414904,-383.5965811343793,750.5556368654169,1440.4546820651838
-3626.7062877456974,-1595.7978761173952,2436.1103721240756,3600.1057488469824,-173.2304326300164,-5.56153632367335,2303.449005432386,-725.1950066000878,976.790896389678,-660.3966356027028,1006.9850295009654,363.1415457065592,815.4561256463321,-4447.179119713288,-698.8474572270657,-642.1820519210492,-578.2652778621695,5014.164542096479,6012.830935712697,2639.973211724734,1407.9500052077217,-1662.5371869027404,-6341.524633180728,6103.456012826079,-463.5821858560846,713.9665224260424,-4407.677628743994,-1600.532895188828,1824.491975729342,3995.6648901091153,-702.2073085119457,1948.9487213604766,-5452.718363200115,-1142.1883668609037,783.175800130077,750.0822636078143,-2853.045384339909,2685.9609149708817,2624.7253108615564,-3715.1475815624663,584.5369210279775,-1143.2292126635684,-2195.030356395313
-1310.020085116522,-577.5874526997942,880.2316902584907,1302.0171910805684,-63.62186764654978,-1.542866856662211,833.0043232594738,-262.71617837916375,351.5920694179502,-238.34910252043892,363.1415457065592,131.72371350730043,294.8027538024772,-1606.5146645003,-253.09757766960078,-231.67663031570657,-209.10808360557897,1811.8523848215152,2173.388247695494,953.9900353225072,508.70912713588444,-600.4085820229268,-2291.306087121422,2205.490460727814,-167.55362636178137,258.1664047006223,-1592.2750182516054,-578.0050616197666,659.2258521445441,1444.0413131542618,-254.08461858238172,704.3202456276678,-1970.8100445784034,-411.77334288309567,282.87415402815463,270.64671838694613,-1030.62574800792,970.5210530427552,948.1029309049552,-1342.8456567224289,211.4484554493935,-413.5459234785931,-793.9713475147549
-2939.96001873505,-1295.2074547916343,1975.1918758733204,2920.952048191647,-140.96359114407034,-3.8538981759217976,1868.3335087626533,-588.7077427467858,790.2473266762818,-535.1951826724417,815.4561256463321,294.8027538024772,661.5786107515606,-3606.154204574511,-566.5397524953138,-520.0663792682201,-468.8411043480036,4066.3090130846076,4876.437618487724,2140.688127519748,1142.194187236365,-1348.0824619028022,-5142.539905239394,4949.0674672899495,-375.5656102736158,579.263993680548,-3574.19881729848,-1297.974760112242,1479.298050682221,3240.6209161045886,-569.3943473746892,1580.4729581983172,-4422.432125150855,-925.8195056823914,634.6842545738575,608.2965348553744,-2313.302196962891,2178.08791322768,2128.082972803578,-3012.7852044039246,474.16567392158584,-928.1642326959451,-1780.535084451918
16028.713047635114,7059.0239332415285,-10768.179021286152,-15921.192795152736,767.4267497167721,22.03321985787532,-10184.447548068261,3208.275329543449,-4310.928409637373,2918.1420100107957,-4447.179119713288,-1606.5146645003,-3606.154204574511,19659.39787618944,3088.468800876265,2836.1772689659006,2555.9377341360046,-22167.276054528673,-26583.05302827063,-11670.115536194222,-6226.129210904668,7349.3694636214095,28034.628763776178,-26980.34353905448,2047.8294835705726,-3157.4338704126476,19485.056290135486,7075.998678221607,-8064.703750534488,-17665.62431432201,3103.9529548433475,-8615.887226877401,24107.86888207948,5048.02705248541,-3460.5551180014845,-3316.258428985691,12611.506950614685,-11873.91495202249,-11601.85972189276,16423.960136382204,-2584.6297073785868,5058.340202212187,9705.578355855496
2519.139262314195,1109.736933094744,-1692.4428281862197,-2502.1524041516186,122.20796561407602,3.3736732326355017,-1601.2793332239166,504.7290898994347,-677.0156403491414,458.41999440083083,-698.8474572270657,-253.09757766960078,-566.5397524953138,3088.468800876265,486.8954719830662,445.84817652591846,402.1233714992903,-3483.0508617058545,-4178.055851714176,-1834.1181731019726,-977.6104711805885,1154.242471199978,4404.829329084535,-4240.269782177489,322.415145642142,-496.14495911585925,3061.040534197187,1111.042137307118,-1267.5343132092419,-2775.814047373971,488.609688396103,-1354.0472939030954,3788.3880175726913,791.6885118053666,-544.110712082395,-520.137481011812,1981.4851615083123,-1865.7840738148402,-1822.8891325464947,2581.6041481059083,-406.4329845039057,794.3011018585454,1526.1871601844566
2313.0015536541573,1017.8307454820971,-1553.696956066709,-2296.1051662144228,110.65742903735136,3.5158622956951,-1469.1659641726847,462.5836080074642,-622.8646009654839,421.15059370571146,-642.1820519210492,-231.67663031570657,-520.0663792682201,2836.1772689659006,445.84817652591846,409.558551695977,368.8434339390885,-3197.8449166325026,-3834.8759676161158,-1683.7071486368848,-897.8801033685927,1060.2436748608204,4044.366638832869,-3892.628455045163,295.7029629287558,-455.35289680877014,2810.978897676354,1020.6840500374578,-1163.6154136378573,-2548.298435597694,447.9317425869219,-1242.9868132660738,3477.591692368004,728.2820790898077,-499.5008903036436,-478.28548495866545,1819.5445319604362,-1713.0110985007168,-1673.928270524456,2369.47860870143,-372.8323268600958,729.0838047988774,1400.0362953160172
2084.2868082367927,917.9993748454635,-1400.2575014890933,-2070.235063398814,100.33546557181924,2.841030680846693,-1324.537189282335,417.34936155103435,-560.4195083141641,379.38786330064926,-578.2652778621695,-209.10808360557897,-468.8411043480036,2555.9377341360046,402.1233714992903,368.8434339390885,332.50544130706686,-2882.1916431577215,-3456.7313573206934,-1517.5068093463499,-809.2806697150585,955.3847824630415,3645.024786687845,-3508.3293012192407,266.4893291555161,-410.53487710481534,2533.2560864035604,919.7503929937769,-1048.7008351574207,-2296.9127129596995,403.89242317434224,-1120.3299447120771,3134.643580204824,655.8369977338053,-450.074997875299,-430.8599565433717,1639.720183849313,-1543.883808751933,-1508.462442278667,2135.786369790426,-336.1629374428868,657.4922109593491,1262.3244185877018
-18073.522191839456,-7960.251409666872,12142.064735503323,17953.18381046613,-866.1409165177663,-24.565855941988378,11484.331682362259,-3618.0615703007716,4860.110577836023,-3290.2798464554935,5014.164542096479,1811.8523848215152,4066.3090130846076,-22167.276054528673,-3483.0508617058545,-3197.8449166325026,-2882.1916431577215,24995.4533813987,29975.148517006775,13159.112701731097,7020.36251107446,-8286.755716778453,-31611.260988448685,30422.735694421164,-2309.207199081829,3560.374368675858,-21970.70974838207,-7978.476806530426,9093.653349774138,19919.602306129134,-3500.2953774086163,9715.215484206848,-27183.963533831105,-5691.33014515983,3902.0432882080722,3739.0067048009355,-14220.336239361422,13388.819026141939,13081.869838881803,-18519.74380526005,2914.56006647184,-5703.879472371365,-10944.474306546395
-21674.307891281624,-9546.84999146135,14561.282706022457,21530.665267767974,-1039.9966517358341,-29.208604549182322,13773.12121296697,-4339.489210162772,5827.57812282618,-3945.612727487661,6012.830935712697,2173.388247695494,4876.437618487724,-26583.05302827063,-4178.055851714176,-3834.8759676161158,-3456.7313573206934,29975.148517006775,35947.831601059515,15780.977786350839,8418.617374876827,-9937.247106290883,-37908.832943620844,36484.19020615235,-2769.6150316753974,4269.779989266703,-26347.329561503982,-9567.423094844526,10905.4969561987,23888.21381976943,-4198.254525861881,11650.89839339858,-32600.100740554837,-6823.983674780592,4679.56233338232,4483.245207711462,-17053.170219506304,16056.215904138358,15687.913647305024,-22210.00055586077,3495.4797128966943,-6840.177551556993,-13125.858217782268
-9515.346871305333,-4190.721428392188,6392.5106756648165,9451.540166160328,-456.3124510619126,-13.011776795250974,6046.247507353232,-1904.8304202148774,2558.9028448621307,-1732.2397157891182,2639.973211724734,953.9900353225072,2140.688127519748,-11670.115536194222,-1834.1181731019726,-1683.7071486368848,-1517.5068093463499,13159.112701731097,15780.977786350839,6927.912734442911,3695.70049266991,-4362.550447219339,-16642.09028031618,16016.711643579756,-1215.9428953938318,1874.3469601639301,-11566.619846576781,-4200.148148532031,4787.5762368957785,10486.86336513814,-1843.0042038443303,5114.7479193040645,-14311.300142508491,-2995.957856846077,2054.438509399274,1968.215701490291,-7486.484505758848,7048.734357947369,6887.157937753194,-9750.16971626696,1534.4641213216953,-3002.5523411473,-5762.057069393803
-5075.651659651436,-2235.8471028865642,3409.9779208041555,5042.631706148157,-242.78784226185977,-6.7551569830484075,3225.2524521885775,-1016.1134025306399,1364.6115985295664,-924.0655706590749,1407.9500052077217,508.70912713588444,1142.194187236365,-6226.129210904668,-977.6104711805885,-897.8801033685927,-809.2806697150585,7020.36251107446,8418.617374876827,3695.70049266991,1972.1608366170865,-2327.6119523395387,-8878.487370513618,8544.151221535973,-648.2164140679167,1000.061257052526,-6170.955147870512,-2241.179712363129,2553.887992643631,5594.773875945857,-982.7463905219979,2728.562336479853,-7635.020981962433,-1598.9415418280955,1095.6826660916006,1050.4975213468163,-3993.91894483354,3760.376276485365,3674.1278574581147,-5201.158593840852,818.5070507361157,-1602.5394062679652,-3073.604127487727
5991.939775289904,2638.680654162844,-4025.379386339919,-5951.602393769377,286.52656545177143,8.293023752736199,-3807.003390807214,1199.183252421792,-1611.739613732123,1090.9233109494783,-1662.5371869027404,-600.4085820229268,-1348.0824619028022,7349.3694636214095,1154.242471199978,1060.2436748608204,955.3847824630415,-8286.755716778453,-9937.247106290883,-4362.550447219339,-2327.6119523395387,2747.525641483836,10480.182114775338,-10085.862089997358,765.4350768684918,-1180.312279905403,7284.197775957127,2645.362650703189,-3014.7553029763985,-6603.8775274082545,1160.1656893590425,-3220.80699124461,9012.090204485181,1887.4222182096523,-1293.6078620846122,-1239.9017868322555,4714.585966141501,-4438.8014668029155,-4337.148479563469,6139.548241461899,-966.1338320689209,1890.981693207245,3627.9482656891723
22857.407869450784,10066.916814395192,-15355.88014166225,-22704.734030148316,1095.159718735079,31.187087352401257,-14523.85610972207,4575.53550227549,-6146.896362072763,4161.229641407134,-6341.524633180728,-2291.306087121422,-5142.539905239394,28034.628763776178,4404.829329084535,4044.366638832869,3645.024786687845,-31611.260988448685,-37908.832943620844,-16642.09028031618,-8878.487370513618,10480.182114775338,39978.21935751616,-38475.08238781748,2920.4341967235914,-4502.667265075342,27786.03489068924,10090.283536314226,-11500.57490313833,-25191.879450716562,4426.699599948502,-12286.625197293775,34378.89434634136,7197.919557529674,-4934.8906704253,-4728.747422717192,17984.274126052074,-16932.608459858697,-16544.492044933213,23421.498942811984,-3685.9459425239666,7213.398406216653,13841.08083417609
-21998.70010814927,-9688.495008294214,14778.93304186398,21851.03022294375,-1054.861832444257,-30.135447313508163,13978.345140532805,-4403.730397515989,5916.072011625321,-4004.8122887054037,6103.456012826079,2205.490460727814,4949.0674672899495,-26980.34353905448,-4240.269782177489,-3892.628455045163,-3508.3293012192407,30422.735694421164,36484.19020615235,16016.711643579756,8544.151221535973,-10085.862089997358,-38475.08238781748,37029.247587718295,-2811.1312019118022,4333.3267960631065,-26741.05253554855,-9710.42729578416,11068.479383340433,24244.690542352993,-4260.837923004159,11824.852798993166,-33086.446333821084,-6926.493211423155,4749.692730770381,4550.375436862578,-17308.142017153077,16296.059097130861,15922.535475428282,-22541.514507989083,3547.5255562712455,-6941.607558040702,-13321.300203561079
1670.2747955933507,735.3257561829479,-1122.039396773752,-1658.418239685003,80.47379546447851,2.4088362447366003,-1061.2669766037034,334.32609450411195,-449.41302587947905,304.0370181634568,-463.5821858560846,-167.55362636178137,-375.5656102736158,2047.8294835705726,322.415145642142,295.7029629287558,266.4893291555161,-2309.207199081829,-2769.6150316753974,-1215.9428953938318,-648.2164140679167,765.4350768684918,2920.4341967235914,-2811.1312019118022,213.6869044384252,-328.8527575624636,2029.643879472951,736.8023906198154,-840.3186409083469,-1840.237939017117,323.72017828431547,-897.6483036936353,2511.413488194414,525.3740583909836,-360.7471956058165,-345.1007995016815,1313.8226628999278,-1237.0046068865859,-1208.6862188129346,1711.3253836496392,-269.3477575245158,526.4717009617982,1011.4165207416521
-2574.1600862737146,-1134.1258652946844,1729.440895770438,2557.592015162227,-123.53329197879577,-3.359731009105355,1635.945041591265,-515.5052333731622,691.8286198127853,-468.5854310736286,713.9665224260424,258.1664047006223,579.263993680548,-3157.4338704126476,-496.14495911585925,-455.35289680877014,-410.53487710481534,3560.374368675858,4269.779989266703,1874.3469601639301,1000.061257052526,-1180.312279905403,-4502.667265075342,4333.3267960631065,-328.8527575624636,507.214715175648,-3129.4419524185964,-1136.4434490201315,1295.2637728223337,2837.4235451745594,-498.5911391303333,1383.8434826724872,-3872.2311298436953,-810.5356165378641,555.7225676653586,532.5463170496824,-2025.4582374073427,1907.0780847442843,1863.27556574297,-2637.975869015051,415.1841046210702,-812.7046672020626,-1559.073200654085
15886.499442920871,6996.478978269607,-10672.666653883018,-15780.092742552642,760.6232311378811,21.794362863068827,-10094.140058302259,3179.856802321336,-4272.605211753772,2892.2559059896844,-4407.677628743994,-1592.2750182516054,-3574.19881729848,19485.056290135486,3061.040534197187,2810.978897676354,2533.2560864035604,-21970.70974838207,-26347.329561503982,-11566.619846576781,-6170.955147870512,7284.197775957127,27786.03489068924,-26741.05253554855,2029.643879472951,-3129.4419524185964,19312.28264531107,7013.2598581961565,-7993.16648524354,-17509.000701554283,3076.4171491108686,-8539.487560287755,23894.11449503616,5003.257693745988,-3429.8374941347033,-3286.8724215032,12499.650738834553,-11768.617219770445,-11498.961935818914,16278.308375743487,-2561.7204646841647,5013.550931557303,9619.5366567171
5768.783599432433,2540.5656736120845,-3875.4960646470304,-5730.286306828649,275.68772736849115,7.925688444357583,-3665.266259976191,1154.5447273655393,-1551.5769309594832,1050.3105176384474,-1600.532895188828,-578.0050616197666,-1297.974760112242,7075.998678221607,1111.042137307118,1020.6840500374578,919.7503929937769,-7978.476806530426,-9567.423094844526,-4200.148148532031,-2241.179712363129,2645.362650703189,10090.283536314226,-9710.42729578416,736.8023906198154,-1136.4434490201315,7013.2598581961565,2547.0787333126973,-2902.5229732554326,-6358.218410660184,1116.8592975364295,-3100.9492703532896,8676.827999307196,1817.377945210481,-1245.3719187954246,-1193.9054699836654,4539.1593337187005,-4273.627638434505,-4175.740074368594,5910.988674474491,-930.1588589627911,1820.8583600773532,3492.863147831576
-6575.7344790460165,-2895.910363873357,4417.610938541914,6531.3812046730145,-315.3154279747958,-9.06905792078855,4178.271127966515,-1316.275792251624,1768.5085743932073,-1197.111336111521,1824.491975729342,659.2258521445441,1479.298050682221,-8064.703750534488,-1267.5343132092419,-1163.6154136378573,-1048.7008351574207,9093.653349774138,10905.4969561987,4787.5762368957785,2553.887992643631,-3014.7553029763985,-11500.57490313833,11068.479383340433,-840.3186409083469,1295.2637728223337,-7993.16648524354,-2902.5229732554326,3308.529997435328,7246.948986192944,-1273.6409413350912,3534.5866936210577,-9889.837673183356,-2070.399448231645,1419.7767054178191,1360.107915976857,-5173.6020605309595,4871.055246332244,4759.433951318058,-6737.907514622444,1060.3826282689404,-2074.8323755425413,-3981.8679973791236
-14403.084323579465,-6344.0512269527235,9676.304816351127,14307.78536955201,-690.4855580918236,-19.412286415115034,9152.34843457595,-2883.5304344160177,3872.6978723611446,-2622.0316275603473,3995.6648901091153,1444.0413131542618,3240.6209161045886,-17665.62431432201,-2775.814047373971,-2548.298435597694,-2296.9127129596995,19919.602306129134,23888.21381976943,10486.86336513814,5594.773875945857,-6603.8775274082545,-25191.879450716562,24244.690542352993,-1840.237939017117,2837.4235451745594,-17509.000701554283,-6358.218410660184,7246.948986192944,15874.588579927567,-2789.536114231381,7742.34708032514,-21663.832539924442,-4535.366108333585,3109.5753296114704,2979.659965154264,-11332.4903399542,10669.915338240487,10425.209591289553,-14758.97941151542,2322.755432517459,-4545.795827739694,-8722.168338232656
2531.3004266382563,1115.0285459802944,-1700.6244574771158,-2514.3904221433104,122.16019769921718,3.3796295242727306,-1608.7892723299992,507.0026230068781,-680.4298656872191,460.7157391371584,-702.2073085119457,-254.08461858238172,-569.3943473746892,3103.9529548433475,488.609688396103,447.9317425869219,403.89242317434224,-3500.2953774086163,-4198.254525861881,-1843.0042038443303,-982.7463905219979,1160.1656893590425,4426.699599948502,-4260.837923004159,323.72017828431547,-498.5911391303333,3076.4171491108686,1116.8592975364295,-1273.6409413350912,-2789.536114231381,490.6842486556049,-1360.6379693665779,3806.97767693936,796.2015766982208,-546.6249138531721,-523.1134775831506,1991.3298211920528,-1874.9953504820242,-1831.9281357347754,2593.995315792904,-408.3266727931573,798.4536601987054,1533.281735163648
-7024.920236160699,-3094.0460392560653,4719.452882924313,6978.079905279728,-336.8916115479085,-9.551707635647865,4463.877867933566,-1406.3459400049314,1889.0140717208699,-1278.8674799200849,1948.9487213604766,704.3202456276678,1580.4729581983172,-8615.887226877401,-1354.0472939030954,-1242.9868132660738,-1120.3299447120771,9715.215484206848,11650.89839339858,5114.7479193040645,2728.562336479853,-3220.80699124461,-12286.625197293775,11824.852798993166,-897.6483036936353,1383.8434826724872,-8539.487560287755,-3100.9492703532896,3534.5866936210577,7742.34708032514,-1360.6379693665779,3776.158004266244,-10565.898850521218,-2211.884798274959,1516.7106048266894,1453.1259367430685,-5527.141092138398,5203.966871611958,5084.654208482887,-7198.394705573147,1132.8790954350973,-2216.8871382417415,-4254.076634647218
19655.64923306387,8657.842874369091,-13205.132900576524,-19525.83549195936,942.6362607024128,26.42107617921758,-12490.284972586005,3935.272957796868,-5284.741675978199,3578.1853001313834,-5452.718363200115,-1970.8100445784034,-4422.432125150855,24107.86888207948,3788.3880175726913,3477.591692368004,3134.643580204824,-27183.963533831105,-32600.100740554837,-14311.300142508491,-7635.020981962433,9012.090204485181,34378.89434634136,-33086.446333821084,2511.413488194414,-3872.2311298436953,23894.11449503616,8676.827999307196,-9889.837673183356,-21663.832539924442,3806.97767693936,-10565.898850521218,29564.4153197084,6189.033698303052,-4243.609783883381,-4066.116720748094,15465.205945779824,-14561.055230398984,-14227.047345926112,20141.50300859533,-3169.8903527490943,6203.6101235959095,11903.25257504856
4115.2265361344635,1811.45934702762,-2764.4239969427877,-4086.695492152123,195.4861793316343,5.995307995951621,-2613.811391747216,822.9402945927884,-1107.8267674315152,749.4418989894722,-1142.1883668609037,-411.77334288309567,-925.8195056823914,5048.02705248541,791.6885118053666,728.2820790898077,655.8369977338053,-5691.33014515983,-6823.983674780592,-2995.957856846077,-1598.9415418280955,1887.4222182096523,7197.919557529674,-6926.493211423155,525.3740583909836,-810.5356165378641,5003.257693745988,1817.377945210481,-2070.399448231645,-4535.366108333585,796.2015766982208,-2211.884798274959,6189.033698303052,1297.4814782804235,-888.3449397736833,-852.1923419028808,3238.1879068366898,-3048.538302249785,-2978.9494659293923,4215.968507860408,-663.2636473959475,1298.7223058486256,2490.685961866168
-2821.978882736927,-1242.4205273858618,1895.7315948578218,2802.29760388415,-135.3574313183233,-4.039705730579842,1792.9077084448222,-564.7330893394995,759.2999864769482,-513.7504956151835,783.175800130077,282.87415402815463,634.6842545738575,-3460.5551180014845,-544.110712082395,-499.5008903036436,-450.074997875299,3902.0432882080722,4679.56233338232,2054.438509399274,1095.6826660916006,-1293.6078620846122,-4934.8906704253,4749.692730770381,-360.7471956058165,555.7225676653586,-3429.8374941347033,-1245.3719187954246,1419.7767054178191,3109.5753296114704,-546.6249138531721,1516.7106048266894,-4243.609783883381,-888.3449397736833,609.370336697568,583.5232240843939,-2220.0607935241396,2090.194195992842,2042.3653377697099,-2891.3295819697923,455.01209909315327,-889.9757696147105,-1708.6168195424964
-2703.314552212489,-1190.3651714502305,1816.0661392048671,2685.197039490339,-128.64077104492065,-3.75915508464508,1717.3189365107055,-540.8404699017118,727.3298537851075,-492.25832325787866,750.0822636078143,270.64671838694613,608.2965348553744,-3316.258428985691,-520.137481011812,-478.28548495866545,-430.8599565433717,3739.0067048009355,4483.245207711462,1968.215701490291,1050.4975213468163,-1239.9017868322555,-4728.747422717192,4550.375436862578,-345.1007995016815,532.5463170496824,-3286.8724215032,-1193.9054699836654,1360.107915976857,2979.659965154264,-523.1134775831506,1453.1259367430685,-4066.116720748094,-852.1923419028808,583.5232240843939,559.8302581779087,-2127.272500986402,2002.7673532141596,1956.9531269428262,-2769.795301716979,435.80210915251075,-853.4187288254927,-1636.474521556343
10282.695142034388,4528.285957645695,-6907.934368705834,-10213.326481599936,492.4453164295871,14.211563537421073,-6533.422603069173,2058.1094229357454,-2765.7063635756226,1872.0297921169927,-2853.045384339909,-1030.62574800792,-2313.302196962891,12611.506950614685,1981.4851615083123,1819.5445319604362,1639.720183849313,-14220.336239361422,-17053.170219506304,-7486.484505758848,-3993.91894483354,4714.585966141501,17984.274126052074,-17308.142017153077,1313.8226628999278,-2025.4582374073427,12499.650738834553,4539.1593337187005,-5173.6020605309595,-11332.4903399542,1991.3298211920528,-5527.141092138398,15465.205945779824,3238.1879068366898,-2220.0607935241396,-2127.272500986402,8090.352182226959,-7617.171413842962,-7442.674039949132,10536.13741862225,-1658.0703350073754,3244.690865225637,6226.230030486044
-9681.248749742148,-4263.817206792248,6503.980396069599,9616.500567600986,-463.9693078795388,-13.214188853658007,6151.594407705679,-1937.986760964304,2603.5231258758085,-1762.4697376574993,2685.9609149708817,970.5210530427552,2178.08791322768,-11873.91495202249,-1865.7840738148402,-1713.0110985007168,-1543.883808751933,13388.819026141939,16056.215904138358,7048.734357947369,3760.376276485365,-4438.8014668029155,-16932.608459858697,16296.059097130861,-1237.0046068865859,1907.0780847442843,-11768.617219770445,-4273.627638434505,4871.055246332244,10669.915338240487,-1874.9953504820242,5203.966871611958,-14561.055230398984,-3048.538302249785,2090.194195992842,2002.7673532141596,-7617.171413842962,7171.758278129255,7007.363707630369,-9920.16632948214,1561.1877520301834,-3055.1207525966847,-5862.414620665792
-9459.572019289655,-4165.683087645201,6354.934398455384,9395.565298486483,-453.00905219245794,-13.116861015238984,6010.354707206684,-1893.3083938503887,2544.4331651161283,-1722.187445036028,2624.7253108615564,948.1029309049552,2128.082972803578,-11601.85972189276,-1822.8891325464947,-1673.928270524456,-1508.462442278667,13081.869838881803,15687.913647305024,6887.157937753194,3674.1278574581147,-4337.148479563469,-16544.492044933213,15922.535475428282,-1208.6862188129346,1863.27556574297,-11498.961935818914,-4175.740074368594,4759.433951318058,10425.209591289553,-1831.9281357347754,5084.654208482887,-14227.047345926112,-2978.9494659293923,2042.3653377697099,1956.9531269428262,-7442.674039949132,7007.363707630369,6846.8620190973215,-9692.647941459305,1525.3254186448473,-2984.8333335809575,-5727.75606488857
13391.47255836288,5898.285409730506,-8996.648851373482,-13302.268282127645,642.6971461429783,18.132688803348568,-8509.629744794096,2681.08901382857,-3600.777724069541,2437.790727414904,-3715.1475815624663,-1342.8456567224289,-3012.7852044039246,16423.960136382204,2581.6041481059083,2369.47860870143,2135.786369790426,-18519.74380526005,-22210.00055586077,-9750.16971626696,-5201.158593840852,6139.548241461899,23421.498942811984,-22541.514507989083,1711.3253836496392,-2637.975869015051,16278.308375743487,5910.988674474491,-6737.907514622444,-14758.97941151542,2593.995315792904,-7198.394705573147,20141.50300859533,4215.968507860408,-2891.3295819697923,-2769.795301716979,10536.13741862225,-9920.16632948214,-9692.647941459305,13722.316656720284,-2159.6674328933523,4225.829023606561,8109.73336688755
-2107.4188878845366,-928.4446847423317,1415.8610907145128,2093.6888606698694,-101.38936398853282,-2.75882251618745,1339.3667928808422,-422.0876894893633,566.406796750284,-383.5965811343793,584.5369210279775,211.4484554493935,474.16567392158584,-2584.6297073785868,-406.4329845039057,-372.8323268600958,-336.1629374428868,2914.56006647184,3495.4797128966943,1534.4641213216953,818.5070507361157,-966.1338320689209,-3685.9459425239666,3547.5255562712455,-269.3477575245158,415.1841046210702,-2561.7204646841647,-930.1588589627911,1060.3826282689404,2322.755432517459,-408.3266727931573,1132.8790954350973,-3169.8903527490943,-663.2636473959475,455.01209909315327,435.80210915251075,-1658.0703350073754,1561.1877520301834,1525.3254186448473,-2159.6674328933523,339.93873606716534,-665.1096769162796,-1276.4717549941809
4123.167665790313,1817.2815948784378,-2770.2880954423026,-4097.911218457819,197.67299061030982,5.099376805889488,-2620.716535231106,825.970340067592,-1107.5102435735776,750.5556368654169,-1143.2292126635684,-413.5459234785931,-928.1642326959451,5058.340202212187,794.3011018585454,729.0838047988774,657.4922109593491,-5703.879472371365,-6840.177551556993,-3002.5523411473,-1602.5394062679652,1890.981693207245,7213.398406216653,-6941.607558040702,526.4717009617982,-812.7046672020626,5013.550931557303,1820.8583600773532,-2074.8323755425413,-4545.795827739694,798.4536601987054,-2216.8871382417415,6203.6101235959095,1298.7223058486256,-889.9757696147105,-853.4187288254927,3244.690865225637,-3055.1207525966847,-2984.8333335809575,4225.829023606561,-665.1096769162796,1302.6776839538409,2497.585845564059
7913.575257900464,3486.3720485574822,-5316.690922508116,-7861.973440633773,380.6709304603543,10.389664238994014,-5029.429852757036,1584.9386293813357,-2126.9436651123597,1440.4546820651838,-2195.030356395313,-793.9713475147549,-1780.535084451918,9705.578355855496,1526.1871601844566,1400.0362953160172,1262.3244185877018,-10944.474306546395,-13125.858217782268,-5762.057069393803,-3073.604127487727,3627.9482656891723,13841.08083417609,-13321.300203561079,1011.4165207416521,-1559.073200654085,9619.5366567171,3492.863147831576,-3981.8679973791236,-8722.168338232656,1533.281735163648,-4254.076634647218,11903.25257504856,2490.685961866168,-1708.6168195424964,-1636.474521556343,6226.230030486044,-5862.414620665792,-5727.75606488857,8109.73336688755,-1276.4717549941809,2497.585845564059,4793.233456729097
