V1,V2,V3,V4,V5,V6,V7,V8,V9,V10,V11,V12,V13,V14,V15,V16,V17,V18,V19,V20,V21,V22,V23,V24,V25,V26,V27,V28,V29,V30,V31,V32,V33,V34,V35,V36,V37,V38,V39,V40,V41,V42,V43
10.44745989758447,14.377001499757329,2.5652106892818947,1.5706133397199977,-15.926765559399414,1.6967340554870385,-0.17408757961901158,-10.054146135874625,4.131713562860643,8.489671284630978,8.653526055034252,5.578924486650874,13.381509130572226,3.284844836394693,-1.6860522945843341,2.309537389977648,2.0632311519214586,-9.789333203328319,-14.235846893511987,7.372243177743064,4.997196982935938,-0.4863428066432802,-4.314583467917679,7.431226505416281,-1.8334083243835928,-2.328479774834283,-9.137044853183289,5.381319280359278,0.26353902428835096,-0.11168898678244703,8.698119820489781,4.758465119506981,-0.251052996122388,3.2392464980243845,2.6848435677516487,3.259238156097938,-11.139253757577482,6.194495489890287,-8.249189845256302,2.7377793191482738,-4.240526286155461,-4.12649626503252,3.3043777555615708
14.377001499757329,20.93190846563966,2.6739113502045653,1.1460341206882916,-21.86729545018237,3.889312663427304,-0.488290850805959,-14.647696614261854,6.654169669787333,12.614859243500007,12.495000833254771,9.186402698363628,20.074929006734948,4.726224414746379,-4.192342998178061,4.8633520149066545,2.545728555282736,-14.796419068855613,-21.884205012482738,10.21805008781324,7.141570464568057,-0.17837793890495893,-6.686781158916476,9.056076687589547,-3.066463057992913,-3.437915877805124,-14.19003580370209,8.203681358643653,0.9764390174243814,-1.22412116060922,14.522747511493616,7.078850362165268,0.29809690513555803,5.294005916000888,4.196389697044032,3.983982086006045,-15.49373241267623,9.305691337618297,-12.041364567452757,3.137677942273479,-5.718540013123085,-5.38560775821373,4.881424029364742
2.5652106892818947,2.6739113502045653,1.3004973581912989,1.170954694197133,-3.957192004472096,-0.7756385597675719,0.17089563373092365,-1.8511183563511142,0.2676502709501517,1.370684692806037,1.6609734153115951,0.23816044834102132,1.998365455355789,0.6319429720885322,1.0159347664156115,-0.6838691231359593,0.7490878262958438,-1.3696342854420633,-1.7591074778916136,1.7444444441971874,1.0154586044846268,-0.4978791147009284,-0.5088390661844602,2.747498874463487,-0.024980906116497146,-0.40063507854282454,-1.0071836921351258,0.6955948547609705,-0.3922544480062566,0.7853973032219917,0.162493734937323,0.7536988158944977,-0.5618403738807819,0.17691034632740082,0.28354496886723607,1.1821634815988922,-2.606691375582143,0.8975231197337258,-1.499912817851855,1.1737813546374873,-1.1505578558502518,-1.2111626617536928,0.56141822312615
1.5706133397199977,1.1460341206882916,1.170954694197133,1.1893443032356128,-2.4029762830104633,-1.0796731011321663,0.2963439584754696,-0.7668059069825398,-0.2826137795403165,0.4085747983441676,0.7654839652896875,-0.48872910279833554,0.6045400609283317,0.2977468446046086,1.4082748430195104,-1.064723354836785,0.5738110720900544,-0.33459610917936006,-0.19279538678615743,1.0731837795900137,0.5146629688506497,-0.5268511225413329,-0.036331517997568924,2.230069692461633,0.2513809033734269,-0.235128420089848,-4.3649929136275155e-4,0.09932890722178865,-0.5405364087284007,0.9482992253408856,-0.9217062190940866,0.21735925984016663,-0.5966720278233987,-0.19873086787276997,0.03384288145734351,0.9659589447656357,-1.4836548900637416,0.24134584957551614,-0.5515880942355584,1.0042900926162368,-0.7867328074751582,-0.8993004875017296,0.19616431685460362
-15.926765559399414,-21.86729545018237,-3.957192004472096,-2.4029762830104633,24.382422645961498,-2.3621752331949386,0.3755968281945218,15.305715765589497,-6.282428908193006,-12.94959714248433,-13.18052575943883,-8.410833666700835,-20.136808333413413,-4.983321520849529,2.417695082840628,-3.3205421632467873,-3.2137389720978646,14.722435723754792,21.436458970289284,-11.138439899823053,-7.585947237545721,0.7532267353031461,6.457157465651379,-11.366405349295064,2.8359520203871686,3.3870012589159417,13.691754026346585,-8.13030752864343,-0.42848121871101247,0.12897985443514118,-12.980883031915697,-7.253842277961325,0.4616833219606116,-4.847354022883036,-3.934714498313093,-4.955408300716006,17.03971540087267,-9.335686009001455,12.658803382901755,-4.217976608856723,6.443470886971925,6.235491301089887,-5.019769898905211
1.6967340554870385,3.889312663427304,-0.7756385597675719,-1.0796731011321663,-2.3621752331949386,2.6392643453389453,-0.19153599247341377,-2.7159656653235444,1.954563349219371,2.578265639985475,2.1997704147308887,2.996799388109728,4.749219229287125,0.8483885467437661,-2.9360987794371263,2.850891552850585,-0.1592895694562827,-3.6348625045853606,-5.695695386918436,1.4500081372729536,1.2103137547857228,0.5779228935808878,-1.844183006922225,-0.3804236374284978,-0.9485736999247228,-0.9305969002624529,-3.9487800866519636,2.035066250133691,0.7881798956407551,-1.4676060788924346,5.17346692489469,1.468125443268643,0.9229396444103676,1.7454966492940194,1.3282995497057173,-0.09828314169567737,-1.93334653943744,2.203018414359984,-2.103439957479269,-0.4490810542478171,-0.5606498880051766,-0.3924563859307106,0.992664916633226
-0.17408757961901158,-0.488290850805959,0.17089563373092365,0.2963439584754696,0.3755968281945218,-0.19153599247341377,0.2915517342005102,0.39222332740472143,-0.36380955811521654,-0.43658517012051434,-0.2921573784562636,-0.3874705034642494,-0.34153219409976904,-0.10478523891773808,0.3877744111017171,-0.19689948046465586,-0.005305075769295131,0.28478981858099817,0.4824394661650306,-0.02827441848582042,-0.12652060680389318,-0.13158638825596317,0.10112343981820354,0.25099777082764935,0.2541376586556379,-0.15605265096582507,0.29431434720716654,-0.2309517339465993,-0.23348196764418822,0.26127799025567056,-0.5171112177252425,-0.24731538322259258,-0.07722627664667407,-0.10974333917131955,0.053834298101597115,0.12780836098100998,0.334413822580529,-0.2086049350553625,0.48286693965409183,0.1296517804032013,-0.03951743429531988,-0.07833030993644835,-0.13472351786062464
-10.054146135874625,-14.647696614261854,-1.8511183563511142,-0.7668059069825398,15.305715765589497,-2.7159656653235444,0.39222332740472143,10.26384846343885,-4.684375689328776,-8.848225069592734,-8.743917707721119,-6.433379148198169,-14.019324770675716,-3.3126024704830535,2.9513285971064103,-3.3776955378680755,-1.773971936181054,10.338988758168012,15.278700356753218,-7.135593134472419,-4.996747352180385,0.11173766512877674,4.660981771135952,-6.283798990400284,2.1667478654946244,2.3621090131530367,9.909912258212536,-5.74196549280946,-0.7077634645576787,0.8728191946909807,-10.158180772227135,-4.966290460312533,-0.20695561352725605,-3.6785536732293997,-2.9039419734544656,-2.7655576988775237,10.858271498453508,-6.510960685580135,8.464051656704683,-2.1702211966575367,3.975209073975373,3.7525498455885216,-3.420451553047786
4.131713562860643,6.654169669787333,0.2676502709501517,-0.2826137795403165,-6.282428908193006,1.954563349219371,-0.36380955811521654,-4.684375689328776,2.4917647345527842,4.179233933444944,3.9286810596787585,3.474425040485484,6.645291756025181,1.4853619246241239,-2.2549540198585647,2.271402572382438,0.561799764119666,-4.963550642635473,-7.498459787645232,2.956406473614695,2.2022969738442444,0.23851935862849163,-2.2988238910908496,1.8826066899182052,-1.220083789815044,-1.0434659564810196,-4.934500537993446,2.805171977101528,0.6534880235903141,-0.9629972858613133,5.573633808952087,2.3530469292608585,0.43613031348094267,1.9397175821646833,1.4257832513063589,0.8385018821854483,-4.581465850893001,3.109981471566061,-3.908619586265459,0.5186258104880794,-1.538733687588456,-1.3694049174960283,1.5939042016224205
8.489671284630978,12.614859243500007,1.370684692806037,0.4085747983441676,-12.94959714248433,2.578265639985475,-0.43658517012051434,-8.848225069592734,4.179233933444944,7.69666023082515,7.530411864283741,5.747586362521929,12.14573982305264,2.843400136797161,-2.877105286284596,3.166595164410235,1.449920931265558,-8.980746675056059,-13.348848546621106,6.005610080912561,4.274171512846827,0.018537308409944574,-4.059483343695503,5.037863838169668,-1.980381053450278,-1.9897884495243163,-8.664534776555518,5.01933308626403,0.7453854895778802,-0.9739947770441472,9.093066746617161,4.323926013521828,0.30299911214828595,3.270470193502147,2.5110324409970644,2.21367803947718,-9.228489973566592,5.6550011499988075,-7.338546878442447,1.6957994694921545,-3.316848734636491,-3.090043688793369,2.9569978019922596
8.653526055034252,12.495000833254771,1.6609734153115951,0.7654839652896875,-13.18052575943883,2.1997704147308887,-0.2921573784562636,-8.743917707721119,3.9286810596787585,7.530411864283741,7.518345158513968,5.392883610929139,11.973328812910985,2.8420473728704443,-2.362129044053891,2.7648627887016453,1.5579487941275592,-8.820463923044377,-13.0000051619011,6.129095369747774,4.286006425774586,-0.1430620175643462,-3.934568703307951,5.5423429394873,-1.8319456191942443,-2.042682167683675,-8.404572783555528,4.898372826910384,0.5218293263289515,-0.6515043858428845,8.569030869360333,4.235142181386363,0.14017553409109063,3.1304276819483348,2.4738512294361805,2.442089304718799,-9.31457460991266,5.564106092884107,-7.194690100642495,1.9382719831575232,-3.444995344978789,-3.2872841878234933,2.8992433248917964
5.578924486650874,9.186402698363628,0.23816044834102132,-0.48872910279833554,-8.410833666700835,2.996799388109728,-0.3874705034642494,-6.433379148198169,3.474425040485484,5.747586362521929,5.392883610929139,4.97272856821379,9.388882998403016,2.0309797626588346,-3.3851508507756614,3.4857721438466007,0.6988658467503007,-7.015545096844449,-10.670432549813665,4.059876247875559,3.0238495479899035,0.3842529749300025,-3.313454219913514,2.430134042736116,-1.678354729371282,-1.594282872005003,-7.055044363004125,3.9379658298604365,0.9321133888437931,-1.467550536253789,8.057732745593245,3.2345431708795855,0.7293755780940723,2.847025473423093,2.132469535154918,1.0910604841853686,-6.146650372434987,4.3601765708067175,-5.280244422477053,0.627094350177738,-2.116745286088254,-1.8395558683771236,2.2044161126490565
13.381509130572226,20.074929006734948,1.998365455355789,0.6045400609283317,-20.136808333413413,4.749219229287125,-0.34153219409976904,-14.019324770675716,6.645291756025181,12.14573982305264,11.973328812910985,9.388882998403016,20.00260407444931,4.5558520717444155,-5.022969988330808,5.658451002398147,2.104882782943066,-14.804854940749463,-21.95995525348035,9.732077476525024,6.840907460534315,0.075835273815112,-6.768264299901528,7.851055051712057,-3.0434060178914404,-3.6445368449463387,-14.4083806799934,8.172512947160026,1.0935941597996661,-1.6927625967920594,15.266737691122993,6.841227685155826,0.7430385610508323,5.510633655289085,4.450532944247008,3.526749035860972,-14.368234167790353,9.262338845491474,-11.328485074212063,2.559813343860444,-5.31573947683686,-5.032013085669735,4.708688409995354
3.284844836394693,4.726224414746379,0.6319429720885322,0.2977468446046086,-4.983321520849529,0.8483885467437661,-0.10478523891773808,-3.3126024704830535,1.4853619246241239,2.843400136797161,2.8420473728704443,2.0309797626588346,4.5558520717444155,1.0848275384372388,-0.8936931821597527,1.0367203556626057,0.5758074493445354,-3.3591463759368883,-4.920198648337519,2.3479924754043533,1.6296663514857193,-0.05806425611948462,-1.4937469000417545,2.097028198946586,-0.6803322915455478,-0.7873961329721874,-3.1987523504295843,1.85852041733764,0.18656516276282087,-0.23535402066832034,3.2533254755292664,1.6010405990203689,0.05451244018276751,1.1706814081760617,0.9488825884147395,0.9334803209457073,-3.528800108998218,2.121257596214061,-2.7129197712005326,0.7265207779760473,-1.3012482825444882,-1.2654398497375203,1.0994064525747138
-1.6860522945843341,-4.192342998178061,1.0159347664156115,1.4082748430195104,2.417695082840628,-2.9360987794371263,0.3877744111017171,2.9513285971064103,-2.2549540198585647,-2.877105286284596,-2.362129044053891,-3.3851508507756614,-5.022969988330808,-0.8936931821597527,3.401406961451795,-3.1916735580238518,0.2030908672987581,3.8662256630686738,6.155545679635828,-1.3810400743442142,-1.262546891072763,-0.7278568370423532,1.9660916645784285,0.7512648901073017,1.1578739629263635,0.8442082827411365,4.239383293488589,-2.2182234769613842,-1.0140134927059061,1.7736253346935063,-5.726724368885063,-1.6351254927078394,-1.0566367561135885,-1.9089742286358815,-1.3347800870124145,0.27921482048068735,2.033370503483181,-2.352795504540116,2.3996094609531977,0.6272359883090366,0.4871721888795347,0.24556709264757956,-1.082871413555781
2.309537389977648,4.8633520149066545,-0.6838691231359593,-1.064723354836785,-3.3205421632467873,2.850891552850585,-0.19689948046465586,-3.3776955378680755,2.271402572382438,3.166595164410235,2.7648627887016453,3.4857721438466007,5.658451002398147,1.0367203556626057,-3.1916735580238518,3.1813287310609066,-0.026865888280822172,-4.298234542814121,-6.77058626777932,1.8544842798283228,1.5160151020746224,0.5895193897540149,-2.1803318480462117,0.003022726249820527,-1.1104607830287156,-1.0919833110994612,-4.615939293906091,2.4098444422333754,0.8690626804472854,-1.5797769538368307,5.889252874457885,1.7908686570851269,0.957661173134664,2.056597559052004,1.5315819366587562,0.04877758467486458,-2.599461910548192,2.603644738207775,-2.6551722251389958,-0.306762443374165,-0.8306593968239762,-0.5743213888412393,1.2166065186439776
2.0632311519214586,2.545728555282736,0.7490878262958438,0.5738110720900544,-3.2137389720978646,-0.1592895694562827,-0.005305075769295131,-1.773971936181054,0.561799764119666,1.449920931265558,1.5579487941275592,0.6988658467503007,2.104882782943066,0.5758074493445354,0.2030908672987581,-0.026865888280822172,0.5272719785856244,-1.502857131129766,-2.1426210485890236,1.3799946893753379,0.9016610941719041,-0.2254372789754516,-0.6232740951797773,1.800024301323758,-0.24493818873052978,-0.33496257081044994,-1.295082125009412,0.8255080913664855,-0.08404775884713864,0.2577144405319283,0.9506349691548412,0.8046221496803733,-0.24787851761423707,0.41389448923463235,0.3392198352692377,0.7632399297933613,-2.182231889486574,0.966444713465826,-1.4949559447191347,0.7345268403724976,-0.8730615152822675,-0.8477990412931437,0.5624841877836908
-9.789333203328319,-14.796419068855613,-1.3696342854420633,-0.33459610917936006,14.722435723754792,-3.6348625045853606,0.28478981858099817,10.338988758168012,-4.963550642635473,-8.980746675056059,-8.820463923044377,-7.015545096844449,-14.804854940749463,-3.3591463759368883,3.8662256630686738,-4.298234542814121,-1.502857131129766,10.970414730589338,16.28900687636824,-7.131403538694476,-5.034088721259316,-0.10681677687140506,5.021199061425067,-5.611947593281076,2.283619678278527,2.685606017499916,10.704709633092937,-6.063373088338532,-0.8606901486619976,1.3458097352911504,-11.432591687444106,-5.061209554970096,-0.6105352323590002,-4.106265643306783,-3.3032927639000356,-2.5280715984669553,10.52983445106881,-6.862627620977369,8.359055507147406,-1.8001096521968916,3.8689212482178807,3.658087374860699,-3.478033713856235
-14.235846893511987,-21.884205012482738,-1.7591074778916136,-0.19279538678615743,21.436458970289284,-5.695695386918436,0.4824394661650306,15.278700356753218,-7.498459787645232,-13.348848546621106,-13.0000051619011,-10.670432549813665,-21.95995525348035,-4.920198648337519,6.155545679635828,-6.77058626777932,-2.1426210485890236,16.28900687636824,24.365590571306097,-10.345878713319758,-7.383762527288171,-0.29836168911609945,7.527328989710192,-7.85964804807859,3.493545096807787,3.951370980983717,16.00390095535667,-9.031159397214088,-1.4555094194791156,2.283926070944485,-17.324133029874098,-7.515007251293436,-1.0596665872765048,-6.248966942857004,-4.929934956847147,-3.521611158239873,15.371175312999243,-10.163638065085545,12.385801061760432,-2.469046977947207,5.616667066352943,5.186100202303211,-5.158481160665249
7.372243177743064,10.21805008781324,1.7444444441971874,1.0731837795900137,-11.138439899823053,1.4500081372729536,-0.02827441848582042,-7.135593134472419,2.956406473614695,6.005610080912561,6.129095369747774,4.059876247875559,9.732077476525024,2.3479924754043533,-1.3810400743442142,1.8544842798283228,1.3799946893753379,-7.131403538694476,-10.345878713319758,5.3033594400421755,3.5635756038010133,-0.31949547400302786,-3.1748635570315966,5.173562629864844,-1.2669390629442638,-1.8007259828909479,-6.711658218420995,3.886159772662396,0.17612199019725802,-0.14256866379070363,6.463083534138664,3.370784267905609,-0.08693417563750436,2.38481407518504,2.0556938297605036,2.2993014982621878,-7.810640805791734,4.493813360382272,-5.7600683238029955,1.870500010878508,-3.0057529988473703,-2.9594755219258104,2.357339856255826
4.997196982935938,7.141570464568057,1.0154586044846268,0.5146629688506497,-7.585947237545721,1.2103137547857228,-0.12652060680389318,-4.996747352180385,2.2022969738442444,4.274171512846827,4.286006425774586,3.0238495479899035,6.840907460534315,1.6296663514857193,-1.262546891072763,1.5160151020746224,0.9016610941719041,-5.034088721259316,-7.383762527288171,3.5635756038010133,2.4608847804507863,-0.11684508395430027,-2.248669350507523,3.272211982707316,-0.9996523467034228,-1.1968787483725647,-4.786461443656014,2.778724145153491,0.25495193156388113,-0.30462075123875243,4.809976679373127,2.4020517123850027,0.04661881630912088,1.7547735551678367,1.4270158464275908,1.4481280871613118,-5.3547963427919285,3.173712727153406,-4.086195995081805,1.1515364826622765,-1.999881408751483,-1.9282316053497655,1.6571328111030965
-0.4863428066432802,-0.17837793890495893,-0.4978791147009284,-0.5268511225413329,0.7532267353031461,0.5779228935808878,-0.13158638825596317,0.11173766512877674,0.23851935862849163,0.018537308409944574,-0.1430620175643462,0.3842529749300025,0.075835273815112,-0.05806425611948462,-0.7278568370423532,0.5895193897540149,-0.2254372789754516,-0.10681677687140506,-0.29836168911609945,-0.31949547400302786,-0.11684508395430027,0.23983305349156084,-0.10355393512254256,-0.8749331228052384,-0.16349329657778955,0.03551083050564505,-0.25329581379708116,0.09608928472050167,0.2606933119957088,-0.4597740040092743,0.6877224291209699,0.01634487126758975,0.28664558709535626,0.191044736435158,0.06821341344618682,-0.3764719727265838,0.43428963754233063,0.05081455754853711,0.06487382357405745,-0.4108806948023794,0.26333297354588436,0.32033686502502307,-0.009551634060423033
-4.314583467917679,-6.686781158916476,-0.5088390661844602,-0.036331517997568924,6.457157465651379,-1.844183006922225,0.10112343981820354,4.660981771135952,-2.2988238910908496,-4.059483343695503,-3.934568703307951,-3.313454219913514,-6.768264299901528,-1.4937469000417545,1.9660916645784285,-2.1803318480462117,-0.6232740951797773,5.021199061425067,7.527328989710192,-3.1748635570315966,-2.248669350507523,-0.10355393512254256,2.35831022487632,-2.350121328349094,1.0425867417299532,1.2630900709187818,4.97090932368375,-2.7660000151252984,-0.45704677444040565,0.7325574995133877,-5.384953499666362,-2.2806408362422563,-0.3556364981846006,-1.9449504291444917,-1.5660728550969294,-1.058037850989243,4.641510387767984,-3.116987696799178,3.741505339302319,-0.7241051771788399,1.7143075059669932,1.5670709675812027,-1.5837952776731452
7.431226505416281,9.056076687589547,2.747498874463487,2.230069692461633,-11.366405349295064,-0.3804236374284978,0.25099777082764935,-6.283798990400284,1.8826066899182052,5.037863838169668,5.5423429394873,2.430134042736116,7.851055051712057,2.097028198946586,0.7512648901073017,0.003022726249820527,1.800024301323758,-5.611947593281076,-7.85964804807859,5.173562629864844,3.272211982707316,-0.8749331228052384,-2.350121328349094,6.607836155774088,-0.7041329320918835,-1.5076794331133954,-4.874479259939663,2.994453848326566,-0.48007850535391366,1.0395054821716212,3.5655361847681393,2.807269145921419,-0.8370756611717006,1.5247846868351378,1.4639436152871068,2.87029852774964,-7.707029751792881,3.5819985826637306,-5.080496366897201,2.6592907261737637,-3.2028809394228963,-3.2395594815789432,1.9982318200493807
-1.8334083243835928,-3.066463057992913,-0.024980906116497146,0.2513809033734269,2.8359520203871686,-0.9485736999247228,0.2541376586556379,2.1667478654946244,-1.220083789815044,-1.980381053450278,-1.8319456191942443,-1.678354729371282,-3.0434060178914404,-0.6803322915455478,1.1578739629263635,-1.1104607830287156,-0.24493818873052978,2.283619678278527,3.493545096807787,-1.2669390629442638,-0.9996523467034228,-0.16349329657778955,1.0425867417299532,-0.7041329320918835,0.6426824322150639,0.4114289803701044,2.2767127278632975,-1.3218140694658376,-0.3714171818731959,0.5418997931773442,-2.6766178083609966,-1.1185306196587772,-0.24254150133366015,-0.9265595966816655,-0.6149206656165636,-0.304841741237968,2.0821783381115253,-1.439702025655098,1.861122971790445,-0.17073594394238525,0.6543152339976924,0.5557698949769821,-0.7350772081446113
-2.328479774834283,-3.437915877805124,-0.40063507854282454,-0.235128420089848,3.3870012589159417,-0.9305969002624529,-0.15605265096582507,2.3621090131530367,-1.0434659564810196,-1.9897884495243163,-2.042682167683675,-1.594282872005003,-3.6445368449463387,-0.7873961329721874,0.8442082827411365,-1.0919833110994612,-0.33496257081044994,2.685606017499916,3.951370980983717,-1.8007259828909479,-1.1968787483725647,0.03551083050564505,1.2630900709187818,-1.5076794331133954,0.4114289803701044,0.8482672259469815,2.6372555739828596,-1.4249639235147167,-0.07327799181750264,0.22394081688346454,-2.730488454546383,-1.1231653663976766,-0.16024042862143706,-1.0276586792418823,-0.9432580432654264,-0.701113796362161,2.390553100747495,-1.6510258303476555,1.7623122592590204,-0.4942528449399205,0.9971852491061249,0.9755998477415496,-0.7983506148851781
-9.137044853183289,-14.19003580370209,-1.0071836921351258,-4.3649929136275155e-4,13.691754026346585,-3.9487800866519636,0.29431434720716654,9.909912258212536,-4.934500537993446,-8.664534776555518,-8.404572783555528,-7.055044363004125,-14.4083806799934,-3.1987523504295843,4.239383293488589,-4.615939293906091,-1.295082125009412,10.704709633092937,16.00390095535667,-6.711658218420995,-4.786461443656014,-0.25329581379708116,4.97090932368375,-4.874479259939663,2.2767127278632975,2.6372555739828596,10.570469649781035,-5.920514175137207,-0.990627971900351,1.6018871274902948,-11.538789983985824,-4.881656337624531,-0.7900443366816845,-4.126301195227809,-3.2956813811673227,-2.2085334206974374,9.858125097248399,-6.669038042352914,7.986613839880278,-1.4780892744947902,3.58999798450713,3.3300042380384416,-3.3591972626059845
5.381319280359278,8.203681358643653,0.6955948547609705,0.09932890722178865,-8.13030752864343,2.035066250133691,-0.2309517339465993,-5.74196549280946,2.805171977101528,5.01933308626403,4.898372826910384,3.9379658298604365,8.172512947160026,1.85852041733764,-2.2182234769613842,2.4098444422333754,0.8255080913664855,-6.063373088338532,-9.031159397214088,3.886159772662396,2.778724145153491,0.09608928472050167,-2.7660000151252984,2.994453848326566,-1.3218140694658376,-1.4249639235147167,-5.920514175137207,3.374121797886843,0.5326448480984242,-0.8112910948337271,6.388506428768709,2.8296976924245514,0.35890720334835574,2.284112432142458,1.7888350328618012,1.3421828420412623,-5.827657253090568,3.800424166666244,-4.688209676087633,0.9496758958846236,-2.102513136056025,-1.9700931985791665,1.9309236977235709
0.26353902428835096,0.9764390174243814,-0.3922544480062566,-0.5405364087284007,-0.42848121871101247,0.7881798956407551,-0.23348196764418822,-0.7077634645576787,0.6534880235903141,0.7453854895778802,0.5218293263289515,0.9321133888437931,1.0935941597996661,0.18656516276282087,-1.0140134927059061,0.8690626804472854,-0.08404775884713864,-0.8606901486619976,-1.4555094194791156,0.17612199019725802,0.25495193156388113,0.2606933119957088,-0.45704677444040565,-0.48007850535391366,-0.3714171818731959,-0.07327799181750264,-0.990627971900351,0.5326448480984242,0.3825186782184906,-0.5820389791922433,1.4713522975373905,0.41801119553089894,0.30208651674495735,0.4672204798339058,0.2424912568019882,-0.21759711255582304,-0.4189662947924721,0.5267702300696612,-0.6619298178569065,-0.27716128951293995,-0.011945530893255982,0.10084886107148004,0.26784133241147134
-0.11168898678244703,-1.22412116060922,0.7853973032219917,0.9482992253408856,0.12897985443514118,-1.4676060788924346,0.26127799025567056,0.8728191946909807,-0.9629972858613133,-0.9739947770441472,-0.6515043858428845,-1.467550536253789,-1.6927625967920594,-0.23535402066832034,1.7736253346935063,-1.5797769538368307,0.2577144405319283,1.3458097352911504,2.283926070944485,-0.14256866379070363,-0.30462075123875243,-0.4597740040092743,0.7325574995133877,1.0395054821716212,0.5418997931773442,0.22394081688346454,1.6018871274902948,-0.8112910948337271,-0.5820389791922433,1.0074558273896266,-2.4876549640584207,-0.5569237116412056,-0.601361014892302,-0.8044922672269017,-0.48213581558871466,0.4408844339101198,0.2829162226720735,-0.805574384533411,0.7496184270789238,0.5727246773253045,-0.07810752257756366,-0.22765663979853137,-0.3477221413294653
8.698119820489781,14.522747511493616,0.162493734937323,-0.9217062190940866,-12.980883031915697,5.17346692489469,-0.5171112177252425,-10.158180772227135,5.573633808952087,9.093066746617161,8.569030869360333,8.057732745593245,15.266737691122993,3.2533254755292664,-5.726724368885063,5.889252874457885,0.9506349691548412,-11.432591687444106,-17.324133029874098,6.463083534138664,4.809976679373127,0.6877224291209699,-5.384953499666362,3.5655361847681393,-2.6766178083609966,-2.730488454546383,-11.538789983985824,6.388506428768709,1.4713522975373905,-2.4876549640584207,13.346818181885249,5.140771802307369,1.35329606881739,4.684241676676752,3.5943750293678502,1.6577844628301193,-9.528160828561912,7.097609189769643,-8.211936710803302,0.8227311283940936,-3.2979397718343257,-2.9456959797058424,3.4881249230747273
4.758465119506981,7.078850362165268,0.7536988158944977,0.21735925984016663,-7.253842277961325,1.468125443268643,-0.24731538322259258,-4.966290460312533,2.3530469292608585,4.323926013521828,4.235142181386363,3.2345431708795855,6.841227685155826,1.6010405990203689,-1.6351254927078394,1.7908686570851269,0.8046221496803733,-5.061209554970096,-7.515007251293436,3.370784267905609,2.4020517123850027,0.01634487126758975,-2.2806408362422563,2.807269145921419,-1.1185306196587772,-1.1231653663976766,-4.881656337624531,2.8296976924245514,0.41801119553089894,-0.5569237116412056,5.140771802307369,2.432001087891312,0.1824052781728644,1.8438742199273102,1.4168917474737686,1.2376468302371813,-5.171891374531338,3.189047181270232,-4.115544774258137,0.9399006556659186,-1.8554519209821019,-1.7386762877388984,1.6587733589746045
-0.251052996122388,0.29809690513555803,-0.5618403738807819,-0.5966720278233987,0.4616833219606116,0.9229396444103676,-0.07722627664667407,-0.20695561352725605,0.43613031348094267,0.30299911214828595,0.14017553409109063,0.7293755780940723,0.7430385610508323,0.05451244018276751,-1.0566367561135885,0.957661173134664,-0.24787851761423707,-0.6105352323590002,-1.0596665872765048,-0.08693417563750436,0.04661881630912088,0.28664558709535626,-0.3556364981846006,-0.8370756611717006,-0.24254150133366015,-0.16024042862143706,-0.7900443366816845,0.35890720334835574,0.30208651674495735,-0.601361014892302,1.35329606881739,0.1824052781728644,0.40744267789289074,0.43252717633535187,0.2924058432793484,-0.3401841538812206,0.21062261799621085,0.35081491598622844,-0.1285360839901727,-0.4339855311822543,0.15745673275064279,0.21351349187301033,0.10552808337933865
3.2392464980243845,5.294005916000888,0.17691034632740082,-0.19873086787276997,-4.847354022883036,1.7454966492940194,-0.10974333917131955,-3.6785536732293997,1.9397175821646833,3.270470193502147,3.1304276819483348,2.847025473423093,5.510633655289085,1.1706814081760617,-1.9089742286358815,2.056597559052004,0.41389448923463235,-4.106265643306783,-6.248966942857004,2.38481407518504,1.7547735551678367,0.191044736435158,-1.9449504291444917,1.5247846868351378,-0.9265595966816655,-1.0276586792418823,-4.126301195227809,2.284112432142458,0.4672204798339058,-0.8044922672269017,4.684241676676752,1.8438742199273102,0.43252717633535187,1.703488047579641,1.3092456486271762,0.6884338502717886,-3.5109217596627116,2.5389807836757257,-2.9532874282607096,0.41657266357368516,-1.278914848118274,-1.1204671087323257,1.2568872907589987
2.6848435677516487,4.196389697044032,0.28354496886723607,0.03384288145734351,-3.934714498313093,1.3282995497057173,0.053834298101597115,-2.9039419734544656,1.4257832513063589,2.5110324409970644,2.4738512294361805,2.132469535154918,4.450532944247008,0.9488825884147395,-1.3347800870124145,1.5315819366587562,0.3392198352692377,-3.3032927639000356,-4.929934956847147,2.0556938297605036,1.4270158464275908,0.06821341344618682,-1.5660728550969294,1.4639436152871068,-0.6149206656165636,-0.9432580432654264,-3.2956813811673227,1.7888350328618012,0.2424912568019882,-0.48213581558871466,3.5943750293678502,1.4168917474737686,0.2924058432793484,1.3092456486271762,1.1201077113393976,0.6825393087030773,-2.82732815814797,2.0348705991514033,-2.2362173850152876,0.43122167940039935,-1.099181080282464,-1.0346098905232666,0.991780768311099
3.259238156097938,3.983982086006045,1.1821634815988922,0.9659589447656357,-4.955408300716006,-0.09828314169567737,0.12780836098100998,-2.7655576988775237,0.8385018821854483,2.21367803947718,2.442089304718799,1.0910604841853686,3.526749035860972,0.9334803209457073,0.27921482048068735,0.04877758467486458,0.7632399297933613,-2.5280715984669553,-3.521611158239873,2.2993014982621878,1.4481280871613118,-0.3764719727265838,-1.058037850989243,2.87029852774964,-0.304841741237968,-0.701113796362161,-2.2085334206974374,1.3421828420412623,-0.21759711255582304,0.4408844339101198,1.6577844628301193,1.2376468302371813,-0.3401841538812206,0.6884338502717886,0.6825393087030773,1.2593872239374884,-3.3675269879739305,1.6125141150634714,-2.21098639323056,1.143436949423923,-1.401736273343812,-1.442444256191207,0.8812038150094239
-11.139253757577482,-15.49373241267623,-2.606691375582143,-1.4836548900637416,17.03971540087267,-1.93334653943744,0.334413822580529,10.858271498453508,-4.581465850893001,-9.228489973566592,-9.31457460991266,-6.146650372434987,-14.368234167790353,-3.528800108998218,2.033370503483181,-2.599461910548192,-2.182231889486574,10.52983445106881,15.371175312999243,-7.810640805791734,-5.3547963427919285,0.43428963754233063,4.641510387767984,-7.707029751792881,2.0821783381115253,2.390553100747495,9.858125097248399,-5.827657253090568,-0.4189662947924721,0.2829162226720735,-9.528160828561912,-5.171891374531338,0.21062261799621085,-3.5109217596627116,-2.82732815814797,-3.3675269879739305,11.957495131131207,-6.672468415749924,8.992442515888053,-2.817690543760035,4.466942398638972,4.30881080622555,-3.574652300411897
6.194495489890287,9.305691337618297,0.8975231197337258,0.24134584957551614,-9.335686009001455,2.203018414359984,-0.2086049350553625,-6.510960685580135,3.109981471566061,5.6550011499988075,5.564106092884107,4.3601765708067175,9.262338845491474,2.121257596214061,-2.352795504540116,2.603644738207775,0.966444713465826,-6.862627620977369,-10.163638065085545,4.493813360382272,3.173712727153406,0.05081455754853711,-3.116987696799178,3.5819985826637306,-1.439702025655098,-1.6510258303476555,-6.669038042352914,3.800424166666244,0.5267702300696612,-0.805574384533411,7.097609189769643,3.189047181270232,0.35081491598622844,2.5389807836757257,2.0348705991514033,1.6125141150634714,-6.672468415749924,4.304384759439895,-5.286223238995143,1.1587444901699704,-2.437309699574773,-2.322682565158998,2.1845841152882723
-8.249189845256302,-12.041364567452757,-1.499912817851855,-0.5515880942355584,12.658803382901755,-2.103439957479269,0.48286693965409183,8.464051656704683,-3.908619586265459,-7.338546878442447,-7.194690100642495,-5.280244422477053,-11.328485074212063,-2.7129197712005326,2.3996094609531977,-2.6551722251389958,-1.4949559447191347,8.359055507147406,12.385801061760432,-5.7600683238029955,-4.086195995081805,0.06487382357405745,3.741505339302319,-5.080496366897201,1.861122971790445,1.7623122592590204,7.986613839880278,-4.688209676087633,-0.6619298178569065,0.7496184270789238,-8.211936710803302,-4.115544774258137,-0.1285360839901727,-2.9532874282607096,-2.2362173850152876,-2.21098639323056,8.992442515888053,-5.286223238995143,7.096929790175105,-1.7639567090561485,3.213008367148526,2.999085065566999,-2.8153584134917944
2.7377793191482738,3.137677942273479,1.1737813546374873,1.0042900926162368,-4.217976608856723,-0.4490810542478171,0.1296517804032013,-2.1702211966575367,0.5186258104880794,1.6957994694921545,1.9382719831575232,0.627094350177738,2.559813343860444,0.7265207779760473,0.6272359883090366,-0.306762443374165,0.7345268403724976,-1.8001096521968916,-2.469046977947207,1.870500010878508,1.1515364826622765,-0.4108806948023794,-0.7241051771788399,2.6592907261737637,-0.17073594394238525,-0.4942528449399205,-1.4780892744947902,0.9496758958846236,-0.27716128951293995,0.5727246773253045,0.8227311283940936,0.9399006556659186,-0.4339855311822543,0.41657266357368516,0.43122167940039935,1.143436949423923,-2.817690543760035,1.1587444901699704,-1.7639567090561485,1.1069311190907625,-1.2071334181003035,-1.2272122439859536,0.6758220211768429
-4.240526286155461,-5.718540013123085,-1.1505578558502518,-0.7867328074751582,6.443470886971925,-0.5606498880051766,-0.03951743429531988,3.975209073975373,-1.538733687588456,-3.316848734636491,-3.444995344978789,-2.116745286088254,-5.31573947683686,-1.3012482825444882,0.4871721888795347,-0.8306593968239762,-0.8730615152822675,3.8689212482178807,5.616667066352943,-3.0057529988473703,-1.999881408751483,0.26333297354588436,1.7143075059669932,-3.2028809394228963,0.6543152339976924,0.9971852491061249,3.58999798450713,-2.102513136056025,-0.011945530893255982,-0.07810752257756366,-3.2979397718343257,-1.8554519209821019,0.15745673275064279,-1.278914848118274,-1.099181080282464,-1.401736273343812,4.466942398638972,-2.437309699574773,3.213008367148526,-1.2071334181003035,1.7723556920759187,1.7223505673488728,-1.3015807701963706
-4.12649626503252,-5.38560775821373,-1.2111626617536928,-0.8993004875017296,6.235491301089887,-0.3924563859307106,-0.07833030993644835,3.7525498455885216,-1.3694049174960283,-3.090043688793369,-3.2872841878234933,-1.8395558683771236,-5.032013085669735,-1.2654398497375203,0.24556709264757956,-0.5743213888412393,-0.8477990412931437,3.658087374860699,5.186100202303211,-2.9594755219258104,-1.9282316053497655,0.32033686502502307,1.5670709675812027,-3.2395594815789432,0.5557698949769821,0.9755998477415496,3.3300042380384416,-1.9700931985791665,0.10084886107148004,-0.22765663979853137,-2.9456959797058424,-1.7386762877388984,0.21351349187301033,-1.1204671087323257,-1.0346098905232666,-1.442444256191207,4.30881080622555,-2.322682565158998,2.999085065566999,-1.2272122439859536,1.7223505673488728,1.7686841462139578,-1.2167970748172705
3.3043777555615708,4.881424029364742,0.56141822312615,0.19616431685460362,-5.019769898905211,0.992664916633226,-0.13472351786062464,-3.420451553047786,1.5939042016224205,2.9569978019922596,2.8992433248917964,2.2044161126490565,4.708688409995354,1.0994064525747138,-1.082871413555781,1.2166065186439776,0.5624841877836908,-3.478033713856235,-5.158481160665249,2.357339856255826,1.6571328111030965,-0.009551634060423033,-1.5837952776731452,1.9982318200493807,-0.7350772081446113,-0.7983506148851781,-3.3591972626059845,1.9309236977235709,0.26784133241147134,-0.3477221413294653,3.4881249230747273,1.6587733589746045,0.10552808337933865,1.2568872907589987,0.991780768311099,0.8812038150094239,-3.574652300411897,2.1845841152882723,-2.8153584134917944,0.6758220211768429,-1.3015807701963706,-1.2167970748172705,1.1455198209463209
