V1,V2,V3,V4,V5,V6,V7,V8,V9,V10,V11,V12,V13,V14,V15,V16,V17,V18,V19,V20,V21,V22,V23,V24,V25,V26,V27,V28,V29,V30,V31,V32,V33,V34,V35,V36,V37,V38,V39,V40,V41,V42,V43
10.32466596573267,15.249083189520565,1.7333721206942583,0.5350551611057762,-15.811821897505405,2.917836095982705,-0.6197384936513346,-10.717920527643713,5.041146783127862,9.32364455897606,9.104349716137047,6.851066016000126,14.497853881994292,3.436837996075326,-3.3178589377338756,3.6143477010457477,1.8081705926420781,-10.715868529589812,-15.909175724441846,7.24423901966388,5.164277963876934,-0.004237939436539377,-4.8164260371675605,6.171148435346841,-2.4060852815511904,-2.278998434812184,-10.294810672337661,6.010925274009158,0.9085808574082942,-1.1069984366731958,10.735809563958579,5.233898834217765,0.279627614557648,3.8423932534740386,2.910184066932245,2.6969522130745163,-11.265433434768704,6.7671377938835,-8.964145089801029,2.1002098491188215,-4.0054938896249395,-3.73125238242975,3.575028117323705
15.249083189520565,22.647071252151846,2.4499404278060206,0.48393100711083753,-23.649177131976778,4.017802611731427,-1.4477352788835147,-16.012666669200986,7.711129183728575,14.062874841826773,13.525036687059007,10.197582896245127,20.955231342328606,5.078572500872658,-4.942325634329469,5.047460024503666,2.7589273408155055,-15.514296686231178,-23.123378381896455,10.427040953051435,7.601809791105326,0.10609144704201451,-6.894519238096618,8.78494332182699,-3.8338063788240135,-2.8221046675289543,-14.84488769637822,8.846150249971933,1.6331253102871959,-1.7941830957336307,15.607003229736756,7.884685012312339,0.317343875045882,5.486418331647995,3.8645391590595626,3.7702506562251985,-16.912397707627598,9.868228500530108,-13.75582069040296,2.9946442055314266,-5.740594106923904,-5.25206240685566,5.33075485046895
1.7333721206942583,2.4499404278060206,0.3883941863634387,0.36055529591471236,-2.3930133806499803,0.7480455763692473,0.3666317511589956,-1.6379944006951421,0.6116606004386311,1.3070451312888574,1.4593335729129218,1.0807019905691035,2.838713486456882,0.5747787902619312,-0.5202249179702124,0.8639607002724212,0.225401352632643,-2.075605492028571,-3.0017250384412604,1.457105127196719,0.8897397798751379,-0.09996895029545345,-1.002540166608512,1.3272565981671762,-0.1562371643128087,-0.8635384810934256,-2.0470258422459215,1.0372926359467534,-0.10482178510990774,-0.04521774605875808,2.0231117077199334,0.7422351813398644,0.13157916873401868,0.8118749910114801,0.8720854289343033,0.6410967588570343,-1.6492815945846906,1.2480358860679857,-1.048695144728226,0.4473512369423726,-0.8275117396672979,-0.8552611260786736,0.5555662527408254
0.5350551611057762,0.48393100711083753,0.36055529591471236,0.7850104324108924,-0.09093703289057006,0.8721362530931808,1.2858218553507414,-0.10333943948237179,-0.39563158032005286,-0.23679241525202127,0.2851635086392259,0.16259860445377539,1.888351028722438,0.17216086669193886,-0.069022849417469,0.9101995465074514,-0.1222680633161252,-1.3321365364761317,-1.758610629512182,1.045421141876207,0.33184273045155316,-0.2774165592754489,-0.7911111969501528,1.1379022981029658,0.5639303190836407,-1.4648220610318066,-1.4263185769429374,0.39367303490945976,-0.6743150852121029,0.3341836073270575,1.1806109841918844,-0.1084016632845388,0.25341425501144055,0.6728151541371153,1.2243060315142735,0.6670971424692844,0.09389452221871258,0.666067363184557,0.8117566410931206,0.37641187204383614,-0.6434656535051458,-0.8340670954423389,0.05908584988809335
-15.811821897505405,-23.649177131976778,-2.3930133806499803,-0.09093703289057006,24.923958418612088,-3.7661188794779683,2.2190272655429544,16.847621658129206,-8.351334081159264,-14.975506148850611,-14.132513783528617,-10.677082107556751,-21.10821634716942,-5.268893027990392,5.17560703616118,-4.837946989685719,-2.9828171564802037,15.662258195036458,23.47010742301768,-10.4409507981298,-7.847263328909262,-0.26060063390700916,6.84984212147681,-8.669693115946709,4.35499671303558,2.1913923453673707,14.901865419091369,-9.129436679371636,-2.08409062323623,2.0734223017673163,-15.842445245748896,-8.384051257982284,-0.19918456727872536,-5.436038704099465,-3.4199523914846877,-3.6233772601582226,17.905631869503747,-10.060395620375019,14.958898165702326,-2.9637996652295615,5.717248006031752,5.097285119339665,-5.593934797074583
2.917836095982705,4.017802611731427,0.7480455763692473,0.8721362530931808,-3.7661188794779683,1.5226998603363804,1.083491048611351,-2.6001555224667845,0.8002786925858355,1.9455994941528605,2.3862781812248723,1.7547725504828025,5.184730902120058,0.9660860847619207,-0.8463050438048535,1.7148312475120209,0.29901871322446005,-3.772390427141229,-5.385829811351915,2.6947415142836952,1.5209474890732655,-0.26533434227825736,-1.8837395484878239,2.51722756661072,-0.016578184074481604,-1.9319438856721884,-3.7681603932820664,1.775351192921026,-0.4292145445261219,0.06056042204895622,3.6313848950892904,1.1146155187020774,0.30701095360646075,1.5318927821433521,1.8509351030745986,1.264127369601181,-2.536506345806864,2.2141158378581993,-1.314228220458395,0.8433452567821801,-1.545381793853692,-1.6658168660663626,0.8927661663893939
-0.6197384936513346,-1.4477352788835147,0.3666317511589956,1.2858218553507414,2.2190272655429544,1.083491048611351,2.3329244581528514,1.4297974161803921,-1.4456033589874635,-1.8131770052538378,-0.8720323878824924,-0.7446903978611933,1.112493347519079,-0.21636490278836523,0.3757440603026599,1.044505832938425,-0.48576257318201893,-0.7116824135370969,-0.6744955059859126,0.7333418577707899,-0.19784446998916078,-0.4820811898663706,-0.6556260792882229,1.052629265432447,1.3441515299331968,-2.2097613218278553,-0.9397754008328816,-0.21704368630565063,-1.3103313716812375,0.7474112002266574,0.4458841492199705,-0.9752228803409163,0.40010235039001535,0.594703987108989,1.6963469180349278,0.7560722444001062,1.8566872353307977,0.14411088679293402,2.760863196818981,0.3387458604390974,-0.5184497590971505,-0.8918529435793284,-0.4337504288568417
-10.717920527643713,-16.012666669200986,-1.6379944006951421,-0.10333943948237179,16.847621658129206,-2.6001555224667845,1.4297974161803921,11.39636264231716,-5.625478277159222,-10.10794556470288,-9.56093663818073,-7.227004512191557,-14.371512459225215,-3.5713116230103483,3.5065513176173737,-3.3207271202191007,-2.004977480994971,10.660580101410405,15.956844656649555,-7.121662701623574,-5.322677126105173,-0.1610359934240958,4.6775850828257175,-5.916798889090395,2.9074900037087805,1.5624156581902477,10.154940308354963,-6.190353563665741,-1.374100013816629,1.38270134294671,-10.771870290575933,-5.659375422901595,-0.14752377345766673,-3.7047443854088993,-2.3808940532363483,-2.4848089341636643,12.098964242162584,-6.83657790291946,10.067067229415924,-2.01965536237581,3.8974854668126326,3.4909978401661483,-3.78698222804338
5.041146783127862,7.711129183728575,0.6116606004386311,-0.39563158032005286,-8.351334081159264,0.8002786925858355,-1.4456033589874635,-5.625478277159222,3.0312915545936243,5.176442724208673,4.6060832760943935,3.5120448786927816,6.092506140068438,1.6832505978851315,-1.709747847719674,1.1378244076007882,1.0695458139865668,-4.558441965564157,-6.956972097645451,2.9568896991469837,2.4658074573629,0.23832744240213707,-1.8825525020036704,2.302849382461833,-1.7712441213530747,0.05509293634986055,-4.252680088593362,2.863274175812898,1.0695460264023762,-0.879969670487217,4.700149946686336,2.8844493057960827,-0.07082904088031415,1.4643438578413963,0.49019448770440494,0.8593572156470819,-6.088243487258391,3.03051999752014,-5.4836505061135705,0.792819786020584,-1.577367746707158,-1.2661342011573204,1.855288761324633
9.32364455897606,14.062874841826773,1.3070451312888574,-0.23679241525202127,-14.975506148850611,1.9455994941528605,-1.8131770052538378,-10.10794556470288,5.176442724208673,9.106557670964703,8.405053073040714,6.370289839176386,12.012232618975037,3.109244075473964,-3.0922516744228155,2.5767586105574134,1.8413212083608932,-8.938709711018467,-13.482856403895237,5.900279213501608,4.602807209721784,0.2600315523386309,-3.8322197391286497,4.798325819726239,-2.831760675172103,-0.7767334868519319,-8.446123183147328,5.352180981261108,1.50541965155419,-1.3730214171930981,9.103899849406591,5.089340397447322,0.026269353881045943,3.024351604721037,1.60590995755667,1.9344387135910057,-10.817842808667015,5.811860458328089,-9.309660719970418,1.644831165902128,-3.204287358348413,-2.760262000969077,3.3470546924060813
9.104349716137047,13.525036687059007,1.4593335729129218,0.2851635086392259,-14.132513783528617,2.3862781812248723,-0.8720323878824924,-9.56093663818073,4.6060832760943935,8.405053073040714,8.089406375761975,6.090440406651522,12.507808472377791,3.0321042152719477,-2.9471919454748963,3.0103209399842634,1.6553588606883465,-9.259566067578556,-13.810636018050557,6.2116195097787115,4.538863281737017,0.06541929848273086,-4.108141355394561,5.248403501870278,-2.3020715285698072,-1.6761102362853988,-8.854610142159427,5.286010078713901,0.9764985027476153,-1.0756127710799517,9.320555520890489,4.713774954691206,0.19035858165875116,3.2843085994849637,2.298543894501827,2.249103450049312,-10.101466297101492,5.891723093653552,-8.221819117591648,1.7925790045765004,-3.4287129419895246,-3.1323157652982507,3.180266951377111
6.851066016000126,10.197582896245127,1.0807019905691035,0.16259860445377539,-10.677082107556751,1.7547725504828025,-0.7446903978611933,-7.227004512191557,3.5120448786927816,6.370289839176386,6.090440406651522,4.596448371687953,9.33491300214272,2.282275371879063,-2.2292295721093414,2.2173982855781644,1.2547815643022846,-6.915845639800012,-10.324048103841891,4.63676704560298,3.4109635867439705,0.06783549437453158,-3.0594277255861178,3.8876708069384223,-1.7721057486060585,-1.1719745879900167,-6.606982917116815,3.9691970297560926,0.7856431201946984,-0.8348777639734284,6.969383579567119,3.569970423842847,0.12605586947620032,2.4318869844432314,1.6599985548192582,1.6558893520274884,-7.646856895436066,4.411697898556381,-6.271809720565411,1.3259096005064845,-2.547963984954514,-2.3137064570688732,2.404216242721608
14.497853881994292,20.955231342328606,2.838713486456882,1.888351028722438,-21.10821634716942,5.184730902120058,1.112493347519079,-14.371512459225215,6.092506140068438,12.012232618975037,12.507808472377791,9.33491300214272,22.074310189541812,4.817622920601039,-4.5083186136943825,6.167871915035305,2.2145923120401823,-16.220226575442307,-23.753908253455148,11.17884681182996,7.349189707227229,-0.42166906760422923,-7.579155711744493,9.895152770097472,-2.345634764322242,-5.22736693808084,-15.803366168470475,8.567428485970513,0.19122720860112602,-0.9685279394217982,16.02296217555565,6.7804044141674895,0.754481160390522,6.112973297910322,5.702878475772876,4.579564418454616,-14.7994546843044,9.979559740759125,-10.668832405681545,3.351329178482909,-6.2809577131865755,-6.2029802744673015,4.830404081938126
3.436837996075326,5.078572500872658,0.5747787902619312,0.17216086669193886,-5.268893027990392,0.9660860847619207,-0.21636490278836523,-3.5713116230103483,1.6832505978851315,3.109244075473964,3.0321042152719477,2.282275371879063,4.817622920601039,1.1441333952217536,-1.105545246613289,1.197945734165167,0.603468307095944,-3.561379752766055,-5.289045877258721,2.4063804839025913,1.7186109949986634,7.807267184452968e-4,-1.5992845967353742,2.047779492911464,-0.8062549044199759,-0.7484191053383127,-3.420386506761058,2.0003984461627007,0.3080419056718175,-0.37165405199999574,3.5693926095404547,1.7452055086716665,0.09137555070685792,1.2755613804544024,0.9606600486768033,0.8936465248036402,-3.755166488821164,2.250367534390436,-2.993771853420306,0.6969434745459033,-1.329978039699325,-1.2371213080207744,1.1910598548935847
-3.3178589377338756,-4.942325634329469,-0.5202249179702124,-0.069022849417469,5.17560703616118,-0.8463050438048535,0.3757440603026599,3.5065513176173737,-1.709747847719674,-3.0922516744228155,-2.9471919454748963,-2.2292295721093414,-4.5083186136943825,-1.105545246613289,1.084121317262426,-1.0668199116063533,-0.6072175800375811,3.3412362613014057,4.987506047879342,-2.2417613755109116,-1.6512020729246748,-0.03627335291390419,1.47815587790018,-1.8693154882142742,0.8629999510790572,0.5529943450569244,3.1923741723519816,-1.9201910532996809,-0.39020833078768685,0.4089277428062356,-3.3682207659317727,-1.7321479155521449,-0.05810511005480315,-1.1688302737577272,-0.7932265855000689,-0.7950872924594321,3.7110377735169364,-2.1330050107910776,3.0517758961186376,-0.6361684998492138,1.2274712738966667,1.112901391528164,-1.1672685032444996
3.6143477010457477,5.047460024503666,0.8639607002724212,0.9101995465074514,-4.837946989685719,1.7148312475120209,1.044505832938425,-3.3207271202191007,1.1378244076007882,2.5767586105574134,3.0103209399842634,2.2173982855781644,6.167871915035305,1.197945734165167,-1.0668199116063533,1.9613623653016514,0.42581349769315224,-4.498169628931164,-6.46933573508334,3.1772702041958647,1.8699185083719838,-0.265818779278928,-2.205951697463112,2.941468435966545,-0.18461121536020852,-2.087834864891848,-4.46220822094852,2.1849482264744804,-0.3715251006981769,-0.015058902043957824,4.362065423116801,1.470043109799222,0.3282369998002542,1.8011043471913124,2.0477069308736136,1.4479982646962906,-3.295038998849764,2.6728699824893027,-1.9174904083424222,0.9902872929334346,-1.8194483216809223,-1.919103092233726,1.1312206648670609
1.8081705926420781,2.7589273408155055,0.225401352632643,-0.1222680633161252,-2.9828171564802037,0.29901871322446005,-0.48576257318201893,-2.004977480994971,1.0695458139865668,1.8413212083608932,1.6553588606883465,1.2547815643022846,2.2145923120401823,0.603468307095944,-0.6072175800375811,0.42581349769315224,0.3826674174656875,-1.6544548258023155,-2.523740426470202,1.071075858236273,0.8862810937735349,0.07866482114241855,-0.6851911778601821,0.8518434659501439,-0.6236002168265814,-0.01286317873016681,-1.5446835791495699,1.0316850904345671,0.3637895748353649,-0.3067223013736729,1.7038247793772585,1.027436099003,-0.018412202329727907,0.5435769166064577,0.200616885182804,0.32224972120212725,-2.166945159113369,1.0955214191468792,-1.9359306111862702,0.29511447755724673,-0.5789994838652208,-0.47033828803985805,0.6602356623796325
-10.715868529589812,-15.514296686231178,-2.075605492028571,-1.3321365364761317,15.662258195036458,-3.772390427141229,-0.7116824135370969,10.660580101410405,-4.558441965564157,-8.938709711018467,-9.259566067578556,-6.915845639800012,-16.220226575442307,-3.561379752766055,3.3412362613014057,-4.498169628931164,-1.6544548258023155,11.92364648416849,17.478136868641652,-8.207233773076311,-5.426602445662992,0.28844214925613443,5.556976720790489,-7.244540736338808,1.790812654168862,3.7507929758658567,11.606161117251157,-6.32520258851956,-0.2021023248458154,0.7485701193704942,-11.790279695270309,-5.043170320039263,-0.537436413075618,-4.477660455182734,-4.125314569761321,-3.3405637603737577,10.99565228202606,-7.349641310842624,7.99268980099585,-2.454130533798384,4.605585981597293,4.531041588943544,-3.5811597285378003
-15.909175724441846,-23.123378381896455,-3.0017250384412604,-1.758610629512182,23.47010742301768,-5.385829811351915,-0.6744955059859126,15.956844656649555,-6.956972097645451,-13.482856403895237,-13.810636018050557,-10.324048103841891,-23.753908253455148,-5.289045877258721,4.987506047879342,-6.46933573508334,-2.523740426470202,17.478136868641652,25.685368072840447,-11.983557445391192,-8.038392849763897,0.34751718295959105,8.089601972532146,-10.52406242150305,2.864796207458361,5.177476105392226,16.969922477321635,-9.37035278873609,-0.5072800866148083,1.2264254984895544,-17.32777100837151,-7.600246840403348,-0.7302696690047836,-6.518491602668066,-5.81164120519698,-4.807452765277925,16.521114333703554,-10.82142901793958,12.23740827532529,-3.5702778025223063,6.71399496192809,6.541436146287883,-5.351099354901536
7.24423901966388,10.427040953051435,1.457105127196719,1.045421141876207,-10.4409507981298,2.6947415142836952,0.7333418577707899,-7.121662701623574,2.9568896991469837,5.900279213501608,6.2116195097787115,4.63676704560298,11.17884681182996,2.4063804839025913,-2.2417613755109116,3.1772702041958647,1.071075858236273,-8.207233773076311,-11.983557445391192,5.685372051263474,3.680080387014568,-0.24872713503923416,-3.8643620947741444,5.0472778496507935,-1.0703446060219248,-2.7939510512255166,-8.018806495670637,4.286751602665178,7.825042350239491e-4,-0.42859970568965033,8.082855815747141,3.3327048276128375,0.4065659150161624,3.1067595371198435,2.9961137392749686,2.3584107150476115,-7.3035707603494835,5.02677216761004,-5.1573409825434835,1.704995259495145,-3.193439553629271,-3.1855112073405727,2.399495605980126
5.164277963876934,7.601809791105326,0.8897397798751379,0.33184273045155316,-7.847263328909262,1.5209474890732655,-0.19784446998916078,-5.322677126105173,2.4658074573629,4.602807209721784,4.538863281737017,3.4109635867439705,7.349189707227229,1.7186109949986634,-1.6512020729246748,1.8699185083719838,0.8862810937735349,-5.426602445662992,-8.038392849763897,3.680080387014568,2.5887270557094855,-0.025541429780628983,-2.45524563711446,3.15643133275824,-1.1454406553066283,-1.2546466679663795,-5.225753914033742,3.014093308968472,0.39308721452339757,-0.5208005438692068,5.42417838842344,2.5859929527185312,0.16052084124546084,1.963060765869137,1.5470867935956212,1.39380419293887,-5.577216051888554,3.4120169155708484,-4.37537891354753,1.0733985089991502,-2.040792044762955,-1.9208303032752083,1.77741053560949
-0.004237939436539377,0.10609144704201451,-0.09996895029545345,-0.2774165592754489,-0.26060063390700916,-0.26533434227825736,-0.4820811898663706,-0.1610359934240958,0.23832744240213707,0.2600315523386309,0.06541929848273086,0.06783549437453158,-0.42166906760422923,7.807267184452968e-4,-0.03627335291390419,-0.265818779278928,0.07866482114241855,0.28844214925613443,0.34751718295959105,-0.24872713503923416,-0.025541429780628983,0.10152632208062462,0.20034521466768748,-0.3015688067390652,-0.25159199842373225,0.49379765890881044,0.33095312002176225,-0.03215895239462341,0.2635316086700325,-0.14307288146271063,-0.23222107647066154,0.137083663404062,-0.08734873479690367,-0.17417808164001602,-0.3941348640481841,-0.19406493598359845,-0.24341921252581883,-0.11800739367669182,-0.4635592766195267,-0.0984851858235994,0.16093807484102254,0.23600351955422674,0.044569818768465073
-4.8164260371675605,-6.894519238096618,-1.002540166608512,-0.7911111969501528,6.84984212147681,-1.8837395484878239,-0.6556260792882229,4.6775850828257175,-1.8825525020036704,-3.8322197391286497,-4.108141355394561,-3.0594277255861178,-7.579155711744493,-1.5992845967353742,1.47815587790018,-2.205951697463112,-0.6851911778601821,5.556976720790489,8.089601972532146,-3.8643620947741444,-2.45524563711446,0.20034521466768748,2.6383262409857346,-3.460360988471534,0.625201560113782,2.029568907001902,5.446153181326984,-2.861777152621741,0.09148240967332529,0.23598526295049227,-5.456230608340358,-2.1682273038482576,-0.30154523202536687,-2.128014801142015,-2.129083205011372,-1.6351476647595944,4.769522407092162,-3.3831340744689675,3.266682652226357,-1.1680720535888935,2.1792538053586084,2.1995795223900654,-1.5790901949442904
6.171148435346841,8.78494332182699,1.3272565981671762,1.1379022981029658,-8.669693115946709,2.51722756661072,1.052629265432447,-5.916798889090395,2.302849382461833,4.798325819726239,5.248403501870278,3.8876708069384223,9.895152770097472,2.047779492911464,-1.8693154882142742,2.941468435966545,0.8518434659501439,-7.244540736338808,-10.52406242150305,5.0472778496507935,3.15643133275824,-0.3015688067390652,-3.460360988471534,4.576991438019263,-0.7002505211379759,-2.815678242094177,-7.1152420750297605,3.684546678600363,-0.2375841161001402,-0.24016910716961304,7.094650196484613,2.720924791119274,0.42650596803748786,2.815160987321861,2.8969802044269684,2.182113433030036,-6.001741196062672,4.386411497626996,-3.980814375721966,1.5480800262410663,-2.8671542915671964,-2.922212045835752,1.9986055798765288
-2.4060852815511904,-3.8338063788240135,-0.1562371643128087,0.5639303190836407,4.35499671303558,-0.016578184074481604,1.3441515299331968,2.9074900037087805,-1.7712441213530747,-2.831760675172103,-2.3020715285698072,-1.7721057486060585,-2.345634764322242,-0.8062549044199759,0.8629999510790572,-0.18461121536020852,-0.6236002168265814,1.790812654168862,2.864796207458361,-1.0703446060219248,-1.1454406553066283,-0.25159199842373225,0.625201560113782,-0.7002505211379759,1.194803992686597,-0.6957496853104439,1.583291545552443,-1.32974566185362,-0.8661073865721087,0.6158488936022231,-1.9378407072426627,-1.5684243128462787,0.15069236529051716,-0.47316419035342117,0.3012059851238329,-0.14949577353159477,3.242281468356113,-1.291181883525657,3.2519991117714446,-0.2509820553001224,0.5397460650093855,0.2866003372320674,-0.9453686011511304
-2.278998434812184,-2.8221046675289543,-0.8635384810934256,-1.4648220610318066,2.1913923453673707,-1.9319438856721884,-2.2097613218278553,1.5624156581902477,0.05509293634986055,-0.7767334868519319,-1.6761102362853988,-1.1719745879900167,-5.22736693808084,-0.7484191053383127,0.5529943450569244,-2.087834864891848,-0.01286317873016681,3.7507929758658567,5.177476105392226,-2.7939510512255166,-1.2546466679663795,0.49379765890881044,2.029568907001902,-2.815678242094177,-0.6957496853104439,2.90187008177691,3.8656593382076783,-1.4737265098180679,1.0826409851834153,-0.4514425182697172,-3.48485279331689,-0.47949190844942735,-0.4879566101498721,-1.6912526821946368,-2.5553335536988593,-1.533348053127375,1.2800646376574865,-2.056435627199386,-0.2932601386684982,-0.9379678103885485,1.659530482379691,1.9640650476711694,-0.5655043659510824
-10.294810672337661,-14.84488769637822,-2.0470258422459215,-1.4263185769429374,14.901865419091369,-3.7681603932820664,-0.9397754008328816,10.154940308354963,-4.252680088593362,-8.446123183147328,-8.854610142159427,-6.606982917116815,-15.803366168470475,-3.420386506761058,3.1923741723519816,-4.46220822094852,-1.5446835791495699,11.606161117251157,16.969922477321635,-8.018806495670637,-5.225753914033742,0.33095312002176225,5.446153181326984,-7.1152420750297605,1.583291545552443,3.8656593382076783,11.325614429085965,-6.091074081419254,-0.0552583423247248,0.6426824097730682,-11.447053078562025,-4.769893743575437,-0.5621544911230602,-4.389727602942848,-4.173049558116131,-3.3111491109460953,10.431931857557917,-7.121776927077613,7.430243101231456,-2.407056698774337,4.507816105652372,4.477300541666123,-3.417288790853077
6.010925274009158,8.846150249971933,1.0372926359467534,0.39367303490945976,-9.129436679371636,1.775351192921026,-0.21704368630565063,-6.190353563665741,2.863274175812898,5.352180981261108,5.286010078713901,3.9691970297560926,8.567428485970513,2.0003984461627007,-1.9201910532996809,2.1849482264744804,1.0316850904345671,-6.32520258851956,-9.37035278873609,4.286751602665178,3.014093308968472,-0.03215895239462341,-2.861777152621741,3.684546678600363,-1.32974566185362,-1.4737265098180679,-6.091074081419254,3.5111703291573266,0.44952258610262774,-0.6034424440335029,6.323081258255851,3.007758592401722,0.19035547256133198,2.2941000242823346,1.8109346668724853,1.627827996035412,-6.48477648440206,3.9756026538093363,-5.080619458774275,1.253974575594937,-2.3810637075796377,-2.2422131682062822,2.0665428032134376
0.9085808574082942,1.6331253102871959,-0.10482178510990774,-0.6743150852121029,-2.08409062323623,-0.4292145445261219,-1.3103313716812375,-1.374100013816629,1.0695460264023762,1.50541965155419,0.9764985027476153,0.7856431201946984,0.19122720860112602,0.3080419056718175,-0.39020833078768685,-0.3715251006981769,0.3637895748353649,-0.2021023248458154,-0.5072800866148083,7.825042350239491e-4,0.39308721452339757,0.2635316086700325,0.09148240967332529,-0.2375841161001402,-0.8661073865721087,1.0826409851834153,-0.0552583423247248,0.44952258610262774,0.7676851611107857,-0.4698063057610431,0.34797464761562547,0.8214580596212877,-0.2036852934739051,-0.11556637201086052,-0.7665545784454092,-0.2652106421081729,-1.6371046917537517,0.2943998847725585,-2.004559651120509,-0.07104953927052256,0.06351429110091387,0.28214679537048676,0.43531429289555595
-1.1069984366731958,-1.7941830957336307,-0.04521774605875808,0.3341836073270575,2.0734223017673163,0.06056042204895622,0.7474112002266574,1.38270134294671,-0.879969670487217,-1.3730214171930981,-1.0756127710799517,-0.8348777639734284,-0.9685279394217982,-0.37165405199999574,0.4089277428062356,-0.015058902043957824,-0.3067223013736729,0.7485701193704942,1.2264254984895544,-0.42859970568965033,-0.5208005438692068,-0.14307288146271063,0.23598526295049227,-0.24016910716961304,0.6158488936022231,-0.4514425182697172,0.6426824097730682,-0.6034424440335029,-0.4698063057610431,0.32190679414959944,-0.83107493516512565,-0.7583884448564101,0.09266917828456357,-0.17001918936758403,0.24281361891295186,-0.01675573624032683,1.55806774255176,-0.5633908657556761,1.6211076051985083,-0.08793594173126722,0.20503013594108202,0.06902085307905174,-0.4480036744364814
10.735809563958579,15.607003229736756,2.0231117077199334,1.1806109841918844,-15.842445245748896,3.6313848950892904,0.4458841492199705,-10.771870290575933,4.700149946686336,9.103899849406591,9.320555520890489,6.969383579567119,16.02296217555565,3.5693926095404547,-3.3682207659317727,4.362065423116801,1.7038247793772585,-11.790279695270309,-17.32777100837151,8.082855815747141,5.42417838842344,-0.23222107647066154,-5.456230608340358,7.094650196484613,-1.9378407072426627,-3.48485279331689,-11.447053078562025,6.323081258255851,0.34797464761562547,-0.83107493516512565,11.690612142330327,5.131567548272811,0.49156632550697776,4.395494865999652,3.9150192389919916,3.240020552811508,-11.15352063031465,7.300918281817358,-8.267274927737494,2.406478215816207,-4.527343989405837,-4.409616782206114,3.612364884130639
5.233898834217765,7.884685012312339,0.7422351813398644,-0.1084016632845388,-8.384051257982284,1.1146155187020774,-0.9752228803409163,-5.659375422901595,2.8844493057960827,5.089340397447322,4.713774954691206,3.569970423842847,6.7804044141674895,1.7452055086716665,-1.7321479155521449,1.470043109799222,1.027436099003,-5.043170320039263,-7.600246840403348,3.3327048276128375,2.5859929527185312,0.137083663404062,-2.1682273038482576,2.720924791119274,-1.5684243128462787,-0.47949190844942735,-4.769893743575437,3.007758592401722,0.8214580596212877,-0.7583884448564101,5.131567548272811,2.8451613738233585,0.02277020849994227,1.7144219636347682,0.9359501624557779,1.1030844643561435,-6.05078610886962,3.2729748129769924,-5.184981828800523,0.9326811027361107,-1.8132966678293794,-1.5702484157600496,1.8744706360574956
0.279627614557648,0.317343875045882,0.13157916873401868,0.25341425501144055,-0.19918456727872536,0.30701095360646075,0.40010235039001535,-0.14752377345766673,-0.07082904088031415,0.026269353881045943,0.19035858165875116,0.12605586947620032,0.754481160390522,0.09137555070685792,-0.05810511005480315,0.3282369998002542,-0.018412202329727907,-0.537436413075618,-0.7302696690047836,0.4065659150161624,0.16052084124546084,-0.08734873479690367,-0.30154523202536687,0.42650596803748786,0.15069236529051716,-0.4879566101498721,-0.5621544911230602,0.19035547256133198,-0.2036852934739051,0.09266917828456357,0.49156632550697776,0.02277020849994227,0.08414286768944565,0.25669738886388416,0.41853126850761424,0.239727604866343,-0.09077803259333267,0.2840779898664047,0.16029966017342454,0.14212525183225416,-0.247005744033558,-0.3036601141733464,0.056603322739174816
3.8423932534740386,5.486418331647995,0.8118749910114801,0.6728151541371153,-5.436038704099465,1.5318927821433521,0.594703987108989,-3.7047443854088993,1.4643438578413963,3.024351604721037,3.2843085994849637,2.4318869844432314,6.112973297910322,1.2755613804544024,-1.1688302737577272,1.8011043471913124,0.5435769166064577,-4.477660455182734,-6.518491602668066,3.1067595371198435,1.963060765869137,-0.17417808164001602,-2.128014801142015,2.815160987321861,-0.47316419035342117,-1.6912526821946368,-4.389727602942848,2.2941000242823346,-0.11556637201086052,-0.17001918936758403,4.395494865999652,1.7144219636347682,0.25669738886388416,1.7383570702349171,1.7539233213550067,1.3344801312891668,-3.768211969321759,2.718736657071692,-2.5388075528765817,0.9541147315937176,-1.767132364859762,-1.7899551639310414,1.248923705700179
2.910184066932245,3.8645391590595626,0.8720854289343033,1.2243060315142735,-3.4199523914846877,1.8509351030745986,1.6963469180349278,-2.3808940532363483,0.49019448770440494,1.60590995755667,2.298543894501827,1.6599985548192582,5.702878475772876,0.9606600486768033,-0.7932265855000689,2.0477069308736136,0.200616885182804,-4.125314569761321,-5.81164120519698,2.9961137392749686,1.5470867935956212,-0.3941348640481841,-2.129083205011372,2.8969802044269684,0.3012059851238329,-2.5553335536988593,-4.173049558116131,1.8109346668724853,-0.7665545784454092,0.24281361891295186,3.9150192389919916,0.9359501624557779,0.41853126850761424,1.7539233213550067,2.3461171372003533,1.507859436032533,-2.213263464934393,2.3560756144512265,-0.7150452498757812,0.9692020690669366,-1.746708697895707,-1.9609699004415873,0.8298928550033693
2.6969522130745163,3.7702506562251985,0.6410967588570343,0.6670971424692844,-3.6233772601582226,1.264127369601181,0.7560722444001062,-2.4848089341636643,0.8593572156470819,1.9344387135910057,2.249103450049312,1.6558893520274884,4.579564418454616,0.8936465248036402,-0.7950872924594321,1.4479982646962906,0.32224972120212725,-3.3405637603737577,-4.807452765277925,2.3584107150476115,1.39380419293887,-0.19406493598359845,-1.6351476647595944,2.182113433030036,-0.14949577353159477,-1.533348053127375,-3.3111491109460953,1.627827996035412,-0.2652106421081729,-0.01675573624032683,3.240020552811508,1.1030844643561435,0.239727604866343,1.3344801312891668,1.507859436032533,1.0717829043516558,-2.4706848453718484,1.9875992297958374,-1.452780560753457,0.735243170312912,-1.3501252636350762,-1.4209128024620952,0.8458310474863304
-11.265433434768704,-16.912397707627598,-1.6492815945846906,0.09389452221871258,17.905631869503747,-2.536506345806864,1.8566872353307977,12.098964242162584,-6.088243487258391,-10.817842808667015,-10.101466297101492,-7.646856895436066,-14.7994546843044,-3.755166488821164,3.7110377735169364,-3.295038998849764,-2.166945159113369,10.99565228202606,16.521114333703554,-7.3035707603494835,-5.577216051888554,-0.24341921252581883,4.769522407092162,-6.001741196062672,3.242281468356113,1.2800646376574865,10.431931857557917,-6.48477648440206,-1.6371046917537517,1.55806774255176,-11.15352063031465,-6.05078610886962,-0.09077803259333267,-3.768211969321759,-2.213263464934393,-2.4706848453718484,12.898964738245017,-7.1007959714219995,10.923950794299028,-2.0526065490327587,3.9802946492488838,3.49748353657695,-4.013475957047879
6.7671377938835,9.868228500530108,1.2480358860679857,0.666067363184557,-10.060395620375019,2.2141158378581993,0.14411088679293402,-6.83657790291946,3.03051999752014,5.811860458328089,5.891723093653552,4.411697898556381,9.979559740759125,2.250367534390436,-2.1330050107910776,2.6728699824893027,1.0955214191468792,-7.349641310842624,-10.82142901793958,5.02677216761004,3.4120169155708484,-0.11800739367669182,-3.3831340744689675,4.386411497626996,-1.291181883525657,-2.056435627199386,-7.121776927077613,3.9756026538093363,0.2943998847725585,-0.5633908657556761,7.300918281817358,3.2729748129769924,0.2840779898664047,2.718736657071692,2.3560756144512265,1.9875992297958374,-7.1007959714219995,4.568258295324084,-5.343141047919312,1.4884892221801196,-2.8078041199485937,-2.7130018285459303,2.2903851465300105
-8.964145089801029,-13.75582069040296,-1.048695144728226,0.8117566410931206,14.958898165702326,-1.314228220458395,2.760863196818981,10.067067229415924,-5.4836505061135705,-9.309660719970418,-8.221819117591648,-6.271809720565411,-10.668832405681545,-2.993771853420306,3.0517758961186376,-1.9174904083424222,-1.9359306111862702,7.99268980099585,12.23740827532529,-5.1573409825434835,-4.37537891354753,-0.4635592766195267,3.266682652226357,-3.980814375721966,3.2519991117714446,-0.2932601386684982,7.430243101231456,-5.080619458774275,-2.004559651120509,1.6211076051985083,-8.267274927737494,-5.184981828800523,0.16029966017342454,-2.5388075528765817,-0.7150452498757812,-1.452780560753457,10.923950794299028,-5.343141047919312,9.935453377428388,-1.374018376009071,2.7434074077073762,2.159189365489588,-3.315828129540757
2.1002098491188215,2.9946442055314266,0.4473512369423726,0.37641187204383614,-2.9637996652295615,0.8433452567821801,0.3387458604390974,-2.01965536237581,0.792819786020584,1.644831165902128,1.7925790045765004,1.3259096005064845,3.351329178482909,0.6969434745459033,-0.6361684998492138,0.9902872929334346,0.29511447755724673,-2.454130533798384,-3.5702778025223063,1.704995259495145,1.0733985089991502,-0.0984851858235994,-1.1680720535888935,1.5480800262410663,-0.2509820553001224,-0.9379678103885485,-2.407056698774337,1.253974575594937,-0.07104953927052256,-0.08793594173126722,2.406478215816207,0.9326811027361107,0.14212525183225416,0.9541147315937176,0.9692020690669366,0.735243170312912,-2.0526065490327587,1.4884892221801196,-1.374018376009071,0.524762114633986,-0.970427921007181,-0.9851589802127628,0.6811015045852405
-4.0054938896249395,-5.740594106923904,-0.8275117396672979,-0.6434656535051458,5.717248006031752,-1.545381793853692,-0.5184497590971505,3.8974854668126326,-1.577367746707158,-3.204287358348413,-3.4287129419895246,-2.547963984954514,-6.2809577131865755,-1.329978039699325,1.2274712738966667,-1.8194483216809223,-0.5789994838652208,4.605585981597293,6.71399496192809,-3.193439553629271,-2.040792044762955,0.16093807484102254,2.1792538053586084,-2.8671542915671964,0.5397460650093855,1.659530482379691,4.507816105652372,-2.3810637075796377,0.06351429110091387,0.20503013594108202,-4.527343989405837,-1.8132966678293794,-0.247005744033558,-1.767132364859762,-1.746708697895707,-1.3501252636350762,3.9802946492488838,-2.8078041199485937,2.7434074077073762,-0.970427921007181,1.806059940514641,1.8165219892243623,-1.3135039360824963
-3.73125238242975,-5.25206240685566,-0.8552611260786736,-0.8340670954423389,5.097285119339665,-1.6658168660663626,-0.8918529435793284,3.4909978401661483,-1.2661342011573204,-2.760262000969077,-3.1323157652982507,-2.3137064570688732,-6.2029802744673015,-1.2371213080207744,1.112901391528164,-1.919103092233726,-0.47033828803985805,4.531041588943544,6.541436146287883,-3.1855112073405727,-1.9208303032752083,0.23600351955422674,2.1995795223900654,-2.922212045835752,0.2866003372320674,1.9640650476711694,4.477300541666123,-2.2422131682062822,0.28214679537048676,0.06902085307905174,-4.409616782206114,-1.5702484157600496,-0.3036601141733464,-1.7899551639310414,-1.9609699004415873,-1.4209128024620952,3.49748353657695,-2.7130018285459303,2.159189365489588,-0.9851589802127628,1.8165219892243623,1.8908188503378371,-1.1853536839107754
3.575028117323705,5.33075485046895,0.5555662527408254,0.05908584988809335,-5.593934797074583,0.8927661663893939,-0.4337504288568417,-3.78698222804338,1.855288761324633,3.3470546924060813,3.180266951377111,2.404216242721608,4.830404081938126,1.1910598548935847,-1.1672685032444996,1.1312206648670609,0.6602356623796325,-3.5811597285378003,-5.351099354901536,2.399495605980126,1.77741053560949,0.044569818768465073,-1.5790901949442904,1.9986055798765288,-0.9453686011511304,-0.5655043659510824,-3.417288790853077,2.0665428032134376,0.43531429289555595,-0.4480036744364814,3.612364884130639,1.8744706360574956,0.056603322739174816,1.248923705700179,0.8298928550033693,0.8458310474863304,-4.013475957047879,2.2903851465300105,-3.315828129540757,0.6811015045852405,-1.3135039360824963,-1.1853536839107754,1.2597233150184939
