V1,V2,V3,V4,V5,V6,V7,V8,V9,V10,V11,V12,V13,V14,V15,V16,V17,V18,V19,V20,V21,V22,V23,V24,V25,V26,V27,V28,V29,V30,V31,V32,V33,V34,V35,V36,V37,V38,V39,V40,V41,V42,V43,V44
1.4979765424893217,-1.0870973991646613,-0.6432203644528132,0.7034466927227024,0.6414394478078866,-0.6406578528741699,1.3216795403077637,-2.1564880791477816,-1.4765750601466368,1.038665342940762,-0.14145964738712555,-1.7831045436574824,-8.538890746090898e-4,2.107924184884779,1.304744305003988,2.2998825182493277,0.31811619481184233,-0.026032821783602885,-0.9342328585954676,-1.0604215719647823,-0.030914255040185756,-0.6950247922861538,2.1380422813783144,0.20038151629166,-1.5646824851228522,0.05176897781542374,-0.40381943431926964,0.2058138212713723,0.3306761659845736,-1.8153307953217428,-2.279154741207249,0.47379763258230756,-1.7157931007222993,-1.237272710379315,1.3915655076995317,0.7077124831103829,-1.841762587818443,-0.305112216859131,-0.5821459197430942,0.878023973542008,0.628499866206797,-1.385768124052917,0.4175913471384652,-1.3405999169818146
-1.0870973991646613,0.9354374367599212,0.4037543626472197,-0.3462717714413417,-0.09406473150811027,0.5198854386611164,-0.9574760199564468,1.283668526610066,0.8774150120679436,-0.5677478612665311,0.05649145817099772,1.3941044458526803,-0.07953400155494669,-1.604420194294218,-0.9085557742912893,-1.4421702063057256,-0.3439643247905747,0.1800519470720144,0.9280142217929918,0.6518532029823491,0.2853981769848872,0.4978090633723842,-1.602726980555644,-0.23160140570574353,1.1275151873518057,0.23478005820663636,0.19380008291746229,0.05402452577461653,-0.45696553355927344,1.404528619406599,1.7448991323642977,-0.4176568040052191,1.1840377129969997,1.2686803860071063,-0.9756770810616553,-0.5360108478524267,1.4528595684423071,0.38726993183177577,0.5295446520340312,-0.4788207250914411,-0.27793772876234624,1.0141090593014241,-0.21803888868792737,0.8078300720778719
-0.6432203644528132,0.4037543626472197,0.9371180499366691,-1.2655029108913227,-1.6437759346378817,0.1668521460561721,-1.0346538886227186,2.248634622964902,1.8715448519959934,-1.4471064540816914,-0.046941801806665136,0.9551967899458547,0.2508964524364919,-1.056601290889822,-1.4836369075582758,-2.533124236503608,0.09667275310076301,-0.8749250415736315,-0.2623303688016666,1.1814414758989273,-0.5605356850056324,0.5677114561566068,-1.3381259964710586,0.05193339477800293,1.096222599657301,-1.0414308523540223,0.7896915052997668,-0.6965488438107675,0.16451215233377822,1.1114841493813665,1.3485427728202526,0.0541986499166351,1.6465440689010165,-0.28840819406591295,-1.031596502527814,-0.3275728694585057,0.906777043828877,-0.3957288459251955,0.18628449419682921,-1.1585817339195665,-1.1299496047954245,1.005074124264249,-0.63978461027918,1.282747127216896
0.7034466927227024,-0.3462717714413417,-1.2655029108913227,1.9945797395348184,2.4936109021309316,-0.025145534179642517,1.3648332668378997,-2.8013360591154126,-2.5905486665697253,2.0461012045307596,0.12021456249315302,-1.0521443496736274,-0.4396392810929165,1.1903178181935974,2.068713869668661,3.440537084050363,-0.23142210419198073,1.3869499910699339,0.8312906058156123,-1.7109498069905074,0.9647956556423442,-0.684979964725286,1.364043937827273,-0.04226673114947465,-1.3129070382596992,1.627601151975865,-1.137232505257155,1.1093737745031376,-0.3782997198739467,-1.2770113351854628,-1.544626450562419,-0.15130037730597573,-2.195654070421625,0.8216511362562852,1.2719499681189081,0.22456376812086956,-0.7839030367421852,0.9207494790664622,-0.14764130170141226,1.6947942498489703,1.6136113590881613,-1.060342875422575,0.8394491522142149,-1.7642519484657324
0.6414394478078866,-0.09406473150811027,-1.6437759346378817,2.4936109021309316,3.6176450284785315,0.10332610239872306,1.5227192412964383,-3.9328597469150997,-3.365510576463392,2.720261780327593,0.09770975819033685,-0.9211243196778771,-0.6015604951541033,1.0002459585209524,2.4258522092997725,4.308711252991666,-0.5917184187160773,1.9826701326054186,1.3472091526173047,-2.1157589105720525,1.560919940823197,-0.77584370720494,1.5880714785676127,-0.30270268000504524,-1.4315615673760465,2.4952417977329895,-1.5577390426436935,1.6469364638831685,-0.8633790566293398,-1.2160466415666888,-1.5382954905434965,-0.4539322504190088,-2.6098854517284766,1.7802321433000203,1.515254291445436,0.2701290232937556,-0.7326189072220873,1.190884912127819,0.09070410180444323,2.166587740094611,2.2577699571294896,-1.3350342011308727,1.21281596458789,-2.194036799721427
-0.6406578528741699,0.5198854386611164,0.1668521460561721,-0.025145534179642517,0.10332610239872306,0.42325456844468107,-0.42719997552306455,0.7255870284381082,0.42673358000475087,-0.20701061826368736,0.09957680676898592,0.7806579403195466,-0.061907223320195263,-0.8792304952363462,-0.36538143382570787,-0.6899236918167179,-0.29073966285120395,0.1939438114268294,0.6446322247860432,0.24893861634781697,0.18812173253708483,0.2700217264472763,-0.9434195675246378,-0.06569676976085023,0.6314349716624377,0.1829525456374201,0.04293438632193937,0.0961492000729336,-0.2667067598452059,0.7624266825499483,0.8952770848781932,-0.2138143807790028,0.5266021747931016,0.7864770211058408,-0.4896689817991794,-0.3436047312684956,0.8896322883044538,0.3233290770940562,0.3378639807879659,-0.19784437832218202,-0.07296281906862234,0.6039622282179631,-0.10549472401449614,0.4023794603190797
1.3216795403077637,-0.9574760199564468,-1.0346538886227186,1.3648332668378997,1.5227192412964383,-0.42719997552306455,1.57651165736805,-2.716442697345359,-2.1600765269060607,1.6318076778533128,0.009750142662190604,-1.7259817554997339,-0.16081718664859865,2.0019234329000297,1.8806238023752282,3.093775815097823,0.09764473814563372,0.6069472064752632,-0.33416600330715424,-1.5028807091420429,0.35501236598449226,-0.8019813788631751,2.136943808595799,0.15367299736368883,-1.6645329929609671,0.7157623960656134,-0.8056434669098078,0.5953333301277879,0.14060840373410088,-1.8527254447616608,-2.3323653900545342,0.2679779466322942,-2.201530023482472,-0.5653331262697703,1.553750370154641,0.5982571364602955,-1.6595984045086498,0.12215104886676988,-0.47052104647958226,1.3247933104327274,1.1581248732502483,-1.490553524857758,0.6680738662612818,-1.6743138508557265
-2.1564880791477816,1.283668526610066,2.248634622964902,-2.8013360591154126,-3.9328597469150997,0.7255870284381082,-2.716442697345359,6.26924053585886,4.7002358461821405,-3.5789371528808327,0.11245975376437299,2.7849245878138693,0.4957594337105105,-3.0867033445700813,-3.517328879706569,-6.413646932351551,0.20956411063735023,-1.7626420675033945,0.041885095625585136,2.9360134482609475,-1.285053259895645,1.4702264431496574,-4.0681877797096355,0.20977301212983238,3.0183813070327856,-2.3904625197221594,1.8618213513085458,-1.6715467730401918,0.4597547251944759,3.096497070491664,3.8747596442539574,0.012076676195417857,4.197516180129376,-0.274000770028548,-2.9124141786843163,-1.173917774822303,2.921451135002012,-0.48325526156466636,0.5608025767080008,-2.8393250268391217,-2.7552710890587115,2.9362000077802604,-1.656056969823847,3.3428698682036084
-1.4765750601466368,0.8774150120679436,1.8715448519959934,-2.5905486665697253,-3.365510576463392,0.42673358000475087,-2.1600765269060607,4.7002358461821405,3.948791525609555,-2.966438544353823,-0.07875728125080259,2.019597145656992,0.5053197204761217,-2.233842908944943,-3.0435893702707615,-5.260344292295094,0.14373132142498413,-1.7533928346151493,-0.4648714807878898,2.501793704322802,-1.1745520651217078,1.1430208659242203,-2.819797001383891,0.10296969220443665,2.2851455892470334,-2.163339858381638,1.6121875029660313,-1.4647834081780555,0.42034690320166385,2.3153146914909497,2.8120930857417297,0.11525404285540214,3.408944643673001,-0.611263326560322,-2.1973029683391334,-0.6480148835659951,1.9138736073346527,-0.8093950600072147,0.44232066500439415,-2.44194818121352,-2.2915559991734455,2.091845444243442,-1.2952726867305846,2.674660781617075
1.038665342940762,-0.5677478612665311,-1.4471064540816914,2.0461012045307596,2.720261780327593,-0.20701061826368736,1.6318076778533128,-3.5789371528808327,-2.966438544353823,2.321340814791475,0.047854909802292525,-1.435314659634913,-0.41540288405080117,1.6149865215350432,2.303090092934381,3.990704658294264,-0.2300066812439867,1.3918161138145038,0.5205920779485228,-1.9114009625297537,0.9946149888636231,-0.8577379536427457,2.0234561796033317,-0.09493811627942476,-1.6820782135007588,1.7170423818668537,-1.2578353510981104,1.1843265653367792,-0.37453189292541655,-1.6681330100928877,-2.069116785411561,-0.10179083558844276,-2.5765598741860662,0.6204330437136202,1.6325107854454928,0.4830234449125016,-1.321073009685291,0.6981826823636322,-0.22941193325262788,1.868072902976163,1.8188898065888344,-1.5242776568590486,1.012979352030228,-2.0664222858668224
-0.14145964738712555,0.05649145817099772,-0.046941801806665136,0.12021456249315302,0.09770975819033685,0.09957680676898592,0.009750142662190604,0.11245975376437299,-0.07875728125080259,0.047854909802292525,0.13214898305131542,0.10844144804503116,-0.027140864751357633,-0.09878070348037939,0.13130015015689087,0.07093481923478151,-0.019062212350012833,0.18412452887750744,0.17794579267572672,-0.07180230648748323,0.038625140119248544,-0.010429604650338776,-0.13955253235187526,0.04772768922434072,0.049905482034743064,0.08580278367558575,-0.06679873668635851,0.05256711797190935,-0.022424402011692803,0.06564682762769486,0.09196737633012966,-0.020436671318444507,-0.0627127972823838,0.1681941361672523,-0.019106331300451276,-0.1289158993806267,0.15362915629526122,0.12174644832410748,0.018288722437849462,0.05265514256301053,0.03763598628532828,0.06261241272091908,-0.009104623416914795,0.028056067308454346
-1.7831045436574824,1.3941044458526803,0.9551967899458547,-1.0521443496736274,-0.9211243196778771,0.7806579403195466,-1.7259817554997339,2.7849245878138693,2.019597145656992,-1.435314659634913,0.10844144804503116,2.2980177791280094,0.04002165057385029,-2.665960735749576,-1.8526781920979658,-3.1274910301941348,-0.4155338006481097,-0.1430895195527103,1.074188505128953,1.407364381620329,0.06943308230751127,0.9355361731053429,-2.7319090857426747,-0.26611953394312193,2.0394633972990714,-0.17232229782166295,0.6023370286910642,-0.2826154218540055,-0.48604443052931945,2.382446627601346,2.9337218055465977,-0.5616835453184641,2.321792509481077,1.5388351461816976,-1.7702015455094315,-0.8844758266092424,2.346088819844917,0.2859798407580926,0.7748788129350107,-1.1963424648295067,-0.8960168864920953,1.7851974576912433,-0.5858146440602549,1.732157394653433
-8.538890746090898e-4,-0.07953400155494669,0.2508964524364919,-0.4396392810929165,-0.6015604951541033,-0.061907223320195263,-0.16081718664859865,0.4957594337105105,0.5053197204761217,-0.41540288405080117,-0.027140864751357633,0.04002165057385029,0.1411944030491831,-0.060758628107125796,-0.3618094575486331,-0.6616347452833824,0.08832920047199705,-0.3809746737982717,-0.37128026838863587,0.30990667949163947,-0.29054066369635295,0.1062285020070987,-0.07742196529592248,0.05405409529443212,0.1716112865335255,-0.43932629269388596,0.24035866646228118,-0.2912242308096221,0.1809334256533521,0.10462499343572268,0.09208958082025939,0.08565356529258845,0.35729431294100394,-0.40366144877895727,-0.15277501627502638,0.02747805858415862,-0.030290816855569405,-0.3183504499750255,-0.04029155445026019,-0.3570780802846113,-0.34882859673422034,0.08821170713757269,-0.16983407218602295,0.33040172081045555
2.107924184884779,-1.604420194294218,-1.056601290889822,1.1903178181935974,1.0002459585209524,-0.8792304952363462,2.0019234329000297,-3.0867033445700813,-2.233842908944943,1.6149865215350432,-0.09878070348037939,-2.665960735749576,-0.060758628107125796,3.2506858636878806,2.141213057459686,3.6249447000949093,0.5270409265203011,0.13098608268072498,-1.2344225131167916,-1.6279192255720414,-0.060531966843005144,-1.1498397246203838,3.1109245781459407,0.38679697922141487,-2.4316136123062773,0.040240402675266566,-0.6421564813818076,0.3153585531752056,0.5911113769609624,-2.788343811931994,-3.435885626044173,0.8145383955475721,-2.6977443060798225,-1.9053517561444704,2.0674040172117123,0.9961512962535305,-2.7035416716278022,-0.31540711001562066,-0.8882697165542639,1.364465146719079,0.9657714074248355,-2.0347553125836497,0.610037852999603,-2.069235929714753
1.304744305003988,-0.9085557742912893,-1.4836369075582758,2.068713869668661,2.4258522092997725,-0.36538143382570787,1.8806238023752282,-3.517328879706569,-3.0435893702707615,2.303090092934381,0.13130015015689087,-1.8526781920979658,-0.3618094575486331,2.141213057459686,2.5728453024326265,4.2223069929809,0.017567144876526563,1.2721371690473888,0.18078664999026586,-2.0274108102721,0.7323219056642626,-1.010394709940972,2.358604971413569,0.10235046127977092,-1.9876195587645011,1.3991102044024326,-1.2203847946194364,1.0191675014040926,-0.06794005055908228,-2.098906711741075,-2.5564107192996235,0.13198873931771568,-2.8561976103979405,-0.009669042366939223,1.8407286361190809,0.5456854729839965,-1.7005689687618082,0.5750346422782622,-0.4795717987589512,1.901957156081157,1.7083345708367512,-1.7176368490345681,0.9462267455167719,-2.1723154986986057
2.2998825182493277,-1.4421702063057256,-2.533124236503608,3.440537084050363,4.308711252991666,-0.6899236918167179,3.093775815097823,-6.413646932351551,-5.260344292295094,3.990704658294264,0.07093481923478151,-3.1274910301941348,-0.6616347452833824,3.6249447000949093,4.2223069929809,7.352350190554594,-0.043445988528974376,2.1507475661720674,0.28291106298805285,-3.4103272734775576,1.369370761133581,-1.723022478192173,4.173299160815281,0.01210676492268984,-3.44587923345711,2.5354570690976894,-2.0702352886664417,1.8573298220768126,-0.3668885310434138,-3.557111003610452,-4.314998093394114,0.186714242440161,-4.849549193922354,0.1830283726060131,3.186516911082945,1.053261484795867,-3.0117560907500187,0.9582059836559913,-0.7467494670118526,3.297876146095329,2.98497987566291,-2.985369043477394,1.6957367954816884,-3.8025575147141497
0.31811619481184233,-0.3439643247905747,0.09667275310076301,-0.23142210419198073,-0.5917184187160773,-0.29073966285120395,0.09764473814563372,0.20956411063735023,0.14373132142498413,-0.2300066812439867,-0.019062212350012833,-0.4155338006481097,0.08832920047199705,0.5270409265203011,0.017567144876526563,-0.043445988528974376,0.36570114764125816,-0.33206019966306605,-0.5223046410228768,0.07703783017425356,-0.3443868653484833,-0.1169720574986885,0.322368052014339,0.15420676303241665,-0.27264055332708254,-0.4974395859270254,0.179199739716892,-0.2958820320551519,0.3572133518098004,-0.3879907238602207,-0.3859225231710051,0.26460371014622636,-0.04992437593659609,-0.8205948899693134,0.10342375936345831,0.11593900343240672,-0.43934576706219264,-0.2616012728438065,-0.2902804635172954,-0.11626012240127995,-0.2822425175605454,-0.16206400058474346,-0.1374625502745191,-0.008642803674869031
-0.026032821783602885,0.1800519470720144,-0.8749250415736315,1.3869499910699339,1.9826701326054186,0.1939438114268294,0.6069472064752632,-1.7626420675033945,-1.7533928346151493,1.3918161138145038,0.18412452887750744,-0.1430895195527103,-0.3809746737982717,0.13098608268072498,1.2721371690473888,2.1507475661720674,-0.33206019966306605,1.3089280316531053,1.0754166298435326,-1.058276191281205,0.9046516778347806,-0.34778515440013985,0.4234994807072965,-0.1813368828548264,-0.5322195383281569,1.490107356438125,-0.8660251672670861,0.9255550250337542,-0.5427830121938418,-0.34509849447281343,-0.3723203231838615,-0.36601068191939584,-1.2308826092009395,1.3388221531127893,0.5786361317521167,-0.07829685166983111,0.00428781119372003,0.8495467131491724,0.11922360953641316,1.1362038033920285,1.1898483267163686,-0.47149819765699125,0.6091208228889419,-0.9949883126495216
-0.9342328585954676,0.9280142217929918,-0.2623303688016666,0.8312906058156123,1.3472091526173047,0.6446322247860432,-0.33416600330715424,0.041885095625585136,-0.4648714807878898,0.5205920779485228,0.17794579267572672,1.074188505128953,-0.37128026838863587,-1.2344225131167916,0.18078664999026586,0.28291106298805285,-0.5223046410228768,1.0754166298435326,1.6997885628581186,-0.2506281862076603,0.9144473824338728,0.1955595605287727,-1.2371962317405965,-0.2571724156465095,0.602706005293947,1.2330842940314313,-0.4454824021756938,0.7120211765791169,-0.7242003009176591,0.9531103523565323,1.2233982051268228,-0.5806587982229193,0.12758384752283808,2.009650453340652,-0.46210226057052434,-0.5755507989502415,1.377983395104816,1.0930044807789567,0.5354603337816857,0.43822667274908567,0.6080352445591357,0.66373167784547,0.20525241165071795,-0.06605391095245071
-1.0604215719647823,0.6518532029823491,1.1814414758989273,-1.7109498069905074,-2.1157589105720525,0.24893861634781697,-1.5028807091420429,2.9360134482609475,2.501793704322802,-1.9114009625297537,-0.07180230648748323,1.407364381620329,0.30990667949163947,-1.6279192255720414,-2.0274108102721,-3.4103272734775576,0.07703783017425356,-1.058276191281205,-0.2506281862076603,1.6788032417704228,-0.717884689204143,0.7673966348724345,-1.8391456741054613,-0.035082769006510785,1.5400085331752946,-1.2578178376200417,1.0153441352992971,-0.9171869616917022,0.19081327298433592,1.5904648654511315,1.978081928272441,-0.044675047594808455,2.2758989075992213,-0.21254150946132522,-1.4873403055930725,-0.41739498464293984,1.2705913157566995,-0.5204877644688585,0.31329012574923015,-1.5788249800122474,-1.4415674042764612,1.347441128650885,-0.7909037892496878,1.7843619552907277
-0.030914255040185756,0.2853981769848872,-0.5605356850056324,0.9647956556423442,1.560919940823197,0.18812173253708483,0.35501236598449226,-1.285053259895645,-1.1745520651217078,0.9946149888636231,0.038625140119248544,0.06943308230751127,-0.29054066369635295,-0.060531966843005144,0.7323219056642626,1.369370761133581,-0.3443868653484833,0.9046516778347806,0.9144473824338728,-0.717884689204143,0.8744627052664806,-0.18794999102651172,0.13697733347012989,-0.21768850452187344,-0.2541832302633968,1.1635969492303513,-0.6175450724212632,0.7381989854192181,-0.5116310367502656,-0.03781923366838293,-0.06080440160031216,-0.33089156707845035,-0.700874084578328,1.1995713242330384,0.3273629160906568,-0.07148267070520503,0.18892654321657584,0.6329716092249765,0.23601131593823757,0.785811688436482,0.9017319503145663,-0.27042325845257986,0.4474319389154952,-0.7393387928078782
-0.6950247922861538,0.4978090633723842,0.5677114561566068,-0.684979964725286,-0.77584370720494,0.2700217264472763,-0.8019813788631751,1.4702264431496574,1.1430208659242203,-0.8577379536427457,-0.010429604650338776,0.9355361731053429,0.1062285020070987,-1.1498397246203838,-1.010394709940972,-1.723022478192173,-0.1169720574986885,-0.34778515440013985,0.1955595605287727,0.7673966348724345,-0.18794999102651172,0.49746311040729313,-1.1817320516974852,-0.0802449314021846,0.9677784615229248,-0.33322098040809695,0.4122391574240419,-0.3036240596050724,-0.0970441137175869,1.0321733468006202,1.2502645946093094,-0.20792094566972924,1.1882851043700406,0.3708801118312211,-0.8299135017412906,-0.33877233364191195,0.9485263262294318,-0.04797145738243824,0.2693217666296889,-0.702904888380497,-0.5964497430666882,0.8347370290781457,-0.35114177359800536,0.9314630052446893
2.1380422813783144,-1.602726980555644,-1.3381259964710586,1.364043937827273,1.5880714785676127,-0.9434195675246378,2.136943808595799,-4.0681877797096355,-2.819797001383891,2.0234561796033317,-0.13955253235187526,-2.7319090857426747,-0.07742196529592248,3.1109245781459407,2.358604971413569,4.173299160815281,0.322368052014339,0.4234994807072965,-1.2371962317405965,-1.8391456741054613,0.13697733347012989,-1.1817320516974852,3.594125885565741,0.14725818591762932,-2.533503892513651,0.6091479123864195,-0.9218375641269921,0.5618646769156375,0.3368066707263938,-2.8736342206193317,-3.5816362574163874,0.5062675906809433,-2.9981085771901648,-1.4376623609315744,2.3057038154933593,1.1586445095532947,-2.963656148122394,-0.3966914966550888,-0.8309623743619277,1.6148901908544715,1.3730262519490746,-2.42120494785654,0.9151725762802843,-2.231866993798914
0.20038151629166,-0.23160140570574353,0.05193339477800293,-0.04226673114947465,-0.30270268000504524,-0.06569676976085023,0.15367299736368883,0.20977301212983238,0.10296969220443665,-0.09493811627942476,0.04772768922434072,-0.26611953394312193,0.05405409529443212,0.38679697922141487,0.10235046127977092,0.01210676492268984,0.15420676303241665,-0.1813368828548264,-0.2571724156465095,-0.035082769006510785,-0.21768850452187344,-0.0802449314021846,0.14725818591762932,0.18292118920827918,-0.17155388329668428,-0.3477649397860033,0.09243182992373951,-0.151926870190241,0.22958677097246774,-0.26234704276697557,-0.3298558705699958,0.23292460319915037,-0.12404258183828695,-0.5156045996998908,0.1160410644723858,0.031991173438909046,-0.21032227478725496,-0.09829436797361434,-0.15066667713380819,-0.04499210322090603,-0.15706091585119175,-0.05286420190824082,-0.10422370005096204,-0.03588740828212275
-1.5646824851228522,1.1275151873518057,1.096222599657301,-1.3129070382596992,-1.4315615673760465,0.6314349716624377,-1.6645329929609671,3.0183813070327856,2.2851455892470334,-1.6820782135007588,0.049905482034743064,2.0394633972990714,0.1716112865335255,-2.4316136123062773,-1.9876195587645011,-3.44587923345711,-0.27264055332708254,-0.5322195383281569,0.602706005293947,1.5400085331752946,-0.2541832302633968,0.9677784615229248,-2.533503892513651,-0.17155388329668428,2.001706956209182,-0.5770473260261756,0.7722489928246606,-0.5584486432047917,-0.21707829775183227,2.1966362723356334,2.679449360282621,-0.44289804512325,2.412968825804373,0.9392028352746586,-1.7399555848744142,-0.7640420783009009,2.07379353363241,-0.011275742164607342,0.6235018249895427,-1.399514880046242,-1.138342810023622,1.7201663324019536,-0.6939009667307873,1.872448296104042
0.05176897781542374,0.23478005820663636,-1.0414308523540223,1.627601151975865,2.4952417977329895,0.1829525456374201,0.7157623960656134,-2.3904625197221594,-2.163339858381638,1.7170423818668537,0.08580278367558575,-0.17232229782166295,-0.43932629269388596,0.040240402675266566,1.3991102044024326,2.5354570690976894,-0.4974395859270254,1.490107356438125,1.2330842940314313,-1.2578178376200417,1.1635969492303513,-0.33322098040809695,0.6091479123864195,-0.3477649397860033,-0.5770473260261756,1.9429350543687192,-1.0604613579058781,1.1596501292524497,-0.7672103809042757,-0.3597014999924518,-0.4245426491056852,-0.5865523869755032,-1.4083085179113415,1.7543343519802725,0.7079118959572188,0.0011193987926540745,-0.041639205884116036,0.9510545886037403,0.19586053550676438,1.3746257205065342,1.5099295990014319,-0.6205490568338967,0.8092351815429348,-1.1999405265045753
-0.40381943431926964,0.19380008291746229,0.7896915052997668,-1.137232505257155,-1.5577390426436935,0.04293438632193937,-0.8056434669098078,1.8618213513085458,1.6121875029660313,-1.2578353510981104,-0.06679873668635851,0.6023370286910642,0.24035866646228118,-0.6421564813818076,-1.2203847946194364,-2.0702352886664417,0.179199739716892,-0.8660251672670861,-0.4454824021756938,1.0153441352992971,-0.6175450724212632,0.4122391574240419,-0.9218375641269921,0.09243182992373951,0.7722489928246606,-1.0604613579058781,0.7230085856795848,-0.6810360266431887,0.2619773535404914,0.7318168231654663,0.9056471535860787,0.1642201416105735,1.306357256398238,-0.5789200340300864,-0.7859450773739067,-0.17555845981915,0.5269399167774449,-0.44569129832593024,0.05931074748089958,-1.0036074709911702,-1.0214579166683877,0.7457536535035486,-0.5595242068493385,1.0387455393244867
0.2058138212713723,0.05402452577461653,-0.6965488438107675,1.1093737745031376,1.6469364638831685,0.0961492000729336,0.5953333301277879,-1.6715467730401918,-1.4647834081780555,1.1843265653367792,0.05256711797190935,-0.2826154218540055,-0.2912242308096221,0.3153585531752056,1.0191675014040926,1.8573298220768126,-0.2958820320551519,0.9255550250337542,0.7120211765791169,-0.9171869616917022,0.7381989854192181,-0.3036240596050724,0.5618646769156375,-0.151926870190241,-0.5584486432047917,1.1596501292524497,-0.6810360266431887,0.7813285577011394,-0.48223478990848456,-0.4226780033430156,-0.5342372764899898,-0.22763913326726337,-1.0913354431053766,0.9538806820676724,0.6125278548517381,0.056577595696788455,-0.18901821526182289,0.6116479095347973,0.08162394060836044,0.9632849219918027,0.9879153829474239,-0.49064631853723073,0.5210821571718542,-0.9367693542656923
0.3306761659845736,-0.45696553355927344,0.16451215233377822,-0.3782997198739467,-0.8633790566293398,-0.2667067598452059,0.14060840373410088,0.4597547251944759,0.42034690320166385,-0.37453189292541655,-0.022424402011692803,-0.48604443052931945,0.1809334256533521,0.5911113769609624,-0.06794005055908228,-0.3668885310434138,0.3572133518098004,-0.5427830121938418,-0.7242003009176591,0.19081327298433592,-0.5116310367502656,-0.0970441137175869,0.3368066707263938,0.22958677097246774,-0.21707829775183227,-0.7672103809042757,0.2619773535404914,-0.48223478990848456,0.5929155365866672,-0.4146242670262249,-0.4933528891428468,0.33422804101601017,0.05449366717355302,-1.1616807744483364,0.06188076524889933,0.18282799750369177,-0.4961337659361784,-0.464306327103776,-0.2913556468761338,-0.3109416744349467,-0.3964561636177853,-0.17815612779326165,-0.19529604086010757,0.11877372868172223
-1.8153307953217428,1.404528619406599,1.1114841493813665,-1.2770113351854628,-1.2160466415666888,0.7624266825499483,-1.8527254447616608,3.096497070491664,2.3153146914909497,-1.6681330100928877,0.06564682762769486,2.382446627601346,0.10462499343572268,-2.788343811931994,-2.098906711741075,-3.557111003610452,-0.3879907238602207,-0.34509849447281343,0.9531103523565323,1.5904648654511315,-0.03781923366838293,1.0321733468006202,-2.8736342206193317,-0.26234704276697557,2.1966362723356334,-0.3597014999924518,0.7318168231654663,-0.4226780033430156,-0.4146242670262249,2.5230926189626137,3.0830475505737738,-0.5633379586330943,2.5887281843308654,1.4125138476463308,-1.911624122290714,-0.8927628240088078,2.4255121244489186,0.15846130300814193,0.7808916037464326,-1.3932058214600724,-1.075506049331715,1.8929162998898907,-0.676545260880681,1.9257461313442752
-2.279154741207249,1.7448991323642977,1.3485427728202526,-1.544626450562419,-1.5382954905434965,0.8952770848781932,-2.3323653900545342,3.8747596442539574,2.8120930857417297,-2.069116785411561,0.09196737633012966,2.9337218055465977,0.09208958082025939,-3.435885626044173,-2.5564107192996235,-4.314998093394114,-0.3859225231710051,-0.3723203231838615,1.2233982051268228,1.978081928272441,-0.06080440160031216,1.2502645946093094,-3.5816362574163874,-0.3298558705699958,2.679449360282621,-0.4245426491056852,0.9056471535860787,-0.5342372764899898,-0.4933528891428468,3.0830475505737738,3.8601085295881745,-0.6995353912489419,3.1873473567673503,1.7345765494058603,-2.400766482296742,-1.1343545711725862,2.9984043738905455,0.2758862231041432,0.9125764443602093,-1.6853655703865962,-1.3431534295961187,2.371158760409867,-0.848346668290754,2.3685900744054504
0.47379763258230756,-0.4176568040052191,0.0541986499166351,-0.15130037730597573,-0.4539322504190088,-0.2138143807790028,0.2679779466322942,0.012076676195417857,0.11525404285540214,-0.10179083558844276,-0.020436671318444507,-0.5616835453184641,0.08565356529258845,0.8145383955475721,0.13198873931771568,0.186714242440161,0.26460371014622636,-0.36601068191939584,-0.5806587982229193,-0.044675047594808455,-0.33089156707845035,-0.20792094566972924,0.5062675906809433,0.23292460319915037,-0.44289804512325,-0.5865523869755032,0.1642201416105735,-0.22763913326726337,0.33422804101601017,-0.5633379586330943,-0.6995353912489419,0.43970283833544593,-0.2714917615586591,-0.950653388375694,0.29778144854413957,0.20477360863867736,-0.5882600682741125,-0.2813679162786682,-0.25185638158771145,-0.05019079634771488,-0.21794849131267813,-0.255709210307409,-0.11294752968760217,-0.18679842820366624
-1.7157931007222993,1.1840377129969997,1.6465440689010165,-2.195654070421625,-2.6098854517284766,0.5266021747931016,-2.201530023482472,4.197516180129376,3.408944643673001,-2.5765598741860662,-0.0627127972823838,2.321792509481077,0.35729431294100394,-2.6977443060798225,-2.8561976103979405,-4.849549193922354,-0.04992437593659609,-1.2308826092009395,0.12758384752283808,2.2758989075992213,-0.700874084578328,1.1882851043700406,-2.9981085771901648,-0.12404258183828695,2.412968825804373,-1.4083085179113415,1.306357256398238,-1.0913354431053766,0.05449366717355302,2.5887281843308654,3.1873473567673503,-0.2714917615586591,3.318150216672563,0.31935822600897984,-2.2417092796154456,-0.7856843772380785,2.250422196362517,-0.4509341857972915,0.6068882995191545,-2.1195938085923256,-1.872360771792931,2.099464810887298,-1.0728207562426089,2.520648000223976
-1.237272710379315,1.2686803860071063,-0.28840819406591295,0.8216511362562852,1.7802321433000203,0.7864770211058408,-0.5653331262697703,-0.274000770028548,-0.611263326560322,0.6204330437136202,0.1681941361672523,1.5388351461816976,-0.40366144877895727,-1.9053517561444704,-0.009669042366939223,0.1830283726060131,-0.8205948899693134,1.3388221531127893,2.009650453340652,-0.21254150946132522,1.1995713242330384,0.3708801118312211,-1.4376623609315744,-0.5156045996998908,0.9392028352746586,1.7543343519802725,-0.5789200340300864,0.9538806820676724,-1.1616807744483364,1.4125138476463308,1.7345765494058603,-0.950653388375694,0.31935822600897984,2.8751197039349896,-0.5871129174306812,-0.6671391897993632,1.7110422951257298,1.1656665781758986,0.7796519004272887,0.47356607242510285,0.802031313019391,0.7421969001921161,0.3421140894606765,0.0889461643957756
1.3915655076995317,-0.9756770810616553,-1.031596502527814,1.2719499681189081,1.515254291445436,-0.4896689817991794,1.553750370154641,-2.9124141786843163,-2.1973029683391334,1.6325107854454928,-0.019106331300451276,-1.7702015455094315,-0.15277501627502638,2.0674040172117123,1.8407286361190809,3.186516911082945,0.10342375936345831,0.5786361317521167,-0.46210226057052434,-1.4873403055930725,0.3273629160906568,-0.8299135017412906,2.3057038154933593,0.1160410644723858,-1.7399555848744142,0.7079118959572188,-0.7859450773739067,0.6125278548517381,0.06188076524889933,-1.911624122290714,-2.400766482296742,0.29778144854413957,-2.2417092796154456,-0.5871129174306812,1.6319081892115375,0.6656882833494511,-1.809229953377688,0.034501543813944165,-0.487828244240979,1.3316876571874825,1.1455532049221346,-1.57937823429843,0.6900654795253759,-1.6978838504632854
0.7077124831103829,-0.5360108478524267,-0.3275728694585057,0.22456376812086956,0.2701290232937556,-0.3436047312684956,0.5982571364602955,-1.173917774822303,-0.6480148835659951,0.4830234449125016,-0.1289158993806267,-0.8844758266092424,0.02747805858415862,0.9961512962535305,0.5456854729839965,1.053261484795867,0.11593900343240672,-0.07829685166983111,-0.5755507989502415,-0.41739498464293984,-0.07148267070520503,-0.33877233364191195,1.1586445095532947,0.031991173438909046,-0.7640420783009009,0.0011193987926540745,-0.17555845981915,0.056577595696788455,0.18282799750369177,-0.8927628240088078,-1.1343545711725862,0.20477360863867736,-0.7856843772380785,-0.6671391897993632,0.6656882833494511,0.45734266160163733,-1.0095521922393478,-0.2849470237923724,-0.2610985805801993,0.350888886718797,0.30993535144086853,-0.7535568592403475,0.24666744111618025,-0.6089635653232994
-1.841762587818443,1.4528595684423071,0.906777043828877,-0.7839030367421852,-0.7326189072220873,0.8896322883044538,-1.6595984045086498,2.921451135002012,1.9138736073346527,-1.321073009685291,0.15362915629526122,2.346088819844917,-0.030290816855569405,-2.7035416716278022,-1.7005689687618082,-3.0117560907500187,-0.43934576706219264,0.00428781119372003,1.377983395104816,1.2705913157566995,0.18892654321657584,0.9485263262294318,-2.963656148122394,-0.21032227478725496,2.07379353363241,-0.041639205884116036,0.5269399167774449,-0.18901821526182289,-0.4961337659361784,2.4255121244489186,2.9984043738905455,-0.5882600682741125,2.250422196362517,1.7110422951257298,-1.809229953377688,-1.0095521922393478,2.5756322649618335,0.5573670869137407,0.7948314145155048,-1.0676863914888841,-0.804932865389707,1.9327575708580964,-0.5892671724245074,1.6434148139296278
-0.305112216859131,0.38726993183177577,-0.3957288459251955,0.9207494790664622,1.190884912127819,0.3233290770940562,0.12215104886676988,-0.48325526156466636,-0.8093950600072147,0.6981826823636322,0.12174644832410748,0.2859798407580926,-0.3183504499750255,-0.31540711001562066,0.5750346422782622,0.9582059836559913,-0.2616012728438065,0.8495467131491724,1.0930044807789567,-0.5204877644688585,0.6329716092249765,-0.04797145738243824,-0.3966914966550888,-0.09829436797361434,-0.011275742164607342,0.9510545886037403,-0.44569129832593024,0.6116479095347973,-0.464306327103776,0.15846130300814193,0.2758862231041432,-0.2813679162786682,-0.4509341857972915,1.1656665781758986,0.034501543813944165,-0.2849470237923724,0.5573670869137407,0.8799408258192479,0.19069604837679469,0.6382918505783877,0.6192582225768781,0.20256867466185782,0.2469319585184126,-0.44163788333190895
-0.5821459197430942,0.5295446520340312,0.18628449419682921,-0.14764130170141226,0.09070410180444323,0.3378639807879659,-0.47052104647958226,0.5608025767080008,0.44232066500439415,-0.22941193325262788,0.018288722437849462,0.7748788129350107,-0.04029155445026019,-0.8882697165542639,-0.4795717987589512,-0.7467494670118526,-0.2902804635172954,0.11922360953641316,0.5354603337816857,0.31329012574923015,0.23601131593823757,0.2693217666296889,-0.8309623743619277,-0.15066667713380819,0.6235018249895427,0.19586053550676438,0.05931074748089958,0.08162394060836044,-0.2913556468761338,0.7808916037464326,0.9125764443602093,-0.25185638158771145,0.6068882995191545,0.7796519004272887,-0.487828244240979,-0.2610985805801993,0.7948314145155048,0.19069604837679469,0.36269216267597765,-0.24105962485650223,-0.06505172674578451,0.5042552553997619,-0.07270737973286158,0.3957890164859747
0.878023973542008,-0.4788207250914411,-1.1585817339195665,1.6947942498489703,2.166587740094611,-0.19784437832218202,1.3247933104327274,-2.8393250268391217,-2.44194818121352,1.868072902976163,0.05265514256301053,-1.1963424648295067,-0.3570780802846113,1.364465146719079,1.901957156081157,3.297876146095329,-0.11626012240127995,1.1362038033920285,0.43822667274908567,-1.5788249800122474,0.785811688436482,-0.702904888380497,1.6148901908544715,-0.04499210322090603,-1.399514880046242,1.3746257205065342,-1.0036074709911702,0.9632849219918027,-0.3109416744349467,-1.3932058214600724,-1.6853655703865962,-0.05019079634771488,-2.1195938085923256,0.47356607242510285,1.3316876571874825,0.350888886718797,-1.0676863914888841,0.6382918505783877,-0.24105962485650223,1.557598294773028,1.4381290468193542,-1.1918885134447048,0.7886643368640944,-1.697908977481091
0.628499866206797,-0.27793772876234624,-1.1299496047954245,1.6136113590881613,2.2577699571294896,-0.07296281906862234,1.1581248732502483,-2.7552710890587115,-2.2915559991734455,1.8188898065888344,0.03763598628532828,-0.8960168864920953,-0.34882859673422034,0.9657714074248355,1.7083345708367512,2.98497987566291,-0.2822425175605454,1.1898483267163686,0.6080352445591357,-1.4415674042764612,0.9017319503145663,-0.5964497430666882,1.3730262519490746,-0.15706091585119175,-1.138342810023622,1.5099295990014319,-1.0214579166683877,0.9879153829474239,-0.3964561636177853,-1.075506049331715,-1.3431534295961187,-0.21794849131267813,-1.872360771792931,0.802031313019391,1.1455532049221346,0.30993535144086853,-0.804932865389707,0.6192582225768781,-0.06505172674578451,1.4381290468193542,1.480059404515104,-1.0892568499410185,0.8189979659354842,-1.5329952119901364
-1.385768124052917,1.0141090593014241,1.005074124264249,-1.060342875422575,-1.3350342011308727,0.6039622282179631,-1.490553524857758,2.9362000077802604,2.091845444243442,-1.5242776568590486,0.06261241272091908,1.7851974576912433,0.08821170713757269,-2.0347553125836497,-1.7176368490345681,-2.985369043477394,-0.16206400058474346,-0.47149819765699125,0.66373167784547,1.347441128650885,-0.27042325845257986,0.8347370290781457,-2.42120494785654,-0.05286420190824082,1.7201663324019536,-0.6205490568338967,0.7457536535035486,-0.49064631853723073,-0.17815612779326165,1.8929162998898907,2.371158760409867,-0.255709210307409,2.099464810887298,0.7421969001921161,-1.57937823429843,-0.7535568592403475,1.9327575708580964,0.20256867466185782,0.5042552553997619,-1.1918885134447048,-1.0892568499410185,1.7131745330977954,-0.7004631098770325,1.6040773995549622
0.4175913471384652,-0.21803888868792737,-0.63978461027918,0.8394491522142149,1.21281596458789,-0.10549472401449614,0.6680738662612818,-1.656056969823847,-1.2952726867305846,1.012979352030228,-0.009104623416914795,-0.5858146440602549,-0.16983407218602295,0.610037852999603,0.9462267455167719,1.6957367954816884,-0.1374625502745191,0.6091208228889419,0.20525241165071795,-0.7909037892496878,0.4474319389154952,-0.35114177359800536,0.9151725762802843,-0.10422370005096204,-0.6939009667307873,0.8092351815429348,-0.5595242068493385,0.5210821571718542,-0.19529604086010757,-0.676545260880681,-0.848346668290754,-0.11294752968760217,-1.0728207562426089,0.3421140894606765,0.6900654795253759,0.24666744111618025,-0.5892671724245074,0.2469319585184126,-0.07270737973286158,0.7886643368640944,0.8189979659354842,-0.7004631098770325,0.4788147410760011,-0.8639280956248813
-1.3405999169818146,0.8078300720778719,1.282747127216896,-1.7642519484657324,-2.194036799721427,0.4023794603190797,-1.6743138508557265,3.3428698682036084,2.674660781617075,-2.0664222858668224,0.028056067308454346,1.732157394653433,0.33040172081045555,-2.069235929714753,-2.1723154986986057,-3.8025575147141497,-0.008642803674869031,-0.9949883126495216,-0.06605391095245071,1.7843619552907277,-0.7393387928078782,0.9314630052446893,-2.231866993798914,-0.03588740828212275,1.872448296104042,-1.1999405265045753,1.0387455393244867,-0.9367693542656923,0.11877372868172223,1.9257461313442752,2.3685900744054504,-0.18679842820366624,2.520648000223976,0.0889461643957756,-1.6978838504632854,-0.6089635653232994,1.6434148139296278,-0.44163788333190895,0.3957890164859747,-1.697908977481091,-1.5329952119901364,1.6040773995549622,-0.8639280956248813,2.0746476188780925
