V1,V2,V3,V4,V5,V6,V7,V8,V9,V10,V11,V12,V13,V14,V15,V16,V17,V18,V19,V20,V21,V22,V23,V24,V25,V26,V27,V28,V29,V30,V31,V32,V33,V34,V35,V36,V37,V38,V39,V40,V41,V42,V43,V44
0.1881981967932377,-0.17087300763434546,0.17614262181740514,7.156095290897737e-4,0.11979836361857109,-0.03340190226656519,-0.14594843866812085,-0.06804247126336625,0.18977675868069233,0.17590356127238457,-0.0349110113644969,-0.08683292859603195,-0.2524239302246932,0.025019714597505557,0.13562255477454285,0.08735128743747296,-0.06411908089640286,0.12342021520467415,0.22098721592233647,0.0047849031551031405,-0.08014066247750697,-0.20804319369904042,0.1727856558892916,0.09482656434214821,0.06418859885567925,-0.07869810262774439,0.26060179457708343,-0.06036577010784054,0.0550023027046901,-0.294307349599883,-0.11057302227934887,-0.1101177265060118,0.10511722250545533,-0.02132953057519813,-0.05722296651606748,0.03854734942557154,-0.014460584722162337,-0.1909722387803099,-0.3008567077697367,-0.10834263802142545,0.08276419561258748,0.08780491898658176,-0.13531403903624037,-0.11514302275867588
-0.17087300763434546,2.685982517273051,-0.8185823161276885,-0.21142012256227452,-0.2824495587643063,0.8987472347425457,-0.149102867695,0.43961056937943155,-0.4494087076508476,-0.48652209470027263,1.4062446124235903,-0.18610314289304986,0.6576140308346069,0.03865274385092898,-1.0067359247199783,-1.0680866303166558,0.8616790691434385,-0.3879748887945095,-1.8392856457539701,-0.9352819853865649,-0.35713629212646225,1.4318910014522244,-0.7448503641911965,0.5428249335741704,0.2889098238324349,-0.03772825995157525,-0.5870117841194831,0.25008606377543113,-0.2464362916853425,0.8648647932679766,2.0347205750422592,1.3508705607667664,0.0387174849550105,1.3431989546212337,-1.0652126112516875,0.4295911488561641,0.0012901478678321932,0.5107073195255253,1.321044157304357,1.102078532212299,-0.5589611682135137,0.7218518823844924,1.0815445775868713,-0.9066529115322308
0.17614262181740514,-0.8185823161276885,0.6181966511922967,0.09276234502190449,0.11431067945730085,-0.35429644447629066,0.25120636509035155,-0.22118542245588335,0.14562883291899964,0.4222578760129891,-0.4428160212780323,0.11566568666572734,-0.3785458135978183,-0.017924343187208727,0.4398905752385479,0.371096197366352,-0.2820262328657405,0.33582322127782155,0.8957147528562516,0.31354952335070846,0.07090067439493826,-0.5788587034237305,0.5755652333742388,-0.1163094120418046,-0.11610758000010266,-0.07543373057873659,0.3513303197491857,-0.15189955242526784,0.13320507248974447,-0.5889243582434508,-0.8044485723448438,-0.5909707907759995,0.06868783394511244,-0.5837496522525439,0.29776596421715223,-0.043265127262970986,-0.05824059274143087,-0.15699574156382257,-0.5626852225191007,-0.44754545104803245,0.15274025796325777,-0.10683964946267041,-0.4619051108636041,0.2600874469135445
7.156095290897737e-4,-0.21142012256227452,0.09276234502190449,0.4154357151855581,-0.12483158213840266,-0.08884183775679708,0.2606060829638128,-0.27516982856202804,-0.27970017764027183,-0.12379864903680002,-0.4245046155366295,0.4350647300553773,-0.017926843991251332,-0.0018681626596862688,0.0986313627604355,-0.08988206604609243,-0.22698850162948883,-0.11236517912864961,0.079956003503347,0.52245852697864,-0.13625405525272866,0.06919962133716219,0.28015726347415987,-0.30091386542992304,-0.3459995209577654,-0.15448285865545905,-0.2164785485450079,0.2272307301480165,-0.03608990928439946,0.09368194636735874,-0.3547881560745799,-0.25774953624985053,-0.09241648070779793,-0.3392988507789991,0.38840409015535937,0.027099014439025064,-0.24942207601500677,0.5440644992133943,-0.05043342836348847,-0.12462027849480084,0.030518935957492395,-0.08687614497419986,-0.14146415629149528,0.29752774413205546
0.11979836361857109,-0.2824495587643063,0.11431067945730085,-0.12483158213840266,0.42694161778031897,-0.11677699336655534,-0.3217101905363193,-0.08551025056339161,0.21216868212163534,-0.035419069417194346,-0.01071669702966364,-0.179559221239362,-0.2076448079338858,0.18069948490267576,0.001168135957373243,0.4641348439515579,-0.09061033848152975,0.07401691246883829,0.2925710352798466,0.09716925143685694,0.005331412589517973,0.06956578999385267,-0.38450359041937904,0.16181714049790752,0.08645414079755775,0.060111558672993774,0.35417487489856014,-0.2996054254453496,-0.1977510908994133,-0.24112026293125197,-0.07353313841702874,0.07928781509627573,0.09454809495038827,0.07826314435287975,-0.005149690298682064,0.23655421628509893,-0.1758083767951511,-0.45888891362851036,-0.40472411726813295,-0.13157392193086836,0.2886632546718858,-0.02803354742815999,-0.036033980212502106,-0.39482992988646853
-0.03340190226656519,0.8987472347425457,-0.35429644447629066,-0.08884183775679708,-0.11677699336655534,0.4570733166040483,-0.13555070711809705,0.31088348487822715,-0.1507022672507367,-0.09778030725936208,0.4885797719165037,-0.35595323743223234,0.18662443456610286,-0.13004243299560606,-0.29131060224899485,-0.583036917564589,0.4311643431073592,0.003916780522164276,-0.7741998684861541,-0.596715668605181,-0.28022220573824574,0.24198157709854973,-0.00861168422611703,0.38539710261315485,0.19328889680207834,-0.1029553744941397,-0.0867500630337415,0.05017880564901991,0.07296731999860841,0.13050372116122552,0.8746024619229256,0.41298882165315226,0.028459418953784725,0.4795967576240169,-0.5612595573531687,-0.0881898767704947,0.18239143854385945,0.24371370126704292,0.4091914178264519,0.47917241861265153,-0.3272652692251443,0.36391509687391577,0.2822600480480845,-0.3607251004968815
-0.14594843866812085,-0.149102867695,0.25120636509035155,0.2606060829638128,-0.3217101905363193,-0.13555070711809705,0.9044210072268335,-0.022444329895304406,-0.5924244082494703,0.030837221021057615,-0.29400964693685677,0.3312658659136384,0.294121836869858,-0.2057799956590792,0.1921460605026118,-0.16789991342505575,0.011973436991344844,0.1475616132233069,0.3811677974173421,0.15435990603676963,0.17549289752047179,-0.12813913609560254,0.7082860778494138,-0.33409586892830845,-0.24468262374793143,-0.16364677651589946,-0.30095754878586084,0.1502141624731189,0.17411191669434825,0.056424732336703004,-0.49517554695673155,-0.2886208590666975,-0.02607105705943311,-0.6516182032281245,0.2612691942785652,-0.17058652302506477,0.18645945591839416,0.6035070864413951,0.18769064103605632,-0.11525173875033502,-0.21756121811580986,-0.09323526800940733,-0.18729716370625196,0.670781768868778
-0.06804247126336625,0.43961056937943155,-0.22118542245588335,-0.27516982856202804,-0.08551025056339161,0.31088348487822715,-0.022444329895304406,0.5778996801910523,0.035918300377325914,0.0809000667158552,0.39678298818128516,-0.5765784045044045,0.3062690965582008,-0.29432515134904774,0.06383419292241783,-0.48569893855394985,0.3761888626795793,0.21540176333455544,-0.261883235805473,-0.881974857291321,8.702545354115247e-4,-0.40396550887410604,0.3035110669783546,0.5345105924574409,0.41737068240259495,-0.06675627558053893,0.22759145328108446,-0.05454377048360168,0.3701317297481837,-0.2538790037520233,0.5936181146404755,0.2058596864223582,0.16842463468878327,0.07612787936514567,-0.7535285251910342,-0.485052432777792,0.48071536512111723,-0.12799932038003045,0.13495921739510386,0.24167165280302116,-0.3716554129228624,0.3375082160712717,0.04652103698025378,-0.01821030150036489
0.18977675868069233,-0.4494087076508476,0.14562883291899964,-0.27970017764027183,0.21216868212163534,-0.1507022672507367,-0.5924244082494703,0.035918300377325914,0.9224437766039316,0.36536954526695925,0.042726955718002,-0.17985187509477796,-0.41839436684542114,0.1480379599717365,0.3193790863622762,0.3175852081435889,-0.27375190992115833,0.09408827729558088,0.457003298997011,-0.08182199807448001,0.13590521126039287,-0.619212002587897,-0.10995038142045423,0.1541413778391874,0.3287256119009193,0.16192259457194785,0.6164518386135825,-0.10908081037433476,0.14253490537871108,-0.5876972320351302,-0.2735061161159744,-0.1276419177427817,0.16119831282453512,0.032565664307098466,-0.1691740854700691,-0.07131781576102075,-0.14312386455206894,-0.967242618890415,-0.6165053568403227,-0.28607820989085647,0.3221178377970994,0.028053297583600787,-0.15166833260537024,-0.08107804524662597
0.17590356127238457,-0.48652209470027263,0.4222578760129891,-0.12379864903680002,-0.035419069417194346,-0.09778030725936208,0.030837221021057615,0.0809000667158552,0.36536954526695925,0.7318179493752011,-0.09399814662774622,-0.4176290354812963,-0.4683448349316593,-0.2531142080231869,0.49321704530327726,0.05016945528778652,0.016432748516339565,0.5829819533155208,0.5261141825623856,-0.38674721376418764,-0.027255259031679982,-0.959405413069954,0.9998084432491736,0.1482988302216856,0.19087690700746107,-0.13211267868366885,0.5343284836669148,-0.14690652992980283,0.4645483694574128,-0.8872908060721113,-0.3198019866853768,-0.5491436654851681,0.09952217657194568,-0.3275586667671649,-0.20334136706828093,-0.3000259930050717,0.33315672106703725,-0.31832091052278577,-0.47109703401570563,-0.21114050875021656,-0.060460500329965056,0.1257811253337432,-0.34539383696931497,0.01398485208695019
-0.0349110113644969,1.4062446124235903,-0.4428160212780323,-0.4245046155366295,-0.01071669702966364,0.4885797719165037,-0.29400964693685677,0.39678298818128516,0.042726955718002,-0.09399814662774622,1.24576522085929,-0.6706050659653257,0.2779512002448054,-0.006469203851079806,-0.46355903888432654,-0.3136528455963024,0.6864465002610298,-0.06425523641492523,-0.8333449447550736,-0.9821406279917807,0.10326976362147618,0.6840796222772744,-0.495750339735289,0.4347890333047047,0.45802138761647626,0.07623836226619636,-0.014373790076556108,-0.027746318147134772,-0.029480512016141054,0.37650353411532556,1.336996705654435,0.9055153339202292,0.023055258811449517,1.0888811661744442,-1.0005262746674144,0.22826560564879267,0.6947061982300052,-0.48016166970095386,0.6559764039110894,0.5805387439634289,-0.22938701692772118,0.48171859675917117,0.5953218099807516,-0.832449093167012
-0.08683292859603195,-0.18610314289304986,0.11566568666572734,0.4350647300553773,-0.179559221239362,-0.35595323743223234,0.3312658659136384,-0.5765784045044045,-0.17985187509477796,-0.4176290354812963,-0.6706050659653257,1.538277708115744,0.1360642681837375,0.352784353782865,-0.10289512510246308,0.19012143198571071,-0.7262142751491161,-0.7368717346918996,0.15572661771196164,1.3823473160361324,0.11830398987478845,0.5629062910280842,-0.6000386750763521,-0.7861608242910965,-0.6509762566972315,0.1743734351705762,-0.7094846685755699,0.4028415921827608,-0.4459934823353892,0.7791168618264285,-0.8093727386521887,-0.1984014570021253,-0.16112580802674828,-0.41367295232377244,1.0633362254726393,0.3877962106735436,-1.1493014676888562,0.6468902044935085,0.18061214122703054,-0.39882560799711414,0.18908751875558444,-0.4254643792840735,0.021988438680311646,0.783041057654475
-0.2524239302246932,0.6576140308346069,-0.3785458135978183,-0.017926843991251332,-0.2076448079338858,0.18662443456610286,0.294121836869858,0.3062690965582008,-0.41839436684542114,-0.4683448349316593,0.2779512002448054,0.1360642681837375,0.7650379044055274,-0.04527106122388369,-0.24394129871252263,-0.40680422186630666,0.17533041518286427,-0.2770781068238121,-0.4145422243572242,-0.24350632679934445,0.22369136502597417,0.3997960586291777,-0.2991032695683071,0.07832901369180009,0.08263870079663464,0.015514848049831295,-0.4235825207402616,0.20431776176264463,-0.011240757410068719,0.5710350009625489,0.44890645924558154,0.4736410604645143,0.05515893743867681,0.050749497384051115,-0.3008509942685051,-0.16819175751300647,0.15225385900854868,0.3228879577919498,0.567444231628162,0.2539912564944386,-0.2634767323749862,0.03338765516523651,0.28363122799314927,0.2434152737881794
0.025019714597505557,0.03865274385092898,-0.017924343187208727,-0.0018681626596862688,0.18069948490267576,-0.13004243299560606,-0.2057799956590792,-0.29432515134904774,0.1480379599717365,-0.2531142080231869,-0.006469203851079806,0.352784353782865,-0.04527106122388369,0.5423125804903474,-0.36977822712090147,0.3273284179132945,-0.1733523487991642,-0.22947023159940944,0.03968361475569542,0.5229915270833145,0.041051067159495434,0.6586309320012383,-0.8695657362755456,-0.15136180108081831,-0.0681121301711197,0.14650001223917156,-0.1564620243711881,-0.0650839365482184,-0.48427172679379565,0.28424920534235126,-0.24136128186450542,0.3843193652633256,0.08262078975240417,0.2753664910317261,0.3922169591266503,0.5056218270501669,-0.6617738011376559,-0.19117334590236126,-0.058638058480351946,0.09946451274224892,0.4952182682866639,-0.258081859764394,0.19850543920846864,-0.20919789651902487
0.13562255477454285,-1.0067359247199783,0.4398905752385479,0.0986313627604355,0.001168135957373243,-0.29131060224899485,0.1921460605026118,0.06383419292241783,0.3193790863622762,0.49321704530327726,-0.46355903888432654,-0.10289512510246308,-0.24394129871252263,-0.36977822712090147,0.9280821611353409,0.1753089546345816,-0.35794515945112465,0.41050042782513047,1.0090466004826586,-0.06490223860393998,0.2335027949174414,-1.3040091616256428,1.1993052214656266,-0.060064194995165805,0.08703921247798063,-0.20771370069460773,0.6316651654982303,0.057547307872621516,0.6240822990726543,-0.91748826714899,-0.7344789216809188,-0.7956718070511808,0.12812396830475714,-0.884879842008966,-0.15160021239481683,-0.5510412659535201,0.3754679734979625,-0.32228118895344077,-0.7792846531214764,-0.6724814271007126,-0.027277903717685806,0.06652486788545776,-0.5960109725859211,0.5090049756131877
0.08735128743747296,-1.0680866303166558,0.371096197366352,-0.08988206604609243,0.4641348439515579,-0.583036917564589,-0.16789991342505575,-0.48569893855394985,0.3175852081435889,0.05016945528778652,-0.3136528455963024,0.19012143198571071,-0.40680422186630666,0.3273284179132945,0.1753089546345816,1.2230282565910973,-0.44006842974367566,-0.014979176802854295,0.9057030041570744,0.7015099537679117,0.44013652856097923,0.08655795350040765,-0.5285716554826078,-0.5123187672220366,-0.16287046169069858,0.26767363295345187,0.22867347264927454,-0.2979917293792656,-0.3655482413512101,-0.04956869246799379,-0.8644306016365112,-0.2587353414160682,-0.10943654442742558,-0.18282490120115694,0.6427002120422046,0.519416872023736,-0.14920604655971012,-0.775382176981302,-0.5555801605318064,-0.5742100154709314,0.6392094232738113,-0.4913713389843599,-0.13302423705259053,-0.16575209946842312
-0.06411908089640286,0.8616790691434385,-0.2820262328657405,-0.22698850162948883,-0.09061033848152975,0.4311643431073592,0.011973436991344844,0.3761888626795793,-0.27375190992115833,0.016432748516339565,0.6864465002610298,-0.7262142751491161,0.17533041518286427,-0.1733523487991642,-0.35794515945112465,-0.44006842974367566,0.7077897256999621,0.2178202832727263,-0.6766128969800475,-0.8566457696300326,-0.1837945438875521,0.32567479673701405,0.04925747211644563,0.43400448652051077,0.2613384363397113,-0.08184754943975799,-0.05347389649608338,-0.12075365329289287,0.07578085605547127,0.10991764882907853,0.9252164850930128,0.46770618006365966,-0.005285444412363055,0.6102241493552226,-0.6193690994091287,-0.04506739108726546,0.6127031567947503,0.08118486472411368,0.5017200940121634,0.5907945659471968,-0.3157905631330711,0.34275768547697366,0.288605426421518,-0.5108412924950266
0.12342021520467415,-0.3879748887945095,0.33582322127782155,-0.11236517912864961,0.07401691246883829,0.003916780522164276,0.1475616132233069,0.21540176333455544,0.09408827729558088,0.5829819533155208,-0.06425523641492523,-0.7368717346918996,-0.2770781068238121,-0.22947023159940944,0.41050042782513047,-0.014979176802854295,0.2178202832727263,0.8569739102990777,0.5441685129267618,-0.6243832656156352,-0.10246715825073574,-0.8923792185112212,1.124793226187025,0.3559372721801071,0.32450281312964313,-0.3282417122240629,0.637235099530241,-0.2812805242105456,0.46477708773298554,-1.109373508252198,-0.21408594372289344,-0.3220293262708218,0.28497535723513956,-0.40837136462165546,-0.41472659372628795,-0.3228333593993739,0.355106914240852,-0.1883126145600508,-0.5795320095726116,1.939262943565048e-4,0.016778636148067044,0.15650289088272912,-0.2848310810508811,-0.22521254812878153
0.22098721592233647,-1.8392856457539701,0.8957147528562516,0.079956003503347,0.2925710352798466,-0.7741998684861541,0.3811677974173421,-0.261883235805473,0.457003298997011,0.5261141825623856,-0.8333449447550736,0.15572661771196164,-0.4145422243572242,0.03968361475569542,1.0090466004826586,0.9057030041570744,-0.6766128969800475,0.5441685129267618,2.0233014699643137,0.5454311541984871,0.5427130315224024,-1.2584033530907959,0.8884308260287409,-0.3182669663875618,0.02233291718582328,-0.10601939558464903,0.8289988758159942,-0.20691015808648935,0.3389722422400231,-1.1444900600131036,-1.749380382350176,-0.8863658482771529,0.3235134854729681,-1.2876534484781275,0.44572763381793873,-0.21041205707445654,-0.012408810019645828,-0.7839216485362401,-1.3259383256544754,-0.9873267393924651,0.5619947182301337,-0.3419085552414588,-0.8219812538595768,0.7288272602420289
0.0047849031551031405,-0.9352819853865649,0.31354952335070846,0.52245852697864,0.09716925143685694,-0.596715668605181,0.15435990603676963,-0.881974857291321,-0.08182199807448001,-0.38674721376418764,-0.9821406279917807,1.3823473160361324,-0.24350632679934445,0.5229915270833145,-0.06490223860393998,0.7015099537679117,-0.8566457696300326,-0.6243832656156352,0.5454311541984871,1.785552912646318,0.0552108668463145,0.6088348396983252,-0.7696340992810357,-0.9193171968055873,-0.8028607786294638,0.19913669687034158,-0.5179833785845007,0.18534440503841784,-0.6529090588991389,0.6224490439817593,-1.262529918868114,-0.40032329403342126,-0.2513224699155823,-0.43600635385876496,1.5030032998342364,0.6016809133611606,-1.1849440129202826,0.40894250592697806,-0.22481099733828727,-0.5471524302361297,0.5806081908498225,-0.6774602391173805,-0.1972024131732856,0.6064899367787315
-0.08014066247750697,-0.35713629212646225,0.07090067439493826,-0.13625405525272866,0.005331412589517973,-0.28022220573824574,0.17549289752047179,8.702545354115247e-4,0.13590521126039287,-0.027255259031679982,0.10326976362147618,0.11830398987478845,0.22369136502597417,0.041051067159495434,0.2335027949174414,0.44013652856097923,-0.1837945438875521,-0.10246715825073574,0.5427130315224024,0.0552108668463145,0.6644914911848421,-0.10033802386256524,-0.1178149925840557,-0.3247129803871955,0.09641293896503697,0.16916269691259878,0.01748307445711823,0.05122390625447292,0.05857051757640687,0.1644050984723949,-0.3677598893863646,0.020269644025305292,0.0021381795396047893,-0.19714084255051564,-0.0032741875518963823,0.0012099802853004966,0.38871278921172403,-0.5677163242989084,-0.04676128546014402,-0.3382276418893525,0.15415554473588394,-0.2130218683105186,-0.019884172852839558,0.2926625810677839
-0.20804319369904042,1.4318910014522244,-0.5788587034237305,0.06919962133716219,0.06956578999385267,0.24198157709854973,-0.12813913609560254,-0.40396550887410604,-0.619212002587897,-0.959405413069954,0.6840796222772744,0.5629062910280842,0.3997960586291777,0.6586309320012383,-1.3040091616256428,0.08655795350040765,0.32567479673701405,-0.8923792185112212,-1.2584033530907959,0.6088348396983252,-0.10033802386256524,2.392583549659044,-2.0015986910271293,-0.3050693969994058,-0.39891791561207446,0.31873149894692737,-1.0802034988453648,0.08424825433974782,-1.102422055214234,1.7142054716173025,0.8964043291053566,1.2146783886500097,-0.3243734061021609,1.3252608170981424,0.44581848599508606,1.1673497156553252,-0.5594922079977073,0.44314845063309183,1.1697369956496235,0.7204592178033967,0.22748876763812637,-0.15453177707591953,0.9158865937364409,-0.7283372551831292
0.1727856558892916,-0.7448503641911965,0.5755652333742388,0.28015726347415987,-0.38450359041937904,-0.00861168422611703,0.7082860778494138,0.3035110669783546,-0.10995038142045423,0.9998084432491736,-0.495750339735289,-0.6000386750763521,-0.2991032695683071,-0.8695657362755456,1.1993052214656266,-0.5285716554826078,0.04925747211644563,1.124793226187025,0.8884308260287409,-0.7696340992810357,-0.1178149925840557,-2.0015986910271293,2.8539865714278934,0.16488754643662396,0.18547036758964283,-0.746335004200156,0.7631747602266402,0.1403886583956948,1.2337368958933714,-1.6434192651847312,-0.551444272352403,-1.1527025980128103,0.2652285508283534,-1.277883369274727,-0.5782682835735634,-0.9871427273650604,0.865292650554216,0.40497656475955796,-0.7746896930727498,-0.3967373307126755,-0.4755400847754514,0.39577407174909884,-0.7389621649180983,0.5445589729842929
0.09482656434214821,0.5428249335741704,-0.1163094120418046,-0.30091386542992304,0.16181714049790752,0.38539710261315485,-0.33409586892830845,0.5345105924574409,0.1541413778391874,0.1482988302216856,0.4347890333047047,-0.7861608242910965,0.07832901369180009,-0.15136180108081831,-0.060064194995165805,-0.5123187672220366,0.43400448652051077,0.3559372721801071,-0.3182669663875618,-0.9193171968055873,-0.3247129803871955,-0.3050693969994058,0.16488754643662396,0.9754145895977197,0.4731665743253412,-0.16033790692097769,0.48988687060368236,-0.26104801300908315,0.2671283605214619,-0.5674432100881516,0.8090375621352948,0.296857387813663,0.3161169064898842,0.3334282796622627,-0.884655198245765,-0.3823170695771201,0.19132407632934756,-0.17395902007172734,-0.11207404494169544,0.38339201849644927,-0.25227173533691605,0.47873971295566786,-0.002839606612398002,-0.46971373405624506
0.06418859885567925,0.2889098238324349,-0.11610758000010266,-0.3459995209577654,0.08645414079755775,0.19328889680207834,-0.24468262374793143,0.41737068240259495,0.3287256119009193,0.19087690700746107,0.45802138761647626,-0.6509762566972315,0.08263870079663464,-0.0681121301711197,0.08703921247798063,-0.16287046169069858,0.2613384363397113,0.32450281312964313,0.02233291718582328,-0.8028607786294638,0.09641293896503697,-0.39891791561207446,0.18547036758964283,0.4731665743253412,0.5656734817901078,-0.056063068034777216,0.4621730090171847,-0.14006757498661054,0.28335687253405445,-0.5063455343655918,0.37395453763328446,0.31720382339541653,0.32029885473540637,0.13862469889087417,-0.7410341513023345,-0.21808854584417112,0.35839118213032367,-0.5897190309689667,-0.18908901750525078,0.1850021806692647,-0.028097979676953915,0.26213851739795424,0.09980943635831778,-0.2915361830081734
-0.07869810262774439,-0.03772825995157525,-0.07543373057873659,-0.15448285865545905,0.060111558672993774,-0.1029553744941397,-0.16364677651589946,-0.06675627558053893,0.16192259457194785,-0.13211267868366885,0.07623836226619636,0.1743734351705762,0.015514848049831295,0.14650001223917156,-0.20771370069460773,0.26767363295345187,-0.08184754943975799,-0.3282417122240629,-0.10601939558464903,0.19913669687034158,0.16916269691259878,0.31873149894692737,-0.746335004200156,-0.16033790692097769,-0.056063068034777216,0.3718133589097364,-0.18855391172604957,-0.05975735523047557,-0.2748969849930967,0.4383518067388789,-0.0172456732069189,0.11061794877425873,-0.18231546859825246,0.20153405682403178,0.25256359734629663,0.16379039824188507,-0.07781638545393627,-0.2954448151753818,0.22203549859706373,-0.03163369820799915,0.06731963096532634,-0.17935694914350717,0.12739627918744895,0.05988323797914398
0.26060179457708343,-0.5870117841194831,0.3513303197491857,-0.2164785485450079,0.35417487489856014,-0.0867500630337415,-0.30095754878586084,0.22759145328108446,0.6164518386135825,0.5343284836669148,-0.014373790076556108,-0.7094846685755699,-0.4235825207402616,-0.1564620243711881,0.6316651654982303,0.22867347264927454,-0.05347389649608338,0.637235099530241,0.8289988758159942,-0.5179833785845007,0.01748307445711823,-1.0802034988453648,0.7631747602266402,0.48988687060368236,0.4621730090171847,-0.18855391172604957,1.0743047640504781,-0.30516549004245913,0.45894141677766603,-1.2883828081013131,-0.24184175936021937,-0.30653346409621196,0.3701223398160466,-0.3717436573443274,-0.5753371901155608,-0.287919123153297,0.24881771631800717,-0.8446386760520856,-0.9884209633788025,-0.3165646351418306,0.1811008553393198,0.29037837487639945,-0.37930481958691376,-0.20614717505714622
-0.06036577010784054,0.25008606377543113,-0.15189955242526784,0.2272307301480165,-0.2996054254453496,0.05017880564901991,0.1502141624731189,-0.05454377048360168,-0.10908081037433476,-0.14690652992980283,-0.027746318147134772,0.4028415921827608,0.20431776176264463,-0.0650839365482184,0.057547307872621516,-0.2979917293792656,-0.12075365329289287,-0.2812805242105456,-0.20691015808648935,0.18534440503841784,0.05122390625447292,0.08424825433974782,0.1403886583956948,-0.26104801300908315,-0.14006757498661054,-0.05975735523047557,-0.30516549004245913,0.41643892497267426,0.09931263330771087,0.3237596250716615,0.02040320422497299,-0.012656579176334223,-0.07062935405355096,-0.06331246344985068,0.03086993569481467,-0.07821492719228437,-0.014040979448944772,0.33407531765171106,0.24532524702262679,-0.03892978031451546,-0.12218534777262853,0.04027345694810685,0.07433446994403355,0.33368498024672505
0.0550023027046901,-0.2464362916853425,0.13320507248974447,-0.03608990928439946,-0.1977510908994133,0.07296731999860841,0.17411191669434825,0.3701317297481837,0.14253490537871108,0.4645483694574128,-0.029480512016141054,-0.4459934823353892,-0.011240757410068719,-0.48427172679379565,0.6240822990726543,-0.3655482413512101,0.07578085605547127,0.46477708773298554,0.3389722422400231,-0.6529090588991389,0.05857051757640687,-1.102422055214234,1.2337368958933714,0.2671283605214619,0.28335687253405445,-0.2748969849930967,0.45894141677766603,0.09931263330771087,0.7262258078818595,-0.763610323995456,-0.030393947203717048,-0.42503007709992796,0.1730327810475914,-0.46320580109565196,-0.5847400256472567,-0.6832439987899136,0.6140415135046515,-0.07900108994710882,-0.3178353164833367,-0.1833848515005796,-0.321201291942882,0.2908687086174214,-0.3334706914977216,0.2891965409282466
-0.294307349599883,0.8648647932679766,-0.5889243582434508,0.09368194636735874,-0.24112026293125197,0.13050372116122552,0.056424732336703004,-0.2538790037520233,-0.5876972320351302,-0.8872908060721113,0.37650353411532556,0.7791168618264285,0.5710350009625489,0.28424920534235126,-0.91748826714899,-0.04956869246799379,0.10991764882907853,-1.109373508252198,-1.1444900600131036,0.6224490439817593,0.1644050984723949,1.7142054716173025,-1.6434192651847312,-0.5674432100881516,-0.5063455343655918,0.4383518067388789,-1.2883828081013131,0.3237596250716615,-0.763610323995456,2.0070903454819313,0.6373435032470072,0.678576542944534,-0.5566789381884921,0.9312333628596079,0.5679804303965144,0.5579943118172271,-0.05402974403122665,0.559950497477057,1.3486268294875081,0.3405214068705887,-0.17296430919759498,-0.3034569798903952,0.5780043993298901,0.06013813391273924
-0.11057302227934887,2.0347205750422592,-0.8044485723448438,-0.3547881560745799,-0.07353313841702874,0.8746024619229256,-0.49517554695673155,0.5936181146404755,-0.2735061161159744,-0.3198019866853768,1.336996705654435,-0.8093727386521887,0.44890645924558154,-0.24136128186450542,-0.7344789216809188,-0.8644306016365112,0.9252164850930128,-0.21408594372289344,-1.749380382350176,-1.262529918868114,-0.3677598893863646,0.8964043291053566,-0.551444272352403,0.8090375621352948,0.37395453763328446,-0.0172456732069189,-0.24184175936021937,0.02040320422497299,-0.030393947203717048,0.6373435032470072,2.2005748168452612,1.0054980648634706,-0.11826972368957193,1.420189951413477,-1.2764464807870346,0.04531822608480524,0.6559282675361259,0.18028406885244633,1.0768464096252202,0.9168898347405855,-0.672888356751411,0.7255552929372596,0.7605464121027948,-1.1145721179432482
-0.1101177265060118,1.3508705607667664,-0.5909707907759995,-0.25774953624985053,0.07928781509627573,0.41298882165315226,-0.2886208590666975,0.2058596864223582,-0.1276419177427817,-0.5491436654851681,0.9055153339202292,-0.1984014570021253,0.4736410604645143,0.3843193652633256,-0.7956718070511808,-0.2587353414160682,0.46770618006365966,-0.3220293262708218,-0.8863658482771529,-0.40032329403342126,0.020269644025305292,1.2146783886500097,-1.1527025980128103,0.296857387813663,0.31720382339541653,0.11061794877425873,-0.30653346409621196,-0.012656579176334223,-0.42503007709992796,0.678576542944534,1.0054980648634706,1.2216916338134614,0.16190822096959698,1.0013239309659492,-0.49665600378884334,0.49865850601024264,-0.10912670719198078,-0.18639015732935504,0.623830457164461,0.7103073585650059,0.10389078739351941,0.18643924427289998,0.728339377208571,-0.6872834386252467
0.10511722250545533,0.0387174849550105,0.06868783394511244,-0.09241648070779793,0.09454809495038827,0.028459418953784725,-0.02607105705943311,0.16842463468878327,0.16119831282453512,0.09952217657194568,0.023055258811449517,-0.16112580802674828,0.05515893743867681,0.08262078975240417,0.12812396830475714,-0.10943654442742558,-0.005285444412363055,0.28497535723513956,0.3235134854729681,-0.2513224699155823,0.0021381795396047893,-0.3243734061021609,0.2652285508283534,0.3161169064898842,0.32029885473540637,-0.18231546859825246,0.3701223398160466,-0.07062935405355096,0.1730327810475914,-0.5566789381884921,-0.11826972368957193,0.16190822096959698,0.44213364332339383,-0.1968209041726589,-0.3111207758364658,-0.08315095060558395,-0.20606473935632175,-0.20070951583703356,-0.4009457754806131,0.04077058879903161,0.14836391063368437,0.11822992929355437,-0.031764355226172845,-0.01895326863245129
-0.02132953057519813,1.3431989546212337,-0.5837496522525439,-0.3392988507789991,0.07826314435287975,0.4795967576240169,-0.6516182032281245,0.07612787936514567,0.032565664307098466,-0.3275586667671649,1.0888811661744442,-0.41367295232377244,0.050749497384051115,0.2753664910317261,-0.884879842008966,-0.18282490120115694,0.6102241493552226,-0.40837136462165546,-1.2876534484781275,-0.43600635385876496,-0.19714084255051564,1.3252608170981424,-1.277883369274727,0.3334282796622627,0.13862469889087417,0.20153405682403178,-0.3717436573443274,-0.06331246344985068,-0.46320580109565196,0.9312333628596079,1.420189951413477,1.0013239309659492,-0.1968209041726589,1.6598811122211035,-0.45576300830972616,0.5599596245205819,0.22472543203640288,-0.2210004502879407,0.8555000689259677,0.7127173529204043,-0.03607227953716554,0.24506092335989682,0.6588344646837302,-1.1087107770139102
-0.05722296651606748,-1.0652126112516875,0.29776596421715223,0.38840409015535937,-0.005149690298682064,-0.5612595573531687,0.2612691942785652,-0.7535285251910342,-0.1691740854700691,-0.20334136706828093,-1.0005262746674144,1.0633362254726393,-0.3008509942685051,0.3922169591266503,-0.15160021239481683,0.6427002120422046,-0.6193690994091287,-0.41472659372628795,0.44572763381793873,1.5030032998342364,-0.0032741875518963823,0.44581848599508606,-0.5782682835735634,-0.884655198245765,-0.7410341513023345,0.25256359734629663,-0.5753371901155608,0.03086993569481467,-0.5847400256472567,0.5679804303965144,-1.2764464807870346,-0.49665600378884334,-0.3111207758364658,-0.45576300830972616,1.6112636179717637,0.4659239470417759,-0.9242979025124435,0.46229546626495593,-0.0891321917016174,-0.36000701963346504,0.46213021020707634,-0.7693321313338468,-0.21425006092251164,0.6925407818976194
0.03854734942557154,0.4295911488561641,-0.043265127262970986,0.027099014439025064,0.23655421628509893,-0.0881898767704947,-0.17058652302506477,-0.485052432777792,-0.07131781576102075,-0.3000259930050717,0.22826560564879267,0.3877962106735436,-0.16819175751300647,0.5056218270501669,-0.5510412659535201,0.519416872023736,-0.04506739108726546,-0.3228333593993739,-0.21041205707445654,0.6016809133611606,0.0012099802853004966,1.1673497156553252,-0.9871427273650604,-0.3823170695771201,-0.21808854584417112,0.16379039824188507,-0.287919123153297,-0.07821492719228437,-0.6832439987899136,0.5579943118172271,0.04531822608480524,0.49865850601024264,-0.08315095060558395,0.5599596245205819,0.4659239470417759,1.0060210264032872,-0.5595844874327517,-0.0985808663685182,0.19465343175520358,0.1372539247783696,0.45125542058189505,-0.181575624953136,0.4614666996600393,-0.5469676542265047
-0.014460584722162337,0.0012901478678321932,-0.05824059274143087,-0.24942207601500677,-0.1758083767951511,0.18239143854385945,0.18645945591839416,0.48071536512111723,-0.14312386455206894,0.33315672106703725,0.6947061982300052,-1.1493014676888562,0.15225385900854868,-0.6617738011376559,0.3754679734979625,-0.14920604655971012,0.6127031567947503,0.355106914240852,-0.012408810019645828,-1.1849440129202826,0.38871278921172403,-0.5594922079977073,0.865292650554216,0.19132407632934756,0.35839118213032367,-0.07781638545393627,0.24881771631800717,-0.014040979448944772,0.6140415135046515,-0.05402974403122665,0.6559282675361259,-0.10912670719198078,-0.20606473935632175,0.22472543203640288,-0.9242979025124435,-0.5595844874327517,2.012175726145385,-0.5046423800407647,0.3090447408522543,0.01684845699838537,-0.5346059446278513,0.331378010176024,-0.1689871866159926,-0.1390756693844141
-0.1909722387803099,0.5107073195255253,-0.15699574156382257,0.5440644992133943,-0.45888891362851036,0.24371370126704292,0.6035070864413951,-0.12799932038003045,-0.967242618890415,-0.31832091052278577,-0.48016166970095386,0.6468902044935085,0.3228879577919498,-0.19117334590236126,-0.32228118895344077,-0.775382176981302,0.08118486472411368,-0.1883126145600508,-0.7839216485362401,0.40894250592697806,-0.5677163242989084,0.44314845063309183,0.40497656475955796,-0.17395902007172734,-0.5897190309689667,-0.2954448151753818,-0.8446386760520856,0.33407531765171106,-0.07900108994710882,0.559950497477057,0.18028406885244633,-0.18639015732935504,-0.20070951583703356,-0.2210004502879407,0.46229546626495593,-0.0985808663685182,-0.5046423800407647,1.7309018288956521,0.6677451333978156,0.3235476499080202,-0.4800705427801591,-0.025541740698152456,0.06105787857162397,0.36994509703031375
-0.3008567077697367,1.321044157304357,-0.5626852225191007,-0.05043342836348847,-0.40472411726813295,0.4091914178264519,0.18769064103605632,0.13495921739510386,-0.6165053568403227,-0.47109703401570563,0.6559764039110894,0.18061214122703054,0.567444231628162,-0.058638058480351946,-0.7792846531214764,-0.5555801605318064,0.5017200940121634,-0.5795320095726116,-1.3259383256544754,-0.22481099733828727,-0.04676128546014402,1.1697369956496235,-0.7746896930727498,-0.11207404494169544,-0.18908901750525078,0.22203549859706373,-0.9884209633788025,0.24532524702262679,-0.3178353164833367,1.3486268294875081,1.0768464096252202,0.623830457164461,-0.4009457754806131,0.8555000689259677,-0.0891321917016174,0.19465343175520358,0.3090447408522543,0.6677451333978156,1.371363422190114,0.6166411738899421,-0.5287596495160075,0.070548101081844,0.5959223252585539,-0.13854722837440864
-0.10834263802142545,1.102078532212299,-0.44754545104803245,-0.12462027849480084,-0.13157392193086836,0.47917241861265153,-0.11525173875033502,0.24167165280302116,-0.28607820989085647,-0.21114050875021656,0.5805387439634289,-0.39882560799711414,0.2539912564944386,0.09946451274224892,-0.6724814271007126,-0.5742100154709314,0.5907945659471968,1.939262943565048e-4,-0.9873267393924651,-0.5471524302361297,-0.3382276418893525,0.7204592178033967,-0.3967373307126755,0.38339201849644927,0.1850021806692647,-0.03163369820799915,-0.3165646351418306,-0.03892978031451546,-0.1833848515005796,0.3405214068705887,0.9168898347405855,0.7103073585650059,0.04077058879903161,0.7127173529204043,-0.36000701963346504,0.1372539247783696,0.01684845699838537,0.3235476499080202,0.6166411738899421,0.8133728358904284,-0.1587683867328169,0.203811046763886,0.48677373635781973,-0.515100899342302
0.08276419561258748,-0.5589611682135137,0.15274025796325777,0.030518935957492395,0.2886632546718858,-0.3272652692251443,-0.21756121811580986,-0.3716554129228624,0.3221178377970994,-0.060460500329965056,-0.22938701692772118,0.18908751875558444,-0.2634767323749862,0.4952182682866639,-0.027277903717685806,0.6392094232738113,-0.3157905631330711,0.016778636148067044,0.5619947182301337,0.5806081908498225,0.15415554473588394,0.22748876763812637,-0.4755400847754514,-0.25227173533691605,-0.028097979676953915,0.06731963096532634,0.1811008553393198,-0.12218534777262853,-0.321201291942882,-0.17296430919759498,-0.672888356751411,0.10389078739351941,0.14836391063368437,-0.03607227953716554,0.46213021020707634,0.45125542058189505,-0.5346059446278513,-0.4800705427801591,-0.5287596495160075,-0.1587683867328169,0.7229610696145549,-0.33973511524996863,-0.002029819349094768,-0.1632026717808566
0.08780491898658176,0.7218518823844924,-0.10683964946267041,-0.08687614497419986,-0.02803354742815999,0.36391509687391577,-0.09323526800940733,0.3375082160712717,0.028053297583600787,0.1257811253337432,0.48171859675917117,-0.4254643792840735,0.03338765516523651,-0.258081859764394,0.06652486788545776,-0.4913713389843599,0.34275768547697366,0.15650289088272912,-0.3419085552414588,-0.6774602391173805,-0.2130218683105186,-0.15453177707591953,0.39577407174909884,0.47873971295566786,0.26213851739795424,-0.17935694914350717,0.29037837487639945,0.04027345694810685,0.2908687086174214,-0.3034569798903952,0.7255552929372596,0.18643924427289998,0.11822992929355437,0.24506092335989682,-0.7693321313338468,-0.181575624953136,0.331378010176024,-0.025541740698152456,0.070548101081844,0.203811046763886,-0.33973511524996863,0.5635009443785731,0.08622613191661473,-0.29633678686587506
-0.13531403903624037,1.0815445775868713,-0.4619051108636041,-0.14146415629149528,-0.036033980212502106,0.2822600480480845,-0.18729716370625196,0.04652103698025378,-0.15166833260537024,-0.34539383696931497,0.5953218099807516,0.021988438680311646,0.28363122799314927,0.19850543920846864,-0.5960109725859211,-0.13302423705259053,0.288605426421518,-0.2848310810508811,-0.8219812538595768,-0.1972024131732856,-0.019884172852839558,0.9158865937364409,-0.7389621649180983,-0.002839606612398002,0.09980943635831778,0.12739627918744895,-0.37930481958691376,0.07433446994403355,-0.3334706914977216,0.5780043993298901,0.7605464121027948,0.728339377208571,-0.031764355226172845,0.6588344646837302,-0.21425006092251164,0.4614666996600393,-0.1689871866159926,0.06105787857162397,0.5959223252585539,0.48677373635781973,-0.002029819349094768,0.08622613191661473,0.6723179266972343,-0.5169480570787657
-0.11514302275867588,-0.9066529115322308,0.2600874469135445,0.29752774413205546,-0.39482992988646853,-0.3607251004968815,0.670781768868778,-0.01821030150036489,-0.08107804524662597,0.01398485208695019,-0.832449093167012,0.783041057654475,0.2434152737881794,-0.20919789651902487,0.5090049756131877,-0.16575209946842312,-0.5108412924950266,-0.22521254812878153,0.7288272602420289,0.6064899367787315,0.2926625810677839,-0.7283372551831292,0.5445589729842929,-0.46971373405624506,-0.2915361830081734,0.05988323797914398,-0.20614717505714622,0.33368498024672505,0.2891965409282466,0.06013813391273924,-1.1145721179432482,-0.6872834386252467,-0.01895326863245129,-1.1087107770139102,0.6925407818976194,-0.5469676542265047,-0.1390756693844141,0.36994509703031375,-0.13854722837440864,-0.515100899342302,-0.1632026717808566,-0.29633678686587506,-0.5169480570787657,1.597844929080896
