V1,V2,V3,V4,V5,V6,V7,V8,V9,V10,V11,V12,V13,V14,V15,V16,V17,V18,V19,V20,V21,V22,V23,V24,V25,V26,V27,V28,V29,V30,V31,V32,V33,V34,V35,V36,V37,V38,V39,V40,V41,V42,V43,V44
5.350075956003355,-4.212195145318777,2.7685662312077897,2.0746567315535036,-0.6122448207842921,0.8205862264362023,6.900398178262149,5.738506936959037,-0.7685646505489686,0.19218584099621366,1.2831042987320702,-1.6565106810095778,3.4520405864166106,0.2095358878783632,2.278983394826589,-7.574942277910413,-1.684548729105491,-2.8556107756639086,-0.6700563231343035,-5.00115787486633,2.4286416761391076,3.1765483669976033,-1.915378505161968,2.322588673425597,4.215425324670661,-0.21854328931206063,-1.801428819872925,-1.233654773177681,4.783906064122623,1.9595981629304322,-2.3488278053336784,-2.910125813513189,1.306945713345787,-1.161522732444958,0.6273608726504312,-2.8776955373925617,3.9311237103487073,-2.8663757478927834,-0.1930106349385382,-0.9276762923248045,0.49309665161164035,-1.3294020223741716,-0.9971287866726966,0.29651154158249465
-4.212195145318777,3.9730809790474475,-2.3017599674080036,-2.050964408765174,0.2509330660121453,-0.5461215494010658,-5.697543186735853,-4.917951500941296,0.8494453657848214,-0.022083362687698997,-0.9061632940802011,1.5875466484870144,-2.3092159160888115,0.13755667539725633,-1.653869447990725,6.402552019356435,0.6614118445074026,2.531441797642197,0.8479573479241471,4.5332914279303855,-2.0740754843119262,-2.667992991716358,1.7794114331754347,-2.564560159361495,-3.417845445693444,-0.07889409475596869,1.4118343773841926,0.6326651959389913,-4.06095094681503,-1.6721148232885719,1.8139183137601027,2.549891280500156,-1.1588766915552333,1.0435590640641377,-1.041900083848388,2.4754821694161917,-3.5874477257432953,2.3521621754218107,0.4715520893256055,0.9543595714726174,-0.6222739912690879,1.0675043494151608,0.6775997575082491,-0.6072985264510589
2.7685662312077897,-2.3017599674080036,2.2912584755608605,-0.028483678363795253,-0.26298528074448563,0.48909914464120363,2.644914673656703,3.3549527255981912,-0.10405611167626132,0.2203315170934461,0.398950545238906,-0.8324969897232822,1.4123288056725944,0.5115460219469037,0.5677928523086945,-2.9554002222389486,-1.4439366843030792,-0.9312000808246614,0.22791160813013803,-2.274881074497862,0.8437578960179611,1.5653505019617044,-0.4339479121336547,0.7062136966402697,1.6650395208984097,-0.009118203365511494,-0.5136105078005627,0.3562195321005755,2.320519299423917,0.8397410872167582,-0.992848377131014,-1.4745642121925728,0.716626719676379,-0.4915198317175458,-0.11085085978102355,-1.2820246985722934,2.0580252674077912,-1.8134415153018886,-0.3169389415668367,-1.2806990713163946,0.10694187766057496,-0.6391269600159325,-0.25085041838951544,-0.4729079078258841
2.0746567315535036,-2.050964408765174,-0.028483678363795253,3.167945806685348,0.269652297112189,0.09822523176918428,4.4716023874184145,2.0566728608061933,-1.1655748023216224,-0.1353319444616927,1.0699444782293899,-0.8253499418432018,1.5644445643128437,-1.0972279181691362,1.6346039760874387,-4.940107916775897,0.6949970838119726,-2.1114754959017445,-1.215605695108985,-3.1680374744191524,1.9783965249558302,1.7012839881803161,-2.10716593118358,2.3790625684390663,2.672317778105502,0.05711257077067439,-1.5554867876148342,-1.494266386664236,2.4288069926927434,1.2701905819781745,-1.074901432362631,-1.666756917051149,0.5978044771317468,-0.5451298351797382,1.3998787936139296,-1.6087611457483848,2.2476484857323498,-0.7438257176647122,0.10088955534387006,0.7830021653044211,0.876392534677738,-0.6708038384917793,-0.7426257912507984,1.2630863296898847
-0.6122448207842921,0.2509330660121453,-0.26298528074448563,0.269652297112189,0.5916461493621815,-0.06154599590922371,-0.4618127128257049,-0.4222199515473604,-0.1847216567718521,0.11630486974064261,-0.013857516896288313,0.207330097928537,-0.47825770973541964,-0.41481256168301744,-0.251004653223516,0.4649465656883489,0.31747324117850106,0.22241212288551368,0.12013005457471052,0.14173594053398886,0.118502978158849,-0.17336054705773749,-0.1388446489274645,0.12820531917205844,-0.18924353649085843,0.2539055581773755,-0.05669831587896598,0.36167953732236013,-0.3211771741319877,0.007254013631102978,0.3715568406172438,-0.0531410269982998,-0.09175650008750566,0.2802096162958434,0.19830140290097822,0.18786871094889554,0.07300783414942576,0.3190470883467168,0.03796861086401836,0.1693012738964772,0.3152155236945218,0.09338323405523463,0.13237512339279164,0.04510344512688008
0.8205862264362023,-0.5461215494010658,0.48909914464120363,0.09822523176918428,-0.06154599590922371,0.38806004012901246,0.953265491319505,0.9250451654650811,0.10340638628867639,0.10495354695829792,0.03323408694230191,-0.24474977433897666,0.5162411932721622,0.20993876455646854,0.3798159248107881,-0.9501140066523278,-0.5355209108714286,-0.2907592023156932,0.11530562973564801,-0.6804368287142966,0.3612082579436807,0.36389313265721723,-0.15954572430773342,0.20770348003681915,0.589603012693993,0.042375095359202336,-0.1749493555654645,-0.10698957776167131,0.6543712227465385,0.3319210629256895,-0.3901610348258959,-0.3341048350884762,0.1841025775676832,-0.02082105592505204,-0.08840080870960426,-0.44035141064589955,0.5999678268249864,-0.41261836696483883,0.047352652123213684,-0.33008384345312597,0.026191503331327432,-0.18044294128698185,-0.08650122000279448,-0.06833662142501629
6.900398178262149,-5.697543186735853,2.644914673656703,4.4716023874184145,-0.4618127128257049,0.953265491319505,10.33943212422457,7.229915467129902,-1.6013150859997374,0.09615859475155526,1.9881487378042764,-2.2949736256710693,4.668252802470388,-0.5712463700445735,3.6144289370547424,-11.328477413490772,-1.1794867068513992,-4.489030994940339,-1.6217505874886247,-7.345085791031053,3.9289433553855275,4.389705022779025,-3.4924473027756364,4.1176646833284956,6.257031746931387,-0.18567912491170674,-2.940048450859268,-2.4999887064941713,6.585640506376273,2.942128131934002,-3.252981499129235,-4.08741430661431,1.724058610861332,-1.5716085092758068,1.700311574827205,-4.155874500618127,5.547155834855139,-3.3629839356211355,-0.05816491466807515,-0.31492205094279696,1.129455383640057,-1.8136436990456506,-1.5790493207584018,1.3102348335121627
5.738506936959037,-4.917951500941296,3.3549527255981912,2.0566728608061933,-0.4222199515473604,0.9250451654650811,7.229915467129902,6.669777198655699,-0.855374625595172,0.3115252315379631,1.1524735232235575,-1.8954908228670886,3.3395397644491918,0.18444826573776443,2.2209517031904142,-8.064317329108166,-1.6379833752196382,-3.0288410961710848,-0.6566482183523427,-5.590656312624015,2.601319059384836,3.412517996589013,-2.001474450349175,2.7675994894537252,4.472327384899329,0.04041025800524934,-1.8080593257774162,-0.755829246341937,5.254785937657677,2.1815944249207146,-2.3856626503073506,-3.4033042605492665,1.5063865665021927,-1.2131805998544039,0.8690067131255914,-3.237049838115375,4.606991477031201,-3.147769896336746,-0.4911440650962724,-1.4498081669640093,0.656570918374097,-1.426957067321673,-0.8646899548386713,0.3518046268900204
-0.7685646505489686,0.8494453657848214,-0.10405611167626132,-1.1655748023216224,-0.1847216567718521,0.10340638628867639,-1.6013150859997374,-0.855374625595172,0.705206099714754,-0.06651522545730372,-0.37424519959103797,0.21390594935004847,-0.5110268667374407,0.5263082031271102,-0.5914242868028926,1.8757680219163544,-0.3183789130067035,0.7874631131761842,0.45715288703780493,1.2194079409889806,-0.7735741033240143,-0.7247287019279345,0.806462335089056,-0.9071023868642988,-1.0763960739676814,-0.17613168169552415,0.6254626051725628,0.419406586187169,-0.9440690732810014,-0.49919732491869195,0.307309530577202,0.829424021021265,-0.20510477246111575,0.1703917177516268,-0.6576843113726792,0.7616284299027039,-0.9383983444123195,0.26557401046949086,0.12251400192296448,-0.3268628346260307,-0.4137042686475958,0.18637038141650233,0.2513786910984932,-0.4929872370034771
0.19218584099621366,-0.022083362687698997,0.2203315170934461,-0.1353319444616927,0.11630486974064261,0.10495354695829792,0.09615859475155526,0.3115252315379631,-0.06651522545730372,0.3381418807462062,-0.013064767606904615,0.1791434710211581,0.1622382155510284,0.09685808580936271,0.13331660763620404,-0.17376335178651395,-0.3600821672074989,0.004485998552227843,0.16344658761210096,-0.016205556707758705,0.10048479105200504,0.10123278820569438,0.048964790078073125,-0.12416073810724457,0.21166236299978392,0.10378484214538888,-0.12288134393951648,0.0834279490579236,0.16313304416798502,0.07673937376735362,-0.012152905126078977,-0.3055786742250171,0.011776415924019311,0.03990235891208737,-0.005917473370770192,-0.1658060971557438,0.19813341365478715,-0.03493104593069511,-0.027620165139777345,-0.0494801255479189,0.09207165535588427,-0.012005851868675583,0.07172678275326909,-0.14065006979500963
1.2831042987320702,-0.9061632940802011,0.398950545238906,1.0699444782293899,-0.013857516896288313,0.03323408694230191,1.9881487378042764,1.1524735232235575,-0.37424519959103797,-0.013064767606904615,0.8514107133587139,-0.31683919778364744,1.0574394352248704,-0.28132068097182483,0.5928578696657699,-2.16702466939998,-0.3023502419085511,-0.7831132486861847,-0.22134823836801606,-1.3680338955509628,0.7937657140515793,0.9697536998033253,-0.8240938797633208,0.6539142017692271,1.1876643035873193,-0.21734686286320776,-0.7864408085420119,-0.5255447407894956,1.2482971321196286,0.48365658410290147,-0.48966964276355607,-0.801113167737227,0.35279148445431274,-0.32259158297262974,0.16862299498761252,-0.5150099840411579,1.0725709931019687,-0.7028302244599001,0.13034336605881963,0.23595858679268503,0.25452852308015667,-0.42435819888053744,-0.38173401847110344,0.08659871882035604
-1.6565106810095778,1.5875466484870144,-0.8324969897232822,-0.8253499418432018,0.207330097928537,-0.24474977433897666,-2.2949736256710693,-1.8954908228670886,0.21390594935004847,0.1791434710211581,-0.31683919778364744,0.8609258627468641,-0.894139059250363,0.05581573725385003,-0.6310956993342793,2.470696648886856,0.13184249730733202,1.046880057441338,0.4264180813951136,1.7957047701046944,-0.7973080258834359,-0.9208629855504589,0.6815014396095254,-1.125733644259289,-1.278432195758529,0.06051911333847029,0.46080905965383084,0.36563984603946215,-1.5831212484554509,-0.6497303047781305,0.8313335607434658,0.8045982959737239,-0.4520894653353516,0.4622195614162603,-0.35072520669807317,0.9827273015357342,-1.319608743756099,0.9638418793959157,0.15240648526851208,0.45371715538541096,-0.1646559063535209,0.4702999233808816,0.38733405612526983,-0.33061436294660357
3.4520405864166106,-2.3092159160888115,1.4123288056725944,1.5644445643128437,-0.47825770973541964,0.5162411932721622,4.668252802470388,3.3395397644491918,-0.5110268667374407,0.1622382155510284,1.0574394352248704,-0.894139059250363,2.6464019612502585,0.08985776904822103,1.7449959615869666,-5.059968923791302,-1.2675804343897754,-1.9025574834168753,-0.4416808968996295,-3.0400795354314334,1.6671642340523312,2.0329854318235387,-1.3412277768904401,1.2692417500079225,2.8826196777481843,-0.3525681010620149,-1.3962862004747243,-1.3306761084155532,3.0181369833640974,1.284265253343964,-1.5951555236151747,-1.793272829832615,0.764522356740899,-0.7178740150718649,0.25041194105692455,-1.7817991937406992,2.299890156125806,-1.7065629034278709,0.16787288535137077,-0.11691258741600914,0.27032129268563915,-0.8678650438192707,-0.8040195317899422,0.17042559044537914
0.2095358878783632,0.13755667539725633,0.5115460219469037,-1.0972279181691362,-0.41481256168301744,0.20993876455646854,-0.5712463700445735,0.18444826573776443,0.5263082031271102,0.09685808580936271,-0.28132068097182483,0.05581573725385003,0.08985776904822103,0.7556409721430499,-0.16815729846788324,0.6754772234892159,-0.7594427232080426,0.33769927327279,0.35462365001784957,0.515221987682936,-0.48833170982321933,-0.15854313208612494,0.6616771163514885,-0.6956697379884351,-0.3795152042070545,-0.17783972747681906,0.3858713525811442,0.2501555698769234,-0.13415136969494368,-0.2400671088442354,-0.10718719024004163,0.29736083503551664,-0.02920369256683426,-0.08309484269998864,-0.549809382754928,0.1917680837350072,-0.3810199342854083,-0.23728939660188256,-0.03164363794868947,-0.5303918650087154,-0.39932379945514995,0.02970058852089007,0.13478323269218098,-0.5207516662534164
2.278983394826589,-1.653869447990725,0.5677928523086945,1.6346039760874387,-0.251004653223516,0.3798159248107881,3.6144289370547424,2.2209517031904142,-0.5914242868028926,0.13331660763620404,0.5928578696657699,-0.6310956993342793,1.7449959615869666,-0.16815729846788324,1.5536165809701805,-3.922279364167906,-0.3831483742336592,-1.5827186216581965,-0.6551954586459803,-2.3209477577387245,1.3839974705790459,1.384388961238977,-1.1866287269622382,1.3132553459015424,2.258340304324374,-0.0429748249006974,-1.0660909358829191,-1.2748984865398483,2.1133998580352564,1.02497581606977,-1.1693563312191122,-1.3464147143931153,0.4851345791275151,-0.4571457780582065,0.6161465604558489,-1.5340298256920204,1.6692289468963135,-0.8720200259429394,0.06544684518261851,0.19956043736229673,0.3481238333287935,-0.5593282080128413,-0.6039504194699435,0.6044553214516526
-7.574942277910413,6.402552019356435,-2.9554002222389486,-4.940107916775897,0.4649465656883489,-0.9501140066523278,-11.328477413490772,-8.064317329108166,1.8757680219163544,-0.17376335178651395,-2.16702466939998,2.470696648886856,-5.059968923791302,0.6754772234892159,-3.922279364167906,12.603124436565249,1.1319939055089858,5.031017763877993,1.8852752599587974,8.150191496461325,-4.300130213425506,-4.896934778272002,3.8542624963484404,-4.614113556391216,-6.891198215991649,0.16712645366656792,3.2896360744172997,2.6426408738112728,-7.32833605513738,-3.2247306065325994,3.4935549086085502,4.67568294131383,-1.9425930824805677,1.8103759230144634,-2.052044099048451,4.584403984202673,-6.185771706125975,3.703724521833698,0.20470156780678805,0.3414916617130342,-1.296268233767438,1.968981159242345,1.6242483007954136,-1.5079743813166004
-1.684548729105491,0.6614118445074026,-1.4439366843030792,0.6949970838119726,0.31747324117850106,-0.5355209108714286,-1.1794867068513992,-1.6379833752196382,-0.3183789130067035,-0.3600821672074989,-0.3023502419085511,0.13184249730733202,-1.2675804343897754,-0.7594427232080426,-0.3831483742336592,1.1319939055089858,1.968386052079849,0.09211536453413192,-0.775009597336253,0.6981689851500104,-0.3148366158312888,-0.7921358376997908,-0.10347265187842498,0.5682150108642767,-0.8132091620304741,0.2509341314888802,0.2572126361608165,-0.10549125286886778,-1.0733701032723282,-0.3726536037436378,0.6407636342866458,0.5446334235821699,-0.2931464959543062,0.06532038655976236,0.8288584308906609,0.4801754355693107,-0.7818660653081672,1.1093720202550001,-0.23636970925748096,0.711639892530574,0.1853286848684161,0.31585450562996464,0.17158054679013346,0.9415529178395217
-2.8556107756639086,2.531441797642197,-0.9312000808246614,-2.1114754959017445,0.22241212288551368,-0.2907592023156932,-4.489030994940339,-3.0288410961710848,0.7874631131761842,0.004485998552227843,-0.7831132486861847,1.046880057441338,-1.9025574834168753,0.33769927327279,-1.5827186216581965,5.031017763877993,0.09211536453413192,2.160095886046694,1.030176411477349,3.1720819452964237,-1.6850435746285626,-1.8161554905903035,1.5390405148845838,-2.0280091851906796,-2.6998393660329905,0.09329264222893956,1.2732324054441326,1.2282046138226481,-2.8792998992750727,-1.2240321548612303,1.4297291584732552,1.7641463541352294,-0.7151258705808909,0.8655389370821156,-1.028628052009529,1.8122044137844293,-2.3071301148962347,1.3466158096153367,0.15205041403432523,0.021917862003013756,-0.526607039022414,0.7563294118214285,0.6724487405608561,-0.8277347690433345
-0.6700563231343035,0.8479573479241471,0.22791160813013803,-1.215605695108985,0.12013005457471052,0.11530562973564801,-1.6217505874886247,-0.6566482183523427,0.45715288703780493,0.16344658761210096,-0.22134823836801606,0.4264180813951136,-0.4416808968996295,0.35462365001784957,-0.6551954586459803,1.8852752599587974,-0.775009597336253,1.030176411477349,0.933777273091422,1.0719173731839358,-0.5801913397402605,-0.48116176162803925,0.6705218606102525,-1.1290411874690434,-0.9137343411205248,0.03660289248180419,0.45774720314062073,0.8000343630405522,-0.8884998790171196,-0.34340533787742666,0.4851897905621603,0.5231701489671045,-0.17405506630493756,0.49577792628204675,-0.8291011625554694,0.6261854035035461,-0.5691384327091639,0.15993943745435935,0.17103669378873268,-0.35349943396173333,-0.24486859552122137,0.23884816931980826,0.29288583057795226,-0.8024949556509835
-5.00115787486633,4.5332914279303855,-2.274881074497862,-3.1680374744191524,0.14173594053398886,-0.6804368287142966,-7.345085791031053,-5.590656312624015,1.2194079409889806,-0.016205556707758705,-1.3680338955509628,1.7957047701046944,-3.0400795354314334,0.515221987682936,-2.3209477577387245,8.150191496461325,0.6981689851500104,3.1720819452964237,1.0719173731839358,5.634486770517662,-2.8449496990452783,-3.300171880730789,2.565994410635683,-3.2041187497436114,-4.430936531906903,-0.08008590598973535,2.0372393165428115,1.2368375887163598,-4.87347505291153,-2.184150260794912,2.191056580747197,3.1251805766416143,-1.3742128495323196,1.0682499836008812,-1.3326849809313945,3.0417563598496087,-4.391683504999701,2.6089998033332473,0.26899692427577887,0.5978457986631548,-0.9089145519221381,1.3035600655314326,0.9761536118064523,-0.9244905494130805
2.4286416761391076,-2.0740754843119262,0.8437578960179611,1.9783965249558302,0.118502978158849,0.3612082579436807,3.9289433553855275,2.601319059384836,-0.7735741033240143,0.10048479105200504,0.7937657140515793,-0.7973080258834359,1.6671642340523312,-0.48833170982321933,1.3839974705790459,-4.300130213425506,-0.3148366158312888,-1.6850435746285626,-0.5801913397402605,-2.8449496990452783,1.6857321908261622,1.6386340008969424,-1.4953352073002286,1.689928888815143,2.4523749805601174,0.07404761871818617,-1.2311472474579734,-0.9181664820617762,2.440481928130731,1.2028676294852425,-1.1210005641840486,-1.641775354825739,0.6145469315339026,-0.42689960219298895,0.7567326383056006,-1.6080250203067261,2.222445252810099,-1.1306789206515342,0.02591834570994125,0.04482038163131509,0.6139814040253906,-0.6572048365832002,-0.6123447243555861,0.5767339657467166
3.1765483669976033,-2.667992991716358,1.5653505019617044,1.7012839881803161,-0.17336054705773749,0.36389313265721723,4.389705022779025,3.412517996589013,-0.7247287019279345,0.10123278820569438,0.9697536998033253,-0.9208629855504589,2.0329854318235387,-0.15854313208612494,1.384388961238977,-4.896934778272002,-0.7921358376997908,-1.8161554905903035,-0.48116176162803925,-3.300171880730789,1.6386340008969424,2.1512718085852836,-1.4683065714933312,1.6289814460264185,2.6763319082925747,-0.07232161339649601,-1.290970251318105,-0.7069567288416908,2.97689675627622,1.2574555524296271,-1.3173624530139687,-1.9370297174611157,0.8323928872925825,-0.6713265137930168,0.6086653057865845,-1.7413156957306342,2.603156000099484,-1.7128487687339615,-0.1033437845268554,-0.3269639280716604,0.4849598834866002,-0.8032737501347541,-0.5897708322395714,0.2872778660987306
-1.915378505161968,1.7794114331754347,-0.4339479121336547,-2.10716593118358,-0.1388446489274645,-0.15954572430773342,-3.4924473027756364,-2.001474450349175,0.806462335089056,0.048964790078073125,-0.8240938797633208,0.6815014396095254,-1.3412277768904401,0.6616771163514885,-1.1866287269622382,3.8542624963484404,-0.10347265187842498,1.5390405148845838,0.6705218606102525,2.565994410635683,-1.4953352073002286,-1.4683065714933312,1.533422612503435,-1.6563567976628322,-2.1068799100975,-0.03963022912582509,1.1476221386851035,0.8972741094414882,-2.045226436738713,-1.0351472550414995,0.88661676346198115,1.3954104302867847,-0.5504696036003222,0.3986895933790969,-0.856019933037156,1.316137404550425,-1.928974231489414,0.8509400211945874,-0.05560573919113225,-0.2826626522343951,-0.6045386640275899,0.5470408863903004,0.5321104186395744,-0.6987942678764251
2.322588673425597,-2.564560159361495,0.7062136966402697,2.3790625684390663,0.12820531917205844,0.20770348003681915,4.1176646833284956,2.7675994894537252,-0.9071023868642988,-0.12416073810724457,0.6539142017692271,-1.125733644259289,1.2692417500079225,-0.6956697379884351,1.3132553459015424,-4.614113556391216,0.5682150108642767,-2.0280091851906796,-1.1290411874690434,-3.2041187497436114,1.689928888815143,1.6289814460264185,-1.6563567976628322,2.431208609444945,2.4349151555528996,0.1800319266068275,-1.1504080464375084,-0.8700045170591286,2.600039583237319,1.2067908318600156,-1.1521890521704055,-1.6989283600392364,0.6823906569151582,-0.7055927101611607,1.3248410204679777,-1.7349217048537802,2.400354046001421,-1.0840477340156565,-0.2909063336061905,-0.059640918070875466,0.7200140556627525,-0.7008104044302212,-0.5742213039580614,1.1002194089255288
4.215425324670661,-3.417845445693444,1.6650395208984097,2.672317778105502,-0.18924353649085843,0.589603012693993,6.257031746931387,4.472327384899329,-1.0763960739676814,0.21166236299978392,1.1876643035873193,-1.278432195758529,2.8826196777481843,-0.3795152042070545,2.258340304324374,-6.891198215991649,-0.8132091620304741,-2.6998393660329905,-0.9137343411205248,-4.430936531906903,2.4523749805601174,2.6763319082925747,-2.1068799100975,2.4349151555528996,3.914762440474352,0.012155785431134051,-1.840434393687206,-1.4875198712791515,4.01418043956969,1.8422649324954434,-1.9160273643597596,-2.6456701371524947,1.0283910095350466,-0.8699821154742072,1.0454531546639216,-2.6227306537875354,3.442480863062369,-1.9833120623943332,-0.08157245618026314,-0.16310066281567667,0.7395991723096719,-1.0676458667417488,-0.927026441960353,0.7653056477896335
-0.21854328931206063,-0.07889409475596869,-0.009118203365511494,0.05711257077067439,0.2539055581773755,0.042375095359202336,-0.18567912491170674,0.04041025800524934,-0.17613168169552415,0.10378484214538888,-0.21734686286320776,0.06051911333847029,-0.3525681010620149,-0.17783972747681906,-0.0429748249006974,0.16712645366656792,0.2509341314888802,0.09329264222893956,0.03660289248180419,-0.08008590598973535,0.07404761871818617,-0.07232161339649601,-0.03963022912582509,0.1800319266068275,0.012155785431134051,0.41755659040971443,0.07805713621463306,0.2928996926356052,-0.1107213412738,0.09525661688611196,0.20140881218906193,-0.14736602288497128,-0.014676545487906223,0.21831587185322457,0.23055182957798837,-0.16852047038876558,0.21142351558064548,0.20989412309505565,-0.20207777473047372,-0.11162233165768828,0.14806730076349106,0.12485487108250684,0.17358563969014715,0.17242302498232343
-1.801428819872925,1.4118343773841926,-0.5136105078005627,-1.5554867876148342,-0.05669831587896598,-0.1749493555654645,-2.940048450859268,-1.8080593257774162,0.6254626051725628,-0.12288134393951648,-0.7864408085420119,0.46080905965383084,-1.3962862004747243,0.3858713525811442,-1.0660909358829191,3.2896360744172997,0.2572126361608165,1.2732324054441326,0.45774720314062073,2.0372393165428115,-1.2311472474579734,-1.290970251318105,1.1476221386851035,-1.1504080464375084,-1.840434393687206,0.07805713621463306,1.0816548064533034,0.8127668164990651,-1.8170249023063667,-0.8419438936032939,0.7843005992805673,1.2684692253869196,-0.4564305244554539,0.3736927938767458,-0.5287743219613409,1.081084688536066,-1.5837587172003271,0.8204500306989557,-0.08083456916580208,-0.2704373232503201,-0.4468861159877987,0.5166697166406705,0.47045881433707126,-0.3895016284725715
-1.233654773177681,0.6326651959389913,0.3562195321005755,-1.494266386664236,0.36167953732236013,-0.10698957776167131,-2.4999887064941713,-0.755829246341937,0.419406586187169,0.0834279490579236,-0.5255447407894956,0.36563984603946215,-1.3306761084155532,0.2501555698769234,-1.2748984865398483,2.6426408738112728,-0.10549125286886778,1.2282046138226481,0.8000343630405522,1.2368375887163598,-0.9181664820617762,-0.7069567288416908,0.8972741094414882,-0.8700045170591286,-1.4875198712791515,0.2928996926356052,0.8127668164990651,1.5901925168310591,-1.1656978079935645,-0.5704307206638347,0.8680166145000747,0.5711463199979809,-0.1753550947579485,0.41449925754336003,-0.4823003337186028,0.8655337880816008,-0.5898322048735383,0.25459677158058236,-0.2612408866776654,-0.7454085611654797,-0.15359004814654795,0.3512506181609855,0.6184827659832254,-0.6892191964381714
4.783906064122623,-4.06095094681503,2.320519299423917,2.4288069926927434,-0.3211771741319877,0.6543712227465385,6.585640506376273,5.254785937657677,-0.9440690732810014,0.16313304416798502,1.2482971321196286,-1.5831212484554509,3.0181369833640974,-0.13415136969494368,2.1133998580352564,-7.32833605513738,-1.0733701032723282,-2.8792998992750727,-0.8884998790171196,-4.87347505291153,2.440481928130731,2.97689675627622,-2.045226436738713,2.600039583237319,4.01418043956969,-0.1107213412738,-1.8170249023063667,-1.1656978079935645,4.548990017365464,1.8731105080075658,-2.1325052942352003,-2.823619799892461,1.2151364665281927,-1.1661583916555718,0.9850384786743448,-2.7126255876331484,3.835250829861212,-2.551061257305809,-0.2592839498360929,-0.6742700930051541,0.6839369892963031,-1.223737766862458,-0.9076140210662904,0.5716903401299115
1.9595981629304322,-1.6721148232885719,0.8397410872167582,1.2701905819781745,0.007254013631102978,0.3319210629256895,2.942128131934002,2.1815944249207146,-0.49919732491869195,0.07673937376735362,0.48365658410290147,-0.6497303047781305,1.284265253343964,-0.2400671088442354,1.02497581606977,-3.2247306065325994,-0.3726536037436378,-1.2240321548612303,-0.34340533787742666,-2.184150260794912,1.2028676294852425,1.2574555524296271,-1.0351472550414995,1.2067908318600156,1.8422649324954434,0.09525661688611196,-0.8419438936032939,-0.5704307206638347,1.8731105080075658,0.9565280088561127,-0.8693819612151213,-1.2703052648348552,0.5113796092514197,-0.2880980746278396,0.4845540146877406,-1.2873555588381758,1.7373059564567812,-0.9311702886258472,-0.021131573452242865,-0.17632651597931917,0.38171009170124365,-0.48964110999294985,-0.40180837071492204,0.36592762232980364
-2.3488278053336784,1.8139183137601027,-0.992848377131014,-1.074901432362631,0.3715568406172438,-0.3901610348258959,-3.252981499129235,-2.3856626503073506,0.307309530577202,-0.012152905126078977,-0.48966964276355607,0.8313335607434658,-1.5951555236151747,-0.10718719024004163,-1.1693563312191122,3.4935549086085502,0.6407636342866458,1.4297291584732552,0.4851897905621603,2.191056580747197,-1.1210005641840486,-1.3173624530139687,0.88661676346198115,-1.1521890521704055,-1.9160273643597596,0.20140881218906193,0.7843005992805673,0.8680166145000747,-2.1325052942352003,-0.8693819612151213,1.2445694995566212,1.1095629238370306,-0.5069578259806736,0.6182222301479028,-0.36147546955170945,1.3428687076836372,-1.5807228078136957,1.210290523278453,-0.0035133024857642637,0.28440117160643025,-0.19575864991492598,0.5898562040514655,0.5673759760409621,-0.28977299268792633
-2.910125813513189,2.549891280500156,-1.4745642121925728,-1.666756917051149,-0.0531410269982998,-0.3341048350884762,-4.08741430661431,-3.4033042605492665,0.829424021021265,-0.3055786742250171,-0.801113167737227,0.8045982959737239,-1.793272829832615,0.29736083503551664,-1.3464147143931153,4.67568294131383,0.5446334235821699,1.7641463541352294,0.5231701489671045,3.1251805766416143,-1.641775354825739,-1.9370297174611157,1.3954104302867847,-1.6989283600392364,-2.6456701371524947,-0.14736602288497128,1.2684692253869196,0.5711463199979809,-2.823619799892461,-1.2703052648348552,1.1095629238370306,2.1530909467621187,-0.8026429314980957,0.5740403447671032,-0.8114704462002859,1.8115582405835529,-2.617750361515597,1.4387073433186754,0.24224448980027008,0.3357981866144928,-0.6185414603340137,0.7604984569753156,0.4633483816856924,-0.4267958402591192
1.306945713345787,-1.1588766915552333,0.716626719676379,0.5978044771317468,-0.09175650008750566,0.1841025775676832,1.724058610861332,1.5063865665021927,-0.20510477246111575,0.011776415924019311,0.35279148445431274,-0.4520894653353516,0.764522356740899,-0.02920369256683426,0.4851345791275151,-1.9425930824805677,-0.2931464959543062,-0.7151258705808909,-0.17405506630493756,-1.3742128495323196,0.6145469315339026,0.8323928872925825,-0.5504696036003222,0.6823906569151582,1.0283910095350466,-0.014676545487906223,-0.4564305244554539,-0.1753550947579485,1.2151364665281927,0.5113796092514197,-0.5069578259806736,-0.8026429314980957,0.4000042108741065,-0.27843355010272813,0.2268067030411273,-0.6931515223818322,1.1115875638448274,-0.7334447848731916,-0.08785050395298329,-0.29203847638293906,0.16335541139566134,-0.34755511725302657,-0.17919036193925691,0.11727898374898049
-1.161522732444958,1.0435590640641377,-0.4915198317175458,-0.5451298351797382,0.2802096162958434,-0.02082105592505204,-1.5716085092758068,-1.2131805998544039,0.1703917177516268,0.03990235891208737,-0.32259158297262974,0.4622195614162603,-0.7178740150718649,-0.08309484269998864,-0.4571457780582065,1.8103759230144634,0.06532038655976236,0.8655389370821156,0.49577792628204675,1.0682499836008812,-0.42689960219298895,-0.6713265137930168,0.3986895933790969,-0.7055927101611607,-0.8699821154742072,0.21831587185322457,0.3736927938767458,0.41449925754336003,-1.1661583916555718,-0.2880980746278396,0.6182222301479028,0.5740403447671032,-0.27843355010272813,0.626239510439702,-0.36687284815385557,0.542906639199541,-0.7319503231518916,0.6707873463587785,0.15944992953457432,0.1511038890890582,-0.08596578391904311,0.32540166805783977,0.2350845097636449,-0.21967879432138462
0.6273608726504312,-1.041900083848388,-0.11085085978102355,1.3998787936139296,0.19830140290097822,-0.08840080870960426,1.700311574827205,0.8690067131255914,-0.6576843113726792,-0.005917473370770192,0.16862299498761252,-0.35072520669807317,0.25041194105692455,-0.549809382754928,0.6161465604558489,-2.052044099048451,0.8288584308906609,-1.028628052009529,-0.8291011625554694,-1.3326849809313945,0.7567326383056006,0.6086653057865845,-0.856019933037156,1.3248410204679777,1.0454531546639216,0.23055182957798837,-0.5287743219613409,-0.4823003337186028,0.9850384786743448,0.4845540146877406,-0.36147546955170945,-0.8114704462002859,0.2268067030411273,-0.36687284815385557,1.0687546793712697,-0.7836611195643024,0.9471696674018686,-0.12660643278081837,-0.24834095984147686,0.2601037532840431,0.48756040118470095,-0.18845220415579478,-0.14581408815932817,0.847690118379025
-2.8776955373925617,2.4754821694161917,-1.2820246985722934,-1.6087611457483848,0.18786871094889554,-0.44035141064589955,-4.155874500618127,-3.237049838115375,0.7616284299027039,-0.1658060971557438,-0.5150099840411579,0.9827273015357342,-1.7817991937406992,0.1917680837350072,-1.5340298256920204,4.584403984202673,0.4801754355693107,1.8122044137844293,0.6261854035035461,3.0417563598496087,-1.6080250203067261,-1.7413156957306342,1.316137404550425,-1.7349217048537802,-2.6227306537875354,-0.16852047038876558,1.081084688536066,0.8655337880816008,-2.7126255876331484,-1.2873555588381758,1.3428687076836372,1.8115582405835529,-0.6931515223818322,0.542906639199541,-0.7836611195643024,2.0369969061116455,-2.3738056071527325,1.3371729349633656,0.21845076808924874,0.35378820925165516,-0.46976810114644274,0.6709072055314047,0.6025247821779429,-0.6162987163032118
3.9311237103487073,-3.5874477257432953,2.0580252674077912,2.2476484857323498,0.07300783414942576,0.5999678268249864,5.547155834855139,4.606991477031201,-0.9383983444123195,0.19813341365478715,1.0725709931019687,-1.319608743756099,2.299890156125806,-0.3810199342854083,1.6692289468963135,-6.185771706125975,-0.7818660653081672,-2.3071301148962347,-0.5691384327091639,-4.391683504999701,2.222445252810099,2.603156000099484,-1.928974231489414,2.400354046001421,3.442480863062369,0.21142351558064548,-1.5837587172003271,-0.5898322048735383,3.835250829861212,1.7373059564567812,-1.5807228078136957,-2.617750361515597,1.1115875638448274,-0.7319503231518916,0.9471696674018686,-2.3738056071527325,3.6592764221339666,-2.098048385081056,-0.2812857830535232,-0.6907065416341265,0.777986345969183,-1.0145972773204386,-0.6288309515850913,0.5243667243879915
-2.8663757478927834,2.3521621754218107,-1.8134415153018886,-0.7438257176647122,0.3190470883467168,-0.41261836696483883,-3.3629839356211355,-3.147769896336746,0.26557401046949086,-0.03493104593069511,-0.7028302244599001,0.9638418793959157,-1.7065629034278709,-0.23728939660188256,-0.8720200259429394,3.703724521833698,1.1093720202550001,1.3466158096153367,0.15993943745435935,2.6089998033332473,-1.1306789206515342,-1.7128487687339615,0.8509400211945874,-1.0840477340156565,-1.9833120623943332,0.20989412309505565,0.8204500306989557,0.25459677158058236,-2.551061257305809,-0.9311702886258472,1.210290523278453,1.4387073433186754,-0.7334447848731916,0.6707873463587785,-0.12660643278081837,1.3371729349633656,-2.098048385081056,1.7990544900296994,0.1391581793117026,0.7944868246163067,-0.1962327736773923,0.7303836408383704,0.4794443931274635,0.13308467635043328
-0.1930106349385382,0.4715520893256055,-0.3169389415668367,0.10088955534387006,0.03796861086401836,0.047352652123213684,-0.05816491466807515,-0.4911440650962724,0.12251400192296448,-0.027620165139777345,0.13034336605881963,0.15240648526851208,0.16787288535137077,-0.03164363794868947,0.06544684518261851,0.20470156780678805,-0.23636970925748096,0.15205041403432523,0.17103669378873268,0.26899692427577887,0.02591834570994125,-0.1033437845268554,-0.05560573919113225,-0.2909063336061905,-0.08157245618026314,-0.20207777473047372,-0.08083456916580208,-0.2612408866776654,-0.2592839498360929,-0.021131573452242865,-0.0035133024857642637,0.24224448980027008,-0.08785050395298329,0.15944992953457432,-0.24834095984147686,0.21845076808924874,-0.2812857830535232,0.1391581793117026,0.3880496738595336,0.30749298863069074,-0.021016096455354332,-1.9161615677154524e-4,-0.11234494889188466,-0.14523609393033063
-0.9276762923248045,0.9543595714726174,-1.2806990713163946,0.7830021653044211,0.1693012738964772,-0.33008384345312597,-0.31492205094279696,-1.4498081669640093,-0.3268628346260307,-0.0494801255479189,0.23595858679268503,0.45371715538541096,-0.11691258741600914,-0.5303918650087154,0.19956043736229673,0.3414916617130342,0.711639892530574,0.021917862003013756,-0.35349943396173333,0.5978457986631548,0.04482038163131509,-0.3269639280716604,-0.2826626522343951,-0.059640918070875466,-0.16310066281567667,-0.11162233165768828,-0.2704373232503201,-0.7454085611654797,-0.6742700930051541,-0.17632651597931917,0.28440117160643025,0.3357981866144928,-0.29203847638293906,0.1511038890890582,0.2601037532840431,0.35378820925165516,-0.6907065416341265,0.7944868246163067,0.30749298863069074,1.176258472201378,0.12701432471579585,0.17655766175365747,-0.13877872580366424,0.4093644789831162
0.49309665161164035,-0.6222739912690879,0.10694187766057496,0.876392534677738,0.3152155236945218,0.026191503331327432,1.129455383640057,0.656570918374097,-0.4137042686475958,0.09207165535588427,0.25452852308015667,-0.1646559063535209,0.27032129268563915,-0.39932379945514995,0.3481238333287935,-1.296268233767438,0.1853286848684161,-0.526607039022414,-0.24486859552122137,-0.9089145519221381,0.6139814040253906,0.4849598834866002,-0.6045386640275899,0.7200140556627525,0.7395991723096719,0.14806730076349106,-0.4468861159877987,-0.15359004814654795,0.6839369892963031,0.38171009170124365,-0.19575864991492598,-0.6185414603340137,0.16335541139566134,-0.08596578391904311,0.48756040118470095,-0.46976810114644274,0.777986345969183,-0.1962327736773923,-0.021016096455354332,0.12701432471579585,0.4027766695246015,-0.17720142939175446,-0.13010253091049195,0.3030720895845018
-1.3294020223741716,1.0675043494151608,-0.6391269600159325,-0.6708038384917793,0.09338323405523463,-0.18044294128698185,-1.8136436990456506,-1.426957067321673,0.18637038141650233,-0.012005851868675583,-0.42435819888053744,0.4702999233808816,-0.8678650438192707,0.02970058852089007,-0.5593282080128413,1.968981159242345,0.31585450562996464,0.7563294118214285,0.23884816931980826,1.3035600655314326,-0.6572048365832002,-0.8032737501347541,0.5470408863903004,-0.7008104044302212,-1.0676458667417488,0.12485487108250684,0.5166697166406705,0.3512506181609855,-1.223737766862458,-0.48964110999294985,0.5898562040514655,0.7604984569753156,-0.34755511725302657,0.32540166805783977,-0.18845220415579478,0.6709072055314047,-1.0145972773204386,0.7303836408383704,-1.9161615677154524e-4,0.17655766175365747,-0.17720142939175446,0.4280938480985634,0.3158752113804813,-0.11600154828946158
-0.9971287866726966,0.6775997575082491,-0.25085041838951544,-0.7426257912507984,0.13237512339279164,-0.08650122000279448,-1.5790493207584018,-0.8646899548386713,0.2513786910984932,0.07172678275326909,-0.38173401847110344,0.38733405612526983,-0.8040195317899422,0.13478323269218098,-0.6039504194699435,1.6242483007954136,0.17158054679013346,0.6724487405608561,0.29288583057795226,0.9761536118064523,-0.6123447243555861,-0.5897708322395714,0.5321104186395744,-0.5742213039580614,-0.927026441960353,0.17358563969014715,0.47045881433707126,0.6184827659832254,-0.9076140210662904,-0.40180837071492204,0.5673759760409621,0.4633483816856924,-0.17919036193925691,0.2350845097636449,-0.14581408815932817,0.6025247821779429,-0.6288309515850913,0.4794443931274635,-0.11234494889188466,-0.13877872580366424,-0.13010253091049195,0.3158752113804813,0.44504512394860746,-0.198036597666451
0.29651154158249465,-0.6072985264510589,-0.4729079078258841,1.2630863296898847,0.04510344512688008,-0.06833662142501629,1.3102348335121627,0.3518046268900204,-0.4929872370034771,-0.14065006979500963,0.08659871882035604,-0.33061436294660357,0.17042559044537914,-0.5207516662534164,0.6044553214516526,-1.5079743813166004,0.9415529178395217,-0.8277347690433345,-0.8024949556509835,-0.9244905494130805,0.5767339657467166,0.2872778660987306,-0.6987942678764251,1.1002194089255288,0.7653056477896335,0.17242302498232343,-0.3895016284725715,-0.6892191964381714,0.5716903401299115,0.36592762232980364,-0.28977299268792633,-0.4267958402591192,0.11727898374898049,-0.21967879432138462,0.847690118379025,-0.6162987163032118,0.5243667243879915,0.13308467635043328,-0.14523609393033063,0.4093644789831162,0.3030720895845018,-0.11600154828946158,-0.198036597666451,0.9036002238107749
