V1,V2,V3,V4,V5,V6,V7,V8,V9,V10,V11,V12,V13,V14,V15,V16,V17,V18,V19,V20,V21,V22,V23,V24,V25,V26,V27,V28,V29,V30,V31,V32,V33,V34,V35,V36,V37,V38,V39,V40,V41,V42,V43,V44
10.420264439951755,-3.374007068629124,3.421556534329071,32.92291346748361,-0.07472721289747357,6.0775266942542805,-9.13952807375494,3.561310394572932,6.612485862698938,22.454358493402864,-4.114173905862444,11.234777029025034,-7.492705172405162,-4.4217884983024165,-18.529317547635873,-2.118536012842245,6.947838387801264,1.0119808340399143,11.337122731820411,-9.674105921397755,3.2636508101165775,-15.174525627928743,5.481330638726024,9.51457418420829,0.17572322277077088,-10.950678898184782,4.416731089396139,-25.916440139150804,11.301859275363865,4.306471491692862,16.699505968820134,9.88678402322133,-21.584188997032864,-6.2863066255846105,-11.465879433197628,19.346964922664696,18.03357504440232,15.096333313967502,15.982801944961786,-12.211495211913293,8.009052157063788,7.571176368068267,2.115487733729908,-1.4007098196240046
-3.374007068629124,1.5508716393728723,-1.1188354681271317,-10.10644933361361,-0.4913946735466167,-1.9369061159572094,3.2148922486130505,-1.013940308625794,-1.9156384480988504,-6.755853039680798,1.6092308096588674,-2.854703657802818,2.6653279192613217,1.3222290339081881,5.691308053415526,0.551812495347986,-2.2489411002644473,-0.5840128326365759,-3.3857763399157177,2.855848370804738,-0.31019187947315313,4.625498255165945,-1.6443570155721856,-3.4418508732665627,0.06385097602736987,3.5842984769060178,-1.7387463901680318,8.284436907797824,-3.2952348597829726,-0.9485130877100373,-5.261733805796411,-2.8032440377336356,6.5547675289198,1.6589293796437934,3.4514679422018713,-5.775288929506087,-5.386664094461441,-4.839852614405554,-4.399538314567829,3.588289901610026,-2.5053107203808898,-2.4200410397641936,-0.2905713425192895,1.0074662413663167
3.421556534329071,-1.1188354681271317,1.4143647119250122,10.947660487420164,-0.10725592938418822,2.1034642259006997,-3.1137849945205693,1.2894097621098317,2.226104937011584,7.592330092502063,-1.3003480938137668,3.609233187001967,-2.6167473949393343,-1.7660023609267128,-6.314550098560088,-0.6876666876651659,2.3325967645749377,0.28396010733333665,3.681423182915416,-3.269759835393978,1.105100000738054,-5.319929676586599,1.8831969487247602,3.39035518988464,0.03520844759210213,-3.603852263303833,1.392678234621522,-8.791778076164803,3.789201578732546,1.2717734300433219,5.634349364559916,3.20227960230472,-7.177706569176119,-2.159133950049328,-3.7426668711961137,6.426251076365812,5.948731368343228,5.012352115485093,5.338462791305972,-4.0489565584187295,2.5102247547201073,2.376290292397931,0.7424964415961864,-0.5951822528784739
32.92291346748361,-10.10644933361361,10.947660487420164,106.38172638211846,-1.1639016322459215,19.538236134158982,-28.670104708027182,11.61967967358433,21.06836410037056,72.73970755390641,-12.894097394552846,37.188895292287846,-23.300022576013827,-14.536901215515286,-59.928986817114236,-7.053367439232008,22.461664260731055,3.0771979734410473,36.81763238328764,-31.481484413145544,11.789700460238542,-48.89788305159907,17.731241215767177,30.00821985939563,0.7642447375238892,-34.747177551358405,13.475243408356791,-83.29163494395189,36.68622012543636,14.367634904685735,53.493174578777946,32.58684701128836,-69.67541872980571,-20.904169369943098,-36.96511467585247,62.80992532795401,58.39520928353377,48.603560263987355,52.48514447782051,-39.58977467842726,25.896808823546117,23.931291735916847,7.758994418585429,-3.624075880936317
-0.07472721289747357,-0.4913946735466167,-0.10725592938418822,-1.1639016322459215,0.7557918981382278,-0.12022964352971116,-0.18003613492535897,-0.39721549558526287,-0.2932275896084558,-0.9780599326905693,-0.25059173063871587,-1.03303139367453,-0.24482113999437743,0.49129836800674753,0.7787682019576956,0.20377611316877303,-0.1924033175186732,0.36639608155866865,-0.5484140697459007,0.49607833549620045,-1.0236465534935415,0.7162851116118967,-0.2688093022239641,0.15193396623305472,-0.17915410404002544,0.12595759094517897,0.39526721507329776,0.6828787348974705,-0.6465442694374691,-0.5275547333482592,-0.42002485627353114,-0.6437294771524451,0.8431401946406842,0.6548932336596688,0.4369207052823212,-0.8516095209718417,-0.8064465326741292,-0.27135239224129726,-1.2428109500627584,0.5814224678541354,-0.19366311571245864,-0.012315873598913089,-0.6158753063612685,-0.6524032065862702
6.0775266942542805,-1.9369061159572094,2.1034642259006997,19.538236134158982,-0.12022964352971116,3.6834972276357143,-5.336548048162199,2.0936819019503297,3.7734338507977916,13.346067510339228,-2.382798995212248,6.679713478736312,-4.440993601601804,-2.6972795671982333,-11.010817705528355,-1.320828732484299,4.140352090373782,0.6619479309340967,6.6941712415444705,-5.857868227403741,2.039426681781321,-9.041337395815344,3.240193648011759,5.707340235501807,0.1018978543743418,-6.375902369558936,2.5199049124309174,-15.377946257680383,6.702737176361385,2.4861458802550076,9.861567496200784,5.973100231350778,-12.725882581284466,-3.8381820718726845,-6.771127063570465,11.530279013482165,10.651606343243285,8.988695227038374,9.487902466884531,-7.285136122287411,4.744118303016899,4.353677047127545,1.289397682312451,-0.8684160012091179
-9.13952807375494,3.2148922486130505,-3.1137849945205693,-28.670104708027182,-0.18003613492535897,-5.336548048162199,8.357541060208423,-3.071230060526812,-5.7908209392574275,-19.624933487797687,3.79863480112763,-9.406068432802655,6.843140883576476,4.085212124996055,16.12559940489187,1.748464778058683,-6.126798640001773,-0.9627346502593042,-9.755005096520339,8.271519347279703,-2.391147992047336,13.328249732822595,-4.852984201053241,-8.641663314086848,-0.05394170612213597,9.616607425924576,-4.0851462840329145,22.796668573836907,-9.764519512081415,-3.4163623128845435,-14.667594626139833,-8.321695784591979,18.8449821843889,5.25220462642248,9.91699546643615,-16.761839233199755,-15.579268882541246,-13.216288791653167,-13.619799935133129,10.574237879836103,-6.932589934963978,-6.627538512497742,-1.7654285302854873,1.6782076610912124
3.561310394572932,-1.013940308625794,1.2894097621098317,11.61967967358433,-0.39721549558526287,2.0936819019503297,-3.071230060526812,1.7069053900711497,2.4572598467960387,8.021109787875503,-1.3062043459273924,4.080441440831476,-2.310906950510809,-2.0711787120384746,-6.812920542759941,-0.6941181058328768,2.5505111958934674,-0.03969057413795117,4.126675678662972,-3.3617051214331197,1.5759896613298756,-5.694304351164331,2.046589080748578,3.3178689160411277,0.1905502263048342,-3.906406510999294,1.2689799700442712,-9.307855879270843,4.152773442740218,1.6722295542817895,5.875435615054415,3.476990250481662,-7.778390626061964,-2.441498558436875,-4.012146087117257,6.770628864178097,6.48171561009027,5.229983407199094,6.034617900720129,-4.261843091022959,2.6857632174816524,2.478862820583647,1.10748940461858,-0.10211372115386037
6.612485862698938,-1.9156384480988504,2.226104937011584,21.06836410037056,-0.2932275896084558,3.7734338507977916,-5.7908209392574275,2.4572598467960387,4.7055716918924455,14.547912077876513,-2.4360903337015705,7.514357103123511,-4.53335636713965,-2.9762432797392235,-11.941970010280944,-1.2073496837088324,4.352564263403245,0.2452141545606139,7.313797619102722,-5.980918886741128,2.4599215476301723,-9.88327823729354,3.6689419709237012,5.738110011770717,0.18068472652995676,-7.03949276344305,2.667070168564555,-16.428020506630716,7.385511449737591,3.0864420983637446,10.720679011115262,6.165411573517457,-14.075573356848116,-3.9814882606268642,-7.369901161749705,12.349138008782386,11.734256974032089,9.513493470977306,10.635755563128084,-7.809735093181856,4.957103991662266,4.899073536401135,1.7248919927935906,-0.4226547937552536
22.454358493402864,-6.755853039680798,7.592330092502063,72.73970755390641,-0.9780599326905693,13.346067510339228,-19.624933487797687,8.021109787875503,14.547912077876513,50.07303888348134,-8.772088905284729,25.57860220210909,-15.933428063898324,-10.226828605738314,-41.08294107660992,-4.799926478791103,15.413551136647245,1.9704657694320846,25.16611390817319,-21.5152258349442,8.208277481228805,-33.62009754730623,12.212207436647727,20.438568904605457,0.5381332314349432,-23.601232520401744,9.109012262534414,-57.065555215260446,25.1618692890214,9.833054928165176,36.60088547805782,22.179028404011714,-47.85320016606991,-14.345585849738967,-25.236960161380654,43.075628779049055,39.941354295149544,33.15412774831539,36.14678973845588,-27.186139164568445,17.613759886207966,16.30445173657277,5.5714464751632695,-2.411612083723599
-4.114173905862444,1.6092308096588674,-1.3003480938137668,-12.894097394552846,-0.25059173063871587,-2.382798995212248,3.79863480112763,-1.3062043459273924,-2.4360903337015705,-8.772088905284729,1.9093169530502332,-4.086045325553722,3.076057192948137,1.7376671639621228,7.235644677170166,0.7943684614199266,-2.8457268694435607,-0.607029768021154,-4.401954733313467,3.696406611242109,-0.8600431402710117,5.826148211707229,-2.1108757829258336,-3.9516126635034983,-0.011722638261619404,4.323517964024925,-1.948221142274251,10.351799091330564,-4.2913090135160035,-1.4593760771667437,-6.55068881009788,-3.763023652355501,8.44916068864182,2.3167125686965386,4.43026979574191,-7.5411470749451235,-6.951823023158371,-6.0311524369888465,-5.9974049785470935,4.711728989349531,-3.224376697977532,-3.00351351961726,-0.7397741797060491,0.9155577456211468
11.234777029025034,-2.854703657802818,3.609233187001967,37.188895292287846,-1.03303139367453,6.679713478736312,-9.406068432802655,4.080441440831476,7.514357103123511,25.57860220210909,-4.086045325553722,13.925890437968151,-7.566878740609517,-4.930598070789889,-20.885956025711575,-2.5642457719049476,7.70639560449823,0.8010430955675114,13.090988457277323,-11.14553458524551,5.0751530772414695,-16.958694454824016,6.209375593122963,9.681411649391586,0.42329755381715967,-11.84978288112088,4.231492243510607,-28.60379082644975,13.044687992741633,5.643774025496738,18.454281336796555,11.789734070021009,-24.446353974251576,-7.6133646501476875,-13.026671362445706,22.183222776563632,20.66959827148036,16.757476862182937,19.08695141065319,-14.03595689616461,9.063438113696597,8.2917095363496,3.21752837406167,-0.34265903532246433
-7.492705172405162,2.6653279192613217,-2.6167473949393343,-23.300022576013827,-0.24482113999437743,-4.440993601601804,6.843140883576476,-2.310906950510809,-4.53335636713965,-15.933428063898324,3.076057192948137,-7.566878740609517,5.904575432505755,3.1785603869448305,13.018458031844363,1.5197275891806556,-4.949624774179571,-1.044781583405456,-7.856495371472884,6.938156726731311,-1.7609873149913262,10.79793492083399,-3.858899928144657,-7.2279551318533954,0.031453586612843865,7.749081335643081,-3.404951118093938,18.55527952908097,-7.884612679859766,-2.5729137811236087,-11.951430612229073,-6.855800379415842,15.142197088391615,4.274669011199122,8.057668700342532,-13.695735604351196,-12.542370460612311,-10.80056767357959,-10.850987602725256,8.661664788566975,-5.672771640866331,-5.3838361058931685,-1.1449403341631328,1.6402663786828853
-4.4217884983024165,1.3222290339081881,-1.7660023609267128,-14.536901215515286,0.49129836800674753,-2.6972795671982333,4.085212124996055,-2.0711787120384746,-2.9762432797392235,-10.226828605738314,1.7376671639621228,-4.930598070789889,3.1785603869448305,2.9588662541640716,8.500480291273636,0.8988609614713668,-3.2644142786623935,-0.022468818958714012,-5.043276009788591,4.230973795983477,-1.7677783069757194,7.29049836205853,-2.6458320688107344,-4.399723071111982,-0.1643478514031842,4.760163749383327,-1.6496030010060472,11.808478385203408,-5.191620631027649,-1.7563985597426208,-7.4093473616553895,-4.216093208833719,9.752757555358668,3.0334682337757193,4.969716001786955,-8.530525720717646,-7.984156079772175,-6.528933733399476,-7.415983685348395,5.444696251254674,-3.3109452247380315,-3.0132786280815034,-1.4289462437988338,0.5282849214479562
-18.529317547635873,5.691308053415526,-6.314550098560088,-59.928986817114236,0.7787682019576956,-11.010817705528355,16.12559940489187,-6.812920542759941,-11.941970010280944,-41.08294107660992,7.235644677170166,-20.885956025711575,13.018458031844363,8.500480291273636,34.02518302180549,3.9198426921779252,-12.74528322257796,-1.555279141188434,-20.780724245517526,17.739574614390094,-6.779716281280292,27.813135469503152,-10.034588022571064,-17.025158561256223,-0.48785529244141757,19.631495595154153,-7.466777839723763,47.179355990880076,-20.739349579515277,-8.117588178057463,-30.18832550329567,-18.293798906736217,39.362019768888736,11.899051532468222,20.78043251232509,-35.350454636415016,-32.95232728332979,-27.368332894216856,-29.77166057907904,22.259180496676947,-14.469653146275192,-13.364548109589666,-4.507581440383174,1.9341789084999634
-2.118536012842245,0.551812495347986,-0.6876666876651659,-7.053367439232008,0.20377611316877303,-1.320828732484299,1.748464778058683,-0.6941181058328768,-1.2073496837088324,-4.799926478791103,0.7943684614199266,-2.5642457719049476,1.5197275891806556,0.8988609614713668,3.9198426921779252,0.6138403805175697,-1.4616248349174517,-0.28472027300804464,-2.4282676986254517,2.250257352779392,-0.909547402142969,3.1614582080186606,-1.116160744804627,-1.9296366143585328,-0.06481216434116328,2.16677948582926,-0.7969096180272676,5.428556030973204,-2.4337118003071687,-0.9401067533458166,-3.476327440310815,-2.344306667372412,4.5023337745092595,1.5264956258557203,2.4629726402424077,-4.265260780724931,-3.827128018524272,-3.1965643464671643,-3.4814483731032966,2.712130320595073,-1.7855018768062993,-1.5101365728039406,-0.48582545650123143,0.24083204628918667
6.947838387801264,-2.2489411002644473,2.3325967645749377,22.461664260731055,-0.1924033175186732,4.140352090373782,-6.126798640001773,2.5505111958934674,4.352564263403245,15.413551136647245,-2.8457268694435607,7.70639560449823,-4.949624774179571,-3.2644142786623935,-12.74528322257796,-1.4616248349174517,4.8886112578819905,0.6868688777230247,7.802106411874014,-6.630699607406995,2.3663833074403553,-10.39223391537371,3.7479993475823496,6.501973730658147,0.15942735330962512,-7.340559194708942,2.8775569650654074,-17.817763841716374,7.727420988851877,2.9093405342727827,11.297307512029926,6.836539811414978,-14.761933625814748,-4.4297818068031845,-7.7475472005497075,13.25218434109668,12.287600653199824,10.319600768864877,11.064760939922069,-8.336343711121822,5.4740626654007,4.991563164097013,1.6747087108500829,-0.8755476322008392
1.0119808340399143,-0.5840128326365759,0.28396010733333665,3.0771979734410473,0.36639608155866865,0.6619479309340967,-0.9627346502593042,-0.03969057413795117,0.2452141545606139,1.9704657694320846,-0.607029768021154,0.8010430955675114,-1.044781583405456,-0.022468818958714012,-1.555279141188434,-0.28472027300804464,0.6868688777230247,0.6353593992779387,0.9778823149027076,-1.0664081391081728,-0.16343283232137346,-1.0959277428306524,0.3327874901824028,1.1572087401648703,-0.11019022634786461,-0.9487061130757656,0.6695057228939963,-2.4721151651825575,0.848452364122996,0.10871034087675371,1.5263825113646436,1.0539772986287588,-1.7610465194811582,-0.4713376770884978,-1.0266899464032795,1.8675510199595182,1.4895507294989137,1.5984747476441814,1.056823127251302,-1.1262223284222825,0.9286289305846133,0.7477142495999574,-0.18886886541968376,-0.6180071132687384
11.337122731820411,-3.3857763399157177,3.681423182915416,36.81763238328764,-0.5484140697459007,6.6941712415444705,-9.755005096520339,4.126675678662972,7.313797619102722,25.16611390817319,-4.401954733313467,13.090988457277323,-7.856495371472884,-5.043276009788591,-20.780724245517526,-2.4282676986254517,7.802106411874014,0.9778823149027076,12.906094498730713,-10.932544552014296,4.338881422656416,-16.909821331621348,6.118989640225962,10.25934377207496,0.3299727759110797,-12.052720422012543,4.55253015715375,-28.802190398668703,12.774045690357013,5.173068132174336,18.43927111724522,11.408180130022979,-24.15056115393822,-7.323163582403175,-12.829460492170762,21.740821843879953,20.32063172698727,16.787395967690586,18.402243947068193,-13.704548111824653,8.991557410400112,8.257036563627272,2.8088002202291595,-0.927517700022499
-9.674105921397755,2.855848370804738,-3.269759835393978,-31.481484413145544,0.49607833549620045,-5.857868227403741,8.271519347279703,-3.3617051214331197,-5.980918886741128,-21.5152258349442,3.696406611242109,-11.14553458524551,6.938156726731311,4.230973795983477,17.739574614390094,2.250257352779392,-6.630699607406995,-1.0664081391081728,-10.932544552014296,9.657929183020265,-3.703442637019485,14.463152745810921,-5.13768324481336,-8.955815151911844,-0.23841491947521343,10.15920910462641,-3.8468979853803233,24.638344910449963,-10.888178482262768,-4.239764870333759,-15.764472274808567,-9.94150837099232,20.432889004065515,6.40636414388988,10.966702848722727,-18.7127428084787,-17.257777541968828,-14.387195516236533,-15.59216690593486,11.828881629933107,-7.721726053150278,-6.944785530854346,-2.180230006005681,1.044365067155643
3.2636508101165775,-0.31019187947315313,1.105100000738054,11.789700460238542,-1.0236465534935415,2.039426681781321,-2.391147992047336,1.5759896613298756,2.4599215476301723,8.208277481228805,-0.8600431402710117,5.0751530772414695,-1.7609873149913262,-1.7677783069757194,-6.779716281280292,-0.909547402142969,2.3663833074403553,-0.16343283232137346,4.338881422656416,-3.703442637019485,2.619421846226032,-5.53061894814563,2.0190070267456517,2.5715711461292137,0.3261987506245053,-3.570322318554585,0.7656816659311838,-8.801079258493186,4.388349566478954,2.2891938897141517,5.669741418488819,4.0867532137214475,-7.806495242640516,-2.8529495162101726,-4.1867934049829865,7.1504584837059335,6.787520925654402,5.09629453544054,6.771781054615525,-4.564235338764632,2.787611939559409,2.3683365860174104,1.5285047366361464,0.7355302920792745
-15.174525627928743,4.625498255165945,-5.319929676586599,-48.89788305159907,0.7162851116118967,-9.041337395815344,13.328249732822595,-5.694304351164331,-9.88327823729354,-33.62009754730623,5.826148211707229,-16.958694454824016,10.79793492083399,7.29049836205853,27.813135469503152,3.1614582080186606,-10.39223391537371,-1.0959277428306524,-16.909821331621348,14.463152745810921,-5.53061894814563,23.013965498912714,-8.301257086720561,-14.088158688702114,-0.3836427740777855,16.08586989100237,-6.081497645862602,38.60061628353471,-17.011625945893382,-6.4976790731949565,-24.7433254365355,-14.762684330795677,32.18174195594439,9.700903522955201,16.968308342404075,-28.789758586668597,-26.881600539386355,-22.26908201383136,-24.285133131692533,18.208706527394085,-11.67625013340646,-10.864595884181579,-3.6863297667481816,1.6735529186629352
5.481330638726024,-1.6443570155721856,1.8831969487247602,17.731241215767177,-0.2688093022239641,3.240193648011759,-4.852984201053241,2.046589080748578,3.6689419709237012,12.212207436647727,-2.1108757829258336,6.209375593122963,-3.858899928144657,-2.6458320688107344,-10.034588022571064,-1.116160744804627,3.7479993475823496,0.3327874901824028,6.118989640225962,-5.13768324481336,2.0190070267456517,-8.301257086720561,3.071088978368015,4.970541910049164,0.1356640427148807,-5.809839048147108,2.2101013549385735,-13.901618037718375,6.185820112834505,2.399142472552563,8.96772245405281,5.295873395099906,-11.727651269516741,-3.463097892845468,-6.153917592347806,10.434022220831016,9.774844572118418,8.047624011347747,8.836970985299326,-6.614173860233568,4.222290522261719,3.98152653527054,1.4390207583726915,-0.5461735911670224
9.51457418420829,-3.4418508732665627,3.39035518988464,30.00821985939563,0.15193396623305472,5.707340235501807,-8.641663314086848,3.3178689160411277,5.738110011770717,20.438568904605457,-3.9516126635034983,9.681411649391586,-7.2279551318533954,-4.399723071111982,-17.025158561256223,-1.9296366143585328,6.501973730658147,1.1572087401648703,10.25934377207496,-8.955815151911844,2.5715711461292137,-14.088158688702114,4.970541910049164,9.46798386833961,0.06461998517970192,-10.097693296931292,4.189459638351101,-24.113022603200292,10.218682978484997,3.4186035584821495,15.339383155600013,8.932158999274094,-19.5065936739956,-5.7027237190340205,-10.343724061493518,17.530008645742203,16.234982372835752,13.934227624478424,14.184657484638151,-11.03910719169528,7.2814412331647835,6.709438020420695,1.6520289635425556,-1.8518125288094773
0.17572322277077088,0.06385097602736987,0.03520844759210213,0.7642447375238892,-0.17915410404002544,0.1018978543743418,-0.05394170612213597,0.1905502263048342,0.18068472652995676,0.5381332314349432,-0.011722638261619404,0.42329755381715967,0.031453586612843865,-0.1643478514031842,-0.48785529244141757,-0.06481216434116328,0.15942735330962512,-0.11019022634786461,0.3299727759110797,-0.23841491947521343,0.3261987506245053,-0.3836427740777855,0.1356640427148807,0.06461998517970192,0.0764359144968312,-0.22550576453041257,-0.0458616799253294,-0.5518478821632931,0.32028701479479754,0.256322859615193,0.32711408852747,0.3071188497243615,-0.5454006006289045,-0.2603664452194302,-0.28482011274122143,0.4685799022456517,0.48888939956969574,0.2986984558651429,0.5708119772313173,-0.2939504219641385,0.1734316721070417,0.12479483353587698,0.2068143706647998,0.20479881853066714
-10.950678898184782,3.5842984769060178,-3.603852263303833,-34.747177551358405,0.12595759094517897,-6.375902369558936,9.616607425924576,-3.906406510999294,-7.03949276344305,-23.601232520401744,4.323517964024925,-11.84978288112088,7.749081335643081,4.760163749383327,19.631495595154153,2.16677948582926,-7.340559194708942,-0.9487061130757656,-12.052720422012543,10.15920910462641,-3.570322318554585,16.08586989100237,-5.809839048147108,-10.097693296931292,-0.22550576453041257,11.703369948463667,-4.613946600093823,27.379749876211676,-11.971600229113834,-4.642982926710536,-17.619576215062867,-10.444651509817994,22.775909302464267,6.642239881955315,12.114464398700086,-20.301391280395972,-19.115305108499555,-15.934720648420852,-16.948227453761447,12.785825418737065,-8.427097981726186,-7.9508779592962044,-2.299816804333266,1.3073601241884383
4.416731089396139,-1.7387463901680318,1.392678234621522,13.475243408356791,0.39526721507329776,2.5199049124309174,-4.0851462840329145,1.2689799700442712,2.667070168564555,9.109012262534414,-1.948221142274251,4.231492243510607,-3.404951118093938,-1.6496030010060472,-7.466777839723763,-0.7969096180272676,2.8775569650654074,0.6695057228939963,4.55253015715375,-3.8468979853803233,0.7656816659311838,-6.081497645862602,2.2101013549385735,4.189459638351101,-0.0458616799253294,-4.613946600093823,2.161411442867845,-10.734676453686182,4.475333199200886,1.4995867095896058,6.93216093603328,3.858211144596913,-8.79039550478453,-2.283481593833171,-4.6676939930416435,7.834673555184987,7.256596489208209,6.3132415586869595,6.116825580513184,-4.9176375447329095,3.352383576428079,3.2562669189734295,0.5719036494285743,-1.0313627250002595
-25.916440139150804,8.284436907797824,-8.791778076164803,-83.29163494395189,0.6828787348974705,-15.377946257680383,22.796668573836907,-9.307855879270843,-16.428020506630716,-57.065555215260446,10.351799091330564,-28.60379082644975,18.55527952908097,11.808478385203408,47.179355990880076,5.428556030973204,-17.817763841716374,-2.4721151651825575,-28.802190398668703,24.638344910449963,-8.801079258493186,38.60061628353471,-13.901618037718375,-24.113022603200292,-0.5518478821632931,27.379749876211676,-10.734676453686182,65.82876643097374,-28.680401021688333,-10.879516260999477,-42.05175655665868,-25.26901620140302,54.63933543533115,16.310455601016987,28.842643819729236,-49.08695737551755,-45.60935151041021,-38.179097574391186,-40.90539892807126,30.909513572040073,-20.207324275507162,-18.669938478517334,-5.9256291343885295,3.277200300546126
11.301859275363865,-3.2952348597829726,3.789201578732546,36.68622012543636,-0.6465442694374691,6.702737176361385,-9.764519512081415,4.152773442740218,7.385511449737591,25.1618692890214,-4.2913090135160035,13.044687992741633,-7.884612679859766,-5.191620631027649,-20.739349579515277,-2.4337118003071687,7.727420988851877,0.848452364122996,12.774045690357013,-10.888178482262768,4.388349566478954,-17.011625945893382,6.185820112834505,10.218682978484997,0.32028701479479754,-11.971600229113834,4.475333199200886,-28.680401021688333,12.794338476420442,5.107581107375544,18.445019629972744,11.280092497146928,-24.10230778807001,-7.329680574386079,-12.783391816545828,21.676465602605667,20.251027412626346,16.660960377757647,18.373929739887267,-13.72223950230341,8.858829758374545,8.193815041254393,2.851895560995848,-0.9537986733292775
4.306471491692862,-0.9485130877100373,1.2717734300433219,14.367634904685735,-0.5275547333482592,2.4861458802550076,-3.4163623128845435,1.6722295542817895,3.0864420983637446,9.833054928165176,-1.4593760771667437,5.643774025496738,-2.5729137811236087,-1.7563985597426208,-8.117588178057463,-0.9401067533458166,2.9093405342727827,0.10871034087675371,5.173068132174336,-4.239764870333759,2.2891938897141517,-6.4976790731949565,2.399142472552563,3.4186035584821495,0.256322859615193,-4.642982926710536,1.4995867095896058,-10.879516260999477,5.107581107375544,2.5437004086157073,7.0707104123128826,4.621734376556313,-9.532295742900565,-2.9866180937487967,-5.096951748726826,8.541404022871617,8.15926632561384,6.4174535236359285,7.657429753941063,-5.386673939934058,3.4913516025193974,3.2528867948225133,1.4074373283186885,0.31298289877015106
16.699505968820134,-5.261733805796411,5.634349364559916,53.493174578777946,-0.42002485627353114,9.861567496200784,-14.667594626139833,5.875435615054415,10.720679011115262,36.60088547805782,-6.55068881009788,18.454281336796555,-11.951430612229073,-7.4093473616553895,-30.18832550329567,-3.476327440310815,11.297307512029926,1.5263825113646436,18.43927111724522,-15.764472274808567,5.669741418488819,-24.7433254365355,8.96772245405281,15.339383155600013,0.32711408852747,-17.619576215062867,6.93216093603328,-42.05175655665868,18.445019629972744,7.0707104123128826,27.061410942000826,16.171463643997203,-35.081314528188685,-10.378090612603815,-18.58123388209583,31.505011464425067,29.3347900131746,24.46670484644594,26.230643059341404,-19.8803864717361,12.950776223605633,12.104321640827088,3.744289295937573,-2.050903633301984
9.88678402322133,-2.8032440377336356,3.20227960230472,32.58684701128836,-0.6437294771524451,5.973100231350778,-8.321695784591979,3.476990250481662,6.165411573517457,22.179028404011714,-3.763023652355501,11.789734070021009,-6.855800379415842,-4.216093208833719,-18.293798906736217,-2.344306667372412,6.836539811414978,1.0539772986287588,11.408180130022979,-9.94150837099232,4.0867532137214475,-14.762684330795677,5.295873395099906,8.932158999274094,0.3071188497243615,-10.444651509817994,3.858211144596913,-25.26901620140302,11.280092497146928,4.621734376556313,16.171463643997203,10.455341062072169,-21.136698166627227,-6.695309452473597,-11.363414758860532,19.385650481183326,17.939162093192415,14.853596263298156,16.308156541313277,-12.211621614994334,8.058328471434868,7.180845949967624,2.4396200368451284,-0.7486367966337512
-21.584188997032864,6.5547675289198,-7.177706569176119,-69.67541872980571,0.8431401946406842,-12.725882581284466,18.8449821843889,-7.778390626061964,-14.075573356848116,-47.85320016606991,8.44916068864182,-24.446353974251576,15.142197088391615,9.752757555358668,39.362019768888736,4.5023337745092595,-14.761933625814748,-1.7610465194811582,-24.15056115393822,20.432889004065515,-7.806495242640516,32.18174195594439,-11.727651269516741,-19.5065936739956,-0.5454006006289045,22.775909302464267,-8.79039550478453,54.63933543533115,-24.10230778807001,-9.532295742900565,-35.081314528188685,-21.136698166627227,45.917713518118276,13.64440935394255,24.205525255292958,-41.139735131284425,-38.332312458905754,-31.764978451580816,-34.6146697583871,25.949135014448096,-16.868523345638128,-15.722076558044938,-5.349677604707978,2.204463725461805
-6.2863066255846105,1.6589293796437934,-2.159133950049328,-20.904169369943098,0.6548932336596688,-3.8381820718726845,5.25220462642248,-2.441498558436875,-3.9814882606268642,-14.345585849738967,2.3167125686965386,-7.6133646501476875,4.274669011199122,3.0334682337757193,11.899051532468222,1.5264956258557203,-4.4297818068031845,-0.4713376770884978,-7.323163582403175,6.40636414388988,-2.8529495162101726,9.700903522955201,-3.463097892845468,-5.7027237190340205,-0.2603664452194302,6.642239881955315,-2.283481593833171,16.310455601016987,-7.329680574386079,-2.9866180937487967,-10.378090612603815,-6.695309452473597,13.64440935394255,4.480728825029542,7.267799727188532,-12.463346405415146,-11.542961283691694,-9.441807125527976,-10.680309331472236,7.876563452069733,-5.064070633635507,-4.471337627404547,-1.760091216160042,0.36511524142263097
-11.465879433197628,3.4514679422018713,-3.7426668711961137,-36.96511467585247,0.4369207052823212,-6.771127063570465,9.91699546643615,-4.012146087117257,-7.369901161749705,-25.236960161380654,4.43026979574191,-13.026671362445706,8.057668700342532,4.969716001786955,20.78043251232509,2.4629726402424077,-7.7475472005497075,-1.0266899464032795,-12.829460492170762,10.966702848722727,-4.1867934049829865,16.968308342404075,-6.153917592347806,-10.343724061493518,-0.28482011274122143,12.114464398700086,-4.6676939930416435,28.842643819729236,-12.783391816545828,-5.096951748726826,-18.58123388209583,-11.363414758860532,24.205525255292958,7.267799727188532,12.910921823826643,-21.822083085508954,-20.35089999028084,-16.854056556760906,-18.283714788880054,13.793693034606777,-9.01625871675379,-8.365923566064613,-2.675132467730949,1.1594184971790729
19.346964922664696,-5.775288929506087,6.426251076365812,62.80992532795401,-0.8516095209718417,11.530279013482165,-16.761839233199755,6.770628864178097,12.349138008782386,43.075628779049055,-7.5411470749451235,22.183222776563632,-13.695735604351196,-8.530525720717646,-35.350454636415016,-4.265260780724931,13.25218434109668,1.8675510199595182,21.740821843879953,-18.7127428084787,7.1504584837059335,-28.789758586668597,10.434022220831016,17.530008645742203,0.4685799022456517,-20.301391280395972,7.834673555184987,-49.08695737551755,21.676465602605667,8.541404022871617,31.505011464425067,19.385650481183326,-41.139735131284425,-12.463346405415146,-21.822083085508954,37.25544332243139,34.46222113300157,28.649712821718758,31.136792089632927,-23.49813214689684,15.333515736596885,14.073166925187818,4.690727036574556,-2.0514508857010862
18.03357504440232,-5.386664094461441,5.948731368343228,58.39520928353377,-0.8064465326741292,10.651606343243285,-15.579268882541246,6.48171561009027,11.734256974032089,39.941354295149544,-6.951823023158371,20.66959827148036,-12.542370460612311,-7.984156079772175,-32.95232728332979,-3.827128018524272,12.287600653199824,1.4895507294989137,20.32063172698727,-17.257777541968828,6.787520925654402,-26.881600539386355,9.774844572118418,16.234982372835752,0.48888939956969574,-19.115305108499555,7.256596489208209,-45.60935151041021,20.251027412626346,8.15926632561384,29.3347900131746,17.939162093192415,-38.332312458905754,-11.542961283691694,-20.35089999028084,34.46222113300157,32.22626390674827,26.599709330960525,29.108405802966402,-21.75016209803997,14.166174147373368,13.15096681709545,4.4330831941803535,-1.606215795587627
15.096333313967502,-4.839852614405554,5.012352115485093,48.603560263987355,-0.27135239224129726,8.988695227038374,-13.216288791653167,5.229983407199094,9.513493470977306,33.15412774831539,-6.0311524369888465,16.757476862182937,-10.80056767357959,-6.528933733399476,-27.368332894216856,-3.1965643464671643,10.319600768864877,1.5984747476441814,16.787395967690586,-14.387195516236533,5.09629453544054,-22.26908201383136,8.047624011347747,13.934227624478424,0.2986984558651429,-15.934720648420852,6.3132415586869595,-38.179097574391186,16.660960377757647,6.4174535236359285,24.46670484644594,14.853596263298156,-31.764978451580816,-9.441807125527976,-16.854056556760906,28.649712821718758,26.599709330960525,22.35913311145463,23.73927706756005,-18.024837478528447,11.883410995444798,10.960165770456115,3.35765011138208,-1.8897850363803819
15.982801944961786,-4.399538314567829,5.338462791305972,52.48514447782051,-1.2428109500627584,9.487902466884531,-13.619799935133129,6.034617900720129,10.635755563128084,36.14678973845588,-5.9974049785470935,19.08695141065319,-10.850987602725256,-7.415983685348395,-29.77166057907904,-3.4814483731032966,11.064760939922069,1.056823127251302,18.402243947068193,-15.59216690593486,6.771781054615525,-24.285133131692533,8.836970985299326,14.184657484638151,0.5708119772313173,-16.948227453761447,6.116825580513184,-40.90539892807126,18.373929739887267,7.657429753941063,26.230643059341404,16.308156541313277,-34.6146697583871,-10.680309331472236,-18.283714788880054,31.136792089632927,29.108405802966402,23.73927706756005,26.772293030923326,-19.661061613220703,12.654598817073659,11.63714489857584,4.47179758932951,-0.8696810123492603
-12.211495211913293,3.588289901610026,-4.0489565584187295,-39.58977467842726,0.5814224678541354,-7.285136122287411,10.574237879836103,-4.261843091022959,-7.809735093181856,-27.186139164568445,4.711728989349531,-14.03595689616461,8.661664788566975,5.444696251254674,22.259180496676947,2.712130320595073,-8.336343711121822,-1.1262223284222825,-13.704548111824653,11.828881629933107,-4.564235338764632,18.208706527394085,-6.614173860233568,-11.03910719169528,-0.2939504219641385,12.785825418737065,-4.9176375447329095,30.909513572040073,-13.72223950230341,-5.386673939934058,-19.8803864717361,-12.211621614994334,25.949135014448096,7.876563452069733,13.793693034606777,-23.49813214689684,-21.75016209803997,-18.024837478528447,-19.661061613220703,14.90176346248245,-9.650297766077289,-8.870455699964449,-2.9642069094026042,1.2741221226342168
8.009052157063788,-2.5053107203808898,2.5102247547201073,25.896808823546117,-0.19366311571245864,4.744118303016899,-6.932589934963978,2.6857632174816524,4.957103991662266,17.613759886207966,-3.224376697977532,9.063438113696597,-5.672771640866331,-3.3109452247380315,-14.469653146275192,-1.7855018768062993,5.4740626654007,0.9286289305846133,8.991557410400112,-7.721726053150278,2.787611939559409,-11.67625013340646,4.222290522261719,7.2814412331647835,0.1734316721070417,-8.427097981726186,3.352383576428079,-20.207324275507162,8.858829758374545,3.4913516025193974,12.950776223605633,8.058328471434868,-16.868523345638128,-5.064070633635507,-9.01625871675379,15.333515736596885,14.166174147373368,11.883410995444798,12.654598817073659,-9.650297766077289,6.455128811961221,5.862736905308679,1.7807086566690338,-0.9439691339829115
7.571176368068267,-2.4200410397641936,2.376290292397931,23.931291735916847,-0.012315873598913089,4.353677047127545,-6.627538512497742,2.478862820583647,4.899073536401135,16.30445173657277,-3.00351351961726,8.2917095363496,-5.3838361058931685,-3.0132786280815034,-13.364548109589666,-1.5101365728039406,4.991563164097013,0.7477142495999574,8.257036563627272,-6.944785530854346,2.3683365860174104,-10.864595884181579,3.98152653527054,6.709438020420695,0.12479483353587698,-7.9508779592962044,3.2562669189734295,-18.669938478517334,8.193815041254393,3.2528867948225133,12.104321640827088,7.180845949967624,-15.722076558044938,-4.471337627404547,-8.365923566064613,14.073166925187818,13.15096681709545,10.960165770456115,11.63714489857584,-8.870455699964449,5.862736905308679,5.617300245628119,1.5803005674011181,-0.924364096796895
2.115487733729908,-0.2905713425192895,0.7424964415961864,7.758994418585429,-0.6158753063612685,1.289397682312451,-1.7654285302854873,1.10748940461858,1.7248919927935906,5.5714464751632695,-0.7397741797060491,3.21752837406167,-1.1449403341631328,-1.4289462437988338,-4.507581440383174,-0.48582545650123143,1.6747087108500829,-0.18886886541968376,2.8088002202291595,-2.180230006005681,1.5285047366361464,-3.6863297667481816,1.4390207583726915,1.6520289635425556,0.2068143706647998,-2.299816804333266,0.5719036494285743,-5.9256291343885295,2.851895560995848,1.4074373283186885,3.744289295937573,2.4396200368451284,-5.349677604707978,-1.760091216160042,-2.675132467730949,4.690727036574556,4.4330831941803535,3.35765011138208,4.47179758932951,-2.9642069094026042,1.7807086566690338,1.5803005674011181,1.263074546320565,0.35260339129913826
-1.4007098196240046,1.0074662413663167,-0.5951822528784739,-3.624075880936317,-0.6524032065862702,-0.8684160012091179,1.6782076610912124,-0.10211372115386037,-0.4226547937552536,-2.411612083723599,0.9155577456211468,-0.34265903532246433,1.6402663786828853,0.5282849214479562,1.9341789084999634,0.24083204628918667,-0.8755476322008392,-0.6180071132687384,-0.927517700022499,1.044365067155643,0.7355302920792745,1.6735529186629352,-0.5461735911670224,-1.8518125288094773,0.20479881853066714,1.3073601241884383,-1.0313627250002595,3.277200300546126,-0.9537986733292775,0.31298289877015106,-2.050903633301984,-0.7486367966337512,2.204463725461805,0.36511524142263097,1.1594184971790729,-2.0514508857010862,-1.606215795587627,-1.8897850363803819,-0.8696810123492603,1.2741221226342168,-0.9439691339829115,-0.924364096796895,0.35260339129913826,1.365072096578935
