V1,V2,V3,V4,V5,V6,V7,V8,V9,V10,V11,V12,V13,V14,V15,V16,V17,V18,V19,V20,V21,V22,V23,V24,V25,V26,V27,V28,V29,V30,V31,V32,V33,V34,V35,V36,V37,V38,V39,V40,V41,V42,V43,V44
1.275720280139308,-0.7364779589103416,-2.003383879326716,1.0724191007634973,2.073627204750638,-0.5389271440808682,-0.16880364040201448,-1.8621038046392981,0.9370854745773513,-0.39916673974131384,-0.9083028716934045,1.1178305003129176,0.15035781418429234,4.571893849037369,0.987218922469853,0.20215047460317345,-0.575443871096477,1.1679889721078405,0.5897419887937048,0.6467388403377363,-1.3154020637546353,2.7086665521494298,-0.62817594898537,-1.991052572453379,-0.1212373512843531,-0.9125644957852059,1.7114775556296062,1.1327563864754253,-0.5304187481519917,1.7745477744163392,0.2138740265432285,0.3946963197974858,-0.757455408075526,1.5291933488647413,-0.9343342915023156,0.6441185939275332,0.891617303868279,0.8911201317944972,-0.44980214389384515,-0.025255526426566692,1.4941536631656704,2.4582662187891806,-1.1642176820632748,0.5066179769289637
-0.7364779589103416,0.7662904815697129,1.261343952856637,-0.7353454749721191,-1.7608556347150868,0.2963448874551164,0.31209385677064594,1.4120426383494675,-0.6899872462012765,0.20648570390441867,0.8002544030351109,-0.6483602920349434,-0.009250003084791344,-3.052139053123014,-0.6406334534082818,-0.369023888529249,0.26714032469870624,-0.997511574235749,-0.45090696668920044,-0.533263470649422,1.1002423123536003,-1.8324303710733627,0.33217691726526505,1.1160033617521037,0.18128833237688569,0.6635392736496438,-1.306873202541214,-0.6322155036081785,0.36569777252258323,-1.1236719932314894,-0.16268417602228694,-0.1563643570894873,0.5479661224603207,-1.2708781875275366,0.580987050987386,-0.3085173341195356,-0.6995086026584971,-0.8474099628940657,0.3153142582193401,-0.025000853898762467,-0.9349614563844246,-1.6419287855311533,0.6810312772163226,-0.2820987151006852
-2.003383879326716,1.261343952856637,4.269385200972387,-2.1367881210852357,-4.259072149228713,0.9730752097811116,-0.16693873178045598,4.604601031365416,-1.1879414287251877,0.8346831976596031,1.8231056971732051,-2.853867207004846,-0.4041012163645937,-9.896669960177427,-2.430801297670847,-0.2085820589188621,1.157017227648665,-3.193363642567623,-1.266282091380554,-0.8033815316845089,2.3503161008981217,-6.187880085347002,1.4509235138133516,4.2986446063191615,0.36808731191331057,1.1797100194643633,-3.2991986133206623,-2.821224962212341,1.1507657791440038,-3.61747830038815,0.006916873940967401,-1.567335792055873,1.0422949360183045,-2.973462619662192,1.8598048893643646,-1.6108463877550447,-1.7870103291312496,-2.049905504030469,0.8239063208339229,0.34422093686641625,-3.277716480183062,-4.711298345326104,2.2232750925748004,-1.1621542900533497
1.0724191007634973,-0.7353454749721191,-2.1367881210852357,1.2595213381424017,2.2828070844086117,-0.4256640051124982,-0.051674118666267824,-2.4275542819212554,0.6126349567085515,-0.33151264831600824,-0.9964143651397375,1.4429780807236,0.05555149850430061,5.048462975374819,1.207651238162744,0.11122030751256391,-0.5605782867780624,1.727221827867838,0.6738263174806958,0.3652424385874446,-1.3022129138286218,3.1061036519564666,-0.6969940491937758,-2.060154303500639,-0.23538380179119425,-0.6629215998884193,1.781017545317582,1.321681355248449,-0.5538450237786546,1.7808215241508265,0.09660164772521528,0.8180497411249442,-0.598947652524714,1.5575892705739367,-1.0088762874448347,0.8949940733099104,0.9819266260195337,1.1681495199892824,-0.4520162597950151,-0.24930750289009537,1.71636214701254,2.4541136842163374,-1.1825952148838559,0.45542233630775536
2.073627204750638,-1.7608556347150868,-4.259072149228713,2.2828070844086117,5.110515214704479,-0.8790566976431586,-0.2530357338396367,-5.1233302514547505,1.5052476205339258,-0.7392037077867922,-2.1456193332921134,2.8156242548477715,0.0572687246169907,10.443446240306452,2.526567987322241,0.5926463343632865,-1.120190699042187,3.66980376852305,1.3761099091753743,0.9732213913515165,-2.896400901478058,6.433025071472453,-1.3826519487185829,-4.098278557086376,-0.5806481051403724,-1.4098002184570564,3.8048343183921034,2.7520110737049106,-1.2081483656707723,3.679159971749567,0.15278613621788031,1.3700300175567537,-1.1931512119438876,3.580378814637255,-1.9357732346059897,1.506491228083148,2.0327732446489017,2.517624598189662,-0.9609805236835064,-0.3335539889154427,3.2934496101042323,5.048838279285464,-2.3628911594382873,1.0418945391374432
-0.5389271440808682,0.2963448874551164,0.9730752097811116,-0.4256640051124982,-0.8790566976431586,0.3845820093161407,0.06459843670602229,0.6623180597315665,-0.6843634889202779,0.15355093034287762,0.41841623267371547,-0.5844224923370134,-0.3492270474026547,-1.9383262587677927,-0.3842192503657603,-0.25679906115710477,0.231565877043741,-0.25385762637611875,-0.32052719785330075,-0.5557056265546614,0.4858899271572199,-1.1747596641300921,0.18787891998919626,1.1069737989474644,-0.011923219225774651,0.4841779006796626,-0.7256509679263232,-0.5380419944022845,0.19780069947637516,-0.9973645084972076,-0.06949675564817684,-0.01823600942244254,0.5241078711380851,-0.775931009379547,0.39618017839513714,-0.18049559001089002,-0.5078221349159946,-0.33196746068560623,-0.012672832030759265,-0.0937790918787854,-0.5793603911844084,-1.158191818698816,0.24329443903223652,-0.5279920248399839
-0.16880364040201448,0.31209385677064594,-0.16693873178045598,-0.051674118666267824,-0.2530357338396367,0.06459843670602229,0.5432773089026595,-0.32800622183043704,-0.6364108427289563,-0.19613201538080952,0.18652142997076465,0.3027138911021327,0.07056880046832144,0.5166008727973677,0.22736862751720413,-0.4104248187088895,-0.10664077213662607,0.41298709222836777,-0.016704932956744658,-0.529573343941545,0.32008769674827353,0.4315814670690081,-0.3078077816076221,-0.20431468855527996,0.021379273559763573,0.3948424171337613,-0.23163757180807285,0.34506015166900367,-0.09922582559197894,0.01491024962272878,-0.27385538089368844,0.6456281830296171,0.46308157825286134,-0.37927813064980775,-0.012584361833125588,0.28509105511373417,-0.17877066079095508,-0.045692423555209624,-0.07002115192023861,-0.15873102853364218,0.2572133253065497,-0.1853575654391467,-0.24810948475168149,0.024878166026032666
-1.8621038046392981,1.4120426383494675,4.604601031365416,-2.4275542819212554,-5.1233302514547505,0.6623180597315665,-0.32800622183043704,6.330593329501841,-0.4134159417793618,0.8635015747495269,2.0351883981550145,-3.443756905078607,0.342327032205809,-11.763526694081204,-3.2168003000550565,0.10269283483711525,1.3467282982174207,-4.882107002285129,-1.2961872621462156,0.019551583769765946,2.7950273825198986,-7.436138019229172,1.874894244111227,4.357201618206028,0.7526570779609311,0.6517116620051346,-3.7998453449587077,-3.4286855294942793,1.4171371751843929,-3.5246124944327915,0.19076393781401998,-2.516218090868896,0.4273502827157834,-3.2791827761657295,2.0768415852612176,-2.222872062078502,-1.7719788496617388,-2.692354731562695,1.3387188344591179,0.8593419251045362,-3.9106012812520827,-4.998010851763758,2.9922520383447115,-0.6602941259115471
0.9370854745773513,-0.6899872462012765,-1.1879414287251877,0.6126349567085515,1.5052476205339258,-0.6843634889202779,-0.6364108427289563,-0.4134159417793618,2.119532957222309,0.012154123568357537,-0.6644222772758603,0.6951663697295206,0.6682988590858772,2.1883867799409025,0.19642627894135492,1.034502741662776,-0.2872792978921413,-0.39197587256727173,0.5994315138957087,1.5853726812546174,-0.7780193817550268,1.0983345986095117,0.18021805200175062,-1.6050527641053178,0.04848463499447331,-1.290744955835667,1.2026696670510095,0.516668141566671,-0.06091542377026966,1.7733545792465897,0.41824870841105916,-0.8664823578860548,-1.4515363604001583,1.6213403303917773,-0.592642195980852,-0.23094995710527563,1.1480935254939324,0.48028531907035177,0.4107713685638422,0.3920883686435147,0.37991080776310643,1.930064561161188,0.151431273603983,1.2078008431591025
-0.39916673974131384,0.20648570390441867,0.8346831976596031,-0.33151264831600824,-0.7392037077867922,0.15355093034287762,-0.19613201538080952,0.8635015747495269,0.012154123568357537,0.43182666239565953,0.25612552482851353,-0.4455909575952073,-0.10849716472767448,-2.0237653472128345,-0.5151886949800477,0.1058243886841078,0.29469230701529164,-0.6632807179597431,-0.1946265773826199,-0.0028986515851299154,0.3933614511601299,-1.2584927927127656,0.41016015764905345,0.7526696925999389,0.04439409034755829,0.24001499125830444,-0.5658993660529662,-0.6419621838995128,0.27824901080602776,-0.6476375379572654,0.057579525631451314,-0.47221050595880903,-0.05958810556331226,-0.42305972819749754,0.3601326822881633,-0.2624864170404557,-0.23317277669667208,-0.32870007062098855,0.33493083911728555,0.007340035450813797,-0.6781987441666685,-0.8235979581797432,0.6656566302936212,-0.17044230456964202
-0.9083028716934045,0.8002544030351109,1.8231056971732051,-0.9964143651397375,-2.1456193332921134,0.41841623267371547,0.18652142997076465,2.0351883981550145,-0.6644222772758603,0.25612552482851353,1.0047303191048118,-1.0932382858190999,-0.07943327472001273,-4.247006790826022,-0.9899511498266529,-0.2775974386885547,0.392692791528751,-1.4540645483277523,-0.5838861675707074,-0.5304048278701596,1.3068792964100104,-2.660314748451708,0.547554188256263,1.7192399619677807,0.21733132098739788,0.6325787593274792,-1.6328219613037867,-1.021800839115991,0.5187651886374393,-1.5160449758782397,-0.08915792027177795,-0.4808956129841469,0.6251666698716912,-1.5196739291094636,0.7904419693320568,-0.6334099917424005,-0.8484709302384345,-1.0532502931303693,0.39189378937020447,0.09909575734470721,-1.3964278291738106,-2.147103053691657,0.9016869072118019,-0.38928917167410154
1.1178305003129176,-0.6483602920349434,-2.853867207004846,1.4429780807236,2.8156242548477715,-0.5844224923370134,0.3027138911021327,-3.443756905078607,0.6951663697295206,-0.4455909575952073,-1.0932382858190999,2.317326575251668,0.24271408550256715,6.863846721110213,1.7866711320154536,0.10025850207571538,-0.8341415952382005,2.404608257872598,0.8952127489331411,0.3031972307112355,-1.3182223664572388,4.313847617868089,-0.9842238278103235,-3.029497720355732,-0.31192146944415045,-0.5203427997981074,2.112145899897416,2.1439668007401576,-0.7150407646793289,2.5143067177500367,-0.11538813362431723,1.3306165607318259,-0.5754263255879501,1.9646186612959209,-1.278188186280878,1.2397889506735236,1.273419444302825,1.4438424071749834,-0.37578407443461953,-0.4259915149105941,2.215782421186071,3.079073373997031,-1.389686599499314,0.9551816993481504
0.15035781418429234,-0.009250003084791344,-0.4041012163645937,0.05555149850430061,0.0572687246169907,-0.3492270474026547,0.07056880046832144,0.342327032205809,0.6682988590858772,-0.10849716472767448,-0.07943327472001273,0.24271408550256715,0.743318235021255,0.25157817245181496,-0.12190261482877171,0.3328744235677507,-0.02245106136365639,-0.5765080830885785,0.2328107150725514,0.6493211947918097,0.16731145187832536,0.1624363638472631,0.10606265320138682,-0.6914103249897654,0.18735236758009427,-0.40301245070596314,0.051741326390149237,0.15484789637860258,0.04923860850327482,0.7172890304700713,0.004057449953130271,-0.27269275129050097,-0.5016586116782478,0.25340274481210445,-0.10601147186496726,-0.20504102861280016,0.37567221544762935,-0.06820452476477988,0.41627867900030513,0.2721464070082819,-0.003604260811369704,0.39516400555404646,0.406736495818811,0.7736728614409022
4.571893849037369,-3.052139053123014,-9.896669960177427,5.048462975374819,10.443446240306452,-1.9383262587677927,0.5166008727973677,-11.763526694081204,2.1883867799409025,-2.0237653472128345,-4.247006790826022,6.863846721110213,0.25157817245181496,24.137760573519728,6.070532862403141,0.25206216572579365,-2.8519020381403806,8.589181898420811,2.920433039650913,1.1347714706826257,-5.725925410544034,15.019376728577113,-3.7132890443072557,-9.731478501711774,-1.133646461638031,-2.4256111868151113,7.93264348964149,6.853392075707673,-2.8537992399083776,8.22282335049403,-0.09672729031252282,4.265641553627729,-1.8433142651399261,7.017323665367877,-4.419131605639382,4.059789715237907,4.052533944852599,5.174486312350078,-2.33893199084668,-1.0943390516791283,7.917972126655296,10.995514215083576,-5.888307700727653,2.275268780769398
0.987218922469853,-0.6406334534082818,-2.430801297670847,1.207651238162744,2.526567987322241,-0.3842192503657603,0.22736862751720413,-3.2168003000550565,0.19642627894135492,-0.5151886949800477,-0.9899511498266529,1.7866711320154536,-0.12190261482877171,6.070532862403141,1.7175595905248735,-0.11912049760703064,-0.7498765286363883,2.4222522609161157,0.6276081340071277,0.002918405683051296,-1.3881903060129355,3.8557097236354645,-0.984847982114191,-2.3469426037294965,-0.3549164520136662,-0.3196262847724958,1.9117444640335215,1.8732041350403796,-0.7415538340436105,1.831943264884999,-0.13043602948251012,1.3054959403453559,-0.17799464639822654,1.6394860643530127,-1.0764412884262426,1.1443680276095238,0.8617530832742709,1.2813584306956047,-0.7260575069227159,-0.43437762247423484,2.032237599101896,2.583363427083046,-1.5674853867704903,0.3568072246007042
0.20215047460317345,-0.369023888529249,-0.2085820589188621,0.11122030751256391,0.5926463343632865,-0.25679906115710477,-0.4104248187088895,0.10269283483711525,1.034502741662776,0.1058243886841078,-0.2775974386885547,0.10025850207571538,0.3328744235677507,0.25206216572579365,-0.11912049760703064,0.6733177662476216,0.028331795150677276,-0.38585034070898155,0.24023073096100003,0.8270747789578408,-0.2666475773849516,0.047750628417637685,0.27671832549063313,-0.3735746142932152,0.011808634675623207,-0.5704074549790777,0.39463430708939573,-0.024734563465967703,0.07026159447148174,0.6013374505913772,0.20072537938656027,-0.6284471430919475,-0.6823852376859543,0.7172915866782161,-0.10695817937405555,-0.33988302058833836,0.5091929655455891,0.19943095851546547,0.33043312997802826,0.2669813395690079,-0.14836936446013452,0.5674790899750994,0.39156502274065086,0.5731301309272969
-0.575443871096477,0.26714032469870624,1.157017227648665,-0.5605782867780624,-1.120190699042187,0.231565877043741,-0.10664077213662607,1.3467282982174207,-0.2872792978921413,0.29469230701529164,0.392692791528751,-0.8341415952382005,-0.02245106136365639,-2.8519020381403806,-0.7498765286363883,0.028331795150677276,0.42427843918681785,-0.9235427359240523,-0.3131552695995871,-0.09905548422375669,0.5855625103102153,-1.7362637921975839,0.4491215558161693,1.1997976828948982,0.11463870295893451,0.29977169485577493,-0.8792299968462464,-0.9130353902786122,0.3186195911404465,-0.9966681608279603,0.008539757723138036,-0.5039588986977709,0.16518360462966503,-0.7720501629447694,0.5469862536628582,-0.46411009459221303,-0.45450982953259406,-0.5127224667963706,0.2948110531190949,0.13737197641558957,-0.917090142053929,-1.2967138160543779,0.7592719421843724,-0.29410106398466945
1.1679889721078405,-0.997511574235749,-3.193363642567623,1.727221827867838,3.66980376852305,-0.25385762637611875,0.41298709222836777,-4.882107002285129,-0.39197587256727173,-0.6632807179597431,-1.4540645483277523,2.404608257872598,-0.5765080830885785,8.589181898420811,2.4222522609161157,-0.38585034070898155,-0.9235427359240523,4.091762489699451,0.8479570196909488,-0.557935326691829,-2.055248964633288,5.512220936263089,-1.5613216903716647,-2.7926420198186115,-0.637942951556396,-0.11662956263429272,2.659636014090601,2.4275416289536764,-1.1262949802920308,2.1525306409461815,-0.26834237548188156,2.245133574396197,0.13730892410915788,2.0915191085449156,-1.4209816714891297,1.8125982762949115,1.014633241072092,2.0568965226465887,-1.2322554439175852,-0.7805260027878663,2.9645039324864477,3.3039611167073435,-2.4638986346473404,0.047430570844313034
0.5897419887937048,-0.45090696668920044,-1.266282091380554,0.6738263174806958,1.3761099091753743,-0.32052719785330075,-0.016704932956744658,-1.2961872621462156,0.5994315138957087,-0.1946265773826199,-0.5838861675707074,0.8952127489331411,0.2328107150725514,2.920433039650913,0.6276081340071277,0.24023073096100003,-0.3131552695995871,0.8479570196909488,0.47518978263924355,0.4099293816570189,-0.6767138050989251,1.795645727195804,-0.34776176574079404,-1.3391930263916045,-0.10146957638477487,-0.48379718833413016,1.0175347248947073,0.7940833419106913,-0.2922793489763311,1.2409995889462675,0.039895015852000226,0.3309969006501137,-0.4847087808880449,1.0075451506333741,-0.5708144770512734,0.38386615738885976,0.689802214867199,0.6824538246514856,-0.08617432953346428,-0.04066233330778326,0.9071895503464847,1.473873733596926,-0.5035096993849729,0.5437664924305482
0.6467388403377363,-0.533263470649422,-0.8033815316845089,0.3652424385874446,0.9732213913515165,-0.5557056265546614,-0.529573343941545,0.019551583769765946,1.5853726812546174,-0.0028986515851299154,-0.5304048278701596,0.3031972307112355,0.6493211947918097,1.1347714706826257,0.002918405683051296,0.8270747789578408,-0.09905548422375669,-0.557935326691829,0.4099293816570189,1.3599574706347604,-0.5674856446831663,0.586991985530726,0.2230071881189875,-1.0882940428368038,0.09417453817920204,-0.994171865349087,0.8058163829214554,0.20591063652876304,-0.027129771618615944,1.2072292435188656,0.3120298877656154,-0.8218450513416806,-1.157076953916984,1.1393811896923085,-0.3443548244631666,-0.3050193886540367,0.7899493126491957,0.2518713792396935,0.33803647766553224,0.4040368440540586,0.15838432719821804,1.2986290513660943,0.3177637986766854,0.886324051079128
-1.3154020637546353,1.1002423123536003,2.3503161008981217,-1.3022129138286218,-2.896400901478058,0.4858899271572199,0.32008769674827353,2.7950273825198986,-0.7780193817550268,0.3933614511601299,1.3068792964100104,-1.3182223664572388,0.16731145187832536,-5.725925410544034,-1.3881903060129355,-0.2666475773849516,0.5855625103102153,-2.055248964633288,-0.6767138050989251,-0.5674856446831663,1.8967788366649019,-3.523696675011266,0.7978822844967823,2.1067782198679117,0.3378333692247643,0.8376939856202138,-2.2474154211429695,-1.3480901472413962,0.7398727569781803,-1.8373035111678504,-0.17611110622140072,-0.6520343926516171,0.6918487637014632,-2.0147146042931308,1.0575808392086838,-0.8724335187144185,-0.9967102177755718,-1.3805868887063688,0.7573215773593946,0.16434203652515664,-1.8823282723200532,-2.869591916242245,1.4846830417512575,-0.25036699942453855
2.7086665521494298,-1.8324303710733627,-6.187880085347002,3.1061036519564666,6.433025071472453,-1.1747596641300921,0.4315814670690081,-7.436138019229172,1.0983345986095117,-1.2584927927127656,-2.660314748451708,4.313847617868089,0.1624363638472631,15.019376728577113,3.8557097236354645,0.047750628417637685,-1.7362637921975839,5.512220936263089,1.795645727195804,0.586991985530726,-3.523696675011266,9.476037540940524,-2.3660641681085433,-6.074357181719447,-0.722283689042604,-1.3029053887385031,4.869632834346843,4.324894471493048,-1.8151404326348963,5.0161429639558746,-0.1711595088918858,2.8086419277544556,-1.023107140906758,4.264542682392913,-2.703942694906514,2.6137624383145908,2.425469345112921,3.2221837279965997,-1.4912546729564082,-0.7483728062442944,4.992804729350687,6.7223130894,-3.6251747926921185,1.334533380088931
-0.62817594898537,0.33217691726526505,1.4509235138133516,-0.6969940491937758,-1.3826519487185829,0.18787891998919626,-0.3078077816076221,1.874894244111227,0.18021805200175062,0.41016015764905345,0.547554188256263,-0.9842238278103235,0.10606265320138682,-3.7132890443072557,-0.984847982114191,0.27671832549063313,0.4491215558161693,-1.5613216903716647,-0.34776176574079404,0.2230071881189875,0.7978822844967823,-2.3660641681085433,0.7636454271125638,1.3227871217853422,0.1758001417820395,0.11720834060270324,-1.0625301284006938,-1.0576874043226863,0.5143698243849695,-1.0075671070131704,0.12473898068775392,-0.9734879962532225,-0.0643069211924477,-0.755720003715713,0.6176483231292234,-0.7750146495771827,-0.3616546331160533,-0.7228202617312258,0.5480809096432248,0.250915319479473,-1.314690672934187,-1.4486241600198093,1.1536512416393319,-0.08946425301227186
-1.991052572453379,1.1160033617521037,4.2986446063191615,-2.060154303500639,-4.098278557086376,1.1069737989474644,-0.20431468855527996,4.357201618206028,-1.6050527641053178,0.7526696925999389,1.7192399619677807,-3.029497720355732,-0.6914103249897654,-9.731478501711774,-2.3469426037294965,-0.3735746142932152,1.1997976828948982,-2.7926420198186115,-1.3391930263916045,-1.0882940428368038,2.1067782198679117,-6.074357181719447,1.3227871217853422,4.640061334068449,0.28346361521894575,1.2604599114487145,-3.1834894165085226,-2.9303338542407067,1.057481976402101,-3.918832557960899,0.014228105882782251,-1.3269940194180907,1.2992977664851857,-3.0276423496449456,1.8637479257904104,-1.49191426410445,-1.9312744718346975,-1.896009662703303,0.5057269595621705,0.2723673458228605,-3.1280297637895496,-4.777487495598081,1.895829278671604,-1.5762957696639908
-0.1212373512843531,0.18128833237688569,0.36808731191331057,-0.23538380179119425,-0.5806481051403724,-0.011923219225774651,0.021379273559763573,0.7526570779609311,0.04848463499447331,0.04439409034755829,0.21733132098739788,-0.31192146944415045,0.18735236758009427,-1.133646461638031,-0.3549164520136662,0.011808634675623207,0.11463870295893451,-0.637942951556396,-0.10146957638477487,0.09417453817920204,0.3378333692247643,-0.722283689042604,0.1758001417820395,0.28346361521894575,0.13726980727822588,-0.007263921402161249,-0.4035973883373055,-0.31577149377681557,0.14166196198958803,-0.22137095511010893,0.014563307353061954,-0.2787747475732051,-0.035089957763169255,-0.3466119326677589,0.18569371061263903,-0.23582362520128844,-0.14462217200388122,-0.33269959631533913,0.19561497989016988,0.1419414967442723,-0.3688402649441268,-0.43171297082374516,0.33345629087965456,0.06434450166824753
-0.9125644957852059,0.6635392736496438,1.1797100194643633,-0.6629215998884193,-1.4098002184570564,0.4841779006796626,0.3948424171337613,0.6517116620051346,-1.290744955835667,0.24001499125830444,0.6325787593274792,-0.5203427997981074,-0.40301245070596314,-2.4256111868151113,-0.3196262847724958,-0.5704074549790777,0.29977169485577493,-0.11662956263429272,-0.48379718833413016,-0.994171865349087,0.8376939856202138,-1.3029053887385031,0.11720834060270324,1.2604599114487145,-0.007263921402161249,1.0598575221761193,-1.1368018855443145,-0.5016283875600617,0.20189397759485025,-1.3841199049928654,-0.31574370446423483,0.31328405039657914,0.9150208314004089,-1.2339010265453203,0.5902086834076995,-0.003672616666112663,-0.8429565170304091,-0.5346896914346592,0.02105116026271854,-0.2681714565921726,-0.6498074779250477,-1.69229610645256,0.37652498100609383,-0.693715280787507
1.7114775556296062,-1.306873202541214,-3.2991986133206623,1.781017545317582,3.8048343183921034,-0.7256509679263232,-0.23163757180807285,-3.7998453449587077,1.2026696670510095,-0.5658993660529662,-1.6328219613037867,2.112145899897416,0.051741326390149237,7.93264348964149,1.9117444640335215,0.39463430708939573,-0.8792299968462464,2.659636014090601,1.0175347248947073,0.8058163829214554,-2.2474154211429695,4.869632834346843,-1.0625301284006938,-3.1834894165085226,-0.4035973883373055,-1.1368018855443145,2.9292291229559315,2.0690650762932123,-0.9240754974678544,2.8081008650676744,0.17826855495821228,0.9944484808232442,-0.989915535480156,2.707277114740038,-1.507898322597906,1.1910144724475604,1.5177878446734658,1.823845072428624,-0.7730738859699525,-0.24366121827978907,2.5487721257047196,3.9359128717626346,-1.8478311905734683,0.7496609673779985
1.1327563864754253,-0.6322155036081785,-2.821224962212341,1.321681355248449,2.7520110737049106,-0.5380419944022845,0.34506015166900367,-3.4286855294942793,0.516668141566671,-0.6419621838995128,-1.021800839115991,2.1439668007401576,0.15484789637860258,6.853392075707673,1.8732041350403796,-0.024734563465967703,-0.9130353902786122,2.4275416289536764,0.7940833419106913,0.20591063652876304,-1.3480901472413962,4.324894471493048,-1.0576874043226863,-2.9303338542407067,-0.31577149377681557,-0.5016283875600617,2.0690650762932123,2.251007499088532,-0.7709312383691743,2.373162555633017,-0.15912349588068245,1.3523795124195594,-0.3459818268263905,1.8732301141826113,-1.2521993899858797,1.161293100270263,1.115635271200346,1.345583222361305,-0.6053710839174845,-0.39317059131181326,2.2199366643535225,2.993556159748985,-1.5970844749315343,0.7812096904091334
-0.5304187481519917,0.36569777252258323,1.1507657791440038,-0.5538450237786546,-1.2081483656707723,0.19780069947637516,-0.09922582559197894,1.4171371751843929,-0.06091542377026966,0.27824901080602776,0.5187651886374393,-0.7150407646793289,0.04923860850327482,-2.8537992399083776,-0.7415538340436105,0.07026159447148174,0.3186195911404465,-1.1262949802920308,-0.2922793489763311,-0.027129771618615944,0.7398727569781803,-1.8151404326348963,0.5143698243849695,1.057481976402101,0.14166196198958803,0.20189397759485025,-0.9240754974678544,-0.7709312383691743,0.4021266932791513,-0.8367450053394211,0.05294492377078966,-0.5752767228318069,0.09927188837953005,-0.7487289979625016,0.4794295706494146,-0.521190801808856,-0.3512802408890572,-0.5984346188459321,0.39951586506845804,0.1315880224224949,-0.9790544717022007,-1.2257003352157805,0.8037116421491883,-0.10460191617012231
1.7745477744163392,-1.1236719932314894,-3.61747830038815,1.7808215241508265,3.679159971749567,-0.9973645084972076,0.01491024962272878,-3.5246124944327915,1.7733545792465897,-0.6476375379572654,-1.5160449758782397,2.5143067177500367,0.7172890304700713,8.22282335049403,1.831943264884999,0.6013374505913772,-0.9966681608279603,2.1525306409461815,1.2409995889462675,1.2072292435188656,-1.8373035111678504,5.0161429639558746,-1.0075671070131704,-3.918832557960899,-0.22137095511010893,-1.3841199049928654,2.8081008650676744,2.373162555633017,-0.8367450053394211,3.537985334691615,0.10999283078415915,0.8691392528455932,-1.3345792402497718,2.791488997000988,-1.6151418380538254,1.0543456991263722,1.8525399432201952,1.6934640519049766,-0.28963712851712103,-0.07344704709929335,2.5256420651626668,4.201300687975118,-1.497238291911401,1.580058879724067
0.2138740265432285,-0.16268417602228694,0.006916873940967401,0.09660164772521528,0.15278613621788031,-0.06949675564817684,-0.27385538089368844,0.19076393781401998,0.41824870841105916,0.057579525631451314,-0.08915792027177795,-0.11538813362431723,0.004057449953130271,-0.09672729031252282,-0.13043602948251012,0.20072537938656027,0.008539757723138036,-0.26834237548188156,0.039895015852000226,0.3120298877656154,-0.17611110622140072,-0.1711595088918858,0.12473898068775392,0.014228105882782251,0.014563307353061954,-0.31574370446423483,0.17826855495821228,-0.15912349588068245,0.05294492377078966,0.10999283078415915,0.20227579781262384,-0.32419004572853044,-0.30855454093810275,0.21936013932166987,-0.0633304644655353,-0.1203259315753557,0.14647099572812858,0.013951539511138929,0.03527094634534993,0.09728885795731892,-0.07576647651411651,0.22988360912797595,0.041726447257140115,0.051693895252797974
0.3946963197974858,-0.1563643570894873,-1.567335792055873,0.8180497411249442,1.3700300175567537,-0.01823600942244254,0.6456281830296171,-2.516218090868896,-0.8664823578860548,-0.47221050595880903,-0.4808956129841469,1.3306165607318259,-0.27269275129050097,4.265641553627729,1.3054959403453559,-0.6284471430919475,-0.5039588986977709,2.245133574396197,0.3309969006501137,-0.8218450513416806,-0.6520343926516171,2.8086419277544556,-0.9734879962532225,-1.3269940194180907,-0.2787747475732051,0.31328405039657914,0.9944484808232442,1.3523795124195594,-0.5752767228318069,0.8691392528455932,-0.32419004572853044,1.6904036387559584,0.5260737054408726,0.5344253531554651,-0.6823213434422063,1.1491315855727173,0.27513130839103356,0.8911946707036925,-0.6856924081630097,-0.5554760208101747,1.6075811690842212,1.2914773657835936,-1.3977895489009886,-0.08908442190489962
-0.757455408075526,0.5479661224603207,1.0422949360183045,-0.598947652524714,-1.1931512119438876,0.5241078711380851,0.46308157825286134,0.4273502827157834,-1.4515363604001583,-0.05958810556331226,0.6251666698716912,-0.5754263255879501,-0.5016586116782478,-1.8433142651399261,-0.17799464639822654,-0.6823852376859543,0.16518360462966503,0.13730892410915788,-0.4847087808880449,-1.157076953916984,0.6918487637014632,-1.023107140906758,-0.0643069211924477,1.2992977664851857,-0.035089957763169255,0.9150208314004089,-0.989915535480156,-0.3459818268263905,0.09927188837953005,-1.3345792402497718,-0.30855454093810275,0.5260737054408726,1.152402615540556,-1.2001383369823726,0.4853650179737698,6.311577428967187e-5,-0.8546439712148306,-0.43741122066772453,-0.26502439935174943,-0.22782464485310003,-0.4658034311230471,-1.5417196867267156,-0.07445121755544319,-0.8068128768437508
1.5291933488647413,-1.2708781875275366,-2.973462619662192,1.5575892705739367,3.580378814637255,-0.775931009379547,-0.37927813064980775,-3.2791827761657295,1.6213403303917773,-0.42305972819749754,-1.5196739291094636,1.9646186612959209,0.25340274481210445,7.017323665367877,1.6394860643530127,0.7172915866782161,-0.7720501629447694,2.0915191085449156,1.0075451506333741,1.1393811896923085,-2.0147146042931308,4.264542682392913,-0.755720003715713,-3.0276423496449456,-0.3466119326677589,-1.2339010265453203,2.707277114740038,1.8732301141826113,-0.7487289979625016,2.791488997000988,0.21936013932166987,0.5344253531554651,-1.2001383369823726,2.7406434835904134,-1.3545650042801676,0.8399284208282215,1.5972692913350188,1.6630748063370815,-0.4427375970055627,-0.085162578042632,2.1015476658798415,3.6905095186576835,-1.329869247891886,1.0334290985827
-0.9343342915023156,0.580987050987386,1.8598048893643646,-1.0088762874448347,-1.9357732346059897,0.39618017839513714,-0.012584361833125588,2.0768415852612176,-0.592642195980852,0.3601326822881633,0.7904419693320568,-1.278188186280878,-0.10601147186496726,-4.419131605639382,-1.0764412884262426,-0.10695817937405555,0.5469862536628582,-1.4209816714891297,-0.5708144770512734,-0.3443548244631666,1.0575808392086838,-2.703942694906514,0.6176483231292234,1.8637479257904104,0.18569371061263903,0.5902086834076995,-1.507898322597906,-1.2521993899858797,0.4794295706494146,-1.6151418380538254,-0.0633304644655353,-0.6823213434422063,0.4853650179737698,-1.3545650042801676,0.876198582495751,-0.7163281405310796,-0.845469954347466,-0.9386980889582934,0.38000457548059313,0.1833348691579024,-1.4476068850199582,-2.1372356597892512,1.0391744027815135,-0.4935739657286946
0.6441185939275332,-0.3085173341195356,-1.6108463877550447,0.8949940733099104,1.506491228083148,-0.18049559001089002,0.28509105511373417,-2.222872062078502,-0.23094995710527563,-0.2624864170404557,-0.6334099917424005,1.2397889506735236,-0.20504102861280016,4.059789715237907,1.1443680276095238,-0.33988302058833836,-0.46411009459221303,1.8125982762949115,0.38386615738885976,-0.3050193886540367,-0.8724335187144185,2.6137624383145908,-0.7750146495771827,-1.49191426410445,-0.23582362520128844,-0.003672616666112663,1.1910144724475604,1.161293100270263,-0.521190801808856,1.0543456991263722,-0.1203259315753557,1.1491315855727173,6.311577428967187e-5,0.8399284208282215,-0.7163281405310796,1.021946081651034,0.44094709861454134,0.8485327204374191,-0.5375684666333611,-0.4366490937773247,1.4973639412463609,1.6050204589548898,-1.1680084422559318,0.02791539292068957
0.891617303868279,-0.6995086026584971,-1.7870103291312496,0.9819266260195337,2.0327732446489017,-0.5078221349159946,-0.17877066079095508,-1.7719788496617388,1.1480935254939324,-0.23317277669667208,-0.8484709302384345,1.273419444302825,0.37567221544762935,4.052533944852599,0.8617530832742709,0.5091929655455891,-0.45450982953259406,1.014633241072092,0.689802214867199,0.7899493126491957,-0.9967102177755718,2.425469345112921,-0.3616546331160533,-1.9312744718346975,-0.14462217200388122,-0.8429565170304091,1.5177878446734658,1.115635271200346,-0.3512802408890572,1.8525399432201952,0.14647099572812858,0.27513130839103356,-0.8546439712148306,1.5972692913350188,-0.845469954347466,0.44094709861454134,1.1088655502997113,0.9672019145050286,-0.040867728319969134,-0.017743576953111736,1.190668587233291,2.2016327876496873,-0.5987547662758449,0.8818366565852702
0.8911201317944972,-0.8474099628940657,-2.049905504030469,1.1681495199892824,2.517624598189662,-0.33196746068560623,-0.045692423555209624,-2.692354731562695,0.48028531907035177,-0.32870007062098855,-1.0532502931303693,1.4438424071749834,-0.06820452476477988,5.174486312350078,1.2813584306956047,0.19943095851546547,-0.5127224667963706,2.0568965226465887,0.6824538246514856,0.2518713792396935,-1.3805868887063688,3.2221837279965997,-0.7228202617312258,-1.896009662703303,-0.33269959631533913,-0.5346896914346592,1.823845072428624,1.345583222361305,-0.5984346188459321,1.6934640519049766,0.013951539511138929,0.8911946707036925,-0.43741122066772453,1.6630748063370815,-0.9386980889582934,0.8485327204374191,0.9672019145050286,1.3421466403675948,-0.49562441937421503,-0.26559046950809523,1.6777448415797198,2.351068084312584,-1.1962948897204218,0.4090766896726616
-0.44980214389384515,0.3153142582193401,0.8239063208339229,-0.4520162597950151,-0.9609805236835064,-0.012672832030759265,-0.07002115192023861,1.3387188344591179,0.4107713685638422,0.33493083911728555,0.39189378937020447,-0.37578407443461953,0.41627867900030513,-2.33893199084668,-0.7260575069227159,0.33043312997802826,0.2948110531190949,-1.2322554439175852,-0.08617432953346428,0.33803647766553224,0.7573215773593946,-1.4912546729564082,0.5480809096432248,0.5057269595621705,0.19561497989016988,0.02105116026271854,-0.7730738859699525,-0.6053710839174845,0.39951586506845804,-0.28963712851712103,0.03527094634534993,-0.6856924081630097,-0.26502439935174943,-0.4427375970055627,0.38000457548059313,-0.5375684666333611,-0.040867728319969134,-0.49562441937421503,0.7081340204302992,0.22378940100525654,-0.8994287682764343,-0.8516934744610523,1.0436110546166057,0.4097357042695499
-0.025255526426566692,-0.025000853898762467,0.34422093686641625,-0.24930750289009537,-0.3335539889154427,-0.0937790918787854,-0.15873102853364218,0.8593419251045362,0.3920883686435147,0.007340035450813797,0.09909575734470721,-0.4259915149105941,0.2721464070082819,-1.0943390516791283,-0.43437762247423484,0.2669813395690079,0.13737197641558957,-0.7805260027878663,-0.04066233330778326,0.4040368440540586,0.16434203652515664,-0.7483728062442944,0.250915319479473,0.2723673458228605,0.1419414967442723,-0.2681714565921726,-0.24366121827978907,-0.39317059131181326,0.1315880224224949,-0.07344704709929335,0.09728885795731892,-0.5554760208101747,-0.22782464485310003,-0.085162578042632,0.1833348691579024,-0.4366490937773247,-0.017743576953111736,-0.26559046950809523,0.22378940100525654,0.31657223388655553,-0.4518057675853421,-0.2583385684133304,0.39674211212688004,0.19628598852994047
1.4941536631656704,-0.9349614563844246,-3.277716480183062,1.71636214701254,3.2934496101042323,-0.5793603911844084,0.2572133253065497,-3.9106012812520827,0.37991080776310643,-0.6781987441666685,-1.3964278291738106,2.215782421186071,-0.003604260811369704,7.917972126655296,2.032237599101896,-0.14836936446013452,-0.917090142053929,2.9645039324864477,0.9071895503464847,0.15838432719821804,-1.8823282723200532,4.992804729350687,-1.314690672934187,-3.1280297637895496,-0.3688402649441268,-0.6498074779250477,2.5487721257047196,2.2199366643535225,-0.9790544717022007,2.5256420651626668,-0.07576647651411651,1.6075811690842212,-0.4658034311230471,2.1015476658798415,-1.4476068850199582,1.4973639412463609,1.190668587233291,1.6777448415797198,-0.8994287682764343,-0.4518057675853421,2.7363821133933506,3.5118805351835953,-2.0598453328218946,0.5161421959494671
2.4582662187891806,-1.6419287855311533,-4.711298345326104,2.4541136842163374,5.048838279285464,-1.158191818698816,-0.1853575654391467,-4.998010851763758,1.930064561161188,-0.8235979581797432,-2.147103053691657,3.079073373997031,0.39516400555404646,10.995514215083576,2.583363427083046,0.5674790899750994,-1.2967138160543779,3.3039611167073435,1.473873733596926,1.2986290513660943,-2.869591916242245,6.7223130894,-1.4486241600198093,-4.777487495598081,-0.43171297082374516,-1.69229610645256,3.9359128717626346,2.993556159748985,-1.2257003352157805,4.201300687975118,0.22988360912797595,1.2914773657835936,-1.5417196867267156,3.6905095186576835,-2.1372356597892512,1.6050204589548898,2.2016327876496873,2.351068084312584,-0.8516934744610523,-0.2583385684133304,3.5118805351835953,5.557584388534561,-2.4117001100771236,1.3976902897974381
-1.1642176820632748,0.6810312772163226,2.2232750925748004,-1.1825952148838559,-2.3628911594382873,0.24329443903223652,-0.24810948475168149,2.9922520383447115,0.151431273603983,0.6656566302936212,0.9016869072118019,-1.389686599499314,0.406736495818811,-5.888307700727653,-1.5674853867704903,0.39156502274065086,0.7592719421843724,-2.4638986346473404,-0.5035096993849729,0.3177637986766854,1.4846830417512575,-3.6251747926921185,1.1536512416393319,1.895829278671604,0.33345629087965456,0.37652498100609383,-1.8478311905734683,-1.5970844749315343,0.8037116421491883,-1.497238291911401,0.041726447257140115,-1.3977895489009886,-0.07445121755544319,-1.329869247891886,1.0391744027815135,-1.1680084422559318,-0.5987547662758449,-1.1962948897204218,1.0436110546166057,0.39674211212688004,-2.0598453328218946,-2.4117001100771236,2.028663687069829,0.06559038331302106
0.5066179769289637,-0.2820987151006852,-1.1621542900533497,0.45542233630775536,1.0418945391374432,-0.5279920248399839,0.024878166026032666,-0.6602941259115471,1.2078008431591025,-0.17044230456964202,-0.38928917167410154,0.9551816993481504,0.7736728614409022,2.275268780769398,0.3568072246007042,0.5731301309272969,-0.29410106398466945,0.047430570844313034,0.5437664924305482,0.886324051079128,-0.25036699942453855,1.334533380088931,-0.08946425301227186,-1.5762957696639908,0.06434450166824753,-0.693715280787507,0.7496609673779985,0.7812096904091334,-0.10460191617012231,1.580058879724067,0.051693895252797974,-0.08908442190489962,-0.8068128768437508,1.0334290985827,-0.4935739657286946,0.02791539292068957,0.8818366565852702,0.4090766896726616,0.4097357042695499,0.19628598852994047,0.5161421959494671,1.3976902897974381,0.06559038331302106,1.2103400814507224
