V1,V2,V3,V4,V5,V6,V7,V8,V9,V10,V11,V12,V13,V14,V15,V16,V17,V18,V19,V20,V21,V22,V23,V24,V25,V26,V27,V28,V29,V30,V31,V32,V33,V34,V35,V36,V37,V38,V39,V40,V41,V42,V43
2.0068805688347,-2.0560943180152904,3.5790161053978804,-2.556247387922113,-2.832266941469131,-0.756089171559761,-2.0531974952514758,1.38916918561651,0.30897304688342797,1.7433740209631698,1.1670420862838125,0.7214755452517035,1.850675341016893,1.0525135375645045,0.8526736767655334,-3.3056420729569833,1.1272949706573177,-1.0812689691550306,-0.6177838814859967,1.3005824321349546,0.31275176933460724,0.49868806096828516,1.1955240867953367,-0.8643910109284338,-0.4626661391059965,-0.21824548199815827,-1.3336063018815347,-2.9045191349301978,-3.069584634733889,-0.3789900554052185,-0.5912836049473,-0.9955357671859939,1.9055854182248457,0.07592326984907778,-0.010205019289747878,-0.410448022795231,1.1867215439525844,-0.49071053889390226,-1.0744451204487107,-2.1823060722038035,-0.8420361754202823,-2.572027897982646,-1.1986410109103007
-2.0560943180152904,2.7757780060638857,-3.8422636981939684,3.4633457878996246,2.9014748625962126,2.014938028450014,2.648151310622174,-0.5091229553909183,-0.40873065061472175,-1.4174190912153817,-0.6428130559737906,0.606388186046054,-2.772166687705267,-1.639881228062022,-0.8297940173053159,3.4581084567468143,-0.719026486640421,1.8964020231476293,0.1981777479975927,-1.3984051600596303,-1.3712068372898425,0.808992392296695,-0.4286631821718436,1.272703899236095,0.65808820204276,0.9248414491075829,-0.47449262662454184,2.573476069550842,2.704229269956895,0.9853795345611344,0.13367392607977902,1.3174788629207492,-2.226372358818624,-1.0579845448636827,-0.9658292752178244,-0.0636348122450875,-2.3920047934021857,2.1104096202682534,1.4787027927826883,0.9793375792644771,1.7258023594769685,3.728468469647904,1.5203589782059153
3.5790161053978804,-3.8422636981939684,6.438129510269868,-4.780651032702867,-5.055013250425236,-1.6718798871869323,-3.802956367428832,2.250150171117623,0.573229152084564,3.021529132108447,1.9433083532370918,0.9349876693972803,3.5372963508512267,2.025333371201293,1.5184014640319732,-5.920358932169593,1.9039262356350017,-2.133681883234603,-0.9905847326670042,2.3376097478746596,0.8357967484133345,0.5534896793117081,1.9315616279876366,-1.6394991144486506,-0.8750499479937922,-0.5693196744546127,-1.9016772017937231,-5.079899226431403,-5.370038388528895,-0.8258836395143168,-0.9314515704981788,-1.8531149823559847,3.4752735975691893,0.39426494544493734,0.23286967264429534,-0.6013071256656068,2.425412683150401,-1.2882358866726091,-2.005418017856001,-3.576974703326049,-1.724330811925905,-4.8691107283229,-2.211211266256045
-2.556247387922113,3.4633457878996246,-4.780651032702867,4.32414716476827,3.619000211571718,2.534900312773432,3.3133117256448616,-0.5939567173067309,-0.506653760102492,-1.753193345866714,-0.7864770098912759,0.7753060559543699,-3.4679801889896806,-2.052485829920866,-1.018955379066963,4.303783781976608,-0.8793926651588001,2.375391014669809,0.2510746884731423,-1.7366893116162827,-1.7131238182938708,1.043618126286135,-0.512683675242257,1.592172769101918,0.8129226104220904,1.1735889248273246,-0.6300040386861142,3.194340753956354,3.351631723695827,1.2438327797597117,0.15096062547540318,1.6482707768946523,-2.7743345241885087,-1.3386536227743906,-1.2363553245542869,-0.07285425965144919,-3.000108868902664,2.6648410309349635,1.8792473189024776,1.1800382199354524,2.1720752529265765,4.684735974821926,1.904756192351149
-2.832266941469131,2.9014748625962126,-5.055013250425236,3.619000211571718,4.048781181198258,1.096041957085944,2.9443233382497738,-1.8675584681769433,-0.42174655468689026,-2.453005781969092,-1.6378911166453154,-1.033738325749784,-2.6359736761851487,-1.4997737928400037,-1.1540002253507782,4.680117624522704,-1.5646740089787021,1.5388438029722165,0.9278481662027708,-1.8220170618863438,-0.39373414025723064,-0.648229506037705,-1.6653539414763605,1.2308053264866246,0.6155736774412088,0.3537577774212434,1.857568605764547,4.110265681544265,4.324703938806612,0.5665826080871146,0.8063851503867485,1.4257203731952321,-2.6960089982231397,-0.12983693940578608,-0.060271590735322435,0.6443539575959123,-1.6942548947721003,0.7395159114598455,1.6607761929125082,3.0213502458758432,1.232851537616468,3.7544054377094653,1.7305878338502105
-0.756089171559761,2.014938028450014,-1.6718798871869323,2.534900312773432,1.096041957085944,2.6020956574603207,1.811899435423366,1.2327448097912101,-0.27947310400078335,0.03515903727781636,0.5936709561073158,2.213235027905529,-2.3325111486620913,-1.445609002260954,-0.20602691399822928,1.3839114596391784,0.40266098723297095,1.8774853718692563,-0.5404719684738374,-0.6036760509965187,-2.0354629358326686,2.2967798865461577,1.0422557238169892,1.0513637694883633,0.49215853943924903,1.4113680692529045,-2.9269862144096908,0.3529669087395705,0.3302448681497723,1.271661390326615,-0.6695739292196602,0.9392134841839551,-1.2276815385540036,-1.858267659313646,-1.853081612853978,-0.7016188620518065,-2.638579987159821,3.196852504402382,1.197078610145696,-1.548626375766005,1.9455811268013612,3.0729844334712766,1.0183611797742187
-2.0531974952514758,2.648151310622174,-3.802956367428832,3.3133117256448616,2.9443233382497738,1.811899435423366,2.58928430100779,-0.5814131963994766,-0.3786350028914641,-1.4711859712326723,-0.7312127663734512,0.3431220295480744,-2.6255617526831805,-1.5470708189337445,-0.7843739658706371,3.450627252821357,-0.7689430157076285,1.761308724726967,0.32980143251908056,-1.370960485430962,-1.1285748420761035,0.6231252942585619,-0.5493793444710544,1.2119072240345556,0.5866681622494707,0.8399175198957373,-0.16099904651954136,2.651562537027734,2.7682474508938535,0.907822873784448,0.19343493252998215,1.280658480007956,-2.176176539740863,-0.8961950143947502,-0.8582973361867097,0.0899479321887704,-2.1897793661611136,1.8603934978616956,1.5501109148709338,1.1457260457130023,1.6086138679159243,3.6427456233830124,1.5031578318995231
1.38916918561651,-0.5091229553909183,2.250150171117623,-0.5939567173067309,-1.8675584681769433,1.2327448097912101,-0.5814131963994766,2.421816367349042,0.11192581568322364,1.7451691421786293,1.5966823933165175,2.3099560517767133,0.05156053719105727,-0.06499405761636676,0.7679349175277074,-2.175112772253288,1.4450858930090686,0.35778565833273607,-0.9172163918029895,0.8387581409056034,-1.119717062834541,2.2812178808691286,1.97689328527575,-0.04000238360924031,-0.14629165543545877,0.9059818456476829,-3.5003929853372493,-2.550218472625916,-2.7662430843055184,0.6307374277696501,-1.1116560631583987,-0.24080925235245218,0.9422999725754001,-1.3277930620365985,-1.4997067676936198,-0.8087915268810687,-0.8229651629706884,1.968672151145767,0.07988598666625554,-3.3752162387539073,0.6926696302633424,-0.03000225056180386,-0.3464338627248649
0.30897304688342797,-0.40873065061472175,0.573229152084564,-0.506653760102492,-0.42174655468689026,-0.27947310400078335,-0.3786350028914641,0.11192581568322364,0.06428114005900529,0.21881348379248153,0.10540160778065046,-0.07840182705627434,0.39836069454464995,0.23536601635997856,0.1376829940678115,-0.5141500754487249,0.11990563820308095,-0.2716754893349325,-0.019958912735458124,0.212847427754357,0.20535963994996165,-0.09087758290946259,0.07960727755875872,-0.1837471921784261,-0.10646534715676303,-0.118152330100127,0.04199400191643586,-0.3882949363277961,-0.4128765406382847,-0.13259391286341785,-0.033535473709576935,-0.18867043410005052,0.3288381212672836,0.14032802520984047,0.11316270204191878,0.020613232337552377,0.33929514697632784,-0.2849483273706689,-0.17947809096675507,-0.17745183921491442,-0.2367944784465466,-0.5133715572481402,-0.214570159359713
1.7433740209631698,-1.4174190912153817,3.021529132108447,-1.753193345866714,-2.453005781969092,0.03515903727781636,-1.4711859712326723,1.7451691421786293,0.21881348379248153,1.7291295413557008,1.3280333579115822,1.3657851507717675,1.1270267624208574,0.6027152808647345,0.7861518449289999,-2.835716747640066,1.23392669935231,-0.5002833115911588,-0.7664037542110326,1.0975130024737854,-0.29362605913751405,1.1842689324984552,1.4911674501363454,-0.5312824727362281,-0.3108524386223507,0.21138895405283442,-2.1848934695286326,-2.748159865415107,-2.9231923611502415,0.014141463263088667,-0.781023717464591,-0.6957824760926968,1.5082354246140384,-0.47736247602558673,-0.5692664837124013,-0.604313228809627,0.37906288863540877,0.47939115920767783,-0.6813587341086771,-2.6171861952313202,-0.2417335596865125,-1.5983620286168774,-0.8679342229305788
1.1670420862838125,-0.6428130559737906,1.9433083532370918,-0.7864770098912759,-1.6378911166453154,0.5936709561073158,-0.7312127663734512,1.5966823933165175,0.10540160778065046,1.3280333579115822,1.1436256283238682,1.528291405728202,0.3525011221569174,0.14546443951114787,0.5521705255705956,-1.8650928378371416,1.0288755144733164,0.02712945759923064,-0.7069667436399266,0.7059431411743806,-0.6722569032185045,1.4029550346006128,1.3654625200603674,-0.17712109439787793,-0.12766477621960154,0.46698685805415385,-2.3075139857904623,-2.0233162158353375,-2.160555652549738,0.2863747232085873,-0.7414770661730486,-0.3277138457945143,0.8843652796439143,-0.7696809331904539,-0.8352118701270618,-0.6193186559600645,-0.2858634593702382,1.0616481781829108,-0.2683943835002803,-2.334035848823129,0.23755519814626452,-0.5576764854194737,-0.4432516091144956
0.7214755452517035,0.606388186046054,0.9349876693972803,0.7753060559543699,-1.033738325749784,2.213235027905529,0.3431220295480744,2.3099560517767133,-0.07840182705627434,1.3657851507717675,1.528291405728202,2.9689970789742426,-1.089007636063655,-0.7463873850919238,0.3801229913143581,-1.0491471671648298,1.2739179981726616,1.192956025230608,-1.1124336603873122,0.33108286734837084,-2.013971306761689,2.816558631919948,2.0240028678090525,0.4643045964306198,0.21465010003931861,1.3179566045704125,-4.1729896887687286,-1.8561252254667275,-1.9871488438458067,1.0548632473773882,-1.1534987049743746,0.23420597233329443,0.13601792681639738,-1.9366905786726454,-1.9445839307885897,-1.1398907625767243,-1.9322939121382556,3.0418829933761833,0.33130694239649716,-3.293429136469413,1.419496545401152,1.2371118820091562,0.1453923641008502
1.850675341016893,-2.772166687705267,3.5372963508512267,-3.4679801889896806,-2.6359736761851487,-2.3325111486620913,-2.6255617526831805,0.05156053719105727,0.39836069454464995,1.1270267624208574,0.3525011221569174,-1.089007636063655,2.8680945451058335,1.7125698584860258,0.7131265435794966,-3.1519213340577505,0.46208923408894337,-2.0342953368014722,-0.026130936144475987,1.2804037783418587,1.6451533846877326,-1.2861217174594373,0.05546153912772731,-1.3065796654569204,-0.652592251291649,-1.1367908538680187,1.1872723510486094,-2.1597440098068805,-2.2571497544063974,-1.1410513597805483,0.08443598542421636,-1.3162913831976042,2.1218251870092737,1.3640998184889626,1.2979468058537613,0.22960569376504839,2.6429553277391724,-2.572621001920341,-1.54185083842208,-0.3507096947158629,-1.9234901734303633,-3.854109137797392,-1.50300877463464
1.0525135375645045,-1.639881228062022,2.025333371201293,-2.052485829920866,-1.4997737928400037,-1.445609002260954,-1.5470708189337445,-0.06499405761636676,0.23536601635997856,0.6027152808647345,0.14546443951114787,-0.7463873850919238,1.7125698584860258,1.0273065139839592,0.3963574712361866,-1.7977422499394755,0.21788769680729134,-1.2325276082000796,0.025021221362469023,0.7336090703614062,1.0322994380928736,-0.8619430182217528,-0.0474248400583676,-0.7813183690272197,-0.386531932007015,-0.7159293704107197,0.8523474737960306,-1.1888182513844305,-1.2378969073818111,-0.7088911104998016,0.0940288101153431,-0.7776643575575879,1.2312177313816324,0.8687791227321828,0.835120128975772,0.17254411304167888,1.6148982215766983,-1.6198588578224469,-0.9216339533959261,-0.07338868140799214,-1.1785570312366016,-2.3017692053609657,-0.8850084449346699
0.8526736767655334,-0.8297940173053159,1.5184014640319732,-1.018955379066963,-1.1540002253507782,-0.20602691399822928,-0.7843739658706371,0.7679349175277074,0.1376829940678115,0.7861518449289999,0.5521705255705956,0.3801229913143581,0.7131265435794966,0.3963574712361866,0.43145589146132685,-1.3931347760857464,0.5471451808140745,-0.39166219049440903,-0.23531469039886332,0.5639329217921774,0.11837813830056601,0.3731129413991603,0.5957831488716817,-0.3249574472722416,-0.22686608399011174,0.007897089582275989,-0.7227849026295653,-1.2566024151631345,-1.3575280841299027,-0.07820947844992526,-0.31342765012222795,-0.3807486143497104,0.7917461820845552,-0.05385077746468216,-0.15568165410817028,-0.13113513295047277,0.4069136547098549,-0.040143351268566746,-0.26275915596187033,-1.0936878701959838,-0.24800263503918718,-0.8809569172906442,-0.4438686060843432
-3.3056420729569833,3.4581084567468143,-5.920358932169593,4.303783781976608,4.680117624522704,1.3839114596391784,3.450627252821357,-2.175112772253288,-0.5141500754487249,-2.835716747640066,-1.8650928378371416,-1.0491471671648298,-3.1519213340577505,-1.7977422499394755,-1.3931347760857464,5.459905138166582,-1.8084223411564226,1.8675545018485877,0.9864473873616098,-2.146544911345053,-0.6172064170627356,-0.6728550857417102,-1.883646928973595,1.4657340763503282,0.7736068403068261,0.4433386706763939,1.9976055589681396,4.747169496222842,5.013823687393114,0.6919507339749815,0.9171243143170836,1.676446915276804,-3.172614786694353,-0.2363277948189158,-0.10279200053779507,0.6380808259766797,-2.0854227201730158,0.9865183601546921,1.839652132962614,3.4546072152164706,1.4878640552256766,4.381059960598417,2.0132859905259224
1.1272949706573177,-0.719026486640421,1.9039262356350017,-0.8793926651588001,-1.5646740089787021,0.40266098723297095,-0.7689430157076285,1.4450858930090686,0.11990563820308095,1.23392669935231,1.0288755144733164,1.2739179981726616,0.46208923408894337,0.21788769680729134,0.5471451808140745,-1.8084223411564226,0.9415229526774024,-0.08429780563749331,-0.599941205216898,0.6966136129119707,-0.47771766200832094,1.1845445770855478,1.2124304931366843,-0.22291623401855576,-0.1641085766778339,0.3657941367641675,-1.9697444837215259,-1.8929864855725154,-2.0281441787643657,0.20232170007332712,-0.6573357485219449,-0.3526164179938681,0.8933507506568523,-0.6075321240800992,-0.6918636177018744,-0.5029858061363258,-0.11065694154314598,0.8091500553873903,-0.2602044503184855,-2.0954256611207778,0.11998644954758857,-0.6529785287588235,-0.4561797001627362
-1.0812689691550306,1.8964020231476293,-2.133681883234603,2.375391014669809,1.5388438029722165,1.8774853718692563,1.761308724726967,0.35778565833273607,-0.2716754893349325,-0.5002833115911588,0.02712945759923064,1.192956025230608,-2.0342953368014722,-1.2325276082000796,-0.39166219049440903,1.8675545018485877,-0.08429780563749331,1.5158477615154118,-0.1648085787287987,-0.774481065230643,-1.392960231664777,1.3048666689128283,0.30240697630030017,0.9258819232539888,0.455448668812356,0.9576213879339771,-1.4591523751770448,1.0924424492203666,1.129489857411816,0.9183804953505683,-0.24571975643618796,0.8928026403089749,-1.350142696549085,-1.2017711458882467,-1.1669415403477985,-0.33040761707565436,-2.0306297118647443,2.174169914203788,1.066765341194418,-0.324995424146514,1.4840809930001466,2.7098470172179137,1.001876746562035
-0.6177838814859967,0.1981777479975927,-0.9905847326670042,0.2510746884731423,0.9278481662027708,-0.5404719684738374,0.32980143251908056,-0.9172163918029895,-0.019958912735458124,-0.7664037542110326,-0.7069667436399266,-1.1124336603873122,-0.026130936144475987,0.025021221362469023,-0.23531469039886332,0.9864473873616098,-0.599941205216898,-0.1648085787287987,0.5332194824792018,-0.34263422572112606,0.6384778721574222,-0.9478636345390207,-0.8595765844934694,0.027312203590762894,-0.01830521437170221,-0.3373665812805596,1.5777094538742673,1.1665339457259258,1.2209853589358162,-0.23515278360585365,0.457622910964918,0.13605867494068966,-0.41513407693516025,0.58846185060431,0.5543826153156667,0.5125232175843062,0.37706261533705265,-0.8397704449247092,0.2451526914015943,1.420983339257246,-0.25180592334424573,0.21897574578265375,0.22238183479115217
1.3005824321349546,-1.3984051600596303,2.3376097478746596,-1.7366893116162827,-1.8220170618863438,-0.6036760509965187,-1.370960485430962,0.8387581409056034,0.212847427754357,1.0975130024737854,0.7059431411743806,0.33108286734837084,1.2804037783418587,0.7336090703614062,0.5639329217921774,-2.146544911345053,0.6966136129119707,-0.774481065230643,-0.34263422572112606,0.8533094437307343,0.31985221069414876,0.2108661024287598,0.7042311965139533,-0.5944971494339265,-0.3287136758070644,-0.19696861434044158,-0.6911971401082373,-1.8408139568679582,-1.9503972847743702,-0.29419273154720427,-0.3447090546451824,-0.6686233530077118,1.2611408170922644,0.13976438499713448,0.06769862522794111,-0.19951358765853672,0.879537781351689,-0.46138080414096455,-0.6913417355575397,-1.3099598358183786,-0.617511668301321,-1.738970270472178,-0.794092864779441
0.31275176933460724,-1.3712068372898425,0.8357967484133345,-1.7131238182938708,-0.39373414025723064,-2.0354629358326686,-1.1285748420761035,-1.119717062834541,0.20535963994996165,-0.29362605913751405,-0.6722569032185045,-2.013971306761689,1.6451533846877326,1.0322994380928736,0.11837813830056601,-0.6172064170627356,-0.47771766200832094,-1.392960231664777,0.6384778721574222,0.31985221069414876,1.7460997055477536,-1.9332390797337042,-1.0365642968434627,-0.7293502936318703,-0.39844578238283096,-1.0878115347193547,2.653763314445224,0.1858219524347218,0.1983412421996382,-0.9610511351724057,0.621177908478973,-0.60185694152751,0.7241483788592727,1.5297447659223637,1.455107583791195,0.7616878664024431,2.012780446490652,-2.5486750679215717,-0.6138591649586189,1.5654655764629353,-1.4404054157203428,-1.9932702281499566,-0.6057657034888022
0.49868806096828516,0.808992392296695,0.5534896793117081,1.043618126286135,-0.648229506037705,2.2967798865461577,0.6231252942585619,2.2812178808691286,-0.09087758290946259,1.1842689324984552,1.4029550346006128,2.816558631919948,-1.2861217174594373,-0.8619430182217528,0.3731129413991603,-0.6728550857417102,1.1845445770855478,1.3048666689128283,-0.9478636345390207,0.2108661024287598,-1.9332390797337042,2.8115708730928226,1.907554894730161,0.5678040189593994,0.2001572279683879,1.3906640616456043,-4.002096607318023,-1.5106622109585075,-1.6592205838463394,1.1327941583264984,-1.1134645874330558,0.3651813763157835,-0.06706312899916393,-1.939208569971465,-2.0268995909856424,-0.9720334373218701,-2.047809724280698,3.1199959450988524,0.669525398761509,-3.1153687029313604,1.553253147024009,1.6760152584200538,0.3310090006964483
1.1955240867953367,-0.4286631821718436,1.9315616279876366,-0.512683675242257,-1.6653539414763605,1.0422557238169892,-0.5493793444710544,1.97689328527575,0.07960727755875872,1.4911674501363454,1.3654625200603674,2.0240028678090525,0.05546153912772731,-0.0474248400583676,0.5957831488716817,-1.883646928973595,1.2124304931366843,0.30240697630030017,-0.8595765844934694,0.7042311965139533,-1.0365642968434627,1.907554894730161,1.6799562438654847,-0.044779262677377044,-0.07769535405472634,0.7321525059930285,-3.004001582853086,-2.209232961579285,-2.3691937051976013,0.5083328373778013,-0.9292562778687933,-0.22800566462768226,0.8112129868655539,-1.1306910997922957,-1.21167521163091,-0.782811089497498,-0.7018126908251568,1.6540814054851092,-0.10500221779071421,-2.841331726076334,0.5523609665158525,-0.16198687001176892,-0.34273229748703
-0.8643910109284338,1.272703899236095,-1.6394991144486506,1.592172769101918,1.2308053264866246,1.0513637694883633,1.2119072240345556,-0.04000238360924031,-0.1837471921784261,-0.5312824727362281,-0.17712109439787793,0.4643045964306198,-1.3065796654569204,-0.7813183690272197,-0.3249574472722416,1.4657340763503282,-0.22291623401855576,0.9258819232539888,0.027312203590762894,-0.5944971494339265,-0.7293502936318703,0.5678040189593994,-0.044779262677377044,0.6007346925707364,0.29553412676248914,0.5130682505830811,-0.4996488277617104,1.0184270518891245,1.0598264717348946,0.5198741562449034,-0.025891728886919978,0.606298582552797,-0.978545072367213,-0.6045809042171855,-0.5816395735589909,-0.08504887975029748,-1.1961634730274626,1.1573689670927358,0.722633715460026,0.19120114264413324,0.8750112161834898,1.7739610832737096,0.696709322149603
-0.4626661391059965,0.65808820204276,-0.8750499479937922,0.8129226104220904,0.6155736774412088,0.49215853943924903,0.5866681622494707,-0.14629165543545877,-0.10646534715676303,-0.3108524386223507,-0.12766477621960154,0.21465010003931861,-0.652592251291649,-0.386531932007015,-0.22686608399011174,0.7736068403068261,-0.1641085766778339,0.455448668812356,-0.01830521437170221,-0.3287136758070644,-0.39844578238283096,0.2001572279683879,-0.07769535405472634,0.29553412676248914,0.18663626191580288,0.20621149944730643,-0.17658076217879182,0.5533715519752577,0.5979697895243321,0.22393902682385988,0.028427254816850926,0.29527996094667264,-0.5120818312677697,-0.2704641313943049,-0.20645664452401546,-0.08992266298796439,-0.5822308629501619,0.5147478679406438,0.23641903348397,0.20987019406639323,0.39549402886754575,0.7961686628213811,0.32537779645741804
-0.21824548199815827,0.9248414491075829,-0.5693196744546127,1.1735889248273246,0.3537577774212434,1.4113680692529045,0.8399175198957373,0.9059818456476829,-0.118152330100127,0.21138895405283442,0.46698685805415385,1.3179566045704125,-1.1367908538680187,-0.7159293704107197,0.007897089582275989,0.4433386706763939,0.3657941367641675,0.9576213879339771,-0.3373665812805596,-0.19696861434044158,-1.0878115347193547,1.3906640616456043,0.7321525059930285,0.5130682505830811,0.20621149944730643,0.8055314102752847,-1.8127362070410005,-0.09961456677616744,-0.14430937849738815,0.7027381018572288,-0.4579504209406336,0.4401740895836517,-0.49675791559207144,-1.055790989742657,-1.097521590742631,-0.3975750203932733,-1.379900233890413,1.7901827605683707,0.6589323569198969,-1.1474298713559246,1.0417327673592267,1.5483643715441338,0.47647220172151356
-1.3336063018815347,-0.47449262662454184,-1.9016772017937231,-0.6300040386861142,1.857568605764547,-2.9269862144096908,-0.16099904651954136,-3.5003929853372493,0.04199400191643586,-2.1848934695286326,-2.3075139857904623,-4.1729896887687286,1.1872723510486094,0.8523474737960306,-0.7227849026295653,1.9976055589681396,-1.9697444837215259,-1.4591523751770448,1.5777094538742673,-0.6911971401082373,2.653763314445224,-4.002096607318023,-3.004001582853086,-0.4996488277617104,-0.17658076217879182,-1.8127362070410005,5.96869668173936,3.0352817553465696,3.2659570915604146,-1.414087534843138,1.707862850368505,-0.16870078404633732,-0.5131691797359729,2.6567889459308662,2.738238896914484,1.5648833068789347,2.45699523501287,-4.129763718800426,-0.41475382730045307,4.951889949552814,-1.8426739092601636,-1.3717986427784592,-0.03201775041894031
-2.9045191349301978,2.573476069550842,-5.079899226431403,3.194340753956354,4.110265681544265,0.3529669087395705,2.651562537027734,-2.550218472625916,-0.3882949363277961,-2.748159865415107,-2.0233162158353375,-1.8561252254667275,-2.1597440098068805,-1.1888182513844305,-1.2566024151631345,4.747169496222842,-1.8929864855725154,1.0924424492203666,1.1665339457259258,-1.8408139568679582,0.1858219524347218,-1.5106622109585075,-2.209232961579285,1.0184270518891245,0.5533715519752577,-0.09961456677616744,3.0352817553465696,4.450196880586986,4.71193578783748,0.19175923495654298,1.1350207011780686,1.2654333011098158,-2.596959601291899,0.47434052567688906,0.591136755797577,0.8943391316035327,-1.0143332243464753,-0.2522159626557995,1.3478249686340837,3.9109333730268867,0.7057472590197055,3.084563005798339,1.5642467138234424
-3.069584634733889,2.704229269956895,-5.370038388528895,3.351631723695827,4.324703938806612,0.3302448681497723,2.7682474508938535,-2.7662430843055184,-0.4128765406382847,-2.9231923611502415,-2.160555652549738,-1.9871488438458067,-2.2571497544063974,-1.2378969073818111,-1.3575280841299027,5.013823687393114,-2.0281441787643657,1.129489857411816,1.2209853589358162,-1.9503972847743702,0.1983412421996382,-1.6592205838463394,-2.3691937051976013,1.0598264717348946,0.5979697895243321,-0.14430937849738815,3.2659570915604146,4.71193578783748,5.0019582245349845,0.1699441886814041,1.2232479239988108,1.321210041264873,-2.739168340497319,0.5325156740695067,0.6835621605763663,0.9254342033126524,-1.0366552571911074,-0.3308523424050968,1.3456102076188614,4.199040152992538,0.7036788947612114,3.177092493031334,1.6271206262443463
-0.3789900554052185,0.9853795345611344,-0.8258836395143168,1.2438327797597117,0.5665826080871146,1.271661390326615,0.907822873784448,0.6307374277696501,-0.13259391286341785,0.014141463263088667,0.2863747232085873,1.0548632473773882,-1.1410513597805483,-0.7088911104998016,-0.07820947844992526,0.6919507339749815,0.20232170007332712,0.9183804953505683,-0.23515278360585365,-0.29419273154720427,-0.9610511351724057,1.1327941583264984,0.5083328373778013,0.5198741562449034,0.22393902682385988,0.7027381018572288,-1.414087534843138,0.19175923495654298,0.1699441886814041,0.6331774145782062,-0.32997248767077414,0.46829568177209846,-0.6040546234193276,-0.9030505769356416,-0.9263585039672303,-0.30538365532911815,-1.2866633466426434,1.5686131221178046,0.6507590733809633,-0.7646250585163277,0.9639929321783312,1.5528764119982388,0.517487932541799
-0.5912836049473,0.13367392607977902,-0.9314515704981788,0.15096062547540318,0.8063851503867485,-0.6695739292196602,0.19343493252998215,-1.1116560631583987,-0.033535473709576935,-0.781023717464591,-0.7414770661730486,-1.1534987049743746,0.08443598542421636,0.0940288101153431,-0.31342765012222795,0.9171243143170836,-0.6573357485219449,-0.24571975643618796,0.457622910964918,-0.3447090546451824,0.621177908478973,-1.1134645874330558,-0.9292562778687933,-0.025891728886919978,0.028427254816850926,-0.4579504209406336,1.707862850368505,1.1350207011780686,1.2232479239988108,-0.32997248767077414,0.5237087438171777,0.0713745312805699,-0.3658844354649712,0.6816809736396575,0.7363009501997975,0.42404324573221763,0.49125721215513546,-1.0195241344122548,-0.03608201438596234,1.5678715781943204,-0.38764410541046834,-0.08651993000263931,0.12354231309774402
-0.9955357671859939,1.3174788629207492,-1.8531149823559847,1.6482707768946523,1.4257203731952321,0.9392134841839551,1.280658480007956,-0.24080925235245218,-0.18867043410005052,-0.6957824760926968,-0.3277138457945143,0.23420597233329443,-1.3162913831976042,-0.7776643575575879,-0.3807486143497104,1.676446915276804,-0.3526164179938681,0.8928026403089749,0.13605867494068966,-0.6686233530077118,-0.60185694152751,0.3651813763157835,-0.22800566462768226,0.606298582552797,0.29527996094667264,0.4401740895836517,-0.16870078404633732,1.2654333011098158,1.321210041264873,0.46829568177209846,0.0713745312805699,0.6349581243859332,-1.0688938256219391,-0.4827204506479617,-0.46158266703418255,0.016485754909574643,-1.119805877296514,0.9799619462921082,0.7639303492291319,0.49603159012590037,0.8210526280707967,1.8154782788004147,0.7416566856362962
1.9055854182248457,-2.226372358818624,3.4752735975691893,-2.7743345241885087,-2.6960089982231397,-1.2276815385540036,-2.176176539740863,0.9422999725754001,0.3288381212672836,1.5082354246140384,0.8843652796439143,0.13601792681639738,2.1218251870092737,1.2312177313816324,0.7917461820845552,-3.172614786694353,0.8933507506568523,-1.350142696549085,-0.41513407693516025,1.2611408170922644,0.7241483788592727,-0.06706312899916393,0.8112129868655539,-0.978545072367213,-0.5120818312677697,-0.49675791559207144,-0.5131691797359729,-2.596959601291899,-2.739168340497319,-0.6040546234193276,-0.3658844354649712,-1.0688938256219391,1.9247618746036244,0.47652278484858457,0.39456931430546904,-0.19561175082331564,1.6106169768907648,-1.1244741075770845,-1.1834286553595323,-1.5594351913736348,-1.1552980991557746,-2.8992437898610106,-1.2599295268363637
0.07592326984907778,-1.0579845448636827,0.39426494544493734,-1.3386536227743906,-0.12983693940578608,-1.858267659313646,-0.8961950143947502,-1.3277930620365985,0.14032802520984047,-0.47736247602558673,-0.7696809331904539,-1.9366905786726454,1.3640998184889626,0.8687791227321828,-0.05385077746468216,-0.2363277948189158,-0.6075321240800992,-1.2017711458882467,0.58846185060431,0.13976438499713448,1.5297447659223637,-1.939208569971465,-1.1306910997922957,-0.6045809042171855,-0.2704641313943049,-1.055790989742657,2.6567889459308662,0.47434052567688906,0.5325156740695067,-0.9030505769356416,0.6816809736396575,-0.4827204506479617,0.47652278484858457,1.4487530436366256,1.4629110443524465,0.6646265170098924,1.776402987993159,-2.3943243920669786,-0.6585526971781537,1.7839076209159024,-1.3159419035774846,-1.7543343834272207,-0.490895776316008
-0.010205019289747878,-0.9658292752178244,0.23286967264429534,-1.2363553245542869,-0.060271590735322435,-1.853081612853978,-0.8582973361867097,-1.4997067676936198,0.11316270204191878,-0.5692664837124013,-0.8352118701270618,-1.9445839307885897,1.2979468058537613,0.835120128975772,-0.15568165410817028,-0.10279200053779507,-0.6918636177018744,-1.1669415403477985,0.5543826153156667,0.06769862522794111,1.455107583791195,-2.0268995909856424,-1.21167521163091,-0.5816395735589909,-0.20645664452401546,-1.097521590742631,2.738238896914484,0.591136755797577,0.6835621605763663,-0.9263585039672303,0.7363009501997975,-0.46158266703418255,0.39456931430546904,1.4629110443524465,1.5461713145347282,0.6034316484988163,1.73971227211536,-2.4263639677053632,-0.7812170128341109,1.9526297873098735,-1.328495864584699,-1.7805444481084314,-0.48445261260212025
-0.410448022795231,-0.0636348122450875,-0.6013071256656068,-0.07285425965144919,0.6443539575959123,-0.7016188620518065,0.0899479321887704,-0.8087915268810687,0.020613232337552377,-0.604313228809627,-0.6193186559600645,-1.1398907625767243,0.22960569376504839,0.17254411304167888,-0.13113513295047277,0.6380808259766797,-0.5029858061363258,-0.33040761707565436,0.5125232175843062,-0.19951358765853672,0.7616878664024431,-0.9720334373218701,-0.782811089497498,-0.08504887975029748,-0.08992266298796439,-0.3975750203932733,1.5648833068789347,0.8943391316035327,0.9254342033126524,-0.30538365532911815,0.42404324573221763,0.016485754909574643,-0.19561175082331564,0.6646265170098924,0.6034316484988163,0.5244427460749167,0.5822569619708072,-0.9909254941236125,0.1488251362714412,1.2623707756481264,-0.3888064316482531,-0.09382957979273605,0.08880242642301901
1.1867215439525844,-2.3920047934021857,2.425412683150401,-3.000108868902664,-1.6942548947721003,-2.638579987159821,-2.1897793661611136,-0.8229651629706884,0.33929514697632784,0.37906288863540877,-0.2858634593702382,-1.9322939121382556,2.6429553277391724,1.6148982215766983,0.4069136547098549,-2.0854227201730158,-0.11065694154314598,-2.0306297118647443,0.37706261533705265,0.879537781351689,2.012780446490652,-2.047809724280698,-0.7018126908251568,-1.1961634730274626,-0.5822308629501619,-1.379900233890413,2.45699523501287,-1.0143332243464753,-1.0366552571911074,-1.2866633466426434,0.49125721215513546,-1.119805877296514,1.6106169768907648,1.776402987993159,1.73971227211536,0.5822569619708072,2.7765639012460785,-3.1350842411136486,-1.3573230494834956,0.9423714794756185,-2.0327721538615786,-3.491981376364078,-1.238201889522902
-0.49071053889390226,2.1104096202682534,-1.2882358866726091,2.6648410309349635,0.7395159114598455,3.196852504402382,1.8603934978616956,1.968672151145767,-0.2849483273706689,0.47939115920767783,1.0616481781829108,3.0418829933761833,-2.572621001920341,-1.6198588578224469,-0.040143351268566746,0.9865183601546921,0.8091500553873903,2.174169914203788,-0.8397704449247092,-0.46138080414096455,-2.5486750679215717,3.1199959450988524,1.6540814054851092,1.1573689670927358,0.5147478679406438,1.7901827605683707,-4.129763718800426,-0.2522159626557995,-0.3308523424050968,1.5686131221178046,-1.0195241344122548,0.9799619462921082,-1.1244741075770845,-2.3943243920669786,-2.4263639677053632,-0.9909254941236125,-3.1350842411136486,4.042013284710865,1.3322012776168672,-2.564781291115812,2.330164986733138,3.389700885938797,1.0395441473067646
-1.0744451204487107,1.4787027927826883,-2.005418017856001,1.8792473189024776,1.6607761929125082,1.197078610145696,1.5501109148709338,0.07988598666625554,-0.17947809096675507,-0.6813587341086771,-0.2683943835002803,0.33130694239649716,-1.54185083842208,-0.9216339533959261,-0.26275915596187033,1.839652132962614,-0.2602044503184855,1.066765341194418,0.2451526914015943,-0.6913417355575397,-0.6138591649586189,0.669525398761509,-0.10500221779071421,0.722633715460026,0.23641903348397,0.6589323569198969,-0.41475382730045307,1.3478249686340837,1.3456102076188614,0.6507590733809633,-0.03608201438596234,0.7639303492291319,-1.1834286553595323,-0.6585526971781537,-0.7812170128341109,0.1488251362714412,-1.3573230494834956,1.3322012776168672,1.242999013943174,0.24882973947895487,1.0804696619858303,2.37774066682717,0.9305704571902286
-2.1823060722038035,0.9793375792644771,-3.576974703326049,1.1800382199354524,3.0213502458758432,-1.548626375766005,1.1457260457130023,-3.3752162387539073,-0.17745183921491442,-2.6171861952313202,-2.334035848823129,-3.293429136469413,-0.3507096947158629,-0.07338868140799214,-1.0936878701959838,3.4546072152164706,-2.0954256611207778,-0.324995424146514,1.420983339257246,-1.3099598358183786,1.5654655764629353,-3.1153687029313604,-2.841331726076334,0.19120114264413324,0.20987019406639323,-1.1474298713559246,4.951889949552814,3.9109333730268867,4.199040152992538,-0.7646250585163277,1.5678715781943204,0.49603159012590037,-1.5594351913736348,1.7839076209159024,1.9526297873098735,1.2623707756481264,0.9423714794756185,-2.564781291115812,0.24882973947895487,4.84007271342923,-0.7711957079461763,0.5710840822316063,0.6969626617004743
-0.8420361754202823,1.7258023594769685,-1.724330811925905,2.1720752529265765,1.232851537616468,1.9455811268013612,1.6086138679159243,0.6926696302633424,-0.2367944784465466,-0.2417335596865125,0.23755519814626452,1.419496545401152,-1.9234901734303633,-1.1785570312366016,-0.24800263503918718,1.4878640552256766,0.11998644954758857,1.4840809930001466,-0.25180592334424573,-0.617511668301321,-1.4404054157203428,1.553253147024009,0.5523609665158525,0.8750112161834898,0.39549402886754575,1.0417327673592267,-1.8426739092601636,0.7057472590197055,0.7036788947612114,0.9639929321783312,-0.38764410541046834,0.8210526280707967,-1.1552980991557746,-1.3159419035774846,-1.328495864584699,-0.3888064316482531,-2.0327721538615786,2.330164986733138,1.0804696619858303,-0.7711957079461763,1.5110146918184246,2.6090364788312264,0.9187007764951407
-2.572027897982646,3.728468469647904,-4.8691107283229,4.684735974821926,3.7544054377094653,3.0729844334712766,3.6427456233830124,-0.03000225056180386,-0.5133715572481402,-1.5983620286168774,-0.5576764854194737,1.2371118820091562,-3.854109137797392,-2.3017692053609657,-0.8809569172906442,4.381059960598417,-0.6529785287588235,2.7098470172179137,0.21897574578265375,-1.738970270472178,-1.9932702281499566,1.6760152584200538,-0.16198687001176892,1.7739610832737096,0.7961686628213811,1.5483643715441338,-1.3717986427784592,3.084563005798339,3.177092493031334,1.5528764119982388,-0.08651993000263931,1.8154782788004147,-2.8992437898610106,-1.7543343834272207,-1.7805444481084314,-0.09382957979273605,-3.491981376364078,3.389700885938797,2.37774066682717,0.5710840822316063,2.6090364788312264,5.407576034661759,2.1180133892882225
-1.1986410109103007,1.5203589782059153,-2.211211266256045,1.904756192351149,1.7305878338502105,1.0183611797742187,1.5031578318995231,-0.3464338627248649,-0.214570159359713,-0.8679342229305788,-0.4432516091144956,0.1453923641008502,-1.50300877463464,-0.8850084449346699,-0.4438686060843432,2.0132859905259224,-0.4561797001627362,1.001876746562035,0.22238183479115217,-0.794092864779441,-0.6057657034888022,0.3310090006964483,-0.34273229748703,0.696709322149603,0.32537779645741804,0.47647220172151356,-0.03201775041894031,1.5642467138234424,1.6271206262443463,0.517487932541799,0.12354231309774402,0.7416566856362962,-1.2599295268363637,-0.490895776316008,-0.48445261260212025,0.08880242642301901,-1.238201889522902,1.0395441473067646,0.9305704571902286,0.6969626617004743,0.9187007764951407,2.1180133892882225,0.8773252802240772
