V1,V2,V3,V4,V5,V6,V7,V8,V9,V10,V11,V12,V13,V14,V15,V16,V17,V18,V19,V20,V21,V22,V23,V24,V25,V26,V27,V28,V29,V30,V31,V32,V33,V34,V35,V36,V37,V38,V39,V40,V41,V42,V43
2.947251583210467,-0.788832065843717,1.7442533407466072,-1.3602412582672498,0.047955095487720284,-0.5728249424278535,0.6125972986674132,-0.44551198788902824,-0.5497482344287785,0.7636736132545059,0.15667673905840945,-0.4933726531848834,1.3400900591803064,-0.6201285043870198,0.4798684971485349,-0.5425875724550604,0.37382069263612444,-1.8732589294097974,-1.0852475535742143,-1.5468056108813846,1.7436329252036034,-0.09410736562641235,0.6840451802441865,0.18779722283526906,0.6861131768786354,0.5685085371255116,0.5050183287653287,-0.5374925658869801,0.26709065267170706,0.3995494773560138,0.3345718511516052,-0.9944824477168741,1.7534391438186099,0.3024799362383751,0.3535748095271381,-1.337870320982841,-0.7071439123875226,0.20595225792720306,-1.3621884089549592,0.8516063956466774,-0.4989144390441274,-0.9166844867841102,-2.118107706440934
-0.788832065843717,1.1887024850219414,-1.8186151069101972,0.9625555859578747,0.5397576327553173,0.7266719610331804,0.9092480110391272,-0.8244678003252058,-0.2284977912606286,-0.32385563244500415,-0.35601560519118836,0.12412600190197466,-0.8399412897606684,-0.8549575394894714,-0.8953277065581334,1.0436846563800894,-0.48202449505293693,0.911169579811624,0.8354530684233171,-0.6729488498857313,-0.10633372538980865,-0.1473836974116244,-0.00913467567864085,0.7443670386194076,0.5889743741334699,0.14181974639982328,0.3551100283591142,1.5704736896661935,1.405001694187778,-0.2881323375972126,0.5582195242662584,0.4786000112462284,-0.33574655090955563,-0.322583317924166,-0.11957050968371653,-0.423833131032731,-0.5953655424487986,0.6523661724771119,0.465924017483131,0.5223374751010134,0.400366813911355,1.1267769907003966,0.7322049799236856
1.7442533407466072,-1.8186151069101972,4.223682036623917,-1.3666763385536356,-0.7820793220631636,-0.8520701214592878,-1.5305916631934102,1.818001478267125,-0.056516650967199246,0.26105921193357123,0.24387369559724664,-1.2460251719296402,1.1227555841356867,1.003149457629037,1.7688668779174859,-1.1563313533622956,0.2050728641934592,-2.1294480717950814,-1.2356159516198615,0.8529868452593088,1.0173379792683956,0.4478321632418877,0.1859417376863571,-0.9323363551177493,-0.7986099371869197,-0.20034926004950918,-0.9313641680854674,-2.0213754005685,-2.4950822479742194,-0.506388387517961,-1.3630683522700913,-0.35052715469014656,1.1890538653617848,1.6759141277594072,1.7655007758649146,1.1508157935503784,-0.2820850320330898,-1.4565280189461292,-0.8286045147690979,-0.8376219432223393,-0.29964326424880955,-1.925882720964845,-0.9112025344028609
-1.3602412582672498,0.9625555859578747,-1.3666763385536356,1.615551660591818,1.4698619265859763,0.5807210520835785,0.7541579474473743,0.04874984605082863,-0.04017007252525545,-1.0284490417358083,-0.48137777641558727,-0.26608193948163555,-1.2565612599912426,-0.2477240509578521,-0.04027549040494248,1.7129433534996594,-0.5086348044709353,0.6451060344802256,0.046548786797586984,-0.1439433643627878,-0.638078430292629,0.18963662876805543,-0.648398422334657,0.21690052794926168,-0.12093294057307552,0.12283556907993128,-0.04703093487647352,1.0179305545458828,0.8850242350013267,0.28389169007516857,-0.2434584075641575,0.7276933146128441,-1.3401819933140464,0.04159192379732544,0.050760750339583736,0.7759683050682701,-0.7912775507592903,0.2186880544461643,0.7911764469436146,0.5411310516127448,0.7038040053731546,1.4383470263970992,0.9266891458009172
0.047955095487720284,0.5397576327553173,-0.7820793220631636,1.4698619265859763,2.825614303981461,0.03513724728062867,1.6137658447835117,-0.01344544188268139,-0.2516035470575872,-1.1914417549126337,-0.4915089935224772,-0.5961065940113642,-0.7796358779817645,-0.3415780740980958,0.7701569648295844,2.24207130469931,-0.1518096718739294,-0.620614312807728,-1.4972297047042622,-1.16134527145618,-0.10886789600140866,0.28747143771844946,-0.882008832193106,0.026446230041618196,-0.12840821045398956,0.6590975848097274,0.3380891100629053,0.42215223056226836,1.3478453390081093,1.6492689999913548,-0.3712123333555316,0.13666659901770872,-1.371927587775508,0.010941055589070877,-0.26732355246255446,0.4647375692757561,-1.3676823420006006,0.45171368919797283,0.17937144307703365,1.62781433223622,0.6169726872915479,1.5293381691563623,-0.5643853794136001
-0.5728249424278535,0.7266719610331804,-0.8520701214592878,0.5807210520835785,0.03513724728062867,0.5755833933276351,0.326261093703615,-0.3530252693328586,-0.15691732903368152,-0.16931756726539945,-0.24955372764933348,-0.056919029663659144,-0.5850829191174313,-0.5291666871120451,-0.5780600045636379,0.5490619071217101,-0.42866879733022545,0.6089260873134432,0.762048312104901,-0.23547546555819643,0.008249320259462772,-0.051620164717162,0.09805650242035727,0.4894547881100402,0.37591446711584026,-0.005998155548938858,0.047382654834087434,1.051321558043964,0.6340861152489459,-0.5932955735251906,0.2600399969223833,0.4340463772048741,-0.03644722951839257,0.037879981266167345,0.28216892969959073,-0.09610203693562257,-0.43151878202027116,0.2316957395113426,0.3425427663314805,0.07155376951826568,0.2913885862658132,0.5799479756648187,0.7089093461706328
0.6125972986674132,0.9092480110391272,-1.5305916631934102,0.7541579474473743,1.6137658447835117,0.326261093703615,1.818461373913571,-1.1500951549218013,-0.4633320787913474,-0.31169229637975804,-0.35444406418237656,-0.05642230094042231,-0.3636924154306373,-1.1445004111014911,-0.39852538834303775,1.439366162835616,-0.1605192940660592,-0.1247011908619384,-0.3731511879519098,-1.7995030884419139,0.48126222606831387,-0.13243343828182857,-0.05769639076891266,0.7289158412195271,0.810105401382225,0.671018205677279,0.8228001582857292,1.2305965353390462,2.056831716420396,0.8578796603358544,0.6874029935000855,-0.11606329255091946,-0.16649500788285762,-0.48797449830350503,-0.5009131271968175,-1.0230658217560504,-1.087080877431764,1.0132375080197102,-0.14831742297706166,1.5539496285455627,0.2697160792692005,1.2415860553762619,-0.6686400479767785
-0.44551198788902824,-0.8244678003252058,1.818001478267125,0.04874984605082863,-0.01344544188268139,-0.3530252693328586,-1.1500951549218013,1.5592509679606112,0.291100813595255,-0.4627755694504426,0.03876687760186126,-0.6233982782480872,-0.061522782573743655,1.1051214412975596,1.1857074845779547,-0.15356493256315348,-0.001851761552465009,-0.561837916323025,-0.66002177807957,1.3236246914973737,-0.3991473889249612,0.42791830540061204,-0.47328787314788867,-0.8559432494949775,-1.0527745811846967,-0.3379401988256865,-0.8716904184401277,-1.2152846815166858,-1.7168478453938192,-0.09495621708233182,-1.235125121991489,0.271176324323375,-0.5204654721196739,0.9138693099398935,0.8241810800563404,1.680144764371499,0.09592406068351184,-1.063668752027899,0.21214032846885006,-0.7740128400935571,0.14261936729743174,-0.5720570245514955,0.36614652613208953
-0.5497482344287785,-0.2284977912606286,-0.056516650967199246,-0.04017007252525545,-0.2516035470575872,-0.15691732903368152,-0.4633320787913474,0.291100813595255,0.2957146491053511,-0.011020179807680247,0.14885643865291323,0.2861885563161723,0.003062641112343585,0.5099158757697122,0.10659308410895099,-0.3459667357850815,0.17790562793400408,0.29250816134972774,-0.008792673809705276,0.6625423062827925,-0.5505168272736322,0.029900806824260266,-0.18068541475366195,-0.34390992014739813,-0.38694354491106625,-0.20026734577397023,-0.18134380149206636,-0.4914442251297227,-0.5086349679293408,0.1546771995212433,-0.17280198790225457,0.003511941612738138,-0.41960433574183803,-0.18517845471565636,-0.3387065766953363,0.374955881353252,0.6266147507581603,-0.19875522687236238,0.1918045917328871,-0.4094688622399863,-0.08439494452974841,-0.14847977863222556,0.23473988820318062
0.7636736132545059,-0.32385563244500415,0.26105921193357123,-1.0284490417358083,-1.1914417549126337,-0.16931756726539945,-0.31169229637975804,-0.4627755694504426,-0.011020179807680247,0.8340480025831879,0.3043379188939005,0.4152514115558048,0.7433195225358323,-0.13684346898478922,-0.45006988750447885,-1.1635883651129253,0.2719913108477881,-0.02957632726931456,0.42454126877309545,-0.10525152259567766,0.42569521006526895,-0.2552768224794153,0.6039300006887173,0.1306461501454343,0.38654043193992316,-0.07243879855771919,0.20385873965653659,-0.21832063896285173,-0.16953025018239987,-0.3897379444922871,0.5373656375999486,-0.4501561149671349,1.01737957618328,-0.28883152564891895,-0.22054514252249952,-0.9211268846744058,0.6006700059525751,0.11564277229533913,-0.46468391311919177,-0.3289490865221053,-0.4825834777199122,-0.7760456823460121,-0.4463522810679432
0.15667673905840945,-0.35601560519118836,0.24387369559724664,-0.48137777641558727,-0.4915089935224772,-0.24955372764933348,-0.35444406418237656,0.03876687760186126,0.14885643865291323,0.3043379188939005,0.2148717896535593,0.2658748474639333,0.37559677312947365,0.2762404667544368,0.022257644802442786,-0.6380906834364881,0.25730403782002326,-0.02773281061277359,-0.03696824065745682,0.279260933744607,-0.0842035812889571,-0.06225059881957776,0.10011086947773104,-0.20274154911847225,-0.11271788034783993,-0.10143134742328663,-0.011267699152181154,-0.5005342933900407,-0.3930636360659154,0.07374186790278,0.050858785887511686,-0.2440218419323182,0.16931400500134225,-0.1821997638404905,-0.2777991163265304,-0.13489660160723907,0.5430998893243628,-0.08803606343620048,-0.15184739457727872,-0.28094427277285694,-0.2569859466386387,-0.4398786783290211,-0.21324528422908576
-0.4933726531848834,0.12412600190197466,-1.2460251719296402,-0.26608193948163555,-0.5961065940113642,-0.056919029663659144,-0.05642230094042231,-0.6233982782480872,0.2861885563161723,0.4152514115558048,0.2658748474639333,0.9414756318248885,0.16540235144604026,0.08654316614406614,-0.6829761608081606,-0.6508012361303133,0.33151558977428536,0.8449921530816582,0.49690167777540883,0.20259840424331335,-0.5678090409373431,-0.2781388311072372,0.10724502802855279,0.02526636136506116,0.11539724018815259,-0.12315990922677361,0.3119901409159547,-0.03181513709238041,0.2692621167074484,0.24306210407065248,0.611811590803952,-0.23840935690724796,-0.17917981057219898,-0.9455534248959929,-1.1246800465093598,-0.640162415289758,1.0521955955517384,0.3944984564450024,0.10238086938136119,-0.21352677616837948,-0.307937337883953,0.002436839291237621,0.08109772524196834
1.3400900591803064,-0.8399412897606684,1.1227555841356867,-1.2565612599912426,-0.7796358779817645,-0.5850829191174313,-0.3636924154306373,-0.061522782573743655,0.003062641112343585,0.7433195225358323,0.37559677312947365,0.16540235144604026,1.070014238453664,0.19034810433427593,0.2230602244769007,-1.1855396437948178,0.4972350479459247,-0.7654169725680254,-0.4228701569410877,-0.11788895710013537,0.5633996648223947,-0.12360800187774432,0.42014198658807006,-0.23046847599022044,0.07479322814740298,0.03535157851596298,0.13732464759761426,-0.9464680355858481,-0.5565244182174333,0.16594144806594519,0.1646925884544795,-0.7097084967548926,0.9635558454937534,-0.08730166759737387,-0.1850278378791166,-0.6659988742974842,0.5167475338090973,-0.0982899361405413,-0.7381019849084415,-0.1502393403270082,-0.5655120459436789,-1.0564285625220728,-1.07028330847525
-0.6201285043870198,-0.8549575394894714,1.003149457629037,-0.2477240509578521,-0.3415780740980958,-0.5291666871120451,-1.1445004111014911,1.1051214412975596,0.5099158757697122,-0.13684346898478922,0.2762404667544368,0.08654316614406614,0.19034810433427593,1.2281465333377204,0.802216365369101,-0.6738549308136897,0.3462156696575937,-0.10517938676056143,-0.5215979814508055,1.4063540045495255,-0.7893803096599024,0.22309573447274927,-0.4297694189031178,-0.9134411050928878,-1.0124788605400539,-0.3803936454818279,-0.5890357931871751,-1.4264378542705831,-1.5323077702979055,0.3089357593598877,-0.8019089366714105,-0.028043045619059157,-0.6604216773120501,0.1651452844153002,-0.12483683528845015,1.1549565413174196,0.910026277198145,-0.7553536001379774,0.18776057615483116,-0.8337594054760632,-0.143074673528122,-0.6338641697679596,0.19053549390280491
0.4798684971485349,-0.8953277065581334,1.7688668779174859,-0.04027549040494248,0.7701569648295844,-0.5780600045636379,-0.39852538834303775,1.1857074845779547,0.10659308410895099,-0.45006988750447885,0.022257644802442786,-0.6829761608081606,0.2230602244769007,0.802216365369101,1.4005097977398913,0.18747222770737668,0.2028768454903059,-1.1747919916321115,-1.4112712613968041,0.4376281577436976,6.965959841740369e-5,0.3983356057890643,-0.49346656521594523,-0.7790697538726896,-0.8153445645990819,0.05261917367409941,-0.46646237473785535,-1.2948734296836932,-1.0758020553498924,0.7110053902399843,-1.0362224234468709,-0.13185226315472515,-0.4177725190802643,0.7020797764665293,0.46931808378558376,1.1374582442179049,-0.2614955641320334,-0.7026812584506316,-0.1907056849249895,0.019464170995268707,0.06307567508913332,-0.3877456327545693,-0.580255716515281
-0.5425875724550604,1.0436846563800894,-1.1563313533622956,1.7129433534996594,2.24207130469931,0.5490619071217101,1.439366162835616,-0.15356493256315348,-0.3459667357850815,-1.1635883651129253,-0.6380906834364881,-0.6508012361303133,-1.1855396437948178,-0.6738549308136897,0.18747222770737668,2.290415619101409,-0.5664098632841035,4.4791710891919743e-4,-0.49418572812571415,-0.9959119146282587,-0.06827384685807082,0.2259813867725971,-0.6440530784840522,0.4174736074505664,0.14609252137730203,0.4661250129209027,0.20037744950642847,1.2436548293818928,1.4616004623487757,0.6434846661148864,-0.20559963235474318,0.5825933071344783,-1.1224900216061242,0.2145191657068902,0.2472106580219165,0.4752160764331853,-1.5498852811723578,0.44021068731692087,0.48857584920088487,1.2586184350729621,0.7966680937991248,1.671531756595422,0.3025686925563271
0.37382069263612444,-0.48202449505293693,0.2050728641934592,-0.5086348044709353,-0.1518096718739294,-0.42866879733022545,-0.1605192940660592,-0.001851761552465009,0.17790562793400408,0.2719913108477881,0.25730403782002326,0.33151558977428536,0.4972350479459247,0.3462156696575937,0.2028768454903059,-0.5664098632841035,0.42538285487651667,-0.227076684309855,-0.44614667303552646,0.11441452872824476,-0.12337251056627342,-0.053068730175641385,-0.011171916792828428,-0.31686987458482485,-0.1749065306310053,0.014782587833648442,0.10723754957132624,-0.7465927881223922,-0.28430836505895923,0.5618878210604882,0.050233786610236586,-0.43020155145269035,0.009933166733058118,-0.34692342676979226,-0.5819326295684291,-0.21130721597715227,0.5958441597898265,0.001396165992384304,-0.26150648832936996,-0.0378557228509454,-0.31426662041309605,-0.38676767914909715,-0.582300930720127
-1.8732589294097974,0.911169579811624,-2.1294480717950814,0.6451060344802256,-0.620614312807728,0.6089260873134432,-0.1247011908619384,-0.561837916323025,0.29250816134972774,-0.02957632726931456,-0.02773281061277359,0.8449921530816582,-0.7654169725680254,-0.10517938676056143,-1.1747919916321115,4.4791710891919743e-4,-0.227076684309855,1.800730596578346,1.459307834561814,0.6046824319114467,-1.0156094010241006,-0.23084679932642224,-0.033992482326013984,0.336817516986691,0.1344352695546007,-0.35022632765884787,0.057402344219791145,0.972856550933139,0.4970365610447001,-0.5633367096622826,0.5439865725107339,0.5237154613879812,-0.6860783219602493,-0.7509198010661327,-0.6836596117684482,-0.08699500144562558,0.7594189359249799,0.3591416890967018,0.8208499783529072,-0.5188631339908722,0.14468663442385077,0.6699339554184938,1.42460871425741
-1.0852475535742143,0.8354530684233171,-1.2356159516198615,0.046548786797586984,-1.4972297047042622,0.762048312104901,-0.3731511879519098,-0.66002177807957,-0.008792673809705276,0.42454126877309545,-0.03696824065745682,0.49690167777540883,-0.4228701569410877,-0.5215979814508055,-1.4112712613968041,-0.49418572812571415,-0.44614667303552646,1.459307834561814,1.9885632230093961,0.3579899740469355,-0.15279836647586162,-0.30767917941346534,0.5535826506304972,0.6818057880426864,0.5774225649590325,-0.399582614158575,-0.00657052598210366,1.2878651568804653,0.3050057964547877,-1.5848441771043535,0.7015862123988681,0.5140286292578632,0.5083458424924558,-0.2334437222437586,0.1896264197948095,-0.5157311320727757,0.37778571502291286,0.2243582155854072,0.46846897538717613,-0.7708974027259948,0.033025736274077934,0.07549188304721802,1.371754778842902
-1.5468056108813846,-0.6729488498857313,0.8529868452593088,-0.1439433643627878,-1.16134527145618,-0.23547546555819643,-1.7995030884419139,1.3236246914973737,0.6625423062827925,-0.10525152259567766,0.279260933744607,0.20259840424331335,-0.11788895710013537,1.4063540045495255,0.4376281577436976,-0.9959119146282587,0.11441452872824476,0.6046824319114467,0.3579899740469355,2.180684090509895,-1.152221483835782,0.20925615776596906,-0.35031075900164094,-0.8851336732222279,-1.1334770597101338,-0.75193315490513,-0.9225397026604242,-1.1787351831329687,-2.0045341542531476,-0.5529479184868343,-0.8739231381161809,0.3797403837095304,-0.701872738970389,0.3029210193854353,0.18433242625927293,1.5430580257343172,1.2485761995206979,-1.0175107133448769,0.5932654541747104,-1.5799525773723861,-0.0642862144799047,-0.7520510556551152,1.1619906481895173
1.7436329252036034,-0.10633372538980865,1.0173379792683956,-0.638078430292629,-0.10886789600140866,0.008249320259462772,0.48126222606831387,-0.3991473889249612,-0.5505168272736322,0.42569521006526895,-0.0842035812889571,-0.5678090409373431,0.5633996648223947,-0.7893803096599024,6.965959841740369e-5,-0.06827384685807082,-0.12337251056627342,-1.0156094010241006,-0.15279836647586162,-1.152221483835782,1.383190000339872,-0.07406993914933431,0.6039429893642091,0.4788572801274454,0.7150472692413445,0.3348349308086279,0.27388860774660884,0.3532122656758961,0.4156148787448998,-0.41399589928285935,0.29204075495553683,-0.322454018187381,1.3985253435091514,0.4911913173966616,0.7824952499789838,-0.8891124517638367,-0.9322134886945624,0.1600199272433416,-0.7449483629346942,0.5173679128063867,-0.12671821159980737,-0.4129185533567417,-0.9059671945269699
-0.09410736562641235,-0.1473836974116244,0.4478321632418877,0.18963662876805543,0.28747143771844946,-0.051620164717162,-0.13243343828182857,0.42791830540061204,0.029900806824260266,-0.2552768224794153,-0.06225059881957776,-0.2781388311072372,-0.12360800187774432,0.22309573447274927,0.3983356057890643,0.2259813867725971,-0.053068730175641385,-0.23084679932642224,-0.30767917941346534,0.20925615776596906,-0.07406993914933431,0.15690796423389525,-0.19637571635267498,-0.2008384569366162,-0.26714875534559124,-0.015638098354320472,-0.21770962386028353,-0.23226200580583173,-0.3140405903269662,0.08298495927522725,-0.37751636202750993,0.11299091745229115,-0.24417188636694395,0.30025843209538017,0.2751443400025138,0.514858559917521,-0.18240356844995387,-0.2533273938216276,0.07678678244374208,-0.03999355894553,0.12451506950306913,0.018758087960345397,0.06426400013945822
0.6840451802441865,-0.00913467567864085,0.1859417376863571,-0.648398422334657,-0.882008832193106,0.09805650242035727,-0.05769639076891266,-0.47328787314788867,-0.18068541475366195,0.6039300006887173,0.10011086947773104,0.10724502802855279,0.42014198658807006,-0.4297694189031178,-0.49346656521594523,-0.6440530784840522,-0.011171916792828428,-0.033992482326013984,0.5535826506304972,-0.35031075900164094,0.6039429893642091,-0.19637571635267498,0.5890644052756089,0.35431627385332926,0.5339226724316894,-0.0018907608234061343,0.17252242594585324,0.284167298534421,0.12318300084384824,-0.637553968828247,0.4859421485596002,-0.2004647746297202,1.0128547445839315,-0.02067009384333697,0.1933276873737444,-0.8033471786258629,0.0495799227717461,0.14706119966104597,-0.3505069262742158,-0.14445534592811124,-0.2486085908689046,-0.4548908333367318,-0.20817991328265384
0.18779722283526906,0.7443670386194076,-0.9323363551177493,0.21690052794926168,0.026446230041618196,0.4894547881100402,0.7289158412195271,-0.8559432494949775,-0.34390992014739813,0.1306461501454343,-0.20274154911847225,0.02526636136506116,-0.23046847599022044,-0.9134411050928878,-0.7790697538726896,0.4174736074505664,-0.31686987458482485,0.336817516986691,0.6818057880426864,-0.8851336732222279,0.4788572801274454,-0.2008384569366162,0.35431627385332926,0.7319700223121473,0.7656522397086946,0.18958758599436298,0.4005097872631168,1.1994386391001084,1.1094782268672412,-0.4532054954644288,0.6496033791152174,0.12354275842437731,0.4813833901271232,-0.15863363057188157,0.10214149952569991,-0.845075256145111,-0.5635789154015839,0.5575820181455919,-0.0239333226681776,0.45155753258674997,0.11905440782106735,0.4776719135025674,0.12613491834812215
0.6861131768786354,0.5889743741334699,-0.7986099371869197,-0.12093294057307552,-0.12840821045398956,0.37591446711584026,0.810105401382225,-1.0527745811846967,-0.38694354491106625,0.38654043193992316,-0.11271788034783993,0.11539724018815259,0.07479322814740298,-1.0124788605400539,-0.8153445645990819,0.14609252137730203,-0.1749065306310053,0.1344352695546007,0.5774225649590325,-1.1334770597101338,0.7150472692413445,-0.26714875534559124,0.5339226724316894,0.7656522397086946,0.9316456052125892,0.27354107801426886,0.5420449431266141,1.067166764179642,1.180371255781332,-0.3523452401320443,0.8377843246190403,-0.12511741846611027,0.8166040597206633,-0.2760367274726792,-0.034521268454400796,-1.2269437120223,-0.4735832190618168,0.6550914045767332,-0.27818089239020377,0.5429489021132241,-0.048114114162947606,0.2772380281310081,-0.2733668174714308
0.5685085371255116,0.14181974639982328,-0.20034926004950918,0.12283556907993128,0.6590975848097274,-0.005998155548938858,0.671018205677279,-0.3379401988256865,-0.20026734577397023,-0.07243879855771919,-0.10143134742328663,-0.12315990922677361,0.03535157851596298,-0.3803936454818279,0.05261917367409941,0.4661250129209027,0.014782587833648442,-0.35022632765884787,-0.399582614158575,-0.75193315490513,0.3348349308086279,-0.015638098354320472,-0.0018907608234061343,0.18958758599436298,0.27354107801426886,0.3054543289764179,0.299617611521395,0.2327737731322853,0.6493049677244507,0.4425543207758525,0.17971197099511563,-0.16799362564700485,0.06520597543299705,-0.09053615405106287,-0.12252157992590641,-0.3886667129561088,-0.4620785821065588,0.31313877158977294,-0.21293175775236017,0.6415458275391075,0.04466977568268914,0.3117455133158058,-0.5261546934197623
0.5050183287653287,0.3551100283591142,-0.9313641680854674,-0.04703093487647352,0.3380891100629053,0.047382654834087434,0.8228001582857292,-0.8716904184401277,-0.18134380149206636,0.20385873965653659,-0.011267699152181154,0.3119901409159547,0.13732464759761426,-0.5890357931871751,-0.46646237473785535,0.20037744950642847,0.10723754957132624,0.057402344219791145,-0.00657052598210366,-0.9225397026604242,0.27388860774660884,-0.21770962386028353,0.17252242594585324,0.4005097872631168,0.5420449431266141,0.299617611521395,0.5752853093696814,0.49846289442971115,1.0471776960873311,0.4236657833031152,0.6480000466335537,-0.2903280086095023,0.2089275120066176,-0.559167517492126,-0.6019886691744267,-0.9810769407260901,-0.12571734169550539,0.648376108042988,-0.23487933336665412,0.6713781900161108,-0.10463048859048556,0.35049846017090225,-0.5345073322202669
-0.5374925658869801,1.5704736896661935,-2.0213754005685,1.0179305545458828,0.42215223056226836,1.051321558043964,1.2305965353390462,-1.2152846815166858,-0.4914442251297227,-0.21832063896285173,-0.5005342933900407,-0.03181513709238041,-0.9464680355858481,-1.4264378542705831,-1.2948734296836932,1.2436548293818928,-0.7465927881223922,0.972856550933139,1.2878651568804653,-1.1787351831329687,0.3532122656758961,-0.23226200580583173,0.284167298534421,1.1994386391001084,1.067166764179642,0.2327737731322853,0.49846289442971115,2.293093831433196,1.9109944423437661,-0.7945240421330835,0.8616816797012777,0.5955015786255605,0.1562777212048791,-0.1933926545146351,0.24674195085751663,-0.8532750339328912,-1.074931337447031,0.8640001852490421,0.401901660823595,0.7015704677800709,0.4882775452729991,1.2791831045759556,0.8369272608988022
0.26709065267170706,1.405001694187778,-2.4950822479742194,0.8850242350013267,1.3478453390081093,0.6340861152489459,2.056831716420396,-1.7168478453938192,-0.5086349679293408,-0.16953025018239987,-0.3930636360659154,0.2692621167074484,-0.5565244182174333,-1.5323077702979055,-1.0758020553498924,1.4616004623487757,-0.28430836505895923,0.4970365610447001,0.3050057964547877,-2.0045341542531476,0.4156148787448998,-0.3140405903269662,0.12318300084384824,1.1094782268672412,1.180371255781332,0.6493049677244507,1.0471776960873311,1.9109944423437661,2.6317832162918626,0.5532666597618877,1.167827573515323,-0.004779116287325603,-0.07911457266937381,-0.839151569582567,-0.7483051722076463,-1.5134166864553433,-0.9945999050320986,1.3694826813678442,0.004403153391389171,1.5794144834750021,0.2843559407337884,1.5276747020002566,-0.322777331898298
0.3995494773560138,-0.2881323375972126,-0.506388387517961,0.28389169007516857,1.6492689999913548,-0.5932955735251906,0.8578796603358544,-0.09495621708233182,0.1546771995212433,-0.3897379444922871,0.07374186790278,0.24306210407065248,0.16594144806594519,0.3089357593598877,0.7110053902399843,0.6434846661148864,0.5618878210604882,-0.5633367096622826,-1.5848441771043535,-0.5529479184868343,-0.41399589928285935,0.08298495927522725,-0.637553968828247,-0.4532054954644288,-0.3523452401320443,0.4425543207758525,0.4236657833031152,-0.7945240421330835,0.5532666597618877,2.0052917518173317,-0.09808987155910832,-0.5423580663647777,-1.0359954493184533,-0.6676049498470104,-1.2392962699350285,-0.03956922051973975,0.12178805136068738,0.3714989565733687,-0.19442850817693355,1.0127643050474218,-0.06440078953579767,0.5324411061734334,-1.1634387772980526
0.3345718511516052,0.5582195242662584,-1.3630683522700913,-0.2434584075641575,-0.3712123333555316,0.2600399969223833,0.6874029935000855,-1.235125121991489,-0.17280198790225457,0.5373656375999486,0.050858785887511686,0.611811590803952,0.1646925884544795,-0.8019089366714105,-1.0362224234468709,-0.20559963235474318,0.050233786610236586,0.5439865725107339,0.7015862123988681,-0.8739231381161809,0.29204075495553683,-0.37751636202750993,0.4859421485596002,0.6496033791152174,0.8377843246190403,0.17971197099511563,0.6480000466335537,0.8616816797012777,1.167827573515323,-0.09808987155910832,1.0361379089625775,-0.2545797131034527,0.5650189851602839,-0.7657728757491151,-0.677480588350929,-1.3938868709382908,0.16487862088763422,0.7846052175116026,-0.1911480776992622,0.3860056605411558,-0.2107220394950407,0.2482263715636714,-0.23278800049284143
-0.9944824477168741,0.4786000112462284,-0.35052715469014656,0.7276933146128441,0.13666659901770872,0.4340463772048741,-0.11606329255091946,0.271176324323375,0.003511941612738138,-0.4501561149671349,-0.2440218419323182,-0.23840935690724796,-0.7097084967548926,-0.028043045619059157,-0.13185226315472515,0.5825933071344783,-0.43020155145269035,0.5237154613879812,0.5140286292578632,0.3797403837095304,-0.322454018187381,0.11299091745229115,-0.2004647746297202,0.12354275842437731,-0.12511741846611027,-0.16799362564700485,-0.2903280086095023,0.5955015786255605,-0.004779116287325603,-0.5423580663647777,-0.2545797131034527,0.5988517158551968,-0.4579982941985768,0.3196274861490568,0.4881567073728749,0.6529731906565845,-0.33509435960941186,-0.15964382414881123,0.5341922429597912,-0.22525107728815655,0.38602149664948726,0.4632255909620021,0.9713094721016702
1.7534391438186099,-0.33574655090955563,1.1890538653617848,-1.3401819933140464,-1.371927587775508,-0.03644722951839257,-0.16649500788285762,-0.5204654721196739,-0.41960433574183803,1.01737957618328,0.16931400500134225,-0.17917981057219898,0.9635558454937534,-0.6604216773120501,-0.4177725190802643,-1.1224900216061242,0.009933166733058118,-0.6860783219602493,0.5083458424924558,-0.701872738970389,1.3985253435091514,-0.24417188636694395,1.0128547445839315,0.4813833901271232,0.8166040597206633,0.06520597543299705,0.2089275120066176,0.1562777212048791,-0.07911457266937381,-1.0359954493184533,0.5650189851602839,-0.4579982941985768,2.000821015951071,0.334783615062505,0.7123322604001238,-1.2443446583431113,-0.21682378114250353,0.051506485558509923,-0.8537735710027771,-0.1550436052627229,-0.4525035074682151,-1.075294099712757,-0.741521034590492
0.3024799362383751,-0.322583317924166,1.6759141277594072,0.04159192379732544,0.010941055589070877,0.037879981266167345,-0.48797449830350503,0.9138693099398935,-0.18517845471565636,-0.28883152564891895,-0.1821997638404905,-0.9455534248959929,-0.08730166759737387,0.1651452844153002,0.7020797764665293,0.2145191657068902,-0.34692342676979226,-0.7509198010661327,-0.2334437222437586,0.3029210193854353,0.4911913173966616,0.30025843209538017,-0.02067009384333697,-0.15863363057188157,-0.2760367274726792,-0.09053615405106287,-0.559167517492126,-0.1933926545146351,-0.839151569582567,-0.6676049498470104,-0.7657728757491151,0.3196274861490568,0.334783615062505,1.1304090290921889,1.3722323596830643,0.8905421693616414,-0.784861690553587,-0.6835222746898593,-0.0476560864901968,-0.28302533960644466,0.24303074832575555,-0.3711577292931431,0.2042237815843466
0.3535748095271381,-0.11957050968371653,1.7655007758649146,0.050760750339583736,-0.26732355246255446,0.28216892969959073,-0.5009131271968175,0.8241810800563404,-0.3387065766953363,-0.22054514252249952,-0.2777991163265304,-1.1246800465093598,-0.1850278378791166,-0.12483683528845015,0.46931808378558376,0.2472106580219165,-0.5819326295684291,-0.6836596117684482,0.1896264197948095,0.18433242625927293,0.7824952499789838,0.2751443400025138,0.1933276873737444,0.10214149952569991,-0.034521268454400796,-0.12252157992590641,-0.6019886691744267,0.24674195085751663,-0.7483051722076463,-1.2392962699350285,-0.677480588350929,0.4881567073728749,0.7123322604001238,1.3722323596830643,1.8230522756465468,0.7848697045701061,-1.0844480425145182,-0.6934688514752048,-0.037639913311125754,-0.3700284237738253,0.3202242938078353,-0.3900996987743632,0.45613116836651574
-1.337870320982841,-0.423833131032731,1.1508157935503784,0.7759683050682701,0.4647375692757561,-0.09610203693562257,-1.0230658217560504,1.680144764371499,0.374955881353252,-0.9211268846744058,-0.13489660160723907,-0.640162415289758,-0.6659988742974842,1.1549565413174196,1.1374582442179049,0.4752160764331853,-0.21130721597715227,-0.08699500144562558,-0.5157311320727757,1.5430580257343172,-0.8891124517638367,0.514858559917521,-0.8033471786258629,-0.845075256145111,-1.2269437120223,-0.3886667129561088,-0.9810769407260901,-0.8532750339328912,-1.5134166864553433,-0.03956922051973975,-1.3938868709382908,0.6529731906565845,-1.2443446583431113,0.8905421693616414,0.7848697045701061,2.1735346521735113,-0.036233360941900765,-1.047653378215352,0.6761140180415431,-0.741543995684671,0.44421502731847523,0.01945461807272891,0.9794143455256743
-0.7071439123875226,-0.5953655424487986,-0.2820850320330898,-0.7912775507592903,-1.3676823420006006,-0.43151878202027116,-1.087080877431764,0.09592406068351184,0.6266147507581603,0.6006700059525751,0.5430998893243628,1.0521955955517384,0.5167475338090973,0.910026277198145,-0.2614955641320334,-1.5498852811723578,0.5958441597898265,0.7594189359249799,0.37778571502291286,1.2485761995206979,-0.9322134886945624,-0.18240356844995387,0.0495799227717461,-0.5635789154015839,-0.4735832190618168,-0.4620785821065588,-0.12571734169550539,-1.074931337447031,-0.9945999050320986,0.12178805136068738,0.16487862088763422,-0.33509435960941186,-0.21682378114250353,-0.784861690553587,-1.0844480425145182,-0.036233360941900765,1.8387751692831615,-0.19379570990159134,0.10287568816131028,-1.029635065622053,-0.5427785912555011,-0.7690390420747925,0.189619038491957
0.20595225792720306,0.6523661724771119,-1.4565280189461292,0.2186880544461643,0.45171368919797283,0.2316957395113426,1.0132375080197102,-1.063668752027899,-0.19875522687236238,0.11564277229533913,-0.08803606343620048,0.3944984564450024,-0.0982899361405413,-0.7553536001379774,-0.7026812584506316,0.44021068731692087,0.001396165992384304,0.3591416890967018,0.2243582155854072,-1.0175107133448769,0.1600199272433416,-0.2533273938216276,0.14706119966104597,0.5575820181455919,0.6550914045767332,0.31313877158977294,0.648376108042988,0.8640001852490421,1.3694826813678442,0.3714989565733687,0.7846052175116026,-0.15964382414881123,0.051506485558509923,-0.6835222746898593,-0.6934688514752048,-1.047653378215352,-0.19379570990159134,0.8035474983721106,-0.07678943053007319,0.7573932660412553,-0.0063178975756391495,0.6493769916989447,-0.29900212690619676
-1.3621884089549592,0.465924017483131,-0.8286045147690979,0.7911764469436146,0.17937144307703365,0.3425427663314805,-0.14831742297706166,0.21214032846885006,0.1918045917328871,-0.46468391311919177,-0.15184739457727872,0.10238086938136119,-0.7381019849084415,0.18776057615483116,-0.1907056849249895,0.48857584920088487,-0.26150648832936996,0.8208499783529072,0.46846897538717613,0.5932654541747104,-0.7449483629346942,0.07678678244374208,-0.3505069262742158,-0.0239333226681776,-0.27818089239020377,-0.21293175775236017,-0.23487933336665412,0.401901660823595,0.004403153391389171,-0.19442850817693355,-0.1911480776992622,0.5341922429597912,-0.8537735710027771,-0.0476560864901968,-0.037639913311125754,0.6761140180415431,0.10287568816131028,-0.07678943053007319,0.6615659660866915,-0.27603161820071165,0.3225853812069697,0.5693030662180555,1.0147273399697234
0.8516063956466774,0.5223374751010134,-0.8376219432223393,0.5411310516127448,1.62781433223622,0.07155376951826568,1.5539496285455627,-0.7740128400935571,-0.4094688622399863,-0.3289490865221053,-0.28094427277285694,-0.21352677616837948,-0.1502393403270082,-0.8337594054760632,0.019464170995268707,1.2586184350729621,-0.0378557228509454,-0.5188631339908722,-0.7708974027259948,-1.5799525773723861,0.5173679128063867,-0.03999355894553,-0.14445534592811124,0.45155753258674997,0.5429489021132241,0.6415458275391075,0.6713781900161108,0.7015704677800709,1.5794144834750021,1.0127643050474218,0.3860056605411558,-0.22525107728815655,-0.1550436052627229,-0.28302533960644466,-0.3700284237738253,-0.741543995684671,-1.029635065622053,0.7573932660412553,-0.27603161820071165,1.449208154760514,0.2015659525417805,0.928605002240601,-0.9042346886173868
-0.4989144390441274,0.400366813911355,-0.29964326424880955,0.7038040053731546,0.6169726872915479,0.2913885862658132,0.2697160792692005,0.14261936729743174,-0.08439494452974841,-0.4825834777199122,-0.2569859466386387,-0.307937337883953,-0.5655120459436789,-0.143074673528122,0.06307567508913332,0.7966680937991248,-0.31426662041309605,0.14468663442385077,0.033025736274077934,-0.0642862144799047,-0.12671821159980737,0.12451506950306913,-0.2486085908689046,0.11905440782106735,-0.048114114162947606,0.04466977568268914,-0.10463048859048556,0.4882775452729991,0.2843559407337884,-0.06440078953579767,-0.2107220394950407,0.38602149664948726,-0.4525035074682151,0.24303074832575555,0.3202242938078353,0.44421502731847523,-0.5427785912555011,-0.0063178975756391495,0.3225853812069697,0.2015659525417805,0.35666576123398325,0.5625405562078051,0.4489333231068911
-0.9166844867841102,1.1267769907003966,-1.925882720964845,1.4383470263970992,1.5293381691563623,0.5799479756648187,1.2415860553762619,-0.5720570245514955,-0.14847977863222556,-0.7760456823460121,-0.4398786783290211,0.002436839291237621,-1.0564285625220728,-0.6338641697679596,-0.3877456327545693,1.671531756595422,-0.38676767914909715,0.6699339554184938,0.07549188304721802,-0.7520510556551152,-0.4129185533567417,0.018758087960345397,-0.4548908333367318,0.4776719135025674,0.2772380281310081,0.3117455133158058,0.35049846017090225,1.2791831045759556,1.5276747020002566,0.5324411061734334,0.2482263715636714,0.4632255909620021,-1.075294099712757,-0.3711577292931431,-0.3900996987743632,0.01945461807272891,-0.7690390420747925,0.6493769916989447,0.5693030662180555,0.928605002240601,0.5625405562078051,1.5561345905263113,0.4983970393338233
-2.118107706440934,0.7322049799236856,-0.9112025344028609,0.9266891458009172,-0.5643853794136001,0.7089093461706328,-0.6686400479767785,0.36614652613208953,0.23473988820318062,-0.4463522810679432,-0.21324528422908576,0.08109772524196834,-1.07028330847525,0.19053549390280491,-0.580255716515281,0.3025686925563271,-0.582300930720127,1.42460871425741,1.371754778842902,1.1619906481895173,-0.9059671945269699,0.06426400013945822,-0.20817991328265384,0.12613491834812215,-0.2733668174714308,-0.5261546934197623,-0.5345073322202669,0.8369272608988022,-0.322777331898298,-1.1634387772980526,-0.23278800049284143,0.9713094721016702,-0.741521034590492,0.2042237815843466,0.45613116836651574,0.9794143455256743,0.189619038491957,-0.29900212690619676,1.0147273399697234,-0.9042346886173868,0.4489333231068911,0.4983970393338233,1.9470914921353397
