V1,V2,V3,V4,V5,V6,V7,V8,V9,V10,V11,V12,V13,V14,V15,V16,V17,V18,V19,V20,V21,V22,V23,V24,V25,V26,V27,V28,V29,V30,V31,V32,V33,V34,V35,V36,V37,V38,V39,V40,V41,V42,V43
358.1881213670261,-1654.9532731507277,5731.182610605059,3836.2008380151124,-11557.145627750951,-619.9569090898426,1624.8555207110314,-2222.305825122966,2590.497867400199,3364.2358357369512,-4146.837157899821,11574.900025410447,10605.647752761304,1630.5524137646244,7685.866242866426,934.4859471248463,337.8786134054809,3155.294237812564,7828.671012527043,-1220.0744993093585,-1219.9226557777397,10324.644480064628,-9802.193949771508,164.6048913201765,4822.332640446264,-4552.711516348264,-9240.018614625626,311.44120301795357,2396.6269261349476,-3204.146408930234,6359.623495842985,4563.768456018471,12778.082036151556,127.15201406767679,2532.202757218972,5141.400491806301,-7162.2062488568945,1593.4224367551842,-10692.61187362863,4713.3893415756,-3935.2068469789397,-4713.076469289127,-9481.895176951004
-1654.9532731507277,7652.831851405515,-26500.157615709333,-17738.354678995867,53436.09372726323,2863.153990989857,-7513.545140659697,10274.911233445797,-11976.286766227035,-15555.075448030604,19173.33489010401,-53518.01737752333,-49040.282480650516,-7539.341941333258,-35540.42808813994,-4324.076342455398,-1560.9110720689266,-14588.539617684308,-36196.81706488446,5643.793235122005,5641.484736319191,-47738.63701663869,45323.56700016593,-761.3443499967943,-22299.511933792503,21052.037171086402,42723.83062158297,-1438.8299905775882,-11080.92862485435,14815.228889332264,-29406.471528490663,-21101.112443152473,-59081.89509773022,-591.3161125118114,-11710.327195975839,-23770.99700296791,33116.421051190926,-7367.6777559487,49437.15412239573,-21792.655177825258,18193.578302854166,21793.782416967617,43843.72062600072
5731.182610605059,-26500.157615709333,91765.17756895654,61424.550627106524,-185040.14803757292,-9915.634052171163,26017.879519212613,-35580.346688187565,41472.22851488995,53864.57052211063,-66394.06281810453,185323.8770462806,169817.09719938008,26107.399025920808,123069.32052494114,14972.512679746384,5405.567233883254,50517.760284466814,125343.49600865731,-19542.711217192424,-19535.1751464074,165310.43607190932,-156947.31769567096,2636.3312633214982,77218.57662532885,-72899.0429193291,-147944.97221113043,4982.7810578779545,38371.43015218759,-51302.51748786941,101829.06173786908,73069.61752428355,204590.41181655758,2046.5581400090232,40550.15196568013,82315.23543761962,-114676.27010141939,25512.950927847294,-171193.0113681578,75464.40184376489,-63001.70743234563,-75467.47187824118,-151822.50984420785
3836.2008380151124,-17738.354678995867,61424.550627106524,41115.580282460265,-123859.59963870613,-6637.024008304069,17415.532006501,-23816.270542526112,27760.045567342655,36055.11872703054,-44441.930874045174,124049.51322508063,113669.9861091936,17475.421652981946,82378.62231469738,10022.25380044521,3618.240243871511,33814.853424002446,83900.6788495845,-13081.35878736183,-13076.243462147495,110653.2600717227,-105055.29629901236,1764.6874437258512,51687.65051175604,-48796.23888499829,-99029.43669558884,3335.249324809764,25684.530378588875,-34340.18972818695,68161.02628510288,48910.32102078068,136945.9346607746,1370.0775277880173,27143.012285784167,55098.99280489126,-76760.46438948234,17077.52384176294,-114590.72443771879,50513.29033732954,-42171.13659046768,-50515.483634717784,-101624.983137931
-11557.145627750951,53436.09372726323,-185040.14803757292,-123859.59963870613,373125.7620428243,19995.76545540305,-52463.66621068925,71746.40008074645,-83627.53188923842,-108615.6192772847,133880.9152654834,-373697.9192623579,-342427.6765433478,-52644.408981426306,-248162.67238364366,-30190.08244584552,-10900.61487349667,-101867.16082145544,-252749.98719092648,39406.0280442314,39391.47281037612,-333341.13369322376,316477.0201779108,-5315.952574788778,-155706.9897618404,146997.0972451039,298324.39152134187,-10048.007320539216,-77374.47318298303,103449.22761153533,-205333.34689037027,-147341.90195592886,-412547.8017022635,-4125.462340993703,-81766.73714322959,-165985.6605151965,231239.55810386472,-51445.71774869162,345204.2540303256,-152170.97077457223,127040.88087466768,152176.13934331358,306142.60399532644
-619.9569090898426,2863.153990989857,-9915.634052171163,-6637.024008304069,19995.76545540305,1073.301389143766,-2811.1135645527106,3845.0206398576797,-4482.24593903013,-5820.659597798842,7174.733378109119,-20026.496158863454,-18348.783954723014,-2821.0763559111,-13297.048964555017,-1616.1084012897047,-584.8495598565023,-5459.281930079514,-13544.90694952876,2110.398751649856,2110.4693604321833,-17863.09180355545,16959.043899283457,-284.7370582870469,-8342.871214714758,7876.536276306096,15986.485269345769,-539.0676379789844,-4146.598537400721,5543.610202089604,-11002.811645723898,-7896.099852981539,-22108.046499429463,-219.2971655071856,-4380.636263625553,-8895.6755250793,12391.598025923347,-2756.8305520498043,18500.31230513906,-8155.0194894040715,6808.845158087052,8153.943850878941,16404.63501040831
1624.8555207110314,-7513.545140659697,26017.879519212613,17415.532006501,-52463.66621068925,-2811.1135645527106,7376.807820718389,-10087.952407499992,11758.366612545458,15271.99764277596,-18824.422761044967,52544.09160702699,48147.78505421986,7402.13942715284,34893.5947151125,4245.30253604266,1532.5244445491758,14323.07124279999,35538.102930401685,-5541.048933325033,-5538.808822164953,46869.86560004718,-44498.7358254131,747.4859310646043,21893.66211948361,-20668.884649980646,-41946.324382317274,1412.6641475658898,10879.278426648183,-14545.617258965756,28871.302541616573,20717.123589868537,58006.72399924664,580.488474250668,11497.168526296884,23338.441431222793,-32513.755408556786,7233.601363649131,-48537.53566884681,21396.091828599532,-17862.520151391902,-21397.130624427948,-43045.79038163371
-2222.305825122966,10274.911233445797,-35580.346688187565,-23816.270542526112,71746.40008074645,3845.0206398576797,-10087.952407499992,13795.792609353986,-16080.353896051127,-20885.115774331454,25743.26260435822,-71856.40177622373,-65843.48573760672,-10122.70524300932,-47717.75247487855,-5804.910176701339,-2096.065978794242,-19587.539278187855,-48599.95718437612,7577.086970444154,7574.361071668068,-64096.37543290636,60853.628857066404,-1022.1612743668661,-29939.975764205017,28265.20139604278,57363.186739832134,-1932.1156066172318,-14877.935955019877,19891.690429683913,-39482.395975638545,-28331.61933479351,-79326.63790014612,-793.1197568555642,-15722.383874231858,-31916.57067983359,44463.80442456938,-9892.217130518262,66377.5868120339,-29260.197552952508,24428.090876720828,29261.054034563207,58866.41524555454
2590.497867400199,-11976.286766227035,41472.22851488995,27760.045567342655,-83627.53188923842,-4482.24593903013,11758.366612545458,-16080.353896051127,18743.438013910574,24343.66556319415,-30006.34090466842,83755.786129517,76746.54135745764,11798.985437835716,55619.18935919641,6765.727881143536,2443.382751905748,22831.27563675532,56648.10022926774,-8831.425220275794,-8828.494656069945,74710.48812010764,-70930.66017744399,1191.3931835501307,34897.588700670465,-32945.615425410084,-66862.2775125309,2252.2494472053177,17341.746576442514,-23185.668825803936,46020.36288345842,33023.31468538966,92462.9343195215,923.9550933867997,18325.651848176578,37202.05940218805,-51826.81974432404,11530.319122618219,-77369.89715631759,34105.681345102435,-28473.565963796325,-34106.33542964688,-68614.21343530362
3364.2358357369512,-15555.075448030604,53864.57052211063,36055.11872703054,-108615.6192772847,-5820.659597798842,15271.99764277596,-20885.115774331454,24343.66556319415,31617.642186455967,-38972.27605299048,108782.18792571028,99679.56358048548,15324.600392626233,72239.34729600971,8788.288433743402,3173.120704777741,29653.15593593678,73574.65507934983,-11470.991027709264,-11466.73345862766,97034.47099860846,-92125.39929794412,1547.4586516894296,45325.78959792156,-42790.380549985435,-86841.2129117471,2924.937337053258,22523.44356144944,-30113.72102889782,59771.849805726575,42890.7115997467,120091.25566427446,1200.9476463434153,23802.057727473093,48317.83560112966,-67313.04927783502,14975.670056534138,-100487.74331074036,44296.43496429473,-36981.142329003196,-44297.97958855383,-89117.11018378484
-4146.837157899821,19173.33489010401,-66394.06281810453,-44441.930874045174,133880.9152654834,7174.733378109119,-18824.422761044967,25743.26260435822,-30006.34090466842,-38972.27605299048,48037.700851185225,-134086.22606371486,-122866.0971192619,-18889.283960927387,-89042.94893040149,-10832.414663618843,-3911.269321944631,-36550.85554965391,-90689.00265490184,14139.192920330523,14133.998140285741,-119605.80412616204,113554.8070652338,-1907.409379419323,-55869.02343321965,52743.857414057784,107041.4818962101,-3605.3501320858118,-27762.670878187357,37118.52295379421,-73675.43863486558,-52867.61512447979,-148025.90777725866,-1480.1800017111555,-29338.607123187554,-59557.18797419823,82970.84343087827,-18459.188738948644,123862.465068949,-54600.337231707286,45583.44986437882,54602.13452167929,109846.70773772626
11574.900025410447,-53518.01737752333,185323.8770462806,124049.51322508063,-373697.9192623579,-20026.496158863454,52544.09160702699,-71856.40177622373,83755.786129517,108782.18792571028,-134086.22606371486,374270.98932646046,342952.69985829183,52725.11798592232,248543.14300764594,30236.342711066067,10917.36670847688,102023.34214737437,253137.5794775745,-39466.40216405937,-39451.85480796825,333852.2670001332,-316962.2960561807,5324.101298895258,155945.68448202458,-147222.48293700378,-298781.8241374131,10063.459251733917,77493.13353498692,-103607.85817953869,205648.1756166741,147567.83172943146,413180.41855104064,4131.718845534552,81892.0979813371,166240.2015386904,-231594.1323439852,51524.597889344644,-345733.63137908006,152404.31024017482,-127235.71197307728,-152409.45324786837,-306612.0302868278
10605.647752761304,-49040.282480650516,169817.09719938008,113669.9861091936,-342427.6765433478,-18348.783954723014,48147.78505421986,-65843.48573760672,76746.54135745764,99679.56358048548,-122866.0971192619,342952.69985829183,314257.2730025905,48313.3375584026,227747.78953032263,27708.195065439268,10003.045512947263,93485.99230300775,231955.48142099928,-36165.48728373357,-36151.199862810674,305916.9209025737,-290440.61041568057,4878.7492960149875,142898.10845079753,-134904.35456924402,-273781.1649094285,9220.692782391436,71008.54360206633,-94938.42514441843,188441.06968467345,135219.60872050116,378606.75575230777,3787.9819372750007,75040.91318429633,152328.99879095374,-212215.39912604212,47213.28606537947,-316802.41781321255,139651.24901178607,-116588.0717218356,-139657.44060929914,-280957.07665421156
1630.5524137646244,-7539.341941333258,26107.399025920808,17475.421652981946,-52644.408981426306,-2821.0763559111,7402.13942715284,-10122.70524300932,11798.985437835716,15324.600392626233,-18889.283960927387,52725.11798592232,48313.3375584026,7427.635563560052,35013.47087352971,4259.650051452973,1537.9164554098775,14372.45728135983,35660.55227862196,-5559.904613463161,-5557.7823206790235,47031.22290308647,-44651.884268597765,750.0428531729427,21968.85840930355,-20739.926882638687,-42090.719232127034,1417.6236129127835,10916.772245308972,-14595.695418359848,28970.612052555633,20788.505474300702,58206.4943070758,582.197923032403,11536.568689063533,23418.92252682238,-32625.687800592972,7258.5066564916715,-48704.89930666033,21469.825436610823,-17924.174460236285,-21470.650653201177,-43193.83633129825
7685.866242866426,-35540.42808813994,123069.32052494114,82378.62231469738,-248162.67238364366,-13297.048964555017,34893.5947151125,-47717.75247487855,55619.18935919641,72239.34729600971,-89042.94893040149,248543.14300764594,227747.78953032263,35013.47087352971,165053.0546386747,20081.175763151077,7249.127404022171,67750.6774950635,168101.7284752789,-26210.161305715894,-26199.522831902537,221702.97848083553,-210487.1495453512,3535.754558809809,103560.99012049493,-97767.64234411188,-198413.7186944691,6682.1736178770925,51460.964825125804,-68803.42862320604,136566.51849903786,97995.73344188965,274382.3317964005,2745.83457420883,54383.74985988391,110395.01961837069,-153795.97833063707,34216.24986981604,-229591.34858096755,101207.36250381701,-84492.937587905,-101212.33353281014,-203614.49283925645
934.4859471248463,-4324.076342455398,14972.512679746384,10022.25380044521,-30190.08244584552,-1616.1084012897047,4245.30253604266,-5804.910176701339,6765.727881143536,8788.288433743402,-10832.414663618843,30236.342711066067,27708.195065439268,4259.650051452973,20081.175763151077,2444.594927654337,881.2912665121642,8241.924977411649,20450.284417057395,-3189.7870649223396,-3187.7293001503817,26971.698445260434,-25607.532822800207,430.2714991473319,12599.916711524109,-11894.799564230954,-24138.501128638807,812.4068152011891,6260.363025626126,-8370.443721268646,16614.786074868116,11921.54114079569,33380.13044618852,335.6255804431549,6617.14767901213,13429.55823917346,-18710.407929757286,4162.677280594787,-27930.035571749813,12312.12979203067,-10278.273330347518,-12313.962471624372,-24771.988874467694
337.8786134054809,-1560.9110720689266,5405.567233883254,3618.240243871511,-10900.61487349667,-584.8495598565023,1532.5244445491758,-2096.065978794242,2443.382751905748,3173.120704777741,-3911.269321944631,10917.36670847688,10003.045512947263,1537.9164554098775,7249.127404022171,881.2912665121642,318.73306496218044,2976.0667292213147,7383.950658671395,-1150.6713998142302,-1150.5892494753818,9738.091322644848,-9245.296627359054,155.24500724698373,4548.297259014358,-4294.021651397659,-8715.075892068757,293.78643068057795,2260.491566365689,-3022.1099210260395,5998.286676460767,4304.515532391202,12052.168353200716,119.81768465388069,2388.27713760689,4849.363958711054,-6755.308218599866,1502.8947583975196,-10085.247360626698,4445.638922444741,-3711.7054662350856,-4445.270247130605,-8943.156502304868
3155.294237812564,-14588.539617684308,50517.760284466814,33814.853424002446,-101867.16082145544,-5459.281930079514,14323.07124279999,-19587.539278187855,22831.27563675532,29653.15593593678,-36550.85554965391,102023.34214737437,93485.99230300775,14372.45728135983,67750.6774950635,8241.924977411649,2976.0667292213147,27810.854063636507,69003.32867111004,-10758.052409478403,-10754.2098287533,91005.46253084687,-86401.31639646237,1451.28425906993,42509.42213638241,-40131.559533370855,-81445.52549844346,2743.266793127461,21124.03546507699,-28242.65434469417,56057.970085086105,40225.86737689154,112629.70091490923,1126.0575366292364,22322.965254259132,45315.862930750875,-63130.69099237189,14045.187350733688,-94244.41305827841,41544.26350365191,-34683.57211021765,-41545.490123854164,-83579.81692488563
7828.671012527043,-36196.81706488446,125343.49600865731,83900.6788495845,-252749.98719092648,-13544.90694952876,35538.102930401685,-48599.95718437612,56648.10022926774,73574.65507934983,-90689.00265490184,253137.5794775745,231955.48142099928,35660.55227862196,168101.7284752789,20450.284417057395,7383.950658671395,69003.32867111004,171209.1972847533,-26693.018286567632,-26683.18622612032,225800.4329028682,-214376.92656180853,3600.9472676396003,105473.59975294048,-99573.67888785452,-202080.5981136953,6806.408625953787,52412.35608399689,-70075.00586695997,139089.80248175943,99807.26629522431,279453.90243605484,2794.4617110121762,55387.57142267584,112436.29711995112,-156638.31302643233,34848.57973283216,-233836.3970854725,103078.40954981923,-86055.6762566508,-103081.8738467383,-207376.53342687048
-1220.0744993093585,5643.793235122005,-19542.711217192424,-13081.35878736183,39406.0280442314,2110.398751649856,-5541.048933325033,7577.086970444154,-8831.425220275794,-11470.991027709264,14139.192920330523,-39466.40216405937,-36165.48728373357,-5559.904613463161,-26210.161305715894,-3189.7870649223396,-1150.6713998142302,-10758.052409478403,-26693.018286567632,4162.794281730888,4160.571829872875,-35204.84091315088,33424.06672136685,-561.5359012696748,-16445.446820853114,15525.251208779766,31506.751594818288,-1060.7097193613492,-8171.471589223204,10925.517730553778,-21686.150076487378,-15560.816475303265,-43569.706921985264,-437.0955863898521,-8636.408858871788,-17529.43379382267,24421.74884808351,-5433.325135314244,36456.54761882664,-16070.728697088574,13416.274972432271,16072.314307271952,32333.104891032006
-1219.9226557777397,5641.484736319191,-19535.1751464074,-13076.243462147495,39391.47281037612,2110.4693604321833,-5538.808822164953,7574.361071668068,-8828.494656069945,-11466.73345862766,14133.998140285741,-39451.85480796825,-36151.199862810674,-5557.7823206790235,-26199.522831902537,-3187.7293001503817,-1150.5892494753818,-10754.2098287533,-26683.18622612032,4160.571829872875,4158.796550440754,-35191.54304702908,33411.2505494112,-561.2523166803428,-16438.667568954937,15519.014160572717,31494.790904109184,-1060.6056308604059,-8168.5169189038825,10921.360955602922,-21677.657048858473,-15555.100594578978,-43553.43348596159,-436.07041422867223,-8632.613094093696,-17523.222695034117,24412.4760390844,-5431.243039458228,36443.49647423316,-16064.87788280793,13411.688720852799,16065.827259549387,32320.404971466767
10324.644480064628,-47738.63701663869,165310.43607190932,110653.2600717227,-333341.13369322376,-17863.09180355545,46869.86560004718,-64096.37543290636,74710.48812010764,97034.47099860846,-119605.80412616204,333852.2670001332,305916.9209025737,47031.22290308647,221702.97848083553,26971.698445260434,9738.091322644848,91005.46253084687,225800.4329028682,-35204.84091315088,-35191.54304702908,297798.7849449489,-282732.91332462156,4749.184764579992,139105.20585583532,-131323.866210958,-266515.7246524688,8976.424969138103,69124.36637716884,-92419.00403588937,183439.97469729296,131631.51005355566,368559.91267621226,3686.2279932393667,73048.79028547055,148287.20997815154,-206583.7618025264,45960.347719189806,-308396.4489251958,135945.63228057622,-113494.85152246476,-135950.7441874105,-273500.62189847045
-9802.193949771508,45323.56700016593,-156947.31769567096,-105055.29629901236,316477.0201779108,16959.043899283457,-44498.7358254131,60853.628857066404,-70930.66017744399,-92125.39929794412,113554.8070652338,-316962.2960561807,-290440.61041568057,-44651.884268597765,-210487.1495453512,-25607.532822800207,-9245.296627359054,-86401.31639646237,-214376.92656180853,33424.06672136685,33411.2505494112,-282732.91332462156,268429.3349787802,-4508.952539453457,-132067.9859336184,124680.24523938609,253032.5129732383,-8522.193142886412,-65627.25860320409,87743.47907499636,-174159.7298434395,-124972.10577286089,-349914.13302111975,-3500.0716202334306,-69353.4138244463,-140785.08349239282,196132.5608951962,-43635.195361335725,292794.15968939103,-129067.95557430443,107752.86409138952,129073.0483276787,259664.23290234176
164.6048913201765,-761.3443499967943,2636.3312633214982,1764.6874437258512,-5315.952574788778,-284.7370582870469,747.4859310646043,-1022.1612743668661,1191.3931835501307,1547.4586516894296,-1907.409379419323,5324.101298895258,4878.7492960149875,750.0428531729427,3535.754558809809,430.2714991473319,155.24500724698373,1451.28425906993,3600.9472676396003,-561.5359012696748,-561.2523166803428,4749.184764579992,-4508.952539453457,75.75312938507989,2218.4944207713006,-2094.364096699996,-4250.312133179532,143.10824367623786,1102.3510540258999,-1473.8720545230267,2925.48690260634,2099.1857862907364,5877.638643374501,58.92365732692526,1165.0396825262021,2364.769147243339,-3294.534154339769,732.968234753483,-4918.0875202853385,2167.9738384707844,-1809.8978444300437,-2168.1598523198745,-4361.768405933185
4822.332640446264,-22299.511933792503,77218.57662532885,51687.65051175604,-155706.9897618404,-8342.871214714758,21893.66211948361,-29939.975764205017,34897.588700670465,45325.78959792156,-55869.02343321965,155945.68448202458,142898.10845079753,21968.85840930355,103560.99012049493,12599.916711524109,4548.297259014358,42509.42213638241,105473.59975294048,-16445.446820853114,-16438.667568954937,139105.20585583532,-132067.9859336184,2218.4944207713006,64978.431379439055,-61343.3636977859,-124492.64847021204,4192.571645729758,32288.611411651378,-43169.995822696736,85687.32072881992,61486.36390261393,172158.27256926498,1723.0755474517641,34122.62920604105,69266.11025728466,-96497.69354623846,21468.646178488663,-144054.51953217943,63501.439394475914,-53014.090286027684,-63504.72715454306,-127755.87701237708
-4552.711516348264,21052.037171086402,-72899.0429193291,-48796.23888499829,146997.0972451039,7876.536276306096,-20668.884649980646,28265.20139604278,-32945.615425410084,-42790.380549985435,52743.857414057784,-147222.48293700378,-134904.35456924402,-20739.926882638687,-97767.64234411188,-11894.799564230954,-4294.021651397659,-40131.559533370855,-99573.67888785452,15525.251208779766,15519.014160572717,-131323.866210958,124680.24523938609,-2094.364096699996,-61343.3636977859,57911.78156452525,117528.65138620768,-3958.184087912754,-30482.48506003367,40755.12094723306,-80893.95871436445,-58046.956128739796,-162528.05699188448,-1626.3246899456449,-32213.67283627072,-65391.60176874845,91099.72543453253,-20267.69715460152,135996.59347714356,-59949.34454477294,50048.74615764216,59952.19369718694,120609.24434694974
-9240.018614625626,42723.83062158297,-147944.97221113043,-99029.43669558884,298324.39152134187,15986.485269345769,-41946.324382317274,57363.186739832134,-66862.2775125309,-86841.2129117471,107041.4818962101,-298781.8241374131,-273781.1649094285,-42090.719232127034,-198413.7186944691,-24138.501128638807,-8715.075892068757,-81445.52549844346,-202080.5981136953,31506.751594818288,31494.790904109184,-266515.7246524688,253032.5129732383,-4250.312133179532,-124492.64847021204,117528.65138620768,238518.92700276405,-8033.428391285449,-61863.00264642187,82710.61953799993,-164170.10862198603,-117803.91470914887,-329843.5668107735,-3299.141990162787,-65375.25920884324,-132709.9524880408,184882.65191749716,-41132.34145198982,276000.0481558259,-121664.83040345565,101572.4151711496,121669.5086762389,244770.0994824512
311.44120301795357,-1438.8299905775882,4982.7810578779545,3335.249324809764,-10048.007320539216,-539.0676379789844,1412.6641475658898,-1932.1156066172318,2252.2494472053177,2924.937337053258,-3605.3501320858118,10063.459251733917,9220.692782391436,1417.6236129127835,6682.1736178770925,812.4068152011891,293.78643068057795,2743.266793127461,6806.408625953787,-1060.7097193613492,-1060.6056308604059,8976.424969138103,-8522.193142886412,143.10824367623786,4192.571645729758,-3958.184087912754,-8033.428391285449,270.8055167495569,2083.6809441856376,-2785.7442434472805,5529.147195359882,3967.8274220170624,11109.514774071597,110.4801570999783,2201.511365248316,4470.052567576274,-6226.94605806854,1385.3485083481569,-9296.399012793221,4097.917665306996,-3421.370497270991,-4097.599660889082,-8243.705768947684
2396.6269261349476,-11080.92862485435,38371.43015218759,25684.530378588875,-77374.47318298303,-4146.598537400721,10879.278426648183,-14877.935955019877,17341.746576442514,22523.44356144944,-27762.670878187357,77493.13353498692,71008.54360206633,10916.772245308972,51460.964825125804,6260.363025626126,2260.491566365689,21124.03546507699,52412.35608399689,-8171.471589223204,-8168.5169189038825,69124.36637716884,-65627.25860320409,1102.3510540258999,32288.611411651378,-30482.48506003367,-61863.00264642187,2083.6809441856376,16045.030937611768,-21452.08076366196,42579.57837803696,30554.04876281899,85549.3401223651,855.3839846765055,16955.762370320037,34420.20858165062,-47951.735903260014,10668.203144715639,-71584.49105600391,31555.447338402097,-26344.304929683745,-31556.45142971826,-63484.19798580439
-3204.146408930234,14815.228889332264,-51302.51748786941,-34340.18972818695,103449.22761153533,5543.610202089604,-14545.617258965756,19891.690429683913,-23185.668825803936,-30113.72102889782,37118.52295379421,-103607.85817953869,-94938.42514441843,-14595.695418359848,-68803.42862320604,-8370.443721268646,-3022.1099210260395,-28242.65434469417,-70075.00586695997,10925.517730553778,10921.360955602922,-92419.00403588937,87743.47907499636,-1473.8720545230267,-43169.995822696736,40755.12094723306,82710.61953799993,-2785.7442434472805,-21452.08076366196,28681.369064114977,-56928.8654102904,-40850.578127550994,-114379.06504937995,-1144.0124013827108,-22670.01441008947,-46019.51029749639,64111.31062327773,-14263.364380075083,95707.88012774388,-42189.42724404423,35222.02290575628,42191.02194896408,84878.33842537629
6359.623495842985,-29406.471528490663,101829.06173786908,68161.02628510288,-205333.34689037027,-11002.811645723898,28871.302541616573,-39482.395975638545,46020.36288345842,59771.849805726575,-73675.43863486558,205648.1756166741,188441.06968467345,28970.612052555633,136566.51849903786,16614.786074868116,5998.286676460767,56057.970085086105,139089.80248175943,-21686.150076487378,-21677.657048858473,183439.97469729296,-174159.7298434395,2925.48690260634,85687.32072881992,-80893.95871436445,-164170.10862198603,5529.147195359882,42579.57837803696,-56928.8654102904,112996.74013124194,81083.09898609084,227027.74775708176,2271.2810807659253,44997.423709018956,91342.6210577397,-127252.81351288618,28310.97441510144,-189967.50180515982,83740.4892735917,-69910.93984789352,-83744.09718299298,-168472.9757058255
4563.768456018471,-21101.112443152473,73069.61752428355,48910.32102078068,-147341.90195592886,-7896.099852981539,20717.123589868537,-28331.61933479351,33023.31468538966,42890.7115997467,-52867.61512447979,147567.83172943146,135219.60872050116,20788.505474300702,97995.73344188965,11921.54114079569,4304.515532391202,40225.86737689154,99807.26629522431,-15560.816475303265,-15555.100594578978,131631.51005355566,-124972.10577286089,2099.1857862907364,61486.36390261393,-58046.956128739796,-117803.91470914887,3967.8274220170624,30554.04876281899,-40850.578127550994,81083.09898609084,58183.16830818864,162909.07770978246,1629.0190872356334,32288.432507296955,65545.33368259578,-91313.10113272522,20315.15811615649,-136316.14212741482,60090.10321817174,-50166.61321451832,-60092.08237917767,-120891.16705667824
12778.082036151556,-59081.89509773022,204590.41181655758,136945.9346607746,-412547.8017022635,-22108.046499429463,58006.72399924664,-79326.63790014612,92462.9343195215,120091.25566427446,-148025.90777725866,413180.41855104064,378606.75575230777,58206.4943070758,274382.3317964005,33380.13044618852,12052.168353200716,112629.70091490923,279453.90243605484,-43569.706921985264,-43553.43348596159,368559.91267621226,-349914.13302111975,5877.638643374501,172158.27256926498,-162528.05699188448,-329843.5668107735,11109.514774071597,85549.3401223651,-114379.06504937995,227027.74775708176,162909.07770978246,456135.0446974779,4561.68728617315,90405.93594180091,183522.5394261301,-255670.9500594285,56881.177337930974,-381676.1381035592,168248.33638301952,-140463.04102513555,-168254.30717798753,-338487.97735354723
127.15201406767679,-591.3161125118114,2046.5581400090232,1370.0775277880173,-4125.462340993703,-219.2971655071856,580.488474250668,-793.1197568555642,923.9550933867997,1200.9476463434153,-1480.1800017111555,4131.718845534552,3787.9819372750007,582.197923032403,2745.83457420883,335.6255804431549,119.81768465388069,1126.0575366292364,2794.4617110121762,-437.0955863898521,-436.07041422867223,3686.2279932393667,-3500.0716202334306,58.92365732692526,1723.0755474517641,-1626.3246899456449,-3299.141990162787,110.4801570999783,855.3839846765055,-1144.0124013827108,2271.2810807659253,1629.0190872356334,4561.68728617315,47.465862451617234,905.3265893677772,1834.687058463615,-2557.22065424229,568.9528484478442,-3815.866378858587,1682.2700512609547,-1403.8656379641156,-1683.7381786929568,-3386.420359177743
2532.202757218972,-11710.327195975839,40550.15196568013,27143.012285784167,-81766.73714322959,-4380.636263625553,11497.168526296884,-15722.383874231858,18325.651848176578,23802.057727473093,-29338.607123187554,81892.0979813371,75040.91318429633,11536.568689063533,54383.74985988391,6617.14767901213,2388.27713760689,22322.965254259132,55387.57142267584,-8636.408858871788,-8632.613094093696,73048.79028547055,-69353.4138244463,1165.0396825262021,34122.62920604105,-32213.67283627072,-65375.25920884324,2201.511365248316,16955.762370320037,-22670.01441008947,44997.423709018956,32288.432507296955,90405.93594180091,905.3265893677772,17919.259261523533,36373.69866230037,-50674.17101841342,11273.901950250234,-75647.40479025079,33346.58376522959,-27839.193987687562,-33348.69790192405,-67089.16840311409
5141.400491806301,-23770.99700296791,82315.23543761962,55098.99280489126,-165985.6605151965,-8895.6755250793,23338.441431222793,-31916.57067983359,37202.05940218805,48317.83560112966,-59557.18797419823,166240.2015386904,152328.99879095374,23418.92252682238,110395.01961837069,13429.55823917346,4849.363958711054,45315.862930750875,112436.29711995112,-17529.43379382267,-17523.222695034117,148287.20997815154,-140785.08349239282,2364.769147243339,69266.11025728466,-65391.60176874845,-132709.9524880408,4470.052567576274,34420.20858165062,-46019.51029749639,91342.6210577397,65545.33368259578,183522.5394261301,1834.687058463615,36373.69866230037,73839.19240350366,-102867.187359922,22885.683671093135,-153564.99693782802,67693.59195067942,-56514.58762971167,-67695.47825575822,-136187.62015077673
-7162.2062488568945,33116.421051190926,-114676.27010141939,-76760.46438948234,231239.55810386472,12391.598025923347,-32513.755408556786,44463.80442456938,-51826.81974432404,-67313.04927783502,82970.84343087827,-231594.1323439852,-212215.39912604212,-32625.687800592972,-153795.97833063707,-18710.407929757286,-6755.308218599866,-63130.69099237189,-156638.31302643233,24421.74884808351,24412.4760390844,-206583.7618025264,196132.5608951962,-3294.534154339769,-96497.69354623846,91099.72543453253,184882.65191749716,-6226.94605806854,-47951.735903260014,64111.31062327773,-127252.81351288618,-91313.10113272522,-255670.9500594285,-2557.22065424229,-50674.17101841342,-102867.187359922,143307.69680673903,-31882.823769397335,213935.3499684162,-94305.81291918604,78731.62004074959,94309.4029854463,189728.1220316224
1593.4224367551842,-7367.6777559487,25512.950927847294,17077.52384176294,-51445.71774869162,-2756.8305520498043,7233.601363649131,-9892.217130518262,11530.319122618219,14975.670056534138,-18459.188738948644,51524.597889344644,47213.28606537947,7258.5066564916715,34216.24986981604,4162.677280594787,1502.8947583975196,14045.187350733688,34848.57973283216,-5433.325135314244,-5431.243039458228,45960.347719189806,-43635.195361335725,732.968234753483,21468.646178488663,-20267.69715460152,-41132.34145198982,1385.3485083481569,10668.203144715639,-14263.364380075083,28310.97441510144,20315.15811615649,56881.177337930974,568.9528484478442,11273.901950250234,22885.683671093135,-31882.823769397335,7093.237061751897,-47595.90645337894,20980.967647565612,-17516.041421058195,-20981.781990504147,-42210.355824939805
-10692.61187362863,49437.15412239573,-171193.0113681578,-114590.72443771879,345204.2540303256,18500.31230513906,-48537.53566884681,66377.5868120339,-77369.89715631759,-100487.74331074036,123862.465068949,-345733.63137908006,-316802.41781321255,-48704.89930666033,-229591.34858096755,-27930.035571749813,-10085.247360626698,-94244.41305827841,-233836.3970854725,36456.54761882664,36443.49647423316,-308396.4489251958,292794.15968939103,-4918.0875202853385,-144054.51953217943,135996.59347714356,276000.0481558259,-9296.399012793221,-71584.49105600391,95707.88012774388,-189967.50180515982,-136316.14212741482,-381676.1381035592,-3815.866378858587,-75647.40479025079,-153564.99693782802,213935.3499684162,-47595.90645337894,319372.5896232476,-140783.9068215269,117534.60301573519,140788.0143964636,283232.7911160117
4713.3893415756,-21792.655177825258,75464.40184376489,50513.29033732954,-152170.97077457223,-8155.0194894040715,21396.091828599532,-29260.197552952508,34105.681345102435,44296.43496429473,-54600.337231707286,152404.31024017482,139651.24901178607,21469.825436610823,101207.36250381701,12312.12979203067,4445.638922444741,41544.26350365191,103078.40954981923,-16070.728697088574,-16064.87788280793,135945.63228057622,-129067.95557430443,2167.9738384707844,63501.439394475914,-59949.34454477294,-121664.83040345565,4097.917665306996,31555.447338402097,-42189.42724404423,83740.4892735917,60090.10321817174,168248.33638301952,1682.2700512609547,33346.58376522959,67693.59195067942,-94305.81291918604,20980.967647565612,-140783.9068215269,62059.559908797295,-51810.856576825914,-62061.48138943334,-124853.21954491874
-3935.2068469789397,18193.578302854166,-63001.70743234563,-42171.13659046768,127040.88087466768,6808.845158087052,-17862.520151391902,24428.090876720828,-28473.565963796325,-36981.142329003196,45583.44986437882,-127235.71197307728,-116588.0717218356,-17924.174460236285,-84492.937587905,-10278.273330347518,-3711.7054662350856,-34683.57211021765,-86055.6762566508,13416.274972432271,13411.688720852799,-113494.85152246476,107752.86409138952,-1809.8978444300437,-53014.090286027684,50048.74615764216,101572.4151711496,-3421.370497270991,-26344.304929683745,35222.02290575628,-69910.93984789352,-50166.61321451832,-140463.04102513555,-1403.8656379641156,-27839.193987687562,-56514.58762971167,78731.62004074959,-17516.041421058195,117534.60301573519,-51810.856576825914,43254.86472610252,51812.0406103058,104233.97548646123
-4713.076469289127,21793.782416967617,-75467.47187824118,-50515.483634717784,152176.13934331358,8153.943850878941,-21397.130624427948,29261.054034563207,-34106.33542964688,-44297.97958855383,54602.13452167929,-152409.45324786837,-139657.44060929914,-21470.650653201177,-101212.33353281014,-12313.962471624372,-4445.270247130605,-41545.490123854164,-103081.8738467383,16072.314307271952,16065.827259549387,-135950.7441874105,129073.0483276787,-2168.1598523198745,-63504.72715454306,59952.19369718694,121669.5086762389,-4097.599660889082,-31556.45142971826,42191.02194896408,-83744.09718299298,-60092.08237917767,-168254.30717798753,-1683.7381786929568,-33348.69790192405,-67695.47825575822,94309.4029854463,-20981.781990504147,140788.0143964636,-62061.48138943334,51812.0406103058,62064.523237234534,124858.64959662686
-9481.895176951004,43843.72062600072,-151822.50984420785,-101624.983137931,306142.60399532644,16404.63501040831,-43045.79038163371,58866.41524555454,-68614.21343530362,-89117.11018378484,109846.70773772626,-306612.0302868278,-280957.07665421156,-43193.83633129825,-203614.49283925645,-24771.988874467694,-8943.156502304868,-83579.81692488563,-207376.53342687048,32333.104891032006,32320.404971466767,-273500.62189847045,259664.23290234176,-4361.768405933185,-127755.87701237708,120609.24434694974,244770.0994824512,-8243.705768947684,-63484.19798580439,84878.33842537629,-168472.9757058255,-120891.16705667824,-338487.97735354723,-3386.420359177743,-67089.16840311409,-136187.62015077673,189728.1220316224,-42210.355824939805,283232.7911160117,-124853.21954491874,104233.97548646123,124858.64959662686,251185.5785421637
