V1,V2,V3,V4,V5,V6,V7,V8,V9,V10,V11,V12,V13,V14,V15,V16,V17,V18,V19,V20,V21,V22,V23,V24,V25,V26,V27,V28,V29,V30,V31,V32,V33,V34,V35,V36,V37,V38,V39,V40,V41,V42,V43
0.03593327196782469,-0.1558540641918484,0.07243525855156258,0.5848081211108594,-0.1658680076050261,0.34903579401328705,0.3531224646535729,-0.1189421637027275,-1.5510022857068552e-4,0.03800661434389272,0.35822745016762314,-0.3114008519904956,0.281869691703283,0.12229981554897536,0.1961742055032135,0.21838499269020015,-0.14041049927799143,-0.19921196895302967,0.5884483818394929,0.17111731985257833,-0.32476213696529377,0.06377433792939596,0.03361655179415938,0.19797287772855995,-0.628874670208165,-0.22142929877947426,0.20202092784888193,-0.5347579351715286,0.0663838938120997,0.04072396776484376,-0.09463174312411816,-0.28299443080030356,0.017120641509768213,-0.6176184595958645,0.49443045663612467,-0.3444876256652748,0.3768593155784085,-0.25843365506522725,0.013349330820881508,0.052379875006042145,-0.15079400632489456,-6.245057211231831e-4,0.188174264364408
-0.1558540641918484,0.6939093881463901,-0.30738529860199043,-2.4755511628179883,0.6277314911258355,-1.5397071653253385,-1.4032619105591506,0.49115892864428895,-0.047983186996686154,-0.16446972076967922,-1.4255237522027404,1.35526634085176,-1.2889856098413859,-0.5058643352823081,-0.9877098915607552,-1.1163827074190567,0.5675296081161426,0.9867864524346566,-2.174123844510526,-0.7102831667041788,1.5873531495989353,-0.22765691785555559,-0.17149564302625936,-1.004250140531194,2.8399317718669583,1.0231770838332928,-0.7870112740749813,2.1082411813629145,-0.07922677505807164,-0.12315968414581632,0.2163098139292858,0.9294789987794528,0.026199918316279724,2.535990915574427,-2.0871062793236788,1.3516083799247864,-1.773205689277933,1.026391682131448,0.07432885876471361,-0.2733254627314068,0.6691919040179606,0.006030645561439631,-0.9293746738262134
0.07243525855156258,-0.30738529860199043,0.14860992038578477,1.202122431336583,-0.3692575669556583,0.6938105987001072,0.7606869368657728,-0.2491942770917234,-0.018818410856524113,0.0767620427526276,0.7709362601803927,-0.6260136004639496,0.5429695512342245,0.25590797060831044,0.3434350939550198,0.3759061212154835,-0.298831970094649,-0.3549211970491301,1.330111124705998,0.3570974730194484,-0.5867082604587782,0.14718719018206344,0.05800197878442253,0.34374226369888744,-1.225077893406917,-0.42251676400545124,0.441196489905339,-1.1583624071369547,0.2131900120575139,0.10243497137928556,-0.26460448033256395,-0.6838281431093699,0.07272230320193333,-1.2994020343080837,1.0185781058204173,-0.7486828235481314,0.7070021064045304,-0.5569386481361672,0.07720207825869543,0.08805383763119498,-0.2982280689974353,2.9781196199498463e-6,0.3362966783788641
0.5848081211108594,-2.4755511628179883,1.202122431336583,9.72616954353291,-3.012532690193177,5.592660881408223,6.185266230012007,-2.0203196496970977,-0.16855598365622787,0.6198679841037167,6.267971954273864,-5.05254458199674,4.360970786448252,2.074474505444017,2.725966906529993,2.977074439337504,-2.4267949329355867,-2.823517765514664,10.867877784610108,2.893931957097431,-4.6757158666713545,1.2050425710151673,0.45949994842677366,2.725459075114135,-9.852297365943517,-3.3897447019316456,3.592488097304005,-9.424203516252389,1.7925079214714315,0.8452809881801303,-2.202624231632352,-5.622701120900978,0.6214497170104376,-10.539532105919825,8.243108370961583,-6.093202805049142,5.660609328151597,-4.528743508479965,0.6684738747376207,0.6951360667550381,-2.4025705175760192,0.0011596917741714876,2.6764118093513583
-0.1658680076050261,0.6277314911258355,-0.3692575669556583,-3.012532690193177,1.2359890481738294,-1.4790027209607144,-2.2884247493762184,0.6760146065463781,0.2502115964466385,-0.17740168208899254,-2.3114063266550504,1.4140425224110014,-0.9607478973830491,-0.6907792669464747,-0.20406836011050242,-0.14075264359605666,0.8609177024940393,0.29038805091147873,-4.655949624235465,-0.9536352289047244,0.5827284382769418,-0.5454803528613386,-0.023501250375813566,-0.16759921526114385,2.327703144852853,0.7004640113721367,-1.3902011654438067,3.5517908216467924,-1.376553822999758,-0.4622139778855225,1.4323509125566125,2.834427648511891,-0.5941668795997755,3.583802386808274,-2.5770775580687206,2.321394523504334,-1.0290315679220912,1.6778401206533922,-0.739660914905899,-0.00530337672797293,0.618498322287515,-0.014139287526162583,-0.28832996643295167
0.34903579401328705,-1.5397071653253385,0.6938105987001072,5.592660881408223,-1.4790027209607144,3.427562662925252,3.245064874173195,-1.1196949398763563,0.06861727684731132,0.3686316334917351,3.2948246577353353,-3.031435188162329,2.833660966905941,1.1525142440469593,2.1027432044295944,2.365091916979629,-1.3040941216444912,-2.111930325481196,5.170842094187568,1.6161530923781007,-3.412185480319942,0.548916805541564,0.3635573161495973,2.1328090970487827,-6.270389992193492,-2.2413028279345073,1.833736248973393,-4.889992096556178,0.34403175093101374,0.31850340678316424,-0.6394042804326844,-2.3194273969912222,0.021518943117034638,-5.793370843117137,4.7199015907742226,-3.1407234091756506,3.8604218604361633,-2.3740602240257775,-0.060903262272857486,0.5752828473926683,-1.486563805941518,-0.010853785997836258,1.9909702372917304
0.3531224646535729,-1.4032619105591506,0.7606869368657728,6.185266230012007,-2.2884247493762184,3.245064874173195,4.391878841708196,-1.3466208507670725,-0.3507777046899216,0.3762470300099538,4.441231770622179,-3.0274710970069223,2.293541668556375,1.378588985500118,0.9459007234596084,0.9320187725365745,-1.6777046802614097,-1.0769579707700279,8.498035410123174,1.9108404510382946,-1.9087303458879565,0.9782217475536304,0.14603791724199738,0.9009051510186872,-5.374929420068065,-1.7257704552425586,2.6259706309914383,-6.771693767957621,2.1503665846722213,0.7840836684481768,-2.3235460275592352,-4.920175699844723,0.889358009051434,-7.095375691523247,5.271528997491888,-4.408970776420576,2.7088237019435284,-3.218479705652694,1.080332987631411,0.18371405017383133,-1.3733033349531931,0.017690341387232373,1.0369286500492647
-0.1189421637027275,0.49115892864428895,-0.2491942770917234,-2.0203196496970977,0.6760146065463781,-1.1196949398763563,-1.3466208507670725,0.4279995231704405,0.06786053975447132,-0.1263378303565517,-1.3633644360888268,1.0244809808448458,-0.8411619147328164,-0.438914942788431,-0.4600226591223543,-0.4887742609152429,0.5222178798498847,0.4895933841940713,-2.4714466272886515,-0.6106302170209389,0.8276537716738539,-0.2788857766660025,-0.07573641227527511,-0.4538947257202469,1.9264316733703715,0.6461440590319882,-0.7922649101540973,2.0625727717467184,-0.5085944715795656,-0.20882743143788832,0.5819693233726498,1.3492527150576652,-0.1957250947280547,2.242248349188439,-1.7162241958058975,1.3376981676593673,-1.0556725364563702,0.9863541741248731,-0.22721311490094334,-0.10955683571314326,0.4782144352773738,-0.0025264691307891386,-0.46625376027222326
-1.5510022857068552e-4,-0.047983186996686154,-0.018818410856524113,-0.16855598365622787,0.2502115964466385,0.06861727684731132,-0.3507777046899216,0.06786053975447132,0.13235403092348905,-0.0012032076284515052,-0.3504880300202297,-0.0110846398997115,0.17935988675294326,-0.06748590590858307,0.37128854583928544,0.4591668186498707,0.11347572049047586,-0.33292287350658856,-1.0314631126558234,-0.08759826280700071,-0.48473813151971606,-0.13347252006189023,0.06970964270490362,0.39503445349125277,-0.3024618702082659,-0.16969177176228417,-0.24364566672277074,0.5769687163788159,-0.5679740723424974,-0.14564877914524604,0.5285183987291313,0.8118464515183048,-0.2733449641632951,0.39140281458794707,-0.1584774706325049,0.3893741080814539,0.3753392495491956,0.2583335716490319,-0.35974684695699255,0.12523131876893073,-0.04050620913660707,-0.00902813120963004,0.30703296889953524
0.03800661434389272,-0.16446972076967922,0.0767620427526276,0.6198679841037167,-0.17740168208899254,0.3686316334917351,0.3762470300099538,-0.1263378303565517,-0.0012032076284515052,0.0402084701738325,0.38164489946376484,-0.329278712323345,0.2967220466483584,0.1298860399134962,0.204576751991856,0.22737784957360516,-0.14940094301431742,-0.2080909193059755,0.6304933219813298,0.18167627389014818,-0.3396899465827189,0.06850184892726811,0.035009204799731006,0.20629365714056508,-0.6627810114601359,-0.232870871375937,0.21558811996676272,-0.5701373756190711,0.07467029672431377,0.04421674704465312,-0.10423928168888123,-0.30569425113893517,0.02025444483799445,-0.6563203155781739,0.5241980458622729,-0.3674174477501833,0.39565396874483666,-0.2753707940280129,0.016943681229323552,0.05441957223103433,-0.15917457539103969,-5.899340194093581e-4,0.1966196148438836
0.35822745016762314,-1.4255237522027404,0.7709362601803927,6.267971954273864,-2.3114063266550504,3.2948246577353353,4.441231770622179,-1.3633644360888268,-0.3504880300202297,0.38164489946376484,4.491311526842975,-3.071748872198508,2.3340185309703503,1.3958103685033758,0.9746528261288431,0.9641329481651636,-1.6973895608575955,-1.1060513225774007,8.579226222474878,1.9349500746486559,-1.9560201580671595,0.986970486865074,0.1509798376024021,0.9299697514351998,-5.465009125405073,-1.7576358178437739,2.6541045271088817,-6.846325659313155,2.1584595035346354,0.7895275686154607,-2.335747419706979,-4.958478218878597,0.8911471398704766,-7.18221854618217,5.341416180358343,-4.457006150329015,2.763261723161638,-3.2545957052721537,1.0813824274007147,0.19145363591850556,-1.394826485749799,0.017580028604763286,1.064392405950982
-0.3114008519904956,1.35526634085176,-0.6260136004639496,-5.05254458199674,1.4140425224110014,-3.031435188162329,-3.0274710970069223,1.0244809808448458,-0.0110846398997115,-0.329278712323345,-3.071748872198508,2.699875626414391,-2.4597314993960095,-1.0536138995246542,-1.7350627984223725,-1.9357990581388123,1.2062381291979172,1.7577868343899954,-5.003062297382705,-1.4747986506881454,2.860131799133822,-0.5401868334285329,-0.2978990646801297,-1.7528909536816073,5.4787154420528434,1.9350031616062893,-1.727981048862163,4.580423752245237,-0.5219679586668589,-0.3392657235672334,0.7705039306043054,2.3764017184652153,-0.1227113398121575,5.315971643279885,-4.270218449955373,2.9490145873341116,-3.3013975649244847,2.215518559944883,-0.08190990892083742,-0.4657353183925737,1.310689954446829,0.0062632490254718245,-1.6596934841781306
0.281869691703283,-1.2889856098413859,0.5429695512342245,4.360970786448252,-0.9607478973830491,2.833660966905941,2.293541668556375,-0.8411619147328164,0.17935988675294326,0.2967220466483584,2.3340185309703503,-2.4597314993960095,2.457482321847545,0.8680300057345821,2.046608330410715,2.34085841711184,-0.9474443670906625,-2.0181109722856445,3.212239729690108,1.2238115020303055,-3.2108345469270994,0.318551332917717,0.3590157921622952,2.0931342281022403,-5.349563983718571,-1.9698142061657187,1.2535141330305288,-3.410843740137298,-0.2538027695109041,0.12098022089619542,-0.021795609677595435,-1.1139598819546683,-0.2385358041708605,-4.314497747246237,3.665231356652851,-2.173099264288762,3.470578446291337,-1.6763360289302403,-0.386026769577675,0.582070065816477,-1.2390447107950662,-0.01722261808658714,1.89613723238353
0.12229981554897536,-0.5058643352823081,0.25590797060831044,2.074474505444017,-0.6907792669464747,1.1525142440469593,1.378588985500118,-0.438914942788431,-0.06748590590858307,0.1298860399134962,1.3958103685033758,-1.0536138995246542,0.8680300057345821,0.45014527297700807,0.47944664836438267,0.5105323971447155,-0.5350057292909157,-0.5091884670451613,2.5234046605818206,0.6263636620570964,-0.8594282197993223,0.28445298557271753,0.07908271483795892,0.47355645899542725,-1.9860889379711484,-0.6673355597276118,0.8104274630298937,-2.1108496251949442,0.5131286258131812,0.21220488493871523,-0.589259009360574,-1.3733116687508589,0.19652137031655062,-2.2988142309433837,1.7619627760066598,-1.3687458381959907,1.091993397134777,-1.009745273447047,0.22740298190822159,0.11481971555019904,-0.4924253249202957,0.002441614877661336,0.4847412713931082
0.1961742055032135,-0.9877098915607552,0.3434350939550198,2.725966906529993,-0.20406836011050242,2.1027432044295944,0.9459007234596084,-0.4600226591223543,0.37128854583928544,0.204576751991856,0.9746528261288431,-1.7350627984223725,2.046608330410715,0.47944664836438267,2.117355673420049,2.4859646880968818,-0.4492225478338791,-2.0261049487932903,0.31966696215658646,0.6900019463212387,-3.139919567279039,-0.026324321698863618,0.3799457069020644,2.1939698018641716,-4.291454985895708,-1.6887132181525601,0.4203437307874636,-1.3037834803548316,-1.233746923716499,-0.18668895379635975,0.9682369285023417,0.73419084650505,-0.6748795688499212,-2.278918061933314,2.2597893857439013,-0.7901352504849155,3.117402768303949,-0.6877213640498387,-0.9384513931015527,0.638725981244342,-0.9389865197805999,-0.02880334332846099,1.892914953863038
0.21838499269020015,-1.1163827074190567,0.3759061212154835,2.977074439337504,-0.14075264359605666,2.365091916979629,0.9320187725365745,-0.4887742609152429,0.4591668186498707,0.22737784957360516,0.9641329481651636,-1.9357990581388123,2.34085841711184,0.5105323971447155,2.4859646880968818,2.926778503639492,-0.46098656353869283,-2.371099021817314,-5.320230612457015e-4,0.7380341478538519,-3.6637875882651016,-0.07544114557750925,0.4471552908370748,2.579478762473424,-4.883005965418836,-1.9390056359703742,0.38384240735385755,-1.2523429793847882,-1.5700504735232361,-0.25821225853554347,1.2607747089897259,1.0980888413911158,-0.8459383076006975,-2.402275605382557,2.4614742535541434,-0.7452364136891514,3.6009029491527205,-0.6764872245230805,-1.1692823732558357,0.7544913063138339,-1.0595487244216277,-0.03519185144559755,2.2138462967927444
-0.14041049927799143,0.5675296081161426,-0.298831970094649,-2.4267949329355867,0.8609177024940393,-1.3040941216444912,-1.6777046802614097,0.5222178798498847,0.11347572049047586,-0.14940094301431742,-1.6973895608575955,1.2062381291979172,-0.9474443670906625,-0.5350057292909157,-0.4492225478338791,-0.46098656353869283,0.6449223986559606,0.49379941937766203,-3.176885283279066,-0.7427326947078934,0.8544653930874287,-0.36279681960864096,-0.07179158717858833,-0.43599744246424743,2.1971574158978457,0.7197339674788313,-0.996455047925938,2.579693714611826,-0.7435118953848591,-0.28319133545923486,0.8201470910122781,1.7971272469374404,-0.29994380424397116,2.744924367633153,-2.065373740972342,1.6769107403474683,-1.1511527224173412,1.2292133116501618,-0.3589025742308936,-0.09769597992869533,0.554144961748171,-0.005260045975249578,-0.47278715476918487
-0.19921196895302967,0.9867864524346566,-0.3549211970491301,-2.823517765514664,0.29038805091147873,-2.111930325481196,-1.0769579707700279,0.4895933841940713,-0.33292287350658856,-0.2080909193059755,-1.1060513225774007,1.7577868343899954,-2.0181109722856445,-0.5091884670451613,-2.0261049487932903,-2.371099021817314,0.49379941937766203,1.9462246079801524,-0.6675690469215345,-0.7296377272816232,3.026503974540058,-0.017664205420249046,-0.36254553815643403,-2.095987944607147,4.256187370550873,1.657983445739912,-0.5077719014297797,1.5155131252091785,1.0636338216931387,0.1410918946951346,-0.8072043297730761,-0.47536871934225955,0.594245359944099,2.443776852253158,-2.346892347811743,0.931657551216401,-3.0400272277042792,0.7841042335516556,0.8330942742480356,-0.6067998449107167,0.939808260524625,0.02623924147218543,-1.8196175203284672
0.5884483818394929,-2.174123844510526,1.330111124705998,10.867877784610108,-4.655949624235465,5.170842094187568,8.498035410123174,-2.4714466272886515,-1.0314631126558234,0.6304933219813298,8.579226222474878,-5.003062297382705,3.212239729690108,2.5234046605818206,0.31966696215658646,-5.320230612457015e-4,-3.176885283279066,-0.6675690469215345,17.63566459260075,3.4775583984673917,-1.5391779637687382,2.079896892554277,0.00748056284158505,0.16447700797539547,-7.926380822461113,-2.299623529657017,5.195742965331848,-13.224938678691295,5.500330382694844,1.79783299495734,-5.655278480630847,-10.93632455692412,2.4048031674073598,-13.136513924535114,9.312495926628255,-8.656973484300492,3.2411211288667756,-6.23188543219922,3.014857334390295,-0.1174896208744561,-2.14951953731519,0.05997377846841779,0.688447351974179
0.17111731985257833,-0.7102831667041788,0.3570974730194484,2.893931957097431,-0.9536352289047244,1.6161530923781007,1.9108404510382946,-0.6106302170209389,-0.08759826280700071,0.18167627389014818,1.9349500746486559,-1.4747986506881454,1.2238115020303055,0.6263636620570964,0.6900019463212387,0.7380341478538519,-0.7427326947078934,-0.7296377272816232,3.4775583984673917,0.8718962522634875,-1.2275350052625962,0.39112198601848774,0.11424835101011996,0.6829831992350064,-2.794557641017886,-0.9424986957485255,1.121388459799531,-2.923755722349816,0.6886773315719258,0.28940490069239766,-0.797232119583977,-1.8796655754497498,0.2608717194613756,-3.1963340086573817,2.4571805063676115,-1.89507553920129,1.5472920536350736,-1.3995176924667696,0.2996244081077484,0.1671152259629753,-0.6910981596190089,0.002951249637051964,0.6940954607085381
-0.32476213696529377,1.5873531495989353,-0.5867082604587782,-4.6757158666713545,0.5827284382769418,-3.412185480319942,-1.9087303458879565,0.8276537716738539,-0.48473813151971606,-0.3396899465827189,-1.9560201580671595,2.860131799133822,-3.2108345469270994,-0.8594282197993223,-3.139919567279039,-3.6637875882651016,0.8544653930874287,3.026503974540058,-1.5391779637687382,-1.2275350052625962,4.720838606082394,-0.08716424268740078,-0.5604153874600646,-3.2434320015130287,6.804783467925764,2.6280981918512283,-0.9341681675716021,2.7224471412295945,1.4851785454453057,0.16626183089578528,-1.0844899246505044,-0.41972615054089535,0.8489988088218001,4.154249251020016,-3.8944636262706744,1.6887874027520506,-4.790718251986618,1.3909797840118434,1.2005043814592182,-0.9342359487590215,1.514060658920184,0.03881734752252688,-2.8314731826021693
0.06377433792939596,-0.22765691785555559,0.14718719018206344,1.2050425710151673,-0.5454803528613386,0.548916805541564,0.9782217475536304,-0.2788857766660025,-0.13347252006189023,0.06850184892726811,0.986970486865074,-0.5401868334285329,0.318551332917717,0.28445298557271753,-0.026324321698863618,-0.07544114557750925,-0.36279681960864096,-0.017664205420249046,2.079896892554277,0.39112198601848774,-0.08716424268740078,0.24723849479526813,-0.01063359031143117,-0.047034584273749645,-0.8090488513506878,-0.22127043818153797,0.6028804374490875,-1.5274454480162323,0.6891222597542527,0.21867971448609505,-0.6994319636580608,-1.3180696156907694,0.3054001981639012,-1.487400310942387,1.0348862911403311,-1.001777077779449,0.2895063925620088,-0.7175423769525979,0.38567508215694296,-0.03328702768940721,-0.2262175131886179,0.007979222179615025,0.024176411422627466
0.03361655179415938,-0.17149564302625936,0.05800197878442253,0.45949994842677366,-0.023501250375813566,0.3635573161495973,0.14603791724199738,-0.07573641227527511,0.06970964270490362,0.035009204799731006,0.1509798376024021,-0.2978990646801297,0.3590157921622952,0.07908271483795892,0.3799457069020644,0.4471552908370748,-0.07179158717858833,-0.36254553815643403,0.00748056284158505,0.11424835101011996,-0.5604153874600646,-0.01063359031143117,0.06832069395935653,0.3941672536833913,-0.7494311467963677,-0.29722906315829806,0.060871634091284356,-0.19700489733762455,-0.23751786165226949,-0.0386790767494894,0.19019861903635654,0.16307742293860142,-0.12821205964795357,-0.3726539803556333,0.3800597694142546,-0.11756965056204259,0.5515401490162336,-0.10602673036269514,-0.17735154560409266,0.1152227329583216,-0.16280002085373782,-0.005351217030211683,0.3385291518948713
0.19797287772855995,-1.004250140531194,0.34374226369888744,2.725459075114135,-0.16759921526114385,2.1328090970487827,0.9009051510186872,-0.4538947257202469,0.39503445349125277,0.20629365714056508,0.9299697514351998,-1.7528909536816073,2.0931342281022403,0.47355645899542725,2.1939698018641716,2.579478762473424,-0.43599744246424743,-2.095987944607147,0.16447700797539547,0.6829831992350064,-3.2434320015130287,-0.047034584273749645,0.3941672536833913,2.2749383227862263,-4.37772600733351,-1.7304299822516953,0.38689102221819105,-1.2274319704038696,-1.3323092330039088,-0.21075763550560364,1.05827960356492,0.8655008433287733,-0.7230664699739129,-2.2400837062154952,2.2564945295410825,-0.7377740129054362,3.203934179288326,-0.6545021029183662,-1.002337141540495,0.6638671103608004,-0.9539250253297643,-0.030455773848462465,1.9575899048619696
-0.628874670208165,2.8399317718669583,-1.225077893406917,-9.852297365943517,2.327703144852853,-6.270389992193492,-5.374929420068065,1.9264316733703715,-0.3024618702082659,-0.6627810114601359,-5.465009125405073,5.4787154420528434,-5.349563983718571,-1.9860889379711484,-4.291454985895708,-4.883005965418836,2.1971574158978457,4.256187370550873,-7.926380822461113,-2.794557641017886,6.804783467925764,-0.8090488513506878,-0.7494311467963677,-4.37772600733351,11.710090664094608,4.268861226337562,-2.9759275745570206,8.034137207608657,0.14718452750888703,-0.3773097345113029,0.4384882148077568,3.0837722171079287,0.3304597449553598,9.913016921958878,-8.29288811522351,5.134732814300992,-7.464899495185298,3.9299464383043525,0.5957305241862898,-1.2060403461243234,2.7340385636488596,0.03175941002640308,-4.003200029732449
-0.22142929877947426,1.0231770838332928,-0.42251676400545124,-3.3897447019316456,0.7004640113721367,-2.2413028279345073,-1.7257704552425586,0.6461440590319882,-0.16969177176228417,-0.232870871375937,-1.7576358178437739,1.9350031616062893,-1.9698142061657187,-0.6673355597276118,-1.6887132181525601,-1.9390056359703742,0.7197339674788313,1.657983445739912,-2.299623529657017,-0.9424986957485255,2.6280981918512283,-0.22127043818153797,-0.29722906315829806,-1.7304299822516953,4.268861226337562,1.584555240844863,-0.9319156115115794,2.5544593660489645,0.3228723807002436,-0.06339343120555507,-0.09776012532504766,0.6987582494400475,0.246833262758137,3.304790637742858,-2.8452979352997008,1.6227499618958054,-2.8083969963081628,1.2609310634075555,0.3814971715969887,-0.48455006159577024,0.9823135607951101,0.01549415113117002,-1.5565218140897326
0.20202092784888193,-0.7870112740749813,0.441196489905339,3.592488097304005,-1.3902011654438067,1.833736248973393,2.6259706309914383,-0.7922649101540973,-0.24364566672277074,0.21558811996676272,2.6541045271088817,-1.727981048862163,1.2535141330305288,0.8104274630298937,0.4203437307874636,0.38384240735385755,-0.996455047925938,-0.5077719014297797,5.195742965331848,1.121388459799531,-0.9341681675716021,0.6028804374490875,0.060871634091284356,0.38689102221819105,-2.9759275745570206,-0.9319156115115794,1.5811286980629367,-4.060636292893314,1.414511308130644,0.49579890363409856,-1.5007397486166008,-3.0779843390889843,0.597513399832531,-4.185458027933736,3.066594357106904,-2.648290712443737,1.4273435992591696,-1.9247921984556822,0.7348239211195805,0.06437610202525579,-0.7723054988037262,0.013052190761130214,0.4932911800575689
-0.5347579351715286,2.1082411813629145,-1.1583624071369547,-9.424203516252389,3.5517908216467924,-4.889992096556178,-6.771693767957621,2.0625727717467184,0.5769687163788159,-0.5701373756190711,-6.846325659313155,4.580423752245237,-3.410843740137298,-2.1108496251949442,-1.3037834803548316,-1.2523429793847882,2.579693714611826,1.5155131252091785,-13.224938678691295,-2.923755722349816,2.7224471412295945,-1.5274454480162323,-0.19700489733762455,-1.2274319704038696,8.034137207608657,2.5544593660489645,-4.060636292893314,10.453555143506431,-3.4527281788941093,-1.2376914597308144,3.7013045615897378,7.731250104641976,-1.4413016779391359,10.879447118354447,-8.037115795710102,6.810935219061039,-3.971836658501175,4.962910393163564,-1.7603872550125053,-0.2348370341102084,2.0654627561833427,-0.02991173526773114,-1.4638614103778413
0.0663838938120997,-0.07922677505807164,0.2131900120575139,1.7925079214714315,-1.376553822999758,0.34403175093101374,2.1503665846722213,-0.5085944715795656,-0.5679740723424974,0.07467029672431377,2.1584595035346354,-0.5219679586668589,-0.2538027695109041,0.5131286258131812,-1.233746923716499,-1.5700504735232361,-0.7435118953848591,1.0636338216931387,5.500330382694844,0.6886773315719258,1.4851785454453057,0.6891222597542527,-0.23751786165226949,-1.3323092330039088,0.14718452750888703,0.3228723807002436,1.414511308130644,-3.4527281788941093,2.5575553065423775,0.6991931012684395,-2.439982521199108,-3.999717393847548,1.2037375538628166,-2.8083449891658177,1.5839890757490394,-2.3001209862116325,-0.9206714964340285,-1.5806817780507547,1.5674340280358172,-0.441345439267746,-0.10204550483354739,0.03758157261273363,-0.9727737228053618
0.04072396776484376,-0.12315968414581632,0.10243497137928556,0.8452809881801303,-0.4622139778855225,0.31850340678316424,0.7840836684481768,-0.20882743143788832,-0.14564877914524604,0.04421674704465312,0.7895275686154607,-0.3392657235672334,0.12098022089619542,0.21220488493871523,-0.18668895379635975,-0.25821225853554347,-0.28319133545923486,0.1410918946951346,1.79783299495734,0.28940490069239766,0.16626183089578528,0.21867971448609505,-0.0386790767494894,-0.21075763550560364,-0.3773097345113029,-0.06339343120555507,0.49579890363409856,-1.2376914597308144,0.6991931012684395,0.20604750780697564,-0.6877085840952465,-1.211710387609878,0.3197629482426263,-1.127247065808487,0.732203518913831,-0.8167610727630694,0.012781367503614322,-0.575610721157586,0.4104728565062262,-0.07852737985670971,-0.12566479292738136,0.009217896887502054,-0.125092977812757
-0.09463174312411816,0.2163098139292858,-0.26460448033256395,-2.202624231632352,1.4323509125566125,-0.6394042804326844,-2.3235460275592352,0.5819693233726498,0.5285183987291313,-0.10423928168888123,-2.335747419706979,0.7705039306043054,-0.021795609677595435,-0.589259009360574,0.9682369285023417,1.2607747089897259,0.8201470910122781,-0.8072043297730761,-5.655278480630847,-0.797232119583977,-1.0844899246505044,-0.6994319636580608,0.19019861903635654,1.05827960356492,0.4384882148077568,-0.09776012532504766,-1.5007397486166008,3.7013045615897378,-2.439982521199108,-0.6877085840952465,2.356456256219088,3.979801860620338,-1.1354812931392178,3.177659458444779,-1.9259509205188676,2.4549602280174945,0.5116644291099862,1.7069422780501096,-1.4703704878369643,0.362646477278648,0.2329028580809023,-0.034389328727972956,0.7327783076378734
-0.28299443080030356,0.9294789987794528,-0.6838281431093699,-5.622701120900978,2.834427648511891,-2.3194273969912222,-4.920175699844723,1.3492527150576652,0.8118464515183048,-0.30569425113893517,-4.958478218878597,2.3764017184652153,-1.1139598819546683,-1.3733116687508589,0.73419084650505,1.0980888413911158,1.7971272469374404,-0.47536871934225955,-10.93632455692412,-1.8796655754497498,-0.41972615054089535,-1.3180696156907694,0.16307742293860142,0.8655008433287733,3.0837722171079287,0.6987582494400475,-3.0779843390889843,7.731250104641976,-3.999717393847548,-1.211710387609878,3.979801860620338,7.193634274491471,-1.8085420177445166,7.245106543776517,-4.851575246235679,5.0887927521794944,-0.6592598232984365,3.610747499354321,-2.3081231653366068,0.3558468672826567,0.9355380647640401,-0.0503900788902078,0.40344038719761877
0.017120641509768213,0.026199918316279724,0.07272230320193333,0.6214497170104376,-0.5941668795997755,0.021518943117034638,0.889358009051434,-0.1957250947280547,-0.2733449641632951,0.02025444483799445,0.8911471398704766,-0.1227113398121575,-0.2385358041708605,0.19652137031655062,-0.6748795688499212,-0.8459383076006975,-0.29994380424397116,0.594245359944099,2.4048031674073598,0.2608717194613756,0.8489988088218001,0.3054001981639012,-0.12821205964795357,-0.7230664699739129,0.3304597449553598,0.246833262758137,0.597513399832531,-1.4413016779391359,1.2037375538628166,0.3197629482426263,-1.1354812931392178,-1.8085420177445166,0.5723824492246061,-1.0969038408685565,0.5583841764852142,-0.9650112313162184,-0.5987623185654726,-0.6542159234742111,0.7490136769148161,-0.23407491148964021,0.013129017564423296,0.018348311600977614,-0.5459510808262653
-0.6176184595958645,2.535990915574427,-1.2994020343080837,-10.539532105919825,3.583802386808274,-5.793370843117137,-7.095375691523247,2.242248349188439,0.39140281458794707,-0.6563203155781739,-7.18221854618217,5.315971643279885,-4.314497747246237,-2.2988142309433837,-2.278918061933314,-2.402275605382557,2.744924367633153,2.443776852253158,-13.136513924535114,-3.1963340086573817,4.154249251020016,-1.487400310942387,-0.3726539803556333,-2.2400837062154952,9.913016921958878,3.304790637742858,-4.185458027933736,10.879447118354447,-2.8083449891658177,-1.127247065808487,3.177659458444779,7.245106543776517,-1.0969038408685565,11.757589922399058,-8.957645069304935,7.060435131465687,-5.370416000193087,5.197528980558573,-1.2858963654955855,-0.5318629365753499,2.471007098318605,-0.015785116241959194,-2.330236292885888
0.49443045663612467,-2.0871062793236788,1.0185781058204173,8.243108370961583,-2.5770775580687206,4.7199015907742226,5.271528997491888,-1.7162241958058975,-0.1584774706325049,0.5241980458622729,5.341416180358343,-4.270218449955373,3.665231356652851,1.7619627760066598,2.2597893857439013,2.4614742535541434,-2.065373740972342,-2.346892347811743,9.312495926628255,2.4571805063676115,-3.8944636262706744,1.0348862911403311,0.3800597694142546,2.2564945295410825,-8.29288811522351,-2.8452979352997008,3.066594357106904,-8.037115795710102,1.5839890757490394,0.732203518913831,-1.9259509205188676,-4.851575246235679,0.5583841764852142,-8.957645069304935,6.988072870852005,-5.198355169336883,4.740325761182054,-3.8599027510542263,0.6085685523093692,0.5725715285980087,-2.026307506098046,0.002069946221613125,2.2256499855539618
-0.3444876256652748,1.3516083799247864,-0.7486828235481314,-6.093202805049142,2.321394523504334,-3.1407234091756506,-4.408970776420576,1.3376981676593673,0.3893741080814539,-0.3674174477501833,-4.457006150329015,2.9490145873341116,-2.173099264288762,-1.3687458381959907,-0.7901352504849155,-0.7452364136891514,1.6769107403474683,0.931657551216401,-8.656973484300492,-1.89507553920129,1.6887874027520506,-1.001777077779449,-0.11756965056204259,-0.7377740129054362,5.134732814300992,1.6227499618958054,-2.648290712443737,6.810935219061039,-2.3001209862116325,-0.8167610727630694,2.4549602280174945,5.0887927521794944,-0.9650112313162184,7.060435131465687,-5.198355169336883,4.4394148062116106,-2.5082301773456104,3.231460322558073,-1.1821176693069204,-0.13450682620965956,1.3250541962142899,-0.02047642579277123,-0.9018516490888082
0.3768593155784085,-1.773205689277933,0.7070021064045304,5.660609328151597,-1.0290315679220912,3.8604218604361633,2.7088237019435284,-1.0556725364563702,0.3753392495491956,0.39565396874483666,2.763261723161638,-3.3013975649244847,3.470578446291337,1.091993397134777,3.117402768303949,3.6009029491527205,-1.1511527224173412,-3.0400272277042792,3.2411211288667756,1.5472920536350736,-4.790718251986618,0.2895063925620088,0.5515401490162336,3.203934179288326,-7.464899495185298,-2.8083969963081628,1.4273435992591696,-3.971836658501175,-0.9206714964340285,0.012781367503614322,0.5116644291099862,-0.6592598232984365,-0.5987623185654726,-5.370416000193087,4.740325761182054,-2.5082301773456104,5.026202917450991,-1.9778667066144342,-0.884453908480593,0.9067044373483782,-1.6987522828630301,-0.032275063388296936,2.85038677530376
-0.25843365506522725,1.026391682131448,-0.5569386481361672,-4.528743508479965,1.6778401206533922,-2.3740602240257775,-3.218479705652694,0.9863541741248731,0.2583335716490319,-0.2753707940280129,-3.2545957052721537,2.215518559944883,-1.6763360289302403,-1.009745273447047,-0.6877213640498387,-0.6764872245230805,1.2292133116501618,0.7841042335516556,-6.23188543219922,-1.3995176924667696,1.3909797840118434,-0.7175423769525979,-0.10602673036269514,-0.6545021029183662,3.9299464383043525,1.2609310634075555,-1.9247921984556822,4.962910393163564,-1.5806817780507547,-0.575610721157586,1.7069422780501096,3.610747499354321,-0.6542159234742111,5.197528980558573,-3.8599027510542263,3.231460322558073,-1.9778667066144342,2.35859940086072,-0.7950362610775725,-0.132922148354321,1.0045560941413394,-0.013056705270720071,-0.7551249943745573
0.013349330820881508,0.07432885876471361,0.07720207825869543,0.6684738747376207,-0.739660914905899,-0.060903262272857486,1.080332987631411,-0.22721311490094334,-0.35974684695699255,0.016943681229323552,1.0813824274007147,-0.08190990892083742,-0.386026769577675,0.22740298190822159,-0.9384513931015527,-1.1692823732558357,-0.3589025742308936,0.8330942742480356,3.014857334390295,0.2996244081077484,1.2005043814592182,0.38567508215694296,-0.17735154560409266,-1.002337141540495,0.5957305241862898,0.3814971715969887,0.7348239211195805,-1.7603872550125053,1.5674340280358172,0.4104728565062262,-1.4703704878369643,-2.3081231653366068,0.7490136769148161,-1.2858963654955855,0.6085685523093692,-1.1821176693069204,-0.884453908480593,-0.7950362610775725,0.9824663435366973,-0.32148907381519803,0.05582966504178963,0.024310545884822562,-0.7667058353912469
0.052379875006042145,-0.2733254627314068,0.08805383763119498,0.6951360667550381,-0.00530337672797293,0.5752828473926683,0.18371405017383133,-0.10955683571314326,0.12523131876893073,0.05441957223103433,0.19145363591850556,-0.4657353183925737,0.582070065816477,0.11481971555019904,0.638725981244342,0.7544913063138339,-0.09769597992869533,-0.6067998449107167,-0.1174896208744561,0.1671152259629753,-0.9342359487590215,-0.03328702768940721,0.1152227329583216,0.6638671103608004,-1.2060403461243234,-0.48455006159577024,0.06437610202525579,-0.2348370341102084,-0.441345439267746,-0.07852737985670971,0.362646477278648,0.3558468672826567,-0.23407491148964021,-0.5318629365753499,0.5725715285980087,-0.13450682620965956,0.9067044373483782,-0.132922148354321,-0.32148907381519803,0.19528283535868132,-0.25883463686258934,-0.009471635011024151,0.5661228267655759
-0.15079400632489456,0.6691919040179606,-0.2982280689974353,-2.4025705175760192,0.618498322287515,-1.486563805941518,-1.3733033349531931,0.4782144352773738,-0.04050620913660707,-0.15917457539103969,-1.394826485749799,1.310689954446829,-1.2390447107950662,-0.4924253249202957,-0.9389865197805999,-1.0595487244216277,0.554144961748171,0.939808260524625,-2.14951953731519,-0.6910981596190089,1.514060658920184,-0.2262175131886179,-0.16280002085373782,-0.9539250253297643,2.7340385636488596,0.9823135607951101,-0.7723054988037262,2.0654627561833427,-0.10204550483354739,-0.12566479292738136,0.2329028580809023,0.9355380647640401,0.013129017564423296,2.471007098318605,-2.026307506098046,1.3250541962142899,-1.6987522828630301,1.0045560941413394,0.05582966504178963,-0.25883463686258934,0.6456173930221468,0.0054302097666506675,-0.8854213807266308
-6.245057211231831e-4,0.006030645561439631,2.9781196199498463e-6,0.0011596917741714876,-0.014139287526162583,-0.010853785997836258,0.017690341387232373,-0.0025264691307891386,-0.00902813120963004,-5.899340194093581e-4,0.017580028604763286,0.0062632490254718245,-0.01722261808658714,0.002441614877661336,-0.02880334332846099,-0.03519185144559755,-0.005260045975249578,0.02623924147218543,0.05997377846841779,0.002951249637051964,0.03881734752252688,0.007979222179615025,-0.005351217030211683,-0.030455773848462465,0.03175941002640308,0.01549415113117002,0.013052190761130214,-0.02991173526773114,0.03758157261273363,0.009217896887502054,-0.034389328727972956,-0.0503900788902078,0.018348311600977614,-0.015785116241959194,0.002069946221613125,-0.02047642579277123,-0.032275063388296936,-0.013056705270720071,0.024310545884822562,-0.009471635011024151,0.0054302097666506675,6.271752009201847e-4,-0.024277467750937143
0.188174264364408,-0.9293746738262134,0.3362966783788641,2.6764118093513583,-0.28832996643295167,1.9909702372917304,1.0369286500492647,-0.46625376027222326,0.30703296889953524,0.1966196148438836,1.064392405950982,-1.6596934841781306,1.89613723238353,0.4847412713931082,1.892914953863038,2.2138462967927444,-0.47278715476918487,-1.8196175203284672,0.688447351974179,0.6940954607085381,-2.8314731826021693,0.024176411422627466,0.3385291518948713,1.9575899048619696,-4.003200029732449,-1.5565218140897326,0.4932911800575689,-1.4638614103778413,-0.9727737228053618,-0.125092977812757,0.7327783076378734,0.40344038719761877,-0.5459510808262653,-2.330236292885888,2.2256499855539618,-0.9018516490888082,2.85038677530376,-0.7551249943745573,-0.7667058353912469,0.5661228267655759,-0.8854213807266308,-0.024277467750937143,1.7014841331803934
