V1,V2,V3,V4,V5,V6,V7,V8,V9,V10,V11,V12,V13,V14,V15,V16,V17,V18,V19,V20,V21,V22,V23,V24,V25,V26,V27,V28,V29,V30,V31,V32,V33,V34,V35,V36,V37,V38,V39,V40,V41,V42,V43
10876.10660845036,1841.4087011244594,-9435.93689101449,9322.16263360554,-2348.740070361432,-7737.333108171009,7453.21734614348,-1291.3804962602705,-8639.676665253875,2432.6618189662836,-13587.549738646014,1516.069845159063,-5555.7265027253825,8616.717639829792,341.1393422298868,-7676.63902972932,3856.164797507302,1321.0185285431694,173.08127180417137,-2494.397682474684,-6449.546570445671,16287.950196586007,1502.4906626128736,-5710.640145608098,4027.521858794654,4104.100134562615,4720.148111013602,7545.293870510712,-11903.636848748181,-1587.2751111439854,-2725.1620632417275,-5507.883886029658,-10708.200067487049,-4459.5455096291535,-891.4252558508117,408.4013989577508,406.1856982662467,-26679.05263365848,3282.2479154588173,-4088.031675982843,-8640.505424100204,5709.441021718412,-5822.888958453874
1841.4087011244594,312.0889380430701,-1596.646750045475,1577.824722262428,-397.3015625936803,-1309.8233223402997,1261.8558973036081,-218.96628337298267,-1461.979208330913,411.6218808873659,-2299.5144966780836,256.4935897641362,-939.7977385355232,1458.0953985873805,57.540177912155094,-1299.0275233643151,651.9347952372451,223.38764451767466,29.031998119560065,-422.12847363693163,-1091.3913540293013,2756.906083474373,254.16606606490643,-966.0819779769117,681.4108776826952,694.4110144448742,798.3085017606423,1276.9209202700808,-2014.130374286761,-269.48099157881,-461.22477814203046,-932.542687689651,-1811.6587955547952,-754.4355622019365,-150.38631700356217,69.22990058534775,69.11191986745523,-4514.695621424051,555.0263611576848,-691.4971577031854,-1462.5630124424156,966.3627826099057,-985.4873781138043
-9435.93689101449,-1596.646750045475,8189.160646391231,-8089.177803122987,2038.7581642602454,6713.278091566229,-6466.388753954753,1119.436018290608,7497.912857190531,-2111.2504330195416,11791.125664444437,-1315.8612812856666,4822.459850785375,-7477.988653947877,-296.5972994737466,6662.110652330428,-3348.2707197257005,-1146.8821696620819,-150.95274007355053,2164.652658892692,5597.161194252262,-14133.396074555154,-1304.1657317715633,4956.6902087281815,-3495.6033598458116,-3561.934623726676,-4097.570822818967,-6547.780245018139,10331.005122566674,1374.9552137607802,2364.792532944707,4778.520620154188,9294.076427040078,3870.761936337887,774.9395071957663,-354.07699912333953,-351.41659024816056,23152.89003820976,-2849.5947377132356,3548.552305465084,7497.35284818199,-4954.261988281622,5052.926535778185
9322.16263360554,1577.824722262428,-8089.177803122987,7990.988522777178,-2013.7005143831786,-6632.106458247873,6388.3766393091655,-1106.3742897023094,-7406.460498384851,2085.465759673415,-11647.669728486044,1299.7445981716096,-4763.206044494914,7386.779051122718,292.7304563833833,-6580.867995624318,3306.642088767897,1132.6907019467615,148.76839589524857,-2138.2969135735134,-5528.917902843538,13961.95398624015,1288.1505540851583,-4895.89597756996,3452.8140562882077,3518.3945543990694,4047.0356837432473,6468.090438315263,-10204.777973336113,-1359.363776283493,-2336.055095815014,-4720.918762859738,-9180.253665646771,-3823.2908577020276,-764.8788230595734,349.9209278794891,347.6331523832718,-22870.693137962746,2814.327092635419,-3504.9160217184867,-7406.497525118367,4894.137622962939,-4991.502119325406
-2348.740070361432,-397.3015625936803,2038.7581642602454,-2013.7005143831786,507.6163521479914,1671.093865589989,-1609.5868981105205,278.5186418947315,1866.641164444556,-525.6152447446838,2935.351449459572,-327.6098455331354,1200.6994340616252,-1861.68046435846,-73.91098624519331,1658.5610466646938,-833.797845813127,-285.5789493952903,-37.678760191426825,538.887898103973,1393.432492435083,-3518.300737483302,-324.70962066309403,1234.0909079282267,-870.2907865998976,-886.7891454236038,-1020.2734909865235,-1630.05088545322,2572.018041289299,341.9575107139786,588.6945537484539,1189.4340414423043,2313.941097217143,963.7207419792151,193.10269427033447,-88.10260731928602,-87.33993341402146,5763.964714374274,-709.5705111407365,883.5327286377484,1866.3302491068662,-1233.2977208073462,1257.8894141941416
-7737.333108171009,-1309.8233223402997,6713.278091566229,-6632.106458247873,1671.093865589989,5504.481640499792,-5302.286728363313,918.5230826164498,6146.734551724835,-1730.7407621457464,9666.778631883513,-1078.6400553070473,3952.8173918047855,-6130.401759499718,-242.80410020726737,5461.570104109701,-2743.7950023034637,-939.9259636271547,-123.27625296192885,1774.6304638807203,4588.547248904139,-11587.761607892231,-1068.9964166812847,4062.9902874555555,-2865.4592307285925,-2919.9159672031233,-3358.3862079729815,-5368.062226929177,8468.977871243218,1128.8115722315383,1938.7881249866423,3918.343186024152,7618.573966303467,3172.8640034335026,634.4468367654939,-290.4941473195256,-288.78547986097203,18980.84598776046,-2335.368373162332,2908.586202475375,6147.092253606528,-4061.8884207944893,4142.639149351067
7453.21734614348,1261.8558973036081,-6466.388753954753,6388.3766393091655,-1609.5868981105205,-5302.286728363313,5107.574719402226,-884.9278489022225,-5920.708957084484,1667.0897689026528,-9311.424632390588,1038.957138377758,-3807.3340403731813,5904.974437229534,233.79971771359914,-5260.743942565958,2642.6622270362122,905.3018188430425,118.63826249534686,-1709.3887353452417,-4419.826747812427,11161.946114247463,1029.6538078430797,-3913.486702682591,2760.0438262602293,2812.5170491067524,3234.725694668025,5170.7238320420165,-8157.4939002903275,-1087.6589074730527,-1867.5256172663583,-3774.4633639845265,-7338.28793208387,-3056.1129964334286,-610.9329706457722,279.8617223044896,278.31815384119653,-18282.950996100295,2249.338816808933,-2801.5256370985526,-5921.231629411315,3912.617143713913,-3990.3684261275753
-1291.3804962602705,-218.96628337298267,1119.436018290608,-1106.3742897023094,278.5186418947315,918.5230826164498,-884.9278489022225,153.66511084195054,1025.0412483862567,-288.59382272554495,1612.3481995201244,-179.8211050908678,658.8200310376868,-1022.3165221424465,-40.283993593786086,910.7954707597315,-456.9085109347961,-156.57505481918147,-20.27322565631221,295.97989989154894,765.215989401872,-1933.1757637823737,-178.17823520784145,677.2744460257016,-477.72199171735355,-486.85291206758075,-559.592352612045,-895.332210909785,1412.1226122297865,189.21539385243125,323.40257149021784,653.991153457751,1270.1074825086866,528.8991053222127,105.29934004384377,-48.578210306174256,-48.573166667224,3165.447749695796,-389.0296801822399,484.7491279839754,1025.588304606713,-677.6175114168253,691.0041133174219
-8639.676665253875,-1461.979208330913,7497.912857190531,-7406.460498384851,1866.641164444556,6146.734551724835,-5920.708957084484,1025.0412483862567,6865.029249712651,-1933.039153274013,10795.916355684532,-1204.7819996932535,4415.33573732023,-6846.785047089759,-271.5220214980226,6099.77773045152,-3065.52489790537,-1050.0432554304418,-138.15566518592559,1981.9466446910137,5124.719877925465,-12940.57242621399,-1194.0660894501807,4538.252916023549,-3200.5209920083867,-3261.2639718113087,-3751.615862798858,-5995.122794620484,9458.950856503001,1259.083812173823,2165.2007179862676,4375.280738034919,8509.50927006295,3543.998009800321,709.4322585056555,-324.21607908496384,-321.83361281418274,21198.631494005618,-2608.9860294151613,3248.970063008635,6864.609146475072,-4536.129602806647,4626.450820012534
2432.6618189662836,411.6218808873659,-2111.2504330195416,2085.465759673415,-525.6152447446838,-1730.7407621457464,1667.0897689026528,-288.59382272554495,-1933.039153274013,544.3036656476543,-3039.867698721295,339.244120822615,-1243.2856257537924,1927.9005977163251,76.46907238645974,-1717.5600911653987,863.2303438768749,295.6810503678493,38.921488349772915,-558.0692524813811,-1443.005372416493,3643.7204416365794,336.2281607099127,-1277.8912646074746,901.2036857813154,918.3045760353058,1056.4049004581461,1688.0832822397422,-2663.442595827283,-354.45948619716535,-609.664796939512,-1231.9400384618991,-2396.1157447018873,-997.9255361215913,-199.7963139656239,91.28233109026064,90.59130002059757,-5969.050198278711,734.6625146082749,-914.8584802023709,-1932.885266908126,1277.2547181567375,-1302.6922910592148
-13587.549738646014,-2299.5144966780836,11791.125664444437,-11647.669728486044,2935.351449459572,9666.778631883513,-9311.424632390588,1612.3481995201244,10795.916355684532,-3039.867698721295,16977.842382587132,-1894.5924051029297,6943.266550801227,-10767.22722721131,-426.8379150244232,9592.495179390024,-4820.334318210828,-1651.1664509208522,-217.04777864617586,3116.829893414336,8059.129682288449,-20350.886849266164,-1877.7156325538201,7136.625275943273,-5033.030720363622,-5128.590339012208,-5899.424103878953,-9428.015177120818,14874.969304254242,1980.7734811843168,3405.053490399785,6880.980330876154,13381.727824378771,5573.112710992511,1115.2666003980232,-509.9632170979192,-506.43111451632484,33337.00818255795,-4102.558042098425,5109.093645073947,10795.628620126185,-7133.690578571952,7275.668305368523
1516.069845159063,256.4935897641362,-1315.8612812856666,1299.7445981716096,-327.6098455331354,-1078.6400553070473,1038.957138377758,-179.8211050908678,-1204.7819996932535,339.244120822615,-1894.5924051029297,211.4421178869507,-774.9224669444505,1201.5793012414463,47.67991640435603,-1070.4821452404112,538.0788972299608,184.30149631253684,24.285557591178833,-347.8175269297927,-899.3624679576398,2270.901297664221,209.56563205534405,-796.4833654493484,561.6945351197743,572.3485882528453,658.4580925893125,1052.0971600816433,-1660.0297588394326,-220.8241100709229,-379.9697212377928,-767.7606492942533,-1493.436000427317,-621.9861648280969,-124.5739474041796,56.879535909150675,56.420875134814466,-3720.2419328457045,457.9260495087537,-570.2216215728029,-1204.638544230549,796.0343093621029,-811.8965465751781
-5555.7265027253825,-939.7977385355232,4822.459850785375,-4763.206044494914,1200.6994340616252,3952.8173918047855,-3807.3340403731813,658.8200310376868,4415.33573732023,-1243.2856257537924,6943.266550801227,-774.9224669444505,2840.1130884755894,-4403.602857292258,-174.8224381251758,3923.14289526859,-1972.2323183713863,-675.5039397319056,-89.11770225495673,1274.6798131253934,3296.013526684539,-8322.189382736626,-768.061890147634,2919.094581548152,-2058.5751183307225,-2097.5979776460854,-2413.3243872953144,-3855.7124685559907,6083.818618857443,808.9025582375831,1392.497962897613,2813.504970701256,5473.356765645617,2279.565818395752,456.7423523024494,-208.40065914441738,-206.60996000452425,13634.035873693834,-1678.3919162439136,2089.887837061619,4414.618787906283,-2917.2435931012583,2975.4080553844315
8616.717639829792,1458.0953985873805,-7477.988653947877,7386.779051122718,-1861.68046435846,-6130.401759499718,5904.974437229534,-1022.3165221424465,-6846.785047089759,1927.9005977163251,-10767.22722721131,1201.5793012414463,-4403.602857292258,6828.592357462967,270.80112758102194,-6083.567708294429,3057.3776874587516,1047.2529963957345,137.78974199777556,-1976.679025577724,-5111.1008963070535,12906.184309760953,1190.8938940847393,-4526.191349282549,3192.0173004970247,3252.597148440829,3741.644154480196,5979.189877059979,-9433.813379036228,-1255.7397078498502,-2159.4489786615823,-4363.656899335225,-8486.894025134568,-3534.579972342002,-707.546518929729,323.35434036310113,320.9788634478534,-21142.296315517866,2602.0516684518784,-3240.3356209643766,-6846.367684726659,4524.076021411746,-4614.15775437123
341.1393422298868,57.540177912155094,-296.5972994737466,292.7304563833833,-73.91098624519331,-242.80410020726737,233.79971771359914,-40.283993593786086,-271.5220214980226,76.46907238645974,-426.8379150244232,47.67991640435603,-174.8224381251758,270.80112758102194,10.847807950634643,-241.24852410615074,121.58943557023788,41.61944094570692,5.614073112995265,-78.36838387614081,-202.67922835775423,511.4090269796671,47.27434178889754,-179.64112297308162,126.65247818682838,129.02909662450688,148.62375466114023,237.04021975021578,-374.21091216962753,-49.286065617819574,-85.59127289535334,-172.7532710473593,-336.764642322297,-140.28296628316042,-28.323711598026165,12.75238170060492,12.510290079697718,-838.3507432376481,103.41128971976623,-128.65573441907108,-271.2489611643054,179.27923140276022,-182.89363892521402
-7676.63902972932,-1299.0275233643151,6662.110652330428,-6580.867995624318,1658.5610466646938,5461.570104109701,-5260.743942565958,910.7954707597315,6099.77773045152,-1717.5600911653987,9592.495179390024,-1070.4821452404112,3923.14289526859,-6083.567708294429,-241.24852410615074,5419.831271455257,-2723.787463694225,-932.9878431277862,-122.7460811839652,1761.0185936013263,4553.4632762962765,-11498.099312512804,-1060.9597087603183,4032.3616503286535,-2843.751865304357,-2897.7260093743776,-3333.4060774345508,-5326.845465872752,8404.548074820963,1118.7623719644757,1923.8463115953477,3887.5808653269064,7560.935706873213,3148.9384895386106,630.3357461050141,-288.0801418179659,-285.9709146574138,18835.60671650445,-2318.147635728567,2886.7956385312004,6099.420532556454,-4030.490328176556,4110.741264332188
3856.164797507302,651.9347952372451,-3348.2707197257005,3306.642088767897,-833.797845813127,-2743.7950023034637,2642.6622270362122,-456.9085109347961,-3065.52489790537,863.2303438768749,-4820.334318210828,538.0788972299608,-1972.2323183713863,3057.3776874587516,121.58943557023788,-2723.787463694225,1369.975731014723,469.1679376524327,62.16503206048856,-884.9586945054941,-2288.368511465871,5777.209566405558,533.3496824182389,-2026.9878542846502,1429.3783978901167,1456.423333934413,1676.024309191713,2676.836411204408,-4224.124293657657,-560.606368089031,-966.7059073287866,-1952.8047323851501,-3800.494539280557,-1582.9016706972723,-317.6315570173256,144.55221944394546,143.01801936108686,-9465.808847533126,1165.7281167027568,-1451.2915961879312,-3064.5231890567293,2025.1545530134363,-2065.6198827530725
1321.0185285431694,223.38764451767466,-1146.8821696620819,1132.6907019467615,-285.5789493952903,-939.9259636271547,905.3018188430425,-156.57505481918147,-1050.0432554304418,295.6810503678493,-1651.1664509208522,184.30149631253684,-675.5039397319056,1047.2529963957345,41.61944094570692,-932.9878431277862,469.1679376524327,160.68275436934061,21.253977018824767,-303.13240147079034,-783.8446351944674,1978.9973494773938,182.67714925365513,-694.2692136899053,489.5917147573578,498.8610718460372,574.0261759023354,916.9248792328199,-1446.8747447575604,-192.16687177256344,-331.14200583500616,-668.9831409116935,-1301.7382581671293,-542.1647705946708,-108.72649623627626,49.532671709527314,49.048449749250906,-3242.3746179072064,399.2385118430103,-497.0726820186365,-1049.7700591216721,693.7190014475942,-707.5679087303042
173.08127180417137,29.031998119560065,-150.95274007355053,148.76839589524857,-37.678760191426825,-123.27625296192885,118.63826249534686,-20.27322565631221,-138.15566518592559,38.921488349772915,-217.04777864617586,24.285557591178833,-89.11770225495673,137.78974199777556,5.614073112995265,-122.7460811839652,62.16503206048856,21.253977018824767,2.986852818600965,-39.85739689656659,-103.11760676524483,259.85956973423146,24.09523586422297,-91.53190232040816,64.50176986109486,65.68830396287359,75.83225090394943,120.54481613868931,-190.48853284928282,-24.633049956160253,-43.51120764306133,-87.6443161707772,-171.52663223981693,-71.47638169724071,-14.641207780044068,6.4271101543602835,6.175694816527801,-426.49427898597384,52.81022464280859,-65.59629496030647,-137.79427920563367,91.10693171213312,-92.982541202202
-2494.397682474684,-422.12847363693163,2164.652658892692,-2138.2969135735134,538.887898103973,1774.6304638807203,-1709.3887353452417,295.97989989154894,1981.9466446910137,-558.0692524813811,3116.829893414336,-347.8175269297927,1274.6798131253934,-1976.679025577724,-78.36838387614081,1761.0185936013263,-884.9586945054941,-303.13240147079034,-39.85739689656659,572.1957506225696,1479.5180998702672,-3736.043149198866,-344.72016294759163,1310.1749298284035,-923.983416981969,-941.5254249945305,-1083.0537758428034,-1730.8172068691279,2730.798990377774,363.595088569975,625.1055846025241,1263.2057960908146,2456.6739682507105,1023.1379574010775,204.76522194276214,-93.61516572554484,-92.95461861248101,6120.100058243375,-753.1780836304974,937.9550342856595,1981.8731077764214,-1309.613100821368,1335.681281895656
-6449.546570445671,-1091.3913540293013,5597.161194252262,-5528.917902843538,1393.432492435083,4588.547248904139,-4419.826747812427,765.215989401872,5124.719877925465,-1443.005372416493,8059.129682288449,-899.3624679576398,3296.013526684539,-5111.1008963070535,-202.67922835775423,4553.4632762962765,-2288.368511465871,-783.8446351944674,-103.11760676524483,1479.5180998702672,3825.5864469346325,-9660.133619467859,-891.361299333768,3387.774982824587,-2389.1709304532073,-2434.5178152036765,-2800.5433395930963,-4475.345885634023,7061.063849490903,939.9537991879498,1616.3193385374866,3266.161994637597,6352.298313813653,2645.5701785058195,529.5617118753968,-242.03339821799668,-240.2698573902241,15824.712847610477,-1947.5761413849143,2425.3290097761223,5124.432695127671,-3386.2182197972957,3453.6383029393655
16287.950196586007,2756.906083474373,-14133.396074555154,13961.95398624015,-3518.300737483302,-11587.761607892231,11161.946114247463,-1933.1757637823737,-12940.57242621399,3643.7204416365794,-20350.886849266164,2270.901297664221,-8322.189382736626,12906.184309760953,511.4090269796671,-11498.099312512804,5777.209566405558,1978.9973494773938,259.85956973423146,-3736.043149198866,-9660.133619467859,24394.521927959773,2250.6357537358167,-8554.044849617638,6032.727864382304,6147.3220441836775,7070.8720784977395,11301.08580019343,-17829.749973477352,-2375.3162947681535,-4081.5778762513296,-8248.527568874752,-16039.652045080335,-6680.00479115522,-1336.2753327251844,611.4144251728609,607.485250895102,-39959.72744826572,4917.092134435519,-6123.720578336796,-12940.754283695902,8551.100379824074,-8721.196497733083
1502.4906626128736,254.16606606490643,-1304.1657317715633,1288.1505540851583,-324.70962066309403,-1068.9964166812847,1029.6538078430797,-178.17823520784145,-1194.0660894501807,336.2281607099127,-1877.7156325538201,209.56563205534405,-768.061890147634,1190.8938940847393,47.27434178889754,-1060.9597087603183,533.3496824182389,182.67714925365513,24.09523586422297,-344.72016294759163,-891.361299333768,2250.6357537358167,207.7102630634109,-789.4224917442592,556.7108734564054,567.2646994766048,652.6403663398963,1042.7260631159913,-1645.2802411012644,-218.7763003752933,-376.58418504012343,-760.8851303760165,-1480.1850855828764,-616.4730368900858,-123.50959006918097,56.36170187019642,55.88319157803895,-3687.137947632673,453.8892544512583,-565.1751761355287,-1193.882182361152,788.9330503978131,-804.6616112600959
-5710.640145608098,-966.0819779769117,4956.6902087281815,-4895.89597756996,1234.0909079282267,4062.9902874555555,-3913.486702682591,677.2744460257016,4538.252916023549,-1277.8912646074746,7136.625275943273,-796.4833654493484,2919.094581548152,-4526.191349282549,-179.64112297308162,4032.3616503286535,-2026.9878542846502,-694.2692136899053,-91.53190232040816,1310.1749298284035,3387.774982824587,-8554.044849617638,-789.4224917442592,3000.296059255854,-2115.85251430962,-2155.9748978416765,-2480.4050729112846,-3963.08427779406,6253.143663023337,831.6424677291209,1431.2811909873476,2891.9540068452284,5625.642369094926,2342.977092799554,469.3431448036704,-214.23359819140606,-212.4561727251594,14013.627451231538,-1725.0210038070093,2148.0010718058,4537.626916219289,-2998.5115792859688,3058.276896554242
4027.521858794654,681.4108776826952,-3495.6033598458116,3452.8140562882077,-870.2907865998976,-2865.4592307285925,2760.0438262602293,-477.72199171735355,-3200.5209920083867,901.2036857813154,-5033.030720363622,561.6945351197743,-2058.5751183307225,3192.0173004970247,126.65247818682838,-2843.751865304357,1429.3783978901167,489.5917147573578,64.50176986109486,-923.983416981969,-2389.1709304532073,6032.727864382304,556.7108734564054,-2115.85251430962,1492.1458044473063,1520.4477305702974,1749.175427403193,2794.918367585386,-4409.882829436509,-586.6789807835995,-1009.4036479850847,-2039.6044154994177,-3967.3114132030387,-1652.304012724452,-330.90432928189466,151.10801908470506,149.90678243205087,-9882.886794532757,1216.4621125261956,-1514.7855020306004,-3200.1683174354043,2114.692980265685,-2156.8272972125737
4104.100134562615,694.4110144448742,-3561.934623726676,3518.3945543990694,-886.7891454236038,-2919.9159672031233,2812.5170491067524,-486.85291206758075,-3261.2639718113087,918.3045760353058,-5128.590339012208,572.3485882528453,-2097.5979776460854,3252.597148440829,129.02909662450688,-2897.7260093743776,1456.423333934413,498.8610718460372,65.68830396287359,-941.5254249945305,-2434.5178152036765,6147.3220441836775,567.2646994766048,-2155.9748978416765,1520.4477305702974,1549.2949456724086,1782.3159429338245,2847.982080768081,-4493.555865218406,-597.936686610034,-1028.5707866815317,-2078.383064631003,-4042.560009347885,-1683.635985141369,-337.12070576288994,153.99364623820733,152.80434461318762,-10070.476106614295,1239.4968389221383,-1543.49774394131,-3260.966539123988,2154.858557404674,-2197.7825042507175
4720.148111013602,798.3085017606423,-4097.570822818967,4047.0356837432473,-1020.2734909865235,-3358.3862079729815,3234.725694668025,-559.592352612045,-3751.615862798858,1056.4049004581461,-5899.424103878953,658.4580925893125,-2413.3243872953144,3741.644154480196,148.62375466114023,-3333.4060774345508,1676.024309191713,574.0261759023354,75.83225090394943,-1083.0537758428034,-2800.5433395930963,7070.8720784977395,652.6403663398963,-2480.4050729112846,1749.175427403193,1782.3159429338245,2050.736328926327,3276.0598572360764,-5169.36356018976,-686.9159185509177,-1183.1378603962623,-2390.3444160050108,-4650.74871620128,-1936.9837100123623,-388.2858413758965,177.02074357303525,175.38532341795536,-11584.481534705968,1426.264064231201,-1775.850339457835,-3750.811239840757,2478.617214351679,-2528.0701091739006
7545.293870510712,1276.9209202700808,-6547.780245018139,6468.090438315263,-1630.05088545322,-5368.062226929177,5170.7238320420165,-895.332210909785,-5995.122794620484,1688.0832822397422,-9428.015177120818,1052.0971600816433,-3855.7124685559907,5979.189877059979,237.04021975021578,-5326.845465872752,2676.836411204408,916.9248792328199,120.54481613868931,-1730.8172068691279,-4475.345885634023,11301.08580019343,1042.7260631159913,-3963.08427779406,2794.918367585386,2847.982080768081,3276.0598572360764,5235.501223417079,-8260.288574289438,-1099.894759273265,-1890.8671124816779,-3821.069998164283,-7431.082701346904,-3094.8389508380405,-619.3520935727333,283.1821686309357,281.20448253099005,-18512.496154449094,2278.232017184825,-2837.167708482418,-5994.934608817496,3961.422964072903,-4040.2691113681562
-11903.636848748181,-2014.130374286761,10331.005122566674,-10204.777973336113,2572.018041289299,8468.977871243218,-8157.4939002903275,1412.1226122297865,9458.950856503001,-2663.442595827283,14874.969304254242,-1660.0297588394326,6083.818618857443,-9433.813379036228,-374.21091216962753,8404.548074820963,-4224.124293657657,-1446.8747447575604,-190.48853284928282,2730.798990377774,7061.063849490903,-17829.749973477352,-1645.2802411012644,6253.143663023337,-4409.882829436509,-4493.555865218406,-5169.36356018976,-8260.288574289438,13033.061154214945,1734.3685798791362,2983.2708374064578,6028.19802534459,11724.971232107284,4883.181632131309,977.7228368817956,-446.6578318954247,-443.24286651377565,29208.36971174116,-3594.977908483454,4476.71654880853,9458.14586379126,-6249.96969664459,6374.455566181942
-1587.2751111439854,-269.48099157881,1374.9552137607802,-1359.363776283493,341.9575107139786,1128.8115722315383,-1087.6589074730527,189.21539385243125,1259.083812173823,-354.45948619716535,1980.7734811843168,-220.8241100709229,808.9025582375831,-1255.7397078498502,-49.286065617819574,1118.7623719644757,-560.606368089031,-192.16687177256344,-24.633049956160253,363.595088569975,939.9537991879498,-2375.3162947681535,-218.7763003752933,831.6424677291209,-586.6789807835995,-597.936686610034,-686.9159185509177,-1099.894759273265,1734.3685798791362,233.3556831880485,397.3310290651215,803.8604626839893,1559.7332654819936,649.4550276905113,128.85853993108213,-59.79704552795994,-60.06396822410117,3888.3531110763706,-477.4465410512027,595.1471955753375,1260.2232080538986,-832.5771717912403,848.9435191176319
-2725.1620632417275,-461.22477814203046,2364.792532944707,-2336.055095815014,588.6945537484539,1938.7881249866423,-1867.5256172663583,323.40257149021784,2165.2007179862676,-609.664796939512,3405.053490399785,-379.9697212377928,1392.497962897613,-2159.4489786615823,-85.59127289535334,1923.8463115953477,-966.7059073287866,-331.14200583500616,-43.51120764306133,625.1055846025241,1616.3193385374866,-4081.5778762513296,-376.58418504012343,1431.2811909873476,-1009.4036479850847,-1028.5707866815317,-1183.1378603962623,-1890.8671124816779,2983.2708374064578,397.3310290651215,682.91710959602494,1380.0752994264858,2683.7748071470946,1117.7139663679468,223.63804757554547,-102.28626647875231,-101.5991871719349,6685.993973335595,-822.7667744516702,1024.6448074602338,2165.179048731454,-1430.733436320811,1459.2029136341298
-5507.883886029658,-932.542687689651,4778.520620154188,-4720.918762859738,1189.4340414423043,3918.343186024152,-3774.4633639845265,653.991153457751,4375.280738034919,-1231.9400384618991,6880.980330876154,-767.7606492942533,2813.504970701256,-4363.656899335225,-172.7532710473593,3887.5808653269064,-1952.8047323851501,-668.9831409116935,-87.6443161707772,1263.2057960908146,3266.161994637597,-8248.527568874752,-760.8851303760165,2891.9540068452284,-2039.6044154994177,-2078.383064631003,-2390.3444160050108,-3821.069998164283,6028.19802534459,803.8604626839893,1380.0752994264858,2789.313403596769,5422.799623190977,2258.382791168931,451.41428021920603,-206.82503964215576,-205.7151654513838,13510.735640720131,-1662.16931298775,2070.238306699827,4375.718219928276,-2891.3703229405664,2948.819511492621
-10708.200067487049,-1811.6587955547952,9294.076427040078,-9180.253665646771,2313.941097217143,7618.573966303467,-7338.28793208387,1270.1074825086866,8509.50927006295,-2396.1157447018873,13381.727824378771,-1493.436000427317,5473.356765645617,-8486.894025134568,-336.764642322297,7560.935706873213,-3800.494539280557,-1301.7382581671293,-171.52663223981693,2456.6739682507105,6352.298313813653,-16039.652045080335,-1480.1850855828764,5625.642369094926,-3967.3114132030387,-4042.560009347885,-4650.74871620128,-7431.082701346904,11724.971232107284,1559.7332654819936,2683.7748071470946,5422.799623190977,10548.294173959188,4393.152613192534,879.866683801607,-401.749597679677,-398.51849261857143,26276.490031474863,-3234.3703438665457,4027.5313054740864,8508.511210792622,-5622.488044089899,5734.5234357132695
-4459.5455096291535,-754.4355622019365,3870.761936337887,-3823.2908577020276,963.7207419792151,3172.8640034335026,-3056.1129964334286,528.8991053222127,3543.998009800321,-997.9255361215913,5573.112710992511,-621.9861648280969,2279.565818395752,-3534.579972342002,-140.28296628316042,3148.9384895386106,-1582.9016706972723,-542.1647705946708,-71.47638169724071,1023.1379574010775,2645.5701785058195,-6680.00479115522,-616.4730368900858,2342.977092799554,-1652.304012724452,-1683.635985141369,-1936.9837100123623,-3094.8389508380405,4883.181632131309,649.4550276905113,1117.7139663679468,2258.382791168931,4393.152613192534,1829.6690007157747,366.5124218902746,-167.29970788699288,-165.91552810024064,10943.475923795286,-1347.0928855944162,1677.4065612521204,3543.5142158458743,-2341.5909549383196,2388.262551447273
-891.4252558508117,-150.38631700356217,774.9395071957663,-764.8788230595734,193.10269427033447,634.4468367654939,-610.9329706457722,105.29934004384377,709.4322585056555,-199.7963139656239,1115.2666003980232,-124.5739474041796,456.7423523024494,-707.546518929729,-28.323711598026165,630.3357461050141,-317.6315570173256,-108.72649623627626,-14.641207780044068,204.76522194276214,529.5617118753968,-1336.2753327251844,-123.50959006918097,469.3431448036704,-330.90432928189466,-337.12070576288994,-388.2858413758965,-619.3520935727333,977.7228368817956,128.85853993108213,223.63804757554547,451.41428021920603,879.866683801607,366.5124218902746,73.96066603577371,-33.332021592676185,-32.722828785178216,2190.456107286852,-270.1573332386396,336.1262004101084,708.761207083259,-468.4407527987658,477.87736069838076
408.4013989577508,69.22990058534775,-354.07699912333953,349.9209278794891,-88.10260731928602,-290.4941473195256,279.8617223044896,-48.578210306174256,-324.21607908496384,91.28233109026064,-509.9632170979192,56.879535909150675,-208.40065914441738,323.35434036310113,12.75238170060492,-288.0801418179659,144.55221944394546,49.532671709527314,6.4271101543602835,-93.61516572554484,-242.03339821799668,611.4144251728609,56.36170187019642,-214.23359819140606,151.10801908470506,153.99364623820733,177.02074357303525,283.1821686309357,-446.6578318954247,-59.79704552795994,-102.28626647875231,-206.82503964215576,-401.749597679677,-167.29970788699288,-33.332021592676185,15.358148493121263,15.341693267914504,-1001.2089133415847,123.07059701112809,-153.33939013998076,-324.3637500065482,214.31434318871885,-218.5527033636638
406.1856982662467,69.11191986745523,-351.41659024816056,347.6331523832718,-87.33993341402146,-288.78547986097203,278.31815384119653,-48.573166667224,-321.83361281418274,90.59130002059757,-506.43111451632484,56.420875134814466,-206.60996000452425,320.9788634478534,12.510290079697718,-285.9709146574138,143.01801936108686,49.048449749250906,6.175694816527801,-92.95461861248101,-240.2698573902241,607.485250895102,55.88319157803895,-212.4561727251594,149.90678243205087,152.80434461318762,175.38532341795536,281.20448253099005,-443.24286651377565,-60.06396822410117,-101.5991871719349,-205.7151654513838,-398.51849261857143,-165.91552810024064,-32.722828785178216,15.341693267914504,15.53057550182191,-993.9687411957008,121.85905818643431,-151.99996492501208,-322.3325606893737,212.9216023509233,-217.07076786531061
-26679.05263365848,-4514.695621424051,23152.89003820976,-22870.693137962746,5763.964714374274,18980.84598776046,-18282.950996100295,3165.447749695796,21198.631494005618,-5969.050198278711,33337.00818255795,-3720.2419328457045,13634.035873693834,-21142.296315517866,-838.3507432376481,18835.60671650445,-9465.808847533126,-3242.3746179072064,-426.49427898597384,6120.100058243375,15824.712847610477,-39959.72744826572,-3687.137947632673,14013.627451231538,-9882.886794532757,-10070.476106614295,-11584.481534705968,-18512.496154449094,29208.36971174116,3888.3531110763706,6685.993973335595,13510.735640720131,26276.490031474863,10943.475923795286,2190.456107286852,-1001.2089133415847,-993.9687411957008,65459.66304936478,-8056.152290115435,10032.42369548755,21197.54086219977,-14007.291692663048,14286.162149940785
3282.2479154588173,555.0263611576848,-2849.5947377132356,2814.327092635419,-709.5705111407365,-2335.368373162332,2249.338816808933,-389.0296801822399,-2608.9860294151613,734.6625146082749,-4102.558042098425,457.9260495087537,-1678.3919162439136,2602.0516684518784,103.41128971976623,-2318.147635728567,1165.7281167027568,399.2385118430103,52.81022464280859,-753.1780836304974,-1947.5761413849143,4917.092134435519,453.8892544512583,-1725.0210038070093,1216.4621125261956,1239.4968389221383,1426.264064231201,2278.232017184825,-3594.977908483454,-477.4465410512027,-822.7667744516702,-1662.16931298775,-3234.3703438665457,-1347.0928855944162,-270.1573332386396,123.07059701112809,121.85905818643431,-8056.152290115435,991.9779219391168,-1235.0564004154903,-2608.299084207962,1723.6387609623132,-1758.0511982489377
-4088.031675982843,-691.4971577031854,3548.552305465084,-3504.9160217184867,883.5327286377484,2908.586202475375,-2801.5256370985526,484.7491279839754,3248.970063008635,-914.8584802023709,5109.093645073947,-570.2216215728029,2089.887837061619,-3240.3356209643766,-128.65573441907108,2886.7956385312004,-1451.2915961879312,-497.0726820186365,-65.59629496030647,937.9550342856595,2425.3290097761223,-6123.720578336796,-565.1751761355287,2148.0010718058,-1514.7855020306004,-1543.49774394131,-1775.850339457835,-2837.167708482418,4476.71654880853,595.1471955753375,1024.6448074602338,2070.238306699827,4027.5313054740864,1677.4065612521204,336.1262004101084,-153.33939013998076,-151.99996492501208,10032.42369548755,-1235.0564004154903,1537.840256498201,3248.405801764324,-2146.5978577986807,2189.4036244662157
-8640.505424100204,-1462.5630124424156,7497.35284818199,-7406.497525118367,1866.3302491068662,6147.092253606528,-5921.231629411315,1025.588304606713,6864.609146475072,-1932.885266908126,10795.628620126185,-1204.638544230549,4414.618787906283,-6846.367684726659,-271.2489611643054,6099.420532556454,-3064.5231890567293,-1049.7700591216721,-137.79427920563367,1981.8731077764214,5124.432695127671,-12940.754283695902,-1193.882182361152,4537.626916219289,-3200.1683174354043,-3260.966539123988,-3750.811239840757,-5994.934608817496,9458.14586379126,1260.2232080538986,2165.179048731454,4375.718219928276,8508.511210792622,3543.5142158458743,708.761207083259,-324.3637500065482,-322.3325606893737,21197.54086219977,-2608.299084207962,3248.405801764324,6864.798349626137,-4536.165202348813,4626.381631981247
5709.441021718412,966.3627826099057,-4954.261988281622,4894.137622962939,-1233.2977208073462,-4061.8884207944893,3912.617143713913,-677.6175114168253,-4536.129602806647,1277.2547181567375,-7133.690578571952,796.0343093621029,-2917.2435931012583,4524.076021411746,179.27923140276022,-4030.490328176556,2025.1545530134363,693.7190014475942,91.10693171213312,-1309.613100821368,-3386.2182197972957,8551.100379824074,788.9330503978131,-2998.5115792859688,2114.692980265685,2154.858557404674,2478.617214351679,3961.422964072903,-6249.96969664459,-832.5771717912403,-1430.733436320811,-2891.3703229405664,-5622.488044089899,-2341.5909549383196,-468.4407527987658,214.31434318871885,212.9216023509233,-14007.291692663048,1723.6387609623132,-2146.5978577986807,-4536.165202348813,2997.450154880058,-3057.0793233050986
-5822.888958453874,-985.4873781138043,5052.926535778185,-4991.502119325406,1257.8894141941416,4142.639149351067,-3990.3684261275753,691.0041133174219,4626.450820012534,-1302.6922910592148,7275.668305368523,-811.8965465751781,2975.4080553844315,-4614.15775437123,-182.89363892521402,4110.741264332188,-2065.6198827530725,-707.5679087303042,-92.982541202202,1335.681281895656,3453.6383029393655,-8721.196497733083,-804.6616112600959,3058.276896554242,-2156.8272972125737,-2197.7825042507175,-2528.0701091739006,-4040.2691113681562,6374.455566181942,848.9435191176319,1459.2029136341298,2948.819511492621,5734.5234357132695,2388.262551447273,477.87736069838076,-218.5527033636638,-217.07076786531061,14286.162149940785,-1758.0511982489377,2189.4036244662157,4626.381631981247,-3057.0793233050986,3117.913729180652
