V1,V2,V3,V4,V5,V6,V7,V8,V9,V10,V11,V12,V13,V14,V15,V16,V17,V18,V19,V20,V21,V22,V23,V24,V25,V26,V27,V28,V29,V30,V31,V32,V33,V34,V35,V36,V37,V38,V39,V40,V41,V42,V43,V44
66.98627624995068,-203.33672148598004,-250.65859968558794,153.45505653834059,-461.1191586012754,161.56521471678562,153.9910776779894,-4.9514704691365665,436.3162209704798,-314.2491273836646,211.1216867820544,0.6767521667689863,-3.027793332373289,249.66860597209282,-32.98053248008314,-302.43851663002613,252.94649989827107,-15.387249361193948,-58.1024955245885,-334.16991204602175,-307.75513366511325,219.11289210877896,-146.09586274686208,-9.075806071179501,-207.2992083433573,-71.56484788525545,49.93474381450313,5.330063327670106,-17.510209788497924,-78.91314441886315,156.0006081279687,186.52422325334797,337.84334753633163,-99.19633094092526,-29.277686873340194,432.76319636871904,174.76952016618947,5.772280991135607,-33.69575911666249,-95.99902423802926,-320.036441958591,41.54944187679869,479.999650004283,172.92894106938343
-203.33672148598004,619.4256643097686,762.4399615356912,-467.07063379981423,1402.3788039744456,-492.7266195732612,-467.50751057798846,14.282300261744208,-1326.386655827973,955.5060444233602,-641.9550266860917,-1.8434168959150026,9.39166118920795,-758.9846142671739,99.90050237089619,919.7267741315694,-770.804413457187,47.000798241796446,176.55046085261569,1015.8457546453512,936.1530637875875,-666.5625349164027,444.5892129229587,26.505338599395643,629.996202167933,218.00852433328785,-151.77244232033107,-15.7409786186488,52.66302833020198,240.17663174238865,-474.75723499043,-567.5047934638561,-1027.380967239078,301.43143468954776,88.83063448661059,-1316.3400162217438,-531.3593581402595,-18.27367376887201,101.722372490455,292.13660063011963,973.6465160046856,-126.98810798913624,-1459.4152153659268,-525.8254270878347
-250.65859968558794,762.4399615356912,939.4118451233691,-575.190845055637,1727.9634523798427,-605.9573716333534,-576.7506047272003,18.19445315054268,-1634.6966729134156,1177.3862567348933,-791.161941307965,-2.2239259600944394,11.484738365177675,-935.2214495987986,123.11724965619452,1133.2708671373907,-948.687371797434,57.78060305803831,217.56963792093052,1251.84925875501,1153.3652241995217,-821.0240777101716,547.6878647611846,33.55670962907446,776.6183993669237,268.30817086723255,-187.0362012588288,-19.68534333862826,65.22498049364246,295.8978240603359,-584.6030090746665,-699.0559434190011,-1265.7790312767154,371.44250643185165,109.63600664765141,-1621.7150572990108,-654.704022831076,-22.09929050770037,125.96391667542244,359.85330009078467,1199.5580953646265,-156.05922187215347,-1798.393233510191,-647.894386291685
153.45505653834059,-467.07063379981423,-575.190845055637,352.7040856984909,-1058.1356568770918,371.33094061664724,353.0413512104975,-10.920514899216714,1000.5689940910854,-721.3584655956124,484.56664171570145,1.5492048450619458,-7.266478381808286,572.5410724226327,-75.23522241845372,-693.9235237478614,580.990992948131,-35.41763019743619,-133.39299343628213,-766.3761265982283,-706.5066936311589,502.7612705256317,-335.52226704865984,-20.141842619358226,-475.1499864133991,-164.05742041626442,114.60107009972542,12.067287238756572,-39.458894366671075,-181.06069488413053,358.26236633703905,428.1035500111348,775.3054927362939,-227.27179120847964,-66.8007330226888,993.18491658487,400.96567464132545,13.711814323984708,-77.25766954614548,-220.48608998206487,-734.1734155350515,95.95913415731427,1101.211680138088,396.98822907018285
-461.1191586012754,1402.3788039744456,1727.9634523798427,-1058.1356568770918,3178.567184173769,-1114.4555867822933,-1060.9220875302676,33.54655667026985,-3006.910936703291,2166.0245104411842,-1455.3245474342652,-4.244437207335482,21.111455326822263,-1720.3956340396458,226.65122799517937,2084.7497771698263,-1744.7585948842607,106.332272516056,400.28197813718714,2302.900123147443,2121.7436864000397,-1510.237028188348,1007.4556425649475,61.785191771767195,1428.5355789213902,493.43166472206116,-344.0825256820066,-36.311143222481505,119.90698840523737,544.1942664150622,-1075.398369427509,-1285.8424146546504,-2328.5079087544723,683.4258221224384,201.4644947732039,-2983.123960839968,-1204.4238934392874,-40.5490438916154,231.90716812772692,661.952368924148,2206.354842522065,-287.1267880295573,-3308.207159074194,-1191.9722333505142
161.56521471678562,-492.7266195732612,-605.9573716333534,371.33094061664724,-1114.4555867822933,392.3624374282967,371.1080416655538,-10.959041201129368,1053.8591564495239,-759.1712701189723,510.0386167676986,1.4720180805265477,-7.51647645131283,603.0673194423481,-79.32829199318037,-730.7575186153566,613.3407779469381,-37.36118919441592,-140.31625380566967,-807.0513847847669,-743.9122540702272,529.9166797390466,-353.38912024651376,-20.46028211592866,-500.3852010767856,-173.49039429077658,120.57921529242863,12.34073276699205,-41.713217314614084,-190.83644436865816,377.5557686645436,451.1991560692039,816.5343098924806,-239.37850720395363,-70.6750349661958,1046.2007549944824,422.2601179273571,14.768391872888023,-80.37943252495,-232.22119134946416,-773.8674012673018,101.19017728619534,1159.697483937832,417.75228609406474
153.9910776779894,-467.50751057798846,-576.7506047272003,353.0413512104975,-1060.9220875302676,371.1080416655538,355.08551240560115,-11.611631868371859,1004.1432706974082,-722.9849472463656,486.22065698217483,1.2443911707536586,-7.223091440509156,574.2093285684728,-74.9481141560928,-695.6069503088156,581.4518194011175,-35.13550843284177,-133.43672953618005,-768.5324731857235,-708.0177346602218,503.782854834788,-336.1437387276816,-21.516302386352685,-477.3222762849347,-164.26920600308085,115.1177261741931,12.406871128997974,-40.30246654469544,-181.84693605988375,358.4782170037064,428.96961907870804,776.8641933287172,-227.79299248794692,-67.61620432796666,995.6332084403589,401.7574176254404,13.4445301237965,-78.00378283379264,-220.81395868388137,-736.4244292985875,95.05984760853393,1104.1825345906796,397.7664258589546
-4.9514704691365665,14.282300261744208,18.19445315054268,-10.920514899216714,33.54655667026985,-10.959041201129368,-11.611631868371859,0.8071432630442547,-32.04740787743963,22.91068501245407,-15.41145810878253,-0.03222522355047191,0.09734733731464312,-18.308277684194227,2.6046163189522575,22.15465220394405,-17.687145573144033,1.1008423675109038,4.290914297154041,24.610662160125855,22.343535502807942,-15.79258475676715,10.525147272230502,1.253213874190241,15.367442744611475,5.0431211363001465,-3.585683034492556,-0.5115824246799976,1.5300719115092773,5.7599839795705945,-11.095478070194408,-13.392078300621597,-24.51702557433856,7.3878693363920025,2.1364572938398796,-31.362583303333714,-12.775337717157836,-0.07176638107526498,2.8428818773681814,6.907966682119897,23.234215621267253,-2.7349551487165504,-35.045392164392354,-12.631338774371436
436.3162209704798,-1326.386655827973,-1634.6966729134156,1000.5689940910854,-3006.910936703291,1053.8591564495239,1004.1432706974082,-32.04740787743963,2845.258770967906,-2048.766640295448,1376.8554585713905,3.8035473645989506,-19.877228790883766,1627.7859041286472,-214.23040220204666,-1972.171800467888,1650.2403020920526,-100.4073234893755,-378.44893330524945,-2178.8112087498953,-2006.9280814002725,1428.6707939994958,-952.8460318355662,-59.10244802137944,-1352.0482920651555,-466.86206791755023,325.5830386601286,34.45926673785966,-114.01770465553376,-515.1074147968808,1016.9124458138189,1216.2827484949282,2202.448684947605,-646.6424205110294,-190.97888051018714,2822.0331671127956,1139.220488767648,38.21599277095098,-219.47403402625278,-626.035978950043,-2087.6045230097766,270.8211608956065,3129.609842911006,1127.3698312502515
-314.2491273836646,955.5060444233602,1177.3862567348933,-721.3584655956124,2166.0245104411842,-759.1712701189723,-722.9849472463656,22.91068501245407,-2048.766640295448,1476.5589068191282,-991.7869766414049,-3.1586103254762694,14.499111567926873,-1172.402441654822,154.56000425988543,1420.7921669564885,-1188.4174663148533,72.56040047939756,272.8751151502648,1569.4307961482282,1446.140191270684,-1029.0624898282074,686.5580747190616,42.14749508844071,973.2827220746939,335.9283274632032,-234.57360309098297,-24.9606167353441,81.42328774661682,370.6790434993347,-732.9255952530633,-876.1165597051822,-1586.946151191496,465.91155339108536,136.82854714213548,-2032.8544111487968,-820.8315846121242,-27.590182687748804,158.42831867604718,451.1455335818203,1503.0249418460278,-195.84439903954734,-2254.4590006099056,-812.6130906067621
211.1216867820544,-641.9550266860917,-791.161941307965,484.56664171570145,-1455.3245474342652,510.0386167676986,486.22065698217483,-15.41145810878253,1376.8554585713905,-991.7869766414049,666.7002697941614,1.866039588338875,-9.85101142795552,787.5598117453611,-103.1497502344415,-954.2612251157965,798.4315197845075,-48.39824877696802,-183.10015801229864,-1054.0960729521694,-971.4284714602704,691.2866129756474,-461.2434835835632,-28.59935219358016,-654.2764379372037,-225.64523723346738,157.81779861316411,16.676347610836185,-54.86082416856979,-249.29040187300512,492.1721368873234,588.6340772245877,1065.9505673477559,-312.52610364858964,-92.46237860498742,1365.8879254086628,551.3336811585973,18.682093494770672,-106.42386876621504,-303.01043890064517,-1010.1788392271802,131.05592159485317,1514.5680034951451,545.778160884531
0.6767521667689863,-1.8434168959150026,-2.2239259600944394,1.5492048450619458,-4.244437207335482,1.4720180805265477,1.2443911707536586,-0.03222522355047191,3.8035473645989506,-3.1586103254762694,1.866039588338875,0.24255476317552915,0.005649532680113863,2.357884626876996,-0.6028748567338207,-2.8867274400085434,2.096686517443382,-0.2104688982795141,-0.6386085859692165,-3.191416965307701,-2.9963276192543504,2.0486637990843053,-1.3470272139434343,0.033983459174759964,-1.7435931047291326,-0.5935940275100228,0.4837770428455937,0.12420852619634326,-0.03024494824777435,-0.5352510380204656,1.580964354670443,1.7072490964947538,3.3378856696676236,-1.0933771137038562,-0.02422721427533881,4.001080056750265,1.7799570896670698,-0.04310185796156993,-0.408124886633726,-0.9065105946170117,-2.6691734608890387,0.5755878344684396,4.52425600129303,1.804278291074511
-3.027793332373289,9.39166118920795,11.484738365177675,-7.266478381808286,21.111455326822263,-7.51647645131283,-7.223091440509156,0.09734733731464312,-19.877228790883766,14.499111567926873,-9.85101142795552,0.005649532680113863,0.3988771405344193,-11.291203302325872,1.0182203455230219,13.672061334749936,-11.675812380290054,0.6319483884158604,2.6363286890477373,15.03697749956306,14.10514451952096,-9.983052100491086,6.763148655346469,0.351083098471332,9.372995273002724,3.08242108741575,-2.4012803008416297,-0.3575967408376543,0.6158363670665614,3.664623026607089,-7.184005725567789,-8.560372452606085,-15.389756548032226,4.275978703423086,1.3414324699938378,-19.866112436561593,-7.8012391539231505,-0.5008454982817016,1.661860047197293,4.457107144707561,14.53016423115138,-1.9191194955448527,-21.887290021470104,-7.893177568612554
249.66860597209282,-758.9846142671739,-935.2214495987986,572.5410724226327,-1720.3956340396458,603.0673194423481,574.2093285684728,-18.308277684194227,1627.7859041286472,-1172.402441654822,787.5598117453611,2.357884626876996,-11.291203302325872,931.5507770117893,-123.0446326810185,-1128.6441807440526,944.2250027251996,-57.67120423508822,-216.64801604401256,-1246.9446752190215,-1148.4102151058664,817.5423867669818,-545.1571876116539,-33.636229940072816,-773.4358416837453,-267.1857172502929,186.17842653935216,19.737170653232425,-65.17757867926854,-294.6367291519729,581.9862911108792,695.8755994594214,1260.3116788214616,-370.37947323152514,-108.89997095445187,1614.6597824927615,651.9340872260921,21.78198972849565,-125.52909200269282,-358.2317240334792,-1194.2699631714086,155.17275030271261,1790.7096059948237,645.1890062334335
-32.98053248008314,99.90050237089619,123.11724965619452,-75.23522241845372,226.65122799517937,-79.32829199318037,-74.9481141560928,2.6046163189522575,-214.23040220204666,154.56000425988543,-103.1497502344415,-0.6028748567338207,1.0182203455230219,-123.0446326810185,17.679708323451642,149.28101533219322,-124.4070499184516,8.077369040182742,28.96342661585825,164.99741835566206,151.41849203480598,-107.90753482809166,71.78935094629111,4.157661605838212,101.59692756085764,35.50455281805226,-24.047759212179052,-2.412057264160087,8.63963214545246,38.5043271916479,-76.96548914453177,-91.6744596688512,-166.4828603828697,49.555865859768225,13.806940618898755,-212.59954935101072,-86.3986167706078,-2.3337961931153,16.35020002282786,47.25043982991495,157.16820581107726,-21.081524689987962,-236.18679553116772,-85.240231527526
-302.43851663002613,919.7267741315694,1133.2708671373907,-693.9235237478614,2084.7497771698263,-730.7575186153566,-695.6069503088156,22.15465220394405,-1972.171800467888,1420.7921669564885,-954.2612251157965,-2.8867274400085434,13.672061334749936,-1128.6441807440526,149.28101533219322,1367.7547628336085,-1144.2716001443682,70.03422919330154,262.6957051765159,1510.9473590989521,1391.7522920705362,-990.6194356124457,660.7440270602093,40.525959664871486,936.9218059818494,323.7194471604929,-225.45593729811924,-23.822359153196285,78.6915237210049,356.89023872624125,-705.3765575396055,-843.2750321352837,-1527.3388544881707,448.7789873257756,131.72531684724132,-1956.5415691462167,-790.1032143019814,-26.378657350066007,152.15690296139047,434.1952846937311,1447.0299835949331,-188.5053621476232,-2169.9196898444948,-781.9337139873437
252.94649989827107,-770.804413457187,-948.687371797434,580.990992948131,-1744.7585948842607,613.3407779469381,581.4518194011175,-17.687145573144033,1650.2403020920526,-1188.4174663148533,798.4315197845075,2.096686517443382,-11.675812380290054,944.2250027251996,-124.4070499184516,-1144.2716001443682,959.858458210672,-58.655143311017575,-219.86511051365926,-1263.8426046078055,-1164.4690265007412,829.4660527391667,-553.2316075334381,-32.65662860096592,-783.5587323484182,-271.4875538033742,188.4688061761101,19.52236376596061,-65.62421900551581,-298.8344626595643,590.836087417944,706.2532643531212,1278.1477241528878,-374.9644679911691,-110.63608978809023,1637.641878564373,660.9301276322531,22.779024641543174,-126.2579865553109,-363.5772945047574,-1211.5634900708724,158.3612656904074,1815.7083139355968,653.8399281139207
-15.387249361193948,47.000798241796446,57.78060305803831,-35.41763019743619,106.332272516056,-37.36118919441592,-35.13550843284177,1.1008423675109038,-100.4073234893755,72.56040047939756,-48.39824877696802,-0.2104688982795141,0.6319483884158604,-57.67120423508822,8.077369040182742,70.03422919330154,-58.655143311017575,3.9040200646441594,13.570806212142701,77.34201231263322,71.05339115716917,-50.629815064216665,33.75433466531942,1.8491236355697518,47.52937141681754,16.614874998746576,-11.251106277554095,-1.220223366246717,3.926889993168535,18.134989170256805,-36.16325621049083,-43.032853318529206,-78.01850588313461,23.24591473488307,6.350807905391087,-99.73421046537833,-40.32329258607926,-1.3010425798958696,7.669273773389733,22.253311774063555,73.69739285657292,-10.040479650628514,-110.74274930855022,-39.92452001745563
-58.1024955245885,176.55046085261569,217.56963792093052,-133.39299343628213,400.28197813718714,-140.31625380566967,-133.43672953618005,4.290914297154041,-378.44893330524945,272.8751151502648,-183.10015801229864,-0.6386085859692165,2.6363286890477373,-216.64801604401256,28.96342661585825,262.6957051765159,-219.86511051365926,13.570806212142701,50.81371383424566,290.1458541429662,267.2362949439793,-190.25908416910752,126.96550746059806,7.493937773911897,179.5237341433416,62.088166711239566,-43.04585836936842,-4.49036726002703,14.930037471505774,68.36909766732738,-135.6812719778465,-161.9728348736112,-293.44854830073353,86.08743522514264,25.100429321602725,-375.65307877973527,-151.85096149749054,-4.923230719836835,29.26072320078233,83.48146303328713,277.6253976019946,-36.647411992878794,-416.6833444778471,-150.1965467131684
-334.16991204602175,1015.8457546453512,1251.84925875501,-766.3761265982283,2302.900123147443,-807.0513847847669,-768.5324731857235,24.610662160125855,-2178.8112087498953,1569.4307961482282,-1054.0960729521694,-3.191416965307701,15.03697749956306,-1246.9446752190215,164.99741835566206,1510.9473590989521,-1263.8426046078055,77.34201231263322,290.1458541429662,1669.2799358074774,1537.3284272169528,-1094.3201602031331,729.7874361024276,45.00615106610311,1035.1855204629176,357.63495472600675,-249.06250768221503,-26.42701158923392,87.17839484947952,394.2907261319943,-779.0798279063084,-931.4735937222624,-1687.1183732161867,495.93138588124043,145.57906575264207,-2161.2808219466588,-872.7584560762083,-29.023424160964947,168.1414364009542,479.57102797541984,1598.5228485091502,-207.96633619463591,-2397.0790635016965,-863.7085194642922
-307.75513366511325,936.1530637875875,1153.3652241995217,-706.5066936311589,2121.7436864000397,-743.9122540702272,-708.0177346602218,22.343535502807942,-2006.9280814002725,1446.140191270684,-971.4284714602704,-2.9963276192543504,14.10514451952096,-1148.4102151058664,151.41849203480598,1391.7522920705362,-1164.4690265007412,71.05339115716917,267.2362949439793,1537.3284272169528,1416.5952365414491,-1008.1029183546949,672.5479072494105,41.08843366015163,953.4571699313907,329.2910913948229,-229.72462531834668,-24.302034548853168,79.81390655637568,363.1377285250384,-717.9181649218905,-858.2902532990114,-1554.4621738083183,456.3783140743958,134.15404981722523,-1991.344260429023,-804.0947015168354,-27.07756495038363,154.9709170166239,441.90142397640614,1472.564478906105,-191.84323673711327,-2208.3313348761926,-795.8945108541595
219.11289210877896,-666.5625349164027,-821.0240777101716,502.7612705256317,-1510.237028188348,529.9166797390466,503.782854834788,-15.79258475676715,1428.6707939994958,-1029.0624898282074,691.2866129756474,2.0486637990843053,-9.983052100491086,817.5423867669818,-107.90753482809166,-990.6194356124457,829.4660527391667,-50.629815064216665,-190.25908416910752,-1094.3201602031331,-1008.1029183546949,717.7634036887948,-478.6845540525191,-29.037498479068685,-678.6416635283501,-234.66142877994164,163.3692777193007,17.193368206978104,-57.01181783199172,-258.56078577441764,511.11613156404604,611.0467983654274,1106.426176425984,-324.8730808358249,-95.66210444244057,1417.4561062608752,572.290195238122,19.305227641883565,-109.92611943769143,-314.5531017580704,-1048.4067777084372,136.57165809025685,1571.8717149912882,566.2782583181717
-146.09586274686208,444.5892129229587,547.6878647611846,-335.52226704865984,1007.4556425649475,-353.38912024651376,-336.1437387276816,10.525147272230502,-952.8460318355662,686.5580747190616,-461.2434835835632,-1.3470272139434343,6.763148655346469,-545.1571876116539,71.78935094629111,660.7440270602093,-553.2316075334381,33.75433466531942,126.96550746059806,729.7874361024276,672.5479072494105,-478.6845540525191,319.41302816552326,19.340163702554904,452.55683411822247,156.37211916576547,-108.99387352788669,-11.47750148845524,37.817789553322754,172.42306871582525,-340.9751043337339,-407.6146143052711,-738.0749793224866,216.50451259687304,63.76432286339709,-945.5164222655255,-381.73696371503615,-12.93884575953143,73.4833508937789,209.8832630765504,699.23143466985,-91.27615451847016,-1048.5052519238134,-377.80302982144593
-9.075806071179501,26.505338599395643,33.55670962907446,-20.141842619358226,61.785191771767195,-20.46028211592866,-21.516302386352685,1.253213874190241,-59.10244802137944,42.14749508844071,-28.59935219358016,0.033983459174759964,0.351083098471332,-33.636229940072816,4.157661605838212,40.525959664871486,-32.65662860096592,1.8491236355697518,7.493937773911897,45.00615106610311,41.08843366015163,-29.037498479068685,19.340163702554904,2.4270472908609824,28.507653442902694,9.286146415284408,-6.93533520396192,-1.0703618902660204,2.8510314868054296,10.767898322750739,-20.298430397519088,-24.677615738815934,-44.94179301257543,13.444154988693892,4.191909384751847,-57.80752969953351,-23.235969965919114,-0.49206912510560763,5.120864352102197,12.658750913587086,42.92786551498828,-4.66687768810074,-64.4150215829542,-23.144588538474462
-207.2992083433573,629.996202167933,776.6183993669237,-475.1499864133991,1428.5355789213902,-500.3852010767856,-477.3222762849347,15.367442744611475,-1352.0482920651555,973.2827220746939,-654.2764379372037,-1.7435931047291326,9.372995273002724,-773.4358416837453,101.59692756085764,936.9218059818494,-783.5587323484182,47.52937141681754,179.5237341433416,1035.1855204629176,953.4571699313907,-678.6416635283501,452.55683411822247,28.507653442902694,642.781842017579,221.79043012852995,-154.8848318029782,-16.424307092690388,54.402006462388265,244.85353838066658,-482.81326308954544,-577.7185417976297,-1046.1883302021408,307.2777294402213,90.92602896567149,-1340.7123881161745,-541.1981790034415,-18.115550042452526,104.3793470353989,297.2772980180663,991.9675872496514,-128.13194056140404,-1486.82922303649,-535.598638975521
-71.56484788525545,218.00852433328785,268.30817086723255,-164.05742041626442,493.43166472206116,-173.49039429077658,-164.26920600308085,5.0431211363001465,-466.86206791755023,335.9283274632032,-225.64523723346738,-0.5935940275100228,3.08242108741575,-267.1857172502929,35.50455281805226,323.7194471604929,-271.4875538033742,16.614874998746576,62.088166711239566,357.63495472600675,329.2910913948229,-234.66142877994164,156.37211916576547,9.286146415284408,221.79043012852995,77.02917655164387,-53.26219429312431,-5.458038835024806,18.79584883390587,84.51419021091903,-167.02088301218254,-199.74487602766598,-361.4835173343574,106.30126308120808,31.377361482375722,-463.1221643665921,-187.02067804823466,-6.319816204688685,35.5192132298359,102.74397345817874,342.84869828877845,-44.65420406736468,-513.5661631387005,-184.86216151267595
49.93474381450313,-151.77244232033107,-187.0362012588288,114.60107009972542,-344.0825256820066,120.57921529242863,115.1177261741931,-3.585683034492556,325.5830386601286,-234.57360309098297,157.81779861316411,0.4837770428455937,-2.4012803008416297,186.17842653935216,-24.047759212179052,-225.45593729811924,188.4688061761101,-11.251106277554095,-43.04585836936842,-249.06250768221503,-229.72462531834668,163.3692777193007,-108.99387352788669,-6.93533520396192,-154.8848318029782,-53.26219429312431,37.60302611612502,4.064545169544375,-12.99081579431207,-58.963090223692404,116.23760116652035,139.1328813261988,251.96548976091944,-73.811133819519,-22.001532772951734,322.98555905266284,130.29008706119123,4.5342147669802335,-25.249668171838035,-71.55962668077045,-238.82126862795715,30.661766430083702,358.0661064493711,129.0861173883034
5.330063327670106,-15.7409786186488,-19.68534333862826,12.067287238756572,-36.311143222481505,12.34073276699205,12.406871128997974,-0.5115824246799976,34.45926673785966,-24.9606167353441,16.676347610836185,0.12420852619634326,-0.3575967408376543,19.737170653232425,-2.412057264160087,-23.822359153196285,19.52236376596061,-1.220223366246717,-4.49036726002703,-26.42701158923392,-24.302034548853168,17.193368206978104,-11.47750148845524,-1.0703618902660204,-16.424307092690388,-5.458038835024806,4.064545169544375,0.9519140939277856,-1.510506680676058,-6.130939605648047,12.172920965620976,14.659763076189982,26.550982154091304,-8.053299635547535,-2.2533409605769785,33.999868551681864,13.52215674422189,0.4668307035307499,-3.0780484737462155,-7.5662849805953085,-24.97070481319394,3.1221868312425776,37.96094745247371,13.571893582406915
-17.510209788497924,52.66302833020198,65.22498049364246,-39.458894366671075,119.90698840523737,-41.713217314614084,-40.30246654469544,1.5300719115092773,-114.01770465553376,81.42328774661682,-54.86082416856979,-0.03024494824777435,0.6158363670665614,-65.17757867926854,8.63963214545246,78.6915237210049,-65.62421900551581,3.926889993168535,14.930037471505774,87.17839484947952,79.81390655637568,-57.01181783199172,37.817789553322754,2.8510314868054296,54.402006462388265,18.79584883390587,-12.99081579431207,-1.510506680676058,5.101890237631805,20.681622002517763,-40.2688469240038,-48.455420631071505,-87.64765624576185,26.038304771028738,7.941861281787431,-112.47599588532727,-45.337603337742046,-1.3364923571407146,8.744855003479152,24.826925066704526,83.56379965405341,-10.261945788537671,-124.92005037720463,-44.7281161601954
-78.91314441886315,240.17663174238865,295.8978240603359,-181.06069488413053,544.1942664150622,-190.83644436865816,-181.84693605988375,5.7599839795705945,-515.1074147968808,370.6790434993347,-249.29040187300512,-0.5352510380204656,3.664623026607089,-294.6367291519729,38.5043271916479,356.89023872624125,-298.8344626595643,18.134989170256805,68.36909766732738,394.2907261319943,363.1377285250384,-258.56078577441764,172.42306871582525,10.767898322750739,244.85353838066658,84.51419021091903,-58.963090223692404,-6.130939605648047,20.681622002517763,93.4576807779944,-183.94012497214092,-220.07933355826705,-398.4207803307671,116.9385601849857,34.6458937405282,-510.79462540831366,-206.04582291700393,-7.0548689279662895,39.609456553889764,113.27990545416047,378.0236594930486,-48.79052056390432,-566.2838129746962,-203.95664657251828
156.0006081279687,-474.75723499043,-584.6030090746665,358.26236633703905,-1075.398369427509,377.5557686645436,358.4782170037064,-11.095478070194408,1016.9124458138189,-732.9255952530633,492.1721368873234,1.580964354670443,-7.184005725567789,581.9862911108792,-76.96548914453177,-705.3765575396055,590.836087417944,-36.16325621049083,-135.6812719778465,-779.0798279063084,-717.9181649218905,511.11613156404604,-340.9751043337339,-20.298430397519088,-482.81326308954544,-167.02088301218254,116.23760116652035,12.172920965620976,-40.2688469240038,-183.94012497214092,364.2270930178539,435.18274054597435,788.0479983417295,-231.21349662313537,-67.90067446463242,1009.3212839274835,407.6009507451113,13.793265362984998,-78.2303684567491,-224.09808576346742,-746.2772025565997,97.74073946301115,1119.2611088482863,403.3464675763996
186.52422325334797,-567.5047934638561,-699.0559434190011,428.1035500111348,-1285.8424146546504,451.1991560692039,428.96961907870804,-13.392078300621597,1216.2827484949282,-876.1165597051822,588.6340772245877,1.7072490964947538,-8.560372452606085,695.8755994594214,-91.6744596688512,-843.2750321352837,706.2532643531212,-43.032853318529206,-161.9728348736112,-931.4735937222624,-858.2902532990114,611.0467983654274,-407.6146143052711,-24.677615738815934,-577.7185417976297,-199.74487602766598,139.1328813261988,14.659763076189982,-48.455420631071505,-220.07933355826705,435.18274054597435,520.3114549438426,942.0115090716271,-276.38402522608595,-81.568638117496,1206.8019574078996,487.2097224648293,16.506456739448183,-93.62026420392336,-267.8313601812948,-892.5966100779009,116.36352792307954,1338.2719569567296,482.0830111735072
337.84334753633163,-1027.380967239078,-1265.7790312767154,775.3054927362939,-2328.5079087544723,816.5343098924806,776.8641933287172,-24.51702557433856,2202.448684947605,-1586.946151191496,1065.9505673477559,3.3378856696676236,-15.389756548032226,1260.3116788214616,-166.4828603828697,-1527.3388544881707,1278.1477241528878,-78.01850588313461,-293.44854830073353,-1687.1183732161867,-1554.4621738083183,1106.426176425984,-738.0749793224866,-44.94179301257543,-1046.1883302021408,-361.4835173343574,251.96548976091944,26.550982154091304,-87.64765624576185,-398.4207803307671,788.0479983417295,942.0115090716271,1706.0745494384337,-500.7859450632706,-147.31988302702166,2185.346592046999,882.5658275904713,29.582202581666483,-169.86150858773726,-484.9831994339163,-1616.0459918607246,210.73903079405022,2423.5689775731107,873.3909860245503
-99.19633094092526,301.43143468954776,371.44250643185165,-227.27179120847964,683.4258221224384,-239.37850720395363,-227.79299248794692,7.3878693363920025,-646.6424205110294,465.91155339108536,-312.52610364858964,-1.0933771137038562,4.275978703423086,-370.37947323152514,49.555865859768225,448.7789873257756,-374.9644679911691,23.24591473488307,86.08743522514264,495.93138588124043,456.3783140743958,-324.8730808358249,216.50451259687304,13.444154988693892,307.2777294402213,106.30126308120808,-73.811133819519,-8.053299635547535,26.038304771028738,116.9385601849857,-231.21349662313537,-276.38402522608595,-500.7859450632706,147.8946780063683,42.85398230053455,-641.3422914692716,-259.0474088080278,-8.468860308210363,49.92809807589809,142.32294116214203,474.32363828881216,-61.7945732912224,-711.5780652120955,-256.4052621036889
-29.277686873340194,88.83063448661059,109.63600664765141,-66.8007330226888,201.4644947732039,-70.6750349661958,-67.61620432796666,2.1364572938398796,-190.97888051018714,136.82854714213548,-92.46237860498742,-0.02422721427533881,1.3414324699938378,-108.89997095445187,13.806940618898755,131.72531684724132,-110.63608978809023,6.350807905391087,25.100429321602725,145.57906575264207,134.15404981722523,-95.66210444244057,63.76432286339709,4.191909384751847,90.92602896567149,31.377361482375722,-22.001532772951734,-2.2533409605769785,7.941861281787431,34.6458937405282,-67.90067446463242,-81.568638117496,-147.31988302702166,42.85398230053455,13.498221240274846,-189.06901787502082,-76.18359167157564,-2.6453034358803347,14.542500304255578,41.80818149412965,140.24841652920804,-17.6373787911234,-209.57842204301264,-75.21314433279703
432.76319636871904,-1316.3400162217438,-1621.7150572990108,993.18491658487,-2983.123960839968,1046.2007549944824,995.6332084403589,-31.362583303333714,2822.0331671127956,-2032.8544111487968,1365.8879254086628,4.001080056750265,-19.866112436561593,1614.6597824927615,-212.59954935101072,-1956.5415691462167,1637.641878564373,-99.73421046537833,-375.65307877973527,-2161.2808219466588,-1991.344260429023,1417.4561062608752,-945.5164222655255,-57.80752969953351,-1340.7123881161745,-463.1221643665921,322.98555905266284,33.999868551681864,-112.47599588532727,-510.79462540831366,1009.3212839274835,1206.8019574078996,2185.346592046999,-641.3422914692716,-189.06901787502082,2799.83625133337,1130.3938541435587,38.15446829797936,-217.5578930682643,-621.2487867832837,-2070.7507214456564,269.4083821663019,3104.75607589568,1118.7162494111271
174.76952016618947,-531.3593581402595,-654.704022831076,400.96567464132545,-1204.4238934392874,422.2601179273571,401.7574176254404,-12.775337717157836,1139.220488767648,-820.8315846121242,551.3336811585973,1.7799570896670698,-7.8012391539231505,651.9340872260921,-86.3986167706078,-790.1032143019814,660.9301276322531,-40.32329258607926,-151.85096149749054,-872.7584560762083,-804.0947015168354,572.290195238122,-381.73696371503615,-23.235969965919114,-541.1981790034415,-187.02067804823466,130.29008706119123,13.52215674422189,-45.337603337742046,-206.04582291700393,407.6009507451113,487.2097224648293,882.5658275904713,-259.0474088080278,-76.18359167157564,1130.3938541435587,456.7638729443834,15.117864939369117,-87.82063062189533,-250.8068097868919,-835.9448089316526,108.98996048005756,1253.60543983077,451.89406662424
5.772280991135607,-18.27367376887201,-22.09929050770037,13.711814323984708,-40.5490438916154,14.768391872888023,13.4445301237965,-0.07176638107526498,38.21599277095098,-27.590182687748804,18.682093494770672,-0.04310185796156993,-0.5008454982817016,21.78198972849565,-2.3337961931153,-26.378657350066007,22.779024641543174,-1.3010425798958696,-4.923230719836835,-29.023424160964947,-27.07756495038363,19.305227641883565,-12.93884575953143,-0.49206912510560763,-18.115550042452526,-6.319816204688685,4.5342147669802335,0.4668307035307499,-1.3364923571407146,-7.0548689279662895,13.793265362984998,16.506456739448183,29.582202581666483,-8.468860308210363,-2.6453034358803347,38.15446829797936,15.117864939369117,0.9404658109132665,-2.7580167608408392,-8.498420478194483,-28.23152403812497,3.699210904243037,42.03445047876461,15.093194917784198
-33.69575911666249,101.722372490455,125.96391667542244,-77.25766954614548,231.90716812772692,-80.37943252495,-78.00378283379264,2.8428818773681814,-219.47403402625278,158.42831867604718,-106.42386876621504,-0.408124886633726,1.661860047197293,-125.52909200269282,16.35020002282786,152.15690296139047,-126.2579865553109,7.669273773389733,29.26072320078233,168.1414364009542,154.9709170166239,-109.92611943769143,73.4833508937789,5.120864352102197,104.3793470353989,35.5192132298359,-25.249668171838035,-3.0780484737462155,8.744855003479152,39.609456553889764,-78.2303684567491,-93.62026420392336,-169.86150858773726,49.92809807589809,14.542500304255578,-217.5578930682643,-87.82063062189533,-2.7580167608408392,17.718365407730747,48.278007045230375,160.57447759864357,-20.726037400090238,-241.51084949587352,-87.15352797040495
-95.99902423802926,292.13660063011963,359.85330009078467,-220.48608998206487,661.952368924148,-232.22119134946416,-220.81395868388137,6.907966682119897,-626.035978950043,451.1455335818203,-303.01043890064517,-0.9065105946170117,4.457107144707561,-358.2317240334792,47.25043982991495,434.1952846937311,-363.5772945047574,22.253311774063555,83.48146303328713,479.57102797541984,441.90142397640614,-314.5531017580704,209.8832630765504,12.658750913587086,297.2772980180663,102.74397345817874,-71.55962668077045,-7.5662849805953085,24.826925066704526,113.27990545416047,-224.09808576346742,-267.8313601812948,-484.9831994339163,142.32294116214203,41.80818149412965,-621.2487867832837,-250.8068097868919,-8.498420478194483,48.278007045230375,137.93801047126334,459.3818908804159,-60.069898098321595,-688.9442695357309,-248.24154888810165
-320.036441958591,973.6465160046856,1199.5580953646265,-734.1734155350515,2206.354842522065,-773.8674012673018,-736.4244292985875,23.234215621267253,-2087.6045230097766,1503.0249418460278,-1010.1788392271802,-2.6691734608890387,14.53016423115138,-1194.2699631714086,157.16820581107726,1447.0299835949331,-1211.5634900708724,73.69739285657292,277.6253976019946,1598.5228485091502,1472.564478906105,-1048.4067777084372,699.23143466985,42.92786551498828,991.9675872496514,342.84869828877845,-238.82126862795715,-24.97070481319394,83.56379965405341,378.0236594930486,-746.2772025565997,-892.5966100779009,-1616.0459918607246,474.32363828881216,140.24841652920804,-2070.7507214456564,-835.9448089316526,-28.23152403812497,160.57447759864357,459.3818908804159,1532.0921315747134,-198.91094578169432,-2296.2349245164387,-827.0997231001446
41.54944187679869,-126.98810798913624,-156.05922187215347,95.95913415731427,-287.1267880295573,101.19017728619534,95.05984760853393,-2.7349551487165504,270.8211608956065,-195.84439903954734,131.05592159485317,0.5755878344684396,-1.9191194955448527,155.17275030271261,-21.081524689987962,-188.5053621476232,158.3612656904074,-10.040479650628514,-36.647411992878794,-207.96633619463591,-191.84323673711327,136.57165809025685,-91.27615451847016,-4.66687768810074,-128.13194056140404,-44.65420406736468,30.661766430083702,3.1221868312425776,-10.261945788537671,-48.79052056390432,97.74073946301115,116.36352792307954,210.73903079405022,-61.7945732912224,-17.6373787911234,269.4083821663019,108.98996048005756,3.699210904243037,-20.726037400090238,-60.069898098321595,-198.91094578169432,27.147686071795757,298.850012081879,107.80395886547637
479.999650004283,-1459.4152153659268,-1798.393233510191,1101.211680138088,-3308.207159074194,1159.697483937832,1104.1825345906796,-35.045392164392354,3129.609842911006,-2254.4590006099056,1514.5680034951451,4.52425600129303,-21.887290021470104,1790.7096059948237,-236.18679553116772,-2169.9196898444948,1815.7083139355968,-110.74274930855022,-416.6833444778471,-2397.0790635016965,-2208.3313348761926,1571.8717149912882,-1048.5052519238134,-64.4150215829542,-1486.82922303649,-513.5661631387005,358.0661064493711,37.96094745247371,-124.92005037720463,-566.2838129746962,1119.2611088482863,1338.2719569567296,2423.5689775731107,-711.5780652120955,-209.57842204301264,3104.75607589568,1253.60543983077,42.03445047876461,-241.51084949587352,-688.9442695357309,-2296.2349245164387,298.850012081879,3443.2899980046905,1240.625413246982
172.92894106938343,-525.8254270878347,-647.894386291685,396.98822907018285,-1191.9722333505142,417.75228609406474,397.7664258589546,-12.631338774371436,1127.3698312502515,-812.6130906067621,545.778160884531,1.804278291074511,-7.893177568612554,645.1890062334335,-85.240231527526,-781.9337139873437,653.8399281139207,-39.92452001745563,-150.1965467131684,-863.7085194642922,-795.8945108541595,566.2782583181717,-377.80302982144593,-23.144588538474462,-535.598638975521,-184.86216151267595,129.0861173883034,13.571893582406915,-44.7281161601954,-203.95664657251828,403.3464675763996,482.0830111735072,873.3909860245503,-256.4052621036889,-75.21314433279703,1118.7162494111271,451.89406662424,15.093194917784198,-87.15352797040495,-248.24154888810165,-827.0997231001446,107.80395886547637,1240.625413246982,447.3359002636905
