V1,V2,V3,V4,V5,V6,V7,V8,V9,V10,V11,V12,V13,V14,V15,V16,V17,V18,V19,V20,V21,V22,V23,V24,V25,V26,V27,V28,V29,V30,V31,V32,V33,V34,V35,V36,V37,V38,V39,V40,V41,V42,V43,V44
0.3875582207568491,0.3188597803413502,0.17681670381565995,-0.30549824637688994,0.6012860793478614,-0.43805700346682697,-0.09574770395113708,-0.6116233841449057,-0.21961606439984926,-0.16546166061843673,-0.16530118430614232,-0.11776041993959231,-0.2558109778671425,0.41574370952321466,-0.3770653088650169,-0.5673834171210667,-0.0361950977079037,0.25924769517564195,-0.0476154448989949,-0.26400586720699537,-0.09771729558594987,-0.5983184278278819,-0.3900612159932838,-0.6370164275247526,0.1476465825146283,0.04102647770485999,-0.1698475624309813,0.1717324181829403,0.5351265389978921,-0.6504841224743841,-0.14189504077657686,-0.7737500850191599,-0.053023978871971605,-0.5993849470659595,0.13471490212944007,0.07275104949389144,0.25974308621269027,0.1170331121003782,-0.5473021322374217,-0.1390571949140619,0.42803593041106985,0.5008582760784298,0.3464349691267466,0.0848966901162843
0.3188597803413502,1.3261388243559,0.1715513322127551,-0.4529727194734443,-0.15096488588115853,-2.134075117657588,0.8565324385424171,-1.197142824174811,0.6936795688207853,-0.7247149755349948,0.08474913028702104,0.28797524484597936,0.3404292193885247,0.6868711567178198,-0.9358293803099403,-0.7790142870848957,-2.25463701466127,-0.0604030679544136,-0.22146179463289112,-1.2442770375377519,-0.3091748346373475,-0.3089575108907241,0.2124152542480002,-1.5404544850603055,-0.6785143359302643,0.5245308507503734,0.007427900581901666,0.5750425797148888,-0.4762298711747552,0.10613648876935314,-0.4904667847139769,-0.48277313264460187,0.2565380336242037,-1.035188812743856,0.431519562638943,-0.11362637656330932,0.4120920908586839,-1.0102907508697332,-1.2689145586859594,0.14697740066994028,0.4127243070786686,-0.532165710692851,0.7149673031273395,0.5085514382076137
0.17681670381565995,0.1715513322127551,0.2502143687431671,-0.49099001487655597,0.27883930864053463,-0.17551889151049851,-0.4582499689050924,-0.38433951670398947,-0.12315369762590413,0.10532127581415737,-0.34424033745345534,-0.22347075764072852,-0.2796327261251225,0.34375972102546803,0.3029774614014319,-0.2843967459121588,-0.27007085234092093,0.4353401758057738,0.08713220233049576,-0.45783765244577096,-0.003715746307368046,-0.37071223117203855,-0.3225661768059917,-0.2410524956968937,0.17052139686031537,0.23528317559410247,0.06874012886057737,0.16756560924880773,0.43523851223801485,-0.5088339079437306,-0.2209029446901475,-0.23399870376015003,-0.03249607279675686,-1.0214108316706738,0.14284136867878797,0.1325638119133063,0.0852589483594821,-0.10831380118586002,-0.0910766907483221,0.04740116879660648,-0.05699546342259106,0.3029027761838868,0.1853348283912367,-0.3318703265668345
-0.30549824637688994,-0.4529727194734443,-0.49099001487655597,1.193854113838667,-0.24223265476973696,0.5482715581723531,0.9576650216678634,0.8969904527667307,-0.02366871963911378,-0.22660180397264654,0.6995741938826564,0.5383717937748445,0.5304181301916353,-0.7838374425581047,-0.9116006554894707,0.6201874690823826,1.0018280027290092,-1.0609044568065615,-0.21293632295992182,1.2680393583098044,0.07715920003939714,0.6934324855843201,0.6728131705159959,0.5533589727356363,-0.18891603159160086,-0.6732746791454972,-0.2972044594997896,-0.3381810161253803,-0.8203811546950288,1.0121844361799734,0.5762863662895688,0.22156154707451597,-0.075534433356888,2.445547099272424,-0.2733395558852605,-0.422755401395156,-0.2470993432390193,0.5189024273043236,0.12835622864402843,-0.21140451612740607,0.484198736668643,-0.4621269451815676,-0.5247390557568663,0.7978310218701329
0.6012860793478614,-0.15096488588115853,0.27883930864053463,-0.24223265476973696,1.6422013561454254,0.445728051175665,-0.6842649092709112,-0.4517091914876861,-1.156213333125234,0.15732921308944936,-0.38808197249231086,-0.36761188130635064,-0.705070931932703,0.26232170533280097,-0.4673264681973071,-0.6030511798081117,1.5603735198363011,0.4164916124173862,0.015310014591851844,0.6009853287185389,0.09459146667631096,-1.1411776684607204,-0.8738850933047485,-0.3551194118670442,0.8397364516356202,-0.3842522769643172,-0.494381096534772,-0.045983945726605156,1.422656508288715,-1.351961532140375,0.05566676176332772,-1.5272751053127342,-0.4226122238787511,-0.19118334126673805,-0.018741594787717638,6.701612123740406e-4,0.22459500549286596,1.0662516799243542,-0.3969030911594842,-0.4484923738454176,0.9369055128044746,1.460363618785741,0.06388709121839348,-0.03168892387404763
-0.43805700346682697,-2.134075117657588,-0.17551889151049851,0.5482715581723531,0.445728051175665,3.5010764017579454,-1.631724990919118,1.8241982853627017,-1.2617255141780865,1.2713358507731032,-0.2848658594096958,-0.5894479316425942,-0.6932981549112675,-1.0118057553997577,1.65304851137415,1.162813598063101,3.7152265425391557,0.29484081457394623,0.3858658083133437,1.9370076456694771,0.5302649945590265,0.3181732354630125,-0.5093604298228105,2.468202199099485,1.2427056880466205,-0.7970389331825314,-0.012309617798753027,-0.9178707779226071,1.0279869596432956,-0.42388924129381544,0.7286154285077525,0.6430268021349982,-0.45825937907332265,1.3563137824646387,-0.6778643306851411,0.23664336508826728,-0.631739030833147,1.6836306496597488,2.0644268877510434,-0.24312902945520726,-0.6749642549509103,1.064854241545108,-1.1358636215678504,-0.9813926220540304
-0.09574770395113708,0.8565324385424171,-0.4582499689050924,0.9576650216678634,-0.6842649092709112,-1.631724990919118,2.29065883460467,-0.14572531645485418,0.9445502375705919,-1.0317619935231146,1.1586347750796053,0.8519082133855138,0.8888814539661614,-0.28125596402118924,-1.4509588489783452,0.12620079402991805,-1.473889997466105,-1.0985417605233423,-0.3217108498619787,0.265999665677914,-0.24123930471868668,0.5177531625992643,1.051183642447458,-1.0607737410881546,-1.1523722076025225,-0.04769851381643522,-0.07123091464179826,0.24516493704742465,-1.542608937501653,1.2853627272677444,0.030322895220911795,-0.061055191818185604,0.14016866167738776,1.9325346133876429,-0.05597853715202141,-0.4977443523790658,0.02253686331962149,-0.4485535051286304,-1.1862295947273767,-0.0017688875620425492,0.7581844414747528,-1.4661016158076408,0.1109100991721158,1.386827081143232
-0.6116233841449057,-1.197142824174811,-0.38433951670398947,0.8969904527667307,-0.4517091914876861,1.8241982853627017,-0.14572531645485418,1.5377936384529476,-0.2711457904812578,0.5009671370994322,0.2886728792770284,0.10827469386658503,0.17035033966686014,-1.0015502648855588,0.6028861607981509,1.147234984973468,1.6943262469024365,-0.532654128021069,0.1304833108817045,1.3753761699642895,0.30649204406942815,0.8969407758861478,0.43124315493964055,1.620241099435635,0.24107430555738382,-0.5631416417069721,0.05503638668190963,-0.5357629670228223,-0.42873804503545504,0.8072176680015332,0.5869266031696878,0.9901992593546503,-0.16347505931889084,1.8572584111895103,-0.43711364914204187,-0.16331043740828421,-0.593199122304054,0.7060368190169187,1.246338223690058,-0.0365197629780282,-0.4085705692608982,-0.2576446312133475,-0.904854606122106,-0.14966153957385317
-0.21961606439984926,0.6936795688207853,-0.12315369762590413,-0.02366871963911378,-1.156213333125234,-1.2617255141780865,0.9445502375705919,-0.2711457904812578,1.1643278406081612,-0.47839308349531157,0.3907214316251808,0.3374151462459545,0.5295193104769278,0.1798851464452003,0.059806700699129786,0.049503203833130865,-2.076422791034141,-0.2070154967790269,-0.06458428065756995,-0.9483525507187907,-0.23004769212048756,0.577289548212624,0.6382073164938357,-0.549889165463104,-0.9343307744116477,0.5494910121844669,0.4054126745927579,0.33128335396954733,-1.1226368105955122,0.8432006237436492,-0.2951039051946383,0.7489199361768492,0.3811503155998145,-0.3237062365180638,0.1501653027296501,0.04236667954743791,0.01865508020908035,-1.1016130125333203,-0.3823398171213774,0.35766211017615507,-0.4597106813471873,-1.290380121352937,0.3262598083823308,0.2618252978277191
-0.16546166061843673,-0.7247149755349948,0.10532127581415737,-0.22660180397264654,0.15732921308944936,1.2713358507731032,-1.0317619935231146,0.5009671370994322,-0.47839308349531157,0.7498777965027089,-0.3560044410630435,-0.46043790430871107,-0.4306560606861461,-0.2612756965490624,1.211163928728035,0.42494261942264056,1.0353583596392764,0.5569271515064356,0.2440403869450802,0.4086019510377391,0.2575157669722472,-0.05152077980532067,-0.3862996865421143,0.9455747917273132,0.5618853892838573,-0.014970879192113224,0.15259182727653828,-0.37903592320319607,0.6497966750643962,-0.4359636866952776,0.0609017003508132,0.3501726097149031,-0.17375654126401832,-0.2189956490289938,-0.244014908947049,0.22894933673222256,-0.18465539139943185,0.3973972549497562,0.9536031200405383,0.05582605585440568,-0.6114196875114238,0.47938694557273787,-0.4037901888397104,-0.7717747886432791
-0.16530118430614232,0.08474913028702104,-0.34424033745345534,0.6995741938826564,-0.38808197249231086,-0.2848658594096958,1.1586347750796053,0.2886728792770284,0.3907214316251808,-0.3560044410630435,0.7571303855084891,0.3396160059389439,0.3543111989806178,-0.4234195649355538,-0.3105699305670187,0.3875758810484463,-0.2126479426490931,-0.4942423786937187,-0.061854932572151036,0.6271005236644157,-0.03976396127904314,0.35181044201869205,0.5204029875811323,-0.18260205799659773,-0.5172526504518502,-0.12273235549244262,0.048896778131379146,-0.06437079983971421,-0.7096319481891149,0.6531797232225313,0.11248276096414565,0.13097364932165864,-0.024287322532537382,1.552166507906575,-0.2744287258138599,-0.19411569172335955,-0.12842671075916823,0.09170298763603672,-0.3044020239238099,-0.025380976981225163,0.22364544568746886,-0.779809443397453,-0.1762260508528401,0.6168691451652493
-0.11776041993959231,0.28797524484597936,-0.22347075764072852,0.5383717937748445,-0.36761188130635064,-0.5894479316425942,0.8519082133855138,0.10827469386658503,0.3374151462459545,-0.46043790430871107,0.3396160059389439,0.5804516626696847,0.6278535616272499,-0.1491944279746718,-1.1826832810255656,0.019626859489734118,-0.4525432835768332,-0.8806013869774479,-0.29018971281037903,0.04573268472477807,-0.10285938183729194,0.5036813829788094,0.6342654102003492,-0.18419695861962634,-0.41539668380527445,-0.22805657938429794,-0.23271423026723004,0.07188747830843871,-0.915677708522047,0.9067821317922535,0.2131587220000649,0.10927380951617133,0.15857986589382256,0.8839148194535109,0.16733765780396104,-0.37057774401194005,0.014643338402800323,-0.29364647623188267,-0.3620255270797495,-0.030267948455468437,0.43755323215816955,-0.5498584194039964,0.0017979359285553163,0.7258470289199088
-0.2558109778671425,0.3404292193885247,-0.2796327261251225,0.5304181301916353,-0.705070931932703,-0.6932981549112675,0.8888814539661614,0.17035033966686014,0.5295193104769278,-0.4306560606861461,0.3543111989806178,0.6278535616272499,0.8573859058970486,-0.22984260782566868,-1.233423783881103,0.1041304636114901,-0.7507932143595615,-0.9683704723993811,-0.37424442145821996,-0.11125753636280848,-0.10295214940744742,0.7343973968730568,0.8013651705463605,-0.028523994887975183,-0.5293692779380262,-0.18904424513175894,-0.20598221980159895,-0.04480019383642102,-1.1773996617531832,1.2158418273258171,0.21614886494427551,0.4513033752856591,0.29337098704675785,0.9263460444544209,0.1724175633293792,-0.39117437044286635,0.07670475183568318,-0.607277321270601,-0.2046806536874881,0.06389908949970002,0.19218360203920054,-0.7463281392670775,-0.03210401754960817,0.7176969162164332
0.41574370952321466,0.6868711567178198,0.34375972102546803,-0.7838374425581047,0.26232170533280097,-1.0118057553997577,-0.28125596402118924,-1.0015502648855588,0.1798851464452003,-0.2612756965490624,-0.4234195649355538,-0.1491944279746718,-0.22984260782566868,0.8554079627608058,-0.14284009803996842,-0.851866139001601,-1.0814000120496816,0.48609537328745944,-0.027635996519330016,-1.2280729536987298,-0.22441438998808502,-0.5528156462173396,-0.39413378443553454,-0.9279740573989788,-0.0546819236174787,0.4420713714571684,0.04022783774732668,0.4735255256044806,0.4033750478015447,-0.6694504840788424,-0.4050025904553168,-0.5238935062053031,0.16103471202330275,-1.8465646107043625,0.4108488190031452,0.23745299938734102,0.3419914446062946,-0.5136871255464032,-0.6578720264870115,0.0599359914517437,0.08425740015293799,0.29257679355949284,0.6903560988399413,-0.15354303431191413
-0.3770653088650169,-0.9358293803099403,0.3029774614014319,-0.9116006554894707,-0.4673264681973071,1.65304851137415,-1.4509588489783452,0.6028861607981509,0.059806700699129786,1.211163928728035,-0.3105699305670187,-1.1826832810255656,-1.233423783881103,-0.14284009803996842,4.2972761691584935,1.0159154507635455,0.10112326758470747,1.9633443159467356,1.0368446908084095,-0.026975015062546376,0.3302781131627539,-0.18293017777011783,-0.7397600668660113,1.0186017645106609,0.3173967016675153,0.9704836665910149,1.3088588980034044,-0.038592078775294476,1.047468223910746,-1.1075019469175558,-0.5986311827752078,1.2045645741163842,-0.3288565048552904,-1.5770609227659922,-0.6343228430344086,0.9123511939680122,-0.7073255010426562,0.28553997367510586,1.4829698810791019,0.5167517124817386,-1.9761030642952044,-0.22287206471821586,-0.4261952930236324,-2.007025533581053
-0.5673834171210667,-0.7790142870848957,-0.2843967459121588,0.6201874690823826,-0.6030511798081117,1.162813598063101,0.12620079402991805,1.147234984973468,0.049503203833130865,0.42494261942264056,0.3875758810484463,0.019626859489734118,0.1041304636114901,-0.851866139001601,1.0159154507635455,1.1191292858848532,0.7038846049314799,-0.19303079202018125,0.22727620527913509,1.0142167451327069,0.26942949884346756,0.7089377518185239,0.4309064237488768,1.1156711989208425,-0.048034038391416595,-0.1509335266253848,0.30572947848539456,-0.37671377564490943,-0.48539583473212233,0.6876295158335508,0.25363760468334806,0.9856400563782011,-0.16513507895116844,1.4248017814799347,-0.4581032621790555,-0.08570319780044107,-0.5442575662924222,0.3393641487875892,0.9440417274955751,0.12863495474878817,-0.5592021787854744,-0.6333464238104476,-0.7632282910733013,-0.23019034265712524
-0.0361950977079037,-2.25463701466127,-0.27007085234092093,1.0018280027290092,1.5603735198363011,3.7152265425391557,-1.473889997466105,1.6943262469024365,-2.076422791034141,1.0353583596392764,-0.2126479426490931,-0.4525432835768332,-0.7507932143595615,-1.0814000120496816,0.10112326758470747,0.7038846049314799,5.272354846666363,-0.17447143085236183,0.09835185022330332,2.8285893216308615,0.5181776835467393,-0.21582902846579366,-0.8011164835429261,2.2106315766499254,1.705816595199334,-1.5466799121640467,-0.754800865876153,-1.1124126044679457,1.5810847349569956,-0.8374288817276545,1.1250504015680887,-0.592427261212357,-0.6718717530023138,2.4572361719178013,-0.6993557588708206,-0.044596525495295525,-0.36341726470545543,2.5912954395671575,1.5392098315437663,-0.771816844793497,0.5049749491367387,2.0617778057924565,-1.122193140787686,-0.29395237242380695
0.25924769517564195,-0.0604030679544136,0.4353401758057738,-1.0609044568065615,0.4164916124173862,0.29484081457394623,-1.0985417605233423,-0.532654128021069,-0.2070154967790269,0.5569271515064356,-0.4942423786937187,-0.8806013869774479,-0.9683704723993811,0.48609537328745944,1.9633443159467356,-0.19303079202018125,-0.17447143085236183,1.5415816463585452,0.46928889194185464,-0.5495664968264419,0.0686352291576523,-0.8666291372709494,-0.9477821411639785,-0.1765999954905926,0.3866993950900647,0.6701795334074343,0.519160341867533,0.09552959645387339,1.3047333288806673,-1.4573983575260465,-0.5668711295192677,-0.1971631274260532,-0.17537430130413736,-1.889488295953837,-0.15892083488318065,0.6473966085720607,0.05224526126609809,0.08860753552521228,0.238742222685086,0.17225269945596194,-0.7429911913155256,0.5567551280289529,0.22384982398573386,-1.1218660371163631
-0.0476154448989949,-0.22146179463289112,0.08713220233049576,-0.21293632295992182,0.015310014591851844,0.3858658083133437,-0.3217108498619787,0.1304833108817045,-0.06458428065756995,0.2440403869450802,-0.061854932572151036,-0.29018971281037903,-0.37424442145821996,-0.027635996519330016,1.0368446908084095,0.22727620527913509,0.09835185022330332,0.46928889194185464,0.3391823673285919,0.08464241057352981,0.07311617301186807,-0.15840527473194227,-0.22307640025712813,0.11261363473396592,0.08732132859079263,0.20433008430557473,0.3262223828109405,0.10151343424145093,0.31909091065018147,-0.36123934324474283,-0.1638653000919669,0.1427734325335114,-0.15640025989443052,-0.3942381719611509,-0.15758295669387468,0.17755068915257505,-0.23897571319143854,0.2202547887558029,0.2566496599505314,0.08541012847427475,-0.3364552143041003,-0.007605587376515468,-0.08614192803433653,-0.46309166033553706
-0.26400586720699537,-1.2442770375377519,-0.45783765244577096,1.2680393583098044,0.6009853287185389,1.9370076456694771,0.265999665677914,1.3753761699642895,-0.9483525507187907,0.4086019510377391,0.6271005236644157,0.04573268472477807,-0.11125753636280848,-1.2280729536987298,-0.026975015062546376,1.0142167451327069,2.8285893216308615,-0.5495664968264419,0.08464241057352981,2.5187432357563333,0.3754413103452869,0.1783777871576901,0.1018509861373287,1.169852490623698,0.5216539161489357,-0.9862723205927574,-0.34407904228524694,-0.7555906596334035,0.21981530464989152,0.20002383780479882,0.714750927670323,-0.19746843557330862,-0.5528481127552876,3.1385135586741364,-0.7528866708376567,-0.3393714017174361,-0.4524412040951677,1.6598401059067491,0.6896505894888835,-0.4259699896145863,0.5260362983607881,0.3521698948111909,-1.0383718464697438,0.35130138010110423
-0.09771729558594987,-0.3091748346373475,-0.003715746307368046,0.07715920003939714,0.09459146667631096,0.5302649945590265,-0.24123930471868668,0.30649204406942815,-0.23004769212048756,0.2575157669722472,-0.03976396127904314,-0.10285938183729194,-0.10295214940744742,-0.22441438998808502,0.3302781131627539,0.26942949884346756,0.5181776835467393,0.0686352291576523,0.07311617301186807,0.3754413103452869,0.13670859836496962,0.03609955913253543,-0.04277190108186798,0.4050917892266135,0.20263639793505683,-0.09578318514330615,0.016533323592939107,-0.16594960042041546,0.14232205656687327,-0.035942623845102675,0.0826906253776416,0.11745555913542534,-0.12228084945079282,0.28579888917376833,-0.13356327822906278,-0.01727396256167977,-0.13175780867910447,0.25070436210039015,0.3471834515719712,-0.009887037657369833,-0.10156175587572185,0.10989881781938943,-0.2690254664906441,-0.19114021506766923
-0.5983184278278819,-0.3089575108907241,-0.37071223117203855,0.6934324855843201,-1.1411776684607204,0.3181732354630125,0.5177531625992643,0.8969407758861478,0.577289548212624,-0.05152077980532067,0.35181044201869205,0.5036813829788094,0.7343973968730568,-0.5528156462173396,-0.18293017777011783,0.7089377518185239,-0.21582902846579366,-0.8666291372709494,-0.15840527473194227,0.1783777871576901,0.03609955913253543,1.2227280042008544,0.8942896417998422,0.8685995740116931,-0.4373103806313476,-0.1762155264374499,0.10043183946888448,-0.19467666746504522,-1.291912758537524,1.4400754442499974,0.348284443070498,1.2431922397935429,0.26184814565427383,1.1317785087730032,-0.023319204844518927,-0.22433046371802204,-0.3066816007783087,-0.43182701689667313,0.6160707704196623,0.18865080476397794,-0.45295725609476234,-0.9842026181639448,-0.3974304260955941,0.26227188248644473
-0.3900612159932838,0.2124152542480002,-0.3225661768059917,0.6728131705159959,-0.8738850933047485,-0.5093604298228105,1.051183642447458,0.43124315493964055,0.6382073164938357,-0.3862996865421143,0.5204029875811323,0.6342654102003492,0.8013651705463605,-0.39413378443553454,-0.7397600668660113,0.4309064237488768,-0.8011164835429261,-0.9477821411639785,-0.22307640025712813,0.1018509861373287,-0.04277190108186798,0.8942896417998422,0.9458860019196096,0.10225068872186766,-0.6469508187039842,-0.10518943136117467,0.0042630942623630794,0.02353812124138898,-1.353615212863687,1.3607497461985225,0.18807760617749192,0.6948242743196973,0.19776190205148783,1.1912525229959898,0.05053500389283541,-0.3921856237441841,-0.17479186628910562,-0.5074465776165309,-0.07892777003943821,0.13434222293692394,0.061294249715206466,-1.0973386217121575,-0.2105207242781369,0.628917269943928
-0.6370164275247526,-1.5404544850603055,-0.2410524956968937,0.5533589727356363,-0.3551194118670442,2.468202199099485,-1.0607737410881546,1.620241099435635,-0.549889165463104,0.9455747917273132,-0.18260205799659773,-0.18419695861962634,-0.028523994887975183,-0.9279740573989788,1.0186017645106609,1.1156711989208425,2.2106315766499254,-0.1765999954905926,0.11261363473396592,1.169852490623698,0.4050917892266135,0.8685995740116931,0.10225068872186766,2.226139077838433,0.6749470276302699,-0.5580006979443727,0.022424008519293454,-0.8035014096980396,0.04243730211428352,0.487178034938853,0.6353561672040959,1.2060929795651099,-0.10187516802865446,1.193177757774129,-0.39679778649645164,0.052011751606054826,-0.48832261163251395,0.6697241945308539,1.8447980744421717,-1.1133711207115235e-4,-0.8448348509115459,0.272928492682325,-0.9757143213285933,-0.6558533406124564
0.1476465825146283,-0.6785143359302643,0.17052139686031537,-0.18891603159160086,0.8397364516356202,1.2427056880466205,-1.1523722076025225,0.24107430555738382,-0.9343307744116477,0.5618853892838573,-0.5172526504518502,-0.41539668380527445,-0.5293692779380262,-0.0546819236174787,0.3173967016675153,-0.048034038391416595,1.705816595199334,0.3866993950900647,0.08732132859079263,0.5216539161489357,0.20263639793505683,-0.4373103806313476,-0.6469508187039842,0.6749470276302699,0.8745892992644324,-0.34323068474752827,-0.24581071978430072,-0.3074086275008549,1.061158626405045,-0.8124119128950297,0.20917683275068574,-0.3970019112554005,-0.24508548041008543,-0.2241185062065668,-0.0860278162328644,0.11746275310248645,-0.0024571805095651624,0.78239582702591,0.5737925656971902,-0.2228581026193977,0.06022714925795841,1.1608701098496985,-0.23477999515718326,-0.5065161366796829
0.04102647770485999,0.5245308507503734,0.23528317559410247,-0.6732746791454972,-0.3842522769643172,-0.7970389331825314,-0.04769851381643522,-0.5631416417069721,0.5494910121844669,-0.014970879192113224,-0.12273235549244262,-0.22805657938429794,-0.18904424513175894,0.4420713714571684,0.9704836665910149,-0.1509335266253848,-1.5466799121640467,0.6701795334074343,0.20433008430557473,-0.9862723205927574,-0.09578318514330615,-0.1762155264374499,-0.10518943136117467,-0.5580006979443727,-0.34323068474752827,0.7376819083733648,0.4954039017404522,0.35445789961655016,0.0066381575657305965,-0.2692746347554242,-0.5336866220490134,0.2525214189323985,0.11468940051544699,-1.4215190254090788,0.10820626213958538,0.29420048150260897,0.03312104345608823,-0.6943954723748695,-0.21290012033009797,0.3237667040653619,-0.558115109666067,-0.46263412319679403,0.3415968815769488,-0.44007999128008213
-0.1698475624309813,0.007427900581901666,0.06874012886057737,-0.2972044594997896,-0.494381096534772,-0.012309617798753027,-0.07123091464179826,0.05503638668190963,0.4054126745927579,0.15259182727653828,0.048896778131379146,-0.23271423026723004,-0.20598221980159895,0.04022783774732668,1.3088588980034044,0.30572947848539456,-0.754800865876153,0.519160341867533,0.3262223828109405,-0.34407904228524694,0.016533323592939107,0.10043183946888448,0.0042630942623630794,0.022424008519293454,-0.24581071978430072,0.4954039017404522,0.5620171500310266,0.18602362396164368,-0.07524870036344591,-0.05857998141663956,-0.31947735633098695,0.5700631458621868,0.0012930709726190035,-0.6278476812700079,-0.1269099225188116,0.25644388091991027,-0.24341322828376688,-0.2662882243024722,0.23774255530536517,0.2783623771865972,-0.6867569944048214,-0.5365039718883577,-0.007727525405867497,-0.5091469432390565
0.1717324181829403,0.5750425797148888,0.16756560924880773,-0.3381810161253803,-0.045983945726605156,-0.9178707779226071,0.24516493704742465,-0.5357629670228223,0.33128335396954733,-0.37903592320319607,-0.06437079983971421,0.07188747830843871,-0.04480019383642102,0.4735255256044806,-0.038592078775294476,-0.37671377564490943,-1.1124126044679457,0.09552959645387339,0.10151343424145093,-0.7555906596334035,-0.16594960042041546,-0.19467666746504522,0.02353812124138898,-0.8035014096980396,-0.3074086275008549,0.35445789961655016,0.18602362396164368,0.5949566205695928,-0.1467912484496066,-0.1104361428959264,-0.3187957876383097,-0.19416041766734102,0.05034774306056958,-1.0010850666339888,0.277618841341166,0.0023199293276636146,-0.02808411682785969,-0.3588030814488147,-0.6097684405442773,0.09152336057196254,0.16275176181167791,-0.27493232586489025,0.40798933247659097,0.01960647505701726
0.5351265389978921,-0.4762298711747552,0.43523851223801485,-0.8203811546950288,1.422656508288715,1.0279869596432956,-1.542608937501653,-0.42873804503545504,-1.1226368105955122,0.6497966750643962,-0.7096319481891149,-0.915677708522047,-1.1773996617531832,0.4033750478015447,1.047468223910746,-0.48539583473212233,1.5810847349569956,1.3047333288806673,0.31909091065018147,0.21981530464989152,0.14232205656687327,-1.291912758537524,-1.353615212863687,0.04243730211428352,1.061158626405045,0.0066381575657305965,-0.07524870036344591,-0.1467912484496066,2.026471773785084,-1.9578246840660445,-0.17570236427306846,-1.0686980957855392,-0.38833568708350075,-1.3040013890900424,-0.16131550199692724,0.49079055840329233,0.1877670853370621,0.9798870512925208,0.2225171873005286,-0.2544652068307332,0.02065825473430695,1.6764931836316732,0.11858153019173999,-0.8905372908653804
-0.6504841224743841,0.10613648876935314,-0.5088339079437306,1.0121844361799734,-1.351961532140375,-0.42388924129381544,1.2853627272677444,0.8072176680015332,0.8432006237436492,-0.4359636866952776,0.6531797232225313,0.9067821317922535,1.2158418273258171,-0.6694504840788424,-1.1075019469175558,0.6876295158335508,-0.8374288817276545,-1.4573983575260465,-0.36123934324474283,0.20002383780479882,-0.035942623845102675,1.4400754442499974,1.3607497461985225,0.487178034938853,-0.8124119128950297,-0.2692746347554242,-0.05857998141663956,-0.1104361428959264,-1.9578246840660445,2.0750277310750804,0.3961417120759928,1.1978050341843254,0.34607471628421976,1.7802508818740308,0.07414165582942778,-0.5588527368896256,-0.2455009441848769,-0.7232776163302767,0.1693058032117756,0.18296854851383726,-0.04964413639607509,-1.4435986001991457,-0.375440180910648,0.8439027362432956
-0.14189504077657686,-0.4904667847139769,-0.2209029446901475,0.5762863662895688,0.05566676176332772,0.7286154285077525,0.030322895220911795,0.5869266031696878,-0.2951039051946383,0.0609017003508132,0.11248276096414565,0.2131587220000649,0.21614886494427551,-0.4050025904553168,-0.5986311827752078,0.25363760468334806,1.1250504015680887,-0.5668711295192677,-0.1638653000919669,0.714750927670323,0.0826906253776416,0.348284443070498,0.18807760617749192,0.6353561672040959,0.20917683275068574,-0.5336866220490134,-0.31947735633098695,-0.3187957876383097,-0.17570236427306846,0.3961417120759928,0.45220757620527213,0.08429667733399525,-0.027520074282734966,1.1354347961568658,-0.08497231086482265,-0.19612637992295243,-0.0775125254512015,0.4200777123174031,0.3416951002958752,-0.18790854416756392,0.24084485102151298,0.19157007485088887,-0.31674056937201545,0.2904404791604866
-0.7737500850191599,-0.48277313264460187,-0.23399870376015003,0.22156154707451597,-1.5272751053127342,0.6430268021349982,-0.061055191818185604,0.9901992593546503,0.7489199361768492,0.3501726097149031,0.13097364932165864,0.10927380951617133,0.4513033752856591,-0.5238935062053031,1.2045645741163842,0.9856400563782011,-0.592427261212357,-0.1971631274260532,0.1427734325335114,-0.19746843557330862,0.11745555913542534,1.2431922397935429,0.6948242743196973,1.2060929795651099,-0.3970019112554005,0.2525214189323985,0.5700631458621868,-0.19416041766734102,-1.0686980957855392,1.1978050341843254,0.08429667733399525,1.8629440093594523,0.27960579159707977,0.22549787843598668,-0.13359563696821042,0.08351320057247644,-0.4586754434178852,-0.6835303602380679,1.165143347208249,0.4525396863495227,-1.2971284380392993,-1.1284459068133246,-0.4544543535629551,-0.48945926675376566
-0.053023978871971605,0.2565380336242037,-0.03249607279675686,-0.075534433356888,-0.4226122238787511,-0.45825937907332265,0.14016866167738776,-0.16347505931889084,0.3811503155998145,-0.17375654126401832,-0.024287322532537382,0.15857986589382256,0.29337098704675785,0.16103471202330275,-0.3288565048552904,-0.16513507895116844,-0.6718717530023138,-0.17537430130413736,-0.15640025989443052,-0.5528481127552876,-0.12228084945079282,0.26184814565427383,0.19776190205148783,-0.10187516802865446,-0.24508548041008543,0.11468940051544699,0.0012930709726190035,0.05034774306056958,-0.38833568708350075,0.34607471628421976,-0.027520074282734966,0.27960579159707977,0.2614139779900174,-0.32918686134392794,0.18053823438902716,0.023583183405847592,0.151956072827519,-0.5309570544336728,-0.07977897354277702,0.10283174356524115,-0.1726640142068332,-0.25618660794184567,0.2114783401918321,0.12656215628459888
-0.5993849470659595,-1.035188812743856,-1.0214108316706738,2.445547099272424,-0.19118334126673805,1.3563137824646387,1.9325346133876429,1.8572584111895103,-0.3237062365180638,-0.2189956490289938,1.552166507906575,0.8839148194535109,0.9263460444544209,-1.8465646107043625,-1.5770609227659922,1.4248017814799347,2.4572361719178013,-1.889488295953837,-0.3942381719611509,3.1385135586741364,0.28579888917376833,1.1317785087730032,1.1912525229959898,1.193177757774129,-0.2241185062065668,-1.4215190254090788,-0.6278476812700079,-1.0010850666339888,-1.3040013890900424,1.7802508818740308,1.1354347961568658,0.22549787843598668,-0.32918686134392794,5.534317925673879,-0.8584677831424627,-0.84894584871581,-0.44167711365715756,1.3650231335481222,0.34574806059169144,-0.47726525310665124,0.9822254061308494,-0.7493239871982071,-1.2904963564903147,1.559175000188646
0.13471490212944007,0.431519562638943,0.14284136867878797,-0.2733395558852605,-0.018741594787717638,-0.6778643306851411,-0.05597853715202141,-0.43711364914204187,0.1501653027296501,-0.244014908947049,-0.2744287258138599,0.16733765780396104,0.1724175633293792,0.4108488190031452,-0.6343228430344086,-0.4581032621790555,-0.6993557588708206,-0.15892083488318065,-0.15758295669387468,-0.7528866708376567,-0.13356327822906278,-0.023319204844518927,0.05053500389283541,-0.39679778649645164,-0.0860278162328644,0.10820626213958538,-0.1269099225188116,0.277618841341166,-0.16131550199692724,0.07414165582942778,-0.08497231086482265,-0.13359563696821042,0.18053823438902716,-0.8584677831424627,0.39208475016459654,-0.06919417034985612,0.17975121653299753,-0.47224620045394455,-0.3440229435807908,0.03494378633364566,0.18383039656470723,0.05057619706032325,0.3399464904045398,0.11548204884614804
0.07275104949389144,-0.11362637656330932,0.1325638119133063,-0.422755401395156,6.701612123740406e-4,0.23664336508826728,-0.4977443523790658,-0.16331043740828421,0.04236667954743791,0.22894933673222256,-0.19411569172335955,-0.37057774401194005,-0.39117437044286635,0.23745299938734102,0.9123511939680122,-0.08570319780044107,-0.044596525495295525,0.6473966085720607,0.17755068915257505,-0.3393714017174361,-0.01727396256167977,-0.22433046371802204,-0.3921856237441841,0.052011751606054826,0.11746275310248645,0.29420048150260897,0.25644388091991027,0.0023199293276636146,0.49079055840329233,-0.5588527368896256,-0.19612637992295243,0.08351320057247644,0.023583183405847592,-0.84894584871581,-0.06919417034985612,0.39039202356045727,0.04143451871212901,-0.02605683199704668,0.2091012084830851,0.08864620681108325,-0.48937082552544275,0.18735676691848152,0.1526977146294672,-0.48553082397299857
0.25974308621269027,0.4120920908586839,0.0852589483594821,-0.2470993432390193,0.22459500549286596,-0.631739030833147,0.02253686331962149,-0.593199122304054,0.01865508020908035,-0.18465539139943185,-0.12842671075916823,0.014643338402800323,0.07670475183568318,0.3419914446062946,-0.7073255010426562,-0.5442575662924222,-0.36341726470545543,0.05224526126609809,-0.23897571319143854,-0.4524412040951677,-0.13175780867910447,-0.3066816007783087,-0.17479186628910562,-0.48832261163251395,-0.0024571805095651624,0.03312104345608823,-0.24341322828376688,-0.02808411682785969,0.1877670853370621,-0.2455009441848769,-0.0775125254512015,-0.4586754434178852,0.151956072827519,-0.44167711365715756,0.17975121653299753,0.04143451871212901,0.42838554851463384,-0.28990850220980174,-0.433742768620806,-0.06313488403333545,0.2348159009102958,0.3078669378064152,0.35437066249789057,0.22943276097106644
0.1170331121003782,-1.0102907508697332,-0.10831380118586002,0.5189024273043236,1.0662516799243542,1.6836306496597488,-0.4485535051286304,0.7060368190169187,-1.1016130125333203,0.3973972549497562,0.09170298763603672,-0.29364647623188267,-0.607277321270601,-0.5136871255464032,0.28553997367510586,0.3393641487875892,2.5912954395671575,0.08860753552521228,0.2202547887558029,1.6598401059067491,0.25070436210039015,-0.43182701689667313,-0.5074465776165309,0.6697241945308539,0.78239582702591,-0.6943954723748695,-0.2662882243024722,-0.3588030814488147,0.9798870512925208,-0.7232776163302767,0.4200777123174031,-0.6835303602380679,-0.5309570544336728,1.3650231335481222,-0.47224620045394455,-0.02605683199704668,-0.28990850220980174,1.60838905964356,0.41157373313137624,-0.43985036726922633,0.5108285095873867,0.9725600349507816,-0.5296360102726715,-0.08957354095356226
-0.5473021322374217,-1.2689145586859594,-0.0910766907483221,0.12835622864402843,-0.3969030911594842,2.0644268877510434,-1.1862295947273767,1.246338223690058,-0.3823398171213774,0.9536031200405383,-0.3044020239238099,-0.3620255270797495,-0.2046806536874881,-0.6578720264870115,1.4829698810791019,0.9440417274955751,1.5392098315437663,0.238742222685086,0.2566496599505314,0.6896505894888835,0.3471834515719712,0.6160707704196623,-0.07892777003943821,1.8447980744421717,0.5737925656971902,-0.21290012033009797,0.23774255530536517,-0.6097684405442773,0.2225171873005286,0.1693058032117756,0.3416951002958752,1.165143347208249,-0.07977897354277702,0.34574806059169144,-0.3440229435807908,0.2091012084830851,-0.433742768620806,0.41157373313137624,1.6853565563342463,0.12439803595109139,-1.060171803953254,0.21825802206027697,-0.7483930679169327,-0.9016426350727117
-0.1390571949140619,0.14697740066994028,0.04740116879660648,-0.21140451612740607,-0.4484923738454176,-0.24312902945520726,-0.0017688875620425492,-0.0365197629780282,0.35766211017615507,0.05582605585440568,-0.025380976981225163,-0.030267948455468437,0.06389908949970002,0.0599359914517437,0.5167517124817386,0.12863495474878817,-0.771816844793497,0.17225269945596194,0.08541012847427475,-0.4259699896145863,-0.009887037657369833,0.18865080476397794,0.13434222293692394,-1.1133711207115235e-4,-0.2228581026193977,0.3237667040653619,0.2783623771865972,0.09152336057196254,-0.2544652068307332,0.18296854851383726,-0.18790854416756392,0.4525396863495227,0.10283174356524115,-0.47726525310665124,0.03494378633364566,0.08864620681108325,-0.06313488403333545,-0.43985036726922633,0.12439803595109139,0.22185136635181754,-0.4337430174712725,-0.42054238649240067,0.03476444521015225,-0.22879875535023234
0.42803593041106985,0.4127243070786686,-0.05699546342259106,0.484198736668643,0.9369055128044746,-0.6749642549509103,0.7581844414747528,-0.4085705692608982,-0.4597106813471873,-0.6114196875114238,0.22364544568746886,0.43755323215816955,0.19218360203920054,0.08425740015293799,-1.9761030642952044,-0.5592021787854744,0.5049749491367387,-0.7429911913155256,-0.3364552143041003,0.5260362983607881,-0.10156175587572185,-0.45295725609476234,0.061294249715206466,-0.8448348509115459,0.06022714925795841,-0.558115109666067,-0.6867569944048214,0.16275176181167791,0.02065825473430695,-0.04964413639607509,0.24084485102151298,-1.2971284380392993,-0.1726640142068332,0.9822254061308494,0.18383039656470723,-0.48937082552544275,0.2348159009102958,0.5108285095873867,-1.060171803953254,-0.4337430174712725,1.4778534074853136,0.4487929287065354,0.1594569776519435,1.0028882669939414
0.5008582760784298,-0.532165710692851,0.3029027761838868,-0.4621269451815676,1.460363618785741,1.064854241545108,-1.4661016158076408,-0.2576446312133475,-1.290380121352937,0.47938694557273787,-0.779809443397453,-0.5498584194039964,-0.7463281392670775,0.29257679355949284,-0.22287206471821586,-0.6333464238104476,2.0617778057924565,0.5567551280289529,-0.007605587376515468,0.3521698948111909,0.10989881781938943,-0.9842026181639448,-1.0973386217121575,0.272928492682325,1.1608701098496985,-0.46263412319679403,-0.5365039718883577,-0.27493232586489025,1.6764931836316732,-1.4435986001991457,0.19157007485088887,-1.1284459068133246,-0.25618660794184567,-0.7493239871982071,0.05057619706032325,0.18735676691848152,0.3078669378064152,0.9725600349507816,0.21825802206027697,-0.42054238649240067,0.4487929287065354,1.9074265430053186,0.08411171928394628,-0.42701424233044494
0.3464349691267466,0.7149673031273395,0.1853348283912367,-0.5247390557568663,0.06388709121839348,-1.1358636215678504,0.1109100991721158,-0.904854606122106,0.3262598083823308,-0.4037901888397104,-0.1762260508528401,0.0017979359285553163,-0.03210401754960817,0.6903560988399413,-0.4261952930236324,-0.7632282910733013,-1.122193140787686,0.22384982398573386,-0.08614192803433653,-1.0383718464697438,-0.2690254664906441,-0.3974304260955941,-0.2105207242781369,-0.9757143213285933,-0.23477999515718326,0.3415968815769488,-0.007727525405867497,0.40798933247659097,0.11858153019173999,-0.375440180910648,-0.31674056937201545,-0.4544543535629551,0.2114783401918321,-1.2904963564903147,0.3399464904045398,0.1526977146294672,0.35437066249789057,-0.5296360102726715,-0.7483930679169327,0.03476444521015225,0.1594569776519435,0.08411171928394628,0.6792616730022967,0.12433605543501236
0.0848966901162843,0.5085514382076137,-0.3318703265668345,0.7978310218701329,-0.03168892387404763,-0.9813926220540304,1.386827081143232,-0.14966153957385317,0.2618252978277191,-0.7717747886432791,0.6168691451652493,0.7258470289199088,0.7176969162164332,-0.15354303431191413,-2.007025533581053,-0.23019034265712524,-0.29395237242380695,-1.1218660371163631,-0.46309166033553706,0.35130138010110423,-0.19114021506766923,0.26227188248644473,0.628917269943928,-0.6558533406124564,-0.5065161366796829,-0.44007999128008213,-0.5091469432390565,0.01960647505701726,-0.8905372908653804,0.8439027362432956,0.2904404791604866,-0.48945926675376566,0.12656215628459888,1.559175000188646,0.11548204884614804,-0.48553082397299857,0.22943276097106644,-0.08957354095356226,-0.9016426350727117,-0.22879875535023234,1.0028882669939414,-0.42701424233044494,0.12433605543501236,1.2746070175200437
