V1,V2,V3,V4,V5,V6,V7,V8,V9,V10,V11,V12,V13,V14,V15,V16,V17,V18,V19,V20,V21,V22,V23,V24,V25,V26,V27,V28,V29,V30,V31,V32,V33,V34,V35,V36,V37,V38,V39,V40,V41,V42,V43,V44
0.9893409144074934,-0.8500700028416589,0.3259092821474736,-0.2928218356066132,1.2995710667029092,2.2217241843285067,-0.3986447174641654,0.7058258144187338,1.5395734504486074,0.26381500344440506,0.06380623167764109,0.04214094252040686,-2.942382152826221,0.40199481735063175,-1.6059931697658851,-1.258154923620523,-2.0685159948608582,0.37317740852694803,0.811573327695344,0.4254495228648044,-0.36298116122548824,0.3462220409711631,0.030333886561733272,-0.15527543621062984,0.21343235702903018,-1.1583297052259178,-0.7371168041821488,0.32815011340906464,0.6298908939453031,0.3367474229685476,-1.023446607172421,-2.8708420497188927,-0.2559526881077732,-1.81683269027921,0.1590997958333367,-1.717537056428884,0.17277964890203923,0.3046184606752013,-1.112276119009882,0.16687412010417352,-0.2590597186410176,0.5395658061622743,-2.018095200876343,-1.3921439311095474
-0.8500700028416589,1.8833174554986425,-2.6116138923248293,0.03521102438973738,-2.209113653530359,-6.045712033833216,0.4556022216302973,-2.1391140913903812,-2.128277589809008,-1.3616262336086375,-0.9462798362483237,2.4164096565356874,6.384491584828583,-1.2781218346482635,3.2590312578365803,2.289903371499571,3.3372183569045006,-2.82239954642484,-3.529137685880535,1.9697166657128533,-0.9855097853889725,-1.681004076526394,1.2924321834373682,2.4068269750953224,0.6488903654616,1.75861887447668,2.5660697246412463,-2.26139509310376,-0.15699727650835457,-2.2650486977894895,1.2203055037052677,6.654205170174694,0.9230918857783599,3.7414003206165334,0.29724429961704013,3.384316009200503,-0.1013569239892754,-1.6361319150936262,1.1621965322650207,0.5190803605856544,-0.7345724344019312,0.7957150031505617,3.59695330786244,3.048327081626468
0.3259092821474736,-2.6116138923248293,5.705250093785884,0.45899539955153434,2.771097703291337,9.50730301605866,-0.642292126495039,4.547804570038724,2.6971565184952024,2.9543655988507505,2.3982245893241148,-6.808699168212746,-9.784238353356569,2.6420217456419106,-4.622272512701699,-3.3447330646359865,-4.1827878907690135,5.789182060534993,7.067309766486382,-5.908667106534751,2.7440403666333144,3.6975620054501688,-3.296502868197808,-5.707668748774906,-1.8917922847778725,-1.6405186113528185,-4.48392511112869,4.989320577414585,-1.0956088631462098,5.195400885667183,-1.520253163933789,-10.742278862567295,-1.2714038074512062,-5.567508639400166,-0.8221235434309023,-4.790107081042663,-0.3912615151524255,3.249686797775039,-1.0221016059203516,-1.8010978819626478,2.704624331760601,-3.049581494541483,-5.06993399465586,-4.76376471598682
-0.2928218356066132,0.03521102438973738,0.45899539955153434,0.14732423100882153,-0.16378032423049627,0.1682819920079117,0.06306375994811989,0.23864309011524873,-0.23925878165755385,0.20976118286423354,0.22184933450283895,-0.7228262886516409,0.02399840596609963,0.13474556346522595,0.08980236667357291,0.08864222488634478,0.2807054273390394,0.4393663852754188,0.4299407903245042,-0.7462679257270477,0.3863514007321644,0.2580474131238311,-0.3410063089323909,-0.5206147264439422,-0.2523710409026635,0.24157285284718763,-0.18783346586384617,0.3901033977372367,-0.33032143514226703,0.41380851087472287,0.17917004732838393,-0.09892729145411783,-0.02305082054145049,0.0636412822459957,-0.12647058741285555,0.10930626649937926,-0.10319339441732063,0.21400459847523548,0.26652523658889365,-0.23728643944497455,0.3686408514187145,-0.48816293550381407,0.17505168192685136,-0.004570500731276474
1.2995710667029092,-2.209113653530359,2.771097703291337,-0.16378032423049627,2.7657634225136674,6.909320227962139,-0.6732289583592378,2.5633021561740064,2.876263805980038,1.5079078807330635,1.014196966763174,-2.5460382233540035,-7.68582577313368,1.509813223353118,-3.9420568519470645,-2.8795057349616155,-4.258287557301388,2.9537022413203364,3.9142941097349473,-1.850041042390281,0.7834528550568519,1.8873251621823781,-1.3053508121802617,-2.5187619605699,-0.5552216065071728,-2.2064939734277798,-2.8527662587669433,2.4388356753374136,0.38524002404398383,2.4798594057112013,-1.7455907099618524,-7.954235945337724,-0.97180077557464,-4.548106444821416,-0.20439452155751495,-4.126903380189162,0.1265074940581658,1.7629102175759428,-1.7004043840578753,-0.4924307927361155,0.6976097529740398,-0.5877617526737996,-4.524943462932657,-3.673381299826661
2.2217241843285067,-6.045712033833216,9.50730301605866,0.1682819920079117,6.909320227962139,20.066242177838614,-1.4331922764566274,7.646611993520806,6.6248918003521,4.928308504754796,3.621002266571862,-9.544160329512032,-20.95433496726229,4.552298743985538,-10.499175217133674,-7.398491261341678,-10.432617838464909,10.102493979793179,12.508940181222451,-8.01229034558221,3.9476990578202,6.117394286314136,-4.966000382658888,-9.009841868496984,-2.655432906034873,-5.218791046835514,-8.756265739584018,8.25591060211392,-0.1999656835776307,8.36112486697944,-3.7647326355422326,-22.140947082717844,-3.0090654893092923,-12.197098033768803,-1.2182912782639783,-10.908663840829359,0.04694940919980446,5.805559847517374,-3.368744089134322,-2.2493914274760365,3.256312743617644,-3.6200112664541155,-11.544892652593916,-10.053836539290794
-0.3986447174641654,0.4556022216302973,-0.642292126495039,0.06306375994811989,-0.6732289583592378,-1.4331922764566274,0.2748238364146169,-0.8281090086619693,-0.8904846109762726,-0.4059509990607647,-0.31476531524206786,0.8202495876776781,1.8959684058545603,-0.457761394944324,0.9198874275298531,0.7809595741372359,1.0971748323995567,-0.5895046529412482,-0.9655123134312368,0.471267988617669,-0.06415580277281922,-0.5334911352456289,0.33025357858750926,0.6332241262310364,0.08771433958409487,0.4475628331239827,0.5911452588899976,-0.6158890055438662,-0.04955895681885125,-0.6868328767965707,0.6140711348928759,2.0041387356824094,0.09090773426596624,1.1324661242590246,-0.01888895124116265,1.0066335617238302,0.053381509926180445,-0.3765649536804736,0.5495446450751323,0.15946837256455,-0.26498705216603735,0.11913750302425882,1.2062430656234768,0.9293888104310986
0.7058258144187338,-2.1391140913903812,4.547804570038724,0.23864309011524873,2.5633021561740064,7.646611993520806,-0.8281090086619693,4.218819457245777,2.94758168868688,2.4872146700504243,2.026716017030014,-5.798061802221641,-8.628038024851163,2.3870182467103778,-4.046808031558229,-3.1751637691421015,-4.025874271515273,4.427606889899424,5.825322510726424,-4.626167991579562,1.7966177913799704,3.1700774821106195,-2.6151595100068312,-4.593090272492764,-1.3384919915249995,-1.4487578991865104,-3.5524512579166685,4.077309910858607,-0.7858243998549724,4.369325554223368,-1.8664475081460254,-9.447398239186372,-0.7903641504481606,-4.966640082470623,-0.4584915696542408,-4.267063419370406,-0.4273618494303992,2.5536738807620996,-1.3977855107015693,-1.47281756170564,2.265319983639136,-2.2245200411492765,-4.797301008984527,-4.227731734566058
1.5395734504486074,-2.128277589809008,2.6971565184952024,-0.23925878165755385,2.876263805980038,6.6248918003521,-0.8904846109762726,2.94758168868688,3.3401045464280683,1.5713561343164004,1.1001787003442527,-2.8257412724745197,-7.952087719448889,1.6855278226953698,-4.0109376071622,-3.129237054257517,-4.549365697533177,2.716184428622816,3.941843440209914,-1.795593080488912,0.4879293412791553,2.0162980636062033,-1.2856702902658859,-2.5104830202397004,-0.4381379275252774,-2.163057716045235,-2.7125819582845256,2.4579020739836883,0.3819498320767596,2.6058255250998865,-2.1616074626227437,-8.277060158026082,-0.7439451718096413,-4.7340079919626215,-0.0604273367795477,-4.2613589000137955,0.0013755959967291802,1.6784056678081036,-2.046751793987558,-0.541907839380274,0.81370879421884,-0.46864759908963205,-4.879179753428615,-3.832548034325237
0.26381500344440506,-1.3616262336086375,2.9543655988507505,0.20976118286423354,1.5079078807330635,4.928308504754796,-0.4059509990607647,2.4872146700504243,1.5713561343164004,1.5611078506817437,1.2738907182066428,-3.612685029084419,-5.240530415844586,1.4307288439477508,-2.465254733011059,-1.8398361089757065,-2.3101969959428463,2.9553000331260177,3.705568785077764,-3.042380837473018,1.3392229135146803,1.9659332316310265,-1.707930792371665,-2.9691160014413107,-0.9432987497191369,-0.8739886732942141,-2.313452309336686,2.6086894216556935,-0.5510112568222955,2.7439854377183113,-0.9323751120694889,-5.750883053211123,-0.6045282081299326,-2.99494813780514,-0.38309576943934576,-2.575886358523977,-0.23090367252003893,1.673144340442873,-0.6550431884432635,-0.9406275882572168,1.4272862252557246,-1.5352876540561267,-2.7862631133056595,-2.559200084693557
0.06380623167764109,-0.9462798362483237,2.3982245893241148,0.22184933450283895,1.014196966763174,3.621002266571862,-0.31476531524206786,2.026716017030014,1.1001787003442527,1.2738907182066428,1.1038691163111802,-3.098050783863616,-3.838508647843272,1.1601860032415798,-1.7307296211558392,-1.3196318532889948,-1.5607368790717986,2.354650774694697,2.979325046998566,-2.6185745797076856,1.1553669995066131,1.614002067938426,-1.4531045386613022,-2.4781731632064066,-0.8171698464284888,-0.4713639989222227,-1.7583931287077057,2.1433714069855103,-0.5942558499956634,2.276848309072957,-0.6656014647739484,-4.3056800279440735,-0.40106655285447523,-2.1759000790984637,-0.33642077989475566,-1.8456884658370967,-0.2617143773155342,1.3267286488895629,-0.38779840250494285,-0.8226102282270438,1.2841726380087397,-1.3727149850178206,-1.9866068402190211,-1.8999164141754956
0.04214094252040686,2.4164096565356874,-6.808699168212746,-0.7228262886516409,-2.5460382233540035,-9.544160329512032,0.8202495876776781,-5.798061802221641,-2.8257412724745197,-3.612685029084419,-3.098050783863616,9.166790095927041,10.204793312214907,-3.275661760488678,4.542313969378984,3.5403838180537583,3.9471043015101004,-6.583467526769564,-8.237345295361452,7.800072447519848,-3.2816255668693097,-4.580876718439897,4.152422488302777,7.0562943062565795,2.358172294462202,0.9690501170233393,4.774931586756873,-6.0442076215979474,1.9592125374970222,-6.480378302465259,1.7174723365302245,11.562247556716454,0.9778332537735498,5.724698617126742,0.9112772229075541,4.73805715097459,0.8490363357760633,-3.6812575437888286,0.8859914397376509,2.504994916002618,-3.8457352782503644,4.139920500018094,5.208653006965156,5.05020894841974
-2.942382152826221,6.384491584828583,-9.784238353356569,0.02399840596609963,-7.68582577313368,-20.95433496726229,1.8959684058545603,-8.628038024851163,-7.952087719448889,-5.240530415844586,-3.838508647843272,10.204793312214907,22.87864275072462,-5.051675661982524,11.429501361967317,8.378237976687782,11.812735526273398,-10.181209035056368,-13.140938529093482,8.046934921399895,-3.5176737101520934,-6.577542916654301,5.0571053202474445,9.291484268184613,2.4921232239071687,5.689543584986373,9.050246587690994,-8.610439587141498,0.009590614049296235,-8.871700868511514,4.7744753421975785,24.142240910963995,2.860742994910846,13.390593006777447,0.9879768459874712,11.94876842663177,0.06408500378028407,-5.947968301909886,4.308311877279776,2.337813303506014,-3.422255762440901,3.389141208369322,13.024028630348377,11.00575193810401
0.40199481735063175,-1.2781218346482635,2.6420217456419106,0.13474556346522595,1.509813223353118,4.552298743985538,-0.457761394944324,2.3870182467103778,1.6855278226953698,1.4307288439477508,1.1601860032415798,-3.275661760488678,-5.051675661982524,1.3652111938320142,-2.3864953548910592,-1.8402461124529919,-2.3596649519356476,2.605899302950658,3.390521108687237,-2.6415415543088865,1.0686448092179375,1.821174869522037,-1.5095398698804583,-2.6551103888300673,-0.7915110416314447,-0.891757259043441,-2.1008512127495917,2.358897869359298,-0.4233223685399346,2.50960162065591,-1.0491187322463378,-5.5159837287680835,-0.5119055283361922,-2.913428481621576,-0.2905700735593759,-2.514066860540692,-0.22266716347092672,1.5034489730561693,-0.7982348487575026,-0.8378698377303236,1.2757641979235756,-1.2781043156541656,-2.794834435180262,-2.4695019010378028
-1.6059931697658851,3.2590312578365803,-4.622272512701699,0.08980236667357291,-3.9420568519470645,-10.499175217133674,0.9198874275298531,-4.046808031558229,-4.0109376071622,-2.465254733011059,-1.7307296211558392,4.542313969378984,11.429501361967317,-2.3864953548910592,5.794112226358226,4.200035873028887,6.0421666505552265,-4.887041555328505,-6.278573650108611,3.5541912285744592,-1.5842919998734495,-3.0810849692661875,2.301933807746508,4.300889612572639,1.111870508806697,3.045757194709171,4.462811952793753,-4.041392581569957,-0.22370633732285097,-4.122837324821131,2.385932501116294,11.955545253399462,1.4975147985147668,6.711905330094718,0.4480130109256758,6.028996978760173,-0.08194648882032943,-2.8659226886525193,2.2404264914771654,1.0026028597675298,-1.4245673695686598,1.4064652779180027,6.5559296492102055,5.471690639180714
-1.258154923620523,2.289903371499571,-3.3447330646359865,0.08864222488634478,-2.8795057349616155,-7.398491261341678,0.7809595741372359,-3.1751637691421015,-3.129237054257517,-1.8398361089757065,-1.3196318532889948,3.5403838180537583,8.378237976687782,-1.8402461124529919,4.200035873028887,3.164871556529276,4.4847564600529966,-3.4321681163748754,-4.584422821673067,2.6332861881244325,-1.0095331909282015,-2.328754744871855,1.6872787240943596,3.157000710959634,0.7635400255210112,2.131764161793997,3.1509897066185384,-2.967566723803847,-0.11085213598613786,-3.095329324318456,1.9392506871369768,8.803772617370242,0.9419130551192252,4.931572927839803,0.24922095320133988,4.396518704206401,0.030356893736375592,-2.039195808954668,1.784541134809957,0.7889344725317564,-1.1459269293500343,1.0107833812247136,4.906371811810332,4.028755293899786
-2.0685159948608582,3.3372183569045006,-4.1827878907690135,0.2807054273390394,-4.258287557301388,-10.432617838464909,1.0971748323995567,-4.025874271515273,-4.549365697533177,-2.3101969959428463,-1.5607368790717986,3.9471043015101004,11.812735526273398,-2.3596649519356476,6.0421666505552265,4.4847564600529966,6.6085072600582455,-4.406833656980324,-5.957211587219801,2.774747749336369,-1.0728698924303721,-2.9140847017829308,1.9675033874516443,3.817487659929044,0.8055392151919256,3.3589938780102453,4.29554253194304,-3.706524673175045,-0.5960047764469999,-3.8065733267686697,2.8080684198349717,12.238651068803968,1.4112618376447628,7.006722217187422,0.26201342641696374,6.34073103925512,-0.1502367402098594,-2.656012967689492,2.7251941622775067,0.7710357025820143,-1.0933431452639097,0.8443441308469145,7.033310333484474,5.653552907365764
0.37317740852694803,-2.82239954642484,5.789182060534993,0.4393663852754188,2.9537022413203364,10.102493979793179,-0.5895046529412482,4.427606889899424,2.716184428622816,2.9553000331260177,2.354650774694697,-6.583467526769564,-10.181209035056368,2.605899302950658,-4.887041555328505,-3.4321681163748754,-4.406833656980324,5.988047412980801,7.191964478488888,-5.815703686087347,2.8429671330085595,3.674102143235615,-3.290400951065052,-5.7212531197959144,-1.9199788158266922,-1.899232352428941,-4.702314928497449,5.024168361296526,-0.9568252757485161,5.164166402412889,-1.4668329923821675,-11.089681956910226,-1.4646295974561896,-5.804835698570071,-0.8825044848586193,-5.044591457853911,-0.28073793531318414,3.354315346388688,-1.0334405048571824,-1.7308682904194934,2.5675912713572266,-2.9969794124259077,-5.24603893104698,-4.931912439824443
0.811573327695344,-3.529137685880535,7.067309766486382,0.4299407903245042,3.9142941097349473,12.508940181222451,-0.9655123134312368,5.825322510726424,3.941843440209914,3.705568785077764,2.979325046998566,-8.237345295361452,-13.140938529093482,3.390521108687237,-6.278573650108611,-4.584422821673067,-5.957211587219801,7.191964478488888,8.973177671426033,-6.967595881649175,3.1971328683459626,4.651668419293789,-4.011962483073645,-7.0234131261959,-2.2208484896070977,-2.474802600927791,-5.760323582838166,6.220676838606951,-1.0594108363845538,6.474390641919374,-2.2962327213766094,-14.291656508075478,-1.6524125989510394,-7.547750981341545,-0.9512438640062231,-6.573212685493458,-0.41251382951136306,4.085506941301943,-1.7181751081829266,-2.1066941425811327,3.184391165012063,-3.4684790560740497,-7.019880697621283,-6.392836389392938
0.4254495228648044,1.9697166657128533,-5.908667106534751,-0.7462679257270477,-1.850041042390281,-8.01229034558221,0.471267988617669,-4.626167991579562,-1.795593080488912,-3.042380837473018,-2.6185745797076856,7.800072447519848,8.046934921399895,-2.6415415543088865,3.5541912285744592,2.6332861881244325,2.774747749336369,-5.815703686087347,-6.967595881649175,6.93077178592638,-3.139589135490079,-3.821787141334511,3.6343005923186333,6.1135234694844005,2.183430070061909,0.6177752394603354,4.09236232817247,-5.174952818764429,1.8458093601423256,-5.479492581372643,0.9764082126921886,9.204852084353545,0.9545914706942379,4.450468535503271,0.9273592453196501,3.6469629265873538,0.6913582775680319,-3.197693783677752,0.28364682934148894,2.1900238889663344,-3.3277053003151966,3.8106124476965038,3.8422420656063174,3.9747982516315195
-0.36298116122548824,-0.9855097853889725,2.7440403666333144,0.3863514007321644,0.7834528550568519,3.9476990578202,-0.06415580277281922,1.7966177913799704,0.4879293412791553,1.3392229135146803,1.1553669995066131,-3.2816255668693097,-3.5176737101520934,1.0686448092179375,-1.5842919998734495,-1.0095331909282015,-1.0728698924303721,2.8429671330085595,3.1971328683459626,-3.139589135490079,1.6785459895018409,1.6438057692598236,-1.6797098209996995,-2.8003805894686487,-1.0865650173392716,-0.3448328899946762,-1.9921938353548403,2.3573642786868234,-0.8060997427693732,2.4039019242036863,-0.14291486677310292,-4.006380339738079,-0.6255638583891465,-1.9265194436844513,-0.5502728575000329,-1.617132145586076,-0.21051384512225402,1.5310760021315462,0.12417141034873733,-0.9289854193613588,1.4036384117101832,-1.796089022065849,-1.508259813813518,-1.7244302051765987
0.3462220409711631,-1.681004076526394,3.6975620054501688,0.2580474131238311,1.8873251621823781,6.117394286314136,-0.5334911352456289,3.1700774821106195,2.0162980636062033,1.9659332316310265,1.614002067938426,-4.580876718439897,-6.577542916654301,1.821174869522037,-3.0810849692661875,-2.328754744871855,-2.9140847017829308,3.674102143235615,4.651668419293789,-3.821787141334511,1.6438057692598236,2.4874954978215276,-2.1459142814582197,-3.7317170540779125,-1.179117607023441,-1.0702615324998457,-2.875061727196837,3.2773043472676933,-0.7059468218096807,3.464453697986111,-1.2162679241441405,-7.232882150446997,-0.7266878357227615,-3.7650782365842326,-0.46853933217432575,-3.230095498027385,-0.3156533215411458,2.0901489929792105,-0.8584176473803384,-1.1986047841159668,1.8210371197235893,-1.9255834250826824,-3.5237846770626504,-3.217744781430946
0.030333886561733272,1.2924321834373682,-3.296502868197808,-0.3410063089323909,-1.3053508121802617,-4.966000382658888,0.33025357858750926,-2.6151595100068312,-1.2856702902658859,-1.707930792371665,-1.4531045386613022,4.152422488302777,5.0571053202474445,-1.5095398698804583,2.301933807746508,1.6872787240943596,1.9675033874516443,-3.290400951065052,-4.011962483073645,3.6343005923186333,-1.6797098209996995,-2.1459142814582197,1.98329441477628,3.3739954393542617,1.1630508899629879,0.625814736072528,2.428799318603257,-2.9011482719878185,0.83806817655974,-3.0484746830892915,0.7226614173310887,5.670869830700376,0.6225043319984274,2.845493624625911,0.5059106270402767,2.4046352575593826,0.3178507429153312,-1.8323594575625726,0.3735981474184307,1.1278066947376402,-1.7247604125147236,1.9453538538542776,2.5286595025511764,2.4875209999918955
-0.15527543621062984,2.4068269750953224,-5.707668748774906,-0.5206147264439422,-2.5187619605699,-9.009841868496984,0.6332241262310364,-4.593090272492764,-2.5104830202397004,-2.9691160014413107,-2.4781731632064066,7.0562943062565795,9.291484268184613,-2.6551103888300673,4.300889612572639,3.157000710959634,3.817487659929044,-5.7212531197959144,-7.0234131261959,6.1135234694844005,-2.8003805894686487,-3.7317170540779125,3.3739954393542617,5.791136851035195,1.9474524395178863,1.3415749601167555,4.327446740256862,-5.020333483111197,1.2864212179523487,-5.266393216706254,1.434222176900353,10.316089356899127,1.1442529950467375,5.26430240673006,0.8369603594185518,4.486051858160026,0.4931738036132342,-3.205668669675424,0.8694303057786241,1.8914451712873155,-2.874646321708168,3.210148114957038,4.758076473138882,4.55165884986422
0.21343235702903018,0.6488903654616,-1.8917922847778725,-0.2523710409026635,-0.5552216065071728,-2.655432906034873,0.08771433958409487,-1.3384919915249995,-0.4381379275252774,-0.9432987497191369,-0.8171698464284888,2.358172294462202,2.4921232239071687,-0.7915110416314447,1.111870508806697,0.7635400255210112,0.8055392151919256,-1.9199788158266922,-2.2208484896070977,2.183430070061909,-1.0865650173392716,-1.179117607023441,1.1630508899629879,1.9474524395178863,0.7452338599499148,0.21744207515439093,1.345611869970665,-1.6393131261611007,0.575772952629159,-1.7027248511859217,0.19023826743296332,2.851606326837981,0.3872611273616397,1.3779792038514846,0.35529760127318727,1.1395989103842727,0.18856700438961269,-1.0521769131579501,-0.0029134242175402228,0.6840451641560438,-1.0206466671124037,1.2393652735580438,1.131109987738255,1.2255887849280136
-1.1583297052259178,1.75861887447668,-1.6405186113528185,0.24157285284718763,-2.2064939734277798,-5.218791046835514,0.4475628331239827,-1.4487578991865104,-2.163057716045235,-0.8739886732942141,-0.4713639989222227,0.9690501170233393,5.689543584986373,-0.891757259043441,3.045757194709171,2.131764161793997,3.3589938780102453,-1.899232352428941,-2.474802600927791,0.6177752394603354,-0.3448328899946762,-1.0702615324998457,0.625814736072528,1.3415749601167555,0.21744207515439093,1.9631002572105432,2.0394333511947966,-1.4071095611673858,-0.6545006275968741,-1.3487911553946859,1.2681740297199455,5.7246664703726164,0.8499350152334715,3.404638422994109,0.10323511851331404,3.1641547381911908,-0.2819762514008785,-1.1533461310777342,1.3738440646389292,0.08933264537772398,-0.05628812662965667,-0.015793860501224416,3.4099749413600677,2.6810454036551077
-0.7371168041821488,2.5660697246412463,-4.48392511112869,-0.18783346586384617,-2.8527662587669433,-8.756265739584018,0.5911452588899976,-3.5524512579166685,-2.7125819582845256,-2.313452309336686,-1.7583931287077057,4.774931586756873,9.050246587690994,-2.1008512127495917,4.462811952793753,3.1509897066185384,4.29554253194304,-4.702314928497449,-5.760323582838166,4.09236232817247,-1.9921938353548403,-2.875061727196837,2.428799318603257,4.327446740256862,1.345611869970665,2.0394333511947966,3.9186266516759307,-3.89440633174352,0.3709312717744642,-3.9745475888155664,1.5223972056815585,9.672290858848173,1.2870794088343795,5.228325915347167,0.6119107972640935,4.624318778407451,0.08447280624651005,-2.675199494371336,1.269481126472059,1.1840110984180718,-1.734858583803811,1.9653913555170677,4.875761520949761,4.357502526897269
0.32815011340906464,-2.26139509310376,4.989320577414585,0.3901033977372367,2.4388356753374136,8.25591060211392,-0.6158890055438662,4.077309910858607,2.4579020739836883,2.6086894216556935,2.1433714069855103,-6.0442076215979474,-8.610439587141498,2.358897869359298,-4.041392581569957,-2.967566723803847,-3.706524673175045,5.024168361296526,6.220676838606951,-5.174952818764429,2.3573642786868234,3.2773043472676933,-2.9011482719878185,-5.020333483111197,-1.6393131261611007,-1.4071095611673858,-3.89440633174352,4.392769838540397,-0.9713111929304442,4.597718614653241,-1.4234878880633193,-9.473597002179032,-1.0567886271388682,-4.906867030702692,-0.6976174689400587,-4.221946428289201,-0.37802034196811873,2.831427399032402,-0.9601760484109322,-1.5870707455453636,2.410063858470142,-2.6553799331784864,-4.5018681398775655,-4.206212478606481
0.6298908939453031,-0.15699727650835457,-1.0956088631462098,-0.33032143514226703,0.38524002404398383,-0.1999656835776307,-0.04955895681885125,-0.7858243998549724,0.3819498320767596,-0.5510112568222955,-0.5942558499956634,1.9592125374970222,0.009590614049296235,-0.4233223685399346,-0.22370633732285097,-0.11085213598613786,-0.5960047764469999,-0.9568252757485161,-1.0594108363845538,1.8458093601423256,-0.8060997427693732,-0.7059468218096807,0.83806817655974,1.2864212179523487,0.575772952629159,-0.6545006275968741,0.3709312717744642,-0.9713111929304442,0.8445106925297539,-1.0899499908870167,-0.2476375921658355,0.34823868462163965,-0.0715711285549102,-0.10395733655131063,0.24007161003371194,-0.24776348635210066,0.33397413929639563,-0.48121433656718376,-0.5015316765581547,0.6338863021522299,-0.9916055240975549,1.1699652045819353,-0.2906968735008914,0.05950607935013448
0.3367474229685476,-2.2650486977894895,5.195400885667183,0.41380851087472287,2.4798594057112013,8.36112486697944,-0.6868328767965707,4.369325554223368,2.6058255250998865,2.7439854377183113,2.276848309072957,-6.480378302465259,-8.871700868511514,2.50960162065591,-4.122837324821131,-3.095329324318456,-3.8065733267686697,5.164166402412889,6.474390641919374,-5.479492581372643,2.4039019242036863,3.464453697986111,-3.0484746830892915,-5.266393216706254,-1.7027248511859217,-1.3487911553946859,-3.9745475888155664,4.597718614653241,-1.0899499908870167,4.854025665659832,-1.5506538894153041,-9.807148424223454,-1.0012552771564682,-5.053690232847294,-0.6937877491956582,-4.31957836724844,-0.4617742598965386,2.9190972760564327,-1.0297399970141026,-1.7099454096187867,2.6092577164158697,-2.8092016713321346,-4.671338453601354,-4.347361598392589
-1.023446607172421,1.2203055037052677,-1.520253163933789,0.17917004732838393,-1.7455907099618524,-3.7647326355422326,0.6140711348928759,-1.8664475081460254,-2.1616074626227437,-0.9323751120694889,-0.6656014647739484,1.7174723365302245,4.7744753421975785,-1.0491187322463378,2.385932501116294,1.9392506871369768,2.8080684198349717,-1.4668329923821675,-2.2962327213766094,0.9764082126921886,-0.14291486677310292,-1.2162679241441405,0.7226614173310887,1.434222176900353,0.19023826743296332,1.2681740297199455,1.5223972056815585,-1.4234878880633193,-0.2476375921658355,-1.5506538894153041,1.449453961469354,4.979831833718039,0.34381189275386664,2.8574312783136038,-0.030368752560740904,2.564336883852049,0.04030290134200275,-0.9348548943423958,1.3580290856572537,0.3160456456525988,-0.49634258165024947,0.19136107516761078,3.0155353416534174,2.3142225737165227
-2.8708420497188927,6.654205170174694,-10.742278862567295,-0.09892729145411783,-7.954235945337724,-22.140947082717844,2.0041387356824094,-9.447398239186372,-8.277060158026082,-5.750883053211123,-4.3056800279440735,11.562247556716454,24.142240910963995,-5.5159837287680835,11.955545253399462,8.803772617370242,12.238651068803968,-11.089681956910226,-14.291656508075478,9.204852084353545,-4.006380339738079,-7.232882150446997,5.670869830700376,10.316089356899127,2.851606326837981,5.7246664703726164,9.672290858848173,-9.473597002179032,0.34823868462163965,-9.807148424223454,4.979831833718039,25.624056647807365,2.9657544866780383,14.092468383547045,1.1320329886237395,12.515686030869798,0.21862576110015786,-6.457004758346776,4.375687907891917,2.720413285522649,-4.020787164931527,4.027649459853331,13.645715019198564,11.64410960489431
-0.2559526881077732,0.9230918857783599,-1.2714038074512062,-0.02305082054145049,-0.97180077557464,-3.0090654893092923,0.09090773426596624,-0.7903641504481606,-0.7439451718096413,-0.6045282081299326,-0.40106655285447523,0.9778332537735498,2.860742994910846,-0.5119055283361922,1.4975147985147668,0.9419130551192252,1.4112618376447628,-1.4646295974561896,-1.6524125989510394,0.9545914706942379,-0.6255638583891465,-0.7266878357227615,0.6225043319984274,1.1442529950467375,0.3872611273616397,0.8499350152334715,1.2870794088343795,-1.0567886271388682,-0.0715711285549102,-1.0012552771564682,0.34381189275386664,2.9657544866780383,0.5731742842052475,1.6654689914173852,0.23168869860238314,1.5226183009909726,-0.10754492128877989,-0.8277192580389722,0.35998164558815804,0.233247142296696,-0.29146087868577664,0.4497763411192702,1.505429529693039,1.3487298494998174
-1.81683269027921,3.7414003206165334,-5.567508639400166,0.0636412822459957,-4.548106444821416,-12.197098033768803,1.1324661242590246,-4.966640082470623,-4.7340079919626215,-2.99494813780514,-2.1759000790984637,5.724698617126742,13.390593006777447,-2.913428481621576,6.711905330094718,4.931572927839803,7.006722217187422,-5.804835698570071,-7.547750981341545,4.450468535503271,-1.9265194436844513,-3.7650782365842326,2.845493624625911,5.26430240673006,1.3779792038514846,3.404638422994109,5.228325915347167,-4.906867030702692,-0.10395733655131063,-5.053690232847294,2.8574312783136038,14.092468383547045,1.6654689914173852,7.859555412334901,0.5396083574006971,7.028196029444574,0.007758320686576392,-3.409054924787953,2.6141776662629668,1.2914316194500337,-1.882235166452809,1.8201877122876475,7.680930304144624,6.437341980484324
0.1590997958333367,0.29724429961704013,-0.8221235434309023,-0.12647058741285555,-0.20439452155751495,-1.2182912782639783,-0.01888895124116265,-0.4584915696542408,-0.0604273367795477,-0.38309576943934576,-0.33642077989475566,0.9112772229075541,0.9879768459874712,-0.2905700735593759,0.4480130109256758,0.24922095320133988,0.26201342641696374,-0.8825044848586193,-0.9512438640062231,0.9273592453196501,-0.5502728575000329,-0.46853933217432575,0.5059106270402767,0.8369603594185518,0.35529760127318727,0.10323511851331404,0.6119107972640935,-0.6976174689400587,0.24007161003371194,-0.6937877491956582,-0.030368752560740904,1.1320329886237395,0.23168869860238314,0.5396083574006971,0.20058289491114367,0.45825795387820334,0.04848208132695416,-0.4748956764703097,-0.09578618494160494,0.2725172446842751,-0.4027783798431299,0.5557866393429153,0.3843569346965938,0.4827101263837762
-1.717537056428884,3.384316009200503,-4.790107081042663,0.10930626649937926,-4.126903380189162,-10.908663840829359,1.0066335617238302,-4.267063419370406,-4.2613589000137955,-2.575886358523977,-1.8456884658370967,4.73805715097459,11.94876842663177,-2.514066860540692,6.028996978760173,4.396518704206401,6.34073103925512,-5.044591457853911,-6.573212685493458,3.6469629265873538,-1.617132145586076,-3.230095498027385,2.4046352575593826,4.486051858160026,1.1395989103842727,3.1641547381911908,4.624318778407451,-4.221946428289201,-0.24776348635210066,-4.31957836724844,2.564336883852049,12.515686030869798,1.5226183009909726,7.028196029444574,0.45825795387820334,6.3265350517992465,-0.06520057187752226,-2.9716606187468075,2.391446219543707,1.0254780936739851,-1.494874193524671,1.4238710218213286,6.88326549787637,5.737296645604218
0.17277964890203923,-0.1013569239892754,-0.3912615151524255,-0.10319339441732063,0.1265074940581658,0.04694940919980446,0.053381509926180445,-0.4273618494303992,0.0013755959967291802,-0.23090367252003893,-0.2617143773155342,0.8490363357760633,0.06408500378028407,-0.22266716347092672,-0.08194648882032943,0.030356893736375592,-0.1502367402098594,-0.28073793531318414,-0.41251382951136306,0.6913582775680319,-0.21051384512225402,-0.3156533215411458,0.3178507429153312,0.4931738036132342,0.18856700438961269,-0.2819762514008785,0.08447280624651005,-0.37802034196811873,0.33397413929639563,-0.4617742598965386,0.04030290134200275,0.21862576110015786,-0.10754492128877989,0.007758320686576392,0.04848208132695416,-0.06520057187752226,0.17803610888569596,-0.15515247591748957,-0.08175758497875539,0.266650698397005,-0.42835329824804197,0.41608842285226066,-0.007845162800424254,0.06434328941654148
0.3046184606752013,-1.6361319150936262,3.249686797775039,0.21400459847523548,1.7629102175759428,5.805559847517374,-0.3765649536804736,2.5536738807620996,1.6784056678081036,1.673144340442873,1.3267286488895629,-3.6812575437888286,-5.947968301909886,1.5034489730561693,-2.8659226886525193,-2.039195808954668,-2.656012967689492,3.354315346388688,4.085506941301943,-3.197693783677752,1.5310760021315462,2.0901489929792105,-1.8323594575625726,-3.205668669675424,-1.0521769131579501,-1.1533461310777342,-2.675199494371336,2.831427399032402,-0.48121433656718376,2.9190972760564327,-0.9348548943423958,-6.457004758346776,-0.8277192580389722,-3.409054924787953,-0.4748956764703097,-2.9716606187468075,-0.15515247591748957,1.895660322612865,-0.6988745481179705,-0.9604600260795363,1.4227915450704713,-1.6193681163662588,-3.12645148590384,-2.8811433312929626
-1.112276119009882,1.1621965322650207,-1.0221016059203516,0.26652523658889365,-1.7004043840578753,-3.368744089134322,0.5495446450751323,-1.3977855107015693,-2.046751793987558,-0.6550431884432635,-0.38779840250494285,0.8859914397376509,4.308311877279776,-0.7982348487575026,2.2404264914771654,1.784541134809957,2.7251941622775067,-1.0334405048571824,-1.7181751081829266,0.28364682934148894,0.12417141034873733,-0.8584176473803384,0.3735981474184307,0.8694303057786241,-0.0029134242175402228,1.3738440646389292,1.269481126472059,-0.9601760484109322,-0.5015316765581547,-1.0297399970141026,1.3580290856572537,4.375687907891917,0.35998164558815804,2.6141776662629668,-0.09578618494160494,2.391446219543707,-0.08175758497875539,-0.6988745481179705,1.374212566727704,0.08630526423889708,-0.11491538899552564,-0.1981360272740749,2.8096956359900847,2.0628457635468163
0.16687412010417352,0.5190803605856544,-1.8010978819626478,-0.23728643944497455,-0.4924307927361155,-2.2493914274760365,0.15946837256455,-1.47281756170564,-0.541907839380274,-0.9406275882572168,-0.8226102282270438,2.504994916002618,2.337813303506014,-0.8378698377303236,1.0026028597675298,0.7889344725317564,0.7710357025820143,-1.7308682904194934,-2.1066941425811327,2.1900238889663344,-0.9289854193613588,-1.1986047841159668,1.1278066947376402,1.8914451712873155,0.6840451641560438,0.08933264537772398,1.1840110984180718,-1.5870707455453636,0.6338863021522299,-1.7099454096187867,0.3160456456525988,2.720413285522649,0.233247142296696,1.2914316194500337,0.2725172446842751,1.0254780936739851,0.266650698397005,-0.9604600260795363,0.08630526423889708,0.7302051991858709,-1.0941715468081636,1.2163222717093598,1.1289993053803096,1.1617759528378333
-0.2590597186410176,-0.7345724344019312,2.704624331760601,0.3686408514187145,0.6976097529740398,3.256312743617644,-0.26498705216603735,2.265319983639136,0.81370879421884,1.4272862252557246,1.2841726380087397,-3.8457352782503644,-3.422255762440901,1.2757641979235756,-1.4245673695686598,-1.1459269293500343,-1.0933431452639097,2.5675912713572266,3.184391165012063,-3.3277053003151966,1.4036384117101832,1.8210371197235893,-1.7247604125147236,-2.874646321708168,-1.0206466671124037,-0.05628812662965667,-1.734858583803811,2.410063858470142,-0.9916055240975549,2.6092577164158697,-0.49634258165024947,-4.020787164931527,-0.29146087868577664,-1.882235166452809,-0.4027783798431299,-1.494874193524671,-0.42835329824804197,1.4227915450704713,-0.11491538899552564,-1.0941715468081636,1.691626482101879,-1.8438260861191968,-1.6419139309798387,-1.7196404873197204
0.5395658061622743,0.7957150031505617,-3.049581494541483,-0.48816293550381407,-0.5877617526737996,-3.6200112664541155,0.11913750302425882,-2.2245200411492765,-0.46864759908963205,-1.5352876540561267,-1.3727149850178206,4.139920500018094,3.389141208369322,-1.2781043156541656,1.4064652779180027,1.0107833812247136,0.8443441308469145,-2.9969794124259077,-3.4684790560740497,3.8106124476965038,-1.796089022065849,-1.9255834250826824,1.9453538538542776,3.210148114957038,1.2393652735580438,-0.015793860501224416,1.9653913555170677,-2.6553799331784864,1.1699652045819353,-2.8092016713321346,0.19136107516761078,4.027649459853331,0.4497763411192702,1.8201877122876475,0.5557866393429153,1.4238710218213286,0.41608842285226066,-1.6193681163662588,-0.1981360272740749,1.2163222717093598,-1.8438260861191968,2.1973818656377104,1.4251894817737323,1.6920555834704538
-2.018095200876343,3.59695330786244,-5.06993399465586,0.17505168192685136,-4.524943462932657,-11.544892652593916,1.2062430656234768,-4.797301008984527,-4.879179753428615,-2.7862631133056595,-1.9866068402190211,5.208653006965156,13.024028630348377,-2.794834435180262,6.5559296492102055,4.906371811810332,7.033310333484474,-5.24603893104698,-7.019880697621283,3.8422420656063174,-1.508259813813518,-3.5237846770626504,2.5286595025511764,4.758076473138882,1.131109987738255,3.4099749413600677,4.875761520949761,-4.5018681398775655,-0.2906968735008914,-4.671338453601354,3.0155353416534174,13.645715019198564,1.505429529693039,7.680930304144624,0.3843569346965938,6.88326549787637,-0.007845162800424254,-3.12645148590384,2.8096956359900847,1.1289993053803096,-1.6419139309798387,1.4251894817737323,7.643351423265851,6.260334301277521
-1.3921439311095474,3.048327081626468,-4.76376471598682,-0.004570500731276474,-3.673381299826661,-10.053836539290794,0.9293888104310986,-4.227731734566058,-3.832548034325237,-2.559200084693557,-1.8999164141754956,5.05020894841974,11.00575193810401,-2.4695019010378028,5.471690639180714,4.028755293899786,5.653552907365764,-4.931912439824443,-6.392836389392938,3.9747982516315195,-1.7244302051765987,-3.217744781430946,2.4875209999918955,4.55165884986422,1.2255887849280136,2.6810454036551077,4.357502526897269,-4.206212478606481,0.05950607935013448,-4.347361598392589,2.3142225737165227,11.64410960489431,1.3487298494998174,6.437341980484324,0.4827101263837762,5.737296645604218,0.06434328941654148,-2.8811433312929626,2.0628457635468163,1.1617759528378333,-1.7196404873197204,1.6920555834704538,6.260334301277521,5.305300998874023
