V1,V2,V3,V4,V5,V6,V7,V8,V9,V10,V11,V12,V13,V14,V15,V16,V17,V18,V19,V20,V21,V22,V23,V24,V25,V26,V27,V28,V29,V30,V31,V32,V33,V34,V35,V36,V37,V38,V39,V40,V41,V42,V43,V44
0.7284994004719476,-0.3372723288790337,0.40744135796006425,0.30777859827423454,0.23616257890300926,-1.0712412014076884,1.0862474147580057,-0.0013699120979902577,-0.4962434042426797,0.24718462696553767,-1.4237547835448379,-1.1548070824636427,-0.3804862928932682,-0.3775872544575801,-0.8103912359097282,-0.4463484172890159,-0.027307522172139786,0.14698990962006508,-1.474162631372469,-1.1228758099768865,-0.9471319181970647,-0.1796336352946893,1.6958152824286377,0.657153297681434,0.6564324386108701,-0.7528795442024921,-0.0033778695972071257,-0.8736395911557351,-0.07015476597089262,-0.7968984713316105,-0.10547205703616268,0.6198177658890331,0.19967560193915104,0.6677125521546693,1.3877966798165904,1.3770746832881078,1.120741387569089,-0.35905957951674006,0.0049971092981707455,-0.17942000663545532,-0.23236566009902374,-0.05837198243441272,-0.16532242088122934,0.16102659689505416
-0.3372723288790337,0.18925934271640976,-0.3905375953237576,-0.23598294013956314,-0.006113081962884269,0.46263524223442115,-0.7552205664893261,0.2351590158496245,0.4604931917427789,-0.3032996345695461,0.4286129174015527,0.5340578274398139,0.3554532509449959,0.1485910207191273,0.2800162923011903,0.009699497245547034,-0.1802480183091765,-0.31536039123801485,0.32156497363291175,0.35459889014248386,0.31504863179018155,-0.13046290759049026,-1.065687555653002,0.006154910617358927,-0.09198474244341043,0.45878325351127935,0.07535284571124894,0.33537158590157856,0.011362488618022623,0.3091590926680658,0.216385940376458,-0.1428916060554601,-0.006174644478468884,-0.3451250995317112,-0.6526081375171351,-0.7591846140680828,-0.7757468695021933,0.016234997431315637,-0.04620713781950547,0.03601393496862306,-0.0016682744282987497,0.03990287306099698,0.12524780452399487,0.11757646783860991
0.40744135796006425,-0.3905375953237576,1.5123687771431409,0.7712542377889038,-0.5161087782636937,-0.4642840918661808,2.205529206229127,-1.413946184740851,-1.741978011957412,1.3164613664690608,0.5611711229815379,-0.7623487773444586,-1.2872704678477775,-0.060592403369675314,0.11595174101824057,0.951260893126039,1.2086578475802416,1.6272830155679525,1.3316316058821538,0.25647836180496464,0.21065356468479926,1.2113626896444418,2.709036178133761,-1.5370862630277906,-0.9163212090171304,-1.092434858186685,-0.4573558598643063,-0.07865624863179412,0.0492490092660801,-0.08606530931725195,-1.0620995479645314,-0.47738594797433354,-0.4013252756122075,0.6522232639046309,0.8916979407953849,1.6071923009668836,2.233418198825892,0.7102456254927301,0.3046294283879336,0.15426467087950638,0.5611375707526225,-0.15991398046357108,-0.359606870318689,-1.0589683576965043
0.30777859827423454,-0.23598294013956314,0.7712542377889038,0.4106723497226036,-0.20121795221263233,-0.3986553762608601,1.203333863124414,-0.6514395581089121,-0.8930556506683294,0.6512850125003982,0.018509641394136103,-0.5562395865600741,-0.6541446980324708,-0.09164251970860994,-0.08095289031599998,0.365229038081941,0.5578085163115045,0.7791888365739055,0.3666425129879106,-0.08082014457909212,-0.05943124653543486,0.5306841188711477,1.5352435474698711,-0.6025050369847916,-0.3135422614808994,-0.6274710084139468,-0.21210205388319145,-0.1818330422421062,0.006416178342185479,-0.17180703107297718,-0.5050980727657254,-0.11129649331848362,-0.15048581684099593,0.4168577844384075,0.6463287823673954,0.9796202242481401,1.2198401348086387,0.2677625395259306,0.14532197389376522,0.03812759936089516,0.2230691121362411,-0.0898521761252175,-0.18951333943035711,-0.4591116092854634
0.23616257890300926,-0.006113081962884269,-0.5161087782636937,-0.20121795221263233,0.40562537349148653,-0.43083023814426324,-0.4556493058763129,0.7277522214286165,0.578289295349725,-0.5189997018489944,-1.168685918016272,-0.33960034639730013,0.4320945921480427,-0.20194117140400678,-0.5571394367208771,-0.761277686223307,-0.6279241748200234,-0.7378436096347687,-1.5937632483497626,-0.8431819567420348,-0.6891328892741759,-0.729367232564394,-0.3429256185859897,1.1884592191629517,0.8734589496789903,0.10059664347304151,0.23170925958560487,-0.49647976677319505,-0.07632865708204152,-0.44436032857023167,0.4845793747948692,0.6354680882479876,0.33095818640287916,0.08518300614026529,0.402168570820823,0.03677554832945031,-0.45264308366313855,-0.5850425786554232,-0.14643368562681697,-0.19522548891814948,-0.42517982740453597,0.035851002298164486,0.08956501857208568,0.6469564764157968
-1.0712412014076884,0.46263524223442115,-0.4642840918661808,-0.3986553762608601,-0.43083023814426324,1.7214876090373865,-1.418595146357002,-0.27721098273245187,0.5719911226167391,-0.20113408766763144,2.422645168241094,1.889793518887962,0.334654931191411,0.5995378892936161,1.3132776220207132,0.8712171109456983,0.17674552456013187,-0.00574985137777258,2.630666155745569,2.0240254254015624,1.5445776500533532,0.479879064665902,-2.272480202865991,-1.2880932664968643,-1.2092744934007706,0.9884363272824827,-0.06760254079850823,1.380610749735617,0.18841633169160285,1.2468331452786927,-0.05684252259781294,-1.155092305217275,-0.40902623628222196,-1.0368335882971018,-2.1184811780502595,-2.0453042348979453,-1.4348166485232836,0.6973579078094564,-0.012278022152771371,0.3645612450849324,0.4210022581262752,0.15081680666681202,0.1444667258558442,-0.4835023411121427
1.0862474147580057,-0.7552205664893261,2.205529206229127,1.203333863124414,-0.4556493058763129,-1.418595146357002,3.6089025849944836,-1.7710356951588644,-2.5619668331624252,1.8377164958223893,-0.4183726039779839,-1.849644221738594,-1.913570460602523,-0.37313242851208056,-0.4951549142807553,0.8360475686028093,1.4829758359533645,2.1455672735897453,0.5042599892748857,-0.5502332809906567,-0.48503747771652467,1.3708832725796707,4.7223750220682215,-1.3995861059156294,-0.6273340505529167,-1.9623477408772996,-0.5737339533089277,-0.7882488241345653,0.012016699686247804,-0.7377065653128991,-1.414225459265052,-0.11442677676291832,-0.34573678252957873,1.3359325231847978,2.2057344122904103,3.0856257030449137,3.6737871464853513,0.6044792898477797,0.37978573320568676,0.05543940144596484,0.5142291937975081,-0.23864606325372542,-0.5850208831480836,-1.199923760554589
-0.0013699120979902577,0.2351590158496245,-1.413946184740851,-0.6514395581089121,0.7277522214286165,-0.27721098273245187,-1.7710356951588644,1.6853675392946588,1.6167281889641976,-1.3351052023248993,-1.67531188009905,-0.07180592570756024,1.293903138621825,-0.19281817002517812,-0.6861186989020429,-1.4081740101806413,-1.3535262039789917,-1.7477119228149998,-2.6040139640685553,-1.2491052575285837,-0.8867960194094754,-1.520536804758408,-1.9768539384180657,2.2147757032271493,1.5190161791443593,0.7877424741926234,0.5254892870275686,-0.5012974515209249,-0.17271564549230722,-0.4306174775555265,1.2095215162844823,1.0609131611119451,0.6248334869038982,-0.2236279659990859,-0.04087107856033468,-0.8163065554812696,-1.814115084899956,-1.0743975437783857,-0.29553276533284256,-0.3534877767364803,-0.766111572057197,0.06296366490408457,0.3643542880820261,1.3885598371621581
-0.4962434042426797,0.4604931917427789,-1.741978011957412,-0.8930556506683294,0.578289295349725,0.5719911226167391,-2.5619668331624252,1.6167281889641976,2.008429006061409,-1.5127595551896342,-0.582936183378529,0.9134211698740307,1.4874213818330668,0.08512052133054342,-0.09890460139669598,-1.0674572569397953,-1.375979448712756,-1.8627860937025686,-1.4610077438136087,-0.2520972353166105,-0.20161747239946687,-1.3756422573213969,-3.1636737678667117,1.7274900016609191,1.0190762990463837,1.27927609496086,0.5222186122373417,0.1265372221086435,-0.05536776751045618,0.13209269659593656,1.218619302179528,0.5214868065582572,0.45044430967248694,-0.7690860756922342,-1.0744014041102683,-1.8891411111116048,-2.5965164560773455,-0.7958513640250592,-0.3463111043952938,-0.17054225775160067,-0.6291586641908268,0.18302077099609995,0.4192204228511866,1.203865355568073
0.24718462696553767,-0.3032996345695461,1.3164613664690608,0.6512850125003982,-0.5189997018489944,-0.20113408766763144,1.8377164958223893,-1.3351052023248993,-1.5127595551896342,1.1760140898100346,0.8168132040132784,-0.438843548585538,-1.1475919754778303,0.018430166221037637,0.2652184014477943,0.9761927303568122,1.1159073902607233,1.481326581665196,1.5470095552302827,0.5125854025592697,0.37948885489381945,1.1653435338511533,2.2012684054390754,-1.5596124114412588,-0.9867111817261925,-0.8856767486928212,-0.4261617095535597,0.09506644827836624,0.07975511282989961,0.07037996661673945,-0.9872066892812296,-0.5917788213417092,-0.42088914813586703,0.4578399372167827,0.5506556882521201,1.2033175604027235,1.8671445770188464,0.7355873388504315,0.26774499116979067,0.19440445715627203,0.5572365598523061,-0.11351919417503746,-0.32198880540477276,-1.0362585111144185
-1.4237547835448379,0.4286129174015527,0.5611711229815379,0.018509641394136103,-1.168685918016272,2.422645168241094,-0.4183726039779839,-1.67531188009905,-0.582936183378529,0.8168132040132784,4.481056118635574,2.4220897823176757,-0.5503836979980005,0.9377126813473391,2.272593475917128,2.2671900923993804,1.3590683334239047,1.413968958177949,5.4941792384858825,3.5250707676054236,2.737943814970226,1.8478113232315916,-1.4019842311956408,-3.4690135009398135,-2.794058887257477,0.6931809212675133,-0.5097310627980134,2.2155800312708673,0.3381438810107345,1.9903255600041387,-1.0047302641929834,-2.304775514498996,-1.0195629786706768,-1.1283945019968824,-2.7170017406718148,-1.959660506943797,-0.4293835217603623,1.7691681834095456,0.2574247903218983,0.72420266809405065,1.1946867129591547,0.09066375012313387,-0.059236929681246664,-1.7072652265843826
-1.1548070824636427,0.5340578274398139,-0.7623487773444586,-0.5562395865600741,-0.33960034639730013,1.889793518887962,-1.849644221738594,-0.07180592570756024,0.9134211698740307,-0.438843548585538,2.4220897823176757,2.1562386962530904,0.5273748976110006,0.6290629267688558,1.3284488791976887,0.7359223346743629,-0.054910647250193415,-0.29852304541940017,2.506939119572089,2.132592181008497,1.5486805361118448,0.2865165141469726,-2.7912107730653775,-1.056857622407091,-1.0932388683416223,1.1794005623465929,0.008481207875013538,1.4293559780031684,0.2207410848536799,1.2881407983716608,0.09337895904852456,-1.1508400074596055,-0.3651746220186336,-1.2133497498352848,-2.3489744886558594,-2.4259117424023726,-1.8532463842904865,0.6006692250114931,-0.09199879143462282,0.3756720704941986,0.31647173835420733,0.22522542764846878,0.17696680457668054,-0.34579591040494156
-0.3804862928932682,0.3554532509449959,-1.2872704678477775,-0.6541446980324708,0.4320945921480427,0.334654931191411,-1.913570460602523,1.293903138621825,1.4874213818330668,-1.1475919754778303,-0.5503836979980005,0.5273748976110006,1.1927558291002864,0.046928877482271335,-0.10529832114305358,-0.8469149967873321,-1.0166927952760278,-1.4102664575785389,-1.2346453252251353,-0.3913588801017448,-0.18750530338201438,-1.0699162102431896,-2.3896771120708418,1.353179192887178,0.8237430247774049,0.9961334773207905,0.4037528294997542,0.06849607395198165,-0.10203297272167601,0.0837670323035345,0.9847833623894229,0.49925087473131663,0.37717085168821507,-0.5108560486761651,-0.7453600477325708,-1.327563157284444,-1.9672681733105881,-0.6373667351519833,-0.22389761286628757,-0.18211611677129028,-0.46276938682315827,0.07030164404001352,0.36997334417945,0.9840905345512666
-0.3775872544575801,0.1485910207191273,-0.060592403369675314,-0.09164251970860994,-0.20194117140400678,0.5995378892936161,-0.37313242851208056,-0.19281817002517812,0.08512052133054342,0.018430166221037637,0.9377126813473391,0.6290629267688558,0.046928877482271335,0.21985739037335342,0.5000266037804003,0.3915386735535952,0.16009886835691564,0.11560765112397958,1.0680921235919225,0.7462006914307219,0.5934394127506989,0.26379156584985375,-0.6646937731396193,-0.5901204393018269,-0.5145911128341102,0.30070318192135864,-0.057026738615447124,0.5125432233464052,0.06322147652210935,0.4634869630044139,-0.08602925460941774,-0.45222397167819156,-0.1771308959099457,-0.33083370560583847,-0.7251592466954927,-0.6390514561732057,-0.38291884985835795,0.3091855325311149,0.02491335069989328,0.13868704834057807,0.20343887674290168,0.032599717252188604,0.03898737468163064,-0.24554484131584972
-0.8103912359097282,0.2800162923011903,0.11595174101824057,-0.08095289031599998,-0.5571394367208771,1.3132776220207132,-0.4951549142807553,-0.6861186989020429,-0.09890460139669598,0.2652184014477943,2.272593475917128,1.3284488791976887,-0.10529832114305358,0.5000266037804003,1.182733385124431,1.070207402332362,0.5763178916646912,0.5436666135503179,2.7060928688547055,1.7721837412912,1.4165006703357856,0.8176733506166624,-1.0892605261159882,-1.632090230504013,-1.3500562950815347,0.5175695412021326,-0.20964625876941556,1.178221142025919,0.1528112059386733,1.0632276054690708,-0.3770888976807374,-1.1281365726981123,-0.47822260172326037,-0.6589114189745647,-1.5347142316439193,-1.2116462368845147,-0.5139504232672805,0.8375537136303561,0.11104538269380804,0.3471062060637982,0.5677618383794062,0.04510003434617335,0.032513721426139224,-0.7472935419114334
-0.4463484172890159,0.009699497245547034,0.951260893126039,0.365229038081941,-0.761277686223307,0.8712171109456983,0.8360475686028093,-1.4081740101806413,-1.0674572569397953,0.9761927303568122,2.2671900923993804,0.7359223346743629,-0.8469149967873321,0.3915386735535952,1.070207402332362,1.456158683115997,1.1669935986474558,1.3870925173564157,3.0783448750061426,1.7034114542896441,1.322200567096649,1.3891131677375474,0.6316605835141853,-2.265106356805946,-1.675895432032499,-0.1992274956737085,-0.4404307169701573,0.9542552009125878,0.17694011203637602,0.8496743204138755,-0.945016024400525,-1.2562452776711832,-0.6435058053667817,-0.20448838013803122,-0.8026413139768548,-0.13399492954087086,0.8454476513572139,1.1216670799563655,0.2544689193661765,0.39770296793280463,0.7934716596946012,-0.030268046947457397,-0.19613677886935113,-1.2578024931554943
-0.027307522172139786,-0.1802480183091765,1.2086578475802416,0.5578085163115045,-0.6279241748200234,0.17674552456013187,1.4829758359533645,-1.3535262039789917,-1.375979448712756,1.1159073902607233,1.3590683334239047,-0.054910647250193415,-1.0166927952760278,0.16009886835691564,0.5763178916646912,1.1669935986474558,1.169430910776087,1.4702100883477207,2.124512628833406,0.9020002542327685,0.7448272953197652,1.2615112927981493,1.616164275132644,-1.8468592481358101,-1.2548413700080856,-0.6152682288952538,-0.4355530700907038,0.4272233292190303,0.09170734965620643,0.3754109347958994,-0.9585842438276583,-0.8189700520249678,-0.5005071823059309,0.23715170436705899,0.05251569446361401,0.7391558176113531,1.4915820020354524,0.8869194879698507,0.2852835008709403,0.2535390330987987,0.6687484827587629,-0.1134202371585832,-0.25292698300292893,-1.1090124782163029
0.14698990962006508,-0.31536039123801485,1.6272830155679525,0.7791888365739055,-0.7378436096347687,-0.00574985137777258,2.1455672735897453,-1.7477119228149998,-1.8627860937025686,1.481326581665196,1.413968958177949,-0.29852304541940017,-1.4102664575785389,0.11560765112397958,0.5436666135503179,1.3870925173564157,1.4702100883477207,1.905998323917475,2.3826728193290965,0.9397771401304856,0.7263788430302871,1.5703177147769707,2.4733914189231596,-2.2027749002073587,-1.451560614806895,-0.9774931726013784,-0.5576105892613417,0.33629443006821064,0.12015227366419584,0.2855392054288093,-1.2669182005522908,-0.9239165516208896,-0.599421372354966,0.43992810284947964,0.38624540668724905,1.2451209506377086,2.175025795013361,1.050670397581161,0.3506755971099317,0.2970290084946568,0.7873151065618891,-0.1359974896183803,-0.38066096020460144,-1.3957745379564683
-1.474162631372469,0.32156497363291175,1.3316316058821538,0.3666425129879106,-1.5937632483497626,2.630666155745569,0.5042599892748857,-2.6040139640685553,-1.4610077438136087,1.5470095552302827,5.4941792384858825,2.506939119572089,-1.2346453252251353,1.0680921235919225,2.7060928688547055,3.0783448750061426,2.124512628833406,2.3826728193290965,7.026662783572269,4.259301211241749,3.2922694107513695,2.7056889213063884,-0.4104282521941646,-4.744774228045231,-3.678929178140152,0.30951476701200703,-0.8019835458060701,2.550698281439666,0.4269831994044898,2.282945096077101,-1.6615969858501642,-2.9195247378697284,-1.3755952530060278,-1.0335928020326979,-2.7751094507277347,-1.5755095355266995,0.5090863887280587,2.3882877958272117,0.4307005829316178,0.9232166082988768,1.6428244396761116,0.04502812455719296,-0.2408057576420415,-2.480502750434293
-1.1228758099768865,0.35459889014248386,0.25647836180496464,-0.08082014457909212,-0.8431819567420348,2.0240254254015624,-0.5502332809906567,-1.2491052575285837,-0.2520972353166105,0.5125854025592697,3.5250707676054236,2.132592181008497,-0.3913588801017448,0.7462006914307219,1.7721837412912,1.7034114542896441,0.9020002542327685,0.9397771401304856,4.259301211241749,2.9347541770365413,2.127207457788177,1.3462591394669545,-1.3232267483951072,-2.5822640567420554,-2.1278221200564063,0.5950811137683021,-0.3607664457945674,1.7407310149847195,0.3307256887284268,1.5546921351427838,-0.7545350693522308,-1.8565651151694083,-0.7916572594789447,-1.0155286770938639,-2.249656278730379,-1.7756487051019771,-0.5261179575492361,1.3374176418364367,0.12207070578283116,0.6091707947383151,0.8487336311997599,0.16851988896307543,-0.07947655322916326,-1.306729819009705
-0.9471319181970647,0.31504863179018155,0.21065356468479926,-0.05943124653543486,-0.6891328892741759,1.5445776500533532,-0.48503747771652467,-0.8867960194094754,-0.20161747239946687,0.37948885489381945,2.737943814970226,1.5486805361118448,-0.18750530338201438,0.5934394127506989,1.4165006703357856,1.322200567096649,0.7448272953197652,0.7263788430302871,3.2922694107513695,2.127207457788177,1.7001618332834147,1.0336507839473739,-1.1691873308000307,-2.0204554042454173,-1.6544569947284156,0.5648925907443023,-0.2719217035957228,1.4014983786898658,0.18497978792827433,1.2639686379689397,-0.50090033095128,-1.3688005212526253,-0.5896872939586317,-0.7552803399101572,-1.7880037357573015,-1.3685988674539904,-0.5058936126430132,1.033071087882332,0.14678089233183744,0.4218228970184439,0.7039052525400928,0.04615756790204208,0.021266385027913712,-0.9422268957882363
-0.1796336352946893,-0.13046290759049026,1.2113626896444418,0.5306841188711477,-0.729367232564394,0.479879064665902,1.3708832725796707,-1.520536804758408,-1.3756422573213969,1.1653435338511533,1.8478113232315916,0.2865165141469726,-1.0699162102431896,0.26379156584985375,0.8176733506166624,1.3891131677375474,1.2615112927981493,1.5703177147769707,2.7056889213063884,1.3462591394669545,1.0336507839473739,1.4304682834274713,1.4019996094076987,-2.1789579556175735,-1.5374925710651088,-0.5289528436261391,-0.47888937790424024,0.6652164057416771,0.152851025963824,0.5856887725486571,-1.0616013742863644,-1.0875701430721696,-0.6095922283939701,0.07049032779468772,-0.2770948469352565,0.4513252746193782,1.391067911910895,1.0627270837852658,0.28518152288920645,0.3481939682436283,0.767300598138143,-0.06924094748971454,-0.27411223651616695,-1.2876800397682313
1.6958152824286377,-1.065687555653002,2.709036178133761,1.5352435474698711,-0.3429256185859897,-2.272480202865991,4.7223750220682215,-1.9768539384180657,-3.1636737678667117,2.2012684054390754,-1.4019842311956408,-2.7912107730653775,-2.3896771120708418,-0.6646937731396193,-1.0892605261159882,0.6316605835141853,1.616164275132644,2.4733914189231596,-0.4104282521941646,-1.3232267483951072,-1.1691873308000307,1.4019996094076987,6.3719377039424385,-1.1140172665775538,-0.2617137525259126,-2.686898785102441,-0.638876324373364,-1.4575349587357995,-0.020553388547302324,-1.3521138383694558,-1.6501057921391955,0.2695678283830914,-0.25538344725862816,1.9134698228648535,3.364577663528609,4.3230492437597725,4.823875135255191,0.433536561623692,0.4148439325681263,-0.04788577473776683,0.4084771371032889,-0.2886624374352975,-0.771083290397225,-1.2347873203439923
0.657153297681434,0.006154910617358927,-1.5370862630277906,-0.6025050369847916,1.1884592191629517,-1.2880932664968643,-1.3995861059156294,2.2147757032271493,1.7274900016609191,-1.5596124114412588,-3.4690135009398135,-1.056857622407091,1.353179192887178,-0.5901204393018269,-1.632090230504013,-2.265106356805946,-1.8468592481358101,-2.2027749002073587,-4.744774228045231,-2.5822640567420554,-2.0204554042454173,-2.1789579556175735,-1.1140172665775538,3.5294189900681063,2.595804761571841,0.3604419398155146,0.6951769807167463,-1.444805011828273,-0.2643566661488043,-1.2865054083396972,1.49049784857007,1.9257110219980689,0.9975068592412412,0.2668236558305089,1.1636187652470467,0.10088764269399694,-1.4121565138547179,-1.7426546526162756,-0.4094077585267809,-0.607491387662203,-1.2404358939473459,0.06389791055679776,0.31187512042939514,1.96528094147019
0.6564324386108701,-0.09198474244341043,-0.9163212090171304,-0.3135422614808994,0.8734589496789903,-1.2092744934007706,-0.6273340505529167,1.5190161791443593,1.0190762990463837,-0.9867111817261925,-2.794058887257477,-1.0932388683416223,0.8237430247774049,-0.5145911128341102,-1.3500562950815347,-1.675895432032499,-1.2548413700080856,-1.451560614806895,-3.678929178140152,-2.1278221200564063,-1.6544569947284156,-1.5374925710651088,-0.2617137525259126,2.595804761571841,1.9648156848203862,0.033008038592266996,0.4725283962600401,-1.2406933133795124,-0.2147953869120256,-1.1083383954760642,0.9956882121762531,1.5125125265727828,0.7436669236266067,0.39205002465148686,1.2092601168613644,0.4941042776216202,-0.6325590598353182,-1.2953175883397072,-0.26663295618424526,-0.4773605319144643,-0.9060903800655925,0.009399453786996649,0.1767703230081684,1.3976634679786788
-0.7528795442024921,0.45878325351127935,-1.092434858186685,-0.6274710084139468,0.10059664347304151,0.9884363272824827,-1.9623477408772996,0.7877424741926234,1.27927609496086,-0.8856767486928212,0.6931809212675133,1.1794005623465929,0.9961334773207905,0.30070318192135864,0.5175695412021326,-0.1992274956737085,-0.6152682288952538,-0.9774931726013784,0.30951476701200703,0.5950811137683021,0.5648925907443023,-0.5289528436261391,-2.686898785102441,0.3604419398155146,0.033008038592266996,1.1476677616439845,0.2505748366139769,0.6692298738955644,-0.0019595850465805465,0.6218916420251354,0.6725193780834298,-0.15163248157700568,0.08454167127938529,-0.80613108019836,-1.462149960141933,-1.821075667400371,-2.014683982765091,-0.13267546018601117,-0.1492975060434305,0.025201778866121356,-0.12435486463076774,0.09774012971950648,0.33686522809939407,0.4803456515996189
-0.0033778695972071257,0.07535284571124894,-0.4573558598643063,-0.21210205388319145,0.23170925958560487,-0.06760254079850823,-0.5737339533089277,0.5254892870275686,0.5222186122373417,-0.4261617095535597,-0.5097310627980134,0.008481207875013538,0.4037528294997542,-0.057026738615447124,-0.20964625876941556,-0.4404307169701573,-0.4355530700907038,-0.5576105892613417,-0.8019835458060701,-0.3607664457945674,-0.2719217035957228,-0.47888937790424024,-0.638876324373364,0.6951769807167463,0.4725283962600401,0.2505748366139769,0.16620445772994513,-0.15130101321964334,-0.045237536591401735,-0.13087345272444842,0.37616490395177354,0.31880102305540275,0.19253915142980346,-0.08630203913053568,-0.030523820805973934,-0.28290020220741346,-0.5831953891199602,-0.3352611934484703,-0.10024079703653664,-0.1032447368341572,-0.24530959707686206,0.03064900762008962,0.1086883199253047,0.4303498896920359
-0.8736395911557351,0.33537158590157856,-0.07865624863179412,-0.1818330422421062,-0.49647976677319505,1.380610749735617,-0.7882488241345653,-0.5012974515209249,0.1265372221086435,0.09506644827836624,2.2155800312708673,1.4293559780031684,0.06849607395198165,0.5125432233464052,1.178221142025919,0.9542552009125878,0.4272233292190303,0.33629443006821064,2.550698281439666,1.7407310149847195,1.4014983786898658,0.6652164057416771,-1.4575349587357995,-1.444805011828273,-1.2406933133795124,0.6692298738955644,-0.15130101321964334,1.2000225677009335,0.14270630827419037,1.0856378711767936,-0.23635645442825828,-1.0694466150039124,-0.42796766212580234,-0.744972225275442,-1.6635378672613077,-1.4276885035555125,-0.8135843378857689,0.7511064199607195,0.07581464902141309,0.3258521877714071,0.5022693041698041,0.06102905736607708,0.08479542742435413,-0.6104646118965666
-0.07015476597089262,0.011362488618022623,0.0492490092660801,0.006416178342185479,-0.07632865708204152,0.18841633169160285,0.012016699686247804,-0.17271564549230722,-0.05536776751045618,0.07975511282989961,0.3381438810107345,0.2207410848536799,-0.10203297272167601,0.06322147652210935,0.1528112059386733,0.17694011203637602,0.09170734965620643,0.12015227366419584,0.4269831994044898,0.3307256887284268,0.18497978792827433,0.152851025963824,-0.020553388547302324,-0.2643566661488043,-0.2147953869120256,-0.0019595850465805465,-0.045237536591401735,0.14270630827419037,0.056840078514260324,0.12288079116493852,-0.12043164889933927,-0.20719215820019943,-0.0900647542925504,-0.09328111013936989,-0.17717865173028843,-0.1372196823897451,0.028657171666099594,0.1399595245603534,-9.448458751718876e-4,0.07756129003484431,0.07412255125774324,0.04202942001510499,-0.04341998330127888,-0.16721355349874364
-0.7968984713316105,0.3091590926680658,-0.08606530931725195,-0.17180703107297718,-0.44436032857023167,1.2468331452786927,-0.7377065653128991,-0.4306174775555265,0.13209269659593656,0.07037996661673945,1.9903255600041387,1.2881407983716608,0.0837670323035345,0.4634869630044139,1.0632276054690708,0.8496743204138755,0.3754109347958994,0.2855392054288093,2.282945096077101,1.5546921351427838,1.2639686379689397,0.5856887725486571,-1.3521138383694558,-1.2865054083396972,-1.1083383954760642,0.6218916420251354,-0.13087345272444842,1.0856378711767936,0.12288079116493852,0.9831700145433095,-0.19554822287755613,-0.9532732132077679,-0.3795444306102792,-0.6755822947840733,-1.5112004378919037,-1.3026015994970475,-0.7637162823673601,0.6688635008188866,0.0688296152598467,0.28823546916972564,0.4499198400037031,0.05058003943697682,0.08617432794702111,-0.5335399760483232
-0.10547205703616268,0.216385940376458,-1.0620995479645314,-0.5050980727657254,0.4845793747948692,-0.05684252259781294,-1.414225459265052,1.2095215162844823,1.218619302179528,-0.9872066892812296,-1.0047302641929834,0.09337895904852456,0.9847833623894229,-0.08602925460941774,-0.3770888976807374,-0.945016024400525,-0.9585842438276583,-1.2669182005522908,-1.6615969858501642,-0.7545350693522308,-0.50090033095128,-1.0616013742863644,-1.6501057921391955,1.49049784857007,0.9956882121762531,0.6725193780834298,0.37616490395177354,-0.23635645442825828,-0.12043164889933927,-0.19554822287755613,0.8848370164689215,0.6809153594042819,0.42149209302163426,-0.246637370625904,-0.21869006143907993,-0.7656523631489254,-1.4530536289130185,-0.7192046859545218,-0.20677681042071222,-0.23265726446753876,-0.5117273360286927,0.04446931749612675,0.2897552544502564,0.9758527171039395
0.6198177658890331,-0.1428916060554601,-0.47738594797433354,-0.11129649331848362,0.6354680882479876,-1.155092305217275,-0.11442677676291832,1.0609131611119451,0.5214868065582572,-0.5917788213417092,-2.304775514498996,-1.1508400074596055,0.49925087473131663,-0.45222397167819156,-1.1281365726981123,-1.2562452776711832,-0.8189700520249678,-0.9239165516208896,-2.9195247378697284,-1.8565651151694083,-1.3688005212526253,-1.0875701430721696,0.2695678283830914,1.9257110219980689,1.5125125265727828,-0.15163248157700568,0.31880102305540275,-1.0694466150039124,-0.20719215820019943,-0.9532732132077679,0.6809153594042819,1.2437938946975802,0.5725521086282318,0.4884129479477658,1.2134110348337444,0.7635237830582227,-0.13042674310555843,-0.9783057685712337,-0.14567084174289524,-0.4040463196190317,-0.649898794885943,-0.061746875101966726,0.11518062954109,1.024394733068632
0.19967560193915104,-0.006174644478468884,-0.4013252756122075,-0.15048581684099593,0.33095818640287916,-0.40902623628222196,-0.34573678252957873,0.6248334869038982,0.45044430967248694,-0.42088914813586703,-1.0195629786706768,-0.3651746220186336,0.37717085168821507,-0.1771308959099457,-0.47822260172326037,-0.6435058053667817,-0.5005071823059309,-0.599421372354966,-1.3755952530060278,-0.7916572594789447,-0.5896872939586317,-0.6095922283939701,-0.25538344725862816,0.9975068592412412,0.7436669236266067,0.08454167127938529,0.19253915142980346,-0.42796766212580234,-0.0900647542925504,-0.3795444306102792,0.42149209302163426,0.5725521086282318,0.28844955165947556,0.11046555479714852,0.37610931149188004,0.09363591098885977,-0.35527285970713723,-0.4968856951083649,-0.10209531397631828,-0.1852887710148147,-0.34319055819246336,-0.0019058093407624463,0.09441838593369448,0.5619087156242926
0.6677125521546693,-0.3451250995317112,0.6522232639046309,0.4168577844384075,0.08518300614026529,-1.0368335882971018,1.3359325231847978,-0.2236279659990859,-0.7690860756922342,0.4578399372167827,-1.1283945019968824,-1.2133497498352848,-0.5108560486761651,-0.33083370560583847,-0.6589114189745647,-0.20448838013803122,0.23715170436705899,0.43992810284947964,-1.0335928020326979,-1.0155286770938639,-0.7552803399101572,0.07049032779468772,1.9134698228648535,0.2668236558305089,0.39205002465148686,-0.80613108019836,-0.08630203913053568,-0.744972225275442,-0.09328111013936989,-0.6755822947840733,-0.246637370625904,0.4884129479477658,0.11046555479714852,0.7280730541010726,1.3544937156371637,1.512703572316285,1.347678711482199,-0.17745245018397526,0.09344635079519088,-0.15659320289426087,-0.06607605079378624,-0.13018105110466105,-0.16490409061641847,-0.021765491485128304
1.3877966798165904,-0.6526081375171351,0.8916979407953849,0.6463287823673954,0.402168570820823,-2.1184811780502595,2.2057344122904103,-0.04087107856033468,-1.0744014041102683,0.5506556882521201,-2.7170017406718148,-2.3489744886558594,-0.7453600477325708,-0.7251592466954927,-1.5347142316439193,-0.8026413139768548,0.05251569446361401,0.38624540668724905,-2.7751094507277347,-2.249656278730379,-1.7880037357573015,-0.2770948469352565,3.364577663528609,1.1636187652470467,1.2092601168613644,-1.462149960141933,-0.030523820805973934,-1.6635378672613077,-0.17717865173028843,-1.5112004378919037,-0.21869006143907993,1.2134110348337444,0.37610931149188004,1.3544937156371637,2.715486132936451,2.772255540655803,2.249434496920611,-0.6521292039911748,0.06143329123562894,-0.36908397599839626,-0.3850139556222406,-0.17591415173597014,-0.29115703138364163,0.28922640012907497
1.3770746832881078,-0.7591846140680828,1.6071923009668836,0.9796202242481401,0.03677554832945031,-2.0453042348979453,3.0856257030449137,-0.8163065554812696,-1.8891411111116048,1.2033175604027235,-1.959660506943797,-2.4259117424023726,-1.327563157284444,-0.6390514561732057,-1.2116462368845147,-0.13399492954087086,0.7391558176113531,1.2451209506377086,-1.5755095355266995,-1.7756487051019771,-1.3685988674539904,0.4513252746193782,4.3230492437597725,0.10088764269399694,0.4941042776216202,-1.821075667400371,-0.28290020220741346,-1.4276885035555125,-0.1372196823897451,-1.3026015994970475,-0.7656523631489254,0.7635237830582227,0.09363591098885977,1.512703572316285,2.772255540655803,3.237180151095632,3.1289448823677044,-0.14551931974698043,0.23612477487539055,-0.23384862961029032,0.005445628674333052,-0.2575153425475817,-0.4287207547044978,-0.3410193767990291
1.120741387569089,-0.7757468695021933,2.233418198825892,1.2198401348086387,-0.45264308366313855,-1.4348166485232836,3.6737871464853513,-1.814115084899956,-2.5965164560773455,1.8671445770188464,-0.4293835217603623,-1.8532463842904865,-1.9672681733105881,-0.38291884985835795,-0.5139504232672805,0.8454476513572139,1.4915820020354524,2.175025795013361,0.5090863887280587,-0.5261179575492361,-0.5058936126430132,1.391067911910895,4.823875135255191,-1.4121565138547179,-0.6325590598353182,-2.014683982765091,-0.5831953891199602,-0.8135843378857689,0.028657171666099594,-0.7637162823673601,-1.4530536289130185,-0.13042674310555843,-0.35527285970713723,1.347678711482199,2.249434496920611,3.1289448823677044,3.7490333113840575,0.6121978516813803,0.37264795160603875,0.06760865623509288,0.5093634616940025,-0.22248241908127075,-0.6126203268728775,-1.231974961101741
-0.35905957951674006,0.016234997431315637,0.7102456254927301,0.2677625395259306,-0.5850425786554232,0.6973579078094564,0.6044792898477797,-1.0743975437783857,-0.7958513640250592,0.7355873388504315,1.7691681834095456,0.6006692250114931,-0.6373667351519833,0.3091855325311149,0.8375537136303561,1.1216670799563655,0.8869194879698507,1.050670397581161,2.3882877958272117,1.3374176418364367,1.033071087882332,1.0627270837852658,0.433536561623692,-1.7426546526162756,-1.2953175883397072,-0.13267546018601117,-0.3352611934484703,0.7511064199607195,0.1399595245603534,0.6688635008188866,-0.7192046859545218,-0.9783057685712337,-0.4968856951083649,-0.17745245018397526,-0.6521292039911748,-0.14551931974698043,0.6121978516813803,0.8648395271707229,0.19111138514924106,0.3102777883451835,0.6091298448677495,-0.017306389239898655,-0.1477210401052246,-0.9649278600698973
0.0049971092981707455,-0.04620713781950547,0.3046294283879336,0.14532197389376522,-0.14643368562681697,-0.012278022152771371,0.37978573320568676,-0.29553276533284256,-0.3463111043952938,0.26774499116979067,0.2574247903218983,-0.09199879143462282,-0.22389761286628757,0.02491335069989328,0.11104538269380804,0.2544689193661765,0.2852835008709403,0.3506755971099317,0.4307005829316178,0.12207070578283116,0.14678089233183744,0.28518152288920645,0.4148439325681263,-0.4094077585267809,-0.26663295618424526,-0.1492975060434305,-0.10024079703653664,0.07581464902141309,-9.448458751718876e-4,0.0688296152598467,-0.20677681042071222,-0.14567084174289524,-0.10209531397631828,0.09344635079519088,0.06143329123562894,0.23612477487539055,0.37264795160603875,0.19111138514924106,0.08127662024626182,0.03792046004720558,0.15888086339798627,-0.05202908597239051,-0.044114906717048485,-0.2339534905872298
-0.17942000663545532,0.03601393496862306,0.15426467087950638,0.03812759936089516,-0.19522548891814948,0.3645612450849324,0.05543940144596484,-0.3534877767364803,-0.17054225775160067,0.19440445715627203,0.72420266809405065,0.3756720704941986,-0.18211611677129028,0.13868704834057807,0.3471062060637982,0.39770296793280463,0.2535390330987987,0.2970290084946568,0.9232166082988768,0.6091707947383151,0.4218228970184439,0.3481939682436283,-0.04788577473776683,-0.607491387662203,-0.4773605319144643,0.025201778866121356,-0.1032447368341572,0.3258521877714071,0.07756129003484431,0.28823546916972564,-0.23265726446753876,-0.4040463196190317,-0.1852887710148147,-0.15659320289426087,-0.36908397599839626,-0.23384862961029032,0.06760865623509288,0.3102777883451835,0.03792046004720558,0.13634759701973864,0.19790700963352542,0.03291819134532141,-0.051955325063439625,-0.3379716157164131
-0.23236566009902374,-0.0016682744282987497,0.5611375707526225,0.2230691121362411,-0.42517982740453597,0.4210022581262752,0.5142291937975081,-0.766111572057197,-0.6291586641908268,0.5572365598523061,1.1946867129591547,0.31647173835420733,-0.46276938682315827,0.20343887674290168,0.5677618383794062,0.7934716596946012,0.6687484827587629,0.7873151065618891,1.6428244396761116,0.8487336311997599,0.7039052525400928,0.767300598138143,0.4084771371032889,-1.2404358939473459,-0.9060903800655925,-0.12435486463076774,-0.24530959707686206,0.5022693041698041,0.07412255125774324,0.4499198400037031,-0.5117273360286927,-0.649898794885943,-0.34319055819246336,-0.06607605079378624,-0.3850139556222406,0.005445628674333052,0.5093634616940025,0.6091298448677495,0.15888086339798627,0.19790700963352542,0.4471540967082336,-0.04524764856456305,-0.09497019945752122,-0.6762969077951982
-0.05837198243441272,0.03990287306099698,-0.15991398046357108,-0.0898521761252175,0.035851002298164486,0.15081680666681202,-0.23864606325372542,0.06296366490408457,0.18302077099609995,-0.11351919417503746,0.09066375012313387,0.22522542764846878,0.07030164404001352,0.032599717252188604,0.04510003434617335,-0.030268046947457397,-0.1134202371585832,-0.1359974896183803,0.04502812455719296,0.16851988896307543,0.04615756790204208,-0.06924094748971454,-0.2886624374352975,0.06389791055679776,0.009399453786996649,0.09774012971950648,0.03064900762008962,0.06102905736607708,0.04202942001510499,0.05058003943697682,0.04446931749612675,-0.061746875101966726,-0.0019058093407624463,-0.13018105110466105,-0.17591415173597014,-0.2575153425475817,-0.22248241908127075,-0.017306389239898655,-0.05202908597239051,0.03291819134532141,-0.04524764856456305,0.0642233900576957,-0.0023622264909452617,0.025955198614321016
-0.16532242088122934,0.12524780452399487,-0.359606870318689,-0.18951333943035711,0.08956501857208568,0.1444667258558442,-0.5850208831480836,0.3643542880820261,0.4192204228511866,-0.32198880540477276,-0.059236929681246664,0.17696680457668054,0.36997334417945,0.03898737468163064,0.032513721426139224,-0.19613677886935113,-0.25292698300292893,-0.38066096020460144,-0.2408057576420415,-0.07947655322916326,0.021266385027913712,-0.27411223651616695,-0.771083290397225,0.31187512042939514,0.1767703230081684,0.33686522809939407,0.1086883199253047,0.08479542742435413,-0.04341998330127888,0.08617432794702111,0.2897552544502564,0.11518062954109,0.09441838593369448,-0.16490409061641847,-0.29115703138364163,-0.4287207547044978,-0.6126203268728775,-0.1477210401052246,-0.044114906717048485,-0.051955325063439625,-0.09497019945752122,-0.0023622264909452617,0.1312205139355067,0.26989595289718604
0.16102659689505416,0.11757646783860991,-1.0589683576965043,-0.4591116092854634,0.6469564764157968,-0.4835023411121427,-1.199923760554589,1.3885598371621581,1.203865355568073,-1.0362585111144185,-1.7072652265843826,-0.34579591040494156,0.9840905345512666,-0.24554484131584972,-0.7472935419114334,-1.2578024931554943,-1.1090124782163029,-1.3957745379564683,-2.480502750434293,-1.306729819009705,-0.9422268957882363,-1.2876800397682313,-1.2347873203439923,1.96528094147019,1.3976634679786788,0.4803456515996189,0.4303498896920359,-0.6104646118965666,-0.16721355349874364,-0.5335399760483232,0.9758527171039395,1.024394733068632,0.5619087156242926,-0.021765491485128304,0.28922640012907497,-0.3410193767990291,-1.231974961101741,-0.9649278600698973,-0.2339534905872298,-0.3379716157164131,-0.6762969077951982,0.025955198614321016,0.26989595289718604,1.1839098510326336
