V1,V2,V3,V4,V5,V6,V7,V8,V9,V10,V11,V12,V13,V14,V15,V16,V17,V18,V19,V20,V21,V22,V23,V24,V25,V26,V27,V28,V29,V30,V31,V32,V33,V34,V35,V36,V37,V38,V39,V40,V41,V42,V43,V44
1.404002271795811,-1.1242783883278784,-0.2143090354518575,-0.14033166816915557,1.223110251833606,1.617291152349084,-0.6049326260832666,0.24499071070672304,1.004522371411248,0.1113702523879619,0.46129077951724323,0.8990731998588387,-1.4171718804336735,-0.3244818576068648,-0.4704686112343493,0.06439380064441111,-0.9740016883667783,-0.14003472423635266,0.6732969072073447,1.2229500644394298,0.40320448123805885,-0.3454788369677429,0.011274569619192033,0.21325169024282678,1.1613658030106728,-0.8722438598027155,-0.3803319913647373,0.2510136333884036,1.0707451814319255,-0.0723628692564534,-0.7499501143951682,-1.0822388317563325,0.3932773689590046,-0.5861990438693371,0.39628073101386657,-1.3692950620587745,0.7851676299745016,-0.4499905475195289,-0.21359149969232988,1.82589845624811,-1.0658544205202345,1.4402461788600678,-0.40455819782528724,-0.9490722423054331
-1.1242783883278784,1.2180925594213148,-0.5404089312493477,0.006990552884304082,-1.2270140662658466,-2.305149154383011,0.598366815613908,-0.7362895402284919,-0.99465501910506815,-0.48246143143038184,-0.7871472396447129,0.18148149258929824,2.038319622012926,0.010171582694324562,0.7126519049623609,0.1412417155422212,1.0163291840045279,-0.5987858523847853,-1.4645571055526816,-0.19538676245020992,-0.8556032920677876,-0.14178632539836933,0.4787536897165891,0.5917868117115042,-0.7683614730754035,0.7633395354815163,0.808290399292237,-0.8800241113737434,-0.6885263071221213,-0.6125613829339284,0.703377076882328,1.8777009591082179,-0.28197859964842314,0.9275370305656866,-0.22899451765014217,1.560468818425918,-0.6213120019357067,0.038772002863495476,0.09952284041407747,-1.402306753342299,0.5415050676150289,-0.7859388676079714,0.6448782390913874,1.2442507990579303
-0.2143090354518575,-0.5404089312493477,1.7177642160030775,0.2701504026103291,0.41752283582251,2.1807359289643955,-0.10732024975506421,1.259468910608375,0.31686845260441265,0.879444267494381,0.8149324439528459,-2.2710087208869343,-2.010022170063918,0.6894188661151679,-0.8229667232779182,-0.5541341967466539,-0.5315897941303547,1.6999807271991711,2.019983563740371,-2.071362335895848,1.070749586950098,1.0607601280516519,-1.1055945361078752,-1.80805174499482,-0.6197822179731624,-0.0548856671361709,-1.1472359966715162,1.5252256677816836,-0.5838322937429822,1.5825722196441374,-0.14483067651700157,-2.3409654043548684,-0.22896130504304296,-1.0658958149534132,-0.2905101448550708,-0.9005722873023774,-0.1706855109782021,0.8849023545847116,0.11674194329288667,-0.5463013453040911,0.9573334838740498,-1.1435929380968166,-0.8151830186496817,-1.0204551199013598
-0.14033166816915557,0.006990552884304082,0.2701504026103291,0.13594913959181223,-0.1090419704112984,0.041197344499484756,0.016171455527747153,0.14818522306637355,-0.2049315805614625,0.13416801591766,0.18950099810794002,-0.45812289422025876,0.14805896523344317,0.03485261465549922,0.17391249389342436,0.17550064781432825,0.2577710638735235,0.2371489016045443,0.2931331258198397,-0.45156184083091716,0.32413989396254744,0.12943600276299513,-0.23468317733844915,-0.3392124703665253,-0.06974685070649986,0.21792771562273708,-0.08836101832738034,0.26562502975547364,-0.1955500373263119,0.2605779019834536,0.11785343718498768,0.08007767763540743,0.061330207583910154,0.1349458044945476,-0.05721367970615221,0.10468284955738504,-0.018408844096683214,0.06641970562486627,0.24583500163149422,-0.005679779817691305,0.189899925196113,-0.26327338008191,0.25390940674597134,0.025067583902768788
1.223110251833606,-1.2270140662658466,0.41752283582251,-0.1090419704112984,1.376390592394975,2.463265668411529,-0.5651096260766002,0.6773945405334347,1.2209801958055924,0.3936924191692514,0.5667445092270366,0.08366572735239682,-2.428800097774536,0.05052807974960556,-1.0386299260941338,-0.4583726493609749,-1.4403433876062832,0.500099284806872,1.2795785789273102,0.4526800858958344,0.5126471182537676,0.1289267709549288,-0.283801777095202,-0.3856850455036544,0.7191638654290644,-1.0011927958139302,-0.8235677688661434,0.6894342801754489,0.8077411543025312,0.4611144623543437,-0.8421441557582764,-2.242926137686465,0.12144063650411226,-1.2482465910038594,0.23839044577679247,-1.7372056034218724,0.5876022312367917,0.014869709862332596,-0.41892162107613895,1.2277096051150282,-0.6084713943135306,0.8796028184987368,-1.0822378229773348,-1.3631102236629495
1.617291152349084,-2.305149154383011,2.1807359289643955,0.041197344499484756,2.463265668411529,5.799381908939333,-0.9360492958494195,2.162038881306471,2.2053919500479293,1.3706283360717715,1.5808918850709173,-1.8600257009611556,-5.635714048324193,0.7753802494355102,-2.411149754087606,-1.2922537877798894,-2.774553084978461,2.3139613304087816,3.7892344964029783,-1.1330805968526165,1.648428483493866,1.2046599659024606,-1.4247466151015185,-2.2280155065868925,0.41386029516156025,-1.6099596872153266,-2.3116794329526043,2.4181405221674837,0.6932977509012106,2.148805354000856,-1.442379185657533,-5.714398723029736,-0.12960932729173225,-2.9795565249293725,0.027734151567359505,-3.528650997321176,0.6655561725595701,0.9129501354533529,-0.6391381880887805,1.2252057328403716,0.010922598836773595,0.26495525422757343,-2.550606514612369,-3.045801464296773
-0.6049326260832666,0.598366815613908,-0.10732024975506421,0.016171455527747153,-0.5651096260766002,-0.9360492958494195,0.34598736771114036,-0.2510966582862045,-0.44454394022889865,-0.1830780971468597,-0.42373887662438836,-0.13097742515869573,0.7337651694973885,0.11433223471830857,0.1698194473581102,-0.10103426557347045,0.3386512380662693,-0.14182736519586253,-0.6210291097254903,-0.3195856962330786,-0.4545923045152627,0.053021084417273094,0.19418139316838964,0.16062748044701952,-0.5149918980376863,0.3356270862838426,0.2899049057055029,-0.35475749879089696,-0.4239410807826035,-0.18416445512214405,0.32529102467960136,0.6164396975759027,-0.24161739900403628,0.27116429708572426,-0.15359490209498258,0.6969346041340342,-0.3686657302728044,0.1536671878831554,-0.03319139177820955,-0.9051407358714576,0.4059374430193368,-0.5639960782581267,0.112169376589593,0.5183341052350684
0.24499071070672304,-0.7362895402284919,1.259468910608375,0.14818522306637355,0.6773945405334347,2.162038881306471,-0.2510966582862045,1.0717859362516122,0.5663331512091669,0.7044439396682648,0.7565603961464216,-1.4876868618588837,-1.9806720561476499,0.45605654932920103,-0.7951460450905059,-0.41941277550183836,-0.6895557660735329,1.2745112989245548,1.7421816703838775,-1.2536631700925027,0.9107863020500279,0.7155793231912807,-0.8523439607211808,-1.3197627146084856,-0.15127705266440306,-0.3140206932318237,-1.0007200165765355,1.25373814611339,-0.13961838542219568,1.2074504882118309,-0.331622366964636,-2.153549899153192,-0.07927414164543728,-0.9768071596044894,-0.11096616629220224,-1.1030401818565236,0.08652870117267918,0.5698937858647964,0.015689564117984327,0.08672170185302863,0.451999597576708,-0.45491270766047215,-0.7693026698546175,-1.0701801438051015
1.004522371411248,-0.99465501910506815,0.31686845260441265,-0.2049315805614625,1.2209801958055924,2.2053919500479293,-0.44454394022889865,0.5663331512091669,1.2323145658725605,0.2890687191114684,0.31818195493622614,0.17956999698914175,-2.410373156016139,0.15945228591403363,-1.1838218315079887,-0.7127003886388062,-1.5204680924679164,0.4213133411121925,0.9641554326378231,0.4707015079579948,0.1379800247843437,0.16451022842572505,-0.12932100021607432,-0.21814795167078568,0.4489475466878514,-1.0269713695277682,-0.7325669247311029,0.4695720738685014,0.7065026657589325,0.3326237164045642,-0.7957388261132857,-2.2756975625999716,-0.07204103996929616,-1.3363039465594335,0.17095319603973744,-1.5946896640389907,0.39028331903753455,0.13642161318616658,-0.6299775132722119,0.7246101935543322,-0.4602484061089293,0.7158822195959309,-1.3406719074708664,-1.2458571726360284
0.1113702523879619,-0.48246143143038184,0.879444267494381,0.13416801591766,0.3936924191692514,1.3706283360717715,-0.1830780971468597,0.7044439396682648,0.2890687191114684,0.5030702690677524,0.5743167198370397,-1.076997434114032,-1.188743934119369,0.2788642558175733,-0.41846153400032793,-0.19079284724604187,-0.32772036110750297,0.8794257464375158,1.2201829441935077,-0.9073625729435073,0.7272279362811267,0.489367665263432,-0.6242141601832396,-0.9515186372954852,-0.09941505202901564,-0.12490069840641269,-0.6538636321701932,0.8852397809973674,-0.13699869845133889,0.8444642015926641,-0.17417370506958005,-1.3008833331700904,0.0033839563522740468,-0.5716233702343566,-0.0801431750304448,-0.6664868791240723,0.061179988988480094,0.35869773854706644,0.10932497937647177,0.09739015411334398,0.3136806652710134,-0.3497813582775498,-0.37435077488905794,-0.6648226763659553
0.46129077951724323,-0.7871472396447129,0.8149324439528459,0.18950099810794002,0.5667445092270366,1.5808918850709173,-0.42373887662438836,0.7565603961464216,0.31818195493622614,0.5743167198370397,1.0027154986254825,-0.871380751513196,-0.9969138967194228,0.05922975803906331,-0.05976665245710078,0.3235779311041704,-0.05602192131841799,0.8244497352961045,1.5861285277129082,-0.6004585673165009,1.2331170573346166,0.31698814655071206,-0.8150618601353107,-1.0311918960577615,0.36595865511930786,-0.0956292744890287,-0.6734270469071194,1.1237151694852148,0.12504823393028258,0.9173587061627916,-0.24779475826592848,-1.0478487336288511,0.33107772315140005,-0.27343310415704686,0.010893322488691886,-0.8714436164394361,0.3621961077288391,0.09845475801675811,0.43559149327384866,0.9907759808857521,-0.007326565026740277,0.11896217685697079,0.1187472584296332,-0.7712120650303385
0.8990731998588387,0.18148149258929824,-2.2710087208869343,-0.45812289422025876,0.08366572735239682,-1.8600257009611556,-0.13097742515869573,-1.4876868618588837,0.17956999698914175,-1.076997434114032,-0.871380751513196,3.3605227185287596,1.6306261106120066,-0.9382045821065056,0.6467558659841017,0.5455628626925385,0.007306656080602922,-2.1909878485956895,-2.233329352925425,3.257827217319638,-1.3054417503822762,-1.4397034303277747,1.4408370994223918,2.3947700202752378,1.201115200326483,-0.43163772601770367,1.2300607213190764,-1.8444355376001962,1.249697052060135,-2.03431451716893,-0.22995172840053496,2.168835805832321,0.3495864737403948,0.8557643998278268,0.4960188580032439,0.3826531342706695,0.5096624972099193,-1.2296312095459148,-0.4175154809436857,1.3600789175871664,-1.6591582019620188,2.0808798903234322,0.5708032560125833,0.7596888800125858
-1.4171718804336735,2.038319622012926,-2.010022170063918,0.14805896523344317,-2.428800097774536,-5.635714048324193,0.7337651694973885,-1.9806720561476499,-2.410373156016139,-1.188743934119369,-0.9969138967194228,1.6306261106120066,6.0622302585113825,-0.9733996722496873,2.974293001510044,2.00632027294057,3.34678577960434,-2.1707073899727067,-3.200330360827945,0.996131043407346,-0.8513641492219731,-1.27471435070509,1.0258358571928539,1.8525873941953568,-0.012877184144857166,1.874019086653975,2.2391628645628985,-1.9521127078189104,-0.6346819112249221,-1.8504453795347975,1.5073235566955234,6.138398067770209,0.521441477844042,3.4741490470977032,0.014284381800684537,3.484150204075981,-0.3849800592558056,-1.1236541283137083,1.2242974535788915,-0.3464618205421738,-0.14272178551712175,-0.05512238673630331,3.34414417564621,3.0114331691377436
-0.3244818576068648,0.010171582694324562,0.6894188661151679,0.03485261465549922,0.05052807974960556,0.7753802494355102,0.11433223471830857,0.45605654932920103,0.15945228591403363,0.2788642558175733,0.05922975803906331,-0.9382045821065056,-0.9733996722496873,0.4548064025472183,-0.5872440391491668,-0.5766383516786738,-0.42611383139472075,0.6983851506629134,0.579802379460963,-0.9332115716588709,0.04161304457585456,0.5434722285103392,-0.31539587627917687,-0.6534897060298187,-0.6046262004329453,-0.06967833403518078,-0.4438704873392001,0.4459930524582562,-0.3819384895122691,0.5837738743398326,-0.03574122355911547,-1.1878281012686915,-0.36060464217906285,-0.6581617525910154,-0.2226624240434299,-0.28394925360587975,-0.3002211327846192,0.5642005018776528,-0.22273510202030142,-0.841416020342778,0.6158103888648432,-0.7350288984056417,-0.7206989461315632,-0.3671885777212297
-0.4704686112343493,0.7126519049623609,-0.8229667232779182,0.17391249389342436,-1.0386299260941338,-2.411149754087606,0.1698194473581102,-0.7951460450905059,-1.1838218315079887,-0.41846153400032793,-0.05976665245710078,0.6467558659841017,2.974293001510044,-0.5872440391491668,1.6957192125665723,1.3594600612600651,1.8500121230334412,-0.9087581799544664,-1.0587506641317463,0.43755121100101735,0.13821601345708212,-0.6389121054103045,0.21864529241280958,0.6194456136675204,0.29189199634246876,0.9822406794168356,0.9654843818121731,-0.592347461080615,-0.2038024165623178,-0.6656539036411157,0.6960487496870129,3.0310695365175255,0.5107214166019974,1.861000162725629,0.05144009955456033,1.504843404038952,0.031226204089545254,-0.6697214586989764,0.9157620401395116,0.4709489504952532,-0.20442697753109512,0.17182897550036846,2.0057849898012767,1.3164377277227766
0.06439380064441111,0.1412417155422212,-0.5541341967466539,0.17550064781432825,-0.4583726493609749,-1.2922537877798894,-0.10103426557347045,-0.41941277550183836,-0.7127003886388062,-0.19079284724604187,0.3235779311041704,0.5455628626925385,2.00632027294057,-0.5766383516786738,1.3594600612600651,1.3106889008173064,1.3751262613584194,-0.610475497737791,-0.34302936753420893,0.5057830956426002,0.546173752990334,-0.5648190229951133,-0.025868835182066105,0.31934504385055307,0.645332584681981,0.6270635752641901,0.5713476224088269,-0.1513834416788549,0.11346250755539308,-0.3508530646627148,0.36340949467042766,2.1162556360039337,0.6274933458964551,1.4364126707121851,0.14473063303592987,0.7548650266125786,0.32129456444526655,-0.6694160299145857,0.875715932102301,1.1329607883151072,-0.43259953895131503,0.5343566402096279,1.7055603605673848,0.7158428642302119
-0.9740016883667783,1.0163291840045279,-0.5315897941303547,0.2577710638735235,-1.4403433876062832,-2.774553084978461,0.3386512380662693,-0.6895557660735329,-1.5204680924679164,-0.32772036110750297,-0.05602192131841799,0.007306656080602922,3.34678577960434,-0.42611383139472075,1.8500121230334412,1.3751262613584194,2.2792951437539557,-0.6466620672457565,-1.0282860397641036,-0.29176912778671876,0.21748293480425612,-0.4228367387457374,0.03257875191976409,0.31382999152384866,-0.12083566614550074,1.316270904362248,0.9728623211344554,-0.44781389259781695,-0.6510873795251906,-0.4245236763421076,0.9747928991702762,3.2586226866669126,0.42340338494113167,2.082264677734242,-0.08764928934494173,1.920110238458266,-0.22816947155425504,-0.45054244383742414,1.1086136822300632,-0.12622085219312754,0.2688518830206016,-0.42845196970657073,2.1951116605375103,1.561224474966986
-0.14003472423635266,-0.5987858523847853,1.6999807271991711,0.2371489016045443,0.500099284806872,2.3139613304087816,-0.14182736519586253,1.2745112989245548,0.4213133411121925,0.8794257464375158,0.8244497352961045,-2.1909878485956895,-2.1707073899727067,0.6983851506629134,-0.9087581799544664,-0.610475497737791,-0.6466620672457565,1.697297075680554,2.0535562792180735,-1.9749925413696099,1.043399634677526,1.0561403462040098,-1.0926562114406846,-1.783226569355875,-0.5888306311962379,-0.1415887272032179,-1.1808632883249348,1.5277344289885282,-0.5142231309580894,1.575933940871573,-0.20835291632441974,-2.494477216968936,-0.2440126085154429,-1.159949657447695,-0.28154214902855335,-1.0180804158521923,-0.14933798048253308,0.8887496986310816,0.04936889018942244,-0.4987745339279152,0.909642822143494,-1.0621616334533839,-0.9272994120192625,-1.1026782481411623
0.6732969072073447,-1.4645571055526816,2.019983563740371,0.2931331258198397,1.2795785789273102,3.7892344964029783,-0.6210291097254903,1.7421816703838775,0.9641554326378231,1.2201829441935077,1.5861285277129082,-2.233329352925425,-3.200330360827945,0.579802379460963,-1.0587506641317463,-0.34302936753420893,-1.0282860397641036,2.0535562792180735,3.1973874401132627,-1.7360204630540617,1.9035704117095618,1.0717774684721169,-1.534800405134746,-2.2549482013220605,0.08594502936058279,-0.512272028025066,-1.6728796622603193,2.2332971947667497,-0.0013568424990357466,2.0310890343610923,-0.6400645218399574,-3.425664644266417,0.10604134128714152,-1.5090404846037495,-0.13665390699074884,-2.032535670634327,0.3694909474035488,0.7420965899672455,0.22499925218697558,0.8282781717647385,0.45778974769030495,-0.3902162797721199,-0.9610804807781119,-1.8831040572050093
1.2229500644394298,-0.19538676245020992,-2.071362335895848,-0.45156184083091716,0.4526800858958344,-1.1330805968526165,-0.3195856962330786,-1.2536631700925027,0.4707015079579948,-0.9073625729435073,-0.6004585673165009,3.257827217319638,0.996131043407346,-0.9332115716588709,0.43755121100101735,0.5057830956426002,-0.29176912778671876,-1.9749925413696099,-1.7360204630540617,3.2816750809106514,-1.0005135374009497,-1.3722570529797542,1.2667208448445721,2.1665057686404974,1.4151931624247478,-0.6504538739982704,0.9696273008697656,-1.543004518679684,1.4422081649204044,-1.8144702145876335,-0.4416135771910446,1.5797809437733334,0.4399223270304173,0.5580673121317032,0.5539475819179918,-0.09870529821432392,0.6926200192442218,-1.2280559305933665,-0.43186256363339864,1.7806830775526543,-1.8074764165734085,2.289879085831926,0.38267488643804765,0.371726253812652
0.40320448123805885,-0.8556032920677876,1.070749586950098,0.32413989396254744,0.5126471182537676,1.648428483493866,-0.4545923045152627,0.9107863020500279,0.1379800247843437,0.7272279362811267,1.2331170573346166,-1.3054417503822762,-0.8513641492219731,0.04161304457585456,0.13821601345708212,0.546173752990334,0.21748293480425612,1.043399634677526,1.9035704117095618,-1.0005135374009497,1.628345454200736,0.4052677698871713,-1.0529720007831975,-1.3531699334819558,0.40156462871722337,0.09440520920309373,-0.7621812369153232,1.4034544411099115,-0.01221667267648294,1.1631137743864461,-0.15246192203926617,-0.9215023940577831,0.46669775171514405,-0.10787825761072549,0.005487710735603025,-0.7975505453793598,0.4116082984645332,0.09920190424971885,0.7223501277003793,1.1408997563999583,0.09290000038952716,-0.04904137726982386,0.4355210825740693,-0.7628321845716638
-0.3454788369677429,-0.14178632539836933,1.0607601280516519,0.12943600276299513,0.1289267709549288,1.2046599659024606,0.053021084417273094,0.7155793231912807,0.16451022842572505,0.489367665263432,0.31698814655071206,-1.4397034303277747,-1.27471435070509,0.5434722285103392,-0.6389121054103045,-0.5648190229951133,-0.4228367387457374,1.0561403462040098,1.0717774684721169,-1.3722570529797542,0.4052677698871713,0.742102986653185,-0.5967344389457255,-1.076842677911539,-0.6543264642988899,-0.02121812974702346,-0.6748356825095485,0.8175735500274195,-0.49423328161673474,0.9377448976429227,-0.04425244836916929,-1.5402276952221674,-0.32285603303396987,-0.7862320417761401,-0.2648700240615569,-0.4462829713470492,-0.28360413588278893,0.6892004573777684,-0.08965361100179912,-0.7995809632213663,0.7691369647287178,-0.9377558734905093,-0.7295981692266318,-0.5584336848805351
0.011274569619192033,0.4787536897165891,-1.1055945361078752,-0.23468317733844915,-0.283801777095202,-1.4247466151015185,0.19418139316838964,-0.8523439607211808,-0.12932100021607432,-0.6242141601832396,-0.8150618601353107,1.4408370994223918,1.0258358571928539,-0.31539587627917687,0.21864529241280958,-0.025868835182066105,0.03257875191976409,-1.0926562114406846,-1.534800405134746,1.2667208448445721,-1.0529720007831975,-0.5967344389457255,0.8759356122853539,1.2689858802799816,0.1591377210143903,-0.07464643142048981,0.7315704499034313,-1.16245788180983,0.2935448902979553,-1.1048788412434252,0.07153029249597435,1.2269069548035467,-0.06769108720513904,0.399699758807487,0.15264404354715785,0.6036279050745897,-0.043140885278683754,-0.4231906229478374,-0.3562814666334412,-0.1450223269699524,-0.49107778959815296,0.5375321876085997,0.10874848946411281,0.6530255171600833
0.21325169024282678,0.5917868117115042,-1.80805174499482,-0.3392124703665253,-0.3856850455036544,-2.2280155065868925,0.16062748044701952,-1.3197627146084856,-0.21814795167078568,-0.9515186372954852,-1.0311918960577615,2.3947700202752378,1.8525873941953568,-0.6534897060298187,0.6194456136675204,0.31934504385055307,0.31382999152384866,-1.783226569355875,-2.2549482013220605,2.1665057686404974,-1.3531699334819558,-1.076842677911539,1.2689858802799816,1.9877395112432006,0.5587939635128145,-0.0685393196547644,1.176447748488816,-1.7069353993919412,0.6098929303044587,-1.7207221933593448,0.10454631248090346,2.2135981802383857,0.12449504716662692,0.9119508263308395,0.31708492790820747,0.8976601712860428,0.11832497345648399,-0.8563474571779051,-0.3180717161602553,0.3286181805351314,-0.9732519771406936,1.1442873877713247,0.5523819783014152,1.0221060731408826
1.1613658030106728,-0.7683614730754035,-0.6197822179731624,-0.06974685070649986,0.7191638654290644,0.41386029516156025,-0.5149918980376863,-0.15127705266440306,0.4489475466878514,-0.09941505202901564,0.36595865511930786,1.201115200326483,-0.012877184144857166,-0.6046262004329453,0.29189199634246876,0.645332584681981,-0.12083566614550074,-0.5888306311962379,0.08594502936058279,1.4151931624247478,0.40156462871722337,-0.6543264642988899,0.1591377210143903,0.5587939635128145,1.2929639529601324,-0.4213193765281735,0.09165808991150289,-0.0846606760699958,0.9641034144329945,-0.4305433108556114,-0.4092556127288622,0.368641678286475,0.6277742763425083,0.2788851450514211,0.44555393791841497,-0.6170973441528671,0.7859278014196099,-0.7740616510506697,0.1861398109786979,1.9787473239374243,-1.1689094072532629,1.5036083646948988,0.49805734364560406,-0.29952879491682827
-0.8722438598027155,0.7633395354815163,-0.0548856671361709,0.21792771562273708,-1.0011927958139302,-1.6099596872153266,0.3356270862838426,-0.3140206932318237,-1.0269713695277682,-0.12490069840641269,-0.0956292744890287,-0.43163772601770367,1.874019086653975,-0.06967833403518078,0.9822406794168356,0.6270635752641901,1.316270904362248,-0.1415887272032179,-0.512272028025066,-0.6504538739982704,0.09440520920309373,-0.02121812974702346,-0.07464643142048981,-0.0685393196547644,-0.4213193765281735,0.9017956808803109,0.48261641848907455,-0.1630077179196404,-0.6647003224557312,-0.05826187993174585,0.6718514096095056,1.7062932121561263,0.07369742085643075,1.078362297760389,-0.18463587044725435,1.2443791944895348,-0.3327088989353531,-0.028718450375095152,0.6154911364120002,-0.5928808935968686,0.5001211378286147,-0.7165369839609568,1.1309995314452885,0.9381079100074106
-0.3803319913647373,0.808290399292237,-1.1472359966715162,-0.08836101832738034,-0.8235677688661434,-2.3116794329526043,0.2899049057055029,-1.0007200165765355,-0.7325669247311029,-0.6538636321701932,-0.6734270469071194,1.2300607213190764,2.2391628645628985,-0.4438704873392001,0.9654843818121731,0.5713476224088269,0.9728623211344554,-1.1808632883249348,-1.6728796622603193,0.9696273008697656,-0.7621812369153232,-0.6748356825095485,0.7315704499034313,1.176447748488816,0.09165808991150289,0.48261641848907455,1.0107442066856536,-1.1401504641583886,-0.009138548074882447,-1.0895563396255556,0.4529407113534869,2.366500101838995,0.12511844097740782,1.1934527698142239,0.0822794790333535,1.2744659216521652,-0.12209718477203496,-0.543719600354385,0.16928143220175296,-0.13395577142870962,-0.31028048012042764,0.2929897845820364,1.0129878369780125,1.1778001032944316
0.2510136333884036,-0.8800241113737434,1.5252256677816836,0.26562502975547364,0.6894342801754489,2.4181405221674837,-0.35475749879089696,1.25373814611339,0.4695720738685014,0.8852397809973674,1.1237151694852148,-1.8444355376001962,-1.9521127078189104,0.4459930524582562,-0.592347461080615,-0.1513834416788549,-0.44781389259781695,1.5277344289885282,2.2332971947667497,-1.543004518679684,1.4034544411099115,0.8175735500274195,-1.16245788180983,-1.7069353993919412,-0.0846606760699958,-0.1630077179196404,-1.1401504641583886,1.6261727726785575,-0.20517009995027072,1.5173411919591226,-0.2966493805592435,-2.171626013479879,0.06910853033415013,-0.8675742719588359,-0.14856281353462175,-1.1847025094330346,0.16391948137869253,0.5808643002407248,0.3030130325784892,0.3757445182210728,0.5172270927094004,-0.5271664309761572,-0.4801199054373472,-1.1660889561863097
1.0707451814319255,-0.6885263071221213,-0.5838322937429822,-0.1955500373263119,0.8077411543025312,0.6932977509012106,-0.4239410807826035,-0.13961838542219568,0.7065026657589325,-0.13699869845133889,0.12504823393028258,1.249697052060135,-0.6346819112249221,-0.3819384895122691,-0.2038024165623178,0.11346250755539308,-0.6510873795251906,-0.5142231309580894,-0.0013568424990357466,1.4422081649204044,-0.01221667267648294,-0.49423328161673474,0.2935448902979553,0.6098929303044587,0.9641034144329945,-0.6647003224557312,-0.009138548074882447,-0.20517009995027072,0.9389509191799639,-0.4466495056298914,-0.5378084192778548,-0.3140418980191625,0.3103133744064737,-0.24620085202938552,0.34760226043568515,-0.8256767560805697,0.5925694375309576,-0.5186665281258914,-0.24581654593750327,1.4133539891925648,-1.0105640490079821,1.3345454747666128,-0.19422581081665136,-0.4748216926055763
-0.0723628692564534,-0.6125613829339284,1.5825722196441374,0.2605779019834536,0.4611144623543437,2.148805354000856,-0.18416445512214405,1.2074504882118309,0.3326237164045642,0.8444642015926641,0.9173587061627916,-2.03431451716893,-1.8504453795347975,0.5837738743398326,-0.6656539036411157,-0.3508530646627148,-0.4245236763421076,1.575933940871573,2.0310890343610923,-1.8144702145876335,1.1631137743864461,0.9377448976429227,-1.1048788412434252,-1.7207221933593448,-0.4305433108556114,-0.05826187993174585,-1.0895563396255556,1.5173411919591226,-0.4466495056298914,1.514790846196186,-0.1741428839790037,-2.1520422485098702,-0.11853378439202246,-0.9115384532913896,-0.2518136945415916,-0.9437635046025641,-0.06194775484870858,0.7540255003958384,0.20375723438058185,-0.2086864464052167,0.7939898908790529,-0.8974883443906931,-0.622721208772734,-1.0121862823529584
-0.7499501143951682,0.703377076882328,-0.14483067651700157,0.11785343718498768,-0.8421441557582764,-1.442379185657533,0.32529102467960136,-0.331622366964636,-0.7957388261132857,-0.17417370506958005,-0.24779475826592848,-0.22995172840053496,1.5073235566955234,-0.03574122355911547,0.6960487496870129,0.36340949467042766,0.9747928991702762,-0.20835291632441974,-0.6400645218399574,-0.4416135771910446,-0.15246192203926617,-0.04425244836916929,0.07153029249597435,0.10454631248090346,-0.4092556127288622,0.6718514096095056,0.4529407113534869,-0.2966493805592435,-0.5378084192778548,-0.1741428839790037,0.5437557460773451,1.3870237749705294,-0.01652062343025125,0.8213430661151414,-0.13987028591432701,1.06742446228095,-0.3292919133929521,-0.008254734507610453,0.3673746286022007,-0.6713780612521497,0.4073785584120562,-0.589176748231893,0.7728966330519264,0.8164536614514597
-1.0822388317563325,1.8777009591082179,-2.3409654043548684,0.08007767763540743,-2.242926137686465,-5.714398723029736,0.6164396975759027,-2.153549899153192,-2.2756975625999716,-1.3008833331700904,-1.0478487336288511,2.168835805832321,6.138398067770209,-1.1878281012686915,3.0310695365175255,2.1162556360039337,3.2586226866669126,-2.494477216968936,-3.425664644266417,1.5797809437733334,-0.9215023940577831,-1.5402276952221674,1.2269069548035467,2.2135981802383857,0.368641678286475,1.7062932121561263,2.366500101838995,-2.171626013479879,-0.3140418980191625,-2.1520422485098702,1.3870237749705294,6.381003523356536,0.6860402945143098,3.552954046271104,0.18189749472283512,3.3887289312388633,-0.1703460917627433,-1.4022933313420622,1.1868615331753465,0.1551689238666957,-0.5606871069172553,0.44212244676778517,3.440695841032861,3.012670384914622
0.3932773689590046,-0.28197859964842314,-0.22896130504304296,0.061330207583910154,0.12144063650411226,-0.12960932729173225,-0.24161739900403628,-0.07927414164543728,-0.07204103996929616,0.0033839563522740468,0.33107772315140005,0.3495864737403948,0.521441477844042,-0.36060464217906285,0.5107214166019974,0.6274933458964551,0.42340338494113167,-0.2440126085154429,0.10604134128714152,0.4399223270304173,0.46669775171514405,-0.32285603303396987,-0.06769108720513904,0.12449504716662692,0.6277742763425083,0.07369742085643075,0.12511844097740782,0.06910853033415013,0.3103133744064737,-0.11853378439202246,-0.01652062343025125,0.6860402945143098,0.4514105650128662,0.5115407303420768,0.19942109180841266,-0.011999129057794352,0.3761007719789474,-0.43517279483808324,0.4066692886629473,1.0404452025061277,-0.4791681714174604,0.5942186882883692,0.7190817407149178,0.06564301548193388
-0.5861990438693371,0.9275370305656866,-1.0658958149534132,0.1349458044945476,-1.2482465910038594,-2.9795565249293725,0.27116429708572426,-0.9768071596044894,-1.3363039465594335,-0.5716233702343566,-0.27343310415704686,0.8557643998278268,3.4741490470977032,-0.6581617525910154,1.861000162725629,1.4364126707121851,2.082264677734242,-1.159949657447695,-1.5090404846037495,0.5580673121317032,-0.10787825761072549,-0.7862320417761401,0.399699758807487,0.9119508263308395,0.2788851450514211,1.078362297760389,1.1934527698142239,-0.8675742719588359,-0.24620085202938552,-0.9115384532913896,0.8213430661151414,3.552954046271104,0.5115407303420768,2.1603452512675885,0.08502464190004093,1.8383253664627461,-0.02461348185719663,-0.7639051969571935,0.9370810765389291,0.33582229451272266,-0.21917438099415967,0.19177451789454747,2.1984016115553735,1.6061811003733868
0.39628073101386657,-0.22899451765014217,-0.2905101448550708,-0.05721367970615221,0.23839044577679247,0.027734151567359505,-0.15359490209498258,-0.11096616629220224,0.17095319603973744,-0.0801431750304448,0.010893322488691886,0.4960188580032439,0.014284381800684537,-0.2226624240434299,0.05144009955456033,0.14473063303592987,-0.08764928934494173,-0.28154214902855335,-0.13665390699074884,0.5539475819179918,0.005487710735603025,-0.2648700240615569,0.15264404354715785,0.31708492790820747,0.44555393791841497,-0.18463587044725435,0.0822794790333535,-0.14856281353462175,0.34760226043568515,-0.2518136945415916,-0.13987028591432701,0.18189749472283512,0.19942109180841266,0.08502464190004093,0.1877604259232499,-0.1592452459381674,0.25788097909914237,-0.29127567873236193,-0.002590235996688328,0.6066667828927339,-0.43903792560320404,0.5399426117082965,0.113257208072409,-0.05416805194863072
-1.3692950620587745,1.560468818425918,-0.9005722873023774,0.10468284955738504,-1.7372056034218724,-3.528650997321176,0.6969346041340342,-1.1030401818565236,-1.5946896640389907,-0.6664868791240723,-0.8714436164394361,0.3826531342706695,3.484150204075981,-0.28394925360587975,1.504843404038952,0.7548650266125786,1.920110238458266,-1.0180804158521923,-2.032535670634327,-0.09870529821432392,-0.7975505453793598,-0.4462829713470492,0.6036279050745897,0.8976601712860428,-0.6170973441528671,1.2443791944895348,1.2744659216521652,-1.1847025094330346,-0.8256767560805697,-0.9437635046025641,1.06742446228095,3.3887289312388633,-0.011999129057794352,1.8383253664627461,-0.1592452459381674,2.3549826582790567,-0.601521710104349,-0.29849998450489423,0.5566873392897125,-1.224896572457863,0.4479662963478521,-0.7578663422723236,1.6218052857674345,1.9143854448886648
0.7851676299745016,-0.6213120019357067,-0.1706855109782021,-0.018408844096683214,0.5876022312367917,0.6655561725595701,-0.3686657302728044,0.08652870117267918,0.39028331903753455,0.061179988988480094,0.3621961077288391,0.5096624972099193,-0.3849800592558056,-0.3002211327846192,0.031226204089545254,0.32129456444526655,-0.22816947155425504,-0.14933798048253308,0.3694909474035488,0.6926200192442218,0.4116082984645332,-0.28360413588278893,-0.043140885278683754,0.11832497345648399,0.7859278014196099,-0.3327088989353531,-0.12209718477203496,0.16391948137869253,0.5925694375309576,-0.06194775484870858,-0.3292919133929521,-0.1703460917627433,0.3761007719789474,-0.02461348185719663,0.25788097909914237,-0.601521710104349,0.5137783092421279,-0.38501558717373074,0.10575385719277833,1.2671699649072357,-0.6661260966223679,0.8729655561001011,0.16052051362772057,-0.3896799701409748
-0.4499905475195289,0.038772002863495476,0.8849023545847116,0.06641970562486627,0.014869709862332596,0.9129501354533529,0.1536671878831554,0.5698937858647964,0.13642161318616658,0.35869773854706644,0.09845475801675811,-1.2296312095459148,-1.1236541283137083,0.5642005018776528,-0.6697214586989764,-0.6694160299145857,-0.45054244383742414,0.8887496986310816,0.7420965899672455,-1.2280559305933665,0.09920190424971885,0.6892004573777684,-0.4231906229478374,-0.8563474571779051,-0.7740616510506697,-0.028718450375095152,-0.543719600354385,0.5808643002407248,-0.5186665281258914,0.7540255003958384,-0.008254734507610453,-1.4022933313420622,-0.43517279483808324,-0.7639051969571935,-0.29127567873236193,-0.29849998450489423,-0.38501558717373074,0.707025630609957,-0.22428976492651836,-1.0596699506734422,0.8017112017139811,-0.9655493553746711,-0.8208409838661516,-0.42018501552876597
-0.21359149969232988,0.09952284041407747,0.11674194329288667,0.24583500163149422,-0.41892162107613895,-0.6391381880887805,-0.03319139177820955,0.015689564117984327,-0.6299775132722119,0.10932497937647177,0.43559149327384866,-0.4175154809436857,1.2242974535788915,-0.22273510202030142,0.9157620401395116,0.875715932102301,1.1086136822300632,0.04936889018942244,0.22499925218697558,-0.43186256363339864,0.7223501277003793,-0.08965361100179912,-0.3562814666334412,-0.3180717161602553,0.1861398109786979,0.6154911364120002,0.16928143220175296,0.3030130325784892,-0.24581654593750327,0.20375723438058185,0.3673746286022007,1.1868615331753465,0.4066692886629473,0.9370810765389291,-0.002590235996688328,0.5566873392897125,0.10575385719277833,-0.22428976492651836,0.7910768632841765,0.49386560203683827,0.08252137876655068,-0.12654848975556163,1.2076774869351017,0.4185753783017058
1.82589845624811,-1.402306753342299,-0.5463013453040911,-0.005679779817691305,1.2277096051150282,1.2252057328403716,-0.9051407358714576,0.08672170185302863,0.7246101935543322,0.09739015411334398,0.9907759808857521,1.3600789175871664,-0.3464618205421738,-0.841416020342778,0.4709489504952532,1.1329607883151072,-0.12622085219312754,-0.4987745339279152,0.8282781717647385,1.7806830775526543,1.1408997563999583,-0.7995809632213663,-0.1450223269699524,0.3286181805351314,1.9787473239374243,-0.5928808935968686,-0.13395577142870962,0.3757445182210728,1.4133539891925648,-0.2086864464052167,-0.6713780612521497,0.1551689238666957,1.0404452025061277,0.33582229451272266,0.6066667828927339,-1.224896572457863,1.2671699649072357,-1.0596699506734422,0.49386560203683827,3.2684656456423378,-1.6508359360292097,2.1856835267691133,0.8448550885641612,-0.7272686851195399
-1.0658544205202345,0.5415050676150289,0.9573334838740498,0.189899925196113,-0.6084713943135306,0.010922598836773595,0.4059374430193368,0.451999597576708,-0.4602484061089293,0.3136806652710134,-0.007326565026740277,-1.6591582019620188,-0.14272178551712175,0.6158103888648432,-0.20442697753109512,-0.43259953895131503,0.2688518830206016,0.909642822143494,0.45778974769030495,-1.8074764165734085,0.09290000038952716,0.7691369647287178,-0.49107778959815296,-0.9732519771406936,-1.1689094072532629,0.5001211378286147,-0.31028048012042764,0.5172270927094004,-1.0105640490079821,0.7939898908790529,0.4073785584120562,-0.5606871069172553,-0.4791681714174604,-0.21917438099415967,-0.43903792560320404,0.4479662963478521,-0.6661260966223679,0.8017112017139811,0.08252137876655068,-1.6508359360292097,1.2382358445060713,-1.55770377187243,-0.2914082032122606,0.11474290954289836
1.4402461788600678,-0.7859388676079714,-1.1435929380968166,-0.26327338008191,0.8796028184987368,0.26495525422757343,-0.5639960782581267,-0.45491270766047215,0.7158822195959309,-0.3497813582775498,0.11896217685697079,2.0808798903234322,-0.05512238673630331,-0.7350288984056417,0.17182897550036846,0.5343566402096279,-0.42845196970657073,-1.0621616334533839,-0.3902162797721199,2.289879085831926,-0.04904137726982386,-0.9377558734905093,0.5375321876085997,1.1442873877713247,1.5036083646948988,-0.7165369839609568,0.2929897845820364,-0.5271664309761572,1.3345454747666128,-0.8974883443906931,-0.589176748231893,0.44212244676778517,0.5942186882883692,0.19177451789454747,0.5399426117082965,-0.7578663422723236,0.8729655561001011,-0.9655493553746711,-0.12654848975556163,2.1856835267691133,-1.55770377187243,2.0392160886040482,0.27201135710242325,-0.2939581937610682
-0.40455819782528724,0.6448782390913874,-0.8151830186496817,0.25390940674597134,-1.0822378229773348,-2.550606514612369,0.112169376589593,-0.7693026698546175,-1.3406719074708664,-0.37435077488905794,0.1187472584296332,0.5708032560125833,3.34414417564621,-0.7206989461315632,2.0057849898012767,1.7055603605673848,2.1951116605375103,-0.9272994120192625,-0.9610804807781119,0.38267488643804765,0.4355210825740693,-0.7295981692266318,0.10874848946411281,0.5523819783014152,0.49805734364560406,1.1309995314452885,1.0129878369780125,-0.4801199054373472,-0.19422581081665136,-0.622721208772734,0.7728966330519264,3.440695841032861,0.7190817407149178,2.1984016115553735,0.113257208072409,1.6218052857674345,0.16052051362772057,-0.8208409838661516,1.2076774869351017,0.8448550885641612,-0.2914082032122606,0.27201135710242325,2.459211451032123,1.4126847331464603
-0.9490722423054331,1.2442507990579303,-1.0204551199013598,0.025067583902768788,-1.3631102236629495,-3.045801464296773,0.5183341052350684,-1.0701801438051015,-1.2458571726360284,-0.6648226763659553,-0.7712120650303385,0.7596888800125858,3.0114331691377436,-0.3671885777212297,1.3164377277227766,0.7158428642302119,1.561224474966986,-1.1026782481411623,-1.8831040572050093,0.371726253812652,-0.7628321845716638,-0.5584336848805351,0.6530255171600833,1.0221060731408826,-0.29952879491682827,0.9381079100074106,1.1778001032944316,-1.1660889561863097,-0.4748216926055763,-1.0121862823529584,0.8164536614514597,3.012670384914622,0.06564301548193388,1.6061811003733868,-0.05416805194863072,1.9143854448886648,-0.3896799701409748,-0.42018501552876597,0.4185753783017058,-0.7272686851195399,0.11474290954289836,-0.2939581937610682,1.4126847331464603,1.620794463947619
