V1,V2,V3,V4,V5,V6,V7,V8,V9,V10,V11,V12,V13,V14,V15,V16,V17,V18,V19,V20,V21,V22,V23,V24,V25,V26,V27,V28,V29,V30,V31,V32,V33,V34,V35,V36,V37,V38,V39,V40,V41,V42,V43,V44
637.8202364790133,205.45568679455639,-526.7610310903746,190.03460315477366,234.7296556613462,486.08425144696776,-179.26942787634076,26.15480766891427,-206.90310021564363,-131.7854083373155,-87.01437434097714,747.582338693478,-297.1072602171389,-80.13205431188408,99.67716214361546,368.6447895550329,89.30202429650177,-410.66231209873104,-447.5173700153156,-466.27866707375796,200.92412913425437,-208.57798483663936,310.495787119601,68.11325610313217,-128.62517658998888,291.45638749647276,-148.81760844160385,99.96191829433971,-84.08543617418051,198.7892319361479,330.91519991138676,-208.7543607959764,215.09641855829898,-581.2397655440602,-60.70359980013286,-387.7559697771859,-618.4061430085071,-127.58515568466782,-644.6626527613658,50.05806767427109,-101.7702588537312,644.2151926396832,377.0148457516992,150.3065009470079
205.45568679455639,66.39610078927898,-169.42588719563918,60.9474167903574,75.31424000160074,156.65547838350847,-57.71288991125307,8.903011883529471,-66.8576824990858,-42.422975762298066,-27.891567276799783,240.7036198650759,-95.78028572208645,-26.767909679685552,31.871864094089396,118.82819483688144,28.93157175610301,-132.62839707964866,-144.44106697574793,-150.41731568807873,65.05154098010311,-67.76060643796588,100.24186073776649,22.324630494456784,-41.43004563451493,94.10306967367147,-48.200907405554545,32.12169727467902,-26.983898800611428,63.73819850735597,106.68786605585458,-67.43047935584316,69.48937168556459,-187.7055571821453,-19.346308683131056,-125.20079643544199,-199.53791057654038,-41.37496528406625,-207.765717492224,16.237749276923484,-33.124704797677325,207.18804629668088,121.79782804156399,48.41331126697564
-526.7610310903746,-169.42588719563918,435.36133453903756,-157.24983659269844,-194.23746814686925,-401.31444505652524,148.0717155612382,-21.010091530255803,170.62074389772212,108.8740815172399,72.0351798842295,-617.544837921281,245.26735736626296,64.98498879745276,-82.6102892371865,-304.3590778934028,-73.55238500055835,338.71117169964106,369.2455623361241,384.8204017219727,-165.54507049745624,171.52837416307742,-256.1528835274741,-55.76063050785802,106.23163908311032,-240.44320203139418,122.5590794930065,-82.69545856095998,69.56559943138609,-164.54777372702975,-273.1768324888487,172.1686189435044,-177.4014414432633,479.4463064626803,50.38100452180865,319.87902230424396,510.30558582648445,105.03496790979355,532.2753588150231,-41.215001032020275,83.62544913596014,-532.438033317663,-310.9417034000137,-124.16199974483875
190.03460315477366,60.9474167903574,-157.24983659269844,57.311300728585934,69.98989279595868,145.31620922459697,-53.76021299820406,7.267931582578985,-61.35916313968095,-39.27144217631393,-25.993590768030224,223.08172839816126,-88.57123166796025,-23.01630980109962,30.05326986982858,109.74580670145811,26.33599414690396,-122.37389131112133,-132.95030429620348,-138.71420106886356,59.44205970974577,-61.874416488310274,92.3033993436617,20.03244003280934,-38.318308424603664,86.57885471302134,-44.48561277848521,29.29712293458385,-25.215364571029394,59.56817153195218,98.50214865140427,-62.07306683406929,63.76323210908618,-172.72018841079705,-18.464152754919336,-115.12444111202565,-184.01831089259863,-37.6393134381051,-191.98755554846062,14.567438059199127,-29.97212170568819,192.49578770977206,111.89842567035438,44.58442334339282
234.7296556613462,75.31424000160074,-194.23746814686925,69.98989279595868,87.09074751171921,178.2470678701439,-65.738976947342,8.881272874803042,-75.86775732504117,-48.56495323718445,-32.30807912050826,275.10180543549336,-109.09693078598205,-27.826815902408626,36.966008477335635,135.5474401564799,32.686731663687816,-150.2369331531829,-164.31333351049284,-171.2340065472395,73.49576973248969,-75.54175205040802,113.88398940213008,24.315559344139952,-47.347272327728206,106.9416087647426,-53.967786673500136,37.4339413916584,-31.057636554330575,73.61339240394122,121.6271116620171,-76.46029740020873,78.93667385743467,-213.11237798206287,-22.52828081679689,-142.3128968469432,-226.93871274265615,-46.58968834946665,-237.05111602752933,18.448137092940733,-36.8975890592174,237.41676527466112,138.2437612504773,55.51448443064409
486.08425144696776,156.65547838350847,-401.31444505652524,145.31620922459697,178.2470678701439,371.4553083279073,-137.1258714991024,20.243052419037806,-157.72565928759184,-100.37680762344606,-66.09135154168388,570.0239298951178,-226.70329357828535,-62.01105388442703,75.9674308180528,280.9934011839934,68.01871406134144,-313.8484926097904,-341.12082078981007,-355.5394386691264,153.22601124071613,-159.92906643626398,236.83805826270378,52.43801162478083,-98.01238011457376,222.22523931444698,-114.30296726717616,75.169365393609,-64.10058666923506,151.32144327220263,252.27209470166466,-159.3500879553896,163.88622991210457,-443.3749525375787,-46.37639021039244,-295.56987721436843,-471.7347680758271,-97.2931020264578,-491.4241461847099,37.85258569468372,-77.82468154504217,491.07055411433305,287.474082313388,114.19846925592215
-179.26942787634076,-57.71288991125307,148.0717155612382,-53.76021299820406,-65.738976947342,-137.1258714991024,50.66505879955515,-7.353036086423854,58.106357387096054,37.01907525508378,24.38762055292626,-210.3064431077636,83.62864312234726,22.696454127014068,-28.097680108962468,-103.61232979102726,-25.024188317186702,115.76964010596382,125.72035358077984,131.07963855321663,-56.41210721575243,58.942094775389904,-87.30340251923397,-19.29538134345985,36.14650481610723,-81.89953881781638,42.20509582725678,-27.588679341201786,23.67780845741489,-55.87788220296516,-93.01985438880335,58.7475184947477,-60.36778741500393,163.42084149117778,17.19098835608075,108.91696201628305,173.93431788031492,35.79704162852081,181.22364179354796,-13.875488105140215,28.627793652619864,-181.23651179645506,-105.92466352630295,-42.060304375909496
26.15480766891427,8.903011883529471,-21.010091530255803,7.267931582578985,8.881272874803042,20.243052419037806,-7.353036086423854,2.177525537914446,-8.957364373597663,-5.333524338463726,-3.236344309306542,30.44019712136268,-12.39631065195602,-5.542775143594517,3.5608344690350795,15.29918182011866,4.026060369028408,-17.723632681449217,-18.995912446295094,-19.629857818132514,8.973568242852966,-9.962256147392573,13.258630882148173,3.729431212196224,-5.267309920609159,12.447611362032488,-6.804707148327584,3.7782167674081673,-3.2246388684343117,7.460236682424483,13.789414025386728,-9.012494576054943,9.263932939050658,-24.942209740378836,-2.042594528008254,-16.56670039872954,-26.16593245907791,-5.851318631352648,-26.69260863447992,2.2633978199408875,-4.969675766045459,25.70266994983329,16.258464531965146,6.09555759272423
-206.90310021564363,-66.8576824990858,170.62074389772212,-61.35916313968095,-75.86775732504117,-157.72565928759184,58.106357387096054,-8.957364373597663,67.32892504323137,42.723540612505474,28.09752936394578,-242.38287777278063,96.44945374054743,26.93114023352576,-32.094525282249045,-119.66407317563927,-29.13864249739882,133.53229269850698,145.45735179614465,151.4702892164187,-65.50188789420176,68.20856563362402,-100.94095951592833,-22.471763443290385,41.723154873049666,-94.76138375743233,48.508644526345236,-32.37779915704444,27.172846608555403,-64.18737155918845,-107.43840315519849,67.899334536028,-69.98099811999663,189.01296299471963,19.477175410743406,126.08254154835127,200.93028128486893,41.66365002292025,209.22815102580077,-16.36300103729784,33.35027400130703,-208.6420209821296,-122.64919266707423,-48.76085527545169
-131.7854083373155,-42.422975762298066,108.8740815172399,-39.27144217631393,-48.56495323718445,-100.37680762344606,37.01907525508378,-5.333524338463726,42.723540612505474,27.236828360274842,18.004993190023708,-154.46373536600547,61.36483622497932,16.399797003999474,-20.621464737293966,-76.15723275411713,-18.433993996542316,84.76752915224706,92.42872085735083,96.30656059027592,-41.47221575379948,42.98147843994089,-64.11741372279023,-14.002685485641422,26.577413527847504,-60.18980905177676,30.674321023240243,-20.71266131415855,17.384100557368853,-41.117512381500156,-68.36015347460274,43.09813431202949,-44.420599318393386,120.01977881321483,12.561496561578211,80.08060259182878,127.7134910469876,26.32687582936856,133.18118434543396,-10.344111623017916,20.975498326298883,-133.1399688202097,-77.85036786604324,-31.075288235989426
-87.01437434097714,-27.891567276799783,72.0351798842295,-25.993590768030224,-32.30807912050826,-66.09135154168388,24.38762055292626,-3.236344309306542,28.09752936394578,18.004993190023708,11.990019379422515,-102.00158207247688,40.44001235089847,10.212294654576892,-13.735243981079362,-50.23801413818147,-12.094014948333252,55.669442043180034,60.87473544165008,63.45232260384536,-27.202370256576394,27.951768091858373,-42.19229627442541,-8.976769951183591,17.551722937778848,-39.616885322697286,19.99340160188937,-13.861133019913002,11.526722030213753,-27.322673679923817,-45.076749686442575,28.32600167200803,-29.234418279163872,78.94740724470097,8.381543074686775,52.71758770321191,84.09295475210851,17.23469008383875,87.86435224948114,-6.815869315595252,13.63874831994442,-88.05740441007642,-51.20350340097457,-20.5699641933009
747.582338693478,240.7036198650759,-617.544837921281,223.08172839816126,275.10180543549336,570.0239298951178,-210.3064431077636,30.44019712136268,-242.38287777278063,-154.46373536600547,-102.00158207247688,876.4189618745762,-348.27295479526566,-93.59709281273435,116.99293915475502,432.0496765252154,104.54452826520557,-481.4053393340955,-524.3612757663892,-546.4404902199705,235.32603474412443,-244.41452853785879,363.8500328223065,79.74642867621364,-150.75662125012076,341.5073128693951,-174.5579848179924,116.88258936241328,-98.62921730542236,233.14660102273945,387.82453658316876,-244.63850543263788,251.9646054579076,-681.09096651454945,-71.32846103548792,-454.3074000846638,-724.7542701281587,-149.37983804099105,-755.5690909649959,58.495595958313245,-119.14444902944533,755.3384617858743,441.71703971634764,176.0685782682707
-297.1072602171389,-95.78028572208645,245.26735736626296,-88.57123166796025,-109.09693078598205,-226.70329357828535,83.62864312234726,-12.39631065195602,96.44945374054743,61.36483622497932,40.44001235089847,-348.27295479526566,138.4925128197843,37.835945349751626,-46.36521981468608,-171.75484657446404,-41.635717631700814,191.61219237167728,208.55854455258788,217.3085164393666,-93.70621369827148,97.56755799211871,-144.74979285519998,-31.9748743093782,59.91200677932177,-135.85164803197608,69.619019206072565,-46.28188905998328,39.14461673226517,-92.46696106843928,-154.19293035862296,97.3606379299636,-100.24262481290526,270.98635682769583,28.246598554785578,180.72150501973047,288.2711839728018,59.522049988828726,300.35820761390977,-23.274340973376095,47.56927470462199,-300.0219153207146,-175.75397459160604,-69.91958242296829
-80.13205431188408,-26.767909679685552,64.98498879745276,-23.01630980109962,-27.826815902408626,-62.01105388442703,22.696454127014068,-5.542775143594517,26.93114023352576,16.399797003999474,10.212294654576892,-93.59709281273435,37.835945349751626,14.781174700440612,-11.498263801625981,-46.68655210227535,-11.916568139780878,53.609807708222434,57.50209332389504,59.63579159069129,-26.705401197608644,29.275696824639034,-40.10371069403347,-10.561153690659635,16.14176071612028,-37.618311553843,20.361355511012682,-11.593726288434366,10.134818379641265,-23.566720353288304,-42.02951400419197,27.195083309666988,-27.875002207337303,75.31803636898857,6.793507753847251,50.03423917006717,79.41565868326103,17.25564891809012,81.53571801826521,-6.600354340008506,14.426223016449166,-79.58140821029897,-48.97124405920654,-18.63204174598607
99.67716214361546,31.871864094089396,-82.6102892371865,30.05326986982858,36.966008477335635,75.9674308180528,-28.097680108962468,3.5608344690350795,-32.094525282249045,-20.621464737293966,-13.735243981079362,116.99293915475502,-46.36521981468608,-11.498263801625981,15.854645767106096,57.52436462827082,13.759308909628558,-63.86157173148545,-69.6108934145622,-72.63484875105934,31.033968261069994,-32.01971208988343,48.28324661962324,10.241357604886744,-20.10265909434949,45.30711763365317,-23.037494133620076,15.623914701455028,-13.260555576957524,31.399361135140634,51.61132692799979,-32.42960317332945,33.37733739795365,-90.32430807535916,-9.738488447516927,-60.25955711512086,-96.29501787009944,-19.62514122068539,-100.63163914095071,7.663917640169497,-15.531367632130129,101.06877917268412,58.52757367387865,23.468247073283074
368.6447895550329,118.82819483688144,-304.3590778934028,109.74580670145811,135.5474401564799,280.9934011839934,-103.61232979102726,15.29918182011866,-119.66407317563927,-76.15723275411713,-50.23801413818147,432.0496765252154,-171.75484657446404,-46.68655210227535,57.52436462827082,213.09990765000606,51.6757865507075,-237.49670996182314,-258.7604605367231,-269.58213704266876,116.25169867992962,-120.78349620468579,179.54490407130072,39.52248065917148,-74.3415771052549,168.5372947067469,-86.12639742228994,57.72624385366119,-48.56217869182185,114.78185152793506,191.29688011804282,-120.72939226151898,124.39431945243099,-336.1251225119064,-35.01022686733231,-224.22529154474682,-357.5575178688126,-73.84480803656318,-372.64174204924666,28.968832558809773,-58.95214173965799,372.2225739212501,218.0387393087259,86.864830225674865
89.30202429650177,28.93157175610301,-73.55238500055835,26.33599414690396,32.686731663687816,68.01871406134144,-25.024188317186702,4.026060369028408,-29.13864249739882,-18.433993996542316,-12.094014948333252,104.54452826520557,-41.635717631700814,-11.916568139780878,13.759308909628558,51.6757865507075,12.645565043223051,-57.690805439471085,-62.88686427734351,-65.44490152977644,28.388883344998135,-29.579511391351,43.63623641461338,9.806411163046134,-18.008760792120732,40.97529266896749,-20.960547527630133,14.030306851724887,-11.686964159418986,27.601489861070537,46.40152612279831,-29.357216301154857,30.28688147115726,-81.72893793519573,-8.31516175548147,-54.52974342995947,-86.81662276149397,-18.085066392738977,-90.33711932961073,7.133096120471248,-14.505023902488158,89.91406257718207,53.06034372890642,21.072442708162722
-410.66231209873104,-132.62839707964866,338.71117169964106,-122.37389131112133,-150.2369331531829,-313.8484926097904,115.76964010596382,-17.723632681449217,133.53229269850698,84.76752915224706,55.669442043180034,-481.4053393340955,191.61219237167728,53.609807708222434,-63.86157173148545,-237.49670996182314,-57.690805439471085,265.55146058906297,288.57322993345724,300.6545849463546,-129.88314712899677,135.81652699464024,-200.3775688151163,-44.783221218013246,82.8015922758,-188.03059868167617,96.85707026479521,-63.47260764589397,54.01524213220921,-127.45203179847668,-213.24815798248744,134.85853774561573,-138.7339507912804,375.1893121025603,38.891412069189734,250.10325346230204,398.95935504969145,82.56335394655399,415.30879599274346,-32.15272339606774,66.19053813035217,-414.42500125745755,-243.3320977355029,-96.49535010940424
-447.5173700153156,-144.44106697574793,369.2455623361241,-132.95030429620348,-164.31333351049284,-341.12082078981007,125.72035358077984,-18.995912446295094,145.45735179614465,92.42872085735083,60.87473544165008,-524.3612757663892,208.55854455258788,57.50209332389504,-69.6108934145622,-258.7604605367231,-62.88686427734351,288.57322993345724,314.38535638955057,327.4497881064224,-141.4167977084703,147.09683262246995,-218.1550866316754,-48.303328831497225,90.24500253095488,-204.79037727013207,104.74065681499512,-70.06422113547798,58.856337770772456,-139.07182240404012,-232.30802955357154,146.7173752415487,-151.19889249668353,408.45283922929656,42.30139090623542,272.4675956992166,434.3396799826812,89.89327342263326,452.46202115467,-35.28906563196545,71.86527177018797,-451.5489744384802,-265.0023936281256,-105.46158369969729
-466.27866707375796,-150.41731568807873,384.8204017219727,-138.71420106886356,-171.2340065472395,-355.5394386691264,131.07963855321663,-19.629857818132514,151.4702892164187,96.30656059027592,63.45232260384536,-546.4404902199705,217.3085164393666,59.63579159069129,-72.63484875105934,-269.58213704266876,-65.44490152977644,300.6545849463546,327.4497881064224,341.1115956224089,-147.22059311793933,153.1588839432524,-227.23438806149062,-50.23706474679209,94.02730046477839,-213.29759741261398,109.15248419036152,-72.88585505373223,61.3712670046578,-145.0080327189169,-242.0165093286151,152.8246203019066,-157.44383276792246,425.43218914196603,44.18277969076904,283.770130173959,452.46922929272984,93.55141091196147,471.4010839604127,-36.67437532085526,74.76808931747897,-470.6401466359925,-275.98279231243356,-109.83541031015064
200.92412913425437,65.05154098010311,-165.54507049745624,59.44205970974577,73.49576973248969,153.22601124071613,-56.41210721575243,8.973568242852966,-65.50188789420176,-41.47221575379948,-27.202370256576394,235.32603474412443,-93.70621369827148,-26.705401197608644,31.033968261069994,116.25169867992962,28.388883344998135,-129.88314712899677,-141.4167977084703,-147.22059311793933,63.80219931214735,-66.57517843522791,98.15477662351205,22.042618663941788,-40.51496920721156,92.14968471091802,-47.270911932407266,31.386268528900057,-26.33054748223883,62.166036767894035,104.38613260874607,-66.04453359388049,68.07256820833233,-183.82844810950112,-18.799338924495352,-122.60695975793935,-195.31997200187877,-40.61897986212167,-203.24140875831844,15.949774205187197,-32.58421502577501,202.42909134672055,119.30924026382952,47.34901990092601
-208.57798483663936,-67.76060643796588,171.52837416307742,-61.874416488310274,-75.54175205040802,-159.92906643626398,58.942094775389904,-9.962256147392573,68.20856563362402,42.98147843994089,27.951768091858373,-244.41452853785879,97.56755799211871,29.275696824639034,-32.01971208988343,-120.78349620468579,-29.579511391351,135.81652699464024,147.09683262246995,153.1588839432524,-66.57517843522791,70.36644362018774,-102.24717895888584,-23.63483881984808,42.046360730076145,-95.92227292094974,49.993941027620544,-31.703061723705837,27.264015686376872,-64.13546721253111,-108.50570924984788,68.92518951205055,-70.80401095580348,191.54991043616891,19.43060110207715,127.57247167160543,203.395571658828,42.440797480569245,211.17658062220764,-16.415996185374688,34.32195579400694,-209.95314600462922,-124.26133025514099,-48.85660528042523
310.495787119601,100.24186073776649,-256.1528835274741,92.3033993436617,113.88398940213008,236.83805826270378,-87.30340251923397,13.258630882148173,-100.94095951592833,-64.11741372279023,-42.19229627442541,363.8500328223065,-144.74979285519998,-40.10371069403347,48.28324661962324,179.54490407130072,43.63623641461338,-200.3775688151163,-218.1550866316754,-227.23438806149062,98.15477662351205,-102.24717895888584,151.40754334563275,33.61980152510109,-62.61109756368467,142.11773574992083,-72.8273965305519,48.44880354182435,-40.83241487331892,96.44426531779592,161.1971866234634,-101.84714242181471,104.91159890322888,-283.4870274254126,-29.354083862835584,-189.0707030706601,-301.4435298987479,-62.396580003410605,-313.9521450908593,24.44485897327556,-49.92448849939452,313.2892947236198,183.90938927791174,73.11585253455526
68.11325610313217,22.324630494456784,-55.76063050785802,20.03244003280934,24.315559344139952,52.43801162478083,-19.29538134345985,3.729431212196224,-22.471763443290385,-14.002685485641422,-8.976769951183591,79.74642867621364,-31.9748743093782,-10.561153690659635,10.241357604886744,39.52248065917148,9.806411163046134,-44.783221218013246,-48.303328831497225,-50.23706474679209,22.042618663941788,-23.63483881984808,33.61980152510109,8.151071242837297,-13.727823541431572,31.533052049046006,-16.682576572252923,10.13342645769212,-8.814054390467671,20.6433314939466,35.53136943062455,-22.71577618768119,23.298570554489807,-63.03457407219132,-6.1721272519072965,-41.93761632539348,-66.78775971653413,-14.115544442805799,-69.07981577875375,5.422642585171583,-11.554641565044282,68.28036672037753,40.91356874879652,15.892693964842417
-128.62517658998888,-41.43004563451493,106.23163908311032,-38.318308424603664,-47.347272327728206,-98.01238011457376,36.14650481610723,-5.267309920609159,41.723154873049666,26.577413527847504,17.551722937778848,-150.75662125012076,59.91200677932177,16.14176071612028,-20.10265909434949,-74.3415771052549,-18.008760792120732,82.8015922758,90.24500253095488,94.02730046477839,-40.51496920721156,42.046360730076145,-62.61109756368467,-13.727823541431572,25.939504139635268,-58.773070454440315,29.997268441216352,-20.171584235804644,16.957485496809046,-40.09233550220177,-66.73228390710281,42.093888224473105,-43.37606301418685,117.2059949743332,12.24149725313928,78.19390828747213,124.70236660010923,25.726726867283332,130.00314733553634,-10.098201090002483,20.51775187545602,-129.9155685430385,-76.02564766623554,-30.315477980115414
291.45638749647276,94.10306967367147,-240.44320203139418,86.57885471302134,106.9416087647426,222.22523931444698,-81.89953881781638,12.447611362032488,-94.76138375743233,-60.18980905177676,-39.616885322697286,341.5073128693951,-135.85164803197608,-37.618311553843,45.30711763365317,168.5372947067469,40.97529266896749,-188.03059868167617,-204.79037727013207,-213.29759741261398,92.14968471091802,-95.92227292094974,142.11773574992083,31.533052049046006,-58.773070454440315,133.40892921763853,-68.29537516945236,45.570345446300976,-38.31917750821195,90.52907525733718,151.31141219276148,-95.58964553753235,98.49581385708224,-266.0966655186724,-27.529602725295348,-177.49194297916247,-282.94010662731756,-58.58362407744467,-294.6958536291665,22.981420269420138,-46.86063852488878,294.0478626083687,172.64313020880684,68.66817803605561
-148.81760844160385,-48.200907405554545,122.5590794930065,-44.48561277848521,-53.967786673500136,-114.30296726717616,42.20509582725678,-6.804707148327584,48.508644526345236,30.674321023240243,19.99340160188937,-174.5579848179924,69.619019206072565,20.361355511012682,-23.037494133620076,-86.12639742228994,-20.960547527630133,96.85707026479521,104.74065681499512,109.15248419036152,-47.270911932407266,49.993941027620544,-72.8273965305519,-16.682576572252923,29.997268441216352,-68.29537516945236,35.69189819579552,-22.4300442550067,19.537714146296036,-45.95808536054256,-77.36168572246996,49.09222381564296,-50.347226335079995,136.39747544388737,14.059260375873839,90.79967682888797,144.96574503119896,30.076856776019223,150.61559603156138,-11.545173048750588,24.282365373766517,-150.09177546986865,-88.42026721112376,-34.780157791766705
99.96191829433971,32.12169727467902,-82.69545856095998,29.29712293458385,37.4339413916584,75.169365393609,-27.588679341201786,3.7782167674081673,-32.37779915704444,-20.71266131415855,-13.861133019913002,116.88258936241328,-46.28188905998328,-11.593726288434366,15.623914701455028,57.72624385366119,14.030306851724887,-63.47260764589397,-70.06422113547798,-72.88585505373223,31.386268528900057,-31.703061723705837,48.44880354182435,10.13342645769212,-20.171584235804644,45.570345446300976,-22.4300442550067,16.685231865187898,-13.160421344048407,31.341922730546433,51.77964971666012,-32.45350077152375,33.746125990439864,-90.67531169621782,-9.404470877087043,-60.70495081579683,-96.46621248803528,-19.93116404211289,-100.90532165177437,8.139775525215509,-15.677389407754097,100.85995471830475,58.93306817814646,23.91351711674701
-84.08543617418051,-26.983898800611428,69.56559943138609,-25.215364571029394,-31.057636554330575,-64.10058666923506,23.67780845741489,-3.2246388684343117,27.172846608555403,17.384100557368853,11.526722030213753,-98.62921730542236,39.14461673226517,10.134818379641265,-13.260555576957524,-48.56217869182185,-11.686964159418986,54.01524213220921,58.856337770772456,61.3712670046578,-26.33054748223883,27.264015686376872,-40.83241487331892,-8.814054390467671,16.957485496809046,-38.31917750821195,19.537714146296036,-13.160421344048407,11.13888087278519,-26.347964260554026,-43.58188658122839,27.440567837485993,-28.251876379771165,76.4110227962732,8.114362548892572,50.97233082451588,81.3817228489697,16.684944769805266,84.93971497489653,-6.525659376768514,13.259319676230527,-85.09944031948014,-49.53385519544666,-19.79851717513973
198.7892319361479,63.73819850735597,-164.54777372702975,59.56817153195218,73.61339240394122,151.32144327220263,-55.87788220296516,7.460236682424483,-64.18737155918845,-41.117512381500156,-27.322673679923817,233.14660102273945,-92.46696106843928,-23.566720353288304,31.399361135140634,114.78185152793506,27.601489861070537,-127.45203179847668,-139.07182240404012,-145.0080327189169,62.166036767894035,-64.13546721253111,96.44426531779592,20.6433314939466,-40.09233550220177,90.52907525733718,-45.95808536054256,31.341922730546433,-26.347964260554026,62.393999130092915,102.99843569993558,-64.78034839785414,66.75829376433279,-180.4662555143829,-19.204305932166264,-120.43268226425201,-192.23771334583867,-39.37661188570178,-200.7598375353474,15.46274485961911,-31.22147837257268,201.23634424940442,117.00628649161192,46.88790677951968
330.91519991138676,106.68786605585458,-273.1768324888487,98.50214865140427,121.6271116620171,252.27209470166466,-93.01985438880335,13.789414025386728,-107.43840315519849,-68.36015347460274,-45.076749686442575,387.82453658316876,-154.19293035862296,-42.02951400419197,51.61132692799979,191.29688011804282,46.40152612279831,-213.24815798248744,-232.30802955357154,-242.0165093286151,104.38613260874607,-108.50570924984788,161.1971866234634,35.53136943062455,-66.73228390710281,151.31141219276148,-77.36168572246996,51.77964971666012,-43.58188658122839,102.99843569993558,171.73297684164297,-108.39938445764064,111.68094671784459,-301.7812104175932,-31.410447369344936,-201.3066987804605,-321.0076404130941,-66.31447521394051,-334.5190086859244,26.00592891218226,-52.960382535605184,334.0977944332688,195.7601640198754,77.9619424980236
-208.7543607959764,-67.43047935584316,172.1686189435044,-62.07306683406929,-76.46029740020873,-159.3500879553896,58.7475184947477,-9.012494576054943,67.899334536028,43.09813431202949,28.32600167200803,-244.63850543263788,97.3606379299636,27.195083309666988,-32.42960317332945,-120.72939226151898,-29.357216301154857,134.85853774561573,146.7173752415487,152.8246203019066,-66.04453359388049,68.92518951205055,-101.84714242181471,-22.71577618768119,42.093888224473105,-95.58964553753235,49.09222381564296,-32.45350077152375,27.440567837485993,-64.78034839785414,-108.39938445764064,68.52858149328071,-70.5581409680055,190.70262994477585,19.718527883442107,127.16493377365389,202.76218148411232,41.99438274212604,211.10762982567533,-16.419177418167788,33.64058382200529,-210.5996253586334,-123.71004626361533,-49.11748319004731
215.09641855829898,69.48937168556459,-177.4014414432633,63.76323210908618,78.93667385743467,163.88622991210457,-60.36778741500393,9.263932939050658,-69.98099811999663,-44.420599318393386,-29.234418279163872,251.9646054579076,-100.24262481290526,-27.875002207337303,33.37733739795365,124.39431945243099,30.28688147115726,-138.7339507912804,-151.19889249668353,-157.44383276792246,68.07256820833233,-70.80401095580348,104.91159890322888,23.298570554489807,-43.37606301418685,98.49581385708224,-50.347226335079995,33.746125990439864,-28.251876379771165,66.75829376433279,111.68094671784459,-70.5581409680055,72.74650082499653,-196.44279110526395,-20.249401042399032,-131.0556469086814,-208.83483265146498,-43.29483409459827,-217.49764556555542,17.02869847469341,-34.632730364492275,216.91135911948658,127.47771252936896,50.720642210760005
-581.2397655440602,-187.7055571821453,479.4463064626803,-172.72018841079705,-213.11237798206287,-443.3749525375787,163.42084149117778,-24.942209740378836,189.01296299471963,120.01977881321483,78.94740724470097,-681.09096651454945,270.98635682769583,75.31803636898857,-90.32430807535916,-336.1251225119064,-81.72893793519573,375.1893121025603,408.45283922929656,425.43218914196603,-183.82844810950112,191.54991043616891,-283.4870274254126,-63.03457407219132,117.2059949743332,-266.0966655186724,136.39747544388737,-90.67531169621782,76.4110227962732,-180.4662555143829,-301.7812104175932,190.70262994477585,-196.44279110526395,530.8016444644087,54.89704480170124,354.0122408242252,564.3808944967125,116.87673663867785,587.7372485621777,-45.789570166279475,93.54522613215798,-586.3858572028738,-344.3646502885518,-136.8718720239798
-60.70359980013286,-19.346308683131056,50.38100452180865,-18.464152754919336,-22.52828081679689,-46.37639021039244,17.19098835608075,-2.042594528008254,19.477175410743406,12.561496561578211,8.381543074686775,-71.32846103548792,28.246598554785578,6.793507753847251,-9.738488447516927,-35.01022686733231,-8.31516175548147,38.891412069189734,42.30139090623542,44.18277969076904,-18.799338924495352,19.43060110207715,-29.354083862835584,-6.1721272519072965,12.24149725313928,-27.529602725295348,14.059260375873839,-9.404470877087043,8.114362548892572,-19.204305932166264,-31.410447369344936,19.718527883442107,-20.249401042399032,54.89704480170124,6.02066122726954,36.60138024168351,58.586022439191815,11.862831590768828,61.26419697436682,-4.586556408977293,9.374679275737343,-61.68219095703088,-35.53977499828463,-14.247228201131044
-387.7559697771859,-125.20079643544199,319.87902230424396,-115.12444111202565,-142.3128968469432,-295.56987721436843,108.91696201628305,-16.56670039872954,126.08254154835127,80.08060259182878,52.71758770321191,-454.3074000846638,180.72150501973047,50.03423917006717,-60.25955711512086,-224.22529154474682,-54.52974342995947,250.10325346230204,272.4675956992166,283.770130173959,-122.60695975793935,127.57247167160543,-189.0707030706601,-41.93761632539348,78.19390828747213,-177.49194297916247,90.79967682888797,-60.70495081579683,50.97233082451588,-120.43268226425201,-201.3066987804605,127.16493377365389,-131.0556469086814,354.0122408242252,36.60138024168351,236.15246325923806,376.41072675241054,77.95367189354259,392.06395286026117,-30.608581538831483,62.34471951124126,-391.17073227628345,-229.69462769073783,-91.38311856101518
-618.4061430085071,-199.53791057654038,510.30558582648445,-184.01831089259863,-226.93871274265615,-471.7347680758271,173.93431788031492,-26.16593245907791,200.93028128486893,127.7134910469876,84.09295475210851,-724.7542701281587,288.2711839728018,79.41565868326103,-96.29501787009944,-357.5575178688126,-86.81662276149397,398.95935504969145,434.3396799826812,452.46922929272984,-195.31997200187877,203.395571658828,-301.4435298987479,-66.78775971653413,124.70236660010923,-282.94010662731756,144.96574503119896,-96.46621248803528,81.3817228489697,-192.23771334583867,-321.0076404130941,202.76218148411232,-208.83483265146498,564.3808944967125,58.586022439191815,376.41072675241054,600.2257993999682,124.12738506730327,625.2410155221326,-48.603597888214715,99.26427615986682,-624.1598237943025,-366.1058627862783,-145.6035978638923
-127.58515568466782,-41.37496528406625,105.03496790979355,-37.6393134381051,-46.58968834946665,-97.2931020264578,35.79704162852081,-5.851318631352648,41.66365002292025,26.32687582936856,17.23469008383875,-149.37983804099105,59.522049988828726,17.25564891809012,-19.62514122068539,-73.84480803656318,-18.085066392738977,82.56335394655399,89.89327342263326,93.55141091196147,-40.61897986212167,42.440797480569245,-62.396580003410605,-14.115544442805799,25.726726867283332,-58.58362407744467,30.076856776019223,-19.93116404211289,16.684944769805266,-39.37661188570178,-66.31447521394051,41.99438274212604,-43.29483409459827,116.87673663867785,11.862831590768828,77.95367189354259,124.12738506730327,25.884362557971283,129.09048827637156,-10.175909447321823,20.79908895763414,-128.4251585951638,-75.87360810624212,-30.07191757277602
-644.6626527613658,-207.765717492224,532.2753588150231,-191.98755554846062,-237.05111602752933,-491.4241461847099,181.22364179354796,-26.69260863447992,209.22815102580077,133.18118434543396,87.86435224948114,-755.5690909649959,300.35820761390977,81.53571801826521,-100.63163914095071,-372.64174204924666,-90.33711932961073,415.30879599274346,452.46202115467,471.4010839604127,-203.24140875831844,211.17658062220764,-313.9521450908593,-69.07981577875375,130.00314733553634,-294.6958536291665,150.61559603156138,-100.90532165177437,84.93971497489653,-200.7598375353474,-334.5190086859244,211.10762982567533,-217.49764556555542,587.7372485621777,61.26419697436682,392.06395286026117,625.2410155221326,129.09048827637156,651.6431469577853,-50.623703725343994,103.0499105454045,-650.978015654774,-381.23968027967675,-151.88188084559613
50.05806767427109,16.237749276923484,-41.215001032020275,14.567438059199127,18.448137092940733,37.85258569468372,-13.875488105140215,2.2633978199408875,-16.36300103729784,-10.344111623017916,-6.815869315595252,58.495595958313245,-23.274340973376095,-6.600354340008506,7.663917640169497,28.968832558809773,7.133096120471248,-32.15272339606774,-35.28906563196545,-36.67437532085526,15.949774205187197,-16.415996185374688,24.44485897327556,5.422642585171583,-10.098201090002483,22.981420269420138,-11.545173048750588,8.139775525215509,-6.525659376768514,15.46274485961911,26.00592891218226,-16.419177418167788,17.02869847469341,-45.789570166279475,-4.586556408977293,-30.608581538831483,-48.603597888214715,-10.175909447321823,-50.623703725343994,4.107123453716621,-8.123123010314513,50.30228774591165,29.7697411647126,11.911599740442064
-101.7702588537312,-33.124704797677325,83.62544913596014,-29.97212170568819,-36.8975890592174,-77.82468154504217,28.627793652619864,-4.969675766045459,33.35027400130703,20.975498326298883,13.63874831994442,-119.14444902944533,47.56927470462199,14.426223016449166,-15.531367632130129,-58.95214173965799,-14.505023902488158,66.19053813035217,71.86527177018797,74.76808931747897,-32.58421502577501,34.32195579400694,-49.92448849939452,-11.554641565044282,20.51775187545602,-46.86063852488878,24.282365373766517,-15.677389407754097,13.259319676230527,-31.22147837257268,-52.960382535605184,33.64058382200529,-34.632730364492275,93.54522613215798,9.374679275737343,62.34471951124126,99.26427615986682,20.79908895763414,103.0499105454045,-8.123123010314513,16.81461023032894,-102.28990288662506,-60.728622561203935,-23.919384740797884
644.2151926396832,207.18804629668088,-532.438033317663,192.49578770977206,237.41676527466112,491.07055411433305,-181.23651179645506,25.70266994983329,-208.6420209821296,-133.1399688202097,-88.05740441007642,755.3384617858743,-300.0219153207146,-79.58140821029897,101.06877917268412,372.2225739212501,89.91406257718207,-414.42500125745755,-451.5489744384802,-470.6401466359925,202.42909134672055,-209.95314600462922,313.2892947236198,68.28036672037753,-129.9155685430385,294.0478626083687,-150.09177546986865,100.85995471830475,-85.09944031948014,201.23634424940442,334.0977944332688,-210.5996253586334,216.91135911948658,-586.3858572028738,-61.68219095703088,-391.17073227628345,-624.1598237943025,-128.4251585951638,-650.978015654774,50.30228774591165,-102.28990288662506,651.2441081300452,380.2552449630925,151.74693267541986
377.0148457516992,121.79782804156399,-310.9417034000137,111.89842567035438,138.2437612504773,287.474082313388,-105.92466352630295,16.258464531965146,-122.64919266707423,-77.85036786604324,-51.20350340097457,441.71703971634764,-175.75397459160604,-48.97124405920654,58.52757367387865,218.0387393087259,53.06034372890642,-243.3320977355029,-265.0023936281256,-275.98279231243356,119.30924026382952,-124.26133025514099,183.90938927791174,40.91356874879652,-76.02564766623554,172.64313020880684,-88.42026721112376,58.93306817814646,-49.53385519544666,117.00628649161192,195.7601640198754,-123.71004626361533,127.47771252936896,-344.3646502885518,-35.53977499828463,-229.69462769073783,-366.1058627862783,-75.87360810624212,-381.23968027967675,29.7697411647126,-60.728622561203935,380.2552449630925,223.43947018334418,88.82840038194401
150.3065009470079,48.41331126697564,-124.16199974483875,44.58442334339282,55.51448443064409,114.19846925592215,-42.060304375909496,6.09555759272423,-48.76085527545169,-31.075288235989426,-20.5699641933009,176.0685782682707,-69.91958242296829,-18.63204174598607,23.468247073283074,86.864830225674865,21.072442708162722,-96.49535010940424,-105.46158369969729,-109.83541031015064,47.34901990092601,-48.85660528042523,73.11585253455526,15.892693964842417,-30.315477980115414,68.66817803605561,-34.780157791766705,23.91351711674701,-19.79851717513973,46.88790677951968,77.9619424980236,-49.11748319004731,50.720642210760005,-136.8718720239798,-14.247228201131044,-91.38311856101518,-145.6035978638923,-30.07191757277602,-151.88188084559613,11.911599740442064,-23.919384740797884,151.74693267541986,88.82840038194401,35.5529049193453
