V1,V2,V3,V4,V5,V6,V7,V8,V9,V10,V11,V12,V13,V14,V15,V16,V17,V18,V19,V20,V21,V22,V23,V24,V25,V26,V27,V28,V29,V30,V31,V32,V33,V34,V35,V36,V37,V38,V39,V40,V41,V42,V43,V44
6.467899856185279,28.074515253190558,-36.06269798663739,-48.11673939105218,17.90711070692519,-20.745403181260542,19.15613078449871,8.368904287333528,-8.780568350056383,16.58375346588021,-5.0798772586604635,16.795195377313835,38.86102283256894,-2.04946555570419,12.670307957304944,-17.402116390977593,62.808835305532746,16.934204079987584,9.946251048998459,47.74500010671724,24.009986141011492,-24.670421928640284,-5.588144213178175,12.096346680062332,-26.26356616401935,31.146788363400802,-44.448089182528314,-22.500029360207904,6.33781706930814,-4.197635062985676,19.146107904796587,-49.99159829798739,-8.604886794016922,-17.98564855308416,-31.722706394074972,2.2615545648194257,-0.6891493091925911,-12.744569680925013,16.517498917432345,-8.86400734980772,4.825098298367453,9.630877522917523,-15.057318147653705,-1.3975870204991405
28.074515253190558,122.73071686374612,-158.17482987184695,-210.20696800484947,77.94491863600335,-90.81251453270731,83.18404920623463,35.626947066871935,-38.559453660322745,73.0417134805715,-21.686615388455316,73.51740791763856,170.11228196994452,-8.702238521448926,55.51301099647887,-75.83560482813539,274.2137479452193,74.52012313350957,44.19057644161041,208.46627540423094,104.33165586530713,-107.6065986569643,-24.818224775686474,52.57156937907849,-115.33534009405184,135.40980288750708,-194.13214970237357,-98.61441083207963,28.29387376724988,-18.98833496117542,84.2121902384179,-219.00210816553758,-37.945114868273464,-78.42529466220041,-138.59938837021588,9.8739866410578,-2.876336509543188,-56.540406884345344,72.03582829884918,-38.36191121831486,20.695818502761153,42.56086759035051,-64.89851604874036,-6.168735195805245
-36.06269798663739,-158.17482987184695,204.18555385152806,270.8209815573868,-100.23482123435478,117.12399061541734,-106.85181690309726,-45.30027274946042,49.807426177526224,-94.478615306143,27.61200249765251,-94.81049481919685,-219.38074816052878,11.050265492169677,-71.62120348737575,97.5858923074121,-353.1753759839752,-96.3495534217852,-57.41241226815772,-268.50591419638926,-134.06243055289625,138.53137431821716,32.2335263333131,-67.55414909638829,148.97437815917348,-174.03337430776642,250.07909723166333,127.26282215333364,-36.84594130322364,24.881034848391845,-108.85997050642435,282.54364932781783,49.104890078954675,100.94591799634816,178.57254574976602,-12.715742044870755,3.6203454991803716,73.40763183428867,-92.73510047950357,49.19041080033975,-26.414911601361386,-55.144780260248936,83.05001265437609,7.978707719801253
-48.11673939105218,-210.20696800484947,270.8209815573868,360.0662902033314,-133.5670486760836,155.51521239493792,-142.57579448180255,-61.20055223928551,66.01169940428333,-125.00731885283405,37.245409453667115,-125.90063773016185,-291.325641589692,14.95034595561277,-95.0588328521687,129.93211267443115,-469.7353197533891,-127.54832367142845,-75.54979544417485,-357.1031866270333,-178.81329319258347,184.35114740651161,42.435967309799764,-90.10085306996552,197.45089491072002,-232.0661850798743,332.54104847702666,168.85240269874814,-48.34885898958935,32.406326939434024,-144.14306093794852,375.01361613828755,64.93877482229756,134.36245278535156,237.40684435666378,-16.91476000533454,4.954182491915741,96.68062280609738,-123.41087586719206,65.78006651120914,-35.52390279674998,-72.8112726155635,111.32509069274651,10.560130300036834
17.90711070692519,77.94491863600335,-100.23482123435478,-133.5670486760836,49.65495996698291,-57.61278661023508,53.070639020878254,23.045853275953213,-24.413549083198856,46.15967379828121,-14.005805897655618,46.648911089205335,107.94584645284205,-5.638413871943436,35.20379300609442,-48.262561494644594,174.30950631947414,47.12010885046202,27.74860814754067,132.50998200555586,66.53426603096585,-68.44245303823874,-15.59328981900108,33.52290635002003,-73.02604145861234,86.32706771990163,-123.37659017240942,-62.513534914333086,17.707726756727713,-11.78287880096985,53.2624421045245,-138.8886339661946,-23.967772754471987,-49.893681634724686,-88.06296233081389,6.276624641868772,-1.885580798623933,-35.53689682409234,45.82083126472339,-24.53518279424906,13.322588286159426,26.832674950892326,-41.618141573541955,-3.9032011947689527
-20.745403181260542,-90.81251453270731,117.12399061541734,155.51521239493792,-57.61278661023508,67.22901514669941,-61.454050702006356,-26.19229591981091,28.563971802747115,-54.13776808766952,15.952382460925259,-54.416615468586556,-125.90892759786489,6.393258663613059,-41.09879491214807,56.077620631705656,-202.84552905253804,-55.22351394200225,-32.82840997876359,-154.20601744415006,-77.09000168841622,79.58863765318786,18.433941158885318,-38.84559574687933,85.43507532622662,-100.063583741876,143.61257479910083,73.01528959594206,-21.043814758429914,14.161815356207198,-62.40115223633469,162.12747552483273,28.12815493068403,57.99649492139384,102.54061923041435,-7.303569322548533,2.107367485833151,41.990659243191324,-53.274991920123654,28.317013120453105,-15.239192555313407,-31.569730458223717,47.85641853081065,4.564119905238475
19.15613078449871,83.18404920623463,-106.85181690309726,-142.57579448180255,53.070639020878254,-61.454050702006356,56.76913639593942,24.818144388706592,-26.012770406269585,49.13551185695387,-15.06836821028943,49.76067988991739,115.14799041311488,-6.078581172935347,37.54146044879519,-51.56062638124718,186.10580146330494,50.172525092633634,29.448081213937794,141.4758225883514,71.15025073278487,-73.09579827065754,-16.550398263933026,35.84811981621227,-77.81131778512908,92.30275275965204,-131.70921776206592,-66.65599369004543,18.760314503124878,-12.425077137624324,56.72081803003355,-148.11675779682193,-25.501986617952674,-53.293893134724286,-93.99955760210274,6.7014223847091134,-2.0423021340953826,-37.73130967336228,48.93837785344059,-26.274111360392112,14.310704040035226,28.530417707294895,-44.632663148533034,-4.153793902308884
8.368904287333528,35.626947066871935,-45.30027274946042,-61.20055223928551,23.045853275953213,-26.19229591981091,24.818144388706592,11.506366002431973,-10.981582847798315,20.56229906212081,-6.937786491139308,21.224424819673033,49.12310923705071,-2.8369743542128316,15.96967142708702,-22.293764243232697,80.03543013086208,21.053313900539962,11.95258155319288,60.830775785515975,31.042963275054394,-31.518680775367272,-6.734866145798481,15.637460083016219,-32.85787127730993,40.21915650018532,-56.5827053074953,-28.307216519715773,7.489895088267857,-4.742417814591078,23.82995854234104,-63.021256988775434,-10.643896958627247,-23.007943127154668,-40.33895220282193,2.8839474423197644,-0.9976455561993671,-15.387196791315851,21.107861734321535,-11.610846798679125,6.500102054429744,11.805607436533315,-19.956669531328636,-1.7465576650488788
-8.780568350056383,-38.559453660322745,49.807426177526224,66.01169940428333,-24.413549083198856,28.563971802747115,-26.012770406269585,-10.981582847798315,12.154329103019439,-23.066033358550655,6.69746164634325,-23.11983508346942,-53.49426004899541,2.6771062486532102,-17.467621978670984,23.775676726011454,-86.0770263358186,-23.518693065631286,-14.042815069816378,-65.43976724824684,-32.64336056976453,33.75898607380078,7.883365413041302,-16.448064223384396,36.35114716294719,-42.37863340001714,60.95306138250698,31.041048070121313,-9.02108870305556,6.106465857141937,-26.571351960171715,68.90780534059145,11.9903667577934,24.595541262924872,43.527584163660656,-3.098337708184768,0.8748923982327548,17.95044479237574,-22.597864576208952,11.966956875088153,-6.41331925345385,-13.47166547935813,20.185930954405997,1.9455114227204022
16.58375346588021,73.0417134805715,-94.478615306143,-125.00731885283405,46.15967379828121,-54.13776808766952,49.13551185695387,20.56229906212081,-23.066033358550655,43.82752081510346,-12.555590417442115,43.81816835020373,101.38774625322839,-5.006737558921824,33.11856601705989,-44.97758906601247,162.95989096742923,44.67195855545736,26.7784582078773,123.89539686721847,61.676348168137594,-63.88647740788104,-15.029599462208699,31.07994376431194,-68.98747439369942,80.0870930424909,-115.41474829199137,-58.86410482000079,17.23577570635175,-11.726562304826256,50.460022876264226,-130.64329485034662,-22.793099460230216,-46.540819684504164,-82.43137609693024,5.866425894224744,-1.6229213168416519,-34.210723873255084,42.762907854237994,-22.570929165538637,12.048115885854457,25.633234505483827,-38.00675056554796,-3.699485740536689
-5.0798772586604635,-21.686615388455316,27.61200249765251,37.245409453667115,-14.005805897655618,15.952382460925259,-15.06836821028943,-6.937786491139308,6.69746164634325,-12.555590417442115,4.187933255059686,-12.926715663781295,-29.91920754412688,1.7086269663524483,-9.72942538346429,13.553820469964716,-48.695978055954185,-12.85009132800425,-7.3239425544256855,-37.01209633437354,-18.854259378137208,19.17015331563607,4.126754086440425,-9.497030412018143,20.03837326002456,-24.4308381953153,34.432456901280055,17.248881559287472,-4.599744088999044,2.9318402611538046,-14.54259963634175,38.39491207291317,6.503448598617993,13.991234417401449,24.55065689354306,-1.7541536407996454,0.5983629271328772,9.423090195290397,-12.837683141378077,7.041527899178775,-3.9300859384593343,-7.218428095903344,12.08344171928968,1.0677861916757994
16.795195377313835,73.51740791763856,-94.81049481919685,-125.90063773016185,46.648911089205335,-54.416615468586556,49.76067988991739,21.224424819673033,-23.11983508346942,43.81816835020373,-12.926715663781295,44.050698121866894,101.92682548846976,-5.180874992693024,33.26786460956112,-45.39942129705476,164.21768126866382,44.697516726121044,26.558564736580493,124.84352915522194,62.42199682616391,-64.43198265750983,-14.914022332538728,31.453323673070095,-69.15186715684162,81.02227757091805,-116.26672333709276,-59.10357327418927,17.021242852590877,-11.452272318451417,50.50756890618987,-131.24168110354188,-22.767992990830567,-46.95385739437021,-83.0138237211614,5.912730914518122,-1.7076305488669,-33.9717767903065,43.132044706425376,-22.932354696111027,12.348004856140381,25.549238827395417,-38.76215557917319,-3.6988809302585652
38.86102283256894,170.11228196994452,-219.38074816052878,-291.325641589692,107.94584645284205,-125.90892759786489,115.14799041311488,49.12310923705071,-53.49426004899541,101.38774625322839,-29.91920754412688,101.92682548846976,235.8498046841111,-11.990910667082614,76.97756981238496,-105.05041290067055,379.986804925114,103.42179519387567,61.442213069892844,288.8808941473799,144.44371125575714,-149.0888553599759,-34.504678056688704,72.78402908764976,-160.0058061473493,187.48546428174825,-269.0343454553656,-136.75639348440552,39.37699985005614,-26.492768480734156,116.86364346162608,-303.6765925576671,-52.6832912006594,-108.64982702070853,-192.0882511101667,13.682025386812198,-3.951953098116085,-78.59384718149208,99.80293431013298,-53.06860034967166,28.57834198192823,59.114951458968804,-89.7033476332688,-8.56352283767546
-2.04946555570419,-8.702238521448926,11.050265492169677,14.95034595561277,-5.638413871943436,6.393258663613059,-6.078581172935347,-2.8369743542128316,2.6771062486532102,-5.006737558921824,1.7086269663524483,-5.180874992693024,-11.990910667082614,0.7017210936176821,-3.897347362552309,5.451210538285023,-19.556339161845553,-5.128056185597935,-2.900860761929577,-14.864468569732365,-7.598351664612674,7.703601031861385,1.6343785483724944,-3.8279692441760873,8.009545157488574,-9.843855999286236,13.824121366692747,6.906823345504438,-1.8126088087546959,1.138918444012786,-5.804655256591126,15.38002139306759,2.5891199783987133,5.624473362084418,9.854185357937409,-0.7043797483470553,0.24576314381774553,3.734677146749952,-5.159434884406825,2.8460034711000164,-1.598518639070715,-2.871223368158219,4.90136659661113,0.42489400100964597
12.670307957304944,55.51301099647887,-71.62120348737575,-95.0588328521687,35.20379300609442,-41.09879491214807,37.54146044879519,15.96967142708702,-17.467621978670984,33.11856601705989,-9.72942538346429,33.26786460956112,76.97756981238496,-3.897347362552309,25.129625419658794,-34.26816924993085,123.97918605088738,33.780235762478995,20.097777229916048,94.25316459119539,47.09409592803086,-48.6385287796539,-11.285470721255377,23.733224591187195,-52.24847047493335,61.13429701493001,-87.78099474134083,-44.64265077959808,12.888249619456092,-8.684248835786834,38.16668139639837,-99.12645092214086,-17.21036698989823,-35.44430059298273,-62.678461976672004,4.464879312396603,-1.281448055387818,-25.702018679343606,32.55635052644312,-17.29287384569273,9.298576296941803,19.31865749355643,-29.213747929746532,-2.7955288028358845
-17.402116390977593,-75.83560482813539,97.5858923074121,129.93211267443115,-48.262561494644594,56.077620631705656,-51.56062638124718,-22.293764243232697,23.775676726011454,-44.97758906601247,13.553820469964716,-45.39942129705476,-105.05041290067055,5.451210538285023,-34.26816924993085,46.929606196787155,-169.54628841457645,-45.907129759606,-27.097077339628004,-128.8875091948204,-64.64811493913325,66.56226319979787,15.223552919629352,-32.57588168384392,71.11907581218455,-83.88961774185354,120.00954465707241,60.857184078205975,-17.31093264707146,11.547788439429613,-51.886683701916844,135.18868190654146,23.355568311106435,48.51932850367798,85.66679138126229,-6.106269128914054,1.8180460768116777,34.69346362856747,-44.55853255181966,23.81827542012865,-12.903999291118021,-26.164786108553447,40.36794701624116,3.797377156275272
62.808835305532746,274.2137479452193,-353.1753759839752,-469.7353197533891,174.30950631947414,-202.84552905253804,186.10580146330494,80.03543013086208,-86.0770263358186,162.95989096742923,-48.695978055954185,164.21768126866382,379.986804925114,-19.556339161845553,123.97918605088738,-169.54628841457645,612.8466968759587,166.28527406220923,98.40629599041816,465.8933906780177,233.39339332021493,-240.53837492981202,-55.277928670315156,117.60039257798933,-257.4675530855538,302.88717969084706,-433.837522631565,-220.21316393416237,62.94836344801462,-42.1411361384771,187.92838199469477,-489.1084146090091,-84.64579989205293,-175.31657144443744,-309.71444230468796,22.067277613190758,-6.491955991094961,-125.94655122231983,161.02487285632196,-85.89157412696564,46.42414776087363,94.88653999336923,-145.41444121461495,-13.763051091121188
16.934204079987584,74.52012313350957,-96.3495534217852,-127.54832367142845,47.12010885046202,-55.22351394200225,50.172525092633634,21.053313900539962,-23.518693065631286,44.67195855545736,-12.85009132800425,44.697516726121044,103.42179519387567,-5.128056185597935,33.780235762478995,-45.907129759606,166.28527406220923,45.53885346169288,27.26533801572738,126.42184888886781,62.9716207743811,-65.1978862162193,-15.303816980121335,31.734132740897252,-70.34367594520245,81.7662345652352,-117.76359596801447,-60.03398311165208,17.53860571877304,-11.913712895650317,51.44066049973928,-133.25036017435588,-23.229099580718195,-47.49902736359937,-84.10561390508482,5.987361276443774,-1.666510134682433,-34.838437459310974,43.64001569471873,-23.057769112263703,12.32216410768988,26.11559159412032,-38.84716347138223,-3.7703554413634843
9.946251048998459,44.19057644161041,-57.41241226815772,-75.54979544417485,27.74860814754067,-32.82840997876359,29.448081213937794,11.95258155319288,-14.042815069816378,26.7784582078773,-7.3239425544256855,26.558564736580493,61.442213069892844,-2.900860761929577,20.097777229916048,-27.097077339628004,98.40629599041816,27.26533801572738,16.57322548726368,74.8215080505612,36.99486130878016,-38.53428646228386,-9.289534867469236,18.64633897218897,-41.99523248298875,48.06978743578508,-69.724410840021,-35.747231330924016,10.73252033590219,-7.41328125886707,30.78171682783102,-79.26798382117856,-13.93709642983745,-28.05673845848931,-49.82355749875432,3.542090903554796,-0.9126614568961118,-21.131701817442764,25.789088455663936,-13.454426159924498,7.079198890921072,15.735784411403833,-22.52797096865601,-2.2500988281023986
47.74500010671724,208.46627540423094,-268.50591419638926,-357.1031866270333,132.50998200555586,-154.20601744415006,141.4758225883514,60.830775785515975,-65.43976724824684,123.89539686721847,-37.01209633437354,124.84352915522194,288.8808941473799,-14.864468569732365,94.25316459119539,-128.8875091948204,465.8933906780177,126.42184888886781,74.8215080505612,354.1828649766326,177.42256630857747,-182.85572866762658,-42.02836235816332,89.3978166396363,-195.7391214883413,230.25134597009358,-329.8127735842071,-167.41793744314134,47.862793602701444,-32.046286409550945,142.8757734314642,-371.84316700779357,-64.35516684906011,-133.2767123021444,-235.451903978527,16.77552822960945,-4.930775856839982,-95.75868810929992,122.41296755580214,-65.29053539077873,35.288405382578645,72.14436373654648,-110.53715512026906,-10.46713856900824
24.009986141011492,104.33165586530713,-134.06243055289625,-178.81329319258347,66.53426603096585,-77.09000168841622,71.15025073278487,31.042963275054394,-32.64336056976453,61.676348168137594,-18.854259378137208,62.42199682616391,144.44371125575714,-7.598351664612674,47.09409592803086,-64.64811493913325,233.39339332021493,62.9716207743811,36.99486130878016,177.42256630857747,89.19186017153199,-91.66187923547076,-20.791575395202653,44.93270157463558,-97.64014911550007,115.70639234987715,-165.18201676158733,-83.6265121700529,23.581950839193023,-15.644118250257103,71.19208642577829,-185.81485720399277,-32.01711440272009,-66.82344722447034,-117.89218358773185,8.402828010545496,-2.552694212511926,-47.397721709626495,61.37087313693296,-32.92118291944647,17.916461129198613,35.8240395815045,-55.89638602463448,-5.214285956984433
-24.670421928640284,-107.6065986569643,138.53137431821716,184.35114740651161,-68.44245303823874,79.58863765318786,-73.09579827065754,-31.518680775367272,33.75898607380078,-63.88647740788104,19.17015331563607,-64.43198265750983,-149.0888553599759,7.703601031861385,-48.6385287796539,66.56226319979787,-240.53837492981202,-65.1978862162193,-38.53428646228386,-182.85572866762658,-91.66187923547076,94.42281953939096,21.648011378019785,-46.18480767051886,100.97734267661555,-118.94710733948723,170.26835763879498,86.38567807317901,-24.634322106960926,16.463451241909485,-73.68830733799875,191.882579286014,33.17983712044475,68.82123799556145,121.54862626880151,-8.661222944826443,2.5645490193388962,49.32834856208645,-63.209486671888925,33.75124258768004,-18.263679050498748,-37.181440893774905,57.16926842551838,5.393216898245441
-5.588144213178175,-24.818224775686474,32.2335263333131,42.435967309799764,-15.59328981900108,18.433941158885318,-16.550398263933026,-6.734866145798481,7.883365413041302,-15.029599462208699,4.126754086440425,-14.914022332538728,-34.504678056688704,1.6343785483724944,-11.285470721255377,15.223552919629352,-55.277928670315156,-15.303816980121335,-9.289534867469236,-42.02836235816332,-20.791575395202653,21.648011378019785,5.20920696157305,-10.479627376497312,23.576177863065183,-27.01500283941436,39.16563523705609,20.069108287445236,-6.013488424036409,4.149931639929372,-17.27762407341135,44.508691369992306,7.823612913858545,15.761955862302829,27.98576157677799,-1.9898482729141538,0.5165809176909261,11.847161295262664,-14.486715615416633,7.566352886790893,-3.9859535817530762,-8.82761623683569,12.671637205236612,1.264706363417216
12.096346680062332,52.57156937907849,-67.55414909638829,-90.10085306996552,33.52290635002003,-38.84559574687933,35.84811981621227,15.637460083016219,-16.448064223384396,31.07994376431194,-9.497030412018143,31.453323673070095,72.78402908764976,-3.8279692441760873,23.733224591187195,-32.57588168384392,117.60039257798933,31.734132740897252,18.64633897218897,89.3978166396363,44.93270157463558,-46.18480767051886,-10.479627376497312,22.642225290177755,-49.20384232322037,58.29688032815053,-83.22973661717603,-42.13693263722075,11.886134216069136,-7.884236702401163,35.872189591963966,-93.62975857692382,-16.133582902020333,-33.67308051741513,-59.402952430926405,4.236438213565134,-1.2849983529131705,-23.887997071185552,30.91838410729252,-16.585838410069208,9.02288663889067,18.052568280553835,-28.159606784434516,-2.627789336325816
-26.26356616401935,-115.33534009405184,148.97437815917348,197.45089491072002,-73.02604145861234,85.43507532622662,-77.81131778512908,-32.85787127730993,36.35114716294719,-68.98747439369942,20.03837326002456,-69.15186715684162,-160.0058061473493,8.009545157488574,-52.24847047493335,71.11907581218455,-257.4675530855538,-70.34367594520245,-41.99523248298875,-195.7391214883413,-97.64014911550007,100.97734267661555,23.576177863065183,-49.20384232322037,108.72701544805601,-126.76472887019068,182.31750513768225,92.84158162714705,-26.976702252123772,18.257970960968418,-79.47000651567225,206.1036882635258,35.862414326738254,73.57314945459943,130.19626751305495,-9.270513799259664,2.6185868626952824,53.68225610698926,-67.58952554756341,35.798451623315486,-19.185095998460472,-40.28932439868117,60.38661008984914,5.820982007750094
31.146788363400802,135.40980288750708,-174.03337430776642,-232.0661850798743,86.32706771990163,-100.063583741876,92.30275275965204,40.21915650018532,-42.37863340001714,80.0870930424909,-24.4308381953153,81.02227757091805,187.48546428174825,-9.843855999286236,61.13429701493001,-83.88961774185354,302.88717969084706,81.7662345652352,48.06978743578508,230.25134597009358,115.70639234987715,-118.94710733948723,-27.01500283941436,58.29688032815053,-126.76472887019068,150.1148172951131,-214.36954779609871,-108.55266041055566,30.650561642215354,-20.348674574321308,92.43256909442336,-241.19596864980946,-41.57627001312038,-86.71612869096941,-153.00227104779034,10.90711703509672,-3.3022733379629186,-61.578557484903946,79.63422300764702,-42.69789898553395,23.220569261864753,46.52767109306165,-72.47712576861682,-6.77080944372079
-44.448089182528314,-194.13214970237357,250.07909723166333,332.54104847702666,-123.37659017240942,143.61257479910083,-131.70921776206592,-56.5827053074953,60.95306138250698,-115.41474829199137,34.432456901280055,-116.26672333709276,-269.0343454553656,13.824121366692747,-87.78099474134083,120.00954465707241,-433.837522631565,-117.76359596801447,-69.724410840021,-329.8127735842071,-165.18201676158733,170.26835763879498,39.16563523705609,-83.22973661717603,182.31750513768225,-214.36954779609871,307.125090526126,155.92336179551668,-44.61192447043269,29.887300231621925,-133.0885836019369,346.30729634304436,59.9542105786643,124.09877867105125,219.25832478091667,-15.6209729365537,4.583633709420789,89.23069092423972,-113.98522528640657,60.77560940812322,-32.83551285473133,-67.21498912166939,102.87225797842123,9.751352627782012
-22.500029360207904,-98.61441083207963,127.26282215333364,168.85240269874814,-62.513534914333086,73.01528959594206,-66.65599369004543,-28.307216519715773,31.041048070121313,-58.86410482000079,17.248881559287472,-59.10357327418927,-136.75639348440552,6.906823345504438,-44.64265077959808,60.857184078205975,-220.21316393416237,-60.03398311165208,-35.747231330924016,-167.41793744314134,-83.6265121700529,86.38567807317901,20.069108287445236,-42.13693263722075,92.84158162714705,-108.55266041055566,155.92336179551668,79.32783975447512,-22.933157046255836,15.468847357097184,-67.83406231836355,176.121722958703,30.589259641447153,62.94813905320416,111.33613975210642,-7.927690001222966,2.266285861875581,45.71301022505302,-57.83020181199449,30.69374139843701,-16.49466989026851,-34.34863512947077,51.841690529617246,4.9670086499784
6.33781706930814,28.29387376724988,-36.84594130322364,-48.34885898958935,17.707726756727713,-21.043814758429914,18.760314503124878,7.489895088267857,-9.02108870305556,17.23577570635175,-4.599744088999044,17.021242852590877,39.37699985005614,-1.8126088087546959,12.888249619456092,-17.31093264707146,62.94836344801462,17.53860571877304,10.73252033590219,47.862793602701444,23.581950839193023,-24.634322106960926,-6.013488424036409,11.886134216069136,-26.976702252123772,30.650561642215354,-44.61192447043269,-22.933157046255836,6.973621111414656,-4.85570957100685,19.79611477470146,-50.83071829664578,-8.976776387444243,-17.930713444688635,-31.886715338156275,2.2656548628929665,-0.5629845119720217,-13.674397759464396,16.48507303991302,-8.548821996631972,4.46380804646177,10.152156513616719,-14.266779042114184,-1.4470347437107212
-4.197635062985676,-18.98833496117542,24.881034848391845,32.406326939434024,-11.78287880096985,14.161815356207198,-12.425077137624324,-4.742417814591078,6.106465857141937,-11.726562304826256,2.9318402611538046,-11.452272318451417,-26.492768480734156,1.138918444012786,-8.684248835786834,11.547788439429613,-42.1411361384771,-11.913712895650317,-7.41328125886707,-32.046286409550945,-15.644118250257103,16.463451241909485,4.149931639929372,-7.884236702401163,18.257970960968418,-20.348674574321308,29.887300231621925,15.468847357097184,-4.85570957100685,3.4493400329549733,-13.439053665925806,34.24987496688291,6.119783732326062,11.973939396606646,21.37589533803854,-1.5159325514264597,0.3391546687276623,9.42521150764166,-11.016513312944397,5.622529922873747,-2.8779682569917284,-6.9484521514891,9.300844701762243,0.9854065571903515
19.146107904796587,84.2121902384179,-108.85997050642435,-144.14306093794852,53.2624421045245,-62.40115223633469,56.72081803003355,23.82995854234104,-26.571351960171715,50.460022876264226,-14.54259963634175,50.50756890618987,116.86364346162608,-5.804655256591126,38.16668139639837,-51.886683701916844,187.92838199469477,51.44066049973928,30.78171682783102,142.8757734314642,71.19208642577829,-73.68830733799875,-17.27762407341135,35.872189591963966,-79.47000651567225,92.43256909442336,-133.0885836019369,-67.83406231836355,19.79611477470146,-13.439053665925806,58.112741626044745,-150.56383541136714,-26.237324534216448,-53.68334737378197,-95.04794846597034,6.765067864721435,-1.889591997549363,-39.33664827082965,49.326348347358305,-26.07286084361923,13.942619874412964,29.494492734781367,-43.9377460762651,-4.257934616814463
-49.99159829798739,-219.00210816553758,282.54364932781783,375.01361613828755,-138.8886339661946,162.12747552483273,-148.11675779682193,-63.021256988775434,68.90780534059145,-130.64329485034662,38.39491207291317,-131.24168110354188,-303.6765925576671,15.38002139306759,-99.12645092214086,135.18868190654146,-489.1084146090091,-133.25036017435588,-79.26798382117856,-371.84316700779357,-185.81485720399277,191.882579286014,44.508691369992306,-93.62975857692382,206.1036882635258,-241.19596864980946,346.30729634304436,176.121722958703,-50.83071829664578,34.24987496688291,-150.56383541136714,391.05529755439494,67.88894752614362,139.828414111271,247.2712168691547,-17.609677840857994,5.055875555408456,101.37668874378882,-128.45054195978028,68.22946174705805,-36.69822357278222,-76.20750065151256,115.27578924240301,11.029581040077526
-8.604886794016922,-37.945114868273464,49.104890078954675,64.93877482229756,-23.967772754471987,28.12815493068403,-25.501986617952674,-10.643896958627247,11.9903667577934,-22.793099460230216,6.503448598617993,-22.767992990830567,-52.6832912006594,2.5891199783987133,-17.21036698989823,23.355568311106435,-84.64579989205293,-23.229099580718195,-13.93709642983745,-64.35516684906011,-32.01711440272009,33.17983712044475,7.823612913858545,-16.133582902020333,35.862414326738254,-41.57627001312038,59.9542105786643,30.589259641447153,-8.976776387444243,6.119783732326062,-26.237324534216448,67.88894752614362,11.85881990404737,24.17011480739908,42.82205575447711,-3.047323664084181,0.8390452697113495,17.803598911445857,-22.208613369456394,11.71137270399723,-6.2448189234417475,-13.335525110205364,19.705805877162902,1.9273601529898248
-17.98564855308416,-78.42529466220041,100.94591799634816,134.36245278535156,-49.893681634724686,57.99649492139384,-53.293893134724286,-23.007943127154668,24.595541262924872,-46.540819684504164,13.991234417401449,-46.95385739437021,-108.64982702070853,5.624473362084418,-35.44430059298273,48.51932850367798,-175.31657144443744,-47.49902736359937,-28.05673845848931,-133.2767123021444,-66.82344722447034,68.82123799556145,15.761955862302829,-33.67308051741513,73.57314945459943,-86.71612869096941,124.09877867105125,62.94813905320416,-17.930713444688635,11.973939396606646,-53.68334737378197,139.828414111271,24.17011480739908,50.16709411715817,88.58803728377433,-6.31433998191289,1.8728964804457706,35.91805176017798,-46.07083375865045,24.61236744160587,-13.325361908863607,-27.081556019890005,41.701505879864335,3.9317735427422753
-31.722706394074972,-138.59938837021588,178.57254574976602,237.40684435666378,-88.06296233081389,102.54061923041435,-93.99955760210274,-40.33895220282193,43.527584163660656,-82.43137609693024,24.55065689354306,-83.0138237211614,-192.0882511101667,9.854185357937409,-62.678461976672004,85.66679138126229,-309.71444230468796,-84.10561390508482,-49.82355749875432,-235.451903978527,-117.89218358773185,121.54862626880151,27.98576157677799,-59.402952430926405,130.19626751305495,-153.00227104779034,219.25832478091667,111.33613975210642,-31.886715338156275,21.37589533803854,-95.04794846597034,247.2712168691547,42.82205575447711,88.58803728377433,156.53301201312524,-11.151941953269159,3.2644350082640394,63.75726297625632,-81.3688345564811,43.366644120273975,-23.41751382442471,-48.014525973790406,73.38904690134545,6.963399068230994
2.2615545648194257,9.8739866410578,-12.715742044870755,-16.91476000533454,6.276624641868772,-7.303569322548533,6.7014223847091134,2.8839474423197644,-3.098337708184768,5.866425894224744,-1.7541536407996454,5.912730914518122,13.682025386812198,-0.7043797483470553,4.464879312396603,-6.106269128914054,22.067277613190758,5.987361276443774,3.542090903554796,16.77552822960945,8.402828010545496,-8.661222944826443,-1.9898482729141538,4.236438213565134,-9.270513799259664,10.90711703509672,-15.6209729365537,-7.927690001222966,2.2656548628929665,-1.5159325514264597,6.765067864721435,-17.609677840857994,-3.047323664084181,-6.31433998191289,-11.151941953269159,0.7960456194544423,-0.2342646405954213,-4.533775496834382,5.796681341080015,-3.093332705761015,1.671306196801313,3.415148751890311,-5.237057310837628,-0.49592355393533666
-0.6891493091925911,-2.876336509543188,3.6203454991803716,4.954182491915741,-1.885580798623933,2.107367485833151,-2.0423021340953826,-0.9976455561993671,0.8748923982327548,-1.6229213168416519,0.5983629271328772,-1.7076305488669,-3.951953098116085,0.24576314381774553,-1.281448055387818,1.8180460768116777,-6.491955991094961,-1.666510134682433,-0.9126614568961118,-4.930775856839982,-2.552694212511926,2.5645490193388962,0.5165809176909261,-1.2849983529131705,2.6185868626952824,-3.3022733379629186,4.583633709420789,2.266285861875581,-0.5629845119720217,0.3391546687276623,-1.889591997549363,5.055875555408456,0.8390452697113495,1.8728964804457706,3.2644350082640394,-0.2342646405954213,0.09267563528502622,1.1831819691462917,-1.7166636614212336,0.9665058427946623,-0.5537709053710768,-0.9201657528196608,1.6752480144660091,0.137701787723577
-12.744569680925013,-56.540406884345344,73.40763183428867,96.68062280609738,-35.53689682409234,41.990659243191324,-37.73130967336228,-15.387196791315851,17.95044479237574,-34.210723873255084,9.423090195290397,-33.9717767903065,-78.59384718149208,3.734677146749952,-25.702018679343606,34.69346362856747,-125.94655122231983,-34.838437459310974,-21.131701817442764,-95.75868810929992,-47.397721709626495,49.32834856208645,11.847161295262664,-23.887997071185552,53.68225610698926,-61.578557484903946,89.23069092423972,45.71301022505302,-13.674397759464396,9.42521150764166,-39.33664827082965,101.37668874378882,17.803598911445857,35.91805176017798,63.75726297625632,-4.533775496834382,1.1831819691462917,26.955967400195625,-33.01391789829012,17.254174242379158,-9.097776083177786,-20.08908269161398,28.913339495221408,2.875413094648437
16.517498917432345,72.03582829884918,-92.73510047950357,-123.41087586719206,45.82083126472339,-53.274991920123654,48.93837785344059,21.107861734321535,-22.597864576208952,42.762907854237994,-12.837683141378077,43.132044706425376,99.80293431013298,-5.159434884406825,32.55635052644312,-44.55853255181966,161.02487285632196,43.64001569471873,25.789088455663936,122.41296755580214,61.37087313693296,-63.209486671888925,-14.486715615416633,30.91838410729252,-67.58952554756341,79.63422300764702,-113.98522528640657,-57.83020181199449,16.48507303991302,-11.016513312944397,49.326348347358305,-128.45054195978028,-22.208613369456394,-46.07083375865045,-81.3688345564811,5.796681341080015,-1.7166636614212336,-33.01391789829012,42.31918045456134,-22.59719949894633,12.232040684960085,24.888021468778685,-38.28157500115973,-3.611137562282976
-8.86400734980772,-38.36191121831486,49.19041080033975,65.78006651120914,-24.53518279424906,28.317013120453105,-26.274111360392112,-11.610846798679125,11.966956875088153,-22.570929165538637,7.041527899178775,-22.932354696111027,-53.06860034967166,2.8460034711000164,-17.29287384569273,23.81827542012865,-85.89157412696564,-23.057769112263703,-13.454426159924498,-65.29053539077873,-32.92118291944647,33.75124258768004,7.566352886790893,-16.585838410069208,35.798451623315486,-42.69789898553395,60.77560940812322,30.69374139843701,-8.548821996631972,5.622529922873747,-26.07286084361923,68.22946174705805,11.71137270399723,24.61236744160587,43.366644120273975,-3.093332705761015,0.9665058427946623,17.254174242379158,-22.59719949894633,12.185475206376694,-6.67048851577197,-13.079554279981506,20.740169048740917,1.9108301509861185
4.825098298367453,20.695818502761153,-26.414911601361386,-35.52390279674998,13.322588286159426,-15.239192555313407,14.310704040035226,6.500102054429744,-6.41331925345385,12.048115885854457,-3.9300859384593343,12.348004856140381,28.57834198192823,-1.598518639070715,9.298576296941803,-12.903999291118021,46.42414776087363,12.32216410768988,7.079198890921072,35.288405382578645,17.916461129198613,-18.263679050498748,-3.9859535817530762,9.02288663889067,-19.185095998460472,23.220569261864753,-32.83551285473133,-16.49466989026851,4.46380804646177,-2.8779682569917284,13.942619874412964,-36.69822357278222,-6.2448189234417475,-13.325361908863607,-23.41751382442471,1.671306196801313,-0.5537709053710768,-9.097776083177786,12.232040684960085,-6.67048851577197,3.700950658194885,6.946219734810687,-11.416647273392053,-1.0244885809313025
9.630877522917523,42.56086759035051,-55.144780260248936,-72.8112726155635,26.832674950892326,-31.569730458223717,28.530417707294895,11.805607436533315,-13.47166547935813,25.633234505483827,-7.218428095903344,25.549238827395417,59.114951458968804,-2.871223368158219,19.31865749355643,-26.164786108553447,94.88653999336923,26.11559159412032,15.735784411403833,72.14436373654648,35.8240395815045,-37.181440893774905,-8.82761623683569,18.052568280553835,-40.28932439868117,46.52767109306165,-67.21498912166939,-34.34863512947077,10.152156513616719,-6.9484521514891,29.494492734781367,-76.20750065151256,-13.335525110205364,-27.081556019890005,-48.014525973790406,3.415148751890311,-0.9201657528196608,-20.08908269161398,24.888021468778685,-13.079554279981506,6.946219734810687,15.019793612161143,-21.979137625627125,-2.1623477208451494
-15.057318147653705,-64.89851604874036,83.05001265437609,111.32509069274651,-41.618141573541955,47.85641853081065,-44.632663148533034,-19.956669531328636,20.185930954405997,-38.00675056554796,12.08344171928968,-38.76215557917319,-89.7033476332688,4.90136659661113,-29.213747929746532,40.36794701624116,-145.41444121461495,-38.84716347138223,-22.52797096865601,-110.53715512026906,-55.89638602463448,57.16926842551838,12.671637205236612,-28.159606784434516,60.38661008984914,-72.47712576861682,102.87225797842123,51.841690529617246,-14.266779042114184,9.300844701762243,-43.9377460762651,115.27578924240301,19.705805877162902,41.701505879864335,73.38904690134545,-5.237057310837628,1.6752480144660091,28.913339495221408,-38.28157500115973,20.740169048740917,-11.416647273392053,-21.979137625627125,35.39311765267154,3.2189122370112915
-1.3975870204991405,-6.168735195805245,7.978707719801253,10.560130300036834,-3.9032011947689527,4.564119905238475,-4.153793902308884,-1.7465576650488788,1.9455114227204022,-3.699485740536689,1.0677861916757994,-3.6988809302585652,-8.56352283767546,0.42489400100964597,-2.7955288028358845,3.797377156275272,-13.763051091121188,-3.7703554413634843,-2.2500988281023986,-10.46713856900824,-5.214285956984433,5.393216898245441,1.264706363417216,-2.627789336325816,5.820982007750094,-6.77080944372079,9.751352627782012,4.9670086499784,-1.4470347437107212,0.9854065571903515,-4.257934616814463,11.029581040077526,1.9273601529898248,3.9317735427422753,6.963399068230994,-0.49592355393533666,0.137701787723577,2.875413094648437,-3.611137562282976,1.9108301509861185,-1.0244885809313025,-2.1623477208451494,3.2189122370112915,0.31903379601571646
