V1,V2,V3,V4,V5,V6,V7,V8,V9,V10,V11,V12,V13,V14,V15,V16,V17,V18,V19,V20,V21,V22,V23,V24,V25,V26,V27,V28,V29,V30,V31,V32,V33,V34,V35,V36,V37,V38,V39,V40,V41,V42,V43,V44
0.9641086092501283,1.9947303063761403,-1.8840810013411589,-2.882082007914454,0.6404745558096616,-1.2605198384981835,1.098291061204815,0.4088622905902673,-0.07130581085505623,0.5296394540343125,1.0890489587190444,0.8316284163079877,3.6600173589818854,0.46961425606893537,1.2926363263981033,-0.3400070208851979,3.0897927963893066,0.4859001598200229,0.28406186273183165,2.749941928874177,2.0309327951960228,-1.5843897602810724,-0.11330294300617962,1.1342681989641943,-2.301393339676276,2.550757358246095,-2.4412038063258197,-1.9244966523970624,0.06894210663719658,0.051706820160483564,1.1057327688684955,-2.8194599175451334,-1.756788434571695,-1.1746974020001073,-2.2262144886283686,0.7360923670964106,-0.3615592564868101,-0.8304943018999035,1.5062009855253033,-0.9786885620167285,0.8623619290086004,0.7667881809468238,-0.6578922867389816,0.5492483243865608
1.9947303063761403,7.641233522902116,-9.49902162706652,-12.827579138124467,4.549632319408098,-5.5422670815084984,5.0574132392554665,2.146504524849027,-2.1249929745492304,4.21561239506491,-0.6456143750485832,4.403653882586502,11.019186055915908,-0.2427657868530389,3.643773670980677,-4.286001675646291,16.40145430598559,4.283743558514185,2.52956819352914,12.662067243546243,6.670234445841608,-6.624398736109131,-1.3987508575224106,3.4136891678733194,-7.380962228662483,8.60050482103085,-11.733862053712576,-6.287249823608038,1.5597631997617376,-0.9933978562034202,5.109436533650114,-13.252546129417796,-2.9127839649754796,-4.829995710538831,-8.608953697144603,0.8899381762582806,-0.3322500800165805,-3.4709289656518076,4.65111229482266,-2.567145901827264,1.5465911674775044,2.673504978514944,-3.8583019114759707,-0.06877571552756147
-1.8840810013411589,-9.49902162706652,12.635433680551277,16.580019227960953,-6.402676358153507,7.153410537146652,-6.597745854656755,-2.8723489994818703,3.3048470984074245,-6.027073434690533,2.527393835838914,-5.894444107448773,-12.64782886151825,1.0351106268066952,-4.069280421861089,6.391721139880088,-22.024112928910952,-6.176259826653164,-3.6592910132129015,-16.513351662725256,-7.889699037574818,8.425488822386667,2.0821071053690634,-3.911110210361068,8.671342428702891,-10.298802646197883,15.445761965671473,7.44495161876906,-2.4071602329342427,1.670060454997811,-6.660272004194932,17.380121050954624,2.2731216668750136,6.134295425627638,10.749426129190464,-0.43515301930947786,0.044248829936370956,4.4083881401581815,-5.383715830460524,2.7701207615007473,-1.3075723835098425,-3.2480780600526122,5.2679188927236185,0.851009813205001
-2.882082007914454,-12.827579138124467,16.580019227960953,22.03534143117684,-8.217144001773224,9.50527004421753,-8.728999786290581,-3.768444746195219,4.078653251142127,-7.682212080330581,2.420074670280435,-7.728254468223552,-17.6732005118969,0.9711830313872333,-5.755783911536696,8.023623948808599,-28.80683198417672,-7.858360772454628,-4.641648414651435,-21.85244780204491,-10.891154361744707,11.27661490475108,2.6129013489628865,-5.4765403836459905,11.996036996340946,-14.117309878047452,20.36161473514533,10.259023170263278,-2.979055636523999,1.9991778980392074,-8.817261162158893,22.931637908098352,3.835000139072427,8.207674170924273,14.478821620739286,-0.9630922085262664,0.2694237232458125,5.906916273892024,-7.499079856998783,3.984846781581456,-2.1107964250473272,-4.415540060487342,6.851283610403718,0.7157792965392944
0.6404745558096616,4.549632319408098,-6.402676358153507,-8.217144001773224,3.393104294610831,-3.536042098651948,3.2935263232272236,1.4692396234364642,-1.8687398098122066,3.2234508392619547,-1.9574256460956379,3.011270740899892,5.593595785675975,-0.8132480608300784,1.7468740110514993,-3.5224691845831426,11.25576528370908,3.330491855102105,1.973520776588722,8.239390799176835,3.6100461126114336,-4.1215425620073685,-1.1452334473986319,1.7309113252766635,-3.9290098060461367,4.756561040393396,-7.767287963498247,-3.3972255909477846,1.350567564638927,-0.9812278936087495,3.3233276150690356,-8.703196113219018,-0.4985202560239638,-2.9890634427350546,-5.162213001326121,-0.08899349858440897,0.14169956866107505,-2.1512925578932736,2.406583952239874,-1.145142846689221,0.3574526338537457,1.5139288976652507,-2.7332319317540694,-0.7429906277013492
-1.2605198384981835,-5.5422670815084984,7.153410537146652,9.50527004421753,-3.536042098651948,4.105710693804173,-3.768523229588695,-1.6218902990365331,1.7510599430838965,-3.3073042552021046,1.0151616245644146,-3.32471019839429,-7.66406562532541,0.4085225264285406,-2.4984931831253827,3.4452177436838354,-12.416042280222467,-3.3738494526733214,-1.9967459259701443,-9.432081603698675,-4.710045506589229,4.864388628659282,1.1225079600046572,-2.3715890670802806,5.1958039555214635,-6.118053240778372,8.784403122422857,4.446180484743338,-1.2804848474974795,0.8595842954996986,-3.8025511690634795,9.904026265052403,1.688840019910331,3.5474525747091374,6.262573009132245,-0.43628109360116846,0.12560116485644077,2.5455722380535013,-3.2477392251052657,1.729502575409636,-0.9289193883848275,-1.9177970364700803,2.947481508262882,0.29041237684865445
1.098291061204815,5.0574132392554665,-6.597745854656755,-8.728999786290581,3.2935263232272236,-3.768523229588695,3.468217294919537,1.5012417201078412,-1.6554734416393844,3.084611641997158,-1.0793547815893538,3.070326879319012,6.899625036803986,-0.4383068737859666,2.2390338079257153,-3.2378890705270917,11.473373830563514,3.151765538975674,1.864743517022251,8.674679773051935,4.2652124114908085,-4.456471195917585,-1.0530506797215442,2.135329148415308,-4.694634090811138,5.550873273069744,-8.091392276118249,-4.022901589046177,1.2068220359570438,-0.8199093378794233,3.494970930293101,-9.114169006351762,-1.4210881519950462,-3.248300063608392,-5.718670409138054,0.33862919610747805,-0.08267660071055255,-2.3277273311644966,2.9291892346145874,-1.542540513859778,0.795249683354644,1.7412397672998619,-2.7345765141815668,-0.33214009683198914
0.4088622905902673,2.146504524849027,-2.8723489994818703,-3.768444746195219,1.4692396234364642,-1.6218902990365331,1.5012417201078412,0.6622995866599477,-0.762634739087085,1.3792356092749503,-0.6199254278743107,1.3468792770692197,2.825072413810961,-0.25321582472396026,0.9053019479466919,-1.4753329966823425,5.025425085411536,1.4189387290228102,0.8359889221680219,3.7530459168851493,1.7773128831671083,-1.913296079886032,-0.47738039953050426,0.8783664851640647,-1.9418622000674728,2.314941768418748,-3.5137619385295054,-1.6681695688136458,0.5528438614062118,-0.38376784336619735,1.5111722596971455,-3.9436581509725257,-0.4726681718975271,-1.390256338435938,-2.4274604537045184,0.0768996371197819,3.324942975588315e-4,-0.9969058272342639,1.2066473056794709,-0.6170751205541478,0.27796211649223057,0.7244769182309553,-1.2110059909623438,-0.21530498464268347
-0.07130581085505623,-2.1249929745492304,3.3048470984074245,4.078653251142127,-1.8687398098122066,1.7510599430838965,-1.6554734416393844,-0.762634739087085,1.1257150103999731,-1.8048397769643962,1.5701350482946468,-1.5671719109412063,-2.210899829244214,0.658625400015719,-0.6398312886035606,2.0503082988712706,-5.878040031259625,-1.8809563488016077,-1.1184091468309894,-4.140636958585484,-1.5326721560473817,1.9977288140159708,0.6661172627669231,-0.6807300364222753,1.6429487877737698,-2.069237484804349,3.953911032155503,1.4443320807537998,-0.808980375387751,0.623856868865644,-1.6704635521631002,4.4073456953487735,-0.28164132449998225,1.4441354995623195,2.4272951318181097,0.2989634203872285,-0.20717759237035013,1.0421088316765177,-0.9722127680484476,0.37408533651498865,0.06850303363316862,-0.6777436439871286,1.4554662201191206,0.639184547565985
0.5296394540343125,4.21561239506491,-6.027073434690533,-7.682212080330581,3.2234508392619547,-3.3073042552021046,3.084611641997158,1.3792356092749503,-1.8048397769643962,3.0757503893312914,-2.0002908135189537,2.8340667134732387,5.072867369644392,-0.8328275932937818,1.5700200342490083,-3.379013358868045,10.607686593277553,3.178492455750945,1.8877024797214943,7.719974988096225,3.297619273784799,-3.838017699781525,-1.0999679172307468,1.5662976715811403,-3.589276604549398,4.365120335258145,-7.291530824125132,-3.1113587969015883,1.3062137844497508,-0.961278897064353,3.1145892619011937,-8.16981823429434,-0.31847250070783933,-2.7853858315594526,-4.791207545933624,-0.15291229938433448,0.17058528118922703,-2.0060220999563043,2.186019931156981,-1.0136265268724596,0.2642354835011102,1.3992868955075346,-2.579525469238433,-0.7704338096269463
1.0890489587190444,-0.6456143750485832,2.527393835838914,2.420074670280435,-1.9574256460956379,1.0151616245644146,-1.0793547815893538,-0.6199254278743107,1.5701350482946468,-2.0002908135189537,3.6798373014139023,-1.2644497963886288,1.2926298077107896,1.560103518949438,0.6655310538796183,2.6002178807763987,-4.820686411387718,-2.156185804690716,-1.2887653642382026,-2.6868319151030424,0.2726810800332121,0.9669863001634862,0.8369925142856002,0.4074201063476323,-0.44536102086126333,0.1108800642782563,2.7919358481665464,-0.26171025968096534,-1.10684620930697,0.9860341994052312,-1.0783283978885219,2.997208561114691,-2.5989287514973203,0.6747616880437719,0.8141540145098296,1.3474952879647917,-0.7508458048061555,0.4905024502966655,0.44338314081986685,-0.6650683291735101,1.1675691954713245,-0.050638316730380224,1.3281947262605254,1.621362257054326
0.8316284163079877,4.403653882586502,-5.894444107448773,-7.728254468223552,3.011270740899892,-3.32471019839429,3.070326879319012,1.3468792770692197,-1.5671719109412063,2.8340667134732387,-1.2644497963886288,2.769329592521311,5.788446832408581,-0.5164121577795313,1.8555450106536784,-3.024571171645879,10.301223063804917,2.922502483972527,1.7250258673281897,7.689834550296646,3.640538322798118,-3.9243239574380753,-0.9853174048133783,1.7960919856555175,-3.985798940919228,4.730970511567693,-7.2028338252876045,-3.4180638467462945,1.1386698419646686,-0.7911369013001187,3.1079820353906533,-8.08455145230623,-0.9664089645564419,-2.8429054310986888,-4.9715572962190375,0.14968930933214242,0.005689736695241392,-2.05814071421356,2.4728744794799162,-1.260090862124663,0.5610962907525529,1.4855357039760164,-2.474743093157969,-0.4460166961075718
3.6600173589818854,11.019186055915908,-12.64782886151825,-17.6732005118969,5.593595785675975,-7.66406562532541,6.899625036803986,2.825072413810961,-2.210899829244214,5.072867369644392,1.2926298077107896,5.788446832408581,17.277386258318995,0.5920956177943825,5.858985926533234,-4.803112045049364,21.54605811787291,5.060351142653389,2.9855082851868224,17.278077470278898,10.129225026014733,-9.295753173316642,-1.5732914371584965,5.352140393507332,-11.307570815092607,12.942778481431738,-15.822517148682394,-9.56916136662043,1.6534557193921433,-0.8851144350568856,6.96672901192831,-17.983821765021077,-5.963471728117515,-6.812790302974466,-12.378658009745537,2.1749629931393515,-0.9643666025131045,-4.87287804278713,7.223304497816073,-4.245920041527206,3.0410620435685285,3.979715037274197,-4.944012738378566,0.9036538549172386
0.46961425606893537,-0.2427657868530389,1.0351106268066952,0.9711830313872333,-0.8132480608300784,0.4085225264285406,-0.4383068737859666,-0.25321582472396026,0.658625400015719,-0.8328275932937818,1.560103518949438,-0.5164121577795313,0.5920956177943825,0.6636003657187306,0.296334813093771,1.0847248015805098,-1.9770552529873204,-0.8958317228909054,-0.537880659003684,-1.0890726337166439,0.1436925843723951,0.3810201376609494,0.35003262059706736,0.18792782492787424,-0.21948068529012288,0.07688488348906224,1.1376074340671807,-0.13576415508565462,-0.4630324875499703,0.414867907463463,-0.43639599846180427,1.2221993386468637,-1.112939395170682,0.26562953682315044,0.3129494280370273,0.573125825052112,-0.3201099734025799,0.19029684512209147,0.20708039191549446,-0.2934633126290319,0.49894771460064957,-0.013737888515443906,0.5463109122332486,0.6861808749224507
1.2926363263981033,3.643773670980677,-4.069280421861089,-5.755783911536696,1.7468740110514993,-2.4984931831253827,2.2390338079257153,0.9053019479466919,-0.6398312886035606,1.5700200342490083,0.6655310538796183,1.8555450106536784,5.858985926533234,0.296334813093771,2.0021315269333284,-1.4408554666039903,6.899025446489828,1.5556755643783406,0.9175701031730578,5.607323988815821,3.4043475084602455,-3.0470151153621976,-0.473335325494997,1.8151764588869699,-3.809130398845361,4.335819612969706,-5.113872744872569,-3.2161101624104727,0.48277759755099725,-0.233768647452204,2.2612990859791338,-5.824480476698758,-2.159083243335495,-2.2346551147225324,-4.088254343611658,0.8130209276053711,-0.36993948142217925,-1.59751500487046,2.443214554095507,-1.4613307592486275,1.091372323330872,1.3274692871735356,-1.5690431395795075,0.4048605947887107
-0.3400070208851979,-4.286001675646291,6.391721139880088,8.023623948808599,-3.5224691845831426,3.4452177436838354,-3.2378890705270917,-1.4753329966823425,2.0503082988712706,-3.379013358868045,2.6002178807763987,-3.024571171645879,-4.803112045049364,1.0847248015805098,-1.4408554666039903,3.788255529280707,-11.322255550788817,-3.5145533115466008,-2.0825502067066606,-8.098907430399533,-3.2254408782637984,3.9700950567789777,1.2286619568827732,-1.484845406278905,3.4792718457488157,-4.298714075473129,7.692342349774713,3.034069092680509,-1.4774840844067545,1.113907685676936,-3.2663628035738927,8.586612242198985,-0.12745429835015795,2.8732176724549925,4.878220503552844,0.38408547494525763,-0.2953380250390581,2.073654610123312,-2.0917035031468982,0.8951075372685436,-0.061325108125946534,-1.3868737584791533,2.784855889139012,1.0391436296506111
3.0897927963893066,16.40145430598559,-22.024112928910952,-28.80683198417672,11.25576528370908,-12.416042280222467,11.473373830563514,5.025425085411536,-5.878040031259625,10.607686593277553,-4.820686411387718,10.301223063804917,21.54605811787291,-1.9770552529873204,6.899025446489828,-11.322255550788817,38.46767538805209,10.896585977126197,6.4481270366685655,28.71346981169265,13.526108380962082,-14.608988213066215,-3.68330209598036,6.670744984354119,-14.831423657921125,17.662539983266093,-26.89429288336539,-12.745082206541966,4.274263942198706,-2.988421219374002,11.580947039116326,-30.225227812461107,-3.555363832382148,-10.623358210533254,-18.560997676606934,0.5608073667113412,0.024517445290420804,-7.641216032745094,9.191232100006372,-4.6746449384901245,2.0869769018982414,5.569568325048969,-9.23457799702494,-1.6801012683197611
0.4859001598200229,4.283743558514185,-6.176259826653164,-7.858360772454628,3.330491855102105,-3.3738494526733214,3.151765538975674,1.4189387290228102,-1.8809563488016077,3.178492455750945,-2.156185804690716,2.922502483972527,5.060351142653389,-0.8958317228909054,1.5556755643783406,-3.5145533115466008,10.896585977126197,3.304426462097414,1.9552032236863173,7.892184393222443,3.3251219456934127,-3.9207441029417875,-1.1436509819470564,1.5669743271650072,-3.6046510699941168,4.3840778266275,-7.465776973825236,-3.1215298450499436,1.358474357915114,-1.0019362922837523,3.1901704310611136,-8.344026051565134,-0.21154534857272894,-2.8319031517707867,-4.856718676291131,-0.2197510010770819,0.2055562274657752,-2.055552814630882,2.1904421450227383,-0.9988441405434317,0.21141903929191733,1.4007752047712851,-2.6607150733996123,-0.8479322742343116
0.28406186273183165,2.52956819352914,-3.6592910132129015,-4.641648414651435,1.973520776588722,-1.9967459259701443,1.864743517022251,0.8359889221680219,-1.1184091468309894,1.8877024797214943,-1.2887653642382026,1.7250258673281897,2.9855082851868224,-0.537880659003684,0.9175701031730578,-2.0825502067066606,6.4481270366685655,1.9552032236863173,1.162750493979916,4.669409742588759,1.957195814280716,-2.3132279823378687,-0.6796901095431573,0.9207321552302334,-2.1266297728730645,2.59412936976073,-4.418501701055176,-1.8449405696437,0.8085623542018365,-0.5997277085125454,1.8870996948597234,-4.946873594210471,-0.11880187011666697,-1.674419708391914,-2.874784472859838,-0.12979727631694402,0.12341580522830263,-1.2109387096512685,1.2902847519911822,-0.5842158356521036,0.12435364623789343,0.8342716726633116,-1.571083858686447,-0.5039726425381436
2.749941928874177,12.662067243546243,-16.513351662725256,-21.85244780204491,8.239390799176835,-9.432081603698675,8.674679773051935,3.7530459168851493,-4.140636958585484,7.719974988096225,-2.6868319151030424,7.689834550296646,17.278077470278898,-1.0890726337166439,5.607323988815821,-8.098907430399533,28.71346981169265,7.892184393222443,4.669409742588759,21.709391206690487,10.679165173761788,-11.156896799189196,-2.636924862717431,5.348536364578193,-11.758236948326365,13.888362063247017,-20.24995935168772,-10.072228652231763,3.0213254684121047,-2.0512837369316723,8.752905412597503,-22.80864019956985,-3.5654434439504685,-8.128761157424513,-14.312025827707938,0.8481951147522286,-0.20656818756729176,-5.835794325462793,7.335364435512744,-3.8622058055227098,1.9889091742342357,4.358045130371585,-6.8392087473582075,-0.8297831777402237
2.0309327951960228,6.670234445841608,-7.889699037574818,-10.891154361744707,3.6100461126114336,-4.710045506589229,4.2652124114908085,1.7773128831671083,-1.5326721560473817,3.297619273784799,0.2726810800332121,3.640538322798118,10.129225026014733,0.1436925843723951,3.4043475084602455,-3.2254408782637984,13.526108380962082,3.3251219456934127,1.957195814280716,10.679165173761788,6.019885034088337,-5.691382781885328,-1.0537307493956989,3.142643862008771,-6.686923607578723,7.700230657275082,-9.827014299773568,-5.66831567228125,1.1333933695311273,-0.6547807051311059,4.309625012486482,-11.129088362192139,-3.196718920463847,-4.1539361782685065,-7.492947523665833,1.1028420167015014,-0.46932950241771426,-2.9826307298553005,4.254203256256694,-2.446019962516946,1.649855599371727,2.3693981993594075,-3.141734490342134,0.31177959650321885
-1.5843897602810724,-6.624398736109131,8.425488822386667,11.27661490475108,-4.1215425620073685,4.864388628659282,-4.456471195917585,-1.913296079886032,1.9977288140159708,-3.838017699781525,0.9669863001634862,-3.9243239574380753,-9.295753173316642,0.3810201376609494,-3.0470151153621976,3.9700950567789777,-14.608988213066215,-3.9207441029417875,-2.3132279823378687,-11.156896799189196,-5.691382781885328,5.7940839824160095,1.293477356806091,-2.882130952558032,6.276435327821999,-7.3513144213762995,10.373883931621206,5.356476072469784,-1.4613124700966833,0.9603700482541555,-4.503452597023399,11.690488281548207,2.198580637090675,4.21573532443366,7.467341243276856,-0.6043541558636819,0.1988052154143876,3.0365766790236868,-3.9378215738758353,2.126362165067081,-1.1892126591007686,-2.289885352130682,3.4625514592259035,0.24572066973603923
-0.11330294300617962,-1.3987508575224106,2.0821071053690634,2.6129013489628865,-1.1452334473986319,1.1225079600046572,-1.0530506797215442,-0.47738039953050426,0.6661172627669231,-1.0999679172307468,0.8369925142856002,-0.9853174048133783,-1.5732914371584965,0.35003262059706736,-0.473335325494997,1.2286619568827732,-3.68330209598036,-1.1436509819470564,-0.6796901095431573,-2.636924862717431,-1.0537307493956989,1.293477356806091,0.400641602513057,-0.48526364057475635,1.1388531512551066,-1.4039514131675874,2.5046414516079003,0.9921024208358465,-0.4804149593745558,0.36202243394672823,-1.0659165365141237,2.798188018792001,-0.03295023203858543,0.9344712528005693,1.591467912079263,0.12176850785712046,-0.0954323449314712,0.6772310299760455,-0.6846619742545637,0.29284149842841145,-0.023207375508988153,-0.45436970239412233,0.9032817273837465,0.33470684294607234
1.1342681989641943,3.4136891678733194,-3.911110210361068,-5.4765403836459905,1.7309113252766635,-2.3715890670802806,2.135329148415308,0.8783664851640647,-0.6807300364222753,1.5662976715811403,0.4074201063476323,1.7960919856555175,5.352140393507332,0.18792782492787424,1.8151764588869699,-1.484845406278905,6.670744984354119,1.5669743271650072,0.9207321552302334,5.348536364578193,3.142643862008771,-2.882130952558032,-0.48526364057475635,1.6621404568048992,-3.50253061311733,4.0057871287501285,-4.897337277164327,-2.9621760069798357,0.50860898107769,-0.2688420804125409,2.1570151608529793,-5.560077321400587,-1.8491875095509291,-2.109168057369089,-3.8305983583884666,0.672717233929705,-0.29879504449835176,-1.510881678218352,2.23952449556162,-1.3180543905768538,0.9416748375729419,1.2270758649608604,-1.5337510753564148,0.28021162313573217
-2.301393339676276,-7.380962228662483,8.671342428702891,11.996036996340946,-3.9290098060461367,5.1958039555214635,-4.694634090811138,-1.9418622000674728,1.6429487877737698,-3.589276604549398,-0.44536102086126333,-3.985798940919228,-11.307570815092607,-0.21948068529012288,-3.809130398845361,3.4792718457488157,-14.831423657921125,-3.6046510699941168,-2.1266297728730645,-11.758236948326365,-6.686923607578723,6.276435327821999,1.1388531512551066,-3.50253061311733,7.449141780038192,-8.560851460909094,10.805558894197771,6.313297413986008,-1.2219459991783794,0.6976453116119228,-4.74405333217494,12.257285612162082,3.658198692517198,4.591488999581932,8.295857223283775,-1.2849234382366932,0.5532279489931795,3.293577509216875,-4.7396367311436425,2.7401631751196205,-1.8796702215302394,-2.6404232976535464,3.428248183471683,-0.4134592630543161
2.550757358246095,8.60050482103085,-10.298802646197883,-14.117309878047452,4.756561040393396,-6.118053240778372,5.550873273069744,2.314941768418748,-2.069237484804349,4.365120335258145,0.1108800642782563,4.730970511567693,12.942778481431738,0.07688488348906224,4.335819612969706,-4.298714075473129,17.662539983266093,4.3840778266275,2.59412936976073,13.888362063247017,7.700230657275082,-7.3513144213762995,-1.4039514131675874,4.0057871287501285,-8.560851460909094,9.912731755040321,-12.796576098247963,-7.276864817610364,1.5285918389724857,-0.9130296952136592,5.59345886856949,-14.509949387330769,-3.9584885508248937,-5.384699997277999,-9.691187201929845,1.3548803751390595,-0.562682615882995,-3.839916971873602,5.4326743613048345,-3.0971979242983476,2.0627887931570807,3.0696898383251576,-4.105963273158556,0.3118112717081939
-2.4412038063258197,-11.733862053712576,15.445761965671473,20.36161473514533,-7.767287963498247,8.784403122422857,-8.091392276118249,-3.5137619385295054,3.953911032155503,-7.291530824125132,2.7919358481665464,-7.2028338252876045,-15.822517148682394,1.1376074340671807,-5.113872744872569,7.692342349774713,-26.89429288336539,-7.465776973825236,-4.418501701055176,-20.24995935168772,-9.827014299773568,10.373883931621206,2.5046414516079003,-4.897337277164327,10.805558894197771,-12.796576098247963,18.915026374692534,9.265156158772635,-2.880836381844106,1.975709287569227,-8.166769666388467,21.28992487672854,3.0640088040022215,7.5524091582979525,13.267548222167084,-0.6642246673280952,0.12505805588732,5.426065713420548,-6.727761990442513,3.5042308532810402,-1.7333128254074248,-4.0222903048693235,6.421845529871373,0.9054801063210932
-1.9244966523970624,-6.287249823608038,7.44495161876906,10.259023170263278,-3.3972255909477846,4.446180484743338,-4.022901589046177,-1.6681695688136458,1.4443320807537998,-3.1113587969015883,-0.26171025968096534,-3.4180638467462945,-9.56916136662043,-0.13576415508565462,-3.2161101624104727,3.034069092680509,-12.745082206541966,-3.1215298450499436,-1.8449405696437,-10.072228652231763,-5.66831567228125,5.356476072469784,0.9921024208358465,-2.9621760069798357,6.313297413986008,-7.276864817610364,9.265156158772635,5.358500614860685,-1.0728095243028684,0.6253820615965496,-4.059866838519726,10.511497413200422,3.031164129346294,3.9238480984655086,7.0764787099363415,-1.056315958931853,0.4488510711740876,2.80629518559312,-4.0116323736902,2.306793798363956,-1.5655897146987765,-2.250310813062525,2.9510432488871996,-0.3047587558098345
0.06894210663719658,1.5597631997617376,-2.4071602329342427,-2.979055636523999,1.350567564638927,-1.2804848474974795,1.2068220359570438,0.5528438614062118,-0.808980375387751,1.3062137844497508,-1.10684620930697,1.1386698419646686,1.6534557193921433,-0.4630324875499703,0.48277759755099725,-1.4774840844067545,4.274263942198706,1.358474357915114,0.8085623542018365,3.0213254684121047,1.1333933695311273,-1.4613124700966833,-0.4804149593745558,0.50860898107769,-1.2219459991783794,1.5285918389724857,-2.880836381844106,-1.0728095243028684,0.5846856245682854,-0.4498676361907646,1.218867268736931,-3.215901233824991,0.16948447755027612,-1.059299963666319,-1.7824184396596214,-0.20008210579581803,0.14134722815930384,-0.7650592938792304,0.7235620854436468,-0.2850435032487522,-0.03505266966235589,0.5014767905337649,-1.054206944363609,-0.4486622138449381
0.051706820160483564,-0.9933978562034202,1.670060454997811,1.9991778980392074,-0.9812278936087495,0.8595842954996986,-0.8199093378794233,-0.38376784336619735,0.623856868865644,-0.961278897064353,0.9860341994052312,-0.7911369013001187,-0.8851144350568856,0.414867907463463,-0.233768647452204,1.113907685676936,-2.988421219374002,-1.0019362922837523,-0.5997277085125454,-2.0512837369316723,-0.6547807051311059,0.9603700482541555,0.36202243394672823,-0.2688420804125409,0.6976453116119228,-0.9130296952136592,1.975709287569227,0.6253820615965496,-0.4498676361907646,0.35984871750708064,-0.8264711387287776,2.2004486876121208,-0.3251960024715812,0.6972339406883876,1.1457062532511346,0.23404862246789024,-0.1488487191328347,0.501519267777849,-0.39589110844516634,0.11240161346064248,0.12064622987179177,-0.31035299157155455,0.7466843585209663,0.40899534891862305
1.1057327688684955,5.109436533650114,-6.660272004194932,-8.817261162158893,3.3233276150690356,-3.8025511690634795,3.494970930293101,1.5111722596971455,-1.6704635521631002,3.1145892619011937,-1.0783283978885219,3.1079820353906533,6.96672901192831,-0.43639599846180427,2.2612990859791338,-3.2663628035738927,11.580947039116326,3.1901704310611136,1.8870996948597234,8.752905412597503,4.309625012486482,-4.503452597023399,-1.0659165365141237,2.1570151608529793,-4.74405333217494,5.59345886856949,-8.166769666388467,-4.059866838519726,1.218867268736931,-0.8264711387287776,3.535205885601701,-9.194258689046483,-1.4362711732719609,-3.2743293756053466,-5.768533030881617,0.3366858217004978,-0.08074016813893051,-2.3610994321542558,2.959685818754909,-1.5566539911227377,0.7980836749856094,1.7544155904621515,-2.757662522772631,-0.33752039437897274
-2.8194599175451334,-13.252546129417796,17.380121050954624,22.931637908098352,-8.703196113219018,9.904026265052403,-9.114169006351762,-3.9436581509725257,4.4073456953487735,-8.16981823429434,2.997208561114691,-8.08455145230623,-17.983821765021077,1.2221993386468637,-5.824480476698758,8.586612242198985,-30.225227812461107,-8.344026051565134,-4.946873594210471,-22.80864019956985,-11.129088362192139,11.690488281548207,2.798188018792001,-5.560077321400587,12.257285612162082,-14.509949387330769,21.28992487672854,10.511497413200422,-3.215901233824991,2.2004486876121208,-9.194258689046483,23.989024081981476,3.59819143805691,8.52455104851274,14.995705984075581,-0.8270982570268636,0.17943580426261144,6.1113183360954295,-7.635430120529756,3.995013016051893,-2.0245776039653443,-4.567204442598423,7.200810060434664,0.9437480329757508
-1.756788434571695,-2.9127839649754796,2.2731216668750136,3.835000139072427,-0.4985202560239638,1.688840019910331,-1.4210881519950462,-0.4726681718975271,-0.28164132449998225,-0.31847250070783933,-2.5989287514973203,-0.9664089645564419,-5.963471728117515,-1.112939395170682,-2.159083243335495,-0.12745429835015795,-3.555363832382148,-0.21154534857272894,-0.11880187011666697,-3.5654434439504685,-3.196718920463847,2.198580637090675,-0.03295023203858543,-1.8491875095509291,3.658198692517198,-3.9584885508248937,3.0640088040022215,3.031164129346294,0.16948447755027612,-0.3251960024715812,-1.4362711732719609,3.59819143805691,3.3580720945048324,1.6394484926818085,3.2274853691237078,-1.47152299551866,0.7433935548079493,1.1574966053458262,-2.4316386918471973,1.6727223058150607,-1.6207716589551342,-1.170626492808911,0.6791729083332647,-1.2514411697245016
-1.1746974020001073,-4.829995710538831,6.134295425627638,8.207674170924273,-2.9890634427350546,3.5474525747091374,-3.248300063608392,-1.390256338435938,1.4441354995623195,-2.7853858315594526,0.6747616880437719,-2.8429054310986888,-6.812790302974466,0.26562953682315044,-2.2346551147225324,2.8732176724549925,-10.623358210533254,-2.8319031517707867,-1.674419708391914,-8.128761157424513,-4.1539361782685065,4.21573532443366,0.9344712528005693,-2.109168057369089,4.591488999581932,-5.384699997277999,7.5524091582979525,3.9238480984655086,-1.059299963666319,0.6972339406883876,-3.2743293756053466,8.52455104851274,1.6394484926818085,3.080873643154704,5.4554330445532235,-0.4661886237833506,0.15751723315400365,2.205423767749917,-2.879827202102031,1.560525890827477,-0.8872416095871355,-1.6829441739143296,2.512058259995917,0.15740202486881189
-2.2262144886283686,-8.608953697144603,10.749426129190464,14.478821620739286,-5.162213001326121,6.262573009132245,-5.718670409138054,-2.4274604537045184,2.4272951318181097,-4.791207545933624,0.8141540145098296,-4.9715572962190375,-12.378658009745537,0.3129494280370273,-4.088254343611658,4.878220503552844,-18.560997676606934,-4.856718676291131,-2.874784472859838,-14.312025827707938,-7.492947523665833,7.467341243276856,1.591467912079263,-3.8305983583884666,8.295857223283775,-9.691187201929845,13.267548222167084,7.0764787099363415,-1.7824184396596214,1.1457062532511346,-5.768533030881617,14.995705984075581,3.2274853691237078,5.4554330445532235,9.715300006926425,-0.9833569063970102,0.36120292966663015,3.905372491454873,-5.222316682881845,2.8724691182573605,-1.723191419990484,-3.0210059926615864,4.366762668291877,0.10689688666712367
0.7360923670964106,0.8899381762582806,-0.43515301930947786,-0.9630922085262664,-0.08899349858440897,-0.43628109360116846,0.33862919610747805,0.0768996371197819,0.2989634203872285,-0.15291229938433448,1.3474952879647917,0.14968930933214242,2.1749629931393515,0.573125825052112,0.8130209276053711,0.38408547494525763,0.5608073667113412,-0.2197510010770819,-0.12979727631694402,0.8481951147522286,1.1028420167015014,-0.6043541558636819,0.12176850785712046,0.672717233929705,-1.2849234382366932,1.3548803751390595,-0.6642246673280952,-1.056315958931853,-0.20008210579581803,0.23404862246789024,0.3366858217004978,-0.8270982570268636,-1.47152299551866,-0.4661886237833506,-0.9833569063970102,0.6790304767900748,-0.35056309412660974,-0.3150120551104582,0.8722638654672216,-0.6474197310900383,0.7029844662483331,0.3945700133863953,-0.051227046134671585,0.6363415013214704
-0.3615592564868101,-0.3322500800165805,0.044248829936370956,0.2694237232458125,0.14169956866107505,0.12560116485644077,-0.08267660071055255,3.324942975588315e-4,-0.20717759237035013,0.17058528118922703,-0.7508458048061555,0.005689736695241392,-0.9643666025131045,-0.3201099734025799,-0.36993948142217925,-0.2953380250390581,0.024517445290420804,0.2055562274657752,0.12341580522830263,-0.20656818756729176,-0.46932950241771426,0.1988052154143876,-0.0954323449314712,-0.29879504449835176,0.5532279489931795,-0.562682615882995,0.12505805588732,0.4488510711740876,0.14134722815930384,-0.1488487191328347,-0.08074016813893051,0.17943580426261144,0.7433935548079493,0.15751723315400365,0.36120292966663015,-0.35056309412660974,0.18544853890409493,0.10477896457799549,-0.3829335552418783,0.3028622831099839,-0.3510101063472067,-0.15855020492702881,-0.04811043089366723,-0.3481277468721011
-0.8304943018999035,-3.4709289656518076,4.4083881401581815,5.906916273892024,-2.1512925578932736,2.5455722380535013,-2.3277273311644966,-0.9969058272342639,1.0421088316765177,-2.0060220999563043,0.4905024502966655,-2.05814071421356,-4.87287804278713,0.19029684512209147,-1.59751500487046,2.073654610123312,-7.641216032745094,-2.055552814630882,-1.2109387096512685,-5.835794325462793,-2.9826307298553005,3.0365766790236868,0.6772310299760455,-1.510881678218352,3.293577509216875,-3.839916971873602,5.426065713420548,2.80629518559312,-0.7650592938792304,0.501519267777849,-2.3610994321542558,6.1113183360954295,1.1574966053458262,2.205423767749917,3.905372491454873,-0.3150120551104582,0.10477896457799549,1.6008674916686456,-2.064527045222904,1.1155156939666684,-0.6194695837814919,-1.196517974836288,1.8081608262396018,0.12714237835541334
1.5062009855253033,4.65111229482266,-5.383715830460524,-7.499079856998783,2.406583952239874,-3.2477392251052657,2.9291892346145874,1.2066473056794709,-0.9722127680484476,2.186019931156981,0.44338314081986685,2.4728744794799162,7.223304497816073,0.20708039191549446,2.443214554095507,-2.0917035031468982,9.191232100006372,2.1904421450227383,1.2902847519911822,7.335364435512744,4.254203256256694,-3.9378215738758353,-0.6846619742545637,2.23952449556162,-4.7396367311436425,5.4326743613048345,-6.727761990442513,-4.0116323736902,0.7235620854436468,-0.39589110844516634,2.959685818754909,-7.635430120529756,-2.4316386918471973,-2.879827202102031,-5.222316682881845,0.8722638654672216,-0.3829335552418783,-2.064527045222904,3.02519146823508,-1.7671046526627798,1.2436721037166216,1.6692364775763087,-2.1179930561950653,0.3327393880395446
-0.9786885620167285,-2.567145901827264,2.7701207615007473,3.984846781581456,-1.145142846689221,1.729502575409636,-1.542540513859778,-0.6170751205541478,0.37408533651498865,-1.0136265268724596,-0.6650683291735101,-1.260090862124663,-4.245920041527206,-0.2934633126290319,-1.4613307592486275,0.8951075372685436,-4.6746449384901245,-0.9988441405434317,-0.5842158356521036,-3.8622058055227098,-2.446019962516946,2.126362165067081,0.29284149842841145,-1.3180543905768538,2.7401631751196205,-3.0971979242983476,3.5042308532810402,2.306793798363956,-0.2850435032487522,0.11240161346064248,-1.5566539911227377,3.995013016051893,1.6727223058150607,1.560525890827477,2.8724691182573605,-0.6474197310900383,0.3028622831099839,1.1155156939666684,-1.7671046526627798,1.079765632719551,-0.8376893894627252,-0.9409994766128312,1.0540626219132525,-0.37186038901956037
0.8623619290086004,1.5465911674775044,-1.3075723835098425,-2.1107964250473272,0.3574526338537457,-0.9289193883848275,0.795249683354644,0.27796211649223057,0.06850303363316862,0.2642354835011102,1.1675691954713245,0.5610962907525529,3.0410620435685285,0.49894771460064957,1.091372323330872,-0.061325108125946534,2.0869769018982414,0.21141903929191733,0.12435364623789343,1.9889091742342357,1.649855599371727,-1.1892126591007686,-0.023207375508988153,0.9416748375729419,-1.8796702215302394,2.0627887931570807,-1.7333128254074248,-1.5655897146987765,-0.03505266966235589,0.12064622987179177,0.7980836749856094,-2.0245776039653443,-1.6207716589551342,-0.8872416095871355,-1.723191419990484,0.7029844662483331,-0.3510101063472067,-0.6194695837814919,1.2436721037166216,-0.8376893894627252,0.7907923565907015,0.6148032381553212,-0.41976085551677933,0.5735063030402893
0.7667881809468238,2.673504978514944,-3.2480780600526122,-4.415540060487342,1.5139288976652507,-1.9177970364700803,1.7412397672998619,0.7244769182309553,-0.6777436439871286,1.3992868955075346,-0.050638316730380224,1.4855357039760164,3.979715037274197,-0.013737888515443906,1.3274692871735356,-1.3868737584791533,5.569568325048969,1.4007752047712851,0.8342716726633116,4.358045130371585,2.3693981993594075,-2.289885352130682,-0.45436970239412233,1.2270758649608604,-2.6404232976535464,3.0696898383251576,-4.0222903048693235,-2.250310813062525,0.5014767905337649,-0.31035299157155455,1.7544155904621515,-4.567204442598423,-1.170626492808911,-1.6829441739143296,-3.0210059926615864,0.3945700133863953,-0.15855020492702881,-1.196517974836288,1.6692364775763087,-0.9409994766128312,0.6148032381553212,0.9599410568379563,-1.2933894698939108,0.0632358120388425
-0.6578922867389816,-3.8583019114759707,5.2679188927236185,6.851283610403718,-2.7332319317540694,2.947481508262882,-2.7345765141815668,-1.2110059909623438,1.4554662201191206,-2.579525469238433,1.3281947262605254,-2.474743093157969,-4.944012738378566,0.5463109122332486,-1.5690431395795075,2.784855889139012,-9.23457799702494,-2.6607150733996123,-1.571083858686447,-6.8392087473582075,-3.141734490342134,3.4625514592259035,0.9032817273837465,-1.5337510753564148,3.428248183471683,-4.105963273158556,6.421845529871373,2.9510432488871996,-1.054206944363609,0.7466843585209663,-2.757662522772631,7.200810060434664,0.6791729083332647,2.512058259995917,4.366762668291877,-0.051227046134671585,-0.04811043089366723,1.8081608262396018,-2.1179930561950653,1.0540626219132525,-0.41976085551677933,-1.2933894698939108,2.232391569352909,0.48422238752778535
0.5492483243865608,-0.06877571552756147,0.851009813205001,0.7157792965392944,-0.7429906277013492,0.29041237684865445,-0.33214009683198914,-0.21530498464268347,0.639184547565985,-0.7704338096269463,1.621362257054326,-0.4460166961075718,0.9036538549172386,0.6861808749224507,0.4048605947887107,1.0391436296506111,-1.6801012683197611,-0.8479322742343116,-0.5039726425381436,-0.8297831777402237,0.31177959650321885,0.24572066973603923,0.33470684294607234,0.28021162313573217,-0.4134592630543161,0.3118112717081939,0.9054801063210932,-0.3047587558098345,-0.4486622138449381,0.40899534891862305,-0.33752039437897274,0.9437480329757508,-1.2514411697245016,0.15740202486881189,0.10689688666712367,0.6363415013214704,-0.3481277468721011,0.12714237835541334,0.3327393880395446,-0.37186038901956037,0.5735063030402893,0.0632358120388425,0.48422238752778535,0.7277256249601167
