V1,V2,V3,V4,V5,V6,V7,V8,V9,V10,V11,V12,V13,V14,V15,V16,V17,V18,V19,V20,V21,V22,V23,V24,V25,V26,V27,V28,V29,V30,V31,V32,V33,V34,V35,V36,V37,V38,V39,V40,V41,V42,V43,V44
1024.273601999003,4470.448002398867,-5756.832323360532,-7658.219954535259,2842.3290915287175,-3306.6345462148465,3035.0789090176686,1306.5386536299327,-1402.9282319532315,2655.718929371913,-794.788503938727,2676.990743392867,6194.460988133493,-319.286665808542,2021.0236149306231,-2764.422591749971,9991.612390371256,2710.0390609846245,1602.9623357463265,7595.821419895809,3806.071810086304,-3921.8065348678138,-900.4524647504629,1917.7491227911178,-4196.500756280453,4939.264623644976,-7073.04118552683,-3589.606508369463,1025.1167326987913,-685.8618996039324,3062.7880357680824,-7972.976667915333,-1379.4505667936312,-2858.4791504294194,-5049.362415847331,359.8040114155896,-106.07190644513685,-2051.691263328643,2625.4133764064136,-1400.9785898879807,757.6019913714642,1546.0752853631043,-2372.348053748013,-224.33841614272416
4470.448002398867,19511.745624976877,-25126.210494087798,-33424.80159687061,12405.564852066667,-14432.27530668787,13247.294515703872,5702.3923883340885,-6123.037383325631,11591.060282961866,-3468.6666150009355,11683.891634076821,27035.915746613027,-1393.7138962419504,8821.409213004095,-12065.403408097616,43608.79107826249,11828.511314678075,6996.5009708822645,33152.72451449478,16611.856828903074,-17117.16106461489,-3930.1277627948593,8369.750670419622,-18316.133002961476,21557.985854979914,-30870.593720586538,-15666.945921064002,4474.183540128636,-2993.6187065636254,13367.61155060814,-34798.73949163877,-6020.718471747359,-12475.674753607253,-22038.528251162377,1570.3918640242705,-462.9950347264566,-8954.655212257241,11458.54371100776,-6114.561781147841,3306.5237143035743,6747.562534097197,-10354.312647924007,-979.1778229338099
-5756.832323360532,-25126.210494087798,32356.414845857715,43043.09945138769,-15975.456656706847,18584.96879734621,-17058.71908957392,-7343.402122747829,7885.263995315349,-14926.589884654053,4467.294279312443,-15046.116604636032,-34815.84528202565,1794.6810114641705,-11359.143909976829,15537.557119595609,-56158.05031731887,-15231.941853163173,-9009.580847152165,-42692.42271594682,-21392.027518466864,22042.55765468971,5061.069864120413,-10778.639916088587,23586.385864691478,-27761.15739372035,39754.16683644576,20175.317992284974,-5761.699127872674,3854.919676432786,-17214.481913074036,44812.270251529866,7753.04298607504,16066.02189537637,28379.981106511892,-2022.1763400239681,596.1017219891099,11531.525966445522,-14756.107834643904,7874.1344305006905,-4258.051221924192,-8689.71043390031,13333.836228214766,1260.9930481517708
-7658.219954535259,-33424.80159687061,43043.09945138769,57259.57630277255,-21251.949360054547,24723.00248548325,-22692.385130958646,-9768.921081418723,10489.837547555811,-19856.66464398991,5943.14148299013,-20015.69333162581,-46315.10425497016,2387.3174294923956,-15110.278703445865,20669.516493653187,-74706.53242254024,-20262.48877396293,-11985.06503876018,-56792.78224909019,-28457.463706423616,29322.666914596517,6732.651466243722,-14339.087550081149,31376.27146389419,-36929.93471441863,52884.5586718497,26838.98226449631,-7664.705723410723,5127.978513969525,-22900.3341189605,59612.90614977529,10313.64355539385,21372.70577326256,37753.134867005465,-2690.008221752793,792.8748786389826,15340.279491669471,-19630.06854518573,10474.907866427397,-5664.472332157638,-11560.189603826158,17737.765710716147,1677.5027530461139
2842.3290915287175,12405.564852066667,-15975.456656706847,-21251.949360054547,7887.750485187608,-9175.82424700147,8422.035589915013,3625.788676370721,-3893.4410562266485,7369.881083415279,-2206.024419832159,7428.901934872745,17189.934700837304,-886.0401432495695,5607.891910177089,-7671.599873364386,27727.604147558035,7520.319232838503,4448.194330938971,21078.57548690957,10562.013340644382,-10883.037313315408,-2498.8496988536144,5322.155411409448,-11645.156528661159,13706.462327530877,-19628.293616870218,-9961.332604744113,2844.7650846269707,-1903.1765922614914,8499.593480962094,-22125.358514746036,-3827.837064789863,-7932.628238869508,-14011.975945773022,998.348442051005,-294.1972822726258,-5693.57615630016,7285.841312624925,-3887.7861724680806,2102.405009124943,4290.786764653292,-6583.378193014322,-622.6343816879823
-3306.6345462148465,-14432.27530668787,18584.96879734621,24723.00248548325,-9175.82424700147,10675.375407175989,-9799.1994502537,-4217.74988482165,4528.666522642375,-8573.358402761423,2565.153012942273,-8642.014982149876,-19997.23657909916,1030.9919765603324,-6525.634196025416,8924.065507608542,-32255.25050965395,-8749.455151688098,-5175.2834805499215,-24522.127849843175,-12287.133613182448,12661.123932633067,2906.941158460483,-6190.3030569089115,13548.122176952418,-15945.94012787012,22833.43764694143,11588.138388123847,-3309.3713305864235,2214.4409531211254,-9887.219219701221,25739.4126696027,4453.470209833532,9227.382749823531,16301.400849345207,-1161.684652399575,342.59360507064815,6623.287192822625,-8475.094210031526,4522.626221653725,-2445.625599484857,-4990.351346663916,7658.715020947537,724.2245419407018
3035.0789090176686,13247.294515703872,-17058.71908957392,-22692.385130958646,8422.035589915013,-9799.1994502537,8995.539739240092,3871.1408974721567,-4156.224705864029,7869.033812609853,-2353.6133818728354,7932.044225725418,18354.52364405831,-946.5142705954016,5990.992648669267,-8190.718181053234,29605.20030208106,8031.484980281539,4750.670089964213,22508.61994861024,11277.974971487027,-11621.639755718048,-2668.168651387372,5681.016045829743,-12436.068067900036,14636.847000682521,-20957.514111212677,-10636.21203685059,3037.5343729644287,-2032.8715823244977,9074.714220930915,-23625.59638312042,-4087.983216933889,-8468.82122539586,-14963.140611065546,1066.4506071273718,-314.69561499810726,-6079.125809534569,7778.45603820252,-4151.039543899044,2244.635935397503,4579.557044471258,-7029.7337255457205,-664.6766785130474
1306.5386536299327,5702.3923883340885,-7343.402122747829,-9768.921081418723,3625.788676370721,-4217.74988482165,3871.1408974721567,1666.7214758407194,-1789.7770940285095,3387.7446721931683,-1014.2026204127452,3414.8815089752,7901.772265038042,-407.2361705463333,2577.5374279527286,-3526.474549216912,12745.73534514688,3456.736395382339,2044.601946878201,9689.108373548093,4855.040395045658,-5002.534488732334,-1148.6403868708674,2446.6241479261294,-5352.809130241887,6300.342562273894,-9022.646747889994,-4578.971599747593,1307.6646182102297,-874.7735192638279,3907.084178439647,-10170.330564810534,-1759.5043645506812,-3646.546078282304,-6440.777149003503,458.8942826128098,-135.19224379165985,-2617.2002112764426,3349.1880870831806,-1787.1334835810808,966.4338591753401,1972.5131947901746,-3026.1803470206673,-286.21714369837355
-1402.9282319532315,-6123.037383325631,7885.263995315349,10489.837547555811,-3893.4410562266485,4528.666522642375,-4156.224705864029,-1789.7770940285095,1922.1486372168506,-3637.845918955506,1089.50280272171,-3666.969180666565,-8485.018933696563,437.20857070893834,-2767.0548815594325,3786.9571507753317,-13686.74220073763,-3711.5253832596068,-2195.2928924697576,-10403.820864577678,-5213.318510933285,5371.508491083907,1233.4364219866484,-2627.5490455338086,5747.477848372504,-6764.9788507199555,9688.793704405052,4916.952198954767,-1404.1819448390756,939.1942091117905,-4195.666313765966,10920.755015138984,1889.1523171500953,3915.97780661535,6915.768938747413,-492.6198876282653,145.05291072440983,2810.4551921317698,-3596.6381274745654,1919.0706984288363,-1037.8141059917966,-2118.5743996674732,3249.4745128045506,307.3782888969699
2655.718929371913,11591.060282961866,-14926.589884654053,-19856.66464398991,7369.881083415279,-8573.358402761423,7869.033812609853,3387.7446721931683,-3637.845918955506,6886.021084823275,-2061.2376779332944,6941.159877080074,16061.34935259867,-827.8538886702615,5239.636017221025,-7167.954711772288,25907.20375985029,7026.538472826707,4156.122928817477,19694.640600029106,9868.559425513991,-10168.497214600398,-2334.787367629695,4972.765669402424,-10880.566991370488,12806.53021256559,-18339.634370289787,-9307.337082726746,2658.001374999884,-1778.219582650649,7941.575287657018,-20672.714004793786,-3576.498815318463,-7411.860697591575,-13091.992934906602,932.7893187316708,-274.87874768869193,-5319.785345413522,6807.517258152217,-3632.5423878164297,1964.373317419214,4009.126403093395,-6151.14786476818,-581.7585012764766
-794.788503938727,-3468.6666150009355,4467.294279312443,5943.14148299013,-2206.024419832159,2565.153012942273,-2353.6133818728354,-1014.2026204127452,1089.50280272171,-2061.2376779332944,618.1658969584029,-2077.7216665712535,-4807.463413827118,247.54123538358365,-1566.3910343030088,2145.9407279017346,-7755.169142736211,-2102.1889358314047,-1243.3418035785787,-5893.83084546937,-2953.5929231895207,3042.8658598325906,698.8385461945612,-1489.465089027498,3255.576377854939,-3832.151267621318,5489.801579157731,2785.867567727209,-795.596715051206,531.830312517847,-2377.5087606567727,6187.028599961833,1069.975387278357,2219.2950335831597,3917.573100710947,-278.9014446925893,81.93758108466217,1592.4443810592022,-2038.2098429192586,1087.368210662557,-588.0742598107079,-1201.1796486421065,1840.9770737752337,174.23902239507663
2676.990743392867,11683.891634076821,-15046.116604636032,-20015.69333162581,7428.901934872745,-8642.014982149876,7932.044225725418,3414.8815089752,-3666.969180666565,6941.159877080074,-2077.7216665712535,6996.758557119782,16189.991309243696,-834.4718772552693,5281.602806026946,-7225.344364014864,26114.67552060915,7082.808723122259,4189.400903684161,19852.36097317276,9947.606975127077,-10249.934648502775,-2353.4822454140003,5012.608608982338,-10967.70859256826,12909.093651084928,-18486.50156979797,-9381.876878056095,2679.2791237340716,-1792.4454613140342,8005.1778459905045,-20838.257139482128,-3605.1595067806056,-7471.215331120874,-13196.83659347162,940.2657898538274,-277.07703939612867,-5362.389964273177,6862.0447464942345,-3661.6411463837803,1980.1100870110824,4041.227334901602,-6200.408519276557,-586.4135814596102
6194.460988133493,27035.915746613027,-34815.84528202565,-46315.10425497016,17189.934700837304,-19997.23657909916,18354.52364405831,7901.772265038042,-8485.018933696563,16061.34935259867,-4807.463413827118,16189.991309243696,37462.71338639684,-1930.903348102365,12221.608982029515,-16718.9164416803,60427.57616879147,16389.263804396665,9694.071498856632,45937.278851620744,23018.18500769395,-23717.828228555212,-5445.786242252986,11598.701675040751,-25378.82844760156,29871.01857990681,-42776.529831307,-21709.128082887823,6199.683857744234,-4147.689230178671,18523.394247241555,-48218.51396644632,-8342.253124910103,-17287.8525968096,-30536.841217531215,2175.7957443969303,-641.2468661827214,-12408.24536918468,15878.275247020292,-8472.829081750057,4581.861743945205,9350.998350273416,-14347.36831682305,-1356.8593869230028
-319.286665808542,-1393.7138962419504,1794.6810114641705,2387.3174294923956,-886.0401432495695,1030.9919765603324,-946.5142705954016,-407.2361705463333,437.20857070893834,-827.8538886702615,247.54123538358365,-834.4718772552693,-1930.903348102365,99.62974922538835,-630.4320903642013,861.6586457085959,-3114.5002470948853,-845.044048598922,-499.8660489883989,-2368.0737298773593,-1186.4825408514587,1222.6870709872805,280.7127771070493,-597.5498540967748,1308.3879690191288,-1539.9315403437513,2204.759912165425,1118.9356280640336,-319.5594522192852,213.90518922027428,-954.6501457308162,2485.5576407665417,430.0824469878548,890.8511662980369,1574.2591468259534,-112.2043388538231,33.11816798545756,639.5110265251848,-818.2473885468183,436.6740755979108,-236.1250079440054,-481.6759605635226,739.5650218917331,69.93367376288184
2021.0236149306231,8821.409213004095,-11359.143909976829,-15110.278703445865,5607.891910177089,-6525.634196025416,5990.992648669267,2577.5374279527286,-2767.0548815594325,5239.636017221025,-1566.3910343030088,5281.602806026946,12221.608982029515,-630.4320903642013,3990.5031738690877,-5453.608868177608,19712.615312208178,5348.557729907058,3163.7578124250963,14988.478956985284,7509.765028278265,-7738.94377006658,-1776.6451772382368,3782.0981659723443,-8281.52663462248,9746.895437081344,-13954.58814313952,-7082.263265894527,2022.584273023483,-1353.9041818995781,6042.222116295914,-15731.933500497815,-2722.403543484029,-5638.549445452806,-9964.176243283242,710.3207250765763,-209.7650813900837,-4047.7684687816236,5178.983644122512,-2763.9682538226216,1494.550737530129,3048.5599358611375,-4680.97197887693,-442.5200005731275
-2764.422591749971,-12065.403408097616,15537.557119595609,20669.516493653187,-7671.599873364386,8924.065507608542,-8190.718181053234,-3526.474549216912,3786.9571507753317,-7167.954711772288,2145.9407279017346,-7225.344364014864,-16718.9164416803,861.6586457085959,-5453.608868177608,7461.557252359087,-26968.022107979687,-7313.930108260261,-4326.083513214632,-20500.6150401866,-10272.512074780221,10584.605151309552,2430.3676992571354,-5176.609953036843,11325.714753935712,-13330.515234259785,19090.577705647855,9688.3919235383255,-2766.827726262035,1850.9213832312796,-8266.832050848498,21518.847566353965,3722.76111794505,7715.538279740607,13627.673819414083,-970.8801331182027,286.0647783725102,5537.652341499277,-7086.388377606199,3781.2902387144213,-2044.8159261431651,-4173.59030208839,6402.930759360293,605.600841501107
9991.612390371256,43608.79107826249,-56158.05031731887,-74706.53242254024,27727.604147558035,-32255.25050965395,29605.20030208106,12745.73534514688,-13686.74220073763,25907.20375985029,-7755.169142736211,26114.67552060915,60427.57616879147,-3114.5002470948853,19712.615312208178,-26968.022107979687,97470.60325047006,26435.617507365514,15636.340741527334,74096.72556283862,37128.37220678341,-38256.705587496785,-8784.118556393456,18709.268376726264,-40935.65629726354,48181.654837503396,-68999.13767015193,-35016.97063388461,10000.17571044559,-6690.079962899849,29878.61430181885,-77776.58683754782,-13455.773221481024,-27885.820383382874,-49255.652359023625,3509.388908054108,-1034.1410061969284,-20014.660555065937,25612.0326710185,-13666.74766178877,7390.580183234962,15083.771863179274,-23142.37516533277,-2188.7356349577212
2710.0390609846245,11828.511314678075,-15231.941853163173,-20262.48877396293,7520.319232838503,-8749.455151688098,8031.484980281539,3456.736395382339,-3711.5253832596068,7026.538472826707,-2102.1889358314047,7082.808723122259,16389.263804396665,-845.044048598922,5348.557729907058,-7313.930108260261,26435.617507365514,7171.055252556521,4241.684199916099,20097.98216965429,10070.307939728422,-10376.907791462687,-2382.485607185754,5073.250844244129,-11103.916204224985,13069.108958956163,-18713.748230878504,-9497.361300204098,2712.288936957139,-1814.9801667581496,8103.302544843009,-21095.585437064536,-3650.0082885041243,-7562.415503562515,-13360.443330799055,952.1055003884294,-280.8206833964237,-5428.287469826438,6945.906406890646,-3706.6170701668243,2004.3541995849732,4089.8003416905326,-6276.950634072686,-593.564253688957
1602.9623357463265,6996.5009708822645,-9009.580847152165,-11985.06503876018,4448.194330938971,-5175.2834805499215,4750.670089964213,2044.601946878201,-2195.2928924697576,4156.122928817477,-1243.3418035785787,4189.400903684161,9694.071498856632,-499.8660489883989,3163.7578124250963,-4326.083513214632,15636.340741527334,4241.684199916099,2508.9748278067095,11887.828991877936,5956.501881080547,-6137.886944594164,-1409.223691947788,3000.6869156396815,-6567.933750391877,7730.330222165012,-11068.963516205025,-5617.584402801427,1604.288070725081,-1073.5740927097581,4792.992629212055,-12477.881105517612,-2158.974160938797,-4473.018395964965,-7902.648254235501,563.1754124197938,-166.12183582226427,-3210.759697690667,4108.388592556621,-2192.412764645493,1185.5513555206917,2418.9946363195913,-3712.7615780888427,-351.08022544101493
7595.821419895809,33152.72451449478,-42692.42271594682,-56792.78224909019,21078.57548690957,-24522.127849843175,22508.61994861024,9689.108373548093,-10403.820864577678,19694.640600029106,-5893.83084546937,19852.36097317276,45937.278851620744,-2368.0737298773593,14988.478956985284,-20500.6150401866,74096.72556283862,20097.98216965429,11887.828991877936,56330.43872059639,28225.50841512064,-29084.053917337307,-6677.752118259446,14221.342991367694,-31121.209897177305,36629.52810584673,-52452.910225428015,-26620.044342550194,7602.1988511886575,-5086.487234280102,22713.204097939637,-59127.23866121602,-10229.88387946039,-21197.778658309482,-37446.03770829411,2668.283755910715,-786.6449114856496,-15215.030251805429,19469.47884779362,-10389.38497531513,5618.17691156051,11465.007350946675,-17593.229055870826,-1663.7627891537493
3806.071810086304,16611.856828903074,-21392.027518466864,-28457.463706423616,10562.013340644382,-12287.133613182448,11277.974971487027,4855.040395045658,-5213.318510933285,9868.559425513991,-2953.5929231895207,9947.606975127077,23018.18500769395,-1186.4825408514587,7509.765028278265,-10272.512074780221,37128.37220678341,10070.307939728422,5956.501881080547,28225.50841512064,14143.123057665642,-14573.122911050668,-3346.067541707296,7126.339462888775,-15593.772418784372,18353.89696924617,-26283.09789486856,-13338.719437495747,3809.268723911522,-2548.5615949104645,11381.236120752239,-29627.070041108072,-5125.829823617952,-10621.97125135929,-18763.003592784928,1336.9239741250353,-394.0648612188718,-7623.962782406447,9755.94665116597,-5205.929700607631,2815.2028511698704,5745.255909332106,-8815.499482454168,-833.6846564585692
-3921.8065348678138,-17117.16106461489,22042.55765468971,29322.666914596517,-10883.037313315408,12661.123932633067,-11621.639755718048,-5002.534488732334,5371.508491083907,-10168.497214600398,3042.8658598325906,-10249.934648502775,-23717.828228555212,1222.6870709872805,-7738.94377006658,10584.605151309552,-38256.705587496785,-10376.907791462687,-6137.886944594164,-29084.053917337307,-14573.122911050668,15016.472092938602,3447.787171887231,-7342.447391433191,16068.329151428705,-18912.28985493665,27081.85614940896,13744.164863749877,-3925.0818046094328,2626.263130482843,-11726.978029947813,30528.006709027562,5281.841070065816,10944.493305317694,19333.871494065133,-1377.681544884076,406.2063991324695,7855.658955893457,-10052.191961793806,5364.123071127555,-2900.6978281673946,-5919.329034714698,9083.56744482622,859.0002589050791
-900.4524647504629,-3930.1277627948593,5061.069864120413,6732.651466243722,-2498.8496988536144,2906.941158460483,-2668.168651387372,-1148.6403868708674,1233.4364219866484,-2334.787367629695,698.8385461945612,-2353.4822454140003,-5445.786242252986,280.7127771070493,-1776.6451772382368,2430.3676992571354,-8784.118556393456,-2382.485607185754,-1409.223691947788,-6677.752118259446,-3346.067541707296,3447.787171887231,791.6444956032442,-1686.0192086283632,3689.2375737710995,-4342.257624651011,6218.2614638206505,3155.758173453386,-901.2252909749641,602.9464974114496,-2692.6742489691937,7009.366605259448,1212.6689212913504,2513.035098908109,4439.047029171161,-316.27652817390646,93.21243990780016,1803.7327574065425,-2308.145719760997,1231.6491479824783,-666.0399131914821,-1359.2933415132734,2085.628280504877,197.25062232296003
1917.7491227911178,8369.750670419622,-10778.639916088587,-14339.087550081149,5322.155411409448,-6190.3030569089115,5681.016045829743,2446.6241479261294,-2627.5490455338086,4972.765669402424,-1489.465089027498,5012.608608982338,11598.701675040751,-597.5498540967748,3782.0981659723443,-5176.609953036843,18709.268376726264,5073.250844244129,3000.6869156396815,14221.342991367694,7126.339462888775,-7342.447391433191,-1686.0192086283632,3592.0314416328747,-7856.328086752573,9247.233607487058,-13244.180055379158,-6721.281973699521,1919.439405986561,-1283.7125345285788,5735.341036161042,-14928.016507786702,-2582.3780441591575,-5353.14246454703,-9453.331363600499,673.4037308798663,-198.2150536517148,-3841.7618982504605,4916.565418252721,-2623.3281309574754,1418.6862979827315,2896.20022450216,-4441.8418935136315,-420.1667644152056
-4196.500756280453,-18316.133002961476,23586.385864691478,31376.27146389419,-11645.156528661159,13548.122176952418,-12436.068067900036,-5352.809130241887,5747.477848372504,-10880.566991370488,3255.576377854939,-10967.70859256826,-25378.82844760156,1308.3879690191288,-8281.52663462248,11325.714753935712,-40935.65629726354,-11103.916204224985,-6567.933750391877,-31121.209897177305,-15593.772418784372,16068.329151428705,3689.2375737710995,-7856.328086752573,17193.993420380168,-20237.09015221123,28978.299626322565,14706.69154605522,-4199.959314995998,2810.3203852383626,-12548.085075231626,32666.145918469872,5651.916724076606,11710.7096105245,20688.200844607596,-1474.2687681420236,434.7671985689373,8405.755692859255,-10755.971296711086,5739.757379962527,-3103.8098996725435,-6333.500106333706,9719.752990636296,919.1162459699602
4939.264623644976,21557.985854979914,-27761.15739372035,-36929.93471441863,13706.462327530877,-15945.94012787012,14636.847000682521,6300.342562273894,-6764.9788507199555,12806.53021256559,-3832.151267621318,12909.093651084928,29871.01857990681,-1539.9315403437513,9746.895437081344,-13330.515234259785,48181.654837503396,13069.108958956163,7730.330222165012,36629.52810584673,18353.89696924617,-18912.28985493665,-4342.257624651011,9247.233607487058,-20237.09015221123,23818.910976649022,-34107.72210025328,-17309.849341022586,4943.362411056435,-3307.626871529424,14769.287609352841,-38448.060016842814,-6652.214557484608,-13783.750570673577,-24349.835762109135,1735.1601781915604,-511.60908816958505,-9893.61601393471,12659.998061646176,-6755.739408329268,3653.2479956577067,7454.881995181868,-11440.145152050887,-1081.8323081590956
-7073.04118552683,-30870.593720586538,39754.16683644576,52884.5586718497,-19628.293616870218,22833.43764694143,-20957.514111212677,-9022.646747889994,9688.793704405052,-18339.634370289787,5489.801579157731,-18486.50156979797,-42776.529831307,2204.759912165425,-13954.58814313952,19090.577705647855,-68999.13767015193,-18713.748230878504,-11068.963516205025,-52452.910225428015,-26283.09789486856,27081.85614940896,6218.2614638206505,-13244.180055379158,28978.299626322565,-34107.72210025328,48844.297356202784,24788.420419154038,-7079.090976018756,4735.9090687370235,-21150.986176024107,55057.86977856001,9525.32728205975,19740.25277896778,34867.99598404559,-2484.289646792627,732.0835518742697,14168.327128272584,-18130.67707166214,9674.650572444298,-5231.777586756202,-10677.727288503802,16382.427726223976,1549.38994105417
-3589.606508369463,-15666.945921064002,20175.317992284974,26838.98226449631,-9961.332604744113,11588.138388123847,-10636.21203685059,-4578.971599747593,4916.952198954767,-9307.337082726746,2785.867567727209,-9381.876878056095,-21709.128082887823,1118.9356280640336,-7082.263265894527,9688.3919235383255,-35016.97063388461,-9497.361300204098,-5617.584402801427,-26620.044342550194,-13338.719437495747,13744.164863749877,3155.758173453386,-6721.281973699521,14706.69154605522,-17309.849341022586,24788.420419154038,12580.14712986982,-3592.6400207343,2403.539722772686,-10734.050014384678,27941.985343631324,4834.216088340264,10018.080989879367,17695.692098044907,-1260.8435436731738,371.59784102919457,7190.411689789422,-9201.236501977544,4909.887732458327,-2655.119707396382,-5418.769487245936,8314.110613840274,786.2845339461347
1025.1167326987913,4474.183540128636,-5761.699127872674,-7664.705723410723,2844.7650846269707,-3309.3713305864235,3037.5343729644287,1307.6646182102297,-1404.1819448390756,2658.001374999884,-795.596715051206,2679.2791237340716,6199.683857744234,-319.5594522192852,2022.584273023483,-2766.827726262035,10000.17571044559,2712.288936957139,1604.288070725081,7602.1988511886575,3809.268723911522,-3925.0818046094328,-901.2252909749641,1919.439405986561,-4199.959314995998,4943.362411056435,-7079.090976018756,-3592.6400207343,1025.9995192014696,-686.4250570169011,3065.426011474425,-7979.710426554672,-1380.5436256266255,-2860.9630595172034,-5053.564392815016,360.06847850960884,-106.12716651753136,-2053.4435094657983,2627.6711007687486,-1402.1602716251778,758.234510091995,1547.4697159353952,-2374.3589634146037,-224.5575461083301
-685.8618996039324,-2993.6187065636254,3854.919676432786,5127.978513969525,-1903.1765922614914,2214.4409531211254,-2032.8715823244977,-874.7735192638279,939.1942091117905,-1778.219582650649,531.830312517847,-1792.4454613140342,-4147.689230178671,213.90518922027428,-1353.9041818995781,1850.9213832312796,-6690.079962899849,-1814.9801667581496,-1073.5740927097581,-5086.487234280102,-2548.5615949104645,2626.263130482843,602.9464974114496,-1283.7125345285788,2810.3203852383626,-3307.626871529424,4735.9090687370235,2403.539722772686,-686.4250570169011,459.42204934511113,-2050.6582834400374,5338.881847950619,923.7893785650306,1913.736901570424,3381.376701304964,-240.99419114521527,71.13960803308501,1373.752385462189,-1757.7186575024737,938.0320935298548,-507.22004359227236,-1034.8264586477417,1588.571679373839,150.20380744441408
3062.7880357680824,13367.61155060814,-17214.481913074036,-22900.3341189605,8499.593480962094,-9887.219219701221,9074.714220930915,3907.084178439647,-4195.666313765966,7941.575287657018,-2377.5087606567727,8005.1778459905045,18523.394247241555,-954.6501457308162,6042.222116295914,-8266.832050848498,29878.61430181885,8103.302544843009,4792.992629212055,22713.204097939637,11381.236120752239,-11726.978029947813,-2692.6742489691937,5735.341036161042,-12548.085075231626,14769.287609352841,-21150.986176024107,-10734.050014384678,3065.426011474425,-2050.6582834400374,9159.06528099357,-23841.33764327411,-4124.596413260587,-8548.24262487164,-15098.491424642853,1075.6847877113,-316.9262253518375,-6135.303010443413,7851.231833437677,-4189.406218639867,2265.535665283078,4624.044912780875,-7093.977191798626,-670.9471022013241
-7972.976667915333,-34798.73949163877,44812.270251529866,59612.90614977529,-22125.358514746036,25739.4126696027,-23625.59638312042,-10170.330564810534,10920.755015138984,-20672.714004793786,6187.028599961833,-20838.257139482128,-48218.51396644632,2485.5576407665417,-15731.933500497815,21518.847566353965,-77776.58683754782,-21095.585437064536,-12477.881105517612,-59127.23866121602,-29627.070041108072,30528.006709027562,7009.366605259448,-14928.016507786702,32666.145918469872,-38448.060016842814,55057.86977856001,27941.985343631324,-7979.710426554672,5338.881847950619,-23841.33764327411,62063.141459682025,10737.667485782305,22250.78369774368,39305.0915586702,-2800.6552922881956,825.5587138817933,15970.656470493162,-20436.60244811266,10905.352886859908,-5897.236167237314,-12034.896707613425,18466.80597063772,1746.4191789537783
-1379.4505667936312,-6020.718471747359,7753.04298607504,10313.64355539385,-3827.837064789863,4453.470209833532,-4087.983216933889,-1759.5043645506812,1889.1523171500953,-3576.498815318463,1069.975387278357,-3605.1595067806056,-8342.253124910103,430.0824469878548,-2722.403543484029,3722.76111794505,-13455.773221481024,-3650.0082885041243,-2158.974160938797,-10229.88387946039,-5125.829823617952,5281.841070065816,1212.6689212913504,-2582.3780441591575,5651.916724076606,-6652.214557484608,9525.32728205975,4834.216088340264,-1380.5436256266255,923.7893785650306,-4124.596413260587,10737.667485782305,1857.9361068062137,3849.325380669461,6800.478936649031,-484.67048391679367,142.94175926361447,2763.000933842982,-3535.5242991319324,1886.7078318529557,-1020.2592563975177,-2081.7572590992177,3194.9615868314795,302.089530160068
-2858.4791504294194,-12475.674753607253,16066.02189537637,21372.70577326256,-7932.628238869508,9227.382749823531,-8468.82122539586,-3646.546078282304,3915.97780661535,-7411.860697591575,2219.2950335831597,-7471.215331120874,-17287.8525968096,890.8511662980369,-5638.549445452806,7715.538279740607,-27885.820383382874,-7562.415503562515,-4473.018395964965,-21197.778658309482,-10621.97125135929,10944.493305317694,2513.035098908109,-5353.14246454703,11710.7096105245,-13783.750570673577,19740.25277896778,10018.080989879367,-2860.9630595172034,1913.736901570424,-8548.24262487164,22250.78369774368,3849.325380669461,7978.353666459824,14090.999993166382,-1003.8654068711289,295.69982772285175,5726.110752931273,-7327.719920643783,3910.0052258252886,-2114.4476063746165,-4315.988066488441,6620.725193507715,626.2115202698468
-5049.362415847331,-22038.528251162377,28379.981106511892,37753.134867005465,-14011.975945773022,16301.400849345207,-14963.140611065546,-6440.777149003503,6915.768938747413,-13091.992934906602,3917.573100710947,-13196.83659347162,-30536.841217531215,1574.2591468259534,-9964.176243283242,13627.673819414083,-49255.652359023625,-13360.443330799055,-7902.648254235501,-37446.03770829411,-18763.003592784928,19333.871494065133,4439.047029171161,-9453.331363600499,20688.200844607596,-24349.835762109135,34867.99598404559,17695.692098044907,-5053.564392815016,3381.376701304964,-15098.491424642853,39305.0915586702,6800.478936649031,14090.999993166382,24892.614771028035,-1773.8284075852912,523.0255349088865,10114.16376624382,-12942.177050329306,6906.3249641459115,-3734.6618832937447,-7621.032103046035,11695.162021678261,1105.9534175457654
359.8040114155896,1570.3918640242705,-2022.1763400239681,-2690.008221752793,998.348442051005,-1161.684652399575,1066.4506071273718,458.8942826128098,-492.6198876282653,932.7893187316708,-278.9014446925893,940.2657898538274,2175.7957443969303,-112.2043388538231,710.3207250765763,-970.8801331182027,3509.388908054108,952.1055003884294,563.1754124197938,2668.283755910715,1336.9239741250353,-1377.681544884076,-316.27652817390646,673.4037308798663,-1474.2687681420236,1735.1601781915604,-2484.289646792627,-1260.8435436731738,360.06847850960884,-240.99419114521527,1075.6847877113,-2800.6552922881956,-484.67048391679367,-1003.8654068711289,-1773.8284075852912,126.47352038712712,-37.32717910738934,-720.5997281204641,922.030481141353,-492.07384306343073,266.08801487195353,542.7871055474787,-833.319014282663,-78.77286885070458
-106.07190644513685,-462.9950347264566,596.1017219891099,792.8748786389826,-294.1972822726258,342.59360507064815,-314.69561499810726,-135.19224379165985,145.05291072440983,-274.87874768869193,81.93758108466217,-277.07703939612867,-641.2468661827214,33.11816798545756,-209.7650813900837,286.0647783725102,-1034.1410061969284,-280.8206833964237,-166.12183582226427,-786.6449114856496,-394.0648612188718,406.2063991324695,93.21243990780016,-198.2150536517148,434.7671985689373,-511.60908816958505,732.0835518742697,371.59784102919457,-106.12716651753136,71.13960803308501,-316.9262253518375,825.5587138817933,142.94175926361447,295.69982772285175,523.0255349088865,-37.32717910738934,11.094019188932878,212.3691293232811,-271.60686433773566,145.00763050721258,-78.38947961292673,-159.71460003587282,245.63835434412317,23.192547403061496
-2051.691263328643,-8954.655212257241,11531.525966445522,15340.279491669471,-5693.57615630016,6623.287192822625,-6079.125809534569,-2617.2002112764426,2810.4551921317698,-5319.785345413522,1592.4443810592022,-5362.389964273177,-12408.24536918468,639.5110265251848,-4047.7684687816236,5537.652341499277,-20014.660555065937,-5428.287469826438,-3210.759697690667,-15215.030251805429,-7623.962782406447,7855.658955893457,1803.7327574065425,-3841.7618982504605,8405.755692859255,-9893.61601393471,14168.327128272584,7190.411689789422,-2053.4435094657983,1373.752385462189,-6135.303010443413,15970.656470493162,2763.000933842982,5726.110752931273,10114.16376624382,-720.5997281204641,212.3691293232811,4109.859187321223,-5259.206581758737,2806.3471952174464,-1517.5827938760067,-3097.3314581820887,4752.065869507132,449.4308708027621
2625.4133764064136,11458.54371100776,-14756.107834643904,-19630.06854518573,7285.841312624925,-8475.094210031526,7778.45603820252,3349.1880870831806,-3596.6381274745654,6807.517258152217,-2038.2098429192586,6862.0447464942345,15878.275247020292,-818.2473885468183,5178.983644122512,-7086.388377606199,25612.0326710185,6945.906406890646,4108.388592556621,19469.47884779362,9755.94665116597,-10052.191961793806,-2308.145719760997,4916.565418252721,-10755.971296711086,12659.998061646176,-18130.67707166214,-9201.236501977544,2627.6711007687486,-1757.7186575024737,7851.231833437677,-20436.60244811266,-3535.5242991319324,-7327.719920643783,-12942.177050329306,922.030481141353,-271.60686433773566,-5259.206581758737,6730.211833328004,-3591.1880782944468,1942.053564450978,3963.983155189369,-6080.904007851574,-575.1364078880481
-1400.9785898879807,-6114.561781147841,7874.1344305006905,10474.907866427397,-3887.7861724680806,4522.626221653725,-4151.039543899044,-1787.1334835810808,1919.0706984288363,-3632.5423878164297,1087.368210662557,-3661.6411463837803,-8472.829081750057,436.6740755979108,-2763.9682538226216,3781.2902387144213,-13666.74766178877,-3706.6170701668243,-2192.412764645493,-10389.38497531513,-5205.929700607631,5364.123071127555,1231.6491479824783,-2623.3281309574754,5739.757379962527,-6755.739408329268,9674.650572444298,4909.887732458327,-1402.1602716251778,938.0320935298548,-4189.406218639867,10905.352886859908,1886.7078318529557,3910.0052258252886,6906.3249641459115,-492.07384306343073,145.00763050721258,2806.3471952174464,-3591.1880782944468,1916.2848227200564,-1036.2745897329442,-2114.97657950227,3244.8808906252093,306.8786422182688
757.6019913714642,3306.5237143035743,-4258.051221924192,-5664.472332157638,2102.405009124943,-2445.625599484857,2244.635935397503,966.4338591753401,-1037.8141059917966,1964.373317419214,-588.0742598107079,1980.1100870110824,4581.861743945205,-236.1250079440054,1494.550737530129,-2044.8159261431651,7390.580183234962,2004.3541995849732,1185.5513555206917,5618.17691156051,2815.2028511698704,-2900.6978281673946,-666.0399131914821,1418.6862979827315,-3103.8098996725435,3653.2479956577067,-5231.777586756202,-2655.119707396382,758.234510091995,-507.22004359227236,2265.535665283078,-5897.236167237314,-1020.2592563975177,-2114.4476063746165,-3734.6618832937447,266.08801487195353,-78.38947961292673,-1517.5827938760067,1942.053564450978,-1036.2745897329442,560.4094317940122,1143.8002864931593,-1754.7113264257557,-165.94714097533833
1546.0752853631043,6747.562534097197,-8689.71043390031,-11560.189603826158,4290.786764653292,-4990.351346663916,4579.557044471258,1972.5131947901746,-2118.5743996674732,4009.126403093395,-1201.1796486421065,4041.227334901602,9350.998350273416,-481.6759605635226,3048.5599358611375,-4173.59030208839,15083.771863179274,4089.8003416905326,2418.9946363195913,11465.007350946675,5745.255909332106,-5919.329034714698,-1359.2933415132734,2896.20022450216,-6333.500106333706,7454.881995181868,-10677.727288503802,-5418.769487245936,1547.4697159353952,-1034.8264586477417,4624.044912780875,-12034.896707613425,-2081.7572590992177,-4315.988066488441,-7621.032103046035,542.7871055474787,-159.71460003587282,-3097.3314581820887,3963.983155189369,-2114.97657950227,1143.8002864931593,2335.3363917609004,-3580.9936538570614,-338.7649881751474
-2372.348053748013,-10354.312647924007,13333.836228214766,17737.765710716147,-6583.378193014322,7658.715020947537,-7029.7337255457205,-3026.1803470206673,3249.4745128045506,-6151.14786476818,1840.9770737752337,-6200.408519276557,-14347.36831682305,739.5650218917331,-4680.97197887693,6402.930759360293,-23142.37516533277,-6276.950634072686,-3712.7615780888427,-17593.229055870826,-8815.499482454168,9083.56744482622,2085.628280504877,-4441.8418935136315,9719.752990636296,-11440.145152050887,16382.427726223976,8314.110613840274,-2374.3589634146037,1588.571679373839,-7093.977191798626,18466.80597063772,3194.9615868314795,6620.725193507715,11695.162021678261,-833.319014282663,245.63835434412317,4752.065869507132,-6080.904007851574,3244.8808906252093,-1754.7113264257557,-3580.9936538570614,5494.78249327101,519.6521859973668
-224.33841614272416,-979.1778229338099,1260.9930481517708,1677.5027530461139,-622.6343816879823,724.2245419407018,-664.6766785130474,-286.21714369837355,307.3782888969699,-581.7585012764766,174.23902239507663,-586.4135814596102,-1356.8593869230028,69.93367376288184,-442.5200005731275,605.600841501107,-2188.7356349577212,-593.564253688957,-351.08022544101493,-1663.7627891537493,-833.6846564585692,859.0002589050791,197.25062232296003,-420.1667644152056,919.1162459699602,-1081.8323081590956,1549.38994105417,786.2845339461347,-224.5575461083301,150.20380744441408,-670.9471022013241,1746.4191789537783,302.089530160068,626.2115202698468,1105.9534175457654,-78.77286885070458,23.192547403061496,449.4308708027621,-575.1364078880481,306.8786422182688,-165.94714097533833,-338.7649881751474,519.6521859973668,49.1697907316801
