V1,V2,V3,V4,V5,V6,V7,V8,V9,V10,V11,V12,V13,V14,V15,V16,V17,V18,V19,V20,V21,V22,V23,V24,V25,V26,V27,V28,V29,V30,V31,V32,V33,V34,V35,V36,V37,V38,V39,V40,V41,V42,V43,V44
0.2076421266843033,-0.1454120230679188,0.005176258998784529,-0.11584356937394634,-0.42827986435996096,0.14146537535683745,-0.21207074831891934,0.01249486682467715,-0.25111041184253385,0.05405980654067076,0.07406958638750848,-0.15847146177841462,-0.29789505431007623,-0.14910549841521029,-0.026527320294469275,-0.17538686014352525,0.15353684970284878,-0.194481543016939,0.2698203372735383,-0.1280153091237056,0.26963499916852074,0.14870908127908689,0.028234250844653436,-0.014587737466076677,-0.2247991078978101,-0.19979714821192157,-0.23893939181792037,-0.19021199266383115,0.305213857763695,-0.48143615708633897,-0.10724651217323626,0.12267086170192405,-0.08368596234886656,0.08616272764342542,-0.28695682471555367,-0.17095830325827396,-0.03955496711794805,-0.2235274047492312,-0.4053102911829409,-0.12573295127193182,0.2241652131729219,0.04520493580932356,-0.34800857525662177,0.18191399505501357
-0.1454120230679188,0.7169724179665856,-0.04788828934658342,0.17203564045783293,-0.20725475826688647,-0.7219649938903699,0.6448597177475799,0.16109362116183587,0.2178950627232481,0.7924921027903908,0.3991867564604692,0.550493878914027,0.24705686034736046,0.3889672862647956,0.4812086935864435,-0.02382079674309609,-0.5272290801719289,0.766097224195999,-0.187378881775113,0.5931664694379654,-0.7654533656619062,0.35631221738758817,-0.2579390936436276,-0.2714560707283056,-0.08695986172592146,-0.9817431986781425,0.0347511802281401,-0.22569500193556996,-0.929661965994755,0.02455038633669034,-0.15522169074574804,-0.9554083870993272,0.4417443001912265,-0.18103399049072003,0.4132103190096252,-0.4205234554510449,-0.23624340034465469,0.3782071782716349,1.438641021750316,0.5758826518726601,0.025725037987710933,-1.0816617950542735,-0.3467201655150355,-0.21457305341514685
0.005176258998784529,-0.04788828934658342,0.12164815529288861,0.017951303071189115,-0.1035434937625205,-0.1233965443928852,-0.03086442383620444,0.07329266870935713,-0.0904140796912484,-0.08927335379944017,-0.1029723550919187,0.055950803294441145,-0.2462715458524383,-0.11150192099738974,-0.05637227180085337,-0.15654440525436647,0.06812113849924209,-0.019484954296511592,0.18797393499624893,-0.09324548326788326,-0.015274407742403294,0.16284954830573348,-0.1725676355443357,-0.08569903782233908,-0.1250914546687499,-0.1936590767487488,0.0919851615082598,0.1471483676817014,-0.09857710480871414,-0.06952256344254319,0.05872776688252971,-0.19894902890376762,0.07897761657794443,0.026754066389393056,0.13104520098552727,-0.041781802282755486,-0.11834526319120338,0.053613860344582424,0.07699122279656838,-0.1662038671171144,0.23663621052368686,-0.06668470825975545,-0.029960079739651372,-0.017648783053646075
-0.11584356937394634,0.17203564045783293,0.017951303071189115,0.47289862183625414,0.48498393341893126,-0.30932608836078557,0.3632001925859717,-0.3774422242828274,0.2588256297800167,-0.9865385689156088,-0.674082510093294,0.33708615680082454,0.4064135497901433,-0.2588168291902031,-0.26025798785590243,-0.35333925317103965,-0.11872273091423782,-0.15173518905001013,-0.022054992247782963,-0.14790478137561922,0.195058730894169,-0.05452618721327964,-0.5752142877471961,-0.5049814832547269,0.4677286994375692,0.21328547445111112,0.6118940621789305,-0.02902637117160395,-0.5092056788902035,0.9315614970950665,0.42385530683631956,-0.26662655258253226,0.1698250400747183,0.3753687206200009,0.4360046703077906,0.6180251303957479,-0.4340399979143414,0.42712974473573406,0.9765904348850399,-0.26136642714504926,0.13217253063567524,0.5618045810342808,0.6564735190621728,-0.34862663712683334
-0.42827986435996096,-0.20725475826688647,-0.1035434937625205,0.48498393341893126,1.9009560339774825,0.3943045086233669,0.18198284179193014,-0.6139801749223316,0.7387475227330641,-1.8581429453448945,-1.09214990354807,0.025397217657358268,1.1206065028407701,-0.09325714253798943,-0.6525840296485533,0.40850615168518456,0.018324433545211113,-0.5577976629869155,-0.7119038651771885,-0.32435565802359734,0.49298794757905823,-1.0708533233117767,-0.01618978388651649,-0.06570939076776725,1.315698316105165,2.096259133283394,1.0073526008259275,0.5282542203632695,-0.06053927230284485,2.0751733302397932,0.8038938323307686,0.7978149462667987,-0.24953801561713454,0.25348011905108714,0.502277465642729,1.4629610169043739,0.050662091560376085,0.48463706312092864,0.23509873991700286,-0.3500026263125178,-0.7272814805875144,1.6673841502455138,1.8688185060864515,-0.5095275088164423
0.14146537535683745,-0.7219649938903699,-0.1233965443928852,-0.30932608836078557,0.3943045086233669,1.1321929854028048,-0.7026610650824178,-0.22678086919445342,-0.10648294151645293,-0.7703421702180914,-0.23800152515986375,-0.7366831068039376,0.0308268534674318,-0.19075842094702244,-0.3809447348597784,0.35069349251926174,0.47139942088014636,-0.8899217036033541,-0.019913566880253225,-0.5125120378805682,0.8333207994039835,-0.6994833549230586,0.6479434114203099,0.4579758656479093,0.3040573402527889,1.434322176847904,-0.16177274740141862,0.14371532242906848,1.2193961883112086,0.021378601788911603,0.07894150954502127,1.4863273395890555,-0.6699058356316729,0.03409568263334978,-0.6358783570643394,0.4727376128062152,0.41914436344138306,-0.4539522991655214,-1.880215098141271,-0.3619452581795405,-0.41167115762903944,1.21503421532031,0.4197670472237578,0.26595096623828146
-0.21207074831891934,0.6448597177475799,-0.03086442383620444,0.3632001925859717,0.18198284179193014,-0.7026610650824178,0.7009665953270698,-0.03374247177293923,0.341854990387774,0.1883355546273236,0.009020921056419176,0.6070051799456876,0.4418183562085428,0.2540841160185512,0.2710931433368315,-0.0881875163800086,-0.4980931881617983,0.5758129712438922,-0.2428629683998524,0.42611902124442624,-0.554650818004195,0.1999649632903585,-0.4078596230982459,-0.4071598888022649,0.2067607494934033,-0.5698098323773845,0.3449822100846487,-0.10979511753298672,-0.999878992613102,0.5378913368404014,0.09031849533996401,-0.8713905334365633,0.4149975805252638,-0.02332957841669109,0.5803162668873612,-0.02788784896547558,-0.3472070337886013,0.5271848215044577,1.6144647666990344,0.3768735700136846,0.008906259138429925,-0.6023153207919892,0.10743017011492123,-0.36202102675137365
0.01249486682467715,0.16109362116183587,0.07329266870935713,-0.3774422242828274,-0.6139801749223316,-0.22678086919445342,-0.03374247177293923,0.7278868631680702,-0.19243870223188958,1.7179580696860053,1.0027151469107471,0.05299854316028482,-0.5101493312378301,0.6033140936588423,0.6841469154913449,0.4165523304134361,-0.14708424549558344,0.7517483815330293,0.0075538541567304095,0.5026277590372729,-0.7863534144030977,0.4024276860283673,0.5020976398512614,0.3980975720076751,-0.7104444597978724,-0.9297352338041306,-0.5792763636428022,0.3300117628715534,-0.143744133823725,-1.07579041914604,-0.5866172584155139,-0.5705159005930879,0.0985188442771587,-0.7681801491660039,-0.07109917146179201,-1.0746354378589074,0.20773461516471217,-0.12651175417614274,-0.15294724763525674,0.6050732556582756,0.05579454091643842,-1.5102932079142453,-0.9589468015312632,0.20062182364999118
-0.25111041184253385,0.2178950627232481,-0.0904140796912484,0.2588256297800167,0.7387475227330641,-0.10648294151645293,0.341854990387774,-0.19243870223188958,0.4282605803496264,-0.3850373781830629,-0.2436571153606002,0.21808796094219243,0.6320490010188828,0.15681701023465372,-0.051624745501076263,0.21491432503696983,-0.22303779199302906,0.11645218417517793,-0.43730064112164957,0.1386831660527112,-0.13817419479565618,-0.3452118810701822,-0.06029918987927675,-0.08635998564502206,0.5262346270850539,0.5127184269674079,0.3992975467330411,0.10520530651859629,-0.38119762007542707,0.8909947504330211,0.24425440914451227,-0.014808081194391224,0.06250305875820568,0.013798177685345308,0.34361964000293366,0.44226686786444974,-0.016105835828675225,0.3341707497298161,0.650116385004613,0.14032956895664095,-0.37028851771012755,0.2431088172911599,0.6420585590348343,-0.2927385681212436
0.05405980654067076,0.7924921027903908,-0.08927335379944017,-0.9865385689156088,-1.8581429453448945,-0.7703421702180914,0.1883355546273236,1.7179580696860053,-0.3850373781830629,5.329538593704924,3.117076772712995,0.19041793143348015,-0.7898965083199424,1.7861557664831997,1.9670665723398975,1.2130609200960796,-0.7084870488444694,2.4725861638135593,-0.5036011248491734,1.7285965314177136,-2.2783113575212974,1.0579563060349264,1.4672674993487462,1.218346894184108,-1.8439474676221173,-2.7569012471737246,-1.981911189513357,-0.03393419879166022,-0.4188730876688768,-2.9585591539579665,-1.8026124048420686,-1.6001687258280717,0.38748142336997793,-1.7715824517668846,-0.49422262058211863,-3.00383967736946,0.9949623150738552,-0.6236709983418315,0.04933116407785358,2.1350628113391332,-0.3065315512787049,-4.2585182596164115,-2.8840693615360733,0.637354865655046
0.07406958638750848,0.3991867564604692,-0.1029723550919187,-0.674082510093294,-1.09214990354807,-0.23800152515986375,0.009020921056419176,1.0027151469107471,-0.2436571153606002,3.117076772712995,1.898852607942405,-0.008174963295278583,-0.4501533106968112,1.0904220971879846,1.1763557226118393,0.8108848880135722,-0.3738970049555355,1.3360350122147886,-0.299286967289905,0.9940912642094141,-1.2323234937153598,0.503365518009166,1.0305927871494047,0.798023438517721,-1.055774830329911,-1.4518917486138656,-1.2532813642099596,-0.035695142152871305,-0.041554585443899617,-1.82245389408672,-1.1032836996350686,-0.6714601682034673,0.10307055976922358,-1.0986949309373906,-0.4366671787445366,-1.7756763940374005,0.641419539756368,-0.45016209534276297,-0.2947543005843873,1.2788439460961076,-0.2726101590878897,-2.418452540885705,-1.7233156309040147,0.4354069563151761
-0.15847146177841462,0.550493878914027,0.055950803294441145,0.33708615680082454,0.025397217657358268,-0.7366831068039376,0.6070051799456876,0.05299854316028482,0.21808796094219243,0.19041793143348015,-0.008174963295278583,0.6137870435703819,0.19806231932157528,0.1897210118276215,0.28195675809087783,-0.19814129760236068,-0.4092943570837084,0.5413926202694623,-0.0477330748227994,0.3280655057740211,-0.50432714963998,0.33641754504728644,-0.46255951977192206,-0.44185188628866345,0.04045552667431401,-0.7317099384516235,0.33851991824167527,0.03761966141809072,-0.982119236528214,0.36346919704955416,0.06763746704314397,-0.9623664100794802,0.4120277090871261,-0.06517742122058234,0.590887364925034,-0.1307672196373769,-0.45385792859731083,0.5080375137052446,1.5125658173486716,0.2567293267602527,0.21669809547432278,-0.6674870612358966,-0.007800927689984546,-0.33725298542053855
-0.29789505431007623,0.24705686034736046,-0.2462715458524383,0.4064135497901433,1.1206065028407701,0.0308268534674318,0.4418183562085428,-0.5101493312378301,0.6320490010188828,-0.7898965083199424,-0.4501533106968112,0.19806231932157528,1.140689285877014,0.12118731494256967,-0.1866918244543718,0.275262459318647,-0.2920475826799805,-0.009430064703664856,-0.7184160321371187,0.10514043556623609,0.08223332846591754,-0.6553446587870806,-0.03740507743416053,-0.10865867423075112,0.9121214392084637,1.0250425664056804,0.5124899691027334,-0.12985543375624034,-0.30719243174290517,1.4052335829180804,0.37224798742144755,0.3043988101429216,-0.03145441373567986,0.2216423351056149,0.2766825599906475,0.8472278781710845,0.06610243252261605,0.34182905584412104,0.7477057512246975,0.16796676177571276,-0.6853227804905503,0.7705195659227495,1.0279544622550096,-0.3778179649455419
-0.14910549841521029,0.3889672862647956,-0.11150192099738974,-0.2588168291902031,-0.09325714253798943,-0.19075842094702244,0.2540841160185512,0.6033140936588423,0.15681701023465372,1.7861557664831997,1.0904220971879846,0.1897210118276215,0.12118731494256967,0.9597391366768473,0.8515835175053261,0.7952520610364314,-0.4286931499641261,0.9628219511713402,-0.4849715679359754,0.7627165420965034,-0.9410957432535142,0.06595132992015496,0.7454227316328751,0.45208070192876226,-0.2982224019320392,-0.5035295187387279,-0.4756893928315402,0.31077793498677403,-0.345409187772241,-0.5468378847529283,-0.5742145932181311,-0.4525407700098644,0.04221197260623719,-0.9260931331705142,0.036142161432579416,-0.9131182134693623,0.29829066256832265,0.04369271989937761,0.23680514957280033,0.997210006723254,-0.42906719806373356,-1.5002683439176299,-0.6418459904318897,0.024875488046355795
-0.026527320294469275,0.4812086935864435,-0.05637227180085337,-0.26025798785590243,-0.6525840296485533,-0.3809447348597784,0.2710931433368315,0.6841469154913449,-0.051624745501076263,1.9670665723398975,1.1763557226118393,0.28195675809087783,-0.1866918244543718,0.8515835175053261,1.1056008703196756,0.42241117889560736,-0.45651634502661464,1.0216268727137556,-0.06250337003938032,0.7221938933785803,-1.068665384142518,0.45940974400502405,0.5006472452844961,0.252745326363369,-0.6753545618986289,-1.2130414426975635,-0.564573004787187,0.26027590640131254,-0.4694761434753408,-0.9582921958301884,-0.774237816646066,-0.7454560100225074,0.11158160030575393,-0.98072215468979,-0.02037775405862562,-1.1766133776939538,-0.031143301728334953,0.08766233976069497,0.308081390731686,0.9778312712745952,-0.05798163054637938,-1.8546946091165453,-1.0626633334654283,0.058238867560797006
-0.17538686014352525,-0.02382079674309609,-0.15654440525436647,-0.35333925317103965,0.40850615168518456,0.35069349251926174,-0.0881875163800086,0.4165523304134361,0.21491432503696983,1.2130609200960796,0.8108848880135722,-0.19814129760236068,0.275262459318647,0.7952520610364314,0.42241117889560736,1.0518657328471164,-0.1505412494528786,0.5055217658950699,-0.6978883487726042,0.48160683529492104,-0.49256337627226066,-0.4315614462998594,1.029240054774326,0.7526342465223546,0.03134044341943023,0.5243463697966899,-0.4363145322284876,0.390903844468549,0.2568312056737531,-0.2260470230837881,-0.3638714500640623,0.32346612582701845,-0.2396745070341462,-0.7532176078786058,-0.18358597310271926,-0.44631466060245595,0.6943113713527415,-0.1895972460996398,-0.6166473811780175,0.719601279805512,-0.7688708315711493,-0.6376405072186557,-0.13091358757758564,0.11967968955111456
0.15353684970284878,-0.5272290801719289,0.06812113849924209,-0.11872273091423782,0.018324433545211113,0.47139942088014636,-0.4980931881617983,-0.14708424549558344,-0.22303779199302906,-0.7084870488444694,-0.3738970049555355,-0.4092943570837084,-0.2920475826799805,-0.4286931499641261,-0.45651634502661464,-0.1505412494528786,0.45127107455200294,-0.6474323863072744,0.26286658441309096,-0.49048537875079357,0.6385925727844671,-0.17517862155621539,0.02491329741675283,0.10794984306823563,0.006556333712241262,0.5805997563861848,-0.013732905998737834,0.04952561201650717,0.6856680426107122,-0.08427009770383513,0.1623030773517236,0.6522210080811971,-0.2607372433584878,0.27574860145511493,-0.31353730246998285,0.3323960464849517,0.10856700224691426,-0.3019464637269041,-1.0141758407618815,-0.5533229278606803,0.12246574097741224,0.8539003025984873,0.20414441477122736,0.18753409959345263
-0.194481543016939,0.766097224195999,-0.019484954296511592,-0.15173518905001013,-0.5577976629869155,-0.8899217036033541,0.5758129712438922,0.7517483815330293,0.11645218417517793,2.4725861638135593,1.3360350122147886,0.5413926202694623,-0.009430064703664856,0.9628219511713402,1.0216268727137556,0.5055217658950699,-0.6474323863072744,1.5735594616242594,-0.4626055275941251,1.033907704011379,-1.4587206708558578,0.578904092918532,0.3398908280630633,0.3164833093414731,-0.6627235485925322,-1.5444325926137616,-0.5642618272658414,0.04092597459953649,-0.938925263342145,-0.7852954087664928,-0.6929746289280605,-1.3674891792811148,0.4873124828335043,-0.7999817646378088,0.2739354654135484,-1.278223940674808,0.26446296478106335,0.108903127265241,1.1900988256457867,1.169613454799114,-0.1709168799082668,-2.275902980190216,-1.0725479434991,-0.014842153169451807
0.2698203372735383,-0.187378881775113,0.18797393499624893,-0.022054992247782963,-0.7119038651771885,-0.019913566880253225,-0.2428629683998524,0.0075538541567304095,-0.43730064112164957,-0.5036011248491734,-0.299286967289905,-0.0477330748227994,-0.7184160321371187,-0.4849715679359754,-0.06250337003938032,-0.6978883487726042,0.26286658441309096,-0.4626055275941251,0.8637563200857329,-0.4116150331060867,0.3324179700336989,0.47174559618833517,-0.4709427382786401,-0.4023344123291699,-0.4188896686645972,-0.6120570340788303,0.052963651269786666,0.029388784058575552,0.12087490713080527,-0.5279291848059993,-0.002911894865247239,-0.09949145438983037,-0.004316217846407133,0.16222128014004747,-0.0871980079923954,-0.10593801004441743,-0.574113141871662,0.006590181898223399,-0.3004794056490437,-0.5161072196274858,0.769078334927947,0.11265502845790636,-0.35451843559916624,0.09581194448587843
-0.1280153091237056,0.5931664694379654,-0.09324548326788326,-0.14790478137561922,-0.32435565802359734,-0.5125120378805682,0.42611902124442624,0.5026277590372729,0.1386831660527112,1.7285965314177136,0.9940912642094141,0.3280655057740211,0.10514043556623609,0.7627165420965034,0.7221938933785803,0.48160683529492104,-0.49048537875079357,1.033907704011379,-0.4116150331060867,0.8223882503646562,-0.9972556918869843,0.2854424929581956,0.3515069217677566,0.2241064237420655,-0.34129764480691743,-0.9380065301797649,-0.43023630823139924,-0.07587647454460276,-0.5978305887926452,-0.5419967740089676,-0.48750712874718394,-0.7988580311069448,0.2991307877359215,-0.600274931383195,0.13045170446266777,-0.8888720679629223,0.20837638912776132,0.08254016288137224,0.7915802661955721,0.9226778445753048,-0.24369354403811247,-1.5670200686629736,-0.7375307285279369,0.009430973283557603
0.26963499916852074,-0.7654533656619062,-0.015274407742403294,0.195058730894169,0.49298794757905823,0.8333207994039835,-0.554650818004195,-0.7863534144030977,-0.13817419479565618,-2.2783113575212974,-1.2323234937153598,-0.50432714963998,0.08223332846591754,-0.9410957432535142,-1.068665384142518,-0.49256337627226066,0.6385925727844671,-1.4587206708558578,0.3324179700336989,-0.9972556918869843,1.6416818333430447,-0.5579535601632692,-0.2666490584959375,-0.28557826283173415,0.6641423158759633,1.4970293874372944,0.414531358078117,-0.2518467340252501,0.9635514471935908,0.7077144216059935,0.6894805503784411,1.2472762208616504,-0.4608576493814088,0.9322105391534204,-0.3629423908232503,1.1969906707951548,-0.14857737066798568,-0.2584007615242395,-1.014274782567083,-1.1243902228749179,0.1747799666834228,2.2643900729443067,0.9395278619278669,0.059234520215583744
0.14870908127908689,0.35631221738758817,0.16284954830573348,-0.05452618721327964,-1.0708533233117767,-0.6994833549230586,0.1999649632903585,0.4024276860283673,-0.3452118810701822,1.0579563060349264,0.503365518009166,0.33641754504728644,-0.6553446587870806,0.06595132992015496,0.45940974400502405,-0.4315614462998594,-0.17517862155621539,0.578904092918532,0.47174559618833517,0.2854424929581956,-0.5579535601632692,0.8751583845758785,-0.35567171776354134,-0.24524093419492574,-0.7780229864511701,-1.631176122886263,-0.3078040476713856,-0.16758279766313755,-0.5409877974094821,-0.970689788969709,-0.3714766222923811,-1.0801985275688741,0.40476651914325235,-0.152560708826898,0.11400830716571812,-0.8677523621527778,-0.3357532240301932,0.039637284944385565,0.7083665863693435,0.21716664567199667,0.6578568561738621,-1.2730519957642545,-1.020327999862083,0.09053117660607024
0.028234250844653436,-0.2579390936436276,-0.1725676355443357,-0.5752142877471961,-0.01618978388651649,0.6479434114203099,-0.4078596230982459,0.5020976398512614,-0.06029918987927675,1.4672674993487462,1.0305927871494047,-0.46255951977192206,-0.03740507743416053,0.7454227316328751,0.5006472452844961,1.029240054774326,0.02491329741675283,0.3398908280630633,-0.4709427382786401,0.3515069217677566,-0.2666490584959375,-0.35567171776354134,1.2809470275695005,0.9222006673750958,-0.259082604410301,0.43338085064783255,-0.7998656734791196,0.3127274764144263,0.7343180072465191,-0.8330296967571289,-0.5882079259502385,0.6135490179428547,-0.4425400952464023,-0.8249406458181989,-0.5874354462026582,-0.7032152600433998,0.7892435272280679,-0.504275427858603,-1.3768801957371117,0.678088960603518,-0.6693561913585435,-0.6515215269920217,-0.5420710782438084,0.3603458695003716
-0.014587737466076677,-0.2714560707283056,-0.08569903782233908,-0.5049814832547269,-0.06570939076776725,0.4579758656479093,-0.4071598888022649,0.3980975720076751,-0.08635998564502206,1.218346894184108,0.798023438517721,-0.44185188628866345,-0.10865867423075112,0.45208070192876226,0.252745326363369,0.7526342465223546,0.10794984306823563,0.3164833093414731,-0.4023344123291699,0.2241064237420655,-0.28557826283173415,-0.24524093419492574,0.9222006673750958,0.8666389309849059,-0.3149961204247545,0.2934961493387974,-0.684029032056961,0.17062432668297425,0.6638172830928434,-0.6948794272230537,-0.4511676309823136,0.483897701987902,-0.27770767601914853,-0.4945360114383485,-0.49763089374214753,-0.5058087189196694,0.8427717727639832,-0.535532645638326,-1.2245983423341014,0.4279887649853632,-0.5585859115163634,-0.4606959463327992,-0.41831424876236883,0.3543094308640313
-0.2247991078978101,-0.08695986172592146,-0.1250914546687499,0.4677286994375692,1.315698316105165,0.3040573402527889,0.2067607494934033,-0.7104444597978724,0.5262346270850539,-1.8439474676221173,-1.055774830329911,0.04045552667431401,0.9121214392084637,-0.2982224019320392,-0.6753545618986289,0.03134044341943023,0.006556333712241262,-0.6627235485925322,-0.4188896686645972,-0.34129764480691743,0.6641423158759633,-0.7780229864511701,-0.259082604410301,-0.3149961204247545,1.1415974887726343,1.5421202868944894,0.8378160989649056,0.010972483638682203,-0.051213302424124,1.6582660221396575,0.7546522004665336,0.6516306550189419,-0.1448313792138885,0.5362885530931177,0.3456436185252143,1.282014330459315,-0.12319576843645011,0.37727023700998596,0.40942874601715945,-0.4185098037844914,-0.41680745985815604,1.572814240892157,1.4475413053756294,-0.3959091704278784
-0.19979714821192157,-0.9817431986781425,-0.1936590767487488,0.21328547445111112,2.096259133283394,1.434322176847904,-0.5698098323773845,-0.9297352338041306,0.5127184269674079,-2.7569012471737246,-1.4518917486138656,-0.7317099384516235,1.0250425664056804,-0.5035295187387279,-1.2130414426975635,0.5243463697966899,0.5805997563861848,-1.5444325926137616,-0.6120570340788303,-0.9380065301797649,1.4970293874372944,-1.631176122886263,0.43338085064783255,0.2934961493387974,1.5421202868944894,3.380529868874019,0.8127759087849443,0.4470870714976943,1.213695008102841,1.9893888116980907,0.9353998170645855,2.2083334421079317,-0.8478613662827561,0.5466562295769907,-0.1956258911937623,1.9729505525112125,0.447919784555652,-0.07536643017568315,-1.5932902717851423,-0.8878318187450325,-0.9590343400608723,3.046620638770805,2.2088626915656886,-0.18103542631600603
-0.23893939181792037,0.0347511802281401,0.0919851615082598,0.6118940621789305,1.0073526008259275,-0.16177274740141862,0.3449822100846487,-0.5792763636428022,0.3992975467330411,-1.981911189513357,-1.2532813642099596,0.33851991824167527,0.5124899691027334,-0.4756893928315402,-0.564573004787187,-0.4363145322284876,-0.013732905998737834,-0.5642618272658414,0.052963651269786666,-0.43023630823139924,0.414531358078117,-0.3078040476713856,-0.7998656734791196,-0.684029032056961,0.8378160989649056,0.8127759087849443,1.1144554811972578,0.29151332647099326,-0.5424099177502043,1.5947677605885926,0.7867036606864777,0.025641239024053967,0.09940433444900008,0.5045717211633916,0.7069110353574581,1.1624562279378396,-0.6365902032735107,0.6808914222669387,0.9492603496980155,-0.6264511335905736,0.1345677923031879,1.2186992312406986,1.3263225179120979,-0.5400405013882107
-0.19021199266383115,-0.22569500193556996,0.1471483676817014,-0.02902637117160395,0.5282542203632695,0.14371532242906848,-0.10979511753298672,0.3300117628715534,0.10520530651859629,-0.03393419879166022,-0.035695142152871305,0.03761966141809072,-0.12985543375624034,0.31077793498677403,0.26027590640131254,0.390903844468549,0.04952561201650717,0.04092597459953649,0.029388784058575552,-0.07587647454460276,-0.2518467340252501,-0.16758279766313755,0.3127274764144263,0.17062432668297425,0.010972483638682203,0.4470870714976943,0.29151332647099326,1.10216509029979,-0.08569464331970261,0.2500266362343569,-0.021870819852257892,0.059876361551045504,-0.20834022214641779,-0.6883014554705069,0.29799167854551534,-0.017354321323922787,-0.15905910285099173,0.3058413350329463,-0.3778306572474056,0.020134648074335907,-0.04928872452096354,-0.15854030997509705,0.3499262975415925,-0.179505874565301
0.305213857763695,-0.929661965994755,-0.09857710480871414,-0.5092056788902035,-0.06053927230284485,1.2193961883112086,-0.999878992613102,-0.143744133823725,-0.38119762007542707,-0.4188730876688768,-0.041554585443899617,-0.982119236528214,-0.30719243174290517,-0.345409187772241,-0.4694761434753408,0.2568312056737531,0.6856680426107122,-0.938925263342145,0.12087490713080527,-0.5978305887926452,0.9635514471935908,-0.5409877974094821,0.7343180072465191,0.6638172830928434,-0.051213302424124,1.213695008102841,-0.5424099177502043,-0.08569464331970261,1.629227292327143,-0.571871589332888,-0.09756639819632389,1.5989207062022193,-0.7093469800331768,0.15042368004520154,-0.9971921756826474,0.24666414559245206,0.6655466514047088,-0.8460876104324073,-2.4566896170679944,-0.4635066527586228,-0.30161857198716235,1.1948799773274639,0.013875969578721562,0.5405320486585252
-0.48143615708633897,0.02455038633669034,-0.06952256344254319,0.9315614970950665,2.0751733302397932,0.021378601788911603,0.5378913368404014,-1.07579041914604,0.8909947504330211,-2.9585591539579665,-1.82245389408672,0.36346919704955416,1.4052335829180804,-0.5468378847529283,-0.9582921958301884,-0.2260470230837881,-0.08427009770383513,-0.7852954087664928,-0.5279291848059993,-0.5419967740089676,0.7077144216059935,-0.970689788969709,-0.8330296967571289,-0.6948794272230537,1.6582660221396575,1.9893888116980907,1.5947677605885926,0.2500266362343569,-0.571871589332888,2.87085599091598,1.2201099417283836,0.5116518197419648,-0.0028713769219658363,0.8323781380708756,0.8850413244645629,2.071175810478405,-0.46707528039376717,0.861825103029097,1.2424178880191998,-0.7249371722797344,-0.44394987803540004,2.2454469826654333,2.381502568586833,-0.8155391090952103
-0.10724651217323626,-0.15522169074574804,0.05872776688252971,0.42385530683631956,0.8038938323307686,0.07894150954502127,0.09031849533996401,-0.5866172584155139,0.24425440914451227,-1.8026124048420686,-1.1032836996350686,0.06763746704314397,0.37224798742144755,-0.5742145932181311,-0.774237816646066,-0.3638714500640623,0.1623030773517236,-0.6929746289280605,-0.002911894865247239,-0.48750712874718394,0.6894805503784411,-0.3714766222923811,-0.5882079259502385,-0.4511676309823136,0.7546522004665336,0.9353998170645855,0.7867036606864777,-0.021870819852257892,-0.09756639819632389,1.2201099417283836,0.7546564928657667,0.2980114025958572,0.022868383061456193,0.7015559861836433,0.37972763278742244,1.0687272186650687,-0.27016195366269535,0.2987143042846908,0.4385167685320036,-0.7041181369172743,0.07233873140962553,1.374898132123367,1.1104244649471098,-0.29794704434394853
0.12267086170192405,-0.9554083870993272,-0.19894902890376762,-0.26662655258253226,0.7978149462667987,1.4863273395890555,-0.8713905334365633,-0.5705159005930879,-0.014808081194391224,-1.6001687258280717,-0.6714601682034673,-0.9623664100794802,0.3043988101429216,-0.4525407700098644,-0.7454560100225074,0.32346612582701845,0.6522210080811971,-1.3674891792811148,-0.09949145438983037,-0.7988580311069448,1.2472762208616504,-1.0801985275688741,0.6135490179428547,0.483897701987902,0.6516306550189419,2.2083334421079317,0.025641239024053967,0.059876361551045504,1.5989207062022193,0.5116518197419648,0.2980114025958572,2.1643181128618263,-0.8720124770891076,0.320341523707613,-0.7832301908692635,1.0556224682680568,0.5099766125128077,-0.539637312371353,-2.3579134011962593,-0.6530852919586069,-0.6465936152091899,2.1329218608417224,0.9596163794585063,0.2573831023776798
-0.08368596234886656,0.4417443001912265,0.07897761657794443,0.1698250400747183,-0.24953801561713454,-0.6699058356316729,0.4149975805252638,0.0985188442771587,0.06250305875820568,0.38748142336997793,0.10307055976922358,0.4120277090871261,-0.03145441373567986,0.04221197260623719,0.11158160030575393,-0.2396745070341462,-0.2607372433584878,0.4873124828335043,-0.004316217846407133,0.2991307877359215,-0.4608576493814088,0.40476651914325235,-0.4425400952464023,-0.27770767601914853,-0.1448313792138885,-0.8478613662827561,0.09940433444900008,-0.20834022214641779,-0.7093469800331768,-0.0028713769219658363,0.022868383061456193,-0.8720124770891076,0.4491199616625062,0.10994433741483632,0.3840853839307835,-0.23809081812828367,-0.18029062932182952,0.23582503876525812,1.1515469714042545,0.157319747433625,0.2452487284911434,-0.6633462735405936,-0.2284740810936201,-0.1350478092207301
0.08616272764342542,-0.18103399049072003,0.026754066389393056,0.3753687206200009,0.25348011905108714,0.03409568263334978,-0.02332957841669109,-0.7681801491660039,0.013798177685345308,-1.7715824517668846,-1.0986949309373906,-0.06517742122058234,0.2216423351056149,-0.9260931331705142,-0.98072215468979,-0.7532176078786058,0.27574860145511493,-0.7999817646378088,0.16222128014004747,-0.600274931383195,0.9322105391534204,-0.152560708826898,-0.8249406458181989,-0.4945360114383485,0.5362885530931177,0.5466562295769907,0.5045717211633916,-0.6883014554705069,0.15042368004520154,0.8323781380708756,0.7015559861836433,0.320341523707613,0.10994433741483632,1.188560234252016,0.05562713722388654,1.0362857813461284,-0.13953084570480528,-0.04219785262347316,0.32307859219577756,-0.8754966836393465,0.24103740020083864,1.548649393492404,0.762026807112031,-0.0868423818463386
-0.28695682471555367,0.4132103190096252,0.13104520098552727,0.4360046703077906,0.502277465642729,-0.6358783570643394,0.5803162668873612,-0.07109917146179201,0.34361964000293366,-0.49422262058211863,-0.4366671787445366,0.590887364925034,0.2766825599906475,0.036142161432579416,-0.02037775405862562,-0.18358597310271926,-0.31353730246998285,0.2739354654135484,-0.0871980079923954,0.13045170446266777,-0.3629423908232503,0.11400830716571812,-0.5874354462026582,-0.49763089374214753,0.3456436185252143,-0.1956258911937623,0.7069110353574581,0.29799167854551534,-0.9971921756826474,0.8850413244645629,0.37972763278742244,-0.7832301908692635,0.3840853839307835,0.05562713722388654,0.831183672777225,0.28816380873132713,-0.47703905583399214,0.6704396174653572,1.4976502427552583,-0.02449489817222591,0.17044054654432989,-0.17213766092205723,0.5425314459399748,-0.4687509223705629
-0.17095830325827396,-0.4205234554510449,-0.041781802282755486,0.6180251303957479,1.4629610169043739,0.4727376128062152,-0.02788784896547558,-1.0746354378589074,0.44226686786444974,-3.00383967736946,-1.7756763940374005,-0.1307672196373769,0.8472278781710845,-0.9131182134693623,-1.1766133776939538,-0.44631466060245595,0.3323960464849517,-1.278223940674808,-0.10593801004441743,-0.8888720679629223,1.1969906707951548,-0.8677523621527778,-0.7032152600433998,-0.5058087189196694,1.282014330459315,1.9729505525112125,1.1624562279378396,-0.017354321323922787,0.24666414559245206,2.071175810478405,1.0687272186650687,1.0556224682680568,-0.23809081812828367,1.0362857813461284,0.28816380873132713,1.939569568312258,-0.2853696204716918,0.34167824291887317,0.021454645737656892,-1.0779554637845596,-0.21079073751178515,2.6023455159139193,1.947277760121071,-0.4162945419885325
-0.03955496711794805,-0.23624340034465469,-0.11834526319120338,-0.4340399979143414,0.050662091560376085,0.41914436344138306,-0.3472070337886013,0.20773461516471217,-0.016105835828675225,0.9949623150738552,0.641419539756368,-0.45385792859731083,0.06610243252261605,0.29829066256832265,-0.031143301728334953,0.6943113713527415,0.10856700224691426,0.26446296478106335,-0.574113141871662,0.20837638912776132,-0.14857737066798568,-0.3357532240301932,0.7892435272280679,0.8427717727639832,-0.12319576843645011,0.447919784555652,-0.6365902032735107,-0.15905910285099173,0.6655466514047088,-0.46707528039376717,-0.27016195366269535,0.5099766125128077,-0.18029062932182952,-0.13953084570480528,-0.47703905583399214,-0.2853696204716918,1.0203810965095785,-0.6073056715414422,-0.9999969601523846,0.3318200257145962,-0.6536739991932605,-0.16908015351833885,-0.2410896817517202,0.35462622268192984
-0.2235274047492312,0.3782071782716349,0.053613860344582424,0.42712974473573406,0.48463706312092864,-0.4539522991655214,0.5271848215044577,-0.12651175417614274,0.3341707497298161,-0.6236709983418315,-0.45016209534276297,0.5080375137052446,0.34182905584412104,0.04369271989937761,0.08766233976069497,-0.1895972460996398,-0.3019464637269041,0.108903127265241,0.006590181898223399,0.08254016288137224,-0.2584007615242395,0.039637284944385565,-0.504275427858603,-0.535532645638326,0.37727023700998596,-0.07536643017568315,0.6808914222669387,0.3058413350329463,-0.8460876104324073,0.861825103029097,0.2987143042846908,-0.539637312371353,0.23582503876525812,-0.04219785262347316,0.6704396174653572,0.34167824291887317,-0.6073056715414422,0.6889768364141285,1.230221732058238,0.0035066028506333625,0.141150787476622,-0.035979996500358595,0.5394588990610748,-0.45442684413889
-0.4053102911829409,1.438641021750316,0.07699122279656838,0.9765904348850399,0.23509873991700286,-1.880215098141271,1.6144647666990344,-0.15294724763525674,0.650116385004613,0.04933116407785358,-0.2947543005843873,1.5125658173486716,0.7477057512246975,0.23680514957280033,0.308081390731686,-0.6166473811780175,-1.0141758407618815,1.1900988256457867,-0.3004794056490437,0.7915802661955721,-1.014274782567083,0.7083665863693435,-1.3768801957371117,-1.2245983423341014,0.40942874601715945,-1.5932902717851423,0.9492603496980155,-0.3778306572474056,-2.4566896170679944,1.2424178880191998,0.4385167685320036,-2.3579134011962593,1.1515469714042545,0.32307859219577756,1.4976502427552583,0.021454645737656892,-0.9999969601523846,1.230221732058238,4.117106295558241,0.4857052766004555,0.45881751240317054,-1.2065638416172568,0.24529281064162708,-0.8541020482201164
-0.12573295127193182,0.5758826518726601,-0.1662038671171144,-0.26136642714504926,-0.3500026263125178,-0.3619452581795405,0.3768735700136846,0.6050732556582756,0.14032956895664095,2.1350628113391332,1.2788439460961076,0.2567293267602527,0.16796676177571276,0.997210006723254,0.9778312712745952,0.719601279805512,-0.5533229278606803,1.169613454799114,-0.5161072196274858,0.9226778445753048,-1.1243902228749179,0.21716664567199667,0.678088960603518,0.4279887649853632,-0.4185098037844914,-0.8878318187450325,-0.6264511335905736,0.020134648074335907,-0.4635066527586228,-0.7249371722797344,-0.7041181369172743,-0.6530852919586069,0.157319747433625,-0.8754966836393465,-0.02449489817222591,-1.0779554637845596,0.3318200257145962,0.0035066028506333625,0.4857052766004555,1.1722554395501645,-0.4357733561730513,-1.7833093283236683,-0.895053927937037,0.06308558981045094
0.2241652131729219,0.025725037987710933,0.23663621052368686,0.13217253063567524,-0.7272814805875144,-0.41167115762903944,0.008906259138429925,0.05579454091643842,-0.37028851771012755,-0.3065315512787049,-0.2726101590878897,0.21669809547432278,-0.6853227804905503,-0.42906719806373356,-0.05798163054637938,-0.7688708315711493,0.12246574097741224,-0.1709168799082668,0.769078334927947,-0.24369354403811247,0.1747799666834228,0.6578568561738621,-0.6693561913585435,-0.5585859115163634,-0.41680745985815604,-0.9590343400608723,0.1345677923031879,-0.04928872452096354,-0.30161857198716235,-0.44394987803540004,0.07233873140962553,-0.6465936152091899,0.2452487284911434,0.24103740020083864,0.17044054654432989,-0.21079073751178515,-0.6536739991932605,0.141150787476622,0.45881751240317054,-0.4357733561730513,0.9047135146038474,-0.19873590451620748,-0.41401449661914297,-0.005336069667461865
0.04520493580932356,-1.0816617950542735,-0.06668470825975545,0.5618045810342808,1.6673841502455138,1.21503421532031,-0.6023153207919892,-1.5102932079142453,0.2431088172911599,-4.2585182596164115,-2.418452540885705,-0.6674870612358966,0.7705195659227495,-1.5002683439176299,-1.8546946091165453,-0.6376405072186557,0.8539003025984873,-2.275902980190216,0.11265502845790636,-1.5670200686629736,2.2643900729443067,-1.2730519957642545,-0.6515215269920217,-0.4606959463327992,1.572814240892157,3.046620638770805,1.2186992312406986,-0.15854030997509705,1.1948799773274639,2.2454469826654333,1.374898132123367,2.1329218608417224,-0.6633462735405936,1.548649393492404,-0.17213766092205723,2.6023455159139193,-0.16908015351833885,-0.035979996500358595,-1.2065638416172568,-1.7833093283236683,-0.19873590451620748,4.084158997781281,2.4192268765281035,-0.22798011009018038
-0.34800857525662177,-0.3467201655150355,-0.029960079739651372,0.6564735190621728,1.8688185060864515,0.4197670472237578,0.10743017011492123,-0.9589468015312632,0.6420585590348343,-2.8840693615360733,-1.7233156309040147,-0.007800927689984546,1.0279544622550096,-0.6418459904318897,-1.0626633334654283,-0.13091358757758564,0.20414441477122736,-1.0725479434991,-0.35451843559916624,-0.7375307285279369,0.9395278619278669,-1.020327999862083,-0.5420710782438084,-0.41831424876236883,1.4475413053756294,2.2088626915656886,1.3263225179120979,0.3499262975415925,0.013875969578721562,2.381502568586833,1.1104244649471098,0.9596163794585063,-0.2284740810936201,0.762026807112031,0.5425314459399748,1.947277760121071,-0.2410896817517202,0.5394588990610748,0.24529281064162708,-0.895053927937037,-0.41401449661914297,2.4192268765281035,2.1922887092551493,-0.5632697696798513
0.18191399505501357,-0.21457305341514685,-0.017648783053646075,-0.34862663712683334,-0.5095275088164423,0.26595096623828146,-0.36202102675137365,0.20062182364999118,-0.2927385681212436,0.637354865655046,0.4354069563151761,-0.33725298542053855,-0.3778179649455419,0.024875488046355795,0.058238867560797006,0.11967968955111456,0.18753409959345263,-0.014842153169451807,0.09581194448587843,0.009430973283557603,0.059234520215583744,0.09053117660607024,0.3603458695003716,0.3543094308640313,-0.3959091704278784,-0.18103542631600603,-0.5400405013882107,-0.179505874565301,0.5405320486585252,-0.8155391090952103,-0.29794704434394853,0.2573831023776798,-0.1350478092207301,-0.0868423818463386,-0.4687509223705629,-0.4162945419885325,0.35462622268192984,-0.45442684413889,-0.8541020482201164,0.06308558981045094,-0.005336069667461865,-0.22798011009018038,-0.5632697696798513,0.3464444867507648
