V1,V2,V3,V4,V5,V6,V7,V8,V9,V10,V11,V12,V13,V14,V15,V16,V17,V18,V19,V20,V21,V22,V23,V24,V25,V26,V27,V28,V29,V30,V31,V32,V33,V34,V35,V36,V37,V38,V39,V40,V41,V42,V43,V44
102.42434981773354,-83.49148809124287,92.90892574694684,165.4302437834697,115.2900289054741,184.9473648925984,103.2740998484058,26.80051989418034,90.29235886182423,-33.243153142246896,35.916522131188984,74.76452009747005,-143.19124124770732,190.2361856040489,117.56116240902607,40.970444352396015,72.7300559056471,83.70200442779128,-151.7716065231786,-96.7997152050469,44.19297785109403,132.33498661563542,61.690715375202394,151.30132023824603,22.230864404284336,91.31346351874883,8.971251294042743,11.01622780741663,-24.120951973249326,-97.89421660681238,65.48090326514584,-45.33774708644153,-35.330021098784634,60.24518565220438,73.37685336491418,143.75465700855435,-24.792016002078206,15.89148683241977,-42.16370958031541,1.4629203930023453,100.76777909847026,-189.07465934979712,-69.7205956811693,4.274032525367555
-83.49148809124287,68.65420674454359,-76.05553368184823,-135.22200141219702,-94.83193408736511,-151.43497220635635,-84.60969271167251,-22.627138287632775,-74.33417911314265,27.0666114536975,-28.889510185894075,-61.44527111305465,117.11686504170518,-156.3311264605687,-96.18828106406141,-32.96977969459552,-59.91441257220474,-68.57563452610606,124.98328327963472,79.47601958902177,-36.54109957244913,-108.27161018345157,-50.9882664886392,-124.50055235165313,-18.333693362341503,-74.74636389011219,-7.292958635773932,-8.803475535462168,19.902544425002766,80.66494233660035,-54.10719911010989,36.90871626767469,28.8368520299269,-49.42247375602905,-61.167618836176004,-117.48121115970885,20.549252272443102,-13.062290777903263,34.65435837596991,-0.9478622076976623,-82.46103228518976,154.60728335932058,57.44921655085635,-3.5705149580606634
92.90892574694684,-76.05553368184823,84.61887656138896,150.50659725659975,105.38829013752107,168.18226374608713,93.9448990378654,24.704763613094013,82.3904470505675,-30.200485000329234,32.75843171578723,68.36435799810862,-130.13984578531975,173.43872243908302,106.69597523932136,36.92028417723292,66.28921114929926,76.2716514147618,-138.5212085035589,-88.18641217873741,40.47137216889192,120.55931537110449,56.38221931886969,137.97266298666196,20.27087810610162,82.9223792860927,7.944998564193956,9.951792831087674,-22.03472398036443,-89.60249305327788,60.14540851657295,-41.119557681968736,-32.04364055006371,54.85875868585419,67.4652705875228,131.005659854403,-22.72592521118082,14.399300595338122,-38.334086621037144,1.3922327836614254,91.71127970117922,-172.05282889081113,-63.736396111385794,3.6504055259871775
165.4302437834697,-135.22200141219702,150.50659725659975,267.9972798682317,187.46650698158294,299.137910325875,167.13729363874063,43.63077167078948,146.45010610308267,-53.70286038746294,58.6532615936591,121.66923336181972,-231.5353229021761,308.3372444422274,189.8891555343041,65.88692175181828,117.81104077481614,135.82347063500012,-246.19381094831274,-156.89302209876337,71.96438686642647,214.65532765655541,100.1040267329791,245.26409834907287,35.98806995553148,147.42299559808248,14.004088998266502,17.85304098753908,-39.19255231972103,-159.25655605697523,106.87141232445619,-73.33277012744396,-57.09532049345887,97.57415280532452,119.55672497487357,233.34952238504908,-40.34332270086077,25.48235503093877,-68.11314824261498,2.6574827138497032,163.31436419128926,-306.17072125683916,-113.36539688332219,6.391932523727338
115.2900289054741,-94.83193408736511,105.38829013752107,187.46650698158294,132.00764573125062,209.2101793648495,116.97286317499527,31.195847980382784,102.95112784783913,-37.46459778392226,41.0052257481799,85.67417407405804,-161.7946432722207,216.39981394167253,132.58843751718763,45.4729673687379,82.76439095874352,95.27088089618422,-173.12022668732502,-110.05797254571588,50.80551965335812,150.4238348582475,70.53344121872743,172.2833135241715,25.33084552383455,102.90751554190003,9.429445418561391,12.380629519310258,-27.585374134594186,-112.30972163720477,75.71242684509684,-51.08999679096677,-39.7954850806115,68.39375436616257,84.94132532735347,163.56349358540524,-28.545534013839124,17.716429899206076,-47.692482114305065,1.8718974474541856,114.39203762494277,-214.233368528502,-79.8838211845461,4.200819582410645
184.9473648925984,-151.43497220635635,168.18226374608713,299.137910325875,209.2101793648495,335.04853402751814,187.02169736600476,49.292812747182644,164.0348732140088,-60.063795756785,64.33196246516378,135.5747270832687,-259.38069203740656,345.1957541924795,212.79986808377288,73.70826911185267,132.1701572348733,151.55722302952498,-275.62028987445245,-175.4114424739215,80.2315718237851,239.43677710725652,112.25754975439074,274.7019039882912,40.38173775447659,165.36845894738713,16.330104583133867,19.620912092981545,-43.9835900659641,-177.88945314642854,119.14998042997964,-81.72083505921033,-63.87138922764912,109.24020096648927,134.1670226816009,260.019733759711,-45.1804605345759,28.96100400961147,-76.61902687901168,2.3005894332809813,182.3752928908709,-342.20595108190406,-126.64957367226866,7.936801084150358
103.2740998484058,-84.60969271167251,93.9448990378654,167.13729363874063,116.97286317499527,187.02169736600476,104.5142144865405,27.593865198121975,91.61371309506066,-33.50359761525199,36.09906584074204,75.81198106460833,-144.7336039561572,192.7792617985362,118.77507734053208,40.991551088556655,73.7811775924755,84.66516073798236,-153.96890753308276,-98.04938304372855,44.913324111765995,133.8446490150705,62.66132716154837,153.45718594520716,22.593502890555595,92.23410623301774,8.966680265800786,10.954972935802187,-24.529315752634474,-99.43167759476547,66.65125929685159,-45.684324995548366,-35.64103551253572,60.98695129573143,75.01071610932593,145.31254385655643,-25.197227635568215,16.066961313062272,-42.74209339038868,1.3638445629020508,101.9019262574611,-191.11666034647152,-70.83031512655216,4.324147441091986
26.80051989418034,-22.627138287632775,24.704763613094013,43.63077167078948,31.195847980382784,49.292812747182644,27.593865198121975,8.170785066910529,24.590527925602906,-8.693825505034592,8.703247715855408,20.110232073218512,-37.94901639180462,51.41252309048934,31.27929326730092,10.110635531690685,19.903935997302643,22.272184716198495,-41.41477561729698,-26.074183000417126,12.184968038164472,35.036080252145396,17.09498554780381,41.15453905656047,6.18228959333545,24.340242449078207,2.369410683190309,2.6306535723649493,-6.5611510935736455,-26.70041180410274,18.05248111765053,-11.730234662345472,-9.243608112099606,16.17589362842456,21.073431984875615,37.83232532126563,-6.943840023011818,4.3331169054692245,-11.455361136447932,-0.024523248090720786,26.737123370686177,-50.054928098616344,-19.006475377065858,1.3300672148545634
90.29235886182423,-74.33417911314265,82.3904470505675,146.45010610308267,102.95112784783913,164.0348732140088,91.61371309506066,24.590527925602906,80.64873331316123,-29.322002970783586,31.379173270613236,66.71196587277075,-126.8873322030668,169.4857147621834,104.09859654723431,35.68465974596361,64.97239212311513,74.3722569720347,-135.55311865038925,-86.09838122486657,39.60022005608236,117.36041863559092,55.3197879718621,134.9849794441634,19.87380335010891,80.86881917065251,7.797121063244773,9.527607093991554,-21.64616181665814,-87.63345874105761,58.89010309355177,-39.88847945375124,-31.19944122599078,53.58256653633095,66.52836645374505,127.44677825803703,-22.343794429691883,14.127295525104735,-37.55857214473954,1.0839201809415089,89.38142681210397,-167.54402979683113,-62.372449034865454,3.7723769757606336
-33.243153142246896,27.0666114536975,-30.200485000329234,-53.70286038746294,-37.46459778392226,-60.063795756785,-33.50359761525199,-8.693825505034592,-29.322002970783586,10.845098062483364,-11.709324078626958,-24.29488801076898,46.50713712891107,-61.78293662615257,-38.12111587622077,-13.338797905132708,-23.60335721548783,-27.178999282021387,49.289025579919546,31.400383783174306,-14.315482458285663,-42.98356229216161,-20.040598248560773,-49.10972417706989,-7.223471039995015,-29.645741930230486,-2.9046340088930944,-3.5946087784662026,7.821051618294068,31.844456050416557,-21.33304131687221,14.68106395516002,11.445232509576217,-19.56590408512804,-23.861932067191383,-46.73761713527674,8.073529763220945,-5.172048334774064,13.683387743482504,-0.5076177329729378,-32.714837020629545,61.45003868056191,22.629404283239204,-1.3391944471240729
35.916522131188984,-28.889510185894075,32.75843171578723,58.6532615936591,41.0052257481799,64.33196246516378,36.09906584074204,8.703247715855408,31.379173270613236,-11.709324078626958,14.340993186174888,26.815840493067974,-49.89305073387094,66.2541667022529,40.58335475461612,14.495149438860032,24.94783723020319,29.708393735721682,-52.74565146085682,-33.89687973094322,15.580802821577343,47.22785672734827,21.126301479294618,52.51447796569219,7.617545445210998,31.329413896025084,2.349065322800817,4.221121058310176,-8.37827426677179,-34.685686906023,23.5093606324496,-16.165601402816755,-12.33811189078271,20.992623646484386,25.143393266094176,51.72422712099568,-8.520081177704288,5.044043135655987,-14.319830638638681,1.4102445583562204,35.67908946496927,-66.7243911729561,-24.64217087207688,0.517373135234259
74.76452009747005,-61.44527111305465,68.36435799810862,121.66923336181972,85.67417407405804,135.5747270832687,75.81198106460833,20.110232073218512,66.71196587277075,-24.29488801076898,26.815840493067974,55.65114010076582,-104.84649094473724,140.26456083137697,85.88893897171995,29.509095457380297,53.586003496343366,61.846070077714636,-112.19844303759058,-71.35560068611191,32.98930839592737,97.64573178559532,45.69041363110583,111.62483145501876,16.38077433979177,66.65082276077453,6.009400450360025,8.08807552040228,-17.87514695237115,-72.86933971050817,49.16016524666541,-33.17747501874518,-25.810747056149125,44.329710021871016,54.98103826910628,106.23930147053137,-18.51276496504139,11.419904251668646,-30.836924140808247,1.3388431734201547,74.215821190014,-138.95568033245664,-51.8164200203537,2.5754126547656306
-143.19124124770732,117.11686504170518,-130.13984578531975,-231.5353229021761,-161.7946432722207,-259.38069203740656,-144.7336039561572,-37.94901639180462,-126.8873322030668,46.50713712891107,-49.89305073387094,-104.84649094473724,200.92595583499514,-267.04885589799443,-164.7304950003649,-57.27692390569628,-102.23008503674009,-117.27069638975507,213.09862621548717,135.66780138454072,-61.924165264411364,-185.31200796193727,-86.73445482757731,-212.47131480254268,-31.186717136271145,-128.00022290689193,-12.719143836552163,-15.202077630849372,34.09781953374071,137.5491284021131,-92.0710802811095,63.27815453812939,49.483140585178106,-84.53689456358367,-103.54931569891441,-201.2950943043475,34.872885121080785,-22.447974772471813,59.33515309516333,-1.8098037912856304,-141.16821523724346,264.92498460007346,97.94263623833857,-6.194408542685884
190.2361856040489,-156.3311264605687,173.43872243908302,308.3372444422274,216.39981394167253,345.1957541924795,192.7792617985362,51.41252309048934,169.4857147621834,-61.78293662615257,66.2541667022529,140.26456083137697,-267.04885589799443,356.4023896955455,219.07584808760217,75.32627460513275,136.5094438817081,156.44828447001865,-284.8952863725372,-181.0815308214743,83.22307105732104,246.99927640517947,116.19668047552668,283.73469234638145,41.73815284799535,170.25016653247005,16.47984520948104,20.132879701835396,-45.44319337228804,-184.13684359728086,123.63786746728991,-84.07490906909993,-65.70560583271757,112.68965194456428,139.4509929635368,268.2347707008376,-46.893152002574645,29.73286164616089,-78.93658373881064,2.3847393186299515,188.0621033273101,-352.66143824026994,-131.04050095524136,7.8922624623493975
117.56116240902607,-96.18828106406141,106.69597523932136,189.8891555343041,132.58843751718763,212.79986808377288,118.77507734053208,31.27929326730092,104.09859654723431,-38.12111587622077,40.58335475461612,85.88893897171995,-164.7304950003649,219.07584808760217,135.37880900271722,46.90324388535563,83.98093022277561,96.20082757969645,-174.92685056829373,-111.39432907811968,50.86510418212007,151.8805685829654,71.25743235945124,174.39341005277905,25.66349222543864,105.12621287798527,10.499822903012587,12.505078574897611,-27.880771688458438,-112.66425778622362,75.34449244846323,-51.94274424930658,-40.6169166402807,69.36164031264269,84.97384849310262,164.86757677503996,-28.6701878957673,18.430392380015146,-48.716682888160484,1.3239710594649805,115.79791443857196,-217.18261239152045,-80.29026929740913,5.261278838114446
40.970444352396015,-32.96977969459552,36.92028417723292,65.88692175181828,45.4729673687379,73.70826911185267,40.991551088556655,10.110635531690685,35.68465974596361,-13.338797905132708,14.495149438860032,29.509095457380297,-57.27692390569628,75.32627460513275,46.90324388535563,16.920115752135008,28.752058670355645,33.27151736722653,-59.844066051202,-38.26879467643146,17.186785887833885,52.598554879609424,24.227983073115954,59.7670910023855,8.69194910489611,36.43055047804766,3.7633878461643224,4.516901879823041,-9.612460412629261,-38.54084160067585,25.62584256489565,-18.12995168301663,-14.171349480234621,23.942359872529572,28.37196579936532,57.297555046712304,-9.70795171838929,6.399237857403045,-16.782039202094722,0.6709610198756483,40.111232481419336,-75.38023240461474,-27.43765677385693,1.7926028969390067
72.7300559056471,-59.91441257220474,66.28921114929926,117.81104077481614,82.76439095874352,132.1701572348733,73.7811775924755,19.903935997302643,64.97239212311513,-23.60335721548783,24.94783723020319,53.586003496343366,-102.23008503674009,136.5094438817081,83.98093022277561,28.752058670355645,52.4273719362479,59.83907832206505,-109.21105528815825,-69.34177501073762,31.849428266674817,94.34539696779048,44.6192622307468,108.77139900237403,16.040633895237548,65.24257215585851,6.414666553138756,7.648945269978574,-17.427926079727946,-70.45043141230676,47.28128581453777,-32.08839440706615,-25.140254982390747,43.17144094028658,53.61421572375966,102.38953674816476,-18.020301760330607,11.454345015726489,-30.332539861143545,0.7083683769612189,71.93544018600225,-134.8244100688607,-50.167165795268815,3.233853125054838
83.70200442779128,-68.57563452610606,76.2716514147618,135.82347063500012,95.27088089618422,151.55722302952498,84.66516073798236,22.272184716198495,74.3722569720347,-27.178999282021387,29.708393735721682,61.846070077714636,-117.27069638975507,156.44828447001865,96.20082757969645,33.27151736722653,59.83907832206505,68.98361639196838,-125.05060650073025,-79.60003121255771,36.60624382137708,108.85448070676355,50.90925597039346,124.49718297301261,18.268992568211058,74.63894566242752,6.960839528137817,9.081204801305478,-19.917904244846277,-80.9652582947384,54.44656426486533,-37.10855804406988,-28.909922775953785,49.506101823734845,60.94165919969704,118.40448779429353,-20.5902664321946,12.861561544115062,-34.523363586389635,1.3610437473285055,82.84594769765181,-155.15827151439572,-57.61791565083325,3.152321545306914
-151.7716065231786,124.98328327963472,-138.5212085035589,-246.19381094831274,-173.12022668732502,-275.62028987445245,-153.96890753308276,-41.41477561729698,-135.55311865038925,49.289025579919546,-52.74565146085682,-112.19844303759058,213.09862621548717,-284.8952863725372,-174.92685056829373,-59.844066051202,-109.21105528815825,-125.05060650073025,227.95448972350383,144.7772795870677,-66.69844291641063,-197.28934029135144,-93.065294568563,-226.91545113323238,-33.44149146298563,-135.912244160265,-13.012012238023866,-16.058211141826735,36.293128962911396,147.35900784472517,-99.07548260164636,67.0597622666223,52.403321497466955,-90.05888889035948,-111.93955644870474,-214.22848277083176,37.62164344328472,-23.687916517703563,63.05372683040536,-1.8453396952793513,-150.23293010424004,281.56738598617534,104.85677479275954,-6.248320259020148
-96.7997152050469,79.47601958902177,-88.18641217873741,-156.89302209876337,-110.05797254571588,-175.4114424739215,-98.04938304372855,-26.074183000417126,-86.09838122486657,31.400383783174306,-33.89687973094322,-71.35560068611191,135.66780138454072,-181.0815308214743,-111.39432907811968,-38.26879467643146,-69.34177501073762,-79.60003121255771,144.7772795870677,92.13251727771787,-42.35620130160245,-125.70179411588671,-58.984912535543224,-144.19540662772147,-21.238739207169623,-86.4707928257943,-8.23831666344995,-10.331588877387196,23.025729698142666,93.5699979453116,-62.845760430981365,42.847131735016546,33.410122303026114,-57.266073922139235,-70.75375139812397,-136.5103490265752,23.792441441656486,-14.99423518453667,40.06949358215034,-1.3146837723224851,-95.70078822275599,179.32235385207457,66.63476073152427,-3.9163818887690964
44.19297785109403,-36.54109957244913,40.47137216889192,71.96438686642647,50.80551965335812,80.2315718237851,44.913324111765995,12.184968038164472,39.60022005608236,-14.315482458285663,15.580802821577343,32.98930839592737,-61.924165264411364,83.22307105732104,50.86510418212007,17.186785887833885,31.849428266674817,36.60624382137708,-66.69844291641063,-42.35620130160245,19.750403311631572,57.72836593623968,27.258579933831854,66.29206244738722,9.762035497099925,39.513121132864114,3.55997407465363,4.709646906074495,-10.564648264047934,-43.240546126072786,29.190792765832118,-19.608708336382172,-15.253416589848191,26.26480302060812,32.91413066819283,62.68727398611333,-11.065627552054426,6.777045235107347,-18.259239569748487,0.6558935162581873,43.88336873236332,-82.10686943763234,-30.761890485829834,1.5787134718528253
132.33498661563542,-108.27161018345157,120.55931537110449,214.65532765655541,150.4238348582475,239.43677710725652,133.8446490150705,35.036080252145396,117.36041863559092,-42.98356229216161,47.22785672734827,97.64573178559532,-185.31200796193727,246.99927640517947,151.8805685829654,52.598554879609424,94.34539696779048,108.85448070676355,-197.28934029135144,-125.70179411588671,57.72836593623968,172.07225998240287,80.19116800673518,196.50550759898113,28.851128182230678,117.8596154530243,10.990286596695976,14.306522125793915,-31.41556720294153,-127.81627118625676,85.91622404589143,-58.68848209863816,-45.657124099069215,78.14321551561484,96.00955248207562,187.12234455284673,-32.33975942115698,20.29089452509364,-54.502814008277355,2.2634830516439295,130.8611617084592,-245.24130815631082,-90.9665271905585,4.912405856119887
61.690715375202394,-50.9882664886392,56.38221931886969,100.1040267329791,70.53344121872743,112.25754975439074,62.66132716154837,17.09498554780381,55.3197879718621,-20.040598248560773,21.126301479294618,45.69041363110583,-86.73445482757731,116.19668047552668,71.25743235945124,24.227983073115954,44.6192622307468,50.90925597039346,-93.065294568563,-58.984912535543224,27.258579933831854,80.19116800673518,38.11352222625145,92.58011269417632,13.652606264593748,55.42824157925753,5.376674935267515,6.471958924273038,-14.813472037392406,-60.10222969585961,40.42387974523143,-27.206134389347554,-21.31706198705628,36.70809243237373,45.92721588322229,87.02636177819747,-15.454178938244429,9.728889692187833,-25.727487149274438,0.5938298478895877,61.10249488609345,-114.52678096678109,-42.74101544983882,2.641904097656563
151.30132023824603,-124.50055235165313,137.97266298666196,245.26409834907287,172.2833135241715,274.7019039882912,153.45718594520716,41.15453905656047,134.9849794441634,-49.10972417706989,52.51447796569219,111.62483145501876,-212.47131480254268,283.73469234638145,174.39341005277905,59.7670910023855,108.77139900237403,124.49718297301261,-226.91545113323238,-144.19540662772147,66.29206244738722,196.50550759898113,92.58011269417632,225.99527907316062,33.29672818243703,135.47011893640823,13.095613857663931,15.971170571042501,-36.180767255535855,-146.60873871571005,98.4688816714138,-66.8511923817861,-52.25748738034713,89.70812798213461,111.26635476795838,213.33226665662045,-37.35765447979097,23.653479832863155,-62.89553105806585,1.7870734663022243,149.66408913433787,-280.551095681479,-104.3750496215383,6.37299729378937
22.230864404284336,-18.333693362341503,20.27087810610162,35.98806995553148,25.33084552383455,40.38173775447659,22.593502890555595,6.18228959333545,19.87380335010891,-7.223471039995015,7.617545445210998,16.38077433979177,-31.186717136271145,41.73815284799535,25.66349222543864,8.69194910489611,16.040633895237548,18.268992568211058,-33.44149146298563,-21.238739207169623,9.762035497099925,28.851128182230678,13.652606264593748,33.29672818243703,4.968486092844457,19.916484530940686,1.9143464876634129,2.326168134514007,-5.280479955423358,-21.567459321676814,14.501656466813618,-9.793537045937406,-7.645859824082008,13.195645160521968,16.489731880299104,31.273636534109908,-5.504672294005593,3.4716667609859337,-9.273551056414886,0.21260007489720067,21.994074477608965,-41.208634990135735,-15.364207689162589,0.9814528091727794
91.31346351874883,-74.74636389011219,82.9223792860927,147.42299559808248,102.90751554190003,165.36845894738713,92.23410623301774,24.340242449078207,80.86881917065251,-29.645741930230486,31.329413896025084,66.65082276077453,-128.00022290689193,170.25016653247005,105.12621287798527,36.43055047804766,65.24257215585851,74.63894566242752,-135.912244160265,-86.4707928257943,39.513121132864114,117.8596154530243,55.42824157925753,135.47011893640823,19.916484530940686,81.79137982131684,8.3041779147633,9.634247232333747,-21.656172220194648,-87.50795807773711,58.48561783076317,-40.29063369465546,-31.538342154219155,53.88398217760211,66.08031916655275,127.89381184323545,-22.297589716553308,14.430268396820658,-37.85312456138481,0.9337126471816776,89.83039596833139,-168.67459611725272,-62.29791119247279,4.1516463765101745
8.971251294042743,-7.292958635773932,7.944998564193956,14.004088998266502,9.429445418561391,16.330104583133867,8.966680265800786,2.369410683190309,7.797121063244773,-2.9046340088930944,2.349065322800817,6.009400450360025,-12.719143836552163,16.47984520948104,10.499822903012587,3.7633878461643224,6.414666553138756,6.960839528137817,-13.012012238023866,-8.23831666344995,3.55997407465363,10.990286596695976,5.376674935267515,13.095613857663931,1.9143464876634129,8.3041779147633,1.3263153353059454,0.7754799055375149,-2.139973176870366,-8.051410927695821,5.122315370607078,-3.832278796066992,-3.1348840347169085,5.232878308917906,6.1862400806066375,11.759756919695175,-2.0922006020125776,1.7115062335811226,-3.881487358514058,-0.28404423403473855,8.490316524247973,-16.216750568774692,-5.7544515819264035,0.9156445535182629
11.01622780741663,-8.803475535462168,9.951792831087674,17.85304098753908,12.380629519310258,19.620912092981545,10.954972935802187,2.6306535723649493,9.527607093991554,-3.5946087784662026,4.221121058310176,8.08807552040228,-15.202077630849372,20.132879701835396,12.505078574897611,4.516901879823041,7.648945269978574,9.081204801305478,-16.058211141826735,-10.331588877387196,4.709646906074495,14.306522125793915,6.471958924273038,15.971170571042501,2.326168134514007,9.634247232333747,0.7754799055375149,1.3894664004884798,-2.5015691610611963,-10.435182521155324,7.035568199972784,-4.94472158759092,-3.787058069217017,6.398861390529033,7.559352133423405,15.679801744992652,-2.6490022096033057,1.5613631410457467,-4.38252733183866,0.36777315037373265,10.884580728413564,-20.290310811657232,-7.413263644940479,0.23686191601602702
-24.120951973249326,19.902544425002766,-22.03472398036443,-39.19255231972103,-27.585374134594186,-43.9835900659641,-24.529315752634474,-6.5611510935736455,-21.64616181665814,7.821051618294068,-8.37827426677179,-17.87514695237115,34.09781953374071,-45.44319337228804,-27.880771688458438,-9.612460412629261,-17.427926079727946,-19.917904244846277,36.293128962911396,23.025729698142666,-10.564648264047934,-31.41556720294153,-14.813472037392406,-36.180767255535855,-5.280479955423358,-21.656172220194648,-2.139973176870366,-2.5015691610611963,5.903213361979311,23.498804192321703,-15.776906827122232,10.658428201387961,8.385986433968661,-14.365670403221213,-17.83344314256684,-34.13749576108458,5.975944399343549,-3.826596102405929,10.107481178044294,-0.26586779288478585,-23.939493994008174,44.877437706758414,16.739108393118904,-1.0575201230101068
-97.89421660681238,80.66494233660035,-89.60249305327788,-159.25655605697523,-112.30972163720477,-177.88945314642854,-99.43167759476547,-26.70041180410274,-87.63345874105761,31.844456050416557,-34.685686906023,-72.86933971050817,137.5491284021131,-184.13684359728086,-112.66425778622362,-38.54084160067585,-70.45043141230676,-80.9652582947384,147.35900784472517,93.5699979453116,-43.240546126072786,-127.81627118625676,-60.10222969585961,-146.60873871571005,-21.567459321676814,-87.50795807773711,-8.051410927695821,-10.435182521155324,23.498804192321703,95.63263193218283,-64.50921713661982,43.32604714935299,33.78971246317999,-58.174673782620495,-72.526242570077,-138.96058747524054,24.34373867526075,-15.121692929956444,40.58883437226904,-1.5122437307937067,-97.1926907711493,182.09186398847882,67.98180552648776,-3.601780194427351
65.48090326514584,-54.10719911010989,60.14540851657295,106.87141232445619,75.71242684509684,119.14998042997964,66.65125929685159,18.05248111765053,58.89010309355177,-21.33304131687221,23.5093606324496,49.16016524666541,-92.0710802811095,123.63786746728991,75.34449244846323,25.62584256489565,47.28128581453777,54.44656426486533,-99.07548260164636,-62.845760430981365,29.190792765832118,85.91622404589143,40.42387974523143,98.4688816714138,14.501656466813618,58.48561783076317,5.122315370607078,7.035568199972784,-15.776906827122232,-64.50921713661982,43.70112027561643,-29.01099002681427,-22.583306001296506,39.035822682102236,49.02888976206322,93.4947826880074,-16.43503025369065,10.005544163836925,-27.141124574674706,1.1617859973638829,65.27319038943449,-122.16295987596966,-45.81333710230631,2.146908136581787
-45.33774708644153,36.90871626767469,-41.119557681968736,-73.33277012744396,-51.08999679096677,-81.72083505921033,-45.684324995548366,-11.730234662345472,-39.88847945375124,14.68106395516002,-16.165601402816755,-33.17747501874518,63.27815453812939,-84.07490906909993,-51.94274424930658,-18.12995168301663,-32.08839440706615,-37.10855804406988,67.0597622666223,42.847131735016546,-19.608708336382172,-58.68848209863816,-27.206134389347554,-66.8511923817861,-9.793537045937406,-40.29063369465546,-3.832278796066992,-4.94472158759092,10.658428201387961,43.32604714935299,-29.01099002681427,20.14886805759932,15.647756340653224,-26.626102211709014,-32.32029329286912,-63.79742770535306,10.932076749570287,-6.925770320062575,18.56666464773575,-0.7840545943252301,-44.65304314367265,83.68308678177506,30.8797934384543,-1.7433859769068323
-35.330021098784634,28.8368520299269,-32.04364055006371,-57.09532049345887,-39.7954850806115,-63.87138922764912,-35.64103551253572,-9.243608112099606,-31.19944122599078,11.445232509576217,-12.33811189078271,-25.810747056149125,49.483140585178106,-65.70560583271757,-40.6169166402807,-14.171349480234621,-25.140254982390747,-28.909922775953785,52.403321497466955,33.410122303026114,-15.253416589848191,-45.657124099069215,-21.31706198705628,-52.25748738034713,-7.645859824082008,-31.538342154219155,-3.1348840347169085,-3.787058069217017,8.385986433968661,33.78971246317999,-22.583306001296506,15.647756340653224,12.226526078700232,-20.807790978885013,-25.335984233042307,-49.60323408286922,8.572960745883623,-5.5126446519717875,14.583208185093978,-0.47137643479967456,-34.78929008071622,65.24568384643449,24.082738745217974,-1.5200632249370958
60.24518565220438,-49.42247375602905,54.85875868585419,97.57415280532452,68.39375436616257,109.24020096648927,60.98695129573143,16.17589362842456,53.58256653633095,-19.56590408512804,20.992623646484386,44.329710021871016,-84.53689456358367,112.68965194456428,69.36164031264269,23.942359872529572,43.17144094028658,49.506101823734845,-90.05888889035948,-57.266073922139235,26.26480302060812,78.14321551561484,36.70809243237373,89.70812798213461,13.195645160521968,53.88398217760211,5.232878308917906,6.398861390529033,-14.365670403221213,-58.174673782620495,39.035822682102236,-26.626102211709014,-20.807790978885013,35.6623275412287,43.967884100834816,84.88906097728515,-14.803905387063672,9.403081397553175,-24.97755855692168,0.7667493972973631,59.520957293985006,-111.60448238204073,-41.40958113601166,2.525949257930489
73.37685336491418,-61.167618836176004,67.4652705875228,119.55672497487357,84.94132532735347,134.1670226816009,75.01071610932593,21.073431984875615,66.52836645374505,-23.861932067191383,25.143393266094176,54.98103826910628,-103.54931569891441,139.4509929635368,84.97384849310262,28.37196579936532,53.61421572375966,60.94165919969704,-111.93955644870474,-70.75375139812397,32.91413066819283,96.00955248207562,45.92721588322229,111.26635476795838,16.489731880299104,66.08031916655275,6.1862400806066375,7.559352133423405,-17.83344314256684,-72.526242570077,49.02888976206322,-32.32029329286912,-25.335984233042307,43.967884100834816,56.005155379861456,104.1323858717555,-18.66116241990076,11.57010148424679,-30.84176299100351,0.6553263570233817,73.09679684102295,-136.9040916874002,-51.5503196916365,3.0243360178174856
143.75465700855435,-117.48121115970885,131.005659854403,233.34952238504908,163.56349358540524,260.019733759711,145.31254385655643,37.83232532126563,127.44677825803703,-46.73761713527674,51.72422712099568,106.23930147053137,-201.2950943043475,268.2347707008376,164.86757677503996,57.297555046712304,102.38953674816476,118.40448779429353,-214.22848277083176,-136.5103490265752,62.68727398611333,187.12234455284673,87.02636177819747,213.33226665662045,31.273636534109908,127.89381184323545,11.759756919695175,15.679801744992652,-34.13749576108458,-138.96058747524054,93.4947826880074,-63.79742770535306,-49.60323408286922,84.88906097728515,104.1323858717555,203.67722628822634,-35.145718923478526,21.934938539247764,-59.10608854877461,2.6875913333481143,142.27316827182815,-266.56033096896147,-98.85204131757597,5.094939293791722
-24.792016002078206,20.549252272443102,-22.72592521118082,-40.34332270086077,-28.545534013839124,-45.1804605345759,-25.197227635568215,-6.943840023011818,-22.343794429691883,8.073529763220945,-8.520081177704288,-18.51276496504139,34.872885121080785,-46.893152002574645,-28.6701878957673,-9.70795171838929,-18.020301760330607,-20.5902664321946,37.62164344328472,23.792441441656486,-11.065627552054426,-32.33975942115698,-15.454178938244429,-37.35765447979097,-5.504672294005593,-22.297589716553308,-2.0922006020125776,-2.6490022096033057,5.975944399343549,24.34373867526075,-16.43503025369065,10.932076749570287,8.572960745883623,-14.803905387063672,-18.66116241990076,-35.145718923478526,6.328477088737816,-3.896418216045803,10.33546427730793,-0.2671057756174487,-24.64606543646164,46.133909396589644,17.2817958375358,-0.9830110070889099
15.89148683241977,-13.062290777903263,14.399300595338122,25.48235503093877,17.716429899206076,28.96100400961147,16.066961313062272,4.3331169054692245,14.127295525104735,-5.172048334774064,5.044043135655987,11.419904251668646,-22.447974772471813,29.73286164616089,18.430392380015146,6.399237857403045,11.454345015726489,12.861561544115062,-23.687916517703563,-14.99423518453667,6.777045235107347,20.29089452509364,9.728889692187833,23.653479832863155,3.4716667609859337,14.430268396820658,1.7115062335811226,1.5613631410457467,-3.826596102405929,-15.121692929956444,10.005544163836925,-6.925770320062575,-5.5126446519717875,9.403081397553175,11.57010148424679,21.934938539247764,-3.896418216045803,2.695413506318821,-6.7190333321888245,-0.053020781225062194,15.517356384085362,-29.297062177560814,-10.75641090118773,0.9789276546101877
-42.16370958031541,34.65435837596991,-38.334086621037144,-68.11314824261498,-47.692482114305065,-76.61902687901168,-42.74209339038868,-11.455361136447932,-37.55857214473954,13.683387743482504,-14.319830638638681,-30.836924140808247,59.33515309516333,-78.93658373881064,-48.716682888160484,-16.782039202094722,-30.332539861143545,-34.523363586389635,63.05372683040536,40.06949358215034,-18.259239569748487,-54.502814008277355,-25.727487149274438,-62.89553105806585,-9.273551056414886,-37.85312456138481,-3.881487358514058,-4.38252733183866,10.107481178044294,40.58883437226904,-27.141124574674706,18.56666464773575,14.583208185093978,-24.97755855692168,-30.84176299100351,-59.10608854877461,10.33546427730793,-6.7190333321888245,17.6480482504025,-0.3243553554559919,-41.58845010327766,78.04952866843901,28.928338137508415,-2.0434878886009913
1.4629203930023453,-0.9478622076976623,1.3922327836614254,2.6574827138497032,1.8718974474541856,2.3005894332809813,1.3638445629020508,-0.024523248090720786,1.0839201809415089,-0.5076177329729378,1.4102445583562204,1.3388431734201547,-1.8098037912856304,2.3847393186299515,1.3239710594649805,0.6709610198756483,0.7083683769612189,1.3610437473285055,-1.8453396952793513,-1.3146837723224851,0.6558935162581873,2.2634830516439295,0.5938298478895877,1.7870734663022243,0.21260007489720067,0.9337126471816776,-0.28404423403473855,0.36777315037373265,-0.26586779288478585,-1.5122437307937067,1.1617859973638829,-0.7840545943252301,-0.47137643479967456,0.7667493972973631,0.6553263570233817,2.6875913333481143,-0.2671057756174487,-0.053020781225062194,-0.3243553554559919,0.49659842708994173,1.5800759756149143,-2.856373045158656,-1.0368049573984002,-0.45786393073488807
100.76777909847026,-82.46103228518976,91.71127970117922,163.31436419128926,114.39203762494277,182.3752928908709,101.9019262574611,26.737123370686177,89.38142681210397,-32.714837020629545,35.67908946496927,74.215821190014,-141.16821523724346,188.0621033273101,115.79791443857196,40.111232481419336,71.93544018600225,82.84594769765181,-150.23293010424004,-95.70078822275599,43.88336873236332,130.8611617084592,61.10249488609345,149.66408913433787,21.994074477608965,89.83039596833139,8.490316524247973,10.884580728413564,-23.939493994008174,-97.1926907711493,65.27319038943449,-44.65304314367265,-34.78929008071622,59.520957293985006,73.09679684102295,142.27316827182815,-24.64606543646164,15.517356384085362,-41.58845010327766,1.5800759756149143,99.6192310804298,-186.63770552703235,-69.20672133231113,3.933120392640496
-189.07465934979712,154.60728335932058,-172.05282889081113,-306.17072125683916,-214.233368528502,-342.20595108190406,-191.11666034647152,-50.054928098616344,-167.54402979683113,61.45003868056191,-66.7243911729561,-138.95568033245664,264.92498460007346,-352.66143824026994,-217.18261239152045,-75.38023240461474,-134.8244100688607,-155.15827151439572,281.56738598617534,179.32235385207457,-82.10686943763234,-245.24130815631082,-114.52678096678109,-280.551095681479,-41.208634990135735,-168.67459611725272,-16.216750568774692,-20.290310811657232,44.877437706758414,182.09186398847882,-122.16295987596966,83.68308678177506,65.24568384643449,-111.60448238204073,-136.9040916874002,-266.56033096896147,46.133909396589644,-29.297062177560814,78.04952866843901,-2.856373045158656,-186.63770552703235,350.07159338582795,129.58615002409834,-7.533280493476381
-69.7205956811693,57.44921655085635,-63.736396111385794,-113.36539688332219,-79.8838211845461,-126.64957367226866,-70.83031512655216,-19.006475377065858,-62.372449034865454,22.629404283239204,-24.64217087207688,-51.8164200203537,97.94263623833857,-131.04050095524136,-80.29026929740913,-27.43765677385693,-50.167165795268815,-57.61791565083325,104.85677479275954,66.63476073152427,-30.761890485829834,-90.9665271905585,-42.74101544983882,-104.3750496215383,-15.364207689162589,-62.29791119247279,-5.7544515819264035,-7.413263644940479,16.739108393118904,67.98180552648776,-45.81333710230631,30.8797934384543,24.082738745217974,-41.40958113601166,-51.5503196916365,-98.85204131757597,17.2817958375358,-10.75641090118773,28.928338137508415,-1.0368049573984002,-69.20672133231113,129.58615002409834,48.39040087548641,-2.6491860064301918
4.274032525367555,-3.5705149580606634,3.6504055259871775,6.391932523727338,4.200819582410645,7.936801084150358,4.324147441091986,1.3300672148545634,3.7723769757606336,-1.3391944471240729,0.517373135234259,2.5754126547656306,-6.194408542685884,7.8922624623493975,5.261278838114446,1.7926028969390067,3.233853125054838,3.152321545306914,-6.248320259020148,-3.9163818887690964,1.5787134718528253,4.912405856119887,2.641904097656563,6.37299729378937,0.9814528091727794,4.1516463765101745,0.9156445535182629,0.23686191601602702,-1.0575201230101068,-3.601780194427351,2.146908136581787,-1.7433859769068323,-1.5200632249370958,2.525949257930489,3.0243360178174856,5.094939293791722,-0.9830110070889099,0.9789276546101877,-2.0434878886009913,-0.45786393073488807,3.933120392640496,-7.533280493476381,-2.6491860064301918,0.8470893477290449
