V1,V2,V3,V4,V5,V6,V7,V8,V9,V10,V11,V12,V13,V14,V15,V16,V17,V18,V19,V20,V21,V22,V23,V24,V25,V26,V27,V28,V29,V30,V31,V32,V33,V34,V35,V36,V37,V38,V39,V40,V41,V42,V43,V44
14.201559820727395,-0.43203061929838016,-17.98206946275056,13.709709230778614,19.852599886145793,-61.08219515991594,-15.800149048062483,14.853564198279644,14.037829311064286,0.8438374318906845,-5.892380137232706,-15.26817548171995,16.02426455750485,-4.210181947507868,-20.756605367210977,-7.018821218212111,55.769433711880225,-20.901508285758045,-2.5636792155870274,45.08420326643381,-7.786635390271189,-0.17177201941927212,-43.69588752617512,-20.08878446060978,-30.40667482315066,7.023175120296758,-8.332881652974189,-12.593747679971909,22.925561992525687,-2.035770451377752,-31.460121064217653,23.942046900791425,13.792715247840443,-24.863941069772196,-56.53058742822847,33.37352567453389,-52.2177886983633,-8.757113382325457,-22.471777454995284,-0.43459623457510005,3.9528818919443682,46.42207918624299,5.800643901812359,22.02680322930569
-0.43203061929838016,0.13387987614015004,0.728874825331616,-0.5258976739412018,-1.0936248461340448,2.599101405457661,0.6719293891550798,-0.8887616520698544,-0.7459426024944088,-0.051853173469170163,0.3503686109374193,0.47505503175882935,-0.7637936543878026,-0.0398912090311956,0.9876175411114971,0.5883334913065088,-2.481526615210211,0.843840913663894,0.40933469653023763,-1.7650076716219705,0.10891593918765925,-0.03986493067274692,1.6445687741466184,0.6003733826720348,1.2221720198512267,-0.22707882412662134,0.4609392047684701,0.5983963525543398,-0.9348286069450908,0.39569589785733617,0.9977627474489462,-1.1075399439623965,-0.6320702169376946,0.9854060116625889,1.8882295304705348,-1.4406996771610914,2.322086214083868,0.40445882444467823,0.9794290545309824,0.07331093276331489,-0.19508936338912286,-2.025350686436506,-0.04982070073641607,-0.8550084453512011
-17.98206946275056,0.728874825331616,23.993117097137915,-17.663167050475487,-27.106783138190796,81.65104497708002,21.147810594114016,-20.65289002957068,-19.064500134316223,-1.4197385019314257,8.172337714674935,19.77386153506264,-21.994392339953254,5.102048075703752,28.138579862871605,10.348169622959018,-74.27858691430862,27.66187049108979,4.266460974076049,-59.695059175159315,9.784402322633662,0.3705684208825804,57.38079722544852,26.081206481398127,40.182991131160925,-8.864740365931015,11.481744194124657,16.943420548008255,-30.277712719014897,3.553941837196719,40.7663019932316,-32.16164680928329,-18.600629194414736,33.01442706912288,73.38670519410816,-44.06762991337538,69.67465233219744,11.743566714851799,29.72533914805347,0.6468640390289245,-5.042090886332384,-62.144122320973274,-7.159487490988494,-28.937308717307825
13.709709230778614,-0.5258976739412018,-17.663167050475487,13.389542925817947,19.861124524352284,-60.133895379616384,-15.522904724727832,14.95376501511939,14.013406111392804,0.9284142835575766,-5.886274395479895,-14.78110513743922,15.926593148135051,-3.837398760715918,-20.532390985170327,-7.232439328318276,54.947070945916224,-20.452740024204317,-2.930405431737849,44.21056167137611,-7.440385323101137,-0.13848740719763042,-42.686989291252885,-19.441318842773676,-29.809219792783182,6.795978790506819,-8.33588894579929,-12.449254409690154,22.457330174817113,-2.361962730765285,-30.531290508934887,23.635122042272535,13.641810682200147,-24.41357103363285,-54.92900111944522,32.808255353382386,-51.46882821473375,-8.637263836473855,-22.067555909910933,-0.44071770047724307,3.8687217739709885,45.68769054064769,5.4660992304639615,21.54362560548021
19.852599886145793,-1.0936248461340448,-27.106783138190796,19.861124524352284,31.485832170448937,-92.59196369624485,-23.911679366651285,24.17027670276085,22.08004124772902,1.781495970746128,-9.472115379623359,-21.87529123831335,25.229514185400006,-5.0728266204886845,-32.128802540668225,-12.465954258427013,84.43552242224007,-31.119747198840145,-5.768282953924106,67.30935147054275,-10.563335995983874,-0.3043906008595531,-64.38258729904237,-28.814026219617123,-45.3234596314135,9.832731384835213,-13.318843173692914,-19.34746674459376,34.12646825069599,-4.8661855686931945,-45.26391084161448,36.64465480146617,21.23172014054085,-37.28606830706779,-81.6727199792979,49.96623191871553,-79.2254075201751,-13.366725266017488,-33.654892189038286,-0.7894692780743777,5.723463612416106,70.46523440845219,7.5608648387495165,32.53766100055612
-61.08219515991594,2.599101405457661,81.65104497708002,-60.133895379616384,-92.59196369624485,278.01965431640434,71.97739708975445,-70.59428064902538,-65.09941919563676,-4.8739187412383425,27.898324096666116,67.1387767855209,-74.96160470611431,17.095355261133605,95.88112117661737,35.489174047122745,-253.05228642275736,94.10870505052927,14.875816915047206,-203.13245260905205,33.1188930447054,1.1883809341203726,195.16813044698787,88.52633887718781,136.75816286478553,-30.136228106863896,39.20209212693403,57.747570646498325,-103.042620634167,12.416085973404856,138.48334617745016,-109.58179182056527,-63.38195132026383,112.3595608340018,249.3792411584848,-150.1118886308671,237.36206285619852,40.00968724736286,101.23223126631015,2.2303933586243936,-17.203619411736092,-211.59823689325313,-24.173850935867012,-98.45516912633043
-15.800149048062483,0.6719293891550798,21.147810594114016,-15.522904724727832,-23.911679366651285,71.97739708975445,18.671779106908513,-18.246798690869028,-16.805722573547403,-1.2242479862655944,7.2514966175813855,17.409680224713618,-19.4084830150419,4.504122890121509,24.861264737002685,9.219227417324666,-65.49059888795055,24.411446508760026,3.780386045356631,-52.56494674233476,8.548100207549615,0.332674140581378,50.54238993590279,22.95907000695811,35.40478282285826,-7.7821096131681,10.145063728155288,14.957978903484934,-26.699758501657225,3.1990329015342733,35.85003140935818,-28.389317199108323,-16.403116831461187,29.067810974497533,64.57699516946649,-38.828392278848106,61.43062017673026,10.369786522366624,26.223601814654725,0.6109895261236414,-4.451940312683024,-54.84349459089698,-6.27376753184238,-25.488754299386382
14.853564198279644,-0.8887616520698544,-20.65289002957068,14.95376501511939,24.17027670276085,-70.59428064902538,-18.246798690869028,18.66094009850398,16.920262981667253,1.4256866608194791,-7.319951044224491,-16.49922428397766,19.393504865125895,-3.721685647011635,-24.61927792172869,-9.798648149279098,64.3173209792424,-23.66135786272679,-4.6371144962173085,51.14580881480459,-7.8573223301374195,-0.26824555006494716,-48.79781989431929,-21.745206050834668,-34.42741913693815,7.3491082819680305,-10.254984339829326,-14.789773089300995,25.92501775278615,-3.961246632633678,-34.13462742194679,27.99653117187571,16.234083673722804,-28.35587058007608,-61.6447538061921,37.95031558918782,-60.38027956342341,-10.207403830452565,-25.58708946346167,-0.6355342423858696,4.305017883735224,53.77015471060056,5.589580986044151,24.667795933030828
14.037829311064286,-0.7459426024944088,-19.064500134316223,14.013406111392804,22.08004124772902,-65.09941919563676,-16.805722573547403,16.920262981667253,15.49440161423771,1.238868463118801,-6.628071362405239,-15.435125855151403,17.69547721977986,-3.614240630265566,-22.54864461043023,-8.669523968441629,59.369438339735815,-21.89562511462107,-3.9791091189571555,47.37878848839966,-7.49379408754227,-0.2097924883157998,-45.34917830056254,-20.329139168423865,-31.90117002663762,6.954540248211179,-9.331233735177179,-13.588125194351502,24.016600745854127,-3.3365275788401547,-31.94084133368042,25.741884865284913,14.913436570537108,-26.239529248629257,-57.60886584296539,35.16135147016481,-55.698795030312795,-9.389878275663618,-23.67514701675679,-0.5408497064105957,4.033992681043007,49.52404929752411,5.372792134787922,22.916330752233495
0.8438374318906845,-0.051853173469170163,-1.4197385019314257,0.9284142835575766,1.781495970746128,-4.8739187412383425,-1.2242479862655944,1.4256866608194791,1.238868463118801,0.21519856690588754,-0.5083753107391998,-1.0111855750961412,1.4579308902339163,-0.12110530508478634,-1.7157131244434587,-0.7740805238243992,4.343465095060024,-1.5229141604204335,-0.4968673589024278,3.472422311122067,-0.5021512398240342,-0.0498436386635917,-3.1662424369358035,-1.3574649926816929,-2.2831631915872865,0.41932249966083734,-0.7585993814938552,-1.0137938991891138,1.6807448112350298,-0.3797264978868355,-2.1602082639159446,1.9131951775410636,1.15201191274319,-1.9543226433090413,-3.8743475563306355,2.5009483749895045,-4.112108861274159,-0.6869258427460316,-1.6520411893523657,0.001621146402906281,0.22066769631135563,3.6422227750048766,0.29417120351457116,1.601811917719176
-5.892380137232706,0.3503686109374193,8.172337714674935,-5.886274395479895,-9.472115379623359,27.898324096666116,7.2514966175813855,-7.319951044224491,-6.628071362405239,-0.5083753107391998,2.919477161245949,6.572582382039786,-7.643056391462234,1.5698063450934507,9.759223032558827,3.879188135740702,-25.41290390312818,9.415239754744372,1.7317698659533114,-20.203300236537654,3.0924447034268923,0.12566403490601072,19.33708981483602,8.659780176402682,13.622320521211561,-2.9036037330316113,4.037128728437154,5.852629436113082,-10.286130249613866,1.5266566449618866,13.52922094087645,-11.084291571804636,-6.403867479084264,11.188488868622619,24.450540932730256,-14.984675408684923,23.8515850454739,4.046373643262748,10.146249556912545,0.29017462438092817,-1.7118021309544533,-21.31918633980859,-2.242945434347748,-9.768772454934988
-15.26817548171995,0.47505503175882935,19.77386153506264,-14.78110513743922,-21.87529123831335,67.1387767855209,17.409680224713618,-16.49922428397766,-15.435125855151403,-1.0111855750961412,6.572582382039786,16.6325573837523,-17.812511663091122,4.590069719103996,22.95530026345419,7.991375212388063,-61.106289362544864,22.921186147123695,2.949864935866255,-49.37632243062903,8.394770501233593,0.2961183905194274,47.722246027035126,21.926448006995724,33.264067562195876,-7.520890935238391,9.24206053437875,13.860922669292137,-25.08420902492949,2.407797563646509,34.2197117207899,-26.35019558601931,-15.199565764031426,27.2574871066896,61.50746409620459,-36.41080546289482,57.26951123364201,9.633083332579393,24.567373282651662,0.504163386680971,-4.225434920147005,-51.08789789701342,-6.244891414186817,-24.041514455940572
16.02426455750485,-0.7637936543878026,-21.994392339953254,15.926593148135051,25.229514185400006,-74.96160470611431,-19.4084830150419,19.393504865125895,17.69547721977986,1.4579308902339163,-7.643056391462234,-17.812511663091122,20.469837412593296,-4.357955127999517,-26.0148119017514,-9.985644322503651,68.10601060854947,-25.2353246846285,-4.399330992459327,54.52435531852815,-8.663847130304003,-0.38003160721224716,-52.15881721284878,-23.517817937384578,-36.66586036137443,7.895400893964694,-10.722389901211827,-15.614328269102517,27.610121338630687,-3.7161932525418693,-36.76863237705257,29.607485315518222,17.163503697991295,-30.20367115012106,-66.265738516583,40.234276995599586,-63.94126838236933,-10.79982376376115,-27.145234508052067,-0.6183429299271267,4.52689948987775,57.0724467896349,6.252155346182199,26.3184251590632
-4.210181947507868,-0.0398912090311956,5.102048075703752,-3.837398760715918,-5.0728266204886845,17.095355261133605,4.504122890121509,-3.721685647011635,-3.614240630265566,-0.12110530508478634,1.5698063450934507,4.590069719103996,-4.357955127999517,1.661547555676899,5.740793379557118,1.6134719266588493,-15.423921875589716,6.025280292702655,0.13133525312742605,-12.787968093440112,2.439578057410552,0.16069928327865998,12.584767435129471,6.077123656942336,8.620014796083803,-2.0361471498974666,2.1692272902501664,3.4543279730685694,-6.534159270183757,0.09465397318278769,9.299728153928447,-6.619759764124866,-3.7806463348098434,7.016167056443856,16.620222904042645,-9.256828923350415,14.440019561463771,2.432637826494724,6.303877550356723,0.12075729272250263,-1.0752750729694025,-13.060003394099292,-1.9407025292351934,-6.291252612515044
-20.756605367210977,0.9876175411114971,28.138579862871605,-20.532390985170327,-32.128802540668225,95.88112117661737,24.861264737002685,-24.61927792172869,-22.54864461043023,-1.7157131244434587,9.759223032558827,22.95530026345419,-26.0148119017514,5.740793379557118,33.23704773585664,12.619053993674019,-87.2519435997867,32.415732525252814,5.399189765704613,-69.83403368519227,11.15210944042546,0.43517388038965504,66.99595573851174,30.272622635030086,47.03018598988864,-10.229467824397675,13.64346737727658,19.977475745714248,-35.459566087092405,4.60385051854408,47.31084075897202,-37.888260139067576,-21.91112442491218,38.64646176346918,85.29483156144276,-51.638971329488704,81.86822003782504,13.8336669282005,34.87335367398018,0.8409645601551023,-5.896346162182642,-73.07393926845727,-8.123659048130031,-33.805512524582895
-7.018821218212111,0.5883334913065088,10.348169622959018,-7.232439328318276,-12.465954258427013,35.489174047122745,9.219227417324666,-9.798648149279098,-8.669523968441629,-0.7740805238243992,3.879188135740702,7.991375212388063,-9.985644322503651,1.6134719266588493,12.619053993674019,5.484898273918067,-32.325814985837745,11.82565948262409,2.7557400178862563,-25.39063662299333,3.5522627210817626,0.1598838067326456,24.068466148655354,10.534727431369248,17.11282774945119,-3.4619094676948436,5.341434121770106,7.52806893049195,-12.916978835463304,2.480565166398504,16.49552477979826,-14.216402493898954,-8.240877837452942,14.106673365278208,29.937144289485865,-18.905737522343347,30.383645616475874,5.182610862359306,12.809532293998478,0.4200942833765948,-2.116770256118346,-27.165057244874923,-2.4859916861171367,-12.184325314163578
55.769433711880225,-2.481526615210211,-74.27858691430862,54.947070945916224,84.43552242224007,-253.05228642275736,-65.49059888795055,64.3173209792424,59.369438339735815,4.343465095060024,-25.41290390312818,-61.106289362544864,68.10601060854947,-15.423921875589716,-87.2519435997867,-32.325814985837745,230.62414389846646,-85.69494738510664,-13.66416512284806,184.906526484857,-30.075799274916672,-0.9388030587858096,-177.75122621875147,-80.50360661178367,-124.5676358465001,27.552759260873547,-35.69939826692001,-52.6106144601593,93.88030247176948,-11.426652364569412,-126.07652785710351,99.80688513941996,57.691385638398806,-102.25829719599906,-227.12294933684706,136.91203461756945,-216.26613736959877,-36.447028803580814,-92.31185686139352,-2.0786347434516785,15.807825126056173,192.61858336713465,21.949530038852444,89.70749762660462
-20.901508285758045,0.843840913663894,27.66187049108979,-20.452740024204317,-31.119747198840145,94.10870505052927,24.411446508760026,-23.66135786272679,-21.89562511462107,-1.5229141604204335,9.415239754744372,22.921186147123695,-25.2353246846285,6.025280292702655,32.415732525252814,11.82565948262409,-85.69494738510664,31.992849095904923,4.731479890171505,-68.86226878828286,11.32251143287356,0.402748853929568,66.33588708034394,30.209964296362802,46.40429755031262,-10.30093977057604,13.180816871964025,19.53337306841481,-35.003321731904485,3.981112220566893,47.18519598332498,-37.08460914165572,-21.406278540964408,38.05599466984955,84.96448344682697,-50.89768030186685,80.35088714959849,13.551137146396895,34.368060673114556,0.7891817045147135,-5.881225852432777,-71.69488972182785,-8.347947159955746,-33.450730682074415
-2.5636792155870274,0.40933469653023763,4.266460974076049,-2.930405431737849,-5.768282953924106,14.875816915047206,3.780386045356631,-4.6371144962173085,-3.9791091189571555,-0.4968673589024278,1.7317698659533114,2.949864935866255,-4.399330992459327,0.13133525312742605,5.399189765704613,2.7557400178862563,-13.66416512284806,4.731479890171505,1.841145766422434,-10.407354299084714,1.169210514780526,-0.013748227060760254,9.589497464850535,3.868471617080616,6.994107535608165,-1.3043000839299106,2.4414873312250367,3.230066169018227,-5.233523326351377,1.6005296374791806,6.260171843728088,-6.0450103029527495,-3.55470257032176,5.835181520853995,11.463082852272874,-7.9099084676607605,12.867430391349346,2.1878865720976486,5.288732818150713,0.17033374464511558,-0.8680259926881325,-11.312215206471471,-0.6573079871483966,-4.906052024367858
45.08420326643381,-1.7650076716219705,-59.695059175159315,44.21056167137611,67.30935147054275,-203.13245260905205,-52.56494674233476,51.14580881480459,47.37878848839966,3.472422311122067,-20.203300236537654,-49.37632243062903,54.52435531852815,-12.787968093440112,-69.83403368519227,-25.39063662299333,184.906526484857,-68.86226878828286,-10.407354299084714,148.72520193236988,-24.57553187002201,-0.8480725991789201,-143.08082708364353,-65.0999405670167,-100.12299773850297,22.24908274442768,-28.454682156872,-42.108203719876876,75.42518962122273,-8.580724264209572,-101.84975637009805,79.94004137843092,46.22602095917778,-82.2291498946659,-183.2839144079341,109.85087660020564,-173.40136036837572,-29.19130980088081,-74.04108393646085,-1.5535281923739748,12.627520417696603,154.5093817580203,17.99327291337653,72.15996328918295
-7.786635390271189,0.10891593918765925,9.784402322633662,-7.440385323101137,-10.563335995983874,33.1188930447054,8.548100207549615,-7.8573223301374195,-7.49379408754227,-0.5021512398240342,3.0924447034268923,8.394770501233593,-8.663847130304003,2.439578057410552,11.15210944042546,3.5522627210817626,-30.075799274916672,11.32251143287356,1.169210514780526,-24.57553187002201,4.434766976761793,0.15848701264591017,23.81131882536593,11.082543182774426,16.51316602165626,-3.838400790839833,4.432610713171885,6.7591481649378,-12.415947850392268,0.835615975082125,17.31340908688329,-12.877980501851749,-7.447243199671734,13.556220054215897,30.994082212712133,-18.01239919211598,28.179168094880165,4.704916029863969,12.100881393348981,0.15452227854307465,-2.07535587317304,-25.08020376954753,-3.3034974524702023,-11.977265445029735
-0.17177201941927212,-0.03986493067274692,0.3705684208825804,-0.13848740719763042,-0.3043906008595531,1.1883809341203726,0.332674140581378,-0.26824555006494716,-0.2097924883157998,-0.0498436386635917,0.12566403490601072,0.2961183905194274,-0.38003160721224716,0.16069928327865998,0.43517388038965504,0.1598838067326456,-0.9388030587858096,0.402748853929568,-0.013748227060760254,-0.8480725991789201,0.15848701264591017,0.08102016311964023,0.7836795682408279,0.42133984290569043,0.5404810915709517,-0.0633151307555993,0.1593002355471144,0.22915435154678573,-0.4059944344294011,-0.004192441519440778,0.5703550646795487,-0.44795358891957654,-0.2691326390678285,0.4755695824874914,0.9946700947490305,-0.49709256256252077,0.9076158675675106,0.16158244204870786,0.36074923718361795,0.002355141705188466,-0.003733250351763063,-0.9200754447865948,-0.12965009763950977,-0.3765663849359936
-43.69588752617512,1.6445687741466184,57.38079722544852,-42.686989291252885,-64.38258729904237,195.16813044698787,50.54238993590279,-48.79781989431929,-45.34917830056254,-3.1662424369358035,19.33708981483602,47.722246027035126,-52.15881721284878,12.584767435129471,66.99595573851174,24.068466148655354,-177.75122621875147,66.33588708034394,9.589497464850535,-143.08082708364353,23.81131882536593,0.7836795682408279,137.89492745192547,62.89422864437648,96.38097124065868,-21.559576851406078,27.20355183009213,40.429086376800804,-72.6469537746922,7.913201127004485,98.35005344580006,-76.77634444226561,-44.34292849427325,79.06084152338849,176.96563332959235,-105.7273275089687,166.63986141264124,28.050779803974486,71.29169017443122,1.5158571963754641,-12.233931111658745,-148.50267594030524,-17.532900279035108,-69.5312304851963
-20.08878446060978,0.6003733826720348,26.081206481398127,-19.441318842773676,-28.814026219617123,88.52633887718781,22.95907000695811,-21.745206050834668,-20.329139168423865,-1.3574649926816929,8.659780176402682,21.926448006995724,-23.517817937384578,6.077123656942336,30.272622635030086,10.534727431369248,-80.50360661178367,30.209964296362802,3.868471617080616,-65.0999405670167,11.082543182774426,0.42133984290569043,62.89422864437648,28.92280334376834,43.83781729515754,-9.886574981659562,12.184898748032516,18.26495681825972,-33.05128062674833,3.1515631902509558,45.10692079579978,-34.72876096498351,-20.04247399086796,35.94279355865999,81.05885607013299,-47.9463604991843,75.46335774801611,12.69524516046805,32.35178318997755,0.6513795848571391,-5.537102177372702,-67.35388667651365,-8.242525573931767,-31.675201734028963
-30.40667482315066,1.2221720198512267,40.182991131160925,-29.809219792783182,-45.3234596314135,136.75816286478553,35.40478282285826,-34.42741913693815,-31.90117002663762,-2.2831631915872865,13.622320521211561,33.264067562195876,-36.66586036137443,8.620014796083803,47.03018598988864,17.11282774945119,-124.5676358465001,46.40429755031262,6.994107535608165,-100.12299773850297,16.51316602165626,0.5404810915709517,96.38097124065868,43.83781729515754,67.43935857711223,-15.009079325440027,19.157524669810204,28.367891054989595,-50.825396503973565,5.799772646789846,68.58849434323679,-53.85029506244197,-31.116931377974186,55.34590302388539,123.46617579505855,-74.02770334021339,116.79868366723589,19.66973548884408,49.912813390936364,1.080710397922442,-8.548809599245605,-104.0673147095385,-12.11170806407878,-48.61418057913569
7.023175120296758,-0.22707882412662134,-8.864740365931015,6.795978790506819,9.832731384835213,-30.136228106863896,-7.7821096131681,7.3491082819680305,6.954540248211179,0.41932249966083734,-2.9036037330316113,-7.520890935238391,7.895400893964694,-2.0361471498974666,-10.229467824397675,-3.4619094676948436,27.552759260873547,-10.30093977057604,-1.3043000839299106,22.24908274442768,-3.838400790839833,-0.0633151307555993,-21.559576851406078,-9.886574981659562,-15.009079325440027,3.4815919442992134,-4.1159462868402175,-6.2172999781854505,11.311746782876417,-1.0271420839656888,-15.518209379562126,11.814714381770726,6.8076978880062775,-12.270979827230866,-27.888084484904265,16.502093787847347,-25.79196258864741,-4.320117121589096,-11.099272335920258,-0.21066021688396172,1.9652440998650627,22.888339952335052,2.848180608851881,10.875322478560479
-8.332881652974189,0.4609392047684701,11.481744194124657,-8.33588894579929,-13.318843173692914,39.20209212693403,10.145063728155288,-10.254984339829326,-9.331233735177179,-0.7585993814938552,4.037128728437154,9.24206053437875,-10.722389901211827,2.1692272902501664,13.64346737727658,5.341434121770106,-35.69939826692001,13.180816871964025,2.4414873312250367,-28.454682156872,4.432610713171885,0.1593002355471144,27.20355183009213,12.184898748032516,19.157524669810204,-4.1159462868402175,5.653873159461565,8.196689379257379,-14.433224324447325,2.086401657428875,19.093241149878896,-15.52690214180008,-8.994696838007687,15.765365656359247,34.46166610390908,-21.088065224620248,33.50859006121945,5.66474853345824,14.226068731391663,0.34952686482068784,-2.3979653778022145,-29.866515501142615,-3.1817283591301795,-13.741269303971594
-12.593747679971909,0.5983963525543398,16.943420548008255,-12.449254409690154,-19.34746674459376,57.747570646498325,14.957978903484934,-14.789773089300995,-13.588125194351502,-1.0137938991891138,5.852629436113082,13.860922669292137,-15.614328269102517,3.4543279730685694,19.977475745714248,7.52806893049195,-52.6106144601593,19.53337306841481,3.230066169018227,-42.108203719876876,6.7591481649378,0.22915435154678573,40.429086376800804,18.26495681825972,28.367891054989595,-6.2172999781854505,8.196689379257379,12.02878529737729,-21.385783930956222,2.73497676474875,28.58721372196723,-22.81092332702668,-13.1873130756195,23.29642374744899,51.532121031855205,-31.180424925892787,49.34864511255459,8.328898703806441,21.040632569079264,0.4982401837957119,-3.5853279806478513,-43.98986790986307,-4.92255792021754,-20.406929232884565
22.925561992525687,-0.9348286069450908,-30.277712719014897,22.457330174817113,34.12646825069599,-103.042620634167,-26.699758501657225,25.92501775278615,24.016600745854127,1.6807448112350298,-10.286130249613866,-25.08420902492949,27.610121338630687,-6.534159270183757,-35.459566087092405,-12.916978835463304,93.88030247176948,-35.003321731904485,-5.233523326351377,75.42518962122273,-12.415947850392268,-0.4059944344294011,-72.6469537746922,-33.05128062674833,-50.825396503973565,11.311746782876417,-14.433224324447325,-21.385783930956222,38.3241599235414,-4.373373404249226,-51.68424631621474,40.59625983956777,23.44094953015089,-41.68519454423978,-93.06108874664355,55.79073709417196,-88.01786657587505,-14.832561527186675,-37.641297102500104,-0.8441780219551701,6.459838892287656,78.45799813598106,9.131035862807177,36.64197363544302
-2.035770451377752,0.39569589785733617,3.553941837196719,-2.361962730765285,-4.8661855686931945,12.416085973404856,3.1990329015342733,-3.961246632633678,-3.3365275788401547,-0.3797264978868355,1.5266566449618866,2.407797563646509,-3.7161932525418693,0.09465397318278769,4.60385051854408,2.480565166398504,-11.426652364569412,3.981112220566893,1.6005296374791806,-8.580724264209572,0.835615975082125,-0.004192441519440778,7.913201127004485,3.1515631902509558,5.799772646789846,-1.0271420839656888,2.086401657428875,2.73497676474875,-4.373373404249226,1.4703476456934848,5.051888807524362,-5.111009547091659,-2.982361034195712,4.809474962753102,9.325812854963301,-6.568564934978499,10.762097460088643,1.8557174866850878,4.440629597110195,0.20710954072219456,-0.733690167288407,-9.53849529489399,-0.4690873850479126,-4.051038649874886
-31.460121064217653,0.9977627474489462,40.7663019932316,-30.531290508934887,-45.26391084161448,138.48334617745016,35.85003140935818,-34.13462742194679,-31.94084133368042,-2.1602082639159446,13.52922094087645,34.2197117207899,-36.76863237705257,9.299728153928447,47.31084075897202,16.49552477979826,-126.07652785710351,47.18519598332498,6.260171843728088,-101.84975637009805,17.31340908688329,0.5703550646795487,98.35005344580006,45.10692079579978,68.58849434323679,-15.518209379562126,19.093241149878896,28.58721372196723,-51.68424631621474,5.051888807524362,70.50509607706871,-54.3329548266249,-31.371219350448246,56.24187726463955,126.71226233093772,-75.14056624835622,118.1636648605702,19.854922859536615,50.63804198643289,0.99194592273489135,-8.712047356368195,-105.2816846755147,-12.814719184250773,-49.561751755512375
23.942046900791425,-1.1075399439623965,-32.16164680928329,23.635122042272535,36.64465480146617,-109.58179182056527,-28.389317199108323,27.99653117187571,25.741884865284913,1.9131951775410636,-11.084291571804636,-26.35019558601931,29.607485315518222,-6.619759764124866,-37.888260139067576,-14.216402493898954,99.80688513941996,-37.08460914165572,-6.0450103029527495,79.94004137843092,-12.877980501851749,-0.44795358891957654,-76.77634444226561,-34.72876096498351,-53.85029506244197,11.814714381770726,-15.52690214180008,-22.81092332702668,40.59625983956777,-5.111009547091659,-54.3329548266249,43.26721875098437,25.01245946473231,-44.22237839420007,-97.92260086659685,59.162179793827534,-93.61834437348703,-15.799357368702236,-39.92528423003239,-0.936683124865178,6.7986940781044956,83.47136233334497,9.39271910170496,38.7457373986992
13.792715247840443,-0.6320702169376946,-18.600629194414736,13.641810682200147,21.23172014054085,-63.38195132026383,-16.403116831461187,16.234083673722804,14.913436570537108,1.15201191274319,-6.403867479084264,-15.199565764031426,17.163503697991295,-3.7806463348098434,-21.91112442491218,-8.240877837452942,57.691385638398806,-21.406278540964408,-3.55470257032176,46.22602095917778,-7.447243199671734,-0.2691326390678285,-44.34292849427325,-20.04247399086796,-31.116931377974186,6.8076978880062775,-8.994696838007687,-13.1873130756195,23.44094953015089,-2.982361034195712,-31.371219350448246,25.01245946473231,14.477311689070085,-25.58270019729292,-56.523656469820466,34.18034518431534,-54.12669980856997,-9.129499061734247,-23.048940972676355,-0.5188726926152047,3.904257739411778,48.24491429620271,5.406981803794716,22.37794678234114
-24.863941069772196,0.9854060116625889,33.01442706912288,-24.41357103363285,-37.28606830706779,112.3595608340018,29.067810974497533,-28.35587058007608,-26.239529248629257,-1.9543226433090413,11.188488868622619,27.2574871066896,-30.20367115012106,7.016167056443856,38.64646176346918,14.106673365278208,-102.25829719599906,38.05599466984955,5.835181520853995,-82.2291498946659,13.556220054215897,0.4755695824874914,79.06084152338849,35.94279355865999,55.34590302388539,-12.270979827230866,15.765365656359247,23.29642374744899,-41.68519454423978,4.809474962753102,56.24187726463955,-44.22237839420007,-25.58270019729292,45.4736471101457,101.21311113799923,-60.725937066541306,95.90612912464269,16.14579729603762,40.92387804723378,0.8539909986747766,-6.964347252110442,-85.45352050241407,-9.905687926403743,-39.874976750052745
-56.53058742822847,1.8882295304705348,73.38670519410816,-54.92900111944522,-81.6727199792979,249.3792411584848,64.57699516946649,-61.6447538061921,-57.60886584296539,-3.8743475563306355,24.450540932730256,61.50746409620459,-66.265738516583,16.620222904042645,85.29483156144276,29.937144289485865,-227.12294933684706,84.96448344682697,11.463082852272874,-183.2839144079341,30.994082212712133,0.9946700947490305,176.96563332959235,81.05885607013299,123.46617579505855,-27.888084484904265,34.46166610390908,51.532121031855205,-93.06108874664355,9.325812854963301,126.71226233093772,-97.92260086659685,-56.523656469820466,101.21311113799923,227.81926915513873,-135.32972945958102,212.8643910465647,35.78783946736378,91.22454669127006,1.8468093686813196,-15.71837873562672,-189.66187889512392,-22.936131257045385,-89.193614377688
33.37352567453389,-1.4406996771610914,-44.06762991337538,32.808255353382386,49.96623191871553,-150.1118886308671,-38.828392278848106,37.95031558918782,35.16135147016481,2.5009483749895045,-14.984675408684923,-36.41080546289482,40.234276995599586,-9.256828923350415,-51.638971329488704,-18.905737522343347,136.91203461756945,-50.89768030186685,-7.9099084676607605,109.85087660020564,-18.01239919211598,-0.49709256256252077,-105.7273275089687,-47.9463604991843,-74.02770334021339,16.502093787847347,-21.088065224620248,-31.180424925892787,55.79073709417196,-6.568564934978499,-75.14056624835622,59.162179793827534,34.18034518431534,-60.725937066541306,-135.32972945958102,81.40141163029747,-128.34910593100915,-21.610099597845682,-54.853915802668766,-1.2074454671009442,9.4569946684587,114.21921580723215,13.172103208708656,53.35881980053872
-52.2177886983633,2.322086214083868,69.67465233219744,-51.46882821473375,-79.2254075201751,237.36206285619852,61.43062017673026,-60.38027956342341,-55.698795030312795,-4.112108861274159,23.8515850454739,57.26951123364201,-63.94126838236933,14.440019561463771,81.86822003782504,30.383645616475874,-216.26613736959877,80.35088714959849,12.867430391349346,-173.40136036837572,28.179168094880165,0.9076158675675106,166.63986141264124,75.46335774801611,116.79868366723589,-25.79196258864741,33.50859006121945,49.34864511255459,-88.01786657587505,10.762097460088643,118.1636648605702,-93.61834437348703,-54.12669980856997,95.90612912464269,212.8643910465647,-128.34910593100915,202.81989145918737,34.18476067695047,86.54002775816278,1.9434688240235138,-14.789903402411719,-180.67154570495677,-20.55181617830286,-84.09601147835794
-8.757113382325457,0.40445882444467823,11.743566714851799,-8.637263836473855,-13.366725266017488,40.00968724736286,10.369786522366624,-10.207403830452565,-9.389878275663618,-0.6869258427460316,4.046373643262748,9.633083332579393,-10.79982376376115,2.432637826494724,13.8336669282005,5.182610862359306,-36.447028803580814,13.551137146396895,2.1878865720976486,-29.19130980088081,4.704916029863969,0.16158244204870786,28.050779803974486,12.69524516046805,19.66973548884408,-4.320117121589096,5.66474853345824,8.328898703806441,-14.832561527186675,1.8557174866850878,19.854922859536615,-15.799357368702236,-9.129499061734247,16.14579729603762,35.78783946736378,-21.610099597845682,34.18476067695047,5.771021162692113,14.587075111096388,0.34646641521187727,-2.488872925728949,-30.484398038934337,-3.4384039273375517,-14.154763780966917
-22.471777454995284,0.9794290545309824,29.72533914805347,-22.067555909910933,-33.654892189038286,101.23223126631015,26.223601814654725,-25.58708946346167,-23.67514701675679,-1.6520411893523657,10.146249556912545,24.567373282651662,-27.145234508052067,6.303877550356723,34.87335367398018,12.809532293998478,-92.31185686139352,34.368060673114556,5.288732818150713,-74.04108393646085,12.100881393348981,0.36074923718361795,71.29169017443122,32.35178318997755,49.912813390936364,-11.099272335920258,14.226068731391663,21.040632569079264,-37.641297102500104,4.440629597110195,50.63804198643289,-39.92528423003239,-23.048940972676355,40.92387804723378,91.22454669127006,-54.853915802668766,86.54002775816278,14.587075111096388,37.007023810644945,0.8538560621521589,-6.374131804247381,-77.09587365812833,-8.88113351032517,-35.97477816619682
-0.43459623457510005,0.07331093276331489,0.6468640390289245,-0.44071770047724307,-0.7894692780743777,2.2303933586243936,0.6109895261236414,-0.6355342423858696,-0.5408497064105957,0.001621146402906281,0.29017462438092817,0.504163386680971,-0.6183429299271267,0.12075729272250263,0.8409645601551023,0.4200942833765948,-2.0786347434516785,0.7891817045147135,0.17033374464511558,-1.5535281923739748,0.15452227854307465,0.002355141705188466,1.5158571963754641,0.6513795848571391,1.080710397922442,-0.21066021688396172,0.34952686482068784,0.4982401837957119,-0.8441780219551701,0.20710954072219456,0.99194592273489135,-0.936683124865178,-0.5188726926152047,0.8539909986747766,1.8468093686813196,-1.2074454671009442,1.9434688240235138,0.34646641521187727,0.8538560621521589,0.07554466381763089,-0.16136789344430222,-1.7784546108657497,-0.13365928181164755,-0.7710359933321944
3.9528818919443682,-0.19508936338912286,-5.042090886332384,3.8687217739709885,5.723463612416106,-17.203619411736092,-4.451940312683024,4.305017883735224,4.033992681043007,0.22066769631135563,-1.7118021309544533,-4.225434920147005,4.52689948987775,-1.0752750729694025,-5.896346162182642,-2.116770256118346,15.807825126056173,-5.881225852432777,-0.8680259926881325,12.627520417696603,-2.07535587317304,-0.003733250351763063,-12.233931111658745,-5.537102177372702,-8.548809599245605,1.9652440998650627,-2.3979653778022145,-3.5853279806478513,6.459838892287656,-0.733690167288407,-8.712047356368195,6.7986940781044956,3.904257739411778,-6.964347252110442,-15.71837873562672,9.4569946684587,-14.789903402411719,-2.488872925728949,-6.374131804247381,-0.16136789344430222,1.1537110991070185,13.111668624160943,1.5375732681308247,6.183768969271878
46.42207918624299,-2.025350686436506,-62.144122320973274,45.68769054064769,70.46523440845219,-211.59823689325313,-54.84349459089698,53.77015471060056,49.52404929752411,3.6422227750048766,-21.31918633980859,-51.08789789701342,57.0724467896349,-13.060003394099292,-73.07393926845727,-27.165057244874923,192.61858336713465,-71.69488972182785,-11.312215206471471,154.5093817580203,-25.08020376954753,-0.9200754447865948,-148.50267594030524,-67.35388667651365,-104.0673147095385,22.888339952335052,-29.866515501142615,-43.98986790986307,78.45799813598106,-9.53849529489399,-105.2816846755147,83.47136233334497,48.24491429620271,-85.45352050241407,-189.66187889512392,114.21921580723215,-180.67154570495677,-30.484398038934337,-77.09587365812833,-1.7784546108657497,13.111668624160943,161.1723288657871,18.35385117145199,74.91309468634648
5.800643901812359,-0.04982070073641607,-7.159487490988494,5.4660992304639615,7.5608648387495165,-24.173850935867012,-6.27376753184238,5.589580986044151,5.372792134787922,0.29417120351457116,-2.242945434347748,-6.244891414186817,6.252155346182199,-1.9407025292351934,-8.123659048130031,-2.4859916861171367,21.949530038852444,-8.347947159955746,-0.6573079871483966,17.99327291337653,-3.3034974524702023,-0.12965009763950977,-17.532900279035108,-8.242525573931767,-12.11170806407878,2.848180608851881,-3.1817283591301795,-4.92255792021754,9.131035862807177,-0.4690873850479126,-12.814719184250773,9.39271910170496,5.406981803794716,-9.905687926403743,-22.936131257045385,13.172103208708656,-20.55181617830286,-3.4384039273375517,-8.88113351032517,-0.13365928181164755,1.5375732681308247,18.35385117145199,2.513826934400822,8.807480809884417
22.02680322930569,-0.8550084453512011,-28.937308717307825,21.54362560548021,32.53766100055612,-98.45516912633043,-25.488754299386382,24.667795933030828,22.916330752233495,1.601811917719176,-9.768772454934988,-24.041514455940572,26.3184251590632,-6.291252612515044,-33.805512524582895,-12.184325314163578,89.70749762660462,-33.450730682074415,-4.906052024367858,72.15996328918295,-11.977265445029735,-0.3765663849359936,-69.5312304851963,-31.675201734028963,-48.61418057913569,10.875322478560479,-13.741269303971594,-20.406929232884565,36.64197363544302,-4.051038649874886,-49.561751755512375,38.7457373986992,22.37794678234114,-39.874976750052745,-89.193614377688,53.35881980053872,-84.09601147835794,-14.154763780966917,-35.97477816619682,-0.7710359933321944,6.183768969271878,74.91309468634648,8.807480809884417,35.06906494869579
