V1,V2,V3,V4,V5,V6,V7,V8,V9,V10,V11,V12,V13,V14,V15,V16,V17,V18,V19,V20,V21,V22,V23,V24,V25,V26,V27,V28,V29,V30,V31,V32,V33,V34,V35,V36,V37,V38,V39,V40,V41,V42,V43,V44
25.08111983559213,-34.4312346386001,12.548941407634146,-0.06475340267611462,-5.929544836441713,-21.30416618631273,56.91614553671857,-27.08603610875972,-25.27282625626834,1.5146062889700254,7.1455428877378955,93.54161781074566,59.448992503508535,-1.6954647854522344,21.00484073177107,48.71293170671516,41.87683639330925,19.80068152944429,17.637935671311844,109.45318680415514,75.3886423681449,58.19283819871037,30.59917542825057,-52.61034483139416,-63.380116043469926,-53.64843073808504,23.956395752522216,-7.397228919366494,49.12685191415122,7.119579567334102,44.150676600109996,-13.405481960075702,-46.6296496214146,-19.072541917604298,-30.16691702331504,-66.68731722288746,-56.05640282320884,-27.43757758523541,32.960289289558474,3.072425447087673,14.735490748945551,21.50046886239514,3.414158517907218,1.5227308748729456
-34.4312346386001,47.70659152095341,-17.646712402051705,-0.2077131815082179,8.58396469838772,29.07009309072373,-78.25672563112512,36.97701570542403,34.539748351364075,-2.642943794026311,-9.646435145741222,-128.22598767722488,-81.51159212618614,2.041319280045309,-28.84169614734024,-66.19756963287357,-57.45141857147181,-27.221603992909493,-23.834786012744726,-149.90562854204578,-103.77664609575778,-80.03710556342875,-42.09611681455161,72.06453844517817,86.7859995640503,73.01218435840157,-32.8797308034002,9.660843663342034,-67.92925781819959,-9.773846134832386,-59.99668582655473,17.72328790007578,63.290705089371535,25.997645699351274,41.93366791593166,90.95477901460195,76.69129704392951,36.864325362425866,-45.42402289646099,-4.334229980712612,-20.789155440564777,-29.573077740162798,-4.60986052484311,-2.240905859299047
12.548941407634146,-17.646712402051705,6.680144617952113,0.251097790204331,-3.3907342349074385,-10.490680588140734,28.594490997044925,-13.354409989689717,-12.497384124896197,1.2964333815384637,3.419649361366551,46.62305990290703,29.649251398127472,-0.5748888131232607,10.515583394095241,23.72732723187413,20.91686003419094,9.944418396421135,8.46342315962411,54.42727325284724,37.99069014032746,29.25959011456776,15.39541464222497,-26.17078431172847,-31.49903682793435,-26.234095345068415,11.979027080622837,-3.228864827287871,25.04634714988021,3.562441966602624,21.504142444973052,-6.057416652762787,-22.639657533865346,-9.365965753190673,-15.591667060311735,-32.79846674876203,-27.795944332226597,-12.961190394618956,16.659648541679967,1.6480399191677904,7.907947274386645,10.81242262618041,1.6346133566568244,0.9054686083748889
-0.06475340267611462,-0.2077131815082179,0.251097790204331,0.20082872023897524,-0.284296526938734,0.1738997845883022,-0.06377694738503084,0.20924580794307474,0.1693047698138691,0.3764532640180205,-0.12840204009153955,-0.3677848574424198,-0.2204821128361795,0.19766525770987378,-0.049753778894620175,-0.5816059930471394,-0.13296063817711318,-0.024560304023262036,-0.30088695159397166,-0.519343326107984,-0.003056429619592021,-0.0484312487985518,-0.01838432042258797,0.24292207126994633,0.31321760667879567,0.5679293667364661,-0.06678423678470553,0.3527968103335933,0.20278474738336483,-0.01823349932479835,-0.527919887957355,0.49361361727330644,0.6078699654287311,0.17388323983908235,-0.2739362184031359,0.572680773767004,0.32211111216328775,0.612386769034631,0.034008611864611404,0.07066213316799926,0.3403256295941424,-0.016541388224028446,-0.06073984062227939,0.09770594900111378
-5.929544836441713,8.58396469838772,-3.3907342349074385,-0.284296526938734,1.8504499275976085,4.8586378001588715,-13.57954161930853,6.1946066005257405,5.818645257921257,-0.9276407638067482,-1.5247399308523852,-21.92527556204203,-13.954087971487493,0.11175329608776516,-4.972460223051139,-10.83393588721333,-9.862827789969206,-4.720639485844597,-3.7873159916737626,-25.521146377858585,-18.109584126140838,-13.909230686264362,-7.324765201816939,12.27717368142223,14.75940078320557,12.040345772076142,-5.656120137404814,1.249521461425261,-12.107734814061597,-1.6833328189713828,-9.818251716714677,2.4818549110215082,10.2934547094788,4.321727576788565,7.658442522225175,15.165844722205662,12.987090625481011,5.676128053032672,-7.970408583794481,-0.8436677210815225,-4.049816850455679,-5.1410368983780135,-0.7293754933841664,-0.5120451767619238
-21.30416618631273,29.07009309072373,-10.490680588140734,0.1738997845883022,4.8586378001588715,18.16743172273631,-48.29666299978424,23.090814190425043,21.529544757343867,-1.0600633320219188,-6.134749043327818,-79.53120604220094,-50.53731560331326,1.5551761686198478,-17.839212221043848,-41.64909586761257,-35.58629985593871,-16.80325259020143,-15.133758777048165,-93.11317532464354,-63.92228224359391,-49.3699171974581,-25.95558180732777,44.752007264962934,53.92580588599981,45.82528046167087,-20.35211732053076,6.48213720990127,-41.53289879586853,-6.0470196249529264,-37.74868306175994,11.660059240524815,39.89892931652341,16.27517735684238,25.41455898157616,56.88398815265904,47.720726818903024,23.628420888381815,-27.926468543034247,-2.563623720189149,-12.291594100457477,-18.23983134931213,-2.931146931206229,-1.2333773473296434
56.91614553671857,-78.25672563112512,28.594490997044925,-0.06377694738503084,-13.57954161930853,-48.29666299978424,129.19455821350286,-61.409148303621954,-57.309206518461224,3.5936569280149953,16.16995041084183,212.2214906411565,134.87978143023597,-3.7679394779695414,47.66781006220811,110.35626215612207,95.02106581737071,44.944606343881695,39.920547232730975,248.28452146930624,171.15794885921488,132.09898586554695,69.4635060414445,-119.3442955491198,-143.76713312926375,-121.56683225395027,54.362180352779454,-16.649277474179208,111.61886704342953,16.15621033754805,100.02017501296454,-30.232117361609074,-105.61617988562423,-43.23046890550459,-68.60232544221007,-151.1683696860135,-127.13529012922139,-62.04070777576063,74.84604937056953,7.005172590635255,33.59513055072562,48.806943147391664,7.726505855146506,3.497632665714782
-27.08603610875972,36.97701570542403,-13.354409989689717,0.20924580794307474,6.1946066005257405,23.090814190425043,-61.409148303621954,29.349524529913477,27.366489406367982,-1.36987701595192,-7.793341938014695,-101.10826255861433,-64.24878914189685,1.965821895830309,-22.680859753361336,-52.92595200569368,-45.24280636496843,-21.36538170407616,-19.22633668353222,-118.37009122136935,-81.2817695583757,-62.77477801484274,-33.003307637898565,56.8916098667379,68.55256675036954,58.23722715178203,-25.875269991313694,8.221811300323322,-52.82395052676699,-7.688323142548257,-47.96938451698349,14.798236136462675,50.69927638347833,20.685151695032587,32.33242280547857,72.29917729455353,60.661633051941365,30.009547129098344,-35.512552248057226,-3.264096164624261,-15.649618655688393,-23.192256651916708,-3.723534239381784,-1.5739122973879156
-25.27282625626834,34.539748351364075,-12.497384124896197,0.1693047698138691,5.818645257921257,21.529544757343867,-57.309206518461224,27.366489406367982,25.52126843562535,-1.327328175572657,-7.2575588025021345,-94.3236369197759,-59.939261044208024,1.8093870665216294,-21.16323575470001,-49.32386931393809,-42.21073525185771,-19.93841384904661,-17.90638853107638,-110.41517879449238,-75.86562866300281,-58.58556481554266,-30.801762681867466,53.06897731790902,63.94393988220745,54.28300614763436,-24.142475233584307,7.628175906936781,-49.330564334376064,-7.173771770068801,-44.704569825664926,13.747852161390062,47.24171141780765,19.284279443197516,30.214020235309054,67.40704660854756,56.57785911592647,27.930174195922934,-33.15068844079304,-3.0554120709113874,-14.650841491484575,-21.64483117433923,-3.467619836320856,-1.4815763423002923
1.5146062889700254,-2.642943794026311,1.2964333815384637,0.3764532640180205,-0.9276407638067482,-1.0600633320219188,3.5936569280149953,-1.36987701595192,-1.327328175572657,0.8152121060257232,0.22247160358811402,5.407617653306439,3.461741498082513,0.2650087383251192,1.2766449811963418,2.074301066576925,2.480732935935747,1.245845487014769,0.579154388546603,6.1574310883762315,4.916180880628984,3.706471752801446,1.9626955504395187,-2.972572476602211,-3.541506220394569,-2.4227046758203876,1.4368719716064207,0.1877153644705917,3.5931626154645504,0.4302738530463061,1.8788440326987237,0.06366817173774258,-1.88737601545785,-0.9136324699599134,-2.4905220999570883,-3.2642791758936913,-3.047672907558377,-0.6269688452742364,2.2163097600764883,0.334218958722324,1.6088634307546352,1.3720070187321818,0.10714275623601735,0.28489801897798683
7.1455428877378955,-9.646435145741222,3.419649361366551,-0.12840204009153955,-1.5247399308523852,-6.134749043327818,16.16995041084183,-7.793341938014695,-7.2575588025021345,0.22247160358811402,2.096219914073466,26.719369331540623,16.973809513656953,-0.5892031153501551,5.981838444851992,14.1286464211976,11.944339895776487,5.626640940602081,5.165415194779725,31.313316831816866,21.37305346665662,16.52329139006671,8.684393350616752,-15.04751615240575,-18.139257379583167,-15.52025325473956,6.827882294054876,-2.2906537373703273,13.815166402666227,2.028321815629692,12.805799955153992,-4.0713620952961875,-13.552611393001982,-5.502424152313192,-8.401419094464282,-19.219232615814548,-16.06781479481316,-8.114245013452384,9.324983484209431,0.8322131682692132,3.9903423597372605,6.104108365577269,1.0012715586852814,0.3779784341066942
93.54161781074566,-128.22598767722488,46.62305990290703,-0.3677848574424198,-21.92527556204203,-79.53120604220094,212.2214906411565,-101.10826255861433,-94.3236369197759,5.407617653306439,26.719369331540623,348.9508994765047,221.76242371888284,-6.445804643979554,78.33632046789923,181.96746722615276,156.19920821687992,73.83136975706219,65.9437653046422,408.3649233687675,281.04646694706713,216.97061022571157,114.0837075244526,-196.2822786065575,-236.47651880454214,-200.357589765435,89.35059506809151,-27.800072370255805,183.01347020690073,26.552609924681985,164.9253230572836,-50.28749419519225,-174.21837144057832,-71.21206240159367,-112.28687626712767,-248.96942512607657,-209.1788109835736,-102.67340484852343,122.85295501046596,11.40977555115821,54.71769327804405,80.16306562996557,12.766587851737372,5.615147669148713
59.448992503508535,-81.51159212618614,29.649251398127472,-0.2204821128361795,-13.954087971487493,-50.53731560331326,134.87978143023597,-64.24878914189685,-59.939261044208024,3.461741498082513,16.973809513656953,221.76242371888284,140.93376492551488,-4.08389591942528,49.78591112412829,115.61680230723603,99.26857524962742,46.92403437856296,41.892617653372355,259.51486814237654,178.62755541810012,137.89923914515413,72.50831019576717,-124.73713806523088,-150.27932359593302,-127.30598119468291,56.78521183709736,-17.645995326782867,116.33324232500038,16.87500029200317,104.78868569359986,-31.92899485068445,-110.68978090533655,-45.24954198286015,-71.38546663569434,-158.20230560822418,-132.9288146809899,-65.21697219266875,78.08526837180177,7.256480140459633,34.79989857629186,50.94913841955379,8.110321023586012,3.5754206340987853
-1.6954647854522344,2.041319280045309,-0.5748888131232607,0.19766525770987378,0.11175329608776516,1.5551761686198478,-3.7679394779695414,1.965821895830309,1.8093870665216294,0.2650087383251192,-0.5892031153501551,-6.445804643979554,-4.08389591942528,0.3014422127465226,-1.4157040166275185,-3.73342532914308,-2.8553666498943033,-1.3129776725423261,-1.438994022375999,-7.628603972873403,-4.911682873111535,-3.8360079116295966,-2.0102200407302524,3.660114420621401,4.429594558100224,4.041444153346518,-1.624343726368291,0.8223079933940982,-3.00291219555771,-0.48098805475225537,-3.3843853611942865,1.3495767411268815,3.623545899681685,1.4102269668546152,1.6996071811754379,4.895386618478608,3.960858818048231,2.3778354526634478,-2.1134222370339812,-0.1321837062006594,-0.6309320413846166,-1.4159249811455032,-0.28112506647765995,-0.004962979140203296
21.00484073177107,-28.84169614734024,10.515583394095241,-0.049753778894620175,-4.972460223051139,-17.839212221043848,47.66781006220811,-22.680859753361336,-21.16323575470001,1.2766449811963418,5.981838444851992,78.33632046789923,49.78591112412829,-1.4157040166275185,17.591391427651033,40.78593237984545,35.07029875227098,16.583044097698384,14.765688024837281,91.65924660983522,63.14050066864305,48.73722023482421,25.627455599527657,-44.057413572660934,-53.075927949220564,-44.91984097517056,20.062925702843557,-6.1876186684855625,41.149931237923134,5.96251927989289,36.96604559417074,-11.216269170625164,-39.04026590992866,-15.96986229212806,-25.27207656018492,-55.84004693296628,-46.94197569814315,-22.96632373219265,27.606085432621438,2.574698146815908,12.348899515513425,18.00708086675626,2.858303213590859,1.2775145008943398
48.71293170671516,-66.19756963287357,23.72732723187413,-0.5816059930471394,-10.83393588721333,-41.64909586761257,110.35626215612207,-52.92595200569368,-49.32386931393809,2.074301066576925,14.1286464211976,181.96746722615276,115.61680230723603,-3.73342532914308,40.78593237984545,95.65117229722652,81.39220245666797,38.39736338755752,34.83914846712504,213.12484543800656,145.9853419265632,112.79301894053853,59.292717318236996,-102.42614302502179,-123.4413316295967,-105.17630137448465,46.54035639240517,-15.127880865948786,94.66401608313706,13.827061565098383,86.6941419134419,-27.08354417631304,-91.67877934569874,-37.328878925800225,-57.78851891495469,-130.43629568345725,-109.27851980718273,-54.52469154250091,63.74558134927572,5.78964363812772,27.757726508508068,41.67026487612198,6.749795860650265,2.7264149781906033
41.87683639330925,-57.45141857147181,20.91686003419094,-0.13296063817711318,-9.862827789969206,-35.58629985593871,95.02106581737071,-45.24280636496843,-42.21073525185771,2.480732935935747,11.944339895776487,156.19920821687992,99.26857524962742,-2.8553666498943033,35.07029875227098,81.39220245666797,69.92421094657487,33.05734179348859,29.48162555633969,182.78113371943329,125.84941505738766,97.15011793267726,51.08287832536583,-87.85548868801519,-105.84331537018497,-89.62907257297567,39.99990795212513,-12.39345202113259,81.98352220943671,11.886852296033537,73.76913471384144,-22.44116192815969,-77.918731364438,-31.8611622471276,-50.32349486120268,-111.39685742268978,-93.61783955932209,-45.88038454621349,55.017971277560456,5.1208937554488925,24.55569547532729,35.89359698130696,5.707250230816381,2.53003306816991
19.80068152944429,-27.221603992909493,9.944418396421135,-0.024560304023262036,-4.720639485844597,-16.80325259020143,44.944606343881695,-21.36538170407616,-19.93841384904661,1.245845487014769,5.626640940602081,73.83136975706219,46.92403437856296,-1.3129776725423261,16.583044097698384,38.39736338755752,33.05734179348859,15.635758623052691,13.891070554890476,86.37889184059186,59.542047999482584,45.954955172461496,24.165001817463285,-41.52032539403835,-50.01720491505438,-42.29721528358287,18.912125316271926,-5.796045997723323,38.82734801575189,5.620666003617198,34.80099252212902,-10.523241660959213,-36.748979714546195,-15.041057176907016,-23.861816503577508,-52.59524172648069,-44.23140912593618,-21.58993377514495,26.036881438058465,2.4362849595615965,11.683095080684456,16.978963441418596,2.688482933930042,1.215561493720716
17.637935671311844,-23.834786012744726,8.46342315962411,-0.30088695159397166,-3.7873159916737626,-15.133758777048165,39.920547232730975,-19.22633668353222,-17.90638853107638,0.579154388546603,5.165415194779725,65.9437653046422,41.892617653372355,-1.438994022375999,14.765688024837281,34.83914846712504,29.48162555633969,13.891070554890476,12.730215416725603,77.2751837311767,52.77193898736796,40.794391209723486,21.441228167305084,-37.13492619757273,-44.76338727498289,-38.27618993814665,16.853521928419838,-5.628033206482828,34.12702305222782,5.006581138511692,31.57702400363728,-10.01394563540844,-33.41536069845156,-13.57272484667839,-20.765331873601376,-47.40939356039991,-39.64755179581113,-19.986628740672476,23.02723612916475,2.0608539651400775,9.879738710578446,15.070441960990381,2.4673416642679507,0.9411991668790793
109.45318680415514,-149.90562854204578,54.42727325284724,-0.519343326107984,-25.521146377858585,-93.11317532464354,248.28452146930624,-118.37009122136935,-110.41517879449238,6.1574310883762315,31.313316831816866,408.3649233687675,259.51486814237654,-7.628603972873403,91.65924660983522,213.12484543800656,182.78113371943329,86.37889184059186,77.2751837311767,477.9362896201727,328.7675070018643,253.83329417672752,133.4628242030645,-229.71908750826015,-276.7699520520095,-234.63115143901672,104.55162597082021,-32.6783458149301,213.99702356679745,31.068813372149084,193.164736956184,-59.04784315632304,-204.07320315818208,-83.38223692442801,-131.22898521890966,-291.50027032456967,-244.84010194474655,-120.38118300003417,143.697703969447,13.316605689910576,63.8565369855585,93.78157595750092,14.961451626802234,6.525250266387282
75.3886423681449,-103.77664609575778,37.99069014032746,-0.003056429619592021,-18.109584126140838,-63.92228224359391,171.15794885921488,-81.2817695583757,-75.86562866300281,4.916180880628984,21.37305346665662,281.04646694706713,178.62755541810012,-4.911682873111535,63.14050066864305,145.9853419265632,125.84941505738766,59.542047999482584,52.77193898736796,328.7675070018643,226.78634213387875,175.01281348874696,92.03282903279134,-158.03346715655894,-190.36463242026028,-160.84563980028844,72.00333896338373,-21.915724563525146,147.98054436173737,21.40015027800657,132.312226885905,-39.85516878665476,-139.69280854880344,-57.20883601531757,-91.0121711617295,-200.0654278015842,-168.3246750026703,-81.95393566924359,99.18591833896845,9.310047134167313,44.65345171114416,64.66312023265927,10.212706607191066,4.674075203852495
58.19283819871037,-80.03710556342875,29.25959011456776,-0.0484312487985518,-13.909230686264362,-49.3699171974581,132.09898586554695,-62.77477801484274,-58.58556481554266,3.706471752801446,16.52329139006671,216.97061022571157,137.89923914515413,-3.8360079116295966,48.73722023482421,112.79301894053853,97.15011793267726,45.954955172461496,40.794391209723486,253.83329417672752,175.01281348874696,135.0707037119051,71.02663069392487,-122.0122087498679,-146.9790877116356,-124.25738043795388,55.58096396459607,-16.994511649193708,114.15001929587312,16.518564403902282,102.2287855973463,-30.871798519501098,-107.94410450817479,-44.18964569696267,-70.17041809824838,-154.52518481995628,-129.97185093439026,-63.38674063050354,76.53464527696698,7.1688454232098175,34.38058699311728,49.90499497914478,7.895175820144097,3.584661051595484
30.59917542825057,-42.09611681455161,15.39541464222497,-0.01838432042258797,-7.324765201816939,-25.95558180732777,69.4635060414445,-33.003307637898565,-30.801762681867466,1.9626955504395187,8.684393350616752,114.0837075244526,72.50831019576717,-2.0102200407302524,25.627455599527657,59.292717318236996,51.08287832536583,24.165001817463285,21.441228167305084,133.4628242030645,92.03282903279134,71.02663069392487,37.34974222658083,-64.152900189991,-77.2794023913729,-65.32195280531063,29.225605264467024,-8.924051072527659,60.03483964287963,8.685843134646534,53.7393476753331,-16.216236568777436,-56.741646327651644,-23.231096415949626,-36.91005039825411,-81.23840892421707,-68.33588221527015,-33.31074094546028,40.247966759097295,3.7722937891599355,18.091741756700618,26.242513054835626,4.149695300569907,1.8885632757637247
-52.61034483139416,72.06453844517817,-26.17078431172847,0.24292207126994633,12.27717368142223,44.752007264962934,-119.3442955491198,56.8916098667379,53.06897731790902,-2.972572476602211,-15.04751615240575,-196.2822786065575,-124.73713806523088,3.660114420621401,-44.057413572660934,-102.42614302502179,-87.85548868801519,-41.52032539403835,-37.13492619757273,-229.71908750826015,-158.03346715655894,-122.0122087498679,-64.152900189991,110.41450718944327,133.02854437565205,112.76456031417979,-50.25405048551037,15.695948157039604,-102.87198420275031,-14.933820061911366,-92.83351140115009,28.366996444534017,98.0743999937163,40.074688026469374,63.089002267320154,140.10058130478095,117.68004063842302,57.84473161207713,-69.0743899813426,-6.403458326045408,-30.70645870734777,-45.07874674036316,-7.189514890766985,-3.1397859614869406
-63.380116043469926,86.7859995640503,-31.49903682793435,0.31321760667879567,14.75940078320557,53.92580588599981,-143.76713312926375,68.55256675036954,63.94393988220745,-3.541506220394569,-18.139257379583167,-236.47651880454214,-150.27932359593302,4.429594558100224,-53.075927949220564,-123.4413316295967,-105.84331537018497,-50.01720491505438,-44.76338727498289,-276.7699520520095,-190.36463242026028,-146.9790877116356,-77.2794023913729,133.02854437565205,160.27674706848998,135.8930992760744,-60.54215445759631,18.943922600246395,-123.89658371004843,-17.99069587778559,-111.88048544742742,34.22174944806194,118.20226513419918,48.29174628435189,75.9672849413039,168.8223071364948,141.7887794491495,69.74241293411691,-83.20245172178647,-7.706413814378026,-36.95307490542069,-54.302880689809406,-8.666815369096609,-3.772152127788888
-53.64843073808504,73.01218435840157,-26.234095345068415,0.5679293667364661,12.040345772076142,45.82528046167087,-121.56683225395027,58.23722715178203,54.28300614763436,-2.4227046758203876,-15.52025325473956,-200.357589765435,-127.30598119468291,4.041444153346518,-44.91984097517056,-105.17630137448465,-89.62907257297567,-42.29721528358287,-38.27618993814665,-234.63115143901672,-160.84563980028844,-124.25738043795388,-65.32195280531063,112.76456031417979,135.8930992760744,115.67643920183491,-51.25370435071945,16.539102398359383,-104.37487864958453,-15.22826236319995,-95.3271975367483,29.660671826738003,100.78961216763454,41.06525872692847,63.77149742346938,143.5058568883997,120.28567988809098,59.85205519728465,-70.24707030894952,-6.404390089910054,-30.707465531644747,-45.90617769456728,-7.4146342806720105,-3.0393335181556664
23.956395752522216,-32.8797308034002,11.979027080622837,-0.06678423678470553,-5.656120137404814,-20.35211732053076,54.362180352779454,-25.875269991313694,-24.142475233584307,1.4368719716064207,6.827882294054876,89.35059506809151,56.78521183709736,-1.624343726368291,20.062925702843557,46.54035639240517,39.99990795212513,18.912125316271926,16.853521928419838,104.55162597082021,72.00333896338373,55.58096396459607,29.225605264467024,-50.25405048551037,-60.54215445759631,-51.25370435071945,22.882454633135634,-7.07414776769736,46.91557266175289,6.800245848940577,42.1814985663918,-12.815976511689653,-44.5513881344508,-18.220562462381007,-28.805242066027496,-63.70730566875372,-53.5473162915103,-26.221084897504557,31.479459650570867,2.9328379407657823,14.065140516280964,20.535452147335615,3.2625204852789493,1.451998810341354
-7.397228919366494,9.660843663342034,-3.228864827287871,0.3527968103335933,1.249521461425261,6.48213720990127,-16.649277474179208,8.221811300323322,7.628175906936781,0.1877153644705917,-2.2906537373703273,-27.800072370255805,-17.645995326782867,0.8223079933940982,-6.1876186684855625,-15.127880865948786,-12.39345202113259,-5.796045997723323,-5.628033206482828,-32.6783458149301,-21.915724563525146,-16.994511649193708,-8.924051072527659,15.695948157039604,18.943922600246395,16.539102398359383,-7.07414776769736,2.73839370121681,-13.939706844193566,-2.099251749855002,-13.712023681870582,4.719738541172073,14.56729541880657,5.83408704380445,8.31031444765177,20.337523775843525,16.829055502673707,8.995690699725134,-9.523190481976197,-0.7760978180908291,-3.7154756092221084,-6.276530451279071,-1.0937719464375857,-0.2800663456502024
49.12685191415122,-67.92925781819959,25.04634714988021,0.20278474738336483,-12.107734814061597,-41.53289879586853,111.61886704342953,-52.82395052676699,-49.330564334376064,3.5931626154645504,13.815166402666227,183.01347020690073,116.33324232500038,-3.00291219555771,41.149931237923134,94.66401608313706,81.98352220943671,38.82734801575189,34.12702305222782,213.99702356679745,147.98054436173737,114.15001929587312,60.03483964287963,-102.87198420275031,-123.89658371004843,-104.37487864958453,46.91557266175289,-13.939706844193566,96.76855343134923,13.94559452322536,85.79704954336476,-25.501179197219358,-90.53045010008232,-37.15159911138583,-59.668058061902656,-129.96143263689862,-109.50664797748313,-52.850622090941634,64.75584206707015,6.146858486060746,29.485409151055602,42.17721264492606,6.601859155364033,3.1497284209900913
7.119579567334102,-9.773846134832386,3.562441966602624,-0.01823349932479835,-1.6833328189713828,-6.0470196249529264,16.15621033754805,-7.688323142548257,-7.173771770068801,0.4302738530463061,2.028321815629692,26.552609924681985,16.87500029200317,-0.48098805475225537,5.96251927989289,13.827061565098383,11.886852296033537,5.620666003617198,5.006581138511692,31.068813372149084,21.40015027800657,16.518564403902282,8.685843134646534,-14.933820061911366,-17.99069587778559,-15.22826236319995,6.800245848940577,-2.099251749855002,13.94559452322536,2.0212173799178976,12.532119006494845,-3.8046649493553972,-13.235405451698693,-5.413625436705719,-8.563891766277086,-18.929301965531366,-15.911963334282346,-7.787661924636523,9.356154491701961,0.8719547124990402,4.183177533204085,6.103175444847635,0.9690579384057636,0.4321504663164454
44.150676600109996,-59.99668582655473,21.504142444973052,-0.527919887957355,-9.818251716714677,-37.74868306175994,100.02017501296454,-47.96938451698349,-44.704569825664926,1.8788440326987237,12.805799955153992,164.9253230572836,104.78868569359986,-3.3843853611942865,36.96604559417074,86.6941419134419,73.76913471384144,34.80099252212902,31.57702400363728,193.164736956184,132.312226885905,102.2287855973463,53.7393476753331,-92.83351140115009,-111.88048544742742,-95.3271975367483,42.1814985663918,-13.712023681870582,85.79704954336476,12.532119006494845,78.5760058267025,-24.548351222984802,-83.09368069150781,-33.83303113394999,-52.37523299957293,-118.2210735666892,-99.04437592348718,-49.419733480174415,57.77488006528735,5.2469054347277,25.156773037908888,37.76745302888373,6.117719647269221,2.4706561682140125
-13.405481960075702,17.72328790007578,-6.057416652762787,0.49361361727330644,2.4818549110215082,11.660059240524815,-30.232117361609074,14.798236136462675,13.747852161390062,0.06366817173774258,-4.0713620952961875,-50.28749419519225,-31.92899485068445,1.3495767411268815,-11.216269170625164,-27.08354417631304,-22.44116192815969,-10.523241660959213,-10.01394563540844,-59.04784315632304,-39.85516878665476,-30.871798519501098,-16.216236568777436,28.366996444534017,34.22174944806194,29.660671826738003,-12.815976511689653,4.719738541172073,-25.501179197219358,-3.8046649493553972,-24.548351222984802,8.220420288030017,26.045006383640047,10.482299478714719,15.315579429860191,36.56535607102025,30.3689438304609,15.908685538525516,-17.344335818725117,-1.4634529162079035,-7.008269647956547,-11.402582655952664,-1.9440251865908442,-0.5810781424341408
-46.6296496214146,63.290705089371535,-22.639657533865346,0.6078699654287311,10.2934547094788,39.89892931652341,-105.61617988562423,50.69927638347833,47.24171141780765,-1.88737601545785,-13.552611393001982,-174.21837144057832,-110.68978090533655,3.623545899681685,-39.04026590992866,-91.67877934569874,-77.918731364438,-36.748979714546195,-33.41536069845156,-204.07320315818208,-139.69280854880344,-107.94410450817479,-56.741646327651644,98.0743999937163,118.20226513419918,100.78961216763454,-44.5513881344508,14.56729541880657,-90.53045010008232,-13.235405451698693,-83.09368069150781,26.045006383640047,87.88586558790053,35.76577673625671,55.22552506353991,124.96305918166071,104.65116504914296,52.333371335254185,-60.98911691734274,-5.522813052053748,-26.473368977629285,-39.8781701017218,-6.474489785011512,-2.583919130099604
-19.072541917604298,25.997645699351274,-9.365965753190673,0.17388323983908235,4.321727576788565,16.27517735684238,-43.23046890550459,20.685151695032587,19.284279443197516,-0.9136324699599134,-5.502424152313192,-71.21206240159367,-45.24954198286015,1.4102269668546152,-15.96986229212806,-37.328878925800225,-31.8611622471276,-15.041057176907016,-13.57272484667839,-83.38223692442801,-57.20883601531757,-44.18964569696267,-23.231096415949626,40.074688026469374,48.29174628435189,41.06525872692847,-18.220562462381007,5.83408704380445,-37.15159911138583,-5.413625436705719,-33.83303113394999,10.482299478714719,35.76577673625671,14.582910340079343,22.719481076272473,50.96349947336363,42.738589372297774,21.203765830740323,-24.990258453202188,-2.2881432876362093,-10.969033674032193,-16.325595814753,-2.628785734805276,-1.0946392430453855
-30.16691702331504,41.93366791593166,-15.591667060311735,-0.2739362184031359,7.658442522225175,25.41455898157616,-68.60232544221007,32.33242280547857,30.214020235309054,-2.4905220999570883,-8.401419094464282,-112.28687626712767,-71.38546663569434,1.6996071811754379,-25.27207656018492,-57.78851891495469,-50.32349486120268,-23.861816503577508,-20.765331873601376,-131.22898521890966,-91.0121711617295,-70.17041809824838,-36.91005039825411,63.089002267320154,75.9672849413039,63.77149742346938,-28.805242066027496,8.31031444765177,-59.668058061902656,-8.563891766277086,-52.37523299957293,15.315579429860191,55.22552506353991,22.719481076272473,36.90336440426396,79.5038435508938,67.11104573070124,32.048345463551925,-39.852678573087545,-3.832347023267236,-18.38817377880276,-25.928505330563176,-4.015119409108032,-2.0096914402426345
-66.68731722288746,90.95477901460195,-32.79846674876203,0.572680773767004,15.165844722205662,56.88398815265904,-151.1683696860135,72.29917729455353,67.40704660854756,-3.2642791758936913,-19.219232615814548,-248.96942512607657,-158.20230560822418,4.895386618478608,-55.84004693296628,-130.43629568345725,-111.39685742268978,-52.59524172648069,-47.40939356039991,-291.50027032456967,-200.0654278015842,-154.52518481995628,-81.23840892421707,140.10058130478095,168.8223071364948,143.5058568883997,-63.70730566875372,20.337523775843525,-129.96143263689862,-18.929301965531366,-118.2210735666892,36.56535607102025,124.96305918166071,50.96349947336363,79.5038435508938,178.11894487038484,149.40283082301647,74.03954773349483,-87.39952182765147,-8.013707328949634,-38.4221170240208,-57.08906054195519,-9.18220305491054,-3.8456550689534437
-56.05640282320884,76.69129704392951,-27.795944332226597,0.32211111216328775,12.987090625481011,47.720726818903024,-127.13529012922139,60.661633051941365,56.57785911592647,-3.047672907558377,-16.06781479481316,-209.1788109835736,-132.9288146809899,3.960858818048231,-46.94197569814315,-109.27851980718273,-93.61783955932209,-44.23140912593618,-39.64755179581113,-244.84010194474655,-168.3246750026703,-129.97185093439026,-68.33588221527015,117.68004063842302,141.7887794491495,120.28567988809098,-53.5473162915103,16.829055502673707,-109.50664797748313,-15.911963334282346,-99.04437592348718,30.3689438304609,104.65116504914296,42.738589372297774,67.11104573070124,149.40283082301647,125.44408155739256,61.80374963249432,-73.56135736543872,-6.797884965313867,-32.59857131102473,-48.01924045718995,-7.676916953616244,-3.3134220172419906
-27.43757758523541,36.864325362425866,-12.961190394618956,0.612386769034631,5.676128053032672,23.628420888381815,-62.04070777576063,30.009547129098344,27.930174195922934,-0.6269688452742364,-8.114245013452384,-102.67340484852343,-65.21697219266875,2.3778354526634478,-22.96632373219265,-54.52469154250091,-45.88038454621349,-21.58993377514495,-19.986628740672476,-120.38118300003417,-81.95393566924359,-63.38674063050354,-33.31074094546028,57.84473161207713,69.74241293411691,59.85205519728465,-26.221084897504557,8.995690699725134,-52.850622090941634,-7.787661924636523,-49.419733480174415,15.908685538525516,52.333371335254185,21.203765830740323,32.048345463551925,74.03954773349483,61.80374963249432,31.48223836859321,-35.735645999528714,-3.150068378547506,-15.09653168749275,-23.415483979717575,-3.875831601173682,-1.3913497644807522
32.960289289558474,-45.42402289646099,16.659648541679967,0.034008611864611404,-7.970408583794481,-27.926468543034247,74.84604937056953,-35.512552248057226,-33.15068844079304,2.2163097600764883,9.324983484209431,122.85295501046596,78.08526837180177,-2.1134222370339812,27.606085432621438,63.74558134927572,55.017971277560456,26.036881438058465,23.02723612916475,143.697703969447,99.18591833896845,76.53464527696698,40.247966759097295,-69.0743899813426,-83.20245172178647,-70.24707030894952,31.479459650570867,-9.523190481976197,64.75584206707015,9.356154491701961,57.77488006528735,-17.344335818725117,-60.98911691734274,-24.990258453202188,-39.852678573087545,-87.39952182765147,-73.56135736543872,-35.735645999528714,43.385757142060804,4.084501415557875,19.589322319294663,28.27791993284712,4.455961949680911,2.0615342827963077
3.072425447087673,-4.334229980712612,1.6480399191677904,0.07066213316799926,-0.8436677210815225,-2.563623720189149,7.005172590635255,-3.264096164624261,-3.0554120709113874,0.334218958722324,0.8322131682692132,11.40977555115821,7.256480140459633,-0.1321837062006594,2.574698146815908,5.78964363812772,5.1208937554488925,2.4362849595615965,2.0608539651400775,13.316605689910576,9.310047134167313,7.1688454232098175,3.7722937891599355,-6.403458326045408,-7.706413814378026,-6.404390089910054,2.9328379407657823,-0.7760978180908291,6.146858486060746,0.8719547124990402,5.2469054347277,-1.4634529162079035,-5.522813052053748,-2.2881432876362093,-3.832347023267236,-8.013707328949634,-6.797884965313867,-3.150068378547506,4.084501415557875,0.4077786847404072,1.9531299857342896,2.6489593912742087,0.39798730820719386,0.22650514980139566
14.735490748945551,-20.789155440564777,7.907947274386645,0.3403256295941424,-4.049816850455679,-12.291594100457477,33.59513055072562,-15.649618655688393,-14.650841491484575,1.6088634307546352,3.9903423597372605,54.71769327804405,34.79989857629186,-0.6309320413846166,12.348899515513425,27.757726508508068,24.55569547532729,11.683095080684456,9.879738710578446,63.8565369855585,44.65345171114416,34.38058699311728,18.091741756700618,-30.70645870734777,-36.95307490542069,-30.707465531644747,14.065140516280964,-3.7154756092221084,29.485409151055602,4.183177533204085,25.156773037908888,-7.008269647956547,-26.473368977629285,-10.969033674032193,-18.38817377880276,-38.4221170240208,-32.59857131102473,-15.09653168749275,19.589322319294663,1.9531299857342896,9.372049989091591,12.705114095345342,1.9075266054764897,1.0865161937273529
21.50046886239514,-29.573077740162798,10.81242262618041,-0.016541388224028446,-5.1410368983780135,-18.23983134931213,48.806943147391664,-23.192256651916708,-21.64483117433923,1.3720070187321818,6.104108365577269,80.16306562996557,50.94913841955379,-1.4159249811455032,18.00708086675626,41.67026487612198,35.89359698130696,16.978963441418596,15.070441960990381,93.78157595750092,64.66312023265927,49.90499497914478,26.242513054835626,-45.07874674036316,-54.302880689809406,-45.90617769456728,20.535452147335615,-6.276530451279071,42.17721264492606,6.103175444847635,37.76745302888373,-11.402582655952664,-39.8781701017218,-16.325595814753,-25.928505330563176,-57.08906054195519,-48.01924045718995,-23.415483979717575,28.27791993284712,2.6489593912742087,12.705114095345342,18.438719775940495,2.9167238602464667,1.3250862276586581
3.414158517907218,-4.60986052484311,1.6346133566568244,-0.06073984062227939,-0.7293754933841664,-2.931146931206229,7.726505855146506,-3.723534239381784,-3.467619836320856,0.10714275623601735,1.0012715586852814,12.766587851737372,8.110321023586012,-0.28112506647765995,2.858303213590859,6.749795860650265,5.707250230816381,2.688482933930042,2.4673416642679507,14.961451626802234,10.212706607191066,7.895175820144097,4.149695300569907,-7.189514890766985,-8.666815369096609,-7.4146342806720105,3.2625204852789493,-1.0937719464375857,6.601859155364033,0.9690579384057636,6.117719647269221,-1.9440251865908442,-6.474489785011512,-2.628785734805276,-4.015119409108032,-9.18220305491054,-7.676916953616244,-3.875831601173682,4.455961949680911,0.39798730820719386,1.9075266054764897,2.9167238602464667,0.47848229752864974,0.1809549649970835
1.5227308748729456,-2.240905859299047,0.9054686083748889,0.09770594900111378,-0.5120451767619238,-1.2333773473296434,3.497632665714782,-1.5739122973879156,-1.4815763423002923,0.28489801897798683,0.3779784341066942,5.615147669148713,3.5754206340987853,-0.004962979140203296,1.2775145008943398,2.7264149781906033,2.53003306816991,1.215561493720716,0.9411991668790793,6.525250266387282,4.674075203852495,3.584661051595484,1.8885632757637247,-3.1397859614869406,-3.772152127788888,-3.0393335181556664,1.451998810341354,-0.2800663456502024,3.1497284209900913,0.4321504663164454,2.4706561682140125,-0.5810781424341408,-2.583919130099604,-1.0946392430453855,-2.0096914402426345,-3.8456550689534437,-3.3134220172419906,-1.3913497644807522,2.0615342827963077,0.22650514980139566,1.0865161937273529,1.3250862276586581,0.1809549649970835,0.1441642345139397
