V1,V2,V3,V4,V5,V6,V7,V8,V9,V10,V11,V12,V13,V14,V15,V16,V17,V18,V19,V20,V21,V22,V23,V24,V25,V26,V27,V28,V29,V30,V31,V32,V33,V34,V35,V36,V37,V38,V39,V40,V41,V42,V43,V44,V45
1.4966625027562273,-0.022505482097608043,-0.08556459123348177,0.41143087429377456,0.48357157340309415,-0.5851162905211401,-0.3097152672455225,-1.2303943060326314,1.2965730672229334,0.10987462050474643,0.3516100639714797,-0.09083482212209192,0.04903280257729762,-0.4147995245841631,0.16256073015389047,-1.0966643561103306,-0.11717006857179445,1.1662794902946194,-0.6229419167664715,-0.33719197127541983,0.2821979952900569,-0.5750731466480102,0.4712017765917009,0.6138775965849886,1.5659163484070164,0.8280626948544065,-0.03234378153806902,-0.9584198460633709,0.23739460087953448,-0.20020623113957622,-0.9068961427641793,-0.5204339423821343,-0.9951343412604501,-0.2638457299268665,0.5901531340026082,0.19254196252800737,-1.2781320337796813,0.6883165246621462,0.06828815818053743,-0.193154117806596,0.08300945689230875,-0.7133108884964668,-0.8092848080882649,-0.2583604316244775,-0.2686315503146212
-0.022505482097608043,1.3071875398239476,-0.46341355934241213,-0.5202669091433424,-0.5456830788525066,-0.11505119668935322,1.0129156405667423,-0.9340388219116738,0.43207772286847507,-0.4463659829601066,-0.498954905798922,-1.2629901046422864,0.03592837384319911,0.03338356787845444,-1.217269048164994,0.6039136811894878,-1.8120661636631035,0.23691272523231888,-0.5002714986327667,-0.9867367049344657,0.42427393454112067,-0.913755743195801,0.585866817826564,-0.6703677367869045,-0.4056368173169147,0.3120150413318634,-0.3648314896808423,-0.03061775001364583,0.8835697212401795,0.7198997193360933,-0.5849541434939324,0.33572254911400073,0.4063523615631227,-0.5386313525388218,1.437649749131787,-0.3813270614843134,0.012852591664692508,0.5544429576378596,0.37946674061301255,-1.2731528048155538,0.5838544566754367,1.5504557019588006,0.00428105855518129,0.6813676394580387,-0.4612802817420383
-0.08556459123348177,-0.46341355934241213,0.2384230475731119,0.1988414960472526,-0.1265337708048379,0.20718417399171055,-0.37524146275846104,0.5303206640673606,-0.24840523275547718,-0.0786135829763561,0.12910081087568875,0.37313711138860484,0.14992436442818266,-0.1126444253951886,0.6040340830860981,0.03078592032366058,0.6497609380525036,-0.3705525422549561,0.28268173414418646,0.4736202552351119,-0.016485529787308457,0.6230997096468578,-0.1762611220397222,0.2105180794391118,0.1322510396702018,-0.2871930666886865,0.1304437776860902,0.0638332060935584,-0.22129848070275157,-0.15662760406497378,0.1435218351305513,-0.12303687271284575,-0.18395667893892675,0.2832012783668529,-0.6311839163530151,0.17227051047437145,0.05855665846937345,-0.3921548194952863,0.0742572607715096,0.42078464279374483,-0.26302736790708703,-0.361451400589475,0.07773463079090247,-0.4862049657562995,0.07578667411611893
0.41143087429377456,-0.5202669091433424,0.1988414960472526,0.5672093558287563,0.6209342177203456,-0.0703930555389195,-0.1868564815075266,0.23449726774316507,0.3049003653741673,0.18559002636798774,0.23111807547073027,0.6485160178623517,0.16586660750143353,-0.08371873879994624,0.5151135164618812,-0.6359227925043195,0.3808454363408439,0.014462136306022801,0.18115447286698633,0.46701899323800883,-0.1815499227354146,-0.2416338862663634,-0.25000523575442085,0.37437907772386353,0.7141726389577041,0.21815049864913943,0.4646547464784571,-0.2098654895473043,-0.3981835129732443,-0.05676085625728258,0.1993303395149846,-0.570146373654085,-0.4638854463869884,0.1714210452679959,-1.0536295772627693,0.583692728233421,-0.5751938999394262,-0.48670983369688814,0.2274623281823395,0.5162327469563662,-0.30563927952368397,-0.5495093291295478,-0.18384847220860456,-0.5404461069898837,-0.08649230962772206
0.48357157340309415,-0.5456830788525066,-0.1265337708048379,0.6209342177203456,2.6522937952959804,-0.8085485591651916,0.26037363134109065,-0.3210668105523311,0.5921530761804674,1.5644729163866749,0.4148376402397261,1.3574314557127098,-0.6578449500369609,0.6942342639781912,-0.5673136619414422,-1.8340349230180493,0.19387026802107912,1.093314384486338,-0.05703606682251821,0.05176656128244962,-1.1630869621814333,-2.271409810645358,-0.7464498421845864,0.32696104557459915,0.44535550861657774,1.1133744041710094,0.7824410550049122,-0.16232618094986734,-1.1695214005296326,-0.33116851407788467,1.1166686637289711,-0.6851952980891498,0.10046830555219728,-0.222645750919719,-1.211841087819698,0.6995611705014309,-0.8173055808285864,-0.05535798138221659,-0.6713162410060347,0.8458591142899256,-0.1661456569458351,-1.2570955967072863,-0.34290079881045016,0.7112718000396606,0.335013752814967
-0.5851162905211401,-0.11505119668935322,0.20718417399171055,-0.0703930555389195,-0.8085485591651916,0.5102769330144162,-0.09061238321194831,0.7983269698348274,-0.6103392142351388,-0.4977051146076718,-0.1541388770467076,-0.05677987012305497,0.30732311628685627,-0.12099210150184925,0.4527544411571097,0.764557141994782,0.23908297091672837,-0.8960798444426511,0.4028086190640814,0.4095797528380013,0.1882367472012822,0.9563704602153598,-0.08645958280780934,-0.1554314678372824,-0.42391853076804675,-0.6433676726894374,-0.0029510642557197377,0.3540368710515785,0.07713334450948205,0.15446021388847397,0.10890831368604342,0.14375320744271247,0.12365389548558603,0.30390784342307975,-0.4328647412866379,-0.0037923291458735963,0.5218649008583228,-0.5594900386108467,0.3305762193051138,0.09518912618874122,-0.16427955425708252,0.4140701278349385,0.36803423362361104,-0.4667804344976379,-0.04449353254864145
-0.3097152672455225,1.0129156405667423,-0.37524146275846104,-0.1868564815075266,0.26037363134109065,-0.09061238321194831,1.2967403216749167,-0.36880429250513275,0.27411274465017815,-0.07899986718180071,-0.49557780761818127,-0.5983693291764353,0.023638836648514364,0.3360713167044743,-1.2287378953133414,0.30009389420926535,-1.7839237670171084,-0.04391826649809609,-0.14095293081431684,-0.5974797074566022,-0.059888668909995627,-1.567939929875214,0.07357529092021989,-0.7251149880700294,-0.5528387446385695,0.40901353146464353,0.18109422297714922,0.22576732188863635,0.330376986934605,0.862414636361133,0.18823396347679117,-0.003013557388029052,0.5994013323205154,-0.42107362236632867,0.20948782857157358,0.130675774991374,-0.032235651582295737,-0.13116784170751258,0.4849981164756072,-0.7905276018807444,0.36147702702722123,1.4854087377656067,0.17417733291508156,0.6442244541635191,-0.43222260322679074
-1.2303943060326314,-0.9340388219116738,0.5303206640673606,0.23449726774316507,-0.3210668105523311,0.7983269698348274,-0.36880429250513275,2.008260428277822,-1.3576088761308578,-0.15283513044990857,-0.023046272993167305,0.951375212812509,0.2943429724997651,0.13799855925983456,1.0489023432781284,0.6947351113774,1.2286700070889804,-1.5902592758450345,1.0667639778055684,1.2516415311577656,-0.3523495540047304,1.3287435946683477,-0.802193874267312,-0.0442923569967966,-0.8085274870966022,-1.0556121948588055,0.4792828061146472,0.8251244682810298,-0.7279431335481155,-0.06083537601073793,1.0995676891753283,-0.031821415811478564,0.33294029443500134,0.7422067373697637,-2.0264784314828237,0.40225460243281413,0.9240852845608761,-1.4576917395255282,0.2007750546725246,1.060438705680898,-0.6123584709802374,-0.15354840540169068,0.7331493073525457,-0.7900062792315933,0.2847584692944389
1.2965730672229334,0.43207772286847507,-0.24840523275547718,0.3049003653741673,0.5921530761804674,-0.6103392142351388,0.27411274465017815,-1.3576088761308578,1.3761719907408099,0.08597817144212806,0.12811130222816666,-0.35031657821059553,0.045559812772879356,-0.24039530928209948,-0.4135599040859254,-0.9189845683957234,-0.8865146081511446,1.1102076567517982,-0.6636487226625448,-0.5954547300674713,0.24070626120119637,-1.2662978935084015,0.48744701416951447,0.2711614874941649,1.258068700880912,0.9848305467069486,0.03743943952388111,-0.8168006127116493,0.3709756346418717,0.18239758518680474,-0.7780285445912241,-0.4924810959388282,-0.6691361843424317,-0.44157061149487603,0.6707137717328863,0.241164332512195,-1.2539384221488548,0.6064900014311247,0.27038811733373785,-0.5432994916904539,0.23630913242535342,-0.03821802314943139,-0.6968906046741704,0.04070118489997486,-0.44134735773444167
0.10987462050474643,-0.4463659829601066,-0.0786135829763561,0.18559002636798774,1.5644729163866749,-0.4977051146076718,-0.07899986718180071,-0.15283513044990857,0.08597817144212806,1.1161990782132498,0.32543998049852646,0.8809382537000752,-0.613095910087403,0.5102054692938522,-0.35231125945074265,-1.0499092824888694,0.5153225237075054,0.7388745863321579,-0.043673231451410235,-0.005121075855495289,-0.7970706885276279,-1.0650978171129075,-0.49929130860528903,0.21957033763561995,-0.01853326407967084,0.5320077232326742,0.28117443162855077,0.005956936093259234,-0.80090066040936,-0.4812838031825525,0.7648718530272948,-0.16197882505006977,0.23901106862022453,-0.10843265280128397,-0.4515809605071564,0.14885615700495256,-0.18724879566989,0.21278933774758474,-0.8035897937781165,0.6259995375291166,-0.08510812345847295,-1.0692193271449932,-0.1451152340947096,0.6634161667713597,0.46394138924115746
0.3516100639714797,-0.498954905798922,0.12910081087568875,0.23111807547073027,0.4148376402397261,-0.1541388770467076,-0.49557780761818127,-0.023046272993167305,0.12811130222816666,0.32543998049852646,0.3260516237091002,0.480742664151726,-0.12523545641055653,-0.047540853933363755,0.39122679354007667,-0.541192464923612,0.7437071761257167,0.30669893440782836,-0.0047086123511892114,0.21501385530484587,-0.15485215135698802,0.15156617727282423,-0.11978141708392907,0.4095960403003459,0.4526103667614984,0.11644216003487343,0.05545903280741513,-0.20445395738168495,-0.3180956268132517,-0.42245853599457245,0.041778584702075225,-0.17465927511943558,-0.2982220138997093,0.10971110737472245,-0.23994993719547325,0.0915567973575574,-0.26955958197668783,0.09772931434333929,-0.29951111311892975,0.4400470247806109,-0.1841602459092221,-0.8845380811826716,-0.20346920473986546,-0.17213559361672506,0.1992238411545671
-0.09083482212209192,-1.2629901046422864,0.37313711138860484,0.6485160178623517,1.3574314557127098,-0.05677987012305497,-0.5983693291764353,0.951375212812509,-0.35031657821059553,0.8809382537000752,0.480742664151726,1.5928688072009676,-0.21601671508062956,0.3018807413094291,0.7778854927966076,-0.9536002007713694,1.4980041196507956,-0.10572080216886172,0.5590318078078966,0.9512423407233828,-0.8283818507035364,-0.060268314997025965,-0.8719633737622676,0.5393670067224918,0.2455766953869473,0.008648549053235305,0.6775962002329594,0.16194955642189496,-1.2123152081456408,-0.5855527443214491,1.1003055204075918,-0.5115478216806812,-0.12056191961335118,0.43344935084253083,-1.913477104721542,0.6370886541887045,-0.13435553533572994,-0.7530347498905985,-0.4432239616411617,1.3976667034002506,-0.5966494818300846,-1.5079896896458116,0.0404218009593186,-0.34393409902491184,0.4832944388287272
0.04903280257729762,0.03592837384319911,0.14992436442818266,0.16586660750143353,-0.6578449500369609,0.30732311628685627,0.023638836648514364,0.2943429724997651,0.045559812772879356,-0.613095910087403,-0.12523545641055653,-0.21601671508062956,0.4833833698362479,-0.3276263569157978,0.4463237683749156,0.39000057545049693,-0.18371402539111426,-0.537198725229159,0.16553139130806183,0.26372768746035186,0.37947368090242034,0.5026564630180977,0.14687729944399322,-0.002012828590223131,0.28581957072051545,-0.24918575422191636,0.0971603432932125,-0.048960495791965694,0.28050953331413075,0.32655163534623177,-0.2991039727429823,-0.18524491399478465,-0.3221312667504315,0.16201937815592604,-0.3469140110429155,0.2339336994466853,-0.12357698200684789,-0.46439063259733987,0.6569209570132374,-0.12700178102860002,-0.10477998510349752,0.48351255436214313,0.050992777419496704,-0.679359559348236,-0.34392233552359563
-0.4147995245841631,0.03338356787845444,-0.1126444253951886,-0.08371873879994624,0.6942342639781912,-0.12099210150184925,0.3360713167044743,0.13799855925983456,-0.24039530928209948,0.5102054692938522,-0.047540853933363755,0.3018807413094291,-0.3276263569157978,0.44353219646857606,-0.5210080568400389,-0.15329530323007848,-0.1255888049681043,0.07002114180997349,0.09362415162461571,-0.07497960736017979,-0.4784768612828984,-0.7287466880134656,-0.34113852505163794,-0.2256287993538271,-0.5666670340729465,0.13979189269906375,0.16632313472941462,0.30774306976990523,-0.3713628851722386,0.0015886009835236051,0.6476926711377864,0.08105108633539106,0.5328286037932022,-0.09082165476690392,-0.273492457994373,0.023120068181219002,0.2521265818679264,-0.06986598821314932,-0.3293926703670996,0.16160320367119985,0.03291256948708507,-0.002391663137266608,0.17997940174638702,0.574552007593894,0.2128977331547414
0.16256073015389047,-1.217269048164994,0.6040340830860981,0.5151135164618812,-0.5673136619414422,0.4527544411571097,-1.2287378953133414,1.0489023432781284,-0.4135599040859254,-0.35231125945074265,0.39122679354007667,0.7778854927966076,0.4463237683749156,-0.5210080568400389,1.7851371173690813,-0.03332092987648041,1.76857329388076,-0.6906792868543282,0.5298697200850107,1.12723824566279,0.18563975595082144,1.9268320966873027,-0.2175068411170929,0.72452130897497935,0.7238585222317493,-0.6959043184979216,0.1805739569376673,-0.1153714099577858,-0.36901773827183354,-0.5317397651750883,-0.07525518988049516,-0.32434970057117046,-0.8342864325862835,0.6942066964568224,-1.215728034553787,0.3282130306560754,-0.02674939431043267,-0.6929360130826159,0.1706761951076609,0.9935751515459923,-0.6102412652972647,-1.1294808800482579,-0.01400449268060906,-1.3738525154999386,0.15693828910322052
-1.0966643561103306,0.6039136811894878,0.03078592032366058,-0.6359227925043195,-1.8340349230180493,0.764557141994782,0.30009389420926535,0.6947351113774,-0.9189845683957234,-1.0499092824888694,-0.541192464923612,-0.9536002007713694,0.39000057545049693,-0.15329530323007848,-0.03332092987648041,1.7609365005301494,-0.49275427498167046,-1.2553749467319102,0.29897095116544325,-0.021879829928195062,0.5828891413672589,1.3116349366512534,0.2638088590259645,-0.6738066351645937,-1.1670149108562986,-0.998198249206907,-0.4443249110774798,0.6191878963322109,0.7063620906046227,0.5089183516759058,-0.21850900337673534,0.6832024230117377,0.5696434514207241,0.1658471768462698,0.5388097084259034,-0.5014542354852498,1.111111900370982,-0.3229592067871666,0.5015496168886355,-0.6358894118241681,0.1472925405337664,1.490125825001936,0.6488356024112362,-0.16911127028611395,-0.18583215694480726
-0.11717006857179445,-1.8120661636631035,0.6497609380525036,0.3808454363408439,0.19387026802107912,0.23908297091672837,-1.7839237670171084,1.2286700070889804,-0.8865146081511446,0.5153225237075054,0.7437071761257167,1.4980041196507956,-0.18371402539111426,-0.1255888049681043,1.76857329388076,-0.49275427498167046,2.943977021061194,-0.30572988748529983,0.6027299170819976,1.243792548084525,-0.41308368015162344,2.038808643863887,-0.6351767615194385,0.9562314265457682,0.2965922922291006,-0.7303451937024064,0.07103966654451789,0.09044225012549213,-1.047463944713832,-1.2998426304805697,0.5645722658711493,-0.04847017855032385,-0.45384387144256744,0.7829696232000211,-1.261250851545692,0.046231108742844425,0.36792558441949025,-0.3477553016590568,-0.87366665610353,1.6666004369298328,-0.7379372551454751,-2.3413444516001634,0.04756824287442054,-0.8247924887125078,0.8621254338516868
1.1662794902946194,0.23691272523231888,-0.3705525422549561,0.014462136306022801,1.093314384486338,-0.8960798444426511,-0.04391826649809609,-1.5902592758450345,1.1102076567517982,0.7388745863321579,0.30669893440782836,-0.10572080216886172,-0.537198725229159,0.07002114180997349,-0.6906792868543282,-1.2553749467319102,-0.30572988748529983,1.6863870758013655,-0.8346741599075914,-0.8257804406131946,-0.14233331700123733,-1.3102774535549988,0.3399651324839024,0.34677173148695534,0.8429814974362907,1.063887853696146,-0.2130232392375284,-0.7393611128726328,0.051006371738365586,-0.39073533291540113,-0.5068036270828011,-0.12767021733393583,-0.3438923653462592,-0.5477787652766725,1.2190215661761212,-0.20305457333723917,-0.8924224627446088,1.2601917533056795,-0.659410156981638,-0.28931921018884194,0.34696940667175824,-0.8141623197616004,-0.7289985293757959,0.7907180173204286,0.09632290608702133
-0.6229419167664715,-0.5002714986327667,0.28268173414418646,0.18115447286698633,-0.05703606682251821,0.4028086190640814,-0.14095293081431684,1.0667639778055684,-0.6636487226625448,-0.043673231451410235,-0.0047086123511892114,0.5590318078078966,0.16553139130806183,0.09362415162461571,0.5298697200850107,0.29897095116544325,0.6027299170819976,-0.8346741599075914,0.5797736677217613,0.6808870308944676,-0.22418629636459458,0.5609562277979748,-0.45774504456804427,-0.019722991944316058,-0.3793444945198984,-0.4996264476569335,0.31964878316895895,0.429110344762057,-0.4257451208529746,0.003916641489764287,0.6325450884448164,-0.08464154975716717,0.16963059228438296,0.3874418602025759,-1.1893124959382104,0.29135146952168123,0.4138812088312204,-0.8364299710258928,0.14942137621613774,0.5814499411644072,-0.3438478216345089,-0.07420514239734254,0.3776942903342186,-0.43607944202153115,0.12240630769695296
-0.33719197127541983,-0.9867367049344657,0.4736202552351119,0.46701899323800883,0.05176656128244962,0.4095797528380013,-0.5974797074566022,1.2516415311577656,-0.5954547300674713,-0.005121075855495289,0.21501385530484587,0.9512423407233828,0.26372768746035186,-0.07497960736017979,1.12723824566279,-0.021879829928195062,1.243792548084525,-0.8257804406131946,0.6808870308944676,1.04600056598327,-0.23263572799342097,0.9638396939028526,-0.5428640807490335,0.34747316529396804,0.11457800765926476,-0.5392613577116778,0.4515048103340506,0.25496183232659436,-0.6394780897659265,-0.24415124783569367,0.5996231883303239,-0.32172963121480613,-0.23473427643399575,0.580319637687235,-1.659336436973599,0.49512535113172557,0.1677828604573513,-1.0013414038344561,0.15037795471841667,0.9891898888534314,-0.5638094718617676,-0.6900144348002957,0.24083241118731147,-0.8862916089589202,0.18400050783313304
0.2821979952900569,0.42427393454112067,-0.016485529787308457,-0.1815499227354146,-1.1630869621814333,0.1882367472012822,-0.059888668909995627,-0.3523495540047304,0.24070626120119637,-0.7970706885276279,-0.15485215135698802,-0.8283818507035364,0.37947368090242034,-0.4784768612828984,0.18563975595082144,0.5828891413672589,-0.41308368015162344,-0.14233331700123733,-0.22418629636459458,-0.23263572799342097,0.7136494482140069,0.7293337317762179,0.5828454250020256,-0.03799291169300143,0.3068810846203764,-0.20131180050759065,-0.3844520604017064,-0.2528676305904917,0.7521607785062175,0.23538886975708978,-0.904688000634156,0.14408777394444278,-0.35413035170426405,-0.041703440137216344,0.8635935954098313,-0.25325327006581533,-0.08827565642286463,0.25000613643731473,0.47248032182613664,-0.6335217846274664,0.1641514682247394,0.6106411118850399,-0.10604953120021395,-0.40159846312328035,-0.35315291117812825
-0.5750731466480102,-0.913755743195801,0.6230997096468578,-0.2416338862663634,-2.271409810645358,0.9563704602153598,-1.567939929875214,1.3287435946683477,-1.2662978935084015,-1.0650978171129075,0.15156617727282423,-0.060268314997025965,0.5026564630180977,-0.7287466880134656,1.9268320966873027,1.3116349366512534,2.038808643863887,-1.3102774535549988,0.5609562277979748,0.9638396939028526,0.7293337317762179,3.6477055037130337,0.1544535236668579,0.40980189071423284,-0.20325377919914428,-1.6065792133191628,-0.591111700540458,0.24526751149011977,0.24058251804547753,-0.6449506058335635,-0.5416278827969835,0.5519554889704937,-0.45675323299872156,0.8236252347758837,-0.001245218400890736,-0.5498107413849992,1.0604262546905845,-0.3103181341291988,0.0016877686378833103,0.5464414582426825,-0.4233737551707646,-0.5885858260729502,0.3748422247972258,-1.3130000568492397,0.3332619127600865
0.4712017765917009,0.585866817826564,-0.1762611220397222,-0.25000523575442085,-0.7464498421845864,-0.08645958280780934,0.07357529092021989,-0.802193874267312,0.48744701416951447,-0.49929130860528903,-0.11978141708392907,-0.8719633737622676,0.14687729944399322,-0.34113852505163794,-0.2175068411170929,0.2638088590259645,-0.6351767615194385,0.3399651324839024,-0.45774504456804427,-0.5428640807490335,0.5828454250020256,0.1544535236668579,0.6283682698543086,-0.05200085277902251,0.33887612184320304,0.12750610318638772,-0.4368108410734447,-0.365455856786144,0.7325422388144421,0.17059318773825852,-0.9135909030323071,0.17184913707037774,-0.26913864303328694,-0.24670721452129818,1.2380314190068296,-0.3454030285800168,-0.24016437591814566,0.6177490579716957,0.22240446664667685,-0.757615691055652,0.3081647151452485,0.49363430480156045,-0.24768080780261945,0.013830977747219282,-0.2928548382028116
0.6138775965849886,-0.6703677367869045,0.2105180794391118,0.37437907772386353,0.32696104557459915,-0.1554314678372824,-0.7251149880700294,-0.0442923569967966,0.2711614874941649,0.21957033763561995,0.4095960403003459,0.5393670067224918,-0.002012828590223131,-0.2256287993538271,0.72452130897497935,-0.6738066351645937,0.9562314265457682,0.34677173148695534,-0.019722991944316058,0.34747316529396804,-0.03799291169300143,0.40980189071423284,-0.05200085277902251,0.6076339212843496,0.8279748479144394,0.11467296931837256,0.08243809239071516,-0.38052396466892907,-0.2960341089911002,-0.4971807546521693,-0.153382285232848,-0.31069455895250914,-0.6156792914964558,0.18003883913576554,-0.34365512853054897,0.18512456214306844,-0.475233848175246,0.07149818360624356,-0.20183340451152013,0.5356786649832244,-0.2549597782144357,-1.1056411763317653,-0.32897624386691915,-0.4693107975203104,0.15024325559240997
1.5659163484070164,-0.4056368173169147,0.1322510396702018,0.7141726389577041,0.44535550861657774,-0.42391853076804675,-0.5528387446385695,-0.8085274870966022,1.258068700880912,-0.01853326407967084,0.4526103667614984,0.2455766953869473,0.28581957072051545,-0.5666670340729465,0.7238585222317493,-1.1670149108562986,0.2965922922291006,0.8429814974362907,-0.3793444945198984,0.11457800765926476,0.3068810846203764,-0.20325377919914428,0.33887612184320304,0.8279748479144394,1.9038471872795646,0.6831962737803485,0.19770184240785538,-0.9879592193723313,0.06438614426449867,-0.2167912272565847,-0.8327141037685594,-0.787439823422051,-1.2835178536855056,-0.02549947449895821,-0.13717937374864117,0.5092690676383352,-1.4428822816923133,0.21740938893082307,0.3310613183448432,0.1441336348140601,-0.16967673086610002,-0.9455279798631739,-0.8026644003874127,-0.8295769789890123,-0.3287572385344921
0.8280626948544065,0.3120150413318634,-0.2871930666886865,0.21815049864913943,1.1133744041710094,-0.6433676726894374,0.40901353146464353,-1.0556121948588055,0.9848305467069486,0.5320077232326742,0.11644216003487343,0.008648549053235305,-0.24918575422191636,0.13979189269906375,-0.6959043184979216,-0.998198249206907,-0.7303451937024064,1.063887853696146,-0.4996264476569335,-0.5392613577116778,-0.20131180050759065,-1.6065792133191628,0.12750610318638772,0.11467296931837256,0.6831962737803485,0.9662609106714398,0.1682932641343684,-0.4871818345864337,-0.03129851817433394,0.07863067350877713,-0.15154368212707325,-0.3693663187428952,-0.19844990161195478,-0.4368607036683734,0.3435788041554351,0.2173966910011446,-0.887909924214545,0.5005123147051688,-0.09809912516398063,-0.26259812765051643,0.21110567501022218,-0.1862196563558838,-0.4879896201939678,0.48652000214105046,-0.1629822517694098
-0.03234378153806902,-0.3648314896808423,0.1304437776860902,0.4646547464784571,0.7824410550049122,-0.0029510642557197377,0.18109422297714922,0.4792828061146472,0.03743943952388111,0.28117443162855077,0.05545903280741513,0.6775962002329594,0.0971603432932125,0.16632313472941462,0.1805739569376673,-0.4443249110774798,0.07103966654451789,-0.2130232392375284,0.31964878316895895,0.4515048103340506,-0.3844520604017064,-0.591111700540458,-0.4368108410734447,0.08243809239071516,0.19770184240785538,0.1682932641343684,0.5932921228857738,0.09079720365765614,-0.5121204549818968,0.14295461861429756,0.5966721863761718,-0.48287388312270146,-0.0604316925204256,0.13770978707990816,-1.2965235314204984,0.6180844860562282,-0.2833164450276425,-0.7113758675018277,0.23876541764654705,0.49692101595685806,-0.26074611961911603,-0.16853950998977796,0.04673741828479542,-0.2596803829437909,-0.058763142298016977
-0.9584198460633709,-0.03061775001364583,0.0638332060935584,-0.2098654895473043,-0.16232618094986734,0.3540368710515785,0.22576732188863635,0.8251244682810298,-0.8168006127116493,0.005956936093259234,-0.20445395738168495,0.16194955642189496,-0.048960495791965694,0.30774306976990523,-0.1153714099577858,0.6191878963322109,0.09044225012549213,-0.7393611128726328,0.429110344762057,0.25496183232659436,-0.2528676305904917,0.24526751149011977,-0.365455856786144,-0.38052396466892907,-0.9879592193723313,-0.4871818345864337,0.09079720365765614,0.6271201556088373,-0.2334563705307728,0.12847027515783588,0.675517970243568,0.277150260658338,0.6510831278511664,0.1767275974570211,-0.5233963039426678,-0.05424378826632808,0.7773226767693436,-0.5058426527976386,-0.0496424887042361,0.19152880201297215,-0.08491809821184924,0.4062751354934249,0.5195141051478067,0.16919642726821166,0.1804966176372954
0.23739460087953448,0.8835697212401795,-0.22129848070275157,-0.3981835129732443,-1.1695214005296326,0.07713334450948205,0.330376986934605,-0.7279431335481155,0.3709756346418717,-0.80090066040936,-0.3180956268132517,-1.2123152081456408,0.28050953331413075,-0.3713628851722386,-0.36901773827183354,0.7063620906046227,-1.047463944713832,0.051006371738365586,-0.4257451208529746,-0.6394780897659265,0.7521607785062175,0.24058251804547753,0.7325422388144421,-0.2960341089911002,0.06438614426449867,-0.03129851817433394,-0.5121204549818968,-0.2334563705307728,0.9853121355571056,0.4348924549998236,-1.0023527645539319,0.29613150678722683,-0.11848223444789094,-0.2734592737275631,1.4047727211432548,-0.4216047488146812,-0.04081066235773729,0.5284122795321162,0.46106462921804486,-1.0439331256403153,0.3978300769827167,1.0780298079921091,-0.10170415556827916,0.016558603454455475,-0.44093996094666227
-0.20020623113957622,0.7198997193360933,-0.15662760406497378,-0.05676085625728258,-0.33116851407788467,0.15446021388847397,0.862414636361133,-0.06083537601073793,0.18239758518680474,-0.4812838031825525,-0.42245853599457245,-0.5855527443214491,0.32655163534623177,0.0015886009835236051,-0.5317397651750883,0.5089183516759058,-1.2998426304805697,-0.39073533291540113,0.003916641489764287,-0.24415124783569367,0.23538886975708978,-0.6449506058335635,0.17059318773825852,-0.4971807546521693,-0.2167912272565847,0.07863067350877713,0.14295461861429756,0.12847027515783588,0.4348924549998236,0.780137940137873,-0.10138788908113522,-0.0774752477143167,0.20858591640458798,-0.17530113365562053,-0.007376112468621285,0.19136904924030018,-0.05977050732452171,-0.35813018383847006,0.7379559815815501,-0.6404459504277188,0.18705982005599453,1.324848209336724,0.16032642879649947,-0.001293814285683862,-0.5014674127331976
-0.9068961427641793,-0.5849541434939324,0.1435218351305513,0.1993303395149846,1.1166686637289711,0.10890831368604342,0.18823396347679117,1.0995676891753283,-0.7780285445912241,0.7648718530272948,0.041778584702075225,1.1003055204075918,-0.2991039727429823,0.6476926711377864,-0.07525518988049516,-0.21850900337673534,0.5645722658711493,-0.5068036270828011,0.6325450884448164,0.5996231883303239,-0.904688000634156,-0.5416278827969835,-0.9135909030323071,-0.153382285232848,-0.8327141037685594,-0.15154368212707325,0.5966721863761718,0.675517970243568,-1.0023527645539319,-0.10138788908113522,1.4466473255830565,-0.11377556038962124,0.688342038377506,0.24981301936437997,-1.6207089843155829,0.4145169497476325,0.5069723571900351,-0.8515778028777818,-0.34798971342613055,0.9043184002000485,-0.330798655224875,-0.3741073875155239,0.4689250103234673,0.27903280575162037,0.41885263952690727
-0.5204339423821343,0.33572254911400073,-0.12303687271284575,-0.570146373654085,-0.6851952980891498,0.14375320744271247,-0.003013557388029052,-0.031821415811478564,-0.4924810959388282,-0.16197882505006977,-0.17465927511943558,-0.5115478216806812,-0.18524491399478465,0.08105108633539106,-0.32434970057117046,0.6832024230117377,-0.04847017855032385,-0.12767021733393583,-0.08464154975716717,-0.32172963121480613,0.14408777394444278,0.5519554889704937,0.17184913707037774,-0.31069455895250914,-0.787439823422051,-0.3693663187428952,-0.48287388312270146,0.277150260658338,0.29613150678722683,-0.0774752477143167,-0.11377556038962124,0.6190318017841502,0.47396162454411483,-0.06876883956973787,0.9325218217798327,-0.6189113364897307,0.7134164699511495,0.4294224694185171,-0.32905513097367556,-0.3428629447485956,0.22712162851725456,0.35037151817591683,0.24045744900315985,0.4631019959111366,0.1968375244092443
-0.9951343412604501,0.4063523615631227,-0.18395667893892675,-0.4638854463869884,0.10046830555219728,0.12365389548558603,0.5994013323205154,0.33294029443500134,-0.6691361843424317,0.23901106862022453,-0.2982220138997093,-0.12056191961335118,-0.3221312667504315,0.5328286037932022,-0.8342864325862835,0.5696434514207241,-0.45384387144256744,-0.3438923653462592,0.16963059228438296,-0.23473427643399575,-0.35413035170426405,-0.45675323299872156,-0.26913864303328694,-0.6156792914964558,-1.2835178536855056,-0.19844990161195478,-0.0604316925204256,0.6510831278511664,-0.11848223444789094,0.20858591640458798,0.688342038377506,0.47396162454411483,1.0014132672686475,-0.1094583678636158,0.11818546931587398,-0.2840100744637333,0.8160305039029874,-0.08182379698696776,-0.2818662442419058,-0.1719032687581615,0.16683716361015272,0.6696504901827725,0.493404625019154,0.8010098393294867,0.21137839283751914
-0.2638457299268665,-0.5386313525388218,0.2832012783668529,0.1714210452679959,-0.222645750919719,0.30390784342307975,-0.42107362236632867,0.7422067373697637,-0.44157061149487603,-0.10843265280128397,0.10971110737472245,0.43344935084253083,0.16201937815592604,-0.09082165476690392,0.6942066964568224,0.1658471768462698,0.7829696232000211,-0.5477787652766725,0.3874418602025759,0.580319637687235,-0.041703440137216344,0.8236252347758837,-0.24670721452129818,0.18003883913576554,-0.02549947449895821,-0.4368607036683734,0.13770978707990816,0.1767275974570211,-0.2734592737275631,-0.17530113365562053,0.24981301936437997,-0.06876883956973787,-0.1094583678636158,0.3583185962211487,-0.7630073982511815,0.15678220086557107,0.22567187355799714,-0.5051708564304348,0.058915931912113285,0.5092165562291044,-0.30728436918660096,-0.35469114854378647,0.1766935733141491,-0.5262807383518237,0.12877287082582187
0.5901531340026082,1.437649749131787,-0.6311839163530151,-1.0536295772627693,-1.211841087819698,-0.4328647412866379,0.20948782857157358,-2.0264784314828237,0.6707137717328863,-0.4515809605071564,-0.23994993719547325,-1.913477104721542,-0.3469140110429155,-0.273492457994373,-1.215728034553787,0.5388097084259034,-1.261250851545692,1.2190215661761212,-1.1893124959382104,-1.659336436973599,0.8635935954098313,-0.001245218400890736,1.2380314190068296,-0.34365512853054897,-0.13717937374864117,0.3435788041554351,-1.2965235314204984,-0.5233963039426678,1.4047727211432548,-0.007376112468621285,-1.6207089843155829,0.9325218217798327,0.11818546931587398,-0.7630073982511815,3.5432207016948154,-1.352240081041802,0.08454258658496605,2.064166487553159,-0.4472167501908716,-1.681297328843068,0.9162062492905098,0.7915784624892397,-0.41764045317159215,1.1171193346008197,-0.13628045971566835
0.19254196252800737,-0.3813270614843134,0.17227051047437145,0.583692728233421,0.6995611705014309,-0.0037923291458735963,0.130675774991374,0.40225460243281413,0.241164332512195,0.14885615700495256,0.0915567973575574,0.6370886541887045,0.2339336994466853,0.023120068181219002,0.3282130306560754,-0.5014542354852498,0.046231108742844425,-0.20305457333723917,0.29135146952168123,0.49512535113172557,-0.25325327006581533,-0.5498107413849992,-0.3454030285800168,0.18512456214306844,0.5092690676383352,0.2173966910011446,0.6180844860562282,-0.05424378826632808,-0.4216047488146812,0.19136904924030018,0.4145169497476325,-0.6189113364897307,-0.2840100744637333,0.15678220086557107,-1.352240081041802,0.7326969338128415,-0.5188840958064571,-0.7637293875630066,0.4256198352872581,0.4574325098372946,-0.2985634936960769,-0.16722696678561622,-0.04848815098629868,-0.5066406974193136,-0.18476419114940032
-1.2781320337796813,0.012852591664692508,0.05855665846937345,-0.5751938999394262,-0.8173055808285864,0.5218649008583228,-0.032235651582295737,0.9240852845608761,-1.2539384221488548,-0.18724879566989,-0.26955958197668783,-0.13435553533572994,-0.12357698200684789,0.2521265818679264,-0.02674939431043267,1.111111900370982,0.36792558441949025,-0.8924224627446088,0.4138812088312204,0.1677828604573513,-0.08827565642286463,1.0604262546905845,-0.24016437591814566,-0.475233848175246,-1.4428822816923133,-0.887909924214545,-0.2833164450276425,0.7773226767693436,-0.04081066235773729,-0.05977050732452171,0.5069723571900351,0.7134164699511495,0.8160305039029874,0.22567187355799714,0.08454258658496605,-0.5188840958064571,1.3326286153661049,-0.20287534804663993,-0.3155446519251918,0.09289162684641836,0.014560850942606656,0.440186464550275,0.665703818073178,0.31858211729253944,0.36945387581602135
0.6883165246621462,0.5544429576378596,-0.3921548194952863,-0.48670983369688814,-0.05535798138221659,-0.5594900386108467,-0.13116784170751258,-1.4576917395255282,0.6064900014311247,0.21278933774758474,0.09772931434333929,-0.7530347498905985,-0.46439063259733987,-0.06986598821314932,-0.6929360130826159,-0.3229592067871666,-0.3477553016590568,1.2601917533056795,-0.8364299710258928,-1.0013414038344561,0.25000613643731473,-0.3103181341291988,0.6177490579716957,0.07149818360624356,0.21740938893082307,0.5005123147051688,-0.7113758675018277,-0.5058426527976386,0.5284122795321162,-0.35813018383847006,-0.8515778028777818,0.4294224694185171,-0.08182379698696776,-0.5051708564304348,2.064166487553159,-0.7637293875630066,-0.20287534804663993,1.5052883286522085,-0.678444815733003,-0.6890371948859216,0.507322857848923,-0.27110929037916437,-0.4716354567985725,0.8553153968371804,0.13044250304545918
0.06828815818053743,0.37946674061301255,0.0742572607715096,0.2274623281823395,-0.6713162410060347,0.3305762193051138,0.4849981164756072,0.2007750546725246,0.27038811733373785,-0.8035897937781165,-0.29951111311892975,-0.4432239616411617,0.6569209570132374,-0.3293926703670996,0.1706761951076609,0.5015496168886355,-0.87366665610353,-0.659410156981638,0.14942137621613774,0.15037795471841667,0.47248032182613664,0.0016877686378833103,0.22240446664667685,-0.20183340451152013,0.3310613183448432,-0.09809912516398063,0.23876541764654705,-0.0496424887042361,0.46106462921804486,0.7379559815815501,-0.34798971342613055,-0.32905513097367556,-0.2818662442419058,0.058915931912113285,-0.4472167501908716,0.4256198352872581,-0.3155446519251918,-0.678444815733003,1.075297017713679,-0.4307317197799259,-0.03563414162284781,1.095598771215609,0.07098128980978406,-0.7239247615449371,-0.6369263162926332
-0.193154117806596,-1.2731528048155538,0.42078464279374483,0.5162327469563662,0.8458591142899256,0.09518912618874122,-0.7905276018807444,1.060438705680898,-0.5432994916904539,0.6259995375291166,0.4400470247806109,1.3976667034002506,-0.12700178102860002,0.16160320367119985,0.9935751515459923,-0.6358894118241681,1.6666004369298328,-0.28931921018884194,0.5814499411644072,0.9891898888534314,-0.6335217846274664,0.5464414582426825,-0.757615691055652,0.5356786649832244,0.1441336348140601,-0.26259812765051643,0.49692101595685806,0.19152880201297215,-1.0439331256403153,-0.6404459504277188,0.9043184002000485,-0.3428629447485956,-0.1719032687581615,0.5092165562291044,-1.681297328843068,0.4574325098372946,0.09289162684641836,-0.6890371948859216,-0.4307317197799259,1.3410759563402608,-0.5798879744276191,-1.4431801268398687,0.10249229143012041,-0.4740679932168969,0.5049967286190664
0.08300945689230875,0.5838544566754367,-0.26302736790708703,-0.30563927952368397,-0.1661456569458351,-0.16427955425708252,0.36147702702722123,-0.6123584709802374,0.23630913242535342,-0.08510812345847295,-0.1841602459092221,-0.5966494818300846,-0.10477998510349752,0.03291256948708507,-0.6102412652972647,0.1472925405337664,-0.7379372551454751,0.34696940667175824,-0.3438478216345089,-0.5638094718617676,0.1641514682247394,-0.4233737551707646,0.3081647151452485,-0.2549597782144357,-0.16967673086610002,0.21110567501022218,-0.26074611961911603,-0.08491809821184924,0.3978300769827167,0.18705982005599453,-0.330798655224875,0.22712162851725456,0.16683716361015272,-0.30728436918660096,0.9162062492905098,-0.2985634936960769,0.014560850942606656,0.507322857848923,-0.03563414162284781,-0.5798879744276191,0.331958031410267,0.5124245571845913,-0.07485995155268953,0.4828327308698277,-0.1139297636730437
-0.7133108884964668,1.5504557019588006,-0.361451400589475,-0.5495093291295478,-1.2570955967072863,0.4140701278349385,1.4854087377656067,-0.15354840540169068,-0.03821802314943139,-1.0692193271449932,-0.8845380811826716,-1.5079896896458116,0.48351255436214313,-0.002391663137266608,-1.1294808800482579,1.490125825001936,-2.3413444516001634,-0.8141623197616004,-0.07420514239734254,-0.6900144348002957,0.6106411118850399,-0.5885858260729502,0.49363430480156045,-1.1056411763317653,-0.9455279798631739,-0.1862196563558838,-0.16853950998977796,0.4062751354934249,1.0780298079921091,1.324848209336724,-0.3741073875155239,0.35037151817591683,0.6696504901827725,-0.35469114854378647,0.7915784624892397,-0.16722696678561622,0.440186464550275,-0.27110929037916437,1.095598771215609,-1.4431801268398687,0.5124245571845913,2.65076936378578,0.4538020803480464,0.2868315062795363,-0.7707684424246597
-0.8092848080882649,0.00428105855518129,0.07773463079090247,-0.18384847220860456,-0.34290079881045016,0.36803423362361104,0.17417733291508156,0.7331493073525457,-0.6968906046741704,-0.1451152340947096,-0.20346920473986546,0.0404218009593186,0.050992777419496704,0.17997940174638702,-0.01400449268060906,0.6488356024112362,0.04756824287442054,-0.7289985293757959,0.3776942903342186,0.24083241118731147,-0.10604953120021395,0.3748422247972258,-0.24768080780261945,-0.32897624386691915,-0.8026644003874127,-0.4879896201939678,0.04673741828479542,0.5195141051478067,-0.10170415556827916,0.16032642879649947,0.4689250103234673,0.24045744900315985,0.493404625019154,0.1766935733141491,-0.41764045317159215,-0.04848815098629868,0.665703818073178,-0.4716354567985725,0.07098128980978406,0.10249229143012041,-0.07485995155268953,0.4538020803480464,0.45282208927465645,0.02052053751520808,0.09194264007669671
-0.2583604316244775,0.6813676394580387,-0.4862049657562995,-0.5404461069898837,0.7112718000396606,-0.4667804344976379,0.6442244541635191,-0.7900062792315933,0.04070118489997486,0.6634161667713597,-0.17213559361672506,-0.34393409902491184,-0.679359559348236,0.574552007593894,-1.3738525154999386,-0.16911127028611395,-0.8247924887125078,0.7907180173204286,-0.43607944202153115,-0.8862916089589202,-0.40159846312328035,-1.3130000568492397,0.013830977747219282,-0.4693107975203104,-0.8295769789890123,0.48652000214105046,-0.2596803829437909,0.16919642726821166,0.016558603454455475,-0.001293814285683862,0.27903280575162037,0.4631019959111366,0.8010098393294867,-0.5262807383518237,1.1171193346008197,-0.5066406974193136,0.31858211729253944,0.8553153968371804,-0.7239247615449371,-0.4740679932168969,0.4828327308698277,0.2868315062795363,0.02052053751520808,1.435939885653026,0.2542364592109061
