V1,V2,V3,V4,V5,V6,V7,V8,V9,V10,V11,V12,V13,V14,V15,V16,V17,V18,V19,V20,V21,V22,V23,V24,V25,V26,V27,V28,V29,V30,V31,V32,V33,V34,V35,V36,V37,V38,V39,V40,V41,V42,V43,V44,V45
0.20319981547947324,0.0025512171893247457,-0.12737266304525038,0.15927892348523745,0.03847148335413956,-0.17725049020149475,0.05448931732855358,-0.2901178853770229,0.023942236161990572,-0.0031285010128363037,-0.041146698646132185,-0.10736755218874955,0.19954154364543153,0.006243253239903202,-0.02252240844639647,-0.10142089284402019,-0.16801744771093438,-0.014011731233087384,0.013601429037116352,-0.003078293771981293,0.19897122067768017,-0.0955609308321281,0.07783220732171112,-0.014085195995052424,0.23989164895849266,0.2571824106643011,0.08508893264811634,-0.08141094636683381,0.09585171105148957,0.07014834269914115,0.018508490808790065,-0.133711107955879,-0.14836956043535904,-0.17150310423906437,-0.0469227063245857,0.03582046789271381,-0.24776346876574443,-0.008668641900267553,0.158464308281299,-0.1690543743145269,-0.025599455620703176,0.20315561903264648,-0.11304627685535686,-0.08794264026329472,-0.0932399849335119
0.0025512171893247457,2.431355142974296,-0.3632426077601074,-0.7199865608932762,-1.5310997336486978,0.44999084322864585,1.9723383520147548,-0.8510975995496384,1.2904178120748258,-1.5976736088410184,-0.948626889533797,-2.214950816726379,0.43859257171876126,-0.45529082427245693,-1.5635847262987537,1.4241944898723464,-3.525187831820734,-0.10745762489839177,-0.7581071136736087,-1.3871897903886738,0.8296654727012172,-1.4158185525768971,1.085105864936376,-1.081438227818555,-0.3185905542980287,0.03909773720557335,-0.41162938777077307,-0.17839201166812924,1.7308509235075535,1.8125899014281581,-1.5485916516772824,0.22476332597275112,0.33180470102849957,-0.4478707582154908,1.8158787138802535,-0.04136720805813072,-0.1833788361723681,0.17791077375161002,1.578775292297873,-2.1203255107232386,0.9167745307170413,3.077023246304453,0.12627331266390876,0.2834355881227596,-1.3587957555458456
-0.12737266304525038,-0.3632426077601074,0.48957949630044634,-0.1501744124877604,0.13111048247693496,0.4083835196452576,-0.48867036232611005,0.7785486055811278,0.22184589045036698,0.08553404692734654,0.335455602793888,0.6193357337819672,-0.49503710095617737,-0.18618809543840406,0.4970158547549274,-0.15927821603665523,0.8836304557069512,0.23923046266406553,-0.055296657997501726,0.22622376739058558,-0.568054823856324,0.3633460640150398,-0.2390814092230886,0.3997898794747965,-0.06640743155443113,-0.5996197746089956,-0.10988381327449351,-0.04420283964497775,-0.42098711044409876,-0.3869225528253517,-0.18017338239517322,0.08566088403559725,-0.02281057910729462,0.5866503541350082,-0.18975285502457548,0.12749736945275267,0.2899619544955886,-0.02441510656465886,-0.4224795986732783,0.7681542620005006,-0.08211147646221689,-1.1336608999310822,0.09415146421050696,-0.11138362571795463,0.2515561683329999
0.15927892348523745,-0.7199865608932762,-0.1501744124877604,0.6379549736757031,1.4723940811172043,-0.5631400182840202,-0.041576191449465796,-0.06359414073664033,-0.25644981957946655,0.9598697895721928,0.20219125353589718,0.9366527882599786,-0.018524554223201147,0.5159841713433186,-0.003757925100763247,-0.9989598104035569,0.4778040722785846,0.1201120728777347,0.3507618861207268,0.4322508973749673,-0.44856961096338316,-0.8252144838837527,-0.5772666789760714,0.17009595633641122,0.28849597619977735,0.7100438418201698,0.6599400362431386,0.08511644689625239,-0.7961518393553527,-0.26961443080615194,1.1119453121090368,-0.5100867243514531,-0.022998593762184803,-0.20379016941651693,-1.2986323559637114,0.427979662062196,-0.4560877578070581,-0.37651400072468766,-0.2710285905412499,0.5928179379034602,-0.34844883519222813,-0.5941380511776814,-0.14225829651250269,0.113021593625816,0.28253469774127915
0.03847148335413956,-1.5310997336486978,0.13111048247693496,1.4723940811172043,4.985874297036649,-0.9330754771776294,0.598667337233755,0.8879122941163046,0.3539922517872367,2.7946240979743795,0.669335844181863,3.2577963442229274,-0.927006235271337,1.4475296523613774,-0.4940401108310744,-3.0111067452183047,0.7806564209707059,0.8353850806129395,0.6981216158710725,0.9985295392573784,-2.5148213650224682,-3.8739648975884804,-2.040190807952531,0.47255145572986695,0.32672936369001887,1.4827024729407188,2.047887163124494,0.29754038975791774,-2.737329707678914,-0.3557605564257701,2.9900602139751187,-1.5228823286299094,0.4550797143001746,0.08415402684448506,-4.093974132247257,1.895627996324511,-1.076491952923085,-1.4442242048868192,-0.8028297450152239,2.2788606452736624,-0.7504593995307525,-2.1347621100812364,-0.0960683258136733,0.7144831916509614,0.6240912460701639
-0.17725049020149475,0.44999084322864585,0.4083835196452576,-0.5631400182840202,-0.9330754771776294,0.68583144092873,-0.08816375090725327,0.5093073106146709,0.48876181716092315,-0.689974300925837,0.017106806830864258,-0.34852589570074743,-0.30499616151578607,-0.49563039076150495,0.1785267176069601,0.6260520684453903,-0.06594372312108743,0.10176081231218193,-0.3415706155623301,-0.25444061408256247,-0.06436025933622191,0.5544162549967329,0.29018923468374086,0.06841374779434559,-0.24351713206428657,-0.8462366563802481,-0.5069545173783203,-0.1098968434320639,0.35957249713153067,0.09812315913401458,-0.9736826038951693,0.37678350105982505,0.032515894663360224,0.5010203519079436,0.8269172998957302,-0.14816630611157114,0.4448149632597361,0.21668935891779117,0.044455168409142,-0.03223708403130489,0.25260315536929673,-0.12106812961300185,0.16338040396240194,-0.11712422011057921,-0.15115847837483268
0.05448931732855358,1.9723383520147548,-0.48867036232611005,-0.041576191449465796,0.598667337233755,-0.08816375090725327,2.501386810395124,-0.7516011419252808,1.421256984992777,-0.4394475888472173,-0.8065362685690208,-1.0419700473747846,0.2017706043594143,0.2454212664140157,-2.0214249307222474,0.20542940133318288,-3.6372068395675297,0.17847386343647084,-0.4591782875381923,-1.0743019322430085,-0.07152096666457229,-3.34445218652925,0.29541362931782,-1.0553333978816832,-0.17979179794426534,0.8969131929909759,0.5265530291045909,-0.02462832402979561,0.7243985017435335,1.86152880706592,-0.20349931991399897,-0.4756866523488995,0.5659096068642244,-0.6213303110839775,0.11621114745493996,0.7604068115532273,-0.7639016805664893,-0.45497700591275153,1.4187962872800841,-1.4418426794768884,0.6421233643154587,2.639251022084977,0.06340004249507471,0.6620904852310915,-1.21907477327674
-0.2901178853770229,-0.8510975995496384,0.7785486055811278,-0.06359414073664033,0.8879122941163046,0.5093073106146709,-0.7516011419252808,1.3957162210466472,0.2407783718973868,0.57956701242301,0.6267533511094362,1.462300555062022,-0.9352358369846465,-0.04090470976275669,0.7281215983639757,-0.6317517378243158,1.6336485980006281,0.44385948030086836,0.05742237912308445,0.5277031989514235,-1.2607812534748652,0.15570589863460937,-0.7014822204442305,0.681215976356778,-0.1714547608722658,-0.7789659753394076,0.08724953576582029,0.03913544351661638,-1.0902482899539698,-0.7332601955738424,0.2296862220700908,-0.011180915827302731,0.09397841481471608,0.9355739414878445,-0.8687032822673401,0.3924500153546492,0.41761522064923895,-0.22220818349436045,-0.8748451479223621,1.5705462188223644,-0.2525683691014682,-2.1316786526453533,0.17442380709115832,-0.026182151155028602,0.5675092647534734
0.023942236161990572,1.2904178120748258,0.22184589045036698,-0.25644981957946655,0.3539922517872367,0.48876181716092315,1.421256984992777,0.2407783718973868,1.5958535604272306,-0.4854980932130889,-0.26994892578640123,-0.3140506834910686,-0.3484087615153897,-0.1960171283990235,-0.9748367019310206,0.08071665741204882,-2.008192138582167,0.45503067979419726,-0.536225053844805,-0.674559882542752,-0.5783665295739558,-2.128905026569217,0.11939479622747336,-0.3473057065181618,-0.07415097408388656,-0.04907478833798636,0.19359309856010146,-0.1939678602376927,0.27984050065544286,1.1173090224889448,-0.6966716215100136,-0.2738447417595472,0.29129976667943763,0.21759631124383724,0.10186510027136703,0.7478438620321046,-0.34478223345496006,-0.32592362647045386,0.7912113267107027,-0.3961350046016325,0.4793659205514107,0.8853427514209657,0.1112267112176751,0.2674489246840764,-0.8092766189147166
-0.0031285010128363037,-1.5976736088410184,0.08553404692734654,0.9598697895721928,2.7946240979743795,-0.689974300925837,-0.4394475888472173,0.57956701242301,-0.4854980932130889,1.8903839152317774,0.6015761685801709,2.201355424769027,-0.4855173426180505,0.8942227795045962,0.29140982877104366,-1.8578319117160995,1.6161339242648989,0.33508088740200626,0.6503367506020142,0.9603207378809172,-1.3299898162914714,-1.1849683161902131,-1.3072381122131316,0.5405441972176969,0.2324211032124096,0.7670311925067738,1.0894781182744941,0.2455005015291232,-1.8377874369524891,-0.8265398188403411,2.0378325776459576,-0.7537511231088043,0.11073291738867264,0.0778580134541587,-2.5002092305375165,0.795588555443236,-0.4180403310836112,-0.700502825340679,-0.9344184201140875,1.7009686097056502,-0.6869636691904573,-1.9385014986290623,-0.09543903400090024,0.25704059592272105,0.8028376797863176
-0.041146698646132185,-0.948626889533797,0.335455602793888,0.20219125353589718,0.669335844181863,0.017106806830864258,-0.8065362685690208,0.6267533511094362,-0.26994892578640123,0.6015761685801709,0.4618948657943565,1.0423149178226547,-0.3755740425901297,0.0893916914367133,0.6910507717538352,-0.6044280575407013,1.4922942506286079,0.1692131369948591,0.22362726179232556,0.5533445954432311,-0.5749330456552534,0.4813826545186224,-0.492129772227509,0.5286605001301938,0.0982848939891874,-0.22838997638175357,0.13863023381435194,0.031462853929240905,-0.7936670062459614,-0.7337931186784814,0.46626309872749555,-0.08272356789163333,-0.11140411635677105,0.39957591970173983,-0.7570233557433714,0.1307000692906921,0.13918570854685897,-0.1075384729437182,-0.6831964636183026,1.0524141167194438,-0.3380111617295743,-1.510247708193484,-0.007560310887369146,-0.12686840351841544,0.5380365270161955
-0.10736755218874955,-2.214950816726379,0.6193357337819672,0.9366527882599786,3.2577963442229274,-0.34852589570074743,-1.0419700473747846,1.462300555062022,-0.3140506834910686,2.201355424769027,1.0423149178226547,3.1784627478279988,-1.0692242939579217,0.7932295028259221,0.9183215930735307,-2.2313181409015654,2.7771723444316763,0.6328072379309996,0.6649217804009301,1.3415398381347214,-2.0663231632314463,-0.8935736920553475,-1.7075792029194896,1.0613962371067025,0.21795533683527848,0.19328720244438943,1.099577077199795,0.22855762732271462,-2.4880796829322906,-1.3674953017462275,2.080176307763423,-0.7673040497919256,0.06070983509138625,0.7367578592497694,-3.0192959725731487,1.0198337598970784,-0.17478916056425725,-0.8025824660053428,-1.5208186550877154,2.75746649040588,-0.8876026042627234,-3.41971447496463,-0.017150009481428183,0.13857925665695472,1.175128197350832
0.19954154364543153,0.43859257171876126,-0.49503710095617737,-0.018524554223201147,-0.927006235271337,-0.30499616151578607,0.2017706043594143,-0.9352358369846465,-0.3484087615153897,-0.4855173426180505,-0.3755740425901297,-1.0692242939579217,0.6826446597741528,-0.07083153689322244,-0.25412984039121017,0.5489504568174953,-0.7519044492395034,-0.37056820514264965,-0.017734428018947535,-0.292018828949762,1.011533346115029,0.46540033988152224,0.553818278488548,-0.37617157333221934,0.13484814248350074,0.3824635426510757,-0.21839740312078984,-0.04564342931687734,0.8053979826648258,0.3149227272121651,-0.2805813249320663,0.13390223581778318,-0.1572310460301458,-0.5944212128605235,0.791050900636481,-0.45103486882696,-0.1588202327964777,0.2770119279452995,0.4933325530760163,-1.046598856387155,0.1415613835757408,1.288077050369125,-0.12889476936527625,-0.0956872513981249,-0.28678696235973444
0.006243253239903202,-0.45529082427245693,-0.18618809543840406,0.5159841713433186,1.4475296523613774,-0.49563039076150495,0.2454212664140157,-0.04090470976275669,-0.1960171283990235,0.8942227795045962,0.0893916914367133,0.7932295028259221,-0.07083153689322244,0.569019675540393,-0.27699806854476905,-0.8413708019121363,0.09796550185842003,0.09438237915345045,0.3054579700080302,0.28350563005120943,-0.5046372350589129,-1.1144514426257615,-0.5619675909913252,-0.0036648131401727604,0.06537874807595095,0.6830047139955256,0.6476295266337951,0.16657920701957243,-0.7148110383801453,-0.07539276862813309,1.105222236794144,-0.4455180103941242,0.16811661932495528,-0.23217820775016057,-1.1897643740586945,0.43147142168490105,-0.36025454044683536,-0.40058114725789046,-0.1896707934107663,0.43920721707125665,-0.24517308671512839,-0.28069414459004827,-0.052814314361592035,0.276968488451933,0.19781418355641545
-0.02252240844639647,-1.5635847262987537,0.4970158547549274,-0.003757925100763247,-0.4940401108310744,0.1785267176069601,-2.0214249307222474,0.7281215983639757,-0.9748367019310206,0.29140982877104366,0.6910507717538352,0.9183215930735307,-0.25412984039121017,-0.27699806854476905,1.6952796130984347,-0.15595212897373714,2.936359903342155,-0.06820432624753249,0.30506844544833295,0.8601681491156713,-0.03147834892013103,2.6653641883634784,-0.23442955724081732,0.9160412616249944,0.17075819672934872,-0.8527508774606731,-0.44910668777265167,-0.019935587753445998,-0.5896456849718945,-1.494038649107892,0.025873735208087473,0.3724717617688686,-0.48664136577033923,0.6317555641385288,-0.08676244930179153,-0.5502254132310257,0.6196260066394423,0.3575823835814449,-1.1497053427513038,1.2580877457947457,-0.5076946797544799,-2.262142262737666,-0.042970623034225185,-0.5749409264943838,0.9534003371565019
-0.10142089284402019,1.4241944898723464,-0.15927821603665523,-0.9989598104035569,-3.0111067452183047,0.6260520684453903,0.20542940133318288,-0.6317517378243158,0.08071665741204882,-1.8578319117160995,-0.6044280575407013,-2.2313181409015654,0.5489504568174953,-0.8413708019121363,-0.15595212897373714,2.016394323176587,-1.3012160645885353,-0.4872740505666934,-0.5515676839154946,-0.8771560171899689,1.4978607141650513,1.6836822073167044,1.3234400967856335,-0.5479974674378819,-0.36767437797862085,-0.8394942775473764,-1.2002144010169375,-0.13873241200962885,1.8707796403709853,0.6316952358224831,-1.9165838169498175,0.9020871264382999,-0.0868997992641687,-0.127372584725046,2.6126844280127477,-1.0371463741839482,0.6057756112810054,0.8070654629523258,0.7591596895654585,-1.6999370809194974,0.6231323136105865,1.8998714425271754,0.129457679856122,-0.24810722168093818,-0.6369544968946249
-0.16801744771093438,-3.525187831820734,0.8836304557069512,0.4778040722785846,0.7806564209707059,-0.06594372312108743,-3.6372068395675297,1.6336485980006281,-2.008192138582167,1.6161339242648989,1.4922942506286079,2.7771723444316763,-0.7519044492395034,0.09796550185842003,2.936359903342155,-1.3012160645885353,5.902321358768263,0.04389117630367543,0.9160951283151384,1.9788051802327853,-0.8842490638587022,3.8041864423001965,-1.1916760991707052,1.7953107613479948,0.2733013954321406,-1.0182448517635188,-0.14759929002242683,0.16699724792695292,-2.0999343739469305,-2.9923860604667087,1.291188429704241,0.2669035009183123,-0.637522877077537,1.095415581576979,-1.5581645579997,-0.5063775209768431,0.9208581478832489,0.19818066100682064,-2.517459513999453,3.0901414630836825,-1.2178177831538415,-4.896604269078025,-0.07086627395851586,-0.7297540807794917,2.1115849161302216
-0.014011731233087384,-0.10745762489839177,0.23923046266406553,0.1201120728777347,0.8353850806129395,0.10176081231218193,0.17847386343647084,0.44385948030086836,0.45503067979419726,0.33508088740200626,0.1692131369948591,0.6328072379309996,-0.37056820514264965,0.09438237915345045,-0.06820432624753249,-0.4872740505666934,0.04389117630367543,0.30126207423043455,-0.026532217291818785,0.09818550767534164,-0.6700784628850202,-0.8383456443781934,-0.3510337262433465,0.1553690825199139,0.03596740369809928,-0.003754063060243806,0.2964357271727458,-0.02362469835852925,-0.48772126595872295,0.024748217808438805,0.21998614352728998,-0.2537099820766727,0.09363495834989306,0.2648421687206764,-0.6441717770871457,0.47211271034863267,-0.13787655689866984,-0.27994856075081165,-0.1059455020632173,0.5286398120603412,-0.04837141339414457,-0.5514722187383295,0.031151635436991603,0.09864872078414505,0.01721709613259569
0.013601429037116352,-0.7581071136736087,-0.055296657997501726,0.3507618861207268,0.6981216158710725,-0.3415706155623301,-0.4591782875381923,0.05742237912308445,-0.536225053844805,0.6503367506020142,0.22362726179232556,0.6649217804009301,-0.017734428018947535,0.3054579700080302,0.30506844544833295,-0.5515676839154946,0.9160951283151384,-0.026532217291818785,0.31964623199419867,0.42991419721024876,-0.19906409737390796,0.1765594163466521,-0.3846392148149062,0.22497478167402674,0.10749547658180203,0.2708651966584334,0.26904518588042425,0.10929843291962625,-0.5690085958433906,-0.49192101290680135,0.7523768194106122,-0.15723721756765927,-0.052323135330097865,-0.06608146980203881,-0.7254024041262833,0.03817135541304633,-0.061687515101171445,-0.11645897004546776,-0.43098870967416236,0.5378236051764166,-0.3096713154884109,-0.7150077273877492,-0.06741366171515216,0.0018723765462700524,0.41128595569611803
-0.003078293771981293,-1.3871897903886738,0.22622376739058558,0.4322508973749673,0.9985295392573784,-0.25444061408256247,-1.0743019322430085,0.5277031989514235,-0.674559882542752,0.9603207378809172,0.5533445954432311,1.3415398381347214,-0.292018828949762,0.28350563005120943,0.8601681491156713,-0.8771560171899689,1.9788051802327853,0.09818550767534164,0.42991419721024876,0.797505938205194,-0.5582182809806807,0.6599894650065647,-0.665272024850539,0.6234955369896537,0.1833457397964747,-0.004216084353253765,0.2844582400769223,0.10373486896169279,-1.0462408095989197,-1.0135639169094186,0.9249027742752951,-0.16915842896153196,-0.1697093905468368,0.27703479734524233,-1.1274843041698013,0.09085959262755484,0.07584339264395748,-0.14473759775294026,-0.9027154578410104,1.2637490498327089,-0.527150912532965,-1.795921490922508,-0.06791331852420579,-0.13818905087396394,0.768448119261855
0.19897122067768017,0.8296654727012172,-0.568054823856324,-0.44856961096338316,-2.5148213650224682,-0.06436025933622191,-0.07152096666457229,-1.2607812534748652,-0.5783665295739558,-1.3299898162914714,-0.5749330456552534,-2.0663231632314463,1.011533346115029,-0.5046372350589129,-0.03147834892013103,1.4978607141650513,-0.8842490638587022,-0.6700784628850202,-0.19906409737390796,-0.5582182809806807,1.8642684609304914,1.8193797675027092,1.1940353800705077,-0.5051845122703025,0.046440451108981755,-0.06666854427144603,-0.8675378752698922,-0.12143883316736274,1.6619759933859708,0.35418033881955496,-1.1616919255138376,0.6203769977602304,-0.32883124179438494,-0.646934519191679,2.061772895922703,-1.1005957657500007,0.18716674465816197,0.752982360168645,0.6951952452347799,-1.7457923840890037,0.3351745386143111,1.9215730921721368,-0.1121211767621891,-0.34133919830646803,-0.43246336046520595
-0.0955609308321281,-1.4158185525768971,0.3633460640150398,-0.8252144838837527,-3.8739648975884804,0.5544162549967329,-3.34445218652925,0.15570589863460937,-2.128905026569217,-1.1849683161902131,0.4813826545186224,-0.8935736920553475,0.46540033988152224,-1.1144514426257615,2.6653641883634784,1.6836822073167044,3.8041864423001965,-0.8383456443781934,0.1765594163466521,0.6599894650065647,1.8193797675027092,6.4856653190618845,0.9529908031900532,0.8829501829268315,-0.013640882692445233,-1.8634626030559285,-1.8957228781297482,-0.10304513681774242,0.9103833604247804,-2.001254212613574,-1.4932849363139795,1.5345438183699283,-0.9445366219037825,0.5364143818520141,2.4467274545083564,-2.192445727276907,1.5740219847270478,1.473085961454784,-1.1788213447037053,0.15883750679656325,-0.319306605353663,-1.6157630493212436,-0.02950034846285663,-1.2033986031347934,1.0861554386029562
0.07783220732171112,1.085105864936376,-0.2390814092230886,-0.5772666789760714,-2.040190807952531,0.29018923468374086,0.29541362931782,-0.7014822204442305,0.11939479622747336,-1.3072381122131316,-0.492129772227509,-1.7075792029194896,0.553818278488548,-0.5619675909913252,-0.23442955724081732,1.3234400967856335,-1.1916760991707052,-0.3510337262433465,-0.3846392148149062,-0.665272024850539,1.1940353800705077,0.9529908031900532,0.99078023164639,-0.4512432888975839,-0.08563565817413303,-0.32482804772934953,-0.7444275393210735,-0.15960901793262108,1.3996850329035733,0.5797144954960228,-1.3158515457312876,0.5109208306101816,-0.13718583902555545,-0.26841507447593554,1.7964195094617128,-0.6683600422219877,0.20259628600040863,0.5350614825539196,0.7203640487365834,-1.3965084465039819,0.45005605896561146,1.6135329177478646,0.006041017383704969,-0.20147255320621804,-0.5662577423795155
-0.014085195995052424,-1.081438227818555,0.3997898794747965,0.17009595633641122,0.47255145572986695,0.06841374779434559,-1.0553333978816832,0.681215976356778,-0.3473057065181618,0.5405441972176969,0.5286605001301938,1.0613962371067025,-0.37617157333221934,-0.0036648131401727604,0.9160412616249944,-0.5479974674378819,1.7953107613479948,0.1553690825199139,0.22497478167402674,0.6234955369896537,-0.5051845122703025,0.8829501829268315,-0.4512432888975839,0.637303372333632,0.14520707704674615,-0.37066779701867963,0.031547763644991116,-2.677542549803973e-4,-0.7744303836724433,-0.8884616064201162,0.3531235999540219,-0.015072703955399157,-0.20812888830433787,0.4816835093931918,-0.656373335828997,0.03431785964552672,0.21207210045953281,-0.027664687122105867,-0.7765377789201989,1.1379860195346494,-0.3757205937165889,-1.7226171239739279,-0.021603195088274678,-0.23600261589040653,0.6130672500310123
0.23989164895849266,-0.3185905542980287,-0.06640743155443113,0.28849597619977735,0.32672936369001887,-0.24351713206428657,-0.17979179794426534,-0.1714547608722658,-0.07415097408388656,0.2324211032124096,0.0982848939891874,0.21795533683527848,0.13484814248350074,0.06537874807595095,0.17075819672934872,-0.36767437797862085,0.2733013954321406,0.03596740369809928,0.10749547658180203,0.1833457397964747,0.046440451108981755,-0.013640882692445233,-0.08563565817413303,0.14520707704674615,0.33702065934886727,0.2964382456515077,0.18254837505702798,-0.08665910152718896,-0.16993784831920947,-0.14761240933581463,0.2276027839934505,-0.21224601346717503,-0.2101132531466383,-0.11114709238230139,-0.34906301357043773,0.10213763127124652,-0.28323043880428705,-0.06321649171106113,-0.02149271934231766,0.1311406434669286,-0.14728812630715582,-0.22999078117423533,-0.14890895844668417,-0.13551140874790132,0.06422161233427626
0.2571824106643011,0.03909773720557335,-0.5996197746089956,0.7100438418201698,1.4827024729407188,-0.8462366563802481,0.8969131929909759,-0.7789659753394076,-0.04907478833798636,0.7670311925067738,-0.22838997638175357,0.19328720244438943,0.3824635426510757,0.6830047139955256,-0.8527508774606731,-0.8394942775473764,-1.0182448517635188,-0.003754063060243806,0.2708651966584334,-0.004216084353253765,-0.06666854427144603,-1.8634626030559285,-0.32482804772934953,-0.37066779701867963,0.2964382456515077,1.346861619650261,0.8463859599178484,0.09089187152160495,-0.3198811112832252,0.46495858913828575,1.1458461112928557,-0.6678933577357516,0.13249285401743574,-0.770312502808811,-1.0875416861621405,0.5153855888531775,-0.8342738513151766,-0.46040991399326253,0.3934212480611716,-0.32475954270680896,-0.11138343366136383,0.8517858223665158,-0.19416891558426855,0.34584027162684705,-0.20043159484203585
0.08508893264811634,-0.41162938777077307,-0.10988381327449351,0.6599400362431386,2.047887163124494,-0.5069545173783203,0.5265530291045909,0.08724953576582029,0.19359309856010146,1.0894781182744941,0.13863023381435194,1.099577077199795,-0.21839740312078984,0.6476295266337951,-0.44910668777265167,-1.2002144010169375,-0.14759929002242683,0.2964357271727458,0.26904518588042425,0.2844582400769223,-0.8675378752698922,-1.8957228781297482,-0.7444275393210735,0.031547763644991116,0.18254837505702798,0.8463859599178484,0.9103828979518813,0.11272693417470814,-0.9588571084333788,0.07733044047505451,1.2456338797686055,-0.6955193758547803,0.20149547241471721,-0.16909608763348968,-1.6240347973410596,0.799748559120223,-0.5990375941195805,-0.6152053999696567,-0.10863943431338094,0.6297745944184648,-0.24944713771011,-0.4077070377141287,-0.07802577960483978,0.3428794251412034,0.10024219701860669
-0.08141094636683381,-0.17839201166812924,-0.04420283964497775,0.08511644689625239,0.29754038975791774,-0.1098968434320639,-0.02462832402979561,0.03913544351661638,-0.1939678602376927,0.2455005015291232,0.031462853929240905,0.22855762732271462,-0.04564342931687734,0.16657920701957243,-0.019935587753445998,-0.13873241200962885,0.16699724792695292,-0.02362469835852925,0.10929843291962625,0.10373486896169279,-0.12143883316736274,-0.10304513681774242,-0.15960901793262108,-2.677542549803973e-4,-0.08665910152718896,0.09089187152160495,0.11272693417470814,0.1013884681602968,-0.19635639817631448,-0.10172300257570674,0.32641316680671695,-0.03604375567028365,0.0871664255856179,-0.034663483422613564,-0.263958533587704,0.02243473368322609,0.0274290257421101,-0.06730711870269535,-0.14802392134295944,0.15722350023798867,-0.0818927354677683,-0.13381815476284956,0.024966613731673602,0.09689394967332463,0.12955118015968553
0.09585171105148957,1.7308509235075535,-0.42098711044409876,-0.7961518393553527,-2.737329707678914,0.35957249713153067,0.7243985017435335,-1.0902482899539698,0.27984050065544286,-1.8377874369524891,-0.7936670062459614,-2.4880796829322906,0.8053979826648258,-0.7148110383801453,-0.5896456849718945,1.8707796403709853,-2.0999343739469305,-0.48772126595872295,-0.5690085958433906,-1.0462408095989197,1.6619759933859708,0.9103833604247804,1.3996850329035733,-0.7744303836724433,-0.16993784831920947,-0.3198811112832252,-0.9588571084333788,-0.19635639817631448,2.02734971759932,1.0235534228250103,-1.7909089997267607,0.6549595405281259,-0.10183982910664037,-0.474269923765163,2.4859339809642327,-0.8516970858707897,0.19813655660413093,0.6856102099409733,1.154677338461326,-2.1201643318162495,0.691818774110133,2.5898716558509487,0.023267062240971744,-0.17550043238908908,-0.9167612222630132
0.07014834269914115,1.8125899014281581,-0.3869225528253517,-0.26961443080615194,-0.3557605564257701,0.09812315913401458,1.86152880706592,-0.7332601955738424,1.1173090224889448,-0.8265398188403411,-0.7337931186784814,-1.3674953017462275,0.3149227272121651,-0.07539276862813309,-1.494038649107892,0.6316952358224831,-2.9923860604667087,0.024748217808438805,-0.49192101290680135,-1.0135639169094186,0.35418033881955496,-2.001254212613574,0.5797144954960228,-0.8884616064201162,-0.14761240933581463,0.46495858913828575,0.07733044047505451,-0.10172300257570674,1.0235534228250103,1.5331302867112726,-0.700377062833703,-0.13993363500988948,0.33987822431061765,-0.49204329451487633,0.7728427348860848,0.30918719154536645,-0.4547428081655914,-0.12188519580421664,1.2755653860254645,-1.5105965078115309,0.6364735389397053,2.408612235408023,0.04995589426501141,0.3751466095782004,-1.0828144653528655
0.018508490808790065,-1.5485916516772824,-0.18017338239517322,1.1119453121090368,2.9900602139751187,-0.9736826038951693,-0.20349931991399897,0.2296862220700908,-0.6966716215100136,2.0378325776459576,0.46626309872749555,2.080176307763423,-0.2805813249320663,1.105222236794144,0.025873735208087473,-1.9165838169498175,1.291188429704241,0.21998614352728998,0.7523768194106122,0.9249027742752951,-1.1616919255138376,-1.4932849363139795,-1.3158515457312876,0.3531235999540219,0.2276027839934505,1.1458461112928557,1.2456338797686055,0.32641316680671695,-1.7909089997267607,-0.700377062833703,2.367018931234105,-0.8462908755285212,0.17587097337434135,-0.2333531837779185,-2.63337603857665,0.7825744590381889,-0.5693742633619582,-0.7523430774405487,-0.8221950388439143,1.450298708709405,-0.7061480009800086,-1.492835580575508,-0.1319453485273681,0.3766117640298769,0.7624580445871981
-0.133711107955879,0.22476332597275112,0.08566088403559725,-0.5100867243514531,-1.5228823286299094,0.37678350105982505,-0.4756866523488995,-0.011180915827302731,-0.2738447417595472,-0.7537511231088043,-0.08272356789163333,-0.7673040497919256,0.13390223581778318,-0.4455180103941242,0.3724717617688686,0.9020871264382999,0.2669035009183123,-0.2537099820766727,-0.15723721756765927,-0.16915842896153196,0.6203769977602304,1.5345438183699283,0.5109208306101816,-0.015072703955399157,-0.21224601346717503,-0.6678933577357516,-0.6955193758547803,-0.03604375567028365,0.6549595405281259,-0.13993363500988948,-0.8462908755285212,0.5672966951152125,-0.10722642206503907,0.13747544518574686,1.1933829436947734,-0.6501705720735063,0.5344628008772406,0.4707771397064532,-0.012805415129754893,-0.40589409740871774,0.16155009243045257,0.21558924243855393,0.0852650433338266,-0.22649494267716963,0.0066651685827874944
-0.14836956043535904,0.33180470102849957,-0.02281057910729462,-0.022998593762184803,0.4550797143001746,0.032515894663360224,0.5659096068642244,0.09397841481471608,0.29129976667943763,0.11073291738867264,-0.11140411635677105,0.06070983509138625,-0.1572310460301458,0.16811661932495528,-0.48664136577033923,-0.0868997992641687,-0.637522877077537,0.09363495834989306,-0.052323135330097865,-0.1697093905468368,-0.32883124179438494,-0.9445366219037825,-0.13718583902555545,-0.20812888830433787,-0.2101132531466383,0.13249285401743574,0.20149547241471721,0.0871664255856179,-0.10183982910664037,0.33987822431061765,0.17587097337434135,-0.10722642206503907,0.28283848055541116,-0.027150238620510376,-0.22316617089968704,0.2620447616139673,-0.05455365090615603,-0.195372031700262,0.1420469289047512,-0.054901076893849425,0.10995522856981915,0.316046466566557,0.0937595553239628,0.2767991366309722,-0.15318134856598836
-0.17150310423906437,-0.4478707582154908,0.5866503541350082,-0.20379016941651693,0.08415402684448506,0.5010203519079436,-0.6213303110839775,0.9355739414878445,0.21759631124383724,0.0778580134541587,0.39957591970173983,0.7367578592497694,-0.5944212128605235,-0.23217820775016057,0.6317555641385288,-0.127372584725046,1.095415581576979,0.2648421687206764,-0.06608146980203881,0.27703479734524233,-0.646934519191679,0.5364143818520141,-0.26841507447593554,0.4816835093931918,-0.11114709238230139,-0.770312502808811,-0.16909608763348968,-0.034663483422613564,-0.474269923765163,-0.49204329451487633,-0.2333531837779185,0.13747544518574686,-0.027150238620510376,0.7190082483273786,-0.18145354232740118,0.10620081142070541,0.3917988477265186,-0.002676404631229284,-0.5373431606059516,0.9231848026806142,-0.1059460291863581,-1.365541391656326,0.12475728152983108,-0.13869593742539582,0.3212051340569156
-0.0469227063245857,1.8158787138802535,-0.18975285502457548,-1.2986323559637114,-4.093974132247257,0.8269172998957302,0.11621114745493996,-0.8687032822673401,0.10186510027136703,-2.5002092305375165,-0.7570233557433714,-3.0192959725731487,0.791050900636481,-1.1897643740586945,-0.08676244930179153,2.6126844280127477,-1.5581645579997,-0.6441717770871457,-0.7254024041262833,-1.1274843041698013,2.061772895922703,2.4467274545083564,1.7964195094617128,-0.656373335828997,-0.34906301357043773,-1.0875416861621405,-1.6240347973410596,-0.263958533587704,2.4859339809642327,0.7728427348860848,-2.63337603857665,1.1933829436947734,-0.22316617089968704,-0.18145354232740118,3.527384011470775,-1.4069928074800586,0.7580319133211381,1.1093227156081134,1.0295798609919717,-2.2669752223331803,0.8166644039778105,2.4271037397139956,0.11460422292491045,-0.4333123480920752,-0.8362003707147592
0.03582046789271381,-0.04136720805813072,0.12749736945275267,0.427979662062196,1.895627996324511,-0.14816630611157114,0.7604068115532273,0.3924500153546492,0.7478438620321046,0.795588555443236,0.1307000692906921,1.0198337598970784,-0.45103486882696,0.43147142168490105,-0.5502254132310257,-1.0371463741839482,-0.5063775209768431,0.47211271034863267,0.03817135541304633,0.09085959262755484,-1.1005957657500007,-2.192445727276907,-0.6683600422219877,0.03431785964552672,0.10213763127124652,0.5153855888531775,0.799748559120223,0.02243473368322609,-0.8516970858707897,0.30918719154536645,0.7825744590381889,-0.6501705720735063,0.2620447616139673,0.10620081142070541,-1.4069928074800586,0.9620942008150319,-0.527131407519715,-0.634845889264019,0.03178807510083441,0.6429764422352864,-0.07952380043980965,-0.4033402232769189,0.002526519209064779,0.34764650444245465,-0.09837615229956043
-0.24776346876574443,-0.1833788361723681,0.2899619544955886,-0.4560877578070581,-1.076491952923085,0.4448149632597361,-0.7639016805664893,0.41761522064923895,-0.34478223345496006,-0.4180403310836112,0.13918570854685897,-0.17478916056425725,-0.1588202327964777,-0.36025454044683536,0.6196260066394423,0.6057756112810054,0.9208581478832489,-0.13787655689866984,-0.061687515101171445,0.07584339264395748,0.18716674465816197,1.5740219847270478,0.20259628600040863,0.21207210045953281,-0.28323043880428705,-0.8342738513151766,-0.5990375941195805,0.0274290257421101,0.19813655660413093,-0.4547428081655914,-0.5693742633619582,0.5344628008772406,-0.05455365090615603,0.3917988477265186,0.7580319133211381,-0.527131407519715,0.6630563690338445,0.3696022946651378,-0.37876811767434215,0.17668323329381255,0.018384237882008266,-0.5446145044121602,0.1377980372659513,-0.19966337549341406,0.2719920618714468
-0.008668641900267553,0.17791077375161002,-0.02441510656465886,-0.37651400072468766,-1.4442242048868192,0.21668935891779117,-0.45497700591275153,-0.22220818349436045,-0.32592362647045386,-0.700502825340679,-0.1075384729437182,-0.8025824660053428,0.2770119279452995,-0.40058114725789046,0.3575823835814449,0.8070654629523258,0.19818066100682064,-0.27994856075081165,-0.11645897004546776,-0.14473759775294026,0.752982360168645,1.473085961454784,0.5350614825539196,-0.027664687122105867,-0.06321649171106113,-0.46040991399326253,-0.6152053999696567,-0.06730711870269535,0.6856102099409733,-0.12188519580421664,-0.7523430774405487,0.4707771397064532,-0.195372031700262,-0.002676404631229284,1.1093227156081134,-0.634845889264019,0.3696022946651378,0.45687315644557974,0.0619719784735021,-0.4995038189900152,0.12167088180223008,0.33780722915920147,0.00933461418666141,-0.2690052407687297,-0.023645299943542596
0.158464308281299,1.578775292297873,-0.4224795986732783,-0.2710285905412499,-0.8028297450152239,0.044455168409142,1.4187962872800841,-0.8748451479223621,0.7912113267107027,-0.9344184201140875,-0.6831964636183026,-1.5208186550877154,0.4933325530760163,-0.1896707934107663,-1.1497053427513038,0.7591596895654585,-2.517459513999453,-0.1059455020632173,-0.43098870967416236,-0.9027154578410104,0.6951952452347799,-1.1788213447037053,0.7203640487365834,-0.7765377789201989,-0.02149271934231766,0.3934212480611716,-0.10863943431338094,-0.14802392134295944,1.154677338461326,1.2755653860254645,-0.8221950388439143,-0.012805415129754893,0.1420469289047512,-0.5373431606059516,1.0295798609919717,0.03178807510083441,-0.37876811767434215,0.0619719784735021,1.1803311016154536,-1.5626763070239769,0.5646604995162846,2.2772545381557863,-0.018366682770615966,0.1779874662311824,-0.9583832353906967
-0.1690543743145269,-2.1203255107232386,0.7681542620005006,0.5928179379034602,2.2788606452736624,-0.03223708403130489,-1.4418426794768884,1.5705462188223644,-0.3961350046016325,1.7009686097056502,1.0524141167194438,2.75746649040588,-1.046598856387155,0.43920721707125665,1.2580877457947457,-1.6999370809194974,3.0901414630836825,0.5286398120603412,0.5378236051764166,1.2637490498327089,-1.7457923840890037,0.15883750679656325,-1.3965084465039819,1.1379860195346494,0.1311406434669286,-0.32475954270680896,0.6297745944184648,0.15722350023798867,-2.1201643318162495,-1.5105965078115309,1.450298708709405,-0.40589409740871774,-0.054901076893849425,0.9231848026806142,-2.2669752223331803,0.6429764422352864,0.17668323329381255,-0.4995038189900152,-1.5626763070239769,2.608324131538683,-0.7879749458451174,-3.4746219376536285,0.03162620235469357,-0.06337641707746741,1.195024981598113
-0.025599455620703176,0.9167745307170413,-0.08211147646221689,-0.34844883519222813,-0.7504593995307525,0.25260315536929673,0.6421233643154587,-0.2525683691014682,0.4793659205514107,-0.6869636691904573,-0.3380111617295743,-0.8876026042627234,0.1415613835757408,-0.24517308671512839,-0.5076946797544799,0.6231323136105865,-1.2178177831538415,-0.04837141339414457,-0.3096713154884109,-0.527150912532965,0.3351745386143111,-0.319306605353663,0.45005605896561146,-0.3757205937165889,-0.14728812630715582,-0.11138343366136383,-0.24944713771011,-0.0818927354677683,0.691818774110133,0.6364735389397053,-0.7061480009800086,0.16155009243045257,0.10995522856981915,-0.1059460291863581,0.8166644039778105,-0.07952380043980965,0.018384237882008266,0.12167088180223008,0.5646604995162846,-0.7879749458451174,0.36447244297094006,1.0898386904011577,0.06466960318251706,0.06900150080691604,-0.4924042246614008
0.20315561903264648,3.077023246304453,-1.1336608999310822,-0.5941380511776814,-2.1347621100812364,-0.12106812961300185,2.639251022084977,-2.1316786526453533,0.8853427514209657,-1.9385014986290623,-1.510247708193484,-3.41971447496463,1.288077050369125,-0.28069414459004827,-2.262142262737666,1.8998714425271754,-4.896604269078025,-0.5514722187383295,-0.7150077273877492,-1.795921490922508,1.9215730921721368,-1.6157630493212436,1.6135329177478646,-1.7226171239739279,-0.22999078117423533,0.8517858223665158,-0.4077070377141287,-0.13381815476284956,2.5898716558509487,2.408612235408023,-1.492835580575508,0.21558924243855393,0.316046466566557,-1.365541391656326,2.4271037397139956,-0.4033402232769189,-0.5446145044121602,0.33780722915920147,2.2772545381557863,-3.4746219376536285,1.0898386904011577,4.9683980455094305,-0.017900624388721146,0.3863838379576774,-1.777595762066536
-0.11304627685535686,0.12627331266390876,0.09415146421050696,-0.14225829651250269,-0.0960683258136733,0.16338040396240194,0.06340004249507471,0.17442380709115832,0.1112267112176751,-0.09543903400090024,-0.007560310887369146,-0.017150009481428183,-0.12889476936527625,-0.052814314361592035,-0.042970623034225185,0.129457679856122,-0.07086627395851586,0.031151635436991603,-0.06741366171515216,-0.06791331852420579,-0.1121211767621891,-0.02950034846285663,0.006041017383704969,-0.021603195088274678,-0.14890895844668417,-0.19416891558426855,-0.07802577960483978,0.024966613731673602,0.023267062240971744,0.04995589426501141,-0.1319453485273681,0.0852650433338266,0.0937595553239628,0.12475728152983108,0.11460422292491045,0.002526519209064779,0.1377980372659513,0.00933461418666141,-0.018366682770615966,0.03162620235469357,0.06466960318251706,-0.017900624388721146,0.07648401489603669,0.05257237196325397,-0.02138072933153873
-0.08794264026329472,0.2834355881227596,-0.11138362571795463,0.113021593625816,0.7144831916509614,-0.11712422011057921,0.6620904852310915,-0.026182151155028602,0.2674489246840764,0.25704059592272105,-0.12686840351841544,0.13857925665695472,-0.0956872513981249,0.276968488451933,-0.5749409264943838,-0.24810722168093818,-0.7297540807794917,0.09864872078414505,0.0018723765462700524,-0.13818905087396394,-0.34133919830646803,-1.2033986031347934,-0.20147255320621804,-0.23600261589040653,-0.13551140874790132,0.34584027162684705,0.3428794251412034,0.09689394967332463,-0.17550043238908908,0.3751466095782004,0.3766117640298769,-0.22649494267716963,0.2767991366309722,-0.13869593742539582,-0.4333123480920752,0.34764650444245465,-0.19966337549341406,-0.2690052407687297,0.1779874662311824,-0.06337641707746741,0.06900150080691604,0.3863838379576774,0.05257237196325397,0.310877373842874,-0.16317847295841528
