V1,V2,V3,V4,V5,V6,V7,V8,V9,V10,V11,V12,V13,V14,V15,V16,V17,V18,V19,V20,V21,V22,V23,V24,V25,V26,V27,V28,V29,V30,V31,V32,V33,V34,V35,V36,V37,V38,V39,V40,V41,V42,V43,V44,V45
0.40876380978576116,0.07626092411126635,0.25395448729196307,0.011326864938056893,0.7698093623412445,-0.30275535993042446,-0.15733541805426923,-0.18819886920031037,0.015739224651344086,0.10309373338502857,0.9595644047833912,0.1378750831636464,-0.46765517631488746,0.17931628067342864,-1.1409501980183177,0.13579205502528302,-0.9281174887534928,-0.006171209405976756,-0.4001654323728408,-0.03968729531985326,-0.558880793102003,-0.3076821481484927,0.04235117870256539,0.02934501214460363,-0.29749910568677834,-1.0023509563625659,0.550959147278649,-0.9892995647247393,-0.15874092938506354,-0.5768608663398436,-0.47588541248634886,0.35412888333998155,0.435391162557484,0.19995921054054314,0.8639933417528383,-0.7589862508886074,1.1986720774998683,-0.2726433659834382,1.2867353750018045,-1.2543673111574,1.1337669944707178,-0.0638252407594444,-0.7696149371821063,0.40612086495489796,-0.3508065374705456
0.07626092411126635,0.07385712503404249,-0.02334732891513267,0.08938466465606178,0.11729864341079053,-0.04917367408475883,0.12274182761579949,-0.49456692930495316,0.03054977174469919,-0.0267470709322711,0.23517329168789902,-0.27787802419552265,0.1675663859791729,-0.005798989043075165,-0.24708872802853465,-0.18905197672120794,-0.32269104058653136,0.06123489783295624,0.18461916857053945,-0.437312862201557,-0.45568512365196595,0.08212211137834814,0.1748920740082803,0.016688118237449923,-0.13661755765290273,0.13178365284400845,-0.11506774744994393,-0.0036536957547201477,0.24567293121670677,0.07801871082506362,0.019268410732200703,0.12103653664791694,-0.1424959476636851,-0.27985365613161467,0.41011597783015963,0.23853711040685271,0.22692985685608866,-0.28423159005528953,0.27292450167689924,-0.24500494107453008,0.40864358858734356,-0.46901574935420504,-0.014225137150808413,0.18380633629876608,-0.32466805730562215
0.25395448729196307,-0.02334732891513267,0.26379249067585137,-0.1380667444367812,0.5501901882053911,-0.19985871322730683,-0.3244893156890958,0.5481569702625003,-0.037163620538731186,0.11466319188561122,0.5275413309347798,0.5640299561335016,-0.6688810147372467,0.1529762277033004,-0.6938392160255694,0.4256699219252961,-0.362453272766854,-0.08530473323535213,-0.6422480792271139,0.5906053623921507,0.14605234153377117,-0.3783012456903748,-0.2218843047964363,-8.995616807134898e-4,-0.07585245589199653,-1.1239512447422704,0.6623142983354943,-0.901218610183475,-0.4991611820552758,-0.6293051725174018,-0.472572849681028,0.1388206218986349,0.5913161802277633,0.5829907441874791,0.18430286454736672,-1.0554119992479547,0.7614309263263405,0.14943890735925539,0.7962731525233819,-0.7906072376228044,0.43026439694313323,0.646394873642415,-0.6830154894611903,0.10764150167725424,0.1556685252084629
0.011326864938056893,0.08938466465606178,-0.1380667444367812,0.2268723259665211,-0.12572418163008,-0.002252077972083661,0.32171471734591617,-0.9137328477866337,0.08677227021673928,-0.041893505228741704,0.0972915072818936,-0.6977094394285773,0.5122791357961362,-0.03670431587477518,-0.0065616359768653244,-0.5052698539203312,-0.2974452050873964,0.09349068755226232,0.5615380726596346,-0.8364773306912632,-0.6718487090228512,0.23081777189087843,0.3314143419531084,0.026065811679016372,-0.13583431622049802,0.6989797023595505,-0.45287404451039304,0.416316495726012,0.5405565893672354,0.3674965347307422,0.2597324377405028,0.12346046425846181,-0.42729596557879096,-0.6208621918672541,0.4958142199684553,0.8092603741521159,-0.024730428024258858,-0.442023554855991,-0.02166715618429372,0.03138330560355481,0.3974168845698173,-0.9737852170825475,0.2946640917283644,0.1894444972742461,-0.5179016225002661
0.7698093623412445,0.11729864341079053,0.5501901882053911,-0.12572418163008,1.5956210497853793,-0.5714325725513074,-0.4699609388261096,0.06428216266406873,-0.034574787469906845,0.1860608882552904,1.8179855756284564,0.6607236204085396,-1.1454695543378233,0.34078066482030644,-2.2480981047227804,0.558063201277217,-1.652931656248616,-0.030925490643039847,-1.0770035179254145,0.30674626668468696,-0.7793617144915105,-0.6716103297375865,-0.06972983070656219,0.03441435548355188,-0.5273298439501722,-2.3057398898004893,1.2948867350830642,-2.1463654242315253,-0.5569373060827655,-1.2846347748160294,-1.0708970071772779,0.6116928543762391,1.0311834410946645,0.6712513479954768,1.4344181508658769,-1.8808023958072984,2.339828770220299,-0.3291624425469703,2.5463203147739693,-2.48057329361247,1.9929679537710412,0.3854453619757648,-1.6476309990725493,0.7147938487649439,-0.43180841638191525
-0.30275535993042446,-0.04917367408475883,-0.19985871322730683,-0.002252077972083661,-0.5714325725513074,0.24091283270382322,0.12703102818898052,0.0859095444025403,-0.020576485037336466,-0.09486673065027786,-0.7070840284235244,-0.13873934261544477,0.3868174078351242,-0.14699527579113666,0.856334544118642,-0.12342625459043022,0.6641941109394428,0.01621005594930726,0.3320068008397008,-0.02864859241090203,0.3734276541768085,0.2531300464856455,0.004154541455355732,-0.004091351826364741,0.19520323239523032,0.7934205394997627,-0.42085586303001465,0.7387809754789088,0.16668113358367684,0.44713497957108567,0.3621646626864948,-0.2550428939906291,-0.35276442008905595,-0.1945074451376966,-0.6166506070662097,0.6276071187223418,-0.883140697248042,0.19041266868845305,-0.9425459907565982,0.9267662745668135,-0.829841390053464,-0.01269024932383725,0.5742858775209309,-0.28301250773109465,0.2285242757714188
-0.15733541805426923,0.12274182761579949,-0.3244893156890958,0.32171471734591617,-0.4699609388261096,0.12703102818898052,0.5635931668818402,-1.363197706780959,0.11222381697121821,-0.131375182492744,-0.23032777843503532,-1.0991305528626356,0.9916255768458533,-0.14822843101479186,0.4125406996652149,-0.8050857184859567,-0.09038064758584104,0.1690228080717033,1.0126306019748093,-1.3053336304565433,-0.8443210003826713,0.512245593733885,0.5015009314006776,0.016391138049649062,-0.09886440167541316,1.472400387356307,-0.9270870838136261,1.0341107105767333,0.9103171905295306,0.8151563963364863,0.5784544968332608,0.038063706001619256,-0.8605512383764868,-1.0600455235599466,0.4264745896110303,1.5460263042028035,-0.5142813611457291,-0.5970547976216383,-0.5146741132677328,0.5313014109631108,0.1615416836938107,-1.4610267323088157,0.7616471115144418,0.1421916825725129,-0.6683135355274429
-0.18819886920031037,-0.49456692930495316,0.5481569702625003,-0.9137328477866337,0.06428216266406873,0.0859095444025403,-1.363197706780959,4.36130993330425,-0.3123299467665345,0.2851996555695076,-0.9258655412269786,2.9738188698655885,-2.192730503629345,0.18901133207953288,0.6869999049309494,2.0932419682683783,1.8180008066805884,-0.5238952534871566,-2.3194631473399676,3.979350029330509,3.449624651472558,-1.0621815869614197,-1.611766121762655,-0.13551952461467065,0.8635000981014983,-2.6805525807087047,1.786082367716395,-1.3202524281371728,-2.505008815872299,-1.4600790848589196,-0.8889253262415472,-0.692790315071698,1.8406895131451586,2.8513710612698024,-2.7035850051900043,-3.3542950130428815,-0.48293304703027334,2.207958350576152,-0.6757366948754172,0.5836770163168576,-2.321223515430639,4.422363870079655,-0.9273200047210441,-1.1557922852460871,2.5775001047831205
0.015739224651344086,0.03054977174469919,-0.037163620538731186,0.08677227021673928,-0.034574787469906845,-0.020576485037336466,0.11222381697121821,-0.3123299467665345,0.04273540598618351,0.0021383589026651353,0.05485023760597211,-0.24267381235188684,0.15548671882397924,0.0011930047770790438,-0.029824192065340493,-0.17877966455311997,-0.11674519487423057,0.02383141459856759,0.18508031862669158,-0.2771890014053899,-0.23737691542558484,0.060071730240567146,0.10099106118407787,9.830838120535566e-4,-0.0397912238895259,0.21013773489365534,-0.15295697613692305,0.13472791971161757,0.16772029765830546,0.11220367426902882,0.08384540072059185,0.05215798060838862,-0.12974027004175248,-0.1981231292562172,0.1915292329922567,0.24782671180905216,0.014055483932288677,-0.16555811769950696,0.009285430611518545,-0.009778926590533839,0.1706080188959947,-0.3355796836308818,0.0930864794830038,0.06702200174935247,-0.18291256288982127
0.10309373338502857,-0.0267470709322711,0.11466319188561122,-0.041893505228741704,0.1860608882552904,-0.09486673065027786,-0.131375182492744,0.2851996555695076,0.0021383589026651353,0.08109244925599947,0.18545690225622394,0.2333570272052387,-0.30480436498937685,0.08784131228311762,-0.2478263794869183,0.1653689783691281,-0.10881132266469505,-0.05720730912190832,-0.2764483698965859,0.3119907155636642,0.12333291751640281,-0.1915724721119397,-0.12952328123565468,-0.01712364032155367,0.013027524409740894,-0.4654796606897087,0.2687123316849512,-0.33152219805749283,-0.2584636491239137,-0.26916658206651056,-0.17874279690453995,0.047160109497770976,0.26921351040305613,0.28809650241268,0.029568289383208064,-0.4667477136367431,0.2752976402049478,0.09165525488969424,0.26062552264061545,-0.27041636194296753,0.1444081919702812,0.30781394751576074,-0.25661374123562875,0.0024563601168073076,0.1051273530777531
0.9595644047833912,0.23517329168789902,0.5275413309347798,0.0972915072818936,1.8179855756284564,-0.7070840284235244,-0.23032777843503532,-0.9258655412269786,0.05485023760597211,0.18545690225622394,2.3489632554814204,0.0322879836115723,-0.8437919536879761,0.38279863455913565,-2.766436520587123,0.12434041140611045,-2.3650848755434857,0.0610923215304632,-0.7009133151493456,-0.5441668174864169,-1.6955033189817488,-0.5779382672032177,0.2874409589998871,0.07959218112663573,-0.8080563108812565,-2.06507814098134,1.101068689078619,-2.1951268722482,-0.08077935123502125,-1.1802083219660575,-1.0293791782954358,0.8927705083127225,0.8059011981226581,0.14103226136577465,2.317065243556272,-1.4107624568017831,2.852244735369854,-0.8860116021904697,3.104478703606386,-3.0265813024453463,2.8900993844366156,-0.6106860440964148,-1.7074088696278173,1.0959637124383272,-1.1055126576304575
0.1378750831636464,-0.27787802419552265,0.5640299561335016,-0.6977094394285773,0.6607236204085396,-0.13873934261544477,-1.0991305528626356,2.9738188698655885,-0.24267381235188684,0.2333570272052387,0.0322879836115723,2.3120172363732134,-1.89984994049396,0.23042521749451955,-0.3865778089159099,1.667946688877528,0.6401309975126984,-0.34442002709616215,-1.993106570607977,2.7974437436526247,2.040423264400814,-0.9328062734828725,-1.120037170088139,-0.09368323766803162,0.38877759470124024,-2.6807712076449586,1.6829154625794522,-1.688659363780714,-1.9002880825905153,-1.445444551587894,-1.0116762419047347,-0.2630062753631267,1.6040808016617383,2.1681668712504765,-1.3185011432457219,-2.98469134218891,0.5240669264959475,1.361924549109955,0.5016637537127325,-0.5255089888352213,-0.8611163056812143,3.1817043330200496,-1.2344236967375928,-0.5150649279748112,1.5941174652105417
-0.46765517631488746,0.1675663859791729,-0.6688810147372467,0.5122791357961362,-1.1454695543378233,0.3868174078351242,0.9916255768458533,-2.192730503629345,0.15548671882397924,-0.30480436498937685,-0.8437919536879761,-1.89984994049396,1.9086346306245814,-0.3606426399809508,1.2600606657333868,-1.3941579210302797,0.2873009376086102,0.2971126745745147,1.8976315289544072,-2.192623569413729,-1.1478782277618793,1.0307698850247937,0.8592000664211267,0.05246229013296375,-0.0721036342266207,2.957705798466566,-1.7877144694304845,2.150397047701484,1.6515258281161185,1.6398598140858698,1.1853542946602722,-0.10405824263125642,-1.654374602441375,-1.8975971243277936,0.29787619649341174,2.997791536774791,-1.428406157858697,-0.845800762785797,-1.4567927872680801,1.4641086245230774,-0.30321660570305453,-2.431498213248186,1.6145912294252964,0.07453597986638796,-0.9595683228201243
0.17931628067342864,-0.005798989043075165,0.1529762277033004,-0.03670431587477518,0.34078066482030644,-0.14699527579113666,-0.14822843101479186,0.18901133207953288,0.0011930047770790438,0.08784131228311762,0.38279863455913565,0.23042521749451955,-0.3606426399809508,0.1147927639118542,-0.48001695921943166,0.17437609704528859,-0.31284689457276854,-0.04478019536477059,-0.32876965386781576,0.2471076408219293,-0.03215813764297842,-0.22843899924586172,-0.09252311238274681,-0.008266459758930441,-0.06339784531432295,-0.6226719012048603,0.3578922389097869,-0.5150968273421339,-0.24890404574599198,-0.35939537447664477,-0.2630752097550893,0.12096242620813674,0.32504336265732464,0.28360433677777197,0.229826170285212,-0.5645346803601953,0.5120902747169221,0.013778313593339187,0.5238925818705564,-0.528202786414698,0.38567751060191224,0.24361658013614834,-0.39750620910488277,0.1015641125097729,0.0031255347097572253
-1.1409501980183177,-0.24708872802853465,-0.6938392160255694,-0.0065616359768653244,-2.2480981047227804,0.856334544118642,0.4125406996652149,0.6869999049309494,-0.029824192065340493,-0.2478263794869183,-2.766436520587123,-0.3865778089159099,1.2600606657333868,-0.48001695921943166,3.3402939615828156,-0.3961203452143383,2.686678649569341,-0.03483046132220587,1.121317333589168,0.25415412059576953,1.7238479731770693,0.7983819926371389,-0.1675821528778833,-0.05357385834685504,0.8793174880311063,2.8159651000793624,-1.5146560420463877,2.7978513270785923,0.37619431160086414,1.577882788195381,1.3567538760254865,-1.0027074327873948,-1.1576355712029944,-0.46770790238709775,-2.541842651288086,2.103602210895183,-3.4226970249170843,0.8749249359963073,-3.731047594695868,3.6344546097949126,-3.2860269706756595,0.24848399881957337,2.1682933537299798,-1.2118008143673014,1.0767204226563223
0.13579205502528302,-0.18905197672120794,0.4256699219252961,-0.5052698539203312,0.558063201277217,-0.12342625459043022,-0.8050857184859567,2.0932419682683783,-0.17877966455311997,0.1653689783691281,0.12434041140611045,1.667946688877528,-1.3941579210302797,0.17437609704528859,-0.3961203452143383,1.2119202188539857,0.35822196191957334,-0.23954120692527534,-1.4621412817957036,1.977616900681826,1.3896496541699175,-0.6855815009326327,-0.7830328810113342,-0.05834978913825967,0.23357561946658437,-2.013067643284283,1.2607596726651658,-1.3191948203511048,-1.3562905242320098,-1.0865934974528981,-0.7744827758291803,-0.1524180299177638,1.1826358778583055,1.5555518812223583,-0.8476622512358248,-2.19609677826103,0.49852905482123766,0.9419543136217515,0.5000669266643876,-0.5158046233783204,-0.50196572050063,2.2591813045351783,-0.9651964350018981,-0.31449251569310094,1.0951101737599418
-0.9281174887534928,-0.32269104058653136,-0.362453272766854,-0.2974452050873964,-1.652931656248616,0.6641941109394428,-0.09038064758584104,1.8180008066805884,-0.11674519487423057,-0.10881132266469505,-2.3650848755434857,0.6401309975126984,0.2873009376086102,-0.31284689457276854,2.686678649569341,0.35822196191957334,2.585815234211243,-0.17106740031644035,0.12666388896417208,1.3809654213452762,2.3216572607545514,0.2999372235191246,-0.6278727177811163,-0.1093773894372498,0.9367132674269404,1.293145693737891,-0.6236233600464307,1.7271693821200147,-0.4832023105521186,0.7661265396200521,0.7475407971786118,-0.9771497118311856,-0.3346835253596288,0.50241877471188,-2.7285419637257164,0.5431042676636686,-2.733591712617076,1.292671562647061,-3.0020596210158255,2.9088182214757348,-3.171416679022875,1.5493608785934159,1.3677817734980726,-1.2612464460537225,1.588127534769999
-0.006171209405976756,0.06123489783295624,-0.08530473323535213,0.09349068755226232,-0.030925490643039847,0.01621005594930726,0.1690228080717033,-0.5238952534871566,0.02383141459856759,-0.05720730912190832,0.0610923215304632,-0.34442002709616215,0.2971126745745147,-0.04478019536477059,-0.03483046132220587,-0.23954120692527534,-0.17106740031644035,0.07632975128344234,0.2904987450786627,-0.4898748207427196,-0.3964395989682793,0.16259209053460683,0.2000156333022498,0.013370868465366318,-0.09762710930190509,0.37306594217582595,-0.2398336523455666,0.2002491716496754,0.3197370297211873,0.21234743900006559,0.12324692749892216,0.05813400839903231,-0.2564726439736102,-0.3648972489562554,0.27829970603882376,0.44411977506213746,-0.003583184474597537,-0.25436075820088755,0.03094243540755955,-0.015964795471261915,0.2115613925838724,-0.5166004681913015,0.14646701149457825,0.12579559020999198,-0.2938948995222631
-0.4001654323728408,0.18461916857053945,-0.6422480792271139,0.5615380726596346,-1.0770035179254145,0.3320068008397008,1.0126306019748093,-2.3194631473399676,0.18508031862669158,-0.2764483698965859,-0.7009133151493456,-1.993106570607977,1.8976315289544072,-0.32876965386781576,1.121317333589168,-1.4621412817957036,0.12666388896417208,0.2904987450786627,1.928753678035564,-2.288140325090241,-1.294890382375046,0.9960590865343165,0.8959421635210634,0.06602385174070953,-0.12126051732132585,2.907809960671368,-1.7749774395042368,2.0770618993405665,1.6882180588196243,1.598915053110814,1.162557360067101,-0.03044856777895706,-1.6332246814037497,-1.9347235334270152,0.48007628839554806,2.9948578640619865,-1.2672396884634782,-0.9363697734836577,-1.3016844475851723,1.311263605154899,-0.08854727072362222,-2.579483693519087,1.5509210414112882,0.14559996575650105,-1.0699241745885995
-0.03968729531985326,-0.437312862201557,0.5906053623921507,-0.8364773306912632,0.30674626668468696,-0.02864859241090203,-1.3053336304565433,3.979350029330509,-0.2771890014053899,0.3119907155636642,-0.5441668174864169,2.7974437436526247,-2.192623569413729,0.2471076408219293,0.25415412059576953,1.977616900681826,1.3809654213452762,-0.4898748207427196,-2.288140325090241,3.6865831844720858,3.0162302645636743,-1.0959910622687312,-1.491106929213877,-0.13283895861820802,0.7209757934473359,-2.8127913270510945,1.8289470034446702,-1.528233469384156,-2.392770494990629,-1.54206597224225,-0.9747165225974493,-0.5286514866406151,1.8508784326616903,2.7183624320521114,-2.2226167524518416,-3.370929156024734,-0.060608876654344286,1.953314895633055,-0.2172264421498364,0.13760047371004677,-1.7714514036922608,4.08557142118284,-1.0999239016793054,-0.9496641197337716,2.2776469233511834
-0.558880793102003,-0.45568512365196595,0.14605234153377117,-0.6718487090228512,-0.7793617144915105,0.3734276541768085,-0.8443210003826713,3.449624651472558,-0.23737691542558484,0.12333291751640281,-1.6955033189817488,2.040423264400814,-1.1478782277618793,-0.03215813764297842,1.7238479731770693,1.3896496541699175,2.3216572607545514,-0.3964395989682793,-1.294890382375046,3.0162302645636743,3.163797787492624,-0.4889231446472906,-1.2487246444693962,-0.12905908443220315,0.9646830128701117,-0.9325875882974979,0.7500709518223744,0.06821937962344353,-1.7074604364204968,-0.4897722055772052,-0.15177858868005545,-0.8790212469587667,0.9250723796054571,1.9230894860563232,-2.9165851566138365,-1.694514962599692,-1.6162206125716345,1.9378547043083039,-1.872251394472608,1.7645070375939116,-2.9073802133289073,3.340790207221741,0.12258615051672059,-1.296707105401682,2.2873952828157087
-0.3076821481484927,0.08212211137834814,-0.3783012456903748,0.23081777189087843,-0.6716103297375865,0.2531300464856455,0.512245593733885,-1.0621815869614197,0.060071730240567146,-0.1915724721119397,-0.5779382672032177,-0.9328062734828725,1.0307698850247937,-0.22843899924586172,0.7983819926371389,-0.6855815009326327,0.2999372235191246,0.16259209053460683,0.9960590865343165,-1.0959910622687312,-0.4889231446472906,0.5868817299217665,0.42422663562776425,0.0217194905192882,0.0015173326562538997,1.620529452202859,-0.9752569348747073,1.2148130596164708,0.8563319895588342,0.9163784464084319,0.6532234199663653,-0.11778783062636067,-0.9067413149361355,-0.9861597309587563,0.001391934184654069,1.6054293174770624,-0.9028025124090769,-0.38267332990088315,-0.9084574638099143,0.9202210034009731,-0.3476345282899812,-1.176514795820205,0.9191592515283816,-0.019927529962799343,-0.4186853904846791
0.04235117870256539,0.1748920740082803,-0.2218843047964363,0.3314143419531084,-0.06972983070656219,0.004154541455355732,0.5015009314006776,-1.611766121762655,0.10099106118407787,-0.12952328123565468,0.2874409589998871,-1.120037170088139,0.8592000664211267,-0.09252311238274681,-0.1675821528778833,-0.7830328810113342,-0.6278727177811163,0.2000156333022498,0.8959421635210634,-1.491106929213877,-1.2487246444693962,0.42422663562776425,0.6235568079254042,0.07350974831356556,-0.3319477702313226,1.0721994572538334,-0.6785122534846877,0.519772058336525,0.9717977999465264,0.5748751996118363,0.35571796999491634,0.23893960869165562,-0.712151509595783,-1.0874790874592712,0.9525542145791717,1.3269546935113898,0.11141898286629247,-0.7855460957447297,0.18104153199471157,-0.1544169790363286,0.7781374716578255,-1.6561516663586382,0.3746245277484092,0.4215623932651594,-0.9430147859331216
0.02934501214460363,0.016688118237449923,-8.995616807134898e-4,0.026065811679016372,0.03441435548355188,-0.004091351826364741,0.016391138049649062,-0.13551952461467065,9.830838120535566e-4,-0.01712364032155367,0.07959218112663573,-0.09368323766803162,0.05246229013296375,-0.008266459758930441,-0.05357385834685504,-0.05834978913825967,-0.1093773894372498,0.013370868465366318,0.06602385174070953,-0.13283895861820802,-0.12905908443220315,0.0217194905192882,0.07350974831356556,0.038383846059374324,-0.07155496132170462,0.038525561471036696,-0.007220357695705483,-0.044811095058049366,0.09766308295275969,0.007110582507755658,-8.460535809491326e-4,0.047328846701927635,-0.028514899244734042,-0.0871706933532298,0.12686770430046918,0.09401952630598577,0.08644164746377428,-0.062212813586583524,0.0963386309267184,-0.09216774387968552,0.11647471697624837,-0.159277392902034,-0.03204049250250914,0.07165248264040001,-0.10128181641195216
-0.29749910568677834,-0.13661755765290273,-0.07585245589199653,-0.13583431622049802,-0.5273298439501722,0.19520323239523032,-0.09886440167541316,0.8635000981014983,-0.0397912238895259,0.013027524409740894,-0.8080563108812565,0.38877759470124024,-0.0721036342266207,-0.06339784531432295,0.8793174880311063,0.23357561946658437,0.9367132674269404,-0.09762710930190509,-0.12126051732132585,0.7209757934473359,0.9646830128701117,0.0015173326562538997,-0.3319477702313226,-0.07155496132170462,0.3896163360881175,0.2268799936497834,-0.09539922775460383,0.4983841172918056,-0.3569847743128926,0.14320784879383175,0.18659266144342945,-0.35446597515376255,0.02239740551047028,0.3683891531201022,-1.0388820426441452,-0.080715440245048245,-0.8989011589448308,0.5432648783420393,-1.0116289330084405,0.9768244121120233,-1.132639261400062,0.7906186613498,0.3910050087172111,-0.49887490684795177,0.6783474094926322
-1.0023509563625659,0.13178365284400845,-1.1239512447422704,0.6989797023595505,-2.3057398898004893,0.7934205394997627,1.472400387356307,-2.6805525807087047,0.21013773489365534,-0.4654796606897087,-2.06507814098134,-2.6807712076449586,2.957705798466566,-0.6226719012048603,2.8159651000793624,-2.013067643284283,1.293145693737891,0.37306594217582595,2.907809960671368,-2.8127913270510945,-0.9325875882974979,1.620529452202859,1.0721994572538334,0.038525561471036696,0.2268799936497834,4.90154797930231,-2.9013710497988674,3.841085876910312,2.301571329939496,2.7136614079877104,2.050076377367771,-0.476528165472976,-2.5861976200641665,-2.6684034022003607,-0.468379680800671,4.695682833380935,-3.069040275220843,-0.8251896107760088,-3.2308657645629464,3.2030347648268798,-1.5082301376581118,-3.1552315376058386,2.8999560586123616,-0.3313923210707125,-0.9061396847308681
0.550959147278649,-0.11506774744994393,0.6623142983354943,-0.45287404451039304,1.2948867350830642,-0.42085586303001465,-0.9270870838136261,1.786082367716395,-0.15295697613692305,0.2687123316849512,1.101068689078619,1.6829154625794522,-1.7877144694304845,0.3578922389097869,-1.5146560420463877,1.2607596726651658,-0.6236233600464307,-0.2398336523455666,-1.7749774395042368,1.8289470034446702,0.7500709518223744,-0.9752569348747073,-0.6785122534846877,-0.007220357695705483,-0.09539922775460383,-2.9013710497988674,1.768648674863649,-2.2676487148428364,-1.4294305521010795,-1.625319144541789,-1.2091672493740753,0.2265104290842803,1.5730310519682618,1.6712651944292685,0.0860533444605544,-2.816627199444379,1.6974105871778815,0.6347714395080843,1.7713790588219702,-1.7693221008982942,0.6815549659574779,2.0400260016586516,-1.7042422991057604,0.12150543566026835,0.6710544343642045
-0.9892995647247393,-0.0036536957547201477,-0.901218610183475,0.416316495726012,-2.1463654242315253,0.7387809754789088,1.0341107105767333,-1.3202524281371728,0.13472791971161757,-0.33152219805749283,-2.1951268722482,-1.688659363780714,2.150397047701484,-0.5150968273421339,2.7978513270785923,-1.3191948203511048,1.7271693821200147,0.2002491716496754,2.0770618993405665,-1.528233469384156,0.06821937962344353,1.2148130596164708,0.519772058336525,-0.044811095058049366,0.4983841172918056,3.841085876910312,-2.2676487148428364,3.296886589223065,1.4228533411183053,2.1541938451827036,1.6863186636507423,-0.6434730982159642,-1.923488602401599,-1.6991984636219777,-1.1802608711588174,3.430861189277785,-3.022410005509336,-0.20371124492181408,-3.230323938968879,3.188534153969675,-2.025469960588702,-1.7212294785537805,2.497613751992847,-0.6548204630495887,-0.13443847049385585
-0.15874092938506354,0.24567293121670677,-0.4991611820552758,0.5405565893672354,-0.5569373060827655,0.16668113358367684,0.9103171905295306,-2.505008815872299,0.16772029765830546,-0.2584636491239137,-0.08077935123502125,-1.9002880825905153,1.6515258281161185,-0.24890404574599198,0.37619431160086414,-1.3562905242320098,-0.4832023105521186,0.3197370297211873,1.6882180588196243,-2.392770494990629,-1.7074604364204968,0.8563319895588342,0.9717977999465264,0.09766308295275969,-0.3569847743128926,2.301571329939496,-1.4294305521010795,1.4228533411183053,1.655956710853376,1.2625337213117818,0.8522115692044201,0.189851371910182,-1.400431190832738,-1.8718777134889348,1.0566970804751123,2.5717732581130264,-0.5015054545133353,-1.1333354768520425,-0.44293616516203027,0.47469764863082314,0.6288533278939665,-2.655010132471935,1.0542037709981151,0.446104401733203,-1.32981446887442
-0.5768608663398436,0.07801871082506362,-0.6293051725174018,0.3674965347307422,-1.2846347748160294,0.44713497957108567,0.8151563963364863,-1.4600790848589196,0.11220367426902882,-0.26916658206651056,-1.1802083219660575,-1.445444551587894,1.6398598140858698,-0.35939537447664477,1.577882788195381,-1.0865934974528981,0.7661265396200521,0.21234743900006559,1.598915053110814,-1.54206597224225,-0.4897722055772052,0.9163784464084319,0.5748751996118363,0.007110582507755658,0.14320784879383175,2.7136614079877104,-1.625319144541789,2.1541938451827036,1.2625337213117818,1.5233782209978386,1.1382970946585869,-0.28667333694495645,-1.446581507422559,-1.4723052779988144,-0.30181146877901954,2.586333248423054,-1.7436221111712726,-0.45626052252440474,-1.8198040214569895,1.8106052575901255,-0.8840841816221898,-1.701038643958324,1.6291910550718012,-0.19946873688068747,-0.4759319944385177
-0.47588541248634886,0.019268410732200703,-0.472572849681028,0.2597324377405028,-1.0708970071772779,0.3621646626864948,0.5784544968332608,-0.8889253262415472,0.08384540072059185,-0.17874279690453995,-1.0293791782954358,-1.0116762419047347,1.1853542946602722,-0.2630752097550893,1.3567538760254865,-0.7744827758291803,0.7475407971786118,0.12324692749892216,1.162557360067101,-0.9747165225974493,-0.15177858868005545,0.6532234199663653,0.35571796999491634,-8.460535809491326e-4,0.18659266144342945,2.050076377367771,-1.2091672493740753,1.6863186636507423,0.8522115692044201,1.1382970946585869,0.8835981906543824,-0.2737467654615748,-1.0436257224156322,-0.9981011081779871,-0.42997823244680095,1.8953632267796943,-1.4625225197033085,-0.21209240801128765,-1.5609119432428777,1.5365066989488845,-0.8739950434821839,-1.1091190803297588,1.2769253858576386,-0.25271910054772867,-0.21181840918976677
0.35412888333998155,0.12103653664791694,0.1388206218986349,0.12346046425846181,0.6116928543762391,-0.2550428939906291,0.038063706001619256,-0.692790315071698,0.05215798060838862,0.047160109497770976,0.8927705083127225,-0.2630062753631267,-0.10405824263125642,0.12096242620813674,-1.0027074327873948,-0.1524180299177638,-0.9771497118311856,0.05813400839903231,-0.03044856777895706,-0.5286514866406151,-0.8790212469587667,-0.11778783062636067,0.23893960869165562,0.047328846701927635,-0.35446597515376255,-0.476528165472976,0.2265104290842803,-0.6434730982159642,0.189851371910182,-0.28667333694495645,-0.2737467654615748,0.3752569540216126,0.1267254599275547,-0.1947974657177267,1.0371632652394038,-0.18939020278994348,1.0302530779859815,-0.49229905260371987,1.1238031808732718,-1.0907565776894836,1.2039865561168928,-0.6088629780937964,-0.5105153947711483,0.4770214763679231,-0.6063215358302182
0.435391162557484,-0.1424959476636851,0.5913161802277633,-0.42729596557879096,1.0311834410946645,-0.35276442008905595,-0.8605512383764868,1.8406895131451586,-0.12974027004175248,0.26921351040305613,0.8059011981226581,1.6040808016617383,-1.654374602441375,0.32504336265732464,-1.1576355712029944,1.1826358778583055,-0.3346835253596288,-0.2564726439736102,-1.6332246814037497,1.8508784326616903,0.9250723796054571,-0.9067413149361355,-0.712151509595783,-0.028514899244734042,0.02239740551047028,-2.5861976200641665,1.5730310519682618,-1.923488602401599,-1.400431190832738,-1.446581507422559,-1.0436257224156322,0.1267254599275547,1.4483992459884676,1.6215099733785237,-0.16846953100252113,-2.5876526457205644,1.3211538216619465,0.7024775742851009,1.345173003868411,-1.3597510580020165,0.3583806052614684,2.034226077596385,-1.4436000855703415,-0.018926036693207467,0.7756433107716414
0.19995921054054314,-0.27985365613161467,0.5829907441874791,-0.6208621918672541,0.6712513479954768,-0.1945074451376966,-1.0600455235599466,2.8513710612698024,-0.1981231292562172,0.28809650241268,0.14103226136577465,2.1681668712504765,-1.8975971243277936,0.28360433677777197,-0.46770790238709775,1.5555518812223583,0.50241877471188,-0.3648972489562554,-1.9347235334270152,2.7183624320521114,1.9230894860563232,-0.9861597309587563,-1.0874790874592712,-0.0871706933532298,0.3683891531201022,-2.6684034022003607,1.6712651944292685,-1.6991984636219777,-1.8718777134889348,-1.4723052779988144,-0.9981011081779871,-0.1947974657177267,1.6215099733785237,2.1353476845871304,-1.1618990867702563,-2.9460039873386545,0.6349812075384264,1.2922411756344865,0.5738804560140607,-0.6142881797664169,-0.673071921448105,3.010434446249694,-1.2545898582378925,-0.47426708881360674,1.4952146025592057
0.8639933417528383,0.41011597783015963,0.18430286454736672,0.4958142199684553,1.4344181508658769,-0.6166506070662097,0.4264745896110303,-2.7035850051900043,0.1915292329922567,0.029568289383208064,2.317065243556272,-1.3185011432457219,0.29787619649341174,0.229826170285212,-2.541842651288086,-0.8476622512358248,-2.7285419637257164,0.27829970603882376,0.48007628839554806,-2.2226167524518416,-2.9165851566138365,0.001391934184654069,0.9525542145791717,0.12686770430046918,-1.0388820426441452,-0.468379680800671,0.0860533444605544,-1.1802608711588174,1.0566970804751123,-0.30181146877901954,-0.42997823244680095,1.0371632652394038,-0.16846953100252113,-1.1618990867702563,3.091248407691087,0.3646161748664702,2.5242636112623447,-1.7091866613815883,2.8085215302803634,-2.7075607426849078,3.3853711554727144,-2.487037381104513,-0.9629346656629686,1.4041445695714896,-2.0520124057963907
-0.7589862508886074,0.23853711040685271,-1.0554119992479547,0.8092603741521159,-1.8808023958072984,0.6276071187223418,1.5460263042028035,-3.3542950130428815,0.24782671180905216,-0.4667477136367431,-1.4107624568017831,-2.98469134218891,2.997791536774791,-0.5645346803601953,2.103602210895183,-2.19609677826103,0.5431042676636686,0.44411977506213746,2.9948578640619865,-3.370929156024734,-1.694514962599692,1.6054293174770624,1.3269546935113898,0.09401952630598577,-0.080715440245048245,4.695682833380935,-2.816627199444379,3.430861189277785,2.5717732581130264,2.586333248423054,1.8953632267796943,-0.18939020278994348,-2.5876526457205644,-2.9460039873386545,0.3646161748664702,4.736083227964979,-2.340195205153078,-1.2580014065798584,-2.4160631395276146,2.4122931146937803,-0.5936913376767683,-3.7755295851901383,2.578667345208667,0.06629911822139659,-1.442928872667977
1.1986720774998683,0.22692985685608866,0.7614309263263405,-0.024730428024258858,2.339828770220299,-0.883140697248042,-0.5142813611457291,-0.48293304703027334,0.014055483932288677,0.2752976402049478,2.852244735369854,0.5240669264959475,-1.428406157858697,0.5120902747169221,-3.4226970249170843,0.49852905482123766,-2.733591712617076,-0.003583184474597537,-1.2672396884634782,-0.060608876654344286,-1.6162206125716345,-0.9028025124090769,0.11141898286629247,0.08644164746377428,-0.8989011589448308,-3.069040275220843,1.6974105871778815,-3.022410005509336,-0.5015054545133353,-1.7436221111712726,-1.4625225197033085,1.0302530779859815,1.3211538216619465,0.6349812075384264,2.5242636112623447,-2.340195205153078,3.574908759739782,-0.7753326874000038,3.8707562624840754,-3.7730014499857254,3.319338150018859,-0.06916079816056454,-2.337331120437698,1.2150147150073591,-0.9986535071055407
-0.2726433659834382,-0.28423159005528953,0.14943890735925539,-0.442023554855991,-0.3291624425469703,0.19041266868845305,-0.5970547976216383,2.207958350576152,-0.16555811769950696,0.09165525488969424,-0.8860116021904697,1.361924549109955,-0.845800762785797,0.013778313593339187,0.8749249359963073,0.9419543136217515,1.292671562647061,-0.25436075820088755,-0.9363697734836577,1.953314895633055,1.9378547043083039,-0.38267332990088315,-0.7855460957447297,-0.062212813586583524,0.5432648783420393,-0.8251896107760088,0.6347714395080843,-0.20371124492181408,-1.1333354768520425,-0.45626052252440474,-0.21209240801128765,-0.49229905260371987,0.7024775742851009,1.2922411756344865,-1.7091866613815883,-1.2580014065798584,-0.7753326874000038,1.2222318340966214,-0.9204388774189364,0.8552934320757789,-1.6510907942652968,2.1609664451082113,-0.11003397065815966,-0.7451602606895963,1.4107701887442963
1.2867353750018045,0.27292450167689924,0.7962731525233819,-0.02166715618429372,2.5463203147739693,-0.9425459907565982,-0.5146741132677328,-0.6757366948754172,0.009285430611518545,0.26062552264061545,3.104478703606386,0.5016637537127325,-1.4567927872680801,0.5238925818705564,-3.731047594695868,0.5000669266643876,-3.0020596210158255,0.03094243540755955,-1.3016844475851723,-0.2172264421498364,-1.872251394472608,-0.9084574638099143,0.18104153199471157,0.0963386309267184,-1.0116289330084405,-3.2308657645629464,1.7713790588219702,-3.230323938968879,-0.44293616516203027,-1.8198040214569895,-1.5609119432428777,1.1238031808732718,1.345173003868411,0.5738804560140607,2.8085215302803634,-2.4160631395276146,3.8707562624840754,-0.9204388774189364,4.22308067577897,-4.103200020158488,3.6438687536484604,-0.20122605607478974,-2.4963435607876967,1.361324281532792,-1.164559045961076
-1.2543673111574,-0.24500494107453008,-0.7906072376228044,0.03138330560355481,-2.48057329361247,0.9267662745668135,0.5313014109631108,0.5836770163168576,-0.009778926590533839,-0.27041636194296753,-3.0265813024453463,-0.5255089888352213,1.4641086245230774,-0.528202786414698,3.6344546097949126,-0.5158046233783204,2.9088182214757348,-0.015964795471261915,1.311263605154899,0.13760047371004677,1.7645070375939116,0.9202210034009731,-0.1544169790363286,-0.09216774387968552,0.9768244121120233,3.2030347648268798,-1.7693221008982942,3.188534153969675,0.47469764863082314,1.8106052575901255,1.5365066989488845,-1.0907565776894836,-1.3597510580020165,-0.6142881797664169,-2.7075607426849078,2.4122931146937803,-3.7730014499857254,0.8552934320757789,-4.103200020158488,4.012381443938155,-3.525768129227436,0.13144354910540673,2.456844041061376,-1.3166656519743967,1.097529827744552
1.1337669944707178,0.40864358858734356,0.43026439694313323,0.3974168845698173,1.9929679537710412,-0.829841390053464,0.1615416836938107,-2.321223515430639,0.1706080188959947,0.1444081919702812,2.8900993844366156,-0.8611163056812143,-0.30321660570305453,0.38567751060191224,-3.2860269706756595,-0.50196572050063,-3.171416679022875,0.2115613925838724,-0.08854727072362222,-1.7714514036922608,-2.9073802133289073,-0.3476345282899812,0.7781374716578255,0.11647471697624837,-1.132639261400062,-1.5082301376581118,0.6815549659574779,-2.025469960588702,0.6288533278939665,-0.8840841816221898,-0.8739950434821839,1.2039865561168928,0.3583806052614684,-0.673071921448105,3.3853711554727144,-0.5936913376767683,3.319338150018859,-1.6510907942652968,3.6438687536484604,-3.525768129227436,3.926563346927632,-1.9951456004875412,-1.6127650228694885,1.5465977480853428,-1.9922721992876418
-0.0638252407594444,-0.46901574935420504,0.646394873642415,-0.9737852170825475,0.3854453619757648,-0.01269024932383725,-1.4610267323088157,4.422363870079655,-0.3355796836308818,0.30781394751576074,-0.6106860440964148,3.1817043330200496,-2.431498213248186,0.24361658013614834,0.24848399881957337,2.2591813045351783,1.5493608785934159,-0.5166004681913015,-2.579483693519087,4.08557142118284,3.340790207221741,-1.176514795820205,-1.6561516663586382,-0.159277392902034,0.7906186613498,-3.1552315376058386,2.0400260016586516,-1.7212294785537805,-2.655010132471935,-1.701038643958324,-1.1091190803297588,-0.6088629780937964,2.034226077596385,3.010434446249694,-2.487037381104513,-3.7755295851901383,-0.06916079816056454,2.1609664451082113,-0.20122605607478974,0.13144354910540673,-1.9951456004875412,4.598918184675928,-1.2343609568993528,-1.044432682225818,2.540251199248481
-0.7696149371821063,-0.014225137150808413,-0.6830154894611903,0.2946640917283644,-1.6476309990725493,0.5742858775209309,0.7616471115144418,-0.9273200047210441,0.0930864794830038,-0.25661374123562875,-1.7074088696278173,-1.2344236967375928,1.6145912294252964,-0.39750620910488277,2.1682933537299798,-0.9651964350018981,1.3677817734980726,0.14646701149457825,1.5509210414112882,-1.0999239016793054,0.12258615051672059,0.9191592515283816,0.3746245277484092,-0.03204049250250914,0.3910050087172111,2.8999560586123616,-1.7042422991057604,2.497613751992847,1.0542037709981151,1.6291910550718012,1.2769253858576386,-0.5105153947711483,-1.4436000855703415,-1.2545898582378925,-0.9629346656629686,2.578667345208667,-2.337331120437698,-0.11003397065815966,-2.4963435607876967,2.456844041061376,-1.6127650228694885,-1.2343609568993528,1.8985739111283015,-0.519200448588384,-0.052553596171451174
0.40612086495489796,0.18380633629876608,0.10764150167725424,0.1894444972742461,0.7147938487649439,-0.28301250773109465,0.1421916825725129,-1.1557922852460871,0.06702200174935247,0.0024563601168073076,1.0959637124383272,-0.5150649279748112,0.07453597986638796,0.1015641125097729,-1.2118008143673014,-0.31449251569310094,-1.2612464460537225,0.12579559020999198,0.14559996575650105,-0.9496641197337716,-1.296707105401682,-0.019927529962799343,0.4215623932651594,0.07165248264040001,-0.49887490684795177,-0.3313923210707125,0.12150543566026835,-0.6548204630495887,0.446104401733203,-0.19946873688068747,-0.25271910054772867,0.4770214763679231,-0.018926036693207467,-0.47426708881360674,1.4041445695714896,0.06629911822139659,1.2150147150073591,-0.7451602606895963,1.361324281532792,-1.3166656519743967,1.5465977480853428,-1.044432682225818,-0.519200448588384,0.6594168231864612,-0.9074620376721844
