V1,V2,V3,V4,V5,V6,V7,V8,V9,V10,V11,V12,V13,V14,V15,V16,V17,V18,V19,V20,V21,V22,V23,V24,V25,V26,V27,V28,V29,V30,V31,V32,V33,V34,V35,V36,V37,V38,V39,V40,V41,V42,V43,V44
4.734076669379846,1.4269087629712787,-9.20375103845183,-24.161546486984747,-6.388822926527563,-1.6062680968571323,14.00991470615045,-8.56374431783811,39.19294755421809,22.806135919470208,0.23594374023783357,-14.19887903488523,8.777144158268925,14.018627096903167,2.1033444310424305,-1.6691174157635378,14.602792063412936,5.719350552043876,9.326980243426693,-13.25290559852718,13.912968609396579,7.576122514718268,6.24109997534215,-19.785662492495398,-29.082036016232028,-17.315369700994182,-1.8868058519797681,0.1441324200591243,-32.034956337154256,-13.757467926791959,-12.792997438926939,3.9636945258349137,-10.092143603891232,-5.787729348680556,-27.429854293827628,3.846991142189027,-6.285349222302319,-4.6217493249559185,11.45669787608573,5.756253397266728,-32.758137022395175,-28.46635497140875,8.341123349339846,-18.553373959732355
1.4269087629712787,0.5014393570917194,-2.616995543206456,-6.677334861331611,-1.8951499606707494,-0.40166171365979025,3.926940993313798,-2.3601554976868035,10.801056713167936,6.2793771868375545,0.09630521345186173,-3.7982876562223225,2.53169970095937,3.7634602747802597,0.4567648602852738,-0.3144205401675213,3.9260376953743092,1.729826453352313,2.430994135413417,-3.5398638044238546,3.846596624882301,2.163875915067498,1.6968830496823015,-5.369024878607091,-7.979416901704313,-4.7787368806463215,-0.49695639390316915,0.05020924407809434,-8.884067946522649,-3.5918885937354363,-3.3739515664626807,1.2669180114880183,-2.5775389182660238,-1.3267984479565893,-7.836818097442793,1.0988241236482887,-1.5258178805778513,-1.4491511160842905,3.1308104964413115,1.5768210436805052,-9.01884283163642,-7.761646589498073,2.4897855566202245,-5.089364902691418
-9.20375103845183,-2.616995543206456,20.48782730099645,54.87065645488663,13.564449372840595,4.215625131311607,-31.26136160639435,19.443180691908665,-88.01948185407404,-51.7209544041994,-0.14628215352060278,33.17541567788483,-19.751577053747823,-32.03515658240609,-4.907038408148315,5.042463956320586,-33.315832655586256,-11.289979590031693,-21.559730804860173,31.108063127520364,-31.223080458201526,-16.554650475818182,-14.265953528934263,45.07863019958749,66.1869691883567,38.779451217196765,5.243452961412864,0.9999788080982811,71.59399379595108,33.21735199443267,29.87144643774458,-7.4233057460969,24.99620371847551,14.154864550812768,59.43034202468097,-8.07873388855325,15.22605835867768,9.735679132848627,-26.07257712966163,-12.810203747544152,74.5089672098666,64.6215064777627,-16.914277279582997,41.44009337049253
-24.161546486984747,-6.677334861331611,54.87065645488663,147.69706011932993,35.99690961582226,11.5713941291989,-83.91872652845198,52.307862853320806,-236.75068435849286,-139.1719448091689,-0.24074131753473926,89.78704988401418,-52.868701175768905,-86.56307876389583,-13.570346342585994,14.200464355881698,-89.94191093527182,-29.65554816598485,-58.501454165331296,84.282980525612,-83.94856496390447,-44.25617508905661,-38.511944414260704,121.63575369127307,178.31436616877417,104.27146884411648,14.318704885810217,2.855213753800299,192.397867579042,90.33144231963564,80.97904684913104,-19.26156574323853,68.26658410094154,39.02502234683966,158.71048691834972,-21.479629479981735,41.78633629896619,25.57210666796594,-70.20994668212512,-34.45147479508508,200.60042252899103,174.2142989866571,-44.653265123016894,111.54032081332292
-6.388822926527563,-1.8951499606707494,13.564449372840595,35.99690961582226,9.154046890660972,2.6324278766672125,-20.640123144161716,12.747728192231934,-57.89317061226418,-33.92967127025781,-0.179721675624317,21.509063727570695,-13.058961066307782,-20.901933370289143,-3.112916155642499,2.9811449543963793,-21.751403963303105,-7.800198541184308,-13.98232857444008,20.144108531791442,-20.547143460159162,-11.025865269093817,-9.321145402990906,29.47930684105622,43.35988825642157,25.529407232967912,3.256783007820864,0.4101851572760599,47.19328155990354,21.300545727327073,19.337884471282962,-5.261308606932224,15.893742724696466,8.925905724889523,39.66375006479706,-5.4379394470996605,9.680322389351288,6.638314933149143,-17.071064789398207,-8.438066920784475,48.83521218449083,42.32454554051446,-11.58334607448861,27.272059615446903
-1.6062680968571323,-0.40166171365979025,4.215625131311607,11.5713941291989,2.6324278766672125,1.084203052173086,-6.494642738341148,4.200106050362299,-18.466792982552885,-10.99150490107971,-0.0043328269911472135,7.322240396480137,-4.13871541132554,-6.8342985488352905,-1.0359308833962328,1.4288061478116223,-7.160081821087528,-2.075099875662692,-4.58641875031083,6.8069309436400784,-6.551790266017758,-3.2907353711061718,-3.0234566500953273,9.556538308687404,14.000031471022893,8.130924680784144,1.3507598985342075,0.7084906233180913,14.834367035457266,7.498917163407149,6.583062244457228,-1.1842440532697398,5.6979417017065055,3.166381700412444,11.946478969025735,-1.607628017875683,3.330617020436635,1.9046251479710672,-5.591618006600575,-2.6965383746911944,15.865343512706692,13.66621738000495,-3.0519967507421177,8.65367397594507
14.00991470615045,3.926940993313798,-31.26136160639435,-83.91872652845198,-20.640123144161716,-6.494642738341148,47.80661945020394,-29.73710634559823,134.6790660483611,79.08879326146453,0.22164825026836088,-50.858046547647675,30.111556516428177,49.1233084261976,7.64186266508982,-7.842613798537615,51.05925992332919,17.173230252290896,33.128153869982306,-47.70653998050721,47.76971881560302,25.256388003392694,21.860579019659156,-69.072643725469,-101.27820492867897,-59.34624202084529,-7.978302620040344,-1.4391244550886164,-109.50922961405169,-50.960671405162884,-45.857138381910495,11.245210395603625,-38.394732738141684,-21.911814156400723,-90.71622221855459,12.3113625344772,-23.513485457610393,-14.700987442026795,39.880661055540536,19.62114115722163,-113.96914013304067,-98.96863732975645,25.731126002918966,-63.49129863461917
-8.56374431783811,-2.3601554976868035,19.443180691908665,52.307862853320806,12.747728192231934,4.200106050362299,-29.73710634559823,18.70956747351911,-84.00730426553298,-49.4948100444658,-0.1738013644580002,31.962485949082037,-18.792977829426675,-30.64219223327188,-4.6792539990970665,5.136792187572824,-31.982437446730827,-10.633558236394741,-20.557541309532585,29.826245127688008,-29.797447575211066,-15.595403950320003,-13.60029831665373,43.028068410754045,63.14839322874363,37.01964364802327,5.195663394468257,1.4909314178470379,68.08648200908236,32.05358569706131,28.772955010367305,-6.775574828689955,24.069698530456492,13.618188446002069,56.319305881653065,-7.71705820819356,14.513892831276621,9.193837145706741,-25.0249666870341,-12.26986000282229,71.27363668720328,61.6880901634129,-15.72458782513018,39.520497073360204
39.19294755421809,10.801056713167936,-88.01948185407404,-236.75068435849286,-57.89317061226418,-18.466792982552885,134.6790660483611,-84.00730426553298,380.0834358673346,223.30578409514965,0.5791362172531016,-143.871079548244,84.71880224210777,138.83552675044945,21.78780768359233,-22.568286518711858,144.37860810808402,48.123860691723166,93.70830076666049,-134.86014297251674,134.76669419213354,71.03461375699017,61.70829925173577,-195.0233939853259,-285.8507475399001,-167.45176845046444,-22.68648331217722,-4.424577315351004,-308.7860785842273,-144.35344507106828,-129.7986007750849,31.233417541473514,-108.80858364942384,-62.39088313287224,-255.28216012894836,34.73743550490133,-66.68485922762916,-41.14783409823889,112.69205419894577,55.41167748824929,-321.7410390928819,-279.4226683362059,72.05565877286631,-179.16718135802088
22.806135919470208,6.2793771868375545,-51.7209544041994,-139.1719448091689,-33.92967127025781,-10.99150490107971,79.08879326146453,-49.4948100444658,223.30578409514965,131.39438244330654,0.32217886939787616,-84.76394313112237,49.8749615333939,81.55343524098593,12.663360540216514,-13.468123757417592,84.909376205722,28.11762502064593,54.9588751895204,-79.36204383683098,79.18550935989506,41.63288128098379,36.238998260885374,-114.56129792495952,-168.03031189909925,-98.37096504249602,-13.614271902898471,-3.1931687776562905,-181.27183685324673,-85.14888181420368,-76.39438075410864,18.11632068733022,-64.16596850460729,-36.55931896755366,-149.73324147257458,20.389532758925338,-39.04890960521043,-24.2576709247199,66.35184521725066,32.54783720560106,-189.28547694144237,-164.15666677900253,42.02603440531691,-105.12859709159305
0.23594374023783357,0.09630521345186173,-0.14628215352060278,-0.24074131753473926,-0.179721675624317,-0.0043328269911472135,0.22164825026836088,-0.1738013644580002,0.5791362172531016,0.32217886939787616,0.09966507754541053,-0.114204944810896,0.15260038619231076,0.10781979776221978,-0.06253334906673079,0.07404216521109948,0.18249537664187948,0.3290670152243209,-0.03921731514669824,-0.006780085729495927,0.21446830992702645,0.11224080289208606,0.03508695988864772,-0.15237749579132054,-0.2638520641373219,-0.28098905066029556,0.04052911560011006,-0.06955624392440214,-0.4243052827777688,0.06899577844624012,-0.07850578642916534,0.21332876213525395,0.19805401836249295,0.1737155786381007,-0.6682589610223678,0.16481190209551408,0.19041237034545447,-0.2029364612053561,0.17420414170830398,0.12207353318138069,-0.4202213909476625,-0.2800172794729363,0.2775138028223491,-0.28544912285241375
-14.19887903488523,-3.7982876562223225,33.17541567788483,89.78704988401418,21.509063727570695,7.322240396480137,-50.858046547647675,31.962485949082037,-143.871079548244,-84.76394313112237,-0.114204944810896,55.10872300615332,-32.040446283484435,-52.8031257209693,-8.322296939654057,9.212425362506455,-54.95294615091006,-17.580497776839803,-35.68799566817444,51.622855820349564,-51.00814016281018,-26.591608569813317,-23.444992648679236,74.06683194426674,108.4901858228339,63.357266675867585,9.039509610227988,2.4407890857038086,116.60816961051928,55.681417103177836,49.71610497152536,-11.11299433235339,42.15019977643092,24.10997301314087,95.6062565391293,-12.942720540188382,25.650567767596232,15.26163509465765,-42.85310930139332,-20.965043879475257,122.20621142620666,106.03460612437236,-26.364554142220193,67.74721792374379
8.777144158268925,2.53169970095937,-19.751577053747823,-52.868701175768905,-13.058961066307782,-4.13871541132554,30.111556516428177,-18.792977829426675,84.71880224210777,49.8749615333939,0.15260038619231076,-32.040446283484435,19.122655447216598,30.797224519622755,4.597651444263756,-4.934161629272521,32.07545648622424,10.83672056396382,20.645334982942693,-29.99668774506778,30.065138306686315,15.897728927885808,13.722158658394926,-43.359876495104004,-63.742366971890505,-37.3284989447127,-5.190115520796038,-1.282541534722114,-68.84684657071362,-32.10135049997851,-28.790659581078025,7.083651256179206,-24.13374403001647,-13.467053942749354,-57.15830679643284,7.7638300577814405,-14.51891317175564,-9.470665250612385,25.152479827400022,12.324860468915233,-71.85849351801048,-62.17578877286326,16.16322206222254,-39.824519215866886
14.018627096903167,3.7634602747802597,-32.03515658240609,-86.56307876389583,-20.901933370289143,-6.8342985488352905,49.1233084261976,-30.64219223327188,138.83552675044945,81.55343524098593,0.10781979776221978,-52.8031257209693,30.797224519622755,50.945536341420315,8.198305330024443,-8.540825858464608,52.888355573604976,17.180482254354963,34.55951830147974,-49.59982393462526,49.209640950774414,25.840427827403037,22.636207267070176,-71.48163659918453,-104.59625027629778,-61.141462772941274,-8.352434739940335,-1.5368704481659943,-112.76337911345092,-53.23112547973048,-47.72627607863775,11.068057807627415,-40.31994461962223,-23.35969195497926,-92.66010643211655,12.529369430215697,-24.893382485821288,-14.668814741661343,41.16787760273163,20.2251354599,-117.5833546887882,-102.31451531200713,25.925674186493726,-65.51277819350739
2.1033444310424305,0.4567648602852738,-4.907038408148315,-13.570346342585994,-3.112916155642499,-1.0359308833962328,7.64186266508982,-4.6792539990970665,21.78780768359233,12.663360540216514,-0.06253334906673079,-8.322296939654057,4.597651444263756,8.198305330024443,1.6093279573014938,-1.4425707130062888,8.388583813745575,2.473334651554563,5.779998248425846,-7.949417563446312,7.689308634315331,4.027047141914704,3.628430690136219,-11.420146739388976,-16.490932738796275,-9.580398033648065,-1.1656180468894513,0.22888511044921014,-17.756991224401666,-8.523359897135034,-7.6597591812148975,1.5942175604563769,-6.618497849438798,-4.244881697372086,-14.205075817751348,1.8699863340969614,-4.439775986145817,-1.9271995224799772,6.3790147532738635,3.1719091299053015,-18.310960563633916,-16.25630439535108,3.951199968558544,-10.416214539970506
-1.6691174157635378,-0.3144205401675213,5.042463956320586,14.200464355881698,2.9811449543963793,1.4288061478116223,-7.842613798537615,5.136792187572824,-22.568286518711858,-13.468123757417592,0.07404216521109948,9.212425362506455,-4.934161629272521,-8.540825858464608,-1.4425707130062888,2.055186361932645,-8.90952998649017,-2.187535223256496,-5.845880227655042,8.607490775931275,-7.986814580147402,-3.8951951951884776,-3.7606998057351135,11.851730189534388,17.250714296598286,9.912098398397758,1.767800940297726,0.9634396456291917,18.04121864886241,9.647202359439436,8.342003779554345,-1.0993608595538775,7.4681469432118845,4.329539179961724,14.041441191837622,-1.8545200152921462,4.467499591384633,2.04109490335804,-6.8784492381165325,-3.2894647052277244,19.488184153878592,16.88832308228021,-3.321854654489402,10.600225227461394
14.602792063412936,3.9260376953743092,-33.315832655586256,-89.94191093527182,-21.751403963303105,-7.160081821087528,51.05925992332919,-31.982437446730827,144.37860810808402,84.909376205722,0.18249537664187948,-54.95294615091006,32.07545648622424,52.888355573604976,8.388583813745575,-8.90952998649017,55.031386851342376,17.992186499061322,35.74578111930486,-51.47294827780906,51.18203412053346,26.811393679560044,23.476071527204304,-74.20109938238106,-108.66743731262886,-63.59868172840263,-8.77759905744747,-1.9807804243621325,-117.13697212931741,-55.29780040828758,-49.611937133477376,11.505127514933864,-41.74737021937775,-24.041382930645963,-96.43941969160952,13.123117207603071,-25.57692823940469,-15.401745011738777,42.902441473927624,21.064081104898214,-122.35121359578613,-106.26786133646353,26.924216911545024,-68.06081489413756
5.719350552043876,1.729826453352313,-11.289979590031693,-29.65554816598485,-7.800198541184308,-2.075099875662692,17.173230252290896,-10.633558236394741,48.123860691723166,28.11762502064593,0.3290670152243209,-17.580497776839803,10.83672056396382,17.180482254354963,2.473334651554563,-2.187535223256496,17.992186499061322,7.017693286190946,11.324045425879639,-16.29822531302679,17.08372834514332,9.211564892677181,7.631952483849155,-24.22587344619342,-35.68650859241105,-21.268021989542003,-2.4712411310558524,-0.25528947137434965,-39.192800262547685,-17.028267636195565,-15.78879775904693,4.755875542066027,-12.422777580944793,-6.972085643278853,-33.57872150241081,4.758575839872061,-7.536490515645838,-5.752702455712259,14.158392493189986,7.086775677962553,-40.36399842521511,-34.898067049552566,10.062416583985192,-22.720025506279
9.326980243426693,2.430994135413417,-21.559730804860173,-58.501454165331296,-13.98232857444008,-4.58641875031083,33.128153869982306,-20.557541309532585,93.70830076666049,54.9588751895204,-0.03921731514669824,-35.68799566817444,20.645334982942693,34.55951830147974,5.779998248425846,-5.845880227655042,35.74578111930486,11.324045425879639,23.653335848889256,-33.68467317252851,33.19246359044883,17.449338861942696,15.362152601328738,-48.46217779638539,-70.75551810259813,-41.24586487074331,-5.57109990981331,-0.6459033512201277,-76.2108328271567,-36.16088618171458,-32.3545994218925,7.327321892329382,-27.58564577198087,-16.25350834907877,-62.22934450903703,8.322058389539531,-17.299513403006166,-9.605909997016044,27.717200183947284,13.62119501663809,-79.3040175553253,-69.26724995096397,17.38337099879967,-44.294481889849365
-13.25290559852718,-3.5398638044238546,31.108063127520364,84.282980525612,20.144108531791442,6.8069309436400784,-47.70653998050721,29.826245127688008,-134.86014297251674,-79.36204383683098,-0.006780085729495927,51.622855820349564,-29.99668774506778,-49.59982393462526,-7.949417563446312,8.607490775931275,-51.47294827780906,-16.29822531302679,-33.68467317252851,48.53751366157189,-47.80394673553173,-25.00348273806932,-22.053735566875936,69.5962687446383,101.85337659363988,59.36750643981162,8.399633812949958,1.8730110709005776,109.46503961958419,52.303045326453955,46.62897316805678,-10.403523008842145,39.770292370935,22.889224507568965,89.50591307199751,-12.00765381752781,24.411797525539487,14.14536341797727,-40.07214608699793,-19.60560194622403,114.4983813400255,99.55724081374,-24.738682622401416,63.56006559076098
13.912968609396579,3.846596624882301,-31.223080458201526,-83.94856496390447,-20.547143460159162,-6.551790266017758,47.76971881560302,-29.797447575211066,134.76669419213354,79.18550935989506,0.21446830992702645,-51.00814016281018,30.065138306686315,49.209640950774414,7.689308634315331,-7.986814580147402,51.18203412053346,17.08372834514332,33.19246359044883,-47.80394673553173,47.79983722609119,25.191155596166652,21.877815780908833,-69.14023970322306,-101.34565040615522,-59.375651685361184,-8.053871146017176,-1.6069474079940254,-109.48788446982563,-51.167083772150185,-46.00314853831087,11.093057977268877,-38.5516872362015,-22.059342723241254,-90.55611560607947,12.317410219639495,-23.59757612085581,-14.625610343777783,39.968376300817276,19.647182210468383,-114.08945855116146,-99.05929233203155,25.562055519859086,-63.519999812453854
7.576122514718268,2.163875915067498,-16.554650475818182,-44.25617508905661,-11.025865269093817,-3.2907353711061718,25.256388003392694,-15.595403950320003,71.03461375699017,41.63288128098379,0.11224080289208606,-26.591608569813317,15.897728927885808,25.840427827403037,4.027047141914704,-3.8951951951884776,26.811393679560044,9.211564892677181,17.449338861942696,-25.00348273806932,25.191155596166652,13.453914563572527,11.51747867631682,-36.380625609875935,-53.38044031111373,-31.296659497553783,-4.065722075465361,-0.42726230142618754,-57.89819670044336,-26.56984710612808,-23.97968689921436,6.1594310299387605,-20.00861640825908,-11.447748521090634,-48.164835508183415,6.535875394898175,-12.342803946714579,-7.845575614394182,20.953532786701224,10.331056141392303,-59.97885027064644,-52.1456811942969,13.888344090478038,-33.4973083251931
6.24109997534215,1.6968830496823015,-14.265953528934263,-38.511944414260704,-9.321145402990906,-3.0234566500953273,21.860579019659156,-13.60029831665373,61.70829925173577,36.238998260885374,0.03508695988864772,-23.444992648679236,13.722158658394926,22.636207267070176,3.628430690136219,-3.7606998057351135,23.476071527204304,7.631952483849155,15.362152601328738,-22.053735566875936,21.877815780908833,11.51747867631682,10.071322840254492,-31.783987731593076,-46.51896874724214,-27.17252098885915,-3.708891362686275,-0.6316709361345414,-50.16235580438341,-23.648049648816883,-21.18256598030385,4.953221793330796,-17.932876228486414,-10.356415532860044,-41.227259679346346,5.550256706437742,-11.074072237983275,-6.542965132569675,18.28040192317337,8.976133004333079,-52.26523268807467,-45.48644429128351,11.563364772635673,-29.11615129106148
-19.785662492495398,-5.369024878607091,45.07863019958749,121.63575369127307,29.47930684105622,9.556538308687404,-69.072643725469,43.028068410754045,-195.0233939853259,-114.56129792495952,-0.15237749579132054,74.06683194426674,-43.359876495104004,-71.48163659918453,-11.420146739388976,11.851730189534388,-74.20109938238106,-24.22587344619342,-48.46217779638539,69.5962687446383,-69.14023970322306,-36.380625609875935,-31.783987731593076,100.372387356182,146.93642164595263,85.89144002715042,11.718480619233443,2.1083900502496893,158.48178587930164,74.62220133390575,66.90679882538832,-15.689941544314236,56.50580875815357,32.607484854728384,130.39303757674722,-17.605051986973102,34.83034670181648,20.746876335754713,-57.8062997069899,-28.39154795839098,165.16824724977994,143.6718736116513,-36.59152156795883,91.99020880865558
-29.082036016232028,-7.979416901704313,66.1869691883567,178.31436616877417,43.35988825642157,14.000031471022893,-101.27820492867897,63.14839322874363,-285.8507475399001,-168.03031189909925,-0.2638520641373219,108.4901858228339,-63.742366971890505,-104.59625027629778,-16.490932738796275,17.250714296598286,-108.66743731262886,-35.68650859241105,-70.75551810259813,101.85337659363988,-101.34565040615522,-53.38044031111373,-46.51896874724214,146.93642164595263,215.32842390655628,125.89420348399578,17.292562150004557,3.418811660334493,232.26866553372827,109.21068166838853,97.89140832006369,-23.130033591354778,82.58273286867295,47.33881955122475,191.4166848106772,-25.897943853284602,50.628076444197056,30.729416059922002,-84.78024802360007,-41.60324754530091,242.20107414054775,210.41696769827203,-53.77725901366685,134.6989103897102
-17.315369700994182,-4.7787368806463215,38.779451217196765,104.27146884411648,25.529407232967912,8.130924680784144,-59.34624202084529,37.01964364802327,-167.45176845046444,-98.37096504249602,-0.28098905066029556,63.357266675867585,-37.3284989447127,-61.141462772941274,-9.580398033648065,9.912098398397758,-63.59868172840263,-21.268021989542003,-41.24586487074331,59.36750643981162,-59.375651685361184,-31.296659497553783,-27.17252098885915,85.89144002715042,125.89420348399578,73.7846133352732,9.966592171438084,1.9462897724489896,136.03458886205377,63.51799529147642,57.15822157732116,-13.808061453762841,47.84361498955958,27.422863792912754,112.54436619223948,-15.326477963321953,29.312231593506805,18.156171214503313,-49.64342649134863,-24.423250372563906,141.72546785390176,123.0718319086895,-31.792109458543298,78.94490622689487
-1.8868058519797681,-0.49695639390316915,5.243452961412864,14.318704885810217,3.256783007820864,1.3507598985342075,-7.978302620040344,5.195663394468257,-22.68648331217722,-13.614271902898471,0.04052911560011006,9.039509610227988,-5.190115520796038,-8.352434739940335,-1.1656180468894513,1.767800940297726,-8.77759905744747,-2.4712411310558524,-5.57109990981331,8.399633812949958,-8.053871146017176,-4.065722075465361,-3.708891362686275,11.718480619233443,17.292562150004557,9.966592171438084,1.8182250384429883,1.1087651199922595,18.225333261740545,9.336599073847491,8.061223233606725,-1.3972662957212458,7.110129869290664,3.7754349220614447,14.649104665533185,-1.9624841117471306,4.0032480281806455,2.459907036084299,-6.928707277105276,-3.2789607203856894,19.62950628353369,16.774657060805424,-3.695778142548219,10.517167828999956
0.1441324200591243,0.05020924407809434,0.9999788080982811,2.855213753800299,0.4101851572760599,0.7084906233180913,-1.4391244550886164,1.4909314178470379,-4.424577315351004,-3.1931687776562905,-0.06955624392440214,2.4407890857038086,-1.282541534722114,-1.5368704481659943,0.22888511044921014,0.9634396456291917,-1.9807804243621325,-0.25528947137434965,-0.6459033512201277,1.8730110709005776,-1.6069474079940254,-0.42726230142618754,-0.6316709361345414,2.1083900502496893,3.418811660334493,1.9462897724489896,1.1087651199922595,2.0716952796208283,3.0075389186090433,2.611912890204287,1.9525022654766324,0.3216613256033466,1.779984366953182,0.27961519288193254,2.269752955535928,-0.43276629615217477,0.17336037385256364,0.7716010818511124,-1.781868534436245,-0.679311080533571,4.505040725385195,3.126447053631073,0.13971226327886865,1.724793065381258
-32.034956337154256,-8.884067946522649,71.59399379595108,192.397867579042,47.19328155990354,14.834367035457266,-109.50922961405169,68.08648200908236,-308.7860785842273,-181.27183685324673,-0.4243052827777688,116.60816961051928,-68.84684657071362,-112.76337911345092,-17.756991224401666,18.04121864886241,-117.13697212931741,-39.192800262547685,-76.2108328271567,109.46503961958419,-109.48788446982563,-57.89819670044336,-50.16235580438341,158.48178587930164,232.26866553372827,136.03458886205377,18.225333261740545,3.0075389186090433,251.11405840863938,116.97068195689026,105.23086490239434,-25.648084393603586,88.24058254652641,50.67676309544216,207.72642149394594,-28.191161995423496,54.27985867574171,33.45905957700147,-91.40735662680332,-44.97549945954432,261.2115011517032,227.03236987709738,-58.91539682618614,145.6143447816192
-13.757467926791959,-3.5918885937354363,33.21735199443267,90.33144231963564,21.300545727327073,7.498917163407149,-50.960671405162884,32.05358569706131,-144.35344507106828,-85.14888181420368,0.06899577844624012,55.681417103177836,-32.10135049997851,-53.23112547973048,-8.523359897135034,9.647202359439436,-55.29780040828758,-17.028267636195565,-36.16088618171458,52.303045326453955,-51.167083772150185,-26.56984710612808,-23.648049648816883,74.62220133390575,109.21068166838853,63.51799529147642,9.336599073847491,2.611912890204287,116.97068195689026,56.675642564814865,50.27022991466019,-10.65034342081031,43.18746287334469,24.778681779184456,95.13826348396118,-12.742799633937384,26.334619617945744,14.984526611760511,-43.058039069161225,-20.97502811289872,122.86391811946991,106.70828859855092,-25.87673813747481,67.93839613096229
-12.792997438926939,-3.3739515664626807,29.87144643774458,80.97904684913104,19.337884471282962,6.583062244457228,-45.857138381910495,28.772955010367305,-129.7986007750849,-76.39438075410864,-0.07850578642916534,49.71610497152536,-28.790659581078025,-47.72627607863775,-7.6597591812148975,8.342003779554345,-49.611937133477376,-15.78879775904693,-32.3545994218925,46.62897316805678,-46.00314853831087,-23.97968689921436,-21.18256598030385,66.90679882538832,97.89140832006369,57.15822157732116,8.061223233606725,1.9525022654766324,105.23086490239434,50.27022991466019,44.92091231420344,-9.98526990514067,38.119105468015455,22.006138401187464,86.13295653261098,-11.640791787618678,23.374364729164,13.59637688877872,-38.6135071745358,-18.919309596798843,110.16495671476272,95.74559544718102,-23.75998713360931,61.19507961368527
3.9636945258349137,1.2669180114880183,-7.4233057460969,-19.26156574323853,-5.261308606932224,-1.1842440532697398,11.245210395603625,-6.775574828689955,31.233417541473514,18.11632068733022,0.21332876213525395,-11.11299433235339,7.083651256179206,11.068057807627415,1.5942175604563769,-1.0993608595538775,11.505127514933864,4.755875542066027,7.327321892329382,-10.403523008842145,11.093057977268877,6.1594310299387605,4.953221793330796,-15.689941544314236,-23.130033591354778,-13.808061453762841,-1.3972662957212458,0.3216613256033466,-25.648084393603586,-10.65034342081031,-9.98526990514067,3.4150504978554843,-7.764368532642291,-4.36690917573953,-22.231459005552924,3.1086772533698523,-4.838813808961033,-3.8453077506175206,9.057640804707765,4.573724042035836,-26.021518474357034,-22.603998363841242,6.953203185623534,-14.791051232492602
-10.092143603891232,-2.5775389182660238,24.99620371847551,68.26658410094154,15.893742724696466,5.6979417017065055,-38.394732738141684,24.069698530456492,-108.80858364942384,-64.16596850460729,0.19805401836249295,42.15019977643092,-24.13374403001647,-40.31994461962223,-6.618497849438798,7.4681469432118845,-41.74737021937775,-12.422777580944793,-27.58564577198087,39.770292370935,-38.5516872362015,-20.00861640825908,-17.932876228486414,56.50580875815357,82.58273286867295,47.84361498955958,7.110129869290664,1.779984366953182,88.24058254652641,43.18746287334469,38.119105468015455,-7.764368532642291,33.15883729004215,19.16921098885262,71.23585562266273,-9.40835030795416,20.388235165276978,11.009699352030294,-32.421350322608966,-15.758444755426702,92.69134817644641,80.69619696086474,-19.22449850035961,51.238046382687884
-5.787729348680556,-1.3267984479565893,14.154864550812768,39.02502234683966,8.925905724889523,3.166381700412444,-21.911814156400723,13.618188446002069,-62.39088313287224,-36.55931896755366,0.1737155786381007,24.10997301314087,-13.467053942749354,-23.35969195497926,-4.244881697372086,4.329539179961724,-24.041382930645963,-6.972085643278853,-16.25350834907877,22.889224507568965,-22.059342723241254,-11.447748521090634,-10.356415532860044,32.607484854728384,47.33881955122475,27.422863792912754,3.7754349220614447,0.27961519288193254,50.67676309544216,24.778681779184456,22.006138401187464,-4.36690917573953,19.16921098885262,11.718238200194534,40.54971659859543,-5.337892467840239,12.31821009180699,5.830018947683556,-18.46186518331597,-9.057502514415022,52.84674237978514,46.469386500626904,-11.00188063935592,29.59664654674651
-27.429854293827628,-7.836818097442793,59.43034202468097,158.71048691834972,39.66375006479706,11.946478969025735,-90.71622221855459,56.319305881653065,-255.28216012894836,-149.73324147257458,-0.6682589610223678,95.6062565391293,-57.15830679643284,-92.66010643211655,-14.205075817751348,14.041441191837622,-96.43941969160952,-33.57872150241081,-62.22934450903703,89.50591307199751,-90.55611560607947,-48.164835508183415,-41.227259679346346,130.39303757674722,191.4166848106772,112.54436619223948,14.649104665533185,2.269752955535928,207.72642149394594,95.13826348396118,86.13295653261098,-22.231459005552924,71.23585562266273,40.54971659859543,173.39261919303127,-23.761678275612216,43.592652376086356,28.474452688660723,-75.46414922208425,-37.25601743174853,215.56644253480823,187.04782743085636,-49.90840530526663,120.35281748192506
3.846991142189027,1.0988241236482887,-8.07873388855325,-21.479629479981735,-5.4379394470996605,-1.607628017875683,12.3113625344772,-7.71705820819356,34.73743550490133,20.389532758925338,0.16481190209551408,-12.942720540188382,7.7638300577814405,12.529369430215697,1.8699863340969614,-1.8545200152921462,13.123117207603071,4.758575839872061,8.322058389539531,-12.00765381752781,12.317410219639495,6.535875394898175,5.550256706437742,-17.605051986973102,-25.897943853284602,-15.326477963321953,-1.9624841117471306,-0.43276629615217477,-28.191161995423496,-12.742799633937384,-11.640791787618678,3.1086772533698523,-9.40835030795416,-5.337892467840239,-23.761678275612216,3.351130576727709,-5.6878301906723046,-3.9787210351946625,10.299092491019852,5.104144297502727,-29.28816404765518,-25.32097567702198,6.884649796890779,-16.3625917921879
-6.285349222302319,-1.5258178805778513,15.22605835867768,41.78633629896619,9.680322389351288,3.330617020436635,-23.513485457610393,14.513892831276621,-66.68485922762916,-39.04890960521043,0.19041237034545447,25.650567767596232,-14.51891317175564,-24.893382485821288,-4.439775986145817,4.467499591384633,-25.57692823940469,-7.536490515645838,-17.299513403006166,24.411797525539487,-23.59757612085581,-12.342803946714579,-11.074072237983275,34.83034670181648,50.628076444197056,29.312231593506805,4.0032480281806455,0.17336037385256364,54.27985867574171,26.334619617945744,23.374364729164,-4.838813808961033,20.388235165276978,12.31821009180699,43.592652376086356,-5.6878301906723046,13.070022622623018,6.371152960930205,-19.680662302424643,-9.6518911740978,56.47717620398691,49.64106078311814,-11.956785927787296,31.617163489295905
-4.6217493249559185,-1.4491511160842905,9.735679132848627,25.57210666796594,6.638314933149143,1.9046251479710672,-14.700987442026795,9.193837145706741,-41.14783409823889,-24.2576709247199,-0.2029364612053561,15.26163509465765,-9.470665250612385,-14.668814741661343,-1.9271995224799772,2.04109490335804,-15.401745011738777,-5.752702455712259,-9.605909997016044,14.14536341797727,-14.625610343777783,-7.845575614394182,-6.542965132569675,20.746876335754713,30.729416059922002,18.156171214503313,2.459907036084299,0.7716010818511124,33.45905957700147,14.984526611760511,13.59637688877872,-3.8453077506175206,11.009699352030294,5.830018947683556,28.474452688660723,-3.9787210351946625,6.371152960930205,5.057543309862895,-12.227607728592009,-6.005897097684035,34.839493598768314,29.881973417564122,-8.320259717416723,19.247696676684033
11.45669787608573,3.1308104964413115,-26.07257712966163,-70.20994668212512,-17.071064789398207,-5.591618006600575,39.880661055540536,-25.0249666870341,112.69205419894577,66.35184521725066,0.17420414170830398,-42.85310930139332,25.152479827400022,41.16787760273163,6.3790147532738635,-6.8784492381165325,42.902441473927624,14.158392493189986,27.717200183947284,-40.07214608699793,39.968376300817276,20.953532786701224,18.28040192317337,-57.8062997069899,-84.78024802360007,-49.64342649134863,-6.928707277105276,-1.781868534436245,-91.40735662680332,-43.058039069161225,-38.6135071745358,9.057640804707765,-32.421350322608966,-18.46186518331597,-75.46414922208425,10.299092491019852,-19.680662302424643,-12.227607728592009,33.536813948150964,16.43839769514635,-95.56689043870519,-82.83363198220171,21.097416844958804,-53.03651022683966
5.756253397266728,1.5768210436805052,-12.810203747544152,-34.45147479508508,-8.438066920784475,-2.6965383746911944,19.62114115722163,-12.26986000282229,55.41167748824929,32.54783720560106,0.12207353318138069,-20.965043879475257,12.324860468915233,20.2251354599,3.1719091299053015,-3.2894647052277244,21.064081104898214,7.086775677962553,13.62119501663809,-19.60560194622403,19.647182210468383,10.331056141392303,8.976133004333079,-28.39154795839098,-41.60324754530091,-24.423250372563906,-3.2789607203856894,-0.679311080533571,-44.97549945954432,-20.97502811289872,-18.919309596798843,4.573724042035836,-15.758444755426702,-9.057502514415022,-37.25601743174853,5.104144297502727,-9.6518911740978,-6.005897097684035,16.43839769514635,8.100130861947154,-46.87601698409532,-40.69553069704607,10.518961478515047,-26.135835549335088
-32.758137022395175,-9.01884283163642,74.5089672098666,200.60042252899103,48.83521218449083,15.865343512706692,-113.96914013304067,71.27363668720328,-321.7410390928819,-189.28547694144237,-0.4202213909476625,122.20621142620666,-71.85849351801048,-117.5833546887882,-18.310960563633916,19.488184153878592,-122.35121359578613,-40.36399842521511,-79.3040175553253,114.4983813400255,-114.08945855116146,-59.97885027064644,-52.26523268807467,165.16824724977994,242.20107414054775,141.72546785390176,19.62950628353369,4.505040725385195,261.2115011517032,122.86391811946991,110.16495671476272,-26.021518474357034,92.69134817644641,52.84674237978514,215.56644253480823,-29.28816404765518,56.47717620398691,34.839493598768314,-95.56689043870519,-46.87601698409532,272.7550590592305,236.63108247157183,-60.44447811471272,151.5073231864467
-28.46635497140875,-7.761646589498073,64.6215064777627,174.2142989866571,42.32454554051446,13.66621738000495,-98.96863732975645,61.6880901634129,-279.4226683362059,-164.15666677900253,-0.2800172794729363,106.03460612437236,-62.17578877286326,-102.31451531200713,-16.25630439535108,16.88832308228021,-106.26786133646353,-34.898067049552566,-69.26724995096397,99.55724081374,-99.05929233203155,-52.1456811942969,-45.48644429128351,143.6718736116513,210.41696769827203,123.0718319086895,16.774657060805424,3.126447053631073,227.03236987709738,106.70828859855092,95.74559544718102,-22.603998363841242,80.69619696086474,46.469386500626904,187.04782743085636,-25.32097567702198,49.64106078311814,29.881973417564122,-82.83363198220171,-40.69553069704607,236.63108247157183,205.72212536895634,-52.563767531491756,131.76949400366084
8.341123349339846,2.4897855566202245,-16.914277279582997,-44.653265123016894,-11.58334607448861,-3.0519967507421177,25.731126002918966,-15.72458782513018,72.05565877286631,42.02603440531691,0.2775138028223491,-26.364554142220193,16.16322206222254,25.925674186493726,3.951199968558544,-3.321854654489402,26.924216911545024,10.062416583985192,17.38337099879967,-24.738682622401416,25.562055519859086,13.888344090478038,11.563364772635673,-36.59152156795883,-53.77725901366685,-31.792109458543298,-3.695778142548219,0.13971226327886865,-58.91539682618614,-25.87673813747481,-23.75998713360931,6.953203185623534,-19.22449850035961,-11.00188063935592,-49.90840530526663,6.884649796890779,-11.956785927787296,-8.320259717416723,21.097416844958804,10.518961478515047,-60.44447811471272,-52.563767531491756,14.95914189073095,-34.046115819341786
-18.553373959732355,-5.089364902691418,41.44009337049253,111.54032081332292,27.272059615446903,8.65367397594507,-63.49129863461917,39.520497073360204,-179.16718135802088,-105.12859709159305,-0.28544912285241375,67.74721792374379,-39.824519215866886,-65.51277819350739,-10.416214539970506,10.600225227461394,-68.06081489413756,-22.720025506279,-44.294481889849365,63.56006559076098,-63.519999812453854,-33.4973083251931,-29.11615129106148,91.99020880865558,134.6989103897102,78.94490622689487,10.517167828999956,1.724793065381258,145.6143447816192,67.93839613096229,61.19507961368527,-14.791051232492602,51.238046382687884,29.59664654674651,120.35281748192506,-16.3625917921879,31.617163489295905,19.247696676684033,-53.03651022683966,-26.135835549335088,151.5073231864467,131.76949400366084,-34.046115819341786,84.58339438300297
