V1,V2,V3,V4,V5,V6,V7,V8,V9,V10,V11,V12,V13,V14,V15,V16,V17,V18,V19,V20,V21,V22,V23,V24,V25,V26,V27,V28,V29,V30,V31,V32,V33,V34,V35,V36,V37,V38,V39,V40,V41,V42,V43,V44
3.3871753128060105,0.9793835369625447,-7.485581890380422,-20.083649499812516,-4.962452042763458,-1.6359076066918068,11.562408153084672,-7.131604147179048,32.25129679579596,18.842580759167003,0.14269273228290072,-12.254800574443328,7.275629561762047,11.802128709808724,1.799632171260129,-1.9531950260505013,12.220977374750047,4.152015751184389,7.927515137324458,-11.52880455949262,11.457973265646547,5.999866966369519,5.2723599576016005,-16.594851459791066,-24.19305812494008,-14.266311878910122,-1.8576037980425795,-0.3089700842618355,-26.18644426781498,-12.228107069934794,-11.10690968481906,2.7291383112453986,-9.240134701704969,-5.211214561176204,-21.711149193945154,2.8773715937066027,-5.667827885997694,-3.4603623850095007,9.475829107941006,4.728669239168746,-27.283788780658487,-23.760126187270227,6.092297942454431,-15.339872188481209
0.9793835369625447,0.663643019093199,-2.1287842728532125,-5.715568482729031,-1.5231598619686446,-0.5830751364954482,3.3161969291016726,-1.9904274429362658,8.934620948202141,4.957678450241694,0.2764064537217457,-3.5393537810114277,2.3508262098225465,3.286908510456194,0.272103036810377,-0.7921152894345994,3.2193813276098275,1.4596203558843222,1.7847542749093883,-3.3126150384366784,3.2064261534407925,1.6370395401638425,1.5587300921803535,-4.3799528109451,-6.548248212019789,-3.8977433551151868,-0.4240607885671103,-0.1855806836943559,-7.115942379345794,-3.4132673905352378,-3.060343400994588,1.0260177341850327,-2.4999380072933737,-1.0400555817755008,-6.156383997970258,0.8694707528157571,-1.419459697174519,-1.129935168175298,2.4131851412366867,1.328416229840783,-7.613700038597675,-6.557884120023046,1.6420710550204267,-4.569549031648866
-7.485581890380422,-2.1287842728532125,16.957024216320473,45.40088438623959,11.148035844635757,3.52735876258733,-25.729656743883574,16.144470128002663,-72.8111579097524,-42.79862887119297,-0.16525228346611912,27.554779934582026,-16.342965424007545,-26.560123962939738,-4.019436874459295,4.348206973203609,-27.628336801389423,-9.296934298648313,-17.78480907406186,25.777141554894193,-25.76943460263589,-13.59968404447548,-11.82491561266817,37.19934634063137,54.6772236564068,32.04930989103278,4.485939383811934,1.1426941963328274,59.04017262643708,27.693035273840753,24.84413281588974,-5.97943891892303,20.84432973771653,11.801197991515458,48.88567504201658,-6.766150653602819,12.610157940869462,8.036270144239198,-21.59228338893096,-10.602719074023053,61.713388587409995,53.44673645148924,-13.749421786103078,34.29570470401748
-20.083649499812516,-5.715568482729031,45.40088438623959,122.1829921464546,29.838277261079075,9.430913802173578,-69.20117431573522,43.2006362581676,-195.86113422913112,-114.94222182752685,-0.30978552738896514,74.14588798112821,-43.72402475761916,-71.63782966839052,-11.238942298131983,11.827955550675277,-74.32467884895703,-24.807492778089475,-48.15927179413479,69.54597803717643,-69.37267308825678,-36.65446448368633,-31.879358651752888,100.2747537766496,147.2678985864238,86.11691971492345,11.740841892670943,2.2932418004804616,159.02026599607305,74.5727041351353,66.81367495488898,-16.08735763027118,56.249018644177106,32.28764883414773,131.34470396346705,-18.07487799519897,34.51213185994103,21.258314819157093,-57.95979743457192,-28.504641764140462,165.8162855790698,143.99400887263974,-37.050954073427086,92.42332366552571
-4.962452042763458,-1.5231598619686446,11.148035844635757,29.838277261079075,7.3932495990290805,2.42776480028426,-17.043701022415778,10.639597859283876,-47.811898416392154,-28.027844624464482,-0.21706347669153392,18.18782639446844,-10.884982623103614,-17.42130910127785,-2.52162120437558,2.9298384023116135,-18.09243088954442,-6.218380546073395,-11.541550215614393,17.012009544366823,-16.969114031174495,-8.898231895898396,-7.787827796861721,24.424869056906484,35.8584763174833,21.085477306567686,2.8994919803943953,0.8086047492932523,38.73849652530358,18.17297633640748,16.36009984025326,-4.039059476843034,13.647252318451931,7.516439421831489,32.21413622457351,-4.387508765412678,8.176615951011835,5.331730681409935,-14.111528276886224,-6.989796953686335,40.56715754362862,35.107391631627564,-9.007791957118712,22.63979612962806
-1.6359076066918068,-0.5830751364954482,3.52735876258733,9.430913802173578,2.42776480028426,1.1043744122594825,-5.840962546505966,3.5602128023755824,-15.164656016641237,-8.937229803231745,-0.21950436025755685,6.032153896566509,-3.7291626323704135,-5.419629480877804,-0.5373573555099548,0.96735992258193515,-5.733930697599503,-2.084817464616788,-3.4993256301359827,5.572947068988932,-5.544010872353996,-2.6986297315644063,-2.4602395515822946,7.964950596507771,11.421634067843584,6.895730328490576,0.8945440757812482,0.5212160616501013,12.313962000055108,5.743224253193536,5.367012926652546,-1.4142021363806023,4.230318157643487,1.8136664442968355,10.508626967696568,-1.1061546941235179,2.274143397859338,1.7646432789738837,-4.500310396031353,-2.287942475232358,13.036634467800368,11.168412617363233,-2.774241775432368,7.2719464332143495
11.562408153084672,3.3161969291016726,-25.729656743883574,-69.20117431573522,-17.043701022415778,-5.840962546505966,40.04627299719409,-24.706002931494204,111.10181446449901,65.15108124115983,0.40594065090931586,-42.41407611086202,25.1495114335809,40.55600907886188,6.102883218629234,-6.693898326781455,42.15993110539063,14.172344372816562,27.31610360761566,-39.81403514915546,39.60287541716025,20.610822604014263,18.110828612867117,-57.40962780552463,-83.60914492875285,-49.25146137529508,-6.485940685371023,-1.3102305940243602,-90.33926526947279,-42.21931750178151,-38.301761020212304,9.3485073234728,-31.847993409230043,-17.666728037024992,-74.92000057876747,9.672466228518006,-19.342807107044813,-11.965778096945069,32.82360101042554,16.289180391427795,-94.18500432210614,-81.86848931790065,20.921799019320094,-52.6826294133578
-7.131604147179048,-1.9904274429362658,16.144470128002663,43.2006362581676,10.639597859283876,3.5602128023755824,-24.706002931494204,15.60340273278622,-69.40125175222343,-41.048694347355635,-0.18126187629774593,26.4231796191619,-15.690288587959289,-25.144525658632155,-3.6157677345416355,4.115274160213495,-26.3916265846085,-8.887729695625369,-16.80437290731558,24.56706217919217,-24.666993734370354,-12.87161170531923,-11.166981784336063,35.53439610105062,52.183967693461376,30.663250645872182,4.403957446243163,1.5922865914181952,56.26369711568218,26.3740225294342,23.715159875511304,-5.680535604331648,19.705814890601193,10.792828643230177,46.79562123614756,-6.3404764403843386,11.59953142184321,7.822058149615613,-20.773352556109888,-10.153221744851079,59.02083613583748,50.853843976208324,-13.053438737472,32.51476324617678
32.25129679579596,8.934620948202141,-72.8111579097524,-195.86113422913112,-47.811898416392154,-15.164656016641237,111.10181446449901,-69.40125175222343,314.24642259660885,184.60856759442666,0.4325819053945727,-118.94693560535084,70.02089959408167,114.86693822144672,18.05114824752617,-18.804421894308824,119.36520414369845,39.69350792194195,77.45003691783312,-111.51591791821151,111.32921524387862,58.753245413380554,51.060241824965395,-161.0650628522632,-236.32706076454963,-138.30186240251206,-18.897029830975136,-3.782870352428173,-255.1845021953508,-119.57019136575214,-107.29086346784479,25.686416476360787,-90.18510102550351,-51.81611050168576,-210.76441302873033,28.883949206326307,-55.2781335348512,-34.04102752665359,93.15684738256138,45.76278669613295,-266.0494266762741,-231.01727275696055,59.44295554978599,-148.1045371941819
18.842580759167003,4.957678450241694,-42.79862887119297,-114.94222182752685,-28.027844624464482,-8.937229803231745,65.15108124115983,-41.048694347355635,184.60856759442666,109.09910545624558,0.07682278597784492,-69.88273527397364,41.090079931597174,67.18024936465858,10.382932351475402,-10.860234893420333,70.27675125550407,23.175658692302676,45.37413535627054,-65.2376279828185,65.42992385243255,34.48078887894524,29.74995069228133,-94.54658079371444,-138.97053701233733,-81.28310772259265,-11.562675330124446,-3.2026241443312315,-149.85738727940583,-70.23760894876054,-62.88796253932859,14.79691164784323,-52.76451542426986,-30.061799559083546,-123.9110741273895,17.045696107248947,-31.81649101602825,-20.34702270111542,55.207883406830746,26.88196206846451,-156.60697058756529,-135.4418586762118,34.89565087099223,-86.36991090754769
0.14269273228290072,0.2764064537217457,-0.16525228346611912,-0.30978552738896514,-0.21706347669153392,-0.21950436025755685,0.40594065090931586,-0.18126187629774593,0.4325819053945727,0.07682278597784492,0.25130784795869543,-0.3233314438696274,0.4194751760558365,0.1295193721994817,-0.24533890508734962,-0.1676010019151291,0.061846810577643505,0.33064970273729705,-0.20688919098415479,-0.272527794419156,0.21304827589450046,0.00527721279451933,0.13014429938874517,-0.15535047672734198,-0.16822658601128748,-0.2697627970208427,0.03329456175820426,-0.18183806744872263,-0.2363317032602484,-0.12934015360255466,-0.2521496686934486,0.2613619886533169,-0.030075478925850403,0.402369209300839,-0.49254542163266807,-0.013693450824595443,0.16355722911218235,-0.17905241442579245,-0.018048728401213986,0.11315472630587503,-0.4387035839593854,-0.30995846984154757,0.0163341548208294,-0.46594645231659465
-12.254800574443328,-3.5393537810114277,27.554779934582026,74.14588798112821,18.18782639446844,6.032153896566509,-42.41407611086202,26.4231796191619,-118.94693560535084,-69.88273527397364,-0.3233314438696274,45.27946459766834,-26.79706679778951,-43.38457300923478,-6.571618239220246,7.224863731844481,-45.14555354561099,-15.168736695168894,-29.077741360630224,42.380006369191754,-42.28394577480486,-22.141400286122515,-19.32507305042487,61.066924356531764,89.46936399136447,52.48792085750752,7.133923548323845,1.7141128365815002,96.57200487502452,45.258805364496816,40.730789777942455,-9.873928311800123,34.036994223276466,19.057015220968566,80.03703763865325,-10.734392144195068,20.605826068498693,13.008162677062897,-35.257740659625675,-17.376560746273928,100.86985293539954,87.4519609511051,-22.417916175407516,56.17076230230796
7.275629561762047,2.3508262098225465,-16.342965424007545,-43.72402475761916,-10.884982623103614,-3.7291626323704135,25.1495114335809,-15.690288587959289,70.02089959408167,41.090079931597174,0.4194751760558365,-26.79706679778951,16.168879459709903,25.438213572380164,3.4847563810911253,-4.382306300022738,26.464036911663186,9.219674192738134,16.670214976090012,-24.97967877488705,24.93440658361093,12.976855516563607,11.39848728994611,-35.75931397152225,-52.51288462950525,-30.943167770301496,-4.302338458608188,-1.4960988031927507,-56.67783577033899,-26.62772384421587,-23.99877682624146,5.99379779733705,-19.90193585834352,-10.592690234155592,-47.339905352946296,6.3510880862135,-11.685808496073815,-7.962297096089924,20.692272064800385,10.257695709817796,-59.55297204007382,-51.37380447124606,13.125103012039306,-33.193058335952195
11.802128709808724,3.286908510456194,-26.560123962939738,-71.63782966839052,-17.42130910127785,-5.419629480877804,40.55600907886188,-25.144525658632155,114.86693822144672,67.18024936465858,0.1295193721994817,-43.38457300923478,25.438213572380164,42.20272784752841,6.901394525300868,-6.909298774906872,43.602233736966035,14.435936893852501,28.583183754132357,-40.86970972965086,40.6442117818076,21.535974272880555,18.79001912528092,-58.98195022664154,-86.38633095132761,-50.4986165410177,-6.651760357524332,-0.6592226218637691,-93.38169292704471,-43.73079167430677,-39.267048833080445,9.432739428066315,-33.158718983981686,-19.46185081583175,-76.85934610744748,10.523396728963222,-20.763438989720306,-12.130112972251636,33.83257544507076,16.704944568534255,-97.00841832668286,-84.629805165823,21.773558776361487,-54.39688883293163
1.799632171260129,0.272103036810377,-4.019436874459295,-11.238942298131983,-2.52162120437558,-0.5373573555099548,6.102883218629234,-3.6157677345416355,18.05114824752617,10.382932351475402,-0.24533890508734962,-6.571618239220246,3.4847563810911253,6.901394525300868,1.7141370902797815,-0.9998327088066352,6.924759328718774,1.917331656985052,5.127886861125043,-6.453004687507505,6.290355214957433,3.5169141856549007,3.0252333491330567,-9.485160502061055,-13.722488514264127,-7.811653953879544,-0.7700291710042118,0.9305692879730054,-14.911916873889686,-6.909202306700415,-6.145098292035887,1.3221209077348353,-5.497226233107342,-4.11517388107849,-11.694325923562149,1.6395001064190136,-4.135673083998814,-1.3918937786532204,5.208726800466489,2.5676956694977746,-14.885003052556396,-13.534259433799932,3.5459921263978127,-8.60216824104246
-1.9531950260505013,-0.7921152894345994,4.348206973203609,11.827955550675277,2.9298384023116135,0.96735992258193515,-6.693898326781455,4.115274160213495,-18.804421894308824,-10.860234893420333,-0.1676010019151291,7.224863731844481,-4.382306300022738,-6.909298774906872,-0.9998327088066352,1.376175893289201,-7.031043657297695,-2.5534908142269894,-4.361602932380134,6.781103874674039,-6.69364964207058,-3.5233899880973247,-3.1144538477948713,9.454461053982167,14.036418916543697,8.19402469488388,1.048973995620449,0.24523385814613116,15.159901200581109,7.188914105460568,6.3861060813884585,-1.6943024331942635,5.362295265020394,2.9144491121493417,12.66081862936466,-1.802732408546454,3.253701581160023,2.136107902557774,-5.427549651580568,-2.7461085758152044,15.938733850761963,13.81971817927851,-3.5258635191082526,9.08315935426382
12.220977374750047,3.2193813276098275,-27.628336801389423,-74.32467884895703,-18.09243088954442,-5.733930697599503,42.15993110539063,-26.3916265846085,119.36520414369845,70.27675125550407,0.061846810577643505,-45.14555354561099,26.464036911663186,43.602233736966035,6.924759328718774,-7.031043657297695,45.43296546125937,14.951367391326059,29.567424007411002,-42.29458891319523,42.28505068629457,22.311738299938,19.340681647085376,-61.278803079270205,-89.84963852600997,-52.568466054612614,-7.2429007089414625,-1.4834556559852776,-96.98896734081863,-45.41145132372486,-40.758636134092775,9.631827590872668,-34.25384375960653,-19.793727558986507,-80.01981112185797,10.935716534582216,-20.998801974650842,-12.882252512733011,35.509920807195286,17.37872866817913,-101.06782943709588,-87.74095676741766,22.582366675956333,-56.09180094012499
4.152015751184389,1.4596203558843222,-9.296934298648313,-24.807492778089475,-6.218380546073395,-2.084817464616788,14.172344372816562,-8.887729695625369,39.69350792194195,23.175658692302676,0.33064970273729705,-15.168736695168894,9.219674192738134,14.435936893852501,1.917331656985052,-2.5534908142269894,14.951367391326059,5.379819829853234,9.29138645260114,-14.110745612124473,14.09134375602431,7.350217330746499,6.489670778824409,-20.091294319477925,-29.63044563067597,-17.483156090207302,-2.41468381890961,-0.8929261107135498,-32.02378442387793,-15.066348192994257,-13.563153344714143,3.4799180826193505,-11.218832889009024,-5.943511222241032,-26.83845552155926,3.73961507824378,-6.5762867203154505,-4.580942381829179,11.648370120854539,5.8206448472222645,-33.72869836357497,-29.06668626929844,7.4390973060392405,-18.921865843232396
7.927515137324458,1.7847542749093883,-17.78480907406186,-48.15927179413479,-11.541550215614393,-3.4993256301359827,27.31610360761566,-16.80437290731558,77.45003691783312,45.37413535627054,-0.20688919098415479,-29.077741360630224,16.670214976090012,28.583183754132357,5.127886861125043,-4.361602932380134,29.567424007411002,9.29138645260114,20.01781582151587,-27.59083528561389,27.3826075415136,14.567046449155276,12.654736748605632,-40.25794690086096,-58.50389748076467,-34.139008599273104,-4.331958195814166,0.2993461054972603,-63.28812530556395,-29.475924912962544,-26.5927114890376,6.127653770838549,-22.596192595537772,-13.908977040516596,-51.596810156128875,6.848906365579624,-14.622846730043932,-7.686561326594602,22.88716450612924,11.245155869390821,-65.1804562278706,-57.290998893368275,14.773925845040708,-36.53247582478956
-11.52880455949262,-3.3126150384366784,25.777141554894193,69.54597803717643,17.012009544366823,5.572947068988932,-39.81403514915546,24.56706217919217,-111.51591791821151,-65.2376279828185,-0.272527794419156,42.380006369191754,-24.97967877488705,-40.86970972965086,-6.453004687507505,6.781103874674039,-42.29458891319523,-14.110745612124473,-27.59083528561389,39.90450669171106,-39.624295438764605,-20.813090959882175,-18.231837133759075,57.45603679161296,83.91572264570058,49.20303452704725,6.4124241612868405,0.8515590882252477,90.69232815664235,42.44430815481104,38.28127593116589,-9.313633544433081,32.11982833786322,18.350222417151997,74.89976693243743,-9.94013452749748,19.87822202369027,11.856009001074975,-32.840703269527914,-16.284959786475373,94.3402272758081,82.21662224435492,-21.074434957551915,52.91348255715639
11.457973265646547,3.2064261534407925,-25.76943460263589,-69.37267308825678,-16.969114031174495,-5.544010872353996,39.60287541716025,-24.666993734370354,111.32921524387862,65.42992385243255,0.21304827589450046,-42.28394577480486,24.93440658361093,40.6442117818076,6.290355214957433,-6.69364964207058,42.28505068629457,14.09134375602431,27.3826075415136,-39.624295438764605,39.542098204756215,20.761168468128353,18.080020907384,-57.19897629353193,-83.7745085969772,-49.1002916671421,-6.662484167465906,-1.4289929209643633,-90.44046969068665,-42.35340196020089,-38.09861454054035,9.165369983540229,-31.90833468965297,-18.0891754527863,-74.81847851020261,10.062696632405576,-19.44800849536085,-12.078913058499827,33.01927400264052,16.247092892093793,-94.33457442974415,-81.87836559247793,21.026167289822244,-52.512724476414995
5.999866966369519,1.6370395401638425,-13.59968404447548,-36.65446448368633,-8.898231895898396,-2.6986297315644063,20.610822604014263,-12.87161170531923,58.753245413380554,34.48078887894524,0.00527721279451933,-22.141400286122515,12.976855516563607,21.535974272880555,3.5169141856549007,-3.5233899880973247,22.311738299938,7.350217330746499,14.567046449155276,-20.813090959882175,20.761168468128353,11.052980130744153,9.559700120558523,-30.04670763372637,-44.19547093873904,-25.761594579106035,-3.5166696602470764,-0.5262769603041709,-47.72609353583151,-22.378604878997965,-19.981491615071263,4.7519656742515695,-16.9274035188232,-9.955981062203422,-39.281577365404885,5.4939002965136705,-10.517458151610674,-6.3118472715710645,17.391194732554336,8.522102154153409,-49.6674745103168,-43.20681650887838,11.155736851493911,-27.668711260623567
5.2723599576016005,1.5587300921803535,-11.82491561266817,-31.879358651752888,-7.787827796861721,-2.4602395515822946,18.110828612867117,-11.166981784336063,51.060241824965395,29.74995069228133,0.13014429938874517,-19.32507305042487,11.39848728994611,18.79001912528092,3.0252333491330567,-3.1144538477948713,19.340681647085376,6.489670778824409,12.654736748605632,-18.231837133759075,18.080020907384,9.559700120558523,8.402551011417675,-26.233163538305032,-38.36769473714355,-22.468846997042096,-2.8937518044544417,-0.21393331099845989,-41.50547622354831,-19.441659098053734,-17.49871248424216,4.279992287992165,-14.757847046594241,-8.577724831129578,-34.205883395105644,4.639251997678054,-9.25853107866734,-5.378993229833676,14.948653390226996,7.4340054859885,-43.11074058820954,-37.65603819129267,9.664212501437875,-24.31577198098249
-16.594851459791066,-4.3799528109451,37.19934634063137,100.2747537766496,24.424869056906484,7.964950596507771,-57.40962780552463,35.53439610105062,-161.0650628522632,-94.54658079371444,-0.15535047672734198,61.066924356531764,-35.75931397152225,-58.98195022664154,-9.485160502061055,9.454461053982167,-61.278803079270205,-20.091294319477925,-40.25794690086096,57.45603679161296,-57.19897629353193,-30.04670763372637,-26.233163538305032,83.26391537025933,121.38374451829877,71.17328939413233,9.386337127540536,1.2194709386199183,131.1503590184766,61.2640810517794,55.32356831563751,-13.176562802575653,46.42176053093992,26.81066631699392,108.08987526329568,-14.249736921342677,28.78666731255444,16.963623170528983,-47.68856653345937,-23.508594555334525,136.2356496719017,118.74120913022712,-30.47764560196957,76.07019260695421
-24.19305812494008,-6.548248212019789,54.6772236564068,147.2678985864238,35.8584763174833,11.421634067843584,-83.60914492875285,52.183967693461376,-236.32706076454963,-138.97053701233733,-0.16822658601128748,89.46936399136447,-52.51288462950525,-86.38633095132761,-13.722488514264127,14.036418916543697,-89.84963852600997,-29.63044563067597,-58.50389748076467,83.91572264570058,-83.7745085969772,-44.19547093873904,-38.36769473714355,121.38374451829877,177.9475025792035,104.05934124005773,14.188913426401424,2.6730034165784238,192.08800009984745,89.96227447444122,80.71096204954515,-19.20992387150044,67.90968811211305,39.142118204335375,158.477757845222,-21.55147136159973,41.72430251005685,25.4545750996106,-70.16368220186261,-34.40413673935179,200.08557550470937,173.8194135832264,-44.72529584173083,111.24579755393084
-14.266311878910122,-3.8977433551151868,32.04930989103278,86.11691971492345,21.085477306567686,6.895730328490576,-49.25146137529508,30.663250645872182,-138.30186240251206,-81.28310772259265,-0.2697627970208427,52.48792085750752,-30.943167770301496,-50.4986165410177,-7.811653953879544,8.19402469488388,-52.568466054612614,-17.483156090207302,-34.139008599273104,49.20303452704725,-49.1002916671421,-25.761594579106035,-22.468846997042096,71.17328939413233,104.05934124005773,61.087877382689,8.27956485319879,1.7147034844093674,112.38533917933931,52.57493917146067,47.423684275232574,-11.362299369479667,39.664813695565705,22.51905352268459,92.94556064386464,-12.427161883036348,24.20001752205429,14.92894555721766,-41.019546329176244,-20.195277086863207,117.15714089150454,101.74640886933794,-26.11384375446788,65.23687230977043
-1.8576037980425795,-0.4240607885671103,4.485939383811934,11.740841892670943,2.8994919803943953,0.8945440757812482,-6.485940685371023,4.403957446243163,-18.897029830975136,-11.562675330124446,0.03329456175820426,7.133923548323845,-4.302338458608188,-6.651760357524332,-0.7700291710042118,1.048973995620449,-7.2429007089414625,-2.41468381890961,-4.331958195814166,6.4124241612868405,-6.662484167465906,-3.5166696602470764,-2.8937518044544417,9.386337127540536,14.188913426401424,8.27956485319879,1.6025330571563936,1.2392778811350573,15.15928469481784,7.194139945030864,6.2760327646038165,-1.3563293523937296,5.209569220484722,2.6707099727872903,12.745280977899565,-1.9652889970004777,2.6456677738162977,2.4985467724084667,-5.941593452446723,-2.729967475158649,16.286239850660426,13.578079623816045,-3.5249412699769302,8.435068924064758
-0.3089700842618355,-0.1855806836943559,1.1426941963328274,2.2932418004804616,0.8086047492932523,0.5212160616501013,-1.3102305940243602,1.5922865914181952,-3.782870352428173,-3.2026241443312315,-0.18183806744872263,1.7141128365815002,-1.4960988031927507,-0.6592226218637691,0.9305692879730054,0.24523385814613116,-1.4834556559852776,-0.8929261107135498,0.2993461054972603,0.8515590882252477,-1.4289929209643633,-0.5262769603041709,-0.21393331099845989,1.2194709386199183,2.6730034165784238,1.7147034844093674,1.2392778811350573,2.827265990088228,2.519419750884397,1.3999417460586718,1.0054729854357862,-0.17130612880576382,0.36786235064548856,-1.2507091356667899,3.08386869826481,-0.7388866325970556,-1.4059301254619514,1.6870024703288942,-1.8308738441607353,-0.5983988376915611,4.066624706264416,2.009307272556887,-0.5078702206404441,0.9338937076839885
-26.18644426781498,-7.115942379345794,59.04017262643708,159.02026599607305,38.73849652530358,12.313962000055108,-90.33926526947279,56.26369711568218,-255.1845021953508,-149.85738727940583,-0.2363317032602484,96.57200487502452,-56.67783577033899,-93.38169292704471,-14.911916873889686,15.159901200581109,-96.98896734081863,-32.02378442387793,-63.28812530556395,90.69232815664235,-90.44046969068665,-47.72609353583151,-41.50547622354831,131.1503590184766,192.08800009984745,112.38533917933931,15.15928469481784,2.519419750884397,207.45898132983885,97.1099381593077,87.23310570261873,-20.826223090768085,73.39545017407706,42.44055048084094,171.09026670208533,-23.21995182305553,45.297787709919255,27.324146324274448,-75.607870376246,-37.16426144052815,215.9193986315451,187.79689394676055,-48.315769799902206,120.32620774737411
-12.228107069934794,-3.4132673905352378,27.693035273840753,74.5727041351353,18.17297633640748,5.743224253193536,-42.21931750178151,26.3740225294342,-119.57019136575214,-70.23760894876054,-0.12934015360255466,45.258805364496816,-26.62772384421587,-43.73079167430677,-6.909202306700415,7.188914105460568,-45.41145132372486,-15.066348192994257,-29.475924912962544,42.44430815481104,-42.35340196020089,-22.378604878997965,-19.441659098053734,61.2640810517794,89.96227447444122,52.57493917146067,7.194139945030864,1.3999417460586718,97.1099381593077,45.54871453204413,40.785844615373364,-9.755179708001538,34.3662510745414,19.78834117217097,80.14352875699419,-11.013313565571774,21.100098813141106,12.946843779715277,-35.4391099001929,-17.392788316645447,101.23397198107344,87.91167738193269,-22.613490127945255,56.348574283550214
-11.10690968481906,-3.060343400994588,24.84413281588974,66.81367495488898,16.36009984025326,5.367012926652546,-38.301761020212304,23.715159875511304,-107.29086346784479,-62.88796253932859,-0.2521496686934486,40.730789777942455,-23.99877682624146,-39.267048833080445,-6.145098292035887,6.3861060813884585,-40.758636134092775,-13.563153344714143,-26.5927114890376,38.28127593116589,-38.09861454054035,-19.981491615071263,-17.49871248424216,55.32356831563751,80.71096204954515,47.423684275232574,6.2760327646038165,1.0054729854357862,87.23310570261873,40.785844615373364,36.88493040304631,-8.879155982465074,30.85489242676249,17.604945195099972,72.07712955473372,-9.549836412236052,18.9937316611723,11.427335618047366,-31.694179925018478,-15.677586420791096,90.79202726014289,79.0460745853106,-20.25622715398479,50.79004986970917
2.7291383112453986,1.0260177341850327,-5.97943891892303,-16.08735763027118,-4.039059476843034,-1.4142021363806023,9.3485073234728,-5.680535604331648,25.686416476360787,14.79691164784323,0.2613619886533169,-9.873928311800123,5.99379779733705,9.432739428066315,1.3221209077348353,-1.6943024331942635,9.631827590872668,3.4799180826193505,6.127653770838549,-9.313633544433081,9.165369983540229,4.7519656742515695,4.279992287992165,-13.176562802575653,-19.20992387150044,-11.362299369479667,-1.3563293523937296,-0.17130612880576382,-20.826223090768085,-9.755179708001538,-8.879155982465074,2.3744794179662376,-7.354061425528703,-3.9295420703852826,-17.394985497667715,2.261024683361594,-4.504807786015707,-2.7901415788191044,7.384725399217393,3.7823613321203498,-21.73725388318933,-18.96281301746341,4.82549557334193,-12.471139642632242
-9.240134701704969,-2.4999380072933737,20.84432973771653,56.249018644177106,13.647252318451931,4.230318157643487,-31.847993409230043,19.705814890601193,-90.18510102550351,-52.76451542426986,-0.030075478925850403,34.036994223276466,-19.90193585834352,-33.158718983981686,-5.497226233107342,5.362295265020394,-34.25384375960653,-11.218832889009024,-22.596192595537772,32.11982833786322,-31.90833468965297,-16.9274035188232,-14.757847046594241,46.42176053093992,67.90968811211305,39.664813695565705,5.209569220484722,0.36786235064548856,73.39545017407706,34.3662510745414,30.85489242676249,-7.354061425528703,26.132823351221177,15.428083226039575,60.291921947899745,-8.189911834163711,16.444154906483643,9.434198315785116,-26.572982876836676,-13.100916152511388,76.14244260894966,66.50514034255447,-17.107511934845686,42.66761299044603
-5.211214561176204,-1.0400555817755008,11.801197991515458,32.28764883414773,7.516439421831489,1.8136664442968355,-17.666728037024992,10.792828643230177,-51.81611050168576,-30.061799559083546,0.402369209300839,19.057015220968566,-10.592690234155592,-19.46185081583175,-4.11517388107849,2.9144491121493417,-19.793727558986507,-5.943511222241032,-13.908977040516596,18.350222417151997,-18.0891754527863,-9.955981062203422,-8.577724831129578,26.81066631699392,39.142118204335375,22.51905352268459,2.6707099727872903,-1.2507091356667899,42.44055048084094,19.78834117217097,17.604945195099972,-3.9295420703852826,15.428083226039575,10.58373744897385,33.95863995996223,-4.878822553982363,10.750008624335706,4.710691199538359,-15.117506116406553,-7.414046333276778,43.16871300425438,38.47806181799959,-10.02949375307111,24.52932884625518
-21.711149193945154,-6.156383997970258,48.88567504201658,131.34470396346705,32.21413622457351,10.508626967696568,-74.92000057876747,46.79562123614756,-210.76441302873033,-123.9110741273895,-0.49254542163266807,80.03703763865325,-47.339905352946296,-76.85934610744748,-11.694325923562149,12.66081862936466,-80.01981112185797,-26.83845552155926,-51.596810156128875,74.89976693243743,-74.81847851020261,-39.281577365404885,-34.205883395105644,108.08987526329568,158.477757845222,92.94556064386464,12.745280977899565,3.08386869826481,171.09026670208533,80.14352875699419,72.07712955473372,-17.394985497667715,60.291921947899745,33.95863995996223,141.72625789687538,-19.18637623687219,36.524421187736316,23.079132875105245,-62.53306857534993,-30.76569064593317,178.68121504732161,154.8753960678274,-39.78938791555943,99.37238239732251
2.8773715937066027,0.8694707528157571,-6.766150653602819,-18.07487799519897,-4.387508765412678,-1.1061546941235179,9.672466228518006,-6.3404764403843386,28.883949206326307,17.045696107248947,-0.013693450824595443,-10.734392144195068,6.3510880862135,10.523396728963222,1.6395001064190136,-1.802732408546454,10.935716534582216,3.73961507824378,6.848906365579624,-9.94013452749748,10.062696632405576,5.4939002965136705,4.639251997678054,-14.249736921342677,-21.55147136159973,-12.427161883036348,-1.9652889970004777,-0.7388866325970556,-23.21995182305553,-11.013313565571774,-9.549836412236052,2.261024683361594,-8.189911834163711,-4.878822553982363,-19.18637623687219,3.161832782569752,-4.91649896119474,-3.4073393774904446,8.630246527899372,4.141027775423787,-24.466089873772734,-20.982447821194803,5.495694790544136,-13.41585832358251
-5.667827885997694,-1.419459697174519,12.610157940869462,34.51213185994103,8.176615951011835,2.274143397859338,-19.342807107044813,11.59953142184321,-55.2781335348512,-31.81649101602825,0.16355722911218235,20.605826068498693,-11.685808496073815,-20.763438989720306,-4.135673083998814,3.253701581160023,-20.998801974650842,-6.5762867203154505,-14.622846730043932,19.87822202369027,-19.44800849536085,-10.517458151610674,-9.25853107866734,28.78666731255444,41.72430251005685,24.20001752205429,2.6456677738162977,-1.4059301254619514,45.297787709919255,21.100098813141106,18.9937316611723,-4.504807786015707,16.444154906483643,10.750008624335706,36.524421187736316,-4.91649896119474,11.35823299691146,5.027885324797338,-15.916999508559087,-7.980033798581685,46.128223192157634,41.17438202555459,-10.62989298085552,26.555449036254153
-3.4603623850095007,-1.129935168175298,8.036270144239198,21.258314819157093,5.331730681409935,1.7646432789738837,-11.965778096945069,7.822058149615613,-34.04102752665359,-20.34702270111542,-0.17905241442579245,13.008162677062897,-7.962297096089924,-12.130112972251636,-1.3918937786532204,2.136107902557774,-12.882252512733011,-4.580942381829179,-7.686561326594602,11.856009001074975,-12.078913058499827,-6.3118472715710645,-5.378993229833676,16.963623170528983,25.4545750996106,14.92894555721766,2.4985467724084667,1.6870024703288942,27.324146324274448,12.946843779715277,11.427335618047366,-2.7901415788191044,9.434198315785116,4.710691199538359,23.079132875105245,-3.4073393774904446,5.027885324797338,4.350422591884533,-10.337855013051634,-4.962865144199453,29.209559423848763,24.644543651449595,-6.352217906398126,15.735888949980877
9.475829107941006,2.4131851412366867,-21.59228338893096,-57.95979743457192,-14.111528276886224,-4.500310396031353,32.82360101042554,-20.773352556109888,93.15684738256138,55.207883406830746,-0.018048728401213986,-35.257740659625675,20.692272064800385,33.83257544507076,5.208726800466489,-5.427549651580568,35.509920807195286,11.648370120854539,22.88716450612924,-32.840703269527914,33.01927400264052,17.391194732554336,14.948653390226996,-47.68856653345937,-70.16368220186261,-41.019546329176244,-5.941593452446723,-1.8308738441607353,-75.607870376246,-35.4391099001929,-31.694179925018478,7.384725399217393,-26.572982876836676,-15.117506116406553,-62.53306857534993,8.630246527899372,-15.916999508559087,-10.337855013051634,27.986129167788118,13.559402170562135,-79.08642233792835,-68.27789554146075,17.60263325949923,-43.41940403393827
4.728669239168746,1.328416229840783,-10.602719074023053,-28.504641764140462,-6.989796953686335,-2.287942475232358,16.289180391427795,-10.153221744851079,45.76278669613295,26.88196206846451,0.11315472630587503,-17.376560746273928,10.257695709817796,16.704944568534255,2.5676956694977746,-2.7461085758152044,17.37872866817913,5.8206448472222645,11.245155869390821,-16.284959786475373,16.247092892093793,8.522102154153409,7.4340054859885,-23.508594555334525,-34.40413673935179,-20.195277086863207,-2.729967475158649,-0.5983988376915611,-37.16426144052815,-17.392788316645447,-15.677586420791096,3.7823613321203498,-13.100916152511388,-7.414046333276778,-30.76569064593317,4.141027775423787,-7.980033798581685,-4.962865144199453,13.559402170562135,6.692590384148126,-38.77177512348309,-33.65505429927843,8.64295533140781,-21.606021944210443
-27.283788780658487,-7.613700038597675,61.713388587409995,165.8162855790698,40.56715754362862,13.036634467800368,-94.18500432210614,59.02083613583748,-266.0494266762741,-156.60697058756529,-0.4387035839593854,100.86985293539954,-59.55297204007382,-97.00841832668286,-14.885003052556396,15.938733850761963,-101.06782943709588,-33.72869836357497,-65.1804562278706,94.3402272758081,-94.33457442974415,-49.6674745103168,-43.11074058820954,136.2356496719017,200.08557550470937,117.15714089150454,16.286239850660426,4.066624706264416,215.9193986315451,101.23397198107344,90.79202726014289,-21.73725388318933,76.14244260894966,43.16871300425438,178.68121504732161,-24.466089873772734,46.128223192157634,29.209559423848763,-79.08642233792835,-38.77177512348309,225.56070037861545,195.38469305377234,-50.24750921272292,125.15125733692678
-23.760126187270227,-6.557884120023046,53.44673645148924,143.99400887263974,35.107391631627564,11.168412617363233,-81.86848931790065,50.853843976208324,-231.01727275696055,-135.4418586762118,-0.30995846984154757,87.4519609511051,-51.37380447124606,-84.629805165823,-13.534259433799932,13.81971817927851,-87.74095676741766,-29.06668626929844,-57.290998893368275,82.21662224435492,-81.87836559247793,-43.20681650887838,-37.65603819129267,118.74120913022712,173.8194135832264,101.74640886933794,13.578079623816045,2.009307272556887,187.79689394676055,87.91167738193269,79.0460745853106,-18.96281301746341,66.50514034255447,38.47806181799959,154.8753960678274,-20.982447821194803,41.17438202555459,24.644543651449595,-68.27789554146075,-33.65505429927843,195.38469305377234,170.10065475750216,-43.73038654396843,109.16472393454866
6.092297942454431,1.6420710550204267,-13.749421786103078,-37.050954073427086,-9.007791957118712,-2.774241775432368,20.921799019320094,-13.053438737472,59.44295554978599,34.89565087099223,0.0163341548208294,-22.417916175407516,13.125103012039306,21.773558776361487,3.5459921263978127,-3.5258635191082526,22.582366675956333,7.4390973060392405,14.773925845040708,-21.074434957551915,21.026167289822244,11.155736851493911,9.664212501437875,-30.47764560196957,-44.72529584173083,-26.11384375446788,-3.5249412699769302,-0.5078702206404441,-48.315769799902206,-22.613490127945255,-20.25622715398479,4.82549557334193,-17.107511934845686,-10.02949375307111,-39.78938791555943,5.495694790544136,-10.62989298085552,-6.352217906398126,17.60263325949923,8.64295533140781,-50.24750921272292,-43.73038654396843,11.296226069525844,-28.000651424490236
-15.339872188481209,-4.569549031648866,34.29570470401748,92.42332366552571,22.63979612962806,7.2719464332143495,-52.6826294133578,32.51476324617678,-148.1045371941819,-86.36991090754769,-0.46594645231659465,56.17076230230796,-33.193058335952195,-54.39688883293163,-8.60216824104246,9.08315935426382,-56.09180094012499,-18.921865843232396,-36.53247582478956,52.91348255715639,-52.512724476414995,-27.668711260623567,-24.31577198098249,76.07019260695421,111.24579755393084,65.23687230977043,8.435068924064758,0.9338937076839885,120.32620774737411,56.348574283550214,50.79004986970917,-12.471139642632242,42.66761299044603,24.52932884625518,99.37238239732251,-13.41585832358251,26.555449036254153,15.735888949980877,-43.41940403393827,-21.606021944210443,125.15125733692678,109.16472393454866,-28.000651424490236,70.50684157949652
