V1,V2,V3,V4,V5,V6,V7,V8,V9,V10,V11,V12,V13,V14,V15,V16,V17,V18,V19,V20,V21,V22,V23,V24,V25,V26,V27,V28,V29,V30,V31,V32,V33,V34,V35,V36,V37,V38,V39,V40,V41,V42,V43,V44
91.33453072877688,25.129302704808605,-205.88707993198426,-554.0974473764527,-135.2519415377898,-43.325536388385665,315.0789950407158,-196.51551381130733,889.2216149142613,522.4872367962606,1.2199182158380455,-336.88554659495605,198.2008644200051,325.00501666517437,51.09570199088836,-53.09239693633717,337.8828886477965,112.12998023898595,219.50548914643443,-315.91960179721025,315.29337086019746,166.11843829020594,144.4784637980095,-456.5243983805285,-669.048215052152,-391.73033029227895,-53.25957991485657,-10.422596917781666,-722.4301213819573,-338.32627553253315,-303.9609976360735,72.72918083651462,-255.25013108612458,-146.38768288311658,-596.6804574571214,81.05611721656138,-156.48111891824215,-96.01916340406319,263.66983063446474,129.58794741333074,-752.9134278188499,-653.9823850765705,168.15866628471426,-419.17028247221447
25.129302704808605,7.177370782691771,-56.803862051741035,-152.75285971926274,-37.34163040947588,-11.781560605407517,86.47801266519596,-54.05135583956056,244.88665181777606,143.73108623830976,0.43806970434097964,-92.69598709617904,54.72324136929705,89.52972236979755,13.95809680623662,-14.811513035817615,92.9152794570487,31.101198667736362,60.081139553222535,-86.8888564869589,86.71560771154164,45.81930037407945,39.83858429204568,-125.23947628626976,-184.03812457015448,-107.65587548608353,-14.752420511728596,-3.075362588620168,-198.72646306828022,-93.21372318718946,-83.51156912570416,20.12111106686088,-70.25591792009175,-40.24769923305282,-164.24112889324107,22.69244865126938,-42.991737681465544,-26.69208589209297,72.48408635753255,35.642682055416856,-207.35370606528195,-179.95925515256465,46.30899083177341,-115.53465704146053
-205.88707993198426,-56.803862051741035,464.34096756585814,1249.4954103112464,305.0529933057729,97.64398461299615,-710.307514258632,443.1217738061145,-2004.9800116228066,-1178.1225911286995,-2.7821064631913854,759.582481712544,-447.0792102470564,-732.7407043769726,-115.01341438612558,119.78130066167436,-761.7532010020971,-252.92286602204913,-494.64341804859185,712.2568466372946,-710.8649827440917,-374.6085866787896,-325.7612341653573,1029.071934812035,1508.493775905248,883.1465208041349,120.26860349430794,23.867149512205707,1628.7881613149873,762.9059121395537,685.2164102519629,-164.0180809627424,575.5158599429003,329.8314722797513,1345.3896700144012,-182.9440435277712,352.59446630812516,216.77830879217868,-594.5141234995042,-292.1475282807973,1697.768970919939,1474.4501792146752,-379.1460745869027,945.0579721467506
-554.0974473764527,-152.75285971926274,1249.4954103112464,3362.5720424609317,820.8249887055315,262.6528136788933,-1911.5499134383156,1192.2728283495449,-5395.740341566492,-3170.265174583995,-7.3812325710192646,2044.056681616904,-1202.8586401632165,-1972.1650176720304,-309.96463359604576,322.3039557953123,-2050.041219104274,-680.4583003520095,-1331.6697754311,1916.9436806929725,-1913.0319508428454,-1008.186033135088,-876.7829840954766,2769.706046952973,4059.700586572445,2376.6980198009687,323.3281420909331,63.287225297302356,4383.557382223995,2053.108653856155,1844.139803185959,-441.38682803489934,1549.037620335353,888.3404175961418,3620.4642853834903,-492.18130936128716,949.6050129976383,582.9091234606186,-1599.7583212096663,-786.2095816568958,4568.6799292419555,3968.2558583330983,-1020.4201950618193,2543.529598440878
-135.2519415377898,-37.34163040947588,305.0529933057729,820.8249887055315,200.4184148265187,64.16364106323063,-466.616574503978,291.12901778956046,-1317.1137898775603,-773.9598115176724,-1.8507136863881934,499.00234024003066,-293.74447613050955,-481.32129172345026,-75.48873195829356,78.7002106031125,-500.403080851917,-166.1900227261697,-324.86128543279534,467.877541529789,-466.9846974959092,-246.07858670839337,-213.98699801284806,675.9682191681712,990.9389778091493,580.155280705542,79.04963777895692,15.810931071955828,1069.948427332667,501.16799670669695,450.1175586069012,-107.75642136432596,378.0327584740649,216.56950341413392,883.8446299578143,-120.20594988703371,231.52430752471102,142.47654152419543,-390.5663842916642,-191.9206743523797,1115.3395434917986,968.5589929159095,-249.05806502428436,620.8099510629021
-43.325536388385665,-11.781560605407517,97.64398461299615,262.6528136788933,64.16364106323063,20.81514342878108,-149.7451970366878,93.46443562941116,-421.6996706881941,-248.1380781570733,-0.581081340670465,159.94652259118118,-94.13750767642718,-153.90987077633145,-23.960086622496274,25.040793922478933,-160.3308434840336,-53.13699460671596,-104.03275040633659,149.83663614939485,-149.66346593493049,-78.66345865659376,-68.3891092211196,216.73777453966903,317.4224940703097,186.00041643837906,25.44075329837043,5.514758656784215,342.6504188472192,160.40848549011673,144.26673365661026,-34.43113267209018,120.90285728310474,68.87162346516642,283.23351817171357,-38.18483032506782,73.71526582870786,45.688265465515805,-125.3001709636929,-61.50981092004932,357.30931168672356,310.07583030337383,-79.68310103852866,198.53281490784494
315.0789950407158,86.47801266519596,-710.307514258632,-1911.5499134383156,-466.616574503978,-149.7451970366878,1087.4503920173017,-678.1858463109719,3067.7883173558225,1802.938897610661,4.107143711906854,-1162.424227497783,683.8961032919092,1121.07352755954,176.1012982014266,-182.9357458599089,1165.7837521803451,386.62452432899437,757.4547847666396,-1090.0478155562657,1087.9215150908117,573.0304899778961,498.3453600992301,-1575.4701092026166,-2308.5159810870523,-1351.7365778181522,-183.88732967878101,-36.25458696891065,-2492.5891673366937,-1167.2343576317971,-1048.8252250516239,250.82444480411036,-880.6328322722925,-504.63308934885436,-2058.7776527615624,279.2007278747485,-539.5802593442551,-331.28586089300757,909.9020882727297,447.10437821998585,-2597.7731994937876,-2256.2865057636927,580.1092655066183,-1445.845393889559
-196.51551381130733,-54.05135583956056,443.1217738061145,1192.2728283495449,291.12901778956046,93.46443562941116,-678.1858463109719,423.18856413026293,-1913.441366940351,-1124.710515499788,-2.6748390974632286,725.0920098279837,-426.77638605700855,-699.0561367051062,-109.49384326589058,114.17821814497505,-727.0991877224567,-241.36603002225792,-471.98129289904534,679.7159451936569,-678.5523661177236,-357.3617446237276,-310.73918055119094,982.3105955660357,1439.718028661533,843.0665299195488,114.95651677010434,23.406442050590208,1554.4395516954155,728.0030793280883,654.0604522777304,-156.4569666322012,549.0287072871695,314.20810174601303,1284.2389232883008,-174.35995184286833,335.94997789801397,207.02979400305296,-567.6589695617889,-278.88129299452675,1620.4962010968247,1407.0381769553107,-361.7629548948143,901.6489712983335
889.2216149142613,244.88665181777606,-2004.9800116228066,-5395.740341566492,-1317.1137898775603,-421.6996706881941,3067.7883173558225,-1913.441366940351,8658.633027835045,5087.616457479943,11.81941163867684,-3280.2633036661373,1930.161325630223,3164.6575303563536,497.38456003664436,-517.0477574024253,3289.897221383151,1091.8449133223385,2137.1408246258943,-3076.1795731132997,3070.002725050931,1617.716335704337,1406.881943085896,-4444.967529245393,-6514.781531346804,-3814.1762938015213,-518.8381215921914,-101.7003941163043,-7034.473860627432,-3294.5605253054387,-2959.5159330101833,708.2136483064263,-2485.6341797059094,-1425.3534839189924,-5809.981814934234,789.5117931886091,-1523.6601444194937,-935.2844057700755,2567.364817457978,1261.7224589002499,-7331.496285838123,-6367.954216971375,1637.446645160716,-4081.4998820877413
522.4872367962606,143.73108623830976,-1178.1225911286995,-3170.265174583995,-773.9598115176724,-248.1380781570733,1802.938897610661,-1124.710515499788,5087.616457479943,2989.925982796804,6.962417371107259,-1927.6563143681926,1134.3682360121393,1859.128098303299,291.78648965190445,-303.6369331757084,1933.1894318317125,641.5413926427183,1255.5091843430641,-1807.444724839511,1804.041132120042,950.3763528258147,826.447966350336,-2611.9565831059404,-3828.0844957982813,-2241.4004954244974,-305.2103818163233,-60.79143522374708,-4133.289167751624,-1935.7602869244747,-1739.0445721945723,416.0340951129642,-1460.2414590424562,-836.6192025847482,-3414.197883375426,463.64612153241603,-894.4199136899914,-549.89586289323,1508.9293717208363,741.4282945767065,-4308.231348797675,-3741.48855360652,962.0275057390865,-2397.7775903000447
1.2199182158380455,0.43806970434097964,-2.7821064631913854,-7.3812325710192646,-1.8507136863881934,-0.581081340670465,4.107143711906854,-2.6748390974632286,11.81941163867684,6.962417371107259,0.09975311380374652,-4.4942711936142326,2.7436683797903374,4.261115681180195,0.5261632968714016,-0.7858884861032019,4.45748935560611,1.64231585780581,2.6587956506330848,-4.112370444451213,4.168198928953143,2.1917527868686215,1.8985470204525838,-5.837218182913471,-8.7695294875613,-5.1533146201942825,-0.8046520576147091,-0.47436757137538016,-9.452994408146864,-4.482596394743127,-3.9698694824741874,1.0022007306806955,-3.2737595774664934,-1.718492371963565,-7.973547647330292,1.2364594570385048,-1.8275548695768928,-1.4684038953119,3.520021855945922,1.7270280385913295,-10.077590264228904,-8.566337926349066,2.2064873044394684,-5.5589255254464955
-336.88554659495605,-92.69598709617904,759.582481712544,2044.056681616904,499.00234024003066,159.94652259118118,-1162.424227497783,725.0920098279837,-3280.2633036661373,-1927.6563143681926,-4.4942711936142326,1242.8369768235664,-731.3444561032358,-1198.7480035717433,-188.21855982451268,195.7980346822385,-1246.416493526032,-413.6360819265083,-809.5556902839791,1165.388129831717,-1163.1442370563843,-612.7768112661939,-532.8957128593158,1684.0750678141528,2468.1542407477864,1445.1256091855594,196.697989511827,38.97662860879568,2664.9719903496484,1248.0916569137285,1121.2649799747844,-268.267342778048,941.5438205735371,539.5664072251631,2201.264679287785,-298.9485836981329,576.8461647962224,354.4602908276486,-972.8102351085679,-478.0340899655514,2777.6714381981005,2412.3909264487147,-620.2856387555357,1546.0729961158884
198.2008644200051,54.72324136929705,-447.0792102470564,-1202.8586401632165,-293.74447613050955,-94.13750767642718,683.8961032919092,-426.77638605700855,1930.161325630223,1134.3682360121393,2.7436683797903374,-731.3444561032358,430.6005567468023,705.2255688196215,110.42182206694383,-115.31077848174878,733.327604724541,243.58862132822327,475.90354578210463,-685.6188466225443,684.387927560972,360.57249101935406,313.5250052496601,-990.5756340867237,-1452.1842125045944,-850.2486116660828,-115.98903168542873,-23.59415750163096,-1567.9078355126046,-734.4270741930975,-659.6263997773088,157.90101081604848,-553.88670516159425,-317.013372929611,-1295.3622502993708,176.1285840401978,-338.949706930169,-208.97101060720541,572.4734640047996,281.2661146655612,-1634.6308661082244,-1419.282727443544,364.9425912690277,-909.635074255049
325.00501666517437,89.52972236979755,-732.7407043769726,-1972.1650176720304,-481.32129172345026,-153.90987077633145,1121.07352755954,-699.0561367051062,3164.6575303563536,1859.128098303299,4.261115681180195,-1198.7480035717433,705.2255688196215,1156.91103928994,182.178767232546,-189.0308362316926,1202.3847568864678,398.9702129386107,781.4134804809034,-1124.3980980899537,1121.9681965455661,591.3614507196174,514.3402099203404,-1624.6306620416015,-2381.077425652111,-1393.9191030105355,-189.3447957200485,-36.32156807475265,-2571.1368580779185,-1204.164316424348,-1081.6690440608902,258.8803665809523,-908.7008340178537,-521.645140342653,-2123.2384231032825,288.61342935741874,-557.5627390031505,-341.49531109944974,938.0955221326814,461.10941198379487,-2679.297729672788,-2327.6211459429733,598.5501133123443,-1492.0235168812912
51.09570199088836,13.95809680623662,-115.01341438612558,-309.96463359604576,-75.48873195829356,-23.960086622496274,176.1012982014266,-109.49384326589058,497.38456003664436,291.78648965190445,0.5261632968714016,-188.21855982451268,110.42182206694383,182.178767232546,29.25602786841766,-29.678885714918437,188.99243101637208,62.45295044873801,123.46067847408469,-176.8921802392717,176.2672549561296,93.04468674168132,81.00127583101597,-255.65505980820245,-374.31993575921825,-219.01953851442866,-29.304318551605427,-4.3849412372381265,-404.3631021654901,-189.27391066243825,-170.10077838553627,40.68113183729905,-143.15355657133293,-83.01563074050223,-333.37611841542434,45.235080084957865,-88.65349156229162,-53.0419733897081,147.15119798898618,72.44127884474148,-420.6647866313191,-366.17332776506913,94.1848237815445,-234.8239394350961
-53.09239693633717,-14.811513035817615,119.78130066167436,322.3039557953123,78.7002106031125,25.040793922478933,-182.9357458599089,114.17821814497505,-517.0477574024253,-303.6369331757084,-0.7858884861032019,195.7980346822385,-115.31077848174878,-189.0308362316926,-29.678885714918437,31.03291412124388,-196.36104341568713,-65.37125059716081,-127.37803303601144,183.6004624263663,-183.2240499350081,-96.655309931957,-84.06037853730955,265.0591456507557,388.8388530800326,227.5796382895605,30.99601489379871,6.122318860410783,419.88541208110223,196.7492123037777,176.5836846819865,-42.36045759531319,148.39791875765792,85.16397703638982,346.8434832486162,-47.44640437987758,90.98644610232711,55.98023736401188,-153.1840878845972,-75.3135053702299,437.7478665128853,380.1662625081868,-97.7853920858821,243.8412735196873
337.8828886477965,92.9152794570487,-761.7532010020971,-2050.041219104274,-500.403080851917,-160.3308434840336,1165.7837521803451,-727.0991877224567,3289.897221383151,1933.1894318317125,4.45748935560611,-1246.416493526032,733.327604724541,1202.3847568864678,188.99243101637208,-196.36104341568713,1250.0949526845102,414.76953475947545,812.1532790076036,-1168.8472266185088,1166.5323952315564,614.6049722642275,534.5073639055948,-1689.1154714918662,-2475.419199103826,-1449.3464819657236,-197.1239442478254,-38.65946439641451,-2672.875088301953,-1251.752405076094,-1124.5866750557368,269.0403001188681,-944.4013066599489,-541.5136821569395,-2207.6102795573443,299.80154745847636,-578.8759248381974,-355.2850436710941,975.5832961249666,479.4314416430756,-2785.6735187368295,-2419.5796131627485,622.1445400572852,-1550.7124015666338
112.12998023898595,31.101198667736362,-252.92286602204913,-680.4583003520095,-166.1900227261697,-53.13699460671596,386.62452432899437,-241.36603002225792,1091.8449133223385,641.5413926427183,1.64231585780581,-413.6360819265083,243.58862132822327,398.9702129386107,62.45295044873801,-65.37125059716081,414.76953475947545,137.97493147954697,268.98763975553845,-387.7232836827694,387.05383932593304,203.98552005184573,177.3786571715574,-560.0056789586771,-821.2552898579986,-480.81648720860204,-65.6085557768666,-13.422054147806424,-886.7403718723024,-415.42652942005776,-373.022164059699,89.37511961462162,-313.23170355947417,-179.3685978180621,-732.6723201027312,99.9157319739303,-191.6999458073705,-118.31076910362437,323.74258803183307,159.09661282278245,-924.6059186599963,-802.7471804040938,206.43623603527402,-514.6638479932866
219.50548914643443,60.081139553222535,-494.64341804859185,-1331.6697754311,-324.86128543279534,-104.03275040633659,757.4547847666396,-471.98129289904534,2137.1408246258943,1255.5091843430641,2.6587956506330848,-809.5556902839791,475.90354578210463,781.4134804809034,123.46067847408469,-127.37803303601144,812.1532790076036,268.98763975553845,528.5119953028686,-759.5949464998716,757.8063641553193,399.32806039223306,347.36732739560574,-1097.9609852385267,-1608.3486850588383,-941.6049785839338,-127.54729444064097,-23.594829255865744,-1736.7881057621,-813.1738761690524,-730.7741943897192,174.71207933115585,-613.9242246513206,-352.84132382207343,-1433.8126527147058,194.31685367450277,-377.18131987821414,-229.99432814058437,633.5288081249039,311.4265003524571,-1809.1752503393914,-1572.2588815500678,404.2698655782501,-1007.6111481969026
-315.91960179721025,-86.8888564869589,712.2568466372946,1916.9436806929725,467.877541529789,149.83663614939485,-1090.0478155562657,679.7159451936569,-3076.1795731132997,-1807.444724839511,-4.112370444451213,1165.388129831717,-685.6188466225443,-1124.3980980899537,-176.8921802392717,183.6004624263663,-1168.8472266185088,-387.7232836827694,-759.5949464998716,1093.0228922119356,-1090.7294230688044,-574.7444588780743,-499.8657180891634,1579.4949636211518,2314.6824300911135,1355.1586073718381,184.18212305056662,35.675911265807336,2499.3566175370406,1170.4851154064106,1051.5484459569807,-251.58833890053643,883.2346560354049,506.6531534518695,2064.0951924012256,-280.26150891488714,541.6442563664817,332.0246716671814,-912.0750109789512,-448.2560404134288,2604.5932099690854,2262.5410306192325,-581.7727327649004,1450.0993553471853
315.29337086019746,86.71560771154164,-710.8649827440917,-1913.0319508428454,-466.9846974959092,-149.66346593493049,1087.9215150908117,-678.5523661177236,3070.002725050931,1804.041132120042,4.168198928953143,-1163.1442370563843,684.387927560972,1121.9681965455661,176.2672549561296,-183.2240499350081,1166.5323952315564,387.05383932593304,757.8063641553193,-1090.7294230688044,1088.5878242297097,573.5151601915511,498.76439892563855,-1576.2235671064896,-2309.987651463343,-1352.4990706715657,-184.01091184088403,-36.23444066867151,-2494.219033112625,-1168.0973288647965,-1049.4204604897225,251.06124637507315,-881.262232696788,-505.1635025687995,-2060.114738909381,279.7321204077605,-540.0594061749633,-331.61584776926424,910.4170358206144,447.3878810321237,-2599.5538657745237,-2257.8325638880556,580.5468733141963,-1447.0152825274815
166.11843829020594,45.81930037407945,-374.6085866787896,-1008.186033135088,-246.07858670839337,-78.66345865659376,573.0304899778961,-357.3617446237276,1617.716335704337,950.3763528258147,2.1917527868686215,-612.7768112661939,360.57249101935406,591.3614507196174,93.04468674168132,-96.655309931957,614.6049722642275,203.98552005184573,399.32806039223306,-574.7444588780743,573.5151601915511,302.31102995481496,262.91739804167963,-830.3746866460765,-1217.1453354495038,-712.5072505585433,-96.86417594292872,-18.72517854583402,-1314.272159754245,-615.5689420034631,-552.8761446776329,132.34540974980175,-464.5007319811893,-266.5504698449477,-1085.3749912659414,147.60292977261074,-284.91258816507906,-174.67873174286947,479.5447389556616,235.69621341166643,-1369.6652868811761,-1189.7874669949451,305.9621889137057,-762.6629213274379
144.4784637980095,39.83858429204568,-325.7612341653573,-876.7829840954766,-213.98699801284806,-68.3891092211196,498.3453600992301,-310.73918055119094,1406.881943085896,826.447966350336,1.8985470204525838,-532.8957128593158,313.5250052496601,514.3402099203404,81.00127583101597,-84.06037853730955,534.5073639055948,177.3786571715574,347.36732739560574,-499.8657180891634,498.76439892563855,262.91739804167963,228.67605716373453,-722.1990146067313,-1058.5171583515837,-619.6447769736483,-84.16610206105787,-16.099562451973988,-1143.015380028735,-535.3388846499223,-480.8425249346801,115.10443563600751,-403.99892609168336,-231.9434290022821,-943.8806575741261,128.34508549443473,-247.91712578194594,-151.82121416643025,417.00156489459164,204.97935355870243,-1191.093378758499,-1034.7725429403924,266.0986795586839,-663.3272408416143
-456.5243983805285,-125.23947628626976,1029.071934812035,2769.706046952973,675.9682191681712,216.73777453966903,-1575.4701092026166,982.3105955660357,-4444.967529245393,-2611.9565831059404,-5.837218182913471,1684.0750678141528,-990.5756340867237,-1624.6306620416015,-255.65505980820245,265.0591456507557,-1689.1154714918662,-560.0056789586771,-1097.9609852385267,1579.4949636211518,-1576.2235671064896,-830.3746866460765,-722.1990146067313,2282.8872727682538,3344.8856870766767,1958.4533226531257,266.0923350788596,51.48890353908196,3611.726982055341,1691.249919431218,1519.6903328979847,-363.41929087272956,1276.2336706707708,732.0241987786907,2982.697806484949,-404.5132751169626,782.6303164474882,479.5364858506117,-1318.1246300014527,-647.7791365975594,3763.5977318743066,3269.4201488279587,-840.6241157749528,2095.171326264642
-669.048215052152,-184.03812457015448,1508.493775905248,4059.700586572445,990.9389778091493,317.4224940703097,-2308.5159810870523,1439.718028661533,-6514.781531346804,-3828.0844957982813,-8.7695294875613,2468.1542407477864,-1452.1842125045944,-2381.077425652111,-374.31993575921825,388.8388530800326,-2475.419199103826,-821.2552898579986,-1608.3486850588383,2314.6824300911135,-2309.987651463343,-1217.1453354495038,-1058.5171583515837,3344.8856870766767,4902.007671794117,2869.996782574402,390.3198446409506,76.29020020852894,5293.019466943945,2478.8471021640075,2226.9184915828437,-532.7874668242915,1870.319394997928,1072.4932099317004,4371.525515780047,-593.6487235643025,1146.5451027296415,703.4992808533607,-1931.7909890742512,-949.3419668667501,5516.268548013826,4791.435587438052,-1232.0309782955774,3070.83202904673
-391.73033029227895,-107.65587548608353,883.1465208041349,2376.6980198009687,580.155280705542,186.00041643837906,-1351.7365778181522,843.0665299195488,-3814.1762938015213,-2241.4004954244974,-5.1533146201942825,1445.1256091855594,-850.2486116660828,-1393.9191030105355,-219.01953851442866,227.5796382895605,-1449.3464819657236,-480.81648720860204,-941.6049785839338,1355.1586073718381,-1352.4990706715657,-712.5072505585433,-619.6447769736483,1958.4533226531257,2869.996782574402,1680.4255457131937,228.5920199298901,44.97624412075011,3098.8871116096916,1451.2273615548427,1303.8697359897005,-311.89324233964436,1094.8818164915112,627.6128979561132,2559.5261773539905,-347.42151586392805,670.9791946405379,411.92924988779976,-1131.146801283258,-555.853435371655,3229.6962239431687,2805.174485909031,-721.2698858159588,1797.7417145117847
-53.25957991485657,-14.752420511728596,120.26860349430794,323.3281420909331,79.04963777895692,25.44075329837043,-183.88732967878101,114.95651677010434,-518.8381215921914,-305.2103818163233,-0.8046520576147091,196.697989511827,-115.98903168542873,-189.3447957200485,-29.304318551605427,30.99601489379871,-197.1239442478254,-65.6085557768666,-127.54729444064097,184.18212305056662,-184.01091184088403,-96.86417594292872,-84.16610206105787,266.0923350788596,390.3198446409506,228.5920199298901,31.477152084426372,7.175147187914326,421.31248783002155,197.41034985757182,177.2468776416128,-42.426633438683105,148.68534189795454,84.59172095750112,348.3993028587082,-47.415932197635996,90.47586970250002,56.56179881901405,-154.08537161863316,-75.62203747631901,439.6752229117743,381.29532911489986,-98.03276847981085,244.27901441378324
-10.422596917781666,-3.075362588620168,23.867149512205707,63.287225297302356,15.810931071955828,5.514758656784215,-36.25458696891065,23.406442050590208,-101.7003941163043,-60.79143522374708,-0.47436757137538016,38.97662860879568,-23.59415750163096,-36.32156807475265,-4.3849412372381265,6.122318860410783,-38.65946439641451,-13.422054147806424,-23.594829255865744,35.675911265807336,-36.23444066867151,-18.72517854583402,-16.099562451973988,51.48890353908196,76.29020020852894,44.97624412075011,7.175147187914326,4.397448996345141,81.98852410522937,38.61337108463439,34.555270484849366,-8.292338857462918,28.329228435911155,14.302152498219954,69.03264576710447,-9.56982718477422,15.414003091203533,12.45560633969429,-30.89885555223888,-14.914340598215619,87.13983783828085,73.95058362072676,-18.960305076977114,47.122065740567614
-722.4301213819573,-198.72646306828022,1628.7881613149873,4383.557382223995,1069.948427332667,342.6504188472192,-2492.5891673366937,1554.4395516954155,-7034.473860627432,-4133.289167751624,-9.452994408146864,2664.9719903496484,-1567.9078355126046,-2571.1368580779185,-404.3631021654901,419.88541208110223,-2672.875088301953,-886.7403718723024,-1736.7881057621,2499.3566175370406,-2494.219033112625,-1314.272159754245,-1143.015380028735,3611.726982055341,5293.019466943945,3098.8871116096916,421.31248783002155,81.98852410522937,5715.283830713834,2676.5881149491183,2404.5672957492952,-575.3053590042883,2019.5970082019962,1158.3638717602119,4720.130867568421,-641.0317660640268,1238.3092283580565,759.4506025099084,-2085.7783447547095,-1025.0620589152434,5956.158447326502,5173.7356246941235,-1330.3436642540487,3315.9298420491714
-338.32627553253315,-93.21372318718946,762.9059121395537,2053.108653856155,501.16799670669695,160.40848549011673,-1167.2343576317971,728.0030793280883,-3294.5605253054387,-1935.7602869244747,-4.482596394743127,1248.0916569137285,-734.4270741930975,-1204.164316424348,-189.27391066243825,196.7492123037777,-1251.752405076094,-415.42652942005776,-813.1738761690524,1170.4851154064106,-1168.0973288647965,-615.5689420034631,-535.3388846499223,1691.249919431218,2478.8471021640075,1451.2273615548427,197.41034985757182,38.61337108463439,2676.5881149491183,1253.5945233463217,1126.045636978807,-269.4839832236178,945.8320087886739,542.407725457529,2210.6250869389496,-300.43302975614336,579.8268852232976,355.87171890785845,-976.8219653816477,-480.056316041335,2789.5771254976517,2422.9892332552126,-623.0531414332634,1553.0135388529654
-303.9609976360735,-83.51156912570416,685.2164102519629,1844.139803185959,450.1175586069012,144.26673365661026,-1048.8252250516239,654.0604522777304,-2959.5159330101833,-1739.0445721945723,-3.9698694824741874,1121.2649799747844,-659.6263997773088,-1081.6690440608902,-170.10077838553627,176.5836846819865,-1124.5866750557368,-373.022164059699,-730.7741943897192,1051.5484459569807,-1049.4204604897225,-552.8761446776329,-480.8425249346801,1519.6903328979847,2226.9184915828437,1303.8697359897005,177.2468776416128,34.555270484849366,2404.5672957492952,1126.045636978807,1011.7339636272784,-242.0108189531307,849.6282240113774,487.23943063193383,1985.9191297951913,-269.54274943503833,520.8913194094382,319.46315910775667,-877.6048995182915,-431.29478530707536,2505.888537324195,2176.694802617663,-559.678352859996,1395.008109881478
72.72918083651462,20.12111106686088,-164.0180809627424,-441.38682803489934,-107.75642136432596,-34.43113267209018,250.82444480411036,-156.4569666322012,708.2136483064263,416.0340951129642,1.0022007306806955,-268.267342778048,157.90101081604848,258.8803665809523,40.68113183729905,-42.36045759531319,269.0403001188681,89.37511961462162,174.71207933115585,-251.58833890053643,251.06124637507315,132.34540974980175,115.10443563600751,-363.41929087272956,-532.7874668242915,-311.89324233964436,-42.426633438683105,-8.292338857462918,-575.3053590042883,-269.4839832236178,-242.0108189531307,57.96904644265335,-203.3136081902834,-116.62136706192018,-475.16934911868435,64.69286316366666,-124.65821967678741,-76.54145948325586,209.91844186359444,103.1842022656249,-599.6328910663324,-520.8288844311954,133.9366836016724,-333.90853722218736
-255.25013108612458,-70.25591792009175,575.5158599429003,1549.037620335353,378.0327584740649,120.90285728310474,-880.6328322722925,549.0287072871695,-2485.6341797059094,-1460.2414590424562,-3.2737595774664934,941.5438205735371,-553.88670516159425,-908.7008340178537,-143.15355657133293,148.39791875765792,-944.4013066599489,-313.23170355947417,-613.9242246513206,883.2346560354049,-881.262232696788,-464.5007319811893,-403.99892609168336,1276.2336706707708,1870.319394997928,1094.8818164915112,148.68534189795454,28.329228435911155,2019.5970082019962,945.8320087886739,849.6282240113774,-203.3136081902834,713.8490669192832,409.815577391549,1667.6624065329863,-226.53420265230307,438.0830465829913,268.1228086303768,-736.8101379391723,-362.1575075204899,2104.4121765715117,1828.2964684572814,-470.1427461485088,1171.8696924457945
-146.38768288311658,-40.24769923305282,329.8314722797513,888.3404175961418,216.56950341413392,68.87162346516642,-504.63308934885436,314.20810174601303,-1425.3534839189924,-836.6192025847482,-1.718492371963565,539.5664072251631,-317.013372929611,-521.645140342653,-83.01563074050223,85.16397703638982,-541.5136821569395,-179.3685978180621,-352.84132382207343,506.6531534518695,-505.1635025687995,-266.5504698449477,-231.9434290022821,732.0241987786907,1072.4932099317004,627.6128979561132,84.59172095750112,14.302152498219954,1158.3638717602119,542.407725457529,487.23943063193383,-116.62136706192018,409.815577391549,236.60150359600402,955.7208643044485,-129.95127473519426,252.74570487603108,152.9018772706578,-421.9970589848538,-207.606669105138,1206.0456635556232,1048.8499138554855,-269.7694837235905,672.5589150102445
-596.6804574571214,-164.24112889324107,1345.3896700144012,3620.4642853834903,883.8446299578143,283.23351817171357,-2058.7776527615624,1284.2389232883008,-5809.981814934234,-3414.197883375426,-7.973547647330292,2201.264679287785,-1295.3622502993708,-2123.2384231032825,-333.37611841542434,346.8434832486162,-2207.6102795573443,-732.6723201027312,-1433.8126527147058,2064.0951924012256,-2060.114738909381,-1085.3749912659414,-943.8806575741261,2982.697806484949,4371.525515780047,2559.5261773539905,348.3993028587082,69.03264576710447,4720.130867568421,2210.6250869389496,1985.9191297951913,-475.16934911868435,1667.6624065329863,955.7208643044485,3898.8201648795066,-529.6013824231628,1021.7288969014514,627.8585023373919,-1722.9920432465826,-846.6749308717166,4919.773811403503,4272.7838789584,-1098.6543114209849,2738.4254932329973
81.05611721656138,22.69244865126938,-182.9440435277712,-492.18130936128716,-120.20594988703371,-38.18483032506782,279.2007278747485,-174.35995184286833,789.5117931886091,463.64612153241603,1.2364594570385048,-298.9485836981329,176.1285840401978,288.61342935741874,45.235080084957865,-47.44640437987758,299.80154745847636,99.9157319739303,194.31685367450277,-280.26150891488714,279.7321204077605,147.60292977261074,128.34508549443473,-404.5132751169626,-593.6487235643025,-347.42151586392805,-47.415932197635996,-9.56982718477422,-641.0317660640268,-300.43302975614336,-269.54274943503833,64.69286316366666,-226.53420265230307,-129.95127473519426,-529.6013824231628,72.61953624115937,-138.79009836814595,-85.62941633436944,233.91047235624342,114.98697697748268,-668.4593460134967,-580.3965972168043,149.30595923347997,-372.31013437716405
-156.48111891824215,-42.991737681465544,352.59446630812516,949.6050129976383,231.52430752471102,73.71526582870786,-539.5802593442551,335.94997789801397,-1523.6601444194937,-894.4199136899914,-1.8275548695768928,576.8461647962224,-338.949706930169,-557.5627390031505,-88.65349156229162,90.98644610232711,-578.8759248381974,-191.6999458073705,-377.18131987821414,541.6442563664817,-540.0594061749633,-284.91258816507906,-247.91712578194594,782.6303164474882,1146.5451027296415,670.9791946405379,90.47586970250002,15.414003091203533,1238.3092283580565,579.8268852232976,520.8913194094382,-124.65821967678741,438.0830465829913,252.74570487603108,1021.7288969014514,-138.79009836814595,270.0642651653896,163.4834992521662,-451.1654780250458,-221.9344622686241,1289.3153610040952,1121.2016943014708,-288.35945362087773,718.8778695746729
-96.01916340406319,-26.69208589209297,216.77830879217868,582.9091234606186,142.47654152419543,45.688265465515805,-331.28586089300757,207.02979400305296,-935.2844057700755,-549.89586289323,-1.4684038953119,354.4602908276486,-208.97101060720541,-341.49531109944974,-53.0419733897081,55.98023736401188,-355.2850436710941,-118.31076910362437,-229.99432814058437,332.0246716671814,-331.61584776926424,-174.67873174286947,-151.82121416643025,479.5364858506117,703.4992808533607,411.92924988779976,56.56179881901405,12.45560633969429,759.4506025099084,355.87171890785845,319.46315910775667,-76.54145948325586,268.1228086303768,152.9018772706578,627.8585023373919,-85.62941633436944,163.4834992521662,101.80569286949866,-277.55523203170327,-136.29342607846806,792.3729373349743,687.4109692094979,-176.7615455769266,440.5776970086835
263.66983063446474,72.48408635753255,-594.5141234995042,-1599.7583212096663,-390.5663842916642,-125.3001709636929,909.9020882727297,-567.6589695617889,2567.364817457978,1508.9293717208363,3.520021855945922,-972.8102351085679,572.4734640047996,938.0955221326814,147.15119798898618,-153.1840878845972,975.5832961249666,323.74258803183307,633.5288081249039,-912.0750109789512,910.4170358206144,479.5447389556616,417.00156489459164,-1318.1246300014527,-1931.7909890742512,-1131.146801283258,-154.08537161863316,-30.89885555223888,-2085.7783447547095,-976.8219653816477,-877.6048995182915,209.91844186359444,-736.8101379391723,-421.9970589848538,-1722.9920432465826,233.91047235624342,-451.1654780250458,-277.55523203170327,761.5477285652137,374.16771593447345,-2174.14301220673,-1888.0283663373605,485.4438143379062,-1209.9008904086734
129.58794741333074,35.642682055416856,-292.1475282807973,-786.2095816568958,-191.9206743523797,-61.50981092004932,447.10437821998585,-278.88129299452675,1261.7224589002499,741.4282945767065,1.7270280385913295,-478.0340899655514,281.2661146655612,461.10941198379487,72.44127884474148,-75.3135053702299,479.4314416430756,159.09661282278245,311.4265003524571,-448.2560404134288,447.3878810321237,235.69621341166643,204.97935355870243,-647.7791365975594,-949.3419668667501,-555.853435371655,-75.62203747631901,-14.914340598215619,-1025.0620589152434,-480.056316041335,-431.29478530707536,103.1842022656249,-362.1575075204899,-207.606669105138,-846.6749308717166,114.98697697748268,-221.9344622686241,-136.29342607846806,374.16771593447345,183.87575627040133,-1068.3690080159174,-927.9186068362479,238.59205121921548,-594.7077596473739
-752.9134278188499,-207.35370606528195,1697.768970919939,4568.6799292419555,1115.3395434917986,357.30931168672356,-2597.7731994937876,1620.4962010968247,-7331.496285838123,-4308.231348797675,-10.077590264228904,2777.6714381981005,-1634.6308661082244,-2679.297729672788,-420.6647866313191,437.7478665128853,-2785.6735187368295,-924.6059186599963,-1809.1752503393914,2604.5932099690854,-2599.5538657745237,-1369.6652868811761,-1191.093378758499,3763.5977318743066,5516.268548013826,3229.6962239431687,439.6752229117743,87.13983783828085,5956.158447326502,2789.5771254976517,2505.888537324195,-599.6328910663324,2104.4121765715117,1206.0456635556232,4919.773811403503,-668.4593460134967,1289.3153610040952,792.3729373349743,-2174.14301220673,-1068.3690080159174,6208.151782537324,5391.690539173341,-1386.3804894426771,3455.5953691286118
-653.9823850765705,-179.95925515256465,1474.4501792146752,3968.2558583330983,968.5589929159095,310.07583030337383,-2256.2865057636927,1407.0381769553107,-6367.954216971375,-3741.48855360652,-8.566337926349066,2412.3909264487147,-1419.282727443544,-2327.6211459429733,-366.17332776506913,380.1662625081868,-2419.5796131627485,-802.7471804040938,-1572.2588815500678,2262.5410306192325,-2257.8325638880556,-1189.7874669949451,-1034.7725429403924,3269.4201488279587,4791.435587438052,2805.174485909031,381.29532911489986,73.95058362072676,5173.7356246941235,2422.9892332552126,2176.694802617663,-520.8288844311954,1828.2964684572814,1048.8499138554855,4272.7838789584,-580.3965972168043,1121.2016943014708,687.4109692094979,-1888.0283663373605,-927.9186068362479,5391.690539173341,4683.5564691421005,-1204.3186399794577,3001.8731628610876
168.15866628471426,46.30899083177341,-379.1460745869027,-1020.4201950618193,-249.05806502428436,-79.68310103852866,580.1092655066183,-361.7629548948143,1637.446645160716,962.0275057390865,2.2064873044394684,-620.2856387555357,364.9425912690277,598.5501133123443,94.1848237815445,-97.7853920858821,622.1445400572852,206.43623603527402,404.2698655782501,-581.7727327649004,580.5468733141963,305.9621889137057,266.0986795586839,-840.6241157749528,-1232.0309782955774,-721.2698858159588,-98.03276847981085,-18.960305076977114,-1330.3436642540487,-623.0531414332634,-559.678352859996,133.9366836016724,-470.1427461485088,-269.7694837235905,-1098.6543114209849,149.30595923347997,-288.35945362087773,-176.7615455769266,485.4438143379062,238.59205121921548,-1386.3804894426771,-1204.3186399794577,309.6866382194633,-771.9317991182378
-419.17028247221447,-115.53465704146053,945.0579721467506,2543.529598440878,620.8099510629021,198.53281490784494,-1445.845393889559,901.6489712983335,-4081.4998820877413,-2397.7775903000447,-5.5589255254464955,1546.0729961158884,-909.635074255049,-1492.0235168812912,-234.8239394350961,243.8412735196873,-1550.7124015666338,-514.6638479932866,-1007.6111481969026,1450.0993553471853,-1447.0152825274815,-762.6629213274379,-663.3272408416143,2095.171326264642,3070.83202904673,1797.7417145117847,244.27901441378324,47.122065740567614,3315.9298420491714,1553.0135388529654,1395.008109881478,-333.90853722218736,1171.8696924457945,672.5589150102445,2738.4254932329973,-372.31013437716405,718.8778695746729,440.5776970086835,-1209.9008904086734,-594.7077596473739,3455.5953691286118,3001.8731628610876,-771.9317991182378,1924.2609900506943
