V1,V2,V3,V4,V5,V6,V7,V8,V9,V10,V11,V12,V13,V14,V15,V16,V17,V18,V19,V20,V21,V22,V23,V24,V25,V26,V27,V28,V29,V30,V31,V32,V33,V34,V35,V36,V37,V38,V39,V40,V41,V42,V43
0.7100905623895611,0.10878440774031306,-0.0671052863317079,-1.2019166394223335,0.1114657262689975,-0.26275183046121886,0.019842615472962535,-0.433143049426596,0.49427068520810896,0.6565557967817043,0.304251053476236,0.34756667147598447,0.7254514083645125,0.5915055172568549,0.007105918775748837,-0.1369878856703918,-0.008967943038128564,-0.27316301629264894,-0.13423989019227997,-0.7543959618785027,-0.14767979731800548,0.4264447987554753,0.35564654899139536,0.18683513152446696,-0.5282514624767127,-0.5533451388423547,-0.005882213667826253,-0.12643872986799978,-0.23767550202538765,-0.06026044642580438,0.40497298299015555,-0.7362007182485437,-0.30996936726999597,0.37319031707479366,-0.1601690123353097,-0.49395124152586284,0.17197829662935665,-0.5111614525341368,-0.10661410277110482,-0.45436228803042483,-0.5039432635247063,-0.048764921289207834,0.3180456688130754
0.10878440774031306,2.26528597292277,-0.48598700107038106,-0.6617557340310624,-0.3167208407012185,-0.7754982606697427,0.9974772574491584,0.6837047676788883,-1.1745672424755311,-0.8678663098066081,-1.4686755131288796,0.9076024348331426,0.17014334073132267,-0.21351827680886118,0.4524963364334675,-0.9657068825389654,1.5817619703541639,-0.7609500704416299,0.6742324176199793,-1.349818740394784,-0.26285561688557596,0.5240482956226061,-0.89067653737613794,-0.5010822425526981,-2.008152692002983,-0.5698066535784615,-0.6510653578339572,0.20052433208424766,0.8535355636082199,0.738871569426505,-0.2324923059495731,-0.15089114825057037,0.2306589404343131,-0.36149421626608624,-0.6521996769588709,0.7023226221442419,-2.059566076379577,0.7792931443216754,0.46382908284063706,-1.2591999071851607,-0.15551449874312256,-0.9967084755481851,-2.317101771651271
-0.0671052863317079,-0.48598700107038106,1.8183221130093032,-0.08827422533710548,-0.1527130470895063,-0.054542635564737006,-0.2085095941018954,-0.7463455342409795,0.114773137486432,1.0308937771123703,0.15870691756362273,0.7824848700698046,-0.6042677818333017,1.5878798101822085,-0.4825921944610076,-0.42524275091955865,-0.6091641397260794,0.4559828532854884,0.1610874657274234,0.22295219469169478,0.12146551393258125,-0.37316695793136745,0.21261537689661525,-0.5937342877814531,-0.05379554200155356,-0.4000586884100817,0.2978818298248534,-0.8433273440533239,0.0997419989436439,0.6379818946981068,0.3858469596730617,-0.5356516344680189,-0.8157864565408138,-0.23346564787807142,0.5693565839379972,0.18544053003812963,0.7965665039864528,1.0118031356518007,0.8332509752343439,-0.11249227332531064,-0.21076877731482874,-0.8447810604233253,-0.11452080631513271
-1.2019166394223335,-0.6617557340310624,-0.08827422533710548,2.5938566361561777,-0.05685833106477587,0.6247612367094302,-0.2880644893993955,0.3410022184988618,-0.6887321173120114,-1.670636637697875,0.09648756582853946,-1.1132019954435195,-0.8760390613803191,-1.3252884123884963,0.2472665800749591,1.5919656431686717,-0.08598927088285777,0.7114214899966411,-0.39330384640346394,1.247064189741556,0.7890562698813697,-1.4484535252656179,0.04695470113161912,0.07356154526389339,1.355195746741071,0.6862513922778077,0.023510728418277057,0.057566840521066885,-0.37905197848362987,-0.037249971410903936,-1.193925808027726,1.5164723167935905,0.6637328888589584,-0.8557683256030693,0.7644236645724576,1.1426406910722655,-0.3044590230129545,0.612940093215978,-0.5503579787837372,1.2211049369369054,0.4798316232729281,0.802545166046885,0.33038946150885234
0.1114657262689975,-0.3167208407012185,-0.1527130470895063,-0.05685833106477587,0.10166789218645833,0.097651189795246,-0.1503802824866434,-0.11225349084011393,0.2619168811717011,0.08894971406031345,0.3118212173763104,-0.19775800679561892,0.17873936750014824,-0.06284783288869963,-0.004141059469061515,0.25488064416385414,-0.21637719685440893,0.031681145680466795,-0.19371314769521691,0.06416651229344186,0.02034170846839608,-0.0037569653257303395,0.2015734854052408,0.18236587826628736,0.28585285964653917,0.043976864283864874,0.07459615278376776,0.03896536029551641,-0.22485127721509962,-0.22087090324965813,0.05420355930193421,-0.017087803913373695,0.026776243249090382,0.13823668365009545,0.03456682112569282,-0.20712203173685328,0.275737447191207,-0.34539338162720123,-0.2138939988381886,0.16910299323804637,-0.04761414641769228,0.27847458413723464,0.4954209792065304
-0.26275183046121886,-0.7754982606697427,-0.054542635564737006,0.6247612367094302,0.097651189795246,0.39383273338421493,-0.3373751322066602,-3.41821030278878e-5,0.25535886271403346,-0.03596879659903143,0.43721434431129613,-0.5730479619749193,-0.16746627048157608,-0.3550428909508096,-0.10612428517702792,0.4747149497022642,-0.4937171509502613,0.2965564540907762,-0.23692714443692608,0.7190041183590347,0.10023584846225957,-0.22518988545672747,0.15483333389447204,0.22841321525644614,0.9323534876005818,0.4713581484032457,0.20555886391519795,0.12453678656482568,-0.22420555398318712,-0.3650129704336201,-0.08378082398872917,0.3904107050745611,0.15702802976485364,0.06333639838578044,0.18583412883875608,-0.12371889302176159,0.5845760027166532,-0.286452978335851,-0.25638178629890673,0.6192534531313384,0.26204243190044163,0.5162482631327828,0.7783939288387206
0.019842615472962535,0.9974772574491584,-0.2085095941018954,-0.2880644893993955,-0.1503802824866434,-0.3373751322066602,0.4499793781213653,0.3520877883894878,-0.5227673961346253,-0.34850741932993523,-0.7170078487416767,0.4133048598610122,-0.006467837816396455,-0.09471848043911053,0.16916277535397242,-0.5635873596076527,0.6924945151518417,-0.3354294134919354,0.36995489208778426,-0.5370645637185198,-0.16094685641589135,0.2727133097761894,-0.45462987217176926,-0.2596055528027608,-0.8906114029339371,-0.19997022908871093,-0.2896605670698547,0.10925935358600555,0.43703716782424684,0.32636038066691636,-0.07382188265888273,-0.0580326304249504,0.08284877254090652,-0.14220333839881263,-0.3197824349273265,0.2788812526570543,-0.8774864540794068,0.3717462289446544,0.27134357745060617,-0.5670523112740072,-0.005376104987745144,-0.48974756921523627,-1.0872621762972459
-0.433143049426596,0.6837047676788883,-0.7463455342409795,0.3410022184988618,-0.11225349084011393,-3.41821030278878e-5,0.3520877883894878,1.067820310739361,-0.5843974225025856,-0.5234350666360362,-0.8808020241125546,-0.11064381727573912,-0.5073538383625059,-0.93184523887969,0.036914348524613595,-0.9348755324967857,0.44538451102520416,-0.31662876891134517,0.5693920154576326,0.3521467519604658,-0.4467873553305852,0.5489875737517776,-0.9583053661973402,-0.2151908810930986,-0.08448220453068485,0.7863256815280875,-0.1797894343187637,0.6490890648519565,0.8364070017131401,-0.13604708378250577,-0.011636663586736087,0.5112221216095914,0.5339929775386107,0.046463773548971854,-0.649054320228018,-0.02226131714265791,-0.5949219346652044,0.074696486093333,0.31929101345492816,-0.06852902160770287,0.7766513956354804,-0.22682815800416742,-1.0190634640576082
0.49427068520810896,-1.1745672424755311,0.114773137486432,-0.6887321173120114,0.2619168811717011,0.25535886271403346,-0.5227673961346253,-0.5843974225025856,1.1038261996214114,1.1413685067275914,0.9770157142211565,-0.2616535446675898,0.43851514278972564,0.5122364860474948,-0.3144235911157186,0.14284776958878015,-0.9102227477048629,0.15582762299448205,-0.35706422046773123,0.2727086527996338,-0.1312015103490242,0.28049421382289846,0.6311935932078895,0.4419099838074786,0.7336788846183601,0.05278094399986467,0.3721365050002282,-0.06964691433234826,-0.5119073479957185,-0.5592200894590666,0.5698210236706885,-0.49492274051974844,-0.35507153196760444,0.6319917032204506,0.07523263946677637,-0.9552753431416299,1.3815447226533524,-0.9502122630499601,-0.2641804433169436,0.31881423734692577,-0.15763378240666145,0.4961617591721822,1.497825603255285
0.6565557967817043,-0.8678663098066081,1.0308937771123703,-1.670636637697875,0.08894971406031345,-0.03596879659903143,-0.34850741932993523,-0.5234350666360362,1.1413685067275914,2.4923529301045306,0.49283764436431243,0.7243125533890342,0.0029860531175531246,1.6538418574967966,-0.8175753526202771,-1.585435643943268,-1.0721504982729482,-0.029205932700560957,0.3493345850579218,0.23243128940217608,-0.7055050564779274,1.0844857619642463,0.1151238214219913,-0.11627540302700651,0.13098157606923955,0.09275437693025064,0.534610082434148,-0.2716045679024109,0.37711407002681424,-0.18166518977333349,1.4254603980232494,-1.2750474612434828,-0.8886688530139372,0.9234933118416825,-0.32343842164772013,-1.4390132789764332,1.8180951252777335,-0.47222389369204665,0.816551756516559,-0.28152790650069986,0.06811070216447705,-0.6151448837113251,0.6038294441064384
0.304251053476236,-1.4686755131288796,0.15870691756362273,0.09648756582853946,0.3118212173763104,0.43721434431129613,-0.7170078487416767,-0.8808020241125546,0.9770157142211565,0.49283764436431243,1.5018986040007998,-0.6830269381537278,0.6640662915048046,0.20075506974523488,-0.07783768565482803,1.5318352853727988,-0.9661341248198819,0.4283527961157124,-0.9523071009653961,0.32701655440886485,0.4283566447140894,-0.4799866733294761,1.101581054713667,0.7122395515208657,1.2202747538613357,-0.09265518531407897,0.42378204952228665,-0.24409023198907726,-1.0594494995759696,-0.5552704240900876,0.026434368310824297,-0.11334436959628812,-0.09943850877471301,0.2547763278755114,0.5779796374713625,-0.4119559339335155,1.1922359537819411,-0.9122478184924737,-0.8488403696876984,0.7946620163370403,-0.4386736942207759,1.0627928689012232,2.0886273388231933
0.34756667147598447,0.9076024348331426,0.7824848700698046,-1.1132019954435195,-0.19775800679561892,-0.5730479619749193,0.4133048598610122,-0.11064381727573912,-0.2616535446675898,0.7243125533890342,-0.6830269381537278,1.2145542882616496,-0.1508578679463563,1.1803635292468426,-0.1786865265833316,-1.3574311231431606,0.33645227230304486,-0.3220358060251041,0.5932652783887917,-0.780014695806592,-0.3526476991080343,0.4985230261315409,-0.3765093306242986,-0.6673802829842109,-1.2979955344494718,-0.5878313878391903,-0.12539198849382127,-0.38152082832642786,0.6288516264728311,0.6764390798428651,0.5432940003902628,-0.8287162319627516,-0.5512828709704742,-0.0040989764711721315,-0.2570780240976958,-0.017142733125460954,-0.31860485756527634,0.7365592310689476,0.9394011092985632,-0.9754281588479997,-0.22691822018104785,-1.2386432620085983,-1.2712474005338419
0.7254514083645125,0.17014334073132267,-0.6042677818333017,-0.8760390613803191,0.17873936750014824,-0.16746627048157608,-0.006467837816396455,-0.5073538383625059,0.43851514278972564,0.0029860531175531246,0.6640662915048046,-0.1508578679463563,1.3096080498353955,-0.041340705603222345,0.3435443278300266,0.9991995322775693,0.2531140004750403,-0.2789596487679897,-0.6193699313869799,-0.9666656864220884,0.19262773619509244,0.13477498196799792,0.6811401541898284,0.6748501985720243,-0.35682076826125747,-0.672594511855224,-0.0824633370778105,0.022195191879560826,-0.6762225855053587,-0.23782740012844986,-0.07995666658949084,-0.42820304166140893,0.06861326308999507,0.2421780278811208,-0.031014675022325806,-0.19574342460301783,-0.2731069081457871,-0.8835241577797939,-0.8456790116581258,-0.2239897640063884,-0.7653473803029001,0.6368595767964541,0.7772921007672765
0.5915055172568549,-0.21351827680886118,1.5878798101822085,-1.3252884123884963,-0.06284783288869963,-0.3550428909508096,-0.09471848043911053,-0.93184523887969,0.5122364860474948,1.6538418574967966,0.20075506974523488,1.1803635292468426,-0.041340705603222345,2.050974119344184,-0.4941301810286001,-0.9544054087125997,-0.527359096889878,0.08387809278323022,0.22711734016764676,-0.4839122695184247,-0.18159080143444425,0.23207990538397139,0.32766030019265696,-0.513326189253072,-0.6796457172896876,-0.7999422811647442,0.2384729639081119,-0.8401909306065132,0.07891554096364863,0.5599007374621271,0.8592316525143509,-1.2325762614495075,-1.0729690462361279,0.190274588712121,0.2276328513068819,-0.3900968724240735,0.879131513163228,0.5233569629476876,0.8790646646447147,-0.6486148254127936,-0.5315105104133399,-1.032844276224188,-0.0861135276223439
0.007105918775748837,0.4524963364334675,-0.4825921944610076,0.2472665800749591,-0.004141059469061515,-0.10612428517702792,0.16916277535397242,0.036914348524613595,-0.3144235911157186,-0.8175753526202771,-0.07783768565482803,-0.1786865265833316,0.3435443278300266,-0.4941301810286001,0.3832681328970349,0.7092675359851797,0.5216664383514142,-0.10273654160976009,-0.2292154444974929,-0.4516041202667595,0.2959204235315676,-0.32568963344966184,0.13419018900231974,0.1761465569393216,-0.30814732725171584,-0.3033426525157244,-0.2360510623906399,0.048823269904634405,-0.2765895333913445,0.08432849991277552,-0.5064512030060867,0.23481213274721513,0.26940138093552696,-0.27321357893400205,0.08818921501119711,0.46105397639022394,-0.7813453629879652,-0.0013376191191092133,-0.4557581563750994,-0.06233641219099533,-0.2758072410605696,0.281049483555825,-0.14671240959375953
-0.1369878856703918,-0.9657068825389654,-0.42524275091955865,1.5919656431686717,0.25488064416385414,0.4747149497022642,-0.5635873596076527,-0.9348755324967857,0.14284776958878015,-1.585435643943268,1.5318352853727988,-1.3574311231431606,0.9991995322775693,-0.9544054087125997,0.7092675359851797,3.6875563819662074,-0.08375111278570034,0.6298608070126098,-1.625598665100545,-0.0836003163086127,1.4266137685240343,-1.8384798291113913,1.5415396958462055,1.051825635565394,1.143371259171265,-0.5907927567338503,0.03556395535490119,-0.3349360877175457,-1.84097753419205,-0.26672532477928024,-1.4265269088142463,0.8296832908121725,0.5199281284664288,-0.6937272736327375,1.239713012415885,1.0430511277051022,-0.3221817718591524,-0.4968765509080968,-1.9040453255238252,1.1484232621029309,-0.9391690989725181,1.8539952432698128,2.0268106093578875
-0.008967943038128564,1.5817619703541639,-0.6091641397260794,-0.08598927088285777,-0.21637719685440893,-0.4937171509502613,0.6924945151518417,0.44538451102520416,-0.9102227477048629,-1.0721504982729482,-0.9661341248198819,0.33645227230304486,0.2531140004750403,-0.527359096889878,0.5216664383514142,-0.08375111278570034,1.3366850748710448,-0.4576184795740223,0.2904444520969735,-0.9994294881972264,0.10116667115031314,0.016902645085648045,-0.4148939073022861,-0.13131383286288872,-1.3728949157435746,-0.5159524619331811,-0.5492128097154123,0.1459901589801479,0.30118516416424534,0.5191431424371814,-0.5808571608337664,0.12327335413052816,0.28763698747411937,-0.43329798942326325,-0.28301897905955864,0.7713612164468379,-1.737991512814965,0.5077231308241357,-0.07174295935081534,-0.735091211598532,-0.24490259708426526,-0.3479670336560947,-1.4883485214404608
-0.27316301629264894,-0.7609500704416299,0.4559828532854884,0.7114214899966411,0.031681145680466795,0.2965564540907762,-0.3354294134919354,-0.31662876891134517,0.15582762299448205,-0.029205932700560957,0.4283527961157124,-0.3220358060251041,-0.2789596487679897,0.08387809278323022,-0.10273654160976009,0.6298608070126098,-0.4576184795740223,0.4455105020179474,-0.26200986829786116,0.5545584852329001,0.32751365765721746,-0.5981751363185925,0.34711380332385167,0.05312978911407828,0.696644948946201,0.09229911225554649,0.18627296481789965,-0.24248490865602448,-0.36721815886905085,-0.0249306954143213,-0.2085382947502429,0.2618175413661475,-0.09992182205291797,-0.1901281245884088,0.49917964987103636,0.19520788444311019,0.515228885476526,0.1643432328560104,-0.13940495953290305,0.5189721686048491,0.004580397888563549,0.2888181783515157,0.6340544692515538
-0.13423989019227997,0.6742324176199793,0.1610874657274234,-0.39330384640346394,-0.19371314769521691,-0.23692714443692608,0.36995489208778426,0.5693920154576326,-0.35706422046773123,0.3493345850579218,-0.9523071009653961,0.5932652783887917,-0.6193699313869799,0.22711734016764676,-0.2292154444974929,-1.625598665100545,0.2904444520969735,-0.26200986829786116,0.8275942405513426,0.053109593374721625,-0.5525639988038147,0.6631863971210762,-0.8305816544680187,-0.5596240240255888,-0.6531381713535891,0.2686246139888248,-0.12101511205030907,0.1656729509007987,0.9141092604146716,0.27043138464065153,0.40103559719219034,-0.1644969425672298,-0.14955638301394675,0.10537552755961058,-0.5187258223219607,-0.15991878160240033,-0.20931742186845848,0.5076383722912875,0.8808678804623044,-0.5403521775956408,0.48134830801883033,-0.9019744668771865,-1.2741703799930468
-0.7543959618785027,-1.349818740394784,0.22295219469169478,1.247064189741556,0.06416651229344186,0.7190041183590347,-0.5370645637185198,0.3521467519604658,0.2727086527996338,0.23243128940217608,0.32701655440886485,-0.780014695806592,-0.9666656864220884,-0.4839122695184247,-0.4516041202667595,-0.0836003163086127,-0.9994294881972264,0.5545584852329001,0.053109593374721625,1.729778731254977,-0.10671899867266323,-0.16483913226592783,-0.22004912280264588,0.015606476438196145,1.6998388455214979,1.2467001311707009,0.429751981532502,0.27067303636837176,0.16713180207302342,-0.5330689103171181,0.107293234094071,0.7372972451088742,0.19476401148438796,0.13540336940726008,0.1506882137251182,-0.3248231194136186,1.2431688562928587,-0.1120075676413638,0.14849756332866063,1.0680740039075403,0.9366131539709291,0.42027349468067426,0.8136778541461972
-0.14767979731800548,-0.26285561688557596,0.12146551393258125,0.7890562698813697,0.02034170846839608,0.10023584846225957,-0.16094685641589135,-0.4467873553305852,-0.1312015103490242,-0.7055050564779274,0.4283566447140894,-0.3526476991080343,0.19262773619509244,-0.18159080143444425,0.2959204235315676,1.4266137685240343,0.10116667115031314,0.32751365765721746,-0.5525639988038147,-0.10671899867266323,0.706541327908591,-0.9775851069856335,0.6265593995933358,0.24573598351881504,0.22474660165050514,-0.4269405520296228,-0.03677179431930191,-0.34565643883365343,-0.7151729521304426,0.17575523573020468,-0.7044400033661088,0.29913267120645554,0.06825364906696305,-0.49290040624071485,0.654307721177576,0.6834931791259657,-0.29935767334783586,0.2067986609704426,-0.6183661010893521,0.3679284347400229,-0.4580736066351819,0.5132703551280311,0.48646693177793127
0.4264447987554753,0.5240482956226061,-0.37316695793136745,-1.4484535252656179,-0.0037569653257303395,-0.22518988545672747,0.2727133097761894,0.5489875737517776,0.28049421382289846,1.0844857619642463,-0.4799866733294761,0.4985230261315409,0.13477498196799792,0.23207990538397139,-0.32568963344966184,-1.8384798291113913,0.016902645085648045,-0.5981751363185925,0.6631863971210762,-0.16483913226592783,-0.9775851069856335,1.5266904357306499,-0.7450562626144456,-0.12268000141002887,-0.5110351709234535,0.43072406705333505,0.028253500927698717,0.5284964944332756,0.918871291520961,-0.29162431505627473,0.9917512978024717,-0.6029890095300224,-0.06309790532609812,0.7951973657046177,-1.017677365458491,-1.0532717670877358,0.27863408642599313,-0.5563481051554052,0.6464861209559515,-0.6396958452822734,0.44896168753297266,-0.5769112316210468,-0.5863464537912412
0.35564654899139536,-0.89067653737613794,0.21261537689661525,0.04695470113161912,0.2015734854052408,0.15483333389447204,-0.45462987217176926,-0.9583053661973402,0.6311935932078895,0.1151238214219913,1.101581054713667,-0.3765093306242986,0.6811401541898284,0.32766030019265696,0.13419018900231974,1.5415396958462055,-0.4148939073022861,0.34711380332385167,-0.8305816544680187,-0.22004912280264588,0.6265593995933358,-0.7450562626144456,1.13164484739393,0.5457486690034893,0.46378570664561564,-0.6199817669043522,0.17045179585074324,-0.46591651453544436,-1.115404588640559,-0.12808481370710553,-0.2820667045220492,-0.21357888379876536,-0.23877628923268224,-0.05622949769753541,0.6926746965624557,0.04054104754570867,0.5128657832906757,-0.4514853402744151,-0.8136699389289173,0.4073860361935084,-0.7489180627066981,0.7762246230492044,1.443852202072597
0.18683513152446696,-0.5010822425526981,-0.5937342877814531,0.07356154526389339,0.18236587826628736,0.22841321525644614,-0.2596055528027608,-0.2151908810930986,0.4419099838074786,-0.11627540302700651,0.7122395515208657,-0.6673802829842109,0.6748501985720243,-0.513326189253072,0.1761465569393216,1.051825635565394,-0.13131383286288872,0.05312978911407828,-0.5596240240255888,0.015606476438196145,0.24573598351881504,-0.12268000141002887,0.5457486690034893,0.6957855362060644,0.542243004290715,0.020607499816434074,0.09036845467798622,0.17707067902487922,-0.6042809472748368,-0.46647752173018314,-0.23215883932578205,0.1156556056811379,0.23922435017339289,0.1881604607493376,0.10054151261789493,-0.2057906426950028,0.20573031176327397,-0.8354566588701924,-0.8447158393712997,0.41501390479228656,-0.22220177030621543,0.9221982058466561,1.077253459958793
-0.5282514624767127,-2.008152692002983,-0.05379554200155356,1.355195746741071,0.28585285964653917,0.9323534876005818,-0.8906114029339371,-0.08448220453068485,0.7336788846183601,0.13098157606923955,1.2202747538613357,-1.2979955344494718,-0.35682076826125747,-0.6796457172896876,-0.30814732725171584,1.143371259171265,-1.3728949157435746,0.696644948946201,-0.6531381713535891,1.6998388455214979,0.22474660165050514,-0.5110351709234535,0.46378570664561564,0.542243004290715,2.3468629610018463,1.1265248030304265,0.5813277836242778,0.22527847011591298,-0.5727343277581913,-0.9209357520938778,-0.045435108583590435,0.7810202216137005,0.34534217683600843,0.22916577743569483,0.45257372248906025,-0.4578932379252465,1.6035824550969489,-0.7972297032416833,-0.5977025518009378,1.534390566799914,0.5871088769370858,1.228286306745448,2.0509736833236514
-0.5533451388423547,-0.5698066535784615,-0.4000586884100817,0.6862513922778077,0.043976864283864874,0.4713581484032457,-0.19997022908871093,0.7863256815280875,0.05278094399986467,0.09275437693025064,-0.09265518531407897,-0.5878313878391903,-0.672594511855224,-0.7999422811647442,-0.3033426525157244,-0.5907927567338503,-0.5159524619331811,0.09229911225554649,0.2686246139888248,1.2467001311707009,-0.4269405520296228,0.43072406705333505,-0.6199817669043522,0.020607499816434074,1.1265248030304265,1.2818486648160572,0.23932806620295344,0.6197033214100299,0.5524752627004283,-0.5882460590736286,0.24796485174903288,0.6169057174953917,0.4479138448509789,0.31385895840301226,-0.3889709953622022,-0.48964283359518607,0.6455232051422122,-0.3520632742201652,0.1954784358063159,0.6442897074747614,1.009548021307088,0.2504806530285547,0.20915314829683068
-0.005882213667826253,-0.6510653578339572,0.2978818298248534,0.023510728418277057,0.07459615278376776,0.20555886391519795,-0.2896605670698547,-0.1797894343187637,0.3721365050002282,0.534610082434148,0.42378204952228665,-0.12539198849382127,-0.0824633370778105,0.2384729639081119,-0.2360510623906399,0.03556395535490119,-0.5492128097154123,0.18627296481789965,-0.12101511205030907,0.429751981532502,-0.03677179431930191,0.028253500927698717,0.17045179585074324,0.09036845467798622,0.5813277836242778,0.23932806620295344,0.26142438862053,-0.06374191142111461,-0.07550458088027241,-0.20023348801305393,0.2535565362448648,-0.0862731023241302,-0.10949612095126582,0.1889021358542993,0.09939080371803305,-0.33068354823100027,0.7297365523984851,-0.21268839790329291,0.025952253535168623,0.317384325035806,0.10881058761156691,0.14717976525106835,0.6044259604747682
-0.12643872986799978,0.20052433208424766,-0.8433273440533239,0.057566840521066885,0.03896536029551641,0.12453678656482568,0.10925935358600555,0.6490890648519565,-0.06964691433234826,-0.2716045679024109,-0.24409023198907726,-0.38152082832642786,0.022195191879560826,-0.8401909306065132,0.048823269904634405,-0.3349360877175457,0.1459901589801479,-0.24248490865602448,0.1656729509007987,0.27067303636837176,-0.34565643883365343,0.5284964944332756,-0.46591651453544436,0.17707067902487922,0.22527847011591298,0.6197033214100299,-0.06374191142111461,0.6191277384508849,0.3411589039353641,-0.4271300886107904,0.053499955331497276,0.35605736015986317,0.4599877790281807,0.26813212767050815,-0.5100167781527314,-0.2978200806181196,-0.16198201449291727,-0.4899140956300791,-0.1110423994482725,0.09613974913838946,0.48387191135008817,0.25683144263775876,-0.1092089942528914
-0.23767550202538765,0.8535355636082199,0.0997419989436439,-0.37905197848362987,-0.22485127721509962,-0.22420555398318712,0.43703716782424684,0.8364070017131401,-0.5119073479957185,0.37711407002681424,-1.0594494995759696,0.6288516264728311,-0.6762225855053587,0.07891554096364863,-0.2765895333913445,-1.84097753419205,0.30118516416424534,-0.36721815886905085,0.9141092604146716,0.16713180207302342,-0.7151729521304426,0.918871291520961,-1.115404588640559,-0.6042809472748368,-0.5727343277581913,0.5524752627004283,-0.07550458088027241,0.3411589039353641,1.2424356979714783,0.21680371051106778,0.523473671356252,-0.09090633520737611,0.049951056036893995,0.15998691425251088,-0.7347799973246552,-0.21371060470781547,-0.2908075333107687,0.49581982538571207,1.0099572196217002,-0.5274226437919662,0.7044636185400769,-0.9886531321796103,-1.4894093714681973
-0.06026044642580438,0.738871569426505,0.6379818946981068,-0.037249971410903936,-0.22087090324965813,-0.3650129704336201,0.32636038066691636,-0.13604708378250577,-0.5592200894590666,-0.18166518977333349,-0.5552704240900876,0.6764390798428651,-0.23782740012844986,0.5599007374621271,0.08432849991277552,-0.26672532477928024,0.5191431424371814,-0.0249306954143213,0.27043138464065153,-0.5330689103171181,0.17575523573020468,-0.29162431505627473,-0.12808481370710553,-0.46647752173018314,-0.9209357520938778,-0.5882460590736286,-0.20023348801305393,-0.4271300886107904,0.21680371051106778,0.7280013483138961,-0.1927095834335233,-0.21019705742222577,-0.2791220333665831,-0.461843750436384,0.18377938581784514,0.6460830074540928,-0.7013265584766619,0.9541598528295068,0.4302115162831972,-0.5210614735736036,-0.290893927313402,-0.7230930936915617,-1.0507118065894667
0.40497298299015555,-0.2324923059495731,0.3858469596730617,-1.193925808027726,0.05420355930193421,-0.08378082398872917,-0.07382188265888273,-0.011636663586736087,0.5698210236706885,1.4254603980232494,0.026434368310824297,0.5432940003902628,-0.07995666658949084,0.8592316525143509,-0.5064512030060867,-1.4265269088142463,-0.5808571608337664,-0.2085382947502429,0.40103559719219034,0.107293234094071,-0.7044400033661088,0.9917512978024717,-0.2820667045220492,-0.23215883932578205,-0.045435108583590435,0.24796485174903288,0.2535565362448648,0.053499955331497276,0.523473671356252,-0.1927095834335233,1.0503153177499838,-0.7269509055650686,-0.40578087963140635,0.6700870496054607,-0.4865049240364819,-1.0060403876924648,0.9632654472164441,-0.3335669905151893,0.709317492215827,-0.32800024166396546,0.2509922681204447,-0.5695390691382771,0.044662665628193425
-0.7362007182485437,-0.15089114825057037,-0.5356516344680189,1.5164723167935905,-0.017087803913373695,0.3904107050745611,-0.0580326304249504,0.5112221216095914,-0.49492274051974844,-1.2750474612434828,-0.11334436959628812,-0.8287162319627516,-0.42820304166140893,-1.2325762614495075,0.23481213274721513,0.8296832908121725,0.12327335413052816,0.2618175413661475,-0.1644969425672298,0.7372972451088742,0.29913267120645554,-0.6029890095300224,-0.21357888379876536,0.1156556056811379,0.7810202216137005,0.6169057174953917,-0.0862731023241302,0.35605736015986317,-0.09090633520737611,-0.21019705742222577,-0.7269509055650686,1.0990017291831404,0.637654393617439,-0.407291286466225,0.19530237807907935,0.6090551242850085,-0.41469129989944387,0.14014476260504408,-0.40508129205342946,0.6807726786746601,0.4575120518078897,0.5884336283229462,0.0730085989131301
-0.30996936726999597,0.2306589404343131,-0.8157864565408138,0.6637328888589584,0.026776243249090382,0.15702802976485364,0.08284877254090652,0.5339929775386107,-0.35507153196760444,-0.8886688530139372,-0.09943850877471301,-0.5512828709704742,0.06861326308999507,-1.0729690462361279,0.26940138093552696,0.5199281284664288,0.28763698747411937,-0.09992182205291797,-0.14955638301394675,0.19476401148438796,0.06825364906696305,-0.06309790532609812,-0.23877628923268224,0.23922435017339289,0.34534217683600843,0.4479138448509789,-0.10949612095126582,0.4599877790281807,0.049951056036893995,-0.2791220333665831,-0.40578087963140635,0.637654393617439,0.6481984612999833,-0.11241084545550285,-0.17121211384105725,0.232409233316724,-0.5500291527427209,-0.25805319114349073,-0.4284180854024996,0.3198063694402982,0.2865759307636522,0.4919603853754676,-0.030380843354991995
0.37319031707479366,-0.36149421626608624,-0.23346564787807142,-0.8557683256030693,0.13823668365009545,0.06333639838578044,-0.14220333839881263,0.046463773548971854,0.6319917032204506,0.9234933118416825,0.2547763278755114,-0.0040989764711721315,0.2421780278811208,0.190274588712121,-0.27321357893400205,-0.6937272736327375,-0.43329798942326325,-0.1901281245884088,0.10537552755961058,0.13540336940726008,-0.49290040624071485,0.7951973657046177,-0.05622949769753541,0.1881604607493376,0.22916577743569483,0.31385895840301226,0.1889021358542993,0.26813212767050815,0.15998691425251088,-0.461843750436384,0.6700870496054607,-0.407291286466225,-0.11241084545550285,0.6551333619831574,-0.4347531268514054,-0.9282700228560907,0.7695331912527362,-0.7593928604408722,0.10412582210340006,-0.05065230967470801,0.19092123857553317,0.06485769838586868,0.49570351603689017
-0.1601690123353097,-0.6521996769588709,0.5693565839379972,0.7644236645724576,0.03456682112569282,0.18583412883875608,-0.3197824349273265,-0.649054320228018,0.07523263946677637,-0.32343842164772013,0.5779796374713625,-0.2570780240976958,-0.031014675022325806,0.2276328513068819,0.08818921501119711,1.239713012415885,-0.28301897905955864,0.49917964987103636,-0.5187258223219607,0.1506882137251182,0.654307721177576,-1.017677365458491,0.6926746965624557,0.10054151261789493,0.45257372248906025,-0.3889709953622022,0.09939080371803305,-0.5100167781527314,-0.7347799973246552,0.18377938581784514,-0.4865049240364819,0.19530237807907935,-0.17121211384105725,-0.4347531268514054,0.7952305541198524,0.5460851132682171,0.2103395740607791,0.3197184472852469,-0.37959190060500264,0.45017914157351996,-0.4125399024629043,0.36760270319652005,0.7107695129349151
-0.49395124152586284,0.7023226221442419,0.18544053003812963,1.1426406910722655,-0.20712203173685328,-0.12371889302176159,0.2788812526570543,-0.02226131714265791,-0.9552753431416299,-1.4390132789764332,-0.4119559339335155,-0.017142733125460954,-0.19574342460301783,-0.3900968724240735,0.46105397639022394,1.0430511277051022,0.7713612164468379,0.19520788444311019,-0.15991878160240033,-0.3248231194136186,0.6834931791259657,-1.0532717670877358,0.04054104754570867,-0.2057906426950028,-0.4578932379252465,-0.48964283359518607,-0.33068354823100027,-0.2978200806181196,-0.21371060470781547,0.6460830074540928,-1.0060403876924648,0.6090551242850085,0.232409233316724,-0.9282700228560907,0.5460851132682171,1.3704451460902902,-1.2898778630636092,1.025225027849869,-0.22365094065540395,-0.015091818555591415,-0.3111306614700153,-0.05053342176183711,-0.7844914268700278
0.17197829662935665,-2.059566076379577,0.7965665039864528,-0.3044590230129545,0.275737447191207,0.5845760027166532,-0.8774864540794068,-0.5949219346652044,1.3815447226533524,1.8180951252777335,1.1922359537819411,-0.31860485756527634,-0.2731069081457871,0.879131513163228,-0.7813453629879652,-0.3221817718591524,-1.737991512814965,0.515228885476526,-0.20931742186845848,1.2431688562928587,-0.29935767334783586,0.27863408642599313,0.5128657832906757,0.20573031176327397,1.6035824550969489,0.6455232051422122,0.7297365523984851,-0.16198201449291727,-0.2908075333107687,-0.7013265584766619,0.9632654472164441,-0.41469129989944387,-0.5500291527427209,0.7695331912527362,0.2103395740607791,-1.2898778630636092,2.4441834936576847,-0.7956477677451038,0.2038700594524525,0.7838659718480299,0.3276335633226209,0.344769493388116,1.8917622729002708
-0.5111614525341368,0.7792931443216754,1.0118031356518007,0.612940093215978,-0.34539338162720123,-0.286452978335851,0.3717462289446544,0.074696486093333,-0.9502122630499601,-0.47222389369204665,-0.9122478184924737,0.7365592310689476,-0.8835241577797939,0.5233569629476876,-0.0013376191191092133,-0.4968765509080968,0.5077231308241357,0.1643432328560104,0.5076383722912875,-0.1120075676413638,0.2067986609704426,-0.5563481051554052,-0.4514853402744151,-0.8354566588701924,-0.7972297032416833,-0.3520632742201652,-0.21268839790329291,-0.4899140956300791,0.49581982538571207,0.9541598528295068,-0.3335669905151893,0.14014476260504408,-0.25805319114349073,-0.7593928604408722,0.3197184472852469,1.025225027849869,-0.7956477677451038,1.583097608829586,0.8018406568230091,-0.4068858130909796,0.014042666548528909,-1.0332240262383883,-1.5314333649801661
-0.10661410277110482,0.46382908284063706,0.8332509752343439,-0.5503579787837372,-0.2138939988381886,-0.25638178629890673,0.27134357745060617,0.31929101345492816,-0.2641804433169436,0.816551756516559,-0.8488403696876984,0.9394011092985632,-0.8456790116581258,0.8790646646447147,-0.4557581563750994,-1.9040453255238252,-0.07174295935081534,-0.13940495953290305,0.8808678804623044,0.14849756332866063,-0.6183661010893521,0.6464861209559515,-0.8136699389289173,-0.8447158393712997,-0.5977025518009378,0.1954784358063159,0.025952253535168623,-0.1110423994482725,1.0099572196217002,0.4302115162831972,0.709317492215827,-0.40508129205342946,-0.4284180854024996,0.10412582210340006,-0.37959190060500264,-0.22365094065540395,0.2038700594524525,0.8018406568230091,1.2795784905003922,-0.5871430746039832,0.45552665862342545,-1.2742375004386195,-1.2580153037150426
-0.45436228803042483,-1.2591999071851607,-0.11249227332531064,1.2211049369369054,0.16910299323804637,0.6192534531313384,-0.5670523112740072,-0.06852902160770287,0.31881423734692577,-0.28152790650069986,0.7946620163370403,-0.9754281588479997,-0.2239897640063884,-0.6486148254127936,-0.06233641219099533,1.1484232621029309,-0.735091211598532,0.5189721686048491,-0.5403521775956408,1.0680740039075403,0.3679284347400229,-0.6396958452822734,0.4073860361935084,0.41501390479228656,1.534390566799914,0.6442897074747614,0.317384325035806,0.09613974913838946,-0.5274226437919662,-0.5210614735736036,-0.32800024166396546,0.6807726786746601,0.3198063694402982,-0.05065230967470801,0.45017914157351996,-0.015091818555591415,0.7838659718480299,-0.4068858130909796,-0.5871430746039832,1.098110337969324,0.29567347942796407,0.9483984551425824,1.3186805715209609
-0.5039432635247063,-0.15551449874312256,-0.21076877731482874,0.4798316232729281,-0.04761414641769228,0.26204243190044163,-0.005376104987745144,0.7766513956354804,-0.15763378240666145,0.06811070216447705,-0.4386736942207759,-0.22691822018104785,-0.7653473803029001,-0.5315105104133399,-0.2758072410605696,-0.9391690989725181,-0.24490259708426526,0.004580397888563549,0.48134830801883033,0.9366131539709291,-0.4580736066351819,0.44896168753297266,-0.7489180627066981,-0.22220177030621543,0.5871088769370858,1.009548021307088,0.10881058761156691,0.48387191135008817,0.7044636185400769,-0.290893927313402,0.2509922681204447,0.4575120518078897,0.2865759307636522,0.19092123857553317,-0.4125399024629043,-0.3111306614700153,0.3276335633226209,0.014042666548528909,0.45552665862342545,0.29567347942796407,0.9012402773520145,-0.14761509905022027,-0.34592983164668695
-0.048764921289207834,-0.9967084755481851,-0.8447810604233253,0.802545166046885,0.27847458413723464,0.5162482631327828,-0.48974756921523627,-0.22682815800416742,0.4961617591721822,-0.6151448837113251,1.0627928689012232,-1.2386432620085983,0.6368595767964541,-1.032844276224188,0.281049483555825,1.8539952432698128,-0.3479670336560947,0.2888181783515157,-0.9019744668771865,0.42027349468067426,0.5132703551280311,-0.5769112316210468,0.7762246230492044,0.9221982058466561,1.228286306745448,0.2504806530285547,0.14717976525106835,0.25683144263775876,-0.9886531321796103,-0.7230930936915617,-0.5695390691382771,0.5884336283229462,0.4919603853754676,0.06485769838586868,0.36760270319652005,-0.05053342176183711,0.344769493388116,-1.0332240262383883,-1.2742375004386195,0.9483984551425824,-0.14761509905022027,1.4874126630643305,1.7030080683507542
0.3180456688130754,-2.317101771651271,-0.11452080631513271,0.33038946150885234,0.4954209792065304,0.7783939288387206,-1.0872621762972459,-1.0190634640576082,1.497825603255285,0.6038294441064384,2.0886273388231933,-1.2712474005338419,0.7772921007672765,-0.0861135276223439,-0.14671240959375953,2.0268106093578875,-1.4883485214404608,0.6340544692515538,-1.2741703799930468,0.8136778541461972,0.48646693177793127,-0.5863464537912412,1.443852202072597,1.077253459958793,2.0509736833236514,0.20915314829683068,0.6044259604747682,-0.1092089942528914,-1.4894093714681973,-1.0507118065894667,0.044662665628193425,0.0730085989131301,-0.030380843354991995,0.49570351603689017,0.7107695129349151,-0.7844914268700278,1.8917622729002708,-1.5314333649801661,-1.2580153037150426,1.3186805715209609,-0.34592983164668695,1.7030080683507542,3.139603184118968
