V1,V2,V3,V4,V5,V6,V7,V8,V9,V10,V11,V12,V13,V14,V15,V16,V17,V18,V19,V20,V21,V22,V23,V24,V25,V26,V27,V28,V29,V30,V31,V32,V33,V34,V35,V36,V37,V38,V39,V40,V41,V42,V43
0.5596125133978126,0.13557782283281475,0.040422546017326165,-0.978024340250926,0.09159651064932423,-0.20370949108684763,0.004983987279700235,-0.33401701697402797,0.3337771194807915,0.5739855175949053,0.35937639892517403,0.3338021469197728,0.6611369329480923,0.5120421770610992,-0.015036202909195677,-0.006162608431045963,-0.08954531266858946,-0.2526540124860163,-0.20216472106495378,-0.6090843840941801,-0.14278641037329087,0.41153120410951816,0.23692903171118973,0.14423746235701915,-0.3147205319778995,-0.3653920790700285,0.07063136518138943,-0.0873318827775155,-0.089066207666407,-0.06281564429691157,0.4131575870385477,-0.6008022839763555,-0.132620745646642,0.3012527391414293,-0.16603081489242752,-0.38618174634362995,0.13160014072288187,-0.4226541519524172,-0.06055072611213367,-0.3203995989446475,-0.38790865859699697,-0.056537214398249894,0.2831345481710473
0.13557782283281475,1.9704827850459705,0.03510641709820983,-0.7326365004627198,-0.22337484064999816,-0.6146065682247505,0.7176482284802563,0.540998744935026,-1.1233664124177745,-0.3106838410631267,-0.5638667555485858,1.0031900677102443,0.5881108187584979,0.08362164068487077,0.25614459844450516,-0.29201320249657164,0.8647985491587483,-0.783133110674858,0.07522851503636188,-1.1662104952315768,-0.3049758857287338,0.7677338890343767,-0.8321873890983073,-0.3553881430651741,-1.1298564658283106,-0.1561533265957226,-0.14505642423355758,0.1823685790196804,1.0959666908317507,0.5127956724952779,0.2627955675225545,-0.30406245015807054,0.6624775630232302,-0.21982062816734563,-0.6995365172646361,0.5018620991592451,-1.597346445359619,0.46258154807929314,0.43034442180704313,-0.8137324257027992,-0.1188768000373514,-0.8403691288885021,-1.6292463775613901
0.040422546017326165,0.03510641709820983,2.1208477772995855,-0.46628970525350405,-0.08283584962149416,-0.07361528491250736,-0.24523715090499915,-0.5477103443075425,-0.30117690666339125,1.419617516929286,1.1193672128948324,1.14024068073963,0.3468745633504137,1.6580716432817788,-0.5329434347152177,0.4688588468952077,-1.0865262004419172,5.314328213871666e-4,-0.6581000683116599,-0.05656377283342684,-0.09106907053941664,0.3614855747674514,-0.09963807299064345,-0.4034218662842633,0.6867449220093254,0.18927915528410688,0.8550514090867088,-0.5954202645342784,0.8544165202007183,0.39224188404370486,1.076774577866832,-0.7411622609324374,0.22967846616342144,-0.07614184799221177,0.08656434982862254,0.07797373464705293,0.5852910147197374,0.5372688517422592,0.771772189074307,0.1823347911267333,-0.16125277643700567,-0.7807826766749473,0.17959968553124114
-0.978024340250926,-0.7326365004627198,-0.46628970525350405,2.216026165900253,-0.06697078403676521,0.49841340216218183,-0.17273811211128048,0.24856617550294066,-0.31429708109001314,-1.62193234992404,-0.48052360457529153,-1.1572634897769885,-1.1192134559240872,-1.2640296148745505,0.27903619387797984,0.7830254964001796,0.28616885291241545,0.7419624323871777,0.13463901559842004,1.0874852527981496,0.7122879992221605,-1.4696071068590013,0.1831432494343341,0.03719401510830644,0.6338234860427621,0.2529472937243492,-0.3273208765883347,0.0158311598136658,-0.7178925678850685,0.029788594244657116,-1.356350206446104,1.3457144935610896,0.03398068825852478,-0.7151939052287242,0.7805676616687858,0.9160749358631899,-0.22267738380202987,0.6053772745192283,-0.5008925158814687,0.7894305730383809,0.36837427465887146,0.6940269556639703,0.1002831899191706
0.09159651064932423,-0.22337484064999816,-0.08283584962149416,-0.06697078403676521,0.07981562017787991,0.07761755972344583,-0.11765416271314841,-0.09192976549268328,0.18877206687159093,0.08573508243078,0.28203547407444846,-0.13209652133986144,0.17724711680411587,-0.026926169501987448,-0.010863272495427496,0.2293055890433223,-0.19548264238108157,0.012042746678765804,-0.1818153752522936,0.03982452508048609,-9.211263026107742e-5,0.030460931956704188,0.13904615317600594,0.13846763255969577,0.2481465955749899,0.05134575280681785,0.07946055917387077,0.03784517733706937,-0.14350536736291697,-0.17839168102534086,0.07800399875364745,-0.01840742077477022,0.05335482387972089,0.11296111482195828,0.012567268652316723,-0.1580937240766623,0.21321572986289566,-0.2745618935239006,-0.15380328399501028,0.13339189387477182,-0.03784472814178521,0.20671702004371093,0.3975449767992561
-0.20370949108684763,-0.6146065682247505,-0.07361528491250736,0.49841340216218183,0.07761755972344583,0.29829642118765387,-0.2593441469880609,0.00588794539411495,0.20568784973882082,-0.04758754772114944,0.30330192324912464,-0.45202009465772774,-0.1655579381466401,-0.2879438350423131,-0.07421767876040064,0.3366285416448885,-0.36378470716430045,0.23531556394302836,-0.158858159523767,0.5567854834783652,0.08846199302673517,-0.20398074077212913,0.13182224185728028,0.16853291176243496,0.6976673870410398,0.3481751641138209,0.1400671716125738,0.08670644527105248,-0.1987717314811984,-0.2758316548386574,-0.08842112329042152,0.3031401675551418,0.09656883876394082,0.042888771035529426,0.1547788948894436,-0.0997458764577693,0.4505703352804246,-0.2142845178697454,-0.20203776637662266,0.4750403895449211,0.20254393850723146,0.39865241729121587,0.5874949566786682
0.004983987279700235,0.7176482284802563,-0.24523715090499915,-0.17273811211128048,-0.11765416271314841,-0.2593441469880609,0.3532643293447869,0.2729017032795767,-0.36119123822497806,-0.33418829750434875,-0.6612149728949293,0.26151276582590005,-0.10138504931516856,-0.1224887887522136,0.14906798936612897,-0.521825721240921,0.5990853580110449,-0.2215835326734496,0.3695516053865431,-0.3888321103454573,-0.09830939222462244,0.131362059616175,-0.31669516557173383,-0.20658501015041875,-0.7615963525928015,-0.20645295585104612,-0.28932319894465247,0.07303176844286562,0.25025609051924724,0.2635238198239439,-0.14330775247577415,-0.014248825689952274,-0.02819167329093309,-0.12246103459075242,-0.2068354987462281,0.21708836149185867,-0.6715988172655296,0.3108356393374177,0.1920207107221799,-0.45909834137932276,-0.0031900873410576997,-0.3622244035555157,-0.8673341916321158
-0.33401701697402797,0.540998744935026,-0.5477103443075425,0.24856617550294066,-0.09192976549268328,0.00588794539411495,0.2729017032795767,0.8135150514293548,-0.4535539421450376,-0.38534052525595797,-0.6569985330983248,-0.08223480049674849,-0.35964026198927534,-0.7072449075673561,0.022209678952919767,-0.6987395614042747,0.3394917213238913,-0.24505478922077975,0.4258548435453296,0.2709046696341906,-0.35142702659874603,0.44755190089098623,-0.7458020668228713,-0.15337358255023664,-0.057916947325377145,0.6120172890184551,-0.12767422002916531,0.5085650014875941,0.6619787647035397,-0.10617870413865484,0.0023545391567313004,0.3938268166215921,0.42269863733877505,0.04046185545956042,-0.506995350693823,-0.009040293521892164,-0.4600575478645774,0.05548023431849296,0.24634486635629957,-0.05622625986848786,0.5953216836797818,-0.17222704728801633,-0.7778855158453958
0.3337771194807915,-1.1233664124177745,-0.30117690666339125,-0.31429708109001314,0.18877206687159093,0.20568784973882082,-0.36119123822497806,-0.4535539421450376,1.0475564969141822,0.5477912299513739,0.22969871949158552,-0.4745394196917714,-0.1013453611347685,0.16391359716102982,-0.15407419848091827,-0.30867720258429515,-0.38383590993074046,0.29709128060420875,0.13057360133822393,0.3240894207724437,0.0019262242526678303,-0.13647599227127333,0.627742443567537,0.3033601536961338,0.19053250081828854,-0.21618927898023624,-0.03843270910785285,-0.09037480166073923,-0.8019282160192469,-0.377490322955026,0.033151081251361014,-0.21734823700056627,-0.7148877129260955,0.4286853524726104,0.2420443089996319,-0.7093044618601658,1.076651466609617,-0.607597641643889,-0.27189171592151723,0.11511640717477843,-0.11973796875912432,0.44629548866864494,1.0094886938259704
0.5739855175949053,-0.3106838410631267,1.419617516929286,-1.62193234992404,0.08573508243078,-0.04758754772114944,-0.33418829750434875,-0.38534052525595797,0.5477912299513739,2.4647269603516375,1.221318451859378,1.0016979701858104,0.7068663484225026,1.6372930145989737,-0.7693269069022336,-0.5388553101723627,-1.3254848185204544,-0.3121561808547547,-0.3858502839204071,-0.005521029469836555,-0.696115538817585,1.3971937868186477,-0.13624208724183753,-0.020281885939777134,0.7058645672577779,0.4922176689593429,0.9425054711309835,-0.15563750352246367,0.9592256511461583,-0.2158944277558072,1.7428527773382334,-1.2554832281192878,0.03757400293388111,0.7982914667929327,-0.5487768321081086,-1.1482675303513867,1.3665122294870815,-0.5614970355325231,0.7297406264864293,0.004499060988095036,0.05196027843477326,-0.5735596067567202,0.6824265406754549
0.35937639892517403,-0.5638667555485858,1.1193672128948324,-0.48052360457529153,0.28203547407444846,0.30330192324912464,-0.6612149728949293,-0.6569985330983248,0.22969871949158552,1.221318451859378,2.5091000660397142,0.19753663229966079,1.6304816997227451,0.7535726564647869,-0.2834985361384089,2.2599372539100138,-1.5798474190366312,-0.13869771578360593,-1.79067681137775,-0.05443653470700721,0.06381352298992272,0.5299244610807006,0.47896640201285207,0.6212074471235985,1.917763694190655,0.5971091306208546,1.1685850157839173,-0.1015345069061118,0.24043167155461326,-0.5658723436333883,1.0821397501507557,-0.5168064173100962,1.0786803679272086,0.3413557372776517,-0.032405010901602777,-0.3917985765030018,0.8814781505291999,-1.023364241186375,-0.46722048043295117,0.9575842557424423,-0.3389473217791239,0.6384372084880491,1.9758549838819763
0.3338021469197728,1.0031900677102443,1.14024068073963,-1.1572634897769885,-0.13209652133986144,-0.45202009465772774,0.26151276582590005,-0.08223480049674849,-0.4745394196917714,1.0016979701858104,0.19753663229966079,1.3122353130860616,0.49119639561735157,1.227807953905962,-0.25833063024054437,-0.4640805544775959,-0.18529320142665556,-0.49264556438877516,-0.10667176310382775,-0.7596511714115592,-0.41932971763228927,0.8715658353786094,-0.48994242392924786,-0.47053002739569405,-0.4796715162755268,-0.09854731251305465,0.34923618635993064,-0.23954694596777226,1.0443878440858976,0.4426767921408271,0.9832226551984337,-0.8565677732445685,0.18765114959918133,0.07721842959300376,-0.4514565614303183,-0.046618905844268616,-0.2626642133260436,0.39589353850246867,0.8225278108280197,-0.5735305612072052,-0.17680590480278735,-1.0452061280461462,-0.7753194051497235
0.6611369329480923,0.5881108187584979,0.3468745633504137,-1.1192134559240872,0.17724711680411587,-0.1655579381466401,-0.10138504931516856,-0.35964026198927534,-0.1013453611347685,0.7068663484225026,1.6304816997227451,0.49119639561735157,1.9147766808017388,0.4604167471954305,0.08236834556539241,1.6601940370711308,-0.5020644105611448,-0.6081958765987016,-1.354836354505088,-0.9994262204914011,-0.0580585585376146,0.8290941475284388,0.2286413709298065,0.5757460890218072,0.5452744166030097,0.04163947124334772,0.6408512514529549,0.07401307426056909,0.3535266782721309,-0.292422801059251,0.815576141784074,-0.7009768876135446,1.0154696757037993,0.3012297009728205,-0.41765168675365244,-0.22491760610134873,-0.23927624402931355,-0.9486863873115332,-0.5015218760000302,0.1314132372508079,-0.5870484308365888,0.34041128483574323,0.8975864174049624
0.5120421770610992,0.08362164068487077,1.6580716432817788,-1.2640296148745505,-0.026926169501987448,-0.2879438350423131,-0.1224887887522136,-0.7072449075673561,0.16391359716102982,1.6372930145989737,0.7535726564647869,1.227807953905962,0.4604167471954305,1.8418049942907015,-0.47774813495901575,-0.2557212994802927,-0.7805057966625838,-0.14321094758436098,-0.295197395778672,-0.5086674118561686,-0.258481159082924,0.5730972765678559,0.08906598820429058,-0.36751511147172417,-0.08688224839403709,-0.31990766783355357,0.5546204739272909,-0.6083107662520505,0.5235232422211146,0.3663615452303809,1.1326381761350537,-1.135948277756637,-0.31338256602044523,0.21064257437571438,-0.03480299983903832,-0.3348321893041038,0.6622089445068476,0.25868661427959033,0.7597579524185286,-0.3447460703923163,-0.4091838450523327,-0.8746449888834723,0.10063177647974246
-0.015036202909195677,0.25614459844450516,-0.5329434347152177,0.27903619387797984,-0.010863272495427496,-0.07421767876040064,0.14906798936612897,0.022209678952919767,-0.15407419848091827,-0.7693269069022336,-0.2834985361384089,-0.25833063024054437,0.08236834556539241,-0.47774813495901575,0.33080642018119794,0.3663366982373979,0.5392713067464739,-3.7358309937878925e-4,-7.670616042296525e-4,-0.2958405917843138,0.2682714127183689,-0.3952664552967236,0.1617794828247097,0.12325935817283956,-0.4000584824120238,-0.34455967349269145,-0.3219205401134566,0.02598106039190175,-0.38713988580530284,0.08651516082199132,-0.563944836632491,0.25473535117140766,0.014698357089668334,-0.23297255315041795,0.1464765820803527,0.3687223080772126,-0.5940979201561988,0.05288185624723559,-0.379348564645633,-0.10862134532323407,-0.21212528792702287,0.2453755778693843,-0.17240585285059715
-0.006162608431045963,-0.29201320249657164,0.4688588468952077,0.7830254964001796,0.2293055890433223,0.3366285416448885,-0.521825721240921,-0.6987395614042747,-0.30867720258429515,-0.5388553101723627,2.2599372539100138,-0.4640805544775959,1.6601940370711308,-0.2557212994802927,0.3663366982373979,3.6989839938271682,-0.7316482216891869,0.10876614810996911,-2.095149275373224,-0.3084008745516434,0.8883051276346816,-0.6969331122973746,0.8932704118083741,0.8699175402104052,1.6628274856037335,0.08219828330655933,0.7034236003688421,-0.1914210096964622,-0.5691964369693584,-0.3136400705528362,-0.24913842717118606,0.28921400011276116,1.3245036799214989,-0.4176890138015853,0.5709962248014299,0.7394593787420961,-0.2765960433810871,-0.6400358649174959,-1.3179159647485765,1.1640039194995198,-0.7222669304085743,1.2830866194677513,1.850527808060479
-0.08954531266858946,0.8647985491587483,-1.0865262004419172,0.28616885291241545,-0.19548264238108157,-0.36378470716430045,0.5990853580110449,0.3394917213238913,-0.38383590993074046,-1.3254848185204544,-1.5798474190366312,-0.18529320142665556,-0.5020644105611448,-0.7805057966625838,0.5392713067464739,-0.7316482216891869,1.5537270401117595,-0.06522287404936855,0.8786456882375653,-0.5773544142695628,0.2542769578691599,-0.5476752520308367,-0.08512816256737014,-0.13514717666444923,-1.658912840346778,-0.8034627915085427,-0.935263956310613,0.052091702538732895,-0.41137581311607396,0.49342504113935914,-1.1099169139251746,0.34718911129966384,-0.48789282830703995,-0.4262204525206074,0.07466021401149175,0.6358348091082373,-1.3195124294737548,0.5887552061891711,-0.17895919466528762,-0.7682323135128333,-0.1851156555629289,-0.15250226568427822,-1.3832212408162503
-0.2526540124860163,-0.783133110674858,5.314328213871666e-4,0.7419624323871777,0.012042746678765804,0.23531556394302836,-0.2215835326734496,-0.24505478922077975,0.29709128060420875,-0.3121561808547547,-0.13869771578360593,-0.49264556438877516,-0.6081958765987016,-0.14321094758436098,-3.7358309937878925e-4,0.10876614810996911,-0.06522287404936855,0.5009386923513307,0.16271312921110287,0.529556751452528,0.3473066659439408,-0.776490175918543,0.3965864955430745,0.012217240830010787,0.20035160303153837,-0.15797248531082922,-0.1458517011104777,-0.22107582591780772,-0.6463647116875092,0.03018160821121529,-0.5259815349488589,0.3438609052330932,-0.4725702593372083,-0.1980324946900213,0.548176396466068,0.17130381207404696,0.40785353627036175,0.23613785965339468,-0.17182427104084852,0.28480177989876276,0.005139439732317952,0.28199097835354014,0.35732122150740514
-0.20216472106495378,0.07522851503636188,-0.6581000683116599,0.13463901559842004,-0.1818153752522936,-0.158858159523767,0.3695516053865431,0.4258548435453296,0.13057360133822393,-0.3858502839204071,-1.79067681137775,-0.10667176310382775,-1.354836354505088,-0.295197395778672,-7.670616042296525e-4,-2.095149275373224,0.8786456882375653,0.16271312921110287,1.4630837451329726,0.27927574554829304,-0.21309524280780015,-0.19632480442280384,-0.34849850859208137,-0.48647357907059335,-1.2662803378216865,-0.31403552838542764,-0.7495330965826918,0.056859017537002884,-0.11995720928365294,0.3188001281162863,-0.5229419806857636,0.20476344856510417,-1.0154463943296763,-0.034121261241455904,-0.026581803018262806,-0.06622995849111947,-0.1350430508391874,0.6413543123379583,0.5298702355376149,-0.6818938229321052,0.37204866865879693,-0.5532792732195746,-1.2717487905727358
-0.6090843840941801,-1.1662104952315768,-0.05656377283342684,1.0874852527981496,0.03982452508048609,0.5567854834783652,-0.3888321103454573,0.2709046696341906,0.3240894207724437,-0.005521029469836555,-0.05443653470700721,-0.7596511714115592,-0.9994262204914011,-0.5086674118561686,-0.2958405917843138,-0.3084008745516434,-0.5773544142695628,0.529556751452528,0.27927574554829304,1.397377449788945,-0.0167693643438548,-0.33365307217688955,-0.08297877010711166,-0.0026303267239384718,1.0866702045319598,0.8094515582379974,0.14307846418060483,0.18441249482611297,-0.10696261922364317,-0.3750987038313097,-0.15890646548623458,0.6571858770574972,-0.10822764146133285,0.06951179232777674,0.2226246948350509,-0.23541934180171536,0.9611945894781148,-0.014082102543736185,0.06921449337767709,0.7478648903435248,0.720866671091139,0.36384318092447504,0.5376521170382627
-0.14278641037329087,-0.3049758857287338,-0.09106907053941664,0.7122879992221605,-9.211263026107742e-5,0.08846199302673517,-0.09830939222462244,-0.35142702659874603,0.0019262242526678303,-0.696115538817585,0.06381352298992272,-0.41932971763228927,-0.0580585585376146,-0.258481159082924,0.2682714127183689,0.8883051276346816,0.2542769578691599,0.3473066659439408,-0.21309524280780015,-0.0167693643438548,0.5942193637678266,-0.9153164455108991,0.5507616947253597,0.18911130059797113,-0.025976625777134183,-0.4585726469194451,-0.1923965902030822,-0.27573012090609833,-0.748607469142211,0.16542312492691477,-0.7556381439047462,0.31718188025369487,-0.1763954837014265,-0.4056089423274814,0.5935723475077842,0.5479557518476238,-0.227614384072999,0.22472132439150386,-0.5158604156949436,0.2092340601760541,-0.35231930544099066,0.43540294517706357,0.2973114481982163
0.41153120410951816,0.7677338890343767,0.3614855747674514,-1.4696071068590013,0.030460931956704188,-0.20398074077212913,0.131362059616175,0.44755190089098623,-0.13647599227127333,1.3971937868186477,0.5299244610807006,0.8715658353786094,0.8290941475284388,0.5730972765678559,-0.3952664552967236,-0.6969331122973746,-0.5476752520308367,-0.776490175918543,-0.19632480442280384,-0.33365307217688955,-0.9153164455108991,1.7519677371934592,-0.8075942646750878,-0.050625491605449775,0.26605996014173483,0.7790104485169358,0.5866513622286388,0.44992022515617675,1.4052051642919317,-0.3121975119424163,1.466331524311437,-0.7631155077299894,0.7246960534391425,0.7028143601898028,-1.097323838033484,-0.8706352146376699,0.19091352971456046,-0.6446393295002381,0.6157211344174088,-0.24596196687617952,0.34597655084058065,-0.5635780769937943,-0.20934420109936872
0.23692903171118973,-0.8321873890983073,-0.09963807299064345,0.1831432494343341,0.13904615317600594,0.13182224185728028,-0.31669516557173383,-0.7458020668228713,0.627742443567537,-0.13624208724183753,0.47896640201285207,-0.48994242392924786,0.2286413709298065,0.08906598820429058,0.1617794828247097,0.8932704118083741,-0.08512816256737014,0.3965864955430745,-0.34849850859208137,-0.08297877010711166,0.5507616947253597,-0.8075942646750878,0.9662513790216881,0.40676061523086293,0.08589177698728727,-0.6582940296076011,-0.09844002406190659,-0.3757000765599065,-1.13946513198196,-0.06011961483032576,-0.5073640654185023,-0.043230430804737395,-0.49905071990109307,-0.08100631188273322,0.6601402060959428,0.057526124285844644,0.40141624886605604,-0.2576265328761805,-0.6765695102252103,0.2136138890538409,-0.5755501102316714,0.647735600053351,1.007880383752674
0.14423746235701915,-0.3553881430651741,-0.4034218662842633,0.03719401510830644,0.13846763255969577,0.16853291176243496,-0.20658501015041875,-0.15337358255023664,0.3033601536961338,-0.020281885939777134,0.6212074471235985,-0.47053002739569405,0.5757460890218072,-0.36751511147172417,0.12325935817283956,0.8699175402104052,-0.13514717666444923,0.012217240830010787,-0.48647357907059335,-0.0026303267239384718,0.18911130059797113,-0.050625491605449775,0.40676061523086293,0.5529745082524049,0.47170538616862256,0.059350897415259354,0.12465990460465509,0.13294820973584442,-0.3957359637648965,-0.3557356652201661,-0.1294957241121903,0.05011106268581949,0.25265647758522075,0.14864669755336368,0.04826660317131757,-0.16565730162205114,0.14926915644947475,-0.6599874883224272,-0.6503513054964617,0.3503568458556963,-0.16874701123957006,0.7047252916390567,0.8354492446591337
-0.3147205319778995,-1.1298564658283106,0.6867449220093254,0.6338234860427621,0.2481465955749899,0.6976673870410398,-0.7615963525928015,-0.057916947325377145,0.19053250081828854,0.7058645672577779,1.917763694190655,-0.4796715162755268,0.5452744166030097,-0.08688224839403709,-0.4000584824120238,1.6628274856037335,-1.658912840346778,0.20035160303153837,-1.2662803378216865,1.0866702045319598,-0.025976625777134183,0.26605996014173483,0.08589177698728727,0.47170538616862256,2.507765698476301,1.3458600716292068,1.0529621721577174,0.24212723843353634,0.3216528209297245,-0.8109913254151523,0.7335192385654684,0.29754762492991926,1.0967489582889387,0.2838013982177171,0.0031182354106624338,-0.4005451855003775,1.2077111681157295,-0.8439764528655689,-0.32279800923972035,1.4212276443566618,0.448192213828089,0.8155366192245517,1.8476649541298933
-0.3653920790700285,-0.1561533265957226,0.18927915528410688,0.2529472937243492,0.05134575280681785,0.3481751641138209,-0.20645295585104612,0.6120172890184551,-0.21618927898023624,0.4922176689593429,0.5971091306208546,-0.09854731251305465,0.04163947124334772,-0.31990766783355357,-0.34455967349269145,0.08219828330655933,-0.8034627915085427,-0.15797248531082922,-0.31403552838542764,0.8094515582379974,-0.4585726469194451,0.7790104485169358,-0.6582940296076011,0.059350897415259354,1.3458600716292068,1.3145299308384457,0.6002412072585688,0.5211553460877799,0.9477217564487623,-0.5188771721034461,0.7107745315413155,0.2630466406189573,0.9125280712147844,0.3134373228121719,-0.5348213492272578,-0.4098320066510343,0.4768076858447602,-0.42826833287003285,0.23895873954284466,0.6639328907018444,0.774222883135146,0.10761918549140924,0.3418128502987066
0.07063136518138943,-0.14505642423355758,0.8550514090867088,-0.3273208765883347,0.07946055917387077,0.1400671716125738,-0.28932319894465247,-0.12767422002916531,-0.03843270910785285,0.9425054711309835,1.1685850157839173,0.34923618635993064,0.6408512514529549,0.5546204739272909,-0.3219205401134566,0.7034236003688421,-0.935263956310613,-0.1458517011104777,-0.7495330965826918,0.14307846418060483,-0.1923965902030822,0.5866513622286388,-0.09844002406190659,0.12465990460465509,1.0529621721577174,0.6002412072585688,0.7266400970735186,0.007433068380422806,0.6024684588872793,-0.2379125612778164,0.8507738666875756,-0.332989161851476,0.6332334778491395,0.2360904999300048,-0.22147302756750747,-0.29697655518406235,0.5363375196361773,-0.36245576377268185,0.1316197819213483,0.4574610440843192,0.08196106487874359,0.006243990694874456,0.6924148662573623
-0.0873318827775155,0.1823685790196804,-0.5954202645342784,0.0158311598136658,0.03784517733706937,0.08670644527105248,0.07303176844286562,0.5085650014875941,-0.09037480166073923,-0.15563750352246367,-0.1015345069061118,-0.23954694596777226,0.07401307426056909,-0.6083107662520505,0.02598106039190175,-0.1914210096964622,0.052091702538732895,-0.22107582591780772,0.056859017537002884,0.18441249482611297,-0.27573012090609833,0.44992022515617675,-0.3757000765599065,0.13294820973584442,0.24212723843353634,0.5211553460877799,0.007433068380422806,0.4717047429773562,0.3268717158629205,-0.3356528951674518,0.11091000868580948,0.23686498256546643,0.4316402243577145,0.2122621761471968,-0.4210923553874329,-0.24247030420182533,-0.1254421429335575,-0.39964488128496983,-0.07410994118163047,0.10631669986556766,0.3732534191346557,0.1826717172686696,-0.06207833345011013
-0.089066207666407,1.0959666908317507,0.8544165202007183,-0.7178925678850685,-0.14350536736291697,-0.1987717314811984,0.25025609051924724,0.6619787647035397,-0.8019282160192469,0.9592256511461583,0.24043167155461326,1.0443878440858976,0.3535266782721309,0.5235232422211146,-0.38713988580530284,-0.5691964369693584,-0.41137581311607396,-0.6463647116875092,-0.11995720928365294,-0.10696261922364317,-0.748607469142211,1.4052051642919317,-1.13946513198196,-0.3957359637648965,0.3216528209297245,0.9477217564487623,0.6024684588872793,0.3268717158629205,1.78168916375913,0.06397307055613408,1.2219198628945764,-0.4107121721016389,0.9389810433121293,0.23471304066311746,-0.9370715263522515,-0.2223557543100775,-0.2546440990542612,0.13038702175507996,0.9128135269712414,-0.13041267625553368,0.5404401230164078,-0.8933912648680704,-0.862276264242702
-0.06281564429691157,0.5127956724952779,0.39224188404370486,0.029788594244657116,-0.17839168102534086,-0.2758316548386574,0.2635238198239439,-0.10617870413865484,-0.377490322955026,-0.2158944277558072,-0.5658723436333883,0.4426767921408271,-0.292422801059251,0.3663615452303809,0.08651516082199132,-0.3136400705528362,0.49342504113935914,0.03018160821121529,0.3188001281162863,-0.3750987038313097,0.16542312492691477,-0.3121975119424163,-0.06011961483032576,-0.3557356652201661,-0.8109913254151523,-0.5188771721034461,-0.2379125612778164,-0.3356528951674518,0.06397307055613408,0.5773926450419558,-0.26245141227151114,-0.1192407807322958,-0.3331588801703395,-0.36997916229594824,0.18840049969476957,0.5070165059816488,-0.5388237657211165,0.7673332836363406,0.3067159334593836,-0.4357427824543063,-0.2232168542263474,-0.5328671146773803,-0.8498639367654649
0.4131575870385477,0.2627955675225545,1.076774577866832,-1.356350206446104,0.07800399875364745,-0.08842112329042152,-0.14330775247577415,0.0023545391567313004,0.033151081251361014,1.7428527773382334,1.0821397501507557,0.9832226551984337,0.815576141784074,1.1326381761350537,-0.563944836632491,-0.24913842717118606,-1.1099169139251746,-0.5259815349488589,-0.5229419806857636,-0.15890646548623458,-0.7556381439047462,1.466331524311437,-0.5073640654185023,-0.1294957241121903,0.7335192385654684,0.7107745315413155,0.8507738666875756,0.11091000868580948,1.2219198628945764,-0.26245141227151114,1.6441800725439037,-0.8886908471004632,0.5910884164771458,0.6304602953861209,-0.7452221967688967,-0.8315666567423838,0.7169199168914266,-0.5092516676413289,0.6957568544989268,0.015312897268352861,0.1905453659808286,-0.5808301158932658,0.3315427202405635
-0.6008022839763555,-0.30406245015807054,-0.7411622609324374,1.3457144935610896,-0.01840742077477022,0.3031401675551418,-0.014248825689952274,0.3938268166215921,-0.21734823700056627,-1.2554832281192878,-0.5168064173100962,-0.8565677732445685,-0.7009768876135446,-1.135948277756637,0.25473535117140766,0.28921400011276116,0.34718911129966384,0.3438609052330932,0.20476344856510417,0.6571858770574972,0.31718188025369487,-0.7631155077299894,-0.043230430804737395,0.05011106268581949,0.29754762492991926,0.2630466406189573,-0.332989161851476,0.23686498256546643,-0.4107121721016389,-0.1192407807322958,-0.8886908471004632,0.9737521244826395,0.12803156113936823,-0.36156898130806975,0.30332833270021503,0.48136719499805475,-0.30365679737723966,0.2064996569883764,-0.3663311271161365,0.4218968824237875,0.3534764598612054,0.5019971341636306,-0.05948050420522563
-0.132620745646642,0.6624775630232302,0.22967846616342144,0.03398068825852478,0.05335482387972089,0.09656883876394082,-0.02819167329093309,0.42269863733877505,-0.7148877129260955,0.03757400293388111,1.0786803679272086,0.18765114959918133,1.0154696757037993,-0.31338256602044523,0.014698357089668334,1.3245036799214989,-0.48789282830703995,-0.4725702593372083,-1.0154463943296763,-0.10822764146133285,-0.1763954837014265,0.7246960534391425,-0.49905071990109307,0.25265647758522075,1.0967489582889387,0.9125280712147844,0.6332334778491395,0.4316402243577145,0.9389810433121293,-0.3331588801703395,0.5910884164771458,0.12803156113936823,1.479824157577664,0.039301362499564986,-0.538312438262578,0.11946017804067344,-0.45310070530198376,-0.47154951510362414,-0.1721894811700003,0.5363536873696436,0.21769052070348607,0.22867551449263987,0.2932082566168728
0.3012527391414293,-0.21982062816734563,-0.07614184799221177,-0.7151939052287242,0.11296111482195828,0.042888771035529426,-0.12246103459075242,0.04046185545956042,0.4286853524726104,0.7982914667929327,0.3413557372776517,0.07721842959300376,0.3012297009728205,0.21064257437571438,-0.23297255315041795,-0.4176890138015853,-0.4262204525206074,-0.1980324946900213,-0.034121261241455904,0.06951179232777674,-0.4056089423274814,0.7028143601898028,-0.08100631188273322,0.14864669755336368,0.2838013982177171,0.3134373228121719,0.2360904999300048,0.2122621761471968,0.23471304066311746,-0.36997916229594824,0.6304602953861209,-0.36156898130806975,0.039301362499564986,0.5181805905182436,-0.3846311898103689,-0.724195941613276,0.5883285393063552,-0.6191081232673556,0.10036409365982328,0.001591346715721137,0.14700584495888597,0.029040462561307358,0.42083531321735823
-0.16603081489242752,-0.6995365172646361,0.08656434982862254,0.7805676616687858,0.012567268652316723,0.1547788948894436,-0.2068354987462281,-0.506995350693823,0.2420443089996319,-0.5487768321081086,-0.032405010901602777,-0.4514565614303183,-0.41765168675365244,-0.03480299983903832,0.1464765820803527,0.5709962248014299,0.07466021401149175,0.548176396466068,-0.026581803018262806,0.2226246948350509,0.5935723475077842,-1.097323838033484,0.6601402060959428,0.04826660317131757,0.0031182354106624338,-0.5348213492272578,-0.22147302756750747,-0.4210923553874329,-0.9370715263522515,0.18840049969476957,-0.7452221967688967,0.30332833270021503,-0.538312438262578,-0.3846311898103689,0.778920605882365,0.44616960590838356,0.17494759048395583,0.35894976717178795,-0.35456694331827054,0.222103996937185,-0.31650233044517745,0.3437289068399503,0.41757887438432134
-0.38618174634362995,0.5018620991592451,0.07797373464705293,0.9160749358631899,-0.1580937240766623,-0.0997458764577693,0.21708836149185867,-0.009040293521892164,-0.7093044618601658,-1.1482675303513867,-0.3917985765030018,-0.046618905844268616,-0.22491760610134873,-0.3348321893041038,0.3687223080772126,0.7394593787420961,0.6358348091082373,0.17130381207404696,-0.06622995849111947,-0.23541934180171536,0.5479557518476238,-0.8706352146376699,0.057526124285844644,-0.16565730162205114,-0.4005451855003775,-0.4098320066510343,-0.29697655518406235,-0.24247030420182533,-0.2223557543100775,0.5070165059816488,-0.8315666567423838,0.48136719499805475,0.11946017804067344,-0.724195941613276,0.44616960590838356,1.0493474203568172,-0.989385172526693,0.8030551923972303,-0.18478435922895017,-0.019994551320414423,-0.2371014781155997,-0.030453134073961025,-0.6270830337909499
0.13160014072288187,-1.597346445359619,0.5852910147197374,-0.22267738380202987,0.21321572986289566,0.4505703352804246,-0.6715988172655296,-0.4600575478645774,1.076651466609617,1.3665122294870815,0.8814781505291999,-0.2626642133260436,-0.23927624402931355,0.6622089445068476,-0.5940979201561988,-0.2765960433810871,-1.3195124294737548,0.40785353627036175,-0.1350430508391874,0.9611945894781148,-0.227614384072999,0.19091352971456046,0.40141624886605604,0.14926915644947475,1.2077111681157295,0.4768076858447602,0.5363375196361773,-0.1254421429335575,-0.2546440990542612,-0.5388237657211165,0.7169199168914266,-0.30365679737723966,-0.45310070530198376,0.5883285393063552,0.17494759048395583,-0.989385172526693,1.881325743847123,-0.603309781328446,0.15620904132266664,0.5904873442273043,0.2512413159506134,0.266480892460222,1.4481936172166618
-0.4226541519524172,0.46258154807929314,0.5372688517422592,0.6053772745192283,-0.2745618935239006,-0.2142845178697454,0.3108356393374177,0.05548023431849296,-0.607597641643889,-0.5614970355325231,-1.023364241186375,0.39589353850246867,-0.9486863873115332,0.25868661427959033,0.05288185624723559,-0.6400358649174959,0.5887552061891711,0.23613785965339468,0.6413543123379583,-0.014082102543736185,0.22472132439150386,-0.6446393295002381,-0.2576265328761805,-0.6599874883224272,-0.8439764528655689,-0.42826833287003285,-0.36245576377268185,-0.39964488128496983,0.13038702175507996,0.7673332836363406,-0.5092516676413289,0.2064996569883764,-0.47154951510362414,-0.6191081232673556,0.35894976717178795,0.8030551923972303,-0.603309781328446,1.2922849611589429,0.5709450332179413,-0.39188371049473314,0.011741206166776258,-0.75159870155136,-1.2662362751039227
-0.06055072611213367,0.43034442180704313,0.771772189074307,-0.5008925158814687,-0.15380328399501028,-0.20203776637662266,0.1920207107221799,0.24634486635629957,-0.27189171592151723,0.7297406264864293,-0.46722048043295117,0.8225278108280197,-0.5015218760000302,0.7597579524185286,-0.379348564645633,-1.3179159647485765,-0.17895919466528762,-0.17182427104084852,0.5298702355376149,0.06921449337767709,-0.5158604156949436,0.6157211344174088,-0.6765695102252103,-0.6503513054964617,-0.32279800923972035,0.23895873954284466,0.1316197819213483,-0.07410994118163047,0.9128135269712414,0.3067159334593836,0.6957568544989268,-0.3663311271161365,-0.1721894811700003,0.10036409365982328,-0.35456694331827054,-0.18478435922895017,0.15620904132266664,0.5709450332179413,1.0141351907558933,-0.40536620810530366,0.3493322521416396,-1.0079939549660504,-0.9099742123792471
-0.3203995989446475,-0.8137324257027992,0.1823347911267333,0.7894305730383809,0.13339189387477182,0.4750403895449211,-0.45909834137932276,-0.05622625986848786,0.11511640717477843,0.004499060988095036,0.9575842557424423,-0.5735305612072052,0.1314132372508079,-0.3447460703923163,-0.10862134532323407,1.1640039194995198,-0.7682323135128333,0.28480177989876276,-0.6818938229321052,0.7478648903435248,0.2092340601760541,-0.24596196687617952,0.2136138890538409,0.3503568458556963,1.4212276443566618,0.6639328907018444,0.4574610440843192,0.10631669986556766,-0.13041267625553368,-0.4357427824543063,0.015312897268352861,0.4218968824237875,0.5363536873696436,0.001591346715721137,0.222103996937185,-0.019994551320414423,0.5904873442273043,-0.39188371049473314,-0.40536620810530366,0.9219999773900839,0.22507504013618834,0.6882990167655195,1.107878551080906
-0.38790865859699697,-0.1188768000373514,-0.16125277643700567,0.36837427465887146,-0.03784472814178521,0.20254393850723146,-0.0031900873410576997,0.5953216836797818,-0.11973796875912432,0.05196027843477326,-0.3389473217791239,-0.17680590480278735,-0.5870484308365888,-0.4091838450523327,-0.21212528792702287,-0.7222669304085743,-0.1851156555629289,0.005139439732317952,0.37204866865879693,0.720866671091139,-0.35231930544099066,0.34597655084058065,-0.5755501102316714,-0.16874701123957006,0.448192213828089,0.774222883135146,0.08196106487874359,0.3732534191346557,0.5404401230164078,-0.2232168542263474,0.1905453659808286,0.3534764598612054,0.21769052070348607,0.14700584495888597,-0.31650233044517745,-0.2371014781155997,0.2512413159506134,0.011741206166776258,0.3493322521416396,0.22507504013618834,0.6921281450422699,-0.11227725869401242,-0.2663766249645533
-0.056537214398249894,-0.8403691288885021,-0.7807826766749473,0.6940269556639703,0.20671702004371093,0.39865241729121587,-0.3622244035555157,-0.17222704728801633,0.44629548866864494,-0.5735596067567202,0.6384372084880491,-1.0452061280461462,0.34041128483574323,-0.8746449888834723,0.2453755778693843,1.2830866194677513,-0.15250226568427822,0.28199097835354014,-0.5532792732195746,0.36384318092447504,0.43540294517706357,-0.5635780769937943,0.647735600053351,0.7047252916390567,0.8155366192245517,0.10761918549140924,0.006243990694874456,0.1826717172686696,-0.8933912648680704,-0.5328671146773803,-0.5808301158932658,0.5019971341636306,0.22867551449263987,0.029040462561307358,0.3437289068399503,-0.030453134073961025,0.266480892460222,-0.75159870155136,-1.0079939549660504,0.6882990167655195,-0.11227725869401242,1.1685197546628654,1.254258442587295
0.2831345481710473,-1.6292463775613901,0.17959968553124114,0.1002831899191706,0.3975449767992561,0.5874949566786682,-0.8673341916321158,-0.7778855158453958,1.0094886938259704,0.6824265406754549,1.9758549838819763,-0.7753194051497235,0.8975864174049624,0.10063177647974246,-0.17240585285059715,1.850527808060479,-1.3832212408162503,0.35732122150740514,-1.2717487905727358,0.5376521170382627,0.2973114481982163,-0.20934420109936872,1.007880383752674,0.8354492446591337,1.8476649541298933,0.3418128502987066,0.6924148662573623,-0.06207833345011013,-0.862276264242702,-0.8498639367654649,0.3315427202405635,-0.05948050420522563,0.2932082566168728,0.42083531321735823,0.41757887438432134,-0.6270830337909499,1.4481936172166618,-1.2662362751039227,-0.9099742123792471,1.107878551080906,-0.2663766249645533,1.254258442587295,2.519053673812097
