V1,V2,V3,V4,V5,V6,V7,V8,V9,V10,V11,V12,V13,V14,V15,V16,V17,V18,V19,V20,V21,V22,V23,V24,V25,V26,V27,V28,V29,V30,V31,V32,V33,V34,V35,V36,V37,V38,V39,V40,V41,V42,V43
1.3967201570255523,-0.3945641089552853,1.633064214460848,0.8631012183105211,-1.7658588042946246,-0.32026626340554953,-0.5596093305967131,0.15958243204414158,0.3249652026037173,0.7962593393041582,-1.1690566537386178,1.9873609247445008,2.6826902205444467,0.32840346129256737,1.2598319418196502,0.11492608009980065,-0.5568916521675683,0.30738125503824465,1.7199782894648104,-0.06573054177845855,-0.089943313408351655,1.7644114616588633,-1.3679677110667676,-0.9813101566953802,0.09616388757647668,-0.7853497579089024,-2.7343620751539137,0.5976286838986867,0.31659450316386745,-1.7284846833061815,1.6817075359832914,1.1671194639697813,1.5042842313441918,0.6118383833821736,0.8406938900624119,1.6351266790796823,-1.462477322800298,-0.487226690233272,-1.584897138267074,2.6263540498834788,-0.8991552272554086,-0.3208598719196079,-2.2669403323447126
-0.3945641089552853,1.4949104672752336,-5.184082487770877,-3.4635981745607944,10.363673186443917,0.5783947609021399,-1.4007429748798002,1.9518328244907752,-2.3131038360342444,-3.0071087719405503,3.75107659235259,-10.368818652605327,-9.579617430711561,-1.45504241920126,-6.902358096552053,-0.8468914029059019,-0.2561403893692633,-2.8067630646621793,-7.054377563558497,1.0773281677034279,1.0924322543950271,-9.255158131854357,8.756526599003744,-0.09258739296013742,-4.295349989768941,4.098818112255928,8.367854096217066,-0.3162573886894149,-2.138328934717327,2.937191995974205,-5.727508221938168,-4.11401228161922,-11.430006349547227,-0.14037454280562855,-2.295596930111668,-4.669523737250574,6.439924700124326,-1.3964204028912433,9.584104277410567,-4.337388583442396,3.53204111003935,4.209445423562523,8.541434510151246
1.633064214460848,-5.184082487770877,18.208588835294456,11.970318757790713,-35.756542588000485,-1.8497113674106564,4.819954226647839,-6.681064704028536,8.26963451148756,10.734691684547341,-12.978533684385257,36.06300778199273,33.12396722112393,5.155234342254894,23.71447004611047,2.8441868036831135,0.8357627389094546,9.806341368482634,24.459069261464883,-3.701752191345169,-3.64779759619852,32.091248663684425,-30.55230641895186,0.16247578068721966,14.817701121754013,-14.09967665238608,-29.210504553269985,1.1005761834280745,7.341838166091171,-10.389646673431765,19.99484253445852,14.481708872278844,39.102276857570246,0.7564830432569652,8.052639852396828,16.15925615299607,-22.19904627467031,4.828661008814393,-32.96535793831449,15.402567491933539,-12.42713321648166,-14.392995303176127,-29.952554060496322
0.8631012183105211,-3.4635981745607944,11.970318757790713,8.041156983885266,-24.048867630309005,-1.3762595762015815,3.233953730036398,-4.5396120737554115,5.3304003413222425,6.907336196397612,-8.685201630982025,23.986244065879365,22.23172921448126,3.3424118612341607,16.037585307383132,1.9998036445540783,0.5866860545877188,6.495100001163372,16.3751306217796,-2.473642905711331,-2.5668097667881593,21.42833836656265,-20.247489788995633,0.24428027238953265,9.969223579066542,-9.547663061730182,-19.38035329922364,0.7284235037181386,4.97662327478863,-6.778817082587673,13.241405009147655,9.480953594734899,26.535110089262165,0.27720390040605514,5.29268282014794,10.83998949648726,-14.926181594611652,3.2367446088242655,-22.236725668744768,10.006512026739149,-8.15279964543534,-9.776160894388642,-19.728447078883022
-1.7658588042946246,10.363673186443917,-35.756542588000485,-24.048867630309005,72.72838998913632,3.855878114531689,-10.483352175030593,14.159764256006788,-16.267844616143776,-21.011955145457556,25.910456043230845,-72.70948847406473,-66.39212499453528,-10.20941197816788,-48.36323353374943,-5.911907033632396,-2.3276415257573317,-19.891233029720023,-49.08092087256233,7.7181813585068655,7.736242139931671,-64.87854586058837,61.661637646517974,-1.3900233977988268,-30.55380492406234,28.638451205699724,57.65998292399475,-1.7760572880713312,-15.106961110348653,19.719070811501393,-39.74976485121515,-28.50563849303521,-80.61025128695621,-0.5611962214271206,-15.7644439467139,-32.07136409792446,44.95244583076257,-10.25751719092291,67.31774307249383,-28.966165454215965,24.62089417881222,29.810813961201493,59.30890310566838
-0.32026626340554953,0.5783947609021399,-1.8497113674106564,-1.3762595762015815,3.855878114531689,0.4751259682352337,-0.20749391069103393,0.6000721225896175,-0.5327434148756656,-0.8097337941204922,1.5182111977406907,-3.5795421944323693,-3.887197225518841,-0.41224829496502,-2.7055323953135737,-0.4122459304076972,0.10191950494657755,-0.8491259450344247,-2.7317068231610264,0.33964758581880267,0.5169115405825985,-3.3010711519613762,2.814227948558804,0.15539034253851264,-1.383868667572709,1.650363411372969,3.256797552987878,-0.2900324090047158,-0.7955506071070112,1.2631233014963112,-2.111803693016212,-1.3635179862244216,-4.377419706308655,0.027221563069429452,-0.8781839650353047,-2.004836365539523,2.509230409907757,-0.2704811437761113,3.638921384055431,-1.8580861734802279,1.1518458654571404,1.5538732599458565,2.9252004310218815
-0.5596093305967131,-1.4007429748798002,4.819954226647839,3.233953730036398,-10.483352175030593,-0.20749391069103393,2.225361269893634,-2.4134420584798355,2.6170697616115985,3.1651404799644562,-3.3940539263506757,10.654906763246734,8.735167356634387,1.5568568551378352,6.816625943111128,0.7488089715747717,0.8517590130304084,3.116930183247612,6.656501615528692,-1.2818424197026999,-1.059145388703969,9.421966684265644,-9.351350160468956,0.8643858291787742,4.880994934111188,-3.915040241713661,-7.459104727198187,-0.15290766407224327,2.2228783689948175,-2.065820962775972,5.413601392509262,4.026036645538186,11.857856065972207,-0.16134128298299308,2.0230158666769364,3.943675715034341,-6.254015064808424,2.019708253780262,-9.706178548069902,2.951530263557264,-3.5379758791487514,-4.527918946028829,-8.345595759546413
0.15958243204414158,1.9518328244907752,-6.681064704028536,-4.5396120737554115,14.159764256006788,0.6000721225896175,-2.4134420584798355,3.007872656019112,-3.249933986619625,-4.1232354587259294,4.824252596312953,-14.196058288327972,-12.468412771994114,-2.0190076837902198,-9.351920071981548,-1.1117814742601242,-0.7467584451760427,-4.010394153451244,-9.334692474600006,1.5940337264996833,1.516970936191559,-12.632980373298961,12.204942202191736,-0.653187387962512,-6.177461188525638,5.487478948730752,10.696012844176447,-0.09974491187109422,-2.9946332241664813,3.3921500536657794,-7.54450810162826,-5.411701685525762,-15.857325384175757,0.06986640770999504,-2.9021462922266235,-5.859027518921988,8.618592256919188,-2.25282793863891,13.12051017031844,-4.900782991063703,4.755334440013583,5.928661271347888,11.301044702757656
0.3249652026037173,-2.3131038360342444,8.26963451148756,5.3304003413222425,-16.267844616143776,-0.5327434148756656,2.6170697616115985,-3.249933986619625,4.202700985037514,5.167043048706754,-5.640678423199727,16.61595341138517,14.580854368605461,2.4503994199900165,10.62155920282782,1.2490723525341618,0.6420188151786623,4.718187922674277,11.011256000404515,-1.6816008099751742,-1.5732138636806519,14.669241536774221,-14.389941775502612,0.453059448187919,7.108232656366695,-6.349268800543842,-13.005429331890982,0.2052879786215902,3.3506414403156644,-4.359859742379717,8.975883767999747,6.67589193207564,17.555357185713902,0.34873703290013525,3.544929083895589,6.956055447977525,-9.840174319327325,2.6172735100975983,-14.856245469480347,6.504215249676706,-5.79003301260818,-6.585470850580635,-13.786266695320178
0.7962593393041582,-3.0071087719405503,10.734691684547341,6.907336196397612,-21.011955145457556,-0.8097337941204922,3.1651404799644562,-4.1232354587259294,5.167043048706754,6.7165230171886705,-7.48720128820605,21.552454934809326,19.12542893594274,3.208484842679095,13.788055179959159,1.5315734854813428,0.7371789847619666,6.0098618472803595,14.260236231094478,-2.2889479923681533,-2.034649859421277,19.05048115829549,-18.483632823878107,0.2617073130907118,8.858108698068868,-8.124526001265801,-16.981766291897006,0.4456874949333526,4.35507603067086,-5.977797969916841,11.846253137022945,8.660301482911033,22.88424466986267,0.5482925194983793,4.715574207573688,9.186549316655102,-12.954014682211014,3.0120204230510654,-19.318581868734288,8.79880649457769,-7.513399866575001,-8.441429352974664,-17.830907725150695
-1.1690566537386178,3.75107659235259,-12.978533684385257,-8.685201630982025,25.910456043230845,1.5182111977406907,-3.3940539263506757,4.824252596312953,-5.640678423199727,-7.48720128820605,9.501699715812284,-25.9294625787865,-24.10683869182151,-3.627315498737642,-17.31132611550817,-2.104764303836014,-0.5856385966222346,-6.948884842253658,-17.637370934940158,2.7279291530728824,2.7429242833654732,-23.171460514296484,21.791504231096333,-0.0828499447347945,-10.579001788062886,10.217341712889672,21.001420863792752,-0.9071837232976556,-5.385724054647494,7.500836371965359,-14.415948733268305,-10.292418066060748,-28.71012596750907,-0.3681480064628614,-5.775441356175773,-11.79695194894036,16.23419893026913,-3.2922762977281117,24.017900143223514,-11.014775288317798,8.820022612224406,10.49816497211091,21.354094900298254
1.9873609247445008,-10.368818652605327,36.06300778199273,23.986244065879365,-72.70948847406473,-3.5795421944323693,10.654906763246734,-14.196058288327972,16.61595341138517,21.552454934809326,-25.9294625787865,73.19303404267656,66.27610010761731,10.438442046817764,48.195501878406134,5.723045512315743,2.4338313777911256,20.09980916096969,49.057856610643775,-7.830292375263189,-7.550608451042181,65.15942306299779,-62.228106981191495,1.2901012384590427,30.569334965417823,-28.437842488361497,-57.82700018031933,1.723484240726394,15.097840619766348,-19.907396235730758,40.04734842649044,28.867688382467193,80.38187654896527,0.8639081251427679,15.896606029308984,31.953577152484083,-44.96142669757176,10.292487755996467,-67.23842496622744,29.22522454765758,-24.941501502434495,-29.697483061160217,-59.864099405540884
2.6826902205444467,-9.579617430711561,33.12396722112393,22.23172921448126,-66.39212499453528,-3.887197225518841,8.735167356634387,-12.468412771994114,14.580854368605461,19.12542893594274,-24.10683869182151,66.27610010761731,61.62335496498527,9.258407248564247,44.317316534537696,5.484839178747267,1.5162018630385015,17.886430127900265,45.29480018253286,-6.865599201680504,-7.089962882414693,59.215679782488706,-55.83757285455436,0.4217214031486634,27.293311903721694,-26.347093204719094,-53.719318190733155,2.1370181475146732,13.758193637480678,-19.008979951353446,36.750718541272526,26.21336499748433,73.28888192897365,0.8689212270006397,14.71499549054538,30.102242429620674,-41.34608493153813,8.674088347686267,-61.43962355459774,28.003050131738757,-22.55746620012242,-26.90601805019986,-54.528324010844116
0.32840346129256737,-1.45504241920126,5.155234342254894,3.3424118612341607,-10.20941197816788,-0.41224829496502,1.5568568551378352,-2.0190076837902198,2.4503994199900165,3.208484842679095,-3.627315498737642,10.438442046817764,9.258407248564247,1.5478839695460866,6.709162135430359,0.736995300087631,0.38202322321619914,2.9015246686300165,6.891817527896983,-1.1414635074605062,-1.002175514321196,9.240916111943255,-8.935436546343299,0.16009013539501155,4.312131406391397,-3.9353837581360787,-8.16759044572469,0.20469437269735527,2.1034832244498345,-2.8430957379091377,5.7165042943280975,4.163675727319729,11.205446553580066,0.22014805658311237,2.282100667566311,4.434131445752424,-6.303253847479008,1.4795039404475399,-9.423508811562801,4.1755510008447,-3.609006112191528,-4.139732866303517,-8.573063122583283
1.2598319418196502,-6.902358096552053,23.71447004611047,16.037585307383132,-48.36323353374943,-2.7055323953135737,6.816625943111128,-9.351920071981548,10.62155920282782,13.788055179959159,-17.31132611550817,48.195501878406134,44.317316534537696,6.709162135430359,32.246749441133105,3.988132644363544,1.454556980230744,13.112751956131904,32.66813762397649,-5.10466401879875,-5.209174585152472,43.06870686695431,-40.74983749838763,0.8313719189493325,20.192399342395664,-19.098842791044707,-38.38740689506819,1.2860443596474387,10.070917176634543,-13.192163517653517,26.415713976676024,18.855160824465525,53.72142184042316,0.30829290047853425,10.475159275817296,21.469352068668705,-29.973337337631964,6.664080683472321,-44.81140953361713,19.353454421520468,-16.272245756474458,-19.823784936982722,-39.285062420997896
0.11492608009980065,-0.8468914029059019,2.8441868036831135,1.9998036445540783,-5.911907033632396,-0.4122459304076972,0.7488089715747717,-1.1117814742601242,1.2490723525341618,1.5315734854813428,-2.104764303836014,5.723045512315743,5.484839178747267,0.736995300087631,3.988132644363544,0.5799922830411124,0.10833760683599146,1.5453646887623451,4.046288385598005,-0.5305282093418602,-0.6947588558800643,5.155126983632677,-4.808551564835609,0.11974601170591113,2.4676989685230826,-2.436831892451415,-4.716114379736822,0.1815497259679798,1.2478071742460783,-1.5924284530740043,3.138391849656103,2.2067494303886037,6.522667012549789,-0.03200979208266585,1.228421940148539,2.6947176777730966,-3.626369778436588,0.8013774214006855,-5.445981094021374,2.3625144201139294,-1.9074946464692235,-2.4198702857832113,-4.6837632766669435
-0.5568916521675683,-0.2561403893692633,0.8357627389094546,0.5866860545877188,-2.3276415257573317,0.10191950494657755,0.8517590130304084,-0.7467584451760427,0.6420188151786623,0.7371789847619666,-0.5856385966222346,2.4338313777911256,1.5162018630385015,0.38202322321619914,1.454556980230744,0.10833760683599146,0.4685870867657432,0.8034314446356425,1.241350942499439,-0.3992596466236967,-0.2271387858480067,2.122110192684673,-2.2673659792444627,0.5285577505715888,1.2872820223264212,-0.7499441435252676,-1.1613995700337028,-0.2373038645568834,0.5337649633717022,-0.052107174715146,1.0379381777457133,0.8008682389157548,2.843266241422163,-0.19455714111211422,0.31236596882330475,0.5231475901126525,-1.303389242632476,0.6772400772065522,-2.1920556833281304,-0.022037565495344965,-0.7516044126616207,-1.1366392001666326,-1.6604904524743866
0.30738125503824465,-2.8067630646621793,9.806341368482634,6.495100001163372,-19.891233029720023,-0.8491259450344247,3.116930183247612,-4.010394153451244,4.718187922674277,6.0098618472803595,-6.948884842253658,20.09980916096969,17.886430127900265,2.9015246686300165,13.112751956131904,1.5453646887623451,0.8034314446356425,5.622032790957523,13.360144754359723,-2.150632903411328,-2.042601126855473,17.844078880886464,-17.234239024213917,0.5486151676980089,8.527046793961993,-7.754478666472925,-15.638995618068616,0.31517228170829703,4.14262951560795,-5.249163666009151,10.88474172952667,7.893817938490952,21.908790139097757,0.21303797687277234,4.280241676260333,8.536573550548896,-12.17346497530025,3.0050547502861815,-18.341077993430453,7.705340882969658,-6.870208038407339,-8.149136109534208,-16.380554154354847
1.7199782894648104,-7.054377563558497,24.459069261464883,16.3751306217796,-49.08092087256233,-2.7317068231610264,6.656501615528692,-9.334692474600006,11.011256000404515,14.260236231094478,-17.637370934940158,49.057856610643775,45.29480018253286,6.891817527896983,32.66813762397649,4.046288385598005,1.241350942499439,13.360144754359723,33.462767845691374,-5.053499007563285,-5.210567714669743,43.772261492805285,-41.50865776649501,0.5301371086925394,20.395766665688946,-19.48573303933694,-39.568236037089086,1.393698698205238,10.142207577025735,-13.834299436283024,27.070520931198775,19.38798774731625,53.99770303433315,0.6371441560689757,10.822685571108586,22.038095869880063,-30.381869127151724,6.6799299514305295,-45.337602035591736,20.43197895289036,-16.730911205462462,-19.91435666459345,-40.34385730638312
-0.06573054177845855,1.0773281677034279,-3.701752191345169,-2.473642905711331,7.7181813585068655,0.33964758581880267,-1.2818424197026999,1.5940337264996833,-1.6816008099751742,-2.2889479923681533,2.7279291530728824,-7.830292375263189,-6.865599201680504,-1.1414635074605062,-5.10466401879875,-0.5305282093418602,-0.3992596466236967,-2.150632903411328,-5.053499007563285,0.9646654939188538,0.792245775276992,-6.9692122063846504,6.658662450201235,-0.23726838459808272,-3.273513134477336,2.9035484519769845,5.875891293415376,-0.12561068009639384,-1.6030391504649792,1.9546917339697625,-4.2172920730483945,-3.024092684385177,-8.7833433326084691,-0.015649099498998616,-1.6666877182440054,-3.240376925867223,4.8175300407413175,-1.1341436635053355,7.232800093545733,-2.7987745089084446,2.615703254640358,3.241526468840432,6.22688146784846
-0.089943313408351655,1.0924322543950271,-3.64779759619852,-2.5668097667881593,7.736242139931671,0.5169115405825985,-1.059145388703969,1.516970936191559,-1.5732138636806519,-2.034649859421277,2.7429242833654732,-7.550608451042181,-7.089962882414693,-1.002175514321196,-5.209174585152472,-0.6947588558800643,-0.2271387858480067,-2.042601126855473,-5.210567714669743,0.792245775276992,0.901685023202462,-6.794448561731654,6.342564580980625,-0.19009925535886021,-3.219466041863083,3.109721190361773,6.027233305279227,-0.20282123851715964,-1.6331234871274793,2.0211725810670575,-4.120279234549063,-2.868334452587688,-8.689148166845445,0.06836033886163995,-1.6120744004698473,-3.4384345538650845,4.785239282319674,-1.0461849811927384,7.194109845699461,-2.9444471121888407,2.4941753656028136,3.2088231030521377,6.05616595878683
1.7644114616588633,-9.255158131854357,32.091248663684425,21.42833836656265,-64.87854586058837,-3.3010711519613762,9.421966684265644,-12.632980373298961,14.669241536774221,19.05048115829549,-23.171460514296484,65.15942306299779,59.215679782488706,9.240916111943255,43.06870686695431,5.155126983632677,2.122110192684673,17.844078880886464,43.772261492805285,-6.9692122063846504,-6.794448561731654,58.06314626813355,-55.3133051495556,1.1338914299990062,27.22232073588951,-25.419043511532564,-51.56641331632442,1.5923910473241547,13.477958626258829,-17.75008066952855,35.668882670732536,25.65251689948204,71.84057133325072,0.6836599271570247,14.159430517953393,28.58354632589748,-40.158996397336914,9.115545229237043,-60.039650231489404,26.04829996896198,-22.14928070368596,-26.529210792031893,-53.243272778956154
-1.3679677110667676,8.756526599003744,-30.55230641895186,-20.247489788995633,61.661637646517974,2.814227948558804,-9.351350160468956,12.204942202191736,-14.389941775502612,-18.483632823878107,21.791504231096333,-62.228106981191495,-55.83757285455436,-8.935436546343299,-40.74983749838763,-4.808551564835609,-2.2673659792444627,-17.234239024213917,-41.50865776649501,6.658662450201235,6.342564580980625,-55.3133051495556,53.12975135296703,-1.3733980962717596,-26.18582220075254,24.058875588522966,48.80634600982431,-1.2380673893156364,-12.805928305659219,16.604553447116174,-33.87557998668065,-24.532761744005597,-68.0268462470687,-0.7295043750644156,-13.399755173224944,-26.79522240820009,37.94686645395456,-9.033166329354069,56.935736927010765,-24.393317280798115,21.24650977475272,25.221203187473726,50.85598572151136
-0.9813101566953802,-0.09258739296013742,0.16247578068721966,0.24428027238953265,-1.3900233977988268,0.15539034253851264,0.8643858291787742,-0.653187387962512,0.453059448187919,0.2617073130907118,-0.0828499447347945,1.2901012384590427,0.4217214031486634,0.16009013539501155,0.8313719189493325,0.11974601170591113,0.5285577505715888,0.5486151676980089,0.5301371086925394,-0.23726838459808272,-0.19009925535886021,1.1338914299990062,-1.3733980962717596,0.8082101217346355,1.109578161579116,-0.4562677838142619,-0.11452598302661292,-0.39986017299853016,0.32916775010426647,0.5674570134660999,0.23952503793188024,0.25046344773296986,1.828344952432949,-0.4035610650842336,-0.04190952373480452,-0.06116477905048273,-0.5623878209754489,0.7921253429926235,-1.295060137751339,-0.8889835955666631,-0.2899659050337853,-0.8626437829427572,-0.6143354466661101
0.09616388757647668,-4.295349989768941,14.817701121754013,9.969223579066542,-30.55380492406234,-1.383868667572709,4.880994934111188,-6.177461188525638,7.108232656366695,8.858108698068868,-10.579001788062886,30.569334965417823,27.293311903721694,4.312131406391397,20.192399342395664,2.4676989685230826,1.2872820223264212,8.527046793961993,20.395766665688946,-3.273513134477336,-3.219466041863083,27.22232073588951,-26.18582220075254,1.109578161579116,13.279252141660717,-11.97266172238349,-23.682340773834422,0.41980751153698215,6.312868547510932,-7.673805451257748,16.38027219954445,11.904601511373231,33.86173915997959,0.05812762348124365,6.441205799911904,13.003441968673046,-18.61708289549924,4.831709167137919,-28.223495563055003,11.318068174606601,-10.307458644931874,-12.694262306665008,-24.774901119620676
-0.7853497579089024,4.098818112255928,-14.09967665238608,-9.547663061730182,28.638451205699724,1.650363411372969,-3.915040241713661,5.487478948730752,-6.349268800543842,-8.124526001265801,10.217341712889672,-28.437842488361497,-26.347093204719094,-3.9353837581360787,-19.098842791044707,-2.436831892451415,-0.7499441435252676,-7.754478666472925,-19.48573303933694,2.9035484519769845,3.109721190361773,-25.419043511532564,24.058875588522966,-0.4562677838142619,-11.97266172238349,11.436462643809595,22.904659167454852,-0.7663394061493087,-5.933264826446108,7.879925338535307,-15.61692028693135,-11.147929840224316,-31.58066825800645,-0.21624015669178942,-6.213159828939234,-12.805561641920187,17.664123100764513,-3.971955883631302,26.457750088487447,-11.64193541644738,9.633749745480511,11.685101867533497,23.28873441526253
-2.7343620751539137,8.367854096217066,-29.210504553269985,-19.38035329922364,57.65998292399475,3.256797552987878,-7.459104727198187,10.696012844176447,-13.005429331890982,-16.981766291897006,21.001420863792752,-57.82700018031933,-53.719318190733155,-8.16759044572469,-38.38740689506819,-4.716114379736822,-1.1613995700337028,-15.638995618068616,-39.568236037089086,5.875891293415376,6.027233305279227,-51.56641331632442,48.80634600982431,-0.11452598302661292,-23.682340773834422,22.904659167454852,47.20354088798768,-1.9114503567742178,-11.876711668540331,16.892290180368953,-32.192222257258216,-23.11192825820426,-63.145417618719904,-1.1042240086470014,-12.962540485140186,-26.304073449130378,35.8687414897068,-7.529509880024744,53.208089360629955,-25.01373513255659,19.862484603457638,23.182789571154903,47.959207708353276
0.5976286838986867,-0.3162573886894149,1.1005761834280745,0.7284235037181386,-1.7760572880713312,-0.2900324090047158,-0.15290766407224327,-0.09974491187109422,0.2052879786215902,0.4456874949333526,-0.9071837232976556,1.723484240726394,2.1370181475146732,0.20469437269735527,1.2860443596474387,0.1815497259679798,-0.2373038645568834,0.31517228170829703,1.393698698205238,-0.12561068009639384,-0.20282123851715964,1.5923910473241547,-1.2380673893156364,-0.39986017299853016,0.41980751153698215,-0.7663394061493087,-1.9114503567742178,0.33967886649050033,0.369341519364032,-0.9802214792868185,1.2013897106534854,0.7918818202580719,1.9305597213089614,0.16477986258577937,0.5392393662363265,1.208582025243146,-1.3080799386450597,-0.13516026637646839,-1.6702859709300786,1.4535628340807105,-0.6158625764151159,-0.596525335484366,-1.6235487789562315
0.31659450316386745,-2.138328934717327,7.341838166091171,4.97662327478863,-15.106961110348653,-0.7955506071070112,2.2228783689948175,-2.9946332241664813,3.3506414403156644,4.35507603067086,-5.385724054647494,15.097840619766348,13.758193637480678,2.1034832244498345,10.070917176634543,1.2478071742460783,0.5337649633717022,4.14262951560795,10.142207577025735,-1.6030391504649792,-1.6331234871274793,13.477958626258829,-12.805928305659219,0.32916775010426647,6.312868547510932,-5.933264826446108,-11.876711668540331,0.369341519364032,3.2348344792478048,-4.066080770514079,8.248683586134637,5.864453161331569,16.827779064648276,0.059942625487157536,3.1987384871818816,6.633935909559486,-9.360585365076648,2.0561712251448867,-13.978340674547038,5.891925195717443,-5.100633104308684,-6.184348634681377,-12.248935957857656
-1.7284846833061815,2.937191995974205,-10.389646673431765,-6.778817082587673,19.719070811501393,1.2631233014963112,-2.065820962775972,3.3921500536657794,-4.359859742379717,-5.977797969916841,7.500836371965359,-19.907396235730758,-19.008979951353446,-2.8430957379091377,-13.192163517653517,-1.5924284530740043,-0.052107174715146,-5.249163666009151,-13.834299436283024,1.9546917339697625,2.0211725810670575,-17.75008066952855,16.604553447116174,0.5674570134660999,-7.673805451257748,7.879925338535307,16.892290180368953,-0.9802214792868185,-4.066080770514079,6.525879398335086,-11.449514756014969,-8.144413158282827,-21.376172680450715,-0.7134128652880097,-4.688909160565618,-9.495233295261867,12.506159022683766,-2.08217800421123,18.18325684141292,-9.661554644738832,6.966151833014417,7.682657245163804,16.830561665181623
1.6817075359832914,-5.727508221938168,19.99484253445852,13.241405009147655,-39.74976485121515,-2.111803693016212,5.413601392509262,-7.54450810162826,8.975883767999747,11.846253137022945,-14.415948733268305,40.04734842649044,36.750718541272526,5.7165042943280975,26.415713976676024,3.138391849656103,1.0379381777457133,10.88474172952667,27.070520931198775,-4.2172920730483945,-4.120279234549063,35.668882670732536,-33.87557998668065,0.23952503793188024,16.38027219954445,-15.61692028693135,-32.192222257258216,1.2013897106534854,8.248683586134637,-11.449514756014969,22.198175873664464,15.923825604005849,43.7781617811393,0.7027733879286961,8.879339105080266,17.878645523505803,-24.75617630316791,5.244459324740336,-36.752229266587825,16.827227900362608,-13.73096642962454,-16.053716402040617,-32.993311136849705
1.1671194639697813,-4.11401228161922,14.481708872278844,9.480953594734899,-28.50563849303521,-1.3635179862244216,4.026036645538186,-5.411701685525762,6.67589193207564,8.660301482911033,-10.292418066060748,28.867688382467193,26.21336499748433,4.163675727319729,18.855160824465525,2.2067494303886037,0.8008682389157548,7.893817938490952,19.38798774731625,-3.024092684385177,-2.868334452587688,25.65251689948204,-24.532761744005597,0.25046344773296986,11.904601511373231,-11.147929840224316,-23.11192825820426,0.7918818202580719,5.864453161331569,-8.144413158282827,15.923825604005849,11.580980141032768,31.24141477733478,0.588735638629546,6.389041374506395,12.719942065455387,-17.67518596257861,3.9541141782743434,-26.290764370648482,12.04261891920641,-9.946330829344042,-11.517469794518734,-23.906889215284657
1.5042842313441918,-11.430006349547227,39.102276857570246,26.535110089262165,-80.61025128695621,-4.377419706308655,11.857856065972207,-15.857325384175757,17.555357185713902,22.88424466986267,-28.71012596750907,80.38187654896527,73.28888192897365,11.205446553580066,53.72142184042316,6.522667012549789,2.843266241422163,21.908790139097757,53.99770303433315,-8.7833433326084691,-8.689148166845445,71.84057133325072,-68.0268462470687,1.828344952432949,33.86173915997959,-31.58066825800645,-63.145417618719904,1.9305597213089614,16.827779064648276,-21.376172680450715,43.7781617811393,31.24141477733478,90.1750264703096,0.20183755118552946,17.284009192258317,35.30387769250794,-49.97983788529839,11.342300613978257,-74.88191167232632,31.188616509082706,-26.9722704945215,-33.3155344278971,-65.04584357541876
0.6118383833821736,-0.14037454280562855,0.7564830432569652,0.27720390040605514,-0.5611962214271206,0.027221563069429452,-0.16134128298299308,0.06986640770999504,0.34873703290013525,0.5482925194983793,-0.3681480064628614,0.8639081251427679,0.8689212270006397,0.22014805658311237,0.30829290047853425,-0.03200979208266585,-0.19455714111211422,0.21303797687277234,0.6371441560689757,-0.015649099498998616,0.06836033886163995,0.6836599271570247,-0.7295043750644156,-0.4035610650842336,0.05812762348124365,-0.21624015669178942,-1.1042240086470014,0.16477986258577937,0.059942625487157536,-0.7134128652880097,0.7027733879286961,0.588735638629546,0.20183755118552946,0.40424739443301705,0.3687905721536479,0.5211115681685506,-0.42345320606553644,-0.10575577875596738,-0.42238766457992555,1.1312923570609412,-0.4781861809582855,-0.008554424784931097,-1.0841364626294314
0.8406938900624119,-2.295596930111668,8.052639852396828,5.29268282014794,-15.7644439467139,-0.8781839650353047,2.0230158666769364,-2.9021462922266235,3.544929083895589,4.715574207573688,-5.775441356175773,15.896606029308984,14.71499549054538,2.282100667566311,10.475159275817296,1.228421940148539,0.31236596882330475,4.280241676260333,10.822685571108586,-1.6666877182440054,-1.6120744004698473,14.159430517953393,-13.399755173224944,-0.04190952373480452,6.441205799911904,-6.213159828939234,-12.962540485140186,0.5392393662363265,3.1987384871818816,-4.688909160565618,8.879339105080266,6.389041374506395,17.284009192258317,0.3687905721536479,3.6219474919653454,7.20248488002546,-9.850313070214444,2.0432160943749933,-14.585945605487233,6.950015840344189,-5.473567044440544,-6.336756110386647,-13.192709672148547
1.6351266790796823,-4.669523737250574,16.15925615299607,10.83998949648726,-32.07136409792446,-2.004836365539523,3.943675715034341,-5.859027518921988,6.956055447977525,9.186549316655102,-11.79695194894036,31.953577152484083,30.102242429620674,4.434131445752424,21.469352068668705,2.6947176777730966,0.5231475901126525,8.536573550548896,22.038095869880063,-3.240376925867223,-3.4384345538650845,28.58354632589748,-26.79522240820009,-0.06116477905048273,13.003441968673046,-12.805561641920187,-26.304073449130378,1.208582025243146,6.633935909559486,-9.495233295261867,17.878645523505803,12.719942065455387,35.30387769250794,0.5211115681685506,7.20248488002546,14.821027726768985,-20.06828164962652,3.9782121407063196,-29.667957806666788,14.0251742957042,-10.905490770634668,-12.90408186905878,-26.460292258129996
-1.462477322800298,6.439924700124326,-22.19904627467031,-14.926181594611652,44.95244583076257,2.509230409907757,-6.254015064808424,8.618592256919188,-9.840174319327325,-12.954014682211014,16.23419893026913,-44.96142669757176,-41.34608493153813,-6.303253847479008,-29.973337337631964,-3.626369778436588,-1.303389242632476,-12.17346497530025,-30.381869127151724,4.8175300407413175,4.785239282319674,-40.158996397336914,37.94686645395456,-0.5623878209754489,-18.61708289549924,17.664123100764513,35.8687414897068,-1.3080799386450597,-9.360585365076648,12.506159022683766,-24.75617630316791,-17.67518596257861,-49.97983788529839,-0.42345320606553644,-9.850313070214444,-20.06828164962652,28.003289931522566,-6.021659341675006,41.695240786520785,-18.311692710383053,15.220109112253336,18.368937703656584,36.72533157554167
-0.487226690233272,-1.3964204028912433,4.828661008814393,3.2367446088242655,-10.25751719092291,-0.2704811437761113,2.019708253780262,-2.25282793863891,2.6172735100975983,3.0120204230510654,-3.2922762977281117,10.292487755996467,8.674088347686267,1.4795039404475399,6.664080683472321,0.8013774214006855,0.6772400772065522,3.0050547502861815,6.6799299514305295,-1.1341436635053355,-1.0461849811927384,9.115545229237043,-9.033166329354069,0.7921253429926235,4.831709167137919,-3.971955883631302,-7.529509880024744,-0.13516026637646839,2.0561712251448867,-2.08217800421123,5.244459324740336,3.9541141782743434,11.342300613978257,-0.10575577875596738,2.0432160943749933,3.9782121407063196,-6.021659341675006,2.077594308484331,-9.4353902649174,3.1343607155002067,-3.438881373173985,-4.4058866414622795,-8.217659095130086
-1.584897138267074,9.584104277410567,-32.96535793831449,-22.236725668744768,67.31774307249383,3.638921384055431,-9.706178548069902,13.12051017031844,-14.856245469480347,-19.318581868734288,24.017900143223514,-67.23842496622744,-61.43962355459774,-9.423508811562801,-44.81140953361713,-5.445981094021374,-2.1920556833281304,-18.341077993430453,-45.337602035591736,7.232800093545733,7.194109845699461,-60.039650231489404,56.935736927010765,-1.295060137751339,-28.223495563055003,26.457750088487447,53.208089360629955,-1.6702859709300786,-13.978340674547038,18.18325684141292,-36.752229266587825,-26.290764370648482,-74.88191167232632,-0.42238766457992555,-14.585945605487233,-29.667957806666788,41.695240786520785,-9.4353902649174,62.42166678129723,-26.65340129837787,22.6935311882383,27.668493207574336,54.69464062962807
2.6263540498834788,-4.337388583442396,15.402567491933539,10.006512026739149,-28.966165454215965,-1.8580861734802279,2.951530263557264,-4.900782991063703,6.504215249676706,8.79880649457769,-11.014775288317798,29.22522454765758,28.003050131738757,4.1755510008447,19.353454421520468,2.3625144201139294,-0.022037565495344965,7.705340882969658,20.43197895289036,-2.7987745089084446,-2.9444471121888407,26.04829996896198,-24.393317280798115,-0.8889835955666631,11.318068174606601,-11.64193541644738,-25.01373513255659,1.4535628340807105,5.891925195717443,-9.661554644738832,16.827227900362608,12.04261891920641,31.188616509082706,1.1312923570609412,6.950015840344189,14.0251742957042,-18.311692710383053,3.1343607155002067,-26.65340129837787,14.414188043854974,-10.26555992863441,-11.25238440873628,-24.865011260182946
-0.8991552272554086,3.53204111003935,-12.42713321648166,-8.15279964543534,24.62089417881222,1.1518458654571404,-3.5379758791487514,4.755334440013583,-5.79003301260818,-7.513399866575001,8.820022612224406,-24.941501502434495,-22.55746620012242,-3.609006112191528,-16.272245756474458,-1.9074946464692235,-0.7516044126616207,-6.870208038407339,-16.730911205462462,2.615703254640358,2.4941753656028136,-22.14928070368596,21.24650977475272,-0.2899659050337853,-10.307458644931874,9.633749745480511,19.862484603457638,-0.6158625764151159,-5.100633104308684,6.966151833014417,-13.73096642962454,-9.946330829344042,-26.9722704945215,-0.4781861809582855,-5.473567044440544,-10.905490770634668,15.220109112253336,-3.438881373173985,22.6935311882383,-10.26555992863441,8.598707097647724,9.945636251729084,20.575750218935124
-0.3208598719196079,4.209445423562523,-14.392995303176127,-9.776160894388642,29.810813961201493,1.5538732599458565,-4.527918946028829,5.928661271347888,-6.585470850580635,-8.441429352974664,10.49816497211091,-29.697483061160217,-26.90601805019986,-4.139732866303517,-19.823784936982722,-2.4198702857832113,-1.1366392001666326,-8.149136109534208,-19.91435666459345,3.241526468840432,3.2088231030521377,-26.529210792031893,25.221203187473726,-0.8626437829427572,-12.694262306665008,11.685101867533497,23.182789571154903,-0.596525335484366,-6.184348634681377,7.682657245163804,-16.053716402040617,-11.517469794518734,-33.3155344278971,-0.008554424784931097,-6.336756110386647,-12.90408186905878,18.368937703656584,-4.4058866414622795,27.668493207574336,-11.25238440873628,9.945636251729084,12.38628167272989,23.988933331352484
-2.2669403323447126,8.541434510151246,-29.952554060496322,-19.728447078883022,59.30890310566838,2.9252004310218815,-8.345595759546413,11.301044702757656,-13.786266695320178,-17.830907725150695,21.354094900298254,-59.864099405540884,-54.528324010844116,-8.573063122583283,-39.285062420997896,-4.6837632766669435,-1.6604904524743866,-16.380554154354847,-40.34385730638312,6.22688146784846,6.05616595878683,-53.243272778956154,50.85598572151136,-0.6143354466661101,-24.774901119620676,23.28873441526253,47.959207708353276,-1.6235487789562315,-12.248935957857656,16.830561665181623,-32.993311136849705,-23.906889215284657,-65.04584357541876,-1.0841364626294314,-13.192709672148547,-26.460292258129996,36.72533157554167,-8.217659095130086,54.69464062962807,-24.865011260182946,20.575750218935124,23.988933331352484,49.475970270868466
