V1,V2,V3,V4,V5,V6,V7,V8,V9,V10,V11,V12,V13,V14,V15,V16,V17,V18,V19,V20,V21,V22,V23,V24,V25,V26,V27,V28,V29,V30,V31,V32,V33,V34,V35,V36,V37,V38,V39,V40,V41,V42,V43,V44
4.01698077138298,0.6797868269890192,-2.054923805913384,1.0519990728177397,0.7686715796401296,2.110024109278021,-0.7933622278899067,0.5956918373710736,-0.8150949596686656,-0.4430849548506868,-0.5644922155832243,3.3015900288754563,-1.478162980270124,-0.06798883763034257,0.5873045891450045,1.20092319545846,0.27662746266125615,-1.9865443402940857,-1.6680925143873306,-2.180883545453219,0.7629548613035291,-1.2751665682546451,1.477580315729581,0.744081374054107,-0.5232704249327312,1.233440654900101,-0.682246891999177,0.639440327420532,-0.1649534604868502,1.3206842060065176,1.249378293258036,-0.8534512612042106,1.678001756977563,-3.034317761105209,-0.06450636161845556,-2.408010152506516,-2.563375343872168,-0.8450158113682562,-3.2319706421301166,0.2146096699399522,-0.537618899411227,3.4376703094724594,0.9949901875294823,1.8793500744619396
0.6797868269890192,0.4940101496414407,-1.1169035291217413,0.40251518272876247,0.5171876728218658,0.9859198957131564,-0.24441826236339925,0.15346407886253383,-0.4163461825838506,-0.3521395121907721,0.07082458608030215,1.207425287834592,-0.559100545549313,-0.27021061355266335,0.2892419534313676,0.7752603580481049,0.2810577279092976,-0.6160931955290488,-0.8443936644151953,-0.6542098947357784,0.28987354397936793,-0.26740623661862756,0.5163872138878814,-0.04419765945122587,-0.237117025524672,0.5428877040057141,-0.18921644820541927,0.1369766636765201,-0.19561508746914885,0.1268814822927861,0.5967897356890018,-0.22142691170836626,0.04308662188460534,-0.7825404105345793,-0.08283088012042596,-0.381466249473169,-1.2339639202190822,0.15804712083781344,-1.1370496182757137,0.09141816845415608,-0.05470032828670789,0.9115843320628779,0.8345024023639147,0.05679404809860668
-2.054923805913384,-1.1169035291217413,2.893447536837288,-0.9074902787517644,-1.2787502110529454,-2.2280842426877556,0.9304193854623858,-0.3379279049992555,1.1958272569136241,0.8348224989673363,0.2059501743611816,-2.5469676759446305,1.4176028934889957,0.5479975135876622,-0.49816219060323436,-2.2387164396745556,-0.5545156360088606,1.263129487833999,2.5061305849823747,1.888340011160566,-0.5952490968997685,0.6073079148177177,-1.3707541891323798,0.2755549478531048,0.6222896287357534,-1.2235162239063693,0.5659352083703473,-0.1985196132584552,0.5571614127271652,-0.44915571085265577,-1.7554610517195444,0.6190241856498497,-0.33367019556307864,2.3349281596570934,0.09667981847353253,0.9185050187891844,3.0236804556198686,-0.19386566537434669,2.7900414701926217,-0.3318286706327495,0.07493355981656953,-2.2980857164364514,-2.3110436969255423,0.3696660999439947
1.0519990728177397,0.40251518272876247,-0.9074902787517644,0.8676598667984154,0.3958989713036561,1.1605313537698507,-0.031152836361070694,0.5486391391927856,-0.3830548444303264,-0.14524426181695357,0.29240256179487556,1.2602996055369544,-0.8063303227173358,-0.16421236595098063,0.4479807031237989,0.5222650335388126,0.3999406716771586,-0.5469189902565973,-0.3855266106544064,-0.5214476671992484,0.233966592042332,-0.4599540454036383,0.690287219809578,0.16211459981623316,-0.24461397528503454,0.42875994290395514,-0.20575436651485915,0.17363549301333744,-0.009509658677188254,0.21160653403003943,0.3719024499171433,-0.036027895383734895,0.027538957549163644,-0.7249971877562766,0.013146254029053938,-0.48754147507650614,-1.069732350698753,0.6228432097296968,-1.3057245097132435,0.020316050075179733,0.11109339513935161,1.002743557391842,0.3936834324618714,0.6855854979220859
0.7686715796401296,0.5171876728218658,-1.2787502110529454,0.3958989713036561,0.6990076899672728,1.1088047634262705,-0.48599961587469903,-0.0442846134761007,-0.5663511709063128,-0.34169446863568326,0.05779500301446772,1.2609032991904419,-0.6446261551046422,-0.30925132718786214,0.11788380334157192,1.1296771675098805,0.30533640665309625,-0.5867322001913627,-1.0469796768701816,-0.8517980416120733,0.4035094602756836,-0.2517083294081736,0.6788843595711167,-0.18840604930038374,-0.18461074560203541,0.5591175381406918,-0.3047400166563129,0.10139436876174315,-0.3326038657063013,0.14803091088002687,0.7703768026216871,-0.37490061850085044,0.0536468135699902,-0.9476576770048479,-0.09031045955197448,-0.15460279294309395,-1.2000018690696461,0.26829139306534927,-1.237317731279688,0.17155252398725077,8.531849271952243e-4,0.7548330316100473,1.223244194546155,-0.3485821970549368
2.110024109278021,0.9859198957131564,-2.2280842426877556,1.1605313537698507,1.1088047634262705,2.517837042723795,-0.48558063903491,0.6188640025972225,-0.7509003705853102,-0.6419505336173238,0.36943932728196177,3.11146211324871,-1.4542726783924504,-0.4608559976413919,0.7461587805702292,1.3422413700611098,0.6128982441980771,-1.642499490326231,-1.3631260703695858,-1.477020454398111,0.7834083118997236,-0.9071931469526788,1.2128890881111902,0.28505617119704835,-0.41728972156700206,1.2563253482705146,-0.5192665440011256,0.5663667041110191,-0.3085952747112354,0.5337399299252092,1.041059313565862,-0.5776973008227952,0.39102588086780526,-1.8598087951240818,-0.17997165755111502,-1.289225662583439,-2.6361490045791576,0.5127182790895931,-2.8857222410600873,0.15128372295659825,-0.144429496719797,2.203922074176438,1.3726920444606792,1.0660968338763481
-0.7933622278899067,-0.24441826236339925,0.9304193854623858,-0.031152836361070694,-0.48599961587469903,-0.48558063903491,0.8419008378856241,0.22764503686750825,0.3490118019462245,0.20645231495165198,0.38070122241490945,-0.6838531055564192,0.21363215604872576,0.11887395536043373,0.2727977397368493,-0.935813430920782,0.029242587039394297,0.40176823666611844,1.0892617812860947,0.8740880312974171,-0.283804092429447,0.25941873915470637,-0.3294021620787673,0.0635082307190096,0.002429784207917047,-0.3446604140356571,0.2841951051150473,0.08277517735212069,0.30391791107805194,-0.2506023666024503,-0.8368024494027084,0.36383554126623874,-0.33219319881263504,0.9946565846465749,0.13440930420891115,0.13693088725524605,0.7285811267278142,0.21893589799353255,0.6766734141359108,-0.18419368277480375,0.08081211890853282,-0.45358920323416224,-1.117232564599498,0.6469188286538908
0.5956918373710736,0.15346407886253383,-0.3379279049992555,0.5486391391927856,-0.0442846134761007,0.6188640025972225,0.22764503686750825,1.1725455796796562,0.15999692351593117,-0.24551258957636948,0.30073423347893763,0.2749078529147381,-0.42602417549745186,0.0803468977524473,0.6697047618178427,-0.4418309939271893,0.070328193546554,-0.27519417707804816,0.16209398541402134,0.1204319326849994,-0.24199506355722217,-0.37314177194077736,-0.09847115464038399,0.39532125239591537,-0.11577335011548913,0.23501801250180424,0.10060931924532175,0.30720986345609697,0.23048109012397364,0.12724921465575567,-0.15820477877937614,0.3569746338034617,0.12002297499133244,-0.21337732964212547,0.16240596920472483,-0.8237773781639595,-0.8231232976441113,0.4638979459520594,-0.8137952878983304,-0.08840446222727695,0.08697985707230768,0.723478895908493,-0.6206172542748507,1.4128448348321148
-0.8150949596686656,-0.4163461825838506,1.1958272569136241,-0.3830548444303264,-0.5663511709063128,-0.7509003705853102,0.3490118019462245,0.15999692351593117,0.9421104566790173,0.21165424641864147,0.12773203378751305,-0.559539761942059,0.7467818807308637,0.238170211710706,-0.0594826523463863,-1.49120837698127,-0.35964597857846886,0.007184289738048642,1.2482612194907114,0.8376474783952254,-0.19963895808912047,-0.03968248776690139,-1.0241723424219804,0.5768634904450084,0.3624337676981673,-0.27854227845595325,0.3902052982830915,0.06578374866211209,0.3688295608695562,-0.08429627437285683,-0.8103607788674869,0.33427423188494954,-0.039607980940337406,0.9720098993923917,-0.15874567986816682,-0.16376418882576105,0.9559011553125528,-0.3404149690046544,1.0594567394462011,-0.2896272841391382,-0.18197390787780737,-0.6143102643620553,-1.3412752272633994,1.0461439195352833
-0.4430849548506868,-0.3521395121907721,0.8348224989673363,-0.14524426181695357,-0.34169446863568326,-0.6419505336173238,0.20645231495165198,-0.24551258957636948,0.21165424641864147,0.38745853726524104,-0.017688847409022858,-0.70810572439747,0.3157112701870515,0.1596917427847839,-0.2905013563247387,-0.4405152339566047,-0.1133279167075382,0.4692542723857552,0.654441906972747,0.39779541417073044,-0.1083221465337995,0.17598868072436835,-0.18395588318160563,0.003957491328670696,0.13602484078150354,-0.43662768194252183,0.07005333025257764,-0.17848751514946462,0.14872430786251734,-0.08696422412408564,-0.3808153401076561,0.10801987687512868,-0.13170658858692874,0.554436348428942,0.01393430468871525,0.40795948159407963,0.9858785496309057,0.005569893085355898,0.8383238774391246,-0.08275965209888442,0.08491899496378648,-0.6675965542060746,-0.5027159551029351,-0.1985858246085729
-0.5644922155832243,0.07082458608030215,0.2059501743611816,0.29240256179487556,0.05779500301446772,0.36943932728196177,0.38070122241490945,0.30073423347893763,0.12773203378751305,-0.017688847409022858,0.8194380801252025,0.1447931438196263,-0.08836905635422138,-0.10295394354357726,0.3423521731009814,-0.3047207539996867,0.2776233339781847,-0.013852346446037596,0.7402540725883912,0.5805063276037411,0.04266133260403352,-0.052177056402890824,-0.020885246458445646,0.10384828264575284,0.1976688913919957,0.026887567662932085,0.0844116377580378,0.2267493197045185,0.05056860393497209,-0.3010765736805364,-0.5390568402686404,0.2698011969790122,-0.40459652993382705,0.7552204805043907,0.0624907998624395,0.3589269897734447,0.2119355249446925,0.9906138577800424,-0.1263499382460902,-0.046121462207111295,0.2168778864410789,-0.6153188700730277,-0.3197633587619514,0.626445113150446
3.3015900288754563,1.207425287834592,-2.5469676759446305,1.2602996055369544,1.2609032991904419,3.11146211324871,-0.6838531055564192,0.2749078529147381,-0.559539761942059,-0.70810572439747,0.1447931438196263,5.425348872982258,-1.4008764658358122,-0.48195383329039265,0.8686002490476595,1.1548394694397657,0.5821799443563974,-3.1143328022646957,-1.533943367093087,-2.186695530138436,1.490100891842901,-1.644341885502056,1.3675056594469484,1.1976199764340614,-0.43059965453210086,1.9284213517732527,-0.7325795220201504,0.9036505615703849,-0.2500925227115716,1.0771369597129858,1.2886091120426189,-1.0500144766320871,1.1183402532650213,-2.6135151554469247,-0.7019582841561655,-2.6255638607860274,-3.446979364196154,-0.4524966975019387,-3.7157525614495124,0.04740609924649982,-0.776466077501465,3.540068112005023,1.4176377367034707,2.334970921349724
-1.478162980270124,-0.559100545549313,1.4176028934889957,-0.8063303227173358,-0.6446261551046422,-1.4542726783924504,0.21363215604872576,-0.42602417549745186,0.7467818807308637,0.3157112701870515,-0.08836905635422138,-1.4008764658358122,1.1535470184139744,0.2635980108312396,-0.42790662882492153,-1.1139670927431322,-0.44047713791531123,0.6061201126802174,1.0164043448702613,0.9986821451094129,-0.3104302931320525,0.35022314230206436,-1.0364060382525095,0.1740272811241372,0.4400245088021748,-0.5862482867791278,0.35273750333043685,-0.2316302640774575,0.208725505535711,-0.34728255310391404,-0.732365618973837,0.361089839285375,-0.2132554802738066,1.3356667855952267,-0.10606523237584353,0.5951109770295032,1.5292345166098908,-0.36559286265713126,1.7779747981781824,-0.15406053637395656,-0.05513400831640673,-1.4530553767007872,-0.9341403606003822,-0.2514040533848904
-0.06798883763034257,-0.27021061355266335,0.5479975135876622,-0.16421236595098063,-0.30925132718786214,-0.4608559976413919,0.11887395536043373,0.0803468977524473,0.238170211710706,0.1596917427847839,-0.10295394354357726,-0.48195383329039265,0.2635980108312396,0.27571055173610687,-0.04512458282565517,-0.48413236720891695,-0.2283336214486818,0.2572095936460595,0.3963843770174402,0.2800768782238699,-0.15970375204862364,0.03571895997275865,-0.27906177461432186,0.183489366264489,0.08376482574716085,-0.22875922129790813,0.012647853645928684,0.031413098718420414,0.14451121282540572,0.04330847610099337,-0.31484098751207257,0.09971203762900835,0.16234966073581902,0.2723570525323106,0.032542666835619384,-0.19048980598533122,0.39926457587305775,-0.1082902930586114,0.4028504441829142,-0.03297372091475529,0.013789626200898476,-0.27825629908753235,-0.5856267507882427,0.16934607767613818
0.5873045891450045,0.2892419534313676,-0.49816219060323436,0.4479807031237989,0.11788380334157192,0.7461587805702292,0.2727977397368493,0.6697047618178427,-0.0594826523463863,-0.2905013563247387,0.3423521731009814,0.8686002490476595,-0.42790662882492153,-0.04512458282565517,0.6694926907130737,-0.10033580914870809,0.21463627561652165,-0.5299285782011401,-0.022454113552235627,-0.04745731428856884,0.038319752827652015,-0.3199571045373301,0.20003760613779079,0.3019266489676395,-0.16448331075985012,0.4046155908288447,-0.011618659527106705,0.3835679214120394,0.08318238688817757,0.10740725367640136,-0.08488652479126746,0.11351843986857178,0.1498523564229279,-0.24775738376555664,0.06934552591373093,-0.7513471396893503,-0.9245107305232863,0.30373017819627374,-0.989869152351207,-0.01878523336687728,-0.03811318582960975,0.8173987586160127,-0.22666625059203468,1.173342935662674
1.20092319545846,0.7752603580481049,-2.2387164396745556,0.5222650335388126,1.1296771675098805,1.3422413700611098,-0.935813430920782,-0.4418309939271893,-1.49120837698127,-0.4405152339566047,-0.3047207539996867,1.1548394694397657,-1.1139670927431322,-0.48413236720891695,-0.10033580914870809,2.6611635830567937,0.5251462518579197,-0.1907009546410715,-2.3659906174734227,-1.5816719086653228,0.46053963780010987,-0.0018681761915627024,1.5426549043013056,-0.9461754621542059,-0.5062784280246193,0.5887880897075621,-0.6627888196606979,-0.20060848862722244,-0.7188577650077049,0.12390177981775911,1.6288011630812154,-0.6535959363869149,-0.008388134805550835,-1.732675053506522,0.08188378530108642,0.36738873622870694,-1.7576641850513846,0.46903885743034146,-1.7211968972831253,0.4822124222421266,0.24350641542035995,0.9303679712808429,2.6280300188620496,-2.085604596253001
0.27662746266125615,0.2810577279092976,-0.5545156360088606,0.3999406716771586,0.30533640665309625,0.6128982441980771,0.029242587039394297,0.070328193546554,-0.35964597857846886,-0.1133279167075382,0.2776233339781847,0.5821799443563974,-0.44047713791531123,-0.2283336214486818,0.21463627561652165,0.5251462518579197,0.35581246945852074,-0.20836945308895227,-0.2665992143550036,-0.21987323578773776,0.15346688395045766,-0.08848568580445786,0.5077788898608252,-0.15435218659042668,-0.11847461056089219,0.21929762231653166,-0.07617977336767857,0.050235202668895376,-0.11281008465867133,-0.03678737601726497,0.19925659003901364,-0.02691048510551015,-0.15201158772051565,-0.23492365538730614,0.06375501456413002,0.15993654586000225,-0.4246848178155121,0.4485556576193228,-0.6418761253583017,0.06340247243116019,0.10030499932321944,0.311910866537955,0.48744869641738164,0.056278352138556524
-1.9865443402940857,-0.6160931955290488,1.263129487833999,-0.5469189902565973,-0.5867322001913627,-1.642499490326231,0.40176823666611844,-0.27519417707804816,0.007184289738048642,0.4692542723857552,-0.013852346446037596,-3.1143328022646957,0.6061201126802174,0.2572095936460595,-0.5299285782011401,-0.1907009546410715,-0.20836945308895227,2.071886352993129,0.643747186580054,1.1611490726917706,-0.8001583313177902,1.0643106397876712,-0.4506550297648401,-0.9469175043017244,0.11737396910521777,-1.1656903181192255,0.22767431818444636,-0.6157206781630734,0.05180862891510431,-0.7264751856759791,-0.5712599716469614,0.5397069313572052,-0.8838288626685712,1.4966655961782145,0.42014768110717143,1.7618627799938509,1.819282371522896,0.709214055283243,2.0398065538317547,0.05256967769852729,0.657784821677609,-2.21579138759025,-0.44152508078171426,-2.068539253059075
-1.6680925143873306,-0.8443936644151953,2.5061305849823747,-0.3855266106544064,-1.0469796768701816,-1.3631260703695858,1.0892617812860947,0.16209398541402134,1.2482612194907114,0.654441906972747,0.7402540725883912,-1.533943367093087,1.0164043448702613,0.3963843770174402,-0.022454113552235627,-2.3659906174734227,-0.2665992143550036,0.643747186580054,2.7432193801414404,1.872540321969134,-0.4075403709395414,0.22540670421019177,-1.2032554992278937,0.6006130507421484,0.6362222283776905,-0.8436847101760343,0.5985001620154279,0.11800139979147924,0.616359948069256,-0.387679895159735,-1.8717038052173025,0.7063282492452703,-0.36927655352565136,2.247499014593529,0.06246547011814934,0.5549003693561901,2.457754288880726,0.3121962380242891,1.946970787254818,-0.40579994026326344,0.0655544502990551,-1.7965938859170136,-2.4253887583034057,1.5544419293603193
-2.180883545453219,-0.6542098947357784,1.888340011160566,-0.5214476671992484,-0.8517980416120733,-1.477020454398111,0.8740880312974171,0.1204319326849994,0.8376474783952254,0.39779541417073044,0.5805063276037411,-2.186695530138436,0.9986821451094129,0.2800768782238699,-0.04745731428856884,-1.5816719086653228,-0.21987323578773776,1.1611490726917706,1.872540321969134,1.8081954745270152,-0.6443129177125625,0.5809191018526675,-1.1065253029656548,0.011670297886601065,0.4679039065864177,-0.8752533049988845,0.5597391183709861,-0.13479802761810114,0.3801635145164536,-0.7001770408714842,-1.4131686473770495,0.8186436626574084,-0.7253702987375003,2.207483300718265,0.1972613818020103,1.070216694646179,2.0021620828896585,0.6047662930193182,1.9972983243907942,-0.2259529102294696,0.30772418603210655,-2.0964308489154804,-1.636940477169168,0.19821220617813395
0.7629548613035291,0.28987354397936793,-0.5952490968997685,0.233966592042332,0.4035094602756836,0.7834083118997236,-0.283804092429447,-0.24199506355722217,-0.19963895808912047,-0.1083221465337995,0.04266133260403352,1.490100891842901,-0.3104302931320525,-0.15970375204862364,0.038319752827652015,0.46053963780010987,0.15346688395045766,-0.8001583313177902,-0.4075403709395414,-0.6443129177125625,0.5355617893519474,-0.38810509896919343,0.43514589966511563,0.24315753568534346,-0.044907788555033086,0.47628459671596224,-0.27960277632072633,0.20007863711164725,-0.14877814004921386,0.264718671119571,0.3737961336348129,-0.42647348938632174,0.27140866385292234,-0.650315874855457,-0.24947419210679145,-0.47355859958666763,-0.703172701184718,-0.12257383834805165,-0.8592956111698921,0.04585185069377665,-0.21038673031387337,0.6800177164269907,0.584386251838224,0.26200245111122733
-1.2751665682546451,-0.26740623661862756,0.6073079148177177,-0.4599540454036383,-0.2517083294081736,-0.9071931469526788,0.25941873915470637,-0.37314177194077736,-0.03968248776690139,0.17598868072436835,-0.052177056402890824,-1.644341885502056,0.35022314230206436,0.03571895997275865,-0.3199571045373301,-0.0018681761915627024,-0.08848568580445786,1.0643106397876712,0.22540670421019177,0.5809191018526675,-0.38810509896919343,0.7244684211308102,-0.2463194794230271,-0.6823710353394637,0.008254568736074918,-0.5775411325248535,0.17744267851699802,-0.3359498855842378,-0.04655125333359075,-0.43622176681797803,-0.25547831907161733,0.17868265389373536,-0.5450522764199802,0.8049181570794507,0.1997511170300756,1.0597366917214472,0.9596377674560741,0.14041037136002885,1.1656714791581095,0.029806490649812407,0.26239781591754435,-1.1279301437852873,-0.07376958105934542,-1.314999932871008
1.477580315729581,0.5163872138878814,-1.3707541891323798,0.690287219809578,0.6788843595711167,1.2128890881111902,-0.3294021620787673,-0.09847115464038399,-1.0241723424219804,-0.18395588318160563,-0.020885246458445646,1.3675056594469484,-1.0364060382525095,-0.27906177461432186,0.20003760613779079,1.5426549043013056,0.5077788898608252,-0.4506550297648401,-1.2032554992278937,-1.1065253029656548,0.43514589966511563,-0.2463194794230271,1.3503477781142805,-0.34370536809786223,-0.4038506727651556,0.48412716468025846,-0.49910551360900546,0.09771027028066365,-0.3411986940959512,0.2995955843525142,0.8434974494122266,-0.47351566694841085,0.2614562942335325,-1.3151154564495995,0.11326889483926277,-0.1948252926146359,-1.204410625843072,0.3472498144434539,-1.6181295695262952,0.2748978957772565,0.0897222521896434,1.1445936119264313,1.3515912039654228,-0.4173499163045778
0.744081374054107,-0.04419765945122587,0.2755549478531048,0.16211459981623316,-0.18840604930038374,0.28505617119704835,0.0635082307190096,0.39532125239591537,0.5768634904450084,0.003957491328670696,0.10384828264575284,1.1976199764340614,0.1740272811241372,0.183489366264489,0.3019266489676395,-0.9461754621542059,-0.15435218659042668,-0.9469175043017244,0.6006130507421484,0.011670297886601065,0.24315753568534346,-0.6823710353394637,-0.34370536809786223,1.0312411491924263,0.18696954649070835,0.33824960387984915,0.017790101760193515,0.39417943152488527,0.28704019349883875,0.3678573487032008,-0.3380431487060889,0.02478023215133911,0.5688044768009967,-0.10845118575001578,-0.2677697032875291,-1.192026649949447,-0.27961025467366674,-0.37230389671378356,-0.4227910834135548,-0.18224602320611938,-0.36533543137917207,0.6693409629366907,-0.8530844131355954,1.8714218271907344
-0.5232704249327312,-0.237117025524672,0.6222896287357534,-0.24461397528503454,-0.18461074560203541,-0.41728972156700206,0.002429784207917047,-0.11577335011548913,0.3624337676981673,0.13602484078150354,0.1976688913919957,-0.43059965453210086,0.4400245088021748,0.08376482574716085,-0.16448331075985012,-0.5062784280246193,-0.11847461056089219,0.11737396910521777,0.6362222283776905,0.4679039065864177,-0.044907788555033086,0.008254568736074918,-0.4038506727651556,0.18696954649070835,0.3597449089310824,-0.19654888026769868,0.13914664282371894,0.005525833740750928,0.061234643774232135,-0.13583970553561525,-0.42482618329750255,0.1713550722377369,-0.0346571842144236,0.623899664631809,-0.024177864237071217,0.36207852444962185,0.7968921504633657,0.1150432794152671,0.5800123449292351,-0.04528568051142441,0.0118962284128833,-0.8004336989257572,-0.39279594758467024,0.23174160615964137
1.233440654900101,0.5428877040057141,-1.2235162239063693,0.42875994290395514,0.5591175381406918,1.2563253482705146,-0.3446604140356571,0.23501801250180424,-0.27854227845595325,-0.43662768194252183,0.026887567662932085,1.9284213517732527,-0.5862482867791278,-0.22875922129790813,0.4046155908288447,0.5887880897075621,0.21929762231653166,-1.1656903181192255,-0.8436847101760343,-0.8752533049988845,0.47628459671596224,-0.5775411325248535,0.48412716468025846,0.33824960387984915,-0.19654888026769868,0.8119061441345484,-0.24617579930497901,0.3614751650217133,-0.1635676114626085,0.37197381410071806,0.6018714082397744,-0.36958857857995675,0.4228533578933345,-1.1083420310481449,-0.19510444976050717,-1.0020087599774048,-1.5605157537497778,-0.1666494731869508,-1.5585223966724695,0.06989340871612978,-0.27759167101311644,1.4127319421651543,0.7038500806977678,0.7923464104742842
-0.682246891999177,-0.18921644820541927,0.5659352083703473,-0.20575436651485915,-0.3047400166563129,-0.5192665440011256,0.2841951051150473,0.10060931924532175,0.3902052982830915,0.07005333025257764,0.0844116377580378,-0.7325795220201504,0.35273750333043685,0.012647853645928684,-0.011618659527106705,-0.6627888196606979,-0.07617977336767857,0.22767431818444636,0.5985001620154279,0.5597391183709861,-0.27960277632072633,0.17744267851699802,-0.49910551360900546,0.017790101760193515,0.13914664282371894,-0.24617579930497901,0.3726651501823201,-0.09480130710315432,0.17080565233418576,-0.179724657481843,-0.4093218894609812,0.3292668770743498,-0.22457935597189996,0.621834791106735,0.05746268703152467,0.32634463614687187,0.6692671164722461,-0.1296359274971966,0.7094796585366419,-0.15058441300301106,-0.01934626050126387,-0.3887836831518257,-0.6033091957518645,0.3660572837318683
0.639440327420532,0.1369766636765201,-0.1985196132584552,0.17363549301333744,0.10139436876174315,0.5663667041110191,0.08277517735212069,0.30720986345609697,0.06578374866211209,-0.17848751514946462,0.2267493197045185,0.9036505615703849,-0.2316302640774575,0.031413098718420414,0.3835679214120394,-0.20060848862722244,0.050235202668895376,-0.6157206781630734,0.11800139979147924,-0.13479802761810114,0.20007863711164725,-0.3359498855842378,0.09771027028066365,0.39417943152488527,0.005525833740750928,0.3614751650217133,-0.09480130710315432,0.4310425367509642,0.0288559606361431,0.2233845611803814,-0.1534905513092843,-0.12922553247802793,0.3865546466713377,-0.2729334159169721,-0.027052674831088534,-0.7543345148253041,-0.5399563299860307,-0.015119805842015565,-0.7782577229172222,0.004733375114484162,-0.16764172303642955,0.5765745299809998,-0.23909422714103412,1.082974244353854
-0.1649534604868502,-0.19561508746914885,0.5571614127271652,-0.009509658677188254,-0.3326038657063013,-0.3085952747112354,0.30391791107805194,0.23048109012397364,0.3688295608695562,0.14872430786251734,0.05056860393497209,-0.2500925227115716,0.208725505535711,0.14451121282540572,0.08318238688817757,-0.7188577650077049,-0.11281008465867133,0.05180862891510431,0.616359948069256,0.3801635145164536,-0.14877814004921386,-0.04655125333359075,-0.3411986940959512,0.28704019349883875,0.061234643774232135,-0.1635676114626085,0.17080565233418576,0.0288559606361431,0.24706594983478902,0.00961718982484057,-0.39840244312932016,0.2143099523578121,0.0024977617578613985,0.3770757379122059,-0.011389707859997229,-0.20717115562906152,0.3695946260339561,-0.10456983853146828,0.382353470376755,-0.15469934572687338,-0.0461957689947939,-0.060143696096916915,-0.7648210036283587,0.6532266721273904
1.3206842060065176,0.1268814822927861,-0.44915571085265577,0.21160653403003943,0.14803091088002687,0.5337399299252092,-0.2506023666024503,0.12724921465575567,-0.08429627437285683,-0.08696422412408564,-0.3010765736805364,1.0771369597129858,-0.34728255310391404,0.04330847610099337,0.10740725367640136,0.12390177981775911,-0.03678737601726497,-0.7264751856759791,-0.387679895159735,-0.7001770408714842,0.264718671119571,-0.43622176681797803,0.2995955843525142,0.3678573487032008,-0.13583970553561525,0.37197381410071806,-0.179724657481843,0.2233845611803814,0.00961718982484057,0.517878300680591,0.3305075215457309,-0.3363140129080942,0.6557904419279694,-0.9806446236793179,-0.09568095094021743,-0.9553945290257537,-0.688098107435239,-0.5894793593147495,-0.868123240348296,0.007790182652351276,-0.29289322230987613,1.1821647568270488,0.09464299630349765,0.7880788693020683
1.249378293258036,0.5967897356890018,-1.7554610517195444,0.3719024499171433,0.7703768026216871,1.041059313565862,-0.8368024494027084,-0.15820477877937614,-0.8103607788674869,-0.3808153401076561,-0.5390568402686404,1.2886091120426189,-0.732365618973837,-0.31484098751207257,-0.08488652479126746,1.6288011630812154,0.19925659003901364,-0.5712599716469614,-1.8717038052173025,-1.4131686473770495,0.3737961336348129,-0.25547831907161733,0.8434974494122266,-0.3380431487060889,-0.42482618329750255,0.6018714082397744,-0.4093218894609812,-0.1534905513092843,-0.39840244312932016,0.3305075215457309,1.396981069339992,-0.5257474367272527,0.21429417516273694,-1.6530059321564459,-0.14564558500847258,-0.3733258288155375,-1.6773092519119461,-0.2545260340038891,-1.3366494085676752,0.22037143380161178,-0.07542290097095071,1.3522890056761594,1.7331263752082304,-1.0243581856041617
-0.8534512612042106,-0.22142691170836626,0.6190241856498497,-0.036027895383734895,-0.37490061850085044,-0.5776973008227952,0.36383554126623874,0.3569746338034617,0.33427423188494954,0.10801987687512868,0.2698011969790122,-1.0500144766320871,0.361089839285375,0.09971203762900835,0.11351843986857178,-0.6535959363869149,-0.02691048510551015,0.5397069313572052,0.7063282492452703,0.8186436626574084,-0.42647348938632174,0.17868265389373536,-0.47351566694841085,0.02478023215133911,0.1713550722377369,-0.36958857857995675,0.3292668770743498,-0.12922553247802793,0.2143099523578121,-0.3363140129080942,-0.5257474367272527,0.5845306445329836,-0.3819956281493961,0.911471671878263,0.15839266023385734,0.48334859440204997,0.6969172971555893,0.44989498218168084,0.7453089952628393,-0.11094877292447158,0.2203288766912164,-0.7692929571396941,-0.7042644015029635,0.2505595271471306
1.678001756977563,0.04308662188460534,-0.33367019556307864,0.027538957549163644,0.0536468135699902,0.39102588086780526,-0.33219319881263504,0.12002297499133244,-0.039607980940337406,-0.13170658858692874,-0.40459652993382705,1.1183402532650213,-0.2132554802738066,0.16234966073581902,0.1498523564229279,-0.008388134805550835,-0.15201158772051565,-0.8838288626685712,-0.36927655352565136,-0.7253702987375003,0.27140866385292234,-0.5450522764199802,0.2614562942335325,0.5688044768009967,-0.0346571842144236,0.4228533578933345,-0.22457935597189996,0.3865546466713377,0.0024977617578613985,0.6557904419279694,0.21429417516273694,-0.3819956281493961,1.0900221711545803,-1.0977498820787226,-0.037961343185548904,-1.261549724779133,-0.6287312411941784,-0.876137028102829,-0.9917006563782873,0.07776064719782542,-0.42408430233768474,1.2567039297952944,-0.06335677660266195,1.1630978838471604
-3.034317761105209,-0.7825404105345793,2.3349281596570934,-0.7249971877562766,-0.9476576770048479,-1.8598087951240818,0.9946565846465749,-0.21337732964212547,0.9720098993923917,0.554436348428942,0.7552204805043907,-2.6135151554469247,1.3356667855952267,0.2723570525323106,-0.24775738376555664,-1.732675053506522,-0.23492365538730614,1.4966655961782145,2.247499014593529,2.207483300718265,-0.650315874855457,0.8049181570794507,-1.3151154564495995,-0.10845118575001578,0.623899664631809,-1.1083420310481449,0.621834791106735,-0.2729334159169721,0.3770757379122059,-0.9806446236793179,-1.6530059321564459,0.911471671878263,-1.0977498820787226,2.8866849563593866,0.12270242350387052,1.6584687818243586,2.605462564448897,0.8477387787954113,2.6704156226372864,-0.25951258390685955,0.4132156562872147,-2.925651282400317,-1.7047985919325421,-0.3224039429200918
-0.06450636161845556,-0.08283088012042596,0.09667981847353253,0.013146254029053938,-0.09031045955197448,-0.17997165755111502,0.13440930420891115,0.16240596920472483,-0.15874567986816682,0.01393430468871525,0.0624907998624395,-0.7019582841561655,-0.10606523237584353,0.032542666835619384,0.06934552591373093,0.08188378530108642,0.06375501456413002,0.42014768110717143,0.06246547011814934,0.1972613818020103,-0.24947419210679145,0.1997511170300756,0.11326889483926277,-0.2677697032875291,-0.024177864237071217,-0.19510444976050717,0.05746268703152467,-0.027052674831088534,-0.011389707859997229,-0.09568095094021743,-0.14564558500847258,0.15839266023385734,-0.037961343185548904,0.12270242350387052,0.28170773981644903,0.3170033949035207,0.2730331080068794,0.2424606742861655,0.07114197921519538,0.07543508849818911,0.17669076370423814,-0.23629367074671412,-0.08683786371649768,-0.12315492292553497
-2.408010152506516,-0.381466249473169,0.9185050187891844,-0.48754147507650614,-0.15460279294309395,-1.289225662583439,0.13693088725524605,-0.8237773781639595,-0.16376418882576105,0.40795948159407963,0.3589269897734447,-2.6255638607860274,0.5951109770295032,-0.19048980598533122,-0.7513471396893503,0.36738873622870694,0.15993654586000225,1.7618627799938509,0.5549003693561901,1.070216694646179,-0.47355859958666763,1.0597366917214472,-0.1948252926146359,-1.192026649949447,0.36207852444962185,-1.0020087599774048,0.32634463614687187,-0.7543345148253041,-0.20717115562906152,-0.9553945290257537,-0.3733258288155375,0.48334859440204997,-1.261549724779133,1.6584687818243586,0.3170033949035207,2.7705772769135026,2.1457079400351478,1.0393269740944373,1.990195945981614,0.09020377234240921,0.667936458846975,-2.6426966172068758,0.43358586552799033,-2.3893965462610476
-2.563375343872168,-1.2339639202190822,3.0236804556198686,-1.069732350698753,-1.2000018690696461,-2.6361490045791576,0.7285811267278142,-0.8231232976441113,0.9559011553125528,0.9858785496309057,0.2119355249446925,-3.446979364196154,1.5292345166098908,0.39926457587305775,-0.9245107305232863,-1.7576641850513846,-0.4246848178155121,1.819282371522896,2.457754288880726,2.0021620828896585,-0.703172701184718,0.9596377674560741,-1.204410625843072,-0.27961025467366674,0.7968921504633657,-1.5605157537497778,0.6692671164722461,-0.5399563299860307,0.3695946260339561,-0.688098107435239,-1.6773092519119461,0.6969172971555893,-0.6287312411941784,2.605462564448897,0.2730331080068794,2.1457079400351478,3.9316131646243893,0.03761254174816795,3.3543693435899287,-0.22457515595426453,0.2895510881962768,-3.1295561717481926,-1.7750861229671808,-0.6085968666654159
-0.8450158113682562,0.15804712083781344,-0.19386566537434669,0.6228432097296968,0.26829139306534927,0.5127182790895931,0.21893589799353255,0.4638979459520594,-0.3404149690046544,0.005569893085355898,0.9906138577800424,-0.4524966975019387,-0.36559286265713126,-0.1082902930586114,0.30373017819627374,0.46903885743034146,0.4485556576193228,0.709214055283243,0.3121962380242891,0.6047662930193182,-0.12257383834805165,0.14041037136002885,0.3472498144434539,-0.37230389671378356,0.1150432794152671,-0.1666494731869508,-0.1296359274971966,-0.015119805842015565,-0.10456983853146828,-0.5894793593147495,-0.2545260340038891,0.44989498218168084,-0.876137028102829,0.8477387787954113,0.2424606742861655,1.0393269740944373,0.03761254174816795,2.0812966095907064,-0.2091578218659686,0.12676978575793899,0.7467204592913974,-1.256442031535889,0.296234555028254,-0.5954644378735829
-3.2319706421301166,-1.1370496182757137,2.7900414701926217,-1.3057245097132435,-1.237317731279688,-2.8857222410600873,0.6766734141359108,-0.8137952878983304,1.0594567394462011,0.8383238774391246,-0.1263499382460902,-3.7157525614495124,1.7779747981781824,0.4028504441829142,-0.989869152351207,-1.7211968972831253,-0.6418761253583017,2.0398065538317547,1.946970787254818,1.9972983243907942,-0.8592956111698921,1.1656714791581095,-1.6181295695262952,-0.4227910834135548,0.5800123449292351,-1.5585223966724695,0.7094796585366419,-0.7782577229172222,0.382353470376755,-0.868123240348296,-1.3366494085676752,0.7453089952628393,-0.9917006563782873,2.6704156226372864,0.07114197921519538,1.990195945981614,3.3543693435899287,-0.2091578218659686,3.7673738565256953,-0.29111050871802074,0.2777916877771403,-3.0946819510420993,-1.6159730221251882,-1.4957932132017382
0.2146096699399522,0.09141816845415608,-0.3318286706327495,0.020316050075179733,0.17155252398725077,0.15128372295659825,-0.18419368277480375,-0.08840446222727695,-0.2896272841391382,-0.08275965209888442,-0.046121462207111295,0.04740609924649982,-0.15406053637395656,-0.03297372091475529,-0.01878523336687728,0.4822124222421266,0.06340247243116019,0.05256967769852729,-0.40579994026326344,-0.2259529102294696,0.04585185069377665,0.029806490649812407,0.2748978957772565,-0.18224602320611938,-0.04528568051142441,0.06989340871612978,-0.15058441300301106,0.004733375114484162,-0.15469934572687338,0.007790182652351276,0.22037143380161178,-0.11094877292447158,0.07776064719782542,-0.25951258390685955,0.07543508849818911,0.09020377234240921,-0.22457515595426453,0.12676978575793899,-0.29111050871802074,0.140699148487482,0.07152089992740308,0.011055376947494262,0.444670328976607,-0.41520778097524275
-0.537618899411227,-0.05470032828670789,0.07493355981656953,0.11109339513935161,8.531849271952243e-4,-0.144429496719797,0.08081211890853282,0.08697985707230768,-0.18197390787780737,0.08491899496378648,0.2168778864410789,-0.776466077501465,-0.05513400831640673,0.013789626200898476,-0.03811318582960975,0.24350641542035995,0.10030499932321944,0.657784821677609,0.0655544502990551,0.30772418603210655,-0.21038673031387337,0.26239781591754435,0.0897222521896434,-0.36533543137917207,0.0118962284128833,-0.27759167101311644,-0.01934626050126387,-0.16764172303642955,-0.0461957689947939,-0.29289322230987613,-0.07542290097095071,0.2203288766912164,-0.42408430233768474,0.4132156562872147,0.17669076370423814,0.667936458846975,0.2895510881962768,0.7467204592913974,0.2777916877771403,0.07152089992740308,0.37568468164892344,-0.7260898805949053,0.12355552481015293,-0.7251857537897208
3.4376703094724594,0.9115843320628779,-2.2980857164364514,1.002743557391842,0.7548330316100473,2.203922074176438,-0.45358920323416224,0.723478895908493,-0.6143102643620553,-0.6675965542060746,-0.6153188700730277,3.540068112005023,-1.4530553767007872,-0.27825629908753235,0.8173987586160127,0.9303679712808429,0.311910866537955,-2.21579138759025,-1.7965938859170136,-2.0964308489154804,0.6800177164269907,-1.1279301437852873,1.1445936119264313,0.6693409629366907,-0.8004336989257572,1.4127319421651543,-0.3887836831518257,0.5765745299809998,-0.060143696096916915,1.1821647568270488,1.3522890056761594,-0.7692929571396941,1.2567039297952944,-2.925651282400317,-0.23629367074671412,-2.6426966172068758,-3.1295561717481926,-1.256442031535889,-3.0946819510420993,0.011055376947494262,-0.7260898805949053,4.0239358773044485,0.8692457638348458,2.0241579046918607
0.9949901875294823,0.8345024023639147,-2.3110436969255423,0.3936834324618714,1.223244194546155,1.3726920444606792,-1.117232564599498,-0.6206172542748507,-1.3412752272633994,-0.5027159551029351,-0.3197633587619514,1.4176377367034707,-0.9341403606003822,-0.5856267507882427,-0.22666625059203468,2.6280300188620496,0.48744869641738164,-0.44152508078171426,-2.4253887583034057,-1.636940477169168,0.584386251838224,-0.07376958105934542,1.3515912039654228,-0.8530844131355954,-0.39279594758467024,0.7038500806977678,-0.6033091957518645,-0.23909422714103412,-0.7648210036283587,0.09464299630349765,1.7331263752082304,-0.7042644015029635,-0.06335677660266195,-1.7047985919325421,-0.08683786371649768,0.43358586552799033,-1.7750861229671808,0.296234555028254,-1.6159730221251882,0.444670328976607,0.12355552481015293,0.8692457638348458,2.807348063889429,-2.1095590941039246
1.8793500744619396,0.05679404809860668,0.3696660999439947,0.6855854979220859,-0.3485821970549368,1.0660968338763481,0.6469188286538908,1.4128448348321148,1.0461439195352833,-0.1985858246085729,0.626445113150446,2.334970921349724,-0.2514040533848904,0.16934607767613818,1.173342935662674,-2.085604596253001,0.056278352138556524,-2.068539253059075,1.5544419293603193,0.19821220617813395,0.26200245111122733,-1.314999932871008,-0.4173499163045778,1.8714218271907344,0.23174160615964137,0.7923464104742842,0.3660572837318683,1.082974244353854,0.6532266721273904,0.7880788693020683,-1.0243581856041617,0.2505595271471306,1.1630978838471604,-0.3224039429200918,-0.12315492292553497,-2.3893965462610476,-0.6085968666654159,-0.5954644378735829,-1.4957932132017382,-0.41520778097524275,-0.7251857537897208,2.0241579046918607,-2.1095590941039246,5.085556601313893
