V1,V2,V3,V4,V5,V6,V7,V8,V9,V10,V11,V12,V13,V14,V15,V16,V17,V18,V19,V20,V21,V22,V23,V24,V25,V26,V27,V28,V29,V30,V31,V32,V33,V34,V35,V36,V37,V38,V39,V40,V41,V42,V43,V44
1.5160067485822353,-0.46861821571773593,1.5290499841695604,0.40863937774065506,-0.9549118585250587,-0.0851449323758101,1.2416270055616228,0.7944583878552215,0.8833009626442939,0.4588417695344251,0.17603250750087263,1.0440516604278,-0.04866133108703389,0.5035703680087787,0.7515198069349042,-2.29117589756569,-0.12221616962818375,-0.9665197556037198,2.052131687061367,0.48860150411416187,0.029153477846519626,-0.695279237654557,-0.21591482811907795,1.4368191369354795,-0.03881683204322142,0.003682553185923062,0.259244934210322,0.7449700140432649,0.8409386266745718,0.7628974475245213,-1.3841567027962471,0.13430311733839337,1.053680308248937,0.1239987461438769,0.019451013298728656,-2.0129220843851003,0.5866490374168466,-0.9837290295298243,-0.28522763529958034,-0.4496181889244164,-0.5842589209640296,1.52987421874587,-2.7166217449323073,3.9513695494859804
-0.46861821571773593,0.34950987350603413,-0.8226016554036523,-0.15113701845436928,0.4084635464303959,0.11591245369742156,-0.6582845372920354,-0.06757995180667657,-0.25656607958898425,-0.3757024525742977,-0.16653035061559324,-0.2519809207070348,0.17242778871359304,-0.1852705108411182,-0.2312781719038637,0.7818371243152998,-0.060012536443622956,0.16278189297687756,-1.0176578948521746,-0.26129405647072046,-0.09519678670702153,0.1283995153085545,-0.1260709944933443,-0.33901132977147674,0.06729459931133708,0.11774411409538314,-0.03341468427592446,-0.26247422112240815,-0.31839965980567175,-0.26979044376631706,0.7273843243267449,0.07148797388992412,-0.279813052354228,-0.23396228639177152,-0.12152531406826429,0.5416840614908985,-0.6087768027793373,0.33103041573451153,-0.01415148826251284,0.17318998544575712,0.14460870726575065,-0.37202524189858355,1.1170784432756986,-1.307005348350956
1.5290499841695604,-0.8226016554036523,3.0640532374755036,0.5825304994445616,-1.4060629599994858,-0.34454415868127114,2.644601476700917,0.035153146877643454,0.6968783142203154,1.2450404929390426,0.7562755864869757,1.3695497455010286,-0.3435791067979457,0.5477051717880692,0.854253310171876,-2.8878913179095345,0.3236739735715541,-0.7675267353029178,3.7414849425550294,1.0061969326443958,0.3881301388609309,-0.3681158449046306,0.5922260108578429,1.3941204400643288,-0.2147578024085977,-0.4174912358118521,0.16068789087028362,0.9882999200069382,1.0805615944341957,0.8129280691127775,-2.561160553306578,-0.20082366517629122,1.0344978221114567,0.9178620611577154,0.20390795593516053,-1.738805563341723,2.087044764355541,-0.9736681437422254,0.10646956498898202,-0.5932084384887123,-0.681923362879432,1.3981702787158203,-3.8250069008518857,4.7414150320143
0.40863937774065506,-0.15113701845436928,0.5825304994445616,0.5304891711007379,-0.26339600885042624,-0.09451926732062417,0.8092047488188203,-0.3124781274176086,-0.4931449289225474,0.5214350759817923,0.1588742932728347,-0.08620493850067676,-0.4706872363260491,0.020723112767168178,0.07157917178094594,0.08783494783583685,0.3837309805024532,0.43672363099163,0.6433092953379368,0.09178321500709906,0.05646993060907287,0.25852062250592733,0.9435519238247594,-0.3354628706989082,-0.3289346910358469,-0.44530744972527614,-0.10250580281632253,-0.03866778536560335,0.1814831816240061,0.08360336030828586,-0.3664511269810183,-0.06340826026533324,-0.11953329777702523,0.13042228328928773,0.21476960125622302,0.37465109284708276,0.8345700011746136,0.23754198467125232,0.08361283076181865,-0.05106538118331492,0.19341002968040483,0.2247062180702623,-0.3666905463027438,0.030104145253333405
-0.9549118585250587,0.4084635464303959,-1.4060629599994858,-0.26339600885042624,0.8419559563913781,0.21801992485130836,-1.1622272613338698,-0.37252112487203826,-0.6547563018800672,-0.45974308536745606,-0.2500627051221591,-0.8079322385295779,-0.04289863176197533,-0.36034356153939534,-0.5904824766970888,1.8441229908817331,-0.007505064738267683,0.6897915691334736,-1.7939859206701407,-0.5465496523445302,-0.06901079890369265,0.4618956282174533,0.042744271713928,-1.0757500630562418,0.00839966527706515,0.07999269225081057,-0.20292267654680277,-0.5925538142026536,-0.6708578314123196,-0.48494553257542294,1.2729970941586959,-0.11964577123378277,-0.7553301057528434,-0.3978382907927065,-0.03874565223773726,1.3690743718173723,-0.7513376260141919,0.7344428880183682,0.04731338877016704,0.32906826959085295,0.45707676285921905,-0.9798658883212985,2.1776795596452274,-3.0340555984134223
-0.0851449323758101,0.11591245369742156,-0.34454415868127114,-0.09451926732062417,0.21801992485130836,0.3449543126053819,-0.5077895640795012,0.28285128223219747,0.34573987206881795,-0.24069192157602454,-0.05788665019145822,0.20843956374839176,0.0893982604577174,-0.011709111939656985,-0.12665948246130423,-0.13917959666302235,-0.25843492826440306,-0.3084546287821126,-0.261179738198468,-0.20044556159138638,0.036686588249552954,-0.22182887579110033,-0.5123025466485555,0.2104577443370522,0.1719666825786974,0.22612107085999766,0.014603224052632325,0.0637144168784336,-0.05249898283410124,0.06066150918162295,0.27769088776185213,-0.08083363311495231,0.002616900717809321,-0.24230165848123453,-0.23977957596079552,-0.30764332936438527,-0.5106274732907677,-0.027978048494450243,-0.1290606846505241,-0.031252994652857136,-0.06904095547200308,-0.0015327990143121368,0.17268451599026452,0.05057871450834661
1.2416270055616228,-0.6582845372920354,2.644601476700917,0.8092047488188203,-1.1622272613338698,-0.5077895640795012,2.9674695658142336,-0.7576517312223469,-0.6847111171431406,1.4191434425240004,0.7472235594260767,0.39167970462891516,-0.9314696367844824,0.30164541271533196,0.6931790064748619,-1.141127178747613,0.893935731438334,0.47032090080945516,2.9414062365232296,0.8159567537409335,0.27313994263413155,0.5125404107348995,1.9999229668704044,-0.05811523996879112,-0.7051911752575394,-0.883553922681664,-0.1410404605839906,0.5736417914851752,0.6891398137606211,0.41857787414749226,-2.1628068859354053,-0.33804986718276164,0.4396052710845375,0.8997517898560181,0.6746269018393769,-0.16771822567303138,2.4723528627169054,-0.19547201463966873,0.156273998188188,-0.2301552551600888,-0.09895905526256392,0.8844859588734547,-2.5143227753256747,2.2906796642397467
0.7944583878552215,-0.06757995180667657,0.035153146877643454,-0.3124781274176086,-0.37252112487203826,0.28285128223219747,-0.7576517312223469,1.8665718028326685,2.056538862223348,-0.680987244832292,-0.3131482998232527,1.1580241842540655,0.9434053675952357,0.4695528338384276,0.5055729599604701,-2.55656104952526,-1.0659544997161574,-1.8928432335046093,0.5421554490220428,0.15325917968255462,-0.20939267790444105,-1.4372307238828934,-2.383782471653474,2.255001385588511,0.6538275503257697,0.8488726608271219,0.5554467648932622,0.6542842381666572,0.5978008930863568,0.6669058658106726,-0.2386389226697257,0.4930087783400596,1.1218743804955524,-0.4174465819667345,-0.6390512046131763,-2.8495420634198267,-1.3650886621702156,-1.2824513415745702,-0.41825120521182724,-0.4744352784055471,-0.8451396645156135,1.2544509938567954,-1.8735617688773987,3.850655173704698
0.8833009626442939,-0.25656607958898425,0.6968783142203154,-0.4931449289225474,-0.6547563018800672,0.34573987206881795,-0.6847111171431406,2.056538862223348,3.1634069801648343,-0.6657950725871783,-0.0749718521704828,2.360436571221058,1.4952139057862104,0.6052902482372545,0.694537198767886,-4.103637269751526,-1.3351688070073455,-3.0707819790720596,1.6291140974442644,0.48936414020894475,0.11183525151525649,-2.1216732660927256,-3.275767842098096,3.4620290957743265,1.0941557222288967,1.2048363767968393,0.8100560692633815,1.106285164867566,0.9536428997913,0.937774730626677,-0.8973922992281719,0.5393976618439686,1.5659291720982997,-0.0176036109387704,-1.0638779807897607,-3.9457273670980397,-1.2038385418197268,-1.9757192063280755,-0.3568865965330017,-0.7965670900466048,-1.3948738665934959,1.5607028413346076,-3.079899394095155,6.1152356587290955
0.4588417695344251,-0.3757024525742977,1.2450404929390426,0.5214350759817923,-0.45974308536745606,-0.24069192157602454,1.4191434425240004,-0.680987244832292,-0.6657950725871783,0.9742305929547845,0.3703499845101588,-0.1401819196731118,-0.7786816036958871,0.04959558493829327,0.055488342823181,-0.010262198569188455,0.6546720889496018,0.7223531777317866,1.256305767268078,0.2467807114656946,0.1566892801631314,0.4691052305784349,1.4218787590932869,-0.4884154644877163,-0.4619465705073093,-0.6405312088034123,-0.2110844294919979,-0.016383570076237586,0.23276258357075033,0.07730983974245215,-0.885084632478726,-0.29004778745570264,-0.12024792305384965,0.4394775307633574,0.4697894524736321,0.564526141519012,1.4618060427265767,0.25532285100325186,0.23356771141305704,-0.024978944726059084,0.1815357596893965,0.12185808057865746,-0.7880225111051504,0.1584356384399725
0.17603250750087263,-0.16653035061559324,0.7562755864869757,0.1588742932728347,-0.2500627051221591,-0.05788665019145822,0.7472235594260767,-0.3131482998232527,-0.0749718521704828,0.3703499845101588,0.30916661823916985,0.29615091482192946,-0.1908976392951507,0.03145702437149569,0.13537727053470294,-0.391578144764329,0.23048818467343832,-0.016490919978091746,0.905168462711797,0.2437052972779194,0.19963772277770153,0.10687824238218145,0.44975419894860114,0.04350644784867171,-0.10162012181954255,-0.18932543163186025,-0.03616577639691337,0.21055552982520132,0.1644817744818487,0.09198586466582928,-0.6278643139826333,-0.16095639597379047,0.0823194103508308,0.32968172174910504,0.08793910182328857,-0.008915844193767461,0.7237551505147182,-0.052582349369271746,0.07074842215064925,-0.09377724878276412,-0.08143395739496438,0.11545430886448078,-0.6586768614407176,0.6709271073504476
1.0440516604278,-0.2519809207070348,1.3695497455010286,-0.08620493850067676,-0.8079322385295779,0.20843956374839176,0.39167970462891516,1.1580241842540655,2.360436571221058,-0.1401819196731118,0.29615091482192946,2.7380237983750533,1.1608057709607453,0.47088815181796806,0.8014237610610924,-3.691655475820282,-0.712132392288949,-2.7630291273119414,2.3371641539229557,0.6611452357614706,0.41869553051698627,-1.702150464854028,-1.9947672219281036,3.0310031573816,0.7652336037784002,0.8481442019671656,0.6389861294336067,1.1012029092335518,0.9699189852272921,0.8589352347633995,-1.3688438045176958,0.35175201847244986,1.3881087193610993,0.3758269022166403,-0.8933013534020015,-3.186971721709185,-0.19200550293553634,-1.677169414634154,-0.26699016419430804,-0.7747737047752157,-1.2967873765877163,1.5843887034394888,-3.1163548029062778,5.9017575151278665
-0.04866133108703389,0.17242778871359304,-0.3435791067979457,-0.4706872363260491,-0.04289863176197533,0.0893982604577174,-0.9314696367844824,0.9434053675952357,1.4952139057862104,-0.7786816036958871,-0.1908976392951507,1.1608057709607453,1.2392664658697923,0.15442350897108173,0.2674175303500884,-1.5202161232466966,-0.7777528691844834,-1.6517575539964329,-0.009261082393041891,0.17804152405383622,0.005718196136696922,-1.0677108099552126,-1.957102786921865,1.671072449200788,0.7128822968619292,0.8090248252283794,0.4717887827123505,0.36820744001638656,0.23429818865417523,0.21653936237119054,0.11699433453893815,0.4957139699991807,0.6202765585511365,-0.037773828814632225,-0.7353942603701024,-1.6146551406850478,-1.1038078919753562,-0.873282215410492,-0.12632258498039783,-0.29568784447585233,-0.6650577827526175,0.4319293988666554,-0.6567181016760749,2.2489090791256157
0.5035703680087787,-0.1852705108411182,0.5477051717880692,0.020723112767168178,-0.36034356153939534,-0.011709111939656985,0.30164541271533196,0.4695528338384276,0.6052902482372545,0.04959558493829327,0.03145702437149569,0.47088815181796806,0.15442350897108173,0.2691830109311849,0.3036686088547805,-1.129362728111441,-0.22745542212815584,-0.5414756398128673,0.7728745022454804,0.2178255996958669,-0.00924794751040656,-0.38792353886674485,-0.4517342720416267,0.7648122982955254,0.09872139037415813,0.11388084796202602,0.13699219325225007,0.3742532953801999,0.3403474592752018,0.32377428743250364,-0.5324908039917561,0.07384112776253021,0.4893089195055408,0.06109189121183044,-0.09937487751916298,-1.0643757254184196,0.01693669374887833,-0.48264430357384647,-0.10742100887132308,-0.1970378288740389,-0.29813057775778673,0.5594491982637972,-1.1684167316770069,1.741482937433406
0.7515198069349042,-0.2312781719038637,0.854253310171876,0.07157917178094594,-0.5904824766970888,-0.12665948246130423,0.6931790064748619,0.5055729599604701,0.694537198767886,0.055488342823181,0.13537727053470294,0.8014237610610924,0.2674175303500884,0.3036686088547805,0.6019208480432221,-1.554856750803071,-0.1689623952005952,-0.855601799513131,1.219851041134822,0.4364907971380724,0.03529458414725462,-0.4979026788147595,-0.40229559189331315,1.0521341625295335,0.09016491607994344,0.15049279543834912,0.2430680992087631,0.5899792555087388,0.49970852134182475,0.4218602466030031,-0.8995488544229294,0.18248631873288562,0.73969103752259735,0.21499603724469513,-0.08030057654477145,-1.4000809369619909,0.22114865087007252,-0.7596252748695611,-0.19629705341365436,-0.2841686676901603,-0.46702279567219,0.8928658462829605,-1.6914651905717084,2.6832828073164543
-2.29117589756569,0.7818371243152998,-2.8878913179095345,0.08783494783583685,1.8441229908817331,-0.13917959666302235,-1.141127178747613,-2.55656104952526,-4.103637269751526,-0.010262198569188455,-0.391578144764329,-3.691655475820282,-1.5202161232466966,-1.129362728111441,-1.554856750803071,6.920482035413442,1.3282294831786507,4.13237293807254,-4.438602629162136,-1.2934082993959515,-0.2835691434601371,2.7345036952744595,3.3020023139170434,-5.062730585251145,-1.0718844396326002,-1.0637814105565837,-1.0906155402205129,-2.0771593203671546,-1.9308736930288797,-1.6765647587034316,2.8290103249389444,-0.6112296320675434,-2.7125843643895475,-0.5343521216147632,1.0718052259640056,5.978991130779343,0.07413421983211164,3.0057193427127653,0.46284497644580086,1.3110842873915336,2.122575280656532,-3.0527870679661464,6.357273848608618,-10.66017319925945
-0.12221616962818375,-0.060012536443622956,0.3236739735715541,0.3837309805024532,-0.007505064738267683,-0.25843492826440306,0.893935731438334,-1.0659544997161574,-1.3351688070073455,0.6546720889496018,0.23048818467343832,-0.712132392288949,-0.7777528691844834,-0.22745542212815584,-0.1689623952005952,1.3282294831786507,0.8093297356820387,1.2354089371730521,0.04747630479987988,-0.00544047379050586,0.05850156202208065,0.8715517050522472,1.749921235653475,-1.306307968068368,-0.533279750284613,-0.6463064813405798,-0.31342018265791666,-0.3814580502904086,-0.20653261426639927,-0.31621321771637534,-0.13637724273202723,-0.24897293801166723,-0.5646962385919128,0.2911530647073295,0.5611431833754633,1.6165651133836971,1.101557854717084,0.7262848764355401,0.2288646280076077,0.2561948929236941,0.4940089875045378,-0.4471988373794572,0.6866127554389118,-1.8108519676084271
-0.9665197556037198,0.16278189297687756,-0.7675267353029178,0.43672363099163,0.6897915691334736,-0.3084546287821126,0.47032090080945516,-1.8928432335046093,-3.0707819790720596,0.7223531777317866,-0.016490919978091746,-2.7630291273119414,-1.6517575539964329,-0.5414756398128673,-0.855601799513131,4.13237293807254,1.2354089371730521,3.3430390428261085,-1.7876085464648859,-0.5814451758572815,-0.23032797611426,2.160369987047694,3.137134653868439,-3.5906893239924638,-1.0978294411161782,-1.2728718240097132,-0.8602016975771241,-1.198732620924909,-0.9713398146198406,-0.9433864736641911,1.0003512584663865,-0.6008159581663072,-1.6518194160931838,-0.07609868792639164,1.136908510278302,3.9496223186942787,1.0919138517065032,2.0765664803383337,0.42839023974126456,0.8337243253486017,1.5002704475597612,-1.7149374754515487,3.109702676256688,-6.475721422726979
2.052131687061367,-1.0176578948521746,3.7414849425550294,0.6433092953379368,-1.7939859206701407,-0.261179738198468,2.9414062365232296,0.5421554490220428,1.6291140974442644,1.256305767268078,0.905168462711797,2.3371641539229557,-0.009261082393041891,0.7728745022454804,1.219851041134822,-4.438602629162136,0.04747630479987988,-1.7876085464648859,4.870436078062795,1.3109996980109078,0.5456325842426835,-0.9966132281147029,-0.11402150600238253,2.518624310744807,0.032556675413609196,-0.17418227328937075,0.42238566571695146,1.4878898425673828,1.531528908626552,1.2293342754251138,-3.2338197673500875,-0.08503162626560642,1.5895696602488656,1.0685939942924099,-0.08976509708568416,-3.035457776890248,2.2069543596226984,-1.658952123731192,-0.008758241757594699,-0.9463511716941583,-1.1493170072353547,2.0987156685531625,-5.269918038043232,7.230002859592846
0.48860150411416187,-0.26129405647072046,1.0061969326443958,0.09178321500709906,-0.5465496523445302,-0.20044556159138638,0.8159567537409335,0.15325917968255462,0.48936414020894475,0.2467807114656946,0.2437052972779194,0.6611452357614706,0.17804152405383622,0.2178255996958669,0.4364907971380724,-1.2934082993959515,-0.00544047379050586,-0.5814451758572815,1.3109996980109078,0.4739686773758935,0.11586422202250343,-0.2960426860165621,-0.12308408914893423,0.7780946416509347,0.05411585476789009,-0.006056375875993685,0.17784142275652773,0.4498670915406112,0.4294147306695713,0.29150063263036496,-0.9316933534255414,0.09482661597169703,0.503317951968237,0.4001230607996261,-0.030895336357736544,-0.8821710170888142,0.5790190951722962,-0.5384172806415761,0.014894841180885259,-0.2539162531736956,-0.3634645725274948,0.5636666759056864,-1.4844610693026454,2.1334980137026407
0.029153477846519626,-0.09519678670702153,0.3881301388609309,0.05646993060907287,-0.06901079890369265,0.036686588249552954,0.27313994263413155,-0.20939267790444105,0.11183525151525649,0.1566892801631314,0.19963772277770153,0.41869553051698627,0.005718196136696922,-0.00924794751040656,0.03529458414725462,-0.2835691434601371,0.05850156202208065,-0.23032797611426,0.5456325842426835,0.11586422202250343,0.2451622808670426,-0.049981358594667694,0.07368639050678427,0.15780390233557517,0.031316245410587404,-0.007406299477897486,-0.012202461833527786,0.1440173406152611,0.08740283744103841,0.08598093117610067,-0.3126827755488445,-0.12609131973085885,0.030921867871533632,0.18542377174212463,-0.09005503621224907,-0.08390791420708235,0.3689985371255511,-0.10311138261882781,0.03999824344788363,-0.11980100845881546,-0.10577029545147122,0.025573724012743788,-0.34007769888621214,0.47499742820641067
-0.695279237654557,0.1283995153085545,-0.3681158449046306,0.25852062250592733,0.4618956282174533,-0.22182887579110033,0.5125404107348995,-1.4372307238828934,-2.1216732660927256,0.4691052305784349,0.10687824238218145,-1.702150464854028,-1.0677108099552126,-0.38792353886674485,-0.4979026788147595,2.7345036952744595,0.8715517050522472,2.160369987047694,-0.9966132281147029,-0.2960426860165621,-0.049981358594667694,1.545902662463738,2.199186314818615,-2.438061658463602,-0.7486067048240359,-0.8600746135786383,-0.574443058453186,-0.6801109162475879,-0.6660449931839169,-0.6329251933489646,0.5202859760999157,-0.469220680480006,-1.0720525436786887,0.05041584227550379,0.742428657737848,2.692075556793291,0.8973226073546668,1.3450725585867842,0.27307662099606494,0.531523593836649,0.9509666790324759,-1.1508232020039417,2.006258571880363,-4.217857417291575
-0.21591482811907795,-0.1260709944933443,0.5922260108578429,0.9435519238247594,0.042744271713928,-0.5123025466485555,1.9999229668704044,-2.383782471653474,-3.275767842098096,1.4218787590932869,0.44975419894860114,-1.9947672219281036,-1.957102786921865,-0.4517342720416267,-0.40229559189331315,3.3020023139170434,1.749921235653475,3.137134653868439,-0.11402150600238253,-0.12308408914893423,0.07368639050678427,2.199186314818615,4.17757345008862,-3.3273329825689952,-1.3527789706375872,-1.627539895266705,-0.8578090491354988,-0.7897354135521697,-0.5254655036366824,-0.6870608777368934,-0.17742661684360694,-0.6892138075022812,-1.3128154702781067,0.4617323009496178,1.3248147231125844,3.7204953677681756,2.430797558807319,1.8173416551711579,0.4222602739153997,0.6453780346307032,1.3100024066333205,-1.0660900599025072,1.7300806096333319,-4.715870626281551
1.4368191369354795,-0.33901132977147674,1.3941204400643288,-0.3354628706989082,-1.0757500630562418,0.2104577443370522,-0.05811523996879112,2.255001385588511,3.4620290957743265,-0.4884154644877163,0.04350644784867171,3.0310031573816,1.671072449200788,0.7648122982955254,1.0521341625295335,-5.062730585251145,-1.306307968068368,-3.5906893239924638,2.518624310744807,0.7780946416509347,0.15780390233557517,-2.438061658463602,-3.3273329825689952,4.2065245934504745,1.109018558409786,1.2460352732865614,0.9524647801453643,1.3727487883280873,1.2919407960113571,1.1700690865163645,-1.4870375577698112,0.694507864639927,2.018753828335582,0.1630106607768584,-1.1233963338126194,-4.694278860868189,-0.9481962390158588,-2.3623598256446585,-0.41092717911382226,-0.9786981817438213,-1.719682334382232,2.1859222026087695,-4.150178848074364,7.84315498755755
-0.03881683204322142,0.06729459931133708,-0.2147578024085977,-0.3289346910358469,0.00839966527706515,0.1719666825786974,-0.7051911752575394,0.6538275503257697,1.0941557222288967,-0.4619465705073093,-0.10162012181954255,0.7652336037784002,0.7128822968619292,0.09872139037415813,0.09016491607994344,-1.0718844396326002,-0.533279750284613,-1.0978294411161782,0.032556675413609196,0.05411585476789009,0.031316245410587404,-0.7486067048240359,-1.3527789706375872,1.109018558409786,0.5084809202416292,0.548790849814959,0.2912601919511532,0.24990881103002754,0.1548300981917425,0.17101214692992128,0.06535345411459173,0.2367477148805986,0.3913264768091842,-0.060249339140949466,-0.48321359019432414,-1.1018364674967904,-0.7331514441928052,-0.5702001447129854,-0.09451136271479561,-0.19635876059945215,-0.4434795890508097,0.24561635225503237,-0.4619114424152992,1.506942642522572
0.003682553185923062,0.11774411409538314,-0.4174912358118521,-0.44530744972527614,0.07999269225081057,0.22612107085999766,-0.883553922681664,0.8488726608271219,1.2048363767968393,-0.6405312088034123,-0.18932543163186025,0.8481442019671656,0.8090248252283794,0.11388084796202602,0.15049279543834912,-1.0637814105565837,-0.6463064813405798,-1.2728718240097132,-0.17418227328937075,-0.006056375875993685,-0.007406299477897486,-0.8600746135786383,-1.627539895266705,1.2460352732865614,0.548790849814959,0.7446577226214969,0.3251497035853609,0.26313281147223533,0.11044114474786432,0.20747487417603522,0.1779201881364308,0.2612059868454727,0.47105163901115005,-0.18752708724950942,-0.516686933141363,-1.3517097802994513,-1.085924319260479,-0.7014513735227472,-0.21898221696104073,-0.1937109050688944,-0.5145543582085618,0.3458297460253161,-0.4088877357222545,1.6477628336151124
0.259244934210322,-0.03341468427592446,0.16068789087028362,-0.10250580281632253,-0.20292267654680277,0.014603224052632325,-0.1410404605839906,0.5554467648932622,0.8100560692633815,-0.2110844294919979,-0.03616577639691337,0.6389861294336067,0.4717887827123505,0.13699219325225007,0.2430680992087631,-1.0906155402205129,-0.31342018265791666,-0.8602016975771241,0.42238566571695146,0.17784142275652773,-0.012202461833527786,-0.574443058453186,-0.8578090491354988,0.9524647801453643,0.2912601919511532,0.3251497035853609,0.29037369519913236,0.2592034886052262,0.2693393672262396,0.23124133790957213,-0.2269224283410902,0.2567332267091725,0.4294295013785833,0.01737048613368078,-0.2722854037986927,-0.9939454294053063,-0.28939395461599116,-0.5624625445705208,-0.08266594285913817,-0.22438233061390284,-0.3911039769664198,0.4924452012348129,-0.8134925096272252,1.7449011319566639
0.7449700140432649,-0.26247422112240815,0.9882999200069382,-0.03866778536560335,-0.5925538142026536,0.0637144168784336,0.5736417914851752,0.6542842381666572,1.106285164867566,-0.016383570076237586,0.21055552982520132,1.1012029092335518,0.36820744001638656,0.3742532953801999,0.5899792555087388,-2.0771593203671546,-0.3814580502904086,-1.198732620924909,1.4878898425673828,0.4498670915406112,0.1440173406152611,-0.6801109162475879,-0.7897354135521697,1.3727487883280873,0.24990881103002754,0.26313281147223533,0.2592034886052262,0.8376676664871283,0.5735783751073326,0.5421532933929029,-1.0433671096008,0.05822856843682353,0.9011617231926993,0.2107991966706116,-0.26591714689943713,-1.8559377644354287,0.11858719105100994,-0.9295629062843692,-0.246342785310217,-0.3671229154696712,-0.6210747146320499,0.9341291121593908,-2.0308511634804853,3.242711021508612
0.8409386266745718,-0.31839965980567175,1.0805615944341957,0.1814831816240061,-0.6708578314123196,-0.05249898283410124,0.6891398137606211,0.5978008930863568,0.9536428997913,0.23276258357075033,0.1644817744818487,0.9699189852272921,0.23429818865417523,0.3403474592752018,0.49970852134182475,-1.9308736930288797,-0.20653261426639927,-0.9713398146198406,1.531528908626552,0.4294147306695713,0.08740283744103841,-0.6660449931839169,-0.5254655036366824,1.2919407960113571,0.1548300981917425,0.11044114474786432,0.2693393672262396,0.5735783751073326,0.6364971436878039,0.5108676909214936,-0.9900654519831547,0.1663237712290084,0.7418627276659354,0.2283923644029927,-0.17491360178860124,-1.5610535797200886,0.3510310415302229,-0.7901904426105731,-0.09509026678631997,-0.3872891490341677,-0.519952699774321,0.9698997249192058,-1.9983892538506847,3.069513053054225
0.7628974475245213,-0.26979044376631706,0.8129280691127775,0.08360336030828586,-0.48494553257542294,0.06066150918162295,0.41857787414749226,0.6669058658106726,0.937774730626677,0.07730983974245215,0.09198586466582928,0.8589352347633995,0.21653936237119054,0.32377428743250364,0.4218602466030031,-1.6765647587034316,-0.31621321771637534,-0.9433864736641911,1.2293342754251138,0.29150063263036496,0.08598093117610067,-0.6329251933489646,-0.6870608777368934,1.1700690865163645,0.17101214692992128,0.20747487417603522,0.23124133790957213,0.5421532933929029,0.5108676909214936,0.5177019883568101,-0.7710091518346714,0.08182653378684594,0.6876485920586068,0.048656853527332046,-0.20276056641859663,-1.5384202003763707,0.09662998928651235,-0.7631391123814938,-0.1755499161885149,-0.35879685889623925,-0.47973409417884033,0.8749540258888248,-1.70801294277864,2.699157876344789
-1.3841567027962471,0.7273843243267449,-2.561160553306578,-0.3664511269810183,1.2729970941586959,0.27769088776185213,-2.1628068859354053,-0.2386389226697257,-0.8973922992281719,-0.885084632478726,-0.6278643139826333,-1.3688438045176958,0.11699433453893815,-0.5324908039917561,-0.8995488544229294,2.8290103249389444,-0.13637724273202723,1.0003512584663865,-3.2338197673500875,-0.9316933534255414,-0.3126827755488445,0.5202859760999157,-0.17742661684360694,-1.4870375577698112,0.06535345411459173,0.1779201881364308,-0.2269224283410902,-1.0433671096008,-0.9900654519831547,-0.7710091518346714,2.303713249988707,0.09686961694601949,-1.1048729875243668,-0.8086339941356475,-0.12038027476958202,1.9462168345877147,-1.5807987611165224,1.103824108887336,0.04256289783049549,0.5298253098283867,0.7232255198756024,-1.3532088846381032,3.5276452058597183,-4.692237086104949
0.13430311733839337,0.07148797388992412,-0.20082366517629122,-0.06340826026533324,-0.11964577123378277,-0.08083363311495231,-0.33804986718276164,0.4930087783400596,0.5393976618439686,-0.29004778745570264,-0.16095639597379047,0.35175201847244986,0.4957139699991807,0.07384112776253021,0.18248631873288562,-0.6112296320675434,-0.24897293801166723,-0.6008159581663072,-0.08503162626560642,0.09482661597169703,-0.12609131973085885,-0.469220680480006,-0.6892138075022812,0.694507864639927,0.2367477148805986,0.2612059868454727,0.2567332267091725,0.05822856843682353,0.1663237712290084,0.08182653378684594,0.09686961694601949,0.3932008674408523,0.2792568937935073,-0.05101215633360474,-0.22025560313587786,-0.631498549787785,-0.4412251648585308,-0.35078187249952014,-0.05398852094978446,-0.11666838433127606,-0.232501739111001,0.3449859280803259,-0.30186287887360047,1.015751034995818
1.053680308248937,-0.279813052354228,1.0344978221114567,-0.11953329777702523,-0.7553301057528434,0.002616900717809321,0.4396052710845375,1.1218743804955524,1.5659291720982997,-0.12024792305384965,0.0823194103508308,1.3881087193610993,0.6202765585511365,0.4893089195055408,0.73969103752259735,-2.7125843643895475,-0.5646962385919128,-1.6518194160931838,1.5895696602488656,0.503317951968237,0.030921867871533632,-1.0720525436786887,-1.3128154702781067,2.018753828335582,0.3913264768091842,0.47105163901115005,0.4294295013785833,0.9011617231926993,0.7418627276659354,0.6876485920586068,-1.1048729875243668,0.2792568937935073,1.2593766474739552,0.0983825363903288,-0.3412724326781522,-2.5504838044563054,-0.22276727311804637,-1.2971040136665892,-0.336014200432276,-0.4652891136748991,-0.8814376810952782,1.3532187589216365,-2.531673489571769,4.316557885738308
0.1239987461438769,-0.23396228639177152,0.9178620611577154,0.13042228328928773,-0.3978382907927065,-0.24230165848123453,0.8997517898560181,-0.4174465819667345,-0.0176036109387704,0.4394775307633574,0.32968172174910504,0.3758269022166403,-0.037773828814632225,0.06109189121183044,0.21499603724469513,-0.5343521216147632,0.2911530647073295,-0.07609868792639164,1.0685939942924099,0.4001230607996261,0.18542377174212463,0.05041584227550379,0.4617323009496178,0.1630106607768584,-0.060249339140949466,-0.18752708724950942,0.01737048613368078,0.2107991966706116,0.2283923644029927,0.048656853527332046,-0.8086339941356475,-0.05101215633360474,0.0983825363903288,0.5931634011625273,0.10150207175097024,-0.013763589123889747,0.9132850298971503,-0.13521416190390992,0.19276642840114783,-0.08566045614234875,-0.11097435072659667,0.06093922275113106,-0.8211733133021992,0.9217679952278123
0.019451013298728656,-0.12152531406826429,0.20390795593516053,0.21476960125622302,-0.03874565223773726,-0.23977957596079552,0.6746269018393769,-0.6390512046131763,-1.0638779807897607,0.4697894524736321,0.08793910182328857,-0.8933013534020015,-0.7353942603701024,-0.09937487751916298,-0.08030057654477145,1.0718052259640056,0.5611431833754633,1.136908510278302,-0.08976509708568416,-0.030895336357736544,-0.09005503621224907,0.742428657737848,1.3248147231125844,-1.1233963338126194,-0.48321359019432414,-0.516686933141363,-0.2722854037986927,-0.26591714689943713,-0.17491360178860124,-0.20276056641859663,-0.12038027476958202,-0.22025560313587786,-0.3412724326781522,0.10150207175097024,0.5976269489653373,1.1033790900619842,0.7265393377467043,0.5062134556945111,0.08876767717367266,0.2497972429767896,0.42330041588135153,-0.29291237714586704,0.44595965800012266,-1.4619154260257814
-2.0129220843851003,0.5416840614908985,-1.738805563341723,0.37465109284708276,1.3690743718173723,-0.30764332936438527,-0.16771822567303138,-2.8495420634198267,-3.9457273670980397,0.564526141519012,-0.008915844193767461,-3.186971721709185,-1.6146551406850478,-1.0643757254184196,-1.4000809369619909,5.978991130779343,1.6165651133836971,3.9496223186942787,-3.035457776890248,-0.8821710170888142,-0.08390791420708235,2.692075556793291,3.7204953677681756,-4.694278860868189,-1.1018364674967904,-1.3517097802994513,-0.9939454294053063,-1.8559377644354287,-1.5610535797200886,-1.5384202003763707,1.9462168345877147,-0.631498549787785,-2.5504838044563054,-0.013763589123889747,1.1033790900619842,5.870580886852507,1.1385854703390363,2.8512789044085225,0.7133142675153442,1.1033650084134463,1.926170419072016,-2.7748047350537286,5.211015877459926,-9.26156467180646
0.5866490374168466,-0.6087768027793373,2.087044764355541,0.8345700011746136,-0.7513376260141919,-0.5106274732907677,2.4723528627169054,-1.3650886621702156,-1.2038385418197268,1.4618060427265767,0.7237551505147182,-0.19200550293553634,-1.1038078919753562,0.01693669374887833,0.22114865087007252,0.07413421983211164,1.101557854717084,1.0919138517065032,2.2069543596226984,0.5790190951722962,0.3689985371255511,0.8973226073546668,2.430797558807319,-0.9481962390158588,-0.7331514441928052,-1.085924319260479,-0.28939395461599116,0.11858719105100994,0.3510310415302229,0.09662998928651235,-1.5807987611165224,-0.4412251648585308,-0.22276727311804637,0.9132850298971503,0.7265393377467043,1.1385854703390363,2.7296710512565197,0.34897264830677893,0.41422951763656896,-0.07682349293526747,0.30950309819144173,0.07030214938647876,-1.2347129727312958,0.26065493208996554
-0.9837290295298243,0.33103041573451153,-0.9736681437422254,0.23754198467125232,0.7344428880183682,-0.027978048494450243,-0.19547201463966873,-1.2824513415745702,-1.9757192063280755,0.25532285100325186,-0.052582349369271746,-1.677169414634154,-0.873282215410492,-0.48264430357384647,-0.7596252748695611,3.0057193427127653,0.7262848764355401,2.0765664803383337,-1.658952123731192,-0.5384172806415761,-0.10311138261882781,1.3450725585867842,1.8173416551711579,-2.3623598256446585,-0.5702001447129854,-0.7014513735227472,-0.5624625445705208,-0.9295629062843692,-0.7901904426105731,-0.7631391123814938,1.103824108887336,-0.35078187249952014,-1.2971040136665892,-0.13521416190390992,0.5062134556945111,2.8512789044085225,0.34897264830677893,1.5799266373277252,0.3138570360393607,0.5826368895414259,1.0262254567883178,-1.394087386616754,2.6750225987590803,-4.842311465433437
-0.28522763529958034,-0.01415148826251284,0.10646956498898202,0.08361283076181865,0.04731338877016704,-0.1290606846505241,0.156273998188188,-0.41825120521182724,-0.3568865965330017,0.23356771141305704,0.07074842215064925,-0.26699016419430804,-0.12632258498039783,-0.10742100887132308,-0.19629705341365436,0.46284497644580086,0.2288646280076077,0.42839023974126456,-0.008758241757594699,0.014894841180885259,0.03999824344788363,0.27307662099606494,0.4222602739153997,-0.41092717911382226,-0.09451136271479561,-0.21898221696104073,-0.08266594285913817,-0.246342785310217,-0.09509026678631997,-0.1755499161885149,0.04256289783049549,-0.05398852094978446,-0.336014200432276,0.19276642840114783,0.08876767717367266,0.7133142675153442,0.41422951763656896,0.3138570360393607,0.2693891169531633,0.06173697590821217,0.18405194601918795,-0.3780920111534739,0.35815427654589516,-0.8319516001337397
-0.4496181889244164,0.17318998544575712,-0.5932084384887123,-0.05106538118331492,0.32906826959085295,-0.031252994652857136,-0.2301552551600888,-0.4744352784055471,-0.7965670900466048,-0.024978944726059084,-0.09377724878276412,-0.7747737047752157,-0.29568784447585233,-0.1970378288740389,-0.2841686676901603,1.3110842873915336,0.2561948929236941,0.8337243253486017,-0.9463511716941583,-0.2539162531736956,-0.11980100845881546,0.531523593836649,0.6453780346307032,-0.9786981817438213,-0.19635876059945215,-0.1937109050688944,-0.22438233061390284,-0.3671229154696712,-0.3872891490341677,-0.35879685889623925,0.5298253098283867,-0.11666838433127606,-0.4652891136748991,-0.08566045614234875,0.2497972429767896,1.1033650084134463,-0.07682349293526747,0.5826368895414259,0.06173697590821217,0.3258121027335319,0.4016066261404046,-0.6061231056557067,1.2409233366903618,-2.0715713213138
-0.5842589209640296,0.14460870726575065,-0.681923362879432,0.19341002968040483,0.45707676285921905,-0.06904095547200308,-0.09895905526256392,-0.8451396645156135,-1.3948738665934959,0.1815357596893965,-0.08143395739496438,-1.2967873765877163,-0.6650577827526175,-0.29813057775778673,-0.46702279567219,2.122575280656532,0.4940089875045378,1.5002704475597612,-1.1493170072353547,-0.3634645725274948,-0.10577029545147122,0.9509666790324759,1.3100024066333205,-1.719682334382232,-0.4434795890508097,-0.5145543582085618,-0.3911039769664198,-0.6210747146320499,-0.519952699774321,-0.47973409417884033,0.7232255198756024,-0.232501739111001,-0.8814376810952782,-0.11097435072659667,0.42330041588135153,1.926170419072016,0.30950309819144173,1.0262254567883178,0.18405194601918795,0.4016066261404046,0.7633350633870496,-0.9162142202638544,1.782299068165795,-3.329894286535812
1.52987421874587,-0.37202524189858355,1.3981702787158203,0.2247062180702623,-0.9798658883212985,-0.0015327990143121368,0.8844859588734547,1.2544509938567954,1.5607028413346076,0.12185808057865746,0.11545430886448078,1.5843887034394888,0.4319293988666554,0.5594491982637972,0.8928658462829605,-3.0527870679661464,-0.4471988373794572,-1.7149374754515487,2.0987156685531625,0.5636666759056864,0.025573724012743788,-1.1508232020039417,-1.0660900599025072,2.1859222026087695,0.24561635225503237,0.3458297460253161,0.4924452012348129,0.9341291121593908,0.9698997249192058,0.8749540258888248,-1.3532088846381032,0.3449859280803259,1.3532187589216365,0.06093922275113106,-0.29291237714586704,-2.7748047350537286,0.07030214938647876,-1.394087386616754,-0.3780920111534739,-0.6061231056557067,-0.9162142202638544,1.8448674689558542,-3.089662800489507,5.067564888197943
-2.7166217449323073,1.1170784432756986,-3.8250069008518857,-0.3666905463027438,2.1776795596452274,0.17268451599026452,-2.5143227753256747,-1.8735617688773987,-3.079899394095155,-0.7880225111051504,-0.6586768614407176,-3.1163548029062778,-0.6567181016760749,-1.1684167316770069,-1.6914651905717084,6.357273848608618,0.6866127554389118,3.109702676256688,-5.269918038043232,-1.4844610693026454,-0.34007769888621214,2.006258571880363,1.7300806096333319,-4.150178848074364,-0.4619114424152992,-0.4088877357222545,-0.8134925096272252,-2.0308511634804853,-1.9983892538506847,-1.70801294277864,3.5276452058597183,-0.30186287887360047,-2.531673489571769,-0.8211733133021992,0.44595965800012266,5.211015877459926,-1.2347129727312958,2.6750225987590803,0.35815427654589516,1.2409233366903618,1.782299068165795,-3.089662800489507,6.767500159737819,-10.144404803391877
3.9513695494859804,-1.307005348350956,4.7414150320143,0.030104145253333405,-3.0340555984134223,0.05057871450834661,2.2906796642397467,3.850655173704698,6.1152356587290955,0.1584356384399725,0.6709271073504476,5.9017575151278665,2.2489090791256157,1.741482937433406,2.6832828073164543,-10.66017319925945,-1.8108519676084271,-6.475721422726979,7.230002859592846,2.1334980137026407,0.47499742820641067,-4.217857417291575,-4.715870626281551,7.84315498755755,1.506942642522572,1.6477628336151124,1.7449011319566639,3.242711021508612,3.069513053054225,2.699157876344789,-4.692237086104949,1.015751034995818,4.316557885738308,0.9217679952278123,-1.4619154260257814,-9.26156467180646,0.26065493208996554,-4.842311465433437,-0.8319516001337397,-2.0715713213138,-3.329894286535812,5.067564888197943,-10.144404803391877,17.10703124436682
