V1,V2,V3,V4,V5,V6,V7,V8,V9,V10,V11,V12,V13,V14,V15,V16,V17,V18,V19,V20,V21,V22,V23,V24,V25,V26,V27,V28,V29
1.0002555503782138,0.9902139036682978,4.015425133315151,-0.9224050636231209,-0.939644900861543,0.3648150290005766,-0.6138693786381304,-0.4868608271749577,1.9601143342195053,-1.8544098503901305,1.30528340983094,-1.942781383831632,1.3779452421830964,1.2550455627760138,0.9134530446661475,0.21129056909154886,-1.4425696257540965,-0.022603719325021334,-2.2908787577982013,0.38411080600965775,-0.6489519904107018,-0.1414404840015343,2.4475727388681614,2.8424679799425476,-2.016847607556368,0.8627634348907857,-2.4581798661534693,1.6801404510065379,-0.5576089581691838
0.9902139036682978,1.3938152430722535,4.389669222514276,-1.1158340713897068,-1.03351567811448,0.07479202710844864,-0.6223566448706642,-0.25677239594191675,2.1303259742740788,-1.3238247256819289,1.4415290764740942,-2.296256303151883,1.8493391214839745,1.5377576190565148,0.7614100885693076,0.18480394586413673,-1.4379380506890749,-0.06978864443706094,-2.4114235982325223,0.42693066727095796,-0.588089794367278,-0.12186173602349946,2.3545268615416566,3.277784318233643,-2.092856821033424,0.9901426829689668,-2.997475831060768,1.885355847092714,-0.61432935619128
4.015425133315151,4.389669222514276,32.19807849689022,-2.4153118578903077,-8.300920560466357,4.130334115317067,0.4451748869285775,-3.689640709814852,13.479961928156062,-15.65997846367798,9.022336854816103,-13.165877304766859,10.176105562382316,6.192587119747804,9.554259869011544,1.5594873371697282,-11.328761126772715,-1.0056962063817485,-17.111466796349568,2.5396938346715165,-2.8635006721123943,-2.088157575179413,18.09807816715506,20.309733639597955,-17.798409159059027,9.096853361490869,-16.03399449563805,6.544272352850053,-7.507386102667888
-0.9224050636231209,-1.1158340713897068,-2.4153118578903077,1.1711462583223404,0.4960731079871168,-0.011845442288483344,0.9372916103352441,0.12961970961746497,-1.376593599476843,0.7845113798190685,-0.9862267106518189,1.4922458235356544,-1.0532785282755461,-1.2332116539109832,-0.1742598605375804,-0.08773653940077017,0.7597331725787948,-0.07901274041727965,1.4862812357948685,-0.37150538434917657,0.598161171849461,-0.05207536341989463,-1.5160259950925377,-1.9743543198301408,1.0609685729027725,-0.32816076312538567,1.9695305696491645,-1.7378564681920703,-0.013280043883142746
-0.939644900861543,-1.03351567811448,-8.300920560466357,0.4960731079871168,2.2121087468559737,-1.208160603952911,-0.26195268192383936,0.9281621698738312,-3.4056318802988987,4.241529454691345,-2.3429259054720157,3.302169975616888,-2.5251708920835316,-1.4882885643249337,-2.48755378012637,-0.40629641229404884,2.891428449558339,0.2585216031178865,4.389084202724551,-0.6986354344582724,0.6978662979483239,0.5682970322573597,-4.718764167922048,-5.07015340009022,4.689334832525608,-2.420521080360005,3.9056065669954156,-1.4791197860033467,1.9536184368583365
0.3648150290005766,0.07479202710844864,4.130334115317067,-0.011845442288483344,-1.208160603952911,1.3448132388006429,0.29016186865049653,-0.6296845711568475,1.5758227216776501,-3.3714739214013925,1.2898600765842583,-1.28902284779136,0.6246032441437261,0.444346472224736,1.5261541631997797,0.24256488624695222,-1.4360160457310218,-0.0017128154120686337,-2.334046104735525,0.5099615503507355,-0.5593345229147958,-0.29534252125326904,2.892711402478422,1.9149997411475916,-2.7683075752262765,1.3355910014271646,-1.2524263591672118,0.3862142085658884,-0.8763527260928207
-0.6138693786381304,-0.6223566448706642,0.4451748869285775,0.9372916103352441,-0.26195268192383936,0.29016186865049653,1.0535889578699271,-0.10201542959748922,-0.17994744986136005,-0.40043433279598667,-0.15516440493532727,0.2890102525611588,-0.08715894240140581,-0.6325556870679311,0.6092448623857726,0.05500741854442568,-0.19793129253937047,-0.18628914664833615,-0.009791794183068605,-0.16127094451502647,0.3552822750019663,-0.2301000337619122,0.00756779804640624,-0.15393292144754825,-0.4835952735407946,0.5394104571876002,0.46326126313872523,-1.1752953513128788,-0.6738325683736104
-0.4868608271749577,-0.25677239594191675,-3.689640709814852,0.12961970961746497,0.9281621698738312,-0.6296845711568475,-0.10201542959748922,0.6574973747008068,-1.5316031898605857,2.1499901909054033,-0.9675807545580805,1.3874761134329907,-0.9674826225868142,-0.5643588081255826,-1.3309323832774003,-0.20410774059713443,1.4264768375125165,0.12582476644413776,2.004241563574852,-0.20932732553897263,0.35490571145355737,0.2679595791814448,-2.2148330776201366,-2.2640691717042816,2.076487247268294,-1.0142297236370275,1.6874561323513906,-0.6769025954112058,0.9399418785557178
1.9601143342195053,2.1303259742740788,13.479961928156062,-1.376593599476843,-3.4056318802988987,1.5758227216776501,-0.17994744986136005,-1.5316031898605857,5.825938056059764,-6.3504282164274475,3.8660682394875425,-5.711715510164835,4.3737369638604635,2.8999289572342817,3.830002299544176,0.6719935676309334,-4.762794503512682,-0.3782780553862117,-7.24944413989775,1.0674421474262574,-1.3602618053976792,-0.8049182663774387,7.611245889862922,8.742803564426262,-7.287334310876925,3.6637747432470276,-7.058339468894038,3.248499729499491,-2.950104515318184
-1.8544098503901305,-1.3238247256819289,-15.65997846367798,0.7845113798190685,4.241529454691345,-3.3714739214013925,-0.40043433279598667,2.1499901909054033,-6.3504282164274475,10.047249701952024,-4.62015367644383,5.764989836236749,-3.788675439581462,-2.4635936495912785,-5.134526672447288,-0.8254874591245299,5.530961344256394,0.2376868371955842,8.577865064634022,-1.565765718553324,1.77415997803304,1.0534514544921045,-9.882938809308127,-8.769498350800056,9.450314655512125,-4.6048436793363825,6.466696075306987,-2.6025533795841462,3.429332475379582
1.30528340983094,1.4415290764740942,9.022336854816103,-0.9862267106518189,-2.3429259054720157,1.2898600765842583,-0.15516440493532727,-0.9675807545580805,3.8660682394875425,-4.62015367644383,2.72675624507116,-3.767173079177898,2.7618136643249867,1.9415056666350983,2.5042943068618375,0.44036911188551114,-3.095011764950502,-0.1742764786746995,-4.897953921283802,0.8570561522172174,-1.0238982652260864,-0.5101916910819847,5.315436496009909,5.616002516007741,-5.040988878489494,2.5020277410551106,-4.5422257103631845,2.1568392202630537,-1.8180856033315533
-1.942781383831632,-2.296256303151883,-13.165877304766859,1.4922458235356544,3.302169975616888,-1.28902284779136,0.2890102525611588,1.3874761134329907,-5.711715510164835,5.764989836236749,-3.767173079177898,5.74373176321837,-4.533316079010962,-2.993224959131603,-3.582959152737943,-0.6086227321302228,4.603442750581405,0.3972775527836229,7.044889035853268,-1.0533126816923148,1.2387126898088106,0.7513883039446914,-7.244994310677616,-8.743524782114296,7.0043651386120835,-3.5022293262434663,7.150756016460066,-3.367599877935163,2.8623067004472054
1.3779452421830964,1.8493391214839745,10.176105562382316,-1.0532785282755461,-2.5251708920835316,0.6246032441437261,-0.08715894240140581,-0.9674826225868142,4.3737369638604635,-3.788675439581462,2.7618136643249867,-4.533316079010962,3.8402871256830924,2.2999010007288776,2.7036249893683832,0.43486606989103943,-3.5510618270910776,-0.4147990899515776,-5.300723702453341,0.7120636977174374,-0.71014313834371,-0.6191811395629062,5.211438873655942,6.996837008872812,-5.250651269213027,2.7130897198755646,-5.7340905794950014,2.486365975053923,-2.410857842469885
1.2550455627760138,1.5377576190565148,6.192587119747804,-1.2332116539109832,-1.4882885643249337,0.444346472224736,-0.6325556870679311,-0.5643588081255826,2.8999289572342817,-2.4635936495912785,1.9415056666350983,-2.993224959131603,2.2999010007288776,1.88122115241921,1.4096589207277967,0.2903332675610392,-2.131365062410291,-0.10708078191248348,-3.452605411997821,0.5695978059693594,-0.7999869606399583,-0.22531278465574797,3.4635683706796585,4.385440688110368,-3.1385461933370786,1.4562617018312183,-3.8239412139836624,2.3121884319987873,-1.020752378365039
0.9134530446661475,0.7614100885693076,9.554259869011544,-0.1742598605375804,-2.48755378012637,1.5261541631997797,0.6092448623857726,-1.3309323832774003,3.830002299544176,-5.134526672447288,2.5042943068618375,-3.582959152737943,2.7036249893683832,1.4096589207277967,3.2978541249134126,0.4991897609420753,-3.490842659439957,-0.35806444220575395,-5.065808861225454,0.61397359482759,-0.7465458565014049,-0.708363049118652,5.419832741337371,5.758400961355911,-5.468828839420959,2.8497798493095052,-4.331559061596434,1.3568169004456996,-2.528790690293797
0.21129056909154886,0.18480394586413673,1.5594873371697282,-0.08773653940077017,-0.40629641229404884,0.24256488624695222,0.05500741854442568,-0.20410774059713443,0.6719935676309334,-0.8254874591245299,0.44036911188551114,-0.6086227321302228,0.43486606989103943,0.2903332675610392,0.4991897609420753,0.10827037229827545,-0.5770180478829949,-0.04503674264142267,-0.8436624885640391,0.09551212158038688,-0.17871131813458263,-0.1100533217852369,0.9106993122321575,0.9615789163338724,-0.8620481553931064,0.4636699749268735,-0.7468837179093969,0.29914378944229825,-0.36017140093072936
-1.4425696257540965,-1.4379380506890749,-11.328761126772715,0.7597331725787948,2.891428449558339,-1.4360160457310218,-0.19793129253937047,1.4264768375125165,-4.762794503512682,5.530961344256394,-3.095011764950502,4.603442750581405,-3.5510618270910776,-2.131365062410291,-3.490842659439957,-0.5770180478829949,4.0920069804032355,0.38815541076698556,6.028701153522953,-0.7918977772381286,0.9838516122840286,0.7596188912406276,-6.346899439006243,-7.217901356005707,6.206872619621621,-3.170932794952989,5.645687576913561,-2.293863363117105,2.7271787720946103
-0.022603719325021334,-0.06978864443706094,-1.0056962063817485,-0.07901274041727965,0.2585216031178865,-0.0017128154120686337,-0.18628914664833615,0.12582476644413776,-0.3782780553862117,0.2376868371955842,-0.1742764786746995,0.3972775527836229,-0.4147990899515776,-0.10708078191248348,-0.35806444220575395,-0.04503674264142267,0.38815541076698556,0.11351359137832365,0.46314409149013225,0.01638691281821246,-0.06143127378662914,0.10768768788766293,-0.3788535547508936,-0.7153163703667424,0.48256421716002884,-0.3127534757544889,0.5215829564719257,-0.038846174697730815,0.4005172383152053
-2.2908787577982013,-2.4114235982325223,-17.111466796349568,1.4862812357948685,4.389084202724551,-2.334046104735525,-0.009791794183068605,2.004241563574852,-7.24944413989775,8.577865064634022,-4.897953921283802,7.044889035853268,-5.300723702453341,-3.452605411997821,-5.065808861225454,-0.8436624885640391,6.028701153522953,0.46314409149013225,9.2379457787986,-1.4166200554918875,1.6988217796820908,1.0397945468674152,-9.801239202801579,-10.786414695983167,9.499241031711056,-4.747050815916971,8.581218932923772,-3.785211954092187,3.8124943592631406
0.38411080600965775,0.42693066727095796,2.5396938346715165,-0.37150538434917657,-0.6986354344582724,0.5099615503507355,-0.16127094451502647,-0.20932732553897263,1.0674421474262574,-1.565765718553324,0.8570561522172174,-1.0533126816923148,0.7120636977174374,0.5695978059693594,0.61397359482759,0.09551212158038688,-0.7918977772381286,0.01638691281821246,-1.4166200554918875,0.3986351192107869,-0.3385119061182427,-0.11829317284966556,1.6346328284475657,1.448215741500707,-1.5414028309586099,0.6848886685336434,-1.1413949519015694,0.646259203098639,-0.38880440979503705
-0.6489519904107018,-0.588089794367278,-2.8635006721123943,0.598161171849461,0.6978662979483239,-0.5593345229147958,0.3552822750019663,0.35490571145355737,-1.3602618053976792,1.77415997803304,-1.0238982652260864,1.2387126898088106,-0.71014313834371,-0.7999869606399583,-0.7465458565014049,-0.17871131813458263,0.9838516122840286,-0.06143127378662914,1.6988217796820908,-0.3385119061182427,0.6343197921988298,0.086575520204513,-1.9789052290526858,-1.7423760805747786,1.629028837399767,-0.7321703485899608,1.5462192073229553,-1.0496676044106428,0.3215276357465564
-0.1414404840015343,-0.12186173602349946,-2.088157575179413,-0.05207536341989463,0.5682970322573597,-0.29534252125326904,-0.2301000337619122,0.2679595791814448,-0.8049182663774387,1.0534514544921045,-0.5101916910819847,0.7513883039446914,-0.6191811395629062,-0.22531278465574797,-0.708363049118652,-0.1100533217852369,0.7596188912406276,0.10768768788766293,1.0397945468674152,-0.11829317284966556,0.086575520204513,0.19738326982498058,-1.1232808199113538,-1.2424715433018478,1.178462387778229,-0.6654159272393219,0.8719050924560134,-0.14080686842958323,0.6239120290488178
2.4475727388681614,2.3545268615416566,18.09807816715506,-1.5160259950925377,-4.718764167922048,2.892711402478422,0.00756779804640624,-2.2148330776201366,7.611245889862922,-9.882938809308127,5.315436496009909,-7.244994310677616,5.211438873655942,3.4635683706796585,5.419832741337371,0.9106993122321575,-6.346899439006243,-0.3788535547508936,-9.801239202801579,1.6346328284475657,-1.9789052290526858,-1.1232808199113538,10.816907485990665,10.993635098428811,-10.295631158315727,5.103996171912966,-8.63188332659863,3.816922702659325,-3.8865716204256278
2.8424679799425476,3.277784318233643,20.309733639597955,-1.9743543198301408,-5.07015340009022,1.9149997411475916,-0.15393292144754825,-2.2640691717042816,8.742803564426262,-8.769498350800056,5.616002516007741,-8.743524782114296,6.996837008872812,4.385440688110368,5.758400961355911,0.9615789163338724,-7.217901356005707,-0.7153163703667424,-10.786414695983167,1.448215741500707,-1.7423760805747786,-1.2424715433018478,10.993635098428811,13.537794750603437,-10.74701543388828,5.463633002258918,-10.950607914793284,4.861537172463778,-4.702931899107795
-2.016847607556368,-2.092856821033424,-17.798409159059027,1.0609685729027725,4.689334832525608,-2.7683075752262765,-0.4835952735407946,2.076487247268294,-7.287334310876925,9.450314655512125,-5.040988878489494,7.0043651386120835,-5.250651269213027,-3.1385461933370786,-5.468828839420959,-0.8620481553931064,6.206872619621621,0.48256421716002884,9.499241031711056,-1.5414028309586099,1.629028837399767,1.178462387778229,-10.295631158315727,-10.74701543388828,10.204402245538553,-5.176137996179176,8.31476888025558,-3.192276076638539,4.144143760681021
0.8627634348907857,0.9901426829689668,9.096853361490869,-0.32816076312538567,-2.420521080360005,1.3355910014271646,0.5394104571876002,-1.0142297236370275,3.6637747432470276,-4.6048436793363825,2.5020277410551106,-3.5022293262434663,2.7130897198755646,1.4562617018312183,2.8497798493095052,0.4636699749268735,-3.170932794952989,-0.3127534757544889,-4.747050815916971,0.6848886685336434,-0.7321703485899608,-0.6654159272393219,5.103996171912966,5.463633002258918,-5.176137996179176,2.7914618221068244,-4.204910600886924,1.3076367056874427,-2.2833081999567946
-2.4581798661534693,-2.997475831060768,-16.03399449563805,1.9695305696491645,3.9056065669954156,-1.2524263591672118,0.46326126313872523,1.6874561323513906,-7.058339468894038,6.466696075306987,-4.5422257103631845,7.150756016460066,-5.7340905794950014,-3.8239412139836624,-4.331559061596434,-0.7468837179093969,5.645687576913561,0.5215829564719257,8.581218932923772,-1.1413949519015694,1.5462192073229553,0.8719050924560134,-8.63188332659863,-10.950607914793284,8.31476888025558,-4.204910600886924,9.169069050714441,-4.374583688885556,3.508644947433572
1.6801404510065379,1.885355847092714,6.544272352850053,-1.7378564681920703,-1.4791197860033467,0.3862142085658884,-1.1752953513128788,-0.6769025954112058,3.248499729499491,-2.6025533795841462,2.1568392202630537,-3.367599877935163,2.486365975053923,2.3121884319987873,1.3568169004456996,0.29914378944229825,-2.293863363117105,-0.038846174697730815,-3.785211954092187,0.646259203098639,-1.0496676044106428,-0.14080686842958323,3.816922702659325,4.861537172463778,-3.192276076638539,1.3076367056874427,-4.374583688885556,3.0870451106560544,-0.8293031078193323
-0.5576089581691838,-0.61432935619128,-7.507386102667888,-0.013280043883142746,1.9536184368583365,-0.8763527260928207,-0.6738325683736104,0.9399418785557178,-2.950104515318184,3.429332475379582,-1.8180856033315533,2.8623067004472054,-2.410857842469885,-1.020752378365039,-2.528790690293797,-0.36017140093072936,2.7271787720946103,0.4005172383152053,3.8124943592631406,-0.38880440979503705,0.3215276357465564,0.6239120290488178,-3.8865716204256278,-4.702931899107795,4.144143760681021,-2.2833081999567946,3.508644947433572,-0.8293031078193323,2.2207507341913537
