V1,V2,V3,V4,V5,V6,V7,V8,V9,V10,V11,V12,V13,V14,V15,V16,V17,V18,V19,V20,V21,V22,V23,V24,V25,V26,V27,V28,V29
1.0343997648373433,-1.25839329504371,-2.202589764779338,0.2760837359888174,2.1460423886406383,0.17848957322041376,-0.07169953571231974,2.275996720188195,0.8148614169218464,4.885738129106698,-6.13058504660097,-1.58278150160593,5.505576424359679,-3.5533581802482077,-0.9591125549292859,4.556371618668824,-1.1985674691696773,-1.7951237045855788,-0.06767100563948023,-0.8471303041211425,-1.9332771970587537,3.4596941842668896,0.5354847057294395,0.6972140473882116,2.66685051726018,-2.5027794214180945,0.18780077338085366,0.2613266001353892,2.775422369396313
-1.25839329504371,1.875293103141922,2.7628030394335403,-0.3198162738319941,-2.5754086293736282,-0.1416345122344958,0.19910147149347274,-2.8809968894991567,-1.1556815102864912,-5.794722743146706,7.880225243669023,2.003219034861482,-7.093812554485699,4.5156493895559535,1.207065737174377,-5.81333986961753,1.6178885249734096,2.016844005209613,0.1820034819774381,1.0495926901583434,2.399581734125753,-4.457302169030751,-0.7276907417482653,-0.6237688207391073,-3.2185981412959537,2.99913554833665,-0.5092749584833794,-0.018127997864905012,-3.380191668972722
-2.202589764779338,2.7628030394335403,5.720521937000424,-0.16330469049271512,-4.711239462861856,-0.34446708915861096,0.6665766399319909,-5.01476896146477,-1.2757783826699622,-11.414327030891856,15.41902415471293,3.4505296856560244,-13.699331682817235,8.533949556614699,1.876830494020696,-11.877341705441898,3.446197702670501,4.72880052038242,0.7225613505225708,2.8500295874914716,4.5705129387177905,-8.733337687451314,-0.4631673547071862,-1.2010765919671758,-5.658017107340141,6.266499992257264,-0.37297349934337487,-0.3472532616435571,-6.5719478185876525
0.2760837359888174,-0.3198162738319941,-0.16330469049271512,0.6883944710826783,0.7924981032125323,0.5345774227793662,0.7009176229710938,0.6246971773398233,0.2946865747774027,1.0598098204715922,-0.47431794305373653,-0.270887525200302,0.1943317208613012,-0.8741671439287837,-0.2790448791120729,0.147586063598437,0.3010948120848585,-0.36796630167616096,0.4930705029366139,0.39319964896025467,-0.4552880553509344,0.18053656045073177,0.739318079130281,0.4396221896622242,0.9682782672540591,-0.3856551040718301,0.15329925155234383,0.2635919120845224,0.6733033170682206
2.1460423886406383,-2.5754086293736282,-4.711239462861856,0.7924981032125323,5.32886596006199,0.5272809439657893,-0.34191467591084673,5.037808656357732,1.5165551804910165,10.534730743534636,-12.890846370010339,-2.872449207279964,11.1471689841049,-8.145808839709064,-1.8725547088793375,9.694863937984296,-2.2165423130766655,-3.7458728801554324,0.21622496243976624,-1.7000687170782214,-5.093274028489615,7.1170509445190024,1.4401581132136512,1.4299084627090501,5.3341851632830615,-5.158137904969888,-0.09922428526206632,0.3249344015606794,6.108254609785183
0.17848957322041376,-0.1416345122344958,-0.34446708915861096,0.5345774227793662,0.5272809439657893,0.5992015875246527,0.68092480836643,0.3960962918331112,-0.01928029964617152,1.033444277403222,-0.7078609974108581,-0.1983307542441315,0.3648768704660493,-0.7973786005458956,-0.12044999347438014,0.4823917456224967,0.07301752971874786,-0.699941969021877,0.26142674688331036,0.05541106096666589,-0.23782018425666265,0.3417395251691287,0.3693847900862483,0.3564224792277727,0.8182293969543157,-0.602412469597874,0.1684431932462216,0.3163026916414653,0.665401661507658
-0.07169953571231974,0.19910147149347274,0.6665766399319909,0.7009176229710938,-0.34191467591084673,0.68092480836643,1.1888834910018315,-0.3417489064197297,-0.009606436448552256,-0.6542371735837338,1.8910108473333107,0.07861683821369106,-1.8253161584322144,0.6919220975419591,0.012619083160396746,-1.6753388906208948,0.6994884117287979,-0.008548996551532385,0.4530924709338073,0.71925131099512,0.8604003612833596,-1.0938827753782505,0.46980730640443863,0.37564069353549157,0.36717013760923917,0.3155241624546715,0.3700623858609344,0.4984441527394994,-0.3511464208010725
2.275996720188195,-2.8809968894991567,-5.01476896146477,0.6246971773398233,5.037808656357732,0.3960962918331112,-0.3417489064197297,5.175936106914725,1.7521273464133114,10.924218211803607,-13.909184418637162,-3.3675716820261705,12.339115780546482,-8.241085966849539,-2.0689715430048614,10.402097186653684,-2.6792521555327573,-3.960896945198174,-0.11208442557069116,-1.9463426204183922,-4.710700218769196,7.800024397184865,1.254870151048504,1.4188412643646686,5.767888143456697,-5.550762533327,0.3181350047870141,0.36519030127480784,6.284416225325338
0.8148614169218464,-1.1556815102864912,-1.2757783826699622,0.2946865747774027,1.5165551804910165,-0.01928029964617152,-0.009606436448552256,1.7521273464133114,1.0016472836213834,3.2077571938977103,-3.968686103913515,-1.2897714725380274,3.7306837433030675,-2.3439323585910397,-0.8749924384307928,2.7250208621491088,-0.6713577989957228,-0.7913614643052069,0.0942001384626235,-0.2143095242708601,-1.286122859048335,2.2515722862482264,0.7133080951730679,0.5144672479260707,2.0282413583369614,-1.451722822906816,0.3103472929070107,0.09780760838239272,1.8024274081735865
4.885738129106698,-5.794722743146706,-11.414327030891856,1.0598098204715922,10.534730743534636,1.033444277403222,-0.6542371735837338,10.924218211803607,3.2077571938977103,24.322629042069014,-31.0366587733132,-7.400781647038876,27.54942843692246,-17.862897314023805,-4.302311731713223,23.527359357531672,-6.334918385017035,-9.59799019119947,-0.6937729907492969,-4.9790069723068004,-9.774573867011918,17.49112232069888,1.9454530496733062,3.1992993077524785,12.639212202457506,-12.830489554944673,0.6192971727352616,1.2246701943846787,13.899982552119642
-6.13058504660097,7.880225243669023,15.41902415471293,-0.47431794305373653,-12.890846370010339,-0.7078609974108581,1.8910108473333107,-13.909184418637162,-3.968686103913515,-31.0366587733132,42.012417861816196,9.66688906439646,-37.54284599569196,23.219155830011157,5.363297026864283,-32.14334002755388,9.33052728789408,12.427247865248418,1.8880593861644854,7.45961925537365,12.458440590572934,-23.82006112660347,-1.5701144463023802,-3.276209569876472,-15.624708802404625,16.84972292212223,-1.2052124667177895,-0.8164875466081548,-17.841446213239095
-1.58278150160593,2.003219034861482,3.4505296856560244,-0.270887525200302,-2.872449207279964,-0.1983307542441315,0.07861683821369106,-3.3675716820261705,-1.2897714725380274,-7.400781647038876,9.66688906439646,2.6443846582843302,-8.866765162682967,5.222767571745647,1.5079430469234434,-7.17639758526791,2.1015823766022614,2.8461507899383602,0.3624067071144517,1.4608695694539264,2.4913803160105403,-5.536603409981984,-0.5870717007687856,-1.01151841892618,-4.183178892364683,3.971956444300562,-0.5703468174059861,-0.44253679376745453,-4.170750405326487
5.505576424359679,-7.093812554485699,-13.699331682817235,0.1943317208613012,11.1471689841049,0.3648768704660493,-1.8253161584322144,12.339115780546482,3.7306837433030675,27.54942843692246,-37.54284599569196,-8.866765162682967,33.839690658281626,-20.363680669705456,-4.895718741451949,28.659315584972337,-8.501107324935841,-10.927044052249045,-1.8836313142266545,-6.696689640542593,-10.734673075131447,21.369015802477296,1.231878438984653,2.8996877393940266,13.981714804544195,-14.995245355431456,1.2193730072439186,0.7560973075462352,15.745628022164233
-3.5533581802482077,4.5156493895559535,8.533949556614699,-0.8741671439287837,-8.145808839709064,-0.7973786005458956,0.6919220975419591,-8.241085966849539,-2.3439323585910397,-17.862897314023805,23.219155830011157,5.222767571745647,-20.363680669705456,13.69122417421085,3.0849721336470974,-17.645309262673603,4.6539590759518825,6.925466291015507,0.4232727472933582,3.673743114871153,7.79720623071832,-13.005260588859223,-1.6364827671268523,-2.100448267542145,-9.072397286903236,9.348079328030714,-0.4376086005938751,-0.4878327438904715,-10.37058696913944
-0.9591125549292859,1.207065737174377,1.876830494020696,-0.2790448791120729,-1.8725547088793375,-0.12044999347438014,0.012619083160396746,-2.0689715430048614,-0.8749924384307928,-4.302311731713223,5.363297026864283,1.5079430469234434,-4.895718741451949,3.0849721336470974,0.9346986541426414,-3.9042084476578713,1.028059659965281,1.47736981199452,0.029655831345105993,0.634739949885788,1.6280393062185443,-3.0404067873724574,-0.5715960295531852,-0.6526850595910854,-2.475227493296362,2.160500290127017,-0.25678596069976295,-0.2435250446803098,-2.4266223536918483
4.556371618668824,-5.81333986961753,-11.877341705441898,0.147586063598437,9.694863937984296,0.4823917456224967,-1.6753388906208948,10.402097186653684,2.7250208621491088,23.527359357531672,-32.14334002755388,-7.17639758526791,28.659315584972337,-17.645309262673603,-3.9042084476578713,24.767880689888372,-7.273053049847289,-9.610023002807822,-1.61949290569561,-5.986715901591078,-9.523385984996429,18.22736031974726,0.8656662802087606,2.3463753642600187,11.55878843830316,-12.898756271576016,0.7675380237999795,0.5489338207883973,13.537419959380701
-1.1985674691696773,1.6178885249734096,3.446197702670501,0.3010948120848585,-2.2165423130766655,0.07301752971874786,0.6994884117287979,-2.6792521555327573,-0.6713577989957228,-6.334918385017035,9.33052728789408,2.1015823766022614,-8.501107324935841,4.6539590759518825,1.028059659965281,-7.273053049847289,2.4078293086964004,2.743340934111157,0.8371039142176913,2.010309571838603,2.2597545945715747,-5.375345643255173,0.19299797082174827,-0.4553028924778201,-3.035283831991148,3.697759981143591,-0.3821219649823181,-0.07457682935382336,-3.6170481022446985
-1.7951237045855788,2.016844005209613,4.72880052038242,-0.36796630167616096,-3.7458728801554324,-0.699941969021877,-0.008548996551532385,-3.960896945198174,-0.7913614643052069,-9.59799019119947,12.427247865248418,2.8461507899383602,-10.927044052249045,6.925466291015507,1.47736981199452,-9.610023002807822,2.743340934111157,4.402135788706627,0.5331798294197623,2.3635386227413835,3.3867136939101514,-7.041709668421209,-0.32255767065713853,-1.2437043077819394,-4.950459886539815,5.4408713380665645,-0.379694756255166,-0.6907605810671963,-5.509617762401593
-0.06767100563948023,0.1820034819774381,0.7225613505225708,0.4930705029366139,0.21622496243976624,0.26142674688331036,0.4530924709338073,-0.11208442557069116,0.0942001384626235,-0.6937729907492969,1.8880593861644854,0.3624067071144517,-1.8836313142266545,0.4232727472933582,0.029655831345105993,-1.61949290569561,0.8371039142176913,0.5331798294197623,0.6057355527095847,0.7832225706523235,-0.05005750454839606,-1.1740320883146955,0.6105020072670944,0.20028355850062146,-0.13733627573931798,0.695798173596882,-0.17962846141678143,0.10671681396803478,-0.36987077435698995
-0.8471303041211425,1.0495926901583434,2.8500295874914716,0.39319964896025467,-1.7000687170782214,0.05541106096666589,0.71925131099512,-1.9463426204183922,-0.2143095242708601,-4.9790069723068004,7.45961925537365,1.4608695694539264,-6.696689640542593,3.673743114871153,0.634739949885788,-5.986715901591078,2.010309571838603,2.3635386227413835,0.7832225706523235,1.8594090166821997,1.8603226943844398,-4.287569151208728,0.43800941084358325,-0.27335804752390863,-2.111907130303882,3.012075618130747,-0.10709829442269386,-0.046528227791007334,-2.8506754094583253
-1.9332771970587537,2.399581734125753,4.5705129387177905,-0.4552880553509344,-5.093274028489615,-0.23782018425666265,0.8604003612833596,-4.710700218769196,-1.286122859048335,-9.774573867011918,12.458440590572934,2.4913803160105403,-10.734673075131447,7.79720623071832,1.6280393062185443,-9.523385984996429,2.2597545945715747,3.3867136939101514,-0.05005750454839606,1.8603226943844398,5.170099877612594,-6.864732956657088,-1.1351846259139473,-1.0730419590702045,-4.542901259197154,4.76582736905214,0.3241127176366515,0.0076349971726147265,-5.703776202730478
3.4596941842668896,-4.457302169030751,-8.733337687451314,0.18053656045073177,7.1170509445190024,0.3417395251691287,-1.0938827753782505,7.800024397184865,2.2515722862482264,17.49112232069888,-23.82006112660347,-5.536603409981984,21.369015802477296,-13.005260588859223,-3.0404067873724574,18.22736031974726,-5.375345643255173,-7.041709668421209,-1.1740320883146955,-4.287569151208728,-6.864732956657088,13.538119316151437,0.7746031649480349,1.8273036343281859,8.834590076354406,-9.558595952820774,0.7563253230765538,0.4787187449721005,10.032385897221092
0.5354847057294395,-0.7276907417482653,-0.4631673547071862,0.739318079130281,1.4401581132136512,0.3693847900862483,0.46980730640443863,1.254870151048504,0.7133080951730679,1.9454530496733062,-1.5701144463023802,-0.5870717007687856,1.231878438984653,-1.6364827671268523,-0.5715960295531852,0.8656662802087606,0.19299797082174827,-0.32255767065713853,0.6105020072670944,0.43800941084358325,-1.1351846259139473,0.7746031649480349,1.0796181310392337,0.5372739384743043,1.4318113881754946,-0.6202857810244063,0.10046097321772435,0.13947617599729303,1.1724851779501404
0.6972140473882116,-0.6237688207391073,-1.2010765919671758,0.4396221896622242,1.4299084627090501,0.3564224792277727,0.37564069353549157,1.4188412643646686,0.5144672479260707,3.1992993077524785,-3.276209569876472,-1.01151841892618,2.8996877393940266,-2.100448267542145,-0.6526850595910854,2.3463753642600187,-0.4553028924778201,-1.2437043077819394,0.20028355850062146,-0.27335804752390863,-1.0730419590702045,1.8273036343281859,0.5372739384743043,0.7334085108274425,1.9550015198990296,-1.5768576349192955,0.06489593615900467,0.48987202301569,1.7707261141458785
2.66685051726018,-3.2185981412959537,-5.658017107340141,0.9682782672540591,5.3341851632830615,0.8182293969543157,0.36717013760923917,5.767888143456697,2.0282413583369614,12.639212202457506,-15.624708802404625,-4.183178892364683,13.981714804544195,-9.072397286903236,-2.475227493296362,11.55878843830316,-3.035283831991148,-4.950459886539815,-0.13733627573931798,-2.111907130303882,-4.542901259197154,8.834590076354406,1.4318113881754946,1.9550015198990296,7.21108310014768,-6.639204104930458,0.7726744050383797,0.9317530949450497,7.200371974488059
-2.5027794214180945,2.99913554833665,6.266499992257264,-0.3856551040718301,-5.158137904969888,-0.602412469597874,0.3155241624546715,-5.550762533327,-1.451722822906816,-12.830489554944673,16.84972292212223,3.971956444300562,-14.995245355431456,9.348079328030714,2.160500290127017,-12.898756271576016,3.697759981143591,5.4408713380665645,0.695798173596882,3.012075618130747,4.76582736905214,-9.558595952820774,-0.6202857810244063,-1.5768576349192955,-6.639204104930458,7.074327815637723,-0.5326955861137483,-0.6894511959245704,-7.3435921361773095
0.18780077338085366,-0.5092749584833794,-0.37297349934337487,0.15329925155234383,-0.09922428526206632,0.1684431932462216,0.3700623858609344,0.3181350047870141,0.3103472929070107,0.6192971727352616,-1.2052124667177895,-0.5703468174059861,1.2193730072439186,-0.4376086005938751,-0.25678596069976295,0.7675380237999795,-0.3821219649823181,-0.379694756255166,-0.17962846141678143,-0.10709829442269386,0.3241127176366515,0.7563253230765538,0.10046097321772435,0.06489593615900467,0.7726744050383797,-0.5326955861137483,0.6507214927161286,0.06339427130088976,0.39343528601144306
0.2613266001353892,-0.018127997864905012,-0.3472532616435571,0.2635919120845224,0.3249344015606794,0.3163026916414653,0.4984441527394994,0.36519030127480784,0.09780760838239272,1.2246701943846787,-0.8164875466081548,-0.44253679376745453,0.7560973075462352,-0.4878327438904715,-0.2435250446803098,0.5489338207883973,-0.07457682935382336,-0.6907605810671963,0.10671681396803478,-0.046528227791007334,0.0076349971726147265,0.4787187449721005,0.13947617599729303,0.48987202301569,0.9317530949450497,-0.6894511959245704,0.06339427130088976,0.5199799460063597,0.6124559196930586
2.775422369396313,-3.380191668972722,-6.5719478185876525,0.6733033170682206,6.108254609785183,0.665401661507658,-0.3511464208010725,6.284416225325338,1.8024274081735865,13.899982552119642,-17.841446213239095,-4.170750405326487,15.745628022164233,-10.37058696913944,-2.4266223536918483,13.537419959380701,-3.6170481022446985,-5.509617762401593,-0.36987077435698995,-2.8506754094583253,-5.703776202730478,10.032385897221092,1.1724851779501404,1.7707261141458785,7.200371974488059,-7.3435921361773095,0.39343528601144306,0.6124559196930586,7.999553571459093
