V1,V2,V3,V4,V5,V6,V7,V8,V9,V10,V11,V12,V13,V14,V15,V16,V17,V18,V19,V20,V21,V22,V23,V24,V25,V26,V27,V28,V29,V30,V31,V32,V33,V34,V35,V36,V37,V38,V39,V40,V41,V42,V43,V44
1.3052258308035343,0.30294159237088636,-0.3848880901685869,0.8181303040016722,-0.5845374608475474,-0.968826082420723,-0.2515220143400855,-0.8415120887102113,-0.2886223328847519,-0.2701156791332428,0.28835357222930974,-1.055832834674385,-0.34096054057427644,-0.8924493450485769,0.1345534896489539,1.1197098702914847,0.9134908036288295,-0.6582813136134636,1.165384557768966,1.4103854524657267,-0.9731545608104889,0.0186071078430867,-1.8799529476374524,-1.3783057043341334,-0.9714218230154802,0.6389993966246387,0.32046760549152953,-0.015121069409591894,0.740165204100196,1.1508323120885244,-2.090918031266715,0.12016657295369532,0.009988220609614781,-0.6794697382987919,-3.503177850488991,0.9130178783483507,-0.756053069050046,-0.06317505049713522,-0.5806989586269654,0.11474375746043505,0.21213208842878872,0.6194694717229917,0.9010079725541709,0.8920207332706552
0.30294159237088636,0.12173150122704218,0.025748676948905033,0.13450317994520805,-0.4009428723167431,0.22017443763574776,0.05279147185148881,-0.4347181116966101,-0.24211456344592927,-0.09233208894541385,0.1561319111698966,-0.22684262324508628,-0.2502993019183598,-0.28861789026958107,0.231458115395275,0.45270058726677825,-0.22456297165291095,-0.03460498994799563,0.4431807360877275,0.0749236599782203,-0.27189813492483794,-0.007348977078950703,-0.24232994761826526,-0.30375519433877834,-0.04966534548381443,0.14274653991057049,0.1877096753609218,0.11481965641767952,0.038241886623895806,0.4304115530075211,-0.4329148941793321,-0.182956198311721,-0.12233524033632746,-0.008758996846728094,-0.6836728889601857,-0.0179376159942328,0.23834736828083,0.06024994761118055,0.021680194662376154,0.048549564328346825,0.022042586229401476,-0.20835901959559316,0.2649057779961704,0.0972123837682696
-0.3848880901685869,0.025748676948905033,0.5973779031371134,-0.394968198665696,-0.7049385791394447,2.0365339242634417,0.531409491340364,-0.5609116151556525,-0.48952516807914787,-0.05237619218934172,0.22353550114047332,0.4567725917643959,-0.5844159184956828,0.10192229913762725,0.7276321876123046,0.3177741531408121,-1.831698939811962,0.6755273340679061,0.151162195598014,-1.4529820767635195,0.20604188109616442,0.02123208367191773,1.369006620613696,0.6070299523657434,0.9731435909456091,-0.18681330760694698,0.3064667155344961,0.4292134333933089,-0.7327360197824567,0.13605410135481869,0.938940087145798,-0.8120959969275167,-0.4734176337416013,0.8087854255761291,1.6982670899698957,-1.060437247245341,1.7260401211926175,0.2954064606861421,0.7217136573037,0.021730150720240368,-0.10937329117280009,-1.5592119743773847,-0.14416594945338848,-0.6906932909673327
0.8181303040016722,0.13450317994520805,-0.394968198665696,0.5843048560368113,-0.02846819279860951,-1.1930479371456773,-0.301847837385665,-0.22679191893586573,0.040180607181924406,-0.12285378061377086,0.07640263205269648,-0.6888380571096382,0.014045174610860226,-0.4633682073952489,-0.17297851252400825,0.46590420124013504,1.1273159174397605,-0.5619618954828459,0.5185344354221972,1.223664709862445,-0.5642270765686851,0.022668310110497327,-1.4379957886223604,-0.8979090528315271,-0.838927401457316,0.40583021409758313,0.05454308059314926,-0.15754998182446436,0.6344364525222477,0.52456446196419515,-1.3910897932291728,0.34229162008409686,0.16866579371629406,-0.6263292910895936,-2.382340318852663,0.8662901588211739,-1.0033661511591687,-0.1350751994763513,-0.5573422702071105,0.05374229452713683,0.16197992259646943,0.8410406315506848,0.5009619031108833,0.6998058118182682
-0.5845374608475474,-0.4009428723167431,-0.7049385791394447,-0.02846819279860951,2.014821600758926,-2.8231205770778054,-0.7162464779295127,1.9689382084431597,1.278900009114958,0.3682936088262404,-0.7145036325373255,0.26004843197602184,1.422488608341946,0.8162067995950291,-1.492686211485631,-1.7669118068967449,2.5916696578526977,-0.5740525102215596,-1.5728872460475523,1.274605521974741,0.6431975180228673,-0.004449285305452065,-0.636155703601835,0.33809909961848505,-0.84356033895637,-0.27285351014716935,-0.9219987664298464,-0.8035013986242504,0.6244626299096481,-1.508113627966418,0.414233126331546,1.415720468837612,0.8848183789759005,-0.817509928020043,0.43543042575501517,1.1428282255974438,-2.535430107561083,-0.49555275262978316,-0.7946513163568432,-0.16017360546212758,0.029704332205480573,2.2689415455444832,-0.6949663358487352,0.3920616599843721
-0.968826082420723,0.22017443763574776,2.0365339242634417,-1.1930479371456773,-2.8231205770778054,7.101707716020425,1.8439550714870871,-2.366297055949488,-1.918819389976499,-0.2795475971024079,0.9143301947552646,1.2844761909216353,-2.2431368173690682,0.01835069137579014,2.7021543061987856,1.5621366857698775,-6.417693694403663,2.23098050205889,1.0025037070090332,-4.81446828238374,0.3975378353260089,0.05610906405223702,4.345411719960046,1.7088403918399977,3.2246712696038635,-0.47462087607283676,1.2409773915434925,1.5690204763398832,-2.425934616630964,0.9340189772274283,2.686756893569812,-2.9325781218081626,-1.72917890896022,2.717528932471458,4.9726109024521845,-3.6028008732988925,6.078621908657469,1.061516781767137,2.45167371246751,0.11953182862938931,-0.346472551816504,-5.470130632231371,-0.19327841213025249,-2.2159357474838854
-0.2515220143400855,0.05279147185148881,0.531409491340364,-0.301847837385665,-0.7162464779295127,1.8439550714870871,0.4847971708196237,-0.6029512586713144,-0.4858662451315447,-0.0676064110381548,0.23908916318474066,0.3418527982352884,-0.5822569642950021,0.023599362553073395,0.7051855620593906,0.4031184648299011,-1.656606702718093,0.5869930360692943,0.24076574261088357,-1.2497920048896027,0.10526331582350443,0.021171817338609004,1.134351924163927,0.45685366776965486,0.8377373903190009,-0.12062555475791209,0.31890501919354514,0.40634310790332195,-0.6332586859668992,0.23124853479086982,0.7049501510113412,-0.7613806675065155,-0.4469686119120747,0.7040987777025874,1.3040479296594265,-0.9263706409046912,1.5700909664779965,0.2761479717668306,0.6361485556748941,0.03412714608241685,-0.08723629170387995,-1.42825453615869,-0.057943297456198514,-0.5759763467713529
-0.8415120887102113,-0.4347181116966101,-0.5609116151556525,-0.22679191893586573,1.9689382084431597,-2.366297055949488,-0.6029512586713144,1.9962170220734836,1.2322661911552537,0.3992054421383689,-0.728331718901399,0.475607868327715,1.3861594920513876,0.9434311074653156,-1.4023320274380275,-1.8795739787611982,2.158031619563437,-0.3803491240189389,-1.7012384208545004,0.8436086567819083,0.812104010008945,-0.01764623499826836,-0.14891796069379465,0.6215654379285547,-0.547940792935996,-0.4011293735004533,-0.9154591269043925,-0.7340587796104989,0.4023324021625666,-1.6405777564838873,0.8578915149743506,1.2717804203222236,0.8086568046461268,-0.5932702759590744,1.2065177726013105,0.8233612210052726,-2.144240818085802,-0.4390064165205464,-0.5933117250581749,-0.17742023378544547,-0.02775051648357737,1.9450936923788533,-0.840184813603275,0.15513029122586564
-0.2886223328847519,-0.24211456344592927,-0.48952516807914787,0.040180607181924406,1.278900009114958,-1.918819389976499,-0.4858662451315447,1.2322661911552537,0.8198445946149122,0.2229679941281138,-0.4495513278515459,0.09423044180652168,0.9069804279917009,0.4746106027910633,-0.9663474172621854,-1.0769924779810933,1.766085512047769,-0.4229834809430454,-0.9507968020621336,0.937310282224554,0.3503084045750658,-0.0020235347488303853,-0.550343674128915,0.12518830803105643,-0.6225015733868304,-0.13178866388494626,-0.5798035653698932,-0.528410499445945,0.4616698276981708,-0.9060257721087511,0.12008860038333698,0.9366157061286845,0.5806840637195253,-0.5856554818609054,0.03539086144650824,0.8138281312611582,-1.7171602587877934,-0.32847360787867813,-0.5632447440472492,-0.09746127625258498,0.03411193765169922,1.5299771602783367,-0.3912070505115048,0.3228126722804013
-0.2701156791332428,-0.09233208894541385,-0.05237619218934172,-0.12285378061377086,0.3682936088262404,-0.2795475971024079,-0.0676064110381548,0.3992054421383689,0.2229679941281138,0.09967841472126986,-0.13914317397026132,0.1826572587267965,0.25963505190124586,0.23886677554537242,-0.23190424477377194,-0.4030544783186583,0.23842032004521052,0.01240154068551764,-0.38553907473974514,-0.0033099888978138634,0.21768307535984302,-0.009401658583473185,0.16898885184918372,0.23507068590340485,0.013791351375856116,-0.1309587255035073,-0.17636174675507005,-0.1111940961056227,-0.017192378434677122,-0.3681420882276168,0.3434164370692848,0.18367019432708398,0.12771650154864567,-0.029875948467240517,0.5455060683671896,0.02929262731472752,-0.2553499944247634,-0.06027078564765353,-0.02576022170325917,-0.03269943647019024,-0.0329532148685269,0.23876757122107495,-0.2209334319724781,-0.068281237736332
0.28835357222930974,0.1561319111698966,0.22353550114047332,0.07640263205269648,-0.7145036325373255,0.9143301947552646,0.23908916318474066,-0.728331718901399,-0.4495513278515459,-0.13914317397026132,0.2774808739460154,-0.1462499869777039,-0.5141329254404059,-0.32127104015680086,0.5290105199953041,0.6851796018441624,-0.8315132649804665,0.16809084180181647,0.6011922430045704,-0.34938449846411507,-0.28445299427677584,0.014437590223664124,0.1028424553436769,-0.19449194380137322,0.22926367234023426,0.13707846141699756,0.3333051694905306,0.2790609565562873,-0.17234969356150856,0.5844277801213376,-0.2694437163592826,-0.48553497389753103,-0.30387127542973646,0.23708860631482448,-0.3678956964934867,-0.32035063404977066,0.8221275685414311,0.16656261780336226,0.24039427334942645,0.07171209073429761,0.008276675257606723,-0.7593824801629941,0.290439074902237,-0.08329102380778265
-1.055832834674385,-0.22684262324508628,0.4567725917643959,-0.6888380571096382,0.26004843197602184,1.2844761909216353,0.3418527982352884,0.475607868327715,0.09423044180652168,0.1826572587267965,-0.1462499869777039,0.9144902872433007,0.07888114186597746,0.7123212924550312,0.10989116355991772,-0.7371430400384968,-1.1580854861808942,0.6802772003014343,-0.8417170105238323,-1.443792292842531,0.7803820396295588,0.00972866322639788,1.7652976033214975,1.2012796863462707,0.9821535090537504,-0.5116491823615527,-0.1549293060639942,0.12846311835344362,-0.7473683230398285,-0.8275681588166259,1.8075495759186198,-0.31285749554841463,-0.13806736459906851,0.726379502742548,3.0555564550753362,-0.939742973689858,1.0185786731124689,0.12762494524970547,0.6192219201535957,-0.07678992469677572,-0.17354050059747061,-0.9013550770117033,-0.7140503982787253,-0.8459754490436503
-0.34096054057427644,-0.2502993019183598,-0.5844159184956828,0.014045174610860226,1.422488608341946,-2.2431368173690682,-0.5822569642950021,1.3861594920513876,0.9069804279917009,0.25963505190124586,-0.5141329254404059,0.07888114186597746,1.066724498820414,0.4821917200287055,-1.12997667726034,-1.2245819841624044,2.0005468394824715,-0.5084435715126087,-1.031323526491637,1.1068200546813198,0.37778075200997563,-0.03398527908608238,-0.6626622225532082,0.08853761531136252,-0.7248561254411051,-0.16759285456930476,-0.6609071215649681,-0.6034987120187204,0.539747519281725,-0.9954764192731272,0.09961463543224935,1.0783982188194738,0.6705598754853969,-0.6895248751048988,-0.015905973673267026,0.9023207932586267,-1.9566157035016822,-0.37960532533349983,-0.635066488526849,-0.10781844166653282,0.01596122392421432,1.7952817350646235,-0.41851848270632247,0.37335959712919886
-0.8924493450485769,-0.28861789026958107,0.10192229913762725,-0.4633682073952489,0.8162067995950291,0.01835069137579014,0.023599362553073395,0.9434311074653156,0.4746106027910633,0.23886677554537242,-0.32127104015680086,0.7123212924550312,0.4821917200287055,0.7653514416390241,-0.3737013178124514,-1.047281581450371,0.023848528094174676,0.2959588202654683,-1.0849431527484796,-0.5972803847587198,0.7342884860715982,0.016664634831487304,1.0171330987653038,0.9440366153226395,0.41109402172321075,-0.42345946667970646,-0.3893316366413274,-0.16178789701227994,-0.32031905185449705,-1.043638198329761,1.3674494066324852,0.2215786272896424,0.1777130214160553,0.24530346107153,2.2327312853668726,-0.2749655834152376,-0.09669632212724796,-0.0634344344720913,0.17219072055133114,-0.10221668600172178,-0.10164909123699674,0.06815550220023416,-0.7109300368079171,-0.45312411491201493
0.1345534896489539,0.231458115395275,0.7276321876123046,-0.17297851252400825,-1.492686211485631,2.7021543061987856,0.7051855620593906,-1.4023320274380275,-0.9663474172621854,-0.23190424477377194,0.5290105199953041,0.10989116355991772,-1.12997667726034,-0.3737013178124514,1.2504559629906602,1.1756721868285056,-2.4318924594693008,0.7019245104566492,0.9411000509349591,-1.5030996141116055,-0.2523925238730569,0.02990390578394905,1.1014629205079758,0.15713915298020342,0.99976741636401,0.0666914558898645,0.6849783872116196,0.6851783882422825,-0.7518953248596849,0.9117388727662845,0.2756062697095512,-1.241152506457342,-0.7552510558816974,0.8974991199470348,0.6757364250994948,-1.1950183520421531,2.349431929626678,0.44220274885577127,0.8329366317303455,0.10686801764468967,-0.06553510593837787,-2.1433391366298995,0.3051818470709844,-0.5896505444660294
1.1197098702914847,0.45270058726677825,0.3177741531408121,0.46590420124013504,-1.7669118068967449,1.5621366857698775,0.4031184648299011,-1.8795739787611982,-1.0769924779810933,-0.4030544783186583,0.6851796018441624,-0.7371430400384968,-1.2245819841624044,-1.047281581450371,1.1756721868285056,1.8933396969790117,-1.413402185001742,0.08819108308384545,1.7481484625225594,-0.18773042576166402,-0.9888821469198419,0.02217439968076261,-0.5194637602440112,-0.9617001374715163,0.10743402103448184,0.542308013927462,0.8424751861840352,0.583897551799334,-0.07462228642764543,1.7061150023280538,-1.4025027479024867,-0.980758536542508,-0.6425452700576757,0.23829572922698936,-2.158895862786491,-0.3454243576226216,1.456368161758465,0.3330060877282914,0.28079126141582456,0.18728679734673093,0.09267644063851303,-1.3556549823991584,0.9786998219790667,0.18104733337655068
0.9134908036288295,-0.22456297165291095,-1.831698939811962,1.1273159174397605,2.5916696578526977,-6.417693694403663,-1.656606702718093,2.158031619563437,1.766085512047769,0.23842032004521052,-0.8315132649804665,-1.1580854861808942,2.0005468394824715,0.023848528094174676,-2.4318924594693008,-1.413402185001742,5.867721629103918,-2.019119721716995,-0.9431514735312887,4.358196024903769,-0.3484422087590333,-0.019598838080204746,-3.947324553831324,-1.5223028645035128,-2.9333981636242883,0.45913256563636823,-1.1239024356255256,-1.4286324399171149,2.2085417661181848,-0.8720063721699157,-2.4361690052258305,2.662796192164114,1.5639684024993377,-2.456497591530892,-4.51979595062361,3.316477004519677,-5.543786944469067,-0.9629090645300303,-2.251065420767272,-0.11620380044048739,0.3437611694108826,4.942005330548072,0.16174237212360343,2.0253024339185877
-0.6582813136134636,-0.03460498994799563,0.6755273340679061,-0.5619618954828459,-0.5740525102215596,2.23098050205889,0.5869930360692943,-0.3803491240189389,-0.4229834809430454,0.01240154068551764,0.16809084180181647,0.6802772003014343,-0.5084435715126087,0.2959588202654683,0.7019245104566492,0.08819108308384545,-2.019119721716995,0.8190683779765481,-0.09997188950223257,-1.73868143744123,0.40315016942501786,0.018210219251351512,1.7604341933964784,0.8967482801867122,1.1742985108672706,-0.3195352169305549,0.23760558292493436,0.433411208980003,-0.890544541283929,-0.10403328276186943,1.373019375256562,-0.8386163266619575,-0.47259826616333495,0.9448158035462081,2.428267769177082,-1.2478107920017298,1.8798017339825102,0.30973588404286945,0.8465360922142072,0.004356689350590775,-0.1558208859206688,-1.6923351302761969,-0.3329009645934433,-0.876693395038672
1.165384557768966,0.4431807360877275,0.151162195598014,0.5185344354221972,-1.5728872460475523,1.0025037070090332,0.24076574261088357,-1.7012384208545004,-0.9507968020621336,-0.38553907473974514,0.6011922430045704,-0.8417170105238323,-1.031323526491637,-1.0849431527484796,0.9411000509349591,1.7481484625225594,-0.9431514735312887,-0.09997188950223257,1.698090509804583,0.17329838889064766,-1.0073636115369515,-0.00393821476428506,-0.8480963414109702,-1.1094131507227576,-0.13401685200057065,0.5557706633671385,0.7427157196497675,0.4600654187278982,0.11416673992680865,1.6380694844804928,-1.5951738441199734,-0.7455421051162402,-0.5070836756828381,0.034959320577128465,-2.520699851225557,-0.10200352453184919,1.0043790239279329,0.24623319829640414,0.09834187012765488,0.16810058430110844,0.10573820686161607,-0.9006775783050717,0.9967005006214996,0.341612955173586
1.4103854524657267,0.0749236599782203,-1.4529820767635195,1.223664709862445,1.274605521974741,-4.81446828238374,-1.2497920048896027,0.8436086567819083,0.937310282224554,-0.0033099888978138634,-0.34938449846411507,-1.443792292842531,1.1068200546813198,-0.5972803847587198,-1.5030996141116055,-0.18773042576166402,4.358196024903769,-1.73868143744123,0.17329838889064766,3.755225866517422,-0.8739538832553287,-0.029542792659139967,-3.776808482737357,-1.9069886034431773,-2.526536981107803,0.6894155104846628,-0.5208013714740929,-0.9309019283338256,1.9040574414223297,0.20738421328255802,-2.9435396410632846,1.8008986374290403,1.0253143680001986,-2.0449387028780484,-5.201795996494968,2.6998016142223333,-4.060116449858869,-0.663534454174493,-1.8113443870899872,0.008401605468807777,0.33270595354742893,3.6221596085621566,0.7037076271156194,1.8813735572596388
-0.9731545608104889,-0.27189813492483794,0.20604188109616442,-0.5642270765686851,0.6431975180228673,0.3975378353260089,0.10526331582350443,0.812104010008945,0.3503084045750658,0.21768307535984302,-0.28445299427677584,0.7803820396295588,0.37778075200997563,0.7342884860715982,-0.2523925238730569,-0.9888821469198419,-0.3484422087590333,0.40315016942501786,-1.0073636115369515,-0.8739538832553287,0.7728085684264804,0.00188764766709913,1.2629118426542738,1.0257135081021604,0.5952798080316115,-0.4710097010150941,-0.32707609437743396,-0.07915624638908524,-0.45090111625552404,-0.9936333560478792,1.5339484423765921,0.07084648534565874,0.08526157922447687,0.40289985970590303,2.530404014208527,-0.5014983195300108,0.25028452696104764,-0.010883101172034912,0.3113382920673446,-0.10624232488253973,-0.13083087508580446,-0.1994586622089421,-0.7212511156992376,-0.5856804091101173
0.0186071078430867,-0.007348977078950703,0.02123208367191773,0.022668310110497327,-0.004449285305452065,0.05610906405223702,0.021171817338609004,-0.01764623499826836,-0.0020235347488303853,-0.009401658583473185,0.014437590223664124,0.00972866322639788,-0.03398527908608238,0.016664634831487304,0.02990390578394905,0.02217439968076261,-0.019598838080204746,0.018210219251351512,-0.00393821476428506,-0.029542792659139967,0.00188764766709913,0.01962337267386125,0.01669532370007264,0.017753478909662848,0.013037928826666332,0.013331119077021938,0.009152341081379661,0.01056704226154719,-0.01007333871155199,1.7973492235751914e-4,0.008921302917821797,-0.021324928718326773,-0.014296550060571421,0.018475158597032845,0.009090189719505619,0.008683677415427207,0.02483235596201157,0.006302237196715857,0.0035758554817337867,0.0024237139158546405,0.014297285125398644,-0.05039588531261738,-0.0036374155332869243,-0.0065606734997961
-1.8799529476374524,-0.24232994761826526,1.369006620613696,-1.4379957886223604,-0.636155703601835,4.345411719960046,1.134351924163927,-0.14891796069379465,-0.550343674128915,0.16898885184918372,0.1028424553436769,1.7652976033214975,-0.6626622225532082,1.0171330987653038,1.1014629205079758,-0.5194637602440112,-3.947324553831324,1.7604341933964784,-0.8480963414109702,-3.776808482737357,1.2629118426542738,0.01669532370007264,4.081938916284248,2.324920859351136,2.5564982211952176,-0.9165841867168337,0.21559612522376645,0.7370616024162238,-1.9343963708175127,-0.8554949818929191,3.552874280168046,-1.4819764656637864,-0.8065418752062132,2.0021760041395433,6.167789190468443,-2.650540720186924,3.6210040239145385,0.5586036292936818,1.764528682719303,-0.07151734348742997,-0.3860999012490566,-3.2130967072644707,-1.0927002381521906,-2.0035813862517164
-1.3783057043341334,-0.30375519433877834,0.6070299523657434,-0.8979090528315271,0.33809909961848505,1.7088403918399977,0.45685366776965486,0.6215654379285547,0.12518830803105643,0.23507068590340485,-0.19449194380137322,1.2012796863462707,0.08853761531136252,0.9440366153226395,0.15713915298020342,-0.9617001374715163,-1.5223028645035128,0.8967482801867122,-1.1094131507227576,-1.9069886034431773,1.0257135081021604,0.017753478909662848,2.324920859351136,1.586728882532772,1.2939314577959307,-0.6641848381839365,-0.19699500411365778,0.16981214805674527,-0.9840802709662492,-1.0869941797952039,2.3740707153367002,-0.41613300230142364,-0.18693445272913448,0.9606701597889096,4.0169066022146,-1.23334131200193,1.3435088367050294,0.1711465633168336,0.8099085571207764,-0.10488662670884419,-0.22271621291010724,-1.1990109662031123,-0.9391572874015891,-1.1081191010865847
-0.9714218230154802,-0.04966534548381443,0.9731435909456091,-0.838927401457316,-0.84356033895637,3.2246712696038635,0.8377373903190009,-0.547940792935996,-0.6225015733868304,0.013791351375856116,0.22926367234023426,0.9821535090537504,-0.7248561254411051,0.41109402172321075,0.99976741636401,0.10743402103448184,-2.9333981636242883,1.1742985108672706,-0.13401685200057065,-2.526536981107803,0.5952798080316115,0.013037928826666332,2.5564982211952176,1.2939314577959307,1.7054270724533354,-0.4758454322226841,0.34200714376094765,0.6230691018467378,-1.2876854832700786,-0.1532513952558564,2.000220294129264,-1.2059573150849598,-0.682854345896201,1.3731571891263616,3.5367331682618706,-1.8280324524109104,2.7284881503267173,0.44548469539245467,1.2264941042833093,-0.003869280964477365,-0.23300450599120778,-2.42793216313241,-0.48310355057571486,-1.2738824222312954
0.6389993966246387,0.14274653991057049,-0.18681330760694698,0.40583021409758313,-0.27285351014716935,-0.47462087607283676,-0.12062555475791209,-0.4011293735004533,-0.13178866388494626,-0.1309587255035073,0.13707846141699756,-0.5116491823615527,-0.16759285456930476,-0.42345946667970646,0.0666914558898645,0.542308013927462,0.45913256563636823,-0.3195352169305549,0.5557706633671385,0.6894155104846628,-0.4710097010150941,0.013331119077021938,-0.9165841867168337,-0.6641848381839365,-0.4758454322226841,0.31685680562801416,0.15459885554289096,-0.010046518681253249,0.361892804168593,0.5530342556922516,-1.0170771518751633,0.061752306259603554,0.0066091076782787425,-0.3315364539406948,-1.7042242988582514,0.4535481536292256,-0.3794328444224551,-0.030337349254296254,-0.2881501559574689,0.05474752368831063,0.10723686045789117,0.3028006909352373,0.4348183271932013,0.43848213906294
0.32046760549152953,0.1877096753609218,0.3064667155344961,0.05454308059314926,-0.9219987664298464,1.2409773915434925,0.31890501919354514,-0.9154591269043925,-0.5798035653698932,-0.17636174675507005,0.3333051694905306,-0.1549293060639942,-0.6609071215649681,-0.3893316366413274,0.6849783872116196,0.8424751861840352,-1.1239024356255256,0.23760558292493436,0.7427157196497675,-0.5208013714740929,-0.32707609437743396,0.009152341081379661,0.21559612522376645,-0.19699500411365778,0.34200714376094765,0.15459885554289096,0.4288867349910233,0.3611533861627738,-0.2536668779750187,0.7192137509929967,-0.2671908573314246,-0.6345834657730648,-0.39909014258224296,0.34293711367926205,-0.33031992401430327,-0.4709526722183421,1.1079154994538025,0.22249817663625296,0.3321727861039049,0.07683824728759753,-3.941363314924081e-4,-1.0071263164544069,0.34472253924803564,-0.1392083414736548
-0.015121069409591894,0.11481965641767952,0.4292134333933089,-0.15754998182446436,-0.8035013986242504,1.5690204763398832,0.40634310790332195,-0.7340587796104989,-0.528410499445945,-0.1111940961056227,0.2790609565562873,0.12846311835344362,-0.6034987120187204,-0.16178789701227994,0.6851783882422825,0.583897551799334,-1.4286324399171149,0.433411208980003,0.4600654187278982,-0.9309019283338256,-0.07915624638908524,0.01056704226154719,0.7370616024162238,0.16981214805674527,0.6230691018467378,-0.010046518681253249,0.3611533861627738,0.3856902254194033,-0.46860134147577476,0.44013506864568697,0.2899291704317465,-0.7020546683048182,-0.4222225770798339,0.5452162308074755,0.6039429012774477,-0.7348110509392334,1.3688155382485496,0.2503534640223745,0.5082200663289429,0.05389281251592389,-0.05489075191598951,-1.2337381702461054,0.11548179127526709,-0.3915223281366735
0.740165204100196,0.038241886623895806,-0.7327360197824567,0.6344364525222477,0.6244626299096481,-2.425934616630964,-0.6332586859668992,0.4023324021625666,0.4616698276981708,-0.017192378434677122,-0.17234969356150856,-0.7473683230398285,0.539747519281725,-0.32031905185449705,-0.7518953248596849,-0.07462228642764543,2.2085417661181848,-0.890544541283929,0.11416673992680865,1.9040574414223297,-0.45090111625552404,-0.01007333871155199,-1.9343963708175127,-0.9840802709662492,-1.2876854832700786,0.361892804168593,-0.2536668779750187,-0.46860134147577476,0.9750270727616369,0.12378431054244658,-1.516876107253281,0.90774206461024,0.5116641173844925,-1.0334032312255328,-2.6830741319032563,1.378585181006643,-2.0532833554996563,-0.33591651300488473,-0.9274695037744912,3.6934484884675446e-4,0.17783165890621927,1.8310684472739684,0.370326956572781,0.963230748695226
1.1508323120885244,0.4304115530075211,0.13605410135481869,0.52456446196419515,-1.508113627966418,0.9340189772274283,0.23124853479086982,-1.6405777564838873,-0.9060257721087511,-0.3681420882276168,0.5844277801213376,-0.8275681588166259,-0.9954764192731272,-1.043638198329761,0.9117388727662845,1.7061150023280538,-0.8720063721699157,-0.10403328276186943,1.6380694844804928,0.20738421328255802,-0.9936333560478792,1.7973492235751914e-4,-0.8554949818929191,-1.0869941797952039,-0.1532513952558564,0.5530342556922516,0.7192137509929967,0.44013506864568697,0.12378431054244658,1.5933676405252837,-1.5806472347890625,-0.7125285233130187,-0.4831461691540543,0.011594536053441639,-2.496651605797303,-0.06922304269894858,0.9358463397251787,0.2369407239906015,0.08088082776842888,0.1684865923426916,0.10620395875255083,-0.8563616221900722,0.9736312709740751,0.35170028233610057
-2.090918031266715,-0.4329148941793321,0.938940087145798,-1.3910897932291728,0.414233126331546,2.686756893569812,0.7049501510113412,0.8578915149743506,0.12008860038333698,0.3434164370692848,-0.2694437163592826,1.8075495759186198,0.09961463543224935,1.3674494066324852,0.2756062697095512,-1.4025027479024867,-2.4361690052258305,1.373019375256562,-1.5951738441199734,-2.9435396410632846,1.5339484423765921,0.008921302917821797,3.552874280168046,2.3740707153367002,2.000220294129264,-1.0170771518751633,-0.2671908573314246,0.2899291704317465,-1.516876107253281,-1.5806472347890625,3.591777780392999,-0.6827060034303596,-0.31513508167088566,1.4895991036418161,6.084277595456768,-1.942817878528669,2.152949411231362,0.27497881296247717,1.2712845367188514,-0.15371691648654431,-0.35301942719266227,-1.8838917201688832,-1.391104858297272,-1.707246370120691
0.12016657295369532,-0.182956198311721,-0.8120959969275167,0.34229162008409686,1.415720468837612,-2.9325781218081626,-0.7613806675065155,1.2717804203222236,0.9366157061286845,0.18367019432708398,-0.48553497389753103,-0.31285749554841463,1.0783982188194738,0.2215786272896424,-1.241152506457342,-0.980758536542508,2.662796192164114,-0.8386163266619575,-0.7455421051162402,1.8008986374290403,0.07084648534565874,-0.021324928718326773,-1.4819764656637864,-0.41613300230142364,-1.2059573150849598,0.061752306259603554,-0.6345834657730648,-0.7020546683048182,0.90774206461024,-0.7125285233130187,-0.6827060034303596,1.2873811833288364,0.7705515132668574,-1.0437737224580619,-1.360072820956845,1.4006015116039177,-2.544613944876542,-0.46110887234023623,-0.9651640406922826,-0.08827775002291344,0.11233804595133375,2.2958815951305938,-0.14101533053828716,0.7763621948354771
0.009988220609614781,-0.12233524033632746,-0.4734176337416013,0.16866579371629406,0.8848183789759005,-1.72917890896022,-0.4469686119120747,0.8086568046461268,0.5806840637195253,0.12771650154864567,-0.30387127542973646,-0.13806736459906851,0.6705598754853969,0.1777130214160553,-0.7552510558816974,-0.6425452700576757,1.5639684024993377,-0.47259826616333495,-0.5070836756828381,1.0253143680001986,0.08526157922447687,-0.014296550060571421,-0.8065418752062132,-0.18693445272913448,-0.682854345896201,0.0066091076782787425,-0.39909014258224296,-0.4222225770798339,0.5116641173844925,-0.4831461691540543,-0.31513508167088566,0.7705515132668574,0.46620498060256216,-0.6012903910985667,-0.6572014312836919,0.8026145831513981,-1.5013634012112513,-0.2749541142796137,-0.5523433899110151,-0.05508599732717708,0.05573626049185948,1.3553805474330896,-0.12700885331317907,0.42594608529784955
-0.6794697382987919,-0.008758996846728094,0.8087854255761291,-0.6263292910895936,-0.817509928020043,2.717528932471458,0.7040987777025874,-0.5932702759590744,-0.5856554818609054,-0.029875948467240517,0.23708860631482448,0.726379502742548,-0.6895248751048988,0.24530346107153,0.8974991199470348,0.23829572922698936,-2.456497591530892,0.9448158035462081,0.034959320577128465,-2.0449387028780484,0.40289985970590303,0.018475158597032845,2.0021760041395433,0.9606701597889096,1.3731571891263616,-0.3315364539406948,0.34293711367926205,0.5452162308074755,-1.0334032312255328,0.011594536053441639,1.4895991036418161,-1.0437737224580619,-0.6012903910985667,1.125084540235424,2.653001475325623,-1.483056959977228,2.299811136860957,0.38272453741263485,0.9971923836238982,0.007208639996292695,-0.17093410231830536,-2.0544705741623908,-0.30907904638572686,-1.0026745254440967
-3.503177850488991,-0.6836728889601857,1.6982670899698957,-2.382340318852663,0.43543042575501517,4.9726109024521845,1.3040479296594265,1.2065177726013105,0.03539086144650824,0.5455060683671896,-0.3678956964934867,3.0555564550753362,-0.015905973673267026,2.2327312853668726,0.6757364250994948,-2.158895862786491,-4.51979595062361,2.428267769177082,-2.520699851225557,-5.201795996494968,2.530404014208527,0.009090189719505619,6.167789190468443,4.0169066022146,3.5367331682618706,-1.7042242988582514,-0.33031992401430327,0.6039429012774477,-2.6830741319032563,-2.496651605797303,6.084277595456768,-1.360072820956845,-0.6572014312836919,2.653001475325623,10.354700096741917,-3.4876847931613266,4.026264771488098,0.540448554985379,2.286401554035514,-0.23966960916914098,-0.6153556736924685,-3.5298530809778277,-2.2847725642432133,-2.971707153044307
0.9130178783483507,-0.0179376159942328,-1.060437247245341,0.8662901588211739,1.1428282255974438,-3.6028008732988925,-0.9263706409046912,0.8233612210052726,0.8138281312611582,0.02929262731472752,-0.32035063404977066,-0.939742973689858,0.9023207932586267,-0.2749655834152376,-1.1950183520421531,-0.3454243576226216,3.316477004519677,-1.2478107920017298,-0.10200352453184919,2.6998016142223333,-0.5014983195300108,0.008683677415427207,-2.650540720186924,-1.23334131200193,-1.8280324524109104,0.4535481536292256,-0.4709526722183421,-0.7348110509392334,1.378585181006643,-0.06922304269894858,-1.942817878528669,1.4006015116039177,0.8026145831513981,-1.483056959977228,-3.4876847931613266,2.020915825575298,-3.095792585004224,-0.5154124430828898,-1.349377505636514,-0.017411177339961115,0.2556281574907942,2.725183333347704,0.3793951421469814,1.333490097002799
-0.756053069050046,0.23834736828083,1.7260401211926175,-1.0033661511591687,-2.535430107561083,6.078621908657469,1.5700909664779965,-2.144240818085802,-1.7171602587877934,-0.2553499944247634,0.8221275685414311,1.0185786731124689,-1.9566157035016822,-0.09669632212724796,2.349431929626678,1.456368161758465,-5.543786944469067,1.8798017339825102,1.0043790239279329,-4.060116449858869,0.25028452696104764,0.02483235596201157,3.6210040239145385,1.3435088367050294,2.7284881503267173,-0.3794328444224551,1.1079154994538025,1.3688155382485496,-2.0532833554996563,0.9358463397251787,2.152949411231362,-2.544613944876542,-1.5013634012112513,2.299811136860957,4.026264771488098,-3.095792585004224,5.250315218223893,0.9189460405565659,2.1041554006992285,0.11952277097836016,-0.3062698303542877,-4.6908383560451,-0.07740238188047187,-1.8617097364978963
-0.06317505049713522,0.06024994761118055,0.2954064606861421,-0.1350751994763513,-0.49555275262978316,1.061516781767137,0.2761479717668306,-0.4390064165205464,-0.32847360787867813,-0.06027078564765353,0.16656261780336226,0.12762494524970547,-0.37960532533349983,-0.0634344344720913,0.44220274885577127,0.3330060877282914,-0.9629090645300303,0.30973588404286945,0.24623319829640414,-0.663534454174493,-0.010883101172034912,0.006302237196715857,0.5586036292936818,0.1711465633168336,0.44548469539245467,-0.030337349254296254,0.22249817663625296,0.2503534640223745,-0.33591651300488473,0.2369407239906015,0.27497881296247717,-0.46110887234023623,-0.2749541142796137,0.38272453741263485,0.540448554985379,-0.5154124430828898,0.9189460405565659,0.16678179048548078,0.3530745809276721,0.029142661543150414,-0.04406396164174889,-0.8288189933979183,0.03657232624006938,-0.28932090751295453
-0.5806989586269654,0.021680194662376154,0.7217136573037,-0.5573422702071105,-0.7946513163568432,2.45167371246751,0.6361485556748941,-0.5933117250581749,-0.5632447440472492,-0.02576022170325917,0.24039427334942645,0.6192219201535957,-0.635066488526849,0.17219072055133114,0.8329366317303455,0.28079126141582456,-2.251065420767272,0.8465360922142072,0.09834187012765488,-1.8113443870899872,0.3113382920673446,0.0035758554817337867,1.764528682719303,0.8099085571207764,1.2264941042833093,-0.2881501559574689,0.3321727861039049,0.5082200663289429,-0.9274695037744912,0.08088082776842888,1.2712845367188514,-0.9651640406922826,-0.5523433899110151,0.9971923836238982,2.286401554035514,-1.349377505636514,2.1041554006992285,0.3530745809276721,0.9128162584036221,0.023076259070584006,-0.16525648410142935,-1.8699169737225254,-0.2350310074198621,-0.8919244368183222
0.11474375746043505,0.048549564328346825,0.021730150720240368,0.05374229452713683,-0.16017360546212758,0.11953182862938931,0.03412714608241685,-0.17742023378544547,-0.09746127625258498,-0.03269943647019024,0.07171209073429761,-0.07678992469677572,-0.10781844166653282,-0.10221668600172178,0.10686801764468967,0.18728679734673093,-0.11620380044048739,0.004356689350590775,0.16810058430110844,0.008401605468807777,-0.10624232488253973,0.0024237139158546405,-0.07151734348742997,-0.10488662670884419,-0.003869280964477365,0.05474752368831063,0.07683824728759753,0.05389281251592389,3.6934484884675446e-4,0.1684865923426916,-0.15371691648654431,-0.08827775002291344,-0.05508599732717708,0.007208639996292695,-0.23966960916914098,-0.017411177339961115,0.11952277097836016,0.029142661543150414,0.023076259070584006,0.025225065190906698,0.008011636365419388,-0.11649186746372156,0.09933421101352398,0.025102233928459283
0.21213208842878872,0.022042586229401476,-0.10937329117280009,0.16197992259646943,0.029704332205480573,-0.346472551816504,-0.08723629170387995,-0.02775051648357737,0.03411193765169922,-0.0329532148685269,0.008276675257606723,-0.17354050059747061,0.01596122392421432,-0.10164909123699674,-0.06553510593837787,0.09267644063851303,0.3437611694108826,-0.1558208859206688,0.10573820686161607,0.33270595354742893,-0.13083087508580446,0.014297285125398644,-0.3860999012490566,-0.22271621291010724,-0.23300450599120778,0.10723686045789117,-3.941363314924081e-4,-0.05489075191598951,0.17783165890621927,0.10620395875255083,-0.35301942719266227,0.11233804595133375,0.05573626049185948,-0.17093410231830536,-0.6153556736924685,0.2556281574907942,-0.3062698303542877,-0.04406396164174889,-0.16525648410142935,0.008011636365419388,0.05161237663828722,0.25115745335237055,0.11587702343006843,0.1908994975026212
0.6194694717229917,-0.20835901959559316,-1.5592119743773847,0.8410406315506848,2.2689415455444832,-5.470130632231371,-1.42825453615869,1.9450936923788533,1.5299771602783367,0.23876757122107495,-0.7593824801629941,-0.9013550770117033,1.7952817350646235,0.06815550220023416,-2.1433391366298995,-1.3556549823991584,4.942005330548072,-1.6923351302761969,-0.9006775783050717,3.6221596085621566,-0.1994586622089421,-0.05039588531261738,-3.2130967072644707,-1.1990109662031123,-2.42793216313241,0.3028006909352373,-1.0071263164544069,-1.2337381702461054,1.8310684472739684,-0.8563616221900722,-1.8838917201688832,2.2958815951305938,1.3553805474330896,-2.0544705741623908,-3.5298530809778277,2.725183333347704,-4.6908383560451,-0.8288189933979183,-1.8699169737225254,-0.11649186746372156,0.25115745335237055,4.243479979224104,0.056841759683727615,1.6470533081512473
0.9010079725541709,0.2649057779961704,-0.14416594945338848,0.5009619031108833,-0.6949663358487352,-0.19327841213025249,-0.057943297456198514,-0.840184813603275,-0.3912070505115048,-0.2209334319724781,0.290439074902237,-0.7140503982787253,-0.41851848270632247,-0.7109300368079171,0.3051818470709844,0.9786998219790667,0.16174237212360343,-0.3329009645934433,0.9967005006214996,0.7037076271156194,-0.7212511156992376,-0.0036374155332869243,-1.0927002381521906,-0.9391572874015891,-0.48310355057571486,0.4348183271932013,0.34472253924803564,0.11548179127526709,0.370326956572781,0.9736312709740751,-1.391104858297272,-0.14101533053828716,-0.12700885331317907,-0.30907904638572686,-2.2847725642432133,0.3793951421469814,-0.07740238188047187,0.03657232624006938,-0.2350310074198621,0.09933421101352398,0.11587702343006843,0.056841759683727615,0.6850876244690512,0.5002378432295668
0.8920207332706552,0.0972123837682696,-0.6906932909673327,0.6998058118182682,0.3920616599843721,-2.2159357474838854,-0.5759763467713529,0.15513029122586564,0.3228126722804013,-0.068281237736332,-0.08329102380778265,-0.8459754490436503,0.37335959712919886,-0.45312411491201493,-0.5896505444660294,0.18104733337655068,2.0253024339185877,-0.876693395038672,0.341612955173586,1.8813735572596388,-0.5856804091101173,-0.0065606734997961,-2.0035813862517164,-1.1081191010865847,-1.2738824222312954,0.43848213906294,-0.1392083414736548,-0.3915223281366735,0.963230748695226,0.35170028233610057,-1.707246370120691,0.7763621948354771,0.42594608529784955,-1.0026745254440967,-2.971707153044307,1.333490097002799,-1.8617097364978963,-0.28932090751295453,-0.8919244368183222,0.025102233928459283,0.1908994975026212,1.6470533081512473,0.5002378432295668,0.9917680016318404
