V1,V2,V3,V4,V5,V6,V7,V8,V9,V10,V11,V12,V13,V14,V15,V16,V17,V18,V19,V20,V21,V22,V23,V24,V25,V26,V27,V28,V29,V30,V31,V32,V33,V34,V35,V36,V37,V38,V39,V40,V41,V42,V43,V44
1.204115089665064,-0.17951508142957753,0.11381878069346259,0.42635631755242986,-0.11488520510953551,0.364107434595476,0.01939595032502367,-0.23698729060779258,-0.4355585843492276,-0.7389643836725712,-0.06985485486000007,0.18120222095789396,-0.2667415741334392,0.25229147249830514,-1.4138335507209965,0.3550346660782362,0.19476127584320857,-0.9704710592485849,-0.4229326977161476,0.26747443273436955,3.010133576982521,-0.05766676438642349,0.8037647890338697,-1.0790631535150055,1.1474464130035125,0.9603842337677292,-0.36500693586325245,-1.3602204193270329,0.4493316839468203,-0.9216735204610038,1.135123454094705,-0.5793553744418668,0.1438739268535257,1.0039154434918343,-0.06815930466539682,-0.5380933051926945,-0.4784481011032494,-0.3797846134219669,1.8517793589295708,-0.26827890824671563,0.981966461458299,0.4639654038561256,-0.552665640753843,0.1464355477680304
-0.17951508142957753,0.3716869895451912,-0.09371478650504211,-0.019039308458806827,0.1062052873910535,-0.2962241721854842,0.3208158198003042,0.08376714515808412,0.22291264207189404,0.4307881112866031,0.23019030223319548,0.19429234180700022,0.20530202258864855,0.22357007775492815,0.04501576019014085,0.20394011291185332,-0.2265787638819114,0.3656494720380073,-0.3155541007509066,0.3865917732505639,-0.3731946399577436,-0.03754448303665511,-0.042603355328432624,0.012361881348515737,0.13615517205674435,-0.2525396672643289,-0.0013625249048425786,-0.22941046552328975,-0.43950129475515,0.14923704480786193,0.04611175858897586,-0.3453275956909172,0.25048405778446614,0.013053373183816401,0.2402036558290368,-0.16964910734847743,0.1898886537101529,0.09923067208538176,0.6947647785326387,0.2890111454110484,-0.17966382996081243,-0.4183687607605346,-0.05959165439739278,-0.04335633271569567
0.11381878069346259,-0.09371478650504211,0.38653557749446865,0.20362271488616152,-0.012917797529343097,0.11761772538457127,-0.10488210831575462,0.012702527697141901,-0.084074406610412,-0.36358092898834554,-0.08223221093804141,0.08938465442166021,0.025830580490196407,0.08113887887752927,0.229857805827041,-0.15490471192655547,-0.0955841143697255,0.07466714821172737,0.13080435382711403,-0.20905368347264425,-0.19515524656634112,0.15074557052259446,0.03030693302905824,-0.017504410352425285,-0.23246876754936396,0.1083655033177253,0.23200721026033727,0.5711855047416915,0.18384698533272692,0.028025822637333487,-0.06923861783895673,0.07277771310218072,-0.04823185428856547,-0.23909021433067623,0.11255383875377376,0.18408521132938757,-0.34619929563393814,0.24888368641221859,-0.18492299034437856,-0.006099725729354559,-0.06509443984867674,-0.27591039805965695,0.27643179657603284,-0.3186875437724092
0.42635631755242986,-0.019039308458806827,0.20362271488616152,0.5115756638869495,0.028938790671639993,-0.05149650612201353,0.12546343349301287,0.005720781242618102,-0.0845327333148293,-0.20623848011473164,-0.011553312656727852,0.24486399770546774,0.11051287330618773,0.2217050001580799,-0.20480870476695834,0.0502665298784424,-0.06263794325007725,-0.027322103137678615,-0.1752267649152009,0.07407206167586294,0.7805388308481883,0.13732436966852232,0.1694673757606069,-0.36416797934911166,0.2488467701705785,0.2634295665928847,0.004894302272770942,-0.1559480059430033,0.06479832501935498,-0.16380021056985414,0.27530824654615077,-0.44572246976132346,0.08325089485804055,0.16469710623968928,0.05620076594300026,-0.10917853669626906,-0.33990676336116293,0.1479219400427049,0.8930452174182556,0.06712599762134717,0.2564912692549268,-0.03617748783409426,-0.04423208828752383,-0.2035478915809356
-0.11488520510953551,0.1062052873910535,-0.012917797529343097,0.028938790671639993,0.30249829120622906,-0.06761463390780116,0.12643703064521417,0.18909070946407033,0.1791339757408191,0.3402308970028634,0.21309374446981846,0.13114479926936976,0.19457688937802828,0.37617753533843135,0.32976403121741893,0.32233510819032246,-0.15580824368569254,0.29582429465251414,-0.2067640965228828,0.2251106918889332,-0.3517419548613717,-0.08398968523931154,0.24328732803092817,0.0814551231815458,0.02796196359507965,0.09081952401166626,0.058629308823444595,0.42591863878412745,-0.21430322657954412,0.142505879352558,-0.1404539650770653,-0.12316639092945196,-0.03160699098992862,-0.4748743758763246,0.1307327592323654,-0.09439790286976366,-0.09642040201828773,0.2069191575464327,0.14077396000456238,0.31850873294971904,-0.18157422758248004,-0.40133217541646343,0.0843153882533558,-0.1348772756282058
0.364107434595476,-0.2962241721854842,0.11761772538457127,-0.05149650612201353,-0.06761463390780116,0.6347724095786588,-0.2581228555046191,0.030189255723253754,-0.24764506551229665,-0.5009092910357382,-0.05099882804022083,-0.16796615763976255,-0.34038136762299986,0.054393172495814095,-0.31606169308103743,0.18366241049809043,0.15485674823865248,-0.5778432972541656,0.16006118826228585,-0.21742137908189849,0.9676025650551098,-0.14618989519292874,0.4367078697450877,-0.14627982699086178,0.30637787643986436,0.5475116165577553,-0.0733329106537952,-0.036025937113673995,0.47737408309926904,-0.41726158461119023,0.3309071578173404,0.3119971808310423,-0.23602027960497488,0.10717473803285188,-0.08072122516431933,-0.17261384167126845,-0.09493697745534171,-0.0776152224096455,-0.2608424555215909,-0.2194008051951386,0.26775672969873315,0.2588731807807497,-0.11559652093907846,0.06217234116744294
0.01939595032502367,0.3208158198003042,-0.10488210831575462,0.12546343349301287,0.12643703064521417,-0.2581228555046191,0.3916601691152452,0.07498926261950764,0.1452452725270429,0.36247701223068185,0.20057094425324362,0.2985571172755153,0.14594945324381908,0.3275525381180496,-0.09240767507279699,0.2913954705503157,-0.23915088335950335,0.24384096973107444,-0.3582298824475092,0.40622695511836876,0.18456715986019395,-0.0034268366563714936,0.12962549575434762,-0.21773401533001902,0.37543592161717365,-0.10378793669431517,-0.036352063816420276,-0.35619258051021624,-0.47855286052193563,0.01574612644012013,0.22599700398179,-0.580242826231238,0.2229565854287378,0.09566094778269206,0.2867355903113982,-0.32741620096478397,0.034206598794220645,0.11444412342379638,1.1338354532013968,0.285802415738648,0.07762356809936782,-0.34467103050813896,-0.1896440577591788,-0.04979035900243508
-0.23698729060779258,0.08376714515808412,0.012702527697141901,0.005720781242618102,0.18909070946407033,0.030189255723253754,0.07498926261950764,0.47076255598336536,0.15335291349513275,0.1610973172118873,0.14878253315106352,0.09493015583746243,-0.08573190917155975,0.3298289226624614,0.5815608747656491,0.21380978320076965,-0.04852041051717176,0.1828309648683793,0.28192179127390604,0.04669296281618284,-0.5910476758310066,-0.048340069987826015,-0.048541670636849735,0.12191686133597492,-0.15026760468946024,-0.14611130183785673,0.21580301098292518,0.7673636975038373,-0.24675133724814494,0.12104164261340615,-0.2169117102787876,0.05967758101517379,-0.1519347617054178,-0.7171926410025264,0.18296813658644104,-0.1729850037791472,-0.212408150625685,0.49305609687888424,-0.24527400112118108,0.22042933129385936,-0.06957030076188647,-0.3113933483580925,0.03912464276371534,-0.16231545318560356
-0.4355585843492276,0.22291264207189404,-0.084074406610412,-0.0845327333148293,0.1791339757408191,-0.24764506551229665,0.1452452725270429,0.15335291349513275,0.2991082750339655,0.5316073637127938,0.21496867536010061,0.039739689864733765,0.2792326855321366,0.12985309914553791,0.5053897457483422,0.08905255767330607,-0.16300311671602014,0.5371373704210447,-0.1326414948735572,0.16269143449073611,-1.097098737488637,-0.05141684935575962,-0.16770578483357676,0.39375542257921337,-0.2821116251453505,-0.31495640889261667,0.07557288836404202,0.37541923126348936,-0.30802949231898596,0.3771031249241402,-0.3647316306478996,0.01667687902689292,0.05556381102998071,-0.39095740903869564,0.08608248996227133,0.08446974869232757,0.241419960195432,0.16333340175373892,-0.24355766290245,0.29711781743171484,-0.4661468177012345,-0.39474737490026657,0.16610325458524502,-0.08583156088842925
-0.7389643836725712,0.4307881112866031,-0.36358092898834554,-0.20623848011473164,0.3402308970028634,-0.5009092910357382,0.36247701223068185,0.1610973172118873,0.5316073637127938,1.5162026898258858,0.5970186723595531,0.05109545680121866,0.7057816796222942,0.3387355006061393,0.6923552788961788,0.4333713278323664,-0.3853591237559883,1.1730191781328827,-0.7101503107917447,0.5111281593404571,-1.6798285048395205,-0.17526472860136394,0.021730449353128088,0.8553276181500932,-0.2811084675301745,-0.44703480480833874,-0.23147938676137705,0.04622956253310292,-0.524326046369646,0.5385162339347104,-0.616614116291337,-0.16182957594718167,0.14515554909578515,-0.40297916324196614,0.010073192778451109,-0.029401707966040923,0.9567120053488665,-0.0654388008937508,-0.06551561407615901,0.7536474221271694,-0.9954808374175106,-0.63126048581122,0.05829648131117849,0.04398570331002185
-0.06985485486000007,0.23019030223319548,-0.08223221093804141,-0.011553312656727852,0.21309374446981846,-0.05099882804022083,0.20057094425324362,0.14878253315106352,0.21496867536010061,0.5970186723595531,0.43820850312574605,0.11340417732616906,0.32169527454472774,0.4263500805191972,0.06305009638845245,0.47551150828588845,-0.19678567035899447,0.41791307574223285,-0.5310241794670625,0.3900850008691462,-0.12287718937041581,-0.1934340720027626,0.3301286601248076,0.21725543371917477,0.1884834230522756,0.0880468911830742,-0.17997987309330946,-0.18522415929140504,-0.14172500216183812,0.03343112054653438,0.010162716035445602,-0.14479947197520193,0.1012355829731226,-0.07636372613850795,0.06165942038233961,-0.2523020211032752,0.3766990840489353,-0.04455287153176256,0.4657266045672892,0.41260524190521114,-0.36600288597602304,-0.40474663199409805,-0.09197939841738319,-0.026412120199704542
0.18120222095789396,0.19429234180700022,0.08938465442166021,0.24486399770546774,0.13114479926936976,-0.16796615763976255,0.2985571172755153,0.09493015583746243,0.039739689864733765,0.05109545680121866,0.11340417732616906,0.414949933600198,0.06430471619829811,0.40657388269975214,0.014647555831284695,0.20402711876510093,-0.21900484849869817,0.14976602193884014,-0.1812629186799579,0.24596532560724613,0.4307312580594964,0.07299123364565396,0.21990661048964813,-0.382142502529317,0.30212012706031177,0.0030922005678804456,0.10002416397107738,0.04791314692801679,-0.3970002537727571,-0.01782372349233838,0.24424712725093833,-0.5752306705470104,0.11576320003502427,-0.09661266248011295,0.3512279405928024,-0.315101135713475,-0.37791308540196494,0.23352362985882344,1.116549331975109,0.2026035959414502,0.25492493313285874,-0.4117391445181177,-0.11679624262059027,-0.21290741069699978
-0.2667415741334392,0.20530202258864855,0.025830580490196407,0.11051287330618773,0.19457688937802828,-0.34038136762299986,0.14594945324381908,-0.08573190917155975,0.2792326855321366,0.7057816796222942,0.32169527454472774,0.06430471619829811,0.684965261805818,0.15447648802680608,0.29990387594900364,0.10227960604422064,-0.2743111415339984,0.8284300941953353,-0.6322557014596061,0.23048063533740698,-0.9315248995749225,-0.028800823228768077,0.018015769049280275,0.522070500554722,-0.27364437628522237,-0.10005555654830216,-0.12454692364869449,-0.014045806117806925,-0.05236262411974415,0.3815576256271443,-0.36175012672848766,-0.08314866639477507,0.1770993393609506,-0.05062061973849667,-0.08416363973720496,0.2408103901267502,0.5304229409510957,-0.11347349636357769,0.05070843468596391,0.4378772452907559,-0.7621914177200882,-0.4107627863093011,0.25527090473241315,-0.14761056962165106
0.25229147249830514,0.22357007775492815,0.08113887887752927,0.2217050001580799,0.37617753533843135,0.054393172495814095,0.3275525381180496,0.3298289226624614,0.12985309914553791,0.3387355006061393,0.4263500805191972,0.40657388269975214,0.15447648802680608,0.8900786888151967,0.09428238654569318,0.7538482828677516,-0.29871433682475906,0.2027935824930438,-0.4786535879857895,0.5296441838720334,0.531366844251762,-0.1350939392386319,0.7362082235431379,-0.2794968616681717,0.5238126315567578,0.4027923251085959,-0.0015679516130660057,0.19666810607244997,-0.297189548882083,-0.17550005855012427,0.2679378518105646,-0.5009671520061534,0.026754902412122476,-0.4353704951644122,0.37111189725943095,-0.5702366154597894,-0.3048147945846137,0.3183362488332137,1.1824924559583578,0.5319573149688815,0.05045819363380172,-0.6908377532210518,-0.1631126402596012,-0.24263614704721329
-1.4138335507209965,0.04501576019014085,0.229857805827041,-0.20480870476695834,0.32976403121741893,-0.31606169308103743,-0.09240767507279699,0.5815608747656491,0.5053897457483422,0.6923552788961788,0.06305009638845245,0.014647555831284695,0.29990387594900364,0.09428238654569318,2.505277139576898,-0.4211866225405869,-0.36557327099799153,1.348650173481902,0.8631347218050551,-0.5619385146270164,-4.016277442840629,0.2368546618945351,-0.7594266283206826,1.270473004831912,-1.7310239204655185,-1.0363961595883409,0.8200793385175008,3.0458418023532223,-0.5548516001522086,1.229588223582752,-1.6805313539501114,0.6732751801269455,-0.47777980300342576,-2.1696359309334103,0.29385667294981715,0.670301816972048,-0.19417242971063461,1.0507818648293081,-2.5929738778271374,0.48960637808053925,-1.138455973802958,-1.0494995694314988,0.9513607823687813,-0.643030990901495
0.3550346660782362,0.20394011291185332,-0.15490471192655547,0.0502665298784424,0.32233510819032246,0.18366241049809043,0.2913954705503157,0.21380978320076965,0.08905255767330607,0.4333713278323664,0.47551150828588845,0.20402711876510093,0.10227960604422064,0.7538482828677516,-0.4211866225405869,0.9201108477242714,-0.17101957422397676,-0.06586400350219437,-0.6923029264237559,0.6615182352790868,1.0988317997161954,-0.3147137140497039,0.8689968631975807,-0.2942508513461204,0.8607901011353435,0.5905354282518323,-0.29655632145135735,-0.5751379285350472,-0.13780235509101385,-0.392074681748849,0.5089929147321216,-0.4311085801337699,0.08380857764222772,0.04317062931399943,0.17210691443576104,-0.6855842765670824,0.10458411699742802,-0.04322504766927595,1.3057048588038191,0.44071490625872617,0.10346502116899624,-0.32758774613621255,-0.3902622279730823,0.06987591920291426
0.19476127584320857,-0.2265787638819114,-0.0955841143697255,-0.06263794325007725,-0.15580824368569254,0.15485674823865248,-0.23915088335950335,-0.04852041051717176,-0.16300311671602014,-0.3853591237559883,-0.19678567035899447,-0.21900484849869817,-0.2743111415339984,-0.29871433682475906,-0.36557327099799153,-0.17101957422397676,0.37087058458734323,-0.5188440080078245,0.2772797278529753,-0.17762913941412817,0.6457006171688943,-0.049189421054551714,-0.1356852331501456,-0.13470734835288736,0.03532431605498873,0.12359845789723842,-0.11117552741161213,-0.3130526957367044,0.33373955824749785,-0.2242309688272498,0.12864810276535998,0.2872174411693332,-0.10006067262364736,0.2784052584022532,-0.2951270217336494,0.05591168443974183,-0.07189204185035089,-0.223076914767541,-0.3612741623363942,-0.36260713277587714,0.30781668060457035,0.6126982940051748,-0.14435988686432996,0.2425723883032687
-0.9704710592485849,0.3656494720380073,0.07466714821172737,-0.027322103137678615,0.29582429465251414,-0.5778432972541656,0.24384096973107444,0.1828309648683793,0.5371373704210447,1.1730191781328827,0.41791307574223285,0.14976602193884014,0.8284300941953353,0.2027935824930438,1.348650173481902,-0.06586400350219437,-0.5188440080078245,1.5848694332148239,-0.33961219979061075,0.06157877242241739,-2.776927943444246,0.09464274256172925,-0.41400124649655834,1.1112165347664518,-0.9673517039666847,-0.7574841619368953,0.19616272641381863,1.0484641813276663,-0.4877146592181492,0.9372038354739441,-1.029743507443682,0.06218991510022181,0.08116728496393286,-0.8284282371139676,0.14758383997763833,0.4478944168476013,0.6601792125984561,0.3214243681267242,-0.7672584326693686,0.7106610604435242,-1.2846242328307351,-0.9503416507063007,0.5641847132200676,-0.3969877155390033
-0.4229326977161476,-0.3155541007509066,0.13080435382711403,-0.1752267649152009,-0.2067640965228828,0.16006118826228585,-0.3582298824475092,0.28192179127390604,-0.1326414948735572,-0.7101503107917447,-0.5310241794670625,-0.1812629186799579,-0.6322557014596061,-0.4786535879857895,0.8631347218050551,-0.6923029264237559,0.2772797278529753,-0.33961219979061075,1.37229778727169,-0.782697287031961,-1.0550152089522573,0.23491255810104225,-0.7585545448277994,0.0915969573669579,-0.8036124705227612,-0.5407394181268619,0.5879991279532467,1.5029141568301498,-0.03479692655958997,0.2681888759825224,-0.5254121903375717,0.6095388444377194,-0.43965200023048706,-0.8481574323597114,0.06076846930583022,0.33112673601401477,-0.6949474339235623,0.5869271705066506,-1.7318333159835664,-0.48241165570780953,0.30029524968653337,0.2685102447961582,0.29550587545686013,-0.1350527744939726
0.26747443273436955,0.3865917732505639,-0.20905368347264425,0.07407206167586294,0.2251106918889332,-0.21742137908189849,0.40622695511836876,0.04669296281618284,0.16269143449073611,0.5111281593404571,0.3900850008691462,0.24596532560724613,0.23048063533740698,0.5296441838720334,-0.5619385146270164,0.6615182352790868,-0.17762913941412817,0.06157877242241739,-0.782697287031961,0.7971206596798536,0.8064474834269122,-0.19033896911961828,0.5009265224281758,-0.36208026208903404,0.7475703320079301,0.2651339142902424,-0.2930242203948112,-0.9330429904111006,-0.32390568935682534,-0.2515696032112298,0.4751156277782382,-0.6309231453115439,0.3435654668528195,0.3181769770085971,0.16671112429537616,-0.5102400419137308,0.14764269738769273,-0.13427855889647577,1.6006316604196584,0.39919333219894404,0.07372287212030583,-0.32542697085323846,-0.3564994213420227,0.11818231600740929
3.010133576982521,-0.3731946399577436,-0.19515524656634112,0.7805388308481883,-0.3517419548613717,0.9676025650551098,0.18456715986019395,-0.5910476758310066,-1.097098737488637,-1.6798285048395205,-0.12287718937041581,0.4307312580594964,-0.9315248995749225,0.531366844251762,-4.016277442840629,1.0988317997161954,0.6457006171688943,-2.776927943444246,-1.0550152089522573,0.8064474834269122,8.43841203994447,-0.38836490033830895,2.0493096494321414,-2.893476168209767,3.41281773780361,2.3066254429796174,-1.1850934698630387,-4.2514459463746554,0.8485451191989922,-2.462015564340361,3.2282074737483675,-1.5886071236942614,0.3579431448237356,2.998079066050287,-0.18484663605109325,-1.8027036646804957,-0.84927084607851,-1.2756819686321517,5.1611746017237765,-0.8420760163573748,2.8566715871136052,1.6415477609017644,-1.9033792811416168,0.7849791176732486
-0.05766676438642349,-0.03754448303665511,0.15074557052259446,0.13732436966852232,-0.08398968523931154,-0.14618989519292874,-0.0034268366563714936,-0.048340069987826015,-0.05141684935575962,-0.17526472860136394,-0.1934340720027626,0.07299123364565396,-0.028800823228768077,-0.1350939392386319,0.2368546618945351,-0.3147137140497039,-0.049189421054551714,0.09464274256172925,0.23491255810104225,-0.19033896911961828,-0.38836490033830895,0.23620087234507697,-0.26733231950786435,-0.04567708682797221,-0.27404501794650604,-0.2107207735310026,0.1994351042145746,0.35422521968362075,-0.07538231318534133,0.12362461469312368,-0.16112730122863042,-0.07749755543894374,0.0018621214616514983,-0.1320744182306492,0.07939185995318909,0.19787238675036245,-0.26539891403812577,0.18857667855041604,-0.14142196997985884,-0.06409567778131484,0.05849074774469009,-0.06393273007866877,0.1620392903421322,-0.15555582244235325
0.8037647890338697,-0.042603355328432624,0.03030693302905824,0.1694673757606069,0.24328732803092817,0.4367078697450877,0.12962549575434762,-0.048541670636849735,-0.16770578483357676,0.021730449353128088,0.3301286601248076,0.21990661048964813,0.018015769049280275,0.7362082235431379,-0.7594266283206826,0.8689968631975807,-0.1356852331501456,-0.41400124649655834,-0.7585545448277994,0.5009265224281758,2.0493096494321414,-0.26733231950786435,1.3014051900583632,-0.5938821441501592,1.055490264880925,1.0284041692044343,-0.36681583317275873,-0.669709956223455,0.20502929532041814,-0.6693877234080154,0.7648389505487229,-0.5172663529576517,0.002512303896353442,0.2775844772284359,0.11408455396603727,-0.6765546304268979,-0.1925285657615224,-0.2495167373285351,1.4965182242161932,0.24623675111231175,0.4076823341918747,-0.22811160122213026,-0.41181221602155443,0.03487939415524565
-1.0790631535150055,0.012361881348515737,-0.017504410352425285,-0.36416797934911166,0.0814551231815458,-0.14627982699086178,-0.21773401533001902,0.12191686133597492,0.39375542257921337,0.8553276181500932,0.21725543371917477,-0.382142502529317,0.522070500554722,-0.2794968616681717,1.270473004831912,-0.2942508513461204,-0.13470734835288736,1.1112165347664518,0.0915969573669579,-0.36208026208903404,-2.893476168209767,-0.04567708682797221,-0.5938821441501592,1.482659230232278,-1.253942959771659,-0.6382203161174121,0.09390232145016224,1.0648949104053143,0.11419971279607333,0.8209601341900397,-1.2011882018674258,0.9037223044635636,-0.1939390456601588,-0.7267233056255792,-0.2742859554948031,0.7212057052714813,0.9860510582989048,0.044694974197934945,-2.2649959721109907,0.3186604912071225,-1.3995942263439112,-0.2926628603649402,0.6192556638644684,-0.09869169213314638
1.1474464130035125,0.13615517205674435,-0.23246876754936396,0.2488467701705785,0.02796196359507965,0.30637787643986436,0.37543592161717365,-0.15026760468946024,-0.2821116251453505,-0.2811084675301745,0.1884834230522756,0.30212012706031177,-0.27364437628522237,0.5238126315567578,-1.7310239204655185,0.8607901011353435,0.03532431605498873,-0.9673517039666847,-0.8036124705227612,0.7475703320079301,3.41281773780361,-0.27404501794650604,1.055490264880925,-1.253942959771659,1.781450593936017,0.9537334696870637,-0.5465334931632008,-2.0436221971062323,-0.027622354353041983,-1.0109382991214815,1.493763183616313,-0.9781155648620875,0.3169272995175678,1.234193292890851,0.16429251273290968,-1.0330836183522567,-0.14759329612395933,-0.4453073636031217,2.8380148612890035,-0.0419391554792907,1.0926532016455641,0.32783709355524704,-0.9092600280554313,0.34624968962419383
0.9603842337677292,-0.2525396672643289,0.1083655033177253,0.2634295665928847,0.09081952401166626,0.5475116165577553,-0.10378793669431517,-0.14611130183785673,-0.31495640889261667,-0.44703480480833874,0.0880468911830742,0.0030922005678804456,-0.10005555654830216,0.4027923251085959,-1.0363961595883409,0.5905354282518323,0.12359845789723842,-0.7574841619368953,-0.5407394181268619,0.2651339142902424,2.3066254429796174,-0.2107207735310026,1.0284041692044343,-0.6382203161174121,0.9537334696870637,1.1635618929191343,-0.36969840487311334,-0.86161146591961,0.6149886971542916,-0.7779291921407463,0.8081551212156889,-0.19391916950426724,-0.028576607572111813,0.5546061051941585,-0.1536828554065514,-0.4165449766929555,-0.2373206884133507,-0.34234561305306893,1.0655642063628281,-0.0457450375382463,0.4992377930830221,0.2876894191336332,-0.3252590476240786,0.10986568279704396
-0.36500693586325245,-0.0013625249048425786,0.23200721026033727,0.004894302272770942,0.058629308823444595,-0.0733329106537952,-0.036352063816420276,0.21580301098292518,0.07557288836404202,-0.23147938676137705,-0.17997987309330946,0.10002416397107738,-0.12454692364869449,-0.0015679516130660057,0.8200793385175008,-0.29655632145135735,-0.11117552741161213,0.19616272641381863,0.5879991279532467,-0.2930242203948112,-1.1850934698630387,0.1994351042145746,-0.36681583317275873,0.09390232145016224,-0.5465334931632008,-0.36969840487311334,0.5187105946114929,1.2862470360315137,-0.273072783667102,0.3737628423612673,-0.4283264471281679,0.15482550725685626,-0.15537400040173965,-0.8194274170659511,0.2893473842938134,0.2265461565711337,-0.5462885708564881,0.5953002337287427,-0.7291850394625222,0.001827775061237282,-0.06356936137113428,-0.4007437346563073,0.3852750163851532,-0.3479211299890231
-1.3602204193270329,-0.22941046552328975,0.5711855047416915,-0.1559480059430033,0.42591863878412745,-0.036025937113673995,-0.35619258051021624,0.7673636975038373,0.37541923126348936,0.04622956253310292,-0.18522415929140504,0.04791314692801679,-0.014045806117806925,0.19666810607244997,3.0458418023532223,-0.5751379285350472,-0.3130526957367044,1.0484641813276663,1.5029141568301498,-0.9330429904111006,-4.2514459463746554,0.35422521968362075,-0.669709956223455,1.0648949104053143,-2.0436221971062323,-0.86161146591961,1.2862470360315137,4.433019013555359,-0.44947140731058843,1.271172681407729,-1.8845319505594602,0.9471221169218592,-0.808997082227834,-3.030015013530085,0.46617098443451427,0.7962038507222607,-1.1374458688863596,1.5570555331033316,-3.372908106407573,0.32775760861302355,-0.8726964190948461,-1.2861191393479756,1.2832999825008684,-0.975795121156932
0.4493316839468203,-0.43950129475515,0.18384698533272692,0.06479832501935498,-0.21430322657954412,0.47737408309926904,-0.47855286052193563,-0.24675133724814494,-0.30802949231898596,-0.524326046369646,-0.14172500216183812,-0.3970002537727571,-0.05236262411974415,-0.297189548882083,-0.5548516001522086,-0.13780235509101385,0.33373955824749785,-0.4877146592181492,-0.03479692655958997,-0.32390568935682534,0.8485451191989922,-0.07538231318534133,0.20502929532041814,0.11419971279607333,-0.027622354353041983,0.6149886971542916,-0.273072783667102,-0.44947140731058843,0.992656007402895,-0.3971710615157015,0.1375258670106575,0.5898358979106475,-0.14611825794179853,0.5184386024934108,-0.5362616425643216,0.2790930473746148,0.2172273841146637,-0.4590039179064905,-0.7148282833803264,-0.3272158166993395,-0.059832869658980624,0.656285383109367,0.04917526482464698,0.15441089230029523
-0.9216735204610038,0.14923704480786193,0.028025822637333487,-0.16380021056985414,0.142505879352558,-0.41726158461119023,0.01574612644012013,0.12104164261340615,0.3771031249241402,0.5385162339347104,0.03343112054653438,-0.01782372349233838,0.3815576256271443,-0.17550005855012427,1.229588223582752,-0.392074681748849,-0.2242309688272498,0.9372038354739441,0.2681888759825224,-0.2515696032112298,-2.462015564340361,0.12362461469312368,-0.6693877234080154,0.8209601341900397,-1.0109382991214815,-0.7779291921407463,0.3737628423612673,1.271172681407729,-0.3971710615157015,0.8807781268020822,-0.9572360555352768,0.33248500672988823,-0.07897014511063827,-0.8471963514075794,0.09181749747628255,0.543751892289281,0.21160379195781628,0.359034490498383,-1.3164349672090951,0.23939976245348002,-0.8162928606624986,-0.4958738427575725,0.5766040209836966,-0.2763458054555732
1.135123454094705,0.04611175858897586,-0.06923861783895673,0.27530824654615077,-0.1404539650770653,0.3309071578173404,0.22599700398179,-0.2169117102787876,-0.3647316306478996,-0.616614116291337,0.010162716035445602,0.24424712725093833,-0.36175012672848766,0.2679378518105646,-1.6805313539501114,0.5089929147321216,0.12864810276535998,-1.029743507443682,-0.5254121903375717,0.4751156277782382,3.2282074737483675,-0.16112730122863042,0.7648389505487229,-1.2011882018674258,1.493763183616313,0.8081551212156889,-0.4283264471281679,-1.8845319505594602,0.1375258670106575,-0.9572360555352768,1.4212134666407985,-0.7850751926791979,0.3033022241776812,1.3068612190582085,0.1156360726393224,-0.7941230214847906,-0.2355538975657405,-0.42579044430968105,2.433389948399609,-0.26137285144197037,1.0976527623356689,0.4407503125726499,-0.7728425635249396,0.28372125027830414
-0.5793553744418668,-0.3453275956909172,0.07277771310218072,-0.44572246976132346,-0.12316639092945196,0.3119971808310423,-0.580242826231238,0.05967758101517379,0.01667687902689292,-0.16182957594718167,-0.14479947197520193,-0.5752306705470104,-0.08314866639477507,-0.5009671520061534,0.6732751801269455,-0.4311085801337699,0.2872174411693332,0.06218991510022181,0.6095388444377194,-0.6309231453115439,-1.5886071236942614,-0.07749755543894374,-0.5172663529576517,0.9037223044635636,-0.9781155648620875,-0.19391916950426724,0.15482550725685626,0.9471221169218592,0.5898358979106475,0.33248500672988823,-0.7850751926791979,1.30673578525879,-0.3827116809800797,-0.5148586960783696,-0.4219930050365599,0.6411792558730466,0.3684435590118937,-0.05085089436949197,-2.534252178959481,-0.23275582704309042,-0.6996211141952103,0.34184864333108317,0.4811211008687132,0.05482712387696986
0.1438739268535257,0.25048405778446614,-0.04823185428856547,0.08325089485804055,-0.03160699098992862,-0.23602027960497488,0.2229565854287378,-0.1519347617054178,0.05556381102998071,0.14515554909578515,0.1012355829731226,0.11576320003502427,0.1770993393609506,0.026754902412122476,-0.47777980300342576,0.08380857764222772,-0.10006067262364736,0.08116728496393286,-0.43965200023048706,0.3435654668528195,0.3579431448237356,0.0018621214616514983,0.002512303896353442,-0.1939390456601588,0.3169272995175678,-0.028576607572111813,-0.15537400040173965,-0.808997082227834,-0.14611825794179853,-0.07897014511063827,0.3033022241776812,-0.3827116809800797,0.33924682578088217,0.5333690793182634,0.06309053997573058,-0.08905979057570863,0.20784182898669168,-0.17950867578500296,0.9500270130995847,0.08307627511412989,0.013453546118303945,-0.08994969469794903,-0.13484385898001033,0.0647855280626074
1.0039154434918343,0.013053373183816401,-0.23909021433067623,0.16469710623968928,-0.4748743758763246,0.10717473803285188,0.09566094778269206,-0.7171926410025264,-0.39095740903869564,-0.40297916324196614,-0.07636372613850795,-0.09661266248011295,-0.05062061973849667,-0.4353704951644122,-2.1696359309334103,0.04317062931399943,0.2784052584022532,-0.8284282371139676,-0.8481574323597114,0.3181769770085971,2.998079066050287,-0.1320744182306492,0.2775844772284359,-0.7267233056255792,1.234193292890851,0.5546061051941585,-0.8194274170659511,-3.030015013530085,0.5184386024934108,-0.8471963514075794,1.3068612190582085,-0.5148586960783696,0.5333690793182634,2.3215314654098727,-0.3909547412939831,-0.3184228576861154,0.7444128388696722,-1.1564278611560173,2.023825466010384,-0.484004389331768,0.6582143663995832,1.071760478845448,-0.7640312942401074,0.62156138065116
-0.06815930466539682,0.2402036558290368,0.11255383875377376,0.05620076594300026,0.1307327592323654,-0.08072122516431933,0.2867355903113982,0.18296813658644104,0.08608248996227133,0.010073192778451109,0.06165942038233961,0.3512279405928024,-0.08416363973720496,0.37111189725943095,0.29385667294981715,0.17210691443576104,-0.2951270217336494,0.14758383997763833,0.06076846930583022,0.16671112429537616,-0.18484663605109325,0.07939185995318909,0.11408455396603727,-0.2742859554948031,0.16429251273290968,-0.1536828554065514,0.2893473842938134,0.46617098443451427,-0.5362616425643216,0.09181749747628255,0.1156360726393224,-0.4219930050365599,0.06309053997573058,-0.3909547412939831,0.5221452193396878,-0.27520281062503504,-0.41117802990308416,0.4486641434756972,0.6820522287474379,0.20018939643262035,0.1728059611989646,-0.6092318318856272,0.0094434945342319,-0.26333567110132994
-0.5380933051926945,-0.16964910734847743,0.18408521132938757,-0.10917853669626906,-0.09439790286976366,-0.17261384167126845,-0.32741620096478397,-0.1729850037791472,0.08446974869232757,-0.029401707966040923,-0.2523020211032752,-0.315101135713475,0.2408103901267502,-0.5702366154597894,0.670301816972048,-0.6855842765670824,0.05591168443974183,0.4478944168476013,0.33112673601401477,-0.5102400419137308,-1.8027036646804957,0.19787238675036245,-0.6765546304268979,0.7212057052714813,-1.0330836183522567,-0.4165449766929555,0.2265461565711337,0.7962038507222607,0.2790930473746148,0.543751892289281,-0.7941230214847906,0.6411792558730466,-0.08905979057570863,-0.3184228576861154,-0.27520281062503504,0.872758620905855,0.21485821733932914,0.019233518007537243,-1.7216627095277988,-0.13446791065766073,-0.6686711510923797,0.05112922185136409,0.6213822845398417,-0.1263671151611013
-0.4784481011032494,0.1898886537101529,-0.34619929563393814,-0.33990676336116293,-0.09642040201828773,-0.09493697745534171,0.034206598794220645,-0.212408150625685,0.241419960195432,0.9567120053488665,0.3766990840489353,-0.37791308540196494,0.5304229409510957,-0.3048147945846137,-0.19417242971063461,0.10458411699742802,-0.07189204185035089,0.6601792125984561,-0.6949474339235623,0.14764269738769273,-0.84927084607851,-0.26539891403812577,-0.1925285657615224,0.9860510582989048,-0.14759329612395933,-0.2373206884133507,-0.5462885708564881,-1.1374458688863596,0.2172273841146637,0.21160379195781628,-0.2355538975657405,0.3684435590118937,0.20784182898669168,0.7444128388696722,-0.41117802990308416,0.21485821733932914,1.6605924407223986,-0.6811897783590397,-0.4806403215729825,0.23429785866034958,-1.0009653175338573,0.24738590161740248,-0.05509545155644169,0.38051094988569706
-0.3797846134219669,0.09923067208538176,0.24888368641221859,0.1479219400427049,0.2069191575464327,-0.0776152224096455,0.11444412342379638,0.49305609687888424,0.16333340175373892,-0.0654388008937508,-0.04455287153176256,0.23352362985882344,-0.11347349636357769,0.3183362488332137,1.0507818648293081,-0.04322504766927595,-0.223076914767541,0.3214243681267242,0.5869271705066506,-0.13427855889647577,-1.2756819686321517,0.18857667855041604,-0.2495167373285351,0.044694974197934945,-0.4453073636031217,-0.34234561305306893,0.5953002337287427,1.5570555331033316,-0.4590039179064905,0.359034490498383,-0.42579044430968105,-0.05085089436949197,-0.17950867578500296,-1.1564278611560173,0.4486641434756972,0.019233518007537243,-0.6811897783590397,0.9236896263600838,-0.4264899648420854,0.23370477847851281,-0.047619329452447574,-0.6575596212312177,0.3481376392904818,-0.47354067841704706
1.8517793589295708,0.6947647785326387,-0.18492299034437856,0.8930452174182556,0.14077396000456238,-0.2608424555215909,1.1338354532013968,-0.24527400112118108,-0.24355766290245,-0.06551561407615901,0.4657266045672892,1.116549331975109,0.05070843468596391,1.1824924559583578,-2.5929738778271374,1.3057048588038191,-0.3612741623363942,-0.7672584326693686,-1.7318333159835664,1.6006316604196584,5.1611746017237765,-0.14142196997985884,1.4965182242161932,-2.2649959721109907,2.8380148612890035,1.0655642063628281,-0.7291850394625222,-3.372908106407573,-0.7148282833803264,-1.3164349672090951,2.433389948399609,-2.534252178959481,0.9500270130995847,2.023825466010384,0.6820522287474379,-1.7216627095277988,-0.4806403215729825,-0.4264899648420854,6.163520304983295,0.3312449032298382,1.696176337830575,-0.19883320584141712,-1.4147121198897854,0.16686778102915378
-0.26827890824671563,0.2890111454110484,-0.006099725729354559,0.06712599762134717,0.31850873294971904,-0.2194008051951386,0.285802415738648,0.22042933129385936,0.29711781743171484,0.7536474221271694,0.41260524190521114,0.2026035959414502,0.4378772452907559,0.5319573149688815,0.48960637808053925,0.44071490625872617,-0.36260713277587714,0.7106610604435242,-0.48241165570780953,0.39919333219894404,-0.8420760163573748,-0.06409567778131484,0.24623675111231175,0.3186604912071225,-0.0419391554792907,-0.0457450375382463,0.001827775061237282,0.32775760861302355,-0.3272158166993395,0.23939976245348002,-0.26137285144197037,-0.23275582704309042,0.08307627511412989,-0.484004389331768,0.20018939643262035,-0.13446791065766073,0.23429785866034958,0.23370477847851281,0.3312449032298382,0.6070414700801514,-0.541378936576346,-0.6823228225499897,0.10962245515798515,-0.20506912218635578
0.981966461458299,-0.17966382996081243,-0.06509443984867674,0.2564912692549268,-0.18157422758248004,0.26775672969873315,0.07762356809936782,-0.06957030076188647,-0.4661468177012345,-0.9954808374175106,-0.36600288597602304,0.25492493313285874,-0.7621914177200882,0.05045819363380172,-1.138455973802958,0.10346502116899624,0.30781668060457035,-1.2846242328307351,0.30029524968653337,0.07372287212030583,2.8566715871136052,0.05849074774469009,0.4076823341918747,-1.3995942263439112,1.0926532016455641,0.4992377930830221,-0.06356936137113428,-0.8726964190948461,-0.059832869658980624,-0.8162928606624986,1.0976527623356689,-0.6996211141952103,0.013453546118303945,0.6582143663995832,0.1728059611989646,-0.6686711510923797,-1.0009653175338573,-0.047619329452447574,1.696176337830575,-0.541378936576346,1.560520119267906,0.5907540086459973,-0.6745210405622264,0.2061251679520989
0.4639654038561256,-0.4183687607605346,-0.27591039805965695,-0.03617748783409426,-0.40133217541646343,0.2588731807807497,-0.34467103050813896,-0.3113933483580925,-0.39474737490026657,-0.63126048581122,-0.40474663199409805,-0.4117391445181177,-0.4107627863093011,-0.6908377532210518,-1.0494995694314988,-0.32758774613621255,0.6126982940051748,-0.9503416507063007,0.2685102447961582,-0.32542697085323846,1.6415477609017644,-0.06393273007866877,-0.22811160122213026,-0.2926628603649402,0.32783709355524704,0.2876894191336332,-0.4007437346563073,-1.2861191393479756,0.656285383109367,-0.4958738427575725,0.4407503125726499,0.34184864333108317,-0.08994969469794903,1.071760478845448,-0.6092318318856272,0.05112922185136409,0.24738590161740248,-0.6575596212312177,-0.19883320584141712,-0.6823228225499897,0.5907540086459973,1.431424397741737,-0.40384744735021827,0.5606497305872057
-0.552665640753843,-0.05959165439739278,0.27643179657603284,-0.04423208828752383,0.0843153882533558,-0.11559652093907846,-0.1896440577591788,0.03912464276371534,0.16610325458524502,0.05829648131117849,-0.09197939841738319,-0.11679624262059027,0.25527090473241315,-0.1631126402596012,0.9513607823687813,-0.3902622279730823,-0.14435988686432996,0.5641847132200676,0.29550587545686013,-0.3564994213420227,-1.9033792811416168,0.1620392903421322,-0.41181221602155443,0.6192556638644684,-0.9092600280554313,-0.3252590476240786,0.3852750163851532,1.2832999825008684,0.04917526482464698,0.5766040209836966,-0.7728425635249396,0.4811211008687132,-0.13484385898001033,-0.7640312942401074,0.0094434945342319,0.6213822845398417,-0.05509545155644169,0.3481376392904818,-1.4147121198897854,0.10962245515798515,-0.6745210405622264,-0.40384744735021827,0.6609532922805978,-0.3418127534209392
0.1464355477680304,-0.04335633271569567,-0.3186875437724092,-0.2035478915809356,-0.1348772756282058,0.06217234116744294,-0.04979035900243508,-0.16231545318560356,-0.08583156088842925,0.04398570331002185,-0.026412120199704542,-0.21290741069699978,-0.14761056962165106,-0.24263614704721329,-0.643030990901495,0.06987591920291426,0.2425723883032687,-0.3969877155390033,-0.1350527744939726,0.11818231600740929,0.7849791176732486,-0.15555582244235325,0.03487939415524565,-0.09869169213314638,0.34624968962419383,0.10986568279704396,-0.3479211299890231,-0.975795121156932,0.15441089230029523,-0.2763458054555732,0.28372125027830414,0.05482712387696986,0.0647855280626074,0.62156138065116,-0.26333567110132994,-0.1263671151611013,0.38051094988569706,-0.47354067841704706,0.16686778102915378,-0.20506912218635578,0.2061251679520989,0.5606497305872057,-0.3418127534209392,0.4270553577327324
