V1,V2,V3,V4,V5,V6,V7,V8,V9,V10,V11,V12,V13,V14,V15,V16,V17,V18,V19,V20,V21,V22,V23,V24,V25,V26,V27,V28,V29,V30,V31,V32,V33,V34,V35,V36,V37,V38,V39,V40,V41,V42,V43,V44
0.8026898246253652,-0.8778500910144712,0.28703420752706915,0.09635595757998068,-0.6541737941937484,0.6062498555249769,-0.4071477482619926,-0.4138724562208064,-0.37569010503865813,-1.4899528743410033,-0.7957866269161896,-0.519482281272741,-0.8541989983325333,-0.5814704066251608,-0.7228880932676451,-0.8715508127460723,0.7806971229267653,-1.2981983579502427,0.34317635174474226,-0.8620404720427003,1.2344887868574599,0.40078454930404567,-0.13626874515340856,-0.23161432756919673,-0.06808246863752543,0.17819895574510233,0.06512428842703995,-0.6202299145926263,0.8958806710201752,-0.7555030730727123,0.2744307068326023,0.4784258169177981,-0.21521921029482916,0.6321319969607393,-0.3287368013485708,0.7037640256511876,-0.6023552580831274,-0.5408333089755198,-0.9992809404949736,-1.107132498303926,0.8817775082663029,0.9097398416237714,-0.20009038654515038,0.36038804271399605
-0.8778500910144712,1.2394010229761143,-0.29647751031755415,-0.2169491108665522,0.9651725523802749,-0.7436289674730553,0.7078594606033933,0.5248985131625743,0.6555975069923263,1.9860763851895256,1.3081382332449982,0.9246870683142672,1.1507836221518593,1.1948523504241608,0.8873195871361874,1.32899917753425,-1.0146797782683021,1.8467636415566915,-0.9112760105255252,1.2736151523772608,-1.2491299815065646,-0.6082654148807685,0.5293745419715336,0.33058292083485785,0.2532643289999978,-0.22520402160241637,-0.11632191518720716,0.6668454743311802,-1.3278821896560435,0.9262481283635661,-0.18072415084823215,-0.6934042294180024,0.34856546489512585,-0.7712510570287886,0.6401239709699879,-1.0209068889800663,0.6937118328166384,0.4601908217407734,1.772899511143646,1.4928486183036351,-1.118741022054827,-1.6639901505718218,0.0779863132196605,-0.49582061924300835
0.28703420752706915,-0.29647751031755415,0.2573496999676208,-0.007912214748290373,-0.17360261495139565,0.3920847746214128,-0.09380023299357283,8.678694737904458e-4,0.028086731039167562,-0.6038320302323676,-0.048771651193021404,0.02567443323675596,-0.38423209840648764,0.09846199000988082,-0.049113865237613484,-0.28696232155517504,0.3926087693526835,-0.21843560103051746,0.01922508630831895,-0.4343010303927316,0.46391266879842585,0.0912311409145375,-0.06630849579392419,0.21014191219751063,-0.1606130104987454,-0.08950663729012115,0.07191854869231534,-0.10108253621882277,0.2584486975899563,-0.21856303733907712,0.14954489832527004,0.40485094915444475,-0.12743275223815803,0.2142245415531705,0.027169619434351915,0.2634907913795762,-0.16832228173104963,-0.290568104529384,-0.4301806980922782,-0.43585959868445245,0.23537053929706817,0.01856464376503573,-0.1833719488318639,0.0641506436156133
0.09635595757998068,-0.2169491108665522,-0.007912214748290373,1.2697904401011808,0.5675443783174345,0.521681771693488,0.4374992968851883,0.4142247965877408,0.06402679071810315,0.3587218679153659,-0.15590862588733786,-0.057617249785335896,-0.45535584748566665,0.21953121550697616,0.5175092966017175,0.39486549007636057,-0.023120622111151286,0.25930361953265835,0.08494454376692315,-0.2077305584773818,-0.2816064825929619,0.6775231712236279,-0.24823761459697866,0.3132731585260248,0.33772961145589786,0.7025298317950007,-0.06207196408022074,0.06471581158839257,-0.06853559217823692,-0.3874097369980196,0.12417878653277824,-0.6718112874202917,-0.1655474137541504,0.19797949706603324,-0.0817989453076525,0.29379713364112997,0.318377231937977,1.023304075741421,-0.08616255029089187,0.4760960680983284,0.4002887484839819,0.15039137407324105,-0.0684776273038965,1.1929172687545e-4
-0.6541737941937484,0.9651725523802749,-0.17360261495139565,0.5675443783174345,1.5288893560688872,-0.22667805815825098,0.9998003223767267,0.3789277918226618,0.7439641661790448,2.1042749166421957,1.1239802188834478,1.0189051650634577,0.690400537405677,1.382944741503421,1.2074044925987706,1.4929206797158936,-0.9752787658393083,2.029890042615116,-1.1827684225753246,1.0273761974782976,-1.267864210374907,0.020515980717071437,0.6592826813603819,0.5698412547791888,0.47782582175674443,0.45256253340585156,-0.1768300777867673,0.7483512321365994,-1.4545304518463749,0.6340995726822661,0.02351796009906562,-1.2533131213519695,0.26731157528216065,-0.416531570700268,0.7153944804887299,-0.44768926601048586,0.6754184366144611,0.7965928308255846,1.6332754948828831,1.6439090567720998,-0.6309986671256143,-1.9935153387867814,0.07038752270071919,-0.4205220795430163
0.6062498555249769,-0.7436289674730553,0.3920847746214128,0.521681771693488,-0.22667805815825098,1.1127031614707028,-0.39686338990438436,-0.11736808764715878,-0.39430126927255615,-1.4738439838423738,-0.5478200142311592,-0.11197284948028847,-1.1962902048459496,-0.5373433788312811,-0.30003572919475785,-0.7057369638499497,0.8668108499472814,-0.7763272783360389,0.8488546292866624,-1.2538962226818147,1.4769275232564985,0.4749974234702338,-0.6214707491479068,0.1349065211294698,-0.11747212728124164,0.3786491772411989,-8.555207870085711e-4,-0.29289472901399405,0.7350039512655187,-0.5951581518863852,0.6097971277133764,0.6318090734852879,-0.37733528581908216,1.1483103207852128,-0.30661801610510797,0.612135957722799,-0.1429483591877343,-0.14352297363210084,-1.133840676009138,-1.012582115345413,1.0337710556895114,0.9261914245619868,-0.29849207235293107,0.24806234999241442
-0.4071477482619926,0.7078594606033933,-0.09380023299357283,0.4374992968851883,0.9998003223767267,-0.39686338990438436,1.1316264781452392,0.7007096920198732,0.9589333859147273,1.9187480657339528,1.0916102161785128,0.6494516514635629,0.8008262523309463,1.7685189425824055,1.1392187125200084,1.3759560176365566,-0.8127767645467796,1.658815215042877,-1.5740748156675943,1.1431772435578222,-1.6033669836988838,-0.022786850921769717,0.842898058925357,0.6845088694730752,0.37707143727110204,-0.005012508815425136,0.005982735169440601,0.45355641100545374,-1.1589857234296146,0.3118977379801494,-0.3284385681265619,-1.0556878785848283,0.25180412393813084,-1.1085619652259413,0.7521592588969714,-0.4143080955763337,0.4123536286876661,0.6869906414059147,1.4926018675307782,1.5532531839247365,-0.8841374156866539,-1.956395546298658,-0.07808501775292434,-0.39479163443170384
-0.4138724562208064,0.5248985131625743,8.678694737904458e-4,0.4142247965877408,0.3789277918226618,-0.11736808764715878,0.7007096920198732,1.3763017521408611,0.7217410308771663,1.1026291710837512,1.0365201848582324,0.46018205200167994,0.45782622721122007,1.4154118380763052,1.0235094480108458,0.9771493227859944,-0.26222541294246876,1.2242975743439437,-0.47953420932104424,0.5622404904906851,-1.054876746530401,-0.2977678455347135,-0.087616232659976,0.8297782970525399,0.0224621506954459,-0.5116650952025825,0.08460048288460084,0.32489976063999043,-0.5522460666877566,0.2111114391247164,-0.2462199646212152,-0.07085097073065,-0.016285950039191793,-0.9820731502428678,0.4214923277170892,-0.7420669832561171,0.6541957051728187,0.8444472503038558,0.8170675027028331,1.03899625613031,-0.8752789473267365,-0.7739677564437475,-0.3176263123361943,-0.38804531088912475
-0.37569010503865813,0.6555975069923263,0.028086731039167562,0.06402679071810315,0.7439641661790448,-0.39430126927255615,0.9589333859147273,0.7217410308771663,1.0158156233700057,1.6082273309821975,1.1729516455282625,0.6917505622747214,0.7968265511233543,1.8232826124493609,1.082832077176324,1.1624607691683322,-0.6106142986455845,1.5638430574793525,-1.5592436074650755,1.027914950590034,-1.4802794450492958,-0.21970897887972826,0.8031656077501343,0.7872196584530916,0.1278105481586989,-0.3530136095477339,0.07357834501677933,0.4525848862333544,-1.0285583877222715,0.370291076754602,-0.3643267120639743,-0.6084128677641981,0.22544924129655894,-1.2131801933747426,0.8015563812191,-0.4128114713266784,0.29011972695745103,0.32322133341194603,1.286165353516362,1.2662861564837888,-1.0102551974637757,-1.9902034194657443,-0.14247386548153088,-0.38732827064780323
-1.4899528743410033,1.9860763851895256,-0.6038320302323676,0.3587218679153659,2.1042749166421957,-1.4738439838423738,1.9187480657339528,1.1026291710837512,1.6082273309821975,4.486115779329999,2.1915003898420413,1.3597080997609454,2.207890880962453,2.798851906572748,2.149530764402083,2.8587640537608,-2.1648376960423708,3.5500309704018607,-2.596081717415635,2.774881324403246,-3.6345552881858874,-0.46967846011766484,1.4870365493884088,0.8675182644383324,0.7027025675427908,-0.056772681703198,-0.1463717650404188,1.2331677569601416,-2.641617064403165,1.3072699228636944,-0.8083235937915133,-2.290188673975894,0.696723894234348,-2.254960069589092,1.3377724354022913,-1.3361565308281718,1.1171584510279373,1.4580264199651327,3.36704281399411,3.414977545040217,-2.168240250712704,-3.6377049850930985,0.27534123625684936,-0.8580937841354647
-0.7957866269161896,1.3081382332449982,-0.048771651193021404,-0.15590862588733786,1.1239802188834478,-0.5478200142311592,1.0916102161785128,1.0365201848582324,1.1729516455282625,2.1915003898420413,1.902294073978508,1.3046103226843493,1.1681249363163049,2.2222634907803873,1.3682086604106871,1.6730368972228407,-0.9106325400664076,2.412431817344654,-1.5558437197730017,1.3658915146563813,-1.4356454314779785,-0.6901357246362986,0.7669543706824687,0.9285183120487509,0.17973094887140822,-0.5388162329237314,-0.02057395665369803,0.7448348487389577,-1.5630366282424477,0.883441025197146,-0.18301676631287858,-0.5437073008028545,0.3174313702366747,-1.1649275305108922,1.0375319510174508,-1.1114057413267582,0.7540819111159386,0.418927024454263,2.065485115606746,1.7199323458217957,-1.4097850743024423,-2.5045504716226974,-0.23527763450809086,-0.6424142330344359
-0.519482281272741,0.9246870683142672,0.02567443323675596,-0.057617249785335896,1.0189051650634577,-0.11197284948028847,0.6494516514635629,0.46018205200167994,0.6917505622747214,1.3597080997609454,1.3046103226843493,1.1451498198267969,0.5788364524519942,1.371069310054423,0.8959742161396929,1.11902742215114,-0.5684106098686579,1.7506325830525682,-0.9192299181924342,0.7277910457154172,-0.48391028479307874,-0.41145912320919914,0.4883369075813044,0.60552851457189,0.1771941142636323,-0.09901381057732457,-0.11052184681353147,0.5781558811729978,-1.1577815402553453,0.674127382828194,0.18984913210626286,-0.38025736631831053,0.19516705659040615,-0.2707481291059002,0.7311800655185082,-0.6761270436034182,0.5570622998319528,0.16359868760875648,1.4330998949534233,1.0430412224994543,-0.6793840259647851,-1.7909185733107944,-0.17178300077358583,-0.41191599237187515
-0.8541989983325333,1.1507836221518593,-0.38423209840648764,-0.45535584748566665,0.690400537405677,-1.1962902048459496,0.8008262523309463,0.45782622721122007,0.7968265511233543,2.207890880962453,1.1681249363163049,0.5788364524519942,1.516132347875624,1.3033234530865385,0.8265447574502249,1.2876583433796598,-1.1652804292947883,1.6342985126352725,-1.3792329976477464,1.6448363091082456,-1.9496911440376667,-0.6240425075322382,0.8737747049176859,0.2310333520868253,0.20674398690442145,-0.4669799866277139,-0.0127436814199248,0.5757524964043237,-1.2774037877274163,0.8676397353254958,-0.6266024508704168,-0.8684435566812861,0.46106803764652554,-1.4637492189648678,0.6709187227357156,-0.9110834718358654,0.417787241582077,0.3444464229553496,1.7911686302591936,1.6068573397654708,-1.4380212509470487,-1.8040190487604728,0.21794446994405922,-0.46483881426750723
-0.5814704066251608,1.1948523504241608,0.09846199000988082,0.21953121550697616,1.382944741503421,-0.5373433788312811,1.7685189425824055,1.4154118380763052,1.8232826124493609,2.798851906572748,2.2222634907803873,1.371069310054423,1.3033234530865385,3.409092805353759,1.9096272371976917,2.175092621942316,-1.0203052048254224,2.8414491201333805,-2.769735455329393,1.780086576908824,-2.2716428915173457,-0.41521724842578867,1.418017610458975,1.442168896819852,0.33102387605149025,-0.5796418742251048,0.09673415109478965,0.7060508377266196,-1.852607434473144,0.5810782168960074,-0.4585226745959901,-1.0567847693019863,0.37362043886674123,-1.9900331114347858,1.4726425384583803,-0.8638848837769736,0.5918484281894814,0.6022966948008113,2.4835620526067705,2.254341940036208,-1.6954420203584466,-3.5661711431823613,-0.4090914404911973,-0.7049464365255868
-0.7228880932676451,0.8873195871361874,-0.049113865237613484,0.5175092966017175,1.2074044925987706,-0.30003572919475785,1.1392187125200084,1.0235094480108458,1.082832077176324,2.149530764402083,1.3682086604106871,0.8959742161396929,0.8265447574502249,1.9096272371976917,1.6204514174181632,1.5034568041481557,-0.8340416440919509,2.1836035781091634,-1.3358110246418156,1.0389626371493625,-1.9973915836461997,-0.10221932554231898,0.5202283898723322,1.063018312234737,0.14911631285773982,-0.1648192027228161,0.02233666599395102,0.857886084416862,-1.327352348770996,0.5928018713091265,-0.3751842607303538,-0.8511663445735749,0.175464271867247,-1.1831651788796405,0.8207738304228592,-0.5228202810732206,0.7271326178258596,0.9382425014306435,1.3299664815873347,1.7396698007688258,-1.128169271423342,-2.107425459327335,-0.05780682066426344,-0.5328897437230042
-0.8715508127460723,1.32899917753425,-0.28696232155517504,0.39486549007636057,1.4929206797158936,-0.7057369638499497,1.3759560176365566,0.9771493227859944,1.1624607691683322,2.8587640537608,1.6730368972228407,1.11902742215114,1.2876583433796598,2.175092621942316,1.5034568041481557,2.0344697839044783,-1.2874474535109122,2.4977558697125968,-1.7608534368831117,1.723853966761432,-2.0060750932141924,-0.33669944811303065,0.946763012665694,0.7535715860474508,0.5461640508260839,-0.024337190292897576,-0.11438314451775701,0.7431560385923753,-1.7770038354161068,0.7735142032507644,-0.3015310050281559,-1.4026575167608313,0.402755574458375,-1.3232757731303093,0.9895954380946406,-0.9983468098101427,0.8367881009944914,0.9992895103735916,2.40450303363352,2.25389454689776,-1.3369029287235392,-2.517644647598385,-0.04000466319444914,-0.605102183429784
0.7806971229267653,-1.0146797782683021,0.3926087693526835,-0.023120622111151286,-0.9752787658393083,0.8668108499472814,-0.8127767645467796,-0.26222541294246876,-0.6106142986455845,-2.1648376960423708,-0.9106325400664076,-0.5684106098686579,-1.1652804292947883,-1.0203052048254224,-0.8340416440919509,-1.2874474535109122,1.171466961209534,-1.5736558166001577,1.1361863388656663,-1.3986352537499938,1.7130680358645751,0.2649009632983478,-0.7525582587863606,-0.1622535768575526,-0.3835609824450683,-0.05485601904043098,0.10041372102440362,-0.5836657207974695,1.275697783624233,-0.7206806958217022,0.4021086430860216,1.1898031636641986,-0.39292432057515386,0.9730207880147311,-0.5581131906712359,0.6657219596608152,-0.5040244830309383,-0.6254589001768931,-1.6446330178314088,-1.6047085102476895,1.0109272759482393,1.6114469378366487,-0.2694663807944518,0.3898346202097461
-1.2981983579502427,1.8467636415566915,-0.21843560103051746,0.25930361953265835,2.029890042615116,-0.7763272783360389,1.658815215042877,1.2242975743439437,1.5638430574793525,3.5500309704018607,2.412431817344654,1.7506325830525682,1.6342985126352725,2.8414491201333805,2.1836035781091634,2.4977558697125968,-1.5736558166001577,3.6103904878692026,-2.1412482218478046,1.9605288390647941,-2.5893336111051686,-0.5781675227473342,1.064356997995814,1.2617920301819079,0.3982376074575799,-0.23908665973990775,-0.10519918774619079,1.3278181526080106,-2.3981839355571624,1.3077339831538501,-0.3415438165427236,-1.3773694987182927,0.4666928161814737,-1.5215743791056051,1.3735990661479185,-1.2639646325961744,1.1819621918866425,1.059193383776169,2.797352514403115,2.7668722532704106,-1.8359180883523842,-3.555681084681584,-0.04249076350384129,-0.8947265810541161
0.34317635174474226,-0.9112760105255252,0.01922508630831895,0.08494454376692315,-1.1827684225753246,0.8488546292866624,-1.5740748156675943,-0.47953420932104424,-1.5592436074650755,-2.596081717415635,-1.5558437197730017,-0.9192299181924342,-1.3792329976477464,-2.769735455329393,-1.3358110246418156,-1.7608534368831117,1.1361863388656663,-2.1412482218478046,3.065981757258371,-1.886442904617604,2.2919143747438127,0.1695548328986905,-1.910401362346467,-0.8540278215207348,-0.43748460062852307,0.27242251695674574,-0.07548563509354868,-0.48756725662951383,1.6720125068453917,-0.4285444451862487,0.6206652348603866,1.4547980651416084,-0.5288128189757868,1.917903426392379,-1.323622542765155,0.32907470683507317,-0.02054236681394247,-0.108327492068036,-2.269202994230723,-1.9420106065673373,1.3972438357281678,3.4735019513340655,0.08157474346740816,0.4693439935087589
-0.8620404720427003,1.2736151523772608,-0.4343010303927316,-0.2077305584773818,1.0273761974782976,-1.2538962226818147,1.1431772435578222,0.5622404904906851,1.027914950590034,2.774881324403246,1.3658915146563813,0.7277910457154172,1.6448363091082456,1.780086576908824,1.0389626371493625,1.723853966761432,-1.3986352537499938,1.9605288390647941,-1.886442904617604,2.02573474375834,-2.2473888426849853,-0.5166318275009669,1.204110952912538,0.31060400126829807,0.4482882497470013,-0.27666138330769063,-0.06290942056859031,0.5520322359912869,-1.6007716427204006,0.8165552955370595,-0.6328651609017948,-1.3795421638764256,0.5515730255542651,-1.7026538363398482,0.8711940581077918,-0.9601309599258065,0.47145352179417543,0.5623756089451577,2.347178739832907,2.05161034728797,-1.5341098969482727,-2.3220001029806685,0.18026297022964868,-0.49438888275785575
1.2344887868574599,-1.2491299815065646,0.46391266879842585,-0.2816064825929619,-1.267864210374907,1.4769275232564985,-1.6033669836988838,-1.054876746530401,-1.4802794450492958,-3.6345552881858874,-1.4356454314779785,-0.48391028479307874,-1.9496911440376667,-2.2716428915173457,-1.9973915836461997,-2.0060750932141924,1.7130680358645751,-2.5893336111051686,2.2919143747438127,-2.2473888426849853,4.241933527846626,0.172356783785478,-1.1714435081468513,-0.9486944312557576,-0.19289957864608737,0.44344930071251815,-0.1438106044061714,-1.1311390239223078,1.8295327203781995,-0.912199715039717,1.3817953253288595,1.746798262391716,-0.5129967911912259,2.7366560427630477,-0.9873255857752398,0.632959976259578,-0.6640881728598077,-1.331234127701367,-1.8914144097645216,-2.762229801546652,2.141466651783928,2.8261135052457043,-0.4394185657080443,0.6730146776518913
0.40078454930404567,-0.6082654148807685,0.0912311409145375,0.6775231712236279,0.020515980717071437,0.4749974234702338,-0.022786850921769717,-0.2977678455347135,-0.21970897887972826,-0.46967846011766484,-0.6901357246362986,-0.41145912320919914,-0.6240425075322382,-0.41521724842578867,-0.10221932554231898,-0.33669944811303065,0.2649009632983478,-0.5781675227473342,0.1695548328986905,-0.5166318275009669,0.172356783785478,0.6946204889527924,-0.10377265414657144,-0.050042394691548586,0.10688452905226913,0.586536322219527,3.6546847188237267e-4,-0.17349355603335165,0.3874598501461469,-0.5350631815055384,0.0777170448356592,-0.29718741281277744,-0.15373162460215417,0.4022450162631712,-0.24974703197490025,0.7431371784455816,-0.23868512221803712,0.22496645778172925,-0.7300680674765923,-0.30523947988417083,0.6817660590002392,0.47889133677520607,0.05612617153655335,0.22749855250491882
-0.13626874515340856,0.5293745419715336,-0.06630849579392419,-0.24823761459697866,0.6592826813603819,-0.6214707491479068,0.842898058925357,-0.087616232659976,0.8031656077501343,1.4870365493884088,0.7669543706824687,0.4883369075813044,0.8737747049176859,1.418017610458975,0.5202283898723322,0.946763012665694,-0.7525582587863606,1.064356997995814,-1.910401362346467,1.204110952912538,-1.1714435081468513,-0.10377265414657144,1.3478373900865088,0.23345875378641517,0.3472064273914799,-0.047396370734454185,-5.51864184386291e-4,0.1831351858772822,-0.9931567032289674,0.25590142989545805,-0.32680703565920405,-1.002186029582444,0.3948447550955217,-1.0117024024058143,0.7664131973399809,-0.13140153106096175,-0.1549064584132464,-0.18592782717067083,1.4532799683586717,1.0418656966990476,-0.7156999854379803,-2.0756269626030015,0.03837123651110572,-0.20585126216477337
-0.23161432756919673,0.33058292083485785,0.21014191219751063,0.3132731585260248,0.5698412547791888,0.1349065211294698,0.6845088694730752,0.8297782970525399,0.7872196584530916,0.8675182644383324,0.9285183120487509,0.60552851457189,0.2310333520868253,1.442168896819852,1.063018312234737,0.7535715860474508,-0.1622535768575526,1.2617920301819079,-0.8540278215207348,0.31060400126829807,-0.9486944312557576,-0.050042394691548586,0.23345875378641517,0.9570376145567691,-0.08411264657705071,-0.3139421340451689,0.10638557460010284,0.46222553252505116,-0.615309405996215,0.19157953959566967,-0.15207831767842003,-0.09679603235496718,-0.013081067139187547,-0.7010219867342504,0.5760960987470701,-0.18865211506095808,0.36258636570521086,0.38569177892692125,0.49231737526019853,0.7701058734395241,-0.6221600524688342,-1.3437202734275584,-0.2502451359136354,-0.31705572123604414
-0.06808246863752543,0.2532643289999978,-0.1606130104987454,0.33772961145589786,0.47782582175674443,-0.11747212728124164,0.37707143727110204,0.0224621506954459,0.1278105481586989,0.7027025675427908,0.17973094887140822,0.1771941142636323,0.20674398690442145,0.33102387605149025,0.14911631285773982,0.5461640508260839,-0.3835609824450683,0.3982376074575799,-0.43748460062852307,0.4482882497470013,-0.19289957864608737,0.10688452905226913,0.3472064273914799,-0.08411264657705071,0.42283928510199237,0.3826337675078573,-0.11976753032307255,-0.007189484523323681,-0.41729442434788216,0.016395335820181642,0.08309068368306428,-0.7129172433723592,0.1299812769896241,-0.04528988685534877,0.15804878611405698,-0.16386775112038288,0.14794690343912922,0.34670722663991155,0.7713874314063518,0.5757348569264487,-0.012909901382807197,-0.438471628541968,0.016186153595687227,-0.060692047147666704
0.17819895574510233,-0.22520402160241637,-0.08950663729012115,0.7025298317950007,0.45256253340585156,0.3786491772411989,-0.005012508815425136,-0.5116650952025825,-0.3530136095477339,-0.056772681703198,-0.5388162329237314,-0.09901381057732457,-0.4669799866277139,-0.5796418742251048,-0.1648192027228161,-0.024337190292897576,-0.05485601904043098,-0.23908665973990775,0.27242251695674574,-0.27666138330769063,0.44344930071251815,0.586536322219527,-0.047396370734454185,-0.3139421340451689,0.3826337675078573,0.941907653821012,-0.17805520398722174,-0.07140559390845728,0.017158783400275643,-0.25053170817639187,0.346943437014312,-0.662667676376958,-0.04043916576874131,0.8069780883036256,-0.22358537172561027,0.45041057515511457,-0.00539297022432338,0.34351077609568553,-0.12178283566726338,-0.018199149587401348,0.7541438320526369,0.35249864644559026,0.15327114936136432,0.16970653946125283
0.06512428842703995,-0.11632191518720716,0.07191854869231534,-0.06207196408022074,-0.1768300777867673,-8.555207870085711e-4,0.005982735169440601,0.08460048288460084,0.07357834501677933,-0.1463717650404188,-0.02057395665369803,-0.11052184681353147,-0.0127436814199248,0.09673415109478965,0.02233666599395102,-0.11438314451775701,0.10041372102440362,-0.10519918774619079,-0.07548563509354868,-0.06290942056859031,-0.1438106044061714,3.6546847188237267e-4,-5.51864184386291e-4,0.10638557460010284,-0.11976753032307255,-0.17805520398722174,0.08948086855143637,-0.02609416149566613,0.12121253709320849,-0.07448995188996448,-0.12822246825935846,0.16828226493663453,-0.03331192551486171,-0.19671296510104555,0.00833789592874006,0.08656346555125827,-0.08829267273186471,-0.06784572507203847,-0.21317136593640915,-0.09857369874909076,-0.08386354672582977,0.0024305914404324763,-0.02934713027649499,6.576238420769728e-4
-0.6202299145926263,0.6668454743311802,-0.10108253621882277,0.06471581158839257,0.7483512321365994,-0.29289472901399405,0.45355641100545374,0.32489976063999043,0.4525848862333544,1.2331677569601416,0.7448348487389577,0.5781558811729978,0.5757524964043237,0.7060508377266196,0.857886084416862,0.7431560385923753,-0.5836657207974695,1.3278181526080106,-0.48756725662951383,0.5520322359912869,-1.1311390239223078,-0.17349355603335165,0.1831351858772822,0.46222553252505116,-0.007189484523323681,-0.07140559390845728,-0.02609416149566613,0.6961677745589654,-0.8290776698789962,0.6197406407830582,-0.19635199414932003,-0.4013772339311759,0.1360100257020929,-0.45173789487453486,0.3933542261342033,-0.3473028063369775,0.4815224941904378,0.4292986493453714,0.6576271461577946,0.9310413732460067,-0.6637988918011156,-1.1244325085437852,0.13969810520785975,-0.33476001175199105
0.8958806710201752,-1.3278821896560435,0.2584486975899563,-0.06853559217823692,-1.4545304518463749,0.7350039512655187,-1.1589857234296146,-0.5522460666877566,-1.0285583877222715,-2.641617064403165,-1.5630366282424477,-1.1577815402553453,-1.2774037877274163,-1.852607434473144,-1.327352348770996,-1.7770038354161068,1.275697783624233,-2.3981839355571624,1.6720125068453917,-1.6007716427204006,1.8295327203781995,0.3874598501461469,-0.9931567032289674,-0.615309405996215,-0.41729442434788216,0.017158783400275643,0.12121253709320849,-0.8290776698789962,1.7644700729377933,-0.9265806787304359,0.2603406758912826,1.256015408330274,-0.43320268468476564,1.0784184109112005,-0.9612843321003541,0.8553481705426791,-0.7043680118788954,-0.6317413233150899,-2.1957365560717887,-1.9923728529950728,1.2546401786729886,2.5643161799519234,-0.08394391903688542,0.5672280704867242
-0.7555030730727123,0.9262481283635661,-0.21856303733907712,-0.3874097369980196,0.6340995726822661,-0.5951581518863852,0.3118977379801494,0.2111114391247164,0.370291076754602,1.3072699228636944,0.883441025197146,0.674127382828194,0.8676397353254958,0.5810782168960074,0.5928018713091265,0.7735142032507644,-0.7206806958217022,1.3077339831538501,-0.4285444451862487,0.8165552955370595,-0.912199715039717,-0.5350631815055384,0.25590142989545805,0.19157953959566967,0.016395335820181642,-0.25053170817639187,-0.07448995188996448,0.6197406407830582,-0.9265806787304359,0.8551270853713152,-0.15944909313526293,-0.29763513693943255,0.2482637213062462,-0.4632768319319342,0.40288566601424963,-0.7093458148047479,0.49914581051179785,0.17618636190066006,1.0500571403161254,0.9216906750890723,-0.8498753575612812,-1.0938724102176796,0.17243354226837937,-0.36074499897821577
0.2744307068326023,-0.18072415084823215,0.14954489832527004,0.12417878653277824,0.02351796009906562,0.6097971277133764,-0.3284385681265619,-0.2462199646212152,-0.3643267120639743,-0.8083235937915133,-0.18301676631287858,0.18984913210626286,-0.6266024508704168,-0.4585226745959901,-0.3751842607303538,-0.3015310050281559,0.4021086430860216,-0.3415438165427236,0.6206652348603866,-0.6328651609017948,1.3817953253288595,0.0777170448356592,-0.32680703565920405,-0.15207831767842003,0.08309068368306428,0.346943437014312,-0.12822246825935846,-0.19635199414932003,0.2603406758912826,-0.15944909313526293,0.6342881701642094,0.33233149310590904,-0.1451801907459283,1.0486299829036418,-0.1580327301749544,0.08135530186725189,0.01533076141278973,-0.23226929727469048,-0.23569628100587517,-0.5854670011423785,0.6918982838766211,0.517609381476545,-0.18546115536439048,0.12781992272528164
0.4784258169177981,-0.6934042294180024,0.40485094915444475,-0.6718112874202917,-1.2533131213519695,0.6318090734852879,-1.0556878785848283,-0.07085097073065,-0.6084128677641981,-2.290188673975894,-0.5437073008028545,-0.38025736631831053,-0.8684435566812861,-1.0567847693019863,-0.8511663445735749,-1.4026575167608313,1.1898031636641986,-1.3773694987182927,1.4547980651416084,-1.3795421638764256,1.746798262391716,-0.29718741281277744,-1.002186029582444,-0.09679603235496718,-0.7129172433723592,-0.662667676376958,0.16828226493663453,-0.4013772339311759,1.256015408330274,-0.29763513693943255,0.33233149310590904,1.8700025082842515,-0.3824498324004506,0.846872753732436,-0.5287289127696791,0.1953636365943591,-0.33538825258800103,-0.9164739179846222,-1.6617752999939748,-1.738813796198784,0.5667843129743221,1.6507531032226832,-0.291092469967619,0.23859556425887368
-0.21521921029482916,0.34856546489512585,-0.12743275223815803,-0.1655474137541504,0.26731157528216065,-0.37733528581908216,0.25180412393813084,-0.016285950039191793,0.22544924129655894,0.696723894234348,0.3174313702366747,0.19516705659040615,0.46106803764652554,0.37362043886674123,0.175464271867247,0.402755574458375,-0.39292432057515386,0.4666928161814737,-0.5288128189757868,0.5515730255542651,-0.5129967911912259,-0.15373162460215417,0.3948447550955217,-0.013081067139187547,0.1299812769896241,-0.04043916576874131,-0.03331192551486171,0.1360100257020929,-0.43320268468476564,0.2482637213062462,-0.1451801907459283,-0.3824498324004506,0.179449836887163,-0.37469173221553476,0.2279453579856189,-0.22277554600974617,0.058565438510785814,0.01772943778645794,0.6387882505186054,0.4825390164828797,-0.3654210347719742,-0.6465438824404108,0.08837398080413844,-0.11020191730333909
0.6321319969607393,-0.7712510570287886,0.2142245415531705,0.19797949706603324,-0.416531570700268,1.1483103207852128,-1.1085619652259413,-0.9820731502428678,-1.2131801933747426,-2.254960069589092,-1.1649275305108922,-0.2707481291059002,-1.4637492189648678,-1.9900331114347858,-1.1831651788796405,-1.3232757731303093,0.9730207880147311,-1.5215743791056051,1.917903426392379,-1.7026538363398482,2.7366560427630477,0.4022450162631712,-1.0117024024058143,-0.7010219867342504,-0.04528988685534877,0.8069780883036256,-0.19671296510104555,-0.45173789487453486,1.0784184109112005,-0.4632768319319342,1.0486299829036418,0.846872753732436,-0.37469173221553476,2.341146597841194,-0.8070029241182053,0.6202177023494538,-0.22854885523255442,-0.5315837125029026,-1.4895909534588947,-1.7105465142563632,1.7120963958544182,2.026550995998045,-0.06695795334455135,0.44085052495466864
-0.3287368013485708,0.6401239709699879,0.027169619434351915,-0.0817989453076525,0.7153944804887299,-0.30661801610510797,0.7521592588969714,0.4214923277170892,0.8015563812191,1.3377724354022913,1.0375319510174508,0.7311800655185082,0.6709187227357156,1.4726425384583803,0.8207738304228592,0.9895954380946406,-0.5581131906712359,1.3735990661479185,-1.323622542765155,0.8711940581077918,-0.9873255857752398,-0.24974703197490025,0.7664131973399809,0.5760960987470701,0.15804878611405698,-0.22358537172561027,0.00833789592874006,0.3933542261342033,-0.9612843321003541,0.40288566601424963,-0.1580327301749544,-0.5287289127696791,0.2279453579856189,-0.8070029241182053,0.7295796573010874,-0.39509676839527996,0.24383679113750428,0.10311670003758816,1.2374529148802178,1.0152202497820997,-0.7793248936062922,-1.8040781865238968,-0.1128116081926609,-0.32323043588224304
0.7037640256511876,-1.0209068889800663,0.2634907913795762,0.29379713364112997,-0.44768926601048586,0.612135957722799,-0.4143080955763337,-0.7420669832561171,-0.4128114713266784,-1.3361565308281718,-1.1114057413267582,-0.6761270436034182,-0.9110834718358654,-0.8638848837769736,-0.5228202810732206,-0.9983468098101427,0.6657219596608152,-1.2639646325961744,0.32907470683507317,-0.9601309599258065,0.632959976259578,0.7431371784455816,-0.13140153106096175,-0.18865211506095808,-0.16386775112038288,0.45041057515511457,0.08656346555125827,-0.3473028063369775,0.8553481705426791,-0.7093458148047479,0.08135530186725189,0.1953636365943591,-0.22277554600974617,0.6202177023494538,-0.39509676839527996,1.1858743386647432,-0.6772839285132362,-0.39788920435663994,-1.4573562916720146,-1.0482119716626022,0.960468383633,0.8232992799526963,0.08655062440148607,0.40843557687337156
-0.6023552580831274,0.6937118328166384,-0.16832228173104963,0.318377231937977,0.6754184366144611,-0.1429483591877343,0.4123536286876661,0.6541957051728187,0.29011972695745103,1.1171584510279373,0.7540819111159386,0.5570622998319528,0.417787241582077,0.5918484281894814,0.7271326178258596,0.8367881009944914,-0.5040244830309383,1.1819621918866425,-0.02054236681394247,0.47145352179417543,-0.6640881728598077,-0.23868512221803712,-0.1549064584132464,0.36258636570521086,0.14794690343912922,-0.00539297022432338,-0.08829267273186471,0.4815224941904378,-0.7043680118788954,0.49914581051179785,0.01533076141278973,-0.33538825258800103,0.058565438510785814,-0.22854885523255442,0.24383679113750428,-0.6772839285132362,0.7277348436980334,0.7484218821127673,0.822287429710232,0.9384889511176265,-0.5319200757388378,-0.5620665167412684,-0.015906610600792917,-0.32821792744084244
-0.5408333089755198,0.4601908217407734,-0.290568104529384,1.023304075741421,0.7965928308255846,-0.14352297363210084,0.6869906414059147,0.8444472503038558,0.32322133341194603,1.4580264199651327,0.418927024454263,0.16359868760875648,0.3444464229553496,0.6022966948008113,0.9382425014306435,0.9992895103735916,-0.6254589001768931,1.059193383776169,-0.108327492068036,0.5623756089451577,-1.331234127701367,0.22496645778172925,-0.18592782717067083,0.38569177892692125,0.34670722663991155,0.34351077609568553,-0.06784572507203847,0.4292986493453714,-0.6317413233150899,0.17618636190066006,-0.23226929727469048,-0.9164739179846222,0.01772943778645794,-0.5315837125029026,0.10311670003758816,-0.39788920435663994,0.7484218821127673,1.4217266013592587,0.6825732934842099,1.2934411636141547,-0.4361378881824771,-0.31347679360581426,0.08808856941118584,-0.2745986897382555
-0.9992809404949736,1.772899511143646,-0.4301806980922782,-0.08616255029089187,1.6332754948828831,-1.133840676009138,1.4926018675307782,0.8170675027028331,1.286165353516362,3.36704281399411,2.065485115606746,1.4330998949534233,1.7911686302591936,2.4835620526067705,1.3299664815873347,2.40450303363352,-1.6446330178314088,2.797352514403115,-2.269202994230723,2.347178739832907,-1.8914144097645216,-0.7300680674765923,1.4532799683586717,0.49231737526019853,0.7713874314063518,-0.12178283566726338,-0.21317136593640915,0.6576271461577946,-2.1957365560717887,1.0500571403161254,-0.23569628100587517,-1.6617752999939748,0.6387882505186054,-1.4895909534588947,1.2374529148802178,-1.4573562916720146,0.822287429710232,0.6825732934842099,3.3882278546751214,2.555391046189733,-1.6338942161951655,-3.1021708602787847,-0.04872576010799826,-0.6816565596367418
-1.107132498303926,1.4928486183036351,-0.43585959868445245,0.4760960680983284,1.6439090567720998,-1.012582115345413,1.5532531839247365,1.03899625613031,1.2662861564837888,3.414977545040217,1.7199323458217957,1.0430412224994543,1.6068573397654708,2.254341940036208,1.7396698007688258,2.25389454689776,-1.6047085102476895,2.7668722532704106,-1.9420106065673373,2.05161034728797,-2.762229801546652,-0.30523947988417083,1.0418656966990476,0.7701058734395241,0.5757348569264487,-0.018199149587401348,-0.09857369874909076,0.9310413732460067,-1.9923728529950728,0.9216906750890723,-0.5854670011423785,-1.738813796198784,0.4825390164828797,-1.7105465142563632,1.0152202497820997,-1.0482119716626022,0.9384889511176265,1.2934411636141547,2.555391046189733,2.669118802440767,-1.625765732878789,-2.717578497251505,0.1350051254251341,-0.6838711561883998
0.8817775082663029,-1.118741022054827,0.23537053929706817,0.4002887484839819,-0.6309986671256143,1.0337710556895114,-0.8841374156866539,-0.8752789473267365,-1.0102551974637757,-2.168240250712704,-1.4097850743024423,-0.6793840259647851,-1.4380212509470487,-1.6954420203584466,-1.128169271423342,-1.3369029287235392,1.0109272759482393,-1.8359180883523842,1.3972438357281678,-1.5341098969482727,2.141466651783928,0.6817660590002392,-0.7156999854379803,-0.6221600524688342,-0.012909901382807197,0.7541438320526369,-0.08386354672582977,-0.6637988918011156,1.2546401786729886,-0.8498753575612812,0.6918982838766211,0.5667843129743221,-0.3654210347719742,1.7120963958544182,-0.7793248936062922,0.960468383633,-0.5319200757388378,-0.4361378881824771,-1.6338942161951655,-1.625765732878789,1.6407876032918365,1.9469240039424545,-0.0675067353622757,0.539089614578057
0.9097398416237714,-1.6639901505718218,0.01856464376503573,0.15039137407324105,-1.9935153387867814,0.9261914245619868,-1.956395546298658,-0.7739677564437475,-1.9902034194657443,-3.6377049850930985,-2.5045504716226974,-1.7909185733107944,-1.8040190487604728,-3.5661711431823613,-2.107425459327335,-2.517644647598385,1.6114469378366487,-3.555681084681584,3.4735019513340655,-2.3220001029806685,2.8261135052457043,0.47889133677520607,-2.0756269626030015,-1.3437202734275584,-0.438471628541968,0.35249864644559026,0.0024305914404324763,-1.1244325085437852,2.5643161799519234,-1.0938724102176796,0.517609381476545,1.6507531032226832,-0.6465438824404108,2.026550995998045,-1.8040781865238968,0.8232992799526963,-0.5620665167412684,-0.31347679360581426,-3.1021708602787847,-2.717578497251505,1.9469240039424545,4.72745289071628,0.09886672616897071,0.811020470339817
-0.20009038654515038,0.0779863132196605,-0.1833719488318639,-0.0684776273038965,0.07038752270071919,-0.29849207235293107,-0.07808501775292434,-0.3176263123361943,-0.14247386548153088,0.27534123625684936,-0.23527763450809086,-0.17178300077358583,0.21794446994405922,-0.4090914404911973,-0.05780682066426344,-0.04000466319444914,-0.2694663807944518,-0.04249076350384129,0.08157474346740816,0.18026297022964868,-0.4394185657080443,0.05612617153655335,0.03837123651110572,-0.2502451359136354,0.016186153595687227,0.15327114936136432,-0.02934713027649499,0.13969810520785975,-0.08394391903688542,0.17243354226837937,-0.18546115536439048,-0.291092469967619,0.08837398080413844,-0.06695795334455135,-0.1128116081926609,0.08655062440148607,-0.015906610600792917,0.08808856941118584,-0.04872576010799826,0.1350051254251341,-0.0675067353622757,0.09886672616897071,0.2983275875421928,0.020853332130318817
0.36038804271399605,-0.49582061924300835,0.0641506436156133,1.1929172687545e-4,-0.4205220795430163,0.24806234999241442,-0.39479163443170384,-0.38804531088912475,-0.38732827064780323,-0.8580937841354647,-0.6424142330344359,-0.41191599237187515,-0.46483881426750723,-0.7049464365255868,-0.5328897437230042,-0.605102183429784,0.3898346202097461,-0.8947265810541161,0.4693439935087589,-0.49438888275785575,0.6730146776518913,0.22749855250491882,-0.20585126216477337,-0.31705572123604414,-0.060692047147666704,0.16970653946125283,6.576238420769728e-4,-0.33476001175199105,0.5672280704867242,-0.36074499897821577,0.12781992272528164,0.23859556425887368,-0.11020191730333909,0.44085052495466864,-0.32323043588224304,0.40843557687337156,-0.32821792744084244,-0.2745986897382555,-0.6816565596367418,-0.6838711561883998,0.539089614578057,0.811020470339817,0.020853332130318817,0.2548384879976292
