V1,V2,V3,V4,V5,V6,V7,V8,V9,V10,V11,V12,V13,V14,V15,V16,V17,V18,V19,V20,V21,V22,V23,V24,V25,V26,V27,V28,V29,V30,V31,V32,V33,V34,V35,V36,V37,V38,V39,V40,V41,V42,V43,V44
0.829427624629939,-0.9271457119403601,-0.03014968212735019,0.10186226971176238,-0.6552810470282174,-0.1654654785783309,-1.1610261081741304,-0.36812832648445293,-0.6460114998880797,-2.021660782588247,-1.2092622985080153,-0.8783111747294021,-0.8190272327503617,-1.5562590978872757,-1.305266525483464,-1.4436858112432989,1.720181292736722,-1.956636063523026,1.32447689387587,-0.6876669072415764,1.5507525465947671,0.27915707763152003,-1.374853237551549,-0.7540900576560655,-0.7184024899263203,0.2359686738522069,-0.08076959355380127,-0.7015797186920348,1.5383476839520631,-0.6070437719204387,-0.038486253987714325,1.3076280508435505,-0.12305478341261944,0.8056271259378055,-1.47744369059304,1.103837651219486,-1.1871678954917462,-0.691024368319551,-1.929971639549079,-1.5677797268818934,1.1274417141489856,2.4928431026294766,0.03429376949193921,0.7130730569204988
-0.9271457119403601,1.3506132409278726,-0.3074285712728148,0.11609317565116319,1.3403086410656895,-0.9394158698403505,1.3914893528895882,0.8399219451396329,1.215713881740325,2.952594835647357,1.6413756242821593,0.9989529857587038,1.512494608058884,2.182545885620757,1.4834692753646463,1.964075640909845,-1.4280226390222008,2.452787789785679,-1.9969017122766908,1.8877026489014355,-2.395771833631215,-0.39964650458366485,1.162321236579161,0.7267356453903617,0.4674793606563546,-0.21291633942524865,-0.037106142728119906,0.7825863394571559,-1.7968117411421043,0.8492278173568035,-0.5194666961560042,-1.4123740580884625,0.4733358012887787,-1.6370914040961224,1.0488601440114722,-0.9558839892483201,0.7283266269170765,0.8243852477122273,2.3678467141718795,2.2745452458296467,-1.563513682657608,-2.7212134383531157,0.077604532323967,-0.6120741295799572
-0.03014968212735019,-0.3074285712728148,0.40728564242399706,-0.2705387546559288,-0.6911324521057649,1.3532688060969573,-0.034787850723148904,-0.4840082222681702,-0.55778606006943,-0.7261712714804205,-0.27974167506622083,0.03142542036700609,-0.6641712456298227,-0.4499378787241982,0.03423553246126766,-0.32722889810783923,-0.690275005550597,-0.20827247118872513,0.5342243241535162,-1.2725477012202646,0.7060889064667561,0.10189040461975839,0.5186810343861313,0.1903907828790824,0.44670650076129514,-0.07024246530695477,0.16927802946309634,0.04311922910706948,0.015407812319650624,-0.15952989090745565,0.6913698223963921,-0.10725602013079026,-0.371834537237087,0.845232994218522,0.7674692787856511,-0.383108717833676,0.7931596187404899,-0.032605971652200326,-0.15366931544419127,-0.5301744346395013,0.2979181576250125,-0.21611913555448817,-0.11826571490143495,-0.25041830613291555
0.10186226971176238,0.11609317565116319,-0.2705387546559288,0.19309992984684196,0.39766054510232907,-0.9146929111100796,-0.08755811978242564,0.28650889689467074,0.3024461415729815,0.27800467814212587,0.064574382313876,-0.1116981502132621,0.3598905117945856,0.14493501650348425,-0.15330173021624763,0.07263939194954443,0.6268751167386027,-0.06169213045436752,-0.22491580656398497,0.780278914315055,-0.3149376588690769,-0.03752379655810183,-0.4792353483053947,-0.198464751266565,-0.36603120160802155,0.07307718389706672,-0.11854888821357634,-0.1024610021475076,0.14902986084066397,0.03956635620844798,-0.4596281366352631,0.20206073598454158,0.2332807693555036,-0.48281463333206653,-0.6555590855756491,0.3643020717361204,-0.6426873981052583,-0.045463383441390476,-0.0901621385377284,0.1996146333297575,-0.09026020493438591,0.38517332422002637,0.08186859471277526,0.24086707924478054
-0.6552810470282174,1.3403086410656895,-0.6911324521057649,0.39766054510232907,1.7903573018597336,-2.2577435563702775,1.0575715418713472,1.1741456351429813,1.5349324272003932,3.0075778386765313,1.5262335535740634,0.6885448513432175,1.876990113786194,2.127814305552405,1.0519942592770555,1.8092841068659624,-0.24684308694718238,2.0305829014798156,-2.079427441786088,2.8462238735078924,-2.5745975605212412,-0.4161385943439974,0.25678305328281165,0.30874110612498895,-0.1770360473097629,-0.07179676188027383,-0.22924651210728195,0.5164892613930819,-1.3303475179726874,0.7909288614137437,-1.189560577089978,-0.92605662188314,0.7606944847574115,-2.189361958929275,-0.09648963937944444,-0.2624388467945834,-0.39264432815516437,0.6505569677335243,1.9197248710073163,2.2820796593128203,-1.4965349054895416,-1.7527561609687918,0.1791747972891616,-0.1604034886632701
-0.1654654785783309,-0.9394158698403505,1.3532688060969573,-0.9146929111100796,-2.2577435563702775,4.5336778405072655,-0.01158973912147111,-1.5812350714885903,-1.7975865854274284,-2.239550038346287,-0.822337591862575,0.19489431417906058,-2.142018264478638,-1.3681429164034993,0.22942419627604313,-0.9506260294480785,-2.4587914979958767,-0.5044404866328833,1.6616137142192784,-4.176763837156483,2.2164407634492926,0.3177790329278551,1.8489417150047975,0.7052900800821446,1.557239285268187,-0.26168597416837797,0.577042599014504,0.21811004265165632,-0.09885926184127838,-0.4556461403305379,2.3166099022727353,-0.46242935135950813,-1.2119664328876991,2.7597419166690536,2.671774817579333,-1.3738309378071594,2.762052465670581,-0.05583696075206512,-0.3435468816166806,-1.6308274100321931,0.9012172269826609,-0.9342080385856368,-0.3832803549835312,-0.9014271668278344
-1.1610261081741304,1.3914893528895882,-0.034787850723148904,-0.08755811978242564,1.0575715418713472,-0.01158973912147111,1.670971407942917,0.619595086948101,1.0203303752304567,3.0044940040066153,1.7736420144450653,1.2498895424459875,1.2917457717201812,2.29257246366073,1.8452310327467096,2.12789575437558,-2.3267798588601183,2.828305524424888,-1.9929903819553412,1.2364312635024792,-2.3379176238783788,-0.4052765898509668,1.8582078904674344,1.0477203511216961,0.9467373974297498,-0.32104663326842886,0.09532274691655501,0.9952434652390262,-2.189031239488062,0.9065971158029199,-0.05668554942477898,-1.8206655051415535,0.2652908010104241,-1.292524545129918,1.9313057298826013,-1.4928874456146473,1.5568023750009967,0.9814818213916059,2.769058678710008,2.3356515442916668,-1.660840091507431,-3.509349993500983,-0.006193099792258973,-0.9616352984668952
-0.36812832648445293,0.8399219451396329,-0.4840082222681702,0.28650889689467074,1.1741456351429813,-1.5812350714885903,0.619595086948101,0.7789472209703974,1.0007389661325177,1.883840524105179,0.9385621626709945,0.3927917394359885,1.2206440732402462,1.318930805341713,0.598510199449305,1.114824633441719,-9.573056494405789e-4,1.2166502461192215,-1.311780491315003,1.9101108300147889,-1.6313616043263774,-0.2586085414761749,0.039986897326240244,0.1408913606148855,-0.19315200397882554,-0.027162100202974455,-0.16434155426332547,0.29119179342698953,-0.7709629912925551,0.4935868156977058,-0.825462608016491,-0.5067749363320925,0.5214707508871566,-1.4349482877352617,-0.2220941709009447,-0.07054355081831576,-0.3871747094103234,0.3797551773393476,1.137400868417358,1.4270868196085913,-0.9243203362589906,-0.9659781266493684,0.13313768889486785,-0.03943315777574777
-0.6460114998880797,1.215713881740325,-0.55778606006943,0.3024461415729815,1.5349324272003932,-1.7975865854274284,1.0203303752304567,1.0007389661325177,1.3481359764917642,2.7425903047621,1.4215197898752066,0.7040292302051028,1.6442055468532446,1.955540123366794,1.0492658372532933,1.6897115509767153,-0.45808035059518176,1.9582744163265415,-1.8824732777623303,2.4000169852234694,-2.313279066016988,-0.3815373204823682,0.4145508676701044,0.3574208821240566,-0.037445928838636525,-0.097465954888987,-0.17432253174539236,0.5403758139120699,-1.3234932405602597,0.7519876713144585,-0.9590820323874676,-0.9453870574320177,0.6442753625779102,-1.8842435019335824,0.1369443139701521,-0.3773031356509084,-0.14125952221865198,0.6256160770105079,1.8484674351214627,2.0762585946030714,-1.3696747993094944,-1.782679977881832,0.14856045068707252,-0.2516342090057289
-2.021660782588247,2.952594835647357,-0.7261712714804205,0.27800467814212587,3.0075778386765313,-2.239550038346287,3.0044940040066153,1.883840524105179,2.7425903047621,6.550699625055462,3.62034341809697,2.1825807362559626,3.3892044291498316,4.827985773997711,3.236903034211986,4.317568985409266,-3.001695989766779,5.392189845677179,-4.41518318981898,4.253666731268449,-5.313639095016698,-0.9041448165829539,2.462383455212963,1.5329556395422859,0.9405800845283536,-0.4588465665505262,-0.12334931012386131,1.7140241668479486,-3.938548486473993,1.8788810163147733,-1.2577643835681735,-3.0908524971858116,1.0664961794944807,-3.692095631616992,2.2082755896602095,-2.0353939507382,1.4470652786547145,1.806695985979678,5.1965570071144205,5.014020316840026,-3.433319672388007,-5.882064045268606,0.16785188620453284,-1.327743405387568
-1.2092622985080153,1.6413756242821593,-0.27974167506622083,0.064574382313876,1.5262335535740634,-0.822337591862575,1.7736420144450653,0.9385621626709945,1.4215197898752066,3.62034341809697,2.047761203752603,1.3120082705567355,1.7661125226666599,2.699538621394358,1.9357310185564907,2.4468625736770693,-2.0441915401200283,3.1303422044264204,-2.425381918290047,2.054120668777296,-2.8929652470917784,-0.4974420742386904,1.6574923940722643,0.9835166674522514,0.727606590238178,-0.2994192825001928,-0.007848931733242545,1.0379936895645931,-2.3365975786144966,1.0619780894810404,-0.4853932390572178,-1.873397944975527,0.49964964083562075,-1.8743531825826776,1.5939279246639961,-1.3518632674295183,1.1599873431292593,1.0594146203680301,3.0304123714346893,2.781673482281619,-1.9275846357042379,-3.5759796007992315,0.06030863666011819,-0.8837258058551025
-0.8783111747294021,0.9989529857587038,0.03142542036700609,-0.1116981502132621,0.6885448513432175,0.19489431417906058,1.2498895424459875,0.3927917394359885,0.7040292302051028,2.1825807362559626,1.3120082705567355,0.9708529813073444,0.8863460285358445,1.677379147488595,1.4101744676948702,1.5761087852314775,-1.8680688000413495,2.141953289717642,-1.434905598131269,0.7399713499939765,-1.6681673945577384,-0.2982956088648302,1.4894482061991736,0.8147859015067588,0.7807811136706423,-0.25833628731650965,0.09396823865502456,0.7820262734991242,-1.6792989846572481,0.6864438962020554,0.05260377758778093,-1.403087974912886,0.15437786416605404,-0.850567030194896,1.5783983996183384,-1.190516989207503,1.2932520584725562,0.7375539275431678,2.0892212729198043,1.688667352511759,-1.2054523723075499,-2.686575707652939,-0.01580282744789597,-0.7868841929357874
-0.8190272327503617,1.512494608058884,-0.6641712456298227,0.3598905117945856,1.876990113786194,-2.142018264478638,1.2917457717201812,1.2206440732402462,1.6442055468532446,3.3892044291498316,1.7661125226666599,0.8863460285358445,2.0127455777419065,2.4249146288729175,1.3253105952280282,2.100791977385812,-0.6455569933492175,2.4440604711058604,-2.3276415486877915,2.9167857534898953,-2.854451262089731,-0.4682015479882008,0.5722185998769724,0.47394372341125085,-0.002467210948946215,-0.12725290662650554,-0.20102461828561183,0.679303697665088,-1.660950913676115,0.9274663594797083,-1.140361688735635,-1.1994242616927215,0.7782268805760969,-2.299755921424164,0.24237013564976148,-0.511268632961395,-0.09899814439583245,0.7869415022597085,2.3157693963224695,2.5750370264329954,-1.7062683883219296,-2.276254426148018,0.1771049684552127,-0.33352338804082604
-1.5562590978872757,2.182545885620757,-0.4499378787241982,0.14493501650348425,2.127814305552405,-1.3681429164034993,2.29257246366073,1.318930805341713,1.955540123366794,4.827985773997711,2.699538621394358,1.677379147488595,2.4249146288729175,3.582351215717042,2.487029488654201,3.220615797444891,-2.4755190776505738,4.072257271275701,-3.2438725653301628,2.931178621724166,-3.887253696348267,-0.6657399873893362,2.019258140709846,1.222801829610583,0.8348638762759826,-0.3676166680175822,-0.05068087760682459,1.3217175151529417,-3.0087078654861426,1.394217024721075,-0.7855502719555131,-2.394736045816721,0.7194352754695582,-2.6120994542127907,1.8894279799480416,-1.6566281495398103,1.3102392489417645,1.3764016156258174,3.9397142315502496,3.7042594312178783,-2.554201435343457,-4.561529887483298,0.09722598518650544,-1.0797098677575057
-1.305266525483464,1.4834692753646463,0.03423553246126766,-0.15330173021624763,1.0519942592770555,0.22942419627604313,1.8452310327467096,0.598510199449305,1.0492658372532933,3.236903034211986,1.9357310185564907,1.4101744676948702,1.3253105952280282,2.487029488654201,2.0745521785966488,2.317845776593859,-2.719331202890712,3.136633704883733,-2.1269343628012596,1.1346385450523617,-2.4844161517117,-0.44438658276871223,2.1720460236343846,1.1933202029350105,1.1310480241109357,-0.3745005043724713,0.12804065374168533,1.1307163980784614,-2.4573847944402507,0.9908821370664861,0.04642221283531266,-2.0685525342971203,0.22280942632365103,-1.2958364907075919,2.3111667330244736,-1.7410675380639014,1.868697834379899,1.0940760915238856,3.076393054182349,2.5075840455966367,-1.794551888281956,-3.953268982163172,-0.035504913147881643,-1.1363727249081426
-1.4436858112432989,1.964075640909845,-0.32722889810783923,0.07263939194954443,1.8092841068659624,-0.9506260294480785,2.12789575437558,1.114824633441719,1.6897115509767153,4.317568985409266,2.4468625736770693,1.5761087852314775,2.100791977385812,3.220615797444891,2.317845776593859,2.9293239615347484,-2.4679193882293324,3.7490219301735648,-2.89587377907908,2.4380970193628584,-3.4489137600434625,-0.5897683073899795,1.9968599317266513,1.1863173250190304,0.8851318776394042,-0.360569593609454,-5.641418621243798e-4,1.2481304027361726,-2.7999317653822784,1.2761596260793329,-0.5586428564844107,-2.2385820412709734,0.5989196686972028,-2.220119582701208,1.9158717138000567,-1.6261614293001938,1.414553401563038,1.2647653104088945,3.6242403118721125,3.3211380322138986,-2.3011670025429196,-4.288225691025042,0.0783021676288681,-1.0629450984345978
1.720181292736722,-1.4280226390222008,-0.690275005550597,0.6268751167386027,-0.24684308694718238,-2.4587914979958767,-2.3267798588601183,-9.573056494405789e-4,-0.45808035059518176,-3.001695989766779,-2.0441915401200283,-1.8680688000413495,-0.6455569933492175,-2.4755190776505738,-2.719331202890712,-2.4679193882293324,4.605333464460732,-3.706441961587465,1.8878907186438152,0.558075093456004,2.0699326097810458,0.4023081346020445,-3.619759953071429,-1.8467268227983786,-2.173628252172005,0.5955957803420893,-0.4425447112107168,-1.525096208753022,3.1373099431741513,-1.0301889118772576,-1.175034787045911,2.8184114327774337,0.2926795731806996,0.3089623369751395,-4.179078917736349,2.8476970291882138,-3.6834581384016833,-1.3487841390756787,-3.707344871373183,-2.38290164512982,1.833074499252641,5.43038838134254,0.22180181945529304,1.8555479811586144
-1.956636063523026,2.452787789785679,-0.20827247118872513,-0.06169213045436752,2.0305829014798156,-0.5044404866328833,2.828305524424888,1.2166502461192215,1.9582744163265415,5.392189845677179,3.1303422044264204,2.141953289717642,2.4440604711058604,4.072257271275701,3.136633704883733,3.7490219301735648,-3.706441961587465,4.9285196382626895,-3.5831006956433673,2.5378011160303635,-4.22899042648674,-0.7399831362045622,2.9793491055684957,1.6952691071371717,1.439709730302189,-0.52742572600451,0.09057743770049469,1.7093666715899924,-3.7630902791632446,1.630647411332555,-0.3640136985370874,-3.0760008752567547,0.5906914903976866,-2.4996389777539387,3.018274929451561,-2.4050013146090667,2.3460886019902265,1.680697899298062,4.786680666782547,4.153694509072079,-2.9150540297587684,-5.877532374934516,0.03505614540838719,-1.5820815076850823
1.32447689387587,-1.9969017122766908,0.5342243241535162,-0.22491580656398497,-2.079427441786088,1.6616137142192784,-1.9929903819553412,-1.311780491315003,-1.8824732777623303,-4.41518318981898,-2.425381918290047,-1.434905598131269,-2.3276415486877915,-3.2438725653301628,-2.1269343628012596,-2.89587377907908,1.8878907186438152,-3.5831006956433673,2.9895006065500227,-2.9898373466790322,3.6010559662225234,0.6052050174353271,-1.5524331130447004,-0.9898582615185589,-0.5625807476300724,0.29050354756831626,0.09954361750330516,-1.1233958079724853,2.5946157767270757,-1.2624117198523717,0.9166633124611233,2.0155239285885633,-0.7613053548685698,2.547623169275935,-1.3407401636152139,1.28674577702453,-0.8514108146817682,-1.1936938893154103,-3.4454427987581555,-3.383158699317071,2.30793293314681,3.852461162903624,-0.13434401785917202,0.8365721530078849
-0.6876669072415764,1.8877026489014355,-1.2725477012202646,0.780278914315055,2.8462238735078924,-4.176763837156483,1.2364312635024792,1.9101108300147889,2.4000169852234694,4.253666731268449,2.054120668777296,0.7399713499939765,2.9167857534898953,2.931178621724166,1.1346385450523617,2.4380970193628584,0.558075093456004,2.5378011160303635,-2.9898373466790322,4.756847598466752,-3.7477159889610525,-0.5833755506188815,-0.34433099780219945,0.1210960923501346,-0.7375900582271933,0.0058568258832889285,-0.45502414099141325,0.5322202479467064,-1.5105358715222224,1.092704969672743,-2.16451554747641,-0.8942442065045216,1.3221033489847849,-3.476693046208989,-1.0633912854527703,0.1767196013137327,-1.3958117690788878,0.7635262214327726,2.3374413988622686,3.209647931638688,-2.041577546052388,-1.7043298936600462,0.36051068743528714,0.12780759066244288
1.5507525465947671,-2.395771833631215,0.7060889064667561,-0.3149376588690769,-2.5745975605212412,2.2164407634492926,-2.3379176238783788,-1.6313616043263774,-2.313279066016988,-5.313639095016698,-2.8929652470917784,-1.6681673945577384,-2.854451262089731,-3.887253696348267,-2.4844161517117,-3.4489137600434625,2.0699326097810458,-4.22899042648674,3.6010559662225234,-3.7477159889610525,4.3570929040441015,0.731185519090391,-1.7133738935037024,-1.1190821932961141,-0.5672963786932976,0.3269958933668653,0.15311236724756677,-1.301750862006952,3.038316759391326,-1.5016477173825271,1.2155492040006943,2.343167504962197,-0.956631073155342,3.1556437309254934,-1.4256789711004707,1.4320835529133995,-0.8350367433361032,-1.4068416262061612,-4.062515156995274,-4.064436998559873,2.761936005222649,4.46702308694409,-0.1726537563669155,0.927273372776745
0.27915707763152003,-0.39964650458366485,0.10189040461975839,-0.03752379655810183,-0.4161385943439974,0.3177790329278551,-0.4052765898509668,-0.2586085414761749,-0.3815373204823682,-0.9041448165829539,-0.4974420742386904,-0.2982956088648302,-0.4682015479882008,-0.6657399873893362,-0.44438658276871223,-0.5897683073899795,0.4023081346020445,-0.7399831362045622,0.6052050174353271,-0.5833755506188815,0.731185519090391,0.12860493607689055,-0.33336911123009905,-0.2035586149396134,-0.12224917480261117,0.06271238405997491,0.022352813134011357,-0.2348543751437769,0.5414582774926859,-0.2565810847927698,0.18356201166309946,0.42859527719301366,-0.14301053698393257,0.5139709489686162,-0.30459627152261814,0.27722746487458744,-0.1856761267705305,-0.2494497138630544,-0.7146980161063605,-0.6866864242354638,0.4698917998938467,0.8002046491331853,-0.01834415917284897,0.18419965898826124
-1.374853237551549,1.162321236579161,0.5186810343861313,-0.4792353483053947,0.25678305328281165,1.8489417150047975,1.8582078904674344,0.039986897326240244,0.4145508676701044,2.462383455212963,1.6574923940722643,1.4894482061991736,0.5722185998769724,2.019258140709846,2.1720460236343846,1.9968599317266513,-3.619759953071429,2.9793491055684957,-1.5524331130447004,-0.34433099780219945,-1.7133738935037024,-0.33336911123009905,2.8501640486639848,1.456062260670043,1.6968019058596309,-0.46942225399358334,0.33581495966116515,1.2149402692205626,-2.509195151811644,0.8333522947340261,0.875242483686015,-2.249639132121452,-0.20804072285604647,-0.3219367265119276,3.2830532302847724,-2.2449980563279337,2.8706634718315405,1.0833082782482923,2.978822778267214,1.9476757545908128,-1.48979395498889,-4.32125395005425,-0.1724863966512283,-1.4650975867442528
-0.7540900576560655,0.7267356453903617,0.1903907828790824,-0.198464751266565,0.30874110612498895,0.7052900800821446,1.0477203511216961,0.1408913606148855,0.3574208821240566,1.5329556395422859,0.9835166674522514,0.8147859015067588,0.47394372341125085,1.222801829610583,1.1933202029350105,1.1863173250190304,-1.8467268227983786,1.6952691071371717,-0.9898582615185589,0.1210960923501346,-1.1190821932961141,-0.2035586149396134,1.456062260670043,0.7694052532547877,0.8391703324930927,-0.24281858865964945,0.15128555671430755,0.6582833060680364,-1.3886789440871492,0.4977590867392101,0.32963210385819264,-1.2134681715181264,-0.022681659830078086,-0.3765701899562636,1.6296839704621584,-1.1521677762034244,1.4125118781652504,0.6063414787461647,1.6825338162631172,1.2096948392365685,-0.9008665579944143,-2.3488881200877634,-0.06306058799755063,-0.743781385614552
-0.7184024899263203,0.4674793606563546,0.44670650076129514,-0.36603120160802155,-0.1770360473097629,1.557239285268187,0.9467373974297498,-0.19315200397882554,-0.037445928838636525,0.9405800845283536,0.727606590238178,0.7807811136706423,-0.002467210948946215,0.8348638762759826,1.1310480241109357,0.8851318776394042,-2.173628252172005,1.439709730302189,-0.5625807476300724,-0.7375900582271933,-0.5672963786932976,-0.12224917480261117,1.6968019058596309,0.8391703324930927,1.076291826811986,-0.27348161308437413,0.2525738686896684,0.6438620635285813,-1.2833212856796847,0.361069230562181,0.7658202365559359,-1.1980066743119744,-0.2667487088721089,0.21579315843835625,2.0228238967557797,-1.3248188588545953,1.8388530902822655,0.5399466221206567,1.4605465481775672,0.767626187719908,-0.634470309039621,-2.320775759241447,-0.13573711272500627,-0.8609055589056629
0.2359686738522069,-0.21291633942524865,-0.07024246530695477,0.07307718389706672,-0.07179676188027383,-0.26168597416837797,-0.32104663326842886,-0.027162100202974455,-0.097465954888987,-0.4588465665505262,-0.2994192825001928,-0.25833628731650965,-0.12725290662650554,-0.3676166680175822,-0.3745005043724713,-0.360569593609454,0.5955957803420893,-0.52742572600451,0.29050354756831626,0.0058568258832889285,0.3269958933668653,0.06271238405997491,-0.46942225399358334,-0.24281858865964945,-0.27348161308437413,0.0803246142776509,-0.050294530654285394,-0.21052493212794207,0.4382028329960693,-0.1547296209320213,-0.12069263177685816,0.38398425005005205,0.018361880183506974,0.09068975990043127,-0.5330427835131065,0.3717700298804552,-0.4625941960202269,-0.1874232970601262,-0.5214173365995887,-0.35820736454664687,0.2680928487138713,0.7350778603555568,0.02409226507644057,0.2439757541667471
-0.08076959355380127,-0.037106142728119906,0.16927802946309634,-0.11854888821357634,-0.22924651210728195,0.577042599014504,0.09532274691655501,-0.16434155426332547,-0.17432253174539236,-0.12334931012386131,-0.007848931733242545,0.09396823865502456,-0.20102461828561183,-0.05068087760682459,0.12804065374168533,-5.641418621243798e-4,-0.4425447112107168,0.09057743770049469,0.09954361750330516,-0.45502414099141325,0.15311236724756677,0.022352813134011357,0.33581495966116515,0.15128555671430755,0.2525738686896684,-0.050294530654285394,0.08332128191062789,0.08268444624727278,-0.1303691283797849,-0.005030799039601238,0.29767884408336953,-0.15089910022558092,-0.1328424043039313,0.2830474611641146,0.43555691960372606,-0.25407248419941264,0.44210871846926986,0.04422169731048885,0.1048227727959722,-0.07686025241557383,0.022451171747343842,-0.3123274594550583,-0.04232832391775271,-0.16314018890606863
-0.7015797186920348,0.7825863394571559,0.04311922910706948,-0.1024610021475076,0.5164892613930819,0.21811004265165632,0.9952434652390262,0.29119179342698953,0.5403758139120699,1.7140241668479486,1.0379936895645931,0.7820262734991242,0.679303697665088,1.3217175151529417,1.1307163980784614,1.2481304027361726,-1.525096208753022,1.7093666715899924,-1.1233958079724853,0.5322202479467064,-1.301750862006952,-0.2348543751437769,1.2149402692205626,0.6582833060680364,0.6438620635285813,-0.21052493212794207,0.08268444624727278,0.6334885848469629,-1.3468025623447224,0.5473497184486056,0.07223223411106283,-1.1273088657626558,0.10885794603745468,-0.6409476414586341,1.295980267929224,-0.9694007967932268,1.068334470969913,0.587985722191281,1.6652587778855168,1.32502249451547,-0.947553230557716,-2.1561054154028816,-0.015579460915146002,-0.6453583612238754
1.5383476839520631,-1.7968117411421043,0.015407812319650624,0.14902986084066397,-1.3303475179726874,-0.09885926184127838,-2.189031239488062,-0.7709629912925551,-1.3234932405602597,-3.938548486473993,-2.3365975786144966,-1.6792989846572481,-1.660950913676115,-3.0087078654861426,-2.4573847944402507,-2.7999317653822784,3.1373099431741513,-3.7630902791632446,2.5946157767270757,-1.5105358715222224,3.038316759391326,0.5414582774926859,-2.509195151811644,-1.3886789440871492,-1.2833212856796847,0.4382028329960693,-0.1303691283797849,-1.3468025623447224,2.928339641417313,-1.2114927925882146,0.0346958749304728,2.438066093057753,-0.32173445145149526,1.641128505008831,-2.634730993543352,2.0146645688718166,-2.1150261627585882,-1.2982800015237796,-3.6730418466688644,-3.041405782146756,2.161416115030609,4.655876851430127,0.01929453907575029,1.323883773155389
-0.6070437719204387,0.8492278173568035,-0.15952989090745565,0.03956635620844798,0.7909288614137437,-0.4556461403305379,0.9065971158029199,0.4935868156977058,0.7519876713144585,1.8788810163147733,1.0619780894810404,0.6864438962020554,0.9274663594797083,1.394217024721075,0.9908821370664861,1.2761596260793329,-1.0301889118772576,1.630647411332555,-1.2624117198523717,1.092704969672743,-1.5016477173825271,-0.2565810847927698,0.8333522947340261,0.4977590867392101,0.361069230562181,-0.1547296209320213,-0.005030799039601238,0.5473497184486056,-1.2114927925882146,0.5725423020441524,-0.26460447688666827,-0.948799053599536,0.283659995744469,-0.9742503433574677,0.7778380006483194,-0.6785217781928554,0.5759694625015657,0.5370146427620432,1.5593038999566868,1.43837036734635,-0.9879079688553982,-1.8181270548021111,0.04967897811327022,-0.455231363948302
-0.038486253987714325,-0.5194666961560042,0.6913698223963921,-0.4596281366352631,-1.189560577089978,2.3166099022727353,-0.05668554942477898,-0.825462608016491,-0.9590820323874676,-1.2577643835681735,-0.4853932390572178,0.05260377758778093,-1.140361688735635,-0.7855502719555131,0.04642221283531266,-0.5586428564844107,-1.175034787045911,-0.3640136985370874,0.9166633124611233,-2.16451554747641,1.2155492040006943,0.18356201166309946,0.875242483686015,0.32963210385819264,0.7658202365559359,-0.12069263177685816,0.29767884408336953,0.07223223411106283,0.0346958749304728,-0.26460447688666827,1.1951614477549566,-0.15914192188579343,-0.6203674306879275,1.4600232366253283,1.281175984612647,-0.6443207293592625,1.363487273073223,-0.06737594057331674,-0.28118832681722855,-0.912772504104498,0.5168876709711627,-0.35326611185265816,-0.18747388010181584,-0.416901298312131
1.3076280508435505,-1.4123740580884625,-0.10725602013079026,0.20206073598454158,-0.92605662188314,-0.46242935135950813,-1.8206655051415535,-0.5067749363320925,-0.9453870574320177,-3.0908524971858116,-1.873397944975527,-1.403087974912886,-1.1994242616927215,-2.394736045816721,-2.0685525342971203,-2.2385820412709734,2.8184114327774337,-3.0760008752567547,2.0155239285885633,-0.8942442065045216,2.343167504962197,0.42859527719301366,-2.249639132121452,-1.2134681715181264,-1.1980066743119744,0.38398425005005205,-0.15089910022558092,-1.1273088657626558,2.438066093057753,-0.948799053599536,-0.15914192188579343,2.0835148781167128,-0.14597482006748866,1.1443931401655782,-2.4437599885153114,1.7991990115064582,-1.987306087382796,-1.0848721827232715,-3.0326209139286524,-2.395362781675792,1.7304054750818048,3.964103154621592,0.06593090333646966,1.175854680589153
-0.12305478341261944,0.4733358012887787,-0.371834537237087,0.2332807693555036,0.7606944847574115,-1.2119664328876991,0.2652908010104241,0.5214707508871566,0.6442753625779102,1.0664961794944807,0.49964964083562075,0.15437786416605404,0.7782268805760969,0.7194352754695582,0.22280942632365103,0.5989196686972028,0.2926795731806996,0.5906914903976866,-0.7613053548685698,1.3221033489847849,-0.956631073155342,-0.14301053698393257,-0.20804072285604647,-0.022681659830078086,-0.2667487088721089,0.018361880183506974,-0.1328424043039313,0.10885794603745468,-0.32173445145149526,0.283659995744469,-0.6203674306879275,-0.14597482006748866,0.38554815197175096,-0.9291148943825146,-0.4380956972114327,0.14082830632794469,-0.48922696892871675,0.15969758468505402,0.5216827665711413,0.8010551601239903,-0.4945644621522784,-0.2907336922515134,0.11970374665147243,0.08837618722535691
0.8056271259378055,-1.6370914040961224,0.845232994218522,-0.48281463333206653,-2.189361958929275,2.7597419166690536,-1.292524545129918,-1.4349482877352617,-1.8842435019335824,-3.692095631616992,-1.8743531825826776,-0.850567030194896,-2.299755921424164,-2.6120994542127907,-1.2958364907075919,-2.220119582701208,0.3089623369751395,-2.4996389777539387,2.547623169275935,-3.476693046208989,3.1556437309254934,0.5139709489686162,-0.3219367265119276,-0.3765701899562636,0.21579315843835625,0.09068975990043127,0.2830474611641146,-0.6409476414586341,1.641128505008831,-0.9742503433574677,1.4600232366253283,1.1443931401655782,-0.9291148943825146,2.6822341229261917,0.10561010060956172,0.3281493608359085,0.4793482735169644,-0.7999755802788716,-2.3610491497995065,-2.7955048533882216,1.8318085875859467,2.1528765069593656,-0.2169189221754294,0.20705552829823848
-1.47744369059304,1.0488601440114722,0.7674692787856511,-0.6555590855756491,-0.09648963937944444,2.671774817579333,1.9313057298826013,-0.2220941709009447,0.1369443139701521,2.2082755896602095,1.5939279246639961,1.5783983996183384,0.24237013564976148,1.8894279799480416,2.3111667330244736,1.9158717138000567,-4.179078917736349,3.018274929451561,-1.3407401636152139,-1.0633912854527703,-1.4256789711004707,-0.30459627152261814,3.2830532302847724,1.6296839704621584,2.0228238967557797,-0.5330427835131065,0.43555691960372606,1.295980267929224,-2.634730993543352,0.7778380006483194,1.281175984612647,-2.4437599885153114,-0.4380956972114327,0.10561010060956172,3.8958364378841854,-2.5770244010799765,3.4398329241742545,1.1308776357318195,3.0589168839338594,1.762602642578385,-1.4101405688034145,-4.668655773941484,-0.2635454713728148,-1.6805147502649393
1.103837651219486,-0.9558839892483201,-0.383108717833676,0.3643020717361204,-0.2624388467945834,-1.3738309378071594,-1.4928874456146473,-0.07054355081831576,-0.3773031356509084,-2.0353939507382,-1.3518632674295183,-1.190516989207503,-0.511268632961395,-1.6566281495398103,-1.7410675380639014,-1.6261614293001938,2.8476970291882138,-2.4050013146090667,1.28674577702453,0.1767196013137327,1.4320835529133995,0.27722746487458744,-2.2449980563279337,-1.1521677762034244,-1.3248188588545953,0.3717700298804552,-0.25407248419941264,-0.9694007967932268,2.0146645688718166,-0.6785217781928554,-0.6443207293592625,1.7991990115064582,0.14082830632794469,0.3281493608359085,-2.5770244010799765,1.7721088285538975,-2.2381616771159103,-0.8730590621481178,-2.4023071151423774,-1.6045092205573002,1.2194350854795433,3.4496585958791885,0.13284959027720866,1.1548488094466673
-1.1871678954917462,0.7283266269170765,0.7931596187404899,-0.6426873981052583,-0.39264432815516437,2.762052465670581,1.5568023750009967,-0.3871747094103234,-0.14125952221865198,1.4470652786547145,1.1599873431292593,1.2932520584725562,-0.09899814439583245,1.3102392489417645,1.868697834379899,1.414553401563038,-3.6834581384016833,2.3460886019902265,-0.8514108146817682,-1.3958117690788878,-0.8350367433361032,-0.1856761267705305,2.8706634718315405,1.4125118781652504,1.8388530902822655,-0.4625941960202269,0.44210871846926986,1.068334470969913,-2.1150261627585882,0.5759694625015657,1.363487273073223,-1.987306087382796,-0.48922696892871675,0.4793482735169644,3.4398329241742545,-2.2381616771159103,3.149024075110931,0.8832824952921999,2.384578177001462,1.1899173584173306,-1.0028235608802203,-3.856228818176035,-0.23791215347454667,-1.453982969211079
-0.691024368319551,0.8243852477122273,-0.032605971652200326,-0.045463383441390476,0.6505569677335243,-0.05583696075206512,0.9814818213916059,0.3797551773393476,0.6256160770105079,1.806695985979678,1.0594146203680301,0.7375539275431678,0.7869415022597085,1.3764016156258174,1.0940760915238856,1.2647653104088945,-1.3487841390756787,1.680697899298062,-1.1936938893154103,0.7635262214327726,-1.4068416262061612,-0.2494497138630544,1.0833082782482923,0.6063414787461647,0.5399466221206567,-0.1874232970601262,0.04422169731048885,0.587985722191281,-1.2982800015237796,0.5370146427620432,-0.06737594057331674,-1.0848721827232715,0.15969758468505402,-0.7999755802788716,1.1308776357318195,-0.8730590621481178,0.8832824952921999,0.5863838406673669,1.6486231704464902,1.3967588421066508,-0.9913839066329584,-2.067437700732244,-0.008968640536367327,-0.5669116637249468
-1.929971639549079,2.3678467141718795,-0.15366931544419127,-0.0901621385377284,1.9197248710073163,-0.3435468816166806,2.769058678710008,1.137400868417358,1.8484674351214627,5.1965570071144205,3.0304123714346893,2.0892212729198043,2.3157693963224695,3.9397142315502496,3.076393054182349,3.6242403118721125,-3.707344871373183,4.786680666782547,-3.4454427987581555,2.3374413988622686,-4.062515156995274,-0.7146980161063605,2.978822778267214,1.6825338162631172,1.4605465481775672,-0.5214173365995887,0.1048227727959722,1.6652587778855168,-3.6730418466688644,1.5593038999566868,-0.28118832681722855,-3.0326209139286524,0.5216827665711413,-2.3610491497995065,3.0589168839338594,-2.4023071151423774,2.384578177001462,1.6486231704464902,4.670357330459551,4.010133589334074,-2.8285902219456345,-5.7887298362793915,0.007910868957679772,-1.5705884756858193
-1.5677797268818934,2.2745452458296467,-0.5301744346395013,0.1996146333297575,2.2820796593128203,-1.6308274100321931,2.3356515442916668,1.4270868196085913,2.0762585946030714,5.014020316840026,2.781673482281619,1.688667352511759,2.5750370264329954,3.7042594312178783,2.5075840455966367,3.3211380322138986,-2.38290164512982,4.153694509072079,-3.383158699317071,3.209647931638688,-4.064436998559873,-0.6866864242354638,1.9476757545908128,1.2096948392365685,0.767626187719908,-0.35820736454664687,-0.07686025241557383,1.32502249451547,-3.041405782146756,1.43837036734635,-0.912772504104498,-2.395362781675792,0.8010551601239903,-2.7955048533882216,1.762602642578385,-1.6045092205573002,1.1899173584173306,1.3967588421066508,4.010133589334074,3.850103334681195,-2.64353172002848,-4.581303128386843,0.12511313508291866,-1.0381992858338545
1.1274417141489856,-1.563513682657608,0.2979181576250125,-0.09026020493438591,-1.4965349054895416,0.9012172269826609,-1.660840091507431,-0.9243203362589906,-1.3696747993094944,-3.433319672388007,-1.9275846357042379,-1.2054523723075499,-1.7062683883219296,-2.554201435343457,-1.794551888281956,-2.3011670025429196,1.833074499252641,-2.9150540297587684,2.30793293314681,-2.041577546052388,2.761936005222649,0.4698917998938467,-1.48979395498889,-0.9008665579944143,-0.634470309039621,0.2680928487138713,0.022451171747343842,-0.947553230557716,2.161416115030609,-0.9879079688553982,0.5168876709711627,1.7304054750818048,-0.4945644621522784,1.8318085875859467,-1.4101405688034145,1.2194350854795433,-1.0028235608802203,-0.9913839066329584,-2.8285902219456345,-2.64353172002848,1.8303695659339776,3.3115424672201654,-0.06231258162693036,0.7850721189282872
2.4928431026294766,-2.7212134383531157,-0.21611913555448817,0.38517332422002637,-1.7527561609687918,-0.9342080385856368,-3.509349993500983,-0.9659781266493684,-1.782679977881832,-5.882064045268606,-3.5759796007992315,-2.686575707652939,-2.276254426148018,-4.561529887483298,-3.953268982163172,-4.288225691025042,5.43038838134254,-5.877532374934516,3.852461162903624,-1.7043298936600462,4.46702308694409,0.8002046491331853,-4.32125395005425,-2.3488881200877634,-2.320775759241447,0.7350778603555568,-0.3123274594550583,-2.1561054154028816,4.655876851430127,-1.8181270548021111,-0.35326611185265816,3.964103154621592,-0.2907336922515134,2.1528765069593656,-4.668655773941484,3.4496585958791885,-3.856228818176035,-2.067437700732244,-5.7887298362793915,-4.581303128386843,3.3115424672201654,7.606680179644342,0.10695766767104985,2.239874149098463
0.03429376949193921,0.077604532323967,-0.11826571490143495,0.08186859471277526,0.1791747972891616,-0.3832803549835312,-0.006193099792258973,0.13313768889486785,0.14856045068707252,0.16785188620453284,0.06030863666011819,-0.01580282744789597,0.1771049684552127,0.09722598518650544,-0.035504913147881643,0.0783021676288681,0.22180181945529304,0.03505614540838719,-0.13434401785917202,0.36051068743528714,-0.1726537563669155,-0.01834415917284897,-0.1724863966512283,-0.06306058799755063,-0.13573711272500627,0.02409226507644057,-0.04232832391775271,-0.015579460915146002,0.01929453907575029,0.04967897811327022,-0.18747388010181584,0.06593090333646966,0.11970374665147243,-0.2169189221754294,-0.2635454713728148,0.13284959027720866,-0.23791215347454667,-0.008968640536367327,0.007910868957679772,0.12511313508291866,-0.06231258162693036,0.10695766767104985,0.05002162454030895,0.08264981757665463
0.7130730569204988,-0.6120741295799572,-0.25041830613291555,0.24086707924478054,-0.1604034886632701,-0.9014271668278344,-0.9616352984668952,-0.03943315777574777,-0.2516342090057289,-1.327743405387568,-0.8837258058551025,-0.7868841929357874,-0.33352338804082604,-1.0797098677575057,-1.1363727249081426,-1.0629450984345978,1.8555479811586144,-1.5820815076850823,0.8365721530078849,0.12780759066244288,0.927273372776745,0.18419965898826124,-1.4650975867442528,-0.743781385614552,-0.8609055589056629,0.2439757541667471,-0.16314018890606863,-0.6453583612238754,1.323883773155389,-0.455231363948302,-0.416901298312131,1.175854680589153,0.08837618722535691,0.20705552829823848,-1.6805147502649393,1.1548488094466673,-1.453982969211079,-0.5669116637249468,-1.5705884756858193,-1.0381992858338545,0.7850721189282872,2.239874149098463,0.08264981757665463,0.7675626272950743
