V1,V2,V3,V4,V5,V6,V7,V8,V9,V10,V11,V12,V13,V14,V15,V16,V17,V18,V19,V20,V21,V22,V23,V24,V25,V26,V27,V28,V29,V30,V31,V32,V33,V34,V35,V36,V37,V38,V39,V40,V41,V42,V43,V44
12.97132887269701,4.011157119010688,-10.5070805703892,3.823534979356833,4.833524208210256,9.328821246013268,-3.390566026647666,0.7049454395661756,-4.14379704296937,-2.6717603844363578,-2.3634760741976675,14.495489251765733,-5.913949974315343,-1.7641402264478803,1.648384301091525,7.066675008103989,1.6609041541437684,-8.329415338468245,-9.67265113848988,-9.816389372591638,3.6138328023486173,-4.388508371776486,6.557090863117989,1.7884436063860354,-2.2022005629408947,5.657930467780452,-2.92406233512632,1.64213815555605,-1.7161716118310624,3.6603520354947987,6.6995318848415994,-3.860091544616948,4.409199882158683,-11.40641096832311,-0.7578681059215462,-7.35026415884041,-12.145575923498928,-2.772130950646441,-12.874372404480852,0.873694685068665,-2.1857398242475963,12.824020630500067,7.503624263005802,3.196478761337109
4.011157119010688,1.3544981885235552,-3.385260355585045,1.209206288751614,1.4504938694067395,3.2655311588452864,-1.221660112359518,0.10805156443148164,-1.3256876098415942,-0.831975492735287,-0.32780090496980857,4.9535430973099785,-1.9173902826658413,-0.46970836526350407,0.7622677222438683,2.4740891995229055,0.6215691778229834,-2.598828349531716,-2.6071342930132326,-2.8122382041582052,1.4359730899835654,-1.2668825763514677,1.866337903357961,0.28416262875912157,-0.9581359177864127,1.9329026641101081,-0.9753620499780699,0.7636562780631336,-0.5253684790952706,1.385559405336019,2.0925352177896417,-1.4547358509910708,1.3395608445252474,-3.811759664481998,-0.5520910284535246,-2.6298060171703717,-4.044814161488043,-0.7421957846941541,-4.139700627532597,0.3638604432418024,-0.6026891203215504,4.15094106255024,2.432506860943993,0.898204137700798
-10.5070805703892,-3.385260355585045,8.674698027122941,-3.1268170915119815,-3.864052921697265,-8.016176481797563,2.9548598962655204,-0.43987670636167414,3.4090277714734527,2.1706058922348417,1.4273919943721969,-12.304382078920295,4.894885653440408,1.3384890400795806,-1.6382863140249657,-6.069886317247294,-1.477058540274065,6.775615224703355,7.370643725836394,7.680428600809415,-3.3097731784687934,3.446971862058862,-5.1145687497949925,-1.1230587450413008,2.1172895826681373,-4.804286651958854,2.452658974360368,-1.63657117627488,1.3819092651668627,-3.270141891006925,-5.452124587424964,3.442186572191419,-3.5397391641002884,9.58235588889729,0.9974195551611595,6.381960383142637,10.183394347207853,2.1068755159845587,10.615986124358612,-0.8160034648538086,1.682963460987927,-10.608893548346305,-6.209980759819513,-2.481698253925532
3.823534979356833,1.209206288751614,-3.1268170915119815,1.1401922767310886,1.4111365630085317,2.821290102822198,-1.0361659950364963,0.18474591196761672,-1.2306986695200541,-0.7925942610759228,-0.6245669232201534,4.3780188498970025,-1.7669619483848922,-0.5042645431360016,0.5379332289739533,2.144268876232531,0.5045723323846967,-2.460191836612461,-2.7847421392373723,-2.8577780196691096,1.1291748019832886,-1.2749319112309239,1.9065915013362933,0.48172219190743737,-0.7020774249171678,1.7031602883540733,-0.8783013865422423,0.5385508696966821,-0.5107880582361153,1.1291932003273504,1.9794197806774392,-1.1837635253586443,1.304937180440617,-3.418239495714872,-0.28205547244601,-2.2404644086037147,-3.6459386159802967,-0.7973141452599117,-3.8372905484328554,0.2895468237901334,-0.6294473891463788,3.8240621099148777,2.2444085559090623,0.9253391039565694
4.833524208210256,1.4504938694067395,-3.864052921697265,1.4111365630085317,1.820405247520144,3.3361781091976965,-1.1979098525632066,0.3051681422857184,-1.5268939464846465,-0.9926772313783446,-1.0275182084161238,5.218245887801291,-2.1685236181155565,-0.6876895632538049,0.5190033192308158,2.5230243232080065,0.5821867082234473,-3.096102238524931,-3.7431469972298843,-3.737414128158009,1.2262956336560806,-1.6690444848731567,2.5005500364301985,0.7622914184411256,-0.7171977694953876,2.0405077272530803,-1.0596153637964159,0.5143079918658947,-0.6390249315939561,1.2691325153630983,2.488415932900165,-1.3424795115930164,1.6473389083380021,-4.14494297493941,-0.16445602658392355,-2.6014937385559738,-4.412038311306517,-1.0762023229538096,-4.733457340678411,0.284221930980439,-0.8426799244338459,4.707384153055589,2.749891147361356,1.2279772758065495
9.328821246013268,3.2655311588452864,-8.016176481797563,2.821290102822198,3.3361781091976965,8.044467064356258,-3.0305952503112503,0.12462858785126914,-3.135283683089397,-1.9230696817220618,-0.2736823252399796,12.029159762970474,-4.5404127160759975,-1.0029099957789736,2.0558994500501293,6.074963282142637,1.589036944317023,-6.064352653573615,-5.587976310385992,-6.255341675769405,3.7070946295973632,-2.845643362399508,4.1399520306767075,0.3281592585703445,-2.5565870237032087,4.706942485899654,-2.3499555146252624,2.056762449287074,-1.1945365606061469,3.514617040085629,4.888914783303454,-3.7048927062363215,3.053482837290027,-9.191831608855733,-1.6675332627492319,-6.521782476329224,-9.713730427893527,-1.5776430850843155,-9.77175426126085,0.9107667370313309,-1.3157454098146808,9.839107695788957,5.750726295020451,1.9695748041769812
-3.390566026647666,-1.221660112359518,2.9548598962655204,-1.0361659950364963,-1.1979098525632066,-3.0305952503112503,1.1542130021703854,-0.014365580397433282,1.1509708922968496,0.7032619969772469,-0.010498396559052995,-4.514338020387395,1.6767195044802898,0.3413992500988791,-0.8199359612980245,-2.2916185997673604,-0.6033897807750022,2.21208177896343,1.9284405822664985,2.2148677077438332,-1.4389356939207794,1.00986643094435,-1.4592329227720116,-0.049058856510006014,1.0066833541748368,-1.7636449192329642,0.8767237053806347,-0.8225294020183311,0.43551695583544364,-1.3498026664759446,-1.7844726935705064,1.4182826757039055,-1.1085371319693484,3.4221240461775477,0.6961400103719707,2.4772484654691422,3.6210409619247512,0.5419039427345874,3.602557609823547,-0.36425283846696915,0.45741124293783797,-3.6319515849837063,-2.1274272300813584,-0.6893582771933654
0.7049454395661756,0.10805156443148164,-0.43987670636167414,0.18474591196761672,0.3051681422857184,0.12462858785126914,-0.014365580397433282,0.15052525306583375,-0.17911959609154926,-0.1455865669681775,-0.5364874715379154,0.32081091105847215,-0.23777640222955448,-0.17481828488117915,-0.161421343673394,0.09647325818961845,-0.02066049079158369,-0.43340601553088265,-0.9170566290936238,-0.7629207445800886,-0.12417997089149102,-0.3281059914457355,0.5189716138751531,0.3698710325250187,0.1610107366820228,0.12486345842315345,-0.08379268334499493,-0.16402617315479867,-0.1035090889715039,-0.054862427471654714,0.3439806641292392,0.057377442503777354,0.2708518915265759,-0.3365621248249267,0.282075437062335,-0.039869775763087194,-0.3743145391023571,-0.27196937557542034,-0.5498286462616232,-0.03780200590810255,-0.19359418880683862,0.5197912192141289,0.30390856122688853,0.273675614610566
-4.14379704296937,-1.3256876098415942,3.4090277714734527,-1.2306986695200541,-1.5268939464846465,-3.135283683089397,1.1509708922968496,-0.17911959609154926,1.343239123992767,0.852859892806736,0.5887309309590448,-4.818952746134856,1.9235914554291669,0.5318491860262281,-0.6285264659504759,-2.3743420229222636,-0.5764187351147819,2.668078931696432,2.9299857017345188,3.042094045929435,-1.284474056067451,1.3648451395745091,-2.029537535977808,-0.45936974254599866,0.8178156298768539,-1.8811909027127025,0.9642438146315506,-0.6272584979856359,0.5438782338967616,-1.2722257995846842,-2.1477255513670275,1.3418441398840029,-1.3953179334284622,3.758682895277455,0.3728452062137294,2.4927218462431004,3.994222466414862,0.8362336036087686,4.173075421221145,-0.3133178515296346,0.6678118201388248,-4.168317452534752,-2.438662973201932,-0.9806327488179412
-2.6717603844363578,-0.831975492735287,2.1706058922348417,-0.7925942610759228,-0.9926772313783446,-1.9230696817220618,0.7032619969772469,-0.1455865669681775,0.852859892806736,0.5570246980860795,0.4887294513020941,-2.9963129765234693,1.2249762550660426,0.36541393113452025,-0.3441786569312754,-1.4605519992872649,-0.3391972068004799,1.7194048803031943,1.9970918757672729,2.0267649100489487,-0.7458280783320285,0.9018998030017112,-1.3515806860024402,-0.370231245742976,0.4528656616278136,-1.1677778234213843,0.5997666458351489,-0.34423376129622285,0.35926484387484064,-0.7563447452989912,-1.3805828540898222,0.7911413406578454,-0.916881030474719,2.3534937213380007,0.1530942136619637,1.5156306036162805,2.509137700059455,0.576500670998925,2.6637893107162647,-0.19152388302425707,0.451073507559559,-2.6522382223056407,-1.5562707601812782,-0.66665313133215
-2.3634760741976675,-0.32780090496980857,1.4273919943721969,-0.6245669232201534,-1.0275182084161238,-0.2736823252399796,-0.010498396559052995,-0.5364874715379154,0.5887309309590448,0.4887294513020941,1.957089511672501,-0.9388979540656986,0.7740235301994752,0.6041792161497187,0.6266430689126462,-0.23087406190640616,0.12323582465838481,1.4404603966640503,3.22958378301523,2.6524832514896546,0.5227434969846474,1.131414608387296,-1.8105268306638012,-1.354027418366582,-0.6380349981472752,-0.35119724705827776,0.27102205730107787,0.6321305427243643,0.3589317320958762,0.27372031264815583,-1.1466150010789744,-0.29084059664211054,-0.9356198599559339,1.0245287978768947,-1.0608772729796783,0.025664753003784554,1.1771714283852541,0.951173015351982,1.8065297013535577,0.13366057915548496,0.6717885434008859,-1.6840910918369747,-0.9963124188737539,-0.934539074073342
14.495489251765733,4.9535430973099785,-12.304382078920295,4.3780188498970025,5.218245887801291,12.029159762970474,-4.514338020387395,0.32081091105847215,-4.818952746134856,-2.9963129765234693,-0.9388979540656986,18.180897525561264,-6.966906969713844,-1.6402531800762568,2.90032367287888,9.109353340227297,2.3110151579732596,-9.397167966984545,-9.183929765974613,-10.020421411410444,5.385334429394015,-4.530139939116761,6.643642851486592,0.8678517641538023,-3.6345334295189575,7.0935209782194955,-3.582710488656176,2.9065613197691498,-1.884789813278167,5.158186814047027,7.576015109872558,-5.426106448866618,4.81307540598185,-13.940283017959224,-2.2004313922283423,-9.733120827673755,-14.793508571724113,-2.5969793108109234,-15.036584459494135,1.3542726232313813,-2.1300207869429766,15.090318811180852,8.840262836602799,3.16207076223329
-5.913949974315343,-1.9173902826658413,4.894885653440408,-1.7669619483848922,-2.1685236181155565,-4.5404127160759975,1.6767195044802898,-0.23777640222955448,1.9235914554291669,1.2249762550660426,0.7740235301994752,-6.966906969713844,2.7683952467465054,0.7493631314179152,-0.9441659486823042,-3.4424717982136754,-0.8387663850001961,3.8156192618572553,4.121120719167148,4.309094826765076,-1.8878233514235967,1.9302558003149444,-2.8708436273653994,-0.6114661191009837,1.2128691049323086,-2.7175834739576676,1.384196291339268,-0.9440879066265799,0.7813811251513493,-1.8609716341276084,-3.0691789598413743,1.954193097812042,-1.9960293967785665,5.416370289617722,0.5816611857495771,3.6170253179592744,5.754867507589046,1.1801952912675617,5.994729672449789,-0.4749368747751226,0.9415587830910898,-5.992374146137389,-3.51077787216548,-1.394758297598349
-1.7641402264478803,-0.46970836526350407,1.3384890400795806,-0.5042645431360016,-0.6876895632538049,-1.0029099957789736,0.3413992500988791,-0.17481828488117915,0.5318491860262281,0.36541393113452025,0.6041792161497187,-1.6402531800762568,0.7493631314179152,0.2995598929260077,-0.04983468037920143,-0.7604334500811389,-0.15167637211011725,1.1207000841063879,1.5858974918180828,1.4940701229211668,-0.26568460324458193,0.6568611929420581,-1.0061953252182765,-0.42852433977987553,0.10278083743003487,-0.6418534108008367,0.33915280419602395,-0.04650916051418235,0.24136965827143667,-0.32069910407262614,-0.8955719587282861,0.3365984313815832,-0.6212061928511137,1.3549815282479702,-0.12647768856753117,0.7402041569292779,1.445261024221893,0.46544364201480015,1.6471719582323097,-0.05936387948100158,0.35074560134901306,-1.6241093448044044,-0.9490314450212665,-0.513415958675868
1.648384301091525,0.7622677222438683,-1.6382863140249657,0.5379332289739533,0.5190033192308158,2.0558994500501293,-0.8199359612980245,-0.161421343673394,-0.6285264659504759,-0.3441786569312754,0.6266430689126462,2.90032367287888,-0.9441659486823042,-0.04983468037920143,0.7807830880561134,1.5506114493503462,0.46426973446061537,-1.1073812110287704,-0.3418166596931719,-0.727707651080195,1.1845489716616953,-0.35365306450529427,0.4609566528696607,-0.39370768607813006,-0.9146463984609452,1.1358149401136548,-0.5347552929936735,0.7850821288035921,-0.19701676946195673,1.0421385318469976,0.8977230680259075,-1.093791077119348,0.49164096319702766,-2.095851159640683,-0.8268571763570881,-1.7449030122708546,-2.190626160838978,-0.08295063556449468,-1.9804094772544438,0.30635508599511724,-0.11013094840669425,2.03855896708743,1.1933730753696576,0.19208719747276773
7.066675008103989,2.4740891995229055,-6.069886317247294,2.144268876232531,2.5230243232080065,6.074963282142637,-2.2916185997673604,0.09647325818961845,-2.3743420229222636,-1.4605519992872649,-0.23087406190640616,9.109353340227297,-3.4424717982136754,-0.7604334500811389,1.5506114493503462,4.596250847382,1.1921795999367242,-4.592632127503222,-4.258304375579141,-4.756173098412728,2.7980144769430897,-2.1580119366523705,3.148752086011324,0.26775352522815893,-1.9248811312103555,3.5578024358348013,-1.7818138724984995,1.5536177754463694,-0.9117739801855521,2.6530601765775232,3.702983018593384,-2.7914381947771116,2.3255153753508293,-6.951420961332007,-1.2473257132941247,-4.933015348018575,-7.358943320702395,-1.201747142963147,-7.408786926442711,0.7018102988783927,-0.9985956729418016,7.453626016918062,4.363432994337244,1.4939175369825768
1.6609041541437684,0.6215691778229834,-1.477058540274065,0.5045723323846967,0.5821867082234473,1.589036944317023,-0.6033897807750022,-0.02066049079158369,-0.5764187351147819,-0.3391972068004799,0.12323582465838481,2.3110151579732596,-0.8387663850001961,-0.15167637211011725,0.46426973446061537,1.1921795999367242,0.33676283449123373,-1.0875586884335517,-0.8266125766704807,-1.0131121486929087,0.7848638137593353,-0.46957547381006265,0.6679602733116009,-0.06221383389645327,-0.5683116190364798,0.9108273731873046,-0.4407937397888745,0.4627286812151533,-0.2031578467941097,0.726859260813267,0.8765896981314477,-0.7699504472644448,0.52049293691542875,-1.750274003989687,-0.42639590857683457,-1.293050931419128,-1.8276084391485263,-0.2322640288709238,-1.7886566455709245,0.18257225941535682,-0.2054024513776881,1.818193503142361,1.055621328989128,0.3172283746237165
-8.329415338468245,-2.598828349531716,6.775615224703355,-2.460191836612461,-3.096102238524931,-6.064352653573615,2.21208177896343,-0.43340601553088265,2.668078931696432,1.7194048803031943,1.4404603966640503,-9.397167966984545,3.8156192618572553,1.1207000841063879,-1.1073812110287704,-4.592632127503222,-1.0875586884335517,5.355693293145929,6.138441342668686,6.2612682491214695,-2.3802987040903245,2.8006478897162577,-4.178027782398296,-1.0961969300920773,1.4658130075313853,-3.6694094983576364,1.8877225571242788,-1.103861811429133,1.1019503449223467,-2.399244812133708,-4.306456158488711,2.5270186624383744,-2.8277493964695832,7.380624799663416,0.5459262386943302,4.785570897276086,7.8537227787077475,1.76111755351743,8.299292912239121,-0.5795738364402565,1.3907996619607117,-8.273240440224484,-4.841565037450938,-2.041423624698184
-9.67265113848988,-2.6071342930132326,7.370643725836394,-2.7847421392373723,-3.7431469972298843,-5.587976310385992,1.9284405822664985,-0.9170566290936238,2.9299857017345188,1.9970918757672729,3.22958378301523,-9.183929765974613,4.121120719167148,1.5858974918180828,-0.3418166596931719,-4.258304375579141,-0.8266125766704807,6.138441342668686,8.625083060854168,8.152473650244104,-1.5629466856374787,3.5908404386145616,-5.48106090356169,-2.3238190122931504,0.6446758971070219,-3.5680583425065997,1.9307971003759434,-0.33420102820322073,1.3271144403474986,-1.8279560337429062,-4.925619371684566,1.9229260837092907,-3.4200842551132857,7.495804318784927,-0.5856612553504208,4.225204933445997,8.070288641780868,2.4966509524225815,9.089363796705303,-0.37718362325952204,1.8922967510719446,-8.940943594321787,-5.245111379774878,-2.7219317644691463
-9.816389372591638,-2.8122382041582052,7.680428600809415,-2.8577780196691096,-3.737414128158009,-6.255341675769405,2.2148677077438332,-0.7629207445800886,3.042094045929435,2.0267649100489487,2.6524832514896546,-10.020421411410444,4.309094826765076,1.4940701229211668,-0.727707651080195,-4.756173098412728,-1.0131121486929087,6.2612682491214695,8.152473650244104,7.920792173413895,-2.070668506715682,3.507292156927315,-5.311687174108511,-1.9371254860774534,1.080295981036442,-3.8993906176957327,2.0663592605450924,-0.7219587413831839,1.3292205912725958,-2.241137122181743,-5.02894055010507,2.357830523635975,-3.41851512295633,8.0395128634842,-0.10409862138633051,4.825738578274414,8.615264936352935,2.3517596204489255,9.447957105986509,-0.5058677423821588,1.80811062278802,-9.343749743988887,-5.477592494789513,-2.6194416702944414
3.6138328023486173,1.4359730899835654,-3.3097731784687934,1.1291748019832886,1.2262956336560806,3.7070946295973632,-1.4389356939207794,-0.12417997089149102,-1.284474056067451,-0.7458280783320285,0.5227434969846474,5.385334429394015,-1.8878233514235967,-0.26568460324458193,1.1845489716616953,2.7980144769430897,0.7848638137593353,-2.3802987040903245,-1.5629466856374787,-2.070668506715682,1.931945517880894,-0.9651385851715587,1.3512251942186342,-0.2911242442358705,-1.4234708707968537,2.1065099939923315,-1.0274041964940006,1.1890905303140102,-0.4478677734206204,1.7540436253296736,1.9263091989637198,-1.8472789246360088,1.136666939986468,-3.9991033399464615,-1.1462191635152768,-3.085425202142435,-4.2091383199806645,-0.4241241584752272,-4.019259121760342,0.48670698529421585,-0.3941998841732612,4.086496556451637,2.3903863855444265,0.608295428326627
-4.388508371776486,-1.2668825763514677,3.446971862058862,-1.2749319112309239,-1.6690444848731567,-2.845643362399508,1.00986643094435,-0.3281059914457355,1.3648451395745091,0.9018998030017112,1.131414608387296,-4.530139939116761,1.9302558003149444,0.6568611929420581,-0.35365306450529427,-2.1580119366523705,-0.46957547381006265,2.8006478897162577,3.5908404386145616,3.507292156927315,-0.9651385851715587,1.559203152743306,-2.349957827064794,-0.8295488801698714,0.518805933713122,-1.7661632611205869,0.9340398831643406,-0.3501634849096359,0.5878709725606317,-1.0327554656953277,-2.251296343220299,1.0915904363246645,-1.5166789709268491,3.6283696189112034,-0.0018317033589715203,2.2025287870264996,3.882926697535848,1.0323552968775476,4.232971629954356,-0.22610899364093384,0.7988643001047886,-4.191445403147327,-2.4530877219442186,-1.1538794692446537
6.557090863117989,1.866337903357961,-5.1145687497949925,1.9065915013362933,2.5005500364301985,4.1399520306767075,-1.4592329227720116,0.5189716138751531,-2.029537535977808,-1.3515806860024402,-1.8105268306638012,6.643642851486592,-2.8708436273653994,-1.0061953252182765,0.4609566528696607,3.148752086011324,0.6679602733116009,-4.178027782398296,-5.48106090356169,-5.311687174108511,1.3512251942186342,-2.349957827064794,3.5668431699143577,1.317820534332718,-0.6949412300539531,2.5849659827873026,-1.3727262617290519,0.4562768868888589,-0.8879780952815977,1.4714158569063387,3.3553716968439087,-1.5494626448608864,2.284570549143705,-5.34092100783782,0.10247884721736765,-3.1845488664195742,-5.721476676746921,-1.5817218131983741,-6.293770050692927,0.3278962286758959,-1.2145876970337746,6.222177440891798,3.646437390572951,1.7583630678021078
1.7884436063860354,0.28416262875912157,-1.1230587450413008,0.48172219190743737,0.7622914184411256,0.3281592585703445,-0.049058856510006014,0.3698710325250187,-0.45936974254599866,-0.370231245742976,-1.354027418366582,0.8678517641538023,-0.6114661191009837,-0.42852433977987553,-0.39370768607813006,0.26775352522815893,-0.06221383389645327,-1.0961969300920773,-2.3238190122931504,-1.9371254860774534,-0.2911242442358705,-0.8295488801698714,1.317820534332718,0.9436506871406745,0.3931750879365302,0.3247352474100514,-0.23394449213255586,-0.39586986706702953,-0.2695595698548301,-0.12565773772914388,0.8758824963826292,0.1349046037338342,0.7013310159836746,-0.8654195646125739,0.6972533329861305,-0.1423724052963102,-0.9910556062216223,-0.6794497371686585,-1.4180221109968627,-0.06997364231081483,-0.48364240489143606,1.3310007380658693,0.7898227560549366,0.6697390687538033
-2.2022005629408947,-0.9581359177864127,2.1172895826681373,-0.7020774249171678,-0.7171977694953876,-2.5565870237032087,1.0066833541748368,0.1610107366820228,0.8178156298768539,0.4528656616278136,-0.6380349981472752,-3.6345334295189575,1.2128691049323086,0.10278083743003487,-0.9146463984609452,-1.9248811312103555,-0.5683116190364798,1.4658130075313853,0.6446758971070219,1.080295981036442,-1.4234708707968537,0.518805933713122,-0.6949412300539531,0.3931750879365302,1.0847664003262667,-1.425012507359818,0.6807257750387238,-0.9180300914718159,0.26222251559461096,-1.26491902477972,-1.1889143972767595,1.3340805449264843,-0.6632553675444919,2.656233000491655,0.9490291714091518,2.1533176685627455,2.7789986934620075,0.1644719780966377,2.559584511702195,-0.3554721762202653,0.18292221854698434,-2.624699911517758,-1.5320165136920887,-0.29618411721852556
5.657930467780452,1.9329026641101081,-4.804286651958854,1.7031602883540733,2.0405077272530803,4.706942485899654,-1.7636449192329642,0.12486345842315345,-1.8811909027127025,-1.1677778234213843,-0.35119724705827776,7.0935209782194955,-2.7175834739576676,-0.6418534108008367,1.1358149401136548,3.5578024358348013,0.9108273731873046,-3.6694094983576364,-3.5680583425065997,-3.8993906176957327,2.1065099939923315,-1.7661632611205869,2.5849659827873026,0.3247352474100514,-1.425012507359818,2.7734639671505876,-1.394436570012173,1.1363159877737234,-0.731100944315974,2.018492810623679,2.956732413585362,-2.1266127378505093,1.8698825445827307,-5.448333319024372,-0.8668980249938281,-3.7993384204663094,-5.769731176387642,-1.0111956320378026,-5.863863909268774,0.5193777573824612,-0.8310937512525921,5.890004539122159,3.4450221735648663,1.2369134014308485
-2.92406233512632,-0.9753620499780699,2.452658974360368,-0.8783013865422423,-1.0596153637964159,-2.3499555146252624,0.8767237053806347,-0.08379268334499493,0.9642438146315506,0.5997666458351489,0.27102205730107787,-3.582710488656176,1.384196291339268,0.33915280419602395,-0.5347552929936735,-1.7818138724984995,-0.4407937397888745,1.8877225571242788,1.9307971003759434,2.0663592605450924,-1.0274041964940006,0.9340398831643406,-1.3727262617290519,-0.23394449213255586,0.6807257750387238,-1.394436570012173,0.7183546717892185,-0.5364034930314269,0.38021225233516853,-0.9906578474333348,-1.5253294235327046,1.0464823790413305,-0.9760416521848545,2.753804185008437,0.38665305302353986,1.9049962428608567,2.936494300701452,0.5404113495283911,3.000996898557019,-0.25552949563636923,0.44185344210471383,-3.002204188151232,-1.7597639373221017,-0.641413691012072
1.64213815555605,0.7636562780631336,-1.63657117627488,0.5385508696966821,0.5143079918658947,2.056762449287074,-0.8225294020183311,-0.16402617315479867,-0.6272584979856359,-0.34423376129622285,0.6321305427243643,2.9065613197691498,-0.9440879066265799,-0.04650916051418235,0.7850821288035921,1.5536177754463694,0.4627286812151533,-1.103861811429133,-0.33420102820322073,-0.7219587413831839,1.1890905303140102,-0.3501634849096359,0.4562768868888589,-0.39586986706702953,-0.9180300914718159,1.1363159877737234,-0.5364034930314269,0.7904001169058341,-0.1979429390501997,1.0449337734257522,0.8953618152050977,-1.095207491084409,0.4925647771479418,-2.095099648489197,-0.8314975574246389,-1.7506504677391954,-2.194436777857255,-0.08004323617337146,-1.9806287559526523,0.3119417175866272,-0.10751411207294143,2.037419877395342,1.194959405044426,0.18778595465858083
-1.7161716118310624,-0.5253684790952706,1.3819092651668627,-0.5107880582361153,-0.6390249315939561,-1.1945365606061469,0.43551695583544364,-0.1035090889715039,0.5438782338967616,0.35926484387484064,0.3589317320958762,-1.884789813278167,0.7813811251513493,0.24136965827143667,-0.19701676946195673,-0.9117739801855521,-0.2031578467941097,1.1019503449223467,1.3271144403474986,1.3292205912725958,-0.4478677734206204,0.5878709725606317,-0.8879780952815977,-0.2695595698548301,0.26222251559461096,-0.731100944315974,0.38021225233516853,-0.1979429390501997,0.23480784493365847,-0.46035544773559167,-0.8848569779585006,0.4790070575282059,-0.5973489963999185,1.4826542884733072,0.0641724670312315,0.9404477399780046,1.588347571043206,0.3831558763337662,1.701588813218287,-0.1216021891341018,0.2966756662323245,-1.688879477125196,-0.9943358816507507,-0.4367625749769844
3.6603520354947987,1.385559405336019,-3.270141891006925,1.1291932003273504,1.2691325153630983,3.514617040085629,-1.3498026664759446,-0.054862427471654714,-1.2722257995846842,-0.7563447452989912,0.27372031264815583,5.158186814047027,-1.8609716341276084,-0.32069910407262614,1.0421385318469976,2.6530601765775232,0.726859260813267,-2.399244812133708,-1.8279560337429062,-2.241137122181743,1.7540436253296736,-1.0327554656953277,1.4714158569063387,-0.12565773772914388,-1.26491902477972,2.018492810623679,-0.9906578474333348,1.0449337734257522,-0.46035544773559167,1.6169843960983126,1.9377154598748334,-1.7022380958247665,1.1706086701782725,-3.8726988425394318,-0.9558072931081091,-2.8949219033880285,-4.080062832249776,-0.5074723785086462,-3.9768206664840346,0.43910391596320403,-0.44679431220812865,4.029149346804157,2.3559990506609814,0.6828404324082015
6.6995318848415994,2.0925352177896417,-5.452124587424964,1.9794197806774392,2.488415932900165,4.888914783303454,-1.7844726935705064,0.3439806641292392,-2.1477255513670275,-1.3805828540898222,-1.1466150010789744,7.576015109872558,-3.0691789598413743,-0.8955719587282861,0.8977230680259075,3.702983018593384,0.8765896981314477,-4.306456158488711,-4.925619371684566,-5.02894055010507,1.9263091989637198,-2.251296343220299,3.3553716968439087,0.8758824963826292,-1.1889143972767595,2.956732413585362,-1.5253294235327046,0.8953618152050977,-0.8848569779585006,1.9377154598748334,3.465170334135921,-2.0427955034852117,2.2726276450388814,-5.944029291265117,-0.45230882970714426,-3.8658598449550015,-6.329588606521749,-1.409228699430997,-6.678293639612135,0.46806817850196136,-1.1150959314370068,6.6564972483595835,3.8958140019503307,1.6313989192515634
-3.860091544616948,-1.4547358509910708,3.442186572191419,-1.1837635253586443,-1.3424795115930164,-3.7048927062363215,1.4182826757039055,0.057377442503777354,1.3418441398840029,0.7911413406578454,-0.29084059664211054,-5.426106448866618,1.954193097812042,0.3365984313815832,-1.093791077119348,-2.7914381947771116,-0.7699504472644448,2.5270186624383744,1.9229260837092907,2.357830523635975,-1.8472789246360088,1.0915904363246645,-1.5494626448608864,0.1349046037338342,1.3340805449264843,-2.1266127378505093,1.0464823790413305,-1.095207491084409,0.4790070575282059,-1.7022380958247665,-2.0427955034852117,1.7994564402178077,-1.2247508081213376,4.07972297180525,1.010864237046093,3.0505043314887166,4.294094995779889,0.5300828076715575,4.180324496852342,-0.44921771994672544,0.47093185260219955,-4.236897718415757,-2.4721479755813136,-0.7126408815468713
4.409199882158683,1.3395608445252474,-3.5397391641002884,1.304937180440617,1.6473389083380021,3.053482837290027,-1.1085371319693484,0.2708518915265759,-1.3953179334284622,-0.916881030474719,-0.9356198599559339,4.81307540598185,-1.9960293967785665,-0.6212061928511137,0.49164096319702766,2.3255153753508293,0.52049293691542875,-2.8277493964695832,-3.4200842551132857,-3.41851512295633,1.136666939986468,-1.5166789709268491,2.284570549143705,0.7013310159836746,-0.6632553675444919,1.8698825445827307,-0.9760416521848545,0.4925647771479418,-0.5973489963999185,1.1706086701782725,2.2726276450388814,-1.2247508081213376,1.5266171472177414,-3.794923509825946,-0.15630707246370087,-2.4015556065135657,-4.06306915927343,-0.9838954268486709,-4.353272257758657,0.29609417936992904,-0.7647855013647223,4.32086406960566,2.5391191639085604,1.118284779565313
-11.40641096832311,-3.811759664481998,9.58235588889729,-3.418239495714872,-4.14494297493941,-9.191831608855733,3.4221240461775477,-0.3365621248249267,3.758682895277455,2.3534937213380007,1.0245287978768947,-13.940283017959224,5.416370289617722,1.3549815282479702,-2.095851159640683,-6.951420961332007,-1.750274003989687,7.380624799663416,7.495804318784927,8.0395128634842,-3.9991033399464615,3.6283696189112034,-5.34092100783782,-0.8654195646125739,2.656233000491655,-5.448333319024372,2.753804185008437,-2.095099648489197,1.4826542884733072,-3.8726988425394318,-5.944029291265117,4.07972297180525,-3.794923509825946,10.763767792418317,1.4959415260214397,7.379691410203071,11.409212974726742,2.13205986521429,11.706676940438506,-0.9836888698892182,1.7326868840971976,-11.737891423015526,-6.866023154010918,-2.569758831454653
-0.7578681059215462,-0.5520910284535246,0.9974195551611595,-0.28205547244601,-0.16445602658392355,-1.6675332627492319,0.6961400103719707,0.282075437062335,0.3728452062137294,0.1530942136619637,-1.0608772729796783,-2.2004313922283423,0.5816611857495771,-0.12647768856753117,-0.8268571763570881,-1.2473257132941247,-0.42639590857683457,0.5459262386943302,-0.5856612553504208,-0.10409862138633051,-1.1462191635152768,-0.0018317033589715203,0.10247884721736765,0.6972533329861305,0.9490291714091518,-0.8668980249938281,0.38665305302353986,-0.8314975574246389,0.0641724670312315,-0.9558072931081091,-0.45230882970714426,1.010864237046093,-0.15630707246370087,1.4959415260214397,0.9946495358448896,1.4786724463777505,1.539198231920234,-0.19434963384671305,1.1792841827603378,-0.28553656645547615,-0.08973328747609251,-1.2606068971773683,-0.7322859019007105,0.1034524823042733
-7.35026415884041,-2.6298060171703717,6.381960383142637,-2.2404644086037147,-2.6014937385559738,-6.521782476329224,2.4772484654691422,-0.039869775763087194,2.4927218462431004,1.5156306036162805,0.025664753003784554,-9.733120827673755,3.6170253179592744,0.7402041569292779,-1.7449030122708546,-4.933015348018575,-1.293050931419128,4.785570897276086,4.225204933445997,4.825738578274414,-3.085425202142435,2.2025287870264996,-3.1845488664195742,-0.1423724052963102,2.1533176685627455,-3.7993384204663094,1.9049962428608567,-1.7506504677391954,0.9404477399780046,-2.8949219033880285,-3.8658598449550015,3.0505043314887166,-2.4015556065135657,7.379691410203071,1.4786724463777505,5.340137115073412,7.820812075599237,1.1779944411439307,7.783221181076287,-0.7733286381266362,0.9969440829817123,-7.8390820946939606,-4.590647036959849,-1.4833799050265375
-12.145575923498928,-4.044814161488043,10.183394347207853,-3.6459386159802967,-4.412038311306517,-9.713730427893527,3.6210409619247512,-0.3743145391023571,3.994222466414862,2.509137700059455,1.1771714283852541,-14.793508571724113,5.754867507589046,1.445261024221893,-2.190626160838978,-7.358943320702395,-1.8276084391485263,7.8537227787077475,8.070288641780868,8.615264936352935,-4.2091383199806645,3.882926697535848,-5.721476676746921,-0.9910556062216223,2.7789986934620075,-5.769731176387642,2.936494300701452,-2.194436777857255,1.588347571043206,-4.080062832249776,-6.329588606521749,4.294094995779889,-4.06306915927343,11.409212974726742,1.539198231920234,7.820812075599237,12.12957981016468,2.288024241656884,12.455649086478905,-1.053754003186516,1.8549174379619287,-12.47149201260228,-7.307079953652348,-2.7357301323479324
-2.772130950646441,-0.7421957846941541,2.1068755159845587,-0.7973141452599117,-1.0762023229538096,-1.5776430850843155,0.5419039427345874,-0.27196937557542034,0.8362336036087686,0.576500670998925,0.951173015351982,-2.5969793108109234,1.1801952912675617,0.46544364201480015,-0.08295063556449468,-1.201747142963147,-0.2322640288709238,1.76111755351743,2.4966509524225815,2.3517596204489255,-0.4241241584752272,1.0323552968775476,-1.5817218131983741,-0.6794497371686585,0.1644719780966377,-1.0111956320378026,0.5404113495283911,-0.08004323617337146,0.3831558763337662,-0.5074723785086462,-1.409228699430997,0.5300828076715575,-0.9838954268486709,2.13205986521429,-0.19434963384671305,1.1779944411439307,2.288024241656884,0.7295954932089254,2.5984674975809985,-0.10452213601012118,0.5492543503056682,-2.557166303208407,-1.4997167718373856,-0.7994397909382345
-12.874372404480852,-4.139700627532597,10.615986124358612,-3.8372905484328554,-4.733457340678411,-9.77175426126085,3.602557609823547,-0.5498286462616232,4.173075421221145,2.6637893107162647,1.8065297013535577,-15.036584459494135,5.994729672449789,1.6471719582323097,-1.9804094772544438,-7.408786926442711,-1.7886566455709245,8.299292912239121,9.089363796705303,9.447957105986509,-4.019259121760342,4.232971629954356,-6.293770050692927,-1.4180221109968627,2.559584511702195,-5.863863909268774,3.000996898557019,-1.9806287559526523,1.701588813218287,-3.9768206664840346,-6.678293639612135,4.180324496852342,-4.353272257758657,11.706676940438506,1.1792841827603378,7.783221181076287,12.455649086478905,2.5984674975809985,13.003272177699182,-1.0061846908728462,2.070152163408186,-12.985669610344434,-7.608749409276052,-3.050936674681465
0.873694685068665,0.3638604432418024,-0.8160034648538086,0.2895468237901334,0.284221930980439,0.9107667370313309,-0.36425283846696915,-0.03780200590810255,-0.3133178515296346,-0.19152388302425707,0.13366057915548496,1.3542726232313813,-0.4749368747751226,-0.05936387948100158,0.30635508599511724,0.7018102988783927,0.18257225941535682,-0.5795738364402565,-0.37718362325952204,-0.5058677423821588,0.48670698529421585,-0.22610899364093384,0.3278962286758959,-0.06997364231081483,-0.3554721762202653,0.5193777573824612,-0.25552949563636923,0.3119417175866272,-0.1216021891341018,0.43910391596320403,0.46806817850196136,-0.44921771994672544,0.29609417936992904,-0.9836888698892182,-0.28553656645547615,-0.7733286381266362,-1.053754003186516,-0.10452213601012118,-1.0061846908728462,0.15240410312143404,-0.09133657127729566,1.016046595255306,0.6076342627540731,0.14761176161354359
-2.1857398242475963,-0.6026891203215504,1.682963460987927,-0.6294473891463788,-0.8426799244338459,-1.3157454098146808,0.45741124293783797,-0.19359418880683862,0.6678118201388248,0.451073507559559,0.6717885434008859,-2.1300207869429766,0.9415587830910898,0.35074560134901306,-0.11013094840669425,-0.9985956729418016,-0.2054024513776881,1.3907996619607117,1.8922967510719446,1.80811062278802,-0.3941998841732612,0.7988643001047886,-1.2145876970337746,-0.48364240489143606,0.18292221854698434,-0.8310937512525921,0.44185344210471383,-0.10751411207294143,0.2966756662323245,-0.44679431220812865,-1.1150959314370068,0.47093185260219955,-0.7647855013647223,1.7326868840971976,-0.08973328747609251,0.9969440829817123,1.8549174379619287,0.5492543503056682,2.070152163408186,-0.09133657127729566,0.4187307073078396,-2.0432656561983586,-1.195749342357439,-0.6067478054801266
12.824020630500067,4.15094106255024,-10.608893548346305,3.8240621099148777,4.707384153055589,9.839107695788957,-3.6319515849837063,0.5197912192141289,-4.168317452534752,-2.6522382223056407,-1.6840910918369747,15.090318811180852,-5.992374146137389,-1.6241093448044044,2.03855896708743,7.453626016918062,1.818193503142361,-8.273240440224484,-8.940943594321787,-9.343749743988887,4.086496556451637,-4.191445403147327,6.222177440891798,1.3310007380658693,-2.624699911517758,5.890004539122159,-3.002204188151232,2.037419877395342,-1.688879477125196,4.029149346804157,6.6564972483595835,-4.236897718415757,4.32086406960566,-11.737891423015526,-1.2606068971773683,-7.8390820946939606,-12.47149201260228,-2.557166303208407,-12.985669610344434,1.016046595255306,-2.0432656561983586,12.980925745212861,7.601025671730883,3.019841664452905
7.503624263005802,2.432506860943993,-6.209980759819513,2.2444085559090623,2.749891147361356,5.750726295020451,-2.1274272300813584,0.30390856122688853,-2.438662973201932,-1.5562707601812782,-0.9963124188737539,8.840262836602799,-3.51077787216548,-0.9490314450212665,1.1933730753696576,4.363432994337244,1.055621328989128,-4.841565037450938,-5.245111379774878,-5.477592494789513,2.3903863855444265,-2.4530877219442186,3.646437390572951,0.7898227560549366,-1.5320165136920887,3.4450221735648663,-1.7597639373221017,1.194959405044426,-0.9943358816507507,2.3559990506609814,3.8958140019503307,-2.4721479755813136,2.5391191639085604,-6.866023154010918,-0.7322859019007105,-4.590647036959849,-7.307079953652348,-1.4997167718373856,-7.608749409276052,0.6076342627540731,-1.195749342357439,7.601025671730883,4.457397367353333,1.7671460632618292
3.196478761337109,0.898204137700798,-2.481698253925532,0.9253391039565694,1.2279772758065495,1.9695748041769812,-0.6893582771933654,0.273675614610566,-0.9806327488179412,-0.66665313133215,-0.934539074073342,3.16207076223329,-1.394758297598349,-0.513415958675868,0.19208719747276773,1.4939175369825768,0.3172283746237165,-2.041423624698184,-2.7219317644691463,-2.6194416702944414,0.608295428326627,-1.1538794692446537,1.7583630678021078,0.6697390687538033,-0.29618411721852556,1.2369134014308485,-0.641413691012072,0.18778595465858083,-0.4367625749769844,0.6828404324082015,1.6313989192515634,-0.7126408815468713,1.118284779565313,-2.569758831454653,0.1034524823042733,-1.4833799050265375,-2.7357301323479324,-0.7994397909382345,-3.050936674681465,0.14761176161354359,-0.6067478054801266,3.019841664452905,1.7671460632618292,0.8976532387781181
