V1,V2,V3,V4,V5,V6,V7,V8,V9,V10,V11,V12,V13,V14,V15,V16,V17,V18,V19,V20,V21,V22,V23,V24,V25,V26,V27,V28,V29,V30,V31,V32,V33,V34,V35,V36,V37,V38,V39,V40,V41,V42,V43,V44
6.659000771681507,1.9870817187374177,-5.363025332088823,2.327996854232356,2.59057234161813,4.985420055225313,-1.8123675106340795,-0.18409348620254828,-2.566903766856429,-1.3313773392064856,-1.1820421827433167,7.616260831658088,-3.1133234950305306,-1.1012119219944518,1.0550050163642124,3.6448497258075108,0.36556471452679967,-4.34536006023159,-4.683026613034127,-4.6992503283888265,2.255943614089473,-2.109937278485758,3.480143236100485,0.6441072088927227,-1.1376933186445126,3.1512915548241556,-1.5095830132200676,0.7602580996749794,-0.8512806891611038,1.7834978125618766,3.3626808727879194,-1.898234641898839,2.3356758026632325,-6.553142956303567,-0.5161308229233857,-3.85977004885093,-6.186674117169306,-1.5748439927606044,-6.699913564387786,0.6655829574529387,-1.4479943414529288,6.395115101790131,3.893495219380646,1.5887602757293302
1.9870817187374177,0.8753933816550628,-1.8373936378642508,0.07990990045171895,0.517129642463066,1.6453163053844708,-0.6453657639472127,0.7708032986655737,-0.04152252570926873,-0.47602425885820415,0.12954331582710585,2.5996388608240295,-0.9092684005153322,0.12576427864109832,0.2810650292046442,1.4464796028618858,1.1198840600597677,-1.201727949617728,-1.3902905077219465,-1.712220801698654,0.38808103250651577,-0.7643099031276394,0.6201411535492384,0.3251749125126961,-0.6995093530573976,0.7460248776246223,-0.5355883603734236,0.7206485887864644,-0.30069591169495946,1.0433338234463236,1.1688913101112737,-1.0662065878803157,0.5392525759804109,-1.0916953913447398,-0.35514054152524477,-1.4842447561964034,-2.327690701688123,-0.042672932903737394,-2.052552468199263,-0.058684591080318746,0.24898555498658576,2.4914700391357334,1.2405696805605142,0.4392688471018792
-5.363025332088823,-1.8373936378642508,4.518693011772675,-1.3604837135044998,-1.8715763118411572,-4.1498675702819225,1.5484421931497099,-0.5428183068624146,1.4604422512908737,1.1382463839343366,0.5458748448212127,-6.410586662781357,2.4913672064584844,0.5056834160205703,-0.822827795107084,-3.237575430155823,-1.1417830436156142,3.420535708827741,3.7635320531624186,4.043182693398777,-1.579404260700356,1.811970067583086,-2.451457487228858,-0.6288875180722657,1.2193134113833324,-2.3759208393871316,1.2879031469805926,-1.0266029557907088,0.724732775032832,-1.8660168411782712,-2.8470212747426524,1.948858097534715,-1.7485367902083548,4.555271384749223,0.5860714397482749,3.388703591456679,5.38752094432421,0.909555317499336,5.441301860332786,-0.3205571835256808,0.5950869787523461,-5.6403660489008836,-3.202065924967904,-1.2496917460617571
2.327996854232356,0.07990990045171895,-1.3604837135044998,2.1606450438146507,1.4641602364515909,1.410823469876206,-0.41068841269910705,-1.875060038014004,-2.4839656111249777,-0.2931059122997303,-1.455653867198308,1.9620874555877192,-1.1344308084360146,-1.3766948056589114,0.4508396795182988,0.49785182440482473,-2.080890047669392,-1.7280354544549392,-1.640168892834547,-0.9572425413454717,1.422323122661781,-0.44030339333711693,2.1269147183690333,-0.07443814467602095,0.38132881644625577,1.5326166307258338,-0.34424570272330557,-0.8077291718006312,-0.19524712753315204,-0.48687620236322554,0.8140922724770205,0.4215880685057721,1.1604114297809733,-4.190115293489602,0.24919110559015417,-0.6327179779908711,-1.1179560466170935,-1.4815450995934425,-2.230361887002588,0.7978852532126632,-1.9941975100648055,0.9656236289344245,1.1917807420951594,0.6282907035222081
2.59057234161813,0.517129642463066,-1.8715763118411572,1.4641602364515909,1.240562939318162,1.7979647619875045,-0.6106868394203582,-0.8231437274089483,-1.6580140292023922,-0.44636020500325646,-0.8955854951012061,2.6685239847096476,-1.229570562455542,-0.8413011108807791,0.4426454011871021,1.0936819341569672,-0.7760653296227009,-1.7765402629921863,-1.8257926892139538,-1.5446832237226422,1.1394991885293764,-0.6974051189752956,1.733246837620501,0.1275994972866274,-0.11718092824392437,1.4041798670622492,-0.5098012665025763,-0.1506256769504055,-0.2885113015270009,0.23061329888671453,1.1578825106461221,-0.28583396566427205,1.0521467702355247,-3.3372123283776673,-0.019834376878772122,-1.2020411964815576,-1.9708343069739749,-1.0006666185285316,-2.5591087123808243,0.4939467023756649,-1.1823622011934538,1.9583162473619096,1.4440736265900835,0.6493954591824687
4.985420055225313,1.6453163053844708,-4.1498675702819225,1.410823469876206,1.7979647619875045,3.83570590166586,-1.4216299242428807,0.3065999013546,-1.5288431972725667,-1.039635130617108,-0.6061267980276364,5.899532214655553,-2.323719406151634,-0.5736781672822175,0.7819879493323885,2.9354526936508005,0.8280384104627238,-3.2033942591897078,-3.4860733372972765,-3.67759703358355,1.5458110333830568,-1.6501993786522842,2.3711067709817275,0.5439272616649834,-1.0588456697153943,2.2603328138951695,-1.1807126132940244,0.8458903389647594,-0.6625309232976359,1.6238781769472335,2.6085520525337156,-1.7038170496509946,1.6606999419225528,-4.446770000840963,-0.5095529795491008,-3.0841401306003955,-4.9051633989373435,-0.9410573431060538,-5.050773857413306,0.36049153727950056,-0.710149278629788,5.11349728582489,2.961352095030302,1.166023255216966
-1.8123675106340795,-0.6453657639472127,1.5484421931497099,-0.41068841269910705,-0.6106868394203582,-1.4216299242428807,0.5348496605551798,-0.2491225259237006,0.43469253399899704,0.39103867165886824,0.13916555198149458,-2.1999732560598786,0.8416832978215149,0.13242262903586824,-0.27916696157702536,-1.127360938087468,-0.4697493789829917,1.14899565329727,1.265340595271227,1.3883087495607989,-0.5146183811644313,0.6223438032670443,-0.7918213261070021,-0.2195282377970556,0.4454039588860914,-0.7894907081748075,0.4437940004265001,-0.389852502611579,0.24872845487311057,-0.6761779646669365,-0.9758163600587398,0.7032775640190697,-0.5772561413143845,1.4726871790960552,0.21944130146766852,1.1770463111669027,1.8640287727701983,0.27048008691988185,1.845265009827591,-0.08795387742041198,0.1442207278011716,-1.9567524124367734,-1.0896175364467118,-0.4177266044147079
-0.18409348620254828,0.7708032986655737,-0.5428183068624146,-1.875060038014004,-0.8231437274089483,0.3065999013546,-0.2491225259237006,2.4419812611804534,2.206491109597719,-0.19498795850059583,1.4311434479460556,0.7279121308756301,0.1484504975021151,1.3643554690443875,-0.14149972397501379,0.9407488842514804,2.9598448259111367,0.4005046619115572,0.13003693341788305,-0.7947584914771518,-0.9186935092262478,-0.3430497176239595,-1.3193367687832118,0.38816684526045137,-1.0138304237808944,-0.6689798615667218,-0.20542760095259308,1.4191195714480076,-0.11459217000482193,1.4424362823388517,0.3930202877123457,-1.4049740541607987,-0.5272895205015384,2.7394240750282406,-0.5611113018066943,-0.8533463553349534,-1.2320485621655544,1.2953463681906445,0.036077369860252666,-0.7804498832124427,2.041552172900996,1.5311137098733247,0.11866367003515345,-0.14163239335024722
-2.566903766856429,-0.04152252570926873,1.4604422512908737,-2.4839656111249777,-1.6580140292023922,-1.5288431972725667,0.43469253399899704,2.206491109597719,2.861676101592464,0.3100248204476048,1.6843610890718819,-2.109822204905808,1.2541145933071884,1.5946554464937577,-0.5033107955401898,-0.49014598169524676,2.4633833461902355,1.9202694962460094,1.8084632530972862,1.002314592380265,-1.6186488145516857,0.46173440416587885,-2.4149689009295043,0.10595209185907699,-0.47961784910400607,-1.7238767601922156,0.36421971801675396,0.970242203778759,0.20698971715570727,0.6221225290293136,-0.8700806212847491,-0.5477702028498973,-1.3065137298309641,4.767337772762096,-0.30787638613475277,0.644205893480879,1.1529084886458458,1.7055722046031658,2.4509933180870416,-0.9245881505911154,2.313556419291822,-0.9662191482637453,-1.3020876895157965,-0.6990307730451711
-1.3313773392064856,-0.47602425885820415,1.1382463839343366,-0.2931059122997303,-0.44636020500325646,-1.039635130617108,0.39103867165886824,-0.19498795850059583,0.3100248204476048,0.2882838001588697,0.10271160503698806,-1.6127930562072275,0.6166188013080547,0.0931172133589154,-0.20055097276034936,-0.8282887326220982,-0.355996457861224,0.842123059280054,0.9357938014188435,1.0272843899687956,-0.36995543638891015,0.45999212482666724,-0.5791713896718169,-0.16710991402050127,0.3273400028181541,-0.5748785351418797,0.325466660988118,-0.2894073939070471,0.18332244319055804,-0.4988935900367307,-0.7186819920628768,0.5185849904075869,-0.4228595006739498,1.0670213181094468,0.1583974769600863,0.8635641787363365,1.3708691243169555,0.19554101953647546,1.353925371783757,-0.06064572927329997,0.09890473539220805,-1.4414614338106975,-0.8001710018502407,-0.3082518832977342
-1.1820421827433167,0.12954331582710585,0.5458748448212127,-1.455653867198308,-0.8955854951012061,-0.6061267980276364,0.13916555198149458,1.4311434479460556,1.6843610890718819,0.10271160503698806,1.039793482319195,-0.7840722334945196,0.5838009251872532,0.9690492788438048,-0.2374864574448227,-0.030067046807147807,1.6538834623705994,0.9315890790733367,0.8544645115278061,0.31446458689636436,-0.875892655944355,0.14812001685583,-1.3325160475945372,0.10385725965483501,-0.41685626723993513,-0.8843693652896917,0.12106048242796168,0.7094272251403506,0.07210748592173649,0.5581655024999458,-0.3155361056410132,-0.5187723732353309,-0.6835260266355702,2.6218972614657927,-0.2589379199092043,0.11126207624664707,0.27303327980790043,1.0083457812901946,1.094881036381783,-0.553064311933875,1.4153113153427495,-0.14010011489170243,-0.5549445602717253,-0.34403476598470933
7.616260831658088,2.5996388608240295,-6.410586662781357,1.9620874555877192,2.6685239847096476,5.899532214655553,-2.1999732560598786,0.7279121308756301,-2.109822204905808,-1.6127930562072275,-0.7840722334945196,9.104589963484079,-3.541859703179408,-0.7369834503241658,1.1787155805477885,4.590666151609884,1.5776465993279887,-4.862970307654916,-5.331676252841566,-5.7193464223375745,2.2672495765086325,-2.5640649568816283,3.4955660815750607,0.877543665235053,-1.7241573177817644,3.3894378229555824,-1.827699310245247,1.4428078490193754,-1.026625958865687,2.63450327080693,4.036210365232805,-2.7531152104028456,2.489253245200948,-6.519489259897608,-0.8339794594206523,-4.808750822259794,-7.637876878428656,-1.3076581198617954,-7.729841561333994,0.4700012478448266,-0.874778539749812,7.988846054560058,4.54713012067547,1.7730529500085779
-3.1133234950305306,-0.9092684005153322,2.4913672064584844,-1.1344308084360146,-1.229570562455542,-2.323719406151634,0.8416832978215149,0.1484504975021151,1.2541145933071884,0.6166188013080547,0.5838009251872532,-3.541859703179408,1.4580296366261283,0.5475458154569329,-0.4985982607900355,-1.680642081039202,-0.09727564872215357,2.039043329884404,2.18557993941837,2.171573002167229,-1.0792028098592668,0.9756195900165705,-1.6562074351520102,-0.28829709154255695,0.5083353214225492,-1.4896761248545562,0.7004773492471297,-0.3213323727974563,0.39447959550944706,-0.7988877818720871,-1.5601161795488365,0.8534712378057977,-1.1032143717279013,3.1307960458468576,0.23009581878458155,1.783762881704881,2.8599586393896903,0.7664928097083739,3.1301210949701646,-0.3309336589672015,0.7265061672255059,-2.948913588538396,-1.8155120425219795,-0.7441918923160525
-1.1012119219944518,0.12576427864109832,0.5056834160205703,-1.3766948056589114,-0.8413011108807791,-0.5736781672822175,0.13242262903586824,1.3643554690443875,1.5946554464937577,0.0931172133589154,0.9690492788438048,-0.7369834503241658,0.5475458154569329,0.9148513020296459,-0.23165070741922614,-0.027036705877175087,1.569471980360602,0.8716090561396515,0.7815518115456591,0.27412665818215076,-0.8374310295427094,0.13015497787558117,-1.2488797262198923,0.11148574675144847,-0.38958170297208006,-0.837192146235886,0.11250424344553177,0.6672946048572265,0.0651445234890016,0.5272519336758031,-0.2893456220659646,-0.489590725503614,-0.6407313478358277,2.4816009521532507,-0.23576955759679455,0.10626502911681932,0.24917424950895098,0.9489353316440188,1.0237736055684878,-0.5268367233717913,1.3380949191409766,-0.11790700059735437,-0.5183321662063547,-0.3181656481011096
1.0550050163642124,0.2810650292046442,-0.822827795107084,0.4508396795182988,0.4426454011871021,0.7819879493323885,-0.27916696157702536,-0.14149972397501379,-0.5033107955401898,-0.20055097276034936,-0.2374864574448227,1.1787155805477885,-0.4985982607900355,-0.23165070741922614,0.1798036707678431,0.5393978257847456,-0.07156091264368683,-0.7018858651874695,-0.7300417209094594,-0.6962361759136096,0.40500984259151906,-0.31385061994615066,0.6010456945816802,0.07571376977758502,-0.14188126286422242,0.53064742874828,-0.23060088431756093,0.06304383758341643,-0.12843203601640735,0.22358531448515997,0.5116136574877596,-0.24362127455948612,0.3895298241052106,-1.1609271382675486,-0.06592057452784265,-0.5790374597301914,-0.9258830844770913,-0.30169523385489755,-1.059190978988276,0.14163245127167942,-0.31655201868083394,0.942434676603339,0.6095838388910532,0.25300917769832665
3.6448497258075108,1.4464796028618858,-3.237575430155823,0.49785182440482473,1.0936819341569672,2.9354526936508005,-1.127360938087468,0.9407488842514804,-0.49014598169524676,-0.8282887326220982,-0.030067046807147807,4.590666151609884,-1.680642081039202,-0.027036705877175087,0.5393978257847456,2.453814211001602,1.4797479640465463,-2.258974655658892,-2.547116291365058,-2.9597169896791744,0.8801350165484925,-1.3237219203957045,1.373118516918603,0.5157384036057204,-1.0828407454260855,1.4824373738324774,-0.9354344029897667,1.0444109154513057,-0.5247526227135644,1.6268547736611814,2.050193961432002,-1.6754838418628004,1.078273422114513,-2.500101513090035,-0.5427075642731914,-2.539199281462679,-4.000032387387796,-0.31967428158330025,-3.7371589635717157,0.04038957056352299,0.06962079732062773,4.240897074991798,2.2324465546784173,0.8237913263287708
0.36556471452679967,1.1198840600597677,-1.1417830436156142,-2.080890047669392,-0.7760653296227009,0.8280384104627238,-0.4697493789829917,2.9598448259111367,2.4633833461902355,-0.355996457861224,1.6538834623705994,1.5776465993279887,-0.09727564872215357,1.569471980360602,-0.07156091264368683,1.4797479640465463,3.6476069805755054,0.10291515563364843,-0.24454348295871017,-1.3792454619906012,-0.9113619124173816,-0.603096498247828,-1.3063773316493787,0.5224976610027007,-1.346459205453171,-0.5315766868879307,-0.3868366448173696,1.8064287949951994,-0.214883584137257,1.9257776515457605,0.7784672095111789,-1.890637819974596,-0.4376247332266586,2.7533712746490275,-0.7403386360096517,-1.3940961432809533,-2.0601950072467825,1.4447560342845247,-0.5541599978641164,-0.890923141635059,2.364953941738956,2.4406500000739055,0.49306108829362927,-0.03489576611648505
-4.34536006023159,-1.201727949617728,3.420535708827741,-1.7280354544549392,-1.7765402629921863,-3.2033942591897078,1.14899565329727,0.4005046619115572,1.9202694962460094,0.842123059280054,0.9315890790733367,-4.862970307654916,2.039043329884404,0.8716090561396515,-0.7018858651874695,-2.258974655658892,0.10291515563364843,2.868299754334605,3.0553238902651407,2.9599564477904527,-1.570555604288553,1.3308867484144626,-2.411308848878631,-0.37343795382424705,0.6225310443639515,-2.123312126352888,0.9572881440159778,-0.3299737733133605,0.5397681629898365,-0.9928361772001447,-2.1384268056726232,1.0715166151831528,-1.577054530817903,4.570426348004763,0.271334032208031,2.408442155154524,3.876222060282503,1.1711674609052896,4.355073325809171,-0.5215553467695039,1.174685649988975,-3.9775206607771554,-2.514518897548969,-1.0475493268799319
-4.683026613034127,-1.3902905077219465,3.7635320531624186,-1.640168892834547,-1.8257926892139538,-3.4860733372972765,1.265340595271227,0.13003693341788305,1.8084632530972862,0.9357938014188435,0.8544645115278061,-5.331676252841566,2.18557993941837,0.7815518115456591,-0.7300417209094594,-2.547116291365058,-0.24454348295871017,3.0553238902651407,3.312521898025806,3.3137156379368595,-1.5735262929589449,1.48701028397843,-2.458448976951114,-0.4652098347638102,0.7841204322037642,-2.2088893147308633,1.0572756093914866,-0.5196154156117353,0.5988075528310511,-1.2383087653915965,-2.3627813317184656,1.3185007496500636,-1.6455254209239034,4.601309348001721,0.345856169390641,2.6952156518726857,4.333919239099642,1.1165214876651774,4.7043963305601055,-0.466375171974823,1.026888758238202,-4.484539023384885,-2.732971167034455,-1.1223854165292342
-4.6992503283888265,-1.712220801698654,4.043182693398777,-0.9572425413454717,-1.5446832237226422,-3.67759703358355,1.3883087495607989,-0.7947584914771518,1.002314592380265,1.0272843899687956,0.31446458689636436,-5.7193464223375745,2.171573002167229,0.27412665818215076,-0.6962361759136096,-2.9597169896791744,-1.3792454619906012,2.9599564477904527,3.3137156379368595,3.671533755148511,-1.2605901125969645,1.642973332464725,-1.996918172425037,-0.6145733709192538,1.1919534811519361,-1.9994139533182642,1.157237317978506,-1.0756148720355732,0.653294770312581,-1.8172481494214279,-2.5565147028888666,1.8849073253973232,-1.473949047254808,3.649866157756194,0.5745199040222921,3.0789009125612794,4.890386067732466,0.64041868663942,4.781166399674562,-0.17945345574358484,0.2661497975803705,-5.155307861254724,-2.830950986127387,-1.0864209539398202
2.255943614089473,0.38808103250651577,-1.579404260700356,1.422323122661781,1.1394991885293764,1.5458110333830568,-0.5146183811644313,-0.9186935092262478,-1.6186488145516857,-0.36995543638891015,-0.875892655944355,2.2672495765086325,-1.0792028098592668,-0.8374310295427094,0.40500984259151906,0.8801350165484925,-0.9113619124173816,-1.570555604288553,-1.5735262929589449,-1.2605901125969645,1.0750718742234742,-0.5710943618851189,1.6014316827657857,0.06670548918060569,-0.02921237997166199,1.2775873236666673,-0.42689993563054884,-0.2370643212203539,-0.23952943169578594,0.09068189021909731,0.9699014717221182,-0.14215933181058332,0.9522462185892814,-3.125132469449992,0.0157626111505534,-0.9840427349759072,-1.6144875013710533,-0.967710326889675,-2.2226059104640057,0.49526485178959156,-1.1885835984386375,1.5744783244427005,1.2435446906134764,0.5694639970345965
-2.109937278485758,-0.7643099031276394,1.811970067583086,-0.44030339333711693,-0.6974051189752956,-1.6501993786522842,0.6223438032670443,-0.3430497176239595,0.46173440416587885,0.45999212482666724,0.14812001685583,-2.5640649568816283,0.9756195900165705,0.13015497787558117,-0.31385061994615066,-1.3237219203957045,-0.603096498247828,1.3308867484144626,1.48701028397843,1.642973332464725,-0.5710943618851189,0.7355873496341924,-0.9029892595732631,-0.2733138303675416,0.529961579931027,-0.9011017046191567,0.5188026087503433,-0.47485893599010964,0.29262217541451213,-0.8083031079499685,-1.1453094711821874,0.8387948365155474,-0.6640255026160524,1.6531620217136758,0.2556529514694079,1.3775934553880227,2.188598800820074,0.29399254809058,2.1461302820371166,-0.08461040976206372,0.13027690295298142,-2.30605331649016,-1.2699030756796517,-0.48795953392136737
3.480143236100485,0.6201411535492384,-2.451457487228858,2.1269147183690333,1.733246837620501,2.3711067709817275,-0.7918213261070021,-1.3193367687832118,-2.4149689009295043,-0.5791713896718169,-1.3325160475945372,3.4955660815750607,-1.6562074351520102,-1.2488797262198923,0.6010456945816802,1.373118516918603,-1.3063773316493787,-2.411308848878631,-2.458448976951114,-1.996918172425037,1.6014316827657857,-0.9029892595732631,2.4387586535962824,0.13972481747676568,-0.06106831944211415,1.9348616658885522,-0.6623941875699972,-0.33371756300813593,-0.37566214203249904,0.17456566694352438,1.5123041118132547,-0.25147462633040585,1.4545820702707175,-4.704546262522983,0.02865158044049645,-1.5246572831993506,-2.519690831481288,-1.4563001332759344,-3.422545037181372,0.7293256758964713,-1.765940943414905,2.4778502371617668,1.9183312323978465,0.8821981639945189
0.6441072088927227,0.3251749125126961,-0.6288875180722657,-0.07443814467602095,0.1275994972866274,0.5439272616649834,-0.2195282377970556,0.38816684526045137,0.10595209185907699,-0.16710991402050127,0.10385725965483501,0.877543665235053,-0.28829709154255695,0.11148574675144847,0.07571376977758502,0.5157384036057204,0.5224976610027007,-0.37343795382424705,-0.4652098347638102,-0.6145733709192538,0.06670548918060569,-0.2733138303675416,0.13972481747676568,0.1380711528800696,-0.2739953232154957,0.20287712485003404,-0.1847785202222759,0.30338767935647176,-0.10555264416032714,0.41105810379728364,0.40500038799122823,-0.41601742660395324,0.15045452248070518,-0.20223779902155328,-0.1349706909607625,-0.5207817361015143,-0.8214619924423399,0.05080440592069638,-0.6681051506827388,-0.06412513849239389,0.18832695677816846,0.8954101818744852,0.41083155006222694,0.1404848604757668
-1.1376933186445126,-0.6995093530573976,1.2193134113833324,0.38132881644625577,-0.11718092824392437,-1.0588456697153943,0.4454039588860914,-1.0138304237808944,-0.47961784910400607,0.3273400028181541,-0.41685626723993513,-1.7241573177817644,0.5083353214225492,-0.38958170297208006,-0.14188126286422242,-1.0828407454260855,-1.346459205453171,0.6225310443639515,0.7841204322037642,1.1919534811519361,-0.02921237997166199,0.529961579931027,-0.06106831944211415,-0.2739953232154957,0.6558756220359575,-0.2949682676824562,0.3674140554693419,-0.7601152885056938,0.20447918865764908,-0.957477498616041,-0.7847780160771309,0.9628364701873294,-0.1982152517817866,0.02876944809532869,0.3490568718406408,1.0871602946644923,1.6726585822227547,-0.27509477851431946,1.2147467828024348,0.21145119786831584,-0.6178071156414292,-1.8355699456896035,-0.7667300896080704,-0.2254780433357448
3.1512915548241556,0.7460248776246223,-2.3759208393871316,1.5326166307258338,1.4041798670622492,2.2603328138951695,-0.7894907081748075,-0.6689798615667218,-1.7238767601922156,-0.5748785351418797,-0.8843693652896917,3.3894378229555824,-1.4896761248545562,-0.837192146235886,0.53064742874828,1.4824373738324774,-0.5315766868879307,-2.123312126352888,-2.2088893147308633,-1.9994139533182642,1.2775873236666673,-0.9011017046191567,1.9348616658885522,0.20287712485003404,-0.2949682676824562,1.633393346366161,-0.6566302451405972,0.022294466273037022,-0.3697103543739167,0.49378730607653576,1.4760148329382965,-0.5565836838670042,1.2149665106738516,-3.7155440036853364,-0.11329883476741325,-1.6050343213609277,-2.5992066511377456,-1.041039957695287,-3.137979649931831,0.498057152466519,-1.1602086472429556,2.6230325181607865,1.7906953795047664,0.7734252881963283
-1.5095830132200676,-0.5355883603734236,1.2879031469805926,-0.34424570272330557,-0.5098012665025763,-1.1807126132940244,0.4437940004265001,-0.20542760095259308,0.36421971801675396,0.325466660988118,0.12106048242796168,-1.827699310245247,0.7004773492471297,0.11250424344553177,-0.23060088431756093,-0.9354344029897667,-0.3868366448173696,0.9572881440159778,1.0572756093914866,1.157237317978506,-0.42689993563054884,0.5188026087503433,-0.6623941875699972,-0.1847785202222759,0.3674140554693419,-0.6566302451405972,0.3689620427355614,-0.3206344405528929,0.20712646016364825,-0.5593200288459166,-0.8121493070191622,0.5817775878240411,-0.48151127634912555,1.2271589014787525,0.1794881136654095,0.9761843840202613,1.5485829743578228,0.22768290732015176,1.5355279218989033,-0.07337493690666182,0.1231006849980532,-1.6265405050767796,-0.906462213799615,-0.3488035142175533
0.7602580996749794,0.7206485887864644,-1.0266029557907088,-0.8077291718006312,-0.1506256769504055,0.8458903389647594,-0.389852502611579,1.4191195714480076,0.970242203778759,-0.2894073939070471,0.7094272251403506,1.4428078490193754,-0.3213323727974563,0.6672946048572265,0.06304383758341643,1.0444109154513057,1.8064287949951994,-0.3299737733133605,-0.5196154156117353,-1.0756148720355732,-0.2370643212203539,-0.47485893599010964,-0.33371756300813593,0.30338767935647176,-0.7601152885056938,0.022294466273037022,-0.3206344405528929,0.9513767181366064,-0.17833097838387404,1.0970212093891494,0.672791846425449,-1.0905929761675142,-0.008423634813274912,0.7565511722254206,-0.4117571179554319,-1.023769589430856,-1.5485096418993258,0.5661748010810391,-0.8589450931629448,-0.3717371399097649,1.0232830961276222,1.7481577985341974,0.5830052224096387,0.120377929017406
-0.8512806891611038,-0.30069591169495946,0.724732775032832,-0.19524712753315204,-0.2885113015270009,-0.6625309232976359,0.24872845487311057,-0.11459217000482193,0.20698971715570727,0.18332244319055804,0.07210748592173649,-1.026625958865687,0.39447959550944706,0.0651445234890016,-0.12843203601640735,-0.5247526227135644,-0.214883584137257,0.5397681629898365,0.5988075528310511,0.653294770312581,-0.23952943169578594,0.29262217541451213,-0.37566214203249904,-0.10555264416032714,0.20447918865764908,-0.3697103543739167,0.20712646016364825,-0.17833097838387404,0.116720330050429,-0.31244597858613965,-0.45737026849538703,0.32510656208866917,-0.27230921494072546,0.6925049768104624,0.09848205251704699,0.5474888175452705,0.8702400500860302,0.13037464266475585,0.8648691781392815,-0.041686487536362817,0.0716574125877274,-0.9143822021401338,-0.510384275698164,-0.19750922360866466
1.7834978125618766,1.0433338234463236,-1.8660168411782712,-0.48687620236322554,0.23061329888671453,1.6238781769472335,-0.6761779646669365,1.4424362823388517,0.6221225290293136,-0.4988935900367307,0.5581655024999458,2.63450327080693,-0.7988877818720871,0.5272519336758031,0.22358531448515997,1.6268547736611814,1.9257776515457605,-0.9928361772001447,-1.2383087653915965,-1.8172481494214279,0.09068189021909731,-0.8083031079499685,0.17456566694352438,0.41105810379728364,-0.957477498616041,0.49378730607653576,-0.5593200288459166,1.0970212093891494,-0.31244597858613965,1.4036746985390178,1.1998321597228034,-1.4137821593617848,0.33987167654887124,-0.1953183837170851,-0.5044510860802135,-1.6369374030379908,-2.5295179602223183,0.3517427844415426,-1.8917469514636687,-0.2868265799999316,0.8441258817410139,2.768788685273058,1.1855187620661671,0.36153127400867374
3.3626808727879194,1.1688913101112737,-2.8470212747426524,0.8140922724770205,1.1578825106461221,2.6085520525337156,-0.9758163600587398,0.3930202877123457,-0.8700806212847491,-0.7186819920628768,-0.3155361056410132,4.036210365232805,-1.5601161795488365,-0.2893456220659646,0.5116136574877596,2.050193961432002,0.7784672095111789,-2.1384268056726232,-2.3627813317184656,-2.5565147028888666,0.9699014717221182,-1.1453094711821874,1.5123041118132547,0.40500038799122823,-0.7847780160771309,1.4760148329382965,-0.8121493070191622,0.672791846425449,-0.45737026849538703,1.1998321597228034,1.7954579690667183,-1.2509921487356845,1.0867730976349506,-2.7997061207404843,-0.3773026036377509,-2.142726964860152,-3.405860059381639,-0.5445865422405294,-3.4138420371114595,0.18434711817040897,-0.3311502160054572,3.571567258037273,2.0119929568087747,0.7823327051984807
-1.898234641898839,-1.0662065878803157,1.948858097534715,0.4215880685057721,-0.28583396566427205,-1.7038170496509946,0.7032775640190697,-1.4049740541607987,-0.5477702028498973,0.5185849904075869,-0.5187723732353309,-2.7531152104028456,0.8534712378057977,-0.489590725503614,-0.24362127455948612,-1.6754838418628004,-1.890637819974596,1.0715166151831528,1.3185007496500636,1.8849073253973232,-0.14215933181058332,0.8387948365155474,-0.25147462633040585,-0.41601742660395324,0.9628364701873294,-0.5565836838670042,0.5817775878240411,-1.0905929761675142,0.32510656208866917,-1.4137821593617848,-1.2509921487356845,1.4264259168098663,-0.3866550542184414,0.3446358027941463,0.5056348752079367,1.6906058831966202,2.6168324388094253,-0.30712649463784475,2.005317920162198,0.2643900750741867,-0.7911368361214982,-2.855095800931119,-1.2496741945216483,-0.3902453278642446
2.3356758026632325,0.5392525759804109,-1.7485367902083548,1.1604114297809733,1.0521467702355247,1.6606999419225528,-0.5772561413143845,-0.5272895205015384,-1.3065137298309641,-0.4228595006739498,-0.6835260266355702,2.489253245200948,-1.1032143717279013,-0.6407313478358277,0.3895298241052106,1.078273422114513,-0.4376247332266586,-1.577054530817903,-1.6455254209239034,-1.473949047254808,0.9522462185892814,-0.6640255026160524,1.4545820702707175,0.15045452248070518,-0.1982152517817866,1.2149665106738516,-0.48151127634912555,-0.008423634813274912,-0.27230921494072546,0.33987167654887124,1.0867730976349506,-0.3866550542184414,0.90780893811983,-2.783601977878089,-0.0690520560378107,-1.1689254243091212,-1.9010727965503094,-0.7916334699780704,-2.3206884174957656,0.3782263840268302,-0.8893469787495168,1.9164867427930565,1.3220351589668682,0.5767246400853971
-6.553142956303567,-1.0916953913447398,4.555271384749223,-4.190115293489602,-3.3372123283776673,-4.446770000840963,1.4726871790960552,2.7394240750282406,4.767337772762096,1.0670213181094468,2.6218972614657927,-6.519489259897608,3.1307960458468576,2.4816009521532507,-1.1609271382675486,-2.500101513090035,2.7533712746490275,4.570426348004763,4.601309348001721,3.649866157756194,-3.125132469449992,1.6531620217136758,-4.704546262522983,-0.20223779902155328,0.02876944809532869,-3.7155440036853364,1.2271589014787525,0.7565511722254206,0.6925049768104624,-0.1953183837170851,-2.7997061207404843,0.3446358027941463,-2.783601977878089,9.138672025608578,-0.08944245487640841,2.7988272004545682,4.62217177010733,2.8608246854779584,6.4399917455591815,-1.4564416232333834,3.523211190880333,-4.504839239767876,-3.596420353714826,-1.6643233545835732
-0.5161308229233857,-0.35514054152524477,0.5860714397482749,0.24919110559015417,-0.019834376878772122,-0.5095529795491008,0.21944130146766852,-0.5611113018066943,-0.30787638613475277,0.1583974769600863,-0.2589379199092043,-0.8339794594206523,0.23009581878458155,-0.23576955759679455,-0.06592057452784265,-0.5427075642731914,-0.7403386360096517,0.271334032208031,0.345856169390641,0.5745199040222921,0.0157626111505534,0.2556529514694079,0.02865158044049645,-0.1349706909607625,0.3490568718406408,-0.11329883476741325,0.1794881136654095,-0.4117571179554319,0.09848205251704699,-0.5044510860802135,-0.3773026036377509,0.5056348752079367,-0.0690520560378107,-0.08944245487640841,0.19116723807967925,0.5426867079802709,0.825690753184612,-0.18146312931486375,0.5610263632618623,0.12687300943681848,-0.36770269055704163,-0.9104596221430937,-0.3597828187708546,-0.09550171399989892
-3.85977004885093,-1.4842447561964034,3.388703591456679,-0.6327179779908711,-1.2020411964815576,-3.0841401306003955,1.1770463111669027,-0.8533463553349534,0.644205893480879,0.8635641787363365,0.11126207624664707,-4.808750822259794,1.783762881704881,0.10626502911681932,-0.5790374597301914,-2.539199281462679,-1.3940961432809533,2.408442155154524,2.6952156518726857,3.0789009125612794,-0.9840427349759072,1.3775934553880227,-1.5246572831993506,-0.5207817361015143,1.0871602946644923,-1.6050343213609277,0.9761843840202613,-1.023769589430856,0.5474888175452705,-1.6369374030379908,-2.142726964860152,1.6906058831966202,-1.1689254243091212,2.7988272004545682,0.5426867079802709,2.634992343616838,4.155470414227817,0.41118864369840696,3.9496690669023846,-0.08801659320040522,0.042922883706695114,-4.391789640582298,-2.3515263616516697,-0.8777041852461082
-6.186674117169306,-2.327690701688123,5.38752094432421,-1.1179560466170935,-1.9708343069739749,-4.9051633989373435,1.8640287727701983,-1.2320485621655544,1.1529084886458458,1.3708691243169555,0.27303327980790043,-7.637876878428656,2.8599586393896903,0.24917424950895098,-0.9258830844770913,-4.000032387387796,-2.0601950072467825,3.876222060282503,4.333919239099642,4.890386067732466,-1.6144875013710533,2.188598800820074,-2.519690831481288,-0.8214619924423399,1.6726585822227547,-2.5992066511377456,1.5485829743578228,-1.5485096418993258,0.8702400500860302,-2.5295179602223183,-3.405860059381639,2.6168324388094253,-1.9010727965503094,4.62217177010733,0.825690753184612,4.155470414227817,6.570297600427874,0.7347438760984026,6.316982380428998,-0.18132001465757305,0.18581320690696546,-6.9358866336466285,-3.752255128240406,-1.4154797108039794
-1.5748439927606044,-0.042672932903737394,0.909555317499336,-1.4815450995934425,-1.0006666185285316,-0.9410573431060538,0.27048008691988185,1.2953463681906445,1.7055722046031658,0.19554101953647546,1.0083457812901946,-1.3076581198617954,0.7664928097083739,0.9489353316440188,-0.30169523385489755,-0.31967428158330025,1.4447560342845247,1.1711674609052896,1.1165214876651774,0.64041868663942,-0.967710326889675,0.29399254809058,-1.4563001332759344,0.05080440592069638,-0.27509477851431946,-1.041039957695287,0.22768290732015176,0.5661748010810391,0.13037464266475585,0.3517427844415426,-0.5445865422405294,-0.30712649463784475,-0.7916334699780704,2.8608246854779584,-0.18146312931486375,0.41118864369840696,0.7347438760984026,1.0197346618162466,1.5046149865133214,-0.5483381818317806,1.37450530291152,-0.6289113876959537,-0.8023060345601756,-0.42838551255283036
-6.699913564387786,-2.052552468199263,5.441301860332786,-2.230361887002588,-2.5591087123808243,-5.050773857413306,1.845265009827591,0.036077369860252666,2.4509933180870416,1.353925371783757,1.094881036381783,-7.729841561333994,3.1301210949701646,1.0237736055684878,-1.059190978988276,-3.7371589635717157,-0.5541599978641164,4.355073325809171,4.7043963305601055,4.781166399674562,-2.2226059104640057,2.1461302820371166,-3.422545037181372,-0.6681051506827388,1.2147467828024348,-3.137979649931831,1.5355279218989033,-0.8589450931629448,0.8648691781392815,-1.8917469514636687,-3.4138420371114595,2.005317920162198,-2.3206884174957656,6.4399917455591815,0.5610263632618623,3.9496690669023846,6.316982380428998,1.5046149865133214,6.753075779756001,-0.623877852990151,1.3313248905206392,-6.543652919844701,-3.9333142982304925,-1.5906582924275083
0.6655829574529387,-0.058684591080318746,-0.3205571835256808,0.7978852532126632,0.4939467023756649,0.36049153727950056,-0.08795387742041198,-0.7804498832124427,-0.9245881505911154,-0.06064572927329997,-0.553064311933875,0.4700012478448266,-0.3309336589672015,-0.5268367233717913,0.14163245127167942,0.04038957056352299,-0.890923141635059,-0.5215553467695039,-0.466375171974823,-0.17945345574358484,0.49526485178959156,-0.08461040976206372,0.7293256758964713,-0.06412513849239389,0.21145119786831584,0.498057152466519,-0.07337493690666182,-0.3717371399097649,-0.041686487536362817,-0.2868265799999316,0.18434711817040897,0.2643900750741867,0.3782263840268302,-1.4564416232333834,0.12687300943681848,-0.08801659320040522,-0.18132001465757305,-0.5483381818317806,-0.623877852990151,0.3056773721949515,-0.7701294955769883,0.10575007384094949,0.31929798116992064,0.18919349140225253
-1.4479943414529288,0.24898555498658576,0.5950869787523461,-1.9941975100648055,-1.1823622011934538,-0.710149278629788,0.1442207278011716,2.041552172900996,2.313556419291822,0.09890473539220805,1.4153113153427495,-0.874778539749812,0.7265061672255059,1.3380949191409766,-0.31655201868083394,0.06962079732062773,2.364953941738956,1.174685649988975,1.026888758238202,0.2661497975803705,-1.1885835984386375,0.13027690295298142,-1.765940943414905,0.18832695677816846,-0.6178071156414292,-1.1602086472429556,0.1231006849980532,1.0232830961276222,0.0716574125877274,0.8441258817410139,-0.3311502160054572,-0.7911368361214982,-0.8893469787495168,3.523211190880333,-0.36770269055704163,0.042922883706695114,0.18581320690696546,1.37450530291152,1.3313248905206392,-0.7701294955769883,1.9623989442770697,0.017835988686197176,-0.658708715870141,-0.42800594387499546
6.395115101790131,2.4914700391357334,-5.6403660489008836,0.9656236289344245,1.9583162473619096,5.11349728582489,-1.9567524124367734,1.5311137098733247,-0.9662191482637453,-1.4414614338106975,-0.14010011489170243,7.988846054560058,-2.948913588538396,-0.11790700059735437,0.942434676603339,4.240897074991798,2.4406500000739055,-3.9775206607771554,-4.484539023384885,-5.155307861254724,1.5744783244427005,-2.30605331649016,2.4778502371617668,0.8954101818744852,-1.8355699456896035,2.6230325181607865,-1.6265405050767796,1.7481577985341974,-0.9143822021401338,2.768788685273058,3.571567258037273,-2.855095800931119,1.9164867427930565,-4.504839239767876,-0.9104596221430937,-4.391789640582298,-6.9358866336466285,-0.6289113876959537,-6.543652919844701,0.10575007384094949,0.017835988686197176,7.34776113056487,3.9010058432634316,1.4537367853315861
3.893495219380646,1.2405696805605142,-3.202065924967904,1.1917807420951594,1.4440736265900835,2.961352095030302,-1.0896175364467118,0.11866367003515345,-1.3020876895157965,-0.8001710018502407,-0.5549445602717253,4.54713012067547,-1.8155120425219795,-0.5183321662063547,0.6095838388910532,2.2324465546784173,0.49306108829362927,-2.514518897548969,-2.732971167034455,-2.830950986127387,1.2435446906134764,-1.2699030756796517,1.9183312323978465,0.41083155006222694,-0.7667300896080704,1.7906953795047664,-0.906462213799615,0.5830052224096387,-0.510384275698164,1.1855187620661671,2.0119929568087747,-1.2496741945216483,1.3220351589668682,-3.596420353714826,-0.3597828187708546,-2.3515263616516697,-3.752255128240406,-0.8023060345601756,-3.9333142982304925,0.31929798116992064,-0.658708715870141,3.9010058432634316,2.299275263447796,0.9187352865905877
1.5887602757293302,0.4392688471018792,-1.2496917460617571,0.6282907035222081,0.6493954591824687,1.166023255216966,-0.4177266044147079,-0.14163239335024722,-0.6990307730451711,-0.3082518832977342,-0.34403476598470933,1.7730529500085779,-0.7441918923160525,-0.3181656481011096,0.25300917769832665,0.8237913263287708,-0.03489576611648505,-1.0475493268799319,-1.1223854165292342,-1.0864209539398202,0.5694639970345965,-0.48795953392136737,0.8821981639945189,0.1404848604757668,-0.2254780433357448,0.7734252881963283,-0.3488035142175533,0.120377929017406,-0.19750922360866466,0.36153127400867374,0.7823327051984807,-0.3902453278642446,0.5767246400853971,-1.6643233545835732,-0.09550171399989892,-0.8777041852461082,-1.4154797108039794,-0.42838551255283036,-1.5906582924275083,0.18919349140225253,-0.42800594387499546,1.4537367853315861,0.9187352865905877,0.3844890740371176
