V1,V2,V3,V4,V5,V6,V7,V8,V9,V10,V11,V12,V13,V14,V15,V16,V17,V18,V19,V20,V21,V22,V23,V24,V25,V26,V27,V28,V29,V30,V31,V32,V33,V34,V35,V36,V37,V38,V39,V40,V41,V42,V43,V44
4.603876849818501,-0.5720831507412819,-0.6384685063159226,0.4675452327504507,2.060723275540236,-4.323844816421895,2.0316627150059947,2.3403768698339893,-0.3305809481399043,0.2501833856640358,-7.888398083622056,-5.103679847451672,0.35362707385755393,-2.1836586682810286,-4.358685860266783,-3.073365714261614,-1.5176336412576954,-2.3048596397323693,-10.141512430424868,-6.650179715361796,-5.2959648628377565,-3.498212355353359,5.026996084018957,5.073813401895417,5.21463453569047,-1.8457720846283092,0.8216375641334445,-4.451699155002536,-0.4704158048669212,-5.014994789358752,0.9446867998440712,3.85020385712042,1.9583874675516166,2.698448864491911,6.172335186222283,5.408856706848063,2.4999574309983315,-2.4912956439685128,-0.7378506328894201,-3.0377421782439646,-1.4962111889060643,0.06404560328448505,0.030863828183151445,3.3361567724194634
-0.5720831507412819,1.0514781126947126,-0.33461896872327956,0.006640108879855248,-1.1611205147752368,1.8779946835270735,-1.3553024949785972,-0.8328978552044444,0.15336908673200797,0.7222058568758843,3.186165242539519,2.3001309513775396,0.010173231598989339,0.5558707163189167,1.7774657468470503,1.9088988181464965,0.3378119710715878,0.27729891677038626,3.1866812811963263,2.550228412555459,1.7514984476284232,0.6608770862725551,-1.5972497881017251,-2.2043458279743695,-1.179867284271819,0.7997205002131458,-0.0640791491270828,1.8808718366903183,0.005692290598743341,0.43016903568451115,-0.9755805269739923,-1.249095540463041,0.11346814908211028,-0.4499661842519973,-1.7515232691409997,-1.4842139779738235,-0.9933692010104701,1.3435749291950532,-0.48052261736999113,-0.03729164495231255,1.1804025433527614,0.3515980891400913,0.5937048541018234,-0.2625354454550988
-0.6384685063159226,-0.33461896872327956,0.41513795576238394,0.018450631705844718,-0.027516544246483067,-0.31232920241632683,0.3362462230367387,-0.11622810680180079,-0.04214843164098811,-0.2805329221261106,-0.10958414919839808,-0.20320346572253592,-0.12991973637702162,0.1384981133589852,-0.030575987930074842,-0.284718129774664,0.02736459844571566,0.4276455833335657,0.33936761360040874,0.040068151035851055,0.07604129115175517,0.41011228534567334,-0.020764048851887738,0.1121354044761544,-0.3007104100478636,-0.18363738226082038,-0.07727997742396503,-0.021143546311450795,0.004317068177517611,0.517926610476599,0.09384264800863701,0.04312123415204906,-0.260564873328227,-0.03122935462496292,-0.11081301809492336,-0.0717636828392765,0.17816887470622453,-0.13669965977214468,0.3238266602003913,0.6781646799199965,-0.16989758637184654,-0.2241595722054218,-0.1956550559074224,-0.45329510403046225
0.4675452327504507,0.006640108879855248,0.018450631705844718,0.36673063118067384,-0.00893445545575174,-0.9051585925625205,0.2524365049831148,0.2605143529503047,0.02264475753517104,0.03647063827625174,-1.3452750195904315,-0.6266956172633384,-0.08521060171269253,-0.2928215465201011,-0.6001895862998723,-0.4168573704719838,-0.4604001816733552,-0.20686828319794429,-1.575430972092297,-1.0524799571545045,-0.8502185896674227,-0.4257271333232429,0.852681500054014,0.928027244617708,0.9097732837832211,-0.4566639047134592,0.1195723137660897,-0.626071157144402,-0.24333850450381245,-0.8671196271999376,-0.020738108851310433,0.874425756880383,0.5294424083299075,0.6775558444751373,1.0938922314661348,0.9733443976368578,0.4187078178810082,-0.3658926045481118,-0.2250589767123301,-0.08527801385834684,-0.11361571445087297,0.05784791875652714,0.22548526396042057,0.5208880516265275
2.060723275540236,-1.1611205147752368,-0.027516544246483067,-0.00893445545575174,1.892802512055829,-2.818582514297831,1.8191698007211294,1.5458838658203278,-0.2501785222998403,-0.6245413992648192,-5.2150227381438485,-3.6281532462990613,0.16776278287907598,-1.1956717194128363,-2.9633802135786516,-2.6829784538394925,-0.6411329503515699,-1.0809304908676114,-5.9763558290026895,-4.351954460101571,-3.1324327719652447,-1.7541927323328879,2.885171484905239,3.4899013669233017,2.5742323726377903,-1.1402035727046465,0.29369503080331205,-3.0826002332003193,-0.05231553445487704,-1.790089800994641,1.333330901966724,2.1272155821601877,0.3581690292363821,0.9920979937655882,3.3189055701154584,2.8114057353080204,1.5406804849746225,-1.9999191804189131,0.24088053097630507,-1.0678088285454896,-1.6195712093658405,-0.27250876378862193,-0.615880209061662,1.2571664193465824
-4.323844816421895,1.8779946835270735,-0.31232920241632683,-0.9051585925625205,-2.818582514297831,8.59199683354213,-4.018634437853797,-3.5435515247942373,0.13620889599268995,1.2622755620671247,13.555391279514042,8.574253252717627,-0.1569859726231757,2.8976226869902004,6.938217762632141,6.145706423362668,3.0174675035725964,2.175366207049927,15.557139038437306,10.760152869302372,8.3120135874763,4.04420451222686,-7.467553011068547,-9.266731184443165,-7.633573276286998,3.605078261558674,-1.0759279925980307,6.865478205003549,1.1540167340528265,6.14020543261264,-1.8418061242809767,-6.922872624246452,-2.826065926084379,-4.505858219755909,-9.623252763940839,-7.994164478165703,-3.984550263856197,4.841298498799665,0.3517256568110647,1.3934844641238286,3.118696939187063,0.6590893724882453,0.14742735074185345,-3.9431663672877972
2.0316627150059947,-1.3553024949785972,0.3362462230367387,0.2524365049831148,1.8191698007211294,-4.018634437853797,2.4142854564122556,1.679119591834284,-0.30695679519180985,-0.7788281920433804,-6.55567842818537,-4.480349677644725,-0.003848414681653384,-1.3864563550672293,-3.519010339018752,-3.2324408505061353,-1.0395966267142687,-0.891862327302985,-7.257830441054781,-5.286963748938479,-3.9124439190202036,-1.7912096751536009,3.7647254840139888,4.382285414333562,3.2498053543045544,-1.7327002181994609,0.3590507485781578,-3.5810106713339755,-0.3176404551364892,-2.3438365837457806,1.25107577009195,2.983047993946119,0.7703972237482306,1.735416117761798,4.402925474775632,3.7139704929594317,2.1248810737074413,-2.4519709965666268,0.22846467460288541,-0.6373923627356833,-1.8277777411971883,-0.4442271932202297,-0.5321761659270583,1.452891470585104
2.3403768698339893,-0.8328978552044444,-0.11622810680180079,0.2605143529503047,1.5458838658203278,-3.5435515247942373,1.679119591834284,1.750214091574875,-0.046790554399390775,-0.4943379905677311,-6.031754958464753,-3.8677933559298903,0.21260549567366302,-1.3841075780698089,-3.2130170489882373,-2.7697451269439926,-1.2147844629901723,-1.2844510904424464,-7.139094507664427,-4.9066398151064385,-3.759032809563319,-2.106121621610285,3.2759846464089803,4.1183711734072705,3.468406128346529,-1.4396664439181222,0.4988680396770743,-3.2328242012658825,-0.37978622118215705,-2.8078935841352943,1.0128125348713533,2.926024288376937,1.1317579128046689,1.8017318619694418,4.210613935423675,3.5203871166901353,1.6827835089364294,-2.1528186036252945,-0.15361892084601372,-1.1454087299676436,-1.456095062336224,-0.21326819547404055,-0.17051763625594235,1.9120725729775687
-0.3305809481399043,0.15336908673200797,-0.04214843164098811,0.02264475753517104,-0.2501785222998403,0.13620889599268995,-0.30695679519180985,-0.046790554399390775,0.20345614424239808,-0.04661274732016376,0.33334100767319835,0.33338765880559035,0.05549000886563377,0.11764984868540795,0.2539506476653665,0.1482048455253177,-0.10529563920259934,0.05182604407673437,0.3943625198269395,0.3370983137069813,0.20099339220490298,0.10298260999135199,-0.4187400456798131,-0.11945593109030837,-0.08515393578606867,0.08881461927068082,3.4751627392453613e-4,0.2726364802434245,-0.06362808616617407,0.10302658254068207,-0.11829163714479245,-0.026603634787901304,0.07325083814950645,0.03240978103891397,-0.26719010029173856,-0.2781837785945076,-0.23815243448634768,0.12753716157063646,-0.03410571851295483,0.20118061893678693,0.1381116587293586,0.004856335187150233,0.12939843862445383,-0.023778419101900115
0.2501833856640358,0.7222058568758843,-0.2805329221261106,0.03647063827625174,-0.6245413992648192,1.2622755620671247,-0.7788281920433804,-0.4943379905677311,-0.04661274732016376,0.871515715907863,1.9663325192330314,1.2012143283758492,0.06106282701987241,0.18912571714592213,0.9309801693622707,1.285198859821749,0.3358689774009751,-0.010803670987648816,1.748901511536149,1.5046206845655072,0.8911369689864481,0.11677246923126994,-0.6511783515496444,-1.515170571733621,-0.5048051602828465,0.4406427376399395,0.032108743331901286,0.921092284838556,0.10793861767665978,-0.2213500426017707,-0.7121496288075447,-0.7958784448462436,0.06606063641230679,-0.1381059869300027,-0.842372098056749,-0.4717507817580741,-0.28927612828390153,0.9909071362140456,-0.3071705419898624,-0.7547898918829583,0.8676584948816614,0.24847895157945843,0.29820271655222985,0.07374017687493876
-7.888398083622056,3.186165242539519,-0.10958414919839808,-1.3452750195904315,-5.2150227381438485,13.555391279514042,-6.55567842818537,-6.031754958464753,0.33334100767319835,1.9663325192330314,22.321456705407588,14.180677863253207,-0.37793512866880835,4.932157913784927,11.633467236420968,10.162021409322685,4.650510511730826,4.094523213890687,25.90623698581853,17.971879536942907,13.744121586072017,7.132523688616692,-12.392996863778427,-15.189359085146261,-12.556262393473661,5.676258250670098,-1.697177359423583,11.720359652835416,1.6443137409936774,10.0770360645704,-3.42892221418632,-11.035625518860055,-4.312495106956231,-6.935637840008892,-15.67562486112191,-13.105801017167064,-6.466535713974946,7.968812059490615,0.5551002830020939,3.1633811151210125,5.31105993735694,0.8785965802761174,0.49646694204805036,-6.616096483111934
-5.103679847451672,2.3001309513775396,-0.20320346572253592,-0.6266956172633384,-3.6281532462990613,8.574253252717627,-4.480349677644725,-3.8677933559298903,0.33338765880559035,1.2012143283758492,14.180677863253207,9.500641756677645,-0.3388605168745006,3.1821275644701084,7.582248947133926,6.6823071574400394,2.6770668030469777,2.55508381532654,16.36718576019149,11.411258231190981,8.813384001056004,4.549808604343252,-7.970490695543365,-9.537245676600577,-7.864433165179997,3.633504675180584,-1.0455172880268335,7.716837818613943,0.8358630606379366,6.280738307438677,-2.3034780023761394,-6.806415238868205,-2.345694762108484,-4.304417851326055,-9.914920455214077,-8.439589763915418,-4.427354303462658,5.073131781458187,-0.014465121039555776,2.3519318395913493,3.5272072904266034,0.7736792442762831,0.7216823421845673,-4.037376391833021
0.35362707385755393,0.010173231598989339,-0.12991973637702162,-0.08521060171269253,0.16776278287907598,-0.1569859726231757,-0.003848414681653384,0.21260549567366302,0.05549000886563377,0.06106282701987241,-0.37793512866880835,-0.3388605168745006,0.1601239878757531,-0.14451496847809797,-0.25923544983464264,-0.19086909199186156,-0.09341650377314074,-0.2542277461353525,-0.6045316427392973,-0.3071488290556132,-0.3334199506842912,-0.3203256370825541,0.1343005384427882,0.25393534176785154,0.37656892674044534,-0.026754517413578163,0.09755828603759936,-0.2651028969347686,0.018303618532668545,-0.4003647153983838,0.05076744955142614,0.1834091160237942,0.10187951047701754,0.15931032340198992,0.3097371751944733,0.2905403545225316,0.10275111337055677,-0.10868550092679476,-0.01491316438067512,-0.4229201080146086,-0.06519997626156612,-0.035187794314674045,-0.04023071196837259,0.2961545708269239
-2.1836586682810286,0.5558707163189167,0.1384981133589852,-0.2928215465201011,-1.1956717194128363,2.8976226869902004,-1.3864563550672293,-1.3841075780698089,0.11764984868540795,0.18912571714592213,4.932157913784927,3.1821275644701084,-0.14451496847809797,1.2141755562234975,2.633470927287279,2.113978716612492,0.9946223466674624,1.1061898775746417,5.965960263838762,4.0377240624951964,3.1476884184197713,1.8212907526276856,-2.904969628724863,-3.2785226472524776,-2.9841565153346585,1.2214292807878766,-0.4280796948980637,2.6659388187043564,0.33615039711610356,2.6098970516086824,-0.6726707208809841,-2.4345254418079243,-1.0661424908717718,-1.6156988375726176,-3.6340560421806494,-3.09609808299862,-1.5025658486448676,1.672712670579072,0.24286129566289077,1.1812877006166331,1.0785776583956228,0.12241339779521099,0.05740633728097855,-1.7205280813734551
-4.358685860266783,1.7774657468470503,-0.030575987930074842,-0.6001895862998723,-2.9633802135786516,6.938217762632141,-3.519010339018752,-3.2130170489882373,0.2539506476653665,0.9309801693622707,11.633467236420968,7.582248947133926,-0.25923544983464264,2.633470927287279,6.216698264184846,5.38275945082917,2.2393791491750465,2.2248828155863025,13.536563761729903,9.430317597754613,7.204097261565508,3.847578122142916,-6.53405885626243,-7.860668881800657,-6.507847931014274,2.922979672123849,-0.8946141727361491,6.303625386542553,0.7036644227360992,5.231493976199452,-1.9314042882063367,-5.61178931219658,-2.0199624107767344,-3.4691303849006365,-8.12813661169652,-6.905899540611485,-3.500726485982993,4.139457270882722,0.14256954271231595,2.000788522101511,2.8388308921781906,0.4912382889228229,0.4501253382692345,-3.4350233233695393
-3.073365714261614,1.9088988181464965,-0.284718129774664,-0.4168573704719838,-2.6829784538394925,6.145706423362668,-3.2324408505061353,-2.7697451269439926,0.1482048455253177,1.285198859821749,10.162021409322685,6.6823071574400394,-0.19086909199186156,2.113978716612492,5.38275945082917,5.037764377851984,1.9211623551336303,1.646374039513256,11.393005042178842,8.131624769050791,6.105240527367487,2.985554365469773,-5.367510673086047,-6.989903751671423,-5.275691602271858,2.554283292435771,-0.6604349458511855,5.483121759581211,0.5742487798610324,3.8054182485494894,-1.9461960568294403,-4.8046470759619355,-1.4034178542418607,-2.7607274253881102,-6.720349316267245,-5.6211614900506754,-2.9483796894531213,3.8025688226007657,-0.21456713348455744,1.0459930311414576,2.753152539827774,0.6183983860127942,0.6377133410427808,-2.50478811891329
-1.5176336412576954,0.3378119710715878,0.02736459844571566,-0.4604001816733552,-0.6411329503515699,3.0174675035725964,-1.0395966267142687,-1.2147844629901723,-0.10529563920259934,0.3358689774009751,4.650510511730826,2.6770668030469777,-0.09341650377314074,0.9946223466674624,2.2393791491750465,1.9211623551336303,1.3528702624170148,0.8706592149026658,5.519066546195271,3.628008417079248,2.9210697645352464,1.4892436270797054,-2.459721109129048,-3.2451052615408944,-2.916356331711667,1.2364499631761017,-0.46296690254993256,2.1765225047355328,0.5792229571363391,2.528352279229123,-0.37543586564884507,-2.6263460559094076,-1.3987143143213785,-1.836812918029183,-3.4694190647434375,-2.8367598080833774,-1.204891200727567,1.5951149713675155,0.4257653791903488,0.4771607526263355,0.8551906525240242,0.11870354307989031,-0.2749591936263048,-1.6530267494013329
-2.3048596397323693,0.27729891677038626,0.4276455833335657,-0.20686828319794429,-1.0809304908676114,2.175366207049927,-0.891862327302985,-1.2844510904424464,0.05182604407673437,-0.010803670987648816,4.094523213890687,2.55508381532654,-0.2542277461353525,1.1061898775746417,2.2248828155863025,1.646374039513256,0.8706592149026658,1.2931078302127488,5.288689400939598,3.4386694099190755,2.732428609063231,1.8629864175469566,-2.3963250947931503,-2.717158996033417,-2.7253272154847763,0.8749509010703235,-0.4256807504267337,2.2900822426790657,0.2615686324763971,2.535999283679149,-0.5589748082596059,-2.0091675058898035,-1.03291643140886,-1.3390954693132389,-3.0980293751891668,-2.6542272018523407,-1.1140370886517792,1.336170218164214,0.4053512540885444,1.53376409878726,0.8152347028086702,-0.055675889846548456,-0.03861590900255651,-1.7603603154092462
-10.141512430424868,3.1866812811963263,0.33936761360040874,-1.575430972092297,-5.9763558290026895,15.557139038437306,-7.257830441054781,-7.139094507664427,0.3943625198269395,1.748901511536149,25.90623698581853,16.36718576019149,-0.6045316427392973,5.965960263838762,13.536563761729903,11.393005042178842,5.519066546195271,5.288689400939598,30.749581554225752,20.983412799431175,16.23222139362048,8.857733160713883,-14.647388514539186,-17.513263323429793,-15.1854588941769,6.479516485695682,-2.155726387487641,13.596312090411907,1.9743264661251507,12.74995358922742,-3.664616045709204,-12.925581503347814,-5.543726456175327,-8.377891437146245,-18.659581069036904,-15.637493011345754,-7.48030320691837,9.0563606671664445,1.1456887600490842,4.684619902545334,5.838090076538211,0.7687337993786874,0.2504731772078209,-8.428282280639813
-6.650179715361796,2.550228412555459,0.040068151035851055,-1.0524799571545045,-4.351954460101571,10.760152869302372,-5.286963748938479,-4.9066398151064385,0.3370983137069813,1.5046206845655072,17.971879536942907,11.411258231190981,-0.3071488290556132,4.0377240624951964,9.430317597754613,8.131624769050791,3.628008417079248,3.4386694099190755,20.983412799431175,14.574235806814556,11.078773709899194,5.88565759309106,-10.088297540206062,-12.187594157383826,-10.118234063526499,4.503276201153818,-1.356645731292189,9.519750643668052,1.2598717644849018,8.158254618377756,-2.849480123238712,-8.780737000331463,-3.4225476812359186,-5.461392524094317,-12.627159181565776,-10.565318346794431,-5.191232735298227,6.401298897497223,0.4957313677233075,2.8140601061110924,4.297764362673818,0.6155409454674454,0.42373195039405515,-5.400469909022055
-5.2959648628377565,1.7514984476284232,0.07604129115175517,-0.8502185896674227,-3.1324327719652447,8.3120135874763,-3.9124439190202036,-3.759032809563319,0.20099339220490298,0.8911369689864481,13.744121586072017,8.813384001056004,-0.3334199506842912,3.1476884184197713,7.204097261565508,6.105240527367487,2.9210697645352464,2.732428609063231,16.23222139362048,11.078773709899194,8.663476444099134,4.661826981859198,-7.7826536134349285,-9.275585214080825,-8.060722178002473,3.5157640371140118,-1.1358551465586175,7.285794165274412,1.0334477065212677,6.7779764418571995,-1.8919511960493824,-6.883251430068301,-2.8756774709388018,-4.548240328209416,-9.917533639957863,-8.404926312790014,-4.111432575988639,4.772362494975791,0.4925519135482518,2.507204120119825,3.077898475390601,0.488758935405729,0.21904014769151328,-4.411503551356194
-3.498212355353359,0.6608770862725551,0.41011228534567334,-0.4257271333232429,-1.7541927323328879,4.04420451222686,-1.7912096751536009,-2.106121621610285,0.10298260999135199,0.11677246923126994,7.132523688616692,4.549808604343252,-0.3203256370825541,1.8212907526276856,3.847578122142916,2.985554365469773,1.4892436270797054,1.8629864175469566,8.857733160713883,5.88565759309106,4.661826981859198,2.903719079199689,-4.171056831288077,-4.74993879707394,-4.5272015097697444,1.6943580101700146,-0.6836792414934937,3.9315828561468447,0.47462609958919916,4.082424635776458,-0.9495987679482399,-3.5479747211570323,-1.6498453439778524,-2.3952237700476875,-5.321759042063603,-4.5876603298339385,-2.1115310795693594,2.3515179676428875,0.4744110564190063,2.135503160462273,1.466722007195755,0.07592583239425348,0.018136997335355325,-2.741797327345087
5.026996084018957,-1.5972497881017251,-0.020764048851887738,0.852681500054014,2.885171484905239,-7.467553011068547,3.7647254840139888,3.2759846464089803,-0.4187400456798131,-0.6511783515496444,-12.392996863778427,-7.970490695543365,0.1343005384427882,-2.904969628724863,-6.53405885626243,-5.367510673086047,-2.459721109129048,-2.3963250947931503,-14.647388514539186,-10.088297540206062,-7.7826536134349285,-4.171056831288077,7.409082525022426,8.225577490542808,7.186493580925526,-3.2311111742211387,0.9698132129866869,-6.615534293409747,-0.9005242489673615,-6.1360325425388185,1.6830970969027725,6.113249960514352,2.558467672051579,4.041774971669281,9.060665539876245,7.719560335669461,3.884385878484689,-4.2594378587763115,-0.4976523526927415,-2.338691761174279,-2.7637200221064138,-0.36361282373661774,-0.20083088481516007,3.9307844648543315
5.073813401895417,-2.2043458279743695,0.1121354044761544,0.928027244617708,3.4899013669233017,-9.266731184443165,4.382285414333562,4.1183711734072705,-0.11945593109030837,-1.515170571733621,-15.189359085146261,-9.537245676600577,0.25393534176785154,-3.2785226472524776,-7.860668881800657,-6.989903751671423,-3.2451052615408944,-2.717158996033417,-17.513263323429793,-12.187594157383826,-9.275585214080825,-4.74993879707394,8.225577490542808,10.43721575611393,8.46072777366768,-3.847358256641165,1.1414500178109304,-7.897488461820781,-1.1559423303961591,-6.6421172754348,2.3995732057777643,7.550711281922461,2.9162802203552136,4.669453097423391,10.530928398302317,8.737339269791454,4.256903803918853,-5.478904529324644,-0.34338019601349756,-1.8413880635217372,-3.6588259592142243,-0.6167561516487241,-0.3079500970171202,4.401911073953305
5.21463453569047,-1.179867284271819,-0.3007104100478636,0.9097732837832211,2.5742323726377903,-7.633573276286998,3.2498053543045544,3.468406128346529,-0.08515393578606867,-0.5048051602828465,-12.556262393473661,-7.864433165179997,0.37656892674044534,-2.9841565153346585,-6.507847931014274,-5.275691602271858,-2.916356331711667,-2.7253272154847763,-15.1854588941769,-10.118234063526499,-8.060722178002473,-4.5272015097697444,7.186493580925526,8.46072777366768,7.810956315826504,-3.208023721277943,1.1775408340666094,-6.517179069881286,-1.0958444870023871,-6.909658680001069,1.3965759939379163,6.529912031183941,3.1324589577938062,4.526967106297669,9.384957603885882,7.9421132853693015,3.699801293789719,-4.215952227520902,-0.8246508748496008,-2.649028275018044,-2.5208119816452434,-0.30674460118746616,0.16328992184148505,4.523341283738805
-1.8457720846283092,0.7997205002131458,-0.18363738226082038,-0.4566639047134592,-1.1402035727046465,3.605078261558674,-1.7327002181994609,-1.4396664439181222,0.08881461927068082,0.4406427376399395,5.676258250670098,3.633504675180584,-0.026754517413578163,1.2214292807878766,2.922979672123849,2.554283292435771,1.2364499631761017,0.8749509010703235,6.479516485695682,4.503276201153818,3.5157640371140118,1.6943580101700146,-3.2311111742211387,-3.847358256641165,-3.208023721277943,1.580050565053262,-0.42965293130057625,2.947929629432439,0.4784048477607296,2.6214458974350197,-0.7214573379294669,-2.9143012796792225,-1.1564735608182553,-1.9610839428861955,-4.0735805164425525,-3.4737115659213536,-1.7922894033257484,1.9727640533626547,0.11293213095928134,0.6446737705301402,1.2616773506864594,0.27491743248128714,0.08668316204495537,-1.6289156236221278
0.8216375641334445,-0.0640791491270828,-0.07727997742396503,0.1195723137660897,0.29369503080331205,-1.0759279925980307,0.3590507485781578,0.4988680396770743,3.4751627392453613e-4,0.032108743331901286,-1.697177359423583,-1.0455172880268335,0.09755828603759936,-0.4280796948980637,-0.8946141727361491,-0.6604349458511855,-0.46296690254993256,-0.4256807504267337,-2.155726387487641,-1.356645731292189,-1.1358551465586175,-0.6836792414934937,0.9698132129866869,1.1414500178109304,1.1775408340666094,-0.42965293130057625,0.2522820666466495,-0.8305348047764229,-0.16618013567156908,-1.1479889192256905,0.11321305935900408,0.9566094654090321,0.5494744336317233,0.7021793790222854,1.3644062531756616,1.1749077001226633,0.5074054265451605,-0.5427571364985447,-0.19541711815891166,-0.4789590972987401,-0.2574822752324611,-0.032478752396467483,0.10713843389237511,0.7570467049034555
-4.451699155002536,1.8808718366903183,-0.021143546311450795,-0.626071157144402,-3.0826002332003193,6.865478205003549,-3.5810106713339755,-3.2328242012658825,0.2726364802434245,0.921092284838556,11.720359652835416,7.716837818613943,-0.2651028969347686,2.6659388187043564,6.303625386542553,5.483121759581211,2.1765225047355328,2.2900822426790657,13.596312090411907,9.519750643668052,7.285794165274412,3.9315828561468447,-6.615534293409747,-7.897488461820781,-6.517179069881286,2.947929629432439,-0.8305348047764229,6.525618685584585,0.6477453167016747,5.195318832080749,-2.016214237574046,-5.5769851823763,-1.876800478287717,-3.4295498596830267,-8.12134967089097,-6.987711651924126,-3.59625887682105,4.148387904826882,0.03920749553119089,2.16656553199539,2.9090679568064246,0.4911055419591724,0.586968793069541,-3.389740848726304
-0.4704158048669212,0.005692290598743341,0.004317068177517611,-0.24333850450381245,-0.05231553445487704,1.1540167340528265,-0.3176404551364892,-0.37978622118215705,-0.06362808616617407,0.10793861767665978,1.6443137409936774,0.8358630606379366,0.018303618532668545,0.33615039711610356,0.7036644227360992,0.5742487798610324,0.5792229571363391,0.2615686324763971,1.9743264661251507,1.2598717644849018,1.0334477065212677,0.47462609958919916,-0.9005242489673615,-1.1559423303961591,-1.0958444870023871,0.4784048477607296,-0.16618013567156908,0.6477453167016747,0.3077772257423838,1.0014387002904437,0.003957659186846901,-1.02574346347015,-0.6796788942789742,-0.7936520987443514,-1.3178789652275036,-1.0258612476815545,-0.38667548951641495,0.5427559530519126,0.2787667136077474,0.0246538084574775,0.21730769228743999,0.0010656764908952572,-0.2442509983372831,-0.6421128317900126
-5.014994789358752,0.43016903568451115,0.517926610476599,-0.8671196271999376,-1.790089800994641,6.14020543261264,-2.3438365837457806,-2.8078935841352943,0.10302658254068207,-0.2213500426017707,10.0770360645704,6.280738307438677,-0.4003647153983838,2.6098970516086824,5.231493976199452,3.8054182485494894,2.528352279229123,2.535999283679149,12.74995358922742,8.158254618377756,6.7779764418571995,4.082424635776458,-6.1360325425388185,-6.6421172754348,-6.909658680001069,2.6214458974350197,-1.1479889192256905,5.195318832080749,1.0014387002904437,6.70079247036514,-0.6263716372159059,-5.484543816951051,-3.117992929106182,-4.181546061832486,-8.113166909144493,-6.992735198399409,-3.143986754467388,3.1300246071536266,1.122515300400561,2.9919020886261585,1.5961529105315089,0.07468301974223462,-0.4908561826533073,-4.329057951620263
0.9446867998440712,-0.9755805269739923,0.09384264800863701,-0.020738108851310433,1.333330901966724,-1.8418061242809767,1.25107577009195,1.0128125348713533,-0.11829163714479245,-0.7121496288075447,-3.42892221418632,-2.3034780023761394,0.05076744955142614,-0.6726707208809841,-1.9314042882063367,-1.9461960568294403,-0.37543586564884507,-0.5589748082596059,-3.664616045709204,-2.849480123238712,-1.8919511960493824,-0.9495987679482399,1.6830970969027725,2.3995732057777643,1.3965759939379163,-0.7214573379294669,0.11321305935900408,-2.016214237574046,0.003957659186846901,-0.6263716372159059,1.1223606570221558,1.3192319963374257,-0.01342482303530203,0.3850627728517936,1.8872050380444838,1.536286035001185,0.8742781096883716,-1.4308423559815902,0.3331388809179074,-0.2381696950498095,-1.2422765935713735,-0.22075044141541783,-0.5123195553366715,0.5147461991917662
3.85020385712042,-1.249095540463041,0.04312123415204906,0.874425756880383,2.1272155821601877,-6.922872624246452,2.983047993946119,2.926024288376937,-0.026603634787901304,-0.7958784448462436,-11.035625518860055,-6.806415238868205,0.1834091160237942,-2.4345254418079243,-5.61178931219658,-4.8046470759619355,-2.6263460559094076,-2.0091675058898035,-12.925581503347814,-8.780737000331463,-6.883251430068301,-3.5479747211570323,6.113249960514352,7.550711281922461,6.529912031183941,-2.9143012796792225,0.9566094654090321,-5.5769851823763,-1.02574346347015,-5.484543816951051,1.3192319963374257,5.787966603269236,2.6072121186382935,3.881747762223822,8.012983122736639,6.703690962053932,3.182185849072878,-3.824911854140475,-0.5463343303495033,-1.4793638283422916,-2.3362020509838946,-0.3856230214603867,0.1122256139951633,3.5582900106545434
1.9583874675516166,0.11346814908211028,-0.260564873328227,0.5294424083299075,0.3581690292363821,-2.826065926084379,0.7703972237482306,1.1317579128046689,0.07325083814950645,0.06606063641230679,-4.312495106956231,-2.345694762108484,0.10187951047701754,-1.0661424908717718,-2.0199624107767344,-1.4034178542418607,-1.3987143143213785,-1.03291643140886,-5.543726456175327,-3.4225476812359186,-2.8756774709388018,-1.6498453439778524,2.558467672051579,2.9162802203552136,3.1324589577938062,-1.1564735608182553,0.5494744336317233,-1.876800478287717,-0.6796788942789742,-3.117992929106182,-0.01342482303530203,2.6072121186382935,1.8177896487265168,2.075098805458948,3.6398653671635013,2.962871941960113,1.1303188635133683,-1.3267178859294246,-0.8261286223687183,-0.8993420268670113,-0.49317738153846485,0.07105073094199511,0.6080987740796951,2.0378181501777872
2.698448864491911,-0.4499661842519973,-0.03122935462496292,0.6775558444751373,0.9920979937655882,-4.505858219755909,1.735416117761798,1.8017318619694418,0.03240978103891397,-0.1381059869300027,-6.935637840008892,-4.304417851326055,0.15931032340198992,-1.6156988375726176,-3.4691303849006365,-2.7607274253881102,-1.836812918029183,-1.3390954693132389,-8.377891437146245,-5.461392524094317,-4.548240328209416,-2.3952237700476875,4.041774971669281,4.669453097423391,4.526967106297669,-1.9610839428861955,0.7021793790222854,-3.4295498596830267,-0.7936520987443514,-4.181546061832486,0.3850627728517936,3.881747762223822,2.075098805458948,2.986742591603748,5.444306627995953,4.640399528872239,2.1759654495778635,-2.2189525890655015,-0.5849767205546619,-1.285933466619049,-1.147697186474714,-0.20923636584241911,0.3127963653975095,2.619896826148611
6.172335186222283,-1.7515232691409997,-0.11081301809492336,1.0938922314661348,3.3189055701154584,-9.623252763940839,4.402925474775632,4.210613935423675,-0.26719010029173856,-0.842372098056749,-15.67562486112191,-9.914920455214077,0.3097371751944733,-3.6340560421806494,-8.12813661169652,-6.720349316267245,-3.4694190647434375,-3.0980293751891668,-18.659581069036904,-12.627159181565776,-9.917533639957863,-5.321759042063603,9.060665539876245,10.530928398302317,9.384957603885882,-4.0735805164425525,1.3644062531756616,-8.12134967089097,-1.3178789652275036,-8.113166909144493,1.8872050380444838,8.012983122736639,3.6398653671635013,5.444306627995953,11.574813260527247,9.761838057686248,4.7110173686887125,-5.371081049417775,-0.8299328830881749,-2.8428057492990653,-3.3206505983111576,-0.4790092494705286,0.022825557349837017,5.247332395281419
5.408856706848063,-1.4842139779738235,-0.0717636828392765,0.9733443976368578,2.8114057353080204,-7.994164478165703,3.7139704929594317,3.5203871166901353,-0.2781837785945076,-0.4717507817580741,-13.105801017167064,-8.439589763915418,0.2905403545225316,-3.09609808299862,-6.905899540611485,-5.6211614900506754,-2.8367598080833774,-2.6542272018523407,-15.637493011345754,-10.565318346794431,-8.404926312790014,-4.5876603298339385,7.719560335669461,8.737339269791454,7.9421132853693015,-3.4737115659213536,1.1749077001226633,-6.987711651924126,-1.0258612476815545,-6.992735198399409,1.536286035001185,6.703690962053932,2.962871941960113,4.640399528872239,9.761838057686248,8.443887764669464,4.173797131676146,-4.387581219761327,-0.6140373370746142,-2.7557000110554037,-2.6995919768619907,-0.41441642119721284,-0.0731027482856221,4.451954099355589
2.4999574309983315,-0.9933692010104701,0.17816887470622453,0.4187078178810082,1.5406804849746225,-3.984550263856197,2.1248810737074413,1.6827835089364294,-0.23815243448634768,-0.28927612828390153,-6.466535713974946,-4.427354303462658,0.10275111337055677,-1.5025658486448676,-3.500726485982993,-2.9483796894531213,-1.204891200727567,-1.1140370886517792,-7.48030320691837,-5.191232735298227,-4.111432575988639,-2.1115310795693594,3.884385878484689,4.256903803918853,3.699801293789719,-1.7922894033257484,0.5074054265451605,-3.59625887682105,-0.38667548951641495,-3.143986754467388,0.8742781096883716,3.182185849072878,1.1303188635133683,2.1759654495778635,4.7110173686887125,4.173797131676146,2.287973140006029,-2.1908043986139383,7.206881002740114e-4,-1.272759873103952,-1.4660171560694548,-0.3601205771699184,-0.30582904252404314,1.9140456918042514
-2.4912956439685128,1.3435749291950532,-0.13669965977214468,-0.3658926045481118,-1.9999191804189131,4.841298498799665,-2.4519709965666268,-2.1528186036252945,0.12753716157063646,0.9909071362140456,7.968812059490615,5.073131781458187,-0.10868550092679476,1.672712670579072,4.139457270882722,3.8025688226007657,1.5951149713675155,1.336170218164214,9.0563606671664445,6.401298897497223,4.772362494975791,2.3515179676428875,-4.2594378587763115,-5.478904529324644,-4.215952227520902,1.9727640533626547,-0.5427571364985447,4.148387904826882,0.5427559530519126,3.1300246071536266,-1.4308423559815902,-3.824911854140475,-1.3267178859294246,-2.2189525890655015,-5.371081049417775,-4.387581219761327,-2.1908043986139383,2.9856672358475516,0.04935090191463268,0.7589966936371644,2.0906070956862974,0.3864184393825041,0.31360441077585166,-2.0932284242419423
-0.7378506328894201,-0.48052261736999113,0.3238266602003913,-0.2250589767123301,0.24088053097630507,0.3517256568110647,0.22846467460288541,-0.15361892084601372,-0.03410571851295483,-0.3071705419898624,0.5551002830020939,-0.014465121039555776,-0.01491316438067512,0.24286129566289077,0.14256954271231595,-0.21456713348455744,0.4257653791903488,0.4053512540885444,1.1456887600490842,0.4957313677233075,0.4925519135482518,0.4744110564190063,-0.4976523526927415,-0.34338019601349756,-0.8246508748496008,0.11293213095928134,-0.19541711815891166,0.03920749553119089,0.2787667136077474,1.122515300400561,0.3331388809179074,-0.5463343303495033,-0.8261286223687183,-0.5849767205546619,-0.8299328830881749,-0.6140373370746142,7.206881002740114e-4,0.04935090191463268,0.6332087575078912,0.43937061538165334,-0.2399668881919034,-0.26261613403101364,-0.5232349747184311,-0.7785286165051422
-3.0377421782439646,-0.03729164495231255,0.6781646799199965,-0.08527801385834684,-1.0678088285454896,1.3934844641238286,-0.6373923627356833,-1.1454087299676436,0.20118061893678693,-0.7547898918829583,3.1633811151210125,2.3519318395913493,-0.4229201080146086,1.1812877006166331,2.000788522101511,1.0459930311414576,0.4771607526263355,1.53376409878726,4.684619902545334,2.8140601061110924,2.507204120119825,2.135503160462273,-2.338691761174279,-1.8413880635217372,-2.649028275018044,0.6446737705301402,-0.4789590972987401,2.16656553199539,0.0246538084574775,2.9919020886261585,-0.2381696950498095,-1.4793638283422916,-0.8993420268670113,-1.285933466619049,-2.8428057492990653,-2.7557000110554037,-1.272759873103952,0.7589966936371644,0.43937061538165334,2.7351681316522343,0.3875311776555219,-0.1424794482421588,0.04916276543300122,-1.9796615498620567
-1.4962111889060643,1.1804025433527614,-0.16989758637184654,-0.11361571445087297,-1.6195712093658405,3.118696939187063,-1.8277777411971883,-1.456095062336224,0.1381116587293586,0.8676584948816614,5.31105993735694,3.5272072904266034,-0.06519997626156612,1.0785776583956228,2.8388308921781906,2.753152539827774,0.8551906525240242,0.8152347028086702,5.838090076538211,4.297764362673818,3.077898475390601,1.466722007195755,-2.7637200221064138,-3.6588259592142243,-2.5208119816452434,1.2616773506864594,-0.2574822752324611,2.9090679568064246,0.21730769228743999,1.5961529105315089,-1.2422765935713735,-2.3362020509838946,-0.49317738153846485,-1.147697186474714,-3.3206505983111576,-2.6995919768619907,-1.4660171560694548,2.0906070956862974,-0.2399668881919034,0.3875311776555219,1.632664443903011,0.3448692096825397,0.488519123617584,-1.0970184954732318
0.06404560328448505,0.3515980891400913,-0.2241595722054218,0.05784791875652714,-0.27250876378862193,0.6590893724882453,-0.4442271932202297,-0.21326819547404055,0.004856335187150233,0.24847895157945843,0.8785965802761174,0.7736792442762831,-0.035187794314674045,0.12241339779521099,0.4912382889228229,0.6183983860127942,0.11870354307989031,-0.055675889846548456,0.7687337993786874,0.6155409454674454,0.488758935405729,0.07592583239425348,-0.36361282373661774,-0.6167561516487241,-0.30674460118746616,0.27491743248128714,-0.032478752396467483,0.4911055419591724,0.0010656764908952572,0.07468301974223462,-0.22075044141541783,-0.3856230214603867,0.07105073094199511,-0.20923636584241911,-0.4790092494705286,-0.41441642119721284,-0.3601205771699184,0.3864184393825041,-0.26261613403101364,-0.1424794482421588,0.3448692096825397,0.24308277568921827,0.2304871395293868,0.0046229230890859245
0.030863828183151445,0.5937048541018234,-0.1956550559074224,0.22548526396042057,-0.615880209061662,0.14742735074185345,-0.5321761659270583,-0.17051763625594235,0.12939843862445383,0.29820271655222985,0.49646694204805036,0.7216823421845673,-0.04023071196837259,0.05740633728097855,0.4501253382692345,0.6377133410427808,-0.2749591936263048,-0.03861590900255651,0.2504731772078209,0.42373195039405515,0.21904014769151328,0.018136997335355325,-0.20083088481516007,-0.3079500970171202,0.16328992184148505,0.08668316204495537,0.10713843389237511,0.586968793069541,-0.2442509983372831,-0.4908561826533073,-0.5123195553366715,0.1122256139951633,0.6080987740796951,0.3127963653975095,0.022825557349837017,-0.0731027482856221,-0.30582904252404314,0.31360441077585166,-0.5232349747184311,0.04916276543300122,0.488519123617584,0.2304871395293868,0.574394698989337,0.3463129119148385
3.3361567724194634,-0.2625354454550988,-0.45329510403046225,0.5208880516265275,1.2571664193465824,-3.9431663672877972,1.452891470585104,1.9120725729775687,-0.023778419101900115,0.07374017687493876,-6.616096483111934,-4.037376391833021,0.2961545708269239,-1.7205280813734551,-3.4350233233695393,-2.50478811891329,-1.6530267494013329,-1.7603603154092462,-8.428282280639813,-5.400469909022055,-4.411503551356194,-2.741797327345087,3.9307844648543315,4.401911073953305,4.523341283738805,-1.6289156236221278,0.7570467049034555,-3.389740848726304,-0.6421128317900126,-4.329057951620263,0.5147461991917662,3.5582900106545434,2.0378181501777872,2.619896826148611,5.247332395281419,4.451954099355589,1.9140456918042514,-2.0932284242419423,-0.7785286165051422,-1.9796615498620567,-1.0970184954732318,0.0046229230890859245,0.3463129119148385,2.882084424872976
