V1,V2,V3,V4,V5,V6,V7,V8,V9,V10,V11,V12,V13,V14,V15,V16,V17,V18,V19,V20,V21,V22,V23,V24,V25,V26,V27,V28,V29,V30,V31,V32,V33,V34,V35,V36,V37,V38,V39,V40,V41,V42,V43,V44
3.118325618026016,-2.2244026711588485,1.0866062790522721,1.390694785040084,1.6672043584858516,0.23320744114840034,1.1697105630337001,1.6638104555279132,-0.06511413945553098,0.3443982448871639,3.105390541232787,1.752684387699385,-1.651153034651716,2.263265541550931,2.4060089014657327,0.7130247733641019,-2.722847125803618,-0.962017196150615,2.1233992535446924,-2.9687936743302705,-0.3059681232884837,-1.2646162998868604,2.28999662308161,-0.46147623232498136,-0.271955971256272,0.9252678325845562,0.7110952871432548,-1.2264993394503971,1.3064727002171377,-0.39742143039245453,0.8245711593202212,1.0418532101000793,0.6543083920726471,1.5025341728260464,-0.7766940413211012,0.9497027818820493,-1.7498436260030943,0.043600585934300315,0.4125763724237288,-0.6890208230233155,0.22443129597435738,2.1801632845961683,-1.6259094138854753,-0.45123120749018786
-2.2244026711588485,2.436547008670185,-1.1708620845295725,-1.158548875224522,-1.0936600703045212,0.3278077902846036,-0.915756893370196,-1.260767896628665,-0.22353374238507207,-0.605231132339849,-2.560778493331825,-0.8743831426734096,1.6179381518137157,-1.8279736214009599,-1.7538482608202228,-0.1473236569170561,2.0736392321763297,0.4957965582690114,-2.0316661568206977,2.5136503048581673,0.5492865775591755,1.1822164559775092,-1.4381268152554048,0.15724945997265918,0.46065196266579145,-1.1327918648308402,-0.6258466759172425,0.9573078377712182,-0.9789247362035409,0.5754327107354631,-0.5707006242027718,-0.45134396780156016,-0.8475380109462369,-1.143256478127853,-0.08132699341670006,-0.8449625911124065,1.4607843873493571,0.06104998798640621,-0.6135818543664374,0.444347886495999,-0.11668115146503989,-1.6230914026799093,1.8426557052625518,0.04520242730385959
1.0866062790522721,-1.1708620845295725,1.2316037502843562,0.03930020289970584,0.6543416843955808,-0.08904802625120546,0.6777841952434713,0.7463175112785045,0.13693741945800753,0.9499297962566998,1.2268460608634082,0.2779843844909473,-1.2283995409452622,0.9778016416808464,0.34971769694822624,0.30864528262107416,-0.6856625756107089,0.1881151640555947,0.8308197065719197,-1.4787729101137574,-0.5166777109213013,-0.5672868748661233,0.5319315384900718,0.1258382238522703,-0.24019538849044,0.9912274494656865,0.18777361716461313,-1.3540351386136775,0.13051479244034347,-0.4176414859569785,0.10310123755913148,0.019867687300205154,0.0783941425145428,0.4405645146377821,0.534250285994164,0.573544314765035,-1.130035076722903,0.022169310267840865,0.5468303650020743,0.139293502137799,-0.18167043326682214,0.5646203576205668,-0.8757361527069227,-0.0951120491809548
1.390694785040084,-1.158548875224522,0.03930020289970584,2.320032702959235,0.22955563867579906,0.03528023514976571,1.0730190893332545,0.5097807861351601,-0.34855403519722117,-0.9491519340604383,1.3662208612782916,0.6393799661290716,0.19517241785860548,1.3453865651493229,1.907896774035719,0.19805693131870297,-1.8185548466909784,-0.8758561731395214,1.4634531398189303,-1.0671924178257188,-0.3117979339671408,-0.6462902376027245,1.1087844243616898,-0.8237070892758515,-0.5483348074206621,0.5248820899636865,0.4410055399518374,0.8905558512956613,0.6158085500273001,0.033488908068065315,0.463101006403886,0.42840540904976554,0.07620715085028688,0.8217236851594591,-0.9066777174453862,0.3735299937271313,0.1048633086226113,0.08970194368334083,0.16772669040510005,-0.29111061876922295,1.079041062860976,0.8556678160588033,-0.9014412726324732,0.11259930098570381
1.6672043584858516,-1.0936600703045212,0.6543416843955808,0.22955563867579906,1.1431554636745616,0.1788530816031197,0.3642236955492998,0.871718750688914,0.07168228489173548,0.5145689974002129,1.65420772550996,1.024749828240183,-1.2633936372695664,1.1667629543494087,1.0000834765556723,0.3814746415532379,-1.2443590751566322,-0.3803890485018136,0.8605748575544329,-1.6148388365203572,-0.12929169150685305,-0.4732896900441906,1.3255897753168364,-0.12178786227119075,-0.007160510062763647,0.35925136243557193,0.3298215081405804,-1.1107976823370511,0.7054635270784512,-0.2936153122982689,0.3935065903570954,0.6176398516067448,0.294775922540516,0.6124545112442393,-0.20397255430788833,0.44840256429995073,-1.150923621754646,-0.010380649570702383,0.11986854689938686,-0.3109208949260775,-0.17674411617495284,1.3385224127953916,-0.7608402085260892,-0.3437406626290571
0.23320744114840034,0.3278077902846036,-0.08904802625120546,0.03528023514976571,0.1788530816031197,0.38604351816627985,0.008442542108562061,0.04863409305103755,-0.15690300591131776,-0.07943094302734725,-0.016824835938058072,0.29840043291853574,-0.0252257894095642,0.05563663692320997,0.0316259892988662,0.17037166254030145,-0.01902748145674702,-0.18625578854907476,-0.3061959206919439,0.06160597535647307,0.19505379853086313,0.19732056626898328,0.40783228225593315,-0.13987569142532927,0.13595644202326845,-0.20903177128761113,-0.057238606101987596,-0.15207398031862726,0.02740624929258631,0.06116129718655754,-0.055269574971744444,0.2794710095727872,-0.3226530668559771,-0.12829490887724546,-0.3809959144644203,-0.07099296013118854,0.06187577914022634,0.08986677138295548,-0.1880232418170974,0.07924586156180201,0.042664943304854985,0.18461770646304856,0.32863173515430083,-0.17976636474126803
1.1697105630337001,-0.915756893370196,0.6777841952434713,1.0730190893332545,0.3642236955492998,0.008442542108562061,1.313535331338433,0.7211509173601641,-0.3542394903178644,-0.07396551480106309,0.9698276759495034,0.45218234464811435,-0.1272646293447313,1.1023578420633757,1.0977326528898523,0.7766233290801556,-1.1865392666587977,-0.19959414193599673,1.2466915955465858,-1.2546689536508204,-0.7135031696408725,-0.7847998754650249,0.33817431326839614,-0.24700261823185202,-0.4479538722496732,1.1631976828123303,0.292790560010228,-0.31476923863836814,0.13793961663858104,-0.07591776775851186,0.30756341959793215,-0.055512499756003905,-0.11707425231473177,0.9876500490701986,-0.19898008355770824,0.5354467837997974,-0.643814898227818,0.19069322378262055,0.5755098179422325,-0.0024153547965362616,0.5887367604063358,0.26340483783633367,-0.6884620775814068,0.016357057830437276
1.6638104555279132,-1.260767896628665,0.7463175112785045,0.5097807861351601,0.871718750688914,0.04863409305103755,0.7211509173601641,1.110452959884822,-0.04125403367464509,0.3359847627158371,1.6996444227751266,0.8917967837956144,-0.8916520981612155,1.0937427929290633,1.2638116610930232,0.5315732816692235,-1.4539702542684583,-0.45842296354906525,1.2704400726871932,-1.8021347431886436,-0.25461197735722046,-0.9337369452411557,0.9788868540369949,-0.03034182703745632,-0.13688299757663258,0.7683905808458459,0.3764044428435312,-0.8640067708481876,0.689347144650796,-0.26561050184074503,0.5088558796673318,0.4466976308841989,0.5152793608786905,1.0143325345013539,-0.3032190657005432,0.575022232692867,-1.2367993115611613,0.027002759399900957,0.39929088595875384,-0.4166349970761227,0.019813446995445218,0.9986426403806554,-0.8947319977612476,-0.23354846396084517
-0.06511413945553098,-0.22353374238507207,0.13693741945800753,-0.34855403519722117,0.07168228489173548,-0.15690300591131776,-0.3542394903178644,-0.04125403367464509,0.3698960809062047,0.28962236772139865,0.18894229778061722,-0.0633940621107353,-0.321144895003247,0.01071698571109471,-0.20472132914916877,-0.38746765125165666,0.052538728202927695,0.14624405834987897,-0.007579855125320187,-0.05299545258993008,0.13168006485601047,-0.03729136600947269,-0.041836613025582406,0.12407190638670243,0.09456776416166225,-0.1886428005830575,0.03804065993449666,-0.19852882216891976,0.04503902738617696,-0.04801547863083531,0.020891660898046543,0.0418312707328815,0.3463665523183618,-0.14039201908102122,0.2367667123068763,0.0797139141864271,-0.14826467046457392,-0.15006538582067427,-0.014726898668960002,-0.12533421901980818,-0.3308277769740639,0.13202171113883743,-0.31282605009757014,-0.00531335212563821
0.3443982448871639,-0.605231132339849,0.9499297962566998,-0.9491519340604383,0.5145689974002129,-0.07943094302734725,-0.07396551480106309,0.3359847627158371,0.28962236772139865,1.3605806141643046,0.42328329569675166,-0.09452787609493056,-1.444694510601749,0.24305521506679698,-0.6157217769181492,-0.015997911081936503,0.35542553543810673,0.48064849516655955,-0.10334102187413272,-0.7369990779860649,-0.23707572276383693,0.03167417882589636,0.21366076315187382,0.48320475897507376,0.04309558087492179,0.5139512666361027,-0.0354962522487166,-1.6051396562058626,-0.08729686241892001,-0.531041169772321,-0.2614310860357988,-0.08799416814520288,-0.025539591600611034,-0.20803882187214412,0.9318996478540581,0.2123715415808713,-0.8982499950700357,0.008832186053521476,0.29780431509698285,0.3827918094099782,-0.6581359954603491,0.3692596884016092,-0.31005734548869607,-0.0800223683541797
3.105390541232787,-2.560778493331825,1.2268460608634082,1.3662208612782916,1.65420772550996,-0.016824835938058072,0.9698276759495034,1.6996444227751266,0.18894229778061722,0.42328329569675166,3.515162618206831,1.6671004939126943,-1.804087199634294,2.307017607744095,2.5150701561355766,0.39869314131247985,-2.9060326604734996,-0.920039724948686,2.390162851684063,-3.2085426211476205,-0.22149220035974815,-1.4342416654359453,2.3352986355488348,-0.4557546644125323,-0.29894121332030965,0.8310232424892883,0.7728138337598457,-1.1287343320268703,1.488829353105033,-0.4277256236853909,0.989715866436542,1.0904538290513481,1.084035996272954,1.5367900154388137,-0.616481037993995,1.066109707804038,-1.8606060173720596,-0.13141666870094315,0.4426662468027312,-0.9281393512338949,0.07618078553880943,2.3007250334649894,-2.014769518251467,-0.4439838461223712
1.752684387699385,-0.8743831426734096,0.2779843844909473,0.6393799661290716,1.024749828240183,0.29840043291853574,0.45218234464811435,0.8917967837956144,-0.0633940621107353,-0.09452787609493056,1.6671004939126943,1.3495834500525423,-0.6385748241507916,1.1493923898050855,1.4864263336876335,0.47703776304226975,-1.650126483066635,-0.708332561980448,1.0079897023589606,-1.4681795211424276,0.09385044996329926,-0.6225151377016481,1.4126405005990599,-0.34470618015220156,0.05719106141092957,0.10566500916757023,0.38283987636862227,-0.4478898484386694,0.9295207784172592,-0.00427729069081536,0.5850607649170527,0.8571595743189497,0.5040128159098427,0.9020491950696857,-0.8573383476580171,0.47027133479865046,-0.9254263194163906,0.03925004949111653,-0.0265583821165046,-0.642009289436955,0.1106542806068136,1.3095961312834399,-0.6609556705544346,-0.41539732036277527
-1.651153034651716,1.6179381518137157,-1.2283995409452622,0.19517241785860548,-1.2633936372695664,-0.0252257894095642,-0.1272646293447313,-0.8916520981612155,-0.321144895003247,-1.444694510601749,-1.804087199634294,-0.6385748241507916,2.427273744192677,-1.1453609892789889,-0.3847528889980712,0.02804061715223436,0.7661960085187374,0.10710866257903247,-0.6281191453435581,1.8383670257678975,0.25506892129225966,0.2679641079617714,-1.5679101936346964,-0.21457181894537192,0.0731413611145474,-0.5927977041897261,-0.23845546888722338,2.0418717979705683,-0.5816968848004413,0.857750042658211,-0.012384010428380209,-0.4648711912838475,-0.18896704961804117,-0.05293206422410224,-0.6756813580311237,-0.4159195192958587,1.4078957023924894,0.0648182266921214,-0.24544129012658886,-0.1902860167328516,0.6068787659372021,-1.624944806809126,0.9889809281631348,0.23254547135971979
2.263265541550931,-1.8279736214009599,0.9778016416808464,1.3453865651493229,1.1667629543494087,0.05563663692320997,1.1023578420633757,1.0937427929290633,0.01071698571109471,0.24305521506679698,2.307017607744095,1.1493923898050855,-1.1453609892789889,2.05356490049432,1.8104438010246113,0.4754444550913371,-2.098641091951305,-0.5028494563801909,1.7452532244848267,-2.2502950283241527,-0.48329516628163005,-0.8782727360118746,1.5108386158628377,-0.5093822555561991,-0.3850707990768077,0.9390100764865702,0.5902215733222819,-0.7763872035307413,0.7829482269814528,-0.22221710786780113,0.5812835416635068,0.6462043054267944,0.33849380461187084,1.138687929691758,-0.42558545727688557,0.8349635049193159,-1.2017398439468279,0.06886023444714628,0.43974471204038634,-0.3659386331676944,0.3948711806352601,1.5233170041281754,-1.4447533860967874,-0.20349531432495707
2.4060089014657327,-1.7538482608202228,0.34971769694822624,1.907896774035719,1.0000834765556723,0.0316259892988662,1.0977326528898523,1.2638116610930232,-0.20472132914916877,-0.6157217769181492,2.5150701561355766,1.4864263336876335,-0.3847528889980712,1.8104438010246113,2.6595449300643867,0.5684797061395287,-2.7072642778094704,-1.1050821519582579,2.1719501551522225,-2.2368415314814167,-0.16836194981006616,-1.2605092319715785,1.6830973621445613,-0.6863208753490943,-0.3376722954178268,0.6026631414670376,0.696178274217611,0.22575911853245131,1.3054164662750531,0.014362290799979378,0.9779976678035515,0.9141610640125847,0.8917738500744092,1.6458140268143127,-1.217214938161006,0.7725955243095766,-0.9827448378048506,0.030755786170943794,0.2682662640550412,-0.9948191180930899,0.7010152358663577,1.5895671832178533,-1.3838066831707005,-0.250668535080136
0.7130247733641019,-0.1473236569170561,0.30864528262107416,0.19805693131870297,0.3814746415532379,0.17037166254030145,0.7766233290801556,0.5315732816692235,-0.38746765125165666,-0.015997911081936503,0.39869314131247985,0.47703776304226975,0.02804061715223436,0.4754444550913371,0.5684797061395287,0.9168130988169442,-0.5818510276734076,-0.08990751544429633,0.5450526840726055,-0.7416966217422861,-0.4045877130989831,-0.41292973184197274,0.1277205733791242,-0.039809993812577216,-0.1231969570578023,0.6729485165329662,0.11149442864606739,-0.42790258336889464,0.07174930331655506,0.033291948367436056,0.22639475802845496,-0.026338801030330337,-0.22587872174575124,0.7303977651397896,-0.22728788826460655,0.2284143966076897,-0.6247653557471209,0.17033407288332444,0.285715173227777,-0.04416396119046587,0.22617546743469089,0.05961911369120023,-0.009539799766403685,-0.16247098524646955
-2.722847125803618,2.0736392321763297,-0.6856625756107089,-1.8185548466909784,-1.2443590751566322,-0.01902748145674702,-1.1865392666587977,-1.4539702542684583,0.052538728202927695,0.35542553543810673,-2.9060326604734996,-1.650126483066635,0.7661960085187374,-2.098641091951305,-2.7072642778094704,-0.5818510276734076,2.9695848100178193,1.054594097721984,-2.367530104081167,2.6122248367683785,0.28776110063816934,1.4430238269698126,-1.8419519597078207,0.6318537407811183,0.3510939632024578,-0.7738644075183332,-0.754173970114184,0.19804043925253167,-1.3758626077583083,0.08382293743295441,-1.0364465915217893,-0.9362544628777264,-0.9649479725742831,-1.7137692888041967,1.0563299427606812,-0.9234460774091358,1.3457594991360262,0.0232989796501098,-0.36356212919622577,1.0051416605544876,-0.5497943926839652,-1.7978134951067715,1.7034563614447111,0.3197378479447063
-0.962017196150615,0.4957965582690114,0.1881151640555947,-0.8758561731395214,-0.3803890485018136,-0.18625578854907476,-0.19959414193599673,-0.45842296354906525,0.14624405834987897,0.48064849516655955,-0.920039724948686,-0.708332561980448,0.10710866257903247,-0.5028494563801909,-1.1050821519582579,-0.08990751544429633,1.054594097721984,0.756247416318346,-0.6086503097945343,0.6402273854568254,-0.19591474400104736,0.3721562423460571,-0.971499727332257,0.3212677912593019,0.02513642726316911,0.11561430366701958,-0.2276959993026186,-0.27368679498704385,-0.6517080762954164,0.020893961566283984,-0.3563976039879947,-0.563293079158829,-0.30733921762834054,-0.4325040740223886,0.7616370207062805,-0.10294600778182975,0.152568994327862,0.007348416259317446,0.13316001739230524,0.41644987441666714,-0.28168792730993075,-0.8056794658206972,0.31172578572582127,0.13562607991249953
2.1233992535446924,-2.0316661568206977,0.8308197065719197,1.4634531398189303,0.8605748575544329,-0.3061959206919439,1.2466915955465858,1.2704400726871932,-0.007579855125320187,-0.10334102187413272,2.390162851684063,1.0079897023589606,-0.6281191453435581,1.7452532244848267,2.1719501551522225,0.5450526840726055,-2.367530104081167,-0.6086503097945343,2.3789081659454836,-2.3399650176877147,-0.5388657059119292,-1.5174008931357024,0.998648823357255,-0.3547535859992163,-0.48227940182403634,1.086175114176247,0.6826595485972777,-0.2905378820967407,0.8872055621253688,-0.13633933157834754,0.8837327739517141,0.37119126666711916,0.9531310886841018,1.6866611735331032,-0.4677908569214845,0.9316060456665994,-1.2829469532634425,-0.056198195870212936,0.6679566510774821,-0.8086636605249445,0.42697954460589504,1.1396508639801868,-1.7189498668046224,-0.08946518508990775
-2.9687936743302705,2.5136503048581673,-1.4787729101137574,-1.0671924178257188,-1.6148388365203572,0.06160597535647307,-1.2546689536508204,-1.8021347431886436,-0.05299545258993008,-0.7369990779860649,-3.2085426211476205,-1.4681795211424276,1.8383670257678975,-2.2502950283241527,-2.2368415314814167,-0.7416966217422861,2.6122248367683785,0.6402273854568254,-2.3399650176877147,3.3176078869896832,0.5728984599885036,1.4653063263524906,-1.8816394001788417,0.21176929802744424,0.3750362672972022,-1.3884036652817482,-0.7152690927947599,1.5069660293566693,-1.2314058927203537,0.5187230180036565,-0.8693031697868703,-0.7797774792729509,-0.8645748239030414,-1.6577691574754212,0.2778742118569989,-1.0882658556785942,2.1255733833911017,-0.010113506269839301,-0.7054140003596769,0.6559441952887102,-0.086035658084887,-1.9663932893670502,1.8525073510507446,0.35385425196935083
-0.3059681232884837,0.5492865775591755,-0.5166777109213013,-0.3117979339671408,-0.12929169150685305,0.19505379853086313,-0.7135031696408725,-0.25461197735722046,0.13168006485601047,-0.23707572276383693,-0.22149220035974815,0.09385044996329926,0.25506892129225966,-0.48329516628163005,-0.16836194981006616,-0.4045877130989831,0.28776110063816934,-0.19591474400104736,-0.5388657059119292,0.5728984599885036,0.7770765662881258,0.3078052764587555,0.2208750347653108,-0.09567277072295008,0.35353584484633965,-0.9474835103925234,-0.08676079951165562,0.4214347676324762,0.1619151175969541,0.22787187403830036,-0.021582579680679375,0.41927702997634486,0.2661107773722255,-0.32406149655148503,-0.5112194298861092,-0.1748670483361108,0.4121859473554895,-0.07721117036913135,-0.43316771950045196,-0.3263542676400794,-0.22505331003390167,0.06340064242536353,0.3708431696551755,-0.18003308948358232
-1.2646162998868604,1.1822164559775092,-0.5672868748661233,-0.6462902376027245,-0.4732896900441906,0.19732056626898328,-0.7847998754650249,-0.9337369452411557,-0.03729136600947269,0.03167417882589636,-1.4342416654359453,-0.6225151377016481,0.2679641079617714,-0.8782727360118746,-1.2605092319715785,-0.41292973184197274,1.4430238269698126,0.3721562423460571,-1.5174008931357024,1.4653063263524906,0.3078052764587555,1.2230788455998862,-0.35400380028178663,0.027744129550961172,0.22185376728612977,-0.7460546262000174,-0.40651933172637417,0.3255945837537442,-0.49029201488814333,0.061489583928107105,-0.6223771444786013,-0.1394877891488572,-0.7599532616441449,-1.1758481221743489,0.2960134665430083,-0.6206121890213224,0.9799161829898525,0.0817552010470367,-0.5132180593213522,0.6083205342875849,-0.10727074821166509,-0.483069316991802,1.067491114622905,0.08208048724855933
2.28999662308161,-1.4381268152554048,0.5319315384900718,1.1087844243616898,1.3255897753168364,0.40783228225593315,0.33817431326839614,0.9788868540369949,-0.041836613025582406,0.21366076315187382,2.3352986355488348,1.4126405005990599,-1.5679101936346964,1.5108386158628377,1.6830973621445613,0.1277205733791242,-1.8419519597078207,-0.971499727332257,0.998648823357255,-1.8816394001788417,0.2208750347653108,-0.35400380028178663,2.522083249704276,-0.5513686548137959,-0.0503117157286093,-0.01317702684876974,0.4033441538543791,-0.7678489641890253,1.2483544252976635,-0.41584883052201804,0.4241689987339029,1.2000516295327743,0.29575591096910964,0.46359437685504107,-0.7452676290835863,0.42120236755287793,-0.8678292144428378,8.376549076810892e-4,-0.18242025393728545,-0.4119047960761244,0.10365395413044985,2.1299964165717866,-0.8947536261290483,-0.4594311302820029
-0.46147623232498136,0.15724945997265918,0.1258382238522703,-0.8237070892758515,-0.12178786227119075,-0.13987569142532927,-0.24700261823185202,-0.03034182703745632,0.12407190638670243,0.48320475897507376,-0.4557546644125323,-0.34470618015220156,-0.21457181894537192,-0.5093822555561991,-0.6863208753490943,-0.039809993812577216,0.6318537407811183,0.3212677912593019,-0.3547535859992163,0.21176929802744424,-0.09567277072295008,0.027744129550961172,-0.5513686548137959,0.49755190430089513,0.11131765020429078,0.14864323713384808,-0.13574112926852291,-0.48527126007058397,-0.23510618222431556,-0.18814205358659927,-0.1864916968313526,-0.32892190523943654,0.04943969428294762,-0.1894218440881253,0.5497057242785626,-0.1233411508234767,-0.21176479289743153,-0.02697173030281503,0.11971947878244095,0.2069147700055971,-0.4059214269071708,-0.3524237551048501,0.19237218317627722,0.06814932668779504
-0.271955971256272,0.46065196266579145,-0.24019538849044,-0.5483348074206621,-0.007160510062763647,0.13595644202326845,-0.4479538722496732,-0.13688299757663258,0.09456776416166225,0.04309558087492179,-0.29894121332030965,0.05719106141092957,0.0731413611145474,-0.3850707990768077,-0.3376722954178268,-0.1231969570578023,0.3510939632024578,0.02513642726316911,-0.48227940182403634,0.3750362672972022,0.35353584484633965,0.22185376728612977,-0.0503117157286093,0.11131765020429078,0.28101646403019026,-0.47465949258522083,-0.09998176548339704,-0.03520326619365819,0.009689045218360068,0.10299298911491384,-0.051613828915064636,0.1587854629476923,0.09178758832674862,-0.21786684271932516,-0.1383625350800197,-0.13129285614837077,0.09016675098380522,-0.026535104912910126,-0.22886122445524038,-0.09858156566666229,-0.27184976347622447,-0.05601229283984661,0.3410667234852852,-0.13337515286071178
0.9252678325845562,-1.1327918648308402,0.9912274494656865,0.5248820899636865,0.35925136243557193,-0.20903177128761113,1.1631976828123303,0.7683905808458459,-0.1886428005830575,0.5139512666361027,0.8310232424892883,0.10566500916757023,-0.5927977041897261,0.9390100764865702,0.6026631414670376,0.6729485165329662,-0.7738644075183332,0.11561430366701958,1.086175114176247,-1.3884036652817482,-0.9474835103925234,-0.7460546262000174,-0.01317702684876974,0.14864323713384808,-0.47465949258522083,1.5458760673436165,0.23150060416186627,-0.8311454744120066,0.008525741199801734,-0.3614939695501905,0.14126430104161258,-0.33319368621737094,-0.08706552982025967,0.808268743207599,0.4679557745491853,0.48415726352301264,-0.980142667639937,0.17711657609310308,0.7630776185905296,0.256245573883406,0.30042263171343203,0.15809185783880603,-0.7366603885238001,0.1550636545672801
0.7110952871432548,-0.6258466759172425,0.18777361716461313,0.4410055399518374,0.3298215081405804,-0.057238606101987596,0.292790560010228,0.3764044428435312,0.03804065993449666,-0.0354962522487166,0.7728138337598457,0.38283987636862227,-0.23845546888722338,0.5902215733222819,0.696178274217611,0.11149442864606739,-0.754173970114184,-0.2276959993026186,0.6826595485972777,-0.7152690927947599,-0.08676079951165562,-0.40651933172637417,0.4033441538543791,-0.13574112926852291,-0.09998176548339704,0.23150060416186627,0.24027003229593089,-0.0801387119075785,0.3304739148456053,-0.027825100013477162,0.2742056672226841,0.2155968408312206,0.3226288050808384,0.5019508075746985,-0.2325512088843476,0.27797197676603175,-0.38037000455998893,-0.016005731431945,0.14571020091418269,-0.2836823213468462,0.10931816284950856,0.4740666121127591,-0.5292108580333885,-0.05196837368204946
-1.2264993394503971,0.9573078377712182,-1.3540351386136775,0.8905558512956613,-1.1107976823370511,-0.15207398031862726,-0.31476923863836814,-0.8640067708481876,-0.19852882216891976,-1.6051396562058626,-1.1287343320268703,-0.4478898484386694,2.0418717979705683,-0.7763872035307413,0.22575911853245131,-0.42790258336889464,0.19804043925253167,-0.27368679498704385,-0.2905378820967407,1.5069660293566693,0.4214347676324762,0.3255945837537442,-0.7678489641890253,-0.48527126007058397,-0.03520326619365819,-0.8311454744120066,-0.0801387119075785,2.4894774932168606,-0.003896141963394221,0.6966770020862837,0.0786248013164102,-0.09464348634564386,0.16104794570049075,-0.10476847414074973,-0.8451368443492882,-0.41764809825180865,1.558746752865793,0.0022612547178734546,-0.43861410666054335,-0.3915779724463599,0.7846172393834673,-0.8575391853810646,0.5477815074637054,0.2785961173887041
1.3064727002171377,-0.9789247362035409,0.13051479244034347,0.6158085500273001,0.7054635270784512,0.02740624929258631,0.13793961663858104,0.689347144650796,0.04503902738617696,-0.08729686241892001,1.488829353105033,0.9295207784172592,-0.5816968848004413,0.7829482269814528,1.3054164662750531,0.07174930331655506,-1.3758626077583083,-0.6517080762954164,0.8872055621253688,-1.2314058927203537,0.1619151175969541,-0.49029201488814333,1.2483544252976635,-0.23510618222431556,0.009689045218360068,0.008525741199801734,0.3304739148456053,-0.003896141963394221,1.0672229248731406,-0.12290362525429714,0.4915601388619646,0.7282812896766837,0.734149822511511,0.6762192001165593,-0.6017757840950672,0.31339292005007663,-0.6374561539326046,-0.01792852125382452,-0.07089552580785781,-0.6571573274706055,0.09950724065161864,1.2031997749612597,-0.6837430559078026,-0.25581268527450757
-0.39742143039245453,0.5754327107354631,-0.4176414859569785,0.033488908068065315,-0.2936153122982689,0.06116129718655754,-0.07591776775851186,-0.26561050184074503,-0.04801547863083531,-0.531041169772321,-0.4277256236853909,-0.00427729069081536,0.857750042658211,-0.22221710786780113,0.014362290799979378,0.033291948367436056,0.08382293743295441,0.020893961566283984,-0.13633933157834754,0.5187230180036565,0.22787187403830036,0.061489583928107105,-0.41584883052201804,-0.18814205358659927,0.10299298911491384,-0.3614939695501905,-0.027825100013477162,0.6966770020862837,-0.12290362525429714,0.44188970944192396,0.11018952480733177,0.023916844164309944,0.0646518081384838,0.10983014151237427,-0.44730120626317665,-0.020338652378655248,0.3964065267709965,0.012373379770309306,-0.1334769027803775,-0.25866215531079884,0.17524553661461043,-0.43723705281225816,0.2611028655248912,-0.034605594272987726
0.8245711593202212,-0.5707006242027718,0.10310123755913148,0.463101006403886,0.3935065903570954,-0.055269574971744444,0.30756341959793215,0.5088558796673318,0.020891660898046543,-0.2614310860357988,0.989715866436542,0.5850607649170527,-0.012384010428380209,0.5812835416635068,0.9779976678035515,0.22639475802845496,-1.0364465915217893,-0.3563976039879947,0.8837327739517141,-0.8693031697868703,-0.021582579680679375,-0.6223771444786013,0.4241689987339029,-0.1864916968313526,-0.051613828915064636,0.14126430104161258,0.2742056672226841,0.0786248013164102,0.4915601388619646,0.11018952480733177,0.536052311014417,0.319565740541113,0.5525495743728979,0.7414528898099887,-0.4605498267421269,0.3390237133743521,-0.49667424054943604,-0.08620408622054508,0.11607729057512664,-0.5754489889637181,0.11485760515439392,0.48808899735135797,-0.5728486926063766,-0.14704350036466654
1.0418532101000793,-0.45134396780156016,0.019867687300205154,0.42840540904976554,0.6176398516067448,0.2794710095727872,-0.055512499756003905,0.4466976308841989,0.0418312707328815,-0.08799416814520288,1.0904538290513481,0.8571595743189497,-0.4648711912838475,0.6462043054267944,0.9141610640125847,-0.026338801030330337,-0.9362544628777264,-0.563293079158829,0.37119126666711916,-0.7797774792729509,0.41927702997634486,-0.1394877891488572,1.2000516295327743,-0.32892190523943654,0.1587854629476923,-0.33319368621737094,0.2155968408312206,-0.09464348634564386,0.7282812896766837,0.023916844164309944,0.319565740541113,0.8531993900911249,0.41063482218377356,0.32262500390181237,-0.7553906013330123,0.2393078203067537,-0.3400139611989673,0.014296727412171136,-0.22414886266908213,-0.46629572089670634,0.0405493151491551,1.0371656959556974,-0.30981401400686365,-0.31134004650357977
0.6543083920726471,-0.8475380109462369,0.0783941425145428,0.07620715085028688,0.294775922540516,-0.3226530668559771,-0.11707425231473177,0.5152793608786905,0.3463665523183618,-0.025539591600611034,1.084035996272954,0.5040128159098427,-0.18896704961804117,0.33849380461187084,0.8917738500744092,-0.22587872174575124,-0.9649479725742831,-0.30733921762834054,0.9531310886841018,-0.8645748239030414,0.2661107773722255,-0.7599532616441449,0.29575591096910964,0.04943969428294762,0.09178758832674862,-0.08706552982025967,0.3226288050808384,0.16104794570049075,0.734149822511511,0.0646518081384838,0.5525495743728979,0.41063482218377356,1.2905447043639053,0.7910405998513402,-0.35373577003854195,0.43553970302338413,-0.5985893781769924,-0.15309129686126333,0.1188943935152927,-0.886895225945851,-0.18207584382378483,0.5593962480715005,-0.8387132483699821,-0.10733463035147627
1.5025341728260464,-1.143256478127853,0.4405645146377821,0.8217236851594591,0.6124545112442393,-0.12829490887724546,0.9876500490701986,1.0143325345013539,-0.14039201908102122,-0.20803882187214412,1.5367900154388137,0.9020491950696857,-0.05293206422410224,1.138687929691758,1.6458140268143127,0.7303977651397896,-1.7137692888041967,-0.4325040740223886,1.6866611735331032,-1.6577691574754212,-0.32406149655148503,-1.1758481221743489,0.46359437685504107,-0.1894218440881253,-0.21786684271932516,0.808268743207599,0.5019508075746985,-0.10476847414074973,0.6762192001165593,0.10983014151237427,0.7414528898099887,0.32262500390181237,0.7910405998513402,1.5810899970044854,-0.6581603160354725,0.7186307439131612,-1.0352875052080615,0.07260989858896447,0.513897215988782,-0.763055101968098,0.3484035702541026,0.6124172445655578,-0.9828714672630854,-0.17559265408044183
-0.7766940413211012,-0.08132699341670006,0.534250285994164,-0.9066777174453862,-0.20397255430788833,-0.3809959144644203,-0.19898008355770824,-0.3032190657005432,0.2367667123068763,0.9318996478540581,-0.616481037993995,-0.8573383476580171,-0.6756813580311237,-0.42558545727688557,-1.217214938161006,-0.22728788826460655,1.0563299427606812,0.7616370207062805,-0.4677908569214845,0.2778742118569989,-0.5112194298861092,0.2960134665430083,-0.7452676290835863,0.5497057242785626,-0.1383625350800197,0.4679557745491853,-0.2325512088843476,-0.8451368443492882,-0.6017757840950672,-0.44730120626317665,-0.4605498267421269,-0.7553906013330123,-0.35373577003854195,-0.6581603160354725,1.4132379649145446,-0.16559410800626945,-0.160997677236137,-0.08644546234863637,0.2594178226668542,0.6940716107527023,-0.4778104157374393,-0.4942367318934411,0.016569690768090308,0.27624840533572426
0.9497027818820493,-0.8449625911124065,0.573544314765035,0.3735299937271313,0.44840256429995073,-0.07099296013118854,0.5354467837997974,0.575022232692867,0.0797139141864271,0.2123715415808713,1.066109707804038,0.47027133479865046,-0.4159195192958587,0.8349635049193159,0.7725955243095766,0.2284143966076897,-0.9234460774091358,-0.10294600778182975,0.9316060456665994,-1.0882658556785942,-0.1748670483361108,-0.6206121890213224,0.42120236755287793,-0.1233411508234767,-0.13129285614837077,0.48415726352301264,0.27797197676603175,-0.41764809825180865,0.31339292005007663,-0.020338652378655248,0.3390237133743521,0.2393078203067537,0.43553970302338413,0.7186307439131612,-0.16559410800626945,0.549593456097821,-0.6870851695585621,0.016875302198680234,0.3382269213444958,-0.33324614872266617,0.0665837410334625,0.47427437791787264,-0.7653088160775274,-0.11433760716957282
-1.7498436260030943,1.4607843873493571,-1.130035076722903,0.1048633086226113,-1.150923621754646,0.06187577914022634,-0.643814898227818,-1.2367993115611613,-0.14826467046457392,-0.8982499950700357,-1.8606060173720596,-0.9254263194163906,1.4078957023924894,-1.2017398439468279,-0.9827448378048506,-0.6247653557471209,1.3457594991360262,0.152568994327862,-1.2829469532634425,2.1255733833911017,0.4121859473554895,0.9799161829898525,-0.8678292144428378,-0.21176479289743153,0.09016675098380522,-0.980142667639937,-0.38037000455998893,1.558746752865793,-0.6374561539326046,0.3964065267709965,-0.49667424054943604,-0.3400139611989673,-0.5985893781769924,-1.0352875052080615,-0.160997677236137,-0.6870851695585621,1.7782895750709744,0.016972260224015275,-0.5286683768702156,0.3773053194113814,0.34784433185778946,-1.075097079550287,1.0596332827257342,0.29404831385369884
0.043600585934300315,0.06104998798640621,0.022169310267840865,0.08970194368334083,-0.010380649570702383,0.08986677138295548,0.19069322378262055,0.027002759399900957,-0.15006538582067427,0.008832186053521476,-0.13141666870094315,0.03925004949111653,0.0648182266921214,0.06886023444714628,0.030755786170943794,0.17033407288332444,0.0232989796501098,0.007348416259317446,-0.056198195870212936,-0.010113506269839301,-0.07721117036913135,0.0817552010470367,8.376549076810892e-4,-0.02697173030281503,-0.026535104912910126,0.17711657609310308,-0.016005731431945,0.0022612547178734546,-0.01792852125382452,0.012373379770309306,-0.08620408622054508,0.014296727412171136,-0.15309129686126333,0.07260989858896447,-0.08644546234863637,0.016875302198680234,0.016972260224015275,0.15605971402780064,0.04334628761805713,0.11470374403709102,0.16837382917924926,-0.043557178847558296,0.145992791042175,0.010852159441290431
0.4125763724237288,-0.6135818543664374,0.5468303650020743,0.16772669040510005,0.11986854689938686,-0.1880232418170974,0.5755098179422325,0.39929088595875384,-0.014726898668960002,0.29780431509698285,0.4426662468027312,-0.0265583821165046,-0.24544129012658886,0.43974471204038634,0.2682662640550412,0.285715173227777,-0.36356212919622577,0.13316001739230524,0.6679566510774821,-0.7054140003596769,-0.43316771950045196,-0.5132180593213522,-0.18242025393728545,0.11971947878244095,-0.22886122445524038,0.7630776185905296,0.14571020091418269,-0.43861410666054335,-0.07089552580785781,-0.1334769027803775,0.11607729057512664,-0.22414886266908213,0.1188943935152927,0.513897215988782,0.2594178226668542,0.3382269213444958,-0.5286683768702156,0.04334628761805713,0.4753771137119938,0.02652136846735549,0.06515114408391612,-0.04420294224049353,-0.4957890755628385,0.08174542823331425
-0.6890208230233155,0.444347886495999,0.139293502137799,-0.29111061876922295,-0.3109208949260775,0.07924586156180201,-0.0024153547965362616,-0.4166349970761227,-0.12533421901980818,0.3827918094099782,-0.9281393512338949,-0.642009289436955,-0.1902860167328516,-0.3659386331676944,-0.9948191180930899,-0.04416396119046587,1.0051416605544876,0.41644987441666714,-0.8086636605249445,0.6559441952887102,-0.3263542676400794,0.6083205342875849,-0.4119047960761244,0.2069147700055971,-0.09858156566666229,0.256245573883406,-0.2836823213468462,-0.3915779724463599,-0.6571573274706055,-0.25866215531079884,-0.5754489889637181,-0.46629572089670634,-0.886895225945851,-0.763055101968098,0.6940716107527023,-0.33324614872266617,0.3773053194113814,0.11470374403709102,0.02652136846735549,0.893682450648979,-0.010050229255274181,-0.4716105162542812,0.5397274437366005,0.21117643103389624
0.22443129597435738,-0.11668115146503989,-0.18167043326682214,1.079041062860976,-0.17674411617495284,0.042664943304854985,0.5887367604063358,0.019813446995445218,-0.3308277769740639,-0.6581359954603491,0.07618078553880943,0.1106542806068136,0.6068787659372021,0.3948711806352601,0.7010152358663577,0.22617546743469089,-0.5497943926839652,-0.28168792730993075,0.42697954460589504,-0.086035658084887,-0.22505331003390167,-0.10727074821166509,0.10365395413044985,-0.4059214269071708,-0.27184976347622447,0.30042263171343203,0.10931816284950856,0.7846172393834673,0.09950724065161864,0.17524553661461043,0.11485760515439392,0.0405493151491551,-0.18207584382378483,0.3484035702541026,-0.4778104157374393,0.0665837410334625,0.34784433185778946,0.16837382917924926,0.06515114408391612,-0.010050229255274181,0.7268023109543366,-0.028503912626632853,-0.060807285575143824,0.13169931101450247
2.1801632845961683,-1.6230914026799093,0.5646203576205668,0.8556678160588033,1.3385224127953916,0.18461770646304856,0.26340483783633367,0.9986426403806554,0.13202171113883743,0.3692596884016092,2.3007250334649894,1.3095961312834399,-1.624944806809126,1.5233170041281754,1.5895671832178533,0.05961911369120023,-1.7978134951067715,-0.8056794658206972,1.1396508639801868,-1.9663932893670502,0.06340064242536353,-0.483069316991802,2.1299964165717866,-0.3524237551048501,-0.05601229283984661,0.15809185783880603,0.4740666121127591,-0.8575391853810646,1.2031997749612597,-0.43723705281225816,0.48808899735135797,1.0371656959556974,0.5593962480715005,0.6124172445655578,-0.4942367318934411,0.47427437791787264,-1.075097079550287,-0.043557178847558296,-0.04420294224049353,-0.4716105162542812,-0.028503912626632853,2.061193623105681,-1.0932860278673686,-0.35368118071288634
-1.6259094138854753,1.8426557052625518,-0.8757361527069227,-0.9014412726324732,-0.7608402085260892,0.32863173515430083,-0.6884620775814068,-0.8947319977612476,-0.31282605009757014,-0.31005734548869607,-2.014769518251467,-0.6609556705544346,0.9889809281631348,-1.4447533860967874,-1.3838066831707005,-0.009539799766403685,1.7034563614447111,0.31172578572582127,-1.7189498668046224,1.8525073510507446,0.3708431696551755,1.067491114622905,-0.8947536261290483,0.19237218317627722,0.3410667234852852,-0.7366603885238001,-0.5292108580333885,0.5477815074637054,-0.6837430559078026,0.2611028655248912,-0.5728486926063766,-0.30981401400686365,-0.8387132483699821,-0.9828714672630854,0.016569690768090308,-0.7653088160775274,1.0596332827257342,0.145992791042175,-0.4957890755628385,0.5397274437366005,-0.060807285575143824,-1.0932860278673686,1.6165195568449844,0.04814339006704126
-0.45123120749018786,0.04520242730385959,-0.0951120491809548,0.11259930098570381,-0.3437406626290571,-0.17976636474126803,0.016357057830437276,-0.23354846396084517,-0.00531335212563821,-0.0800223683541797,-0.4439838461223712,-0.41539732036277527,0.23254547135971979,-0.20349531432495707,-0.250668535080136,-0.16247098524646955,0.3197378479447063,0.13562607991249953,-0.08946518508990775,0.35385425196935083,-0.18003308948358232,0.08208048724855933,-0.4594311302820029,0.06814932668779504,-0.13337515286071178,0.1550636545672801,-0.05196837368204946,0.2785961173887041,-0.25581268527450757,-0.034605594272987726,-0.14704350036466654,-0.31134004650357977,-0.10733463035147627,-0.17559265408044183,0.27624840533572426,-0.11433760716957282,0.29404831385369884,0.010852159441290431,0.08174542823331425,0.21117643103389624,0.13169931101450247,-0.35368118071288634,0.04814339006704126,0.2541558713644211
