V1,V2,V3,V4,V5,V6,V7,V8,V9,V10,V11,V12,V13,V14,V15,V16,V17,V18,V19,V20,V21,V22,V23,V24,V25,V26,V27,V28,V29,V30,V31,V32,V33,V34,V35,V36,V37,V38,V39,V40,V41,V42,V43,V44
1.4552538307470004,-0.49470220980475116,0.48362920505567164,-0.6409494477577715,0.3424613960105564,0.04493815102771295,-1.1910831096168515,-0.342282922138184,-0.033144449403838816,0.9417875738278585,0.41714662713922795,-0.4207779872659698,-0.4772767735318088,0.4145703779724923,-0.7727461537694921,0.5570817181909032,0.16325636056076254,0.2088465888043957,-0.27383905251820007,-0.4912754357071926,1.1708560819603882,0.27610820212987297,1.19456495784895,0.03963120272316067,0.59959136951319425,-0.5146411297745401,-0.006753118014158921,-0.23537431874400702,0.20037540332475484,0.12317898144026476,-0.720565803545958,0.004942375485543258,-0.13205957483525868,-0.34933209487985006,-0.13487102014439437,-0.11864890864860056,0.49997337420117516,-0.06476623521011225,-0.25976691129130686,0.09844039329775878,-0.5959328708954832,-0.1683270616431498,0.3387031297830689,-0.6455119096741532
-0.49470220980475116,0.4325538616767223,-0.2866703632387818,0.40121217578464774,0.2928067589206416,0.13526154762019696,0.6929612461105681,0.23305608767312386,-0.04426668609259293,-0.6590296298103887,-0.18813437726365156,1.0213270696284489,-0.03525859009196882,-0.07727945007052854,0.6950604253467646,-0.5400680076798678,-0.37683745918274714,-0.5210176704868693,0.056821252446813846,0.18455950952754152,-0.9988276951736802,-0.1866494755342688,-0.17268415724515,-0.015067507650134322,-0.03387584180120646,0.1582809588313512,-0.15151751348766412,-0.3877863160136778,0.057399400848408756,-0.06468686919405248,0.7888272346787156,0.6143380984098215,0.5987614527871912,-0.10512250815041625,0.04461118233559343,0.2852951092842583,-0.1564611278254284,0.15275962179301697,-0.19664284218096909,0.10014810662856843,0.577162778798617,0.5925551780636713,-0.023556778180649482,0.46711763995029787
0.48362920505567164,-0.2866703632387818,0.7114273143649151,-0.6476995776126443,0.11317022925159494,-0.08053135624184382,-0.347456243225943,-0.06384540138458997,0.042915974340251316,0.8219179118768952,0.10429176388002791,-0.4201756443856027,-0.39174380211827614,0.23012223253422515,-0.6979065865370242,0.39148566679090335,0.21156790735782144,0.5139424779481714,-0.10411291880278549,-0.37940265038899695,0.15338442853913106,0.09971993049984529,0.12644028268983207,0.22979379081869694,0.17547498485322374,0.11285617651658506,-0.15384971096233885,-0.4949629469349095,-0.17862596741703163,-0.0029497787527883726,-0.3797720744454233,-0.35660423635025407,-0.13359407530106632,-0.1642811145018953,0.4397880384765993,0.06793986747785362,-0.013180974486659112,-0.0023784168823403383,0.16541958416847993,0.26461271441125056,-0.3929322324444927,-0.3954784367887608,0.03888373308038671,-0.18828316807958995
-0.6409494477577715,0.40121217578464774,-0.6476995776126443,1.5550332949047563,0.04737079178262505,-0.03828294488657915,0.9949076500589851,-0.049622258588104796,-0.32894908328672356,-1.545626908932542,-0.7144375928641783,1.261588416491908,0.45521926577212973,-0.22699651361710516,1.2491877818509183,-1.2252250668783484,-0.9503109436240306,-1.1642755745113074,0.4086700481090451,0.6864495785501445,-1.5914318396038105,-0.5150202410284188,-0.2904327098497009,-0.0642315900595001,0.01747120983970131,0.07555056998698689,-0.4016342421624785,0.14113386494801938,-0.11943508377881638,-0.01967486975636605,1.2308507902479071,0.8396750389810157,1.5211268521864965,-0.5266885632603361,-2.8515453034187515e-4,0.5147131740246323,0.918079580837625,0.18361980559623753,-0.3338971513542607,0.37434655678987766,1.2672348225326753,0.4408038286472691,-0.10213898653136326,1.2012122757941321
0.3424613960105564,0.2928067589206416,0.11317022925159494,0.04737079178262505,1.1816147222466313,0.33520161159653505,0.45356901033810626,0.09286080661276594,-0.16798851321981617,-0.06235110573762492,-0.1467796738771175,1.6288577634400385,-0.9942208563168523,0.22650554474335907,0.43843930382961716,-0.5953780567653156,-0.43763625542909373,-0.7210793992152705,-0.24665583660373552,-0.15145625889853803,-1.181338528890858,-0.03274478389412466,0.7591801155901329,0.12448930589385682,0.49901920675112765,0.2759490046980667,-0.26107340034523774,-1.7159410937393376,0.19569044192391719,-0.2991002992379794,0.7887729752699344,1.2463892489667494,0.8285761169632573,-0.8052182284986065,0.38854870937549735,0.46897128238544505,-0.13714718788874428,0.26984012395839835,-0.6092727211170881,0.6209072892590146,0.4847851799844545,1.1056248346158524,0.28860335248793667,0.3277112252430641
0.04493815102771295,0.13526154762019696,-0.08053135624184382,-0.03828294488657915,0.33520161159653505,0.4430848737934249,-0.024895177858115413,0.3275566456964675,0.04169936743796511,0.10082620392509598,0.3151126699900587,0.42631024347812996,-0.6842573540849665,-0.004956309257482839,0.17746277283189354,-0.17202449362564254,-0.06111038692171815,-0.23940968795617507,-0.32599904642641214,-0.10246490348533095,0.13060637609944292,0.3460749380414238,0.5791178390161096,-0.08462557768188497,-0.032067206212244945,-0.3314675772490278,-0.06201609840787704,-0.4130356207854771,0.213168015966956,-0.23635515174218877,0.02031931774013718,0.36587868947832247,-0.29135574247636037,-0.22218156271033193,-0.19300388159835577,-0.16792711545070568,-0.39528984289991226,0.01731241893575179,-0.18598997548734778,0.006757778124083222,-0.18450991007318324,0.7881388754636143,0.06109561573664261,-0.10842951854878977
-1.1910831096168515,0.6929612461105681,-0.347456243225943,0.9949076500589851,0.45356901033810626,-0.024895177858115413,1.7756256023823114,0.2938816768832521,-0.1970408530456081,-1.309091028444841,-0.9112144819129566,1.841108512766414,0.026383530809994196,-0.23218043819193002,1.2238874157340873,-1.2616609036499804,-0.7154733016720691,-0.9593882104281594,0.399276482773447,0.5308360033208497,-2.6844515097533663,-0.7260662365334791,-0.9715893306953731,0.22931195174562732,-0.09110999984670166,0.8996941036368281,-0.4057830434882477,-1.0859652777901712,-0.3299775759323993,-0.2222963820130161,1.6638677765023708,0.9450150392656719,1.5729890266080109,-0.37473072965159865,0.6522746092318444,0.813978244312976,-0.035326818866215116,0.36416027032961784,-0.16153766664578073,0.6209629570068569,1.3960404086000204,0.6683321288641227,-0.17574073856761044,1.379853108592918
-0.342282922138184,0.23305608767312386,-0.06384540138458997,-0.049622258588104796,0.09286080661276594,0.3275566456964675,0.2938816768832521,0.6855632831640456,0.11627484124438454,-0.0843923713815574,0.1496098254914153,0.5693053363464465,-0.5787411339152737,-0.1729612248136825,0.35286532779560503,-0.339329762595045,-0.06951175047347168,-0.30882063531147724,-0.1238492267253862,-0.02291009720146604,-0.45282215198430886,0.040733873584171354,-0.009961813351167036,0.21817230735577334,-0.15689739755087856,-0.2948396557546601,-0.3128018061954945,-0.4337562525331635,-0.028804468770865923,-0.23161727156923353,0.33979555118647675,0.18955342281824697,0.23684024343758325,0.013483581094818774,-0.01768162357899119,0.003720202291195548,-0.42075073935061075,0.11154640320291505,0.08096722208680905,0.0446255631786971,0.005886155055905986,0.6998376658633316,-0.0784699494962427,0.35467067030807
-0.033144449403838816,-0.04426668609259293,0.042915974340251316,-0.32894908328672356,-0.16798851321981617,0.04169936743796511,-0.1970408530456081,0.11627484124438454,0.20037501637298163,0.25799978213736363,0.24767667866102075,-0.40326144471030856,0.02991772679090725,0.048371459514161406,-0.23608404694118668,0.3057376011297397,0.3259372033475942,0.3397145789654855,-0.07105428924186624,-0.10275572488559438,0.4458989341013221,0.1583338373123814,-0.0880870234149679,-0.060230474873662114,-0.15720496567919656,-0.09159531960097311,0.15145553893717878,0.2716037070709474,0.043628388139271286,0.06925413836138308,-0.32537300292931326,-0.33312605735852935,-0.569390903343888,0.315802510957947,-0.13045363473267046,-0.23633162334614594,-0.3208108814786038,-0.04360032083589248,0.12937156720269352,-0.23552567935547608,-0.2484809154257044,-0.07608248094485254,-0.051257386439192615,-0.3377369475548594
0.9417875738278585,-0.6590296298103887,0.8219179118768952,-1.545626908932542,-0.06235110573762492,0.10082620392509598,-1.309091028444841,-0.0843923713815574,0.25799978213736363,1.9558936112589156,0.7997148052809219,-1.6949330073351179,-0.7919389570661434,0.26463855009204523,-1.5618941229493466,1.3149152433726785,1.081586701837398,1.2822262894820124,-0.5996663965216392,-0.7654307938260672,2.045225771160346,0.7835739708927771,0.7013209385100427,0.03438087609604424,-0.005880602061920284,-0.17794038704144896,0.4037628559186951,-0.213564560885434,0.07324595799457057,-0.15852535837729734,-1.6887631598625588,-0.9769943687030438,-1.951346189734291,0.22989189921265707,0.05259040402674513,-0.6956432624093276,-0.793877412446988,-0.2724040352135301,0.35773664029554786,-0.19659475894611933,-1.5905359339657938,-0.47722250414570944,0.15595660409482368,-1.3595248438404026
0.41714662713922795,-0.18813437726365156,0.10429176388002791,-0.7144375928641783,-0.1467796738771175,0.3151126699900587,-0.9112144819129566,0.1496098254914153,0.24767667866102075,0.7997148052809219,0.8466342642453338,-0.8603083674114264,-0.344789569115696,0.12329513894904329,-0.5588576093136673,0.7279661870701234,0.5119748996701321,0.5725061104514317,-0.48258539235242814,-0.38364931311918415,1.6588729770499042,0.72923738491097,0.7316442725005371,-0.2774173265616541,-0.1612411124392646,-0.6663240313768871,0.30192694933205244,0.5037566734443614,0.3707001929623879,-0.0026166359688682135,-0.9666473395585805,-0.4049131765583621,-1.444118562915959,0.3281141685137297,-0.5489710431392886,-0.6575264154297356,-0.5787748117305884,-0.21097811628979937,0.0667683578951704,-0.5251178900406183,-0.9544081914559074,0.1601353114358682,0.08209144030120745,-0.9880849636238211
-0.4207779872659698,1.0213270696284489,-0.4201756443856027,1.261588416491908,1.6288577634400385,0.42631024347812996,1.841108512766414,0.5693053363464465,-0.40326144471030856,-1.6949330073351179,-0.8603083674114264,3.944567267484993,-0.9768643550810423,0.014228182380132919,2.0101590956278423,-2.0787339425005014,-1.5793507611315534,-2.208424608533565,0.1418628354586155,0.3928573082076415,-3.708962453311448,-0.8097897707197322,0.3706211278444067,0.41524815517486857,0.6625019681466079,0.35441766163249044,-1.0222597337013142,-2.4621833733087564,0.06326153521892793,-0.3764759404308668,2.696903093444772,2.528097318273939,3.1893413675336495,-1.304421062447992,0.6235190799330279,1.3508033591228814,0.4270160416208945,0.6828551991901511,-0.9916403075098136,1.1425934332030057,2.0005527787235744,2.1032512631541747,0.20913939544586718,1.9354800320438645
-0.4772767735318088,-0.03525859009196882,-0.39174380211827614,0.45521926577212973,-0.9942208563168523,-0.6842573540849665,0.026383530809994196,-0.5787411339152737,0.02991772679090725,-0.7919389570661434,-0.344789569115696,-0.9768643550810423,1.9673930544455003,-0.11570304081771611,0.08348328949968124,0.36925091591140474,-0.019738059180354952,0.4357356949989526,0.6835132561010264,0.41593551435006676,0.36417559028770263,-0.5048767143243783,-1.2181566404973823,-0.2876721442937091,-0.2313171368567981,0.2246592324940433,0.3859559006662852,1.9558078477751297,-0.1071516352880336,0.7143139503713059,-0.02932755047106506,-0.7530020655497079,0.08795388457594143,0.856754595375018,-0.3727301258097299,0.01125488883856928,0.6133083125455658,-0.17502756099705294,0.28740362347990717,-0.6714084547819114,0.3796618829564333,-1.428481953102473,-0.24287111003838954,-0.08557963892316771
0.4145703779724923,-0.07727945007052854,0.23012223253422515,-0.22699651361710516,0.22650554474335907,-0.004956309257482839,-0.23218043819193002,-0.1729612248136825,0.048371459514161406,0.26463855009204523,0.12329513894904329,0.014228182380132919,-0.11570304081771611,0.312922679064564,-0.2540876055238894,0.18000828713826977,0.09726626614058115,0.1412580061207979,-0.08316323398310956,-0.1933662848436723,0.10326328729722294,0.1040398301787873,0.3253251081971463,-0.0742485611301318,0.18094300476052477,0.03335266025855493,0.023558749418103882,-0.17862674014574118,0.07182336575779555,0.11790007560606361,-0.12954224451607518,0.07156232191863535,-0.10379053382588643,-0.12172025326691487,0.07581787502600867,0.029649550507781404,0.11103393600695455,0.062112263119242304,-0.1586489577808177,0.10484138924265841,0.04609754967822742,-0.019365662379312993,0.11877026366032704,-0.24031191638206026
-0.7727461537694921,0.6950604253467646,-0.6979065865370242,1.2491877818509183,0.43843930382961716,0.17746277283189354,1.2238874157340873,0.35286532779560503,-0.23608404694118668,-1.5618941229493466,-0.5588576093136673,2.0101590956278423,0.08348328949968124,-0.2540876055238894,1.554597689010702,-1.3244257303432854,-1.0205828064785114,-1.3645600020066477,0.26927564477173654,0.5482803766549497,-1.967052290253768,-0.5202131298257272,-0.19491245101459623,0.042766195181458036,0.07918618759211939,0.03623588359057497,-0.47794284228029627,-0.45997336782511183,0.06383561836654246,-0.11039328980020968,1.6230211652058921,1.2845348588144117,1.741146877227219,-0.4308016690717545,-0.022068102430627585,0.6299482351333954,0.3513572274407082,0.28885200667755684,-0.44734885574157063,0.29589333041650207,1.293291314346944,1.0563566877482908,-0.03749545926496979,1.2303319485218454
0.5570817181909032,-0.5400680076798678,0.39148566679090335,-1.2252250668783484,-0.5953780567653156,-0.17202449362564254,-1.2616609036499804,-0.339329762595045,0.3057376011297397,1.3149152433726785,0.7279661870701234,-2.0787339425005014,0.36925091591140474,0.18000828713826977,-1.3244257303432854,1.5163944801418647,1.0354853705697296,1.4347863177491746,-0.2754081693272581,-0.4969696547159131,2.3387219343086705,0.5975166700612685,0.10300539739259774,-0.2677755351286617,-0.21754540818990611,-0.16630080229333305,0.7027028942621765,1.0699307611404083,0.18155090002224444,0.27131163840702244,-1.6281321437851293,-1.2793710423861722,-2.0558024188290274,0.8118851797968208,-0.3644149554564897,-0.7893208245485083,-0.6115577690932442,-0.37597276216368986,0.4147315703562333,-0.7489176525613986,-1.332922166785792,-1.0337730222570356,0.03839942738238551,-1.4944017284411772
0.16325636056076254,-0.37683745918274714,0.21156790735782144,-0.9503109436240306,-0.43763625542909373,-0.06111038692171815,-0.7154733016720691,-0.06951175047347168,0.3259372033475942,1.081586701837398,0.5119748996701321,-1.5793507611315534,-0.019738059180354952,0.09726626614058115,-1.0205828064785114,1.0354853705697296,1.17042568208615,1.0598409392059454,-0.281701118697674,-0.3227170568627892,1.5580634413568906,0.49197040280202403,-0.08095534190834024,-0.1414198898898381,-0.3567878529557684,0.11653899383399495,0.6429277324827574,0.4557426569980506,0.001996039321399839,-0.011947511612939034,-1.287249983142874,-0.9865757612287915,-1.9027651222107542,0.681441771530395,-0.14397130138289072,-0.6981149171584324,-0.7880354690956182,-0.20865363406929535,0.40160081075840676,-0.41707081714677763,-0.9407747054690746,-0.5031928969146158,0.01644399669001318,-1.0637904713758681
0.2088465888043957,-0.5210176704868693,0.5139424779481714,-1.1642755745113074,-0.7210793992152705,-0.23940968795617507,-0.9593882104281594,-0.30882063531147724,0.3397145789654855,1.2822262894820124,0.5725061104514317,-2.208424608533565,0.4357356949989526,0.1412580061207979,-1.3645600020066477,1.4347863177491746,1.0598409392059454,1.6034732929117015,-0.1681279000413155,-0.4308794665626237,1.9778048945523132,0.534129870335296,-0.3346608036761954,-0.22614497973500627,-0.38252390786582086,0.10029793783184418,0.656586647592673,1.0460561967646274,-0.005051893908086612,0.24660815235869304,-1.5612185659734739,-1.4985356559000824,-2.096257524023557,0.8342600877155218,-0.12256639688563907,-0.733434317210728,-0.6981806507078003,-0.3583470546996606,0.5859630747053537,-0.6488654812413934,-1.2297197932984172,-1.227000885801413,-0.10991190261579312,-1.3356495147878908
-0.27383905251820007,0.056821252446813846,-0.10411291880278549,0.4086700481090451,-0.24665583660373552,-0.32599904642641214,0.399276482773447,-0.1238492267253862,-0.07105428924186624,-0.5996663965216392,-0.48258539235242814,0.1418628354586155,0.6835132561010264,-0.08316323398310956,0.26927564477173654,-0.2754081693272581,-0.281701118697674,-0.1681279000413155,0.5252968652445688,0.2634141613139677,-0.7100900410746226,-0.5803870873093322,-0.7563314564018785,0.12081611668382945,0.04996784203696619,0.26601978774810703,-0.13549577240474928,0.32089903346392273,-0.27036431477855444,0.2709446118918945,0.5005756613603385,-0.09605695883230929,0.9375112895777004,0.1298534155497811,0.13599280456540142,0.36361943275073294,0.5439367506456539,0.09538832512551294,0.09672191417583022,0.04301192803497585,0.5856616339701552,-0.5367482716099914,-0.15047269701202112,0.516069851631855
-0.4912754357071926,0.18455950952754152,-0.37940265038899695,0.6864495785501445,-0.15145625889853803,-0.10246490348533095,0.5308360033208497,-0.02291009720146604,-0.10275572488559438,-0.7654307938260672,-0.38364931311918415,0.3928573082076415,0.41593551435006676,-0.1933662848436723,0.5482803766549497,-0.4969696547159131,-0.3227170568627892,-0.4308794665626237,0.2634141613139677,0.4179582320954528,-0.6794830786505199,-0.3115518336633064,-0.4276115608978988,-0.01259159164201979,-0.10374297391263503,0.12355452733542177,-0.06518915290924511,0.23434487062821047,-0.10720303588125536,0.004178467568657809,0.5074518398860401,0.2099438820901078,0.5581246817286153,-0.021371059930124295,-0.022857015199062473,0.1893444104311532,0.3124088933692261,0.04796972818274878,-0.028896975535859286,0.05964025672779504,0.5365330171920804,0.03936265780054956,-0.12405172989640952,0.5281509487111965
1.1708560819603882,-0.9988276951736802,0.15338442853913106,-1.5914318396038105,-1.181338528890858,0.13060637609944292,-2.6844515097533663,-0.45282215198430886,0.4458989341013221,2.045225771160346,1.6588729770499042,-3.708962453311448,0.36417559028770263,0.10326328729722294,-1.967052290253768,2.3387219343086705,1.5580634413568906,1.9778048945523132,-0.7100900410746226,-0.6794830786505199,5.1390213751256795,1.438537009765671,1.078547139473779,-0.7685820356554532,-0.4325467133791664,-1.2775906030540602,1.2540668483411768,2.4519225519354393,0.6119829123158571,0.29278923206389856,-3.1362095475708878,-1.9472640582004435,-3.8967996466797437,1.2201208230526306,-1.474259105385158,-1.7860564999505646,-0.8017113143285735,-0.8171717200661707,0.5412165407374901,-1.6020024382254998,-2.6822584997262853,-1.2040410314715932,0.08189170699065063,-2.767661969558759
0.27610820212987297,-0.1866494755342688,0.09971993049984529,-0.5150202410284188,-0.03274478389412466,0.3460749380414238,-0.7260662365334791,0.040733873584171354,0.1583338373123814,0.7835739708927771,0.72923738491097,-0.8097897707197322,-0.5048767143243783,0.1040398301787873,-0.5202131298257272,0.5975166700612685,0.49197040280202403,0.534129870335296,-0.5803870873093322,-0.3115518336633064,1.438537009765671,0.8678761605927549,0.7979226477820845,-0.3406952250774247,-0.2330061207479878,-0.44583882200764124,0.3307332381693456,0.31167066317670533,0.3756084377855737,-0.17829902537975445,-0.9674683374469031,-0.29965728024399435,-1.6467279807431927,0.08195797891274977,-0.3705520988208644,-0.6899026285290237,-0.634203196659847,-0.2150745289210557,0.0014720572270249606,-0.3275507625351818,-0.8815212679832215,0.3027604424938086,0.10318071241195305,-0.919916906603558
1.19456495784895,-0.17268415724515,0.12644028268983207,-0.2904327098497009,0.7591801155901329,0.5791178390161096,-0.9715893306953731,-0.009961813351167036,-0.0880870234149679,0.7013209385100427,0.7316442725005371,0.3706211278444067,-1.2181566404973823,0.3253251081971463,-0.19491245101459623,0.10300539739259774,-0.08095534190834024,-0.3346608036761954,-0.7563314564018785,-0.4276115608978988,1.078547139473779,0.7979226477820845,1.999363964864869,-0.21282316294432763,0.44961077075066774,-0.8872112181661239,-0.06141543333879643,-0.6408740686271026,0.5890397297340054,-0.2961501412923011,-0.5119113328653941,0.7563807639118729,-0.517581127500592,-0.730653933564067,-0.4083391920104969,-0.3187154317474093,0.043907745756544596,-0.04802663569063989,-0.5941861191132075,0.1369224245319315,-0.6019931441337762,1.0709953891372237,0.4388603070680622,-0.6214026672663324
0.03963120272316067,-0.015067507650134322,0.22979379081869694,-0.0642315900595001,0.12448930589385682,-0.08462557768188497,0.22931195174562732,0.21817230735577334,-0.060230474873662114,0.03438087609604424,-0.2774173265616541,0.41524815517486857,-0.2876721442937091,-0.0742485611301318,0.042766195181458036,-0.2677755351286617,-0.1414198898898381,-0.22614497973500627,0.12081611668382945,-0.01259159164201979,-0.7685820356554532,-0.3406952250774247,-0.21282316294432763,0.451082650804231,0.17232701288399052,0.11448875020383203,-0.3721728793647169,-0.6585833332084189,-0.2713196994789807,-0.11820377062830086,0.37187496506344203,0.09115699336301315,0.8587786626224184,-0.1890782062397559,0.40676204561141804,0.33247649914505495,0.18600454074162828,0.12975601639018633,0.10068859702072723,0.38402106658114876,0.1643430969113822,0.01700013972196584,-0.014585117787842869,0.5472260547996712
0.59959136951319425,-0.03387584180120646,0.17547498485322374,0.01747120983970131,0.49901920675112765,-0.032067206212244945,-0.09110999984670166,-0.15689739755087856,-0.15720496567919656,-0.005880602061920284,-0.1612411124392646,0.6625019681466079,-0.2313171368567981,0.18094300476052477,0.07918618759211939,-0.21754540818990611,-0.3567878529557684,-0.38252390786582086,0.04996784203696619,-0.10374297391263503,-0.4325467133791664,-0.2330061207479878,0.44961077075066774,0.17232701288399052,0.5202237019323586,-0.021975028717487785,-0.24143314272083416,-0.6503636136362756,0.035115538797419986,0.04867893960437114,0.3615431904344589,0.5494502533230302,0.9352828323688145,-0.44358872595360005,0.16711705112183783,0.38858237068032925,0.5067600559774718,0.12404348841746006,-0.31214588252258224,0.3350260812679933,0.26270980642767916,0.13104267988462562,0.19047895349733132,0.22011396514670484
-0.5146411297745401,0.1582809588313512,0.11285617651658506,0.07555056998698689,0.2759490046980667,-0.3314675772490278,0.8996941036368281,-0.2948396557546601,-0.09159531960097311,-0.17794038704144896,-0.6663240313768871,0.35441766163249044,0.2246592324940433,0.03335266025855493,0.03623588359057497,-0.16630080229333305,0.11653899383399495,0.10029793783184418,0.26601978774810703,0.12355452733542177,-1.2775906030540602,-0.44583882200764124,-0.8872112181661239,0.11448875020383203,-0.021975028717487785,1.2571498257190807,0.17190934856108028,-0.7974855563393208,-0.3142155496168342,-0.05774796983563078,0.48190993350470024,0.11919956449840395,0.27792183409061033,-0.050268435003708534,0.7506292816076197,0.42182247199923395,-0.26096534946506184,0.15493344803638423,0.03544364219332701,0.41620384174653996,0.5976997389092362,-0.29787011320466267,-0.032727600034122666,0.32462651403492676
-0.006753118014158921,-0.15151751348766412,-0.15384971096233885,-0.4016342421624785,-0.26107340034523774,-0.06201609840787704,-0.4057830434882477,-0.3128018061954945,0.15145553893717878,0.4037628559186951,0.30192694933205244,-1.0222597337013142,0.3859559006662852,0.023558749418103882,-0.47794284228029627,0.7027028942621765,0.6429277324827574,0.656586647592673,-0.13549577240474928,-0.06518915290924511,1.2540668483411768,0.3307332381693456,-0.06141543333879643,-0.3721728793647169,-0.24143314272083416,0.17190934856108028,0.7213241700057699,0.6284015480806052,0.19791982562876548,0.08754008707366269,-0.8078310021152725,-0.4724986980990622,-1.4482019867594205,0.5477765357455863,-0.3577774848440653,-0.5012122975986125,-0.5643871020886555,-0.2281182194068808,0.11492609869333315,-0.5265841789342934,-0.5638268192939078,-0.3781028688520618,0.01752046510900595,-0.9211991212987068
-0.23537431874400702,-0.3877863160136778,-0.4949629469349095,0.14113386494801938,-1.7159410937393376,-0.4130356207854771,-1.0859652777901712,-0.4337562525331635,0.2716037070709474,-0.213564560885434,0.5037566734443614,-2.4621833733087564,1.9558078477751297,-0.17862674014574118,-0.45997336782511183,1.0699307611404083,0.4557426569980506,1.0460561967646274,0.32089903346392273,0.23434487062821047,2.4519225519354393,0.31167066317670533,-0.6408740686271026,-0.6585833332084189,-0.6503636136362756,-0.7974855563393208,0.6284015480806052,3.4510106375581513,0.21128626477484153,0.772270199022658,-1.2745634024360641,-1.6595202859970404,-1.5297981050406835,1.2720523993727868,-1.1656288407108126,-0.9345842294388815,0.41351726748952644,-0.48973664597340305,0.5215395573576417,-1.3732889679378535,-0.6352206150724107,-1.563942409827714,-0.3100321839803246,-0.984685919575162
0.20037540332475484,0.057399400848408756,-0.17862596741703163,-0.11943508377881638,0.19569044192391719,0.213168015966956,-0.3299775759323993,-0.028804468770865923,0.043628388139271286,0.07324595799457057,0.3707001929623879,0.06326153521892793,-0.1071516352880336,0.07182336575779555,0.06383561836654246,0.18155090002224444,0.001996039321399839,-0.005051893908086612,-0.27036431477855444,-0.10720303588125536,0.6119829123158571,0.3756084377855737,0.5890397297340054,-0.2713196994789807,0.035115538797419986,-0.3142155496168342,0.19791982562876548,0.21128626477484153,0.43629141146908906,0.006448437878787303,-0.19508004999033238,0.24663079127183365,-0.51428389565972,0.02770001586100547,-0.3854613716388995,-0.2661849088431184,-0.2502327358746844,-0.07014494887267629,-0.25655944104540485,-0.28771455139094176,-0.2180304698097404,0.3968736335257064,0.13862938940983802,-0.4786282814546694
0.12317898144026476,-0.06468686919405248,-0.0029497787527883726,-0.01967486975636605,-0.2991002992379794,-0.23635515174218877,-0.2222963820130161,-0.23161727156923353,0.06925413836138308,-0.15852535837729734,-0.0026166359688682135,-0.3764759404308668,0.7143139503713059,0.11790007560606361,-0.11039328980020968,0.27131163840702244,-0.011947511612939034,0.24660815235869304,0.2709446118918945,0.004178467568657809,0.29278923206389856,-0.17829902537975445,-0.2961501412923011,-0.11820377062830086,0.04867893960437114,-0.05774796983563078,0.08754008707366269,0.772270199022658,0.006448437878787303,0.42774813061956307,-0.05991707200819934,-0.31600640180307127,0.1326038388038938,0.3200939803191828,-0.18641826197604258,0.026297601158314726,0.34924348896136775,-0.03039288100707569,0.03899676343819364,-0.2909221241090246,0.1298324587693452,-0.6052592962284776,-0.04773996433280367,-0.16427648301399947
-0.720565803545958,0.7888272346787156,-0.3797720744454233,1.2308507902479071,0.7887729752699344,0.02031931774013718,1.6638677765023708,0.33979555118647675,-0.32537300292931326,-1.6887631598625588,-0.9666473395585805,2.696903093444772,-0.02932755047106506,-0.12954224451607518,1.6230211652058921,-1.6281321437851293,-1.287249983142874,-1.5612185659734739,0.5005756613603385,0.5074518398860401,-3.1362095475708878,-0.9674683374469031,-0.5119113328653941,0.37187496506344203,0.3615431904344589,0.48190993350470024,-0.8078310021152725,-1.2745634024360641,-0.19508004999033238,-0.05991707200819934,2.258371367348922,1.5514748837080983,2.800120293771196,-0.7171395745585183,0.5491542848025031,1.1715662688196413,0.629936433076837,0.4994585534711268,-0.5127969811499118,0.7747571916046336,1.8039580109872222,0.9716575863213333,-0.024488310259474143,1.7795423327987394
0.004942375485543258,0.6143380984098215,-0.35660423635025407,0.8396750389810157,1.2463892489667494,0.36587868947832247,0.9450150392656719,0.18955342281824697,-0.33312605735852935,-0.9769943687030438,-0.4049131765583621,2.528097318273939,-0.7530020655497079,0.07156232191863535,1.2845348588144117,-1.2793710423861722,-0.9865757612287915,-1.4985356559000824,-0.09605695883230929,0.2099438820901078,-1.9472640582004435,-0.29965728024399435,0.7563807639118729,0.09115699336301315,0.5494502533230302,0.11919956449840395,-0.4724986980990622,-1.6595202859970404,0.24663079127183365,-0.31600640180307127,1.5514748837080983,1.9274342608767265,1.7411430649214992,-0.9774948985021763,0.1986675794623451,0.7719517667850181,0.2771355984015664,0.37067636243651725,-0.8297190679525809,0.6971523897123726,1.1322498785778234,1.5643311543125502,0.2873502289184475,0.9621169552102815
-0.13205957483525868,0.5987614527871912,-0.13359407530106632,1.5211268521864965,0.8285761169632573,-0.29135574247636037,1.5729890266080109,0.23684024343758325,-0.569390903343888,-1.951346189734291,-1.444118562915959,3.1893413675336495,0.08795388457594143,-0.10379053382588643,1.741146877227219,-2.0558024188290274,-1.9027651222107542,-2.096257524023557,0.9375112895777004,0.5581246817286153,-3.8967996466797437,-1.6467279807431927,-0.517581127500592,0.8587786626224184,0.9352828323688145,0.27792183409061033,-1.4482019867594205,-1.5297981050406835,-0.51428389565972,0.1326038388038938,2.800120293771196,1.7411430649214992,4.703648833669666,-1.1507059779463997,0.8473463678873013,1.8012462314607134,1.8809186333906933,0.6702944745409761,-0.5617838685692712,1.2317279194752986,2.2725919482798633,0.5390285241086663,0.012472740237949292,2.5959212943351324
-0.34933209487985006,-0.10512250815041625,-0.1642811145018953,-0.5266885632603361,-0.8052182284986065,-0.22218156271033193,-0.37473072965159865,0.013483581094818774,0.315802510957947,0.22989189921265707,0.3281141685137297,-1.304421062447992,0.856754595375018,-0.12172025326691487,-0.4308016690717545,0.8118851797968208,0.681441771530395,0.8342600877155218,0.1298534155497811,-0.021371059930124295,1.2201208230526306,0.08195797891274977,-0.730653933564067,-0.1890782062397559,-0.44358872595360005,-0.050268435003708534,0.5477765357455863,1.2720523993727868,0.02770001586100547,0.3200939803191828,-0.7171395745585183,-0.9774948985021763,-1.1507059779463997,1.0885412289455998,-0.46513224166171274,-0.4877913979239508,-0.5368649633131413,-0.21287389393886774,0.4810750454627064,-0.8222449287544834,-0.5450968790030197,-0.7825641343493452,-0.18513046757200965,-0.722872544763076
-0.13487102014439437,0.04461118233559343,0.4397880384765993,-2.8515453034187515e-4,0.38854870937549735,-0.19300388159835577,0.6522746092318444,-0.01768162357899119,-0.13045363473267046,0.05259040402674513,-0.5489710431392886,0.6235190799330279,-0.3727301258097299,0.07581787502600867,-0.022068102430627585,-0.3644149554564897,-0.14397130138289072,-0.12256639688563907,0.13599280456540142,-0.022857015199062473,-1.474259105385158,-0.3705520988208644,-0.4083391920104969,0.40676204561141804,0.16711705112183783,0.7506292816076197,-0.3577774848440653,-1.1656288407108126,-0.3854613716388995,-0.18641826197604258,0.5491542848025031,0.1986675794623451,0.8473463678873013,-0.46513224166171274,0.9200946681199079,0.535834948657933,0.11114973160078119,0.22099744309789987,0.02588661453317356,0.7375057857365662,0.4892224856705548,-0.038273716260696776,-8.13000741936581e-4,0.6764972431985659
-0.11864890864860056,0.2852951092842583,0.06793986747785362,0.5147131740246323,0.46897128238544505,-0.16792711545070568,0.813978244312976,0.003720202291195548,-0.23633162334614594,-0.6956432624093276,-0.6575264154297356,1.3508033591228814,0.01125488883856928,0.029649550507781404,0.6299482351333954,-0.7893208245485083,-0.6981149171584324,-0.733434317210728,0.36361943275073294,0.1893444104311532,-1.7860564999505646,-0.6899026285290237,-0.3187154317474093,0.33247649914505495,0.38858237068032925,0.42182247199923395,-0.5012122975986125,-0.9345842294388815,-0.2661849088431184,0.026297601158314726,1.1715662688196413,0.7719517667850181,1.8012462314607134,-0.4877913979239508,0.535834948657933,0.8417022818689797,0.5966128371095266,0.2861961087585365,-0.2184094918531603,0.5960526636995871,0.9576617133060308,0.17007830817920022,0.01441145628282095,1.0171333356331886
0.49997337420117516,-0.1564611278254284,-0.013180974486659112,0.918079580837625,-0.13714718788874428,-0.39528984289991226,-0.035326818866215116,-0.42075073935061075,-0.3208108814786038,-0.793877412446988,-0.5787748117305884,0.4270160416208945,0.6133083125455658,0.11103393600695455,0.3513572274407082,-0.6115577690932442,-0.7880354690956182,-0.6981806507078003,0.5439367506456539,0.3124088933692261,-0.8017113143285735,-0.634203196659847,0.043907745756544596,0.18600454074162828,0.5067600559774718,-0.26096534946506184,-0.5643871020886555,0.41351726748952644,-0.2502327358746844,0.34924348896136775,0.629936433076837,0.2771355984015664,1.8809186333906933,-0.5368649633131413,0.11114973160078119,0.5966128371095266,1.7993943694027952,0.15134861411592324,-0.22313664715375162,0.454764834740684,0.8943991419474464,-0.5196140689226874,0.03077626972430418,0.9077474743876048
-0.06476623521011225,0.15275962179301697,-0.0023784168823403383,0.18361980559623753,0.26984012395839835,0.01731241893575179,0.36416027032961784,0.11154640320291505,-0.04360032083589248,-0.2724040352135301,-0.21097811628979937,0.6828551991901511,-0.17502756099705294,0.062112263119242304,0.28885200667755684,-0.37597276216368986,-0.20865363406929535,-0.3583470546996606,0.09538832512551294,0.04796972818274878,-0.8171717200661707,-0.2150745289210557,-0.04802663569063989,0.12975601639018633,0.12404348841746006,0.15493344803638423,-0.2281182194068808,-0.48973664597340305,-0.07014494887267629,-0.03039288100707569,0.4994585534711268,0.37067636243651725,0.6702944745409761,-0.21287389393886774,0.22099744309789987,0.2861961087585365,0.15134861411592324,0.19224095732926905,-0.1405765794790422,0.28529025247562834,0.47889635467759323,0.28802328374481184,0.03050656322419262,0.4105085188365148
-0.25976691129130686,-0.19664284218096909,0.16541958416847993,-0.3338971513542607,-0.6092727211170881,-0.18598997548734778,-0.16153766664578073,0.08096722208680905,0.12937156720269352,0.35773664029554786,0.0667683578951704,-0.9916403075098136,0.28740362347990717,-0.1586489577808177,-0.44734885574157063,0.4147315703562333,0.40160081075840676,0.5859630747053537,0.09672191417583022,-0.028896975535859286,0.5412165407374901,0.0014720572270249606,-0.5941861191132075,0.10068859702072723,-0.31214588252258224,0.03544364219332701,0.11492609869333315,0.5215395573576417,-0.25655944104540485,0.03899676343819364,-0.5127969811499118,-0.8297190679525809,-0.5617838685692712,0.4810750454627064,0.02588661453317356,-0.2184094918531603,-0.22313664715375162,-0.1405765794790422,0.5159082488202155,-0.23785648966619743,-0.4694733843065119,-0.6694360084420611,-0.20021735204287583,-0.17728648084909668
0.09844039329775878,0.10014810662856843,0.26461271441125056,0.37434655678987766,0.6209072892590146,0.006757778124083222,0.6209629570068569,0.0446255631786971,-0.23552567935547608,-0.19659475894611933,-0.5251178900406183,1.1425934332030057,-0.6714084547819114,0.10484138924265841,0.29589333041650207,-0.7489176525613986,-0.41707081714677763,-0.6488654812413934,0.04301192803497585,0.05964025672779504,-1.6020024382254998,-0.3275507625351818,0.1369224245319315,0.38402106658114876,0.3350260812679933,0.41620384174653996,-0.5265841789342934,-1.3732889679378535,-0.28771455139094176,-0.2909221241090246,0.7747571916046336,0.6971523897123726,1.2317279194752986,-0.8222449287544834,0.7375057857365662,0.5960526636995871,0.454764834740684,0.28529025247562834,-0.23785648966619743,0.9149084996539941,0.6886762502339564,0.47219566602441765,0.10272114888858087,0.891163068922307
-0.5959328708954832,0.577162778798617,-0.3929322324444927,1.2672348225326753,0.4847851799844545,-0.18450991007318324,1.3960404086000204,0.005886155055905986,-0.2484809154257044,-1.5905359339657938,-0.9544081914559074,2.0005527787235744,0.3796618829564333,0.04609754967822742,1.293291314346944,-1.332922166785792,-0.9407747054690746,-1.2297197932984172,0.5856616339701552,0.5365330171920804,-2.6822584997262853,-0.8815212679832215,-0.6019931441337762,0.1643430969113822,0.26270980642767916,0.5976997389092362,-0.5638268192939078,-0.6352206150724107,-0.2180304698097404,0.1298324587693452,1.8039580109872222,1.1322498785778234,2.2725919482798633,-0.5450968790030197,0.4892224856705548,0.9576617133060308,0.8943991419474464,0.47889635467759323,-0.4694733843065119,0.6886762502339564,1.875001814242972,0.5054037249192131,-0.017513693317836827,1.472000542062905
-0.1683270616431498,0.5925551780636713,-0.3954784367887608,0.4408038286472691,1.1056248346158524,0.7881388754636143,0.6683321288641227,0.6998376658633316,-0.07608248094485254,-0.47722250414570944,0.1601353114358682,2.1032512631541747,-1.428481953102473,-0.019365662379312993,1.0563566877482908,-1.0337730222570356,-0.5031928969146158,-1.227000885801413,-0.5367482716099914,0.03936265780054956,-1.2040410314715932,0.3027604424938086,1.0709953891372237,0.01700013972196584,0.13104267988462562,-0.29787011320466267,-0.3781028688520618,-1.563942409827714,0.3968736335257064,-0.6052592962284776,0.9716575863213333,1.5643311543125502,0.5390285241086663,-0.7825641343493452,-0.038273716260696776,0.17007830817920022,-0.5196140689226874,0.28802328374481184,-0.6694360084420611,0.47219566602441765,0.5054037249192131,2.133648053847503,0.23463149787261636,0.5484478129285932
0.3387031297830689,-0.023556778180649482,0.03888373308038671,-0.10213898653136326,0.28860335248793667,0.06109561573664261,-0.17574073856761044,-0.0784699494962427,-0.051257386439192615,0.15595660409482368,0.08209144030120745,0.20913939544586718,-0.24287111003838954,0.11877026366032704,-0.03749545926496979,0.03839942738238551,0.01644399669001318,-0.10991190261579312,-0.15047269701202112,-0.12405172989640952,0.08189170699065063,0.10318071241195305,0.4388603070680622,-0.014585117787842869,0.19047895349733132,-0.032727600034122666,0.01752046510900595,-0.3100321839803246,0.13862938940983802,-0.04773996433280367,-0.024488310259474143,0.2873502289184475,0.012472740237949292,-0.18513046757200965,-8.13000741936581e-4,0.01441145628282095,0.03077626972430418,0.03050656322419262,-0.20021735204287583,0.10272114888858087,-0.017513693317836827,0.23463149787261636,0.17668208867267388,-0.1194574858149726
-0.6455119096741532,0.46711763995029787,-0.18828316807958995,1.2012122757941321,0.3277112252430641,-0.10842951854878977,1.379853108592918,0.35467067030807,-0.3377369475548594,-1.3595248438404026,-0.9880849636238211,1.9354800320438645,-0.08557963892316771,-0.24031191638206026,1.2303319485218454,-1.4944017284411772,-1.0637904713758681,-1.3356495147878908,0.516069851631855,0.5281509487111965,-2.767661969558759,-0.919916906603558,-0.6214026672663324,0.5472260547996712,0.22011396514670484,0.32462651403492676,-0.9211991212987068,-0.984685919575162,-0.4786282814546694,-0.16427648301399947,1.7795423327987394,0.9621169552102815,2.5959212943351324,-0.722872544763076,0.6764972431985659,1.0171333356331886,0.9077474743876048,0.4105085188365148,-0.17728648084909668,0.891163068922307,1.472000542062905,0.5484478129285932,-0.1194574858149726,1.8933796662821485
