V1,V2,V3,V4,V5,V6,V7,V8,V9,V10,V11,V12,V13,V14,V15,V16,V17,V18,V19,V20,V21,V22,V23,V24,V25,V26,V27,V28,V29,V30,V31,V32,V33,V34,V35,V36,V37,V38,V39,V40,V41,V42,V43,V44
32.87755728535481,-24.202034067832734,75.50155315613029,34.978808336609205,-10.898686481760793,-17.446794789079416,3.290880528965078,4.4837083587920645,20.298724004757698,-30.147811663055155,62.04164929360287,-31.69830479785269,-115.9908571892117,79.05854231910185,32.85337816574164,39.740781740715356,27.529853083618708,42.141134643783566,9.458926944446565,38.493256877756615,12.287430810326189,46.134001011549664,25.66646839731671,47.52868880370868,32.06784593103482,9.001512506327964,2.8884143057008727,7.516165204999269,1.7204150980970427,57.07058680827839,-13.40414696607725,-5.768737024656413,20.323910281130434,25.854808990051485,57.02900607353919,56.78177309129417,32.638710961344486,-3.664065705342086,-76.45368887877675,-37.104574310337824,107.83671129952135,33.26333152326128,-123.08708611850967,73.05279103846371
-24.202034067832734,18.012388068918877,-56.07371115433583,-26.213288336353813,8.273479532419843,13.175958399565744,-2.3658132160134215,-3.2870232849793277,-14.878571388466595,21.95374776778728,-45.828151716353936,23.585995169539565,86.26069387649117,-58.49550990340325,-24.515976732754574,-29.525450456030626,-20.89078178023852,-31.55520615908061,-7.118154593375256,-29.0118964776524,-8.966610531802544,-34.657654115708006,-19.233797119362283,-35.0787932856506,-23.931141434976432,-7.181266558633812,-2.172453806739761,-5.38494680374562,-1.2256774264107944,-42.32513704470289,10.200571735331899,4.33679542465942,-14.722321964675562,-19.289235316625525,-42.66802440848796,-42.73286293297871,-24.277521207932047,2.692426348659315,56.76156956189604,27.86639856946961,-80.62216109243897,-24.67119774335663,91.09774801931131,-54.22187685747863
75.50155315613029,-56.07371115433583,174.65174292703728,81.43318231305449,-25.631897794452726,-40.88355438771684,7.439875835690487,10.266223652614901,46.50108864626353,-68.70623730186868,142.91716087588847,-73.45398025612268,-268.51664050362945,182.34030804387453,76.24806791240279,91.91903897521901,64.69752490885512,98.08622141334604,22.118481982602834,90.03469577125192,28.039138665332526,107.6256358718108,59.7435604972097,109.41263969063318,74.43825919849377,21.952932995958715,6.752299433910187,16.92071672133285,3.863312703920334,131.8415944365139,-31.58820353184465,-13.451711576258187,46.131981439496336,60.03255359494854,132.62665231263708,132.6488065570886,75.60877497944719,-8.397941957193751,-176.74025617913537,-86.53665749521521,250.64534985305292,76.81877044817658,-283.9600525281777,168.87159237156246
34.978808336609205,-26.213288336353813,81.43318231305449,38.59113650077852,-12.316834099953503,-19.454487766391537,3.2698405862241935,4.7285816045935904,21.24118299783026,-31.193824569507264,66.19824200108317,-34.225487993467546,-125.73202675845339,84.67940737531204,35.88573397821898,43.03134867086657,31.19263470628554,46.2485937945383,10.418250405711563,42.852265594692504,12.80334774236386,51.070589945570845,28.34149425486784,50.63332293907282,34.99267593183606,11.384795187055303,3.1742102182259813,7.502200831579883,1.6667803996533501,61.50367740818612,-15.197630017407178,-6.447019684528065,20.796209185768685,28.07042748980733,62.6023721001557,63.07742221524975,35.23373463864562,-3.907580576210441,-82.67673471080995,-41.06808599403449,118.2038911231285,35.97857663346484,-131.8700371361391,78.83723655939752
-10.898686481760793,8.273479532419843,-25.631897794452726,-12.316834099953503,4.003506779608158,6.2677075083120455,-0.9780168509028982,-1.472023117932037,-6.5536733039986865,9.542964862496486,-20.6845335644622,10.797949393414742,39.68113560623558,-26.52754036637008,-11.381083306361946,-13.559337317479752,-10.119714763589155,-14.720257610965298,-3.3321702396278123,-13.7706150827136,-3.930926179259687,-16.345763404377962,-9.042844042886433,-15.794931874698264,-11.100598389645855,-3.9171561524742753,-1.0140819184691043,-2.232971995136723,-0.4860978820512072,-19.33827520832823,4.941372478232946,2.06941851569635,-6.305594393506511,-8.880306488894211,-19.92389687120851,-20.237314003301012,-11.1053164248163,1.223193666247568,26.045966699481493,13.137032887656977,-37.59028535995477,-11.329160220131154,41.32545832732947,-24.810835821342863
-17.446794789079416,13.175958399565744,-40.88355438771684,-19.454487766391537,6.2677075083120455,9.873222349095963,-1.6185601305662787,-2.359953538860091,-10.58696656780875,15.47494687039968,-33.12346259504186,17.224829489512427,63.12879120488771,-42.41081371696897,-18.051087735412985,-21.57928778179637,-15.828463861139353,-23.324650908109003,-5.282664538450768,-21.695108234000198,-6.35278668411191,-25.79791626301743,-14.277712481637389,-25.313015553679044,-17.614530390936896,-5.8999750975499206,-1.6095971150364585,-3.6803279799871693,-0.817383101790026,-30.83313479967742,7.737856623102722,3.2478642624990695,-10.276259010576156,-14.141188554922321,-31.544462321247245,-31.89934441639168,-17.71891543476585,1.9488074173787482,41.45841426986202,20.734841171467984,-59.54176292424984,-18.01909574358695,66.06744034234146,-39.542640985160006
3.290880528965078,-2.3658132160134215,7.439875835690487,3.2698405862241935,-0.9780168509028982,-1.6185601305662787,0.38284804887153184,0.45953991313392756,2.122376634863063,-3.1989270139677894,6.230628616590814,-3.1396560676065723,-11.266450321086891,7.878518915473731,3.140322242686066,3.8572261987800522,2.4253851808761056,4.011143506451542,0.9093268269376732,3.5573552227798175,1.280780761718148,4.30106155965585,2.3866353736874255,4.781764394117393,3.081701594892277,0.5641446889755471,0.27938773370405184,0.8449748567639198,0.2070377159904348,5.6075991713646856,-1.1954025467601186,-0.5164368794544016,2.1932532763922032,2.5308253710003883,5.40423085758117,5.2588808130183,3.2271562910817524,-0.3626407753240864,-7.443338104230749,-3.4552891157643484,10.250804584823536,3.221580507700056,-12.271387438193152,7.161639833385993
4.4837083587920645,-3.2870232849793277,10.266223652614901,4.7285816045935904,-1.472023117932037,-2.359953538860091,0.45953991313392756,0.6183178654317292,2.7810914025218842,-4.140283026780932,8.458848546531252,-4.318046251831042,-15.7460409693042,10.769181167356535,4.450909543219673,5.3903702604507435,3.6950072359681827,5.704215618623518,1.283280551131567,5.198740196238135,1.6817216982204541,6.2354724620221695,3.4630572510043303,6.477200968816568,4.351657391970427,1.167987084860491,0.39174448219521296,1.0393001533559367,0.2390932252361182,7.760573692584351,-1.803037440116362,-0.7755743745357979,2.7937562583283473,3.511699726439876,7.719582566904707,7.6697045266612305,4.43970973209281,-0.5024089543984713,-10.384171240358333,-5.012264571701049,14.60781916599305,4.515705173220687,-16.769536145217685,9.927956903897893
20.298724004757698,-14.878571388466595,46.50108864626353,21.24118299783026,-6.5536733039986865,-10.58696656780875,2.122376634863063,2.7810914025218842,12.703838761569846,-18.92415689772334,38.38894790241037,-19.559919425248257,-71.1421452570341,48.81642639634704,20.06648101912719,24.368247541070573,16.48111474168131,25.732815061496094,5.799887909367234,23.327279072772317,7.672788660445148,28.008038536765046,15.56384146319968,29.426821496272673,19.615980252787132,5.012305215383094,1.7739427233867626,4.796035905090489,1.124542627932686,35.1036769466016,-8.060002476516646,-3.4621463692753944,12.817693699589938,15.912084587399338,34.76268059332817,34.417722462741324,20.13159661969509,-2.2484663675131475,-46.90247279898964,-22.52040575286408,65.77837812704608,20.365659022139333,-76.0160155129279,44.9128150337873
-30.147811663055155,21.95374776778728,-68.70623730186868,-31.193824569507264,9.542964862496486,15.47494687039968,-3.1989270139677894,-4.140283026780932,-18.92415689772334,28.297217195287224,-56.909263688815614,28.870194388390463,105.00668010454291,-72.29122430621875,-29.55332328182546,-35.988375766890975,-23.999317973759055,-37.82084514790533,-8.501161510544549,-34.135938953809365,-11.45785553530818,-41.07116808786965,-22.856363167847725,-43.645312727438935,-28.890139787911494,-7.013524678320143,-2.6015420075131117,-7.238091380618522,-1.7033739962984404,-51.90416568942008,11.718586031903909,5.070824354603791,-19.225288220699955,-23.446904259024926,-51.11217798238357,-50.41163371735276,-29.720631460188287,3.3415528898136544,69.29732034502499,33.02897896416971,-96.7599103921646,-30.104501234296183,112.55323868384691,-66.37627006000399
62.04164929360287,-45.828151716353936,142.91716087588847,66.19824200108317,-20.6845335644622,-33.12346259504186,6.230628616590814,8.458848546531252,38.38894790241037,-56.909263688815614,117.3270455991218,-60.084758767655636,-219.42024913820143,149.52144788522187,62.16442084287845,75.14037473607553,52.171930558447634,79.85178533842078,17.985641938417764,72.98830853793879,23.178415754527574,87.39650524070612,48.55040092946561,89.86604582276023,60.707038158638824,17.104141158441244,5.492831267476046,14.161882340343537,3.2574599215245605,107.92296366410241,-25.467433195948303,-10.895732894226633,38.332465217440344,49.02574555563587,107.96783114294242,107.60135480409411,61.84900407276355,-6.896335620535521,-144.53199660128425,-70.27730643354735,204.13611363389364,62.81939405428595,-232.83216738321977,138.17258535339855
-31.69830479785269,23.585995169539565,-73.45398025612268,-34.225487993467546,10.797949393414742,17.224829489512427,-3.1396560676065723,-4.318046251831042,-19.559919425248257,28.870194388390463,-60.084758767655636,30.93255290541312,112.86332294713165,-76.65829608402599,-32.04799364413736,-38.61466988096507,-27.197674459894603,-41.262149072003396,-9.3295199709515,-37.88868218477424,-11.770871766227257,-45.26531442222016,-25.093975340030646,-45.986690634779116,-31.306072044115574,-9.21494986230484,-2.8483425993231792,-7.104319614602583,-1.6279865029451337,-55.412812859029174,13.305893161183333,5.642172271302631,-19.372239084035165,-25.275161538007712,-55.76260604525907,-55.79962602839897,-31.824927047299578,3.524612705014617,74.25904042824246,36.38654844366674,-105.38644366895477,-32.25219736029963,119.39892570493053,-70.98066222045958
-115.9908571892117,86.26069387649117,-268.51664050362945,-125.73202675845339,39.68113560623558,63.12879120488771,-11.266450321086891,-15.7460409693042,-71.1421452570341,105.00668010454291,-219.42024913820143,112.86332294713165,413.3617647342077,-280.12160982404953,-117.52198139017594,-141.52132757462368,-100.30299569122397,-151.1942273620409,-34.05129035007789,-139.09105524221127,-42.92424462896719,-166.17855661911676,-92.27970610689135,-167.9584350610852,-114.68016520752808,-34.68855793803423,-10.38815040216736,-25.727200335867305,-5.826587777067294,-202.78596567028697,48.91215427750652,20.844377357345923,-70.40004838507524,-92.31978491318975,-204.53936208665075,-204.90625877656265,-116.1890811189463,12.921139674076572,272.06044661254754,133.63210302543158,-386.47150214444366,-118.31913742931208,436.20966887618994,-259.7749554722279
79.05854231910185,-58.49550990340325,182.34030804387453,84.67940737531204,-26.52754036637008,-42.41081371696897,7.878518915473731,10.769181167356535,48.81642639634704,-72.29122430621875,149.52144788522187,-76.65829608402599,-280.12160982404953,190.63241698114595,79.43008585997823,95.91827079946908,66.93682482076491,102.07003375520509,22.990700271435323,93.44471655818441,29.468221222499505,111.82919099233824,62.115702991063756,114.50450340110356,77.55537141377758,22.239317263487948,7.020152260447672,17.921578836942086,4.107862751106363,137.69210051571238,-32.6674159320849,-13.960621823397348,48.63804725619723,62.58479157358068,138.02694718609163,137.73524174813429,78.90992125534272,-8.793908264844816,-184.47809482408906,-89.92271423862333,260.92740659807464,80.1918111949889,-296.85266841393553,176.31199065324603
32.85337816574164,-24.515976732754574,76.24806791240279,35.88573397821898,-11.381083306361946,-18.051087735412985,3.140322242686066,4.450909543219673,20.06648101912719,-29.55332328182546,62.16442084287845,-32.04799364413736,-117.52198139017594,79.43008585997823,33.46914216723149,40.22871525134364,28.792618883913615,43.09312712386673,9.70667271546309,39.765220238687654,12.101909489494371,47.45797417042734,26.346940958758715,47.56830583720018,32.648977120680655,10.197311908531828,2.960152799050889,7.183304701003672,1.614629347443412,57.5810138577159,-14.035205120128905,-5.9681535336439095,19.7669898574968,26.24557315246875,58.3101064553475,58.561093348844004,32.99369233158241,-3.6638141420989085,-77.3163772930348,-38.16254326793457,110.14036330521198,33.63280964155191,-123.69267896985707,73.78513228276233
39.740781740715356,-29.525450456030626,91.91903897521901,43.03134867086657,-13.559337317479752,-21.57928778179637,3.8572261987800522,5.3903702604507435,24.368247541070573,-35.988375766890975,75.14037473607553,-38.61466988096507,-141.52132757462368,95.91827079946908,40.22871525134364,48.466110922386164,34.306497551377035,51.73522171661393,11.63959415636294,47.571748814432034,14.714390010888447,56.85430705260455,31.58838658410247,57.52855774690501,39.24703991400568,11.844711140273313,3.550382197416008,8.828391098822097,1.9979752660417094,69.43686356350067,-16.717859336305697,-7.138205518861142,24.140037911263203,31.587349810086586,69.99899600616781,70.09289845027807,39.760653186827774,-4.424968175435877,-93.16127241167179,-45.725732241203566,132.26326510450556,40.52610488287495,-149.35528597833365,88.94518902670121
27.529853083618708,-20.89078178023852,64.69752490885512,31.19263470628554,-10.119714763589155,-15.828463861139353,2.4253851808761056,3.6950072359681827,16.48111474168131,-23.999317973759055,52.171930558447634,-27.197674459894603,-100.30299569122397,66.93682482076491,28.792618883913615,34.306497551377035,25.692381101282596,37.218056184951294,8.393937379321457,34.840767412097826,9.911446817007226,41.3670306881562,22.92954103046782,39.85811655802053,28.04821180775587,10.062726093527269,2.553544475318822,5.600520904206702,1.2083604650253832,48.850897299859014,-12.51025589957059,-5.26437642865625,15.858034549677162,22.398855687680392,50.40532787591927,51.218350763069644,27.999630839625137,-3.0845989477017346,-65.85221301671163,-33.26330475981211,95.07207505693846,28.673643555406457,-104.25147958636947,62.6830635432052
42.141134643783566,-31.55520615908061,98.08622141334604,46.2485937945383,-14.720257610965298,-23.324650908109003,4.011143506451542,5.704215618623518,25.732815061496094,-37.82084514790533,79.85178533842078,-41.262149072003396,-151.1942273620409,102.07003375520509,43.09312712386673,51.73522171661393,37.218056184951294,55.54922854931435,12.539108301713327,51.33975153142372,15.491043259623542,61.21297631094148,33.94935953897736,61.08761262770102,42.04454435461261,13.31668853808998,3.823697930202564,9.15267477540574,2.0577648466402945,74.02729533540855,-18.167237553795765,-7.691695907843057,25.25928565504459,33.81350954269049,75.1315993275509,75.56966624397876,42.4720252624504,-4.694438984729605,-99.4125704834187,-49.217010980755134,141.88801408810554,43.221766933972624,-158.96741628466702,94.8816966449445
9.458926944446565,-7.118154593375256,22.118481982602834,10.418250405711563,-3.3321702396278123,-5.282664538450768,0.9093268269376732,1.283280551131567,5.799887909367234,-8.501161510544549,17.985641938417764,-9.3295199709515,-34.05129035007789,22.990700271435323,9.70667271546309,11.63959415636294,8.393937379321457,12.539108301713327,2.8479002667606834,11.59997733268754,3.4756956158843906,13.811535422246337,7.638042111406782,13.753001700873941,9.481161768694697,3.002582681566495,0.8684474634828995,2.0521739830775676,0.4653099024067184,16.667039741635257,-4.115562633832836,-1.7257596309128607,5.668794887222082,7.645056714512898,16.93653190786626,17.058137675314686,9.59501702631534,-1.0509015297042696,-22.367243736642877,-11.099935410535977,31.98468419492899,9.708178382108407,-35.818512782812356,21.366411223219586
38.493256877756615,-29.0118964776524,90.03469577125192,42.852265594692504,-13.7706150827136,-21.695108234000198,3.5573552227798175,5.198740196238135,23.327279072772317,-34.135938953809365,72.98830853793879,-37.88868218477424,-139.09105524221127,93.44471655818441,39.765220238687654,47.571748814432034,34.840767412097826,51.33975153142372,11.59997733268754,47.72621674371636,14.023262835732693,56.784620286382705,31.463335439599117,55.79602837119912,38.784240240851126,12.97884858664972,3.5332938827677305,8.13340705717175,1.8006518343424627,67.94604360927104,-17.00458943461858,-7.166347869525347,22.687122145475836,31.10962795535126,69.463245744549,70.19763554311027,38.9908195343427,-4.299467390611922,-91.38087471490293,-45.65245255682784,131.11703212036178,39.74262435722211,-145.5465645940743,87.1291583721816
12.287430810326189,-8.966610531802544,28.039138665332526,12.80334774236386,-3.930926179259687,-6.35278668411191,1.280780761718148,1.6817216982204541,7.672788660445148,-11.45785553530818,23.178415754527574,-11.770871766227257,-42.92424462896719,29.468221222499505,12.101909489494371,14.714390010888447,9.911446817007226,15.491043259623542,3.4756956158843906,14.023262835732693,4.649959899171351,16.859684276158134,9.389223722608872,17.77373256415182,11.821021378741241,2.994448201535854,1.0632172231055905,2.9123263897177796,0.6797804129023424,21.190891383476327,-4.830367502515158,-2.0915527490119814,7.771865416601263,9.572839464514807,20.947493756146553,20.707627082153774,12.12245432106101,-1.3635500407861465,-28.322537270243664,-13.560715948830659,39.64100274301412,12.313226749855614,-45.87635098910807,27.106717347734598
46.134001011549664,-34.657654115708006,107.6256358718108,51.070589945570845,-16.345763404377962,-25.79791626301743,4.30106155965585,6.2354724620221695,28.008038536765046,-41.07116808786965,87.39650524070612,-45.26531442222016,-166.17855661911676,111.82919099233824,47.45797417042734,56.85430705260455,41.3670306881562,61.21297631094148,13.811535422246337,56.784620286382705,16.859684276158134,67.62807956860928,37.50085871225395,66.83066340227573,46.28496259275653,15.202430590052213,4.20835658999436,9.843396236010006,2.1868934291179687,81.24827535317185,-20.17470721230872,-8.530520573768362,27.349122884096264,37.13891543110562,82.83443874172349,83.55734681876608,46.590530695923825,-5.152317990857941,-109.22884183360236,-54.375076710081764,156.38676348883726,47.51528713718652,-174.16676359970765,104.1643184780801
25.66646839731671,-19.233797119362283,59.7435604972097,28.34149425486784,-9.042844042886433,-14.277712481637389,2.3866353736874255,3.4630572510043303,15.56384146319968,-22.856363167847725,48.55040092946561,-25.093975340030646,-92.27970610689135,62.115702991063756,26.346940958758715,31.58838658410247,22.92954103046782,33.94935953897736,7.638042111406782,31.463335439599117,9.389223722608872,37.50085871225395,20.825610051100767,37.13681584385028,25.680889983908845,8.404526482159447,2.328033784764163,5.489946952985397,1.2173329061023652,45.12907129677643,-11.159994904068654,-4.740114996998704,15.237991200421318,20.589586259594014,45.964226337372935,46.32084452078791,25.84237613704077,-2.8674073322853424,-60.682827590046706,-30.158642998887288,86.77747797300269,26.415767937783997,-96.72552595694953,57.85384483899428
47.52868880370868,-35.0787932856506,109.41263969063318,50.63332293907282,-15.794931874698264,-25.313015553679044,4.781764394117393,6.477200968816568,29.426821496272673,-43.645312727438935,89.86604582276023,-45.986690634779116,-167.9584350610852,114.50450340110356,47.56830583720018,57.52855774690501,39.85811655802053,61.08761262770102,13.753001700873941,55.79602837119912,17.77373256415182,66.83066340227573,37.13681584385028,68.84515106431769,46.44939684427435,13.00419444328422,4.199928754096804,10.880232640389577,2.505015262860718,82.6310563103597,-19.452615599986082,-8.332304615471225,29.415833569491788,37.51951602006953,82.59534746195368,82.26478127207879,47.342789111416806,-5.2786616273658815,-110.64761851034706,-53.74502640377602,156.17072822139625,48.0941910987074,-178.2977232103975,105.78455529674085
32.06784593103482,-23.931141434976432,74.43825919849377,34.99267593183606,-11.100598389645855,-17.614530390936896,3.081701594892277,4.351657391970427,19.615980252787132,-28.890139787911494,60.707038158638824,-31.306072044115574,-114.68016520752808,77.55537141377758,32.648977120680655,39.24703991400568,28.04821180775587,42.04454435461261,9.481161768694697,38.784240240851126,11.821021378741241,46.28496259275653,25.680889983908845,46.44939684427435,31.86062922944355,9.884765843575153,2.891380477853886,7.029962094110144,1.5842704446864033,56.20159353738813,-13.6851522999097,-5.811489620828806,19.325124423881505,25.627801607787376,56.87850495590811,57.11029472529126,32.22081218510058,-3.576410647765104,-75.44200590623768,-37.214879814250786,107.44650747507136,32.80648947129835,-120.78110345668424,72.01348241737405
9.001512506327964,-7.181266558633812,21.952932995958715,11.384795187055303,-3.9171561524742753,-5.8999750975499206,0.5641446889755471,1.167987084860491,5.012305215383094,-7.013524678320143,17.104141158441244,-9.21494986230484,-34.68855793803423,22.239317263487948,10.197311908531828,11.844711140273313,10.062726093527269,13.31668853808998,3.002582681566495,12.97884858664972,2.994448201535854,15.202430590052213,8.404526482159447,13.00419444328422,9.884765843575153,4.91961186815455,0.9065371730947563,1.3816461538789706,0.23668718322083707,16.586960949363203,-4.873422929973295,-2.00655754652481,4.424555512159309,7.724066449242003,18.097040325957224,18.996789154149244,9.492150758056683,-1.0251137306503877,-22.645261612779034,-12.22728657752975,33.9906203394701,9.901376584009347,-34.643072185586256,21.37050915458504
2.8884143057008727,-2.172453806739761,6.752299433910187,3.1742102182259813,-1.0140819184691043,-1.6095971150364585,0.27938773370405184,0.39174448219521296,1.7739427233867626,-2.6015420075131117,5.492831267476046,-2.8483425993231792,-10.38815040216736,7.020152260447672,2.960152799050889,3.550382197416008,2.553544475318822,3.823697930202564,0.8684474634828995,3.5332938827677305,1.0632172231055905,4.20835658999436,2.328033784764163,4.199928754096804,2.891380477853886,0.9065371730947563,0.26523913798467913,0.6289499351373916,0.14334838378774573,5.086060859120877,-1.2519174087242189,-0.524724290504795,1.7363625421290996,2.3334477035316357,5.163799334627141,5.19704199718177,2.9300730074620387,-0.32086595904419746,-6.823665308068491,-3.3816216797439482,9.751625204916465,2.961034861674169,-10.937271304375662,6.5208771504188405
7.516165204999269,-5.38494680374562,16.92071672133285,7.502200831579883,-2.232971995136723,-3.6803279799871693,0.8449748567639198,1.0393001533559367,4.796035905090489,-7.238091380618522,14.161882340343537,-7.104319614602583,-25.727200335867305,17.921578836942086,7.183304701003672,8.828391098822097,5.600520904206702,9.15267477540574,2.0521739830775676,8.13340705717175,2.9123263897177796,9.843396236010006,5.489946952985397,10.880232640389577,7.029962094110144,1.3816461538789706,0.6289499351373916,1.907677124020119,0.4592033294243775,12.790590855956108,-2.73657865384683,-1.202053733994236,4.964196208084177,5.740247444516601,12.35982111880707,12.035229535953693,7.314893854580224,-0.8286364669557155,-17.015196625295076,-7.918696355260971,23.43352620195189,7.387287497422673,-27.89699654405176,16.333870264582885
1.7204150980970427,-1.2256774264107944,3.863312703920334,1.6667803996533501,-0.4860978820512072,-0.817383101790026,0.2070377159904348,0.2390932252361182,1.124542627932686,-1.7033739962984404,3.2574599215245605,-1.6279865029451337,-5.826587777067294,4.107862751106363,1.614629347443412,1.9979752660417094,1.2083604650253832,2.0577648466402945,0.4653099024067184,1.8006518343424627,0.6797804129023424,2.1868934291179687,1.2173329061023652,2.505015262860718,1.5842704446864033,0.23668718322083707,0.14334838378774573,0.4592033294243775,0.11478871164599175,2.910909842980417,-0.5960475128349172,-0.260210638450639,1.1768300429759948,1.3099639589512821,2.7681320670132843,2.6659091302849895,1.6757415308846166,-0.18723054701527111,-3.853471975337605,-1.7581378279222515,5.253729828216401,1.666012819968215,-6.396658740249026,3.7155453856209992
57.07058680827839,-42.32513704470289,131.8415944365139,61.50367740818612,-19.33827520832823,-30.83313479967742,5.6075991713646856,7.760573692584351,35.1036769466016,-51.90416568942008,107.92296366410241,-55.412812859029174,-202.78596567028697,137.69210051571238,57.5810138577159,69.43686356350067,48.850897299859014,74.02729533540855,16.667039741635257,67.94604360927104,21.190891383476327,81.24827535317185,45.12907129677643,82.6310563103597,56.20159353738813,16.586960949363203,5.086060859120877,12.790590855956108,2.910909842980417,99.57741508890327,-23.82458715668264,-10.173365086838361,34.858343023389814,45.28436848918512,100.13725842357307,100.12674375691536,57.04393186540975,-6.3547290782310215,-133.51487979374434,-65.33639188806472,189.25392275427018,58.06006370204623,-214.41081036324155,127.53139958148053
-13.40414696607725,10.200571735331899,-31.58820353184465,-15.197630017407178,4.941372478232946,7.737856623102722,-1.1954025467601186,-1.803037440116362,-8.060002476516646,11.718586031903909,-25.467433195948303,13.305893161183333,48.91215427750652,-32.6674159320849,-14.035205120128905,-16.717859336305697,-12.51025589957059,-18.167237553795765,-4.115562633832836,-17.00458943461858,-4.830367502515158,-20.17470721230872,-11.159994904068654,-19.452615599986082,-13.6851522999097,-4.873422929973295,-1.2519174087242189,-2.73657865384683,-0.5960475128349172,-23.82458715668264,6.112117760306511,2.5558663569778255,-7.7394160299677655,-10.954569010516913,-24.578177622464345,-24.981862121755107,-13.689064930476945,1.4981829715694945,32.09252798067987,16.21786150486477,-46.36167679806534,-13.955152676176693,50.89034743887336,-30.57181045391206
-5.768737024656413,4.33679542465942,-13.451711576258187,-6.447019684528065,2.06941851569635,3.2478642624990695,-0.5164368794544016,-0.7755743745357979,-3.4621463692753944,5.070824354603791,-10.895732894226633,5.642172271302631,20.844377357345923,-13.960621823397348,-5.9681535336439095,-7.138205518861142,-5.26437642865625,-7.691695907843057,-1.7257596309128607,-7.166347869525347,-2.0915527490119814,-8.530520573768362,-4.740114996998704,-8.332304615471225,-5.811489620828806,-2.00655754652481,-0.524724290504795,-1.202053733994236,-0.260210638450639,-10.173365086838361,2.5558663569778255,1.0877438098571985,-3.367028548138521,-4.638817559126465,-10.426045291785465,-10.547037681558837,-5.811361545863275,0.6466171725765225,13.70541098687589,6.862849184455186,-19.675580860706127,-5.974654325988611,21.73608671187272,-13.04445275766191
20.323910281130434,-14.722321964675562,46.131981439496336,20.796209185768685,-6.305594393506511,-10.276259010576156,2.1932532763922032,2.7937562583283473,12.817693699589938,-19.225288220699955,38.332465217440344,-19.372239084035165,-70.40004838507524,48.63804725619723,19.7669898574968,24.140037911263203,15.858034549677162,25.25928565504459,5.668794887222082,22.687122145475836,7.771865416601263,27.349122884096264,15.237991200421318,29.415833569491788,19.325124423881505,4.424555512159309,1.7363625421290996,4.964196208084177,1.1768300429759948,34.858343023389814,-7.7394160299677655,-3.367028548138521,13.10401003911628,15.711261185878469,34.13153785179063,33.52939049326232,19.94922504597677,-2.2485325443772024,-46.49257481319396,-21.997167366366927,64.63913720104006,20.1967873558517,-75.7186564662293,44.56130732219489
25.854808990051485,-19.289235316625525,60.03255359494854,28.07042748980733,-8.880306488894211,-14.141188554922321,2.5308253710003883,3.511699726439876,15.912084587399338,-23.446904259024926,49.02574555563587,-25.275161538007712,-92.31978491318975,62.58479157358068,26.24557315246875,31.587349810086586,22.398855687680392,33.81350954269049,7.645056714512898,31.10962795535126,9.572839464514807,37.13891543110562,20.589586259594014,37.51951602006953,25.627801607787376,7.724066449242003,2.3334477035316357,5.740247444516601,1.3099639589512821,45.28436848918512,-10.954569010516913,-4.638817559126465,15.711261185878469,20.675602611922304,45.69779036575268,45.804212688947324,26.01014424736243,-2.872727630719917,-60.72135419354855,-29.856851842833418,86.34047460452811,26.375652505967984,-97.47818639401335,58.02100839569857
57.02900607353919,-42.66802440848796,132.62665231263708,62.6023721001557,-19.92389687120851,-31.544462321247245,5.40423085758117,7.719582566904707,34.76268059332817,-51.11217798238357,107.96783114294242,-55.76260604525907,-204.53936208665075,138.02694718609163,58.3101064553475,69.99899600616781,50.40532787591927,75.1315993275509,16.93653190786626,69.463245744549,20.947493756146553,82.83443874172349,45.964226337372935,82.59534746195368,56.87850495590811,18.097040325957224,5.163799334627141,12.35982111880707,2.7681320670132843,100.13725842357307,-24.578177622464345,-10.426045291785465,34.13153785179063,45.69779036575268,101.65975000185324,102.26406086132816,57.40259024181687,-6.362702469305296,-134.51496631085593,-66.60543747808732,191.98604034080196,58.51058706594692,-214.9541708503725,128.34282611637803
56.78177309129417,-42.73286293297871,132.6488065570886,63.07742221524975,-20.237314003301012,-31.89934441639168,5.2588808130183,7.6697045266612305,34.417722462741324,-50.41163371735276,107.60135480409411,-55.79962602839897,-204.90625877656265,137.73524174813429,58.561093348844004,70.09289845027807,51.218350763069644,75.56966624397876,17.058137675314686,70.19763554311027,20.707627082153774,83.55734681876608,46.32084452078791,82.26478127207879,57.11029472529126,18.996789154149244,5.19704199718177,12.035229535953693,2.6659091302849895,100.12674375691536,-24.981862121755107,-10.547037681558837,33.52939049326232,45.804212688947324,102.26406086132816,103.27403225412465,57.43054258337113,-6.344451393581598,-134.6519087936407,-67.17951327511578,193.0425478117999,58.57404878350962,-214.5208615008544,128.3861197819321
32.638710961344486,-24.277521207932047,75.60877497944719,35.23373463864562,-11.1053164248163,-17.71891543476585,3.2271562910817524,4.43970973209281,20.13159661969509,-29.720631460188287,61.84900407276355,-31.824927047299578,-116.1890811189463,78.90992125534272,32.99369233158241,39.760653186827774,27.999630839625137,42.4720252624504,9.59501702631534,38.9908195343427,12.12245432106101,46.590530695923825,25.84237613704077,47.342789111416806,32.22081218510058,9.492150758056683,2.9300730074620387,7.314893854580224,1.6757415308846166,57.04393186540975,-13.689064930476945,-5.811361545863275,19.94922504597677,26.01014424736243,57.40259024181687,57.43054258337113,32.75231336076127,-3.627070697944914,-76.45256286223332,-37.45536927445263,108.47953390589208,33.21085822119516,-122.89958963395944,73.07285108900989
-3.664065705342086,2.692426348659315,-8.397941957193751,-3.907580576210441,1.223193666247568,1.9488074173787482,-0.3626407753240864,-0.5024089543984713,-2.2484663675131475,3.3415528898136544,-6.896335620535521,3.524612705014617,12.921139674076572,-8.793908264844816,-3.6638141420989085,-4.424968175435877,-3.0845989477017346,-4.694438984729605,-1.0509015297042696,-4.299467390611922,-1.3635500407861465,-5.152317990857941,-2.8674073322853424,-5.2786616273658815,-3.576410647765104,-1.0251137306503877,-0.32086595904419746,-0.8286364669557155,-0.18723054701527111,-6.3547290782310215,1.4981829715694945,0.6466171725765225,-2.2485325443772024,-2.872727630719917,-6.362702469305296,-6.344451393581598,-3.627070697944914,0.41254563537368794,8.521081040678151,4.142602368018685,-12.032380723707842,-3.712018189719004,13.690768501099033,-8.133647913538349
-76.45368887877675,56.76156956189604,-176.74025617913537,-82.67673471080995,26.045966699481493,41.45841426986202,-7.443338104230749,-10.384171240358333,-46.90247279898964,69.29732034502499,-144.53199660128425,74.25904042824246,272.06044661254754,-184.47809482408906,-77.3163772930348,-93.16127241167179,-65.85221301671163,-99.4125704834187,-22.367243736642877,-91.38087471490293,-28.322537270243664,-109.22884183360236,-60.682827590046706,-110.64761851034706,-75.44200590623768,-22.645261612779034,-6.823665308068491,-17.015196625295076,-3.853471975337605,-133.51487979374434,32.09252798067987,13.70541098687589,-46.49257481319396,-60.72135419354855,-134.51496631085593,-134.6519087936407,-76.45256286223332,8.521081040678151,179.11029764044605,87.84154427042633,-254.18741850563305,-77.91383807185814,287.25660432202005,-171.01580767653795
-37.104574310337824,27.86639856946961,-86.53665749521521,-41.06808599403449,13.137032887656977,20.734841171467984,-3.4552891157643484,-5.012264571701049,-22.52040575286408,33.02897896416971,-70.27730643354735,36.38654844366674,133.63210302543158,-89.92271423862333,-38.16254326793457,-45.725732241203566,-33.26330475981211,-49.217010980755134,-11.099935410535977,-45.65245255682784,-13.560715948830659,-54.375076710081764,-30.158642998887288,-53.74502640377602,-37.214879814250786,-12.22728657752975,-3.3816216797439482,-7.918696355260971,-1.7581378279222515,-65.33639188806472,16.21786150486477,6.862849184455186,-21.997167366366927,-29.856851842833418,-66.60543747808732,-67.17951327511578,-37.45536927445263,4.142602368018685,87.84154427042633,43.72275977859327,-125.74660911382053,-38.216158464745185,140.0444602560339,-83.76267126381002
107.83671129952135,-80.62216109243897,250.64534985305292,118.2038911231285,-37.59028535995477,-59.54176292424984,10.250804584823536,14.60781916599305,65.77837812704608,-96.7599103921646,204.13611363389364,-105.38644366895477,-386.47150214444366,260.92740659807464,110.14036330521198,132.26326510450556,95.07207505693846,141.88801408810554,31.98468419492899,131.11703212036178,39.64100274301412,156.38676348883726,86.77747797300269,156.17072822139625,107.44650747507136,33.9906203394701,9.751625204916465,23.43352620195189,5.253729828216401,189.25392275427018,-46.36167679806534,-19.675580860706127,64.63913720104006,86.34047460452811,191.98604034080196,193.0425478117999,108.47953390589208,-12.032380723707842,-254.18741850563305,-125.74660911382053,362.59696761389927,110.56307354099569,-406.3504981892661,242.54224572653214
33.26333152326128,-24.67119774335663,76.81877044817658,35.97857663346484,-11.329160220131154,-18.01909574358695,3.221580507700056,4.515705173220687,20.365659022139333,-30.104501234296183,62.81939405428595,-32.25219736029963,-118.31913742931208,80.1918111949889,33.63280964155191,40.52610488287495,28.673643555406457,43.221766933972624,9.708178382108407,39.74262435722211,12.313226749855614,47.51528713718652,26.415767937783997,48.0941910987074,32.80648947129835,9.901376584009347,2.961034861674169,7.387287497422673,1.666012819968215,58.06006370204623,-13.955152676176693,-5.974654325988611,20.1967873558517,26.375652505967984,58.51058706594692,58.57404878350962,33.21085822119516,-3.712018189719004,-77.91383807185814,-38.216158464745185,110.56307354099569,33.91189641649917,-124.85829349866589,74.36478581941788
-123.08708611850967,91.09774801931131,-283.9600525281777,-131.8700371361391,41.32545832732947,66.06744034234146,-12.271387438193152,-16.769536145217685,-76.0160155129279,112.55323868384691,-232.83216738321977,119.39892570493053,436.20966887618994,-296.85266841393553,-123.69267896985707,-149.35528597833365,-104.25147958636947,-158.96741628466702,-35.818512782812356,-145.5465645940743,-45.87635098910807,-174.16676359970765,-96.72552595694953,-178.2977232103975,-120.78110345668424,-34.643072185586256,-10.937271304375662,-27.89699654405176,-6.396658740249026,-214.41081036324155,50.89034743887336,21.73608671187272,-75.7186564662293,-97.47818639401335,-214.9541708503725,-214.5208615008544,-122.89958963395944,13.690768501099033,287.25660432202005,140.0444602560339,-406.3504981892661,-124.85829349866589,462.26774208520595,-274.5524572435342
73.05279103846371,-54.22187685747863,168.87159237156246,78.83723655939752,-24.810835821342863,-39.542640985160006,7.161639833385993,9.927956903897893,44.9128150337873,-66.37627006000399,138.17258535339855,-70.98066222045958,-259.7749554722279,176.31199065324603,73.78513228276233,88.94518902670121,62.6830635432052,94.8816966449445,21.366411223219586,87.1291583721816,27.106717347734598,104.1643184780801,57.85384483899428,105.78455529674085,72.01348241737405,21.37050915458504,6.5208771504188405,16.333870264582885,3.7155453856209992,127.53139958148053,-30.57181045391206,-13.04445275766191,44.56130732219489,58.02100839569857,128.34282611637803,128.3861197819321,73.07285108900989,-8.133647913538349,-171.01580767653795,-83.76267126381002,242.54224572653214,74.36478581941788,-274.5524572435342,163.3469424626999
