V1,V2,V3,V4,V5,V6,V7,V8,V9,V10,V11,V12,V13,V14,V15,V16,V17,V18,V19,V20,V21,V22,V23,V24,V25,V26,V27,V28,V29,V30,V31,V32,V33,V34,V35,V36,V37,V38,V39,V40,V41,V42,V43,V44
23.60772289800723,-4.310661173368256,22.785930539509494,-12.918464927945543,12.437511784797776,12.675674485416172,8.484613983629309,4.193219292532217,24.002395943426425,-45.589948141484285,38.6177890704779,-8.018323777760141,-18.376999774519703,40.31099307152812,-2.2620500592746104,7.951314700368284,-32.72084102551269,-9.263480017992354,-3.2461226751734076,-25.350246065492446,16.212177305455324,-22.28723465571799,-9.99648542027665,32.05985676033535,-1.5949443493116249,-43.09512852940825,-0.8112325631522728,19.030265044026898,5.753270240676656,18.995359556624265,16.51608875163689,4.298593628014918,37.31575126957033,2.4902689446149364,-12.732136565194235,-33.49923603180699,8.729140282693518,-2.29907920772347,-17.77816404154417,17.47337294079815,-19.484693200071,7.7523932599597245,-61.584398810979955,21.1709626921561
-4.310661173368256,1.2391177359975383,-5.7288986275164415,3.0689282315811486,-2.385390332444437,-2.111702820356645,-2.1003469019025838,-0.889814943566215,-5.530699036949801,9.794399682976152,-8.572296131491623,2.7767037025247974,3.6029945981222884,-8.957749284990653,0.6155206956326783,-1.231735594358354,7.2685254647408915,1.4780101997784945,0.06564346437327902,4.911809093014281,-3.258553505911315,4.611937183871893,2.603014821039165,-6.918384772715036,0.18545061391833098,9.839122724116313,-0.039114504407769,-4.022792698286657,-1.3922271296149362,-3.901143862585913,-3.1765671370999686,-1.2422340915002876,-7.870805654928329,-1.3387959294427063,2.7024912709274957,6.7842018643261115,-2.771479272031094,0.3402949970372957,3.003522092512868,-3.748991336082075,4.131434548993575,-0.8191664077476115,14.012330500755759,-4.427006735932647
22.785930539509494,-5.7288986275164415,27.604250544513125,-15.158803398341703,12.539834899903395,11.533301213265544,10.210859835748105,4.4662014067948315,27.407388930770097,-49.46352017271549,42.87013141078485,-12.492631629031116,-18.75640448579138,44.66954374702313,-2.9977364590319535,6.932403245140457,-36.42285501037504,-8.138428868588077,-1.4118197846106189,-25.563177932325726,16.84996274941477,-23.4350118167457,-12.528778677476913,34.90675855899817,-1.1015119376183162,-48.786302827738936,-0.17513859245800167,20.434729808384773,6.710500179973974,19.879684422268355,16.50232614159877,5.729546986394574,39.956775976162845,5.601675900804602,-13.695253360996414,-34.93210594036187,12.617354390643824,-1.8812499648542662,-16.3775111627016,18.967111876032305,-20.900352875042906,5.347729244843259,-69.5184558343008,22.5329481496486
-12.918464927945543,3.0689282315811486,-15.158803398341703,8.487682569566196,-7.170743284200567,-6.621946504981057,-5.654894565758054,-2.47414338349524,-15.282073629144595,27.738587960624457,-23.948360891563702,6.715568664577298,10.65696468870234,-24.861824202419335,1.7060381786764083,-4.033510678308105,20.409098772810882,4.652571342586546,1.0911987741308533,14.46967467338607,-9.563019753490508,13.105975835344136,6.936102130497497,-19.576191028389122,0.6129043746806904,27.15389203969261,0.20548181419127587,-11.496218460330859,-3.6481522842319416,-11.133178851055211,-9.295486221324028,-3.0629522989951505,-22.444206016867064,-2.9256924593662363,7.690612319274527,19.760282076328192,-6.768323223216749,1.0505879136062348,9.426201586587021,-10.659652224427719,11.705326023989167,-3.2170361979540902,38.68258614710078,-12.667792762978404
12.437511784797776,-2.385390332444437,12.539834899903395,-7.170743284200567,6.694921082388509,6.62935142956646,4.698945224112773,2.2312250922076275,13.146952403281391,-24.68587048609342,20.992433619611674,-4.7194177559633665,-9.875520501385342,21.822016838007354,-1.3349381236150564,4.151563660052737,-17.854454315914815,-4.776452964822667,-1.6641805568961958,-13.52032590151892,8.753130909776775,-11.91416625589222,-5.613351938292644,17.381635925835255,-0.7557681860277653,-23.494261864507827,-0.41435496043128067,10.300864089418267,3.094772711728546,10.153915676649568,8.744457430902983,2.375213902918873,20.14957696683973,1.6424246039851456,-6.883103113844556,-18.05068081325453,4.983183054470256,-1.1402857839351295,-9.354173814789302,9.48151657739047,-10.49677078326078,3.879672605889659,-33.53509968101614,11.419137427551128
12.675674485416172,-2.111702820356645,11.533301213265544,-6.621946504981057,6.62935142956646,6.897511007895296,4.310351784148208,2.195845920364696,12.37751272925359,-23.825972165578666,20.058837470729493,-3.719866745515568,-9.75816273523455,20.931728382611908,-1.126166474990873,4.368564049293393,-16.99538062283261,-5.069441873024558,-1.980675995242473,-13.486931336569583,8.573631950575916,-11.725349704252977,-5.022891169599781,16.741993608351535,-0.9030253174679235,-22.262431784472152,-0.5203547724609501,9.975662013473944,2.9356188618716295,10.00622519333791,8.79597009735314,2.102858183403923,19.566647590371687,0.9426248008863142,-6.669925478211611,-17.69374014808128,4.16010186892813,-1.2689107953528291,-9.655166359239518,9.134671700063665,-10.208386653472834,4.428645640684145,-31.833439368511375,11.117483949656805
8.484613983629309,-2.1003469019025838,10.210859835748105,-5.654894565758054,4.698945224112773,4.310351784148208,3.7919882723903102,1.65097485685436,10.192542395193302,-18.410209686929868,15.94020663454062,-4.610702956962465,-7.009411902844175,16.577385060024167,-1.132371795641951,2.6033066868184,-13.565034010244554,-3.0296603996335065,-0.592967553918123,-9.529602252135408,6.298057523148489,-8.69911651815387,-4.659092735685895,12.99472204651556,-0.3988125656812895,-18.120688087121994,-0.09024751551546444,7.614906987603425,2.466445568910141,7.383285624470969,6.134132589321429,2.0986252700060266,14.875953634431266,2.0571391663584224,-5.099240275367395,-13.037147458065503,4.641406596559171,-0.6893240754359963,-6.132129596335787,7.067171905196072,-7.7704248502524695,2.0165639447832397,-25.814890207387833,8.39050109012802
4.193219292532217,-0.889814943566215,4.4662014067948315,-2.47414338349524,2.2312250922076275,2.195845920364696,1.65097485685436,0.7799358817717464,4.561435324367515,-8.47726649994344,7.25589508482602,-1.7712640389084713,-3.3211929139777308,7.584107586976869,-0.4500370139841166,1.3507816274267974,-6.143760354228879,-1.5914133906884362,-0.4239915219771551,-4.57279917912464,2.9499649768639826,-4.105361763830932,-1.9776760873521686,5.969451293552758,-0.2591843321959744,-8.171994648137979,-0.0898941205295636,3.5199478794785155,1.117819047612676,3.4903665725282917,2.977358714714181,0.8894860585584878,6.899945937269431,0.6762507538582077,-2.3595010821367715,-6.114928441819256,1.8663704887968458,-0.3905766263714152,-3.08712891105284,3.245756062391133,-3.6122706283319665,1.217631724919106,-11.666727504562392,3.9040100763483734
24.002395943426425,-5.530699036949801,27.407388930770097,-15.282073629144595,13.146952403281391,12.37751272925359,10.192542395193302,4.561435324367515,27.712306108941075,-50.63509512179979,43.61464138156919,-11.789330399210236,-19.55727838133484,45.37740006875325,-2.9854238613578667,7.559611890868031,-37.09084809658497,-8.783537193189941,-2.1238984746622958,-26.665934981521392,17.494491209235772,-24.102887966805017,-12.418735343045446,35.71313726078775,-1.2454128274340135,-49.36190027606771,-0.4132960398935232,20.99431003708552,6.675011434663087,20.48120294097835,17.204695942814524,5.522106648543794,41.03873573111341,4.975988402180302,-14.053098468404182,-36.188482400117756,12.026177988719569,-2.040770266888799,-17.551271477917762,19.43385143843762,-21.42823627390946,6.267535299149117,-70.36799035430298,23.180009590234153
-45.589948141484285,9.794399682976152,-49.46352017271549,27.738587960624457,-24.68587048609342,-23.825972165578666,-18.410209686929868,-8.47726649994344,-50.63509512179979,93.59018536404747,-80.20559426365597,20.177383842866,36.63474900650302,-83.51041660721499,5.266439705280033,-14.686831569833831,68.14767808496141,17.06531683636385,4.781725496119228,50.117989827037725,-32.63322011162593,44.89557899905723,22.224995996683532,-65.95206999474867,2.5858350899991622,90.38939101997288,1.0471357919322593,-38.88745524259662,-12.162521303573483,-38.186336830208646,-32.424159420523786,-9.774996838302291,-76.0797747014451,-7.962096694105083,26.024001434447538,67.46965590997144,-20.911461322260834,4.0488070881840015,33.67142588655327,-35.91000284247668,39.71863675183291,-12.891689143265427,128.94286680460038,-43.030630196904575
38.6177890704779,-8.572296131491623,42.87013141078485,-23.948360891563702,20.992433619611674,20.058837470729493,15.94020663454062,7.25589508482602,43.61464138156919,-80.20559426365597,68.89676784427989,-17.909984872928515,-31.199287654523673,71.73328721472608,-4.594411950563415,12.310106731727394,-58.54541815996227,-14.319776104779192,-3.7375871355524484,-42.63471724486667,27.83873466603132,-38.36363137220152,-19.317675716313914,56.54115928545466,-2.1190963193019123,-77.79824694874985,-0.7768126336410347,33.29013984185794,10.508362928965472,32.6160076384335,27.562506079165104,8.55773475099856,65.11296041684135,7.295371566858287,-22.283329629009955,-57.583404981568286,18.44018635935187,-3.3752069679164074,-28.380914275401846,30.7719318439201,-34.00269639036986,10.55126340656572,-110.95418825446478,36.80582299596987
-8.018323777760141,2.7767037025247974,-12.492631629031116,6.715568664577298,-4.7194177559633665,-3.719866745515568,-4.610702956962465,-1.7712640389084713,-11.789330399210236,20.177383842866,-17.909984872928515,6.769384854743222,7.1494966238707365,-18.589001656562356,1.488322090491471,-2.087798652489591,15.285056227604944,2.454336253610622,-0.3024318731668157,9.565394770226826,-6.568793620585291,9.194770035718841,5.86915655898568,-14.299100079528175,0.151259871949745,20.776948332134086,-0.21879204072821243,-8.250720882842495,-2.9135369204743746,-7.761440597225349,-6.079820316465378,-2.7804467574356755,-16.063967678092524,-3.5667157282913324,5.535350837948283,13.650520768225897,-6.508623095154595,0.47685750043295627,5.404930717238905,-7.749469458055668,8.406905234252115,-0.8242427681106888,29.513565501245232,-8.998315548785277
-18.376999774519703,3.6029945981222884,-18.75640448579138,10.65696468870234,-9.875520501385342,-9.75816273523455,-7.009411902844175,-3.3211929139777308,-19.55727838133484,36.63474900650302,-31.199287654523673,7.1494966238707365,14.599262365050459,-32.46337787369965,1.9774392371192486,-6.0933482829846,26.51084452691931,7.033758040983897,2.340315918144555,19.992776449073776,-12.941601319851879,17.682468285333524,8.380724810652932,-25.798716128226648,1.1143945507726725,34.95904665187194,0.5696440214283807,-15.272224513288062,-4.638019086030152,-15.068566993695004,-12.944584996030198,-3.5884995923597716,-29.883248451211156,-2.546850786308123,10.20761858482027,26.709346103346725,-7.5386706251580575,1.6864596518296417,13.767930480903436,-14.06025197748521,15.575166203648195,-5.647974744174592,49.90736420702325,-16.932803076596265
40.31099307152812,-8.957749284990653,44.66954374702313,-24.861824202419335,21.822016838007354,20.931728382611908,16.577385060024167,7.584107586976869,45.37740006875325,-83.51041660721499,71.73328721472608,-18.589001656562356,-32.46337787369965,74.76353013244966,-4.724406044925484,12.829134627988557,-60.90272518911156,-14.984087808752177,-3.8189025581677254,-44.434053307157996,28.95372452860523,-40.02849463307694,-20.05688617685516,58.85880671489587,-2.257547751952057,-81.01170339552041,-0.7784037028691378,34.64855578189495,10.995112499207924,34.02379921138515,28.77322385578951,8.947404076136152,67.80743039077416,7.546108325963554,-23.202342859786587,-59.93039784316019,19.203279318892957,-3.563633490600813,-29.578567246689275,32.02309089921329,-35.43492519572027,11.045010896955194,-115.55660529082812,38.32991058196964
-2.2620500592746104,0.6155206956326783,-2.9977364590319535,1.7060381786764083,-1.3349381236150564,-1.126166474990873,-1.132371795641951,-0.4500370139841166,-2.9854238613578667,5.266439705280033,-4.594411950563415,1.488322090491471,1.9774392371192486,-4.724406044925484,0.38227878484670824,-0.6780914853056206,3.949138526278756,0.7521689577400226,0.14523040863908523,2.631666047463004,-1.7973767917798427,2.407818803985272,1.428606668933336,-3.7291548705896256,0.058947592115604734,5.248773106136484,0.02169255166643673,-2.1798123889117007,-0.6861461439050349,-2.0441330744043613,-1.656593384081321,-0.6126449752294039,-4.229625223843161,-0.7210842046983574,1.4547167441436313,3.698603850777818,-1.433671097424015,0.14340488398114043,1.634449732593342,-2.0336574002598296,2.1952320131338006,-0.4319665682983886,7.456503098793858,-2.379534669531325
7.951314700368284,-1.231735594358354,6.932403245140457,-4.033510678308105,4.151563660052737,4.368564049293393,2.6033066868184,1.3507816274267974,7.559611890868031,-14.686831569833831,12.310106731727394,-2.087798652489591,-6.0933482829846,12.829134627988557,-0.6780914853056206,2.790639761207351,-10.436275363475268,-3.21565952125289,-1.3633741793586958,-8.413694002599161,5.336629718672574,-7.2470532746780725,-3.013714826362684,10.318389209037779,-0.5785520812904525,-13.601002998300189,-0.3705142634158383,6.16593396794979,1.7674046533608732,6.195330739161829,5.483005183946501,1.2230816834576055,12.088591010546674,0.42556109341555765,-4.117498811280663,-10.995213031182365,2.3791539829491057,-0.8042264370169814,-6.116461657884101,5.63302984141674,-6.295742085586009,2.8939145598862934,-19.458373501224177,6.877637637322744
-32.72084102551269,7.2685254647408915,-36.42285501037504,20.409098772810882,-17.854454315914815,-16.99538062283261,-13.565034010244554,-6.143760354228879,-37.09084809658497,68.14767808496141,-58.54541815996227,15.285056227604944,26.51084452691931,-60.90272518911156,3.949138526278756,-10.436275363475268,49.78994069131747,12.10262770150937,3.211772301064779,36.18403056703577,-23.67089516563941,32.53422945798727,16.463956055370232,-48.04692245124034,1.761803619805028,66.11313404545396,0.6755395626664572,-28.291864422926146,-8.894968055073425,-27.66029309376365,-23.35876820175951,-7.2544285245042595,-55.313001480501676,-6.253514116451548,18.932391015873954,48.93524303715144,-15.689201659499611,2.8297877484301255,24.070468158934002,-26.159928105449406,28.87036233709467,-8.900729748084135,94.26965128723724,-31.262907889719504
-9.263480017992354,1.4780101997784945,-8.138428868588077,4.652571342586546,-4.776452964822667,-5.069441873024558,-3.0296603996335065,-1.5914133906884362,-8.783537193189941,17.06531683636385,-14.319776104779192,2.454336253610622,7.033758040983897,-14.984087808752177,0.7521689577400226,-3.21565952125289,12.10262770150937,3.7597252588166334,1.482699631812096,9.773844115293215,-6.15978140794584,8.476435118242154,3.4909609584100982,-11.98037128875132,0.7024566307517984,15.853194538568705,0.3914326129571083,-7.149274360416953,-2.106995666766273,-7.233343594771605,-6.4043732548583945,-1.473597332256051,-14.045209810276585,-0.5121417424900844,4.785105388161547,12.729300115252853,-2.8305609430982486,0.9621182946877083,7.067421500628873,-6.53417980201659,7.340852896194685,-3.346645727922021,22.686080780357518,-7.986193197190739
-3.2461226751734076,0.06564346437327902,-1.4118197846106189,1.0911987741308533,-1.6641805568961958,-1.980675995242473,-0.592967553918123,-0.4239915219771551,-2.1238984746622958,4.781725496119228,-3.7375871355524484,-0.3024318731668157,2.340315918144555,-3.8189025581677254,0.14523040863908523,-1.3633741793586958,3.211772301064779,1.482699631812096,1.1298999450674292,3.2271831515803036,-1.9872776881047656,2.4573221781607444,0.5811952748060357,-3.3362112994083053,0.2974916871069657,3.851716330292831,0.3563255513180161,-2.0816094554530857,-0.3745324716238724,-2.1346239078046785,-2.0855465821896493,-0.05372608665296457,-4.0699334404780725,0.6059988819749419,1.3694733006337034,4.005744124480401,0.10556596130917835,0.36991617543991645,2.7658172232332707,-1.855223187459124,2.0739298574968217,-1.7201707300087472,5.5411181603812105,-2.3527422192469385
-25.350246065492446,4.911809093014281,-25.563177932325726,14.46967467338607,-13.52032590151892,-13.486931336569583,-9.529602252135408,-4.57279917912464,-26.665934981521392,50.117989827037725,-42.63471724486667,9.565394770226826,19.992776449073776,-44.434053307157996,2.631666047463004,-8.413694002599161,36.18403056703577,9.773844115293215,3.2271831515803036,27.476834285799423,-17.707485942910285,24.302738044197735,11.344486527947799,-35.27340864662967,1.6001834653311144,47.75058302639001,0.7816633871044215,-20.889526835175808,-6.373761500207773,-20.69739455994454,-17.839284206811495,-4.898947948318438,-40.91525488539463,-3.314843773936439,13.975015238313404,36.58241626109702,-10.182076824019742,2.3776662504362425,18.976703646182575,-19.22478531549789,21.355906443707685,-7.906182727333876,68.18153739631694,-23.18513685649258
16.212177305455324,-3.258553505911315,16.84996274941477,-9.563019753490508,8.753130909776775,8.573631950575916,6.298057523148489,2.9499649768639826,17.494491209235772,-32.63322011162593,27.83873466603132,-6.568793620585291,-12.941601319851879,28.95372452860523,-1.7973767917798427,5.336629718672574,-23.67089516563941,-6.15978140794584,-1.9872776881047656,-17.707485942910285,11.494862738395222,-15.704565543332594,-7.557544006177272,22.98492565897064,-0.9556702937049822,-31.245184587915137,-0.47480145286154213,13.593684697937091,4.148797688555917,13.374023117050985,11.45130534377696,3.2475824388283394,26.59154512591713,2.422207387404751,-9.087533341530227,-23.72484924213909,6.876140058478843,-1.4653468121666295,-12.108114612202982,12.530012351463096,-13.861655035568448,4.865678529433104,-44.58714444494158,15.058275180290607
-22.28723465571799,4.611937183871893,-23.4350118167457,13.105975835344136,-11.91416625589222,-11.725349704252977,-8.69911651815387,-4.105361763830932,-24.102887966805017,44.89557899905723,-38.36363137220152,9.194770035718841,17.682468285333524,-40.02849463307694,2.407818803985272,-7.2470532746780725,32.53422945798727,8.476435118242154,2.4573221781607444,24.302738044197735,-15.704565543332594,21.70606357186172,10.418916801848361,-31.61273661789501,1.362723547618446,43.14153345569253,0.5514215795875637,-18.666190785091434,-5.835576885464487,-18.46334700199972,-15.787181563076246,-4.606330259266081,-36.566186698115516,-3.4441888442389232,12.50110098637763,32.501417160083065,-9.680251220047312,2.0595538835796035,16.5053142460792,-17.209130219212614,19.115509489745403,-6.585467250052096,61.579841462574485,-20.69612860017919
-9.99648542027665,2.603014821039165,-12.528778677476913,6.936102130497497,-5.613351938292644,-5.022891169599781,-4.659092735685895,-1.9776760873521686,-12.418735343045446,22.224995996683532,-19.317675716313914,5.86915655898568,8.380724810652932,-20.05688617685516,1.428606668933336,-3.013714826362684,16.463956055370232,3.4909609584100982,0.5811952748060357,11.344486527947799,-7.557544006177272,10.418916801848361,5.772387531570116,-15.703482228517977,0.4174930902001145,22.024709731008503,0.06701268550946542,-9.183112441138642,-2.9945962408777387,-8.838754353949318,-7.272662555040679,-2.5999154812447913,-17.91413500779627,-2.7166133980351557,6.149408464301321,15.64382348136736,-5.835255807268042,0.7689816929532085,7.176121931241176,-8.537141903055325,9.354792942854777,-2.1856358470567736,31.354873698000425,-10.092444260639073
32.05985676033535,-6.918384772715036,34.90675855899817,-19.576191028389122,17.381635925835255,16.741993608351535,12.99472204651556,5.969451293552758,35.71313726078775,-65.95206999474867,56.54115928545466,-14.299100079528175,-25.798716128226648,58.85880671489587,-3.7291548705896256,10.318389209037779,-48.04692245124034,-11.98037128875132,-3.3362112994083053,-35.27340864662967,22.98492565897064,-31.61273661789501,-15.703482228517977,46.48346000574241,-1.8033492066844268,-63.73368373395846,-0.7286053449921314,27.40293388820972,8.573318690772394,26.890623991658817,22.810489372871512,6.903184003869214,53.60005566805864,5.6727706004600185,-18.33785320045312,-47.52170250983232,14.794501482363263,-2.834559468670304,-23.6707446619355,25.305553257998547,-27.98083774002229,9.01943392237472,-90.91403183834646,30.313792357840576
-1.5949443493116249,0.18545061391833098,-1.1015119376183162,0.6129043746806904,-0.7557681860277653,-0.9030253174679235,-0.3988125656812895,-0.2591843321959744,-1.2454128274340135,2.5858350899991622,-2.1190963193019123,0.151259871949745,1.1143945507726725,-2.257547751952057,0.058947592115604734,-0.5785520812904525,1.761803619805028,0.7024566307517984,0.2974916871069657,1.6001834653311144,-0.9556702937049822,1.362723547618446,0.4174930902001145,-1.8033492066844268,0.1628886319957884,2.3033205574191173,0.08084538450781695,-1.088041672878858,-0.3208594548045497,-1.1627745103563791,-1.0778622253333914,-0.18669530463017142,-2.1604846552753822,0.0933935168680987,0.7325484079949596,1.9895887384029223,-0.27024490642628507,0.20005581125984434,1.2311947643373997,-0.9822253501648656,1.1409094694609387,-0.6900365889096711,3.3137726386271287,-1.2349646174514022
-43.09512852940825,9.839122724116313,-48.786302827738936,27.15389203969261,-23.494261864507827,-22.262431784472152,-18.120688087121994,-8.171994648137979,-49.36190027606771,90.38939101997288,-77.79824694874985,20.776948332134086,34.95904665187194,-81.01170339552041,5.248773106136484,-13.601002998300189,66.11313404545396,15.853194538568705,3.851716330292831,47.75058302639001,-31.245184587915137,43.14153345569253,22.024709731008503,-63.73368373395846,2.3033205574191173,88.00751739807008,0.7526247790346857,-37.4781135768028,-11.934115337275427,-36.6557294839314,-30.85786006946131,-9.827940138683495,-73.29915133898609,-8.673413569070446,25.095260455302284,64.66173656481769,-21.289651677520933,3.7198996801174498,31.52036455760067,-34.67822554668376,38.29467140087699,-11.413345600331839,125.48343600651833,-41.40905193080117
-0.8112325631522728,-0.039114504407769,-0.17513859245800167,0.20548181419127587,-0.41435496043128067,-0.5203547724609501,-0.09024751551546444,-0.0898941205295636,-0.4132960398935232,1.0471357919322593,-0.7768126336410347,-0.21879204072821243,0.5696440214283807,-0.7784037028691378,0.02169255166643673,-0.3705142634158383,0.6755395626664572,0.3914326129571083,0.3563255513180161,0.7816633871044215,-0.47480145286154213,0.5514215795875637,0.06701268550946542,-0.7286053449921314,0.08084538450781695,0.7526247790346857,0.1160042117634204,-0.4684970494723591,-0.049137304843509366,-0.4851842471574598,-0.5011827790781377,0.043626597588117356,-0.9116415688966976,0.24824160564020156,0.3051260823766326,0.9451299499088608,0.16198684008393338,0.09638148843918633,0.727063077115443,-0.40940488507483114,0.45749062549827496,-0.4974496780477659,1.0882076014955953,-0.532595637220789
19.030265044026898,-4.022792698286657,20.434729808384773,-11.496218460330859,10.300864089418267,9.975662013473944,7.614906987603425,3.5199478794785155,20.99431003708552,-38.88745524259662,33.29013984185794,-8.250720882842495,-15.272224513288062,34.64855578189495,-2.1798123889117007,6.16593396794979,-28.291864422926146,-7.149274360416953,-2.0816094554530857,-20.889526835175808,13.593684697937091,-18.666190785091434,-9.183112441138642,27.40293388820972,-1.088041672878858,-37.4781135768028,-0.4684970494723591,16.16971312937092,5.024827636340751,15.88270550362694,13.510634056881281,4.0128420556780915,31.629237401073766,3.2074813706731935,-10.818520694797163,-28.094141190386377,8.566980688639145,-1.6953861651041615,-14.097002095148044,14.923291113436237,-16.506882745591636,5.462012003995429,-53.467278558429754,17.894356037474427
5.753270240676656,-1.3922271296149362,6.710500179973974,-3.6481522842319416,3.094772711728546,2.9356188618716295,2.466445568910141,1.117819047612676,6.675011434663087,-12.162521303573483,10.508362928965472,-2.9135369204743746,-4.638019086030152,10.995112499207924,-0.6861461439050349,1.7674046533608732,-8.894968055073425,-2.106995666766273,-0.3745324716238724,-6.373761500207773,4.148797688555917,-5.835576885464487,-2.9945962408777387,8.573318690772394,-0.3208594548045497,-11.934115337275427,-0.049137304843509366,5.024827636340751,1.6653168902384243,4.948890293926016,4.146469427873198,1.394658707275875,9.848530539645745,1.2536024681542757,-3.3733660836312884,-8.622524986167392,3.0001009114315105,-0.5104435767338319,-4.138473168977538,4.653885860851388,-5.166517601916244,1.4488914384600011,-17.021814032270264,5.558280783862549
18.995359556624265,-3.901143862585913,19.879684422268355,-11.133178851055211,10.153915676649568,10.00622519333791,7.383285624470969,3.4903665725282917,20.48120294097835,-38.186336830208646,32.6160076384335,-7.761440597225349,-15.068566993695004,34.02379921138515,-2.0441330744043613,6.195330739161829,-27.66029309376365,-7.233343594771605,-2.1346239078046785,-20.69739455994454,13.374023117050985,-18.46334700199972,-8.838754353949318,26.890623991658817,-1.1627745103563791,-36.6557294839314,-0.4851842471574598,15.88270550362694,4.948890293926016,15.71274030914514,13.442340069580043,3.893889576332358,31.10905282490099,2.8848886410980663,-10.633207252259727,-27.66972494707682,8.177665040714452,-1.7565554472009017,-14.090503819746282,14.636316937849385,-16.254982543737178,5.65019022632217,-52.329438268646385,17.61223458674376
16.51608875163689,-3.1765671370999686,16.50232614159877,-9.295486221324028,8.744457430902983,8.79597009735314,6.134132589321429,2.977358714714181,17.204695942814524,-32.424159420523786,27.562506079165104,-6.079820316465378,-12.944584996030198,28.77322385578951,-1.656593384081321,5.483005183946501,-23.35876820175951,-6.4043732548583945,-2.0855465821896493,-17.839284206811495,11.45130534377696,-15.787181563076246,-7.272662555040679,22.810489372871512,-1.0778622253333914,-30.85786006946131,-0.5011827790781377,13.510634056881281,4.146469427873198,13.442340069580043,11.613513499667278,3.1709019097950506,26.48758835303698,2.058708160914341,-9.04374262102338,-23.67903136449413,6.528565995542704,-1.5795895614314577,-12.350286415426064,12.4274623383656,-13.83924553871686,5.209456204060523,-44.07648497725183,15.01288234345035
4.298593628014918,-1.2422340915002876,5.729546986394574,-3.0629522989951505,2.375213902918873,2.102858183403923,2.0986252700060266,0.8894860585584878,5.522106648543794,-9.774996838302291,8.55773475099856,-2.7804467574356755,-3.5884995923597716,8.947404076136152,-0.6126449752294039,1.2230816834576055,-7.2544285245042595,-1.473597332256051,-0.05372608665296457,-4.898947948318438,3.2475824388283394,-4.606330259266081,-2.5999154812447913,6.903184003869214,-0.18669530463017142,-9.827940138683495,0.043626597588117356,4.0128420556780915,1.394658707275875,3.893889576332358,3.1709019097950506,1.2463425163179243,7.854348285463211,1.3428541809744294,-2.6971901538267353,-6.764757918903287,2.777448483398198,-0.34081683705551813,-2.987874264010561,3.7414683971622034,-4.125776705553155,0.8100486691629197,-13.99500680655915,4.416553139749054
37.31575126957033,-7.870805654928329,39.956775976162845,-22.444206016867064,20.14957696683973,19.566647590371687,14.875953634431266,6.899945937269431,41.03873573111341,-76.0797747014451,65.11296041684135,-16.063967678092524,-29.883248451211156,67.80743039077416,-4.229625223843161,12.088591010546674,-55.313001480501676,-14.045209810276585,-4.0699334404780725,-40.91525488539463,26.59154512591713,-36.566186698115516,-17.91413500779627,53.60005566805864,-2.1604846552753822,-73.29915133898609,-0.9116415688966976,31.629237401073766,9.848530539645745,31.10905282490099,26.48758835303698,7.854348285463211,61.893225167923,6.213542444307467,-21.164920603616487,-54.96935606545618,16.72182256069128,-3.348441910806223,-27.62987797942838,29.190115516348914,-32.31000293921102,10.753392744214345,-104.58108193445308,35.01896977806052
2.4902689446149364,-1.3387959294427063,5.601675900804602,-2.9256924593662363,1.6424246039851456,0.9426248008863142,2.0571391663584224,0.6762507538582077,4.975988402180302,-7.962096694105083,7.295371566858287,-3.5667157282913324,-2.546850786308123,7.546108325963554,-0.7210842046983574,0.42556109341555765,-6.253514116451548,-0.5121417424900844,0.6059988819749419,-3.314843773936439,2.422207387404751,-3.4441888442389232,-2.7166133980351557,5.6727706004600185,0.0933935168680987,-8.673413569070446,0.24824160564020156,3.2074813706731935,1.2536024681542757,2.8848886410980663,2.058708160914341,1.3428541809744294,6.213542444307467,2.0925942474833077,-2.1562536199131443,-5.057973625648702,3.30545938795901,-0.03907331626225667,-1.4476468932972382,3.061807666469226,-3.2575214269541197,-0.39906725836097456,-12.276232684623304,3.447717641280961
-12.732136565194235,2.7024912709274957,-13.695253360996414,7.690612319274527,-6.883103113844556,-6.669925478211611,-5.099240275367395,-2.3595010821367715,-14.053098468404182,26.024001434447538,-22.283329629009955,5.535350837948283,10.20761858482027,-23.202342859786587,1.4547167441436313,-4.117498811280663,18.932391015873954,4.785105388161547,1.3694733006337034,13.975015238313404,-9.087533341530227,12.50110098637763,6.149408464301321,-18.33785320045312,0.7325484079949596,25.095260455302284,0.3051260823766326,-10.818520694797163,-3.3733660836312884,-10.633207252259727,-9.04374262102338,-2.6971901538267353,-21.164920603616487,-2.1562536199131443,7.241857804718018,18.791323906965783,-5.751385773546471,1.1375978537298566,9.418862089211947,-9.985339783237645,11.053485734253883,-3.644451836655284,35.799617757813095,-11.971611575636699
-33.49923603180699,6.7842018643261115,-34.93210594036187,19.760282076328192,-18.05068081325453,-17.69374014808128,-13.037147458065503,-6.114928441819256,-36.188482400117756,67.46965590997144,-57.583404981568286,13.650520768225897,26.709346103346725,-59.93039784316019,3.698603850777818,-10.995213031182365,48.93524303715144,12.729300115252853,4.005744124480401,36.58241626109702,-23.72484924213909,32.501417160083065,15.64382348136736,-47.52170250983232,1.9895887384029223,64.66173656481769,0.9451299499088608,-28.094141190386377,-8.622524986167392,-27.66972494707682,-23.67903136449413,-6.764757918903287,-54.96935606545618,-5.057973625648702,18.791323906965783,49.00229294431188,-14.30202504263836,3.0404431401610514,24.96887946015645,-25.896288691292096,28.67748148779526,-10.009086886112225,92.27443897558146,-31.122005636699658
8.729140282693518,-2.771479272031094,12.617354390643824,-6.768323223216749,4.983183054470256,4.16010186892813,4.641406596559171,1.8663704887968458,12.026177988719569,-20.911461322260834,18.44018635935187,-6.508623095154595,-7.5386706251580575,19.203279318892957,-1.433671097424015,2.3791539829491057,-15.689201659499611,-2.8305609430982486,0.10556596130917835,-10.182076824019742,6.876140058478843,-9.680251220047312,-5.835255807268042,14.794501482363263,-0.27024490642628507,-21.289651677520933,0.16198684008393338,8.566980688639145,3.0001009114315105,8.177665040714452,6.528565995542704,2.777448483398198,16.72182256069128,3.30545938795901,-5.751385773546471,-14.30202504263836,6.362341852731393,-0.6046025264984796,-5.978035880390853,8.018970462411785,-8.764124832352122,1.2715317216533844,-30.27736658386378,9.384707303020244
-2.29907920772347,0.3402949970372957,-1.8812499648542662,1.0505879136062348,-1.1402857839351295,-1.2689107953528291,-0.6893240754359963,-0.3905766263714152,-2.040770266888799,4.0488070881840015,-3.3752069679164074,0.47685750043295627,1.6864596518296417,-3.563633490600813,0.14340488398114043,-0.8042264370169814,2.8297877484301255,0.9621182946877083,0.36991617543991645,2.3776662504362425,-1.4653468121666295,2.0595538835796035,0.7689816929532085,-2.834559468670304,0.20005581125984434,3.7198996801174498,0.09638148843918633,-1.6953861651041615,-0.5104435767338319,-1.7565554472009017,-1.5795895614314577,-0.34081683705551813,-3.348441910806223,-0.03907331626225667,1.1375978537298566,3.0404431401610514,-0.6046025264984796,0.2608873210376452,1.7512525273714998,-1.5436213420964264,1.7582519682672997,-0.8836970973590274,5.335570284728552,-1.9075689134360778
-17.77816404154417,3.003522092512868,-16.3775111627016,9.426201586587021,-9.354173814789302,-9.655166359239518,-6.132129596335787,-3.08712891105284,-17.551271477917762,33.67142588655327,-28.380914275401846,5.404930717238905,13.767930480903436,-29.578567246689275,1.634449732593342,-6.116461657884101,24.070468158934002,7.067421500628873,2.7658172232332707,18.976703646182575,-12.108114612202982,16.5053142460792,7.176121931241176,-23.6707446619355,1.2311947643373997,31.52036455760067,0.727063077115443,-14.097002095148044,-4.138473168977538,-14.090503819746282,-12.350286415426064,-2.987874264010561,-27.62987797942838,-1.4476468932972382,9.418862089211947,24.96887946015645,-5.978035880390853,1.7512525273714998,13.543130079590291,-12.915187975877911,14.399125688875618,-6.136208623577383,45.062486540966894,-15.697018639047586
17.47337294079815,-3.748991336082075,18.967111876032305,-10.659652224427719,9.48151657739047,9.134671700063665,7.067171905196072,3.245756062391133,19.43385143843762,-35.91000284247668,30.7719318439201,-7.749469458055668,-14.06025197748521,32.02309089921329,-2.0336574002598296,5.63302984141674,-26.159928105449406,-6.53417980201659,-1.855223187459124,-19.22478531549789,12.530012351463096,-17.209130219212614,-8.537141903055325,25.305553257998547,-0.9822253501648656,-34.67822554668376,-0.40940488507483114,14.923291113436237,4.653885860851388,14.636316937849385,12.4274623383656,3.7414683971622034,29.190115516348914,3.061807666469226,-9.985339783237645,-25.896288691292096,8.018970462411785,-1.5436213420964264,-12.915187975877911,13.7840542139421,-15.234738344216552,4.9365899805741185,-49.46221307987203,16.50881577881365
-19.484693200071,4.131434548993575,-20.900352875042906,11.705326023989167,-10.49677078326078,-10.208386653472834,-7.7704248502524695,-3.6122706283319665,-21.42823627390946,39.71863675183291,-34.00269639036986,8.406905234252115,15.575166203648195,-35.43492519572027,2.1952320131338006,-6.295742085586009,28.87036233709467,7.340852896194685,2.0739298574968217,21.355906443707685,-13.861655035568448,19.115509489745403,9.354792942854777,-27.98083774002229,1.1409094694609387,38.29467140087699,0.45749062549827496,-16.506882745591636,-5.166517601916244,-16.254982543737178,-13.83924553871686,-4.125776705553155,-32.31000293921102,-3.2575214269541197,11.053485734253883,28.67748148779526,-8.764124832352122,1.7582519682672997,14.399125688875618,-15.234738344216552,16.883940580596267,-5.599208695138662,54.63570191953103,-18.27614797281514
7.7523932599597245,-0.8191664077476115,5.347729244843259,-3.2170361979540902,3.879672605889659,4.428645640684145,2.0165639447832397,1.217631724919106,6.267535299149117,-12.891689143265427,10.55126340656572,-0.8242427681106888,-5.647974744174592,11.045010896955194,-0.4319665682983886,2.8939145598862934,-8.900729748084135,-3.346645727922021,-1.7201707300087472,-7.906182727333876,4.865678529433104,-6.585467250052096,-2.1856358470567736,9.01943392237472,-0.6900365889096711,-11.413345600331839,-0.4974496780477659,5.462012003995429,1.4488914384600011,5.65019022632217,5.209456204060523,0.8100486691629197,10.753392744214345,-0.39906725836097456,-3.644451836655284,-10.009086886112225,1.2715317216533844,-0.8836970973590274,-6.136208623577383,4.9365899805741185,-5.599208695138662,3.3586067425238335,-16.38813089928678,6.153829463864459
-61.584398810979955,14.012330500755759,-69.5184558343008,38.68258614710078,-33.53509968101614,-31.833439368511375,-25.814890207387833,-11.666727504562392,-70.36799035430298,128.94286680460038,-110.95418825446478,29.513565501245232,49.90736420702325,-115.55660529082812,7.456503098793858,-19.458373501224177,94.26965128723724,22.686080780357518,5.5411181603812105,68.18153739631694,-44.58714444494158,61.579841462574485,31.354873698000425,-90.91403183834646,3.3137726386271287,125.48343600651833,1.0882076014955953,-53.467278558429754,-17.021814032270264,-52.329438268646385,-44.07648497725183,-13.99500680655915,-104.58108193445308,-12.276232684623304,35.799617757813095,92.27443897558146,-30.27736658386378,5.335570284728552,45.062486540966894,-49.46221307987203,54.63570191953103,-16.38813089928678,178.93572610865505,-59.08907867384349
21.1709626921561,-4.427006735932647,22.5329481496486,-12.667792762978404,11.419137427551128,11.117483949656805,8.39050109012802,3.9040100763483734,23.180009590234153,-43.030630196904575,36.80582299596987,-8.998315548785277,-16.932803076596265,38.32991058196964,-2.379534669531325,6.877637637322744,-31.262907889719504,-7.986193197190739,-2.3527422192469385,-23.18513685649258,15.058275180290607,-20.69612860017919,-10.092444260639073,30.313792357840576,-1.2349646174514022,-41.40905193080117,-0.532595637220789,17.894356037474427,5.558280783862549,17.61223458674376,15.01288234345035,4.416553139749054,35.01896977806052,3.447717641280961,-11.971611575636699,-31.122005636699658,9.384707303020244,-1.9075689134360778,-15.697018639047586,16.50881577881365,-18.27614797281514,6.153829463864459,-59.08907867384349,19.818535097260607
