V1,V2,V3,V4,V5,V6,V7,V8,V9,V10,V11,V12,V13,V14,V15,V16,V17,V18,V19,V20,V21,V22,V23,V24,V25,V26,V27,V28,V29,V30,V31,V32,V33,V34,V35,V36,V37,V38,V39,V40,V41,V42,V43,V44
2.8905736976287923,-1.0509736308133102,-0.7247925323107015,5.19897315558321,2.8649533420305926,1.1241464180119938,-0.08944803118433277,-5.715459807159282,-6.054950228137406,-0.04142498545069683,-3.7597025043972216,1.1215759944327437,-1.4934765298636528,-3.5666154358837754,0.7109929887065617,-0.8356465385915653,-6.716864713535869,-2.533992257983877,-2.044416168336154,0.09386051620115303,2.9527582460974284,0.011292049673602807,4.345115512495478,-0.6528702594728131,1.932098538534867,2.7099143843519404,-0.08030968048112984,-3.0077646126576356,-0.0500473619214932,-2.6843634543452652,0.33437985029022527,2.5554946575756876,2.086005555438736,-8.757532669828928,1.116273676750564,0.5552591861725767,0.5685631918093695,-3.583934257406002,-2.559563985221686,2.050776061786655,-5.2619364080037165,-1.1814854844182905,1.163859810553335,0.918418230642087
-1.0509736308133102,2.609184173282874,-1.6032430143573044,-6.760555480979764,-3.066187513570597,0.804960496787514,-0.7799547612595362,8.630848406891294,7.94771361927658,-0.6090292440035703,5.146265470990798,2.136826743838808,0.7072878703628865,4.888741095578202,-0.5499622520105395,3.118901231345981,10.43967124298893,1.67414340779973,0.7602021637382929,-2.513821332478305,-3.3657531768211006,-1.0821941812441602,-4.877153168752008,1.319169595276376,-3.5257751585953776,-2.5442394976300733,-0.6415284752950116,4.97697782316453,-0.35351770317611597,5.000433027828237,1.1869514177232254,-4.862070534065059,-2.0055808026836024,10.058481626662115,-1.9676193505566306,-2.800202623696446,-3.9938505672231948,4.677601602484215,0.5238537503037293,-2.7943449417822372,7.301930064680568,5.033839447861795,0.18983473075738216,-0.600523762185221
-0.7247925323107015,-1.6032430143573044,1.7467997711770689,2.7772941484441884,0.9781389328728737,-1.299156442666965,0.7031143080496167,-4.0578981918538615,-3.2975005976399063,0.533479086826104,-2.2239594563773055,-2.413180430016859,0.23687518941336036,-2.1150679009314532,0.0656733402710353,-2.14981380876259,-5.017809182285761,0.004666363695436174,0.49880665472272323,2.054744045212787,1.1804162202111639,0.901016659885486,1.6730619240058435,-0.7427847548440007,1.8808293859569443,0.6268314096125349,0.5831343580976952,-2.499616992680398,0.3242347257922456,-2.6991072372643248,-1.1800506195877434,2.6550108545009388,0.5219071291960812,-3.5650097657766513,1.0286669792579686,2.0386738112083713,3.0309579327789202,-1.9293706366403376,0.9824829746697077,1.2028343903509866,-3.19587463928634,-3.561980639937323,-0.8055761445290881,-0.007233785642161248
5.19897315558321,-6.760555480979764,2.7772941484441884,20.00854255083212,9.58263109178879,-0.6324983526291865,1.6175629233181168,-24.617864437302615,-23.460706109723688,1.2904499123294548,-15.03270558063306,-3.5522232091148473,-3.0459034834934084,-14.27719722918061,1.9178851245009207,-7.660597454353555,-29.578350283923182,-6.2054412605002875,-3.715570126513588,5.592789838972317,10.326115049486162,2.377116060871528,15.032239650616487,-3.5414210632516747,9.655210563415581,8.285289026554127,1.3185788589729297,-13.908665122822972,0.7223494299881286,-13.634581777924815,-2.263179087528776,13.20127131502098,6.481210948169934,-30.79094173779129,5.425612424664193,6.681113046751998,9.30898037760714,-13.82848080701192,-3.712775912257361,8.16983116831126,-21.256750089605156,-12.199481415753302,0.7523932102926276,2.2368772348611383
2.8649533420305926,-3.066187513570597,0.9781389328728737,9.58263109178879,4.680775066902172,0.010789022131287586,0.6505020444187235,-11.624356735534125,-11.226303157174884,0.5263299205510067,-7.163912560853551,-1.2031901101853921,-1.6297382322908551,-6.802724592243811,0.9702135078826596,-3.3877915339958573,-13.930208791975735,-3.196393523081947,-2.0421838831016785,2.347617021974408,5.0111780798120185,0.9909525749515177,7.306202048502424,-1.630973869294857,4.4835379993880915,4.1037518048524335,0.5288613256347724,-6.513521471398188,0.2881300290102339,-6.320911663827156,-0.8591306376552457,6.1095201911948624,3.201911996797995,-14.931242715548054,2.5269714335262075,2.912454891020777,4.007745826873112,-6.620753480633564,-2.166655360135537,3.8953448464434275,-10.116747719450053,-5.358439596435418,0.5961607742977091,1.1533090429734656
1.1241464180119938,0.804960496787514,-1.299156442666965,-0.6324983526291865,0.010789022131287586,1.0987231911048858,-0.4776793367173217,1.3485377272526584,0.7768174386153907,-0.3562182256825797,0.5977768378091427,1.8232444950927125,-0.4912950086474333,0.5707386726981836,0.11768363993253197,1.2092603538525974,1.7464733837051514,-0.5751617163089834,-0.7856764624404066,-1.3147956849574476,-0.10080856647497738,-0.5830528509400802,-0.1074071624213058,0.33559891756615784,-0.78752580814737,0.20430166774002545,-0.39660855144137525,0.9469174192900822,-0.2220040322823036,1.149513236633701,0.8432682005691744,-1.1497059287624067,0.131515752261519,0.34059000327765954,-0.4171861421005084,-1.2001538586580354,-1.842986193314224,0.44533453208921125,-1.2171924494270918,-0.3189267243898933,0.890641499084757,2.0499389112968944,0.7867324358945388,0.21176953733677797
-0.08944803118433277,-0.7799547612595362,0.7031143080496167,1.6175629233181168,0.6505020444187235,-0.4776793367173217,0.2996114027406239,-2.2155948286889795,-1.9099037488833532,0.22899656876221894,-1.2638578986853,-0.9642670231513382,-0.013814868672862626,-1.201781154413722,0.08469511275706593,-1.0015147805578346,-2.711686107431133,-0.19658414079034148,0.056647094913959604,0.9019691443300112,0.7454148032033022,0.3927281202964629,1.0700164638168757,-0.37474621759822657,0.9716956082390587,0.4853248266892406,0.24626753052021125,-1.3252557437027772,0.13702604298989238,-1.386507826617653,-0.4884545596449956,1.3567673840170706,0.39091067697147214,-2.2383417219020103,0.5358838057999374,0.930844831048693,1.3651311976621043,-1.1208631626050245,0.22794989462409895,0.6841680260791175,-1.8050555169216425,-1.6445202070135059,-0.2597601627888703,0.0693441080436693
-5.715459807159282,8.630848406891294,-4.0578981918538615,-24.617864437302615,-11.624356735534125,1.3485377272526584,-2.2155948286889795,30.59072623074628,28.884348869500553,-1.7545625338462445,18.560396717988656,5.274815945902934,3.436943256086988,17.629104038790476,-2.2653765512363093,9.936814312704133,36.82157608548151,7.227160561112987,4.09377308113394,-7.483133533800779,-12.585811424201216,-3.1935191804456666,-18.300529108791302,4.47558640252261,-12.13415441286267,-9.947558571804878,-1.8104487209514322,17.380770210616216,-0.9941660953610265,17.155342688557795,3.1924054950877103,-16.629683086167343,-7.7963950272391065,37.550115598345805,-6.805248159295625,-8.743311211612347,-12.272250608592739,17.018627690031327,3.8626555453245817,-10.084188701256917,26.269166207030917,15.889770772287696,-0.4972013143100797,-2.6026434538452157
-6.054950228137406,7.94771361927658,-3.2975005976399063,-23.460706109723688,-11.226303157174884,0.7768174386153907,-1.9099037488833532,28.884348869500553,27.51212504868009,-1.5235846398540727,17.63003535959399,4.218850161306622,3.5525875715457342,16.743127120388927,-2.242379757659808,9.014627678166002,34.709604728263606,7.2512923512347784,4.326881036017769,-6.595427303713595,-12.101010629958495,-2.804862702114107,-17.613151498083038,4.159688366571268,-11.335232299366655,-9.70010980110457,-1.5601920552027007,16.323991035543656,-0.8539550340809849,16.009975330579916,2.6775493226455995,-15.503108525704793,-7.588605278601541,36.08546887514798,-6.36931447870638,-7.867343522891784,-10.964981252026359,16.21585686745764,4.311318627886274,-9.582493067838419,24.9310002414602,14.357924849857199,-0.8561185755264852,-2.6128423153351648
-0.04142498545069683,-0.6090292440035703,0.533479086826104,1.2904499123294548,0.5263299205510067,-0.3562182256825797,0.22899656876221894,-1.7545625338462445,-1.5235846398540727,0.17548791155073507,-1.0053081256363297,-0.7292502750060628,-0.024644527491985018,-0.9556222573201295,0.07152800825384902,-0.7769207210592974,-2.1450611103604555,-0.17468131815181565,0.02454437051152107,0.6935757562332111,0.6000855900796656,0.3019356107968846,0.8618773769533883,-0.29383509368112526,0.7636091725392007,0.39807908831117333,0.18902574725920546,-1.0452799279131268,0.10487304295126844,-1.0894189263245349,-0.37154803242877993,1.0655898954382088,0.3196332101041932,-1.8010505716169996,0.42170316165193017,0.7201704167950221,1.0532154191224958,-0.8943444548975431,0.1506981036164884,0.5447447505767535,-1.4348661918962364,-1.2734459795925568,-0.18846898400807519,0.06158856200543695
-3.7597025043972216,5.146265470990798,-2.2239594563773055,-15.03270558063306,-7.163912560853551,0.5977768378091427,-1.2638578986853,18.560396717988656,17.63003535959399,-1.0053081256363297,11.308401130860839,2.8634598355359224,2.2216722717151565,10.740416065504126,-1.4206796048829067,5.86528897994885,22.314597770577596,4.574645908680797,2.689248074861461,-4.3309427562453395,-7.732355782745732,-1.8434392147809424,-11.25235159251794,2.686008783018139,-7.30914769233317,-6.171812435529631,-1.0306520682680973,10.507571686915064,-0.5652520160277765,10.325565943273833,1.7881168650214372,-10.00149732798493,-4.831245115836587,23.06143062967836,-4.104399723089951,-5.131832365171763,-7.1699327463400815,10.390361774717144,2.637751889903387,-6.144825959836183,15.995411390777779,9.354692284563138,-0.47321150626744213,-1.6486725082069715
1.1215759944327437,2.136826743838808,-2.413180430016859,-3.5522232091148473,-1.2031901101853921,1.8232444950927125,-0.9642670231513382,5.274815945902934,4.218850161306622,-0.7292502750060628,2.8634598355359224,3.3461379022152724,-0.3914998565756334,2.7251778262455817,-0.05819669295287078,2.8933035408012775,6.537021288471526,-0.12204503821582972,-0.7726769929675321,-2.7975218835918247,-1.4749046036813547,-1.2267776967107942,-2.08593083446617,0.983558620781115,-2.4804255229943744,-0.7310393353895375,-0.7949258495184498,3.274604158777515,-0.4437627585488395,3.560638423690583,1.6269327634725939,-3.50510364383309,-0.6169418774471356,4.460655399844137,-1.353208782397164,-2.7536623457042215,-4.109664027262399,2.4670039021862205,-1.4588952657971108,-1.545732940581214,4.121024498812752,4.8062052278291985,1.1523099040151539,0.05031270042826982
-1.4934765298636528,0.7072878703628865,0.23687518941336036,-3.0459034834934084,-1.6297382322908551,-0.4912950086474333,-0.013814868672862626,3.436943256086988,3.5525875715457342,-0.024644527491985018,2.2216722717151565,-0.3914998565756334,0.7837959704472347,2.1082071088003804,-0.38898255188663894,0.6394920299671567,4.060898388655609,1.364876355832833,1.0576124222237313,-0.23151591434276972,-1.6948948908012922,-0.0853180965811569,-2.4886410695275742,0.41723533546836733,-1.2069034189825631,-1.515285129105723,-0.007734467982203093,1.840903132701339,-0.0015279550632489333,1.6841612137966804,-0.07603966961964224,-1.6107368529573542,-1.169912645182069,5.032325364398132,-0.6920992897742066,-0.47855249374634734,-0.5733999321752554,2.100828905144756,1.2923771294939135,-1.2107901925856126,3.1167464639964546,0.9504414022903308,-0.5560992002696149,-0.494310835014581
-3.5666154358837754,4.888741095578202,-2.1150679009314532,-14.27719722918061,-6.802724592243811,0.5707386726981836,-1.201781154413722,17.629104038790476,16.743127120388927,-0.9556222573201295,10.740416065504126,2.7251778262455817,2.1082071088003804,10.201447756050118,-1.349072155429274,5.572927070491991,21.19484071699718,4.34236175118257,2.5514587717729262,-4.116433779482655,-7.342938744268683,-1.7518840736796946,-10.685974386497831,2.551772325943959,-6.943729765284291,-5.860128449899804,-0.9788670126811252,9.981246004662648,-0.5372396555675469,9.808816554377657,1.700983796257496,-9.500774066511559,-4.587394326346658,21.899620762771466,-3.898893109007827,-4.876184018443824,-6.814242913711998,9.86767062057054,2.5007702745507867,-5.8357643017256,15.192286203354838,8.889585223924366,-0.4469697703288971,-1.5652604762340638
0.7109929887065617,-0.5499622520105395,0.0656733402710353,1.9178851245009207,0.9702135078826596,0.11768363993253197,0.08469511275706593,-2.2653765512363093,-2.242379757659808,0.07152800825384902,-1.4206796048829067,-0.05819669295287078,-0.38898255188663894,-1.349072155429274,0.2134869062637347,-0.5742609699057526,-2.700720221532741,-0.7221735885565627,-0.5053673997669161,0.34796388209103934,1.0269750664224484,0.14370079358080431,1.5017838355348432,-0.3025654753480535,0.8461114529071577,0.8711103184007274,0.06712634225753476,-1.2495535811467264,0.036218080235696413,-1.1882648483630789,-0.08972338525641878,1.1442545433985938,0.6767890235773044,-3.055372422519632,0.4795073473359161,0.4766342556611683,0.6364993943482657,-1.3238343292629384,-0.5760610665258455,0.7728330629090566,-2.001474412338158,-0.8944955097886804,0.20597708942407922,0.2612489684819477
-0.8356465385915653,3.118901231345981,-2.14981380876259,-7.660597454353555,-3.3877915339958573,1.2092603538525974,-1.0015147805578346,9.936814312704133,9.014627678166002,-0.7769207210592974,5.86528897994885,2.8933035408012775,0.6394920299671567,5.572927070491991,-0.5742609699057526,3.8002435639408003,12.052506312142842,1.6844501245460688,0.6127754479490014,-3.161726594883623,-3.7514604335078836,-1.3657947508089237,-5.425398040871423,1.5563978359358475,-4.128572057767439,-2.7543548499278616,-0.8238133902727005,5.779625016724998,-0.45527349350567076,5.864228399835753,1.557979368706749,-5.711008560081391,-2.1798854792422744,11.222358204264232,-2.29739863879653,-3.4449703082509804,-4.952363915839657,5.302175845533992,0.22548332338034555,-3.182678916063015,8.334427086063439,6.1626513372712015,0.43848007351203405,-0.602937162710773
-6.716864713535869,10.43967124298893,-5.017809182285761,-29.578350283923182,-13.930208791975735,1.7464733837051514,-2.711686107431133,36.82157608548151,34.709604728263606,-2.1450611103604555,22.314597770577596,6.537021288471526,4.060898388655609,21.19484071699718,-2.700720221532741,12.052506312142842,44.33659002912193,8.593383055773538,4.813043295979032,-9.124205627571381,-15.095651636527776,-3.896783956652951,-21.944849879796006,5.403486879961065,-14.635019741586843,-11.89764582264964,-2.2177518717202593,20.9419768863109,-1.2179585254556693,20.696008306710386,3.9254098185710222,-20.066349823731045,-9.328096021660594,45.04344332436666,-8.205132567000712,-10.621270498521213,-14.925985150344342,20.449331346311663,4.485497263400371,-12.123657749335257,31.58781538550194,19.285910018883175,-0.5027395774898559,-3.0937730108165544
-2.533992257983877,1.67414340779973,0.004666363695436174,-6.2054412605002875,-3.196393523081947,-0.5751617163089834,-0.19658414079034148,7.227160561112987,7.2512923512347784,-0.17468131815181565,4.574645908680797,-0.12204503821582972,1.364876355832833,4.34236175118257,-0.7221735885565627,1.6844501245460688,8.593383055773538,2.476196603817205,1.7982574783487475,-0.9207586047766488,-3.3638949579654107,-0.3741517287864148,-4.9250519283228416,0.938319411929354,-2.6493940341356663,-2.9030289489800656,-0.15552265452651157,3.9508139447857378,-0.08166654151341991,3.714802164004031,0.14983696782965766,-3.5705969299108578,-2.2506763174883244,10.002320152989304,-1.5070334949200548,-1.3651323528237576,-1.779539682961629,4.283114480673813,2.1060394199269834,-2.4905485576703765,6.436137911758229,2.5933121072715726,-0.8129926946939127,-0.8956666131348731
-2.044416168336154,0.7602021637382929,0.49880665472272323,-3.715570126513588,-2.0421838831016785,-0.7856764624404066,0.056647094913959604,4.09377308113394,4.326881036017769,0.02454437051152107,2.689248074861461,-0.7726769929675321,1.0576124222237313,2.5514587717729262,-0.5053673997669161,0.6127754479490014,4.813043295979032,1.7982574783487475,1.4466377095248228,-0.08531442033167697,-2.1062103392453997,-0.015896838830195537,-3.099683251534916,0.47015199450951844,-1.389417333403622,-1.9288294640097696,0.05260186281108592,2.1583140523263595,0.03271831427467504,1.9304456203417746,-0.22587367247126686,-1.8382761369168177,-1.4852928708422402,6.247303144697324,-0.8020647455571454,-0.4125789736668732,-0.43194006168119786,2.561038034260356,1.8068519345493597,-1.4661557215888563,3.764330743812809,0.8718418904936642,-0.8183947012493838,-0.6521063133267786
0.09386051620115303,-2.513821332478305,2.054744045212787,5.592789838972317,2.347617021974408,-1.3147956849574476,0.9019691443300112,-7.483133533800779,-6.595427303713595,0.6935757562332111,-4.3309427562453395,-2.7975218835918247,-0.23151591434276972,-4.116433779482655,0.34796388209103934,-3.161726594883623,-9.124205627571381,-0.9207586047766488,-0.08531442033167697,2.764338719216469,2.6486259183783867,1.2006594913781155,3.8134832333241135,-1.2260439486889252,3.207223058571205,1.824197921293486,0.7435822618910457,-4.422611327432309,0.412179867340698,-4.569012226093776,-1.4466096679745892,4.462704087944302,1.4566774235655378,-7.9397627404622835,1.7755011874858617,2.911065721070462,4.235882394486137,-3.8741694956748085,0.369972896552676,2.3479280473977084,-6.172291501850353,-5.165844783762488,-0.6447837954201798,0.32696254072196085
2.9527582460974284,-3.3657531768211006,1.1804162202111639,10.326115049486162,5.0111780798120185,-0.10080856647497738,0.7454148032033022,-12.585811424201216,-12.101010629958495,0.6000855900796656,-7.732355782745732,-1.4749046036813547,-1.6948948908012922,-7.342938744268683,1.0269750664224484,-3.7514604335078836,-15.095651636527776,-3.3638949579654107,-2.1062103392453997,2.6486259183783867,5.376559228823517,1.1208918262665248,7.834600564470635,-1.7809628401952815,4.881609538437299,4.3735618549275985,0.6069278210775337,-7.071705577734482,0.33127733585329616,-6.886206697035037,-1.0063138993838308,6.659867621184631,3.415216377492317,-16.023783346737353,2.748537365524017,3.2415013992550987,4.480205967918384,-7.135245947781478,-2.195544170488694,4.203947164575053,-10.924450733192902,-5.947799235313024,0.5578689897182869,1.21326329865926
0.011292049673602807,-1.0821941812441602,0.901016659885486,2.377116060871528,0.9909525749515177,-0.5830528509400802,0.3927281202964629,-3.1935191804456666,-2.804862702114107,0.3019356107968846,-1.8434392147809424,-1.2267776967107942,-0.0853180965811569,-1.7518840736796946,0.14370079358080431,-1.3657947508089237,-3.896783956652951,-0.3741517287864148,-0.015896838830195537,1.2006594913781155,1.1208918262665248,0.522059425925333,1.6123804070273229,-0.5261095791215467,1.3734947669143063,0.7650460764662269,0.3248356254807279,-1.8908325948125806,0.17981366514682692,-1.957952491479245,-0.6317660874437439,1.9133258120642644,0.6116299680973863,-3.361308721550649,0.7600287309536703,1.2599035314948552,1.834945887281552,-1.647226376496467,0.1867243140327398,0.9996684801222413,-2.6281988277783013,-2.232791579506809,-0.29213320213023963,0.13238343109324302
4.345115512495478,-4.877153168752008,1.6730619240058435,15.032239650616487,7.306202048502424,-0.1074071624213058,1.0700164638168757,-18.300529108791302,-17.613151498083038,0.8618773769533883,-11.25235159251794,-2.08593083446617,-2.4886410695275742,-10.685974386497831,1.5017838355348432,-5.425398040871423,-21.944849879796006,-4.9250519283228416,-3.099683251534916,3.8134832333241135,7.834600564470635,1.6123804070273229,11.419254647690769,-2.5842950362298382,7.089888860376577,6.383471745988343,0.8689371297930136,-10.276795799582224,0.47463957051723143,-9.998705952722958,-1.4374581292521624,9.668228182265363,4.983978460157537,-23.34797807835984,3.992638075989421,4.68195788915621,6.465828370194558,-10.386136167796442,-3.244081026603883,6.116912356097841,-15.895565247089,-8.597998147154613,0.8415655900076449,1.7771172491633542
-0.6528702594728131,1.319169595276376,-0.7427847548440007,-3.5414210632516747,-1.630973869294857,0.33559891756615784,-0.37474621759822657,4.47558640252261,4.159688366571268,-0.29383509368112526,2.686008783018139,0.983558620781115,0.41723533546836733,2.551772325943959,-0.3025654753480535,1.5563978359358475,5.403486879961065,0.938319411929354,0.47015199450951844,-1.2260439486889252,-1.7809628401952815,-0.5261095791215467,-2.5842950362298382,0.6733092187746144,-1.8089221514068072,-1.369790992891279,-0.3069263946873487,2.5669320751734617,-0.16916412128332564,2.5622338805363607,0.5606908685465836,-2.4883970929006773,-1.077339633826442,5.31861681866375,-1.0111700655969418,-1.387532564650655,-1.968847593025319,2.449203051310271,0.3802999800624818,-1.4586041515245882,3.8076931597352996,2.5044664043870273,0.03494810927101532,-0.33729947951206113
1.932098538534867,-3.5257751585953776,1.8808293859569443,9.655210563415581,4.4835379993880915,-0.78752580814737,0.9716956082390587,-12.13415441286267,-11.335232299366655,0.7636091725392007,-7.30914769233317,-2.4804255229943744,-1.2069034189825631,-6.943729765284291,0.8461114529071577,-4.128572057767439,-14.635019741586843,-2.6493940341356663,-1.389417333403622,3.207223058571205,4.881609538437299,1.3734947669143063,7.089888860376577,-1.8089221514068072,4.87581478170154,3.789319914828002,0.7933745971399098,-6.939092814097154,0.43731737992221226,-6.900987430732701,-1.4379381365667157,6.697625758167602,2.9770575579538034,-14.573711565172541,2.7282843371710035,3.665391226224793,5.184923333861216,-6.675904734910865,-1.1940041534459278,3.968801562976729,-10.3555782785213,-6.6314352811612665,4.7163116402577595e-4,0.9536123931626936
2.7099143843519404,-2.5442394976300733,0.6268314096125349,8.285289026554127,4.1037518048524335,0.20430166774002545,0.4853248266892406,-9.947558571804878,-9.70010980110457,0.39807908831117333,-6.171812435529631,-0.7310393353895375,-1.515285129105723,-5.860128449899804,0.8711103184007274,-2.7543548499278616,-11.89764582264964,-2.9030289489800656,-1.9288294640097696,1.824197921293486,4.3735618549275985,0.7650460764662269,6.383471745988343,-1.369790992891279,3.789319914828002,3.6324395423248137,0.39315401033573294,-5.539978840622652,0.21313975078813904,-5.335280475217738,-0.6033518679108941,5.150009133511636,2.8292040915549395,-13.024185548990301,2.140412161015262,2.3394188819886494,3.185262421270554,-5.722920156943191,-2.11451195489467,3.3570426680218746,-8.707557195908466,-4.33222329041355,0.6619262104827661,1.048185587191919
-0.08030968048112984,-0.6415284752950116,0.5831343580976952,1.3185788589729297,0.5288613256347724,-0.39660855144137525,0.24626753052021125,-1.8104487209514322,-1.5601920552027007,0.18902574725920546,-1.0306520682680973,-0.7949258495184498,-0.007734467982203093,-0.9788670126811252,0.06712634225753476,-0.8238133902727005,-2.2177518717202593,-0.15552265452651157,0.05260186281108592,0.7435822618910457,0.6069278210775337,0.3248356254807279,0.8689371297930136,-0.3069263946873487,0.7933745971399098,0.39315401033573294,0.20625657379500892,-1.082518128358479,0.1136214158400442,-1.1344405667336217,-0.4017596779917957,1.1112229749268123,0.31657244456235517,-1.8236737492527648,0.4379537192272944,0.7669455598038105,1.1223783538500962,-0.9152428599239263,0.1929029531527337,0.5594899778979268,-1.4723714450976215,-1.3508559826831286,-0.21673679686252495,0.05369344434521607
-3.0077646126576356,4.97697782316453,-2.499616992680398,-13.908665122822972,-6.513521471398188,0.9469174192900822,-1.3252557437027772,17.380770210616216,16.323991035543656,-1.0452799279131268,10.507571686915064,3.274604158777515,1.840903132701339,9.981246004662648,-1.2495535811467264,5.779625016724998,20.9419768863109,3.9508139447857378,2.1583140523263595,-4.422611327432309,-7.071705577734482,-1.8908325948125806,-10.276795799582224,2.5669320751734617,-6.939092814097154,-5.539978840622652,-1.082518128358479,9.907314617393393,-0.5956023864319343,9.815942463364467,1.9365737948776596,-9.520973357651442,-4.347097448853156,21.105351166858178,-3.887240249845875,-5.108847602725838,-7.199492391537886,9.616080150092909,1.952787271859406,-5.707235959501421,14.879333624908021,9.263136901694628,-0.1417617273749509,-1.4224080838144262
-0.0500473619214932,-0.35351770317611597,0.3242347257922456,0.7223494299881286,0.2881300290102339,-0.2220040322823036,0.13702604298989238,-0.9941660953610265,-0.8539550340809849,0.10487304295126844,-0.5652520160277765,-0.4437627585488395,-0.0015279550632489333,-0.5372396555675469,0.036218080235696413,-0.45527349350567076,-1.2179585254556693,-0.08166654151341991,0.03271831427467504,0.412179867340698,0.33127733585329616,0.17981366514682692,0.47463957051723143,-0.16916412128332564,0.43731737992221226,0.21313975078813904,0.1136214158400442,-0.5956023864319343,0.06295038668037983,-0.6248055875794915,-0.22396686528476276,0.6118679589524045,0.1718873377079424,-0.9953000916011439,0.24113825120202917,0.42403410241256573,0.6219186075530673,-0.5009726136820949,0.11210768031844384,0.3063631620111157,-0.8077122426722492,-0.7476144197380586,-0.12243525969495474,0.028441625183672437
-2.6843634543452652,5.000433027828237,-2.6991072372643248,-13.634581777924815,-6.320911663827156,1.149513236633701,-1.386507826617653,17.155342688557795,16.009975330579916,-1.0894189263245349,10.325565943273833,3.560638423690583,1.6841612137966804,9.808816554377657,-1.1882648483630789,5.864228399835753,20.696008306710386,3.714802164004031,1.9304456203417746,-4.569012226093776,-6.886206697035037,-1.957952491479245,-9.998705952722958,2.5622338805363607,-6.900987430732701,-5.335280475217738,-1.1344405667336217,9.815942463364467,-0.6248055875794915,9.769792095511077,2.0564856012378416,-9.483620049512954,-4.192452684794008,20.560145204750953,-3.8609377076080493,-5.211234592802648,-7.375171045957787,9.428476543169047,1.6408272577893184,-5.607420597688171,14.630900671346462,9.421858704665109,0.02722057069399303,-1.336291194370358
0.33437985029022527,1.1869514177232254,-1.1800506195877434,-2.263179087528776,-0.8591306376552457,0.8432682005691744,-0.4884545596449956,3.1924054950877103,2.6775493226455995,-0.37154803242877993,1.7881168650214372,1.6269327634725939,-0.07603966961964224,1.700983796257496,-0.08972338525641878,1.557979368706749,3.9254098185710222,0.14983696782965766,-0.22587367247126686,-1.4466096679745892,-1.0063138993838308,-0.6317660874437439,-1.4374581292521624,0.5606908685465836,-1.4379381365667157,-0.6033518679108941,-0.4017596779917957,1.9365737948776596,-0.22396686528476276,2.0564856012378416,0.8088180663711977,-2.0170167704578317,-0.49231974293832814,3.0287306634511313,-0.7896037740399685,-1.4625587316273,-2.161307784993649,1.5693449370854182,-0.5356618913712909,-0.9669445991675052,2.5610211544777073,2.570998319794558,0.4949783250312332,-0.051267656397709166
2.5554946575756876,-4.862070534065059,2.6550108545009388,13.20127131502098,6.1095201911948624,-1.1497059287624067,1.3567673840170706,-16.629683086167343,-15.503108525704793,1.0655898954382088,-10.00149732798493,-3.50510364383309,-1.6107368529573542,-9.500774066511559,1.1442545433985938,-5.711008560081391,-20.066349823731045,-3.5705969299108578,-1.8382761369168177,4.462704087944302,6.659867621184631,1.9133258120642644,9.668228182265363,-2.4883970929006773,6.697625758167602,5.150009133511636,1.1112229749268123,-9.520973357651442,0.6118679589524045,-9.483620049512954,-2.0170167704578317,9.207242279843411,4.047809468465626,-19.88598636929722,3.746479346707672,5.079655476212779,7.193309506783806,-9.129479876624599,-1.5437030355368733,5.431612381313136,-14.173247343597678,-9.178873742108275,-0.05383652539419518,1.2839850747501629
2.086005555438736,-2.0055808026836024,0.5219071291960812,6.481210948169934,3.201911996797995,0.131515752261519,0.39091067697147214,-7.7963950272391065,-7.588605278601541,0.3196332101041932,-4.831245115836587,-0.6169418774471356,-1.169912645182069,-4.587394326346658,0.6767890235773044,-2.1798854792422744,-9.328096021660594,-2.2506763174883244,-1.4852928708422402,1.4566774235655378,3.415216377492317,0.6116299680973863,4.983978460157537,-1.077339633826442,2.9770575579538034,2.8292040915549395,0.31657244456235517,-4.347097448853156,0.1718873377079424,-4.192452684794008,-0.49231974293832814,4.047809468465626,2.204349514452648,-10.17134007128404,1.6808785846653915,1.8558294845699943,2.5323405427647616,-4.476887452877524,-1.6189715475555733,2.6275247974744995,-6.817314378665961,-3.432570592587148,0.496527614089021,0.8126535502224922
-8.757532669828928,10.058481626662115,-3.5650097657766513,-30.79094173779129,-14.931242715548054,0.34059000327765954,-2.2383417219020103,37.550115598345805,36.08546887514798,-1.8010505716169996,23.06143062967836,4.460655399844137,5.032325364398132,21.899620762771466,-3.055372422519632,11.222358204264232,45.04344332436666,10.002320152989304,6.247303144697324,-7.9397627404622835,-16.023783346737353,-3.361308721550649,-23.34797807835984,5.31861681866375,-14.573711565172541,-13.024185548990301,-1.8236737492527648,21.105351166858178,-0.9953000916011439,20.560145204750953,3.0287306634511313,-19.88598636929722,-10.17134007128404,47.757890162906236,-8.204867766791065,-9.70273495582369,-13.416363645618382,21.27700942517184,6.497982763352899,-12.538068752338381,32.58308580763061,17.796686838721815,-1.6336595390336377,-3.6071932509607216
1.116273676750564,-1.9676193505566306,1.0286669792579686,5.425612424664193,2.5269714335262075,-0.4171861421005084,0.5358838057999374,-6.805248159295625,-6.36931447870638,0.42170316165193017,-4.104399723089951,-1.353208782397164,-0.6920992897742066,-3.898893109007827,0.4795073473359161,-2.29739863879653,-8.205132567000712,-1.5070334949200548,-0.8020647455571454,1.7755011874858617,2.748537365524017,0.7600287309536703,3.992638075989421,-1.0111700655969418,2.7282843371710035,2.140412161015262,0.4379537192272944,-3.887240249845875,0.24113825120202917,-3.8609377076080493,-0.7896037740399685,3.746479346707672,1.6808785846653915,-8.204867766791065,1.5273121486674004,2.0367088052299116,2.8770262830732465,-3.75149397496417,-0.7026648735248103,2.228981381844004,-5.813959884719695,-3.687124269794986,0.019416205138603287,0.5424008719697958
0.5552591861725767,-2.800202623696446,2.0386738112083713,6.681113046751998,2.912454891020777,-1.2001538586580354,0.930844831048693,-8.743311211612347,-7.867343522891784,0.7201704167950221,-5.131832365171763,-2.7536623457042215,-0.47855249374634734,-4.876184018443824,0.4766342556611683,-3.4449703082509804,-10.621270498521213,-1.3651323528237576,-0.4125789736668732,2.911065721070462,3.2415013992550987,1.2599035314948552,4.68195788915621,-1.387532564650655,3.665391226224793,2.3394188819886494,0.7669455598038105,-5.108847602725838,0.42403410241256573,-5.211234592802648,-1.4625587316273,5.079655476212779,1.8558294845699943,-9.70273495582369,2.0367088052299116,3.138189491928739,4.527894124974409,-4.625636838822758,-0.01700477698672587,2.7841779686998147,-7.298189651115366,-5.5990068338498675,-0.49165158306906076,0.48757508895170165
0.5685631918093695,-3.9938505672231948,3.0309579327789202,9.30898037760714,4.007745826873112,-1.842986193314224,1.3651311976621043,-12.272250608592739,-10.964981252026359,1.0532154191224958,-7.1699327463400815,-4.109664027262399,-0.5733999321752554,-6.814242913711998,0.6364993943482657,-4.952363915839657,-14.925985150344342,-1.779539682961629,-0.43194006168119786,4.235882394486137,4.480205967918384,1.834945887281552,6.465828370194558,-1.968847593025319,5.184923333861216,3.185262421270554,1.1223783538500962,-7.199492391537886,0.6219186075530673,-7.375171045957787,-2.161307784993649,7.193309506783806,2.5323405427647616,-13.416363645618382,2.8770262830732465,4.527894124974409,6.55472781535217,-6.44511707326603,0.18913124882066906,3.8878382876089352,-10.203782049994558,-8.065517688992898,-0.8137486154835374,0.6353008536540223
-3.583934257406002,4.677601602484215,-1.9293706366403376,-13.82848080701192,-6.620753480633564,0.44533453208921125,-1.1208631626050245,17.018627690031327,16.21585686745764,-0.8943444548975431,10.390361774717144,2.4670039021862205,2.100828905144756,9.86767062057054,-1.3238343292629384,5.302175845533992,20.449331346311663,4.283114480673813,2.561038034260356,-3.8741694956748085,-7.135245947781478,-1.647226376496467,-10.386136167796442,2.449203051310271,-6.675904734910865,-5.722920156943191,-0.9152428599239263,9.616080150092909,-0.5009726136820949,9.428476543169047,1.5693449370854182,-9.129479876624599,-4.476887452877524,21.27700942517184,-3.75149397496417,-4.625636838822758,-6.44511707326603,9.557943188400197,2.5566524515364826,-5.647397353284136,14.692617592373132,8.443663829035499,-0.5140437468146632,-1.5434810533875198
-2.559563985221686,0.5238537503037293,0.9824829746697077,-3.712775912257361,-2.166655360135537,-1.2171924494270918,0.22794989462409895,3.8626555453245817,4.311318627886274,0.1506981036164884,2.637751889903387,-1.4588952657971108,1.2923771294939135,2.5007702745507867,-0.5760610665258455,0.22548332338034555,4.485497263400371,2.1060394199269834,1.8068519345493597,0.369972896552676,-2.195544170488694,0.1867243140327398,-3.244081026603883,0.3802999800624818,-1.1940041534459278,-2.11451195489467,0.1929029531527337,1.952787271859406,0.11210768031844384,1.6408272577893184,-0.5356618913712909,-1.5437030355368733,-1.6189715475555733,6.497982763352899,-0.7026648735248103,-0.01700477698672587,0.18913124882066906,2.5566524515364826,2.3410387098933603,-1.4415847827634467,3.6735971580004385,0.2041659096995444,-1.1426401447987136,-0.7641561580584131
2.050776061786655,-2.7943449417822372,1.2028343903509866,8.16983116831126,3.8953448464434275,-0.3189267243898933,0.6841680260791175,-10.084188701256917,-9.582493067838419,0.5447447505767535,-6.144825959836183,-1.545732940581214,-1.2107901925856126,-5.8357643017256,0.7728330629090566,-3.182678916063015,-12.123657749335257,-2.4905485576703765,-1.4661557215888563,2.3479280473977084,4.203947164575053,0.9996684801222413,6.116912356097841,-1.4586041515245882,3.968801562976729,3.3570426680218746,0.5594899778979268,-5.707235959501421,0.3063631620111157,-5.607420597688171,-0.9669445991675052,5.431612381313136,2.6275247974744995,-12.538068752338381,2.228981381844004,2.7841779686998147,3.8878382876089352,-5.647397353284136,-1.4415847827634467,3.339802971360466,-8.691605692793571,-5.074574515983523,0.26178318329923916,0.897116297606915
-5.2619364080037165,7.301930064680568,-3.19587463928634,-21.256750089605156,-10.116747719450053,0.890641499084757,-1.8050555169216425,26.269166207030917,24.9310002414602,-1.4348661918962364,15.995411390777779,4.121024498812752,3.1167464639964546,15.192286203354838,-2.001474412338158,8.334427086063439,31.58781538550194,6.436137911758229,3.764330743812809,-6.172291501850353,-10.924450733192902,-2.6281988277783013,-15.895565247089,3.8076931597352996,-10.3555782785213,-8.707557195908466,-1.4723714450976215,14.879333624908021,-0.8077122426722492,14.630900671346462,2.5610211544777073,-14.173247343597678,-6.817314378665961,32.58308580763061,-5.813959884719695,-7.298189651115366,-10.203782049994558,14.692617592373132,3.6735971580004385,-8.691605692793571,22.62723178818593,13.298038706746988,-0.6349578520772751,-2.3192842131039657
-1.1814854844182905,5.033839447861795,-3.561980639937323,-12.199481415753302,-5.358439596435418,2.0499389112968944,-1.6445202070135059,15.889770772287696,14.357924849857199,-1.2734459795925568,9.354692284563138,4.8062052278291985,0.9504414022903308,8.889585223924366,-0.8944955097886804,6.1626513372712015,19.285910018883175,2.5933121072715726,0.8718418904936642,-5.165844783762488,-5.947799235313024,-2.232791579506809,-8.597998147154613,2.5044664043870273,-6.6314352811612665,-4.33222329041355,-1.3508559826831286,9.263136901694628,-0.7476144197380586,9.421858704665109,2.570998319794558,-9.178873742108275,-3.432570592587148,17.796686838721815,-3.687124269794986,-5.5990068338498675,-8.065517688992898,8.443663829035499,0.2041659096995444,-5.074574515983523,13.298038706746988,10.00628469364616,0.79192915745608,-0.9281666979981987
1.163859810553335,0.18983473075738216,-0.8055761445290881,0.7523932102926276,0.5961607742977091,0.7867324358945388,-0.2597601627888703,-0.4972013143100797,-0.8561185755264852,-0.18846898400807519,-0.47321150626744213,1.1523099040151539,-0.5560992002696149,-0.4469697703288971,0.20597708942407922,0.43848007351203405,-0.5027395774898559,-0.8129926946939127,-0.8183947012493838,-0.6447837954201798,0.5578689897182869,-0.29213320213023963,0.8415655900076449,0.03494810927101532,4.7163116402577595e-4,0.6619262104827661,-0.21673679686252495,-0.1417617273749509,-0.12243525969495474,0.02722057069399303,0.4949783250312332,-0.05383652539419518,0.496527614089021,-1.6336595390336377,0.019416205138603287,-0.49165158306906076,-0.8137486154835374,-0.5140437468146632,-1.1426401447987136,0.26178318329923916,-0.6349578520772751,0.79192915745608,0.63737977579551,0.29628741592506963
0.918418230642087,-0.600523762185221,-0.007233785642161248,2.2368772348611383,1.1533090429734656,0.21176953733677797,0.0693441080436693,-2.6026434538452157,-2.6128423153351648,0.06158856200543695,-1.6486725082069715,0.05031270042826982,-0.494310835014581,-1.5652604762340638,0.2612489684819477,-0.602937162710773,-3.0937730108165544,-0.8956666131348731,-0.6521063133267786,0.32696254072196085,1.21326329865926,0.13238343109324302,1.7771172491633542,-0.33729947951206113,0.9536123931626936,1.048185587191919,0.05369344434521607,-1.4224080838144262,0.028441625183672437,-1.336291194370358,-0.051267656397709166,1.2839850747501629,0.8126535502224922,-3.6071932509607216,0.5424008719697958,0.48757508895170165,0.6353008536540223,-1.5434810533875198,-0.7641561580584131,0.897116297606915,-2.3192842131039657,-0.9281666979981987,0.29628741592506963,0.3243139688509113
