V1,V2,V3,V4,V5,V6,V7,V8,V9,V10,V11,V12,V13,V14,V15,V16,V17,V18,V19,V20,V21,V22,V23,V24,V25,V26,V27,V28,V29,V30,V31,V32,V33,V34,V35,V36,V37,V38,V39,V40,V41,V42,V43,V44
159.63262272509672,-117.21896934465961,364.96091509622624,172.59892355459058,-53.889959980330985,-85.26492674313364,14.724089575617516,21.492806910094934,96.0907375563565,-142.75637738659094,298.66973035725806,-152.05003870887316,-565.1478699221115,381.5879790516716,160.8922371701018,194.14968309003424,138.05743503522095,205.7063448552873,45.41662111439336,189.40551627870988,58.80057877937504,227.02383330207766,127.14709628969143,228.911119467985,156.39126122543576,49.17723840079301,13.819360898170705,34.96257590311719,7.6074788782483305,277.1573235597101,-66.33537311091072,-29.13518528088009,95.88193514353671,124.53723591360458,279.6123180744273,279.7397771311846,156.91686950981492,-17.944648136903616,-373.0182215238655,-182.87310570771302,528.245793033191,163.19088816932114,-593.5840607085255,354.8462826131197
-117.21896934465961,87.97560838035291,-273.59454837883897,-128.15399670496188,40.84134063106947,64.94399335145273,-11.482197405988858,-15.948397054210528,-72.228472527909,106.06656887219498,-222.92974754530456,115.4703990534017,420.5325248373138,-284.73597086954624,-119.68008256459633,-143.7198168469465,-102.6808200150646,-154.53281115634692,-35.12461051857015,-142.5337188648438,-43.274633814601,-169.85737051857768,-93.92283557612616,-170.4835183197485,-116.9655808076842,-35.844857302861314,-10.723863758581683,-25.790021621764154,-5.907443671913444,-206.08676466760352,50.39375172600124,21.133267747253164,-70.88391680596611,-94.49415427011502,-208.64625928621146,-209.66205362743148,-118.73693392441086,13.018143145482384,276.3031201838765,136.48579566668974,-394.14130966617876,-119.85871585945723,443.6290983812984,-264.1459168290758
364.96091509622624,-273.59454837883897,850.9117785929902,398.7797227066478,-126.95512771440754,-201.81866311759634,35.6358336758102,49.62638332390192,224.60847654776992,-330.03839203410337,693.4953282061289,-358.87590736247864,-1308.4209154573903,885.7805601292972,372.37587450136135,447.2861646219634,319.47813156060914,480.5643663432906,109.06495182073252,443.20674294323743,134.72367136604626,528.3342806794119,292.3392598812707,530.4078505145627,363.82140857645675,111.64768865857496,33.29255176878556,80.28344421944512,18.33517103597535,641.2303295974992,-156.62294463006816,-65.83899115676118,220.62651812082564,293.70380293786565,649.0737949127614,652.0787820094365,369.1011113992895,-40.56033460906342,-859.8853435783784,-424.5741904735119,1226.1323815715502,373.18301882240326,-1379.9542128770631,821.8304990777657
172.59892355459058,-128.15399670496188,398.7797227066478,187.68019335429906,-59.21796462625564,-93.92975429533347,16.41561570227955,23.361399996022396,105.1408820471856,-155.28078153386343,325.6275377114828,-167.23682440118444,-615.1960420515203,415.96734332576335,175.1111318948688,210.7900288791302,150.24186431600052,225.011506856585,50.42754737451206,207.36367767918136,63.65222855441442,247.81845093871064,137.8911168405286,249.29632667339084,170.68051002643344,52.976090320047334,15.369422036184305,37.89710079349294,8.460347551030823,301.59164821648864,-72.98083889194191,-31.306978824650024,104.03277908043779,136.92238284129806,304.80457390105397,305.62485265025106,172.27188935841554,-19.284629899214178,-405.1159622238786,-199.3607678282136,575.8160204187058,176.47518536127396,-647.5783710675942,386.3420539457622
-53.889959980330985,40.84134063106947,-126.95512771440754,-59.21796462625564,19.047431689654534,30.347639081620528,-5.417297099645121,-7.3670206639896385,-33.55643571015148,49.026313098060285,-103.24772842676899,53.87998867997163,194.50112408122214,-131.8571798317338,-55.346942001197164,-66.31850522750884,-47.4770636755679,-71.7743025051656,-16.519208570901846,-66.25124621396908,-19.91764101039836,-78.75353480877992,-43.29710361787575,-78.88103498948578,-54.21990912785773,-16.423416506313217,-5.050129166883429,-11.885378362324335,-2.779796251456595,-95.28722561926797,23.5213733480173,9.659305139080958,-32.69312227208695,-44.0800882410764,-96.62069420307775,-97.278219861430415,-55.31886089756679,5.953719847247681,127.53647807184036,63.201372556285556,-182.51479467228225,-55.11441434149372,205.57677362710683,-122.18989294479657
-85.26492674313364,64.94399335145273,-201.81866311759634,-93.92975429533347,30.347639081620528,48.41074760893715,-8.687054861078249,-11.684489196446942,-53.37531247805095,77.77635440146088,-163.970487309588,85.90316125422356,308.67379075793747,-209.3901285406936,-87.82676494569164,-105.12116867597702,-75.34155167695144,-114.15131375867543,-26.438217204494052,-105.4084068092193,-31.528036684648406,-125.13564654629404,-68.59890167874872,-125.20878760104146,-86.14688410477206,-25.939604712237117,-8.08878184657457,-18.82054864784607,-4.4557801264273085,-151.1957256724036,37.500105736365065,15.240327063114343,-51.8030764077271,-70.26053733364054,-153.43598131335665,-154.63548742374024,-88.12590579549544,9.391455948166122,202.18635102382223,100.37733880927631,-289.83079140866107,-87.20143181301597,326.58101823453137,-193.93416967877255
14.724089575617516,-11.482197405988858,35.6358336758102,16.41561570227955,-5.417297099645121,-8.687054861078249,1.59559834472145,2.0417973599823864,9.450439078548383,-13.602967025814287,28.82069973282517,-15.373212061473804,-54.07506018509262,36.79207628922304,15.379503822913009,18.311082170788314,13.193605266431605,20.19917201062729,4.814664368456637,18.686351099249883,5.4567550797936,22.049276424084784,11.923454417670808,21.95414784181321,15.17408720680915,4.440940844347131,1.4781455150199376,3.2638738898643305,0.8159218729397345,26.466782599264878,-6.710908161709644,-2.595431388034311,9.009764813147784,12.559782141011144,26.961092610358506,27.299464936660918,15.712750822543763,-1.5994471379819868,-35.244941086177526,-17.644577246155,50.9227258570198,15.059068272375058,-57.48351384321887,33.989430504000524
21.492806910094934,-15.948397054210528,49.62638332390192,23.361399996022396,-7.3670206639896385,-11.684489196446942,2.0417973599823864,2.9095946184681236,13.083399852760348,-19.328457307899896,40.52867385910436,-20.80783080402828,-76.57323788538085,51.772282413258544,21.79524765907061,26.23954458065574,18.701728496880758,27.999242759114157,6.2707687490785196,25.803942750431123,7.924242268372668,30.84131724931838,17.165704916642685,31.02897810957645,21.242704498643718,6.597258774475794,1.9109699113645917,4.7171020165060655,1.0526745754397917,37.54046428660693,-9.079093288183978,-3.900264786007522,12.949353979607185,17.03358191588141,37.93601954146516,38.03544420585733,21.434256594374073,-2.4023034941387738,-50.43034043765376,-24.8154844635739,71.66759214031319,21.973049107326954,-80.59825521115339,48.08760030528105
96.0907375563565,-72.228472527909,224.60847654776992,105.1408820471856,-33.55643571015148,-53.37531247805095,9.450439078548383,13.083399852760348,59.30821255896933,-87.0233758295519,182.96132812880538,-94.87770865972217,-345.0637191284183,233.681656574137,98.20035603374066,117.88630009583676,84.24861349339544,126.88375779726043,28.897235452174478,117.04557270913325,35.48152784262622,139.42838811895007,77.02612260040952,139.8981968901694,96.00860138879644,29.36929716620619,8.823882354145054,21.151465547758253,4.8595117923201006,169.09419830687375,-41.41055515627726,-17.308686681384273,58.13811162831702,77.64047272077086,171.23443419470027,172.11948665319608,97.53772912859264,-10.662758809906329,-226.64708002891746,-112.01104296143095,323.4683841294682,98.25979731949433,-364.1215179535782,216.74646455661193
-142.75637738659094,106.06656887219498,-330.03839203410337,-155.28078153386343,49.026313098060285,77.77635440146088,-13.602967025814287,-19.328457307899896,-87.0233758295519,128.47833020819292,-269.45875042822524,138.4640572788113,509.0302144910132,-344.21335124839726,-144.89070519681925,-174.38414572163623,-124.31270262764417,-186.2356055591474,-41.77379036701787,-171.63740792903437,-52.650439660246974,-205.08674955081906,-114.07101020691195,-206.2783511529052,-141.2482728496783,-43.805379445249436,-12.73388136534241,-31.347432579630254,-7.009721851356075,-249.53913425446729,60.42348871881743,25.883456708757418,-86.06295017391827,-113.36122757080005,-252.22708030759674,-252.9400452355902,-142.6176144030463,15.945057387831442,335.156981726801,164.9716920573582,-476.4877203603014,-145.9620089648449,535.8986662008738,-319.67511788382075
298.66973035725806,-222.92974754530456,693.4953282061289,325.6275377114828,-103.24772842676899,-163.970487309588,28.82069973282517,40.52867385910436,182.96132812880538,-269.45875042822524,565.6901570799677,-291.7435204324476,-1067.9409470634748,722.5781517288448,303.95418337208304,365.4573803669509,260.7841012001193,391.50016853627784,88.35110231968217,360.94612042127375,110.20206703013196,430.76225433548495,238.95090446805318,432.85128279884407,296.6545847435095,91.50569420330706,26.950367990283297,65.64405472563642,14.84055630407959,523.4527129412154,-127.31956813901971,-54.01537226201214,180.3073665092781,238.8032067500309,529.4797951101165,531.4696794967156,300.26468459135214,-33.27250081235138,-702.4804813172354,-346.33628990130353,1000.2352750569647,305.3864415846836,-1125.3481500281182,670.7291680201886
-152.05003870887316,115.4703990534017,-358.87590736247864,-167.23682440118444,53.87998867997163,85.90316125422356,-15.373212061473804,-20.80783080402828,-94.87770865972217,138.4640572788113,-291.7435204324476,152.50551816759682,549.4280573111611,-372.56739895534656,-156.3317778875633,-187.2419254418461,-134.1200428793865,-202.92662034889267,-46.82570606443197,-187.34434326989484,-56.200238121041515,-222.57103728710223,-122.22540272885068,-222.84123194812236,-153.23515682606094,-46.3047747407327,-14.320765548266946,-33.53388594419613,-7.892795768571332,-269.1495569436178,66.5660343707194,27.22799980390726,-92.28189837579849,-124.7396760045707,-273.0082273917698,-274.9857094251096,-156.52045006831108,16.77361004908623,360.10225296175906,178.61146395626884,-515.7009424274227,-155.48909720381104,580.9723305551126,-345.17980373009965
-565.1478699221115,420.5325248373138,-1308.4209154573903,-615.1960420515203,194.50112408122214,308.67379075793747,-54.07506018509262,-76.57323788538085,-345.0637191284183,509.0302144910132,-1067.9409470634748,549.4280573111611,2016.9992690111912,-1364.1816138406532,-574.1023293318972,-690.7410119499879,-492.56904419286946,-738.4285529582005,-165.96589318647634,-680.6297891428395,-208.46267228697312,-812.9453133901435,-451.76957879157044,-817.4175091785925,-559.8824232381717,-173.33205775228672,-50.60207505202317,-124.13571083527943,-27.860325654634924,-988.7344889571697,239.76641972330373,102.38596264937621,-340.8599231794413,-449.78807316409774,-999.6231376596943,-1002.7546454631158,-565.7656399488338,63.06728687659588,1327.6177196986578,653.8360231989537,-1888.399975236724,-577.8433925821073,2124.104866101404,-1266.7242255593178
381.5879790516716,-284.73597086954624,885.7805601292972,415.96734332576335,-131.8571798317338,-209.3901285406936,36.79207628922304,51.772282413258544,233.681656574137,-344.21335124839726,722.5781517288448,-372.56739895534656,-1364.1816138406532,922.9837667670295,388.27321466852504,466.864889228966,333.12556160083136,500.0367104790237,112.79994255319673,460.99907645869257,140.79401163174313,550.2133148903827,305.26765938271245,552.9128198215384,378.91843168838477,116.92074257655702,34.40753279332493,83.8628817552799,18.945806499752322,668.6610515050414,-162.59009250582724,-69.0208912182845,230.3466885039576,304.96594833532885,676.3311239587798,678.831132486815,383.47069001398637,-42.51818427184446,-897.4006611037648,-442.38618786255284,1277.6497215274205,390.16882800153843,-1437.42807069082,856.7825230320534
160.8922371701018,-119.68008256459633,372.37587450136135,175.1111318948688,-55.346942001197164,-87.82676494569164,15.379503822913009,21.79524765907061,98.20035603374066,-144.89070519681925,303.95418337208304,-156.3317778875633,-574.1023293318972,388.27321466852504,163.41055985424958,196.62281697870114,140.20084777491968,210.14941737802243,47.20992181666631,193.69337308090073,59.34675404454917,231.3708583654657,128.6047217582926,232.65849456462553,159.34704233987947,49.351326887954635,14.393794909007568,35.33837673313166,7.923694111423966,281.4279238506102,-68.22185093486674,-29.15232792102834,97.0322190786129,127.98486889054283,284.51331891674033,285.38326737874576,160.9920650668035,-17.959150241087887,-377.9105590689616,-186.08965338188912,537.476608663955,164.5075700735386,-604.5444874520417,360.5485388155645
194.14968309003424,-143.7198168469465,447.2861646219634,210.7900288791302,-66.31850522750884,-105.12116867597702,18.311082170788314,26.23954458065574,117.88630009583676,-174.38414572163623,365.4573803669509,-187.2419254418461,-690.7410119499879,466.864889228966,196.62281697870114,236.84711433537174,168.7030595446749,252.30851439861453,56.31681067163239,232.46378225112622,71.57738737755675,278.03785485879587,154.9800492816052,279.8774910353384,191.5038712241392,59.65336238983022,17.1558202682105,42.60261978218809,9.443496393967274,338.66052132364274,-81.7079941817521,-35.27735908223523,116.9121320600368,153.32006439965957,342.0994410057389,342.8102747111204,192.97569739593808,-21.727428483196327,-455.15085617901696,-223.7509712206932,646.2792806429505,198.50409766874745,-726.6561064558787,433.76026619895134
138.05743503522095,-102.6808200150646,319.47813156060914,150.24186431600052,-47.4770636755679,-75.34155167695144,13.193605266431605,18.701728496880758,84.24861349339544,-124.31270262764417,260.7841012001193,-134.1200428793865,-492.56904419286946,333.12556160083136,140.20084777491968,168.7030595446749,120.29385927487843,180.29318621801374,40.49640086303214,166.17553768154272,50.9198757922788,198.5036459756095,110.34521370076,199.61600048785294,136.71345094075104,42.34872353266165,12.346754439480959,30.317878107425095,6.799767966270906,241.46151786970418,-58.525386546791246,-25.019062064538634,83.25034698329864,109.79534306178593,244.10294847562625,244.84579713125908,138.11809155131914,-15.40991947009254,-324.246494647434,-159.66819149268068,461.1376843058796,141.15364919620833,-518.6809855362376,309.3441139533896
205.7063448552873,-154.53281115634692,480.5643663432906,225.011506856585,-71.7743025051656,-114.15131375867543,20.19917201062729,27.999242759114157,126.88375779726043,-186.2356055591474,391.50016853627784,-202.92662034889267,-738.4285529582005,500.0367104790237,210.14941737802243,252.30851439861453,180.29318621801374,271.4606218265015,61.776100003714724,250.39886351927922,75.95307172295536,298.32997521029665,164.86946951312768,299.3703448037339,205.42781461074455,62.88467266441127,18.862805675750554,45.27287694415904,10.388231769106282,361.86365166629776,-88.56733896362843,-37.06526672740313,124.43702047487932,166.06339276868988,366.41232420830397,368.26215874151984,208.63785298544596,-22.834054962916376,-485.0783546348614,-239.68174207814894,692.1657675033134,210.34755810941968,-779.1216666401839,463.82926923117697
45.41662111439336,-35.12461051857015,109.06495182073252,50.42754737451206,-16.519208570901846,-26.438217204494052,4.814664368456637,6.2707687490785196,28.897235452174478,-41.77379036701787,88.35110231968217,-46.82570606443197,-165.96589318647634,112.79994255319673,47.20992181666631,56.31681067163239,40.49640086303214,61.776100003714724,14.579830161626866,57.11249011131471,16.8196051280695,67.53495200139469,36.693936736016646,67.36353756013114,46.48125257480197,13.742858022436717,4.469466763284391,10.057738821716097,2.4637809978591823,81.25416175858825,-20.446288970028938,-8.045803817701604,27.724986858749087,38.27623433546459,82.65692638077284,83.5547885088003,47.92235944149273,-4.957359052972814,-108.3644288422232,-54.084200733354514,156.1255514361078,46.45524255779923,-176.12419928397944,104.30023067957916
189.40551627870988,-142.5337188648438,443.20674294323743,207.36367767918136,-66.25124621396908,-105.4084068092193,18.686351099249883,25.803942750431123,117.04557270913325,-171.63740792903437,360.94612042127375,-187.34434326989484,-680.6297891428395,460.99907645869257,193.69337308090073,232.46378225112622,166.17553768154272,250.39886351927922,57.11249011131471,231.00606654149627,69.94496661627639,275.0974231392871,151.8732037105611,275.95847125535556,189.4255318504052,57.86674547361888,17.442440698665997,41.70048821415556,9.607295021118532,333.5221564900801,-81.76907884581553,-34.09564605251166,114.63480283510506,153.29860465027585,337.80515723055953,339.63054075223675,192.55954655718747,-21.00362257036407,-446.94793690644156,-220.97724816877033,638.1247547853137,193.68108575440834,-718.3884446171195,427.5359750278638
58.80057877937504,-43.274633814601,134.72367136604626,63.65222855441442,-19.91764101039836,-31.528036684648406,5.4567550797936,7.924242268372668,35.48152784262622,-52.650439660246974,110.20206703013196,-56.200238121041515,-208.46267228697312,140.79401163174313,59.34675404454917,71.57738737755675,50.9198757922788,75.95307172295536,16.8196051280695,69.94496661627639,21.666355449451796,83.78898739432363,46.865516452629734,84.44428518915156,57.716554051268325,18.10124719473066,5.11977838934462,12.886661738491965,2.817010609056416,102.22501506862304,-24.521302572718753,-10.71744717057151,35.34665818860502,46.03057724020118,103.16885095041982,103.26065106261686,57.97951388371067,-6.602403774914951,-137.5298085222614,-67.47064162513203,194.9047777186711,60.11598114106248,-219.04605516997088,130.8947984584114
227.02383330207766,-169.85737051857768,528.3342806794119,247.81845093871064,-78.75353480877992,-125.13564654629404,22.049276424084784,30.84131724931838,139.42838811895007,-205.08674955081906,430.76225433548495,-222.57103728710223,-812.9453133901435,550.2133148903827,231.3708583654657,278.03785485879587,198.5036459756095,298.32997521029665,67.53495200139469,275.0974231392871,83.78898739432363,328.10435273878164,181.75139746970953,329.52825565449996,225.94624816109862,69.4979920218748,20.608319091266367,49.92357106062458,11.347496742609625,398.4341852313252,-97.13659874732585,-41.00097996170917,137.15985209823816,182.1684803617988,403.1781021323817,404.8854421237659,228.98450926308053,-25.258226143307077,-534.4817197681001,-263.72146064459565,761.6318222253667,232.13748756884812,-857.0511459684468,510.5984396583984
127.14709628969143,-93.92283557612616,292.3392598812707,137.8911168405286,-43.29710361787575,-68.59890167874872,11.923454417670808,17.165704916642685,77.02612260040952,-114.07101020691195,238.95090446805318,-122.22540272885068,-451.76957879157044,305.26765938271245,128.6047217582926,154.9800492816052,110.34521370076,164.86946951312768,36.693936736016646,151.8732037105611,46.865516452629734,181.75139746970953,101.44075709373165,183.02915156321717,125.18931519132452,39.09142716298343,11.176775695212893,27.88233259660771,6.152686788752509,221.5094417975493,-53.32848980055155,-23.127596767844224,76.5143138126309,100.08875515295078,223.69078645612117,224.06012351519817,126.01590836335953,-14.247124864832951,-297.81420004980515,-146.30010488686727,422.5845656403249,129.99121386663148,-475.06620112309866,283.6889001000758
228.911119467985,-170.4835183197485,530.4078505145627,249.29632667339084,-78.88103498948578,-125.20878760104146,21.95414784181321,31.02897810957645,139.8981968901694,-206.2783511529052,432.85128279884407,-222.84123194812236,-817.4175091785925,552.9128198215384,232.65849456462553,279.8774910353384,199.61600048785294,299.3703448037339,67.36353756013114,275.95847125535556,84.44428518915156,329.52825565449996,183.02915156321717,331.2849622927275,226.9455961332079,70.18882647515836,20.54012313772111,50.29274193594756,11.309179187035976,400.68836776968476,-97.25090798594906,-41.45252420290995,138.10126501858318,182.42322308244277,405.15296382617976,406.4932225038408,229.43288286844066,-25.531507495739465,-537.9389814122511,-265.0081700114201,765.3796488433037,234.0578981988736,-860.9685582196254,513.3631497622214
156.39126122543576,-116.9655808076842,363.82140857645675,170.68051002643344,-54.21990912785773,-86.14688410477206,15.17408720680915,21.242704498643718,96.00860138879644,-141.2482728496783,296.6545847435095,-153.23515682606094,-559.8824232381717,378.91843168838477,159.34704233987947,191.5038712241392,136.71345094075104,205.42781461074455,46.48125257480197,189.4255318504052,57.716554051268325,225.94624816109862,125.18931519132452,226.9455961332079,155.59796922864146,47.88142286785991,14.182903413618277,34.386946121596985,7.810340998847588,274.40892602775364,-66.87480037493997,-28.251482127346712,94.47220041009085,125.41833680270717,277.65853331238776,278.81434908525085,157.65892837767646,-17.403204062485923,-368.1308555902458,-181.62108496347514,524.5179502208804,159.91111751781315,-590.2162805282406,351.65140447267237
49.17723840079301,-35.844857302861314,111.64768865857496,52.976090320047334,-16.423416506313217,-25.939604712237117,4.440940844347131,6.597258774475794,29.36929716620619,-43.805379445249436,91.50569420330706,-46.3047747407327,-173.33205775228672,116.92074257655702,49.351326887954635,59.65336238983022,42.34872353266165,62.88467266441127,13.742858022436717,57.86674547361888,18.10124719473066,69.4979920218748,39.09142716298343,70.18882647515836,47.88142286785991,15.188917345136257,4.175889930996883,10.756490879607735,2.297995891498508,85.02583054545204,-20.20145701688154,-9.013092336886169,29.472112376851847,37.939478348300064,85.67380980098905,85.58277730029486,47.84712488695835,-5.549358639993931,-114.5831863806645,-56.029507473045015,161.86137424157846,50.27192477132093,-181.77721769419017,108.81641452204646
13.819360898170705,-10.723863758581683,33.29255176878556,15.369422036184305,-5.050129166883429,-8.08878184657457,1.4781455150199376,1.9109699113645917,8.823882354145054,-12.73388136534241,26.950367990283297,-14.320765548266946,-50.60207505202317,34.40753279332493,14.393794909007568,17.1558202682105,12.346754439480959,18.862805675750554,4.469466763284391,17.442440698665997,5.11977838934462,20.608319091266367,11.176775695212893,20.54012313772111,14.182903413618277,4.175889930996883,1.3713452712736114,3.061202055991445,0.7561924600512273,24.770639476820755,-6.251927441137938,-2.4425759116596644,8.445078440699806,11.70413831927096,25.213883572699025,25.504594827239856,14.649499337174747,-1.5057928890910783,-33.01592887097246,-16.497757352501207,47.62285721711147,14.134759989989583,-53.73693204895034,31.803549398589045
34.96257590311719,-25.790021621764154,80.28344421944512,37.89710079349294,-11.885378362324335,-18.82054864784607,3.2638738898643305,4.7171020165060655,21.151465547758253,-31.347432579630254,65.64405472563642,-33.53388594419613,-124.13571083527943,83.8628817552799,35.33837673313166,42.60261978218809,30.317878107425095,45.27287694415904,10.057738821716097,41.70048821415556,12.886661738491965,49.92357106062458,27.88233259660771,50.29274193594756,34.386946121596985,10.756490879607735,3.061202055991445,7.670658816654337,1.6830543029795024,60.869627527356066,-14.636693685513032,-6.3651020313846995,21.034583929876295,27.466439215561433,61.4498215393433,61.532107202675014,34.58137218900203,-3.920431078320974,-81.85927265855126,-40.18637829303196,116.0919858737984,35.75025259094133,-130.4911356158471,77.94565365112341
7.6074788782483305,-5.907443671913444,18.33517103597535,8.460347551030823,-2.779796251456595,-4.4557801264273085,0.8159218729397345,1.0526745754397917,4.8595117923201006,-7.009721851356075,14.84055630407959,-7.892795768571332,-27.860325654634924,18.945806499752322,7.923694111423966,9.443496393967274,6.799767966270906,10.388231769106282,2.4637809978591823,9.607295021118532,2.817010609056416,11.347496742609625,6.152686788752509,11.309179187035976,7.810340998847588,2.297995891498508,0.7561924600512273,1.6830543029795024,0.41855446074409686,13.63803837986876,-3.443768513389278,-1.3450600350621693,4.6465193927118875,6.447652689904986,13.883672644185403,14.0470271007505,8.071982385281908,-0.8279172566091897,-18.17381814243296,-9.088890186788875,26.222605265126276,7.778089110337322,-29.59390548274345,17.51120320138573
277.1573235597101,-206.08676466760352,641.2303295974992,301.59164821648864,-95.28722561926797,-151.1957256724036,26.466782599264878,37.54046428660693,169.09419830687375,-249.53913425446729,523.4527129412154,-269.1495569436178,-988.7344889571697,668.6610515050414,281.4279238506102,338.66052132364274,241.46151786970418,361.86365166629776,81.25416175858825,333.5221564900801,102.22501506862304,398.4341852313252,221.5094417975493,400.68836776968476,274.40892602775364,85.02583054545204,24.770639476820755,60.869627527356066,13.63803837986876,484.69086519098306,-117.45447981319636,-50.23271802607406,167.1246477414697,220.34446900334984,489.9693096396041,491.4336742545264,277.1843616896165,-30.941351279158543,-650.8975377804708,-320.48021188299435,925.6113518937392,283.38145691668655,-1041.0871875334976,620.9403749654857
-66.33537311091072,50.39375172600124,-156.62294463006816,-72.98083889194191,23.5213733480173,37.500105736365065,-6.710908161709644,-9.079093288183978,-41.41055515627726,60.42348871881743,-127.31956813901971,66.5660343707194,239.76641972330373,-162.59009250582724,-68.22185093486674,-81.7079941817521,-58.525386546791246,-88.56733896362843,-20.446288970028938,-81.76907884581553,-24.521302572718753,-97.13659874732585,-53.32848980055155,-97.25090798594906,-66.87480037493997,-20.20145701688154,-6.251927441137938,-14.636693685513032,-3.443768513389278,-117.45447981319636,29.060692984711334,11.876990307572488,-40.268738503549876,-54.4507480776313,-119.14014526843941,-120.00921093911185,-68.31474382295679,7.316060610360258,157.13750776982644,77.9426269641383,-225.0533581447035,-67.84215829547628,253.53978094662673,-150.63156154158816
-29.13518528088009,21.133267747253164,-65.83899115676118,-31.306978824650024,9.659305139080958,15.240327063114343,-2.595431388034311,-3.900264786007522,-17.308686681384273,25.883456708757418,-54.01537226201214,27.22799980390726,102.38596264937621,-69.0208912182845,-29.15232792102834,-35.27735908223523,-25.019062064538634,-37.06526672740313,-8.045803817701604,-34.09564605251166,-10.71744717057151,-41.00097996170917,-23.127596767844224,-41.45252420290995,-28.251482127346712,-9.013092336886169,-2.4425759116596644,-6.3651020313846995,-1.3450600350621693,-50.23271802607406,11.876990307572488,5.355213627080463,-17.431892049054234,-22.31103688856333,-50.57455972801312,-50.47206875080099,-28.156507560899097,3.295681069400435,67.75134710498057,33.07797309045421,-95.55215552506999,-29.78012954135049,107.27160614365593,-64.27153043602988
95.88193514353671,-70.88391680596611,220.62651812082564,104.03277908043779,-32.69312227208695,-51.8030764077271,9.009764813147784,12.949353979607185,58.13811162831702,-86.06295017391827,180.3073665092781,-92.28189837579849,-340.8599231794413,230.3466885039576,97.0322190786129,116.9121320600368,83.25034698329864,124.43702047487932,27.724986858749087,114.63480283510506,35.34665818860502,137.15985209823816,76.5143138126309,138.10126501858318,94.47220041009085,29.472112376851847,8.445078440699806,21.034583929876295,4.6465193927118875,167.1246477414697,-40.268738503549876,-17.431892049054234,57.7192823972449,75.57092677374288,168.78994528983307,169.09382681185213,95.13214030097464,-10.73972456031909,-224.66581457016073,-110.38795626519796,318.869540739544,98.03332305262126,-358.48715572892354,214.0439373324529
124.53723591360458,-94.49415427011502,293.70380293786565,136.92238284129806,-44.0800882410764,-70.26053733364054,12.559782141011144,17.03358191588141,77.64047272077086,-113.36122757080005,238.8032067500309,-124.7396760045707,-449.78807316409774,304.96594833532885,127.98486889054283,153.32006439965957,109.79534306178593,166.06339276868988,38.27623433546459,153.29860465027585,46.03057724020118,182.1684803617988,100.08875515295078,182.42322308244277,125.41833680270717,37.939478348300064,11.70413831927096,27.466439215561433,6.447652689904986,220.34446900334984,-54.4507480776313,-22.31103688856333,75.57092677374288,102.03992231753556,223.4713453517167,225.04691515407313,128.04510892049433,-13.745930296291915,-294.8536683955029,-146.19268889443276,422.1289501203634,127.36010855861744,-475.5184896978155,282.57455093253736
279.6123180744273,-208.64625928621146,649.0737949127614,304.80457390105397,-96.62069420307775,-153.43598131335665,26.961092610358506,37.93601954146516,171.23443419470027,-252.22708030759674,529.4797951101165,-273.0082273917698,-999.6231376596943,676.3311239587798,284.51331891674033,342.0994410057389,244.10294847562625,366.41232420830397,82.65692638077284,337.80515723055953,103.16885095041982,403.1781021323817,223.69078645612117,405.15296382617976,277.65853331238776,85.67380980098905,25.213883572699025,61.4498215393433,13.883672644185403,489.9693096396041,-119.14014526843941,-50.57455972801312,168.78994528983307,223.4713453517167,495.5940974119278,497.42682898175406,280.99899366329976,-31.155650957008667,-657.5801622301623,-324.16517818685236,936.2187308392697,285.89887939918066,-1053.3000841951698,627.8210738852725
279.7397771311846,-209.66205362743148,652.0787820094365,305.62485265025106,-97.278219861430415,-154.63548742374024,27.299464936660918,38.03544420585733,172.11948665319608,-252.9400452355902,531.4696794967156,-274.9857094251096,-1002.7546454631158,678.831132486815,285.38326737874576,342.8102747111204,244.84579713125908,368.26215874151984,83.5547885088003,339.63054075223675,103.26065106261686,404.8854421237659,224.06012351519817,406.4932225038408,278.81434908525085,85.58277730029486,25.504594827239856,61.532107202675014,14.0470271007505,491.4336742545264,-120.00921093911185,-50.47206875080099,169.09382681185213,225.04691515407313,497.42682898175406,499.7098634717237,282.82857732329086,-31.092886332870098,-659.0327451534192,-325.38160319988657,939.665610241862,286.0386445752292,-1057.5348594098011,629.836804219693
156.91686950981492,-118.73693392441086,369.1011113992895,172.27188935841554,-55.31886089756679,-88.12590579549544,15.712750822543763,21.434256594374073,97.53772912859264,-142.6176144030463,300.26468459135214,-156.52045006831108,-565.7656399488338,383.47069001398637,160.9920650668035,192.97569739593808,138.11809155131914,208.63785298544596,47.92235944149273,192.55954655718747,57.97951388371067,228.98450926308053,126.01590836335953,229.43288286844066,157.65892837767646,47.84712488695835,14.649499337174747,34.58137218900203,8.071982385281908,277.1843616896165,-68.31474382295679,-28.156507560899097,95.13214030097464,128.04510892049433,280.99899366329976,282.82857732329086,160.73762225420055,-17.347158654208528,-371.0906726590351,-183.82712080657032,530.7993448832772,160.46210009985455,-597.8156134513152,355.4226372682926
-17.944648136903616,13.018143145482384,-40.56033460906342,-19.284629899214178,5.953719847247681,9.391455948166122,-1.5994471379819868,-2.4023034941387738,-10.662758809906329,15.945057387831442,-33.27250081235138,16.77361004908623,63.06728687659588,-42.51818427184446,-17.959150241087887,-21.727428483196327,-15.40991947009254,-22.834054962916376,-4.957359052972814,-21.00362257036407,-6.602403774914951,-25.258226143307077,-14.247124864832951,-25.531507495739465,-17.403204062485923,-5.549358639993931,-1.5057928890910783,-3.920431078320974,-0.8279172566091897,-30.941351279158543,7.316060610360258,3.295681069400435,-10.73972456031909,-13.745930296291915,-31.155650957008667,-31.092886332870098,-17.347158654208528,2.0314379924052255,41.73249540783451,20.371470141895628,-58.861794391875506,-18.342688338499936,66.07999451278367,-39.591021775627496
-373.0182215238655,276.3031201838765,-859.8853435783784,-405.1159622238786,127.53647807184036,202.18635102382223,-35.244941086177526,-50.43034043765376,-226.64708002891746,335.156981726801,-702.4804813172354,360.10225296175906,1327.6177196986578,-897.4006611037648,-377.9105590689616,-455.15085617901696,-324.246494647434,-485.0783546348614,-108.3644288422232,-446.94793690644156,-137.5298085222614,-534.4817197681001,-297.81420004980515,-537.9389814122511,-368.1308555902458,-114.5831863806645,-33.01592887097246,-81.85927265855126,-18.17381814243296,-650.8975377804708,157.13750776982644,67.75134710498057,-224.66581457016073,-294.8536683955029,-657.5801622301623,-659.0327451534192,-371.0906726590351,41.73249540783451,874.6916980220083,430.09091729604745,-1242.2662317124523,-381.38323472806127,1396.8343737491389,-833.7081127187071
-182.87310570771302,136.48579566668974,-424.5741904735119,-199.3607678282136,63.201372556285556,100.37733880927631,-17.644577246155,-24.8154844635739,-112.01104296143095,164.9716920573582,-346.33628990130353,178.61146395626884,653.8360231989537,-442.38618786255284,-186.08965338188912,-223.7509712206932,-159.66819149268068,-239.68174207814894,-54.084200733354514,-220.97724816877033,-67.47064162513203,-263.72146064459565,-146.30010488686727,-265.0081700114201,-181.62108496347514,-56.029507473045015,-16.497757352501207,-40.18637829303196,-9.088890186788875,-320.48021188299435,77.9426269641383,33.07797309045421,-110.38795626519796,-146.19268889443276,-324.16517818685236,-325.38160319988657,-183.82712080657032,20.371470141895628,430.09091729604745,212.05178431370214,-612.3776912506498,-186.97722884455536,688.9802647970379,-410.64804178316047
528.245793033191,-394.14130966617876,1226.1323815715502,575.8160204187058,-182.51479467228225,-289.83079140866107,50.9227258570198,71.66759214031319,323.4683841294682,-476.4877203603014,1000.2352750569647,-515.7009424274227,-1888.399975236724,1277.6497215274205,537.476608663955,646.2792806429505,461.1376843058796,692.1657675033134,156.1255514361078,638.1247547853137,194.9047777186711,761.6318222253667,422.5845656403249,765.3796488433037,524.5179502208804,161.86137424157846,47.62285721711147,116.0919858737984,26.222605265126276,925.6113518937392,-225.0533581447035,-95.55215552506999,318.869540739544,422.1289501203634,936.2187308392697,939.665610241862,530.7993448832772,-58.861794391875506,-1242.2662317124523,-612.3776912506498,1768.600693378231,540.1235148816826,-1989.7648848757258,1186.0199249541404
163.19088816932114,-119.85871585945723,373.18301882240326,176.47518536127396,-55.11441434149372,-87.20143181301597,15.059068272375058,21.973049107326954,98.25979731949433,-145.9620089648449,305.3864415846836,-155.48909720381104,-577.8433925821073,390.16882800153843,164.5075700735386,198.50409766874745,141.15364919620833,210.34755810941968,46.45524255779923,193.68108575440834,60.11598114106248,232.13748756884812,129.99121386663148,234.0578981988736,159.91111751781315,50.27192477132093,14.134759989989583,35.75025259094133,7.778089110337322,283.38145691668655,-67.84215829547628,-29.78012954135049,98.03332305262126,127.36010855861744,285.89887939918066,286.0386445752292,160.46210009985455,-18.342688338499936,-381.38323472806127,-186.97722884455536,540.1235148816826,166.8369559636348,-606.9340086293224,362.8159930486256
-593.5840607085255,443.6290983812984,-1379.9542128770631,-647.5783710675942,205.57677362710683,326.58101823453137,-57.48351384321887,-80.59825521115339,-364.1215179535782,535.8986662008738,-1125.3481500281182,580.9723305551126,2124.104866101404,-1437.42807069082,-604.5444874520417,-726.6561064558787,-518.6809855362376,-779.1216666401839,-176.12419928397944,-718.3884446171195,-219.04605516997088,-857.0511459684468,-475.06620112309866,-860.9685582196254,-590.2162805282406,-181.77721769419017,-53.73693204895034,-130.4911356158471,-29.59390548274345,-1041.0871875334976,253.53978094662673,107.27160614365593,-358.48715572892354,-475.5184896978155,-1053.3000841951698,-1057.5348594098011,-597.8156134513152,66.07999451278367,1396.8343737491389,688.9802647970379,-1989.7648848757258,-606.9340086293224,2238.8757579150174,-1334.0961410889577
354.8462826131197,-264.1459168290758,821.8304990777657,386.3420539457622,-122.18989294479657,-193.93416967877255,33.989430504000524,48.08760030528105,216.74646455661193,-319.67511788382075,670.7291680201886,-345.17980373009965,-1266.7242255593178,856.7825230320534,360.5485388155645,433.76026619895134,309.3441139533896,463.82926923117697,104.30023067957916,427.5359750278638,130.8947984584114,510.5984396583984,283.6889001000758,513.3631497622214,351.65140447267237,108.81641452204646,31.803549398589045,77.94565365112341,17.51120320138573,620.9403749654857,-150.63156154158816,-64.27153043602988,214.0439373324529,282.57455093253736,627.8210738852725,629.836804219693,355.4226372682926,-39.591021775627496,-833.7081127187071,-410.64804178316047,1186.0199249541404,362.8159930486256,-1334.0961410889577,795.5409629959232
