V1,V2,V3,V4,V5,V6,V7,V8,V9,V10,V11,V12,V13,V14,V15,V16,V17,V18,V19,V20,V21,V22,V23,V24,V25,V26,V27,V28,V29,V30,V31,V32,V33,V34,V35,V36,V37,V38,V39,V40,V41,V42,V43,V44
0.9758479944122191,-0.8875738840277778,0.27480852380617915,0.3727663724944846,-0.55046783243401,0.23961929578228175,-0.6442272468615425,-0.28539120686080927,-0.5846779111963806,-1.728156894862997,-0.8406743176892836,-0.660635181936169,-0.6994841313390786,-1.0762919087550136,-0.8156684605677799,-1.1883024830362956,1.1754723261091944,-1.497069389490966,0.9337964215222104,-0.834803278138224,1.3619728032870566,0.4188163358565569,-0.9579412924284737,-0.4630968017686716,-0.3917145971837148,0.3846448963967776,-0.02990375974713727,-0.4825154853915186,1.375210364942267,-0.4578882366705928,-0.021624189472325812,0.8122300353679879,-0.13917152597848959,0.7055081765048348,-1.0724253158997066,0.8606608662841699,-0.7695046574905137,-0.5259056970879465,-1.4165266973312414,-1.2036203317786018,0.9351022000712207,1.5570273008167197,0.05393646831344491,0.4591870594557088
-0.8875738840277778,1.2078296481261255,-0.3773158001540074,-0.0693640446660961,0.9580418484966057,-0.8619078868325825,0.8912582140912243,0.497341380056599,0.9173119644933516,2.3529053387079295,1.2575970844145812,0.7444148088351339,1.1830683563414885,1.5859550461685132,1.0661753858976584,1.6943833274343354,-1.1498445748745865,1.9411330130494147,-1.413826449010441,1.642368218223178,-2.0014919861594964,-0.4731823711623537,0.882075825732474,0.3786263671164,0.24724904679025575,-0.2397475137076971,0.005922601752416736,0.6388228060080164,-1.5146443369038305,0.7116225993397219,-0.4493594021655991,-1.0289467025740113,0.3653806190789892,-1.3070022089213396,0.7078184719196624,-0.7923415308565321,0.5068185945091775,0.6740427300166153,1.8774977870159661,1.793240621959369,-1.292406314479609,-1.9828666938602597,0.1228307777731101,-0.4770445263503444
0.27480852380617915,-0.3773158001540074,0.5141607980456284,0.09122484556921943,-0.3892230154671416,1.0318795178931406,0.03206647828375491,-0.2681185770575335,-0.3733804267997526,-0.6963621361634837,-0.19290546358671257,0.06029658755585196,-0.45211219098787897,-0.1710310170059749,0.03629654996383598,-0.3105006714005855,-0.358349099092345,-0.18065260559541238,0.21189211341992273,-0.9657123074815466,0.6859472084030578,0.2434885843263153,0.38521008846929583,0.20052187707927,0.3158857723984348,0.17801220632123235,0.11953960529870569,0.04837431770983505,0.24849575787260608,-0.20168281445300953,0.49266803007193094,-0.09539364138608714,-0.2473036970778366,0.6145451697347641,0.4836332258736989,-0.0664372457523368,0.4010699170223531,-0.015741710389177866,-0.12472481129340555,-0.3876490924637429,0.2796118550168983,-0.26622099780317027,-0.042830476187464786,-0.23545976617063472
0.3727663724944846,-0.0693640446660961,0.09122484556921943,0.4769383556048129,0.357497202939308,-0.28905859945848655,0.17037608010338212,0.21940969764310603,0.23364327848636643,0.07644689448177132,0.15497968211268784,0.0153399047777821,0.15914402919877668,0.3768826277023611,0.09303507474907116,0.04995703959866107,0.36584983046706393,0.07658925550277576,-0.38233385694036925,0.3132240068650127,-0.08655128884213335,0.1919703217021372,-0.18200551102366827,0.02337812217597932,-0.14724421645827201,0.273212034123721,-0.056321772828383194,0.0046085362325587196,0.21212705930339276,-0.0505442101343096,-0.25346572602854717,-0.022568036207281015,0.14316160550692197,-0.2643630006379003,-0.34131910126222725,0.36075813080411184,-0.4189626122200493,-0.008145498574517525,0.017093736496212663,0.18695995793753642,0.013612422502651359,-0.1410049376390473,0.05146113546949008,0.0685998233212592
-0.55046783243401,0.9580418484966057,-0.3892230154671416,0.357497202939308,1.5197538556363972,-1.4475053169441965,0.9476475407642093,0.992427830182683,1.290265239866757,2.357878954438617,1.2147490433215804,0.7323343872398075,1.362263137690486,1.9086921957716525,0.9506380406338818,1.4153388335275536,-0.2927070012711373,1.764370115853216,-1.855716046892547,1.994100873685559,-1.8982302511507763,-0.21382850481606794,0.48669062110486616,0.5283545663190051,0.009844188686940264,-0.027699953089748618,-0.17503041737616104,0.4498333219174555,-1.166960847169101,0.473435798979606,-0.6660430933539049,-0.8210496575510011,0.5360769262764543,-1.575446318417291,0.34393399028312865,-0.19379423595446582,-0.17629842131663745,0.5661780543508681,1.566277674627001,1.7904374516816137,-1.1176745709014075,-1.6735406542261106,0.01638293650415925,-0.24468365784328802
0.23961929578228175,-0.8619078868325825,1.0318795178931406,-0.28905859945848655,-1.4475053169441965,3.1654684927233436,-0.03726643120838212,-1.0887537164051475,-1.1827669458306374,-1.8373529927626213,-0.6417781046942341,0.0588866178935073,-1.6833487727677625,-0.8772642325994389,0.11659500414000225,-0.7724718502129938,-1.2630586971454485,-0.5243262225226328,1.0994857582575215,-2.9365569037456645,1.7293813915494354,0.42980029055342467,1.045179300864896,0.47049910849659027,0.9118992764539318,0.040095569215515804,0.3833947123537263,0.06984115596760684,0.20270109024977184,-0.4884389991873344,1.5232860083292734,-0.185915430205969,-0.8371742589787994,1.9669846993120144,1.521386202185943,-0.5336591069208013,1.5481896452349315,-0.1259576780355649,-0.5383158293413257,-1.27490899757675,0.8737855806564215,-0.5045271511621767,-0.28420058281921057,-0.48264607116561986
-0.6442272468615425,0.8912582140912243,0.03206647828375491,0.17037608010338212,0.9476475407642093,-0.03726643120838212,1.5856124909978213,0.7205488443535922,0.8742685524276673,2.366822926076536,1.4577021483299462,0.9252102594127486,1.0544284234228576,1.9008082428699618,1.5663558960296788,1.4161780120250629,-1.6442411614624188,2.1239505744743186,-1.6933426069049358,0.8450141917638575,-1.7587419410316416,-0.13106258203998786,1.2744659903124913,0.9566944100638823,0.8134469827197209,-0.19290105973786634,-0.016816685061542144,0.7054801570492656,-1.5396790014676132,0.7263308075696848,-0.18974395748458814,-1.5022771990960833,0.2631642848622683,-1.0844451862878632,1.4355943309324104,-1.0899620528779201,1.2017647384742844,0.663116200401243,2.065297204952499,1.812722759093175,-1.1831211428638553,-2.7843041105954907,-0.08485230792914213,-0.6515752185456763
-0.28539120686080927,0.497341380056599,-0.2681185770575335,0.21940969764310603,0.992427830182683,-1.0887537164051475,0.7205488443535922,0.8517389374085131,0.8153591979816279,1.5290995339841988,0.7497418398874781,0.3936881252056241,1.025127387920067,1.1317020796605464,0.5718283114421238,0.6149111135070348,-0.09339426509830737,0.958033160256831,-1.181990365208311,1.2178936690375202,-1.1317673666247188,-0.09291687837889155,0.16331789557373572,0.396447567650429,0.08196658744177147,-0.07496691985609287,-0.20225797850273064,0.19437934946935928,-0.5922894172955966,0.35264427446461366,-0.5119468906552617,-0.5241359041130502,0.39748386421997345,-1.0760932695299568,0.20704764100510403,-0.18572598817904512,-0.07297428317180256,0.27215176111239564,0.9272269190173508,1.0926893558980582,-0.6960390201197443,-0.9092813878314968,-0.03386710161977258,-0.08826518314769251
-0.5846779111963806,0.9173119644933516,-0.3733804267997526,0.23364327848636643,1.290265239866757,-1.1827669458306374,0.8742685524276673,0.8153591979816279,1.1294881959164411,2.1752885333809004,1.1198519290298992,0.6756423507288075,1.1590190088635477,1.6871980682159167,0.9232955492609881,1.3698749473368672,-0.41269908195021504,1.6543184097061259,-1.6056968957990965,1.7431101724179612,-1.7762505125579549,-0.23319022565623598,0.5090351618820377,0.49302485952810243,0.06201118631821983,-0.08369698526917842,-0.12315438981197561,0.4370439884393615,-1.1756944388405735,0.48370459248867287,-0.5697140451636643,-0.7984048781051132,0.43554837800111434,-1.3752641539703807,0.388302334301951,-0.2778949440108179,0.001193301152273689,0.541054817337167,1.459459676148599,1.6265125969143004,-1.0263448650177358,-1.6019402649511307,0.006200983296910324,-0.2398605853933132
-1.728156894862997,2.3529053387079295,-0.6963621361634837,0.07644689448177132,2.357878954438617,-1.8373529927626213,2.366822926076536,1.5290995339841988,2.1752885333809004,5.249861251660052,2.8208265840040285,1.6903658843608276,2.658797680792381,3.713977143362433,2.535442025169732,3.3621276972327014,-2.3437565472559796,4.202936223094089,-3.405908586296828,3.3690707717640653,-4.244244834428559,-0.7604347389223661,1.8764683782316491,1.2391047695931148,0.757457358454797,-0.49104961358948324,-0.12334896078534131,1.2940875245908379,-3.1898390908555903,1.5134153633851937,-0.9978381238979774,-2.4057190425040718,0.8312464888654932,-2.918823784845944,1.7659626302167475,-1.6706518066752125,1.2229505777813394,1.3963360771526765,4.030031684518026,3.9189164749220904,-2.69827951595283,-4.517361824638881,0.07192791958571484,-0.9681588498458259
-0.8406743176892836,1.2575970844145812,-0.19290546358671257,0.15497968211268784,1.2147490433215804,-0.6417781046942341,1.4577021483299462,0.7497418398874781,1.1198519290298992,2.8208265840040285,1.640910636838955,0.9982453291355766,1.3760074330070413,2.1469755063407527,1.5586074251482023,1.9070893882931128,-1.5619076408637835,2.4374368565166407,-1.9221476684424725,1.6101535926670012,-2.2729009477238553,-0.33761785387081145,1.2380783078002946,0.7659547150575702,0.5632059364437628,-0.18398128439459047,-0.008887505892237788,0.8084389887988066,-1.7704574066923189,0.8469442186381659,-0.44862907165286325,-1.4905954130386405,0.40454899941379996,-1.495221254233133,1.1559118290108101,-1.0128459339906366,0.8812764129254183,0.8116799281250041,2.355833044785987,2.1948790066074864,-1.4852676861974017,-2.841702210986879,0.05832255223306917,-0.6621247653125668
-0.660635181936169,0.7444148088351339,0.06029658755585196,0.0153399047777821,0.7323343872398075,0.0588866178935073,0.9252102594127486,0.3936881252056241,0.6756423507288075,1.6903658843608276,0.9982453291355766,0.8245346885174217,0.6968341168585148,1.4731135910194464,1.0619486819996986,1.2502297940642189,-1.2517909843390445,1.6992292148291062,-1.297339796927982,0.6883217330058156,-1.2668193256380544,-0.17413321482963706,1.180099183253142,0.7087605698643149,0.5295988642400282,-0.11337810168662514,0.05311400440434708,0.5889637557347575,-1.2787332533368598,0.3914805915326969,0.08264484707069265,-1.0335569451584095,0.12986104953302788,-0.6990778317160176,1.2407960689419186,-0.727182761162535,0.793435805017138,0.6080850358352289,1.588251328162339,1.3369344538003614,-0.9130800972510378,-2.0942488559738646,-0.050755511662814265,-0.6088709743026925
-0.6994841313390786,1.1830683563414885,-0.45211219098787897,0.15914402919877668,1.362263137690486,-1.6833487727677625,1.0544284234228576,1.025127387920067,1.1590190088635477,2.658797680792381,1.3760074330070413,0.6968341168585148,1.8002064665480173,1.8035331034420226,0.9800507825493424,1.45406873585335,-0.7585925800329507,1.8742775790602497,-1.794227922162287,2.159935735222137,-2.139423076916138,-0.4317487005442578,0.5745225697509542,0.36152206493891464,0.1468210278591688,-0.1654407636637252,-0.1858153228368865,0.5528043996386667,-1.2232670722623213,0.7824845075929072,-0.8179541534468421,-1.0036616638229003,0.6474317666090862,-1.8061221087571309,0.41616229893042567,-0.6691428266034974,0.0989947275215153,0.6060961817788657,1.9749767671693963,2.031271500171405,-1.469539418659539,-1.7912837752275856,0.1758211852965833,-0.39298178709855364
-1.0762919087550136,1.5859550461685132,-0.1710310170059749,0.3768826277023611,1.9086921957716525,-0.8772642325994389,1.9008082428699618,1.1317020796605464,1.6871980682159167,3.713977143362433,2.1469755063407527,1.4731135910194464,1.8035331034420226,3.1564906792255325,2.0411687247076937,2.526156184276864,-1.8134514360847969,3.331334311560602,-2.872243108559564,2.1979815443431,-2.914429898727705,-0.33451154652863346,1.7452180592896525,1.1785481838791185,0.6707131181495861,-0.11822595335634264,-0.04574434011016594,1.06225446345147,-2.337152075307244,0.8685570566287882,-0.44568467665489825,-1.9015415542214698,0.5616034891670495,-1.9811184944427784,1.6710212200521903,-1.0676122231408705,0.8815789272278209,1.1100162543747096,3.0810907618001413,2.929905727991469,-1.9053492334125564,-3.831169358987108,-0.008859268562518901,-0.9084003570387162
-0.8156684605677799,1.0661753858976584,0.03629654996383598,0.09303507474907116,0.9506380406338818,0.11659500414000225,1.5663558960296788,0.5718283114421238,0.9232955492609881,2.535442025169732,1.5586074251482023,1.0619486819996986,0.9800507825493424,2.0411687247076937,1.7113595271133817,1.8043545087710375,-1.8840354443675746,2.409516715389326,-1.7529451430421052,0.950118597195048,-1.9704322190246881,-0.20882224569026359,1.514011976551077,1.0003341495100238,0.8374975010568051,-0.19697138636802577,0.07321970645684014,0.835956092665258,-1.8284829589671932,0.7831372521975641,-0.11978156268208237,-1.6261378546642786,0.1916647044807166,-1.0825889294355768,1.5797976085416685,-1.1565994001106026,1.3442789202611312,0.8180889947559822,2.2785273851513743,1.9665040807496397,-1.2927545862764838,-3.1086081399165724,-0.05487867509902577,-0.7601684232462982
-1.1883024830362956,1.6943833274343354,-0.3105006714005855,0.04995703959866107,1.4153388335275536,-0.7724718502129938,1.4161780120250629,0.6149111135070348,1.3698749473368672,3.3621276972327014,1.9070893882931128,1.2502297940642189,1.45406873585335,2.526156184276864,1.8043545087710375,2.740836319675049,-1.8305377614573721,3.0365626600555715,-2.1820880024188476,2.1979719661198662,-2.885297862929966,-0.5355434118424576,1.5528989137200602,0.791872684854795,0.4840050916623764,-0.18611004044411517,0.11623568747927204,1.0423432408672733,-2.331162637094481,1.0111022020947982,-0.5150797251242831,-1.6889570037141717,0.37367997207996156,-1.741684900245376,1.219249421148581,-1.0498583872808396,0.9347052641660577,1.1279399929391085,2.815308383885889,2.6443441806231425,-1.8008217471104933,-3.379305786235264,0.1529118974910511,-0.807608391643878
1.1754723261091944,-1.1498445748745865,-0.358349099092345,0.36584983046706393,-0.2927070012711373,-1.2630586971454485,-1.6442411614624188,-0.09339426509830737,-0.41269908195021504,-2.3437565472559796,-1.5619076408637835,-1.2517909843390445,-0.7585925800329507,-1.8134514360847969,-1.8840354443675746,-1.8305377614573721,3.1453807409024406,-2.661950284750358,1.4217827489925567,-0.0240032255326421,1.7094089475534997,0.3746199334474722,-2.36853732297916,-1.1070471012105472,-1.3887927926304058,0.39895553246260984,-0.26474684083669087,-1.0924916794941175,2.1632702203476013,-0.8546836551620823,-0.539494619481511,1.980493839032953,0.05344905869146612,0.5293543895569361,-2.637128952447451,1.9966468035572844,-2.3658320150801564,-0.946931768235312,-2.748844215854317,-1.8813678189805307,1.461208992732191,3.745716236109379,0.040033089063576714,1.26642874720161
-1.497069389490966,1.9411330130494147,-0.18065260559541238,0.07658925550277576,1.764370115853216,-0.5243262225226328,2.1239505744743186,0.958033160256831,1.6543184097061259,4.202936223094089,2.4374368565166407,1.6992292148291062,1.8742775790602497,3.331334311560602,2.409516715389326,3.0365626600555715,-2.661950284750358,3.8888610903878336,-2.9331001909701233,2.176297040008884,-3.3443256325374553,-0.5471532084181107,2.284426314409408,1.3065939037252916,0.9718075298090113,-0.31501407486273403,0.07200453105355373,1.3219381120194567,-2.9270557613311947,1.1440055650708463,-0.30479266545110817,-2.3114357333741578,0.47888509362381376,-2.0106651814783425,2.2316295079796817,-1.641326801535179,1.552303210444299,1.340964746427286,3.678309990715894,3.2844285581623405,-2.2501360468980987,-4.563860523239254,0.020499987915476733,-1.189929970324554
0.9337964215222104,-1.413826449010441,0.21189211341992273,-0.38233385694036925,-1.855716046892547,1.0994857582575215,-1.6933426069049358,-1.181990365208311,-1.6056968957990965,-3.405908586296828,-1.9221476684424725,-1.297339796927982,-1.794227922162287,-2.872243108559564,-1.7529451430421052,-2.1820880024188476,1.4217827489925567,-2.9331001909701233,2.6786973156964855,-2.1695065885477613,2.6447860752617105,0.2991673647684501,-1.4335793498070608,-1.0381067315324926,-0.5270066496800239,0.09442694304677447,0.106954725284753,-0.9027015286194101,2.001836326322081,-0.7702646056266818,0.5099424683413402,1.6392166477718073,-0.5894796574758759,1.9260135681180293,-1.3726871633378512,0.8686214355024403,-0.5988407802091923,-0.9675233697007449,-2.7353146016392484,-2.6699206294353894,1.741180134575951,3.2830891450014454,0.0031843702253388662,0.7610888922655735
-0.834803278138224,1.642368218223178,-0.9657123074815466,0.3132240068650127,1.994100873685559,-2.9365569037456645,0.8450141917638575,1.2178936690375202,1.7431101724179612,3.3690707717640653,1.6101535926670012,0.6883217330058156,2.159935735222137,2.1979815443431,0.950118597195048,2.1979719661198662,-0.0240032255326421,2.176297040008884,-2.1695065885477613,3.596707474322538,-3.0124390405374455,-0.6226592633139637,0.07670279868390634,0.08988719986319367,-0.460217355309991,-0.0972043559249852,-0.23486612421483943,0.5502533792199723,-1.4811984341170847,0.9360774851450303,-1.4925464797915815,-0.822211884196494,0.8839731342550705,-2.561194862135807,-0.5093167928360312,-0.13304975429327764,-0.7377047357753838,0.7531331463251927,2.0483465451255003,2.5388289338038104,-1.7187053350938273,-1.573346297265273,0.31707078406752065,-0.08967054353032325
1.3619728032870566,-2.0014919861594964,0.6859472084030578,-0.08655128884213335,-1.8982302511507763,1.7293813915494354,-1.7587419410316416,-1.1317673666247188,-1.7762505125579549,-4.244244834428559,-2.2729009477238553,-1.2668193256380544,-2.139423076916138,-2.914429898727705,-1.9704322190246881,-2.885297862929966,1.7094089475534997,-3.3443256325374553,2.6447860752617105,-3.0124390405374455,3.575487477284427,0.6803514065361519,-1.3068269316282684,-0.7940388954028612,-0.41224463192671806,0.35781605455528415,0.07146473123353969,-1.0354893584597515,2.548011715289243,-1.2875677823714435,1.0080108366339924,1.8365324340527234,-0.6972974324433672,2.462190120285664,-1.0283719817360109,1.2014459246886569,-0.7682685159276423,-1.1318604381124002,-3.17866493470574,-3.1895474276736335,2.1860321166097045,3.4641601204538968,-0.1551089868928906,0.677349383115271
0.4188163358565569,-0.4731823711623537,0.2434885843263153,0.1919703217021372,-0.21382850481606794,0.42980029055342467,-0.13106258203998786,-0.09291687837889155,-0.23319022565623598,-0.7604347389223661,-0.33761785387081145,-0.17413321482963706,-0.4317487005442578,-0.33451154652863346,-0.20882224569026359,-0.5355434118424576,0.3746199334474722,-0.5471532084181107,0.2991673647684501,-0.6226592633139637,0.6803514065361519,0.28185503859243793,-0.21813620748088844,0.026683125125388674,-0.01061465677666093,0.17251464807095435,-0.0013323217115152708,-0.18228548595981559,0.5050593221291247,-0.2642754233097631,0.1683394542802704,0.23484805793524857,-0.1340968117388577,0.4374202112855536,-0.15100925685050692,0.3301356561599772,-0.1304317383280086,-0.19752905524305686,-0.580357920880736,-0.5402141899056203,0.4672278020708713,0.4112046139239831,-0.07860722223869221,0.1291095368330093
-0.9579412924284737,0.882075825732474,0.38521008846929583,-0.18200551102366827,0.48669062110486616,1.045179300864896,1.2744659903124913,0.16331789557373572,0.5090351618820377,1.8764683782316491,1.2380783078002946,1.180099183253142,0.5745225697509542,1.7452180592896525,1.514011976551077,1.5528989137200602,-2.36853732297916,2.284426314409408,-1.4335793498070608,0.07670279868390634,-1.3068269316282684,-0.21813620748088844,2.0756222723154445,1.0618169415634815,1.0723353262496138,-0.20907934039661485,0.20937878609520028,0.9027149005768395,-1.789386872326752,0.4748632017586419,0.6037140797591232,-1.5550326590705803,-0.054133136430167296,-0.40091874270892713,2.302605255339964,-1.3808177113043225,1.7037843604486338,0.8397598934413832,2.2198524586125368,1.5500030303596075,-1.1410997390466264,-3.142196709989062,-0.10173162627407616,-1.0903459776412852
-0.4630968017686716,0.3786263671164,0.20052187707927,0.02337812217597932,0.5283545663190051,0.47049910849659027,0.9566944100638823,0.396447567650429,0.49302485952810243,1.2391047695931148,0.7659547150575702,0.7087605698643149,0.36152206493891464,1.1785481838791185,1.0003341495100238,0.791872684854795,-1.1070471012105472,1.3065939037252916,-1.0381067315324926,0.08988719986319367,-0.7940388954028612,0.026683125125388674,1.0618169415634815,0.8650625195854165,0.6679475448190545,-0.11739088799761739,0.03206720941874343,0.4318551949212432,-1.0209102388203195,0.2704568490909492,0.24246373690133038,-0.9493219098345693,-0.010849739456166617,-0.3430055959203207,1.3175819647020908,-0.6537421962530702,0.9614052139280848,0.4551740299079201,1.171526896723593,0.9226910363404551,-0.5660794977232763,-1.8548948424267857,-0.19528437377120245,-0.49952893671605675
-0.3917145971837148,0.24724904679025575,0.3158857723984348,-0.14724421645827201,0.009844188686940264,0.9118992764539318,0.8134469827197209,0.08196658744177147,0.06201118631821983,0.757457358454797,0.5632059364437628,0.5295988642400282,0.1468210278591688,0.6707131181495861,0.8374975010568051,0.4840050916623764,-1.3887927926304058,0.9718075298090113,-0.5270066496800239,-0.460217355309991,-0.41224463192671806,-0.01061465677666093,1.0723353262496138,0.6679475448190545,0.782531236896111,-0.17198290922570397,0.0998580621991378,0.4053718970930125,-0.8001126214630361,0.28868774362240485,0.4079637724338224,-0.8824879395647932,-0.12074489129596427,0.01757987945058597,1.363223988354545,-0.8914314058092034,1.2361013032710673,0.3371642368800842,1.0143695567503825,0.585552044021522,-0.4421765225540101,-1.6174706663225842,-0.1288943444406696,-0.5513152212134227
0.3846448963967776,-0.2397475137076971,0.17801220632123235,0.273212034123721,-0.027699953089748618,0.040095569215515804,-0.19290105973786634,-0.07496691985609287,-0.08369698526917842,-0.49104961358948324,-0.18398128439459047,-0.11337810168662514,-0.1654407636637252,-0.11822595335634264,-0.19697138636802577,-0.18611004044411517,0.39895553246260984,-0.31501407486273403,0.09442694304677447,-0.0972043559249852,0.35781605455528415,0.17251464807095435,-0.20907934039661485,-0.11739088799761739,-0.17198290922570397,0.2644754471054375,0.018858453895046826,-0.0771680822770001,0.42382794039538657,-0.17245788710030274,-0.027784362213282662,0.20553352776082584,-0.02426512296482305,0.13940806485881388,-0.3682242393688453,0.4013881176135518,-0.37629696687671815,-0.07538870189318704,-0.3203743619693701,-0.24423584699012812,0.23482206503220246,0.2858360428078585,0.07147059152337243,0.07129734484063101
-0.02990375974713727,0.005922601752416736,0.11953960529870569,-0.056321772828383194,-0.17503041737616104,0.3833947123537263,-0.016816685061542144,-0.20225797850273064,-0.12315438981197561,-0.12334896078534131,-0.008887505892237788,0.05311400440434708,-0.1858153228368865,-0.04574434011016594,0.07321970645684014,0.11623568747927204,-0.26474684083669087,0.07200453105355373,0.106954725284753,-0.23486612421483943,0.07146473123353969,-0.0013323217115152708,0.20937878609520028,0.03206720941874343,0.0998580621991378,0.018858453895046826,0.09336515505718755,0.0791658405065305,-0.08867475852934478,0.005153012640417782,0.15792250601375052,-0.0827803204989978,-0.11518014966869486,0.19239495410634266,0.1770946282215135,-0.09797888937995632,0.2262047691916976,0.06542033761561036,0.06243251323370854,-0.04849184750725917,0.02022435594374521,-0.20691806144139552,0.016857073833281104,-0.11180558285014214
-0.4825154853915186,0.6388228060080164,0.04837431770983505,0.0046085362325587196,0.4498333219174555,0.06984115596760684,0.7054801570492656,0.19437934946935928,0.4370439884393615,1.2940875245908379,0.8084389887988066,0.5889637557347575,0.5528043996386667,1.06225446345147,0.835956092665258,1.0423432408672733,-1.0924916794941175,1.3219381120194567,-0.9027015286194101,0.5502533792199723,-1.0354893584597515,-0.18228548595981559,0.9027149005768395,0.4318551949212432,0.4053718970930125,-0.0771680822770001,0.0791658405065305,0.499895462744723,-0.977403677848819,0.3959276529295143,-0.003724025897997108,-0.834131171343174,0.10152757595608033,-0.5517158836792238,0.8598265587865039,-0.6407088042367179,0.6678940757567265,0.47894550823975657,1.2944388684974477,1.0650418876231726,-0.7560866106869658,-1.6539598060020382,0.043305107138834294,-0.49392053829081234
1.375210364942267,-1.5146443369038305,0.24849575787260608,0.21212705930339276,-1.166960847169101,0.20270109024977184,-1.5396790014676132,-0.5922894172955966,-1.1756944388405735,-3.1898390908555903,-1.7704574066923189,-1.2787332533368598,-1.2232670722623213,-2.337152075307244,-1.8284829589671932,-2.331162637094481,2.1632702203476013,-2.9270557613311947,2.001836326322081,-1.4811984341170847,2.548011715289243,0.5050593221291247,-1.789386872326752,-1.0209102388203195,-0.8001126214630361,0.42382794039538657,-0.08867475852934478,-0.977403677848819,2.425291158856035,-0.8905410249748846,0.1044991851661808,1.7369192115086156,-0.2558493735648032,1.3641195772411419,-1.8565150315790686,1.3993688911059923,-1.4269625071184588,-1.0158969948142773,-2.710774006448541,-2.3740210875717573,1.6572376551654562,3.3893812154985636,0.06609243058045616,0.8702804834492344
-0.4578882366705928,0.7116225993397219,-0.20168281445300953,-0.0505442101343096,0.473435798979606,-0.4884389991873344,0.7263308075696848,0.35264427446461366,0.48370459248867287,1.5134153633851937,0.8469442186381659,0.3914805915326969,0.7824845075929072,0.8685570566287882,0.7831372521975641,1.0111022020947982,-0.8546836551620823,1.1440055650708463,-0.7702646056266818,0.9360774851450303,-1.2875677823714435,-0.2642754233097631,0.4748632017586419,0.2704568490909492,0.28868774362240485,-0.17245788710030274,0.005153012640417782,0.3959276529295143,-0.8905410249748846,0.6488590419107432,-0.4264919251161698,-0.7846947779012547,0.2018948671025583,-0.8498578691609964,0.37208434723849465,-0.6399460140490916,0.5697835300655153,0.410109178232143,1.2078551590509672,1.1282944421932954,-0.8204779409513835,-1.3228700614664444,0.10722276566020103,-0.27265197530680163
-0.021624189472325812,-0.4493594021655991,0.49266803007193094,-0.25346572602854717,-0.6660430933539049,1.5232860083292734,-0.18974395748458814,-0.5119468906552617,-0.5697140451636643,-0.9978381238979774,-0.44862907165286325,0.08264484707069265,-0.8179541534468421,-0.44568467665489825,-0.11978156268208237,-0.5150797251242831,-0.539494619481511,-0.30479266545110817,0.5099424683413402,-1.4925464797915815,1.0080108366339924,0.1683394542802704,0.6037140797591232,0.24246373690133038,0.4079637724338224,-0.027784362213282662,0.15792250601375052,-0.003724025897997108,0.1044991851661808,-0.4264919251161698,0.9534908386547158,0.05340884590236401,-0.4026723356170566,1.0535947539912447,0.9415743732646137,-0.23049252325802858,0.6334349948809233,-0.0805838293053645,-0.327994957117647,-0.7218338722795882,0.4466548027828048,-0.06020913506957887,-0.1978533890713026,-0.2824136147564662
0.8122300353679879,-1.0289467025740113,-0.09539364138608714,-0.022568036207281015,-0.8210496575510011,-0.185915430205969,-1.5022771990960833,-0.5241359041130502,-0.7984048781051132,-2.4057190425040718,-1.4905954130386405,-1.0335569451584095,-1.0036616638229003,-1.9015415542214698,-1.6261378546642786,-1.6889570037141717,1.980493839032953,-2.3114357333741578,1.6392166477718073,-0.822211884196494,1.8365324340527234,0.23484805793524857,-1.5550326590705803,-0.9493219098345693,-0.8824879395647932,0.20553352776082584,-0.0827803204989978,-0.834131171343174,1.7369192115086156,-0.7846947779012547,0.05340884590236401,1.607286655869669,-0.17511494115758075,1.0045493615717456,-1.63928817833563,1.2449084265515054,-1.409833420258696,-0.8021082802984867,-2.281264690593485,-1.8869923989609956,1.3027769219741758,3.030556033019257,0.019146521556580948,0.8186431986262834
-0.13917152597848959,0.3653806190789892,-0.2473036970778366,0.14316160550692197,0.5360769262764543,-0.8371742589787994,0.2631642848622683,0.39748386421997345,0.43554837800111434,0.8312464888654932,0.40454899941379996,0.12986104953302788,0.6474317666090862,0.5616034891670495,0.1916647044807166,0.37367997207996156,0.05344905869146612,0.47888509362381376,-0.5894796574758759,0.8839731342550705,-0.6972974324433672,-0.1340968117388577,-0.054133136430167296,-0.010849739456166617,-0.12074489129596427,-0.02426512296482305,-0.11518014966869486,0.10152757595608033,-0.2558493735648032,0.2018948671025583,-0.4026723356170566,-0.17511494115758075,0.30012567679712043,-0.6923764579817292,-0.14607461340285194,-0.046969103956529604,-0.2684230493366946,0.11252742594173328,0.4964881489436552,0.6313243396922378,-0.43358585357780594,-0.3053055175842812,0.07404669945013179,-0.0012447611563710657
0.7055081765048348,-1.3070022089213396,0.6145451697347641,-0.2643630006379003,-1.575446318417291,1.9669846993120144,-1.0844451862878632,-1.0760932695299568,-1.3752641539703807,-2.918823784845944,-1.495221254233133,-0.6990778317160176,-1.8061221087571309,-1.9811184944427784,-1.0825889294355768,-1.741684900245376,0.5293543895569361,-2.0106651814783425,1.9260135681180293,-2.561194862135807,2.462190120285664,0.4374202112855536,-0.40091874270892713,-0.3430055959203207,0.01757987945058597,0.13940806485881388,0.19239495410634266,-0.5517158836792238,1.3641195772411419,-0.8498578691609964,1.0535947539912447,1.0045493615717456,-0.6923764579817292,2.027914335419357,-0.1171675430719433,0.47622561868113067,0.09477499123160452,-0.6498955592811471,-1.9715174848819774,-2.199457603274693,1.493733808052375,1.8320790180340696,-0.18082646533625493,0.2510239287451838
-1.0724253158997066,0.7078184719196624,0.4836332258736989,-0.34131910126222725,0.34393399028312865,1.521386202185943,1.4355943309324104,0.20704764100510403,0.388302334301951,1.7659626302167475,1.1559118290108101,1.2407960689419186,0.41616229893042567,1.6710212200521903,1.5797976085416685,1.219249421148581,-2.637128952447451,2.2316295079796817,-1.3726871633378512,-0.5093167928360312,-1.0283719817360109,-0.15100925685050692,2.302605255339964,1.3175819647020908,1.363223988354545,-0.3682242393688453,0.1770946282215135,0.8598265587865039,-1.8565150315790686,0.37208434723849465,0.9415743732646137,-1.63928817833563,-0.14607461340285194,-0.1171675430719433,2.8682223578966193,-1.6460231559136342,2.113716106044693,0.7659315933332617,2.1712284432825597,1.3639563392061078,-1.0305477988298124,-3.2384340116823185,-0.29106398262343425,-1.1615650116407648
0.8606608662841699,-0.7923415308565321,-0.0664372457523368,0.36075813080411184,-0.19379423595446582,-0.5336591069208013,-1.0899620528779201,-0.18572598817904512,-0.2778949440108179,-1.6706518066752125,-1.0128459339906366,-0.727182761162535,-0.6691428266034974,-1.0676122231408705,-1.1565994001106026,-1.0498583872808396,1.9966468035572844,-1.641326801535179,0.8686214355024403,-0.13304975429327764,1.2014459246886569,0.3301356561599772,-1.3808177113043225,-0.6537421962530702,-0.8914314058092034,0.4013881176135518,-0.09797888937995632,-0.6407088042367179,1.3993688911059923,-0.6399460140490916,-0.23049252325802858,1.2449084265515054,-0.046969103956529604,0.47622561868113067,-1.6460231559136342,1.4203786233721938,-1.5379251705744557,-0.5425885802725413,-1.769687798613593,-1.2403328389609625,1.014484350718925,2.2160699952498906,0.04152437793554702,0.7373842023702518
-0.7695046574905137,0.5068185945091775,0.4010699170223531,-0.4189626122200493,-0.17629842131663745,1.5481896452349315,1.2017647384742844,-0.07297428317180256,0.001193301152273689,1.2229505777813394,0.8812764129254183,0.793435805017138,0.0989947275215153,0.8815789272278209,1.3442789202611312,0.9347052641660577,-2.3658320150801564,1.552303210444299,-0.5988407802091923,-0.7377047357753838,-0.7682685159276423,-0.1304317383280086,1.7037843604486338,0.9614052139280848,1.2361013032710673,-0.37629696687671815,0.2262047691916976,0.6678940757567265,-1.4269625071184588,0.5697835300655153,0.6334349948809233,-1.409833420258696,-0.2684230493366946,0.09477499123160452,2.113716106044693,-1.5379251705744557,2.1355097100212888,0.5651001944265099,1.6102030306613635,0.9003816965388068,-0.7187569015091905,-2.5424609726970555,-0.17359962985386773,-0.8529637825117858
-0.5259056970879465,0.6740427300166153,-0.015741710389177866,-0.008145498574517525,0.5661780543508681,-0.1259576780355649,0.663116200401243,0.27215176111239564,0.541054817337167,1.3963360771526765,0.8116799281250041,0.6080850358352289,0.6060961817788657,1.1100162543747096,0.8180889947559822,1.1279399929391085,-0.946931768235312,1.340964746427286,-0.9675233697007449,0.7531331463251927,-1.1318604381124002,-0.19752905524305686,0.8397598934413832,0.4551740299079201,0.3371642368800842,-0.07538870189318704,0.06542033761561036,0.47894550823975657,-1.0158969948142773,0.410109178232143,-0.0805838293053645,-0.8021082802984867,0.11252742594173328,-0.6498955592811471,0.7659315933332617,-0.5425885802725413,0.5651001944265099,0.517490884399509,1.2771169368223767,1.113159706581922,-0.7781012144610466,-1.599076670761123,0.037753542730121895,-0.4488519705955767
-1.4165266973312414,1.8774977870159661,-0.12472481129340555,0.017093736496212663,1.566277674627001,-0.5383158293413257,2.065297204952499,0.9272269190173508,1.459459676148599,4.030031684518026,2.355833044785987,1.588251328162339,1.9749767671693963,3.0810907618001413,2.2785273851513743,2.815308383885889,-2.748844215854317,3.678309990715894,-2.7353146016392484,2.0483465451255003,-3.17866493470574,-0.580357920880736,2.2198524586125368,1.171526896723593,1.0143695567503825,-0.3203743619693701,0.06243251323370854,1.2944388684974477,-2.710774006448541,1.2078551590509672,-0.327994957117647,-2.281264690593485,0.4964881489436552,-1.9715174848819774,2.1712284432825597,-1.769687798613593,1.6102030306613635,1.2771169368223767,3.662339906551694,3.1790563743011826,-2.272032302930448,-4.377709457347628,0.10489639552448893,-1.22045473891624
-1.2036203317786018,1.793240621959369,-0.3876490924637429,0.18695995793753642,1.7904374516816137,-1.27490899757675,1.812722759093175,1.0926893558980582,1.6265125969143004,3.9189164749220904,2.1948790066074864,1.3369344538003614,2.031271500171405,2.929905727991469,1.9665040807496397,2.6443441806231425,-1.8813678189805307,3.2844285581623405,-2.6699206294353894,2.5388289338038104,-3.1895474276736335,-0.5402141899056203,1.5500030303596075,0.9226910363404551,0.585552044021522,-0.24423584699012812,-0.04849184750725917,1.0650418876231726,-2.3740210875717573,1.1282944421932954,-0.7218338722795882,-1.8869923989609956,0.6313243396922378,-2.199457603274693,1.3639563392061078,-1.2403328389609625,0.9003816965388068,1.113159706581922,3.1790563743011826,3.0395597492274646,-2.088132945423696,-3.6253792241911875,0.12657686627199127,-0.8448063120238585
0.9351022000712207,-1.292406314479609,0.2796118550168983,0.013612422502651359,-1.1176745709014075,0.8737855806564215,-1.1831211428638553,-0.6960390201197443,-1.0263448650177358,-2.69827951595283,-1.4852676861974017,-0.9130800972510378,-1.469539418659539,-1.9053492334125564,-1.2927545862764838,-1.8008217471104933,1.461208992732191,-2.2501360468980987,1.741180134575951,-1.7187053350938273,2.1860321166097045,0.4672278020708713,-1.1410997390466264,-0.5660794977232763,-0.4421765225540101,0.23482206503220246,0.02022435594374521,-0.7560866106869658,1.6572376551654562,-0.8204779409513835,0.4466548027828048,1.3027769219741758,-0.43358585357780594,1.493733808052375,-1.0305477988298124,1.014484350718925,-0.7187569015091905,-0.7781012144610466,-2.272032302930448,-2.088132945423696,1.521318860182686,2.4555757452725455,-0.12743955582252775,0.6493583131076044
1.5570273008167197,-1.9828666938602597,-0.26622099780317027,-0.1410049376390473,-1.6735406542261106,-0.5045271511621767,-2.7843041105954907,-0.9092813878314968,-1.6019402649511307,-4.517361824638881,-2.841702210986879,-2.0942488559738646,-1.7912837752275856,-3.831169358987108,-3.1086081399165724,-3.379305786235264,3.745716236109379,-4.563860523239254,3.2830891450014454,-1.573346297265273,3.4641601204538968,0.4112046139239831,-3.142196709989062,-1.8548948424267857,-1.6174706663225842,0.2858360428078585,-0.20691806144139552,-1.6539598060020382,3.3893812154985636,-1.3228700614664444,-0.06020913506957887,3.030556033019257,-0.3053055175842812,1.8320790180340696,-3.2384340116823185,2.2160699952498906,-2.5424609726970555,-1.599076670761123,-4.377709457347628,-3.6253792241911875,2.4555757452725455,5.933730841319822,0.05101668225434049,1.6445297574273385
0.05393646831344491,0.1228307777731101,-0.042830476187464786,0.05146113546949008,0.01638293650415925,-0.28420058281921057,-0.08485230792914213,-0.03386710161977258,0.006200983296910324,0.07192791958571484,0.05832255223306917,-0.050755511662814265,0.1758211852965833,-0.008859268562518901,-0.05487867509902577,0.1529118974910511,0.040033089063576714,0.020499987915476733,0.0031843702253388662,0.31707078406752065,-0.1551089868928906,-0.07860722223869221,-0.10173162627407616,-0.19528437377120245,-0.1288943444406696,0.07147059152337243,0.016857073833281104,0.043305107138834294,0.06609243058045616,0.10722276566020103,-0.1978533890713026,0.019146521556580948,0.07404669945013179,-0.18082646533625493,-0.29106398262343425,0.04152437793554702,-0.17359962985386773,0.037753542730121895,0.10489639552448893,0.12657686627199127,-0.12743955582252775,0.05101668225434049,0.149163932476844,-0.0035797740946927827
0.4591870594557088,-0.4770445263503444,-0.23545976617063472,0.0685998233212592,-0.24468365784328802,-0.48264607116561986,-0.6515752185456763,-0.08826518314769251,-0.2398605853933132,-0.9681588498458259,-0.6621247653125668,-0.6088709743026925,-0.39298178709855364,-0.9084003570387162,-0.7601684232462982,-0.807608391643878,1.26642874720161,-1.189929970324554,0.7610888922655735,-0.08967054353032325,0.677349383115271,0.1291095368330093,-1.0903459776412852,-0.49952893671605675,-0.5513152212134227,0.07129734484063101,-0.11180558285014214,-0.49392053829081234,0.8702804834492344,-0.27265197530680163,-0.2824136147564662,0.8186431986262834,-0.0012447611563710657,0.2510239287451838,-1.1615650116407648,0.7373842023702518,-0.8529637825117858,-0.4488519705955767,-1.22045473891624,-0.8448063120238585,0.6493583131076044,1.6445297574273385,-0.0035797740946927827,0.6119199787083623
