V1,V2,V3,V4,V5,V6,V7,V8,V9,V10,V11,V12,V13,V14,V15,V16,V17,V18,V19,V20,V21,V22,V23,V24,V25,V26,V27,V28,V29,V30,V31,V32,V33,V34,V35,V36,V37,V38,V39,V40,V41,V42,V43,V44
8.270453015168803,-11.223116635191776,2.635012428586225,-0.7849811883383073,-11.932581146660516,8.553179707442679,-11.559702052669172,-7.699113458780524,-10.653543536735997,-25.39518200654455,-13.813605008472482,-8.681243801929238,-13.113740196829617,-18.846398839018114,-12.253384165716698,-16.341052780308235,11.683786362747963,-20.96929681534707,17.42475267976773,-16.068618178156427,20.26297214608362,3.5006450754696465,-10.016472298094888,-6.4108765805599734,-3.8306072903272033,1.8971636959807345,0.5419890054886759,-6.79258574914079,15.350268543688994,-6.88301672322748,4.169546469182781,11.96005806830295,-4.197473388877335,14.126559335862003,-9.598902346016915,8.112207010313021,-5.845941915491101,-6.9453532734745655,-20.106546613467362,-19.22147939045299,13.31220575424688,22.78175914128674,-0.47336223657145443,5.33150866162547
-11.223116635191776,17.089352393856984,-4.284279361446636,1.6098123081648117,16.380137570520965,-12.081268916414855,17.305921991890134,10.054730874184749,15.292016318866986,36.71954559916282,20.559921489193073,12.32428753420762,19.369261450244064,27.124861189557752,18.705932846949352,24.295075395884513,-17.624685434732267,30.312650783121974,-24.616538537506884,23.90783109012066,-29.853926458516607,-5.121326233282208,13.985205487885594,8.32800532342817,5.629712864080508,-2.812983286902674,-0.6824775219693564,9.088388428789333,-22.27170284927453,10.713937908772476,-7.190758761325875,-17.32134285332141,5.811107314791455,-20.567464894525003,12.200884025195398,-11.666348153763769,8.246729687098474,10.296148318247123,29.628922182721023,28.584256324866743,-19.510854939850883,-33.41303881191677,0.8084477103729998,-7.555838468234469
2.635012428586225,-4.284279361446636,1.245217686569476,-0.4068855836046894,-3.813094669642683,2.9897387938818683,-4.221485697560158,-2.2928475617415853,-3.7284243077323733,-8.753492585967997,-4.944230949533268,-2.9693309548397813,-4.963440837854285,-6.516186346810988,-4.561627607117338,-5.621257631008121,4.26975922571113,-7.156168180495728,5.883810712554192,-5.871912651303531,7.0645595761265945,1.2725837493624528,-3.266673627526765,-1.780642812258151,-1.377826657144774,0.8281341781264636,0.27593060832777194,-1.7882307754963447,5.306285714571823,-2.51635979799364,1.832155082357123,3.9420886163183577,-1.3902855469215891,4.927832375436375,-2.7398168299308097,2.757601235961513,-1.6746740120068635,-2.464808875471729,-7.195873159533305,-7.0021627776841315,4.747592001419567,7.825365196244707,-0.06063985935804337,1.801699752456721
-0.7849811883383073,1.6098123081648117,-0.4068855836046894,0.3258635593489043,1.3494205520060272,-0.9885354571041545,1.6478949329322639,0.7055743003342632,1.3466469239340952,3.246108613584845,1.9492807829472059,1.0257617126338663,1.6561427662831492,2.418254445852646,1.8557167996429311,2.3683593794801054,-1.6053524833126385,2.7137440314606542,-2.096000553775949,2.2376961301210496,-2.793440480961053,-0.40821206512664787,1.1036094400851555,0.6044882311273331,0.46366827237265507,-0.16894712521864194,-0.006418948360825899,0.7663656781694341,-1.9686423644548408,1.097823163344783,-0.88443807778996,-1.589482107036058,0.47073783970051186,-1.8639861933998854,0.6997549629074283,-0.9393775779512791,0.6999171512898232,0.9521099042307453,2.6612123064255613,2.6482618524154558,-1.7154427627314541,-3.114696490859517,0.13560671640956126,-0.6002714288138554
-11.932581146660516,16.380137570520965,-3.813094669642683,1.3494205520060272,17.605452583318282,-12.623527793840216,16.94724958417484,11.307229497466043,15.676685674246372,37.23332180396746,20.297325996930137,12.656511444694452,19.060481440550188,27.674179569135575,18.00425096542383,24.155569388570264,-16.878858810013156,30.746943356001136,-25.56305899632795,23.705286276928163,-29.83252385878288,-5.0343659843060085,14.497526038926607,9.407970595690067,5.477759432146792,-2.60487249258926,-0.7459918366458081,10.057101171355635,-22.4308041924087,10.161632738997854,-6.312116093117519,-17.57880350256627,6.158385434550792,-20.804736523261408,13.738304648906125,-11.658559024962189,8.474924755577879,10.18662816755309,29.347994467257326,28.17006033158109,-19.417387529870172,-33.452301951944605,0.7832840752848249,-7.694007374429435
8.553179707442679,-12.081268916414855,2.9897387938818683,-0.9885354571041545,-12.623527793840216,9.507026105483432,-12.244396216801547,-8.066793732907254,-11.357727915538765,-27.046274967126447,-14.77364808484202,-9.036135626965777,-14.077121287249387,-19.904971403804236,-13.055473369708352,-17.576431753935434,12.181649885143058,-22.164142084560577,18.35646641677792,-17.565272535843892,21.797946099015682,3.763525882823367,-10.210984251916399,-6.472932922250325,-3.8466376602884687,1.9416799358778114,0.5697568771403216,-7.113445991439998,16.18231239009525,-7.566465495344346,4.953127403683198,12.629968239992936,-4.50650531285164,15.26446539567066,-9.407442899138115,8.41282131588276,-5.90696361515655,-7.386913340125947,-21.32549864058957,-20.563028628914278,14.185136112242484,24.005888312539973,-0.6592971803244965,5.479753572992316
-11.559702052669172,17.305921991890134,-4.221485697560158,1.6478949329322639,16.94724958417484,-12.244396216801547,17.692065236174283,10.461623818271448,15.690477960733203,37.585303262941856,20.988914880712365,12.696057183118928,19.634772318072898,27.878754264980643,19.08290819727003,24.84698090666892,-17.95389153748675,31.111833596264887,-25.35189224593005,24.277994274975285,-30.47615320421631,-5.160182967272989,14.469689747013284,8.788296455622763,5.78767940699355,-2.8041794198554,-0.6809275146051132,9.484952596328522,-22.827136618865246,10.831136462969162,-7.130407208816635,-17.80935282269772,5.9510014567933665,-20.98688045298415,12.832291899352018,-11.915125542404343,8.562533148915596,10.527734901600928,30.24295409500981,29.134876555770358,-19.882253200728307,-34.31618134658751,0.7947557631837622,-7.772720686581417
-7.699113458780524,10.054730874184749,-2.2928475617415853,0.7055743003342632,11.307229497466043,-8.066793732907254,10.461623818271448,7.423502818444282,9.892815771474849,23.36451216517054,12.558867013718654,8.010714396438086,11.909566929053753,17.401073761144048,11.006631291708608,14.932164304336654,-10.348593830846507,19.264682243595452,-16.214025807436094,14.737172732444257,-18.54827631172438,-3.1484297293345573,9.211615951792425,6.156946862586447,3.4066370792170315,-1.6359092710497583,-0.5183541861129589,6.457533290028441,-14.036241685401313,6.1482422443255045,-3.6502626182225035,-10.977830316474769,3.9405042878975363,-13.032910739552658,9.063672004883212,-7.309692652740219,5.3153632955950805,6.326143400141875,18.25574100279228,17.470253939939763,-12.123166124422216,-20.79918309877355,0.435600087538073,-4.862130269247725
-10.653543536735997,15.292016318866986,-3.7284243077323733,1.3466469239340952,15.676685674246372,-11.357727915538765,15.690477960733203,9.892815771474849,14.292215488619757,33.88137836705568,18.675659663806343,11.534823324401266,17.697637779115897,25.21515847595773,16.79073300615517,22.04526968046014,-15.715943658526472,27.97600393935938,-23.12901445624766,21.78521035319968,-27.22759180655429,-4.629259454781218,13.108130007262414,8.207910422778681,5.110208231013801,-2.527076904715478,-0.7276111335600204,8.675154415249985,-20.49053084859402,9.42904935740577,-6.0824542611923915,-15.914331717795154,5.495823912532122,-18.929076734291044,12.049697298051495,-10.627740907817302,7.531093134444471,9.37771348290097,27.011582978726693,25.99574482984391,-17.814369813956986,-30.562608337927955,0.6149773516469889,-7.021797073916283
-25.39518200654455,36.71954559916282,-8.753492585967997,3.246108613584845,37.23332180396746,-27.046274967126447,37.585303262941856,23.36451216517054,33.88137836705568,81.3453147081338,44.98685096956259,27.345277024231844,41.93823625196476,60.07062664251604,40.38405563595129,53.635002198140306,-38.028912623582926,67.21969173114847,-54.94709603113827,52.28987273743475,-65.84425157364626,-11.187502603228012,31.261358798910106,19.47056211117624,12.152356309897302,-5.802398360287697,-1.410083617926781,21.42794195857498,-49.1797622636893,23.23495763448598,-14.996041932676118,-38.626721201667735,13.123928627876492,-45.51895601026933,28.346572063523197,-25.736394458448977,18.725819665189373,22.54499948821258,64.8175009813276,62.306096970316084,-42.76083713174344,-73.70094569889518,1.9952837774361807,-16.755271225913784
-13.813605008472482,20.559921489193073,-4.944230949533268,1.9492807829472059,20.297325996930137,-14.77364808484202,20.988914880712365,12.558867013718654,18.675659663806343,44.98685096956259,25.08232164345529,15.057611516319865,23.24800240745791,33.18860566422211,22.673699614611813,29.92202730180184,-21.3197447657565,37.215014662425226,-30.19584245342249,29.062234986476877,-36.60308677055069,-6.196419971353781,17.176309855988364,10.50203998685714,6.770636268848768,-3.209943774076888,-0.7186723896958657,11.686956304454615,-27.25103045597259,13.106587986657885,-8.629090827679397,-21.42793642913967,7.162088624598313,-25.19256463293805,15.202447503683581,-14.249012373366613,10.380060270082458,12.554669195801024,36.0331933736348,34.69248118235516,-23.719652155790815,-40.99378786054821,1.1597710559850358,-9.23765702932037
-8.681243801929238,12.32428753420762,-2.9693309548397813,1.0257617126338663,12.656511444694452,-9.036135626965777,12.696057183118928,8.010714396438086,11.534823324401266,27.345277024231844,15.057611516319865,9.388299309741527,14.28709217126742,20.402056486161335,13.568947798552225,17.724393542838868,-12.795203054093777,22.627938395498983,-18.72488597769729,17.447685200160713,-21.89513115134825,-3.7331458508392688,10.732578575156046,6.7237568711082645,4.217474288001997,-2.085880072187872,-0.5982584786575751,6.999353202028427,-16.59842843162045,7.540278308283712,-4.754059601952151,-12.866166450404593,4.413079499940374,-15.202970322808286,9.982319516032433,-8.658112775943628,6.169895675723997,7.582758281130719,21.851990040205177,20.970947427924173,-14.38821376762811,-24.74485044232431,0.4309669394953296,-5.740826376304313
-13.113740196829617,19.369261450244064,-4.963440837854285,1.6561427662831492,19.060481440550188,-14.077121287249387,19.634772318072898,11.909566929053753,17.697637779115897,41.93823625196476,23.24800240745791,14.28709217126742,22.43179007456387,31.178527286099307,21.055361222005473,27.155992246398434,-19.826049543574808,34.5374630016349,-28.493076167292404,27.214411808265574,-33.70658249574446,-5.856369236477699,16.156138989163065,9.757266850544209,6.462578728737436,-3.399262366141319,-1.0103587252041621,10.15638953715102,-25.407061472389152,11.769068298030547,-7.781547834246519,-19.494652968401375,6.747727774313825,-23.438273241734908,14.571997918862348,-13.263229437179477,9.072633783252215,11.673915088754677,33.75415113692614,32.534854213340495,-22.271874915375758,-37.757762330095304,0.6211715462103975,-8.719541115977592
-18.846398839018114,27.124861189557752,-6.516186346810988,2.418254445852646,27.674179569135575,-19.904971403804236,27.878754264980643,17.401073761144048,25.21515847595773,60.07062664251604,33.18860566422211,20.402056486161335,31.178527286099307,44.65547264171357,29.87112841176774,39.2912348042833,-28.067229615422303,49.68740192690693,-40.89274427072708,38.51632345063867,-48.38767742300796,-8.200134312833987,23.291170651579467,14.54579798921804,9.096927755449588,-4.412499246327618,-1.1835589152293222,15.557112824524133,-36.38234952205127,16.84270518808931,-10.805682690078015,-28.37816865431828,9.70310379240803,-33.52551153601641,21.34163037119253,-18.952754225795687,13.612017053202651,16.64764043698234,47.93607306559349,46.089334126789495,-31.58327076970593,-54.4294068057969,1.1962311274061979,-12.460185073277378
-12.253384165716698,18.705932846949352,-4.561627607117338,1.8557167996429311,18.00425096542383,-13.055473369708352,19.08290819727003,11.006631291708608,16.79073300615517,40.38405563595129,22.673699614611813,13.568947798552225,21.055361222005473,29.87112841176774,20.700549012208942,26.944760704391058,-19.435761101640953,33.45184361642709,-27.05413571495682,26.177256845453854,-32.90726374089915,-5.553616262201866,15.436244047563823,9.272414203267703,6.216056462740388,-2.9676577136695474,-0.6589903773970871,10.186728303760601,-24.55102902176969,11.877748578573543,-7.930058040359392,-19.229548755058275,6.319280030032896,-22.578902896628826,13.419918526092408,-12.801834080062937,9.269847849860579,11.376952395727107,32.57687306655199,31.405117131841113,-21.379428807506557,-37.01607010106433,0.9530236221991147,-8.326231105416339
-16.341052780308235,24.295075395884513,-5.621257631008121,2.3683593794801054,24.155569388570264,-17.576431753935434,24.84698090666892,14.932164304336654,22.04526968046014,53.635002198140306,29.92202730180184,17.724393542838868,27.155992246398434,39.2912348042833,26.944760704391058,36.20287650695103,-25.296201943085883,44.401149305412616,-35.71544921738663,34.63055036410045,-43.947674865105945,-7.3497577302929935,20.298863373794166,12.569187360478885,7.895696223564153,-3.503381923988824,-0.6038686735235463,14.541783646668376,-32.42065125723163,15.977659742007784,-10.498092455416568,-25.87694375177042,8.509499536925395,-30.120719150376207,17.788550260411093,-16.966019266235968,12.806111262145127,14.978369253650673,42.74245761029747,41.1326576524546,-28.149364140652004,-49.0495556641092,1.7749394028311212,-10.899316019786207
11.683786362747963,-17.624685434732267,4.26975922571113,-1.6053524833126385,-16.878858810013156,12.181649885143058,-17.95389153748675,-10.348593830846507,-15.715943658526472,-38.028912623582926,-21.3197447657565,-12.795203054093777,-19.826049543574808,-28.067229615422303,-19.435761101640953,-25.296201943085883,18.502161293275964,-31.52460896578805,25.436681948365084,-24.490673178296042,30.93586067281921,5.293116958794648,-14.686223599090956,-8.756740941630424,-5.938185694100914,2.872215315054858,0.6112716808384547,-9.649006564586646,23.171608646903902,-11.155684639389166,7.297154951036055,18.139620892891152,-5.957886786213059,21.18794276976926,-12.907245788372201,12.257393894018099,-8.908857266496467,-10.692802045724031,-30.74143211821672,-29.533108829255003,20.18645723207985,34.88356682526023,-0.8939909926867906,7.916866661064359
-20.96929681534707,30.312650783121974,-7.156168180495728,2.7137440314606542,30.746943356001136,-22.164142084560577,31.111833596264887,19.264682243595452,27.97600393935938,67.21969173114847,37.215014662425226,22.627938395498983,34.5374630016349,49.68740192690693,33.45184361642709,44.401149305412616,-31.52460896578805,55.634571873742686,-45.41688682324813,43.08850168574374,-54.42308935795754,-9.211718264706258,25.921450407170344,16.155636871986072,10.089230512215542,-4.759825978495753,-1.1255648624322196,17.795907265539025,-40.69834732890779,19.215006450911304,-12.339258340278237,-32.014245452454375,10.812976911443043,-37.56018830160725,23.522758738811362,-21.304961638145915,15.60458521309786,18.647452278180218,53.59362921308079,51.48038524932058,-35.30874193450739,-61.07626353766704,1.655170616340627,-13.883426882101883
17.42475267976773,-24.616538537506884,5.883810712554192,-2.096000553775949,-25.56305899632795,18.35646641677792,-25.35189224593005,-16.214025807436094,-23.12901445624766,-54.94709603113827,-30.19584245342249,-18.72488597769729,-28.493076167292404,-40.89274427072708,-27.05413571495682,-35.71544921738663,25.436681948365084,-45.41688682324813,37.58634212411773,-35.121855945236824,44.09775849247964,7.486093668553992,-21.40265606587455,-13.528970214059328,-8.289264376963539,4.039835526214173,1.1400135331466439,-14.332518385736353,33.236716498474415,-15.179801078243425,9.600642983584857,25.892778484968368,-8.954780400233382,30.64504463557127,-19.914175789340298,17.312208533081144,-12.415726313724795,-15.155883228164772,-43.70016912039707,-41.979467363421946,28.83528725763544,49.60003838913505,-1.0320065565363823,11.419293616512109
-16.068618178156427,23.90783109012066,-5.871912651303531,2.2376961301210496,23.705286276928163,-17.565272535843892,24.277994274975285,14.737172732444257,21.78521035319968,52.28987273743475,29.062234986476877,17.447685200160713,27.214411808265574,38.51632345063867,26.177256845453854,34.63055036410045,-24.490673178296042,43.08850168574374,-35.121855945236824,34.028977496506165,-42.51540465390397,-7.234433311033822,19.77375494335976,12.12845314795365,7.748224409894744,-3.7612749047838614,-0.9147650952365672,13.440833750617019,-31.542167877223115,15.179666362371101,-10.128010761635954,-24.719299666931477,8.396141808695596,-29.400995215387805,17.4735732446768,-16.421633249026858,11.776960649122623,14.553330307628917,41.772382531894124,40.31198360123785,-27.587380699009092,-47.304729675443156,1.3348938626645952,-10.643606143602538
20.26297214608362,-29.853926458516607,7.0645595761265945,-2.793440480961053,-29.83252385878288,21.797946099015682,-30.47615320421631,-18.54827631172438,-27.22759180655429,-65.84425157364626,-36.60308677055069,-21.89513115134825,-33.70658249574446,-48.38767742300796,-32.90726374089915,-43.947674865105945,30.93586067281921,-54.42308935795754,44.09775849247964,-42.51540465390397,53.67727860848643,9.067805235452418,-25.024604066233564,-15.470539000966458,-9.733124830807798,4.51668335259719,0.9447929975038659,-17.53398494191924,39.78076965468781,-19.26449271614057,12.623982433043277,31.481750972795695,-10.546753888662554,36.952379789605835,-22.213683408384686,20.828106945289655,-15.371020729319412,-18.312231746317025,-52.49184611894909,-50.51944528513157,34.61796807412626,59.88805149463419,-1.922823543765306,13.43703306434266
3.5006450754696465,-5.121326233282208,1.2725837493624528,-0.40821206512664787,-5.0343659843060085,3.763525882823367,-5.160182967272989,-3.1484297293345573,-4.629259454781218,-11.187502603228012,-6.196419971353781,-3.7331458508392688,-5.856369236477699,-8.200134312833987,-5.553616262201866,-7.3497577302929935,5.293116958794648,-9.211718264706258,7.486093668553992,-7.234433311033822,9.067805235452418,1.5927561426975172,-4.262980596401099,-2.5673928054253823,-1.6707671196365668,0.8525758029849101,0.2080615131743187,-2.8832471723930118,6.760451600628411,-3.2373257569132456,2.1180434735801623,5.275670789321866,-1.8118980555641242,6.273827087354382,-3.822913117079568,3.5934065346951916,-2.544028663375235,-3.09427117257141,-8.958699481170934,-8.602793773509132,5.925904788709553,10.067102467248887,-0.28253826182004416,2.3083058252695396
-10.016472298094888,13.985205487885594,-3.266673627526765,1.1036094400851555,14.497526038926607,-10.210984251916399,14.469689747013284,9.211615951792425,13.108130007262414,31.261358798910106,17.176309855988364,10.732578575156046,16.156138989163065,23.291170651579467,15.436244047563823,20.298863373794166,-14.686223599090956,25.921450407170344,-21.40265606587455,19.77375494335976,-25.024604066233564,-4.262980596401099,12.38854294462923,7.815306269762328,4.847536604332544,-2.342042220937982,-0.6273454221764315,8.215363738566282,-19.004028010395665,8.602523264916076,-5.275157748582856,-14.815669074370962,5.050161910668,-17.328021435590998,11.6505204328426,-10.000946215333569,7.277228407957166,8.64961959634156,24.94545325303461,23.864005460220273,-16.42320010787703,-28.384285732361683,0.5459061340609318,-6.598786239038363
-6.4108765805599734,8.32800532342817,-1.780642812258151,0.6044882311273331,9.407970595690067,-6.472932922250325,8.788296455622763,6.156946862586447,8.207910422778681,19.47056211117624,10.50203998685714,6.7237568711082645,9.757266850544209,14.54579798921804,9.272414203267703,12.569187360478885,-8.756740941630424,16.155636871986072,-13.528970214059328,12.12845314795365,-15.470539000966458,-2.5673928054253823,7.815306269762328,5.27564687900663,2.926712800025336,-1.3049785754589005,-0.3658843819205815,5.500603484237022,-11.768978106897457,5.152630487628385,-2.9554618400145127,-9.290338901772227,3.217934444401763,-10.78088749967829,7.705640632253798,-6.135008874225042,4.659631068266714,5.318543536267461,15.245914183295417,14.54161857390879,-10.072825957754047,-17.587393667676423,0.3749519201628792,-4.099231396817761
-3.8306072903272033,5.629712864080508,-1.377826657144774,0.46366827237265507,5.477759432146792,-3.8466376602884687,5.78767940699355,3.4066370792170315,5.110208231013801,12.152356309897302,6.770636268848768,4.217474288001997,6.462578728737436,9.096927755449588,6.216056462740388,7.895696223564153,-5.938185694100914,10.089230512215542,-8.289264376963539,7.748224409894744,-9.733124830807798,-1.6707671196365668,4.847536604332544,2.926712800025336,2.0002365523973262,-1.0061742064693315,-0.2701422866880499,2.9399009058349237,-7.4480148137834625,3.3971032527265805,-2.143931318673758,-5.725016695397355,1.8931565454952939,-6.702439174060819,4.419266792700478,-3.9256132428045554,2.789881007930329,3.431755809764787,9.871245655885371,9.462517620356879,-6.468332586132639,-11.144591558808466,0.12985067193826583,-2.599883227420396
1.8971636959807345,-2.812983286902674,0.8281341781264636,-0.16894712521864194,-2.60487249258926,1.9416799358778114,-2.8041794198554,-1.6359092710497583,-2.527076904715478,-5.802398360287697,-3.209943774076888,-2.085880072187872,-3.399262366141319,-4.412499246327618,-2.9676577136695474,-3.503381923988824,2.872215315054858,-4.759825978495753,4.039835526214173,-3.7612749047838614,4.51668335259719,0.8525758029849101,-2.342042220937982,-1.3049785754589005,-1.0061742064693315,0.6554287658553267,0.25768149332766116,-1.1004519312191614,3.563829123699628,-1.4892903532428,0.9753297880133942,2.546264352177412,-0.9343158890501173,3.188407742372289,-2.1896824521949316,1.8974037712640075,-1.09074135777862,-1.621605390899341,-4.810712183904186,-4.623694762867731,3.16966388881374,5.14616574212001,0.09912085788107125,1.2813721737367822
0.5419890054886759,-0.6824775219693564,0.27593060832777194,-0.006418948360825899,-0.7459918366458081,0.5697568771403216,-0.6809275146051132,-0.5183541861129589,-0.7276111335600204,-1.410083617926781,-0.7186723896958657,-0.5982584786575751,-1.0103587252041621,-1.1835589152293222,-0.6589903773970871,-0.6038686735235463,0.6112716808384547,-1.1255648624322196,1.1400135331466439,-0.9147650952365672,0.9447929975038659,0.2080615131743187,-0.6273454221764315,-0.3658843819205815,-0.2701422866880499,0.25768149332766116,0.17392702159297077,-0.08820700984361943,0.8606751069664461,-0.17411392368699583,0.10774707639891094,0.4749495771857284,-0.26553775048952494,0.7546336257045881,-0.7229963061682543,0.42102544016997884,-0.06668502804738646,-0.36654491106334397,-1.1768722969143397,-1.141163055346718,0.7837225521598323,1.1049807924097779,0.17469486322066016,0.34216879688251794
-6.79258574914079,9.088388428789333,-1.7882307754963447,0.7663656781694341,10.057101171355635,-7.113445991439998,9.484952596328522,6.457533290028441,8.675154415249985,21.42794195857498,11.686956304454615,6.999353202028427,10.15638953715102,15.557112824524133,10.186728303760601,14.541783646668376,-9.649006564586646,17.795907265539025,-14.332518385736353,13.440833750617019,-17.53398494191924,-2.8832471723930118,8.215363738566282,5.500603484237022,2.9399009058349237,-1.1004519312191614,-0.08820700984361943,6.716973128149236,-12.865865251308522,6.260832241846115,-3.7618435482783408,-10.59324439357532,3.537962975781043,-12.03367943935012,7.703091819425945,-6.816052544189113,5.549128649102558,5.82939374102099,16.618037663476784,15.838622368278763,-10.99698901522372,-19.50405347141602,0.9734818316429441,-4.339980988923766
15.350268543688994,-22.27170284927453,5.306285714571823,-1.9686423644548408,-22.4308041924087,16.18231239009525,-22.827136618865246,-14.036241685401313,-20.49053084859402,-49.1797622636893,-27.25103045597259,-16.59842843162045,-25.407061472389152,-36.38234952205127,-24.55102902176969,-32.42065125723163,23.171608646903902,-40.69834732890779,33.236716498474415,-31.542167877223115,39.78076965468781,6.760451600628411,-19.004028010395665,-11.768978106897457,-7.4480148137834625,3.563829123699628,0.8606751069664461,-12.865865251308522,29.810733408449757,-14.046503189767447,9.031236318338427,23.375756797684925,-7.886861132538408,27.457030466395327,-17.224212687494724,15.622361576230345,-11.364244631185493,-13.669339253610485,-39.30257475875323,-37.74984385084784,25.883426133167838,44.69039749735968,-1.1399901509697186,10.193919022650142
-6.88301672322748,10.713937908772476,-2.51635979799364,1.097823163344783,10.161632738997854,-7.566465495344346,10.831136462969162,6.1482422443255045,9.42904935740577,23.23495763448598,13.106587986657885,7.540278308283712,11.769068298030547,16.84270518808931,11.877748578573543,15.977659742007784,-11.155684639389166,19.215006450911304,-15.179801078243425,15.179666362371101,-19.26449271614057,-3.2373257569132456,8.602523264916076,5.152630487628385,3.3971032527265805,-1.4892903532428,-0.17411392368699583,6.260832241846115,-14.046503189767447,7.256113173829664,-4.929674435393624,-11.292850647858145,3.61273388212921,-13.109839257984813,7.159862015570722,-7.381829943249977,5.619821062919777,6.554019522382492,18.62564246977406,17.957198672806236,-12.254848274379619,-21.352447079807515,0.9228520582748032,-4.667196013981129
4.169546469182781,-7.190758761325875,1.832155082357123,-0.88443807778996,-6.312116093117519,4.953127403683198,-7.130407208816635,-3.6502626182225035,-6.0824542611923915,-14.996041932676118,-8.629090827679397,-4.754059601952151,-7.781547834246519,-10.805682690078015,-7.930058040359392,-10.498092455416568,7.297154951036055,-12.339258340278237,9.600642983584857,-10.128010761635954,12.623982433043277,2.1180434735801623,-5.275157748582856,-2.9554618400145127,-2.143931318673758,0.9753297880133942,0.10774707639891094,-3.7618435482783408,9.031236318338427,-4.929674435393624,3.6487404687528144,7.229706295265141,-2.2792672369985616,8.56947062062078,-3.929260609085382,4.662316989849595,-3.417766637443093,-4.291470945969127,-12.147698652125966,-11.841382154028771,7.983872869690578,13.795573339355068,-0.6472917889025587,2.9117105505211214
11.96005806830295,-17.32134285332141,3.9420886163183577,-1.589482107036058,-17.57880350256627,12.629968239992936,-17.80935282269772,-10.977830316474769,-15.914331717795154,-38.626721201667735,-21.42793642913967,-12.866166450404593,-19.494652968401375,-28.37816865431828,-19.229548755058275,-25.87694375177042,18.139620892891152,-32.014245452454375,25.892778484968368,-24.719299666931477,31.481750972795695,5.275670789321866,-14.815669074370962,-9.290338901772227,-5.725016695397355,2.546264352177412,0.4749495771857284,-10.59324439357532,23.375756797684925,-11.292850647858145,7.229706295265141,18.63379570763886,-6.172155383755394,21.613829174421976,-13.309247506988173,12.272992166879245,-9.287217220432405,-10.738377516597534,-30.71238556248111,-29.472052477331694,20.225901182080673,35.27712235548173,-1.195556091970784,7.92797750513055
-4.197473388877335,5.811107314791455,-1.3902855469215891,0.47073783970051186,6.158385434550792,-4.50650531285164,5.9510014567933665,3.9405042878975363,5.495823912532122,13.123928627876492,7.162088624598313,4.413079499940374,6.747727774313825,9.70310379240803,6.319280030032896,8.509499536925395,-5.957886786213059,10.812976911443043,-8.954780400233382,8.396141808695596,-10.546753888662554,-1.8118980555641242,5.050161910668,3.217934444401763,1.8931565454952939,-0.9343158890501173,-0.26553775048952494,3.537962975781043,-7.886861132538408,3.61273388212921,-2.2792672369985616,-6.172155383755394,2.1997651656494543,-7.359024493903654,4.749655848138511,-4.135775664854676,2.9519592396513126,3.5623084759276478,10.348331100874622,9.936936670792713,-6.864461110972654,-11.724523162248211,0.3094862722016555,-2.692404320223132
14.126559335862003,-20.567464894525003,4.927832375436375,-1.8639861933998854,-20.804736523261408,15.26446539567066,-20.98688045298415,-13.032910739552658,-18.929076734291044,-45.51895601026933,-25.19256463293805,-15.202970322808286,-23.438273241734908,-33.52551153601641,-22.578902896628826,-30.120719150376207,21.18794276976926,-37.56018830160725,30.64504463557127,-29.400995215387805,36.952379789605835,6.273827087354382,-17.328021435590998,-10.78088749967829,-6.702439174060819,3.188407742372289,0.7546336257045881,-12.03367943935012,27.457030466395327,-13.109839257984813,8.56947062062078,21.613829174421976,-7.359024493903654,25.56013223027063,-15.575907753374192,14.341854041114404,-10.425474802674055,-12.609815192051638,-36.214183920265754,-34.865525271285584,23.920319196311638,41.17219750525639,-1.2152202228470752,9.298468258559463
-9.598902346016915,12.200884025195398,-2.7398168299308097,0.6997549629074283,13.738304648906125,-9.407442899138115,12.832291899352018,9.063672004883212,12.049697298051495,28.346572063523197,15.202447503683581,9.982319516032433,14.571997918862348,21.34163037119253,13.419918526092408,17.788550260411093,-12.907245788372201,23.522758738811362,-19.914175789340298,17.4735732446768,-22.213683408384686,-3.822913117079568,11.6505204328426,7.705640632253798,4.419266792700478,-2.1896824521949316,-0.7229963061682543,7.703091819425945,-17.224212687494724,7.159862015570722,-3.929260609085382,-13.309247506988173,4.749655848138511,-15.575907753374192,11.812034893017687,-9.115126352583339,6.587144104797019,7.68150655884163,22.34804877567727,21.219975330890858,-14.762408650283179,-25.41832430762877,0.25516340389278847,-6.133403870972833
8.112207010313021,-11.666348153763769,2.757601235961513,-0.9393775779512791,-11.658559024962189,8.41282131588276,-11.915125542404343,-7.309692652740219,-10.627740907817302,-25.736394458448977,-14.249012373366613,-8.658112775943628,-13.263229437179477,-18.952754225795687,-12.801834080062937,-16.966019266235968,12.257393894018099,-21.304961638145915,17.312208533081144,-16.421633249026858,20.828106945289655,3.5934065346951916,-10.000946215333569,-6.135008874225042,-3.9256132428045554,1.8974037712640075,0.42102544016997884,-6.816052544189113,15.622361576230345,-7.381829943249977,4.662316989849595,12.272992166879245,-4.135775664854676,14.341854041114404,-9.115126352583339,8.321016119022332,-6.089403766907979,-7.136671460378398,-20.597736843259256,-19.718996906611693,13.581780806292683,23.39595264040584,-0.641604929396169,5.368166022364826
-5.845941915491101,8.246729687098474,-1.6746740120068635,0.6999171512898232,8.474924755577879,-5.90696361515655,8.562533148915596,5.3153632955950805,7.531093134444471,18.725819665189373,10.380060270082458,6.169895675723997,9.072633783252215,13.612017053202651,9.269847849860579,12.806111262145127,-8.908857266496467,15.60458521309786,-12.415726313724795,11.776960649122623,-15.371020729319412,-2.544028663375235,7.277228407957166,4.659631068266714,2.789881007930329,-1.09074135777862,-0.06668502804738646,5.549128649102558,-11.364244631185493,5.619821062919777,-3.417766637443093,-9.287217220432405,2.9519592396513126,-10.425474802674055,6.587144104797019,-6.089403766907979,4.964459837991577,5.21954094274617,14.822745797004231,14.120863215544528,-9.755135206230241,-17.331891322975316,0.7704301027074802,-3.861719154868732
-6.9453532734745655,10.296148318247123,-2.464808875471729,0.9521099042307453,10.18662816755309,-7.386913340125947,10.527734901600928,6.326143400141875,9.37771348290097,22.54499948821258,12.554669195801024,7.582758281130719,11.673915088754677,16.64764043698234,11.376952395727107,14.978369253650673,-10.692802045724031,18.647452278180218,-15.155883228164772,14.553330307628917,-18.312231746317025,-3.09427117257141,8.64961959634156,5.318543536267461,3.431755809764787,-1.621605390899341,-0.36654491106334397,5.82939374102099,-13.669339253610485,6.554019522382492,-4.291470945969127,-10.738377516597534,3.5623084759276478,-12.609815192051638,7.68150655884163,-7.136671460378398,5.21954094274617,6.322309690218359,18.068291376832097,17.390287837665337,-11.890193618924672,-20.55991069087963,0.5496304269291779,-4.650687763051878
-20.106546613467362,29.628922182721023,-7.195873159533305,2.6612123064255613,29.347994467257326,-21.32549864058957,30.24295409500981,18.25574100279228,27.011582978726693,64.8175009813276,36.0331933736348,21.851990040205177,33.75415113692614,47.93607306559349,32.57687306655199,42.74245761029747,-30.74143211821672,53.59362921308079,-43.70016912039707,41.772382531894124,-52.49184611894909,-8.958699481170934,24.94545325303461,15.245914183295417,9.871245655885371,-4.810712183904186,-1.1768722969143397,16.618037663476784,-39.30257475875323,18.62564246977406,-12.147698652125966,-30.71238556248111,10.348331100874622,-36.214183920265754,22.34804877567727,-20.597736843259256,14.822745797004231,18.068291376832097,51.982845718524565,49.99497118922296,-34.23025572327657,-58.9147654680883,1.4520700598528333,-13.413824963746498
-19.22147939045299,28.584256324866743,-7.0021627776841315,2.6482618524154558,28.17006033158109,-20.563028628914278,29.134876555770358,17.470253939939763,25.99574482984391,62.306096970316084,34.69248118235516,20.970947427924173,32.534854213340495,46.089334126789495,31.405117131841113,41.1326576524546,-29.533108829255003,51.48038524932058,-41.979467363421946,40.31198360123785,-50.51944528513157,-8.602793773509132,23.864005460220273,14.54161857390879,9.462517620356879,-4.623694762867731,-1.141163055346718,15.838622368278763,-37.74984385084784,17.957198672806236,-11.841382154028771,-29.472052477331694,9.936936670792713,-34.865525271285584,21.219975330890858,-19.718996906611693,14.120863215544528,17.390287837665337,49.99497118922296,48.16211548744361,-32.92897055354103,-56.621473445243055,1.3946835730677236,-12.8382661555819
13.31220575424688,-19.510854939850883,4.747592001419567,-1.7154427627314541,-19.417387529870172,14.185136112242484,-19.882253200728307,-12.123166124422216,-17.814369813956986,-42.76083713174344,-23.719652155790815,-14.38821376762811,-22.271874915375758,-31.58327076970593,-21.379428807506557,-28.149364140652004,20.18645723207985,-35.30874193450739,28.83528725763544,-27.587380699009092,34.61796807412626,5.925904788709553,-16.42320010787703,-10.072825957754047,-6.468332586132639,3.16966388881374,0.7837225521598323,-10.99698901522372,25.883426133167838,-12.254848274379619,7.983872869690578,20.225901182080673,-6.864461110972654,23.920319196311638,-14.762408650283179,13.581780806292683,-9.755135206230241,-11.890193618924672,-34.23025572327657,-32.92897055354103,22.5818868815693,38.7571609554405,-0.978161230079564,8.824022130219388
22.78175914128674,-33.41303881191677,7.825365196244707,-3.114696490859517,-33.452301951944605,24.005888312539973,-34.31618134658751,-20.79918309877355,-30.562608337927955,-73.70094569889518,-40.99378786054821,-24.74485044232431,-37.757762330095304,-54.4294068057969,-37.01607010106433,-49.0495556641092,34.88356682526023,-61.07626353766704,49.60003838913505,-47.304729675443156,59.88805149463419,10.067102467248887,-28.384285732361683,-17.587393667676423,-11.144591558808466,5.14616574212001,1.1049807924097779,-19.50405347141602,44.69039749735968,-21.352447079807515,13.795573339355068,35.27712235548173,-11.724523162248211,41.17219750525639,-25.41832430762877,23.39595264040584,-17.331891322975316,-20.55991069087963,-58.9147654680883,-56.621473445243055,38.7571609554405,67.35053325398816,-1.923349037433098,15.196919946422462
-0.47336223657145443,0.8084477103729998,-0.06063985935804337,0.13560671640956126,0.7832840752848249,-0.6592971803244965,0.7947557631837622,0.435600087538073,0.6149773516469889,1.9952837774361807,1.1597710559850358,0.4309669394953296,0.6211715462103975,1.1962311274061979,0.9530236221991147,1.7749394028311212,-0.8939909926867906,1.655170616340627,-1.0320065565363823,1.3348938626645952,-1.922823543765306,-0.28253826182004416,0.5459061340609318,0.3749519201628792,0.12985067193826583,0.09912085788107125,0.17469486322066016,0.9734818316429441,-1.1399901509697186,0.9228520582748032,-0.6472917889025587,-1.195556091970784,0.3094862722016555,-1.2152202228470752,0.25516340389278847,-0.641604929396169,0.7704301027074802,0.5496304269291779,1.4520700598528333,1.3946835730677236,-0.978161230079564,-1.923349037433098,0.40290849966658593,-0.2945054012052566
5.33150866162547,-7.555838468234469,1.801699752456721,-0.6002714288138554,-7.694007374429435,5.479753572992316,-7.772720686581417,-4.862130269247725,-7.021797073916283,-16.755271225913784,-9.23765702932037,-5.740826376304313,-8.719541115977592,-12.460185073277378,-8.326231105416339,-10.899316019786207,7.916866661064359,-13.883426882101883,11.419293616512109,-10.643606143602538,13.43703306434266,2.3083058252695396,-6.598786239038363,-4.099231396817761,-2.599883227420396,1.2813721737367822,0.34216879688251794,-4.339980988923766,10.193919022650142,-4.667196013981129,2.9117105505211214,7.92797750513055,-2.692404320223132,9.298468258559463,-6.133403870972833,5.368166022364826,-3.861719154868732,-4.650687763051878,-13.413824963746498,-12.8382661555819,8.824022130219388,15.196919946422462,-0.2945054012052566,3.5404913031708363
