V1,V2,V3,V4,V5,V6,V7,V8,V9,V10,V11,V12,V13,V14,V15,V16,V17,V18,V19,V20,V21,V22,V23,V24,V25,V26,V27,V28,V29,V30,V31,V32,V33,V34,V35,V36,V37,V38,V39,V40,V41,V42,V43,V44,V45,V46,V47,V48,V49
0.6428438760203636,-0.08027499250285398,0.02827189536600381,0.31525117493114396,-0.22533620504028454,0.043111234913576234,-0.4379753018143462,0.007250702642288543,0.27614580473846706,-0.49957950604053986,-0.3301649780345886,0.49270515478385374,-0.41443512057852594,0.2622507771223431,0.07808950520885787,0.0739415287538176,-0.11240497524703093,0.34246370696729533,-0.0988687678836185,-0.04132100449790778,0.16561037833510944,-0.24542937056352768,-0.10058382360238581,-0.16223801370919821,0.23580614378937215,0.1954465162870642,0.2979689536016218,0.04119191214270319,-0.05915792157951717,0.663844449434712,-0.394681799108855,0.08172137328117672,0.08207663795604353,-0.03900004829163599,0.10794957334987998,-0.16942750972588094,0.549074789017903,0.22481157781955843,0.032437376375432564,-0.2814582637753797,-0.009159552964576666,0.04057567369540372,-0.3537386289900438,-0.42027973354930437,-0.06578020405681316,-0.12444798454592007,-0.096839723227741,-0.3751148351991899,0.06297833656669496
-0.08027499250285398,0.4515783252412331,-0.08344204901790812,-0.2651857070110338,-0.04120644057399462,-0.2926746333559167,0.283860517561333,0.06217556434216638,-0.008235576595316227,0.10001613224214283,-0.03979727534868801,-0.2600759356426439,0.22963485616688342,0.0028048842182664454,0.07309594578217198,-0.22836944349669203,-0.0693747472136136,0.19725476777933734,0.14860231217251418,0.03855099215187453,0.025434247922769396,0.15599258736724805,0.012937560761488939,-0.0031094874605807634,-0.18947618211925799,0.15911388047599687,0.028477573989454205,-0.35074932470305586,-0.028767879588307798,0.0827132591260576,0.10067560788519513,-0.045566771472516324,0.07831921498726882,-0.11740359639707577,0.03184403735295681,-0.029086035588729766,-0.08480929117588354,-0.14110644001118164,0.1285266487609656,0.12935476817538588,0.10988275349480883,0.047691664501620816,0.07757585686234551,0.14588529321879015,0.04910246621306725,0.0032536829391653843,-0.013491721334649666,0.08041987232386344,-0.06316645295663692
0.02827189536600381,-0.08344204901790812,0.7035737519766009,0.21084669370996842,0.13619336783374306,0.2012476745415314,0.26085762766071735,0.001563039271204613,-0.15295104583088587,-0.05018152060640179,-0.172006680123379,-0.05982628904740492,0.25378797623430766,0.047138907622116984,-0.4280527004284087,0.0824804123650522,-0.13977456620475148,-0.4429330984200801,-0.49420614587499895,-0.1199481980025749,-0.06661590290603707,0.13802478959674677,-0.1091896712767643,-0.05389315252582984,-0.07806297411412018,0.2213821752475286,0.3486037505882651,-0.0934975569332448,0.16536091457401175,0.01971375529344992,0.38642985763705046,-0.06661204112393142,-0.431912092797711,0.381694814206323,0.044422072148591514,0.09294176432398349,-0.008358969368219739,-0.07292409935642045,0.07259967424861224,-0.03693545809616966,-0.253972190621175,-0.06966658473020632,-0.11042024899223955,-0.05531579654037046,-0.34523550135208037,0.10939918264605679,-0.06747304514772369,-0.1684740816176373,-0.3213250456348229
0.31525117493114396,-0.2651857070110338,0.21084669370996842,0.7587319502653643,0.0972435303631089,0.27687474280797125,-0.18786959503998465,0.037881411838413336,0.12279388294705737,-0.26981208002252355,-0.040794728450181256,0.265578147084547,-0.21741163315948625,0.22453790275802873,0.1025374370489175,0.14079229911994995,-0.0797435029037547,-0.25725705786557607,-0.18917815422597256,0.08149656542700487,0.03814503210316002,-0.2312057515175906,0.05448381401730982,-0.14065952595762843,0.0749457655881432,0.13032582986769,0.05951075655223676,0.179476268194726,0.1516785269626641,0.020533010347813605,-0.07078226589346172,-0.3086947001892306,-0.006288967268472303,0.026166341664543156,0.22038008119306313,-0.13886703052497648,0.324871428760086,-0.03432924893977153,-0.19762074010527939,-0.14748027095398947,-0.3463182477350633,-0.06706985660211721,0.034392013945516685,-0.13288650198785487,-0.06751211138299976,-0.2244320316539162,-0.42690607014968984,-0.20795363464388675,-0.12412263974472473
-0.22533620504028454,-0.04120644057399462,0.13619336783374306,0.0972435303631089,1.583126711509854,0.48252797437145717,1.1289356501287187,0.2719895557921467,0.5018200404308593,0.8969926139985258,1.1120478162767617,-0.936522697928109,0.45667135660613983,-0.6425339460317997,0.14939831565190959,-0.3093341402736988,-0.1319668832198048,-0.9933430259021946,-0.18047219309847395,-0.09528782601260606,-0.567931099096771,0.17341323474742035,0.04709053385120725,0.44159316218805833,-0.151244012207322,0.4415917503184869,-0.8962783824953489,-0.22646223940245166,-0.09674440659329724,-1.4463148649149238,1.2564572580016398,-1.1248953249583318,-0.5280661363074226,0.2428239023380219,0.292004711717093,0.2891706324084685,-0.7999663283939088,-0.7366761208714763,-0.11000689735623148,-0.07115918127292495,-0.174672359298724,-0.22042913688597876,1.1895653462903097,1.346326303711025,0.5037160250307542,0.4238567117432824,0.5609492059548649,0.921484100811414,-0.07962778296032778
0.043111234913576234,-0.2926746333559167,0.2012476745415314,0.27687474280797125,0.48252797437145717,1.0757694107864504,0.15915158330883072,0.17122185371760582,0.22495801479532432,0.051825959438243654,0.6386778899270781,0.2918199140826488,-0.2590781317219921,-0.23457525323737008,-0.2967451353025376,0.401322452854905,0.3294192832660948,-0.6825400637880681,-0.4584000718391443,-0.2229879604738392,0.15622597287536227,-0.3068870201719495,0.34533062810023246,0.30658335875839215,0.3626610326707923,0.12269352065056562,-0.24573309758282924,0.2170262114079564,0.07755619527324908,-0.44143762734263975,0.12301858962778921,-0.6341133335751623,-0.43562086810584105,0.129777522436954,-0.01790114204809322,-0.023660382631356107,-0.5553745395541887,0.23981670096299929,-0.36477243461744663,-0.18405578944791756,-0.08645820083515063,-0.17999406108064736,0.2068949789582342,0.28587051406888275,0.0845562620124023,0.3475754031167131,0.45736582752995447,0.5195639553729473,0.12736160933092863
-0.4379753018143462,0.283860517561333,0.26085762766071735,-0.18786959503998465,1.1289356501287187,0.15915158330883072,2.063787637509093,0.22015734984154806,0.24001553234042586,0.8787673600325547,0.9787774238058351,-1.1404899977560248,0.9800877519695701,-0.5404992309429053,-0.1249630580350866,-0.5865944166022902,-0.11355717864991832,-0.8592283946956418,-0.1767129074096833,0.03724162230532398,-0.30506777738024915,0.49839249523855556,0.1265777281942581,0.4023169760505207,-0.20450369592972206,0.24047436814928422,-0.5375955520306768,-0.49883714826687237,0.039719765631435366,-1.283422089780461,1.1839643375202575,-0.8540788724813032,-0.690713436730863,0.44152408129082943,0.06042975100599653,0.34977218785023834,-1.1071686703985766,-0.7109819981270092,0.17292555784647423,0.2300360356086333,0.17954087848741362,-0.31669844278057235,1.1603084479739911,1.225547546818064,0.23563495153725503,0.5628927310941895,0.7138837320331088,0.8338352839022443,-0.08553838822371145
0.007250702642288543,0.06217556434216638,0.001563039271204613,0.037881411838413336,0.2719895557921467,0.17122185371760582,0.22015734984154806,1.0685559495709533,-0.058313084620579526,0.2979353725832065,0.1561177829160676,-0.5380117009666432,-0.046123354918797585,-0.40022209043861423,0.06944671889298111,0.13935262988281275,-0.04274820985139551,-0.1515144344741841,0.4055532239048779,0.003604669350996115,0.14830140819745521,0.10843195495506905,-0.024321717748066823,0.6521257056247666,-0.10412267754139433,0.02098113323446957,-0.34256678598388,-0.19241936660556816,-0.18020770220672438,-0.5104046262828348,0.3177160230486808,-0.190364229801027,-0.030313567160217048,-0.2232962998756672,0.002405787371548072,-0.5351802839166732,-0.08238405117395267,0.11405363104798463,-0.25065612924829994,-0.40530241439392584,0.04804258672760393,0.03779820578185278,0.30737987888838786,0.1799756926377808,0.46486565958542925,0.21573695801840356,0.04009547985074532,0.39732914935491154,0.06228703578271173
0.27614580473846706,-0.008235576595316227,-0.15295104583088587,0.12279388294705737,0.5018200404308593,0.22495801479532432,0.24001553234042586,-0.058313084620579526,1.2922759885341637,0.029671039603821468,0.7095719130628163,0.028782976739647772,-0.0907912478013888,-0.2878101926770291,0.2811204951178093,-0.2904802677088032,0.13835057217898483,-0.17642678385934088,0.05245052870931306,0.15621426971281663,-0.33280977390095856,-0.01718090356619443,0.16178691385420269,0.10167979977015879,0.21644840036382132,0.5927822919127914,-0.36450406372972743,-0.18201181548111467,0.1712111281604724,-0.301198914550171,0.3515205643091861,-0.4894627621216784,-0.20803894672720652,-0.09644892295282136,0.4661779585982242,0.2539417364446521,-0.1033687809084711,-0.2309750962631355,0.191502508128424,-0.47919778847480465,-0.1748619371897277,-0.06670560327842243,0.6257071433041358,0.4208380147766018,0.15457782509772766,0.1143935524334991,0.35979399897754977,0.3003955990692,0.1849887099508471
-0.49957950604053986,0.10001613224214283,-0.05018152060640179,-0.26981208002252355,0.8969926139985258,0.051825959438243654,0.8787673600325547,0.2979353725832065,0.029671039603821468,1.5803245306953573,0.7878405694300015,-1.2603044224836266,0.5179214072572416,-0.7368513923605273,0.1338499946798133,-0.3615440713251812,-0.24110161869518648,-0.4612743414276537,0.03174793655123439,-0.01260828964646269,-0.609341835104486,0.44146799972169226,0.04886360597165026,0.5629415098324864,-0.20846373055592204,-0.0639124380990512,-1.143200374120089,0.007566982469385118,-0.10946146820981756,-1.4629832047650182,1.2847347770273767,-0.5480100411787778,-0.12436322406823681,0.10872290179348298,0.29043912148891815,0.08219889014690189,-0.7578892491214284,-0.3517010180645891,0.33937048918482077,0.048620092971154445,-0.3281363950954487,-0.09438822897988756,0.9195614650700197,0.7882303912328382,0.39815694019822967,-0.18247211170194458,0.5340278263761642,0.9094382338238504,0.013015996253514477
-0.3301649780345886,-0.03979727534868801,-0.172006680123379,-0.040794728450181256,1.1120478162767617,0.6386778899270781,0.9787774238058351,0.1561177829160676,0.7095719130628163,0.7878405694300015,1.5858609410804845,-0.5842173776927898,0.1541463392491083,-0.6074925698441425,0.14875651401072498,-0.19913730193786902,0.23005197610596273,-0.8294799976516765,0.012413217217565704,-0.05552528668763197,-0.15951760153814487,0.13838052716091387,0.5937993064422527,0.4854845631134955,0.15442469000140122,0.1417600610818087,-0.992881753270297,-0.03721303822014328,0.148183238599797,-1.4500348611805247,0.7472363125089747,-1.0824144865726695,-0.5078007940233645,0.03266989153396435,0.1660067878336017,0.34022227207441774,-1.0203695078637036,-0.39838797847246316,0.04388784911950058,-0.11912840371758338,-0.02094067291587787,-0.31017755702962335,1.0581834310681633,1.0942711395780154,0.42963817874143795,0.4438050810839341,0.6899040080717702,1.1381909672742496,0.0740593838025709
0.49270515478385374,-0.2600759356426439,-0.05982628904740492,0.265578147084547,-0.936522697928109,0.2918199140826488,-1.1404899977560248,-0.5380117009666432,0.028782976739647772,-1.2603044224836266,-0.5842173776927898,1.813700884578743,-0.7415519422360288,0.6086117228255464,-0.24609910942245838,0.6544245114909835,0.5605880540708056,0.3954259573000705,-0.40137088569861,-0.1637003141167333,0.5363683397242923,-0.7339622987136136,0.16323560229336853,-0.4570054818302535,0.43147803642054333,-0.1677187395434179,0.7171043456728504,0.35222365717556975,0.1733812011079873,1.2715160176619744,-1.399267764516837,0.3945081870468478,0.24035537022981515,-0.17918913241924928,-0.3196562260769622,0.07730710812885695,0.4991630658547616,0.7815244915327842,-0.25198575590451355,-0.06490138246128647,0.16766611232866147,-0.011674499096045293,-0.9785036682638234,-0.9201665259463007,-0.6300058174447132,-0.148879414640394,-0.38490656026412795,-0.6172780774217045,0.10795542714679458
-0.41443512057852594,0.22963485616688342,0.25378797623430766,-0.21741163315948625,0.45667135660613983,-0.2590781317219921,0.9800877519695701,-0.046123354918797585,-0.0907912478013888,0.5179214072572416,0.1541463392491083,-0.7415519422360288,1.105114548615414,-0.10259412375998439,0.04322616320535668,-0.6080909195648767,-0.31292923452697613,-0.32343352043384527,-0.18813244626757297,0.10152343033756765,-0.4518640737700518,0.43812649620763494,-0.14893829673842662,0.12221682302698968,-0.42547345275172654,0.19763961526304624,-0.173001142528672,-0.27673558705329454,0.14294557957672382,-0.6831766253690359,0.7741111881599739,-0.20093688295748469,-0.2119289044519731,0.3651723426658645,0.06078064300182985,0.18580579229890504,-0.37589723382682927,-0.7202867717410203,0.26887873794404304,0.3172530807871766,0.011349157985611494,-0.1211841419057311,0.5287142824004533,0.34598367983784634,-0.05298653991143263,0.09994433130051833,0.042710860985803026,0.14186645205138426,-0.29871402615473425
0.2622507771223431,0.0028048842182664454,0.047138907622116984,0.22453790275802873,-0.6425339460317997,-0.23457525323737008,-0.5404992309429053,-0.40022209043861423,-0.2878101926770291,-0.7368513923605273,-0.6074925698441425,0.6086117228255464,-0.10259412375998439,0.8106465921826052,-0.04869507527793398,-0.012794375492500724,-0.09659926157084243,0.36463701804592896,-0.1738076978569539,-0.031069172710888698,0.31163957940613707,-0.19974461248754155,-0.004230721757902655,-0.5690740333272627,-0.004939538493644686,-0.005875392070777418,0.6650756446574276,0.1496931235031115,0.09717575102605104,0.8915143060580842,-0.8034063482602898,0.2739055628620489,0.14476520461705375,0.08727544514400505,-0.22764564901276282,-0.09844840283879686,0.6327682266913179,0.06746158012802901,0.023999629547754406,0.23103132197252899,0.11077986951199476,0.06130223626093358,-0.6730815219312258,-0.7630541911090488,-0.2675940115821826,-0.19018279384015147,-0.5012515362709736,-0.7457888382503738,-0.18687286120337418
0.07808950520885787,0.07309594578217198,-0.4280527004284087,0.1025374370489175,0.14939831565190959,-0.2967451353025376,-0.1249630580350866,0.06944671889298111,0.2811204951178093,0.1338499946798133,0.14875651401072498,-0.24609910942245838,0.04322616320535668,-0.04869507527793398,1.0094096663871894,-0.34338335845795853,-0.28890490956648035,0.2607496373888485,0.4870944808430411,0.21161791240243552,-0.2888348561233879,-0.005828510889400895,-0.019466547996232406,0.1104872218076096,-0.10670909271954027,0.04655988008002659,-0.3346641611411146,-0.10411434243186235,0.1507238949454344,-0.24104534606588443,-0.03148157327973545,0.010279663942720613,0.5029660020539471,-0.1668663030251087,0.45546573694103737,-0.10947998503914515,0.34567229280158,-0.36210084439228274,-0.042650877708523265,-0.046636584871763566,-0.018736595636421008,0.01136824823348602,0.429216199130476,0.1836323802644229,0.47720147377233374,-0.2498027225889458,-0.20305390083883623,0.028275098162532684,-0.048080189486778044
0.0739415287538176,-0.22836944349669203,0.0824804123650522,0.14079229911994995,-0.3093341402736988,0.401322452854905,-0.5865944166022902,0.13935262988281275,-0.2904802677088032,-0.3615440713251812,-0.19913730193786902,0.6544245114909835,-0.6080909195648767,-0.012794375492500724,-0.34338335845795853,0.9971034016840302,0.3645013149765735,-0.2510404472840407,-0.1457296713094229,-0.24808387649787528,0.34794033338782093,-0.44817012547932217,0.20036953044812977,0.057496217145239184,0.30619303254234265,-0.23246421047545573,0.19066274462238797,0.15845130681968103,-0.07591212613192229,0.1707060116737114,-0.40537440971101213,0.10431261795973282,-0.06509203199657378,-0.16782614420053066,-0.24178652126227945,-0.055050167729406116,0.10045305466222429,0.635575109193878,-0.4676639518774182,-0.17563622510459195,-0.08310470959174111,-0.00969463131621964,-0.5126421092784775,-0.2226734761604893,-0.2729229973622307,0.01060144718733213,-0.1773927803199755,0.07601262765849026,-0.07614864774362494
-0.11240497524703093,-0.0693747472136136,-0.13977456620475148,-0.0797435029037547,-0.1319668832198048,0.3294192832660948,-0.11355717864991832,-0.04274820985139551,0.13835057217898483,-0.24110161869518648,0.23005197610596273,0.5605880540708056,-0.31292923452697613,-0.09659926157084243,-0.28890490956648035,0.3645013149765735,0.9376444957586998,-0.164038206879541,0.01167236290715129,0.023028600294052362,0.08954455730374564,-0.18183141683597334,0.24611379869866706,0.07710176018502933,0.17231593996255554,-0.06624429152251202,-0.037500629015754176,0.03748862472161091,-0.024685746619122723,-0.0818691395032923,-0.32260726930928957,0.0730595463721839,-0.19551164996377582,-0.26296128412058234,-0.2768382814724804,0.10129770202383534,-0.41637793958823055,0.3109480260404156,-0.2907658455093661,-0.005762390196732319,0.09908296176329244,-6.155565662339591e-4,-0.09614999486497812,-0.0827099223758284,-0.17184678878199966,0.09395939135613732,0.14002768072985744,0.2934157616980627,0.35145942137147274
0.34246370696729533,0.19725476777933734,-0.4429330984200801,-0.25725705786557607,-0.9933430259021946,-0.6825400637880681,-0.8592283946956418,-0.1515144344741841,-0.17642678385934088,-0.4612743414276537,-0.8294799976516765,0.3954259573000705,-0.32343352043384527,0.36463701804592896,0.2607496373888485,-0.2510404472840407,-0.164038206879541,1.7825633757610917,0.3414299398781527,0.18181142561249097,0.30750746334018786,-0.04751033405232595,-0.5210350422998468,-0.24544969166428102,0.002143028457530332,-0.41546428560516574,0.38260440296852727,0.13044701431316003,-0.16082524346535143,1.4733540913564034,-0.7865098347080068,1.050220592438177,0.8350701369004869,-0.375703525520012,0.24705360313172497,0.08988614636350303,0.8069496920991078,0.2674478083178373,0.3635436934869171,0.173066354770444,0.4126618867781027,0.20235301714985232,-0.7737111830909127,-0.8184023870296703,-0.2111828166453159,-0.5037496924930517,-0.3859929462649678,-0.7332406754742498,0.35037867836051184
-0.0988687678836185,0.14860231217251418,-0.49420614587499895,-0.18917815422597256,-0.18047219309847395,-0.4584000718391443,-0.1767129074096833,0.4055532239048779,0.05245052870931306,0.03174793655123439,0.012413217217565704,-0.40137088569861,-0.18813244626757297,-0.1738076978569539,0.4870944808430411,-0.1457296713094229,0.01167236290715129,0.3414299398781527,1.0061721194695945,0.2210933291476877,0.060883208724040176,0.23897973243037274,-0.0067315000130481065,0.25464164200824496,-0.15838502469381913,-0.11503823996674835,-0.19678822513666633,-0.1340127906207533,-0.23103258814986172,-0.1425887429865959,-0.15786219740365307,0.2695920685989788,0.34327721752526946,-0.4131696910072213,-0.05162545178917996,-0.4745909361808329,0.1486770704843545,-0.09736693653120601,-0.10206109030388598,-0.19911025185158648,0.2446498064767066,0.21141096752186167,0.2548663002755509,0.12830617520128057,0.5509371289335786,0.07826156092927582,-0.040229935592135155,0.006313251899131007,0.2154160437910766
-0.04132100449790778,0.03855099215187453,-0.1199481980025749,0.08149656542700487,-0.09528782601260606,-0.2229879604738392,0.03724162230532398,0.003604669350996115,0.15621426971281663,-0.01260828964646269,-0.05552528668763197,-0.1637003141167333,0.10152343033756765,-0.031069172710888698,0.21161791240243552,-0.24808387649787528,0.023028600294052362,0.18181142561249097,0.2210933291476877,0.6324873281705198,-0.0733735896684498,0.07379973888079765,-0.047152218488524925,-0.028867375392945056,-0.10711469508183448,-0.10081452134579807,-0.10578788614557522,0.04137874207577197,0.14912904660368803,0.006461409038899939,-0.009584272556141304,0.18079061095177862,0.258221334192642,-0.25019500746116197,0.003266846923650978,-0.006041515906800829,0.10078912744304284,-0.0769811617913616,-0.1864889943323137,0.06535122029308393,-0.09559842652062542,0.019590233631186352,0.16481259992595323,-0.15964592747434128,0.11063605425421247,-0.31441770068658736,-0.24701018426124285,-0.12034132339168047,0.03579427579892595
0.16561037833510944,0.025434247922769396,-0.06661590290603707,0.03814503210316002,-0.567931099096771,0.15622597287536227,-0.30506777738024915,0.14830140819745521,-0.33280977390095856,-0.609341835104486,-0.15951760153814487,0.5363683397242923,-0.4518640737700518,0.31163957940613707,-0.2888348561233879,0.34794033338782093,0.08954455730374564,0.30750746334018786,0.060883208724040176,-0.0733735896684498,0.9901233598170975,-0.1795066579182347,0.24702442606317668,-0.12239306509925944,0.20694397832889722,-0.3434252565583062,0.45293153902722794,0.2502655748141244,-0.12701966047669117,0.6385609119455925,-0.8691854670591694,0.10069498252553852,0.12043397618233292,-0.12699102639890678,-0.5130098123330761,-0.36527086882170784,0.06775119596721359,0.5834262899404914,-0.25487578780471026,-0.03370315535756971,0.46227852063869074,-0.013887359158105838,-0.5808397120238542,-0.37833234563229123,-0.038988557116646755,0.16703300392992693,-0.10935422803529987,-0.21542527862266783,0.06585005121179414
-0.24542937056352768,0.15599258736724805,0.13802478959674677,-0.2312057515175906,0.17341323474742035,-0.3068870201719495,0.49839249523855556,0.10843195495506905,-0.01718090356619443,0.44146799972169226,0.13838052716091387,-0.7339622987136136,0.43812649620763494,-0.19974461248754155,-0.005828510889400895,-0.44817012547932217,-0.18183141683597334,-0.04751033405232595,0.23897973243037274,0.07379973888079765,-0.1795066579182347,0.828137497882969,-0.15741930276091784,0.07520990858643838,-0.16623294149029264,-0.017291562210446743,-0.1410435410561089,-0.24990181206764628,-0.03528974308397216,-0.32906743953075884,0.438666348074939,0.16937062595327318,-0.1920118539805538,0.2300807825105158,0.013556318506690184,-0.10459164744139446,-0.2204180915478381,-0.31134620994010215,0.4534322786677047,0.002757107247938991,0.12135341185872033,0.03592438703697459,0.2751848854741705,0.1747219353180481,0.11420076222724082,0.17146301670665137,0.1922334939281516,-0.008584054462803978,-0.06849711067341428
-0.10058382360238581,0.012937560761488939,-0.1091896712767643,0.05448381401730982,0.04709053385120725,0.34533062810023246,0.1265777281942581,-0.024321717748066823,0.16178691385420269,0.04886360597165026,0.5937993064422527,0.16323560229336853,-0.14893829673842662,-0.004230721757902655,-0.019466547996232406,0.20036953044812977,0.24611379869866706,-0.5210350422998468,-0.0067315000130481065,-0.047152218488524925,0.24702442606317668,-0.15741930276091784,0.8055994044905703,0.09743420790890689,0.235157759421632,0.02473979280832561,-0.24548394672334953,0.09681503862967726,0.19530664674752377,-0.5651406205703304,-0.1385417208078233,-0.4752151399715491,-0.17291269619188762,-0.16420814087701016,-0.25876469347664477,-0.04496066911289824,-0.3555683808038081,0.1501177091005626,-0.23044336528216983,-0.05521483956794037,-0.05641976074433751,-0.10313981222286767,0.11226520413262298,0.09165424675549894,0.0412516786720647,0.026820024388308356,0.11319859814527693,0.4149531658571871,-0.2135699746639037
-0.16223801370919821,-0.0031094874605807634,-0.05389315252582984,-0.14065952595762843,0.44159316218805833,0.30658335875839215,0.4023169760505207,0.6521257056247666,0.10167979977015879,0.5629415098324864,0.4854845631134955,-0.4570054818302535,0.12221682302698968,-0.5690740333272627,0.1104872218076096,0.057496217145239184,0.07710176018502933,-0.24544969166428102,0.25464164200824496,-0.028867375392945056,-0.12239306509925944,0.07520990858643838,0.09743420790890689,0.8171349106245697,-0.026761841974134157,-0.06817355576185705,-0.577412934143508,0.0032793356515135597,-0.12212896222881174,-0.9112991960164534,0.5175620556253685,-0.2618867357288185,-0.08535268187429966,-0.1410569463814747,-0.016409334344667455,-0.2844321573192151,-0.42405739806535003,-0.03594604561484997,-0.20204914753630634,-0.23689063577057828,0.07056949419095569,-0.033084915851607936,0.5038053463447466,0.31698440444479614,0.30308748094388044,0.1393445592414722,0.36156006833229903,0.6324934921768487,0.051698700876771905
0.23580614378937215,-0.18947618211925799,-0.07806297411412018,0.0749457655881432,-0.151244012207322,0.3626610326707923,-0.20450369592972206,-0.10412267754139433,0.21644840036382132,-0.20846373055592204,0.15442469000140122,0.43147803642054333,-0.42547345275172654,-0.004939538493644686,-0.10670909271954027,0.30619303254234265,0.17231593996255554,0.002143028457530332,-0.15838502469381913,-0.10711469508183448,0.20694397832889722,-0.16623294149029264,0.235157759421632,-0.026761841974134157,0.6076507624406344,-0.17860987003952777,0.014739503345458234,0.24110145918185255,0.05163267781175249,0.19274097907406776,-0.3399100470167195,0.06650690863255834,-0.09754092263003215,-0.03602904496025047,-0.11657540764543198,-0.005205598057427229,-0.008659964534434074,0.38077111370802846,0.023461435180124675,-0.2048367362316005,0.053243213618755614,-0.03224637773602632,-0.24737494537574686,-0.1374124386258296,-0.10013140839941725,0.1430914718880063,0.24224669885934538,-0.019965883031026307,0.25644406343322856
0.1954465162870642,0.15911388047599687,0.2213821752475286,0.13032582986769,0.4415917503184869,0.12269352065056562,0.24047436814928422,0.02098113323446957,0.5927822919127914,-0.0639124380990512,0.1417600610818087,-0.1677187395434179,0.19763961526304624,-0.005875392070777418,0.04655988008002659,-0.23246421047545573,-0.06624429152251202,-0.41546428560516574,-0.11503823996674835,-0.10081452134579807,-0.3434252565583062,-0.017291562210446743,0.02473979280832561,-0.06817355576185705,-0.17860987003952777,1.0032650702160881,0.11861028864645834,-0.4428097896849601,0.004306669613418911,-0.17535603692081597,0.4776954197894565,-0.4560185838165315,-0.4440191310057565,0.13985359247600168,0.35278385423927194,0.005367545889723034,-0.036138033502900256,-0.3925947687828788,0.001887501693919815,-0.20608557516594908,-0.29040810082796975,0.09120064779911578,0.3057148259135929,0.35144581227201754,0.11370904013687369,0.1978835620571861,0.1751385704473244,0.08270737013138739,-0.1170104492215341
0.2979689536016218,0.028477573989454205,0.3486037505882651,0.05951075655223676,-0.8962783824953489,-0.24573309758282924,-0.5375955520306768,-0.34256678598388,-0.36450406372972743,-1.143200374120089,-0.992881753270297,0.7171043456728504,-0.173001142528672,0.6650756446574276,-0.3346641611411146,0.19066274462238797,-0.037500629015754176,0.38260440296852727,-0.19678822513666633,-0.10578788614557522,0.45293153902722794,-0.1410435410561089,-0.24548394672334953,-0.577412934143508,0.014739503345458234,0.11861028864645834,1.48470757825169,-0.09424058856069159,0.08995355957689505,1.273156794244446,-0.8219125416845074,0.6587216936340469,-0.10450248983450212,0.26509038120778344,-0.10386255868514431,-0.1611622860219448,0.5742914195252465,0.2744210376010364,-0.11777144059404682,0.14041728552321986,0.13334827330280905,0.21679911338840427,-1.0356287758332114,-0.8248925382632114,-0.5511741438866864,0.08732513182991679,-0.40764296007012535,-0.8957443333847835,-0.2172628704658855
0.04119191214270319,-0.35074932470305586,-0.0934975569332448,0.179476268194726,-0.22646223940245166,0.2170262114079564,-0.49883714826687237,-0.19241936660556816,-0.18201181548111467,0.007566982469385118,-0.03721303822014328,0.35222365717556975,-0.27673558705329454,0.1496931235031115,-0.10411434243186235,0.15845130681968103,0.03748862472161091,0.13044701431316003,-0.1340127906207533,0.04137874207577197,0.2502655748141244,-0.24990181206764628,0.09681503862967726,0.0032793356515135597,0.24110145918185255,-0.4428097896849601,-0.09424058856069159,1.0232885003496448,-0.13955888881162098,-0.03934941951685955,-0.3978315893926799,0.10545121495976284,0.21519312753878464,0.045278928303045675,-0.3635675615163746,-0.386352607583363,0.0033855519169630303,0.3155670096865627,-0.06352697503085607,-0.07531518598344382,-0.06506032143561487,0.034698373476155384,-0.27922982605244656,-0.4854336066046976,0.05879983653803094,-0.300489860002316,0.0037320078122583073,-0.22813837261694433,0.3161155532636678
-0.05915792157951717,-0.028767879588307798,0.16536091457401175,0.1516785269626641,-0.09674440659329724,0.07755619527324908,0.039719765631435366,-0.18020770220672438,0.1712111281604724,-0.10946146820981756,0.148183238599797,0.1733812011079873,0.14294557957672382,0.09717575102605104,0.1507238949454344,-0.07591212613192229,-0.024685746619122723,-0.16082524346535143,-0.23103258814986172,0.14912904660368803,-0.12701966047669117,-0.03528974308397216,0.19530664674752377,-0.12212896222881174,0.05163267781175249,0.004306669613418911,0.08995355957689505,-0.13955888881162098,0.6737676304777056,0.044054283433670356,-0.06557239929219874,-0.05554169716096622,-0.026378203614511417,0.018267265329262688,0.35402923694327454,0.41378855157052796,0.07019124480527533,-0.06727692408086912,0.12570590135329773,0.06795667183945843,-0.31658523247708936,-0.13249698237069912,0.0269660209769149,-0.10801864590841175,-0.2678884246443609,-0.0899422242494056,-0.3195401985107982,-0.023302847937166735,-0.2775941703985347
0.663844449434712,0.0827132591260576,0.01971375529344992,0.020533010347813605,-1.4463148649149238,-0.44143762734263975,-1.283422089780461,-0.5104046262828348,-0.301198914550171,-1.4629832047650182,-1.4500348611805247,1.2715160176619744,-0.6831766253690359,0.8915143060580842,-0.24104534606588443,0.1707060116737114,-0.0818691395032923,1.4733540913564034,-0.1425887429865959,0.006461409038899939,0.6385609119455925,-0.32906743953075884,-0.5651406205703304,-0.9112991960164534,0.19274097907406776,-0.17535603692081597,1.273156794244446,-0.03934941951685955,0.044054283433670356,2.7140042394898494,-1.463403898702366,1.1420814297882957,0.5942762311779645,-0.09055783942342889,0.021190049583236434,0.1872205175977671,1.2410965021852587,0.7162276520790705,0.2642784927288276,0.1149106551878183,0.35408719312945147,0.16760024095029952,-1.3625397000253765,-1.125792090912986,-0.5186548589537096,-0.15811072910689697,-0.5241779747834836,-1.4073759891400845,0.282671564498909
-0.394681799108855,0.10067560788519513,0.38642985763705046,-0.07078226589346172,1.2564572580016398,0.12301858962778921,1.1839643375202575,0.3177160230486808,0.3515205643091861,1.2847347770273767,0.7472363125089747,-1.399267764516837,0.7741111881599739,-0.8034063482602898,-0.03148157327973545,-0.40537440971101213,-0.32260726930928957,-0.7865098347080068,-0.15786219740365307,-0.009584272556141304,-0.8691854670591694,0.438666348074939,-0.1385417208078233,0.5175620556253685,-0.3399100470167195,0.4776954197894565,-0.8219125416845074,-0.3978315893926799,-0.06557239929219874,-1.463403898702366,1.8787393326762143,-0.7036287491492039,-0.4792742803306596,0.24135857599643565,0.5721846861788705,0.36067449188440603,-0.6616161746400826,-0.8141903304030429,0.2742689350017821,-0.09089286022529885,-0.5229733485710775,-0.1496526666469339,1.1214976716259735,1.101938271898984,0.14541191407915266,0.06585264617900158,0.45121952899253437,0.8182125808829408,-0.20954663650573876
0.08172137328117672,-0.045566771472516324,-0.06661204112393142,-0.3086947001892306,-1.1248953249583318,-0.6341133335751623,-0.8540788724813032,-0.190364229801027,-0.4894627621216784,-0.5480100411787778,-1.0824144865726695,0.3945081870468478,-0.20093688295748469,0.2739055628620489,0.010279663942720613,0.10431261795973282,0.0730595463721839,1.050220592438177,0.2695920685989788,0.18079061095177862,0.10069498252553852,0.16937062595327318,-0.4752151399715491,-0.2618867357288185,0.06650690863255834,-0.4560185838165315,0.6587216936340469,0.10545121495976284,-0.05554169716096622,1.1420814297882957,-0.7036287491492039,1.5716784811493294,0.49035270012514187,-0.1134669418372457,-0.14506939593598794,-0.03435062899486461,0.694335878963085,0.39947561756725236,0.11010534813050747,0.08748484806439996,0.32067311082735733,0.23461524053794228,-0.8886618529448841,-0.9887513959618445,-0.32092858309591427,-0.31925431609611354,-0.35945599155333285,-0.8687736794677989,0.14941861298257997
0.08207663795604353,0.07831921498726882,-0.431912092797711,-0.006288967268472303,-0.5280661363074226,-0.43562086810584105,-0.690713436730863,-0.030313567160217048,-0.20803894672720652,-0.12436322406823681,-0.5078007940233645,0.24035537022981515,-0.2119289044519731,0.14476520461705375,0.5029660020539471,-0.06509203199657378,-0.19551164996377582,0.8350701369004869,0.34327721752526946,0.258221334192642,0.12043397618233292,-0.1920118539805538,-0.17291269619188762,-0.08535268187429966,-0.09754092263003215,-0.4440191310057565,-0.10450248983450212,0.21519312753878464,-0.026378203614511417,0.5942762311779645,-0.4792742803306596,0.49035270012514187,1.009688668817794,-0.4499354850837231,0.02978001463245336,-0.15073841102179297,0.574153155655899,0.20273689680689294,-0.08828322249429058,0.08336046013613217,0.16217283647047115,0.052036657876588725,-0.16556023783088036,-0.37437254512309376,0.10012605428972196,-0.5865742213044235,-0.45466738226726583,-0.40280112301821847,0.09188444101313799
-0.03900004829163599,-0.11740359639707577,0.381694814206323,0.026166341664543156,0.2428239023380219,0.129777522436954,0.44152408129082943,-0.2232962998756672,-0.09644892295282136,0.10872290179348298,0.03266989153396435,-0.17918913241924928,0.3651723426658645,0.08727544514400505,-0.1668663030251087,-0.16782614420053066,-0.26296128412058234,-0.375703525520012,-0.4131696910072213,-0.25019500746116197,-0.12699102639890678,0.2300807825105158,-0.16420814087701016,-0.1410569463814747,-0.03602904496025047,0.13985359247600168,0.26509038120778344,0.045278928303045675,0.018267265329262688,-0.09055783942342889,0.24135857599643565,-0.1134669418372457,-0.4499354850837231,0.7651025402054676,0.06970816948670504,0.05801936975677934,-0.13086928377061366,-0.1518229223685853,0.2897821928093498,0.07313754435694914,0.006900020505213151,-0.09044998418273983,0.05547698326268294,0.07824027642780611,0.02150830712981626,0.259065603533838,0.3250877840612971,-0.0896984202087032,-0.16391254638782415
0.10794957334987998,0.03184403735295681,0.044422072148591514,0.22038008119306313,0.292004711717093,-0.01790114204809322,0.06042975100599653,0.002405787371548072,0.4661779585982242,0.29043912148891815,0.1660067878336017,-0.3196562260769622,0.06078064300182985,-0.22764564901276282,0.45546573694103737,-0.24178652126227945,-0.2768382814724804,0.24705360313172497,-0.05162545178917996,0.003266846923650978,-0.5130098123330761,0.013556318506690184,-0.25876469347664477,-0.016409334344667455,-0.11657540764543198,0.35278385423927194,-0.10386255868514431,-0.3635675615163746,0.35402923694327454,0.021190049583236434,0.5721846861788705,-0.14506939593598794,0.02978001463245336,0.06970816948670504,1.3583593304939332,0.566793985175832,0.1757569259448736,-0.41462937195440225,0.391499228961798,-0.14483532957174536,-0.6345451333335217,-0.03563416023051823,0.3208604907957495,0.35146919911139224,-0.08736834159196101,-0.26668759034069367,-0.305315515964612,0.20954692486616808,-0.09333403952328352
-0.16942750972588094,-0.029086035588729766,0.09294176432398349,-0.13886703052497648,0.2891706324084685,-0.023660382631356107,0.34977218785023834,-0.5351802839166732,0.2539417364446521,0.08219889014690189,0.34022227207441774,0.07730710812885695,0.18580579229890504,-0.09844840283879686,-0.10947998503914515,-0.055050167729406116,0.10129770202383534,0.08988614636350303,-0.4745909361808329,-0.006041515906800829,-0.36527086882170784,-0.10459164744139446,-0.04496066911289824,-0.2844321573192151,-0.005205598057427229,0.005367545889723034,-0.1611622860219448,-0.386352607583363,0.41378855157052796,0.1872205175977671,0.36067449188440603,-0.03435062899486461,-0.15073841102179297,0.05801936975677934,0.566793985175832,1.4360975428527667,-0.119959693090702,-0.27858639424502035,0.2894743691065381,0.36026242366390754,-0.15031827983800783,-0.2782796724096559,0.11156547304758586,0.4757158460766115,-0.5497731174620467,-0.027647564527843706,-0.08614625116919157,0.2549935785989151,-0.22778274364325501
0.549074789017903,-0.08480929117588354,-0.008358969368219739,0.324871428760086,-0.7999663283939088,-0.5553745395541887,-1.1071686703985766,-0.08238405117395267,-0.1033687809084711,-0.7578892491214284,-1.0203695078637036,0.4991630658547616,-0.37589723382682927,0.6327682266913179,0.34567229280158,0.10045305466222429,-0.41637793958823055,0.8069496920991078,0.1486770704843545,0.10078912744304284,0.06775119596721359,-0.2204180915478381,-0.3555683808038081,-0.42405739806535003,-0.008659964534434074,-0.036138033502900256,0.5742914195252465,0.0033855519169630303,0.07019124480527533,1.2410965021852587,-0.6616161746400826,0.694335878963085,0.574153155655899,-0.13086928377061366,0.1757569259448736,-0.119959693090702,1.4199717164131715,0.17518082749739605,0.07877765642295949,-0.15928268541596904,-0.09265153434042961,0.15428180061159066,-0.6944486179904248,-0.9400758486729585,-0.17934827389791091,-0.5097320981535735,-0.755753199607588,-1.0002129100585067,-0.24466225575923314
0.22481157781955843,-0.14110644001118164,-0.07292409935642045,-0.03432924893977153,-0.7366761208714763,0.23981670096299929,-0.7109819981270092,0.11405363104798463,-0.2309750962631355,-0.3517010180645891,-0.39838797847246316,0.7815244915327842,-0.7202867717410203,0.06746158012802901,-0.36210084439228274,0.635575109193878,0.3109480260404156,0.2674478083178373,-0.09736693653120601,-0.0769811617913616,0.5834262899404914,-0.31134620994010215,0.1501177091005626,-0.03594604561484997,0.38077111370802846,-0.3925947687828788,0.2744210376010364,0.3155670096865627,-0.06727692408086912,0.7162276520790705,-0.8141903304030429,0.39947561756725236,0.20273689680689294,-0.1518229223685853,-0.41462937195440225,-0.27858639424502035,0.17518082749739605,1.112963606083124,-0.21598251611391645,-0.16576651695326775,0.14752194548637035,0.07050497248288487,-0.70532418831459,-0.6468837168133412,-0.13240896203325495,-0.15016061362142777,0.11037529477654662,-0.16264145782185455,0.20436404205220088
0.032437376375432564,0.1285266487609656,0.07259967424861224,-0.19762074010527939,-0.11000689735623148,-0.36477243461744663,0.17292555784647423,-0.25065612924829994,0.191502508128424,0.33937048918482077,0.04388784911950058,-0.25198575590451355,0.26887873794404304,0.023999629547754406,-0.042650877708523265,-0.4676639518774182,-0.2907658455093661,0.3635436934869171,-0.10206109030388598,-0.1864889943323137,-0.25487578780471026,0.4534322786677047,-0.23044336528216983,-0.20204914753630634,0.023461435180124675,0.001887501693919815,-0.11777144059404682,-0.06352697503085607,0.12570590135329773,0.2642784927288276,0.2742689350017821,0.11010534813050747,-0.08828322249429058,0.2897821928093498,0.391499228961798,0.2894743691065381,0.07877765642295949,-0.21598251611391645,1.1755738828370805,-0.10525296404354478,-0.18042419771357054,-0.07807625732911783,0.02634490936724608,-0.03890401781555265,-0.2201388226646826,0.021123313988069298,0.16808854281437585,-0.19060502161412687,0.20745096039209004
-0.2814582637753797,0.12935476817538588,-0.03693545809616966,-0.14748027095398947,-0.07115918127292495,-0.18405578944791756,0.2300360356086333,-0.40530241439392584,-0.47919778847480465,0.048620092971154445,-0.11912840371758338,-0.06490138246128647,0.3172530807871766,0.23103132197252899,-0.046636584871763566,-0.17563622510459195,-0.005762390196732319,0.173066354770444,-0.19911025185158648,0.06535122029308393,-0.03370315535756971,0.002757107247938991,-0.05521483956794037,-0.23689063577057828,-0.2048367362316005,-0.20608557516594908,0.14041728552321986,-0.07531518598344382,0.06795667183945843,0.1149106551878183,-0.09089286022529885,0.08748484806439996,0.08336046013613217,0.07313754435694914,-0.14483532957174536,0.36026242366390754,-0.15928268541596904,-0.16576651695326775,-0.10525296404354478,0.7670190962655774,0.20147520678444383,-0.05216820932112618,-0.17181202617332297,-0.006100849674632057,-0.24040981336571676,-0.12057213504097314,-0.07202095196528985,-0.030061948466509197,-0.16372149931245158
