V1,V2,V3,V4,V5,V6,V7,V8,V9,V10,V11,V12,V13,V14,V15,V16,V17,V18,V19,V20,V21,V22,V23,V24,V25,V26,V27,V28,V29,V30,V31,V32,V33,V34,V35,V36,V37,V38,V39,V40,V41,V42,V43,V44
0.8203398581409537,1.2264782307794508,0.8606452162329188,0.278306375258864,0.47305007456604053,-0.5372011165327025,1.067336247874682,-0.4226404290233392,-1.1753286863754155,1.3694589320163006,-0.8706274112304911,1.5730745539507724,2.7397748080567643,-0.989769044761571,0.0471377384341941,-0.556746592842003,0.09277683091006343,-2.269262258612637,0.7436910790439034,-1.9117401903765887,4.588375423489033,0.5799111996468433,1.515351494550237,0.8714365319978946,0.2234013464609457,1.3841902203406686,2.654973649328818,0.2722980109687405,1.031984586348308,1.3954900418397496,1.2351134163216235,1.2871994242813605,0.18366054178646243,0.6417418013133871,0.2954321343316702,1.5585092692022742,-1.7733447797536366,-0.9944377707201059,-0.11549799003738975,-2.0663962594305207,0.44147797967854396,1.3068089593967633,-2.2148566865485697,-0.11601891668836779
1.2264782307794508,16.013610275577072,6.183056857410927,-0.2814655448739288,3.230658861758943,-4.57385572452836,8.218153184140624,-8.545224137990038,-11.313250678118672,12.573866808051202,-11.255180519706693,15.065546268908378,29.083773946830828,-13.22647320168942,-3.832322465237857,-4.791771752874291,4.929331320992249,-21.19015499527356,3.608356731961439,-14.149377924291882,46.1889468893214,8.013666648758937,12.100494318056493,7.540981337717213,3.552173171128764,11.994661387166898,23.485171199945487,3.9098646439578744,7.433321317807821,13.368885033137003,10.665010949563625,10.728067682900823,-0.745697616672806,4.763808923023237,2.5141944781179513,15.84790698582008,-13.53033436845271,-8.916419551435439,-0.6886200070934311,-18.550988528109826,3.6453235124335377,7.461262883457636,-15.627266869656284,-2.7208971353374674
0.8606452162329188,6.183056857410927,3.163130587772801,-0.40922892517206316,1.3287317161454326,-2.5009018008702864,3.4519613965868565,-3.9089418892587418,-4.547780008230615,5.433171225563434,-4.989612625659748,6.219902896818526,12.381138151074829,-5.230538044259977,-1.7520375478947743,-2.2175751258197174,1.5118043211734329,-8.979980307932964,1.7594626532432662,-6.3796057622874836,19.273363088062258,3.3193625639326583,4.978355675160858,3.271494607995701,1.4000358199188552,5.002338736509913,10.085756171661235,1.3491266654032714,3.298043384606665,5.712936262812022,4.690537015868964,4.3319290341134185,0.02808776152893419,2.0669195010284005,0.8541218974365445,6.550609075465553,-5.481329214153823,-4.766003673861127,0.30224775868163223,-7.9270575852693215,1.2501210881664984,3.551239906487884,-6.993922263882514,-1.417553042094373
0.278306375258864,-0.2814655448739288,-0.40922892517206316,0.7660491401825432,0.2644687705026609,0.8588265789984912,0.12001442527443623,0.9947194845678752,0.08566641824003594,-0.37812181981830567,1.1792579724070549,0.16760153033972272,-1.1587934049233846,0.3398799566390364,0.813284561217455,0.21136815176712048,0.06519626102965799,0.2805376957305606,0.35238848432865477,0.32332431735037503,-0.9983343154577419,-0.5158498241176956,0.1709696948554723,-0.042481746759221437,-0.05980544609369665,0.03829635374686077,-0.4622476318841906,0.11326066458392726,-0.055073465938961626,-0.485442776624007,-0.37777375126358564,0.1390668950523526,-0.15862159063800735,0.25152969351453136,0.10068465386476975,-0.2083141373366567,-0.31926894238058445,1.4418199324416736,-0.7489518928921589,0.3627743806285163,0.29536488014231843,-0.13488825435864962,0.0944389551810359,0.7175304990949688
0.47305007456604053,3.230658861758943,1.3287317161454326,0.2644687705026609,1.0550804261030986,-0.7078098798266546,1.8105871472875252,-1.617498372864638,-2.536189017442772,2.671473258193451,-1.9673980893393495,3.415955201126285,5.944014223296887,-2.7410574961365533,-0.5149723180982997,-0.849495638160461,0.9819675101428483,-4.614917027002796,1.0211468556909238,-3.23509063881903,9.83467162637107,1.5476806276070558,2.866232070977534,1.7075479957123896,0.7349972567141877,2.721165255607123,5.2107150275085,0.7332819239286769,1.647503457894192,2.669857313315782,2.421162562818913,2.397846682603887,-0.23375065136732284,1.3448630700378885,0.5297920575181523,3.6458933612274818,-3.219414979019625,-1.4532840639081417,-0.4109278542843104,-4.0277584559565485,0.9416028314702344,1.658241301405684,-3.5122546886871695,-0.7009567554026136
-0.5372011165327025,-4.57385572452836,-2.5009018008702864,0.8588265789984912,-0.7078098798266546,2.6227431761798896,-2.375715346195998,3.500653136678269,3.3841995961564875,-4.2406541521252095,4.572850981264414,-4.122780944472142,-9.688328802272038,3.9063323739397657,1.82746440324541,1.6414234350830712,-0.8969476675530936,6.53621418757504,-0.8459922015311675,5.006083564706775,-14.452357568807713,-2.7781377508761387,-3.53877956495968,-2.192180905803344,-0.9792523800775603,-3.5325252767129856,-7.51200866152563,-0.7933938222469789,-2.4143638224050035,-4.473918719074433,-3.70722562057891,-3.0169036357480077,-0.23685367997541223,-1.149644598805764,-0.5995998484566706,-4.902458195796929,3.734038904786923,4.617275239608091,-0.9077729399473936,5.950482907898316,-0.7212939328159117,-2.739935357295537,5.038985465966399,1.8274419619634827
1.067336247874682,8.218153184140624,3.4519613965868565,0.12001442527443623,1.8105871472875252,-2.375715346195998,4.642950894205079,-4.182490891166341,-5.946734511655812,6.692788098281252,-5.476868517029138,8.28738328553895,15.231239407080507,-6.712996819169181,-1.6188137936910552,-2.606845787291709,2.287832018118146,-11.413840636519929,2.3572416956822906,-7.811379963036254,24.45150894375531,4.001049291356681,6.631440257510024,4.005872692966884,1.8370567850136097,6.559106601017784,12.521807635368512,2.065606041288675,4.147559543600486,7.089589488335019,5.652915032520592,5.8429993954160775,-0.2401919554209652,2.733015360842618,1.3075610208405046,8.408256122749869,-7.4109544933223725,-4.669394277703139,-0.3561368767613532,-9.942134674781887,1.97520686885614,4.249144910374166,-8.659087062507265,-1.1032378473427422
-0.4226404290233392,-8.545224137990038,-3.9089418892587418,0.9947194845678752,-1.617498372864638,3.500653136678269,-4.182490891166341,5.841460651445084,6.10615089469246,-7.187430725054733,7.221676252534193,-7.860529815906181,-16.677042233615623,7.298605914684836,2.9360072354355746,2.6941078215170187,-2.348092003178549,11.613176170499944,-1.655036718845184,8.14331195048069,-25.588860353083845,-4.7679334879443545,-6.3479715699461945,-4.076209144772506,-1.9329703282788715,-6.3663917979152975,-13.10902540012042,-1.748490494145704,-4.02875871549005,-7.5225895447006,-6.224315548695808,-5.458506651869261,0.18658871069380226,-2.436315983840982,-1.1201829740494722,-8.871849809966672,6.815370045518676,6.47853166566752,-0.6301076028110988,10.312688644239298,-1.5900486301396968,-4.15581140019396,8.48906491386911,2.6482405257877506
-1.1753286863754155,-11.313250678118672,-4.547780008230615,0.08566641824003594,-2.536189017442772,3.3841995961564875,-5.946734511655812,6.10615089469246,8.309473461068228,-9.133632146731681,8.066857029404984,-10.752478662089182,-20.86822526401475,9.401971075532877,2.6416091440973357,3.279560600325697,-3.348417735038035,15.243339294230266,-2.650865449076542,10.561402459637867,-33.2766758273272,-5.758353349787515,-8.963559939099323,-5.409854495192102,-2.4585985478522816,-8.713590187793288,-17.150196152714265,-2.623648991000462,-5.444437863922317,-9.589024199718873,-7.950562999937381,-7.7955496591808195,0.477891967537906,-3.5471128487048875,-1.8330313203830957,-11.63838085037719,9.988931968000609,6.474897495951044,0.48368409410151014,13.47031781410636,-2.7155427125457643,-5.593353050134715,11.45212197385804,2.3661795362887825
1.3694589320163006,12.573866808051202,5.433171225563434,-0.37812181981830567,2.671473258193451,-4.2406541521252095,6.692788098281252,-7.187430725054733,-9.133632146731681,10.455562604223624,-9.368496483437907,12.1419806558882,23.785175273538542,-10.490175196083044,-3.157766260203322,-3.9690319600455646,3.5165332622100793,-17.3312522134982,3.0965938124084613,-12.05753936460681,37.56971634761901,6.470119408703259,9.93389663197617,6.153773279566405,2.7977967650038975,9.785306367637297,19.344223049235207,2.8977901753191264,6.212027099677423,10.942412622147561,8.897782469005449,8.635047856087757,-0.3154456975427231,3.9389023201611333,1.9261611780084473,12.963665801013752,-10.972592981415179,-8.02706913605277,-0.0774041492244582,-15.272619482310155,2.818331474450164,6.4513051242491875,-13.095767523067419,-2.667289368856748
-0.8706274112304911,-11.255180519706693,-4.989612625659748,1.1792579724070549,-1.9673980893393495,4.572850981264414,-5.476868517029138,7.221676252534193,8.066857029404984,-9.368496483437907,9.749262432614644,-9.891508002472737,-21.710493775470596,9.541217380314142,3.736522453100392,3.6501440005669945,-3.1697399593624196,15.023481050646776,-1.9711473029932147,10.537999383750682,-33.26901299248367,-6.262492112813486,-8.282070294944806,-5.444558719887336,-2.4146495046094145,-8.223819358693081,-17.209875311321163,-2.3349928995112936,-5.330437244675244,-9.963035695269028,-8.141591769082925,-7.290918322215221,0.11366050194174476,-2.910199436833435,-1.685451442844053,-11.24430941931675,9.122067719109324,8.415648425489547,-0.5229995848324174,13.47838535578406,-2.1701078777609673,-5.737227714611102,11.367559965370887,3.174593029279186
1.5730745539507724,15.065546268908378,6.219902896818526,0.16760153033972272,3.415955201126285,-4.122780944472142,8.28738328553895,-7.860529815906181,-10.752478662089182,12.1419806558882,-9.891508002472737,15.296756641634438,27.754033163077697,-12.41293549192994,-3.0845368770194685,-4.737959667413637,4.380885199310066,-20.86899895977856,4.299025465499435,-13.992025258953875,44.57194649178077,7.268762736532724,11.953023383658078,7.420879381189296,3.4779814270922134,11.929960747477114,22.74919841152801,3.794744965712453,7.409761925129246,12.75847563208228,10.194471634337033,10.512356521094326,-0.6267938986289717,5.130857003783612,2.270960612741529,15.417448858664388,-13.3394534181913,-8.25445260595134,-0.7361011624032056,-18.040890385721134,3.566448668190565,7.396411561658175,-15.537472985488458,-2.062436315120201
2.7397748080567643,29.083773946830828,12.381138151074829,-1.1587934049233846,5.944014223296887,-9.688328802272038,15.231239407080507,-16.677042233615623,-20.86822526401475,23.785175273538542,-21.710493775470596,27.754033163077697,54.72126237579551,-24.229819837687934,-7.567027179844178,-9.137393771389146,8.275985292653685,-39.61023276221768,6.862106414515755,-27.234082036818638,86.12156893986445,15.022788796709449,22.431385583966307,14.077641388140702,6.47216669670268,22.28899321107674,44.18711312740695,6.750421741054971,14.104418570899043,25.15767848267935,20.366948816126225,19.693244691124324,-0.8399601130156854,8.85984795203022,4.38198900287374,29.553402308700655,-24.885187132785685,-18.51951357745356,-0.13727210066269838,-34.85806713478981,6.343213738376402,14.54533430288502,-29.66695060991804,-5.970730435135283
-0.989769044761571,-13.22647320168942,-5.230538044259977,0.3398799566390364,-2.7410574961365533,3.9063323739397657,-6.712996819169181,7.298605914684836,9.401971075532877,-10.490175196083044,9.541217380314142,-12.41293549192994,-24.229819837687934,11.029124127928101,3.3284688119193016,3.9763873847963818,-4.08639565685543,17.589983516648143,-2.9477485968601624,11.791153447824254,-38.369419729072874,-6.710975511602008,-10.014751419441204,-6.346814786908796,-2.9445121676135364,-9.909214454333185,-19.619974486436377,-3.1434003888489728,-6.151449319171844,-11.08282429148824,-8.952630368280657,-8.821534093120238,0.6158852298014054,-3.985418879474221,-2.0467105830996726,-13.207573143295352,11.167531512621574,7.58934388233433,0.5013733390961724,15.431079091519733,-2.9775513607513764,-6.207784023881561,13.012900642022746,2.5170974776327157
0.0471377384341941,-3.832322465237857,-1.7520375478947743,0.813284561217455,-0.5149723180982997,1.82746440324541,-1.6188137936910552,2.9360072354355746,2.6416091440973357,-3.157766260203322,3.736522453100392,-3.0845368770194685,-7.567027179844178,3.3284688119193016,1.731139284512845,1.2047601378337527,-1.1063781556463015,4.908865222089241,-0.3760264739072063,3.4188893277968875,-11.195529932719827,-2.3286026770383166,-2.516025381410855,-1.7478538379011255,-0.8339849544791225,-2.573346974361087,-5.709841917123369,-0.6967262337280331,-1.6620099809615079,-3.399336445983932,-2.8033703286012606,-2.2124148235134133,0.08208322243334273,-0.815159196090665,-0.4636431249340499,-3.774131261264063,2.674740994906063,3.3345933437079416,-0.5311566442941177,4.4528522664130055,-0.5413120879680723,-1.7443903816453719,3.5067400498733234,1.4708997009947828
-0.556746592842003,-4.791771752874291,-2.2175751258197174,0.21136815176712048,-0.849495638160461,1.6414234350830712,-2.606845787291709,2.6941078215170187,3.279560600325697,-3.9690319600455646,3.6501440005669945,-4.737959667413637,-9.137393771389146,3.9763873847963818,1.2047601378337527,1.8723017380021043,-1.3455419432369393,6.729773789789626,-1.3423228772631868,4.410898413742874,-14.261470109555365,-2.3899558290559844,-3.5683790295911617,-2.5692663444613255,-1.109448571717344,-3.7032464094814275,-7.349633636788576,-1.217539798952184,-2.4177676487216453,-4.260900433369737,-3.1971623827505633,-3.272264144945794,-0.011846727891139898,-1.459659110474422,-0.6994629763291883,-4.59464360855805,4.04255430699792,3.2520931472263754,0.03251343973721003,5.828008193462527,-0.9462443141161688,-2.559760189797084,5.23401396640752,0.4710407364618955
0.09277683091006343,4.929331320992249,1.5118043211734329,0.06519626102965799,0.9819675101428483,-0.8969476675530936,2.287832018118146,-2.348092003178549,-3.348417735038035,3.5165332622100793,-3.1697399593624196,4.380885199310066,8.275985292653685,-4.08639565685543,-1.1063781556463015,-1.3455419432369393,1.8815373924208763,-6.055304029721159,0.9244368470774244,-3.6601844866455364,13.34797925549242,2.3519820248820023,3.4580943863905045,2.3019654463218124,1.0938947322146197,3.4150825629616386,6.7149408941462685,1.302260266438367,2.005624030632038,3.7548317194660643,2.913312966100144,3.1300701486034463,-0.47036812389117627,1.3931630517556433,0.8222132422329338,4.541276631376374,-3.947991074545999,-1.9284160530359244,-0.666721910005186,-5.250755772906728,1.1774237766959494,1.8692018865114175,-4.32611991284693,-0.5514322550289092
-2.269262258612637,-21.19015499527356,-8.979980307932964,0.2805376957305606,-4.614917027002796,6.53621418757504,-11.413840636519929,11.613176170499944,15.243339294230266,-17.3312522134982,15.023481050646776,-20.86899895977856,-39.61023276221768,17.589983516648143,4.908865222089241,6.729773789789626,-6.055304029721159,29.245807352262716,-5.557922796409112,19.950121079155274,-62.9539439851522,-10.608104113751287,-16.69270637998482,-10.463606189276806,-4.787144258750282,-16.581360632170725,-32.338208236309285,-5.091771506936237,-10.437186882100502,-18.226846243130275,-14.700041263719127,-14.642185914707358,0.6689697487055136,-6.862977002524206,-3.232286924728569,-21.667087282065204,18.59889857097722,12.701802201298449,0.5829868081758117,25.546055456282485,-4.8454711307469225,-10.688287061263336,22.0023754728833,3.701037080127148
0.7436910790439034,3.608356731961439,1.7594626532432662,0.35238848432865477,1.0211468556909238,-0.8459922015311675,2.3572416956822906,-1.655036718845184,-2.650865449076542,3.0965938124084613,-1.9711473029932147,4.299025465499435,6.862106414515755,-2.9477485968601624,-0.3760264739072063,-1.3423228772631868,0.9244368470774244,-5.557922796409112,1.612845410050795,-3.7301170333649196,11.343934426861038,1.5693440918187547,3.2122542593361234,2.0559804894552824,0.888506334860006,3.2394012908895164,5.906315899093002,1.0111157729543825,2.0699586820645415,3.2041614317690197,2.522242697162143,2.816607363659247,-0.07971690713657514,1.6070455417645386,0.5299778153662589,3.8912581588211435,-3.626568697925774,-1.874937737990838,-0.33098964748096527,-4.699280704654999,0.9461231934041839,2.102655344130404,-4.372916280924358,-0.03214436581375838
-1.9117401903765887,-14.149377924291882,-6.3796057622874836,0.32332431735037503,-3.23509063881903,5.006083564706775,-7.811379963036254,8.14331195048069,10.561402459637867,-12.05753936460681,10.537999383750682,-13.992025258953875,-27.234082036818638,11.791153447824254,3.4188893277968875,4.410898413742874,-3.6601844866455364,19.950121079155274,-3.7301170333649196,14.311932003496443,-43.135485888131164,-7.337051207330376,-11.642356644350457,-6.948893672988211,-3.1233863878978956,-11.38036400988194,-22.36231632813986,-3.1532394030494064,-7.277847274315538,-12.556021216926853,-10.466483342930255,-10.0080942455844,0.23488032532339997,-4.6576731514782885,-2.177095138954759,-15.096977768663884,12.836928485751352,9.37361890839853,-0.07542860725827934,17.650845069801058,-3.284298492454585,-7.666371131979831,15.226161984963825,3.3291942298971366
4.588375423489033,46.1889468893214,19.273363088062258,-0.9983343154577419,9.83467162637107,-14.452357568807713,24.45150894375531,-25.588860353083845,-33.2766758273272,37.56971634761901,-33.26901299248367,44.57194649178077,86.12156893986445,-38.369419729072874,-11.195529932719827,-14.261470109555365,13.34797925549242,-62.9539439851522,11.343934426861038,-43.135485888131164,136.5477282927882,23.448731453401518,36.064331861512734,22.380323424720554,10.295480313018983,35.66818888303507,70.04887426378272,10.937272935101117,22.435676217114782,39.606913822927986,32.0995969107971,31.596367362262328,-1.608523642820561,14.491829156516971,7.09554746652222,47.08523008182634,-40.11106306337296,-27.86473635762187,-1.0649774390331517,-55.269767225728714,10.475784800299659,22.966921423096867,-47.165845260136074,-8.837721884701557
0.5799111996468433,8.013666648758937,3.3193625639326583,-0.5158498241176956,1.5476806276070558,-2.7781377508761387,4.001049291356681,-4.7679334879443545,-5.758353349787515,6.470119408703259,-6.262492112813486,7.268762736532724,15.022788796709449,-6.710975511602008,-2.3286026770383166,-2.3899558290559844,2.3519820248820023,-10.608104113751287,1.5693440918187547,-7.337051207330376,23.448731453401518,4.286995324856813,6.0140671099243335,3.7496209639935656,1.7342584214177708,5.934774180470794,12.018326944065803,1.7808125593166344,3.7453011010527337,6.88209001709712,5.642246860513973,5.271881181983743,-0.2780835357723774,2.25111950355255,1.2196967248851598,8.071776348916275,-6.644020526802093,-5.231246477331912,0.053718536876488344,-9.43600297074817,1.694389856348609,3.8710335776098526,-7.869838809907353,-1.968698398888697
1.515351494550237,12.100494318056493,4.978355675160858,0.1709696948554723,2.866232070977534,-3.53877956495968,6.631440257510024,-6.3479715699461945,-8.963559939099323,9.93389663197617,-8.282070294944806,11.953023383658078,22.431385583966307,-10.014751419441204,-2.516025381410855,-3.5683790295911617,3.4580943863905045,-16.69270637998482,3.2122542593361234,-11.642356644350457,36.064331861512734,6.0140671099243335,9.917959426361836,5.868554499606525,2.6689539274063665,9.613992509756553,18.600959273603095,2.8691249020789367,6.019846838220848,10.335209556506026,8.545625862493063,8.556459645110472,-0.4676395218467741,4.048756611897467,1.9654809218658538,12.678415142508385,-11.017757410484807,-6.787324819896044,-0.5853933008865131,-14.67077421049811,3.009943843128129,6.178315485635682,-12.623453043388581,-2.3191237523919903
0.8714365319978946,7.540981337717213,3.271494607995701,-0.042481746759221437,1.7075479957123896,-2.192180905803344,4.005872692966884,-4.076209144772506,-5.409854495192102,6.153773279566405,-5.444558719887336,7.420879381189296,14.077641388140702,-6.346814786908796,-1.7478538379011255,-2.5692663444613255,2.3019654463218124,-10.463606189276806,2.0559804894552824,-6.948893672988211,22.380323424720554,3.7496209639935656,5.868554499606525,4.048968504372587,1.7116288858312305,5.873081532653198,11.691347714945312,1.830027716720407,3.7284708800213666,6.467690874051701,5.211557880134084,5.222598320944272,-0.2456411376071591,2.518097957781475,1.1665644288252472,7.551955667830271,-6.676793059365577,-4.419207503367593,-0.46991891576392536,-9.129180502296412,1.7226603688020734,3.882177494460739,-8.0944509671895,-1.099331168057109
0.2234013464609457,3.552173171128764,1.4000358199188552,-0.05980544609369665,0.7349972567141877,-0.9792523800775603,1.8370567850136097,-1.9329703282788715,-2.4585985478522816,2.7977967650038975,-2.4146495046094145,3.4779814270922134,6.47216669670268,-2.9445121676135364,-0.8339849544791225,-1.109448571717344,1.0938947322146197,-4.787144258750282,0.888506334860006,-3.1233863878978956,10.295480313018983,1.7342584214177708,2.6689539274063665,1.7116288858312305,0.8317789426103256,2.695717841174919,5.199844754856021,0.8950504946601114,1.6503007246238117,2.9491722284293953,2.313001787072901,2.365267354795992,-0.1731623877551638,1.1229490671235745,0.5157403470304173,3.529808920258398,-2.968451208343178,-1.955988957846396,-0.13877488383919984,-4.12589729630003,0.7860980503275498,1.6107699550109131,-3.4750129676474137,-0.5243800746416365
1.3841902203406686,11.994661387166898,5.002338736509913,0.03829635374686077,2.721165255607123,-3.5325252767129856,6.559106601017784,-6.3663917979152975,-8.713590187793288,9.785306367637297,-8.223819358693081,11.929960747477114,22.28899321107674,-9.909214454333185,-2.573346974361087,-3.7032464094814275,3.4150825629616386,-16.581360632170725,3.2394012908895164,-11.38036400988194,35.66818888303507,5.934774180470794,9.613992509756553,5.873081532653198,2.695717841174919,9.492997658598538,18.322714206645003,2.91085722070762,5.945570091035891,10.268620123935412,8.341984942236392,8.4031166241335,-0.4258780010216928,3.980295284685071,1.8715558852749097,12.37811548605382,-10.733550559024923,-6.8871709413408375,-0.47976805714398274,-14.482089130515234,2.8579859731409685,6.065641568077683,-12.479532129420868,-2.037082203431277
2.654973649328818,23.485171199945487,10.085756171661235,-0.4622476318841906,5.2107150275085,-7.51200866152563,12.521807635368512,-13.10902540012042,-17.150196152714265,19.344223049235207,-17.209875311321163,22.74919841152801,44.18711312740695,-19.619974486436377,-5.709841917123369,-7.349633636788576,6.7149408941462685,-32.338208236309285,5.906315899093002,-22.36231632813986,70.04887426378272,12.018326944065803,18.600959273603095,11.691347714945312,5.199844754856021,18.322714206645003,36.27284162676686,5.438925930586132,11.613743154539158,20.3260951021566,16.705436268623238,16.24852603160012,-0.7240664655869605,7.539752390053359,3.646143213337368,24.1843396709126,-20.762564202522796,-14.47589575547168,-0.6041645701690582,-28.48736279997007,5.390444109580499,12.074498012951242,-24.574408246629034,-4.724512195980181
0.2722980109687405,3.9098646439578744,1.3491266654032714,0.11326066458392726,0.7332819239286769,-0.7933938222469789,2.065606041288675,-1.748490494145704,-2.623648991000462,2.8977901753191264,-2.3349928995112936,3.794744965712453,6.750421741054971,-3.1434003888489728,-0.6967262337280331,-1.217539798952184,1.302260266438367,-5.091771506936237,1.0111157729543825,-3.1532394030494064,10.937272935101117,1.7808125593166344,2.8691249020789367,1.830027716720407,0.8950504946601114,2.91085722070762,5.438925930586132,1.1287307762768424,1.768735826843933,3.139605072801297,2.2928196993162984,2.6285251775129197,-0.2408434893081479,1.1883083002832144,0.6329202109848489,3.625776859772376,-3.2814595402523787,-1.7065324749491761,-0.407616426023614,-4.350061320073288,0.9151368561828584,1.6860981113697622,-3.7170529937392782,-0.13068075239500537
1.031984586348308,7.433321317807821,3.298043384606665,-0.055073465938961626,1.647503457894192,-2.4143638224050035,4.147559543600486,-4.02875871549005,-5.444437863922317,6.212027099677423,-5.330437244675244,7.409761925129246,14.104418570899043,-6.151449319171844,-1.6620099809615079,-2.4177676487216453,2.005624030632038,-10.437186882100502,2.0699586820645415,-7.277847274315538,22.435676217114782,3.7453011010527337,6.019846838220848,3.7284708800213666,1.6503007246238117,5.945570091035891,11.613743154539158,1.768735826843933,3.8203161595740793,6.552401111106625,5.318478961537606,5.278095042453695,-0.14406006164051244,2.4540486470112475,1.1615621689123505,7.694301832831911,-6.7285859599879245,-4.664072118447681,-0.1542522496589789,-9.169141022395275,1.724995694591316,4.007930384018717,-8.026248269212873,-1.2943508027348019
1.3954900418397496,13.368885033137003,5.712936262812022,-0.485442776624007,2.669857313315782,-4.473918719074433,7.089589488335019,-7.5225895447006,-9.589024199718873,10.942412622147561,-9.963035695269028,12.75847563208228,25.15767848267935,-11.08282429148824,-3.399336445983932,-4.260900433369737,3.7548317194660643,-18.226846243130275,3.2041614317690197,-12.556021216926853,39.606913822927986,6.88209001709712,10.335209556506026,6.467690874051701,2.9491722284293953,10.268620123935412,20.3260951021566,3.139605072801297,6.552401111106625,11.639844998555619,9.351870597687224,9.125019340237841,-0.32145322464687426,4.02805327323649,2.0521830220882875,13.49841275664235,-11.505029287729158,-8.555027564491592,-0.07246578439192143,-16.055373734236145,2.9228713229782466,6.813728095108736,-13.75608547082263,-2.5670724400710037
1.2351134163216235,10.665010949563625,4.690537015868964,-0.37777375126358564,2.421162562818913,-3.70722562057891,5.652915032520592,-6.224315548695808,-7.950562999937381,8.897782469005449,-8.141591769082925,10.194471634337033,20.366948816126225,-8.952630368280657,-2.8033703286012606,-3.1971623827505633,2.913312966100144,-14.700041263719127,2.522242697162143,-10.466483342930255,32.0995969107971,5.642246860513973,8.545625862493063,5.211557880134084,2.313001787072901,8.341984942236392,16.705436268623238,2.2928196993162984,5.318478961537606,9.351870597687224,7.9403058373964095,7.3940545319198,-0.2911600933229869,3.3766175752119953,1.6450664487784412,11.25246695251383,-9.479779949675146,-6.996340757907625,-0.018124634689070374,-13.072586522109741,2.444111092710832,5.605015769961141,-11.154134732881326,-2.6993642839514465
1.2871994242813605,10.728067682900823,4.3319290341134185,0.1390668950523526,2.397846682603887,-3.0169036357480077,5.8429993954160775,-5.458506651869261,-7.7955496591808195,8.635047856087757,-7.290918322215221,10.512356521094326,19.693244691124324,-8.821534093120238,-2.2124148235134133,-3.272264144945794,3.1300701486034463,-14.642185914707358,2.816607363659247,-10.0080942455844,31.596367362262328,5.271881181983743,8.556459645110472,5.222598320944272,2.365267354795992,8.4031166241335,16.24852603160012,2.6285251775129197,5.278095042453695,9.125019340237841,7.3940545319198,7.54093871530745,-0.4015059730133273,3.4678947623688416,1.7471273523371313,10.916167847862733,-9.624282130806526,-5.909503991833607,-0.6106645890581994,-12.825053085671746,2.613858655964944,5.415750774879527,-11.087809922628319,-1.6714545236119465
0.18366054178646243,-0.745697616672806,0.02808776152893419,-0.15862159063800735,-0.23375065136732284,-0.23685367997541223,-0.2401919554209652,0.18658871069380226,0.477891967537906,-0.3154456975427231,0.11366050194174476,-0.6267938986289717,-0.8399601130156854,0.6158852298014054,0.08208322243334273,-0.011846727891139898,-0.47036812389117627,0.6689697487055136,-0.07971690713657514,0.23488032532339997,-1.608523642820561,-0.2780835357723774,-0.4676395218467741,-0.2456411376071591,-0.1731623877551638,-0.4258780010216928,-0.7240664655869605,-0.2408434893081479,-0.14406006164051244,-0.32145322464687426,-0.2911600933229869,-0.4015059730133273,0.3025744592930122,-0.2654193584855718,-0.12371966057269967,-0.6665847862093341,0.5433166995492326,-0.31420296999016856,0.35121189798266267,0.5429106552230373,-0.25386250765000223,0.033080253827040405,0.2732492236762266,0.021063173982597584
0.6417418013133871,4.763808923023237,2.0669195010284005,0.25152969351453136,1.3448630700378885,-1.149644598805764,2.733015360842618,-2.436315983840982,-3.5471128487048875,3.9389023201611333,-2.910199436833435,5.130857003783612,8.85984795203022,-3.985418879474221,-0.815159196090665,-1.459659110474422,1.3931630517556433,-6.862977002524206,1.6070455417645386,-4.6576731514782885,14.491829156516971,2.25111950355255,4.048756611897467,2.518097957781475,1.1229490671235745,3.980295284685071,7.539752390053359,1.1883083002832144,2.4540486470112475,4.02805327323649,3.3766175752119953,3.4678947623688416,-0.2654193584855718,1.918304771541781,0.7134366212935096,5.1503715573325435,-4.531886647442832,-2.4007124582738792,-0.4183387564101944,-5.916679781561037,1.2374448909835447,2.4399549253344954,-5.2001949513773305,-0.6892908105256762
0.2954321343316702,2.5141944781179513,0.8541218974365445,0.10068465386476975,0.5297920575181523,-0.5995998484566706,1.3075610208405046,-1.1201829740494722,-1.8330313203830957,1.9261611780084473,-1.685451442844053,2.270960612741529,4.38198900287374,-2.0467105830996726,-0.4636431249340499,-0.6994629763291883,0.8222132422329338,-3.232286924728569,0.5299778153662589,-2.177095138954759,7.09554746652222,1.2196967248851598,1.9654809218658538,1.1665644288252472,0.5157403470304173,1.8715558852749097,3.646143213337368,0.6329202109848489,1.1615621689123505,2.0521830220882875,1.6450664487784412,1.7471273523371313,-0.12371966057269967,0.7134366212935096,0.4837629819602641,2.4354504919116815,-2.2430312639287986,-1.1532144033743417,-0.29413367547548147,-2.86112913921714,0.6641416860580701,1.2073752355963765,-2.469840373845999,-0.35237176104634405
1.5585092692022742,15.84790698582008,6.550609075465553,-0.2083141373366567,3.6458933612274818,-4.902458195796929,8.408256122749869,-8.871849809966672,-11.63838085037719,12.963665801013752,-11.24430941931675,15.417448858664388,29.553402308700655,-13.207573143295352,-3.774131261264063,-4.59464360855805,4.541276631376374,-21.667087282065204,3.8912581588211435,-15.096977768663884,47.08523008182634,8.071776348916275,12.678415142508385,7.551955667830271,3.529808920258398,12.37811548605382,24.1843396709126,3.625776859772376,7.694301832831911,13.49841275664235,11.25246695251383,10.916167847862733,-0.6665847862093341,5.1503715573325435,2.4354504919116815,16.639172861395085,-13.97081174696818,-9.340877442904763,-0.3791543847975638,-19.060790695943293,3.7532969863971997,7.810741509355276,-16.079405388921057,-3.539707757663072
-1.7733447797536366,-13.53033436845271,-5.481329214153823,-0.31926894238058445,-3.219414979019625,3.734038904786923,-7.4109544933223725,6.815370045518676,9.988931968000609,-10.972592981415179,9.122067719109324,-13.3394534181913,-24.885187132785685,11.167531512621574,2.674740994906063,4.04255430699792,-3.947991074545999,18.59889857097722,-3.626568697925774,12.836928485751352,-40.11106306337296,-6.644020526802093,-11.017757410484807,-6.676793059365577,-2.968451208343178,-10.733550559024923,-20.762564202522796,-3.2814595402523787,-6.7285859599879245,-11.505029287729158,-9.479779949675146,-9.624282130806526,0.5433166995492326,-4.531886647442832,-2.2430312639287986,-13.97081174696818,12.432758684699417,7.308395426188583,0.9260475942967767,16.329330083867927,-3.405032261589801,-6.935676965517877,14.183871716486802,2.265348236429206
-0.9944377707201059,-8.916419551435439,-4.766003673861127,1.4418199324416736,-1.4532840639081417,4.617275239608091,-4.669394277703139,6.47853166566752,6.474897495951044,-8.02706913605277,8.415648425489547,-8.25445260595134,-18.51951357745356,7.58934388233433,3.3345933437079416,3.2520931472263754,-1.9284160530359244,12.701802201298449,-1.874937737990838,9.37361890839853,-27.86473635762187,-5.231246477331912,-6.787324819896044,-4.419207503367593,-1.955988957846396,-6.8871709413408375,-14.47589575547168,-1.7065324749491761,-4.664072118447681,-8.555027564491592,-6.996340757907625,-5.909503991833607,-0.31420296999016856,-2.4007124582738792,-1.1532144033743417,-9.340877442904763,7.308395426188583,8.38557123940073,-1.3758609942139404,11.427289810513374,-1.4439124777874595,-5.1906125962789105,9.781207758276125,2.9474004490790944
-0.11549799003738975,-0.6886200070934311,0.30224775868163223,-0.7489518928921589,-0.4109278542843104,-0.9077729399473936,-0.3561368767613532,-0.6301076028110988,0.48368409410151014,-0.0774041492244582,-0.5229995848324174,-0.7361011624032056,-0.13727210066269838,0.5013733390961724,-0.5311566442941177,0.03251343973721003,-0.666721910005186,0.5829868081758117,-0.33098964748096527,-0.07542860725827934,-1.0649774390331517,0.053718536876488344,-0.5853933008865131,-0.46991891576392536,-0.13877488383919984,-0.47976805714398274,-0.6041645701690582,-0.407616426023614,-0.1542522496589789,-0.07246578439192143,-0.018124634689070374,-0.6106645890581994,0.35121189798266267,-0.4183387564101944,-0.29413367547548147,-0.3791543847975638,0.9260475942967767,-1.3758609942139404,1.1449407397171334,0.3870378181806657,-0.5063853204262962,-0.019203793590405388,0.5072038656757117,-0.7416294194456852
-2.0663962594305207,-18.550988528109826,-7.9270575852693215,0.3627743806285163,-4.0277584559565485,5.950482907898316,-9.942134674781887,10.312688644239298,13.47031781410636,-15.272619482310155,13.47838535578406,-18.040890385721134,-34.85806713478981,15.431079091519733,4.4528522664130055,5.828008193462527,-5.250755772906728,25.546055456282485,-4.699280704654999,17.650845069801058,-55.269767225728714,-9.43600297074817,-14.67077421049811,-9.129180502296412,-4.12589729630003,-14.482089130515234,-28.48736279997007,-4.350061320073288,-9.169141022395275,-16.055373734236145,-13.072586522109741,-12.825053085671746,0.5429106552230373,-5.916679781561037,-2.86112913921714,-19.060790695943293,16.329330083867927,11.427289810513374,0.3870378181806657,22.465499638705808,-4.236144089376729,-9.485437258156166,19.327438685497782,3.60812573921518
0.44147797967854396,3.6453235124335377,1.2501210881664984,0.29536488014231843,0.9416028314702344,-0.7212939328159117,1.97520686885614,-1.5900486301396968,-2.7155427125457643,2.818331474450164,-2.1701078777609673,3.566448668190565,6.343213738376402,-2.9775513607513764,-0.5413120879680723,-0.9462443141161688,1.1774237766959494,-4.8454711307469225,0.9461231934041839,-3.284298492454585,10.475784800299659,1.694389856348609,3.009943843128129,1.7226603688020734,0.7860980503275498,2.8579859731409685,5.390444109580499,0.9151368561828584,1.724995694591316,2.9228713229782466,2.444111092710832,2.613858655964944,-0.25386250765000223,1.2374448909835447,0.6641416860580701,3.7532969863971997,-3.405032261589801,-1.4439124777874595,-0.5063853204262962,-4.236144089376729,1.0416822595073967,1.7182737610644157,-3.630388673297467,-0.5193733413476631
1.3068089593967633,7.461262883457636,3.551239906487884,-0.13488825435864962,1.658241301405684,-2.739935357295537,4.249144910374166,-4.15581140019396,-5.593353050134715,6.4513051242491875,-5.737227714611102,7.396411561658175,14.54533430288502,-6.207784023881561,-1.7443903816453719,-2.559760189797084,1.8692018865114175,-10.688287061263336,2.102655344130404,-7.666371131979831,22.966921423096867,3.8710335776098526,6.178315485635682,3.882177494460739,1.6107699550109131,6.065641568077683,12.074498012951242,1.6860981113697622,4.007930384018717,6.813728095108736,5.605015769961141,5.415750774879527,0.033080253827040405,2.4399549253344954,1.2073752355963765,7.810741509355276,-6.935676965517877,-5.1906125962789105,-0.019203793590405388,-9.485437258156166,1.7182737610644157,4.392129348552941,-8.488819246548989,-1.472553877185013
-2.2148566865485697,-15.627266869656284,-6.993922263882514,0.0944389551810359,-3.5122546886871695,5.038985465966399,-8.659087062507265,8.48906491386911,11.45212197385804,-13.095767523067419,11.367559965370887,-15.537472985488458,-29.66695060991804,13.012900642022746,3.5067400498733234,5.23401396640752,-4.32611991284693,22.0023754728833,-4.372916280924358,15.226161984963825,-47.165845260136074,-7.869838809907353,-12.623453043388581,-8.0944509671895,-3.4750129676474137,-12.479532129420868,-24.574408246629034,-3.7170529937392782,-8.026248269212873,-13.75608547082263,-11.154134732881326,-11.087809922628319,0.2732492236762266,-5.2001949513773305,-2.469840373845999,-16.079405388921057,14.183871716486802,9.781207758276125,0.5072038656757117,19.327438685497782,-3.630388673297467,-8.488819246548989,17.10630985316245,2.648434406322588
-0.11601891668836779,-2.7208971353374674,-1.417553042094373,0.7175304990949688,-0.7009567554026136,1.8274419619634827,-1.1032378473427422,2.6482405257877506,2.3661795362887825,-2.667289368856748,3.174593029279186,-2.062436315120201,-5.970730435135283,2.5170974776327157,1.4708997009947828,0.4710407364618955,-0.5514322550289092,3.701037080127148,-0.03214436581375838,3.3291942298971366,-8.837721884701557,-1.968698398888697,-2.3191237523919903,-1.099331168057109,-0.5243800746416365,-2.037082203431277,-4.724512195980181,-0.13068075239500537,-1.2943508027348019,-2.5670724400710037,-2.6993642839514465,-1.6714545236119465,0.021063173982597584,-0.6892908105256762,-0.35237176104634405,-3.539707757663072,2.265348236429206,2.9474004490790944,-0.7416294194456852,3.60812573921518,-0.5193733413476631,-1.472553877185013,2.648434406322588,2.461347272716706
