V1,V2,V3,V4,V5,V6,V7,V8,V9,V10,V11,V12,V13,V14,V15,V16,V17,V18,V19,V20,V21,V22,V23,V24,V25,V26,V27,V28,V29,V30,V31,V32,V33,V34,V35,V36,V37,V38,V39,V40,V41,V42,V43,V44
0.6040137442542903,0.2715240792696484,0.013760887172709563,-0.5736743531003063,-0.47468519052400476,-0.13751792149221428,0.16219340506750007,0.262908262505346,-0.40682169684114367,0.6957153751746383,-0.17589246604723016,0.7158849431440787,0.8514980497330104,0.822112009762018,0.333147291474199,-0.45042583197544195,-0.3306006954200738,0.08462953774454544,0.21182661272058598,0.7661829099770537,-0.905835787193933,0.47884044662334074,0.6293390856744389,-0.3904317029859761,0.17241560437564563,0.1922606631085431,-1.0546882420298054,0.38312237756590334,0.14604425225248654,0.12496709334701002,0.24420372478745148,-0.46613303838330655,-0.37348162180417444,-0.399417001356389,0.21841319078651403,-0.5125843969672906,-0.036977801962098725,0.49542731944361434,-0.16217871872366377,-0.1753105306968967,0.22336845473415037,-0.10576695555919241,0.5938524605669149,0.15291773449945015
0.2715240792696484,0.41863623256586957,-0.09727146922087776,-0.5326082382919077,-0.180643117105952,-0.1470351532080821,0.002405955347787631,0.24537927473503113,-0.32973663899904027,1.1048098119566112,-0.14283984337256067,0.7760609145116594,0.846285953279322,0.3986592575508556,0.25387663152863604,-0.6067167275664771,-0.5443765743485149,-0.13133101720645338,-0.004267909974625483,0.7057619573249407,-0.35335949503273395,0.12491467184132787,0.36012023165102147,-0.49752741025660463,0.38793621531147926,0.10805661319915594,-0.823277117266929,-0.2625663707914935,0.31330934789238535,0.09990467402114722,0.17526264397926045,-0.7153190752433504,-0.08274481107341317,-0.12222807441990599,0.2339885763076,-0.37215754477413515,0.22987695531756713,0.2764951509371952,-0.08425606890575758,0.13996943754879684,0.07379900788902026,0.2385676015442418,0.5915058388427363,0.04148520812697948
0.013760887172709563,-0.09727146922087776,0.16832230641116502,0.08354754944416841,0.1511050784593075,0.08424593751349313,-0.05862334991865783,0.2001054181851593,-0.097978601731109,0.059898834456632105,-0.04205634433167061,0.27971252978914957,-0.2658368489993767,0.12767414415532596,0.37713406829698237,-0.05349342891222716,0.06447226476178396,-0.11507676799313574,-0.06239086907922173,-0.15103384474669262,0.15901529894386388,0.100312972615921,0.0560605386884915,-0.07465960844518371,0.10679763195226649,0.14005254755149504,0.25592190897910216,0.13943243624034038,-0.04459213759041832,-0.14309785506238742,0.0627951008867075,-0.3073065246930486,-0.04325347146189659,-0.19655001974373457,0.2539818702792807,0.0500692236722402,-0.2833257795309777,0.21461495871717606,-0.2774994702033414,0.23868109720172098,0.11381255124745264,-0.08324081440830154,-0.018963546897621062,-0.07441532085512571
-0.5736743531003063,-0.5326082382919077,0.08354754944416841,1.0645837002445135,0.7227113886025557,0.5221638985336272,0.035734592813873166,-0.39738686705637,0.7969929307865075,-1.2793469418287837,0.32993715827516257,-1.0619552686398999,-1.3642448821881414,-0.7654596695090892,-0.4080171945881414,0.8155557047920037,0.6129853866214934,0.08914381859608472,-0.3343259783391745,-1.1735364407728293,1.1015091635738807,-0.41577635136731955,-0.7476621631063053,0.8201649572225769,-0.33208182250379564,-0.16897455971204864,1.3734421794426956,-0.19134947969897081,-0.34170736687097625,-0.21060267190184304,-0.25314584290169084,0.8723674121746481,0.3844463499145577,0.5488106588733068,-0.315652367842883,0.8657119845355218,-0.06712706688943565,-0.6356211295589496,0.283443851211556,-0.010491694025177948,-0.07986146452845137,-0.3074029773615032,-0.9085072021353956,-0.16914881804763995
-0.47468519052400476,-0.180643117105952,0.1511050784593075,0.7227113886025557,1.0919533198221558,0.6540291749897592,-0.10502704715847062,0.1919253466374722,0.470711573919942,0.1941849339872535,0.09913746949851455,0.2687126026834568,-0.9661256049092211,-0.3222450836002382,0.48301264929384796,0.03874741026330095,-0.08316547307634471,-0.40989523349947943,-0.3859398075467034,-0.7361640863274443,1.3568887682573676,-0.36416322667389406,-0.4507530607432286,0.09387070912004335,0.3886322670755994,0.07153707678955128,1.1006096109374395,-0.4023961092926716,0.01241854400849996,-0.3074617654669132,-0.12394781301280827,-0.4446037518812486,0.32585933696424313,0.09135689898887127,0.3875415822735747,0.6911276745022493,-0.23422907215614722,-0.04968444879639339,-0.11575933234438193,0.6522185123330703,0.23733598812963236,-0.06493462389611471,-0.2783917622435339,-0.41542855102564996
-0.13751792149221428,-0.1470351532080821,0.08424593751349313,0.5221638985336272,0.6540291749897592,0.6328018877422726,0.14415395945833687,0.05545335747477618,0.47043473772296757,-0.16738581349154288,0.04880185461820441,-0.0012666541688104392,-0.6131988210650793,0.0919449283374728,0.25356002931408084,0.13746944987210882,-0.09466324715410841,-0.1054999911167724,0.05128114291675005,-0.4431467813932179,0.5629918642912618,-0.09639859728527587,-0.1656126929206401,0.1980899874583671,0.026842211387742128,0.0021297710942770024,0.5113155328059642,0.2524622848807101,-0.07162378928013222,-0.13391093380521848,-0.1399303687700713,0.08862148858317491,0.012398956411362317,-0.12977709999175033,0.15460277061691413,0.44255721115726065,-0.24284562151394173,0.04055242548109142,0.12162056061232963,0.04886806284591705,0.3497972969170491,-0.3297855849502948,-0.15962230939512936,-0.2618960844138989
0.16219340506750007,0.002405955347787631,-0.05862334991865783,0.035734592813873166,-0.10502704715847062,0.14415395945833687,0.2704130113460611,-0.17593090422850863,0.1911868386837037,-0.2655820999597321,-0.003316687385469691,-0.26875335234137254,0.1546741747320481,0.25993264868555915,-0.23675998936794723,0.11363334686862997,-0.0605194125298476,0.23789904215145183,0.19571961082850084,0.11124363023962366,-0.35684503576909593,0.14690334446604977,0.10797827071518805,0.23573690307349002,-0.25199877546790267,-0.07750824906238646,-0.35340285650075026,0.30228854498636887,-0.02384628308590427,0.09886119447665837,-0.07626734840495641,0.47890962728119,-0.18067442437118483,0.027928910364508928,-0.19486864813676175,0.002068785546520266,0.12815703044940066,-0.07573321660361912,0.31759987158515407,-0.4517548449419595,0.11568838076143742,-0.21511272035389173,-0.008609135817975903,0.05739484690489442
0.262908262505346,0.24537927473503113,0.2001054181851593,-0.39738686705637,0.1919253466374722,0.05545335747477618,-0.17593090422850863,0.8400956324255698,-0.4937203539745924,1.1839215310512006,-0.22823548779602718,1.3954730526053414,0.3147249407597989,0.6469384558911287,1.1344116187106807,-0.6855812440780694,-0.42442549379600325,-0.49635145099183303,0.1037339405278669,0.44310708725860554,-0.022965113584224005,0.21340964017319247,0.5229583528829396,-0.8137090334761674,0.644739329108521,0.3290808343047396,-0.22897930083262832,0.3669124022354488,0.18769762884503116,-0.11537008327604306,0.2576345416169495,-1.4297044123808633,-0.2178564716403441,-0.8088636174107046,0.8098604224446272,-0.3557576023019642,-0.5876297043010682,0.919015053792373,-0.7145349046960981,0.5986078756592581,0.4344855061709286,6.796756071621087e-4,0.6204360886081062,-0.20550893243714205
-0.40682169684114367,-0.32973663899904027,-0.097978601731109,0.7969929307865075,0.470711573919942,0.47043473772296757,0.1911868386837037,-0.4937203539745924,0.9325893233131078,-1.3202380862148324,0.32610163905620043,-1.3355848856661046,-0.811928788084098,-0.611197218559405,-0.7687007492950466,0.8282621863699607,0.4572786830787358,0.2710993511662031,-0.010010092642976401,-0.753249754810344,0.5627007468274529,-0.43049462044440245,-0.5936378272046338,0.886420630939938,-0.51457111647285525,-0.30253164390969406,0.7503694484775062,0.07685340049758045,-0.28968767020226777,0.0515084798504937,-0.29275813865431244,1.2471407571492819,0.22845317213700006,0.49917170107891784,-0.6133992106054139,0.6797555153670709,0.1832969939470885,-0.6403181318143103,0.6569994240591986,-0.5506390016645991,-0.040773506021935545,-0.4042762194673974,-0.7182288798303547,-0.07178548121103755
0.6957153751746383,1.1048098119566112,0.059898834456632105,-1.2793469418287837,0.1941849339872535,-0.16738581349154288,-0.2655820999597321,1.1839215310512006,-1.3202380862148324,4.7086248521904945,-0.5140054865456454,3.821975928813924,1.9007979836229631,1.2414059008860456,1.8697974030265112,-2.3665510037189526,-1.832493425857795,-0.9150321630526294,-0.9388900314326261,1.7099273300750732,0.12584679216567804,0.5137351349460719,0.9763805542696083,-1.8216298609948605,2.0957474518411963,0.7673254493272423,-1.768473841818127,-2.0377643620087103,1.1952691533513569,-0.26109340561360705,0.7166341371913656,-3.797796990693567,0.07830247535320167,-0.19758461606761354,1.6355026858957926,-0.6442138443707798,0.6145717077740086,1.0346658324670583,-1.0674043868036427,1.9070358655455866,0.25591583615197766,1.0383488491996005,1.8466691315741974,-0.08375228572340405
-0.17589246604723016,-0.14283984337256067,-0.04205634433167061,0.32993715827516257,0.09913746949851455,0.04880185461820441,-0.003316687385469691,-0.22823548779602718,0.32610163905620043,-0.5140054865456454,0.2520508686957078,-0.5951677194556988,-0.2943589974490097,-0.42729576226035415,-0.44337673018356843,0.3704249815893798,0.36158516190622575,0.12927273803303083,-0.28939585587719835,-0.30469610293947635,0.30084931572919976,-0.2309854432783592,-0.30180807822866546,0.3816880027680771,-0.12610544205524302,-0.08458604704057963,0.328916400458363,-0.33940866459212166,-0.13550014164796,0.002559905788225424,0.012514829320789723,0.38919076390558666,0.2532274820425617,0.46748449457533015,-0.31672951419968604,0.2678754889239143,0.21066204955831644,-0.3857230348316558,0.17288966237686118,-0.12465420653007957,-0.19878174668448723,-0.1046684599320288,-0.3631753339352574,0.0726385850252696
0.7158849431440787,0.7760609145116594,0.27971252978914957,-1.0619552686398999,0.2687126026834568,-0.0012666541688104392,-0.26875335234137254,1.3954730526053414,-1.3355848856661046,3.821975928813924,-0.5951677194556988,3.7490717095663455,1.2694018626143704,1.5108798001815968,2.316275513377388,-2.0554408076431727,-1.5424510154358353,-1.0416959156844279,-0.43509943680082264,1.3399365984612586,0.03332666241598685,0.7099204581660478,1.0649779483215958,-1.9440181919416126,1.8641507703217213,0.8304494904618669,-1.1439360463057324,-0.6943969638507634,0.8095632431681744,-0.2991187165792511,0.6218064141076491,-3.5011415926511193,-0.25068053657449446,-0.9919940822598773,1.8688028341039122,-0.7544169608030515,-0.42535655393711214,1.521259425848733,-1.3649973373838238,1.7832615749472618,0.6390911770122919,0.6229684745019046,1.7103392356337652,-0.3058010126231901
0.8514980497330104,0.846285953279322,-0.2658368489993767,-1.3642448821881414,-0.9661256049092211,-0.6131988210650793,0.1546741747320481,0.3147249407597989,-0.811928788084098,1.9007979836229631,-0.2943589974490097,1.2694018626143704,2.207607685364853,1.0307986113063574,0.12387070817813815,-1.09863257505471,-0.9272918095498467,0.07823174336809587,0.12847767324470907,1.788529435596471,-1.5100578538405405,0.5209802495640395,0.9801562316088258,-0.8656260927977723,0.49583091041016975,0.17081953458892996,-2.2938419254947386,-0.2936928191959283,0.5829173383616474,0.3801424189778887,0.4004620618333811,-1.0116709049395878,-0.393133913620525,-0.17794488534008268,0.1817550328747751,-1.0562567089489157,0.6474797352225886,0.5067998914044906,-0.02706925854189479,-0.2150125095953816,0.02059825795308165,0.3963188100767051,1.228283731360778,0.3438538013356277
0.822112009762018,0.3986592575508556,0.12767414415532596,-0.7654596695090892,-0.3222450836002382,0.0919449283374728,0.25993264868555915,0.6469384558911287,-0.611197218559405,1.2414059008860456,-0.42729576226035415,1.5108798001815968,1.0307986113063574,1.540434459100029,1.0358621032966822,-0.8697647944965505,-0.7997873604014841,-0.1288614151148745,0.5563289226249598,1.0446072499234256,-1.1105505100188169,0.7762197701500185,1.0271973974631077,-0.837701886755328,0.36942849120709736,0.34047971585152176,-1.32040147426855,1.027457936765077,0.257909149112387,0.05530748071505203,0.22810514491509198,-0.9841235325117969,-0.7439043793706932,-1.084690026860498,0.7305299718944264,-0.7419877474866692,-0.5027888466311878,1.088768424444237,-0.38125352288861497,-0.06393666711940817,0.6807477221517358,-0.2168794946477329,0.9945847049051222,-0.0712594004199036
0.333147291474199,0.25387663152863604,0.37713406829698237,-0.4080171945881414,0.48301264929384796,0.25356002931408084,-0.23675998936794723,1.1344116187106807,-0.7687007492950466,1.8697974030265112,-0.44337673018356843,2.316275513377388,0.12387070817813815,1.0358621032966822,1.9382787923558626,-1.107762457158414,-0.7827517326353853,-0.8212048821132071,0.07646095834528556,0.38801561362441234,0.25037151734574825,0.4381954734213522,0.6524092177320799,-1.262954884392776,1.047472729329438,0.5639611008055241,-0.05156582289616654,0.4586736346630679,0.29445167661026106,-0.32820951371143536,0.2894706264089023,-2.157095227350767,-0.3174965949487804,-1.239291924636788,1.4247392344892815,-0.3760186475195795,-1.0200384349114235,1.3171702973589383,-1.1073075374339192,1.1773127255487712,0.7207315095167085,0.09672709205651595,0.905700189804391,-0.4284420448660869
-0.45042583197544195,-0.6067167275664771,-0.05349342891222716,0.8155557047920037,0.03874741026330095,0.13746944987210882,0.11363334686862997,-0.6855812440780694,0.8282621863699607,-2.3665510037189526,0.3704249815893798,-2.0554408076431727,-1.09863257505471,-0.8697647944965505,-1.107762457158414,1.3227728917170505,1.0397083196787849,0.5040665854783861,0.21475720777806867,-0.9947520515731393,0.21284352488836814,-0.3902932510409692,-0.6576480560439983,1.129372621260509,-1.0018666682670374,-0.41275018807688973,1.037735002662905,0.5874715748286912,-0.5899043874061991,0.10228009695398799,-0.35645587570384846,1.9245338276834738,0.1424170408482046,0.4345146292164188,-0.9340289972159729,0.5571765030985901,-0.056623114291540086,-0.7424095047139437,0.6038338632304305,-0.8709992243173041,-0.24899983558732902,-0.5029033341941864,-1.084660402748816,0.07759581689399167
-0.3306006954200738,-0.5443765743485149,0.06447226476178396,0.6129853866214934,-0.08316547307634471,-0.09466324715410841,-0.0605194125298476,-0.42442549379600325,0.4572786830787358,-1.832493425857795,0.36158516190622575,-1.5424510154358353,-0.9272918095498467,-0.7997873604014841,-0.7827517326353853,1.0397083196787849,1.1184711819927486,0.4071444267464059,-0.1553696194974657,-0.8488947610785846,0.2185891838820103,-0.2781806703571439,-0.4894019021306253,0.8994694616653682,-0.6867125900309253,-0.20041886326061423,0.9149714561782448,0.17969643602628949,-0.48688885466122095,-0.03583918347973552,-0.0843950922457096,1.1932384856366642,0.22615715952319884,0.4908091062672648,-0.6713725413835301,0.43133804034861684,-0.042675412489940806,-0.579401236456088,0.16399094510756482,-0.4634664227856268,-0.3699209562363119,-0.35292593489756224,-0.9528414284487247,0.17985849309451468
0.08462953774454544,-0.13133101720645338,-0.11507676799313574,0.08914381859608472,-0.40989523349947943,-0.1054999911167724,0.23789904215145183,-0.49635145099183303,0.2710993511662031,-0.9150321630526294,0.12927273803303083,-1.0416959156844279,0.07823174336809587,-0.1288614151148745,-0.8212048821132071,0.5040665854783861,0.4071444267464059,0.6280715746926785,0.04228360517853426,-0.06381477476731974,-0.5164041565247411,0.05158000193954724,-0.04141622276005331,0.7310934971272067,-0.6350760904563726,-0.22164090816233853,-0.32735910447971805,0.036800266542530304,-0.09944577115983476,0.10163989848922428,-0.09075461017490945,1.0539650734429689,-0.04931338915797092,0.4910914076385742,-0.6658401732974243,0.1404874588623455,0.5173539897411222,-0.5322782950799279,0.4955237015568478,-0.7403935386331939,-0.258952500251191,-0.19229211705198618,-0.40148964069827753,0.2942235469947221
0.21182661272058598,-0.004267909974625483,-0.06239086907922173,-0.3343259783391745,-0.3859398075467034,0.05128114291675005,0.19571961082850084,0.1037339405278669,-0.010010092642976401,-0.9388900314326261,-0.28939585587719835,-0.43509943680082264,0.12847767324470907,0.5563289226249598,0.07646095834528556,0.21475720777806867,-0.1553696194974657,0.04228360517853426,1.5204127126263431,0.234782660551701,-1.0535786845625663,0.17506443437631747,0.37519122749703243,-0.24156035655445318,-0.6934299227953743,-0.24538430586914498,-0.2635798667422553,2.1770084029644323,-0.28463875591292226,0.3422198148465721,-0.35128125526005216,0.90743179833083365,-0.7240945888949516,-1.316586879219456,-0.12229144970845163,-0.5527604257607547,-0.8741012615362477,0.6655600678303554,0.25088639994052936,-0.9220963439397692,0.52124923478626894,-0.4481129827012941,0.23360888635214735,-0.14080063224916461
0.7661829099770537,0.7057619573249407,-0.15103384474669262,-1.1735364407728293,-0.7361640863274443,-0.4431467813932179,0.11124363023962366,0.44310708725860554,-0.753249754810344,1.7099273300750732,-0.30469610293947635,1.3399365984612586,1.788529435596471,1.0446072499234256,0.38801561362441234,-0.9947520515731393,-0.8488947610785846,-0.06381477476731974,0.234782660551701,1.539874097427369,-1.2714199483034596,0.5088563128046497,0.9220062273382412,-0.8980248774269585,0.5058601993021122,0.21421806370319924,-1.860369481895255,0.029034240747224712,0.4573332959754457,0.298440754532457,0.3475393767252767,-1.0642849492312072,-0.4335573016326285,-0.441765897989875,0.340796968139898,-0.9553852330613581,0.2791121966346133,0.6915384923608986,-0.18399238887642996,-0.08509439852100466,0.17558580720661598,0.2573048920291199,1.1395414012251603,0.19789756231461594
-0.905835787193933,-0.35335949503273395,0.15901529894386388,1.1015091635738807,1.3568887682573676,0.5629918642912618,-0.35684503576909593,-0.022965113584224005,0.5627007468274529,0.12584679216567804,0.30084931572919976,0.03332666241598685,-1.5100578538405405,-1.1105505100188169,0.25037151734574825,0.21284352488836814,0.2185891838820103,-0.5164041565247411,-1.0535786845625663,-1.2714199483034596,2.227927731406837,-0.7054317762849884,-0.9880894266356481,0.2963079111147713,0.5556667377916253,0.054556681308560354,1.8697703128612535,-1.4650251490464492,-0.005875152384329681,-0.4869177805318154,-0.11088163779805385,-0.5370417766723942,0.8564283191528945,0.7815006652823844,0.29901873087029274,1.089903909890026,0.05645163282974542,-0.5821493424281162,-0.21096489456434883,1.1887590608220462,-0.1815253465413836,0.2657368210670232,-0.6826418747050984,-0.40713720349900856
0.47884044662334074,0.12491467184132787,0.100312972615921,-0.41577635136731955,-0.36416322667389406,-0.09639859728527587,0.14690334446604977,0.21340964017319247,-0.43049462044440245,0.5137351349460719,-0.2309854432783592,0.7099204581660478,0.5209802495640395,0.7762197701500185,0.4381954734213522,-0.3902932510409692,-0.2781806703571439,0.05158000193954724,0.17506443437631747,0.5088563128046497,-0.7054317762849884,0.5430336337387596,0.5352479046224057,-0.3210741602297462,0.10514980233954259,0.20318698760065365,-0.7153003115287319,0.41344776425733676,0.09751737901377054,0.008039820176944936,0.14629419554281403,-0.3836811669337875,-0.38898362897845723,-0.4086879557657474,0.31250560364880775,-0.3940618461810736,-0.17636056780150927,0.4486283863963327,-0.23219074242257307,-0.02971053378649004,0.2233262736313762,-0.06149730840520052,0.4353893603940692,0.0746346900911164
0.6293390856744389,0.36012023165102147,0.0560605386884915,-0.7476621631063053,-0.4507530607432286,-0.1656126929206401,0.10797827071518805,0.5229583528829396,-0.5936378272046338,0.9763805542696083,-0.30180807822866546,1.0649779483215958,0.9801562316088258,1.0271973974631077,0.6524092177320799,-0.6576480560439983,-0.4894019021306253,-0.04141622276005331,0.37519122749703243,0.9220062273382412,-0.9880894266356481,0.5352479046224057,0.8326979592828087,-0.6318123794718605,0.25023919831685976,0.22503566689517307,-1.151127746012803,0.620150243899606,0.22897122577949502,0.08388575810016877,0.24179909381246434,-0.8202019562585509,-0.5122069181924552,-0.7114504009979783,0.4476496541225531,-0.6625998468574713,-0.2235959343391718,0.7827734457840456,-0.34891789745328583,-0.06446458618713455,0.35378181983362905,-0.06208588538606015,0.7462575687613433,0.06975698224932604
-0.3904317029859761,-0.49752741025660463,-0.07465960844518371,0.8201649572225769,0.09387070912004335,0.1980899874583671,0.23573690307349002,-0.8137090334761674,0.886420630939938,-1.8216298609948605,0.3816880027680771,-1.9440181919416126,-0.8656260927977723,-0.837701886755328,-1.262954884392776,1.129372621260509,0.8994694616653682,0.7310934971272067,-0.24156035655445318,-0.8980248774269585,0.2963079111147713,-0.3210741602297462,-0.6318123794718605,1.4753621163434325,-0.9252653185448869,-0.379426731737785,0.6371203073825202,-0.31186609013301503,-0.30951823665717,-0.02358775509403286,-0.29121504210554633,1.7282946019725154,0.2781072420846735,1.0342583275754595,-1.0115743147390794,0.8470069751534797,0.692675477470336,-1.090075613759988,0.7706610464122209,-0.7730804764892224,-0.43176300179840493,-0.3583636562585309,-1.1156974044813175,0.23794808537287293
0.17241560437564563,0.38793621531147926,0.10679763195226649,-0.33208182250379564,0.3886322670755994,0.026842211387742128,-0.25199877546790267,0.644739329108521,-0.51457111647285525,2.0957474518411963,-0.12610544205524302,1.8641507703217213,0.49583091041016975,0.36942849120709736,1.047472729329438,-1.0018666682670374,-0.6867125900309253,-0.6350760904563726,-0.6934299227953743,0.5058601993021122,0.5556667377916253,0.10514980233954259,0.25023919831685976,-0.9252653185448869,1.2107611848148965,0.4494049730274783,-0.287403411962224,-1.0377393081597552,0.4418971128288251,-0.19250557120414086,0.3958363491520314,-1.9585110653720588,0.20945775139404618,-0.0709702332001615,0.9149732057016946,-0.16002079258861532,-0.004039653979155387,0.5067265030604965,-0.695560745965035,1.1783871093840455,0.15727253750986323,0.4428834148873886,0.7491514637125151,-0.17387440658158201
0.1922606631085431,0.10805661319915594,0.14005254755149504,-0.16897455971204864,0.07153707678955128,0.0021297710942770024,-0.07750824906238646,0.3290808343047396,-0.30253164390969406,0.7673254493272423,-0.08458604704057963,0.8304494904618669,0.17081953458892996,0.34047971585152176,0.5639611008055241,-0.41275018807688973,-0.20041886326061423,-0.22164090816233853,-0.24538430586914498,0.21421806370319924,0.054556681308560354,0.20318698760065365,0.22503566689517307,-0.379426731737785,0.4494049730274783,0.2757219574832237,-0.15716017299904694,-0.18600984114309924,0.1196198426108388,-0.11500987894692877,0.2325824839148576,-0.8256775755099265,-0.027519905913273236,-0.17138280173550546,0.4435340361908785,-0.1270198111507934,-0.15930370099861857,0.34813947014169044,-0.40345709216384734,0.4436074584528834,0.12612374229858261,0.06528597714487129,0.32336834951814597,-0.03818987899987259
-1.0546882420298054,-0.823277117266929,0.25592190897910216,1.3734421794426956,1.1006096109374395,0.5113155328059642,-0.35340285650075026,-0.22897930083262832,0.7503694484775062,-1.768473841818127,0.328916400458363,-1.1439360463057324,-2.2938419254947386,-1.32040147426855,-0.05156582289616654,1.037735002662905,0.9149714561782448,-0.32735910447971805,-0.2635798667422553,-1.860369481895255,1.8697703128612535,-0.7153003115287319,-1.151127746012803,0.6371203073825202,-0.287403411962224,-0.15716017299904694,2.6340090430275187,0.07631409620851824,-0.5912390201134573,-0.3739639146838698,-0.3832045019638026,0.7657544194058906,0.5707500539246719,0.19225413231853403,-0.08359028557740543,1.0251000895644296,-0.7668379378346912,-0.4991087979339436,-0.1172935795382643,0.5109949777101667,-0.10148980446378883,-0.20010761981699451,-1.2088326882880347,-0.4439618019009431
0.38312237756590334,-0.2625663707914935,0.13943243624034038,-0.19134947969897081,-0.4023961092926716,0.2524622848807101,0.30228854498636887,0.3669124022354488,0.07685340049758045,-2.0377643620087103,-0.33940866459212166,-0.6943969638507634,-0.2936928191959283,1.027457936765077,0.4586736346630679,0.5874715748286912,0.17969643602628949,0.036800266542530304,2.1770084029644323,0.029034240747224712,-1.4650251490464492,0.41344776425733676,0.620150243899606,-0.31186609013301503,-1.0377393081597552,-0.18600984114309924,0.07631409620851824,3.9687144014044744,-0.7156355721879138,0.40981775299123,-0.38014114568982255,1.407181907083922,-1.19049983267572,-2.2443350288550157,0.0035408757522296837,-0.7885856407932945,-2.0058825012814423,1.2560537541342949,0.06115271246802199,-1.4185865643326234,1.047775870804752,-1.0933086742970368,0.15687735805003908,-0.3341493772929652
0.14604425225248654,0.31330934789238535,-0.04459213759041832,-0.34170736687097625,0.01241854400849996,-0.07162378928013222,-0.02384628308590427,0.18769762884503116,-0.28968767020226777,1.1952691533513569,-0.13550014164796,0.8095632431681744,0.5829173383616474,0.257909149112387,0.29445167661026106,-0.5899043874061991,-0.48688885466122095,-0.09944577115983476,-0.28463875591292226,0.4573332959754457,-0.005875152384329681,0.09751737901377054,0.22897122577949502,-0.30951823665717,0.4418971128288251,0.1196198426108388,-0.5912390201134573,-0.7156355721879138,0.3960107789147186,-0.07384940556519021,0.12578929777620515,-0.83186355697775,0.04289444219142298,0.1411331120821883,0.29068390823914175,-0.09666589271894152,0.422446303171689,0.07889375040368792,-0.12477276387335984,0.39019108566496596,-0.028904822257677605,0.3432452709991467,0.40276648230950707,0.02504386935051392
0.12496709334701002,0.09990467402114722,-0.14309785506238742,-0.21060267190184304,-0.3074617654669132,-0.13391093380521848,0.09886119447665837,-0.11537008327604306,0.0515084798504937,-0.26109340561360705,0.002559905788225424,-0.2991187165792511,0.3801424189778887,0.05530748071505203,-0.32820951371143536,0.10228009695398799,-0.03583918347973552,0.10163989848922428,0.3422198148465721,0.298440754532457,-0.4869177805318154,0.008039820176944936,0.08388575810016877,-0.02358775509403286,-0.19250557120414086,-0.11500987894692877,-0.3739639146838698,0.40981775299123,-0.07384940556519021,0.27831608396445756,-0.03820841377360711,0.4451124701471359,-0.13796443140157247,-0.11789754840046607,-0.2677564121229565,-0.25710608242823935,0.017604644895316095,0.02672888989854659,0.25673964927372966,-0.46037878253621234,0.021682129245712663,-0.0777971714757763,0.13956980310180978,0.0811327364843663
0.24420372478745148,0.17526264397926045,0.0627951008867075,-0.25314584290169084,-0.12394781301280827,-0.1399303687700713,-0.07626734840495641,0.2576345416169495,-0.29275813865431244,0.7166341371913656,0.012514829320789723,0.6218064141076491,0.4004620618333811,0.22810514491509198,0.2894706264089023,-0.35645587570384846,-0.0843950922457096,-0.09075461017490945,-0.35128125526005216,0.3475393767252767,-0.11088163779805385,0.14629419554281403,0.24179909381246434,-0.29121504210554633,0.3958363491520314,0.2325824839148576,-0.3832045019638026,-0.38014114568982255,0.12578929777620515,-0.03820841377360711,0.3304267093320567,-0.7360067107766433,0.05979156061918737,0.0646071046746682,0.23994758512413633,-0.18676235335413718,0.07879114683281666,0.20382552557445516,-0.3248560428791135,0.2925377074206425,-0.02121865082669048,0.07407047328327981,0.30394807822870057,0.10998670853082673
-0.46613303838330655,-0.7153190752433504,-0.3073065246930486,0.8723674121746481,-0.4446037518812486,0.08862148858317491,0.47890962728119,-1.4297044123808633,1.2471407571492819,-3.797796990693567,0.38919076390558666,-3.5011415926511193,-1.0116709049395878,-0.9841235325117969,-2.157095227350767,1.9245338276834738,1.1932384856366642,1.0539650734429689,0.90743179833083365,-1.0642849492312072,-0.5370417766723942,-0.3836811669337875,-0.8202019562585509,1.7282946019725154,-1.9585110653720588,-0.8256775755099265,0.7657544194058906,1.407181907083922,-0.83186355697775,0.4451124701471359,-0.7360067107766433,3.752261554019396,-0.11037908726865496,0.5316653624685672,-1.7641692919545924,0.4868669173061512,0.14275630251578625,-1.2517054047679137,1.4955790636601898,-2.046189496878026,-0.34040294313906555,-0.7207321052407416,-1.394948481787754,0.22864894568432834
-0.37348162180417444,-0.08274481107341317,-0.04325347146189659,0.3844463499145577,0.32585933696424313,0.012398956411362317,-0.18067442437118483,-0.2178564716403441,0.22845317213700006,0.07830247535320167,0.2532274820425617,-0.25068053657449446,-0.393133913620525,-0.7439043793706932,-0.3174965949487804,0.1424170408482046,0.22615715952319884,-0.04931338915797092,-0.7240945888949516,-0.4335573016326285,0.8564283191528945,-0.38898362897845723,-0.5122069181924552,0.2781072420846735,0.20945775139404618,-0.027519905913273236,0.5707500539246719,-1.19049983267572,0.04289444219142298,-0.13796443140157247,0.05979156061918737,-0.11037908726865496,0.5720758688132878,0.8101918843577991,-0.1595338720168243,0.4618827979319808,0.4834889484508128,-0.5826625160239993,0.03646092136148119,0.43756571554849183,-0.3877293609400009,0.26186840858866195,-0.3459657887258223,0.041820059874955226
-0.399417001356389,-0.12222807441990599,-0.19655001974373457,0.5488106588733068,0.09135689898887127,-0.12977709999175033,0.027928910364508928,-0.8088636174107046,0.49917170107891784,-0.19758461606761354,0.46748449457533015,-0.9919940822598773,-0.17794488534008268,-1.084690026860498,-1.239291924636788,0.4345146292164188,0.4908091062672648,0.4910914076385742,-1.316586879219456,-0.441765897989875,0.7815006652823844,-0.4086879557657474,-0.7114504009979783,1.0342583275754595,-0.0709702332001615,-0.17138280173550546,0.19225413231853403,-2.2443350288550157,0.1411331120821883,-0.11789754840046607,0.0646071046746682,0.5316653624685672,0.8101918843577991,1.9334521967234226,-0.7597241677708835,0.7823392265128093,1.508669089672428,-1.4250388864800692,0.5368877432191242,0.09474057194868485,-0.8700237151612975,0.3716317136347981,-0.7429582832426679,0.3815445278705235
0.21841319078651403,0.2339885763076,0.2539818702792807,-0.315652367842883,0.3875415822735747,0.15460277061691413,-0.19486864813676175,0.8098604224446272,-0.6133992106054139,1.6355026858957926,-0.31672951419968604,1.8688028341039122,0.1817550328747751,0.7305299718944264,1.4247392344892815,-0.9340289972159729,-0.6713725413835301,-0.6658401732974243,-0.12229144970845163,0.340796968139898,0.29901873087029274,0.31250560364880775,0.4476496541225531,-1.0115743147390794,0.9149732057016946,0.4435340361908785,-0.08359028557740543,0.0035408757522296837,0.29068390823914175,-0.2677564121229565,0.23994758512413633,-1.7641692919545924,-0.1595338720168243,-0.7597241677708835,1.1148138807835257,-0.27933899512011234,-0.632526753818841,0.90206492364328,-0.8321606470202463,1.019375757567292,0.4658557153524168,0.19908000609488402,0.7129545402173599,-0.31625966291916285
-0.5125843969672906,-0.37215754477413515,0.0500692236722402,0.8657119845355218,0.6911276745022493,0.44255721115726065,0.002068785546520266,-0.3557576023019642,0.6797555153670709,-0.6442138443707798,0.2678754889239143,-0.7544169608030515,-1.0562567089489157,-0.7419877474866692,-0.3760186475195795,0.5571765030985901,0.43133804034861684,0.1404874588623455,-0.5527604257607547,-0.9553852330613581,1.089903909890026,-0.3940618461810736,-0.6625998468574713,0.8470069751534797,-0.16002079258861532,-0.1270198111507934,1.0251000895644296,-0.7885856407932945,-0.09666589271894152,-0.25710608242823935,-0.18676235335413718,0.4868669173061512,0.4618827979319808,0.7823392265128093,-0.27933899512011234,0.9429315852104583,0.39109415235856154,-0.7150853180376338,0.27506310744325224,0.1831923165899139,-0.21213249568815443,-0.09082793733071934,-0.7612152357770237,-0.07252724934225979
-0.036977801962098725,0.22987695531756713,-0.2833257795309777,-0.06712706688943565,-0.23422907215614722,-0.24284562151394173,0.12815703044940066,-0.5876297043010682,0.1832969939470885,0.6145717077740086,0.21066204955831644,-0.42535655393711214,0.6474797352225886,-0.5027888466311878,-1.0200384349114235,-0.056623114291540086,-0.042675412489940806,0.5173539897411222,-0.8741012615362477,0.2791121966346133,0.05645163282974542,-0.17636056780150927,-0.2235959343391718,0.692675477470336,-0.004039653979155387,-0.15930370099861857,-0.7668379378346912,-2.0058825012814423,0.422446303171689,0.017604644895316095,0.07879114683281666,0.14275630251578625,0.4834889484508128,1.508669089672428,-0.632526753818841,0.39109415235856154,1.704126251288637,-1.0337876465840337,0.5751440012530575,-0.06525973519608293,-0.716680472723855,0.46496058216541863,-0.1806138103439579,0.45292519336430476
0.49542731944361434,0.2764951509371952,0.21461495871717606,-0.6356211295589496,-0.04968444879639339,0.04055242548109142,-0.07573321660361912,0.919015053792373,-0.6403181318143103,1.0346658324670583,-0.3857230348316558,1.521259425848733,0.5067998914044906,1.088768424444237,1.3171702973589383,-0.7424095047139437,-0.579401236456088,-0.5322782950799279,0.6655600678303554,0.6915384923608986,-0.5821493424281162,0.4486283863963327,0.7827734457840456,-1.090075613759988,0.5067265030604965,0.34813947014169044,-0.4991087979339436,1.2560537541342949,0.07889375040368792,0.02672888989854659,0.20382552557445516,-1.2517054047679137,-0.5826625160239993,-1.4250388864800692,0.90206492364328,-0.7150853180376338,-1.0337876465840337,1.3258844402093586,-0.7205236223368064,0.3059291301270424,0.6958645026099655,-0.17258336875632302,0.8841946514969699,-0.25246478281029777
-0.16217871872366377,-0.08425606890575758,-0.2774994702033414,0.283443851211556,-0.11575933234438193,0.12162056061232963,0.31759987158515407,-0.7145349046960981,0.6569994240591986,-1.0674043868036427,0.17288966237686118,-1.3649973373838238,-0.02706925854189479,-0.38125352288861497,-1.1073075374339192,0.6038338632304305,0.16399094510756482,0.4955237015568478,0.25088639994052936,-0.18399238887642996,-0.21096489456434883,-0.23219074242257307,-0.34891789745328583,0.7706610464122209,-0.695560745965035,-0.40345709216384734,-0.1172935795382643,0.06115271246802199,-0.12477276387335984,0.25673964927372966,-0.3248560428791135,1.4955790636601898,0.03646092136148119,0.5368877432191242,-0.8321606470202463,0.27506310744325224,0.5751440012530575,-0.7205236223368064,0.9287116210466316,-0.9084508326579042,-0.18399156014688775,-0.1755200765420393,-0.4220327349558409,0.13819076435943756
-0.1753105306968967,0.13996943754879684,0.23868109720172098,-0.010491694025177948,0.6522185123330703,0.04886806284591705,-0.4517548449419595,0.5986078756592581,-0.5506390016645991,1.9070358655455866,-0.12465420653007957,1.7832615749472618,-0.2150125095953816,-0.06393666711940817,1.1773127255487712,-0.8709992243173041,-0.4634664227856268,-0.7403935386331939,-0.9220963439397692,-0.08509439852100466,1.1887590608220462,-0.02971053378649004,-0.06446458618713455,-0.7730804764892224,1.1783871093840455,0.4436074584528834,0.5109949777101667,-1.4185865643326234,0.39019108566496596,-0.46037878253621234,0.2925377074206425,-2.046189496878026,0.43756571554849183,0.09474057194868485,1.019375757567292,0.1831923165899139,-0.06525973519608293,0.3059291301270424,-0.9084508326579042,1.657094783047228,-0.025171920943539698,0.6228146545484675,0.37908407492781077,-0.2452592657340296
0.22336845473415037,0.07379900788902026,0.11381255124745264,-0.07986146452845137,0.23733598812963236,0.3497972969170491,0.11568838076143742,0.4344855061709286,-0.040773506021935545,0.25591583615197766,-0.19878174668448723,0.6390911770122919,0.02059825795308165,0.6807477221517358,0.7207315095167085,-0.24899983558732902,-0.3699209562363119,-0.258952500251191,0.52124923478626894,0.17558580720661598,-0.1815253465413836,0.2233262736313762,0.35378181983362905,-0.43176300179840493,0.15727253750986323,0.12612374229858261,-0.10148980446378883,1.047775870804752,-0.028904822257677605,0.021682129245712663,-0.02121865082669048,-0.34040294313906555,-0.3877293609400009,-0.8700237151612975,0.4658557153524168,-0.21213249568815443,-0.716680472723855,0.6958645026099655,-0.18399156014688775,-0.025171920943539698,0.6063371890978894,-0.31714313146740525,0.38387756665159395,-0.2711771683859931
-0.10576695555919241,0.2385676015442418,-0.08324081440830154,-0.3074029773615032,-0.06493462389611471,-0.3297855849502948,-0.21511272035389173,6.796756071621087e-4,-0.4042762194673974,1.0383488491996005,-0.1046684599320288,0.6229684745019046,0.3963188100767051,-0.2168794946477329,0.09672709205651595,-0.5029033341941864,-0.35292593489756224,-0.19229211705198618,-0.4481129827012941,0.2573048920291199,0.2657368210670232,-0.06149730840520052,-0.06208588538606015,-0.3583636562585309,0.4428834148873886,0.06528597714487129,-0.20010761981699451,-1.0933086742970368,0.3432452709991467,-0.0777971714757763,0.07407047328327981,-0.7207321052407416,0.26186840858866195,0.3716317136347981,0.19908000609488402,-0.09082793733071934,0.46496058216541863,-0.17258336875632302,-0.1755200765420393,0.6228146545484675,-0.31714313146740525,0.6610705353370209,0.2564037441689876,0.036868733579514604
0.5938524605669149,0.5915058388427363,-0.018963546897621062,-0.9085072021353956,-0.2783917622435339,-0.15962230939512936,-0.008609135817975903,0.6204360886081062,-0.7182288798303547,1.8466691315741974,-0.3631753339352574,1.7103392356337652,1.228283731360778,0.9945847049051222,0.905700189804391,-1.084660402748816,-0.9528414284487247,-0.40148964069827753,0.23360888635214735,1.1395414012251603,-0.6826418747050984,0.4353893603940692,0.7462575687613433,-1.1156974044813175,0.7491514637125151,0.32336834951814597,-1.2088326882880347,0.15687735805003908,0.40276648230950707,0.13956980310180978,0.30394807822870057,-1.394948481787754,-0.3459657887258223,-0.7429582832426679,0.7129545402173599,-0.7612152357770237,-0.1806138103439579,0.8841946514969699,-0.4220327349558409,0.37908407492781077,0.38387756665159395,0.2564037441689876,1.1553676519949674,-0.05053270459986733
0.15291773449945015,0.04148520812697948,-0.07441532085512571,-0.16914881804763995,-0.41542855102564996,-0.2618960844138989,0.05739484690489442,-0.20550893243714205,-0.07178548121103755,-0.08375228572340405,0.0726385850252696,-0.3058010126231901,0.3438538013356277,-0.0712594004199036,-0.4284420448660869,0.07759581689399167,0.17985849309451468,0.2942235469947221,-0.14080063224916461,0.19789756231461594,-0.40713720349900856,0.0746346900911164,0.06975698224932604,0.23794808537287293,-0.17387440658158201,-0.03818987899987259,-0.4439618019009431,-0.3341493772929652,0.02504386935051392,0.0811327364843663,0.10998670853082673,0.22864894568432834,0.041820059874955226,0.3815445278705235,-0.31625966291916285,-0.07252724934225979,0.45292519336430476,-0.25246478281029777,0.13819076435943756,-0.2452592657340296,-0.2711771683859931,0.036868733579514604,-0.05053270459986733,0.29692763512526626
