V1,V2,V3,V4,V5,V6,V7,V8,V9,V10,V11,V12,V13,V14,V15,V16,V17,V18,V19,V20,V21,V22,V23,V24,V25,V26,V27,V28,V29,V30,V31,V32,V33,V34,V35,V36,V37,V38,V39,V40,V41,V42,V43
3.730273564662514,2.368354291263294,0.8318088762757296,-0.12359934747705131,0.7921134336201016,-1.744798922630425,1.8869150004883377,-1.837769540643422,0.3951876143778559,-0.12070304691185063,-1.0683243832065141,-0.19456451603230124,2.919333242861255,-0.1193535227774669,-1.048070647923154,1.0615487645421537,-2.7655430002521615,0.07965388189899403,-1.251886410256814,0.2898747459054165,0.15544604912435447,-0.1246402877798691,-0.14942999801845044,2.247330243399337,0.06628911850765838,0.31252185291718537,-2.228833445155383,-0.6486258922945212,1.0516042630669085,-4.495328819759869,0.6509157176503653,-0.7499170467206236,1.5798739418323524,1.8533839708797195,1.3078632674562003,-0.11569327978309729,0.8815891392000341,1.5493677901413785,-2.0403986956316595,0.9399004281452603,-0.3119305197217763,-0.1985752070163088,-1.2023027106647262
2.368354291263294,1.8525345219300446,0.20243608834443902,-0.5603277926372344,0.8282007046996116,-0.9977604007518563,1.3544509054235985,-0.9659365191670193,0.49124347585365236,-0.04278735583213263,-0.6357581869557701,0.5569458166702038,2.7434804528163133,-0.02175413859818784,-0.770615098378963,1.2649930249906693,-1.8392150937562624,0.2720445941209235,-0.7355585481070928,0.5755874951137722,0.32364105661640974,-0.3829984570401427,-0.08652814774543467,1.3177856428081234,0.3524318559282866,0.7033206202003807,-1.6539518879965849,-0.7847864924158094,0.5442192481644006,-3.0628354397842235,0.9377746944248315,-0.26060965329809593,0.8890881553280006,2.032677571516822,0.604962597030064,-0.25709406948970404,0.954450534292106,1.2911458681999965,-1.0492701341268,0.7930394270258377,-0.05304767878432205,-0.3788954779371906,-0.9201141458615557
0.8318088762757296,0.20243608834443902,0.5251075011761419,0.41132386491334244,-0.18230236286352727,-0.4959748517050197,0.22810668242003118,-0.6212323044035839,-0.17848539216670647,-0.05332358313879168,-0.3424366795504718,-0.7453793301153536,-0.2113571660572699,-0.04983868422328576,-0.12850096966336844,-0.329579113451894,-0.5066693743620059,-0.1374071306579203,-0.354011800954824,-0.3214520830733961,-0.20742771014631087,0.1374104295781842,-0.027327846432248563,0.6740699479364212,-0.25055794393619213,-0.4001311499945143,-0.2313688854134501,0.2029278172196648,0.3304583924426938,-0.8307408950810912,-0.34381884113127054,-0.30884044594683174,0.41861138896004996,-0.43351505719509353,0.46737015059355197,0.11780330765633541,-0.2884555361217779,0.051778961931862426,-0.7071286876599686,-0.01887763932480428,-0.12941314375686436,0.14659825901062035,-0.1805488127968473
-0.12359934747705131,-0.5603277926372344,0.41132386491334244,1.1429347138604953,-0.36640729182504667,-0.14079402469971908,0.09383673016687528,-0.2059789652641759,-0.13225684717776895,-0.1340986805026039,0.44684872781487506,-0.767133639143612,-1.6151526033617427,-0.33335580008335014,0.25390300632629026,-0.9500966410106679,0.06628892010470479,-0.7162729994345285,0.006629319219725179,-0.5536975017006003,-0.1044375913862864,1.581084698424884,-0.1976397259100161,-0.35642405337064925,-0.8316093624052558,-1.0681437268459957,0.325000599475538,0.8111311088056615,0.40996160196311787,0.6852124088679321,-1.0269009735958505,-0.8845723891363887,0.5021455629951309,-1.2978262901594346,0.6774515798921478,0.5550511979207122,0.02436114874664932,-0.5629368393337875,-0.12072493378316553,0.11994659274311209,-0.7588124116858852,0.7278407883441407,0.7128264594869897
0.7921134336201016,0.8282007046996116,-0.18230236286352727,-0.36640729182504667,0.5916620163928373,-0.26502281094196095,0.6945833784034512,-0.16070986085090241,0.42190302346661884,-0.0187359052272244,0.015241396826690151,0.7356379523521054,1.4475602900665132,-0.07631216856414255,-0.31883302099789734,0.7808819531320088,-0.7459062154621886,0.06279516295299627,-0.1652365938228227,0.4531869916806544,0.34478060010355605,0.13245290262015028,-0.0894875501139679,0.17791734264846734,0.18508023024829012,0.4587095445957793,-0.7808333688523181,-0.42042624474940105,0.1969994343440343,-1.059732892193904,0.5648315005939231,-0.1854847668729683,0.38109183512435,1.2512932774099625,0.20091967057848448,-0.08330650347990419,0.8653747098882961,0.6140564984729834,-0.15359863677319613,0.5388633893521575,-0.16807698901544982,-0.1286637835168601,-0.21474951399177844
-1.744798922630425,-0.9977604007518563,-0.4959748517050197,-0.14079402469971908,-0.26502281094196095,0.8597067651215569,-0.8645277189588195,0.9268189873363345,-0.12238901178997064,0.07592027888224213,0.473453973455318,0.29704845264833285,-1.0506169849062517,0.09190689302958126,0.4494290863616492,-0.29787546444481494,1.2765894315173694,0.0665853591681621,0.6023976118044254,-0.012136138046161224,-0.01633699588223805,-0.12859256946866654,0.09001999775439819,-1.051431738263578,0.0998183563985536,0.046491488680540996,0.9647937785268633,0.15974583134045295,-0.5556285643241706,2.0173308752045287,-0.1147859978880398,0.46866306262241303,-0.8056027578371878,-0.5863475144853284,-0.7166457441373274,-0.022661683109971794,-0.3309150677332062,-0.6186050778110405,1.0137329236481554,-0.4157630835863206,0.23261673736183397,-0.015640205188427632,0.4788329458304452
1.8869150004883377,1.3544509054235985,0.22810668242003118,0.09383673016687528,0.6945833784034512,-0.8645277189588195,1.36409400390749,-0.8045404535001065,0.5201933363683856,-0.12013182922423123,-0.08031567587086935,0.4168918081729379,1.6966141899704634,-0.26781851021556907,-0.5325160846736382,0.7445299671818462,-1.582381829213801,-0.22977766067266542,-0.5441917984759107,0.34386491275468933,0.3829113005990764,0.8292481705056,-0.23945249334792063,0.6757402070593708,-0.1550895587013277,0.10813795771628044,-1.3401355528808354,-0.279917700290184,0.710966443406902,-2.152117854999523,0.3508492571332891,-0.8231633876368704,1.100729100595237,1.334501562405916,0.9071077148424281,0.11592360546757155,1.2196771843626866,0.8686578364736292,-0.7836538929943527,0.9412353634930472,-0.609694947589063,0.12252570971095343,-0.26534120043744736
-1.837769540643422,-0.9659365191670193,-0.6212323044035839,-0.2059789652641759,-0.16070986085090241,0.9268189873363345,-0.8045404535001065,1.0391192162451088,-0.024047424258119947,0.07459341926385996,0.6028284510814202,0.5364438216401283,-0.9052678455109827,0.0671109024401652,0.4514752770763618,-0.17339747822733817,1.2903864016785347,0.04954530332604591,0.6669350594602637,0.0957992692035246,0.0795367130969888,-0.014891300106972788,0.066181415465107,-1.223602608687124,0.12600217930634586,0.13183276973429447,0.9311302155418405,0.11081499466508361,-0.5719541006530264,2.1139029392906195,-0.022853001396137124,0.44365800438790237,-0.8108482661080862,-0.38982164389210333,-0.7483827313446579,-0.025184954784444588,-0.11868802613414088,-0.5809412880406715,1.159052729128189,-0.31427861145195807,0.1790643889636945,-0.012624426824437492,0.5478930430522897
0.3951876143778559,0.49124347585365236,-0.17848539216670647,-0.13225684717776895,0.42190302346661884,-0.12238901178997064,0.5201933363683856,-0.024047424258119947,0.34862708533771586,-0.03302329812223367,0.19685976971401933,0.599443673687465,0.8392911986311976,-0.1206275791786681,-0.16231270392726,0.4948298952556123,-0.4485212569956973,-0.06999966887661806,-0.04539913089466937,0.32056607641498314,0.30421264018446365,0.4197167516981006,-0.11245091050606891,-0.1020278244761864,0.02535182610248568,0.22395234036519965,-0.4810275058321833,-0.20122853684547834,0.16831066966486055,-0.4868369907757519,0.30829603511487313,-0.2665617298977284,0.3090799343326815,0.81447676711932,0.19297624150795717,0.02195239649504513,0.7583427678897626,0.35133005708415477,0.03565817835644397,0.46843166580792317,-0.2609079494986074,0.016312342357700852,0.025679451577762843
-0.12070304691185063,-0.04278735583213263,-0.05332358313879168,-0.1340986805026039,-0.0187359052272244,0.07592027888224213,-0.12013182922423123,0.07459341926385996,-0.03302329812223367,0.025579343333554598,-0.05606740107906678,0.036223190312070684,0.04579950404846241,0.061339780144548724,0.009367017494952733,0.04105505991407003,0.1104825778410776,0.10107713369247286,0.03588818476589836,0.027342459682709562,-0.02531500499444673,-0.25424350749425495,0.04209864925925083,0.005495113721054144,0.10700248131590205,0.10764828612419039,0.06673829547263632,-0.06739564404100733,-0.09987889031643286,0.07583547992970663,0.08354544499681225,0.16612626778110162,-0.14014448979214655,0.030198202307638387,-0.14523959947900425,-0.07262941750698293,-0.11328893516169582,-0.0034390753510982874,0.05876453681202376,-0.0955967008740944,0.13891273539669127,-0.0923191498470029,-0.06863693469178007
-1.0683243832065141,-0.6357581869557701,-0.3424366795504718,0.44684872781487506,0.015241396826690151,0.473453973455318,-0.08031567587086935,0.6028284510814202,0.19685976971401933,-0.05606740107906678,0.8996901806930547,0.4297397638701415,-0.9402538214521532,-0.25876925356562147,0.3389599493729009,-0.30028530044698454,0.5866911007556196,-0.4743432335531848,0.4574048498539375,-7.269688947373282e-4,0.2547799574033696,1.339654182984666,-0.17748079623552776,-1.1988533632113787,-0.3924625568279613,-0.3755518138551079,0.4739409399079024,0.42153858010104306,-0.00990178820932753,1.540177711335995,-0.38983186880107135,-0.46439741990299693,-0.008194024073608648,-0.40088283340841613,0.03386955497177388,0.3364670844370995,0.5886211466950391,-0.463808458169549,0.7885161578752727,0.25010930804325926,-0.5588621538550288,0.46172709400160394,0.8595550749433553
-0.19456451603230124,0.5569458166702038,-0.7453793301153536,-0.767133639143612,0.7356379523521054,0.29704845264833285,0.4168918081729379,0.5364438216401283,0.599443673687465,0.036223190312070684,0.4297397638701415,1.5332999151199682,1.565097312218037,-0.022401422972874206,-0.14833720504602854,1.0967814513846423,-0.12870184729007014,0.20231553363887775,0.24297093818808269,0.7897469276564187,0.569649316119723,0.02336515588539733,-0.07481118485414183,-0.6047896510607177,0.4433670147073593,0.8546998453976198,-0.44729671499865353,-0.5951666834624173,-0.16580063023920588,-0.05142720545937971,0.9042685791025212,0.14199589844751465,-0.0964591102920626,1.647444463755729,-0.32612508920834204,-0.2123990681235349,1.1502349002767855,0.5170527608074491,0.6713387888426522,0.5623909092143574,-0.015246760475059018,-0.278545214529072,0.007321060687322303
2.919333242861255,2.7434804528163133,-0.2113571660572699,-1.6151526033617427,1.4475602900665132,-1.0506169849062517,1.6966141899704634,-0.9052678455109827,0.8392911986311976,0.04579950404846241,-0.9402538214521532,1.565097312218037,4.782779092611602,0.17899207836734957,-1.148403619626455,2.419702645187272,-2.328152339384194,0.8268564786084296,-0.830231016182977,1.252330579088801,0.6059850326339026,-1.4551860485572834,0.001471702020665548,1.6714662836612926,1.0767964132205066,1.759849335367499,-2.35002538172964,-1.6259038202993064,0.3602423873918872,-4.181244333281402,2.02659228998072,0.2742764365189156,0.7459595356140238,3.7243462138667764,0.22253086276284995,-0.7173272567878882,1.4614220123057071,2.06732568779997,-1.0434289509967767,1.0258796681392484,0.4026951894717394,-0.9824230564769313,-1.5649216266844617
-0.1193535227774669,-0.02175413859818784,-0.04983868422328576,-0.33335580008335014,-0.07631216856414255,0.09190689302958126,-0.26781851021556907,0.0671109024401652,-0.1206275791786681,0.061339780144548724,-0.25876925356562147,-0.022401422972874206,0.17899207836734957,0.17609830609857297,-0.01809571912654937,0.10144639251924582,0.1733465207418364,0.28502332423744464,0.008696972875723729,0.04341532031605818,-0.11022289947406635,-0.7609004099924908,0.12089348235574131,0.19110188379076487,0.28040556307244563,0.26762433017021053,0.1058768676452838,-0.19153201504573397,-0.21591190950735326,-0.040322663954333184,0.2171332787247291,0.4337784274611131,-0.3145615960662734,0.0755181505329089,-0.32035786349584106,-0.21031022297682908,-0.36984743308155393,0.03893126694455509,0.015961833751822266,-0.25768226349425133,0.39319238240156384,-0.2659040458876452,-0.27378629660507836
-1.048070647923154,-0.770615098378963,-0.12850096966336844,0.25390300632629026,-0.31883302099789734,0.4494290863616492,-0.5325160846736382,0.4514752770763618,-0.16231270392726,0.009367017494952733,0.3389599493729009,-0.14833720504602854,-1.148403619626455,-0.01809571912654937,0.34305492615984334,-0.49753197958530243,0.7902523859814403,-0.14038551937610314,0.333173290221449,-0.20718876061359023,-0.08985760077532062,0.2743260387103128,0.017034404347993026,-0.6473393464893259,-0.1747413020792318,-0.2986883709751074,0.6954145910791937,0.3360712708957837,-0.22133338334078226,1.3601626836819827,-0.3882215124272496,0.06709172576548786,-0.35910760985378287,-0.8024285971923214,-0.23957960577015253,0.1306741259954302,-0.30817497269582766,-0.5480996815914709,0.5173865367980355,-0.2711133682389604,-0.029515545922419423,0.17874116629458886,0.44432177272832935
1.0615487645421537,1.2649930249906693,-0.329579113451894,-0.9500966410106679,0.7808819531320088,-0.29787546444481494,0.7445299671818462,-0.17339747822733817,0.4948298952556123,0.04105505991407003,-0.30028530044698454,1.0967814513846423,2.419702645187272,0.10144639251924582,-0.49753197958530243,1.3327186956254817,-0.9142643490677813,0.4617247474578907,-0.2551182513655098,0.7568841957935597,0.396950231191049,-0.7410014035479032,0.004327441635203599,0.5140799225729554,0.6221885088943383,1.0225291233226332,-1.0423482468953855,-0.8746575862463019,0.04054714516335019,-1.6758104134143141,1.1354455726971644,0.25409884728813376,0.19113418764518508,2.013489475070449,-0.08363648811250773,-0.3957057729416393,0.8487492099709312,0.9861653177845593,-0.18673264852634125,0.531215668616794,0.24484377891833584,-0.5433449287421557,-0.6792877500377644
-2.7655430002521615,-1.8392150937562624,-0.5066693743620059,0.06628892010470479,-0.7459062154621886,1.2765894315173694,-1.582381829213801,1.2903864016785347,-0.4485212569956973,0.1104825778410776,0.5866911007556196,-0.12870184729007014,-2.328152339384194,0.1733465207418364,0.7902523859814403,-0.9142643490677813,2.139369196165786,0.046395179420591126,0.8798572951838874,-0.32576798506567883,-0.2608646255831569,-0.271260350330189,0.17892137258991117,-1.4561286260144262,0.0055011817629152,-0.2504766903649261,1.7660232221992989,0.487882142796363,-0.8463544502390922,3.292914873057592,-0.5296197299007553,0.7325948134449871,-1.2933688476868996,-1.604455166438278,-1.055782887782703,0.023306451521263108,-1.022846685917495,-1.2083894288650334,1.3957921331983516,-0.9044192408790777,0.419267012684058,0.06344694692787838,0.7512319610840505
0.07965388189899403,0.2720445941209235,-0.1374071306579203,-0.7162729994345285,0.06279516295299627,0.0665853591681621,-0.22977766067266542,0.04954530332604591,-0.06999966887661806,0.10107713369247286,-0.4743432335531848,0.20231553363887775,0.8268564786084296,0.28502332423744464,-0.14038551937610314,0.4617247474578907,0.046395179420591126,0.5461030422754009,-0.05565387437038017,0.23161092872841466,-0.0735231288360661,-1.314958072720342,0.18204972765193406,0.42893106868552416,0.5595998656348936,0.6297192554530434,-0.08357255111253303,-0.4844777148311946,-0.31104575177095933,-0.46435125743500416,0.5814643248593622,0.7090936467274989,-0.42182869848172516,0.5700583102493054,-0.4959799346757342,-0.4004324901569322,-0.3790944279100801,0.2890644309357723,-0.03885278600310965,-0.2665157447722951,0.6516310089675293,-0.5315445084451389,-0.5779932558068993
-1.251886410256814,-0.7355585481070928,-0.354011800954824,0.006629319219725179,-0.1652365938228227,0.6023976118044254,-0.5441917984759107,0.6669350594602637,-0.04539913089466937,0.03588818476589836,0.4574048498539375,0.24297093818808269,-0.830231016182977,0.008696972875723729,0.333173290221449,-0.2551182513655098,0.8798572951838874,-0.05565387437038017,0.45178807339219135,-0.018129764257701592,0.030422979728420733,0.17694294711097155,0.02033545043443551,-0.8558346587729768,-0.013772932965432586,-0.05183604583205931,0.6797616994635233,0.18634078784515845,-0.33375633369107227,1.5096274383659967,-0.15372141830808847,0.19087863354516868,-0.4861774578331324,-0.45464509327566177,-0.42685571281469,0.04863789710567714,-0.09751503538650803,-0.46527756395088776,0.7481925660905181,-0.21245335299184143,0.036677418422670215,0.08465776774389083,0.4513028155052461
0.2898747459054165,0.5755874951137722,-0.3214520830733961,-0.5536975017006003,0.4531869916806544,-0.012136138046161224,0.34386491275468933,0.0957992692035246,0.32056607641498314,0.027342459682709562,-7.269688947373282e-4,0.7897469276564187,1.252330579088801,0.04341532031605818,-0.20718876061359023,0.7568841957935597,-0.32576798506567883,0.23161092872841466,-0.018129764257701592,0.4781238297804861,0.2796758161709162,-0.3068919648979237,-0.008803647677486098,0.016433059260253204,0.3527290017029829,0.6003413949286912,-0.46024144996840016,-0.473786192141149,-0.04958382858494485,-0.5766148360704448,0.648989977593582,0.16083018325404377,0.008874033514835558,1.1363609103989332,-0.14319234858238447,-0.21195775784709395,0.5723859366155504,0.47393240259210767,0.13278513710934575,0.3156354495452695,0.11058896638892891,-0.28123918505776724,-0.24683055852678293
0.15544604912435447,0.32364105661640974,-0.20742771014631087,-0.1044375913862864,0.34478060010355605,-0.01633699588223805,0.3829113005990764,0.0795367130969888,0.30421264018446365,-0.02531500499444673,0.2547799574033696,0.569649316119723,0.6059850326339026,-0.11022289947406635,-0.08985760077532062,0.396950231191049,-0.2608646255831569,-0.0735231288360661,0.030422979728420733,0.2796758161709162,0.28042096967068664,0.4232817123640784,-0.1037023626818599,-0.22660977799963156,0.014507435117779483,0.18037082673544164,-0.31502513260638076,-0.1386300146590636,0.10451336477882259,-0.19317941297060726,0.24263961555590768,-0.2193356630137374,0.2065998095545048,0.6448041799703942,0.10897743118288217,0.031184057823309217,0.6618370932064244,0.2391727512785028,0.14846798446224205,0.3922327267388739,-0.22961003740883387,0.031200679111572694,0.09654416443134821
-0.1246402877798691,-0.3829984570401427,0.1374104295781842,1.581084698424884,0.13245290262015028,-0.12859256946866654,0.8292481705056,-0.014891300106972788,0.4197167516981006,-0.25424350749425495,1.339654182984666,0.02336515588539733,-1.4551860485572834,-0.7609004099924908,0.2743260387103128,-0.7410014035479032,-0.271260350330189,-1.314958072720342,0.17694294711097155,-0.3068919648979237,0.4232817123640784,3.4409193757562684,-0.5195471675226819,-1.221255509440758,-1.2905823219022656,-1.3233855832897041,-0.023304953331146593,1.0327580015513407,0.7973356870367656,0.9980813259511963,-1.1593494253846717,-1.8286473955050222,1.1347410934390096,-0.810340141157248,1.2153978553756082,0.9670111283172991,1.4199146773737474,-0.4888045291379988,0.2474122691265938,0.9477631487190876,-1.6953759358252574,1.254704402578886,1.4396410846915773
-0.14942999801845044,-0.08652814774543467,-0.027327846432248563,-0.1976397259100161,-0.0894875501139679,0.09001999775439819,-0.23945249334792063,0.066181415465107,-0.11245091050606891,0.04209864925925083,-0.17748079623552776,-0.07481118485414183,0.001471702020665548,0.12089348235574131,0.017034404347993026,0.004327441635203599,0.17892137258991117,0.18204972765193406,0.02033545043443551,-0.008803647677486098,-0.1037023626818599,-0.5195471675226819,0.09515027973542849,0.1059721079057734,0.1658974521779264,0.14356532787717766,0.12611212769558244,-0.09964040632254273,-0.16527539864062948,0.06822963787478548,0.09712128848006599,0.30777260287537783,-0.24388467096060645,-0.04878304934836243,-0.22645115133442245,-0.12610557705637623,-0.3145334107546688,-0.02982057101557495,0.023830508621252137,-0.22231100527255232,0.26546933743093015,-0.1637267971972225,-0.15559762456885978
2.247330243399337,1.3177856428081234,0.6740699479364212,-0.35642405337064925,0.17791734264846734,-1.051431738263578,0.6757402070593708,-1.223602608687124,-0.1020278244761864,0.005495113721054144,-1.1988533632113787,-0.6047896510607177,1.6714662836612926,0.19110188379076487,-0.6473393464893259,0.5140799225729554,-1.4561286260144262,0.42893106868552416,-0.8558346587729768,0.016433059260253204,-0.22660977799963156,-1.221255509440758,0.1059721079057734,1.8987451155183395,0.3309901123592383,0.34807495194830396,-1.1283527431937854,-0.5236495925501279,0.39210733570337286,-2.9026277175071833,0.47368579818552453,0.13235449056212872,0.5633806214117035,0.812011842195233,0.44502155695274287,-0.31962809047487656,-0.3373086203216921,0.894562438324754,-1.47466597655949,0.04699600694367243,0.397603990128367,-0.44877203591310183,-1.180018783505324
0.06628911850765838,0.3524318559282866,-0.25055794393619213,-0.8316093624052558,0.18508023024829012,0.0998183563985536,-0.1550895587013277,0.12600217930634586,0.02535182610248568,0.10700248131590205,-0.3924625568279613,0.4433670147073593,1.0767964132205066,0.28040556307244563,-0.1747413020792318,0.6221885088943383,0.0055011817629152,0.5595998656348936,-0.013772932965432586,0.3527290017029829,0.014507435117779483,-1.2905823219022656,0.1658974521779264,0.3309901123592383,0.6305570703395321,0.7605837678964484,-0.16311948894432982,-0.5721111115071936,-0.32643320748679033,-0.48488109971604615,0.7193237163505762,0.7136924849168571,-0.42282041629709893,0.8237826097576485,-0.5396594176144489,-0.43489624461026133,-0.17546384557206546,0.37566250104098475,0.05260268345721416,-0.17475882956405311,0.6372376273565326,-0.5592471478029244,-0.5711219936822625
0.31252185291718537,0.7033206202003807,-0.4001311499945143,-1.0681437268459957,0.4587095445957793,0.046491488680540996,0.10813795771628044,0.13183276973429447,0.22395234036519965,0.10764828612419039,-0.3755518138551079,0.8546998453976198,1.759849335367499,0.26762433017021053,-0.2986883709751074,1.0225291233226332,-0.2504766903649261,0.6297192554530434,-0.05183604583205931,0.6003413949286912,0.18037082673544164,-1.3233855832897041,0.14356532787717766,0.34807495194830396,0.7605837678964484,1.0354429121871975,-0.4769039919126219,-0.8064315380269717,-0.29758140640467745,-0.8664221129137659,1.0324185088203564,0.7100980403146897,-0.33278867122444783,1.4465467046389087,-0.5257840946528005,-0.5045169377632428,0.20733069448570718,0.6429463315987359,0.07911919231837773,0.049100819973879446,0.6102113710451093,-0.6612205758037079,-0.6694474699329828
-2.228833445155383,-1.6539518879965849,-0.2313688854134501,0.325000599475538,-0.7808333688523181,0.9647937785268633,-1.3401355528808354,0.9311302155418405,-0.4810275058321833,0.06673829547263632,0.4739409399079024,-0.44729671499865353,-2.35002538172964,0.1058768676452838,0.6954145910791937,-1.0423482468953855,1.7660232221992989,-0.08357255111253303,0.6797616994635233,-0.46024144996840016,-0.31502513260638076,-0.023304953331146593,0.12611212769558244,-1.1283527431937854,-0.16311948894432982,-0.4769039919126219,1.561755096547918,0.6035583018840742,-0.6033335105153376,2.7657113605239667,-0.7034279200055634,0.45674581473955533,-0.9717838460918198,-1.7399495889940817,-0.7285257220241452,0.1124766071817756,-1.0133406254565618,-1.1306460137112493,1.009466088661581,-0.8034693150699797,0.25961927687381514,0.18518801584676664,0.6912776447041694
-0.6486258922945212,-0.7847864924158094,0.2029278172196648,0.8111311088056615,-0.42042624474940105,0.15974583134045295,-0.279917700290184,0.11081499466508361,-0.20122853684547834,-0.06739564404100733,0.42153858010104306,-0.5951666834624173,-1.6259038202993064,-0.19153201504573397,0.3360712708957837,-0.8746575862463019,0.487882142796363,-0.4844777148311946,0.18634078784515845,-0.473786192141149,-0.1386300146590636,1.0327580015513407,-0.09964040632254273,-0.5236495925501279,-0.5721111115071936,-0.8064315380269717,0.6035583018840742,0.6809400516890207,0.1127942862216914,1.1499930504523264,-0.839638568500347,-0.4629232880756165,0.08243284358848223,-1.2763408316523446,0.2446623971208465,0.39000105877273156,-0.22528643231910556,-0.6436135320016506,0.16964238546122654,-0.12537088802212754,-0.4274879694147351,0.5210393687426889,0.6398520787399542
1.0516042630669085,0.5442192481644006,0.3304583924426938,0.40996160196311787,0.1969994343440343,-0.5556285643241706,0.710966443406902,-0.5719541006530264,0.16831066966486055,-0.09987889031643286,-0.00990178820932753,-0.16580063023920588,0.3602423873918872,-0.21591190950735326,-0.22133338334078226,0.04054714516335019,-0.8463544502390922,-0.31104575177095933,-0.33375633369107227,-0.04958382858494485,0.10451336477882259,0.7973356870367656,-0.16527539864062948,0.39210733570337286,-0.32643320748679033,-0.29758140640467745,-0.6033335105153376,0.1127942862216914,0.5090576777420704,-1.0408232378904703,-0.16270930609366183,-0.6699570262332654,0.7338920178114341,0.20731486161357784,0.6922579839137968,0.21343411537078955,0.5087582613687787,0.28614487031862096,-0.5707712802043436,0.4607924193467678,-0.4952315296556779,0.26675679754747983,0.002392937143061229
-4.495328819759869,-3.0628354397842235,-0.8307408950810912,0.6852124088679321,-1.059732892193904,2.0173308752045287,-2.152117854999523,2.1139029392906195,-0.4868369907757519,0.07583547992970663,1.540177711335995,-0.05142720545937971,-4.181244333281402,-0.040322663954333184,1.3601626836819827,-1.6758104134143141,3.292914873057592,-0.46435125743500416,1.5096274383659967,-0.5766148360704448,-0.19317941297060726,0.9980813259511963,0.06822963787478548,-2.9026277175071833,-0.48488109971604615,-0.8664221129137659,2.7657113605239667,1.1499930504523264,-1.0408232378904703,5.683435259884376,-1.2453585117752592,0.42485028190107843,-1.6074262678349605,-2.751102829772982,-1.2137697269478853,0.4205046885596451,-0.9273608727563808,-2.0907717858686334,2.394874200725575,-1.009204847154821,-0.044896019684908375,0.6067495926823593,1.8098276485109055
0.6509157176503653,0.9377746944248315,-0.34381884113127054,-1.0269009735958505,0.5648315005939231,-0.1147859978880398,0.3508492571332891,-0.022853001396137124,0.30829603511487313,0.08354544499681225,-0.38983186880107135,0.9042685791025212,2.02659228998072,0.2171332787247291,-0.3882215124272496,1.1354455726971644,-0.5296197299007553,0.5814643248593622,-0.15372141830808847,0.648989977593582,0.24263961555590768,-1.1593494253846717,0.09712128848006599,0.47368579818552453,0.7193237163505762,1.0324185088203564,-0.7034279200055634,-0.839638568500347,-0.16270930609366183,-1.2453585117752592,1.075259505540488,0.5519870665757761,-0.12985873178463817,1.6537669800254815,-0.3530532610243329,-0.47824872348718883,0.4097872653136573,0.7873839547079715,-0.06535764832475581,0.21720880050314736,0.49774601774479665,-0.6318937145094811,-0.7129538842622395
-0.7499170467206236,-0.26060965329809593,-0.30884044594683174,-0.8845723891363887,-0.1854847668729683,0.46866306262241303,-0.8231633876368704,0.44365800438790237,-0.2665617298977284,0.16612626778110162,-0.46439741990299693,0.14199589844751465,0.2742764365189156,0.4337784274611131,0.06709172576548786,0.25409884728813376,0.7325948134449871,0.7090936467274989,0.19087863354516868,0.16083018325404377,-0.2193356630137374,-1.8286473955050222,0.30777260287537783,0.13235449056212872,0.7136924849168571,0.7100980403146897,0.45674581473955533,-0.4629232880756165,-0.6699570262332654,0.42485028190107843,0.5519870665757761,1.159705426496193,-0.9591765919777375,0.16148111198158874,-0.9605519914580222,-0.5101150515652604,-0.8726803929516198,-0.03162387136727624,0.3537220466054536,-0.6736215819598942,0.9798414797093686,-0.6555736014099129,-0.5175235664254612
1.5798739418323524,0.8890881553280006,0.41861138896004996,0.5021455629951309,0.38109183512435,-0.8056027578371878,1.100729100595237,-0.8108482661080862,0.3090799343326815,-0.14014448979214655,-0.008194024073608648,-0.0964591102920626,0.7459595356140238,-0.3145615960662734,-0.35910760985378287,0.19113418764518508,-1.2933688476868996,-0.42182869848172516,-0.4861774578331324,0.008874033514835558,0.2065998095545048,1.1347410934390096,-0.24388467096060645,0.5633806214117035,-0.42282041629709893,-0.33278867122444783,-0.9717838460918198,0.08243284358848223,0.7338920178114341,-1.6074262678349605,-0.12985873178463817,-0.9591765919777375,1.0803186507625946,0.5041051645937449,0.992628113621886,0.2877238209003391,0.8578442530170257,0.49768505319823936,-0.8104106313139269,0.7272927099347515,-0.72122050530363,0.35116763916101934,-0.02542341382120577
1.8533839708797195,2.032677571516822,-0.43351505719509353,-1.2978262901594346,1.2512932774099625,-0.5863475144853284,1.334501562405916,-0.38982164389210333,0.81447676711932,0.030198202307638387,-0.40088283340841613,1.647444463755729,3.7243462138667764,0.0755181505329089,-0.8024285971923214,2.013489475070449,-1.604455166438278,0.5700583102493054,-0.45464509327566177,1.1363609103989332,0.6448041799703942,-0.810340141157248,-0.04878304934836243,0.812011842195233,0.8237826097576485,1.4465467046389087,-1.7399495889940817,-1.2763408316523446,0.20731486161357784,-2.751102829772982,1.6537669800254815,0.16148111198158874,0.5041051645937449,3.098943101106723,0.08272846649976667,-0.5168485414352382,1.4858588816750178,1.549548520005533,-0.3974566986802517,0.952880723731453,0.18209195547585505,-0.7102168295808085,-0.9695401051293272
1.3078632674562003,0.604962597030064,0.46737015059355197,0.6774515798921478,0.20091967057848448,-0.7166457441373274,0.9071077148424281,-0.7483827313446579,0.19297624150795717,-0.14523959947900425,0.03386955497177388,-0.32612508920834204,0.22253086276284995,-0.32035786349584106,-0.23957960577015253,-0.08363648811250773,-1.055782887782703,-0.4959799346757342,-0.42685571281469,-0.14319234858238447,0.10897743118288217,1.2153978553756082,-0.22645115133442245,0.44502155695274287,-0.5396594176144489,-0.5257840946528005,-0.7285257220241452,0.2446623971208465,0.6922579839137968,-1.2137697269478853,-0.3530532610243329,-0.9605519914580222,0.992628113621886,0.08272846649976667,0.9803102627536963,0.3560714338122192,0.6373352653521152,0.2720269527049912,-0.7329381766209494,0.5875469579426755,-0.7425140401446956,0.44134343725020736,0.10998957420499925
-0.11569327978309729,-0.25709406948970404,0.11780330765633541,0.5550511979207122,-0.08330650347990419,-0.022661683109971794,0.11592360546757155,-0.025184954784444588,0.02195239649504513,-0.07262941750698293,0.3364670844370995,-0.2123990681235349,-0.7173272567878882,-0.21031022297682908,0.1306741259954302,-0.3957057729416393,0.023306451521263108,-0.4004324901569322,0.04863789710567714,-0.21195775784709395,0.031184057823309217,0.9670111283172991,-0.12610557705637623,-0.31962809047487656,-0.43489624461026133,-0.5045169377632428,0.1124766071817756,0.39000105877273156,0.21343411537078955,0.4205046885596451,-0.47824872348718883,-0.5101150515652604,0.2877238209003391,-0.5168485414352382,0.3560714338122192,0.3151930099920412,0.2049200095313116,-0.26028502431314854,0.027297200854658372,0.15100994947712204,-0.4735270453494142,0.4003342815979805,0.44318598909797646
0.8815891392000341,0.954450534292106,-0.2884555361217779,0.02436114874664932,0.8653747098882961,-0.3309150677332062,1.2196771843626866,-0.11868802613414088,0.7583427678897626,-0.11328893516169582,0.5886211466950391,1.1502349002767855,1.4614220123057071,-0.36984743308155393,-0.30817497269582766,0.8487492099709312,-1.022846685917495,-0.3790944279100801,-0.09751503538650803,0.5723859366155504,0.6618370932064244,1.4199146773737474,-0.3145334107546688,-0.3373086203216921,-0.17546384557206546,0.20733069448570718,-1.0133406254565618,-0.22528643231910556,0.5087582613687787,-0.9273608727563808,0.4097872653136573,-0.8726803929516198,0.8578442530170257,1.4858588816750178,0.6373352653521152,0.2049200095313116,1.7575395265111753,0.646475198678672,0.03428809588794851,1.1042554608409918,-0.8203727325664399,0.257212932063874,0.2659349898327407
1.5493677901413785,1.2911458681999965,0.051778961931862426,-0.5629368393337875,0.6140564984729834,-0.6186050778110405,0.8686578364736292,-0.5809412880406715,0.35133005708415477,-0.0034390753510982874,-0.463808458169549,0.5170527608074491,2.06732568779997,0.03893126694455509,-0.5480996815914709,0.9861653177845593,-1.2083894288650334,0.2890644309357723,-0.46527756395088776,0.47393240259210767,0.2391727512785028,-0.4888045291379988,-0.02982057101557495,0.894562438324754,0.37566250104098475,0.6429463315987359,-1.1306460137112493,-0.6436135320016506,0.28614487031862096,-2.0907717858686334,0.7873839547079715,-0.03162387136727624,0.49768505319823936,1.549548520005533,0.2720269527049912,-0.26028502431314854,0.646475198678672,0.9394872449038296,-0.6549113413162571,0.503312248209034,0.08547434440351517,-0.36016517421429056,-0.7073697760542823
-2.0403986956316595,-1.0492701341268,-0.7071286876599686,-0.12072493378316553,-0.15359863677319613,1.0137329236481554,-0.7836538929943527,1.159052729128189,0.03565817835644397,0.05876453681202376,0.7885161578752727,0.6713387888426522,-1.0434289509967767,0.015961833751822266,0.5173865367980355,-0.18673264852634125,1.3957921331983516,-0.03885278600310965,0.7481925660905181,0.13278513710934575,0.14846798446224205,0.2474122691265938,0.023830508621252137,-1.47466597655949,0.05260268345721416,0.07911919231837773,1.009466088661581,0.16964238546122654,-0.5707712802043436,2.394874200725575,-0.06535764832475581,0.3537220466054536,-0.8104106313139269,-0.3974566986802517,-0.7329381766209494,0.027297200854658372,0.03428809588794851,-0.6549113413162571,1.3609112840497886,-0.22237534759530336,0.06912022353311027,0.0628209146232021,0.7104957477094304
0.9399004281452603,0.7930394270258377,-0.01887763932480428,0.11994659274311209,0.5388633893521575,-0.4157630835863206,0.9412353634930472,-0.31427861145195807,0.46843166580792317,-0.0955967008740944,0.25010930804325926,0.5623909092143574,1.0258796681392484,-0.25768226349425133,-0.2711133682389604,0.531215668616794,-0.9044192408790777,-0.2665157447722951,-0.21245335299184143,0.3156354495452695,0.3922327267388739,0.9477631487190876,-0.22231100527255232,0.04699600694367243,-0.17475882956405311,0.049100819973879446,-0.8034693150699797,-0.12537088802212754,0.4607924193467678,-1.009204847154821,0.21720880050314736,-0.6736215819598942,0.7272927099347515,0.952880723731453,0.5875469579426755,0.15100994947712204,1.1042554608409918,0.503312248209034,-0.22237534759530336,0.7719857082381907,-0.5686958234697645,0.18138983967492733,0.06748428502553916
-0.3119305197217763,-0.05304767878432205,-0.12941314375686436,-0.7588124116858852,-0.16807698901544982,0.23261673736183397,-0.609694947589063,0.1790643889636945,-0.2609079494986074,0.13891273539669127,-0.5588621538550288,-0.015246760475059018,0.4026951894717394,0.39319238240156384,-0.029515545922419423,0.24484377891833584,0.419267012684058,0.6516310089675293,0.036677418422670215,0.11058896638892891,-0.22961003740883387,-1.6953759358252574,0.26546933743093015,0.397603990128367,0.6372376273565326,0.6102113710451093,0.25961927687381514,-0.4274879694147351,-0.4952315296556779,-0.044896019684908375,0.49774601774479665,0.9798414797093686,-0.72122050530363,0.18209195547585505,-0.7425140401446956,-0.4735270453494142,-0.8203727325664399,0.08547434440351517,0.06912022353311027,-0.5686958234697645,0.8913343743251424,-0.60644388352373,-0.6064139560186577
-0.1985752070163088,-0.3788954779371906,0.14659825901062035,0.7278407883441407,-0.1286637835168601,-0.015640205188427632,0.12252570971095343,-0.012624426824437492,0.016312342357700852,-0.0923191498470029,0.46172709400160394,-0.278545214529072,-0.9824230564769313,-0.2659040458876452,0.17874116629458886,-0.5433449287421557,0.06344694692787838,-0.5315445084451389,0.08465776774389083,-0.28123918505776724,0.031200679111572694,1.254704402578886,-0.1637267971972225,-0.44877203591310183,-0.5592471478029244,-0.6612205758037079,0.18518801584676664,0.5210393687426889,0.26675679754747983,0.6067495926823593,-0.6318937145094811,-0.6555736014099129,0.35116763916101934,-0.7102168295808085,0.44134343725020736,0.4003342815979805,0.257212932063874,-0.36016517421429056,0.0628209146232021,0.18138983967492733,-0.60644388352373,0.529391652096486,0.591101574815032
-1.2023027106647262,-0.9201141458615557,-0.1805488127968473,0.7128264594869897,-0.21474951399177844,0.4788329458304452,-0.26534120043744736,0.5478930430522897,0.025679451577762843,-0.06863693469178007,0.8595550749433553,0.007321060687322303,-1.5649216266844617,-0.27378629660507836,0.44432177272832935,-0.6792877500377644,0.7512319610840505,-0.5779932558068993,0.4513028155052461,-0.24683055852678293,0.09654416443134821,1.4396410846915773,-0.15559762456885978,-1.180018783505324,-0.5711219936822625,-0.6694474699329828,0.6912776447041694,0.6398520787399542,0.002392937143061229,1.8098276485109055,-0.7129538842622395,-0.5175235664254612,-0.02542341382120577,-0.9695401051293272,0.10998957420499925,0.44318598909797646,0.2659349898327407,-0.7073697760542823,0.7104957477094304,0.06748428502553916,-0.6064139560186577,0.591101574815032,0.9704477240336855
