V1,V2,V3,V4,V5,V6,V7,V8,V9,V10,V11,V12,V13,V14,V15,V16,V17,V18,V19,V20,V21,V22,V23,V24,V25,V26,V27,V28,V29,V30,V31,V32,V33,V34,V35,V36,V37,V38,V39,V40,V41,V42,V43
1.0201389423121126,0.5142914494758697,0.03908596176666308,-0.06327952402394878,0.19072997894406896,-0.6715526377082103,-0.025040244385660455,0.011460330876904533,0.045686781998301416,0.3821867003847705,0.12411358647996361,-0.014666406273259935,0.24555305255841917,-0.29035272255471833,-0.45604870116225443,0.058253675884639644,0.4108975277844815,-0.30221537796741305,0.10193451573911046,-0.3657808822283305,0.6180965265664575,0.007737687790473792,0.17461963675443004,-0.41258757423041403,0.2591159678458402,0.5964958047662173,0.05981739529788243,0.08015113320242395,1.0444337425917356,0.5243757188556306,0.5156115455605195,0.09185820499842254,-0.16546457587548688,-0.5282640254504576,0.3201041259834825,-0.429709898533712,0.14589358838517455,-0.34264523776453437,-0.21508412250051362,-0.3318663351307472,0.13864127351261496,-0.21979087700403735,0.21895051696233855
0.5142914494758697,0.853105896133043,0.005737723017336761,-0.1436149138526411,0.09770402448525951,-0.4955809503313675,0.3129554990331092,-0.13563569893209554,0.03646902144747641,0.2504394347139585,-5.545093128955585e-4,0.11429345767826837,0.6165480925228726,-0.03572175466570906,-0.1865715544187337,-0.5375770393434659,0.5609974604752375,-0.42043122780228964,0.3059393060013193,-0.28382510009228545,0.5883557839352057,0.622181022755377,0.21623357696731238,0.09061865258536912,-0.02799424986809621,0.4872841947474541,0.03143839625510495,0.32694326399232715,0.3146377465788595,0.01785833701303285,0.5668546617265438,0.44421563968094385,-0.04820579354454118,0.37558661091427353,0.5866560537058911,-0.8059258880990766,0.13740283562580796,0.09355327470801443,-0.4330633975933096,0.4759207723577865,0.1436670366261687,0.2111371107974203,0.044546765706700575
0.03908596176666308,0.005737723017336761,0.6672284368594374,-0.11950095721089472,0.16782443028463295,0.17284773014931012,-0.21759999329103535,0.6865264069657891,-0.10129968432376907,-0.32990422479932685,0.0293947023073133,0.0891138840475828,-0.09109771131396674,-0.2811059684137635,-0.25994436706674756,0.255940651759613,-0.09488941222731334,0.2729686842473036,-0.2559528084065724,-0.5781764255740325,0.22605755345784273,0.23206284827471438,0.11514190139840812,-0.03374736227212198,0.08612898457701171,0.572075566729754,0.3425272695034717,-0.21661638067255054,-0.08801840299460253,0.00721236619567686,0.021494856428785736,0.5432306060528873,0.3458712367904938,0.5128949536424522,0.5604745659059158,-0.182615056174934,-0.18204558076019955,0.08126744573072392,0.043665159026182065,-0.5033592162126765,-0.1899598958259713,0.3880590858887071,0.43683633524566706
-0.06327952402394878,-0.1436149138526411,-0.11950095721089472,0.08583376436099946,-0.06157111904421685,0.029714993452701125,0.0727426683898898,-0.09541326379963326,0.09445977965217049,-0.025524037821706695,-0.024092182045157843,-0.0813839367879091,-0.06713550815671822,0.11660244206766479,0.12278877249795911,0.02516851985980295,-0.05867543499500057,-0.10832099357808427,-0.04186442784164197,0.23727335259136648,-0.07786161903169929,-0.19520699722263402,-0.018123290790917644,0.0209757571825956,0.017855243142147214,-0.18618544920538477,-0.09975804373896396,0.04132195889713461,-0.08195649593379031,0.06358178534715533,-0.15408909405421292,-0.13673857711159287,-0.079358310721160355,-0.2402939806903505,-0.2832136043017936,0.1995796982793069,-0.0011488322189636099,0.08819351011246203,0.08381754810600417,0.038428491477524744,0.11094936816743782,-0.21557206620516925,-0.2140160407994314
0.19072997894406896,0.09770402448525951,0.16782443028463295,-0.06157111904421685,0.6723612172976746,-0.004695407827053323,0.20684492525955572,0.16573406271764737,0.6932706881830853,0.21032182639544778,-0.004484273079969036,0.37016783889258775,-0.0290453395820688,-0.6557039583151059,-0.09377900092762902,0.16749776893272225,0.06701729725537008,0.1901462034035889,5.809713633296076e-4,0.09756304598978033,-0.16076540323341482,0.33903098992777475,0.034436273359912194,-0.6303911372781171,0.6569829966550182,0.3204526259966315,-0.08233249460938716,0.18247677765112424,0.021409999389983433,0.4106006180837241,-0.049331007850136985,0.15729372650625062,0.19257842361631497,-0.021624989145083814,0.3819630617972599,-0.3864545781625915,-0.2512778768291149,0.17659748679270235,0.4858475599651005,-0.15391295376599193,0.03147432727238115,0.008417224847675316,0.5567711173166738
-0.6715526377082103,-0.4955809503313675,0.17284773014931012,0.029714993452701125,-0.004695407827053323,1.205559417056491,-0.05571707475422438,-0.08760089611114091,-0.18395626568381981,-0.359918065482946,0.38437373358435195,0.19942281649273128,-0.13707768457737243,-0.4021317568528991,0.1815004150705591,-0.023820698136101284,-1.3248467214585993,0.20155427536541667,-0.6611011570125643,-0.10921860073785913,-0.8739799847733166,0.3478221224414625,0.0059222418958254286,0.563304008932148,0.16551348600744648,-0.15132331371879185,0.1273450171606242,0.04132513368362186,-1.5696862822144135,0.056479271220891324,-0.842099030770311,-0.11870405217321185,-0.5781757387528986,0.7077302709294654,0.1485089558366896,0.48871842033900575,-0.016027871823109125,-0.09646100428681413,0.35566800810417537,0.06029347513730769,-0.20653841635727963,0.37262056582396175,-0.31421512728505196
-0.025040244385660455,0.3129554990331092,-0.21759999329103535,0.0727426683898898,0.20684492525955572,-0.05571707475422438,0.7493319778980553,-0.4062127355135938,0.6921787801027098,0.17817557869748063,-0.04885599990683884,0.16661053880458168,0.4564006140957311,0.06299915131217182,0.24293340353718423,-0.37654938905739205,0.14829805959768988,-0.616546554556016,0.3372686968021233,0.6137337619569413,-0.05103920703851544,0.038290656320311166,0.22101326027911775,-0.0062791847216450165,0.49039860621685943,-0.2691217881941831,-0.4472626779353749,0.7427072801280198,-0.31243101829528624,0.1323504121363141,0.09914053367677078,0.07108472320904409,0.01926513145083717,0.24855597605112245,-0.07409810359666567,-0.5354299999913354,0.11599349551827226,0.7555189405489178,0.1334120255349742,0.47654483089389704,0.4456893031682221,-0.31031848570445225,-0.4652689726427782
0.011460330876904533,-0.13563569893209554,0.6865264069657891,-0.09541326379963326,0.16573406271764737,-0.08760089611114091,-0.4062127355135938,0.9976816671821029,-0.16693621091143712,-0.3964073633027324,-0.30799154228479697,-0.08110259645081433,-0.475034233750264,-0.17650949070147526,-0.2440068372348951,0.3698055634934134,0.3397535685037295,0.5421198404084646,-0.3145259853600813,-0.566496628790611,0.40637360893714414,0.22098914616631032,-0.049497305646651564,-0.22004080243556595,-0.13903152896671353,0.648151951013253,0.4580135796448067,-0.5570641016651467,0.22542031904258483,-0.049185002464287066,-0.047851212353953954,0.6135038329686157,0.6588319108811428,0.059389631352079475,0.39471591259636996,0.05197196965259601,-0.39778077365156955,0.0012095368093006976,0.004805109248189792,-0.5199100449591871,-0.2896150859218807,0.30279092047815664,0.6726057197904501
0.045686781998301416,0.03646902144747641,-0.10129968432376907,0.09445977965217049,0.6932706881830853,-0.18395626568381981,0.6921787801027098,-0.16693621091143712,1.5828412044526217,0.2256897286715323,0.12868437751981973,0.382768893796586,0.3536151675684991,-0.17977825514139145,0.4192984376250755,0.36293161005853003,0.22006052544201302,-0.19272361710174057,0.3892791688362922,0.9942706566749142,-0.22567659278003827,-0.1998505055574493,0.06299046201500408,-0.8591551390610916,0.7782116630718559,-0.17597766564687542,-0.5411685531949847,0.45804736544238017,0.008829971512454064,0.4091873678977863,-0.04603882790085129,-0.025160536488164926,0.2386720108667303,-0.2996942023812613,-0.2833047638305463,-0.34900010774466145,-0.38491569921406515,0.8933891893376422,0.9747556451210476,-0.047814609251358595,0.5518808112238356,-0.44792574932019813,0.39166024011011463
0.3821867003847705,0.2504394347139585,-0.32990422479932685,-0.025524037821706695,0.21032182639544778,-0.359918065482946,0.17817557869748063,-0.3964073633027324,0.2256897286715323,0.5351198972111922,0.015003831720570977,0.11463994694132179,0.1811940948745149,-0.2060990709119288,-0.12681210021602995,-0.02921960846871391,0.2520823624517923,-0.14352509859877907,0.4185690253443175,0.1779218800819744,-0.038768333950487774,-0.11628027425814601,0.03373814090315918,-0.4101930224981803,0.4028184172403869,-0.13150342353814284,-0.2816771400549858,0.30272557852081994,0.619001276552137,0.20426938578225196,0.442367264431812,-0.29741417422076116,-0.011808519366242852,-0.22582461316322996,0.02355530677948887,-0.43263865967373405,0.22826977758622388,-0.1357531231674531,-0.041106944365946946,-0.007602236804170559,0.06419980117396772,-0.24578008029614143,0.0841780534366319
0.12411358647996361,-5.545093128955585e-4,0.0293947023073133,-0.024092182045157843,-0.004484273079969036,0.38437373358435195,-0.04885599990683884,-0.30799154228479697,0.12868437751981973,0.015003831720570977,0.7228519471776661,0.1793188234034681,0.45644742874802996,-0.19119675258167673,0.06780850939158992,0.25781186230979447,-0.7913052247650468,-0.07471870668409923,-0.1436936880990781,-0.11254235183928216,-0.29017413178752505,0.0116126568970953,0.08523539944037171,0.09733928209285704,0.09407252264401873,0.07860771281923046,0.016707086909336647,-3.8954910094933965e-4,-0.3678877153336834,0.20878094787030874,-0.09701760422109428,-0.20283592451566335,-0.6748984217097983,0.243957863076583,0.08987388837830865,0.1280040827951575,0.05604652501338341,-0.24767050866739637,0.3201110110258682,-0.2521524768146961,0.05934658829269477,0.1836548087358609,0.09369640214155259
-0.014666406273259935,0.11429345767826837,0.0891138840475828,-0.0813839367879091,0.37016783889258775,0.19942281649273128,0.16661053880458168,-0.08110259645081433,0.382768893796586,0.11463994694132179,0.1793188234034681,0.3827665984058073,0.1752679744688132,-0.3970254460846926,-0.07167948450470558,-0.019867183971568766,-0.20894280666457785,0.06914429949948603,0.06677156072069264,0.03469418672456042,-0.2560349205187381,0.21400108294685705,0.060349692518745814,-0.2236397570724555,0.38502482128231436,0.08175307125799741,-0.08566684070821624,0.26910766541181924,-0.21459732599316098,0.10249575768837353,-0.012607650615926981,0.04395850104310556,-0.006920229326661044,0.36373032710319825,0.35384753307855227,-0.3473935612018383,-0.05050854918702521,0.1512984714221701,0.31421485742611327,-0.022858810812523066,0.019510156441361594,0.18955616991729546,0.24714208700994916
0.24555305255841917,0.6165480925228726,-0.09109771131396674,-0.06713550815671822,-0.0290453395820688,-0.13707768457737243,0.4564006140957311,-0.475034233750264,0.3536151675684991,0.1811940948745149,0.45644742874802996,0.1752679744688132,0.9630129877969943,0.17405075310084814,0.1386217109485376,-0.23578876555199374,-0.025223602549116333,-0.5741655896261988,0.4338768395903741,0.09473062363551835,0.19270255676505701,0.173563999756813,0.2698955058656594,0.18394474487173829,0.08261350567195215,0.041429760435264834,-0.21579982997656658,0.4608323909949778,-0.0785568778970522,-0.04374400128212895,0.496777829920011,0.13943492836350374,-0.3125993331254708,0.6288785045603402,0.22516730263602322,-0.6325263401872911,0.21103351932465778,0.3268577576520936,-0.059797177809248835,0.2825634049428574,0.32512024981576293,0.12787240937474076,-0.1276570949887699
-0.29035272255471833,-0.03572175466570906,-0.2811059684137635,0.11660244206766479,-0.6557039583151059,-0.4021317568528991,0.06299915131217182,-0.17650949070147526,-0.17977825514139145,-0.2060990709119288,-0.19119675258167673,-0.3970254460846926,0.17405075310084814,1.100921741511389,0.3416856273584068,-0.10349619399786429,0.5176372533350575,-0.33466483186020957,0.44134967308737844,0.43202722670516164,0.3702582245261497,-0.6999871943663023,-0.055998436309421584,0.3723509819524246,-0.7189035243038651,-0.5965894123882614,-0.17965906874348692,-0.06936674275181362,0.33810590190241013,-0.6262158222307964,0.276742711904268,-0.10547491132598187,0.25490555229417283,-0.15173305299965337,-0.7447121723604063,0.22605098049283145,0.11514042296233362,0.39542479196409863,-0.33716608706691875,0.25662393996961214,0.24995325128985044,-0.2559832259119961,-0.5047190263297476
-0.45604870116225443,-0.1865715544187337,-0.25994436706674756,0.12278877249795911,-0.09377900092762902,0.1815004150705591,0.24293340353718423,-0.2440068372348951,0.4192984376250755,-0.12681210021602995,0.06780850939158992,-0.07167948450470558,0.1386217109485376,0.3416856273584068,0.6061520881713746,0.019321659554883318,-0.11070910292805429,-0.04296497480338334,-3.653802999540264e-4,0.5972343058912954,-0.28675191559033664,0.07594759518505295,-0.12359976121330679,0.14451935000594704,-0.21799476130782636,-0.36209156948406185,-0.17364914633577822,-0.0692454952767721,-0.6423701820042343,-0.11209155283438159,-0.3641005291392654,-0.12159225290592893,-0.19475471348502324,-0.09882661954418995,-0.5105274291768077,0.39386824684389166,-0.2393358003074074,0.29918382144145117,0.33125633545278577,0.45795192116622,0.1874879041699516,-0.10254496125928002,-0.10755270022318042
0.058253675884639644,-0.5375770393434659,0.255940651759613,0.02516851985980295,0.16749776893272225,-0.023820698136101284,-0.37654938905739205,0.3698055634934134,0.36293161005853003,-0.02921960846871391,0.25781186230979447,-0.019867183971568766,-0.23578876555199374,-0.10349619399786429,0.019321659554883318,1.0901458934930517,-0.18492439160560753,0.506109411664114,0.08302991610060267,0.07116661309574655,-0.17773355071199745,-0.7605669956405174,-0.1114123136590926,-0.7123647663046185,0.2694544008575888,-0.06283542242777077,-0.024948281953450068,-0.47268534857030714,0.6089914392302074,0.1476947991539045,0.11468717539585997,-0.2558649725475097,0.3490842898054622,-0.37814779914598173,-0.3126984462737916,0.30493805801130336,-0.22347712739414938,-0.11125632806765538,0.5842119577759411,-1.130843408457867,-0.10239009858567537,-0.17147015149883446,0.7477831298577933
0.4108975277844815,0.5609974604752375,-0.09488941222731334,-0.05867543499500057,0.06701729725537008,-1.3248467214585993,0.14829805959768988,0.3397535685037295,0.22006052544201302,0.2520823624517923,-0.7913052247650468,-0.20894280666457785,-0.025223602549116333,0.5176372533350575,-0.11070910292805429,-0.18492439160560753,1.79302573580931,-0.06898835213737542,0.7539468622997468,0.17221151621565794,1.0073051222150204,-0.09404106731220353,-0.06486102994668425,-0.5536654535379184,-0.29671322712987425,0.1717258092215674,-0.0926439003856589,-0.06239769715059459,1.4974690853664003,-0.3132119584400312,0.8538178826646112,0.41695096632474954,1.0486709066752142,-0.5382058203492823,-0.05990820458746558,-0.6487650461973309,-0.1437823865077311,0.39493602936990513,-0.46542505637893544,0.24418335267770283,0.1491290892515595,-0.2634772531830593,0.4107109244670496
-0.30221537796741305,-0.42043122780228964,0.2729686842473036,-0.10832099357808427,0.1901462034035889,0.20155427536541667,-0.616546554556016,0.5421198404084646,-0.19272361710174057,-0.14352509859877907,-0.07471870668409923,0.06914429949948603,-0.5741655896261988,-0.33466483186020957,-0.04296497480338334,0.506109411664114,-0.06898835213737542,0.9876735646303817,-0.2684106832640177,-0.3593270712282226,-0.27552819345365487,0.27697153820102155,-0.33559940425336526,-0.3428812100531569,-0.24097599414177007,0.2436893874936245,0.36952903006190685,-0.7660720827976351,0.011488045788758191,-0.15350921507206725,-0.24917301051507404,0.021719757148977985,0.3026942051201293,-0.07518505095708916,0.18063832175135006,0.4194923367890923,-0.4237438918414067,-0.5138605285427054,0.27629026084010144,-0.37684940925806676,-0.5290547770074459,0.4478024846816071,0.9504406095190872
0.10193451573911046,0.3059393060013193,-0.2559528084065724,-0.04186442784164197,5.809713633296076e-4,-0.6611011570125643,0.3372686968021233,-0.3145259853600813,0.3892791688362922,0.4185690253443175,-0.1436936880990781,0.06677156072069264,0.4338768395903741,0.44134967308737844,-3.653802999540264e-4,0.08302991610060267,0.7539468622997468,-0.2684106832640177,1.0773527834525685,0.4622968875948538,0.2138091496516911,-0.7467764334695602,0.10289393065362117,-0.44538942984816204,0.2585098922476748,-0.553569627005362,-0.5182174460490636,0.4533444053665768,1.060789960121884,-0.3917606268956624,1.0140924395972648,-0.171757279320071,0.7249100393790581,0.23364399076197878,-0.19724361099033258,-0.8253626383739607,0.31802415167087156,0.5303542916561589,-0.1440543335620371,-0.17112136019944502,0.20948842777346832,-0.2791232588693672,0.061016955428818034
-0.3657808822283305,-0.28382510009228545,-0.5781764255740325,0.23727335259136648,0.09756304598978033,-0.10921860073785913,0.6137337619569413,-0.566496628790611,0.9942706566749142,0.1779218800819744,-0.11254235183928216,0.03469418672456042,0.09473062363551835,0.43202722670516164,0.5972343058912954,0.07116661309574655,0.17221151621565794,-0.3593270712282226,0.4622968875948538,1.2986503386449841,-0.41187561539820805,-0.7152520211166407,-0.07397840399697428,-0.34633116969361427,0.32450466520409377,-0.9265600554130075,-0.6940125569483657,0.473113540043121,-0.08666509401976488,0.014032460960190462,-0.17482558809924148,-0.5041644640361629,0.11842221151786254,-0.5445466035082294,-0.9525338661556123,0.14026999003684523,-0.06981840328885662,0.7821219028333196,0.5732953524796733,0.31136400244942125,0.5306930520008589,-0.7247939181591445,-0.4121722648733683
0.6180965265664575,0.5883557839352057,0.22605755345784273,-0.07786161903169929,-0.16076540323341482,-0.8739799847733166,-0.05103920703851544,0.40637360893714414,-0.22567659278003827,-0.038768333950487774,-0.29017413178752505,-0.2560349205187381,0.19270255676505701,0.3702582245261497,-0.28675191559033664,-0.17773355071199745,1.0073051222150204,-0.27552819345365487,0.2138091496516911,-0.41187561539820805,1.0762846051620332,0.07926459448077224,0.1276424648561885,-0.018044439477145874,-0.40910216568163327,0.5840058224297338,0.22658366307444594,-0.14563586574860057,0.977771996525643,-0.09256837803511596,0.6082289813942257,0.5639542579552398,0.3839475126087461,-0.21077933731910622,0.23947475766219498,-0.4141047446196757,-0.01059449957194163,0.07763500835614592,-0.5761478725348274,0.0024679581516740792,0.1220624675682515,-0.010571831621117045,0.13285827559544405
0.007737687790473792,0.622181022755377,0.23206284827471438,-0.19520699722263402,0.33903098992777475,0.3478221224414625,0.038290656320311166,0.22098914616631032,-0.1998505055574493,-0.11628027425814601,0.0116126568970953,0.21400108294685705,0.173563999756813,-0.6999871943663023,0.07594759518505295,-0.7605669956405174,-0.09404106731220353,0.27697153820102155,-0.7467764334695602,-0.7152520211166407,0.07926459448077224,2.1636430862727414,-0.04840397125282938,0.5054817631927385,-0.3627175396384396,1.119990548005762,0.6160207196349672,-0.28534413567060235,-1.2884558942065074,0.2187445194913185,-0.5632766440578656,0.7935478726195476,-0.6436165516089692,0.5611156727756836,1.0599508339340702,-0.09293041962374543,-0.45217281045801144,-0.4604462857476879,-0.17177070595327334,1.1499078106878258,-0.3136316172481371,0.9040888226644898,0.470301081894792
0.17461963675443004,0.21623357696731238,0.11514190139840812,-0.018123290790917644,0.034436273359912194,0.0059222418958254286,0.22101326027911775,-0.049497305646651564,0.06299046201500408,0.03373814090315918,0.08523539944037171,0.060349692518745814,0.2698955058656594,-0.055998436309421584,-0.12359976121330679,-0.1114123136590926,-0.06486102994668425,-0.33559940425336526,0.10289393065362117,-0.07397840399697428,0.1276424648561885,-0.04840397125282938,0.22234923539731963,0.08517921758468927,0.2845973137324648,0.07070554606311165,-0.08835628766843892,0.346680380201005,-0.0018014500361933574,0.09276411969475677,0.2198203128881702,0.14348017621064235,0.008441410170463712,0.3449729425461114,0.20706435796337835,-0.3885317078587568,0.19823646941230927,0.23628872026474942,-0.10669909192761691,-0.08237994533784468,0.13297192946559894,-0.04162528407150549,-0.23349121074676688
-0.41258757423041403,0.09061865258536912,-0.03374736227212198,0.0209757571825956,-0.6303911372781171,0.563304008932148,-0.0062791847216450165,-0.22004080243556595,-0.8591551390610916,-0.4101930224981803,0.09733928209285704,-0.2236397570724555,0.18394474487173829,0.3723509819524246,0.14451935000594704,-0.7123647663046185,-0.5536654535379184,-0.3428812100531569,-0.44538942984816204,-0.34633116969361427,-0.018044439477145874,0.5054817631927385,0.08517921758468927,1.2219591063220943,-0.6597823760209605,-0.04282147497571547,0.26318298436626725,0.032871786528477366,-1.145039871999265,-0.34234015705591814,-0.39235269505809184,0.16949961327292754,-0.6367122429860964,0.6687674774122367,0.08634374826024357,0.3297830154310021,0.24482373473238714,-0.12902287626568337,-0.5810060921691278,0.7416859416028497,-0.0749151108807881,0.3742679154127154,-0.8880099207823894
0.2591159678458402,-0.02799424986809621,0.08612898457701171,0.017855243142147214,0.6569829966550182,0.16551348600744648,0.49039860621685943,-0.13903152896671353,0.7782116630718559,0.4028184172403869,0.09407252264401873,0.38502482128231436,0.08261350567195215,-0.7189035243038651,-0.21799476130782636,0.2694544008575888,-0.29671322712987425,-0.24097599414177007,0.2585098922476748,0.32450466520409377,-0.40910216568163327,-0.3627175396384396,0.2845973137324648,-0.6597823760209605,1.3572605468916934,-0.1442068402524041,-0.4676264472367939,0.7710092540138217,0.13689705727539112,0.5875877370156397,0.21857998419610442,-0.15897142779574386,0.25404088354317245,0.21212674572707288,0.22755956008704867,-0.7139050313199976,0.23033518822969506,0.4579259681587761,0.46244559526729356,-0.5828346885187895,0.19114609878188216,-0.4158993304954264,-0.019810503881907228
0.5964958047662173,0.4872841947474541,0.572075566729754,-0.18618544920538477,0.3204526259966315,-0.15132331371879185,-0.2691217881941831,0.648151951013253,-0.17597766564687542,-0.13150342353814284,0.07860771281923046,0.08175307125799741,0.041429760435264834,-0.5965894123882614,-0.36209156948406185,-0.06283542242777077,0.1717258092215674,0.2436893874936245,-0.553569627005362,-0.9265600554130075,0.5840058224297338,1.119990548005762,0.07070554606311165,-0.04282147497571547,-0.1442068402524041,1.2699442274167039,0.6264113913647299,-0.42768777192920554,-0.0019861950241286622,0.39153839744293784,-0.0671393142412766,0.7576546423353385,-0.183998013577449,0.06485978860302119,0.9233515167145095,-0.1802300427431134,-0.35587937432255917,-0.44865176126262735,-0.131426814079178,-0.02235192983598364,-0.21071651426537497,0.5397647908104469,0.7153808112528681
0.05981739529788243,0.03143839625510495,0.3425272695034717,-0.09975804373896396,-0.08233249460938716,0.1273450171606242,-0.4472626779353749,0.4580135796448067,-0.5411685531949847,-0.2816771400549858,0.016707086909336647,-0.08566684070821624,-0.21579982997656658,-0.17965906874348692,-0.17364914633577822,-0.024948281953450068,-0.0926439003856589,0.36952903006190685,-0.5182174460490636,-0.6940125569483657,0.22658366307444594,0.6160207196349672,-0.08835628766843892,0.26318298436626725,-0.4676264472367939,0.6264113913647299,0.5374522056386314,-0.5464667213718172,-0.21963615412963872,-0.012527865037961912,-0.25034158583461497,0.3564836746042344,-0.16846738675247183,0.06448142466103365,0.4133735279198322,0.29597081119043084,-0.22078528119297297,-0.5008086810120533,-0.1986212777459031,6.168597942046915e-4,-0.3189313931472688,0.4728097350435708,0.3415654113685659
0.08015113320242395,0.32694326399232715,-0.21661638067255054,0.04132195889713461,0.18247677765112424,0.04132513368362186,0.7427072801280198,-0.5570641016651467,0.45804736544238017,0.30272557852081994,-3.8954910094933965e-4,0.26910766541181924,0.4608323909949778,-0.06936674275181362,-0.0692454952767721,-0.47268534857030714,-0.06239769715059459,-0.7660720827976351,0.4533444053665768,0.473113540043121,-0.14563586574860057,-0.28534413567060235,0.346680380201005,0.032871786528477366,0.7710092540138217,-0.42768777192920554,-0.5464667213718172,1.0700114413835171,-0.12071150141366967,0.12733701901026254,0.30258985771351443,-0.09391462482612638,0.0353949765894009,0.48840374491711563,0.08124521775561015,-0.8001064185121698,0.4638717132485883,0.7106062142980213,-0.032503763101257153,0.23929812828314237,0.41127113781294167,-0.35137768869312214,-0.7563917574545187
1.0444337425917356,0.3146377465788595,-0.08801840299460253,-0.08195649593379031,0.021409999389983433,-1.5696862822144135,-0.31243101829528624,0.22542031904258483,0.008829971512454064,0.619001276552137,-0.3678877153336834,-0.21459732599316098,-0.0785568778970522,0.33810590190241013,-0.6423701820042343,0.6089914392302074,1.4974690853664003,0.011488045788758191,1.060789960121884,-0.08666509401976488,0.977771996525643,-1.2884558942065074,-0.0018014500361933574,-1.145039871999265,0.13689705727539112,-0.0019861950241286622,-0.21963615412963872,-0.12071150141366967,2.8313004959742205,-0.06415901050004162,1.467691675371094,-0.2196390438012954,1.0619248536322021,-0.9717039718811742,-0.20590249026703453,-0.7022859965219249,0.2847799753430924,-0.16700966076603352,-0.41373026788394673,-1.076259844281269,0.054797789729385496,-0.5958582351524017,0.6368697796147427
0.5243757188556306,0.01785833701303285,0.00721236619567686,0.06358178534715533,0.4106006180837241,0.056479271220891324,0.1323504121363141,-0.049185002464287066,0.4091873678977863,0.20426938578225196,0.20878094787030874,0.10249575768837353,-0.04374400128212895,-0.6262158222307964,-0.11209155283438159,0.1476947991539045,-0.3132119584400312,-0.15350921507206725,-0.3917606268956624,0.014032460960190462,-0.09256837803511596,0.2187445194913185,0.09276411969475677,-0.34234015705591814,0.5875877370156397,0.39153839744293784,-0.012527865037961912,0.12733701901026254,-0.06415901050004162,0.814716728515984,-0.3180353103167206,-0.07396156704216876,-0.484751593589597,-0.5715544786943183,0.10497589857525658,0.07578678177766997,-0.08773353188977476,-0.2026906927203472,0.3485020319560352,-0.18489896990756147,0.15558938040352374,-0.3055332667636694,0.05548272100088813
0.5156115455605195,0.5668546617265438,0.021494856428785736,-0.15408909405421292,-0.049331007850136985,-0.842099030770311,0.09914053367677078,-0.047851212353953954,-0.04603882790085129,0.442367264431812,-0.09701760422109428,-0.012607650615926981,0.496777829920011,0.276742711904268,-0.3641005291392654,0.11468717539585997,0.8538178826646112,-0.24917301051507404,1.0140924395972648,-0.17482558809924148,0.6082289813942257,-0.5632766440578656,0.2198203128881702,-0.39235269505809184,0.21857998419610442,-0.0671393142412766,-0.25034158583461497,0.30258985771351443,1.467691675371094,-0.3180353103167206,1.365608177872836,0.08598463033855128,0.7556442911091069,0.4162269690642209,0.2527275278041048,-1.081781650076547,0.451777455412496,0.19185670593696802,-0.5192564189215533,-0.47096679813866865,0.028641800344204184,-0.07633007661940588,0.24737539620555996
0.09185820499842254,0.44421563968094385,0.5432306060528873,-0.13673857711159287,0.15729372650625062,-0.11870405217321185,0.07108472320904409,0.6135038329686157,-0.025160536488164926,-0.29741417422076116,-0.20283592451566335,0.04395850104310556,0.13943492836350374,-0.10547491132598187,-0.12159225290592893,-0.2558649725475097,0.41695096632474954,0.021719757148977985,-0.171757279320071,-0.5041644640361629,0.5639542579552398,0.7935478726195476,0.14348017621064235,0.16949961327292754,-0.15897142779574386,0.7576546423353385,0.3564836746042344,-0.09391462482612638,-0.2196390438012954,-0.07396156704216876,0.08598463033855128,0.8676814098460474,0.33461899396973727,0.5641133327765137,0.6839785901603715,-0.42790751425411105,-0.2614472472158808,0.28509864502106663,-0.2172505784464873,0.20862863421991096,-0.05323720623777811,0.45049854889131163,0.3169001492192247
-0.16546457587548688,-0.04820579354454118,0.3458712367904938,-0.079358310721160355,0.19257842361631497,-0.5781757387528986,0.01926513145083717,0.6588319108811428,0.2386720108667303,-0.011808519366242852,-0.6748984217097983,-0.006920229326661044,-0.3125993331254708,0.25490555229417283,-0.19475471348502324,0.3490842898054622,1.0486709066752142,0.3026942051201293,0.7249100393790581,0.11842221151786254,0.3839475126087461,-0.6436165516089692,0.008441410170463712,-0.6367122429860964,0.25404088354317245,-0.183998013577449,-0.16846738675247183,0.0353949765894009,1.0619248536322021,-0.484751593589597,0.7556442911091069,0.33461899396973727,1.5345323565247413,0.2640069400756523,0.04321597135742089,-0.6853523028450099,-0.05763873706628499,0.6992102911696505,-0.09396822096553376,-0.5881657180573058,-0.09077742933518075,-0.11069745600507848,0.49273307281185524
-0.5282640254504576,0.37558661091427353,0.5128949536424522,-0.2402939806903505,-0.021624989145083814,0.7077302709294654,0.24855597605112245,0.059389631352079475,-0.2996942023812613,-0.22582461316322996,0.243957863076583,0.36373032710319825,0.6288785045603402,-0.15173305299965337,-0.09882661954418995,-0.37814779914598173,-0.5382058203492823,-0.07518505095708916,0.23364399076197878,-0.5445466035082294,-0.21077933731910622,0.5611156727756836,0.3449729425461114,0.6687674774122367,0.21212674572707288,0.06485978860302119,0.06448142466103365,0.48840374491711563,-0.9717039718811742,-0.5715544786943183,0.4162269690642209,0.5641133327765137,0.2640069400756523,2.1272266192362763,0.9673376303735952,-0.939405407432707,0.32745222740879465,0.46578441472333076,-0.3036143284289549,0.11206951575468983,-0.2431397491172001,0.8680062822886896,-0.09777291007262778
0.3201041259834825,0.5866560537058911,0.5604745659059158,-0.2832136043017936,0.3819630617972599,0.1485089558366896,-0.07409810359666567,0.39471591259636996,-0.2833047638305463,0.02355530677948887,0.08987388837830865,0.35384753307855227,0.22516730263602322,-0.7447121723604063,-0.5105274291768077,-0.3126984462737916,-0.05990820458746558,0.18063832175135006,-0.19724361099033258,-0.9525338661556123,0.23947475766219498,1.0599508339340702,0.20706435796337835,0.08634374826024357,0.22755956008704867,0.9233515167145095,0.4133735279198322,0.08124521775561015,-0.20590249026703453,0.10497589857525658,0.2527275278041048,0.6839785901603715,0.04321597135742089,0.9673376303735952,1.260523639436026,-0.7714702523663584,0.009030991712963453,-0.230825070999968,-0.27566447359503754,0.00896817213482328,-0.32648514934140493,0.7512746211037669,0.5032585606429382
-0.429709898533712,-0.8059258880990766,-0.182615056174934,0.1995796982793069,-0.3864545781625915,0.48871842033900575,-0.5354299999913354,0.05197196965259601,-0.34900010774466145,-0.43263865967373405,0.1280040827951575,-0.3473935612018383,-0.6325263401872911,0.22605098049283145,0.39386824684389166,0.30493805801130336,-0.6487650461973309,0.4194923367890923,-0.8253626383739607,0.14026999003684523,-0.4141047446196757,-0.09293041962374543,-0.3885317078587568,0.3297830154310021,-0.7139050313199976,-0.1802300427431134,0.29597081119043084,-0.8001064185121698,-0.7022859965219249,0.07578678177766997,-1.081781650076547,-0.42790751425411105,-0.6853523028450099,-0.939405407432707,-0.7714702523663584,1.5151010179308644,-0.3761372017374543,-0.5927172335386873,0.3261451370511375,0.07587310264263557,-0.13355043155512697,-0.0941147472874889,-0.13340206377738553
0.14589358838517455,0.13740283562580796,-0.18204558076019955,-0.0011488322189636099,-0.2512778768291149,-0.016027871823109125,0.11599349551827226,-0.39778077365156955,-0.38491569921406515,0.22826977758622388,0.05604652501338341,-0.05050854918702521,0.21103351932465778,0.11514042296233362,-0.2393358003074074,-0.22347712739414938,-0.1437823865077311,-0.4237438918414067,0.31802415167087156,-0.06981840328885662,-0.01059449957194163,-0.45217281045801144,0.19823646941230927,0.24482373473238714,0.23033518822969506,-0.35587937432255917,-0.22078528119297297,0.4638717132485883,0.2847799753430924,-0.08773353188977476,0.451777455412496,-0.2614472472158808,-0.05763873706628499,0.32745222740879465,0.009030991712963453,-0.3761372017374543,0.5846174095641382,-0.025027886672583207,-0.437011057848896,-0.10744488121327705,0.033489086099724244,-0.17124607620816537,-0.6053135448339388
-0.34264523776453437,0.09355327470801443,0.08126744573072392,0.08819351011246203,0.17659748679270235,-0.09646100428681413,0.7555189405489178,0.0012095368093006976,0.8933891893376422,-0.1357531231674531,-0.24767050866739637,0.1512984714221701,0.3268577576520936,0.39542479196409863,0.29918382144145117,-0.11125632806765538,0.39493602936990513,-0.5138605285427054,0.5303542916561589,0.7821219028333196,0.07763500835614592,-0.4604462857476879,0.23628872026474942,-0.12902287626568337,0.4579259681587761,-0.44865176126262735,-0.5008086810120533,0.7106062142980213,-0.16700966076603352,-0.2026906927203472,0.19185670593696802,0.28509864502106663,0.6992102911696505,0.46578441472333076,-0.230825070999968,-0.5927172335386873,-0.025027886672583207,1.333256817769413,0.28514573987203706,0.12600799196442095,0.5149762472050897,-0.335702440033399,-0.3707114172765336
-0.21508412250051362,-0.4330633975933096,0.043665159026182065,0.08381754810600417,0.4858475599651005,0.35566800810417537,0.1334120255349742,0.004805109248189792,0.9747556451210476,-0.041106944365946946,0.3201110110258682,0.31421485742611327,-0.059797177809248835,-0.33716608706691875,0.33125633545278577,0.5842119577759411,-0.46542505637893544,0.27629026084010144,-0.1440543335620371,0.5732953524796733,-0.5761478725348274,-0.17177070595327334,-0.10669909192761691,-0.5810060921691278,0.46244559526729356,-0.131426814079178,-0.1986212777459031,-0.032503763101257153,-0.41373026788394673,0.3485020319560352,-0.5192564189215533,-0.2172505784464873,-0.09396822096553376,-0.3036143284289549,-0.27566447359503754,0.3261451370511375,-0.437011057848896,0.28514573987203706,1.0111035061035183,-0.3234523825662073,0.18100206405815272,-0.14861523344614505,0.46783881676744515
-0.3318663351307472,0.4759207723577865,-0.5033592162126765,0.038428491477524744,-0.15391295376599193,0.06029347513730769,0.47654483089389704,-0.5199100449591871,-0.047814609251358595,-0.007602236804170559,-0.2521524768146961,-0.022858810812523066,0.2825634049428574,0.25662393996961214,0.45795192116622,-1.130843408457867,0.24418335267770283,-0.37684940925806676,-0.17112136019944502,0.31136400244942125,0.0024679581516740792,1.1499078106878258,-0.08237994533784468,0.7416859416028497,-0.5828346885187895,-0.02235192983598364,6.168597942046915e-4,0.23929812828314237,-1.076259844281269,-0.18489896990756147,-0.47096679813866865,0.20862863421991096,-0.5881657180573058,0.11206951575468983,0.00896817213482328,0.07587310264263557,-0.10744488121327705,0.12600799196442095,-0.3234523825662073,1.6725000279671693,0.16722031982598037,0.19730492481841141,-0.5882877991940468
0.13864127351261496,0.1436670366261687,-0.1899598958259713,0.11094936816743782,0.03147432727238115,-0.20653841635727963,0.4456893031682221,-0.2896150859218807,0.5518808112238356,0.06419980117396772,0.05934658829269477,0.019510156441361594,0.32512024981576293,0.24995325128985044,0.1874879041699516,-0.10239009858567537,0.1491290892515595,-0.5290547770074459,0.20948842777346832,0.5306930520008589,0.1220624675682515,-0.3136316172481371,0.13297192946559894,-0.0749151108807881,0.19114609878188216,-0.21071651426537497,-0.3189313931472688,0.41127113781294167,0.054797789729385496,0.15558938040352374,0.028641800344204184,-0.05323720623777811,-0.09077742933518075,-0.2431397491172001,-0.32648514934140493,-0.13355043155512697,0.033489086099724244,0.5149762472050897,0.18100206405815272,0.16722031982598037,0.46198174535574765,-0.40361122023629376,-0.3724220399865687
-0.21979087700403735,0.2111371107974203,0.3880590858887071,-0.21557206620516925,0.008417224847675316,0.37262056582396175,-0.31031848570445225,0.30279092047815664,-0.44792574932019813,-0.24578008029614143,0.1836548087358609,0.18955616991729546,0.12787240937474076,-0.2559832259119961,-0.10254496125928002,-0.17147015149883446,-0.2634772531830593,0.4478024846816071,-0.2791232588693672,-0.7247939181591445,-0.010571831621117045,0.9040888226644898,-0.04162528407150549,0.3742679154127154,-0.4158993304954264,0.5397647908104469,0.4728097350435708,-0.35137768869312214,-0.5958582351524017,-0.3055332667636694,-0.07633007661940588,0.45049854889131163,-0.11069745600507848,0.8680062822886896,0.7512746211037669,-0.0941147472874889,-0.17124607620816537,-0.335702440033399,-0.14861523344614505,0.19730492481841141,-0.40361122023629376,0.876716670732403,0.4999289334262302
0.21895051696233855,0.044546765706700575,0.43683633524566706,-0.2140160407994314,0.5567711173166738,-0.31421512728505196,-0.4652689726427782,0.6726057197904501,0.39166024011011463,0.0841780534366319,0.09369640214155259,0.24714208700994916,-0.1276570949887699,-0.5047190263297476,-0.10755270022318042,0.7477831298577933,0.4107109244670496,0.9504406095190872,0.061016955428818034,-0.4121722648733683,0.13285827559544405,0.470301081894792,-0.23349121074676688,-0.8880099207823894,-0.019810503881907228,0.7153808112528681,0.3415654113685659,-0.7563917574545187,0.6368697796147427,0.05548272100088813,0.24737539620555996,0.3169001492192247,0.49273307281185524,-0.09777291007262778,0.5032585606429382,-0.13340206377738553,-0.6053135448339388,-0.3707114172765336,0.46783881676744515,-0.5882877991940468,-0.3724220399865687,0.4999289334262302,1.6284890735157795
