V1,V2,V3,V4,V5,V6,V7,V8,V9,V10,V11,V12,V13,V14,V15,V16,V17,V18,V19,V20,V21,V22,V23,V24,V25,V26,V27,V28,V29,V30,V31,V32,V33,V34,V35,V36,V37,V38,V39,V40,V41,V42,V43
3.41312668771206,2.247270549214079,0.8154728036070913,-0.026162325121422907,0.6123150156749926,-1.6356388728356013,1.7820358657697322,-1.7267283782182135,0.3563352947069664,-0.13101719416216634,-0.9445469400922785,-0.1647380308267816,2.617843098279656,-0.10441682342779512,-0.9295536190333525,1.0037470799837978,-2.5029328976033574,0.10753054793314819,-1.1734936476631692,0.3029251150580784,0.17414704764352607,-0.08601055652433383,-0.1876114801011457,2.0673705025962787,0.05603731850403024,0.24718281573380702,-1.941095513779827,-0.5469225462484791,1.0049162807934529,-4.136877892659303,0.6077169092419158,-0.7100035929688334,1.4496402566260504,1.7003160318781743,1.1964265214609833,-0.15505052375689596,0.7754453865512636,1.4315539397572876,-1.7784830702081458,0.970572658650233,-0.21683804116708677,-0.23447135441044717,-1.1493188106318257
2.247270549214079,1.963120868563075,0.40051332301588005,-0.24428902470567193,0.3971156798453205,-1.0679456839894848,1.3978226357517565,-1.0793381771225243,0.4010701850488916,-0.10152143992746233,-0.5677188646443881,0.4519230602782854,2.3438649157776754,0.003174935911472839,-0.6255133651506144,1.2337285696288707,-1.6328605354466725,0.3769230441960359,-0.8032124187914416,0.6033561631998612,0.3551133203728731,-0.3400237172944671,-0.2135684689163724,1.3438120867984942,0.29944702259629324,0.5084739653007547,-1.240656222121194,-0.581002967698323,0.6347935506766843,-2.9708296978968645,0.8742347683415502,-0.2908336615599364,0.8364863984422327,1.8326395165656273,0.576923946353778,-0.37979582503123177,0.6917396651781988,1.2273458011391,-0.7794757071850281,1.020035012923491,0.1795685082130847,-0.522754678561339,-1.0372575880657056
0.8154728036070913,0.40051332301588005,0.6295496770206265,0.5793179720854534,-0.4315209090488352,-0.5694722073632561,0.3469341611963024,-0.7063185912791586,-0.18481359005369002,-0.09888767118228081,-0.27858116292131485,-0.6893415882209148,-0.29997496958678044,-0.03221921331444956,-0.056873382515445214,-0.22429784934706382,-0.42879840395970903,-0.034238371232456315,-0.416309640697338,-0.21629222369564505,-0.1293141804812456,0.15700369151012372,-0.13419767314209888,0.6959027147653251,-0.2450753102693237,-0.45944425519363813,-0.00725583828017915,0.2853985223057048,0.4104832380711399,-0.8816687514627225,-0.2881207768515348,-0.3325875937399474,0.40411595042399295,-0.38589770710354304,0.4458860043061758,-0.0061593020968532695,-0.3651813234965429,0.09000038887880228,-0.48386389735907803,0.23251512887768935,0.04657653819569447,8.731105620654053e-4,-0.3046629627652559
-0.026162325121422907,-0.24428902470567193,0.5793179720854534,1.2922066368277352,-0.6716514906554621,-0.2805783719856279,0.24505124453291025,-0.3756311608552889,-0.1616388406143146,-0.18230365871349635,0.42606521608681436,-0.7427606302637801,-1.611750162480535,-0.28216392812774355,0.30282306437682616,-0.7834177650648589,0.09833451340454885,-0.5292268629807172,-0.11764779209600476,-0.4245569872479091,-0.0330347496195632,1.454088066153786,-0.3108208351377023,-0.19217289972431356,-0.7741987848744449,-1.095549878902024,0.5512602829219722,0.8678159343984868,0.5085605426214596,0.45037229093388714,-0.9119656781732511,-0.8601571831370928,0.48379935522596573,-1.1948285872830569,0.637849904906708,0.36347731316359155,-0.13784926725915198,-0.4592488059347798,0.059050296778395316,0.39963575082973407,-0.47270646574429637,0.49251583911683033,0.4592887777321296
0.6123150156749926,0.3971156798453205,-0.4315209090488352,-0.6716514906554621,0.9874090667539368,-0.038305470518908535,0.41014615596985066,0.09853798141015012,0.4317533437356541,0.06479911854667042,-0.02904341352186407,0.7088767434618752,1.5008256389966839,-0.09631785605373101,-0.3860074293821791,0.5952378145479859,-0.7292032616395367,-0.10043244620773065,0.009269853779423394,0.29602063922057475,0.22340767713065546,0.08578788533214801,0.09816888132526645,0.0032170843714013605,0.19020884724999024,0.5783290745742563,-1.0534477214860727,-0.55499983889577,-0.00402538940827588,-0.7410540243901811,0.4772091155162246,-0.08862589041202353,0.30983467930250064,1.1432739024105625,0.15486871888756723,0.11710097993750375,0.979760214276098,0.4854534516185623,-0.38268387816142246,0.08837714090297415,-0.43929365182335617,0.10718357601400423,0.05088126403438748
-1.6356388728356013,-1.0679456839894848,-0.5694722073632561,-0.2805783719856279,-0.038305470518908535,0.8760179076508182,-0.8901412113999395,0.9528022214435927,-0.091560459392187,0.10591814196021597,0.4022350023594188,0.2794737708927549,-0.8769667711776108,0.07031310758162801,0.368211726418586,-0.3241419642127304,1.141035991815716,-0.007273320983476618,0.6165971540133536,-0.0678318507622629,-0.058105310767390235,-0.13703460936603007,0.16620998619144062,-1.0221750171316963,0.09620071001390751,0.11219916227421761,0.7208484210556951,0.06672956861391266,-0.5902450782897496,1.9356644125115363,-0.12496856304999356,0.46570294156989084,-0.7503480792473056,-0.5356371406764989,-0.661909333148525,0.07137858473736784,-0.22417207756352206,-0.5990396169942036,0.8075648803630843,-0.565186790804099,0.08128604141677777,0.08550064480303848,0.5465399386276396
1.7820358657697322,1.3978226357517565,0.3469341611963024,0.24505124453291025,0.41014615596985066,-0.8901412113999395,1.335387768375669,-0.8610003084950795,0.4376940236304386,-0.14654873627517576,-0.07430971632894061,0.33114452105647924,1.4476371798201433,-0.22553995239791572,-0.4417247036836355,0.7192921263698884,-1.419017766109473,-0.12858427334147893,-0.5787934760701687,0.35507063738381467,0.3774058375131047,0.7443979283076068,-0.2967539747440441,0.7159438471333155,-0.14973064786386536,0.017907740452728544,-1.0566018012543186,-0.17214437820674736,0.7323540721689825,-2.0809201646747923,0.32966845649087967,-0.7773378415047298,1.0163314499981582,1.191772124813244,0.8384687207688871,0.012313581201866368,0.9896084779592463,0.8228925857835983,-0.6206564389053566,1.0286351165783374,-0.40874766456216305,0.0017598466082344344,-0.37069298892711455
-1.7267283782182135,-1.0793381771225243,-0.7063185912791586,-0.3756311608552889,0.09853798141015012,0.9528022214435927,-0.8610003084950795,1.0754654235012082,-0.0016632884850236141,0.11428502283312333,0.5146462695570757,0.49616308555188354,-0.726525612377539,0.04889843276019177,0.3562327338796828,-0.22824690098040393,1.1452383823185095,-0.03957094756668526,0.6920280821467593,0.01622429407965433,0.01564344396201858,-0.04551816682649262,0.16264637348324237,-1.1893364629444612,0.12797339886115866,0.20728942315012355,0.6574644383048752,0.0056511587181172305,-0.6231607230049905,2.0402840221119214,-0.044633844750460575,0.452974912580433,-0.759807605665099,-0.36223627343464576,-0.6970582627943294,0.0832352165102147,-0.015368210569505249,-0.5705128039495584,0.9092830326725067,-0.518343119700445,0.009278019205171123,0.11152528864509235,0.6292256533976859
0.3563352947069664,0.4010701850488916,-0.18481359005369002,-0.1616388406143146,0.4317533437356541,-0.091560459392187,0.4376940236304386,-0.0016632884850236141,0.3132005518674459,-0.019057603133176622,0.1560330865953144,0.5268978549731507,0.7781381411917963,-0.10931862712796189,-0.16053247471216994,0.4266122546629285,-0.41583265127125546,-0.0782038592872788,-0.028662866795871857,0.26733294256786916,0.2549874386143477,0.3570669039416,-0.07505170390030416,-0.09231533934535456,0.02566478544113023,0.21966704630438702,-0.4798452088345722,-0.20401832664309605,0.12922177622189418,-0.4279562382556627,0.27009239937377527,-0.22489676545538623,0.2744388398280764,0.7262385130243246,0.17311460223273945,0.0432544490996332,0.6901154279114352,0.30807031021516046,-0.013952717173843367,0.36281446531367695,-0.2652713765872914,0.039416519515461525,0.04440600754550059
-0.13101719416216634,-0.10152143992746233,-0.09888767118228081,-0.18230365871349635,0.06479911854667042,0.10591814196021597,-0.14654873627517576,0.11428502283312333,-0.019057603133176622,0.03705050342325492,-0.05377945308903157,0.045627254748356695,0.07621673238742825,0.050045579783344465,-0.007879072743637017,0.01913062425251826,0.09135483639697108,0.062026692784965004,0.06276431237288212,0.007264473579922208,-0.036940395263015784,-0.23315347760452787,0.06993815433600936,-0.029121370606499306,0.10076691059576307,0.1279793771887341,-3.7453012884821105e-4,-0.09247573251409831,-0.1228568936559544,0.11138198002643487,0.07124048142750566,0.16349789666366052,-0.13405844706225817,0.032429254067227194,-0.13699125909995652,-0.032115939270267756,-0.062112843836496075,-0.015854015902644736,0.01459478869250165,-0.15443437763892742,0.07291052943310511,-0.04341742111832611,-0.01558308864950297
-0.9445469400922785,-0.5677188646443881,-0.27858116292131485,0.42606521608681436,-0.02904341352186407,0.4022350023594188,-0.07430971632894061,0.5146462695570757,0.1560330865953144,-0.05377945308903157,0.7969256232073388,0.34984456465966557,-0.8794971021489806,-0.22212113960442048,0.306700945300662,-0.28896436245581536,0.5283756199478457,-0.4212280030530603,0.3976954841875177,-0.008607120194214588,0.21354483190256626,1.177322388635878,-0.16304573611090495,-1.0500794940237375,-0.35115978993191566,-0.3534733966295063,0.4533022590343463,0.39267232273357056,7.195996447117687e-4,1.3623709853123926,-0.3586623270781119,-0.41319963333093346,-0.011331303438883094,-0.3924937083423814,0.03128343502170885,0.28386360217109663,0.4902365546347384,-0.42057630932143,0.7056036747778401,0.22647755103497944,-0.4756928554983679,0.40518065624031274,0.7499048456052226
-0.1647380308267816,0.4519230602782854,-0.6893415882209148,-0.7427606302637801,0.7088767434618752,0.2794737708927549,0.33114452105647924,0.49616308555188354,0.5268978549731507,0.045627254748356695,0.34984456465966557,1.3477478371675171,1.430671235838974,-0.011922715331368431,-0.15335965098773666,0.957457743223529,-0.13156417705834794,0.17022814649451184,0.22824793135456997,0.6824924467745814,0.4788674748534638,-0.03596948459120481,-0.03228659650944688,-0.5272355479922743,0.4113720917392573,0.7932261203093998,-0.4496935748520426,-0.563872616959632,-0.17640022068366293,-0.04998919293102039,0.8075769709927424,0.15757474339160407,-0.09945535612633519,1.4634402134448137,-0.30095900955031357,-0.1765644434492047,1.022666458796969,0.45661256425807967,0.5415980825419541,0.42760190141189075,-0.031767256707802234,-0.22950779729947293,0.016310181326347817
2.617843098279656,2.3438649157776754,-0.29997496958678044,-1.611750162480535,1.5008256389966839,-0.8769667711776108,1.4476371798201433,-0.726525612377539,0.7781381411917963,0.07621673238742825,-0.8794971021489806,1.430671235838974,4.4261088797971055,0.1554709072042012,-1.087730423750998,2.1469616181848563,-2.143392902376498,0.6848820375759045,-0.6910617474324552,1.087894179748185,0.505992037070008,-1.3525913116570627,0.07993457332934131,1.4617230748640808,0.9912382859461162,1.6693870691073034,-2.2824849389813555,-1.5534426530100969,0.25081344116426524,-3.719405635374924,1.8281259784362447,0.28737825690541774,0.6610657368880629,3.384836574309711,0.1911098885076874,-0.5763466880403314,1.4031604427330768,1.8495440942583259,-1.0570730421251002,0.7587125732485789,0.2500773540476487,-0.7998637743515297,-1.3250850245462655
-0.10441682342779512,0.003174935911472839,-0.03221921331444956,-0.28216392812774355,-0.09631785605373101,0.07031310758162801,-0.22553995239791572,0.04889843276019177,-0.10931862712796189,0.050045579783344465,-0.22212113960442048,-0.011922715331368431,0.1554709072042012,0.1617400415599369,-0.011358995749716605,0.10260324506598567,0.1596722193474644,0.26596951705627175,0.00185108880795961,0.05240525783469737,-0.09058378277885193,-0.6828968361370387,0.09589297627049194,0.17471357737627863,0.2564506223949516,0.23625320942770697,0.1199715611368575,-0.16283800825734268,-0.18296575859891082,-0.04766065138583441,0.2040366996094096,0.38576331933369074,-0.28339765575755893,0.07470444020033525,-0.2918958657765655,-0.20707267297220366,-0.3364132317821943,0.042560023572302305,0.037126855827613235,-0.20159119729832964,0.3747939163316086,-0.2548496446964543,-0.26199728107924747
-0.9295536190333525,-0.6255133651506144,-0.056873382515445214,0.30282306437682616,-0.3860074293821791,0.368211726418586,-0.4417247036836355,0.3562327338796828,-0.16053247471216994,-0.007879072743637017,0.306700945300662,-0.15335965098773666,-1.087730423750998,-0.011358995749716605,0.33389909519769234,-0.4300984887021364,0.7323865077244797,-0.0895643037762181,0.2654943134770216,-0.1698401851725844,-0.06504378960955758,0.2522318180624237,-0.020768853494743326,-0.5459703816609239,-0.16663601408507733,-0.3094564165688126,0.7036550818951209,0.3425387220094368,-0.16479480633360127,1.188814037321524,-0.35009695375922,0.047516668858409175,-0.31878152651752223,-0.7372038427412757,-0.21032366898087873,0.08313272954071341,-0.3340498057332433,-0.4854539233110958,0.5148940512675252,-0.16884520529924288,0.03496299810876544,0.11345618572700632,0.349400971050283
1.0037470799837978,1.2337285696288707,-0.22429784934706382,-0.7834177650648589,0.5952378145479859,-0.3241419642127304,0.7192921263698884,-0.22824690098040393,0.4266122546629285,0.01913062425251826,-0.28896436245581536,0.957457743223529,2.1469616181848563,0.10260324506598567,-0.4300984887021364,1.2288054712972276,-0.8205152251663527,0.4646465830520291,-0.2803999012858022,0.7027104151525732,0.36885777807541364,-0.6923724877006365,-0.03132002883545678,0.5318942638318412,0.558493202696042,0.8863063252344126,-0.8688477717184223,-0.7556975732117144,0.07750527256260507,-1.5927417876470384,1.0332500078062654,0.2230842788294918,0.17992630866647896,1.811940442538238,-0.06624494528439623,-0.4038000012864084,0.6942828566215847,0.910067128379149,-0.1328778559222319,0.5597678205324703,0.29857222483954865,-0.5516725410887314,-0.687631850833981
-2.5029328976033574,-1.6328605354466725,-0.42879840395970903,0.09833451340454885,-0.7292032616395367,1.141035991815716,-1.419017766109473,1.1452383823185095,-0.41583265127125546,0.09135483639697108,0.5283756199478457,-0.13156417705834794,-2.143392902376498,0.1596722193474644,0.7323865077244797,-0.8205152251663527,1.954702470654085,0.06372506948852835,0.7787862355002201,-0.28838665598698343,-0.23014564630463674,-0.2482030530874478,0.14611440305848972,-1.2996841576034044,-0.0018784608168379072,-0.2490112466448784,1.6432887091815194,0.4626761114089355,-0.7516279188426375,2.9700767304186995,-0.48221264592247054,0.6611038450533905,-1.1734361995868343,-1.4657851918555098,-0.9548841155519762,0.004673064431775994,-0.9637843215232065,-1.0945091636989133,1.29086097906971,-0.7842872326324378,0.41303773673149374,0.03082848503186584,0.6550208496505471
0.10753054793314819,0.3769230441960359,-0.034238371232456315,-0.5292268629807172,-0.10043244620773065,-0.007273320983476618,-0.12858427334147893,-0.03957094756668526,-0.0782038592872788,0.062026692784965004,-0.4212280030530603,0.17022814649451184,0.6848820375759045,0.26596951705627175,-0.0895643037762181,0.4646465830520291,0.06372506948852835,0.5533710183768674,-0.1104753322288041,0.2524947956368733,-0.033937616749236954,-1.181529676809959,0.10368571310419722,0.44434299500071117,0.4940931250153749,0.5137875615307517,0.041437086616269485,-0.38286856795370233,-0.22017274004973225,-0.4972990390016203,0.5403191222787489,0.6178238160556396,-0.3705641397741422,0.5215462356741449,-0.4351717085582244,-0.4265395502224754,-0.41469133159942756,0.28510208164472667,0.05671591610733649,-0.0990722601911548,0.68850404796296,-0.5633770732379909,-0.6090543450391475
-1.1734936476631692,-0.8032124187914416,-0.416309640697338,-0.11764779209600476,0.009269853779423394,0.6165971540133536,-0.5787934760701687,0.6920280821467593,-0.028662866795871857,0.06276431237288212,0.3976954841875177,0.22824793135456997,-0.6910617474324552,0.00185108880795961,0.2654943134770216,-0.2803999012858022,0.7787862355002201,-0.1104753322288041,0.4683110695492169,-0.060811134731493174,-0.011693777870059343,0.1369939667073333,0.08643774650725247,-0.8321156029416926,-0.0015939821523576023,0.012540839818936804,0.4940777258544825,0.10558492966215731,-0.37044967527541123,1.4489105440396122,-0.1532195352780635,0.20604333838435768,-0.4580600721684634,-0.41728885522307696,-0.39922004452818327,0.1095882970012147,-0.022902604886538665,-0.4506558540182364,0.5882575324584417,-0.34478626009717944,-0.06770409078110562,0.15955225353288435,0.4971980952088468
0.3029251150580784,0.6033561631998612,-0.21629222369564505,-0.4245569872479091,0.29602063922057475,-0.0678318507622629,0.35507063738381467,0.01622429407965433,0.26733294256786916,0.007264473579922208,-0.008607120194214588,0.6824924467745814,1.087894179748185,0.05240525783469737,-0.1698401851725844,0.7027104151525732,-0.28838665598698343,0.2524947956368733,-0.060811134731493174,0.45113387703753705,0.26227549401753736,-0.2975189576156511,-0.04555123101067375,0.07654336844823983,0.32009088866461366,0.5052258208193431,-0.3358065753984576,-0.38919371325444757,-0.0025118067378560307,-0.5944286607943168,0.5938471419066902,0.1363518615663591,0.013923031924300418,1.0133925906471388,-0.12543789614410497,-0.24321162418702635,0.4492428410554162,0.44749614921978825,0.15762507297089465,0.36539655663830656,0.18022158676489353,-0.3118421879282813,-0.2960450442134122
0.17414704764352607,0.3551133203728731,-0.1293141804812456,-0.0330347496195632,0.22340767713065546,-0.058105310767390235,0.3774058375131047,0.01564344396201858,0.2549874386143477,-0.036940395263015784,0.21354483190256626,0.4788674748534638,0.505992037070008,-0.09058378277885193,-0.06504378960955758,0.36885777807541364,-0.23014564630463674,-0.033937616749236954,-0.011693777870059343,0.26227549401753736,0.2552004904270535,0.361669607242045,-0.11771080691027859,-0.15232085845601215,0.0066006363869893095,0.13001792755411187,-0.22753399137326102,-0.09745126461183334,0.12502037519870707,-0.23172709723771534,0.2191191899308776,-0.20219496961056224,0.19078820819052264,0.5667297317788401,0.10861667433676063,-0.0058015682825408406,0.53611290305807,0.2250103395599815,0.159418580173265,0.4094435860701468,-0.15057662691570062,-0.014914354758411465,0.03332807397030045
-0.08601055652433383,-0.3400237172944671,0.15700369151012372,1.454088066153786,0.08578788533214801,-0.13703460936603007,0.7443979283076068,-0.04551816682649262,0.3570669039416,-0.23315347760452787,1.177322388635878,-0.03596948459120481,-1.3525913116570627,-0.6828968361370387,0.2522318180624237,-0.6923724877006365,-0.2482030530874478,-1.181529676809959,0.1369939667073333,-0.2975189576156511,0.361669607242045,3.0825674350792553,-0.4654235726099968,-1.0606323061990346,-1.1787136748881222,-1.2197983299315573,-0.010257047752709303,0.9443858817210179,0.7284830276250588,0.8716329460358161,-1.0678154692771347,-1.6478194458321782,1.027830737178049,-0.77195497884128,1.1131153043300472,0.8724772031179958,1.2300602227905082,-0.4508006161293398,0.1997512434645528,0.8450862813335929,-1.5180408442902613,1.127188412527879,1.2816337020472117
-0.1876114801011457,-0.2135684689163724,-0.13419767314209888,-0.3108208351377023,0.09816888132526645,0.16620998619144062,-0.2967539747440441,0.16264637348324237,-0.07505170390030416,0.06993815433600936,-0.16304573611090495,-0.03228659650944688,0.07993457332934131,0.09589297627049194,-0.020768853494743326,-0.03132002883545678,0.14611440305848972,0.10368571310419722,0.08643774650725247,-0.04555123101067375,-0.11771080691027859,-0.4654235726099968,0.14911962748470067,0.02046263236609938,0.16050505588838226,0.19488146690133765,-0.0161067569274948,-0.1551681037605007,-0.21979871049048821,0.1595488944459928,0.07855342870900205,0.3035153082466532,-0.23293562181646366,-0.030552998450899524,-0.2195935373006827,-0.03867950053031662,-0.1940022493978959,-0.05172848654956975,-0.06001017876345428,-0.3454409896114116,0.12702558726982163,-0.0609650508620319,-0.04060188222421702
2.0673705025962787,1.3438120867984942,0.6959027147653251,-0.19217289972431356,0.0032170843714013605,-1.0221750171316963,0.7159438471333155,-1.1893364629444612,-0.09231533934535456,-0.029121370606499306,-1.0500794940237375,-0.5272355479922743,1.4617230748640808,0.17471357737627863,-0.5459703816609239,0.5318942638318412,-1.2996841576034044,0.44434299500071117,-0.8321156029416926,0.07654336844823983,-0.15232085845601215,-1.0606323061990346,0.02046263236609938,1.7544594903205193,0.28531888805298705,0.25878963287518275,-0.8987893823174733,-0.4131740085930174,0.42793596480418017,-2.7030661222466805,0.4528818845500521,0.07732441851716913,0.5311481859895807,0.7667291987503543,0.42019074986722305,-0.35768577596586676,-0.3440937188603474,0.8430193114993354,-1.2166577605133093,0.22183022697681684,0.45407558519009217,-0.4904876389764694,-1.149401299199295
0.05603731850403024,0.29944702259629324,-0.2450753102693237,-0.7741987848744449,0.19020884724999024,0.09620071001390751,-0.14973064786386536,0.12797339886115866,0.02566478544113023,0.10076691059576307,-0.35115978993191566,0.4113720917392573,0.9912382859461162,0.2564506223949516,-0.16663601408507733,0.558493202696042,-0.0018784608168379072,0.4940931250153749,-0.0015939821523576023,0.32009088866461366,0.0066006363869893095,-1.1787136748881222,0.16050505588838226,0.28531888805298705,0.5785668087886344,0.704665360591498,-0.16538557898736223,-0.5317723408719482,-0.30496930701850655,-0.4309576370290178,0.6572623469294516,0.6525930347520478,-0.3883448259559541,0.7540174600059935,-0.49313416927107423,-0.3931466848410452,-0.13918057954326926,0.3389550056022564,0.042216809930198634,-0.17578496427357532,0.5644835472341456,-0.4946307349891839,-0.5051840594128709
0.24718281573380702,0.5084739653007547,-0.45944425519363813,-1.095549878902024,0.5783290745742563,0.11219916227421761,0.017907740452728544,0.20728942315012355,0.21966704630438702,0.1279793771887341,-0.3534733966295063,0.7932261203093998,1.6693870691073034,0.23625320942770697,-0.3094564165688126,0.8863063252344126,-0.2490112466448784,0.5137875615307517,0.012540839818936804,0.5052258208193431,0.13001792755411187,-1.2197983299315573,0.19488146690133765,0.25878963287518275,0.704665360591498,1.0026881187316865,-0.5561881120193424,-0.795806980664877,-0.33599671135097664,-0.7103198807826541,0.9283239598579537,0.6749462329462189,-0.31683396944304665,1.3170848694406658,-0.4914567157620003,-0.394440949011166,0.2612071986309403,0.5604979054960246,-0.016497494381028897,-0.1007141784979682,0.4546175093911385,-0.5196335171703246,-0.5219716681941282
-1.941095513779827,-1.240656222121194,-0.00725583828017915,0.5512602829219722,-1.0534477214860727,0.7208484210556951,-1.0566018012543186,0.6574644383048752,-0.4798452088345722,-3.7453012884821105e-4,0.4533022590343463,-0.4496935748520426,-2.2824849389813555,0.1199715611368575,0.7036550818951209,-0.8688477717184223,1.6432887091815194,0.041437086616269485,0.4940777258544825,-0.3358065753984576,-0.22753399137326102,-0.010257047752709303,-0.0161067569274948,-0.8987893823174733,-0.16538557898736223,-0.5561881120193424,1.677131682483027,0.6759995642275145,-0.4129701617257187,2.342234325028572,-0.6149705472378555,0.3611854677579507,-0.8589741365519408,-1.5936765211424881,-0.6389384714377386,-0.044447235960440964,-1.078100545140148,-0.9770545588093015,1.0966002617714417,-0.4375620215404235,0.45380450885535606,2.476681473265257e-4,0.44018001531255146
-0.5469225462484791,-0.581002967698323,0.2853985223057048,0.8678159343984868,-0.55499983889577,0.06672956861391266,-0.17214437820674736,0.0056511587181172305,-0.20401832664309605,-0.09247573251409831,0.39267232273357056,-0.563872616959632,-1.5534426530100969,-0.16283800825734268,0.3425387220094368,-0.7556975732117144,0.4626761114089355,-0.38286856795370233,0.10558492966215731,-0.38919371325444757,-0.09745126461183334,0.9443858817210179,-0.1551681037605007,-0.4131740085930174,-0.5317723408719482,-0.795806980664877,0.6759995642275145,0.6815369754750269,0.17020776882280164,0.9595656863313433,-0.7519387639990505,-0.44775129747618686,0.08733775437438422,-1.165288933605099,0.2375571949050309,0.2825300248216561,-0.28379229863322386,-0.5615404128214796,0.24639063537019393,0.033309303002989184,-0.2821112265777786,0.3900743719733245,0.48900511138646835
1.0049162807934529,0.6347935506766843,0.4104832380711399,0.5085605426214596,-0.00402538940827588,-0.5902450782897496,0.7323540721689825,-0.6231607230049905,0.12922177622189418,-0.1228568936559544,7.195996447117687e-4,-0.17640022068366293,0.25081344116426524,-0.18296575859891082,-0.16479480633360127,0.07750527256260507,-0.7516279188426375,-0.22017274004973225,-0.37044967527541123,-0.0025118067378560307,0.12502037519870707,0.7284830276250588,-0.21979871049048821,0.42793596480418017,-0.30496930701850655,-0.33599671135097664,-0.4129701617257187,0.17020776882280164,0.5354289482752542,-1.042055237658946,-0.13525134481910694,-0.6376581241086372,0.6812750984439722,0.18087215502922802,0.6422482940363309,0.11552002238284836,0.3772237705486331,0.2881616966466274,-0.4275175062665648,0.5730445378324887,-0.3333727234385863,0.15328116656894353,-0.10009103418880606
-4.136877892659303,-2.9708296978968645,-0.8816687514627225,0.45037229093388714,-0.7410540243901811,1.9356644125115363,-2.0809201646747923,2.0402840221119214,-0.4279562382556627,0.11138198002643487,1.3623709853123926,-0.04998919293102039,-3.719405635374924,-0.04766065138583441,1.188814037321524,-1.5927417876470384,2.9700767304186995,-0.4972990390016203,1.4489105440396122,-0.5944286607943168,-0.23172709723771534,0.8716329460358161,0.1595488944459928,-2.7030661222466805,-0.4309576370290178,-0.7103198807826541,2.342234325028572,0.9595656863313433,-1.042055237658946,5.274919429788124,-1.1585227728079457,0.4348404206792583,-1.4840548455289309,-2.5172915376122913,-1.1185240346345162,0.4819159121824483,-0.7691853490541836,-1.94281725875292,2.037398638536607,-1.1374384252101817,-0.18039966362503548,0.66314510496816,1.7645100467480321
0.6077169092419158,0.8742347683415502,-0.2881207768515348,-0.9119656781732511,0.4772091155162246,-0.12496856304999356,0.32966845649087967,-0.044633844750460575,0.27009239937377527,0.07124048142750566,-0.3586623270781119,0.8075769709927424,1.8281259784362447,0.2040366996094096,-0.35009695375922,1.0332500078062654,-0.48221264592247054,0.5403191222787489,-0.1532195352780635,0.5938471419066902,0.2191191899308776,-1.0678154692771347,0.07855342870900205,0.4528818845500521,0.6572623469294516,0.9283239598579537,-0.6149705472378555,-0.7519387639990505,-0.13525134481910694,-1.1585227728079457,0.9796944995323155,0.5012570320734332,-0.1176919232016255,1.4949558957226605,-0.32119459339135353,-0.453711486797551,0.34895049186486415,0.7217002587584924,-0.052542359418566116,0.21727307101072305,0.47943944568380725,-0.5911961672079442,-0.6727245758855142
-0.7100035929688334,-0.2908336615599364,-0.3325875937399474,-0.8601571831370928,-0.08862589041202353,0.46570294156989084,-0.7773378415047298,0.452974912580433,-0.22489676545538623,0.16349789666366052,-0.41319963333093346,0.15757474339160407,0.28737825690541774,0.38576331933369074,0.047516668858409175,0.2230842788294918,0.6611038450533905,0.6178238160556396,0.20604333838435768,0.1363518615663591,-0.20219496961056224,-1.6478194458321782,0.3035153082466532,0.07732441851716913,0.6525930347520478,0.6749462329462189,0.3611854677579507,-0.44775129747618686,-0.6376581241086372,0.4348404206792583,0.5012570320734332,1.0602750392718074,-0.8760602111961677,0.1615731115399529,-0.8805057677096121,-0.4310007049739231,-0.7424509157397519,-0.03747327518571192,0.2961643647232325,-0.6640890710018211,0.839198857314589,-0.558973245185194,-0.4230395055957025
1.4496402566260504,0.8364863984422327,0.40411595042399295,0.48379935522596573,0.30983467930250064,-0.7503480792473056,1.0163314499981582,-0.759807605665099,0.2744388398280764,-0.13405844706225817,-0.011331303438883094,-0.09945535612633519,0.6610657368880629,-0.28339765575755893,-0.31878152651752223,0.17992630866647896,-1.1734361995868343,-0.3705641397741422,-0.4580600721684634,0.013923031924300418,0.19078820819052264,1.027830737178049,-0.23293562181646366,0.5311481859895807,-0.3883448259559541,-0.31683396944304665,-0.8589741365519408,0.08733775437438422,0.6812750984439722,-1.4840548455289309,-0.1176919232016255,-0.8760602111961677,0.9849504179737597,0.45395685919270595,0.9076139938607815,0.24766282226172687,0.757650341733418,0.4565367126245652,-0.7231959029729925,0.6882772469171013,-0.6333801215648102,0.3013156989427364,-0.04411498712570837
1.7003160318781743,1.8326395165656273,-0.38589770710354304,-1.1948285872830569,1.1432739024105625,-0.5356371406764989,1.191772124813244,-0.36223627343464576,0.7262385130243246,0.032429254067227194,-0.3924937083423814,1.4634402134448137,3.384836574309711,0.07470444020033525,-0.7372038427412757,1.811940442538238,-1.4657851918555098,0.5215462356741449,-0.41728885522307696,1.0133925906471388,0.5667297317788401,-0.77195497884128,-0.030552998450899524,0.7667291987503543,0.7540174600059935,1.3170848694406658,-1.5936765211424881,-1.165288933605099,0.18087215502922802,-2.5172915376122913,1.4949558957226605,0.1615731115399529,0.45395685919270595,2.79332412390849,0.07212977827121565,-0.4664950889148982,1.3219974424537213,1.4056705140908246,-0.4010035606992155,0.8297413616189498,0.17018746514297167,-0.6433796146808836,-0.8903503109041329
1.1964265214609833,0.576923946353778,0.4458860043061758,0.637849904906708,0.15486871888756723,-0.661909333148525,0.8384687207688871,-0.6970582627943294,0.17311460223273945,-0.13699125909995652,0.03128343502170885,-0.30095900955031357,0.1911098885076874,-0.2918958657765655,-0.21032366898087873,-0.06624494528439623,-0.9548841155519762,-0.4351717085582244,-0.39922004452818327,-0.12543789614410497,0.10861667433676063,1.1131153043300472,-0.2195935373006827,0.42019074986722305,-0.49313416927107423,-0.4914567157620003,-0.6389384714377386,0.2375571949050309,0.6422482940363309,-1.1185240346345162,-0.32119459339135353,-0.8805057677096121,0.9076139938607815,0.07212977827121565,0.8918588899525464,0.3153549858802919,0.5622021532695143,0.25381105370580037,-0.6570645986633603,0.5604429617356812,-0.654876029247084,0.3843034847829443,0.08187209905709177
-0.15505052375689596,-0.37979582503123177,-0.0061593020968532695,0.36347731316359155,0.11710097993750375,0.07137858473736784,0.012313581201866368,0.0832352165102147,0.0432544490996332,-0.032115939270267756,0.28386360217109663,-0.1765644434492047,-0.5763466880403314,-0.20707267297220366,0.08313272954071341,-0.4038000012864084,0.004673064431775994,-0.4265395502224754,0.1095882970012147,-0.24321162418702635,-0.0058015682825408406,0.8724772031179958,-0.03867950053031662,-0.35768577596586676,-0.3931466848410452,-0.394440949011166,-0.044447235960440964,0.2825300248216561,0.11552002238284836,0.4819159121824483,-0.453711486797551,-0.4310007049739231,0.24766282226172687,-0.4664950889148982,0.3153549858802919,0.37646235589572996,0.2643182071490444,-0.26984862727998693,-0.07722473286212848,-0.03116797673865019,-0.5559407964311601,0.45707932132033746,0.5102324211769057
0.7754453865512636,0.6917396651781988,-0.3651813234965429,-0.13784926725915198,0.979760214276098,-0.22417207756352206,0.9896084779592463,-0.015368210569505249,0.6901154279114352,-0.062112843836496075,0.4902365546347384,1.022666458796969,1.4031604427330768,-0.3364132317821943,-0.3340498057332433,0.6942828566215847,-0.9637843215232065,-0.41469133159942756,-0.022902604886538665,0.4492428410554162,0.53611290305807,1.2300602227905082,-0.1940022493978959,-0.3440937188603474,-0.13918057954326926,0.2612071986309403,-1.078100545140148,-0.28379229863322386,0.3772237705486331,-0.7691853490541836,0.34895049186486415,-0.7424509157397519,0.757650341733418,1.3219974424537213,0.5622021532695143,0.2643182071490444,1.6508897682490151,0.5533286737867618,-0.11575354600724799,0.7900930507378131,-0.8598840919509368,0.335546675594384,0.33536135877490253
1.4315539397572876,1.2273458011391,0.09000038887880228,-0.4592488059347798,0.4854534516185623,-0.5990396169942036,0.8228925857835983,-0.5705128039495584,0.30807031021516046,-0.015854015902644736,-0.42057630932143,0.45661256425807967,1.8495440942583259,0.042560023572302305,-0.4854539233110958,0.910067128379149,-1.0945091636989133,0.28510208164472667,-0.4506558540182364,0.44749614921978825,0.2250103395599815,-0.4508006161293398,-0.05172848654956975,0.8430193114993354,0.3389550056022564,0.5604979054960246,-0.9770545588093015,-0.5615404128214796,0.2881616966466274,-1.94281725875292,0.7217002587584924,-0.03747327518571192,0.4565367126245652,1.4056705140908246,0.25381105370580037,-0.26984862727998693,0.5533286737867618,0.8644051085860619,-0.5605290101270515,0.5153998854579521,0.1234833192936992,-0.36175275903518445,-0.684025497552261
-1.7784830702081458,-0.7794757071850281,-0.48386389735907803,0.059050296778395316,-0.38268387816142246,0.8075648803630843,-0.6206564389053566,0.9092830326725067,-0.013952717173843367,0.01459478869250165,0.7056036747778401,0.5415980825419541,-1.0570730421251002,0.037126855827613235,0.5148940512675252,-0.1328778559222319,1.29086097906971,0.05671591610733649,0.5882575324584417,0.15762507297089465,0.159418580173265,0.1997512434645528,-0.06001017876345428,-1.2166577605133093,0.042216809930198634,-0.016497494381028897,1.0966002617714417,0.24639063537019393,-0.4275175062665648,2.037398638536607,-0.052542359418566116,0.2961643647232325,-0.7231959029729925,-0.4010035606992155,-0.6570645986633603,-0.07722473286212848,-0.11575354600724799,-0.5605290101270515,1.3194279967273133,-0.028630209156917857,0.22869131863105938,-0.06395644761713715,0.49877213147098465
0.970572658650233,1.020035012923491,0.23251512887768935,0.39963575082973407,0.08837714090297415,-0.565186790804099,1.0286351165783374,-0.518343119700445,0.36281446531367695,-0.15443437763892742,0.22647755103497944,0.42760190141189075,0.7587125732485789,-0.20159119729832964,-0.16884520529924288,0.5597678205324703,-0.7842872326324378,-0.0990722601911548,-0.34478626009717944,0.36539655663830656,0.4094435860701468,0.8450862813335929,-0.3454409896114116,0.22183022697681684,-0.17578496427357532,-0.1007141784979682,-0.4375620215404235,0.033309303002989184,0.5730445378324887,-1.1374384252101817,0.21727307101072305,-0.6640890710018211,0.6882772469171013,0.8297413616189498,0.5604429617356812,-0.03116797673865019,0.7900930507378131,0.5153998854579521,-0.028630209156917857,1.0154407511606447,-0.25530808290342694,-0.03212604634109729,-0.17049304632559997
-0.21683804116708677,0.1795685082130847,0.04657653819569447,-0.47270646574429637,-0.43929365182335617,0.08128604141677777,-0.40874766456216305,0.009278019205171123,-0.2652713765872914,0.07291052943310511,-0.4756928554983679,-0.031767256707802234,0.2500773540476487,0.3747939163316086,0.03496299810876544,0.29857222483954865,0.41303773673149374,0.68850404796296,-0.06770409078110562,0.18022158676489353,-0.15057662691570062,-1.5180408442902613,0.12702558726982163,0.45407558519009217,0.5644835472341456,0.4546175093911385,0.45380450885535606,-0.2821112265777786,-0.3333727234385863,-0.18039966362503548,0.47943944568380725,0.839198857314589,-0.6333801215648102,0.17018746514297167,-0.654876029247084,-0.5559407964311601,-0.8598840919509368,0.1234833192936992,0.22869131863105938,-0.25530808290342694,0.9895946832595492,-0.6930312169326222,-0.70459661826849
-0.23447135441044717,-0.522754678561339,8.731105620654053e-4,0.49251583911683033,0.10718357601400423,0.08550064480303848,0.0017598466082344344,0.11152528864509235,0.039416519515461525,-0.04341742111832611,0.40518065624031274,-0.22950779729947293,-0.7998637743515297,-0.2548496446964543,0.11345618572700632,-0.5516725410887314,0.03082848503186584,-0.5633770732379909,0.15955225353288435,-0.3118421879282813,-0.014914354758411465,1.127188412527879,-0.0609650508620319,-0.4904876389764694,-0.4946307349891839,-0.5196335171703246,2.476681473265257e-4,0.3900743719733245,0.15328116656894353,0.66314510496816,-0.5911961672079442,-0.558973245185194,0.3013156989427364,-0.6433796146808836,0.3843034847829443,0.45707932132033746,0.335546675594384,-0.36175275903518445,-0.06395644761713715,-0.03212604634109729,-0.6930312169326222,0.5937094004715228,0.6605137966815731
-1.1493188106318257,-1.0372575880657056,-0.3046629627652559,0.4592887777321296,0.05088126403438748,0.5465399386276396,-0.37069298892711455,0.6292256533976859,0.04440600754550059,-0.01558308864950297,0.7499048456052226,0.016310181326347817,-1.3250850245462655,-0.26199728107924747,0.349400971050283,-0.687631850833981,0.6550208496505471,-0.6090543450391475,0.4971980952088468,-0.2960450442134122,0.03332807397030045,1.2816337020472117,-0.04060188222421702,-1.149401299199295,-0.5051840594128709,-0.5219716681941282,0.44018001531255146,0.48900511138646835,-0.10009103418880606,1.7645100467480321,-0.6727245758855142,-0.4230395055957025,-0.04411498712570837,-0.8903503109041329,0.08187209905709177,0.5102324211769057,0.33536135877490253,-0.684025497552261,0.49877213147098465,-0.17049304632559997,-0.70459661826849,0.6605137966815731,1.0132773914932967
