V1,V2,V3,V4,V5,V6,V7,V8,V9,V10,V11,V12,V13,V14,V15,V16,V17,V18,V19,V20,V21,V22,V23,V24,V25,V26,V27,V28,V29,V30,V31,V32,V33,V34,V35,V36,V37,V38,V39,V40,V41,V42,V43,V44
0.29168242797715793,-0.19516019552339423,-0.03455889968921329,0.10477911201982255,-0.5036256371787149,-0.07341525994350295,-0.15011515585864207,0.013477230101399734,-0.2823377325465248,0.46525257060581354,0.21151530146675038,0.002977885146294583,-0.12645454142552695,-0.06386443996379496,0.258142788503512,-0.2543423480720901,0.088697224740117,0.1448944637983926,0.20333259170458448,-0.15697839526153304,0.3553412660471114,0.31060108145916077,0.11264950232847064,0.017962842254410215,-0.41112803696641254,-0.39975253778904185,-0.397600786752801,-0.10208325898933122,0.23174525627939033,-0.5062179969523164,-0.33395319134867113,-0.21334073428638742,-0.14660616387802825,-0.023625182093611953,-0.43240342067041,-0.28330493624216185,-0.11937714719933502,-0.2985014152847873,-0.20010909728027054,0.020988832445208234,0.2946710124410764,-0.06770079262748878,-0.5256283644477862,0.13883401798098569
-0.19516019552339423,0.8312395775712822,-0.07301082129281464,-0.38414236666512347,-0.42096505303612614,-0.2410449559098687,0.4495631173196108,0.31850086233073416,0.17489130590087748,0.7397691301521778,0.6247573332902835,0.18927807309842926,-0.08393793538204333,0.4667119983863711,0.38651597717048114,0.2385979387284255,-0.46890435727001456,0.38860873385239286,-0.046126347547293174,0.7791948006309902,-1.0744047647323316,0.14653183260874036,-0.09432145067363522,-0.12102119014420329,-0.06637178627334608,-0.9255168883577763,-0.06718345506296161,-0.40972789248732056,-0.6150632961933308,-0.40651771395821634,-0.14446477028436544,-0.27264958776688025,0.4202569259937224,-0.2947575457930874,0.33851379506327084,-0.5951807394868145,-0.021692380054105356,0.32774756281485373,0.6847303700222768,0.6272492075861156,-0.19797867902309935,-1.3038112135143238,-0.49172217648691036,-0.004866921298626583
-0.03455889968921329,-0.07301082129281464,0.15296557287227466,-0.12820589417275288,-0.09833785362236226,-0.04491260447685536,-0.10990845144327561,0.14867604457378647,-0.0996671127490202,-0.001420475155773994,-0.017621519600214717,-0.029523930231773906,-0.34165272831078514,-0.08112535272777051,-0.14301195057007562,-0.03310148209723841,0.11456323865235979,-0.02307423752252847,0.12972826529678766,-0.0527420747478612,-0.09013189623337084,0.09949053579198412,-0.09068114059050451,0.05088336897902331,-0.14323812476152029,-0.1371140299024072,0.0402997011609451,0.1477460532451499,-0.010518646140645007,-0.1618295071443634,0.08494053313262412,-0.08769616263062632,0.09821778444651753,0.026838078614511835,0.1410194397525001,-0.10274803235380005,0.07138937474915072,-0.030087507754101156,-0.10067937300585136,-0.17348243665819058,0.14830891179439068,-0.13611575625044628,-0.0453739603074051,0.045269571935219896
0.10477911201982255,-0.38414236666512347,-0.12820589417275288,1.1081687794000734,0.9248957411797412,-0.3084830122900174,0.2492467163958056,-0.7279839281693183,0.2577067032123839,-1.0316271531291001,-0.9304477500391394,0.4123524264873259,1.0465845948872015,-0.3476888612651981,-0.10829097806031043,-0.4575613776132368,4.4577562948804815e-4,-0.0010948760436664438,-0.2982221857526783,-0.6289955156559704,1.108193451226288,-0.1547405935935961,-0.25180000726931656,-0.39207715078610195,0.5400740783099698,0.9045221112424021,0.469610086439233,0.24843673624422222,-0.1730322923278849,1.4256081352644394,0.23957988996446966,-0.36079066553127015,-0.2857376035243745,0.4098718031318792,-0.039712535191006745,1.0270171977562756,-0.5017112837312553,0.17058917226076495,0.8738697692454878,-0.33002223429042127,0.12295500199358633,1.4730795274701918,0.9270117958773695,-0.45797176522955585
-0.5036256371787149,-0.42096505303612614,-0.09833785362236226,0.9248957411797412,2.645785243694554,0.43066803199770815,0.2346615246567201,-1.1133838130124003,0.9631725953623445,-3.160515072507101,-1.9416658371236137,0.09219458836465069,1.587905009025932,-0.5137421118667875,-1.1778947091484362,0.15189983499913093,0.1559036878927875,-0.9865637105581484,-0.8266035912715808,-0.7584777406048425,1.1144017304923106,-1.40308824093992,-0.38140019256738344,-0.3279553833910703,1.8868732148725094,2.954444055230055,1.5648662254055636,0.5912705025151921,-0.07660223768167923,3.142141564764654,1.3054777194943656,1.0141372090322527,-0.3204602503055191,0.7564543534356178,0.6917703010960232,2.3676599575809516,-0.11717688401154622,0.6545642497266028,0.5313773038244535,-0.8558317509569715,-0.7488843877363217,2.861359388276098,2.7882353199056054,-0.763166674076615
-0.07341525994350295,-0.2410449559098687,-0.04491260447685536,-0.3084830122900174,0.43066803199770815,0.840407686634445,-0.33572462655073665,-0.3034385621209273,0.08041738099649777,-1.2778370354785382,-0.5112417055257172,-0.5231873096782875,0.0035884735039934867,-0.32599254730472915,-0.6196158567196175,0.14605458568846347,0.2648705944874684,-0.9646340418005955,0.06356488188010374,-0.3031815014730827,0.37556063715548327,-0.6316744186072947,0.05095601733114937,0.0678728710178722,0.5590381336004036,1.0896656307231027,0.28998529152657926,-0.12814379455815433,0.6269584167859291,0.37234152485813743,0.4412163927762915,1.2329491642334016,-0.24431736710308496,0.3215245585135252,-0.07670107057092702,0.6423373700718651,0.23028012127838135,-0.03139531142944215,-1.0295545678226086,-0.4453816831640151,-0.34019661353853137,1.013781940361693,0.6730156881903258,0.08913163052019263
-0.15011515585864207,0.4495631173196108,-0.10990845144327561,0.2492467163958056,0.2346615246567201,-0.33572462655073665,0.49190199349282854,-0.1033152418854393,0.29950144849551397,0.06998074028755581,0.012755759034265932,0.3614385980062917,0.4817797950277186,0.2356148585745563,0.23547056880204967,0.03859568153328882,-0.38874144666490346,0.3326892544727179,-0.2555394422306525,0.3105345637853367,-0.34333057297503106,-0.0013782148801990783,-0.15815105142116567,-0.24930080384593473,0.26929349414065595,-0.17757155120981663,0.2233416437036456,-0.12182979724777197,-0.596562308195959,0.4670139755653976,0.033738723637760155,-0.3897647336776747,0.1850577978246162,-0.05845745294645398,0.31247996146795226,0.0641505550562555,-0.21228466052069137,0.3685724339656974,0.9872576393570863,0.3494900669040126,-0.15479546435846384,-0.28689362251424955,0.15693857442718662,-0.25753568511765423
0.013477230101399734,0.31850086233073416,0.14867604457378647,-0.7279839281693183,-1.1133838130124003,-0.3034385621209273,-0.1033152418854393,1.01606210126907,-0.3442491831344583,2.295301740266169,1.3884930800792754,-0.05292735249690814,-0.9566083420276836,0.6492575982809387,0.6852140303879428,0.4630048473219481,-0.13225039735222172,0.8919988676041545,0.11941057966307121,0.749611012605599,-1.200127328767983,0.6164370475546281,0.4872356526156196,0.5366890281060638,-1.040712722459898,-1.5144174870739702,-0.8440070406884783,0.09871842178625176,-0.14166036708378169,-1.7190387223014816,-0.7003244964868859,-0.7068195763619416,0.3169660160313034,-0.7905738340429048,-0.08243533357198378,-1.526100866531573,0.44544494279625346,-0.26715847587167496,-0.28244094793870683,0.6995732822566975,0.1272918454375519,-2.1526800411070512,-1.4454842363727338,0.4089584233492753
-0.2823377325465248,0.17489130590087748,-0.0996671127490202,0.2577067032123839,0.9631725953623445,0.08041738099649777,0.29950144849551397,-0.3442491831344583,0.5033432370672827,-0.9684415139935819,-0.5185830002645284,0.1356522716994238,0.7120326701447132,0.01179682059244259,-0.28487759996423573,0.1821762511191521,-0.14395168262734856,-0.20636948297282123,-0.40879707094177425,0.015719221715732683,0.05424976707199149,-0.5551591350137922,-0.15669735868683465,-0.16977653305434107,0.7707419327255833,0.8724422433219169,0.599467218285696,0.07444794905588252,-0.2844493751614624,1.1825801425924944,0.45753650801327034,0.3086695435384467,0.015055446724508023,0.17360813910872738,0.3894733460987155,0.750228520999128,-0.05659612760693423,0.3965318785164861,0.5290211838103163,-0.05814377438711274,-0.429407313666805,0.6597385001529334,0.9585201083043572,-0.33156414925394323
0.46525257060581354,0.7397691301521778,-0.001420475155773994,-1.0316271531291001,-3.160515072507101,-1.2778370354785382,0.06998074028755581,2.295301740266169,-0.9684415139935819,7.183568442672174,4.0528916500099355,0.386780067880263,-1.4928795421748426,2.053362848871445,2.8366202133940104,0.945878375761102,-0.7411864860957105,3.276800246443287,-0.04164189847756509,1.870470428089627,-2.449902200722262,2.0078626364163723,1.7301408710548405,1.329720118236301,-3.017997914043267,-4.347213507972627,-2.8427607510267694,0.07225163386468543,-0.4689725048869511,-4.479580093777019,-2.645324936290204,-2.6661866218613226,0.4029555836841911,-2.3075953374955662,-0.9544428311521471,-4.250134364697014,0.7725467100156669,-0.9892987604782995,0.04917817724430414,2.5324888187618013,0.3972181923618073,-5.628017579734686,-4.392965560116281,0.9129678571804412
0.21151530146675038,0.6247573332902835,-0.017621519600214717,-0.9304477500391394,-1.9416658371236137,-0.5112417055257172,0.012755759034265932,1.3884930800792754,-0.5185830002645284,4.0528916500099355,2.499767683279534,0.11603355696228165,-0.9727280825738257,1.2625784439904826,1.5868683529777199,0.6651308335130343,-0.4472128383096518,1.7297054206194578,0.030844427281577914,1.2364527121970696,-1.599995404159693,0.9989499173158165,1.015018071648885,0.8007865006614213,-1.6894888135601507,-2.580578863709965,-1.6488899398193404,-0.148512018918442,-0.21243177773933827,-2.728680153920044,-1.4640657681493512,-1.1521085438562797,0.28198652348478626,-1.3361612270583587,-0.5124173232403071,-2.554702843021412,0.5364156299995594,-0.5783389197206229,-0.1843983661256363,1.5069498950755829,0.06898160626274198,-3.454654348031751,-2.6134567220138027,0.5983828793414039
0.002977885146294583,0.18927807309842926,-0.029523930231773906,0.4123524264873259,0.09219458836465069,-0.5231873096782875,0.3614385980062917,-0.05292735249690814,0.1356522716994238,0.386780067880263,0.11603355696228165,0.5210223747215327,0.4267470999905808,0.22235671543485303,0.3801106839206478,-0.12584684094486273,-0.25677892638008,0.6226259333852963,-0.2106785934000315,0.0795657120482719,0.04316323990071056,0.1900234719049668,-0.07364747413082176,-0.149143634246212,-0.06069918848716054,-0.3776581246688355,0.033064663207458656,0.11292011310887959,-0.53108117121633,0.34592123893925114,-0.1260745148230509,-0.6920371427531464,0.07792354434433978,-0.08003882738030373,0.14870492577144193,-0.10079504938767199,-0.25839257891759226,0.101865734971581,1.005360072187131,0.25161824306120334,0.0835295345565894,-0.28771967224805467,-0.07709709291668541,-0.2530700445160632
-0.12645454142552695,-0.08393793538204333,-0.34165272831078514,1.0465845948872015,1.587905009025932,0.0035884735039934867,0.4817797950277186,-0.9566083420276836,0.7120326701447132,-1.4928795421748426,-0.9727280825738257,0.4267470999905808,1.737564803451276,-0.06906733162402992,-0.13274971146641057,-0.04889525807063247,-0.2237003482605047,-0.11799960502191266,-0.7520970873173246,-0.3966453982955,1.002019856745306,-0.778292497014571,-0.08141558250060599,-0.3611345731205284,1.1676966198478518,1.5948707327597247,0.7295897641572371,0.11216065752046543,-0.2521904827520593,2.165340610784394,0.4375952622428353,0.2717629654540669,-0.37151106509575366,0.3739867742720987,0.10047000017473633,1.4161165441184802,-0.3851756042290614,0.37224808304053947,1.0158106351308955,-0.07121415848371793,-0.5385475566672271,1.7363870653884133,1.4822929544603125,-0.6350496022592419
-0.06386443996379496,0.4667119983863711,-0.08112535272777051,-0.3476888612651981,-0.5137421118667875,-0.32599254730472915,0.2356148585745563,0.6492575982809387,0.01179682059244259,2.053362848871445,1.2625784439904826,0.22235671543485303,-0.06906733162402992,0.8941415393856971,0.8958759639540499,0.6038687836284007,-0.4199739473378448,1.077758717308535,-0.3436519174023541,0.7935840775431693,-0.9790531234251505,0.28586763986748864,0.624919123964828,0.433301615251787,-0.5620074991708462,-0.9959347246899819,-0.6586971495162335,0.06386299913243448,-0.35744491180957955,-0.8944950127861858,-0.6796625120365966,-0.6057969763925363,0.14561626593246646,-0.8128297801059123,-0.051460632642740346,-1.1482103429014505,0.30926995890885367,-0.108171115248177,0.29990210926590793,0.995880069491973,-0.2773847273998578,-1.7606577543933732,-1.001576110511245,0.12160615756761196
0.258142788503512,0.38651597717048114,-0.14301195057007562,-0.10829097806031043,-1.1778947091484362,-0.6196158567196175,0.23547056880204967,0.6852140303879428,-0.28487759996423573,2.8366202133940104,1.5868683529777199,0.3801106839206478,-0.13274971146641057,0.8958759639540499,1.391941392864098,0.24687459942551346,-0.4713034884200378,1.4714973847061823,-0.12160510613180162,0.7103251752017797,-0.7404901407591912,0.7936807376944424,0.6933983915315071,0.3684023029276648,-1.0945461948814392,-1.7417204531948889,-1.1280030316598066,-0.0765126591829765,-0.33289085554240566,-1.4818830799456575,-1.1598520291776357,-1.1854700943505787,0.05124914143708488,-0.9097765186633782,-0.4787654244959216,-1.5803301080021097,0.06386862105871798,-0.339600340355371,0.44441909690333953,1.1756723012763237,0.11893640211848884,-2.097061393110244,-1.7241184203565025,0.2135826526379113
-0.2543423480720901,0.2385979387284255,-0.03310148209723841,-0.4575613776132368,0.15189983499913093,0.14605458568846347,0.03859568153328882,0.4630048473219481,0.1821762511191521,0.945878375761102,0.6651308335130343,-0.12584684094486273,-0.04889525807063247,0.6038687836284007,0.24687459942551346,0.7909416860501235,-0.18985209778144074,0.38823177350968635,-0.4216889549971582,0.5714891761166311,-0.8299689022365171,-0.2210385067696363,0.5536698028156359,0.48711923169998594,-0.012855449345145493,0.044669180303612936,-0.21383187223147845,0.20960105610073224,-0.05655920293276001,-0.30564823279275083,-0.17664726544646797,0.1208709500122276,0.07597669437442904,-0.5576946807074168,0.13324480867946167,-0.47423882332713374,0.5332264147234659,0.025419086056838458,-0.2572450629089369,0.5602200622157192,-0.5339700430498636,-0.8886203599097193,-0.16551112294203368,0.09741031973981652
0.088697224740117,-0.46890435727001456,0.11456323865235979,4.4577562948804815e-4,0.1559036878927875,0.2648705944874684,-0.38874144666490346,-0.13225039735222172,-0.14395168262734856,-0.7411864860957105,-0.4472128383096518,-0.25677892638008,-0.2237003482605047,-0.4199739473378448,-0.4713034884200378,-0.18985209778144074,0.41997172483908163,-0.5124848179771848,0.2065335503290887,-0.46782195674934474,0.5799629667293507,-0.14102285648571528,-0.10378511687317248,0.04358937593859452,0.031915321031951896,0.5221777123222274,0.11782128402242636,0.15828616282701483,0.4627264000367474,0.12476112938700805,0.23409448239404534,0.4132573949774703,-0.16295080165145268,0.2889200721774533,-0.14179423448377965,0.38930895890737227,0.038933154400176806,-0.20000144107689538,-0.6597808677615921,-0.5763115591688058,0.16904605446222395,0.8078651309067354,0.31720503576786496,0.08863390426709716
0.1448944637983926,0.38860873385239286,-0.02307423752252847,-0.0010948760436664438,-0.9865637105581484,-0.9646340418005955,0.3326892544727179,0.8919988676041545,-0.20636948297282123,3.276800246443287,1.7297054206194578,0.6226259333852963,-0.11799960502191266,1.077758717308535,1.4714973847061823,0.38823177350968635,-0.5124848179771848,1.9511707629493273,-0.3439834874368836,0.8006416777319181,-0.9216340411073134,0.8822369424848445,0.7402858680962184,0.5126712545895352,-1.2155668411031393,-1.881767428459771,-1.0973740723307739,0.28295353155798214,-0.6423756659023931,-1.3470614829882346,-1.1597645811741308,-1.6907193147264152,0.18921918935222107,-1.050520042849019,-0.23575777632891426,-1.7363033818414781,0.18475826442540969,-0.323965860660042,0.8855663135714449,1.2545795193441138,0.13839521227875298,-2.4520479452776827,-1.7063705484549745,0.1099960309708566
0.20333259170458448,-0.046126347547293174,0.12972826529678766,-0.2982221857526783,-0.8266035912715808,0.06356488188010374,-0.2555394422306525,0.11941057966307121,-0.40879707094177425,-0.04164189847756509,0.030844427281577914,-0.2106785934000315,-0.7520970873173246,-0.3436519174023541,-0.12160510613180162,-0.4216889549971582,0.2065335503290887,-0.3439834874368836,0.6331250371380065,-0.1281390841405616,0.013143635230209607,0.3917492503190687,-0.29043134072346727,-0.15284031995391067,-0.435094978490793,-0.6750200658822603,-0.18616436954161866,-0.2919903163832058,0.22565369916778646,-0.8146232583095683,-0.06366360150405664,0.03439381846831984,0.10099783795187607,0.1801644832234601,-0.16060572725687067,-0.3107859759566591,-0.1453320072699334,-0.1545735457364663,-0.4588472537127858,-0.29552577848897404,0.4868684713169502,-0.20233811041233543,-0.5441825571922008,0.2590159744133454
-0.15697839526153304,0.7791948006309902,-0.0527420747478612,-0.6289955156559704,-0.7584777406048425,-0.3031815014730827,0.3105345637853367,0.749611012605599,0.015719221715732683,1.870470428089627,1.2364527121970696,0.0795657120482719,-0.3966453982955,0.7935840775431693,0.7103251752017797,0.5714891761166311,-0.46782195674934474,0.8006416777319181,-0.1281390841405616,1.0529782409868178,-1.478641429407799,0.3529191129414409,0.326533931335574,0.25655114124868234,-0.51144442418567,-1.2931054179522934,-0.5317377749847128,-0.24360161237571373,-0.48928150969421225,-1.1371520469256817,-0.5423817270190302,-0.5084910993128472,0.41827221065877424,-0.7327214164848969,0.13966961291933944,-1.205692132609829,0.27681264901269526,0.11410445780524936,0.3155535213678511,0.9782992504355201,-0.23480388968736607,-2.0507544900927925,-1.059029952052409,0.20738496765274023
0.3553412660471114,-1.0744047647323316,-0.09013189623337084,1.108193451226288,1.1144017304923106,0.37556063715548327,-0.34333057297503106,-1.200127328767983,0.05424976707199149,-2.449902200722262,-1.599995404159693,0.04316323990071056,1.002019856745306,-0.9790531234251505,-0.7404901407591912,-0.8299689022365171,0.5799629667293507,-0.9216340411073134,0.013143635230209607,-1.478641429407799,2.428127821076414,-0.5627093153905243,-0.2985219042888076,-0.3843561464127184,0.7401555588782198,1.8446050015519977,0.5809436375049929,0.21972060170351146,0.7102349318862657,1.7492655018430292,0.5875243232091597,0.6830966750254667,-0.7436316873716272,0.9954813669343452,-0.4663222313694971,1.7135922808519872,-0.5150980565716999,-0.27647099996397856,-0.225673193591172,-1.1853220584212294,0.2485639327275871,2.99653842817569,1.3901246040672184,-0.34844172845698135
0.31060108145916077,0.14653183260874036,0.09949053579198412,-0.1547405935935961,-1.40308824093992,-0.6316744186072947,-0.0013782148801990783,0.6164370475546281,-0.5551591350137922,2.0078626364163723,0.9989499173158165,0.1900234719049668,-0.778292497014571,0.28586763986748864,0.7936807376944424,-0.2210385067696363,-0.14102285648571528,0.8822369424848445,0.3917492503190687,0.3529191129414409,-0.5627093153905243,1.0331894990014765,0.13530410700161702,0.10641818430736798,-1.1635499346004365,-1.7926565046497052,-0.8443381697325322,-0.11091797781819521,-0.20723615332826445,-1.6104935510150717,-0.811678222721063,-1.1613035953449822,0.21913728940818517,-0.4625820633407764,-0.31555846965757434,-1.3243371164301168,-0.08345444436861635,-0.30182425923117,0.1950033817067292,0.5063444952477109,0.6218267809276536,-1.6184363553211674,-1.5505482870129415,0.30505903288119907
0.11264950232847064,-0.09432145067363522,-0.09068114059050451,-0.25180000726931656,-0.38140019256738344,0.05095601733114937,-0.15815105142116567,0.4872356526156196,-0.15669735868683465,1.7301408710548405,1.015018071648885,-0.07364747413082176,-0.08141558250060599,0.624919123964828,0.6933983915315071,0.5536698028156359,-0.10378511687317248,0.7402858680962184,-0.29043134072346727,0.326533931335574,-0.2985219042888076,0.13530410700161702,0.870029497331115,0.6274263570801433,-0.554163844608949,-0.36658475501047066,-0.7900617777572102,0.21777792173932958,0.2579113077756056,-0.8866387871318638,-0.6774697245499735,-0.22111990553799715,-0.2067318905031069,-0.6794001329282798,-0.45219053759827343,-0.8699172354306205,0.45573494420183397,-0.417034999174903,-0.5095965000448118,0.6643847065448991,-0.23184671751389974,-0.9849879450785591,-0.8371057442098275,0.2415374145761
0.017962842254410215,-0.12102119014420329,0.05088336897902331,-0.39207715078610195,-0.3279553833910703,0.0678728710178722,-0.24930080384593473,0.5366890281060638,-0.16977653305434107,1.329720118236301,0.8007865006614213,-0.149143634246212,-0.3611345731205284,0.433301615251787,0.3684023029276648,0.48711923169998594,0.04358937593859452,0.5126712545895352,-0.15284031995391067,0.25655114124868234,-0.3843561464127184,0.10641818430736798,0.6274263570801433,0.5964545984407565,-0.5227610486802328,-0.3224390306933334,-0.5783623093917563,0.2874723106800059,0.24197829318406386,-0.8200261641761014,-0.43361846344507576,-0.11495663529798829,-0.06920008923600543,-0.5207600498365843,-0.2368065085602785,-0.7409062757228381,0.5012847216777188,-0.36106403170990503,-0.6103856506549598,0.37343688417320636,-0.14400497762427297,-0.8807641720180706,-0.6444248464456358,0.2563719180404687
-0.41112803696641254,-0.06637178627334608,-0.14323812476152029,0.5400740783099698,1.8868732148725094,0.5590381336004036,0.26929349414065595,-1.040712722459898,0.7707419327255833,-3.017997914043267,-1.6894888135601507,-0.06069918848716054,1.1676966198478518,-0.5620074991708462,-1.0945461948814392,-0.012855449345145493,0.031915321031951896,-1.2155668411031393,-0.435094978490793,-0.51144442418567,0.7401555588782198,-1.1635499346004365,-0.554163844608949,-0.5227610486802328,1.7105090446789235,2.2571025343890425,1.3832536117425036,0.008264245327301217,-0.06335605852430659,2.429939357731657,1.1944600291104064,1.168669125995241,-0.15665059387780475,0.8149804524162613,0.6111545617566914,1.9856532520711387,-0.2175710198448398,0.6869811232799283,0.3839765538681675,-0.7247468848441064,-0.6158084877910027,2.338943669655632,2.2409342615960393,-0.5674950299632552
-0.39975253778904185,-0.9255168883577763,-0.1371140299024072,0.9045221112424021,2.954444055230055,1.0896656307231027,-0.17757155120981663,-1.5144174870739702,0.8724422433219169,-4.347213507972627,-2.580578863709965,-0.3776581246688355,1.5948707327597247,-0.9959347246899819,-1.7417204531948889,0.044669180303612936,0.5221777123222274,-1.881767428459771,-0.6750200658822603,-1.2931054179522934,1.8446050015519977,-1.7926565046497052,-0.36658475501047066,-0.3224390306933334,2.2571025343890425,3.988841639057068,1.7388292736665145,0.5249339317661629,0.6542100495283741,3.4385647648204722,1.6020568370766801,1.9695229923075603,-0.6697785131231171,1.1413812996582524,0.3966492508558735,3.0423720310785125,-0.04170426879711054,0.48819003743233197,-0.4828385685853295,-1.406037371855999,-0.8243440077230295,4.149411508838626,3.3560325993888394,-0.6602588618216712
-0.397600786752801,-0.06718345506296161,0.0402997011609451,0.469610086439233,1.5648662254055636,0.28998529152657926,0.2233416437036456,-0.8440070406884783,0.599467218285696,-2.8427607510267694,-1.6488899398193404,0.033064663207458656,0.7295897641572371,-0.6586971495162335,-1.1280030316598066,-0.21383187223147845,0.11782128402242636,-1.0973740723307739,-0.18616436954161866,-0.5317377749847128,0.5809436375049929,-0.8443381697325322,-0.7900617777572102,-0.5783623093917563,1.3832536117425036,1.7388292736665145,1.3848448688373027,0.12646233657777012,-0.22671278103270778,2.1249749117262184,1.1907594079536565,0.8047735659877764,0.03140188170358612,0.8315123231845644,0.7667692449140712,1.740161232142223,-0.2993214164801238,0.6707618337302789,0.5189446770041459,-0.8755109438328263,-0.2831518444143184,1.9952640359810618,1.9970121787789248,-0.5290313632091459
-0.10208325898933122,-0.40972789248732056,0.1477460532451499,0.24843673624422222,0.5912705025151921,-0.12814379455815433,-0.12182979724777197,0.09871842178625176,0.07444794905588252,0.07225163386468543,-0.148512018918442,0.11292011310887959,0.11216065752046543,0.06386299913243448,-0.0765126591829765,0.20960105610073224,0.15828616282701483,0.28295353155798214,-0.2919903163832058,-0.24360161237571373,0.21972060170351146,-0.11091797781819521,0.21777792173932958,0.2874723106800059,0.008264245327301217,0.5249339317661629,0.12646233657777012,0.7300579362094859,-0.004921481117368349,0.4413318252777803,0.08423793403197485,-0.2542725949487791,-0.11498902302830546,-0.1421080063366514,0.14483452348091597,0.16981735528864816,0.19337964666653049,-0.06875186315631628,-0.007298112117346611,-0.15802552436979087,-0.029616506958537386,0.26441608005240375,0.3968440513235886,-0.13441767086665904
0.23174525627939033,-0.6150632961933308,-0.010518646140645007,-0.1730322923278849,-0.07660223768167923,0.6269584167859291,-0.596562308195959,-0.14166036708378169,-0.2844493751614624,-0.4689725048869511,-0.21243177773933827,-0.53108117121633,-0.2521904827520593,-0.35744491180957955,-0.33289085554240566,-0.05655920293276001,0.4627264000367474,-0.6423756659023931,0.22565369916778646,-0.48928150969421225,0.7102349318862657,-0.20723615332826445,0.2579113077756056,0.24197829318406386,-0.06335605852430659,0.6542100495283741,-0.22671278103270778,-0.004921481117368349,0.9185227565714513,-0.28820464728300466,-0.00804369747985345,0.8133326592421293,-0.40517313002549094,0.17612229233077248,-0.559733023255127,0.23759433385893924,0.2061227620934424,-0.44591196989103304,-1.348636976553844,-0.4343235458195912,0.027612731503720324,0.8596562366669321,0.049521358720363604,0.28138254372282245
-0.5062179969523164,-0.40651771395821634,-0.1618295071443634,1.4256081352644394,3.142141564764654,0.37234152485813743,0.4670139755653976,-1.7190387223014816,1.1825801425924944,-4.479580093777019,-2.728680153920044,0.34592123893925114,2.165340610784394,-0.8944950127861858,-1.4818830799456575,-0.30564823279275083,0.12476112938700805,-1.3470614829882346,-0.8146232583095683,-1.1371520469256817,1.7492655018430292,-1.6104935510150717,-0.8866387871318638,-0.8200261641761014,2.429939357731657,3.4385647648204722,2.1249749117262184,0.4413318252777803,-0.28820464728300466,4.192913270230631,1.728143449096244,1.1504750358002283,-0.36234024951302624,1.2873502181751164,0.869264822326475,3.1780080028437823,-0.5644166483168294,0.899408561578371,1.1773884314642413,-1.239060080175839,-0.6811024489480451,3.894175330832397,3.523446184688579,-1.0882506715840354
-0.33395319134867113,-0.14446477028436544,0.08494053313262412,0.23957988996446966,1.3054777194943656,0.4412163927762915,0.033738723637760155,-0.7003244964868859,0.45753650801327034,-2.645324936290204,-1.4640657681493512,-0.1260745148230509,0.4375952622428353,-0.6796625120365966,-1.1598520291776357,-0.17664726544646797,0.23409448239404534,-1.1597645811741308,-0.06366360150405664,-0.5423817270190302,0.5875243232091597,-0.811678222721063,-0.6774697245499735,-0.43361846344507576,1.1944600291104064,1.6020568370766801,1.1907594079536565,0.08423793403197485,-0.00804369747985345,1.728143449096244,1.1310402554975854,0.93159176173906,0.014068732541504222,0.8125935155709114,0.6348435550070309,1.5281605204624662,-0.1443914191984391,0.49182974637570703,0.11653832445521867,-0.9289806713056535,-0.2301015235171631,1.8266314623948652,1.7426454185508478,-0.3705824317014783
-0.21334073428638742,-0.27264958776688025,-0.08769616263062632,-0.36079066553127015,1.0141372090322527,1.2329491642334016,-0.3897647336776747,-0.7068195763619416,0.3086695435384467,-2.6661866218613226,-1.1521085438562797,-0.6920371427531464,0.2717629654540669,-0.6057969763925363,-1.1854700943505787,0.1208709500122276,0.4132573949774703,-1.6907193147264152,0.03439381846831984,-0.5084910993128472,0.6830966750254667,-1.1613035953449822,-0.22111990553799715,-0.11495663529798829,1.168669125995241,1.9695229923075603,0.8047735659877764,-0.2542725949487791,0.8133326592421293,1.1504750358002283,0.93159176173906,2.125938041739747,-0.3242756211831086,0.6984172210757089,0.07588875650159654,1.4012680622345985,0.16674211907437414,0.10810264459119122,-1.283982209986014,-0.8374712219398348,-0.6203473493632902,2.0121342381030956,1.4908112925995256,-0.01939346854053026
-0.14660616387802825,0.4202569259937224,0.09821778444651753,-0.2857376035243745,-0.3204602503055191,-0.24431736710308496,0.1850577978246162,0.3169660160313034,0.015055446724508023,0.4029555836841911,0.28198652348478626,0.07792354434433978,-0.37151106509575366,0.14561626593246646,0.05124914143708488,0.07597669437442904,-0.16295080165145268,0.18921918935222107,0.10099783795187607,0.41827221065877424,-0.7436316873716272,0.21913728940818517,-0.2067318905031069,-0.06920008923600543,-0.15665059387780475,-0.6697785131231171,0.03140188170358612,-0.11498902302830546,-0.40517313002549094,-0.36234024951302624,0.014068732541504222,-0.3242756211831086,0.3818940412180763,-0.1187647172382438,0.33890214956510734,-0.39291790689334993,0.026389266010235248,0.21006492580802147,0.3732375580329098,0.18408976739475236,0.06656567615198783,-0.8467256960664287,-0.2875419040678753,0.036113748918598726
-0.023625182093611953,-0.2947575457930874,0.026838078614511835,0.4098718031318792,0.7564543534356178,0.3215245585135252,-0.05845745294645398,-0.7905738340429048,0.17360813910872738,-2.3075953374955662,-1.3361612270583587,-0.08003882738030373,0.3739867742720987,-0.8128297801059123,-0.9097765186633782,-0.5576946807074168,0.2889200721774533,-1.050520042849019,0.1801644832234601,-0.7327214164848969,0.9954813669343452,-0.4625820633407764,-0.6794001329282798,-0.5207600498365843,0.8149804524162613,1.1413812996582524,0.8315123231845644,-0.1421080063366514,0.17612229233077248,1.2873502181751164,0.8125935155709114,0.6984172210757089,-0.1187647172382438,0.889863193122557,0.20365178416516444,1.3122448330203367,-0.35212444165631557,0.21904230438267067,0.048645872376043245,-0.9310763815980521,0.10171441005931647,1.8509205820727952,1.229703016818091,-0.2594372960952758
-0.43240342067041,0.33851379506327084,0.1410194397525001,-0.039712535191006745,0.6917703010960232,-0.07670107057092702,0.31247996146795226,-0.08243533357198378,0.3894733460987155,-0.9544428311521471,-0.5124173232403071,0.14870492577144193,0.10047000017473633,-0.051460632642740346,-0.4787654244959216,0.13324480867946167,-0.14179423448377965,-0.23575777632891426,-0.16060572725687067,0.13966961291933944,-0.4663222313694971,-0.31555846965757434,-0.45219053759827343,-0.2368065085602785,0.6111545617566914,0.3966492508558735,0.7667692449140712,0.14483452348091597,-0.559733023255127,0.869264822326475,0.6348435550070309,0.07588875650159654,0.33890214956510734,0.20365178416516444,0.8369694262284072,0.4839706431224494,-0.011491222529871723,0.5497996717072161,0.6717818044073676,-0.19833721634194312,-0.2130513900107445,0.1344224649159175,0.8348433295387594,-0.2954121176663756
-0.28330493624216185,-0.5951807394868145,-0.10274803235380005,1.0270171977562756,2.3676599575809516,0.6423373700718651,0.0641505550562555,-1.526100866531573,0.750228520999128,-4.250134364697014,-2.554702843021412,-0.10079504938767199,1.4161165441184802,-1.1482103429014505,-1.5803301080021097,-0.47423882332713374,0.38930895890737227,-1.7363033818414781,-0.3107859759566591,-1.205692132609829,1.7135922808519872,-1.3243371164301168,-0.8699172354306205,-0.7409062757228381,1.9856532520711387,3.0423720310785125,1.740161232142223,0.16981735528864816,0.23759433385893924,3.1780080028437823,1.5281605204624662,1.4012680622345985,-0.39291790689334993,1.3122448330203367,0.4839706431224494,2.8226403736067214,-0.47688209336514914,0.6255582851720534,0.2283258756889473,-1.4101725816359223,-0.377908477561245,3.7313211900209664,2.935600470284189,-0.6977927716352205
-0.11937714719933502,-0.021692380054105356,0.07138937474915072,-0.5017112837312553,-0.11717688401154622,0.23028012127838135,-0.21228466052069137,0.44544494279625346,-0.05659612760693423,0.7725467100156669,0.5364156299995594,-0.25839257891759226,-0.3851756042290614,0.30926995890885367,0.06386862105871798,0.5332264147234659,0.038933154400176806,0.18475826442540969,-0.1453320072699334,0.27681264901269526,-0.5150980565716999,-0.08345444436861635,0.45573494420183397,0.5012847216777188,-0.2175710198448398,-0.04170426879711054,-0.2993214164801238,0.19337964666653049,0.2061227620934424,-0.5644166483168294,-0.1443914191984391,0.16674211907437414,0.026389266010235248,-0.35212444165631557,-0.011491222529871723,-0.47688209336514914,0.5510410627408375,-0.1801275216055915,-0.6304054069392554,0.2277118691241153,-0.2585285339681813,-0.6612421510951692,-0.29415946404749066,0.21945938078054175
-0.2985014152847873,0.32774756281485373,-0.030087507754101156,0.17058917226076495,0.6545642497266028,-0.03139531142944215,0.3685724339656974,-0.26715847587167496,0.3965318785164861,-0.9892987604782995,-0.5783389197206229,0.101865734971581,0.37224808304053947,-0.108171115248177,-0.339600340355371,0.025419086056838458,-0.20000144107689538,-0.323965860660042,-0.1545735457364663,0.11410445780524936,-0.27647099996397856,-0.30182425923117,-0.417034999174903,-0.36106403170990503,0.6869811232799283,0.48819003743233197,0.6707618337302789,-0.06875186315631628,-0.44591196989103304,0.899408561578371,0.49182974637570703,0.10810264459119122,0.21006492580802147,0.21904230438267067,0.5497996717072161,0.6255582851720534,-0.1801275216055915,0.5742726883409107,0.6565518134468974,-0.0919486392688168,-0.21408451438428408,0.39528634560706954,0.8100538353619114,-0.28933583876069
-0.20010909728027054,0.6847303700222768,-0.10067937300585136,0.8738697692454878,0.5313773038244535,-1.0295545678226086,0.9872576393570863,-0.28244094793870683,0.5290211838103163,0.04917817724430414,-0.1843983661256363,1.005360072187131,1.0158106351308955,0.29990210926590793,0.44441909690333953,-0.2572450629089369,-0.6597808677615921,0.8855663135714449,-0.4588472537127858,0.3155535213678511,-0.225673193591172,0.1950033817067292,-0.5095965000448118,-0.6103856506549598,0.3839765538681675,-0.4828385685853295,0.5189446770041459,-0.007298112117346611,-1.348636976553844,1.1773884314642413,0.11653832445521867,-1.283982209986014,0.3732375580329098,0.048645872376043245,0.6717818044073676,0.2283258756889473,-0.6304054069392554,0.6565518134468974,2.4240831015323843,0.4366621114112404,0.038579123605142096,-0.3435884950161506,0.35892345803474096,-0.6432630231239245
0.020988832445208234,0.6272492075861156,-0.17348243665819058,-0.33002223429042127,-0.8558317509569715,-0.4453816831640151,0.3494900669040126,0.6995732822566975,-0.05814377438711274,2.5324888187618013,1.5069498950755829,0.25161824306120334,-0.07121415848371793,0.995880069491973,1.1756723012763237,0.5602200622157192,-0.5763115591688058,1.2545795193441138,-0.29552577848897404,0.9782992504355201,-1.1853220584212294,0.5063444952477109,0.6643847065448991,0.37343688417320636,-0.7247468848441064,-1.406037371855999,-0.8755109438328263,-0.15802552436979087,-0.4343235458195912,-1.239060080175839,-0.9289806713056535,-0.8374712219398348,0.18408976739475236,-0.9310763815980521,-0.19833721634194312,-1.4101725816359223,0.2277118691241153,-0.0919486392688168,0.4366621114112404,1.2679584440909752,-0.2219456939463821,-2.12514244129678,-1.3686738344852372,0.18095875752341037
0.2946710124410764,-0.19797867902309935,0.14830891179439068,0.12295500199358633,-0.7488843877363217,-0.34019661353853137,-0.15479546435846384,0.1272918454375519,-0.429407313666805,0.3972181923618073,0.06898160626274198,0.0835295345565894,-0.5385475566672271,-0.2773847273998578,0.11893640211848884,-0.5339700430498636,0.16904605446222395,0.13839521227875298,0.4868684713169502,-0.23480388968736607,0.2485639327275871,0.6218267809276536,-0.23184671751389974,-0.14400497762427297,-0.6158084877910027,-0.8243440077230295,-0.2831518444143184,-0.029616506958537386,0.027612731503720324,-0.6811024489480451,-0.2301015235171631,-0.6203473493632902,0.06656567615198783,0.10171441005931647,-0.2130513900107445,-0.377908477561245,-0.2585285339681813,-0.21408451438428408,0.038579123605142096,-0.2219456939463821,0.682344161540114,-0.24224740329293132,-0.6321728965710808,0.14112096823774428
-0.06770079262748878,-1.3038112135143238,-0.13611575625044628,1.4730795274701918,2.861359388276098,1.013781940361693,-0.28689362251424955,-2.1526800411070512,0.6597385001529334,-5.628017579734686,-3.454654348031751,-0.28771967224805467,1.7363870653884133,-1.7606577543933732,-2.097061393110244,-0.8886203599097193,0.8078651309067354,-2.4520479452776827,-0.20233811041233543,-2.0507544900927925,2.99653842817569,-1.6184363553211674,-0.9849879450785591,-0.8807641720180706,2.338943669655632,4.149411508838626,1.9952640359810618,0.26441608005240375,0.8596562366669321,3.894175330832397,1.8266314623948652,2.0121342381030956,-0.8467256960664287,1.8509205820727952,0.1344224649159175,3.7313211900209664,-0.6612421510951692,0.39528634560706954,-0.3435884950161506,-2.12514244129678,-0.24224740329293132,5.464816337237502,3.6550010386558953,-0.762754324978701
-0.5256283644477862,-0.49172217648691036,-0.0453739603074051,0.9270117958773695,2.7882353199056054,0.6730156881903258,0.15693857442718662,-1.4454842363727338,0.9585201083043572,-4.392965560116281,-2.6134567220138027,-0.07709709291668541,1.4822929544603125,-1.001576110511245,-1.7241184203565025,-0.16551112294203368,0.31720503576786496,-1.7063705484549745,-0.5441825571922008,-1.059029952052409,1.3901246040672184,-1.5505482870129415,-0.8371057442098275,-0.6444248464456358,2.2409342615960393,3.3560325993888394,1.9970121787789248,0.3968440513235886,0.049521358720363604,3.523446184688579,1.7426454185508478,1.4908112925995256,-0.2875419040678753,1.229703016818091,0.8348433295387594,2.935600470284189,-0.29415946404749066,0.8100538353619114,0.35892345803474096,-1.3686738344852372,-0.6321728965710808,3.6550010386558953,3.3046594539148186,-0.8034741654510538
0.13883401798098569,-0.004866921298626583,0.045269571935219896,-0.45797176522955585,-0.763166674076615,0.08913163052019263,-0.25753568511765423,0.4089584233492753,-0.33156414925394323,0.9129678571804412,0.5983828793414039,-0.2530700445160632,-0.6350496022592419,0.12160615756761196,0.2135826526379113,0.09741031973981652,0.08863390426709716,0.1099960309708566,0.2590159744133454,0.20738496765274023,-0.34844172845698135,0.30505903288119907,0.2415374145761,0.2563719180404687,-0.5674950299632552,-0.6602588618216712,-0.5290313632091459,-0.13441767086665904,0.28138254372282245,-1.0882506715840354,-0.3705824317014783,-0.01939346854053026,0.036113748918598726,-0.2594372960952758,-0.2954121176663756,-0.6977927716352205,0.21945938078054175,-0.28933583876069,-0.6432630231239245,0.18095875752341037,0.14112096823774428,-0.762754324978701,-0.8034741654510538,0.34676554438169965
