V1,V2,V3,V4,V5,V6,V7,V8,V9,V10,V11,V12,V13,V14,V15,V16,V17,V18,V19,V20,V21,V22,V23,V24,V25,V26,V27,V28,V29,V30,V31,V32,V33,V34,V35,V36,V37,V38,V39,V40,V41,V42,V43,V44
0.8940508130108202,-1.183411914590517,0.16690666181685437,0.24492073361174493,-1.0128831779202465,0.5596718950554398,-1.0529818561175026,-0.7341299875985159,-0.9710204567408367,-2.0472404164739326,-1.2288196325033953,-0.6497061677116772,-0.888978464241933,-1.6421344593405105,-0.9369123825260813,-1.6194667138659924,1.1168399097655768,-1.67899557724356,1.4361579225063317,-1.5387436329563005,2.188036934717099,0.4206657995097254,-0.7865395718225564,-0.5667665628208961,-0.4766897125592566,0.18676004965599236,-0.1323289072642805,-0.5603671742857371,1.464124507592724,-0.6147874124801156,0.19751807255550227,0.8688558908414189,-0.4994217101772557,1.2081162809844297,-1.096645727595136,0.7742144649482315,-0.7164184820955846,-0.7572207776695823,-1.6937026362365761,-1.65909488185223,1.2817909638656495,2.2528218312760666,-0.1488989486119007,0.44057229866392467
-1.183411914590517,2.0424014433310727,-0.37740033648438254,-0.29470437175473213,1.269525649348181,-0.975174043663639,1.7030826172750164,1.0222454055420047,1.4991105020679214,3.047319473536293,1.951302437404705,1.0502038009951147,1.5179752213119782,2.473141917800654,1.5378912498007704,2.2151819346601678,-1.7101611380577153,2.4825487343292494,-2.0543289069842467,2.4972067576811616,-3.2282690949322705,-0.5637699193445704,0.9851520941647731,0.5886463637947547,0.6471460738818569,-0.621019579381663,0.10523456560698433,0.43049871178440013,-2.236414424138676,0.8166711013867252,-0.42588852817663403,-1.274854568981793,0.8224667118584446,-1.7700717324191808,1.4178950206465382,-1.159642030173576,0.7278800282842078,1.1644132876891433,2.79229200910085,2.616307730495117,-1.8626983409877214,-3.463862835800651,0.0031130899895510256,-0.6455874620360864
0.16690666181685437,-0.37740033648438254,0.25887732389282253,-0.15642560357589472,-0.36233514043101833,0.3580226271430069,-0.3932635798494658,-0.14502688462967717,-0.36997924117978,-0.8603880639855482,-0.4352758005827093,-0.22653079530800535,-0.6274680741824038,-0.5661160472425214,-0.4838912075190627,-0.46228128854632,0.3339118191121359,-0.6131325024020962,0.5501643095960305,-0.5917900672822366,0.5585193516499203,0.1169666841721795,-0.2684410129152682,-0.09785201780262276,-0.10737235857415314,0.03911364298759378,0.11814682887448381,-0.03589627918027008,0.4072415870842534,-0.24629896022102601,0.31540380761851605,0.32826418809754915,-0.06488402367539055,0.49347183938675504,8.56125656395573e-4,0.15658417962426835,-0.023662176949916836,-0.1962157181047121,-0.6078975302346117,-0.7076871139379467,0.43229621115069544,0.5072663080559101,0.02937532865819675,0.10916622819236581
0.24492073361174493,-0.29470437175473213,-0.15642560357589472,0.9896991534886618,0.3518949137479693,-0.6215011151599783,0.2408778872539249,-0.2253668675065477,0.07372880805287232,0.5586363959240024,-0.08948168709683106,0.4339299779975998,0.798591294451094,0.11527988155226289,0.4955367628478433,-0.201663202156189,-0.10184086569887514,0.683871806982585,-0.38550457292848184,-0.1795087733126387,0.5744324075721008,0.28145306555138044,0.15980476407728036,-0.09291000601053896,-0.10909998723450284,0.131887695338804,-0.17039349730245484,0.2986184194840153,-0.18238594618530526,0.460535754893078,-0.39532912716461505,-0.9354867342974869,-0.2232446783752947,-0.1620226751271977,-0.3573521104589982,0.2092952707136833,-0.3776152328628247,-0.026462249614378996,0.800777839194745,0.2609857046634497,0.17978608775376792,0.36794920291762445,0.04459759879332619,-0.24228407311572908
-1.0128831779202465,1.269525649348181,-0.36233514043101833,0.3518949137479693,1.9221906484528855,-1.1764107273817843,1.4236317844317754,0.9190139645374074,1.4865107639510509,3.0712222546598813,1.6145853341081848,1.0698115679203275,1.8904353986882725,2.3476790245377086,1.4716215777799344,2.2011470257541164,-1.309821255405333,2.6591318419695402,-2.359801530116005,2.0191572163702185,-2.4068699596205643,-0.6083265612001316,1.2410961666318545,0.8326734744998091,0.5582132779528913,0.19870655125046513,0.028736575116029717,1.088121927744071,-1.8667889513618592,1.2809612099530905,-0.5538197060632349,-1.537141288115085,0.4648128412175703,-1.8443722280021937,1.0298167324560923,-0.7008115102625154,0.7143807228478835,0.8864531660324753,2.5384919657481313,2.354866969170644,-1.7434978950035993,-2.5327821005490376,0.4006077599055439,-0.7021839856743761
0.5596718950554398,-0.975174043663639,0.3580226271430069,-0.6215011151599783,-1.1764107273817843,1.6397230303608867,-1.1548515467752758,-0.6761466115918532,-1.0115569125081656,-2.653115103043965,-1.2031648776449846,-1.050614597087736,-1.5298655700496433,-1.7043423042489318,-1.2800521925518482,-1.2446245112605536,0.8485810680706067,-2.2433600825530378,1.6509173330919316,-1.6586430661463714,1.725982976643771,0.017194390974841402,-0.5355307520223004,-0.3007877569759379,0.0061551758551586875,0.40493266113756593,0.11914900612560052,-0.6997632125116524,1.5686861339985467,-0.832298838684982,0.785619427206059,1.6372088386123886,-0.4570547122092683,1.4705408331741563,-0.4708608997396502,0.5874415285005147,0.023099005498029495,-0.5881098143651402,-2.378363133783358,-1.851456763725274,0.9565541601290658,1.8208432132053174,-9.501073965268074e-4,0.500506561453643
-1.0529818561175026,1.7030826172750164,-0.3932635798494658,0.2408778872539249,1.4236317844317754,-1.1548515467752758,1.7753245514923286,0.8275239281919236,1.418468198280095,3.297669493087068,1.8171396861604403,1.278294213466797,1.8288258035011606,2.480391511312258,1.7995110198089053,2.0912145750699014,-1.8056940748727093,2.8445032189624504,-2.228923786844822,2.1637493975724764,-2.7798107861524177,-0.35786293189443097,1.1888979759045335,0.6252518713699033,0.6129501910615234,-0.44636339152835836,0.024718565275627734,0.7148879456946492,-2.276001377925832,1.0472859426170187,-0.5878377072131966,-1.7906177209751222,0.5911204555261785,-1.779867425913868,1.3041637142489768,-1.0840366048715417,0.661551358061211,1.0853932700688227,3.092537387810685,2.668513781523495,-1.7159357020027288,-3.1733200129573977,0.04586697098848263,-0.7959934518829437
-0.7341299875985159,1.0222454055420047,-0.14502688462967717,-0.2253668675065477,0.9190139645374074,-0.6761466115918532,0.8275239281919236,0.9115532947041781,0.90096037777673,2.1945579604221552,1.309390048241222,0.5203473418049623,0.7394263243499617,1.549755683573488,0.8625108382164696,1.5389637636391722,-0.7911584518353728,1.623233240848536,-1.3314918102332356,1.555512331319503,-2.0244545137397334,-0.3589163893324331,0.7426024595397573,0.6218613864817871,0.18535779494418234,-0.26156615419468293,-0.055187517532556095,0.601582987643363,-1.2094617046520453,0.34550859494767994,-0.32780864106551477,-0.8854493226923562,0.5095382951779749,-1.275171584473399,0.7757593989113888,-0.770942703723974,0.6202657105790849,0.5879093923764023,1.373799055653373,1.520870131498938,-1.1030262059620954,-2.193493275814894,-0.01777568291715741,-0.28385081443005455
-0.9710204567408367,1.4991105020679214,-0.36997924117978,0.07372880805287232,1.4865107639510509,-1.0115569125081656,1.418468198280095,0.90096037777673,1.3946392903518692,2.8552348682245268,1.6682413572979293,0.9770604283413478,1.62815528055179,2.2127708663787224,1.4133166118953824,2.010757291840519,-1.3378626323866927,2.3894154930683187,-2.042554831277608,2.069967169495332,-2.5012080662228597,-0.558944784996038,1.0355828177476931,0.6690107893604905,0.5192776227380063,-0.19394867941188348,0.009832307695427096,0.6911798901282499,-1.8501587541022033,0.9757292358196843,-0.49025598407975035,-1.308447631206795,0.5668223853595221,-1.672025355283963,1.0295014442222858,-0.8277341313984984,0.6356617696584201,0.9023749473788334,2.4337081897031614,2.2784876586488214,-1.6413605289273718,-2.716950773395612,0.15650351982812255,-0.603819533217462
-2.0472404164739326,3.047319473536293,-0.8603880639855482,0.5586363959240024,3.0712222546598813,-2.653115103043965,3.297669493087068,2.1945579604221552,2.8552348682245268,8.199473136442156,4.3779020777858,2.5420192420277057,3.836121814867765,5.493665437403193,4.065690620774062,4.761333334378254,-3.3917260350209664,6.518326507979852,-4.970007206181736,4.605773515565572,-5.648305527987883,-0.7129772887912303,3.1104760604687725,1.9242685145725336,0.6620217514873874,-0.8232454341735135,-0.5917607994835394,2.0656923859280907,-4.297055497496011,1.7290555283512719,-1.8092601679465816,-3.9900812141899165,0.990975978400457,-4.3085016352468175,2.098821467669333,-2.639892922518829,1.6910548751169598,1.7354575892934363,5.787064298870833,5.791714961185797,-3.6414204246761672,-6.804939915429806,-0.30638647421873605,-1.4127009872551166
-1.2288196325033953,1.951302437404705,-0.4352758005827093,-0.08948168709683106,1.6145853341081848,-1.2031648776449846,1.8171396861604403,1.309390048241222,1.6682413572979293,4.3779020777858,2.636333364492952,1.371102018497592,2.0077921080620658,3.1594957162175805,2.181998070950036,2.7744039498857678,-1.9176765444537593,3.500378321873479,-2.7144376627909375,2.6959752237064984,-3.2974443668629334,-0.6280382345415249,1.7376468341415363,1.1275244823490933,0.443741293666911,-0.5721777635214041,-0.28297346949953683,0.9897467041921811,-2.392531242686351,0.8891162803455255,-0.8411559739315276,-1.8077270325673105,0.6375801589333486,-2.348413101026586,1.3215612234779566,-1.5905856121552784,1.0715776618485295,0.9542102126752878,3.094163128048342,3.211861920102944,-2.2054268742257004,-4.099753632011383,-0.22660433671242156,-0.7597109992315207
-0.6497061677116772,1.0502038009951147,-0.22653079530800535,0.4339299779975998,1.0698115679203275,-1.050614597087736,1.278294213466797,0.5203473418049623,0.9770604283413478,2.5420192420277057,1.371102018497592,1.2509410346979921,1.5325477459051782,1.8673952410851273,1.491836231396711,1.3566822693069496,-1.2779098899689967,2.4375125536238254,-1.7028612982349822,1.319802821100149,-1.5245703782356483,-0.17363981894175595,0.9389698727853537,0.5000708541603384,0.26330713077147117,-0.4158162425047971,-0.05773359625829325,0.7606834723754162,-1.7135181950987852,0.9556739629883758,-0.518588168350645,-1.563132149862737,0.2943901489163993,-1.2668883566583364,0.8834668719043255,-0.8441193095937259,0.37257220294858434,0.5613401031643286,2.5469124066305753,1.884497755704071,-1.1199057485901602,-2.213210900393507,-0.04437478734059343,-0.7059657342625228
-0.888978464241933,1.5179752213119782,-0.6274680741824038,0.798591294451094,1.8904353986882725,-1.5298655700496433,1.8288258035011606,0.7394263243499617,1.62815528055179,3.836121814867765,2.0077921080620658,1.5325477459051782,2.6930788913055093,2.7669883232479555,2.195557393645644,2.1956163656469343,-1.747035696669934,3.3841988966494463,-2.717931387436331,2.207168250021452,-2.2687621128585977,-0.5009248924598358,1.5134628974571305,0.7469132724086307,0.5212748678981924,-0.12329690946614802,-0.2444360613428261,0.9450059774356546,-2.196845073903799,1.4887544252589742,-0.9893555798032377,-2.0373081405976166,0.3234693741581591,-2.079611144033529,0.7956236041570867,-0.9205322424756452,0.47832349587660183,0.8703984474470146,3.38999309001215,2.9811790991150358,-1.908842932205528,-2.836886207803238,0.10143158536657759,-0.9113050979623077
-1.6421344593405105,2.473141917800654,-0.5661160472425214,0.11527988155226289,2.3476790245377086,-1.7043423042489318,2.480391511312258,1.549755683573488,2.2127708663787224,5.493665437403193,3.1594957162175805,1.8673952410851273,2.7669883232479555,4.1111068021042065,2.7932859504300103,3.6009798508669997,-2.5604048625807327,4.540158984392973,-3.653584379239597,3.4750242662407445,-4.321203499734343,-0.7540655441641267,2.1757143791707674,1.350462031048316,0.7373053943096268,-0.47939781135973625,-0.17488611570535192,1.3908431210505159,-3.222812518623116,1.44010957401951,-1.0565455457868855,-2.4339763511715202,0.8162384078450134,-3.051077120494613,1.843674730516699,-1.8509929622599537,1.2668706590810366,1.3860393092634589,4.247141222365653,4.2096891965166074,-2.8957479125487184,-5.054709779598632,-0.011320648198340538,-1.105132494714421
-0.9369123825260813,1.5378912498007704,-0.4838912075190627,0.4955367628478433,1.4716215777799344,-1.2800521925518482,1.7995110198089053,0.8625108382164696,1.4133166118953824,4.065690620774062,2.181998070950036,1.491836231396711,2.195557393645644,2.7932859504300103,2.2896609880306955,2.2252693599191433,-1.9071151160901705,3.425053780381929,-2.513028452280608,2.1130077847687296,-2.5127023976112595,-0.3067416798093379,1.6418372728471071,0.8749689022910105,0.4072412799875774,-0.47826751151538716,-0.3151686867550108,0.9643564250425252,-2.250765843600352,1.0359113715537431,-0.9511525875860539,-2.1167947598247614,0.3465586033432222,-2.060401477064391,1.0326102300858604,-1.324493355806522,0.7282343801970068,0.8513899315709276,3.213320341264738,2.985147327875185,-1.798542613436994,-3.3482793980379157,-0.21301310694123163,-0.8509759773942991
-1.6194667138659924,2.2151819346601678,-0.46228128854632,-0.201663202156189,2.2011470257541164,-1.2446245112605536,2.0912145750699014,1.5389637636391722,2.010757291840519,4.761333334378254,2.7744039498857678,1.3566822693069496,2.1956163656469343,3.6009798508669997,2.2252693599191433,3.4672800732313656,-2.2187652672847653,3.7578726533155598,-3.2338277663598505,3.2044988007217183,-4.196089875260512,-0.851459285900466,1.9934568498528222,1.3450847150131613,0.8065644651383447,-0.1766528950992244,-0.06884653588886082,1.2760282568171886,-2.7470212360423605,1.1818350396938129,-0.7658985538849425,-1.9015823558073526,0.8101652656050423,-2.7470126862712387,1.7739200118424236,-1.609349126906314,1.4244043381539813,1.343701012497821,3.351925015458809,3.6692337000830317,-2.7207059554467996,-4.555291564402619,0.15921600613717968,-0.8744911073963366
1.1168399097655768,-1.7101611380577153,0.3339118191121359,-0.10184086569887514,-1.309821255405333,0.8485810680706067,-1.8056940748727093,-0.7911584518353728,-1.3378626323866927,-3.3917260350209664,-1.9176765444537593,-1.2779098899689967,-1.747035696669934,-2.5604048625807327,-1.9071151160901705,-2.2187652672847653,2.0558411575262245,-2.9190426055469905,2.245282615041628,-2.0470955299157083,2.8412737943684427,0.3794592653933374,-1.4563932345551567,-0.7551185319061897,-0.7233861394146249,0.43225560390748613,-0.008238750459766063,-0.762178968708528,2.294548308320414,-0.9635813183803538,0.5187873276323657,1.778944155725389,-0.5122265295735863,1.7570149819585166,-1.4909287948278145,1.2878872046458514,-0.9328508561772239,-1.0956527642870004,-3.0471218444758437,-2.754363284324838,1.822515794405964,3.4176306126952567,0.006365791982490008,0.8528154498668128
-1.67899557724356,2.4825487343292494,-0.6131325024020962,0.683871806982585,2.6591318419695402,-2.2433600825530378,2.8445032189624504,1.623233240848536,2.3894154930683187,6.518326507979852,3.500378321873479,2.4375125536238254,3.3841988966494463,4.540158984392973,3.425053780381929,3.7578726533155598,-2.9190426055469905,5.606442028956414,-4.169422068329889,3.5206655183531885,-4.272745824694145,-0.5965140219078612,2.5401860220999386,1.528022365050123,0.6339326586699218,-0.6855634801652228,-0.3310636443873869,1.857476789983131,-3.761444215049792,1.8346632734295958,-1.3374871603554277,-3.4893177990803923,0.76329128289618,-3.364130712897151,1.9441113295452486,-2.101837869777077,1.3188833050763855,1.409041329516528,5.272884817118232,4.666542306477733,-2.9388837571118582,-5.528680571846195,-0.11650693907198777,-1.399261813752286
1.4361579225063317,-2.0543289069842467,0.5501643095960305,-0.38550457292848184,-2.359801530116005,1.6509173330919316,-2.228923786844822,-1.3314918102332356,-2.042554831277608,-4.970007206181736,-2.7144376627909375,-1.7028612982349822,-2.717931387436331,-3.653584379239597,-2.513028452280608,-3.2338277663598505,2.245282615041628,-4.169422068329889,3.430258502422122,-3.03751461957845,3.6874924928763715,0.6934260549287926,-2.009517338892198,-1.238662909856731,-0.7038057085504411,0.176052797674485,0.1621185216778841,-1.3895927055565636,2.858327327403622,-1.5168838514574645,0.9901255332995472,2.3713660978217552,-0.6605187007055529,2.757132219094919,-1.5401939659767785,1.4718131749617083,-1.1144842523035998,-1.2396264434946787,-3.8987937331797853,-3.765782999427625,2.5895008802443296,4.2583708986230135,-0.1553563760697067,1.040264527075152
-1.5387436329563005,2.4972067576811616,-0.5917900672822366,-0.1795087733126387,2.0191572163702185,-1.6586430661463714,2.1637493975724764,1.555512331319503,2.069967169495332,4.605773515565572,2.6959752237064984,1.319802821100149,2.207168250021452,3.4750242662407445,2.1130077847687296,3.2044988007217183,-2.0470955299157083,3.5206655183531885,-3.03751461957845,3.5648509456131707,-4.419179313506553,-0.7182300730257918,1.4665707635767191,0.9581633431778833,0.6667929099920958,-0.5340792858299953,-0.03976226280199314,0.8623303772009911,-2.8191958818557317,1.063715895069267,-0.8899242530039277,-1.8401683067441446,1.048373279033492,-2.7480131674164436,1.5650235178343892,-1.4749015854392593,0.9357623267915716,1.4614327238833646,3.526034917069373,3.6861755899673274,-2.5792245205901514,-4.465736912072464,0.05988004599929618,-0.7641749562984884
2.188036934717099,-3.2282690949322705,0.5585193516499203,0.5744324075721008,-2.4068699596205643,1.725982976643771,-2.7798107861524177,-2.0244545137397334,-2.5012080662228597,-5.648305527987883,-3.2974443668629334,-1.5245703782356483,-2.2687621128585977,-4.321203499734343,-2.5127023976112595,-4.196089875260512,2.8412737943684427,-4.272745824694145,3.6874924928763715,-4.419179313506553,6.096405626659056,0.84557465472345,-1.8899848666527472,-1.2936779603115665,-1.0497733665803557,0.7005255180457435,-0.1780674833589755,-1.1637651441355175,3.720770745132247,-1.1695263174113537,0.821422568098069,2.3141098147203167,-1.4421381958848256,3.3619094123436444,-2.5308410976530475,2.040751857947251,-1.5652366385029868,-2.082107511462071,-4.319906141200559,-4.581762227472129,3.281541796668898,6.004685818075363,-0.16502724918175218,0.984773681028168
0.4206657995097254,-0.5637699193445704,0.1169666841721795,0.28145306555138044,-0.6083265612001316,0.017194390974841402,-0.35786293189443097,-0.3589163893324331,-0.558944784996038,-0.7129772887912303,-0.6280382345415249,-0.17363981894175595,-0.5009248924598358,-0.7540655441641267,-0.3067416798093379,-0.851459285900466,0.3794592653933374,-0.5965140219078612,0.6934260549287926,-0.7182300730257918,0.84557465472345,0.5144577251707083,-0.43953666450642404,-0.35863076973446956,-0.3121269597811087,-0.13680317349918492,-0.045926799608623,-0.20338553521408032,0.47464634809242695,-0.38476778114071264,-0.006404775169019206,-0.006892257946445509,-0.17618086409575925,0.5234221692963954,-0.3942819598094292,0.24070928874176553,-0.42534330780047147,-0.2564346793516444,-0.4871971820246798,-0.6677915525043788,0.7569219421329842,0.9059507990104234,-0.165095930726763,0.15391296864968665
-0.7865395718225564,0.9851520941647731,-0.2684410129152682,0.15980476407728036,1.2410961666318545,-0.5355307520223004,1.1888979759045335,0.7426024595397573,1.0355828177476931,3.1104760604687725,1.7376468341415363,0.9389698727853537,1.5134628974571305,2.1757143791707674,1.6418372728471071,1.9934568498528222,-1.4563932345551567,2.5401860220999386,-2.009517338892198,1.4665707635767191,-1.8899848666527472,-0.43953666450642404,1.630121006322931,0.9889943119293249,0.42531862761837874,0.010689370291416358,-0.27723495990809904,0.9515692206265738,-1.4724613563500828,0.7121330159256455,-0.5888542639436128,-1.3818003541661488,0.14300171609748638,-1.5903205874689206,0.8731617463824094,-1.0764843914814677,0.9907390108967414,0.5615684988263983,1.9745262233840255,2.2115566841730936,-1.5501262916518563,-2.6059025334915256,-0.05977195139814649,-0.6133059418368151
-0.5667665628208961,0.5886463637947547,-0.09785201780262276,-0.09291000601053896,0.8326734744998091,-0.3007877569759379,0.6252518713699033,0.6218613864817871,0.6690107893604905,1.9242685145725336,1.1275244823490933,0.5000708541603384,0.7469132724086307,1.350462031048316,0.8749689022910105,1.3450847150131613,-0.7551185319061897,1.528022365050123,-1.238662909856731,0.9581633431778833,-1.2936779603115665,-0.35863076973446956,0.9889943119293249,0.746658895094652,0.20603577493704792,0.03018505523880344,-0.1494989727544285,0.6963353763758594,-0.8699002760675428,0.3912740447920639,-0.28910824435895655,-0.7306725448363212,0.15445890475244642,-1.015407849817189,0.6085874705889063,-0.6904554807769281,0.7535636716958192,0.29801078537122555,1.0083254335084546,1.264463358451386,-0.989802451374281,-1.6949122497612972,-0.008624150866662355,-0.30826255638734434
-0.4766897125592566,0.6471460738818569,-0.10737235857415314,-0.10909998723450284,0.5582132779528913,0.0061551758551586875,0.6129501910615234,0.18535779494418234,0.5192776227380063,0.6620217514873874,0.443741293666911,0.26330713077147117,0.5212748678981924,0.7373053943096268,0.4072412799875774,0.8065644651383447,-0.7233861394146249,0.6339326586699218,-0.7038057085504411,0.6667929099920958,-1.0497733665803557,-0.3121269597811087,0.42531862761837874,0.20603577493704792,0.5359252685835335,0.11646126266107898,0.19946230721873356,0.13576647696077054,-0.7322121290456228,0.45536675414106004,0.0770283385839787,-0.30129628504914724,0.20625508558682246,-0.43864272861446935,0.6631491355067917,-0.23606557602025935,0.41594287051262196,0.5273424335393968,0.8723755316243965,0.8034355380762274,-0.7156872444863449,-0.9903781485006807,0.2500930123015576,-0.2906246412130755
0.18676004965599236,-0.621019579381663,0.03911364298759378,0.131887695338804,0.19870655125046513,0.40493266113756593,-0.44636339152835836,-0.26156615419468293,-0.19394867941188348,-0.8232454341735135,-0.5721777635214041,-0.4158162425047971,-0.12329690946614802,-0.47939781135973625,-0.47826751151538716,-0.1766528950992244,0.43225560390748613,-0.6855634801652228,0.176052797674485,-0.5340792858299953,0.7005255180457435,-0.13680317349918492,0.010689370291416358,0.03018505523880344,0.11646126266107898,0.830147843546225,0.05936314079408373,0.09267508373949582,0.7030822975019695,0.08351845440954718,0.15403494115922123,0.5464556747239058,-0.30021855888795645,0.28151746635975733,-0.3559062774516725,0.5456380415403576,0.010902823848267261,-0.19952928080287838,-0.9224144187659967,-0.53638046795265,0.1276496967208616,1.1148627750464497,0.39857556667287736,0.12656970402725967
-0.1323289072642805,0.10523456560698433,0.11814682887448381,-0.17039349730245484,0.028736575116029717,0.11914900612560052,0.024718565275627734,-0.055187517532556095,0.009832307695427096,-0.5917607994835394,-0.28297346949953683,-0.05773359625829325,-0.2444360613428261,-0.17488611570535192,-0.3151686867550108,-0.06884653588886082,-0.008238750459766063,-0.3310636443873869,0.1621185216778841,-0.03976226280199314,-0.1780674833589755,-0.045926799608623,-0.27723495990809904,-0.1494989727544285,0.19946230721873356,0.05936314079408373,0.32055661596726615,-0.05540865824473505,-0.10754393455225923,0.12629393745699388,0.3200907813635021,0.19369441134119536,0.15160222007665075,0.2087150161203843,0.3422021807191921,0.15248834096759303,-0.004582848355149022,0.19080744833112892,0.023321303082330446,-0.22778486344751092,0.03177162580505772,0.0833017738574903,0.25446811447271844,-0.04364520411307993
-0.5603671742857371,0.43049871178440013,-0.03589627918027008,0.2986184194840153,1.088121927744071,-0.6997632125116524,0.7148879456946492,0.601582987643363,0.6911798901282499,2.0656923859280907,0.9897467041921811,0.7606834723754162,0.9450059774356546,1.3908431210505159,0.9643564250425252,1.2760282568171886,-0.762178968708528,1.857476789983131,-1.3895927055565636,0.8623303772009911,-1.1637651441355175,-0.20338553521408032,0.9515692206265738,0.6963353763758594,0.13576647696077054,0.09267508373949582,-0.05540865824473505,1.070053736718945,-1.0797657881610625,0.6950107753291939,-0.3465663828281225,-1.2235272712216512,0.15284955957447524,-1.1065573485819213,0.693854395429841,-0.6088686577795731,0.5903731038723595,0.3438793822848258,1.4621067169971569,1.2695692987428826,-0.8625672749258709,-1.5732355751378737,0.15409466717221357,-0.474990610348238
1.464124507592724,-2.236414424138676,0.4072415870842534,-0.18238594618530526,-1.8667889513618592,1.5686861339985467,-2.276001377925832,-1.2094617046520453,-1.8501587541022033,-4.297055497496011,-2.392531242686351,-1.7135181950987852,-2.196845073903799,-3.222812518623116,-2.250765843600352,-2.7470212360423605,2.294548308320414,-3.761444215049792,2.858327327403622,-2.8191958818557317,3.720770745132247,0.47464634809242695,-1.4724613563500828,-0.8699002760675428,-0.7322121290456228,0.7030822975019695,-0.10754393455225923,-1.0797657881610625,3.0775274051684893,-1.3755003005257163,0.6603098944404384,2.3986285723033878,-0.8695876292681329,2.312863961926296,-1.8867174081718794,1.49865544470295,-0.9440803597359724,-1.4067071895947003,-4.0761778716756645,-3.3619619230239826,2.183814852813339,4.291733511093027,-0.06931689074387289,1.0414490194009587
-0.6147874124801156,0.8166711013867252,-0.24629896022102601,0.460535754893078,1.2809612099530905,-0.832298838684982,1.0472859426170187,0.34550859494767994,0.9757292358196843,1.7290555283512719,0.8891162803455255,0.9556739629883758,1.4887544252589742,1.44010957401951,1.0359113715537431,1.1818350396938129,-0.9635813183803538,1.8346632734295958,-1.5168838514574645,1.063715895069267,-1.1695263174113537,-0.38476778114071264,0.7121330159256455,0.3912740447920639,0.45536675414106004,0.08351845440954718,0.12629393745699388,0.6950107753291939,-1.3755003005257163,1.1914993394358098,-0.281985060029551,-1.1352237756688903,0.2239005376586219,-0.9928096778718595,0.7325713910266224,-0.3430620505096827,0.31235106180432004,0.5597524420776939,2.068969034339632,1.4374126000483232,-1.0425226128545857,-1.4120666554292314,0.34902761202326055,-0.6286707621610184
0.19751807255550227,-0.42588852817663403,0.31540380761851605,-0.39532912716461505,-0.5538197060632349,0.785619427206059,-0.5878377072131966,-0.32780864106551477,-0.49025598407975035,-1.8092601679465816,-0.8411559739315276,-0.518588168350645,-0.9893555798032377,-1.0565455457868855,-0.9511525875860539,-0.7658985538849425,0.5187873276323657,-1.3374871603554277,0.9901255332995472,-0.8899242530039277,0.821422568098069,-0.006404775169019206,-0.5888542639436128,-0.28910824435895655,0.0770283385839787,0.15403494115922123,0.3200907813635021,-0.3465663828281225,0.6603098944404384,-0.281985060029551,0.6829102546504887,0.8360257787924111,-0.04810840350192245,0.9487506273945902,0.034161364950774306,0.43496257763761725,-0.040431112204702704,-0.17727168051091519,-1.064331177872193,-1.221072427678102,0.6169630991940357,0.9825621955717686,0.1893433130395667,0.2147896713358222
0.8688558908414189,-1.274854568981793,0.32826418809754915,-0.9354867342974869,-1.537141288115085,1.6372088386123886,-1.7906177209751222,-0.8854493226923562,-1.308447631206795,-3.9900812141899165,-1.8077270325673105,-1.563132149862737,-2.0373081405976166,-2.4339763511715202,-2.1167947598247614,-1.9015823558073526,1.778944155725389,-3.4893177990803923,2.3713660978217552,-1.8401683067441446,2.3141098147203167,-0.006892257946445509,-1.3818003541661488,-0.7306725448363212,-0.30129628504914724,0.5464556747239058,0.19369441134119536,-1.2235272712216512,2.3986285723033878,-1.1352237756688903,0.8360257787924111,2.8897289729947695,-0.46834288589806156,1.888646211465222,-1.131033017565168,1.142417855396964,-0.5983152219947558,-0.9817198633016806,-3.5773923676933177,-2.651661537008001,1.3191260127881257,3.1389583217585475,0.08202523188547597,0.919758226803754
-0.4994217101772557,0.8224667118584446,-0.06488402367539055,-0.2232446783752947,0.4648128412175703,-0.4570547122092683,0.5911204555261785,0.5095382951779749,0.5668223853595221,0.990975978400457,0.6375801589333486,0.2943901489163993,0.3234693741581591,0.8162384078450134,0.3465586033432222,0.8101652656050423,-0.5122265295735863,0.76329128289618,-0.6605187007055529,1.048373279033492,-1.4421381958848256,-0.17618086409575925,0.14300171609748638,0.15445890475244642,0.20625508558682246,-0.30021855888795645,0.15160222007665075,0.15284955957447524,-0.8695876292681329,0.2239005376586219,-0.04810840350192245,-0.46834288589806156,0.4923001811394661,-0.63309773635018,0.6367842159953268,-0.3836485444154568,0.24355424166433298,0.5294980241950443,0.9928887432143146,0.8450853767348407,-0.6130173590340525,-1.3433670529861108,0.06982911697201727,-0.18070611379404253
1.2081162809844297,-1.7700717324191808,0.49347183938675504,-0.1620226751271977,-1.8443722280021937,1.4705408331741563,-1.779867425913868,-1.275171584473399,-1.672025355283963,-4.3085016352468175,-2.348413101026586,-1.2668883566583364,-2.079611144033529,-3.051077120494613,-2.060401477064391,-2.7470126862712387,1.7570149819585166,-3.364130712897151,2.757132219094919,-2.7480131674164436,3.3619094123436444,0.5234221692963954,-1.5903205874689206,-1.015407849817189,-0.43864272861446935,0.28151746635975733,0.2087150161203843,-1.1065573485819213,2.312863961926296,-0.9928096778718595,0.9487506273945902,1.888646211465222,-0.63309773635018,2.460799443286675,-1.1785301725420976,1.319383783851839,-0.870677510825712,-1.0504312487602623,-3.0098838854748036,-3.1923296578618627,2.1426964802098296,3.664433575443163,-0.004336956211156969,0.7275013211654947
-1.096645727595136,1.4178950206465382,8.56125656395573e-4,-0.3573521104589982,1.0298167324560923,-0.4708608997396502,1.3041637142489768,0.7757593989113888,1.0295014442222858,2.098821467669333,1.3215612234779566,0.8834668719043255,0.7956236041570867,1.843674730516699,1.0326102300858604,1.7739200118424236,-1.4909287948278145,1.9441113295452486,-1.5401939659767785,1.5650235178343892,-2.5308410976530475,-0.3942819598094292,0.8731617463824094,0.6085874705889063,0.6631491355067917,-0.3559062774516725,0.3422021807191921,0.693854395429841,-1.8867174081718794,0.7325713910266224,0.034161364950774306,-1.131033017565168,0.6367842159953268,-1.1785301725420976,1.6786171531376708,-0.9962347509494622,0.9244248344418645,0.9772301139481484,2.206158635793714,1.7840617954570337,-1.376962482073154,-2.828179678497846,0.2015678794504707,-0.6440810771664519
0.7742144649482315,-1.159642030173576,0.15658417962426835,0.2092952707136833,-0.7008115102625154,0.5874415285005147,-1.0840366048715417,-0.770942703723974,-0.8277341313984984,-2.639892922518829,-1.5905856121552784,-0.8441193095937259,-0.9205322424756452,-1.8509929622599537,-1.324493355806522,-1.609349126906314,1.2878872046458514,-2.101837869777077,1.4718131749617083,-1.4749015854392593,2.040751857947251,0.24070928874176553,-1.0764843914814677,-0.6904554807769281,-0.23606557602025935,0.5456380415403576,0.15248834096759303,-0.6088686577795731,1.49865544470295,-0.3430620505096827,0.43496257763761725,1.142417855396964,-0.3836485444154568,1.319383783851839,-0.9962347509494622,1.18241255678212,-0.7731082071395005,-0.558186189713151,-1.8384598695369434,-1.8778091211437336,1.230972606620108,2.6577745997739695,0.2695010222204332,0.46495810918602354
-0.7164184820955846,0.7278800282842078,-0.023662176949916836,-0.3776152328628247,0.7143807228478835,0.023099005498029495,0.661551358061211,0.6202657105790849,0.6356617696584201,1.6910548751169598,1.0715776618485295,0.37257220294858434,0.47832349587660183,1.2668706590810366,0.7282343801970068,1.4244043381539813,-0.9328508561772239,1.3188833050763855,-1.1144842523035998,0.9357623267915716,-1.5652366385029868,-0.42534330780047147,0.9907390108967414,0.7535636716958192,0.41594287051262196,0.010902823848267261,-0.004582848355149022,0.5903731038723595,-0.9440803597359724,0.31235106180432004,-0.040431112204702704,-0.5983152219947558,0.24355424166433298,-0.870677510825712,0.9244248344418645,-0.7731082071395005,1.003453257670949,0.4519712292929571,0.9259140798503955,1.1993708299205237,-1.0506935992405813,-1.8949433319718538,0.0535593099920242,-0.30927519035736245
-0.7572207776695823,1.1644132876891433,-0.1962157181047121,-0.026462249614378996,0.8864531660324753,-0.5881098143651402,1.0853932700688227,0.5879093923764023,0.9023749473788334,1.7354575892934363,0.9542102126752878,0.5613401031643286,0.8703984474470146,1.3860393092634589,0.8513899315709276,1.343701012497821,-1.0956527642870004,1.409041329516528,-1.2396264434946787,1.4614327238833646,-2.082107511462071,-0.2564346793516444,0.5615684988263983,0.29801078537122555,0.5273424335393968,-0.19952928080287838,0.19080744833112892,0.3438793822848258,-1.4067071895947003,0.5597524420776939,-0.17727168051091519,-0.9817198633016806,0.5294980241950443,-1.0504312487602623,0.9772301139481484,-0.558186189713151,0.4519712292929571,0.9094782145009792,1.7481219773492576,1.5471418646185575,-1.0593593165495199,-1.99407173996687,0.18766210852734413,-0.4327462955476844
-1.6937026362365761,2.79229200910085,-0.6078975302346117,0.800777839194745,2.5384919657481313,-2.378363133783358,3.092537387810685,1.373799055653373,2.4337081897031614,5.787064298870833,3.094163128048342,2.5469124066305753,3.38999309001215,4.247141222365653,3.213320341264738,3.351925015458809,-3.0471218444758437,5.272884817118232,-3.8987937331797853,3.526034917069373,-4.319906141200559,-0.4871971820246798,1.9745262233840255,1.0083254335084546,0.8723755316243965,-0.9224144187659967,0.023321303082330446,1.4621067169971569,-4.0761778716756645,2.068969034339632,-1.064331177872193,-3.5773923676933177,0.9928887432143146,-3.0098838854748036,2.206158635793714,-1.8384598695369434,0.9259140798503955,1.7481219773492576,5.855277167806648,4.488846605070184,-2.7284179750336133,-5.359259699407613,0.061601696776341086,-1.5256472873108975
-1.65909488185223,2.616307730495117,-0.7076871139379467,0.2609857046634497,2.354866969170644,-1.851456763725274,2.668513781523495,1.520870131498938,2.2784876586488214,5.791714961185797,3.211861920102944,1.884497755704071,2.9811790991150358,4.2096891965166074,2.985147327875185,3.6692337000830317,-2.754363284324838,4.666542306477733,-3.765782999427625,3.6861755899673274,-4.581762227472129,-0.6677915525043788,2.2115566841730936,1.264463358451386,0.8034355380762274,-0.53638046795265,-0.22778486344751092,1.2695692987428826,-3.3619619230239826,1.4374126000483232,-1.221072427678102,-2.651661537008001,0.8450853767348407,-3.1923296578618627,1.7840617954570337,-1.8778091211437336,1.1993708299205237,1.5471418646185575,4.488846605070184,4.501881832568483,-2.9753023853099854,-5.163225975972538,-0.049148144645806115,-1.127348526568544
1.2817909638656495,-1.8626983409877214,0.43229621115069544,0.17978608775376792,-1.7434978950035993,0.9565541601290658,-1.7159357020027288,-1.1030262059620954,-1.6413605289273718,-3.6414204246761672,-2.2054268742257004,-1.1199057485901602,-1.908842932205528,-2.8957479125487184,-1.798542613436994,-2.7207059554467996,1.822515794405964,-2.9388837571118582,2.5895008802443296,-2.5792245205901514,3.281541796668898,0.7569219421329842,-1.5501262916518563,-0.989802451374281,-0.7156872444863449,0.1276496967208616,0.03177162580505772,-0.8625672749258709,2.183814852813339,-1.0425226128545857,0.6169630991940357,1.3191260127881257,-0.6130173590340525,2.1426964802098296,-1.376962482073154,1.230972606620108,-1.0506935992405813,-1.0593593165495199,-2.7284179750336133,-2.9753023853099854,2.2683099261998376,3.5355548506007337,-0.15202307215620242,0.7288027807295342
2.2528218312760666,-3.463862835800651,0.5072663080559101,0.36794920291762445,-2.5327821005490376,1.8208432132053174,-3.1733200129573977,-2.193493275814894,-2.716950773395612,-6.804939915429806,-4.099753632011383,-2.213210900393507,-2.836886207803238,-5.054709779598632,-3.3482793980379157,-4.555291564402619,3.4176306126952567,-5.528680571846195,4.2583708986230135,-4.465736912072464,6.004685818075363,0.9059507990104234,-2.6059025334915256,-1.6949122497612972,-0.9903781485006807,1.1148627750464497,0.0833017738574903,-1.5732355751378737,4.291733511093027,-1.4120666554292314,0.9825621955717686,3.1389583217585475,-1.3433670529861108,3.664433575443163,-2.828179678497846,2.6577745997739695,-1.8949433319718538,-1.99407173996687,-5.359259699407613,-5.163225975972538,3.5355548506007337,7.13288100491893,0.20259422892152076,1.340266205003736
-0.1488989486119007,0.0031130899895510256,0.02937532865819675,0.04459759879332619,0.4006077599055439,-9.501073965268074e-4,0.04586697098848263,-0.01777568291715741,0.15650351982812255,-0.30638647421873605,-0.22660433671242156,-0.04437478734059343,0.10143158536657759,-0.011320648198340538,-0.21301310694123163,0.15921600613717968,0.006365791982490008,-0.11650693907198777,-0.1553563760697067,0.05988004599929618,-0.16502724918175218,-0.165095930726763,-0.05977195139814649,-0.008624150866662355,0.2500930123015576,0.39857556667287736,0.25446811447271844,0.15409466717221357,-0.06931689074387289,0.34902761202326055,0.1893433130395667,0.08202523188547597,0.06982911697201727,-0.004336956211156969,0.2015678794504707,0.2695010222204332,0.0535593099920242,0.18766210852734413,0.061601696776341086,-0.049148144645806115,-0.15202307215620242,0.20259422892152076,0.4198768719801444,-0.08445759609749032
0.44057229866392467,-0.6455874620360864,0.10916622819236581,-0.24228407311572908,-0.7021839856743761,0.500506561453643,-0.7959934518829437,-0.28385081443005455,-0.603819533217462,-1.4127009872551166,-0.7597109992315207,-0.7059657342625228,-0.9113050979623077,-1.105132494714421,-0.8509759773942991,-0.8744911073963366,0.8528154498668128,-1.399261813752286,1.040264527075152,-0.7641749562984884,0.984773681028168,0.15391296864968665,-0.6133059418368151,-0.30826255638734434,-0.2906246412130755,0.12656970402725967,-0.04364520411307993,-0.474990610348238,1.0414490194009587,-0.6286707621610184,0.2147896713358222,0.919758226803754,-0.18070611379404253,0.7275013211654947,-0.6440810771664519,0.46495810918602354,-0.30927519035736245,-0.4327462955476844,-1.5256472873108975,-1.127348526568544,0.7288027807295342,1.340266205003736,-0.08445759609749032,0.4645693755233653
