V1,V2,V3,V4,V5,V6,V7,V8,V9,V10,V11,V12,V13,V14,V15,V16,V17,V18,V19,V20,V21,V22,V23,V24,V25,V26,V27,V28,V29,V30,V31,V32,V33,V34,V35,V36,V37,V38,V39,V40,V41,V42,V43,V44
0.7218655624909818,-0.0872634280471064,0.030831052433355672,0.14553280426380302,0.08640809777206544,-0.06054544587624463,0.22875015256430611,0.32010332858428825,0.16434898935802397,-0.02093150172164897,-0.49511171249920743,0.2630159020225007,-0.11601632207202717,-0.12881181667688368,-0.005470602722505562,-0.5320860363112152,-0.11368334781425493,-0.5336333878108187,-0.34035506630457535,-0.5595854390879358,-0.19467017684572419,-0.5405250192709734,0.37910816379448364,0.6884812277889977,0.30010044043663836,0.05582336428809072,0.12832908650386535,-0.06497069012160582,0.1177605756613728,-0.0986499811508257,-0.06367145708132317,0.13075849904832937,0.41925929539133633,-0.14966411279400257,0.25254890933417057,-0.3018505132492776,-0.020542296099203994,-0.4958743651853629,-0.42818746235014843,-0.18850348641663778,-0.33838264047209077,0.5877555118421884,-0.35552983099168634,1.0779310387239356
-0.0872634280471064,1.129966908168456,-0.041832619087328056,0.17932452753581712,0.3980588315607623,0.14871295586482303,0.28494945375874703,-0.28947027197568465,-0.837300282301598,-0.6694991326846544,0.49367732537474396,0.8283919145119197,0.4376252585320886,0.10320314526726079,-0.2652371890298992,0.5708060381502708,0.04783682213728167,-0.4633903472952321,-0.08311136891751415,0.4787396482564079,0.25965056828005656,1.3482953046049506,-0.8159323675959217,-0.24858726565446038,-0.5025859757432546,0.16425034832673308,-0.34911508142704023,0.040219876077366844,-0.6324799203631556,0.7522247689797652,0.641151595088152,0.3019388984019814,-0.14431858048979507,-0.13559088211370973,-0.23911395398789703,0.7309870879631443,-0.509837427547628,0.4871257350445046,0.3693944331838313,-0.08505722435145306,-0.1145601347151309,0.32736702186854083,0.6337496765365997,-0.5851686143335452
0.030831052433355672,-0.041832619087328056,1.0359574371885838,0.00390754434241067,-0.08259840565658107,-0.2892646003867535,0.717985165316006,0.22922468877521984,0.10359960889762526,0.03066121986077678,0.1187006531979293,0.23691360745224485,0.5013813982455549,-0.010598012754249011,0.3752109321576123,-0.6619715321474102,-0.21540494626889517,-0.03617606289602795,1.212299203054442,0.36887294576758606,0.14191333392792926,-0.20232771712643396,-0.06549502931311876,0.6865131383378088,0.029959187803803064,-0.18708235566346734,0.42422984768233996,0.08010628902795788,0.34206874149818317,-0.17633291758552183,-0.34956914432136865,-0.03759253212254337,0.2306269753099735,-0.1195669381052539,-0.4556433910973406,-0.4711480354445595,0.38953819231058173,-0.14532637717488275,0.04651321633649291,-0.48625701421971945,-0.380221588860487,0.32259605631335125,-0.9606786151523498,0.990644733942746
0.14553280426380302,0.17932452753581712,0.00390754434241067,0.09957906575486056,0.1109569714216522,-0.031758807334616126,0.14412561942629912,0.011677884640238589,-0.16412525422927357,-0.08079427509833975,-0.04906260673949003,0.19829505683196344,0.060903020584638964,-0.03735880868772882,0.01574881904226458,0.017474762545150752,-0.041219232020210585,-0.17240156155980946,-0.06848073830831751,-0.09404339874882121,0.018453820637398848,0.0697031270510993,0.05402085317286,0.10123344277743221,-0.020136467756242307,0.028116980330491256,-0.03664669171858758,-0.02506352078923504,-0.07814939004167207,0.03411760457639612,0.07058746214662166,0.046836143534307484,0.09714654809743305,-0.14792275746873992,-0.015283634862979817,0.08011793619255315,-0.07977596630031446,0.010172298162776615,-0.046838937800994254,-0.09541447775339529,-0.10066681808160713,0.188255878492778,0.04141981801881195,0.0569365161831844
0.08640809777206544,0.3980588315607623,-0.08259840565658107,0.1109569714216522,0.4794428696621797,-0.12173900859258657,0.2252271663974565,-0.050055683897892486,-0.5991010634655786,-0.3265734883434749,-0.24480449172711743,-0.05055288826251451,0.12461372335077778,-0.23741742311174377,-0.20998822363854025,0.48172089175607075,-0.025724406280736207,-0.011485104720123636,-0.5071340673315555,-0.2772842330528815,-0.08100351159557405,0.3374790822482297,0.2606618042972178,0.03885719503921902,-0.023512636705554396,-0.10188164566755764,0.06561339886497845,-0.33380480901311044,-0.27948095400718703,-0.15629050029177932,0.5126964345361635,0.14671311069719298,-0.047580417646252725,-0.27816496959000564,0.05780668882003207,0.680779276919613,-0.10279688426733659,0.13682984695631506,-0.09831798868126483,-0.17112704666080827,-0.13969014034591667,0.17286521966266802,0.512433404747013,-0.5113934566007141
-0.06054544587624463,0.14871295586482303,-0.2892646003867535,-0.031758807334616126,-0.12173900859258657,0.7879768069693024,-0.44242378028933305,-0.2147856525118543,0.015434032654769557,-0.06244281922391965,0.7872372563401752,0.696162466264697,-0.22184862983547488,0.16480740970553856,0.307268470259551,0.47495384673440805,0.2768965155891611,-0.014579817514771361,0.6244561686637764,0.5317744781761841,0.4924809147943328,0.2651279451360858,-0.485780505643517,-0.5808277108147986,-0.4992399940908662,0.34052059820150304,-0.09888573139805965,0.46738411091241766,0.003565892751454816,0.5608108127191063,0.0863081330091827,-0.41250499209306835,-0.16792476962081865,-0.31274429372216644,-0.48041469772117434,-0.589048863677988,-0.4706802615082278,0.174259369692119,-0.20710525081188988,0.27217779664357783,0.17780767694540028,0.24156882871648222,0.2111851070339747,-0.11050017281602521
0.22875015256430611,0.28494945375874703,0.717985165316006,0.14412561942629912,0.2252271663974565,-0.44242378028933305,0.8616880343941661,0.24119966795575867,-0.30470706534267156,-0.1809666944611876,-0.22070516501406734,0.20120672985872937,0.5149009935339163,-0.18642151808770135,0.13176210114191922,-0.4175084573135937,-0.22916528773834757,-0.25340752327516913,0.4508546808101693,-0.08412104368564129,-0.014265499192054677,-0.013097082438980834,0.2092358204054614,0.6982207563117782,0.12575311604712205,-0.19880786205905623,0.30317426676655335,-0.16908175097865857,0.05926164496289419,-0.2284095995880159,-0.04290566026624391,0.1985617709577871,0.3059691299560106,-0.2821786298752079,-0.16565632990305856,0.14489178218387191,0.293831922370735,-0.11652154038823473,0.007078445968330116,-0.5532067216420048,-0.46872945946943695,0.4580874220771338,-0.4852668286718469,0.7323293419158773
0.32010332858428825,-0.28947027197568465,0.22922468877521984,0.011677884640238589,-0.050055683897892486,-0.2147856525118543,0.24119966795575867,0.31004181504856715,0.2762171189886296,0.120970702957024,-0.3879573080583676,-0.1563441650035232,-0.0021823713717742887,-0.1305404139784494,0.0820921366484289,-0.5594713299576226,-0.10814512151941708,-0.1505260570714944,0.02356963599749035,-0.3486143912354233,-0.19201512469897505,-0.5851486997318683,0.37786553249778737,0.5385569622222883,0.3254884232752156,-0.09716375445204549,0.26433050302421857,-0.08190861560563614,0.25110606270845226,-0.3077834687409522,-0.2433057706823508,0.0652997999685521,0.27982100262958304,-0.020428078222714054,0.1583529454275171,-0.24772070459617865,0.2743677903851236,-0.3824733457180839,-0.21458281115781322,-0.19409898584097734,-0.22176043676950205,0.22671156481444843,-0.48630704583617684,0.8758510563523096
0.16434898935802397,-0.837300282301598,0.10359960889762526,-0.16412525422927357,-0.5991010634655786,0.015434032654769557,-0.30470706534267156,0.2762171189886296,1.0387021065625262,0.5185190894828154,-0.12057877717893614,-0.25446449253646797,-0.3327886116745989,0.17437993372138758,0.20009654395541215,-0.9395345275210989,-0.028718620909984376,-0.046985027383558364,0.328386058998372,-0.039486373941928686,-0.16545750442902615,-0.9336975209420838,0.03085914649204298,0.3047481192724353,0.3449810853138572,0.053999904470705545,0.1290595988713481,0.272566504368796,0.5121912033913076,-0.10693246038572002,-0.7420185563959777,-0.11896737631463032,0.2065634258729963,0.4426933962125413,0.21645138619274884,-0.938783059981979,0.3145569281080089,-0.5357936938430122,-0.11523367188708834,0.1622397543752272,0.07827015470818992,-0.13611875582589822,-0.8698569784537317,1.1552901127706954
-0.02093150172164897,-0.6694991326846544,0.03066121986077678,-0.08079427509833975,-0.3265734883434749,-0.06244281922391965,-0.1809666944611876,0.120970702957024,0.5185190894828154,0.5896357096828155,-0.11829552313914153,-0.35213214061142206,-0.2819139180569158,-0.032309531648605706,0.4229585976681155,-0.26396505375433604,-0.03589051231748106,0.35636296170754095,0.3463976432299894,-0.23705712328073744,5.693494645602423e-4,-0.9157043563208107,0.594577139092701,-0.019247565859742074,0.21622729703692722,-0.05954207994686337,0.14214580335630878,0.0992594134941853,0.4474083457926906,-0.49638459606036023,-0.5622601718876377,-0.3712531599525112,0.12071695841769244,-0.11404868012737497,-0.06322710477134688,-0.6032520438527154,0.27383233665274953,-0.17205121022168965,-0.21080872967951003,0.011704929157709154,0.11960909656211084,-0.20703516412556475,-0.41068059528189965,0.16822843253950387
-0.49511171249920743,0.49367732537474396,0.1187006531979293,-0.04906260673949003,-0.24480449172711743,0.7872372563401752,-0.22070516501406734,-0.3879573080583676,-0.12057877717893614,-0.11829552313914153,1.48640529353245,1.082606982369837,0.15938430697592615,0.3716567862434621,0.5721963098626054,0.5405674324841141,0.2715025567909546,0.010359490236737021,1.6190145292921634,1.2943454552614857,0.852169887630902,0.8688081554812925,-1.1316402127111331,-0.8548502676086569,-0.8675024766324412,0.3779131717084789,-0.17198508323037864,0.7282627273053681,-0.06422811065494298,0.922642799636419,-0.08055722345434263,-0.4689048884662224,-0.2830501458112891,-0.3071839508988432,-0.9572958117394856,-0.5866699807278968,-0.4432118444456028,0.5228400993662436,0.242241074576643,0.15452795064156533,0.22647479553780178,0.16785614667406135,0.02332049806209294,-0.2816355652511862
0.2630159020225007,0.8283919145119197,0.23691360745224485,0.19829505683196344,-0.05055288826251451,0.696162466264697,0.20120672985872937,-0.1563441650035232,-0.25446449253646797,-0.35213214061142206,1.082606982369837,1.893655949595606,0.34977549426895016,0.3975653089036913,0.4782783388850577,0.09496112943038112,0.05220221991736659,-0.7690453300059894,1.244599241370124,0.8724040065274575,0.8316127310788454,0.7478192509187855,-1.0714965780343986,-6.336128721470164e-4,-0.7525845768528932,0.500561348956875,-0.33065644093261676,0.701228205060617,-0.1504302505322527,1.1294017126512255,0.06693432044267436,-0.23150463599048213,0.18458497267098795,-0.4925729002388613,-0.877084470744036,-0.8878211944765958,-0.8112682904439904,0.24697377717990412,-0.04279286132089711,-0.11001578607237637,-0.1829990643748201,0.8678245793691584,-0.23082872379629718,0.5844999263426564
-0.11601632207202717,0.4376252585320886,0.5013813982455549,0.060903020584638964,0.12461372335077778,-0.22184862983547488,0.5149009935339163,-0.0021823713717742887,-0.3327886116745989,-0.2819139180569158,0.15938430697592615,0.34977549426895016,0.5478732271550493,0.06816158471049268,-0.02261598118935177,-0.11221204557968505,-0.13879909132446755,-0.16337685207206198,0.43202500289367535,0.345612018503797,0.14538705633750398,0.505482456138444,-0.38410724464585577,0.30180601383209615,-0.1467848586699318,-0.08329894406939974,-0.0038177555285900952,-0.01679610246790794,-0.12530985816263712,0.18610852214866927,0.11804644533203813,0.19297858874453266,0.04539429852417007,-0.0064776885917303215,-0.26242847401602254,0.16361217867664732,-0.0023432625777080086,0.18817087915576253,0.2859320869907958,-0.2705294409864088,-0.1997768966370663,0.13094042322745003,-0.18345499143241073,0.10922575997993876
-0.12881181667688368,0.10320314526726079,-0.010598012754249011,-0.03735880868772882,-0.23741742311174377,0.16480740970553856,-0.18642151808770135,-0.1305404139784494,0.17437993372138758,-0.032309531648605706,0.3716567862434621,0.3975653089036913,0.06816158471049268,0.36919646227656866,-0.08797486574425606,-0.13222795116284247,0.017750651955946342,-0.1804055399806784,0.18242686777820155,0.4517140620377446,0.14291543604194207,0.3831405113561432,-0.703250754975414,-0.10201838797005752,-0.20783524229992026,0.16730330046320457,-0.3413783104875415,0.2621379701074225,-0.09798387686514844,0.5336662753805208,-0.08524998398081296,0.0674684421720116,-0.0687655372494962,0.3728958464996785,-0.07625204389507585,-0.2794676344292653,-0.2668954429985517,0.13815435792948164,0.29334653713935344,0.211310448303363,0.15920923511949137,-0.14191227196234862,-0.10461158076341845,-0.028140836856451284
-0.005470602722505562,-0.2652371890298992,0.3752109321576123,0.01574881904226458,-0.20998822363854025,0.307268470259551,0.13176210114191922,0.0820921366484289,0.20009654395541215,0.4229585976681155,0.5721963098626054,0.4782783388850577,-0.02261598118935177,-0.08797486574425606,1.020475200060123,0.023608425308471282,0.03340867192361162,0.2436965138142815,1.5832771345495997,0.2621422049461522,0.5745023893589569,-0.6837160462488074,0.38488359121629534,-0.12840596371266633,-0.2293992623273026,0.0850727599585416,0.3744918655337387,0.42089276207786264,0.5213550373762075,-0.24979384487974252,-0.5492483479134078,-0.7322734725167401,0.1992030990121493,-0.8452582691399572,-0.8296386974572015,-1.0093803111114157,0.10264486976338763,-0.01338645212425557,-0.42207108646398545,-0.2788854951383003,-0.07377959359693566,0.3938499012184581,-0.5728060010393133,0.4799589601211016
-0.5320860363112152,0.5708060381502708,-0.6619715321474102,0.017474762545150752,0.48172089175607075,0.47495384673440805,-0.4175084573135937,-0.5594713299576226,-0.9395345275210989,-0.26396505375433604,0.5405674324841141,0.09496112943038112,-0.11221204557968505,-0.13222795116284247,0.023608425308471282,1.7410493434878802,0.28294369852572726,0.6083546226592786,-0.23755906223325624,0.18497707720625634,0.4356871051611027,0.8385852483886748,0.06321606542409658,-1.1932219167762592,-0.6145693173805092,0.08724399668283948,-0.22456377005080003,-0.08853707562077695,-0.45751980131740166,0.08853861351360373,0.7834040262812705,-0.3922252354890394,-0.5592553421264507,-0.6289357466902997,-0.43571611414856365,0.7383859821048533,-0.5477648796793199,0.7879823272511839,-0.05180172411814948,0.20442422588638468,0.38010034281474225,-0.24008750870809764,1.4163673512214612,-2.1771739045005845
-0.11368334781425493,0.04783682213728167,-0.21540494626889517,-0.041219232020210585,-0.025724406280736207,0.2768965155891611,-0.22916528773834757,-0.10814512151941708,-0.028718620909984376,-0.03589051231748106,0.2715025567909546,0.05220221991736659,-0.13879909132446755,0.017750651955946342,0.03340867192361162,0.28294369852572726,0.16968558619664081,0.08371509546214626,0.08608852109561677,0.17328429011063567,0.11060724833590645,0.17234883556995798,-0.15476515573318908,-0.36390769289593455,-0.16948662862721017,0.09431428530311542,-0.0266752112058475,0.1180009381346741,-0.05318637382361288,0.1745783928662026,0.0708330499451041,-0.1216548464709517,-0.14269096702755807,-0.057833340884520294,-0.07401282370061607,-0.004071844190623481,-0.10267971786816003,0.09933484622806366,-0.027393966567431052,0.15880956732459106,0.13299457507701434,-0.017356447845151838,0.22522491653778728,-0.21003401568866903
-0.5336333878108187,-0.4633903472952321,-0.03617606289602795,-0.17240156155980946,-0.011485104720123636,-0.014579817514771361,-0.25340752327516913,-0.1505260570714944,-0.046985027383558364,0.35636296170754095,0.010359490236737021,-0.7690453300059894,-0.16337685207206198,-0.1804055399806784,0.2436965138142815,0.6083546226592786,0.08371509546214626,0.9932890516541931,0.22311592769680846,-0.06176665331835595,0.07004620971592285,-0.40085734773985626,0.6551978231201663,-0.5182951281923339,-0.00773555908866357,-0.24561250988931282,0.2283420231117459,-0.14992467324766817,0.246948882016008,-0.689001780102385,-0.03129911921545088,-0.46337567838877325,-0.31994172966775253,-0.24405304972953684,-0.25315571061661707,0.033697055535308044,0.24427962627785801,0.2853702469279755,-0.10640108582745934,0.07950777350442906,0.2908133359056538,-0.5719493059678307,0.2815496180998876,-1.112141094103597
-0.34035506630457535,-0.08311136891751415,1.212299203054442,-0.06848073830831751,-0.5071340673315555,0.6244561686637764,0.4508546808101693,0.02356963599749035,0.328386058998372,0.3463976432299894,1.6190145292921634,1.244599241370124,0.43202500289367535,0.18242686777820155,1.5832771345495997,-0.23755906223325624,0.08608852109561677,0.22311592769680846,3.536348458113299,1.4537006293137356,1.1810147156461397,-0.26090091036397034,-0.5414397622453415,-0.15586266136631996,-0.7296900891081135,0.19056535722449708,0.6069503616529861,0.969485729692214,0.753751189670532,0.27984517517303586,-0.9083600927149597,-1.003389034326165,0.16024951926390568,-0.9657312437877521,-1.6862872667714304,-1.7795203385112401,0.1661407414423716,0.1363904518505272,-0.19705184484479454,-0.45345134597814596,-0.16751694149324767,0.6605985663819764,-1.349731602246119,1.2179962698079227
-0.5595854390879358,0.4787396482564079,0.36887294576758606,-0.09404339874882121,-0.2772842330528815,0.5317744781761841,-0.08412104368564129,-0.3486143912354233,-0.039486373941928686,-0.23705712328073744,1.2943454552614857,0.8724040065274575,0.345612018503797,0.4517140620377446,0.2621422049461522,0.18497707720625634,0.17328429011063567,-0.06176665331835595,1.4537006293137356,1.413802649637035,0.6368314075523023,1.0556715353243555,-1.4134410095714887,-0.5444995387554045,-0.7393075567354099,0.26162745547117033,-0.1732178573948399,0.6085664420082931,-0.1200265287878292,0.9720577671007277,-0.062152978498761696,-0.17105262851739986,-0.3091537378767485,0.1385770709473707,-0.7402658030939067,-0.40666654214864034,-0.2865054643139983,0.4525964187348951,0.4943690236693012,0.1458080263062881,0.16799075373866557,-0.003665914930378592,-0.18643625584093995,-0.07205402743559812
-0.19467017684572419,0.25965056828005656,0.14191333392792926,0.018453820637398848,-0.08100351159557405,0.4924809147943328,-0.014265499192054677,-0.19201512469897505,-0.16545750442902615,5.693494645602423e-4,0.852169887630902,0.8316127310788454,0.14538705633750398,0.14291543604194207,0.5745023893589569,0.4356871051611027,0.11060724833590645,0.07004620971592285,1.1810147156461397,0.6368314075523023,0.6918580287145224,0.2650105454009111,-0.3594083644208679,-0.4005210500246921,-0.5427863385757701,0.2177535668957946,-0.03213196565181337,0.4435244222790703,0.08412411682572472,0.3775567071122306,-0.05949012115517218,-0.47485863258782723,-0.06271584424196135,-0.5448116692306119,-0.7898371488154308,-0.6089360916670683,-0.33179293480673394,0.3114684967768258,-0.09052266422933096,-0.04154759542243599,0.06547047957824412,0.2548789421142629,-0.029359971401372875,-0.1487508141026243
-0.5405250192709734,1.3482953046049506,-0.20232771712643396,0.0697031270510993,0.3374790822482297,0.2651279451360858,-0.013097082438980834,-0.5851486997318683,-0.9336975209420838,-0.9157043563208107,0.8688081554812925,0.7478192509187855,0.505482456138444,0.3831405113561432,-0.6837160462488074,0.8385852483886748,0.17234883556995798,-0.40085734773985626,-0.26090091036397034,1.0556715353243555,0.2650105454009111,2.2321979541587487,-1.659992537399708,-0.6991675404607104,-0.7632096387255645,0.225491538361067,-0.6527619833763089,0.08386690166652168,-0.9651229435739416,1.287390109345215,0.8748880892777631,0.5410747387013959,-0.5259975883014856,0.44810047651552576,-0.11269237798070923,1.1609480325216393,-0.6526150927837987,0.7979248774419597,0.8785598937191952,0.25464407028653874,0.17865310573853724,-0.13069892264341487,0.9871539642292291,-1.2325918544109795
0.37910816379448364,-0.8159323675959217,-0.06549502931311876,0.05402085317286,0.2606618042972178,-0.485780505643517,0.2092358204054614,0.37786553249778737,0.03085914649204298,0.594577139092701,-1.1316402127111331,-1.0714965780343986,-0.38410724464585577,-0.703250754975414,0.38488359121629534,0.06321606542409658,-0.15476515573318908,0.6551978231201663,-0.5414397622453415,-1.4134410095714887,-0.3594083644208679,-1.659992537399708,2.132569893731149,0.38917666293198877,0.6852567531882986,-0.4226640567604419,0.617883048621623,-0.5664042442889086,0.5391991696105749,-1.5869893522658622,-0.1933843269984593,-0.3898086031393187,0.31003303692728,-0.7830169267249364,0.21963633841329697,0.016573628475842168,0.5749977586510644,-0.38624469787361093,-0.8356168029182921,-0.3745169225492471,-0.18531948357672964,0.04387206530872358,-0.02762635534646385,-0.054712318045895145
0.6884812277889977,-0.24858726565446038,0.6865131383378088,0.10123344277743221,0.03885719503921902,-0.5808277108147986,0.6982207563117782,0.5385569622222883,0.3047481192724353,-0.019247565859742074,-0.8548502676086569,-6.336128721470164e-4,0.30180601383209615,-0.10201838797005752,-0.12840596371266633,-1.1932219167762592,-0.36390769289593455,-0.5182951281923339,-0.15586266136631996,-0.5444995387554045,-0.4005210500246921,-0.6991675404607104,0.38917666293198877,1.4400677395668167,0.5567928208411405,-0.22816866470132413,0.3203794701855112,-0.25719069894383945,0.28721845030214976,-0.37395481778806866,-0.20666160136784115,0.38057608183054276,0.5638732639968326,0.1998514311446705,0.3143327842516447,-0.35900483752277573,0.31860774147891774,-0.6240160717363099,-0.2326261857060043,-0.44676775072949493,-0.5456256847513222,0.4775227761699182,-0.9786959844090378,1.6125376814320602
0.30010044043663836,-0.5025859757432546,0.029959187803803064,-0.020136467756242307,-0.023512636705554396,-0.4992399940908662,0.12575311604712205,0.3254884232752156,0.3449810853138572,0.21622729703692722,-0.8675024766324412,-0.7525845768528932,-0.1467848586699318,-0.20783524229992026,-0.2293992623273026,-0.6145693173805092,-0.16948662862721017,-0.00773555908866357,-0.7296900891081135,-0.7393075567354099,-0.5427863385757701,-0.7632096387255645,0.6852567531882986,0.5567928208411405,0.6253673522851548,-0.22853571626123367,0.2018976365608012,-0.3538386775055349,0.19766865084690227,-0.6082403395084205,-0.22102453699134322,0.26125120749107406,0.23603009877342696,0.2575009608837322,0.595319557077793,0.15050020344057566,0.449540344349329,-0.4675515773404336,-0.1344790048842655,-0.09888717145147821,-0.14618102045551878,-0.11909848653343652,-0.3015859775621015,0.5612657354138467
0.05582336428809072,0.16425034832673308,-0.18708235566346734,0.028116980330491256,-0.10188164566755764,0.34052059820150304,-0.19880786205905623,-0.09716375445204549,0.053999904470705545,-0.05954207994686337,0.3779131717084789,0.500561348956875,-0.08329894406939974,0.16730330046320457,0.0850727599585416,0.08724399668283948,0.09431428530311542,-0.24561250988931282,0.19056535722449708,0.26162745547117033,0.2177535668957946,0.225491538361067,-0.4226640567604419,-0.22816866470132413,-0.22853571626123367,0.2513024000763966,-0.19574751965193368,0.2756025318944763,-0.0837606226981918,0.45415481470854424,-0.01466179695028875,-0.07921614839792071,-0.009193469418351976,-0.04530142964911479,-0.13440333095418952,-0.26805707866291817,-0.2928132195933564,0.0415471716183117,0.0011001977032076941,0.14273624846566776,0.06935116559920342,0.1554504099828817,0.062193593419205634,0.09734524515639593
0.12832908650386535,-0.34911508142704023,0.42422984768233996,-0.03664669171858758,0.06561339886497845,-0.09888573139805965,0.30317426676655335,0.26433050302421857,0.1290595988713481,0.14214580335630878,-0.17198508323037864,-0.33065644093261676,-0.0038177555285900952,-0.3413783104875415,0.3744918655337387,-0.22456377005080003,-0.0266752112058475,0.2283420231117459,0.6069503616529861,-0.1732178573948399,-0.03213196565181337,-0.6527619833763089,0.617883048621623,0.3203794701855112,0.2018976365608012,-0.19574751965193368,0.651696609688678,-0.09736577266509111,0.3941903665431404,-0.5870700809965732,-0.2020523163964952,-0.21747567602293022,0.15103070569043678,-0.3983264063886565,-0.1662621885460878,-0.2204621656012324,0.465132556936896,-0.31704199129187843,-0.3955051231951635,-0.32428497289094455,-0.2448275957825701,0.2906848826586026,-0.461843423716268,0.7222043656143723
-0.06497069012160582,0.040219876077366844,0.08010628902795788,-0.02506352078923504,-0.33380480901311044,0.46738411091241766,-0.16908175097865857,-0.08190861560563614,0.272566504368796,0.0992594134941853,0.7282627273053681,0.701228205060617,-0.01679610246790794,0.2621379701074225,0.42089276207786264,-0.08853707562077695,0.1180009381346741,-0.14992467324766817,0.969485729692214,0.6085664420082931,0.4435244222790703,0.08386690166652168,-0.5664042442889086,-0.25719069894383945,-0.3538386775055349,0.2756025318944763,-0.09736577266509111,0.537540669914758,0.1438509774663266,0.5164502720620903,-0.303029291777423,-0.3091736025990632,0.0161297899907147,-0.11757918973971009,-0.47193287002240203,-0.7695152237933515,-0.21997880345049478,0.06174461044725301,0.008500165873360485,0.10431332081947903,0.08521593597983185,0.19448474514639622,-0.3220741976095949,0.40527600992365503
0.1177605756613728,-0.6324799203631556,0.34206874149818317,-0.07814939004167207,-0.27948095400718703,0.003565892751454816,0.05926164496289419,0.25110606270845226,0.5121912033913076,0.4474083457926906,-0.06422811065494298,-0.1504302505322527,-0.12530985816263712,-0.09798387686514844,0.5213550373762075,-0.45751980131740166,-0.05318637382361288,0.246948882016008,0.753751189670532,-0.1200265287878292,0.08412411682572472,-0.9651229435739416,0.5391991696105749,0.28721845030214976,0.19766865084690227,-0.0837606226981918,0.3941903665431404,0.1438509774663266,0.570769418951395,-0.4717055292137769,-0.5284508657793187,-0.38192236024610404,0.211209688473794,-0.2462650134949604,-0.2354356618004636,-0.8375551273275573,0.33388929049689986,-0.31668009197015357,-0.36142415441783143,-0.1468694334403404,-0.08538718968520394,0.10790790320787302,-0.7031352456546994,0.7753586784870193
-0.0986499811508257,0.7522247689797652,-0.17633291758552183,0.03411760457639612,-0.15629050029177932,0.5608108127191063,-0.2284095995880159,-0.3077834687409522,-0.10693246038572002,-0.49638459606036023,0.922642799636419,1.1294017126512255,0.18610852214866927,0.5336662753805208,-0.24979384487974252,0.08853861351360373,0.1745783928662026,-0.689001780102385,0.27984517517303586,0.9720577671007277,0.3775567071122306,1.287390109345215,-1.5869893522658622,-0.37395481778806866,-0.6082403395084205,0.45415481470854424,-0.5870700809965732,0.5164502720620903,-0.4717055292137769,1.37744598746613,0.2341057397321781,0.24087316471996975,-0.1759238224857033,0.41859696138424723,-0.18025527298678767,-0.10466869921725026,-0.6498746931253019,0.28876205162847285,0.4887665213438682,0.3285396450127142,0.12802116848480682,0.18107996833519638,0.18364983715480734,0.08448182134677698
-0.06367145708132317,0.641151595088152,-0.34956914432136865,0.07058746214662166,0.5126964345361635,0.0863081330091827,-0.04290566026624391,-0.2433057706823508,-0.7420185563959777,-0.5622601718876377,-0.08055722345434263,0.06693432044267436,0.11804644533203813,-0.08524998398081296,-0.5492483479134078,0.7834040262812705,0.0708330499451041,-0.03129911921545088,-0.9083600927149597,-0.062152978498761696,-0.05949012115517218,0.8748880892777631,-0.1933843269984593,-0.20666160136784115,-0.22102453699134322,-0.01466179695028875,-0.2020523163964952,-0.303029291777423,-0.5284508657793187,0.2341057397321781,0.88787586833449,0.2582265528525184,-0.2904581781906743,0.011822704069604045,0.12956103788054105,0.8826491625394255,-0.4147980472720218,0.34899716084162286,0.08170549711023113,0.09151307451306914,0.017163016502409936,6.462078765577678e-5,0.9314932454000524,-1.0147185791217201
0.13075849904832937,0.3019388984019814,-0.03759253212254337,0.046836143534307484,0.14671311069719298,-0.41250499209306835,0.1985617709577871,0.0652997999685521,-0.11896737631463032,-0.3712531599525112,-0.4689048884662224,-0.23150463599048213,0.19297858874453266,0.0674684421720116,-0.7322734725167401,-0.3922252354890394,-0.1216548464709517,-0.46337567838877325,-1.003389034326165,-0.17105262851739986,-0.47485863258782723,0.5410747387013959,-0.3898086031393187,0.38057608183054276,0.26125120749107406,-0.07921614839792071,-0.21747567602293022,-0.3091736025990632,-0.38192236024610404,0.24087316471996975,0.2582265528525184,0.7334486746377776,0.032306276612751254,0.6667682578483141,0.6585760973717666,0.7936147071679063,0.06348841957159823,-0.12050149824270118,0.4117946635414696,0.03214169647169228,-0.11857415215516123,-0.10763570166864593,0.12223193981962706,0.19107094138834607
0.41925929539133633,-0.14431858048979507,0.2306269753099735,0.09714654809743305,-0.047580417646252725,-0.16792476962081865,0.3059691299560106,0.27982100262958304,0.2065634258729963,0.12071695841769244,-0.2830501458112891,0.18458497267098795,0.04539429852417007,-0.0687655372494962,0.1992030990121493,-0.5592553421264507,-0.14269096702755807,-0.31994172966775253,0.16024951926390568,-0.3091537378767485,-0.06271584424196135,-0.5259975883014856,0.31003303692728,0.5638732639968326,0.23603009877342696,-0.009193469418351976,0.15103070569043678,0.0161297899907147,0.211209688473794,-0.1759238224857033,-0.2904581781906743,0.032306276612751254,0.3879610982241402,-0.16379167170259165,0.03909336429938788,-0.3728649704929865,0.12268633040142395,-0.3356143858117156,-0.23612463396392855,-0.24132805566020302,-0.2561099607172713,0.37527103222894104,-0.518914922101168,0.922174965939774
-0.14966411279400257,-0.13559088211370973,-0.1195669381052539,-0.14792275746873992,-0.27816496959000564,-0.31274429372216644,-0.2821786298752079,-0.020428078222714054,0.4426933962125413,-0.11404868012737497,-0.3071839508988432,-0.4925729002388613,-0.0064776885917303215,0.3728958464996785,-0.8452582691399572,-0.6289357466902997,-0.057833340884520294,-0.24405304972953684,-0.9657312437877521,0.1385770709473707,-0.5448116692306119,0.44810047651552576,-0.7830169267249364,0.1998514311446705,0.2575009608837322,-0.04530142964911479,-0.3983264063886565,-0.11757918973971009,-0.2462650134949604,0.41859696138424723,0.011822704069604045,0.6667682578483141,-0.16379167170259165,1.3104762269467385,0.7841529209447633,0.4112712549497816,0.0889262083278367,-0.11720269945756852,0.6501315458372912,0.3896184698776136,0.20417275598818171,-0.6248845418408431,-0.08790163606952249,0.0859741455771076
0.25254890933417057,-0.23911395398789703,-0.4556433910973406,-0.015283634862979817,0.05780668882003207,-0.48041469772117434,-0.16565632990305856,0.1583529454275171,0.21645138619274884,-0.06322710477134688,-0.9572958117394856,-0.877084470744036,-0.26242847401602254,-0.07625204389507585,-0.8296386974572015,-0.43571611414856365,-0.07401282370061607,-0.25315571061661707,-1.6862872667714304,-0.7402658030939067,-0.7898371488154308,-0.11269237798070923,0.21963633841329697,0.3143327842516447,0.595319557077793,-0.13440333095418952,-0.1662621885460878,-0.47193287002240203,-0.2354356618004636,-0.18025527298678767,0.12956103788054105,0.6585760973717666,0.03909336429938788,0.7841529209447633,1.1148299020630976,0.8029392437840568,0.24215896057858136,-0.3789049634268399,0.16729496468327051,0.2186698219650246,0.03240747522025204,-0.36197569706831356,0.23731006191792134,0.13532722386720342
-0.3018505132492776,0.7309870879631443,-0.4711480354445595,0.08011793619255315,0.680779276919613,-0.589048863677988,0.14489178218387191,-0.24772070459617865,-0.938783059981979,-0.6032520438527154,-0.5866699807278968,-0.8878211944765958,0.16361217867664732,-0.2794676344292653,-1.0093803111114157,0.7383859821048533,-0.004071844190623481,0.033697055535308044,-1.7795203385112401,-0.40666654214864034,-0.6089360916670683,1.1609480325216393,0.016573628475842168,-0.35900483752277573,0.15050020344057566,-0.26805707866291817,-0.2204621656012324,-0.7695152237933515,-0.8375551273275573,-0.10466869921725026,0.8826491625394255,0.7936147071679063,-0.3728649704929865,0.4112712549497816,0.8029392437840568,2.1872342782433165,0.1112530059132259,0.3644669542670631,0.5703385498186235,0.02348991267736819,0.056761585846641566,-0.4665570213039286,1.2680299991914041,-1.4873676793456787
-0.020542296099203994,-0.509837427547628,0.38953819231058173,-0.07977596630031446,-0.10279688426733659,-0.4706802615082278,0.293831922370735,0.2743677903851236,0.3145569281080089,0.27383233665274953,-0.4432118444456028,-0.8112682904439904,-0.0023432625777080086,-0.2668954429985517,0.10264486976338763,-0.5477648796793199,-0.10267971786816003,0.24427962627785801,0.1661407414423716,-0.2865054643139983,-0.33179293480673394,-0.6526150927837987,0.5749977586510644,0.31860774147891774,0.449540344349329,-0.2928132195933564,0.465132556936896,-0.21997880345049478,0.33388929049689986,-0.6498746931253019,-0.4147980472720218,0.06348841957159823,0.12268633040142395,0.0889262083278367,0.24215896057858136,0.1112530059132259,0.7540037524410629,-0.3525408880195157,-0.014464009907113455,-0.2356939533457678,-0.15378780503249792,-0.13811178242129954,-0.527024760082044,0.6254702098141326
-0.4958743651853629,0.4871257350445046,-0.14532637717488275,0.010172298162776615,0.13682984695631506,0.174259369692119,-0.11652154038823473,-0.3824733457180839,-0.5357936938430122,-0.17205121022168965,0.5228400993662436,0.24697377717990412,0.18817087915576253,0.13815435792948164,-0.01338645212425557,0.7879823272511839,0.09933484622806366,0.2853702469279755,0.1363904518505272,0.4525964187348951,0.3114684967768258,0.7979248774419597,-0.38624469787361093,-0.6240160717363099,-0.4675515773404336,0.0415471716183117,-0.31704199129187843,0.06174461044725301,-0.31668009197015357,0.28876205162847285,0.34899716084162286,-0.12050149824270118,-0.3356143858117156,-0.11720269945756852,-0.3789049634268399,0.3644669542670631,-0.3525408880195157,0.6581019617578145,0.32050761815702755,0.12175381565544305,0.2398795615040787,-0.2712376599809856,0.6183877584912325,-1.3019586242643795
-0.42818746235014843,0.3693944331838313,0.04651321633649291,-0.046838937800994254,-0.09831798868126483,-0.20710525081188988,0.007078445968330116,-0.21458281115781322,-0.11523367188708834,-0.21080872967951003,0.242241074576643,-0.04279286132089711,0.2859320869907958,0.29334653713935344,-0.42207108646398545,-0.05180172411814948,-0.027393966567431052,-0.10640108582745934,-0.19705184484479454,0.4943690236693012,-0.09052266422933096,0.8785598937191952,-0.8356168029182921,-0.2326261857060043,-0.1344790048842655,0.0011001977032076941,-0.3955051231951635,0.008500165873360485,-0.36142415441783143,0.4887665213438682,0.08170549711023113,0.4117946635414696,-0.23612463396392855,0.6501315458372912,0.16729496468327051,0.5703385498186235,-0.014464009907113455,0.32050761815702755,0.7442642871997037,0.15681860876687137,0.15435397596862946,-0.45129105118439233,0.16422548178904395,-0.49826825393725044
-0.18850348641663778,-0.08505722435145306,-0.48625701421971945,-0.09541447775339529,-0.17112704666080827,0.27217779664357783,-0.5532067216420048,-0.19409898584097734,0.1622397543752272,0.011704929157709154,0.15452795064156533,-0.11001578607237637,-0.2705294409864088,0.211310448303363,-0.2788854951383003,0.20442422588638468,0.15880956732459106,0.07950777350442906,-0.45345134597814596,0.1458080263062881,-0.04154759542243599,0.25464407028653874,-0.3745169225492471,-0.44676775072949493,-0.09888717145147821,0.14273624846566776,-0.32428497289094455,0.10431332081947903,-0.1468694334403404,0.3285396450127142,0.09151307451306914,0.03214169647169228,-0.24132805566020302,0.3896184698776136,0.2186698219650246,0.02348991267736819,-0.2356939533457678,0.12175381565544305,0.15681860876687137,0.4516924803536241,0.32812478601057915,-0.3759590998161652,0.3633907280637217,-0.4897365841901707
-0.33838264047209077,-0.1145601347151309,-0.380221588860487,-0.10066681808160713,-0.13969014034591667,0.17780767694540028,-0.46872945946943695,-0.22176043676950205,0.07827015470818992,0.11960909656211084,0.22647479553780178,-0.1829990643748201,-0.1997768966370663,0.15920923511949137,-0.07377959359693566,0.38010034281474225,0.13299457507701434,0.2908133359056538,-0.16751694149324767,0.16799075373866557,0.06547047957824412,0.17865310573853724,-0.18531948357672964,-0.5456256847513222,-0.14618102045551878,0.06935116559920342,-0.2448275957825701,0.08521593597983185,-0.08538718968520394,0.12802116848480682,0.017163016502409936,-0.11857415215516123,-0.2561099607172713,0.20417275598818171,0.03240747522025204,0.056761585846641566,-0.15378780503249792,0.2398795615040787,0.15435397596862946,0.32812478601057915,0.3700064084454086,-0.4480324408008077,0.36498595622065155,-0.7679221879566747
0.5877555118421884,0.32736702186854083,0.32259605631335125,0.188255878492778,0.17286521966266802,0.24156882871648222,0.4580874220771338,0.22671156481444843,-0.13611875582589822,-0.20703516412556475,0.16785614667406135,0.8678245793691584,0.13094042322745003,-0.14191227196234862,0.3938499012184581,-0.24008750870809764,-0.017356447845151838,-0.5719493059678307,0.6605985663819764,-0.003665914930378592,0.2548789421142629,-0.13069892264341487,0.04387206530872358,0.4775227761699182,-0.11909848653343652,0.1554504099828817,0.2906848826586026,0.19448474514639622,0.10790790320787302,0.18107996833519638,6.462078765577678e-5,-0.10763570166864593,0.37527103222894104,-0.6248845418408431,-0.36197569706831356,-0.4665570213039286,-0.13811178242129954,-0.2712376599809856,-0.45129105118439233,-0.3759590998161652,-0.4480324408008077,0.974829216767976,-0.40325101595661594,1.1670279387559548
-0.35552983099168634,0.6337496765365997,-0.9606786151523498,0.04141981801881195,0.512433404747013,0.2111851070339747,-0.4852668286718469,-0.48630704583617684,-0.8698569784537317,-0.41068059528189965,0.02332049806209294,-0.23082872379629718,-0.18345499143241073,-0.10461158076341845,-0.5728060010393133,1.4163673512214612,0.22522491653778728,0.2815496180998876,-1.349731602246119,-0.18643625584093995,-0.029359971401372875,0.9871539642292291,-0.02762635534646385,-0.9786959844090378,-0.3015859775621015,0.062193593419205634,-0.461843423716268,-0.3220741976095949,-0.7031352456546994,0.18364983715480734,0.9314932454000524,0.12223193981962706,-0.518914922101168,-0.08790163606952249,0.23731006191792134,1.2680299991914041,-0.527024760082044,0.6183877584912325,0.16422548178904395,0.3633907280637217,0.36498595622065155,-0.40325101595661594,1.6100340624766056,-2.0698495472884733
1.0779310387239356,-0.5851686143335452,0.990644733942746,0.0569365161831844,-0.5113934566007141,-0.11050017281602521,0.7323293419158773,0.8758510563523096,1.1552901127706954,0.16822843253950387,-0.2816355652511862,0.5844999263426564,0.10922575997993876,-0.028140836856451284,0.4799589601211016,-2.1771739045005845,-0.21003401568866903,-1.112141094103597,1.2179962698079227,-0.07205402743559812,-0.1487508141026243,-1.2325918544109795,-0.054712318045895145,1.6125376814320602,0.5612657354138467,0.09734524515639593,0.7222043656143723,0.40527600992365503,0.7753586784870193,0.08448182134677698,-1.0147185791217201,0.19107094138834607,0.922174965939774,0.0859741455771076,0.13532722386720342,-1.4873676793456787,0.6254702098141326,-1.3019586242643795,-0.49826825393725044,-0.4897365841901707,-0.7679221879566747,1.1670279387559548,-2.0698495472884733,3.888823086703757
