V1,V2,V3,V4,V5,V6,V7,V8,V9,V10,V11,V12,V13,V14,V15,V16,V17,V18,V19,V20,V21,V22,V23,V24,V25,V26,V27,V28,V29,V30,V31,V32,V33,V34,V35,V36,V37,V38,V39,V40,V41,V42,V43,V44
0.2338508242962975,-0.1115530963171834,0.1591883045622658,0.048889362401721224,0.03965429782273381,0.006286911412761906,0.10219096679181465,0.12941809141721466,0.06637347971186881,0.2014575513186014,-0.21541790487839652,-0.18640217355273175,-0.21129567059088245,-0.20193097925810533,0.1622916195217444,-0.20225815906968583,-0.019704440765122875,0.15874852523152508,0.01486907701367269,-0.32001709697004577,-0.22916753982660631,-0.5196148006240426,0.5623380531523722,0.10852521871166095,0.2235857235656609,-0.11886239140234472,0.2471176562590053,-0.08065177006153729,0.2086658121575403,-0.4567840888085667,-0.14807749714640364,-0.10366531259518205,0.10480215639923579,-0.30484548866504485,-0.09373349589537652,-0.10369472451360202,0.16592331963330104,-0.10072309301339188,-0.23748617267564345,-0.12256498981638728,-0.19935595490529615,0.24675697932991028,-0.15358641778945303,0.12358841083060688
-0.1115530963171834,4.367734154090333,-1.0466249078780177,0.6431400051424451,-0.5019763734812567,1.3059850281831502,0.039102818317018555,-0.39537347275208967,-1.233824737119132,-1.2824869113431305,0.8456792218329997,1.6141795782548694,0.6474399855338764,1.0172034770351845,-2.2482110776757085,-1.9040177188163896,0.6292082014516577,-0.9017581728940877,-2.9584202980269305,0.6742681322014437,-1.6910803891262334,3.35344836879825,-1.6736774684203573,0.21379830358359894,-0.4393442191962446,-0.39724964697164994,-1.6464215649677043,0.7061260704396016,-1.3298836603901734,1.432205994791293,1.8928882948632957,2.1253473275003,0.40278036537745787,1.4717629093391797,0.08230134502443832,1.679831995872917,-3.0820863742314644,2.6471983788270896,1.7003441995064112,2.0281820314479937,-0.12394229455149677,0.699485249008137,1.8754808547534956,-1.112012612865461
0.1591883045622658,-1.0466249078780177,0.6604504651030814,-0.1032018898572531,0.06972815670893118,-0.2661272683700048,0.3142995884167569,0.2757310459391686,0.2800791074067531,0.693021567657824,-0.33203146351141194,-0.4315585169121623,-0.21271702282320504,-0.4677259496276218,0.9464854345302371,0.15699003983560167,-0.18783571045039585,0.6765088676661078,1.1491829143587196,-0.48192020745976644,0.2805956068661174,-1.5527228379443003,1.293292948091477,0.2147182785645903,0.2602486709719219,-0.14435676051933316,0.7284561450142448,-0.1756240505917403,0.7235059289455666,-1.1074054424831745,-0.6566994198475028,-0.8624369446067404,0.151070100325353,-0.974102419616498,-0.4639904464509636,-0.8181136788961489,0.7179821935848848,-0.4638775889786583,-0.7264793332035364,-0.6478103886330587,-0.23445185275508812,0.139427456867555,-0.7331046944678085,0.34122922155168095
0.048889362401721224,0.6431400051424451,-0.1032018898572531,0.2630186435536947,-0.11848110023513962,0.22602917920067297,0.09279454814024996,-0.007809398709143927,-0.21265623073490086,-0.1104271843984461,-0.022122902591587685,0.19588124043272748,0.10850315985123726,0.05288101113085834,-0.19391341173820043,-0.48104473293908073,0.05219963010446437,0.01257279684613967,-0.3538342285977037,-0.0065111266501233014,-0.36859640400518967,0.20091340207891167,0.17963925076140713,0.15324909390365749,-0.0015888501302394212,-0.24744715605074902,-0.09374495868236289,0.15297722791713556,-0.015191057300441454,-0.10587146119582973,0.24823303391655785,0.24477626174095163,0.17959286531825153,0.0025507040135870343,-0.1319703931564664,0.15231957269659485,-0.4666946516024337,0.5359437824083942,0.08788218852627139,0.26119433404246656,-0.04639044682634454,0.21208562156011262,0.19202639215405823,-0.09580834173857865
0.03965429782273381,-0.5019763734812567,0.06972815670893118,-0.11848110023513962,0.3402679119542364,-0.25898043761410405,-0.09089045519871258,-0.08081619652111482,0.00409154893562473,-0.12946172957433771,-0.044238499334865976,-0.14338070560818986,-0.09297209599179072,-0.05081544797657147,0.006405114533033497,0.5978560570267796,-0.09685618339985727,-0.22625705629366008,0.1431343974835819,0.09300832804270777,0.28060871432833434,0.17301015978038756,-0.40014976389837625,-0.1552773611212119,-0.05850884692472567,0.23447948537626948,0.04886260801087576,-0.2678208086732559,-0.19950284599303536,0.29823181326319936,-0.06191164364687562,-0.04678835895473006,-0.2701972151027874,0.07598779995785647,0.24179693207479672,0.2119233582944548,0.4769555022422626,-0.4950621699252437,-0.02712704525105563,-0.3296609865721266,0.03313119206771943,-0.13900665868494927,-0.07214803923471963,-0.052842591592902624
0.006286911412761906,1.3059850281831502,-0.2661272683700048,0.22602917920067297,-0.25898043761410405,0.7071195357167318,-0.0363959553163369,-0.026555137802664167,-0.29324908167652747,-0.13608904486792184,0.3706435423654629,0.41399585670563127,-0.021670159821608772,0.21344393053912294,-0.41001125854693327,-0.7697121687844752,0.2936682076722859,0.0657428649359466,-0.583603075078391,0.09168447545927902,-0.601082738427957,0.6054736228213372,-0.026268472257011656,0.0072397891774849295,-0.09024344076756591,-0.25542831032094576,-0.29253301618610505,0.3416836252121036,-0.12303598376690603,0.05182460627906364,0.43219462578557255,0.3808746187909011,0.22676282152629312,0.06951060376780187,-0.3000679673262142,0.15614957653085243,-1.005074902562749,0.9806462527293509,0.26850172060411603,0.7114080953479484,-0.07969871913419047,0.4123059877099927,0.4636112417538242,-0.3376996702026984
0.10219096679181465,0.039102818317018555,0.3142995884167569,0.09279454814024996,-0.09089045519871258,-0.0363959553163369,0.5318361280554457,0.28503068814310445,-0.1306011072039636,0.2768942889776249,-0.2804003437295994,-0.15491279879052747,0.14305366296347047,-0.3082603583549549,0.407655613830781,-0.4077757943154432,-0.020003144332253964,0.4717027835176677,0.3808531409776818,-0.45927790052114564,-0.14237268023169358,-0.8346588612089626,1.1166734052350806,0.32822293464803615,0.26254706573485476,-0.32665255529649584,0.4059972522339996,-0.003218140126831205,0.4520530489258446,-0.8919024425980251,-0.23005489625482112,-0.2325254516091273,0.3837761408269237,-0.723436325885071,-0.3599936164090568,-0.33195583834551373,0.042834665319607904,0.1706810433254411,-0.36407961676129025,-0.1402436692720274,-0.26097582386785323,0.2887167520649663,-0.2310522828613247,0.3590317641198817
0.12941809141721466,-0.39537347275208967,0.2757310459391686,-0.007809398709143927,-0.08081619652111482,-0.026555137802664167,0.28503068814310445,0.41678192900539046,0.17245756592387598,0.5114401233392394,-0.3200862918635477,-0.4832562262867583,-0.08420260763053596,-0.39934318974063304,0.5694533285761888,-0.40124680166120164,0.015580932776267164,0.6137934668649802,0.49058396810676885,-0.6381889175152129,-0.10596088026845504,-1.2217030567348195,1.4012726441515722,0.4531589721457575,0.3530399157104354,-0.3937222808163186,0.6480786427759645,-0.0887965652775442,0.6744318697941944,-1.1363682490943732,-0.2901116859136872,-0.4205183861573027,0.37126892110238935,-0.6974413103166257,-0.34990921449411605,-0.5588317911048696,0.26855682823879345,-0.05861943471788794,-0.6048111561137457,-0.1716202812142913,-0.18607242954283476,0.2705097929513952,-0.4114202172653196,0.4904413539049331
0.06637347971186881,-1.233824737119132,0.2800791074067531,-0.21265623073490086,0.00409154893562473,-0.29324908167652747,-0.1306011072039636,0.17245756592387598,0.5884526731079772,0.5359385188020565,-0.19884463941157468,-0.4817252468151597,-0.30764834911922856,-0.29138917729676866,0.6878668266747914,0.32983897579805854,-0.15774355993952013,0.29314904472956027,0.811543660990898,-0.2625457594769581,0.4103646399652117,-1.1576005307345345,0.6162529503097582,-5.180723320639463e-4,0.17965234937543592,0.07877954056495841,0.5214645585898591,-0.10504708941094489,0.5200426825648323,-0.5063775699275228,-0.5492433781618152,-0.673623502645767,-0.07584886643039918,-0.3413072489414649,-0.06285547316728837,-0.626634053144152,0.8364765972612864,-0.7811096866214855,-0.518871831754355,-0.5212425187341881,0.03135051014120876,-0.1395486588139096,-0.6031373559136005,0.4421409560033797
0.2014575513186014,-1.2824869113431305,0.693021567657824,-0.1104271843984461,-0.12946172957433771,-0.13608904486792184,0.2768942889776249,0.5114401233392394,0.5359385188020565,1.231385625080172,-0.50294721488051,-0.8082839235435835,-0.44080404739909723,-0.7124082987077949,1.3255074589199853,-0.21815582298438846,-0.10527723518671273,1.2524957872290974,1.3168076456551874,-0.9505035864967994,0.10965888655873823,-2.511627469533741,2.4533144256508974,0.45671803354212176,0.5084152109637855,-0.47104183888933243,1.1563976332501336,-0.18359950137695458,1.2944674133316987,-2.020015945448247,-0.8055378592752998,-1.199022564038251,0.38446043748912617,-1.379595348154782,-0.7269797508126823,-1.2803629789734412,0.7239255203158756,-0.35241983255809267,-1.1612147105442008,-0.5574555412513863,-0.27521031760095155,0.274173650376166,-0.90364286114746,0.5048300774615562
-0.21541790487839652,0.8456792218329997,-0.33203146351141194,-0.022122902591587685,-0.044238499334865976,0.3706435423654629,-0.2804003437295994,-0.3200862918635477,-0.19884463941157468,-0.50294721488051,0.7748633852333576,0.6833821364449794,0.14609102184569947,0.4487858540796336,-0.4973642251793242,0.21251646629869753,0.17897169335133284,-0.5695902786949849,-0.27152778444155445,0.7107559151003172,0.20260333503235473,1.4268482408349146,-1.4158846114774766,-0.47989931914383605,-0.44549200676185485,0.3349394697071059,-0.6264173307747994,0.2914722939373367,-0.586650180421604,1.2087325650101133,0.4228429702019006,0.4514354533632772,-0.28696066420857635,0.6137597637868001,0.01796554961727038,0.42032546184868047,-0.48094875127433817,0.29463414206415445,0.6568136644911986,0.37479565762330647,0.17144357480158123,-0.022517270224042138,0.5057464311731318,-0.39372052272500074
-0.18640217355273175,1.6141795782548694,-0.4315585169121623,0.19588124043272748,-0.14338070560818986,0.41399585670563127,-0.15491279879052747,-0.4832562262867583,-0.4817252468151597,-0.8082839235435835,0.6833821364449794,1.2465276465926294,0.3906109291371381,0.7590647093434549,-1.0381031974125394,-0.1768665828882007,0.10942858387954293,-0.9003518704530962,-0.9655492368272514,0.9604970801384662,-0.1330898610428839,2.1239487258835377,-1.8487066849125897,-0.3490276393718923,-0.5607328125076518,0.2803650649726176,-1.140529138921795,0.3825339960173782,-0.9289212037263764,1.5917050784638078,0.6904720510618839,0.9359789505960555,-0.22275630516534528,0.9591115936771427,0.2158573589820728,0.7716039033745724,-1.226386669409373,0.8656044342386516,1.0721418529786328,0.66634759005498,0.1545285340836135,-0.012028609225939171,0.81021549792874,-0.5717025666769034
-0.21129567059088245,0.6474399855338764,-0.21271702282320504,0.10850315985123726,-0.09297209599179072,-0.021670159821608772,0.14305366296347047,-0.08420260763053596,-0.30764834911922856,-0.44080404739909723,0.14609102184569947,0.3906109291371381,0.5691814708654968,0.2836212514485162,-0.37887376854479643,-0.15816602175667496,0.02197525271063767,-0.3108212415584918,-0.3397222639504022,0.2959000334913809,0.04722106005773431,0.8085194174877721,-0.5948871895661274,0.17682081467845998,-0.1856585716088997,-0.020971648785079906,-0.3774138550512294,0.14507759818562127,-0.2943452834538622,0.5085353088381055,0.3775472345549139,0.47066249561300677,0.08179823285264413,0.42907934791658,0.06276442041760943,0.27141544481185265,-0.46098497718117065,0.3906149644800499,0.39807527603012227,0.2641192982873061,0.14103288347176665,-0.1309418368783975,0.2888467808709205,-0.030385568369505896
-0.20193097925810533,1.0172034770351845,-0.4677259496276218,0.05288101113085834,-0.05081544797657147,0.21344393053912294,-0.3082603583549549,-0.39934318974063304,-0.29138917729676866,-0.7124082987077949,0.4487858540796336,0.7590647093434549,0.2836212514485162,0.7203482720590174,-1.0481964690798942,-0.016014835043986143,0.0834875370830043,-0.7853509124777858,-1.0192576502427397,0.7451179389750754,-0.10058940159463692,1.8546889126845298,-1.794443597444428,-0.21685451792625568,-0.43279933112485086,0.29941646569532704,-1.0297578683090949,0.17587551664257298,-0.8783801453438919,1.470138231642708,0.6031645638679067,0.8388092167312053,-0.2700464764853057,1.1451136460188576,0.43799496481978273,0.6847011298375814,-0.8786361063408082,0.5347341296342425,0.9328566009043904,0.6060531769238608,0.2828038790248609,-0.2852111107821218,0.6390988762192523,-0.5842808385442394
0.1622916195217444,-2.2482110776757085,0.9464854345302371,-0.19391341173820043,0.006405114533033497,-0.41001125854693327,0.407655613830781,0.5694533285761888,0.6878668266747914,1.3255074589199853,-0.4973642251793242,-1.0381031974125394,-0.37887376854479643,-1.0481964690798942,2.207633771043235,0.4123103392092278,-0.2731765565508563,1.3924218478149248,2.482508938536463,-0.8985663036895348,0.748916365289924,-3.2678235427464766,2.835119616932775,0.2101464972628759,0.49568615571748337,-0.35410581171962585,1.7015909078726847,-0.10918478571320273,1.6522668974963135,-2.29609897266116,-1.307764509300078,-1.8037818946581499,0.32536749208275273,-1.9943162724893433,-1.0144139968574635,-1.7499552173343054,1.6178468996639654,-1.0475312654929783,-1.6847953846304318,-1.2124667240894902,-0.25833550194854205,0.2508056916222984,-1.3709723739138346,0.9348404029498258
-0.20225815906968583,-1.9040177188163896,0.15699003983560167,-0.48104473293908073,0.5978560570267796,-0.7697121687844752,-0.4077757943154432,-0.40124680166120164,0.32983897579805854,-0.21815582298438846,0.21251646629869753,-0.1768665828882007,-0.15816602175667496,-0.016014835043986143,0.4123103392092278,2.1870335427660885,-0.3225379838312073,-0.5796077223041392,1.1002708395607022,0.6509441286225851,1.4164769968150008,0.24913221003693567,-1.558765557112982,-1.034715359362549,-0.37595249882156984,1.028305328411515,-0.05427579710947632,-0.37312082525200085,-0.4567974576516034,1.237802824927769,-0.5663405979259211,-0.549255446242726,-0.992897251192191,0.22431890834274634,0.5111541039952435,0.1320858217511736,1.6228990366535925,-1.673759465073581,0.06359907183670904,-1.058787080405747,0.36864499275378326,-0.8307170950365909,-0.2953304002405263,-0.1401088835133493
-0.019704440765122875,0.6292082014516577,-0.18783571045039585,0.05219963010446437,-0.09685618339985727,0.2936682076722859,-0.020003144332253964,0.015580932776267164,-0.15774355993952013,-0.10527723518671273,0.17897169335133284,0.10942858387954293,0.02197525271063767,0.0834875370830043,-0.2731765565508563,-0.3225379838312073,0.24065541071078408,0.005250890618302395,-0.35281970764295456,0.01456276648533077,-0.3143887912767462,0.35908840118513746,-0.09732025792949761,0.043621267176156366,-0.027496480042538067,-0.09089530745785919,-0.10372892542040006,0.07550501165406324,-0.11583311786583624,0.06489637513706961,0.2602157228704649,0.26948909203112376,0.10224165875334727,0.13047844379612514,-0.04235546559657705,0.19736038960477745,-0.43420165132307426,0.41762718178071384,0.1653016206133281,0.37793961833801226,-0.024928333943249368,0.18363557554199117,0.2720168784879782,-0.09600918282564747
0.15874852523152508,-0.9017581728940877,0.6765088676661078,0.01257279684613967,-0.22625705629366008,0.0657428649359466,0.4717027835176677,0.6137934668649802,0.29314904472956027,1.2524957872290974,-0.5695902786949849,-0.9003518704530962,-0.3108212415584918,-0.7853509124777858,1.3924218478149248,-0.5796077223041392,0.005250890618302395,1.6418840238110337,1.2856095100557507,-1.1477652131432605,-0.19463349667233978,-2.7174008380199357,3.0005372112500117,0.6367095706237555,0.5801343478129821,-0.7776512417357806,1.26821896711495,-0.07728168089866429,1.4476324040067343,-2.511994921202617,-0.7141027089585066,-1.2303705624048913,0.6618040045910571,-1.6871854726362627,-1.0265360052112984,-1.4129208750857838,0.3857561418935884,0.14398752156612954,-1.306380269691674,-0.3373683038784457,-0.337245005295279,0.42632082197187404,-0.8278417345906883,0.33648157099583725
0.01486907701367269,-2.9584202980269305,1.1491829143587196,-0.3538342285977037,0.1431343974835819,-0.583603075078391,0.3808531409776818,0.49058396810676885,0.811543660990898,1.3168076456551874,-0.27152778444155445,-0.9655492368272514,-0.3397222639504022,-1.0192576502427397,2.482508938536463,1.1002708395607022,-0.35281970764295456,1.2856095100557507,3.3731955887079774,-0.5476338731318816,1.424075440860185,-3.2366568938887705,2.251623946727197,-0.09024084106338655,0.26165436153817384,-0.008538097882459348,1.744424536542629,-0.1660949994274832,1.5969317351732388,-1.8445948355959483,-1.6232042834106668,-2.1548951583875513,0.04991477655755365,-2.1085333062856155,-0.9998178794304893,-1.96060507954435,2.143348199043774,-1.529074742579032,-1.6974721766883607,-1.6059671659288575,-0.10942647285959203,-0.012719487755788976,-1.67172189256625,1.1215844486781246
-0.32001709697004577,0.6742681322014437,-0.48192020745976644,-0.0065111266501233014,0.09300832804270777,0.09168447545927902,-0.45927790052114564,-0.6381889175152129,-0.2625457594769581,-0.9505035864967994,0.7107559151003172,0.9604970801384662,0.2959000334913809,0.7451179389750754,-0.8985663036895348,0.6509441286225851,0.01456276648533077,-1.1477652131432605,-0.5476338731318816,1.2869059833413914,0.36419953653710985,2.254379841446861,-2.554846559010574,-0.6752328947325713,-0.7382387339000323,0.6581928484276288,-1.0598916841055814,0.24311416003055322,-1.1253752697490247,2.097516444787657,0.49105850681432606,0.7047571049085448,-0.5820630193266897,1.2303446035915242,0.5904629234243057,0.8522765799485048,-0.5314991210592493,0.1372620240372398,1.0172167072087324,0.3132154525790191,0.41034196676583823,-0.44438792463241383,0.6068998350546775,-0.4743023861825612
-0.22916753982660631,-1.6910803891262334,0.2805956068661174,-0.36859640400518967,0.28060871432833434,-0.601082738427957,-0.14237268023169358,-0.10596088026845504,0.4103646399652117,0.10965888655873823,0.20260333503235473,-0.1330898610428839,0.04722106005773431,-0.10058940159463692,0.748916365289924,1.4164769968150008,-0.3143887912767462,-0.19463349667233978,1.424075440860185,0.36419953653710985,1.4071610495926303,-0.34829171185291846,-0.5330875341527967,-0.5341708542572995,-0.22000636527534925,0.5761112324736927,0.22477707616053597,-0.15805293953036514,0.12873382607388661,0.520211567238221,-0.6313276769464777,-0.6610905528820618,-0.5231592894878336,-0.19341382246204433,0.0667494049088455,-0.4446705778752272,1.3450203803925134,-1.2859487486611434,-0.23248610510395606,-0.910362800099036,0.291114785275465,-0.5683826106765284,-0.5375860868143344,0.35440762670908205
-0.5196148006240426,3.35344836879825,-1.5527228379443003,0.20091340207891167,0.17301015978038756,0.6054736228213372,-0.8346588612089626,-1.2217030567348195,-1.1576005307345345,-2.511627469533741,1.4268482408349146,2.1239487258835377,0.8085194174877721,1.8546889126845298,-3.2678235427464766,0.24913221003693567,0.35908840118513746,-2.7174008380199357,-3.2366568938887705,2.254379841446861,-0.34829171185291846,6.046143285375927,-5.60232141931076,-0.9095522387209813,-1.3059001564922614,0.9956499419025915,-2.86495448049468,0.3868832836679492,-2.9383408930238777,4.63456136619845,2.0630880335393416,2.773411923035261,-0.9104922625135405,3.348166601090143,1.5652514024232673,2.8646863562215343,-2.2765231994938087,1.3095484393034524,2.8443665094465467,1.643878365481827,0.6645545157241188,-0.5727431746375011,2.222106020137553,-1.506356827356233
0.5623380531523722,-1.6736774684203573,1.293292948091477,0.17963925076140713,-0.40014976389837625,-0.026268472257011656,1.1166734052350806,1.4012726441515722,0.6162529503097582,2.4533144256508974,-1.4158846114774766,-1.8487066849125897,-0.5948871895661274,-1.794443597444428,2.835119616932775,-1.558765557112982,-0.09732025792949761,3.0005372112500117,2.251623946727197,-2.554846559010574,-0.5330875341527967,-5.60232141931076,6.6580811368271915,1.5775118284875913,1.3905672430967588,-1.8137848283028983,2.82943101714759,-0.22197435240814492,3.088733469050326,-5.343596939229118,-1.3543161065858043,-2.174320901325104,1.517518724055367,-3.4419216334794718,-1.8695042340793289,-2.565534038102686,0.9217366824049908,0.11098838973138135,-2.821062228775632,-0.8091313635239299,-0.8406912384481109,1.203346566207372,-1.6712710736897731,1.3655954683499885
0.10852521871166095,0.21379830358359894,0.2147182785645903,0.15324909390365749,-0.1552773611212119,0.0072397891774849295,0.32822293464803615,0.4531589721457575,-5.180723320639463e-4,0.45671803354212176,-0.47989931914383605,-0.3490276393718923,0.17682081467845998,-0.21685451792625568,0.2101464972628759,-1.034715359362549,0.043621267176156366,0.6367095706237555,-0.09024084106338655,-0.6752328947325713,-0.5341708542572995,-0.9095522387209813,1.5775118284875913,1.19103434393652,0.3165512246749733,-0.7538907416501133,0.5485197944345207,-0.1561819503074437,0.6507430039531716,-1.3498675831295925,0.1807943630435174,-0.08660187378646336,0.6553164790454368,-0.30769982618950475,-0.3264515454158408,-0.4744641493576059,-0.4710456288152611,0.5845128414832499,-0.51474707354621,0.21451458437938847,-0.16643297540454222,0.3355811503736223,-0.32807062550954796,0.38627505892665737
0.2235857235656609,-0.4393442191962446,0.2602486709719219,-0.0015888501302394212,-0.05850884692472567,-0.09024344076756591,0.26254706573485476,0.3530399157104354,0.17965234937543592,0.5084152109637855,-0.44549200676185485,-0.5607328125076518,-0.1856585716088997,-0.43279933112485086,0.49568615571748337,-0.37595249882156984,-0.027496480042538067,0.5801343478129821,0.26165436153817384,-0.7382387339000323,-0.22000636527534925,-1.3059001564922614,1.3905672430967588,0.3165512246749733,0.4784238808551476,-0.3197210844010966,0.5789383039581654,-0.13196394949006482,0.6171341143963458,-1.139072559052128,-0.3534585440761681,-0.3417988967137559,0.31918225750761986,-0.6899655393859765,-0.27099880692484113,-0.45819480057715234,0.39533317007641783,-0.19533902626205452,-0.557029970244564,-0.20415518980193678,-0.2633964662239143,0.2462740002611573,-0.35408724320557056,0.3385815355967427
-0.11886239140234472,-0.39724964697164994,-0.14435676051933316,-0.24744715605074902,0.23447948537626948,-0.25542831032094576,-0.32665255529649584,-0.3937222808163186,0.07877954056495841,-0.47104183888933243,0.3349394697071059,0.2803650649726176,-0.020971648785079906,0.29941646569532704,-0.35410581171962585,1.028305328411515,-0.09089530745785919,-0.7776512417357806,-0.008538097882459348,0.6581928484276288,0.5761112324736927,0.9956499419025915,-1.8137848283028983,-0.7538907416501133,-0.3197210844010966,0.81431621862541,-0.541447077158134,-0.06386680480145376,-0.7181449996130511,1.4368429473699809,-0.07082189748388353,0.1880602415574112,-0.6327517313650445,0.6673301575769184,0.5387204416660865,0.48168665017497164,0.4804843884407321,-0.7326284257536769,0.567145784415151,-0.24233763627689545,0.2136007845770092,-0.49065191219863447,0.17077884312001076,-0.20684972379064345
0.2471176562590053,-1.6464215649677043,0.7284561450142448,-0.09374495868236289,0.04886260801087576,-0.29253301618610505,0.4059972522339996,0.6480786427759645,0.5214645585898591,1.1563976332501336,-0.6264173307747994,-1.140529138921795,-0.3774138550512294,-1.0297578683090949,1.7015909078726847,-0.05427579710947632,-0.10372892542040006,1.26821896711495,1.744424536542629,-1.0598916841055814,0.22477707616053597,-2.86495448049468,2.82943101714759,0.5485197944345207,0.5789383039581654,-0.541447077158134,1.6808687064494585,-0.25721425398296544,1.4657817988541468,-2.328158521995501,-0.8931111964736367,-1.3555848507635977,0.47414063734597606,-1.6773476924557753,-0.747368637286093,-1.2545756099595975,1.221295420356111,-0.709210249984616,-1.5433937638675428,-0.8650786849746965,-0.31684892759122096,0.42360784754580627,-1.10867099715741,0.9936634365206141
-0.08065177006153729,0.7061260704396016,-0.1756240505917403,0.15297722791713556,-0.2678208086732559,0.3416836252121036,-0.003218140126831205,-0.0887965652775442,-0.10504708941094489,-0.18359950137695458,0.2914722939373367,0.3825339960173782,0.14507759818562127,0.17587551664257298,-0.10918478571320273,-0.37312082525200085,0.07550501165406324,-0.07728168089866429,-0.1660949994274832,0.24311416003055322,-0.15805293953036514,0.3868832836679492,-0.22197435240814492,-0.1561819503074437,-0.13196394949006482,-0.06386680480145376,-0.25721425398296544,0.4522963310535825,-0.07416100876348813,0.2409525365120647,0.1648963646365937,0.15843166589814137,0.12146354551848985,0.09455219484877232,-0.2210346506174754,-0.0049951041677529,-0.497331286726306,0.46875904512798006,0.20924231597347054,0.31124549786548417,0.030521573276246536,0.13524668873475046,0.22226237966810178,-0.10674938274955613
0.2086658121575403,-1.3298836603901734,0.7235059289455666,-0.015191057300441454,-0.19950284599303536,-0.12303598376690603,0.4520530489258446,0.6744318697941944,0.5200426825648323,1.2944674133316987,-0.586650180421604,-0.9289212037263764,-0.2943452834538622,-0.8783801453438919,1.6522668974963135,-0.4567974576516034,-0.11583311786583624,1.4476324040067343,1.5969317351732388,-1.1253752697490247,0.12873382607388661,-2.9383408930238777,3.088733469050326,0.6507430039531716,0.6171341143963458,-0.7181449996130511,1.4657817988541468,-0.07416100876348813,1.6172884923246384,-2.4744945187737253,-0.8783962476025774,-1.3033272359667745,0.6197333720130543,-1.7111345156422915,-0.9735968844529281,-1.5292476420401737,0.8161396788877681,-0.2996540311014652,-1.4597940453813294,-0.6210699653308678,-0.3069692935572635,0.4368371057058314,-1.0520052847949564,0.8186015358916677
-0.4567840888085667,1.432205994791293,-1.1074054424831745,-0.10587146119582973,0.29823181326319936,0.05182460627906364,-0.8919024425980251,-1.1363682490943732,-0.5063775699275228,-2.020015945448247,1.2087325650101133,1.5917050784638078,0.5085353088381055,1.470138231642708,-2.29609897266116,1.237802824927769,0.06489637513706961,-2.511994921202617,-1.8445948355959483,2.097516444787657,0.520211567238221,4.63456136619845,-5.343596939229118,-1.3498675831295925,-1.139072559052128,1.4368429473699809,-2.328158521995501,0.2409525365120647,-2.4744945187737253,4.404440659730639,1.111162882272468,1.832375281480372,-1.2416477604781087,2.7769889151086855,1.515120352686437,2.1192822099510846,-0.7443562764273877,-0.07447307858650151,2.304355263510177,0.6615940144275856,0.7097234916856734,-0.9352405361846047,1.418778124550143,-1.0191670828524941
-0.14807749714640364,1.8928882948632957,-0.6566994198475028,0.24823303391655785,-0.06191164364687562,0.43219462578557255,-0.23005489625482112,-0.2901116859136872,-0.5492433781618152,-0.8055378592752998,0.4228429702019006,0.6904720510618839,0.3775472345549139,0.6031645638679067,-1.307764509300078,-0.5663405979259211,0.2602157228704649,-0.7141027089585066,-1.6232042834106668,0.49105850681432606,-0.6313276769464777,2.0630880335393416,-1.3543161065858043,0.1807943630435174,-0.3534585440761681,-0.07082189748388353,-0.8931111964736367,0.1648963646365937,-0.8783962476025774,1.111162882272468,1.1627331942471726,1.1621718477689167,-0.017120163749419878,1.2142525106270368,0.3308108889269189,1.077356549698684,-1.3411828848045853,1.0569214173806045,0.9549267000150267,0.9285605364969768,0.143782808782744,0.07576748058433971,0.9651067080751677,-0.6579847671775915
-0.10366531259518205,2.1253473275003,-0.8624369446067404,0.24477626174095163,-0.04678835895473006,0.3808746187909011,-0.2325254516091273,-0.4205183861573027,-0.673623502645767,-1.199022564038251,0.4514354533632772,0.9359789505960555,0.47066249561300677,0.8388092167312053,-1.8037818946581499,-0.549255446242726,0.26948909203112376,-1.2303705624048913,-2.1548951583875513,0.7047571049085448,-0.6610905528820618,2.773411923035261,-2.174320901325104,-0.08660187378646336,-0.3417988967137559,0.1880602415574112,-1.3555848507635977,0.15843166589814137,-1.3033272359667745,1.832375281480372,1.1621718477689167,1.717586251335001,-0.1421424468699624,1.6089804820546092,0.7401999126936667,1.5091642286113598,-1.3867326089908392,0.9502569497114209,1.3851750748131817,1.0781346937753364,0.16187736541034,-0.03296437546372044,1.2223055589389746,-0.6044797100317908
0.10480215639923579,0.40278036537745787,0.151070100325353,0.17959286531825153,-0.2701972151027874,0.22676282152629312,0.3837761408269237,0.37126892110238935,-0.07584886643039918,0.38446043748912617,-0.28696066420857635,-0.22275630516534528,0.08179823285264413,-0.2700464764853057,0.32536749208275273,-0.992897251192191,0.10224165875334727,0.6618040045910571,0.04991477655755365,-0.5820630193266897,-0.5231592894878336,-0.9104922625135405,1.517518724055367,0.6553164790454368,0.31918225750761986,-0.6327517313650445,0.47414063734597606,0.12146354551848985,0.6197333720130543,-1.2416477604781087,-0.017120163749419878,-0.1421424468699624,0.6449032065006969,-0.6273781473436078,-0.47271236700585684,-0.463369850508381,-0.4324383165377791,0.6038161152911736,-0.4705606218695981,0.23869492337524137,-0.24802572546891427,0.44983141148836364,-0.18408333919604758,0.3404519630451066
-0.30484548866504485,1.4717629093391797,-0.974102419616498,0.0025507040135870343,0.07598779995785647,0.06951060376780187,-0.723436325885071,-0.6974413103166257,-0.3413072489414649,-1.379595348154782,0.6137597637868001,0.9591115936771427,0.42907934791658,1.1451136460188576,-1.9943162724893433,0.22431890834274634,0.13047844379612514,-1.6871854726362627,-2.1085333062856155,1.2303446035915242,-0.19341382246204433,3.348166601090143,-3.4419216334794718,-0.30769982618950475,-0.6899655393859765,0.6673301575769184,-1.6773476924557753,0.09455219484877232,-1.7111345156422915,2.7769889151086855,1.2142525106270368,1.6089804820546092,-0.6273781473436078,2.473163907490642,1.2071342514780088,1.618492305032755,-1.0777892404563532,0.4028840166343425,1.6756367723774053,0.8996862636802282,0.5501582850484378,-0.6435307762388625,1.1259349629628221,-0.8149085856006955
-0.09373349589537652,0.08230134502443832,-0.4639904464509636,-0.1319703931564664,0.24179693207479672,-0.3000679673262142,-0.3599936164090568,-0.34990921449411605,-0.06285547316728837,-0.7269797508126823,0.01796554961727038,0.2158573589820728,0.06276442041760943,0.43799496481978273,-1.0144139968574635,0.5111541039952435,-0.04235546559657705,-1.0265360052112984,-0.9998178794304893,0.5904629234243057,0.0667494049088455,1.5652514024232673,-1.8695042340793289,-0.3264515454158408,-0.27099880692484113,0.5387204416660865,-0.747368637286093,-0.2210346506174754,-0.9735968844529281,1.515120352686437,0.3308108889269189,0.7401999126936667,-0.47271236700585684,1.2071342514780088,1.1243111047272096,1.0327515481069753,-0.06081302409801221,-0.35833416389009,0.7527710870077852,0.15833620998337838,0.28100559733825925,-0.5349231168428279,0.44319453026937145,-0.05005510892926112
-0.10369472451360202,1.679831995872917,-0.8181136788961489,0.15231957269659485,0.2119233582944548,0.15614957653085243,-0.33195583834551373,-0.5588317911048696,-0.626634053144152,-1.2803629789734412,0.42032546184868047,0.7716039033745724,0.27141544481185265,0.6847011298375814,-1.7499552173343054,0.1320858217511736,0.19736038960477745,-1.4129208750857838,-1.96060507954435,0.8522765799485048,-0.4446705778752272,2.8646863562215343,-2.565534038102686,-0.4744641493576059,-0.45819480057715234,0.48168665017497164,-1.2545756099595975,-0.0049951041677529,-1.5292476420401737,2.1192822099510846,1.077356549698684,1.5091642286113598,-0.463369850508381,1.618492305032755,1.0327515481069753,1.881760027557157,-0.8847767180247417,0.46374593139366155,1.387234312796209,0.6979479418619363,0.1930837596870275,-0.1835529571676005,1.2254314048094652,-0.6294780648945969
0.16592331963330104,-3.0820863742314644,0.7179821935848848,-0.4666946516024337,0.4769555022422626,-1.005074902562749,0.042834665319607904,0.26855682823879345,0.8364765972612864,0.7239255203158756,-0.48094875127433817,-1.226386669409373,-0.46098497718117065,-0.8786361063408082,1.6178468996639654,1.6228990366535925,-0.43420165132307426,0.3857561418935884,2.143348199043774,-0.5314991210592493,1.3450203803925134,-2.2765231994938087,0.9217366824049908,-0.4710456288152611,0.39533317007641783,0.4804843884407321,1.221295420356111,-0.497331286726306,0.8161396788877681,-0.7443562764273877,-1.3411828848045853,-1.3867326089908392,-0.4324383165377791,-1.0777892404563532,-0.06081302409801221,-0.8847767180247417,2.734687112146977,-2.3211372708023847,-1.0954439326701222,-1.686359456645458,-0.0299055945797412,-0.3819495564695553,-1.240723048204413,0.8824282690039862
-0.10072309301339188,2.6471983788270896,-0.4638775889786583,0.5359437824083942,-0.4950621699252437,0.9806462527293509,0.1706810433254411,-0.05861943471788794,-0.7811096866214855,-0.35241983255809267,0.29463414206415445,0.8656044342386516,0.3906149644800499,0.5347341296342425,-1.0475312654929783,-1.673759465073581,0.41762718178071384,0.14398752156612954,-1.529074742579032,0.1372620240372398,-1.2859487486611434,1.3095484393034524,0.11098838973138135,0.5845128414832499,-0.19533902626205452,-0.7326284257536769,-0.709210249984616,0.46875904512798006,-0.2996540311014652,-0.07447307858650151,1.0569214173806045,0.9502569497114209,0.6038161152911736,0.4028840166343425,-0.35833416389009,0.46374593139366155,-2.3211372708023847,2.2526035344371533,0.6200933378494116,1.413197694574866,-0.06792826039831254,0.5466367421677768,0.9258782964573219,-0.7338365450030724
-0.23748617267564345,1.7003441995064112,-0.7264793332035364,0.08788218852627139,-0.02712704525105563,0.26850172060411603,-0.36407961676129025,-0.6048111561137457,-0.518871831754355,-1.1612147105442008,0.6568136644911986,1.0721418529786328,0.39807527603012227,0.9328566009043904,-1.6847953846304318,0.06359907183670904,0.1653016206133281,-1.306380269691674,-1.6974721766883607,1.0172167072087324,-0.23248610510395606,2.8443665094465467,-2.821062228775632,-0.51474707354621,-0.557029970244564,0.567145784415151,-1.5433937638675428,0.20924231597347054,-1.4597940453813294,2.304355263510177,0.9549267000150267,1.3851750748131817,-0.4705606218695981,1.6756367723774053,0.7527710870077852,1.387234312796209,-1.0954439326701222,0.6200933378494116,1.5510257256253357,0.8160959964062835,0.271048087471546,-0.34499618688742956,1.1188921496453617,-0.8315375624374555
-0.12256498981638728,2.0281820314479937,-0.6478103886330587,0.26119433404246656,-0.3296609865721266,0.7114080953479484,-0.1402436692720274,-0.1716202812142913,-0.5212425187341881,-0.5574555412513863,0.37479565762330647,0.66634759005498,0.2641192982873061,0.6060531769238608,-1.2124667240894902,-1.058787080405747,0.37793961833801226,-0.3373683038784457,-1.6059671659288575,0.3132154525790191,-0.910362800099036,1.643878365481827,-0.8091313635239299,0.21451458437938847,-0.20415518980193678,-0.24233763627689545,-0.8650786849746965,0.31124549786548417,-0.6210699653308678,0.6615940144275856,0.9285605364969768,1.0781346937753364,0.23869492337524137,0.8996862636802282,0.15833620998337838,0.6979479418619363,-1.686359456645458,1.413197694574866,0.8160959964062835,1.2437612901329207,0.07251365909412866,0.18677962205616186,0.9172117994511558,-0.570091824252908
-0.19935595490529615,-0.12394229455149677,-0.23445185275508812,-0.04639044682634454,0.03313119206771943,-0.07969871913419047,-0.26097582386785323,-0.18607242954283476,0.03135051014120876,-0.27521031760095155,0.17144357480158123,0.1545285340836135,0.14103288347176665,0.2828038790248609,-0.25833550194854205,0.36864499275378326,-0.024928333943249368,-0.337245005295279,-0.10942647285959203,0.41034196676583823,0.291114785275465,0.6645545157241188,-0.8406912384481109,-0.16643297540454222,-0.2633964662239143,0.2136007845770092,-0.31684892759122096,0.030521573276246536,-0.3069692935572635,0.7097234916856734,0.143782808782744,0.16187736541034,-0.24802572546891427,0.5501582850484378,0.28100559733825925,0.1930837596870275,-0.0299055945797412,-0.06792826039831254,0.271048087471546,0.07251365909412866,0.33106981500554095,-0.36895937510866517,0.1330996198313897,-0.13496293369524262
0.24675697932991028,0.699485249008137,0.139427456867555,0.21208562156011262,-0.13900665868494927,0.4123059877099927,0.2887167520649663,0.2705097929513952,-0.1395486588139096,0.274173650376166,-0.022517270224042138,-0.012028609225939171,-0.1309418368783975,-0.2852111107821218,0.2508056916222984,-0.8307170950365909,0.18363557554199117,0.42632082197187404,-0.012719487755788976,-0.44438792463241383,-0.5683826106765284,-0.5727431746375011,1.203346566207372,0.3355811503736223,0.2462740002611573,-0.49065191219863447,0.42360784754580627,0.13524668873475046,0.4368371057058314,-0.9352405361846047,0.07576748058433971,-0.03296437546372044,0.44983141148836364,-0.6435307762388625,-0.5349231168428279,-0.1835529571676005,-0.3819495564695553,0.5466367421677768,-0.34499618688742956,0.18677962205616186,-0.36895937510866517,0.730654692656483,-0.005821607344503274,0.18919294600489778
-0.15358641778945303,1.8754808547534956,-0.7331046944678085,0.19202639215405823,-0.07214803923471963,0.4636112417538242,-0.2310522828613247,-0.4114202172653196,-0.6031373559136005,-0.90364286114746,0.5057464311731318,0.81021549792874,0.2888467808709205,0.6390988762192523,-1.3709723739138346,-0.2953304002405263,0.2720168784879782,-0.8278417345906883,-1.67172189256625,0.6068998350546775,-0.5375860868143344,2.222106020137553,-1.6712710736897731,-0.32807062550954796,-0.35408724320557056,0.17077884312001076,-1.10867099715741,0.22226237966810178,-1.0520052847949564,1.418778124550143,0.9651067080751677,1.2223055589389746,-0.18408333919604758,1.1259349629628221,0.44319453026937145,1.2254314048094652,-1.240723048204413,0.9258782964573219,1.1188921496453617,0.9172117994511558,0.1330996198313897,-0.005821607344503274,1.1546104493765075,-0.7725392655936758
0.12358841083060688,-1.112012612865461,0.34122922155168095,-0.09580834173857865,-0.052842591592902624,-0.3376996702026984,0.3590317641198817,0.4904413539049331,0.4421409560033797,0.5048300774615562,-0.39372052272500074,-0.5717025666769034,-0.030385568369505896,-0.5842808385442394,0.9348404029498258,-0.1401088835133493,-0.09600918282564747,0.33648157099583725,1.1215844486781246,-0.4743023861825612,0.35440762670908205,-1.506356827356233,1.3655954683499885,0.38627505892665737,0.3385815355967427,-0.20684972379064345,0.9936634365206141,-0.10674938274955613,0.8186015358916677,-1.0191670828524941,-0.6579847671775915,-0.6044797100317908,0.3404519630451066,-0.8149085856006955,-0.05005510892926112,-0.6294780648945969,0.8824282690039862,-0.7338365450030724,-0.8315375624374555,-0.570091824252908,-0.13496293369524262,0.18919294600489778,-0.7725392655936758,1.4775022764167949
