V1,V2,V3,V4,V5,V6,V7,V8,V9,V10,V11,V12,V13,V14,V15,V16,V17,V18,V19,V20,V21,V22,V23,V24,V25,V26,V27,V28,V29,V30,V31,V32,V33,V34,V35,V36,V37,V38,V39,V40,V41,V42,V43,V44
0.7290861185870833,-0.21032948852327082,-0.14569735521071925,0.11956615181817376,0.30428133793899537,0.41670494721892926,-0.07725993923480055,0.21244329697439857,-0.0031225341972647967,0.23266966593331706,-0.14876007253151544,0.1858054774119081,-0.5503617404397863,-0.4037014577462881,0.5188552615985842,0.2625288700547222,0.11636656116352408,0.011269392945366895,0.06267990722627502,-0.6497055219718328,0.051755518170948374,-0.8202842232389975,1.0108051562348837,-0.06053643068066068,0.21186995171978404,0.06429045390156371,0.37212394775539004,0.008278372839991393,0.298709648636965,-0.4665844418076656,-0.12421953788010047,-0.36162453972965253,0.2246479668929912,-1.065890831925608,-0.22822104193838022,-0.4145546864311745,-0.013709861678311822,-0.40166444413472335,-0.90728356945426325,-0.18619683682310792,-0.2877816258981735,0.826782618063673,0.10341833511918938,0.3548715194103495
-0.21032948852327082,3.5045021689258595,-1.4320413961499996,0.31804660867281076,0.29891747106353256,0.6448785652423807,-0.4870323923669191,-1.135917586248266,-1.3807807058852049,-2.559490093792799,1.296184998721768,2.2422288105737964,0.6993561864670798,1.478536681717037,-3.012572749856232,0.3069500763084536,0.3467197481488765,-2.8016107525795344,-3.0993201815353753,1.906689270018159,-0.4020518218486522,5.561053663444574,-5.1607291168567935,-1.0248482166188737,-1.2037060098176122,1.092102783785763,-2.619801059858388,0.36313798065312775,-2.878295441506402,4.395352165910416,2.017263522816749,2.573718015303985,-0.8236232445474737,2.717320981344753,1.3378863464964037,2.8753615756454423,-1.9800847395239949,1.1246052759120495,2.625014353974564,1.2791893207192406,0.25743563977997147,-0.08334017563665076,2.185879863083423,-1.2701064803668707
-0.14569735521071925,-1.4320413961499996,1.4190979675477549,-0.24064628132268645,-0.06428575970166024,-0.6376346822367415,0.7137935082128536,0.47560560303186245,0.39034663267484054,1.334316622400911,-0.5406061301851809,-1.0224417180299656,0.015042198060896387,-0.6206531711846569,1.4232571925671804,-0.1458995286955292,-0.32024411504458283,1.674357692101721,1.910109705164392,-0.6985819797759061,0.18314486968321622,-2.451735705207243,2.3124596010200973,0.6321598695219893,0.5511350678377448,-0.6388499864776974,1.1634656200899158,-0.37687792396849007,1.311165306711776,-2.290325770058669,-1.0666353049307506,-1.2202117792615852,0.3103314544213182,-1.3695797281001574,-0.97950011982312,-1.2517456153130078,0.9782585942464344,-0.21038216711543417,-0.8361512896042298,-0.8420275744307819,-0.3320536283086173,-0.11945898626553582,-1.2198608652600917,0.02356712597765404
0.11956615181817376,0.31804660867281076,-0.24064628132268645,0.25840151541417017,0.05014341740944642,0.13222055371752328,-0.022914177991176857,-0.08877110077207208,-0.19864985273817531,-0.35516568654380826,0.05695707079416761,0.3159445344418829,0.1841823431977589,0.020283165920849687,-0.010336296789300738,0.048728069818828774,-0.030984320532878404,-0.31427501667586505,-0.21998731329782367,0.10939484800671412,0.03774831233547634,0.3388460886829392,-0.21105239455332686,-0.09882823008866166,-0.11264181836750228,0.0075845975715444595,-0.17766486992749259,0.29786722517961683,-0.13495396985815553,0.3635739763333508,0.24807500486449377,0.15716513906623075,0.021601109426054782,-0.010371171647570843,-0.095187514172758,0.09303564694778348,-0.11761295237268293,0.07146814549778635,-0.010227977161693274,-0.019262403819773913,0.020578166956527286,0.19357350431821624,0.2094579201909413,-0.05444443645414392
0.30428133793899537,0.29891747106353256,-0.06428575970166024,0.05014341740944642,0.3860665927896132,0.18797732121699118,-0.005495448633177203,0.01837958295459908,-0.2132276460701177,-0.18547926948193647,0.1399050603777065,0.3037074194040744,-0.15071720181142592,-0.06564527010973961,-0.03517736878302398,0.26954017281760595,0.09737435130621129,-0.3063116609152371,-0.0928017266096823,-0.004290769697380478,0.0492614825121467,0.4227090408020984,-0.07219844705310807,-0.01238467702834808,-0.06306757133967465,0.0764352312678548,0.09629340287605032,-0.1320946452479732,-0.19233623003284125,0.16302293069385304,0.1873444479652445,0.17909043783238834,0.009726960038520558,-0.2787040153878971,0.05135023176435644,0.3201636017432014,-0.2158099293986293,-0.11895279297733796,-0.22161153800634456,-0.05527980058695085,-0.11936745112682134,0.4953534469377765,0.2605464411142823,0.12647666249913586
0.41670494721892926,0.6448785652423807,-0.6376346822367415,0.13222055371752328,0.18797732121699118,0.5350346510915281,-0.2967775425545472,-0.09730636141917441,-0.23720117149103032,-0.4622031591462826,0.21613418333787493,0.5462656694502009,-0.3335613324252822,0.05081583143245862,-0.4393250003198532,0.14659246596200426,0.24855425070323978,-0.7234131280957923,-0.8775669280806493,-0.012815301479674548,-0.13985167401402732,0.7595437770816601,-0.5662409653946701,-0.3772521287149158,-0.13265041938146502,0.33631276230915347,-0.37666560588660253,0.11598704752604906,-0.4719527672225665,0.8103471686652883,0.4098134252138353,0.4034069105418378,-0.09549385569099647,0.063134672160042,0.31133440285574715,0.41265547485908965,-0.4323270452994778,-0.03175112871062707,0.042343730211231514,0.30749481259769845,-0.10675570026778315,0.5193228730616424,0.6186070455254347,0.09611242087534154
-0.07725993923480055,-0.4870323923669191,0.7137935082128536,-0.022914177991176857,-0.005495448633177203,-0.2967775425545472,0.7072478731104064,0.3016423069460866,-0.08300672895314616,0.48921515607019944,-0.25056898019350615,-0.44757014082834684,0.13893567104629445,-0.5974529858335165,0.9034534503546656,-0.05405442382406229,-0.12079650225761206,0.7601818717043534,1.2061795544370768,-0.43897026222506075,0.1564265878945342,-1.3599722503399778,1.389024635753351,0.2374041589226852,0.19942106006311638,-0.29528573304103034,0.8199110814002702,-0.1395074670703567,0.6787943566709332,-1.2307732518292178,-0.4549178818278824,-0.7502622574332148,0.24182865204006587,-1.0608856196179415,-0.6365922201649167,-0.514034040576798,0.6994770804298599,-0.08378839242780248,-0.49226928688645694,-0.6385170792737435,-0.3763052662582667,0.2065096312364113,-0.6226475601590246,0.3634219094705274
0.21244329697439857,-1.135917586248266,0.47560560303186245,-0.08877110077207208,0.01837958295459908,-0.09730636141917441,0.3016423069460866,0.5622724291911675,0.3837382928138278,0.8926327402600768,-0.4157696630107746,-0.828466858348239,-0.3230878589664993,-0.8022087884234785,1.230503506502647,-0.09474813886874704,0.013811717735320526,0.9350512848498974,1.1798476423943505,-0.842681920745118,0.13439961377247153,-2.061181202044695,2.140110266761259,0.35208520744589356,0.45947427834181054,-0.3979510886511239,1.1854519436793403,-0.16062499824027135,1.103099388619033,-1.6721082862091996,-0.6548014181425046,-0.9560306187632255,0.334072550413798,-1.3191280598115736,-0.49888115614623235,-0.9260475687885454,0.8311354192443083,-0.4899138955603393,-1.1160405681715633,-0.5430541844895592,-0.29062410454412113,0.40153047056915553,-0.7196540448942002,0.8482885130538217
-0.0031225341972647967,-1.3807807058852049,0.39034663267484054,-0.19864985273817531,-0.2132276460701177,-0.23720117149103032,-0.08300672895314616,0.3837382928138278,0.7810984467917815,0.9718470867410429,-0.442645498709167,-0.9964854910201224,-0.3579243134010932,-0.38225164321816124,0.9074121529821739,-0.18967754962382918,-0.08641828932612582,1.0041176645940586,0.9291772501728159,-0.5755784973814365,0.030702301056257927,-1.8700134341814107,1.558117056628019,0.27254007190301754,0.5187250119366781,-0.36366691283814745,0.8617821656014765,-0.09271012160531387,0.9828161593564286,-1.4601856220834026,-0.8137057807641314,-0.7546567275331789,0.2259221046001351,-0.6073170032523992,-0.24666560465944568,-0.9229353138028729,0.6793956220406133,-0.5313904341609735,-0.8232872614365435,-0.27123565151734724,0.09889343583178045,-0.19272709646425457,-0.7413535573285991,0.44145395291963824
0.23266966593331706,-2.559490093792799,1.334316622400911,-0.35516568654380826,-0.18547926948193647,-0.4622031591462826,0.48921515607019944,0.8926327402600768,0.9718470867410429,2.18609721856728,-0.976075088096202,-1.5457542518168723,-0.622678346933702,-1.0808510921972012,2.241226211227188,-0.23012354403427338,-0.2535805062057824,2.2995970179876255,2.302875321176262,-1.6014247029282553,0.27781680647144746,-4.310629972163031,4.059087027387705,0.8706915830631028,0.9542136138473705,-0.7908687007906325,1.834306673903113,-0.4594406977875088,2.2023801281467983,-3.4714534330195863,-1.5801741792336912,-2.023705775978121,0.5939847364510789,-2.235802838244943,-1.1414261767967406,-2.352451763083337,1.29841493002705,-0.7018853892921808,-1.9111412182859426,-0.9418785522180901,-0.38403895485116346,0.13156533359614173,-1.6477955935575335,0.6646648173461707
-0.14876007253151544,1.296184998721768,-0.5406061301851809,0.05695707079416761,0.1399050603777065,0.21613418333787493,-0.25056898019350615,-0.4157696630107746,-0.442645498709167,-0.976075088096202,0.5977595107647545,0.7167006585037649,0.22057365998043812,0.5858059803621287,-1.1961873890573165,0.08428850082704663,0.15986524147432846,-1.1046401285486276,-1.1571435805898602,0.826793701755004,-0.1420693499230164,2.303045021210144,-2.0298399520637687,-0.4538849309666866,-0.4243812682809492,0.3614829526582826,-0.9249872240902536,0.07728324433234875,-1.0914764411516358,1.709289964883293,0.7276677574021773,1.1297136979922322,-0.3850451420301117,1.1763513535018244,0.6105741619298154,1.2727900143975892,-0.6243154351358415,0.35552105955187835,1.0702113853899045,0.5190569754447292,0.14960859015313532,-0.0613547285043174,0.8347844548857416,-0.3871332881656928
0.1858054774119081,2.2422288105737964,-1.0224417180299656,0.3159445344418829,0.3037074194040744,0.5462656694502009,-0.44757014082834684,-0.828466858348239,-0.9964854910201224,-1.5457542518168723,0.7167006585037649,2.268003211761595,0.4651736503500321,1.261937468398924,-1.8698396348374293,0.4781464317693798,0.004321018076648614,-1.8994437289669535,-2.272487787569762,1.0061501339475627,0.12043584389699127,3.444449711219633,-3.088918775162599,-0.3361197530705831,-0.9294562774582368,0.7811509607320188,-2.1693769618192085,0.2619807441209682,-1.8144965299106195,2.914873992613813,1.4744539932206848,1.4725233772007518,-0.4179384315847311,1.5134896961998094,0.5788021097513765,1.121673305749019,-2.039746975394424,0.899422083560859,1.351715738405464,0.8503624574886612,0.25166370643501856,0.0635289958476007,1.5396771034708876,-1.3677915812317782
-0.5503617404397863,0.6993561864670798,0.015042198060896387,0.1841823431977589,-0.15071720181142592,-0.3335613324252822,0.13893567104629445,-0.3230878589664993,-0.3579243134010932,-0.622678346933702,0.22057365998043812,0.4651736503500321,1.0035904555832011,0.5353923332449395,-0.5507569788517191,-0.06206531603822495,-0.215128912494713,-0.37012260676908115,-0.3023216032003977,0.7846981463149937,0.1542015847026359,1.3692150189434003,-1.3465766607011604,0.21756219856764145,-0.4272111630402586,-0.04616917589542359,-0.7616942040533936,0.3092319000918864,-0.5090498087701868,0.9818227691623451,0.5661332503873843,0.520372044574477,-0.153994916578137,1.0089161980170482,0.0014447773720269676,0.39758540329417,-0.3966283818388541,0.6122245253957153,0.9201129821287887,0.13116908206198874,0.2966244969680877,-0.6164058653097252,0.19408670693258637,-0.620248790226548
-0.4037014577462881,1.478536681717037,-0.6206531711846569,0.020283165920849687,-0.06564527010973961,0.05081583143245862,-0.5974529858335165,-0.8022087884234785,-0.38225164321816124,-1.0808510921972012,0.5858059803621287,1.261937468398924,0.5353923332449395,1.4348194846336666,-1.8921353217317567,0.09574950228228725,-0.09326074763035384,-1.2303941996935277,-1.8446363727463897,1.2541669765614705,-0.09656667147296825,3.080597636642164,-3.1484630064947514,-0.20950282599141298,-0.6775558042694843,0.4946910730284821,-1.9446436279779398,0.12847176850189218,-1.5286471763980298,2.4192304809209344,0.9720545285819554,1.4427322382868375,-0.5248119187965009,2.2190339709346785,0.7592093234064542,1.0793078764874788,-1.5165969588024064,0.8345554051528609,1.6917863059882785,0.9498373999154014,0.5998459745022462,-0.8403937706519437,0.9977295276998435,-1.5051924212793983
0.5188552615985842,-3.012572749856232,1.4232571925671804,-0.010336296789300738,-0.03517736878302398,-0.4393250003198532,0.9034534503546656,1.230503506502647,0.9074121529821739,2.241226211227188,-1.1961873890573165,-1.8698396348374293,-0.5507569788517191,-1.8921353217317567,3.4416597377498035,-0.15601211205094892,-0.32304006351408737,2.578509793489758,3.374974947379838,-2.0882324010410884,0.5449837535043172,-5.62864889889016,5.645902180242611,0.8973709069798228,1.153648783803871,-1.1382660553571728,2.922279848608944,-0.15156559816021034,2.943039956793026,-4.49310753452158,-1.8258669762951132,-2.653068023196788,0.9858371324400821,-3.5657109436223378,-1.7905072974684395,-2.7708212467860878,2.122664831838506,-1.160586229187623,-2.9901762207891482,-1.6670130333997308,-0.6153292542848231,0.8617877259256052,-2.025801899049069,1.5777278878982504
0.2625288700547222,0.3069500763084536,-0.1458995286955292,0.048728069818828774,0.26954017281760595,0.14659246596200426,-0.05405442382406229,-0.09474813886874704,-0.18967754962382918,-0.23012354403427338,0.08428850082704663,0.4781464317693798,-0.06206531603822495,0.09574950228228725,-0.15601211205094892,0.37238137898477086,0.035916512315208024,-0.34312476702957,-0.18917538619414634,0.03630082225157482,0.10762640600771395,0.41789727710034624,-0.38880364681721824,-0.020046005684589186,-0.14521629052710253,0.23942654403119826,-0.1481681413475282,-0.0432524662163115,-0.328746661121376,0.35720067105097275,0.21636963388203256,0.10615009461169582,0.03217839993773127,-0.10909790864086984,0.0896280170334025,0.20685541332552107,-0.42311130249976703,-0.09793400162381546,-0.12591857291783934,2.9487193558284808e-5,1.173533693234566e-4,0.2669168434653224,0.3020398726311394,-0.07068519121471027
0.11636656116352408,0.3467197481488765,-0.32024411504458283,-0.030984320532878404,0.09737435130621129,0.24855425070323978,-0.12079650225761206,0.013811717735320526,-0.08641828932612582,-0.2535805062057824,0.15986524147432846,0.004321018076648614,-0.215128912494713,-0.09326074763035384,-0.32304006351408737,0.035916512315208024,0.27831034930637794,-0.37890276577410986,-0.4076091601367516,0.06009765632392197,-0.2090874462463147,0.5202478207088876,-0.4601781376977254,-0.25283082450423294,-0.05063430464280265,0.21561849267073022,-0.026745147533955804,-0.03247447938659191,-0.31930847968740167,0.4568264598304283,0.199493662104165,0.26752977942168543,-0.10199636638834272,0.14878046081831506,0.39015974196846814,0.529475333483946,-0.0358074090532646,-0.09599693188734658,0.14900712831271187,0.1982221405305606,-0.09645145844070398,0.23848915755214703,0.31459395474021734,0.35299601281960197
0.011269392945366895,-2.8016107525795344,1.674357692101721,-0.31427501667586505,-0.3063116609152371,-0.7234131280957923,0.7601818717043534,0.9350512848498974,1.0041176645940586,2.2995970179876255,-1.1046401285486276,-1.8994437289669535,-0.37012260676908115,-1.2303941996935277,2.578509793489758,-0.34312476702957,-0.37890276577410986,2.7007190096252116,2.8835556877058277,-1.5885652218640811,0.26495498715191207,-4.80428688471445,4.379085582490513,0.962109625182929,1.0345443532458212,-0.9901325988807845,2.143088091628767,-0.3797970950119744,2.4531681592740786,-3.946902624600578,-1.7943559746175588,-2.2797049362018815,0.6849141294443677,-2.3998113142668447,-1.4410468765221047,-2.508447234059862,1.686060362829784,-0.6864150311038321,-1.9568876210431494,-1.2079636229658826,-0.39201792831327703,-0.05112142696250796,-1.999199195068372,0.6383692217434812
0.06267990722627502,-3.0993201815353753,1.910109705164392,-0.21998731329782367,-0.0928017266096823,-0.8775669280806493,1.2061795544370768,1.1798476423943505,0.9291772501728159,2.302875321176262,-1.1571435805898602,-2.272487787569762,-0.3023216032003977,-1.8446363727463897,3.374974947379838,-0.18917538619414634,-0.4076091601367516,2.8835556877058277,3.9889065223361517,-1.7770270941796746,0.5301129756226141,-5.548410593786165,5.373412604045413,0.9813316568020344,1.1383397955372925,-1.2179612476240564,3.199031999316849,-0.40611457117518335,2.8775673879162063,-4.754583297114955,-2.039847595888612,-2.6734441307028685,0.9763278528340249,-3.316383126351709,-1.741835094299749,-2.4010982792158173,2.4142696071657688,-1.1219346579681866,-2.665782858598854,-1.822637924332234,-0.5373522826582793,0.4124721465253517,-2.3267282145742585,1.5677869480380435
-0.6497055219718328,1.906689270018159,-0.6985819797759061,0.10939484800671412,-0.004290769697380478,-0.012815301479674548,-0.43897026222506075,-0.842681920745118,-0.5755784973814365,-1.6014247029282553,0.826793701755004,1.0061501339475627,0.7846981463149937,1.2541669765614705,-2.0882324010410884,0.03630082225157482,0.06009765632392197,-1.5885652218640811,-1.7770270941796746,1.7404500686264375,-0.27573212628800375,3.8982459148766564,-3.8308283875888924,-0.5364023697946726,-0.783752104035646,0.4930115224216469,-1.7459579043613365,0.2564653274845837,-1.8479082698410143,2.8825094501976376,1.1366543629225971,1.846430537984115,-0.669960985352526,2.510550637961089,1.0478821946773715,2.009074753008377,-1.0983324746580552,0.788120572110192,2.0943448987985365,0.8862378485246234,0.5609983675098995,-0.7888120401722213,1.1428874356495307,-1.0292899251052463
0.051755518170948374,-0.4020518218486522,0.18314486968321622,0.03774831233547634,0.0492614825121467,-0.13985167401402732,0.1564265878945342,0.13439961377247153,0.030702301056257927,0.27781680647144746,-0.1420693499230164,0.12043584389699127,0.1542015847026359,-0.09656667147296825,0.5449837535043172,0.10762640600771395,-0.2090874462463147,0.26495498715191207,0.5301129756226141,-0.27573212628800375,0.4634390374516421,-0.6877619512906183,0.91562612407164,0.3987400106131447,0.010779206978615487,-0.2251276015357853,0.2784809724702214,-0.03811768815030204,0.46884665260443964,-0.5848954956233765,-0.09585896996579224,-0.4001718252961902,0.21655756522315878,-0.5084979176883254,-0.40527412752198894,-0.6454228005766198,0.02564594501303068,-0.05067024735136525,-0.5366761644706111,-0.28779166171983656,0.04223510064411954,0.08469697335779038,-0.2723995262627761,0.1147847844176372
-0.8202842232389975,5.561053663444574,-2.451735705207243,0.3388460886829392,0.4227090408020984,0.7595437770816601,-1.3599722503399778,-2.061181202044695,-1.8700134341814107,-4.310629972163031,2.303045021210144,3.444449711219633,1.3692150189434003,3.080597636642164,-5.62864889889016,0.41789727710034624,0.5202478207088876,-4.80428688471445,-5.548410593786165,3.8982459148766564,-0.6877619512906183,10.378258977151342,-9.69592655850778,-1.5159056538999902,-2.1078080909990407,1.6919789369689342,-4.77698686504466,0.503576734281482,-5.059092461857642,7.948962656952441,3.438275599986766,4.901760117558471,-1.6915375931242187,5.877929183833317,2.868460687190616,5.20113403633161,-3.500643010186551,1.9442698273027377,4.974154564897387,2.5594671006929164,1.0346621542956171,-0.9697964168753642,3.658596320271897,-2.3895476808091467
1.0108051562348837,-5.1607291168567935,2.3124596010200973,-0.21105239455332686,-0.07219844705310807,-0.5662409653946701,1.389024635753351,2.140110266761259,1.558117056628019,4.059087027387705,-2.0298399520637687,-3.088918775162599,-1.3465766607011604,-3.1484630064947514,5.645902180242611,-0.38880364681721824,-0.4601781376977254,4.379085582490513,5.373412604045413,-3.8308283875888924,0.91562612407164,-9.69592655850778,9.97064092709884,1.5936704843437388,1.9907691349363943,-1.9077337472541924,4.849849587555398,-0.5896019209202548,5.067437530716669,-7.740303725195076,-3.1022208927217814,-4.531881655440235,1.6481238067457298,-6.067741719934157,-2.9016378105228786,-4.916009853100627,3.4178577013681,-1.8302071848020645,-5.119371105199452,-2.5774754546468066,-1.1517043008429835,1.5401640983659153,-3.3957915284527753,2.6765392128827776
-0.06053643068066068,-1.0248482166188737,0.6321598695219893,-0.09882823008866166,-0.01238467702834808,-0.3772521287149158,0.2374041589226852,0.35208520744589356,0.27254007190301754,0.8706915830631028,-0.4538849309666866,-0.3361197530705831,0.21756219856764145,-0.20950282599141298,0.8973709069798228,-0.020046005684589186,-0.25283082450423294,0.962109625182929,0.9813316568020344,-0.5364023697946726,0.3987400106131447,-1.5159056538999902,1.5936704843437388,1.0139688558866449,0.14168944089284397,-0.46991465284653827,0.5789943439936754,-0.2444660018297188,0.91451260107403,-1.370037292359894,-0.2930991840113415,-0.8787589681825433,0.344312106240012,-0.6673906731037081,-0.5856172016555484,-1.249817544752922,0.06531824744034043,0.029900171039939576,-0.8040093710845959,-0.3680979977515847,0.04122421244642267,-0.16145313860844104,-0.7455448253837318,0.05119072047580434
0.21186995171978404,-1.2037060098176122,0.5511350678377448,-0.11264181836750228,-0.06306757133967465,-0.13265041938146502,0.19942106006311638,0.45947427834181054,0.5187250119366781,0.9542136138473705,-0.4243812682809492,-0.9294562774582368,-0.4272111630402586,-0.6775558042694843,1.153648783803871,-0.14521629052710253,-0.05063430464280265,1.0345443532458212,1.1383397955372925,-0.783752104035646,0.010779206978615487,-2.1078080909990407,1.9907691349363943,0.14168944089284397,0.594196536595186,-0.38736505072777183,1.071871348354111,-0.10408823331863423,1.0696180739159673,-1.6853127136594683,-0.8611606372881172,-0.8715258886604478,0.289473312976587,-1.213092715698833,-0.5220850195066019,-0.8973969485405284,0.9120762756540612,-0.5529153481880269,-0.9973588920628531,-0.5032286027559488,-0.23629731551187383,0.24466103784570437,-0.729748819625319,0.5399711365158579
0.06429045390156371,1.092102783785763,-0.6388499864776974,0.0075845975715444595,0.0764352312678548,0.33631276230915347,-0.29528573304103034,-0.3979510886511239,-0.36366691283814745,-0.7908687007906325,0.3614829526582826,0.7811509607320188,-0.04616917589542359,0.4946910730284821,-1.1382660553571728,0.23942654403119826,0.21561849267073022,-0.9901325988807845,-1.2179612476240564,0.4930115224216469,-0.2251276015357853,1.6919789369689342,-1.9077337472541924,-0.46991465284653827,-0.38736505072777183,0.648834378060405,-0.943323106894737,0.05203267294152708,-1.1035256915490694,1.5660088808946009,0.6162410056727547,0.7456713915962203,-0.27164385378751044,0.894589794400685,0.6658417565493957,0.9424204343920503,-0.8077972797403695,0.20728192927233918,0.82080364704518,0.5365804490202937,0.07497063454491609,-0.03881291874175869,0.8179153661732383,-0.36026307965319554
0.37212394775539004,-2.619801059858388,1.1634656200899158,-0.17766486992749259,0.09629340287605032,-0.37666560588660253,0.8199110814002702,1.1854519436793403,0.8617821656014765,1.834306673903113,-0.9249872240902536,-2.1693769618192085,-0.7616942040533936,-1.9446436279779398,2.922279848608944,-0.1481681413475282,-0.026745147533955804,2.143088091628767,3.199031999316849,-1.7459579043613365,0.2784809724702214,-4.77698686504466,4.849849587555398,0.5789943439936754,1.071871348354111,-0.943323106894737,3.192090291863726,-0.39544737277256564,2.45150963545902,-4.058052227488496,-1.678929156764232,-2.190892084736983,0.8749786694374689,-3.097694735911344,-1.1428726180674567,-1.6740640308255719,2.277630419594603,-1.3497324772952002,-2.6769690727644413,-1.470863727978785,-0.5733588514821144,0.9074405339848082,-1.7776771855219584,2.1727786060541723
0.008278372839991393,0.36313798065312775,-0.37687792396849007,0.29786722517961683,-0.1320946452479732,0.11598704752604906,-0.1395074670703567,-0.16062499824027135,-0.09271012160531387,-0.4594406977875088,0.07728324433234875,0.2619807441209682,0.3092319000918864,0.12847176850189218,-0.15156559816021034,-0.0432524662163115,-0.03247447938659191,-0.3797970950119744,-0.40611457117518335,0.2564653274845837,-0.03811768815030204,0.503576734281482,-0.5896019209202548,-0.2444660018297188,-0.10408823331863423,0.05203267294152708,-0.39544737277256564,0.5259732102393577,-0.2223115923095225,0.6476160416457575,0.26254562490024147,0.2809161901326032,-0.040006281075305725,0.3101032758386561,-0.005636187845805154,0.15528474245452287,-0.08377890441714327,0.08124422975389238,0.23286448983719965,0.09425479751425352,0.14010279228725342,-0.03524455519291293,0.2768106979176142,-0.13754025490876476
0.298709648636965,-2.878295441506402,1.311165306711776,-0.13495396985815553,-0.19233623003284125,-0.4719527672225665,0.6787943566709332,1.103099388619033,0.9828161593564286,2.2023801281467983,-1.0914764411516358,-1.8144965299106195,-0.5090498087701868,-1.5286471763980298,2.943039956793026,-0.328746661121376,-0.31930847968740167,2.4531681592740786,2.8775673879162063,-1.8479082698410143,0.46884665260443964,-5.059092461857642,5.067437530716669,0.91451260107403,1.0696180739159673,-1.1035256915490694,2.45150963545902,-0.2223115923095225,2.7302690393858473,-4.054906374312362,-1.695093096517629,-2.335875726941021,0.8021196258265226,-2.860795442780483,-1.5206308103456923,-2.658133698638425,1.8727366576058235,-0.9014578414570699,-2.4857999084829907,-1.3137825606806142,-0.4517094548334435,0.4635052186093881,-1.9121428986075482,1.2490391452961338
-0.4665844418076656,4.395352165910416,-2.290325770058669,0.3635739763333508,0.16302293069385304,0.8103471686652883,-1.2307732518292178,-1.6721082862091996,-1.4601856220834026,-3.4714534330195863,1.709289964883293,2.914873992613813,0.9818227691623451,2.4192304809209344,-4.49310753452158,0.35720067105097275,0.4568264598304283,-3.946902624600578,-4.754583297114955,2.8825094501976376,-0.5848954956233765,7.948962656952441,-7.740303725195076,-1.370037292359894,-1.6853127136594683,1.5660088808946009,-4.058052227488496,0.6476160416457575,-4.054906374312362,6.5541581927341745,2.7914653839475267,3.7203393086465066,-1.3100543142499104,4.60884145950737,2.308209690332704,3.830358921085342,-2.8713214311744655,1.505700364117222,3.890119137484423,2.139542693813405,0.7952621570739242,-0.7543587540210558,3.026382972221814,-1.8939278702178974
-0.12421953788010047,2.017263522816749,-1.0666353049307506,0.24807500486449377,0.1873444479652445,0.4098134252138353,-0.4549178818278824,-0.6548014181425046,-0.8137057807641314,-1.5801741792336912,0.7276677574021773,1.4744539932206848,0.5661332503873843,0.9720545285819554,-1.8258669762951132,0.21636963388203256,0.199493662104165,-1.7943559746175588,-2.039847595888612,1.1366543629225971,-0.09585896996579224,3.438275599986766,-3.1022208927217814,-0.2930991840113415,-0.8611606372881172,0.6162410056727547,-1.678929156764232,0.26254562490024147,-1.695093096517629,2.7914653839475267,1.4775385167995039,1.5141579688145919,-0.4524888979860494,1.8270654282616605,0.869565889005961,1.5072287606990369,-1.4216418301849065,0.7611140380838748,1.464098244316119,0.8734191987047673,0.3070063051955494,-0.11677261927271973,1.3334809825468161,-0.6914661398503784
-0.36162453972965253,2.573718015303985,-1.2202117792615852,0.15716513906623075,0.17909043783238834,0.4034069105418378,-0.7502622574332148,-0.9560306187632255,-0.7546567275331789,-2.023705775978121,1.1297136979922322,1.4725233772007518,0.520372044574477,1.4427322382868375,-2.653068023196788,0.10615009461169582,0.26752977942168543,-2.2797049362018815,-2.6734441307028685,1.846430537984115,-0.4001718252961902,4.901760117558471,-4.531881655440235,-0.8787589681825433,-0.8715258886604478,0.7456713915962203,-2.190892084736983,0.2809161901326032,-2.335875726941021,3.7203393086465066,1.5141579688145919,2.4506218860277476,-0.8306829779388382,2.8109332610082545,1.396702259930536,2.553772821494282,-1.5028351144563528,0.7958350483560216,2.337543256365838,1.250126589546249,0.5200353511905869,-0.42298160060383855,1.7534450279995348,-1.0705421630109602
0.2246479668929912,-0.8236232445474737,0.3103314544213182,0.021601109426054782,0.009726960038520558,-0.09549385569099647,0.24182865204006587,0.334072550413798,0.2259221046001351,0.5939847364510789,-0.3850451420301117,-0.4179384315847311,-0.153994916578137,-0.5248119187965009,0.9858371324400821,0.03217839993773127,-0.10199636638834272,0.6849141294443677,0.9763278528340249,-0.669960985352526,0.21655756522315878,-1.6915375931242187,1.6481238067457298,0.344312106240012,0.289473312976587,-0.27164385378751044,0.8749786694374689,-0.040006281075305725,0.8021196258265226,-1.3100543142499104,-0.4524888979860494,-0.8306829779388382,0.4185397655555809,-1.0923725765895012,-0.5104170009821819,-0.827865567219582,0.4578806553322805,-0.3586670454534737,-1.0121042820712272,-0.4684795521238523,-0.11957423261675373,0.28217163168900367,-0.5387396668570928,0.523016968654611
-1.065890831925608,2.717320981344753,-1.3695797281001574,-0.010371171647570843,-0.2787040153878971,0.063134672160042,-1.0608856196179415,-1.3191280598115736,-0.6073170032523992,-2.235802838244943,1.1763513535018244,1.5134896961998094,1.0089161980170482,2.2190339709346785,-3.5657109436223378,-0.10909790864086984,0.14878046081831506,-2.3998113142668447,-3.316383126351709,2.510550637961089,-0.5084979176883254,5.877929183833317,-6.067741719934157,-0.6673906731037081,-1.213092715698833,0.894589794400685,-3.097694735911344,0.3101032758386561,-2.860795442780483,4.60884145950737,1.8270654282616605,2.8109332610082545,-1.0923725765895012,4.432049255474367,1.8767307217186961,2.7066140264043,-2.016759584229849,1.338192992506262,3.4029232671252814,1.7957717581778532,1.0518810716012996,-1.619954085752425,1.7736663358632452,-1.8244737342532584
-0.22822104193838022,1.3378863464964037,-0.97950011982312,-0.095187514172758,0.05135023176435644,0.31133440285574715,-0.6365922201649167,-0.49888115614623235,-0.24666560465944568,-1.1414261767967406,0.6105741619298154,0.5788021097513765,0.0014447773720269676,0.7592093234064542,-1.7905072974684395,0.0896280170334025,0.39015974196846814,-1.4410468765221047,-1.741835094299749,1.0478821946773715,-0.40527412752198894,2.868460687190616,-2.9016378105228786,-0.5856172016555484,-0.5220850195066019,0.6658417565493957,-1.1428726180674567,-0.005636187845805154,-1.5206308103456923,2.308209690332704,0.869565889005961,1.396702259930536,-0.5104170009821819,1.8767307217186961,1.3785119531226648,1.7610716574947634,-0.8711927084364975,0.25614388938205324,1.3731049986400308,0.9478894925413321,0.36793376287839785,-0.3619628402702648,1.0772318172940405,-0.08825443517879693
-0.4145546864311745,2.8753615756454423,-1.2517456153130078,0.09303564694778348,0.3201636017432014,0.41265547485908965,-0.514034040576798,-0.9260475687885454,-0.9229353138028729,-2.352451763083337,1.2727900143975892,1.121673305749019,0.39758540329417,1.0793078764874788,-2.7708212467860878,0.20685541332552107,0.529475333483946,-2.508447234059862,-2.4010982792158173,2.009074753008377,-0.6454228005766198,5.20113403633161,-4.916009853100627,-1.249817544752922,-0.8973969485405284,0.9424204343920503,-1.6740640308255719,0.15528474245452287,-2.658133698638425,3.830358921085342,1.5072287606990369,2.553772821494282,-0.827865567219582,2.7066140264043,1.7610716574947634,3.486149020118709,-1.063133358854947,0.5230888209956325,2.438160222192132,1.120202894069296,0.34393609150789395,-0.19386341165446716,1.8459730441689524,-0.3389861812470518
-0.013709861678311822,-1.9800847395239949,0.9782585942464344,-0.11761295237268293,-0.2158099293986293,-0.4323270452994778,0.6994770804298599,0.8311354192443083,0.6793956220406133,1.29841493002705,-0.6243154351358415,-2.039746975394424,-0.3966283818388541,-1.5165969588024064,2.122664831838506,-0.42311130249976703,-0.0358074090532646,1.686060362829784,2.4142696071657688,-1.0983324746580552,0.02564594501303068,-3.500643010186551,3.4178577013681,0.06531824744034043,0.9120762756540612,-0.8077972797403695,2.277630419594603,-0.08377890441714327,1.8727366576058235,-2.8713214311744655,-1.4216418301849065,-1.5028351144563528,0.4578806553322805,-2.016759584229849,-0.8711927084364975,-1.063133358854947,2.3637138263168223,-0.9181896696233641,-1.4740543901064962,-1.1158802311863185,-0.5005895680946741,0.3616204047331368,-1.456942067765408,1.5542388484182792
-0.40166444413472335,1.1246052759120495,-0.21038216711543417,0.07146814549778635,-0.11895279297733796,-0.03175112871062707,-0.08378839242780248,-0.4899138955603393,-0.5313904341609735,-0.7018853892921808,0.35552105955187835,0.899422083560859,0.6122245253957153,0.8345554051528609,-1.160586229187623,-0.09793400162381546,-0.09599693188734658,-0.6864150311038321,-1.1219346579681866,0.788120572110192,-0.05067024735136525,1.9442698273027377,-1.8302071848020645,0.029900171039939576,-0.5529153481880269,0.20728192927233918,-1.3497324772952002,0.08124422975389238,-0.9014578414570699,1.505700364117222,0.7611140380838748,0.7958350483560216,-0.3586670454534737,1.338192992506262,0.25614388938205324,0.5230888209956325,-0.9181896696233641,0.9312261788863537,1.2913833930084762,0.5338723949504409,0.18045909353679657,-0.5500628619051794,0.5259940438848238,-1.0891051321978589
-0.90728356945426325,2.625014353974564,-0.8361512896042298,-0.010227977161693274,-0.22161153800634456,0.042343730211231514,-0.49226928688645694,-1.1160405681715633,-0.8232872614365435,-1.9111412182859426,1.0702113853899045,1.351715738405464,0.9201129821287887,1.6917863059882785,-2.9901762207891482,-0.12591857291783934,0.14900712831271187,-1.9568876210431494,-2.665782858598854,2.0943448987985365,-0.5366761644706111,4.974154564897387,-5.119371105199452,-0.8040093710845959,-0.9973588920628531,0.82080364704518,-2.6769690727644413,0.23286448983719965,-2.4857999084829907,3.890119137484423,1.464098244316119,2.337543256365838,-1.0121042820712272,3.4029232671252814,1.3731049986400308,2.438160222192132,-1.4740543901064962,1.2913833930084762,3.168012490807785,1.3417061143336524,0.49631210145834814,-1.197974329381398,1.5080450530787768,-1.679618998731791
-0.18619683682310792,1.2791893207192406,-0.8420275744307819,-0.019262403819773913,-0.05527980058695085,0.30749481259769845,-0.6385170792737435,-0.5430541844895592,-0.27123565151734724,-0.9418785522180901,0.5190569754447292,0.8503624574886612,0.13116908206198874,0.9498373999154014,-1.6670130333997308,2.9487193558284808e-5,0.1982221405305606,-1.2079636229658826,-1.822637924332234,0.8862378485246234,-0.28779166171983656,2.5594671006929164,-2.5774754546468066,-0.3680979977515847,-0.5032286027559488,0.5365804490202937,-1.470863727978785,0.09425479751425352,-1.3137825606806142,2.139542693813405,0.8734191987047673,1.250126589546249,-0.4684795521238523,1.7957717581778532,0.9478894925413321,1.120202894069296,-1.1158802311863185,0.5338723949504409,1.3417061143336524,0.9589170789551157,0.3697711844035782,-0.45300061230915173,0.9862237673288331,-0.7189820690238594
-0.2877816258981735,0.25743563977997147,-0.3320536283086173,0.020578166956527286,-0.11936745112682134,-0.10675570026778315,-0.3763052662582667,-0.29062410454412113,0.09889343583178045,-0.38403895485116346,0.14960859015313532,0.25166370643501856,0.2966244969680877,0.5998459745022462,-0.6153292542848231,1.173533693234566e-4,-0.09645145844070398,-0.39201792831327703,-0.5373522826582793,0.5609983675098995,0.04223510064411954,1.0346621542956171,-1.1517043008429835,0.04122421244642267,-0.23629731551187383,0.07497063454491609,-0.5733588514821144,0.14010279228725342,-0.4517094548334435,0.7952621570739242,0.3070063051955494,0.5200353511905869,-0.11957423261675373,1.0518810716012996,0.36793376287839785,0.34393609150789395,-0.5005895680946741,0.18045909353679657,0.49631210145834814,0.3697711844035782,0.5098290576075184,-0.552094980454054,0.24978965676529982,-0.3981626860527524
0.826782618063673,-0.08334017563665076,-0.11945898626553582,0.19357350431821624,0.4953534469377765,0.5193228730616424,0.2065096312364113,0.40153047056915553,-0.19272709646425457,0.13156533359614173,-0.0613547285043174,0.0635289958476007,-0.6164058653097252,-0.8403937706519437,0.8617877259256052,0.2669168434653224,0.23848915755214703,-0.05112142696250796,0.4124721465253517,-0.7888120401722213,0.08469697335779038,-0.9697964168753642,1.5401640983659153,-0.16145313860844104,0.24466103784570437,-0.03881291874175869,0.9074405339848082,-0.03524455519291293,0.4635052186093881,-0.7543587540210558,-0.11677261927271973,-0.42298160060383855,0.28217163168900367,-1.619954085752425,-0.3619628402702648,-0.19386341165446716,0.3616204047331368,-0.5500628619051794,-1.197974329381398,-0.45300061230915173,-0.552094980454054,1.3635718590417183,0.07957248947872696,0.9432629292515533
0.10341833511918938,2.185879863083423,-1.2198608652600917,0.2094579201909413,0.2605464411142823,0.6186070455254347,-0.6226475601590246,-0.7196540448942002,-0.7413535573285991,-1.6477955935575335,0.8347844548857416,1.5396771034708876,0.19408670693258637,0.9977295276998435,-2.025801899049069,0.3020398726311394,0.31459395474021734,-1.999199195068372,-2.3267282145742585,1.1428874356495307,-0.2723995262627761,3.658596320271897,-3.3957915284527753,-0.7455448253837318,-0.729748819625319,0.8179153661732383,-1.7776771855219584,0.2768106979176142,-1.9121428986075482,3.026382972221814,1.3334809825468161,1.7534450279995348,-0.5387396668570928,1.7736663358632452,1.0772318172940405,1.8459730441689524,-1.456942067765408,0.5259940438848238,1.5080450530787768,0.9862237673288331,0.24978965676529982,0.07957248947872696,1.6065295530447503,-0.6965283095599895
0.3548715194103495,-1.2701064803668707,0.02356712597765404,-0.05444443645414392,0.12647666249913586,0.09611242087534154,0.3634219094705274,0.8482885130538217,0.44145395291963824,0.6646648173461707,-0.3871332881656928,-1.3677915812317782,-0.620248790226548,-1.5051924212793983,1.5777278878982504,-0.07068519121471027,0.35299601281960197,0.6383692217434812,1.5677869480380435,-1.0292899251052463,0.1147847844176372,-2.3895476808091467,2.6765392128827776,0.05119072047580434,0.5399711365158579,-0.36026307965319554,2.1727786060541723,-0.13754025490876476,1.2490391452961338,-1.8939278702178974,-0.6914661398503784,-1.0705421630109602,0.523016968654611,-1.8244737342532584,-0.08825443517879693,-0.3389861812470518,1.5542388484182792,-1.0891051321978589,-1.679618998731791,-0.7189820690238594,-0.3981626860527524,0.9432629292515533,-0.6965283095599895,2.4764366685407837
