V1,V2,V3,V4,V5,V6,V7,V8,V9,V10,V11,V12,V13,V14,V15,V16,V17,V18,V19,V20,V21,V22,V23,V24,V25,V26,V27,V28,V29,V30,V31,V32,V33,V34,V35,V36,V37,V38,V39,V40,V41,V42,V43,V44
0.7637139350633472,1.9283546246966157,-2.0409451815911437,-3.005420152546948,0.870518265011401,-1.2952186026187684,1.191353556505761,0.5242481122609047,-0.26376845925478604,0.7152406965259142,0.4835251401504354,0.9331623389488163,3.1943191921663328,0.21703182368378438,1.0889160275149652,-0.6810586458027398,3.5262388126120197,0.7019972211327721,0.38029230654005836,2.9257637454099825,1.89556827354133,-1.6153810787072267,-0.192214396177597,1.0130051060991137,-2.0375032510973923,2.3919705037348455,-2.6467688828785954,-1.7297694657733493,0.17029162612956014,-0.04027564257075825,1.1380008387035527,-2.975667051306464,-1.2538025357866072,-1.187815866485064,-2.17323215790135,0.49558910824920216,-0.24895542276535826,-0.7796368859499236,1.3494794478125114,-0.8429810361061114,0.6688692137033423,0.6787142921459013,-0.8459024927735899,0.2960302116756868
1.9283546246966157,7.882016623923008,-9.998925192296966,-13.316776445504601,4.796936139606799,-5.770744612750545,5.220362296841767,2.1552887154764115,-2.3271964465875006,4.546032554401245,-0.9256089813817637,4.623779014396349,11.197273585228041,-0.364080317521179,3.6941758952233466,-4.581823580710007,17.167009002139842,4.618759465869333,2.7775613969022923,13.161768647146943,6.735334771364276,-6.834388456611737,-1.538298727787162,3.430707233316444,-7.563442146612569,8.727707373544,-12.23016667908508,-6.442434884752228,1.7536811901541682,-1.1696954852953263,5.370979459531974,-13.875172983561963,-2.7956092209926426,-4.9843353868318125,-8.875883278023853,0.803113917131254,-0.258050789800748,-3.677732646392131,4.706479032001767,-2.5314472995148547,1.4459036886293937,2.7967612586414283,-3.9738834112637567,-0.21465427064007012
-2.0409451815911437,-9.998925192296966,13.311233180455146,17.2448688745367,-6.440419893325607,7.517640122191356,-6.6610672653485254,-2.605361126437455,3.3960540137132456,-6.37514456531922,2.0673312197528366,-6.149338367116124,-13.626849118923268,0.8286717530114119,-4.436506162942853,6.394231796367217,-22.670440590446923,-6.49940703827176,-4.019970115830647,-17.09598590218275,-8.146121795211133,8.731200339797837,2.2612589066646427,-4.071112809331054,9.431255405676414,-10.629351644846501,15.983671860009911,8.018132788141266,-2.661534353867362,1.9085226839832508,-7.135880455007036,18.259276467521687,2.8128384824457227,6.347615484153732,11.262777726591919,-0.603335763608103,0.07141474349287788,4.950364591966912,-5.691164191191589,2.8568711721245004,-1.3536352936266738,-3.612905525257265,5.084275613111616,0.7427583384496584
-3.005420152546948,-13.316776445504601,17.2448688745367,22.844080064979643,-8.466143347847952,9.88363626042949,-8.99641223314664,-3.8059921406513357,4.231486580971808,-8.00300190463506,2.4059327541171305,-8.006847266915008,-18.420101255755938,0.9570610992890437,-6.002888727659181,8.27705116407947,-29.82165574133188,-8.166164797262924,-4.87016277440416,-22.652963495828978,-11.257107429138816,11.673519055948958,2.743012094452179,-5.666330368876931,12.534384943141465,-14.617571396879498,21.103710943554415,10.701681735720017,-3.1396850372138414,2.1305640303675992,-9.195331981900141,23.849578044422817,4.067262111326842,8.507549179442494,15.039778247700964,-1.0348552559818638,0.28999272055566155,6.204270031504306,-7.782213494882816,4.11203980589852,-2.1813405091859166,-4.642451823050413,6.995260081575199,0.7125088173245442
0.870518265011401,4.796936139606799,-6.440419893325607,-8.466143347847952,3.3955786261240095,-3.6206936248455306,3.446817084429162,1.5959094955615583,-1.746533057942695,3.103389676972589,-1.59763998425707,3.032512037908338,6.192218899834736,-0.6731854135352584,1.9789304161818504,-3.401999642389957,11.394310954343947,3.197975980303437,1.848886152498536,8.46021346950526,3.9867016892279943,-4.302844062406431,-1.0515691755009218,1.9600969617906143,-4.224452146541189,5.218079151650918,-7.933534992160627,-3.6610811415558775,1.2135166803803636,-0.8320577784565506,3.3433287894642505,-8.838769291341658,-0.9060715817753979,-3.13007960225229,-5.429880180811313,0.11822729551455717,0.03144045364700313,-2.1407072821506166,2.6748670678250863,-1.378935500263627,0.6119516314549823,1.5766781690009875,-2.846195945310073,-0.5476025635230409
-1.2952186026187684,-5.770744612750545,7.517640122191356,9.88363626042949,-3.6206936248455306,4.303111618597033,-3.836575188899659,-1.5434558630277044,1.8465314225890572,-3.5139062582732996,0.9643358070962866,-3.474780029842603,-8.022276305611138,0.3758259085868693,-2.6168375813909526,3.553495314175113,-12.873353109741451,-3.57628312510052,-2.179138895502553,-9.790789901022132,-4.8239984396488085,5.037953347246035,1.23031948772641,-2.425752298987412,5.501268432991197,-6.263929602053494,9.123666205868245,4.674603579247508,-1.4180955463268348,0.9832049869888121,-4.038262222411001,10.380990134075667,1.812082190384113,3.6648567660060127,6.514676943357371,-0.451992922249794,0.11984746122241824,2.776966196274946,-3.3627529527991786,1.7467869515319217,-0.9116589828576203,-2.0599821830316376,2.92577836477338,0.2985276777886841
1.191353556505761,5.220362296841767,-6.6610672653485254,-8.99641223314664,3.446817084429162,-3.836575188899659,3.6931459697539357,1.74981149357985,-1.6385487527226548,3.0383735915922343,-1.148952582741918,3.1299949752020146,7.119381832662638,-0.4827104668413308,2.3154321148095853,-3.330179308527977,11.835919649798427,3.113869180371454,1.7511869707624075,8.953278619936377,4.544942868362259,-4.6348303039584495,-0.9791507025112253,2.2857601813102595,-4.742504429801528,5.899223486391823,-8.33758227551059,-4.108266540602538,1.096833812153441,-0.6910561871188644,3.4752680653846273,-9.25249767927594,-1.4625989519436824,-3.3859795909668575,-5.906815076981643,0.38353020541339355,-0.11973703581883677,-2.218867080134533,3.075597680200684,-1.6962241383784764,0.9339362669860133,1.708335395283381,-3.00867017743189,-0.30419334429692213
0.5242481122609047,2.1552887154764115,-2.605361126437455,-3.8059921406513357,1.5959094955615583,-1.5434558630277044,1.74981149357985,1.0974581242075125,-0.6466257606498638,1.0998432906216629,-0.7727163838231156,1.2802585939184201,2.7978712390582436,-0.33721470191591896,0.8862411644525278,-1.5225031189326999,5.113027476204223,1.1560783067936267,0.4802283051292323,3.8348402266861963,2.0842670412718958,-2.010232840498291,-0.2757577256937034,1.043663298099709,-1.7339837383822252,2.693017543055077,-3.558681171834819,-1.5731536846511003,0.25530887636032723,-0.07212832012248051,1.2592291748276223,-3.695586139165565,-0.4115041422325695,-1.4829011999406625,-2.471075701261443,0.127736567241509,-0.07853192084557635,-0.6041774134355796,1.3057561372320698,-0.8236005275821779,0.5011014772925328,0.5291502538491095,-1.6170522450035156,-0.15819315247068022
-0.26376845925478604,-2.3271964465875006,3.3960540137132456,4.231486580971808,-1.746533057942695,1.8465314225890572,-1.6385487527226548,-0.6466257606498638,1.026549650876231,-1.7697515290548642,1.0581372639858058,-1.5837701236273252,-2.811826896081023,0.43619153918110853,-0.8729361792737148,1.8496310803507585,-5.8314060275616235,-1.8229756092535279,-1.1357208940941264,-4.240227858129233,-1.7464759402664918,2.096054030670649,0.6600564315715637,-0.8210924306448295,2.038547837734971,-2.312928891697846,4.013953733524543,1.7446153088229412,-0.7966638735076936,0.6095588480813512,-1.7872056417012059,4.574164137605089,0.19534299850424744,1.5104093235977119,2.63436717439305,0.09937847191201585,-0.11530091287037783,1.2113078415710476,-1.1855387074660249,0.5073883978613648,-0.09000995009473184,-0.8237215573810317,1.3180642321402005,0.437550190727299
0.7152406965259142,4.546032554401245,-6.37514456531922,-8.00300190463506,3.103389676972589,-3.5139062582732996,3.0383735915922343,1.0998432906216629,-1.7697515290548642,3.217104244798215,-1.3764516200324142,2.9399789007377857,5.907188978068659,-0.5614067849555164,1.8996035554611175,-3.187708895358028,10.739219299602182,3.2883174390487655,2.0962795239890104,7.955808710532743,3.4833808128590897,-3.99080389146018,-1.1898465466059491,1.7033425671255875,-4.210153852094291,4.592038850540436,-7.49027979617631,-3.568317353432198,1.4405077207897696,-1.0924213447271232,3.412135357299636,-8.633392500634205,-0.9179339834803237,-2.8895827091118718,-5.115109988414078,0.0668597199902399,0.10536369287842975,-2.409291121439893,2.441088178685254,-1.111652322705587,0.3652002636923739,1.6872572840953846,-2.3152790349099543,-0.5760858348099898
0.4835251401504354,-0.9256089813817637,2.0673312197528366,2.4059327541171305,-1.59763998425707,0.9643358070962866,-1.148952582741918,-0.7727163838231156,1.0581372639858058,-1.3764516200324142,2.4171682716871667,-1.0584106722147122,0.08051807960792741,1.030436524555931,0.181628005531352,1.939093574482186,-4.167310647084991,-1.4962036472332718,-0.7787227272403889,-2.5764478581309804,-0.4572167771747048,1.1125335821996798,0.507690837841873,-0.06910823404825997,0.10901069193803764,-0.7098279650478798,2.559818990104916,0.20549448690346792,-0.6301687361226592,0.5058478377399839,-0.8833915882349521,2.6189177564699664,-1.461965200481773,0.794432742509446,1.109011932396182,0.7613738892545341,-0.4039527986341002,0.33161552596555915,-0.0944601482586939,-0.12668306144078875,0.5059578442736146,-0.09532696092931674,1.3157510238095553,0.9873591507962612
0.9331623389488163,4.623779014396349,-6.149338367116124,-8.006847266915008,3.032512037908338,-3.474780029842603,3.1299949752020146,1.2802585939184201,-1.5837701236273252,2.9399789007377857,-1.0584106722147122,2.854090798590336,6.244234038451643,-0.4300174710163798,2.0247562627563855,-3.0123168048525355,10.568018572123556,3.0046506402560516,1.828746220507908,7.95145198104632,3.7980368526802537,-4.060772989536805,-1.031751894770238,1.8910297432297418,-4.303929909217506,4.954403337955155,-7.4362770576509245,-3.6733232615255718,1.20448198466652,-0.8524976454211736,3.2765884093084168,-8.444267368465635,-1.227221571673856,-2.950909859007148,-5.215115304582271,0.25329439111162483,-0.02723246991001095,-2.2311497661099504,2.6293286370665983,-1.3320248246935456,0.632410649491391,1.634819576613243,-2.4339704377534295,-0.3699023265976878
3.1943191921663328,11.197273585228041,-13.626849118923268,-18.420101255755938,6.192218899834736,-8.022276305611138,7.119381832662638,2.7978712390582436,-2.811826896081023,5.907188978068659,0.08051807960792741,6.244234038451643,16.767101559594487,0.08343299796745549,5.62020965405411,-5.662864797991417,23.093087760685055,5.942136727475893,3.6213064289750543,18.090346171944905,9.814488352208974,-9.538806247255847,-1.9627942545737962,5.099924727806745,-11.209599671342312,12.638908040657329,-16.700671433206153,-9.485392789456387,2.196871629620744,-1.397830852246975,7.445618051651142,-19.083804764243062,-5.0620608515904255,-6.972147964294011,-12.581578902914584,1.6699506333132308,-0.6474820559319285,-5.240674813320629,6.981054393325132,-3.883727390008115,2.4945777470369497,4.0893392492127685,-5.174850744857082,0.29603614100540926
0.21703182368378438,-0.364080317521179,0.8286717530114119,0.9570610992890437,-0.6731854135352584,0.3758259085868693,-0.4827104668413308,-0.33721470191591896,0.43619153918110853,-0.5614067849555164,1.030436524555931,-0.4300174710163798,0.08343299796745549,0.4497698454198516,0.08453478738049129,0.7985997296374141,-1.698293695806006,-0.6118795831969989,-0.3139199172124274,-1.0305868504256612,-0.17047715451396037,0.4435212520864347,0.19874245010797942,-0.0214342609589491,-0.002497079629095651,-0.2783888436430589,1.0315530376301718,0.052289897038922034,-0.24856337537808443,0.1971963456537353,-0.33902485704876384,1.0401386714005225,-0.6347526999231399,0.31502544575746105,0.4307888711632482,0.3240372559862997,-0.18026438891221366,0.10948090041703003,-0.022931370913829092,-0.05740093620420074,0.2128568119318353,-0.02686074378367746,0.5634821780057491,0.41980940845683723
1.0889160275149652,3.6941758952233466,-4.436506162942853,-6.002888727659181,1.9789304161818504,-2.6168375813909526,2.3154321148095853,0.8862411644525278,-0.8729361792737148,1.8996035554611175,0.181628005531352,2.0247562627563855,5.62020965405411,0.08453478738049129,1.9086675954369419,-1.7640417645879962,7.460842977627286,1.904102028374794,1.1750676959777013,5.875484392789381,3.2364886315109596,-3.1153100286479676,-0.6219195665708569,1.7057589305174625,-3.740254950912863,4.177898979260732,-5.416811594427914,-3.1558194025061073,0.6996419105002589,-0.43919389096379124,2.4302293539415234,-6.21584124734637,-1.7916682521262814,-2.284410155151099,-4.134302729406342,0.6131677192575427,-0.23178503058220726,-1.738325432784243,2.3229815200777,-1.3064374527246434,0.8616620970769344,1.3710044407377904,-1.6501656267982316,0.1554387227424105
-0.6810586458027398,-4.581823580710007,6.394231796367217,8.27705116407947,-3.401999642389957,3.553495314175113,-3.330179308527977,-1.5225031189326999,1.8496310803507585,-3.187708895358028,1.939093574482186,-3.0123168048525355,-5.662864797991417,0.7985997296374141,-1.7640417645879962,3.534222808142311,-11.307842836428996,-3.298575430861113,-1.9258994618545533,-8.299721067673952,-3.6859492102333284,4.162870675031424,1.1261455547940757,-1.7738377407435053,3.9606160896913294,-4.845183528581214,7.81257817595162,3.423441636630719,-1.314146964093738,0.9398381401226586,-3.313516670102919,8.717321134111975,0.5319908221823725,3.0243913603214088,5.209187089057546,0.06531335516888877,-0.11339590039630447,2.1217249735311134,-2.444235291697484,1.1897221862170007,-0.4005165969139271,-1.4984034685498124,2.7796876443629968,0.7179285238665165
3.5262388126120197,17.167009002139842,-22.670440590446923,-29.82165574133188,11.394310954343947,-12.873353109741451,11.835919649798427,5.113027476204223,-5.8314060275616235,10.739219299602182,-4.167310647084991,10.568018572123556,23.093087760685055,-1.698293695806006,7.460842977627286,-11.307842836428996,39.43291774394605,10.995976464655376,6.526557130051399,29.65977009549569,14.322921783345993,-15.178973292254422,-3.6994457046366933,7.131814611568733,-15.797872962320762,18.660706949578444,-27.714588961368435,-13.544056979643424,4.271205211957488,-2.946264771776248,11.986746206758191,-31.219383292149406,-4.413015729996125,-11.05075482394191,-19.407112027188806,0.9298892585663334,-0.15366355653096203,-7.984160203118999,9.810616216420614,-5.085243802927386,2.4782631486032005,5.899819720648679,-9.387218645651076,-1.3746486824667798
0.7019972211327721,4.618759465869333,-6.49940703827176,-8.166164797262924,3.197975980303437,-3.57628312510052,3.113869180371454,1.1560783067936267,-1.8229756092535279,3.2883174390487655,-1.4962036472332718,3.0046506402560516,5.942136727475893,-0.6118795831969989,1.904102028374794,-3.298575430861113,10.995976464655376,3.3696158324948096,2.132247511557498,8.125597556316764,3.535717152947875,-4.069051929699918,-1.2148176963561383,1.7261643831563553,-4.238080820410436,4.668149302933395,-7.654869534121569,-3.5949541907557196,1.4666512042690012,-1.1100321583705508,3.466122083907243,-8.797046741643621,-0.8580831193781302,-2.948107464422629,-5.200073621129702,0.03810073462241235,0.11968961642839988,-2.425958174614447,2.462284071469687,-1.1199707467348758,0.35211940254323015,1.693962130337558,-2.399642490024714,-0.6229654486926512
0.38029230654005836,2.7775613969022923,-4.019970115830647,-4.87016277440416,1.848886152498536,-2.179138895502553,1.7511869707624075,0.4802283051292323,-1.1357208940941264,2.0962795239890104,-0.7787227272403889,1.828746220507908,3.6213064289750543,-0.3139199172124274,1.1750676959777013,-1.9258994618545533,6.526557130051399,2.132247511557498,1.4477911205604095,4.821763558287405,1.9864276807249197,-2.3934421616777257,-0.8160350111822083,0.9669335371079111,-2.6608538956428522,2.6398056570219692,-4.556664643682679,-2.2193940988361662,1.013214607323531,-0.8070341873577055,2.195753622976999,-5.389137032579122,-0.5864985588814493,-1.7241824215531567,-3.105749715733412,0.019006140875324738,0.10589029127034226,-1.6456001611576172,1.4463379472959892,-0.5856812913490148,0.12331873481050505,1.121740587410361,-1.2382758456869425,-0.3807121508334556
2.9257637454099825,13.161768647146943,-17.09598590218275,-22.652963495828978,8.46021346950526,-9.790789901022132,8.953278619936377,3.8348402266861963,-4.240227858129233,7.955808710532743,-2.5764478581309804,7.95145198104632,18.090346171944905,-1.0305868504256612,5.875484392789381,-8.299721067673952,29.65977009549569,8.125597556316764,4.821763558287405,22.48748407344256,11.133643728256667,-11.574536671690016,-2.72582829942845,5.58209994166723,-12.312406638992801,14.455163395262717,-20.959955486030097,-10.52933699608377,3.1136167784952997,-2.1105376806557152,9.09522660147403,-23.640252788494617,-3.8687854550176795,-8.428209811899876,-14.877821388391409,0.9518434214626472,-0.2598328755212056,-6.092583626367023,7.667739834213533,-4.04542119855772,2.121721502712871,4.5538207544245495,-7.012315756966714,-0.7742784084317397
1.89556827354133,6.735334771364276,-8.146121795211133,-11.257107429138816,3.9867016892279943,-4.8239984396488085,4.544942868362259,2.0842670412718958,-1.7464759402664918,3.4833808128590897,-0.4572167771747048,3.7980368526802537,9.814488352208974,-0.17047715451396037,3.2364886315109596,-3.6859492102333284,14.322921783345993,3.535717152947875,1.9864276807249197,11.133643728256667,6.103443592524765,-5.869170023562837,-1.096336245479115,3.119697276418557,-6.456681624371614,7.831440318223385,-10.283399102538384,-5.548135204125337,1.171401824727139,-0.6732825224295343,4.353995152856119,-11.474818624754821,-2.6853017507366497,-4.282327555325097,-7.615222875865413,0.8794017329301081,-0.3827978708498153,-2.843457683564962,4.207888792254478,-2.412323661493815,1.5564100293119845,2.2685256982392823,-3.5488967736217885,0.06173091520292049
-1.6153810787072267,-6.834388456611737,8.731200339797837,11.673519055948958,-4.302844062406431,5.037953347246035,-4.6348303039584495,-2.010232840498291,2.096054030670649,-3.99080389146018,1.1125335821996798,-4.060772989536805,-9.538806247255847,0.4435212520864347,-3.1153100286479676,4.162870675031424,-15.178973292254422,-4.069051929699918,-2.3934421616777257,-11.574536671690016,-5.869170023562837,5.992597644391235,1.344175839042726,-2.962623754312128,6.440023129831065,-7.60328214367177,10.765761837577084,5.50950935654953,-1.5184248660985902,1.0006008033765588,-4.649333377947332,12.120679340562482,2.192675000715113,4.367903187922096,7.723348813701178,-0.5950779898271936,0.19405155778189345,3.105814996805866,-4.048205202329374,2.1824623176451245,-1.213657464571412,-2.3559428327263667,3.6200009997109936,0.28673838677725894
-0.192214396177597,-1.538298727787162,2.2612589066646427,2.743012094452179,-1.0515691755009218,1.23031948772641,-0.9791507025112253,-0.2757577256937034,0.6600564315715637,-1.1898465466059491,0.507690837841873,-1.031751894770238,-1.9627942545737962,0.19874245010797942,-0.6219195665708569,1.1261455547940757,-3.6994457046366933,-1.2148176963561383,-0.8160350111822083,-2.72582829942845,-1.096336245479115,1.344175839042726,0.47561023555861787,-0.5230235045666389,1.4657191698520786,-1.454376820730461,2.57806934880097,1.2155608945711303,-0.5781986657004335,0.4596478040451704,-1.2361371020766472,3.035089886132401,0.2637338451624387,0.9634809164297656,1.7337924661807849,0.022674167443641077,-0.064576130995238,0.9113242279828395,-0.7852329173499758,0.30828475983146947,-0.04422281992779159,-0.6104678451002505,0.7022983312520366,0.2399028481810223
1.0130051060991137,3.430707233316444,-4.071112809331054,-5.666330368876931,1.9600969617906143,-2.425752298987412,2.2857601813102595,1.043663298099709,-0.8210924306448295,1.7033425671255875,-0.06910823404825997,1.8910297432297418,5.099924727806745,-0.0214342609589491,1.7057589305174625,-1.7738377407435053,7.131814611568733,1.7261643831563553,0.9669335371079111,5.58209994166723,3.119697276418557,-2.962623754312128,-0.5230235045666389,1.6286499005439905,-3.3355823955886192,4.016245891849652,-5.142752905007627,-2.8517860884251616,0.5554897378095001,-0.3026923934909944,2.1763798673767822,-5.746911281787479,-1.4991391834269219,-2.177242915214433,-3.8676825747608845,0.5229020403013228,-0.22499974220746358,-1.4413492058677944,2.1655381331991483,-1.2678600277624335,0.8426899489035543,1.16495690646881,-1.7608860730040747,0.09844443678919637
-2.0375032510973923,-7.563442146612569,9.431255405676414,12.534384943141465,-4.224452146541189,5.501268432991197,-4.742504429801528,-1.7339837383822252,2.038547837734971,-4.210153852094291,0.10901069193803764,-4.303929909217506,-11.209599671342312,-0.002497079629095651,-3.740254950912863,3.9606160896913294,-15.797872962320762,-4.238080820410436,-2.6608538956428522,-12.312406638992801,-6.456681624371614,6.440023129831065,1.4657191698520786,-3.3355823955886192,7.614533293856562,-8.335772878722928,11.395229651610666,6.402787778647222,-1.670455993870641,1.1287740468594887,-5.183592996362065,13.131975255001384,3.2681644532963734,4.6964042819512315,8.501611450369065,-1.016575478358081,0.36500318170468854,3.71814181208057,-4.622069472762627,2.48323863851078,-1.5103910243867877,-2.829078584424647,3.382185693877721,-0.07902589978390934
2.3919705037348455,8.727707373544,-10.629351644846501,-14.617571396879498,5.218079151650918,-6.263929602053494,5.899223486391823,2.693017543055077,-2.312928891697846,4.592038850540436,-0.7098279650478798,4.954403337955155,12.638908040657329,-0.2783888436430589,4.177898979260732,-4.845183528581214,18.660706949578444,4.668149302933395,2.6398056570219692,14.455163395262717,7.831440318223385,-7.60328214367177,-1.454376820730461,4.016245891849652,-8.335772878722928,10.084728925539725,-13.367153812639788,-7.151588203496834,1.569925524534891,-0.9197333887325806,5.66458222099086,-14.93031268871751,-3.3864891776948984,-5.556747643612255,-9.857462389810552,1.096851451944031,-0.4545790162515551,-3.713755928381084,5.400247008950829,-3.081436788134171,1.949835307009758,2.946909135642714,-4.609758574893109,0.012874714352794888
-2.6467688828785954,-12.23016667908508,15.983671860009911,21.103710943554415,-7.933534992160627,9.123666205868245,-8.33758227551059,-3.558681171834819,4.013953733524543,-7.49027979617631,2.559818990104916,-7.4362770576509245,-16.700671433206153,1.0315530376301718,-5.416811594427914,7.81257817595162,-27.714588961368435,-7.654869534121569,-4.556664643682679,-20.959955486030097,-10.283399102538384,10.765761837577084,2.57806934880097,-5.142752905007627,11.395229651610666,-13.367153812639788,19.555081881156415,9.747284850375243,-2.956685331065546,2.022198500327155,-8.495475913268436,22.066116786468026,3.4610157383216453,7.834124129964622,13.821753133770159,-0.8127220295263585,0.1941147786079467,5.692889879652653,-7.0775872000677404,3.7031417259046786,-1.89551981231532,-4.236421961823401,6.5417717851147685,0.8028840330410074
-1.7297694657733493,-6.442434884752228,8.018132788141266,10.701681735720017,-3.6610811415558775,4.674603579247508,-4.108266540602538,-1.5731536846511003,1.7446153088229412,-3.568317353432198,0.20549448690346792,-3.6733232615255718,-9.485392789456387,0.052289897038922034,-3.1558194025061073,3.423441636630719,-13.544056979643424,-3.5949541907557196,-2.2193940988361662,-10.52933699608377,-5.548135204125337,5.50950935654953,1.2155608945711303,-2.8517860884251616,6.402787778647222,-7.151588203496834,9.747284850375243,5.422946431629066,-1.3876938053375303,0.9262654216076545,-4.380203811725542,11.172072101977069,2.7040400667837705,4.0164570590778705,7.243121952604685,-0.8397128497210639,0.3031363931289517,3.0974779867550475,-3.9469753736496314,2.1359572366322483,-1.3032698694854308,-2.3712653532908496,2.9921278947422723,-0.04089362315732888
0.17029162612956014,1.7536811901541682,-2.661534353867362,-3.1396850372138414,1.2135166803803636,-1.4180955463268348,1.096833812153441,0.25530887636032723,-0.7966638735076936,1.4405077207897696,-0.6301687361226592,1.20448198466652,2.196871629620744,-0.24856337537808443,0.6996419105002589,-1.314146964093738,4.271205211957488,1.4666512042690012,1.013214607323531,3.1136167784952997,1.171401824727139,-1.5184248660985902,-0.5781986657004335,0.5554897378095001,-1.670455993870641,1.569925524534891,-2.956685331065546,-1.3876938053375303,0.7341725634871465,-0.6032623488908263,1.4571258588814453,-3.5316912424301252,-0.25320947000227595,-1.093746510009449,-1.9619586590920501,-0.05858317611064388,0.108823137556208,-1.1157045562663905,0.8616362354890424,-0.3003960095186172,-0.017029517555967492,0.7310885325488569,-0.7639538684409722,-0.321499086885182
-0.04027564257075825,-1.1696954852953263,1.9085226839832508,2.1305640303675992,-0.8320577784565506,0.9832049869888121,-0.6910561871188644,-0.07212832012248051,0.6095588480813512,-1.0924213447271232,0.5058478377399839,-0.8524976454211736,-1.397830852246975,0.1971963456537353,-0.43919389096379124,0.9398381401226586,-2.946264771776248,-1.1100321583705508,-0.8070341873577055,-2.1105376806557152,-0.6732825224295343,1.0006008033765588,0.4596478040451704,-0.3026923934909944,1.1287740468594887,-0.9197333887325806,2.022198500327155,0.9262654216076545,-0.6032623488908263,0.5195923331000066,-1.0615595278302175,2.4872402921480172,0.08787331930211291,0.7157924118889366,1.2994145664126513,0.10020698256482373,-0.12091097789931149,0.8572354428605728,-0.522892364802673,0.11614812927757401,0.11428233690780966,-0.535652119350322,0.4408090741565653,0.2869393186716133
1.1380008387035527,5.370979459531974,-7.135880455007036,-9.195331981900141,3.3433287894642505,-4.038262222411001,3.4752680653846273,1.2592291748276223,-1.7872056417012059,3.412135357299636,-0.8833915882349521,3.2765884093084168,7.445618051651142,-0.33902485704876384,2.4302293539415234,-3.313516670102919,11.986746206758191,3.466122083907243,2.195753622976999,9.09522660147403,4.353995152856119,-4.649333377947332,-1.2361371020766472,2.1763798673767822,-5.183592996362065,5.66458222099086,-8.495475913268436,-4.380203811725542,1.4571258588814453,-1.0615595278302175,3.8771792965851963,-9.79253710717951,-1.6739575830945732,-3.369710704571892,-6.043795364250159,0.3809242400465383,-0.06424205794879748,-2.751560314700946,3.0817597516899173,-1.5254159078289156,0.740602265242748,2.000960320565491,-2.568361728121833,-0.32718879303441345
-2.975667051306464,-13.875172983561963,18.259276467521687,23.849578044422817,-8.838769291341658,10.380990134075667,-9.25249767927594,-3.695586139165565,4.574164137605089,-8.633392500634205,2.6189177564699664,-8.444267368465635,-19.083804764243062,1.0401386714005225,-6.21584124734637,8.717321134111975,-31.219383292149406,-8.797046741643621,-5.389137032579122,-23.640252788494617,-11.474818624754821,12.120679340562482,3.035089886132401,-5.746911281787479,13.131975255001384,-14.93031268871751,22.066116786468026,11.172072101977069,-3.5316912424301252,2.4872402921480172,-9.79253710717951,25.136444749873103,4.11314536392767,8.81152908079584,15.647075616622162,-0.9579558609608003,0.1940025260920942,6.743347762035263,-7.998986105796249,4.091842335235674,-2.0485805337651146,-4.968213551968957,7.078621235464631,0.877076385024635
-1.2538025357866072,-2.7956092209926426,2.8128384824457227,4.067262111326842,-0.9060715817753979,1.812082190384113,-1.4625989519436824,-0.4115041422325695,0.19534299850424744,-0.9179339834803237,-1.461965200481773,-1.227221571673856,-5.0620608515904255,-0.6347526999231399,-1.7916682521262814,0.5319908221823725,-4.413015729996125,-0.8580831193781302,-0.5864985588814493,-3.8687854550176795,-2.6853017507366497,2.192675000715113,0.2637338451624387,-1.4991391834269219,3.2681644532963734,-3.3864891776948984,3.4610157383216453,2.7040400667837705,-0.25320947000227595,0.08787331930211291,-1.6739575830945732,4.11314536392767,2.3880100580270325,1.6169401891750377,3.1000877590031584,-0.9621316863759664,0.4413981048735499,1.3347600213668527,-2.0390444731917152,1.2557424815890865,-1.0689600513230326,-1.1504260116297527,0.7943493403586244,-0.684533683761916
-1.187815866485064,-4.9843353868318125,6.347615484153732,8.507549179442494,-3.13007960225229,3.6648567660060127,-3.3859795909668575,-1.4829011999406625,1.5104093235977119,-2.8895827091118718,0.794432742509446,-2.950909859007148,-6.972147964294011,0.31502544575746105,-2.284410155151099,3.0243913603214088,-11.05075482394191,-2.948107464422629,-1.7241824215531567,-8.428209811899876,-4.282327555325097,4.367903187922096,0.9634809164297656,-2.177242915214433,4.6964042819512315,-5.556747643612255,7.834124129964622,4.0164570590778705,-1.093746510009449,0.7157924118889366,-3.369710704571892,8.81152908079584,1.6169401891750377,3.198799583807317,5.62962137331062,-0.4523136549409403,0.15051476187088172,2.253460568960116,-2.9531145639580356,1.6063547225294357,-0.895613803832367,-1.711516030308943,2.650026433991888,0.20077668346690503
-2.17323215790135,-8.875883278023853,11.262777726591919,15.039778247700964,-5.429880180811313,6.514676943357371,-5.906815076981643,-2.471075701261443,2.63436717439305,-5.115109988414078,1.109011932396182,-5.215115304582271,-12.581578902914584,0.4307888711632482,-4.134302729406342,5.209187089057546,-19.407112027188806,-5.200073621129702,-3.105749715733412,-14.877821388391409,-7.615222875865413,7.723348813701178,1.7337924661807849,-3.8676825747608845,8.501611450369065,-9.857462389810552,13.821753133770159,7.243121952604685,-1.9619586590920501,1.2994145664126513,-6.043795364250159,15.647075616622162,3.1000877590031584,5.62962137331062,10.014294936092357,-0.8824858145761811,0.29648642795887803,4.109023483519737,-5.301656860219008,2.858157047554408,-1.6314822676080085,-3.123309638637043,4.521261466384469,0.2532272493338644
0.49558910824920216,0.803113917131254,-0.603335763608103,-1.0348552559818638,0.11822729551455717,-0.451992922249794,0.38353020541339355,0.127736567241509,0.09937847191201585,0.0668597199902399,0.7613738892545341,0.25329439111162483,1.6699506333132308,0.3240372559862997,0.6131677192575427,0.06531335516888877,0.9298892585663334,0.03810073462241235,0.019006140875324738,0.9518434214626472,0.8794017329301081,-0.5950779898271936,0.022674167443641077,0.5229020403013228,-1.016575478358081,1.096851451944031,-0.8127220295263585,-0.8397128497210639,-0.05858317611064388,0.10020698256482373,0.3809242400465383,-0.9579558609608003,-0.9621316863759664,-0.4523136549409403,-0.8824858145761811,0.4299568363345761,-0.21221642725395887,-0.3170279215438171,0.6739627605495875,-0.4721600770697693,0.45932231618316943,0.32503185056729916,-0.1761733098882139,0.36086436908255226
-0.24895542276535826,-0.258050789800748,0.07141474349287788,0.28999272055566155,0.03144045364700313,0.11984746122241824,-0.11973703581883677,-0.07853192084557635,-0.11530091287037783,0.10536369287842975,-0.4039527986341002,-0.02723246991001095,-0.6474820559319285,-0.18026438891221366,-0.23178503058220726,-0.11339590039630447,-0.15366355653096203,0.11968961642839988,0.10589029127034226,-0.2598328755212056,-0.3827978708498153,0.19405155778189345,-0.064576130995238,-0.22499974220746358,0.36500318170468854,-0.4545790162515551,0.1941147786079467,0.3031363931289517,0.108823137556208,-0.12091097789931149,-0.06424205794879748,0.1940025260920942,0.4413981048735499,0.15051476187088172,0.29648642795887803,-0.21221642725395887,0.1318715438019856,0.03730268962059104,-0.27640708814193177,0.226382692200314,-0.24645553608975584,-0.0802573490048403,0.05767406350912798,-0.20926446576621022
-0.7796368859499236,-3.677732646392131,4.950364591966912,6.204270031504306,-2.1407072821506166,2.776966196274946,-2.218867080134533,-0.6041774134355796,1.2113078415710476,-2.409291121439893,0.33161552596555915,-2.2311497661099504,-5.240674813320629,0.10948090041703003,-1.738325432784243,2.1217249735311134,-7.984160203118999,-2.425958174614447,-1.6456001611576172,-6.092583626367023,-2.843457683564962,3.105814996805866,0.9113242279828395,-1.4413492058677944,3.71814181208057,-3.713755928381084,5.692889879652653,3.0974779867550475,-1.1157045562663905,0.8572354428605728,-2.751560314700946,6.743347762035263,1.3347600213668527,2.253460568960116,4.109023483519737,-0.3170279215438171,0.03730268962059104,2.0960347369580528,-2.0971617524158277,0.980314008715541,-0.4495482009412843,-1.494735372036739,1.4903201685895675,0.17303935518497188
1.3494794478125114,4.706479032001767,-5.691164191191589,-7.782213494882816,2.6748670678250863,-3.3627529527991786,3.075597680200684,1.3057561372320698,-1.1855387074660249,2.441088178685254,-0.0944601482586939,2.6293286370665983,6.981054393325132,-0.022931370913829092,2.3229815200777,-2.444235291697484,9.810616216420614,2.462284071469687,1.4463379472959892,7.667739834213533,4.207888792254478,-4.048205202329374,-0.7852329173499758,2.1655381331991483,-4.622069472762627,5.400247008950829,-7.0775872000677404,-3.9469753736496314,0.8616362354890424,-0.522892364802673,3.0817597516899173,-7.998986105796249,-2.0390444731917152,-2.9531145639580356,-5.301656860219008,0.6739627605495875,-0.27640708814193177,-2.0971617524158277,2.9531706161768843,-1.6679830907052113,1.084887941867022,1.6587673810119699,-2.3136767309859674,0.10493792371698875
-0.8429810361061114,-2.5314472995148547,2.8568711721245004,4.11203980589852,-1.378935500263627,1.7467869515319217,-1.6962241383784764,-0.8236005275821779,0.5073883978613648,-1.111652322705587,-0.12668306144078875,-1.3320248246935456,-3.883727390008115,-0.05740093620420074,-1.3064374527246434,1.1897221862170007,-5.085243802927386,-1.1199707467348758,-0.5856812913490148,-4.04542119855772,-2.412323661493815,2.1824623176451245,0.30828475983146947,-1.2678600277624335,2.48323863851078,-3.081436788134171,3.7031417259046786,2.1359572366322483,-0.3003960095186172,0.11614812927757401,-1.5254159078289156,4.091842335235674,1.2557424815890865,1.6063547225294357,2.858157047554408,-0.4721600770697693,0.226382692200314,0.980314008715541,-1.6679830907052113,1.0239807928844733,-0.7388617894759093,-0.8345067426818681,1.3172593030711346,-0.17724031950118865
0.6688692137033423,1.4459036886293937,-1.3536352936266738,-2.1813405091859166,0.6119516314549823,-0.9116589828576203,0.9339362669860133,0.5011014772925328,-0.09000995009473184,0.3652002636923739,0.5059578442736146,0.632410649491391,2.4945777470369497,0.2128568119318353,0.8616620970769344,-0.4005165969139271,2.4782631486032005,0.35211940254323015,0.12331873481050505,2.121721502712871,1.5564100293119845,-1.213657464571412,-0.04422281992779159,0.8426899489035543,-1.5103910243867877,1.949835307009758,-1.89551981231532,-1.3032698694854308,-0.017029517555967492,0.11428233690780966,0.740602265242748,-2.0485805337651146,-1.0689600513230326,-0.895613803832367,-1.6314822676080085,0.45932231618316943,-0.24645553608975584,-0.4495482009412843,1.084887941867022,-0.7388617894759093,0.6391692240601687,0.45943127341574536,-0.704925735901314,0.32264297186019725
0.6787142921459013,2.7967612586414283,-3.612905525257265,-4.642451823050413,1.5766781690009875,-2.0599821830316376,1.708335395283381,0.5291502538491095,-0.8237215573810317,1.6872572840953846,-0.09532696092931674,1.634819576613243,4.0893392492127685,-0.02686074378367746,1.3710044407377904,-1.4984034685498124,5.899819720648679,1.693962130337558,1.121740587410361,4.5538207544245495,2.2685256982392823,-2.3559428327263667,-0.6104678451002505,1.16495690646881,-2.829078584424647,2.946909135642714,-4.236421961823401,-2.3712653532908496,0.7310885325488569,-0.535652119350322,2.000960320565491,-4.968213551968957,-1.1504260116297527,-1.711516030308943,-3.123309638637043,0.32503185056729916,-0.0802573490048403,-1.494735372036739,1.6587673810119699,-0.8345067426818681,0.45943127341574536,1.106460270118987,-1.1691586119048143,-0.03578565623471752
-0.8459024927735899,-3.9738834112637567,5.084275613111616,6.995260081575199,-2.846195945310073,2.92577836477338,-3.00867017743189,-1.6170522450035156,1.3180642321402005,-2.3152790349099543,1.3157510238095553,-2.4339704377534295,-5.174850744857082,0.5634821780057491,-1.6501656267982316,2.7796876443629968,-9.387218645651076,-2.399642490024714,-1.2382758456869425,-7.012315756966714,-3.5488967736217885,3.6200009997109936,0.7022983312520366,-1.7608860730040747,3.382185693877721,-4.609758574893109,6.5417717851147685,2.9921278947422723,-0.7639538684409722,0.4408090741565653,-2.568361728121833,7.078621235464631,0.7943493403586244,2.650026433991888,4.521261466384469,-0.1761733098882139,0.05767406350912798,1.4903201685895675,-2.3136767309859674,1.3172593030711346,-0.704925735901314,-1.1691586119048143,2.6145650720773697,0.36048959035702494
0.2960302116756868,-0.21465427064007012,0.7427583384496584,0.7125088173245442,-0.5476025635230409,0.2985276777886841,-0.30419334429692213,-0.15819315247068022,0.437550190727299,-0.5760858348099898,0.9873591507962612,-0.3699023265976878,0.29603614100540926,0.41980940845683723,0.1554387227424105,0.7179285238665165,-1.3746486824667798,-0.6229654486926512,-0.3807121508334556,-0.7742784084317397,0.06173091520292049,0.28673838677725894,0.2399028481810223,0.09844443678919637,-0.07902589978390934,0.012874714352794888,0.8028840330410074,-0.04089362315732888,-0.321499086885182,0.2869393186716133,-0.32718879303441345,0.877076385024635,-0.684533683761916,0.20077668346690503,0.2532272493338644,0.36086436908255226,-0.20926446576621022,0.17303935518497188,0.10493792371698875,-0.17724031950118865,0.32264297186019725,-0.03578565623471752,0.36048959035702494,0.44720203957707616
