V1,V2,V3,V4,V5,V6,V7,V8,V9,V10,V11,V12,V13,V14,V15,V16,V17,V18,V19,V20,V21,V22,V23,V24,V25,V26,V27,V28,V29,V30,V31,V32,V33,V34,V35,V36,V37,V38,V39,V40,V41,V42,V43,V44
1.2352554660845845,-0.84919774704364,-0.6168772753466081,0.7980415012218374,0.5233711892498507,-1.1748153464978102,0.7395399395083915,-2.145947442408564,-2.580682261953484,0.850385371675878,0.15865954198403318,-1.409676143507727,-0.19243591176925773,1.2137197999546585,1.476185003243068,2.8081371719099573,1.0503435610044327,0.818088093608934,-0.5708181435144876,-1.2397965013773418,-0.0768191469129674,-0.46213876175572327,1.7876398579522754,-0.07165401428140367,-1.3195975526581518,1.064673918369989,-0.5891971283739741,0.36529820653979744,-0.26757842990172914,-1.4209926875904424,-1.2483850605234907,-0.20986944005876873,-1.6573987096150724,-0.08132244546540975,1.1960917831000548,0.02788136333956677,-1.529941783939707,0.2716704977498544,-1.167060919388059,1.3762658163847068,0.4354431178903837,-1.0384981903881025,0.4227812693962348,-0.9107932006042813
-0.84919774704364,0.7823161147715685,0.31624151867678907,-0.4072016437901942,0.07311117917001218,1.3143211313692056,-0.30789059450173506,1.3663805556467599,2.0956562636954406,-0.4048475904451987,-0.20555240847525824,0.9954665989624362,0.11768533118891501,-0.6758566205544502,-1.0143108417397353,-2.0366211018739815,-1.199256457625533,-0.561310429244878,0.6176910714849797,0.8182717018826854,0.31354037953753255,0.18173804458809253,-1.3918175132324966,0.04698577710035179,0.948715012909763,-0.7883079779494412,0.29453931492459673,-0.23530495946598076,0.33288501719373814,1.1472564566338448,0.5534035592316444,0.39494779860932855,1.0393257893463976,-0.015067426596015166,-0.751303664695276,0.19347950610931353,1.1472707511544957,-0.28157930200271164,1.242924681307686,-1.0491898344149002,-0.053331356327313846,0.7586369114918198,-0.0729779295688235,0.41070506962271547
-0.6168772753466081,0.31624151867678907,1.133622207623003,-1.4778082487361244,-2.314173242124103,-0.7570204147862561,-1.6138156042980973,2.341142426815336,0.823514752924607,-1.8362504594378115,0.14663932444919145,1.0346748178521532,0.14088471072186898,-1.638352553665729,-1.4124206155531156,-2.1432848175172583,1.1426806377335792,-0.3866818511239539,-0.38593639618628806,1.0853654166117686,-0.9420663370514577,0.8369230032052746,-1.3102101619565665,-0.11102482356778458,1.1537573147474223,-0.3823712922205509,0.7892902348330667,-0.7460484014333049,-0.2424777371653823,1.1760674837762692,2.170258778159948,-0.5786568892731271,1.7789705825187239,0.3163776080588748,-1.1569052780502211,-0.886789509228748,0.8865723336004098,-0.08260543093022701,-0.7111478786288741,-0.7418281569638662,-1.5931297986409656,1.2016989862898224,-0.816486424991628,1.8010776185002744
0.7980415012218374,-0.4072016437901942,-1.4778082487361244,1.9766357351472372,3.085398714481998,1.0294587475537265,2.154147616573698,-3.0694648852630104,-1.012939832822942,2.4059385828500153,-0.18728784967178716,-1.3300066838476412,-0.1979388611733724,2.1356664645778,1.8452038424119754,2.7372942890696756,-1.5774144197697448,0.49097449692962203,0.5603341980601121,-1.4153215688354803,1.287044619984347,-1.1182475101521712,1.6973908400249609,0.15687120596943843,-1.526351655959913,0.47844401167035205,-1.0209393009648995,0.9890923949696383,0.3339809193565965,-1.5325667654149837,-2.880267862096464,0.772419430610554,-2.3269347410450276,-0.42396030939983154,1.5229363345374138,1.1851150716624723,-1.1370682265690129,0.09935580400228368,1.0183236351087317,0.9227760585375047,2.1019397669921234,-1.5844928082875906,1.0695675264904372,-2.3507505315866277
0.5233711892498507,0.07311117917001218,-2.314173242124103,3.085398714481998,5.662823114843766,3.2738562148204937,3.5482706538818243,-4.1085548808275165,0.40191802672050214,4.032534758878442,-0.6642156437789188,-1.35847175317003,-0.2732026915790318,3.2721664945312825,2.286709983601134,2.8499303639376605,-4.154914032146117,0.33369542048073,1.781089521170018,-1.7599816044744168,2.593475598893955,-1.7964886915736957,1.661838046386011,0.4564206446816081,-1.8088999435890656,0.007240955245651813,-1.5759810836998467,1.5222434123186375,1.093258239355584,-1.6112026657622094,-4.662771521977962,1.8077519326921856,-3.1187742358350823,-0.8095262096732766,1.9772866342249218,2.444570549517377,-0.7435240245271383,-0.16396228283747669,3.099869121384849,0.6001493786485277,3.775887591374245,-2.0202643953565915,1.8247412547310204,-3.8474381306061822
-1.1748153464978102,1.3143211313692056,-0.7570204147862561,1.0294587475537265,3.2738562148204937,4.1235652749184935,1.4554445363409267,-8.986716805759846e-4,3.8170044124878384,1.5800254682537538,-0.7576508973780428,0.912157276363595,0.0484081731206016,0.7343055461534372,-0.43569167011318166,-1.898918345367114,-4.4335430703250776,-0.6510106638814308,2.096814353670414,0.35896831073034713,1.9934890181290277,-0.6589027030948903,-1.4067666785144208,0.4010839948545859,0.4790348626801809,-1.3365358886958585,-0.41570000453055456,0.4054277829339723,1.2585719758805194,1.0039844140865757,-1.7109901148511153,1.6488703211968276,-0.10730017429099309,-0.5072548661165066,-0.12950364301174813,1.7340622900730904,1.5623585804291789,-0.5482411010079655,3.860678490792406,-1.5314346587289114,2.0017051817083416,0.2192314658978114,0.9064484142608703,-1.461615355946572
0.7395399395083915,-0.30789059450173506,-1.6138156042980973,2.154147616573698,3.5482706538818243,1.4554445363409267,2.424431232492,-3.2105780807208437,-0.7711179382462162,2.7264763520210167,-0.3227538537089419,-1.3015539301723074,-0.2340659663769572,2.350778702739118,1.9616453800150346,2.6948159674741556,-2.0736062878190675,0.45759465401700483,0.8132192443648658,-1.4701347228455683,1.499510313653523,-1.2197020440961774,1.7116505075314397,0.24857092267218395,-1.6080536943335535,0.3395470175228488,-1.1273600897667524,1.0893508245708905,0.5001928663286339,-1.5820022908996647,-3.2481259948668306,0.9582193089902937,-2.4682814387276633,-0.5341580526485378,1.6021730765525901,1.4555138964036165,-1.0093915371890305,0.042027713583866595,1.41043466999507,0.8837381928519207,2.3990459258894075,-1.6467640079679564,1.1771311982127852,-2.607711650239184
-2.145947442408564,1.3663805556467599,2.341142426815336,-3.0694648852630104,-4.1085548808275165,-8.986716805759846e-4,-3.2105780807208437,5.802900295002907,3.7215040497207594,-3.7519552582754923,0.09221429224552002,3.016393363468548,0.42595135885234703,-3.829613151755465,-3.60343947382426,-6.156049085189577,0.7882392285507042,-1.4392282906614582,-0.1735929751176144,2.9696658924830746,-1.3591705752595573,1.7525110024077772,-3.830405088289897,-0.20069191185370822,3.1224047267413435,-1.6601161125723756,1.8076599111777567,-1.4859556865793417,-0.2405508190580307,3.2447698143114043,4.5795462955220945,-0.6818852262100364,4.372900338598293,0.5431724283343616,-2.9800095903311163,-1.4590319177853706,2.8127578179720603,-0.3490091231188306,0.07751641908534164,-2.4788515914692177,-2.9338937738244986,2.8782004567595334,-1.6498893026051045,3.689325422947388
-2.580682261953484,2.0956562636954406,0.823514752924607,-1.012939832822942,0.40191802672050214,3.8170044124878384,-0.7711179382462162,3.7215040497207594,6.41992333125581,-0.9407141699181302,-0.5229508822120005,2.7862228939760616,0.3881829598195307,-1.7418801347104653,-2.9973382297167026,-5.682093622025819,-3.7003732300277705,-1.7503377350403495,1.9363819626436396,2.305825506421629,0.9901337678621283,0.44309102504793063,-3.8842792658145853,0.27357842428913537,2.69450457010367,-2.3470827415746958,0.8978623089454225,-0.6085899526299245,1.1210776458172618,3.1639134721431286,1.5704634904069878,1.1838868158346498,3.028821978425925,-0.030483352332908067,-2.1707168083324087,0.6663977146210944,3.2971544293701753,-0.8665382095320545,3.679598492199645,-3.164455498594309,0.0629683209632173,1.9670392278784212,-0.26917475212936687,1.0223024662759728
0.850385371675878,-0.4048475904451987,-1.8362504594378115,2.4059385828500153,4.032534758878442,1.5800254682537538,2.7264763520210167,-3.7519552582754923,-0.9407141699181302,3.2760154441235128,-0.4445410437763154,-1.5466688144262049,-0.3034322708236606,2.860033023581231,2.2800139970526474,3.3111800893558816,-2.3130425565812747,0.57457550594122,1.033968284002967,-1.7891395031748543,1.5963705505001036,-1.3670228863146905,2.086438248620637,0.4086523472464231,-1.880931239007714,0.42725282404233694,-1.3397114995225499,1.2319780118009738,0.7081906420313586,-1.8997130506496502,-3.705446608381524,1.060889420023599,-2.8149962387380203,-0.5867365630900474,1.8519750894045475,1.732236992795701,-1.0971291568318282,-6.554515014933986e-4,1.436022973547797,1.1317482838327264,2.797519913850154,-1.8916999980922191,1.3003641201342764,-3.0298564057331743
0.15865954198403318,-0.20555240847525824,0.14663932444919145,-0.18728784967178716,-0.6642156437789188,-0.7576508973780428,-0.3227538537089419,0.09221429224552002,-0.5229508822120005,-0.4445410437763154,0.28188017683182187,-0.12372999122511343,0.06904933199432656,-0.3055868236698725,-0.08523756612463536,0.2197540964938876,0.8294127075670256,0.01166763093249312,-0.4885801136221496,0.06325231701123489,-0.3211464028959814,0.10554082769812194,0.10048092717343518,-0.19335556693865685,0.07798014318120085,0.2393099820039916,0.1692608821128591,-0.0879720761012936,-0.343107493599275,-0.043133982504268226,0.49172280366870424,-0.2853020226479432,0.16236286360902696,0.154093519592726,-0.0721790243151419,-0.44488182723327,-0.33100097457063304,0.1157763058745272,-0.6448251557910338,0.1493279325720578,-0.4075853757195426,-0.052796490225888525,-0.16298847495980867,0.34289812513378803
-1.409676143507727,0.9954665989624362,1.0346748178521532,-1.3300066838476412,-1.35847175317003,0.912157276363595,-1.3015539301723074,3.016393363468548,2.7862228939760616,-1.5466688144262049,-0.12372999122511343,1.8121317304897273,0.22735407831461876,-1.8395113033226678,-1.9359519505698188,-3.6453192561316654,-0.6271968536693142,-0.9338208906989741,0.4009105079634036,1.6433269395805459,-0.24174947696764051,0.7645919830433389,-2.269947792195987,-0.005106652676443316,1.7145138194641096,-1.200044904298405,0.858125545321157,-0.6332933639346204,0.1375523628246845,1.8564148255612658,1.982299984260474,-0.004144101541447033,2.2592059748412727,0.17056080685614575,-1.5892378984978175,-0.3556382999289578,1.8370353093614404,-0.2822309931796503,0.9363874563366342,-1.6185346527737796,-1.0453418177098568,1.4996460814489898,-0.690251823781742,1.5802830412661546
-0.19243591176925773,0.11768533118891501,0.14088471072186898,-0.1979388611733724,-0.2732026915790318,0.0484081731206016,-0.2340659663769572,0.42595135885234703,0.3881829598195307,-0.3034322708236606,0.06904933199432656,0.22735407831461876,0.08722764193801077,-0.3248605327651436,-0.33702555150815816,-0.47949699910944127,0.012584271911787676,-0.16201240899896013,-0.06012636289321926,0.27170325210456847,-0.04799152483358594,0.1084256599052596,-0.3461720681899021,-0.07584639446269639,0.30357254767047503,-0.12787210077429442,0.1613829741707637,-0.10400353096779177,-0.06517061722481607,0.2951800639680731,0.3905777159577882,-0.0204476337126829,0.3542770147416144,0.06549057045210027,-0.2524149333981372,-0.14647236902524685,0.1707845426692974,-0.010484874994662328,0.06857848705660782,-0.2501054543405245,-0.1889881013992848,0.18985271097274717,-0.09592104178643202,0.24938705138088949
1.2137197999546585,-0.6758566205544502,-1.638352553665729,2.1356664645778,3.2721664945312825,0.7343055461534372,2.350778702739118,-3.829613151755465,-1.7418801347104653,2.860033023581231,-0.3055868236698725,-1.8395113033226678,-0.3248605327651436,2.8154295914542296,2.3192352512687338,3.7914220899678166,-1.3235840905950935,0.8620552245710024,0.6220929133256621,-1.9718823201647702,1.163844155421053,-1.2585878146460103,2.3375583970359046,0.3379097125449202,-2.0029590200406364,0.8327859971012719,-1.3084407180343678,1.00457524107009,0.5616970541238641,-1.9920235424917032,-3.3701943713046405,0.7560398148196232,-2.873001632433614,-0.4862222881862896,1.9589032539447266,1.3805772255001492,-1.4804257766743214,0.04173109925310599,0.561341378010835,1.422734466319826,2.312379942217852,-1.817347337322986,1.2187857251422405,-2.7063476232006822
1.476185003243068,-1.0143108417397353,-1.4124206155531156,1.8452038424119754,2.286709983601134,-0.43569167011318166,1.9616453800150346,-3.60343947382426,-2.9973382297167026,2.2800139970526474,-0.08523756612463536,-1.9359519505698188,-0.33702555150815816,2.3192352512687338,2.5447548791113337,4.002372391051063,-0.03651156980890059,1.0104924025176454,-0.12314347430828143,-1.9126954038012014,0.6298437589194692,-0.9821352821684611,2.686172337739069,0.12599478747490855,-2.1740921937834288,1.0994130137892988,-1.1450771135827897,0.9771951612719506,-0.02759839308932115,-2.32710761282802,-2.8728496871565516,0.18868311574104213,-2.8712871915192806,-0.383963024263314,1.9349561457067321,0.7923886090360719,-1.9015413545139774,0.35055287952646774,-0.44295592821324675,1.8411873252499327,1.620285482687331,-1.8591601082893707,0.891752016789151,-2.1894927348827005
2.8081371719099573,-2.0366211018739815,-2.1432848175172583,2.7372942890696756,2.8499303639376605,-1.898918345367114,2.6948159674741556,-6.156049085189577,-5.682093622025819,3.3111800893558816,0.2197540964938876,-3.6453192561316654,-0.47949699910944127,3.7914220899678166,4.002372391051063,7.533342754933706,1.252752032678157,1.7925229090633266,-0.7742283889155418,-3.334064053940582,0.4644998578864662,-1.5595774603146313,4.711221753491811,0.05422568426575235,-3.449675885327093,2.3839885918031722,-1.7422603339857523,1.3911474970281443,-0.2806897391681465,-3.8722778778658156,-4.028528857674713,-0.0014653005607678314,-4.513473109371091,-0.3221739699146969,3.18920409249266,0.7704394858405215,-3.686024559312068,0.571427071252249,-1.9365656863235516,3.4056219514313724,2.2352394275530156,-3.1606945340133676,1.3372138848176482,-3.2881754952728888
1.0503435610044327,-1.199256457625533,1.1426806377335792,-1.5774144197697448,-4.154914032146117,-4.4335430703250776,-2.0736062878190675,0.7882392285507042,-3.7003732300277705,-2.3130425565812747,0.8294127075670256,-0.6271968536693142,0.012584271911787676,-1.3235840905950935,-0.03651156980890059,1.252752032678157,4.999749284275559,0.5935829143412154,-2.3672640572379673,-0.012681977419431376,-2.3475718655635256,0.9505136886611025,0.9324551793637196,-0.518873036295316,-0.06421780056102763,1.306743699305434,0.6569571008568238,-0.7014779585251203,-1.4187109542870944,-0.5404359789695897,2.487357791999426,-1.855358207927656,0.658448405798472,0.6286793861590909,-0.23589830296937883,-2.118806917568021,-1.3745964405604825,0.5425146585819023,-4.213942119190151,1.3323603526180934,-2.6252976086916853,0.2395757812069624,-1.114170921651716,2.085112248153376
0.818088093608934,-0.561310429244878,-0.3866818511239539,0.49097449692962203,0.33369542048073,-0.6510106638814308,0.45759465401700483,-1.4392282906614582,-1.7503377350403495,0.57457550594122,0.01166763093249312,-0.9338208906989741,-0.16201240899896013,0.8620552245710024,1.0104924025176454,1.7925229090633266,0.5935829143412154,0.8099280102710559,-0.23589764780970632,-0.9203551111318575,-0.04636752380122389,-0.24717313497725882,1.1760072093709846,0.03977627038955541,-1.0455226315421924,0.7685236093351233,-0.4909605004913094,0.1394938327074581,-0.035788546318525044,-0.9359886567058576,-0.9073158192357748,-0.1817831930737894,-1.3099517233095683,-0.06310006366855028,0.8723865706633406,0.08681410894182574,-0.9044247652990083,0.20352486037045134,-0.752471077321077,0.8380156629747009,0.24982003387116788,-0.5057451063826616,0.33669187945039813,-0.5759454618810047
-0.5708181435144876,0.6176910714849797,-0.38593639618628806,0.5603341980601121,1.781089521170018,2.096814353670414,0.8132192443648658,-0.1735929751176144,1.9363819626436396,1.033968284002967,-0.4885801136221496,0.4009105079634036,-0.06012636289321926,0.6220929133256621,-0.12314347430828143,-0.7742283889155418,-2.3672640572379673,-0.23589764780970632,1.3328024542125816,0.008238050392360858,0.9768554097815417,-0.36224439564048044,-0.5497252439410535,0.3971980577123524,0.09326045647601476,-0.654939446075799,-0.28687390620499376,0.20028441522228121,0.87774628421039,0.37890763767564184,-1.0294623304902333,0.8477927593641802,-0.12157398231741702,-0.27340489622113223,0.020237232996533995,1.0589865109526153,0.902113107104813,-0.36597222089920495,1.9282262069529361,-0.6938661054688617,1.1373948665217861,0.0812916327665646,0.43674246474780076,-0.811732882989367
-1.2397965013773418,0.8182717018826854,1.0853654166117686,-1.4153215688354803,-1.7599816044744168,0.35896831073034713,-1.4701347228455683,2.9696658924830746,2.305825506421629,-1.7891395031748543,0.06325231701123489,1.6433269395805459,0.27170325210456847,-1.9718823201647702,-1.9126954038012014,-3.334064053940582,-0.012681977419431376,-0.9203551111318575,0.008238050392360858,1.6353341293118542,-0.4608430122181654,0.8077684973532362,-2.107965123875303,-0.14892150346460878,1.7158643295231848,-1.0075376848172684,0.943131448909762,-0.655890774681203,-0.1255733272697647,1.7483421088377509,2.2337923919127283,-0.18387130984451588,2.2887134115793852,0.25274127050591755,-1.584177814440144,-0.647638373203361,1.5153069037867648,-0.19167635282605694,0.447853117691953,-1.4310766865112434,-1.2805026294855413,1.3925370234580694,-0.775781364585932,1.728294685528476
-0.0768191469129674,0.31354037953753255,-0.9420663370514577,1.287044619984347,2.593475598893955,1.9934890181290277,1.499510313653523,-1.3591705752595573,0.9901337678621283,1.5963705505001036,-0.3211464028959814,-0.24174947696764051,-0.04799152483358594,1.163844155421053,0.6298437589194692,0.4644998578864662,-2.3475718655635256,-0.04636752380122389,0.9768554097815417,-0.4608430122181654,1.3701720807809175,-0.7575918644503419,0.18818708680209537,0.16185079363334323,-0.47333670720279,-0.27391500698832205,-0.5871898506394444,0.5957699718059898,0.5529853283592455,-0.26929068415670376,-1.8908392171511879,0.9553153505268963,-1.0739929149855083,-0.3651059452130806,0.6241066533272323,1.1225903009222817,0.0252691146942328,-0.13487765304018962,1.9325823201347208,-0.20407890554035474,1.6581359329442589,-0.6316300401288203,0.8310613857315797,-1.580890483799848
-0.46213876175572327,0.18173804458809253,0.8369230032052746,-1.1182475101521712,-1.7964886915736957,-0.6589027030948903,-1.2197020440961774,1.7525110024077772,0.44309102504793063,-1.3670228863146905,0.10554082769812194,0.7645919830433389,0.1084256599052596,-1.2585878146460103,-0.9821352821684611,-1.5595774603146313,0.9505136886611025,-0.24717313497725882,-0.36224439564048044,0.8077684973532362,-0.7575918644503419,0.6846355849126248,-0.8935378673361303,-0.08443714875932014,0.7834601034681649,-0.27826544985157653,0.5844587166579102,-0.5264793323140681,-0.25371581587929715,0.769725755086173,1.639225347667595,-0.5129369631946037,1.2653674135096764,0.2407362620869064,-0.8591888100778798,-0.7015863102862252,0.6366854954191414,0.01348704062180958,-0.6311751022428221,-0.49262697951461504,-1.2309446211817046,0.8826564359668981,-0.6565688140324879,1.3545130912372565
1.7876398579522754,-1.3918175132324966,-1.3102101619565665,1.6973908400249609,1.661838046386011,-1.4067666785144208,1.7116505075314397,-3.830405088289897,-3.8842792658145853,2.086438248620637,0.10048092717343518,-2.269947792195987,-0.3461720681899021,2.3375583970359046,2.686172337739069,4.711221753491811,0.9324551793637196,1.1760072093709846,-0.5497252439410535,-2.107965123875303,0.18818708680209537,-0.8935378673361303,3.1594572984452896,0.08662489021878828,-2.364236611283902,1.4590560860205293,-1.0864188518756863,0.9205051939150444,-0.2435342318471694,-2.677136101413663,-2.5751635013303726,-0.15587881150935914,-2.9322396564836266,-0.2568172011971165,2.0431366425174113,0.4641317879321523,-2.320498173862418,0.45075278464940766,-1.3651559772604913,2.2470606270337985,1.301939424407246,-2.025731587009758,0.7068164806813109,-1.9845736845242623
-0.07165401428140367,0.04698577710035179,-0.11102482356778458,0.15687120596943843,0.4564206446816081,0.4010839948545859,0.24857092267218395,-0.20069191185370822,0.27357842428913537,0.4086523472464231,-0.19335556693865685,-0.005106652676443316,-0.07584639446269639,0.3379097125449202,0.12599478747490855,0.05422568426575235,-0.518873036295316,0.03977627038955541,0.3971980577123524,-0.14892150346460878,0.16185079363334323,-0.08443714875932014,0.08662489021878828,0.22317784117360273,-0.15610981544851674,-0.11895249874649044,-0.13547978246245354,0.0705175317547313,0.31400080612527703,-0.10129220618421038,-0.38412738423943654,0.16418799787057678,-0.15505786748575068,-0.10076664625811173,0.10223628266395343,0.3472370300777042,0.20204654794329807,-0.10508738082834342,0.3250994618755136,-0.02658627121967822,0.3211427268150048,-0.043075466343240415,0.07421111257485741,-0.26617305379492845
-1.3195975526581518,0.948715012909763,1.1537573147474223,-1.526351655959913,-1.8088999435890656,0.4790348626801809,-1.6080536943335535,3.1224047267413435,2.69450457010367,-1.880931239007714,0.07798014318120085,1.7145138194641096,0.30357254767047503,-2.0029590200406364,-2.1740921937834288,-3.449675885327093,-0.06421780056102763,-1.0455226315421924,0.09326045647601476,1.7158643295231848,-0.47333670720279,0.7834601034681649,-2.364236611283902,-0.15610981544851674,2.0172396136146067,-1.0278518340178215,0.9991129032351443,-0.7522214132732836,-0.021357516205199312,2.0493860267369968,2.4394647580346924,-0.07331052880491964,2.5852023104572077,0.31841316569172784,-1.7188352380633438,-0.6541813112170507,1.6297233259732762,-0.33246129213340614,0.5082340373807587,-1.5445498448328538,-1.2812586934539292,1.5005795645914357,-0.7474385673102912,1.7873369013690865
1.064673918369989,-0.7883079779494412,-0.3823712922205509,0.47844401167035205,0.007240955245651813,-1.3365358886958585,0.3395470175228488,-1.6601161125723756,-2.3470827415746958,0.42725282404233694,0.2393099820039916,-1.200044904298405,-0.12787210077429442,0.8327859971012719,1.0994130137892988,2.3839885918031722,1.306743699305434,0.7685236093351233,-0.654939446075799,-1.0075376848172684,-0.27391500698832205,-0.27826544985157653,1.4590560860205293,-0.11895249874649044,-1.0278518340178215,1.044818286789799,-0.4143915323543249,0.17900556128776945,-0.32179783678872026,-1.1137319696189865,-0.6839503503736416,-0.35072110895051545,-1.268074716513611,0.05472622970326152,0.9289595606966702,-0.2078795277121419,-1.3447579773151708,0.27176001339622136,-1.3432000726025657,1.1647213248556183,0.09703001364171294,-0.7557873897898634,0.2676341081460248,-0.5139584436103674
-0.5891971283739741,0.29453931492459673,0.7892902348330667,-1.0209393009648995,-1.5759810836998467,-0.41570000453055456,-1.1273600897667524,1.8076599111777567,0.8978623089454225,-1.3397114995225499,0.1692608821128591,0.858125545321157,0.1613829741707637,-1.3084407180343678,-1.1450771135827897,-1.7422603339857523,0.6569571008568238,-0.4909605004913094,-0.28687390620499376,0.943131448909762,-0.5871898506394444,0.5844587166579102,-1.0864188518756863,-0.13547978246245354,0.9991129032351443,-0.4143915323543249,0.6637864746051176,-0.46473627632840847,-0.24662319389391288,0.9338379387187193,1.6519644772621367,-0.3472762925894018,1.4645509850619625,0.24427787390094313,-0.964376039483127,-0.6527593143950503,0.7004026384015748,-0.058921642908302437,-0.3096411700140033,-0.6652444305104149,-1.078762221473934,0.8069236791726728,-0.6219430940068031,1.2860483196051444
0.36529820653979744,-0.23530495946598076,-0.7460484014333049,0.9890923949696383,1.5222434123186375,0.4054277829339723,1.0893508245708905,-1.4859556865793417,-0.6085899526299245,1.2319780118009738,-0.0879720761012936,-0.6332933639346204,-0.10400353096779177,1.00457524107009,0.9771951612719506,1.3911474970281443,-0.7014779585251203,0.1394938327074581,0.20028441522228121,-0.655890774681203,0.5957699718059898,-0.5264793323140681,0.9205051939150444,0.0705175317547313,-0.7522214132732836,0.17900556128776945,-0.46473627632840847,0.5968804377157462,0.0585074434781954,-0.8679159165907142,-1.4007502634049376,0.34004808383682106,-1.092352964188874,-0.2112137196238691,0.7130303215300374,0.5606960849683371,-0.5769197255026741,0.09411487254694544,0.44426785032136445,0.5481628232776438,1.0516007505049456,-0.8841644863936116,0.447935869692837,-1.1788502497038589
-0.26757842990172914,0.33288501719373814,-0.2424777371653823,0.3339809193565965,1.093258239355584,1.2585719758805194,0.5001928663286339,-0.2405508190580307,1.1210776458172618,0.7081906420313586,-0.343107493599275,0.1375523628246845,-0.06517061722481607,0.5616970541238641,-0.02759839308932115,-0.2806897391681465,-1.4187109542870944,-0.035788546318525044,0.87774628421039,-0.1255733272697647,0.5529853283592455,-0.25371581587929715,-0.2435342318471694,0.31400080612527703,-0.021357516205199312,-0.32179783678872026,-0.24662319389391288,0.0585074434781954,0.6773003208694035,0.19587978509041154,-0.7176884207696351,0.5349949006149959,-0.1719304909015323,-0.19102814310672644,0.1016259889081058,0.7140477378342758,0.5159306793593093,-0.28608074029089764,1.0828886363469612,-0.36711133598190643,0.7239983576949863,0.06173471623827386,0.3164916055958211,-0.5452024743172706
-1.4209926875904424,1.1472564566338448,1.1760674837762692,-1.5325667654149837,-1.6112026657622094,1.0039844140865757,-1.5820022908996647,3.2447698143114043,3.1639134721431286,-1.8997130506496502,-0.043133982504268226,1.8564148255612658,0.2951800639680731,-1.9920235424917032,-2.32710761282802,-3.8722778778658156,-0.5404359789695897,-0.9359886567058576,0.37890763767564184,1.7483421088377509,-0.26929068415670376,0.769725755086173,-2.677136101413663,-0.10129220618421038,2.0493860267369968,-1.1137319696189865,0.9338379387187193,-0.8679159165907142,0.19587978509041154,2.33610782953736,2.3139453048571426,0.08535406883780187,2.531648619719503,0.2661885456471021,-1.72723948427125,-0.48809466153128295,1.8837617446947486,-0.4100934709728137,0.9385667826885203,-1.8487787857062978,-1.226011410062498,1.7673373252195104,-0.5912777414099585,1.7749217373833257
-1.2483850605234907,0.5534035592316444,2.170258778159948,-2.880267862096464,-4.662771521977962,-1.7109901148511153,-3.2481259948668306,4.5795462955220945,1.5704634904069878,-3.705446608381524,0.49172280366870424,1.982299984260474,0.3905777159577882,-3.3701943713046405,-2.8728496871565516,-4.028528857674713,2.487357791999426,-0.9073158192357748,-1.0294623304902333,2.2337923919127283,-1.8908392171511879,1.639225347667595,-2.5751635013303726,-0.38412738423943654,2.4394647580346924,-0.6839503503736416,1.6519644772621367,-1.4007502634049376,-0.7176884207696351,2.3139453048571426,4.5374983501491855,-1.1913363215676018,3.6327222560761703,0.7517230668631323,-2.3738390074272693,-1.9571504684352437,1.5502394316248103,-0.07757706473290459,-1.5637577477696627,-1.4261166984084441,-3.1449230351048056,2.2090069177247122,-1.645043763570795,3.5418937141039573
-0.20986944005876873,0.39494779860932855,-0.5786568892731271,0.772419430610554,1.8077519326921856,1.6488703211968276,0.9582193089902937,-0.6818852262100364,1.1838868158346498,1.060889420023599,-0.2853020226479432,-0.004144101541447033,-0.0204476337126829,0.7560398148196232,0.18868311574104213,-0.0014653005607678314,-1.855358207927656,-0.1817831930737894,0.8477927593641802,-0.18387130984451588,0.9553153505268963,-0.5129369631946037,-0.15587881150935914,0.16418799787057678,-0.07331052880491964,-0.35072110895051545,-0.3472762925894018,0.34004808383682106,0.5349949006149959,0.08535406883780187,-1.1913363215676018,0.8070522154595138,-0.4476413334790522,-0.25773843092143456,0.2637891292751263,0.8659250723637631,0.2753099595730703,-0.23715170296898544,1.546177206205575,-0.31569622019107,1.1748413726877058,-0.2862011114404176,0.5664415806262554,-1.029976399844762
-1.6573987096150724,1.0393257893463976,1.7789705825187239,-2.3269347410450276,-3.1187742358350823,-0.10730017429099309,-2.4682814387276633,4.372900338598293,3.028821978425925,-2.8149962387380203,0.16236286360902696,2.2592059748412727,0.3542770147416144,-2.873001632433614,-2.8712871915192806,-4.513473109371091,0.658448405798472,-1.3099517233095683,-0.12157398231741702,2.2887134115793852,-1.0739929149855083,1.2653674135096764,-2.9322396564836266,-0.15505786748575068,2.5852023104572077,-1.268074716513611,1.4645509850619625,-1.092352964188874,-0.1719304909015323,2.531648619719503,3.6327222560761703,-0.4476413334790522,3.6071086291600833,0.4889389836762382,-2.3649375095043936,-1.13186661642083,2.1107594569422505,-0.3707371131792335,-0.002283045429899684,-1.8458083145699795,-2.1461784167752946,2.0488689007117453,-1.3018222879526564,2.7814453482802675
-0.08132244546540975,-0.015067426596015166,0.3163776080588748,-0.42396030939983154,-0.8095262096732766,-0.5072548661165066,-0.5341580526485378,0.5431724283343616,-0.030483352332908067,-0.5867365630900474,0.154093519592726,0.17056080685614575,0.06549057045210027,-0.4862222881862896,-0.383963024263314,-0.3221739699146969,0.6286793861590909,-0.06310006366855028,-0.27340489622113223,0.25274127050591755,-0.3651059452130806,0.2407362620869064,-0.2568172011971165,-0.10076664625811173,0.31841316569172784,0.05472622970326152,0.24427787390094313,-0.2112137196238691,-0.19102814310672644,0.2661885456471021,0.7517230668631323,-0.25773843092143456,0.4889389836762382,0.18716844134490968,-0.30352820777535655,-0.39577465611207735,0.07588176551533664,0.03017702427876824,-0.4762075709494772,-0.08853898455823014,-0.5162991621219697,0.26241899257501083,-0.2515214507425896,0.5430724394580048
1.1960917831000548,-0.751303664695276,-1.1569052780502211,1.5229363345374138,1.9772866342249218,-0.12950364301174813,1.6021730765525901,-2.9800095903311163,-2.1707168083324087,1.8519750894045475,-0.0721790243151419,-1.5892378984978175,-0.2524149333981372,1.9589032539447266,1.9349561457067321,3.18920409249266,-0.23589830296937883,0.8723865706633406,0.020237232996533995,-1.584177814440144,0.6241066533272323,-0.8591888100778798,2.0431366425174113,0.10223628266395343,-1.7188352380633438,0.9289595606966702,-0.964376039483127,0.7130303215300374,0.1016259889081058,-1.72723948427125,-2.3738390074272693,0.2637891292751263,-2.3649375095043936,-0.30352820777535655,1.6089437779616658,0.7054804286615458,-1.5003223761163298,0.21792954590373442,-0.1861447522676713,1.3401707216756067,1.3860702571443613,-1.417793064592417,0.8459406890766938,-1.8224552770954738
0.02788136333956677,0.19347950610931353,-0.886789509228748,1.1851150716624723,2.444570549517377,1.7340622900730904,1.4555138964036165,-1.4590319177853706,0.6663977146210944,1.732236992795701,-0.44488182723327,-0.3556382999289578,-0.14647236902524685,1.3805772255001492,0.7923886090360719,0.7704394858405215,-2.118806917568021,0.08681410894182574,1.0589865109526153,-0.647638373203361,1.1225903009222817,-0.7015863102862252,0.4641317879321523,0.3472370300777042,-0.6541813112170507,-0.2078795277121419,-0.6527593143950503,0.5606960849683371,0.7140477378342758,-0.48809466153128295,-1.9571504684352437,0.8659250723637631,-1.13186661642083,-0.39577465611207735,0.7054804286615458,1.2171625398500134,0.06112075443153605,-0.1931618852528537,1.5853779725369226,0.04415013223125391,1.6222305732466646,-0.6360237886690249,0.7365554138815259,-1.5579388896128599
-1.529941783939707,1.1472707511544957,0.8865723336004098,-1.1370682265690129,-0.7435240245271383,1.5623585804291789,-1.0093915371890305,2.8127578179720603,3.2971544293701753,-1.0971291568318282,-0.33100097457063304,1.8370353093614404,0.1707845426692974,-1.4804257766743214,-1.9015413545139774,-3.686024559312068,-1.3745964405604825,-0.9044247652990083,0.902113107104813,1.5153069037867648,0.0252691146942328,0.6366854954191414,-2.320498173862418,0.20204654794329807,1.6297233259732762,-1.3447579773151708,0.7004026384015748,-0.5769197255026741,0.5159306793593093,1.8837617446947486,1.5502394316248103,0.2753099595730703,2.1107594569422505,0.07588176551533664,-1.5003223761163298,0.06112075443153605,2.1245201748463334,-0.42672812294501145,1.4675112658826224,-1.753770888879604,-0.6191071123644692,1.511864432243859,-0.5281978084775273,1.2528014407093981
0.2716704977498544,-0.28157930200271164,-0.08260543093022701,0.09935580400228368,-0.16396228283747669,-0.5482411010079655,0.042027713583866595,-0.3490091231188306,-0.8665382095320545,-6.554515014933986e-4,0.1157763058745272,-0.2822309931796503,-0.010484874994662328,0.04173109925310599,0.35055287952646774,0.571427071252249,0.5425146585819023,0.20352486037045134,-0.36597222089920495,-0.19167635282605694,-0.13487765304018962,0.01348704062180958,0.45075278464940766,-0.10508738082834342,-0.33246129213340614,0.27176001339622136,-0.058921642908302437,0.09411487254694544,-0.28608074029089764,-0.4100934709728137,-0.07757706473290459,-0.23715170296898544,-0.3707371131792335,0.03017702427876824,0.21792954590373442,-0.1931618852528537,-0.42672812294501145,0.21253851010512897,-0.48507242671850637,0.34875065577105835,-0.10753325643752383,-0.22431305295290838,-0.022831113483940988,-0.044539197732961194
-1.167060919388059,1.242924681307686,-0.7111478786288741,1.0183236351087317,3.099869121384849,3.860678490792406,1.41043466999507,0.07751641908534164,3.679598492199645,1.436022973547797,-0.6448251557910338,0.9363874563366342,0.06857848705660782,0.561341378010835,-0.44295592821324675,-1.9365656863235516,-4.213942119190151,-0.752471077321077,1.9282262069529361,0.447853117691953,1.9325823201347208,-0.6311751022428221,-1.3651559772604913,0.3250994618755136,0.5082340373807587,-1.3432000726025657,-0.3096411700140033,0.44426785032136445,1.0828886363469612,0.9385667826885203,-1.5637577477696627,1.546177206205575,-0.002283045429899684,-0.4762075709494772,-0.1861447522676713,1.5853779725369226,1.4675112658826224,-0.48507242671850637,3.7364129077376,-1.5027448948547222,1.879087587867556,0.1310262234107993,0.7912765283539575,-1.3334632440774619
1.3762658163847068,-1.0491898344149002,-0.7418281569638662,0.9227760585375047,0.6001493786485277,-1.5314346587289114,0.8837381928519207,-2.4788515914692177,-3.164455498594309,1.1317482838327264,0.1493279325720578,-1.6185346527737796,-0.2501054543405245,1.422734466319826,1.8411873252499327,3.4056219514313724,1.3323603526180934,0.8380156629747009,-0.6938661054688617,-1.4310766865112434,-0.20407890554035474,-0.49262697951461504,2.2470606270337985,-0.02658627121967822,-1.5445498448328538,1.1647213248556183,-0.6652444305104149,0.5481628232776438,-0.36711133598190643,-1.8487787857062978,-1.4261166984084441,-0.31569622019107,-1.8458083145699795,-0.08853898455823014,1.3401707216756067,0.04415013223125391,-1.753770888879604,0.34875065577105835,-1.5027448948547222,1.7871785929350061,0.5539965464976241,-1.3455390991727454,0.3485026784645862,-1.0955515359103298
0.4354431178903837,-0.053331356327313846,-1.5931297986409656,2.1019397669921234,3.775887591374245,2.0017051817083416,2.3990459258894075,-2.9338937738244986,0.0629683209632173,2.797519913850154,-0.4075853757195426,-1.0453418177098568,-0.1889881013992848,2.312379942217852,1.620285482687331,2.2352394275530156,-2.6252976086916853,0.24982003387116788,1.1373948665217861,-1.2805026294855413,1.6581359329442589,-1.2309446211817046,1.301939424407246,0.3211427268150048,-1.2812586934539292,0.09703001364171294,-1.078762221473934,1.0516007505049456,0.7239983576949863,-1.226011410062498,-3.1449230351048056,1.1748413726877058,-2.1461784167752946,-0.5162991621219697,1.3860702571443613,1.6222305732466646,-0.6191071123644692,-0.10753325643752383,1.879087587867556,0.5539965464976241,2.57665562590621,-1.478642461593615,1.2062708930229897,-2.639031449527448
-1.0384981903881025,0.7586369114918198,1.2016989862898224,-1.5844928082875906,-2.0202643953565915,0.2192314658978114,-1.6467640079679564,2.8782004567595334,1.9670392278784212,-1.8916999980922191,-0.052796490225888525,1.4996460814489898,0.18985271097274717,-1.817347337322986,-1.8591601082893707,-3.1606945340133676,0.2395757812069624,-0.5057451063826616,0.0812916327665646,1.3925370234580694,-0.6316300401288203,0.8826564359668981,-2.025731587009758,-0.043075466343240415,1.5005795645914357,-0.7557873897898634,0.8069236791726728,-0.8841644863936116,0.06173471623827386,1.7673373252195104,2.2090069177247122,-0.2862011114404176,2.0488689007117453,0.26241899257501083,-1.417793064592417,-0.6360237886690249,1.511864432243859,-0.22431305295290838,0.1310262234107993,-1.3455390991727454,-1.478642461593615,1.6590800548289437,-0.6978633120522703,1.8460377926370541
0.4227812693962348,-0.0729779295688235,-0.816486424991628,1.0695675264904372,1.8247412547310204,0.9064484142608703,1.1771311982127852,-1.6498893026051045,-0.26917475212936687,1.3003641201342764,-0.16298847495980867,-0.690251823781742,-0.09592104178643202,1.2187857251422405,0.891752016789151,1.3372138848176482,-1.114170921651716,0.33669187945039813,0.43674246474780076,-0.775781364585932,0.8310613857315797,-0.6565688140324879,0.7068164806813109,0.07421111257485741,-0.7474385673102912,0.2676341081460248,-0.6219430940068031,0.447935869692837,0.3164916055958211,-0.5912777414099585,-1.645043763570795,0.5664415806262554,-1.3018222879526564,-0.2515214507425896,0.8459406890766938,0.7365554138815259,-0.5281978084775273,-0.022831113483940988,0.7912765283539575,0.3485026784645862,1.2062708930229897,-0.6978633120522703,0.7551858298759617,-1.3373457746521267
-0.9107932006042813,0.41070506962271547,1.8010776185002744,-2.3507505315866277,-3.8474381306061822,-1.461615355946572,-2.607711650239184,3.689325422947388,1.0223024662759728,-3.0298564057331743,0.34289812513378803,1.5802830412661546,0.24938705138088949,-2.7063476232006822,-2.1894927348827005,-3.2881754952728888,2.085112248153376,-0.5759454618810047,-0.811732882989367,1.728294685528476,-1.580890483799848,1.3545130912372565,-1.9845736845242623,-0.26617305379492845,1.7873369013690865,-0.5139584436103674,1.2860483196051444,-1.1788502497038589,-0.5452024743172706,1.7749217373833257,3.5418937141039573,-1.029976399844762,2.7814453482802675,0.5430724394580048,-1.8224552770954738,-1.5579388896128599,1.2528014407093981,-0.044539197732961194,-1.3334632440774619,-1.0955515359103298,-2.639031449527448,1.8460377926370541,-1.3373457746521267,2.943680713528251
