V1,V2,V3,V4,V5,V6,V7,V8,V9,V10,V11,V12,V13,V14,V15,V16,V17,V18,V19,V20,V21,V22,V23,V24,V25,V26,V27,V28,V29,V30,V31,V32,V33,V34,V35,V36,V37,V38,V39,V40,V41,V42,V43,V44
56.092942328635,-37.758112183971306,-51.10896413268102,66.54976249421105,80.82479314174618,-18.675036603163115,68.49919300378961,-134.9924712128379,-106.73859585433554,80.5560809797079,0.2142188720135222,-74.48006452799935,-10.75382474991097,86.24444035710798,87.66540674158021,152.1208920937978,2.439270902120789,37.53504250594427,-5.884645826057301,-71.33922157842369,22.21327116989697,-37.49595079430744,96.47642647735475,3.04859103162939,-76.16464447108446,44.760930024180496,-41.04416548090564,32.89630409935959,-0.21828809575075836,-81.02829884380975,-100.39797384831938,8.070295068005448,-102.89172522794185,-11.176622814891553,70.84123767984963,26.51155113521252,-72.71539129207487,10.946164100614016,-19.873712576907725,65.93297432140001,58.83905283129285,-67.58643849620586,34.57345158134948,-79.50050092520145
-37.758112183971306,25.76353545725974,35.005996443953194,-45.665686322689226,-55.22256231964928,12.75138458995855,-47.05748322015458,91.35767806923087,72.99730003951737,-54.71785359829128,-0.3697140304055009,50.20294583708873,7.213636633232481,-57.806392104389566,-60.11880946942454,-102.67414844200694,-1.5256695992083509,-24.97411734402569,4.621876393517013,47.91006997854812,-15.398271980633488,25.396665526452452,-65.7501538744521,-1.713743514295307,51.92622731430355,-29.861193883630737,27.66191818712022,-23.02078193305785,1.0634311343899252,55.667105725863735,68.42074246113492,-5.237839825498266,70.04315882579883,7.8014897882807075,-47.96576260075172,-17.764779715886085,49.61881770272156,-8.002594810796097,13.008144471992903,-44.815566606506025,-40.0030350924241,46.51058263187904,-23.185363633360062,54.05495350674417
-51.10896413268102,35.005996443953194,47.63189666467833,-62.18042865365106,-75.1002427709824,17.335595382602822,-64.10440293273928,123.83878756219526,99.29613590216705,-74.25988140175019,-0.5867704682286599,67.95466050897905,9.752446923032304,-78.1070111003727,-81.83882344570432,-139.0463339953581,-2.0105046924596235,-33.636711758345335,6.56198949155409,64.76938924582099,-21.052098801233676,34.4322423718495,-89.32966514231786,-2.1549735500978158,70.55488813063911,-40.27505492012108,37.43759430547254,-31.558866911098907,1.880936520744766,75.83082609148283,92.96325965358675,-7.0073073873427125,95.12054699763398,10.679896528176275,-65.0291905821253,-24.0024865357137,67.44417066052826,-11.122380198507186,17.42267564898506,-60.847746039608026,-54.30587220524931,63.38948753208277,-31.328152849297563,73.39919765429447
66.54976249421105,-45.665686322689226,-62.18042865365106,81.2393631233791,98.05755843471046,-22.633459944527498,83.77722906338346,-161.34068038340726,-129.6343198107799,96.80764733795566,0.8112035760018494,-88.43460392436386,-12.686454085597502,101.54083425850195,106.87146906986283,181.00444953266637,2.5544512953253977,43.59486784861254,-8.80664366355235,-84.218698594249,27.61079353618763,-44.84967310147278,116.54038479269306,2.653921505569893,-92.0678616988817,52.27960048151509,-48.69573587632285,41.44311920280939,-2.8774315132364756,-99.10528205760734,-121.28734391574139,9.05771611319027,-124.05110886660619,-13.991413495146915,84.72784876713594,31.204473382719478,-88.0144327375689,14.745216046024959,-22.496113303771963,79.34827004468153,70.80506814221947,-82.86253521038734,40.712735995708265,-95.74923704673884
80.82479314174618,-55.22256231964928,-75.1002427709824,98.05755843471046,118.52167964768115,-27.363210729615048,101.08285744456892,-195.6184585478346,-156.6437265525494,117.23800523116024,0.8290127487029049,-107.36901481698659,-15.426452780306903,123.50856498674602,129.0286321133828,219.6608695327697,3.1872956364785514,53.16754801489272,-10.224715137582763,-102.37512722600842,33.21041664190143,-54.36605762804791,140.97890494987942,3.468789441597356,-111.36115612442477,63.693217697137925,-59.126333660788326,49.71275484739787,-2.8338191715203203,-119.57567213798507,-146.72372635489603,11.138313233397476,-150.12250135414993,-16.799401576261367,102.71301440606332,37.959000450716886,-106.42729152956247,17.45581568409997,-27.595081723404004,96.06976627559102,85.72112731812828,-99.92759447194544,49.51469828594702,-115.91234024733579
-18.675036603163115,12.75138458995855,17.335595382602822,-22.633459944527498,-27.363210729615048,6.320953584362426,-23.329602738168656,45.187344512307526,36.1610652780812,-27.076917279168075,-0.18565085886614538,24.807656404978175,3.564842107814623,-28.545732481397227,-29.78218976921541,-50.7491455102098,-0.740479512143234,-12.291607279740607,2.342990438841026,23.65804683212369,-7.659237165332711,12.557553935776182,-32.5531193861381,-0.8122139748661855,25.71410096709987,-14.72413197401253,13.65959218341145,-11.46382035332139,0.6288528696554687,27.59924067107832,33.87857737983618,-2.5791666598659426,34.66390945151951,3.8737764698208292,-23.724262218175653,-8.773885784663813,24.57287708627907,-4.015558657211273,6.389019596438355,-22.186258639703887,-19.796212770020567,23.062583723123165,-11.441986765436674,26.76794157625259
68.49919300378961,-47.05748322015458,-64.10440293273928,83.77722906338346,101.08285744456892,-23.329602738168656,86.40804035112637,-166.13560488724616,-133.63887990748265,99.72222505261324,0.8688831863145245,-91.01635532504812,-13.052652066393543,104.44479362852329,110.1962555681401,186.31890947140013,2.6023055159153503,44.78478228207651,-9.203188193370188,-86.64059314099563,28.516440443877983,-46.182934196527434,120.09319078416891,2.6554137142100687,-94.87902555038173,53.73825171849629,-50.11134760569293,42.83901686801025,-3.1702617462863647,-102.21673708874538,-124.98744862840914,9.287006256050997,-127.81148680845021,-14.452504269650682,87.24988994942215,32.096962390610784,-90.71074053393782,15.31013999073662,-23.066811021895063,81.75090503123334,72.94305902641172,-85.47750411444937,41.874754637718674,-98.65473284356683
-134.9924712128379,91.35767806923087,123.83878756219526,-161.34068038340726,-195.6184585478346,45.187344512307526,-166.13560488724616,325.58564045293116,258.4537780402538,-194.56663103541396,-0.8374783975853819,179.38473584744892,25.847735249889613,-207.2750464962386,-212.51286099526985,-366.56103868155253,-5.727207864991646,-90.01088764447927,15.023488153002328,171.59071945121974,-54.0227177408384,90.4741183692966,-233.30099909333867,-6.908519365523034,184.20241639467798,-107.40655835218801,98.86294605731615,-80.31655896217742,1.6815782066077278,196.52385468749029,242.78056513988187,-19.162328650438056,248.72314471074912,27.278616568375234,-170.89227022120744,-63.70916622403928,175.92201416532578,-27.16653034222327,47.377800208538964,-159.27745902155561,-142.16153034438497,164.03534906948516,-83.12086877886993,192.06044411481264
-106.73859585433554,72.99730003951737,99.29613590216705,-129.6343198107799,-156.6437265525494,36.1610652780812,-133.63887990748265,258.4537780402538,207.0672123135239,-154.93173858536727,-1.146417924684574,141.84865627159562,20.372322728370182,-163.12197920538537,-170.6026526953976,-290.2202171257936,-4.209986845972471,-70.23862101683383,13.57523913448016,135.23335746699826,-43.892221993962764,71.84495809360443,-186.32853026360235,-4.554495690642394,147.1712664868257,-84.12231847068426,78.1310768451043,-65.74152026964079,3.7973321815950025,158.08523004759044,193.9156013289948,-14.681541872874579,198.41169793640609,22.23199023504392,-135.71186226248005,-50.13037973831493,140.6676818295687,-23.110884678052237,36.42942573588121,-126.95565298279817,-113.28990258977346,132.1268198915786,-65.40999097775939,153.15712763492334
80.5560809797079,-54.71785359829128,-74.25988140175019,96.80764733795566,117.23800523116024,-27.076917279168075,99.72222505261324,-194.56663103541396,-154.93173858536727,116.39769182739457,0.6279298140456909,-107.06575115048305,-15.408935822688752,123.51288049103734,127.48558325298181,218.87407003849307,3.342694385146162,53.49799796271636,-9.387909749786067,-102.30114307809167,32.52392794967176,-54.076729888015485,139.70547089147934,3.9009899355744695,-110.31457607524455,63.90491865136394,-58.999552623745174,48.48788701024003,-1.6055407235772678,-117.9632258346842,-145.38497358476934,11.316248867660674,-148.883209428392,-16.449571329676093,102.13781291244393,37.961352755241045,-105.38650462593536,16.61545107678018,-28.027368513737308,95.31515364784418,85.06848432403939,-98.50999706968233,49.532814246028536,-114.94401824367011
0.2142188720135222,-0.3697140304055009,-0.5867704682286599,0.8112035760018494,0.8290127487029049,-0.18565085886614538,0.8688831863145245,-0.8374783975853819,-1.146417924684574,0.6279298140456909,0.1505491121572363,-0.3372052152373349,-0.02518824294750452,0.1814503889629784,1.0497503938017099,0.7761314584416797,-0.061478369290977435,-0.027656853317341662,-0.4387658323064267,-0.2119664505000111,0.3644782691669509,-0.24884188881820318,0.8910362880322648,-0.20052581623073096,-0.7113445832922118,0.01059053168038001,-0.18786295103489922,0.674017634274878,-0.5675515148245117,-1.0286891976487227,-0.9232939465740888,-0.09401400503832277,-0.9022059800993253,-0.22035406974526886,0.4544545454876267,0.05138834964624302,-0.7102540608043156,0.43885317533380136,0.1533136241129041,0.531671486369401,0.48385914695270443,-0.9080056402258829,0.08302988454955759,-0.6468171814984314
-74.48006452799935,50.20294583708873,67.95466050897905,-88.43460392436386,-107.36901481698659,24.807656404978175,-91.01635532504812,179.38473584744892,141.84865627159562,-107.06575115048305,-0.3372052152373349,99.00916755152103,14.283114265974113,-114.62415275881287,-116.55013291029532,-202.2125285726796,-3.2661804499841023,-49.986090810273126,7.781546082687976,94.84286753032164,-29.440833944502106,49.85062643703695,-128.2126446920618,-4.092730877739081,101.20497512208298,-59.529446770800476,54.592484467031454,-43.64354754533202,0.15497294855907504,107.66166888831552,133.4160042751533,-10.7089876976793,136.76474513093123,14.866145716254524,-94.14087515130369,-35.23255730926777,96.63001360918872,-14.49317336440859,26.472801661732195,-87.60518309876502,-78.20444087113785,89.81879368201803,-45.97833578785326,105.59853812168981
-10.75382474991097,7.213636633232481,9.752446923032304,-12.686454085597502,-15.426452780306903,3.564842107814623,-13.052652066393543,25.847735249889613,20.372322728370182,-15.408935822688752,-0.02518824294750452,14.283114265974113,2.065446967111422,-16.56667644874767,-16.721035158695503,-29.160589235176765,-0.48182982581801415,-7.235096557651371,1.0662766956527054,13.697798567978909,-4.213601718489328,7.180578078863435,-18.433717147650924,-0.6191083616810985,14.547976983629209,-8.614492429551978,7.874772778543583,-6.224701535281736,-0.053460290259130544,15.439719838428523,19.181715538349007,-1.5638883823266883,19.667629147363513,2.1202350758145125,-13.563431166299615,-5.092470256458234,13.887174812798104,-2.0366709776616663,3.8510950783078304,-12.607600734666761,-11.252348438501183,12.873449276781667,-6.642711905506429,15.196160578523216
86.24444035710798,-57.806392104389566,-78.1070111003727,101.54083425850195,123.50856498674602,-28.545732481397227,104.44479362852329,-207.2750464962386,-163.12197920538537,123.51288049103734,0.1814503889629784,-114.62415275881287,-16.56667644874767,133.02989790435345,133.8796571270486,233.9609947110411,3.9117735205472957,58.24013560071146,-8.318632018834442,-109.98644570486935,33.614494889247354,-57.588634071337395,147.68134965963577,5.105091120536611,-116.54614309793455,69.24813398468642,-63.21884447625541,49.62061028171304,0.8172614049532184,-123.54503157491916,-153.6682308946683,12.594956681116935,-157.62123914671142,-16.937741396006626,108.7555635191665,40.89272056340314,-111.23535325951116,16.114872055185373,-31.0658254408821,101.01869510625808,90.18211972278941,-102.99514995014202,53.35849946539526,-121.73816345667686
87.66540674158021,-60.11880946942454,-81.83882344570432,106.87146906986283,129.0286321133828,-29.78218976921541,110.1962555681401,-212.51286099526985,-170.6026526953976,127.48558325298181,1.0497503938017099,-116.55013291029532,-16.721035158695503,133.8796571270486,140.6444512423611,238.51898402563805,3.410048020133042,57.5793194255888,-11.44191437480242,-111.03838983930672,36.23555529114771,-59.087212296688215,153.41285212418822,3.5964349264648177,-121.18250431359492,68.98188319538625,-64.19939713191381,54.38693326713909,-3.5118310593178417,-130.35210705891154,-159.6635132343775,11.972357900881343,-163.3322225436475,-18.391452027093717,111.59971648632654,41.14349395432264,-115.84679793060447,19.26094722862941,-29.770637408036286,104.47753167841786,93.23404029613066,-108.98737145021279,53.69627782233257,-126.04061063782909
152.1208920937978,-102.67414844200694,-139.0463339953581,181.00444953266637,219.6608695327697,-50.7491455102098,186.31890947140013,-366.56103868155253,-290.2202171257936,218.87407003849307,0.7761314584416797,-202.2125285726796,-29.160589235176765,233.9609947110411,238.51898402563805,413.06603178729904,6.611065952143328,101.90429343108967,-16.215991776590542,-193.61741871749598,60.358774410711035,-101.87105299675174,262.2107298515306,8.183957800278518,-206.98008758836067,121.42788295878658,-111.48888047059259,89.55980659851596,-0.7886749462067254,-220.39570944996848,-272.8499094499151,21.782562957850462,-279.64880425034727,-30.48455132027961,192.38096909393755,71.91005190693286,-197.65012450221104,29.908744081918073,-53.867333439069846,179.1178007874159,159.8914539137572,-183.90140895822265,93.84112606427524,-215.919040998073
2.439270902120789,-1.5256695992083509,-2.0105046924596235,2.5544512953253977,3.1872956364785514,-0.740479512143234,2.6023055159153503,-5.727207864991646,-4.209986845972471,3.342694385146162,-0.061478369290977435,-3.2661804499841023,-0.48182982581801415,3.9117735205472957,3.410048020133042,6.611065952143328,0.17430656382383425,1.8283821023486915,0.04264295875303139,-3.208324943721297,0.7466140105077873,-1.59528950612858,3.9031173359250446,0.2995808905556762,-3.0617127639859008,2.1100120484204474,-1.8184898832130418,1.033999817873175,0.4537315693844647,-3.0763055853717534,-4.057179403014881,0.43170009761038364,-4.20563652636142,-0.37996889793762273,2.9971124719235975,1.2035172349239474,-2.9125238593351197,0.17974103898854904,-1.065728795494042,2.7134309064881794,2.428214093305218,-2.541059061169669,1.577020501759708,-3.2422353396257977
37.53504250594427,-24.97411734402569,-33.636711758345335,43.59486784861254,53.16754801489272,-12.291607279740607,44.78478228207651,-90.01088764447927,-70.23862101683383,53.49799796271636,-0.027656853317341662,-49.986090810273126,-7.235096557651371,58.24013560071146,57.5793194255888,101.90429343108967,1.8283821023486915,25.78279469953532,-3.0488738233042705,-48.1167059248979,14.206242660738987,-25.02350045939788,63.777764827809186,2.5512092653512854,-50.300309971368556,30.48430428518377,-27.614550814927192,20.84319526919745,1.2701444450391628,-52.969701342226315,-66.35297943699655,5.624940258739831,-68.17479006923413,-7.183251667850335,47.215957548414956,17.901252330032545,-47.98143193853883,6.453428002989221,-13.924051143920183,43.692361113848186,39.03671349517069,-44.1165069380203,23.389781800228587,-52.599696774346036
-5.884645826057301,4.621876393517013,6.56198949155409,-8.80664366355235,-10.224715137582763,2.342990438841026,-9.203188193370188,15.023488153002328,13.57523913448016,-9.387909749786067,-0.4387658323064267,7.781546082687976,1.0662766956527054,-8.318632018834442,-11.44191437480242,-16.215991776590542,0.04264295875303139,-3.0488738233042705,2.147688428261659,7.0448787658539525,-3.40585954050994,4.184124607485602,-11.74627290596313,0.5091273491403479,9.333948531150435,-3.9397328052755713,4.23323468567785,-5.4691333358898975,2.285988996802013,10.89095946581382,12.239518880190191,-0.42749442939549515,12.308673642714869,1.755750403065152,-7.930332981392831,-2.5524621814769715,9.003077430693287,-2.6277127093162873,1.1286459125805974,-7.800557404224037,-6.9339713529001665,9.23513026423034,-3.3194755925508344,9.488116822890076
-71.33922157842369,47.91006997854812,64.76938924582099,-84.218698594249,-102.37512722600842,23.65804683212369,-86.64059314099563,171.59071945121974,135.23335746699826,-102.30114307809167,-0.2119664505000111,94.84286753032164,13.697798567978909,-109.98644570486935,-111.03838983930672,-193.61741871749598,-3.208324943721297,-48.1167059248979,7.0448787658539525,90.96281496050976,-27.910439259031236,47.68163452159704,-122.37282821420803,-4.142166017369181,96.57940785471406,-57.22112812832842,52.31041644598623,-41.265384779315276,-0.4561482680268289,102.48370115443846,127.3354021328097,-10.369491624949326,130.59383712633885,14.084423255610142,-90.03945130949539,-33.80876186994423,92.18823719950618,-13.487073181430146,25.612753076362623,-83.6757203828428,-74.70300830387296,85.45974974770738,-44.123461155502554,100.83980182964874
22.21327116989697,-15.398271980633488,-21.052098801233676,27.61079353618763,33.21041664190143,-7.659237165332711,28.516440443877983,-54.0227177408384,-43.892221993962764,32.52392794967176,0.3644782691669509,-29.440833944502106,-4.213601718489328,33.614494889247354,36.23555529114771,60.358774410711035,0.7466140105077873,14.206242660738987,-3.40585954050994,-27.910439259031236,9.573845297583292,-15.006568724409995,39.31201961756437,0.6147452593830159,-31.078260453272236,17.176265564028434,-16.17849527444323,14.436847517182194,-1.698970749494011,-33.73969278482217,-40.914399053962626,2.8994487637681488,-41.767244325980805,-4.821343258888012,28.381085133514535,10.326004436099023,-29.73420293928157,5.37843383165079,-7.17079788736137,26.702605425402563,23.81339562898548,-28.238070171301054,13.45344856319211,-32.27001085373146
-37.49595079430744,25.396665526452452,34.4322423718495,-44.84967310147278,-54.36605762804791,12.557553935776182,-46.182934196527434,90.4741183692966,71.84495809360443,-54.076729888015485,-0.24884188881820318,49.85062643703695,7.180578078863435,-57.588634071337395,-59.087212296688215,-101.87105299675174,-1.59528950612858,-25.02350045939788,4.184124607485602,47.68163452159704,-15.006568724409995,25.148274939586955,-64.84533723972056,-1.9183437524996805,51.19208438581262,-29.84691489733995,27.482067126434398,-22.321456606542764,0.461043932099333,54.62935046157669,67.47795181037775,-5.315965690709829,69.13402465751675,7.5894431689145625,-47.489746636959374,-17.699025372348675,48.89790316797245,-7.55135021797469,13.166678330012171,-44.26643759997375,-39.51431409521323,45.60400569769568,-23.099868292681677,53.36740725388093
96.47642647735475,-65.7501538744521,-89.32966514231786,116.54038479269306,140.97890494987942,-32.5531193861381,120.09319078416891,-233.30099909333867,-186.32853026360235,139.70547089147934,0.8910362880322648,-128.2126446920618,-18.433717147650924,147.68134965963577,153.41285212418822,262.2107298515306,3.9031173359250446,63.777764827809186,-11.74627290596313,-122.37282821420803,39.31201961756437,-64.84533723972056,167.84990693363758,4.3977343268341516,-132.55610789128167,76.28680791687937,-70.63474744156245,58.72975773868119,-2.6669173357002576,-142.06347458340866,-174.67318555003328,13.411894625919818,-178.8040430906914,-19.88926220235936,122.48680040336707,45.385780039389125,-126.66449181426826,20.38594541752269,-33.24537292580112,114.43736892639238,102.1306990918253,-118.68192335704356,59.21840158239766,-138.03443177410526
3.04859103162939,-1.713743514295307,-2.1549735500978158,2.653921505569893,3.468789441597356,-0.8122139748661855,2.6554137142100687,-6.908519365523034,-4.554495690642394,3.9009899355744695,-0.20052581623073096,-4.092730877739081,-0.6191083616810985,5.105091120536611,3.5964349264648177,8.183957800278518,0.2995808905556762,2.5512092653512854,0.5091273491403479,-4.142166017369181,0.6147452593830159,-1.9183437524996805,4.3977343268341516,0.6224838578446693,-3.4372319420389834,2.8599876662282484,-2.2912908089561204,0.6995862868606103,1.2332911992884885,-3.1378463081913535,-4.567688917523789,0.6630756786800084,-4.813303557971905,-0.30160961919839213,3.6016282737669596,1.5721318929480073,-3.2329102153539298,-0.20829928933723288,-1.615801771946199,3.124723936066029,2.8071438733159213,-2.541907518106267,2.061710061661129,-3.7156120697810113
-76.16464447108446,51.92622731430355,70.55488813063911,-92.0678616988817,-111.36115612442477,25.71410096709987,-94.87902555038173,184.20241639467798,147.1712664868257,-110.31457607524455,-0.7113445832922118,101.20497512208298,14.547976983629209,-116.54614309793455,-121.18250431359492,-206.98008758836067,-3.0617127639859008,-50.300309971368556,9.333948531150435,96.57940785471406,-31.078260453272236,51.19208438581262,-132.55610789128167,-3.4372319420389834,104.70399553982041,-60.18111499997613,55.74439101773858,-46.45672284632048,2.216081073321255,112.23550923819757,137.9566851532626,-10.576188653724474,141.2039797278978,15.72384318429538,-96.7100446927525,-35.82208854879546,100.04017741283913,-16.162793859639372,26.202800368922546,-90.36582178241585,-80.64199293935788,93.76733417359807,-46.73323393173938,109.01612871832549
44.760930024180496,-29.861193883630737,-40.27505492012108,52.27960048151509,63.693217697137925,-14.72413197401253,53.73825171849629,-107.40655835218801,-84.12231847068426,63.90491865136394,0.01059053168038001,-59.529446770800476,-8.614492429551978,69.24813398468642,68.98188319538625,121.42788295878658,2.1100120484204474,30.48430428518377,-3.9397328052755713,-57.22112812832842,17.176265564028434,-29.84691489733995,76.28680791687937,2.8599876662282484,-60.18111499997613,36.152323952355324,-32.856856301916835,25.2506273575259,1.0111845555973338,-63.56444591727301,-79.37000555964703,6.633424345687381,-81.48262149655774,-8.655732156925328,56.34617353696007,21.284493519616976,-57.42211073360304,7.99370559753114,-16.37321615347256,52.23022334768337,46.64508563220563,-52.95726322590012,27.78698535829372,-62.91285309891635
-41.04416548090564,27.66191818712022,37.43759430547254,-48.69573587632285,-59.126333660788326,13.65959218341145,-50.11134760569293,98.86294605731615,78.1310768451043,-58.999552623745174,-0.18786295103489922,54.592484467031454,7.874772778543583,-63.21884447625541,-64.19939713191381,-111.48888047059259,-1.8184898832130418,-27.614550814927192,4.23323468567785,52.31041644598623,-16.17849527444323,27.482067126434398,-70.63474744156245,-2.2912908089561204,55.74439101773858,-32.856856301916835,30.115969396156217,-23.972676334667128,-0.02557998386911035,59.27449943295158,73.4968652985713,-5.911109304135348,75.3597787706691,8.181129852409583,-51.88416159617225,-19.429272886016285,53.22980857575821,-7.926789208036947,14.638299388182363,-48.26699395569289,-43.095926742395015,49.44991302113651,-25.36697568361159,58.16499049454445
32.89630409935959,-23.02078193305785,-31.558866911098907,41.44311920280939,49.71275484739787,-11.46382035332139,42.83901686801025,-80.31655896217742,-65.74152026964079,48.48788701024003,0.674017634274878,-43.64354754533202,-6.224701535281736,49.62061028171304,54.38693326713909,89.55980659851596,1.033999817873175,20.84319526919745,-5.4691333358898975,-41.265384779315276,14.436847517182194,-22.321456606542764,58.72975773868119,0.6995862868606103,-46.45672284632048,25.2506273575259,-23.972676334667128,21.971279013742386,-3.120270193061168,-50.67999617265527,-61.14541361181295,4.182848989951465,-62.34936372727771,-7.328936613252515,42.20934190912907,15.251411459661844,-44.463316587978255,8.377894882431965,-10.403973724824624,39.83702350991192,35.5112796891447,-42.47683497892284,19.87370330116985,-48.14847810762558
-0.21828809575075836,1.0634311343899252,1.880936520744766,-2.8774315132364756,-2.8338191715203203,0.6288528696554687,-3.1702617462863647,1.6815782066077278,3.7973321815950025,-1.6055407235772678,-0.5675515148245117,0.15497294855907504,-0.053460290259130544,0.8172614049532184,-3.5118310593178417,-0.7886749462067254,0.4537315693844647,1.2701444450391628,2.285988996802013,-0.4561482680268289,-1.698970749494011,0.461043932099333,-2.6669173357002576,1.2332911992884885,2.216081073321255,1.0111845555973338,-0.02557998386911035,-3.120270193061168,3.4263681044053476,3.7586698301661476,2.8094750679156224,0.5746676474862051,2.5066216583606145,0.8778144537422317,-0.9460922380066397,0.25296774349651524,2.2332219296083786,-2.246301709775953,-1.3842621381260836,-1.5011132634408688,-1.278899993318484,3.344397375122637,0.3719928180830002,1.9648000822343292
-81.02829884380975,55.667105725863735,75.83082609148283,-99.10528205760734,-119.57567213798507,27.59924067107832,-102.21673708874538,196.52385468749029,158.08523004759044,-117.9632258346842,-1.0286891976487227,107.66166888831552,15.439719838428523,-123.54503157491916,-130.35210705891154,-220.39570944996848,-3.0763055853717534,-52.969701342226315,10.89095946581382,102.48370115443846,-33.73969278482217,54.62935046157669,-142.06347458340866,-3.1378463081913535,112.23550923819757,-63.56444591727301,59.27449943295158,-50.67999617265527,3.7586698301661476,120.92079643506467,147.84860814206553,-10.982512506581033,151.1903508195339,17.095153480133447,-103.20843058127414,-37.965239467235655,107.30492664085138,-18.115791764965888,27.27981567037528,-96.7029232921206,-86.28720963272706,101.11678137837923,-49.52939431263698,116.70155594340113
-100.39797384831938,68.42074246113492,92.96325965358675,-121.28734391574139,-146.72372635489603,33.87857737983618,-124.98744862840914,242.78056513988187,193.9156013289948,-145.38497358476934,-0.9232939465740888,133.4160042751533,19.181715538349007,-153.6682308946683,-159.6635132343775,-272.8499094499151,-4.057179403014881,-66.35297943699655,12.239518880190191,127.3354021328097,-40.914399053962626,67.47795181037775,-174.67318555003328,-4.567688917523789,137.9566851532626,-79.37000555964703,73.4968652985713,-61.14541361181295,2.8094750679156224,147.84860814206553,181.78879872560591,-13.959511883840555,186.07615727685996,20.706199581275868,-127.46419945455132,-47.23080621154016,131.82014558264578,-21.23308450357277,34.58866550215327,-119.09504735423948,-106.2779601979369,123.51836537421187,-61.62208583574921,143.65594998615248
8.070295068005448,-5.237839825498266,-7.0073073873427125,9.05771611319027,11.138313233397476,-2.5791666598659426,9.287006256050997,-19.162328650438056,-14.681541872874579,11.316248867660674,-0.09401400503832277,-10.7089876976793,-1.5638883823266883,12.594956681116935,11.972357900881343,21.782562957850462,0.43170009761038364,5.624940258739831,-0.42749442939549515,-10.369491624949326,2.8994487637681488,-5.315965690709829,13.411894625919818,0.6630756786800084,-10.576188653724474,6.633424345687381,-5.911109304135348,4.182848989951465,0.5746676474862051,-10.982512506581033,-13.959511883840555,1.2820624587995904,-14.361290733702823,-1.4451020684418732,10.041941606286949,3.8763511125396235,-10.069224694516668,1.1706221021231316,-3.1170312780844,9.23641021523039,8.241349988425323,-9.118808341223094,5.051359788044061,-11.11641780642005
-102.89172522794185,70.04315882579883,95.12054699763398,-124.05110886660619,-150.12250135414993,34.66390945151951,-127.81148680845021,248.72314471074912,198.41169793640609,-148.883209428392,-0.9022059800993253,136.76474513093123,19.667629147363513,-157.62123914671142,-163.3322225436475,-279.64880425034727,-4.20563652636142,-68.17479006923413,12.308673642714869,130.59383712633885,-41.767244325980805,69.13402465751675,-178.8040430906914,-4.813303557971905,141.2039797278978,-81.48262149655774,75.3597787706691,-62.34936372727771,2.5066216583606145,151.1903508195339,186.07615727685996,-14.361290733702823,190.51776420043623,21.13749420726636,-130.5790599739565,-48.44176351779202,134.91244580797206,-21.53184795403662,35.60353278657504,-121.93190719982408,-108.8284802098735,126.28836549799145,-63.21534319980793,147.06180005897204
-11.176622814891553,7.8014897882807075,10.679896528176275,-13.991413495146915,-16.799401576261367,3.8737764698208292,-14.452504269650682,27.278616568375234,22.23199023504392,-16.449571329676093,-0.22035406974526886,14.866145716254524,2.1202350758145125,-16.937741396006626,-18.391452027093717,-30.48455132027961,-0.37996889793762273,-7.183251667850335,1.755750403065152,14.084423255610142,-4.821343258888012,7.5894431689145625,-19.88926220235936,-0.30160961919839213,15.72384318429538,-8.655732156925328,8.181129852409583,-7.328936613252515,0.8778144537422317,17.095153480133447,20.706199581275868,-1.4451020684418732,21.13749420726636,2.4643678112774907,-14.33490071586998,-5.205760883186506,15.04887084417592,-2.741885145040755,3.6199701400625277,-13.501844768749699,-12.043438836071976,14.325268839128766,-6.795408175969608,16.300063587273037
70.84123767984963,-47.96576260075172,-65.0291905821253,84.72784876713594,102.71301440606332,-23.724262218175653,87.24988994942215,-170.89227022120744,-135.71186226248005,102.13781291244393,0.4544545454876267,-94.14087515130369,-13.563431166299615,108.7555635191665,111.59971648632654,192.38096909393755,2.9971124719235975,47.215957548414956,-7.930332981392831,-90.03945130949539,28.381085133514535,-47.489746636959374,122.48680040336707,3.6016282737669596,-96.7100446927525,56.34617353696007,-51.88416159617225,42.20934190912907,-0.9460922380066397,-103.20843058127414,-127.46419945455132,10.041941606286949,-130.5790599739565,-14.33490071586998,89.70116269638325,33.426659078040345,-92.36625437043708,14.300313218912342,-24.836257993277467,83.61519334096226,74.63064126901182,-86.15215891802363,43.61466940241916,-100.82638022570742
26.51155113521252,-17.764779715886085,-24.0024865357137,31.204473382719478,37.959000450716886,-8.773885784663813,32.096962390610784,-63.70916622403928,-50.13037973831493,37.961352755241045,0.05138834964624302,-35.23255730926777,-5.092470256458234,40.89272056340314,41.14349395432264,71.91005190693286,1.2035172349239474,17.901252330032545,-2.5524621814769715,-33.80876186994423,10.326004436099023,-17.699025372348675,45.385780039389125,1.5721318929480073,-35.82208854879546,21.284493519616976,-19.429272886016285,15.251411459661844,0.25296774349651524,-37.965239467235655,-47.23080621154016,3.8763511125396235,-48.44176351779202,-5.205760883186506,33.426659078040345,12.573353808889816,-34.18585864846922,4.9506253520509,-9.554283974150472,31.049451589482413,27.714281861926224,-31.65066125341714,16.40342902070145,-37.418437661658146
-72.71539129207487,49.61881770272156,67.44417066052826,-88.0144327375689,-106.42729152956247,24.57287708627907,-90.71074053393782,175.92201416532578,140.6676818295687,-105.38650462593536,-0.7102540608043156,96.63001360918872,13.887174812798104,-111.23535325951116,-115.84679793060447,-197.65012450221104,-2.9125238593351197,-47.98143193853883,9.003077430693287,92.18823719950618,-29.73420293928157,48.89790316797245,-126.66449181426826,-3.2329102153539298,100.04017741283913,-57.42211073360304,53.22980857575821,-44.463316587978255,2.2332219296083786,107.30492664085138,131.82014558264578,-10.069224694516668,134.91244580797206,15.04887084417592,-92.36625437043708,-34.18585864846922,95.60241009832193,-15.510442411090127,24.963529734457623,-86.33784296515611,-77.048481303374,89.6582926205336,-44.603476948370385,104.14951044004681
10.946164100614016,-8.002594810796097,-11.122380198507186,14.745216046024959,17.45581568409997,-4.015558657211273,15.31013999073662,-27.16653034222327,-23.110884678052237,16.61545107678018,0.43885317533380136,-14.49317336440859,-2.0366709776616663,16.114872055185373,19.26094722862941,29.908744081918073,0.17974103898854904,6.453428002989221,-2.6277127093162873,-13.487073181430146,5.37843383165079,-7.55135021797469,20.38594541752269,-0.20829928933723288,-16.162793859639372,7.99370559753114,-7.926789208036947,8.377894882431965,-2.246301709775953,-18.115791764965888,-21.23308450357277,1.1706221021231316,-21.53184795403662,-2.741885145040755,14.300313218912342,4.9506253520509,-15.510442411090127,3.5744804267802865,-2.947250520758399,13.709664225909938,12.207486816995868,-15.254391499474584,6.44261742369027,-16.621854835038533
-19.873712576907725,13.008144471992903,17.42267564898506,-22.496113303771963,-27.595081723404004,6.389019596438355,-23.066811021895063,47.377800208538964,36.42942573588121,-28.027368513737308,0.1533136241129041,26.472801661732195,3.8510950783078304,-31.0658254408821,-29.770637408036286,-53.867333439069846,-1.065728795494042,-13.924051143920183,1.1286459125805974,25.612753076362623,-7.17079788736137,13.166678330012171,-33.24537292580112,-1.615801771946199,26.202800368922546,-16.37321615347256,14.638299388182363,-10.403973724824624,-1.3842621381260836,27.27981567037528,34.58866550215327,-3.1170312780844,35.60353278657504,3.6199701400625277,-24.836257993277467,-9.554283974150472,24.963529734457623,-2.947250520758399,7.683381805124707,-22.85789231983143,-20.421868967104018,22.67557113872252,-12.48063796651051,27.487608944176873
65.93297432140001,-44.815566606506025,-60.847746039608026,79.34827004468153,96.06976627559102,-22.186258639703887,81.75090503123334,-159.27745902155561,-126.95565298279817,95.31515364784418,0.531671486369401,-87.60518309876502,-12.607600734666761,101.01869510625808,104.47753167841786,179.1178007874159,2.7134309064881794,43.692361113848186,-7.800557404224037,-83.6757203828428,26.702605425402563,-44.26643759997375,114.43736892639238,3.124723936066029,-90.36582178241585,52.23022334768337,-48.26699395569289,39.83702350991192,-1.5011132634408688,-96.7029232921206,-119.09504735423948,9.23641021523039,-121.93190719982408,-13.501844768749699,83.61519334096226,31.049451589482413,-86.33784296515611,13.709664225909938,-22.85789231983143,78.07021446046804,69.6648580418717,-80.76554121787343,40.50644433109779,-94.15290235946617
58.83905283129285,-40.0030350924241,-54.30587220524931,70.80506814221947,85.72112731812828,-19.796212770020567,72.94305902641172,-142.16153034438497,-113.28990258977346,85.06848432403939,0.48385914695270443,-78.20444087113785,-11.252348438501183,90.18211972278941,93.23404029613066,159.8914539137572,2.428214093305218,39.03671349517069,-6.9339713529001665,-74.70300830387296,23.81339562898548,-39.51431409521323,102.1306990918253,2.8071438733159213,-80.64199293935788,46.64508563220563,-43.095926742395015,35.5112796891447,-1.278899993318484,-86.28720963272706,-106.2779601979369,8.241349988425323,-108.8284802098735,-12.043438836071976,74.63064126901182,27.714281861926224,-77.048481303374,12.207486816995868,-20.421868967104018,69.6648580418717,62.179334928983515,-72.06357663741514,36.1649977311202,-84.0130958523964
-67.58643849620586,46.51058263187904,63.38948753208277,-82.86253521038734,-99.92759447194544,23.062583723123165,-85.47750411444937,164.03534906948516,132.1268198915786,-98.50999706968233,-0.9080056402258829,89.81879368201803,12.873449276781667,-102.99514995014202,-108.98737145021279,-183.90140895822265,-2.541059061169669,-44.1165069380203,9.23513026423034,85.45974974770738,-28.238070171301054,45.60400569769568,-118.68192335704356,-2.541907518106267,93.76733417359807,-52.95726322590012,49.44991302113651,-42.47683497892284,3.344397375122637,101.11678137837923,123.51836537421187,-9.118808341223094,126.28836549799145,14.325268839128766,-86.15215891802363,-31.65066125341714,89.6582926205336,-15.254391499474584,22.67557113872252,-80.76554121787343,-72.06357663741514,84.57752728387409,-41.29498400758917,97.46824930093548
34.57345158134948,-23.185363633360062,-31.328152849297563,40.712735995708265,49.51469828594702,-11.441986765436674,41.874754637718674,-83.12086877886993,-65.40999097775939,49.532814246028536,0.08302988454955759,-45.97833578785326,-6.642711905506429,53.35849946539526,53.69627782233257,93.84112606427524,1.577020501759708,23.389781800228587,-3.3194755925508344,-44.123461155502554,13.45344856319211,-23.099868292681677,59.21840158239766,2.061710061661129,-46.73323393173938,27.78698535829372,-25.36697568361159,19.87370330116985,0.3719928180830002,-49.52939431263698,-61.62208583574921,5.051359788044061,-63.21534319980793,-6.795408175969608,43.61466940241916,16.40342902070145,-44.603476948370385,6.44261742369027,-12.48063796651051,40.50644433109779,36.1649977311202,-41.29498400758917,21.413045880976718,-48.805231344150464
-79.50050092520145,54.05495350674417,73.39919765429447,-95.74923704673884,-115.91234024733579,26.76794157625259,-98.65473284356683,192.06044411481264,153.15712763492334,-114.94401824367011,-0.6468171814984314,105.59853812168981,15.196160578523216,-121.73816345667686,-126.04061063782909,-215.919040998073,-3.2422353396257977,-52.599696774346036,9.488116822890076,100.83980182964874,-32.27001085373146,53.36740725388093,-138.03443177410526,-3.7156120697810113,109.01612871832549,-62.91285309891635,58.16499049454445,-48.14847810762558,1.9648000822343292,116.70155594340113,143.65594998615248,-11.11641780642005,147.06180005897204,16.300063587273037,-100.82638022570742,-37.418437661658146,104.14951044004681,-16.621854835038533,27.487608944176873,-94.15290235946617,-84.0130958523964,97.46824930093548,-48.805231344150464,113.57532558739574
