V1,V2,V3,V4,V5,V6,V7,V8,V9,V10,V11,V12,V13,V14,V15,V16,V17,V18,V19,V20,V21,V22,V23,V24,V25,V26,V27,V28,V29,V30,V31,V32,V33,V34,V35,V36,V37,V38,V39,V40,V41,V42,V43,V44
28.420350807410824,6.383585220347035,12.94525774807205,-2.4087074866797984,11.858251844434285,-3.9953935954371533,-1.1757142950526573,-19.24681667266494,3.4970005850541988,1.74470036963607,-19.678900743399517,-3.523608263460213,-4.4382757220971465,16.34943219107535,-19.27600598283883,5.151397077074215,-5.3978888317730345,-18.672719699474392,0.4550656720123096,-3.9946102565203505,17.53490205208062,2.7831561036869332,1.3318068382162975,-4.310512910458142,-7.394964575779589,-1.3054381732034592,8.718872431920557,13.335964477635272,-24.042477116780482,0.7311759214647005,-4.978924267667406,10.273477640616896,4.405361819037252,6.649537374918276,8.205492560855939,6.787542971033194,-1.3784470018824884,6.947816350746865,6.449609713181955,7.507952070590545,-1.278205871493665,6.477973773154843,-1.908778415197734,-20.091476982403247
6.383585220347035,1.724379777736195,3.2076894369872977,-0.8031040647006702,2.544815722157336,-0.7607420357378675,-0.5527587707878606,-3.993281545776737,1.283500705667305,0.12980890605589349,-4.631109058567336,-0.46438757595928243,-0.9800515640969566,3.452006892777032,-4.880063879010171,0.5823212018425048,-1.3748048475079375,-4.493117891051668,0.20708645693088568,-0.6440975898617926,4.097438113818602,0.8187905219473922,-0.14365808519731468,-1.049789980935769,-1.392139522984559,-0.4575749344491775,2.1823383081343173,3.0124427494040553,-5.672363705989625,0.5542961705350404,-0.7358190835809915,2.3781303700486918,1.4302362143319585,1.6915427764561861,1.6044457353522397,1.4874975143843518,0.03393612875888423,1.640837010026273,1.6758666337384194,1.4952522395641705,-0.4901527230364551,1.8361536357080304,-0.5674383073200426,-4.437744602673198
12.94525774807205,3.2076894369872977,6.463201081919692,-1.5506112735510797,4.950497941894043,-1.8659327925689404,-0.9842826549035961,-8.07472115329313,2.2896802791748767,0.20455531493766627,-9.117904629777403,-1.1508117994216824,-2.0808663758588866,7.0343945266984695,-9.540949697577926,1.3780705894917658,-2.44919791612282,-8.966220206643902,0.32657300286572294,-1.4436755799189307,8.00667447195212,1.4729167312204114,0.006535290300952091,-1.9854512319259268,-2.9324888890600733,-0.8553264346872875,4.388916028764665,5.9939537310496815,-11.139382592443951,0.9072503069414701,-1.685217502831649,4.726467064595408,2.832626097856933,3.1510108185560397,3.400633749422654,2.9822057158600015,-0.16270056972456193,3.0655801396201694,3.114777160624939,3.0686767758749918,-1.0413365871122038,3.4102320235451056,-1.1266050383305684,-8.713659502342336
-2.4087074866797984,-0.8031040647006702,-1.5506112735510797,0.7223412660371723,-0.5912186091313624,0.2477023924555981,0.5974499696134807,1.068548464499859,-0.9788371077318159,0.29698655739128066,1.9640520912242145,-0.04938327936008957,0.3175489686282292,-1.1402313751922724,2.455533642107343,0.3267202044368257,0.5035365682303196,2.015032238457574,0.030079116750261238,-0.03303143967085652,-1.5146839733625412,-0.5566164460034139,0.4079925836430405,0.43119090045969705,0.280840348719374,0.40737365791181956,-1.0802503826017933,-1.0790474269863968,2.3429107409704613,-0.5232154542976799,-0.16467590626044887,-0.9396077879056443,-0.9716093799382204,-0.6985640818451044,-0.37676033832854344,-0.494333809258496,-0.2803408122858479,-0.6447263389898397,-0.6497247536114039,-0.315533644312819,0.48533181162849637,-1.0783444780424631,0.38570154404832785,1.5532463186180583
11.858251844434285,2.544815722157336,4.950497941894043,-0.5912186091313624,5.670017851935709,-1.3996712982694324,-0.15614577890080064,-8.726494599711586,0.9940893869109737,1.3809955100782674,-8.298601555097193,-1.7421149760111043,-1.8303397612929582,7.1896133682486445,-7.610001505688993,2.977780179191694,-2.5131987104412263,-7.500182593733884,0.19515662521354338,-1.9790158480513829,7.586926473675465,1.0752061646452824,0.9421272801504542,-1.83291783160423,-3.4579533343798614,-0.30883175882067543,3.31318791726776,5.900300578683258,-10.148134998000845,-0.10398792514297647,-2.5145209650943117,4.294898894792441,1.121503774521845,2.877477903174625,3.7006939584013834,2.9861125129169133,-0.7926136000416403,3.182739359015831,2.7495685838997495,3.404653770322622,0.0010927031221999877,2.444093598009933,-0.5390458201335567,-9.05244704765446
-3.9953935954371533,-0.7607420357378675,-1.8659327925689404,0.2477023924555981,-1.3996712982694324,1.0297406662996882,0.07490639747873941,2.5578074539576554,-0.2493684668392294,-0.03001106859099235,2.4140299460512082,0.5329257681390817,0.7279727325717844,-2.117460384907435,2.4072742618006036,-0.6701606415854855,0.3640979834940084,2.5458363112970774,-0.14014027993844314,0.5852461597835282,-2.19769695888564,-0.1823469249826234,-0.2798946240498444,0.5250385214490487,1.0161264800421603,0.0752374152786877,-1.2616341803944593,-1.683335474780418,3.03095114770751,-0.06826852375117781,0.7948049527980173,-1.343556852274017,-0.8150849908807987,-0.7563609723040026,-1.1327610229809237,-0.8839394548617112,0.36467055754168415,-0.669690917125946,-0.7044743382905609,-1.1009757979702686,0.34107463794829956,-0.684220093032529,0.32076023632732387,2.293726014776523
-1.1757142950526573,-0.5527587707878606,-0.9842826549035961,0.5974499696134807,-0.15614577890080064,0.07490639747873941,0.5897276447863138,0.27029478814684404,-0.7908333780497606,0.3340010282513433,1.1472520110527074,-0.22014388027139759,0.13563560581819253,-0.4133628570755411,1.6564398574340498,0.4901189870370531,0.2618150391968242,1.1777966535406503,0.00960195571001246,-0.1935537729697946,-0.8063718273758567,-0.46379987554779933,0.5078439123959702,0.269148046626972,-0.027764403511149175,0.28220122101755946,-0.6845290453365048,-0.5629279756940839,1.3684126341928984,-0.5135112830466936,-0.42621223162726013,-0.47806774716908446,-0.7641870752398165,-0.5029979982951496,-0.0039102362594209605,-0.19668602831066964,-0.3689133508927491,-0.4099373321739215,-0.3617360760999524,-0.018066313015715707,0.39751789970163387,-0.8552547324171335,0.28316515528203456,0.7319214384273508
-19.24681667266494,-3.993281545776737,-8.07472115329313,1.068548464499859,-8.726494599711586,2.5578074539576554,0.27029478814684404,14.024225800968898,-1.4874128836063427,-2.007656242626317,13.227274802746656,2.922454857943242,2.951328088127973,-11.634834996797215,12.179429042804585,-4.811491719545289,3.7574104541645403,12.066954048431777,-0.21128173349057286,3.241335446815756,-11.969246865537949,-1.6669505221289749,-1.6574100220066343,2.898679885563425,5.552497022181499,0.49428655932651083,-5.394650275827383,-9.260064384212525,16.169227293218604,0.1963726397696573,4.055732114846978,-6.891517646009388,-1.9137719779975342,-4.483289101163848,-6.00913853289933,-4.749155146859317,1.4336384474863606,-4.925066527159339,-4.189233620782192,-5.534941183483003,0.2242895191858847,-3.842257271015231,0.9387575093848707,14.31741786258217
3.4970005850541988,1.283500705667305,2.2896802791748767,-0.9788371077318159,0.9940893869109737,-0.2493684668392294,-0.7908333780497606,-1.4874128836063427,1.6763427562192779,-0.43790715487387527,-2.8617313031985314,0.1773996259092518,-0.5008622194376932,1.6261688811296475,-3.622730261471629,-0.706045114809474,-0.9241014177707305,-3.0380169331497844,0.15458360728951484,0.1054852958541593,2.310272915932645,0.7458376593701354,-0.7464005318362024,-0.610205490348124,-0.3335710602189133,-0.672032157067617,1.6017514765890815,1.5622474876741277,-3.3386344536675114,0.8831107589052885,0.1786372450807347,1.4691324616986678,1.5743815781807362,1.0046515314534163,0.49660750403902865,0.802217892532796,0.516730584389527,0.8524183485045921,1.1797481553377946,0.39540433583919044,-0.6678416001185382,1.5923124627855756,-0.5634645145144518,-2.202588396753799
1.74470036963607,0.12980890605589349,0.20455531493766627,0.29698655739128066,1.3809955100782674,-0.03001106859099235,0.3340010282513433,-2.007656242626317,-0.43790715487387527,0.8634737697211146,-1.225354686206886,-0.6701039903440347,-0.19943040187852515,1.5196619125531634,-0.5499503849864928,1.4309125646887608,-0.4952630053236388,-0.7175130687653278,-0.09471805603356748,-0.6542007041376859,1.2011438041024436,0.04952027077841357,0.6834514483243888,-0.26301703296471635,-0.9235633383586498,0.1892192549312228,0.10047306016248139,1.0689271801310034,-1.4675559020096312,-0.5474852413359756,-0.8457206578918028,0.6077809851439255,-0.6562743707308925,0.4143374238699246,0.8701819653405287,0.5641942000188324,-0.469230888630835,0.6845563253118552,0.27386919427404877,0.8277638520647993,0.5102574612738549,0.005612040279518936,0.17096975080698384,-1.9615568448773533
-19.678900743399517,-4.631109058567336,-9.117904629777403,1.9640520912242145,-8.298601555097193,2.4140299460512082,1.1472520110527074,13.227274802746656,-2.8617313031985314,-1.225354686206886,14.0841125019934,2.255100338046037,2.9561275471393538,-11.348993453728555,13.99367299155099,-3.3453588222413586,4.014855948743689,13.224137767444773,-0.18218977100240816,2.560238885897463,-12.400362711042742,-2.276124247320587,-0.6210992814521372,3.109149564380306,5.025950232551204,1.0960091888670453,-6.175351079177791,-9.45798768469164,17.160695449377897,-0.6960860934137321,3.0884216416613204,-7.207069799651253,-3.145112104731353,-4.851709793343412,-5.519679243786364,-4.724493418774092,0.6691217458995167,-5.160108659416979,-4.627222780322903,-5.044735368257278,0.8984580783443045,-4.926174343729681,1.3878776270873983,14.338848613850233
-3.523608263460213,-0.46438757595928243,-1.1508117994216824,-0.04938327936008957,-1.7421149760111043,0.5329257681390817,-0.22014388027139759,2.922454857943242,0.1773996259092518,-0.6701039903440347,2.255100338046037,0.8813179604493961,0.5248743593674168,-2.397808402541187,1.7155479894100498,-1.484753094550494,0.5778071034673863,1.887833026354215,0.06580920067097325,0.8435138867961188,-2.044561093215121,-0.13667998388937572,-0.7208685119647716,0.4572187507953976,1.287076418009117,-0.06889674807725073,-0.7278138922423066,-1.6533740488012367,2.686977339549715,0.4108225167632571,1.1191139062882336,-1.2177997273876646,0.13417403741245323,-0.6403099974468162,-1.332332059322765,-0.9234515487691891,0.5975785727623,-0.8451612492341954,-0.5485997647940573,-1.2059227423242571,-0.19276821984952336,-0.3772175863594744,0.01769304738105919,2.763421060656252
-4.4382757220971465,-0.9800515640969566,-2.0808663758588866,0.3175489686282292,-1.8303397612929582,0.7279727325717844,0.13563560581819253,2.951328088127973,-0.5008622194376932,-0.19943040187852515,2.9561275471393538,0.5248743593674168,0.7974687440659856,-2.4683458512843583,2.922557894133791,-0.7451322854037298,0.7782095914136535,2.876257134820449,-0.20025613633162015,0.6725905407551717,-2.698617809312304,-0.33553274256911064,-0.20329293985629582,0.6145685439738748,1.1150277278333427,0.13920711371255276,-1.3827078732345992,-2.0574722915022394,3.6234412755921634,-0.1662379112115065,0.7982922644129496,-1.5697819510703885,-0.8020799143753676,-1.0181050309550859,-1.3174633519809837,-1.0359580585742194,0.18467454074991416,-0.9534411249971806,-1.0085352606099987,-1.1637987235116733,0.23063696572359488,-0.9264632948987741,0.29326434837284987,2.93909440722333
16.34943219107535,3.452006892777032,7.0343945266984695,-1.1402313751922724,7.1896133682486445,-2.117460384907435,-0.4133628570755411,-11.634834996797215,1.6261688811296475,1.5196619125531634,-11.348993453728555,-2.397808402541187,-2.4683458512843583,9.862713369013663,-10.67663267926714,3.762146968983356,-3.207185558385414,-10.444238062055827,0.12196467212463795,-2.5963182497704698,10.111233719135122,1.5228964487085426,1.2129114068848816,-2.441852328792466,-4.592457226507409,-0.6088510266810931,4.715186143738668,7.778466794837406,-13.737078321148223,-0.0078771755398622835,-3.2679974080603977,5.931805749585449,1.8603826987256933,3.7457329497547147,4.982575882818466,4.041429334759993,-1.0892421582056881,4.134035592226287,3.5795952913530322,4.529153961711873,-0.3489223432703503,3.4729722392156717,-0.8843504923543576,-12.085971754969542
-19.27600598283883,-4.880063879010171,-9.540949697577926,2.455533642107343,-7.610001505688993,2.4072742618006036,1.6564398574340498,12.179429042804585,-3.622730261471629,-0.5499503849864928,13.99367299155099,1.7155479894100498,2.922557894133791,-10.67663267926714,14.603805697176991,-2.1989343776936905,3.9141579166747165,13.474716295083812,-0.28287871203383025,2.057362799739251,-12.152296177207884,-2.490237813035497,0.09087680856503505,3.090440611787824,4.441407916154075,1.3773406632168164,-6.499824400596573,-9.146176651646053,17.022929107221568,-1.3259626275325653,2.3559203390069317,-7.131910941499001,-3.997097606781007,-4.889637921103075,-4.99192451106769,-4.523295487844706,0.15046790666165524,-4.959183496313735,-4.708913584805481,-4.547117773581665,1.3894308476983799,-5.392865532955049,1.6440200378600485,13.578874480203377
5.151397077074215,0.5823212018425048,1.3780705894917658,0.3267202044368257,2.977780179191694,-0.6701606415854855,0.4901189870370531,-4.811491719545289,-0.706045114809474,1.4309125646887608,-3.3453588222413586,-1.484753094550494,-0.7451322854037298,3.762146968983356,-2.1989343776936905,2.885214496708463,-0.9274645308751862,-2.498561292765581,-0.11090093185773653,-1.5056237391324627,3.1443496604768777,0.1731465410901214,1.3684264557736716,-0.6999590986686536,-2.1289105864187965,0.3505129967040888,0.8405778094902708,2.657536377405833,-4.063859569740952,-0.8950787341550172,-1.8461183730685522,1.7227391700777992,-0.7128449740783761,1.1001128905767743,2.1416082803475285,1.4006714591175102,-1.02519858415818,1.489709199423961,0.726433030250761,2.0154377095198637,0.6216604399602434,0.3750330842798694,0.13839430123092225,-4.518738349304433
-5.3978888317730345,-1.3748048475079375,-2.44919791612282,0.5035365682303196,-2.5131987104412263,0.3640979834940084,0.2618150391968242,3.7574104541645403,-0.9241014177707305,-0.4952630053236388,4.014855948743689,0.5778071034673863,0.7782095914136535,-3.207185558385414,3.9141579166747165,-0.9274645308751862,1.4185586559053749,3.6678711245773994,-0.09686255468222915,0.7114114470143501,-3.5964873375119635,-0.6714443625486703,-0.1400702426382968,0.8891223487186333,1.3772058789893407,0.36518883912806827,-1.6543940535172454,-2.7004711961012733,4.8612231591593975,-0.2090501557864298,0.8716375517115099,-2.0492217655414797,-0.7590114058341247,-1.4279761193741327,-1.558459572628392,-1.3528415259430755,0.07728718535830757,-1.5429851026328834,-1.4831539910522282,-1.3853059541162276,0.10621994540254243,-1.3914134668272924,0.34773098799427826,4.21250833657346
-18.672719699474392,-4.493117891051668,-8.966220206643902,2.015032238457574,-7.500182593733884,2.5458363112970774,1.1777966535406503,12.066954048431777,-3.0380169331497844,-0.7175130687653278,13.224137767444773,1.887833026354215,2.876257134820449,-10.444238062055827,13.474716295083812,-2.498561292765581,3.6678711245773994,12.86048613305269,-0.2692045062567231,2.1845912559574256,-11.653774052219342,-2.115723697689926,-0.33186857690110516,2.9219709039952946,4.516038019495587,1.2382062309542659,-6.141707277821666,-8.820909491315595,16.183223750514973,-0.911690141848685,2.7641092853215796,-6.860541982087035,-3.5791729639437153,-4.479564680591717,-5.028450045110461,-4.422201757274554,0.501650894060614,-4.637973669463891,-4.488670441708681,-4.603515401584722,1.1885394182463993,-4.720166063577364,1.5197976906382233,13.060935163934857
0.4550656720123096,0.20708645693088568,0.32657300286572294,0.030079116750261238,0.19515662521354338,-0.14014027993844314,0.00960195571001246,-0.21128173349057286,0.15458360728951484,-0.09471805603356748,-0.18218977100240816,0.06580920067097325,-0.20025613633162015,0.12196467212463795,-0.28287871203383025,-0.11090093185773653,-0.09686255468222915,-0.2692045062567231,0.33480328533263665,-0.09717510732321787,0.29418075388347426,-0.08961347814161853,-0.13227848719669036,-0.005683300658464987,0.02209317096748363,0.07303750265927215,0.1782688748356002,0.1261601596582295,-0.18788632030155505,0.2267333881558621,-0.06014053457608849,0.17119305302231547,0.33660637885354716,0.16032522388063944,0.1028067264062853,0.10772321628948789,0.11290372216652039,-0.08822024618877608,0.21470983581940303,0.09315825372075401,-0.07290965802467246,0.09469625079228773,-0.031866298581767746,-0.021253933064544633
-3.9946102565203505,-0.6440975898617926,-1.4436755799189307,-0.03303143967085652,-1.9790158480513829,0.5852461597835282,-0.1935537729697946,3.241335446815756,0.1054852958541593,-0.6542007041376859,2.560238885897463,0.8435138867961188,0.6725905407551717,-2.5963182497704698,2.057362799739251,-1.5056237391324627,0.7114114470143501,2.1845912559574256,-0.09717510732321787,0.9592302515644909,-2.409303663076112,-0.1548369561608066,-0.6757379788141832,0.5149654328712968,1.339008805316412,-0.11661999949143866,-0.9143800901501911,-1.9149905521673247,3.106827939657456,0.28561661735990457,1.1437863240976427,-1.3683986739474556,-0.04445953073559477,-0.8550514279026571,-1.4794588642569295,-1.0157353732027348,0.5015020554506653,-0.9464730619104212,-0.7360320106394644,-1.3220743931815808,-0.14984092630164111,-0.4912940724672953,0.041331769920151175,3.0322064844636882
17.53490205208062,4.097438113818602,8.00667447195212,-1.5146839733625412,7.586926473675465,-2.19769695888564,-0.8063718273758567,-11.969246865537949,2.310272915932645,1.2011438041024436,-12.400362711042742,-2.044561093215121,-2.698617809312304,10.111233719135122,-12.152296177207884,3.1443496604768777,-3.5964873375119635,-11.653774052219342,0.29418075388347426,-2.409303663076112,11.112047335828063,1.8683753597115424,0.6852812332377296,-2.758096813418269,-4.559698569433718,-0.848162258673752,5.423342124419043,8.47104589246621,-15.197150646305579,0.5221188207229825,-2.976118063895543,6.394720607569182,2.6738132052193233,4.311702040522767,5.015571844470115,4.233086046243959,-0.689506344590378,4.557511437544756,4.191265445377075,4.599787559015505,-0.6895487894401257,4.180515394504184,-1.1643854902275883,-12.748630146379263
2.7831561036869332,0.8187905219473922,1.4729167312204114,-0.5566164460034139,1.0752061646452824,-0.1823469249826234,-0.46379987554779933,-1.6669505221289749,0.7458376593701354,0.04952027077841357,-2.276124247320587,-0.13667998388937572,-0.33553274256911064,1.5228964487085426,-2.490237813035497,0.1731465410901214,-0.6714443625486703,-2.115723697689926,-0.08961347814161853,-0.1548369561608066,1.8683753597115424,0.5945769133385215,-0.18855171638653537,-0.5377557141662487,-0.577787132636456,-0.3169134282244164,1.0271125437263056,1.4320099838057736,-2.796965156290888,0.2943675090754425,-0.0779444813049252,1.057067812150392,0.6424651841742061,0.8593498935881559,0.6080761165206372,0.628927319726206,0.13248382781687978,0.9447229011628913,0.7261547028489043,0.5815533881269366,-0.2527868000351322,1.0474378951514804,-0.30127311845051086,-2.182252992118589
1.3318068382162975,-0.14365808519731468,0.006535290300952091,0.4079925836430405,0.9421272801504542,-0.2798946240498444,0.5078439123959702,-1.6574100220066343,-0.7464005318362024,0.6834514483243888,-0.6210992814521372,-0.7208685119647716,-0.20329293985629582,1.2129114068848816,0.09087680856503505,1.3684264557736716,-0.1400702426382968,-0.33186857690110516,-0.13227848719669036,-0.6757379788141832,0.6852812332377296,-0.18855171638653537,0.8788920551071614,-0.1058082638889633,-0.8376273346325257,0.2502259754556815,-0.027313997762801388,0.6847370088313861,-0.7876050776070195,-0.6794718517183105,-0.9372989972168579,0.37039972773133595,-0.6903788863111081,0.07666165721605744,0.8386151557137298,0.4020961351277112,-0.6410179843160799,0.3104936197583256,0.011681170035952522,0.7540220162243936,0.40503370973915453,-0.383627466938394,0.1781131261238157,-1.2830953315349547
-4.310512910458142,-1.049789980935769,-1.9854512319259268,0.43119090045969705,-1.83291783160423,0.5250385214490487,0.269148046626972,2.898679885563425,-0.610205490348124,-0.26301703296471635,3.109149564380306,0.4572187507953976,0.6145685439738748,-2.441852328792466,3.090440611787824,-0.6999590986686536,0.8891223487186333,2.9219709039952946,-0.005683300658464987,0.5149654328712968,-2.758096813418269,-0.5377557141662487,-0.1058082638889633,0.7379391855052204,1.1030387798441739,0.2490604684091469,-1.3593678141026873,-2.099037485022894,3.86228913093432,-0.15202755696976847,0.6458804865324225,-1.5713473686398822,-0.6788381203727759,-1.106965698928407,-1.169255938038796,-1.02032672760394,0.15133002915212615,-1.2027083906299258,-1.038851348387822,-1.1215433548529945,0.20741904539182424,-1.116114351964021,0.3205685046123914,3.1725069466281615
-7.394964575779589,-1.392139522984559,-2.9324888890600733,0.280840348719374,-3.4579533343798614,1.0161264800421603,-0.027764403511149175,5.552497022181499,-0.3335710602189133,-0.9235633383586498,5.025950232551204,1.287076418009117,1.1150277278333427,-4.592457226507409,4.441407916154075,-2.1289105864187965,1.3772058789893407,4.516038019495587,0.02209317096748363,1.339008805316412,-4.559698569433718,-0.577787132636456,-0.8376273346325257,1.1030387798441739,2.3113774722007463,0.13288854528250382,-1.9630693761190654,-3.5971092295572,6.140740093966789,0.2961217429812519,1.771515104971499,-2.633547220210588,-0.46401522557002356,-1.612638200932889,-2.406908149068709,-1.8658568369375805,0.7416054603665178,-1.9155886631305352,-1.5162883586777562,-2.20404931986279,-0.029023687214930004,-1.3329883997889211,0.27851078835968074,5.612022412089477
-1.3054381732034592,-0.4575749344491775,-0.8553264346872875,0.40737365791181956,-0.30883175882067543,0.0752374152786877,0.28220122101755946,0.49428655932651083,-0.672032157067617,0.1892192549312228,1.0960091888670453,-0.06889674807725073,0.13920711371255276,-0.6088510266810931,1.3773406632168164,0.3505129967040888,0.36518883912806827,1.2382062309542659,0.07303750265927215,-0.11661999949143866,-0.848162258673752,-0.3169134282244164,0.2502259754556815,0.2490604684091469,0.13288854528250382,0.3812747516891482,-0.6397902555816106,-0.5911820703443191,1.3198760490425225,-0.26694555109691587,-0.06065667845069208,-0.5658187153925888,-0.5848665333575559,-0.2991252187880645,-0.16746318919466308,-0.28960542315285687,-0.16038749455885207,-0.35264555788884605,-0.4590478804582506,-0.12374204660959111,0.2839876752533806,-0.5746036483130782,0.2660191499579873,0.8597990260568826
8.718872431920557,2.1823383081343173,4.388916028764665,-1.0802503826017933,3.31318791726776,-1.2616341803944593,-0.6845290453365048,-5.394650275827383,1.6017514765890815,0.10047306016248139,-6.175351079177791,-0.7278138922423066,-1.3827078732345992,4.715186143738668,-6.499824400596573,0.8405778094902708,-1.6543940535172454,-6.141707277821666,0.1782688748356002,-0.9143800901501911,5.423342124419043,1.0271125437263056,-0.027313997762801388,-1.3593678141026873,-1.9630693761190654,-0.6397902555816106,3.024503232472547,4.078012572997724,-7.583244023940308,0.6157747759265698,-1.1147499922668467,3.202301101026796,1.966737966376427,2.1125448952456125,2.2412924795667957,2.0167607245584582,-0.09642508997654298,2.101562281575286,2.1332094624487614,2.0313774576411134,-0.7393459936068902,2.32333760435568,-0.7941988576604244,-5.885406940756136
13.335964477635272,3.0124427494040553,5.9939537310496815,-1.0790474269863968,5.900300578683258,-1.683335474780418,-0.5629279756940839,-9.260064384212525,1.5622474876741277,1.0689271801310034,-9.45798768469164,-1.6533740488012367,-2.0574722915022394,7.778466794837406,-9.146176651646053,2.657536377405833,-2.7004711961012733,-8.820909491315595,0.1261601596582295,-1.9149905521673247,8.47104589246621,1.4320099838057736,0.6847370088313861,-2.099037485022894,-3.5971092295572,-0.5911820703443191,4.078012572997724,6.59573236727634,-11.646718813767261,0.219810148323161,-2.334564609429413,4.824496758986359,1.8466730559624502,3.288856616378612,3.898672644286656,3.2306131655110435,-0.6043517980976176,3.5707748112131523,3.1037494083242008,3.5730343101340307,-0.41108600329477957,3.081314196956336,-0.8411910667089065,-9.87913907326396
-24.042477116780482,-5.672363705989625,-11.139382592443951,2.3429107409704613,-10.148134998000845,3.03095114770751,1.3684126341928984,16.169227293218604,-3.3386344536675114,-1.4675559020096312,17.160695449377897,2.686977339549715,3.6234412755921634,-13.737078321148223,17.022929107221568,-4.063859569740952,4.8612231591593975,16.183223750514973,-0.18788632030155505,3.106827939657456,-15.197150646305579,-2.796965156290888,-0.7876050776070195,3.86228913093432,6.140740093966789,1.3198760490425225,-7.583244023940308,-11.646718813767261,21.144188819166388,-0.8056853510544887,3.7298239298377465,-8.733815870618988,-3.8562538401665423,-6.003542710765623,-6.734338452621512,-5.6938983765605,0.8236393411136236,-6.405494025085615,-5.669076060955707,-6.2337507452328955,1.1301984580572237,-5.950774556184455,1.745045644937974,17.497096476368434
0.7311759214647005,0.5542961705350404,0.9072503069414701,-0.5232154542976799,-0.10398792514297647,-0.06826852375117781,-0.5135112830466936,0.1963726397696573,0.8831107589052885,-0.5474852413359756,-0.6960860934137321,0.4108225167632571,-0.1662379112115065,-0.0078771755398622835,-1.3259626275325653,-0.8950787341550172,-0.2090501557864298,-0.911690141848685,0.2267333881558621,0.28561661735990457,0.5221188207229825,0.2943675090754425,-0.6794718517183105,-0.15202755696976847,0.2961217429812519,-0.26694555109691587,0.6157747759265698,0.219810148323161,-0.8056853510544887,0.7055291756341401,0.5012269970409021,0.33841357645826325,0.9767847284855768,0.3699228187800188,-0.16124277349101773,0.07776519937244034,0.49899841232635983,0.08657920129805707,0.41036045781382424,-0.16928754891147776,-0.482465956747321,0.7249842770561914,-0.2855064182084959,-0.08111715223720659
-4.978924267667406,-0.7358190835809915,-1.685217502831649,-0.16467590626044887,-2.5145209650943117,0.7948049527980173,-0.42621223162726013,4.055732114846978,0.1786372450807347,-0.8457206578918028,3.0884216416613204,1.1191139062882336,0.7982922644129496,-3.2679974080603977,2.3559203390069317,-1.8461183730685522,0.8716375517115099,2.7641092853215796,-0.06014053457608849,1.1437863240976427,-2.976118063895543,-0.0779444813049252,-0.9372989972168579,0.6458804865324225,1.771515104971499,-0.06065667845069208,-1.1147499922668467,-2.334564609429413,3.7298239298377465,0.5012269970409021,1.7078508261120804,-1.7659096010317878,0.03242499960426246,-0.8408565206824589,-1.8356100923623386,-1.347096990737139,0.8240843009903696,-1.0894319669602706,-0.9747603758321257,-1.644558931540803,-0.22228362634486923,-0.4682223322849584,0.04074410871071601,3.724805980918718
10.273477640616896,2.3781303700486918,4.726467064595408,-0.9396077879056443,4.294898894792441,-1.343556852274017,-0.47806774716908446,-6.891517646009388,1.4691324616986678,0.6077809851439255,-7.207069799651253,-1.2177997273876646,-1.5697819510703885,5.931805749585449,-7.131910941499001,1.7227391700777992,-2.0492217655414797,-6.860541982087035,0.17119305302231547,-1.3683986739474556,6.394720607569182,1.057067812150392,0.37039972773133595,-1.5713473686398822,-2.633547220210588,-0.5658187153925888,3.202301101026796,4.824496758986359,-8.733815870618988,0.33841357645826325,-1.7659096010317878,3.7882144533987954,1.6659758604936974,2.40041308108903,2.8997087919701245,2.5015531022391877,-0.42996115146792574,2.5314458126346016,2.4237245276404913,2.6367098759276666,-0.4791622407086956,2.455190436584252,-0.7074686521926439,-7.31732139390304
4.405361819037252,1.4302362143319585,2.832626097856933,-0.9716093799382204,1.121503774521845,-0.8150849908807987,-0.7641870752398165,-1.9137719779975342,1.5743815781807362,-0.6562743707308925,-3.145112104731353,0.13417403741245323,-0.8020799143753676,1.8603826987256933,-3.997097606781007,-0.7128449740783761,-0.7590114058341247,-3.5791729639437153,0.33660637885354716,-0.04445953073559477,2.6738132052193233,0.6424651841742061,-0.6903788863111081,-0.6788381203727759,-0.46401522557002356,-0.5848665333575559,1.966737966376427,1.8466730559624502,-3.8562538401665423,0.9767847284855768,0.03242499960426246,1.6659758604936974,2.0262123779799164,1.1502035102585908,0.7378227195996312,0.8959119075193791,0.42954520150936665,0.793199495920477,1.26588262944858,0.6728836861911665,-0.9042891018834986,1.5953950989366792,-0.7029013632175144,-2.2676789508566255
6.649537374918276,1.6915427764561861,3.1510108185560397,-0.6985640818451044,2.877477903174625,-0.7563609723040026,-0.5029979982951496,-4.483289101163848,1.0046515314534163,0.4143374238699246,-4.851709793343412,-0.6403099974468162,-1.0181050309550859,3.7457329497547147,-4.889637921103075,1.1001128905767743,-1.4279761193741327,-4.479564680591717,0.16032522388063944,-0.8550514279026571,4.311702040522767,0.8593498935881559,0.07666165721605744,-1.106965698928407,-1.612638200932889,-0.2991252187880645,2.1125448952456125,3.288856616378612,-6.003542710765623,0.3699228187800188,-0.8408565206824589,2.40041308108903,1.1502035102585908,1.8782228995222168,1.818645554368162,1.5443131794122948,-0.06278718699355032,1.8736178394239043,1.6187919332185035,1.7346337173917743,-0.3029780411636069,1.795570463421354,-0.49053114659332986,-4.911608774801869
8.205492560855939,1.6044457353522397,3.400633749422654,-0.37676033832854344,3.7006939584013834,-1.1327610229809237,-0.0039102362594209605,-6.00913853289933,0.49660750403902865,0.8701819653405287,-5.519679243786364,-1.332332059322765,-1.3174633519809837,4.982575882818466,-4.99192451106769,2.1416082803475285,-1.558459572628392,-5.028450045110461,0.1028067264062853,-1.4794588642569295,5.015571844470115,0.6080761165206372,0.8386151557137298,-1.169255938038796,-2.406908149068709,-0.16746318919466308,2.2412924795667957,3.898672644286656,-6.734338452621512,-0.16124277349101773,-1.8356100923623386,2.8997087919701245,0.7378227195996312,1.818645554368162,2.681844785815282,2.003015450330381,-0.6716556440838684,1.9926037277529527,1.7341595080252907,2.390583367763829,-0.06977416470187131,1.4791190745547609,-0.3640754215461106,-6.014619844477883
6.787542971033194,1.4874975143843518,2.9822057158600015,-0.494333809258496,2.9861125129169133,-0.8839394548617112,-0.19668602831066964,-4.749155146859317,0.802217892532796,0.5641942000188324,-4.724493418774092,-0.9234515487691891,-1.0359580585742194,4.041429334759993,-4.523295487844706,1.4006714591175102,-1.3528415259430755,-4.422201757274554,0.10772321628948789,-1.0157353732027348,4.233086046243959,0.628927319726206,0.4020961351277112,-1.02032672760394,-1.8658568369375805,-0.28960542315285687,2.0167607245584582,3.2306131655110435,-5.6938983765605,0.07776519937244034,-1.347096990737139,2.5015531022391877,0.8959119075193791,1.5443131794122948,2.003015450330381,1.714780575003985,-0.40591696514934633,1.6753405244565716,1.5644527488390387,1.815433554691245,-0.18465299230957577,1.499111298716018,-0.37949117547343353,-4.947859311998625
-1.3784470018824884,0.03393612875888423,-0.16270056972456193,-0.2803408122858479,-0.7926136000416403,0.36467055754168415,-0.3689133508927491,1.4336384474863606,0.516730584389527,-0.469230888630835,0.6691217458995167,0.5975785727623,0.18467454074991416,-1.0892421582056881,0.15046790666165524,-1.02519858415818,0.07728718535830757,0.501650894060614,0.11290372216652039,0.5015020554506653,-0.689506344590378,0.13248382781687978,-0.6410179843160799,0.15133002915212615,0.7416054603665178,-0.16038749455885207,-0.09642508997654298,-0.6043517980976176,0.8236393411136236,0.49899841232635983,0.8240843009903696,-0.42996115146792574,0.42954520150936665,-0.06278718699355032,-0.6716556440838684,-0.40591696514934633,0.5875951579716334,-0.26758465917859653,-0.062053618601840006,-0.6491958496987859,-0.23177047561151154,0.18207407506859716,-0.10067778076297464,1.111703351762118
6.947816350746865,1.640837010026273,3.0655801396201694,-0.6447263389898397,3.182739359015831,-0.669690917125946,-0.4099373321739215,-4.925066527159339,0.8524183485045921,0.6845563253118552,-5.160108659416979,-0.8451612492341954,-0.9534411249971806,4.134035592226287,-4.959183496313735,1.489709199423961,-1.5429851026328834,-4.637973669463891,-0.08822024618877608,-0.9464730619104212,4.557511437544756,0.9447229011628913,0.3104936197583256,-1.2027083906299258,-1.9155886631305352,-0.35264555788884605,2.101562281575286,3.5707748112131523,-6.405494025085615,0.08657920129805707,-1.0894319669602706,2.5314458126346016,0.793199495920477,1.8736178394239043,1.9926037277529527,1.6753405244565716,-0.26758465917859653,2.1631507792211506,1.6417658809007607,1.888579849578136,-0.14919991746737674,1.7881009941484491,-0.4390018489427155,-5.514480035621334
6.449609713181955,1.6758666337384194,3.114777160624939,-0.6497247536114039,2.7495685838997495,-0.7044743382905609,-0.3617360760999524,-4.189233620782192,1.1797481553377946,0.27386919427404877,-4.627222780322903,-0.5485997647940573,-1.0085352606099987,3.5795952913530322,-4.708913584805481,0.726433030250761,-1.4831539910522282,-4.488670441708681,0.21470983581940303,-0.7360320106394644,4.191265445377075,0.7261547028489043,0.011681170035952522,-1.038851348387822,-1.5162883586777562,-0.4590478804582506,2.1332094624487614,3.1037494083242008,-5.669076060955707,0.41036045781382424,-0.9747603758321257,2.4237245276404913,1.26588262944858,1.6187919332185035,1.7341595080252907,1.5644527488390387,-0.062053618601840006,1.6417658809007607,1.7721174872031855,1.5562712063821074,-0.3642241545591041,1.6742408672144957,-0.5061373531556754,-4.580879502564849
7.507952070590545,1.4952522395641705,3.0686767758749918,-0.315533644312819,3.404653770322622,-1.1009757979702686,-0.018066313015715707,-5.534941183483003,0.39540433583919044,0.8277638520647993,-5.044735368257278,-1.2059227423242571,-1.1637987235116733,4.529153961711873,-4.547117773581665,2.0154377095198637,-1.3853059541162276,-4.603515401584722,0.09315825372075401,-1.3220743931815808,4.599787559015505,0.5815533881269366,0.7540220162243936,-1.1215433548529945,-2.20404931986279,-0.12374204660959111,2.0313774576411134,3.5730343101340307,-6.2337507452328955,-0.16928754891147776,-1.644558931540803,2.6367098759276666,0.6728836861911665,1.7346337173917743,2.390583367763829,1.815433554691245,-0.6491958496987859,1.888579849578136,1.5562712063821074,2.2679328594316868,-0.0543412555311867,1.3712657994052988,-0.36525111982525044,-5.523210729980652
-1.278205871493665,-0.4901527230364551,-1.0413365871122038,0.48533181162849637,0.0010927031221999877,0.34107463794829956,0.39751789970163387,0.2242895191858847,-0.6678416001185382,0.5102574612738549,0.8984580783443045,-0.19276821984952336,0.23063696572359488,-0.3489223432703503,1.3894308476983799,0.6216604399602434,0.10621994540254243,1.1885394182463993,-0.07290965802467246,-0.14984092630164111,-0.6895487894401257,-0.2527868000351322,0.40503370973915453,0.20741904539182424,-0.029023687214930004,0.2839876752533806,-0.7393459936068902,-0.41108600329477957,1.1301984580572237,-0.482465956747321,-0.22228362634486923,-0.4791622407086956,-0.9042891018834986,-0.3029780411636069,-0.06977416470187131,-0.18465299230957577,-0.23177047561151154,-0.14919991746737674,-0.3642241545591041,-0.0543412555311867,0.5299099819151678,-0.6207006221924181,0.32130200151187327,0.37630012950635705
6.477973773154843,1.8361536357080304,3.4102320235451056,-1.0783444780424631,2.444093598009933,-0.684220093032529,-0.8552547324171335,-3.842257271015231,1.5923124627855756,0.005612040279518936,-4.926174343729681,-0.3772175863594744,-0.9264632948987741,3.4729722392156717,-5.392865532955049,0.3750330842798694,-1.3914134668272924,-4.720166063577364,0.09469625079228773,-0.4912940724672953,4.180515394504184,1.0474378951514804,-0.383627466938394,-1.116114351964021,-1.3329883997889211,-0.5746036483130782,2.32333760435568,3.081314196956336,-5.950774556184455,0.7249842770561914,-0.4682223322849584,2.455190436584252,1.5953950989366792,1.795570463421354,1.4791190745547609,1.499111298716018,0.18207407506859716,1.7881009941484491,1.6742408672144957,1.3712657994052988,-0.6207006221924181,2.2000853854622533,-0.6311917550917675,-4.584644023195391
-1.908778415197734,-0.5674383073200426,-1.1266050383305684,0.38570154404832785,-0.5390458201335567,0.32076023632732387,0.28316515528203456,0.9387575093848707,-0.5634645145144518,0.17096975080698384,1.3878776270873983,0.01769304738105919,0.29326434837284987,-0.8843504923543576,1.6440200378600485,0.13839430123092225,0.34773098799427826,1.5197976906382233,-0.031866298581767746,0.041331769920151175,-1.1643854902275883,-0.30127311845051086,0.1781131261238157,0.3205685046123914,0.27851078835968074,0.2660191499579873,-0.7941988576604244,-0.8411910667089065,1.745045644937974,-0.2855064182084959,0.04074410871071601,-0.7074686521926439,-0.7029013632175144,-0.49053114659332986,-0.3640754215461106,-0.37949117547343353,-0.10067778076297464,-0.4390018489427155,-0.5061373531556754,-0.36525111982525044,0.32130200151187327,-0.6311917550917675,0.3031407323343319,1.1395003248008242
-20.091476982403247,-4.437744602673198,-8.713659502342336,1.5532463186180583,-9.05244704765446,2.293726014776523,0.7319214384273508,14.31741786258217,-2.202588396753799,-1.9615568448773533,14.338848613850233,2.763421060656252,2.93909440722333,-12.085971754969542,13.578874480203377,-4.518738349304433,4.21250833657346,13.060935163934857,-0.021253933064544633,3.0322064844636882,-12.748630146379263,-2.182252992118589,-1.2830953315349547,3.1725069466281615,5.612022412089477,0.8597990260568826,-5.885406940756136,-9.87913907326396,17.497096476368434,-0.08111715223720659,3.724805980918718,-7.31732139390304,-2.2676789508566255,-4.911608774801869,-6.014619844477883,-4.947859311998625,1.111703351762118,-5.514480035621334,-4.580879502564849,-5.523210729980652,0.37630012950635705,-4.584644023195391,1.1395003248008242,15.316596094958957
