V1,V2,V3,V4,V5,V6,V7,V8,V9,V10,V11,V12,V13,V14,V15,V16,V17,V18,V19,V20,V21,V22,V23,V24,V25,V26,V27,V28,V29,V30,V31,V32,V33,V34,V35,V36,V37,V38,V39,V40,V41,V42,V43,V44
3.24415548978219,-0.7894113969491138,-1.0846170890990117,0.9303932411668661,0.8471748853065356,1.2487878110720902,1.6676164361326775,-1.6273563880216575,0.03656103270740023,2.1964584833081835,-1.1287114916472671,-3.2442712170506405,-0.8245802643140416,1.8631045700446078,0.9347298904813344,1.7690454902790278,-2.4010989316731455,1.3402830392076983,-0.5471214754434506,-0.5713595414295481,-1.5189630936451963,0.060186044241122894,1.4753140731092023,0.2714635781442868,-0.10557521856404081,-0.9792672236357952,-3.4063162278184,-2.0390881650623705,-0.2942469847494712,-0.9274928609796869,0.8568147519199311,0.0071140029195391205,-1.1402685133416475,0.4844033871770026,3.5445472765403596,-1.3991817344482826,-0.16012262556657864,-0.8790326077471142,-0.9423773827307751,3.3856591607765854,2.1919020876670277,-1.4570896117342096,-0.660751042001851,-1.3646970846941062
-0.7894113969491138,0.36094291938256806,0.4656444852873908,-0.5475204755495772,-0.5480535799193392,-0.11681479353672775,-0.6185384307944418,0.9137923496246897,0.5228324692227885,-0.7906847269595002,0.27847439960214043,0.9590934705235244,0.17768827045201446,-0.6668356682066614,-0.5618478655872168,-1.00255054211562,0.4126004200239664,-0.3473906684276107,0.14445888881276134,0.41846079507970785,0.20998564376127524,0.08583451005593841,-0.7163053821296982,-0.03036776093617289,0.348149070449552,-0.10097526117356849,0.7725180212768595,0.19150261154055404,0.04582702005015296,0.60855335020273,0.3497739997567211,0.051247174524369665,0.6943056614041173,-0.010075627994637648,-0.9062494353244326,0.059326062516814757,0.38942240226277164,0.0010496946310024908,0.2836869913843899,-0.8986955986909207,-0.6842027883560244,0.4901676651793693,-0.07899597281898814,0.6081501058952841
-1.0846170890990117,0.4656444852873908,0.6553859911862775,-0.6892516551242137,-0.7465176305597765,-0.23874722221401717,-0.8345307369979947,1.2456697798387177,0.6807033825730261,-1.10620459311613,0.3489044032435608,1.299428958261942,0.23393355248710623,-0.9608236535482457,-0.7731605328045887,-1.4051802417415116,0.6089467312051341,-0.5465255303084168,0.22834355810395413,0.5622144491505515,0.2653324668370714,0.1369801437425606,-0.976236900868286,-0.049628269213086704,0.4942850490376576,-0.06302961372797523,1.1169411828835578,0.2755434909991598,0.10379120453616891,0.8054705347991885,0.4110538399929596,0.017331365291004017,0.9905499950245092,-0.04975093048151173,-1.2815927836389263,0.1519074554475121,0.5044340315330874,0.03184974170801477,0.3779982313866166,-1.2490520329509098,-0.9578155935822286,0.7222021099263364,-0.07762445225017338,0.8925187473279268
0.9303932411668661,-0.5475204755495772,-0.6892516551242137,1.0358727315599123,0.907650811809907,-0.04621472889332342,0.9399530513329517,-1.4444527592323224,-1.1350041148990533,1.103099088836207,-0.24323181963520318,-1.2527757322996436,-0.25363540946687607,0.9663934495412528,1.0489378625420878,1.7404220184663795,-0.25776226769058075,0.41633934711021114,-0.022349091081634846,-0.7779690612534685,-0.09516396515346204,-0.24111068735640656,1.0364906811989958,0.027612709088647713,-0.729322680148887,0.44038445934583326,-0.7663098219323375,0.10262334798888233,0.011583824552888929,-1.031107036177191,-1.0069758274078628,-0.06744763292751921,-1.1933684153377586,-0.12534949191690503,0.9878204561538748,0.16041469261126048,-0.710679319892403,0.28471396940229277,-0.3727928775146781,1.1209813744951456,0.8789081418441487,-0.6463930034684094,0.3045808608242587,-0.9223812287202489
0.8471748853065356,-0.5480535799193392,-0.7465176305597765,0.907650811809907,1.142397867766428,-0.17792929658529663,0.9794358928100393,-1.8222769207648324,-1.3859472835726157,1.1826517464824855,-0.0819674085619064,-1.1126184321265997,-0.1461483821291816,1.2028653480406744,1.1741263969944435,2.024584044256672,-0.10061259439213631,0.5457605275715697,-0.17637255650521966,-0.9411178787434398,0.23468607266666466,-0.46065566874325053,1.369020588534595,0.05103150257052743,-0.9887360254520979,0.5178036346284701,-0.7253277202990747,0.3384644564482157,-0.061091997818863215,-1.1530984551425099,-1.2255751144572598,0.09025768763614349,-1.407499105402313,-0.11153636456557091,1.1472823848375895,0.2762222543850673,-0.9792708622843425,0.12050669670064945,-0.2954533228085857,1.024434096730756,0.8927874661092475,-0.9508700002954129,0.4020622819048177,-1.1298337625232464
1.2487878110720902,-0.11681479353672775,-0.23874722221401717,-0.04621472889332342,-0.17792929658529663,0.987353865084346,0.3317364138187954,0.2949727363662797,0.9257003991645454,0.6163714105737216,-0.6078607287296156,-1.1674614280511475,-0.3259064032639664,0.3932396666392727,-0.18033981397393237,-0.18411037252179885,-1.3788536051972955,0.5296583980372767,-0.2781024724725349,0.2578135160384781,-1.0072189537435978,0.36688116831991885,-0.029418875560796393,0.16191802366192132,0.5411247865193454,-0.9766585667279035,-1.6049041874246,-1.3802202726887238,-0.20056444048569544,0.13175732833016968,1.3678805285839086,-0.0060688832847111225,0.08978871735324394,0.3916330201059837,1.3860528366101124,-1.067559264080895,0.5711582514956205,-0.4691079338171513,-0.37616094765651037,1.3376768898065738,0.7594539597890244,-0.19530326322628636,-0.6743335846937181,-0.22872772146808887
1.6676164361326775,-0.6185384307944418,-0.8345307369979947,0.9399530513329517,0.9794358928100393,0.3317364138187954,1.2083197995758226,-1.6390396428294538,-0.8480921307572835,1.4851831127790336,-0.4380870672200958,-1.8344323836354166,-0.40166347095022353,1.366299207724646,1.0796867467164577,1.8578154895432462,-0.8994949533618576,0.7834577074393707,-0.25760595105620404,-0.7723248003102435,-0.4132600481222796,-0.25281328589965163,1.3119410211325135,0.12868662437380843,-0.6397660999336879,-0.03181823204453048,-1.6192906345578946,-0.500116652397572,-0.13550695305120494,-1.0377004835764887,-0.4776034793875302,0.04955072314511534,-1.2610993774701194,0.07952294072922786,1.9072690293375363,-0.33553134498264836,-0.6287730655491911,-0.18166059452684516,-0.5151419182233076,1.832233107887484,1.3068111271595904,-1.0661053147991324,0.006309629656443779,-1.1541056638534815
-1.6273563880216575,0.9137923496246897,1.2456697798387177,-1.4444527592323224,-1.8222769207648324,0.2949727363662797,-1.6390396428294538,3.35083334474291,2.3123761033264363,-1.991572186681552,0.2241619317649537,2.020624993916152,0.2995581621168925,-1.9321391214604045,-1.8921600765952977,-3.421148999113055,0.31940703429062833,-0.8796118269819942,0.31542339347992765,1.5100037372752328,-0.25395909722037197,0.7312682620124731,-2.380993057875791,0.050802025678812326,1.6047994841907647,-0.9308635368697037,1.2860177166811735,-0.45438907979253973,0.0814779988068107,1.804666141510721,2.0763018554792128,-0.02639928881231291,2.288771191235155,0.14597546636601716,-1.8867065776961378,-0.5199210871815281,1.6806506288722944,0.0038352290592254617,0.516063515264947,-1.7738432887034608,-1.576443400750643,1.737384797490891,-0.7557229953727084,1.8114593460640056
0.03656103270740023,0.5228324692227885,0.6807033825730261,-1.1350041148990533,-1.3859472835726157,0.9257003991645454,-0.8480921307572835,2.3123761033264363,2.358063273659308,-0.8605848606502765,-0.40675840365256766,0.37106936887922415,-0.0665244713701005,-1.0134443943350306,-1.5310169764373172,-2.544694212907095,-0.9710471200703741,-0.19542137068000429,-0.10064424284136016,1.266652890479179,-1.018106819400147,0.7840041211896477,-1.4958683878912808,0.10950339175053872,1.5751521198365708,-1.3960299229870408,-0.4918734666014913,-1.5242060432155224,-0.10286953225933734,1.3870846399931993,2.563407948132106,-0.07547038285152509,1.7373437827659424,0.4540776263114492,-0.045243918791994416,-1.1661362279524654,1.5167869375172496,-0.6178338131018019,0.05327184129241341,-0.09813638470528253,-0.4181773944485872,0.8844988315508564,-1.036952411848835,1.1173601275923482
2.1964584833081835,-0.7906847269595002,-1.10620459311613,1.103099088836207,1.1826517464824855,0.6163714105737216,1.4851831127790336,-1.991572186681552,-0.8605848606502765,1.9756839668065902,-0.7111666247736884,-2.4627124829809293,-0.502681425677908,1.7388723812616542,1.2318845212082206,2.257233925364595,-1.3667320259146283,1.0626632323732057,-0.4283263924473256,-0.8873595311551534,-0.698232132450138,-0.18129476760974358,1.629462037773296,0.15961639494046306,-0.6739771044706615,-0.17524973435355534,-2.2946264472330262,-0.8638270666742405,-0.20126999367734758,-1.2738656774051822,-0.3044401765274865,0.010051616170094884,-1.5648466818994256,0.1891714370613462,2.567091217993994,-0.5573322850465136,-0.6885995817549527,-0.27402444906131546,-0.7209416607611987,2.4496221217504957,1.77086600318301,-1.295911388727516,-0.07951954011050956,-1.4994855136292153
-1.1287114916472671,0.27847439960214043,0.3489044032435608,-0.24323181963520318,-0.0819674085619064,-0.6078607287296156,-0.4380870672200958,0.2241619317649537,-0.40675840365256766,-0.7111666247736884,0.6911036201061598,1.22761436704297,0.28027561103516385,-0.35265409272561343,0.008558569974723354,-0.13929950908106392,1.0965284509600361,-0.32629194115012156,0.2768959179680343,-0.07038903786177157,0.8650927349822587,-0.34739795607446255,-0.2928363542702267,-0.022741584355682406,-0.3261867564305937,0.4622075158600082,1.3262298011802431,1.034542936843623,0.10301970585267421,0.1913305339448701,-0.7494829987526536,0.22777846388948905,0.10775780837825745,-0.237520213246803,-1.1880585473557708,0.5794251412489189,-0.169756689990831,0.2677756572102526,0.3948809754342974,-1.2130158078015982,-0.7962386340959285,0.21367392731556828,0.344033890875955,0.2795080281710606
-3.2442712170506405,0.9590934705235244,1.299428958261942,-1.2527757322996436,-1.1126184321265997,-1.1674614280511475,-1.8344323836354166,2.020624993916152,0.37106936887922415,-2.4627124829809293,1.22761436704297,3.47580299417709,0.8082198752440266,-2.0065959751921407,-1.1855091095167452,-2.2505925958940525,2.327200731168181,-1.3481593158219385,0.557663587385075,0.7764424244009444,1.4883303982327039,-0.0748030959589996,-1.727013061421194,-0.21777357159814034,0.3227313734220305,0.6831558676630094,3.415988194845819,1.8425632677981623,0.2603591276068002,1.2703224905962145,-0.4418525714691821,0.11241256953549071,1.5123005147516289,-0.40119000828642687,-3.553316432080272,1.169369948573934,0.408935154527412,0.6023388852105805,1.0386323400926871,-3.494916637537761,-2.3722328898160083,1.4706218216486593,0.45440914553484824,1.6157036378325553
-0.8245802643140416,0.17768827045201446,0.23393355248710623,-0.25363540946687607,-0.1461483821291816,-0.3259064032639664,-0.40166347095022353,0.2995581621168925,-0.0665244713701005,-0.502681425677908,0.28027561103516385,0.8082198752440266,0.24262774974799106,-0.4191577838213705,-0.21476827132989904,-0.3733656911756844,0.6062557055070807,-0.3100308969266864,0.07128157242328423,0.1150728922921418,0.4295120203065347,-0.03340053751886943,-0.27174170330507025,-0.07492989791520188,-0.021704932854975816,0.267706027139709,0.8326604415898506,0.5491234573765018,0.04847508025439534,0.1846463724149547,-0.2526328747060977,0.005629011175592611,0.2208848759844537,-0.11353303510500892,-0.8354330640530626,0.3836378164228934,-0.029837012393010152,0.19488345912873628,0.2385975931890808,-0.8514413527164612,-0.5153886791794882,0.3024711270274066,0.19571048012150125,0.2761738114086617
1.8631045700446078,-0.6668356682066614,-0.9608236535482457,0.9663934495412528,1.2028653480406744,0.3932396666392727,1.366299207724646,-1.9321391214604045,-1.0134443943350306,1.7388723812616542,-0.35265409272561343,-2.0065959751921407,-0.4191577838213705,1.823440114877196,1.310055208180489,2.329015436400649,-0.9272054443579776,1.080930271992013,-0.30322389432358376,-1.018315658938016,-0.2862153139544383,-0.45706934717696146,1.5771892321790864,0.2563118908940952,-0.8828602190083638,-0.08276846927864713,-1.881318464148208,-0.5046831219120549,-0.14453341069598227,-1.203452997422932,-0.5678334984257559,0.26603175123105605,-1.5803709784721394,0.11168884374632548,2.318300165549894,-0.42876145018439427,-0.766755799443753,-0.2949728769962756,-0.5754236884736765,2.066932774458137,1.4766322005818333,-1.3303559684349016,-0.004988125626067213,-1.4799044321178054
0.9347298904813344,-0.5618478655872168,-0.7731605328045887,1.0489378625420878,1.1741263969944435,-0.18033981397393237,1.0796867467164577,-1.8921600765952977,-1.5310169764373172,1.2318845212082206,0.008558569974723354,-1.1855091095167452,-0.21476827132989904,1.310055208180489,1.3590671551059752,2.2557118182205604,-0.05746318488327125,0.6026401992893092,-0.05256952533094142,-1.0403698601098994,0.2558416110566159,-0.5503030773283114,1.3658676532866676,0.08078349740345009,-1.1110298654842283,0.5410981331703536,-0.7149221418188649,0.4096497334058702,-0.03363890706371465,-1.2004664096171664,-1.4090491512183674,0.15370807793885258,-1.5406719681363488,-0.15881949695508454,1.1297103811168403,0.2545995857446061,-0.9887956398741541,0.19352209757220276,-0.313661150744353,1.1088845464206718,0.9139562906555511,-1.0117589921963066,0.426520101122017,-1.2024058980993102
1.7690454902790278,-1.00255054211562,-1.4051802417415116,1.7404220184663795,2.024584044256672,-0.18411037252179885,1.8578154895432462,-3.421148999113055,-2.544694212907095,2.257233925364595,-0.13929950908106392,-2.2505925958940525,-0.3733656911756844,2.329015436400649,2.2557118182205604,3.9590185581281427,-0.301416536233114,1.12624590562816,-0.1857045506857515,-1.777260598693333,0.2935245794534249,-0.8655148227740033,2.4480936434609712,0.1069487356020146,-1.8491809080486588,0.9126198404289254,-1.4706065373274808,0.5135322881054947,-0.05370617201626129,-2.0487646572007465,-2.276307346360781,0.20297932023892773,-2.6882332927861987,-0.19200657935954185,2.1224022139514007,0.40126627980220225,-1.7052294098893346,0.21859249564761135,-0.6238058775707793,2.058665939817364,1.730950625770855,-1.7844565977954694,0.7408190742898356,-2.143496760165649
-2.4010989316731455,0.4126004200239664,0.6089467312051341,-0.25776226769058075,-0.10061259439213631,-1.3788536051972955,-0.8994949533618576,0.31940703429062833,-0.9710471200703741,-1.3667320259146283,1.0965284509600361,2.327200731168181,0.6062557055070807,-0.9272054443579776,-0.05746318488327125,-0.301416536233114,2.269088661556399,-0.9063643294087096,0.5321496723506942,-0.12754325115421666,1.601563806301881,-0.462015385718229,-0.5274238951580429,-0.19223858021620058,-0.5826373471305735,1.2817561905475712,2.7962124355192515,2.1395433796493157,0.314149109442131,0.1857621602791165,-1.7043480409622958,0.11359257659390751,0.2119386425817218,-0.5693474324283292,-2.6153684095475254,1.4992975079598478,-0.4835541528269888,0.8239724578531497,0.7022604974861835,-2.509287196743064,-1.5400652173226668,0.6980493190377395,0.889201504882112,0.6213683648715436
1.3402830392076983,-0.3473906684276107,-0.5465255303084168,0.41633934711021114,0.5457605275715697,0.5296583980372767,0.7834577074393707,-0.8796118269819942,-0.19542137068000429,1.0626632323732057,-0.32629194115012156,-1.3481593158219385,-0.3100308969266864,1.080930271992013,0.6026401992893092,1.12624590562816,-0.9063643294087096,0.760283683575441,-0.24355004123966628,-0.43565854359331097,-0.42988994142617515,-0.15215719462512045,0.788054424408724,0.20224050987150274,-0.2879531872964659,-0.39351089940424633,-1.4733965521579933,-0.6952859730922555,-0.15034136650711497,-0.527374872662853,0.1800447438042173,0.1862561179484268,-0.7680097780424389,0.20168732140393156,1.6401765940026733,-0.5931162949232199,-0.19060255430766992,-0.35475732946691996,-0.3948968249980132,1.4614030358481653,0.9748583261085945,-0.7762353788193209,-0.23536576636695639,-0.8328992232931262
-0.5471214754434506,0.14445888881276134,0.22834355810395413,-0.022349091081634846,-0.17637255650521966,-0.2781024724725349,-0.25760595105620404,0.31542339347992765,-0.10064424284136016,-0.4283263924473256,0.2768959179680343,0.557663587385075,0.07128157242328423,-0.30322389432358376,-0.05256952533094142,-0.1857045506857515,0.5321496723506942,-0.24355004123966628,0.29631143923191927,0.016464448575901777,0.2682411297158597,-0.07324838327227272,-0.35926272332768217,-0.012885275365099222,-0.03650896114052666,0.2595839952447632,0.7082715537110619,0.4224821702215164,0.14635922978758853,0.17561955134297694,-0.32281632164239543,0.030548329307944776,0.17486744529508913,-0.14586061398997355,-0.74940474200397,0.2762779121299959,0.06100071981572414,0.25288084635455305,0.1469438386285634,-0.5932926438027061,-0.4411087265799412,0.32221151114611163,0.15688877432804738,0.27748658269984366
-0.5713595414295481,0.41846079507970785,0.5622144491505515,-0.7779690612534685,-0.9411178787434398,0.2578135160384781,-0.7723248003102435,1.5100037372752328,1.266652890479179,-0.8873595311551534,-0.07038903786177157,0.7764424244009444,0.1150728922921418,-1.018315658938016,-1.0403698601098994,-1.777260598693333,-0.12754325115421666,-0.43565854359331097,0.016464448575901777,0.8679878033837941,-0.32878899325326133,0.4805898937306915,-1.078800541462127,-0.06954628961756615,0.9169893572269991,-0.5480417733781153,0.3869009049823827,-0.45137493597604367,-0.025722013785432228,0.9389548385005301,1.2195269438767227,-0.14207315431181994,1.1995597929671236,0.15193492756539145,-0.7642756919124083,-0.3310733481233966,0.8422312076085362,-0.16476327446010022,0.21123208681671,-0.6930609511630699,-0.6171546278375962,0.7453765594626633,-0.41049633841483235,0.9125879541757025
-1.5189630936451963,0.20998564376127524,0.2653324668370714,-0.09516396515346204,0.23468607266666466,-1.0072189537435978,-0.4132600481222796,-0.25395909722037197,-1.018106819400147,-0.698232132450138,0.8650927349822587,1.4883303982327039,0.4295120203065347,-0.2862153139544383,0.2558416110566159,0.2935245794534249,1.601563806301881,-0.42988994142617515,0.2682411297158597,-0.32878899325326133,1.3223565121758458,-0.5383828443659178,0.017667742662590497,-0.09791860337668636,-0.7155498732298794,0.947196459102341,1.79326378239345,1.6431306180409102,0.144049252335114,-0.11054269372099548,-1.4674314493829623,0.21857801126844692,-0.2153792611917156,-0.39389352124074806,-1.4970189210183351,1.0730463772197667,-0.6053741896997007,0.48828110414690795,0.48597449803320797,-1.5704888961844041,-0.8984239579736709,0.12058664362650831,0.6947431637136317,0.11032314133334636
0.060186044241122894,0.08583451005593841,0.1369801437425606,-0.24111068735640656,-0.46065566874325053,0.36688116831991885,-0.25281328589965163,0.7312682620124731,0.7840041211896477,-0.18129476760974358,-0.34739795607446255,-0.0748030959589996,-0.03340053751886943,-0.45706934717696146,-0.5503030773283114,-0.8655148227740033,-0.462015385718229,-0.15215719462512045,-0.07324838327227272,0.4805898937306915,-0.5383828443659178,0.45353221662236165,-0.49256673481118546,-0.05037317555578974,0.6205259416995921,-0.38594281320237583,-0.25300125167832704,-0.5939874492992536,-0.02918377917558414,0.37718242568365973,0.8711463042229026,-0.23279097761291034,0.5583618364436508,0.1487985562177301,-0.048233332992704825,-0.3330377615223016,0.5099002917768685,-0.05944862022589147,-0.06366252290957831,0.06809541052163566,-0.018569544048837087,0.41879478894038863,-0.3027245059529285,0.37595097631623475
1.4753140731092023,-0.7163053821296982,-0.976236900868286,1.0364906811989958,1.369020588534595,-0.029418875560796393,1.3119410211325135,-2.380993057875791,-1.4958683878912808,1.629462037773296,-0.2928363542702267,-1.727013061421194,-0.27174170330507025,1.5771892321790864,1.3658676532866676,2.4480936434609712,-0.5274238951580429,0.788054424408724,-0.35926272332768217,-1.078800541462127,0.017667742662590497,-0.49256673481118546,1.8206127012755606,0.04634325962223928,-1.0834483633439462,0.41921368788542696,-1.3456360207661808,0.02349637209345504,-0.13274674348593193,-1.367707183406319,-1.1882832700541484,0.06511801197270403,-1.6688212064394812,-0.02274651702011158,1.8366735021335758,0.12031638783710588,-1.1529053546646075,-0.14623333799998733,-0.452451481240084,1.6281402925481692,1.3355387034682131,-1.3677903310044048,0.3593228264574422,-1.418891628032992
0.2714635781442868,-0.03036776093617289,-0.049628269213086704,0.027612709088647713,0.05103150257052743,0.16191802366192132,0.12868662437380843,0.050802025678812326,0.10950339175053872,0.15961639494046306,-0.022741584355682406,-0.21777357159814034,-0.07492989791520188,0.2563118908940952,0.08078349740345009,0.1069487356020146,-0.19223858021620058,0.20224050987150274,-0.012885275365099222,-0.06954628961756615,-0.09791860337668636,-0.05037317555578974,0.04634325962223928,0.13386967046183343,-3.878884782953287e-5,-0.2151398181105216,-0.3359643709186431,-0.22688821727014327,-0.022156176428128574,-0.03920905495757574,0.20074440719231235,0.1338029732555185,-0.07267006458614145,0.057821533377158944,0.4047985766647813,-0.24878158813466136,0.07792164670333472,-0.10579920949476383,-0.07720119649526784,0.3097401214649067,0.14239903832794604,-0.09804615985380982,-0.15881213625078405,-0.13129294603989564
-0.10557521856404081,0.348149070449552,0.4942850490376576,-0.729322680148887,-0.9887360254520979,0.5411247865193454,-0.6397660999336879,1.6047994841907647,1.5751521198365708,-0.6739771044706615,-0.3261867564305937,0.3227313734220305,-0.021704932854975816,-0.8828602190083638,-1.1110298654842283,-1.8491809080486588,-0.5826373471305735,-0.2879531872964659,-0.03650896114052666,0.9169893572269991,-0.7155498732298794,0.6205259416995921,-1.0834483633439462,-3.878884782953287e-5,1.1326054916761907,-0.8121210036395431,-0.16038080142795372,-0.9605891573667875,-0.034923304038452375,0.9565502524545455,1.6596896034113677,-0.18205200439842587,1.2650237690299015,0.2699071670613726,-0.26133932702247376,-0.6515645744333741,1.0208095453147952,-0.31420005326024375,0.05195811723756443,-0.20627924673030007,-0.3544666374564422,0.7381333950290856,-0.6262041390206224,0.8803168376334491
-0.9792672236357952,-0.10097526117356849,-0.06302961372797523,0.44038445934583326,0.5178036346284701,-0.9766585667279035,-0.03181823204453048,-0.9308635368697037,-1.3960299229870408,-0.17524973435355534,0.4622075158600082,0.6831558676630094,0.267706027139709,-0.08276846927864713,0.5410981331703536,0.9126198404289254,1.2817561905475712,-0.39351089940424633,0.2595839952447632,-0.5480417733781153,0.947196459102341,-0.38594281320237583,0.41921368788542696,-0.2151398181105216,-0.8121210036395431,1.2554808516425022,1.3573092239720423,1.4656308108327003,0.22217582793438642,-0.5199815386633387,-1.805750697763591,-0.10266039950217438,-0.6019180298147517,-0.42633010880686806,-1.1431809651723484,1.2240282959919295,-0.8603192831796548,0.6563697491705162,0.21373004518586408,-0.9795568381792076,-0.4045095722207539,0.02090794243270576,0.8832039305991671,-0.14488080922497354
-3.4063162278184,0.7725180212768595,1.1169411828835578,-0.7663098219323375,-0.7253277202990747,-1.6049041874246,-1.6192906345578946,1.2860177166811735,-0.4918734666014913,-2.2946264472330262,1.3262298011802431,3.415988194845819,0.8326604415898506,-1.881318464148208,-0.7149221418188649,-1.4706065373274808,2.7962124355192515,-1.4733965521579933,0.7082715537110619,0.3869009049823827,1.79326378239345,-0.25300125167832704,-1.3456360207661808,-0.3359643709186431,-0.16038080142795372,1.3573092239720423,3.8375336654051515,2.4672880719704806,0.38869214150795145,0.823790898790162,-1.4804216420130487,-0.009899155708864966,1.0092337177424777,-0.6363667951867082,-3.8846648370595145,1.7549698123763313,-0.10451424408445059,0.9843150754471712,1.0208275264584608,-3.634782318122374,-2.3356950894148136,1.3725635007197092,0.9250887195770549,1.3899436719017442
-2.0390881650623705,0.19150261154055404,0.2755434909991598,0.10262334798888233,0.3384644564482157,-1.3802202726887238,-0.500116652397572,-0.45438907979253973,-1.5242060432155224,-0.8638270666742405,1.034542936843623,1.8425632677981623,0.5491234573765018,-0.5046831219120549,0.4096497334058702,0.5135322881054947,2.1395433796493157,-0.6952859730922555,0.4224821702215164,-0.45137493597604367,1.6431306180409102,-0.5939874492992536,0.02349637209345504,-0.22688821727014327,-0.9605891573667875,1.4656308108327003,2.4672880719704806,2.2679191773299046,0.2348673542202723,-0.25943666587220937,-2.177879685180193,0.09928746268438882,-0.378513284711809,-0.5884405851275075,-2.1877645024366776,1.588457962705281,-0.8591977157822305,0.885865305812788,0.5866737021132372,-2.072742495406084,-1.1369963694046021,0.28786771386771254,1.0581961686648302,0.1545898971364207
-0.2942469847494712,0.04582702005015296,0.10379120453616891,0.011583824552888929,-0.061091997818863215,-0.20056444048569544,-0.13550695305120494,0.0814779988068107,-0.10286953225933734,-0.20126999367734758,0.10301970585267421,0.2603591276068002,0.04847508025439534,-0.14453341069598227,-0.03363890706371465,-0.05370617201626129,0.314149109442131,-0.15034136650711497,0.14635922978758853,-0.025722013785432228,0.144049252335114,-0.02918377917558414,-0.13274674348593193,-0.022156176428128574,-0.034923304038452375,0.22217582793438642,0.38869214150795145,0.2348673542202723,0.11871938689659531,0.04709505195613605,-0.2330472045237164,-0.02465170697751926,0.07394952208119483,-0.09580362066819667,-0.3989283131375549,0.22699248721672746,-0.030098986082163118,0.1410396918280656,0.05501512043389909,-0.32558920006151015,-0.21611669705138825,0.18362156237914337,0.13407300750764356,0.136964140120929
-0.9274928609796869,0.60855335020273,0.8054705347991885,-1.031107036177191,-1.1530984551425099,0.13175732833016968,-1.0377004835764887,1.804666141510721,1.3870846399931993,-1.2738656774051822,0.1913305339448701,1.2703224905962145,0.1846463724149547,-1.203452997422932,-1.2004664096171664,-2.0487646572007465,0.1857621602791165,-0.527374872662853,0.17561955134297694,0.9389548385005301,-0.11054269372099548,0.37718242568365973,-1.367707183406319,-0.03920905495757574,0.9565502524545455,-0.5199815386633387,0.823790898790162,-0.25943666587220937,0.04709505195613605,1.2423131100012916,1.2107982383917406,-0.009074420402975698,1.4434468605403106,0.13011405838859438,-1.1991887855261314,-0.2581542319191281,0.9659228005951752,-0.21924068774268313,0.35856767888175944,-1.1503772769898286,-0.9775409158357974,0.890388052755097,-0.38523021377513866,1.1557850447948796
0.8568147519199311,0.3497739997567211,0.4110538399929596,-1.0069758274078628,-1.2255751144572598,1.3678805285839086,-0.4776034793875302,2.0763018554792128,2.563407948132106,-0.3044401765274865,-0.7494829987526536,-0.4418525714691821,-0.2526328747060977,-0.5678334984257559,-1.4090491512183674,-2.276307346360781,-1.7043480409622958,0.1800447438042173,-0.32281632164239543,1.2195269438767227,-1.4674314493829623,0.8711463042229026,-1.1882832700541484,0.20074440719231235,1.6596896034113677,-1.805750697763591,-1.4804216420130487,-2.177879685180193,-0.2330472045237164,1.2107982383917406,3.0502700799244766,-0.06237293714506337,1.530546639794193,0.6401464418680664,0.9523701077505612,-1.655378360443877,1.5846200804873374,-0.886367596430963,-0.1877292368651458,0.7967945531604488,0.15714676781825576,0.5548563779758676,-1.3148381516215546,0.7777106451448332
0.0071140029195391205,0.051247174524369665,0.017331365291004017,-0.06744763292751921,0.09025768763614349,-0.0060688832847111225,0.04955072314511534,-0.02639928881231291,-0.07547038285152509,0.010051616170094884,0.22777846388948905,0.11241256953549071,0.005629011175592611,0.26603175123105605,0.15370807793885258,0.20297932023892773,0.11359257659390751,0.1862561179484268,0.030548329307944776,-0.14207315431181994,0.21857801126844692,-0.23279097761291034,0.06511801197270403,0.1338029732555185,-0.18205200439842587,-0.10266039950217438,-0.009899155708864966,0.09928746268438882,-0.02465170697751926,-0.009074420402975698,-0.06237293714506337,0.26710630709434613,-0.13115263973231356,0.004384589236567107,0.16085841296025807,-0.10160068580948026,-0.034298671884086356,-0.10431298402203691,0.04766850333295523,0.006624972537355889,-0.04336168029670282,-0.17792677119631511,-0.04993975670649905,-0.14210510113680022
-1.1402685133416475,0.6943056614041173,0.9905499950245092,-1.1933684153377586,-1.407499105402313,0.08978871735324394,-1.2610993774701194,2.288771191235155,1.7373437827659424,-1.5648466818994256,0.10775780837825745,1.5123005147516289,0.2208848759844537,-1.5803709784721394,-1.5406719681363488,-2.6882332927861987,0.2119386425817218,-0.7680097780424389,0.17486744529508913,1.1995597929671236,-0.2153792611917156,0.5583618364436508,-1.6688212064394812,-0.07267006458614145,1.2650237690299015,-0.6019180298147517,1.0092337177424777,-0.378513284711809,0.07394952208119483,1.4434468605403106,1.530546639794193,-0.13115263973231356,1.8765660356690237,0.12831331570884225,-1.4465470415798989,-0.26537753854597906,1.1619380075029715,-0.21747335036542165,0.42108371880609724,-1.3901319558472827,-1.1911136071220174,1.1880266696902562,-0.4942556444435019,1.5055524194416077
0.4844033871770026,-0.010075627994637648,-0.04975093048151173,-0.12534949191690503,-0.11153636456557091,0.3916330201059837,0.07952294072922786,0.14597546636601716,0.4540776263114492,0.1891714370613462,-0.237520213246803,-0.40119000828642687,-0.11353303510500892,0.11168884374632548,-0.15881949695508454,-0.19200657935954185,-0.5693474324283292,0.20168732140393156,-0.14586061398997355,0.15193492756539145,-0.39389352124074806,0.1487985562177301,-0.02274651702011158,0.057821533377158944,0.2699071670613726,-0.42633010880686806,-0.6363667951867082,-0.5884405851275075,-0.09580362066819667,0.13011405838859438,0.6401464418680664,0.004384589236567107,0.12831331570884225,0.19141066482026697,0.5626535125221572,-0.44225585073774204,0.2488478045945694,-0.28671628287971307,-0.12106428175460031,0.4862361373085053,0.2692092131995682,-0.09428505762040822,-0.29362734944665325,-0.030102072204334192
3.5445472765403596,-0.9062494353244326,-1.2815927836389263,0.9878204561538748,1.1472823848375895,1.3860528366101124,1.9072690293375363,-1.8867065776961378,-0.045243918791994416,2.567091217993994,-1.1880585473557708,-3.553316432080272,-0.8354330640530626,2.318300165549894,1.1297103811168403,2.1224022139514007,-2.6153684095475254,1.6401765940026733,-0.74940474200397,-0.7642756919124083,-1.4970189210183351,-0.048233332992704825,1.8366735021335758,0.4047985766647813,-0.26133932702247376,-1.1431809651723484,-3.8846648370595145,-2.1877645024366776,-0.3989283131375549,-1.1991887855261314,0.9523701077505612,0.16085841296025807,-1.4465470415798989,0.5626535125221572,4.219027512608329,-1.5879650380589938,-0.3026759078006501,-1.0112643174193636,-1.0317288307606924,3.7956055720561546,2.486293280086217,-1.7443970269143607,-0.7705674712251792,-1.7288444885865368
-1.3991817344482826,0.059326062516814757,0.1519074554475121,0.16041469261126048,0.2762222543850673,-1.067559264080895,-0.33553134498264836,-0.5199210871815281,-1.1661362279524654,-0.5573322850465136,0.5794251412489189,1.169369948573934,0.3836378164228934,-0.42876145018439427,0.2545995857446061,0.40126627980220225,1.4992975079598478,-0.5931162949232199,0.2762779121299959,-0.3310733481233966,1.0730463772197667,-0.3330377615223016,0.12031638783710588,-0.24878158813466136,-0.6515645744333741,1.2240282959919295,1.7549698123763313,1.588457962705281,0.22699248721672746,-0.2581542319191281,-1.655378360443877,-0.10160068580948026,-0.26537753854597906,-0.44225585073774204,-1.5879650380589938,1.2947996991194026,-0.7166038077027866,0.6552981626936791,0.3622170148262891,-1.4486669430697323,-0.7374316046232753,0.24447005982141573,0.8614986084456445,0.14604983439288302
-0.16012262556657864,0.38942240226277164,0.5044340315330874,-0.710679319892403,-0.9792708622843425,0.5711582514956205,-0.6287730655491911,1.6806506288722944,1.5167869375172496,-0.6885995817549527,-0.169756689990831,0.408935154527412,-0.029837012393010152,-0.766755799443753,-0.9887956398741541,-1.7052294098893346,-0.4835541528269888,-0.19060255430766992,0.06100071981572414,0.8422312076085362,-0.6053741896997007,0.5099002917768685,-1.1529053546646075,0.07792164670333472,1.0208095453147952,-0.8603192831796548,-0.10451424408445059,-0.8591977157822305,-0.030098986082163118,0.9659228005951752,1.5846200804873374,-0.034298671884086356,1.1619380075029715,0.2488478045945694,-0.3026759078006501,-0.7166038077027866,1.065484359070205,-0.25273514163551625,0.07181808508262358,-0.23232736185697164,-0.4083974542471576,0.7201300275171322,-0.6441674139151218,0.7990918823240502
-0.8790326077471142,0.0010496946310024908,0.03184974170801477,0.28471396940229277,0.12050669670064945,-0.4691079338171513,-0.18166059452684516,0.0038352290592254617,-0.6178338131018019,-0.27402444906131546,0.2677756572102526,0.6023388852105805,0.19488345912873628,-0.2949728769962756,0.19352209757220276,0.21859249564761135,0.8239724578531497,-0.35475732946691996,0.25288084635455305,-0.16476327446010022,0.48828110414690795,-0.05944862022589147,-0.14623333799998733,-0.10579920949476383,-0.31420005326024375,0.6563697491705162,0.9843150754471712,0.885865305812788,0.1410396918280656,-0.21924068774268313,-0.886367596430963,-0.10431298402203691,-0.21747335036542165,-0.28671628287971307,-1.0112643174193636,0.6552981626936791,-0.25273514163551625,0.7000075064246933,0.14348075812162545,-0.7616732087009582,-0.4030222056774113,0.3960654607587431,0.4374221169297823,0.04397827025276481
-0.9423773827307751,0.2836869913843899,0.3779982313866166,-0.3727928775146781,-0.2954533228085857,-0.37616094765651037,-0.5151419182233076,0.516063515264947,0.05327184129241341,-0.7209416607611987,0.3948809754342974,1.0386323400926871,0.2385975931890808,-0.5754236884736765,-0.313661150744353,-0.6238058775707793,0.7022604974861835,-0.3948968249980132,0.1469438386285634,0.21123208681671,0.48597449803320797,-0.06366252290957831,-0.452451481240084,-0.07720119649526784,0.05195811723756443,0.21373004518586408,1.0208275264584608,0.5866737021132372,0.05501512043389909,0.35856767888175944,-0.1877292368651458,0.04766850333295523,0.42108371880609724,-0.12106428175460031,-1.0317288307606924,0.3622170148262891,0.07181808508262358,0.14348075812162545,0.3291647804123848,-1.0335285474036306,-0.6962122696416456,0.35792625364175323,0.1500284990492472,0.4606339027499705
3.3856591607765854,-0.8986955986909207,-1.2490520329509098,1.1209813744951456,1.024434096730756,1.3376768898065738,1.832233107887484,-1.7738432887034608,-0.09813638470528253,2.4496221217504957,-1.2130158078015982,-3.494916637537761,-0.8514413527164612,2.066932774458137,1.1088845464206718,2.058665939817364,-2.509287196743064,1.4614030358481653,-0.5932926438027061,-0.6930609511630699,-1.5704888961844041,0.06809541052163566,1.6281402925481692,0.3097401214649067,-0.20627924673030007,-0.9795568381792076,-3.634782318122374,-2.072742495406084,-0.32558920006151015,-1.1503772769898286,0.7967945531604488,0.006624972537355889,-1.3901319558472827,0.4862361373085053,3.7956055720561546,-1.4486669430697323,-0.23232736185697164,-0.7616732087009582,-1.0335285474036306,3.6393586286419843,2.389171505918559,-1.5141216186122786,-0.6647882126679125,-1.5921139043861374
2.1919020876670277,-0.6842027883560244,-0.9578155935822286,0.8789081418441487,0.8927874661092475,0.7594539597890244,1.3068111271595904,-1.576443400750643,-0.4181773944485872,1.77086600318301,-0.7962386340959285,-2.3722328898160083,-0.5153886791794882,1.4766322005818333,0.9139562906555511,1.730950625770855,-1.5400652173226668,0.9748583261085945,-0.4411087265799412,-0.6171546278375962,-0.8984239579736709,-0.018569544048837087,1.3355387034682131,0.14239903832794604,-0.3544666374564422,-0.4045095722207539,-2.3356950894148136,-1.1369963694046021,-0.21611669705138825,-0.9775409158357974,0.15714676781825576,-0.04336168029670282,-1.1911136071220174,0.2692092131995682,2.486293280086217,-0.7374316046232753,-0.4083974542471576,-0.4030222056774113,-0.6962122696416456,2.389171505918559,1.6699056457371126,-1.1242544861099002,-0.24835064631981668,-1.2364078475323992
-1.4570896117342096,0.4901676651793693,0.7222021099263364,-0.6463930034684094,-0.9508700002954129,-0.19530326322628636,-1.0661053147991324,1.737384797490891,0.8844988315508564,-1.295911388727516,0.21367392731556828,1.4706218216486593,0.3024711270274066,-1.3303559684349016,-1.0117589921963066,-1.7844565977954694,0.6980493190377395,-0.7762353788193209,0.32221151114611163,0.7453765594626633,0.12058664362650831,0.41879478894038863,-1.3677903310044048,-0.09804615985380982,0.7381333950290856,0.02090794243270576,1.3725635007197092,0.28786771386771254,0.18362156237914337,0.890388052755097,0.5548563779758676,-0.17792677119631511,1.1880266696902562,-0.09428505762040822,-1.7443970269143607,0.24447005982141573,0.7201300275171322,0.3960654607587431,0.35792625364175323,-1.5141216186122786,-1.1242544861099002,1.2471377661017478,-0.06214180922712487,1.1008610371673402
-0.660751042001851,-0.07899597281898814,-0.07762445225017338,0.3045808608242587,0.4020622819048177,-0.6743335846937181,0.006309629656443779,-0.7557229953727084,-1.036952411848835,-0.07951954011050956,0.344033890875955,0.45440914553484824,0.19571048012150125,-0.004988125626067213,0.426520101122017,0.7408190742898356,0.889201504882112,-0.23536576636695639,0.15688877432804738,-0.41049633841483235,0.6947431637136317,-0.3027245059529285,0.3593228264574422,-0.15881213625078405,-0.6262041390206224,0.8832039305991671,0.9250887195770549,1.0581961686648302,0.13407300750764356,-0.38523021377513866,-1.3148381516215546,-0.04993975670649905,-0.4942556444435019,-0.29362734944665325,-0.7705674712251792,0.8614986084456445,-0.6441674139151218,0.4374221169297823,0.1500284990492472,-0.6647882126679125,-0.24835064631981668,-0.06214180922712487,0.6433942515043316,-0.16633875291342232
-1.3646970846941062,0.6081501058952841,0.8925187473279268,-0.9223812287202489,-1.1298337625232464,-0.22872772146808887,-1.1541056638534815,1.8114593460640056,1.1173601275923482,-1.4994855136292153,0.2795080281710606,1.6157036378325553,0.2761738114086617,-1.4799044321178054,-1.2024058980993102,-2.143496760165649,0.6213683648715436,-0.8328992232931262,0.27748658269984366,0.9125879541757025,0.11032314133334636,0.37595097631623475,-1.418891628032992,-0.13129294603989564,0.8803168376334491,-0.14488080922497354,1.3899436719017442,0.1545898971364207,0.136964140120929,1.1557850447948796,0.7777106451448332,-0.14210510113680022,1.5055524194416077,-0.030102072204334192,-1.7288444885865368,0.14604983439288302,0.7990918823240502,0.04397827025276481,0.4606339027499705,-1.5921139043861374,-1.2364078475323992,1.1008610371673402,-0.16633875291342232,1.3379818912862396
