V1,V2,V3,V4,V5,V6,V7,V8,V9,V10,V11,V12,V13,V14,V15,V16,V17,V18,V19,V20,V21,V22,V23,V24,V25,V26,V27,V28,V29,V30,V31,V32,V33,V34,V35,V36,V37,V38,V39,V40,V41,V42,V43,V44
26.92468607531178,6.082396752148151,12.248784402181666,-2.249838896790707,11.25986061379924,-3.788353408094805,-1.1000692393011169,-18.27657205157529,3.30586126013157,1.661927708068281,-18.613121383767243,-3.33070151116076,-4.20738041193287,15.498385789540652,-18.225779042135144,4.910622276880255,-5.119569212926721,-17.637688624046252,0.518445803609487,-3.8175189893251367,16.626626702449997,2.6013334752337816,1.2376221805972987,-4.080211360254881,-6.993213073880106,-1.1771386235208279,8.236477584558516,12.592453125959233,-22.713276346527675,0.7342961715052183,-4.746333995279409,9.74379165537196,4.175331566186808,6.326387968457415,7.762314308888501,6.449912567928576,-1.306151897741882,6.553800876738422,6.127156952774655,7.129516898269988,-1.2009902863986666,6.149200669348141,-1.7821252962322436,-19.005001213251756
6.082396752148151,1.6616688379177456,3.0259194046613342,-0.7884641735557645,2.311687026170445,-0.7354943943622054,-0.5071654585171775,-3.7835569825084163,1.2452272270237303,0.07830117671842479,-4.36781689224729,-0.4478486722849226,-0.8675715857966155,3.295401588260656,-4.600551294465353,0.507847594221275,-1.303264223442562,-4.2746414923859275,0.1632401893121006,-0.5772778075233067,3.8479577916518384,0.7742800594232732,-0.13287629005307114,-1.0183996108674795,-1.2965891971895678,-0.48333657823120463,2.0663403231269477,2.741185107243369,-5.352641539743513,0.5293303939693215,-0.718890937123321,2.281777136694796,1.3630383502645564,1.5638153918251443,1.4909374077421897,1.4064126157119756,-0.021555922661290673,1.533273336489952,1.5912873814360808,1.4422847193089494,-0.5221850009806691,1.746099490652446,-0.5748060816255448,-4.1757503642378575
12.248784402181666,3.0259194046613342,6.17622418284307,-1.4840480257202908,4.706051075317153,-1.7586578769835661,-0.9684195703916938,-7.613039426524252,2.2001691694001764,0.18239510327474412,-8.641597204728853,-1.0822826634313596,-2.0353093678156133,6.651188891042821,-9.085039767759932,1.2970854661478493,-2.3136099511937838,-8.46807694491905,0.37299205008931674,-1.4056894774881252,7.576537833707004,1.3815242340349945,-0.022366716364841804,-1.8339084384350959,-2.7581510350728444,-0.7698694170215633,4.1665810414753555,5.706024816084556,-10.49926936802582,0.9111280657012618,-1.5557101811234308,4.464970112267132,2.731108133975369,3.0028687637133915,3.2509244496198986,2.8257839374117255,-0.08319851914690095,2.85673695782952,2.939154545882155,2.8630714871102283,-0.9762028801455962,3.244600072874604,-1.0378873100319812,-8.21330595699373
-2.249838896790707,-0.7884641735557645,-1.4840480257202908,0.7010627825963849,-0.5857012605294323,0.1738366475519868,0.6105008443634511,1.0056020793470033,-0.9814365399466785,0.2621738046101533,1.8774367742269538,-0.0629682984217064,0.3218373706853583,-1.0884685837553771,2.373127967800852,0.289224020044718,0.5133401004273996,1.8537460021754306,-0.05480239802931405,0.0031999092683748336,-1.440710044297302,-0.53304487644307,0.4397843716813212,0.38049665486693784,0.22794143745377685,0.3379362206023382,-1.0012693639507804,-1.0125866956527707,2.1712271345693153,-0.5671133438146878,-0.21119719822198757,-0.8889537681826486,-0.937869189189364,-0.7191575978284948,-0.3578235208673009,-0.47301444501776235,-0.3448370365909486,-0.5975248428972695,-0.6179388202346581,-0.2772779475565755,0.433881021110716,-1.075529453644841,0.33516558116712303,1.4738061908934599
11.25986061379924,2.311687026170445,4.706051075317153,-0.5857012605294323,5.299903388565536,-1.432619732062427,-0.15769970745650752,-8.223994630940815,0.8551540693674631,1.269283913477526,-7.852887432735745,-1.7084670340487105,-1.7453764724028378,6.810702849007958,-7.198203457143346,2.8414419856660516,-2.2507098781784167,-7.1425905087599375,0.048120254915020345,-1.859186833537317,7.121567808510352,1.0289672213251744,0.9675842559574319,-1.7288368461140122,-3.342937431778969,-0.32061830159934074,3.171658638977509,5.627416933378957,-9.63397763253948,-0.19189086323527774,-2.406562649315521,4.042431216801981,1.0365405975657338,2.633802199898116,3.5310290862440303,2.8116552310687584,-0.8322541706318299,3.014178185449484,2.5040893616232935,3.210813178648842,-0.03960327089574545,2.2746031621826615,-0.5239640618322742,-8.554699013635354
-3.788353408094805,-0.7354943943622054,-1.7586578769835661,0.1738366475519868,-1.432619732062427,0.976289792107209,0.03366336802961789,2.4298430893497494,-0.28765097844160553,-0.07119956316258302,2.28994788891555,0.4958833039102708,0.7188505962027854,-2.007461788496233,2.279676620010957,-0.6154178471585335,0.3816657618861093,2.4428143160928006,-0.21122444087039438,0.5438462740396091,-2.1217675482152574,-0.13555888206729702,-0.22757765334534566,0.48678106931411463,0.9725049592646665,0.06993240096911307,-1.1871572726277742,-1.6270634419441572,2.8347724314105864,-0.07531074025071975,0.8036864544004385,-1.307251679412017,-0.810640358961067,-0.7107148818773583,-1.0586956756361219,-0.884164407854652,0.33662274856380375,-0.6020308349696993,-0.7236105252400983,-1.0405923437520854,0.2675432932515107,-0.6407213660514917,0.2887947606511768,2.1673263726808902
-1.1000692393011169,-0.5071654585171775,-0.9684195703916938,0.6105008443634511,-0.15769970745650752,0.03366336802961789,0.6202300825426853,0.22450056522033762,-0.8352329053105692,0.3055035227596011,1.124082109517215,-0.1837832542034462,0.1621715328853524,-0.4363944552681537,1.6575668556774494,0.446313548109586,0.24786895320602895,1.088283096482213,-0.03544891585854909,-0.1545612308321144,-0.7378334523030295,-0.4417211339150995,0.5234183946792516,0.2033608557516001,-0.03442250243187129,0.24165223909070213,-0.6389410798504075,-0.529090985366104,1.206902718003852,-0.5388678189133149,-0.4357463440331426,-0.47165276079589197,-0.7472748927631289,-0.4716485175075147,-0.016487363588618735,-0.21747971140612432,-0.4044706536010753,-0.33536940813482286,-0.3097732438073692,0.04319261951954862,0.35232149147734815,-0.870741473145495,0.22526827219115525,0.6907465139815063
-18.27657205157529,-3.7835569825084163,-7.613039426524252,1.0056020793470033,-8.223994630940815,2.4298430893497494,0.22450056522033762,13.368194122746308,-1.3814753050948463,-1.9219994348918508,12.509963330462131,2.8253616794377976,2.7581034160552194,-11.11296061142594,11.475827237273224,-4.649259196306936,3.5570163007151794,11.385964073911857,-0.20389544092828593,3.1164944179688288,-11.309297774589082,-1.5523997071998619,-1.6200502774673242,2.7421548049004527,5.273328644253841,0.4560372751471178,-5.0744382912449195,-8.684431369609195,15.260508398819962,0.21013470858271535,3.8944430877222,-6.556643877106917,-1.7560325663392176,-4.22930452285554,-5.713423877303042,-4.510331897299121,1.4182053265804626,-4.644627079968461,-3.9390411389683266,-5.298829616045858,0.21819994404325896,-3.621849977523935,0.88609422584337,13.585495879834559
3.30586126013157,1.2452272270237303,2.2001691694001764,-0.9814365399466785,0.8551540693674631,-0.28765097844160553,-0.8352329053105692,-1.3814753050948463,1.5952512228115487,-0.46613049884766855,-2.6978996519964986,0.18451351308682798,-0.4628760646450318,1.5110500381496064,-3.4845937105113634,-0.6595681042435271,-0.8047787705935839,-2.832877461977887,0.18334191186557988,0.09936776243939778,2.1439394443523447,0.7300760983607164,-0.7644856230810879,-0.581151316631044,-0.2644383665217021,-0.5771575413141993,1.5171804469676993,1.4122116271796077,-3.1348144402230114,0.9122300208897829,0.26561256590773125,1.3701936332252087,1.548531599609637,1.014452684948013,0.4220363000869791,0.7313671757471074,0.5158747066377452,0.7950317068163986,1.048445671862806,0.38217222563027115,-0.6830284690794752,1.5827989011016321,-0.5445636576285612,-2.0197421406990923
1.661927708068281,0.07830117671842479,0.18239510327474412,0.2621738046101533,1.269283913477526,-0.07119956316258302,0.3055035227596011,-1.9219994348918508,-0.46613049884766855,0.828022487237204,-1.1624733515125707,-0.6748209173529195,-0.17218254582771234,1.4777714817341066,-0.5063784967908657,1.4229059840039266,-0.4104334865620898,-0.6784610552915444,-0.15425571665016707,-0.6315899916766738,1.101168116251929,0.05710009255864226,0.7025511994698658,-0.2462502663639996,-0.9080466153635738,0.180018692096609,0.09639685231705263,1.0158640975046862,-1.3919881743076528,-0.5732325944943161,-0.8117890209552356,0.564989301093396,-0.6615038532083496,0.364279849398703,0.8338051732462918,0.5331746348695829,-0.49320503672485455,0.6601528765381078,0.1917826390128227,0.7978640265817567,0.4743797287460825,-0.011194005424854664,0.16087808248972696,-1.8818282408795974
-18.613121383767243,-4.36781689224729,-8.641597204728853,1.8774367742269538,-7.852887432735745,2.28994788891555,1.124082109517215,12.509963330462131,-2.6978996519964986,-1.1624733515125707,13.341082277804833,2.144023046118794,2.81243043540307,-10.746423340577197,13.27230646788321,-3.2003741440020694,3.767299239209953,12.48853911268265,-0.17687104517430172,2.442286028241443,-11.722792437957127,-2.165220438455592,-0.5792072926862895,2.92820719825769,4.76448082355472,1.0033030843695365,-5.842235169392328,-8.967411453708788,16.226177311744827,-0.6691426903750493,2.8985055829066977,-6.809351489705883,-2.969462297096861,-4.604178290061362,-5.227623292334008,-4.472092877516656,0.6162098184424895,-4.886259890076493,-4.33977044418115,-4.757838456870265,0.8463943721014455,-4.691291521191675,1.2930557164524785,13.572364942009843
-3.33070151116076,-0.4478486722849226,-1.0822826634313596,-0.0629682984217064,-1.7084670340487105,0.4958833039102708,-0.1837832542034462,2.8253616794377976,0.18451351308682798,-0.6748209173529195,2.144023046118794,0.8504854841735151,0.5194816272173278,-2.302581172167124,1.6355964559456475,-1.5007524498940057,0.5390573506295466,1.7221098271615347,-0.013040783473173334,0.857268024136519,-1.9537080759692595,-0.11698246523143807,-0.666823311663399,0.4147260812197908,1.228048925771703,-0.15198182824449916,-0.6615297867259852,-1.579079611813658,2.500367370429634,0.3565116318807325,1.0596232206377838,-1.153702808822357,0.1483257817205435,-0.6573773864147228,-1.2699806291198776,-0.8986974899698525,0.5443634456013561,-0.793849323494701,-0.4977620080446456,-1.146762667948443,-0.22205601987184162,-0.38995977718631003,-0.030684712637566388,2.63838153611713
-4.20738041193287,-0.8675715857966155,-2.0353093678156133,0.3218373706853583,-1.7453764724028378,0.7188505962027854,0.1621715328853524,2.7581034160552194,-0.4628760646450318,-0.17218254582771234,2.81243043540307,0.5194816272173278,0.8352559041624987,-2.3377918205084742,2.8168908681053217,-0.7227163531174545,0.6835334932978012,2.7242994095108726,-0.19615138966491677,0.6805397659178114,-2.536680053653666,-0.3063580501053074,-0.21025371924085814,0.5269447710857011,1.0780601981127331,0.09972798772102809,-1.3405190833226768,-2.022189839599969,3.39756701083235,-0.1595712596389225,0.7427242373988937,-1.4660469420065896,-0.7881068797681526,-0.9405695480173035,-1.3024622242693498,-0.9860162193078271,0.1354995897214301,-0.8586667328975434,-0.9086447836372389,-1.0469815399358202,0.21358790562382168,-0.8669774695285286,0.2479117467666604,2.756785371294366
15.498385789540652,3.295401588260656,6.651188891042821,-1.0884685837553771,6.810702849007958,-2.007461788496233,-0.4363944552681537,-11.11296061142594,1.5110500381496064,1.4777714817341066,-10.746423340577197,-2.302581172167124,-2.3377918205084742,9.403135007409526,-10.111428796873167,3.704240848038574,-3.0187872988000004,-9.776857540123173,0.20925462228103525,-2.5434706844436006,9.559705732493274,1.4308681439233772,1.140483763125544,-2.2961774624715017,-4.33189137850507,-0.4593134276639577,4.4095406584140004,7.304588021589562,-12.935674237995721,0.04860932298410049,-3.0611051763711723,5.613186375609728,1.736113233838631,3.632447658379567,4.7305874765729845,3.834878270035555,-1.0153352327263312,3.89441073269836,3.3286347110393124,4.336255323656056,-0.30818489253794534,3.3357292074949525,-0.7940790421573471,-11.455071117910977
-18.225779042135144,-4.600551294465353,-9.085039767759932,2.373127967800852,-7.198203457143346,2.279676620010957,1.6575668556774494,11.475827237273224,-3.4845937105113634,-0.5063784967908657,13.27230646788321,1.6355964559456475,2.8168908681053217,-10.111428796873167,13.923175286713509,-2.1023528305134005,3.6588643206633025,12.716480812740041,-0.3209960800963158,1.9773775383087573,-11.471484133157082,-2.368710196795783,0.14373691873977143,2.8751969438329197,4.187322343887147,1.2459589556664048,-6.1543926081510625,-8.66794868818481,16.0396449810171,-1.3237878447942402,2.1605745004998744,-6.743104775657602,-3.8312226904803826,-4.650773108453248,-4.727191210124329,-4.290589783285895,0.07446967688725101,-4.650143303653123,-4.395997007087799,-4.244900176665822,1.309455626734126,-5.17960918051807,1.5197106991715073,12.820232654296811
4.910622276880255,0.507847594221275,1.2970854661478493,0.289224020044718,2.8414419856660516,-0.6154178471585335,0.446313548109586,-4.649259196306936,-0.6595681042435271,1.4229059840039266,-3.2003741440020694,-1.5007524498940057,-0.7227163531174545,3.704240848038574,-2.1023528305134005,2.9005682866445475,-0.8688198021749832,-2.305211780123588,-0.07579782277745474,-1.5203625744420564,2.9438662284126447,0.14407448690550856,1.3513009036854091,-0.6038453383086353,-2.0494986047239356,0.3893862920204232,0.7561884005050854,2.497466140523437,-3.743393054020965,-0.8582898988310009,-1.783222286103134,1.657848504443367,-0.7313473929580293,1.029860643525424,2.089851046582944,1.3767451389966936,-0.981073156335582,1.358221063658747,0.6145114540982698,1.9131749642165594,0.6413245057015292,0.3606336342285177,0.18563791258063478,-4.344930254272861
-5.119569212926721,-1.303264223442562,-2.3136099511937838,0.5133401004273996,-2.2507098781784167,0.3816657618861093,0.24786895320602895,3.5570163007151794,-0.8047787705935839,-0.4104334865620898,3.767299239209953,0.5390573506295466,0.6835334932978012,-3.0187872988000004,3.6588643206633025,-0.8688198021749832,1.300221176208775,3.4724640098587636,-0.007082946703612697,0.6598998078925322,-3.3691118426944193,-0.6599367818530303,-0.17997556933043107,0.8750774586097052,1.2890547706599311,0.37272596248526074,-1.5870233712410209,-2.501006978098179,4.658243767732977,-0.16744404388269946,0.8015440528302062,-1.9117068631342777,-0.6960846125164932,-1.3454483232511758,-1.4645855621853425,-1.227473170454223,0.11855270750402226,-1.4999383467809433,-1.3692054012352777,-1.346249006124441,0.18039714713633653,-1.2949332896752181,0.3763198920093343,3.971395645899904
-17.637688624046252,-4.2746414923859275,-8.46807694491905,1.8537460021754306,-7.1425905087599375,2.4428143160928006,1.088283096482213,11.385964073911857,-2.832877461977887,-0.6784610552915444,12.48853911268265,1.7221098271615347,2.7242994095108726,-9.776857540123173,12.716480812740041,-2.305211780123588,3.4724640098587636,12.213006505778582,-0.25456880811951244,2.0114450841489644,-11.067413942091623,-2.0130849650468763,-0.2907702653725958,2.8074195577630987,4.257406671187718,1.1852028260626246,-5.828750454046072,-8.408324278134181,15.412370041610247,-0.8471063172507755,2.586386322509955,-6.457853572030763,-3.4258711230716954,-4.282723492965731,-4.715319922007646,-4.148515941942403,0.4650358200506814,-4.446599887735707,-4.289791747461337,-4.3867717567484945,1.118478837705211,-4.435632808073722,1.4782646405802515,12.338877749072724
0.518445803609487,0.1632401893121006,0.37299205008931674,-0.05480239802931405,0.048120254915020345,-0.21122444087039438,-0.03544891585854909,-0.20389544092828593,0.18334191186557988,-0.15425571665016707,-0.17687104517430172,-0.013040783473173334,-0.19615138966491677,0.20925462228103525,-0.3209960800963158,-0.07579782277745474,-0.007082946703612697,-0.25456880811951244,0.30396947153930165,-0.12869222086223106,0.1867086841818493,-0.10282891569551529,-0.09648517669563528,0.039693535916163064,0.02294759398007958,0.07398594434491249,0.18480435405243087,0.012154285968929169,-0.06699504893128702,0.23876040358748948,-0.0635477638021203,0.19252141129489211,0.36402320062277277,0.08775722934253478,0.12750603952190426,0.12108628709426855,0.0680053012329219,-0.19031392153061003,0.10585599782585399,0.08042758899941102,-0.1373484611987929,0.11338959414812963,-0.03463632814105541,0.040567086919791766
-3.8175189893251367,-0.5772778075233067,-1.4056894774881252,0.0031999092683748336,-1.859186833537317,0.5438462740396091,-0.1545612308321144,3.1164944179688288,0.09936776243939778,-0.6315899916766738,2.442286028241443,0.857268024136519,0.6805397659178114,-2.5434706844436006,1.9773775383087573,-1.5203625744420564,0.6598998078925322,2.0114450841489644,-0.12869222086223106,0.9988675075881155,-2.2500241289852743,-0.12591608237020335,-0.6766866372254369,0.43015679563446635,1.2762749806199842,-0.16493467577229773,-0.8528244539521407,-1.7996278544661966,2.861380624647357,0.2502208187831273,1.0797904950307882,-1.3009445990527022,-0.026435943468995166,-0.8101962830392504,-1.4741154139759787,-0.9769051999970698,0.4501277840463311,-0.8373206887925498,-0.6400938283484146,-1.2403333370548202,-0.15312053999421105,-0.46783910659638317,-0.0027922719253067807,2.882547345581215
16.626626702449997,3.8479577916518384,7.576537833707004,-1.440710044297302,7.121567808510352,-2.1217675482152574,-0.7378334523030295,-11.309297774589082,2.1439394443523447,1.101168116251929,-11.722792437957127,-1.9537080759692595,-2.536680053653666,9.559705732493274,-11.471484133157082,2.9438662284126447,-3.3691118426944193,-11.067413942091623,0.1867086841818493,-2.2500241289852743,10.492733325286187,1.7739103568087196,0.6935815629395171,-2.630614241261212,-4.338611221282904,-0.854706084833629,5.150291720504883,8.007672570807625,-14.426899034780323,0.43815475922844743,-2.83743654585628,6.046193924639671,2.5143654209080077,4.027661651700751,4.75906481982965,3.981796129369464,-0.7093533970090016,4.324828778180156,3.9508899410476674,4.366685093302232,-0.6915059143307072,3.917875201030261,-1.133743441411629,-12.05431717508248
2.6013334752337816,0.7742800594232732,1.3815242340349945,-0.53304487644307,1.0289672213251744,-0.13555888206729702,-0.4417211339150995,-1.5523997071998619,0.7300760983607164,0.05710009255864226,-2.165220438455592,-0.11698246523143807,-0.3063580501053074,1.4308681439233772,-2.368710196795783,0.14407448690550856,-0.6599367818530303,-2.0130849650468763,-0.10282891569551529,-0.12591608237020335,1.7739103568087196,0.5799700879812545,-0.18645709784102701,-0.5101905356368348,-0.5442973304364561,-0.3232368088517548,0.9739831962768389,1.3713229919743364,-2.6580976554310225,0.2728614606783843,-0.06857592959845923,0.9985111173959208,0.5973069142252798,0.8055368761036743,0.5631680802985243,0.5983488714847354,0.14054989784182131,0.9132814391566467,0.7024782949337918,0.5273449977205412,-0.2276345942150079,1.0000401772975211,-0.2870846831259797,-2.0861611269953646
1.2376221805972987,-0.13287629005307114,-0.022366716364841804,0.4397843716813212,0.9675842559574319,-0.22757765334534566,0.5234183946792516,-1.6200502774673242,-0.7644856230810879,0.7025511994698658,-0.5792072926862895,-0.666823311663399,-0.21025371924085814,1.140483763125544,0.14373691873977143,1.3513009036854091,-0.17997556933043107,-0.2907702653725958,-0.09648517669563528,-0.6766866372254369,0.6935815629395171,-0.18645709784102701,0.867235951336605,-0.10020034387657958,-0.7988330472764135,0.26115225686597693,-0.03931890925171476,0.7106499614801238,-0.7912140204708684,-0.6713363002792551,-0.895202478183306,0.3265881774909603,-0.69392521609414,0.1186329899250236,0.8255445312745755,0.3671153243676223,-0.5807670112514686,0.3397767758690377,0.043590840878346644,0.7462564705621059,0.43092819161160845,-0.4137495080686905,0.17558660359182027,-1.266265045703706
-4.080211360254881,-1.0183996108674795,-1.8339084384350959,0.38049665486693784,-1.7288368461140122,0.48678106931411463,0.2033608557516001,2.7421548049004527,-0.581151316631044,-0.2462502663639996,2.92820719825769,0.4147260812197908,0.5269447710857011,-2.2961774624715017,2.8751969438329197,-0.6038453383086353,0.8750774586097052,2.8074195577630987,0.039693535916163064,0.43015679563446635,-2.630614241261212,-0.5101905356368348,-0.10020034387657958,0.7443207655292922,1.0493542603593122,0.30031594434768777,-1.2849527823692866,-1.958313277653687,3.698147203581689,-0.10899080488513281,0.6571659466832709,-1.5082243712845358,-0.620975874209679,-1.0157305754962433,-1.069484698026771,-0.9645726905773881,0.1971132038725164,-1.1713985510374083,-1.0376153518761295,-1.0838636135076856,0.20878091795783457,-1.0379362755824018,0.33361339918950395,3.015755458363264
-6.993213073880106,-1.2965891971895678,-2.7581510350728444,0.22794143745377685,-3.342937431778969,0.9725049592646665,-0.03442250243187129,5.273328644253841,-0.2644383665217021,-0.9080466153635738,4.76448082355472,1.228048925771703,1.0780601981127331,-4.33189137850507,4.187322343887147,-2.0494986047239356,1.2890547706599311,4.257406671187718,0.02294759398007958,1.2762749806199842,-4.338611221282904,-0.5442973304364561,-0.7988330472764135,1.0493542603593122,2.229229695806806,0.0967445453157652,-1.8427564863662464,-3.4653621475665948,5.8369335514232,0.30817587035918625,1.694829804945906,-2.479410647264009,-0.4030897048382724,-1.5365132454551382,-2.291242158919489,-1.7703494348738285,0.7123712942521317,-1.8388340330057944,-1.430181061372248,-2.0906123500357214,-0.06447807844959098,-1.2538035642680219,0.23900602834450704,5.334074846886439
-1.1771386235208279,-0.48333657823120463,-0.7698694170215633,0.3379362206023382,-0.32061830159934074,0.06993240096911307,0.24165223909070213,0.4560372751471178,-0.5771575413141993,0.180018692096609,1.0033030843695365,-0.15198182824449916,0.09972798772102809,-0.4593134276639577,1.2459589556664048,0.3893862920204232,0.37272596248526074,1.1852028260626246,0.07398594434491249,-0.16493467577229773,-0.854706084833629,-0.3232368088517548,0.26115225686597693,0.30031594434768777,0.0967445453157652,0.3688236149417753,-0.6128709874364054,-0.5989412024977184,1.3686743759515243,-0.24435074126608292,-0.09744630748555844,-0.4935606189129772,-0.5586444249687764,-0.35470738210155484,-0.098544252668115,-0.22661601220271532,-0.16302518748999173,-0.4240559751532249,-0.495433987211932,-0.15592172833056103,0.27317072356752636,-0.5206310088062124,0.290902210683779,0.809036225818869
8.236477584558516,2.0663403231269477,4.1665810414753555,-1.0012693639507804,3.171658638977509,-1.1871572726277742,-0.6389410798504075,-5.0744382912449195,1.5171804469676993,0.09639685231705263,-5.842235169392328,-0.6615297867259852,-1.3405190833226768,4.4095406584140004,-6.1543926081510625,0.7561884005050854,-1.5870233712410209,-5.828750454046072,0.18480435405243087,-0.8528244539521407,5.150291720504883,0.9739831962768389,-0.03931890925171476,-1.2849527823692866,-1.8427564863662464,-0.6128709874364054,2.8690288468243526,3.9051880527158387,-7.213040623757935,0.5890275907224028,-1.0239909467505595,3.0100423934928893,1.8939188968848795,2.022977601363012,2.1301627620382213,1.8872781383537476,-0.0513764308798325,1.9970139622048007,2.045063266004289,1.920963230750752,-0.6839620126618585,2.177751602622185,-0.7638587690965498,-5.556164250412427
12.592453125959233,2.741185107243369,5.706024816084556,-1.0125866956527707,5.627416933378957,-1.6270634419441572,-0.529090985366104,-8.684431369609195,1.4122116271796077,1.0158640975046862,-8.967411453708788,-1.579079611813658,-2.022189839599969,7.304588021589562,-8.66794868818481,2.497466140523437,-2.501006978098179,-8.408324278134181,0.012154285968929169,-1.7996278544661966,8.007672570807625,1.3713229919743364,0.7106499614801238,-1.958313277653687,-3.4653621475665948,-0.5989412024977184,3.9051880527158387,6.40944431724675,-11.098383342305814,0.11417432922436055,-2.200694930021681,4.513576084981239,1.7386452974713216,3.054356710387274,3.7491814687413485,3.0303356578170586,-0.5614741701481764,3.40574230230868,2.900721124657535,3.327204600111611,-0.3644747696843657,2.8414137647464264,-0.7960478488278947,-9.363612215573937
-22.713276346527675,-5.352641539743513,-10.49926936802582,2.1712271345693153,-9.63397763253948,2.8347724314105864,1.206902718003852,15.260508398819962,-3.1348144402230114,-1.3919881743076528,16.226177311744827,2.500367370429634,3.39756701083235,-12.935674237995721,16.0396449810171,-3.743393054020965,4.658243767732977,15.412370041610247,-0.06699504893128702,2.861380624647357,-14.426899034780323,-2.6580976554310225,-0.7912140204708684,3.698147203581689,5.8369335514232,1.3686743759515243,-7.213040623757935,-11.098383342305814,20.129128640796967,-0.6654634626555495,3.586465888676598,-8.25833377174643,-3.6135673507065573,-5.618269890116919,-6.361654506647125,-5.370711718045156,0.8170380785390796,-6.133785646411155,-5.4561281593463695,-5.88930539209282,1.0668500347547236,-5.542830923565377,1.6973098854934114,16.599537775681192
0.7342961715052183,0.5293303939693215,0.9111280657012618,-0.5671133438146878,-0.19189086323527774,-0.07531074025071975,-0.5388678189133149,0.21013470858271535,0.9122300208897829,-0.5732325944943161,-0.6691426903750493,0.3565116318807325,-0.1595712596389225,0.04860932298410049,-1.3237878447942402,-0.8582898988310009,-0.16744404388269946,-0.8471063172507755,0.23876040358748948,0.2502208187831273,0.43815475922844743,0.2728614606783843,-0.6713363002792551,-0.10899080488513281,0.30817587035918625,-0.24435074126608292,0.5890275907224028,0.11417432922436055,-0.6654634626555495,0.732696095335145,0.4930968732576652,0.3511667422993061,0.9700573889330664,0.32196399799118547,-0.14653783958262664,0.08988853855314322,0.4833203411216084,0.0034944551795522407,0.3426212595794009,-0.19029954488921458,-0.5055842089871537,0.745222872719976,-0.2627211153978109,-0.026589685678541666
-4.746333995279409,-0.718890937123321,-1.5557101811234308,-0.21119719822198757,-2.406562649315521,0.8036864544004385,-0.4357463440331426,3.8944430877222,0.26561256590773125,-0.8117890209552356,2.8985055829066977,1.0596232206377838,0.7427242373988937,-3.0611051763711723,2.1605745004998744,-1.783222286103134,0.8015440528302062,2.586386322509955,-0.0635477638021203,1.0797904950307882,-2.83743654585628,-0.06857592959845923,-0.895202478183306,0.6571659466832709,1.694829804945906,-0.09744630748555844,-1.0239909467505595,-2.200694930021681,3.586465888676598,0.4930968732576652,1.6320541877543482,-1.653063358035333,0.06045279892177494,-0.8401285578179494,-1.730943837271159,-1.2515280631969128,0.8268834904382364,-1.0725351859831231,-0.9196176999653148,-1.6355460534569364,-0.21232004058926518,-0.4291553856681722,0.0494897521295418,3.521849947977404
9.74379165537196,2.281777136694796,4.464970112267132,-0.8889537681826486,4.042431216801981,-1.307251679412017,-0.47165276079589197,-6.556643877106917,1.3701936332252087,0.564989301093396,-6.809351489705883,-1.153702808822357,-1.4660469420065896,5.613186375609728,-6.743104775657602,1.657848504443367,-1.9117068631342777,-6.457853572030763,0.19252141129489211,-1.3009445990527022,6.046193924639671,0.9985111173959208,0.3265881774909603,-1.5082243712845358,-2.479410647264009,-0.4935606189129772,3.0100423934928893,4.513576084981239,-8.25833377174643,0.3511667422993061,-1.653063358035333,3.587280910118555,1.5835370487920302,2.314195898619259,2.7176432455691963,2.3609937039747275,-0.42695584093781735,2.394550959000664,2.27252889023164,2.535172513392212,-0.47072704748915517,2.3537638803859964,-0.6706752632183306,-6.903045241822895
4.175331566186808,1.3630383502645564,2.731108133975369,-0.937869189189364,1.0365405975657338,-0.810640358961067,-0.7472748927631289,-1.7560325663392176,1.548531599609637,-0.6615038532083496,-2.969462297096861,0.1483257817205435,-0.7881068797681526,1.736113233838631,-3.8312226904803826,-0.7313473929580293,-0.6960846125164932,-3.4258711230716954,0.36402320062277277,-0.026435943468995166,2.5143654209080077,0.5973069142252798,-0.69392521609414,-0.620975874209679,-0.4030897048382724,-0.5586444249687764,1.8939188968848795,1.7386452974713216,-3.6135673507065573,0.9700573889330664,0.06045279892177494,1.5835370487920302,2.014203985186712,1.0852836947708338,0.6770471129444292,0.8514032690740665,0.4411424803780146,0.6995624736869293,1.195832365386385,0.6144640772506246,-0.8795107315735807,1.5254042766886968,-0.6851337413752886,-2.080423079938782
6.326387968457415,1.5638153918251443,3.0028687637133915,-0.7191575978284948,2.633802199898116,-0.7107148818773583,-0.4716485175075147,-4.22930452285554,1.014452684948013,0.364279849398703,-4.604178290061362,-0.6573773864147228,-0.9405695480173035,3.632447658379567,-4.650773108453248,1.029860643525424,-1.3454483232511758,-4.282723492965731,0.08775722934253478,-0.8101962830392504,4.027661651700751,0.8055368761036743,0.1186329899250236,-1.0157305754962433,-1.5365132454551382,-0.35470738210155484,2.022977601363012,3.054356710387274,-5.618269890116919,0.32196399799118547,-0.8401285578179494,2.314195898619259,1.0852836947708338,1.6781395683691387,1.742569472175124,1.4887023265686128,-0.09881239414279723,1.7167337001977874,1.508005227518926,1.607467351487998,-0.3227194486608418,1.6857674640547267,-0.47574772430106327,-4.654519442965941
7.762314308888501,1.4909374077421897,3.2509244496198986,-0.3578235208673009,3.5310290862440303,-1.0586956756361219,-0.016487363588618735,-5.713423877303042,0.4220363000869791,0.8338051732462918,-5.227623292334008,-1.2699806291198776,-1.3024622242693498,4.7305874765729845,-4.727191210124329,2.089851046582944,-1.4645855621853425,-4.715319922007646,0.12750603952190426,-1.4741154139759787,4.75906481982965,0.5631680802985243,0.8255445312745755,-1.069484698026771,-2.291242158919489,-0.098544252668115,2.1301627620382213,3.7491814687413485,-6.361654506647125,-0.14653783958262664,-1.730943837271159,2.7176432455691963,0.6770471129444292,1.742569472175124,2.60005880253655,1.8916587427043823,-0.5938628756135192,1.8803731137498758,1.6203875760942668,2.2415129487789165,-0.05106539527804787,1.3829016614491931,-0.3053083852721483,-5.706533193761021
6.449912567928576,1.4064126157119756,2.8257839374117255,-0.47301444501776235,2.8116552310687584,-0.884164407854652,-0.21747971140612432,-4.510331897299121,0.7313671757471074,0.5331746348695829,-4.472092877516656,-0.8986974899698525,-0.9860162193078271,3.834878270035555,-4.290589783285895,1.3767451389966936,-1.227473170454223,-4.148515941942403,0.12108628709426855,-0.9769051999970698,3.981796129369464,0.5983488714847354,0.3671153243676223,-0.9645726905773881,-1.7703494348738285,-0.22661601220271532,1.8872781383537476,3.0303356578170586,-5.370711718045156,0.08988853855314322,-1.2515280631969128,2.3609937039747275,0.8514032690740665,1.4887023265686128,1.8916587427043823,1.6156248079141715,-0.3959367916759718,1.5793455333952378,1.4239315633477674,1.7481152177375814,-0.17964417641110988,1.4510381149547764,-0.35422322771516646,-4.665076705312528
-1.306151897741882,-0.021555922661290673,-0.08319851914690095,-0.3448370365909486,-0.8322541706318299,0.33662274856380375,-0.4044706536010753,1.4182053265804626,0.5158747066377452,-0.49320503672485455,0.6162098184424895,0.5443634456013561,0.1354995897214301,-1.0153352327263312,0.07446967688725101,-0.981073156335582,0.11855270750402226,0.4650358200506814,0.0680053012329219,0.4501277840463311,-0.7093533970090016,0.14054989784182131,-0.5807670112514686,0.1971132038725164,0.7123712942521317,-0.16302518748999173,-0.0513764308798325,-0.5614741701481764,0.8170380785390796,0.4833203411216084,0.8268834904382364,-0.42695584093781735,0.4411424803780146,-0.09881239414279723,-0.5938628756135192,-0.3959367916759718,0.595799006904298,-0.29962064293738255,-0.12204569514872125,-0.6771368127691699,-0.25765559951372236,0.17525920503958892,-0.09476432350550384,1.0807994292482224
6.553800876738422,1.533273336489952,2.85673695782952,-0.5975248428972695,3.014178185449484,-0.6020308349696993,-0.33536940813482286,-4.644627079968461,0.7950317068163986,0.6601528765381078,-4.886259890076493,-0.793849323494701,-0.8586667328975434,3.89441073269836,-4.650143303653123,1.358221063658747,-1.4999383467809433,-4.446599887735707,-0.19031392153061003,-0.8373206887925498,4.324828778180156,0.9132814391566467,0.3397767758690377,-1.1713985510374083,-1.8388340330057944,-0.4240559751532249,1.9970139622048007,3.40574230230868,-6.133785646411155,0.0034944551795522407,-1.0725351859831231,2.394550959000664,0.6995624736869293,1.7167337001977874,1.8803731137498758,1.5793455333952378,-0.29962064293738255,2.095357737197002,1.595915585299737,1.7836735741728649,-0.1368351688116034,1.6397466904772342,-0.4434893932388226,-5.265118386546534
6.127156952774655,1.5912873814360808,2.939154545882155,-0.6179388202346581,2.5040893616232935,-0.7236105252400983,-0.3097732438073692,-3.9390411389683266,1.048445671862806,0.1917826390128227,-4.33977044418115,-0.4977620080446456,-0.9086447836372389,3.3286347110393124,-4.395997007087799,0.6145114540982698,-1.3692054012352777,-4.289791747461337,0.10585599782585399,-0.6400938283484146,3.9508899410476674,0.7024782949337918,0.043590840878346644,-1.0376153518761295,-1.430181061372248,-0.495433987211932,2.045063266004289,2.900721124657535,-5.4561281593463695,0.3426212595794009,-0.9196176999653148,2.27252889023164,1.195832365386385,1.508005227518926,1.6203875760942668,1.4239315633477674,-0.12204569514872125,1.595915585299737,1.6812667794020266,1.5142202359798975,-0.42093197491295575,1.5420816300370324,-0.5433037569963712,-4.298414533942739
7.129516898269988,1.4422847193089494,2.8630714871102283,-0.2772779475565755,3.210813178648842,-1.0405923437520854,0.04319261951954862,-5.298829616045858,0.38217222563027115,0.7978640265817567,-4.757838456870265,-1.146762667948443,-1.0469815399358202,4.336255323656056,-4.244900176665822,1.9131749642165594,-1.346249006124441,-4.3867717567484945,0.08042758899941102,-1.2403333370548202,4.366685093302232,0.5273449977205412,0.7462564705621059,-1.0838636135076856,-2.0906123500357214,-0.15592172833056103,1.920963230750752,3.327204600111611,-5.88930539209282,-0.19029954488921458,-1.6355460534569364,2.535172513392212,0.6144640772506246,1.607467351487998,2.2415129487789165,1.7481152177375814,-0.6771368127691699,1.7836735741728649,1.5142202359798975,2.1826794295469916,-0.05865869247567459,1.2648892319429035,-0.36412819229202015,-5.251984030273199
-1.2009902863986666,-0.5221850009806691,-0.9762028801455962,0.433881021110716,-0.03960327089574545,0.2675432932515107,0.35232149147734815,0.21819994404325896,-0.6830284690794752,0.4743797287460825,0.8463943721014455,-0.22205601987184162,0.21358790562382168,-0.30818489253794534,1.309455626734126,0.6413245057015292,0.18039714713633653,1.118478837705211,-0.1373484611987929,-0.15312053999421105,-0.6915059143307072,-0.2276345942150079,0.43092819161160845,0.20878091795783457,-0.06447807844959098,0.27317072356752636,-0.6839620126618585,-0.3644747696843657,1.0668500347547236,-0.5055842089871537,-0.21232004058926518,-0.47072704748915517,-0.8795107315735807,-0.3227194486608418,-0.05106539527804787,-0.17964417641110988,-0.25765559951372236,-0.1368351688116034,-0.42093197491295575,-0.05865869247567459,0.48482410452510766,-0.598959835760364,0.3053128478704442,0.3483745691168167
6.149200669348141,1.746099490652446,3.244600072874604,-1.075529453644841,2.2746031621826615,-0.6407213660514917,-0.870741473145495,-3.621849977523935,1.5827989011016321,-0.011194005424854664,-4.691291521191675,-0.38995977718631003,-0.8669774695285286,3.3357292074949525,-5.17960918051807,0.3606336342285177,-1.2949332896752181,-4.435632808073722,0.11338959414812963,-0.46783910659638317,3.917875201030261,1.0000401772975211,-0.4137495080686905,-1.0379362755824018,-1.2538035642680219,-0.5206310088062124,2.177751602622185,2.8414137647464264,-5.542830923565377,0.745222872719976,-0.4291553856681722,2.3537638803859964,1.5254042766886968,1.6857674640547267,1.3829016614491931,1.4510381149547764,0.17525920503958892,1.6397466904772342,1.5420816300370324,1.2648892319429035,-0.598959835760364,2.169535497594824,-0.5695770307942635,-4.318143254262945
-1.7821252962322436,-0.5748060816255448,-1.0378873100319812,0.33516558116712303,-0.5239640618322742,0.2887947606511768,0.22526827219115525,0.88609422584337,-0.5445636576285612,0.16087808248972696,1.2930557164524785,-0.030684712637566388,0.2479117467666604,-0.7940790421573471,1.5197106991715073,0.18563791258063478,0.3763198920093343,1.4782646405802515,-0.03463632814105541,-0.0027922719253067807,-1.133743441411629,-0.2870846831259797,0.17558660359182027,0.33361339918950395,0.23900602834450704,0.290902210683779,-0.7638587690965498,-0.7960478488278947,1.6973098854934114,-0.2627211153978109,0.0494897521295418,-0.6706752632183306,-0.6851337413752886,-0.47574772430106327,-0.3053083852721483,-0.35422322771516646,-0.09476432350550384,-0.4434893932388226,-0.5433037569963712,-0.36412819229202015,0.3053128478704442,-0.5695770307942635,0.3231102279089277,1.0790423576240165
-19.005001213251756,-4.1757503642378575,-8.21330595699373,1.4738061908934599,-8.554699013635354,2.1673263726808902,0.6907465139815063,13.585495879834559,-2.0197421406990923,-1.8818282408795974,13.572364942009843,2.63838153611713,2.756785371294366,-11.455071117910977,12.820232654296811,-4.344930254272861,3.971395645899904,12.338877749072724,0.040567086919791766,2.882547345581215,-12.05431717508248,-2.0861611269953646,-1.266265045703706,3.015755458363264,5.334074846886439,0.809036225818869,-5.556164250412427,-9.363612215573937,16.599537775681192,-0.026589685678541666,3.521849947977404,-6.903045241822895,-2.080423079938782,-4.654519442965941,-5.706533193761021,-4.665076705312528,1.0807994292482224,-5.265118386546534,-4.298414533942739,-5.251984030273199,0.3483745691168167,-4.318143254262945,1.0790423576240165,14.54611433963008
