V1,V2,V3,V4,V5,V6,V7,V8,V9,V10,V11,V12,V13,V14,V15,V16,V17,V18,V19,V20,V21,V22,V23,V24,V25,V26,V27,V28,V29,V30,V31,V32,V33,V34,V35,V36,V37,V38,V39,V40,V41,V42,V43,V44
2.207775399003345,2.6818124639508367,4.331409792510129,-1.4512387763084806,5.393021899419974,-0.2910299586662751,3.728962592999464,7.979722235551657,2.4890021178546435,-5.712135166429303,-4.719564133278914,-2.5668327816142105,3.082430121913969,6.285092131982794,1.9299912509906076,4.140885600201756,8.839942568120755,-2.678882989584918,-2.464852176958444,1.0342465590953125,-0.320828821764966,-2.209897937993264,-0.33019311586899563,-0.1216579319623965,-2.1129186734884473,-1.18192572324892,4.647627706922851,-0.18932242571190205,1.3747588095339398,-1.6989911370436603,2.1430448056086266,0.005005730668665959,-0.2775797120396553,-6.648399002642139,4.536873016573211,-5.073704048845126,-0.4189809800978759,0.28433529261906726,2.767304827194703,0.7032942107216178,2.578103830841628,6.014984102505288,-3.268090862572212,5.336352778764819
2.6818124639508367,6.200027146615793,7.311933973306665,-1.1182859633333826,9.619139654421877,0.7179509842207326,7.493491958635489,13.386081672399918,2.7522807257443707,-11.380938988437464,-7.859520169404227,-4.442591578319726,5.195591645343048,9.971531873608301,3.5863285109158034,6.810770650879648,14.469738748111347,-4.332736773564566,-3.1124995942062412,0.9719759127045964,-0.8637553585600474,-5.953994393660441,-1.7042377492232055,0.26707672029116974,-3.4963597466184813,-1.9311331715241618,8.098155891862872,-0.3303237280075174,1.9041930314023494,-2.2001352422705716,2.533295631288961,0.40578151633889925,-0.7559072622999174,-11.597649107214153,6.5011503472135175,-9.746332655396243,-0.11987817540949089,1.11635916917288,5.35709975148637,2.0224105427825876,3.043997889198638,9.46194367221899,-3.452672076414617,7.920772834171575
4.331409792510129,7.311933973306665,10.19012068746861,-2.0768601951245746,12.631999619810545,0.24141342195939974,9.438601649927968,18.14070195948247,4.624028233389067,-14.539491142041788,-10.402887938885607,-6.116791949052824,6.460642975169897,14.169389066505623,4.807539823862928,9.451263896904832,19.905443211333257,-5.748629188342625,-4.7511143049667925,1.8872892449283842,-0.9564106195011692,-6.668888544241486,-1.5589833585090993,0.3103041737414429,-4.595133946733859,-2.5988609931524227,10.803246333741654,-0.40056689068244894,2.8100421825127158,-3.080492154358389,3.9204518924437908,0.3058868577062859,-0.7799294585267653,-15.312023760110863,9.683471290241297,-12.284151631452568,-0.3207065979734555,1.127175239109689,6.5164600129133525,2.133616514732519,5.309927149209697,13.273915936150674,-6.335864299212843,11.6102334918489
-1.4512387763084806,-1.1182859633333826,-2.0768601951245746,1.495357171178419,-2.9957177589531625,0.4948730081075669,-1.73085655541672,-4.585875106861077,-1.8021403840123162,2.5178627987232924,3.08782875408458,1.2355192051606032,-2.4490939897260104,-3.385268406363689,-0.8108649081857937,-2.2290103031049062,-5.075946094589166,1.8516985526205496,1.820496972615349,-0.6552084924463918,0.12804842839960634,0.7280337045720956,-0.06244070049015427,0.49562086074567085,1.4309925717787186,0.7571387882229967,-2.568351925074707,0.14977627697642898,-0.9210156151492274,1.5276403979401894,-1.702854144199773,0.10244130809362341,0.16720995228854016,3.8500715823339102,-2.6725056904288507,2.810019506642082,0.6368958540283596,0.027407172006164153,-1.7811030816020357,-0.3077106057302728,-1.3212763587597705,-3.525146935607905,1.9063082496999342,-3.0332477277797967
5.393021899419974,9.619139654421877,12.631999619810545,-2.9957177589531625,16.470484205669848,0.45781093382799254,12.185580383619866,23.559856539282464,5.943761722988111,-18.634380870715024,-14.013076439457937,-7.757941550562553,9.23282315702406,17.848058520376643,5.98326993063527,11.966144544479086,25.690306012968325,-7.783943754253418,-6.305238908815338,2.1496850284333586,-1.3524886563207028,-9.058091332631776,-2.2083009161049043,0.02278412041674433,-6.197648340271702,-3.442306928825428,14.012423630637379,-0.5676632423530672,3.6695965467742293,-4.44440187155462,5.183318345699492,0.4309953687754417,-1.1682443086399248,-20.055868695649945,12.209226726476446,-16.439333528415556,-0.6662588840733153,1.4666344738861938,9.038524893175689,3.0988404660344635,6.134089138187398,16.969978326400565,-7.331443173011814,14.570567113964227
-0.2910299586662751,0.7179509842207326,0.24141342195939974,0.4948730081075669,0.45781093382799254,0.5350941356270461,0.6117224181071104,0.4794056639167356,-0.29524866464280014,-1.069571613606164,-0.2330708942279131,-0.36741638839042845,-0.05834330743365942,0.22833991708310694,0.2668179205543997,0.15401289109573318,0.41139752276643965,3.1356190966015706e-4,0.20355318909870498,-0.2865022097611627,-0.21016187795749902,-1.2135017791967206,-0.4808951739361574,0.20525672843304726,-0.005757341036063853,-0.017309713936614575,0.378351774286239,0.013506384935302849,-0.04511870729568948,0.2343607030149912,-0.4368319667319706,0.15482258639337415,-0.14102924793186633,-0.43845510638463686,-0.06147252132097232,-0.8773892472645972,0.28710916414390797,0.23082792923524076,0.38180189730597175,0.4835099158471173,-0.22699466354337225,8.826599739126408e-5,0.5614323595490455,-0.039730375562883904
3.728962592999464,7.493491958635489,9.438601649927968,-1.73085655541672,12.185580383619866,0.6117224181071104,9.298415311104327,17.19534182502957,3.9309111494870455,-14.187048059598354,-10.051300443632547,-5.720978411847549,6.5291041211018355,13.030970048717013,4.547577455154066,8.810346346075574,18.703621190125386,-5.554413221089095,-4.2565249609231195,1.4702054966046136,-1.024908227766416,-7.062345680143952,-1.8750741047452733,0.2676150657860326,-4.4601562208926735,-2.4788221343378605,10.323386072935962,-0.41080469806030584,2.55410355674148,-2.9294894552687527,3.490343915055662,0.41438737207334086,-0.8816899373259168,-14.739400187023612,8.69690086023606,-12.165507134702926,-0.26255103027329335,1.2631009213792421,6.622244497107569,2.366870649064869,4.348875043830522,12.32363921463862,-5.061896290932502,10.505450202958205
7.979722235551657,13.386081672399918,18.14070195948247,-4.585875106861077,23.559856539282464,0.4794056639167356,17.19534182502957,34.02558658190134,9.029646873202335,-26.496405765581194,-20.265017861322285,-11.33135761727883,13.126610734266013,25.940681043103893,8.553092817344806,17.238578019086816,37.190442658791326,-11.200080348201364,-9.408022174352526,3.197484717473632,-1.9581612842158533,-12.816842772027075,-2.9494387178953705,-0.07851982028859628,-8.869965884379116,-4.955818466895671,20.14410050416287,-0.7875267938889559,5.424929578159269,-6.520975065687972,7.576263150087098,0.5327419051769781,-1.644910765327042,-28.729710049009242,17.965169744195887,-23.595049930932866,-1.0257301315569247,1.928493374065299,12.869811948724555,4.428559250635334,9.212357278645388,24.5056917987079,-11.021645555851892,21.281534450573968
2.4890021178546435,2.7522807257443707,4.624028233389067,-1.8021403840123162,5.943761722988111,-0.29524866464280014,3.9309111494870455,9.029646873202335,3.0977950180528047,-6.210449104592029,-5.493984996277909,-3.0367492494017725,3.453725744288076,7.069301349442945,2.069666455795961,4.530550599932502,10.011272016716974,-3.033110243053437,-3.013235418105066,1.0737737602668915,-0.4546648939807189,-2.6791452748986297,-0.333835964504998,-0.29027860344970274,-2.342761814133193,-1.3214608584211303,5.194600520307355,-0.1903033573431997,1.6463369810880175,-2.0438201463279,2.369289370844618,-0.026272375332607522,-0.35539286714729906,-7.3549945179785174,5.252523411379315,-5.909163757697995,-0.5153274091965451,0.2060389213503584,3.18027119361998,0.9781357980851091,2.9361000133393507,6.617658711841568,-3.632118117013187,6.02009633891478
-5.712135166429303,-11.380938988437464,-14.539491142041788,2.5178627987232924,-18.634380870715024,-1.069571613606164,-14.187048059598354,-26.496405765581194,-6.210449104592029,21.943609736802454,15.40390582644207,9.089413654077381,-9.594257913097412,-20.229788186830074,-7.058132620372412,-13.526418747566483,-28.846303559075615,8.376032756652597,6.607368532358839,-2.1874494676734755,1.6806088927447937,11.212699299693991,2.907476840698805,-0.49731812162605327,6.689295637234767,3.77135861937337,-15.883063736645024,0.5793119764936887,-3.966987594783542,4.346302672878469,-5.114604029828481,-0.6443432742156786,1.3658087500260419,22.4954253947468,-13.564098357726268,18.86741783163615,0.23528090547759045,-1.8911203627482829,-10.073131075371236,-3.8048652092808486,-6.905715002612294,-18.8225293889715,7.902200879344823,-16.26895413228795
-4.719564133278914,-7.859520169404227,-10.402887938885607,3.08782875408458,-14.013076439457937,-0.2330708942279131,-10.051300443632547,-20.265017861322285,-5.493984996277909,15.40390582644207,12.412479408826927,6.600300851611409,-8.39102380054927,-15.143131187377744,-4.879820425514564,-10.078886078005938,-22.079547422110558,6.907053738335684,5.809012192110409,-1.793507538819795,1.1987951900872116,7.623875478610649,1.742795526052029,0.35548539450965644,5.447133131595658,3.0070725439369284,-11.951392702034479,0.5004082222769802,-3.2872805643307412,4.262154116286811,-4.706265425695056,-0.29442706980757194,1.0477829630435564,17.18197054053467,-10.577559154976015,14.225339281221821,0.8483636947700609,-1.0760064423830076,-7.9694377491223,-2.748420898424552,-5.115536878989704,-14.498240074401197,6.204647655900821,-12.45218388284092
-2.5668327816142105,-4.442591578319726,-6.116791949052824,1.2355192051606032,-7.757941550562553,-0.36741638839042845,-5.720978411847549,-11.33135761727883,-3.0367492494017725,9.089413654077381,6.600300851611409,4.060399662158194,-3.832839563802657,-8.801739451744712,-2.958273962807535,-5.7269730824380005,-12.407468298980952,3.5054973596120207,3.0723875300832724,-0.9719837256180719,0.7570572231302294,4.712218838079532,1.0765224343489657,-0.14114354982143415,2.7519882018929516,1.5861491954802223,-6.714972227695893,0.20942167214641488,-1.8022791329756391,1.898372739486,-2.176660465714913,-0.21063056041170578,0.5607560479145962,9.382565731285995,-6.089159945839255,8.01432044727402,0.10621636667875409,-0.6506734226497076,-4.149314379144738,-1.6545342662748281,-3.258924370013701,-7.9849318563880365,3.702507280453799,-7.145362222883717
3.082430121913969,5.195591645343048,6.460642975169897,-2.4490939897260104,9.23282315702406,-0.05834330743365942,6.5291041211018355,13.126610734266013,3.453725744288076,-9.594257913097412,-8.39102380054927,-3.832839563802657,6.424503690254745,9.403219953904863,2.9443639051082204,6.449910243931572,14.207036988962134,-4.871258636804718,-3.8544799227641433,1.1725610582434172,-0.6768286514402596,-4.51758567399907,-1.0874633238488622,-0.5567659763605923,-3.8710598580792026,-2.0587427988644404,7.736139981171033,-0.4098470142381321,2.1258656045379083,-3.250417792607593,3.5179229623086106,0.16860425822937805,-0.7149827846170925,-11.449074833390268,6.5606880057833115,-9.18027482251433,-0.925611636787084,0.7026659990804549,5.543612812623839,1.6536406422484806,2.776989429044577,9.536017089474072,-3.6506891968925386,7.800125800395895
6.285092131982794,9.971531873608301,14.169389066505623,-3.385268406363689,17.848058520376643,0.22833991708310694,13.030970048717013,25.940681043103893,7.069301349442945,-20.229788186830074,-15.143131187377744,-8.801739451744712,9.403219953904863,20.17886021559208,6.656343656415954,13.321833323034273,28.48929378057058,-8.32167072293099,-7.1847972795379755,2.6559911134855607,-1.42723468558761,-9.45131806744465,-2.0624665265945255,0.1432072461885794,-6.589191449607564,-3.72455857205005,15.33981047549529,-0.5603524906225962,4.16716373701177,-4.718325857938988,5.738421225059612,0.35612390573036795,-1.1455587350907512,-21.715653138733288,14.036800613428026,-17.64653823369691,-0.6441873927691557,1.4110998898606772,9.390278374166673,3.1670335719024507,7.625982724518297,18.840990297693285,-9.095008825639459,16.622510303316812
1.9299912509906076,3.5863285109158034,4.807539823862928,-0.8108649081857937,5.98326993063527,0.2668179205543997,4.547577455154066,8.553092817344806,2.069666455795961,-7.058132620372412,-4.879820425514564,-2.958273962807535,2.9443639051082204,6.656343656415954,2.3137359732452487,4.43229018761249,9.356444499394449,-2.6530268172268077,-2.1463834646291025,0.7961837710888469,-0.5059672187571804,-3.4464550710092197,-0.8571179364799665,0.2131638627726667,-2.121035741358955,-1.2076702329502953,5.11919248485792,-0.17846989514922315,1.2920154045531789,-1.3470887871022468,1.6813879523858586,0.18576110285397765,-0.39915699287623285,-7.216083648051642,4.4895343871599085,-5.945206233609085,-0.05482122092372298,0.5857129947507476,3.11528529928462,1.1280456044132325,2.422354463168655,6.156503097534456,-2.8019286254678684,5.388598816226391
4.140885600201756,6.810770650879648,9.451263896904832,-2.2290103031049062,11.966144544479086,0.15401289109573318,8.810346346075574,17.238578019086816,4.530550599932502,-13.526418747566483,-10.078886078005938,-5.7269730824380005,6.449910243931572,13.321833323034273,4.43229018761249,8.883210611978495,18.900160993070553,-5.598724810400539,-4.677936861438977,1.7686781801572038,-0.9127400360980414,-6.236540160329303,-1.4246825619246282,0.10022862719268878,-4.458173846207052,-2.496331872078891,10.2262632711815,-0.3978468348837552,2.724885179637297,-3.1610639921414037,3.876554459580321,0.2580787313798748,-0.7681043857863242,-14.562783476371454,9.189625220286713,-11.719321584104689,-0.4644487155319327,1.0044022375334896,6.326506546378747,2.0598581390561086,4.911816570667817,12.580317684038198,-5.906840788079056,10.960756414461327
8.839942568120755,14.469738748111347,19.905443211333257,-5.075946094589166,25.690306012968325,0.41139752276643965,18.703621190125386,37.190442658791326,10.011272016716974,-28.846303559075615,-22.079547422110558,-12.407468298980952,14.207036988962134,28.48929378057058,9.356444499394449,18.900160993070553,40.715807397625426,-12.202988155705077,-10.354369267787607,3.6083391667143334,-2.0971787698878837,-13.767081248038158,-3.101978267081826,-0.07098346135450886,-9.66126723086886,-5.401347498327042,21.994079453290762,-0.8529545384001774,5.968122945868632,-7.1077383265869,8.350148325996093,0.5407668413924936,-1.7528908252541853,-31.328532819072077,19.79526565146872,-25.62017389743908,-1.1344740861088152,2.056226399315389,13.914906250958948,4.732489018141522,10.314552835349957,26.867472575269677,-12.348041773715215,23.433460899139558
-2.678882989584918,-4.332736773564566,-5.748629188342625,1.8516985526205496,-7.783943754253418,3.1356190966015706e-4,-5.554413221089095,-11.200080348201364,-3.033110243053437,8.376032756652597,6.907053738335684,3.5054973596120207,-4.871258636804718,-8.32167072293099,-2.6530268172268077,-5.598724810400539,-12.202988155705077,3.9181773201177585,3.240536874489776,-1.0653257423808893,0.5970744279006344,3.935317393695287,0.892962973607689,0.2640870011510747,3.1039297430035253,1.6930540068044615,-6.601037239009885,0.301525634730761,-1.8199614242761142,2.4774657707030667,-2.7876747689073578,-0.14028915239445647,0.5600244818803237,9.581762039762767,-5.819556611214535,7.738136663490648,0.5818843705579113,-0.5856318077664333,-4.435767062208536,-1.3952107801853755,-2.781516518072859,-8.12942327218708,3.484075979155258,-6.890281637825649
-2.464852176958444,-3.1124995942062412,-4.7511143049667925,1.820496972615349,-6.305238908815338,0.20355318909870498,-4.2565249609231195,-9.408022174352526,-3.013235418105066,6.607368532358839,5.809012192110409,3.0723875300832724,-3.8544799227641433,-7.1847972795379755,-2.1463834646291025,-4.677936861438977,-10.354369267787607,3.240536874489776,3.030612903256342,-1.015336009360918,0.4941519519862297,2.9862910671259826,0.488005726914086,0.32465010354889623,2.520897183529807,1.4015691863753328,-5.449809940258303,0.22064036985263644,-1.6599279279868695,2.17297198081963,-2.4466958147086473,-0.020669230263559612,0.41782135553384625,7.803560340921146,-5.250840019566158,6.31390428635424,0.5538500520926536,-0.29700720013672643,-3.508356507128643,-1.0989401911741181,-2.743965019044693,-6.847751836269211,3.4225862151446833,-6.064061533204107
1.0342465590953125,0.9719759127045964,1.8872892449283842,-0.6552084924463918,2.1496850284333586,-0.2865022097611627,1.4702054966046136,3.197484717473632,1.0737737602668915,-2.1874494676734755,-1.793507538819795,-0.9719837256180719,1.1725610582434172,2.6559911134855607,0.7961837710888469,1.7686781801572038,3.6083391667143334,-1.0653257423808893,-1.015336009360918,0.5819081073071798,-0.03888234041172911,-0.495598572166526,0.008918220122959085,-0.016429972382397455,-0.8536148919030647,-0.47253911984060465,1.8522713862390823,-0.08171712590607846,0.5689948495726118,-0.6694827178438538,1.0064716007458143,-0.040779176385279906,-0.0471288039063753,-2.657428556145639,1.9457792448842062,-1.7716163670871865,-0.20782536422774744,0.08538461042502647,0.9471733134017908,0.08118355815269569,1.2694295841770542,2.58304851302057,-1.6610383915659515,2.3261195455989183
-0.320828821764966,-0.8637553585600474,-0.9564106195011692,0.12804842839960634,-1.3524886563207028,-0.21016187795749902,-1.024908227766416,-1.9581612842158533,-0.4546648939807189,1.6806088927447937,1.1987951900872116,0.7570572231302294,-0.6768286514402596,-1.42723468558761,-0.5059672187571804,-0.9127400360980414,-2.0971787698878837,0.5970744279006344,0.4941519519862297,-0.03888234041172911,0.2021603304013231,1.1371409227560232,0.30519682965847,-0.017343089904293372,0.4597508280095434,0.26872788783107865,-1.1719971293843732,0.030073409576049447,-0.29427242168610784,0.3104927479238227,-0.2411728858213047,-0.07247770296837906,0.1463426212454644,1.621650079405081,-0.9553402408612621,1.5909658991109057,-0.028877919515370037,-0.14305932329124507,-0.830357433750677,-0.4468046638496001,-0.396822100388479,-1.2418152527791455,0.3695165070515344,-1.0959471649150032
-2.209897937993264,-5.953994393660441,-6.668888544241486,0.7280337045720956,-9.058091332631776,-1.2135017791967206,-7.062345680143952,-12.816842772027075,-2.6791452748986297,11.212699299693991,7.623875478610649,4.712218838079532,-4.51758567399907,-9.45131806744465,-3.4464550710092197,-6.236540160329303,-13.767081248038158,3.935317393695287,2.9862910671259826,-0.495598572166526,1.1371409227560232,6.924523927491386,1.9533565296900262,-0.2900847302745303,3.105060031062518,1.776389891798785,-7.74452745712687,0.24024003331248095,-1.83515570899907,1.910080284944401,-1.7866479098198051,-0.4798647364397157,0.8704424588430362,10.839631804980367,-6.172225325367699,10.034354610120483,-0.17248696044897513,-1.0676699981928452,-5.296882622801047,-2.564445633887331,-2.7090980387493833,-8.480640513633974,2.690663568130001,-7.307339549898037
-0.33019311586899563,-1.7042377492232055,-1.5589833585090993,-0.06244070049015427,-2.2083009161049043,-0.4808951739361574,-1.8750741047452733,-2.9494387178953705,-0.333835964504998,2.907476840698805,1.742795526052029,1.0765224343489657,-1.0874633238488622,-2.0624665265945255,-0.8571179364799665,-1.4246825619246282,-3.101978267081826,0.892962973607689,0.488005726914086,0.008918220122959085,0.30519682965847,1.9533565296900262,0.6551825885181906,-0.15175683226095935,0.7251974387297266,0.404386668486075,-1.8418327272379285,0.06386364995434221,-0.34295075011457304,0.33170197355094133,-0.2488632314677646,-0.1823316910944086,0.24897974311245372,2.602327525129995,-1.2018453917001353,2.508399530866593,-0.1302476952958869,-0.3712055817627109,-1.354777282424034,-0.7157437569092752,-0.3772284933998638,-1.8653110269959279,0.25245270220098043,-1.492208410329882
-0.1216579319623965,0.26707672029116974,0.3103041737414429,0.49562086074567085,0.02278412041674433,0.20525672843304726,0.2676150657860326,-0.07851982028859628,-0.29027860344970274,-0.49731812162605327,0.35548539450965644,-0.14114354982143415,-0.5567659763605923,0.1432072461885794,0.2131638627726667,0.10022862719268878,-0.07098346135450886,0.2640870011510747,0.32465010354889623,-0.016429972382397455,-0.017343089904293372,-0.2900847302745303,-0.15175683226095935,0.3327910783429507,0.1826902466321847,0.06785371082216751,0.029532291503955675,0.03163831439675284,-0.110777233714956,0.43460623714644814,-0.33985116504744795,0.06997438348969104,0.02550961515391435,0.08692591604931334,-0.06490739724681424,0.03725534100747665,0.2949137524905554,0.1333184786955885,-0.21059107907347116,0.012458326718135225,0.14792533421538562,-0.06493929385041786,-0.03628589976462588,0.016676677091277754
-2.1129186734884473,-3.4963597466184813,-4.595133946733859,1.4309925717787186,-6.197648340271702,-0.005757341036063853,-4.4601562208926735,-8.869965884379116,-2.342761814133193,6.689295637234767,5.447133131595658,2.7519882018929516,-3.8710598580792026,-6.589191449607564,-2.121035741358955,-4.458173846207052,-9.66126723086886,3.1039297430035253,2.520897183529807,-0.8536148919030647,0.4597508280095434,3.105060031062518,0.7251974387297266,0.1826902466321847,2.4687175987824443,1.3418929999142009,-5.241211261006155,0.24389564405966832,-1.4237896149629816,1.9385699717952698,-2.2102247493896314,-0.1193309449292266,0.44036194397637746,7.6217788873757994,-4.5776963013952265,6.112991333916214,0.45261376284214294,-0.4901320711845304,-3.5141834048587612,-1.0836547674811572,-2.187302049454828,-6.463045568308581,2.746409018122821,-5.449427060526542
-1.18192572324892,-1.9311331715241618,-2.5988609931524227,0.7571387882229967,-3.442306928825428,-0.017309713936614575,-2.4788221343378605,-4.955818466895671,-1.3214608584211303,3.77135861937337,3.0070725439369284,1.5861491954802223,-2.0587427988644404,-3.72455857205005,-1.2076702329502953,-2.496331872078891,-5.401347498327042,1.6930540068044615,1.4015691863753328,-0.47253911984060465,0.26872788783107865,1.776389891798785,0.404386668486075,0.06785371082216751,1.3418929999142009,0.7440608127392286,-2.927546172860884,0.12558596485424126,-0.7933904437045697,1.0374695360100399,-1.1875813624089775,-0.06970133648089864,0.2402551842783674,4.2248024915405145,-2.588087197145281,3.4150532415810297,0.21133667964573633,-0.2672055065414852,-1.923554597698331,-0.6131692507302918,-1.2697428566896063,-3.5996525364055225,1.5824274388024129,-3.0699982668329406
4.647627706922851,8.098155891862872,10.803246333741654,-2.568351925074707,14.012423630637379,0.378351774286239,10.323386072935962,20.14410050416287,5.194600520307355,-15.883063736645024,-11.951392702034479,-6.714972227695893,7.736139981171033,15.33981047549529,5.11919248485792,10.2262632711815,21.994079453290762,-6.601037239009885,-5.449809940258303,1.8522713862390823,-1.1719971293843732,-7.74452745712687,-1.8418327272379285,0.029532291503955675,-5.241211261006155,-2.927546172860884,11.96032631139098,-0.4678133579191881,3.1661431808823477,-3.769133129102915,4.39448571450147,0.3518147427489206,-0.9870372032809577,-17.057700015445178,10.544648285664332,-14.034593504233323,-0.5402108929661452,1.209870464723332,7.647888318611613,2.6596282495049706,5.378653600621911,14.48690263993399,-6.399190131192904,12.53672526722689
-0.18932242571190205,-0.3303237280075174,-0.40056689068244894,0.14977627697642898,-0.5676632423530672,0.013506384935302849,-0.41080469806030584,-0.7875267938889559,-0.1903033573431997,0.5793119764936887,0.5004082222769802,0.20942167214641488,-0.4098470142381321,-0.5603524906225962,-0.17846989514922315,-0.3978468348837552,-0.8529545384001774,0.301525634730761,0.22064036985263644,-0.08171712590607846,0.030073409576049447,0.24024003331248095,0.06386364995434221,0.03163831439675284,0.24389564405966832,0.12558596485424126,-0.4678133579191881,0.02897204747195749,-0.12326058174429337,0.1984053784118242,-0.22938685226955868,-0.009974558186810525,0.04008704387069122,0.7042505646647205,-0.38341966087720397,0.5338356030721054,0.06410965227039245,-0.049494707857166344,-0.3345911499942119,-0.08144682535712572,-0.16101780269863358,-0.5903494106573834,0.22136938814220544,-0.4684557473187905
1.3747588095339398,1.9041930314023494,2.8100421825127158,-0.9210156151492274,3.6695965467742293,-0.04511870729568948,2.55410355674148,5.424929578159269,1.6463369810880175,-3.966987594783542,-3.2872805643307412,-1.8022791329756391,2.1258656045379083,4.16716373701177,1.2920154045531789,2.724885179637297,5.968122945868632,-1.8199614242761142,-1.6599279279868695,0.5689948495726118,-0.29427242168610784,-1.83515570899907,-0.34295075011457304,-0.110777233714956,-1.4237896149629816,-0.7933904437045697,3.1661431808823477,-0.12326058174429337,0.9289404395395185,-1.1527976198112646,1.3245195783407542,0.035169391764000135,-0.2443599540159647,-4.509695585359266,2.9936719472075275,-3.6735893374590756,-0.2509062575451634,0.2183720879076124,2.005668244297945,0.658404278282836,1.5872683454978622,3.9328244077410712,-1.930710550181637,3.485477009386082
-1.6989911370436603,-2.2001352422705716,-3.080492154358389,1.5276403979401894,-4.44440187155462,0.2343607030149912,-2.9294894552687527,-6.520975065687972,-2.0438201463279,4.346302672878469,4.262154116286811,1.898372739486,-3.250417792607593,-4.718325857938988,-1.3470887871022468,-3.1610639921414037,-7.1077383265869,2.4774657707030667,2.17297198081963,-0.6694827178438538,0.3104927479238227,1.910080284944401,0.33170197355094133,0.43460623714644814,1.9385699717952698,1.0374695360100399,-3.769133129102915,0.1984053784118242,-1.1527976198112646,1.807416927302671,-1.9371686060225832,-0.006299779928913079,0.3244315077825156,5.578511492960308,-3.461787660306025,4.416012653688691,0.5974786525547527,-0.1984250725958538,-2.68498466112547,-0.7381454158141679,-1.5478988831375051,-4.783792939739285,2.0982008511792665,-4.0139567244034975
2.1430448056086266,2.533295631288961,3.9204518924437908,-1.702854144199773,5.183318345699492,-0.4368319667319706,3.490343915055662,7.576263150087098,2.369289370844618,-5.114604029828481,-4.706265425695056,-2.176660465714913,3.5179229623086106,5.738421225059612,1.6813879523858586,3.876554459580321,8.350148325996093,-2.7876747689073578,-2.4466958147086473,1.0064716007458143,-0.2411728858213047,-1.7866479098198051,-0.2488632314677646,-0.33985116504744795,-2.2102247493896314,-1.1875813624089775,4.39448571450147,-0.22938685226955868,1.3245195783407542,-1.9371686060225832,2.3469417983022005,-0.02441869647068495,-0.27971772307523846,-6.476030012489995,4.17875627157494,-4.770889378444414,-0.6469663724883482,0.24472252690797516,2.837305907771951,0.5803613833522742,2.170984291644939,5.802101140517713,-2.9400922043926734,4.9398839782308235
0.005005730668665959,0.40578151633889925,0.3058868577062859,0.10244130809362341,0.4309953687754417,0.15482258639337415,0.41438737207334086,0.5327419051769781,-0.026272375332607522,-0.6443432742156786,-0.29442706980757194,-0.21063056041170578,0.16860425822937805,0.35612390573036795,0.18576110285397765,0.2580787313798748,0.5407668413924936,-0.14028915239445647,-0.020669230263559612,-0.040779176385279906,-0.07247770296837906,-0.4798647364397157,-0.1823316910944086,0.06997438348969104,-0.1193309449292266,-0.06970133648089864,0.3518147427489206,-0.009974558186810525,0.035169391764000135,-0.006299779928913079,-0.02441869647068495,0.057313434104882405,-0.05692070328842954,-0.49225822196730196,0.16025489880604468,-0.5127912142513468,0.0696174057316674,0.10454545433799851,0.26986247210192355,0.16909039673643478,0.010627391759052062,0.307942576798616,0.04736203365362035,0.22122765604560796
-0.2775797120396553,-0.7559072622999174,-0.7799294585267653,0.16720995228854016,-1.1682443086399248,-0.14102924793186633,-0.8816899373259168,-1.644910765327042,-0.35539286714729906,1.3658087500260419,1.0477829630435564,0.5607560479145962,-0.7149827846170925,-1.1455587350907512,-0.39915699287623285,-0.7681043857863242,-1.7528908252541853,0.5600244818803237,0.41782135553384625,-0.0471288039063753,0.1463426212454644,0.8704424588430362,0.24897974311245372,0.02550961515391435,0.44036194397637746,0.2402551842783674,-0.9870372032809577,0.04008704387069122,-0.2443599540159647,0.3244315077825156,-0.27971772307523846,-0.05692070328842954,0.1251063305127113,1.4172639460820018,-0.7585386880999626,1.3153763023085112,0.03212772008759898,-0.12824813463244378,-0.7456123508484088,-0.3428415522442755,-0.2659694582953614,-1.0784221327556058,0.2677839558353335,-0.8905560478321666
-6.648399002642139,-11.597649107214153,-15.312023760110863,3.8500715823339102,-20.055868695649945,-0.43845510638463686,-14.739400187023612,-28.729710049009242,-7.3549945179785174,22.4954253947468,17.18197054053467,9.382565731285995,-11.449074833390268,-21.715653138733288,-7.216083648051642,-14.562783476371454,-31.328532819072077,9.581762039762767,7.803560340921146,-2.657428556145639,1.621650079405081,10.839631804980367,2.602327525129995,0.08692591604931334,7.6217788873757994,4.2248024915405145,-17.057700015445178,0.7042505646647205,-4.509695585359266,5.578511492960308,-6.476030012489995,-0.49225822196730196,1.4172639460820018,24.471004670722273,-14.917213650610188,19.980015234303995,0.9280819140579694,-1.7296900556093684,-11.058581388556377,-3.7196728498954768,-7.45165435509411,-20.741209282055987,8.9951238203677,-17.777056099790318
4.536873016573211,6.5011503472135175,9.683471290241297,-2.6725056904288507,12.209226726476446,-0.06147252132097232,8.69690086023606,17.965169744195887,5.252523411379315,-13.564098357726268,-10.577559154976015,-6.089159945839255,6.5606880057833115,14.036800613428026,4.4895343871599085,9.189625220286713,19.79526565146872,-5.819556611214535,-5.250840019566158,1.9457792448842062,-0.9553402408612621,-6.172225325367699,-1.2018453917001353,-0.06490739724681424,-4.5776963013952265,-2.588087197145281,10.544648285664332,-0.38341966087720397,2.9936719472075275,-3.461787660306025,4.17875627157494,0.16025489880604468,-0.7585386880999626,-14.917213650610188,9.949196123753193,-12.05560194100805,-0.5937346430163283,0.8201094143757333,6.4154661828746375,2.0996798638045484,5.490553037792497,13.102285853735143,-6.61882241070008,11.677721843688056
-5.073704048845126,-9.746332655396243,-12.284151631452568,2.810019506642082,-16.439333528415556,-0.8773892472645972,-12.165507134702926,-23.595049930932866,-5.909163757697995,18.86741783163615,14.225339281221821,8.01432044727402,-9.18027482251433,-17.64653823369691,-5.945206233609085,-11.719321584104689,-25.62017389743908,7.738136663490648,6.31390428635424,-1.7716163670871865,1.5909658991109057,10.034354610120483,2.508399530866593,0.03725534100747665,6.112991333916214,3.4150532415810297,-14.034593504233323,0.5338356030721054,-3.6735893374590756,4.416012653688691,-4.770889378444414,-0.5127912142513468,1.3153763023085112,19.980015234303995,-12.05560194100805,17.08320691087358,0.5298623630630275,-1.4958824630231051,-9.33600954300525,-3.6199534797437782,-5.7682333924746665,-16.534081836821116,6.637893509540514,-14.246311180709599
-0.4189809800978759,-0.11987817540949089,-0.3207065979734555,0.6368958540283596,-0.6662588840733153,0.28710916414390797,-0.26255103027329335,-1.0257301315569247,-0.5153274091965451,0.23528090547759045,0.8483636947700609,0.10621636667875409,-0.925611636787084,-0.6441873927691557,-0.05482122092372298,-0.4644487155319327,-1.1344740861088152,0.5818843705579113,0.5538500520926536,-0.20782536422774744,-0.028877919515370037,-0.17248696044897513,-0.1302476952958869,0.2949137524905554,0.45261376284214294,0.21133667964573633,-0.5402108929661452,0.06410965227039245,-0.2509062575451634,0.5974786525547527,-0.6469663724883482,0.0696174057316674,0.03212772008759898,0.9280819140579694,-0.5937346430163283,0.5298623630630275,0.34461184320857846,0.06822271545673249,-0.48989333056071194,0.02931398971375877,-0.20540014462237477,-0.8754430215932386,0.44531215990801504,-0.6637040122392825
0.28433529261906726,1.11635916917288,1.127175239109689,0.027407172006164153,1.4666344738861938,0.23082792923524076,1.2631009213792421,1.928493374065299,0.2060389213503584,-1.8911203627482829,-1.0760064423830076,-0.6506734226497076,0.7026659990804549,1.4110998898606772,0.5857129947507476,1.0044022375334896,2.056226399315389,-0.5856318077664333,-0.29700720013672643,0.08538461042502647,-0.14305932329124507,-1.0676699981928452,-0.3712055817627109,0.1333184786955885,-0.4901320711845304,-0.2672055065414852,1.209870464723332,-0.049494707857166344,0.2183720879076124,-0.1984250725958538,0.24472252690797516,0.10454545433799851,-0.12824813463244378,-1.7296900556093684,0.8201094143757333,-1.4958824630231051,0.06822271545673249,0.2496140692605653,0.8108884758885282,0.34765324168238493,0.3433891993045225,1.3289293496233785,-0.3270009829012369,1.0596680656516015
2.767304827194703,5.35709975148637,6.5164600129133525,-1.7811030816020357,9.038524893175689,0.38180189730597175,6.622244497107569,12.869811948724555,3.18027119361998,-10.073131075371236,-7.9694377491223,-4.149314379144738,5.543612812623839,9.390278374166673,3.11528529928462,6.326506546378747,13.914906250958948,-4.435767062208536,-3.508356507128643,0.9471733134017908,-0.830357433750677,-5.296882622801047,-1.354777282424034,-0.21059107907347116,-3.5141834048587612,-1.923554597698331,7.647888318611613,-0.3345911499942119,2.005668244297945,-2.68498466112547,2.837305907771951,0.26986247210192355,-0.7456123508484088,-11.058581388556377,6.4154661828746375,-9.33600954300525,-0.48989333056071194,0.8108884758885282,5.3174754453198805,1.9373537778697498,2.831788079804165,9.067070477088457,-3.386695545293624,7.606745272523019
0.7032942107216178,2.0224105427825876,2.133616514732519,-0.3077106057302728,3.0988404660344635,0.4835099158471173,2.366870649064869,4.428559250635334,0.9781357980851091,-3.8048652092808486,-2.748420898424552,-1.6545342662748281,1.6536406422484806,3.1670335719024507,1.1280456044132325,2.0598581390561086,4.732489018141522,-1.3952107801853755,-1.0989401911741181,0.08118355815269569,-0.4468046638496001,-2.564445633887331,-0.7157437569092752,0.012458326718135225,-1.0836547674811572,-0.6131692507302918,2.6596282495049706,-0.08144682535712572,0.658404278282836,-0.7381454158141679,0.5803613833522742,0.16909039673643478,-0.3428415522442755,-3.7196728498954768,2.0996798638045484,-3.6199534797437782,0.02931398971375877,0.34765324168238493,1.9373537778697498,1.014635462428111,0.817290474297188,2.8132164394980483,-0.7391617991611475,2.4294321244791335
2.578103830841628,3.043997889198638,5.309927149209697,-1.3212763587597705,6.134089138187398,-0.22699466354337225,4.348875043830522,9.212357278645388,2.9361000133393507,-6.905715002612294,-5.115536878989704,-3.258924370013701,2.776989429044577,7.625982724518297,2.422354463168655,4.911816570667817,10.314552835349957,-2.781516518072859,-2.743965019044693,1.2694295841770542,-0.396822100388479,-2.7090980387493833,-0.3772284933998638,0.14792533421538562,-2.187302049454828,-1.2697428566896063,5.378653600621911,-0.16101780269863358,1.5872683454978622,-1.5478988831375051,2.170984291644939,0.010627391759052062,-0.2659694582953614,-7.45165435509411,5.490553037792497,-5.7682333924746665,-0.20540014462237477,0.3433891993045225,2.831788079804165,0.817290474297188,3.492927319346427,6.918443750874725,-4.179636469820684,6.443261680673852
6.014984102505288,9.46194367221899,13.273915936150674,-3.525146935607905,16.969978326400565,8.826599739126408e-5,12.32363921463862,24.5056917987079,6.617658711841568,-18.8225293889715,-14.498240074401197,-7.9849318563880365,9.536017089474072,18.840990297693285,6.156503097534456,12.580317684038198,26.867472575269677,-8.12942327218708,-6.847751836269211,2.58304851302057,-1.2418152527791455,-8.480640513633974,-1.8653110269959279,-0.06493929385041786,-6.463045568308581,-3.5996525364055225,14.48690263993399,-0.5903494106573834,3.9328244077410712,-4.783792939739285,5.802101140517713,0.307942576798616,-1.0784221327556058,-20.741209282055987,13.102285853735143,-16.534081836821116,-0.8754430215932386,1.3289293496233785,9.067070477088457,2.8132164394980483,6.918443750874725,17.978407483335822,-8.48536843905043,15.591613927563095
-3.268090862572212,-3.452672076414617,-6.335864299212843,1.9063082496999342,-7.331443173011814,0.5614323595490455,-5.061896290932502,-11.021645555851892,-3.632118117013187,7.902200879344823,6.204647655900821,3.702507280453799,-3.6506891968925386,-9.095008825639459,-2.8019286254678684,-5.906840788079056,-12.348041773715215,3.484075979155258,3.4225862151446833,-1.6610383915659515,0.3695165070515344,2.690663568130001,0.25245270220098043,-0.03628589976462588,2.746409018122821,1.5824274388024129,-6.399190131192904,0.22136938814220544,-1.930710550181637,2.0982008511792665,-2.9400922043926734,0.04736203365362035,0.2677839558353335,8.9951238203677,-6.61882241070008,6.637893509540514,0.44531215990801504,-0.3270009829012369,-3.386695545293624,-0.7391617991611475,-4.179636469820684,-8.48536843905043,5.244941001556252,-7.784445186039551
5.336352778764819,7.920772834171575,11.6102334918489,-3.0332477277797967,14.570567113964227,-0.039730375562883904,10.505450202958205,21.281534450573968,6.02009633891478,-16.26895413228795,-12.45218388284092,-7.145362222883717,7.800125800395895,16.622510303316812,5.388598816226391,10.960756414461327,23.433460899139558,-6.890281637825649,-6.064061533204107,2.3261195455989183,-1.0959471649150032,-7.307339549898037,-1.492208410329882,0.016676677091277754,-5.449427060526542,-3.0699982668329406,12.53672526722689,-0.4684557473187905,3.485477009386082,-4.0139567244034975,4.9398839782308235,0.22122765604560796,-0.8905560478321666,-17.777056099790318,11.677721843688056,-14.246311180709599,-0.6637040122392825,1.0596680656516015,7.606745272523019,2.4294321244791335,6.443261680673852,15.591613927563095,-7.784445186039551,13.800588671387851
