V1,V2,V3,V4,V5,V6,V7,V8,V9,V10,V11,V12,V13,V14,V15,V16,V17,V18,V19,V20,V21,V22,V23,V24,V25,V26,V27,V28,V29,V30,V31,V32,V33,V34,V35,V36,V37,V38,V39,V40,V41,V42,V43,V44
0.91707817516321255,-0.48915328234106725,-1.0794322884552472,0.5827327902982833,1.1620913907591508,-0.2878292366725147,-0.7011016020119926,-1.4930899148645869,0.8403892407346272,-0.12656923500450434,-0.6849707553332716,0.9199075703421439,-0.46583497289602066,2.7875330660437863,1.0133991493437313,0.2455573508652266,-0.5788164508685619,1.0665541595098966,0.2676338239270035,0.23323756171205903,-0.8475941957687466,1.7151740100937396,-0.4202721059751602,-1.2232404043335707,-0.3114692865350678,-0.4584188806197118,1.3426112905670806,0.8842772297079321,-0.2552945104669619,0.9672395226117876,0.198123089426138,0.25435721535895955,-0.4574657216143539,1.032782802153339,-0.6928060938125438,0.13551165165800633,0.5967068548844077,0.3093375868939493,-0.19877725899134951,-0.47645735901331415,0.8330663066924812,1.7778386792761685,-0.6364839507915478,0.1310722107952158
-0.48915328234106725,0.8778726114416875,0.7020276411747612,-0.3780133385493133,-0.7155334632603901,0.32592656800088726,0.3060993337220853,0.6175968319275874,-0.07428943343409888,0.618973517479332,0.6504671431411884,-0.20081541280255272,-0.06079986256896085,-2.269582496838521,-0.5825036890870778,-0.042138658981572256,0.35924168262139566,-1.0565771929119796,-0.30182071470925953,0.0870161898755718,0.6905812925968995,-1.2356126060873385,0.5413339967619195,0.7200096988095788,0.04396560944911223,0.6096297158860393,-0.678461106433793,-0.5403800515942613,0.38943792853075176,-0.617360966302457,0.3186213291995597,-0.7057348170189219,-0.08201869323254234,-0.26744635545883993,0.5016288151862401,0.19469011837389724,-0.7096395882899235,-0.38852359028913,-0.07147201121660025,0.028840271331787952,-0.40473697281354426,-1.0875817370566085,0.5279250401983477,-0.288428466563447
-1.0794322884552472,0.7020276411747612,3.067856643659777,-1.2978446614265602,-2.8970016442513917,0.3968242083156759,-0.42326617528950183,3.028419189216763,-0.6727163565709815,0.7687526748200405,1.1893331881226825,-1.9172844578242838,-0.4386603213422017,-6.271906073017573,-1.3483649805354587,-0.38870907245815084,0.46352205473558505,-2.2808273316366288,-0.9887797541446578,-0.7606430795949525,1.4681596718769585,-4.298440493193859,1.1707891682426952,2.740282545054325,0.3265248134439549,0.638448486263278,-1.9773952599982791,-1.5145225552822008,0.7238368227823379,-2.5230150748907314,0.004626065400393733,-0.9763051505099931,0.6635910351246678,-1.9573172418165032,1.034237277500326,-0.7856744690941881,-0.9899583081107706,-1.5699132933029973,0.6257949077812722,-0.0462478872266897,-2.547536973147701,-2.676580876057938,1.0609800949891435,-1.0133471452827656
0.5827327902982833,-0.3780133385493133,-1.2978446614265602,0.8915220579785708,1.5876295523872375,-0.2884385229871763,0.279262145943535,-1.5936173347131513,0.4163875929658012,0.06510296801303371,-0.43383746999024536,0.9928940735132987,0.14132535725823253,3.3796317473070028,0.7208331750153018,-0.057582881848312624,-0.3328249720569235,0.9008779206397947,0.37487196415845375,0.27496015793048145,-0.8155092476587485,1.9089860517230388,-0.23534627466316244,-1.401371914485449,-0.044329124347751755,-0.3069075721622954,0.9978658024280261,1.0279606971603965,-0.30715095154099226,1.1653348234016516,0.0188592253865193,0.46897379807546824,-0.40658001561061863,1.1267597096072377,-0.6515098716765292,0.9926469680010903,0.6343910616659537,0.9414308117273825,-0.29566590266188997,-0.03488362798870734,1.0213570905257217,1.529547000611402,-0.8506332321293599,0.358583028345159
1.1620913907591508,-0.7155334632603901,-2.8970016442513917,1.5876295523872375,3.38943679854782,-0.6890439391297654,0.5281967232073024,-3.331038299088161,0.6916527129727368,-0.31493285665832776,-1.0014269942648122,2.0003150253085487,0.4683990488109774,6.978075216820413,1.5167718603718539,0.11197685650155684,-0.696629020562059,1.968955584272379,0.9181407899235917,0.5938577243412678,-1.7149160837857704,4.089236205606437,-0.6942471468582546,-2.9365821913895354,-0.14082934231212418,-0.8142699708485298,2.114821513016691,1.9960356748581016,-0.8801120231813976,2.4825245715576076,0.08983326257779968,0.8956726227177423,-0.8732178133599007,2.216418885786362,-1.1367699099464208,1.64180051595629,1.2219941478514649,1.6332307156976718,-0.6780052179437781,-0.07003971014259502,1.9993879703671857,3.1200306064404137,-1.7266187753432287,0.7723420171044227
-0.2878292366725147,0.32592656800088726,0.3968242083156759,-0.2884385229871763,-0.6890439391297654,0.32384578156108584,0.07401116130950378,0.5929935474965168,-0.03669827762836555,0.1424730445915997,0.27696226241762545,-0.2491146339323388,-0.12168549159995365,-1.513109740060184,-0.37143481062541805,0.03495817095676278,0.2803874820574568,-0.3695754925338821,-0.18292511450547275,0.08536158802314381,0.3945551055822024,-0.6456385301752816,0.0760984419392954,0.5253580547107383,-0.027516588388854932,0.38189510487726985,-0.5119280731628699,-0.46892157344883273,0.3102174897249244,-0.393637435434128,0.0190020582714278,-0.26106720317020754,0.13830842394637777,-0.327176014270994,0.24583916732271438,-0.2994663025435326,-0.40079640963244606,-0.1518500757276462,0.03152756703571325,0.12162043227592309,-0.008927844982032758,-0.7901185433980858,0.5956929460743048,-0.038270582000500944
-0.7011016020119926,0.3060993337220853,-0.42326617528950183,0.279262145943535,0.5281967232073024,0.07401116130950378,1.8512814770313466,-0.007563984117922543,-0.9669314601916558,0.05684445273365988,0.32819816363845977,0.09905571775804854,1.365653035292045,0.5268578298587097,-0.6508607892263125,-0.39204785920436774,0.6099946465673302,-0.29974927715906774,0.2554277217461578,0.10918983540835119,0.4645270836182113,0.4592779752142079,0.15812616131620952,-0.15344658109759968,0.4132144697012221,0.37619305146281484,-0.6516881548647369,0.010977894241356149,-0.036303426185741804,0.40107376453060156,-0.32827362316387726,0.439467524970105,0.2277418663725026,-0.0421972574761228,0.2331673524046539,1.0742082114156086,-0.2092892899727467,0.9248450162291338,-0.165317282475653,0.8180898038909955,0.4985302960978333,-0.7310455899568828,-0.13131852158452686,0.5027331506211434
-1.4930899148645869,0.6175968319275874,3.028419189216763,-1.5936173347131513,-3.331038299088161,0.5929935474965168,-0.007563984117922543,3.761926524249036,-1.3102415992338694,0.09072375699438916,1.164286850470891,-2.376729424297145,0.07370973113001093,-7.055503184727553,-1.8284422532807054,-0.2804954089579783,0.8610666008239836,-2.1433506988825206,-0.8198889581996082,-0.8062194271876344,1.7451862873183093,-4.422021076741896,0.7816287243073212,3.166913035856527,0.4224731094030755,0.6439946813918387,-2.588524323420409,-2.127052948449228,0.6620152288938,-2.6356388269818636,-0.32906308841892296,-0.6755477914863456,1.0506039429364586,-2.637969437981754,1.35266234202013,-1.4784195333425854,-1.15612746565525,-1.5238311424499658,0.7336811540469942,0.4084146242933646,-2.4326076998839117,-3.5221211687764535,1.5902709823463426,-0.6850238801497516
0.8403892407346272,-0.07428943343409888,-0.6727163565709815,0.4163875929658012,0.6916527129727368,-0.03669827762836555,-0.9669314601916558,-1.3102415992338694,1.3337187449244743,0.41519463422116804,-0.2580871396188855,0.860677924120018,-1.1478658255373557,1.6451755122234073,0.9378285431841852,0.2774170614346036,-0.5715329930588567,0.6473185015234285,-0.06741526088509397,0.4798097969494526,-0.903144445336775,0.997344948099773,-0.1431015464000467,-0.9814925005619358,-0.43593236250533435,-0.10355370719158563,1.0397457706401545,0.7287417801427929,0.05655930860750755,0.5165327234017303,0.4308124269939417,-0.40471368637055594,-0.6176775150356643,1.137078579582994,-0.5903925570346833,0.1773439139533945,0.31576311005526764,0.09970223676529438,-0.2638281988638764,-0.5487055990237723,0.69121238154147,1.3886156826703027,-0.21580401323795875,-0.14105236837358712
-0.12656923500450434,0.618973517479332,0.7687526748200405,0.06510296801303371,-0.31493285665832776,0.1424730445915997,0.05684445273365988,0.09072375699438916,0.41519463422116804,1.2104479253101024,0.6518560905065117,0.0694043346419644,-0.4740782091721189,-1.166305269435442,-0.15255615096908062,-0.3128824877442847,0.00222877022474273,-0.9950411528817961,-0.4739717985464408,0.06250324922192492,0.25699375780648903,-1.0567088265721087,0.8510806932478843,0.31055108903358036,0.06457480585507396,0.534037942714386,-0.2764686271195834,0.13254863092438005,0.45087559117668513,-0.5268521532115252,0.35221816870960343,-0.6915327628844851,-0.24685775612577135,0.2639951144342143,0.051582274038111636,0.9320354405927367,-0.32920165004365803,-0.10233558382958761,-0.08035406521200139,-0.18762196948402796,-0.45906394509154247,-0.29395439480990965,-0.010828840604286459,-0.47396903959541486
-0.6849707553332716,0.6504671431411884,1.1893331881226825,-0.43383746999024536,-1.0014269942648122,0.27696226241762545,0.32819816363845977,1.164286850470891,-0.2580871396188855,0.6518560905065117,0.9550797286958613,-0.7105030747096053,-0.20950362175298332,-2.6624864413708305,-0.7211141720713959,-0.23870275636574556,0.3259210712501148,-1.240082563017065,-0.4742348785150425,-0.04293970967242147,0.40312103877451094,-1.991024873571821,0.7393497489181082,1.0165877686364706,0.2038087642290921,0.45304997233165767,-1.2134753937819733,-0.5995597490049613,0.3174030620382052,-1.1341786126071733,0.08904225745910463,-0.7661439339765249,0.08642086226767251,-0.6363229026792924,0.5679986380244422,0.23205542067423454,-0.553413112395724,-0.40044641334103576,0.06977883639109009,0.2564065045355264,-1.0656679406132548,-1.4239438794389994,0.5101571117308846,-0.4235730348288388
0.9199075703421439,-0.20081541280255272,-1.9172844578242838,0.9928940735132987,2.0003150253085487,-0.2491146339323388,0.09905571775804854,-2.376729424297145,0.860677924120018,0.0694043346419644,-0.7105030747096053,1.6510704907932672,0.006342690073098561,4.114557885944661,1.0732591522506916,0.2214638688352922,-0.4127479902459629,1.2407966602553198,0.5093379106176671,0.5974817678727806,-0.8182333692711751,2.826881185944358,-0.4562513451820972,-1.9399815983773028,-0.3209471062917456,-0.21364744526014123,1.6474304565651652,1.2450060132809637,-0.24837588678146874,1.7152639550828364,0.3085338707513802,0.37593000470896504,-0.6986971656582924,1.7008864823506893,-0.824966192383239,0.9302252174870784,0.5281228549968741,0.9751767769490488,-0.5002077476765403,-0.2917458401080177,1.7598077220670976,2.0976059560917646,-0.8444355272694564,0.4668756346171794
-0.46583497289602066,-0.06079986256896085,-0.4386603213422017,0.14132535725823253,0.4683990488109774,-0.12168549159995365,1.365653035292045,0.07370973113001093,-1.1478658255373557,-0.4740782091721189,-0.20950362175298332,0.006342690073098561,1.5975381470144971,0.6968018766717281,-0.4910586318143682,-0.23555592881856077,0.4846375686896438,0.02730841377305304,0.43783034577494895,-0.2273754711635493,0.6980865045804141,0.7410816055304988,-0.152267101746513,-0.038527245702969094,0.37603563826210074,0.03168268325170583,-0.19809977360928585,-0.06006355962028789,-0.19627456658790654,0.5658799636969685,-0.38536202094474864,0.8627153681941845,0.3747776095254835,-0.3004252917537417,0.18188243708978147,0.41752236609415466,-0.05729792026443517,0.5630546196064002,0.00692188947920026,0.5217662002003044,0.40424255111643437,-0.3698282367023519,-0.28925715080179526,0.5321490578034089
2.7875330660437863,-2.269582496838521,-6.271906073017573,3.3796317473070028,6.978075216820413,-1.513109740060184,0.5268578298587097,-7.055503184727553,1.6451755122234073,-1.166305269435442,-2.6624864413708305,4.114557885944661,0.6968018766717281,15.539806268046446,3.5513633476106463,0.2791356677669679,-1.7056055578472042,4.972961972762976,1.9713598226323668,1.1455845802702886,-3.9180003308158957,9.23513835180624,-2.0017057209891043,-6.379102967856937,-0.44339953247480907,-1.9569544368541507,4.838552150918099,4.3611746233391875,-1.8914742604567156,5.406116936116239,-0.1859933472395783,2.427846130799217,-1.4879149670770437,4.645614008013504,-2.8075392895681874,2.7847998391573965,3.0149698388882227,3.6022741273245598,-1.201012601317271,-0.21541421381150175,4.601590963235938,7.078148068636911,-3.626599964219319,1.8172887522270331
1.0133991493437313,-0.5825036890870778,-1.3483649805354587,0.7208331750153018,1.5167718603718539,-0.37143481062541805,-0.6508607892263125,-1.8284422532807054,0.9378285431841852,-0.15255615096908062,-0.7211141720713959,1.0732591522506916,-0.4910586318143682,3.5513633476106463,1.21638845002384,0.23401401914109096,-0.6882131238515092,1.2663959543579293,0.31677372588458996,0.3240886339479134,-1.139023507669445,2.084970853656215,-0.4680715205399881,-1.5522126296508911,-0.31611377394280143,-0.5463820888277147,1.5048187834990383,1.1611133560977245,-0.37592170980202366,1.157300161324478,0.1643844219741971,0.29330538173921894,-0.5272846878666468,1.2876394211367346,-0.8051568913904508,0.33074491285287533,0.7396522065096974,0.48832780858287456,-0.2944786330495842,-0.44104842132682504,0.9638655019905129,2.0872083895546156,-0.8352344203770464,0.1891972490330059
0.2455573508652266,-0.042138658981572256,-0.38870907245815084,-0.057582881848312624,0.11197685650155684,0.03495817095676278,-0.39204785920436774,-0.2804954089579783,0.2774170614346036,-0.3128824877442847,-0.23870275636574556,0.2214638688352922,-0.23555592881856077,0.2791356677669679,0.23401401914109096,0.3349882811845584,-0.08038879638625511,0.41174798217727926,0.12981736643303368,0.1961688968202284,-0.19561605705083385,0.45904219803524315,-0.33932306638506965,-0.23357535085238196,-0.2267296757121366,-0.1530075822687167,0.31944751398537,-0.06496610399399291,-0.06639892599195199,0.2304002464752162,0.14366259589606512,-0.07444670826762703,-0.16695347488182996,0.13453908466795608,-0.049705625816899995,-0.5190627413194645,0.004615426929415888,-0.15872892876264755,-0.06523601524190716,-0.14812452376731414,0.33264744239741034,0.28868201607290167,0.17663217823779062,0.07480331477112073
-0.5788164508685619,0.35924168262139566,0.46352205473558505,-0.3328249720569235,-0.696629020562059,0.2803874820574568,0.6099946465673302,0.8610666008239836,-0.5715329930588567,0.00222877022474273,0.3259210712501148,-0.4127479902459629,0.4846375686896438,-1.7056055578472042,-0.6882131238515092,-0.08038879638625511,0.5078886812026798,-0.5497440952161334,-0.07350504656336901,-0.04708442658722704,0.7313598991627831,-0.7355634564420911,0.12681347689501968,0.7102236117336238,0.15282582656351623,0.39305136445226085,-0.7851657228224026,-0.6283203432907499,0.2500978520792564,-0.3921164780250873,-0.11939519907016095,-0.03405452796761299,0.30385132173664037,-0.6172499027836259,0.42332591733769953,-0.17323084533436567,-0.4838283630219357,-0.0670360822347622,0.08781527773002952,0.34900966979571724,-0.12161566983768833,-1.163049017396048,0.5429452222253617,0.07955297013607072
1.0665541595098966,-1.0565771929119796,-2.2808273316366288,0.9008779206397947,1.968955584272379,-0.3695754925338821,-0.29974927715906774,-2.1433506988825206,0.6473185015234285,-0.9950411528817961,-1.240082563017065,1.2407966602553198,0.02730841377305304,4.972961972762976,1.2663959543579293,0.41174798217727926,-0.5497440952161334,2.2370730809571686,0.7592555925514848,0.46427943567124613,-1.377492990128371,3.3901381884267128,-1.236697767235518,-2.0475446964968738,-0.35825905149109427,-0.7931327499182146,1.68930849550205,1.1304090554848254,-0.6208211107952368,1.857984577323129,-0.1894733698445303,0.9848562925792504,-0.3267766440412299,1.2976472934668362,-0.9729899026966377,-0.09446460276423083,1.0335438659501153,1.035219966621085,-0.2861793309025292,-0.08439150652237969,1.901222898917028,2.308769681266124,-0.7431952043418899,0.7816729471639283
0.2676338239270035,-0.30182071470925953,-0.9887797541446578,0.37487196415845375,0.9181407899235917,-0.18292511450547275,0.2554277217461578,-0.8198889581996082,-0.06741526088509397,-0.4739717985464408,-0.4742348785150425,0.5093379106176671,0.43783034577494895,1.9713598226323668,0.31677372588458996,0.12981736643303368,-0.07350504656336901,0.7592555925514848,0.437726414262958,0.12252902102854922,-0.31952669333334693,1.3934501350753248,-0.45403162548830756,-0.7754216466415226,-0.04259460544936991,-0.3153787358263393,0.5965368546077776,0.3524211445866856,-0.3200330455032328,0.8421001091504345,-0.07252774220671027,0.504882922121003,-0.13275581692452468,0.4223430925739375,-0.25479702375137486,0.12375024043793081,0.3364083351241221,0.4689047872142388,-0.1287429847666133,0.06033146463026386,0.7427841178399115,0.7580321301864139,-0.38101294418088044,0.39561152754190415
0.23323756171205903,0.0870161898755718,-0.7606430795949525,0.27496015793048145,0.5938577243412678,0.08536158802314381,0.10918983540835119,-0.8062194271876344,0.4798097969494526,0.06250324922192492,-0.04293970967242147,0.5974817678727806,-0.2273754711635493,1.1455845802702886,0.3240886339479134,0.1961688968202284,-0.04708442658722704,0.46427943567124613,0.12252902102854922,0.5288115290289729,-0.4646307321256614,0.9396011643057626,-0.21636202963076606,-0.7251884067373939,-0.21243166677840844,0.04473890592091558,0.32496398629452633,0.3048486346039348,0.005430440560240486,0.5127539913911894,0.1527273290887321,-0.15395221739081108,-0.3298141840739676,0.6457396137690123,-0.21875697932082944,0.20384220903201625,0.039796154852657147,0.3894291187978413,-0.2570669736372623,0.06490438205006557,0.8002355428920821,0.4609324273315589,0.048243978487001994,0.1994677596692609
-0.8475941957687466,0.6905812925968995,1.4681596718769585,-0.8155092476587485,-1.7149160837857704,0.3945551055822024,0.4645270836182113,1.7451862873183093,-0.903144445336775,0.25699375780648903,0.40312103877451094,-0.8182333692711751,0.6980865045804141,-3.9180003308158957,-1.139023507669445,-0.19561605705083385,0.7313598991627831,-1.377492990128371,-0.31952669333334693,-0.4646307321256614,1.8849456812494079,-1.8262344153660062,0.483717019270778,1.6945010842131982,0.2241070380694265,0.7801451157232978,-1.0219966293190075,-1.1335754774916376,0.6350580510690759,-0.9591417100513551,-0.03052461222888019,-0.0963115434909246,0.6078842128258815,-1.2202960036582071,0.7325517171880422,-0.5098502952705727,-0.9919442588953626,-0.7019749739558957,0.32936277204708736,0.06782262590254347,-0.6783158735515691,-1.9047570476421132,0.8084483913751259,-0.20688407299478842
1.7151740100937396,-1.2356126060873385,-4.298440493193859,1.9089860517230388,4.089236205606437,-0.6456385301752816,0.4592779752142079,-4.422021076741896,0.997344948099773,-1.0567088265721087,-1.991024873571821,2.826881185944358,0.7410816055304988,9.23513835180624,2.084970853656215,0.45904219803524315,-0.7355634564420911,3.3901381884267128,1.3934501350753248,0.9396011643057626,-1.8262344153660062,6.458630505290813,-1.7098736870541722,-3.9369947230817255,-0.4765847362046041,-0.8761070933252717,3.1739422487119167,2.374730591512579,-0.9073326276879371,3.7641944591819243,-0.09783482049254459,1.7228528162640826,-0.7824861382415165,2.8697749142178326,-1.695682314281589,1.0907592845845417,1.489696612267902,2.2736749324772263,-0.7939313122684294,-0.11302390458421702,3.825760471188102,4.1383863111548465,-1.692166382001457,1.4660652868150554
-0.4202721059751602,0.5413339967619195,1.1707891682426952,-0.23534627466316244,-0.6942471468582546,0.0760984419392954,0.15812616131620952,0.7816287243073212,-0.1431015464000467,0.8510806932478843,0.7393497489181082,-0.4562513451820972,-0.152267101746513,-2.0017057209891043,-0.4680715205399881,-0.33932306638506965,0.12681347689501968,-1.236697767235518,-0.45403162548830756,-0.21636202963076606,0.483717019270778,-1.7098736870541722,0.8796069569897846,0.813291973168628,0.21713198444217777,0.36365213952349074,-0.7098505876394349,-0.23912779633064632,0.29650283522354065,-0.9110302812169374,0.18665598742282793,-0.6018106004724378,-0.0058896031806902685,-0.36858904011142885,0.35335800186017124,0.5600503564810535,-0.39649391020306246,-0.40795368626852224,0.08094544365339136,-0.04254242150864224,-1.0947852320543936,-0.82723076390799,0.054087968885664306,-0.5182319862593717
-1.2232404043335707,0.7200096988095788,2.740282545054325,-1.401371914485449,-2.9365821913895354,0.5253580547107383,-0.15344658109759968,3.166913035856527,-0.9814925005619358,0.31055108903358036,1.0165877686364706,-1.9399815983773028,-0.038527245702969094,-6.379102967856937,-1.5522126296508911,-0.23357535085238196,0.7102236117336238,-2.0475446964968738,-0.7754216466415226,-0.7251884067373939,1.6945010842131982,-3.9369947230817255,0.813291973168628,2.8018799747098293,0.3241544769920097,0.674499899164797,-2.0862311379786602,-1.8224926665723138,0.6804217174985169,-2.298288853552133,-0.10883807721019302,-0.7267162862476738,0.8074464686585072,-2.1740623056670207,1.1767082014355554,-1.1857775102781478,-1.1141833612142957,-1.4782983808907582,0.6088320914172152,0.14926475183191196,-2.1356336284192956,-2.9771886862600514,1.3531625416653328,-0.7215002559275147
-0.3114692865350678,0.04396560944911223,0.3265248134439549,-0.044329124347751755,-0.14082934231212418,-0.027516588388854932,0.4132144697012221,0.4224731094030755,-0.43593236250533435,0.06457480585507396,0.2038087642290921,-0.3209471062917456,0.37603563826210074,-0.44339953247480907,-0.31611377394280143,-0.2267296757121366,0.15282582656351623,-0.35825905149109427,-0.04259460544936991,-0.21243166677840844,0.2241070380694265,-0.4765847362046041,0.21713198444217777,0.3241544769920097,0.24001908255174573,0.05763051563044504,-0.41394570106953316,-0.10631744727600186,-0.023719522695164127,-0.2329045681798492,-0.16035454511452824,0.10326708763612509,0.18901065852927218,-0.3155383681119679,0.1775983156049935,0.2649040109716637,-0.046866785831027026,0.051726205435630966,0.0644254015386523,0.20875516719872222,-0.3784940149970325,-0.4358976251599875,-0.07164892143978814,-0.015591649247991704
-0.4584188806197118,0.6096297158860393,0.638448486263278,-0.3069075721622954,-0.8142699708485298,0.38189510487726985,0.37619305146281484,0.6439946813918387,-0.10355370719158563,0.534037942714386,0.45304997233165767,-0.21364744526014123,0.03168268325170583,-1.9569544368541507,-0.5463820888277147,-0.1530075822687167,0.39305136445226085,-0.7931327499182146,-0.3153787358263393,0.04473890592091558,0.7801451157232978,-0.8761070933252717,0.36365213952349074,0.674499899164797,0.05763051563044504,0.7242336253137801,-0.6199464073730462,-0.4297871102147608,0.5021000471191368,-0.4735264580468213,0.0600866709587118,-0.343642522492062,0.1973732799624771,-0.25778310639528607,0.30996721666907506,0.12288946709952002,-0.6109842297155875,-0.09510934493052531,6.583148861637244e-4,0.12749478613146184,-0.019951769725530356,-1.0295229594097286,0.5716015127670891,-0.10770389038304501
1.3426112905670806,-0.678461106433793,-1.9773952599982791,0.9978658024280261,2.114821513016691,-0.5119280731628699,-0.6516881548647369,-2.588524323420409,1.0397457706401545,-0.2764686271195834,-1.2134753937819733,1.6474304565651652,-0.19809977360928585,4.838552150918099,1.5048187834990383,0.31944751398537,-0.7851657228224026,1.68930849550205,0.5965368546077776,0.32496398629452633,-1.0219966293190075,3.1739422487119167,-0.7098505876394349,-2.0862311379786602,-0.41394570106953316,-0.6199464073730462,2.278424286854246,1.4704369912175996,-0.45111111984412927,1.8710830365328668,0.2709632710855242,0.6691516412819705,-0.6661614006175807,1.751675585490245,-1.0697769507389885,0.49406494494662717,0.8943032583225476,0.7068767184259457,-0.36380700869034643,-0.6852043421042999,1.6280285315428795,2.8363441147709127,-1.1868906955024645,0.39150033961337183
0.8842772297079321,-0.5403800515942613,-1.5145225552822008,1.0279606971603965,1.9960356748581016,-0.46892157344883273,0.010977894241356149,-2.127052948449228,0.7287417801427929,0.13254863092438005,-0.5995597490049613,1.2450060132809637,-0.06006355962028789,4.3611746233391875,1.1611133560977245,-0.06496610399399291,-0.6283203432907499,1.1304090554848254,0.3524211445866856,0.3048486346039348,-1.1335754774916376,2.374730591512579,-0.23912779633064632,-1.8224926665723138,-0.10631744727600186,-0.4297871102147608,1.4704369912175996,1.5264506098562933,-0.41870003978777176,1.395939652759435,0.053933562129011764,0.4836220449086197,-0.5094466528663644,1.546936387639739,-0.8882766868027482,1.1807878477895561,0.8328066455039066,0.9721805419063166,-0.3974908245563874,-0.2283762633423533,1.0921049337817679,2.1977376083236884,-1.2215996514543097,0.29912962482456273
-0.2552945104669619,0.38943792853075176,0.7238368227823379,-0.30715095154099226,-0.8801120231813976,0.3102174897249244,-0.036303426185741804,0.6620152288938,0.05655930860750755,0.45087559117668513,0.3174030620382052,-0.24837588678146874,-0.19627456658790654,-1.8914742604567156,-0.37592170980202366,-0.06639892599195199,0.2500978520792564,-0.6208211107952368,-0.3200330455032328,0.005430440560240486,0.6350580510690759,-0.9073326276879371,0.29650283522354065,0.6804217174985169,-0.023719522695164127,0.5021000471191368,-0.45111111984412927,-0.41870003978777176,0.4831779668278746,-0.5309169457226478,0.09629964389831493,-0.3276291766773134,0.1447663681637825,-0.3119674112723326,0.2009601581459913,-0.16452277446697391,-0.4758896549119448,-0.2770330130655121,0.09697938379147608,-0.04067964757706357,-0.15949278546732099,-0.7805430570651818,0.5373714094023118,-0.197303397081616
0.9672395226117876,-0.617360966302457,-2.5230150748907314,1.1653348234016516,2.4825245715576076,-0.393637435434128,0.40107376453060156,-2.6356388269818636,0.5165327234017303,-0.5268521532115252,-1.1341786126071733,1.7152639550828364,0.5658799636969685,5.406116936116239,1.157300161324478,0.2304002464752162,-0.3921164780250873,1.857984577323129,0.8421001091504345,0.5127539913911894,-0.9591417100513551,3.7641944591819243,-0.9110302812169374,-2.298288853552133,-0.2329045681798492,-0.4735264580468213,1.8710830365328668,1.395939652759435,-0.5309169457226478,2.2527639535805264,-3.11173234921703e-4,1.0063579172829507,-0.5072200820194891,1.7105539676306558,-0.9564044590828039,0.8276856761289226,0.8346005180923086,1.3529918843839104,-0.4902820459028463,-0.0796782384451195,2.2223789326137986,2.4122886057963684,-1.066508630277758,0.851219734096135
0.198123089426138,0.3186213291995597,0.004626065400393733,0.0188592253865193,0.08983326257779968,0.0190020582714278,-0.32827362316387726,-0.32906308841892296,0.4308124269939417,0.35221816870960343,0.08904225745910463,0.3085338707513802,-0.38536202094474864,-0.1859933472395783,0.1643844219741971,0.14366259589606512,-0.11939519907016095,-0.1894733698445303,-0.07252774220671027,0.1527273290887321,-0.03052461222888019,-0.09783482049254459,0.18665598742282793,-0.10883807721019302,-0.16035454511452824,0.0600866709587118,0.2709632710855242,0.053933562129011764,0.09629964389831493,-3.11173234921703e-4,0.3942985499544989,-0.4291992393696344,-0.36988836856305307,0.30709263212276944,-0.00840772787385934,0.12126773083442459,-0.1378191663200364,-0.2586596826169929,-0.11156552625111485,-0.31651870566003243,-0.03431101978934447,0.24706740127691781,-0.00717559759527849,-0.22138756026639933
0.25435721535895955,-0.7057348170189219,-0.9763051505099931,0.46897379807546824,0.8956726227177423,-0.26106720317020754,0.439467524970105,-0.6755477914863456,-0.40471368637055594,-0.6915327628844851,-0.7661439339765249,0.37593000470896504,0.8627153681941845,2.427846130799217,0.29330538173921894,-0.07444670826762703,-0.03405452796761299,0.9848562925792504,0.504882922121003,-0.15395221739081108,-0.0963115434909246,1.7228528162640826,-0.6018106004724378,-0.7267162862476738,0.10326708763612509,-0.343642522492062,0.6691516412819705,0.4836220449086197,-0.3276291766773134,1.0063579172829507,-0.4291992393696344,1.1167381864500854,0.2520660894355192,0.255658934052318,-0.4166285650931393,0.11036170045424362,0.5273286234614707,0.7446372341701737,0.013731811885403938,0.1646949355745108,0.9097240577418577,0.8507909965996919,-0.562791917064965,0.5939688405038591
-0.4574657216143539,-0.08201869323254234,0.6635910351246678,-0.40658001561061863,-0.8732178133599007,0.13830842394637777,0.2277418663725026,1.0506039429364586,-0.6176775150356643,-0.24685775612577135,0.08642086226767251,-0.6986971656582924,0.3747776095254835,-1.4879149670770437,-0.5272846878666468,-0.16695347488182996,0.30385132173664037,-0.3267766440412299,-0.13275581692452468,-0.3298141840739676,0.6078842128258815,-0.7824861382415165,-0.0058896031806902685,0.8074464686585072,0.18901065852927218,0.1973732799624771,-0.6661614006175807,-0.5094466528663644,0.1447663681637825,-0.5072200820194891,-0.36988836856305307,0.2520660894355192,0.5825924839928219,-0.794356261936438,0.2822391616354144,-0.47759680154478074,-0.21544516544679898,-0.16179745384293506,0.254908772126847,0.2669927621839591,-0.36721901819299674,-0.9438087660403293,0.38323722987291037,0.04229599110129532
1.032782802153339,-0.26744635545883993,-1.9573172418165032,1.1267597096072377,2.216418885786362,-0.327176014270994,-0.0421972574761228,-2.637969437981754,1.137078579582994,0.2639951144342143,-0.6363229026792924,1.7008864823506893,-0.3004252917537417,4.645614008013504,1.2876394211367346,0.13453908466795608,-0.6172499027836259,1.2976472934668362,0.4223430925739375,0.6457396137690123,-1.2202960036582071,2.8697749142178326,-0.36858904011142885,-2.1740623056670207,-0.3155383681119679,-0.25778310639528607,1.751675585490245,1.546936387639739,-0.3119674112723326,1.7105539676306558,0.30709263212276944,0.255658934052318,-0.794356261936438,1.9889532643929222,-0.9616884527479883,1.2363077148733974,0.7206457011782184,1.086166258114716,-0.5608133911096937,-0.3293443386588833,1.6901387847434073,2.3949455766897825,-1.0451169375886644,0.37756140240682984
-0.6928060938125438,0.5016288151862401,1.034237277500326,-0.6515098716765292,-1.1367699099464208,0.24583916732271438,0.2331673524046539,1.35266234202013,-0.5903925570346833,0.051582274038111636,0.5679986380244422,-0.824966192383239,0.18188243708978147,-2.8075392895681874,-0.8051568913904508,-0.049705625816899995,0.42332591733769953,-0.9729899026966377,-0.25479702375137486,-0.21875697932082944,0.7325517171880422,-1.695682314281589,0.35335800186017124,1.1767082014355554,0.1775983156049935,0.30996721666907506,-1.0697769507389885,-0.8882766868027482,0.2009601581459913,-0.9564044590828039,-0.00840772787385934,-0.4166285650931393,0.2822391616354144,-0.9616884527479883,0.6798570635022728,-0.429023406231601,-0.5916503193216078,-0.6164316309802886,0.17051515953078936,0.21435546073927897,-0.9210058609080157,-1.5008713670453429,0.635234043699678,-0.24901615149643233
0.13551165165800633,0.19469011837389724,-0.7856744690941881,0.9926469680010903,1.64180051595629,-0.2994663025435326,1.0742082114156086,-1.4784195333425854,0.1773439139533945,0.9320354405927367,0.23205542067423454,0.9302252174870784,0.41752236609415466,2.7847998391573965,0.33074491285287533,-0.5190627413194645,-0.17323084533436567,-0.09446460276423083,0.12375024043793081,0.20384220903201625,-0.5098502952705727,1.0907592845845417,0.5600503564810535,-1.1857775102781478,0.2649040109716637,0.12288946709952002,0.49406494494662717,1.1807878477895561,-0.16452277446697391,0.8276856761289226,0.12126773083442459,0.11036170045424362,-0.47759680154478074,1.2363077148733974,-0.429023406231601,2.237795439794622,0.3866739368715953,1.1184781080415256,-0.4085276433695516,0.1445069791251072,0.49942402060368696,1.0270748198751705,-1.1305791609326332,0.11753774465802928
0.5967068548844077,-0.7096395882899235,-0.9899583081107706,0.6343910616659537,1.2219941478514649,-0.40079640963244606,-0.2092892899727467,-1.15612746565525,0.31576311005526764,-0.32920165004365803,-0.553413112395724,0.5281228549968741,-0.05729792026443517,3.0149698388882227,0.7396522065096974,0.004615426929415888,-0.4838283630219357,1.0335438659501153,0.3364083351241221,0.039796154852657147,-0.9919442588953626,1.489696612267902,-0.39649391020306246,-1.1141833612142957,-0.046866785831027026,-0.6109842297155875,0.8943032583225476,0.8328066455039066,-0.4758896549119448,0.8346005180923086,-0.1378191663200364,0.5273286234614707,-0.21544516544679898,0.7206457011782184,-0.5916503193216078,0.3866739368715953,0.8182504213387034,0.5783378178108282,-0.09106136560467047,-0.0906298722113195,0.5109042900512442,1.4549465445091052,-0.8016952125539019,0.24595701506371415
0.3093375868939493,-0.38852359028913,-1.5699132933029973,0.9414308117273825,1.6332307156976718,-0.1518500757276462,0.9248450162291338,-1.5238311424499658,0.09970223676529438,-0.10233558382958761,-0.40044641334103576,0.9751767769490488,0.5630546196064002,3.6022741273245598,0.48832780858287456,-0.15872892876264755,-0.0670360822347622,1.035219966621085,0.4689047872142388,0.3894291187978413,-0.7019749739558957,2.2736749324772263,-0.40795368626852224,-1.4782983808907582,0.051726205435630966,-0.09510934493052531,0.7068767184259457,0.9721805419063166,-0.2770330130655121,1.3529918843839104,-0.2586596826169929,0.7446372341701737,-0.16179745384293506,1.086166258114716,-0.6164316309802886,1.1184781080415256,0.5783378178108282,1.420259770872643,-0.3385519718367403,0.379307009185659,1.4994262014281454,1.1680451433412988,-0.6832789227024151,0.6897100948487235
-0.19877725899134951,-0.07147201121660025,0.6257949077812722,-0.29566590266188997,-0.6780052179437781,0.03152756703571325,-0.165317282475653,0.7336811540469942,-0.2638281988638764,-0.08035406521200139,0.06977883639109009,-0.5002077476765403,0.00692188947920026,-1.201012601317271,-0.2944786330495842,-0.06523601524190716,0.08781527773002952,-0.2861793309025292,-0.1287429847666133,-0.2570669736372623,0.32936277204708736,-0.7939313122684294,0.08094544365339136,0.6088320914172152,0.0644254015386523,6.583148861637244e-4,-0.36380700869034643,-0.3974908245563874,0.09697938379147608,-0.4902820459028463,-0.11156552625111485,0.013731811885403938,0.254908772126847,-0.5608133911096937,0.17051515953078936,-0.4085276433695516,-0.09106136560467047,-0.3385519718367403,0.25163608003385224,-0.002971789166706477,-0.5173821234404159,-0.5232904773569338,0.21658346254555721,-0.14499397647993634
-0.47645735901331415,0.028840271331787952,-0.0462478872266897,-0.03488362798870734,-0.07003971014259502,0.12162043227592309,0.8180898038909955,0.4084146242933646,-0.5487055990237723,-0.18762196948402796,0.2564065045355264,-0.2917458401080177,0.5217662002003044,-0.21541421381150175,-0.44104842132682504,-0.14812452376731414,0.34900966979571724,-0.08439150652237969,0.06033146463026386,0.06490438205006557,0.06782262590254347,-0.11302390458421702,-0.04254242150864224,0.14926475183191196,0.20875516719872222,0.12749478613146184,-0.6852043421042999,-0.2283762633423533,-0.04067964757706357,-0.0796782384451195,-0.31651870566003243,0.1646949355745108,0.2669927621839591,-0.3293443386588833,0.21435546073927897,0.1445069791251072,-0.0906298722113195,0.379307009185659,-0.002971789166706477,0.5831740667574963,0.07029670264197901,-0.7120795115940511,0.21959782197813954,0.26079584792602567
0.8330663066924812,-0.40473697281354426,-2.547536973147701,1.0213570905257217,1.9993879703671857,-0.008927844982032758,0.4985302960978333,-2.4326076998839117,0.69121238154147,-0.45906394509154247,-1.0656679406132548,1.7598077220670976,0.40424255111643437,4.601590963235938,0.9638655019905129,0.33264744239741034,-0.12161566983768833,1.901222898917028,0.7427841178399115,0.8002355428920821,-0.6783158735515691,3.825760471188102,-1.0947852320543936,-2.1356336284192956,-0.3784940149970325,-0.019951769725530356,1.6280285315428795,1.0921049337817679,-0.15949278546732099,2.2223789326137986,-0.03431101978934447,0.9097240577418577,-0.36721901819299674,1.6901387847434073,-0.9210058609080157,0.49942402060368696,0.5109042900512442,1.4994262014281454,-0.5173821234404159,0.07029670264197901,2.853618985516058,1.9042007613270582,-0.4158215235821504,1.0155611519373569
1.7778386792761685,-1.0875817370566085,-2.676580876057938,1.529547000611402,3.1200306064404137,-0.7901185433980858,-0.7310455899568828,-3.5221211687764535,1.3886156826703027,-0.29395439480990965,-1.4239438794389994,2.0976059560917646,-0.3698282367023519,7.078148068636911,2.0872083895546156,0.28868201607290167,-1.163049017396048,2.308769681266124,0.7580321301864139,0.4609324273315589,-1.9047570476421132,4.1383863111548465,-0.82723076390799,-2.9771886862600514,-0.4358976251599875,-1.0295229594097286,2.8363441147709127,2.1977376083236884,-0.7805430570651818,2.4122886057963684,0.24706740127691781,0.8507909965996919,-0.9438087660403293,2.3949455766897825,-1.5008713670453429,1.0270748198751705,1.4549465445091052,1.1680451433412988,-0.5232904773569338,-0.7120795115940511,1.9042007613270582,3.917201902751929,-1.8084535949747433,0.49366592067370085
-0.6364839507915478,0.5279250401983477,1.0609800949891435,-0.8506332321293599,-1.7266187753432287,0.5956929460743048,-0.13131852158452686,1.5902709823463426,-0.21580401323795875,-0.010828840604286459,0.5101571117308846,-0.8444355272694564,-0.28925715080179526,-3.626599964219319,-0.8352344203770464,0.17663217823779062,0.5429452222253617,-0.7431952043418899,-0.38101294418088044,0.048243978487001994,0.8084483913751259,-1.692166382001457,0.054087968885664306,1.3531625416653328,-0.07164892143978814,0.5716015127670891,-1.1868906955024645,-1.2215996514543097,0.5373714094023118,-1.066508630277758,-0.00717559759527849,-0.562791917064965,0.38323722987291037,-1.0451169375886644,0.635234043699678,-1.1305791609326332,-0.8016952125539019,-0.6832789227024151,0.21658346254555721,0.21959782197813954,-0.4158215235821504,-1.8084535949747433,1.3412984353173019,-0.17249886949633672
0.1310722107952158,-0.288428466563447,-1.0133471452827656,0.358583028345159,0.7723420171044227,-0.038270582000500944,0.5027331506211434,-0.6850238801497516,-0.14105236837358712,-0.47396903959541486,-0.4235730348288388,0.4668756346171794,0.5321490578034089,1.8172887522270331,0.1891972490330059,0.07480331477112073,0.07955297013607072,0.7816729471639283,0.39561152754190415,0.1994677596692609,-0.20688407299478842,1.4660652868150554,-0.5182319862593717,-0.7215002559275147,-0.015591649247991704,-0.10770389038304501,0.39150033961337183,0.29912962482456273,-0.197303397081616,0.851219734096135,-0.22138756026639933,0.5939688405038591,0.04229599110129532,0.37756140240682984,-0.24901615149643233,0.11753774465802928,0.24595701506371415,0.6897100948487235,-0.14499397647993634,0.26079584792602567,1.0155611519373569,0.49366592067370085,-0.17249886949633672,0.5406722058259488
