V1,V2,V3,V4,V5,V6,V7,V8,V9,V10,V11,V12,V13,V14,V15,V16,V17,V18,V19,V20,V21,V22,V23,V24,V25,V26,V27,V28,V29,V30,V31,V32,V33,V34,V35,V36,V37,V38,V39,V40,V41,V42,V43,V44
0.1806088468366492,0.9049881194385657,0.4997572173042421,-0.020338957945931647,0.17614574285279044,-0.29949065337526914,0.5084596496928647,-0.5373781559795482,-0.7203582781137664,0.808123378775222,-0.7656876322953227,0.9509646396145427,1.8323424886558768,-0.7626012290577657,-0.1812916498652329,-0.39244725918554885,0.2814083426757231,-1.3089485122391111,0.16391322204362835,-0.9899157555239686,2.9382903325443954,0.500864881777813,0.8741370461045548,0.384119161800719,0.20579206021809873,0.754179013882859,1.5138406532086932,0.22378191691660723,0.5112895799247803,0.7790285633332964,0.7142950493146997,0.7508345162030258,0.07071218509746476,0.28874220968107034,0.16358311886610183,1.0381779856119686,-0.7752345951814096,-0.5895507177754339,0.003594262374365685,-1.127646015482536,0.27118875628058586,0.5414381065977985,-1.034336882998212,-0.14404948621741806
0.9049881194385657,9.739263493041001,3.360353055747226,-0.46757980879082445,2.4478475914217266,-2.9992463590165146,4.722530213495657,-5.278152711981611,-6.7655375505345505,6.968010403860561,-6.496286339521985,8.936920068594704,17.190069087584686,-7.961417744252171,-2.286322542245269,-2.2228062246158347,2.660469705307077,-12.632352358726022,2.6169042225662142,-8.399560008364492,26.847291481239665,4.482516504327741,7.059891715028955,4.40663658244527,1.9017559930252836,6.620544287752815,13.971191426430119,1.6631395214713125,3.951930560847312,7.924910343818208,6.989502092255065,5.627313648149277,-0.9720250570091552,2.76940881230707,1.9975707602007515,8.921773460706035,-8.271327576382879,-6.28587777500587,-0.4948454708139953,-11.143283314853893,1.6057439951526027,4.497591193126667,-9.3351045198005,-1.9394298670432695
0.4997572173042421,3.360353055747226,2.13757521429559,0.1557335811740389,0.41775006774801415,-1.1257649076988665,2.193536430073378,-1.9647280153458522,-2.729772314267707,3.6195807760031444,-2.983995334067412,3.6398358628015615,7.213792252374023,-2.9313354475489923,-0.8507614154787714,-1.8094891306500698,1.1067530026226853,-5.202176510956407,0.5770061303710565,-3.903862738608886,11.80155298587549,2.1099823060580696,3.276204105580542,1.8866930955824905,0.9703416629473526,3.4131260328616415,5.937790773856485,1.2899983451727877,2.3687894066961515,3.2379674670092258,2.2858225219000317,3.2974478274271877,0.52199657473179,1.3063483479865485,0.16091794658913902,4.41545344774405,-3.120559997617934,-1.728890197097516,0.1475410628889865,-4.495440762997384,1.3495572879488713,2.0574524917437547,-4.111715711130385,-0.6038392846422388
-0.020338957945931647,-0.46757980879082445,0.1557335811740389,0.20896482715561165,-0.3051689712861185,0.1476546585055299,0.036568046041679916,0.20106218100506143,0.2124924544503207,0.21012094861084432,0.06952407386331302,-0.20933892064038623,-0.36701772762966095,0.3322187328198619,0.051902886217505904,-0.28005814851172917,-0.03361372117689057,0.2835227175059254,-0.23088452641402415,0.09117527145870025,-0.31692820552055817,0.06223149865470678,-0.10849486506154445,0.008346834799899684,0.051053161825851616,0.21584121038585774,-0.2701342427483016,0.28493028513513996,0.24771348525390466,-0.1130575361887017,-0.5038156241548064,0.25608048265599853,0.3772287269471976,0.05638830091167831,-0.4013449149577332,0.11870762965080005,0.2435967246338576,0.5998970157402812,0.11826986756758448,0.2647130761426172,0.3079592575577353,-0.03693412168106004,0.14044176855547766,0.11515468990964331
0.17614574285279044,2.4478475914217266,0.41775006774801415,-0.3051689712861185,0.8694899929817069,-0.7602138136401906,0.8838253170005336,-1.2708162331801647,-1.552795255480989,1.106158850795712,-1.3004631176394568,1.9766274199960017,3.7360917980150026,-1.89046865727471,-0.5144658832671939,-0.0630182601348673,0.552346622103252,-2.7812841323675688,0.8121731579182117,-1.6928151228797275,5.521540936410795,0.8049384300297413,1.449232320034866,0.8767583563272636,0.3210614246554708,1.0261118869825323,3.0081732226439306,0.023529333273947427,0.4514318677910653,1.7062478918064916,1.910835970962728,0.7560100384485862,-0.6747608613813787,0.4886219639150809,0.8345186341710085,1.5975225204841352,-1.9070567060814385,-1.8968000637878561,-0.26382722077839715,-2.4871605022726864,-0.07349693196984514,0.9239784592483423,-1.98555245771498,-0.5261967654327926
-0.29949065337526914,-2.9992463590165146,-1.1257649076988665,0.1476546585055299,-0.7602138136401906,0.9947798656868055,-1.4412982568971602,1.6334413580326135,2.1453861463651953,-2.183475412857675,2.06442152011309,-2.772566254007857,-5.410580178471694,2.46889975431016,0.6997167827327225,0.7246327648257999,-0.7998032732120517,3.972654100917535,-0.8181571768684677,2.694886705885501,-8.44394529678361,-1.3739305910908903,-2.2437493365076104,-1.4082210656293792,-0.6124271989493919,-2.030894807428684,-4.424057050939636,-0.5467286874717707,-1.2286325832730638,-2.466427254109555,-2.1852566783194707,-1.810473319981991,0.28953907759050684,-0.8452837320494273,-0.6123035685725713,-2.8085917170148376,2.5596218764938055,2.004753181715132,0.11606048201575958,3.53291859806731,-0.42199099408483537,-1.4572813554730284,3.010364130242427,0.6355381293445547
0.5084596496928647,4.722530213495657,2.193536430073378,0.036568046041679916,0.8838253170005336,-1.4412982568971602,2.7650564121581183,-2.6666448126941042,-3.478815067794872,4.249114181117714,-3.5770524160560533,4.730860744226431,9.133099082472606,-3.9419419807510945,-1.182958497855833,-1.7638989567910823,1.459406758193583,-6.635439225103782,1.045412979802559,-4.606306827402615,14.636819078229399,2.6318922100066326,3.9055132827444434,2.368425770923868,1.1193223861260155,4.0576641194994805,7.425560932590909,1.3254122912183897,2.6531285792344326,4.2205992266560886,3.2186311102872374,3.608257774142336,0.1015361873993683,1.6361423128763857,0.5385099536296746,5.241086472999645,-4.229824431472871,-2.585458925242838,-0.051155338390762035,-5.75591126295783,1.4631646227168575,2.4454381018747693,-5.0063676858411155,-0.8590602284506615
-0.5373781559795482,-5.278152711981611,-1.9647280153458522,0.20106218100506143,-1.2708162331801647,1.6334413580326135,-2.6666448126941042,2.910224475204824,3.7271874526665134,-3.97111853916698,3.648603115061821,-4.9606734608207965,-9.53354547607478,4.316719437254861,1.2353993134965677,1.3753088564627176,-1.4832694259673322,6.965456042902083,-1.3619303870120303,4.696383527648797,-14.962576157893032,-2.5536392025877817,-3.975428622977539,-2.4002338233170604,-1.0665799017112434,-3.767411668077368,-7.7597157057712955,-1.0108147905317135,-2.3103309758077457,-4.379603880316121,-3.787931531361175,-3.269029979166535,0.38763564572217374,-1.5693800337864499,-1.0033418541234813,-5.055646058428979,4.519307071235327,3.3324365878356956,0.2205241171394398,6.127466633303487,-1.0351376289188827,-2.5292265594372894,5.1961388188874675,1.0226264913305612
-0.7203582781137664,-6.7655375505345505,-2.729772314267707,0.2124924544503207,-1.552795255480989,2.1453861463651953,-3.478815067794872,3.7271874526665134,4.883129405700642,-5.299789781772767,4.81955856568666,-6.432213475078144,-12.473355043142503,5.608119362225872,1.6004121618678977,1.9457633559494005,-1.9102802960629564,9.12686242411282,-1.6984852175249854,6.256669071664748,-19.660787307872024,-3.308216770579983,-5.2572815602775735,-3.1996631313285175,-1.441328819511875,-4.998361791691282,-10.170107336781566,-1.4307634179020692,-3.1124474870793413,-5.689685668234356,-4.835383659435398,-4.436137041774038,0.3558986815020752,-2.0388508532073044,-1.1953071001101092,-6.706318223409483,5.846554698325386,4.250775861217785,0.21220659159335034,8.020820121450418,-1.3567355617362016,-3.3537894347668518,6.866878966702117,1.3430930643886698
0.808123378775222,6.968010403860561,3.6195807760031444,0.21012094861084432,1.106158850795712,-2.183475412857675,4.249114181117714,-3.97111853916698,-5.299789781772767,6.820614729927728,-5.59934766486941,7.1807720082561834,14.016790102550265,-5.932036825461713,-1.792586836567028,-3.0081342200319505,2.2102015185332506,-10.192785161017708,1.4507594344354218,-7.2378209398782225,22.69431153252125,4.11046898188219,6.024422622735465,3.7832268626749754,1.820105238894765,6.490890692303906,11.467006110645805,2.3380182198249226,4.321906137102712,6.487750288393566,4.60126706996669,5.899834597253566,0.4918633415709389,2.569890668595013,0.4969501680773364,8.272437598117259,-6.390409742438804,-3.635207091268825,0.04399325058035905,-8.888219379951009,2.4108114535509553,3.8659727189704736,-7.79648864602233,-1.3037474096182606
-0.7656876322953227,-6.496286339521985,-2.983995334067412,0.06952407386331302,-1.3004631176394568,2.06442152011309,-3.5770524160560533,3.648603115061821,4.81955856568666,-5.59934766486941,4.949918742213851,-6.4222315863338055,-12.493367412443428,5.454595091365872,1.5671141297725772,2.3015149078420354,-1.9181464855639763,9.082270462748538,-1.4872583648432718,6.404382628819671,-19.91642844639863,-3.45567881314563,-5.358128949733699,-3.208097226476237,-1.5009978513092868,-5.3060283766287215,-10.221036584131086,-1.6716625277772295,-3.4303160434347615,-5.688846034116252,-4.573584369394551,-4.831176366160049,-0.02842937783210538,-2.123126037503763,-0.902941423287394,-6.975499258997192,5.734208014489617,3.851658732602697,0.0717391925058632,7.948631878614871,-1.7069378663813126,-3.41465882118594,6.903580183082947,1.2447169369708135
0.9509646396145427,8.936920068594704,3.6398358628015615,-0.20933892064038623,1.9766274199960017,-2.772566254007857,4.730860744226431,-4.9606734608207965,-6.432213475078144,7.1807720082561834,-6.4222315863338055,8.610281288694162,16.579178231810314,-7.400077421223606,-2.139089763674319,-2.675650644777434,2.588893065954031,-12.094639981418252,2.1936314658607756,-8.270321702050296,26.235605970822203,4.539489640214289,6.979194669292533,4.241686048603184,1.913432095782862,6.822973185614121,13.510011123907997,1.9914781527316834,4.300447752639652,7.620811607047192,6.323323847440682,6.010753235992096,-0.3571131840965361,2.7840770957562904,1.4585488160928826,9.009786897273862,-7.797862862603372,-5.431347000920433,-0.2642095461855481,-10.606028447626539,2.062604711547463,4.440922025560311,-9.06510546804115,-1.7150035320550305
1.8323424886558768,17.190069087584686,7.213792252374023,-0.36701772762966095,3.7360917980150026,-5.410580178471694,9.133099082472606,-9.53354547607478,-12.473355043142503,14.016790102550265,-12.493367412443428,16.579178231810314,32.1422079785046,-14.30035917417345,-4.138735885488783,-5.339525447201242,4.961788339840795,-23.463330466166692,4.1940121070918375,-16.160403251198666,50.89832664381541,8.740215958209362,13.556750866503672,8.302607380776044,3.7781091001175096,13.269830488502505,26.209880941530308,3.9724652191436327,8.386393428075516,14.7237127361696,12.118236654023846,11.800882938588119,-0.562653621408567,5.39574396574679,2.719957156313052,17.570234875658578,-15.018690570935812,-10.439057442741664,-0.42624099194524756,-20.5872280072841,3.941466981839205,8.64265962749006,-17.667648845981425,-3.3592920859065303
-0.7626012290577657,-7.961417744252171,-2.9313354475489923,0.3322187328198619,-1.89046865727471,2.46889975431016,-3.9419419807510945,4.316719437254861,5.608119362225872,-5.932036825461713,5.454595091365872,-7.400077421223606,-14.30035917417345,6.60619579820929,1.895073162424282,1.9953678364740803,-2.2100030692826005,10.502288939570342,-2.0892038196785103,7.050748694941412,-22.447366681129655,-3.7514664211488804,-5.897621202069221,-3.7199115323144483,-1.6110378548438058,-5.6296551651033955,-11.634112622048296,-1.4991960218207812,-3.4267148220563772,-6.571266937318711,-5.667452335582567,-4.849602218098263,0.6414242120732339,-2.313767135457123,-1.509658998206108,-7.500123452454817,6.839855165740548,5.072087811980696,0.33346495107693125,9.263750531593525,-1.4268434812948858,-3.7635498747859404,7.779834657957612,1.6004466598075433
-0.1812916498652329,-2.286322542245269,-0.8507614154787714,0.051902886217505904,-0.5144658832671939,0.6997167827327225,-1.182958497855833,1.2353993134965677,1.6004121618678977,-1.792586836567028,1.5671141297725772,-2.139089763674319,-4.138735885488783,1.895073162424282,0.5782432073737679,0.6078905938161944,-0.6445674014424874,3.050270011455711,-0.5998041440660167,2.0287095997462807,-6.532138789462782,-1.1240029878384274,-1.6686395998151393,-1.139989011492626,-0.4914789399187709,-1.7132555763177253,-3.3611452882593658,-0.5042752602544333,-1.0505670187701919,-1.947157735993502,-1.5555681453244552,-1.4493059445441892,0.1573197003890316,-0.7061486551378678,-0.35542179736919977,-2.228258879717532,2.0077240475771085,1.3603685329433688,0.08718663643210217,2.690857697221968,-0.4743422188610101,-1.0755863567353647,2.249372573608347,0.46635336578433323
-0.39244725918554885,-2.2228062246158347,-1.8094891306500698,-0.28005814851172917,-0.0630182601348673,0.7246327648257999,-1.7638989567910823,1.3753088564627176,1.9457633559494005,-3.0081342200319505,2.3015149078420354,-2.675650644777434,-5.339525447201242,1.9953678364740803,0.6078905938161944,1.7131686420930037,-0.838105756747063,3.804055180471316,-0.20413400040542268,3.004127590960488,-8.93527590716432,-1.701731422414048,-2.5189274388198153,-1.3875399635648074,-0.7861219008110791,-2.860239092273977,-4.389116868119229,-1.2146607686109185,-2.0748303045993475,-2.384698559061272,-1.3960395635651766,-2.8168540917614577,-0.7761868506669592,-1.0679368643390859,0.18963122021999648,-3.5753293026605233,2.1898516932367382,0.8203334506803472,-0.23512142368093525,3.210610181836376,-1.3653063276080597,-1.5540177158643447,3.045604394434115,0.34174137953001726
0.2814083426757231,2.660469705307077,1.1067530026226853,-0.03361372117689057,0.552346622103252,-0.7998032732120517,1.459406758193583,-1.4832694259673322,-1.9102802960629564,2.2102015185332506,-1.9181464855639763,2.588893065954031,4.961788339840795,-2.2100030692826005,-0.6445674014424874,-0.838105756747063,0.8026229644771795,-3.617907750778623,0.6353029920461215,-2.4539409842598046,7.901387963129807,1.4016316469778765,2.093513003107005,1.2730708745013575,0.5792989184318491,2.114596417622943,4.03687803788773,0.632825901891648,1.3463458597378293,2.2974042752947232,1.8464848081173841,1.8351437757544113,-0.060192983460888534,0.8640848801753508,0.3962495226719287,2.746456127820525,-2.3378497220636447,-1.5528461220089935,-0.08195690273433358,-3.163729614347588,0.7074594950333839,1.3205535093068312,-2.7025183705492126,-0.48768901694145295
-1.3089485122391111,-12.632352358726022,-5.202176510956407,0.2835227175059254,-2.7812841323675688,3.972654100917535,-6.635439225103782,6.965456042902083,9.12686242411282,-10.192785161017708,9.082270462748538,-12.094639981418252,-23.463330466166692,10.502288939570342,3.050270011455711,3.804055180471316,-3.617907750778623,17.18198013027423,-3.128611093330036,11.780983079040388,-37.134830964132775,-6.3373169007290056,-9.845182634799661,-6.138396884951101,-2.7723401295599723,-9.65243514827848,-19.136552014319964,-2.882729094690637,-6.0482204952298275,-10.784857148624072,-8.867859570247228,-8.525850048991128,0.5057601469726376,-3.9269257089762064,-2.0289991228832527,-12.784044793849684,11.021795719453069,7.706720246266342,0.36390424502571833,15.10220960934876,-2.7721252585257314,-6.30670743351154,12.916162461443086,2.498467478053833
0.16391322204362835,2.6169042225662142,0.5770061303710565,-0.23088452641402415,0.8121731579182117,-0.8181571768684677,1.045412979802559,-1.3619303870120303,-1.6984852175249854,1.4507594344354218,-1.4872583648432718,2.1936314658607756,4.1940121070918375,-2.0892038196785103,-0.5998041440660167,-0.20413400040542268,0.6353029920461215,-3.128611093330036,0.8607099557513571,-1.9125239910031684,6.367786850388317,0.9998373740819929,1.5764405991186246,1.129453339376667,0.4176180139994469,1.363210801911195,3.4098686507447034,0.22660137619176407,0.6957735054896721,1.985106250115454,1.9014650170190215,1.0409433149919745,-0.5967838926316109,0.6208367708741026,0.7020550407596252,1.9201037459102237,-2.150330191151472,-1.8812262785470952,-0.23786178382026166,-2.8456897014326694,0.0837604823423629,1.0612050999075815,-2.2612764364917415,-0.5851251829061924
-0.9899157555239686,-8.399560008364492,-3.903862738608886,0.09117527145870025,-1.6928151228797275,2.694886705885501,-4.606306827402615,4.696383527648797,6.256669071664748,-7.2378209398782225,6.404382628819671,-8.270321702050296,-16.160403251198666,7.050748694941412,2.0287095997462807,3.004127590960488,-2.4539409842598046,11.780983079040388,-1.9125239910031684,8.357077299042519,-25.757940755629782,-4.408861933166597,-6.964905979225366,-4.1786583273258975,-1.9718777225976833,-6.84675167954869,-13.224233720410297,-2.1670251735407744,-4.4086742421300995,-7.338810644895659,-5.920327440963287,-6.264395681640171,-0.05035324812590249,-2.7254931512638403,-1.1889834723835584,-9.060968363978407,7.3918069353645945,5.004327289876461,0.08903870252282178,10.293285526964672,-2.137693280720816,-4.4292631339302195,8.98261045235887,1.626274771631589
2.9382903325443954,26.847291481239665,11.80155298587549,-0.31692820552055817,5.521540936410795,-8.44394529678361,14.636819078229399,-14.962576157893032,-19.660787307872024,22.69431153252125,-19.91642844639863,26.235605970822203,50.89832664381541,-22.447366681129655,-6.532138789462782,-8.93527590716432,7.901387963129807,-37.134830964132775,6.367786850388317,-25.757940755629782,81.04359986749063,14.076760381267773,21.570290858336374,13.290973571892005,6.108170508424154,21.539020069008217,41.57988652754243,6.718288978196388,13.776515922531534,23.39350436619594,18.71963715727603,19.255503562283085,-0.3397556023305871,8.69534189532598,3.8302366274304167,28.257458026512374,-23.681063542178048,-15.903834485911464,-0.5236896060649315,-32.57656556779385,6.7804047254229785,13.785016130754379,-28.08119165124242,-5.184397413647325
0.500864881777813,4.482516504327741,2.1099823060580696,0.06223149865470678,0.8049384300297413,-1.3739305910908903,2.6318922100066326,-2.5536392025877817,-3.308216770579983,4.11046898188219,-3.45567881314563,4.539489640214289,8.740215958209362,-3.7514664211488804,-1.1240029878384274,-1.701731422414048,1.4016316469778765,-6.3373169007290056,0.9998373740819929,-4.408861933166597,14.076760381267773,2.588001262596291,3.7057064125298895,2.3054944036036122,1.077423542322868,3.939961966571935,7.15489652036801,1.325949322274392,2.589635566964613,4.085030292666758,3.0221783102839552,3.511898437750117,0.1370333516067304,1.5950671800353244,0.4497458493955687,5.0247352999084605,-4.057037712131703,-2.427602360345951,-0.04390732667828875,-5.556773704579455,1.4712219514820746,2.3802944171499365,-4.811301721004954,-0.8134570126322919
0.8741370461045548,7.059891715028955,3.276204105580542,-0.10849486506154445,1.449232320034866,-2.2437493365076104,3.9055132827444434,-3.975428622977539,-5.2572815602775735,6.024422622735465,-5.358128949733699,6.979194669292533,13.556750866503672,-5.897621202069221,-1.6686395998151393,-2.5189274388198153,2.093513003107005,-9.845182634799661,1.5764405991186246,-6.964905979225366,21.570290858336374,3.7057064125298895,5.929092817008637,3.360010705886644,1.608557523229893,5.689116577691266,11.056985583647371,1.7321341398340224,3.6858020874575144,6.097722243285007,5.072134405622086,5.209573326474471,0.03778466919791829,2.272878655600516,1.090153041296506,7.594151218907633,-6.166573315342774,-4.244210691052007,-0.08775176745544691,-8.544776460757937,1.8390835763484858,3.6950212526149415,-7.5036780337979305,-1.308082056547726
0.384119161800719,4.40663658244527,1.8866930955824905,0.008346834799899684,0.8767583563272636,-1.4082210656293792,2.368425770923868,-2.4002338233170604,-3.1996631313285175,3.7832268626749754,-3.208097226476237,4.241686048603184,8.302607380776044,-3.7199115323144483,-1.139989011492626,-1.3875399635648074,1.2730708745013575,-6.138396884951101,1.129453339376667,-4.1786583273258975,13.290973571892005,2.3054944036036122,3.360010705886644,2.4299668793116274,1.0629263669219127,3.5991016088467584,6.820671779356761,1.2290787641044998,2.2630579932237995,3.948002813653644,2.892414301083273,3.143400081523735,-0.11696145245792017,1.4545049394051122,0.49420895004467047,4.615643146533218,-3.978646010281971,-2.5369343701822697,-0.10794260920174356,-5.483440011266487,1.0379755418523449,2.2599356074991204,-4.637924382172332,-0.9375223827441782
0.20579206021809873,1.9017559930252836,0.9703416629473526,0.051053161825851616,0.3210614246554708,-0.6124271989493919,1.1193223861260155,-1.0665799017112434,-1.441328819511875,1.820105238894765,-1.5009978513092868,1.913432095782862,3.7781091001175096,-1.6110378548438058,-0.4914789399187709,-0.7861219008110791,0.5792989184318491,-2.7723401295599723,0.4176180139994469,-1.9718777225976833,6.108170508424154,1.077423542322868,1.608557523229893,1.0629263669219127,0.509162117762111,1.7273449906323435,3.103360072420489,0.6305830575735341,1.1262624268556878,1.7608304743137448,1.2428985768775076,1.569584717936714,0.10114246777647319,0.6866730102345691,0.15250365268672395,2.2267747373781135,-1.728732764251527,-1.0195499584688597,-0.0016654968144772663,-2.436215694844462,0.5872216715126007,1.0503852624047854,-2.136084323059473,-0.37669596563782726
0.754179013882859,6.620544287752815,3.4131260328616415,0.21584121038585774,1.0261118869825323,-2.030894807428684,4.0576641194994805,-3.767411668077368,-4.998361791691282,6.490890692303906,-5.3060283766287215,6.822973185614121,13.269830488502505,-5.6296551651033955,-1.7132555763177253,-2.860239092273977,2.114596417622943,-9.65243514827848,1.363210801911195,-6.84675167954869,21.539020069008217,3.939961966571935,5.689116577691266,3.5991016088467584,1.7273449906323435,6.225046568930075,10.861239053586505,2.226745928233039,4.139455448665167,6.184538771395971,4.336457010058298,5.610333788197799,0.4932030733033897,2.462796534019203,0.4503255645942299,7.860803596928143,-6.081039612940577,-3.383401249378165,0.026898765806803837,-8.409633894673012,2.3849832936143383,3.6410620079642873,-7.351831430154725,-1.2082988203121223
1.5138406532086932,13.971191426430119,5.937790773856485,-0.2701342427483016,3.0081732226439306,-4.424057050939636,7.425560932590909,-7.7597157057712955,-10.170107336781566,11.467006110645805,-10.221036584131086,13.510011123907997,26.209880941530308,-11.634112622048296,-3.3611452882593658,-4.389116868119229,4.03687803788773,-19.136552014319964,3.4098686507447034,-13.224233720410297,41.57988652754243,7.15489652036801,11.056985583647371,6.820671779356761,3.103360072420489,10.861239053586505,21.42697667083183,3.2972981050986956,6.8767293571700705,12.035415633975797,9.830245835803,9.697814585949576,-0.40511788097996687,4.412482701055122,2.1677475825713044,14.360562412494335,-12.232886694682835,-8.483069985938709,-0.3348694922251389,-16.838645886078012,3.242830868504237,7.098086857919876,-14.467078111422413,-2.7367278438508382
0.22378191691660723,1.6631395214713125,1.2899983451727877,0.28493028513513996,0.023529333273947427,-0.5467286874717707,1.3254122912183897,-1.0108147905317135,-1.4307634179020692,2.3380182198249226,-1.6716625277772295,1.9914781527316834,3.9724652191436327,-1.4991960218207812,-0.5042752602544333,-1.2146607686109185,0.632825901891648,-2.882729094690637,0.22660137619176407,-2.1670251735407744,6.718288978196388,1.325949322274392,1.7321341398340224,1.2290787641044998,0.6305830575735341,2.226745928233039,3.2972981050986956,1.0499137966784162,1.584807788358721,1.9048861025432537,0.8764552814041612,2.102568991582061,0.5346575847178696,0.8493803791605681,-0.2871970740099205,2.676412624464438,-1.7348763859723748,-0.5202048122631724,0.1427518528102206,-2.526879103080703,1.0127711697969395,1.1837358771134683,-2.302045146973529,-0.3147752731088434
0.5112895799247803,3.951930560847312,2.3687894066961515,0.24771348525390466,0.4514318677910653,-1.2286325832730638,2.6531285792344326,-2.3103309758077457,-3.1124474870793413,4.321906137102712,-3.4303160434347615,4.300447752639652,8.386393428075516,-3.4267148220563772,-1.0505670187701919,-2.0748303045993475,1.3463458597378293,-6.0482204952298275,0.6957735054896721,-4.4086742421300995,13.776515922531534,2.589635566964613,3.6858020874575144,2.2630579932237995,1.1262624268556878,4.139455448665167,6.8767293571700705,1.584807788358721,2.8608181644980486,3.8844569765537322,2.5419771286562463,3.8358054900195833,0.599102711864808,1.6071741169327358,0.060702800170706554,5.161854469007981,-3.7473894184030367,-1.8303762725491086,0.13592055471710282,-5.232924609598002,1.7598621207385734,2.338979979549765,-4.67313642505718,-0.6855186041294578
0.7790285633332964,7.924910343818208,3.2379674670092258,-0.1130575361887017,1.7062478918064916,-2.466427254109555,4.2205992266560886,-4.379603880316121,-5.689685668234356,6.487750288393566,-5.688846034116252,7.620811607047192,14.7237127361696,-6.571266937318711,-1.947157735993502,-2.384698559061272,2.2974042752947232,-10.784857148624072,1.985106250115454,-7.338810644895659,23.39350436619594,4.085030292666758,6.097722243285007,3.948002813653644,1.7608304743137448,6.184538771395971,12.035415633975797,1.9048861025432537,3.8844569765537322,6.880364436266382,5.4565409317811415,5.401409303844104,-0.30145756257730244,2.5330187074824373,1.16158658338984,8.071806521810096,-6.986066589800082,-4.705192313702126,-0.24079405604499096,-9.526561267051465,1.875438970565439,3.9573208138459868,-8.103188684189819,-1.5606409711772988
0.7142950493146997,6.989502092255065,2.2858225219000317,-0.5038156241548064,1.910835970962728,-2.1852566783194707,3.2186311102872374,-3.787931531361175,-4.835383659435398,4.60126706996669,-4.573584369394551,6.323323847440682,12.118236654023846,-5.667452335582567,-1.5555681453244552,-1.3960395635651766,1.8464848081173841,-8.867859570247228,1.9014650170190215,-5.920327440963287,18.71963715727603,3.0221783102839552,5.072134405622086,2.892414301083273,1.2428985768775076,4.336457010058298,9.830245835803,0.8764552814041612,2.5419771286562463,5.4565409317811415,5.278755752934891,3.736096251931022,-0.8808768663431211,1.8247946113882685,1.7329673669367989,6.071617453268923,-5.788442766941642,-4.810354934740383,-0.38665491467413576,-7.785974362180602,0.8918065168000072,3.1553957952723275,-6.556889296982353,-1.3716582878328365
0.7508345162030258,5.627313648149277,3.2974478274271877,0.25608048265599853,0.7560100384485862,-1.810473319981991,3.608257774142336,-3.269029979166535,-4.436137041774038,5.899834597253566,-4.831176366160049,6.010753235992096,11.800882938588119,-4.849602218098263,-1.4493059445441892,-2.8168540917614577,1.8351437757544113,-8.525850048991128,1.0409433149919745,-6.264395681640171,19.255503562283085,3.511898437750117,5.209573326474471,3.143400081523735,1.569584717936714,5.610333788197799,9.697814585949576,2.102568991582061,3.8358054900195833,5.401409303844104,3.736096251931022,5.272774904392237,0.7148193127554887,2.1800970930830825,0.2546447787117811,7.144162047090254,-5.23356789660415,-2.8282417601870224,0.16907403443878574,-7.399547452988347,2.2219648052276555,3.32147485168135,-6.629667881412838,-1.0199116815028382
0.07071218509746476,-0.9720250570091552,0.52199657473179,0.3772287269471976,-0.6747608613813787,0.28953907759050684,0.1015361873993683,0.38763564572217374,0.3558986815020752,0.4918633415709389,-0.02842937783210538,-0.3571131840965361,-0.562653621408567,0.6414242120732339,0.1573197003890316,-0.7761868506669592,-0.060192983460888534,0.5057601469726376,-0.5967838926316109,-0.05035324812590249,-0.3397556023305871,0.1370333516067304,0.03778466919791829,-0.11696145245792017,0.10114246777647319,0.4932030733033897,-0.40511788097996687,0.5346575847178696,0.599102711864808,-0.30145756257730244,-0.8808768663431211,0.7148193127554887,0.9458872951148448,0.09404874601917168,-0.7453976163594997,0.3853451254303964,0.5667765490961438,1.1617841031326925,0.32236285498708256,0.5610691863483396,0.7188651949227775,-0.012939674831942286,0.1923111142446861,0.29600529982507473
0.28874220968107034,2.76940881230707,1.3063483479865485,0.05638830091167831,0.4886219639150809,-0.8452837320494273,1.6361423128763857,-1.5693800337864499,-2.0388508532073044,2.569890668595013,-2.123126037503763,2.7840770957562904,5.39574396574679,-2.313767135457123,-0.7061486551378678,-1.0679368643390859,0.8640848801753508,-3.9269257089762064,0.6208367708741026,-2.7254931512638403,8.69534189532598,1.5950671800353244,2.272878655600516,1.4545049394051122,0.6866730102345691,2.462796534019203,4.412482701055122,0.8493803791605681,1.6071741169327358,2.5330187074824373,1.8247946113882685,2.1800970930830825,0.09404874601917168,1.0033140810240366,0.25436901005436735,3.138536780074244,-2.502989999888596,-1.4645974734237763,-0.029735678812631238,-3.4430120851365436,0.9110305178568271,1.4626143993794039,-2.980448687627956,-0.5102322473012633
0.16358311886610183,1.9975707602007515,0.16091794658913902,-0.4013449149577332,0.8345186341710085,-0.6123035685725713,0.5385099536296746,-1.0033418541234813,-1.1953071001101092,0.4969501680773364,-0.902941423287394,1.4585488160928826,2.719957156313052,-1.509658998206108,-0.35542179736919977,0.18963122021999648,0.3962495226719287,-2.0289991228832527,0.7020550407596252,-1.1889834723835584,3.8302366274304167,0.4497458493955687,1.090153041296506,0.49420895004467047,0.15250365268672395,0.4503255645942299,2.1677475825713044,-0.2871970740099205,0.060702800170706554,1.16158658338984,1.7329673669367989,0.2546447787117811,-0.7453976163594997,0.25436901005436735,0.9592419122433072,0.9372788191486107,-1.4051722600382046,-1.787557275276425,-0.2849389387455174,-1.798355694990156,-0.2945708596961875,0.6224891731424012,-1.4074823208580873,-0.4045206082984014
1.0381779856119686,8.921773460706035,4.41545344774405,0.11870762965080005,1.5975225204841352,-2.8085917170148376,5.241086472999645,-5.055646058428979,-6.706318223409483,8.272437598117259,-6.975499258997192,9.009786897273862,17.570234875658578,-7.500123452454817,-2.228258879717532,-3.5753293026605233,2.746456127820525,-12.784044793849684,1.9201037459102237,-9.060968363978407,28.257458026512374,5.0247352999084605,7.594151218907633,4.615643146533218,2.2267747373781135,7.860803596928143,14.360562412494335,2.676412624464438,5.161854469007981,8.071806521810096,6.071617453268923,7.144162047090254,0.3853451254303964,3.138536780074244,0.9372788191486107,10.209889459931835,-8.007765955228994,-4.905604593530138,-0.026921999290428805,-11.127370872462327,2.787053339973541,4.815874740332644,-9.778803831530931,-1.6575385649298764
-0.7752345951814096,-8.271327576382879,-3.120559997617934,0.2435967246338576,-1.9070567060814385,2.5596218764938055,-4.229824431472871,4.519307071235327,5.846554698325386,-6.390409742438804,5.734208014489617,-7.797862862603372,-15.018690570935812,6.839855165740548,2.0077240475771085,2.1898516932367382,-2.3378497220636447,11.021795719453069,-2.150330191151472,7.3918069353645945,-23.681063542178048,-4.057037712131703,-6.166573315342774,-3.978646010281971,-1.728732764251527,-6.081039612940577,-12.232886694682835,-1.7348763859723748,-3.7473894184030367,-6.986066589800082,-5.788442766941642,-5.23356789660415,0.5667765490961438,-2.502989999888596,-1.4051722600382046,-8.007765955228994,7.20834435226096,5.093944119416,0.3231522362526855,9.732274466283359,-1.6752257117972826,-3.9767051356690977,8.191787749719717,1.65281222202345
-0.5895507177754339,-6.28587777500587,-1.728890197097516,0.5998970157402812,-1.8968000637878561,2.004753181715132,-2.585458925242838,3.3324365878356956,4.250775861217785,-3.635207091268825,3.851658732602697,-5.431347000920433,-10.439057442741664,5.072087811980696,1.3603685329433688,0.8203334506803472,-1.5528461220089935,7.706720246266342,-1.8812262785470952,5.004327289876461,-15.903834485911464,-2.427602360345951,-4.244210691052007,-2.5369343701822697,-1.0195499584688597,-3.383401249378165,-8.483069985938709,-0.5202048122631724,-1.8303762725491086,-4.705192313702126,-4.810354934740383,-2.8282417601870224,1.1617841031326925,-1.4645974734237763,-1.787557275276425,-4.905604593530138,5.093944119416,4.635912221305564,0.46534925988207715,6.870575580082218,-0.31759356236577935,-2.7102358080388127,5.663342890337112,1.3254180425365432
0.003594262374365685,-0.4948454708139953,0.1475410628889865,0.11826986756758448,-0.26382722077839715,0.11606048201575958,-0.051155338390762035,0.2205241171394398,0.21220659159335034,0.04399325058035905,0.0717391925058632,-0.2642095461855481,-0.42624099194524756,0.33346495107693125,0.08718663643210217,-0.23512142368093525,-0.08195690273433358,0.36390424502571833,-0.23786178382026166,0.08903870252282178,-0.5236896060649315,-0.04390732667828875,-0.08775176745544691,-0.10794260920174356,-0.0016654968144772663,0.026898765806803837,-0.3348694922251389,0.1427518528102206,0.13592055471710282,-0.24079405604499096,-0.38665491467413576,0.16907403443878574,0.32236285498708256,-0.029735678812631238,-0.2849389387455174,-0.026921999290428805,0.3231522362526855,0.46534925988207715,0.1563384909990504,0.3601503332991585,0.16833510410399147,-0.07417466781043194,0.1971827074861588,0.10722381011683248
-1.127646015482536,-11.143283314853893,-4.495440762997384,0.2647130761426172,-2.4871605022726864,3.53291859806731,-5.75591126295783,6.127466633303487,8.020820121450418,-8.888219379951009,7.948631878614871,-10.606028447626539,-20.5872280072841,9.263750531593525,2.690857697221968,3.210610181836376,-3.163729614347588,15.10220960934876,-2.8456897014326694,10.293285526964672,-32.57656556779385,-5.556773704579455,-8.544776460757937,-5.483440011266487,-2.436215694844462,-8.409633894673012,-16.838645886078012,-2.526879103080703,-5.232924609598002,-9.526561267051465,-7.785974362180602,-7.399547452988347,0.5610691863483396,-3.4430120851365436,-1.798355694990156,-11.127370872462327,9.732274466283359,6.870575580082218,0.3601503332991585,13.37413789120347,-2.32479733586157,-5.561863557255024,11.374166837876826,2.251168477607338
0.27118875628058586,1.6057439951526027,1.3495572879488713,0.3079592575577353,-0.07349693196984514,-0.42199099408483537,1.4631646227168575,-1.0351376289188827,-1.3567355617362016,2.4108114535509553,-1.7069378663813126,2.062604711547463,3.941466981839205,-1.4268434812948858,-0.4743422188610101,-1.3653063276080597,0.7074594950333839,-2.7721252585257314,0.0837604823423629,-2.137693280720816,6.7804047254229785,1.4712219514820746,1.8390835763484858,1.0379755418523449,0.5872216715126007,2.3849832936143383,3.242830868504237,1.0127711697969395,1.7598621207385734,1.875438970565439,0.8918065168000072,2.2219648052276555,0.7188651949227775,0.9110305178568271,-0.2945708596961875,2.787053339973541,-1.6752257117972826,-0.31759356236577935,0.16833510410399147,-2.32479733586157,1.4040506964664095,1.1123124745677957,-2.1783616642770633,-0.14513818222010358
0.5414381065977985,4.497591193126667,2.0574524917437547,-0.03693412168106004,0.9239784592483423,-1.4572813554730284,2.4454381018747693,-2.5292265594372894,-3.3537894347668518,3.8659727189704736,-3.41465882118594,4.440922025560311,8.64265962749006,-3.7635498747859404,-1.0755863567353647,-1.5540177158643447,1.3205535093068312,-6.30670743351154,1.0612050999075815,-4.4292631339302195,13.785016130754379,2.3802944171499365,3.6950212526149415,2.2599356074991204,1.0503852624047854,3.6410620079642873,7.098086857919876,1.1837358771134683,2.338979979549765,3.9573208138459868,3.1553957952723275,3.32147485168135,-0.012939674831942286,1.4626143993794039,0.6224891731424012,4.815874740332644,-3.9767051356690977,-2.7102358080388127,-0.07417466781043194,-5.561863557255024,1.1123124745677957,2.4102153786261034,-4.832957860379646,-0.8861756097243033
-1.034336882998212,-9.3351045198005,-4.111715711130385,0.14044176855547766,-1.98555245771498,3.010364130242427,-5.0063676858411155,5.1961388188874675,6.866878966702117,-7.79648864602233,6.903580183082947,-9.06510546804115,-17.667648845981425,7.779834657957612,2.249372573608347,3.045604394434115,-2.7025183705492126,12.916162461443086,-2.2612764364917415,8.98261045235887,-28.08119165124242,-4.811301721004954,-7.5036780337979305,-4.637924382172332,-2.136084323059473,-7.351831430154725,-14.467078111422413,-2.302045146973529,-4.67313642505718,-8.103188684189819,-6.556889296982353,-6.629667881412838,0.1923111142446861,-2.980448687627956,-1.4074823208580873,-9.778803831530931,8.191787749719717,5.663342890337112,0.1971827074861588,11.374166837876826,-2.1783616642770633,-4.832957860379646,9.852712034226167,1.8446510823550215
-0.14404948621741806,-1.9394298670432695,-0.6038392846422388,0.11515468990964331,-0.5261967654327926,0.6355381293445547,-0.8590602284506615,1.0226264913305612,1.3430930643886698,-1.3037474096182606,1.2447169369708135,-1.7150035320550305,-3.3592920859065303,1.6004466598075433,0.46635336578433323,0.34174137953001726,-0.48768901694145295,2.498467478053833,-0.5851251829061924,1.626274771631589,-5.184397413647325,-0.8134570126322919,-1.308082056547726,-0.9375223827441782,-0.37669596563782726,-1.2082988203121223,-2.7367278438508382,-0.3147752731088434,-0.6855186041294578,-1.5606409711772988,-1.3716582878328365,-1.0199116815028382,0.29600529982507473,-0.5102322473012633,-0.4045206082984014,-1.6575385649298764,1.65281222202345,1.3254180425365432,0.10722381011683248,2.251168477607338,-0.14513818222010358,-0.8861756097243033,1.8446510823550215,0.4544891869017531
