V1,V2,V3,V4,V5,V6,V7,V8,V9,V10,V11,V12,V13,V14,V15,V16,V17,V18,V19,V20,V21,V22,V23,V24,V25,V26,V27,V28,V29,V30,V31,V32,V33,V34,V35,V36,V37,V38,V39,V40,V41,V42,V43,V44
17.1959817823414,5.6701540418241905,-13.64374031822604,4.788225358474148,3.4230241547578517,10.240646897445112,-3.339477345279759,2.955336965799252,-4.982009957312245,-4.1456111631618136,-1.5968839062044053,16.47693365564884,-5.877782387436237,-1.014667665006394,1.973987511685365,6.76248411889934,1.230671161337829,-11.638818310728853,-10.812096665472476,-10.406744045307205,4.620186135960279,-4.5458211163392255,5.986433609038575,-0.020045874052525944,-1.7902867554358348,5.732918921156704,-3.6289678865848773,2.2334028109076387,-2.411402797095578,5.223571462248167,8.049049964605658,-4.87077495114885,4.609384211648649,-14.906713308338526,-1.8314646123688352,-8.323387016297918,-15.467929197700391,-4.760535921111126,-15.980350852904284,1.7665099696829596,-1.1770849003474309,15.996576824138714,6.9594801737135175,2.8841961402206806
5.6701540418241905,1.963652157608353,-4.492021438912622,1.6806163523559718,1.0438259833567718,3.181740520914214,-1.0488953118444626,1.1115807149037442,-1.534014712101702,-1.2537486465499843,-0.47949039460622234,5.302414446529013,-1.7329546777338662,-0.26691148198368436,0.6594626823626284,2.180174173626989,0.11419104174202671,-3.84884047304034,-3.6470987025957147,-3.1492237281515703,1.5485904470817897,-1.4275728773883727,1.7936591242902375,-0.14150121402313812,-0.3598327933643419,1.8373603038266464,-1.1555748585216377,0.7571378386374933,-0.7279994136064848,1.7721694285051237,2.6613817056177296,-1.6991103574263744,1.4917892230821834,-4.755297207688485,-0.5758064679843283,-2.692839390129214,-5.233155825462343,-1.5609536329208917,-5.2955330812012615,0.5853106966633745,-0.3794622363898106,5.11929141634637,2.302043528723981,0.6641731785446604
-13.64374031822604,-4.492021438912622,10.952185824479889,-3.8596189825539287,-3.273918132577169,-8.66794106812389,2.9337750068772137,-1.920507221338651,4.0605994078540375,3.1778105514234687,1.4068784121854276,-13.779013464534565,5.074439142236184,1.0392011736625915,-1.693586136139022,-5.975621650738816,-1.1760516772319836,9.128426316388824,8.849056110513942,8.663414060830188,-3.8328463363498484,3.8015197084215337,-5.193446872441129,-0.33796147612717675,1.722292956059151,-4.958855900093268,2.9636364741006287,-1.865838416424686,1.8965263507125063,-4.16617458207002,-6.5487567535860745,4.026022393001866,-3.889651161339941,11.974891141659823,1.4168369861268115,7.025254055279281,12.529515598192773,3.5220568163817356,12.963296672746614,-1.3306261262668808,1.2297004998700158,-12.953976663921802,-6.148231166655983,-2.500159627037231
4.788225358474148,1.6806163523559718,-3.8596189825539287,1.5819663010398874,1.3766939467636012,3.1067369096560773,-1.145381809181825,0.6002058001596499,-1.3350819723267011,-0.8372958819087627,-0.5170653810500611,5.097305117018511,-1.7093458029492685,-0.3819851342091111,0.7216907721556244,2.427694947418794,0.1268444151542519,-3.1497748244252937,-3.34523803046914,-2.865418051215948,1.4641786692102166,-1.3900900560578737,1.8619438468177225,0.143005663211576,-0.47528537583703745,1.9257585233080166,-1.0045050578890278,0.7328764511285449,-0.5072228516597361,1.571835788568074,2.4375173891200865,-1.6381031909456771,1.4656536159486961,-4.032552666213393,-0.42126952956110925,-2.630776615904236,-4.73026257104388,-1.0543742242435055,-4.746162617828277,0.3963731943525591,-0.6379568071275055,4.461110853087847,2.5697647309324587,0.5653764761566732
3.4230241547578517,1.0438259833567718,-3.273918132577169,1.3766939467636012,3.6806227018888737,4.936244375485987,-2.204293454899896,-1.6781291953118511,-1.5494805165215502,-0.10770483484571686,-1.070264981837015,7.048226412288474,-3.266027663530966,-1.3816114249523308,1.1479173998192913,4.655929004850655,1.3002493874354315,-1.7386034306754061,-3.5155520024092644,-4.156036014222232,1.7705793484949848,-2.022728460163997,3.590660259840861,1.8678466445316289,-1.9705234503664457,3.3467277838227574,-1.1019371719546265,0.9206286213359197,-0.26185996684479496,1.210899999442086,2.5339739904974476,-1.8353428931338185,2.1413764420625454,-3.66402158756227,-0.13534102543875948,-3.8568841191887944,-4.426322931066149,0.4498563124605667,-4.654763645368777,-0.11212239878152479,-1.8958304327188782,4.503043177224373,4.760422820557855,1.5999563751447352
10.240646897445112,3.181740520914214,-8.66794106812389,3.1067369096560773,4.936244375485987,9.054860354412744,-3.4922760488521383,-0.5319891659891082,-3.6322338200435227,-1.966039749452234,-1.7141794416581562,13.504590579860421,-5.736602216947035,-1.796974561990427,1.864268985768656,7.1734947619378735,2.0996982218440596,-6.380847043399533,-7.608645248864945,-8.522746125506096,3.516816545003271,-3.8335073216045306,6.035444782760483,1.912615012170663,-2.8749510073782227,5.536715646592753,-2.5765461479129557,1.7533012379926085,-1.33799050945019,3.201558428881635,5.645452209343047,-3.580762520513403,3.9295804355066277,-9.749012630431162,-0.9177610385737662,-7.082243834477264,-10.299816189230533,-1.5513192287178017,-10.866554993202776,0.6346634523119152,-2.2503788962245967,10.974280381280806,7.280920937818657,3.0633304689145686
-3.339477345279759,-1.0488953118444626,2.9337750068772137,-1.145381809181825,-2.204293454899896,-3.4922760488521383,1.446574655645842,0.6016620774681357,1.2640527584080952,0.4461870926272911,0.7004537255664951,-5.151837947489959,2.2346708691551225,0.8036809154609419,-0.7756226396052286,-3.01823843032628,-0.8051154060385733,1.9635998255736913,2.7866699181536023,3.115759453219856,-1.3311667440098305,1.4641761763174514,-2.4114192179727416,-0.9685768360310151,1.1982852222030094,-2.2490297244203714,0.9014395198312747,-0.6789472336993626,0.36132359622405974,-1.102069847823255,-2.0421735400427345,1.3778751718550484,-1.5291395508618861,3.265241987365119,0.24017092012169694,2.7487181021603844,3.685657729030215,0.21078224184085612,3.8611036513183556,-0.11021165796743429,1.083194111178665,-3.7992264096390835,-3.086079990819184,-1.1097711585215977
2.955336965799252,1.1115807149037442,-1.920507221338651,0.6002058001596499,-1.6781291953118511,-0.5319891659891082,0.6016620774681357,2.2885016999056376,-0.3528795873463336,-1.1334604115443492,0.3173581333784521,-0.05239576897287505,0.7109963169447617,0.7516085203372934,-0.20632465519377058,-1.3077455790013501,-0.8087178468801703,-2.4323174420274603,-0.9229873966526636,-0.012096359425242424,0.18689780805195402,0.09371352277451606,-0.8838286128875916,-1.493569289374695,1.0733272383570198,-0.677347545422781,-0.305184861060975,0.04678440163856931,-0.5069479788684083,0.8153665865704968,0.7096928887434504,-0.2833723985036842,-0.1352806822992687,-1.908283236243258,-0.4565524418177905,0.23256069960092884,-1.776207422982581,-1.8316529958715697,-1.6783604205764928,0.6338202150030954,1.0186782653637474,1.6402400697539112,-1.2770712177578538,-0.5071350846886106
-4.982009957312245,-1.534014712101702,4.0605994078540375,-1.3350819723267011,-1.5494805165215502,-3.6322338200435227,1.2640527584080952,-0.3528795873463336,1.6506224976124895,1.2257647577068178,0.6315573407886366,-5.5097303437843905,2.264908407428243,0.5581168962415614,-0.6751095681194801,-2.527633011623444,-0.8384508195099045,3.2714138405967095,3.2656467326466587,3.657391779323964,-1.4494541510374708,1.5612031818167327,-2.302906631405284,-0.43602241859002966,1.0217118053960075,-2.062342546244667,1.1626852242414,-0.703565814478253,0.7518515828799447,-1.4815776131484986,-2.463718715669163,1.4442112186053986,-1.5619746750552375,4.611954949564856,0.5285328137592646,2.818620646457238,4.553470213779865,1.174494430781196,4.839680294644034,-0.4488486154153486,0.6016032317093757,-5.020580121363626,-2.5362432734053026,-1.3187237365577575
-4.1456111631618136,-1.2537486465499843,3.1778105514234687,-0.8372958819087627,-0.10770483484571686,-1.966039749452234,0.4461870926272911,-1.1334604115443492,1.2257647577068178,1.4298411128839406,0.24864522573583145,-3.1190967989905842,1.1891747507150794,0.03988488247694973,-0.22635681245411626,-0.7584383454331145,-0.48045870772769955,2.956309595327074,2.111059731014845,2.4069202691335136,-0.8438452210953049,0.8720969596474628,-1.0486971732012087,0.3086301643101386,0.35147885464324263,-0.8380850894031387,0.855083063346712,-0.37795515968301086,0.7936845092415998,-1.1122440278224641,-1.644989858367554,0.7736945789553001,-0.817228074987063,3.6890599524752425,0.5619359120547146,1.484620904681576,3.1379413233365168,1.5697684206714888,3.4056008870325036,-0.582183322357445,-0.20053813802558448,-3.7648785495409984,-0.6992220330026854,-0.9092555378881264
-1.5968839062044053,-0.47949039460622234,1.4068784121854276,-0.5170653810500611,-1.070264981837015,-1.7141794416581562,0.7004537255664951,0.3173581333784521,0.6315573407886366,0.24864522573583145,0.3460758575671443,-2.4889666632153884,1.1196767924369793,0.40112205219970654,-0.3648020819324201,-1.4477210304211987,-0.45905774543369543,0.9380272670468695,1.311632217569501,1.5608046727949783,-0.6291757045054721,0.7141842963429842,-1.1933671249839177,-0.4945912327427632,0.6290617746266142,-1.0839993447112806,0.44265780858278886,-0.318716010835721,0.19440579124965238,-0.5115889573704713,-0.9710875086378994,0.6330371270700452,-0.7364234683975496,1.6048982273662915,0.12315860229697145,1.3253394024013458,1.7260557126616594,0.10671482626771224,1.8371311940696702,-0.05558274272653931,0.5138483933417415,-1.8569522416700084,-1.4656282473400781,-0.6064146682035241
16.47693365564884,5.302414446529013,-13.779013464534565,5.097305117018511,7.048226412288474,13.504590579860421,-5.151837947489959,-0.05239576897287505,-5.5097303437843905,-3.1190967989905842,-2.4889666632153884,20.572658174661857,-8.331891024051718,-2.4663056897747624,2.8439289742227256,10.646301420134,2.5905528579728982,-10.428442075014416,-12.038661064207565,-12.680955849681897,5.487734684811051,-5.776348821053148,8.801823713757656,2.3717883774987416,-3.815560273188704,8.271925159928513,-3.9680422918725777,2.7395804487274793,-2.0676169148332915,5.209870775732917,8.87785567737672,-5.712488836016974,5.971900285974444,-15.213329168000389,-1.4777152345505342,-10.752616833636296,-16.47832170031536,-2.82145831400245,-17.166125588089127,1.1337006612266873,-3.208259392853309,17.044202872081563,10.904395159012209,4.144333523067693
-5.877782387436237,-1.7329546777338662,5.074439142236184,-1.7093458029492685,-3.266027663530966,-5.736602216947035,2.2346708691551225,0.7109963169447617,2.264908407428243,1.1891747507150794,1.1196767924369793,-8.331891024051718,3.772033826505597,1.2529228461273618,-1.1357828248934365,-4.547704334110907,-1.6285353201054287,3.5862359886029727,4.462167283891397,5.444539145151644,-2.103002396427978,2.386520474747824,-3.9238250288248206,-1.4603202416580492,2.074987102522303,-3.4878809251579708,1.5809676185157482,-1.0489178083753965,0.8409651875174394,-1.795921416024629,-3.3283182423569664,2.0599740797529007,-2.4346965789114123,5.862358256871706,0.5356243561602305,4.389183702964744,5.943094858724971,0.7439424167877753,6.396699595012,-0.33036490493804804,1.4762081191005267,-6.63357421019297,-4.563731023732406,-2.1959011435500093
-1.014667665006394,-0.26691148198368436,1.0392011736625915,-0.3819851342091111,-1.3816114249523308,-1.796974561990427,0.8036809154609419,0.7516085203372934,0.5581168962415614,0.03988488247694973,0.40112205219970654,-2.4663056897747624,1.2529228461273618,0.5518046595416266,-0.38823959404625635,-1.67476255050222,-0.6078348589722345,0.4627548657991585,1.133420875896336,1.54835411581492,-0.5919003963715513,0.7145106125530332,-1.34425315822263,-0.7756418732267689,0.8240940603146024,-1.2008152609722322,0.38823424103929416,-0.30713237566460144,0.10859553095255581,-0.3420077156908968,-0.8167840746294899,0.575799777307187,-0.7528739033979114,1.230508522688716,0.03893126508760498,1.3603143533572652,1.369463554957978,-0.24303249807300042,1.4986236620303848,0.06253141602854279,0.6945830464696057,-1.5277092097246026,-1.688887220605759,-0.7060498286981692
1.973987511685365,0.6594626823626284,-1.693586136139022,0.7216907721556244,1.1479173998192913,1.864268985768656,-0.7756226396052286,-0.20632465519377058,-0.6751095681194801,-0.22635681245411626,-0.3648020819324201,2.8439289742227256,-1.1357828248934365,-0.38823959404625635,0.4449813208351733,1.6402577083044194,0.30291286490876534,-1.1876086485044879,-1.6183838419374537,-1.624159989860684,0.7591144969643985,-0.8004929597309033,1.2560741924707048,0.43743889331521246,-0.54390427578509,1.2214969502903792,-0.4904575069298852,0.38999357108798,-0.1760491334254972,0.6755407183463,1.183139394300591,-0.8206087611643704,0.8436527691495083,-1.8203298842470577,-0.13369407034613243,-1.5095850144472323,-2.183453593403191,-0.17182972726205023,-2.233182570405783,0.07689230353315529,-0.5819597479783611,2.11688135112412,1.7012867199883654,0.4748117612791619
6.76248411889934,2.180174173626989,-5.975621650738816,2.427694947418794,4.655929004850655,7.1734947619378735,-3.01823843032628,-1.3077455790013501,-2.527633011623444,-0.7584383454331145,-1.4477210304211987,10.646301420134,-4.547704334110907,-1.67476255050222,1.6402577083044194,6.3511176729080185,1.51320533407289,-3.9353489036658793,-5.8103040415957,-6.277281615661257,2.780674262237142,-3.0109108743690496,4.954632371910876,2.0195119191477757,-2.396836421956736,4.699502115323039,-1.8241114259765223,1.4252631408047483,-0.6591071836832528,2.2816272523531147,4.220279503165077,-2.928896646863742,3.174097113256515,-6.552624985915288,-0.44557727925335283,-5.7084059858417895,-7.664339497778259,-0.3021688549598244,-7.9529806489115416,0.17886132922593523,-2.328037788281419,7.686893030241187,6.531252712892787,2.1255055351600483
1.230671161337829,0.11419104174202671,-1.1760516772319836,0.1268444151542519,1.3002493874354315,2.0996982218440596,-0.8051154060385733,-0.8087178468801703,-0.8384508195099045,-0.48045870772769955,-0.45905774543369543,2.5905528579728982,-1.6285353201054287,-0.6078348589722345,0.30291286490876534,1.51320533407289,1.2561763285609095,-0.648388977895196,-0.9132204045352239,-2.179064548592761,0.4945174420778566,-0.821600534194383,1.6098262229354194,0.9139084449594611,-1.2583160068439396,1.1584653619178331,-0.5018815964038942,0.23423025511887072,-0.3505054809311511,0.2566783597868819,0.788589996955707,-0.29735925844718286,0.7512458435540383,-1.7627529787707563,-0.16153427101896325,-1.3584539252252525,-1.07729163855657,-0.0019767116574240583,-1.4744221762365228,0.02058698781914706,-0.5345219708569033,1.993412657150405,1.3774362748986784,1.3764950833611564
-11.638818310728853,-3.84884047304034,9.128426316388824,-3.1497748244252937,-1.7386034306754061,-6.380847043399533,1.9635998255736913,-2.4323174420274603,3.2714138405967095,2.956309595327074,0.9380272670468695,-10.428442075014416,3.5862359886029727,0.4627548657991585,-1.1876086485044879,-3.9353489036658793,-0.648388977895196,7.990046564623728,7.048187843545217,6.659375026476195,-2.9599797745238376,2.8631534587330836,-3.596945653816686,0.3681181802450044,0.9138637850575908,-3.4542866741561156,2.38634162015241,-1.417861166692179,1.681641000038615,-3.4977229163250327,-5.26530898885879,3.121075103645559,-2.8843778088922614,9.967207092484987,1.2866059130856384,5.209991961345181,10.198209849526881,3.4954276561399844,10.528148611374275,-1.2879054071831415,0.47218577424413927,-10.58324678329365,-4.0525534594872825,-1.7748561105018503
-10.812096665472476,-3.6470987025957147,8.849056110513942,-3.34523803046914,-3.5155520024092644,-7.608645248864945,2.7866699181536023,-0.9229873966526636,3.2656467326466587,2.111059731014845,1.311632217569501,-12.038661064207565,4.462167283891397,1.133420875896336,-1.6183838419374537,-5.8103040415957,-0.9132204045352239,7.048187843545217,7.578618533308995,7.203336120052567,-3.3576025232415487,3.3109301103159607,-4.706306013537784,-0.7319040275038177,1.6179320764149807,-4.618578968038394,2.4180459834546952,-1.6652625773199385,1.3267193885206354,-3.430151717087424,-5.524878793590366,3.609871562030885,-3.462029191994161,9.509960054140835,1.0041194686183263,6.248384942133674,10.560162940089157,2.2961712304017077,10.806292647514786,-0.8879089789966478,1.5417894091597575,-10.505296385363014,-6.040756385124983,-1.9481916037316969
-10.406744045307205,-3.1492237281515703,8.663414060830188,-2.865418051215948,-4.156036014222232,-8.522746125506096,3.115759453219856,-0.012096359425242424,3.657391779323964,2.4069202691335136,1.5608046727949783,-12.680955849681897,5.444539145151644,1.54835411581492,-1.624159989860684,-6.277281615661257,-2.179064548592761,6.659375026476195,7.203336120052567,8.378415926152876,-3.275771401619025,3.611799194207563,-5.589428816605271,-1.5212241426711501,2.7032077806868777,-4.981100342803969,2.5647226759062005,-1.6071590219905894,1.5469677926615684,-3.121063116284858,-5.41319583089909,3.236026448257011,-3.6403712442750185,9.914043087546046,1.0504206504409985,6.56775529881765,9.864764037152005,2.0467206682380357,10.543263482456611,-0.8116967345528905,1.7433794379150405,-10.950199667103126,-6.2947876654343435,-3.182753245733426
4.620186135960279,1.5485904470817897,-3.8328463363498484,1.4641786692102166,1.7705793484949848,3.516816545003271,-1.3311667440098305,0.18689780805195402,-1.4494541510374708,-0.8438452210953049,-0.6291757045054721,5.487734684811051,-2.103002396427978,-0.5919003963715513,0.7591144969643985,2.780674262237142,0.4945174420778566,-2.9599797745238376,-3.3576025232415487,-3.275771401619025,1.511251700958905,-1.515899582833767,2.231778947844489,0.48509524906504553,-0.844164469175876,2.1720332305937524,-1.069262676074422,0.755288896904258,-0.5519707915093635,1.4796978017957847,2.4428016785094107,-1.6156747773057407,1.5910461094529267,-4.132685110596427,-0.4101209151633995,-2.869476423283313,-4.629943406389755,-0.8581273024069861,-4.750830988576272,0.3412942214755957,-0.8066563402792183,4.614631658753896,2.883491088084687,0.9351592946638702
-4.5458211163392255,-1.4275728773883727,3.8015197084215337,-1.3900900560578737,-2.022728460163997,-3.8335073216045306,1.4641761763174514,0.09371352277451606,1.5612031818167327,0.8720969596474628,0.7141842963429842,-5.776348821053148,2.386520474747824,0.7145106125530332,-0.8004929597309033,-3.0109108743690496,-0.821600534194383,2.8631534587330836,3.3109301103159607,3.611799194207563,-1.515899582833767,1.641613518158548,-2.525862925084754,-0.7247581939171107,1.1504405323244131,-2.3359707634325475,1.1069781412501185,-0.7540648528413776,0.5751863841400152,-1.4293202042831923,-2.46836667492955,1.5621369332421338,-1.6738537730118095,4.249621178040914,0.4093861595637477,3.013624608427938,4.523997015803464,0.7545428755590126,4.74659895888812,-0.2950794244657703,0.9228798703294679,-4.763683232661246,-3.063476836548385,-1.2390847938654124
5.986433609038575,1.7936591242902375,-5.193446872441129,1.8619438468177225,3.590660259840861,6.035444782760483,-2.4114192179727416,-0.8838286128875916,-2.302906631405284,-1.0486971732012087,-1.1933671249839177,8.801823713757656,-3.9238250288248206,-1.34425315822263,1.2560741924707048,4.954632371910876,1.6098262229354194,-3.596945653816686,-4.706306013537784,-5.589428816605271,2.231778947844489,-2.525862925084754,4.153468861298834,1.602610978335985,-2.1576054897953605,3.7526671117084462,-1.6107292608429375,1.1218399120726843,-0.7683119135493586,1.886277222538716,3.5040355933813387,-2.23543287966235,2.58555376901422,-5.935551128320197,-0.49970109478115965,-4.654827092024111,-6.254143431368233,-0.602793288780103,-6.6686938119110275,0.2708366090433436,-1.6885939309825586,6.789549642402319,5.003534341071549,2.1645138650276268
-0.020045874052525944,-0.14150121402313812,-0.33796147612717675,0.143005663211576,1.8678466445316289,1.912615012170663,-0.9685768360310151,-1.493569289374695,-0.43602241859002966,0.3086301643101386,-0.4945912327427632,2.3717883774987416,-1.4603202416580492,-0.7756418732267689,0.43743889331521246,2.0195119191477757,0.9139084449594611,0.3681181802450044,-0.7319040275038177,-1.5212241426711501,0.48509524906504553,-0.7247581939171107,1.602610978335985,1.2549555590023276,-1.1895513638613908,1.363732185063589,-0.2703523733704984,0.26836436939513975,0.05245476694327912,0.04459379270672244,0.535280840586836,-0.41911929753191046,0.761104834149526,-0.5667031008179523,0.10878201781095763,-1.3652122386645562,-0.6666236270770857,0.8279924927755812,-0.8483176528657073,-0.2661456305321134,-0.9922285155872773,0.9354049424946068,2.0064378960910805,0.9017094594790434
-1.7902867554358348,-0.3598327933643419,1.722292956059151,-0.47528537583703745,-1.9705234503664457,-2.8749510073782227,1.1982852222030094,1.0733272383570198,1.0217118053960075,0.35147885464324263,0.6290617746266142,-3.815560273188704,2.074987102522303,0.8240940603146024,-0.54390427578509,-2.396836421956736,-1.2583160068439396,0.9138637850575908,1.6179320764149807,2.7032077806868777,-0.844164469175876,1.1504405323244131,-2.1576054897953605,-1.1895513638613908,1.4557053550720285,-1.7674200430792586,0.6583245602950211,-0.42567419411274243,0.3122090737289845,-0.5142322399496974,-1.2612274819136484,0.7204769935878753,-1.1367588596512985,2.245238158299048,0.1451440422123173,2.0455267359470373,1.9844952780837593,-0.14916208422161073,2.329732501451635,0.021701963059266756,0.9256704684717875,-2.650240060456719,-2.332076180263059,-1.4230544631594215
5.732918921156704,1.8373603038266464,-4.958855900093268,1.9257585233080166,3.3467277838227574,5.536715646592753,-2.2490297244203714,-0.677347545422781,-2.062342546244667,-0.8380850894031387,-1.0839993447112806,8.271925159928513,-3.4878809251579708,-1.2008152609722322,1.2214969502903792,4.699502115323039,1.1584653619178331,-3.4542866741561156,-4.618578968038394,-4.981100342803969,2.1720332305937524,-2.3359707634325475,3.7526671117084462,1.363732185063589,-1.7674200430792586,3.537157538842725,-1.4851841092976101,1.1006930429300674,-0.6343713549776274,1.8763515219745717,3.3749207401672408,-2.2719149954337796,2.4415684779464883,-5.46676427715729,-0.43763226352907447,-4.396121846164062,-6.1694202927989235,-0.5536650117232944,-6.423456089352687,0.24937958664199097,-1.6217905237048051,6.293245340583277,4.820534196347675,1.6879267287749253
-3.6289678865848773,-1.1555748585216377,2.9636364741006287,-1.0045050578890278,-1.1019371719546265,-2.5765461479129557,0.9014395198312747,-0.305184861060975,1.1626852242414,0.855083063346712,0.44265780858278886,-3.9680422918725777,1.5809676185157482,0.38823424103929416,-0.4904575069298852,-1.8241114259765223,-0.5018815964038942,2.38634162015241,2.4180459834546952,2.5647226759062005,-1.069262676074422,1.1069781412501185,-1.6107292608429375,-0.2703523733704984,0.6583245602950211,-1.4851841092976101,0.8365460956394194,-0.5217334244536821,0.5290720071507515,-1.0943623856745257,-1.7948620536536588,1.089881729367315,-1.1289629982317537,3.3045795937813134,0.37617397929453317,2.039779345797022,3.3703405777418025,0.8510755872206394,3.5392229094780796,-0.3301926956619661,0.43288194534165936,-3.603475707347407,-1.8532114787905907,-0.8591062356367394
2.2334028109076387,0.7571378386374933,-1.865838416424686,0.7328764511285449,0.9206286213359197,1.7533012379926085,-0.6789472336993626,0.04678440163856931,-0.703565814478253,-0.37795515968301086,-0.318716010835721,2.7395804487274793,-1.0489178083753965,-0.30713237566460144,0.38999357108798,1.4252631408047483,0.23423025511887072,-1.417861166692179,-1.6652625773199385,-1.6071590219905894,0.755288896904258,-0.7540648528413776,1.1218399120726843,0.26836436939513975,-0.42567419411274243,1.1006930429300674,-0.5217334244536821,0.3813901571446928,-0.2544357485797984,0.7268139368999492,1.2061135202407205,-0.8114005613311137,0.7998344936252734,-1.9986099981014056,-0.18909905260512883,-1.4384415719775874,-2.2888830061142693,-0.3793315675913952,-2.3399033785004772,0.1570220252193359,-0.4317117558735189,2.2500466345662256,1.4834212701664742,0.4472934440633636
-2.411402797095578,-0.7279994136064848,1.8965263507125063,-0.5072228516597361,-0.26185996684479496,-1.33799050945019,0.36132359622405974,-0.5069479788684083,0.7518515828799447,0.7936845092415998,0.19440579124965238,-2.0676169148332915,0.8409651875174394,0.10859553095255581,-0.1760491334254972,-0.6591071836832528,-0.3505054809311511,1.681641000038615,1.3267193885206354,1.5469677926615684,-0.5519707915093635,0.5751863841400152,-0.7683119135493586,0.05245476694327912,0.3122090737289845,-0.6343713549776274,0.5290720071507515,-0.2544357485797984,0.4583018748852739,-0.6538708060180926,-1.013578584207488,0.5081634700007603,-0.559227668597286,2.199955203430981,0.31458006821418216,1.015590802523448,1.9183535473905422,0.8224529688917857,2.084355765200857,-0.3150522158885638,-0.012097367330721179,-2.285292550811172,-0.6311673830759298,-0.6062080312553608
5.223571462248167,1.7721694285051237,-4.16617458207002,1.571835788568074,1.210899999442086,3.201558428881635,-1.102069847823255,0.8153665865704968,-1.4815776131484986,-1.1122440278224641,-0.5115889573704713,5.209870775732917,-1.795921416024629,-0.3420077156908968,0.6755407183463,2.2816272523531147,0.2566783597868819,-3.4977229163250327,-3.430151717087424,-3.121063116284858,1.4796978017957847,-1.4293202042831923,1.886277222538716,0.04459379270672244,-0.5142322399496974,1.8763515219745717,-1.0943623856745257,0.7268139368999492,-0.6538708060180926,1.6427384494207722,2.530463105282149,-1.6063079965103828,1.4746911349785226,-4.461751622011145,-0.5155703346701292,-2.6546579736849054,-4.888751236875861,-1.330156758068784,-4.9812647510659,0.49499073921420506,-0.4901336778079885,4.846723921986297,2.3828666368990925,0.7477285583752276
8.049049964605658,2.6613817056177296,-6.5487567535860745,2.4375173891200865,2.5339739904974476,5.645452209343047,-2.0421735400427345,0.7096928887434504,-2.463718715669163,-1.644989858367554,-0.9710875086378994,8.87785567737672,-3.3283182423569664,-0.8167840746294899,1.183139394300591,4.220279503165077,0.788589996955707,-5.26530898885879,-5.524878793590366,-5.41319583089909,2.4428016785094107,-2.46836667492955,3.5040355933813387,0.535280840586836,-1.2612274819136484,3.3749207401672408,-1.7948620536536588,1.2061135202407205,-1.013578584207488,2.530463105282149,4.0808410898506535,-2.59811913759986,2.540909799741442,-7.122459220994257,-0.766891330558946,-4.578066810223312,-7.731412412062156,-1.769760438041604,-7.964417004864897,0.6710398386525678,-1.0944470729007305,7.83832437306203,4.356958923580513,1.5442508102298176
-4.87077495114885,-1.6991103574263744,4.026022393001866,-1.6381031909456771,-1.8353428931338185,-3.580762520513403,1.3778751718550484,-0.2833723985036842,1.4442112186053986,0.7736945789553001,0.6330371270700452,-5.712488836016974,2.0599740797529007,0.575799777307187,-0.8206087611643704,-2.928896646863742,-0.29735925844718286,3.121075103645559,3.609871562030885,3.236026448257011,-1.6156747773057407,1.5621369332421338,-2.23543287966235,-0.41911929753191046,0.7204769935878753,-2.2719149954337796,1.089881729367315,-0.8114005613311137,0.5081634700007603,-1.6063079965103828,-2.59811913759986,1.7896393299586644,-1.661273029722179,4.222640492532921,0.4036236997768964,2.997682778785196,4.994260571071357,0.8771791781721124,5.034614122869486,-0.3402871049196059,0.8712601723653,-4.739372072536891,-3.080346323800206,-0.7524791226775761
4.609384211648649,1.4917892230821834,-3.889651161339941,1.4656536159486961,2.1413764420625454,3.9295804355066277,-1.5291395508618861,-0.1352806822992687,-1.5619746750552375,-0.817228074987063,-0.7364234683975496,5.971900285974444,-2.4346965789114123,-0.7528739033979114,0.8436527691495083,3.174097113256515,0.7512458435540383,-2.8843778088922614,-3.462029191994161,-3.6403712442750185,1.5910461094529267,-1.6738537730118095,2.58555376901422,0.761104834149526,-1.1367588596512985,2.4415684779464883,-1.1289629982317537,0.7998344936252734,-0.559227668597286,1.4746911349785226,2.540909799741442,-1.661273029722179,1.7443461296690406,-4.279849840694624,-0.3960300482407752,-3.1368384720920233,-4.711040225723185,-0.7044294229665469,-4.8986426905883995,0.2936560672429819,-0.9960391924463095,4.831977248775383,3.2585059287142943,1.1871384614491745
-14.906713308338526,-4.755297207688485,11.974891141659823,-4.032552666213393,-3.66402158756227,-9.749012630431162,3.265241987365119,-1.908283236243258,4.611954949564856,3.6890599524752425,1.6048982273662915,-15.213329168000389,5.862358256871706,1.230508522688716,-1.8203298842470577,-6.552624985915288,-1.7627529787707563,9.967207092484987,9.509960054140835,9.914043087546046,-4.132685110596427,4.249621178040914,-5.935551128320197,-0.5667031008179523,2.245238158299048,-5.46676427715729,3.3045795937813134,-1.9986099981014056,2.199955203430981,-4.461751622011145,-7.122459220994257,4.222640492532921,-4.279849840694624,13.351517194737188,1.600849725116711,7.729723918899399,13.444266376668457,3.8916740476662106,14.097990075074867,-1.4688136509516827,1.321372513588753,-14.403167446205423,-6.644431737986783,-3.2092556256307216
-1.8314646123688352,-0.5758064679843283,1.4168369861268115,-0.42126952956110925,-0.13534102543875948,-0.9177610385737662,0.24017092012169694,-0.4565524418177905,0.5285328137592646,0.5619359120547146,0.12315860229697145,-1.4777152345505342,0.5356243561602305,0.03893126508760498,-0.13369407034613243,-0.44557727925335283,-0.16153427101896325,1.2866059130856384,1.0041194686183263,1.0504206504409985,-0.4101209151633995,0.4093861595637477,-0.49970109478115965,0.10878201781095763,0.1451440422123173,-0.43763226352907447,0.37617397929453317,-0.18909905260512883,0.31458006821418216,-0.5155703346701292,-0.766891330558946,0.4036236997768964,-0.3960300482407752,1.600849725116711,0.230059737210892,0.7187735403052743,1.4750025815905516,0.6362758925756791,1.5644123373568177,-0.2340589302934449,-0.023662130182118667,-1.6590379190570568,-0.4387180126852953,-0.34577469716675496
-8.323387016297918,-2.692839390129214,7.025254055279281,-2.630776615904236,-3.8568841191887944,-7.082243834477264,2.7487181021603844,0.23256069960092884,2.818620646457238,1.484620904681576,1.3253394024013458,-10.752616833636296,4.389183702964744,1.3603143533572652,-1.5095850144472323,-5.7084059858417895,-1.3584539252252525,5.209991961345181,6.248384942133674,6.56775529881765,-2.869476423283313,3.013624608427938,-4.654827092024111,-1.3652122386645562,2.0455267359470373,-4.396121846164062,2.039779345797022,-1.4384415719775874,1.015590802523448,-2.6546579736849054,-4.578066810223312,2.997682778785196,-3.1368384720920233,7.729723918899399,0.7187735403052743,5.653887640759672,8.493031022491234,1.2788699184574337,8.830855548713668,-0.5274010290887206,1.7864475168999003,-8.717867557105352,-5.857657724898256,-2.1465065619549737
-15.467929197700391,-5.233155825462343,12.529515598192773,-4.73026257104388,-4.426322931066149,-10.299816189230533,3.685657729030215,-1.776207422982581,4.553470213779865,3.1379413233365168,1.7260557126616594,-16.47832170031536,5.943094858724971,1.369463554957978,-2.183453593403191,-7.664339497778259,-1.07729163855657,10.198209849526881,10.560162940089157,9.864764037152005,-4.629943406389755,4.523997015803464,-6.254143431368233,-0.6666236270770857,1.9844952780837593,-6.1694202927989235,3.3703405777418025,-2.2888830061142693,1.9183535473905422,-4.888751236875861,-7.731412412062156,4.994260571071357,-4.711040225723185,13.444266376668457,1.4750025815905516,8.493031022491234,14.84859982136001,3.5586645673062716,15.168121761014062,-1.357121939024604,1.8893112035337136,-14.750892137168275,-7.983448819462328,-2.55050205195179
-4.760535921111126,-1.5609536329208917,3.5220568163817356,-1.0543742242435055,0.4498563124605667,-1.5513192287178017,0.21078224184085612,-1.8316529958715697,1.174494430781196,1.5697684206714888,0.10671482626771224,-2.82145831400245,0.7439424167877753,-0.24303249807300042,-0.17182972726205023,-0.3021688549598244,-0.0019767116574240583,3.4954276561399844,2.2961712304017077,2.0467206682380357,-0.8581273024069861,0.7545428755590126,-0.602793288780103,0.8279924927755812,-0.14916208422161073,-0.5536650117232944,0.8510755872206394,-0.3793315675913952,0.8224529688917857,-1.330156758068784,-1.769760438041604,0.8771791781721124,-0.7044294229665469,3.8916740476662106,0.6362758925756791,1.2788699184574337,3.5586645673062716,1.9993574742958675,3.7025776804102337,-0.718563724606286,-0.4769512651898046,-3.890220640865947,-0.2938298814210486,-0.4791104727900463
-15.980350852904284,-5.2955330812012615,12.963296672746614,-4.746162617828277,-4.654763645368777,-10.866554993202776,3.8611036513183556,-1.6783604205764928,4.839680294644034,3.4056008870325036,1.8371311940696702,-17.166125588089127,6.396699595012,1.4986236620303848,-2.233182570405783,-7.9529806489115416,-1.4744221762365228,10.528148611374275,10.806292647514786,10.543263482456611,-4.750830988576272,4.74659895888812,-6.6686938119110275,-0.8483176528657073,2.329732501451635,-6.423456089352687,3.5392229094780796,-2.3399033785004772,2.084355765200857,-4.9812647510659,-7.964417004864897,5.034614122869486,-4.8986426905883995,14.097990075074867,1.5644123373568177,8.830855548713668,15.168121761014062,3.7025776804102337,15.635231989170153,-1.4150719019542217,1.9405966024478614,-15.438409942077627,-8.213070188485535,-3.0027909076827255
1.7665099696829596,0.5853106966633745,-1.3306261262668808,0.3963731943525591,-0.11212239878152479,0.6346634523119152,-0.11021165796743429,0.6338202150030954,-0.4488486154153486,-0.582183322357445,-0.05558274272653931,1.1337006612266873,-0.33036490493804804,0.06253141602854279,0.07689230353315529,0.17886132922593523,0.02058698781914706,-1.2879054071831415,-0.8879089789966478,-0.8116967345528905,0.3412942214755957,-0.2950794244657703,0.2708366090433436,-0.2661456305321134,0.021701963059266756,0.24937958664199097,-0.3301926956619661,0.1570220252193359,-0.3150522158885638,0.49499073921420506,0.6710398386525678,-0.3402871049196059,0.2936560672429819,-1.4688136509516827,-0.2340589302934449,-0.5274010290887206,-1.357121939024604,-0.718563724606286,-1.4150719019542217,0.2741608198388088,0.15147926803546224,1.4835689673630112,0.1811394965494467,0.20852033319803104
-1.1770849003474309,-0.3794622363898106,1.2297004998700158,-0.6379568071275055,-1.8958304327188782,-2.2503788962245967,1.083194111178665,1.0186782653637474,0.6016032317093757,-0.20053813802558448,0.5138483933417415,-3.208259392853309,1.4762081191005267,0.6945830464696057,-0.5819597479783611,-2.328037788281419,-0.5345219708569033,0.47218577424413927,1.5417894091597575,1.7433794379150405,-0.8066563402792183,0.9228798703294679,-1.6885939309825586,-0.9922285155872773,0.9256704684717875,-1.6217905237048051,0.43288194534165936,-0.4317117558735189,-0.012097367330721179,-0.4901336778079885,-1.0944470729007305,0.8712601723653,-0.9960391924463095,1.321372513588753,-0.023662130182118667,1.7864475168999003,1.8893112035337136,-0.4769512651898046,1.9405966024478614,0.15147926803546224,1.0344860812365184,-1.7552762012821073,-2.4057780663382675,-0.6189556528999454
15.996576824138714,5.11929141634637,-12.953976663921802,4.461110853087847,4.503043177224373,10.974280381280806,-3.7992264096390835,1.6402400697539112,-5.020580121363626,-3.7648785495409984,-1.8569522416700084,17.044202872081563,-6.63357421019297,-1.5277092097246026,2.11688135112412,7.686893030241187,1.993412657150405,-10.58324678329365,-10.505296385363014,-10.950199667103126,4.614631658753896,-4.763683232661246,6.789549642402319,0.9354049424946068,-2.650240060456719,6.293245340583277,-3.603475707347407,2.2500466345662256,-2.285292550811172,4.846723921986297,7.83832437306203,-4.739372072536891,4.831977248775383,-14.403167446205423,-1.6590379190570568,-8.717867557105352,-14.750892137168275,-3.890220640865947,-15.438409942077627,1.4835689673630112,-1.7552762012821073,15.66287376980435,7.820060260830765,3.537146297387296
6.9594801737135175,2.302043528723981,-6.148231166655983,2.5697647309324587,4.760422820557855,7.280920937818657,-3.086079990819184,-1.2770712177578538,-2.5362432734053026,-0.6992220330026854,-1.4656282473400781,10.904395159012209,-4.563731023732406,-1.688887220605759,1.7012867199883654,6.531252712892787,1.3774362748986784,-4.0525534594872825,-6.040756385124983,-6.2947876654343435,2.883491088084687,-3.063476836548385,5.003534341071549,2.0064378960910805,-2.332076180263059,4.820534196347675,-1.8532114787905907,1.4834212701664742,-0.6311673830759298,2.3828666368990925,4.356958923580513,-3.080346323800206,3.2585059287142943,-6.644431737986783,-0.4387180126852953,-5.857657724898256,-7.983448819462328,-0.2938298814210486,-8.213070188485535,0.1811394965494467,-2.4057780663382675,7.820060260830765,6.754781030985377,2.0090441170555673
2.8841961402206806,0.6641731785446604,-2.500159627037231,0.5653764761566732,1.5999563751447352,3.0633304689145686,-1.1097711585215977,-0.5071350846886106,-1.3187237365577575,-0.9092555378881264,-0.6064146682035241,4.144333523067693,-2.1959011435500093,-0.7060498286981692,0.4748117612791619,2.1255055351600483,1.3764950833611564,-1.7748561105018503,-1.9481916037316969,-3.182753245733426,0.9351592946638702,-1.2390847938654124,2.1645138650276268,0.9017094594790434,-1.4230544631594215,1.6879267287749253,-0.8591062356367394,0.4472934440633636,-0.6062080312553608,0.7477285583752276,1.5442508102298176,-0.7524791226775761,1.1871384614491745,-3.2092556256307216,-0.34577469716675496,-2.1465065619549737,-2.55050205195179,-0.4791104727900463,-3.0027909076827255,0.20852033319803104,-0.6189556528999454,3.537146297387296,2.0090441170555673,1.670668857199354
