V1,V2,V3,V4,V5,V6,V7,V8,V9,V10,V11,V12,V13,V14,V15,V16,V17,V18,V19,V20,V21,V22,V23,V24,V25,V26,V27,V28,V29,V30,V31,V32,V33,V34,V35,V36,V37,V38,V39,V40,V41,V42,V43,V44
0.06469506069121726,-0.285342617138653,0.3084800082631207,-0.10870636028286691,0.33170671674361624,0.42981565161897284,-0.01218487512210736,0.7944653046892998,0.14608528747654176,-0.7401114499881455,-0.34894905569760765,0.34794547462217956,-0.8589449283644154,0.8387259960578488,1.4144812241781688,0.09405923799679898,0.0946948253564606,-0.6256036300953768,1.5747122263711177,-0.503292345753078,-0.0508756569739043,0.24958383273107732,0.4010368828979555,-0.9805780893506285,-0.3941263098380754,-0.007869155852492737,1.0092238886208085,3.0040426148692334,-0.7952427835493749,-0.11022711395821351,-0.33136021127218596,-0.0403173841570877,-0.8401337705901066,-2.2878387730613254,0.5910983986804729,-0.4318577776861802,-2.3349501021016983,1.4595510290313263,-0.5857270638936494,-0.019566515734584452,0.8159624838653164,-0.9431719187397806,0.29834324579761945,-0.7862545449299357
-0.285342617138653,4.448927068899585,-5.357686695555272,-1.4364446702468596,-5.4132590797176965,-6.287600146635889,1.662955453217889,-11.886577753918122,2.0633888295372547,13.458980161642977,4.938537840920229,-5.949542291778414,13.445407123139946,-9.953538399673707,-19.39336277944754,-2.045639877365633,-0.02713687683630873,9.340899153582834,-21.336729073372275,5.77822711695722,2.2004358317434227,-2.576369069062931,-4.715506003952111,11.399575462205576,2.7029848076131104,-1.6245914349874984,-14.661819235032592,-42.46028929518565,7.9090944783659785,-0.11891772809832461,3.3209255125362906,0.46512803407522557,10.57036769669977,31.453062237005952,-10.988497642692048,6.414340856062662,32.10560954137394,-20.845263884300657,9.197489683502834,1.1751184506650794,-15.065945076419563,10.221892292142947,-3.0586955370052435,8.855371482881186
0.3084800082631207,-5.357686695555272,6.648690818863967,2.022593845688172,6.671878680324162,7.720690393295605,-2.2749932332914202,14.66889442266393,-3.0778241421464636,-16.71877300531006,-6.008228177054442,7.5400374656822935,-16.463461472170664,11.99381331282406,23.658086063908932,2.4451783860046823,-0.2328815187940459,-11.426537876744224,25.825595860633996,-6.817977066380917,-2.8957536301646103,3.0671536506071146,5.711250865510092,-13.579611316048974,-2.8121522000429064,2.276278054629968,17.89946799457724,51.80027512237716,-9.160603912927755,0.33746915880185474,-3.8289698975119784,-0.6430027532702274,-12.751582604218704,-38.30636637867157,13.81302274952767,-7.826556668486181,-39.09262426796122,25.48454852691301,-11.44893778967486,-1.4874447813928364,18.858238460935514,-12.054275309276044,3.658002326348055,-10.612844110271707
-0.10870636028286691,-1.4364446702468596,2.022593845688172,1.6280137096353442,1.8891194380285337,1.890858323965935,-1.0445410747618196,3.85903625247423,-2.429579404678472,-5.049530472329721,-1.468743501354694,2.367862758296869,-4.409244464460909,2.220332234048246,5.582914928922864,0.7909558385167049,-0.6373464779672875,-3.0211563611403074,5.9133605807257235,-1.1035936714527066,-1.2629199996555038,0.38361524224299537,1.0571651246899174,-2.5116007281690145,0.5060471824407676,1.2126748185226843,4.4610776768605325,12.5570158492603,-0.9012526910140409,0.7487218667791818,-0.4119443816361763,-0.25838165150483683,-2.5844843711781547,-8.924535884657299,4.410676705510074,-2.147945584965777,-9.124450904505336,6.365582702227287,-3.1980395844399325,-0.6236155992846685,5.974064010357557,-1.6978052365152907,0.5254009655864866,-1.7052381202800841
0.33170671674361624,-5.4132590797176965,6.671878680324162,1.8891194380285337,6.7207124993101,7.8158737637479465,-2.236069244316014,14.798270100644773,-2.8673231107316046,-16.78843844597706,-6.084221935686145,7.54030331003973,-16.618102036625743,12.232126571171582,23.964952251316625,2.461613129069934,-0.14195155257343153,-11.53137751929495,26.199831083973606,-6.982726307790894,-2.8490345856535653,3.153592310605443,5.822415793571874,-13.851290928903675,-3.0300734113471197,2.2058850794928233,18.103272609270995,52.43588029185444,-9.47072690853101,0.2457093711271607,-3.952425490094187,-0.6271293269710358,-12.98178463651931,-38.83099473118066,13.82463437305211,-7.882730147515888,-39.62346614391905,25.76398475458567,-11.515653810324723,-1.475132328316319,18.884872538092214,-12.381980446256842,3.744275559055655,-10.861033043250552
0.42981565161897284,-6.287600146635889,7.720690393295605,1.890858323965935,7.8158737637479465,9.272217942370151,-2.603477074301338,17.380113768519408,-2.9025522934354173,-19.610721574922145,-7.135259777709219,8.748051110832064,-19.468299640091715,14.610980339986687,28.256498627711313,2.8043160388880217,-0.029457376085888658,-13.456217595481439,30.883477144885266,-8.357623679399056,-3.2504492036795187,3.838804194303543,6.953038945013156,-16.372623513207536,-3.844649536229001,2.487096302472174,21.301718849122466,61.77868837569251,-11.459191982871138,0.10021301676581608,-4.737245923009993,-0.6580743332049561,-15.420712755173014,-45.87759797229586,16.02989224538466,-9.085969201217525,-46.78610936916321,30.243792654007784,-13.490494532614377,-1.6975484746504608,21.88115576539637,-14.888606547211046,4.513025462195935,-13.059065407090358
-0.01218487512210736,1.662955453217889,-2.2749932332914202,-1.0445410747618196,-2.236069244316014,-2.603477074301338,1.1424875321374686,-4.921691784790397,1.7180685778413902,5.848210300902391,1.9146973692291334,-2.763014591478988,5.437265596675019,-3.615132514140841,-7.562800342058671,-0.7584729408873588,0.3979217400367001,3.7002858519269677,-8.0107973847252385,1.8673180536000116,1.2439169633299825,-0.8870377905724921,-1.7384008591834577,3.8058307821061033,0.27135792151241006,-1.1540478314347968,-5.7647300973574085,-16.61496334477519,2.2687958467822273,-0.36903574299318725,0.893770319581244,0.26058100223637837,3.884224031853915,12.238481785679776,-4.991971483464045,2.4230463388771804,12.438936067504248,-8.199641658515738,3.9440117475845993,0.600387379249377,-6.69620386742483,3.2845241166643944,-1.0510095659188983,3.095628146527977
0.7944653046892998,-11.886577753918122,14.66889442266393,3.85903625247423,14.798270100644773,17.380113768519408,-4.921691784790397,32.79897684946224,-5.9554230916463675,-37.02623303172856,-13.455930936299941,16.666614577196576,-36.703416080422706,27.342707976213507,53.198674284146804,5.314575181739907,-0.23098375279236807,-25.45873146194863,58.09191066226809,-15.58530309808034,-6.228584382432628,7.118236052610358,13.024810772166905,-30.800377052869884,-6.919854022626039,4.806070303239529,40.10611556190271,116.28154874236073,-21.249229068356104,0.3712825769967911,-8.827731188051159,-1.369119687391422,-28.904337187113416,-86.23230631140682,30.453527127739743,-17.317303614701597,-87.96791694981586,57.06519808193069,-25.51334651883429,-3.201319846595907,41.55933617183695,-27.718839967245568,8.435664427021946,-24.349094496386353
0.14608528747654176,2.0633888295372547,-3.0778241421464636,-2.429579404678472,-2.8673231107316046,-2.9025522934354173,1.7180685778413902,-5.9554230916463675,3.8593643844920846,7.579577367896424,2.22705463794053,-3.8183185791685776,6.598460707251534,-3.4036501257844898,-8.53027205241899,-1.058435116023065,1.116591574032171,4.574444500700723,-8.822832231969583,1.525624870561406,1.9879429100385742,-0.6066742640594217,-1.6568218852418173,3.7137836425209483,-0.9951142131820467,-1.9844956465948675,-6.681609261438424,-18.952998653330752,1.1800531539281651,-1.1562106205465932,0.5076488420712713,0.536125264551537,3.89257672959379,13.543720034991647,-6.8616970470472936,3.212529026141559,13.806622022719786,-9.666967516327626,4.975882980207625,0.8968802576426723,-9.179441457003438,2.428563785103062,-0.848999711277458,2.5836395652159037
-0.7401114499881455,13.458980161642977,-16.71877300531006,-5.049530472329721,-16.78843844597706,-19.610721574922145,5.848210300902391,-37.02623303172856,7.579577367896424,42.56534509130905,15.086957232584197,-18.845855565920868,41.63296980919107,-30.304484019359354,-59.64547209987446,-6.186697773956078,0.5201791998325141,28.69071121476197,-65.15527750680849,17.32693903020764,7.339367846994466,-7.7749875763028005,-14.418214211755751,34.01248909503689,7.180533282973527,-5.777836744384374,-45.31948050127669,-130.94483361045897,23.178086037549516,-0.8070440618543323,9.656992634383782,1.3411155284541132,32.22499856194896,96.79908494176715,-34.79403489056733,19.513696411728734,98.80923206741136,-64.21866703191064,28.925040961200473,3.8667462137806368,-47.56450675570139,30.526850269814275,-9.171991313775596,26.94616610006019
-0.34894905569760765,4.938537840920229,-6.008228177054442,-1.468743501354694,-6.084221935686145,-7.135259777709219,1.9146973692291334,-13.455930936299941,2.22705463794053,15.086957232584197,5.571990995402554,-6.7748833342901,15.102936148033491,-11.344651538306465,-21.95783166166511,-2.2117201992645987,-0.014798751478508617,10.50603106945154,-24.0589292861533,6.513561044208968,2.468553221891661,-2.9679616417283166,-5.395022175666057,12.882624696149572,3.062399924016325,-1.8493501667544257,-16.517029774246094,-47.94100785246084,8.980166484758364,-0.06933988514220496,3.7405639194515263,0.5694693514466905,11.987881293764024,35.59299754829193,-12.389437241116077,7.168965663349199,36.30949546346423,-23.526856977297477,10.41822104027651,1.281243052350986,-16.93286037027527,11.610504177371904,-3.5185435043472983,10.11483385933349
0.34794547462217956,-5.949542291778414,7.5400374656822935,2.367862758296869,7.54030331003973,8.748051110832064,-2.763014591478988,16.666614577196576,-3.8183185791685776,-18.845855565920868,-6.7748833342901,8.80223329758075,-18.51091101409929,13.480012769430553,26.70949047525181,2.6291958088637633,-0.47206009769817986,-12.902940083965134,28.912183339561118,-7.462755957039426,-3.409264769833714,3.4517809867328877,6.445242441219141,-15.117363128474624,-2.811636805334963,2.786474729011032,20.082165342627746,58.25458502058595,-9.984813365933881,0.4736536700391449,-4.125694370360406,-0.898691891938394,-14.273465996153233,-43.138774128771814,15.85944254205662,-8.782966833853317,-43.96272867737562,28.74491058627786,-13.063442204268075,-1.6532815271697423,21.509260832650043,-13.290415355944551,4.157581914441064,-11.834698494572427
-0.8589449283644154,13.445407123139946,-16.463461472170664,-4.409244464460909,-16.618102036625743,-19.468299640091715,5.437265596675019,-36.703416080422706,6.598460707251534,41.63296980919107,15.102936148033491,-18.51091101409929,41.27475598646673,-30.598204155032224,-59.60455064027137,-6.107782677584373,0.14557186173184225,28.575766974444065,-65.27637147966003,17.579136979679244,6.9417275717090865,-7.943785576065254,-14.544664580754974,34.59016105719219,7.918846077274064,-5.293998748201226,-45.05692464141541,-130.49304787493833,23.947192393239863,-0.42344794577963046,9.98088617318449,1.4144504588342592,32.426820248463294,96.70222111254903,-34.05085358929302,19.469779432270595,98.67943762661041,-63.99438357053012,28.51201029616385,3.650358446042753,-46.56826038812069,31.165393604623425,-9.38835253084146,27.267878276119763
0.8387259960578488,-9.953538399673707,11.99381331282406,2.220332234048246,12.232126571171582,14.610980339986687,-3.615132514140841,27.342707976213507,-3.4036501257844898,-30.304484019359354,-11.344651538306465,13.480012769430553,-30.598204155032224,23.690821647449283,45.00069296897581,4.353300100374166,0.40257008879693157,-21.26254661722111,49.39426627412924,-13.71487205161966,-4.699085065920939,6.325188416942518,11.271115553009977,-26.786888806711087,-7.031303657270509,3.3714310532531124,33.743395423497645,98.11533848024274,-19.228937899698444,-0.31205352789060875,-7.980545008540294,-1.0263107241514953,-24.859669062721693,-73.063536683788,24.635948287475642,-14.425530148058716,-74.53544358168737,47.976205907591535,-21.077480679784706,-2.4633362885349634,33.70690831399058,-24.575697888184656,7.4392839529285,-21.336757741955505
1.4144812241781688,-19.39336277944754,23.658086063908932,5.582914928922864,23.964952251316625,28.256498627711313,-7.562800342058671,53.198674284146804,-8.53027205241899,-59.64547209987446,-21.95783166166511,26.70949047525181,-59.60455064027137,45.00069296897581,86.81612376702255,8.632885149997914,0.09756086291319001,-41.39875473495844,95.06471761237786,-25.845952096982284,-9.71913460993153,11.814081629160256,21.415252861550087,-50.89719573845313,-12.21135055163947,7.281051404654525,65.32596533582175,189.5933303602503,-35.642530592860126,0.16090296936896784,-14.824696916663509,-2.1500870884548897,-47.47014504382233,-140.79555542119886,48.8466784788068,-28.183932870567798,-143.64074541976817,92.94508503599666,-41.21828709954587,-5.044830473074868,66.75648975179858,-46.08061075899618,13.972352874007978,-40.22858552545842
0.09405923799679898,-2.045639877365633,2.4451783860046823,0.7909558385167049,2.461613129069934,2.8043160388880217,-0.7584729408873588,5.314575181739907,-1.058435116023065,-6.186697773956078,-2.2117201992645987,2.6291958088637633,-6.107782677584373,4.353300100374166,8.632885149997914,1.0062703327936244,-5.27707410011764e-4,-4.205227404211202,9.564945045329262,-2.5756952221944323,-1.0200115164795691,1.0958183820875291,2.0528311069138403,-5.033449642063594,-1.1567199038679685,0.752923356331034,6.617184324914427,19.04975289297342,-3.4585613681361607,0.1255859407166393,-1.4725271989146036,-0.15187184088273087,-4.687755352542914,-14.033391588547294,4.974912289910286,-2.9169937438950813,-14.34839092375794,9.34227497181635,-4.118168197801385,-0.5812043936339453,6.870834179487835,-4.490201380970808,1.2918394390974437,-3.870434745469965
0.0946948253564606,-0.02713687683630873,-0.2328815187940459,-0.6373464779672875,-0.14195155257343153,-0.029457376085888658,0.3979217400367001,-0.23098375279236807,1.116591574032171,0.5201791998325141,-0.014798751478508617,-0.47206009769817986,0.14557186173184225,0.40257008879693157,0.09756086291319001,-5.27707410011764e-4,0.4613334764578783,0.10539945959669463,0.3815895506572755,-0.4488322521550714,0.3869797339234269,0.19809725999260083,0.16436242227480083,-0.5866972027655779,-0.8882058515913641,-0.503308695509292,0.020449905466269326,0.16746803035782373,-0.9492175998808622,-0.4104508242889505,-0.40682439292509964,0.15344685997898522,-0.3474626755585404,-0.2862106036319438,-0.7301179103829273,0.08055748136656929,-0.3102630845168744,-0.059765528075317535,0.32942419866306677,0.11997537494089001,-0.8826934122396494,-0.8608677057779048,0.18175048138984504,-0.5284665261646421
-0.6256036300953768,9.340899153582834,-11.426537876744224,-3.0211563611403074,-11.53137751929495,-13.456217595481439,3.7002858519269677,-25.45873146194863,4.574444500700723,28.69071121476197,10.50603106945154,-12.902940083965134,28.575766974444065,-21.26254661722111,-41.39875473495844,-4.205227404211202,0.10539945959669463,19.87660020123259,-45.3171766153725,12.18081923859004,4.7801389399765455,-5.520304089522258,-10.11296136407278,24.1530586705196,5.511985733386374,-3.629866745182943,-31.200490431747003,-90.46846123999632,16.653455752285915,-0.27718876366364853,6.951783201480644,1.094629844801198,22.5069915064337,67.07217330094895,-23.60884617952945,13.595170989114106,68.43478913106618,-44.44415530144304,19.76434447051007,2.4700334330878904,-32.259148497944786,21.64238937126073,-6.566260035300384,18.907540072189722
1.5747122263711177,-21.336729073372275,25.825595860633996,5.9133605807257235,26.199831083973606,30.883477144885266,-8.0107973847252385,58.09191066226809,-8.822832231969583,-65.15527750680849,-24.0589292861533,28.912183339561118,-65.27637147966003,49.39426627412924,95.06471761237786,9.564945045329262,0.3815895506572755,-45.3171766153725,104.36628595856497,-28.576707487483255,-10.432725964253201,12.981602842966437,23.47550247490928,-56.06489640802142,-13.865911633332903,7.668668574242741,71.60484460982389,207.74726437384413,-39.52369744365504,0.014441565174915053,-16.485140998048504,-2.2097148247376484,-52.136782246420104,-154.26610437344016,53.092894024929414,-30.91085929254989,-157.43380872744214,101.76902152032375,-44.923709487290125,-5.505678400818664,72.69940053915705,-50.88793327090002,15.324441963741114,-44.247581086573106
-0.503292345753078,5.77822711695722,-6.817977066380917,-1.1035936714527066,-6.982726307790894,-8.357623679399056,1.8673180536000116,-15.58530309808034,1.525624870561406,17.32693903020764,6.513561044208968,-7.462755957039426,17.579136979679244,-13.71487205161966,-25.845952096982284,-2.5756952221944323,-0.4488322521550714,12.18081923859004,-28.576707487483255,8.114254094314004,2.5365432148249814,-3.675026041290985,-6.502740527311288,15.624980991141435,4.431085823449159,-1.70058154427267,-19.45865870270662,-56.500464365093784,11.440216344782796,0.3137072610865101,4.784530323071995,0.4437914048666817,14.409734016187446,42.0548035813056,-13.833191233307078,8.301249305717487,42.950678912799624,-27.54694833287567,11.956584350335822,1.4076657166375282,-19.044074909066808,14.4708803385301,-4.290419287466987,12.44543902712613
-0.0508756569739043,2.2004358317434227,-2.8957536301646103,-1.2629199996555038,-2.8490345856535653,-3.2504492036795187,1.2439169633299825,-6.228584382432628,1.9879429100385742,7.339367846994466,2.468553221891661,-3.409264769833714,6.9417275717090865,-4.699085065920939,-9.71913460993153,-1.0200115164795691,0.3869797339234269,4.7801389399765455,-10.432725964253201,2.5365432148249814,1.474333901401384,-1.1462483948076587,-2.2471997242373334,5.167980117047767,0.5862395269636251,-1.292639761712531,-7.416660769107182,-21.36289328848598,3.162407659371027,-0.4071622979906474,1.300198287209419,0.3213455053187503,5.046976514780028,15.699924932794053,-6.205743876669161,3.2352197709930084,15.9981571365782,-10.568054046683107,4.957651000161284,0.7231092500450619,-8.393811200104647,4.422782314927444,-1.3842144877569074,4.0497521034881965
0.24958383273107732,-2.576369069062931,3.0671536506071146,0.38361524224299537,3.153592310605443,3.838804194303543,-0.8870377905724921,7.118236052610358,-0.6066742640594217,-7.7749875763028005,-2.9679616417283166,3.4517809867328877,-7.943785576065254,6.325188416942518,11.814081629160256,1.0958183820875291,0.19809725999260083,-5.520304089522258,12.981602842966437,-3.675026041290985,-1.1462483948076587,1.7248680382187507,3.008220949472093,-7.121145602650303,-2.030405341853433,0.7865336498838984,8.811825414041277,25.692099686119317,-5.2459851349662054,-0.19571311913801248,-2.162273204098686,-0.2529087374678309,-6.593617410332886,-19.206988366570076,6.283969717497981,-3.7107119356774083,-19.58099813245929,12.524813019525626,-5.455284935539003,-0.6036620754038554,8.59411088890585,-6.6336076030957205,2.0156243555421827,-5.733608119124138
0.4010368828979555,-4.715506003952111,5.711250865510092,1.0571651246899174,5.822415793571874,6.953038945013156,-1.7384008591834577,13.024810772166905,-1.6568218852418173,-14.418214211755751,-5.395022175666057,6.445242441219141,-14.544664580754974,11.271115553009977,21.415252861550087,2.0528311069138403,0.16436242227480083,-10.11296136407278,23.47550247490928,-6.502740527311288,-2.2471997242373334,3.008220949472093,5.369944426217292,-12.725837835189349,-3.3036922516112557,1.6276852225396967,16.046268532699933,46.67054677684273,-9.113663419965949,-0.14032606057344682,-3.779995330417885,-0.5047762569252748,-11.821685769462162,-34.75530369763942,11.74961596898098,-6.8623258984391065,-35.45608069935946,22.828595582703187,-10.051247212591063,-1.1663715281016804,16.064615688593623,-11.665627018007132,3.5404506300064864,-10.151822582156347
-0.9805780893506285,11.399575462205576,-13.579611316048974,-2.5116007281690145,-13.851290928903675,-16.372623513207536,3.8058307821061033,-30.800377052869884,3.7137836425209483,34.01248909503689,12.882624696149572,-15.117363128474624,34.59016105719219,-26.786888806711087,-50.89719573845313,-5.033449642063594,-0.5866972027655779,24.1530586705196,-56.06489640802142,15.624980991141435,5.167980117047767,-7.121145602650303,-12.725837835189349,30.681581777519295,8.196731548794487,-3.585521300772349,-38.14810330715082,-110.93276240963854,21.990894265503197,0.38421960924247733,9.202151591032388,1.2167676529424993,28.15386273663639,82.55235477038855,-27.663357973733447,16.56118728161648,84.26256860273404,-54.335734474137276,23.681936328308037,2.7240873505768284,-37.942889560126375,27.95962114847544,-8.43006590557845,24.10039134024467
-0.3941263098380754,2.7029848076131104,-2.8121522000429064,0.5060471824407676,-3.0300734113471197,-3.844649536229001,0.27135792151241006,-6.919854022626039,-0.9951142131820467,7.180533282973527,3.062399924016325,-2.811636805334963,7.918846077274064,-7.031303657270509,-12.21135055163947,-1.1567199038679685,-0.8882058515913641,5.511985733386374,-13.865911633332903,4.431085823449159,0.5862395269636251,-2.030405341853433,-3.3036922516112557,8.196731548794487,3.396284738522079,-0.03400924396404087,-9.052607520488378,-26.522426795306856,6.771008133169954,0.7865801608297799,2.8375507308390837,0.0330054529953211,7.248908536714705,20.02431218516397,-5.337265604998682,3.7422936154722373,20.46432463537473,-12.74011802596864,5.076943793605327,0.4388310276278587,-7.501041838158063,8.0504501297704,-2.3092626981473905,6.61583949501554
-0.007869155852492737,-1.6245914349874984,2.276278054629968,1.2126748185226843,2.2058850794928233,2.487096302472174,-1.1540478314347968,4.806070303239529,-1.9844956465948675,-5.777836744384374,-1.8493501667544257,2.786474729011032,-5.293998748201226,3.3714310532531124,7.281051404654525,0.752923356331034,-0.503308695509292,-3.629866745182943,7.668668574242741,-1.70058154427267,-1.292639761712531,0.7865336498838984,1.6276852225396967,-3.585521300772349,-0.03400924396404087,1.2220504817414326,5.5752485837473555,16.019740311499557,-1.949191896018908,0.4800676139938168,-0.7801378224128328,-0.30153994854545607,-3.6532204855330477,-11.72273958953341,5.011369110411833,-2.429082240800467,-11.926330771749381,7.970034199521751,-3.893206219667322,-0.6052615586215783,6.717713582843633,-2.94542378804179,0.9619006374033404,-2.8329614653648547
1.0092238886208085,-14.661819235032592,17.89946799457724,4.4610776768605325,18.103272609270995,21.301718849122466,-5.7647300973574085,40.10611556190271,-6.681609261438424,-45.31948050127669,-16.517029774246094,20.082165342627746,-45.05692464141541,33.743395423497645,65.32596533582175,6.617184324914427,0.020449905466269326,-31.200490431747003,71.60484460982389,-19.45865870270662,-7.416660769107182,8.811825414041277,16.046268532699933,-38.14810330715082,-9.052607520488378,5.5752485837473555,49.34045092256174,142.967378215191,-26.659219431563148,0.25154281128090167,-11.115732007920398,-1.4854749349575858,-35.683671409608884,-106.01990198787479,36.93878329092418,-21.260513889830005,-108.21126896456822,70.04300179929527,-31.11637522241473,-3.912024546520734,50.56000114851299,-34.54670326630072,10.396046180291057,-30.184218629742453
3.0040426148692334,-42.46028929518565,51.80027512237716,12.5570158492603,52.43588029185444,61.77868837569251,-16.61496334477519,116.28154874236073,-18.952998653330752,-130.94483361045897,-47.94100785246084,58.25458502058595,-130.49304787493833,98.11533848024274,189.5933303602503,19.04975289297342,0.16746803035782373,-90.46846123999632,207.74726437384413,-56.500464365093784,-21.36289328848598,25.692099686119317,46.67054677684273,-110.93276240963854,-26.522426795306856,16.019740311499557,142.967378215191,414.55436349052235,-77.65481048718188,0.5271271160235779,-32.34116873393132,-4.452161114747222,-103.63926603069564,-307.6245905430733,106.90647905722484,-61.610270688193225,-313.92350199598803,203.13080259815857,-90.15093539189417,-11.202139003526538,146.2423321882525,-100.49973606102228,30.332115454679318,-87.76374730593894
-0.7952427835493749,7.9090944783659785,-9.160603912927755,-0.9012526910140409,-9.47072690853101,-11.459191982871138,2.2687958467822273,-21.249229068356104,1.1800531539281651,23.178086037549516,8.980166484758364,-9.984813365933881,23.947192393239863,-19.228937899698444,-35.642530592860126,-3.4585613681361607,-0.9492175998808622,16.653455752285915,-39.52369744365504,11.440216344782796,3.162407659371027,-5.2459851349662054,-9.113663419965949,21.990894265503197,6.771008133169954,-1.949191896018908,-26.659219431563148,-77.65481048718188,16.48338407926009,0.7955625792656891,6.875728770736741,0.6123709839127054,20.092425332574226,58.02203262708143,-18.4309237334993,11.329609964016734,59.23228008884508,-37.79699587110466,16.17107478622801,1.7708021734157915,-25.39852505461186,20.573918890112108,-6.110662300888531,17.54542948185259
-0.11022711395821351,-0.11891772809832461,0.33746915880185474,0.7487218667791818,0.2457093711271607,0.10021301676581608,-0.36903574299318725,0.3712825769967911,-1.1562106205465932,-0.8070440618543323,-0.06933988514220496,0.4736536700391449,-0.42344794577963046,-0.31205352789060875,0.16090296936896784,0.1255859407166393,-0.4104508242889505,-0.27718876366364853,0.014441565174915053,0.3137072610865101,-0.4071622979906474,-0.19571311913801248,-0.14032606057344682,0.38421960924247733,0.7865801608297799,0.4800676139938168,0.25154281128090167,0.5271271160235779,0.7955625792656891,0.44156909714780185,0.3171592112152454,-0.09913359714717271,0.20021619460833237,-0.1661465761418802,0.8635749118657597,-0.23497705830313814,-0.17556958286234983,0.3898478903242726,-0.4199067865755778,-0.1750720525564314,1.1297415248389076,0.6943203070169827,-0.18483914922511943,0.4473952588556411
-0.33136021127218596,3.3209255125362906,-3.8289698975119784,-0.4119443816361763,-3.952425490094187,-4.737245923009993,0.893770319581244,-8.827731188051159,0.5076488420712713,9.656992634383782,3.7405639194515263,-4.125694370360406,9.98088617318449,-7.980545008540294,-14.824696916663509,-1.4725271989146036,-0.40682439292509964,6.951783201480644,-16.485140998048504,4.784530323071995,1.300198287209419,-2.162273204098686,-3.779995330417885,9.202151591032388,2.8375507308390837,-0.7801378224128328,-11.115732007920398,-32.34116873393132,6.875728770736741,0.3171592112152454,2.8922556490760782,0.24592494159590098,8.361765132090222,24.12324461968579,-7.654736839853196,4.774694745562411,24.650012084158018,-15.754283436279675,6.717154123516719,0.738532563207833,-10.580604589570997,8.571955161863725,-2.5257110133300946,7.286550681839435
-0.0403173841570877,0.46512803407522557,-0.6430027532702274,-0.25838165150483683,-0.6271293269710358,-0.6580743332049561,0.26058100223637837,-1.369119687391422,0.536125264551537,1.3411155284541132,0.5694693514466905,-0.898691891938394,1.4144504588342592,-1.0263107241514953,-2.1500870884548897,-0.15187184088273087,0.15344685997898522,1.094629844801198,-2.2097148247376484,0.4437914048666817,0.3213455053187503,-0.2529087374678309,-0.5047762569252748,1.2167676529424993,0.0330054529953211,-0.30153994854545607,-1.4854749349575858,-4.452161114747222,0.6123709839127054,-0.09913359714717271,0.24592494159590098,0.26230521039249466,1.0635561992396694,3.336153948101674,-1.408894762035451,0.7779130308414041,3.3625354272527455,-2.3191090704565176,1.0833391978420914,0.07744280066826933,-1.823830443261723,0.8725735625965081,-0.3635962926385615,0.8013467315321477
-0.8401337705901066,10.57036769669977,-12.751582604218704,-2.5844843711781547,-12.98178463651931,-15.420712755173014,3.884224031853915,-28.904337187113416,3.89257672959379,32.22499856194896,11.987881293764024,-14.273465996153233,32.426820248463294,-24.859669062721693,-47.47014504382233,-4.687755352542914,-0.3474626755585404,22.5069915064337,-52.136782246420104,14.409734016187446,5.046976514780028,-6.593617410332886,-11.821685769462162,28.15386273663639,7.248908536714705,-3.6532204855330477,-35.683671409608884,-103.63926603069564,20.092425332574226,0.20021619460833237,8.361765132090222,1.0635561992396694,26.16792725579155,77.0787872974612,-26.180653975260455,15.305405364376373,78.6543022830655,-50.69615267298878,22.305467652626632,2.669640746615918,-35.85099961795367,25.748224127762317,-7.754397121991653,22.358899741432896
-2.2878387730613254,31.453062237005952,-38.30636637867157,-8.924535884657299,-38.83099473118066,-45.87759797229586,12.238481785679776,-86.23230631140682,13.543720034991647,96.79908494176715,35.59299754829193,-43.138774128771814,96.70222111254903,-73.063536683788,-140.79555542119886,-14.033391588547294,-0.2862106036319438,67.07217330094895,-154.26610437344016,42.0548035813056,15.699924932794053,-19.206988366570076,-34.75530369763942,82.55235477038855,20.02431218516397,-11.72273958953341,-106.01990198787479,-307.6245905430733,58.02203262708143,-0.1661465761418802,24.12324461968579,3.336153948101674,77.0787872974612,228.46811106454734,-79.05523072309123,45.60096458882397,233.09309940428335,-150.69308779159823,66.78454753734866,8.215555134071154,-108.09335790656432,74.94729107569098,-22.658862290076858,65.39647018654388
0.5910983986804729,-10.988497642692048,13.81302274952767,4.410676705510074,13.82463437305211,16.02989224538466,-4.991971483464045,30.453527127739743,-6.8616970470472936,-34.79403489056733,-12.389437241116077,15.85944254205662,-34.05085358929302,24.635948287475642,48.8466784788068,4.974912289910286,-0.7301179103829273,-23.60884617952945,53.092894024929414,-13.833191233307078,-6.205743876669161,6.283969717497981,11.74961596898098,-27.663357973733447,-5.337265604998682,5.011369110411833,36.93878329092418,106.90647905722484,-18.4309237334993,0.8635749118657597,-7.654736839853196,-1.408894762035451,-26.180653975260455,-79.05523072309123,28.925993667112042,-16.08273668056792,-80.62672133435608,52.63398679588,-23.850472453574394,-3.1307701059417776,39.36895026885224,-24.472925863856915,7.503185063109497,-21.71576396955782
-0.4318577776861802,6.414340856062662,-7.826556668486181,-2.147945584965777,-7.882730147515888,-9.085969201217525,2.4230463388771804,-17.317303614701597,3.212529026141559,19.513696411728734,7.168965663349199,-8.782966833853317,19.469779432270595,-14.425530148058716,-28.183932870567798,-2.9169937438950813,0.08055748136656929,13.595170989114106,-30.91085929254989,8.301249305717487,3.2352197709930084,-3.7107119356774083,-6.8623258984391065,16.56118728161648,3.7422936154722373,-2.429082240800467,-21.260513889830005,-61.610270688193225,11.329609964016734,-0.23497705830313814,4.774694745562411,0.7779130308414041,15.305405364376373,45.60096458882397,-16.08273668056792,9.405747718636933,46.56648258834217,-30.326958668252463,13.447249888136776,1.6681972026385261,-22.02136028408219,14.710527766123077,-4.446879170572405,12.81336283198782
-2.3349501021016983,32.10560954137394,-39.09262426796122,-9.124450904505336,-39.62346614391905,-46.78610936916321,12.438936067504248,-87.96791694981586,13.806622022719786,98.80923206741136,36.30949546346423,-43.96272867737562,98.67943762661041,-74.53544358168737,-143.64074541976817,-14.34839092375794,-0.3102630845168744,68.43478913106618,-157.43380872744214,42.950678912799624,15.9981571365782,-19.58099813245929,-35.45608069935946,84.26256860273404,20.46432463537473,-11.926330771749381,-108.21126896456822,-313.92350199598803,59.23228008884508,-0.17556958286234983,24.650012084158018,3.3625354272527455,78.6543022830655,233.09309940428335,-80.62672133435608,46.56648258834217,237.84798654388996,-153.76885889060904,68.13437485787898,8.390332394017914,-110.28905046570414,76.50126828616204,-23.097173198514998,66.74283126339519
1.4595510290313263,-20.845263884300657,25.48454852691301,6.365582702227287,25.76398475458567,30.243792654007784,-8.199641658515738,57.06519808193069,-9.666967516327626,-64.21866703191064,-23.526856977297477,28.74491058627786,-63.99438357053012,47.976205907591535,92.94508503599666,9.34227497181635,-0.059765528075317535,-44.44415530144304,101.76902152032375,-27.54694833287567,-10.568054046683107,12.524813019525626,22.828595582703187,-54.335734474137276,-12.74011802596864,7.970034199521751,70.04300179929527,203.13080259815857,-37.79699587110466,0.3898478903242726,-15.754283436279675,-2.3191090704565176,-50.69615267298878,-150.69308779159823,52.63398679588,-30.326958668252463,-153.76885889060904,99.64990196424077,-44.2738605674246,-5.488070180849271,71.95232392319785,-49.00073006401364,14.840597339509019,-42.81807379207909
-0.5857270638936494,9.197489683502834,-11.44893778967486,-3.1980395844399325,-11.515653810324723,-13.490494532614377,3.9440117475845993,-25.51334651883429,4.975882980207625,28.925040961200473,10.41822104027651,-13.063442204268075,28.51201029616385,-21.077480679784706,-41.21828709954587,-4.118168197801385,0.32942419866306677,19.76434447051007,-44.923709487290125,11.956584350335822,4.957651000161284,-5.455284935539003,-10.051247212591063,23.681936328308037,5.076943793605327,-3.893206219667322,-31.11637522241473,-90.15093539189417,16.17107478622801,-0.4199067865755778,6.717154123516719,1.0833391978420914,22.305467652626632,66.78454753734866,-23.850472453574394,13.447249888136776,68.13437485787898,-44.2738605674246,19.908051803716486,2.530036916908096,-32.523464356658366,21.223635919340868,-6.47689336305115,18.733981326370166
-0.019566515734584452,1.1751184506650794,-1.4874447813928364,-0.6236155992846685,-1.475132328316319,-1.6975484746504608,0.600387379249377,-3.201319846595907,0.8968802576426723,3.8667462137806368,1.281243052350986,-1.6532815271697423,3.650358446042753,-2.4633362885349634,-5.044830473074868,-0.5812043936339453,0.11997537494089001,2.4700334330878904,-5.505678400818664,1.4076657166375282,0.7231092500450619,-0.6036620754038554,-1.1663715281016804,2.7240873505768284,0.4388310276278587,-0.6052615586215783,-3.912024546520734,-11.202139003526538,1.7708021734157915,-0.1750720525564314,0.738532563207833,0.07744280066826933,2.669640746615918,8.215555134071154,-3.1307701059417776,1.6681972026385261,8.390332394017914,-5.488070180849271,2.530036916908096,0.40123494743645544,-4.287318069113299,2.415222130929726,-0.701187009216258,2.1663562750673946
0.8159624838653164,-15.065945076419563,18.858238460935514,5.974064010357557,18.884872538092214,21.88115576539637,-6.69620386742483,41.55933617183695,-9.179441457003438,-47.56450675570139,-16.93286037027527,21.509260832650043,-46.56826038812069,33.70690831399058,66.75648975179858,6.870834179487835,-0.8826934122396494,-32.259148497944786,72.69940053915705,-19.044074909066808,-8.393811200104647,8.59411088890585,16.064615688593623,-37.942889560126375,-7.501041838158063,6.717713582843633,50.56000114851299,146.2423321882525,-25.39852505461186,1.1297415248389076,-10.580604589570997,-1.823830443261723,-35.85099961795367,-108.09335790656432,39.36895026885224,-22.02136028408219,-110.28905046570414,71.95232392319785,-32.523464356658366,-4.287318069113299,53.67741852038098,-33.63481005991854,10.24361383079455,-29.775212716407232
-0.9431719187397806,10.221892292142947,-12.054275309276044,-1.6978052365152907,-12.381980446256842,-14.888606547211046,3.2845241166643944,-27.718839967245568,2.428563785103062,30.526850269814275,11.610504177371904,-13.290415355944551,31.165393604623425,-24.575697888184656,-46.08061075899618,-4.490201380970808,-0.8608677057779048,21.64238937126073,-50.88793327090002,14.4708803385301,4.422782314927444,-6.6336076030957205,-11.665627018007132,27.95962114847544,8.0504501297704,-2.94542378804179,-34.54670326630072,-100.49973606102228,20.573918890112108,0.6943203070169827,8.571955161863725,0.8725735625965081,25.748224127762317,74.94729107569098,-24.472925863856915,14.710527766123077,76.50126828616204,-49.00073006401364,21.223635919340868,2.415222130929726,-33.63481005991854,25.95460241363385,-7.750146960855564,22.309639435066213
0.29834324579761945,-3.0586955370052435,3.658002326348055,0.5254009655864866,3.744275559055655,4.513025462195935,-1.0510095659188983,8.435664427021946,-0.848999711277458,-9.171991313775596,-3.5185435043472983,4.157581914441064,-9.38835253084146,7.4392839529285,13.972352874007978,1.2918394390974437,0.18175048138984504,-6.566260035300384,15.324441963741114,-4.290419287466987,-1.3842144877569074,2.0156243555421827,3.5404506300064864,-8.43006590557845,-2.3092626981473905,0.9619006374033404,10.396046180291057,30.332115454679318,-6.110662300888531,-0.18483914922511943,-2.5257110133300946,-0.3635962926385615,-7.754397121991653,-22.658862290076858,7.503185063109497,-4.446879170572405,-23.097173198514998,14.840597339509019,-6.47689336305115,-0.701187009216258,10.24361383079455,-7.750146960855564,2.386661145699901,-6.70206746650864
-0.7862545449299357,8.855371482881186,-10.612844110271707,-1.7052381202800841,-10.861033043250552,-13.059065407090358,3.095628146527977,-24.349094496386353,2.5836395652159037,26.94616610006019,10.11483385933349,-11.834698494572427,27.267878276119763,-21.336757741955505,-40.22858552545842,-3.870434745469965,-0.5284665261646421,18.907540072189722,-44.247581086573106,12.44543902712613,4.0497521034881965,-5.733608119124138,-10.151822582156347,24.10039134024467,6.61583949501554,-2.8329614653648547,-30.184218629742453,-87.76374730593894,17.54542948185259,0.4473952588556411,7.286550681839435,0.8013467315321477,22.358899741432896,65.39647018654388,-21.71576396955782,12.81336283198782,66.74283126339519,-42.81807379207909,18.733981326370166,2.1663562750673946,-29.775212716407232,22.309639435066213,-6.70206746650864,19.332484048915262
