V1,V2,V3,V4,V5,V6,V7,V8,V9,V10,V11,V12,V13,V14,V15,V16,V17,V18,V19,V20,V21,V22,V23,V24,V25,V26,V27,V28,V29,V30,V31,V32,V33,V34,V35,V36,V37,V38,V39,V40,V41,V42,V43,V44
0.8869681306673135,0.25253621915418706,-2.0030184799409554,-5.376830140790269,-1.3154398240789416,-0.4066370768805623,3.0369295283183457,-1.8963768095167914,8.619929721555046,5.048829415077673,0.01701716265783587,-3.254414261009983,1.921926597255059,3.157529564157004,0.4967108317721055,-0.5188228406243321,3.269343191370527,1.0964689599646358,2.1209577267308597,-3.055674471333021,3.0463590036182917,1.6146728405338642,1.4063277377182943,-4.404968865524405,-6.470806906748488,-3.787614422297481,-0.5159706380246407,-0.0923973438278001,-6.993410445134226,-3.279349823795611,-2.9411450904217693,0.7090814658667066,-2.4775837684766935,-1.433095012460129,-5.773748221996103,0.8041803993823209,-1.5268160352573923,-0.9334238328483035,2.5435984694267457,1.2536662280095427,-7.2900376409113266,-6.336724926276019,1.6313360864418374,-4.074194679417508
0.25253621915418706,0.9291040119318473,-0.9537522053248843,-2.5164790615399557,-0.6576911755363133,0.6597445625910848,-0.16297030011425018,-0.09582457849478797,3.156405402772364,0.8866806102894447,0.25570210990859116,-0.695258819006499,0.7763197489566381,1.5713301024212099,0.36510423927920904,-0.891076958439488,0.7280286920588731,1.0220423591484056,-0.030862355840853287,-0.7865088443220097,0.6042461974940229,0.9401875877963942,0.830499360375177,-0.015218767821719248,-1.5987402898054972,-0.45863232310757907,-0.0897169604994312,0.375707339035187,-1.9028013391091692,-1.3441959156968315,-0.39391418110809956,0.570648751248802,-1.0093332158595878,-1.2749295173578252,-1.4717281466109209,1.6426547928578372,-1.094394048442375,-0.6969734077456976,0.21002044902184047,0.26814722027220267,-2.258379682813068,-2.0543237033775594,0.6964633477457486,-2.1355629656713324
-2.0030184799409554,-0.9537522053248843,4.699385397446361,12.586916991867277,3.1002254456369216,0.5734682216236366,-6.399643918893673,4.09125626904298,-19.787315960926165,-11.167189714450577,-0.151872490292264,7.249744394547189,-4.448966396238073,-7.42837115966867,-1.2130913557790437,1.5038315536561173,-7.295640751013014,-2.7976055252300136,-4.498420585749113,6.860866200114239,-6.764182460093507,-3.8612595876481657,-3.366341163135506,9.390859796067287,14.507245095620943,8.279745270326103,1.148948947076371,0.05122567459727219,15.7544420097113,7.5917124529235505,6.443870426675321,-1.7649959700249735,5.727954506658716,3.611782649194874,12.969721990413795,-2.4529044000234768,3.7283337109094963,2.3116295005088543,-5.521874165615728,-2.7925780531063342,16.557159370354146,14.420790964144429,-3.787286561071839,9.633182490071444
-5.376830140790269,-2.5164790615399557,12.586916991867277,33.807088644167614,8.303866042796951,1.5971377469601458,-17.286733199357887,11.017396277537749,-53.18490525646203,-30.069727572182583,-0.3751391734337229,19.53401224246076,-11.935390445327538,-19.951377350196978,-3.2876139915633105,4.021423919222103,-19.637955735644027,-7.458388497180183,-12.16033055710949,18.488570261645563,-18.228676539244134,-10.363159385305968,-9.029936240348619,25.362660146882682,39.07389996317155,22.299714205455587,3.0617038163237225,0.1021001745182299,42.41026059327611,20.408833521318453,17.352359005948447,-4.7267884520766374,15.40018918538674,9.692395865505794,34.89593242952776,-6.490956856883614,10.030796479810494,6.164820020111677,-14.884635948546057,-7.516711003914134,44.52165416374883,38.796374840157455,-10.180278540403213,25.85986492526674
-1.3154398240789416,-0.6576911755363133,3.1002254456369216,8.303866042796951,2.0472459896086117,0.35342609557759447,-4.171616877298941,2.6757871457706908,-13.024505755954651,-7.321635011459182,-0.10914975544870664,4.758548895848946,-2.9343350438690785,-4.900625825764547,-0.8004565317169623,1.015300872898018,-4.78612068863163,-1.8639143366171158,-2.928231741423995,4.505055194371987,-4.437074679261936,-2.5524669302972294,-2.2249312195298145,6.126067394449904,9.52405474847921,5.418893660658673,0.7551068133699204,0.02939538890988286,10.346680268678497,5.002240622911304,4.217300985587862,-1.1728697996771558,3.7707216936144765,2.393399374913027,8.518954083985548,-1.6596518628732384,2.464156006240149,1.5381650235202586,-3.6129050303339048,-1.8321397045333658,10.8884853629597,9.481011969896487,-2.4954823232880408,6.360192183049372
-0.4066370768805623,0.6597445625910848,0.5734682216236366,1.5971377469601458,0.35342609557759447,0.9215798277756363,-2.3677942354597885,1.3077381399232113,-3.361634491106106,-2.8771020361967237,0.22001884415303852,1.7475152901180666,-0.702868877146732,-0.8317496996149519,-0.0014333763876581752,-0.428147229218646,-1.704943602664201,0.13521130632980247,-1.534440161048421,1.4995009943994126,-1.670994410053072,-0.30428281602558227,-0.24827653267805877,3.1769533543007262,3.2409100556397274,2.3294934847922057,0.3058622419715134,0.47172945452449827,3.325796035771941,1.1512433410848566,1.7648968452485003,0.006765229230660462,0.8539779357792487,-0.18661978795990097,2.8634473792663164,0.9269321617503395,0.05463712683109637,0.06654708717520713,-1.672704196300309,-0.666594540079315,3.2467044644463665,2.702170096185917,-0.5404632902520693,0.9808970264345775
3.0369295283183457,-0.16297030011425018,-6.399643918893673,-17.286733199357887,-4.171616877298941,-2.3677942354597885,11.705131907134199,-7.07483431820177,28.771007773666632,18.051988749473374,-0.251289108187859,-11.499683203186754,6.343030123737365,10.015124665568989,1.4202659129929176,-0.9020452285652139,11.48267560751769,2.9034978187826748,8.028668130313624,-10.615945689389386,10.812168693399094,4.960953026901405,4.2972851027985275,-16.646043818628797,-22.560301166663336,-13.76734849242622,-1.8483958573953265,-0.8578012304726856,-24.14506686633813,-10.780742382250928,-10.633030597222257,1.9904017131539453,-8.127023699601468,-3.8140589105747513,-20.077305523562025,1.0335135745422424,-4.400497675103586,-2.7081935187004516,9.39050454985446,4.419091271563145,-24.862097797753698,-21.464691070302557,5.32098260681148,-12.795700011089078
-1.8963768095167914,-0.09582457849478797,4.09125626904298,11.017396277537749,2.6757871457706908,1.3077381399232113,-7.07483431820177,4.3308955878195095,-18.125419058773492,-11.162548328614566,0.09410850959687227,7.131755037822062,-4.027266636561304,-6.3937187299820435,-0.9137188544729553,0.731332053451069,-7.124040932703663,-1.9850755776700826,-4.844799677351472,6.599626409670212,-6.691654381081021,-3.203409040445159,-2.7749359943690375,10.097415279387858,14.025294770736394,8.457756227054457,1.1608834318497845,0.4966824685162537,15.044780322922756,6.823475422485362,6.534960500691149,-1.3255224012313918,5.130874332551985,2.5427119920181593,12.508080733878023,-0.9754833219834493,2.858606734901198,1.8138698725955373,-5.757739980467899,-2.7401254197207905,15.58166306616448,13.445428778948516,-3.3711279762209876,8.198608817714064
8.619929721555046,3.156405402772364,-19.787315960926165,-53.18490525646203,-13.024505755954651,-3.361634491106106,28.771007773666632,-18.125419058773492,84.54156791037909,48.77835368813801,0.3469687557852379,-31.557066189251962,18.906704985579083,31.28807688914271,5.029298208005243,-5.684259665997686,31.69024223303505,11.2329711037006,20.134621849618352,-29.722759893199342,29.494792133253654,16.118002426024375,14.031715416383568,-41.9269069305282,-62.889045614924534,-36.387509987626714,-4.974603476715643,-0.5999714315378358,-68.07542180098598,-32.29590969372268,-28.272432362445134,7.199715380231563,-24.370081767597657,-14.628613746286465,-56.12629758592972,8.955840201678177,-15.384654316281406,-9.451316065941308,24.394935678948958,12.142295859005571,-71.19431063080113,-61.93298984203795,16.080052996235118,-40.450025340873395
5.048829415077673,0.8866806102894447,-11.167189714450577,-30.069727572182583,-7.321635011459182,-2.8771020361967237,18.051988749473374,-11.162548328614566,48.77835368813801,29.268095547802975,-0.07662201819824502,-18.793334578762835,10.85535889409465,17.555501596095983,2.655032965881272,-2.4999362294466247,18.814165371241252,5.793073509511291,12.479121004788531,-17.519700502855475,17.609085633246067,8.898210604696718,7.723950626882261,-25.977473591425543,-37.162399813189694,-22.044221705378856,-3.0100092258127535,-0.9055316848369215,-40.00757559015166,-18.474908322504653,-17.071181545223432,3.803009335978058,-13.917741327899162,-7.511922650131468,-33.13797210862796,3.6476487919815845,-8.19507275570231,-5.097789035573952,14.917602865217273,7.224314603318286,-41.57894307148311,-36.010350874648296,9.158508461394923,-22.583227459291468
0.01701716265783587,0.25570210990859116,-0.151872490292264,-0.3751391734337229,-0.10914975544870664,0.22001884415303852,-0.251289108187859,0.09410850959687227,0.3469687557852379,-0.07662201819824502,0.07860835183634261,0.016455845663118873,0.10487323716987566,0.24515416465400147,0.0628950203752521,-0.22248767234961025,-0.006141699371690445,0.2322480028933633,-0.15851557804005703,-0.02013735871624945,-0.02976917655237307,0.16530960270156034,0.14836849919744138,0.29657164611687786,-0.0273806046056117,0.11658331770658685,4.519892026577046e-4,0.0987390244657385,-0.08263168211723607,-0.17140748513078977,0.07977880519277679,0.12007756737026155,-0.12594293234358483,-0.2658071238467833,-0.04699265001139219,0.431191932314864,-0.20521628111008802,-0.1496135970329742,-0.10798262788890142,-0.004955161110022317,-0.17624053480066565,-0.17204972504825508,0.09270157982273967,-0.3508144284940821
-3.254414261009983,-0.695258819006499,7.249744394547189,19.53401224246076,4.758548895848946,1.7475152901180666,-11.499683203186754,7.131755037822062,-31.557066189251962,-18.793334578762835,0.016455845663118873,12.09127809590206,-7.029996875466515,-11.42040974377031,-1.7524677115643217,1.7226840478936114,-12.104089113456206,-3.832382975134791,-7.963072598366402,11.294255341686164,-11.322557091349932,-5.80767193579793,-5.043573667069211,16.58399383496195,23.938354893639595,14.126959297460527,1.9240848828566646,0.5099904122864,25.794402159469158,11.975283530985157,10.94610484097643,-2.5067083059247786,9.022046010240237,4.974607573487975,21.345853462780656,-2.5472164180360926,5.390126534852124,3.341215582441135,-9.545153927786142,-4.646465147151193,26.837963628815643,23.264505825146227,-5.940545749995237,14.706952466937173
1.921926597255059,0.7763197489566381,-4.448966396238073,-11.935390445327538,-2.9343350438690785,-0.702868877146732,6.343030123737365,-4.027266636561304,18.906704985579083,10.85535889409465,0.10487323716987566,-7.029996875466515,4.255479901066427,7.011224668644722,1.106918225069087,-1.3272896929280644,7.05052667375859,2.573375471530363,4.407562748556151,-6.613656375620324,6.561262214263514,3.6254895146094435,3.1538828270391437,-9.238808768392156,-14.000507489510625,-8.070287129140059,-1.1268872767474327,-0.1699020721735952,-15.160440716591078,-7.232231183864965,-6.26636785710092,1.635062227631734,-5.439944134167024,-3.275172787130792,-12.520547766289214,2.111653626099399,-3.4289897814509938,-2.1724552793702463,5.4147355078655,2.7029234894041645,-15.912434070840021,-13.81290319933181,3.597786255852373,-9.080128969490405
3.157529564157004,1.5713301024212099,-7.42837115966867,-19.951377350196978,-4.900625825764547,-0.8317496996149519,10.015124665568989,-6.3937187299820435,31.28807688914271,17.555501596095983,0.24515416465400147,-11.42040974377031,7.011224668644722,11.802885108543853,1.9821262276651783,-2.4414737798124415,11.498552572298156,4.45005142367044,7.0917227802066725,-10.84307223709548,10.657360579600963,6.14187952922971,5.358160449713053,-14.747832224844345,-22.89613245191677,-13.009453115608096,-1.7707374754218526,0.049791955594849245,-24.88310147438199,-12.022179001002751,-10.13586053634765,2.8165858104268775,-9.08911529720248,-5.839928016071155,-20.43670050207563,3.9716094790481726,-6.0122878198216005,-3.6384623093320805,8.656375699412932,4.398038945982415,-26.121147667358596,-22.80835077849058,6.005321421072261,-15.304990686978353
0.4967108317721055,0.36510423927920904,-1.2130913557790437,-3.2876139915633105,-0.8004565317169623,-0.0014333763876581752,1.4202659129929176,-0.9137188544729553,5.029298208005243,2.655032965881272,0.0628950203752521,-1.7524677115643217,1.106918225069087,1.9821262276651783,0.39171227861216074,-0.4924739324153446,1.7816414698546894,0.7838139317921671,1.071268787667007,-1.7097596942092537,1.6360057166850324,1.0456335003468276,0.918254728232389,-2.16514582464941,-3.5797524525402182,-1.9521292268511217,-0.23654249185928714,0.16472268524771083,-3.9262340616515723,-1.9560801201770261,-1.5364542965355303,0.49677915944103673,-1.5011530251276408,-1.121552575429583,-3.1689496434364375,0.8215169364207141,-1.1190629545702024,-0.5899439149715711,1.2677144384035601,0.6768403830027447,-4.109059528498586,-3.6540023728424558,0.9881177335822969,-2.57512094954816
-0.5188228406243321,-0.891076958439488,1.5038315536561173,4.021423919222103,1.015300872898018,-0.428147229218646,-0.9020452285652139,0.731332053451069,-5.684259665997686,-2.4999362294466247,-0.22248767234961025,1.7226840478936114,-1.3272896929280644,-2.4414737798124415,-0.4924739324153446,0.9544649396777057,-1.7505325746708906,-1.2544228716370318,-0.7017434323974938,1.7333655309306144,-1.571593000714257,-1.3674791307193255,-1.1990596519146945,1.5273891948391276,3.6095035479975803,1.6920222593751355,0.2493355421447631,-0.299777922348627,4.04757337102037,2.289970633256161,1.345354299646176,-0.7361893012576651,1.722738748132255,1.5956278694758814,3.2525015322640907,-1.6919774456657208,1.4741090782516284,0.9197444643160837,-1.0559106062555104,-0.6614951078221017,4.453312199950076,3.9512579715043956,-1.1624099828107382,3.241855260551808
3.269343191370527,0.7280286920588731,-7.295640751013014,-19.637955735644027,-4.78612068863163,-1.704943602664201,11.48267560751769,-7.124040932703663,31.69024223303505,18.814165371241252,-0.006141699371690445,-12.104089113456206,7.05052667375859,11.498552572298156,1.7816414698546894,-1.7505325746708906,12.135080249324883,3.872644152363087,7.982623065901274,-11.323540785139251,11.33761239859748,5.850596089419744,5.085615519697473,-16.587145715092106,-23.99674088345292,-14.146238444059097,-1.921056046985777,-0.458313775126531,-25.876413738209845,-12.02871335011427,-10.968819347877776,2.5291790752516046,-9.076281926403238,-5.064829293883966,-21.39307944698417,2.6206583931303804,-5.466645788199674,-3.3536361238800594,9.541582569349274,4.6560714901144,-26.91595865459711,-23.35847948854871,5.972739125043322,-14.808018783646878
1.0964689599646358,1.0220423591484056,-2.7976055252300136,-7.458388497180183,-1.8639143366171158,0.13521130632980247,2.9034978187826748,-1.9850755776700826,11.2329711037006,5.793073509511291,0.2322480028933633,-3.832382975134791,2.573375471530363,4.45005142367044,0.7838139317921671,-1.2544228716370318,3.872644152363087,1.94847556822787,2.0820307049453346,-3.7007115058645166,3.546910504312275,2.3901901614420233,2.089852729488312,-4.410535519397005,-7.790588641009069,-4.170064369783007,-0.6024430388481364,0.18641230026842115,-8.56189605855666,-4.390604361640825,-3.266381121954485,1.180430893609024,-3.305266266529715,-2.465779880107899,-6.999072117295401,2.1674635547252845,-2.408400840684649,-1.5247628656568315,2.724661015899777,1.4764653663176082,-9.169156436161048,-8.028818307500043,2.205072855935456,-5.833561913865531
2.1209577267308597,-0.030862355840853287,-4.498420585749113,-12.16033055710949,-2.928231741423995,-1.534440161048421,8.028668130313624,-4.844799677351472,20.134621849618352,12.479121004788531,-0.15851557804005703,-7.963072598366402,4.407562748556151,7.0917227802066725,1.071268787667007,-0.7017434323974938,7.982623065901274,2.0820307049453346,5.58953393495415,-7.400473100012115,7.49377214762378,3.522694108299203,3.061529938388342,-11.489513097977268,-15.699159977291794,-9.52257337480328,-1.2444181621390813,-0.4279023000235547,-16.842108524306084,-7.56064247035364,-7.373788072355473,1.4267433049104896,-5.734352771828338,-2.860541237618339,-13.939802176056379,0.8732109822939234,-3.2408506431332342,-1.8772498477762256,6.457425401824767,3.066444221902696,-17.30633376083433,-15.02190192505851,3.745612204050055,-9.060866486870328
-3.055674471333021,-0.7865088443220097,6.860866200114239,18.488570261645563,4.505055194371987,1.4995009943994126,-10.615945689389386,6.599626409670212,-29.722759893199342,-17.519700502855475,-0.02013735871624945,11.294255341686164,-6.613656375620324,-10.84307223709548,-1.7097596942092537,1.7333655309306144,-11.323540785139251,-3.7007115058645166,-7.400473100012115,10.589947676495056,-10.57433221665702,-5.5326179255694035,-4.8117823808263065,15.371758707157703,22.420934324827652,13.151232432122725,1.7748519413597001,0.3466375333874251,24.198450593485944,11.302628545586831,10.20419048742993,-2.4122149275532836,8.532603787909185,4.861508952470406,19.981758159494095,-2.6159707927082114,5.216698513755569,3.174134956096841,-8.855050045021489,-4.343209285169833,25.187130705043042,21.885585149702337,-5.61684984443415,13.975871303072958
3.0463590036182917,0.6042461974940229,-6.764182460093507,-18.228676539244134,-4.437074679261936,-1.670994410053072,10.812168693399094,-6.691654381081021,29.494792133253654,17.609085633246067,-0.02976917655237307,-11.322557091349932,6.561262214263514,10.657360579600963,1.6360057166850324,-1.571593000714257,11.33761239859748,3.546910504312275,7.49377214762378,-10.57433221665702,10.606965017892954,5.41146942752272,4.700095020784425,-15.586634602729855,-22.413518626501403,-13.251561235520294,-1.7984783263665296,-0.48057954449866225,-24.145683994381812,-11.184789757676382,-10.268061766424974,2.326436259759543,-8.43193795803531,-4.625215825504576,-19.979208256940208,2.310051234196607,-5.023789950358274,-3.096215093431289,8.954427018234076,4.3521826243739365,-25.098916751827264,-21.762199988429344,5.548734346343863,-13.716836487248429
1.6146728405338642,0.9401875877963942,-3.8612595876481657,-10.363159385305968,-2.5524669302972294,-0.30428281602558227,4.960953026901405,-3.203409040445159,16.118002426024375,8.898210604696718,0.16530960270156034,-5.80767193579793,3.6254895146094435,6.14187952922971,1.0456335003468276,-1.3674791307193255,5.850596089419744,2.3901901614420233,3.522694108299203,-5.5326179255694035,5.41146942752272,3.21772947476157,2.8075819080133613,-7.346155699001487,-11.675296768154363,-6.5571810422849515,-0.9002377663742608,0.07893839575074524,-12.71444849935413,-6.215625055158944,-5.113466616147517,1.4988746361436829,-4.695179441056003,-3.117638852243521,-10.430426409783141,2.256931688698174,-3.172530856401537,-1.9345837097405445,4.350186041023414,2.2360788857575136,-13.395953736035999,-11.705390566851802,3.1084781241292254,-7.980868662493112
1.4063277377182943,0.830499360375177,-3.366341163135506,-9.029936240348619,-2.2249312195298145,-0.24827653267805877,4.2972851027985275,-2.7749359943690375,14.031715416383568,7.723950626882261,0.14836849919744138,-5.043573667069211,3.1538828270391437,5.358160449713053,0.918254728232389,-1.1990596519146945,5.085615519697473,2.089852729488312,3.061529938388342,-4.8117823808263065,4.700095020784425,2.8075819080133613,2.4522207515948686,-6.372529377056458,-10.149160010399667,-5.694328242055261,-0.7779883215610384,0.09029834543741375,-11.059631780762299,-5.412404151918006,-4.4439598374469345,1.3103846527257894,-4.093653721962493,-2.73816956852328,-9.065664343336946,1.9858038585643618,-2.7822693746063227,-1.682650873258131,3.770220119925047,1.9433051726054507,-11.649193631439463,-10.189860310361688,2.7084840052313135,-6.963884870311974
-4.404968865524405,-0.015218767821719248,9.390859796067287,25.362660146882682,6.126067394449904,3.1769533543007262,-16.646043818628797,10.097415279387858,-41.9269069305282,-25.977473591425543,0.29657164611687786,16.58399383496195,-9.238808768392156,-14.747832224844345,-2.16514582464941,1.5273891948391276,-16.587145715092106,-4.410535519397005,-11.489513097977268,15.371758707157703,-15.586634602729855,-7.346155699001487,-6.372529377056458,23.772654537754434,32.63527541732173,19.767623993389314,2.638066038254939,1.039264589827527,34.99330165257785,15.755301524580778,15.287612063520308,-2.9957246205699,11.898453463282397,5.863782857502991,29.031571108246613,-1.9256265415928329,6.646503450575052,4.018966401317525,-13.438634484023632,-6.376989249907463,36.07188948864754,31.216528955345836,-7.792221705744684,18.868197804115585
-6.470806906748488,-1.5987402898054972,14.507245095620943,39.07389996317155,9.52405474847921,3.2409100556397274,-22.560301166663336,14.025294770736394,-62.889045614924534,-37.162399813189694,-0.0273806046056117,23.938354893639595,-14.000507489510625,-22.89613245191677,-3.5797524525402182,3.6095035479975803,-23.99674088345292,-7.790588641009069,-15.699159977291794,22.420934324827652,-22.413518626501403,-11.675296768154363,-10.149160010399667,32.63527541732173,47.49385117407288,27.90117621379529,3.7841393293802765,0.8191922513819074,51.24035901482913,23.90121184850639,21.64002064696965,-5.076577506955155,18.032372421174905,10.192514817197383,42.33877395720521,-5.4378383239450345,10.955947476901745,6.712771109127082,-18.805280768441833,-9.205288801106171,53.339923822228336,46.31219650513006,-11.87280068154556,29.504353870841747
-3.787614422297481,-0.45863232310757907,8.279745270326103,22.299714205455587,5.418893660658673,2.3294934847922057,-13.76734849242622,8.457756227054457,-36.387509987626714,-22.044221705378856,0.11658331770658685,14.126959297460527,-8.070287129140059,-13.009453115608096,-1.9521292268511217,1.6920222593751355,-14.146238444059097,-4.170064369783007,-9.52257337480328,13.151232432122725,-13.251561235520294,-6.5571810422849515,-5.694328242055261,19.767623993389314,27.90117621379529,16.66681038343289,2.256636370949169,0.7310411978099549,30.00667257289551,13.745602121162115,12.905065604313277,-2.764331688823825,10.370061339725215,5.457860710407627,24.861856665839255,-2.3975605340143784,6.018420449384252,3.698328837954113,-11.28641908987465,-5.4338229751207106,31.098374762842774,26.937064766796464,-6.811084340987539,16.707996513977122
-0.5159706380246407,-0.0897169604994312,1.148948947076371,3.0617038163237225,0.7551068133699204,0.3058622419715134,-1.8483958573953265,1.1608834318497845,-4.974603476715643,-3.0100092258127535,4.519892026577046e-4,1.9240848828566646,-1.1268872767474327,-1.7707374754218526,-0.23654249185928714,0.2493355421447631,-1.921056046985777,-0.6024430388481364,-1.2444181621390813,1.7748519413597001,-1.7984783263665296,-0.9002377663742608,-0.7779883215610384,2.638066038254939,3.7841393293802765,2.256636370949169,0.33381762699456646,0.16497153803375086,4.067044723837013,1.8805489332954062,1.7406981611409358,-0.38513515704053614,1.4013594641415257,0.7125243179705613,3.39724203311919,-0.37556517620030877,0.7798419151756811,0.5509735724665459,-1.539158487479013,-0.7391857246567975,4.262942648249275,3.6542686386250445,-0.9274699362927987,2.2827701511552396
-0.0923973438278001,0.375707339035187,0.05122567459727219,0.1021001745182299,0.02939538890988286,0.47172945452449827,-0.8578012304726856,0.4966824685162537,-0.5999714315378358,-0.9055316848369215,0.0987390244657385,0.5099904122864,-0.1699020721735952,0.049791955594849245,0.16472268524771083,-0.299777922348627,-0.458313775126531,0.18641230026842115,-0.4279023000235547,0.3466375333874251,-0.48057954449866225,0.07893839575074524,0.09029834543741375,1.039264589827527,0.8191922513819074,0.7310411978099549,0.16497153803375086,0.45038265025139845,0.7653588221440489,0.15506713045469023,0.5214912578402583,0.10463541752435364,0.057467223545148195,-0.4580088994331866,0.7799904338608309,0.5874775167384796,-0.34544944905519487,0.0032461306126293104,-0.5898014752948679,-0.18782423753401928,0.7911171807395703,0.509056872942308,-0.0446524337807902,-0.09654735063441419
-6.993410445134226,-1.9028013391091692,15.7544420097113,42.41026059327611,10.346680268678497,3.325796035771941,-24.14506686633813,15.044780322922756,-68.07542180098598,-40.00757559015166,-0.08263168211723607,25.794402159469158,-15.160440716591078,-24.88310147438199,-3.9262340616515723,4.04757337102037,-25.876413738209845,-8.56189605855666,-16.842108524306084,24.198450593485944,-24.145683994381812,-12.71444849935413,-11.059631780762299,34.99330165257785,51.24035901482913,30.00667257289551,4.067044723837013,0.7653588221440489,55.32958871403691,25.89973928765453,23.28680321957749,-5.5609547974833555,19.551767992580107,11.223143764908643,45.68252210564453,-6.1726945418818735,12.00088359104777,7.324979243513314,-20.191473857791152,-9.922932214477504,57.63629156277758,50.08318968301666,-12.875349080242737,32.08547877740466
-3.279349823795611,-1.3441959156968315,7.5917124529235505,20.408833521318453,5.002240622911304,1.1512433410848566,-10.780742382250928,6.823475422485362,-32.29590969372268,-18.474908322504653,-0.17140748513078977,11.975283530985157,-7.232231183864965,-12.022179001002751,-1.9560801201770261,2.289970633256161,-12.02871335011427,-4.390604361640825,-7.56064247035364,11.302628545586831,-11.184789757676382,-6.215625055158944,-5.412404151918006,15.755301524580778,23.90121184850639,13.745602121162115,1.8805489332954062,0.15506713045469023,25.89973928765453,12.362865480579035,10.686346559334245,-2.8015299167649435,9.32793273918362,5.716022654819125,21.333993927019588,-3.6418418511116375,5.97041210012536,3.6661765945083737,-9.20019550914756,-4.606795990901733,27.12866884645558,23.61735787803176,-6.159759993008716,15.559060603008932
-2.9411450904217693,-0.39391418110809956,6.443870426675321,17.352359005948447,4.217300985587862,1.7648968452485003,-10.633030597222257,6.534960500691149,-28.272432362445134,-17.071181545223432,0.07977880519277679,10.94610484097643,-6.26636785710092,-10.13586053634765,-1.5364542965355303,1.345354299646176,-10.968819347877776,-3.266381121954485,-7.373788072355473,10.20419048742993,-10.268061766424974,-5.113466616147517,-4.4439598374469345,15.287612063520308,21.64002064696965,12.905065604313277,1.7406981611409358,0.5214912578402583,23.28680321957749,10.686346559334245,9.998003109006094,-2.1629073823084597,8.070081514297161,4.298700556507841,19.278525501328993,-1.9263593823122356,4.723192488603819,2.877819119884558,-8.726923554693236,-4.212096212512162,24.13294911013077,20.92366031411206,-5.298685282926187,13.020947128276324
0.7090814658667066,0.570648751248802,-1.7649959700249735,-4.7267884520766374,-1.1728697996771558,0.006765229230660462,1.9904017131539453,-1.3255224012313918,7.199715380231563,3.803009335978058,0.12007756737026155,-2.5067083059247786,1.635062227631734,2.8165858104268775,0.49677915944103673,-0.7361893012576651,2.5291790752516046,1.180430893609024,1.4267433049104896,-2.4122149275532836,2.326436259759543,1.4988746361436829,1.3103846527257894,-2.9957246205699,-5.076577506955155,-2.764331688823825,-0.38513515704053614,0.10463541752435364,-5.5609547974833555,-2.8015299167649435,-2.1629073823084597,0.7263001574238347,-2.1142460463050337,-1.5215822131114625,-4.546524687210127,1.2483910874316975,-1.509083070496427,-0.9294764341131591,1.814293047132316,0.9651436151940019,-5.911707267621834,-5.180467630554588,1.4056776448646147,-3.680498249063526
-2.4775837684766935,-1.0093332158595878,5.727954506658716,15.40018918538674,3.7707216936144765,0.8539779357792487,-8.127023699601468,5.130874332551985,-24.370081767597657,-13.917741327899162,-0.12594293234358483,9.022046010240237,-5.439944134167024,-9.08911529720248,-1.5011530251276408,1.722738748132255,-9.076281926403238,-3.305266266529715,-5.734352771828338,8.532603787909185,-8.43193795803531,-4.695179441056003,-4.093653721962493,11.898453463282397,18.032372421174905,10.370061339725215,1.4013594641415257,0.057467223545148195,19.551767992580107,9.32793273918362,8.070081514297161,-2.1142460463050337,7.055641166188413,4.362790080082494,16.08056109159997,-2.7469549471070067,4.552537655199811,2.7389565292059865,-6.925400989735824,-3.474291572075774,20.448447098472837,17.83586423939805,-4.652717352403388,11.758259439103822
-1.433095012460129,-1.2749295173578252,3.611782649194874,9.692395865505794,2.393399374913027,-0.18661978795990097,-3.8140589105747513,2.5427119920181593,-14.628613746286465,-7.511922650131468,-0.2658071238467833,4.974607573487975,-3.275172787130792,-5.839928016071155,-1.121552575429583,1.5956278694758814,-5.064829293883966,-2.465779880107899,-2.860541237618339,4.861508952470406,-4.625215825504576,-3.117638852243521,-2.73816956852328,5.863782857502991,10.192514817197383,5.457860710407627,0.7125243179705613,-0.4580088994331866,11.223143764908643,5.716022654819125,4.298700556507841,-1.5215822131114625,4.362790080082494,3.364627660756745,9.08051293371851,-2.7465719633248145,3.2959960679723936,1.8613101808569479,-3.5269785702833123,-1.9239461824744462,11.880957745185407,10.527312810442828,-2.8872373072036597,7.625695272879015
-5.773748221996103,-1.4717281466109209,12.969721990413795,34.89593242952776,8.518954083985548,2.8634473792663164,-20.077305523562025,12.508080733878023,-56.12629758592972,-33.13797210862796,-0.04699265001139219,21.345853462780656,-12.520547766289214,-20.43670050207563,-3.1689496434364375,3.2525015322640907,-21.39307944698417,-6.999072117295401,-13.939802176056379,19.981758159494095,-19.979208256940208,-10.430426409783141,-9.065664343336946,29.031571108246613,42.33877395720521,24.861856665839255,3.39724203311919,0.7799904338608309,45.68252210564453,21.333993927019588,19.278525501328993,-4.546524687210127,16.08056109159997,9.08051293371851,37.77129651215309,-4.926233690307774,9.75040078417696,6.040044756889529,-16.76073397930471,-8.20822924721386,47.6042418790102,41.300772174163505,-10.594701163222693,26.348338208965224
0.8041803993823209,1.6426547928578372,-2.4529044000234768,-6.490956856883614,-1.6596518628732384,0.9269321617503395,1.0335135745422424,-0.9754833219834493,8.955840201678177,3.6476487919815845,0.431191932314864,-2.5472164180360926,2.111653626099399,3.9716094790481726,0.8215169364207141,-1.6919774456657208,2.6206583931303804,2.1674635547252845,0.8732109822939234,-2.6159707927082114,2.310051234196607,2.256931688698174,1.9858038585643618,-1.9256265415928329,-5.4378383239450345,-2.3975605340143784,-0.37556517620030877,0.5874775167384796,-6.1726945418818735,-3.6418418511116375,-1.9263593823122356,1.2483910874316975,-2.7469549471070067,-2.7465719633248145,-4.926233690307774,3.075980397417055,-2.4803700060565994,-1.5551989729273836,1.4444140829354648,0.9850255346841815,-6.886509278931331,-6.142047964644084,1.8596624849215713,-5.299616202505786
-1.5268160352573923,-1.094394048442375,3.7283337109094963,10.030796479810494,2.464156006240149,0.05463712683109637,-4.400497675103586,2.858606734901198,-15.384654316281406,-8.19507275570231,-0.20521628111008802,5.390126534852124,-3.4289897814509938,-6.0122878198216005,-1.1190629545702024,1.4741090782516284,-5.466645788199674,-2.408400840684649,-3.2408506431332342,5.216698513755569,-5.023789950358274,-3.172530856401537,-2.7822693746063227,6.646503450575052,10.955947476901745,6.018420449384252,0.7798419151756811,-0.34544944905519487,12.00088359104777,5.97041210012536,4.723192488603819,-1.509083070496427,4.552537655199811,3.2959960679723936,9.75040078417696,-2.4803700060565994,3.2932598337168866,1.857655063875052,-3.930424549736389,-2.0816731621189115,12.626201894359319,11.149154681664841,-3.0055356528692654,7.823626139655568
-0.9334238328483035,-0.6969734077456976,2.3116295005088543,6.164820020111677,1.5381650235202586,0.06654708717520713,-2.7081935187004516,1.8138698725955373,-9.451316065941308,-5.097789035573952,-0.1496135970329742,3.341215582441135,-2.1724552793702463,-3.6384623093320805,-0.5899439149715711,0.9197444643160837,-3.3536361238800594,-1.5247628656568315,-1.8772498477762256,3.174134956096841,-3.096215093431289,-1.9345837097405445,-1.682650873258131,4.018966401317525,6.712771109127082,3.698328837954113,0.5509735724665459,0.0032461306126293104,7.324979243513314,3.6661765945083737,2.877819119884558,-0.9294764341131591,2.7389565292059865,1.8613101808569479,6.040044756889529,-1.5551989729273836,1.857655063875052,1.2471253875587365,-2.4595290883136784,-1.283007765172541,7.82604101511471,6.7896022877728495,-1.8293181018914642,4.755471452125854
2.5435984694267457,0.21002044902184047,-5.521874165615728,-14.884635948546057,-3.6129050303339048,-1.672704196300309,9.39050454985446,-5.757739980467899,24.394935678948958,14.917602865217273,-0.10798262788890142,-9.545153927786142,5.4147355078655,8.656375699412932,1.2677144384035601,-1.0559106062555104,9.541582569349274,2.724661015899777,6.457425401824767,-8.855050045021489,8.954427018234076,4.350186041023414,3.770220119925047,-13.438634484023632,-18.805280768441833,-11.28641908987465,-1.539158487479013,-0.5898014752948679,-20.191473857791152,-9.20019550914756,-8.726923554693236,1.814293047132316,-6.925400989735824,-3.5269785702833123,-16.76073397930471,1.4444140829354648,-3.930424549736389,-2.4595290883136784,7.670519193686118,3.6674754436372794,-20.918952324326526,-18.07923015437623,4.550817477135542,-11.10612927872114
1.2536662280095427,0.26814722027220267,-2.7925780531063342,-7.516711003914134,-1.8321397045333658,-0.666594540079315,4.419091271563145,-2.7401254197207905,12.142295859005571,7.224314603318286,-0.004955161110022317,-4.646465147151193,2.7029234894041645,4.398038945982415,0.6768403830027447,-0.6614951078221017,4.6560714901144,1.4764653663176082,3.066444221902696,-4.343209285169833,4.3521826243739365,2.2360788857575136,1.9433051726054507,-6.376989249907463,-9.205288801106171,-5.4338229751207106,-0.7391857246567975,-0.18782423753401928,-9.922932214477504,-4.606795990901733,-4.212096212512162,0.9651436151940019,-3.474291572075774,-1.9239461824744462,-8.20822924721386,0.9850255346841815,-2.0816731621189115,-1.283007765172541,3.6674754436372794,1.7870195940273503,-10.321224123203182,-8.952215860600843,2.286496038739238,-5.663468624370299
-7.2900376409113266,-2.258379682813068,16.557159370354146,44.52165416374883,10.8884853629597,3.2467044644463665,-24.862097797753698,15.58166306616448,-71.19431063080113,-41.57894307148311,-0.17624053480066565,26.837963628815643,-15.912434070840021,-26.121147667358596,-4.109059528498586,4.453312199950076,-26.91595865459711,-9.169156436161048,-17.30633376083433,25.187130705043042,-25.098916751827264,-13.395953736035999,-11.649193631439463,36.07188948864754,53.339923822228336,31.098374762842774,4.262942648249275,0.7911171807395703,57.63629156277758,27.12866884645558,24.13294911013077,-5.911707267621834,20.448447098472837,11.880957745185407,47.6042418790102,-6.886509278931331,12.626201894359319,7.82604101511471,-20.918952324326526,-10.321224123203182,60.18724370467152,52.26388712289724,-13.486063471995742,33.72567862809806
-6.336724926276019,-2.0543237033775594,14.420790964144429,38.796374840157455,9.481011969896487,2.702170096185917,-21.464691070302557,13.445428778948516,-61.93298984203795,-36.010350874648296,-0.17204972504825508,23.264505825146227,-13.81290319933181,-22.80835077849058,-3.6540023728424558,3.9512579715043956,-23.35847948854871,-8.028818307500043,-15.02190192505851,21.885585149702337,-21.762199988429344,-11.705390566851802,-10.189860310361688,31.216528955345836,46.31219650513006,26.937064766796464,3.6542686386250445,0.509056872942308,50.08318968301666,23.61735787803176,20.92366031411206,-5.180467630554588,17.83586423939805,10.527312810442828,41.300772174163505,-6.142047964644084,11.149154681664841,6.7896022877728495,-18.07923015437623,-8.952215860600843,52.26388712289724,45.46694219523031,-11.754111368593264,29.45050802201859
1.6313360864418374,0.6964633477457486,-3.787286561071839,-10.180278540403213,-2.4954823232880408,-0.5404632902520693,5.32098260681148,-3.3711279762209876,16.080052996235118,9.158508461394923,0.09270157982273967,-5.940545749995237,3.597786255852373,6.005321421072261,0.9881177335822969,-1.1624099828107382,5.972739125043322,2.205072855935456,3.745612204050055,-5.61684984443415,5.548734346343863,3.1084781241292254,2.7084840052313135,-7.792221705744684,-11.87280068154556,-6.811084340987539,-0.9274699362927987,-0.0446524337807902,-12.875349080242737,-6.159759993008716,-5.298685282926187,1.4056776448646147,-4.652717352403388,-2.8872373072036597,-10.594701163222693,1.8596624849215713,-3.0055356528692654,-1.8293181018914642,4.550817477135542,2.286496038739238,-13.486063471995742,-11.754111368593264,3.0721616165689185,-7.774079559731439
-4.074194679417508,-2.1355629656713324,9.633182490071444,25.85986492526674,6.360192183049372,0.9808970264345775,-12.795700011089078,8.198608817714064,-40.450025340873395,-22.583227459291468,-0.3508144284940821,14.706952466937173,-9.080128969490405,-15.304990686978353,-2.57512094954816,3.241855260551808,-14.808018783646878,-5.833561913865531,-9.060866486870328,13.975871303072958,-13.716836487248429,-7.980868662493112,-6.963884870311974,18.868197804115585,29.504353870841747,16.707996513977122,2.2827701511552396,-0.09654735063441419,32.08547877740466,15.559060603008932,13.020947128276324,-3.680498249063526,11.758259439103822,7.625695272879015,26.348338208965224,-5.299616202505786,7.823626139655568,4.755471452125854,-11.10612927872114,-5.663468624370299,33.72567862809806,29.45050802201859,-7.774079559731439,19.862490855886648
