V1,V2,V3,V4,V5,V6,V7,V8,V9,V10,V11,V12,V13,V14,V15,V16,V17,V18,V19,V20,V21,V22,V23,V24,V25,V26,V27,V28,V29
0.055841449264695926,0.3719218606112884,0.37259480467628814,-0.24107583107659555,-0.04894272380628389,-0.14904207354689428,-0.5933887651310347,-0.23568690508054932,-0.32514977723184313,-0.2398391137870238,-0.15697929977569233,0.015361097014486045,-0.02697787667235006,-0.34414582235322844,-0.42977767438319153,-0.059807272106399675,-0.21719111752978207,-0.35416569487891136,-0.27668119319613044,0.08084760261371926,0.3615166084353278,0.08138480599409974,-0.44662907198005436,0.08293940588630495,-0.4154674462932623,-0.0317865824418835,0.13789679070484165,-0.6579531761682319,-0.03386313199702734
0.3719218606112884,3.3811459609687127,2.6053886170715432,-1.381550133421974,-0.5334061401201742,-0.6327257037966111,-4.061170817425942,-1.5813844897208595,-2.568585967765467,-1.9956043938696661,-0.6722164977202746,0.2191415743984888,-0.36326040962775386,-1.8037332408882376,-3.236592975755686,-0.6393476561977908,-1.2776247837262638,-2.734544530685448,-1.8013595633304131,1.1060834501361296,2.7670948176646086,0.1682642762526714,-3.596006742730214,-0.09476786311794928,-3.16378874271651,-0.6250408398130181,1.3722890238017023,-4.259371943050877,-1.4118983018962044
0.37259480467628814,2.6053886170715432,3.2024474627934043,-2.3186883453982654,-0.12437996968125248,-1.6006918951245557,-5.1584618095152575,-2.1596555527754298,-2.5486142281084043,-1.7145187601381284,-1.6665851290747875,0.12601886368868198,-0.17484529308791805,-3.4638385311778483,-3.576744752076494,-0.5029339744008816,-2.1184069141664446,-2.7152122333126716,-2.5974357488944397,0.07789242643960449,2.8723931552079307,1.0300352834880724,-3.471854334865943,1.351172609126779,-3.306961860267734,0.05702904080367545,0.8915670556932613,-6.328711823843582,1.0157561566321331
-0.24107583107659555,-1.381550133421974,-2.3186883453982654,1.9681250364729428,-0.08958770781706837,1.445204582874822,3.8758775043047846,1.7008700186185202,1.679065564892478,1.0281615063248117,1.5237739822632974,-0.039436039934725796,0.02624884933774422,2.995292070779406,2.522836412813851,0.256795832721339,1.789338247884095,1.7841318979292147,2.075849070636645,0.37062489071008714,-1.9623550066731408,-1.043338082197752,2.232445378767316,-1.4741470841274926,2.241925414965159,-0.33213923374085275,-0.3242336701516297,5.072811760083208,-1.7114260937129664
-0.04894272380628389,-0.5334061401201742,-0.12437996968125248,-0.08958770781706837,0.17523032115823864,-0.1741107095449522,0.15356221947274068,-6.892988861642119e-4,0.27934486006741616,0.29195819044779137,-0.17070797757321027,-0.030121112407907328,0.07242118078660505,-0.23617003348495313,0.2487982524450706,0.0767218679049969,-0.08399114681143402,0.30912076231924057,-0.03821260644290813,-0.3980102716926941,-0.26890648704173253,0.21155861805830725,0.39457525225190493,0.3922020357332745,0.3035697652562264,0.2408663562849465,-0.26051126408258557,-0.12622247246939358,0.7999897168815135
-0.14904207354689428,-0.6327257037966111,-1.6006918951245557,1.445204582874822,-0.1741107095449522,1.192888411645151,2.673777212277304,1.1920795511619762,1.007474033021461,0.5239320192657879,1.2050607925812702,-9.333803195998567e-4,-0.02820064759068854,2.308405880557344,1.6196177959992524,0.12540420815049377,1.330067666179361,1.074269469630398,1.4982257396926495,0.5398518100114345,-1.2091609738656506,-0.8998210414011338,1.3276576839976284,-1.3339875814260558,1.3988417150524535,-0.40316099288214163,-0.08366227145354879,3.6789258376644707,-1.7423487503655948
-0.5933887651310347,-4.061170817425942,-5.1584618095152575,3.8758775043047846,0.15356221947274068,2.673777212277304,8.433568865109669,3.5539075310477832,4.098956794843632,2.7331140283026434,2.8048896478466165,-0.16582643022860274,0.2400813355002665,5.780095059322723,5.803855498244074,0.7547542788766957,3.5449836796301315,4.358967943088785,4.292036964664825,-0.008006602562675522,-4.662394625112702,-1.7522655086042533,5.543283062276884,-2.3115606712048073,5.3222616755841266,-0.17922495677625286,-1.3109346031770304,10.42975657968869,-1.9484162049015181
-0.23568690508054932,-1.5813844897208595,-2.1596555527754298,1.7008700186185202,-6.892988861642119e-4,1.1920795511619762,3.5539075310477832,1.5691910819255745,1.6524526143915568,1.0614396565403368,1.2540896907943033,-0.09307426055908789,0.08341006549638685,2.552892680413517,2.3839939098901377,0.32846167477655003,1.5474153154980779,1.7589734969298063,1.8879376284839788,0.14330300814506425,-1.8897489376145031,-0.8470957507732156,2.2546195996438994,-1.1521155959807687,2.179241601827005,-0.16843833094896243,-0.4550318234374867,4.547344766196538,-1.1154916023040249
-0.32514977723184313,-2.568585967765467,-2.5486142281084043,1.679065564892478,0.27934486006741616,1.007474033021461,4.098956794843632,1.6524526143915568,2.265554477548418,1.6391198037940307,1.0785918776884824,-0.1365352400929756,0.20684134311176697,2.37619285420668,3.009078293340632,0.47461123661493915,1.533495024595238,2.3912415550045645,1.948101149363663,-0.5041244971012409,-2.502316394204395,-0.5362144608574932,3.0823936896534176,-0.5794055093136324,2.858593243731757,0.23431228507949828,-0.9577870082872005,4.71058686015093,0.08621119738124274
-0.2398391137870238,-1.9956043938696661,-1.7145187601381284,1.0281615063248117,0.29195819044779137,0.5239320192657879,2.7331140283026434,1.0614396565403368,1.6391198037940307,1.2565844509047284,0.5810099761324964,-0.10797660899920913,0.18131534826961687,1.3786323763622985,2.1107358119177797,0.3516700919595534,0.9346713215663074,1.7341798889911626,1.2236049315670017,-0.5875202553516485,-1.7901213305529897,-0.2048180121694205,2.2440942093967413,-0.10967040614003462,2.0284102922411016,0.3097735972294338,-0.7777975541475631,2.953469038653242,0.5642133195606943
-0.15697929977569233,-0.6722164977202746,-1.6665851290747875,1.5237739822632974,-0.17070797757321027,1.2050607925812702,2.8048896478466165,1.2540896907943033,1.0785918776884824,0.5810099761324964,1.2634642954111914,-0.0025705269427388285,-0.039732621050993636,2.389384829888796,1.7084608394690304,0.13208762480439573,1.379502595419794,1.1466333497105166,1.5571981115752362,0.5265290338890312,-1.2893405833918503,-0.9124278753975783,1.4016713602450008,-1.3627919840982254,1.490910388579245,-0.40352643328508003,-0.08339875720799107,3.8396925407944185,-1.772248170701134
0.015361097014486045,0.2191415743984888,0.12601886368868198,-0.039436039934725796,-0.030121112407907328,-9.333803195998567e-4,-0.16582643022860274,-0.09307426055908789,-0.1365352400929756,-0.10797660899920913,-0.0025705269427388285,0.07164978854522334,-0.023436965278464932,-0.033937188342246564,-0.12262094781763629,-0.0898488097827208,-0.022847085488789384,-0.12778758024004605,-0.08470558235851558,0.08051876553533052,0.10975356784999274,0.0026707689209984325,-0.2096973250630573,-9.137221897412298e-4,-0.1687266567351159,-0.05741970074301104,0.09626563612007805,-0.18724679591318677,-0.1384952289297245
-0.02697787667235006,-0.36326040962775386,-0.17484529308791805,0.02624884933774422,0.07242118078660505,-0.02820064759068854,0.2400813355002665,0.08341006549638685,0.20684134311176697,0.18131534826961687,-0.039732621050993636,-0.023436965278464932,0.06415584182730634,0.01043881615155662,0.25554030475554323,0.07185348520311093,0.036437967853283834,0.2263697113801313,0.08813534165821255,-0.164459667544085,-0.21713764854177722,0.053984466819655616,0.32025900506463273,0.12904536912096326,0.2379176666139911,0.10470164049593447,-0.16371482995169,0.19932661392792644,0.3097742285418478
-0.34414582235322844,-1.8037332408882376,-3.4638385311778483,2.995292070779406,-0.23617003348495313,2.308405880557344,5.780095059322723,2.552892680413517,2.37619285420668,1.3786323763622985,2.389384829888796,-0.033937188342246564,0.01043881615155662,4.686088144979257,3.6760034524326506,0.3461245029159003,2.744256906422111,2.5139923542345306,3.166306360949743,0.8052210287874724,-2.820129092918812,-1.7117682490058095,3.175364345723247,-2.4723387085816686,3.210905889584855,-0.6361822986761011,-0.39054767199438456,7.748907289226558,-3.0514131278322063
-0.42977767438319153,-3.236592975755686,-3.576744752076494,2.522836412813851,0.2487982524450706,1.6196177959992524,5.803855498244074,2.3839939098901377,3.009078293340632,2.1107358119177797,1.7084608394690304,-0.12262094781763629,0.25554030475554323,3.6760034524326506,4.187810039443419,0.5749672696389981,2.323824674151786,3.1972828163987788,2.854061713086458,-0.3609839143603792,-3.400265900430228,-0.9698501054003558,4.105775773680971,-1.1587751416611614,3.8342199768194036,0.10344135955328444,-1.1262245815566225,6.94025985404758,-0.617340778737142
-0.059807272106399675,-0.6393476561977908,-0.5029339744008816,0.256795832721339,0.0767218679049969,0.12540420815049377,0.7547542788766957,0.32846167477655003,0.47461123661493915,0.3516700919595534,0.13208762480439573,-0.0898488097827208,0.07185348520311093,0.3461245029159003,0.5749672696389981,0.17382479653645413,0.22888699168719376,0.489595735544535,0.3661325204204549,-0.16854266862648723,-0.4839436403259696,-0.061512333825071715,0.6844372611632419,-0.05309153582824993,0.5910325189598249,0.1082279495043905,-0.2666207289424359,0.8649383451719803,0.20608088580321354
-0.21719111752978207,-1.2776247837262638,-2.1184069141664446,1.789338247884095,-0.08399114681143402,1.330067666179361,3.5449836796301315,1.5474153154980779,1.533495024595238,0.9346713215663074,1.379502595419794,-0.022847085488789384,0.036437967853283834,2.744256906422111,2.323824674151786,0.22888699168719376,1.6473041855445203,1.6256572842045391,1.9054812886790757,0.34524696118068765,-1.8045082506249392,-0.9529358623897167,2.048815832894472,-1.3322391192584964,2.0413678436598994,-0.30230372272134776,-0.3078144741569684,4.646012791873956,-1.5704770722986874
-0.35416569487891136,-2.734544530685448,-2.7152122333126716,1.7841318979292147,0.30912076231924057,1.074269469630398,4.358967943088785,1.7589734969298063,2.3912415550045645,1.7341798889911626,1.1466333497105166,-0.12778758024004605,0.2263697113801313,2.5139923542345306,3.1972828163987788,0.489595735544535,1.6256572842045391,2.5782398974455956,2.0663914847693587,-0.531912253725223,-2.6494037368352705,-0.5795831717277365,3.26760214412531,-0.6169073415236257,3.0250486973477653,0.2319459763982948,-0.992076473021678,4.982697263547548,0.12546897203758647
-0.27668119319613044,-1.8013595633304131,-2.5974357488944397,2.075849070636645,-0.03821260644290813,1.4982257396926495,4.292036964664825,1.8879376284839788,1.948101149363663,1.2236049315670017,1.5571981115752362,-0.08470558235851558,0.08813534165821255,3.166306360949743,2.854061713086458,0.3661325204204549,1.9054812886790757,2.0663914847693587,2.3025290733467925,0.26740003103602616,-2.252786071890802,-1.0726101454201091,2.6547380214363874,-1.4764818364627719,2.5745503414003035,-0.255633900734,-0.5091965760437691,5.551529834875497,-1.538399488696473
0.08084760261371926,1.1060834501361296,0.07789242643960449,0.37062489071008714,-0.3980102716926941,0.5398518100114345,-0.008006602562675522,0.14330300814506425,-0.5041244971012409,-0.5875202553516485,0.5265290338890312,0.08051876553533052,-0.164459667544085,0.8052210287874724,-0.3609839143603792,-0.16854266862648723,0.34524696118068765,-0.531912253725223,0.26740003103602616,0.9541990967891438,0.4508392777891326,-0.5904145727397347,-0.7130462766242447,-1.0411250417191942,-0.5113727840576245,-0.594697914436228,0.579763223661723,0.7114673594592555,-1.9622783012999683
0.3615166084353278,2.7670948176646086,2.8723931552079307,-1.9623550066731408,-0.26890648704173253,-1.2091609738656506,-4.662394625112702,-1.8897489376145031,-2.502316394204395,-1.7901213305529897,-1.2893405833918503,0.10975356784999274,-0.21713764854177722,-2.820129092918812,-3.400265900430228,-0.4839436403259696,-1.8045082506249392,-2.6494037368352705,-2.252786071890802,0.4508392777891326,2.8112807782429234,0.6805219484295841,-3.4050580122429657,0.7632524008604624,-3.170405796365059,-0.1864622080925116,1.0012340999358798,-5.440909713669338,0.16723832744643768
0.08138480599409974,0.1682642762526714,1.0300352834880724,-1.043338082197752,0.21155861805830725,-0.8998210414011338,-1.7522655086042533,-0.8470957507732156,-0.5362144608574932,-0.2048180121694205,-0.9124278753975783,0.0026707689209984325,0.053984466819655616,-1.7117682490058095,-0.9698501054003558,-0.061512333825071715,-0.9529358623897167,-0.5795831717277365,-1.0726101454201091,-0.5904145727397347,0.6805219484295841,0.7538774870474622,-0.7222156703873165,1.1495036450527092,-0.793314877684392,0.4134672927699655,-0.0955429261330317,-2.6150450519513684,1.6189990105411094
-0.44662907198005436,-3.596006742730214,-3.471854334865943,2.232445378767316,0.39457525225190493,1.3276576839976284,5.543283062276884,2.2546195996438994,3.0823936896534176,2.2440942093967413,1.4016713602450008,-0.2096973250630573,0.32025900506463273,3.175364345723247,4.105775773680971,0.6844372611632419,2.048815832894472,3.26760214412531,2.6547380214363874,-0.7130462766242447,-3.4050580122429657,-0.7222156703873165,4.262608868604009,-0.7515854003705199,3.8816585528898147,0.34426326842245375,-1.3475513460435713,6.383827967798422,0.2236932194790529
0.08293940588630495,-0.09476786311794928,1.351172609126779,-1.4741470841274926,0.3922020357332745,-1.3339875814260558,-2.3115606712048073,-1.1521155959807687,-0.5794055093136324,-0.10967040614003462,-1.3627919840982254,-9.137221897412298e-4,0.12904536912096326,-2.4723387085816686,-1.1587751416611614,-0.05309153582824993,-1.3322391192584964,-0.6169073415236257,-1.4764818364627719,-1.0411250417191942,0.7632524008604624,1.1495036450527092,-0.7515854003705199,1.8269280418072564,-0.921844703983371,0.7008226704290772,-0.26818111041817405,-3.647004496177151,2.676867126688015
-0.4154674462932623,-3.16378874271651,-3.306961860267734,2.241925414965159,0.3035697652562264,1.3988417150524535,5.3222616755841266,2.179241601827005,2.858593243731757,2.0284102922411016,1.490910388579245,-0.1687266567351159,0.2379176666139911,3.210905889584855,3.8342199768194036,0.5910325189598249,2.0413678436598994,3.0250486973477653,2.5745503414003035,-0.5113727840576245,-3.170405796365059,-0.793314877684392,3.8816585528898147,-0.921844703983371,3.650244630486176,0.20757547292423936,-1.1580236301327493,6.211537424613333,-0.18053838333076913
-0.0317865824418835,-0.6250408398130181,0.05702904080367545,-0.33213923374085275,0.2408663562849465,-0.40316099288214163,-0.17922495677625286,-0.16843833094896243,0.23431228507949828,0.3097735972294338,-0.40352643328508003,-0.05741970074301104,0.10470164049593447,-0.6361822986761011,0.10344135955328444,0.1082279495043905,-0.30230372272134776,0.2319459763982948,-0.255633900734,-0.594697914436228,-0.1864622080925116,0.4134672927699655,0.34426326842245375,0.7008226704290772,0.20757547292423936,0.3910101600176145,-0.36148573422432073,-0.6530632224875401,1.2713663542939755
0.13789679070484165,1.3722890238017023,0.8915670556932613,-0.3242336701516297,-0.26051126408258557,-0.08366227145354879,-1.3109346031770304,-0.4550318234374867,-0.9577870082872005,-0.7777975541475631,-0.08339875720799107,0.09626563612007805,-0.16371482995169,-0.39054767199438456,-1.1262245815566225,-0.2666207289424359,-0.3078144741569684,-0.992076473021678,-0.5091965760437691,0.579763223661723,1.0012340999358798,-0.0955429261330317,-1.3475513460435713,-0.26818111041817405,-1.1580236301327493,-0.36148573422432073,0.6497849941139952,-1.2091580440532985,-0.9237885398077369
-0.6579531761682319,-4.259371943050877,-6.328711823843582,5.072811760083208,-0.12622247246939358,3.6789258376644707,10.42975657968869,4.547344766196538,4.71058686015093,2.953469038653242,3.8396925407944185,-0.18724679591318677,0.19932661392792644,7.748907289226558,6.94025985404758,0.8649383451719803,4.646012791873956,4.982697263547548,5.551529834875497,0.7114673594592555,-5.440909713669338,-2.6150450519513684,6.383827967798422,-3.647004496177151,6.211537424613333,-0.6530632224875401,-1.2091580440532985,13.5324761182214,-3.901711988836368
-0.03386313199702734,-1.4118983018962044,1.0157561566321331,-1.7114260937129664,0.7999897168815135,-1.7423487503655948,-1.9484162049015181,-1.1154916023040249,0.08621119738124274,0.5642133195606943,-1.772248170701134,-0.1384952289297245,0.3097742285418478,-3.0514131278322063,-0.617340778737142,0.20608088580321354,-1.5704770722986874,0.12546897203758647,-1.538399488696473,-1.9622783012999683,0.16723832744643768,1.6189990105411094,0.2236932194790529,2.676867126688015,-0.18053838333076913,1.2713663542939755,-0.9237885398077369,-3.901711988836368,4.5940257344151485
