V1,V2,V3,V4,V5,V6,V7,V8,V9,V10,V11,V12,V13,V14,V15,V16,V17,V18,V19,V20,V21,V22,V23,V24,V25,V26,V27,V28,V29
0.23264685266754284,0.25051705609180464,-0.6229070931542715,0.4306031177674729,0.08267006138766372,0.20209187737547035,-0.08847347808124266,0.0765818525276722,-0.0033602785215106463,-0.6543098300529125,0.22887903068138182,-0.170598516637699,0.05896291183961373,-0.4033665914339463,0.5053723059326012,-0.20972189739940056,-0.011735899880232523,-0.6276295109964447,0.06742650812690124,0.03646384127421295,0.09174444029538967,0.1899536527603266,0.27977938546495557,-0.6080066601754434,0.06142105697548381,-0.36408051408661435,0.5121951088732377,0.5795911401085216,0.17282219996654935
0.25051705609180464,0.6420062369063583,-1.3001723084575065,1.2033310308204994,0.04146481770393218,0.26839447478025846,-0.24537994177357245,-0.05074098786192423,-0.007547347425663138,-1.5947334580107448,0.3941865228152847,0.1973533000794287,0.7941823705783252,-0.3810815659407886,1.2103364672704535,-0.48119504748907355,-0.4733103127797715,-1.2571926245378549,0.1505442025780185,0.38235236328045763,0.5620272409825152,0.4266617241852745,0.7154695776068154,-1.0814145147207568,-0.016451620575629013,-1.2333547839421026,0.40737424289690727,1.5363620933985958,0.5480634877993504
-0.6229070931542715,-1.3001723084575065,6.1685816285591075,-6.992479900233839,1.1206785589209625,-1.1172641812616022,1.7161152776506101,1.763467568561826,0.8972050528740305,7.435018901719106,-1.3451344971659698,-1.4633704539124286,-4.153604974933822,0.7489392570718338,-5.234075958761802,2.2998388143318182,3.3085857106301235,4.862332172895008,-0.5665952610948464,-2.661435922261835,-2.996830448264452,-1.1972950410853094,-4.330225412821923,4.464432803626793,-0.19438150662302547,5.092563566601444,-1.319192607061783,-9.294386659735036,-3.244386535495831
0.4306031177674729,1.2033310308204994,-6.992479900233839,9.113674318308947,-1.8265138983636138,1.1793435878437597,-2.2327787101450607,-2.2879344545460754,-1.1390613425922618,-9.126557413423576,1.3091365332309197,2.433692741802625,5.9448361239586465,0.05867459691740599,6.495552850742436,-3.110525563363891,-4.681447723178825,-5.655312275745064,0.46631709661942106,3.5429839486936285,4.268588807703483,1.424323841835691,5.626435282501991,-4.986885502207991,0.19012176948314463,-6.563994646855121,0.7337998511477912,12.063859412851103,4.374177900152857
0.08267006138766372,0.04146481770393218,1.1206785589209625,-1.8265138983636138,0.6364253517978911,-0.0463712700363697,0.4387719961804573,0.6684890441566596,0.25342127899231487,1.4540493546289777,-0.11798169717702711,-0.7457627953216617,-1.3555575023534265,-0.41111278344322677,-1.1569227593675881,0.6729939570395751,1.2087199566879174,0.760320354385159,0.0019556343495805762,-0.7344563464761142,-1.002179980755634,-0.13803124935806993,-1.0838267894382767,0.5983642412266962,0.013040981367687672,1.1979816847544003,0.33679700572089744,-2.4936043631561384,-0.9861608034291982
0.20209187737547035,0.26839447478025846,-1.1172641812616022,1.1793435878437597,-0.0463712700363697,0.48609686215921444,-0.25063723956115,-0.09165971888858819,-0.1761018341747247,-1.4174084132232967,0.2844264765880292,-0.0485783210639344,0.39675039474544627,-0.4542736268986739,0.7967332771993477,-0.32065394353112636,-0.17967360435986365,-0.9841106254854723,0.11944079973763275,0.4866643360849258,0.3425853669404586,0.34373318728262964,0.7967302488216905,-1.0242460125047228,0.14123303994917719,-0.6439336026532808,0.7219961983611034,1.498686186245432,0.47321881832676016
-0.08847347808124266,-0.24537994177357245,1.7161152776506101,-2.2327787101450607,0.4387719961804573,-0.25063723956115,0.6465116290958941,0.609496574913825,0.35028658462045725,2.318645388320045,-0.3024137297644706,-0.5690331245083247,-1.4481265855377954,-0.02385358112382016,-1.5600732414917386,0.690394497076208,1.198378256244431,1.3518550087135441,-0.16069402471953054,-0.8940883776306516,-0.9790475958461389,-0.25628182950027195,-1.4117629691309501,1.195037330011619,-0.05910829011527069,1.678923609041799,-0.1828558024004259,-2.971360256181816,-1.0015819805012458
0.0765818525276722,-0.05074098786192423,1.763467568561826,-2.2879344545460754,0.6684890441566596,-0.09165971888858819,0.609496574913825,1.105177029530611,0.4440379362765398,2.040994252336697,-0.22612864503843952,-0.8537792785417476,-1.6014238085135373,-0.27724862277984424,-1.3879704268973496,0.6380983861859295,1.4517211762978448,0.9964348431826048,-0.17671731856328063,-1.0614872714830814,-1.0824138778724597,-0.11776532457148599,-1.3699158207864854,0.9241219653743926,0.004162876211198688,1.4467322771456324,0.18050455093779905,-3.1111806501512036,-1.151392794799456
-0.0033602785215106463,-0.007547347425663138,0.8972050528740305,-1.1390613425922618,0.25342127899231487,-0.1761018341747247,0.35028658462045725,0.4440379362765398,0.2789925823796124,1.1420743738094064,-0.1222726138479607,-0.234982678026269,-0.6141341671081526,0.025670916133479306,-0.6259488075281427,0.24087224047580058,0.5446965975656792,0.5640354700023367,-0.11893529255916024,-0.5459143713106934,-0.4000028929740016,-0.06669466910266308,-0.7484523141627021,0.5863869167529966,-0.07065768512360353,0.6464187946433974,-0.1765716756957932,-1.5120917866175296,-0.47319994763573936
-0.6543098300529125,-1.5947334580107448,7.435018901719106,-9.126557413423576,1.4540493546289777,-1.4174084132232967,2.318645388320045,2.040994252336697,1.1420743738094064,9.784443919077267,-1.535814853491909,-2.104356460486016,-5.763298030516504,0.4979281714301842,-6.7197726003966105,2.994355871762004,4.408664330109334,6.166244151554098,-0.636519915305059,-3.5553215154688402,-4.051941716598232,-1.5680890611739111,-5.692002720904725,5.510764282898333,-0.23830127548381555,6.888518332405796,-1.3803655634701437,-12.026935575395344,-4.186378523932512
0.22887903068138182,0.3941865228152847,-1.3451344971659698,1.3091365332309197,-0.11798169717702711,0.2844264765880292,-0.3024137297644706,-0.22612864503843952,-0.1222726138479607,-1.535814853491909,0.37387642349128863,0.15580491326343973,0.6887916074664456,-0.36697902220607026,1.1248973854127007,-0.47583506691442196,-0.541304400892273,-1.1253331712011383,0.13952203887067088,0.43501154121897506,0.5283383339051465,0.30640370066169037,0.7965792735684571,-1.0281612761032088,0.03638882310136533,-1.053998788172425,0.46160636253071785,1.7571060051264074,0.6005871979016256
-0.170598516637699,0.1973533000794287,-1.4633704539124286,2.433692741802625,-0.7457627953216617,-0.0485783210639344,-0.5690331245083247,-0.8537792785417476,-0.234982678026269,-2.104356460486016,0.15580491326343973,1.3178765580491807,2.21049570534484,0.7630649858743508,1.6965428023517988,-0.8766721446230916,-1.7872995699508525,-1.0646104141412913,0.008040743374219308,1.0525421649238975,1.5211892554427586,0.22927110467380366,1.4033074283197564,-0.7201656577790763,-0.12039566394859197,-1.977251557848322,-0.7836018021004919,3.2590204955894095,1.3275874555554348
0.05896291183961373,0.7941823705783252,-4.153604974933822,5.9448361239586465,-1.3555575023534265,0.39675039474544627,-1.4481265855377954,-1.6014238085135373,-0.6141341671081526,-5.763298030516504,0.6887916074664456,2.21049570534484,4.584613142850463,0.7471405731833981,4.338172090682797,-2.158709343242055,-3.589519831418359,-3.416557439684954,0.200843771395596,2.3486736277547737,3.2015106237827635,0.8673902471303386,3.55856334603018,-2.737266058823475,-0.06653841379501783,-4.711454821238817,-0.43538786208567903,7.889268883629415,3.022409739431946
-0.4033665914339463,-0.3810815659407886,0.7489392570718338,0.05867459691740599,-0.41111278344322677,-0.4542736268986739,-0.02385358112382016,-0.27724862277984424,0.025670916133479306,0.4979281714301842,-0.36697902220607026,0.7630649858743508,0.7471405731833981,1.0879428061769507,-0.16549319628864634,-0.0939690794163657,-0.6583360180091413,0.6765928259892298,-0.2031947153458839,0.12701996792038225,0.4574091462244093,-0.23606541868020894,-0.04337526932062369,0.8572307077417503,-0.1539145972597736,-0.14673997780311765,-1.2287884919479857,0.10061922145038933,0.20857071728662996
0.5053723059326012,1.2103364672704535,-5.234075958761802,6.495552850742436,-1.1569227593675881,0.7967332771993477,-1.5600732414917386,-1.3879704268973496,-0.6259488075281427,-6.7197726003966105,1.1248973854127007,1.6965428023517988,4.338172090682797,-0.16549319628864634,5.077073309006654,-2.4296883540452114,-3.3985048875946946,-4.465923541351016,0.3362826404143356,2.3007806643460293,3.146751405273328,1.16142780567438,3.9499923465765825,-3.8160792192424093,0.06983288903412262,-5.123437849527945,0.6231973770565022,8.638026984219461,3.1649222291601617
-0.20972189739940056,-0.48119504748907355,2.2998388143318182,-3.110525563363891,0.6729939570395751,-0.32065394353112636,0.690394497076208,0.6380983861859295,0.24087224047580058,2.994355871762004,-0.47583506691442196,-0.8766721446230916,-2.158709343242055,-0.0939690794163657,-2.4296883540452114,1.3233745627225961,1.702987801999945,2.055477874656039,-0.0747649317334229,-1.0252582013923595,-1.63631198336589,-0.6009040889914322,-1.8465455927924435,1.6860375714094489,-0.008859314118137184,2.3958733939698997,-0.12640510764629334,-4.163234538864331,-1.643864957514367
-0.011735899880232523,-0.4733103127797715,3.3085857106301235,-4.681447723178825,1.2087199566879174,-0.17967360435986365,1.198378256244431,1.4517211762978448,0.5446965975656792,4.408664330109334,-0.541304400892273,-1.7872995699508525,-3.589519831418359,-0.6583360180091413,-3.3985048875946946,1.702987801999945,3.0211857861092377,2.548534450835113,-0.16471661423953649,-1.8203604709176697,-2.5108219097655406,-0.5222452280175375,-2.7808292748204675,2.0107083941659405,0.07662904678636168,3.7064337025766987,0.4973602496662462,-6.316808398924409,-2.39333539462279
-0.6276295109964447,-1.2571926245378549,4.862332172895008,-5.655312275745064,0.760320354385159,-0.9841106254854723,1.3518550087135441,0.9964348431826048,0.5640354700023367,6.166244151554098,-1.1253331712011383,-1.0646104141412913,-3.416557439684954,0.6765928259892298,-4.465923541351016,2.055477874656039,2.548534450835113,4.256653041779002,-0.39178046223549823,-1.9808944064977434,-2.508245131844384,-1.185001500454836,-3.5098895136715953,3.7926484710096333,-0.1644542337782048,4.370661257102927,-1.2130648670150261,-7.44889167893284,-2.6420212961726937
0.06742650812690124,0.1505442025780185,-0.5665952610948464,0.46631709661942106,0.0019556343495805762,0.11944079973763275,-0.16069402471953054,-0.17671731856328063,-0.11893529255916024,-0.636519915305059,0.13952203887067088,0.008040743374219308,0.200843771395596,-0.2031947153458839,0.3362826404143356,-0.0747649317334229,-0.16471661423953649,-0.39178046223549823,0.13138432981912507,0.22913272445170507,0.105244128248527,0.07952294042699637,0.30283831733466754,-0.40653989569756055,0.0233509019946735,-0.35687039783951574,0.245149685343285,0.6125515747037374,0.16570634201661058
0.03646384127421295,0.38235236328045763,-2.661435922261835,3.5429839486936285,-0.7344563464761142,0.4866643360849258,-0.8940883776306516,-1.0614872714830814,-0.5459143713106934,-3.5553215154688402,0.43501154121897506,1.0525421649238975,2.3486736277547737,0.12701996792038225,2.3007806643460293,-1.0252582013923595,-1.8203604709176697,-1.9808944064977434,0.22913272445170507,1.5888743325861368,1.6191254563214919,0.48915159333847497,2.205487035645464,-1.803751005361854,0.07219442117324662,-2.4314092904032223,0.18197957751941607,4.6553387592962165,1.6543467500734403
0.09174444029538967,0.5620272409825152,-2.996830448264452,4.268588807703483,-1.002179980755634,0.3425853669404586,-0.9790475958461389,-1.0824138778724597,-0.4000028929740016,-4.051941716598232,0.5283383339051465,1.5211892554427586,3.2015106237827635,0.4574091462244093,3.146751405273328,-1.63631198336589,-2.5108219097655406,-2.508245131844384,0.105244128248527,1.6191254563214919,2.322991364294601,0.6864178726673342,2.5442335178221858,-2.0191640607006,-0.028432357413354436,-3.2879265565403926,-0.22191524346827157,5.689305057721075,2.230912604560439
0.1899536527603266,0.4266617241852745,-1.1972950410853094,1.424323841835691,-0.13803124935806993,0.34373318728262964,-0.25628182950027195,-0.11776532457148599,-0.06669466910266308,-1.5680890611739111,0.30640370066169037,0.22927110467380366,0.8673902471303386,-0.23606541868020894,1.16142780567438,-0.6009040889914322,-0.5222452280175375,-1.185001500454836,0.07952294042699637,0.48915159333847497,0.6864178726673342,0.47196384072881725,0.8576415481584054,-1.0454618811464422,0.031715839393263036,-1.087743359867961,0.392316658130713,1.8305996152478712,0.7287753615052677
0.27977938546495557,0.7154695776068154,-4.330225412821923,5.626435282501991,-1.0838267894382767,0.7967302488216905,-1.4117629691309501,-1.3699158207864854,-0.7484523141627021,-5.692002720904725,0.7965792735684571,1.4033074283197564,3.55856334603018,-0.04337526932062369,3.9499923465765825,-1.8465455927924435,-2.7808292748204675,-3.5098895136715953,0.30283831733466754,2.205487035645464,2.5442335178221858,0.8576415481584054,3.5333491856752253,-3.151300761290328,0.17557070474339592,-3.9742657274032283,0.597769552122847,7.418618416844365,2.628927904906461
-0.6080066601754434,-1.0814145147207568,4.464432803626793,-4.986885502207991,0.5983642412266962,-1.0242460125047228,1.195037330011619,0.9241219653743926,0.5863869167529966,5.510764282898333,-1.0281612761032088,-0.7201656577790763,-2.737266058823475,0.8572307077417503,-3.8160792192424093,1.6860375714094489,2.0107083941659405,3.7926484710096333,-0.40653989569756055,-1.803751005361854,-2.0191640607006,-1.0454618811464422,-3.151300761290328,3.5375830250140265,-0.23324576985047502,3.5929266783653024,-1.435366298406171,-6.539384367299191,-2.2500670924720363
0.06142105697548381,-0.016451620575629013,-0.19438150662302547,0.19012176948314463,0.013040981367687672,0.14123303994917719,-0.05910829011527069,0.004162876211198688,-0.07065768512360353,-0.23830127548381555,0.03638882310136533,-0.12039566394859197,-0.06653841379501783,-0.1539145972597736,0.06983288903412262,-0.008859314118137184,0.07662904678636168,-0.1644542337782048,0.0233509019946735,0.07219442117324662,-0.028432357413354436,0.031715839393263036,0.17557070474339592,-0.23324576985047502,0.08663387068267521,0.026300529385918932,0.28234397449256893,0.23246027468373381,0.03702983688553794
-0.36408051408661435,-1.2333547839421026,5.092563566601444,-6.563994646855121,1.1979816847544003,-0.6439336026532808,1.678923609041799,1.4467322771456324,0.6464187946433974,6.888518332405796,-1.053998788172425,-1.977251557848322,-4.711454821238817,-0.14673997780311765,-5.123437849527945,2.3958733939698997,3.7064337025766987,4.370661257102927,-0.35687039783951574,-2.4314092904032223,-3.2879265565403926,-1.087743359867961,-3.9742657274032283,3.5929266783653024,0.026300529385918932,5.5305157401694345,-0.20579376972597488,-8.722907662779912,-3.1566442105401227
0.5121951088732377,0.40737424289690727,-1.319192607061783,0.7337998511477912,0.33679700572089744,0.7219961983611034,-0.1828558024004259,0.18050455093779905,-0.1765716756957932,-1.3803655634701437,0.46160636253071785,-0.7836018021004919,-0.43538786208567903,-1.2287884919479857,0.6231973770565022,-0.12640510764629334,0.4973602496662462,-1.2130648670150261,0.245149685343285,0.18197957751941607,-0.22191524346827157,0.392316658130713,0.597769552122847,-1.435366298406171,0.28234397449256893,-0.20579376972597488,1.6738897647600626,0.9119094457746914,0.11977986546838372
0.5795911401085216,1.5363620933985958,-9.294386659735036,12.063859412851103,-2.4936043631561384,1.498686186245432,-2.971360256181816,-3.1111806501512036,-1.5120917866175296,-12.026935575395344,1.7571060051264074,3.2590204955894095,7.889268883629415,0.10061922145038933,8.638026984219461,-4.163234538864331,-6.316808398924409,-7.44889167893284,0.6125515747037374,4.6553387592962165,5.689305057721075,1.8305996152478712,7.418618416844365,-6.539384367299191,0.23246027468373381,-8.722907662779912,0.9119094457746914,16.059388837518675,5.842906657045812
0.17282219996654935,0.5480634877993504,-3.244386535495831,4.374177900152857,-0.9861608034291982,0.47321881832676016,-1.0015819805012458,-1.151392794799456,-0.47319994763573936,-4.186378523932512,0.6005871979016256,1.3275874555554348,3.022409739431946,0.20857071728662996,3.1649222291601617,-1.643864957514367,-2.39333539462279,-2.6420212961726937,0.16570634201661058,1.6543467500734403,2.230912604560439,0.7287753615052677,2.628927904906461,-2.2500670924720363,0.03702983688553794,-3.1566442105401227,0.11977986546838372,5.842906657045812,2.270334706437022
