V1,V2,V3,V4,V5,V6,V7,V8,V9,V10,V11,V12,V13,V14,V15,V16,V17,V18,V19,V20,V21,V22,V23,V24,V25,V26,V27,V28,V29
27095.900941440774,-9435.096374752304,-30196.91834029465,13740.619974215493,-12815.88337154439,14325.631252335557,26652.079848750735,47127.046801253615,32936.93329576833,-28180.32932299091,24668.17207726967,44640.8061153475,2700.9430061831827,2381.659374133573,49927.49875267846,13125.687459339386,-14322.60995732244,-2798.7405903205936,-59644.74729114301,-12836.768789975044,15734.073231320184,-37135.525223685974,9397.672943389873,-1729.851139685688,7235.612136724954,-21310.213546677383,5867.07550410513,40928.62548056483,-25296.94112475258
-9435.096374752304,3285.651585820819,10514.014769525436,-4784.727389738425,4461.980268109381,-4988.182380901512,-9279.59433267202,-16409.599306221633,-11468.791616947305,9811.693040376807,-8589.117544202069,-15543.36386308427,-940.801638025954,-829.1008212431074,-17384.891793917795,-4570.401419304658,4986.866097800425,974.212896722745,20767.942146718808,4469.57348865813,-5478.292101861767,12929.963179016178,-3272.295239194214,601.8999476898471,-2519.774547676005,7420.412767050296,-2042.66624153133,-14251.623441189526,8807.751870183973
-30196.91834029465,10514.014769525436,33656.64643753988,-15313.085150628063,14285.277452149347,-15965.754464172373,-29706.01711891864,-52523.00441060679,-36707.269256537926,31409.02943141495,-27493.46834051642,-49754.20883470457,-3009.115389049591,-2654.6749480618337,-55643.50656743598,-14628.317383767966,15963.164745355427,3120.260362478479,66475.14949497466,14306.998510533414,-17536.574733575762,41389.52486966709,-10473.678879736597,1929.85165566802,-8062.820043290184,23748.979776024364,-6539.770422961702,-45613.567485944826,28195.80353736115
13740.619974215493,-4784.727389738425,-15313.085150628063,6968.140090322485,-6498.949513753488,7264.628790540065,13515.296793546086,23898.580177960874,16702.60826104886,-14290.132835234865,12509.221462520001,22637.66908866367,1369.851849183323,1207.543031067858,25318.80025317049,6656.154903575192,-7262.927223453868,-1419.1393074425816,-30246.3394666452,-6509.501502158169,7978.748125777762,-18831.519922946696,4765.707087940795,-877.2120028216791,3669.36475439714,-10806.518055509472,2975.1762381535273,20755.339806237127,-12828.155952082529
-12815.88337154439,4461.980268109381,14285.277452149347,-6498.949513753488,6063.579008399353,-6776.215812105583,-12608.637639223145,-22291.97478582698,-15579.192147533726,13331.447393596392,-11669.195376943275,-21117.44486537422,-1276.771916718715,-1126.8894224690948,-23616.192295224286,-6208.5364668430475,6775.399005386239,1324.6515852894938,28213.94158716412,6072.404626338789,-7443.254893907638,17567.33097680002,-4445.242736254897,819.5906467504537,-3421.6623172414497,10079.338360067766,-2775.9078430699647,-19359.087054868327,11967.662249643563
14325.631252335557,-4988.182380901512,-15965.754464172373,7264.628790540065,-6776.215812105583,7574.08531590801,14091.627733147436,24916.50952186571,17413.937503804365,-14899.639422887063,13042.494047849596,23602.3689152146,1427.795678279329,1259.3194483240145,26397.018452146716,6939.6395553195,-7572.657166861697,-1479.922335812467,-31534.943142427997,-6787.031227601298,8318.946574925933,-19634.291218464423,4968.6192108432915,-914.8888444196963,3825.3088759435727,-11266.751486574363,3102.141503743858,21639.134315624855,-13375.14777306575
26652.079848750735,-9279.59433267202,-29706.01711891864,13515.296793546086,-12608.637639223145,14091.627733147436,26219.368488213688,46357.497469076385,32398.307395280866,-27722.663911269203,24266.478921719212,43913.99958466761,2655.5829770240352,2343.3649171168177,49111.546230373715,12911.142878148332,-14089.615320297682,-2754.219107776712,-58672.03228114017,-12627.770589671796,15478.274531526216,-36531.41542764817,9244.130846916447,-1703.4422741445503,7116.121967601025,-20961.222487033392,5772.241931444199,40259.00831598745,-24886.354249394426
47127.046801253615,-16409.599306221633,-52523.00441060679,23898.580177960874,-22291.97478582698,24916.50952186571,46357.497469076385,81968.1712661245,57286.70443706004,-49015.426900476275,42905.918587071275,77645.20354468065,4697.075904067876,4142.608678077343,86838.62649535896,22829.381912302524,-24911.739378562568,-4868.533259484387,-103740.99543716674,-22327.290235684093,27366.924135293604,-64591.19629003953,16345.391948565864,-3009.9847149291327,12584.11529082958,-37064.10407884458,10205.207708358634,71186.4020204105,-44000.56421833942
32936.93329576833,-11468.791616947305,-36707.269256537926,16702.60826104886,-15579.192147533726,17413.937503804365,32398.307395280866,57286.70443706004,40037.307263792834,-34256.02205512669,29986.399891503406,54264.96401073978,3282.9257957783084,2895.238426261802,60690.72472431021,15955.278357451209,-17410.485278670272,-3402.3622211338643,-72503.25386841419,-15604.264699523672,19126.28511703898,-45141.72945439558,11423.604202949338,-2103.185551876519,8795.163183768887,-25904.049550001204,7132.120929731243,49751.737325041555,-30751.024786987215
-28180.32932299091,9811.693040376807,31409.02943141495,-14290.132835234865,13331.447393596392,-14899.639422887063,-27722.663911269203,-49015.426900476275,-34256.02205512669,29312.365458057775,-25658.006497668488,-46431.71033521579,-2807.758384685329,-2477.950316056003,-51927.351289435624,-13651.447912480226,14897.622430949941,2912.1596341773243,62035.98189460771,13351.915166137484,-16365.794014886817,38626.03062025668,-9774.080160984086,1800.8880293764764,-7524.140770019308,22163.310243254353,-6103.173322446551,-42567.39053626768,26313.133514339846
24668.17207726967,-8589.117544202069,-27493.46834051642,12509.221462520001,-11669.195376943275,13042.494047849596,24266.478921719212,42905.918587071275,29986.399891503406,-25658.006497668488,22459.534438909854,40643.65726355809,2458.1512084340297,2168.891250917341,45455.081175969586,11949.923837555814,-13040.444047822079,-2548.838317789203,-54303.18662504866,-11687.481727556687,14325.56001458615,-33810.85068989348,8555.826048482186,-1575.9248248844954,6586.67361142042,-19401.02663460959,5342.174182039786,37261.94394594299,-23032.65053757755
44640.8061153475,-15543.36386308427,-49754.20883470457,22637.66908866367,-21117.44486537422,23602.3689152146,43913.99958466761,77645.20354468065,54264.96401073978,-46431.71033521579,40643.65726355809,73551.43252434878,4448.677949288261,3924.4141091705683,82258.4270461794,21625.245432381816,-23598.3579991354,-4612.4142241935,-98270.4285509307,-21150.07391358322,25924.212486724962,-61185.929772628,15483.308717495316,-2852.29549995848,11919.694158842492,-35108.74974773457,9667.529140285922,67431.33118873884,-41681.38464827995
2700.9430061831827,-940.801638025954,-3009.115389049591,1369.851849183323,-1276.771916718715,1427.795678279329,2655.5829770240352,4697.075904067876,3282.9257957783084,-2807.758384685329,2458.1512084340297,4448.677949288261,269.65128494374426,237.03625665367906,4976.42480340181,1308.2572955731546,-1427.1174608880747,-278.5555595446698,-5944.329348759447,-1279.1415160661143,1567.7897796962216,-3700.468822621536,936.7224882565891,-171.97792424122449,721.5763680094108,-2124.096971185453,584.4699677564868,4079.620199167187,-2520.5777347492044
2381.659374133573,-829.1008212431074,-2654.6749480618337,1207.543031067858,-1126.8894224690948,1259.3194483240145,2343.3649171168177,4142.608678077343,2895.238426261802,-2477.950316056003,2168.891250917341,3924.4141091705683,237.03625665367906,209.7548841643836,4388.588722715059,1153.7831654879337,-1259.4020855126726,-246.31839969912724,-5243.190521031761,-1128.6768296907667,1383.4059928324746,-3264.927809903767,825.9861245035394,-152.22398117828592,635.7397492104635,-1873.3074700918123,515.9298353600635,3597.5849391819925,-2224.1424282809053
49927.49875267846,-17384.891793917795,-55643.50656743598,25318.80025317049,-23616.192295224286,26397.018452146716,49111.546230373715,86838.62649535896,60690.72472431021,-51927.351289435624,45455.081175969586,82258.4270461794,4976.42480340181,4388.588722715059,91998.61089896504,24185.907050667687,-26391.758703444462,-5157.590917801743,-109904.9480940244,-23653.805943661682,28992.810188811814,-68428.69080103014,17316.64962790421,-3188.551758327033,13332.093491622229,-39266.529322414804,10811.415692041597,75416.42530550546,-46614.58990729196
13125.687459339386,-4570.401419304658,-14628.317383767966,6656.154903575192,-6208.5364668430475,6939.6395553195,12911.142878148332,22829.381912302524,15955.278357451209,-13651.447912480226,11949.923837555814,21625.245432381816,1308.2572955731546,1153.7831654879337,24185.907050667687,6358.346141646363,-6938.279478028227,-1355.9056326302493,-28893.37704019723,-6218.4774720148,7622.057907514864,-17989.526540623363,4552.434523432392,-838.2025058115834,3504.93589199108,-10323.005812329628,2842.2538122855144,19826.5756657928,-12254.688551729778
-14322.60995732244,4986.866097800425,15963.164745355427,-7262.927223453868,6775.399005386239,-7572.657166861697,-14089.615320297682,-24911.739378562568,-17410.485278670272,14897.622430949941,-13040.444047822079,-23598.3579991354,-1427.1174608880747,-1259.4020855126726,-26391.758703444462,-6938.279478028227,7571.571525687866,1479.9826314368133,31529.21995443114,6785.989685964378,-8317.710360777,19631.210872671192,-4967.597314994679,915.0652600024785,-3824.216350463331,11264.501927382013,-3101.799482977424,-21634.716586018345,13373.21041409807
-2798.7405903205936,974.212896722745,3120.260362478479,-1419.1393074425816,1324.6515852894938,-1479.922335812467,-2754.219107776712,-4868.533259484387,-3402.3622211338643,2912.1596341773243,-2548.838317789203,-4612.4142241935,-278.5555595446698,-246.31839969912724,-5157.590917801743,-1355.9056326302493,1479.9826314368133,289.55429538677106,6162.121904849422,1326.3774652365137,-1625.8515993287626,3837.1740768468976,-970.7915792173912,179.29274848068528,-747.0153050861744,2201.203285678505,-606.4453217875858,-4227.773098525553,2614.197752305873
-59644.74729114301,20767.942146718808,66475.14949497466,-30246.3394666452,28213.94158716412,-31534.943142427997,-58672.03228114017,-103740.99543716674,-72503.25386841419,62035.98189460771,-54303.18662504866,-98270.4285509307,-5944.329348759447,-5243.190521031761,-109904.9480940244,-28893.37704019723,31529.21995443114,6162.121904849422,131297.633745271,28258.188005137115,-34636.63974425183,81748.99745450837,-20687.11276919346,3810.101482623514,-15926.342600762953,46908.95037137693,-12916.28340679409,-90094.90298838448,55689.033887714075
-12836.768789975044,4469.57348865813,14306.998510533414,-6509.501502158169,6072.404626338789,-6787.031227601298,-12627.770589671796,-22327.290235684093,-15604.264699523672,13351.915166137484,-11687.481727556687,-21150.07391358322,-1279.1415160661143,-1128.6768296907667,-23653.805943661682,-6218.4774720148,6785.989685964378,1326.3774652365137,28258.188005137115,6081.929201641744,-7454.726500702905,17594.45603292008,-4452.2536407194075,820.0751089608129,-3427.543130572512,10095.881990736463,-2779.959298865572,-19390.286935009746,11985.703582864247
15734.073231320184,-5478.292101861767,-17536.574733575762,7978.748125777762,-7443.254893907638,8318.946574925933,15478.274531526216,27366.924135293604,19126.28511703898,-16365.794014886817,14325.56001458615,25924.212486724962,1567.7897796962216,1383.4059928324746,28992.810188811814,7622.057907514864,-8317.710360777,-1625.8515993287626,-34636.63974425183,-7454.726500702905,9137.450681277878,-21565.977979486863,5457.216983538474,-1005.4120944021763,4201.079392288576,-12374.50788658268,3407.530678517926,23766.843822841714,-14691.31337176799
-37135.525223685974,12929.963179016178,41389.52486966709,-18831.519922946696,17567.33097680002,-19634.291218464423,-36531.41542764817,-64591.19629003953,-45141.72945439558,38626.03062025668,-33810.85068989348,-61185.929772628,-3700.468822621536,-3264.927809903767,-68428.69080103014,-17989.526540623363,19631.210872671192,3837.1740768468976,81748.99745450837,17594.45603292008,-21565.977979486863,50899.55415328361,-12880.12166198011,2372.8591842714677,-9915.501986274565,29206.20547962896,-8042.325922290261,-56094.40973519391,34674.077590939734
9397.672943389873,-3272.295239194214,-10473.678879736597,4765.707087940795,-4445.242736254897,4968.6192108432915,9244.130846916447,16345.391948565864,11423.604202949338,-9774.080160984086,8555.826048482186,15483.308717495316,936.7224882565891,825.9861245035394,17316.64962790421,4552.434523432392,-4967.597314994679,-970.7915792173912,-20687.11276919346,-4452.2536407194075,5457.216983538474,-12880.12166198011,3259.4840349204082,-600.2366064942744,2509.45879773715,-7390.95199881886,2035.0093166041702,14195.390118934569,-8774.160937814764
-1729.851139685688,601.8999476898471,1929.85165566802,-877.2120028216791,819.5906467504537,-914.8888444196963,-1703.4422741445503,-3009.9847149291327,-2103.185551876519,1800.8880293764764,-1575.9248248844954,-2852.29549995848,-171.97792424122449,-152.22398117828592,-3188.551758327033,-838.2025058115834,915.0652600024785,179.29274848068528,3810.101482623514,820.0751089608129,-1005.4120944021763,2372.8591842714677,-600.2366064942744,111.52419190235058,-461.4928413199419,1360.3927635763894,-375.2047406796972,-2613.4008892084503,1616.95484423214
7235.612136724954,-2519.774547676005,-8062.820043290184,3669.36475439714,-3421.6623172414497,3825.3088759435727,7116.121967601025,12584.11529082958,8795.163183768887,-7524.140770019308,6586.67361142042,11919.694158842492,721.5763680094108,635.7397492104635,13332.093491622229,3504.93589199108,-3824.216350463331,-747.0153050861744,-15926.342600762953,-3427.543130572512,4201.079392288576,-9915.501986274565,2509.45879773715,-461.4928413199419,1932.4417208112586,-5690.556771817682,1566.407766198884,10929.286261528645,-6754.291947696441
-21310.213546677383,7420.412767050296,23748.979776024364,-10806.518055509472,10079.338360067766,-11266.751486574363,-20961.222487033392,-37064.10407884458,-25904.049550001204,22163.310243254353,-19401.02663460959,-35108.74974773457,-2124.096971185453,-1873.3074700918123,-39266.529322414804,-10323.005812329628,11264.501927382013,2201.203285678505,46908.95037137693,10095.881990736463,-12374.50788658268,29206.20547962896,-7390.95199881886,1360.3927635763894,-5690.556771817682,16760.04378777175,-4614.316515328078,-32189.247657286025,19895.37749711182
5867.07550410513,-2042.66624153133,-6539.770422961702,2975.1762381535273,-2775.9078430699647,3102.141503743858,5772.241931444199,10205.207708358634,7132.120929731243,-6103.173322446551,5342.174182039786,9667.529140285922,584.4699677564868,515.9298353600635,10811.415692041597,2842.2538122855144,-3101.799482977424,-606.4453217875858,-12916.28340679409,-2779.959298865572,3407.530678517926,-8042.325922290261,2035.0093166041702,-375.2047406796972,1566.407766198884,-4614.316515328078,1270.8161079881531,8862.534495409047,-5478.792385167858
40928.62548056483,-14251.623441189526,-45613.567485944826,20755.339806237127,-19359.087054868327,21639.134315624855,40259.00831598745,71186.4020204105,49751.737325041555,-42567.39053626768,37261.94394594299,67431.33118873884,4079.620199167187,3597.5849391819925,75416.42530550546,19826.5756657928,-21634.716586018345,-4227.773098525553,-90094.90298838448,-19390.286935009746,23766.843822841714,-56094.40973519391,14195.390118934569,-2613.4008892084503,10929.286261528645,-32189.247657286025,8862.534495409047,61823.273455881295,-38212.0707926774
-25296.94112475258,8807.751870183973,28195.80353736115,-12828.155952082529,11967.662249643563,-13375.14777306575,-24886.354249394426,-44000.56421833942,-30751.024786987215,26313.133514339846,-23032.65053757755,-41681.38464827995,-2520.5777347492044,-2224.1424282809053,-46614.58990729196,-12254.688551729778,13373.21041409807,2614.197752305873,55689.033887714075,11985.703582864247,-14691.31337176799,34674.077590939734,-8774.160937814764,1616.95484423214,-6754.291947696441,19895.37749711182,-5478.792385167858,-38212.0707926774,23621.148348377923
