V1,V2,V3,V4,V5,V6,V7,V8,V9,V10,V11,V12,V13,V14,V15,V16,V17,V18,V19,V20,V21,V22,V23,V24,V25,V26,V27,V28,V29,V30,V31,V32,V33,V34,V35,V36,V37,V38,V39,V40,V41,V42,V43,V44
2.7482858907681633,-3.9208977146772677,0.3777029427712348,-5.319257959955444,-2.3533315998293594,2.2618027341067104,5.483206421816097,-0.6735056232074565,-2.6830145133024375,0.6794912138742892,-2.5986089582875485,2.859428032279753,1.5781117002824017,-1.1796560118362185,-4.827540788426831,-1.7657882520332513,-5.80595126602686,-1.057360129329455,0.2907780137977176,0.3070001613782578,0.4736044585579704,-3.023305609387009,-3.765293643639495,3.2181008747352817,-2.5324690867113695,-0.8810077506404184,-0.043936788307116774,-1.7792650546125242,1.7863195722548455,0.5771682793775103,-0.06301408044486267,-1.1107922367166891,-3.816735547061162,-1.4850643650063287,1.836220933209492,-3.281906883665554,-4.55259172276813,-2.859447171128605,1.311526575835496,3.1899649331018773,2.7200017978476585,-4.148542010519226,-1.2028986091991976,3.3736920390151623
-3.9208977146772677,6.4217023572268195,-1.180444181472969,8.790760828323343,4.218713368264702,-3.560401705383515,-9.57630727774233,1.0669359879117915,4.973375500510825,-1.5145049387387441,3.853573493600073,-4.067050258890824,-3.2859676396387663,1.7226319185553276,7.864727301820667,2.921038327964654,9.251204464068078,1.5216602413134426,-1.0348728018140159,0.010039333945942796,-1.177045518148157,4.8967730528769415,6.693232394987537,-4.842489547975856,4.46605554822591,1.0677927502548692,0.18236280513846584,2.519158214645087,-2.6434544405226874,-1.3369407026891398,-0.10796296134906726,1.6333373357070553,6.508183935152473,2.081349191896425,-2.8921139221138015,4.8211369828334405,7.752391658452458,4.4908009597416765,-2.667261361268454,-5.2665853585588085,-4.927073694786405,7.731123455069503,1.8193209464443694,-5.783862089045905
0.3777029427712348,-1.180444181472969,0.7383758952468747,-1.5665522093019113,-1.0930396419929294,0.46006627565499164,2.2721928629396837,-0.18547270978441838,-1.487665723808892,0.628908985729372,-0.4584178393529025,0.1380908735739424,1.0183394869133222,-0.1869545495608563,-1.3761878650729478,-0.45413049038321485,-1.367223268869818,0.00842337768152102,0.5820777639398251,-0.5551925860375544,0.535415142928599,-0.7547283962546216,-1.4181946446445879,0.47210811872300357,-1.1228516505676067,0.05367443604322075,-0.11289964548977263,-0.18326308798083396,0.21155877376130208,0.5431545708317076,0.1680729880505032,-0.12503089270112255,-1.3362475718048403,-0.0861521323596475,0.5397386714517315,-0.3528904655590577,-1.50092262457945,-0.6799397028806492,0.8756238454387336,0.9288159848720793,1.318966096551858,-2.090227607082174,-0.1457620245252705,1.2111373913789545
-5.319257959955444,8.790760828323343,-1.5665522093019113,12.178648447726593,5.840784894673686,-4.980663133248438,-13.211394381659815,1.3909322880228292,6.823860385599839,-2.0913658370609878,5.2372092957253376,-5.617861157995983,-4.692777651649734,2.3513383758985684,10.837014063375248,4.046751679281376,12.771549029304209,2.1988417698253566,-1.4547579115034224,0.08816113420291778,-1.6957259050008069,6.851879843818917,9.433637712768576,-6.679167191995265,6.163442048463154,1.3414122198562688,0.3191549280911592,3.397508189722857,-3.597119497980513,-1.926829216347974,-0.21170078158700298,2.2665947658081307,9.006232598393106,2.8711218203633173,-3.9108227480446653,6.709411112810986,10.909540745676704,6.171281217602113,-3.7163162008177992,-7.2768243668536154,-6.825232517167189,10.769693425436982,2.480778026544429,-8.080626814735949
-2.3533315998293594,4.218713368264702,-1.0930396419929294,5.840784894673686,3.3352940489040015,-2.2982807378114716,-6.174276798560744,0.5302227243301957,3.549912476190859,-0.977574262974692,2.4871828381734655,-2.0831475386072174,-2.4189955068261053,1.2277132555339363,4.859303468812221,1.5444122194399372,5.7110658132065275,0.48900970402099186,-1.087213339129942,0.6131410510400437,-1.227045492496737,2.9568400539784956,4.993793851181604,-2.804051765835816,3.3732326163909465,0.39550166635523065,0.07379066800674156,1.4805522096298207,-1.439698235728372,-1.2670671646441234,-0.26360553171950424,0.8483917163838401,4.291857976526877,1.1886720405773867,-1.7474912984545,3.4311768995836402,5.313864911232201,2.9769249813263707,-2.197303651221105,-3.1843201761726583,-3.8000084507155614,5.588800985180311,0.6988122661298345,-4.018380603077496
2.2618027341067104,-3.560401705383515,0.46006627565499164,-4.980663133248438,-2.2982807378114716,2.2471258182839127,5.29546999823069,-0.6532458069267126,-2.6830666880961362,0.800773777292978,-2.031277527725714,2.6664876283748904,1.7819214443093119,-0.9572199136793378,-4.391405876573894,-1.5904932408381465,-5.283828530778232,-1.0026503454432245,0.6445543790221901,0.24781327541919215,0.720546915849508,-2.834882524056241,-3.8142922722799617,2.7388701772784723,-2.537935958835483,-0.5758779951344556,-0.17330488440148203,-1.3739825705032862,1.564607013134108,0.7765965120556872,0.03275266594864321,-1.096509842419733,-3.6965964848147066,-1.3478839943435141,1.4948736817776653,-2.9565967726882936,-4.515319972662625,-2.4912378483334305,1.3691769703568444,3.053970750129184,2.679997093439575,-4.171059807346871,-1.0747791828715798,3.217717663075413
5.483206421816097,-9.57630727774233,2.2721928629396837,-13.211394381659815,-6.174276798560744,5.29546999823069,16.69174233787482,-1.8391382120403441,-8.60986118513825,3.4408402830793845,-5.136934176632209,5.888190505634517,5.954948603495633,-2.050421941318209,-12.526394675261868,-4.961595575118027,-13.994646105653226,-2.9256163561423167,1.7502538776414818,-0.5690586325750586,1.9412321418045029,-8.036694044713316,-9.700852401429758,7.005029804883005,-6.7695669222184804,-1.3058177661615582,-1.0610609023659714,-3.30852579012062,3.722020375307554,2.2252059570441247,0.24203270510616828,-2.646617831337209,-10.466845624923572,-2.7032818917042327,4.710224856440644,-5.435040405050712,-12.150174158093817,-6.27355982584242,4.285850462100651,8.603063081281011,7.521427928431584,-12.81709676944945,-3.2852695058428125,9.122307167078578
-0.6735056232074565,1.0669359879117915,-0.18547270978441838,1.3909322880228292,0.5302227243301957,-0.6532458069267126,-1.8391382120403441,0.3876903842460471,0.8772308706182681,-0.3963658288937702,0.4756966030829037,-0.9211376750258887,-0.43178406849724515,0.2064517462450625,1.3788447723373745,0.5434224395991394,1.5721055187561876,0.3552647257916123,-0.24517364984078954,-0.312455275340287,-0.1191480042370441,0.8366444525771328,0.7739349928753108,-0.7631440815092239,0.6849662903303282,0.3118945099751203,0.12855033163626925,0.4038571026695619,-0.5537313861244796,-0.1316144066184797,0.11754415850012086,0.43785751559910946,1.15618831630936,0.37951152019592654,-0.5136642565505016,0.5840671202137061,1.1266541145085094,0.621601348094278,-0.317546946381424,-1.0418050930017169,-0.6576465049747197,1.159450383452164,0.5270958049339285,-0.8059916455779211
-2.6830145133024375,4.973375500510825,-1.487665723808892,6.823860385599839,3.549912476190859,-2.6830666880961362,-8.60986118513825,0.8772308706182681,4.815022140355947,-1.8289805340640195,2.5849848047108184,-2.6469168503459977,-3.2752478784180203,1.0729712499917028,6.263379088708589,2.3101725059154243,6.937950539830237,1.1575656517616704,-1.2032467795375572,0.7916010088988222,-1.3502972954972983,3.9302362327685736,5.364840652797247,-3.3094075351276055,3.848368211347895,0.42390961292850454,0.46922388988838565,1.5260905116808063,-1.7043033083919523,-1.4569051681757694,-0.33364548558076973,1.1815432577577811,5.412137352462694,1.3106338903383523,-2.329258788091936,2.82822768090918,6.438979124609382,3.259065373802077,-2.475542830538442,-4.2876574198904995,-4.297968732757569,6.989125184875635,1.3159955111308645,-4.8505806945287455
0.6794912138742892,-1.5145049387387441,0.628908985729372,-2.0913658370609878,-0.977574262974692,0.800773777292978,3.4408402830793845,-0.3963658288937702,-1.8289805340640195,0.9812852147328949,-0.5200471845782523,0.8050990825252867,1.3035955891792854,-0.11409197903163948,-2.184379089143526,-0.9485717965180699,-2.1992754568156023,-0.5995599263288962,0.47028718001366904,-0.27967917296316774,0.42388297321780116,-1.4237041950706453,-1.4541216258718281,0.9271817009399254,-1.1710263175091051,-0.08480779759852419,-0.4004359298647084,-0.309859106663724,0.49259440441458785,0.4808590665217132,0.06691003166995675,-0.47999062254868974,-1.906225522644116,-0.275151424623485,0.8384306901041109,-0.2094996006402947,-2.0756315444821998,-0.8132559323328696,0.812887462792793,1.5944614280112872,1.3049098617816282,-2.501779211659829,-0.68367025182113506,1.5617625647305575
-2.5986089582875485,3.853573493600073,-0.4584178393529025,5.2372092957253376,2.4871828381734655,-2.031277527725714,-5.136934176632209,0.4756966030829037,2.5849848047108184,-0.5200471845782523,2.795577192855222,-2.369037233018025,-1.6730858144050273,1.2766618053307093,4.644934365750189,1.687368387608769,5.577696412822221,0.8366263786979768,-0.17312626538125311,0.08200479753147093,-0.4783932564165086,2.8921152091057984,3.9418714844086926,-3.196156366414835,2.4579219331310562,0.784894398005491,-0.0706745081927302,1.8126147352121835,-1.622187407718982,-0.5933844707715978,-0.07522736094995189,0.810593621500452,3.6342697482775477,1.287655570137913,-1.823448562315904,3.316512731164028,4.461849610314819,2.915890758316992,-1.4884626510347891,-2.9019039919592813,-2.808372346622559,4.246654479065906,0.9339222093103299,-3.457332321492414
2.859428032279753,-4.067050258890824,0.1380908735739424,-5.617861157995983,-2.0831475386072174,2.6664876283748904,5.888190505634517,-0.9211376750258887,-2.6469168503459977,0.8050990825252867,-2.369037233018025,3.7502802184717177,1.6159447148979407,-1.0408222676990029,-5.21532097954732,-2.0885755990578487,-6.387888594933204,-1.577906815275064,0.37539193585813146,1.0440527721022015,0.3829609117346067,-3.3970580286866157,-3.7950176053455893,3.496272963872483,-2.496790987305439,-1.0044111754716283,-0.163208500675688,-1.7684802903207772,2.129358648596735,0.4911275881050337,-0.1942247866209219,-1.5136800490284723,-4.139040528579394,-1.809056580026327,1.780417114535035,-3.363946607065481,-4.879600678478108,-2.849050582537166,1.060645454103313,3.712083943222336,2.483873735018448,-4.068720094542489,-1.675622239142196,3.3608829981566
1.5781117002824017,-3.2859676396387663,1.0183394869133222,-4.692777651649734,-2.4189955068261053,1.7819214443093119,5.954948603495633,-0.43178406849724515,-3.2752478784180203,1.3035955891792854,-1.6730858144050273,1.6159447148979407,2.6196161974752687,-0.6275027330781712,-4.295531888195665,-1.7232429346226816,-4.731806532803183,-0.9503055915303594,0.792807792120792,-0.7776722994705363,0.9757481709379969,-2.839228118109727,-3.975311252848321,2.2681320105356493,-2.547187245145677,-0.0639724750750069,-0.3978437765596945,-0.9028782503846343,1.0309081058946008,1.0899229547947498,0.37457779346785175,-0.7039412423542991,-3.7278906945853647,-0.7706942107153377,1.514076459881524,-1.7535324645652077,-4.663857035320427,-2.170397402526525,1.8215059971282082,2.919595928012793,2.963019102497758,-5.05622883244823,-0.874393014514879,3.5007487556066206
-1.1796560118362185,1.7226319185553276,-0.1869545495608563,2.3513383758985684,1.2277132555339363,-0.9572199136793378,-2.050421941318209,0.2064517462450625,1.0729712499917028,-0.11409197903163948,1.2766618053307093,-1.0408222676990029,-0.6275027330781712,0.687951043160711,1.9359870445958944,0.5907301908156382,2.4028637317511734,0.21555259840125848,-0.1687342879180265,0.00411208159839391,-0.2808984172604957,1.1825788687303094,1.8320544904148877,-1.3792536163639222,1.1692612205893587,0.36253287825952707,-0.0782961524467317,0.8496493232562025,-0.7355520086160868,-0.29237107913560456,-0.014213365114899356,0.3585387739487982,1.5661068296151404,0.6074079845760675,-0.7460685738803953,1.7705493778833667,1.9522577653407245,1.3349184801192755,-0.6930812635870047,-1.196076338080984,-1.3107218790807014,1.8267029846687133,0.2932363937301694,-1.5036481721510266
-4.827540788426831,7.864727301820667,-1.3761878650729478,10.837014063375248,4.859303468812221,-4.391405876573894,-12.526394675261868,1.3788447723373745,6.263379088708589,-2.184379089143526,4.644934365750189,-5.21532097954732,-4.295531888195665,1.9359870445958944,10.103164063293336,4.009130091784029,11.666790189112353,2.4093197385116127,-1.0104500713209514,-0.036784924584987035,-1.2532010616050464,6.465926834534949,7.928495448170444,-6.167107579724972,5.245675013123814,1.3356925700110607,0.5069716290648649,3.072655451623807,-3.304112116905708,-1.5053210901927454,-0.10195258855566425,2.152487925429709,8.206871510362907,2.5238784188096566,-3.766974819910777,5.30652873506314,9.696276690025883,5.418296288374578,-3.1562081506595034,-6.8205727302348755,-5.805338373667102,9.661035280638806,2.640867827771573,-7.230992516675936
-1.7657882520332513,2.921038327964654,-0.45413049038321485,4.046751679281376,1.5444122194399372,-1.5904932408381465,-4.961595575118027,0.5434224395991394,2.3101725059154243,-0.9485717965180699,1.687368387608769,-2.0885755990578487,-1.7232429346226816,0.5907301908156382,4.009130091784029,1.814543480979882,4.561842180292456,1.2395043173810598,-0.191732454290931,-0.16155024243660007,-0.26804088680350935,2.6397399950432026,2.783777095955607,-2.4791604460969663,1.7231315172832553,0.5458512038195708,0.26866626438631336,1.1491827964052275,-1.3108418155857702,-0.42220925451697605,-0.0060303892231930575,0.8619860167143425,3.1283384483896466,0.9323467084839588,-1.5005437604063587,1.6040270871347022,3.639097234084523,1.9717683067164595,-1.0583684045172597,-2.7348477213488587,-1.937316391208194,3.6135237229816193,1.268890022786616,-2.7022160222380838
-5.80595126602686,9.251204464068078,-1.367223268869818,12.771549029304209,5.7110658132065275,-5.283828530778232,-13.994646105653226,1.5721055187561876,6.937950539830237,-2.1992754568156023,5.577696412822221,-6.387888594933204,-4.731806532803183,2.4028637317511734,11.666790189112353,4.561842180292456,13.778385231165636,2.735317814797832,-1.1721517988575259,-0.38261265448597637,-1.4306484159118076,7.4426605440590565,9.48466031398466,-7.351069981681855,6.146112815006133,1.6515214665196103,0.38250819715895273,3.7308818858786803,-4.007602645776106,-1.7102366621740108,-0.05867811738808135,2.567396046658028,9.47012903029189,3.1822011825161085,-4.250312901093675,6.887552618009712,11.328396926832484,6.495811758548855,-3.565965214592643,-7.876217365829277,-6.736090897971974,10.927410162176551,3.008558665226545,-8.348810230950464
-1.057360129329455,1.5216602413134426,0.00842337768152102,2.1988417698253566,0.48900970402099186,-1.0026503454432245,-2.9256163561423167,0.3552647257916123,1.1575656517616704,-0.5995599263288962,0.8366263786979768,-1.577906815275064,-0.9503055915303594,0.21555259840125848,2.4093197385116127,1.2395043173810598,2.735317814797832,1.1511763937832349,0.1352822395679119,-0.34722886737938824,0.03252246025443178,1.746945960107066,1.2738194500849507,-1.5693974314265604,0.7020337563971226,0.3352588050995341,0.2994195644368534,0.6300634531649666,-0.8386140568836089,-0.08899384022420471,0.03735417067818731,0.6620191657651352,1.7587136063092679,0.6547678881238282,-0.8623723119604012,0.6838927545492113,2.1163207132783355,1.0206356181599454,-0.3003822598275392,-1.7321022010337028,-0.7323223149219515,1.7716338484829925,0.9844955304351736,-1.4594495116683857
0.2907780137977176,-1.0348728018140159,0.5820777639398251,-1.4547579115034224,-1.087213339129942,0.6445543790221901,1.7502538776414818,-0.24517364984078954,-1.2032467795375572,0.47028718001366904,-0.17312626538125311,0.37539193585813146,0.792807792120792,-0.1687342879180265,-1.0104500713209514,-0.191732454290931,-1.1721517988575259,0.1352822395679119,0.8880681246722261,-0.16934773576126289,0.6613985744931247,-0.5227021031562257,-1.4901746946469228,0.24302984760112192,-1.1953636404241257,0.08176560614272121,-0.07624026172401803,-0.06651073505767077,0.25230870446431386,0.6215750011374475,0.0704260774860063,-0.280062967402012,-1.2207774329040235,-0.21868651547602888,0.23047817896767792,-0.7510596956603294,-1.4106767083264211,-0.5476649271406401,0.7758432675025487,0.8260931642655376,1.2602347482632257,-1.750206940457623,-0.08434442630661453,0.9654095798840303
0.3070001613782578,0.010039333945942796,-0.5551925860375544,0.08816113420291778,0.6131410510400437,0.24781327541919215,-0.5690586325750586,-0.312455275340287,0.7916010088988222,-0.27967917296316774,0.08200479753147093,1.0440527721022015,-0.7776722994705363,0.00411208159839391,-0.036784924584987035,-0.16155024243660007,-0.38261265448597637,-0.34722886737938824,-0.16934773576126289,1.4218229410801086,-0.5073576593257503,0.0023594790429216335,0.6597506134283526,0.3387870077370499,0.4353676576314274,-0.5573032050205636,0.10210834966137367,-0.276639098857199,0.5427784014028197,-0.5228888112753093,-0.47916229639409125,-0.4629209403683676,0.13246767836856888,-0.40910699505914727,-0.08256766995444907,-0.38097303467471966,0.5631320296863995,0.0567428773089752,-0.6247465672942083,0.21433297583049643,-0.757382862206003,1.097166610719438,-0.5948585930550868,-0.6259408247398704
0.4736044585579704,-1.177045518148157,0.535415142928599,-1.6957259050008069,-1.227045492496737,0.720546915849508,1.9412321418045029,-0.1191480042370441,-1.3502972954972983,0.42388297321780116,-0.4783932564165086,0.3829609117346067,0.9757481709379969,-0.2808984172604957,-1.2532010616050464,-0.26804088680350935,-1.4306484159118076,0.03252246025443178,0.6613985744931247,-0.5073576593257503,0.708594832330299,-0.7641744259788057,-1.7808439985748368,0.49197483391868346,-1.284021980931662,0.15903674871829107,-0.08386590835233448,-0.1761017055794925,0.22192665641573098,0.6704569969139818,0.22888484925436792,-0.1945193805998645,-1.3344229829312748,-0.27893471213733023,0.3586371171642537,-0.9360355847452875,-1.7880714666720317,-0.775855997712571,0.8622981252274048,0.883185811418225,1.4178292291229957,-1.9909103210869075,0.025071183468150668,1.295127302819225
-3.023305609387009,4.8967730528769415,-0.7547283962546216,6.851879843818917,2.9568400539784956,-2.834882524056241,-8.036694044713316,0.8366444525771328,3.9302362327685736,-1.4237041950706453,2.8921152091057984,-3.3970580286866157,-2.839228118109727,1.1825788687303094,6.465926834534949,2.6397399950432026,7.4426605440590565,1.746945960107066,-0.5227021031562257,0.0023594790429216335,-0.7641744259788057,4.273472139926124,5.0100734181131905,-3.9806505564071433,3.210499732736022,0.7756924685805464,0.43688436614076387,1.909875917682552,-2.077910645447656,-0.9341505712768087,-0.10638294466360035,1.4001711529943053,5.218367012523413,1.6077744630870558,-2.37825180985568,3.2581658910563833,6.285928796597687,3.388221511599205,-1.9412654027150475,-4.385583934725418,-3.5616739075320862,6.126469247275775,1.7399355767516616,-4.649596213703677
-3.765293643639495,6.693232394987537,-1.4181946446445879,9.433637712768576,4.993793851181604,-3.8142922722799617,-9.700852401429758,0.7739349928753108,5.364840652797247,-1.4541216258718281,3.9418714844086926,-3.7950176053455893,-3.975311252848321,1.8320544904148877,7.928495448170444,2.783777095955607,9.48466031398466,1.2738194500849507,-1.4901746946469228,0.6597506134283526,-1.7808439985748368,5.0100734181131905,8.13723312210142,-4.8019737444305965,5.127720478026082,0.5833574982250034,0.0907452513234384,2.3517773112342653,-2.4413978579799216,-1.9209501289246587,-0.4771391582205916,1.4566110143683195,6.8575716428039195,2.107602042009996,-2.6836981842397134,5.544572101363939,8.770229706224358,4.798853396132072,-3.2596547826074334,-5.265614149352139,-5.768351899473214,8.720089619881545,1.3393012613692665,-6.456285671716285
3.2181008747352817,-4.842489547975856,0.47210811872300357,-6.679167191995265,-2.804051765835816,2.7388701772784723,7.005029804883005,-0.7631440815092239,-3.3094075351276055,0.9271817009399254,-3.196156366414835,3.496272963872483,2.2681320105356493,-1.3792536163639222,-6.167107579724972,-2.4791604460969663,-7.351069981681855,-1.5693974314265604,0.24302984760112192,0.3387870077370499,0.49197483391868346,-3.9806505564071433,-4.8019737444305965,4.152644684020159,-2.954266388062389,-1.0165543107671713,-0.11507181561897999,-2.1689258711921355,2.2160635192243294,0.6697594626031249,0.0010174614343169722,-1.3149341653341748,-4.80884729734015,-1.745423947545484,2.300878585661738,-3.7956157241839437,-5.813362056908251,-3.524111143008459,1.6759774572945645,4.071373591111059,3.27448211767569,-5.375613706026497,-1.6265465373173156,4.322418658116736
-2.5324690867113695,4.46605554822591,-1.1228516505676067,6.163442048463154,3.3732326163909465,-2.537935958835483,-6.7695669222184804,0.6849662903303282,3.848368211347895,-1.1710263175091051,2.4579219331310562,-2.496790987305439,-2.547187245145677,1.1692612205893587,5.245675013123814,1.7231315172832553,6.146112815006133,0.7020337563971226,-1.1953636404241257,0.4353676576314274,-1.284021980931662,3.210499732736022,5.127720478026082,-2.954266388062389,3.574701932634031,0.44394913972371247,0.15024663171785604,1.4908094964418466,-1.59764321753852,-1.3280378470424334,-0.23247625554390103,1.0593445379063313,4.633956565315034,1.3645446722886538,-1.843224746248985,3.448328613483333,5.661756696493831,3.072632544217737,-2.1876798754236164,-3.554807216885327,-3.9199576610839286,5.838995394501103,0.9196887346772887,-4.181792699486067
-0.8810077506404184,1.0677927502548692,0.05367443604322075,1.3414122198562688,0.39550166635523065,-0.5758779951344556,-1.3058177661615582,0.3118945099751203,0.42390961292850454,-0.08480779759852419,0.784894398005491,-1.0044111754716283,-0.0639724750750069,0.36253287825952707,1.3356925700110607,0.5458512038195708,1.6515214665196103,0.3352588050995341,0.08176560614272121,-0.5573032050205636,0.15903674871829107,0.7756924685805464,0.5833574982250034,-1.0165543107671713,0.44394913972371247,0.5466903935877028,-0.03134112024441203,0.6717317496639313,-0.6787650587264111,0.1325690244048259,0.24049771495741273,0.4052192082867366,0.9393318152551088,0.4471653456281476,-0.576580876445509,0.9089535798417174,0.8176768507924528,0.7525131800988184,-0.14805298587965704,-0.8834130749815585,-0.4170141059321818,0.6887483610116005,0.5609013617721375,-0.6414552060217614
-0.043936788307116774,0.18236280513846584,-0.11289964548977263,0.3191549280911592,0.07379066800674156,-0.17330488440148203,-1.0610609023659714,0.12855033163626925,0.46922388988838565,-0.4004359298647084,-0.0706745081927302,-0.163208500675688,-0.3978437765596945,-0.0782961524467317,0.5069716290648649,0.26866626438631336,0.38250819715895273,0.2994195644368534,-0.07624026172401803,0.10210834966137367,-0.08386590835233448,0.43688436614076387,0.0907452513234384,-0.11507181561897999,0.15024663171785604,-0.03134112024441203,0.31131520865917417,-0.030493794733778463,-0.04118514305477913,-0.08818056619243662,0.008732399016505937,0.17380741627049784,0.4581816946437747,-0.0376015796723635,-0.21214185189382934,-0.3170242289541659,0.4449505558051452,-0.0013766446694549023,-0.15498596649070182,-0.4193991902204094,-0.1596244049563492,0.593151060195699,0.27044300472562194,-0.33591145322996635
-1.7792650546125242,2.519158214645087,-0.18326308798083396,3.397508189722857,1.4805522096298207,-1.3739825705032862,-3.30852579012062,0.4038571026695619,1.5260905116808063,-0.309859106663724,1.8126147352121835,-1.7684802903207772,-0.9028782503846343,0.8496493232562025,3.072655451623807,1.1491827964052275,3.7308818858786803,0.6300634531649666,-0.06651073505767077,-0.276639098857199,-0.1761017055794925,1.909875917682552,2.3517773112342653,-2.1689258711921355,1.4908094964418466,0.6717317496639313,-0.030493794733778463,1.2721848944133805,-1.1925629870462626,-0.24355059184088562,0.09330109204162823,0.6524287098967018,2.362700450140492,0.9088528044938232,-1.2128243380574475,2.2098562543659748,2.7507574775673165,1.8786820298298739,-0.8372044394053737,-1.9584558929444524,-1.6471785001067054,2.541896495515256,0.780415277750216,-2.1112887888400205
1.7863195722548455,-2.6434544405226874,0.21155877376130208,-3.597119497980513,-1.439698235728372,1.564607013134108,3.722020375307554,-0.5537313861244796,-1.7043033083919523,0.49259440441458785,-1.622187407718982,2.129358648596735,1.0309081058946008,-0.7355520086160868,-3.304112116905708,-1.3108418155857702,-4.007602645776106,-0.8386140568836089,0.25230870446431386,0.5427784014028197,0.22192665641573098,-2.077910645447656,-2.4413978579799216,2.2160635192243294,-1.59764321753852,-0.6787650587264111,-0.04118514305477913,-1.1925629870462626,1.3293059675140702,0.30105616717705247,-0.13302410570823495,-0.8533059815606018,-2.610526411354407,-1.037127253421894,1.1974126335682662,-2.1390102572626044,-2.99297695770702,-1.8579550505630402,0.7960501877960198,2.270115818157983,1.6733184944149193,-2.7075574672917857,-1.0030784621609041,2.1593607918671536
0.5771682793775103,-1.3369407026891398,0.5431545708317076,-1.926829216347974,-1.2670671646441234,0.7765965120556872,2.2252059570441247,-0.1316144066184797,-1.4569051681757694,0.4808590665217132,-0.5933844707715978,0.4911275881050337,1.0899229547947498,-0.29237107913560456,-1.5053210901927454,-0.42220925451697605,-1.7102366621740108,-0.08899384022420471,0.6215750011374475,-0.5228888112753093,0.6704569969139818,-0.9341505712768087,-1.9209501289246587,0.6697594626031249,-1.3280378470424334,0.1325690244048259,-0.08818056619243662,-0.24355059184088562,0.30105616717705247,0.6885778633345259,0.23680582209476175,-0.23497741196188582,-1.4935105493462957,-0.32044842382023564,0.46079761822514764,-0.9823316653125749,-2.014516952112786,-0.8936408390181887,0.8860432070209975,1.0452035417479368,1.506416955572876,-2.1866186729216577,-0.07207536362212952,1.4613816580706525
-0.06301408044486267,-0.10796296134906726,0.1680729880505032,-0.21170078158700298,-0.26360553171950424,0.03275266594864321,0.24203270510616828,0.11754415850012086,-0.33364548558076973,0.06691003166995675,-0.07522736094995189,-0.1942247866209219,0.37457779346785175,-0.014213365114899356,-0.10195258855566425,-0.0060303892231930575,-0.05867811738808135,0.03735417067818731,0.0704260774860063,-0.47916229639409125,0.22888484925436792,-0.10638294466360035,-0.4771391582205916,0.0010174614343169722,-0.23247625554390103,0.24049771495741273,0.008732399016505937,0.09330109204162823,-0.13302410570823495,0.23680582209476175,0.24772149069136015,0.1460793057290289,-0.14364860256287548,0.034606915112936655,-0.0021300409422373486,-0.030099724821939997,-0.4438525386057867,-0.12339400655970062,0.22721090926653276,0.02794324989866319,0.3357321422819088,-0.48667355859222283,0.2201713326216838,0.3435236011747033
-1.1107922367166891,1.6333373357070553,-0.12503089270112255,2.2665947658081307,0.8483917163838401,-1.096509842419733,-2.646617831337209,0.43785751559910946,1.1815432577577811,-0.47999062254868974,0.810593621500452,-1.5136800490284723,-0.7039412423542991,0.3585387739487982,2.152487925429709,0.8619860167143425,2.567396046658028,0.6620191657651352,-0.280062967402012,-0.4629209403683676,-0.1945193805998645,1.4001711529943053,1.4566110143683195,-1.3149341653341748,1.0593445379063313,0.4052192082867366,0.17380741627049784,0.6524287098967018,-0.8533059815606018,-0.23497741196188582,0.1460793057290289,0.7029095087401438,1.7672361424924194,0.6901655901066582,-0.7418817335417461,1.1980595928414806,1.973946216414566,1.0612109500358484,-0.46278511832390967,-1.5825108451929961,-1.03274678631422,1.7565032107549592,0.776472417989182,-1.3421932336922715
-3.816735547061162,6.508183935152473,-1.3362475718048403,9.006232598393106,4.291857976526877,-3.6965964848147066,-10.466845624923572,1.15618831630936,5.412137352462694,-1.906225522644116,3.6342697482775477,-4.139040528579394,-3.7278906945853647,1.5661068296151404,8.206871510362907,3.1283384483896466,9.47012903029189,1.7587136063092679,-1.2207774329040235,0.13246767836856888,-1.3344229829312748,5.218367012523413,6.8575716428039195,-4.80884729734015,4.633956565315034,0.9393318152551088,0.4581816946437747,2.362700450140492,-2.610526411354407,-1.4935105493462957,-0.14364860256287548,1.7672361424924194,6.895603834972512,2.0140863044602706,-2.9796293305449315,4.443423842866023,8.162107915974111,4.405048056798109,-2.843599654708107,-5.603582158979665,-5.099613826808982,8.303312604778238,2.0178701097940026,-6.053235598066352
-1.4850643650063287,2.081349191896425,-0.0861521323596475,2.8711218203633173,1.1886720405773867,-1.3478839943435141,-2.7032818917042327,0.37951152019592654,1.3106338903383523,-0.275151424623485,1.287655570137913,-1.809056580026327,-0.7706942107153377,0.6074079845760675,2.5238784188096566,0.9323467084839588,3.1822011825161085,0.6547678881238282,-0.21868651547602888,-0.40910699505914727,-0.27893471213733023,1.6077744630870558,2.107602042009996,-1.745423947545484,1.3645446722886538,0.4471653456281476,-0.0376015796723635,0.9088528044938232,-1.037127253421894,-0.32044842382023564,0.034606915112936655,0.6901655901066582,2.0140863044602706,0.9737786029312616,-0.8420581357444786,1.9584469351026688,2.518625014022458,1.5393630372215288,-0.5723431659159268,-1.755083011688509,-1.3769682469674498,2.0429973044284844,0.6636484912574108,-1.7254609094720423
1.836220933209492,-2.8921139221138015,0.5397386714517315,-3.9108227480446653,-1.7474912984545,1.4948736817776653,4.710224856440644,-0.5136642565505016,-2.329258788091936,0.8384306901041109,-1.823448562315904,1.780417114535035,1.514076459881524,-0.7460685738803953,-3.766974819910777,-1.5005437604063587,-4.250312901093675,-0.8623723119604012,0.23047817896767792,-0.08256766995444907,0.3586371171642537,-2.37825180985568,-2.6836981842397134,2.300878585661738,-1.843224746248985,-0.576580876445509,-0.21214185189382934,-1.2128243380574475,1.1974126335682662,0.46079761822514764,-0.0021300409422373486,-0.7418817335417461,-2.9796293305449315,-0.8420581357444786,1.5257370662883474,-1.7850823850929032,-3.400252727823317,-1.9943398973085678,1.1544882942545416,2.4734492564035993,2.0868426933791926,-3.528155717385103,-1.0005138067972417,2.6421058729661517
-3.281906883665554,4.8211369828334405,-0.3528904655590577,6.709411112810986,3.4311768995836402,-2.9565967726882936,-5.435040405050712,0.5840671202137061,2.82822768090918,-0.2094996006402947,3.316512731164028,-3.363946607065481,-1.7535324645652077,1.7705493778833667,5.30652873506314,1.6040270871347022,6.887552618009712,0.6838927545492113,-0.7510596956603294,-0.38097303467471966,-0.9360355847452875,3.2581658910563833,5.544572101363939,-3.7956157241839437,3.448328613483333,0.9089535798417174,-0.3170242289541659,2.2098562543659748,-2.1390102572626044,-0.9823316653125749,-0.030099724821939997,1.1980595928414806,4.443423842866023,1.9584469351026688,-1.7850823850929032,5.366371852381154,5.739073313465521,3.7262116116759194,-1.8436505174803912,-3.441529207430752,-3.719727044378693,4.958336317860539,0.8588165402979631,-4.145640229199435
-4.55259172276813,7.752391658452458,-1.50092262457945,10.909540745676704,5.313864911232201,-4.515319972662625,-12.150174158093817,1.1266541145085094,6.438979124609382,-2.0756315444821998,4.461849610314819,-4.879600678478108,-4.663857035320427,1.9522577653407245,9.696276690025883,3.639097234084523,11.328396926832484,2.1163207132783355,-1.4106767083264211,0.5631320296863995,-1.7880714666720317,6.285928796597687,8.770229706224358,-5.813362056908251,5.661756696493831,0.8176768507924528,0.4449505558051452,2.7507574775673165,-2.99297695770702,-2.014516952112786,-0.4438525386057867,1.973946216414566,8.162107915974111,2.518625014022458,-3.400252727823317,5.739073313465521,10.254028331504916,5.438723515005659,-3.4475091350039473,-6.571006226143717,-6.308301181533946,10.059096295416198,2.068497290829791,-7.5070244066953435
-2.859447171128605,4.4908009597416765,-0.6799397028806492,6.171281217602113,2.9769249813263707,-2.4912378483334305,-6.27355982584242,0.621601348094278,3.259065373802077,-0.8132559323328696,2.915890758316992,-2.849050582537166,-2.170397402526525,1.3349184801192755,5.418296288374578,1.9717683067164595,6.495811758548855,1.0206356181599454,-0.5476649271406401,0.0567428773089752,-0.775855997712571,3.388221511599205,4.798853396132072,-3.524111143008459,3.072632544217737,0.7525131800988184,-0.0013766446694549023,1.8786820298298739,-1.8579550505630402,-0.8936408390181887,-0.12339400655970062,1.0612109500358484,4.405048056798109,1.5393630372215288,-1.9943398973085678,3.7262116116759194,5.438723515005659,3.285288758844807,-1.8089075306871298,-3.5389224939290767,-3.422111541941417,5.215566264763187,1.1268387263281099,-4.063233023021095
1.311526575835496,-2.667261361268454,0.8756238454387336,-3.7163162008177992,-2.197303651221105,1.3691769703568444,4.285850462100651,-0.317546946381424,-2.475542830538442,0.812887462792793,-1.4884626510347891,1.060645454103313,1.8215059971282082,-0.6930812635870047,-3.1562081506595034,-1.0583684045172597,-3.565965214592643,-0.3003822598275392,0.7758432675025487,-0.6247465672942083,0.8622981252274048,-1.9412654027150475,-3.2596547826074334,1.6759774572945645,-2.1876798754236164,-0.14805298587965704,-0.15498596649070182,-0.8372044394053737,0.7960501877960198,0.8860432070209975,0.22721090926653276,-0.46278511832390967,-2.843599654708107,-0.5723431659159268,1.1544882942545416,-1.8436505174803912,-3.4475091350039473,-1.8089075306871298,1.594742893508737,2.0545028777858216,2.530950788595207,-3.9106637380995495,-0.45464374908388927,2.6789328106949317
3.1899649331018773,-5.2665853585588085,0.9288159848720793,-7.2768243668536154,-3.1843201761726583,3.053970750129184,8.603063081281011,-1.0418050930017169,-4.2876574198904995,1.5944614280112872,-2.9019039919592813,3.712083943222336,2.919595928012793,-1.196076338080984,-6.8205727302348755,-2.7348477213488587,-7.876217365829277,-1.7321022010337028,0.8260931642655376,0.21433297583049643,0.883185811418225,-4.385583934725418,-5.265614149352139,4.071373591111059,-3.554807216885327,-0.8834130749815585,-0.4193991902204094,-1.9584558929444524,2.270115818157983,1.0452035417479368,0.02794324989866319,-1.5825108451929961,-5.603582158979665,-1.755083011688509,2.4734492564035993,-3.441529207430752,-6.571006226143717,-3.5389224939290767,2.0545028777858216,4.735269089438246,3.8530244817852575,-6.498196848600863,-1.900507661635452,4.802459653576419
2.7200017978476585,-4.927073694786405,1.318966096551858,-6.825232517167189,-3.8000084507155614,2.679997093439575,7.521427928431584,-0.6576465049747197,-4.297968732757569,1.3049098617816282,-2.808372346622559,2.483873735018448,2.963019102497758,-1.3107218790807014,-5.805338373667102,-1.937316391208194,-6.736090897971974,-0.7323223149219515,1.2602347482632257,-0.757382862206003,1.4178292291229957,-3.5616739075320862,-5.768351899473214,3.27448211767569,-3.9199576610839286,-0.4170141059321818,-0.1596244049563492,-1.6471785001067054,1.6733184944149193,1.506416955572876,0.3357321422819088,-1.03274678631422,-5.099613826808982,-1.3769682469674498,2.0868426933791926,-3.719727044378693,-6.308301181533946,-3.422111541941417,2.530950788595207,3.8530244817852575,4.421781287350274,-6.641101899282239,-0.930054318115398,4.744501681386471
-4.148542010519226,7.731123455069503,-2.090227607082174,10.769693425436982,5.588800985180311,-4.171059807346871,-12.81709676944945,1.159450383452164,6.989125184875635,-2.501779211659829,4.246654479065906,-4.068720094542489,-5.05622883244823,1.8267029846687133,9.661035280638806,3.6135237229816193,10.927410162176551,1.7716338484829925,-1.750206940457623,1.097166610719438,-1.9909103210869075,6.126469247275775,8.720089619881545,-5.375613706026497,5.838995394501103,0.6887483610116005,0.593151060195699,2.541896495515256,-2.7075574672917857,-2.1866186729216577,-0.48667355859222283,1.7565032107549592,8.303312604778238,2.0429973044284844,-3.528155717385103,4.958336317860539,10.059096295416198,5.215566264763187,-3.9106637380995495,-6.498196848600863,-6.641101899282239,10.764303440404637,1.989015266525903,-7.593982846753534
-1.2028986091991976,1.8193209464443694,-0.1457620245252705,2.480778026544429,0.6988122661298345,-1.0747791828715798,-3.2852695058428125,0.5270958049339285,1.3159955111308645,-0.68367025182113506,0.9339222093103299,-1.675622239142196,-0.874393014514879,0.2932363937301694,2.640867827771573,1.268890022786616,3.008558665226545,0.9844955304351736,-0.08434442630661453,-0.5948585930550868,0.025071183468150668,1.7399355767516616,1.3393012613692665,-1.6265465373173156,0.9196887346772887,0.5609013617721375,0.27044300472562194,0.780415277750216,-1.0030784621609041,-0.07207536362212952,0.2201713326216838,0.776472417989182,2.0178701097940026,0.6636484912574108,-1.0005138067972417,0.8588165402979631,2.068497290829791,1.1268387263281099,-0.45464374908388927,-1.900507661635452,-0.930054318115398,1.989015266525903,1.1416225161576066,-1.4845274512149589
3.3736920390151623,-5.783862089045905,1.2111373913789545,-8.080626814735949,-4.018380603077496,3.217717663075413,9.122307167078578,-0.8059916455779211,-4.8505806945287455,1.5617625647305575,-3.457332321492414,3.3608829981566,3.5007487556066206,-1.5036481721510266,-7.230992516675936,-2.7022160222380838,-8.348810230950464,-1.4594495116683857,0.9654095798840303,-0.6259408247398704,1.295127302819225,-4.649596213703677,-6.456285671716285,4.322418658116736,-4.181792699486067,-0.6414552060217614,-0.33591145322996635,-2.1112887888400205,2.1593607918671536,1.4613816580706525,0.3435236011747033,-1.3421932336922715,-6.053235598066352,-1.7254609094720423,2.6421058729661517,-4.145640229199435,-7.5070244066953435,-4.063233023021095,2.6789328106949317,4.802459653576419,4.744501681386471,-7.593982846753534,-1.4845274512149589,5.637768706874126
