V1,V2,V3,V4,V5,V6,V7,V8,V9,V10,V11,V12,V13,V14,V15,V16,V17,V18,V19,V20,V21,V22,V23,V24,V25,V26,V27,V28,V29,V30,V31,V32,V33,V34,V35,V36,V37,V38,V39,V40,V41,V42,V43,V44
2.353360563523112,0.06609288520068601,-1.3607614335005451,2.2042957095540574,1.4915727432720534,1.4026354914285868,-0.40317242885493193,-1.9204218934669979,-2.535830636643161,-0.2934604093862237,-1.5065669134202029,1.9512814862872543,-1.1436811806146348,-1.4117699319467278,0.4458634845714027,0.4781497868980838,-2.144858853271485,-1.7486293260116297,-1.6753919582242953,-0.9663252079901464,1.4351174560901319,-0.4435163861447971,2.1723534295140956,-0.06849375193722725,0.4104152010813258,1.5488456320060788,-0.34087874595984274,-0.8436700721203297,-0.1959231144064965,-0.5218218401173536,0.8161029192324939,0.4557731823259547,1.180654688127938,-4.255352740827198,0.27354488975723046,-0.612914627127035,-1.1006289311306665,-1.5187912804450552,-2.246447442976533,0.8132638124220167,-2.044004021110286,0.946529314716402,1.197988089792642,0.6410591944135424
0.06609288520068601,1.045073317120328,-0.9130737337449617,-2.2154082781486526,-0.9055677612891476,0.6137759942749328,-0.39461431427680094,3.0085588515060797,2.614775613650792,-0.30004858996747613,1.7327711882498193,1.2534822441537798,0.043211781937479876,1.6420016175051189,-0.11940078597720062,1.3348103599896564,3.6817730345794546,0.30263560750704005,-0.031860289177095324,-1.1823117718015121,-1.0258529768497107,-0.5145984073091705,-1.48429687312627,0.49897328164786003,-1.3142705296351604,-0.6822216244429432,-0.323831269305935,1.7973050424115904,-0.1790161995562922,1.8721256688385097,0.6355128866343986,-1.8312099284714394,-0.5506754007694301,3.08982695137215,-0.7287001485977932,-1.2382941400904086,-1.8070798507528432,1.5375200078126101,-0.2561941494140216,-0.9335786616236533,2.464221726586965,2.183143492133845,0.32219529817581,-0.10876159345208866
-1.3607614335005451,-0.9130737337449617,1.5210379056958039,0.6324255467250188,-0.06854106519732223,-1.29652104424849,0.5560729084927977,-1.4529878339932378,-0.7826733417771412,0.41405320415300606,-0.62021946716733,-2.137524484538952,0.599150932845347,-0.5930000751668089,-0.1502383035701824,-1.386430057998618,-1.894921764910947,0.7167184546000305,0.951374409094852,1.5234391755031411,0.059341218265305105,0.6759054002596979,0.0400508577141184,-0.37663558582249235,0.8762964704505841,-0.2899197286691398,0.46108345456327193,-1.040155408268526,0.2584573149975271,-1.2814002438512835,-0.9851351330315192,1.2838949023359045,-0.1932802796547446,-0.22392677800882418,0.4623000950542185,1.3811700282178991,2.1271421679381084,-0.4465413251336408,1.4623500370685705,0.329799177988913,-0.930821660777862,-2.355408593243467,-0.9354819698364537,-0.26342579609121347
2.2042957095540574,-2.2154082781486526,0.6324255467250188,7.057169405769455,3.4705464350513378,0.08398185918032054,0.44900972775895404,-8.518069723294346,-8.264488611279742,0.36443132360161495,-5.270084286624883,-0.7643930773652726,-1.2427059101268105,-5.001719376978508,0.7258143428793148,-2.426165926200264,-10.20010888888855,-2.4103347659431362,-1.5733294755212426,1.643595118164882,3.704453828627134,0.6918912846636518,5.409098440883841,-1.1826642625248693,3.2689029722188483,3.0549531669744883,0.36389294314051107,-4.761676140392424,0.1974192272385698,-4.604390260365058,-0.5763434893224774,4.447792761409138,2.383093791386667,-11.040114341030975,1.8454768209318235,2.07516834929619,2.8403085322045407,-4.876052948961706,-1.6923220453659005,2.8635205234756085,-7.4351304741807684,-3.8254480943429674,0.4976995097450046,0.8707755499121396
1.4915727432720534,-0.9055677612891476,-0.06854106519732223,3.4705464350513378,1.8072186714586367,0.3727615345839871,0.09017741917801622,-4.006614322501854,-4.052760869635957,0.07953868715768353,-2.563501588908007,0.15360415896210589,-0.7949528761141611,-2.424077819379104,0.40712611628857676,-0.894706954362382,-4.763294986515665,-1.4288315568431162,-1.0690814316994606,0.4429365850686928,1.8854583406619698,0.17763865885990365,2.780758545379842,-0.50417493701521,1.4621789143753592,1.6454237301271046,0.06874635531809087,-2.187833080878181,0.03386657045437472,-2.0437519672674345,-0.039939141848892676,1.962774943893977,1.2793101923425347,-5.6231565727795525,0.8380245329365386,0.7169629799313668,0.9143830927738271,-2.3987420126846337,-1.250703544579691,1.3872913111312006,-3.5895944612558788,-1.3597184043251391,0.4984962018598085,0.5199274847851781
1.4026354914285868,0.6137759942749328,-1.29652104424849,0.08398185918032054,0.3727615345839871,1.182829123227283,-0.4634882423478354,0.5012581304600474,-0.06303090661670985,-0.33267482199094645,0.1006944862126774,1.854682466465393,-0.6485859998857493,0.0752161199461036,0.21787095510817056,1.0264525700377853,0.7560109126842647,-0.8539395716632928,-0.9531842434705704,-1.178817491221619,0.3088118259350699,-0.5275792395471209,0.4433573045452012,0.2041490775723125,-0.49881755154164775,0.5478977386100388,-0.3798717486157162,0.5056429799075017,-0.2094502957970423,0.7332647421293397,0.8196146693923285,-0.7508537476363418,0.384608491571068,-0.8273497440501388,-0.2656427798854586,-1.0592238173284079,-1.6430963096094173,-0.03934564729600901,-1.457090626169273,-0.024921920378871504,0.15247205528564783,1.7469388169400948,0.8795603683290726,0.3045441124399712
-0.40317242885493193,-0.39461431427680094,0.5560729084927977,0.44900972775895404,0.09017741917801622,-0.4634882423478354,0.2149733850613894,-0.7797063689119379,-0.5400068844026623,0.15633410629260786,-0.4024770021918006,-0.7872714134182066,0.17176238537911803,-0.37213114621606624,-0.038011661408993515,-0.5729345500324341,-0.9967800444818989,0.17255426841962684,0.2666832308013778,0.5766033276395468,0.12950214177093247,0.2550243685661041,0.1955085098756304,-0.1598053699754088,0.4219758627522278,-0.008589814246628026,0.17530152236549248,-0.5267209758037867,0.0962156013960921,-0.6058083828957227,-0.36320470238353575,0.6021096935882289,0.011054201267361667,-0.4264331161436859,0.23296107177517977,0.5621284346637246,0.8445256330469872,-0.3185786404307274,0.4606776096134896,0.20528369063559018,-0.5688320142881425,-0.9526618567159104,-0.313954701507459,-0.060070774198834644
-1.9204218934669979,3.0085588515060797,-1.4529878339932378,-8.518069723294346,-4.006614322501854,0.5012581304600474,-0.7797063689119379,10.612933507907126,9.99650446009645,-0.6209957326176088,6.41313888275457,1.8850902862834296,1.1658857621200927,6.102026486590752,-0.7843999144614295,3.471051210682766,12.771676916428126,2.467017829947206,1.3630547174238745,-2.6472696774042643,-4.355294409499458,-1.1304286289721106,-6.309777891741191,1.5677711432773578,-4.210105149944619,-3.4272500178710446,-0.6395797658554687,6.027389080385191,-0.35314975989781283,5.958628634263022,1.1380192674647327,-5.776931504219586,-2.6813328909297733,12.973247433317804,-2.3544103265429306,-3.0566901948163716,-4.305018462468535,5.884390444567726,1.2822762514544268,-3.494346212313781,9.095864436245622,5.565260726366898,-0.1395632412758753,-0.8847765010055673
-2.535830636643161,2.614775613650792,-0.7826733417771412,-8.264488611279742,-4.052760869635957,-0.06303090661670985,-0.5400068844026623,9.99650446009645,9.680234162111475,-0.43801986370327717,6.173222449798173,0.9523937938422977,1.4349796811488662,5.861312991907168,-0.8452428357919309,2.8735591547117227,11.9734731035356,2.7956080435323822,1.8076122472267995,-1.9668491876720118,-4.3326597916919,-0.8287342300886842,-6.320128858193035,1.3947864904262397,-3.843135353877131,-3.562427262621305,-0.43814851768195384,5.592623965426197,-0.23842072654406088,5.41579086223874,0.7021637540141699,-5.232743788609321,-2.7784545012035777,12.90873535718021,-2.167680704703587,-2.4625360940931826,-3.3788976428427846,5.7098691375292425,1.9355168386049222,-3.356344414672926,8.714353689078177,4.537972377555271,-0.5548275426466986,-1.0092134943781632
-0.2934604093862237,-0.30004858996747613,0.41405320415300606,0.36443132360161495,0.07953868715768353,-0.33267482199094645,0.15633410629260786,-0.6209957326176088,-0.43801986370327717,0.1185109196545145,-0.3066461686208512,-0.5756317788890465,0.1207365628110056,-0.29525469706020574,-0.01634833944846518,-0.4279531690722132,-0.7817331923052295,0.11914842854993939,0.20817760840929464,0.4467637737205286,0.12311263267374283,0.1970004143228806,0.1613495171057581,-0.13448270947090252,0.3184128900791097,0.012166326497995327,0.13006591838635537,-0.40362384152368225,0.07325019889196539,-0.4622204889247335,-0.2735163435662547,0.45829006375713316,0.016333439759687554,-0.3726402981106183,0.169671643623015,0.41594042495395217,0.6332048476336289,-0.25301593617073304,0.33300755385908093,0.16773101761413958,-0.45217053105516597,-0.7217097604546349,-0.22947557470695168,-0.04521417139654055
-1.5065669134202029,1.7327711882498193,-0.62021946716733,-5.270084286624883,-2.563501588908007,0.1006944862126774,-0.4024770021918006,6.41313888275457,6.173222449798173,-0.3066461686208512,4.000095504342724,0.8126774376855338,0.854558666192034,3.7592641227136308,-0.4927657134435941,1.9522419681736267,7.723027284859804,1.7143364368141145,1.124297554765831,-1.3242043438023914,-2.7050011412266315,-0.5614743692536879,-4.020992850362072,0.8748660468979778,-2.528358386288596,-2.209689225780759,-0.3190528873472926,3.643071149235519,-0.1678026307551371,3.548749162430415,0.5171452082529604,-3.4349129207261515,-1.7478526400560752,8.145541860518136,-1.4443765675733051,-1.7006361184553924,-2.3243844066667143,3.658453746487009,1.101391469415128,-2.13650963043702,5.587655716291802,3.0607360205252987,-0.2714246632280007,-0.631432132992093
1.9512814862872543,1.2534822441537798,-2.137524484538952,-0.7643930773652726,0.15360415896210589,1.854682466465393,-0.7872714134182066,1.8850902862834296,0.9523937938422977,-0.5756317788890465,0.8126774376855338,3.028203291164925,-0.8704022739345648,0.7523933943948192,0.24372683672510936,1.9293233697587586,2.4947273629254614,-1.051219871296845,-1.3332800552455157,-2.0943095608990556,0.006688471019041513,-0.9310305786858534,0.024762183481365302,0.4868658770533283,-1.1971953209309605,0.47545557035102387,-0.6475291942861351,1.399114752795004,-0.3588689882608223,1.7411706304161432,1.3763688878538793,-1.7485671309390294,0.3104275530100783,0.09951043455810109,-0.6434446444771901,-1.93374608272898,-2.963105894689853,0.5522006805540093,-2.0967683593905004,-0.40716912977652964,1.1846913760639823,3.258199994547403,1.3317286433018405,0.3778853073265945
-1.1436811806146348,0.043211781937479876,0.599150932845347,-1.2427059101268105,-0.7949528761141611,-0.6485859998857493,0.17176238537911803,1.1658857621200927,1.4349796811488662,0.1207365628110056,0.854558666192034,-0.8704022739345648,0.5636789217803847,0.8102617274052838,-0.2331932611966871,-0.1407410823882261,1.319994313490003,0.8767479538426459,0.8051004856538797,0.3769330460252449,-0.785766299655837,0.17551714177620462,-1.167422687613645,0.07809688630485201,-0.29163979190686506,-0.8119659094786562,0.14396979027284929,0.5400192738943698,0.08191544129220545,0.3885271822900225,-0.35120306639020576,-0.35283551764803267,-0.6167815117766421,2.3162405894482045,-0.17971312067756848,0.215541059047925,0.40895167281008216,0.8534781005657679,1.081155173093947,-0.46902239962353204,1.1806674367390844,-0.3029486580984565,-0.5632372668082559,-0.3184920834023297
-1.4117699319467278,1.6420016175051189,-0.5930000751668089,-5.001719376978508,-2.424077819379104,0.0752161199461036,-0.37213114621606624,6.102026486590752,5.861312991907168,-0.29525469706020574,3.7592641227136308,0.7523933943948192,0.8102617274052838,3.561430907157649,-0.4878143510498158,1.8393306248223091,7.327715261893993,1.6179461644061843,1.018544728408314,-1.2928592424179208,-2.592354299497424,-0.5475539982152474,-3.7948532901038576,0.8580644155390913,-2.3798315728488504,-2.106793484522641,-0.30091537734055096,3.4403746392240775,-0.16301976141830574,3.3536023713290093,0.4992748187902664,-3.2443657260701344,-1.6505934849133246,7.7453019387396544,-1.3442748785270477,-1.5944811630600844,-2.2006488101071335,3.4601051039699207,1.040124977593932,-2.035096295944869,5.297564464571694,2.9104787881992267,-0.2557435195867134,-0.5864538354108586
0.4458634845714027,-0.11940078597720062,-0.1502383035701824,0.7258143428793148,0.40712611628857676,0.21787095510817056,-0.038011661408993515,-0.7843999144614295,-0.8452428357919309,-0.01634833944846518,-0.4927657134435941,0.24372683672510936,-0.2331932611966871,-0.4878143510498158,0.12159601714918095,-0.06524922456850075,-0.9010543475342291,-0.3802012010355562,-0.28924373211452997,-0.009880591813363945,0.43980787336033755,-0.00954588982636344,0.6069805855949768,-0.10163231604571658,0.2347561672028899,0.4051998249536134,-0.027754561639488303,-0.3855401746306027,-0.01289404510725514,-0.33332920521404286,0.07374560528802784,0.3139719055393766,0.29973003477638327,-1.259882528605727,0.12603842162332574,0.0209618020534735,0.009039903926089297,-0.4910895886764791,-0.41096943028054556,0.28884786973910964,-0.7210007082147403,-0.09714884817034096,0.19592399839105107,0.13107517781998065
0.4781497868980838,1.3348103599896564,-1.386430057998618,-2.426165926200264,-0.894706954362382,1.0264525700377853,-0.5729345500324341,3.471051210682766,2.8735591547117227,-0.4279531690722132,1.9522419681736267,1.9293233697587586,-0.1407410823882261,1.8393306248223091,-0.06524922456850075,1.7774661161111236,4.292738715327757,0.08788408013341163,-0.30422067933906527,-1.6446304028551733,-1.0406075072237633,-0.7202378453168021,-1.5165531974007551,0.6065845277572306,-1.602271309548275,-0.5935849411500368,-0.468981680895302,2.1380686998435077,-0.25829432366195415,2.2866540662151706,0.9399415108677871,-2.2466878973494824,-0.498721277711732,3.1746559219336627,-0.8878169267729723,-1.6812121786604706,-2.477746315164498,1.691219815248789,-0.7063970512423057,-1.0386985782959697,2.7711510373956583,2.922098247032056,0.6118856672253069,-0.033819427908884064
-2.144858853271485,3.6817730345794546,-1.894921764910947,-10.20010888888855,-4.763294986515665,0.7560109126842647,-0.9967800444818989,12.771676916428126,11.9734731035356,-0.7817331923052295,7.723027284859804,2.4947273629254614,1.319994313490003,7.327715261893993,-0.9010543475342291,4.292738715327757,15.401378175398582,2.8603720534175574,1.5501658669065457,-3.291860528524702,-5.167481486765948,-1.4088306427396475,-7.523661232486351,1.8859139261189308,-5.119087907581504,-4.036154508197091,-0.8134606871935183,7.296737796349896,-0.44617660791763797,7.239911999923072,1.4572783314365156,-7.024836845311994,-3.173011068839363,15.44198802286939,-2.8711305363054134,-3.8037140930973585,-5.361144237917932,7.056530010932146,1.365071701299265,-4.186922131700261,10.92483319662807,6.877627802134339,-0.06271245381793737,-1.0321678356175414
-1.7486293260116297,0.30263560750704005,0.7167184546000305,-2.4103347659431362,-1.4288315568431162,-0.8539395716632928,0.17255426841962684,2.467017829947206,2.7956080435323822,0.11914842854993939,1.7143364368141145,-1.051219871296845,0.8767479538426459,1.6179461644061843,-0.3802012010355562,0.08788408013341163,2.8603720534175574,1.4189827529531494,1.2435280631645926,0.32251933025921586,-1.4331763974591407,0.15782530674378445,-2.1353126029334697,0.22530861240346461,-0.7497685136225846,-1.4000098500424767,0.14801507440560263,1.2400408001382557,0.08659074216016938,1.02316104295151,-0.39908190030672186,-0.9593410426266171,-1.0746915355029232,4.254755639809095,-0.4475080400795986,0.047391457360163924,0.22037713876020884,1.6622287654645065,1.6062273009219419,-0.9298783787045997,2.3725139996762894,0.024844448421177504,-0.7941078741719974,-0.5176555896335082
-1.6753919582242953,-0.031860289177095324,0.951374409094852,-1.5733294755212426,-1.0690814316994606,-0.9531842434705704,0.2666832308013778,1.3630547174238745,1.8076122472267995,0.20817760840929464,1.124297554765831,-1.3332800552455157,0.8051004856538797,1.018544728408314,-0.28924373211452997,-0.30422067933906527,1.5501658669065457,1.2435280631645926,1.23788981051491,0.7112361073044832,-0.9882589883641109,0.32451037781949216,-1.5697658806114023,0.018663295849988232,-0.32783309946665057,-1.0837582434355373,0.23370390967438334,0.6343387362134365,0.14041050441923322,0.40564728232333114,-0.5770393679285962,-0.3601254899847671,-0.8461609654575027,3.005967054569741,-0.23368003702216059,0.3923827175045723,0.7465920434948635,1.0993266899087633,1.5821016014966114,-0.5724528234233117,1.4706334335973625,-0.6478631346641877,-0.8406493887014326,-0.46763135339339845
-0.9663252079901464,-1.1823117718015121,1.5234391755031411,1.643595118164882,0.4429365850686928,-1.178817491221619,0.5766033276395468,-2.6472696774042643,-1.9668491876720118,0.4467637737205286,-1.3242043438023914,-2.0943095608990556,0.3769330460252449,-1.2928592424179208,-0.009880591813363945,-1.6446304028551733,-3.291860528524702,0.32251933025921586,0.7112361073044832,1.7122912039222085,0.63557573478758,0.7528669190667464,0.8190565644664307,-0.5602987759018249,1.285318829136492,0.1943516146901002,0.48399620972939467,-1.6639981935161559,0.2756268938913091,-1.869518170714645,-1.0179830545461652,1.847431477152786,0.1645965293789712,-1.8705481782741966,0.6779222876789514,1.5806679433894295,2.409233319993371,-1.1309094579106072,1.1232689724645966,0.7437694410127004,-1.9729050564401258,-2.7819460731930015,-0.8041103695359666,-0.13137433534452522
1.4351174560901319,-1.0258529768497107,0.059341218265305105,3.704453828627134,1.8854583406619698,0.3088118259350699,0.12950214177093247,-4.355294409499458,-4.3326597916919,0.12311263267374283,-2.7050011412266315,0.006688471019041513,-0.785766299655837,-2.592354299497424,0.43980787336033755,-1.0406075072237633,-5.167481486765948,-1.4331763974591407,-0.9882589883641109,0.63557573478758,2.018823981300342,0.2605482613405775,2.9039236345499835,-0.5948195621027949,1.5878240357168283,1.7188040165946938,0.10842942243581742,-2.3681778361166876,0.061583811975595336,-2.2397915039627248,-0.13391790726446348,2.1534520158948376,1.320212545221466,-5.9530865913015445,0.8886822434838682,0.8458584453310712,1.1324060456873397,-2.5469715357894405,-1.1884636009876037,1.496090099523352,-3.8478754743431574,-1.63317034932025,0.4446142377953543,0.5100919939947155
-0.4435163861447971,-0.5145984073091705,0.6759054002596979,0.6918912846636518,0.17763865885990365,-0.5275792395471209,0.2550243685661041,-1.1304286289721106,-0.8287342300886842,0.1970004143228806,-0.5614743692536879,-0.9310305786858534,0.17551714177620462,-0.5475539982152474,-0.00954588982636344,-0.7202378453168021,-1.4088306427396475,0.15782530674378445,0.32451037781949216,0.7528669190667464,0.2605482613405775,0.33142022155555334,0.3345116275231878,-0.24190410175013208,0.5552271127541668,0.0682256922964535,0.21396344017520041,-0.7151923117938587,0.12161111460948217,-0.8077166807170715,-0.4505258952100739,0.7989624474942605,0.05978369827195122,-0.7687600829680732,0.29281240796735175,0.6941497387293253,1.0587600015571381,-0.4763441759764922,0.5110842060743118,0.3146299028392302,-0.8367730186064516,-1.2185773883473248,-0.3617306104226019,-0.06326090222667083
2.1723534295140956,-1.48429687312627,0.0400508577141184,5.409098440883841,2.780758545379842,0.4433573045452012,0.1955085098756304,-6.309777891741191,-6.320128858193035,0.1613495171057581,-4.020992850362072,0.024762183481365302,-1.167422687613645,-3.7948532901038576,0.6069805855949768,-1.5165531974007551,-7.523661232486351,-2.1353126029334697,-1.5697658806114023,0.8190565644664307,2.9039236345499835,0.3345116275231878,4.295349963650818,-0.8050733959802066,2.3435959887650526,2.5047848506653154,0.15094261187357091,-3.4769070598341902,0.07609934823535223,-3.2774704676997524,-0.15418554530403913,3.1530675977688882,1.9552225708768542,-8.68271822647994,1.3437704959798227,1.2438021823807568,1.6159156412142317,-3.743079100248014,-1.787679831684157,2.167500168321066,-5.6231076752259455,-2.321135954804659,0.6784645070938752,0.779485855331017
-0.06849375193722725,0.49897328164786003,-0.37663558582249235,-1.1826642625248693,-0.50417493701521,0.2041490775723125,-0.1598053699754088,1.5677711432773578,1.3947864904262397,-0.13448270947090252,0.8748660468979778,0.4868658770533283,0.07809688630485201,0.8580644155390913,-0.10163231604571658,0.6065845277572306,1.8859139261189308,0.22530861240346461,0.018663295849988232,-0.5602987759018249,-0.5948195621027949,-0.24190410175013208,-0.8050733959802066,0.2739616932718042,-0.635232442642224,-0.4183701448686406,-0.13732235792672953,0.8932129851072148,-0.08043187392746723,0.915921655345505,0.27460639383118635,-0.8917596679235527,-0.3173776850435785,1.724251294728564,-0.3380575133722935,-0.5469167171916742,-0.8119689852578621,0.8072976934577332,-0.015233203340992665,-0.5001355302389912,1.2886854810235073,1.0126759943053163,0.09690861750349769,-0.07157887934847469
0.4104152010813258,-1.3142705296351604,0.8762964704505841,3.2689029722188483,1.4621789143753592,-0.49881755154164775,0.4219758627522278,-4.210105149944619,-3.843135353877131,0.3184128900791097,-2.528358386288596,-1.1971953209309605,-0.29163979190686506,-2.3798315728488504,0.2347561672028899,-1.602271309548275,-5.119087907581504,-0.7497685136225846,-0.32783309946665057,1.285318829136492,1.5878240357168283,0.5552271127541668,2.3435959887650526,-0.635232442642224,1.7628020287442812,1.182025850607495,0.3415576169616591,-2.4643603219750734,0.18506486465984995,-2.4917570220398364,-0.6345082878360696,2.426629891324846,0.9471860089564551,-4.796317135082327,0.9938285044342434,1.45472790976693,2.0698136584171816,-2.2715651674348867,-0.14129240025676607,1.3501120819694916,-3.5542365989449545,-2.573959870959278,-0.16060747997567967,0.27619952359648126
1.5488456320060788,-0.6822216244429432,-0.2899197286691398,3.0549531669744883,1.6454237301271046,0.5478977386100388,-0.008589814246628026,-3.4272500178710446,-3.562427262621305,0.012166326497995327,-2.209689225780759,0.47545557035102387,-0.8119659094786562,-2.106793484522641,0.4051998249536134,-0.5935849411500368,-4.036154508197091,-1.4000098500424767,-1.0837582434355373,0.1943516146901002,1.7188040165946938,0.0682256922964535,2.5047848506653154,-0.4183701448686406,1.182025850607495,1.5439276988472674,-0.008654319281746542,-1.817707174793597,-0.006010200222574547,-1.6520503252350582,0.1076009271721424,1.5774295227060466,1.1854008561814093,-5.080493704592068,0.6738300925870554,0.42911642883961243,0.504348565782854,-2.102434913037473,-1.3537338843461675,1.2142844504907575,-3.114254627764691,-0.881198180103173,0.5931237933476355,0.5038019671622419
-0.34087874595984274,-0.323831269305935,0.46108345456327193,0.36389294314051107,0.06874635531809087,-0.3798717486157162,0.17530152236549248,-0.6395797658554687,-0.43814851768195384,0.13006591838635537,-0.3190528873472926,-0.6475291942861351,0.14396979027284929,-0.30091537734055096,-0.027754561639488303,-0.468981680895302,-0.8134606871935183,0.14801507440560263,0.23370390967438334,0.48399620972939467,0.10842942243581742,0.21396344017520041,0.15094261187357091,-0.13732235792672953,0.3415576169616591,-0.008654319281746542,0.14452134916701306,-0.42703150613956503,0.08030707022771214,-0.49344154684514285,-0.30227268369071547,0.49034221085048524,0.004586446937202373,-0.3434357368186886,0.1849522808923213,0.4592144861772528,0.6956105236730245,-0.25549051849698634,0.3849685747140685,0.16827055383538028,-0.46142393997019643,-0.7861533533451082,-0.2612694072434664,-0.053748978113559054
-0.8436700721203297,1.7973050424115904,-1.040155408268526,-4.761676140392424,-2.187833080878181,0.5056429799075017,-0.5267209758037867,6.027389080385191,5.592623965426197,-0.40362384152368225,3.643071149235519,1.399114752795004,0.5400192738943698,3.4403746392240775,-0.3855401746306027,2.1380686998435077,7.296737796349896,1.2400408001382557,0.6343387362134365,-1.6639981935161559,-2.3681778361166876,-0.7151923117938587,-3.4769070598341902,0.8932129851072148,-2.4643603219750734,-1.817707174793597,-0.42703150613956503,3.4826800259715918,-0.2320745658023618,3.482133095489426,0.776060470705559,-3.3841012255206815,-1.442258846021674,7.117621072738855,-1.3880160371148178,-1.9161668952407938,-2.7080056664101284,3.302328559258175,0.4661066474497163,-1.9580810197132692,5.131929402087747,3.4246205355404875,0.07535654166212757,-0.4524811304012076
-0.1959231144064965,-0.1790161995562922,0.2584573149975271,0.1974192272385698,0.03386657045437472,-0.2094502957970423,0.0962156013960921,-0.35314975989781283,-0.23842072654406088,0.07325019889196539,-0.1678026307551371,-0.3588689882608223,0.08191544129220545,-0.16301976141830574,-0.01289404510725514,-0.25829432366195415,-0.44617660791763797,0.08659074216016938,0.14041050441923322,0.2756268938913091,0.061583811975595336,0.12161111460948217,0.07609934823535223,-0.08043187392746723,0.18506486465984995,-0.006010200222574547,0.08030707022771214,-0.2320745658023618,0.04546121955849351,-0.26986765869582796,-0.1702049230160045,0.268042262784746,-9.864323913136071e-4,-0.18486624479173844,0.09753447232441474,0.2520757281144822,0.38614756678981693,-0.1367371973167947,0.21804966963553432,0.09293222834185261,-0.25082558045176184,-0.4379037302221171,-0.14712217641401218,-0.032993387639137305
-0.5218218401173536,1.8721256688385097,-1.2814002438512835,-4.604390260365058,-2.0437519672674345,0.7332647421293397,-0.6058083828957227,5.958628634263022,5.41579086223874,-0.4622204889247335,3.548749162430415,1.7411706304161432,0.3885271822900225,3.3536023713290093,-0.33332920521404286,2.2866540662151706,7.239911999923072,1.02316104295151,0.40564728232333114,-1.869518170714645,-2.2397915039627248,-0.8077166807170715,-3.2774704676997524,0.915921655345505,-2.4917570220398364,-1.6520503252350582,-0.49344154684514285,3.482133095489426,-0.26986765869582796,3.5298393327013216,0.926388747039129,-3.4380488247455325,-1.3177556188978523,6.739132027509506,-1.3967027839574715,-2.0767399099934734,-2.9705215674010303,3.194377597766068,0.14693391560278526,-1.9074537616709326,5.011871721751826,3.6901653971006465,0.2572803967785459,-0.3726682551319604
0.8161029192324939,0.6355128866343986,-0.9851351330315192,-0.5763434893224774,-0.039939141848892676,0.8196146693923285,-0.36320470238353575,1.1380192674647327,0.7021637540141699,-0.2735163435662547,0.5171452082529604,1.3763688878538793,-0.35120306639020576,0.4992748187902664,0.07374560528802784,0.9399415108677871,1.4572783314365156,-0.39908190030672186,-0.5770393679285962,-1.0179830545461652,-0.13391790726446348,-0.4505258952100739,-0.15418554530403913,0.27460639383118635,-0.6345082878360696,0.1076009271721424,-0.30227268369071547,0.776060470705559,-0.1702049230160045,0.926388747039129,0.6433295909224036,-0.9239331033031628,0.06617511606296082,0.41698791963464027,-0.3344461849153022,-0.926764852446159,-1.423577068537793,0.40185353740278623,-0.8907828144706252,-0.28193464304958094,0.7745042289820061,1.5953090406722794,0.5839704218336584,0.14894133601639883
0.4557731823259547,-1.8312099284714394,1.2838949023359045,4.447792761409138,1.962774943893977,-0.7508537476363418,0.6021096935882289,-5.776931504219586,-5.232743788609321,0.45829006375713316,-3.4349129207261515,-1.7485671309390294,-0.35283551764803267,-3.2443657260701344,0.3139719055393766,-2.2466878973494824,-7.024836845311994,-0.9593410426266171,-0.3601254899847671,1.847431477152786,2.1534520158948376,0.7989624474942605,3.1530675977688882,-0.8917596679235527,2.426629891324846,1.5774295227060466,0.49034221085048524,-3.3841012255206815,0.268042262784746,-3.4380488247455325,-0.9239331033031628,3.3501224726715493,1.2605049319480148,-6.484692582539936,1.360170734718196,2.0451747625333367,2.9291294405649664,-3.0866989017308675,-0.09107380261634894,1.844462581106215,-4.850052382919388,-3.6280364886750975,-0.2794671299410839,0.3499179197049152
1.180654688127938,-0.5506754007694301,-0.1932802796547446,2.383093791386667,1.2793101923425347,0.384608491571068,0.011054201267361667,-2.6813328909297733,-2.7784545012035777,0.016333439759687554,-1.7478526400560752,0.3104275530100783,-0.6167815117766421,-1.6505934849133246,0.29973003477638327,-0.498721277711732,-3.173011068839363,-1.0746915355029232,-0.8461609654575027,0.1645965293789712,1.320212545221466,0.05978369827195122,1.9552225708768542,-0.3173776850435785,0.9471860089564551,1.1854008561814093,0.004586446937202373,-1.442258846021674,-9.864323913136071e-4,-1.3177556188978523,0.06617511606296082,1.2605049319480148,0.919628634645058,-3.936558514638311,0.5475656587365614,0.37443310877171776,0.4415495942248466,-1.6469185842034193,-1.020054573100913,0.9447922415177454,-2.438881187653335,-0.7326464698795966,0.440146035118465,0.39182954423141303
-4.255352740827198,3.08982695137215,-0.22392677800882418,-11.040114341030975,-5.6231565727795525,-0.8273497440501388,-0.4264331161436859,12.973247433317804,12.90873535718021,-0.3726402981106183,8.145541860518136,0.09951043455810109,2.3162405894482045,7.7453019387396544,-1.259882528605727,3.1746559219336627,15.44198802286939,4.254755639809095,3.005967054569741,-1.8705481782741966,-5.9530865913015445,-0.7687600829680732,-8.68271822647994,1.724251294728564,-4.796317135082327,-5.080493704592068,-0.3434357368186886,7.117621072738855,-0.18486624479173844,6.739132027509506,0.41698791963464027,-6.484692582539936,-3.936558514638311,17.68159401398709,-2.7160013120380277,-2.6079587824009396,-3.4578908418725454,7.616373652108162,3.4909924489006956,-4.445853710851601,11.489624598006992,4.932587750633984,-1.2915172629187932,-1.5340892337944914
0.27354488975723046,-0.7287001485977932,0.4623000950542185,1.8454768209318235,0.8380245329365386,-0.2656427798854586,0.23296107177517977,-2.3544103265429306,-2.167680704703587,0.169671643623015,-1.4443765675733051,-0.6434446444771901,-0.17971312067756848,-1.3442748785270477,0.12603842162332574,-0.8878169267729723,-2.8711305363054134,-0.4475080400795986,-0.23368003702216059,0.6779222876789514,0.8886822434838682,0.29281240796735175,1.3437704959798227,-0.3380575133722935,0.9938285044342434,0.6738300925870554,0.1849522808923213,-1.3880160371148178,0.09753447232441474,-1.3967027839574715,-0.3344461849153022,1.360170734718196,0.5475656587365614,-2.7160013120380277,0.5693260017967839,0.807137216731232,1.132785840684267,-1.2888760539856625,-0.11578616992350718,0.7568332026113276,-2.004249332249624,-1.408890513164862,-0.069458735271952,0.16989450313089943
-0.612914627127035,-1.2382941400904086,1.3811700282178991,2.07516834929619,0.7169629799313668,-1.0592238173284079,0.5621284346637246,-3.0566901948163716,-2.4625360940931826,0.41594042495395217,-1.7006361184553924,-1.93374608272898,0.215541059047925,-1.5944811630600844,0.0209618020534735,-1.6812121786604706,-3.8037140930973585,0.047391457360163924,0.3923827175045723,1.5806679433894295,0.8458584453310712,0.6941497387293253,1.2438021823807568,-0.5469167171916742,1.45472790976693,0.42911642883961243,0.4592144861772528,-1.9161668952407938,0.2520757281144822,-2.0767399099934734,-0.926764852446159,2.0451747625333367,0.37443310877171776,-2.6079587824009396,0.807137216731232,1.6043982954576128,2.3724430750173435,-1.4513102186289155,0.8194071644418491,0.8959070359718634,-2.4073587328570127,-2.7677817357653476,-0.6543900059999714,-0.013197237341344032
-1.1006289311306665,-1.8070798507528432,2.1271421679381084,2.8403085322045407,0.9143830927738271,-1.6430963096094173,0.8445256330469872,-4.305018462468535,-3.3788976428427846,0.6332048476336289,-2.3243844066667143,-2.963105894689853,0.40895167281008216,-2.2006488101071335,0.009039903926089297,-2.477746315164498,-5.361144237917932,0.22037713876020884,0.7465920434948635,2.409233319993371,1.1324060456873397,1.0587600015571381,1.6159156412142317,-0.8119689852578621,2.0698136584171816,0.504348565782854,0.6956105236730245,-2.7080056664101284,0.38614756678981693,-2.9705215674010303,-1.423577068537793,2.9291294405649664,0.4415495942248466,-3.4578908418725454,1.132785840684267,2.3724430750173435,3.5421533214422305,-1.9791736872559924,1.382757933903801,1.2432138408061968,-3.33305302599031,-4.11335363121966,-1.0534355853867743,-0.0818177438698175
-1.5187912804450552,1.5375200078126101,-0.4465413251336408,-4.876052948961706,-2.3987420126846337,-0.03934564729600901,-0.3185786404307274,5.884390444567726,5.7098691375292425,-0.25301593617073304,3.658453746487009,0.5522006805540093,0.8534781005657679,3.4601051039699207,-0.4910895886764791,1.691219815248789,7.056530010932146,1.6622287654645065,1.0993266899087633,-1.1309094579106072,-2.5469715357894405,-0.4763441759764922,-3.743079100248014,0.8072976934577332,-2.2715651674348867,-2.102434913037473,-0.25549051849698634,3.302328559258175,-0.1367371973167947,3.194377597766068,0.40185353740278623,-3.0866989017308675,-1.6469185842034193,7.616373652108162,-1.2888760539856625,-1.4513102186289155,-1.9791736872559924,3.374575392629998,1.159036135408978,-1.9760872956528035,5.141826233657992,2.656655964726558,-0.3371030949619056,-0.6046003798083934
-2.246447442976533,-0.2561941494140216,1.4623500370685705,-1.6923220453659005,-1.250703544579691,-1.457090626169273,0.4606776096134896,1.2822762514544268,1.9355168386049222,0.33300755385908093,1.101391469415128,-2.0967683593905004,1.081155173093947,1.040124977593932,-0.41096943028054556,-0.7063970512423057,1.365071701299265,1.6062273009219419,1.5821016014966114,1.1232689724645966,-1.1884636009876037,0.5110842060743118,-1.787679831684157,-0.015233203340992665,-0.14129240025676607,-1.3537338843461675,0.3849685747140685,0.4661066474497163,0.21804966963553432,0.14693391560278526,-0.8907828144706252,-0.09107380261634894,-1.020054573100913,3.4909924489006956,-0.11578616992350718,0.8194071644418491,1.382757933903801,1.159036135408978,2.18487338829152,-0.6059093597005133,1.491581982486521,-1.3008994757195462,-1.1996074577675904,-0.5854114498524887
0.8132638124220167,-0.9335786616236533,0.329799177988913,2.8635205234756085,1.3872913111312006,-0.024921920378871504,0.20528369063559018,-3.494346212313781,-3.356344414672926,0.16773101761413958,-2.13650963043702,-0.40716912977652964,-0.46902239962353204,-2.035096295944869,0.28884786973910964,-1.0386985782959697,-4.186922131700261,-0.9298783787045997,-0.5724528234233117,0.7437694410127004,1.496090099523352,0.3146299028392302,2.167500168321066,-0.5001355302389912,1.3501120819694916,1.2142844504907575,0.16827055383538028,-1.9580810197132692,0.09293222834185261,-1.9074537616709326,-0.28193464304958094,1.844462581106215,0.9447922415177454,-4.445853710851601,0.7568332026113276,0.8959070359718634,1.2432138408061968,-1.9760872956528035,-0.6059093597005133,1.1675390023411665,-3.0285491387102828,-1.6528853814857336,0.15322869032502587,0.33341030548609774
-2.044004021110286,2.464221726586965,-0.930821660777862,-7.4351304741807684,-3.5895944612558788,0.15247205528564783,-0.5688320142881425,9.095864436245622,8.714353689078177,-0.45217053105516597,5.587655716291802,1.1846913760639823,1.1806674367390844,5.297564464571694,-0.7210007082147403,2.7711510373956583,10.92483319662807,2.3725139996762894,1.4706334335973625,-1.9729050564401258,-3.8478754743431574,-0.8367730186064516,-5.6231076752259455,1.2886854810235073,-3.5542365989449545,-3.114254627764691,-0.46142393997019643,5.131929402087747,-0.25082558045176184,5.011871721751826,0.7745042289820061,-4.850052382919388,-2.438881187653335,11.489624598006992,-2.004249332249624,-2.4073587328570127,-3.33305302599031,5.141826233657992,1.491581982486521,-3.0285491387102828,7.882711229169141,4.39404800405662,-0.3471470364622577,-0.8584674613443387
0.946529314716402,2.183143492133845,-2.355408593243467,-3.8254480943429674,-1.3597184043251391,1.7469388169400948,-0.9526618567159104,5.565260726366898,4.537972377555271,-0.7217097604546349,3.0607360205252987,3.258199994547403,-0.3029486580984565,2.9104787881992267,-0.09714884817034096,2.922098247032056,6.877627802134339,0.024844448421177504,-0.6478631346641877,-2.7819460731930015,-1.63317034932025,-1.2185773883473248,-2.321135954804659,1.0126759943053163,-2.573959870959278,-0.881198180103173,-0.7861533533451082,3.4246205355404875,-0.4379037302221171,3.6901653971006465,1.5953090406722794,-3.6280364886750975,-0.7326464698795966,4.932587750633984,-1.408890513164862,-2.7677817357653476,-4.11335363121966,2.656655964726558,-1.3008994757195462,-1.6528853814857336,4.39404800405662,4.83995464152833,1.0772170576584361,-0.0029979568930206704
1.197988089792642,0.32219529817581,-0.9354819698364537,0.4976995097450046,0.4984962018598085,0.8795603683290726,-0.313954701507459,-0.1395632412758753,-0.5548275426466986,-0.22947557470695168,-0.2714246632280007,1.3317286433018405,-0.5632372668082559,-0.2557435195867134,0.19592399839105107,0.6118856672253069,-0.06271245381793737,-0.7941078741719974,-0.8406493887014326,-0.8041103695359666,0.4446142377953543,-0.3617306104226019,0.6784645070938752,0.09690861750349769,-0.16060747997567967,0.5931237933476355,-0.2612694072434664,0.07535654166212757,-0.14712217641401218,0.2572803967785459,0.5839704218336584,-0.2794671299410839,0.440146035118465,-1.2915172629187932,-0.069458735271952,-0.6543900059999714,-1.0534355853867743,-0.3371030949619056,-1.1996074577675904,0.15322869032502587,-0.3471470364622577,1.0772170576584361,0.6911681112470206,0.28955897525152563
0.6410591944135424,-0.10876159345208866,-0.26342579609121347,0.8707755499121396,0.5199274847851781,0.3045441124399712,-0.060070774198834644,-0.8847765010055673,-1.0092134943781632,-0.04521417139654055,-0.631432132992093,0.3778853073265945,-0.3184920834023297,-0.5864538354108586,0.13107517781998065,-0.033819427908884064,-1.0321678356175414,-0.5176555896335082,-0.46763135339339845,-0.13137433534452522,0.5100919939947155,-0.06326090222667083,0.779485855331017,-0.07157887934847469,0.27619952359648126,0.5038019671622419,-0.053748978113559054,-0.4524811304012076,-0.032993387639137305,-0.3726682551319604,0.14894133601639883,0.3499179197049152,0.39182954423141303,-1.5340892337944914,0.16989450313089943,-0.013197237341344032,-0.0818177438698175,-0.6046003798083934,-0.5854114498524887,0.33341030548609774,-0.8584674613443387,-0.0029979568930206704,0.28955897525152563,0.19205351691126263
