V1,V2,V3,V4,V5,V6,V7,V8,V9,V10,V11,V12,V13,V14,V15,V16,V17,V18,V19,V20,V21,V22,V23,V24,V25,V26,V27,V28,V29,V30,V31,V32,V33,V34,V35,V36,V37,V38,V39,V40,V41,V42,V43,V44
284.40100798011053,-77.34430448506362,-83.29392700169855,-112.0656889584444,240.69757119938728,163.12249874514484,66.45372091885035,68.92635348635196,-75.40270756207552,77.67146903270196,4.839595618838336,-153.49994537487558,67.34568592279952,-68.58863578430534,-116.91348582884143,-51.320333030132204,162.66556450067478,-138.46065344259867,-81.67339757856358,-68.67855430354133,-45.178103082601055,-151.3387110411782,71.83572855921678,-63.349313965828216,-10.989703901157046,66.71572560258072,-5.927583340009236,-170.33364788125192,128.39714357532415,-12.8267366132437,124.38849017588899,-149.89676171597114,-173.04724888865624,-145.49050354999343,-29.045212732560277,41.468790683207075,70.63704098425741,6.4476960743708975,84.0625714864577,-372.9535012751975,-70.25335641518556,0.03547905428834579,-162.02528469851256,24.51641875147686
-77.34430448506362,21.58369608104113,22.162425741922117,31.071915727666184,-65.89906571734066,-44.181384706782254,-18.539228358938892,-18.886339646372438,20.48578273533676,-21.558915604996216,-1.4311565946290914,43.2999594883768,-18.945943292356176,18.775435142443264,32.302727208328584,14.655387393365405,-44.580209755462654,37.515054241837944,21.837546376883022,18.224892819622728,12.701090232916291,41.3342277619479,-19.342747070513617,17.531523352246957,2.8276429422830947,-17.950688222287756,1.4176640795798479,47.0260598739031,-35.4447696500969,3.8294594605604697,-33.74468533324055,40.924500996281154,47.90455977873391,39.241813977968405,7.898272807782008,-11.970368135371602,-20.326785424194473,-1.9317167655542793,-24.040418865700115,102.66601620191081,19.2143952429399,0.9245447699996472,45.111902951292585,-6.531942334439227
-83.29392700169855,22.162425741922117,24.84343760854844,32.284937533661044,-70.0960512717991,-47.93225000360067,-19.040688874643955,-20.059081406790114,22.10770415873457,-22.35241835915546,-1.3115019327679,43.55629972361938,-19.154869029411785,19.982581966758794,33.77772752204909,14.405473608044483,-47.33001445722561,40.675820138151366,24.245525891449887,20.52266651977403,12.857650116045905,44.16347758883339,-21.208842641178254,18.2776557796957,3.3621051894752823,-19.708523858377404,1.9104394658515431,49.25968743455308,-37.13367266982643,3.4482671074438636,-36.49789178967517,43.75429942910122,49.92154681800263,42.901262464103965,8.51272491725717,-11.519320713225131,-19.683391694254887,-1.7253659048074765,-23.56089475382699,108.1156962976153,20.4760888100088,-0.8470940692658211,46.51463400199733,-7.3057330171617965
-112.0656889584444,31.071915727666184,32.284937533661044,45.02412451568611,-95.32423341474949,-64.10065398809687,-26.725104747026545,-27.516045046331623,29.52148326293908,-31.111637985674864,-2.1521950018428417,62.28550690025878,-27.308431589253193,27.07776376169911,46.69769882607869,20.984324687389055,-64.73992760877489,54.37949722835737,31.731862410541048,26.584123670958284,18.36018193705696,59.87962507244598,-27.978880443423577,25.296388437446506,4.210692585411243,-26.014986736306955,2.115636394165839,67.85382953007003,-51.2214006211371,5.356402332718018,-48.961529733787984,59.367180550605596,69.24045029292668,56.75786903917341,11.488336339637357,-17.10040815845196,-29.08085369539842,-2.8490820463651514,-34.53791815072607,148.51273435189395,27.66362636621554,0.9823965869771959,65.0906606843786,-9.4934971554181935
240.69757119938728,-65.89906571734066,-70.0960512717991,-95.32423341474949,204.07883584141126,137.92261916087833,56.62093694696335,58.44261310903184,-63.79906131475527,66.0891207984139,4.191632308763505,-131.1643754295334,57.510944912930704,-58.149887459911405,-99.36453884153958,-43.99927912191924,137.94346091000233,-117.08176582879106,-68.82649332091475,-57.75245790564471,-38.56429957126681,-128.22795439035667,60.6457711325692,-53.8624748805494,-9.164181600546032,56.31725253145285,-4.856108598808474,-144.7246951140064,109.09219711960395,-11.139785109599016,105.2158756505617,-126.98842532129058,-147.1407946570454,-122.88452991932245,-24.578232694336872,35.66170569740195,60.6910998976806,5.6059243144184014,72.095519094191,-316.6443374312132,-59.55263362044895,-0.7294440313273587,-137.97179891090443,20.64373108492446
163.12249874514484,-44.181384706782254,-47.93225000360067,-64.10065398809687,137.92261916087833,93.64130075493628,37.96649091181515,39.50129776248609,-43.24183800967947,44.41479243338043,2.764658323514912,-87.54050398094739,38.4312489400781,-39.294015442452526,-66.89822389755925,-29.206093022889473,93.21565688999877,-79.46589725965218,-46.9557788109377,-39.52735195181991,-25.778295275597305,-86.75242480256,41.255186363571646,-36.2465984216698,-6.362757815266312,38.33391804025845,-3.4627557467663332,-97.46293183317246,73.48049296979897,-7.241854259594875,71.37895719960206,-85.94131447914324,-99.00127087122178,-83.54515909144615,-16.66831621568798,23.560179213858653,40.154956627086605,3.6617396411885728,47.84185328506801,-213.53350335457841,-40.25082141516058,0.31997354334835465,-92.60165840154569,14.10454244337034
66.45372091885035,-18.539228358938892,-19.040688874643955,-26.725104747026545,56.62093694696335,37.96649091181515,15.937156164313404,16.259006158101666,-17.576516838752205,18.526432473821703,1.2480845264328224,-37.214125055424326,16.287212012905314,-16.119544289591456,-27.765993444212945,-12.588917374968648,38.34413689911374,-32.23029072671205,-18.760366933208253,-15.661364581559567,-10.927654740402856,-35.52139438465454,16.60862370472708,-15.061541037426613,-2.4357096556130857,15.414126457637042,-1.2162812661586289,-40.39544047082926,30.459462894642805,-3.2832762104113375,29.00128622481778,-35.17637843267015,-41.17662052971536,-33.685715934787346,-6.786881379904205,10.288088803704404,17.469398526536658,1.6822165343056537,20.66788388251059,-88.23397191195878,-16.487210952432285,-0.7883946185492284,-38.771127624147326,5.613243890432234
68.92635348635196,-18.886339646372438,-20.059081406790114,-27.516045046331623,58.44261310903184,39.50129776248609,16.259006158101666,16.949974377358057,-18.107750907025594,18.96525018860339,1.3202539114142007,-37.715064471350466,16.560260820712156,-16.574123064731513,-28.531032724539514,-12.62362550103137,39.77263360764814,-33.48596444934361,-19.6535918413495,-16.54360904411176,-11.16900171787858,-36.7770149249861,17.24698215289393,-15.430161737159594,-2.6763389241753113,16.052406748353764,-1.3802072077380863,-41.43653800328039,31.306276828525068,-3.1298365524587295,30.15191576049125,-36.487738072117736,-42.28686563393935,-34.95170105528301,-7.077571044191171,10.236140207743878,17.43132913521256,1.728245278146732,20.798808354936174,-90.90527775551281,-16.915564104648023,-0.21521657687060478,-39.64476541028614,5.893041426253505
-75.40270756207552,20.48578273533676,22.10770415873457,29.52148326293908,-63.79906131475527,-43.24183800967947,-17.576516838752205,-18.107750907025594,20.128722082236067,-20.549201609096592,-1.1846660640610713,40.547971660903244,-17.7652909935565,18.251980181223924,30.917950336896276,13.576752210885129,-42.90338909140412,36.74095546451667,21.695733466246367,18.213370432888137,11.871372811938244,40.075106472061414,-19.145343660033035,16.780041768063967,2.8747018634118984,-17.745183770455693,1.5846120230230742,45.15749440032803,-33.981242785999,3.44339508522283,-32.95389679934545,39.63399204552464,45.7403678353415,38.76662762790895,7.669027349944686,-10.960638415659078,-18.664101842381307,-1.6101910924381304,-22.141120785650227,98.6719605592243,18.73109741620979,-0.02817990562356483,42.83438115962796,-6.522528339784999
77.67146903270196,-21.558915604996216,-22.35241835915546,-31.111637985674864,66.0891207984139,44.41479243338043,18.526432473821703,18.96525018860339,-20.549201609096592,21.56872865789279,1.4370521861530892,-43.176586138679525,18.90848465634847,-18.81359388732583,-32.34764714632494,-14.570158767341272,44.74084052919206,-37.6990995514654,-22.00408581769822,-18.394499539204414,-12.683895287274872,-41.48080045612195,19.44902992164826,-17.548795680389542,-2.884465755597966,18.06154616205821,-1.4642943925377971,-47.07140159806017,35.49229887616279,-3.7641123826925726,33.91275611070965,-41.08921099794007,-47.9561172117786,-39.44300317217449,-7.937769798741809,11.879839071590267,20.185104491401695,1.9242619794685183,23.91627793064611,-102.8750225630377,-19.25375258217902,-0.7313190192785697,-45.099240329472906,6.580787100014463
4.839595618838336,-1.4311565946290914,-1.3115019327679,-2.1521950018428417,4.191632308763505,2.764658323514912,1.2480845264328224,1.3202539114142007,-1.1846660640610713,1.4370521861530892,0.19839005934302414,-2.997176292881486,1.3246349173422056,-1.1414119708487558,-2.1300345258739113,-1.0168685424072412,3.004333350033552,-2.3072153932636166,-1.2702297628862549,-1.0697733367557087,-0.9137957016552309,-2.643652284395961,1.1114072629422245,-1.1563829316653325,-0.19568195010076214,1.0643621436460753,-0.05958154138945717,-3.0257923727715528,2.329285424279926,-0.24438315077270115,2.114711171754957,-2.6698709260648847,-3.2117518620664884,-2.276990642546629,-0.5284160168632138,0.8531227858522034,1.4482098013838554,0.23018066770878842,1.75139615287353,-6.733595360984789,-1.1354016063050758,-0.18828307997568378,-3.0430683086556916,0.3741936766870162
-153.49994537487558,43.2999594883768,43.55629972361938,62.28550690025878,-131.1643754295334,-87.54050398094739,-37.214125055424326,-37.715064471350466,40.547971660903244,-43.176586138679525,-2.997176292881486,87.33085840231249,-38.18474157924636,37.3225425275314,64.58959871218957,29.686180808166434,-88.90619763846844,74.320400425135,43.01163941333651,35.78808046549127,25.622388708144648,82.21355557506949,-38.16885886948366,35.05311991775523,5.49809925339339,-35.42912917502843,2.640562076332158,93.91228693478647,-70.82126584771072,7.8638999477257245,-66.92515597812314,81.41521758862282,95.86275667668318,77.49302779305899,15.684441352095021,-24.358078064096343,-41.31599311011361,-4.0506489391555425,-48.78410000243399,204.91590198378648,38.15713510697214,2.6236984596054618,90.48048969986647,-12.84107678365974
67.34568592279952,-18.945943292356176,-19.154869029411785,-27.308431589253193,57.510944912930704,38.4312489400781,16.287212012905314,16.560260820712156,-17.7652909935565,18.90848465634847,1.3246349173422056,-38.18474157924636,16.71208683924757,-16.35125823030914,-28.305182014664982,-12.960318893510879,39.016395668376276,-32.620421052227336,-18.89733295993547,-15.743582879917826,-11.216017470658697,-36.062766504849286,16.743318909486494,-15.353892026694986,-2.4352172085735946,15.555652282208126,-1.1743718509663557,-41.13379206171588,31.03250250390264,-3.408037787508361,29.37932270902788,-35.7281974741584,-42.00422192142128,-33.99974207105884,-6.892442408075064,10.623863307643909,18.030098506184583,1.7769919861957486,21.317452083982417,-89.8249075077584,-16.71284295914669,-1.063142053805076,-39.61614346893399,5.641956292438714
-68.58863578430534,18.775435142443264,19.982581966758794,27.07776376169911,-58.149887459911405,-39.294015442452526,-16.119544289591456,-16.574123064731513,18.251980181223924,-18.81359388732583,-1.1414119708487558,37.3225425275314,-16.35125823030914,16.615603632157104,28.283773663517646,12.534823388950555,-39.198751932348884,33.38171377343336,19.628938305935655,16.45719805187645,10.939029245510195,36.52102844888177,-17.330883804284223,15.337764775368179,2.584529983837129,-16.07220842867551,1.3874529926877195,41.25292272681025,-31.06523435606723,3.2048932832530825,-29.96849680593016,36.12957505567297,41.866892589197086,35.11445210661238,6.986106293435615,-10.153750286312041,-17.279567394594736,-1.5452532357402953,-20.486993358022037,90.14103674971415,17.026535791615988,0.21435336829489215,39.26761788699116,-5.896097763753892
-116.91348582884143,32.302727208328584,33.77772752204909,46.69769882607869,-99.36453884153958,-66.89822389755925,-27.765993444212945,-28.531032724539514,30.917950336896276,-32.34764714632494,-2.1300345258739113,64.58959871218957,-28.305182014664982,28.283773663517646,48.57199715798586,21.750348701627455,-67.27595780735619,56.78753645693243,33.22749767541174,27.81709725486002,18.993829292637844,62.398617416169095,-29.318241007811878,26.32373442500319,4.378798288721198,-27.22904127324132,2.2499726343710806,70.66613538299609,-53.2892700778789,5.576123482701802,-51.07938826858073,61.80772810342332,71.96724043727112,59.44170451687808,11.945323575845624,-17.70133567069687,-30.096127381330177,-2.852223979602744,-35.6992232902986,154.53675780825617,28.942123064277766,0.8500691112793577,67.61380146337488,-9.946934305481946
-51.320333030132204,14.655387393365405,14.405473608044483,20.984324687389055,-43.99927912191924,-29.206093022889473,-12.588917374968648,-12.62362550103137,13.576752210885129,-14.570158767341272,-1.0168685424072412,29.686180808166434,-12.960318893510879,12.534823388950555,21.750348701627455,10.154981072991488,-29.79110218257206,24.811587148447714,14.268235208087113,11.817030824642798,8.683859096071568,27.538131613738578,-12.717517666515612,11.813719548977888,1.771831344634791,-11.79316769513075,0.819087893446383,31.633718856454042,-23.841357260789835,2.7551391516194403,-22.344647691189916,27.247406525238176,32.30255380443841,25.84084731850612,5.235154916335974,-8.37002833208615,-14.17442356501162,-1.3928450087116224,-16.673474831873946,68.88178011010727,12.816640419548683,1.186722927036956,30.57500642661108,-4.256158221319495
162.66556450067478,-44.580209755462654,-47.33001445722561,-64.73992760877489,137.94346091000233,93.21565688999877,38.34413689911374,39.77263360764814,-42.90338909140412,44.74084052919206,3.004333350033552,-88.90619763846844,39.016395668376276,-39.198751932348884,-67.27595780735619,-29.79110218257206,93.60285187686962,-79.06403016949895,-46.41524577371441,-39.01300763843289,-26.23847088400195,-86.73798609346753,40.81805570848338,-36.43238488966029,-6.261976732865343,37.95568618437394,-3.261971397533791,-97.82569049913104,73.83699498519906,-7.4579021891977755,71.13191829897744,-86.00263683677386,-99.68205208417697,-82.72053866358351,-16.670999092172625,24.161848886835557,41.13579750148804,3.9577317039257665,48.981234039324086,-214.35504303288175,-40.069569409496125,-0.5413183579493926,-93.46541774196412,13.911889069532814
-138.46065344259867,37.515054241837944,40.675820138151366,54.37949722835737,-117.08176582879106,-79.46589725965218,-32.23029072671205,-33.48596444934361,36.74095546451667,-37.6990995514654,-2.3072153932636166,74.320400425135,-32.620421052227336,33.38171377343336,56.78753645693243,24.811587148447714,-79.06403016949895,67.46139363356603,39.867683424001875,33.546497508017744,21.867743502722185,73.63119249816204,-35.04237571659918,30.762559660421935,5.374548400607328,-32.54500006578109,2.9332368977250733,82.75649093244702,-62.37117362641236,6.177175547747167,-60.58167632673786,72.91487700838185,84.0162099731793,70.96057041737787,14.132993782836884,-20.016524858451877,-34.11006776909518,-3.0744857690354905,-40.61040394401722,181.23076235963404,34.20363352305818,-0.24417257464904885,78.6001271576651,-11.976893100563274
-81.67339757856358,21.837546376883022,24.245525891449887,31.731862410541048,-68.82649332091475,-46.9557788109377,-18.760366933208253,-19.6535918413495,21.695733466246367,-22.00408581769822,-1.2702297628862549,43.01163941333651,-18.89733295993547,19.628938305935655,33.22749767541174,14.268235208087113,-46.41524577371441,39.867683424001875,23.74643099486239,20.035791092097792,12.677761563854986,43.33324899629726,-20.792223511627878,17.97848835445754,3.2451762504266477,-19.30586065564653,1.8348035698971032,48.44610748928296,-36.49779886971108,3.4743462157776572,-35.778262482231256,42.90590459242523,49.08843285091215,42.047144018977114,8.318647583275483,-11.445273050051465,-19.52268879330776,-1.6973097334494078,-23.3113135955128,106.21301993528701,20.138249589286197,-0.6414640102414274,45.788643993391325,-7.135589497722055
-68.67855430354133,18.224892819622728,20.52266651977403,26.584123670958284,-57.75245790564471,-39.52735195181991,-15.661364581559567,-16.54360904411176,18.213370432888137,-18.394499539204414,-1.0697733367557087,35.78808046549127,-15.743582879917826,16.45719805187645,27.81709725486002,11.817030824642798,-39.01300763843289,33.546497508017744,20.035791092097792,16.97443629496804,10.580663406278813,36.40385962615796,-17.499596049465033,15.036817895973932,2.7890696162685944,-16.258368872248557,1.5936380072984355,40.553488430475916,-30.57071800750797,2.8080614024210173,-30.10418094375457,36.07170950331023,41.09177698402582,35.374912036473326,7.015567534015115,-9.4414513775087,-16.13129445320495,-1.407582845038666,-19.331864650749374,89.04715101839204,16.86384814460421,-0.7869350421539465,38.26280763423224,-6.030544696755238
-45.178103082601055,12.701090232916291,12.857650116045905,18.36018193705696,-38.56429957126681,-25.778295275597305,-10.927654740402856,-11.16900171787858,11.871372811938244,-12.683895287274872,-0.9137957016552309,25.622388708144648,-11.216017470658697,10.939029245510195,18.993829292637844,8.683859096071568,-26.23847088400195,21.867743502722185,12.677761563854986,10.580663406278813,7.557144669387866,24.202203298177523,-11.205784433941904,10.290293611099031,1.6532688366928825,-10.414654241166737,0.7916244889217705,27.574086221853957,-20.81899149420208,2.258647152740527,-19.712316238420925,23.995416760684982,28.194725664871232,22.737596320642922,4.629736241863948,-7.118027671284554,-12.076674134519397,-1.2216597731975458,-14.30932310479998,60.28633300774566,11.166698666093792,0.6872622592737455,26.585412087418543,-3.7825934812799615
-151.3387110411782,41.3342277619479,44.16347758883339,59.87962507244598,-128.22795439035667,-86.75242480256,-35.52139438465454,-36.7770149249861,40.075106472061414,-41.48080045612195,-2.643652284395961,82.21355557506949,-36.062766504849286,36.52102844888177,62.398617416169095,27.538131613738578,-86.73798609346753,73.63119249816204,43.33324899629726,36.40385962615796,24.202203298177523,80.60793056093182,-38.13588033914456,33.8065326632439,5.806947154586168,-35.42588043776203,3.090275896003201,90.86221235645854,-68.50845419294649,6.922503615003313,-66.17422269481327,79.84787513673575,92.39252985849885,77.25987007610557,15.464587513305817,-22.29501602586956,-37.95648612149225,-3.5198617639982963,-45.14546841323458,198.91485786267768,37.38731646320135,0.2825808844790266,86.58378359077149,-12.999450884814232
71.83572855921678,-19.342747070513617,-21.208842641178254,-27.978880443423577,60.6457711325692,41.255186363571646,16.60862370472708,17.24698215289393,-19.145343660033035,19.44902992164826,1.1114072629422245,-38.16885886948366,16.743318909486494,-17.330883804284223,-29.318241007811878,-12.717517666515612,40.81805570848338,-35.04237571659918,-20.792223511627878,-17.499596049465033,-11.205784433941904,-38.13588033914456,18.28514476882121,-15.88987563890211,-2.79538528936631,16.954514561213095,-1.567887192838078,-42.79373626422013,32.21636066251693,-3.1657394736228883,31.432252569633132,-37.73033958726494,-43.33782492150582,-36.988058451458215,-7.3048578846042975,10.234196161185771,17.441418531866532,1.5021885164648277,20.74757584419464,-93.65258959387718,-17.785515247316933,0.32351211016365333,-40.49737965176132,6.253324790300998
-63.349313965828216,17.531523352246957,18.2776557796957,25.296388437446506,-53.8624748805494,-36.2465984216698,-15.061541037426613,-15.430161737159594,16.780041768063967,-17.548795680389542,-1.1563829316653325,35.05311991775523,-15.353892026694986,15.337764775368179,26.32373442500319,11.813719548977888,-36.43238488966029,30.762559660421935,17.97848835445754,15.036817895973932,10.290293611099031,33.8065326632439,-15.88987563890211,14.291943880415328,2.3671274950345427,-14.759153125875333,1.2135076140470373,38.324446179944495,-28.89350879389006,3.040979089618482,-27.664056273909676,33.48920572004184,39.02262277648517,32.22836895676638,6.475148636494241,-9.619145342240868,-16.353332676948963,-1.5438591481056843,-19.381796806680356,83.76813069169633,15.70642848638511,0.5088018750765454,36.6745166665796,-5.379449430888429
-10.989703901157046,2.8276429422830947,3.3621051894752823,4.210692585411243,-9.164181600546032,-6.362757815266312,-2.4357096556130857,-2.6763389241753113,2.8747018634118984,-2.884465755597966,-0.19568195010076214,5.49809925339339,-2.4352172085735946,2.584529983837129,4.378798288721198,1.771831344634791,-6.261976732865343,5.374548400607328,3.2451762504266477,2.7890696162685944,1.6532688366928825,5.806947154586168,-2.79538528936631,2.3671274950345427,0.5001264397798476,-2.6172606598723505,0.28985566852546535,6.363379952660209,-4.819378185991903,0.3646759034773155,-4.833728705393022,5.791558154120407,6.477253883950805,5.648609833312481,1.1429882837366003,-1.3932779568180838,-2.3973895503153804,-0.2308871348739321,-2.934434775347659,14.10317993400809,2.640295783781813,-0.28723687422568794,5.980404679104808,-0.973594401276752
66.71572560258072,-17.950688222287756,-19.708523858377404,-26.014986736306955,56.31725253145285,38.33391804025845,15.414126457637042,16.052406748353764,-17.745183770455693,18.06154616205821,1.0643621436460753,-35.42912917502843,15.555652282208126,-16.07220842867551,-27.22904127324132,-11.79316769513075,37.95568618437394,-32.54500006578109,-19.30586065564653,-16.258368872248557,-10.414654241166737,-35.42588043776203,16.954514561213095,-14.759153125875333,-2.6172606598723505,15.746649952194634,-1.4608944974026508,-39.71866862115002,29.91955967074022,-2.9129229136265824,29.20332873234186,-35.07324771109631,-40.26232171500117,-34.319899735919414,-6.802207686180026,9.48383540439131,16.1705131447895,1.4169839876827623,19.267742975577917,-86.99531247297385,-16.489996305338845,0.3260348337720794,-37.607955302460795,5.802525106216971
-5.927583340009236,1.4176640795798479,1.9104394658515431,2.115636394165839,-4.856108598808474,-3.4627557467663332,-1.2162812661586289,-1.3802072077380863,1.5846120230230742,-1.4642943925377971,-0.05958154138945717,2.640562076332158,-1.1743718509663557,1.3874529926877195,2.2499726343710806,0.819087893446383,-3.261971397533791,2.9332368977250733,1.8348035698971032,1.5936380072984355,0.7916244889217705,3.090275896003201,-1.567887192838078,1.2135076140470373,0.28985566852546535,-1.4608944974026508,0.1971346377655836,3.3012378527768336,-2.4857948726156938,0.14342360495540923,-2.6166044735019813,3.0695680731167703,3.303219123674136,3.148207019116819,0.6076325807865298,-0.6153842672663176,-1.0676553996894746,-0.06745590640958991,-1.3275048499137592,7.327194316357719,1.4285050851817138,-0.3337035218454986,2.9995427926103138,-0.5555897403147727
-170.33364788125192,47.0260598739031,49.25968743455308,67.85382953007003,-144.7246951140064,-97.46293183317246,-40.39544047082926,-41.43653800328039,45.15749440032803,-47.07140159806017,-3.0257923727715528,93.91228693478647,-41.13379206171588,41.25292272681025,70.66613538299609,31.633718856454042,-97.82569049913104,82.75649093244702,48.44610748928296,40.553488430475916,27.574086221853957,90.86221235645854,-42.79373626422013,38.324446179944495,6.363379952660209,-39.71866862115002,3.3012378527768336,102.92377277156282,-77.56758733060619,8.133048617211657,-74.38982088182786,89.95991528458079,104.7029324453004,86.7541715523222,17.386700164486648,-25.725321779157635,-43.735711882920185,-4.072338706808075,-51.84095739188158,224.93068458456526,42.23659380517946,1.1805817096185571,98.36828617748132,-14.515445940589894
128.39714357532415,-35.4447696500969,-37.13367266982643,-51.2214006211371,109.09219711960395,73.48049296979897,30.459462894642805,31.306276828525068,-33.981242785999,35.49229887616279,2.329285424279926,-70.82126584771072,31.03250250390264,-31.06523435606723,-53.2892700778789,-23.841357260789835,73.83699498519906,-62.37117362641236,-36.49779886971108,-30.57071800750797,-20.81899149420208,-68.50845419294649,32.21636066251693,-28.89350879389006,-4.819378185991903,29.91955967074022,-2.4857948726156938,-77.56758733060619,58.48907361752346,-6.1035527272272505,56.087890244102745,-67.85705531448521,-78.97142429384404,-65.32185245703982,-13.1238107211061,19.38881152288004,32.97401263732515,3.1149349346521165,39.11776889918107,-169.61974581985092,-31.786678264722994,-0.8792701310823876,-74.1848380510926,10.936265658973188
-12.8267366132437,3.8294594605604697,3.4482671074438636,5.356402332718018,-11.139785109599016,-7.241854259594875,-3.2832762104113375,-3.1298365524587295,3.44339508522283,-3.7641123826925726,-0.24438315077270115,7.8638999477257245,-3.408037787508361,3.2048932832530825,5.576123482701802,2.7551391516194403,-7.4579021891977755,6.177175547747167,3.4743462157776572,2.8080614024210173,2.258647152740527,6.922503615003313,-3.1657394736228883,3.040979089618482,0.3646759034773155,-2.9129229136265824,0.14342360495540923,8.133048617211657,-6.1035527272272505,0.8281218830836643,-5.5550952083848575,6.807552347843497,8.286762924214914,6.444620595934918,1.2851275973534715,-2.308780689049361,-3.885584570346894,-0.3645254019077307,-4.4861288754644155,17.525938005098208,3.288719948645412,0.5952078685963991,7.9272412308242775,-1.0349872066728074
124.38849017588899,-33.74468533324055,-36.49789178967517,-48.961529733787984,105.2158756505617,71.37895719960206,29.00128622481778,30.15191576049125,-32.95389679934545,33.91275611070965,2.114711171754957,-66.92515597812314,29.37932270902788,-29.96849680593016,-51.07938826858073,-22.344647691189916,71.13191829897744,-60.58167632673786,-35.778262482231256,-30.10418094375457,-19.712316238420925,-66.17422269481327,31.432252569633132,-27.664056273909676,-4.833728705393022,29.20332873234186,-2.6166044735019813,-74.38982088182786,56.087890244102745,-5.5550952083848575,54.431030552239314,-65.55355235669772,-75.58178398339402,-63.658955351823245,-12.70619213592178,18.039063282409007,30.74069643409918,2.808852139167023,36.61379014363023,-162.9657197241734,-30.695615037294246,0.15516987822393716,-70.72452787647032,10.740621853744896
-149.89676171597114,40.924500996281154,43.75429942910122,59.367180550605596,-126.98842532129058,-85.94131447914324,-35.17637843267015,-36.487738072117736,39.63399204552464,-41.08921099794007,-2.6698709260648847,81.41521758862282,-35.7281974741584,36.12957505567297,61.80772810342332,27.247406525238176,-86.00263683677386,72.91487700838185,42.90590459242523,36.07170950331023,23.995416760684982,79.84787513673575,-37.73033958726494,33.48920572004184,5.791558154120407,-35.07324771109631,3.0695680731167703,89.95991528458079,-67.85705531448521,6.807552347843497,-65.55355235669772,79.14483379175557,91.53957807026751,76.4473493647026,15.344476202226943,-22.057840804597443,-37.562641538646176,-3.5235743579278433,-44.72659328043931,197.0587234165396,36.97497726055489,0.23849522118365402,85.7639677878022,-12.859931514320635
-173.04724888865624,47.90455977873391,49.92154681800263,69.24045029292668,-147.1407946570454,-99.00127087122178,-41.17662052971536,-42.28686563393935,45.7403678353415,-47.9561172117786,-3.2117518620664884,95.86275667668318,-42.00422192142128,41.866892589197086,71.96724043727112,32.30255380443841,-99.68205208417697,84.0162099731793,49.08843285091215,41.09177698402582,28.194725664871232,92.39252985849885,-43.33782492150582,39.02262277648517,6.477253883950805,-40.26232171500117,3.303219123674136,104.7029324453004,-78.97142429384404,8.286762924214914,-75.58178398339402,91.53957807026751,106.68809444647309,87.88401085549555,17.701489943690667,-26.306952116446297,-44.71979301828932,-4.284450736433248,-53.0472133156991,228.9748745516889,42.82623888465943,1.4090184217504131,100.27053486497324,-14.69590167974556
-145.49050354999343,39.241813977968405,42.901262464103965,56.75786903917341,-122.88452991932245,-83.54515909144615,-33.685715934787346,-34.95170105528301,38.76662762790895,-39.44300317217449,-2.276990642546629,77.49302779305899,-33.99974207105884,35.11445210661238,59.44170451687808,25.84084731850612,-82.72053866358351,70.96057041737787,42.047144018977114,35.374912036473326,22.737596320642922,77.25987007610557,-36.988058451458215,32.22836895676638,5.648609833312481,-34.319899735919414,3.148207019116819,86.7541715523222,-65.32185245703982,6.444620595934918,-63.658955351823245,76.4473493647026,87.88401085549555,74.88901442072904,14.812449535412975,-20.79639972172456,-35.46000486290855,-3.0625063688247915,-42.17727777731474,189.84151164400183,36.03278784935931,-0.5423496825307784,82.15682497192985,-12.645840229667288
-29.045212732560277,7.898272807782008,8.51272491725717,11.488336339637357,-24.578232694336872,-16.66831621568798,-6.786881379904205,-7.077571044191171,7.669027349944686,-7.937769798741809,-0.5284160168632138,15.684441352095021,-6.892442408075064,6.986106293435615,11.945323575845624,5.235154916335974,-16.670999092172625,14.132993782836884,8.318647583275483,7.015567534015115,4.629736241863948,15.464587513305817,-7.3048578846042975,6.475148636494241,1.1429882837366003,-6.802207686180026,0.6076325807865298,17.386700164486648,-13.1238107211061,1.2851275973534715,-12.70619213592178,15.344476202226943,17.701489943690667,14.812449535412975,2.988424705421929,-4.226488122004334,-7.208875444100413,-0.6826736478371986,-8.608829757105454,38.13182637964954,7.143398998315595,-0.012512626874160139,16.56667045896763,-2.495725179779492
41.468790683207075,-11.970368135371602,-11.519320713225131,-17.10040815845196,35.66170569740195,23.560179213858653,10.288088803704404,10.236140207743878,-10.960638415659078,11.879839071590267,0.8531227858522034,-24.358078064096343,10.623863307643909,-10.153750286312041,-17.70133567069687,-8.37002833208615,24.161848886835557,-20.016524858451877,-11.445273050051465,-9.4414513775087,-7.118027671284554,-22.29501602586956,10.234196161185771,-9.619145342240868,-1.3932779568180838,9.48383540439131,-0.6153842672663176,-25.725321779157635,19.38881152288004,-2.308780689049361,18.039063282409007,-22.057840804597443,-26.306952116446297,-20.79639972172456,-4.226488122004334,6.934530612346338,11.722976292046607,1.1747114587439265,13.75386900060368,-55.95753147853284,-10.37984607322275,-1.1802495657389294,-24.954657452625252,3.4061761248637605
70.63704098425741,-20.326785424194473,-19.683391694254887,-29.08085369539842,60.6910998976806,40.154956627086605,17.469398526536658,17.43132913521256,-18.664101842381307,20.185104491401695,1.4482098013838554,-41.31599311011361,18.030098506184583,-17.279567394594736,-30.096127381330177,-14.17442356501162,41.13579750148804,-34.11006776909518,-19.52268879330776,-16.13129445320495,-12.076674134519397,-37.95648612149225,17.441418531866532,-16.353332676948963,-2.3973895503153804,16.1705131447895,-1.0676553996894746,-43.735711882920185,32.97401263732515,-3.885584570346894,30.74069643409918,-37.562641538646176,-44.71979301828932,-35.46000486290855,-7.208875444100413,11.722976292046607,19.844883271186678,1.9823203631168305,23.30483766980038,-95.18563385640859,-17.65740380977252,-1.899362016553089,-42.39600355968797,5.816777516423775
6.4476960743708975,-1.9317167655542793,-1.7253659048074765,-2.8490820463651514,5.6059243144184014,3.6617396411885728,1.6822165343056537,1.728245278146732,-1.6101910924381304,1.9242619794685183,0.23018066770878842,-4.0506489391555425,1.7769919861957486,-1.5452532357402953,-2.852223979602744,-1.3928450087116224,3.9577317039257665,-3.0744857690354905,-1.6973097334494078,-1.407582845038666,-1.2216597731975458,-3.5198617639982963,1.5021885164648277,-1.5438591481056843,-0.2308871348739321,1.4169839876827623,-0.06745590640958991,-4.072338706808075,3.1149349346521165,-0.3645254019077307,2.808852139167023,-3.5235743579278433,-4.284450736433248,-3.0625063688247915,-0.6826736478371986,1.1747114587439265,1.9823203631168305,0.2889372994690561,2.3598371435341283,-8.980815541731284,-1.5468197044520957,-0.29893784352556363,-4.080617836616711,0.504350366355197
84.0625714864577,-24.040418865700115,-23.56089475382699,-34.53791815072607,72.095519094191,47.84185328506801,20.66788388251059,20.798808354936174,-22.141120785650227,23.91627793064611,1.75139615287353,-48.78410000243399,21.317452083982417,-20.486993358022037,-35.6992232902986,-16.673474831873946,48.981234039324086,-40.61040394401722,-23.3113135955128,-19.331864650749374,-14.30932310479998,-45.14546841323458,20.74757584419464,-19.381796806680356,-2.934434775347659,19.267742975577917,-1.3275048499137592,-51.84095739188158,39.11776889918107,-4.4861288754644155,36.61379014363023,-44.72659328043931,-53.0472133156991,-42.17727777731474,-8.608829757105454,13.75386900060368,23.30483766980038,2.3598371435341283,27.46537135175702,-113.0289345196315,-20.917998233189977,-1.9884170876639318,-50.210783455955855,6.942779428716437
-372.9535012751975,102.66601620191081,108.1156962976153,148.51273435189395,-316.6443374312132,-213.53350335457841,-88.23397191195878,-90.90527775551281,98.6719605592243,-102.8750225630377,-6.733595360984789,204.91590198378648,-89.8249075077584,90.14103674971415,154.53675780825617,68.88178011010727,-214.35504303288175,181.23076235963404,106.21301993528701,89.04715101839204,60.28633300774566,198.91485786267768,-93.65258959387718,83.76813069169633,14.10317993400809,-86.99531247297385,7.327194316357719,224.93068458456526,-169.61974581985092,17.525938005098208,-162.9657197241734,197.0587234165396,228.9748745516889,189.84151164400183,38.13182637964954,-55.95753147853284,-95.18563385640859,-8.980815541731284,-113.0289345196315,492.0873470089726,92.24081971933916,2.0516341394026885,214.94957804911178,-31.824926119801567
-70.25335641518556,19.2143952429399,20.4760888100088,27.66362636621554,-59.55263362044895,-40.25082141516058,-16.487210952432285,-16.915564104648023,18.73109741620979,-19.25375258217902,-1.1354016063050758,38.15713510697214,-16.71284295914669,17.026535791615988,28.942123064277766,12.816640419548683,-40.069569409496125,34.20363352305818,20.138249589286197,16.86384814460421,11.166698666093792,37.38731646320135,-17.785515247316933,15.70642848638511,2.640295783781813,-16.489996305338845,1.4285050851817138,42.23659380517946,-31.786678264722994,3.288719948645412,-30.695615037294246,36.97497726055489,42.82623888465943,36.03278784935931,7.143398998315595,-10.37984607322275,-17.65740380977252,-1.5468197044520957,-20.917998233189977,92.24081971933916,17.475079037156128,0.19350063395261816,40.160188100592286,-6.041485199184732
0.03547905428834579,0.9245447699996472,-0.8470940692658211,0.9823965869771959,-0.7294440313273587,0.31997354334835465,-0.7883946185492284,-0.21521657687060478,-0.02817990562356483,-0.7313190192785697,-0.18828307997568378,2.6236984596054618,-1.063142053805076,0.21435336829489215,0.8500691112793577,1.186722927036956,-0.5413183579493926,-0.24417257464904885,-0.6414640102414274,-0.7869350421539465,0.6872622592737455,0.2825808844790266,0.32351211016365333,0.5088018750765454,-0.28723687422568794,0.3260348337720794,-0.3337035218454986,1.1805817096185571,-0.8792701310823876,0.5952078685963991,0.15516987822393716,0.23849522118365402,1.4090184217504131,-0.5423496825307784,-0.012512626874160139,-1.1802495657389294,-1.899362016553089,-0.29893784352556363,-1.9884170876639318,2.0516341394026885,0.19350063395261816,1.6018740845944692,1.7585315944405495,0.22687675959721823
-162.02528469851256,45.111902951292585,46.51463400199733,65.0906606843786,-137.97179891090443,-92.60165840154569,-38.771127624147326,-39.64476541028614,42.83438115962796,-45.099240329472906,-3.0430683086556916,90.48048969986647,-39.61614346893399,39.26761788699116,67.61380146337488,30.57500642661108,-93.46541774196412,78.6001271576651,45.788643993391325,38.26280763423224,26.585412087418543,86.58378359077149,-40.49737965176132,36.6745166665796,5.980404679104808,-37.607955302460795,2.9995427926103138,98.36828617748132,-74.1848380510926,7.9272412308242775,-70.72452787647032,85.7639677878022,100.27053486497324,82.15682497192985,16.56667045896763,-24.954657452625252,-42.39600355968797,-4.080617836616711,-50.210783455955855,214.94957804911178,40.160188100592286,1.7585315944405495,94.36864225092901,-13.702327345114742
24.51641875147686,-6.531942334439227,-7.3057330171617965,-9.4934971554181935,20.64373108492446,14.10454244337034,5.613243890432234,5.893041426253505,-6.522528339784999,6.580787100014463,0.3741936766870162,-12.84107678365974,5.641956292438714,-5.896097763753892,-9.946934305481946,-4.256158221319495,13.911889069532814,-11.976893100563274,-7.135589497722055,-6.030544696755238,-3.7825934812799615,-12.999450884814232,6.253324790300998,-5.379449430888429,-0.973594401276752,5.802525106216971,-0.5555897403147727,-14.515445940589894,10.936265658973188,-1.0349872066728074,10.740621853744896,-12.859931514320635,-14.69590167974556,-12.645840229667288,-2.495725179779492,3.4061761248637605,5.816777516423775,0.504350366355197,6.942779428716437,-31.824926119801567,-6.041485199184732,0.22687675959721823,-13.702327345114742,2.1587104176099
