V1,V2,V3,V4,V5,V6,V7,V8,V9,V10,V11,V12,V13,V14,V15,V16,V17,V18,V19,V20,V21,V22,V23,V24,V25,V26,V27,V28,V29,V30,V31,V32,V33,V34,V35,V36,V37,V38,V39,V40,V41,V42,V43,V44
2.3843347533347217,-1.356932450934075,-0.07995809382593112,1.2642690470738223,-2.590873151123901,1.2592721298798124,-1.739093685694881,0.9944928411541957,2.3678606046978685,0.9736009468308185,0.652940187130559,0.9582960144705722,-2.2123573914670107,-2.0982430780240398,-1.1567733648415999,1.0661510068146902,-1.9603088616185085,0.42962054580202236,0.7813592696684851,0.6547037918445622,0.0508174784355456,0.8760357094671539,-2.2174002752312325,1.9882525045096924,1.4630628864428554,-0.5043187603820422,2.1455210820597945,2.37784299138723,2.3911696093220742,1.2158240497977952,-0.4963359509656553,-1.3696117193702835,-2.556841298830424,0.35675948111729106,-1.7696235798263968,1.3743995335716113,-0.6236909870746115,-0.5010182661870193,0.39507530696708815,1.4141946719677156,-1.5543025751296318,-0.31394882646004957,4.265643928266818,3.824968135821962
-1.356932450934075,0.843360130879615,0.07170782166977548,-0.6946089779005317,1.6791096994702583,-0.6709498513392376,1.0558365111668182,-0.7959895247468609,-1.3867302655883131,-0.4194387882604668,-0.42997358092479965,-0.40921033311647814,1.1669555166423093,1.2921822802452663,0.8769039145501618,-0.7326582122880901,1.1405286908827201,-0.34380174263854657,-0.5816091097607744,-0.5199536463545679,0.002245942564498969,-0.5181304429845848,1.2018679347772776,-1.0106944372465514,-0.8653456136049574,0.3512502340175013,-1.2999146302536808,-1.5364365647994844,-1.4738276231881398,-0.5677008828229242,0.30307845240624126,0.8386258335175448,1.7657040100657366,-0.05711185948632708,0.9192247821043237,-0.7032347066176661,0.4017059692358394,0.41437655241208277,-0.24443445008593104,-0.6634866568212442,0.784524260002315,0.08415358783927888,-2.506284268135653,-2.1428429566597824
-0.07995809382593112,0.07170782166977548,0.11685239595177382,0.12470374192205153,0.3625594347659805,0.09022151784771043,0.03928756817494865,-0.16405885908711673,-0.002991567607985737,0.06216642975829576,-0.1276064439967254,0.36507873356696574,-0.0027080274867512357,0.3671299309923559,0.3915823439613351,-0.1264902756237485,-0.12214737750005775,-0.08407952703770807,-0.2697545257894301,-0.11420010931011419,0.043499047189000155,-0.140354705022255,0.008289175460710167,0.29379260856806266,-0.19362242235031304,-0.08599794281560709,-0.11954871561082679,-0.02675461090156904,-0.012664358211075727,0.16394488124777562,-0.0501228067615366,-0.03978216566456498,0.39196374339215556,0.23279277351595593,-0.1691959298417815,-0.06192118069223186,0.020074436391515307,0.2873646870611318,-0.07776045569153502,0.23498058182063458,-0.21888573095092848,-0.28178211899341726,-0.17344042747102606,0.0387970543009178
1.2642690470738223,-0.6946089779005317,0.12470374192205153,1.0455263748936345,-1.0233603066514507,0.8453582186449277,-1.0483371434034612,0.650615238944778,1.5391722076511727,0.4551137720763606,0.25155635111696945,1.1212573322466444,-1.215064796829985,-0.5918545240783907,-0.11763470065378911,0.5028351978881019,-1.4411667656951848,0.24111439471084922,-0.12052923357999525,0.5046336663804154,0.12344027208392172,0.29648529608129737,-1.2241964174416577,1.7648125563222938,0.5843070821321811,-0.5952966403411881,1.1172263584886502,1.85467225297148,1.7541156426167157,0.9609957436581116,-0.5099030033569453,-1.0892541294467109,-1.2712035966265325,0.6941531525450348,-1.388686947805919,0.5721936839427413,-0.5308862863388978,0.1849024614405127,-0.013853548907864655,1.0652710173884306,-1.3402814400813874,-0.5709169013544927,2.33283243519329,2.3338618413584804
-2.590873151123901,1.6791096994702583,0.3625594347659805,-1.0233603066514507,3.967064439808885,-0.9157557450929091,1.9006250880598696,-1.8250280530743026,-2.4886382938928575,-0.5811708693449845,-1.027799407523766,0.07717085467305088,2.1092662952735544,3.1985724201980834,2.4380202741055306,-1.7330439468649632,1.7779519157622294,-0.7861755837772311,-1.6963664147183735,-1.1985694115060028,0.08870962075540308,-1.1359345559120169,2.2279707997433276,-1.0780302472724193,-2.0373222321926288,0.4378965855082523,-2.535292573076078,-2.9172808551279807,-2.682290129546803,-0.5774870729039295,0.3644422125732069,1.3693838320678557,4.120159314224715,0.5143627753686422,1.1863350744053023,-1.2491496048633348,0.8272295674005444,1.431065527685486,-0.5583981523115931,-0.6408966541870112,0.7853441708399401,-0.5498914468842122,-4.927839449994344,-3.666195554223644
1.2592721298798124,-0.6709498513392376,0.09022151784771043,0.8453582186449277,-0.9157557450929091,0.8825489009796931,-0.9770724558053652,0.32847092931538246,1.3421221389100138,0.6550936536041339,0.22032381988317531,1.0134845614889187,-1.2446340814938952,-0.6796827305939515,-0.15319490813185532,0.36292231129726327,-1.270110665652424,0.14323890578630913,0.07088557572147737,0.2141096008758317,0.07848624270443359,0.37492504383020103,-1.21739817544448,1.5481162029629947,0.5487879929705155,-0.3971365395352318,1.098023503377268,1.247771153809141,1.327910669488697,0.943494942941914,-0.38403764934468565,-0.8473888961286533,-0.894182518185763,0.5542741788217344,-1.2692487581549339,0.7874049159422497,-0.2892161593148671,0.11305537159486824,0.15926128655314548,1.1232827343628833,-1.2364697013440664,-0.5842432251357828,2.16768019575468,2.2684308918844063
-1.739093685694881,1.0558365111668182,0.03928756817494865,-1.0483371434034612,1.9006250880598696,-0.9770724558053652,1.494903183390329,-1.1719792254339478,-1.9581112638752747,-0.44620716065150384,-0.5607583223972932,-0.776977699791331,1.4601270999078904,1.345346674635922,0.9211629448179857,-0.8297885417710716,1.6591746410066717,-0.5062622558301478,-0.38982284301471276,-0.8496206764754644,-0.03879671510570246,-0.6768098132809746,1.488814816290706,-1.7223320929003156,-0.9954837857670623,0.6550352580289358,-1.721738713671866,-2.3517576564990414,-2.2352974556973844,-0.923513780771904,0.6019695554470333,1.349743266601885,2.306649925468566,-0.4303458069010199,1.4780272191920776,-0.8920617751692069,0.6354474103811394,0.2759154903832476,-0.19171884166503908,-0.9558022391663765,1.3706546151004135,0.3120206274141327,-3.2352745516606065,-2.9518013658291817
0.9944928411541957,-0.7959895247468609,-0.16405885908711673,0.650615238944778,-1.8250280530743026,0.32847092931538246,-1.1719792254339478,1.85265890258991,1.468677652588465,-0.48163679879050586,0.6505895790534939,-0.10410321090774599,-0.4466121989903217,-1.0413210937583997,-1.309218527606364,0.9319313561784773,-1.0901221683841602,0.7785552045885856,0.3561420966236577,1.4247628896787705,-0.026892778307481803,0.5239243944723895,-0.5755915657237174,0.8021351571455501,0.7865383399410872,-0.7656364964115591,1.3040572549823124,2.666616158172692,2.195726249039691,0.1480626141685658,-0.6241447211982805,-1.2780232346745262,-2.89777651401612,0.03941680684549597,-0.7160533339601841,0.12246251953601335,-0.8299972997984907,-0.5321813301782967,-0.04656163710707783,-0.14882553355306374,-0.6050765708869608,0.2890535734296293,2.2605048356541975,1.6156137345399828
2.3678606046978685,-1.3867302655883131,-0.002991567607985737,1.5391722076511727,-2.4886382938928575,1.3421221389100138,-1.9581112638752747,1.468677652588465,2.694959019911696,0.685918971129818,0.696946258657856,1.2379625688673526,-2.0917058673460747,-1.7425493086455366,-1.0267640580780975,1.1137029386710335,-2.3044618648011626,0.6081532428567775,0.3850743622324833,1.088495345008212,0.10348300560419829,0.8290843259366535,-2.1257856170619522,2.4943377032993506,1.354544329297418,-0.8895069021539344,2.2516396346934435,3.2347219511074385,3.0545103550703994,1.3546066602024094,-0.8048188509126878,-1.8237942588931793,-2.974702652024662,0.7134499452119435,-2.0991812192321873,1.1727534811932392,-0.9073955887443853,-0.2527845323178019,0.18462803260397398,1.4291422426284568,-1.9355452416660575,-0.4950898818906112,4.413459701239628,4.045259591995985
0.9736009468308185,-0.4194387882604668,0.06216642975829576,0.4551137720763606,-0.5811708693449845,0.6550936536041339,-0.44620716065150384,-0.48163679879050586,0.685918971129818,0.9552180605153304,0.023578098086126733,0.7401999624862482,-1.2049567825439325,-0.7287804838092823,0.05947650568487716,0.13578777492936797,-0.6612844228911299,-0.196240945712211,0.29338530531005313,-0.44569739342630027,0.05112287619800458,0.25213840443288155,-1.1277083952279026,0.8620183225456104,0.4710908688352139,0.11964019618757347,0.63184837471159,-0.04775753622497758,0.24830336737892034,0.7339859100313691,0.04656437915510272,-0.13464440461895683,0.1010081592112455,0.22247038752865023,-0.7569707716826705,0.8409590773527895,0.10072539100710579,0.014882401087438279,0.2938564702601226,1.0627097324216497,-0.6861447563056424,-0.4187891046487926,1.4541600388858322,1.5755558653574038
0.652940187130559,-0.42997358092479965,-0.1276064439967254,0.25155635111696945,-1.027799407523766,0.22032381988317531,-0.5607583223972932,0.6505895790534939,0.696946258657856,0.023578098086126733,0.3344260440275357,-0.11406768414194962,-0.45769725398975236,-0.8015236883998068,-0.7214011041471413,0.4351203274434573,-0.46094951890635316,0.28950552861981277,0.3681530727769131,0.4814832208284245,-0.02746785702730589,0.3641105375084586,-0.48606708852540154,0.3090261959219519,0.5326628321614384,-0.18038000470437532,0.713898359587041,0.9550796305325615,0.8572787948060814,0.1343037706688576,-0.18505104766422883,-0.46578004218046826,-1.2740356283968006,-0.06930968190981214,-0.34087311511350904,0.31476938134413085,-0.2832389579717335,-0.3763747765713658,0.10625221862649113,0.048624492537624776,-0.25267780552618246,0.19460303838615736,1.2840469241833057,0.9504646070936994
0.9582960144705722,-0.40921033311647814,0.36507873356696574,1.1212573322466444,0.07717085467305088,1.0134845614889187,-0.776977699791331,-0.10410321090774599,1.2379625688673526,0.7401999624862482,-0.11406768414194962,1.8511792708863493,-1.1618461274297522,0.303045740489654,0.8825844842631464,0.009544391103279499,-1.4574370240985366,-0.08619193100715226,-0.6852387331686621,-0.059747082732500054,0.20268936622550682,-0.019232902982887365,-1.1090861060592514,2.1916964387608666,0.04731420701332283,-0.5779756324683953,0.6703187653457549,1.1416432867745732,1.236437595655519,1.2925764169916112,-0.488768057822691,-0.9005636067836343,0.1390207531914157,1.152512285112178,-1.6095817193971125,0.54116777171918,-0.26714128169858875,0.8458017363751353,-0.09500862002345889,1.597930860010513,-1.6978734497996353,-1.2143957688374203,1.5581736704847386,2.1637314011152733
-2.2123573914670107,1.1669555166423093,-0.0027080274867512357,-1.215064796829985,2.1092662952735544,-1.2446340814938952,1.4601270999078904,-0.4466121989903217,-2.0917058673460747,-1.2049567825439325,-0.45769725398975236,-1.1618461274297522,2.2620547090822676,1.8262544250799715,0.685946804733538,-0.8332379734053232,1.7810210743115782,-0.18157842331735582,-0.602495616304612,-0.25300655232015323,-0.09021751155830085,-0.7214590551198075,2.217857291965102,-1.9837799857629397,-1.2982123017292313,0.31883452630776865,-1.831720464131157,-1.7787669476914836,-1.9096519626337183,-1.310351562793952,0.3450593965492082,1.0843546900504801,1.7495437028426883,-0.46568583151258264,1.7259904864134294,-1.3902741513521304,0.44544490166836154,0.2775787802750953,-0.37110264183142033,-1.6137629895746362,1.5295134219891335,0.46852589142882467,-3.8367343134151732,-3.5917237883075743
-2.0982430780240398,1.2921822802452663,0.3671299309923559,-0.5918545240783907,3.1985724201980834,-0.6796827305939515,1.345346674635922,-1.0413210937583997,-1.7425493086455366,-0.7287804838092823,-0.8015236883998068,0.303045740489654,1.8262544250799715,2.8490517173572436,2.027526158341091,-1.293976604900726,1.117069382193936,-0.47193760853871386,-1.61276821096082,-0.6159914588905969,0.10231613882641677,-0.9954816002942605,1.8733569140058544,-0.5044575963955182,-1.7416805524812022,0.013194432952732277,-1.9504248260057537,-1.637431861405731,-1.623827733656601,-0.4013498979035981,0.059679678469794134,0.7358268799117427,2.934293232178359,0.6214378883770532,0.7315253599894102,-1.2313129984714426,0.43876404539339087,1.3189545640538884,-0.60336126834275,-0.5059970853224911,0.37031708832718785,-0.6018989213718992,-3.836165395924784,-2.792098987525664
-1.1567733648415999,0.8769039145501618,0.3915823439613351,-0.11763470065378911,2.4380202741055306,-0.15319490813185532,0.9211629448179857,-1.309218527606364,-1.0267640580780975,0.05947650568487716,-0.7214011041471413,0.8825844842631464,0.685946804733538,2.027526158341091,1.9624033002033139,-1.036681873020052,0.5037096904964384,-0.600066139343524,-1.3243669991928166,-0.8677366627468621,0.1621380106673374,-0.7568655065737148,0.7853528381962762,0.2570615330775871,-1.1734638898981595,0.10099110192778894,-1.338807045114643,-1.4029546843001852,-1.2126383586284935,0.2186030375619288,0.09657870440322093,0.5461196161653282,2.7100548513264973,0.7941145455681231,0.060686397595585015,-0.5378828552704258,0.3977691607331143,1.24011177710609,-0.39858802219167316,0.35588608141566624,-0.19107241371575404,-0.8325150233582606,-2.3287697272557732,-1.337685301753397
1.0661510068146902,-0.7326582122880901,-0.1264902756237485,0.5028351978881019,-1.7330439468649632,0.36292231129726327,-0.8297885417710716,0.9319313561784773,1.1137029386710335,0.13578777492936797,0.4351203274434573,0.009544391103279499,-0.8332379734053232,-1.293976604900726,-1.036681873020052,0.8179038727015792,-0.8332536645262117,0.3836977100433323,0.6836757724209495,0.6269747877313477,-0.030266237082955883,0.4195441334059138,-0.9108456789747695,0.49971007608820917,0.8418565007042401,-0.28720112411058585,1.0736515031209772,1.4771867656338629,1.2881964981412553,0.20872584213205211,-0.19781394211430053,-0.6677977680827453,-1.9046081636766878,-0.21986951298561397,-0.5081387211526761,0.3955086006085393,-0.43383900673806736,-0.5905692246841058,0.17927807435760984,0.23197217072607934,-0.33419103497455566,0.22673999397258474,2.116429815488877,1.5334435943397997
-1.9603088616185085,1.1405286908827201,-0.12214737750005775,-1.4411667656951848,1.7779519157622294,-1.270110665652424,1.6591746410066717,-1.0901221683841602,-2.3044618648011626,-0.6612844228911299,-0.46094951890635316,-1.4574370240985366,1.7810210743115782,1.117069382193936,0.5037096904964384,-0.8332536645262117,2.1346893204217614,-0.44204559324272114,-0.10898195396621049,-0.7891418987237386,-0.12212538363362312,-0.5598893308161274,1.8100661997141356,-2.42581564531398,-0.9400596940423542,0.8635063736892756,-1.8292642144206819,-2.7020283128425313,-2.583008740509068,-1.319974174729023,0.7402461858936442,1.5994184168853665,2.1344881918923053,-0.8084979697722274,1.963895050705649,-0.9483437482239097,0.7252444501775466,-0.06489404941146344,-0.11787815797293515,-1.4906368658848086,1.8805981861918664,0.7508296930523856,-3.607649116448975,-3.5258481018642525
0.42962054580202236,-0.34380174263854657,-0.08407952703770807,0.24111439471084922,-0.7861755837772311,0.14323890578630913,-0.5062622558301478,0.7785552045885856,0.6081532428567775,-0.196240945712211,0.28950552861981277,-0.08619193100715226,-0.18157842331735582,-0.47193760853871386,-0.600066139343524,0.3836977100433323,-0.44204559324272114,0.3367396558721151,0.18993415370985287,0.5922529389015986,-0.022415099416239228,0.2514649812821053,-0.2334096607402009,0.302140069169683,0.3381232253230364,-0.30682483711184183,0.5742850686671389,1.0774763849153224,0.8987689403460295,0.05108602626797083,-0.2596573254810327,-0.5253130131879051,-1.230786708869026,-0.009541214601196852,-0.2871757166874489,0.08667410866584191,-0.32622458222849554,-0.2534662635298916,0.008079108052683092,-0.07671748717703758,-0.24274610115260273,0.13511190693256903,0.9550422058894663,0.6853008650753443
0.7813592696684851,-0.5816091097607744,-0.2697545257894301,-0.12052923357999525,-1.6963664147183735,0.07088557572147737,-0.38982284301471276,0.3561420966236577,0.3850743622324833,0.29338530531005313,0.3681530727769131,-0.6852387331686621,-0.602495616304612,-1.61276821096082,-1.3243669991928166,0.6836757724209495,-0.10898195396621049,0.18993415370985287,1.2893335878181709,0.0778543123914116,-0.15259442807319004,0.4518420354960197,-0.6597782647718268,-0.5961320320120033,0.8193242241472569,0.2605007077323424,0.7661890949737282,0.0843178279662798,0.1340989222113161,-0.25395877836407355,0.2535992583171108,0.0919772628396496,-1.2801714165045093,-0.901566080910705,0.2543884277891612,0.49990240543382725,0.03838869280260701,-1.0078078454482653,0.4854400608330123,-0.11853441723922303,0.47241403577447283,0.6045151923569915,1.4141974329100255,0.7155557965821961
0.6547037918445622,-0.5199536463545679,-0.11420010931011419,0.5046336663804154,-1.1985694115060028,0.2141096008758317,-0.8496206764754644,1.4247628896787705,1.088495345008212,-0.44569739342630027,0.4814832208284245,-0.059747082732500054,-0.25300655232015323,-0.6159914588905969,-0.8677366627468621,0.6269747877313477,-0.7891418987237386,0.5922529389015986,0.0778543123914116,1.1493762867712758,0.0023384420477939143,0.3755721763275739,-0.3391111427685744,0.6790904360849038,0.5323252775018295,-0.6178097481463579,0.9070353384492216,2.1030106967752857,1.716529667079133,0.13441567774614988,-0.5279752148227653,-1.012785602203616,-2.143902072219305,0.16716603418098017,-0.5788349393678336,0.030179406425062758,-0.679806012496826,-0.29544365037098325,-0.12381733107133314,-0.16261725921131742,-0.5155573636966512,0.20763834015659535,1.5627136663148942,1.128133519546968
0.0508174784355456,0.002245942564498969,0.043499047189000155,0.12344027208392172,0.08870962075540308,0.07848624270443359,-0.03879671510570246,-0.026892778307481803,0.10348300560419829,0.05112287619800458,-0.02746785702730589,0.20268936622550682,-0.09021751155830085,0.10231613882641677,0.1621380106673374,-0.030266237082955883,-0.12212538363362312,-0.022415099416239228,-0.15259442807319004,0.0023384420477939143,0.0362869404959674,-0.029064639523907906,-0.08149377008852873,0.24220529180898678,-0.018236694941544927,-0.06212508232054057,0.009384550043687002,0.13110914124089112,0.12649248337688332,0.1373201225155311,-0.05825516755355881,-0.09108309203615061,0.0630688913994354,0.17142080793289724,-0.16695574692407072,0.015432203868902592,-0.048410415812592665,0.13265867487008204,-0.05227555899856904,0.14399904086571394,-0.17876965088547261,-0.12378451178372946,0.08344172620583769,0.15675579946086252
0.8760357094671539,-0.5181304429845848,-0.140354705022255,0.29648529608129737,-1.1359345559120169,0.37492504383020103,-0.6768098132809746,0.5239243944723895,0.8290843259366535,0.25213840443288155,0.3641105375084586,-0.019232902982887365,-0.7214590551198075,-0.9954816002942605,-0.7568655065737148,0.4195441334059138,-0.5598893308161274,0.2514649812821053,0.4518420354960197,0.3755721763275739,-0.029064639523907906,0.48482171427752146,-0.7156840111882633,0.46865195338748894,0.6454602296772388,-0.11956321616847843,0.8830744565896522,0.8673364679944283,0.8725971156443694,0.3006340554067607,-0.17753788060252879,-0.4807531010559902,-1.2412386351568374,-0.019683329440383018,-0.5044269753420256,0.57763628053408,-0.22758547536445523,-0.39637901842365414,0.20225711619511894,0.2600974325527006,-0.40994820350073685,0.12598414848406977,1.5918929837102056,1.3098380802529563
-2.2174002752312325,1.2018679347772776,0.008289175460710167,-1.2241964174416577,2.2279707997433276,-1.21739817544448,1.488814816290706,-0.5755915657237174,-2.1257856170619522,-1.1277083952279026,-0.48606708852540154,-1.1090861060592514,2.217857291965102,1.8733569140058544,0.7853528381962762,-0.9108456789747695,1.8100661997141356,-0.2334096607402009,-0.6597782647718268,-0.3391111427685744,-0.08149377008852873,-0.7156840111882633,2.19763530311297,-1.936160011321627,-1.3226483835868679,0.363755954707428,-1.8649854245001243,-1.9088712577065223,-1.9931282752835267,-1.2492122770185097,0.36016450267766825,1.1244834836586657,1.9269644904312895,-0.40075396949938663,1.6895485062094744,-1.32813614626097,0.4893560887273406,0.33780558202574923,-0.368372241872046,-1.5453294626967171,1.4812878133117007,0.42082525317940606,-3.8911276160085797,-3.5753048985566833
1.9882525045096924,-1.0106944372465514,0.29379260856806266,1.7648125563222938,-1.0780302472724193,1.5481162029629947,-1.7223320929003156,0.8021351571455501,2.4943377032993506,0.8620183225456104,0.3090261959219519,2.1916964387608666,-1.9837799857629397,-0.5044575963955182,0.2570615330775871,0.49971007608820917,-2.42581564531398,0.302140069169683,-0.5961320320120033,0.6790904360849038,0.24220529180898678,0.46865195338748894,-1.936160011321627,3.285977170795353,0.7071304637932808,-1.0276277596563574,1.7431776120279352,2.8582240046375214,2.8117307218695413,1.8478502742525629,-0.9501618288411973,-1.8442520735852532,-1.5210462950655779,1.5368422068123968,-2.55213057431607,1.0563804880517875,-0.7821163181830909,0.6810293917923574,-0.07619955476807945,2.014504557398464,-2.5746976206888514,-1.2835693526292569,3.5471578084653976,3.930829105928389
1.4630628864428554,-0.8653456136049574,-0.19362242235031304,0.5843070821321811,-2.0373222321926288,0.5487879929705155,-0.9954837857670623,0.7865383399410872,1.354544329297418,0.4710908688352139,0.5326628321614384,0.04731420701332283,-1.2982123017292313,-1.7416805524812022,-1.1734638898981595,0.8418565007042401,-0.9400596940423542,0.3381232253230364,0.8193242241472569,0.5323252775018295,-0.018236694941544927,0.6454602296772388,-1.3226483835868679,0.7071304637932808,1.1445494868560062,-0.1524814020084371,1.3490487874522359,1.4450641016535208,1.3877073366222816,0.44813735161786217,-0.1750333299572609,-0.6980447865018925,-2.021594411802557,-0.14205726507587413,-0.7447728518738642,0.8087795590582291,-0.4206789741434433,-0.6953832920521451,0.29315524686409355,0.4767119720189955,-0.5245570989076783,0.25754586514388333,2.705208795903262,2.092003940025765
-0.5043187603820422,0.3512502340175013,-0.08599794281560709,-0.5952966403411881,0.4378965855082523,-0.3971365395352318,0.6550352580289358,-0.7656364964115591,-0.8895069021539344,0.11964019618757347,-0.18038000470437532,-0.5779756324683953,0.31883452630776865,0.013194432952732277,0.10099110192778894,-0.28720112411058585,0.8635063736892756,-0.30682483711184183,0.2605007077323424,-0.6178097481463579,-0.06212508232054057,-0.11956321616847843,0.363755954707428,-1.0276277596563574,-0.1524814020084371,0.580017903959542,-0.6029103450030971,-1.4771685426467156,-1.2727485644922638,-0.4247661875446913,0.47029602986723845,0.8313169487874426,1.0074899943869342,-0.4699405735823611,0.770684565083475,-0.05886404698464657,0.4364700248425473,-0.1877057188431183,0.13162442425932924,-0.36053556360946126,0.7971439366424212,0.3357368147622158,-1.084386088123414,-1.1062756775998983
2.1455210820597945,-1.2999146302536808,-0.11954871561082679,1.1172263584886502,-2.535292573076078,1.098023503377268,-1.721738713671866,1.3040572549823124,2.2516396346934435,0.63184837471159,0.713898359587041,0.6703187653457549,-1.831720464131157,-1.9504248260057537,-1.338807045114643,1.0736515031209772,-1.8292642144206819,0.5742850686671389,0.7661890949737282,0.9070353384492216,0.009384550043687002,0.8830744565896522,-1.8649854245001243,1.7431776120279352,1.3490487874522359,-0.6029103450030971,2.0968953939600357,2.5445421970832025,2.4504486021141036,0.9822279521694682,-0.5707011028377277,-1.4184011590171561,-2.8163460625407275,0.25542667176638983,-1.575039395894199,1.1682427026264603,-0.6734915069077725,-0.5686896891630454,0.3420044138205322,1.0566387720967707,-1.386486794756444,-0.16887799249840574,3.962208460198279,3.4635466445720224
2.37784299138723,-1.5364365647994844,-0.02675461090156904,1.85467225297148,-2.9172808551279807,1.247771153809141,-2.3517576564990414,2.666616158172692,3.2347219511074385,-0.04775753622497758,0.9550796305325615,1.1416432867745732,-1.7787669476914836,-1.637431861405731,-1.4029546843001852,1.4771867656338629,-2.7020283128425313,1.0774763849153224,0.0843178279662798,2.1030106967752857,0.13110914124089112,0.8673364679944283,-1.9088712577065223,2.8582240046375214,1.4450641016535208,-1.4771685426467156,2.5445421970832025,4.925017075390598,4.2889599680094195,1.247518120200164,-1.2542100769015063,-2.5736315420966087,-4.409703331062234,0.9272919821210416,-2.3250512378950083,0.7246058837705084,-1.505069878293676,-0.27246830925041154,-0.14326374236567754,0.9905985113534674,-2.1631524695788444,-0.322568827943423,4.865110960958668,4.216125119148719
2.3911696093220742,-1.4738276231881398,-0.012664358211075727,1.7541156426167157,-2.682290129546803,1.327910669488697,-2.2352974556973844,2.195726249039691,3.0545103550703994,0.24830336737892034,0.8572787948060814,1.236437595655519,-1.9096519626337183,-1.623827733656601,-1.2126383586284935,1.2881964981412553,-2.583008740509068,0.8987689403460295,0.1340989222113161,1.716529667079133,0.12649248337688332,0.8725971156443694,-1.9931282752835267,2.8117307218695413,1.3877073366222816,-1.2727485644922638,2.4504486021141036,4.2889599680094195,3.853489224721929,1.3480920845806657,-1.1202463708890318,-2.3290520770376215,-3.8199003990877403,0.9264155733872251,-2.30986574270809,0.9370864154357159,-1.2749517043853282,-0.20996504556979692,-0.02175684386760782,1.2036621217975487,-2.166137438917852,-0.4448301364993744,4.694107687676003,4.216849706418731
1.2158240497977952,-0.5677008828229242,0.16394488124777562,0.9609957436581116,-0.5774870729039295,0.943494942941914,-0.923513780771904,0.1480626141685658,1.3546066602024094,0.7339859100313691,0.1343037706688576,1.2925764169916112,-1.310351562793952,-0.4013498979035981,0.2186030375619288,0.20872584213205211,-1.319974174729023,0.05108602626797083,-0.25395877836407355,0.13441567774614988,0.1373201225155311,0.3006340554067607,-1.2492122770185097,1.8478502742525629,0.44813735161786217,-0.4247661875446913,0.9822279521694682,1.247518120200164,1.3480920845806657,1.136775298503208,-0.4337531221635613,-0.8877284130017503,-0.5577787446519938,0.854070612292947,-1.4619035516845016,0.7884750154685595,-0.31180852294381206,0.37967854084497116,0.04749565243517386,1.3107795437674097,-1.4626919987728872,-0.768645177382076,2.0495965286073337,2.326168454573465
-0.4963359509656553,0.30307845240624126,-0.0501228067615366,-0.5099030033569453,0.3644422125732069,-0.38403764934468565,0.6019695554470333,-0.6241447211982805,-0.8048188509126878,0.04656437915510272,-0.18505104766422883,-0.488768057822691,0.3450593965492082,0.059679678469794134,0.09657870440322093,-0.19781394211430053,0.7402461858936442,-0.2596573254810327,0.2535992583171108,-0.5279752148227653,-0.05825516755355881,-0.17753788060252879,0.36016450267766825,-0.9501618288411973,-0.1750333299572609,0.47029602986723845,-0.5707011028377277,-1.2542100769015063,-1.1202463708890318,-0.4337531221635613,0.4261528203879128,0.73617539487866,0.8652916452991015,-0.47538578099432705,0.7341003835674107,-0.16190927414133666,0.3706689520302221,-0.1690991832929564,0.10029109807928901,-0.3420621494320362,0.7613608914395616,0.2864612672324804,-1.005889165197691,-1.056275555445868
-1.3696117193702835,0.8386258335175448,-0.03978216566456498,-1.0892541294467109,1.3693838320678557,-0.8473888961286533,1.349743266601885,-1.2780232346745262,-1.8237942588931793,-0.13464440461895683,-0.46578004218046826,-0.9005636067836343,1.0843546900504801,0.7358268799117427,0.5461196161653282,-0.6677977680827453,1.5994184168853665,-0.5253130131879051,0.0919772628396496,-1.012785602203616,-0.09108309203615061,-0.4807531010559902,1.1244834836586657,-1.8442520735852532,-0.6980447865018925,0.8313169487874426,-1.4184011590171561,-2.5736315420966087,-2.3290520770376215,-0.8877284130017503,0.73617539487866,1.4551574475367417,2.1114692556469072,-0.7044244080257435,1.4818601216808924,-0.5379363867725168,0.7541653004117265,-0.03522690916600113,0.052869264698522725,-0.8014978661907044,1.443589424768792,0.42019170836028796,-2.672939452060102,-2.5335007448244
-2.556841298830424,1.7657040100657366,0.39196374339215556,-1.2712035966265325,4.120159314224715,-0.894182518185763,2.306649925468566,-2.89777651401612,-2.974702652024662,0.1010081592112455,-1.2740356283968006,0.1390207531914157,1.7495437028426883,2.934293232178359,2.7100548513264973,-1.9046081636766878,2.1344881918923053,-1.230786708869026,-1.2801714165045093,-2.143902072219305,0.0630688913994354,-1.2412386351568374,1.9269644904312895,-1.5210462950655779,-2.021594411802557,1.0074899943869342,-2.8163460625407275,-4.409703331062234,-3.8199003990877403,-0.5577787446519938,0.8652916452991015,2.1114692556469072,5.316155122366501,0.1665452127554557,1.4898670888817276,-0.9311231013232683,1.3371481177223585,1.340851050794783,-0.26456774617301976,-0.25411297988417075,1.143752480434554,-0.6164370053498415,-5.211245883418217,-3.848451509081653
0.35675948111729106,-0.05711185948632708,0.23279277351595593,0.6941531525450348,0.5143627753686422,0.5542741788217344,-0.4303458069010199,0.03941680684549597,0.7134499452119435,0.22247038752865023,-0.06930968190981214,1.152512285112178,-0.46568583151258264,0.6214378883770532,0.7941145455681231,-0.21986951298561397,-0.8084979697722274,-0.009541214601196852,-0.901566080910705,0.16716603418098017,0.17142080793289724,-0.019683329440383018,-0.40075396949938663,1.5368422068123968,-0.14205726507587413,-0.4699405735823611,0.25542667176638983,0.9272919821210416,0.9264155733872251,0.854070612292947,-0.47538578099432705,-0.7044244080257435,0.1665452127554557,1.071957180800966,-1.1007974698390823,0.20929880996533673,-0.2831603354823264,0.7798514168503717,-0.2640039658243635,0.8317213323421463,-1.2237211816124574,-0.7851293127249325,0.584852759628346,1.1163992521014978
-1.7696235798263968,0.9192247821043237,-0.1691959298417815,-1.388686947805919,1.1863350744053023,-1.2692487581549339,1.4780272191920776,-0.7160533339601841,-2.0991812192321873,-0.7569707716826705,-0.34087311511350904,-1.6095817193971125,1.7259904864134294,0.7315253599894102,0.060686397595585015,-0.5081387211526761,1.963895050705649,-0.2871757166874489,0.2543884277891612,-0.5788349393678336,-0.16695574692407072,-0.5044269753420256,1.6895485062094744,-2.55213057431607,-0.7447728518738642,0.770684565083475,-1.575039395894199,-2.3250512378950083,-2.30986574270809,-1.4619035516845016,0.7341003835674107,1.4818601216808924,1.4898670888817276,-1.1007974698390823,2.0364282316156608,-0.9904786600423351,0.6282704835367591,-0.3566507422026126,-0.0314531064185941,-1.5955655558821291,2.015519119154687,0.9059760037827539,-3.149066714824841,-3.334777623890697
1.3743995335716113,-0.7032347066176661,-0.06192118069223186,0.5721936839427413,-1.2491496048633348,0.7874049159422497,-0.8920617751692069,0.12246251953601335,1.1727534811932392,0.8409590773527895,0.31476938134413085,0.54116777171918,-1.3902741513521304,-1.2313129984714426,-0.5378828552704258,0.3955086006085393,-0.9483437482239097,0.08667410866584191,0.49990240543382725,0.030179406425062758,0.015432203868902592,0.57763628053408,-1.32813614626097,1.0563804880517875,0.8087795590582291,-0.05886404698464657,1.1682427026264603,0.7246058837705084,0.9370864154357159,0.7884750154685595,-0.16190927414133666,-0.5379363867725168,-0.9311231013232683,0.20929880996533673,-0.9904786600423351,1.0568314183094352,-0.1246306082114772,-0.2567065480023745,0.3533332335011906,0.9626766741366918,-0.8850213623424991,-0.23941303879096992,2.276027371740744,2.185801808723442
-0.6236909870746115,0.4017059692358394,0.020074436391515307,-0.5308862863388978,0.8272295674005444,-0.2892161593148671,0.6354474103811394,-0.8299972997984907,-0.9073955887443853,0.10072539100710579,-0.2832389579717335,-0.26714128169858875,0.44544490166836154,0.43876404539339087,0.3977691607331143,-0.43383900673806736,0.7252444501775466,-0.32622458222849554,0.03838869280260701,-0.679806012496826,-0.048410415812592665,-0.22758547536445523,0.4893560887273406,-0.7821163181830909,-0.4206789741434433,0.4364700248425473,-0.6734915069077725,-1.505069878293676,-1.2749517043853282,-0.31180852294381206,0.3706689520302221,0.7541653004117265,1.3371481177223585,-0.2831603354823264,0.6282704835367591,-0.1246306082114772,0.4917506285261835,0.07813618326130879,0.10044554846278109,-0.18589629909453587,0.5753491552089967,0.024047605721614154,-1.331454103794944,-1.100573341438667
-0.5010182661870193,0.41437655241208277,0.2873646870611318,0.1849024614405127,1.431065527685486,0.11305537159486824,0.2759154903832476,-0.5321813301782967,-0.2527845323178019,0.014882401087438279,-0.3763747765713658,0.8458017363751353,0.2775787802750953,1.3189545640538884,1.24011177710609,-0.5905692246841058,-0.06489404941146344,-0.2534662635298916,-1.0078078454482653,-0.29544365037098325,0.13265867487008204,-0.39637901842365414,0.33780558202574923,0.6810293917923574,-0.6953832920521451,-0.1877057188431183,-0.5686896891630454,-0.27246830925041154,-0.20996504556979692,0.37967854084497116,-0.1690991832929564,-0.03522690916600113,1.340851050794783,0.7798514168503717,-0.3566507422026126,-0.2567065480023745,0.07813618326130879,0.9142149153842394,-0.30882177124481286,0.42372882906538445,-0.54449206492874,-0.7170315544518618,-1.011326906563101,-0.31120821390801706
0.39507530696708815,-0.24443445008593104,-0.07776045569153502,-0.013853548907864655,-0.5583981523115931,0.15926128655314548,-0.19171884166503908,-0.04656163710707783,0.18462803260397398,0.2938564702601226,0.10625221862649113,-0.09500862002345889,-0.37110264183142033,-0.60336126834275,-0.39858802219167316,0.17927807435760984,-0.11787815797293515,0.008079108052683092,0.4854400608330123,-0.12381733107133314,-0.05227555899856904,0.20225711619511894,-0.368372241872046,-0.07619955476807945,0.29315524686409355,0.13162442425932924,0.3420044138205322,-0.14326374236567754,-0.02175684386760782,0.04749565243517386,0.10029109807928901,0.052869264698522725,-0.26456774617301976,-0.2640039658243635,-0.0314531064185941,0.3533332335011906,0.10044554846278109,-0.30882177124481286,0.25252035797001227,0.16560258932197314,0.03235609689228954,0.08096881024782308,0.613936605539501,0.47386554677916254
1.4141946719677156,-0.6634866568212442,0.23498058182063458,1.0652710173884306,-0.6408966541870112,1.1232827343628833,-0.9558022391663765,-0.14882553355306374,1.4291422426284568,1.0627097324216497,0.048624492537624776,1.597930860010513,-1.6137629895746362,-0.5059970853224911,0.35588608141566624,0.23197217072607934,-1.4906368658848086,-0.07671748717703758,-0.11853441723922303,-0.16261725921131742,0.14399904086571394,0.2600974325527006,-1.5453294626967171,2.014504557398464,0.4767119720189955,-0.36053556360946126,1.0566387720967707,0.9905985113534674,1.2036621217975487,1.3107795437674097,-0.3420621494320362,-0.8014978661907044,-0.25411297988417075,0.8317213323421463,-1.5955655558821291,0.9626766741366918,-0.18589629909453587,0.42372882906538445,0.16560258932197314,1.6947559674885766,-1.5827626183440355,-0.9814567366850518,2.291581974585962,2.6530737288756248
-1.5543025751296318,0.784524260002315,-0.21888573095092848,-1.3402814400813874,0.7853441708399401,-1.2364697013440664,1.3706546151004135,-0.6050765708869608,-1.9355452416660575,-0.6861447563056424,-0.25267780552618246,-1.6978734497996353,1.5295134219891335,0.37031708832718785,-0.19107241371575404,-0.33419103497455566,1.8805981861918664,-0.24274610115260273,0.47241403577447283,-0.5155573636966512,-0.17876965088547261,-0.40994820350073685,1.4812878133117007,-2.5746976206888514,-0.5245570989076783,0.7971439366424212,-1.386486794756444,-2.1631524695788444,-2.166137438917852,-1.4626919987728872,0.7613608914395616,1.443589424768792,1.143752480434554,-1.2237211816124574,2.015519119154687,-0.8850213623424991,0.5753491552089967,-0.54449206492874,0.03235609689228954,-1.5827626183440355,2.0536832233041675,1.0305352846467692,-2.735862838300996,-3.092165247204303
-0.31394882646004957,0.08415358783927888,-0.28178211899341726,-0.5709169013544927,-0.5498914468842122,-0.5842432251357828,0.3120206274141327,0.2890535734296293,-0.4950898818906112,-0.4187891046487926,0.19460303838615736,-1.2143957688374203,0.46852589142882467,-0.6018989213718992,-0.8325150233582606,0.22673999397258474,0.7508296930523856,0.13511190693256903,0.6045151923569915,0.20763834015659535,-0.12378451178372946,0.12598414848406977,0.42082525317940606,-1.2835693526292569,0.25754586514388333,0.3357368147622158,-0.16887799249840574,-0.322568827943423,-0.4448301364993744,-0.768645177382076,0.2864612672324804,0.42019170836028796,-0.6164370053498415,-0.7851293127249325,0.9059760037827539,-0.23941303879096992,0.024047605721614154,-0.7170315544518618,0.08096881024782308,-0.9814567366850518,1.0305352846467692,0.9036755591692464,-0.3964111947411284,-0.9883458907084569
4.265643928266818,-2.506284268135653,-0.17344042747102606,2.33283243519329,-4.927839449994344,2.16768019575468,-3.2352745516606065,2.2605048356541975,4.413459701239628,1.4541600388858322,1.2840469241833057,1.5581736704847386,-3.8367343134151732,-3.836165395924784,-2.3287697272557732,2.116429815488877,-3.607649116448975,0.9550422058894663,1.4141974329100255,1.5627136663148942,0.08344172620583769,1.5918929837102056,-3.8911276160085797,3.5471578084653976,2.705208795903262,-1.084386088123414,3.962208460198279,4.865110960958668,4.694107687676003,2.0495965286073337,-1.005889165197691,-2.672939452060102,-5.211245883418217,0.584852759628346,-3.149066714824841,2.276027371740744,-1.331454103794944,-1.011326906563101,0.613936605539501,2.291581974585962,-2.735862838300996,-0.3964111947411284,7.835533635240052,6.846175360705301
3.824968135821962,-2.1428429566597824,0.0387970543009178,2.3338618413584804,-3.666195554223644,2.2684308918844063,-2.9518013658291817,1.6156137345399828,4.045259591995985,1.5755558653574038,0.9504646070936994,2.1637314011152733,-3.5917237883075743,-2.792098987525664,-1.337685301753397,1.5334435943397997,-3.5258481018642525,0.6853008650753443,0.7155557965821961,1.128133519546968,0.15675579946086252,1.3098380802529563,-3.5753048985566833,3.930829105928389,2.092003940025765,-1.1062756775998983,3.4635466445720224,4.216125119148719,4.216849706418731,2.326168454573465,-1.056275555445868,-2.5335007448244,-3.848451509081653,1.1163992521014978,-3.334777623890697,2.185801808723442,-1.100573341438667,-0.31120821390801706,0.47386554677916254,2.6530737288756248,-3.092165247204303,-0.9883458907084569,6.846175360705301,6.503609323389668
