V1,V2,V3,V4,V5,V6,V7,V8,V9,V10,V11,V12,V13,V14,V15,V16,V17,V18,V19,V20,V21,V22,V23,V24,V25,V26,V27,V28,V29,V30,V31,V32,V33,V34,V35,V36,V37,V38,V39,V40,V41,V42,V43,V44
2.366369083836238,2.46592826928786,-0.18166559572669477,0.07659540283808554,-2.098672084768627,-2.010164546797081,3.7015589990685243,-1.4519584879656247,-0.4921048613905686,-2.0391728394469273,2.532232196345049,-1.2629351902231087,1.697640316188457,-1.0339477806371935,-1.8910962596472387,-1.5372242563503535,-1.6473889250087994,1.7939359480237436,-1.231533335639626,-3.7570616695357426,0.873523202719603,-0.79854178261541775,-0.2534715002793124,-0.6173406334126915,2.0242766447543876,-0.38831546116959914,2.5207095977529352,0.15051137886279364,-0.048582383612262595,1.0959209763846762,-1.2860038235786684,3.251476968757183,1.121203532184594,3.895559358273325,-2.1263024806880044,-1.215705013862241,0.8331917780736052,0.11577673852125081,-2.0667864573236505,1.6623880513763634,0.1920009706917028,-1.1321678563645987,0.48769324191574365,-2.481476858039492
2.46592826928786,7.707904200910424,-0.010915930598340976,-0.3973771512949273,-3.084289208837024,-6.820767849864965,9.967014136960696,-0.07155051199769495,-1.8560198774717303,-9.174678361769944,6.775905233745842,-4.925257915059582,8.455727771353684,0.8573492067917098,-4.835257968647389,-3.9185252860588364,-3.6231548311217985,5.8865557403467195,-5.217999287472834,-5.764497683991838,2.1937210234743483,-2.4494784128488636,3.1412378992865437,-2.4468361034102277,3.5466308404905162,-2.9611529984718254,5.635756084742078,4.682687707415087,1.7956501567710763,1.0685957312479433,-4.720931182044739,7.286654984294793,0.2893118218319373,10.280444896686332,-4.307443781146681,-6.1707941741143815,0.8696379823143611,1.1931532071391704,-6.852702494932111,0.94335300308692,1.2675073782858024,-1.7863441390344095,-2.3284739484627743,-10.363159437042308
-0.18166559572669477,-0.010915930598340976,0.2133623721648127,-0.07919892872481678,0.11547485557807173,0.042619146783650044,-0.17988695564461316,-0.08202071220160322,-0.07385172564706066,0.23902755818312793,-0.09357889191785615,0.09251406116158135,-0.19114312585281487,-0.017692706214768143,0.15140614740112693,0.08942026258774481,0.15442874634424691,-0.19687804580932766,0.09586848007619339,0.20434961845249844,-0.0889099337291302,0.19814714469620814,-0.10714904756347256,0.03259322474580553,0.007667497964572818,0.09850791230718577,0.07680684555314785,0.007657425153381751,-0.17859514271845464,0.04486876056051141,0.15208875249039827,-9.375455674159993e-4,0.09062878144320666,-0.22442329632147645,0.07853753499549843,0.1270428810369343,0.06958927618232706,0.10439872301805285,0.08300650428266383,0.10262217327841305,-0.11944601505351732,0.11572219944440106,-0.003401423291938435,0.17262084416308546
0.07659540283808554,-0.3973771512949273,-0.07919892872481678,0.12545342719546893,0.08939253228908162,0.47482126504001765,-0.46995605855076195,-0.1319224283869274,0.1591908776748607,0.5961768277796161,-0.3445874287023478,0.34487851858716995,-0.5100140119322395,-0.1867547258696658,0.198536793238138,0.1471639318719128,0.041932455535720614,-0.3411942898396798,0.3678486764943507,0.11101444505046247,-0.029434108335559764,0.08564564557844645,-0.3118337676383047,0.15458480201091776,-0.05966031480839597,0.19512776046148006,-0.30689570546709416,-0.36609270159889473,-0.08917043881889855,0.004908348272300074,0.20493963880394084,-0.33637299761861106,0.030264850729322723,-0.49213026613531213,0.18863785754494858,0.3838806746892688,7.682520232892206e-4,-0.1158325079122259,0.4814112700845889,-0.008622798241982596,-0.04772983096616957,0.03819851324576928,0.24236681773046923,0.5490335357697698
-2.098672084768627,-3.084289208837024,0.11547485557807173,0.08939253228908162,2.228300111775228,2.907269231652813,-4.389514437555467,0.8819389820254093,0.8230225790934897,3.3536625359183754,-3.0627237609081477,1.8806904050992324,-2.84603717086294,0.5477142324791563,2.2435277293145237,1.7210461530117453,1.6278569275350567,-2.446477260358854,1.9640765575650958,3.657519116010413,-0.9140232974916401,1.048589751382153,-0.5389194427749354,0.9480215246365492,-1.9962552996595306,0.8301223458672438,-2.789500245394785,-1.0160202294724372,-0.3072005444139988,-0.8734155153344437,1.6935032132700427,-3.5222165559651173,-0.7835907622415977,-4.657363785546425,2.275254419279705,2.174081078506398,-0.6354307403811271,-0.29950316719269243,2.9527203973798235,-1.3200075668384574,-0.33362308465281854,1.1150880960080873,0.1780848038280492,3.639437291527856
-2.010164546797081,-6.820767849864965,0.042619146783650044,0.47482126504001765,2.907269231652813,6.542117472692928,-8.833847118650214,-0.42774787968300826,1.8845431753422786,8.830157528859788,-6.119466304074938,4.642498686518282,-7.977693695186993,-1.0168013761586794,4.375588914520076,3.405590173750806,2.896039567255516,-5.5259632898568265,5.032609397497539,4.864844051574169,-1.8058248492190254,2.2974160001809074,-3.2869327214528594,2.3221735032091515,-2.919526938236822,2.7884825307797376,-4.884681169734008,-4.479408590539658,-1.7940817001200673,-0.6869405588229239,4.212876720217117,-6.201201257419419,0.01924950786223753,-9.282066182518383,3.7688961375543846,5.979780104942998,-0.4897717273868731,-1.090139779338384,6.581242399481906,-0.5487843730865923,-1.1252737127791352,1.536216116188878,2.449754656554616,9.468617932175215
3.7015589990685243,9.967014136960696,-0.17988695564461316,-0.46995605855076195,-4.389514437555467,-8.833847118650214,13.33088915237933,-0.5440500156676189,-2.2306335520326117,-11.708774989386272,8.947159450086014,-6.463451717845096,10.650881170940902,0.7630565380775536,-6.436084523470537,-5.162352332914167,-5.009028845487349,7.771634643896985,-6.647568260045548,-8.270932486837731,2.8948301067270834,-3.324244668272753,3.7357343115698654,-3.165153726446736,4.7700186812375724,-3.743158638382362,7.605522202121396,5.595587967554242,2.1864273312458886,1.6095143634167641,-6.111430797025544,9.912818344963156,0.7218689558545058,13.636981790383484,-5.9521800772201985,-7.700299517805857,1.3187627421405634,1.3853504418402984,-8.962086642142063,1.7656501962764264,1.762350726201262,-2.6108957915769655,-2.496326486911605,-13.165397201040664
-1.4519584879656247,-0.07155051199769495,-0.08202071220160322,-0.1319224283869274,0.8819389820254093,-0.42774787968300826,-0.5440500156676189,1.8759321042323776,-0.2200187855727322,-1.516555702232143,-0.2776276125792896,-0.4248379536773443,1.4978303473386185,1.4377245356742578,0.1573362365054339,0.25197335598631043,0.6002876154077287,0.38280358363445055,-0.740542057774185,1.9763135972632742,-0.14350447104754604,-0.2467070058184444,1.650977557204939,-0.25603543068813195,-1.0053368010887416,-0.7245096183993187,-1.0385254276984912,1.5355851846626247,0.9641583271023978,-1.0029144398886773,-0.36439804788283153,-1.2998240453425403,-1.3757992266517396,-0.3976050675411621,0.8291758191132576,-1.2636327932607057,-0.862847498359114,0.16030909034393384,-0.38955318069269707,-1.802060913467153,0.26075164484147,0.5252207929195777,-1.5380839492387042,-1.1653214437201251
-0.4921048613905686,-1.8560198774717303,-0.07385172564706066,0.1591908776748607,0.8230225790934897,1.8845431753422786,-2.2306335520326117,-0.2200187855727322,0.6798612197395452,2.4865804939874407,-1.650866533660225,1.219100491689108,-2.2498466042323786,-0.28122823978165423,1.1639583365161343,0.8972621381487963,0.5831240764966811,-1.4530196527894057,1.44782766121541,1.139414469304564,-0.4350212827434878,0.5410545754205903,-0.9616592828257086,0.6399057619661375,-0.8108645092852288,0.7279411097995948,-1.2750423117906535,-1.3127701915565304,-0.47361252713470636,-0.13616490887298782,1.0825739813026451,-1.5173579873286687,0.0641584187397144,-2.4697324874095505,0.9321112288446566,1.7720523752928357,-0.06331943432039486,-0.3642441512786261,1.8521084706037891,-0.044382393180546896,-0.17475771645208618,0.32225417097956077,0.8297739529814596,2.6072161044728004
-2.0391728394469273,-9.174678361769944,0.23902755818312793,0.5961768277796161,3.3536625359183754,8.830157528859788,-11.708774989386272,-1.516555702232143,2.4865804939874407,12.621565728722027,-8.08454225491071,6.430777499780298,-11.552707491759508,-2.1315301555063684,5.866147110425894,4.541630410175,3.8298302866431917,-7.654402958652084,7.079632951505362,5.6251326614327315,-2.494246045791121,3.3224203368243246,-5.244525996409708,3.2235032897987663,-3.4399160145611796,4.19259074067794,-5.955799796749749,-6.803431467337844,-3.028991715798957,-0.4242819554695683,6.001989038326911,-7.715995046214505,0.7848420982224433,-12.334780512522222,4.651785856934575,8.649455251334855,-0.2418955000990095,-1.4746374045433144,8.880831010596886,0.28607933852322287,-1.7658391184115356,1.8569783567992322,4.035071614069891,13.461495508983674
2.532232196345049,6.775905233745842,-0.09357889191785615,-0.3445874287023478,-3.0627237609081477,-6.119466304074938,8.947159450086014,-0.2776276125792896,-1.650866533660225,-8.08454225491071,6.112543499848554,-4.3688077768523215,7.335975530631538,0.51250730517646,-4.382730414667254,-3.506344862201706,-3.244378069205094,5.295090782033558,-4.616417080609391,-5.53178641474349,1.9377190629297691,-2.231382551006771,2.611179989155742,-2.1625198881742604,3.2550102919727406,-2.5308847007928956,5.122282724069952,3.8602485719031057,1.4948262236373737,1.056819932908972,-4.120675686508366,6.601576019833602,0.4388362881188464,9.292040232498891,-3.997011686022961,-5.381669061978787,0.8217983977226144,0.970305498636452,-6.177086817076665,1.1076335544690847,1.0874023325674214,-1.7359594684177255,-1.8304107601060686,-8.989346962587755
-1.2629351902231087,-4.925257915059582,0.09251406116158135,0.34487851858716995,1.8806904050992324,4.642498686518282,-6.463451717845096,-0.4248379536773443,1.219100491689108,6.430777499780298,-4.3688077768523215,3.4575849352097605,-5.841212070072164,-0.9336541146712629,3.1399865969863536,2.4610061462914667,2.2086447829592943,-4.0477107493457725,3.638697547497769,3.400463640164685,-1.3253931095928015,1.7197416254977416,-2.50825455177159,1.6835506151429007,-1.9583651928126202,2.125986240702462,-3.471207218120764,-3.3407909834498604,-1.4097735500621906,-0.433363272112256,3.1443171443592726,-4.494258154026705,0.10620904796073255,-6.67387477330682,2.7077856278836436,4.277000099028601,-0.34084139589940865,-0.7723045650565071,4.714283485141613,-0.29234310397526436,-0.9659929699296473,1.109588353065725,1.8014149273298683,6.928281548484967
1.697640316188457,8.455727771353684,-0.19114312585281487,-0.5100140119322395,-2.84603717086294,-7.977693695186993,10.650881170940902,1.4978303473386185,-2.2498466042323786,-11.552707491759508,7.335975530631538,-5.841212070072164,10.6876776945062,2.085381604313805,-5.326585463358514,-4.171607011745276,-3.5421699392786814,6.941674255022385,-6.458176407802007,-4.909904697338871,2.3345509840341463,-3.0143891752067598,4.877477964427539,-2.9412226471608176,3.122749639575552,-3.8991497434482243,5.348916718468869,6.404844529431559,2.8530419774057565,0.33714708476238897,-5.571771614728628,6.971647371119399,-0.840542411626592,11.190213502392124,-4.137586383103817,-7.969923308305687,0.20077347021455508,1.3940869853091795,-7.996346797834233,-0.4645561757295229,1.6416559134622222,-1.6095882887214292,-3.835241452899665,-12.488110191803294
-1.0339477806371935,0.8573492067917098,-0.017692706214768143,-0.1867547258696658,0.5477142324791563,-1.0168013761586794,0.7630565380775536,1.4377245356742578,-0.28122823978165423,-2.1315301555063684,0.51250730517646,-0.9336541146712629,2.085381604313805,1.3382933914643367,-0.36242078935982475,-0.24281579178280263,-0.02235602543071795,0.9379834114635152,-1.119322536583084,0.9753488089445885,0.1414252693997963,-0.4361207819767859,1.6566081225052818,-0.4637050850248951,-0.4549020981290553,-0.9428392583120613,-0.11733718234877445,1.7843777884817642,0.9412590682420197,-0.6406552345664935,-0.8509351615154294,-0.08001426445388951,-1.020540905550852,0.7923384277816926,0.15493725153575044,-1.55984539978537,-0.5102337710374415,0.2903988544614916,-1.0094886548222868,-1.2698274080344534,0.4192159829885192,0.2255190664623523,-1.4433128713614396,-2.0869116627658286
-1.8910962596472387,-4.835257968647389,0.15140614740112693,0.198536793238138,2.2435277293145237,4.375588914520076,-6.436084523470537,0.1573362365054339,1.1639583365161343,5.866147110425894,-4.382730414667254,3.1399865969863536,-5.326585463358514,-0.36242078935982475,3.211370400221542,2.539072157615557,2.3706745530203484,-3.8410948151312865,3.3288307945058544,4.031348691298597,-1.4224096083542639,1.6708348185525814,-1.901117664760609,1.5512121304114774,-2.342687528069352,1.8497796941180735,-3.604253551855082,-2.75789214717354,-1.1453966592161635,-0.730207336856379,2.997728691603902,-4.697023131897333,-0.26752919546583914,-6.701677332840056,2.8639671641534683,3.914903914557032,-0.5560510195085208,-0.6487944539488629,4.425861478083491,-0.7328395115073558,-0.8268669521726254,1.2658518125521052,1.3105906030372731,6.50162943781476
-1.5372242563503535,-3.9185252860588364,0.08942026258774481,0.1471639318719128,1.7210461530117453,3.405590173750806,-5.162352332914167,0.25197335598631043,0.8972621381487963,4.541630410175,-3.506344862201706,2.4610061462914667,-4.171607011745276,-0.24281579178280263,2.539072157615557,2.0776640516334965,1.958063114110911,-3.0013880774946946,2.5990923864500464,3.2621117320800073,-1.1707971448732062,1.2717018543786829,-1.4166579694796633,1.2034272261340742,-1.9416863924812877,1.4361935815430633,-2.945573867477729,-2.1542875097141745,-0.8593789345694601,-0.6639938046349451,2.409490219863657,-3.8328027532310047,-0.2930953400492585,-5.363313030328734,2.3209141748114637,3.0100966863078162,-0.522116300770236,-0.5461232282448769,3.4416005666663025,-0.656143632453782,-0.6268667320838206,1.0148958986844738,0.9909264598531605,5.163579337623038
-1.6473889250087994,-3.6231548311217985,0.15442874634424691,0.041932455535720614,1.6278569275350567,2.896039567255516,-5.009028845487349,0.6002876154077287,0.5831240764966811,3.8298302866431917,-3.244378069205094,2.2086447829592943,-3.5421699392786814,-0.02235602543071795,2.3706745530203484,1.958063114110911,2.168929079969222,-2.719809043491194,2.135021406105799,3.4280715298861812,-1.187112424265941,1.2384360885305337,-0.9752305684889078,1.0688453406174268,-1.9226474909267577,1.262389589209165,-2.879689798083575,-1.7054210943752013,-0.6886693805809216,-0.7865169454753375,2.25118688445788,-3.88263596645319,-0.4880761393145901,-4.9810614051076145,2.302880727365303,2.4444107164186457,-0.6850124701454195,-0.40426442585667316,2.9647404350553086,-0.9253393207789873,-0.7189018208326844,1.0911026314596546,0.5211627531057291,4.598390653767481
1.7939359480237436,5.8865557403467195,-0.19687804580932766,-0.3411942898396798,-2.446477260358854,-5.5259632898568265,7.771634643896985,0.38280358363445055,-1.4530196527894057,-7.654402958652084,5.295090782033558,-4.0477107493457725,6.941674255022385,0.9379834114635152,-3.8410948151312865,-3.0013880774946946,-2.719809043491194,4.865553407876127,-4.313917224305124,-4.324329169259767,1.6587255542711101,-2.126225066902673,2.866086848278514,-1.995763663884268,2.475691208629956,-2.4972365963103256,4.155137739983335,3.842409567157703,1.6742860676639826,0.5861913248230926,-3.770223455589124,5.414617030514498,-0.06687040976724797,8.09388873563304,-3.2977660800299353,-5.120358022203394,0.4275351990421884,0.8467555378848713,-5.601575502690576,0.41327793396761026,1.1242620275664474,-1.4187715302439052,-2.046245144459527,-8.260692423438854
-1.231533335639626,-5.217999287472834,0.09586848007619339,0.3678486764943507,1.9640765575650958,5.032609397497539,-6.647568260045548,-0.740542057774185,1.44782766121541,7.079632951505362,-4.616417080609391,3.638697547497769,-6.458176407802007,-1.119322536583084,3.3288307945058544,2.5990923864500464,2.135021406105799,-4.313917224305124,4.015806858001998,3.2945836913546036,-1.391179628076292,1.8222253871049283,-2.8864605100996266,1.8072368978125621,-2.0167144527681615,2.3140727645755135,-3.4750206186146544,-3.7622555669003175,-1.6272974506825277,-0.3167468369980681,3.354863396696687,-4.451084977810569,0.3319278150399949,-7.041024046592811,2.7041395032922297,4.827161102335731,-0.19019193815075655,-0.8578447734980122,5.0640861526587715,0.024411901787869752,-0.9331748126667119,1.0681709487201188,2.218666741602894,7.536093843649865
-3.7570616695357426,-5.764497683991838,0.20434961845249844,0.11101444505046247,3.657519116010413,4.864844051574169,-8.270932486837731,1.9763135972632742,1.139414469304564,5.6251326614327315,-5.53178641474349,3.400463640164685,-4.909904697338871,0.9753488089445885,4.031348691298597,3.2621117320800073,3.4280715298861812,-4.324329169259767,3.2945836913546036,6.858302642675164,-1.8226839484595347,1.8564170045824002,-0.707569208772853,1.6234124363428748,-3.7092865349803636,1.5252046617971275,-5.286348242896704,-1.7223389403054032,-0.4753813264677099,-1.8159268648245357,3.2268272233394204,-6.862234914083484,-1.6454178078294024,-8.46100533385422,4.2814916479712934,3.4625440178601896,-1.4568316207771397,-0.5440976960236981,4.998403718517217,-2.65196260872313,-0.7890636557610602,2.1031479740718546,0.012474347038934894,6.577483917870209
0.873523202719603,2.1937210234743483,-0.0889099337291302,-0.029434108335559764,-0.9140232974916401,-1.8058248492190254,2.8948301067270834,-0.14350447104754604,-0.4350212827434878,-2.494246045791121,1.9377190629297691,-1.3253931095928015,2.3345509840341463,0.1414252693997963,-1.4224096083542639,-1.1707971448732062,-1.187112424265941,1.6587255542711101,-1.391179628076292,-1.8226839484595347,0.7150128029687929,-0.7538398829908662,0.7635648660369627,-0.6615225065293091,1.0975917053160862,-0.8254659116796299,1.5896627618342765,1.2137679073941998,0.5211960764041553,0.3675105553937805,-1.3886219145393706,2.1395289368333983,0.12630352987676238,2.9658804225984117,-1.2631507203455674,-1.6742438736500822,0.297515710858945,0.2713688949117034,-1.8186666822697235,0.3066902741285059,0.39829362104130106,-0.5763056112354554,-0.5382694746098913,-2.933306121979776
-0.79854178261541775,-2.4494784128488636,0.19814714469620814,0.08564564557844645,1.048589751382153,2.2974160001809074,-3.324244668272753,-0.2467070058184444,0.5410545754205903,3.3224203368243246,-2.231382551006771,1.7197416254977416,-3.0143891752067598,-0.4361207819767859,1.6708348185525814,1.2717018543786829,1.2384360885305337,-2.126225066902673,1.8222253871049283,1.8564170045824002,-0.7538398829908662,1.0210325519487558,-1.269336760082382,0.8573369041481524,-1.0023827789204227,1.1205136720506286,-1.6460717245205254,-1.6417422512278714,-0.8203931182318919,-0.18944499175695062,1.6598161667868438,-2.2372705128689505,0.12409144264711344,-3.4397448294094723,1.370603679168651,2.2299332187771563,-0.12602743146534284,-0.2825235833971919,2.3420604275082346,-0.06250292557303759,-0.5706376759795874,0.6403797655807884,0.8696159350569429,3.570483982552092
-0.2534715002793124,3.1412378992865437,-0.10714904756347256,-0.3118337676383047,-0.5389194427749354,-3.2869327214528594,3.7357343115698654,1.650977557204939,-0.9616592828257086,-5.244525996409708,2.611179989155742,-2.50825455177159,4.877477964427539,1.6566081225052818,-1.901117664760609,-1.4166579694796633,-0.9752305684889078,2.866086848278514,-2.8864605100996266,-0.707569208772853,0.7635648660369627,-1.269336760082382,2.8231004420122097,-1.2630794928935498,0.545242899574668,-1.897203672002448,1.4621023242840419,3.2976955309727027,1.6169961898876148,-0.450059810686454,-2.301845949200151,1.9193116227101428,-1.0869334101515316,4.002726740770668,-1.1160202714885397,-3.694017118005038,-0.41236703901551675,0.6287789402730534,-3.2925631300938307,-1.1663390931874058,0.78543459742962,-0.31408344363132984,-2.3200647091739315,-5.343388546753812
-0.6173406334126915,-2.4468361034102277,0.03259322474580553,0.15458480201091776,0.9480215246365492,2.3221735032091515,-3.165153726446736,-0.25603543068813195,0.6399057619661375,3.2235032897987663,-2.1625198881742604,1.6835506151429007,-2.9412226471608176,-0.4637050850248951,1.5512121304114774,1.2034272261340742,1.0688453406174268,-1.995763663884268,1.8072368978125621,1.6234124363428748,-0.6615225065293091,0.8573369041481524,-1.2630794928935498,0.8517847216455897,-0.9814687542182925,1.0555301641291917,-1.6811907861655158,-1.708453722981373,-0.7157194422869502,-0.18389589304622858,1.5585578942054967,-2.167147241638981,0.10102580616635431,-3.2830114370934553,1.295603714101841,2.1946953696732754,-0.137033226871837,-0.3916945020762412,2.3349727042408865,-0.07944641936090785,-0.46257994270309516,0.5242266395727492,0.9486826444303973,3.4856204341027524
2.0242766447543876,3.5466308404905162,0.007667497964572818,-0.05966031480839597,-1.9962552996595306,-2.919526938236822,4.7700186812375724,-1.0053368010887416,-0.8108645092852288,-3.4399160145611796,3.2550102919727406,-1.9583651928126202,3.122749639575552,-0.4549020981290553,-2.342687528069352,-1.9416863924812877,-1.9226474909267577,2.475691208629956,-2.0167144527681615,-3.7092865349803636,1.0975917053160862,-1.0023827789204227,0.545242899574668,-0.9814687542182925,2.2337457118475474,-0.9423520155724975,3.053578456210208,1.312173424218195,0.3354727003205984,1.0028636118928824,-1.9559691397602452,3.9111653863843845,0.824456063315401,4.931501440735133,-2.371465375980696,-2.259647738307575,0.8062089558547793,0.44608706383616376,-2.927312436483692,1.3155854350990466,0.3807082620420234,-1.0815828283660947,-0.29138640972226626,-4.156333723630763
-0.38831546116959914,-2.9611529984718254,0.09850791230718577,0.19512776046148006,0.8301223458672438,2.7884825307797376,-3.743158638382362,-0.7245096183993187,0.7279411097995948,4.19259074067794,-2.5308847007928956,2.125986240702462,-3.8991497434482243,-0.9428392583120613,1.8497796941180735,1.4361935815430633,1.262389589209165,-2.4972365963103256,2.3140727645755135,1.5252046617971275,-0.8254659116796299,1.1205136720506286,-1.897203672002448,1.0555301641291917,-0.9423520155724975,1.4883643475633814,-1.7725981672997277,-2.418466396902691,-1.125969961568125,-0.013503736381675877,2.02653717310437,-2.3757100255871038,0.4444317935693321,-3.8721572008059293,1.3759041866036097,2.877070526708963,-0.0032258794321308407,-0.48226299164741077,2.8101381601290996,0.34574107336858656,-0.6823503646297016,0.5307487630906229,1.4704171448828594,4.516779742283178
2.5207095977529352,5.635756084742078,0.07680684555314785,-0.30689570546709416,-2.789500245394785,-4.884681169734008,7.605522202121396,-1.0385254276984912,-1.2750423117906535,-5.955799796749749,5.122282724069952,-3.471207218120764,5.348916718468869,-0.11733718234877445,-3.604253551855082,-2.945573867477729,-2.879689798083575,4.155137739983335,-3.4750206186146544,-5.286348242896704,1.5896627618342765,-1.6460717245205254,1.4621023242840419,-1.6811907861655158,3.053578456210208,-1.7725981672997277,4.759059036719611,2.5819859376406393,0.7442046396328741,1.3061387156115885,-3.1901097000365293,6.0691188311119815,0.9939720551045169,7.742990169954061,-3.645407581169079,-3.822357007465269,1.0923268012031344,0.8003914536183708,-4.952307997466106,1.7636021140006162,0.7857682354665289,-1.6028477841007431,-0.8579315540352547,-6.858748862990989
0.15051137886279364,4.682687707415087,0.007657425153381751,-0.36609270159889473,-1.0160202294724372,-4.479408590539658,5.595587967554242,1.5355851846626247,-1.3127701915565304,-6.803431467337844,3.8602485719031057,-3.3407909834498604,6.404844529431559,1.7843777884817642,-2.75789214717354,-2.1542875097141745,-1.7054210943752013,3.842409567157703,-3.7622555669003175,-1.7223389403054032,1.2137679073941998,-1.6417422512278714,3.2976955309727027,-1.708453722981373,1.312173424218195,-2.418466396902691,2.5819859376406393,4.233413074287116,1.8774319146770813,-0.19157962779882,-3.18269541965394,3.369162201980014,-0.9896274514561244,5.845538721378495,-1.879431238838077,-4.802814520161832,-0.16758139687123594,0.9148199269718001,-4.4463698577208,-0.9597524845741066,0.994122174875914,-0.5842064414818933,-2.7521872245439702,-7.335248124932561
-0.048582383612262595,1.7956501567710763,-0.17859514271845464,-0.08917043881889855,-0.3072005444139988,-1.7940817001200673,2.1864273312458886,0.9641583271023978,-0.47361252713470636,-3.028991715798957,1.4948262236373737,-1.4097735500621906,2.8530419774057565,0.9412590682420197,-1.1453966592161635,-0.8593789345694601,-0.6886693805809216,1.6742860676639826,-1.6272974506825277,-0.4753813264677099,0.5211960764041553,-0.8203931182318919,1.6169961898876148,-0.7157194422869502,0.3354727003205984,-1.125969961568125,0.7442046396328741,1.8774319146770813,1.0272288227128608,-0.2755895606091513,-1.4074364082670752,1.0678792226739162,-0.6866018413260162,2.33595656993682,-0.632003335265164,-2.143007497936346,-0.2574070714542291,0.297553316344266,-1.8046036272783128,-0.7644566374662821,0.519783042749966,-0.22015364097349746,-1.3118770081025966,-3.148735572699241
1.0959209763846762,1.0685957312479433,0.04486876056051141,0.004908348272300074,-0.8734155153344437,-0.6869405588229239,1.6095143634167641,-1.0029144398886773,-0.13616490887298782,-0.4242819554695683,1.056819932908972,-0.433363272112256,0.33714708476238897,-0.6406552345664935,-0.730207336856379,-0.6639938046349451,-0.7865169454753375,0.5861913248230926,-0.3167468369980681,-1.8159268648245357,0.3675105553937805,-0.18944499175695062,-0.450059810686454,-0.18389589304622858,1.0028636118928824,-0.013503736381675877,1.3061387156115885,-0.19157962779882,-0.2755895606091513,0.6819172270387474,-0.4342739387977548,1.6629366577930087,0.7743706091788485,1.59083247847293,-1.0174810966671821,-0.1505092096721551,0.5740759572833062,0.07561971011795127,-0.7124309521393564,1.0820707955573388,0.019358538975585447,-0.5170135829015023,0.4977565347849367,-0.7600676489186972
-1.2860038235786684,-4.720931182044739,0.15208875249039827,0.20493963880394084,1.6935032132700427,4.212876720217117,-6.111430797025544,-0.36439804788283153,1.0825739813026451,6.001989038326911,-4.120675686508366,3.1443171443592726,-5.571771614728628,-0.8509351615154294,2.997728691603902,2.409490219863657,2.25118688445788,-3.770223455589124,3.354863396696687,3.2268272233394204,-1.3886219145393706,1.6598161667868438,-2.301845949200151,1.5585578942054967,-1.9559691397602452,2.02653717310437,-3.1901097000365293,-3.18269541965394,-1.4074364082670752,-0.4342739387977548,3.0837897112210517,-4.218970219158545,0.1566717865223322,-6.313622349964355,2.5081366288081974,4.052428469663569,-0.3417205413180192,-0.7051980767468908,4.250813806199684,-0.14269740133036599,-0.9318205130384458,1.0492046421114674,1.7170961729424625,6.692809818900659
3.251476968757183,7.286654984294793,-9.375455674159993e-4,-0.33637299761861106,-3.5222165559651173,-6.201201257419419,9.912818344963156,-1.2998240453425403,-1.5173579873286687,-7.715995046214505,6.601576019833602,-4.494258154026705,6.971647371119399,-0.08001426445388951,-4.697023131897333,-3.8328027532310047,-3.88263596645319,5.414617030514498,-4.451084977810569,-6.862234914083484,2.1395289368333983,-2.2372705128689505,1.9193116227101428,-2.167147241638981,3.9111653863843845,-2.3757100255871038,6.0691188311119815,3.369162201980014,1.0678792226739162,1.6629366577930087,-4.218970219158545,7.873355118133319,1.2120073151259145,10.011992303461795,-4.694486365757923,-4.939669388517394,1.4066727829954682,0.9655566582688317,-6.306134936043555,2.1854623669864797,1.1480690995114828,-2.1064718133387546,-1.0857055362442447,-8.96777896630209
1.121203532184594,0.2893118218319373,0.09062878144320666,0.030264850729322723,-0.7835907622415977,0.01924950786223753,0.7218689558545058,-1.3757992266517396,0.0641584187397144,0.7848420982224433,0.4388362881188464,0.10620904796073255,-0.840542411626592,-1.020540905550852,-0.26752919546583914,-0.2930953400492585,-0.4880761393145901,-0.06687040976724797,0.3319278150399949,-1.6454178078294024,0.12630352987676238,0.12409144264711344,-1.0869334101515316,0.10102580616635431,0.824456063315401,0.4444317935693321,0.9939720551045169,-0.9896274514561244,-0.6866018413260162,0.7743706091788485,0.1566717865223322,1.2120073151259145,1.0539958640874556,0.6403465701537923,-0.7768010976930715,0.7318173397899527,0.6609585799449472,-0.06443161065261303,-0.020160413745218136,1.414364986338353,-0.17301614585776456,-0.44546471044441194,1.05579188990172,0.5726105700203227
3.895559358273325,10.280444896686332,-0.22442329632147645,-0.49213026613531213,-4.657363785546425,-9.282066182518383,13.636981790383484,-0.3976050675411621,-2.4697324874095505,-12.334780512522222,9.292040232498891,-6.67387477330682,11.190213502392124,0.7923384277816926,-6.701677332840056,-5.363313030328734,-4.9810614051076145,8.09388873563304,-7.041024046592811,-8.46100533385422,2.9658804225984117,-3.4397448294094723,4.002726740770668,-3.2830114370934553,4.931501440735133,-3.8721572008059293,7.742990169954061,5.845538721378495,2.33595656993682,1.59083247847293,-6.313622349964355,10.011992303461795,0.6403465701537923,14.176789561689489,-6.1001316419872484,-8.180722511000102,1.2283173364817919,1.443953570594455,-9.392906908512451,1.6473914758133572,1.6961428293103298,-2.6666882962423233,-2.770204075574484,-13.68852191993292
-2.1263024806880044,-4.307443781146681,0.07853753499549843,0.18863785754494858,2.275254419279705,3.7688961375543846,-5.9521800772201985,0.8291758191132576,0.9321112288446566,4.651785856934575,-3.997011686022961,2.7077856278836436,-4.137586383103817,0.15493725153575044,2.8639671641534683,2.3209141748114637,2.302880727365303,-3.2977660800299353,2.7041395032922297,4.2814916479712934,-1.2631507203455674,1.370603679168651,-1.1160202714885397,1.295603714101841,-2.371465375980696,1.3759041866036097,-3.645407581169079,-1.879431238838077,-0.632003335265164,-1.0174810966671821,2.5081366288081974,-4.694486365757923,-0.7768010976930715,-6.1001316419872484,2.8913047320048553,2.9449677897642412,-0.8234760181206541,-0.5379258110173636,3.8537268922482086,-1.3835604997271014,-0.6524423011963205,1.3299368836039667,0.5786269656405132,5.276974884970892
-1.215705013862241,-6.1707941741143815,0.1270428810369343,0.3838806746892688,2.174081078506398,5.979780104942998,-7.700299517805857,-1.2636327932607057,1.7720523752928357,8.649455251334855,-5.381669061978787,4.277000099028601,-7.969923308305687,-1.55984539978537,3.914903914557032,3.0100966863078162,2.4444107164186457,-5.120358022203394,4.827161102335731,3.4625440178601896,-1.6742438736500822,2.2299332187771563,-3.694017118005038,2.1946953696732754,-2.259647738307575,2.877070526708963,-3.822357007465269,-4.802814520161832,-2.143007497936346,-0.1505092096721551,4.052428469663569,-4.939669388517394,0.7318173397899527,-8.180722511000102,2.9449677897642412,6.050247432036114,-0.03529717025884814,-1.031574886893482,5.963849178731926,0.48654157103468043,-1.1521456945184299,1.1285761071214249,2.9645515183104068,9.233548203822437
0.8331917780736052,0.8696379823143611,0.06958927618232706,7.682520232892206e-4,-0.6354307403811271,-0.4897717273868731,1.3187627421405634,-0.862847498359114,-0.06331943432039486,-0.2418955000990095,0.8217983977226144,-0.34084139589940865,0.20077347021455508,-0.5102337710374415,-0.5560510195085208,-0.522116300770236,-0.6850124701454195,0.4275351990421884,-0.19019193815075655,-1.4568316207771397,0.297515710858945,-0.12602743146534284,-0.41236703901551675,-0.137033226871837,0.8062089558547793,-0.0032258794321308407,1.0923268012031344,-0.16758139687123594,-0.2574070714542291,0.5740759572833062,-0.3417205413180192,1.4066727829954682,0.6609585799449472,1.2283173364817919,-0.8234760181206541,-0.03529717025884814,0.5145391754383019,0.0715265179177134,-0.5141216962862089,0.9278198915792603,0.042647093965729126,-0.41151827801433793,0.4530817704048413,-0.5749397495588555
0.11577673852125081,1.1931532071391704,0.10439872301805285,-0.1158325079122259,-0.29950316719269243,-1.090139779338384,1.3853504418402984,0.16030909034393384,-0.3642441512786261,-1.4746374045433144,0.970305498636452,-0.7723045650565071,1.3940869853091795,0.2903988544614916,-0.6487944539488629,-0.5461232282448769,-0.40426442585667316,0.8467555378848713,-0.8578447734980122,-0.5440976960236981,0.2713688949117034,-0.2825235833971919,0.6287789402730534,-0.3916945020762412,0.44608706383616376,-0.48226299164741077,0.8003914536183708,0.9148199269718001,0.297553316344266,0.07561971011795127,-0.7051980767468908,0.9655566582688317,-0.06443161065261303,1.443953570594455,-0.5379258110173636,-1.031574886893482,0.0715265179177134,0.27861239113026987,-1.0703086613902073,-0.013057683589983582,0.14896720357531903,-0.14453005141887418,-0.5554795159105619,-1.6595346339239037
-2.0667864573236505,-6.852702494932111,0.08300650428266383,0.4814112700845889,2.9527203973798235,6.581242399481906,-8.962086642142063,-0.38955318069269707,1.8521084706037891,8.880831010596886,-6.177086817076665,4.714283485141613,-7.996346797834233,-1.0094886548222868,4.425861478083491,3.4416005666663025,2.9647404350553086,-5.601575502690576,5.0640861526587715,4.998403718517217,-1.8186666822697235,2.3420604275082346,-3.2925631300938307,2.3349727042408865,-2.927312436483692,2.8101381601290996,-4.952307997466106,-4.4463698577208,-1.8046036272783128,-0.7124309521393564,4.250813806199684,-6.306134936043555,-0.020160413745218136,-9.392906908512451,3.8537268922482086,5.963849178731926,-0.5141216962862089,-1.0703086613902073,6.647466365993125,-0.6206919445964912,-1.1697685789863181,1.5943725933184942,2.3949158833750013,9.48980207215395
1.6623880513763634,0.94335300308692,0.10262217327841305,-0.008622798241982596,-1.3200075668384574,-0.5487843730865923,1.7656501962764264,-1.802060913467153,-0.044382393180546896,0.28607933852322287,1.1076335544690847,-0.29234310397526436,-0.4645561757295229,-1.2698274080344534,-0.7328395115073558,-0.656143632453782,-0.9253393207789873,0.41327793396761026,0.024411901787869752,-2.65196260872313,0.3066902741285059,-0.06250292557303759,-1.1663390931874058,-0.07944641936090785,1.3155854350990466,0.34574107336858656,1.7636021140006162,-0.9597524845741066,-0.7644566374662821,1.0820707955573388,-0.14269740133036599,2.1854623669864797,1.414364986338353,1.6473914758133572,-1.3835604997271014,0.48654157103468043,0.9278198915792603,-0.013057683589983582,-0.6206919445964912,1.9797388054925942,-0.08863282862895767,-0.7518827849069482,1.2457590996878136,-0.013109882598117593
0.1920009706917028,1.2675073782858024,-0.11944601505351732,-0.04772983096616957,-0.33362308465281854,-1.1252737127791352,1.762350726201262,0.26075164484147,-0.17475771645208618,-1.7658391184115356,1.0874023325674214,-0.9659929699296473,1.6416559134622222,0.4192159829885192,-0.8268669521726254,-0.6268667320838206,-0.7189018208326844,1.1242620275664474,-0.9331748126667119,-0.7890636557610602,0.39829362104130106,-0.5706376759795874,0.78543459742962,-0.46257994270309516,0.3807082620420234,-0.6823503646297016,0.7857682354665289,0.994122174875914,0.519783042749966,0.019358538975585447,-0.9318205130384458,1.1480690995114828,-0.17301614585776456,1.6961428293103298,-0.6524423011963205,-1.1521456945184299,0.042647093965729126,0.14896720357531903,-1.1697685789863181,-0.08863282862895767,0.43296257914833003,-0.294385091729072,-0.5105633152767147,-1.9502759654159967
-1.1321678563645987,-1.7863441390344095,0.11572219944440106,0.03819851324576928,1.1150880960080873,1.536216116188878,-2.6108957915769655,0.5252207929195777,0.32225417097956077,1.8569783567992322,-1.7359594684177255,1.109588353065725,-1.6095882887214292,0.2255190664623523,1.2658518125521052,1.0148958986844738,1.0911026314596546,-1.4187715302439052,1.0681709487201188,2.1031479740718546,-0.5763056112354554,0.6403797655807884,-0.31408344363132984,0.5242266395727492,-1.0815828283660947,0.5307487630906229,-1.6028477841007431,-0.5842064414818933,-0.22015364097349746,-0.5170135829015023,1.0492046421114674,-2.1064718133387546,-0.44546471044441194,-2.6666882962423233,1.3299368836039667,1.1285761071214249,-0.41151827801433793,-0.14453005141887418,1.5943725933184942,-0.7518827849069482,-0.294385091729072,0.6809204103551546,0.04767982860590614,2.1052932638753736
0.48769324191574365,-2.3284739484627743,-0.003401423291938435,0.24236681773046923,0.1780848038280492,2.449754656554616,-2.496326486911605,-1.5380839492387042,0.8297739529814596,4.035071614069891,-1.8304107601060686,1.8014149273298683,-3.835241452899665,-1.4433128713614396,1.3105906030372731,0.9909264598531605,0.5211627531057291,-2.046245144459527,2.218666741602894,0.012474347038934894,-0.5382694746098913,0.8696159350569429,-2.3200647091739315,0.9486826444303973,-0.29138640972226626,1.4704171448828594,-0.8579315540352547,-2.7521872245439702,-1.3118770081025966,0.4977565347849367,1.7170961729424625,-1.0857055362442447,1.05579188990172,-2.770204075574484,0.5786269656405132,2.9645515183104068,0.4530817704048413,-0.5554795159105619,2.3949158833750013,1.2457590996878136,-0.5105633152767147,0.04767982860590614,2.0663754658454434,4.1476076925559084
-2.481476858039492,-10.363159437042308,0.17262084416308546,0.5490335357697698,3.639437291527856,9.468617932175215,-13.165397201040664,-1.1653214437201251,2.6072161044728004,13.461495508983674,-8.989346962587755,6.928281548484967,-12.488110191803294,-2.0869116627658286,6.50162943781476,5.163579337623038,4.598390653767481,-8.260692423438854,7.536093843649865,6.577483917870209,-2.933306121979776,3.570483982552092,-5.343388546753812,3.4856204341027524,-4.156333723630763,4.516779742283178,-6.858748862990989,-7.335248124932561,-3.148735572699241,-0.7600676489186972,6.692809818900659,-8.96777896630209,0.5726105700203227,-13.68852191993292,5.276974884970892,9.233548203822437,-0.5749397495588555,-1.6595346339239037,9.48980207215395,-0.013109882598117593,-1.9502759654159967,2.1052932638753736,4.1476076925559084,14.864607477260554
