V1,V2,V3,V4,V5,V6,V7,V8,V9,V10,V11,V12,V13,V14,V15,V16,V17,V18,V19,V20,V21,V22,V23,V24,V25,V26,V27,V28,V29,V30,V31,V32,V33,V34,V35,V36,V37,V38,V39,V40,V41,V42,V43,V44
4.598111842846949,-1.3280313420629373,-3.5890882319875943,2.3774572566148895,-2.8749305796748863,0.7924179959004424,-1.8703991306731216,2.0842449225572737,-0.4774733962057221,-2.6244166757534195,0.10385410374739514,1.5663365180836617,2.694964128650187,-1.5057975246204502,-1.8225381990938148,-1.0479431455218011,-0.09222360515148632,1.052765293564899,-0.6976784725710872,-1.2512914123318664,1.5168043622553609,-2.118640925619897,0.69950563098752,0.3502578241891445,0.8852214457837259,-0.19383343249118692,-4.376134624934699,-0.5839963730016566,2.895088596730746,-1.3787935694522813,-1.3397171639367558,-4.6661000456192445,-2.5568895692753317,1.2801780257237312,1.114734713011299,-3.3844761287488594,-2.4607504980924526,-1.8286580089235671,0.8467033815718044,-4.189110052129084,-0.41179594028687877,-0.6890581708842839,-1.3091304121087348,-1.9725652159015499
-1.3280313420629373,1.052365309721339,0.9465847038534104,-1.4451385586756456,1.7668296152926788,0.8730172398279911,0.25751689681449585,-0.9157248862477367,0.22082058038421587,1.1079647487333868,-5.189589091568114e-4,-1.43955337414887,-0.5877661086985928,0.6051935149968134,0.9566489426953735,-0.4205963097667921,0.4515113144140182,-0.17626550771632793,0.19504138869703838,0.11086825285091541,-0.5202783721305813,2.0868556635357978,-0.3427816141976057,0.8662076632267044,-0.604493362083534,0.28765817988101555,1.6800037769773224,0.4509993911233262,-1.3028356530325595,0.8156532122413445,-0.06173391552435086,1.5261918306312137,1.717381889464865,0.03961972722592176,-0.9430276830457981,1.6084194187406582,0.9148671602380215,0.8271877672762482,-0.10174969503555384,1.8017084269223158,-0.47414758745555885,0.2594880726724057,0.26113769272397225,0.16424440371265706
-3.5890882319875943,0.9465847038534104,2.9206582165094344,-1.766504480613734,1.8111891336256538,-0.6424459473075003,1.5614084906814598,-1.526865186992348,0.38627593410510475,2.021848474062063,-0.19663590391719368,-1.1779914515491767,-2.122875887965386,1.0212627364179139,1.3970081789600324,1.2277573164807258,-0.045955735041545875,-0.8236212818842258,0.9193168880775762,0.8775966297718828,-1.1932126923112203,1.4385667513686626,-0.7231804996228732,-0.4204363229777977,-0.6732809897690359,0.10302635573389898,3.3543796359864895,0.6948227987537898,-2.336286273223131,0.8559032451258575,1.2191084270677381,3.7847301768104997,1.885876609937809,-1.4261520324885146,-0.6408310446329275,2.2499098386420275,1.86986839119781,1.260510155254254,-0.6625704993660926,3.359891635178732,0.6609466408151345,0.5771303743079479,1.1938531498965859,1.3266769937606882
2.3774572566148895,-1.4451385586756456,-1.766504480613734,2.148162793676361,-2.565462487673295,-0.9111211789072214,-0.5813079002772515,1.4211740336817855,-0.33816925081830457,-1.7790055261051598,0.036369545238734334,1.956346985636192,1.1882443002941603,-0.9687484933383963,-1.443344961822464,0.2759051991210747,-0.582504880472245,0.39303330030877304,-0.3898852026949146,-0.34761915033445273,0.8842187362084576,-2.8311902775902102,0.5439852783744455,-0.9836984286979185,0.8927914870356745,-0.3735256044094624,-2.730934536589766,-0.6656588830553413,2.0628137412015426,-1.1969507828491817,-0.19959124648609722,-2.6120475509558805,-2.4785976865913026,0.23336020494193896,1.2694870846184114,-2.4604308615605412,-1.5147951302959493,-1.2660918874463383,0.2564747321160112,-2.849777204836204,0.48302504875061714,-0.42665552980507815,-0.5523239113261937,-0.5469880706378628
-2.8749305796748863,1.7668296152926788,1.8111891336256538,-2.565462487673295,4.243262348383406,0.7519550751518713,0.5099437291641318,-1.9284155885930776,0.3358304705516108,2.0964171972843273,0.3391334783752899,-2.135750846420345,-1.4947453121299012,1.660866824991443,1.66309960795361,-1.431392994829289,0.9512403931575891,-0.5060074283191749,-0.8430975953737853,0.8246114265110844,-1.0111358088873876,3.607194687509486,0.018803501351293,1.3302083680738055,-0.9899212364096796,0.5557651948535397,3.3878835413074104,-0.09080212743804587,-2.053745215880394,2.0126883642955207,-0.15539266394164108,2.6039434610615637,2.988818513679869,1.0318920947676213,-2.060843889069364,4.099501329482148,1.944191612272135,2.0039535657455247,-0.40811881789072796,2.9172315812482568,-1.467311934148694,0.3327065132424577,0.1320757358401072,1.5472514285156729
0.7924179959004424,0.8730172398279911,-0.6424459473075003,-0.9111211789072214,0.7519550751518713,2.4398320755834457,-0.8401150886705292,-0.10017209079683217,0.12438470130901672,0.30643728760101174,-0.23566223491475208,-1.6604905609118852,0.7432296378164214,-0.21581881614605272,0.5257111614922056,-0.9552882825089061,0.6670307885036245,0.3539303119034464,0.5399081020967892,-0.859534953907434,0.051054445786410274,2.33245127212941,-0.4903584826886075,1.819269160419749,-0.5399813053628276,0.4143716061585642,-0.08148612984176426,0.8313565500246862,-0.551869960418014,0.20305949894719985,-0.8550077813593071,-0.3559070751824196,1.35896304654234,0.24770480472432047,-0.6544236944983564,0.1304031060114103,-0.10524538031290191,0.0276921313908057,0.5037915192784558,0.596812515221046,-0.6988445263721237,0.12583776441291725,-0.14872020691035567,-1.4477112336913243
-1.8703991306731216,0.25751689681449585,1.5614084906814598,-0.5813079002772515,0.5099437291641318,-0.8401150886705292,1.0278458567587248,-0.6842115490945919,0.17705204746576786,0.8784921747564661,-0.08771633915208457,-0.21630317444482272,-1.150239838956974,0.46200343701932706,0.5539640155832246,0.9570216269417404,-0.2659561711310542,-0.46546757684522666,0.49253508895151804,0.5539335938925831,-0.5843208511591163,0.09611377343364746,-0.3177997461737734,-0.6797871981602518,-0.18083397958971978,-0.06035149381063325,1.5998158248612258,0.25473301779382573,-1.0198934601521445,0.26017081298884814,0.80262555180245,1.960024847509737,0.5548746261845638,-0.8965710592057511,-0.09607558842828169,0.8770497021556223,0.883579265597141,0.5424006263664567,-0.42736728291531995,1.5325799249303094,0.6325148114368524,0.267286224225997,0.6771380758588503,0.8138479279823158
2.0842449225572737,-0.9157248862477367,-1.526865186992348,1.4211740336817855,-1.9284155885930776,-0.10017209079683217,-0.6842115490945919,1.1354852970017877,-0.23914202814105295,-1.3523467100028987,-0.016431422805277193,1.1502564110264983,1.1420726330453366,-0.836416342955594,-1.0210005239598274,0.04423243016191467,-0.2821274465156764,0.43275633053134577,-0.10152601243036725,-0.5244115025494344,0.7348692676718638,-1.7010368635115987,0.2732147055135895,-0.3128460095389044,0.5487961920135238,-0.2240832863808737,-2.1917486952140535,-0.24104614426957122,1.4623303276255883,-0.9092068926344404,-0.3282653983822083,-2.09787924662717,-1.619861825679616,0.17918322756939675,0.8942502432759029,-2.0271037621041623,-1.2256372998857006,-1.0617805396455695,0.3342150994524114,-2.10097168389513,0.23793351888279993,-0.32166526740833684,-0.45382424860959586,-0.8599446603731462
-0.4774733962057221,0.22082058038421587,0.38627593410510475,-0.33816925081830457,0.3358304705516108,0.12438470130901672,0.17705204746576786,-0.23914202814105295,0.08914520784717365,0.3332579953094072,-0.04236473494752531,-0.30198374843376574,-0.2606030674603175,0.14300746087327604,0.26541980344942784,0.11720206554634158,0.028555836329886473,-0.08898748676602729,0.20149107016273304,0.06032953787219733,-0.15800686533343689,0.39293765136961906,-0.15854094114047407,0.08742566955533397,-0.15183152802078262,0.03897570262146131,0.4949686516541838,0.17803061893837943,-0.39898274820234975,0.14312399529567435,0.11107090584611823,0.5583775620618582,0.3890589649994751,-0.20471285732855984,-0.14204755719487883,0.3451466367921766,0.27181951506886803,0.17690461683730901,-0.03796576572800564,0.553392403985595,0.05375891207974184,0.0835638514857391,0.16859528260097992,0.06819126819815058
-2.6244166757534195,1.1079647487333868,2.021848474062063,-1.7790055261051598,2.0964171972843273,0.30643728760101174,0.8784921747564661,-1.3523467100028987,0.3332579953094072,1.7750146357475498,-0.16129047808513683,-1.5333901816427657,-1.4558778453747478,0.8784239760409095,1.325040049268654,0.30557337800506135,0.28348817396796017,-0.5681930566406207,0.5851850301743593,0.5307147693933987,-0.9568757494125197,2.131830950805946,-0.5826069627152362,0.3795067049329355,-0.7273545891023769,0.28229484248740305,2.709504973841274,0.6019143972276829,-1.9821735996123835,0.9411218734705094,0.5434007286618276,2.758181934915108,2.0545246696850947,-0.6997987074864028,-0.9360980517595012,2.2231767016257926,1.5093696151700484,1.192112425523267,-0.3654443611154654,2.8176765124184615,0.003218711780269389,0.4900445639346899,0.769405648907371,0.8063066663819609
0.10385410374739514,-5.189589091568114e-4,-0.19663590391719368,0.036369545238734334,0.3391334783752899,-0.23566223491475208,-0.08771633915208457,-0.016431422805277193,-0.04236473494752531,-0.16129047808513683,0.2634699376008741,0.2399151972922217,0.06574712764033942,0.209468524707722,-0.10166318679244288,-0.462873277413997,0.08889924936551878,0.06860337960702108,-0.6083954501683534,0.1501674127490442,0.11784867588941182,-0.1242793852701595,0.33090021260529656,0.014103977004335091,0.06072487667541,-0.03332399466964859,-0.06533068513728735,-0.4028674098970033,0.2654509260002894,0.23106358637578497,-0.16046882869418433,-0.26035266720034556,-0.1201978902968971,0.624449792567966,-0.1604556277701116,0.3075771028919032,-0.014527192501867603,0.09347068409876433,-0.03590610265328427,-0.37021432448555813,-0.3943549672373059,-0.16132811698764213,-0.2899098670402733,0.33200913750469996
1.5663365180836617,-1.43955337414887,-1.1779914515491767,1.956346985636192,-2.135750846420345,-1.6604905609118852,-0.21630317444482272,1.1502564110264983,-0.30198374843376574,-1.5333901816427657,0.2399151972922217,2.2973889584142166,0.6577033177393474,-0.5505365176360216,-1.3364759372366122,0.4132576712852275,-0.6462081533249866,0.21422551370851112,-0.7059731838438432,0.11780828934778906,0.7528595898942234,-3.146476194363392,0.7163367943307578,-1.401355261304342,0.884001891332954,-0.4993460220003172,-2.130958436283825,-0.9701960892019716,1.878840914767153,-0.8906062254588251,0.1455794814592467,-1.9425324870480323,-2.4703971208606648,0.28104616131809795,1.216896772662625,-1.864883364121272,-1.1296174936949794,-1.0150805370591767,0.05174558869089058,-2.5846991997976967,0.4718455904808197,-0.4736592022218576,-0.4870911796568731,0.24931891323869917
2.694964128650187,-0.5877661086985928,-2.122875887965386,1.1882443002941603,-1.4947453121299012,0.7432296378164214,-1.150239838956974,1.1420726330453366,-0.2606030674603175,-1.4558778453747478,0.06574712764033942,0.6577033177393474,1.6593745775362623,-0.8516847996259289,-0.9655885968547095,-0.7748902844582664,0.03166533722812695,0.6546084477848122,-0.3674023618833134,-0.8087928078415055,0.8667398876393401,-0.8829618821051416,0.3568405367890694,0.4340980421136752,0.43280877105053284,-0.07558720056092112,-2.459946788874346,-0.2481533423033285,1.5651269909110137,-0.7098346239518805,-0.8966234923375984,-2.6496804643316416,-1.2490972445754733,0.8200465185285093,0.5009988827608635,-1.8730204617926896,-1.3924950938520353,-1.0099772444876802,0.5401836478080798,-2.2817527107973126,-0.36876511283235286,-0.3800254956281889,-0.7830108657337143,-1.2989868584816866
-1.5057975246204502,0.6051935149968134,1.0212627364179139,-0.9687484933383963,1.660866824991443,-0.21581881614605272,0.46200343701932706,-0.836416342955594,0.14300746087327604,0.8784239760409095,0.209468524707722,-0.5505365176360216,-0.8516847996259289,0.8084700865611257,0.6450583496691551,-0.3305703003416433,0.24879271602817007,-0.2952593602603957,-0.41648700840489183,0.5568934276672679,-0.4585310578118762,1.0393941786050396,0.08219725081942406,0.15878708598733932,-0.333778150243243,0.11885899484451107,1.5536564695738937,-0.17511824324881098,-0.8451721372234493,0.8362944913477952,0.18250093873967943,1.3568133810000351,1.0234546506317745,0.30721858742209257,-0.7250689718306914,1.7392276973088805,0.9066487059129872,0.8496772929757943,-0.2831196355164364,1.2198923016909742,-0.4304601109880799,0.10340730973085507,0.12757446833823266,0.9886939661488909
-1.8225381990938148,0.9566489426953735,1.3970081789600324,-1.443344961822464,1.66309960795361,0.5257111614922056,0.5539640155832246,-1.0210005239598274,0.26541980344942784,1.325040049268654,-0.10166318679244288,-1.3364759372366122,-0.9655885968547095,0.6450583496691551,1.068299509008926,0.06749578077489467,0.3040296171580752,-0.34862688268666087,0.45201021202416863,0.2892455482162874,-0.683248364851173,1.8731153791835218,-0.46984495599976916,0.5174791032927226,-0.6104441923077221,0.25842385816818897,2.00069036365457,0.5223584516676775,-1.53057844232171,0.7413384180345828,0.2746535368982433,1.9922054774373283,1.6919657588711097,-0.4183568852383241,-0.8015477806421398,1.6771926119489124,1.0904500898128522,0.8895452541307657,-0.2162758218185998,2.149107452574459,-0.13044684287937303,0.34518461667010975,0.5136261357107603,0.4198412787579844
-1.0479431455218011,-0.4205963097667921,1.2277573164807258,0.2759051991210747,-1.431392994829289,-0.9552882825089061,0.9570216269417404,0.04423243016191467,0.11720206554634158,0.30557337800506135,-0.462873277413997,0.4132576712852275,-0.7748902844582664,-0.3305703003416433,0.06749578077489467,2.093063840610975,-0.706126058014624,-0.3606508476201929,1.483324663610806,0.13540318348915972,-0.3233923271445784,-1.2124132843713247,-0.6962959242635252,-1.2386567065297536,0.09013612234101497,-0.27497487834924034,0.4908719818152984,0.7273247446291567,-0.6031378869467252,-0.7123420041497285,1.1440102691966476,1.413522895219209,-0.43305681603182916,-2.030254363676687,0.903980694578515,-0.9657155274261321,0.2322490704778635,-0.33801600673781124,-0.24592246156686678,0.8863185676737634,1.6320387112063486,0.2876844866026611,0.9658449892012239,-0.024016393685648774
-0.09222360515148632,0.4515113144140182,-0.045955735041545875,-0.582504880472245,0.9512403931575891,0.6670307885036245,-0.2659561711310542,-0.2821274465156764,0.028555836329886473,0.28348817396796017,0.08889924936551878,-0.6462081533249866,0.03166533722812695,0.24879271602817007,0.3040296171580752,-0.706126058014624,0.4173899742376115,0.05429361535574106,-0.29368660569654487,-0.05693662854512832,-0.08360335387898238,1.1118023102073646,0.03807659458923427,0.7232747885251856,-0.25315692062967166,0.1999315599054559,0.3761225008656821,0.013574102899340646,-0.2923995865854043,0.4409691595459276,-0.330884070399991,0.05962291264096985,0.7314716333578373,0.5260490572720358,-0.5386947439853027,0.746968795667744,0.21385475294616754,0.3321061607290049,0.0521241523595355,0.35354588666845815,-0.6178589994476651,0.020870046002724466,-0.17670141833718933,-0.008418254468168077
1.052765293564899,-0.17626550771632793,-0.8236212818842258,0.39303330030877304,-0.5060074283191749,0.3539303119034464,-0.46546757684522666,0.43275633053134577,-0.08898748676602729,-0.5681930566406207,0.06860337960702108,0.21422551370851112,0.6546084477848122,-0.2952593602603957,-0.34862688268666087,-0.3606508476201929,0.05429361535574106,0.29323932709573836,-0.17397938193484355,-0.3379554458438876,0.3574166344747282,-0.2669416347234946,0.14536896466185836,0.24936440820993905,0.13346062117953672,-0.026086561130264033,-0.9203497689898215,-0.0725586824300468,0.5804176925329569,-0.2313778574036969,-0.374556456056763,-1.0027640035847287,-0.4244470226368506,0.38584284887519643,0.1579675700433368,-0.6893717137276746,-0.5222179993194116,-0.39144009612444147,0.21332040815767556,-0.8736024808715424,-0.20324868846786528,-0.18114465910411953,-0.3333684676063966,-0.5302586303197266
-0.6976784725710872,0.19504138869703838,0.9193168880775762,-0.3898852026949146,-0.8430975953737853,0.5399081020967892,0.49253508895151804,-0.10152601243036725,0.20149107016273304,0.5851850301743593,-0.6083954501683534,-0.7059731838438432,-0.3674023618833134,-0.41648700840489183,0.45201021202416863,1.483324663610806,-0.29368660569654487,-0.17397938193484355,1.8303937389591078,-0.3504398919304931,-0.35612839740680513,0.3436830502263798,-1.0118479841891086,-0.11226380407917835,-0.27832896350287256,-0.006335279099918944,0.5881715244055198,1.255605963825596,-1.0348653263900847,-0.5173859391755494,0.6188313897692191,1.3350219376342805,0.5160541814948624,-1.8794814745919513,0.41903173765783924,-0.7534551240529959,0.25192275986873935,-0.23541219008307415,0.039853772846292976,1.397147529704121,1.177090987651737,0.39895851191890386,0.9099909235919422,-0.8639432213121969
-1.2512914123318664,0.11086825285091541,0.8775966297718828,-0.34761915033445273,0.8246114265110844,-0.859534953907434,0.5539335938925831,-0.5244115025494344,0.06032953787219733,0.5307147693933987,0.1501674127490442,0.11780828934778906,-0.8087928078415055,0.5568934276672679,0.2892455482162874,0.13540318348915972,-0.05693662854512832,-0.3379554458438876,-0.3504398919304931,0.6412429289741953,-0.3524084340979272,-0.006862278454624512,0.15909019142036768,-0.4695384780281858,-0.06376855823130524,-0.02875817378206174,1.035606414962197,-0.34461939684862675,-0.41313671286539655,0.45253096142116456,0.39940331961906966,0.9956226940248714,0.2636495144222094,0.027519049561954622,-0.2607059242318259,1.0888811070246998,0.6213891542317551,0.5535118936077872,-0.3233501438436085,0.662989769943383,-0.025520489293411063,0.06929311850728652,0.17430799259337032,1.0870695957677992
1.5168043622553609,-0.5202783721305813,-1.1932126923112203,0.8842187362084576,-1.0111358088873876,0.051054445786410274,-0.5843208511591163,0.7348692676718638,-0.15800686533343689,-0.9568757494125197,0.11784867588941182,0.7528595898942234,0.8667398876393401,-0.4585310578118762,-0.683248364851173,-0.3233923271445784,-0.08360335387898238,0.3574166344747282,-0.35612839740680513,-0.3524084340979272,0.5848621780537581,-0.9934308860069158,0.3118160897940187,-0.022852470378058796,0.3523296714338665,-0.1397126719601155,-1.504634362626769,-0.3168388064843671,1.0723596320608115,-0.4547533168111653,-0.3941688368043179,-1.5676817065163673,-1.0163253712434326,0.49246262742023184,0.4497131642365803,-1.162605978178297,-0.8358503795946863,-0.6643629659963212,0.2681498991456851,-1.5490371321154721,-0.12606407264678288,-0.29324133527667423,-0.48370303868492154,-0.5355103448348114
-2.118640925619897,2.0868556635357978,1.4385667513686626,-2.8311902775902102,3.607194687509486,2.33245127212941,0.09611377343364746,-1.7010368635115987,0.39293765136961906,2.131830950805946,-0.1242793852701595,-3.146476194363392,-0.8829618821051416,1.0393941786050396,1.8731153791835218,-1.2124132843713247,1.1118023102073646,-0.2669416347234946,0.3436830502263798,-0.006862278454624512,-0.9934308860069158,4.6331666918679995,-0.680184318502868,2.1857720979049153,-1.2474758407507924,0.7518518281580392,2.9815624624319894,0.9449356004309578,-2.449507478556088,1.5698594205159169,-0.43652121195950777,2.4120357348529744,3.537328967986901,0.2907242370284847,-1.984934223892325,3.160383031977381,1.6204172936954553,1.6218831835158907,-0.05831529723815829,3.35781258177365,-1.1975288281427583,0.5410784171788234,0.37487782077716897,0.018538993873472784
0.69950563098752,-0.3427816141976057,-0.7231804996228732,0.5439852783744455,0.018803501351293,-0.4903584826886075,-0.3177997461737734,0.2732147055135895,-0.15854094114047407,-0.5826069627152362,0.33090021260529656,0.7163367943307578,0.3568405367890694,0.08219725081942406,-0.46984495599976916,-0.6962959242635252,0.03807659458923427,0.14536896466185836,-1.0118479841891086,0.15909019142036768,0.3118160897940187,-0.680184318502868,0.624612782070863,-0.14707829815255732,0.28782812870692315,-0.07137079616895388,-0.7208929938833781,-0.7680393850673465,0.8628146510065945,0.08399743724933723,-0.3242826953023546,-1.068439220302278,-0.6863804780554212,0.9950957731620532,-0.003854506609378788,0.004512601968084363,-0.35367566369730036,-0.07409909582565598,0.008942360174578435,-1.177883935715199,-0.5153401563995647,-0.2828123230102508,-0.5476814945506058,0.4073302537556631
0.3502578241891445,0.8662076632267044,-0.4204363229777977,-0.9836984286979185,1.3302083680738055,1.819269160419749,-0.6797871981602518,-0.3128460095389044,0.08742566955533397,0.3795067049329355,0.014103977004335091,-1.401355261304342,0.4340980421136752,0.15878708598733932,0.5174791032927226,-1.2386567065297536,0.7232747885251856,0.24936440820993905,-0.11226380407917835,-0.4695384780281858,-0.022852470378058796,2.1857720979049153,-0.14707829815255732,1.5971742611260527,-0.492777509299943,0.38647081249332743,0.28800297986965095,0.3654640986903397,-0.48572390546112254,0.5541373150904485,-0.7897510455573594,-0.1801219533852628,1.3377312168505644,0.7449588438119805,-0.8667737160160737,0.8116310638347406,0.14215115227583122,0.338500173183095,0.3022602207101687,0.5461395353838484,-0.9953835997029215,0.04911393899324801,-0.2939339920996303,-0.6983063556486059
0.8852214457837259,-0.604493362083534,-0.6732809897690359,0.8927914870356745,-0.9899212364096796,-0.5399813053628276,-0.18083397958971978,0.5487961920135238,-0.15183152802078262,-0.7273545891023769,0.06072487667541,0.884001891332954,0.43280877105053284,-0.333778150243243,-0.6104441923077221,0.09013612234101497,-0.25315692062967166,0.13346062117953672,-0.27832896350287256,-0.06376855823130524,0.3523296714338665,-1.2474758407507924,0.28782812870692315,-0.492777509299943,0.39978783343996965,-0.1751686754384237,-1.0581095981819635,-0.3695338516618254,0.87037394760036,-0.44046145648420054,-0.05074670912246539,-1.0226108173382766,-1.053441532212129,0.16728549326374215,0.5026548203195245,-0.9156554721734451,-0.5815022805820225,-0.46932320567715746,0.05756421917480237,-1.18080643946978,0.17564675030390678,-0.18161252266915812,-0.2437537362466638,-0.08235659062873311
-0.19383343249118692,0.28765817988101555,0.10302635573389898,-0.3735256044094624,0.5557651948535397,0.4143716061585642,-0.06035149381063325,-0.2240832863808737,0.03897570262146131,0.28229484248740305,-0.03332399466964859,-0.4993460220003172,-0.07558720056092112,0.11885899484451107,0.25842385816818897,-0.27497487834924034,0.1999315599054559,-0.026086561130264033,-0.006335279099918944,-0.02875817378206174,-0.1397126719601155,0.7518518281580392,-0.07137079616895388,0.38647081249332743,-0.1751686754384237,0.15809822616491806,0.35498976432777124,0.11368127459459888,-0.2965462888907093,0.21911250026131876,-0.13885320459985068,0.18506312092560076,0.5151485361428724,0.13057743640363867,-0.32306817392840337,0.47562568411263706,0.18816232547251863,0.25088452009254136,-0.001205075504150902,0.4124804847493396,-0.23955207221282093,0.0811232749662343,0.011934403113844994,-0.026327951939822427
-4.376134624934699,1.6800037769773224,3.3543796359864895,-2.730934536589766,3.3878835413074104,-0.08148612984176426,1.5998158248612258,-2.1917486952140535,0.4949686516541838,2.709504973841274,-0.06533068513728735,-2.130958436283825,-2.459946788874346,1.5536564695738937,2.00069036365457,0.4908719818152984,0.3761225008656821,-0.9203497689898215,0.5881715244055198,1.035606414962197,-1.504634362626769,2.9815624624319894,-0.7208929938833781,0.28800297986965095,-1.0581095981819635,0.35498976432777124,4.461820544840826,0.701055638702867,-3.034651051497899,1.592863679165949,0.9693464673993997,4.516124578093055,3.0653354112183435,-0.8852356661302727,-1.4898577017276498,3.6863990502877404,2.482308874955947,1.9685246068926336,-0.7493821436433341,4.354887818468357,-0.022768487490656037,0.6864599621200632,1.1484850227845476,1.6613779700921074
-0.5839963730016566,0.4509993911233262,0.6948227987537898,-0.6656588830553413,-0.09080212743804587,0.8313565500246862,0.25473301779382573,-0.24104614426957122,0.17803061893837943,0.6019143972276829,-0.4028674098970033,-0.9701960892019716,-0.2481533423033285,-0.17511824324881098,0.5223584516676775,0.7273247446291567,0.013574102899340646,-0.0725586824300468,1.255605963825596,-0.34461939684862675,-0.3168388064843671,0.9449356004309578,-0.7680393850673465,0.3654640986903397,-0.3695338516618254,0.11368127459459888,0.701055638702867,1.0451150291308988,-0.9835916833257591,-0.137496562868758,0.26852697829271743,1.1070334912221054,0.8534918375980727,-1.1254210560371243,-0.0025644955138305783,-0.16883944254400515,0.333839084995932,0.008361390427171364,0.0421237021978885,1.3004799165091976,0.5646153203134652,0.31155686773844987,0.6090384272254495,-0.7394493842297903
2.895088596730746,-1.3028356530325595,-2.336286273223131,2.0628137412015426,-2.053745215880394,-0.551869960418014,-1.0198934601521445,1.4623303276255883,-0.39898274820234975,-1.9821735996123835,0.2654509260002894,1.878840914767153,1.5651269909110137,-0.8451721372234493,-1.53057844232171,-0.6031378869467252,-0.2923995865854043,0.5804176925329569,-1.0348653263900847,-0.41313671286539655,1.0723596320608115,-2.449507478556088,0.8628146510065945,-0.48572390546112254,0.87037394760036,-0.2965462888907093,-3.034651051497899,-0.9835916833257591,2.3850855164764124,-0.9120190228324973,-0.6766265830835287,-3.267606962453828,-2.382114452216028,1.1099729514403704,0.9439186583338695,-2.163091497460413,-1.6558544311858225,-1.1952906708097462,0.37658706341846016,-3.3446316136618774,-0.20993417031827483,-0.5838825157997999,-0.9876387000800005,-0.5556443109239401
-1.3787935694522813,0.8156532122413445,0.8559032451258575,-1.1969507828491817,2.0126883642955207,0.20305949894719985,0.26017081298884814,-0.9092068926344404,0.14312399529567435,0.9411218734705094,0.23106358637578497,-0.8906062254588251,-0.7098346239518805,0.8362944913477952,0.7413384180345828,-0.7123420041497285,0.4409691595459276,-0.2313778574036969,-0.5173859391755494,0.45253096142116456,-0.4547533168111653,1.5698594205159169,0.08399743724933723,0.5541373150904485,-0.44046145648420054,0.21911250026131876,1.592863679165949,-0.137496562868758,-0.9120190228324973,0.9959091029372519,-0.05628519044171783,1.2347983509675222,1.3373027642500526,0.5797266793578948,-0.9711138031204806,1.9584393436455256,0.9233605022078964,0.9470055399743124,-0.21479447890809303,1.2914893128729432,-0.7390421293252237,0.1193299826780409,0.01757940314586138,0.8405716998816919
-1.3397171639367558,-0.06173391552435086,1.2191084270677381,-0.19959124648609722,-0.15539266394164108,-0.8550077813593071,0.80262555180245,-0.3282653983822083,0.11107090584611823,0.5434007286618276,-0.16046882869418433,0.1455794814592467,-0.8966234923375984,0.18250093873967943,0.2746535368982433,1.1440102691966476,-0.330884070399991,-0.374556456056763,0.6188313897692191,0.39940331961906966,-0.3941688368043179,-0.43652121195950777,-0.3242826953023546,-0.7897510455573594,-0.05074670912246539,-0.13885320459985068,0.9693464673993997,0.26852697829271743,-0.6766265830835287,-0.05628519044171783,0.8278029266061402,1.4328580990972914,0.0901579318901373,-1.0643475534546032,0.2680310815734395,0.199080593122899,0.5435152626515761,0.17290466399210075,-0.31114136860429864,0.9937557917448394,0.8022571697878459,0.2076186808130332,0.6256645377841734,0.5593248397523569
-4.6661000456192445,1.5261918306312137,3.7847301768104997,-2.6120475509558805,2.6039434610615637,-0.3559070751824196,1.960024847509737,-2.09787924662717,0.5583775620618582,2.758181934915108,-0.26035266720034556,-1.9425324870480323,-2.6496804643316416,1.3568133810000351,1.9922054774373283,1.413522895219209,0.05962291264096985,-1.0027640035847287,1.3350219376342805,0.9956226940248714,-1.5676817065163673,2.4120357348529744,-1.068439220302278,-0.1801219533852628,-1.0226108173382766,0.18506312092560076,4.516124578093055,1.1070334912221054,-3.267606962453828,1.2347983509675222,1.4328580990972914,5.094350418812381,2.8372686799063853,-1.8150011684190308,-1.033620278608517,3.04340064159174,2.500219633725542,1.6929054976183646,-0.7714913748238776,4.654186444920252,0.7143797848415755,0.7813775462920322,1.5511731704740706,1.4466044226674608
-2.5568895692753317,1.717381889464865,1.885876609937809,-2.4785976865913026,2.988818513679869,1.35896304654234,0.5548746261845638,-1.619861825679616,0.3890589649994751,2.0545246696850947,-0.1201978902968971,-2.4703971208606648,-1.2490972445754733,1.0234546506317745,1.6919657588711097,-0.43305681603182916,0.7314716333578373,-0.4244470226368506,0.5160541814948624,0.2636495144222094,-1.0163253712434326,3.537328967986901,-0.6863804780554212,1.3377312168505644,-1.053441532212129,0.5151485361428724,3.0653354112183435,0.8534918375980727,-2.382114452216028,1.3373027642500526,0.0901579318901373,2.8372686799063853,2.972293522014325,-0.23988228575304177,-1.5309289113954658,2.8113624448733128,1.6798129333801857,1.4649345745507942,-0.24134481870939867,3.307948978375743,-0.6079431990403794,0.5336962294445547,0.6169036520319043,0.4149554401585973
1.2801780257237312,0.03961972722592176,-1.4261520324885146,0.23336020494193896,1.0318920947676213,0.24770480472432047,-0.8965710592057511,0.17918322756939675,-0.20471285732855984,-0.6997987074864028,0.624449792567966,0.28104616131809795,0.8200465185285093,0.30721858742209257,-0.4183568852383241,-2.030254363676687,0.5260490572720358,0.38584284887519643,-1.8794814745919513,0.027519049561954622,0.49246262742023184,0.2907242370284847,0.9950957731620532,0.7449588438119805,0.16728549326374215,0.13057743640363867,-0.8852356661302727,-1.1254210560371243,1.1099729514403704,0.5797266793578948,-1.0643475534546032,-1.8150011684190308,-0.23988228575304177,2.261858813605521,-0.6508832542524388,0.6906133762566878,-0.43763659899781227,0.17902038711030793,0.15606303882920125,-1.5577279826154027,-1.567450895804283,-0.44457791042414785,-1.1285430489686066,0.34234236174863325
1.114734713011299,-0.9430276830457981,-0.6408310446329275,1.2694870846184114,-2.060843889069364,-0.6544236944983564,-0.09607558842828169,0.8942502432759029,-0.14204755719487883,-0.9360980517595012,-0.1604556277701116,1.216896772662625,0.5009988827608635,-0.7250689718306914,-0.8015477806421398,0.903980694578515,-0.5386947439853027,0.1579675700433368,0.41903173765783924,-0.2607059242318259,0.4497131642365803,-1.984934223892325,-0.003854506609378788,-0.8667737160160737,0.5026548203195245,-0.32306817392840337,-1.4898577017276498,-0.0025644955138305783,0.9439186583338695,-0.9711138031204806,0.2680310815734395,-1.033620278608517,-1.5309289113954658,-0.6508832542524388,1.0967568337491198,-1.9107261459817682,-0.8347874979338054,-0.9499127312400907,0.1327670764751633,-1.3391526495585784,0.8554472961788581,-0.15598401222518996,0.024663223394789522,-0.5149883967941181
-3.3844761287488594,1.6084194187406582,2.2499098386420275,-2.4604308615605412,4.099501329482148,0.1304031060114103,0.8770497021556223,-2.0271037621041623,0.3451466367921766,2.2231767016257926,0.3075771028919032,-1.864883364121272,-1.8730204617926896,1.7392276973088805,1.6771926119489124,-0.9657155274261321,0.746968795667744,-0.6893717137276746,-0.7534551240529959,1.0888811070246998,-1.162605978178297,3.160383031977381,0.004512601968084363,0.8116310638347406,-0.9156554721734451,0.47562568411263706,3.6863990502877404,-0.16883944254400515,-2.163091497460413,1.9584393436455256,0.199080593122899,3.04340064159174,2.8113624448733128,0.6906133762566878,-1.9107261459817682,4.17945208272709,2.111993119663969,2.086260282413169,-0.5806844713561771,3.13347839298426,-1.1349326735220397,0.39035011135894015,0.3375384452966798,1.957345916584758
-2.4607504980924526,0.9148671602380215,1.86986839119781,-1.5147951302959493,1.944191612272135,-0.10524538031290191,0.883579265597141,-1.2256372998857006,0.27181951506886803,1.5093696151700484,-0.014527192501867603,-1.1296174936949794,-1.3924950938520353,0.9066487059129872,1.0904500898128522,0.2322490704778635,0.21385475294616754,-0.5222179993194116,0.25192275986873935,0.6213891542317551,-0.8358503795946863,1.6204172936954553,-0.35367566369730036,0.14215115227583122,-0.5815022805820225,0.18816232547251863,2.482308874955947,0.333839084995932,-1.6558544311858225,0.9233605022078964,0.5435152626515761,2.500219633725542,1.6798129333801857,-0.43763659899781227,-0.8347874979338054,2.111993119663969,1.401906048569463,1.1132202901522925,-0.4194502005144134,2.371038036429185,-0.04634037839560051,0.3684610245481611,0.6188070565388314,1.0098834152759149
-1.8286580089235671,0.8271877672762482,1.260510155254254,-1.2660918874463383,2.0039535657455247,0.0276921313908057,0.5424006263664567,-1.0617805396455695,0.17690461683730901,1.192112425523267,0.09347068409876433,-1.0150805370591767,-1.0099772444876802,0.8496772929757943,0.8895452541307657,-0.33801600673781124,0.3321061607290049,-0.39144009612444147,-0.23541219008307415,0.5535118936077872,-0.6643629659963212,1.6218831835158907,-0.07409909582565598,0.338500173183095,-0.46932320567715746,0.25088452009254136,1.9685246068926336,0.008361390427171364,-1.1952906708097462,0.9470055399743124,0.17290466399210075,1.6929054976183646,1.4649345745507942,0.17902038711030793,-0.9499127312400907,2.086260282413169,1.1132202901522925,1.084255102678267,-0.3361528677733817,1.7503373373120548,-0.44802388955014405,0.2564379902085817,0.27277231915739963,0.9658329762212741
0.8467033815718044,-0.10174969503555384,-0.6625704993660926,0.2564747321160112,-0.40811881789072796,0.5037915192784558,-0.42736728291531995,0.3342150994524114,-0.03796576572800564,-0.3654443611154654,-0.03590610265328427,0.05174558869089058,0.5401836478080798,-0.2831196355164364,-0.2162758218185998,-0.24592246156686678,0.0521241523595355,0.21332040815767556,0.039853772846292976,-0.3233501438436085,0.2681498991456851,-0.05831529723815829,0.008942360174578435,0.3022602207101687,0.05756421917480237,-0.001205075504150902,-0.7493821436433341,0.0421237021978885,0.37658706341846016,-0.21479447890809303,-0.31114136860429864,-0.7714913748238776,-0.24134481870939867,0.15606303882920125,0.1327670764751633,-0.5806844713561771,-0.4194502005144134,-0.3361528677733817,0.2561924354901744,-0.5899197641060053,-0.12234347673901604,-0.09351822165813432,-0.21019911696040966,-0.5458336671784506
-4.189110052129084,1.8017084269223158,3.359891635178732,-2.849777204836204,2.9172315812482568,0.596812515221046,1.5325799249303094,-2.10097168389513,0.553392403985595,2.8176765124184615,-0.37021432448555813,-2.5846991997976967,-2.2817527107973126,1.2198923016909742,2.149107452574459,0.8863185676737634,0.35354588666845815,-0.8736024808715424,1.397147529704121,0.662989769943383,-1.5490371321154721,3.35781258177365,-1.177883935715199,0.5461395353838484,-1.18080643946978,0.4124804847493396,4.354887818468357,1.3004799165091976,-3.3446316136618774,1.2914893128729432,0.9937557917448394,4.654186444920252,3.307948978375743,-1.5577279826154027,-1.3391526495585784,3.13347839298426,2.371038036429185,1.7503373373120548,-0.5899197641060053,4.7457612039209,0.33393890891471506,0.8431518074343475,1.412962239253475,0.9192345385859286
-0.41179594028687877,-0.47414758745555885,0.6609466408151345,0.48302504875061714,-1.467311934148694,-0.6988445263721237,0.6325148114368524,0.23793351888279993,0.05375891207974184,0.003218711780269389,-0.3943549672373059,0.4718455904808197,-0.36876511283235286,-0.4304601109880799,-0.13044684287937303,1.6320387112063486,-0.6178589994476651,-0.20324868846786528,1.177090987651737,-0.025520489293411063,-0.12606407264678288,-1.1975288281427583,-0.5153401563995647,-0.9953835997029215,0.17564675030390678,-0.23955207221282093,-0.022768487490656037,0.5646153203134652,-0.20993417031827483,-0.7390421293252237,0.8022571697878459,0.7143797848415755,-0.6079431990403794,-1.567450895804283,0.8554472961788581,-1.1349326735220397,-0.04634037839560051,-0.44802388955014405,-0.12234347673901604,0.33393890891471506,1.3438087021270821,0.18701049171922124,0.688222702602038,-0.24425561703940027
-0.6890581708842839,0.2594880726724057,0.5771303743079479,-0.42665552980507815,0.3327065132424577,0.12583776441291725,0.267286224225997,-0.32166526740833684,0.0835638514857391,0.4900445639346899,-0.16132811698764213,-0.4736592022218576,-0.3800254956281889,0.10340730973085507,0.34518461667010975,0.2876844866026611,0.020870046002724466,-0.18114465910411953,0.39895851191890386,0.06929311850728652,-0.29324133527667423,0.5410784171788234,-0.2828123230102508,0.04911393899324801,-0.18161252266915812,0.0811232749662343,0.6864599621200632,0.31155686773844987,-0.5838825157997999,0.1193299826780409,0.2076186808130332,0.7813775462920322,0.5336962294445547,-0.44457791042414785,-0.15598401222518996,0.39035011135894015,0.3684610245481611,0.2564379902085817,-0.09351822165813432,0.8431518074343475,0.18701049171922124,0.21069894308831208,0.3199195364607457,0.05888943009512269
-1.3091304121087348,0.26113769272397225,1.1938531498965859,-0.5523239113261937,0.1320757358401072,-0.14872020691035567,0.6771380758588503,-0.45382424860959586,0.16859528260097992,0.769405648907371,-0.2899098670402733,-0.4870911796568731,-0.7830108657337143,0.12757446833823266,0.5136261357107603,0.9658449892012239,-0.17670141833718933,-0.3333684676063966,0.9099909235919422,0.17430799259337032,-0.48370303868492154,0.37487782077716897,-0.5476814945506058,-0.2939339920996303,-0.2437537362466638,0.011934403113844994,1.1484850227845476,0.6090384272254495,-0.9876387000800005,0.01757940314586138,0.6256645377841734,1.5511731704740706,0.6169036520319043,-1.1285430489686066,0.024663223394789522,0.3375384452966798,0.6188070565388314,0.27277231915739963,-0.21019911696040966,1.412962239253475,0.688222702602038,0.3199195364607457,0.6965946801239201,0.1471767072986387
-1.9725652159015499,0.16424440371265706,1.3266769937606882,-0.5469880706378628,1.5472514285156729,-1.4477112336913243,0.8138479279823158,-0.8599446603731462,0.06819126819815058,0.8063066663819609,0.33200913750469996,0.24931891323869917,-1.2989868584816866,0.9886939661488909,0.4198412787579844,-0.024016393685648774,-0.008418254468168077,-0.5302586303197266,-0.8639432213121969,1.0870695957677992,-0.5355103448348114,0.018538993873472784,0.4073302537556631,-0.6983063556486059,-0.08235659062873311,-0.026327951939822427,1.6613779700921074,-0.7394493842297903,-0.5556443109239401,0.8405716998816919,0.5593248397523569,1.4466044226674608,0.4149554401585973,0.34234236174863325,-0.5149883967941181,1.957345916584758,1.0098834152759149,0.9658329762212741,-0.5458336671784506,0.9192345385859286,-0.24425561703940027,0.05888943009512269,0.1471767072986387,1.9192983490282758
