V1,V2,V3,V4,V5,V6,V7,V8,V9,V10,V11,V12,V13,V14,V15,V16,V17,V18,V19,V20,V21,V22,V23,V24,V25,V26,V27,V28,V29,V30,V31,V32,V33,V34,V35,V36,V37,V38,V39,V40,V41,V42,V43,V44
15092.133454174187,65868.90552818686,-84823.47687242691,-112839.76643829317,41879.78298690565,-48721.231851241966,44719.677671266065,19251.384927668656,-20671.46678056865,39130.4900389354,-11711.656202806154,39443.75366955389,91271.60098284468,-4704.210257615473,29777.72972666182,-40732.77084707645,147221.45516058465,39930.3736457728,23618.10470896783,111919.93408369995,56079.742625013634,-57785.39157804781,-13267.439286366967,28257.321628254947,-61832.61328087992,72776.2144814784,-104217.32349124229,-52890.91521298076,15104.888810625494,-10106.004860496301,45128.284325330205,-117476.91189715656,-20324.84095721308,-42119.025674719654,-74398.93665655021,5301.360064209612,-1563.0573162965516,-30230.868694278568,38683.86177598365,-20642.704149486457,11162.42786219501,22780.74791351609,-34955.357559600656,-3305.6913808798913
65868.90552818686,287491.64642617025,-370219.1924965538,-492495.59399072896,182790.90880078857,-212646.20626055688,195181.79392542085,84022.94976027012,-90223.8413977634,170789.49122517288,-51116.07346219246,172157.3377449432,398360.8715803156,-20534.555787751186,129967.70959147801,-177779.9494402943,642557.6220617369,174281.6410321072,103086.49638208582,488482.01886076236,244766.3833513566,-252208.24021940323,-57908.720056751445,123330.33343411652,-269871.91152006923,317640.3926181751,-454865.46272046526,-230844.52108506026,65924.57645462947,-44106.52493042192,196968.13627619948,-512738.2457955501,-88709.34624334665,-183826.84043274182,-324720.3126322873,23137.15902951609,-6819.519916543872,-131942.73054386498,168839.74847173068,-90095.37213000632,48720.969402927825,99429.16246766255,-152564.43988030017,-14428.318041608618
-84823.47687242691,-370219.1924965538,476752.4025680483,634215.2000461143,-235389.76610874868,273836.94872075226,-251346.89389580645,-108201.35055092133,116186.1471540377,-219935.1941248528,65825.14684991806,-221696.53977950802,-512992.3271798576,26443.073096561697,-167366.79099050284,228937.66093961228,-827458.5932421709,-224432.0666805279,-132749.83212552854,-629046.5023170854,-315199.35777258326,324783.10470293765,74572.06172969098,-158819.6909676682,347529.7688914485,-409043.23320873076,585756.1881575211,297272.06435837783,-84895.18611972482,56798.83695405508,-253646.79996444852,660282.2574334216,114236.11888071167,236725.1804153623,418160.89994228317,-29795.218723011785,8782.312634851387,169910.61386444487,-217424.44871264353,116021.18720040833,-62740.49436858091,-128040.50723096142,196466.1114082412,18580.110928996175
-112839.76643829317,-492495.59399072896,634215.2000461143,843686.0971477776,-313133.8702364789,364280.9228726462,-334362.6019666264,-143938.75617863858,154559.89742935437,-292575.4905739613,87566.16202884508,-294918.4095479034,-682425.0519496142,35175.94663735266,-222644.9588047254,304552.193956634,-1100754.2581005637,-298557.2986282061,-176593.70786790992,-836809.9326451252,-419303.59222956054,432053.463620371,99201.30264354387,-211275.35215638895,462313.1643789045,-544142.1668553879,779220.9447618622,395456.4255526542,-112935.14378622163,75559.07194805003,-337421.20387492183,878361.5711170165,151966.30424861706,314912.87411978096,556272.012759456,-39636.37826220521,11683.74467606611,226029.78351391107,-289235.6261744084,154341.3648790597,-83462.07410486836,-170329.78464160275,261355.7339477281,24716.683185210168
41879.78298690565,182790.90880078857,-235389.76610874868,-313133.8702364789,116221.35619408528,-135202.5996869675,124098.69400758421,53422.50380565453,-57365.73438020876,108590.25747989041,-32500.11966945959,109460.09226702095,253282.19585087625,-13056.72876993621,82635.08759220525,-113034.23385314553,408545.1627491298,110810.83528121299,65544.36963686158,310582.2510634373,155625.77422745325,-160356.79084416336,-36819.47796024239,78414.64368185487,-171587.37171345856,201960.1369863967,-289208.9339838941,-146773.15927887743,41915.16388865503,-28042.98411792577,125235.12786411576,-326005.1730344119,-56402.42427441215,-116878.1043661883,-206461.02601479052,14710.633469815784,-4335.33966051772,-83890.18229963658,107350.50958366436,-57283.38628149485,30977.7537368638,63218.393767446985,-97002.04193213684,-9173.775156266125
-48721.231851241966,-212646.20626055688,273836.94872075226,364280.9228726462,-135202.5996869675,157286.7062416912,-144368.7515471911,-62148.90048750842,66734.72119705832,-126326.13083515214,37808.709966833216,-127337.7122839599,-294652.7222166863,15187.915800195082,-96132.05141531742,131497.4506502902,-475275.9822404285,-128908.87193424095,-76248.25697285042,-361311.93813088944,-181043.86453612754,186549.02006517412,42832.36582131997,-91223.01476485665,199614.37526989685,-234945.74366787335,336446.48898382136,170747.46837596176,-48762.41975594361,32624.443591470215,-145689.26313043022,379252.7246814104,65614.94115921433,135971.05160569504,240183.19159829558,-17113.954824988068,5044.824015001974,97593.64142764521,-124884.07775970525,66640.47459273091,-36036.595857816166,-73543.76510436187,112846.3652338706,10671.978791849018
44719.677671266065,195181.79392542085,-251346.89389580645,-334362.6019666264,124098.69400758421,-144368.7515471911,132511.80082258524,57044.59933092832,-61253.928256816,115951.10804012521,-34703.49481736313,116879.65433867517,270452.98879671056,-13940.706009351505,88236.80647935127,-120697.56296884871,436241.7340807749,118321.79008676688,69986.2161019313,331637.5269491788,166174.96910963635,-171227.82614959628,-39314.67340104401,83730.87138183572,-183220.06721681103,215649.9772666408,-308814.38537000766,-156723.95083246546,44757.46221061942,-29944.886061325775,133724.00533192782,-348104.9685061363,-60226.01458891986,-124803.53932863557,-220457.1065534211,15708.333121124631,-4630.346849026866,-89578.1755461613,114627.48475707433,-61167.26269449912,33077.04153352808,67503.6942223705,-103578.32650961421,-9795.515949259527
19251.384927668656,84022.94976027012,-108201.35055092133,-143938.75617863858,53422.50380565453,-62148.90048750842,57044.59933092832,24557.05569085564,-26368.82987319591,49915.22995427158,-14939.426292331324,50314.91537399871,116426.4204482385,-6001.049627277342,37984.695335940225,-51958.78602577935,187796.29438795472,50935.68909740217,30127.78409247564,142765.550937732,71535.89419581457,-73711.30212305259,-16924.245622046456,36045.09328659102,-78873.84781020356,92834.12868373533,-132940.3096386642,-67467.69582708219,19267.632319136555,-12891.022578486367,57566.14853753038,-149854.32959060965,-25926.472220785123,-53726.670127810525,-94903.7469943273,6762.319472564251,-1993.535233243366,-38562.36439829755,49345.47994872753,-26331.800124452457,14239.073409063334,29059.334993020268,-44589.16292253787,-4216.803368704189
-20671.46678056865,-90223.8413977634,116186.1471540377,154559.89742935437,-57365.73438020876,66734.72119705832,-61253.928256816,-26368.82987319591,28315.175903777414,-53599.11621523861,16041.743754105013,-54028.44970860151,-125017.68243990748,6444.663158826711,-40787.88995620039,55792.62222795538,-201653.9973263924,-54695.166797025675,-32352.071407086434,-153300.43723095764,-76815.38161187698,79150.58232010901,18173.740555451335,-38704.71785546676,84693.90215269523,-99685.5744752612,142750.76494887308,72445.8429450726,-20688.940333076094,13841.765378236734,-61814.861589512126,160913.0444252991,27839.701524786775,57689.93392716174,101907.19015605551,-7261.03052817832,2139.890925023317,41407.413929704446,-52987.181674830725,28274.533248866603,-15290.311760551132,-31203.998983367845,47879.27466844822,4528.08584332529
39130.4900389354,170789.49122517288,-219935.1941248528,-292575.4905739613,108590.25747989041,-126326.13083515214,115951.10804012521,49915.22995427158,-53599.11621523861,101460.54327866736,-30366.370432064232,102273.15150175239,236653.1757604127,-12199.017056898108,77209.60528802473,-105613.2140209439,381722.47123431053,103535.15387926297,61240.485485279714,290191.2013767135,145407.80692740864,-149828.67235760033,-34401.772424485236,73266.48843169125,-160322.06671090552,188699.9185142537,-270220.78756554966,-137137.1341820701,39163.57647438901,-26202.181334757028,117012.45481958376,-304601.14677689754,-52699.33879947044,-109205.33036825401,-192905.77501497537,13744.987815178765,-4051.1450726301546,-78382.79997645068,100302.23517035804,-53522.66458966717,28943.60371403485,59067.66910784745,-90633.50950411627,-8571.408627728899
-11711.656202806154,-51116.07346219246,65825.14684991806,87566.16202884508,-32500.11966945959,37808.709966833216,-34703.49481736313,-14939.426292331324,16041.743754105013,-30366.370432064232,9088.50121670746,-30609.543343179303,-70828.86769352431,3650.886953550194,-23108.301005384154,31609.47430530696,-114247.25233498208,-30987.21184411751,-18328.602429683993,-86852.47635526388,-43519.48848828163,44842.81661514121,10296.070606286365,-21928.27285842378,47983.46323912463,-56476.469574907045,80875.29519153567,41044.417475954826,-11721.541137174421,7842.280067511061,-35020.89599189683,91165.0809300172,15772.569122117804,32684.84507632404,57735.44051625223,-4113.868146695364,1212.6839882329957,23459.626503660933,-30019.74274251714,16019.103037782252,-8662.514347544562,-17678.50257768586,27126.124652893803,2565.338408210419
39443.75366955389,172157.3377449432,-221696.53977950802,-294918.4095479034,109460.09226702095,-127337.7122839599,116879.65433867517,50314.91537399871,-54028.44970860151,102273.15150175239,-30609.543343179303,103092.31057718018,238548.31237033222,-12296.8728921401,77827.95599285592,-106458.92627554972,384779.3434850032,104364.4372810866,61731.11271331762,292515.0926096218,146572.4152997406,-151028.5249601224,-34677.382763103,73853.18500426436,-161605.89725783086,190211.28616837325,-272384.87000129715,-138235.2568902587,39477.09111487498,-26411.893551592755,117949.65742047328,-307040.56505905354,-53121.3693661547,-110079.60073069537,-194450.65971251056,13855.003129159188,-4083.4392789693734,-79010.37135977614,101105.5560971982,-53951.22320738257,29175.50137709202,59540.74484813999,-91359.29722996427,-8640.07350848366
91271.60098284468,398360.8715803156,-512992.3271798576,-682425.0519496142,253282.19585087625,-294652.7222166863,270452.98879671056,116426.4204482385,-125017.68243990748,236653.1757604127,-70828.86769352431,238548.31237033222,551987.2923113733,-28452.672137086473,180088.9822999771,-246340.44606920402,890357.6349512675,241491.70481467177,142840.12905489997,676863.2711663303,339158.69409659255,-349471.3814239253,-80240.27153186174,170892.42952469693,-373947.23992741294,440135.88682458526,-630281.9145189181,-319869.3429827271,91348.7557120169,-61116.68636518267,272927.20901490777,-710472.9818309187,-122919.70102714303,-254720.53212622405,-449947.0628079451,32060.26088248731,-9450.333581142053,-182826.6344997694,233951.65056089676,-124840.68905390994,67509.3866610921,137773.2788407772,-211400.52017750408,-19992.402217810482
-4704.210257615473,-20534.555787751186,26443.073096561697,35175.94663735266,-13056.72876993621,15187.915800195082,-13940.706009351505,-6001.049627277342,6444.663158826711,-12199.017056898108,3650.886953550194,-12296.8728921401,-28452.672137086473,1467.3762965793935,-9283.082450831529,12697.594190907805,-45894.27079868254,-12448.700643998065,-7363.841764380757,-34889.565205292914,-17482.988653663306,18013.851489350884,4136.634078351387,-8808.642265856484,19275.276087737657,-22688.27151249702,32489.036740693242,16487.576434036342,-4708.173052073641,3149.806097245686,-14069.036765492854,36622.66809343566,6336.067955236921,13128.58260572228,23193.27951796432,-1652.3041990649635,486.42366244402473,9423.428752586293,-12059.665327747545,6434.738233936114,-3480.34256253104,-7101.942086269693,10896.705448721357,1030.6376014972725
29777.72972666182,129967.70959147801,-167366.79099050284,-222644.9588047254,82635.08759220525,-96132.05141531742,88236.80647935127,37984.695335940225,-40787.88995620039,77209.60528802473,-23108.301005384154,77827.95599285592,180088.9822999771,-9283.082450831529,58755.12611558442,-80369.88919198989,290484.2208913385,78788.29040051317,46602.725930571076,220830.49140062614,110652.679528904,-114017.02940410835,-26179.026790883858,55754.572657417426,-122002.3560210142,143597.162654878,-205633.23268978106,-104359.06953686282,29802.901236100286,-19939.50869563256,89044.29075937913,-231796.06106859344,-40103.270532031056,-83103.63475138352,-146797.8913391706,10459.757520157864,-3083.0035350402786,-59648.06225506055,76328.18275625512,-40729.89039900101,22025.478710273197,44949.4080775835,-68970.57467029206,-6522.670233055398
-40732.77084707645,-177779.9494402943,228937.66093961228,304552.193956634,-113034.23385314553,131497.4506502902,-120697.56296884871,-51958.78602577935,55792.62222795538,-105613.2140209439,31609.47430530696,-106458.92627554972,-246340.44606920402,12697.594190907805,-80369.88919198989,109936.70110291225,-397348.10142135626,-107772.46109489181,-63746.238127024786,-302069.9890442989,-151359.23739446307,155961.8005618331,35809.371582171705,-76265.79307221473,166884.92224951924,-196423.15580883593,281281.52024447115,142751.15165688453,-40767.19616491123,27275.261247022085,-121801.4836368196,317069.07951990387,54856.48037554383,113676.87175642479,200801.90144225306,-14307.915409138472,4217.7172894480145,81591.88532516791,-104407.62262775762,55713.90147060133,-30127.87558681229,-61485.24641368197,94343.70870779763,8922.156819631986
147221.45516058465,642557.6220617369,-827458.5932421709,-1100754.2581005637,408545.1627491298,-475275.9822404285,436241.7340807749,187796.29438795472,-201653.9973263924,381722.47123431053,-114247.25233498208,384779.3434850032,890357.6349512675,-45894.27079868254,290484.2208913385,-397348.10142135626,1436150.3246634998,389527.0351327635,230401.65434873715,1091783.0851962757,547064.2969644981,-563698.6982910853,-129427.85401093042,275650.160224266,-603178.3348046697,709940.9000077106,-1016647.1691517412,-515950.48645144375,147345.8860405839,-98581.439303724,440232.6249032547,-1145995.654429599,-198269.94501933383,-410865.22073858086,-725766.3544875463,51713.32711978509,-15243.433751177394,-294900.0523749096,377364.9193994884,-201368.5276990443,108892.90800984741,222228.81805076989,-340989.88313065923,-32247.819058954035
39930.3736457728,174281.6410321072,-224432.0666805279,-298557.2986282061,110810.83528121299,-128908.87193424095,118321.79008676688,50935.68909740217,-54695.166797025675,103535.15387926297,-30987.21184411751,104364.4372810866,241491.70481467177,-12448.700643998065,78788.29040051317,-107772.46109489181,389527.0351327635,105652.28209787291,62492.94861423664,296124.36703820707,148381.03026599443,-152892.03056244503,-35105.343582684836,74764.41474489607,-163599.8980752364,192558.39348744525,-275745.8395647117,-139940.86029397964,39964.13241874715,-26737.724153652332,119405.12243424643,-310829.1672536128,-53776.83426256051,-111437.67684616732,-196849.9867765027,14025.919836995105,-4133.72621641228,-79985.201514885,102353.12774054271,-54616.86900556581,29535.554667741333,60275.4512151944,-92486.52617202413,-8746.698134777522
23618.10470896783,103086.49638208582,-132749.83212552854,-176593.70786790992,65544.36963686158,-76248.25697285042,69986.2161019313,30127.78409247564,-32352.071407086434,61240.485485279714,-18328.602429683993,61731.11271331762,142840.12905489997,-7363.841764380757,46602.725930571076,-63746.238127024786,230401.65434873715,62492.94861423664,36964.77023795173,175154.8728567191,87766.55418795282,-90434.25628501528,-20764.921107988815,44222.33979772483,-96767.72818145619,113897.29252555365,-163101.56473946496,-82773.4676936503,23638.080188823304,-15814.761041465494,70627.60291906097,-183853.12787463333,-31808.556235989145,-65913.46916297705,-116435.22083514056,8296.00339118342,-2444.5435151486213,-47310.14236683204,60541.239592944716,-32305.158010167757,17470.37444674772,35652.60357775703,-54704.82069973075,-5173.673072229617
111919.93408369995,488482.01886076236,-629046.5023170854,-836809.9326451252,310582.2510634373,-361311.93813088944,331637.5269491788,142765.550937732,-153300.43723095764,290191.2013767135,-86852.47635526388,292515.0926096218,676863.2711663303,-34889.565205292914,220830.49140062614,-302069.9890442989,1091783.0851962757,296124.36703820707,175154.8728567191,829989.9320736935,415886.559434776,-428532.2341784364,-98393.04087089431,209553.38888718776,-458545.2353452999,539707.8255154009,-772870.5146534641,-392233.2984098913,112014.52821538041,-74943.06041527547,334671.51693603647,-871203.1875054538,-150727.80037289756,-312345.84207046515,-551738.5268315208,39313.23187063515,-11588.240878126287,-224187.42235991656,286878.51738015795,-153083.36519936303,82782.06077428194,168941.71141693386,-259225.63060273486,-24515.28523968275
56079.742625013634,244766.3833513566,-315199.35777258326,-419303.59222956054,155625.77422745325,-181043.86453612754,166174.96910963635,71535.89419581457,-76815.38161187698,145407.80692740864,-43519.48848828163,146572.4152997406,339158.69409659255,-17482.988653663306,110652.679528904,-151359.23739446307,547064.2969644981,148381.03026599443,87766.55418795282,415886.559434776,208390.73804703087,-214726.47078544745,-49302.76183311557,105001.6390151097,-229765.0070946319,270434.6875741743,-387266.0213344927,-196537.61236316332,56127.12090556423,-37551.53934077279,167695.97752908574,-436538.08433789655,-75525.86438129467,-156507.27022588457,-276462.2665873448,19698.58603297631,-5805.896380712205,-112334.0079526192,143747.81758191215,-76705.84854870358,41480.445901437095,84652.60707660764,-129891.15713882961,-12284.083242506029
-57785.39157804781,-252208.24021940323,324783.10470293765,432053.463620371,-160356.79084416336,186549.02006517412,-171227.82614959628,-73711.30212305259,79150.58232010901,-149828.67235760033,44842.81661514121,-151028.5249601224,-349471.3814239253,18013.851489350884,-114017.02940410835,155961.8005618331,-563698.6982910853,-152892.03056244503,-90434.25628501528,-428532.2341784364,-214726.47078544745,221255.54794154674,50801.335708932,-108194.53989309022,236751.55872426106,-278656.65351868304,399040.9087433236,202514.02920931706,-57834.22849503275,38693.85239396918,-172794.315290256,449811.06624679425,77822.29353304574,161267.30991559682,284868.2126065227,-20297.814742831302,5983.11465768276,115750.23186521749,-148118.30110920215,79038.49271078463,-42741.22919502777,-87226.32572377747,133840.82750980306,12657.491548135657
-13267.439286366967,-57908.720056751445,74572.06172969098,99201.30264354387,-36819.47796024239,42832.36582131997,-39314.67340104401,-16924.245622046456,18173.740555451335,-34401.772424485236,10296.070606286365,-34677.382763103,-80240.27153186174,4136.634078351387,-26179.026790883858,35809.371582171705,-129427.85401093042,-35105.343582684836,-20764.921107988815,-98393.04087089431,-49302.76183311557,50801.335708932,11664.672980608046,-24841.84549565069,54359.15436322706,-63981.67471655444,91622.11275585747,46497.89410169085,-13278.659976261697,8883.91962597,-39674.975770892954,103279.27877094167,17868.418675072582,37026.80512389775,65407.34835741554,-4660.268117424716,1373.2152248654866,26576.411999725944,-34008.97158446491,18147.382437411827,-9813.965389453033,-20027.80901958076,30730.367355754686,2906.305279005928
28257.321628254947,123330.33343411652,-158819.6909676682,-211275.35215638895,78414.64368185487,-91223.01476485665,83730.87138183572,36045.09328659102,-38704.71785546676,73266.48843169125,-21928.27285842378,73853.18500426436,170892.42952469693,-8808.642265856484,55754.572657417426,-76265.79307221473,275650.160224266,74764.41474489607,44222.33979772483,209553.38888718776,105001.6390151097,-108194.53989309022,-24841.84549565069,52907.46136050781,-115772.17233862198,136263.5937817583,-195131.92011482504,-99029.98165834165,28281.19903605216,-18921.510669393632,84496.6918118248,-219958.62914905167,-38055.29131015931,-78860.43328774597,-139301.2252209381,9925.75316315169,-2925.9272796889545,-56602.28747647217,72430.14185435836,-38650.10398591022,20900.456280785045,42653.828354012665,-65448.55631013005,-6189.52195517411
-61832.61328087992,-269871.91152006923,347529.7688914485,462313.1643789045,-171587.37171345856,199614.37526989685,-183220.06721681103,-78873.84781020356,84693.90215269523,-160322.06671090552,47983.46323912463,-161605.89725783086,-373947.23992741294,19275.276087737657,-122002.3560210142,166884.92224951924,-603178.3348046697,-163599.8980752364,-96767.72818145619,-458545.2353452999,-229765.0070946319,236751.55872426106,54359.15436322706,-115772.17233862198,253332.93395628623,-298172.56540563505,426988.28855178534,216697.56615120187,-61884.894055133496,41403.996263105706,-184896.08474479924,481314.2112243907,83272.7082295455,172562.27070698098,304819.3691892917,-21719.48008459609,6402.3356720878755,123857.16840857103,-158491.91519259117,84574.16062993834,-45734.54174396313,-93335.31013157536,143214.61775327325,13543.953436976815
72776.2144814784,317640.3926181751,-409043.23320873076,-544142.1668553879,201960.1369863967,-234945.74366787335,215649.9772666408,92834.12868373533,-99685.5744752612,188699.9185142537,-56476.469574907045,190211.28616837325,440135.88682458526,-22688.27151249702,143597.162654878,-196423.15580883593,709940.9000077106,192558.39348744525,113897.29252555365,539707.8255154009,270434.6875741743,-278656.65351868304,-63981.67471655444,136263.5937817583,-298172.56540563505,350950.93019256776,-502566.21226531715,-255052.40134476445,72837.69940562027,-48731.63546439438,217623.94494452025,-566507.9871396773,-98012.07300809218,-203103.7751862026,-358772.9960501096,25563.38143480919,-7534.38309836328,-145778.96982991623,186545.68730685132,-99543.32239625583,53830.42148938937,109856.13718674943,-168563.43012683603,-15941.420722881252
-104217.32349124229,-454865.46272046526,585756.1881575211,779220.9447618622,-289208.9339838941,336446.48898382136,-308814.38537000766,-132940.3096386642,142750.76494887308,-270220.78756554966,80875.29519153567,-272384.87000129715,-630281.9145189181,32489.036740693242,-205633.23268978106,281281.52024447115,-1016647.1691517412,-275745.8395647117,-163101.56473946496,-772870.5146534641,-387266.0213344927,399040.9087433236,91622.11275585747,-195131.92011482504,426988.28855178534,-502566.21226531715,719682.4273122576,365239.748424296,-104305.40444987401,69785.15521763226,-311640.1706758175,811247.9867723442,140354.8449998415,290849.48379542463,513768.4477799189,-36607.51898299939,10790.230094494415,208758.58643522064,-267136.0019400582,142548.03961372073,-77085.41560668584,-157315.457188292,241385.76780502006,22828.23946712783
-52890.91521298076,-230844.52108506026,297272.06435837783,395456.4255526542,-146773.15927887743,170747.46837596176,-156723.95083246546,-67467.69582708219,72445.8429450726,-137137.1341820701,41044.417475954826,-138235.2568902587,-319869.3429827271,16487.576434036342,-104359.06953686282,142751.15165688453,-515950.48645144375,-139940.86029397964,-82773.4676936503,-392233.2984098913,-196537.61236316332,202514.02920931706,46497.89410169085,-99029.98165834165,216697.56615120187,-255052.40134476445,365239.748424296,185360.24116687232,-52935.63249160463,35416.560816492376,-158157.33705458354,411709.3582551247,71230.31103565205,147607.7767752307,260738.20137197102,-18578.628478812127,5476.6870457628565,105945.88000000949,-135571.68467247105,72343.66973253542,-39120.546645078364,-79837.64971327588,122503.86799034016,11585.276702128478
15104.888810625494,65924.57645462947,-84895.18611972482,-112935.14378622163,41915.16388865503,-48762.41975594361,44757.46221061942,19267.632319136555,-20688.940333076094,39163.57647438901,-11721.541137174421,39477.09111487498,91348.7557120169,-4708.173052073641,29802.901236100286,-40767.19616491123,147345.8860405839,39964.13241874715,23638.080188823304,112014.52821538041,56127.12090556423,-57834.22849503275,-13278.659976261697,28281.19903605216,-61884.894055133496,72837.69940562027,-104305.40444987401,-52935.63249160463,15117.677243330094,-10114.569325553193,45166.43779942291,-117576.21800206647,-20342.02908759163,-42154.631703468986,-74461.81802911659,5305.842902546474,-1564.380474611961,-30256.449962598497,38716.55174149938,-20660.144003484227,11171.84742087542,22800.01411366401,-34984.878968333745,-3308.4858772669418
-10106.004860496301,-44106.52493042192,56798.83695405508,75559.07194805003,-28042.98411792577,32624.443591470215,-29944.886061325775,-12891.022578486367,13841.765378236734,-26202.181334757028,7842.280067511061,-26411.893551592755,-61116.68636518267,3149.806097245686,-19939.50869563256,27275.261247022085,-98581.439303724,-26737.724153652332,-15814.761041465494,-74943.06041527547,-37551.53934077279,38693.85239396918,8883.91962597,-18921.510669393632,41403.996263105706,-48731.63546439438,69785.15521763226,35416.560816492376,-10114.569325553193,6767.258709899296,-30218.323784709602,78663.94016973888,13609.776411579538,28203.75844893082,49818.42758982649,-3549.928439841959,1046.816208040385,20243.146863809874,-25903.120335096937,13822.691199520805,-7474.372744161675,-15254.230089705054,23406.580238811406,2213.5087942907044
45128.284325330205,196968.13627619948,-253646.79996444852,-337421.20387492183,125235.12786411576,-145689.26313043022,133724.00533192782,57566.14853753038,-61814.861589512126,117012.45481958376,-35020.89599189683,117949.65742047328,272927.20901490777,-14069.036765492854,89044.29075937913,-121801.4836368196,440232.6249032547,119405.12243424643,70627.60291906097,334671.51693603647,167695.97752908574,-172794.315290256,-39674.975770892954,84496.6918118248,-184896.08474479924,217623.94494452025,-311640.1706758175,-158157.33705458354,45166.43779942291,-30218.323784709602,134948.20682888536,-351290.34966768336,-60777.069779722544,-125943.98708534693,-222474.31522905396,15851.753322087268,-4671.951898840817,-90397.14600657678,115676.58220987537,-61726.52031818537,33380.169666083755,68121.58313303563,-104525.72537753322,-9885.253519677643
-117476.91189715656,-512738.2457955501,660282.2574334216,878361.5711170165,-326005.1730344119,379252.7246814104,-348104.9685061363,-149854.32959060965,160913.0444252991,-304601.14677689754,91165.0809300172,-307040.56505905354,-710472.9818309187,36622.66809343566,-231796.06106859344,317069.07951990387,-1145995.654429599,-310829.1672536128,-183853.12787463333,-871203.1875054538,-436538.08433789655,449811.06624679425,103279.27877094167,-219958.62914905167,481314.2112243907,-566507.9871396773,811247.9867723442,411709.3582551247,-117576.21800206647,78663.94016973888,-351290.34966768336,914463.4979183023,158212.26868738362,327854.3268187079,579135.4650735117,-41265.09523848784,12163.033143092965,235319.02982347267,-301123.85957647,160684.46759047793,-86893.0473711421,-177330.80384630084,272097.3621640925,25732.69368313173
-20324.84095721308,-88709.34624334665,114236.11888071167,151966.30424861706,-56402.42427441215,65614.94115921433,-60226.01458891986,-25926.472220785123,27839.701524786775,-52699.33879947044,15772.569122117804,-53121.3693661547,-122919.70102714303,6336.067955236921,-40103.270532031056,54856.48037554383,-198269.94501933383,-53776.83426256051,-31808.556235989145,-150727.80037289756,-75525.86438129467,77822.29353304574,17868.418675072582,-38055.29131015931,83272.7082295455,-98012.07300809218,140354.8449998415,71230.31103565205,-20342.02908759163,13609.776411579538,-60777.069779722544,158212.26868738362,27372.47436011872,56722.521914871824,100196.82533563023,-7139.340225436963,2104.3913695296505,40712.84560798377,-52097.731250012395,27800.212160939776,-15033.418630251057,-30680.17496071486,47075.86090358742,4452.033957624402
-42119.025674719654,-183826.84043274182,236725.1804153623,314912.87411978096,-116878.1043661883,135971.05160569504,-124803.53932863557,-53726.670127810525,57689.93392716174,-109205.33036825401,32684.84507632404,-110079.60073069537,-254720.53212622405,13128.58260572228,-83103.63475138352,113676.87175642479,-410865.22073858086,-111437.67684616732,-65913.46916297705,-312345.84207046515,-156507.27022588457,161267.30991559682,37026.80512389775,-78860.43328774597,172562.27070698098,-203103.7751862026,290849.48379542463,147607.7767752307,-42154.631703468986,28203.75844893082,-125943.98708534693,327854.3268187079,56722.521914871824,117545.51399900581,207632.38609433296,-14794.99056297379,4362.0917252155505,84368.1708493578,-107958.86029747344,57609.56270090219,-31152.128220096038,-63576.48811075684,97553.28803331168,9225.530181454027
-74398.93665655021,-324720.3126322873,418160.89994228317,556272.012759456,-206461.02601479052,240183.19159829558,-220457.1065534211,-94903.7469943273,101907.19015605551,-192905.77501497537,57735.44051625223,-194450.65971251056,-449947.0628079451,23193.27951796432,-146797.8913391706,200801.90144225306,-725766.3544875463,-196849.9867765027,-116435.22083514056,-551738.5268315208,-276462.2665873448,284868.2126065227,65407.34835741554,-139301.2252209381,304819.3691892917,-358772.9960501096,513768.4477799189,260738.20137197102,-74461.81802911659,49818.42758982649,-222474.31522905396,579135.4650735117,100196.82533563023,207632.38609433296,366770.1367347835,-26133.481132143155,7703.0149273702455,149029.0937526406,-190703.6094124623,101762.53801528312,-55029.86363004491,-112304.68467802412,172321.02162063948,16296.664615681917
5301.360064209612,23137.15902951609,-29795.218723011785,-39636.37826220521,14710.633469815784,-17113.954824988068,15708.333121124631,6762.319472564251,-7261.03052817832,13744.987815178765,-4113.868146695364,13855.003129159188,32060.26088248731,-1652.3041990649635,10459.757520157864,-14307.915409138472,51713.32711978509,14025.919836995105,8296.00339118342,39313.23187063515,19698.58603297631,-20297.814742831302,-4660.268117424716,9925.75316315169,-21719.48008459609,25563.38143480919,-36607.51898299939,-18578.628478812127,5305.842902546474,-3549.928439841959,15851.753322087268,-41265.09523848784,-7139.340225436963,-14794.99056297379,-26133.481132143155,1862.2080645505412,-549.1413494431004,-10619.034749968128,13588.117328012897,-7251.040676410974,3920.8668561664535,8001.972887712759,-12278.510673318951,-1161.1507747251108
-1563.0573162965516,-6819.519916543872,8782.312634851387,11683.74467606611,-4335.33966051772,5044.824015001974,-4630.346849026866,-1993.535233243366,2139.890925023317,-4051.1450726301546,1212.6839882329957,-4083.4392789693734,-9450.333581142053,486.42366244402473,-3083.0035350402786,4217.7172894480145,-15243.433751177394,-4133.72621641228,-2444.5435151486213,-11588.240878126287,-5805.896380712205,5983.11465768276,1373.2152248654866,-2925.9272796889545,6402.3356720878755,-7534.38309836328,10790.230094494415,5476.6870457628565,-1564.380474611961,1046.816208040385,-4671.951898840817,12163.033143092965,2104.3913695296505,4362.0917252155505,7703.0149273702455,-549.1413494431004,162.45103449165498,3130.579490695826,-4004.99583601661,2137.6147741987543,-1155.3284298932635,-2358.4743938976726,3619.422830327579,342.17678668118924
-30230.868694278568,-131942.73054386498,169910.61386444487,226029.78351391107,-83890.18229963658,97593.64142764521,-89578.1755461613,-38562.36439829755,41407.413929704446,-78382.79997645068,23459.626503660933,-79010.37135977614,-182826.6344997694,9423.428752586293,-59648.06225506055,81591.88532516791,-294900.0523749096,-79985.201514885,-47310.14236683204,-224187.42235991656,-112334.0079526192,115750.23186521749,26576.411999725944,-56602.28747647217,123857.16840857103,-145778.96982991623,208758.58643522064,105945.88000000949,-30256.449962598497,20243.146863809874,-90397.14600657678,235319.02982347267,40712.84560798377,84368.1708493578,149029.0937526406,-10619.034749968128,3130.579490695826,60555.36453668785,-77488.06821483337,41349.33418892089,-22359.77702171659,-45632.42042294029,70019.14844357666,6621.7119162127865
38683.86177598365,168839.74847173068,-217424.44871264353,-289235.6261744084,107350.50958366436,-124884.07775970525,114627.48475707433,49345.47994872753,-52987.181674830725,100302.23517035804,-30019.74274251714,101105.5560971982,233951.65056089676,-12059.665327747545,76328.18275625512,-104407.62262775762,377364.9193994884,102353.12774054271,60541.239592944716,286878.51738015795,143747.81758191215,-148118.30110920215,-34008.97158446491,72430.14185435836,-158491.91519259117,186545.68730685132,-267136.0019400582,-135571.68467247105,38716.55174149938,-25903.120335096937,115676.58220987537,-301123.85957647,-52097.731250012395,-107958.86029747344,-190703.6094124623,13588.117328012897,-4004.99583601661,-77488.06821483337,99157.18161577676,-52911.72347458538,28613.14012358792,58393.329691680374,-89598.92106469601,-8473.545239923975
-20642.704149486457,-90095.37213000632,116021.18720040833,154341.3648790597,-57283.38628149485,66640.47459273091,-61167.26269449912,-26331.800124452457,28274.533248866603,-53522.66458966717,16019.103037782252,-53951.22320738257,-124840.68905390994,6434.738233936114,-40729.89039900101,55713.90147060133,-201368.5276990443,-54616.86900556581,-32305.158010167757,-153083.36519936303,-76705.84854870358,79038.49271078463,18147.382437411827,-38650.10398591022,84574.16062993834,-99543.32239625583,142548.03961372073,72343.66973253542,-20660.144003484227,13822.691199520805,-61726.52031818537,160684.46759047793,27800.212160939776,57609.56270090219,101762.53801528312,-7251.040676410974,2137.6147741987543,41349.33418892089,-52911.72347458538,28234.821950777972,-15268.13188322795,-31159.492537306924,47811.65004897927,4521.555417889666
11162.42786219501,48720.969402927825,-62740.49436858091,-83462.07410486836,30977.7537368638,-36036.595857816166,33077.04153352808,14239.073409063334,-15290.311760551132,28943.60371403485,-8662.514347544562,29175.50137709202,67509.3866610921,-3480.34256253104,22025.478710273197,-30127.87558681229,108892.90800984741,29535.554667741333,17470.37444674772,82782.06077428194,41480.445901437095,-42741.22919502777,-9813.965389453033,20900.456280785045,-45734.54174396313,53830.42148938937,-77085.41560668584,-39120.546645078364,11171.84742087542,-7474.372744161675,33380.169666083755,-86893.0473711421,-15033.418630251057,-31152.128220096038,-55029.86363004491,3920.8668561664535,-1155.3284298932635,-22359.77702171659,28613.14012358792,-15268.13188322795,8256.909831463483,16850.20232337475,-25854.724893985225,-2445.1945623523075
22780.74791351609,99429.16246766255,-128040.50723096142,-170329.78464160275,63218.393767446985,-73543.76510436187,67503.6942223705,29059.334993020268,-31203.998983367845,59067.66910784745,-17678.50257768586,59540.74484813999,137773.2788407772,-7101.942086269693,44949.4080775835,-61485.24641368197,222228.81805076989,60275.4512151944,35652.60357775703,168941.71141693386,84652.60707660764,-87226.32572377747,-20027.80901958076,42653.828354012665,-93335.31013157536,109856.13718674943,-157315.457188292,-79837.64971327588,22800.01411366401,-15254.230089705054,68121.58313303563,-177330.80384630084,-30680.17496071486,-63576.48811075684,-112304.68467802412,8001.972887712759,-2358.4743938976726,-45632.42042294029,58393.329691680374,-31159.492537306924,16850.20232337475,34387.649990277176,-52764.45021775982,-4990.04890602394
-34955.357559600656,-152564.43988030017,196466.1114082412,261355.7339477281,-97002.04193213684,112846.3652338706,-103578.32650961421,-44589.16292253787,47879.27466844822,-90633.50950411627,27126.124652893803,-91359.29722996427,-211400.52017750408,10896.705448721357,-68970.57467029206,94343.70870779763,-340989.88313065923,-92486.52617202413,-54704.82069973075,-259225.63060273486,-129891.15713882961,133840.82750980306,30730.367355754686,-65448.55631013005,143214.61775327325,-168563.43012683603,241385.76780502006,122503.86799034016,-34984.878968333745,23406.580238811406,-104525.72537753322,272097.3621640925,47075.86090358742,97553.28803331168,172321.02162063948,-12278.510673318951,3619.422830327579,70019.14844357666,-89598.92106469601,47811.65004897927,-25854.724893985225,-52764.45021775982,80962.39463050257,7656.684418731358
-3305.6913808798913,-14428.318041608618,18580.110928996175,24716.683185210168,-9173.775156266125,10671.978791849018,-9795.515949259527,-4216.803368704189,4528.08584332529,-8571.408627728899,2565.338408210419,-8640.07350848366,-19992.402217810482,1030.6376014972725,-6522.670233055398,8922.156819631986,-32247.819058954035,-8746.698134777522,-5173.673072229617,-24515.28523968275,-12284.083242506029,12657.491548135657,2906.305279005928,-6189.52195517411,13543.953436976815,-15941.420722881252,22828.23946712783,11585.276702128478,-3308.4858772669418,2213.5087942907044,-9885.253519677643,25732.69368313173,4452.033957624402,9225.530181454027,16296.664615681917,-1161.1507747251108,342.17678668118924,6621.7119162127865,-8473.545239923975,4521.555417889666,-2445.1945623523075,-4990.04890602394,7656.684418731358,724.1226558155886
