V1,V2,V3,V4,V5,V6,V7,V8,V9,V10,V11,V12,V13,V14,V15,V16,V17,V18,V19,V20,V21,V22,V23,V24,V25,V26,V27,V28,V29,V30,V31,V32,V33,V34,V35,V36,V37,V38,V39,V40,V41,V42,V43,V44
294.4864727054614,1285.1452837513477,-1654.8800352103767,-2201.5962266581028,817.1547793084187,-950.557208678258,872.597815984944,375.757254140388,-403.2866141095941,763.3748736286868,-228.58514005557484,769.5559840042847,1780.7310029675562,-91.82335391735091,580.9613329036521,-794.7596799893298,2872.436359855177,778.990169614943,460.69003299646056,2183.6682670718087,1094.2523532421885,-1127.4659653044607,-258.7943728848887,551.3635386797501,-1206.3100092870657,1420.0292923915783,-2033.3756008134758,-1031.8938055926756,294.6102139137973,-197.07418625359855,880.4014297172737,-2291.975431832609,-396.4988826016514,-821.7984301323709,-1451.5831395420375,103.43258712003079,-30.518182143492673,-589.6899533836706,754.7739956724646,-402.81373399492446,217.8513776134193,444.3957265521634,-682.1487477839133,-64.49018889311782
1285.1452837513477,5609.35199038188,-7223.591890101324,-9609.173823659488,3566.3777466070555,-4149.004955506525,3808.1135238839574,1639.1400031300857,-1760.4325319227542,3332.429876360387,-997.2023005394507,3359.0132668805763,7772.57492397426,-400.58729550543524,2535.856940722137,-3468.691802435397,12536.99997781916,3400.579092433085,2011.524054985156,9530.819674061755,4775.552353460589,-4920.854010209562,-1129.9645058713945,2406.220137951104,-5265.675005997094,6197.381134645222,-8874.961728872451,-4504.127853260861,1286.4146303518523,-860.7480110949837,3843.2308788647924,-10004.265593135911,-1730.8792389514747,-3586.6520976659135,-6335.680290039537,451.4159400168314,-133.0508406279888,-2574.6062141059297,3294.2406678960165,-1757.7810284596892,950.5062083205096,1940.10752053625,-2976.5071671612936,-281.5301032893844
-1654.8800352103767,-7223.591890101324,9302.687486969824,12374.401048418827,-4592.4904731577,5343.0948599431795,-4903.684554466752,-2110.27559339509,2267.152057621833,-4291.749217936786,1283.861200159314,-4325.716808586293,-10009.486465155203,515.7109139131594,-3265.69122872911,4466.766413738853,-16144.674777817825,-4379.466918821804,-2590.8246315830906,-12273.43555186542,-6149.475479533771,6336.835910956118,1455.3735311764667,-3098.4896103612477,6781.337199937157,-7980.391521703877,11428.871089828459,5800.487731076314,-1656.9812515728877,1108.835598608297,-4949.525304487113,12883.554296287663,2229.1718781715317,4618.70357670624,8158.901947061879,-581.3095030092111,171.26095976565952,3316.0331759293235,-4242.155730403044,2263.4013967898095,-1223.7946238914744,-2498.7002270895523,3832.5343891293974,362.5619294688532
-2201.5962266581028,-9609.173823659488,12374.401048418827,16461.316083532714,-6109.552620963345,7107.59567373965,-6523.670756127815,-2808.231003337703,3015.6639101734627,-5708.622323588975,1708.4047228146765,-5754.253109226547,-13314.985015473736,686.2604354185959,-4344.10763007441,5942.107889963735,-21476.973401690044,-5825.32359901097,-3445.70521374268,-16327.127214199372,-8180.969029284104,8429.80966177124,1935.615476335963,-4122.221642150355,9020.386454764439,-10616.711283640352,15203.485331838277,7715.885698534641,-2203.6353752224863,1474.3789651785737,-6583.602965285461,17137.999148824005,2965.142439841122,6144.295385435174,10853.514518949109,-773.3918502112641,227.92182273596077,4410.280702329907,-5643.285089268832,3011.2969897573075,-1628.352328832943,-3323.426322951312,5099.150697471014,482.27466149887186
817.1547793084187,3566.3777466070555,-4592.4904731577,-6109.552620963345,2267.688834773781,-2637.9010110883482,2421.4071593725175,1042.605721676275,-1119.1861675705654,2118.5610669039406,-634.2537931598694,2135.6535901761995,4941.693487830252,-254.81842761484077,1612.2577579405095,-2205.412915911092,7971.1789216472125,2161.8771439102284,1278.62579806338,6059.8134734936675,3036.5472598664473,-3128.7374161533744,-718.2707965033071,1530.073524787373,-3347.6598290157663,3940.616060326368,-5642.745499136528,-2863.6018870799953,817.6438222750506,-546.9502725425572,2443.2920840548504,-6360.528953013633,-1100.4104156277374,-2280.4451367051474,-4028.250034542909,287.05323342804684,-84.59295606533617,-1636.5062871265152,2094.5320410574427,-1117.7496357400678,604.5109101332239,1233.3100263021252,-1892.833106050701,-178.97967871748557
-950.557208678258,-4149.004955506525,5343.0948599431795,7107.59567373965,-2637.9010110883482,3068.961091754319,-2816.6511278871913,-1212.316746042439,1302.1371237845399,-2464.996854135101,737.5338309625556,-2484.5913227956157,-5749.168588734513,296.2574631896472,-1875.7211946845298,2565.5894438911205,-9273.220411880366,-2515.347538037057,-1487.9509607920072,-7049.646251727256,-3532.2133202953814,3639.7506097078754,835.8509842934803,-1779.8270661607826,3894.923953693175,-4583.879430288312,6564.481438205935,3331.619597955806,-951.6257163690053,636.7404310196029,-2842.764008335204,7399.931293622102,1280.371669694775,2652.918176152677,4686.291040645097,-333.93168897288444,98.36085159166379,1904.440882862116,-2436.6084454300644,1300.1189472065782,-702.9925821158866,-1435.085110767124,2201.480866835918,208.2321830427181
872.597815984944,3808.1135238839574,-4903.684554466752,-6523.670756127815,2421.4071593725175,-2816.6511278871913,2585.6747010055005,1113.4327490720864,-1195.0284916534188,2262.0160418020205,-677.3460573757624,2280.3351300543673,5276.590902431782,-272.1277088373386,1721.4885137596723,-2354.996502298235,8511.503760508167,2308.2866009878385,1365.1284780200783,6470.567452302739,3242.483797082001,-3340.878708781724,-766.8671535909358,1633.762499001652,-3574.4828951429113,4207.82097814569,-6025.248841239331,-3057.6545967536535,872.9500449720041,-583.9302942598711,2608.7825485637177,-6791.513201101109,-1174.8787613422835,-2435.0787331132515,-4301.292700378618,306.46024219118846,-90.40380745791468,-1747.3131660025192,2236.5388782964646,-1193.6008205920953,645.5552982689313,1316.824229022538,-2021.3372555972653,-191.08768049144683
375.757254140388,1639.1400031300857,-2110.27559339509,-2808.231003337703,1042.605721676275,-1212.316746042439,1113.4327490720864,480.16521607510236,-514.1908317566601,973.2281617693553,-292.02910240373103,981.5091570537544,2271.0956222965424,-117.34792145716709,740.9186341702457,-1013.8323674075393,3664.071878928869,993.1661803495117,586.9584066897202,2785.481178164865,1396.2260227372217,-1438.2186879326282,-329.74067358812295,703.6264054064127,-1538.1366452751415,1811.8919051584678,-2593.665149729088,-1315.9213907947699,375.24505466611527,-250.76693923434115,1122.4703207508142,-2922.9863959419545,-505.51703976074276,-1048.3575013230384,-1851.533791632359,132.0051876899366,-38.99297616036779,-751.3302435168312,962.818000763295,-514.1163114917299,278.222860186059,566.3957460109488,-870.858819901471,-82.23722444995127
-403.2866141095941,-1760.4325319227542,2267.152057621833,3015.6639101734627,-1119.1861675705654,1302.1371237845399,-1195.0284916534188,-514.1908317566601,552.5548606872035,-1045.9530744726212,312.84526523480093,-1054.1915460307532,-2439.3633231740055,125.67645072688282,-795.8632426822875,1088.5724417800782,-3934.4888578648743,-1067.3308932241239,-631.4624085517581,-2991.0528271557514,-1498.6284485650806,1544.3203491392983,354.7201957555296,-755.0413174188374,1652.6878192027384,-1944.806452841553,2785.2672791433615,1413.6171636479069,-403.8461806177303,270.27664992493584,-1206.2672859785964,3139.8045110694184,543.2540978476961,1125.56107518599,1988.358570152316,-141.62545761350384,41.7351569799852,808.2017272191817,-1033.8370807838849,551.5733765439413,-298.2244352124388,-608.9879974986131,933.9461502659051,88.34791680408125
763.3748736286868,3332.429876360387,-4291.749217936786,-5708.622323588975,2118.5610669039406,-2464.996854135101,2262.0160418020205,973.2281617693553,-1045.9530744726212,1980.1104210441574,-592.11046787594,1995.636737188456,4617.741070968483,-237.83529030699174,1506.6095555538193,-2060.529058240984,7447.911802148621,2020.5362942766803,1195.472896035666,5662.024678254661,2836.7195373996915,-2923.275206723756,-671.5423955946535,1429.3606160999673,-3128.5906811166374,3681.3412736356095,-5272.400536473634,-2676.0239952254733,764.6156362453432,-511.7287690255979,2283.526254902847,-5943.734235547525,-1028.5178149404076,-2130.661054353208,-3763.9131997844474,268.1908945752903,-78.92890164547235,-1530.0316563405258,1956.971485570934,-1044.035761437665,564.4395404090117,1152.8682103363044,-1767.737883934873,-167.2694104771353
-228.58514005557484,-997.2023005394507,1283.861200159314,1708.4047228146765,-634.2537931598694,737.5338309625556,-677.3460573757624,-292.02910240373103,312.84526523480093,-592.11046787594,177.62166987401102,-597.1104349786435,-1381.664884014503,71.37730796418472,-450.750360940082,616.7798765473524,-2229.054917804252,-604.2404681499429,-357.14327452150434,-1694.5552915695762,-849.3789871558772,874.960291210202,200.636003952729,-428.00175812561815,935.7932763165722,-1102.234549764522,1577.8889261733655,800.5762418324124,-228.32409211899318,152.6097118822733,-682.912540608697,1778.265786435666,307.5404976109252,637.7595794852784,1126.4030712642232,-80.2784938681435,23.72276608887436,457.1553533960216,-585.7423052693318,312.74349382963976,-169.23533883873978,-344.6151794866526,529.7383130545916,50.024657466268486
769.5559840042847,3359.0132668805763,-4325.716808586293,-5754.253109226547,2135.6535901761995,-2484.5913227956157,2280.3351300543673,981.5091570537544,-1054.1915460307532,1995.636737188456,-597.1104349786435,2011.5224356746307,4654.471995704765,-239.86381744454707,1518.5736373031552,-2077.0726319197197,7507.524295900157,2036.4129702583073,1204.6303879452105,5707.34256092848,2859.672604857282,-2946.7023273191603,-676.694494745248,1440.9612291426722,-3153.2711891307486,3711.1126369105637,-5314.555588876663,-2697.233284811551,770.4045749515416,-515.4719337030268,2301.4797937881326,-5990.9227088971,-1036.582808345014,-2147.7656384758257,-3793.9855327134655,270.36502679969027,-79.61747360065542,-1541.7820734218683,1972.6614496494722,-1052.5663733844046,569.1542633389504,1161.8221119562777,-1782.315079020226,-168.5952713722753
1780.7310029675562,7772.57492397426,-10009.486465155203,-13314.985015473736,4941.693487830252,-5749.168588734513,5276.590902431782,2271.0956222965424,-2439.3633231740055,4617.741070968483,-1381.664884014503,4654.471995704765,10770.167894839076,-555.0020357975851,3513.860289523127,-4806.306363510311,17371.918036971692,4712.117339520511,2787.4247436202936,13206.402758581657,6617.096221576925,-6818.534170666069,-1565.8211464331414,3334.18646436384,-7296.5250343063735,8587.23449424391,-12297.56841830241,-6241.249563003486,1782.6867227733233,-1192.834456575368,5325.482072792811,-13862.585577330594,-2398.52012919138,-4969.841156213974,-8779.045148545738,625.5439076687499,-184.30714727973114,-3567.684709722471,4564.62605106754,-2435.5892691620465,1316.9670840252243,2688.406897444953,-4124.185886843845,-390.10451885996224
-91.82335391735091,-400.58729550543524,515.7109139131594,686.2604354185959,-254.81842761484077,296.2574631896472,-272.1277088373386,-117.34792145716709,125.67645072688282,-237.83529030699174,71.37730796418472,-239.86381744454707,-555.0020357975851,28.706436945261736,-181.0628734006787,247.76471785757064,-895.4264280188572,-242.70914150080455,-143.4527855318544,-680.7157289913592,-341.24224913345046,351.4859022319494,80.58900441847487,-171.9299519215251,375.8785640669826,-442.8219165741336,633.8592748584707,321.5748090005356,-91.67758626300602,61.25831562689619,-274.3106566355554,714.3222476145135,123.51787759485393,256.16955900830993,452.4873229416771,-32.2318758021717,9.517760561052494,183.58558685312596,-235.31213433974978,125.64255130137455,-68.01376160887585,-138.41883839922207,212.84622427525986,20.089261946897075
580.9613329036521,2535.856940722137,-3265.69122872911,-4344.10763007441,1612.2577579405095,-1875.7211946845298,1721.4885137596723,740.9186341702457,-795.8632426822875,1506.6095555538193,-450.750360940082,1518.5736373031552,3513.860289523127,-181.0628734006787,1146.4370155510308,-1568.0656669042573,5667.704215950224,1537.3948997663158,909.4609493324864,4308.679412070855,2158.839472642149,-2224.575430600069,-510.88371488618674,1087.808576255396,-2380.5671888491383,2801.615036819358,-4012.159518043614,-2036.265053250955,581.6464810431778,-389.1962283897074,1737.505815516536,-4522.804049103124,-782.5662779606856,-1621.4323424299416,-2864.2246984685403,204.10249578099575,-60.11117665317458,-1164.0155863368882,1489.2295278569677,-794.6045329294201,429.64913534985305,877.1340042987416,-1345.4902101017312,-127.28091443706268
-794.7596799893298,-3468.691802435397,4466.766413738853,5942.107889963735,-2205.412915911092,2565.5894438911205,-2354.996502298235,-1013.8323674075393,1088.5724417800782,-2060.529058240984,616.7798765473524,-2077.0726319197197,-4806.306363510311,247.76471785757064,-1568.0656669042573,2145.0558030631373,-7752.641070906378,-2102.700014781344,-1243.6726486103432,-5893.664312069239,-2953.241683566106,3043.0148951793067,698.6346416462335,-1487.9798790436982,3256.0464655774863,-3832.481305872754,5488.105942787803,2785.169681975962,-795.3342780260683,532.1270454693691,-2376.423928892552,6186.236923369838,1070.2209092016217,2217.967468705132,3917.8437747773423,-279.1223335413539,82.35127982778367,1591.8895861931417,-2037.119914686276,1087.0790154774127,-587.8670428201841,-1199.5993172686617,1840.844038060564,174.0768727969688
2872.436359855177,12536.99997781916,-16144.674777817825,-21476.973401690044,7971.1789216472125,-9273.220411880366,8511.503760508167,3664.071878928869,-3934.4888578648743,7447.911802148621,-2229.054917804252,7507.524295900157,17371.918036971692,-895.4264280188572,5667.704215950224,-7752.641070906378,28020.934989526384,7600.156158426993,4495.456953105926,21301.941928758344,10673.781677995506,-10998.359139463912,-2525.3168567553917,5378.295928602791,-11768.72645195164,13851.696626641813,-19835.91401539006,-10066.810745833674,2874.9460400850085,-1923.4675891034067,8589.474230102553,-22359.74766462894,-3868.549604081213,-8016.4327612282705,-14160.522749141774,1009.0308051371389,-297.3686892557075,-5753.868641064241,7362.792496349343,-3928.891264491164,2124.5881809422544,4335.961797352525,-6653.00523764699,-629.1986108934937
778.990169614943,3400.579092433085,-4379.466918821804,-5825.32359901097,2161.8771439102284,-2515.347538037057,2308.2866009878385,993.1661803495117,-1067.3308932241239,2020.5362942766803,-604.2404681499429,2036.4129702583073,4712.117339520511,-242.70914150080455,1537.3948997663158,-2102.700014781344,7600.156158426993,2061.8237870514213,1219.8655962784921,5777.760305716734,2894.7525972124176,-2983.0539148586877,-685.2451070908523,1458.570378789405,-3192.5163755912395,3756.649894359475,-5380.19678320419,-2730.695062345489,780.2001831945557,-522.1645965693626,2330.1880422456406,-6065.185113208678,-1049.500414520196,-2174.228436360512,-3840.856963143653,273.66418605336867,-80.5757512039298,-1561.2777444533722,1996.9875063499178,-1065.4034427543588,576.0037342218416,1176.4109187576792,-1803.9327625634876,-170.69691339976566
460.69003299646056,2011.524054985156,-2590.8246315830906,-3445.70521374268,1278.62579806338,-1487.9509607920072,1365.1284780200783,586.9584066897202,-631.4624085517581,1195.472896035666,-357.14327452150434,1204.6303879452105,2787.4247436202936,-143.4527855318544,909.4609493324864,-1243.6726486103432,4495.456953105926,1219.8655962784921,721.9778283476259,3417.5239300126423,1711.9958475383048,-1764.4288003457127,-405.5527420527108,862.578048689426,-1888.712767911118,2221.750618346651,-3182.4138985599047,-1615.4015752328057,461.80888969038017,-309.1977130854068,1378.6292950406819,-3587.93284615331,-620.944841247233,-1285.9711948864197,-2271.90842667027,161.83896037685784,-47.582519112137774,-923.9712381123346,1181.1900904226034,-629.9992716645287,340.5155382108232,696.1217661842443,-1066.5889739307565,-100.97936456896119
2183.6682670718087,9530.819674061755,-12273.43555186542,-16327.127214199372,6059.8134734936675,-7049.646251727256,6470.567452302739,2785.481178164865,-2991.0528271557514,5662.024678254661,-1694.5552915695762,5707.34256092848,13206.402758581657,-680.7157289913592,4308.679412070855,-5893.664312069239,21301.941928758344,5777.760305716734,3417.5239300126423,16194.069868629478,8114.363529685466,-8361.107771309908,-1919.7866181852473,4088.676270332947,-8946.76378342436,10530.2673675033,-15079.561168640083,-7652.950944400435,2185.5846840074237,-1462.2495801767502,6529.852768036987,-16998.23691791794,-2940.94027875417,-6094.214161189306,-10765.045221431303,767.0916319906637,-226.0530188744195,-4374.18048116288,5597.303284529865,-2986.7961816902584,1615.140298663531,3296.2681916828246,-5057.709272179256,-478.33127053139265
1094.2523532421885,4775.552353460589,-6149.475479533771,-8180.969029284104,3036.5472598664473,-3532.2133202953814,3242.483797082001,1396.2260227372217,-1498.6284485650806,2836.7195373996915,-849.3789871558772,2859.672604857282,6617.096221576925,-341.24224913345046,2158.839472642149,-2953.241683566106,10673.781677995506,2894.7525972124176,1711.9958475383048,8114.363529685466,4066.182927890254,-4189.584000902857,-961.7216896679622,2048.81208471107,-4482.5919316067875,5276.763158176907,-7555.920224775061,-3834.442121278235,1094.7577038407592,-732.3165456132141,3271.589014816439,-8516.905188889998,-1473.3940424288144,-3053.664670667333,-5394.009662656648,384.33442138131204,-113.34964167031872,-2191.258011696358,2804.7079448394843,-1496.7927882416323,809.5310838245908,1651.386838094858,-2534.7586498155597,-239.6475355219894
-1127.4659653044607,-4920.854010209562,6336.835910956118,8429.80966177124,-3128.7374161533744,3639.7506097078754,-3340.878708781724,-1438.2186879326282,1544.3203491392983,-2923.275206723756,874.960291210202,-2946.7023273191603,-6818.534170666069,351.4859022319494,-2224.575430600069,3043.0148951793067,-10998.359139463912,-2983.0539148586877,-1764.4288003457127,-8361.107771309908,-4189.584000902857,4316.961635891526,991.1700647166949,-2110.960884486994,4619.253556073418,-5436.920758587532,7785.725345533852,3951.2411638058243,-1128.3678828343848,754.9326200448439,-3371.3743320434755,8776.243053893795,1518.3527776616381,3146.4978187260886,5558.08291983206,-396.00017760641686,116.76295986279536,2258.377051151792,-2889.9628120605653,1542.1496702037,-833.9520013222751,-1701.8579696196282,2611.431211240004,246.94897410278207
-258.7943728848887,-1129.9645058713945,1455.3735311764667,1935.615476335963,-718.2707965033071,835.8509842934803,-766.8671535909358,-329.74067358812295,354.7201957555296,-671.5423955946535,200.636003952729,-676.694494745248,-1565.8211464331414,80.58900441847487,-510.88371488618674,698.6346416462335,-2525.3168567553917,-685.2451070908523,-405.5527420527108,-1919.7866181852473,-961.7216896679622,991.1700647166949,227.81162171900075,-484.5543686767781,1060.9700096294064,-1248.0761080701075,1787.7151455908363,907.4390271735487,-259.4068661599493,173.6777043102931,-774.4303523799657,2015.4977343190942,348.80771880083006,722.3926971328632,1276.2395023060178,-90.91051027342277,26.733980340750968,519.0193743542666,-663.5330670810786,353.9088425767845,-191.2921452039507,-391.03373485127474,599.1693419537753,56.72209177699113
551.3635386797501,2406.220137951104,-3098.4896103612477,-4122.221642150355,1530.073524787373,-1779.8270661607826,1633.762499001652,703.6264054064127,-755.0413174188374,1429.3606160999673,-428.00175812561815,1440.9612291426722,3334.18646436384,-171.9299519215251,1087.808576255396,-1487.9798790436982,5378.295928602791,1458.570378789405,862.578048689426,4088.676270332947,2048.81208471107,-2110.960884486994,-484.5543686767781,1032.513418653889,-2258.608751292114,2658.8418517564087,-3807.1880520359277,-1932.0739763457534,551.6225965643522,-368.9414403669835,1648.4211724652614,-4291.4596365171465,-742.4891129168757,-1538.7015020456065,-2717.8909018408567,193.77202500834218,-57.06517861867417,-1104.0280109420771,1413.1773463186921,-754.1991202227911,407.8967765777827,832.0398585317869,-1277.1962046684007,-120.77619791882539
-1206.3100092870657,-5265.675005997094,6781.337199937157,9020.386454764439,-3347.6598290157663,3894.923953693175,-3574.4828951429113,-1538.1366452751415,1652.6878192027384,-3128.5906811166374,935.7932763165722,-3153.2711891307486,-7296.5250343063735,375.8785640669826,-2380.5671888491383,3256.0464655774863,-11768.72645195164,-3192.5163755912395,-1888.712767911118,-8946.76378342436,-4482.5919316067875,4619.253556073418,1060.9700096294064,-2258.608751292114,4943.404869995313,-5817.222286924836,8331.123809418765,4228.3543191186645,-1207.976579645326,808.4087669359268,-3608.0721556954063,9391.62947903248,1625.024882332006,3366.8143427371347,5947.475995183468,-423.74310561842157,124.82970039323331,2417.3961141134173,-3092.3198396083276,1649.8616420366168,-892.0192561702474,-1821.518286195702,2793.5916452222787,264.28980558569395
1420.0292923915783,6197.381134645222,-7980.391521703877,-10616.711283640352,3940.616060326368,-4583.879430288312,4207.82097814569,1811.8919051584678,-1944.806452841553,3681.3412736356095,-1102.234549764522,3711.1126369105637,8587.23449424391,-442.8219165741336,2801.615036819358,-3832.481305872754,13851.696626641813,3756.649894359475,2221.750618346651,10530.2673675033,5276.763158176907,-5436.920758587532,-1248.0761080701075,2658.8418517564087,-5817.222286924836,6847.786928845404,-9805.536815168169,-4976.088883857345,1420.7403881155788,-950.376845179571,4245.671826027468,-11052.696090493491,-1912.116264851252,-3962.8347879729995,-6999.971248110547,498.8013479978696,-147.07335789842153,-2843.697263913934,3639.7330758207713,-1942.4089137838607,1050.525859665098,2143.0743924980984,-3289.3720669292275,-311.014538739458
-2033.3756008134758,-8874.961728872451,11428.871089828459,15203.485331838277,-5642.745499136528,6564.481438205935,-6025.248841239331,-2593.665149729088,2785.2672791433615,-5272.400536473634,1577.8889261733655,-5314.555588876663,-12297.56841830241,633.8592748584707,-4012.159518043614,5488.105942787803,-19835.91401539006,-5380.19678320419,-3182.4138985599047,-15079.561168640083,-7555.920224775061,7785.725345533852,1787.7151455908363,-3807.1880520359277,8331.123809418765,-9805.536815168169,14041.820073528279,7126.294584015834,-2035.2112324814348,1361.6930529683282,-6080.544866530765,15828.46180203412,2738.5248410051345,5674.781713107247,10024.20991232899,-714.2427175301635,210.51719712187688,4073.2626186603848,-5212.1142472062,2781.219713882287,-1503.9645053448555,-3069.481300631315,4709.578736378345,445.4091940122505
-1031.8938055926756,-4504.127853260861,5800.487731076314,7715.885698534641,-2863.6018870799953,3331.619597955806,-3057.6545967536535,-1315.9213907947699,1413.6171636479069,-2676.0239952254733,800.5762418324124,-2697.233284811551,-6241.249563003486,321.5748090005356,-2036.265053250955,2785.169681975962,-10066.810745833674,-2730.695062345489,-1615.4015752328057,-7652.950944400435,-3834.442121278235,3951.2411638058243,907.4390271735487,-1932.0739763457534,4228.3543191186645,-4976.088883857345,7126.294584015834,3616.801644024279,-1033.1533896579149,691.3427710748008,-3086.143180948994,8033.318015185049,1389.9668830068586,2879.950384483451,5087.360782307635,-362.48804864496185,106.78241803553921,2067.5830632282687,-2645.1346256849874,1411.338728692848,-763.1014966117621,-1557.982899554535,2389.7834165981126,226.06131077970343
294.6102139137973,1286.4146303518523,-1656.9812515728877,-2203.6353752224863,817.6438222750506,-951.6257163690053,872.9500449720041,375.24505466611527,-403.8461806177303,764.6156362453432,-228.32409211899318,770.4045749515416,1782.6867227733233,-91.67758626300602,581.6464810431778,-795.3342780260683,2874.9460400850085,780.2001831945557,461.80888969038017,2185.5846840074237,1094.7577038407592,-1128.3678828343848,-259.4068661599493,551.6225965643522,-1207.976579645326,1420.7403881155788,-2035.2112324814348,-1033.1533896579149,295.45042449494855,-197.85361156185868,881.738443524284,-2294.65699962887,-397.17292969666926,-822.4278889568575,-1452.9376892446537,103.52173727849583,-30.42642949157823,-591.0514518929556,755.3691590226714,-402.8522696478862,217.6922893156841,445.25086755426645,-681.9731665802058,-64.58722319838084
-197.07418625359855,-860.7480110949837,1108.835598608297,1474.3789651785737,-546.9502725425572,636.7404310196029,-583.9302942598711,-250.76693923434115,270.27664992493584,-511.7287690255979,152.6097118822733,-515.4719337030268,-1192.834456575368,61.25831562689619,-389.1962283897074,532.1270454693691,-1923.4675891034067,-522.1645965693626,-309.1977130854068,-1462.2495801767502,-732.3165456132141,754.9326200448439,173.6777043102931,-368.9414403669835,808.4087669359268,-950.376845179571,1361.6930529683282,691.3427710748008,-197.85361156185868,132.59152047097322,-590.1192081599837,1535.4373496373707,265.7992311573191,550.225670449922,972.1178625847721,-69.23145810145611,20.355017525993365,395.7486497643712,-505.37028400256713,269.43601212404957,-145.53555721016622,-298.05282532055435,456.03931633090775,43.22398436086653
880.4014297172737,3843.2308788647924,-4949.525304487113,-6583.602965285461,2443.2920840548504,-2842.764008335204,2608.7825485637177,1122.4703207508142,-1206.2672859785964,2283.526254902847,-682.912540608697,2301.4797937881326,5325.482072792811,-274.3106566355554,1737.505815516536,-2376.423928892552,8589.474230102553,2330.1880422456406,1378.6292950406819,6529.852768036987,3271.589014816439,-3371.3743320434755,-774.4303523799657,1648.4211724652614,-3608.0721556954063,4245.671826027468,-6080.544866530765,-3086.143180948994,881.738443524284,-590.1192081599837,2633.491257525034,-6854.667946390742,-1186.0918365697464,-2457.252077288909,-4340.822917172595,309.2711590928328,-91.07716369988638,-1764.488621346453,2256.9469772887387,-1204.1022823161074,650.9970361262663,1329.5320043422498,-2038.7854641541426,-192.90846610224835
-2291.975431832609,-10004.265593135911,12883.554296287663,17137.999148824005,-6360.528953013633,7399.931293622102,-6791.513201101109,-2922.9863959419545,3139.8045110694184,-5943.734235547525,1778.265786435666,-5990.9227088971,-13862.585577330594,714.3222476145135,-4522.804049103124,6186.236923369838,-22359.74766462894,-6065.185113208678,-3587.93284615331,-16998.23691791794,-8516.905188889998,8776.243053893795,2015.4977343190942,-4291.4596365171465,9391.62947903248,-11052.696090493491,15828.46180203412,8033.318015185049,-2294.65699962887,1535.4373496373707,-6854.667946390742,17842.98826663497,3087.2682667860827,6396.73355984444,11299.708042949742,-805.1492701617061,237.16709941084108,4592.2039036353135,-5875.213028213424,3134.8162892838645,-1695.026365847625,-3460.41140912945,5308.145368056818,502.1174325243953
-396.4988826016514,-1730.8792389514747,2229.1718781715317,2965.142439841122,-1100.4104156277374,1280.371669694775,-1174.8787613422835,-505.51703976074276,543.2540978476961,-1028.5178149404076,307.5404976109252,-1036.582808345014,-2398.52012919138,123.51787759485393,-782.5662779606856,1070.2209092016217,-3868.549604081213,-1049.500414520196,-620.944841247233,-2940.94027875417,-1473.3940424288144,1518.3527776616381,348.80771880083006,-742.4891129168757,1625.024882332006,-1912.116264851252,2738.5248410051345,1389.9668830068586,-397.17292969666926,265.7992311573191,-1186.0918365697464,3087.2682667860827,534.2742530161478,1106.699772957899,1955.0157527708145,-139.35111018404027,40.97343892026934,794.7080726485285,-1016.4526861441741,542.2734868781614,-293.16108709737233,-598.8067359303675,918.1475291780904,86.89295232362464
-821.7984301323709,-3586.6520976659135,4618.70357670624,6144.295385435174,-2280.4451367051474,2652.918176152677,-2435.0787331132515,-1048.3575013230384,1125.56107518599,-2130.661054353208,637.7595794852784,-2147.7656384758257,-4969.841156213974,256.16955900830993,-1621.4323424299416,2217.967468705132,-8016.4327612282705,-2174.228436360512,-1285.9711948864197,-6094.214161189306,-3053.664670667333,3146.4978187260886,722.3926971328632,-1538.7015020456065,3366.8143427371347,-3962.8347879729995,5674.781713107247,2879.950384483451,-822.4278889568575,550.225670449922,-2457.252077288909,6396.73355984444,1106.699772957899,2293.4576692945698,4051.125383055433,-288.68995195518085,85.11769684098942,1646.0290033200301,-2106.3928923605904,1124.0542697870567,-607.8429212718742,-1240.3964926570948,1903.439765412231,180.00787535954416
-1451.5831395420375,-6335.680290039537,8158.901947061879,10853.514518949109,-4028.250034542909,4686.291040645097,-4301.292700378618,-1851.533791632359,1988.358570152316,-3763.9131997844474,1126.4030712642232,-3793.9855327134655,-8779.045148545738,452.4873229416771,-2864.2246984685403,3917.8437747773423,-14160.522749141774,-3840.856963143653,-2271.90842667027,-10765.045221431303,-5394.009662656648,5558.08291983206,1276.2395023060178,-2717.8909018408567,5947.475995183468,-6999.971248110547,10024.20991232899,5087.360782307635,-1452.9376892446537,972.1178625847721,-4340.822917172595,11299.708042949742,1955.0157527708145,4051.125383055433,7156.114078394999,-509.8967715440141,150.26942250156443,2907.8699290498575,-3720.83012766375,1985.4456860672135,-1073.6328844643037,-2191.2717141090125,3362.03951201444,317.97256463966636
103.43258712003079,451.4159400168314,-581.3095030092111,-773.3918502112641,287.05323342804684,-333.93168897288444,306.46024219118846,132.0051876899366,-141.62545761350384,268.1908945752903,-80.2784938681435,270.36502679969027,625.5439076687499,-32.2318758021717,204.10249578099575,-279.1223335413539,1009.0308051371389,273.66418605336867,161.83896037685784,767.0916319906637,384.33442138131204,-396.00017760641686,-90.91051027342277,193.77202500834218,-423.74310561842157,498.8013479978696,-714.2427175301635,-362.48804864496185,103.52173727849583,-69.23145810145611,309.2711590928328,-805.1492701617061,-139.35111018404027,-288.68995195518085,-509.8967715440141,36.40982582192119,-10.685708225866108,-207.13719707820925,265.0994906887674,-141.47897085196226,76.50181642667103,156.09920983220536,-239.56671293324206,-22.67739132079179
-30.518182143492673,-133.0508406279888,171.26095976565952,227.92182273596077,-84.59295606533617,98.36085159166379,-90.40380745791468,-38.99297616036779,41.7351569799852,-78.92890164547235,23.72276608887436,-79.61747360065542,-184.30714727973114,9.517760561052494,-60.11117665317458,82.35127982778367,-297.3686892557075,-80.5757512039298,-47.582519112137774,-226.0530188744195,-113.34964167031872,116.76295986279536,26.733980340750968,-57.06517861867417,124.82970039323331,-147.07335789842153,210.51719712187688,106.78241803553921,-30.42642949157823,20.355017525993365,-91.07716369988638,237.16709941084108,40.97343892026934,85.11769684098942,150.26942250156443,-10.685708225866108,3.2241290062601142,60.98270236378357,-78.15380563085162,41.756370869298806,-22.592872521098588,-45.950287500948725,70.73326360200714,6.671214895912531
-589.6899533836706,-2574.6062141059297,3316.0331759293235,4410.280702329907,-1636.5062871265152,1904.440882862116,-1747.3131660025192,-751.3302435168312,808.2017272191817,-1530.0316563405258,457.1553533960216,-1541.7820734218683,-3567.684709722471,183.58558685312596,-1164.0155863368882,1591.8895861931417,-5753.868641064241,-1561.2777444533722,-923.9712381123346,-4374.18048116288,-2191.258011696358,2258.377051151792,519.0193743542666,-1104.0280109420771,2417.3961141134173,-2843.697263913934,4073.2626186603848,2067.5830632282687,-591.0514518929556,395.7486497643712,-1764.488621346453,4592.2039036353135,794.7080726485285,1646.0290033200301,2907.8699290498575,-207.13719707820925,60.98270236378357,1182.6092454021186,-1511.8387295177533,806.4036575186636,-435.84385582111815,-890.9430308069569,1365.2398523910742,129.24580304342618
754.7739956724646,3294.2406678960165,-4242.155730403044,-5643.285089268832,2094.5320410574427,-2436.6084454300644,2236.5388782964646,962.818000763295,-1033.8370807838849,1956.971485570934,-585.7423052693318,1972.6614496494722,4564.62605106754,-235.31213433974978,1489.2295278569677,-2037.119914686276,7362.792496349343,1996.9875063499178,1181.1900904226034,5597.303284529865,2804.7079448394843,-2889.9628120605653,-663.5330670810786,1413.1773463186921,-3092.3198396083276,3639.7330758207713,-5212.1142472062,-2645.1346256849874,755.3691590226714,-505.37028400256713,2256.9469772887387,-5875.213028213424,-1016.4526861441741,-2106.3928923605904,-3720.83012766375,265.0994906887674,-78.15380563085162,-1511.8387295177533,1934.676575734141,-1032.3827783052968,558.2947767803108,1139.2974761507614,-1748.2187003426318,-165.31853236888898
-402.81373399492446,-1757.7810284596892,2263.4013967898095,3011.2969897573075,-1117.7496357400678,1300.1189472065782,-1193.6008205920953,-514.1163114917299,551.5733765439413,-1044.035761437665,312.74349382963976,-1052.5663733844046,-2435.5892691620465,125.64255130137455,-794.6045329294201,1087.0790154774127,-3928.891264491164,-1065.4034427543588,-629.9992716645287,-2986.7961816902584,-1496.7927882416323,1542.1496702037,353.9088425767845,-754.1991202227911,1649.8616420366168,-1942.4089137838607,2781.219713882287,1411.338728692848,-402.8522696478862,269.43601212404957,-1204.1022823161074,3134.8162892838645,542.2734868781614,1124.0542697870567,1985.4456860672135,-141.47897085196226,41.756370869298806,806.4036575186636,-1032.3827783052968,551.0210915702206,-298.043364926107,-607.7515372850963,933.1737410344949,88.20346524719352
217.8513776134193,950.5062083205096,-1223.7946238914744,-1628.352328832943,604.5109101332239,-702.9925821158866,645.5552982689313,278.222860186059,-298.2244352124388,564.4395404090117,-169.23533883873978,569.1542633389504,1316.9670840252243,-68.01376160887585,429.64913534985305,-587.8670428201841,2124.5881809422544,576.0037342218416,340.5155382108232,1615.140298663531,809.5310838245908,-833.9520013222751,-191.2921452039507,407.8967765777827,-892.0192561702474,1050.525859665098,-1503.9645053448555,-763.1014966117621,217.6922893156841,-145.53555721016622,650.9970361262663,-1695.026365847625,-293.16108709737233,-607.8429212718742,-1073.6328844643037,76.50181642667103,-22.592872521098588,-435.84385582111815,558.2947767803108,-298.043364926107,161.26706766284246,328.53468673341223,-504.81532269029213,-47.68604201805664
444.3957265521634,1940.10752053625,-2498.7002270895523,-3323.426322951312,1233.3100263021252,-1435.085110767124,1316.824229022538,566.3957460109488,-608.9879974986131,1152.8682103363044,-344.6151794866526,1161.8221119562777,2688.406897444953,-138.41883839922207,877.1340042987416,-1199.5993172686617,4335.961797352525,1176.4109187576792,696.1217661842443,3296.2681916828246,1651.386838094858,-1701.8579696196282,-391.03373485127474,832.0398585317869,-1821.518286195702,2143.0743924980984,-3069.481300631315,-1557.982899554535,445.25086755426645,-298.05282532055435,1329.5320043422498,-3460.41140912945,-598.8067359303675,-1240.3964926570948,-2191.2717141090125,156.09920983220536,-45.950287500948725,-890.9430308069569,1139.2974761507614,-607.7515372850963,328.53468673341223,671.2760663068967,-1028.990926427524,-97.38431111022217
-682.1487477839133,-2976.5071671612936,3832.5343891293974,5099.150697471014,-1892.833106050701,2201.480866835918,-2021.3372555972653,-870.858819901471,933.9461502659051,-1767.737883934873,529.7383130545916,-1782.315079020226,-4124.185886843845,212.84622427525986,-1345.4902101017312,1840.844038060564,-6653.00523764699,-1803.9327625634876,-1066.5889739307565,-5057.709272179256,-2534.7586498155597,2611.431211240004,599.1693419537753,-1277.1962046684007,2793.5916452222787,-3289.3720669292275,4709.578736378345,2389.7834165981126,-681.9731665802058,456.03931633090775,-2038.7854641541426,5308.145368056818,918.1475291780904,1903.439765412231,3362.03951201444,-239.56671293324206,70.73326360200714,1365.2398523910742,-1748.2187003426318,933.1737410344949,-504.81532269029213,-1028.990926427524,1580.4606664269804,149.3451850901877
-64.49018889311782,-281.5301032893844,362.5619294688532,482.27466149887186,-178.97967871748557,208.2321830427181,-191.08768049144683,-82.23722444995127,88.34791680408125,-167.2694104771353,50.024657466268486,-168.5952713722753,-390.10451885996224,20.089261946897075,-127.28091443706268,174.0768727969688,-629.1986108934937,-170.69691339976566,-100.97936456896119,-478.33127053139265,-239.6475355219894,246.94897410278207,56.72209177699113,-120.77619791882539,264.28980558569395,-311.014538739458,445.4091940122505,226.06131077970343,-64.58722319838084,43.22398436086653,-192.90846610224835,502.1174325243953,86.89295232362464,180.00787535954416,317.97256463966636,-22.67739132079179,6.671214895912531,129.24580304342618,-165.31853236888898,88.20346524719352,-47.68604201805664,-97.38431111022217,149.3451850901877,14.14340818841646
