V1,V2,V3,V4,V5,V6,V7,V8,V9,V10,V11,V12,V13,V14,V15,V16,V17,V18,V19,V20,V21,V22,V23,V24,V25,V26,V27,V28,V29,V30,V31,V32,V33,V34,V35,V36,V37,V38,V39,V40,V41,V42,V43,V44
0.8171400867352542,-0.4430657879129644,-0.8038343579612984,1.0705107007973624,1.149905459369182,-0.1029978807536771,-0.441316958269861,-1.0525139116779902,0.7508767114711652,0.32052379400227915,-0.4899017416141026,0.7796373323010668,-0.33670941618787525,2.161631043956007,0.2814858440560014,0.15112936433389274,-0.2301491604806011,0.6597589680585152,0.4173231816033078,0.16106024190715496,-0.7077618693945402,0.9953145125892964,-0.11871829322550714,-0.7280793439276362,-0.15898672629680058,-0.6104927207813865,1.0304585382823794,0.18134524316222927,-0.026234365142869333,0.8565549222902963,0.4799172041549274,0.21988383805052628,-0.7640075319277871,0.8344426639096401,-0.6761302849893045,0.6388446450606818,0.7641598523446654,0.7175432822420799,-9.447712598059073e-4,-0.3238429644905235,0.7767989258913623,1.4037467754802468,-0.5689679775702654,0.11042032454313779
-0.4430657879129644,0.5096670131954264,0.6521702487220784,-0.5502525260743152,-0.9408273373600475,0.10722777678175995,0.15506052911802654,0.6251091752831468,-0.2147369863395444,0.12668098241764197,0.495652805056823,-0.230106550826647,-0.03141598717430667,-1.5587763460061526,-0.16448634777067792,-0.13824675810606257,0.042434900777720316,-0.570406860594827,-0.3021568633358751,-0.18544473370242553,0.6057706824038073,-0.8924148060036853,0.21663889954422175,0.40240755426359215,0.06525755557133633,0.45522777579512985,-0.6911680159878691,-0.0812376065726864,0.18577516623129253,-0.5480965876407892,-0.14260349802929165,-0.20853998882069763,0.30605500372266153,-0.5430625730411475,0.33032184838138123,-0.21702939889713865,-0.4069907940325776,-0.5618567501657747,0.17273978611290697,-0.03915474738068566,-0.573482325174824,-0.8250499419457468,0.43394429358039355,-0.07087716359839427
-0.8038343579612984,0.6521702487220784,2.173808032557549,-0.867441433708372,-2.152966508106434,0.516076882191102,-0.2399149848325259,2.3062037774679074,-0.4204611842136223,0.560155700834068,0.9498880341008743,-1.3636289669391088,-0.3912699630043673,-4.942828621411722,-1.2596106827913494,-0.14453338639501953,0.5195567905641605,-1.6751778324620339,-0.6319272236038317,-0.42959070623478873,1.1310213299064888,-3.235277669011748,0.7739717844834266,2.1865896215532463,0.16872673767944601,0.46795294729904857,-1.5522040336157845,-1.4964309514175602,0.6580840808163433,-1.8020540649160879,0.1998811751691332,-0.8213347666156652,0.3585077814198108,-1.4621823731875763,0.8072640542193446,-0.6748914739422506,-0.8126589244917787,-1.0277391130419238,0.41672557666064514,0.06089897240769797,-1.6051502130476605,-2.195846450297447,1.0030603236142448,-0.6698972752682031
1.0705107007973624,-0.5502525260743152,-0.867441433708372,2.36739746024486,1.1426688275648498,0.10744771822297333,-0.5400455215186184,-1.039859025199905,0.6640125011573407,1.085747183227045,-0.7387158408672173,1.3161564858183552,-0.4035233055255839,2.246664911636965,-0.3785472587328171,-0.04398318530692367,0.10913011105585047,0.934702058383204,0.92861409143886,-0.3222612783833928,-0.5061458600087879,0.7368256529010546,-0.043349062504005706,-0.51485500782305,-0.11933941254580932,-0.8732831496032976,1.1312064636133528,-0.7434544637378275,0.3165807025860278,1.085244785481312,0.9296677199307402,0.9036027982242331,-1.46721711315079,0.46263870061669354,-1.090865991050919,1.49139337634839,1.4303589002996007,1.3892698190349675,0.6329337878964548,-0.7846448934775982,1.2714311026514757,1.6179022838204467,-0.44158814630162263,0.1205872895117371
1.149905459369182,-0.9408273373600475,-2.152966508106434,1.1426688275648498,2.573891570022911,-0.44640649088931145,-0.1512368422957455,-2.490341817959083,0.7004417917415128,-0.4697184950580773,-1.101145817223786,1.2605151168948197,-0.0011204694619526595,5.259120892219144,1.2440327269854379,0.2435479632025768,-0.569089304721306,1.8134432358647088,0.6547957172129698,0.4919500330047969,-1.5564185632086798,3.2205992547039455,-0.7486528160808418,-1.9817923521055067,-0.2721234614662555,-0.790082070722249,1.9523761725134956,1.317194794027018,-0.6516139587076821,1.78928122997694,0.11363662161056079,0.6678257272726833,-0.5655712097989533,1.7673544451930265,-0.9748869503027844,0.733501363888212,0.9523067471584792,1.2322014143784394,-0.6173633054867298,-0.11119273235712882,1.6894099952920054,2.564683274782555,-1.3366815401515784,0.4074874719479274
-0.1029978807536771,0.10722777678175995,0.516076882191102,0.10744771822297333,-0.44640649088931145,0.2369882581711826,-0.07461283949374688,0.40995394671129176,-0.2448123939743168,0.2641541216190035,0.17617904515526708,-0.22085307870786108,-0.2512079726809817,-1.0010155807721566,-0.38809443374032315,-0.15575930227408466,0.16769852032245783,-0.1667578128232055,-0.06378567589669304,-0.3469192493137869,0.24660465108708463,-0.7557795513443837,0.13396719458942816,0.6552935761321556,0.007765914486222537,0.0821365995077423,-0.2942509569282119,-0.540878388016156,0.20377230159069645,-0.45048072293548325,0.1658217954367591,0.06052340554972851,0.03448407248530095,-0.44249866391679366,0.0727836996753243,0.08833176101378953,-0.08844542715097195,-0.05028944399717438,0.11671787964359522,-0.14272295258604453,-0.2113508133663724,-0.46578410048287433,0.0881513381931526,-0.28828469198756
-0.441316958269861,0.15506052911802654,-0.2399149848325259,-0.5400455215186184,-0.1512368422957455,-0.07461283949374688,0.7759929786985281,-0.04593822551991773,-0.7151210800484797,-0.7032112510964832,0.12181122620341242,-0.028732649709693085,0.6315656246877821,0.40871861998886433,0.21258880737716285,-0.16708393976589067,-0.024634370656048274,0.24937202057009794,-0.008757829759417197,-0.19172115230684103,0.37073191944134554,0.5825468914244235,-0.3558474353190609,-0.2575784432680195,0.11342174611940693,0.32314150992005364,-0.3803178898247307,0.49480996039191344,-0.2572028490406724,0.1302298677338235,-0.5849151955875488,0.47741727239539894,0.7092610992014579,-0.3170032103344786,0.22241360329926138,-0.2556882990470851,-0.27634889040502775,-0.11892164421513719,-0.11368993513370851,0.289476345022085,0.06787465884926216,-0.4152897712073776,-0.04523849028969128,0.3600915740356338
-1.0525139116779902,0.6251091752831468,2.3062037774679074,-1.039859025199905,-2.490341817959083,0.40995394671129176,-0.04593822551991773,3.128842946545061,-0.40177415807275946,0.44280722374517417,0.9527340067369762,-1.6480552422446855,0.29269848961453304,-5.829373811163091,-1.7545340015486703,0.05560777056438267,0.7986832304231716,-2.2509959348341595,-0.5044553358172457,-0.1524997680537503,1.5128342421899335,-3.694294196533135,0.9114286469680425,2.3097640183394947,0.3795915088679922,0.31387971487370875,-1.9510892310806471,-1.881301116320084,0.7477374017672651,-1.7111315973610193,0.06856474067931839,-0.9896008345947963,0.24101304113665167,-1.7525037364479414,1.015142489785449,-1.0423153462663937,-0.7432324045176502,-1.118334432116946,0.8113784439304129,0.41056596250178595,-1.8810916690197788,-2.6071425578187504,1.5576688308553912,-0.23321499384711214
0.7508767114711652,-0.2147369863395444,-0.4204611842136223,0.6640125011573407,0.7004417917415128,-0.2448123939743168,-0.7151210800484797,-0.40177415807275946,1.4776504469139458,0.5254621889785501,-0.2170956297699772,0.6253608462235662,-0.24549112792367955,1.017152990990988,0.1274322806665105,0.4708739909357808,-0.2812916913783381,-0.25845747241908396,0.24937243634013714,0.6807852896188447,-0.46551526129286785,0.22533316169485806,0.2794838142092189,-0.7488446052936493,-0.08605127964674274,-0.6856172193602718,0.7840145467226767,0.17493418163937055,0.17880850584992017,0.8095929188705017,0.5796457570111326,-0.5688471496950595,-1.0629466163257109,0.9410813349427976,-0.509505062974311,0.22124142382554646,0.7210021343224383,0.2317559045026703,0.28554662739125936,-0.17979153703136508,0.18080281824762415,1.242693325321753,-0.017771722257748115,0.3674587018831326
0.32052379400227915,0.12668098241764197,0.560155700834068,1.085747183227045,-0.4697184950580773,0.2641541216190035,-0.7032112510964832,0.44280722374517417,0.5254621889785501,1.337444262707998,0.01957731118757637,0.31285439607906,-0.6381674464517098,-1.3064050542464671,-0.7601738330460961,-0.059180281118884286,0.29077066709736693,-0.43450744492228927,0.18397452293801095,-0.2510075460385919,0.19332372069511317,-1.2880086737200809,0.5484096237672076,0.5677107545318423,-0.030979039612211684,-0.1808632984847214,-0.014379441493123975,-1.1518490407690272,0.6141403798472731,-0.2708910105056706,0.7706485347015005,-0.1228643171476975,-1.0245786870463482,-0.29638219504186974,-0.2982586066720971,0.731684186930536,0.4951465397830164,0.22038395473637104,0.716522607237149,-0.6506207338794668,-0.07350509147134827,0.045742461685638995,0.45902470048672606,-0.33951125933485565
-0.4899017416141026,0.495652805056823,0.9498880341008743,-0.7387158408672173,-1.101145817223786,0.17617904515526708,0.12181122620341242,0.9527340067369762,-0.2170956297699772,0.01957731118757637,0.6379843676112885,-0.5275706951803559,-0.07546256704279762,-2.0719057912824765,-0.330234957972283,-0.0957207492275213,0.05988447489244947,-0.7971057649699052,-0.3898416577248253,-0.21192727345202786,0.6942923064467483,-1.3026986415387998,0.27709061365140464,0.7658238354528328,0.08749993448781374,0.370740988909595,-0.8463086449274071,-0.24428193695352193,0.2368221255906634,-0.739649278192666,-0.1029744406345032,-0.35935932145420796,0.44324360010197517,-0.6659653564413165,0.4337720426523498,-0.4545220578431726,-0.5069585609117769,-0.6802459289728937,0.12845501998743777,0.08529308682456638,-0.8211379547147333,-1.0766675350748138,0.4096353024947627,-0.12370334357215668
0.7796373323010668,-0.230106550826647,-1.3636289669391088,1.3161564858183552,1.2605151168948197,-0.22085307870786108,-0.028732649709693085,-1.6480552422446855,0.6253608462235662,0.31285439607906,-0.5275706951803559,1.5128814082463007,-0.04511775713461177,3.2952819220757052,0.6020297349622302,-0.009757915336851487,-0.3622014604494192,1.0856158695269926,0.6278697783961317,0.010131066289630683,-0.5028243850308914,1.8279801751776192,-0.3406047423661782,-1.5099634483820457,-0.14308913287535557,-0.4005652020269586,1.0961195409724476,0.7022191784950058,-0.09859952459582116,1.391462905164819,0.2724237564734422,0.7708899517450248,-0.7790289534313074,0.8699594540739319,-0.8757725273050168,1.0396294262375745,0.9719330127974316,0.8755131396807317,0.19734791369963814,-0.5165949728053619,1.2205124109529144,1.7317780384363328,-0.5749303155843191,0.5164887013425057
-0.33670941618787525,-0.03141598717430667,-0.3912699630043673,-0.4035233055255839,-0.0011204694619526595,-0.2512079726809817,0.6315656246877821,0.29269848961453304,-0.24549112792367955,-0.6381674464517098,-0.07546256704279762,-0.04511775713461177,1.0366514643305904,0.3003654748511986,-0.042470731231892565,0.14637967246298014,0.10738904252986584,-0.12307545674922386,0.18208481552366476,0.3004954648208205,0.3280411921823184,0.5114232701972055,-0.20556823373362465,-0.46918299146964976,0.21352323133583978,-0.025317089256710817,-0.27787514415706704,0.28594093375038276,-0.19950042882336488,0.47601583256226254,-0.48965910344670127,0.17272080595979306,0.2364444774877793,-0.11212534210227201,0.18713463611667905,-0.4163508895663352,0.010585171942117068,-0.035437235228040175,0.17691371574075204,0.4927011405237788,0.024316085991067816,-0.19382141488065174,0.309391686977463,0.7283291331751933
2.161631043956007,-1.5587763460061526,-4.942828621411722,2.246664911636965,5.259120892219144,-1.0010155807721566,0.40871861998886433,-5.829373811163091,1.017152990990988,-1.3064050542464671,-2.0719057912824765,3.2952819220757052,0.3003654748511986,12.115075295127207,3.0933458081144853,0.19669630161284485,-1.4578782921616917,4.279348123610271,1.4248501185489257,0.6205889668354213,-2.812534631639443,7.592962758335235,-1.9188371340152959,-4.85231501164266,-0.5445837321139589,-1.2198222695605005,3.883047119434712,3.5839284797041056,-1.5096550784580214,4.140660721224629,-0.20238039354074577,2.1124214360696763,-0.6845977864517142,3.523115817464666,-2.108394933148502,1.775242361647848,1.94132184395348,2.5286760797447765,-1.2536743754505781,-0.3577598255803418,3.8583995409998564,5.372051520334027,-2.9747695581009213,1.2685498891839986
0.2814858440560014,-0.16448634777067792,-1.2596106827913494,-0.3785472587328171,1.2440327269854379,-0.38809443374032315,0.21258880737716285,-1.7545340015486703,0.1274322806665105,-0.7601738330460961,-0.330234957972283,0.6020297349622302,-0.042470731231892565,3.0933458081144853,1.47817269753191,0.029052276758014476,-0.6565233578453827,1.0835323431824575,-0.09419303994036621,0.3552386143050625,-0.8697386939191623,2.274654541440195,-0.5725128362226677,-1.5014699950808459,-0.22014669888713112,0.17534568849032345,0.8923335351466507,1.7495376534922735,-0.6684170874775386,0.7457498192149776,-0.46797787671741964,0.16749700620079758,0.43602158425809456,1.1182598485735384,-0.22227358589981577,0.03554647942431721,-0.12112259904373493,0.10335125271282056,-0.8494955724467058,0.062078218235751194,0.7167398676587712,1.1751451483273536,-0.8483802594938555,0.13032790144336498
0.15112936433389274,-0.13824675810606257,-0.14453338639501953,-0.04398318530692367,0.2435479632025768,-0.15575930227408466,-0.16708393976589067,0.05560777056438267,0.4708739909357808,-0.059180281118884286,-0.0957207492275213,-0.009757915336851487,0.14637967246298014,0.19669630161284485,0.029052276758014476,0.2628914988981378,-0.05752164981709241,-0.2208131557528824,0.04961384013031818,0.41511844332325754,-0.16625128905714337,0.09248943417611255,0.07714105332820331,-0.2443293711946304,0.018369974552420506,-0.2640218336882478,0.1935440606535627,0.10320179766073075,-0.020008989511284915,0.27058791235205104,0.06767432567676186,-0.33491203523514296,-0.24772283412960427,0.3394828929472777,-0.04099196124149281,-0.19742425016312756,0.1441610941364414,-0.010781370162117578,0.035574377044538655,0.16315268436637517,-0.05625820249329739,0.30161413018883765,0.07804962937584213,0.22457630695516875
-0.2301491604806011,0.042434900777720316,0.5195567905641605,0.10913011105585047,-0.569089304721306,0.16769852032245783,-0.024634370656048274,0.7986832304231716,-0.2812916913783381,0.29077066709736693,0.05988447489244947,-0.3622014604494192,0.10738904252986584,-1.4578782921616917,-0.6565233578453827,-0.05752164981709241,0.3865372429640775,-0.3990263568965348,0.029611950869550933,-0.166911566689452,0.3525739949162159,-0.9275234238499117,0.21280417174187774,0.6947728034241918,0.11037159111083976,0.03354062574885944,-0.4429327323725561,-0.8248422238048354,0.2325072472411164,-0.43061825829312705,0.10129059128869784,-0.013781377896487987,-0.11700241578368067,-0.5729685153188105,0.1793167984967738,-0.018570088407905312,-0.04078125519735059,-0.03233374972911366,0.3296953865511154,0.007592069695038558,-0.2783172691382631,-0.6408922769375202,0.4422596169796369,-0.1324241218314623
0.6597589680585152,-0.570406860594827,-1.6751778324620339,0.934702058383204,1.8134432358647088,-0.1667578128232055,0.24937202057009794,-2.2509959348341595,-0.25845747241908396,-0.43450744492228927,-0.7971057649699052,1.0856158695269926,-0.12307545674922386,4.279348123610271,1.0835323431824575,-0.2208131557528824,-0.3990263568965348,1.9595427861125123,0.47492671837258177,-0.22344160311270017,-1.0458287119079002,2.757566989611369,-0.8287047102606516,-1.3818358321176756,-0.249070747842206,-0.18967322290252522,1.3276069888495186,1.073694464642665,-0.5896435098544369,1.122808620089129,-0.11996111375068391,1.157526795989289,0.020333808047931248,0.9626248761172665,-0.7202443490327517,0.8865662338244608,0.5222661289404069,1.0437027339576004,-0.6267525021710929,-0.28664768590022055,1.5524734301024266,1.6682400225569118,-1.2562040505904308,0.04650533346697537
0.4173231816033078,-0.3021568633358751,-0.6319272236038317,0.92861409143886,0.6547957172129698,-0.06378567589669304,-0.008757829759417197,-0.5044553358172457,0.24937243634013714,0.18397452293801095,-0.3898416577248253,0.6278697783961317,0.18208481552366476,1.4248501185489257,-0.09419303994036621,0.04961384013031818,0.029611950869550933,0.47492671837258177,0.5018303156831337,-0.012403355442314098,-0.1894059936230114,0.7001313266949954,-0.14973338655089005,-0.5007655587313645,0.0038968035133685685,-0.44512124734129566,0.5101241801137609,-0.11408188088021866,0.025416156172420223,0.7546378780867287,0.2388276794125368,0.4941227296767263,-0.5584305710861142,0.27350238941927907,-0.46723643377907925,0.5219650693510485,0.6751432268594294,0.6540052083428781,0.2830514329041102,-0.1615638816871593,0.6497059562277812,0.789092643009139,-0.19462713818301702,0.3471540784759929
0.16106024190715496,-0.18544473370242553,-0.42959070623478873,-0.3222612783833928,0.4919500330047969,-0.3469192493137869,-0.19172115230684103,-0.1524997680537503,0.6807852896188447,-0.2510075460385919,-0.21192727345202786,0.010131066289630683,0.3004954648208205,0.6205889668354213,0.3552386143050625,0.41511844332325754,-0.166911566689452,-0.22344160311270017,-0.012403355442314098,0.8064921473035608,-0.3987237417197732,0.5464588727402315,0.039554746090011195,-0.6923521273903704,0.001862031964980991,-0.23460645864308194,0.37718625374144177,0.52710509347393,-0.190404270994988,0.45372848559918866,-0.08127777251861257,-0.5893104707821779,-0.26263135248378694,0.7019044998525387,0.004925050858712121,-0.37807872036051,0.06927632988738534,-0.12286816050317795,-0.12088597879025886,0.3060354577971159,-0.03503770137724044,0.5507932319956834,0.12324668961563849,0.3487695931527348
-0.7077618693945402,0.6057706824038073,1.1310213299064888,-0.5061458600087879,-1.5564185632086798,0.24660465108708463,0.37073191944134554,1.5128342421899335,-0.46551526129286785,0.19332372069511317,0.6942923064467483,-0.5028243850308914,0.3280411921823184,-2.812534631639443,-0.8697386939191623,-0.16625128905714337,0.3525739949162159,-1.0458287119079002,-0.1894059936230114,-0.3987237417197732,1.2090104485043285,-1.7730349697078363,0.3580248692138486,1.0011769409687479,0.24365707125928832,0.37349434799756986,-1.2589697326363558,-0.7719010828008921,0.43258852076734305,-0.7314780286336815,-0.11538344369115448,-0.08857002104241292,0.3095491850035897,-1.1917058670953675,0.4836960439934354,-0.36002010304060444,-0.35144124267510896,-0.6025629749990583,0.6145745268629362,0.09024785340834764,-0.8793272838060494,-1.498448714807512,0.8288601879113386,0.13068370271524632
0.9953145125892964,-0.8924148060036853,-3.235277669011748,0.7368256529010546,3.2205992547039455,-0.7557795513443837,0.5825468914244235,-3.694294196533135,0.22533316169485806,-1.2880086737200809,-1.3026986415387998,1.8279801751776192,0.5114232701972055,7.592962758335235,2.274654541440195,0.09248943417611255,-0.9275234238499117,2.757566989611369,0.7001313266949954,0.5464588727402315,-1.7730349697078363,5.1790191121666105,-1.3679377450718895,-3.2595982227030165,-0.3129842143348011,-0.3922478219705854,2.252543848194644,2.706296392032526,-1.218876505836454,2.455763063207978,-0.5894830824128603,1.2731019917656967,0.05237528698738476,2.1925850216692946,-1.0205946799864445,0.7802152992040686,0.79041801108751,1.310814681755495,-1.071283696098913,0.031688166355007485,2.33356189007749,3.070672154554992,-1.7655569728576197,0.8193484742301614
-0.11871829322550714,0.21663889954422175,0.7739717844834266,-0.043349062504005706,-0.7486528160808418,0.13396719458942816,-0.3558474353190609,0.9114286469680425,0.2794838142092189,0.5484096237672076,0.27709061365140464,-0.3406047423661782,-0.20556823373362465,-1.9188371340152959,-0.5725128362226677,0.07714105332820331,0.21280417174187774,-0.8287047102606516,-0.14973338655089005,0.039554746090011195,0.3580248692138486,-1.3679377450718895,0.4712390733962902,0.6779806196525097,0.0622496505953289,0.008938697949549917,-0.438921424003651,-0.7072352087629289,0.3751295155890048,-0.5219210239681517,0.2812093125416559,-0.5147311344863411,-0.30503191652012057,-0.3789725623532992,0.17785806892517886,-0.12501684945770447,-0.0692542393704303,-0.3235482796627882,0.376754243314785,-0.0841372634479049,-0.5925838132212193,-0.558898884726742,0.5554929139577162,-0.17905962246838994
-0.7280793439276362,0.40240755426359215,2.1865896215532463,-0.51485500782305,-1.9817923521055067,0.6552935761321556,-0.2575784432680195,2.3097640183394947,-0.7488446052936493,0.5677107545318423,0.7658238354528328,-1.5099634483820457,-0.46918299146964976,-4.85231501164266,-1.5014699950808459,-0.2443293711946304,0.6947728034241918,-1.3818358321176756,-0.5007655587313645,-0.6923521273903704,1.0011769409687479,-3.2595982227030165,0.6779806196525097,2.5709850886828387,0.1620844584137608,0.32073488571402503,-1.4670190225979824,-1.9261353927365046,0.6556922034777138,-1.911212606810502,0.3036270213692509,-0.5129956733821038,0.37320145383465264,-1.622091010210725,0.7398238962929496,-0.5141355172388338,-0.7189502967425023,-0.7004889619384173,0.3576207009416911,0.0401499395291255,-1.4020144669655865,-2.2334729962307653,0.7981293069897628,-0.889051780702376
-0.15898672629680058,0.06525755557133633,0.16872673767944601,-0.11933941254580932,-0.2721234614662555,0.007765914486222537,0.11342174611940693,0.3795915088679922,-0.08605127964674274,-0.030979039612211684,0.08749993448781374,-0.14308913287535557,0.21352323133583978,-0.5445837321139589,-0.22014669888713112,0.018369974552420506,0.11037159111083976,-0.249070747842206,0.0038968035133685685,0.001862031964980991,0.24365707125928832,-0.3129842143348011,0.0622496505953289,0.1620844584137608,0.08241111157967475,0.016636849622675278,-0.2599781721032563,-0.1796553445662006,0.06276914697581688,-0.0749539180453722,-0.06329284746814903,-0.031602961078496854,0.04195838633559028,-0.22844765842120562,0.11742059494284313,-0.14101544554249415,-0.04034440920589766,-0.09466611236520703,0.1549445530154858,0.10629730255367678,-0.17018944120169976,-0.3006928300824689,0.22018888901515216,0.1169529449792382
-0.6104927207813865,0.45522777579512985,0.46795294729904857,-0.8732831496032976,-0.790082070722249,0.0821365995077423,0.32314150992005364,0.31387971487370875,-0.6856172193602718,-0.1808632984847214,0.370740988909595,-0.4005652020269586,-0.025317089256710817,-1.2198222695605005,0.17534568849032345,-0.2640218336882478,0.03354062574885944,-0.18967322290252522,-0.44512124734129566,-0.23460645864308194,0.37349434799756986,-0.3922478219705854,0.008938697949549917,0.32073488571402503,0.016636849622675278,0.7511966697938773,-0.6520595353863041,0.21937472419579898,-0.07665324819017935,-0.7409405172270288,-0.4411739697841334,-0.08622286270239964,0.7099303878878167,-0.5075719378837461,0.48377547253980485,-0.284646451876355,-0.7320599621171018,-0.5995118392980745,-0.21215478064555837,0.040523158583958885,-0.4451793145640577,-0.9277349130460962,0.26491846605966196,-0.30982956337278
1.0304585382823794,-0.6911680159878691,-1.5522040336157845,1.1312064636133528,1.9523761725134956,-0.2942509569282119,-0.3803178898247307,-1.9510892310806471,0.7840145467226767,-0.014379441493123975,-0.8463086449274071,1.0961195409724476,-0.27787514415706704,3.883047119434712,0.8923335351466507,0.1935440606535627,-0.4429327323725561,1.3276069888495186,0.5101241801137609,0.37718625374144177,-1.2589697326363558,2.252543848194644,-0.438921424003651,-1.4670190225979824,-0.2599781721032563,-0.6520595353863041,1.61338183164027,0.8530022070218248,-0.36893375466074124,1.3251989042287242,0.31955879059771725,0.40617643078871735,-0.7185620721790039,1.4295414608010821,-0.8596478819944251,0.7601107143973022,0.8442537998056312,0.9753844105041565,-0.3788584367829433,-0.2818071760700944,1.2945565837301207,2.1191384650805585,-0.9827521053127112,0.1829349663362318
0.18134524316222927,-0.0812376065726864,-1.4964309514175602,-0.7434544637378275,1.317194794027018,-0.540878388016156,0.49480996039191344,-1.881301116320084,0.17493418163937055,-1.1518490407690272,-0.24428193695352193,0.7022191784950058,0.28594093375038276,3.5839284797041056,1.7495376534922735,0.10320179766073075,-0.8248422238048354,1.073694464642665,-0.11408188088021866,0.52710509347393,-0.7719010828008921,2.706296392032526,-0.7072352087629289,-1.9261353927365046,-0.1796553445662006,0.21937472419579898,0.8530022070218248,2.276940835037702,-0.8082360432295955,1.036910833700822,-0.7197954355968761,0.16100752631572907,0.6626810297723471,1.2590035989730692,-0.1686450408469638,-0.2069677421954621,-0.18416387286684555,-0.042860972491687396,-0.9143184715419989,0.25749944741641667,0.7020443814936919,1.243412291487339,-0.8759288964198542,0.49004007024469626
-0.026234365142869333,0.18577516623129253,0.6580840808163433,0.3165807025860278,-0.6516139587076821,0.20377230159069645,-0.2572028490406724,0.7477374017672651,0.17880850584992017,0.6141403798472731,0.2368221255906634,-0.09859952459582116,-0.19950042882336488,-1.5096550784580214,-0.6684170874775386,-0.020008989511284915,0.2325072472411164,-0.5896435098544369,0.025416156172420223,-0.190404270994988,0.43258852076734305,-1.218876505836454,0.3751295155890048,0.6556922034777138,0.06276914697581688,-0.07665324819017935,-0.36893375466074124,-0.8082360432295955,0.429630333412086,-0.34221486133382567,0.37126137298042144,-0.16005036586440627,-0.380397695450277,-0.4640735746908064,0.010513667367545282,0.1304556323710573,0.13893128865803797,-0.0860112049132725,0.493049042859718,-0.20952603257556926,-0.36300326373062697,-0.4254619477010801,0.41998122737876037,-0.09567075989419094
0.8565549222902963,-0.5480965876407892,-1.8020540649160879,1.085244785481312,1.78928122997694,-0.45048072293548325,0.1302298677338235,-1.7111315973610193,0.8095929188705017,-0.2708910105056706,-0.739649278192666,1.391462905164819,0.47601583256226254,4.140660721224629,0.7457498192149776,0.27058791235205104,-0.43061825829312705,1.122808620089129,0.7546378780867287,0.45372848559918866,-0.7314780286336815,2.455763063207978,-0.5219210239681517,-1.911212606810502,-0.0749539180453722,-0.7409405172270288,1.3251989042287242,1.036910833700822,-0.34221486133382567,1.8813496179471845,0.08227706804820861,0.6629332585416492,-0.7135819962359146,1.2478258263558821,-0.8684124263645943,0.6350871702139025,1.0779137062649187,0.9802986860674464,0.04778432033884203,-0.07618440539472164,1.3245324364984374,2.0500809048826265,-0.7039984969880314,0.9413159321866351
0.4799172041549274,-0.14260349802929165,0.1998811751691332,0.9296677199307402,0.11363662161056079,0.1658217954367591,-0.5849151955875488,0.06856474067931839,0.5796457570111326,0.7706485347015005,-0.1029744406345032,0.2724237564734422,-0.48965910344670127,-0.20238039354074577,-0.46797787671741964,0.06767432567676186,0.10129059128869784,-0.11996111375068391,0.2388276794125368,-0.08127777251861257,-0.11538344369115448,-0.5894830824128603,0.2812093125416559,0.3036270213692509,-0.06329284746814903,-0.4411739697841334,0.31955879059771725,-0.7197954355968761,0.37126137298042144,0.08227706804820861,0.6781233508517457,-0.06102500930217911,-0.803377172465084,0.08426209707517157,-0.3799091426684113,0.4943054618529031,0.5358959793596481,0.35473842524105814,0.37140289740435506,-0.3891258832026836,0.1088730389764509,0.425973508258342,0.006096391503296512,-0.15570867910446745
0.21988383805052628,-0.20853998882069763,-0.8213347666156652,0.9036027982242331,0.6678257272726833,0.06052340554972851,0.47741727239539894,-0.9896008345947963,-0.5688471496950595,-0.1228643171476975,-0.35935932145420796,0.7708899517450248,0.17272080595979306,2.1124214360696763,0.16749700620079758,-0.33491203523514296,-0.013781377896487987,1.157526795989289,0.4941227296767263,-0.5893104707821779,-0.08857002104241292,1.2731019917656967,-0.5147311344863411,-0.5129956733821038,-0.031602961078496854,-0.08622286270239964,0.40617643078871735,0.16100752631572907,-0.16005036586440627,0.6629332585416492,-0.06102500930217911,1.2153944569847943,0.028791625565714032,-0.023609994610451445,-0.45971760893425795,0.7632043240730237,0.47747449741584513,0.7891814646588091,0.03175570523315193,-0.2683148351957814,0.9826432754166965,0.5950199517561146,-0.5809054105572384,0.19766812421406618
-0.7640075319277871,0.30605500372266153,0.3585077814198108,-1.46721711315079,-0.5655712097989533,0.03448407248530095,0.7092610992014579,0.24101304113665167,-1.0629466163257109,-1.0245786870463482,0.44324360010197517,-0.7790289534313074,0.2364444774877793,-0.6845977864517142,0.43602158425809456,-0.24772283412960427,-0.11700241578368067,0.020333808047931248,-0.5584305710861142,-0.26263135248378694,0.3095491850035897,0.05237528698738476,-0.30503191652012057,0.37320145383465264,0.04195838633559028,0.7099303878878167,-0.7185620721790039,0.6626810297723471,-0.380397695450277,-0.7135819962359146,-0.803377172465084,0.028791625565714032,1.4273082497371887,-0.47540524972425313,0.6636543677279629,-0.7922450847903401,-1.0175587933318968,-0.6800507051254513,-0.6693318926279707,0.47334036003927904,-0.49198912869151085,-1.1041616591151524,-0.16297273316454902,-0.20720442983010395
0.8344426639096401,-0.5430625730411475,-1.4621823731875763,0.46263870061669354,1.7673544451930265,-0.44249866391679366,-0.3170032103344786,-1.7525037364479414,0.9410813349427976,-0.29638219504186974,-0.6659653564413165,0.8699594540739319,-0.11212534210227201,3.523115817464666,1.1182598485735384,0.3394828929472777,-0.5729685153188105,0.9626248761172665,0.27350238941927907,0.7019044998525387,-1.1917058670953675,2.1925850216692946,-0.3789725623532992,-1.622091010210725,-0.22844765842120562,-0.5075719378837461,1.4295414608010821,1.2590035989730692,-0.4640735746908064,1.2478258263558821,0.08426209707517157,-0.023609994610451445,-0.47540524972425313,1.54655055680131,-0.6161504991969761,0.2993428838639841,0.5497840068814488,0.5573600726322799,-0.5080028846117751,-0.034390772771901404,0.9451826762511139,1.9240873121646462,-0.810783732550604,0.31864682941808237
-0.6761302849893045,0.33032184838138123,0.8072640542193446,-1.090865991050919,-0.9748869503027844,0.0727836996753243,0.22241360329926138,1.015142489785449,-0.509505062974311,-0.2982586066720971,0.4337720426523498,-0.8757725273050168,0.18713463611667905,-2.108394933148502,-0.22227358589981577,-0.04099196124149281,0.1793167984967738,-0.7202443490327517,-0.46723643377907925,0.004925050858712121,0.4836960439934354,-1.0205946799864445,0.17785806892517886,0.7398238962929496,0.11742059494284313,0.48377547253980485,-0.8596478819944251,-0.1686450408469638,0.010513667367545282,-0.8684124263645943,-0.3799091426684113,-0.45971760893425795,0.6636543677279629,-0.6161504991969761,0.6547944780089411,-0.7194325435530988,-0.7532347256595671,-0.726114068809621,-0.10792786035423735,0.35299833536798364,-0.8226229389633504,-1.2331456092200868,0.4902892568092715,-0.20277406429454797
0.6388446450606818,-0.21702939889713865,-0.6748914739422506,1.49139337634839,0.733501363888212,0.08833176101378953,-0.2556882990470851,-1.0423153462663937,0.22124142382554646,0.731684186930536,-0.4545220578431726,1.0396294262375745,-0.4163508895663352,1.775242361647848,0.03554647942431721,-0.19742425016312756,-0.018570088407905312,0.8865662338244608,0.5219650693510485,-0.37807872036051,-0.36002010304060444,0.7802152992040686,-0.12501684945770447,-0.5141355172388338,-0.14101544554249415,-0.284646451876355,0.7601107143973022,-0.2069677421954621,0.1304556323710573,0.6350871702139025,0.4943054618529031,0.7632043240730237,-0.7922450847903401,0.2993428838639841,-0.7194325435530988,1.1573416948311719,0.7984322329874047,0.863804446223259,0.28288053234345534,-0.6784459490027009,0.9597432991915481,1.077912531494379,-0.3950312937567413,-0.06216139357381248
0.7641598523446654,-0.4069907940325776,-0.8126589244917787,1.4303589002996007,0.9523067471584792,-0.08844542715097195,-0.27634889040502775,-0.7432324045176502,0.7210021343224383,0.4951465397830164,-0.5069585609117769,0.9719330127974316,0.010585171942117068,1.94132184395348,-0.12112259904373493,0.1441610941364414,-0.04078125519735059,0.5222661289404069,0.6751432268594294,0.06927632988738534,-0.35144124267510896,0.79041801108751,-0.0692542393704303,-0.7189502967425023,-0.04034440920589766,-0.7320599621171018,0.8442537998056312,-0.18416387286684555,0.13893128865803797,1.0779137062649187,0.5358959793596481,0.47747449741584513,-1.0175587933318968,0.5497840068814488,-0.7532347256595671,0.7984322329874047,1.0518294890200732,0.8893279321763854,0.4473111921919202,-0.34703754492330163,0.8488028347606413,1.305221394547667,-0.28147563780264917,0.4318893762435593
0.7175432822420799,-0.5618567501657747,-1.0277391130419238,1.3892698190349675,1.2322014143784394,-0.05028944399717438,-0.11892164421513719,-1.118334432116946,0.2317559045026703,0.22038395473637104,-0.6802459289728937,0.8755131396807317,-0.035437235228040175,2.5286760797447765,0.10335125271282056,-0.010781370162117578,-0.03233374972911366,1.0437027339576004,0.6540052083428781,-0.12286816050317795,-0.6025629749990583,1.310814681755495,-0.3235482796627882,-0.7004889619384173,-0.09466611236520703,-0.5995118392980745,0.9753844105041565,-0.042860972491687396,-0.0860112049132725,0.9802986860674464,0.35473842524105814,0.7891814646588091,-0.6800507051254513,0.5573600726322799,-0.726114068809621,0.863804446223259,0.8893279321763854,1.0533111656361325,0.10138570744520482,-0.3146967615096976,1.1126138454222239,1.3154569535910654,-0.6060364461867367,0.19195725247886247
-9.447712598059073e-4,0.17273978611290697,0.41672557666064514,0.6329337878964548,-0.6173633054867298,0.11671787964359522,-0.11368993513370851,0.8113784439304129,0.28554662739125936,0.716522607237149,0.12845501998743777,0.19734791369963814,0.17691371574075204,-1.2536743754505781,-0.8494955724467058,0.035574377044538655,0.3296953865511154,-0.6267525021710929,0.2830514329041102,-0.12088597879025886,0.6145745268629362,-1.071283696098913,0.376754243314785,0.3576207009416911,0.1549445530154858,-0.21215478064555837,-0.3788584367829433,-0.9143184715419989,0.493049042859718,0.04778432033884203,0.37140289740435506,0.03175570523315193,-0.6693318926279707,-0.5080028846117751,-0.10792786035423735,0.28288053234345534,0.4473111921919202,0.10138570744520482,0.8505522842459209,-0.2087983348811749,-0.1883165289871031,-0.27520312614176873,0.6398170863995055,0.2838308833922411
-0.3238429644905235,-0.03915474738068566,0.06089897240769797,-0.7846448934775982,-0.11119273235712882,-0.14272295258604453,0.289476345022085,0.41056596250178595,-0.17979153703136508,-0.6506207338794668,0.08529308682456638,-0.5165949728053619,0.4927011405237788,-0.3577598255803418,0.062078218235751194,0.16315268436637517,0.007592069695038558,-0.28664768590022055,-0.1615638816871593,0.3060354577971159,0.09024785340834764,0.031688166355007485,-0.0841372634479049,0.0401499395291255,0.10629730255367678,0.040523158583958885,-0.2818071760700944,0.25749944741641667,-0.20952603257556926,-0.07618440539472164,-0.3891258832026836,-0.2683148351957814,0.47334036003927904,-0.034390772771901404,0.35299833536798364,-0.6784459490027009,-0.34703754492330163,-0.3146967615096976,-0.2087983348811749,0.523171237929007,-0.32825175264924383,-0.40679443034167284,0.12103565152361828,0.22008524786567346
0.7767989258913623,-0.573482325174824,-1.6051502130476605,1.2714311026514757,1.6894099952920054,-0.2113508133663724,0.06787465884926216,-1.8810916690197788,0.18080281824762415,-0.07350509147134827,-0.8211379547147333,1.2205124109529144,0.024316085991067816,3.8583995409998564,0.7167398676587712,-0.05625820249329739,-0.2783172691382631,1.5524734301024266,0.6497059562277812,-0.03503770137724044,-0.8793272838060494,2.33356189007749,-0.5925838132212193,-1.4020144669655865,-0.17018944120169976,-0.4451793145640577,1.2945565837301207,0.7020443814936919,-0.36300326373062697,1.3245324364984374,0.1088730389764509,0.9826432754166965,-0.49198912869151085,0.9451826762511139,-0.8226229389633504,0.9597432991915481,0.8488028347606413,1.1126138454222239,-0.1883165289871031,-0.32825175264924383,1.4719803037493255,1.7678063041975858,-0.9018107570451722,0.2958613598975045
1.4037467754802468,-0.8250499419457468,-2.195846450297447,1.6179022838204467,2.564683274782555,-0.46578410048287433,-0.4152897712073776,-2.6071425578187504,1.242693325321753,0.045742461685638995,-1.0766675350748138,1.7317780384363328,-0.19382141488065174,5.372051520334027,1.1751451483273536,0.30161413018883765,-0.6408922769375202,1.6682400225569118,0.789092643009139,0.5507932319956834,-1.498448714807512,3.070672154554992,-0.558898884726742,-2.2334729962307653,-0.3006928300824689,-0.9277349130460962,2.1191384650805585,1.243412291487339,-0.4254619477010801,2.0500809048826265,0.425973508258342,0.5950199517561146,-1.1041616591151524,1.9240873121646462,-1.2331456092200868,1.077912531494379,1.305221394547667,1.3154569535910654,-0.27520312614176873,-0.40679443034167284,1.7678063041975858,2.952961317012328,-1.196630134459915,0.5412121486459394
-0.5689679775702654,0.43394429358039355,1.0030603236142448,-0.44158814630162263,-1.3366815401515784,0.0881513381931526,-0.04523849028969128,1.5576688308553912,-0.017771722257748115,0.45902470048672606,0.4096353024947627,-0.5749303155843191,0.309391686977463,-2.9747695581009213,-0.8483802594938555,0.07804962937584213,0.4422596169796369,-1.2562040505904308,-0.19462713818301702,0.12324668961563849,0.8288601879113386,-1.7655569728576197,0.5554929139577162,0.7981293069897628,0.22018888901515216,0.26491846605966196,-0.9827521053127112,-0.8759288964198542,0.41998122737876037,-0.7039984969880314,0.006096391503296512,-0.5809054105572384,-0.16297273316454902,-0.810783732550604,0.4902892568092715,-0.3950312937567413,-0.28147563780264917,-0.6060364461867367,0.6398170863995055,0.12103565152361828,-0.9018107570451722,-1.196630134459915,1.124792249142981,0.05078810148324245
0.11042032454313779,-0.07087716359839427,-0.6698972752682031,0.1205872895117371,0.4074874719479274,-0.28828469198756,0.3600915740356338,-0.23321499384711214,0.3674587018831326,-0.33951125933485565,-0.12370334357215668,0.5164887013425057,0.7283291331751933,1.2685498891839986,0.13032790144336498,0.22457630695516875,-0.1324241218314623,0.04650533346697537,0.3471540784759929,0.3487695931527348,0.13068370271524632,0.8193484742301614,-0.17905962246838994,-0.889051780702376,0.1169529449792382,-0.30982956337278,0.1829349663362318,0.49004007024469626,-0.09567075989419094,0.9413159321866351,-0.15570867910446745,0.19766812421406618,-0.20720442983010395,0.31864682941808237,-0.20277406429454797,-0.06216139357381248,0.4318893762435593,0.19195725247886247,0.2838308833922411,0.22008524786567346,0.2958613598975045,0.5412121486459394,0.05078810148324245,0.8661710845760798
