V1,V2,V3,V4,V5,V6,V7,V8,V9,V10,V11,V12,V13,V14,V15,V16,V17,V18,V19,V20,V21,V22,V23,V24,V25,V26,V27,V28,V29,V30,V31,V32,V33,V34,V35,V36,V37,V38,V39,V40,V41,V42,V43,V44
32.84168573202997,27.591378944061436,-15.358562803293609,7.6701748608888325,-17.14789978592461,7.4376642965889,-20.609229614249834,-0.5869565607058094,2.1310988626737206,28.860262735266943,11.249939780400169,13.15725355784319,4.93430935956361,-7.0052868266038955,6.428640154143288,25.41692848895056,-8.784489290123629,-15.91755121166998,-13.315672979115861,7.202562185423092,-6.604265163409887,-18.793323473090368,6.653642825419819,-12.168513715850688,24.61873593136788,1.7220258178648535,8.740811862805602,8.251211323365984,-5.788583277582762,-47.99813399845477,-23.683567139814873,7.4756627102672715,27.294366330708048,21.717376092611296,16.921860634627055,19.57515982511078,0.8419147342905005,16.101095617030246,-22.47811377155475,-36.86691503147547,23.18534038480963,10.157526865358752,19.62026308521653,30.666016444012566
27.591378944061436,23.613860994817617,-13.202511257545641,5.348125735423794,-14.596598861577027,6.137175165649818,-17.244335213831107,-0.6371609917555469,1.5834346147800937,23.772045613870844,9.757313030928113,10.810506387072683,4.459000326516756,-5.794377239373384,6.159337644858502,21.739449010800126,-7.72208689517589,-13.582239492685769,-11.710170171742988,6.510906994609346,-5.738570274694142,-15.449523490043875,5.449961670209029,-10.718769758199032,20.937763124748294,1.8604488193787776,7.293033059362694,7.970886530335245,-5.3360396537003085,-41.02060168690094,-20.76930375823863,5.986207711339344,24.012122047240407,18.720235592852394,14.797937931494468,15.95224950543522,0.057328582039452895,13.186212184948115,-19.727570248505295,-30.95249163688564,19.467567407811625,8.38725026588725,16.621781183165826,26.143731512102857
-15.358562803293609,-13.202511257545641,7.392120132174309,-2.81843750798103,8.14872651326621,-3.3966549427668995,9.582307213549779,0.376383392186231,-0.8478119901713463,-13.159051662988336,-5.463056950910558,-5.979077952925368,-2.5280950442593624,3.2161270824807815,-3.5328029344202245,-12.151929737673504,4.348250969984653,7.590275459902401,6.605972341359954,-3.6830804036556413,3.2258475067337296,8.554025596211615,-3.0195136914545784,6.029191310849373,-11.695416366889955,-1.0915610355973477,-4.050735583257455,-4.580478997504148,3.0380999181838853,22.9373019283524,11.681151751463926,-3.295858793689846,-13.52078149652947,-10.491111629162498,-8.326399183114214,-8.812238725931671,0.05834382952915216,-7.285957007756988,11.100194124265537,17.22373201502407,-10.828237984906949,-4.646529593225574,-9.272352960125772,-14.60960779657765
7.6701748608888325,5.348125735423794,-2.81843750798103,4.671003849354211,-3.543988824050236,2.0923622591717246,-5.043680797293981,0.21887128317161772,1.0474253128702353,8.02160729738136,1.9263628869027383,3.7802754978676854,0.33243923159885974,-1.8623980043397406,-0.4357093636899591,4.989778940852407,-1.1416410497740563,-3.1670396082840564,-1.6458349815228859,0.5536035491023829,-0.9960535557602216,-5.271658801144623,1.8784239969263101,-1.6133125601036413,5.056217297496462,-0.6594151717845206,2.1737263600372128,-0.7445141051657169,-0.1103349970232104,-9.390370991969073,-3.280622648596789,2.481441241361701,3.545217160893739,3.822962998647696,2.3804281858897367,5.833109655617806,1.8772541135613527,4.706212721234644,-3.0568886999923284,-8.689071716477715,5.489396017463936,2.7698646991607614,4.240877244783731,6.168952519116642
-17.14789978592461,-14.596598861577027,8.14872651326621,-3.543988824050236,9.042293368294699,-3.851350370546907,10.740134787650922,0.37463493935035425,-1.0246736580810156,-14.876993484011708,-6.022010722315473,-6.7853261387725485,-2.7104601654887195,3.618153890800871,-3.6856542351853205,-13.448688256730314,4.727114165945395,8.398071631988003,7.155786741883459,-3.9710020411477327,3.517944137638387,9.669978659041169,-3.406653913996784,6.575855196179212,-12.956747897570164,-1.0762949270978313,-4.542435705726072,-4.755850906284244,3.220305667270233,25.358668350104704,12.738196795749118,-3.773707875587279,-14.706999908628969,-11.540420401497395,-9.070450792489009,-10.00772180437773,-0.1627047358742715,-8.273963905743905,12.093473648241222,19.246393004719316,-12.10974422654266,-5.245632555041183,-10.308921005955371,-16.173970291473445
7.4376642965889,6.137175165649818,-3.3966549427668995,2.0923622591717246,-3.851350370546907,1.7781764110408949,-4.718595387420132,-0.11728244071373341,0.5409038599490517,6.713230636917817,2.5179489328732694,3.1253304896028924,1.0234780107736745,-1.614024332252639,1.249984021650219,5.688038813651328,-1.868146341123776,-3.533866516519755,-2.788859578987758,1.5451798912602894,-1.3950981345207403,-4.367072013365931,1.524505764759708,-2.64524284047619,5.476671066141748,0.2692199409309304,1.9927734302121287,1.5721866745557644,-1.1554673576946544,-10.664719713080796,-5.101445888145169,1.7694641507575364,5.835635725349721,4.768108301274742,3.611574867109947,4.570775171773905,0.3862324686637666,3.7948801698125934,-4.829629135037098,-8.373213701431206,5.281122468552897,2.359258146111535,4.424026712465103,6.833266029300768
-20.609229614249834,-17.244335213831107,9.582307213549779,-5.043680797293981,10.740134787650922,-4.718595387420132,12.973292579820395,0.3460179864267377,-1.3868694002305402,-18.229019832580672,-7.048508309746779,-8.338670742434928,-3.0313545974761738,4.4059877862477315,-3.9020044878877016,-15.900375197248733,5.435497199279305,9.94496537872498,8.197773354431126,-4.461994334636747,4.081405272310599,11.857214317734114,-4.180829115387268,7.569869938103453,-15.381799364365566,-1.007733237852377,-5.497450784440399,-4.989000731971798,3.533544190864888,29.973303657585024,14.70007244767085,-4.731182867524422,-16.906905029145904,-13.524784475283791,-10.473299878204315,-12.36940001187441,-0.6502954564385914,-10.199179825698934,13.939755356079823,23.151495179119348,-14.576436734799138,-6.411699611999097,-12.291166861409321,-19.163448356728196
-0.5869565607058094,-0.6371609917555469,0.376383392186231,0.21887128317161772,0.37463493935035425,-0.11728244071373341,0.3460179864267377,0.08077361015204194,0.045405756463194405,-0.3640360739590224,-0.30634337787564336,-0.18201559184377342,-0.19676871749209704,0.10370189847000867,-0.3692779491726691,-0.5969413904095175,0.2690153779142101,0.34996395010626324,0.40582666857402544,-0.29617128154744066,0.16728239404214235,0.23172021961444358,-0.07306073220535197,0.3864091673616562,-0.5230427417249524,-0.16443030423109578,-0.13624825913219127,-0.4903558878021587,0.2549018708166646,1.1032854866260362,0.7042468982978237,-0.04313464503910096,-0.8394480557384161,-0.5448487936004285,-0.48683763060512203,-0.1883394537601026,0.19355422085036775,-0.18204548155451328,0.6748861480814528,0.6539290963162718,-0.4069484117685403,-0.13570533979041755,-0.40931683686416104,-0.6804905862561333
2.1310988626737206,1.5834346147800937,-0.8478119901713463,1.0474253128702353,-1.0246736580810156,0.5409038599490517,-1.3868694002305402,0.045405756463194405,0.2578513505181771,2.1205825483843284,0.602767538735468,0.976149484503666,0.15917547535669238,-0.48973798314856526,0.04626122600077381,1.4628743523061585,-0.3937406729994461,-0.9293767453082658,-0.5757581723078825,0.24638163992475776,-0.32865337764147223,-1.3823004225396918,0.4886252991203851,-0.5573314746912986,1.4618017292365593,-0.08810731215048624,0.5951280891891663,0.02690859238357925,-0.1400735328504795,-2.7523288911171777,-1.1127653520308212,0.616642587095448,1.2313962659410038,1.1688124789239733,0.7957240203848615,1.508187424473473,0.3712074493893614,1.2266875195672888,-1.041412889483188,-2.409491857570746,1.5270855332101163,0.735771106040808,1.1996708531490876,1.7930772966274355
28.860262735266943,23.772045613870844,-13.159051662988336,8.02160729738136,-14.876993484011708,6.713230636917817,-18.229019832580672,-0.3640360739590224,2.1205825483843284,25.944721715170218,9.607538108249619,11.898992391726614,3.97255149284337,-6.251380162127763,4.803534658356062,21.935765620163412,-7.310168692200192,-13.742231383418524,-11.019623890737172,5.852654992769358,-5.545335982778606,-16.904376176600998,5.976275748208324,-10.170355363309435,21.31631625635258,1.0479051498380667,7.7412085195485485,6.080044484405323,-4.533957884948837,-41.37086682728241,-19.822958081350023,6.88404718234446,22.728953302749986,18.528077722005204,14.155457454969676,17.75300230224094,1.4798316910808873,14.586201459851159,-18.782654207917552,-32.441428412615174,20.423689572874224,9.107943196922815,17.096463772163013,26.50700797837703
11.249939780400169,9.757313030928113,-5.463056950910558,1.9263628869027383,-6.022010722315473,2.5179489328732694,-7.048508309746779,-0.30634337787564336,0.602767538735468,9.607538108249619,4.122678114406149,4.3978861352698155,1.892300330176803,-2.3298169685935703,2.72544464013785,8.998331269268807,-3.2202691551317257,-5.586465617519744,-4.830582825155472,2.8165720651005377,-2.3510524897774356,-6.211415737418441,2.15750447657046,-4.537244429783888,8.576696635621332,0.8731160636568241,2.96421559454645,3.532084685293759,-2.285535086471383,-16.888467405385697,-8.698537527731258,2.344261273739498,10.048997407417374,7.738610736155248,6.1360467645166885,6.365108759775646,-0.14760819178393553,5.331445317962674,-8.255145573122865,-12.631825409365323,7.968175043939914,3.3952759011083407,6.822242435120155,10.749223344231945
13.15725355784319,10.810506387072683,-5.979077952925368,3.7802754978676854,-6.7853261387725485,3.1253304896028924,-8.338670742434928,-0.18201559184377342,0.976149484503666,11.898992391726614,4.3978861352698155,5.51471851856415,1.784478176449628,-2.862491256000546,2.1358675729414554,10.006499159525468,-3.2843646107828266,-6.237276396441831,-4.9231748998171145,2.669050993918353,-2.4730779487526338,-7.749617653959232,2.719877527047967,-4.618560630783101,9.677116075156931,0.4389152723752203,3.5308485863922607,2.68600252430322,-2.0102869901854876,-18.805274753015716,-8.950130854249997,3.160789454566753,10.241906101789029,8.398905252598045,6.361845674232925,8.132823466499577,0.7383041914427688,6.718885896886546,-8.475491822273261,-14.805431061032007,9.33055780951974,4.17925257846972,7.803860303546868,12.054386763761142
4.93430935956361,4.459000326516756,-2.5280950442593624,0.33243923159885974,-2.7104601654887195,1.0234780107736745,-3.0313545974761738,-0.19676871749209704,0.15917547535669238,3.97255149284337,1.892300330176803,1.784478176449628,0.9774983614577631,-0.9906083462334696,1.5198732739934262,4.0946978145500665,-1.5780651784382096,-2.547125673664832,-2.416730477383837,1.409427194709762,-1.1441232404143376,-2.5750296311797114,0.9067058542323304,-2.180495148268118,3.8967593286465227,0.5603224766387801,1.2741863147098076,2.0023175082697793,-1.222365729872507,-7.736364190037858,-4.198225001337414,0.9153280512438697,4.9061563822669445,3.6211721682475226,2.9883587834197827,2.581851869123336,-0.3508826768417204,2.152347230240743,-4.00080406751801,-5.517981024061387,3.4619053993995044,1.413961632025007,3.0497862539956606,4.893372347043838
-7.0052868266038955,-5.794377239373384,3.2161270824807815,-1.8623980043397406,3.618153890800871,-1.614024332252639,4.4059877862477315,0.10370189847000867,-0.48973798314856526,-6.251380162127763,-2.3298169685935703,-2.862491256000546,-0.9906083462334696,1.5189176114757161,-1.2139035942547476,-5.344496226600616,1.8035836440316244,3.3509313442761055,2.7402313430411303,-1.442127895069492,1.3684812420721302,4.083578176610372,-1.4525867764843732,2.4896532805269063,-5.202231911200479,-0.27887385273584164,-1.8721056852041185,-1.54268952768459,1.1362374580783499,10.103959581189518,4.86759115926805,-1.6616854469203821,-5.598011000852173,-4.537703115010312,-3.4921884791315025,-4.279728544516129,-0.31742714020984,-3.503809888376005,4.618483436436465,7.8673085686775375,-4.942053707353291,-2.1963756567957127,-4.161267150523718,-6.4677496010167435
6.428640154143288,6.159337644858502,-3.5328029344202245,-0.4357093636899591,-3.6856542351853205,1.249984021650219,-3.9020044878877016,-0.3692779491726691,0.04626122600077381,4.803534658356062,2.72544464013785,2.1358675729414554,1.5198732739934262,-1.2139035942547476,2.5917153684761707,5.646760400541676,-2.3285279711249984,-3.4864007918172524,-3.546790713399972,2.2116726493796426,-1.6349550631785599,-3.079606873520688,1.0629722939189146,-3.246698680975783,5.273971352367481,1.0655827060455485,1.621811204406757,3.442671360460346,-1.9689840671233907,-10.626383357768365,-6.171008838347639,0.9503302226740724,7.253585532702017,5.088239642182341,4.347974510435528,2.9647577021226637,-0.9801010273875751,2.5393755918679366,-5.888099922267632,-7.174279874499122,4.508866963423864,1.7263226946564032,4.081877159844251,6.67479005606171
25.41692848895056,21.739449010800126,-12.151929737673504,4.989778940852407,-13.448688256730314,5.688038813651328,-15.900375197248733,-0.5969413904095175,1.4628743523061585,21.935765620163412,8.998331269268807,10.006499159525468,4.0946978145500665,-5.344496226600616,5.646760400541676,20.03090667716548,-7.088705661564466,-12.49732172216214,-10.734965658893753,5.999796731499541,-5.257132665411997,-14.254301310592657,5.0175678173463085,-9.865804868454825,19.266710374169257,1.6938960628771493,6.718911800995335,7.299149040911936,-4.88626116937702,-37.7606250181033,-19.087922598136373,5.5258487827795095,22.05822637472816,17.220695579002065,13.584163228964849,14.715122814934618,0.08582745124237119,12.18276079740386,-18.127549261137155,-28.521651224994265,17.943494041778266,7.740370542565257,15.317677779966527,24.06826490621349
-8.784489290123629,-7.72208689517589,4.348250969984653,-1.1416410497740563,4.727114165945395,-1.868146341123776,5.435497199279305,0.2690153779142101,-0.3937406729994461,-7.310168692200192,-3.2202691551317257,-3.2843646107828266,-1.5780651784382096,1.8035836440316244,-2.3285279711249984,-7.088705661564466,2.644563823871824,4.433295406476789,4.033013715602332,-2.276964512946882,1.9433677823518536,4.745486136056243,-1.6821968445723858,3.638592768235162,-6.807744078900073,-0.7971234763801293,-2.2970719447147636,-3.0467368972242683,1.9421663693599998,13.413207587417244,7.046182690976233,-1.7703004907635167,-8.197766806177889,-6.19878472162877,-5.029242651794279,-4.839822786518657,0.3043215439265905,-3.999211708271089,6.706400469941382,9.831828118516347,-6.1711248187302346,-2.5869614472761673,-5.352095024969641,-8.514858434615915
-15.91755121166998,-13.582239492685769,7.590275459902401,-3.1670396082840564,8.398071631988003,-3.533866516519755,9.94496537872498,0.34996395010626324,-0.9293767453082658,-13.742231383418524,-5.586465617519744,-6.237276396441831,-2.547125673664832,3.3509313442761055,-3.4864007918172524,-12.49732172216214,4.433295406476789,7.821103163653171,6.73342815737106,-3.7052047330707785,3.3065896132246118,8.937965034167668,-3.162966081108075,6.132966543589583,-12.064848902422288,-1.0391485182873832,-4.21171119966786,-4.51000879641924,3.043821699568314,23.608859121465933,11.911037830297667,-3.4814536052719105,-13.771226531082522,-10.762593918857796,-8.503030033557216,-9.245759150493152,-0.08557985263178008,-7.6215509840824724,11.315315419497606,17.85260320400352,-11.223003463514816,-4.846025473480358,-9.572426720954045,-15.051556351704338
-13.315672979115861,-11.710170171742988,6.605972341359954,-1.6458349815228859,7.155786741883459,-2.788859578987758,8.197773354431126,0.40582666857402544,-0.5757581723078825,-11.019623890737172,-4.830582825155472,-4.9231748998171145,-2.416730477383837,2.7402313430411303,-3.546790713399972,-10.734965658893753,4.033013715602332,6.73342815737106,6.223342106214259,-3.430184635521953,2.9940130907294775,7.183498312014155,-2.571914216442833,5.496434817340931,-10.358178512619078,-1.215753563019204,-3.4731991941596068,-4.655786961900002,2.9779447355363433,20.38777622837529,10.71247699079408,-2.6922069102613273,-12.495796078249755,-9.447460977542644,-7.699482297473166,-7.325498581754301,0.48907944780043816,-6.008090318183396,10.210366828943659,14.888103599906312,-9.32210163643046,-3.9051905684535133,-8.11524378103698,-12.938949804279078
7.202562185423092,6.510906994609346,-3.6830804036556413,0.5536035491023829,-3.9710020411477327,1.5451798912602894,-4.461994334636747,-0.29617128154744066,0.24638163992475776,5.852654992769358,2.8165720651005377,2.669050993918353,1.409427194709762,-1.442127895069492,2.2116726493796426,5.999796731499541,-2.276964512946882,-3.7052047330707785,-3.430184635521953,2.08720100515315,-1.6231138665651161,-3.771082314234347,1.3013122289905938,-3.2056518243048737,5.653368938013747,0.8113895031072276,1.864664573352607,2.899979769329768,-1.7552998751517481,-11.2550657426008,-6.102781757318351,1.3277311900964763,7.103196615165531,5.2505866910039165,4.293893346771126,3.7742356919764597,-0.4918291839662545,3.1969957238437035,-5.804683641492607,-8.071566052049986,5.085003245387115,2.0813548163709084,4.4582489570519765,7.122574944463326
-6.604265163409887,-5.738570274694142,3.2258475067337296,-0.9960535557602216,3.517944137638387,-1.3950981345207403,4.081405272310599,0.16728239404214235,-0.32865337764147223,-5.545335982778606,-2.3510524897774356,-2.4730779487526338,-1.1441232404143376,1.3684812420721302,-1.6349550631785599,-5.257132665411997,1.9433677823518536,3.3065896132246118,2.9940130907294775,-1.6231138665651161,1.4565263716802432,3.614120575290555,-1.2948153988116615,2.6470372544920675,-5.093540128161159,-0.5377112576375881,-1.733223049290813,-2.140591542951707,1.4005968258263628,9.988083447106433,5.175013163213513,-1.3775618777694234,-6.021291535848927,-4.605969960011542,-3.721996616078906,-3.71220297154557,0.13917103064213626,-3.0367211868613126,4.927749959235384,7.388763040587737,-4.631259878012417,-1.9608460602148297,-3.996483524880303,-6.350357607835232
-18.793323473090368,-15.449523490043875,8.554025596211615,-5.271658801144623,9.669978659041169,-4.367072013365931,11.857214317734114,0.23172021961444358,-1.3823004225396918,-16.904376176600998,-6.211415737418441,-7.749617653959232,-2.5750296311797114,4.083578176610372,-3.079606873520688,-14.254301310592657,4.745486136056243,8.937965034167668,7.183498312014155,-3.771082314234347,3.614120575290555,11.031685381458171,-3.9127147376057216,6.57793826621486,-13.879041170269799,-0.6537720550652861,-5.039765677578913,-3.8965780413502276,2.9303487342767123,26.916634701649816,12.854756809400369,-4.511447529033625,-14.748107892582754,-12.051213991008584,-9.205603502597972,-11.593423700620205,-1.0024308397384007,-9.502225065573707,12.185782021405538,21.12025926631813,-13.284468034629633,-5.934952139782412,-11.127050391009341,-17.248610276596178
6.653642825419819,5.449961670209029,-3.0195136914545784,1.8784239969263101,-3.406653913996784,1.524505764759708,-4.180829115387268,-0.07306073220535197,0.4886252991203851,5.976275748208324,2.15750447657046,2.719877527047967,0.9067058542323304,-1.4525867764843732,1.0629722939189146,5.0175678173463085,-1.6821968445723858,-3.162966081108075,-2.571914216442833,1.3013122289905938,-1.2948153988116615,-3.9127147376057216,1.4042547081840935,-2.2969992110027793,4.921269281503097,0.21862893351066084,1.783934794067516,1.3472222144098847,-1.0328942562711942,-9.520683775357465,-4.528456192906484,1.6149381023540157,5.206958295865165,4.261832076897134,3.270724439055092,4.122366978179742,0.37149996316740924,3.349300877124559,-4.298508711516501,-7.468258115425875,4.6852931965756115,2.09675694899619,3.930141746102721,6.101680274931763
-12.168513715850688,-10.718769758199032,6.029191310849373,-1.6133125601036413,6.575855196179212,-2.64524284047619,7.569869938103453,0.3864091673616562,-0.5573314746912986,-10.170355363309435,-4.537244429783888,-4.618560630783101,-2.180495148268118,2.4896532805269063,-3.246698680975783,-9.865804868454825,3.638592768235162,6.132966543589583,5.496434817340931,-3.2056518243048737,2.6470372544920675,6.57793826621486,-2.2969992110027793,5.084660104782455,-9.40019097812524,-1.1098525678087028,-3.183498701829497,-4.236976544212015,2.6752223020120645,18.565557092497347,9.763632008656703,-2.429674677510269,-11.329521118170248,-8.57418433109678,-6.910023184183173,-6.690526047165898,0.42403926313159956,-5.593642349494472,9.280127997637196,13.64159013244761,-8.588393811936466,-3.6018166129105533,-7.42921690925225,-11.788398760396657
24.61873593136788,20.937763124748294,-11.695416366889955,5.056217297496462,-12.956747897570164,5.476671066141748,-15.381799364365566,-0.5230427417249524,1.4618017292365593,21.31631625635258,8.576696635621332,9.677116075156931,3.8967593286465227,-5.202231911200479,5.273971352367481,19.266710374169257,-6.807744078900073,-12.064848902422288,-10.358178512619078,5.653368938013747,-5.093540128161159,-13.879041170269799,4.921269281503097,-9.40019097812524,18.630589450060782,1.5409214259228023,6.518688864568738,6.815283424508346,-4.638585806229803,-36.421273818742314,-18.287152807408525,5.437282086223353,21.140568090608912,16.583308345000184,13.07607727335928,14.378594309372035,0.23350037681603833,11.830172726251106,-17.373522221459687,-27.61150030308013,17.349690423818547,7.514458505319501,14.786017613683939,23.228142391264846
1.7220258178648535,1.8604488193787776,-1.0915610355973477,-0.6594151717845206,-1.0762949270978313,0.2692199409309304,-1.007733237852377,-0.16443030423109578,-0.08810731215048624,1.0479051498380667,0.8731160636568241,0.4389152723752203,0.5603224766387801,-0.27887385273584164,1.0655827060455485,1.6938960628771493,-0.7971234763801293,-1.0391485182873832,-1.215753563019204,0.8113895031072276,-0.5377112576375881,-0.6537720550652861,0.21862893351066084,-1.1098525678087028,1.5409214259228023,0.49136724288177586,0.41070512335121795,1.4324534995597649,-0.7628591017076191,-3.185563261609927,-2.0842418724704928,0.10927958581225289,2.479830093913614,1.5940382056772886,1.4574860354152528,0.5514284608833646,-0.5842793299391692,0.5041583492976176,-1.9953695499968076,-1.9076384050211932,1.1982982778560838,0.3873075210047511,1.1559864718146904,1.9726317911057563
8.740811862805602,7.293033059362694,-4.050735583257455,2.1737263600372128,-4.542435705726072,1.9927734302121287,-5.497450784440399,-0.13624825913219127,0.5951280891891663,7.7412085195485485,2.96421559454645,3.5308485863922607,1.2741863147098076,-1.8721056852041185,1.621811204406757,6.718911800995335,-2.2970719447147636,-4.21171119966786,-3.4731991941596068,1.864664573352607,-1.733223049290813,-5.039765677578913,1.783934794067516,-3.183498701829497,6.518688864568738,0.41070512335121795,2.3346180513206978,2.0741254803040055,-1.4838898431848515,-12.686886332785312,-6.201931189580713,2.021262347716921,7.134870623382067,5.720302603870401,4.430644660043103,5.267632990843392,0.3001458143342398,4.328422215009267,-5.8827331574507635,-9.815762491121669,6.176523961492345,2.721301875116417,5.203813312407174,8.113648768802973
8.251211323365984,7.970886530335245,-4.580478997504148,-0.7445141051657169,-4.755850906284244,1.5721866745557644,-4.989000731971798,-0.4903558878021587,0.02690859238357925,6.080044484405323,3.532084685293759,2.68600252430322,2.0023175082697793,-1.54268952768459,3.442671360460346,7.299149040911936,-3.0467368972242683,-4.51000879641924,-4.655786961900002,2.899979769329768,-2.140591542951707,-3.8965780413502276,1.3472222144098847,-4.236976544212015,6.815283424508346,1.4324534995597649,2.0741254803040055,4.583583998520858,-2.6067291433444404,-13.75149805217289,-8.05994195011041,1.1753164025162348,9.489345899977407,6.612084559150802,5.686104681288515,3.7288678928231924,-1.363089452961849,3.193370637078363,-7.6950812073568,-9.201067769389255,5.7794759149861274,2.18963809284485,5.257223046184371,8.628408737662928
-5.788583277582762,-5.3360396537003085,3.0380999181838853,-0.1103349970232104,3.220305667270233,-1.1554673576946544,3.533544190864888,0.2549018708166646,-0.1400735328504795,-4.533957884948837,-2.285535086471383,-2.0102869901854876,-1.222365729872507,1.1362374580783499,-1.9689840671233907,-4.88626116937702,1.9421663693599998,3.043821699568314,2.9779447355363433,-1.7552998751517481,1.4005968258263628,2.9303487342767123,-1.0328942562711942,2.6752223020120645,-4.638585806229803,-0.7628591017076191,-1.4838898431848515,-2.6067291433444404,1.5565883600777404,9.242831816350709,5.146972565563462,-0.9992984332665676,-6.032230060456274,-4.3650064178003705,-3.6612063482971906,-2.9056543208228267,0.5774205455844866,-2.429229631747962,4.908981056941794,6.46355105761247,-4.05449450414222,-1.6178905967590484,-3.603666179182758,-5.832344726896046
-47.99813399845477,-41.02060168690094,22.9373019283524,-9.390370991969073,25.358668350104704,-10.664719713080796,29.973303657585024,1.1032854866260362,-2.7523288911171777,-41.37086682728241,-16.888467405385697,-18.805274753015716,-7.736364190037858,10.103959581189518,-10.626383357768365,-37.7606250181033,13.413207587417244,23.608859121465933,20.38777622837529,-11.2550657426008,9.988083447106433,26.916634701649816,-9.520683775357465,18.565557092497347,-36.421273818742314,-3.185563261609927,-12.686886332785312,-13.75149805217289,9.242831816350709,71.32014953139813,36.03356087675193,-10.467935416599314,-41.678782387119874,-32.53589950013667,-25.722971210139182,-27.812751558111103,-0.1717696621692113,-22.940374021604143,34.23682742560577,53.833630642036574,-33.83451424697711,-14.594940253076386,-28.903881438060132,-45.45676766599779
-23.683567139814873,-20.76930375823863,11.681151751463926,-3.280622648596789,12.738196795749118,-5.101445888145169,14.70007244767085,0.7042468982978237,-1.1127653520308212,-19.822958081350023,-8.698537527731258,-8.950130854249997,-4.198225001337414,4.86759115926805,-6.171008838347639,-19.087922598136373,7.046182690976233,11.911037830297667,10.71247699079408,-6.102781757318351,5.175013163213513,12.854756809400369,-4.528456192906484,9.763632008656703,-18.287152807408525,-2.0842418724704928,-6.201931189580713,-8.05994195011041,5.146972565563462,36.03356087675193,18.858083699964244,-4.79963810095843,-21.902177088877693,-16.63228022067443,-13.417260440694111,-13.116680452260914,0.7185264047768847,-10.88700278207411,17.935047789303255,26.532264642836434,-16.678590906611195,-7.016278289981367,-14.418498099157253,-22.889754327021638
7.4756627102672715,5.986207711339344,-3.295858793689846,2.481441241361701,-3.773707875587279,1.7694641507575364,-4.731182867524422,-0.04313464503910096,0.616642587095448,6.88404718234446,2.344261273739498,3.160789454566753,0.9153280512438697,-1.6616854469203821,0.9503302226740724,5.5258487827795095,-1.7703004907635167,-3.4814536052719105,-2.6922069102613273,1.3277311900964763,-1.3775618777694234,-4.511447529033625,1.6149381023540157,-2.429674677510269,5.437282086223353,0.10927958581225289,2.021262347716921,1.1753164025162348,-0.9992984332665676,-10.467935416599314,-4.79963810095843,1.9078915332731587,5.485333675553728,4.629555777780249,3.4666366780957967,4.792072429390952,0.6330981130910458,3.891665346036854,-4.547468154814577,-8.404465148413054,5.278137498113483,2.4093658219037177,4.377333742597174,6.730476144792241
27.294366330708048,24.012122047240407,-13.52078149652947,3.545217160893739,-14.706999908628969,5.835635725349721,-16.906905029145904,-0.8394480557384161,1.2313962659410038,22.728953302749986,10.048997407417374,10.241906101789029,4.9061563822669445,-5.598011000852173,7.253585532702017,22.05822637472816,-8.197766806177889,-13.771226531082522,-12.495796078249755,7.103196615165531,-6.021291535848927,-14.748107892582754,5.206958295865165,-11.329521118170248,21.140568090608912,2.479830093913614,7.134870623382067,9.489345899977407,-6.032230060456274,-41.678782387119874,-21.902177088877693,5.485333675553728,25.46854466062229,19.272779580550363,15.605129657139015,15.024633780860421,-0.955714651857057,12.454565302648131,-20.8409148084984,-30.563277418101443,19.199070477544243,8.050250842522848,16.641618757843236,26.461570652810956
21.717376092611296,18.720235592852394,-10.491111629162498,3.822962998647696,-11.540420401497395,4.768108301274742,-13.524784475283791,-0.5448487936004285,1.1688124789239733,18.528077722005204,7.738610736155248,8.398905252598045,3.6211721682475226,-4.537703115010312,5.088239642182341,17.220695579002065,-6.19878472162877,-10.762593918857796,-9.447460977542644,5.2505866910039165,-4.605969960011542,-12.051213991008584,4.261832076897134,-8.57418433109678,16.583308345000184,1.5940382056772886,5.720302603870401,6.612084559150802,-4.3650064178003705,-32.53589950013667,-16.63228022067443,4.629555777780249,19.272779580550363,14.911716840347378,11.873595855237262,12.401253602717574,-0.16839909971274541,10.239870228269229,-15.811425872291204,-24.346825180048626,15.298344944722592,6.546029089295011,13.126405816007457,20.71395789708083
16.921860634627055,14.797937931494468,-8.326399183114214,2.3804281858897367,-9.070450792489009,3.611574867109947,-10.473299878204315,-0.48683763060512203,0.7957240203848615,14.155457454969676,6.1360467645166885,6.361845674232925,2.9883587834197827,-3.4921884791315025,4.347974510435528,13.584163228964849,-5.029242651794279,-8.503030033557216,-7.699482297473166,4.293893346771126,-3.721996616078906,-9.205603502597972,3.270724439055092,-6.910023184183173,13.07607727335928,1.4574860354152528,4.430644660043103,5.686104681288515,-3.6612063482971906,-25.722971210139182,-13.417260440694111,3.4666366780957967,15.605129657139015,11.873595855237262,9.598067781557681,9.412314239002793,-0.472705046783349,7.759099539802011,-12.77163699695973,-18.94247878104133,11.885851770708761,5.009638452096792,10.286252484242958,16.341843908561973
19.57515982511078,15.95224950543522,-8.812238725931671,5.833109655617806,-10.00772180437773,4.570775171773905,-12.36940001187441,-0.1883394537601026,1.508187424473473,17.75300230224094,6.365108759775646,8.132823466499577,2.581851869123336,-4.279728544516129,2.9647577021226637,14.715122814934618,-4.839822786518657,-9.245759150493152,-7.325498581754301,3.7742356919764597,-3.71220297154557,-11.593423700620205,4.122366978179742,-6.690526047165898,14.378594309372035,0.5514284608833646,5.267632990843392,3.7288678928231924,-2.9056543208228267,-27.812751558111103,-13.116680452260914,4.792072429390952,15.024633780860421,12.401253602717574,9.412314239002793,12.233347594929226,1.2483544333287362,9.9970500542926235,-12.429094487089237,-22.002408120103443,13.837980753720135,6.224635553512306,11.540070778681343,17.843405110993775
0.8419147342905005,0.057328582039452895,0.05834382952915216,1.8772541135613527,-0.1627047358742715,0.3862324686637666,-0.6502954564385914,0.19355422085036775,0.3712074493893614,1.4798316910808873,-0.14760819178393553,0.7383041914427688,-0.3508826768417204,-0.31742714020984,-0.9801010273875751,0.08582745124237119,0.3043215439265905,-0.08557985263178008,0.48907944780043816,-0.4918291839662545,0.13917103064213626,-1.0024308397384007,0.37149996316740924,0.42403926313159956,0.23350037681603833,-0.5842793299391692,0.3001458143342398,-1.363089452961849,0.5774205455844866,-0.1717696621692113,0.7185264047768847,0.6330981130910458,-0.955714651857057,-0.16839909971274541,-0.472705046783349,1.2483544333287362,1.0119376808128466,0.9536571459049664,0.7116055674385585,-0.9864823725173244,0.625710048314947,0.4898861669302256,0.3018292873443733,0.20774631231359225
16.101095617030246,13.186212184948115,-7.285957007756988,4.706212721234644,-8.273963905743905,3.7948801698125934,-10.199179825698934,-0.18204548155451328,1.2266875195672888,14.586201459851159,5.331445317962674,6.718885896886546,2.152347230240743,-3.503809888376005,2.5393755918679366,12.18276079740386,-3.999211708271089,-7.6215509840824724,-6.008090318183396,3.1969957238437035,-3.0367211868613126,-9.502225065573707,3.349300877124559,-5.593642349494472,11.830172726251106,0.5041583492976176,4.328422215009267,3.193370637078363,-2.429229631747962,-22.940374021604143,-10.88700278207411,3.891665346036854,12.454565302648131,10.239870228269229,7.759099539802011,9.9970500542926235,0.9536571459049664,8.230148336524195,-10.308214420184049,-18.112716849055673,11.41266642723068,5.117879597553844,9.5192664403517675,14.71308113347408
-22.47811377155475,-19.727570248505295,11.100194124265537,-3.0568886999923284,12.093473648241222,-4.829629135037098,13.939755356079823,0.6748861480814528,-1.041412889483188,-18.782654207917552,-8.255145573122865,-8.475491822273261,-4.00080406751801,4.618483436436465,-5.888099922267632,-18.127549261137155,6.706400469941382,11.315315419497606,10.210366828943659,-5.804683641492607,4.927749959235384,12.185782021405538,-4.298508711516501,9.280127997637196,-17.373522221459687,-1.9953695499968076,-5.8827331574507635,-7.6950812073568,4.908981056941794,34.23682742560577,17.935047789303255,-4.547468154814577,-20.8409148084984,-15.811425872291204,-12.77163699695973,-12.429094487089237,0.7116055674385585,-10.308214420184049,17.063020874887535,25.17598113446901,-15.820594733641006,-6.650086162655361,-13.690449156820172,-21.745246876414395
-36.86691503147547,-30.95249163688564,17.22373201502407,-8.689071716477715,19.246393004719316,-8.373213701431206,23.151495179119348,0.6539290963162718,-2.409491857570746,-32.441428412615174,-12.631825409365323,-14.805431061032007,-5.517981024061387,7.8673085686775375,-7.174279874499122,-28.521651224994265,9.831828118516347,17.85260320400352,14.888103599906312,-8.071566052049986,7.388763040587737,21.12025926631813,-7.468258115425875,13.64159013244761,-27.61150030308013,-1.9076384050211932,-9.815762491121669,-9.201067769389255,6.46355105761247,53.833630642036574,26.532264642836434,-8.404465148413054,-30.563277418101443,-24.346825180048626,-18.94247878104133,-22.002408120103443,-0.9864823725173244,-18.112716849055673,25.17598113446901,41.39454666348757,-26.040062045742815,-11.417093548270273,-22.02119065870962,-34.39910776254971
23.18534038480963,19.467567407811625,-10.828237984906949,5.489396017463936,-12.10974422654266,5.281122468552897,-14.576436734799138,-0.4069484117685403,1.5270855332101163,20.423689572874224,7.968175043939914,9.33055780951974,3.4619053993995044,-4.942053707353291,4.508866963423864,17.943494041778266,-6.1711248187302346,-11.223003463514816,-9.32210163643046,5.085003245387115,-4.631259878012417,-13.284468034629633,4.6852931965756115,-8.588393811936466,17.349690423818547,1.1982982778560838,6.176523961492345,5.7794759149861274,-4.05449450414222,-33.83451424697711,-16.678590906611195,5.278137498113483,19.199070477544243,15.298344944722592,11.885851770708761,13.837980753720135,0.625710048314947,11.41266642723068,-15.820594733641006,-26.040062045742815,16.393036772639697,7.187558184730452,13.847800216476017,21.622533947970418
10.157526865358752,8.38725026588725,-4.646529593225574,2.7698646991607614,-5.245632555041183,2.359258146111535,-6.411699611999097,-0.13570533979041755,0.735771106040808,9.107943196922815,3.3952759011083407,4.17925257846972,1.413961632025007,-2.1963756567957127,1.7263226946564032,7.740370542565257,-2.5869614472761673,-4.846025473480358,-3.9051905684535133,2.0813548163709084,-1.9608460602148297,-5.934952139782412,2.09675694899619,-3.6018166129105533,7.514458505319501,0.3873075210047511,2.721301875116417,2.18963809284485,-1.6178905967590484,-14.594940253076386,-7.016278289981367,2.4093658219037177,8.050250842522848,6.546029089295011,5.009638452096792,6.224635553512306,0.4898861669302256,5.117879597553844,-6.650086162655361,-11.417093548270273,7.187558184730452,3.2000827968555594,6.025206179103553,9.348318915882212
19.62026308521653,16.621781183165826,-9.272352960125772,4.240877244783731,-10.308921005955371,4.424026712465103,-12.291166861409321,-0.40931683686416104,1.1996708531490876,17.096463772163013,6.822242435120155,7.803860303546868,3.0497862539956606,-4.161267150523718,4.081877159844251,15.317677779966527,-5.352095024969641,-9.572426720954045,-8.11524378103698,4.4582489570519765,-3.996483524880303,-11.127050391009341,3.930141746102721,-7.42921690925225,14.786017613683939,1.1559864718146904,5.203813312407174,5.257223046184371,-3.603666179182758,-28.903881438060132,-14.418498099157253,4.377333742597174,16.641618757843236,13.126405816007457,10.286252484242958,11.540070778681343,0.3018292873443733,9.5192664403517675,-13.690449156820172,-22.02119065870962,13.847800216476017,6.025206179103553,11.774562403627247,18.44530182860537
30.666016444012566,26.143731512102857,-14.60960779657765,6.168952519116642,-16.173970291473445,6.833266029300768,-19.163448356728196,-0.6804905862561333,1.7930772966274355,26.50700797837703,10.749223344231945,12.054386763761142,4.893372347043838,-6.4677496010167435,6.67479005606171,24.06826490621349,-8.514858434615915,-15.051556351704338,-12.938949804279078,7.122574944463326,-6.350357607835232,-17.248610276596178,6.101680274931763,-11.788398760396657,23.228142391264846,1.9726317911057563,8.113648768802973,8.628408737662928,-5.832344726896046,-45.45676766599779,-22.889754327021638,6.730476144792241,26.461570652810956,20.71395789708083,16.341843908561973,17.843405110993775,0.20774631231359225,14.71308113347408,-21.745246876414395,-34.39910776254971,21.622533947970418,9.348318915882212,18.44530182860537,28.983414462349483
