V1,V2,V3,V4,V5,V6,V7,V8,V9,V10,V11,V12,V13,V14,V15,V16,V17,V18,V19,V20,V21,V22,V23,V24,V25,V26,V27,V28,V29,V30,V31,V32,V33,V34,V35,V36,V37,V38,V39,V40,V41,V42,V43,V44
7.443599878204,2.24603329171465,-6.008414544819571,2.4953974363651383,2.8618340910855893,5.530314738123992,-2.011917007642738,-0.04905774573849045,-2.7419698029762603,-1.4998378071237404,-1.3139406653074406,8.48150089209509,-3.4603723284363457,-1.1690338830979703,1.1274274964006732,4.080138435916201,0.5562624847631671,-4.837657717408011,-5.302215010458038,-5.34367537487272,2.4162201760055244,-2.397044012747315,3.849316991542685,0.7903933871099904,-1.2814885364340907,3.456969809562326,-1.6874406408355112,0.8843568815940942,-0.9596336479551938,2.032169227841542,3.782760047280421,-2.1571672173700307,2.5879048503398585,-7.130870909868201,-0.5529187039553531,-4.303024745832057,-6.941709688317148,-1.7105152146860598,-7.468609266021987,0.683266432291608,-1.5188324397329893,7.211120173362268,4.343741175464828,1.786362960723539
2.24603329171465,0.9284714270115207,-2.0305184163562515,0.25205545518028466,0.6469584185502696,1.8482833361103124,-0.713692222062378,0.6529344540610212,-0.23188658654184865,-0.5191892517735643,0.04998112471360003,2.8856988436788957,-1.0397871852160596,0.027669450166956343,0.34600277201853286,1.5654225334850504,1.0169447950054953,-1.3852270093848014,-1.5486256719615035,-1.842676030698059,0.5330632426499616,-0.8263848780710316,0.8002056413387353,0.3153086632995378,-0.7142047065289592,0.9057438254737478,-0.594597412644716,0.7033435132218148,-0.32885089935143874,1.0647464189577753,1.278261402449355,-1.0954438676276554,0.6483943186652845,-1.4714953524274137,-0.3708727615567517,-1.620333888347487,-2.5282978609309765,-0.14641651501126934,-2.3171026864034654,0.004019815084196169,0.11061712667711154,2.6796013461182087,1.3900401721107363,0.5018078417863749
-6.008414544819571,-2.0305184163562515,5.041541406451253,-1.5968567873169468,-2.126673778925141,-4.634983150481166,1.7212273557936235,-0.5147310805836619,1.714805376794954,1.2670331809652569,0.6663806856922121,-7.141987133589478,2.7941697970171027,0.6230426497466514,-0.9287078661446319,-3.5891714485108324,-1.1674239513139004,3.8440248546323303,4.218228636358809,4.495801750342927,-1.8019666821782268,2.0183901737778025,-2.797967875072372,-0.6886594231408252,1.3209834542546863,-2.684731171810026,1.4403621260598263,-1.091140012664714,0.8076371488876327,-2.0306980994439954,-3.167956690736422,2.127169317002908,-1.9764448028398018,5.1987989295989925,0.6328122779251644,3.7627495168797664,5.981154341962744,1.0632494157012087,6.089204915944982,-0.3853659671636539,0.7465547522952674,-6.251505972264198,-3.5780753819077282,-1.4075999919642088
2.4953974363651383,0.25205545518028466,-1.5968567873169468,1.9509436576055397,1.4191723651347223,1.5930134214210172,-0.4949323340008921,-1.5120543716320822,-2.2294851634561823,-0.3622937924303998,-1.2871194114553708,2.2822218873632965,-1.2029506260728675,-1.2094322418493477,0.4558362319587453,0.7381532329818965,-1.6316665474788157,-1.794910346728055,-1.769352181415312,-1.2197311373799875,1.3437173129931572,-0.5562123304706705,2.0389103047782906,0.010439252061706157,0.2058922623684574,1.5212498939525474,-0.41786438219252037,-0.5789396508509909,-0.23825610237628764,-0.22795633359153492,0.9693268069377055,0.1655667958602112,1.1520620862127686,-3.965605135738919,0.16088322473096384,-0.8644936650390062,-1.4768731668244053,-1.3348338003991287,-2.4203050092753533,0.700933860143625,-1.7346221739122627,1.37524718256626,1.3222058423225655,0.6595789605873655
2.8618340910855893,0.6469584185502696,-2.126673778925141,1.4191723651347223,1.2946918300143673,1.9939989117877237,-0.6878320399940353,-0.6330169049583041,-1.596275993250761,-0.5170966861164893,-0.8808930833127909,2.996846506136052,-1.3416646100086183,-0.7931387803161334,0.4491669431687282,1.2878969843130226,-0.5476037080098809,-1.9300929111475018,-2.0575522400005823,-1.8294950197055586,1.1304892728826448,-0.8240872989058995,1.799625666837019,0.21403093484044022,-0.21224688223510269,1.4680471651218052,-0.5814580254120469,-0.03988831098644719,-0.3334975726667769,0.3879044175591609,1.3292589961567993,-0.4445048898669751,1.1130524304059484,-3.3783597639182354,-0.04956502217472209,-1.390603634069338,-2.296151853779923,-0.9810618585710444,-2.825294879428351,0.451202196461514,-1.0971463045417336,2.326856150625159,1.6057258882480245,0.7169573351636872
5.530314738123992,1.8482833361103124,-4.634983150481166,1.5930134214210172,1.9939989117877237,4.363038927958604,-1.6201731227348004,0.28190210745075467,-1.734376982086633,-1.150459551581893,-0.566643477531641,6.664661033335358,-2.602676267685004,-0.6320178336610921,0.9429890556182027,3.3267717967790773,0.91888624805311,-3.5625156622836105,-3.7512591413093315,-3.999550040755149,1.8178756687511823,-1.8011122504085648,2.598261911971306,0.5176588305845369,-1.2421133662463952,2.568692173594277,-1.3281847140879537,0.9951509353989694,-0.7289989057521735,1.8554350016591523,2.8919379162011043,-1.9499208700151704,1.8358635647012675,-5.044398173954336,-0.6511504596800181,-3.513476427731446,-5.505991523342567,-1.018655334635797,-5.644280138266328,0.43065625611415104,-0.7901196831277281,5.699744246020635,3.31022905048007,1.2702633275478625
-2.011917007642738,-0.713692222062378,1.7212273557936235,-0.4949323340008921,-0.6878320399940353,-1.6201731227348004,0.6112668287706842,-0.2099738027957882,0.5345956386996784,0.4292179509881586,0.1271075225328289,-2.4876908782101923,0.9467839666562016,0.16315386786810654,-0.3459923333661747,-1.2692083310246987,-0.474410741144272,1.2834541940004864,1.3502109311699189,1.4896828628158127,-0.6341427819935203,0.6686451429104849,-0.880576493970328,-0.19703760618468918,0.5127808305088375,-0.9140670930084986,0.4951332191387331,-0.4396819998533372,0.27140891122708344,-0.7552561861899216,-1.0769046849541812,0.7874062617581226,-0.6466562826575387,1.729066251967907,0.27653171837986007,1.3358924716582008,2.0794020932561064,0.31178867711841757,2.0661309012719458,-0.1266261972588827,0.1913558647390652,-2.161413458157195,-1.2199489573461082,-0.45165581831424523
-0.04905774573849045,0.6529344540610212,-0.5147310805836619,-1.5120543716320822,-0.6330169049583041,0.28190210745075467,-0.2099738027957882,2.029101545513679,1.7874088821895697,-0.18183518552286435,1.1103782799094684,0.6570146275811612,0.08438772615803976,1.0978358307720009,-0.1321778883365914,0.7946672934588511,2.434754279782544,0.2656634355227809,-0.016667672844246473,-0.7584323131825008,-0.7662796680026787,-0.3290608891874068,-1.0118322604913266,0.3673043699045045,-0.8160310437328705,-0.5275086079494646,-0.18446953330488583,1.1488433667055789,-0.10912718377203877,1.1830691848181802,0.37256368347805247,-1.1522712874903118,-0.3961193616740501,2.1990797912445292,-0.4274599728225155,-0.7159248257098235,-1.0752765082164415,1.0331679821878084,-0.055467795847944354,-0.6457706463168229,1.6532542330174784,1.3377436500384607,0.143675445500952,-0.0772996082269537
-2.7419698029762603,-0.23188658654184865,1.714805376794954,-2.2294851634561823,-1.596275993250761,-1.734376982086633,0.5345956386996784,1.7874088821895697,2.5627237185344764,0.38399850630917376,1.4719259652338257,-2.4728636080960698,1.3242429425758273,1.3879035715617163,-0.5084685338949456,-0.7617719839266736,1.9412781917789164,1.9851439793740164,1.9299020948370427,1.2838552272050379,-1.527656078165429,0.5842773360335365,-2.2910803378147,0.017379319393995184,-0.2655568936458408,-1.7046260622180485,0.4394644043004405,0.6996314677552133,0.2515390503062285,0.31644851318006617,-1.044705767314894,-0.24694245027834452,-1.2859352606506198,4.496982439702042,-0.1946112408114636,0.9053567051736553,1.5570421423250862,1.5311595484457952,2.653233585637059,-0.8104349569301597,2.0016714126696904,-1.4294607729282947,-1.4415797383134998,-0.7215947692842557
-1.4998378071237404,-0.5191892517735643,1.2670331809652569,-0.3622937924303998,-0.5170966861164893,-1.150459551581893,0.4292179509881586,-0.18183518552286435,0.38399850630917376,0.32138703725471174,0.15488052008559067,-1.7847838964564828,0.6936909597565322,0.1314973440516947,-0.21988780575710745,-0.9055726190009726,-0.34565333542018895,0.953200434639684,1.0691935905348864,1.1503877277714778,-0.42009146859605406,0.5151046855913641,-0.6807348200380636,-0.19173401004458382,0.33969313030189163,-0.6512773023451205,0.36112878219691336,-0.29196961651251446,0.20528915001630405,-0.5267543000714651,-0.7998985587771439,0.5487865030014468,-0.48626731179264776,1.2354598922575486,0.15625934681308115,0.9441957387448019,1.5109232661038332,0.24522559553249887,1.5186699830257846,-0.0792420640719204,0.14888369002380722,-1.5883977452826974,-0.8946380178460299,-0.3535006736836308
-1.3139406653074406,0.04998112471360003,0.6663806856922121,-1.2871194114553708,-0.8808930833127909,-0.566643477531641,0.1271075225328289,1.1103782799094684,1.4719259652338257,0.15488052008559067,1.1084360148310057,-0.8150739711438304,0.5973767448884094,0.879030759517296,-0.12333668365922386,-0.0816698800503527,1.3688899267635897,0.976131299432141,1.1397216766391445,0.6255840324381978,-0.6698390480193549,0.2782681232422638,-1.3443226818599543,-0.087555007018676,-0.4133465560630256,-0.7919883522923254,0.14600159017863434,0.656449367852937,0.11076105854922269,0.4775710853672005,-0.42722500431067656,-0.44570894352738066,-0.695835615942182,2.32716634510871,-0.34026407822882543,0.12485613667921708,0.41556203731723446,0.9614802986603557,1.1702777545643357,-0.4409416297884246,1.2568676960745135,-0.3742451332235503,-0.6088648317322095,-0.4089580199282493
8.48150089209509,2.8856988436788957,-7.141987133589478,2.2822218873632965,2.996846506136052,6.664661033335358,-2.4876908782101923,0.6570146275811612,-2.4728636080960698,-1.7847838964564828,-0.8150739711438304,10.237355111429805,-3.9739694935189256,-0.8608560841960488,1.3948966288317528,5.146329826696827,1.6417325533445926,-5.435435389757179,-5.815711000781946,-6.250637292001571,2.665571185660688,-2.805886456851335,3.901596596344052,0.8737797988463978,-1.9560039960575721,3.86006256505244,-2.040145698249551,1.615526819920633,-1.1326095520817643,2.9375983348727632,4.4775953887071145,-3.0732937343459623,2.7851308710321323,-7.476273592272093,-0.9986979104788082,-5.413564082557473,-8.523895273363788,-1.4810686064575194,-8.649702745191053,0.5897025549599182,-1.04882330062312,8.865791701479637,5.0844728205479734,1.9501360827801357
-3.4603723284363457,-1.0397871852160596,2.7941697970171027,-1.2029506260728675,-1.3416646100086183,-2.602676267685004,0.9467839666562016,0.08438772615803976,1.3242429425758273,0.6936909597565322,0.5973767448884094,-3.9739694935189256,1.620584924579692,0.5640260839833457,-0.5542670471250762,-1.905718009673524,-0.20767894161924316,2.2575098162466936,2.42525424778762,2.4417044819841047,-1.1746482159874865,1.0971063248794464,-1.7996326274413295,-0.33173060088282746,0.6020655773150303,-1.6388108261774295,0.7875671912977973,-0.40822838780227017,0.4432588174398911,-0.9392987692777942,-1.7498380989058264,0.9984011203989388,-1.2106655116563705,3.3977086441914115,0.27738767904719003,2.0179776028129948,3.2293690878523496,0.8070363156029172,3.4877744299264903,-0.34454453250780703,0.7400689226326937,-3.335818391150955,-2.0270851646258827,-0.8246245071732257
-1.1690338830979703,0.027669450166956343,0.6230426497466514,-1.2094322418493477,-0.7931387803161334,-0.6320178336610921,0.16315386786810654,1.0978358307720009,1.3879035715617163,0.1314973440516947,0.879030759517296,-0.8608560841960488,0.5640260839833457,0.7972900592098181,-0.20529062192978284,-0.14473481473876104,1.2633259551257923,0.8850455050002659,0.8728331593482659,0.44577285464811267,-0.735323537911728,0.2063234779484332,-1.176150769716212,0.03283775999734587,-0.30139145113459515,-0.7883844412452823,0.15169625475880372,0.5381458753432609,0.09045306041342958,0.38057333676026794,-0.3706042627560185,-0.3451073250856968,-0.6192324368951135,2.245936100600881,-0.2054350920889245,0.21087049967867152,0.4290297404124578,0.8438615622201568,1.090449362357952,-0.44195159672035744,1.151995156613517,-0.34318688254552576,-0.5703247882180617,-0.3363479132785882
1.1274274964006732,0.34600277201853286,-0.9287078661446319,0.4558362319587453,0.4491669431687282,0.9429890556182027,-0.3459923333661747,-0.1321778883365914,-0.5084685338949456,-0.21988780575710745,-0.12333668365922386,1.3948966288317528,-0.5542670471250762,-0.20529062192978284,0.2556499975759324,0.6697370750592042,0.00874501449185396,-0.7505913526490985,-0.6817037805069706,-0.7036417870894189,0.497855758701764,-0.32178374825783557,0.5802061879492687,0.019624692100479263,-0.24004279174202875,0.6033437575484637,-0.27162323775485286,0.15851361349869006,-0.13793132995650478,0.3297810019667469,0.5595149709380881,-0.35400827061278367,0.3997896889687925,-1.2633649427902907,-0.16151803781019333,-0.7285199831322904,-1.0887763378238602,-0.2652780327060698,-1.1745544283883478,0.15862798687027735,-0.2826386624310119,1.0834857782971665,0.6826488369078854,0.24753196813989536
4.080138435916201,1.5654225334850504,-3.5891714485108324,0.7381532329818965,1.2878969843130226,3.3267717967790773,-1.2692083310246987,0.7946672934588511,-0.7617719839266736,-0.9055726190009726,-0.0816698800503527,5.146329826696827,-1.905718009673524,-0.14473481473876104,0.6697370750592042,2.7091926813265546,1.3954728543207886,-2.5610468953051697,-2.7685711895780987,-3.1761354344523083,1.1357627498179856,-1.425917357181603,1.6218871010349674,0.4795105637232112,-1.1689232218753642,1.754947143398798,-1.0426834187721885,1.0825423542379544,-0.5727330248088904,1.730894877917534,2.2511229284087904,-1.7923361084470442,1.2450171027087733,-3.1043731346360364,-0.6204586686658764,-2.8282548990888494,-4.4033043648449475,-0.4512947757146671,-4.200660523556377,0.13518746932285394,-0.1004379106619013,4.620799423052135,2.4994603312708548,0.9127700019806569
0.5562624847631671,1.0169447950054953,-1.1674239513139004,-1.6316665474788157,-0.5476037080098809,0.91888624805311,-0.474410741144272,2.434754279782544,1.9412781917789164,-0.34565333542018895,1.3688899267635897,1.6417325533445926,-0.20767894161924316,1.2633259551257923,0.00874501449185396,1.3954728543207886,3.0506520085166,-0.08305879521144219,-0.3395486613481051,-1.297505419762431,-0.6366567162220325,-0.5735555449733288,-0.9648710313403813,0.4279021442412423,-1.1852118532461415,-0.3011012926838855,-0.39011483668649455,1.5489388171320535,-0.20927028490692198,1.6883973845832345,0.7729375088192392,-1.667103048170999,-0.2789576834900643,2.00493883513588,-0.666273314876649,-1.3406366066995803,-1.9707129509697645,1.15367678427853,-0.7278627667793806,-0.708153459874111,1.9107567792809719,2.2820995486044136,0.5655148490474344,0.023928744397629
-4.837657717408011,-1.3852270093848014,3.8440248546323303,-1.794910346728055,-1.9300929111475018,-3.5625156622836105,1.2834541940004864,0.2656634355227809,1.9851439793740164,0.953200434639684,0.976131299432141,-5.435435389757179,2.2575098162466936,0.8850455050002659,-0.7505913526490985,-2.5610468953051697,-0.08305879521144219,3.17141539763372,3.436410320724059,3.3798033346147243,-1.6598939015284526,1.5180240288760143,-2.614320874458821,-0.46830153670299934,0.7402190130282779,-2.306839463244115,1.0762796039563827,-0.44463749194058627,0.6107703931773096,-1.1855588007874054,-2.412414384474391,1.2704380513080233,-1.7253755530038892,4.8839444150550255,0.31275136125884545,2.7156006122092022,4.386333026464554,1.2265846480596616,4.844256400638667,-0.5187364926154016,1.1753283161769172,-4.529368441514286,-2.804751425136901,-1.1686126100108076
-5.302215010458038,-1.5486256719615035,4.218228636358809,-1.769352181415312,-2.0575522400005823,-3.7512591413093315,1.3502109311699189,-0.016667672844246473,1.9299020948370427,1.0691935905348864,1.1397216766391445,-5.815711000781946,2.42525424778762,0.8728331593482659,-0.6817037805069706,-2.7685711895780987,-0.3395486613481051,3.436410320724059,3.9719476124692163,3.9218972294266234,-1.565865056801514,1.7520199007529211,-2.8253188613037974,-0.697970393374254,0.7735731634201581,-2.3731065041468127,1.1705756879805873,-0.5053346322978627,0.6908047897265114,-1.3228713398147698,-2.6837490225286547,1.4055088825152011,-1.8624546421645403,4.940982261457607,0.2350122921663718,2.8938416230151693,4.807444767138442,1.2789687791229714,5.24816327771848,-0.4482497556129077,1.1205763145023993,-5.051101248556286,-3.046345483695856,-1.3199415623607216
-5.34367537487272,-1.842676030698059,4.495801750342927,-1.2197311373799875,-1.8294950197055586,-3.999550040755149,1.4896828628158127,-0.7584323131825008,1.2838552272050379,1.1503877277714778,0.6255840324381978,-6.250637292001571,2.4417044819841047,0.44577285464811267,-0.7036417870894189,-3.1761354344523083,-1.297505419762431,3.3798033346147243,3.9218972294266234,4.195204622412527,-1.375151115900291,1.8736429445583254,-2.4299808158923457,-0.7740388935561507,1.1648547283016504,-2.246891097397501,1.2728641989395075,-1.0125182016914636,0.7373164178953817,-1.8533874985934469,-2.8611995222799775,1.9289035797791378,-1.724871787347528,4.23529953990005,0.4839401159945934,3.2914018945603605,5.34329842694848,0.8712633687997208,5.366193207297982,-0.22913378010746444,0.48647349895885467,-5.662941061467335,-3.1621443363882173,-1.2800878287571762
2.4162201760055244,0.5330632426499616,-1.8019666821782268,1.3437173129931572,1.1304892728826448,1.8178756687511823,-0.6341427819935203,-0.7662796680026787,-1.527656078165429,-0.42009146859605406,-0.6698390480193549,2.665571185660688,-1.1746482159874865,-0.735323537911728,0.497855758701764,1.1357627498179856,-0.6366567162220325,-1.6598939015284526,-1.565865056801514,-1.375151115900291,1.1593156325025102,-0.6257423713056095,1.5386859693561912,0.03035112553848747,-0.22415832331192845,1.3636315580743668,-0.5036985824609348,-0.02967453104279225,-0.26733541473087,0.32782503461189955,1.0952819948058814,-0.382928404864797,0.9618339114583921,-3.169712301883436,-0.14037697143042885,-1.2594232330835606,-1.9591560624130278,-0.8712118981039627,-2.4409494789811887,0.4767448638087011,-1.0438524560102456,1.9163360014515924,1.3857903218316765,0.5703303748326443
-2.397044012747315,-0.8263848780710316,2.0183901737778025,-0.5562123304706705,-0.8240872989058995,-1.8011122504085648,0.6686451429104849,-0.3290608891874068,0.5842773360335365,0.5151046855913641,0.2782681232422638,-2.805886456851335,1.0971063248794464,0.2063234779484332,-0.32178374825783557,-1.425917357181603,-0.5735555449733288,1.5180240288760143,1.7520199007529211,1.8736429445583254,-0.6257423713056095,0.8390797100767908,-1.0938505545275599,-0.340145786619216,0.5212328524544939,-1.0139112656424185,0.5738903985913828,-0.4510901634552177,0.32982689166171314,-0.8283720148721482,-1.2803210424639062,0.863965848403488,-0.7737656133501064,1.9138416656120447,0.2198719920226088,1.4795441094031359,2.3953268282622506,0.39072768186056456,2.4084015309208926,-0.10504488867243798,0.22602843541337575,-2.5345639053134885,-1.418090224204037,-0.5749263369172719
3.849316991542685,0.8002056413387353,-2.797967875072372,2.0389103047782906,1.799625666837019,2.598261911971306,-0.880576493970328,-1.0118322604913266,-2.2910803378147,-0.6807348200380636,-1.3443226818599543,3.901596596344052,-1.7996326274413295,-1.176150769716212,0.5802061879492687,1.6218871010349674,-0.9648710313403813,-2.614320874458821,-2.8253188613037974,-2.4299808158923457,1.5386859693561912,-1.0938505545275599,2.53464077971696,0.2977741497204214,-0.1689477647334751,1.991530362415492,-0.7600373824649965,-0.1922074687153482,-0.4428711593377559,0.37942792947366166,1.7488377468154717,-0.45618062162531625,1.5381775643439655,-4.687114837539241,0.020403140969260613,-1.7571467731644494,-2.951641430100673,-1.4256755436058215,-3.771219798582377,0.6523015865724717,-1.6314426269122277,2.985136422474559,2.1328079783665883,0.986799994464356
0.7903933871099904,0.3153086632995378,-0.6886594231408252,0.010439252061706157,0.21403093484044022,0.5176588305845369,-0.19703760618468918,0.3673043699045045,0.017379319393995184,-0.19173401004458382,-0.087555007018676,0.8737797988463978,-0.33173060088282746,0.03283775999734587,0.019624692100479263,0.4795105637232112,0.4279021442412423,-0.46830153670299934,-0.697970393374254,-0.7740388935561507,0.03035112553848747,-0.340145786619216,0.2977741497204214,0.2343851581355489,-0.18395362696527962,0.22477032407318442,-0.18898393675569294,0.2064500720009553,-0.12551317372756662,0.3341694742347712,0.4614452495821071,-0.33733685143985603,0.2237610653281817,-0.30886715275034027,-0.027104070075558023,-0.4678181653140436,-0.835032493672554,-0.05034158123588914,-0.7650653031066698,-0.05829707993697724,0.08861111215259986,0.9409080574616313,0.45886009829414987,0.20955391441609528
-1.2814885364340907,-0.7142047065289592,1.3209834542546863,0.2058922623684574,-0.21224688223510269,-1.2421133662463952,0.5127808305088375,-0.8160310437328705,-0.2655568936458408,0.33969313030189163,-0.4133465560630256,-1.9560039960575721,0.6020655773150303,-0.30139145113459515,-0.24004279174202875,-1.1689232218753642,-1.1852118532461415,0.7402190130282779,0.7735731634201581,1.1648547283016504,-0.22415832331192845,0.5212328524544939,-0.1689477647334751,-0.18395362696527962,0.6916709702668934,-0.45276161137269877,0.39798258408040543,-0.7521430141250922,0.20910103517856354,-0.9678444726941802,-0.8322894858001835,0.9804169685193932,-0.26936043340820287,0.4229267036483277,0.41270084076541835,1.2019167445245504,1.7903404932066513,-0.1889732889675983,1.3908532767093296,0.12222598154658544,-0.47511025509826643,-1.9085467967133858,-0.863224777134219,-0.23731013072306617
3.456969809562326,0.9057438254737478,-2.684731171810026,1.5212498939525474,1.4680471651218052,2.568692173594277,-0.9140670930084986,-0.5275086079494646,-1.7046260622180485,-0.6512773023451205,-0.7919883522923254,3.86006256505244,-1.6388108261774295,-0.7883844412452823,0.6033437575484637,1.754947143398798,-0.3011012926838855,-2.306839463244115,-2.3731065041468127,-2.246891097397501,1.3636315580743668,-1.0139112656424185,1.991530362415492,0.22477032407318442,-0.45276161137269877,1.7621368434943698,-0.7513041353594757,0.18486563534971662,-0.41610602502739436,0.7074089392557372,1.6654174989032402,-0.7749691227108078,1.2856292067222583,-3.8804044064428154,-0.2166022163821512,-1.8903845903859522,-3.0123795817985988,-1.0127809849778837,-3.47401359616927,0.48673774132342307,-1.0827061522228179,3.052798045389963,1.996376914229957,0.8278821872815565
-1.6874406408355112,-0.594597412644716,1.4403621260598263,-0.41786438219252037,-0.5814580254120469,-1.3281847140879537,0.4951332191387331,-0.18446953330488583,0.4394644043004405,0.36112878219691336,0.14600159017863434,-2.040145698249551,0.7875671912977973,0.15169625475880372,-0.27162323775485286,-1.0426834187721885,-0.39011483668649455,1.0762796039563827,1.1705756879805873,1.2728641989395075,-0.5036985824609348,0.5738903985913828,-0.7600373824649965,-0.18898393675569294,0.39798258408040543,-0.7513041353594757,0.4196731450255262,-0.3408485810586867,0.23055096403036027,-0.6074800258780987,-0.8972317020526142,0.636612917746845,-0.5460964429353877,1.4219535773573488,0.2010516031218093,1.0944392834297376,1.717954810418099,0.2685829999496498,1.7178366423945588,-0.09548329271499512,0.17239930888884572,-1.7949081669287015,-1.0141368495726952,-0.3920739703229781
0.8843568815940942,0.7033435132218148,-1.091140012664714,-0.5789396508509909,-0.03988831098644719,0.9951509353989694,-0.4396819998533372,1.1488433667055789,0.6996314677552133,-0.29196961651251446,0.656449367852937,1.615526819920633,-0.40822838780227017,0.5381458753432609,0.15851361349869006,1.0825423542379544,1.5489388171320535,-0.44463749194058627,-0.5053346322978627,-1.0125182016914636,-0.02967453104279225,-0.4510901634552177,-0.1922074687153482,0.2064500720009553,-0.7521430141250922,0.18486563534971662,-0.3408485810586867,0.8894249661517863,-0.17815176998438811,1.0497323014943336,0.6938091895380952,-1.0500019360239357,0.0719499107917562,0.3100084988916934,-0.44816900337257265,-1.0903384045987412,-1.6003275826924486,0.44561034341258626,-1.0102625055745285,-0.26157858745056783,0.8209807730753166,1.7471580894025889,0.6601514670610841,0.13442278833108773
-0.9596336479551938,-0.32885089935143874,0.8076371488876327,-0.23825610237628764,-0.3334975726667769,-0.7289989057521735,0.27140891122708344,-0.10912718377203877,0.2515390503062285,0.20528915001630405,0.11076105854922269,-1.1326095520817643,0.4432588174398911,0.09045306041342958,-0.13793132995650478,-0.5727330248088904,-0.20927028490692198,0.6107703931773096,0.6908047897265114,0.7373164178953817,-0.26733541473087,0.32982689166171314,-0.4428711593377559,-0.12551317372756662,0.20910103517856354,-0.41610602502739436,0.23055096403036027,-0.17815176998438811,0.13178081993327373,-0.3283610460352244,-0.5096176451195383,0.3423491749306229,-0.31423695758262854,0.794968273702801,0.09313008172683286,0.597000838627986,0.9585596672506937,0.16341289973730827,0.9694331263600273,-0.05279739532241673,0.10373441494154981,-1.0087492467896104,-0.5711682556049953,-0.22815552725812777
2.032169227841542,1.0647464189577753,-2.0306980994439954,-0.22795633359153492,0.3879044175591609,1.8554350016591523,-0.7552561861899216,1.1830691848181802,0.31644851318006617,-0.5267543000714651,0.4775710853672005,2.9375983348727632,-0.9392987692777942,0.38057333676026794,0.3297810019667469,1.730894877917534,1.6883973845832345,-1.1855588007874054,-1.3228713398147698,-1.8533874985934469,0.32782503461189955,-0.8283720148721482,0.37942792947366166,0.3341694742347712,-0.9678444726941802,0.7074089392557372,-0.6074800258780987,1.0497323014943336,-0.3283610460352244,1.3900346801964443,1.2856346361062583,-1.4104735226623886,0.4624857194214391,-0.744053475485065,-0.5445589857745591,-1.7726139617437433,-2.694195123539253,0.20239115678583766,-2.1613623387879843,-0.17194535568293282,0.620968570287079,2.8893454627263613,1.3331909782671927,0.40695321291854397
3.782760047280421,1.278261402449355,-3.167956690736422,0.9693268069377055,1.3292589961567993,2.8919379162011043,-1.0769046849541812,0.37256368347805247,-1.044705767314894,-0.7998985587771439,-0.42722500431067656,4.4775953887071145,-1.7498380989058264,-0.3706042627560185,0.5595149709380881,2.2511229284087904,0.7729375088192392,-2.412414384474391,-2.6837490225286547,-2.8611995222799775,1.0952819948058814,-1.2803210424639062,1.7488377468154717,0.4614452495821071,-0.8322894858001835,1.6654174989032402,-0.8972317020526142,0.6938091895380952,-0.5096176451195383,1.2856346361062583,2.004169151636799,-1.3430287639729264,1.2382575792150714,-3.2116385765334186,-0.38467387691644533,-2.3523743829639816,-3.765594444946236,-0.6624671163307205,-3.82366195007763,0.2249454511710296,-0.4397968528223024,3.95085303585596,2.2473621330181994,0.8873771707722784
-2.1571672173700307,-1.0954438676276554,2.127169317002908,0.1655667958602112,-0.4445048898669751,-1.9499208700151704,0.7874062617581226,-1.1522712874903118,-0.24694245027834452,0.5487865030014468,-0.44570894352738066,-3.0732937343459623,0.9984011203989388,-0.3451073250856968,-0.35400827061278367,-1.7923361084470442,-1.667103048170999,1.2704380513080233,1.4055088825152011,1.9289035797791378,-0.382928404864797,0.863965848403488,-0.45618062162531625,-0.33733685143985603,0.9804169685193932,-0.7749691227108078,0.636612917746845,-1.0500019360239357,0.3423491749306229,-1.4104735226623886,-1.3430287639729264,1.435377321510548,-0.5096067100348092,0.8964714463122847,0.5525134556881545,1.840573489605424,2.7974575236143777,-0.16189209463827392,2.284686227793244,0.1533968741815973,-0.5724461185918901,-2.9923522724521217,-1.4036783688547325,-0.4368675988126872
2.5879048503398585,0.6483943186652845,-1.9764448028398018,1.1520620862127686,1.1130524304059484,1.8358635647012675,-0.6466562826575387,-0.3961193616740501,-1.2859352606506198,-0.48626731179264776,-0.695835615942182,2.7851308710321323,-1.2106655116563705,-0.6192324368951135,0.3997896889687925,1.2450171027087733,-0.2789576834900643,-1.7253755530038892,-1.8624546421645403,-1.724871787347528,0.9618339114583921,-0.7737656133501064,1.5381775643439655,0.2237610653281817,-0.26936043340820287,1.2856292067222583,-0.5460964429353877,0.0719499107917562,-0.31423695758262854,0.4624857194214391,1.2382575792150714,-0.5096067100348092,0.9769481771339414,-2.8694653717743144,-0.08790960238459669,-1.332661985086176,-2.1837752293769737,-0.7984934411616922,-2.5692094810910935,0.3571209391038506,-0.8458985685839073,2.2343547474719316,1.4735618672316464,0.6403895701689861
-7.130870909868201,-1.4714953524274137,5.1987989295989925,-3.965605135738919,-3.3783597639182354,-5.044398173954336,1.729066251967907,2.1990797912445292,4.496982439702042,1.2354598922575486,2.32716634510871,-7.476273592272093,3.3977086441914115,2.245936100600881,-1.2633649427902907,-3.1043731346360364,2.00493883513588,4.8839444150550255,4.940982261457607,4.23529953990005,-3.169712301883436,1.9138416656120447,-4.687114837539241,-0.30886715275034027,0.4229267036483277,-3.8804044064428154,1.4219535773573488,0.3100084988916934,0.794968273702801,-0.744053475485065,-3.2116385765334186,0.8964714463122847,-2.8694653717743144,9.15195714577662,0.1449857647585112,3.4125933693336834,5.533077645843747,2.6854411222711088,7.078444363393107,-1.3469025467984086,3.1627817943224192,-5.490575510282113,-4.001631766385747,-1.7598270433699847
-0.5529187039553531,-0.3708727615567517,0.6328122779251644,0.16088322473096384,-0.04956502217472209,-0.6511504596800181,0.27653171837986007,-0.4274599728225155,-0.1946112408114636,0.15625934681308115,-0.34026407822882543,-0.9986979104788082,0.27738767904719003,-0.2054350920889245,-0.16151803781019333,-0.6204586686658764,-0.666273314876649,0.31275136125884545,0.2350122921663718,0.4839401159945934,-0.14037697143042885,0.2198719920226088,0.020403140969260613,-0.027104070075558023,0.41270084076541835,-0.2166022163821512,0.2010516031218093,-0.44816900337257265,0.09313008172683286,-0.5445589857745591,-0.38467387691644533,0.5525134556881545,-0.08790960238459669,0.1449857647585112,0.2837616952340081,0.6491998545163224,0.9022218175785529,-0.1645300869047291,0.6423571843176697,0.06554765747422045,-0.30797878095460657,-0.9401667091844089,-0.4072526984173905,-0.07405314324090348
-4.303024745832057,-1.620333888347487,3.7627495168797664,-0.8644936650390062,-1.390603634069338,-3.513476427731446,1.3358924716582008,-0.7159248257098235,0.9053567051736553,0.9441957387448019,0.12485613667921708,-5.413564082557473,2.0179776028129948,0.21087049967867152,-0.7285199831322904,-2.8282548990888494,-1.3406366066995803,2.7156006122092022,2.8938416230151693,3.2914018945603605,-1.2594232330835606,1.4795441094031359,-1.7571467731644494,-0.4678181653140436,1.2019167445245504,-1.8903845903859522,1.0944392834297376,-1.0903384045987412,0.597000838627986,-1.7726139617437433,-2.3523743829639816,1.840573489605424,-1.332661985086176,3.4125933693336834,0.6491998545163224,2.9629095208114333,4.596738525110089,0.5269868929467011,4.432023721142522,-0.18301719990076942,0.19555512353909615,-4.805170278074176,-2.632243234993364,-0.9607591251891539
-6.941709688317148,-2.5282978609309765,5.981154341962744,-1.4768731668244053,-2.296151853779923,-5.505991523342567,2.0794020932561064,-1.0752765082164415,1.5570421423250862,1.5109232661038332,0.41556203731723446,-8.523895273363788,3.2293690878523496,0.4290297404124578,-1.0887763378238602,-4.4033043648449475,-1.9707129509697645,4.386333026464554,4.807444767138442,5.34329842694848,-1.9591560624130278,2.3953268282622506,-2.951641430100673,-0.835032493672554,1.7903404932066513,-3.0123795817985988,1.717954810418099,-1.6003275826924486,0.9585596672506937,-2.694195123539253,-3.765594444946236,2.7974575236143777,-2.1837752293769737,5.533077645843747,0.9022218175785529,4.596738525110089,7.244421922444612,0.9555434942923132,7.093005568776557,-0.3072775365447082,0.4378380714520531,-7.6021090187319,-4.197688039066568,-1.5879204474141013
-1.7105152146860598,-0.14641651501126934,1.0632494157012087,-1.3348338003991287,-0.9810618585710444,-1.018655334635797,0.31178867711841757,1.0331679821878084,1.5311595484457952,0.24522559553249887,0.9614802986603557,-1.4810686064575194,0.8070363156029172,0.8438615622201568,-0.2652780327060698,-0.4512947757146671,1.15367678427853,1.2265846480596616,1.2789687791229714,0.8712633687997208,-0.8712118981039627,0.39072768186056456,-1.4256755436058215,-0.05034158123588914,-0.1889732889675983,-1.0127809849778837,0.2685829999496498,0.44561034341258626,0.16341289973730827,0.20239115678583766,-0.6624671163307205,-0.16189209463827392,-0.7984934411616922,2.6854411222711088,-0.1645300869047291,0.5269868929467011,0.9555434942923132,0.9514971837519723,1.627851865364077,-0.4702447644939913,1.2105751564610556,-0.9074567855370026,-0.8877866752605501,-0.46122388046055685
-7.468609266021987,-2.3171026864034654,6.089204915944982,-2.4203050092753533,-2.825294879428351,-5.644280138266328,2.0661309012719458,-0.055467795847944354,2.653233585637059,1.5186699830257846,1.1702777545643357,-8.649702745191053,3.4877744299264903,1.090449362357952,-1.1745544283883478,-4.200660523556377,-0.7278627667793806,4.844256400638667,5.24816327771848,5.366193207297982,-2.4409494789811887,2.4084015309208926,-3.771219798582377,-0.7650653031066698,1.3908532767093296,-3.47401359616927,1.7178366423945588,-1.0102625055745285,0.9694331263600273,-2.1613623387879843,-3.82366195007763,2.284686227793244,-2.5692094810910935,7.078444363393107,0.6423571843176697,4.432023721142522,7.093005568776557,1.627851865364077,7.535746188340028,-0.6675117553509493,1.4072747205698013,-7.3566485333814535,-4.392141913575741,-1.772352776776499
0.683266432291608,0.004019815084196169,-0.3853659671636539,0.700933860143625,0.451202196461514,0.43065625611415104,-0.1266261972588827,-0.6457706463168229,-0.8104349569301597,-0.0792420640719204,-0.4409416297884246,0.5897025549599182,-0.34454453250780703,-0.44195159672035744,0.15862798687027735,0.13518746932285394,-0.708153459874111,-0.5187364926154016,-0.4482497556129077,-0.22913378010746444,0.4767448638087011,-0.10504488867243798,0.6523015865724717,-0.05829707993697724,0.12222598154658544,0.48673774132342307,-0.09548329271499512,-0.26157858745056783,-0.05279739532241673,-0.17194535568293282,0.2249454511710296,0.1533968741815973,0.3571209391038506,-1.3469025467984086,0.06554765747422045,-0.18301719990076942,-0.3072775365447082,-0.4702447644939913,-0.6675117553509493,0.2743004858503111,-0.6477730811123109,0.24186372823582444,0.3546131463866741,0.17926213126579849
-1.5188324397329893,0.11061712667711154,0.7465547522952674,-1.7346221739122627,-1.0971463045417336,-0.7901196831277281,0.1913558647390652,1.6532542330174784,2.0016714126696904,0.14888369002380722,1.2568676960745135,-1.04882330062312,0.7400689226326937,1.151995156613517,-0.2826386624310119,-0.1004379106619013,1.9107567792809719,1.1753283161769172,1.1205763145023993,0.48647349895885467,-1.0438524560102456,0.22602843541337575,-1.6314426269122277,0.08861111215259986,-0.47511025509826643,-1.0827061522228179,0.17239930888884572,0.8209807730753166,0.10373441494154981,0.620968570287079,-0.4397968528223024,-0.5724461185918901,-0.8458985685839073,3.1627817943224192,-0.30797878095460657,0.19555512353909615,0.4378380714520531,1.2105751564610556,1.4072747205698013,-0.6477730811123109,1.6757901408606322,-0.29656875732014704,-0.7235730646650446,-0.43976814288984145
7.211120173362268,2.6796013461182087,-6.251505972264198,1.37524718256626,2.326856150625159,5.699744246020635,-2.161413458157195,1.3377436500384607,-1.4294607729282947,-1.5883977452826974,-0.3742451332235503,8.865791701479637,-3.335818391150955,-0.34318688254552576,1.0834857782971665,4.620799423052135,2.2820995486044136,-4.529368441514286,-5.051101248556286,-5.662941061467335,1.9163360014515924,-2.5345639053134885,2.985136422474559,0.9409080574616313,-1.9085467967133858,3.052798045389963,-1.7949081669287015,1.7471580894025889,-1.0087492467896104,2.8893454627263613,3.95085303585596,-2.9923522724521217,2.2343547474719316,-5.490575510282113,-0.9401667091844089,-4.805170278074176,-7.6021090187319,-0.9074567855370026,-7.3566485333814535,0.24186372823582444,-0.29656875732014704,8.016760239999071,4.364564178217328,1.6527310278934217
4.343741175464828,1.3900401721107363,-3.5780753819077282,1.3222058423225655,1.6057258882480245,3.31022905048007,-1.2199489573461082,0.143675445500952,-1.4415797383134998,-0.8946380178460299,-0.6088648317322095,5.0844728205479734,-2.0270851646258827,-0.5703247882180617,0.6826488369078854,2.4994603312708548,0.5655148490474344,-2.804751425136901,-3.046345483695856,-3.1621443363882173,1.3857903218316765,-1.418090224204037,2.1328079783665883,0.45886009829414987,-0.863224777134219,1.996376914229957,-1.0141368495726952,0.6601514670610841,-0.5711682556049953,1.3331909782671927,2.2473621330181994,-1.4036783688547325,1.4735618672316464,-4.001631766385747,-0.4072526984173905,-2.632243234993364,-4.197688039066568,-0.8877866752605501,-4.392141913575741,0.3546131463866741,-0.7235730646650446,4.364564178217328,2.56870355252906,1.0235610074764074
1.786362960723539,0.5018078417863749,-1.4075999919642088,0.6595789605873655,0.7169573351636872,1.2702633275478625,-0.45165581831424523,-0.0772996082269537,-0.7215947692842557,-0.3535006736836308,-0.4089580199282493,1.9501360827801357,-0.8246245071732257,-0.3363479132785882,0.24753196813989536,0.9127700019806569,0.023928744397629,-1.1686126100108076,-1.3199415623607216,-1.2800878287571762,0.5703303748326443,-0.5749263369172719,0.986799994464356,0.20955391441609528,-0.23731013072306617,0.8278821872815565,-0.3920739703229781,0.13442278833108773,-0.22815552725812777,0.40695321291854397,0.8873771707722784,-0.4368675988126872,0.6403895701689861,-1.7598270433699847,-0.07405314324090348,-0.9607591251891539,-1.5879204474141013,-0.46122388046055685,-1.772352776776499,0.17926213126579849,-0.43976814288984145,1.6527310278934217,1.0235610074764074,0.44700550148921064
