V1,V2,V3,V4,V5,V6,V7,V8,V9,V10,V11,V12,V13,V14,V15,V16,V17,V18,V19,V20,V21,V22,V23,V24,V25,V26,V27,V28,V29,V30,V31,V32,V33,V34,V35,V36,V37,V38,V39,V40,V41,V42,V43,V44
2.0718906932172563,-0.42938631503317437,-0.6241490392320077,-0.19883191982751455,1.5083180932241507,0.12463556612788938,0.6059233835540158,0.6077930725008508,-0.544070714184885,0.1583281625469001,-1.4435966534813043,-1.1546432639742379,0.1364018679067477,-0.7035654311637288,-1.1473447479549657,-0.6777614939268405,0.34455603370947496,-1.0910715307109449,-2.2059159309547245,-1.6186344917480437,-0.9114699709772185,-1.2048308009615936,1.311329454131558,0.693326331114118,0.7220853937736917,0.11758256184766601,0.011777712872603353,-1.449086543066277,0.4028549198473989,-0.6662841250791065,0.8843632230278136,0.003814003995695457,-0.3298898722520701,-0.5833873769058984,0.8588097744798996,0.8372441591241678,0.41522971687653054,-0.54086552391157106,-0.05381768498861784,-1.7527690896394126,-0.7429439820585305,0.22645534065683193,-0.5194384212412652,0.6383567035088523
-0.42938631503317437,0.2920827516841554,-0.09915152034027706,0.16591027760738342,-0.3534878180301431,0.3978255854899758,-0.2173590189011635,0.0877190350393744,0.16338659006707873,-0.12411866675884116,0.7605473048794785,0.7600560958864059,-0.22811843969882878,0.23790100830312888,0.5375455373289785,0.4178183105670911,0.18869962242015434,0.1931953315620251,0.6933057983663841,0.43826858500132027,0.3493784011502531,0.2351621069914776,-0.3351361993696866,-0.20705317580282734,-0.3377190931446329,0.105073484910299,-0.08168408579880018,0.6302452442105145,-0.13246548316305126,0.3208372979232738,-0.2041842721215298,-0.1187017437540439,0.03584760807805847,0.14734059659404392,-0.331930586499752,-0.4420548593421406,-0.5015716292454904,0.5316386371693377,-0.36333352553237297,0.4906978549554643,0.37979383513263587,0.15905744470504415,0.2562910739275425,-0.0048698438015952325
-0.6241490392320077,-0.09915152034027706,0.4693386483447781,-0.10958431897479116,-0.4598459878023138,-0.7054222011018849,-0.07084505423786949,-0.3994747479054723,0.1668483542919577,0.02472508257121166,-0.29789916179172715,-0.3043648404230378,0.19348447221836995,0.11631262134385659,-0.09022554672436328,-0.1517481905577446,-0.45120197064307016,0.3736232826795598,0.18352077721507798,0.20039152158743428,-0.015271580170378598,0.36847502925834547,-0.27732404617975015,3.31786464917155e-4,0.07179033816476876,-0.2628642610529748,0.09757381352485704,0.027263102205322434,-0.11979949218145708,-0.039586016192336426,-0.21783747582295815,0.20940486343018883,0.23740656555945958,0.25392382331892716,0.02622027376676345,0.1127175131102115,0.3667402548787114,-0.44676539430184997,0.44626640722523664,0.44517019447122413,-0.0420969981758674,-0.24680670074295094,0.04658501889831936,-0.3360938236833503
-0.19883191982751455,0.16591027760738342,-0.10958431897479116,0.9308603482089027,-0.01815507847765589,0.12425621112615799,0.0760429771738902,-0.053799667545139616,-0.36901839116402324,-0.25046243912705884,-0.025460554886756453,0.4290711897710674,-0.4662871943860269,-0.2419135021532964,0.44889461187003904,-0.033878185727551025,-0.5787483030567611,-0.041090991455801126,-0.10242487979623936,0.11418872070715037,0.14414051969268177,0.04486327833654224,0.46491255547399313,0.29024927233306674,0.3369934591674603,0.13079172866065916,-0.007967546468686778,0.12214513904752144,-0.2390312071457468,-0.39993477264376154,-0.30858824370131166,0.7335197793939827,0.3159927749382483,-0.10400188312955569,0.38789874932204554,0.164351328059416,-0.2580624879180451,0.42499828427316905,-0.7788056399254204,0.7660813668193164,-0.10455217932476706,-0.22276855196315484,0.32752589504154145,0.5062781726651441
1.5083180932241507,-0.3534878180301431,-0.4598459878023138,-0.01815507847765589,1.2420218663967775,0.34170666661647986,0.5177967171611757,0.45318114527235587,-0.5364364186027216,0.16241536736567103,-0.784603939870292,-0.8920560134465549,0.08025642326929798,-0.5900172126299529,-0.7102601471286595,-0.5422558347798353,0.2815164895857186,-0.8130444658787123,-1.3456016307748548,-0.9154855248099689,-0.5759168237372166,-0.9049200539770846,0.9790042425304522,0.3644808566432222,0.5219630661412705,0.1878259950402179,0.016071050489028522,-1.0914667730788468,0.39017069986985264,-0.5681115213605321,0.5598907833334803,0.01880541923183028,-0.42871096096639977,-0.5292190456676932,0.573775326234242,0.6638737720681228,0.3648057165053862,-0.10776410721499248,-0.0526418796663127,-1.4044658074026575,-0.5586868174054891,-0.054104067605058793,-0.5333685037645403,0.561679379987381
0.12463556612788938,0.3978255854899758,-0.7054222011018849,0.12425621112615799,0.34170666661647986,2.624381931176933,-0.41624781208338535,0.10574715723030373,-0.3125493468690766,0.17805915070066594,2.914256747896819,1.732182441307349,-0.3373569657533107,0.24977836238744128,1.377881828512629,1.127952037303334,1.2340703165908415,-0.15414523822523107,2.5243807327959025,1.707307175847882,1.4070404546474764,0.10657835587955614,-0.792389238040266,-1.5870265696831647,-1.346520220907454,1.024410086424158,-0.30519498000935674,1.0623592659434469,0.45191158060917636,0.9911730416173599,-0.08036764070973525,-1.3761713607310788,-1.0281993932578768,-1.0832183646345097,-1.618410531162017,-1.3798335440482017,-1.1086078110825852,1.7908850428277996,-0.5921363268621337,-0.5031502216907838,0.5886278505777529,0.2067274810094098,-0.22643727635821945,-0.04288498967726818
0.6059233835540158,-0.2173590189011635,-0.07084505423786949,0.0760429771738902,0.5177967171611757,-0.41624781208338535,0.45214374704667004,0.454669487503757,-0.12169308850095158,-0.016552898606852776,-0.9401031264326534,-0.88032722138025,0.04334787809835772,-0.3422383612245686,-0.5930444175641616,-0.5891018891233089,-0.051815782349048496,-0.31559316146067856,-1.245157375353657,-0.816632485557553,-0.7349545033430247,-0.5214028479772755,0.7141997242503598,0.683184302536134,0.6630872993086062,-0.20319239865654667,0.09341340614401934,-0.7248628848638888,0.05964027299735354,-0.6162336332070373,0.18307176471630388,0.5010952953613738,-0.02867562773618362,0.3007152896287417,0.7956564276194986,0.7778637987447965,0.41191293827951536,-0.13009871096252196,-0.012334037908394014,-0.5347748630931368,-0.27424436363287613,-0.19036225938194032,-0.24104663061461556,0.47737072445625717
0.6077930725008508,0.0877190350393744,-0.3994747479054723,-0.053799667545139616,0.45318114527235587,0.10574715723030373,0.454669487503757,1.282426639066908,0.29186339643699205,-0.13877756488338916,-0.19108261934109422,-0.41791621285199715,-0.14429055326169019,-0.07589162318412056,-0.3332679491755378,-0.2784621777496209,0.7985286748780288,-0.3002713826856082,-1.0411126844901475,-0.8442129824153194,-0.8664723598442201,-0.7016337226646485,0.527252214923312,0.7746749699894159,0.41784611585306736,-0.2129987462879273,0.002833999220216883,-0.2396392789224303,0.035871241889036815,-0.3339433465712653,0.17965007352636136,0.26429817194166194,-0.27458122271186913,0.9594742969345933,0.6801893832987805,0.5465681124246604,-0.13147889334277987,0.7537946582095423,-0.40551421076468447,-0.6826231525639297,0.3329216700588579,0.11768875858634628,-0.1994808789638277,0.7500547726324396
-0.544070714184885,0.16338659006707873,0.1668483542919577,-0.36901839116402324,-0.5364364186027216,-0.3125493468690766,-0.12169308850095158,0.29186339643699205,0.5859595106321372,-0.06659842738962013,0.2550821339401589,0.10972364937630136,0.08178123608624495,0.39053198287679836,0.04181589223801336,0.16408351434383425,0.33805416291264284,0.36423805549221244,0.26651317622213616,0.05335464675639619,-0.14484441700768308,0.20667111354647216,-0.4850963407711133,0.0746849068214258,-0.19688893389512688,-0.29072244742430264,0.006988948577504651,0.440371427519276,-0.14144076036630898,0.29920660445901637,-0.12570520361676743,-0.11931820596007284,0.06108312541055053,0.79216653102975,-0.12334921950533204,-0.16062879321698648,-0.1258685023759963,0.13760734122997267,0.17576641534034418,0.26028944049998876,0.4768108315993659,0.16233959869788628,0.114977419310305,-0.19961553834496698
0.1583281625469001,-0.12411866675884116,0.02472508257121166,-0.25046243912705884,0.16241536736567103,0.17805915070066594,-0.016552898606852776,-0.13877756488338916,-0.06659842738962013,0.15816042354603999,0.15377051644880746,-0.15957326359084972,0.17646675590319597,-0.007167435672909322,-0.08706401789813978,0.002661386899963524,0.14739132904957414,-0.05045828828659188,0.24212207658460133,0.16451501908899885,0.111154806170399,-0.018126578515514715,-0.13967452032346084,-0.301178956892362,-0.16464041024409443,0.09437892419427542,-0.0014809113645571285,-0.12388654897143375,0.18409482735832255,0.11490992601259492,0.1047587966497298,-0.3300016209833494,-0.23377170466297,-0.2798057432514674,-0.2515071651523027,-0.08378026451797757,0.15328389008623633,-0.10429300621786328,0.30729148872223816,-0.39793850817345594,-0.08347232419391472,-0.04581953604872873,-0.22442891571572054,-0.1894665771394635
-1.4435966534813043,0.7605473048794785,-0.29789916179172715,-0.025460554886756453,-0.784603939870292,2.914256747896819,-0.9401031264326534,-0.19108261934109422,0.2550821339401589,0.15377051644880746,4.585566394956071,2.730202520338906,-0.34976734373688184,0.946045274804882,2.35266374858967,1.829601317211547,1.4575433487002663,0.7130237449077897,4.691008948257386,3.205934650490044,2.2216024050993126,1.0184030712589442,-2.1104382039172185,-2.4291564268298096,-2.2211469809521405,1.0141930489854072,-0.3550472715957282,2.3531411139582663,0.29003963412646966,1.7872464049030514,-0.7108271878027443,-1.8169725524675364,-1.0897285140497222,-0.5963603898358928,-2.6389558893093024,-2.2637063803046873,-1.5311319422150926,2.502290951421815,-0.39938707874245133,0.4953581457067491,1.3829349684154992,0.10857697889006296,5.983379802219884e-4,-0.6566277067480205
-1.1546432639742379,0.7600560958864059,-0.3043648404230378,0.4290711897710674,-0.8920560134465549,1.732182441307349,-0.88032722138025,-0.41791621285199715,0.10972364937630136,-0.15957326359084972,2.730202520338906,2.555409747803462,-0.5672886059315286,0.6547307840914869,1.8163656244271262,1.4904978081197866,0.44335544200091503,0.49188082467486316,2.847211795445455,1.900749050410439,1.6972400940601247,0.895776332878407,-1.2573194550293607,-1.369346452351668,-1.432224767546138,0.7017842539063399,-0.30088310967590864,1.8905649952706296,-0.17532042955755134,1.2495478811851828,-0.5256880676887086,-0.8936146613248642,-0.09057348845724401,-0.5682670038003105,-1.632896366707141,-1.7694891335490297,-1.483774601158463,1.3518571945343933,-0.8508054377672584,1.2740932279951556,0.8660447495741164,0.452823651386446,0.6428707595456258,-0.4086592399082544
0.1364018679067477,-0.22811843969882878,0.19348447221836995,-0.4662871943860269,0.08025642326929798,-0.3373569657533107,0.04334787809835772,-0.14429055326169019,0.08178123608624495,0.17646675590319597,-0.34976734373688184,-0.5672886059315286,0.33740157267679327,0.008782429519254686,-0.41843677832222304,-0.19673624770519324,0.04210397276323923,0.009109177251644144,-0.1629024595121697,-0.14269349313681348,-0.17411039222559538,-0.03061763832152167,-0.11278846998655605,-0.0764352399089594,0.007464373627528189,-0.12957925073243187,0.05905185923316057,-0.3253205390954846,0.1472217974008992,0.018720436808752985,0.1635609503653285,-0.2227768847468743,-0.1144749920753188,-0.02944377945169036,-0.04156389330136527,0.13550345702694702,0.41520217697720596,-0.49916256157729466,0.5872023121041205,-0.44525591941112147,-0.15232529883278542,-0.0551366651258151,-0.25341299952112983,-0.2915046562004767
-0.7035654311637288,0.23790100830312888,0.11631262134385659,-0.2419135021532964,-0.5900172126299529,0.24977836238744128,-0.3422383612245686,-0.07589162318412056,0.39053198287679836,-0.007167435672909322,0.946045274804882,0.6547307840914869,0.008782429519254686,0.44246151407893625,0.481649598443768,0.4927916418151144,0.31850590462974226,0.40919609606313007,1.1166860590761039,0.6859082703401945,0.43813487817388364,0.4393811399795754,-0.7695067866395059,-0.481363331507872,-0.5876807443440342,0.01447981320823398,-0.06268392493347229,0.7507115712696744,-0.07180405297004613,0.5809130189523398,-0.21889739214821727,-0.4391465892034005,-0.05548296326735041,0.24513960187022785,-0.6484053351644086,-0.6139187852899213,-0.3544394512049529,0.33852496560667383,0.09502725704580063,0.4149408988874482,0.49130697367415327,0.15653985789604766,0.15355929048702702,-0.3872604462754804
-1.1473447479549657,0.5375455373289785,-0.09022554672436328,0.44889461187003904,-0.7102601471286595,1.377881828512629,-0.5930444175641616,-0.3332679491755378,0.04181589223801336,-0.08706401789813978,2.35266374858967,1.8163656244271262,-0.41843677832222304,0.481649598443768,1.5339575541091028,1.0406510644741973,0.28657567477551577,0.5101449239783997,2.5455857341267256,1.8203580243590314,1.3489314442865263,0.7691080688179404,-1.0401180179986567,-1.1571687247000453,-1.0671197270328459,0.534636468407161,-0.18901168254343112,1.4716860603145359,-0.08570504256537267,0.8452300658510631,-0.6050725928242346,-0.5584337726142112,-0.2128079228580093,-0.32650209977210204,-1.2682022993151176,-1.2387822794493908,-0.9809090387632378,1.3287844927958172,-0.5647404329937448,1.009965605273382,0.7077168463692445,0.011743464842191739,0.3411267505081901,-0.2636837564963275
-0.6777614939268405,0.4178183105670911,-0.1517481905577446,-0.033878185727551025,-0.5422558347798353,1.127952037303334,-0.5891018891233089,-0.2784621777496209,0.16408351434383425,0.002661386899963524,1.829601317211547,1.4904978081197866,-0.19673624770519324,0.4927916418151144,1.0406510644741973,0.969819519390405,0.48550270260291173,0.33027232245802557,1.949657500373592,1.257159245475586,1.0819338324758774,0.5683565733574205,-0.9835327801516752,-1.0382691422469603,-1.05707483777382,0.4350284797829249,-0.19024839760114282,1.1685834746704662,-0.004031100117886851,0.9412943763296859,-0.24503960635723165,-0.8491411250910805,-0.20916050934587202,-0.3813383742627268,-1.2218525995310656,-1.2026864421740062,-0.8469636380888225,0.7584513650618359,-0.25964404750042136,0.5249758928502941,0.5814760637738718,0.32555537774491966,0.26551792961736065,-0.44381973737690744
0.34455603370947496,0.18869962242015434,-0.45120197064307016,-0.5787483030567611,0.2815164895857186,1.2340703165908415,-0.051815782349048496,0.7985286748780288,0.33805416291264284,0.14739132904957414,1.4575433487002663,0.44335544200091503,0.04210397276323923,0.31850590462974226,0.28657567477551577,0.48550270260291173,1.4333570830415308,-0.11479512357308924,0.8822711775372837,0.39455877561565017,0.15927323534460555,-0.2729674181449978,-0.5173314009375168,-0.5614575407740225,-0.7076857288183915,0.2659809247322872,-0.14543629344229708,0.4525651689707972,0.34941797523948365,0.6286567775635546,0.18996418168417004,-1.0041809024078263,-0.825862188347039,0.18736840943914818,-0.7255291991313794,-0.5507348983542689,-0.5054102140190029,1.082230878639746,-0.015942595031543084,-0.9695134248847926,0.6394439986326405,0.32063216862687627,-0.37704873755428936,0.02126472468557691
-1.0910715307109449,0.1931953315620251,0.3736232826795598,-0.041090991455801126,-0.8130444658787123,-0.15414523822523107,-0.31559316146067856,-0.3002713826856082,0.36423805549221244,-0.05045828828659188,0.7130237449077897,0.49188082467486316,0.009109177251644144,0.40919609606313007,0.5101449239783997,0.33027232245802557,-0.11479512357308924,0.6005868080609132,1.1374751946548747,0.8115600006635124,0.41731951545697005,0.6314110459889739,-0.7551055159716069,-0.36942882792891285,-0.39824874950689415,-0.11620132708175326,0.00536687964832287,0.7296843618415928,-0.18785752992988017,0.38528067841996555,-0.4319312130200839,-0.07191329512648277,0.14282467962438578,0.38293038011035707,-0.4706119737248164,-0.4249651380576953,-0.14652654289392691,0.20231748330120644,0.16803351562211574,0.8250127769856405,0.4094246208399553,-0.10666310825310939,0.22230853925384683,-0.40908076736149807
-2.2059159309547245,0.6933057983663841,0.18352077721507798,-0.10242487979623936,-1.3456016307748548,2.5243807327959025,-1.245157375353657,-1.0411126844901475,0.26651317622213616,0.24212207658460133,4.691008948257386,2.847211795445455,-0.1629024595121697,1.1166860590761039,2.5455857341267256,1.949657500373592,0.8822711775372837,1.1374751946548747,5.50702030713611,3.864440404196179,2.703923700845119,1.6328763392373755,-2.651894021260001,-2.896593503922482,-2.480016918946195,0.9754971508127488,-0.3091809238409334,2.5998401233402504,0.20692256155516908,2.01460178782671,-0.9633496850783805,-1.9026400136128885,-0.8582392342173885,-0.8749055274971942,-3.065090079860657,-2.554752226806314,-1.303344016774234,1.9688878425762115,0.07735826172882468,1.1183055175270011,1.2809502536087154,-0.08685299853579924,0.12416389173544001,-1.2670555174537024
-1.6186344917480437,0.43826858500132027,0.20039152158743428,0.11418872070715037,-0.9154855248099689,1.707307175847882,-0.816632485557553,-0.8442129824153194,0.05335464675639619,0.16451501908899885,3.205934650490044,1.900749050410439,-0.14269349313681348,0.6859082703401945,1.8203580243590314,1.257159245475586,0.39455877561565017,0.8115600006635124,3.864440404196179,2.7980188041929153,1.9153523453592425,1.1757573350956538,-1.7546121820060028,-2.0058991399348383,-1.61551274714535,0.694655269753366,-0.18775928611842096,1.7365198059535811,0.13503137561656492,1.2523013535052117,-0.7666801254237116,-1.1385927155461235,-0.5675848698630183,-0.6843971713914135,-2.0464518805891023,-1.6621484155465953,-0.8011730745896507,1.3865814421403984,0.0320359021323045,0.8911058126521861,0.7906846003878156,-0.2462033029754664,0.06738215490440437,-0.8219887810044308
-0.9114699709772185,0.3493784011502531,-0.015271580170378598,0.14414051969268177,-0.5759168237372166,1.4070404546474764,-0.7349545033430247,-0.8664723598442201,-0.14484441700768308,0.111154806170399,2.2216024050993126,1.6972400940601247,-0.17411039222559538,0.43813487817388364,1.3489314442865263,1.0819338324758774,0.15927323534460555,0.41731951545697005,2.703923700845119,1.9153523453592425,1.6087317584599603,0.8512138985325295,-1.1851674424896288,-1.5606826587190046,-1.2757029362795114,0.6760168692890461,-0.19672298304898334,1.2539607635728895,0.08237355176762186,1.0286833991142985,-0.395308594402463,-0.9815387864364519,-0.2771709294705353,-0.9992274155269183,-1.6125091225149937,-1.4380544142584974,-0.7704596599861447,0.7176323962330674,-0.13611183275151967,0.7031779588322974,0.4005521043839908,0.08163600200435184,0.21581004562063189,-0.6790517296430969
-1.2048308009615936,0.2351621069914776,0.36847502925834547,0.04486327833654224,-0.9049200539770846,0.10657835587955614,-0.5214028479772755,-0.7016337226646485,0.20667111354647216,-0.018126578515514715,1.0184030712589442,0.895776332878407,-0.03061763832152167,0.4393811399795754,0.7691080688179404,0.5683565733574205,-0.2729674181449978,0.6314110459889739,1.6328763392373755,1.1757573350956538,0.8512138985325295,0.8437298245047187,-0.940107657113353,-0.7370637244836951,-0.6568627557623475,0.0830575888053227,-0.04231739781341864,0.9223965963432876,-0.18222929555351577,0.5938996655020271,-0.46606298169737764,-0.2780451123419301,0.18411305476131273,-0.09568352589240572,-0.8259354257834561,-0.7692728596092953,-0.29473784144524595,0.11480384925251273,0.13290866610550217,1.0413798850658116,0.34014076271898425,-0.047365453577577196,0.33165734048047385,-0.6179715023842722
1.311329454131558,-0.3351361993696866,-0.27732404617975015,0.46491255547399313,0.9790042425304522,-0.792389238040266,0.7141997242503598,0.527252214923312,-0.4850963407711133,-0.13967452032346084,-2.1104382039172185,-1.2573194550293607,-0.11278846998655605,-0.7695067866395059,-1.0401180179986567,-0.9835327801516752,-0.5173314009375168,-0.7551055159716069,-2.651894021260001,-1.7546121820060028,-1.1851674424896288,-0.940107657113353,1.5992559894253777,1.372736074646787,1.3105321465735256,-0.24422029245944657,0.12606288949712877,-1.366484871978722,-0.03604885651108175,-1.1840804256725745,0.42910577312745785,1.0838213902051645,0.3063951342654947,0.08033956955021493,1.5718061127669338,1.3202720857039247,0.5448277837312475,-0.6055085433364013,-0.3874819664316077,-0.6092385096143216,-0.762138522181595,-0.11734870930148349,-0.11254024325099388,0.9257378990633767
0.693326331114118,-0.20705317580282734,3.31786464917155e-4,0.29024927233306674,0.3644808566432222,-1.5870265696831647,0.683184302536134,0.7746749699894159,0.0746849068214258,-0.301178956892362,-2.4291564268298096,-1.369346452351668,-0.0764352399089594,-0.481363331507872,-1.1571687247000453,-1.0382691422469603,-0.5614575407740225,-0.36942882792891285,-2.896593503922482,-2.0058991399348383,-1.5606826587190046,-0.7370637244836951,1.372736074646787,1.8198526289133032,1.4483021980571056,-0.7011581401514062,0.18880483747169294,-1.0971525564715852,-0.32527042178089954,-1.1636592038166547,0.2482813896633689,1.3995763870136266,0.6500064776502591,1.048965544902191,1.84713987477556,1.4553711699980312,0.5667054476394219,-0.7277817867819381,-0.28200489534405504,-0.0592803805245623,-0.42580735591060276,-0.03819329947730512,0.132789985846344,0.8455319817666282
0.7220853937736917,-0.3377190931446329,0.07179033816476876,0.3369934591674603,0.5219630661412705,-1.346520220907454,0.6630872993086062,0.41784611585306736,-0.19688893389512688,-0.16464041024409443,-2.2211469809521405,-1.432224767546138,0.007464373627528189,-0.5876807443440342,-1.0671197270328459,-1.05707483777382,-0.7076857288183915,-0.39824874950689415,-2.480016918946195,-1.61551274714535,-1.2757029362795114,-0.6568627557623475,1.3105321465735256,1.4483021980571056,1.3410884414931514,-0.5162039763122412,0.1961920247634672,-1.2116223092563525,-0.17039676189229155,-1.165823467499336,0.21945140569189403,1.2541366555798414,0.47874071107766863,0.5555878946629841,1.609089462286889,1.3923657395998834,0.7383211747824303,-0.7724426084366772,-0.09635645522170415,-0.21594222607489766,-0.6236641082171267,-0.26232730882229666,-0.04639152735910318,0.7123926031093213
0.11758256184766601,0.105073484910299,-0.2628642610529748,0.13079172866065916,0.1878259950402179,1.024410086424158,-0.20319239865654667,-0.2129987462879273,-0.29072244742430264,0.09437892419427542,1.0141930489854072,0.7017842539063399,-0.12957925073243187,0.01447981320823398,0.534636468407161,0.4350284797829249,0.2659809247322872,-0.11620132708175326,0.9754971508127488,0.694655269753366,0.6760168692890461,0.0830575888053227,-0.24422029245944657,-0.7011581401514062,-0.5162039763122412,0.47969227624561733,-0.12106490865562311,0.325740740260704,0.1860222986909834,0.3594376431015237,-0.001963707040745641,-0.5324136021960447,-0.33281343973440836,-0.7397841904941993,-0.6651380707687977,-0.5692728158255923,-0.3873428097759555,0.4866006601910368,-0.22052500491242644,-0.14489452978515333,0.053309303303248186,0.06660099230054056,-0.05748939357214687,-0.08127212371767063
0.011777712872603353,-0.08168408579880018,0.09757381352485704,-0.007967546468686778,0.016071050489028522,-0.30519498000935674,0.09341340614401934,0.002833999220216883,0.006988948577504651,-0.0014809113645571285,-0.3550472715957282,-0.30088310967590864,0.05905185923316057,-0.06268392493347229,-0.18901168254343112,-0.19024839760114282,-0.14543629344229708,0.00536687964832287,-0.3091809238409334,-0.18775928611842096,-0.19672298304898334,-0.04231739781341864,0.12606288949712877,0.18880483747169294,0.1961920247634672,-0.12106490865562311,0.048022119255485565,-0.18883105973685352,-0.022148600830792748,-0.1699309102828127,0.0032005655014719515,0.1864818289266451,0.07323022400503061,0.12767310509932725,0.22138473057035457,0.2281643770378994,0.19661495506487023,-0.18290720590138776,0.10536989980838346,-0.01486702013045439,-0.09504352931453829,-0.09440935187643376,-0.0357859564940102,0.033116259600714446
-1.449086543066277,0.6302452442105145,0.027263102205322434,0.12214513904752144,-1.0914667730788468,1.0623592659434469,-0.7248628848638888,-0.2396392789224303,0.440371427519276,-0.12388654897143375,2.3531411139582663,1.8905649952706296,-0.3253205390954846,0.7507115712696744,1.4716860603145359,1.1685834746704662,0.4525651689707972,0.7296843618415928,2.5998401233402504,1.7365198059535811,1.2539607635728895,0.9223965963432876,-1.366484871978722,-1.0971525564715852,-1.2116223092563525,0.325740740260704,-0.18883105973685352,1.7264035176124206,-0.1978869742074954,1.0914548595125628,-0.6126882550671258,-0.693414170381088,-0.08788660871407758,0.11288942482668311,-1.3635011944442463,-1.3892207384315152,-1.0566905482936515,1.1819575700563745,-0.39087472990897126,1.1946391951383981,0.9614856185924676,0.22616828194580682,0.47202679063047076,-0.49163090042393665
0.4028549198473989,-0.13246548316305126,-0.11979949218145708,-0.2390312071457468,0.39017069986985264,0.45191158060917636,0.05964027299735354,0.035871241889036815,-0.14144076036630898,0.18409482735832255,0.29003963412646966,-0.17532042955755134,0.1472217974008992,-0.07180405297004613,-0.08570504256537267,-0.004031100117886851,0.34941797523948365,-0.18785752992988017,0.20692256155516908,0.13503137561656492,0.08237355176762186,-0.18222929555351577,-0.03604885651108175,-0.32527042178089954,-0.17039676189229155,0.1860222986909834,-0.022148600830792748,-0.1978869742074954,0.2779936881028271,0.0876227106028885,0.17516146917119735,-0.411220058771625,-0.40546404731101815,-0.35287013501206455,-0.25353940276895287,-0.05842992523648184,0.10658705732515861,0.10942469531994316,0.22103467052812098,-0.6779781834864097,-0.07805190722089676,-0.044628681567777086,-0.3375778225714602,-0.05303751033434511
-0.6662841250791065,0.3208372979232738,-0.039586016192336426,-0.39993477264376154,-0.5681115213605321,0.9911730416173599,-0.6162336332070373,-0.3339433465712653,0.29920660445901637,0.11490992601259492,1.7872464049030514,1.2495478811851828,0.018720436808752985,0.5809130189523398,0.8452300658510631,0.9412943763296859,0.6286567775635546,0.38528067841996555,2.01460178782671,1.2523013535052117,1.0286833991142985,0.5938996655020271,-1.1840804256725745,-1.1636592038166547,-1.165823467499336,0.3594376431015237,-0.1699309102828127,1.0914548595125628,0.0876227106028885,1.06990449208604,-0.15361894584510885,-1.0999110742482807,-0.31408307328028473,-0.34445741275729136,-1.3648269223309752,-1.2318048650143538,-0.6673362108369614,0.5233134931866338,0.11912231668376337,0.2612258042375366,0.5877322309050762,0.34973990231542484,0.12177786993396995,-0.6832299962811023
0.8843632230278136,-0.2041842721215298,-0.21783747582295815,-0.30858824370131166,0.5598907833334803,-0.08036764070973525,0.18307176471630388,0.17965007352636136,-0.12570520361676743,0.1047587966497298,-0.7108271878027443,-0.5256880676887086,0.1635609503653285,-0.21889739214821727,-0.6050725928242346,-0.24503960635723165,0.18996418168417004,-0.4319312130200839,-0.9633496850783805,-0.7666801254237116,-0.395308594402463,-0.46606298169737764,0.42910577312745785,0.2482813896633689,0.21945140569189403,-0.001963707040745641,0.0032005655014719515,-0.6126882550671258,0.17516146917119735,-0.15361894584510885,0.45960635084726803,-0.16058033856864062,-0.10445041555487616,-0.25213704426739286,0.27048720530667947,0.26856230585055624,0.2093603233039195,-0.4803539659457557,0.15599962350824637,-0.7959891663342821,-0.3138718712985825,0.22144067552345306,-0.2065145130961386,0.08797753534043125
0.003814003995695457,-0.1187017437540439,0.20940486343018883,0.7335197793939827,0.01880541923183028,-1.3761713607310788,0.5010952953613738,0.26429817194166194,-0.11931820596007284,-0.3300016209833494,-1.8169725524675364,-0.8936146613248642,-0.2227768847468743,-0.4391465892034005,-0.5584337726142112,-0.8491411250910805,-1.0041809024078263,-0.07191329512648277,-1.9026400136128885,-1.1385927155461235,-0.9815387864364519,-0.2780451123419301,1.0838213902051645,1.3995763870136266,1.2541366555798414,-0.5324136021960447,0.1864818289266451,-0.693414170381088,-0.411220058771625,-1.0999110742482807,-0.16058033856864062,1.542221754259486,0.7306399575497727,0.7726157373980589,1.5202776797337285,1.194981125032215,0.4781307679321855,-0.4464840075213826,-0.402033737781907,0.6411452113497497,-0.3992225793030109,-0.36815640820316153,0.27175136076929446,0.7195445660407603
-0.3298898722520701,0.03584760807805847,0.23740656555945958,0.3159927749382483,-0.42871096096639977,-1.0281993932578768,-0.02867562773618362,-0.27458122271186913,0.06108312541055053,-0.23377170466297,-1.0897285140497222,-0.09057348845724401,-0.1144749920753188,-0.05548296326735041,-0.2128079228580093,-0.20916050934587202,-0.825862188347039,0.14282467962438578,-0.8582392342173885,-0.5675848698630183,-0.2771709294705353,0.18411305476131273,0.3063951342654947,0.6500064776502591,0.47874071107766863,-0.33281343973440836,0.07323022400503061,-0.08788660871407758,-0.40546404731101815,-0.31408307328028473,-0.10445041555487616,0.7306399575497727,0.7564516740007143,0.2917397778212628,0.6026335572147883,0.2999946251710975,0.09905743403042921,-0.7241210661682571,-0.16958227848236912,0.8961835216350182,-0.20838721398222254,0.07171371963117913,0.489009190295983,0.025933520292085337
-0.5833873769058984,0.14734059659404392,0.25392382331892716,-0.10400188312955569,-0.5292190456676932,-1.0832183646345097,0.3007152896287417,0.9594742969345933,0.79216653102975,-0.2798057432514674,-0.5963603898358928,-0.5682670038003105,-0.02944377945169036,0.24513960187022785,-0.32650209977210204,-0.3813383742627268,0.18736840943914818,0.38293038011035707,-0.8749055274971942,-0.6843971713914135,-0.9992274155269183,-0.09568352589240572,0.08033956955021493,1.048965544902191,0.5555878946629841,-0.7397841904941993,0.12767310509932725,0.11288942482668311,-0.35287013501206455,-0.34445741275729136,-0.25213704426739286,0.7726157373980589,0.2917397778212628,1.8142795850983298,0.8598259520757897,0.6629211374170152,0.1305060509224503,0.30104398508860364,-0.046776249939162594,0.40605396751411554,0.5388192988242619,-0.07795853966590138,0.13830458727843684,0.3808166809264101
0.8588097744798996,-0.331930586499752,0.02622027376676345,0.38789874932204554,0.573775326234242,-1.618410531162017,0.7956564276194986,0.6801893832987805,-0.12334921950533204,-0.2515071651523027,-2.6389558893093024,-1.632896366707141,-0.04156389330136527,-0.6484053351644086,-1.2682022993151176,-1.2218525995310656,-0.7255291991313794,-0.4706119737248164,-3.065090079860657,-2.0464518805891023,-1.6125091225149937,-0.8259354257834561,1.5718061127669338,1.84713987477556,1.609089462286889,-0.6651380707687977,0.22138473057035457,-1.3635011944442463,-0.25353940276895287,-1.3648269223309752,0.27048720530667947,1.5202776797337285,0.6026335572147883,0.8598259520757897,1.9802313114595547,1.6540206933878834,0.7693163459091359,-0.8210575215770346,-0.22170149605664993,-0.21826501258852904,-0.63119423335885,-0.21359707304491615,0.007973410103589842,0.9212554648855809
0.8372441591241678,-0.4420548593421406,0.1127175131102115,0.164351328059416,0.6638737720681228,-1.3798335440482017,0.7778637987447965,0.5465681124246604,-0.16062879321698648,-0.08378026451797757,-2.2637063803046873,-1.7694891335490297,0.13550345702694702,-0.6139187852899213,-1.2387822794493908,-1.2026864421740062,-0.5507348983542689,-0.4249651380576953,-2.554752226806314,-1.6621484155465953,-1.4380544142584974,-0.7692728596092953,1.3202720857039247,1.4553711699980312,1.3923657395998834,-0.5692728158255923,0.2281643770378994,-1.3892207384315152,-0.05842992523648184,-1.2318048650143538,0.26856230585055624,1.194981125032215,0.2999946251710975,0.6629211374170152,1.6540206933878834,1.5502948269408034,0.9358867348530089,-0.747722942444443,0.11739213030681699,-0.5595131940501141,-0.6331493458877359,-0.37462522961842554,-0.25995436321390486,0.7214354078783141
0.41522971687653054,-0.5015716292454904,0.3667402548787114,-0.2580624879180451,0.3648057165053862,-1.1086078110825852,0.41191293827951536,-0.13147889334277987,-0.1258685023759963,0.15328389008623633,-1.5311319422150926,-1.483774601158463,0.41520217697720596,-0.3544394512049529,-0.9809090387632378,-0.8469636380888225,-0.5054102140190029,-0.14652654289392691,-1.303344016774234,-0.8011730745896507,-0.7704596599861447,-0.29473784144524595,0.5448277837312475,0.5667054476394219,0.7383211747824303,-0.3873428097759555,0.19661495506487023,-1.0566905482936515,0.10658705732515861,-0.6673362108369614,0.2093603233039195,0.4781307679321855,0.09905743403042921,0.1305060509224503,0.7693163459091359,0.9358867348530089,0.9967071377412002,-0.9892335008008402,0.7052048837047797,-0.5601000113710907,-0.5932501746213126,-0.3944388292399354,-0.37518670765022316,0.004500272040946011
-0.54086552391157106,0.5316386371693377,-0.44676539430184997,0.42499828427316905,-0.10776410721499248,1.7908850428277996,-0.13009871096252196,0.7537946582095423,0.13760734122997267,-0.10429300621786328,2.502290951421815,1.3518571945343933,-0.49916256157729466,0.33852496560667383,1.3287844927958172,0.7584513650618359,1.082230878639746,0.20231748330120644,1.9688878425762115,1.3865814421403984,0.7176323962330674,0.11480384925251273,-0.6055085433364013,-0.7277817867819381,-0.7724426084366772,0.4866006601910368,-0.18290720590138776,1.1819575700563745,0.10942469531994316,0.5233134931866338,-0.4803539659457557,-0.4464840075213826,-0.7241210661682571,0.30104398508860364,-0.8210575215770346,-0.747722942444443,-0.9892335008008402,2.2250189476186786,-0.8244352799670372,0.130528315140936,0.952288620041176,-0.09923611528639517,-0.06434934864630944,0.41627988816723177
-0.05381768498861784,-0.36333352553237297,0.44626640722523664,-0.7788056399254204,-0.0526418796663127,-0.5921363268621337,-0.012334037908394014,-0.40551421076468447,0.17576641534034418,0.30729148872223816,-0.39938707874245133,-0.8508054377672584,0.5872023121041205,0.09502725704580063,-0.5647404329937448,-0.25964404750042136,-0.015942595031543084,0.16803351562211574,0.07735826172882468,0.0320359021323045,-0.13611183275151967,0.13290866610550217,-0.3874819664316077,-0.28200489534405504,-0.09635645522170415,-0.22052500491242644,0.10536989980838346,-0.39087472990897126,0.22103467052812098,0.11912231668376337,0.15599962350824637,-0.402033737781907,-0.16958227848236912,-0.046776249939162594,-0.22170149605664993,0.11739213030681699,0.7052048837047797,-0.8244352799670372,1.0706383826842327,-0.5465583729381903,-0.20160395443588686,-0.1670644247319835,-0.3947767963924144,-0.6249561578769823
-1.7527690896394126,0.4906978549554643,0.44517019447122413,0.7660813668193164,-1.4044658074026575,-0.5031502216907838,-0.5347748630931368,-0.6826231525639297,0.26028944049998876,-0.39793850817345594,0.4953581457067491,1.2740932279951556,-0.44525591941112147,0.4149408988874482,1.009965605273382,0.5249758928502941,-0.9695134248847926,0.8250127769856405,1.1183055175270011,0.8911058126521861,0.7031779588322974,1.0413798850658116,-0.6092385096143216,-0.0592803805245623,-0.21594222607489766,-0.14489452978515333,-0.01486702013045439,1.1946391951383981,-0.6779781834864097,0.2612258042375366,-0.7959891663342821,0.6411452113497497,0.8961835216350182,0.40605396751411554,-0.21826501258852904,-0.5595131940501141,-0.5601000113710907,0.130528315140936,-0.5465583729381903,2.254297698452205,0.39856675262876917,-0.03730033628337993,0.9453114559115238,-0.2669111722448133
-0.7429439820585305,0.37979383513263587,-0.0420969981758674,-0.10455217932476706,-0.5586868174054891,0.5886278505777529,-0.27424436363287613,0.3329216700588579,0.4768108315993659,-0.08347232419391472,1.3829349684154992,0.8660447495741164,-0.15232529883278542,0.49130697367415327,0.7077168463692445,0.5814760637738718,0.6394439986326405,0.4094246208399553,1.2809502536087154,0.7906846003878156,0.4005521043839908,0.34014076271898425,-0.762138522181595,-0.42580735591060276,-0.6236641082171267,0.053309303303248186,-0.09504352931453829,0.9614856185924676,-0.07805190722089676,0.5877322309050762,-0.3138718712985825,-0.3992225793030109,-0.20838721398222254,0.5388192988242619,-0.63119423335885,-0.6331493458877359,-0.5932501746213126,0.952288620041176,-0.20160395443588686,0.39856675262876917,0.7548511636968275,0.14514843309076356,0.1406850582849482,-0.12296369184232979
0.22645534065683193,0.15905744470504415,-0.24680670074295094,-0.22276855196315484,-0.054104067605058793,0.2067274810094098,-0.19036225938194032,0.11768875858634628,0.16233959869788628,-0.04581953604872873,0.10857697889006296,0.452823651386446,-0.0551366651258151,0.15653985789604766,0.011743464842191739,0.32555537774491966,0.32063216862687627,-0.10666310825310939,-0.08685299853579924,-0.2462033029754664,0.08163600200435184,-0.047365453577577196,-0.11734870930148349,-0.03819329947730512,-0.26232730882229666,0.06660099230054056,-0.09440935187643376,0.22616828194580682,-0.044628681567777086,0.34973990231542484,0.22144067552345306,-0.36815640820316153,0.07171371963117913,-0.07795853966590138,-0.21359707304491615,-0.37462522961842554,-0.3944388292399354,-0.09923611528639517,-0.1670644247319835,-0.03730033628337993,0.14514843309076356,0.5123969635411914,0.20467163470819466,-0.10771422481991907
-0.5194384212412652,0.2562910739275425,0.04658501889831936,0.32752589504154145,-0.5333685037645403,-0.22643727635821945,-0.24104663061461556,-0.1994808789638277,0.114977419310305,-0.22442891571572054,5.983379802219884e-4,0.6428707595456258,-0.25341299952112983,0.15355929048702702,0.3411267505081901,0.26551792961736065,-0.37704873755428936,0.22230853925384683,0.12416389173544001,0.06738215490440437,0.21581004562063189,0.33165734048047385,-0.11254024325099388,0.132789985846344,-0.04639152735910318,-0.05748939357214687,-0.0357859564940102,0.47202679063047076,-0.3375778225714602,0.12177786993396995,-0.2065145130961386,0.27175136076929446,0.489009190295983,0.13830458727843684,0.007973410103589842,-0.25995436321390486,-0.37518670765022316,-0.06434934864630944,-0.3947767963924144,0.9453114559115238,0.1406850582849482,0.20467163470819466,0.5196518829559754,-0.04417673482020964
0.6383567035088523,-0.0048698438015952325,-0.3360938236833503,0.5062781726651441,0.561679379987381,-0.04288498967726818,0.47737072445625717,0.7500547726324396,-0.19961553834496698,-0.1894665771394635,-0.6566277067480205,-0.4086592399082544,-0.2915046562004767,-0.3872604462754804,-0.2636837564963275,-0.44381973737690744,0.02126472468557691,-0.40908076736149807,-1.2670555174537024,-0.8219887810044308,-0.6790517296430969,-0.6179715023842722,0.9257378990633767,0.8455319817666282,0.7123926031093213,-0.08127212371767063,0.033116259600714446,-0.49163090042393665,-0.05303751033434511,-0.6832299962811023,0.08797753534043125,0.7195445660407603,0.025933520292085337,0.3808166809264101,0.9212554648855809,0.7214354078783141,0.004500272040946011,0.41627988816723177,-0.6249561578769823,-0.2669111722448133,-0.12296369184232979,-0.10771422481991907,-0.04417673482020964,0.8587084626416378
