V1,V2,V3,V4,V5,V6,V7,V8,V9,V10,V11,V12,V13,V14,V15,V16,V17,V18,V19,V20,V21,V22,V23,V24,V25,V26,V27,V28,V29,V30,V31,V32,V33,V34,V35,V36,V37,V38,V39,V40,V41,V42,V43
2.373930388254271,0.1471662757794119,0.46185460488186386,0.3756914388953254,-0.022359074463719722,-0.10175521069024851,0.6689789896254599,-0.20947136079240553,-0.5240715722085069,-0.12485140141741201,-0.5084150513598623,0.110467066785631,-0.17547150414695817,-0.6347629537316344,-0.00794184756222728,0.3659927392261794,-0.25626298920584073,0.23421193823594386,0.8305868505345315,0.27648264379887005,0.5602340659149199,-0.09341828938615132,-0.44677132475882414,-0.27195993747794983,-0.027365634522135533,0.209380021909618,0.3017049703238666,0.3254182933468013,0.551275076406671,-0.3001544112696455,-0.5401347582508805,0.10189550670872492,0.6201266179748418,0.13324930314491304,-0.3220849421169747,0.47472933019283414,0.028814737171215726,-0.14931944209875037,-0.860873919344823,-0.24100586699515172,-0.3386490763710841,-0.6047934997806648,0.25684127526293515
0.1471662757794119,1.4622336822742212,0.2439910845591843,-0.21533832706346398,0.386288355413098,-0.7327735288402242,-0.37425605188301947,0.0874376879649329,0.5130922398916452,0.6707745301375366,-0.2617538505715163,0.06235285913724238,0.19291423221792042,-0.10219987345985236,-0.36433212154079514,-0.11002610541004464,0.15712471993911806,-0.573040845525783,0.9967364756526789,0.6173492416701677,0.3269852824301551,-0.5302448622682491,0.18108423777814128,0.1283653227862639,0.18513578236588293,0.31747121588165367,0.5237040894502071,0.023422080103577207,-0.08771946867516676,0.19756777432814301,-0.7047742666306355,-0.09528666431350145,0.15989333534191727,-0.12269450611930029,-0.19412207677544108,0.5228450487134421,-0.40846163339042574,-0.0568219126221002,0.1220280454444898,-0.46139073895016686,-0.06934808800836113,0.6352710286690685,-0.17206137324683068
0.46185460488186386,0.2439910845591843,0.692104803681025,0.3980386772225298,-0.3723338991740534,0.06623175837742921,0.1425613143463626,-0.04133471359731396,0.3049243729768859,0.1811756137272063,-0.0849813006597324,0.27544374012326955,-0.08868166551436588,-0.419980167559762,0.1980238373335722,0.07519198335258008,0.16258122401852787,-0.07513927722257191,0.30891584885777124,0.021940641199158447,0.2749180902742362,0.14574866988158658,0.04512246733740093,-0.08532675912686619,-0.405652121463968,0.38812564076931594,-0.09475883687762039,0.059023940106283486,0.5851277170205406,-0.3096348944505201,0.03132635441364317,-0.01897821106727132,0.23315664248168932,-0.5596756426846805,-0.03015370562809706,-0.3321695914970295,0.08760215399039395,0.23181649078257743,-0.007311327540006682,-0.0113116124715562,-0.085818933479558,-0.4789894202511324,0.06729720368353861
0.3756914388953254,-0.21533832706346398,0.3980386772225298,1.552614944547776,-0.5759379092062521,-0.35636535064114566,0.2568085338049094,-0.17962855119914212,-0.4053246603542922,0.38863073298850953,0.4080128766052262,-0.043998783051487654,0.011277909783907353,-0.3772392145732517,0.16783426060155637,-0.6247915732219314,-0.20718406363815375,0.00803134585306705,-0.05158201442886852,-0.5099229385038047,0.5331903694770442,0.6458155264112196,0.009876850851188515,0.15495082875875035,-0.3856026782112196,0.20542591570620114,-0.2618437016211006,-0.14421704897873389,0.8596662595122281,-0.5988849374011121,0.44237593395055796,-0.10797493241685567,0.328080720995739,-0.20596300944077853,-0.5841747321994005,0.08867018209892062,0.15158606671670857,0.4198860331575354,-0.302948066559451,-0.04699672730352267,-0.2793091550607067,-0.025743890047995755,0.3125694398924885
-0.022359074463719722,0.386288355413098,-0.3723338991740534,-0.5759379092062521,1.3153778826710738,-0.34430303569296583,-0.3418503198578887,-0.1497924790179741,0.5187235609698189,-0.07816259861141328,-0.2795222025311768,5.105910985136673e-4,0.197441730273605,0.13669016791403232,0.188299462930111,0.275600205830756,-0.22151021216963765,-0.047496179693400635,0.47300469326059924,0.15996808583176722,-0.052873172715431405,-0.41298251363506183,-0.03066981421108452,0.5508429287975617,0.23437959052248974,-0.12980366348813643,0.41684997275708857,0.1990913009515568,-0.5692146304662498,0.6292138199504579,-0.7233129029752545,-0.3104265513501203,-0.22309064706743326,0.3625813230636515,-0.2206633006250937,0.5145769577654256,-0.34684572517222373,-0.006698315153566912,-0.13704014077909013,0.24178558415209842,0.13230674297689127,0.2059667885186948,0.19890116955822515
-0.10175521069024851,-0.7327735288402242,0.06623175837742921,-0.35636535064114566,-0.34430303569296583,1.7415178838205216,0.26476994158038614,0.41867488139227543,-0.40278810437574253,-0.2625793507752947,-0.5726986538163967,0.1508418631248759,-0.4389414217415181,-0.07436337198686556,-0.18722165465511492,0.027494522721056392,0.4692450391263443,0.6460258011638335,-0.3858869083527475,-0.3654729655624336,-0.4784603986104807,-0.0339990060644717,-0.5080723407757142,-0.09829071620011935,-0.525649511041441,-0.04932531114421152,-0.7588404929506646,-0.24309199848629634,-0.24766278039437747,-0.08970920623827154,0.8126339884082131,-0.3945634157107213,-0.21591223826342512,-0.01306141345021268,0.7035698321077442,-0.6124729904038753,0.3754090477724238,0.24868774761663426,0.6472312821208095,-0.1311584385365551,0.08016153372097427,-0.7731551027443379,-0.20686532679687744
0.6689789896254599,-0.37425605188301947,0.1425613143463626,0.2568085338049094,-0.3418503198578887,0.26476994158038614,0.789241273953094,0.23725887536887832,-0.4798285741971812,-0.14116326457165862,0.19397549571765035,-0.22477448779146184,-0.17203069707676483,-0.19689856350996437,-0.11385653097585434,0.05376608928086836,-0.03669628201983981,0.6240467652093458,-0.06492744582453631,0.11553944474834407,-0.050610634816059666,0.2517441806384918,-0.02105605847701261,0.34514652157696535,-0.33996586340710716,0.09489077551818967,-0.26617225415607626,0.4135863892087863,0.43480823576133776,-0.5770362399158294,0.11209702328082508,0.4465590209134353,0.19566316665887265,0.14126061563721237,-0.35856224878191284,-0.0038856058516748477,0.24699954595911636,-0.07393577295765323,-0.40266799295367606,0.09283856951434385,-0.34138969026344473,-0.1093827932756087,0.17710813133178066
-0.20947136079240553,0.0874376879649329,-0.04133471359731396,-0.17962855119914212,-0.1497924790179741,0.41867488139227543,0.23725887536887832,0.7658143897805537,-0.06452695925888556,-0.009204555942191595,0.08857790027417096,-0.16865900510086687,0.07207589087523214,-0.23082697766366506,-0.5351997806007652,-0.36073604758718497,0.3112025844089207,0.40476394316800063,0.07884318266922061,-0.034061592040799095,-0.1948315758625949,0.06777689920651758,-0.43742823742742326,0.4899394240932153,-0.30469990548774034,0.20311856984299656,-0.2603100974745926,-0.0010158696053804866,-0.3187134586469722,-0.12474072854027284,0.14208544488901645,0.22514596949997256,-0.0037060047435853744,0.2802653307512342,-0.10129912885792483,0.19237535966776803,0.010582778442515735,0.18157892067370507,0.12372640544197189,-0.1067950479405094,-0.28176854479632935,0.32741196378057463,-0.04158551577154994
-0.5240715722085069,0.5130922398916452,0.3049243729768859,-0.4053246603542922,0.5187235609698189,-0.40278810437574253,-0.4798285741971812,-0.06452695925888556,2.0067626988485903,-0.22954919327562404,0.02166806938219562,0.47331005189606123,0.11742645991340654,-0.29673873360942976,0.3915871399205035,0.6677518764183289,0.05390575339209242,-0.1282387300693622,0.43852649051605297,0.08666549711591275,0.2773995500639985,0.3476793217795048,0.6318979743295355,-0.030348428083361762,0.18011072191239563,0.4462432991044591,0.2070887640712298,0.26286979712120223,-0.03524997083419007,-0.06067763458736512,-0.6076889137304035,-0.17300893842079396,-0.26060798621111053,-0.20185182136084215,0.09736412170534074,-0.2110512995112443,-0.2466234532200495,-0.1374689560712545,0.26020284217966555,0.39759481510490363,0.579717790022134,-0.41535734697559823,0.09774942938898379
-0.12485140141741201,0.6707745301375366,0.1811756137272063,0.38863073298850953,-0.07816259861141328,-0.2625793507752947,-0.14116326457165862,-0.009204555942191595,-0.22954919327562404,0.9832056781256289,-0.23029308609131438,-0.24840018843848907,0.1412825587047431,0.16133339747630648,-0.35394786625584784,-0.637603258971446,0.216300685619942,-0.5473698401919052,0.38753211911355906,0.3938151535108383,0.023283424676585236,-0.26040294255560953,0.33558327027636203,0.3116596910964329,0.0387734817489092,0.040705293141750684,0.0946058109187569,-0.21712099058567932,0.1729258177178027,-0.1649790443794317,-0.11396166481709126,-0.49859530059855645,0.1093923112003656,-0.2689011345982839,-0.4950229424431331,0.14688516427560114,0.22281655027062364,0.16942703964306136,0.3087561757269308,-0.2800613331596058,-0.5566574554129721,0.37862134101230216,-0.12688165404948876
-0.5084150513598623,-0.2617538505715163,-0.0849813006597324,0.4080128766052262,-0.2795222025311768,-0.5726986538163967,0.19397549571765035,0.08857790027417096,0.02166806938219562,-0.23029308609131438,1.178574747937679,-0.14128143245614033,-0.15800858388955247,0.2752059791355737,0.14283591992130917,-0.016751115021899243,-0.34899211694025983,0.17322437502449123,-0.4973688068265144,-0.043494410011309194,-0.11088905543211443,0.489334576206503,0.3800653744161401,0.3030909692063975,-0.36431396520976767,-0.018622479475521866,0.015164598824898234,0.4436951641185182,0.17881159738024036,-0.4189678946935315,0.27701172308452415,0.7062970875578792,-0.22459249611131843,-0.10672854558056669,-0.3882102086785385,-0.3023808556926911,-0.10933260846727366,-0.12363065913999977,-0.2818314916890667,0.5652456133467162,0.02597223611862676,0.5604659770288307,0.3094713855194065
0.110467066785631,0.06235285913724238,0.27544374012326955,-0.043998783051487654,5.105910985136673e-4,0.1508418631248759,-0.22477448779146184,-0.16865900510086687,0.47331005189606123,-0.24840018843848907,-0.14128143245614033,0.5665015692949927,-0.12632290334930632,-0.23897919437503717,0.3036903742044241,0.48992670849342046,0.05821366434602338,0.03983854040173555,0.019595559082158133,-0.27809987472291314,0.28705957622737155,0.08818825737572043,-0.12435410836343351,-0.3505741555460698,-0.13054352426150959,0.24576453520088076,0.04738784121258685,-0.15246857697685293,0.11789004162255151,0.1477223777291038,0.04360926340849227,-0.11423481099263066,0.12657422559205384,-0.3309522716720629,0.6117889501704652,-0.41676624615399926,-0.25124110795545646,0.12654239424717276,0.13288141514547255,-0.14446124850217662,0.40102318839662554,-0.5641352681002373,-0.05604671921274669
-0.17547150414695817,0.19291423221792042,-0.08868166551436588,0.011277909783907353,0.197441730273605,-0.4389414217415181,-0.17203069707676483,0.07207589087523214,0.11742645991340654,0.1412825587047431,-0.15800858388955247,-0.12632290334930632,0.6295197974564548,-0.27262350662449714,-0.04384425096264131,-0.34200248564640306,0.10064889106788504,-0.3042507933263865,0.09927968675567245,-0.12462050628151984,0.21038164290066777,-0.08368081908794668,-0.29646437907400147,0.22437569733171905,0.2925916073919172,0.06819810931472818,0.14996900031679875,-0.31529162639970393,-0.09332222376976305,0.30079305754131674,-0.40420371646312325,0.09478245081062811,0.19459752118184842,0.19555461437809787,-0.26408944721233363,0.44505436595571957,-0.07435160998092488,0.2814239440665429,-0.27143837518199604,-0.22872772179222264,-0.276753781342498,0.20657463648409366,-0.027370171014585786
-0.6347629537316344,-0.10219987345985236,-0.419980167559762,-0.3772392145732517,0.13669016791403232,-0.07436337198686556,-0.19689856350996437,-0.23082697766366506,-0.29673873360942976,0.16133339747630648,0.2752059791355737,-0.23897919437503717,-0.27262350662449714,0.9101291258485475,-0.06436510356898684,0.06888132807856585,-0.163861589108244,-0.32318967136695254,-0.4226664186031817,0.4388264592695302,-0.5409711478610267,-0.2951090044861295,0.6277319489153675,-0.05224350591410994,0.15093578841570354,-0.4927998249835937,0.18681590205487908,0.1469384400439415,-0.36149132684148244,-0.005763888556903121,0.10711079943617571,-0.09727929421440491,-0.5096533201394002,-0.09636211884576683,-0.048027693238072384,-0.4336880651528329,0.15017368691450783,-0.3789762928676142,0.31156762191358606,0.3124997367924155,-0.020765231298125006,0.38473168626986,-0.07239484740021271
-0.00794184756222728,-0.36433212154079514,0.1980238373335722,0.16783426060155637,0.188299462930111,-0.18722165465511492,-0.11385653097585434,-0.5351997806007652,0.3915871399205035,-0.35394786625584784,0.14283591992130917,0.3036903742044241,-0.04384425096264131,-0.06436510356898684,0.8329528615053731,0.4560667363265398,-0.2438304381601845,0.0240045636718343,-0.1793785196180788,-0.30459970217791366,0.0953377719500597,0.21609223143128836,0.1358244852973971,-0.13718332762338717,-0.08154325573512589,0.011369644283988838,0.006761707904785295,0.15101121520972832,0.37529565885891547,0.2811750198359162,0.04611146568774485,-0.045591603569974395,0.07796502657905881,-0.4020008840520249,0.20814371026294556,-0.27577263016480863,-0.07185887871214497,0.09162558124050652,-0.17573302012922598,0.49501221402684265,0.4050243380619037,-0.5424157872894563,0.21156163210406487
0.3659927392261794,-0.11002610541004464,0.07519198335258008,-0.6247915732219314,0.275600205830756,0.027494522721056392,0.05376608928086836,-0.36073604758718497,0.6677518764183289,-0.637603258971446,-0.016751115021899243,0.48992670849342046,-0.34200248564640306,0.06888132807856585,0.4560667363265398,1.2122197017513139,-0.1770290386885293,0.3109460494392565,-0.052195403983181204,0.19704247923003396,0.07441481814132743,0.03438592044308861,0.39787674348850194,-0.3939113916215957,0.1095971715640832,0.07927706104343514,0.24514550488497835,0.4265927127269479,0.11422706408683761,-4.0229615659123625e-4,-0.31483149861381904,0.22043308007489587,-0.018698204830325853,-0.17891303691540153,0.5962093473519833,-0.5448115547048068,-0.2229883806801773,-0.4550435516892364,-0.10287928122204362,0.19547407480277754,0.5736873191719618,-0.6635559694585366,0.0069312724767769665
-0.25626298920584073,0.15712471993911806,0.16258122401852787,-0.20718406363815375,-0.22151021216963765,0.4692450391263443,-0.03669628201983981,0.3112025844089207,0.05390575339209242,0.216300685619942,-0.34899211694025983,0.05821366434602338,0.10064889106788504,-0.163861589108244,-0.2438304381601845,-0.1770290386885293,0.441165096193903,0.03492503292926758,0.07038969408708401,-0.004370804664634576,-0.10587729576491711,-0.0961911632176264,-0.19592135644828204,0.083053773126841,-0.07034509550628558,0.18257388268884278,-0.2103016939404015,-0.2706542492698474,-0.06031641919208507,0.0821304482669229,0.12654595562635138,-0.207559021199371,0.16051593483213164,-0.1581609540632304,0.2671887665971144,-0.09951160360693799,0.12354800035937476,0.21032517724462682,0.38975025758972975,-0.2741337619913095,-0.15905589996084413,-0.15622354914636502,-0.2550892869090483
0.23421193823594386,-0.573040845525783,-0.07513927722257191,0.00803134585306705,-0.047496179693400635,0.6460258011638335,0.6240467652093458,0.40476394316800063,-0.1282387300693622,-0.5473698401919052,0.17322437502449123,0.03983854040173555,-0.3042507933263865,-0.32318967136695254,0.0240045636718343,0.3109460494392565,0.03492503292926758,1.337382027750612,-0.08551584821963552,-0.35828018891234986,-0.13883530059170712,0.5286983590331308,-0.30989677032007934,0.5311952119173823,-0.2764091746606918,0.2397148983502099,-0.5055448766463513,0.38675068983141236,0.19670355500504094,-0.03589522388354379,0.43102978386501045,0.09437683756401621,0.45353966850256294,0.2899649116144278,0.3337178231619276,0.28931255222666147,-0.04129620000435551,-0.05583575201491444,-0.017172036844024782,0.19800673845372446,0.22473739493637981,-0.2429567016975767,0.08190844252049964
0.8305868505345315,0.9967364756526789,0.30891584885777124,-0.05158201442886852,0.47300469326059924,-0.3858869083527475,-0.06492744582453631,0.07884318266922061,0.43852649051605297,0.38753211911355906,-0.4973688068265144,0.019595559082158133,0.09927968675567245,-0.4226664186031817,-0.1793785196180788,-0.052195403983181204,0.07038969408708401,-0.08551584821963552,1.1967230643278453,0.41297356311387917,0.30305549339129795,-0.2575773013076301,-0.10631039998798272,0.21353012332835505,0.19700205955268338,0.3453223127649205,0.30761886388620546,0.19610432048683418,0.050457709244904905,0.24660625510667067,-0.639182451588402,-0.3922357828860727,0.41129264231216467,0.05667828391983555,-0.2752052877805673,0.8930316119743912,-0.1992421686152751,-0.055309248606904435,-0.04594171492496315,-0.13073564849563138,-0.0741043196256082,0.13963679284892375,0.020055400666985065
0.27648264379887005,0.6173492416701677,0.021940641199158447,-0.5099229385038047,0.15996808583176722,-0.3654729655624336,0.11553944474834407,-0.034061592040799095,0.08666549711591275,0.3938151535108383,-0.043494410011309194,-0.27809987472291314,-0.12462050628151984,0.4388264592695302,-0.30459970217791366,0.19704247923003396,-0.004370804664634576,-0.35828018891234986,0.41297356311387917,1.0115317733928402,-0.26334673711749307,-0.4353605144072296,0.6928616778307626,0.0867199195848602,0.21495585897473102,-0.10489015249291254,0.41568414732098424,0.4605342565670543,-0.06972146913808958,-0.27926696513207705,-0.5766093162260583,0.09236012159997949,-0.17419072494868265,-0.10645212364253498,-0.44698010947966144,-0.04596760287254235,0.1674985934801482,-0.5083456325624469,0.012656702677771314,0.13650599956842274,-0.3479775277188249,0.33076088793039904,-0.058939217221353285
0.5602340659149199,0.3269852824301551,0.2749180902742362,0.5331903694770442,-0.052873172715431405,-0.4784603986104807,-0.050610634816059666,-0.1948315758625949,0.2773995500639985,0.023283424676585236,-0.11088905543211443,0.28705957622737155,0.21038164290066777,-0.5409711478610267,0.0953377719500597,0.07441481814132743,-0.10587729576491711,-0.13883530059170712,0.30305549339129795,-0.26334673711749307,0.7686749234940519,0.1716485273116998,-0.12751402704740478,-0.2786456134680532,0.08478483627717323,0.3059781074849512,0.15803451100148738,-0.19254227697523316,0.4175917318975596,-0.17822977791373085,-0.28331099520703656,0.14139276070819184,0.2888638400241766,0.0722630876105122,-0.028955536658598846,0.23210364793102645,-0.3051546423956257,0.1441501201101151,-0.3829685247107674,-0.5248754807610223,0.1504987225297199,-0.1391812841214945,0.05086644947059399
-0.09341828938615132,-0.5302448622682491,0.14574866988158658,0.6458155264112196,-0.41298251363506183,-0.0339990060644717,0.2517441806384918,0.06777689920651758,0.3476793217795048,-0.26040294255560953,0.489334576206503,0.08818825737572043,-0.08368081908794668,-0.2951090044861295,0.21609223143128836,0.03438592044308861,-0.0961911632176264,0.5286983590331308,-0.2575773013076301,-0.4353605144072296,0.1716485273116998,0.8756746777891407,0.17073996954476234,0.12373072345150109,-0.10958103667438814,0.2517942716383427,-0.3167697207148145,0.13587285590303938,0.45881320576599993,-0.4303193111463433,0.35220128285168234,0.001676008144941119,0.23728704787739865,-0.040590573627298114,-0.07079584507535232,-0.07710373752756743,0.1346405157698223,0.022733184253504738,-0.048823428803032504,0.3552287900127948,0.11380437321346483,-0.31685917837311495,0.197515200720636
-0.44677132475882414,0.18108423777814128,0.04512246733740093,0.009876850851188515,-0.03066981421108452,-0.5080723407757142,-0.02105605847701261,-0.43742823742742326,0.6318979743295355,0.33558327027636203,0.3800653744161401,-0.12435410836343351,-0.29646437907400147,0.6277319489153675,0.1358244852973971,0.39787674348850194,-0.19592135644828204,-0.30989677032007934,-0.10631039998798272,0.6928616778307626,-0.12751402704740478,0.17073996954476234,1.479252635305717,-0.07601808413118144,0.23224544786699078,-0.12550515957327932,0.18765884987013837,0.5035899932223298,0.36511000972322877,-0.7287201010007525,-0.2223536086448427,-0.07904342992035383,-0.41618723738150815,-0.31998408248502747,-0.3965176790081694,-0.5681839205408336,0.26683284260951207,-0.6056426213919263,0.24372768701607064,0.4016982909783592,0.08284601103681752,0.06689685881473105,0.032263386757808495
-0.27195993747794983,0.1283653227862639,-0.08532675912686619,0.15495082875875035,0.5508429287975617,-0.09829071620011935,0.34514652157696535,0.4899394240932153,-0.030348428083361762,0.3116596910964329,0.3030909692063975,-0.3505741555460698,0.22437569733171905,-0.05224350591410994,-0.13718332762338717,-0.3939113916215957,0.083053773126841,0.5311952119173823,0.21353012332835505,0.0867199195848602,-0.2786456134680532,0.12373072345150109,-0.07601808413118144,1.515404333696722,-0.43049696422609335,0.18400683545231594,-0.10767329534225879,0.32954281932985147,-0.030228766162420383,0.016172457813275063,-0.16741233966258282,-0.05566865586520441,0.1810554774874576,0.10438373387282004,-0.7631541991549938,0.3841407427281124,0.054950384390369825,0.3855247597562721,-0.11830648139655725,0.4042805885296028,-0.6527805138264015,0.46004684251800004,0.306677252220785
-0.027365634522135533,0.18513578236588293,-0.405652121463968,-0.3856026782112196,0.23437959052248974,-0.525649511041441,-0.33996586340710716,-0.30469990548774034,0.18011072191239563,0.0387734817489092,-0.36431396520976767,-0.13054352426150959,0.2925916073919172,0.15093578841570354,-0.08154325573512589,0.1095971715640832,-0.07034509550628558,-0.2764091746606918,0.19700205955268338,0.21495585897473102,0.08478483627717323,-0.10958103667438814,0.23224544786699078,-0.43049696422609335,1.0584181509571102,-0.18210582817891652,0.3465565969121141,-0.17038313999658675,-0.21942836019662051,0.4511155333855978,-0.46131671815436864,-0.33206896391661317,0.27929225469527724,0.34772239472971345,0.18174798017377236,0.6811956731951633,-0.03013483561218325,-0.47253905453935113,0.04653566121873333,-0.17359856557470468,0.1870161617968298,0.12501031151972816,-0.28140245791800894
0.209380021909618,0.31747121588165367,0.38812564076931594,0.20542591570620114,-0.12980366348813643,-0.04932531114421152,0.09489077551818967,0.20311856984299656,0.4462432991044591,0.040705293141750684,-0.018622479475521866,0.24576453520088076,0.06819810931472818,-0.4927998249835937,0.011369644283988838,0.07927706104343514,0.18257388268884278,0.2397148983502099,0.3453223127649205,-0.10489015249291254,0.3059781074849512,0.2517942716383427,-0.12550515957327932,0.18400683545231594,-0.18210582817891652,0.4642906882256386,-0.06418381727312501,0.02469221468015867,0.319028502602262,-0.08673305007514441,-0.07870986294599408,0.01960189509346103,0.38912346610724213,-0.1851537861928473,0.08260754195375718,0.08585239095639555,-0.1329176574369661,0.18649366378154586,-7.870606183877895e-4,-0.12746845314246152,0.009196782285909472,-0.19475968701312435,0.006046937699236476
0.3017049703238666,0.5237040894502071,-0.09475883687762039,-0.2618437016211006,0.41684997275708857,-0.7588404929506646,-0.26617225415607626,-0.2603100974745926,0.2070887640712298,0.0946058109187569,0.015164598824898234,0.04738784121258685,0.14996900031679875,0.18681590205487908,0.006761707904785295,0.24514550488497835,-0.2103016939404015,-0.5055448766463513,0.30761886388620546,0.41568414732098424,0.15803451100148738,-0.3167697207148145,0.18765884987013837,-0.10767329534225879,0.3465565969121141,-0.06418381727312501,0.6352641583572398,0.08354327576125475,-0.1876041741696656,0.20067540808996998,-0.6567668371536936,0.08570000361366537,-0.004485826124614523,-0.018946076319874786,-0.18625721387873057,0.12339408641625081,-0.23336484199553673,-0.2187670593994122,-0.2714191381429065,-0.011140605391157804,-0.08899645695972548,0.23582833220964558,0.036602027569900414
0.3254182933468013,0.023422080103577207,0.059023940106283486,-0.14421704897873389,0.1990913009515568,-0.24309199848629634,0.4135863892087863,-0.0010158696053804866,0.26286979712120223,-0.21712099058567932,0.4436951641185182,-0.15246857697685293,-0.31529162639970393,0.1469384400439415,0.15101121520972832,0.4265927127269479,-0.2706542492698474,0.38675068983141236,0.19610432048683418,0.4605342565670543,-0.19254227697523316,0.13587285590303938,0.5035899932223298,0.32954281932985147,-0.17038313999658675,0.02469221468015867,0.08354327576125475,0.8078013798004655,0.1979001854959847,-0.3312078899206598,-0.21137342078120505,0.36317560906927737,-0.1159859879804475,0.006075918877343046,-0.39188453337028994,0.026261877126270993,0.014261394989072121,-0.4144390499147822,-0.2651353843501213,0.6042889833979035,0.06246912838160231,0.13800400455159403,0.27846864276920386
0.551275076406671,-0.08771946867516676,0.5851277170205406,0.8596662595122281,-0.5692146304662498,-0.24766278039437747,0.43480823576133776,-0.3187134586469722,-0.03524997083419007,0.1729258177178027,0.17881159738024036,0.11789004162255151,-0.09332222376976305,-0.36149132684148244,0.37529565885891547,0.11422706408683761,-0.06031641919208507,0.19670355500504094,0.050457709244904905,-0.06972146913808958,0.4175917318975596,0.45881320576599993,0.36511000972322877,-0.030228766162420383,-0.21942836019662051,0.319028502602262,-0.1876041741696656,0.1979001854959847,1.09469302993674,-0.5197856395204944,0.15669215458747418,0.12675834637242944,0.5262218021096622,-0.4701962031869192,-0.1663727771385736,-0.15429984711562988,0.1556746041839343,0.061370551426327004,-0.27392178004104556,-0.017804977023435028,-0.0539280120064989,-0.4081581756317475,0.11260482079169454
-0.3001544112696455,0.19756777432814301,-0.3096348944505201,-0.5988849374011121,0.6292138199504579,-0.08970920623827154,-0.5770362399158294,-0.12474072854027284,-0.06067763458736512,-0.1649790443794317,-0.4189678946935315,0.1477223777291038,0.30079305754131674,-0.005763888556903121,0.2811750198359162,-4.0229615659123625e-4,0.0821304482669229,-0.03589522388354379,0.24660625510667067,-0.27926696513207705,-0.17822977791373085,-0.4303193111463433,-0.7287201010007525,0.016172457813275063,0.4511155333855978,-0.08673305007514441,0.20067540808996998,-0.3312078899206598,-0.5197856395204944,1.484756864022261,-0.08147180263685147,-0.45369038715820187,0.48550097990402785,-0.007400610458537679,0.7145736283338305,0.7487983052169118,-0.39210790060060374,0.16980955014742083,0.19802067280347646,0.03770073099028664,0.3591670589782596,0.11861556152906175,-0.2277762515730966
-0.5401347582508805,-0.7047742666306355,0.03132635441364317,0.44237593395055796,-0.7233129029752545,0.8126339884082131,0.11209702328082508,0.14208544488901645,-0.6076889137304035,-0.11396166481709126,0.27701172308452415,0.04360926340849227,-0.40420371646312325,0.10711079943617571,0.04611146568774485,-0.31483149861381904,0.12654595562635138,0.43102978386501045,-0.639182451588402,-0.5766093162260583,-0.28331099520703656,0.35220128285168234,-0.2223536086448427,-0.16741233966258282,-0.46131671815436864,-0.07870986294599408,-0.6567668371536936,-0.21137342078120505,0.15669215458747418,-0.08147180263685147,1.1362637556481434,-0.14316635797633906,-0.009239516242485944,-0.23417048228151918,0.5080819200676544,-0.4019908356359855,0.1828639803860198,0.2032783569959198,0.47886476916040954,0.06832736403954186,0.23971306975153922,-0.13111006830706629,-0.10239947974363678
0.10189550670872492,-0.09528666431350145,-0.01897821106727132,-0.10797493241685567,-0.3104265513501203,-0.3945634157107213,0.4465590209134353,0.22514596949997256,-0.17300893842079396,-0.49859530059855645,0.7062970875578792,-0.11423481099263066,0.09478245081062811,-0.09727929421440491,-0.045591603569974395,0.22043308007489587,-0.207559021199371,0.09437683756401621,-0.3922357828860727,0.09236012159997949,0.14139276070819184,0.001676008144941119,-0.07904342992035383,-0.05566865586520441,-0.33206896391661317,0.01960189509346103,0.08570000361366537,0.36317560906927737,0.12675834637242944,-0.45369038715820187,-0.14316635797633906,1.4440769479479143,-0.26519395017521036,0.24318127965700118,-0.24958183331201642,-0.23392845968345277,-0.2726461174569197,-0.1250883254730759,-0.7756246961221734,-0.10917893356732701,0.009361222934228627,0.4840917403116003,0.15644913553005468
0.6201266179748418,0.15989333534191727,0.23315664248168932,0.328080720995739,-0.22309064706743326,-0.21591223826342512,0.19566316665887265,-0.0037060047435853744,-0.26060798621111053,0.1093923112003656,-0.22459249611131843,0.12657422559205384,0.19459752118184842,-0.5096533201394002,0.07796502657905881,-0.018698204830325853,0.16051593483213164,0.45353966850256294,0.41129264231216467,-0.17419072494868265,0.2888638400241766,0.23728704787739865,-0.41618723738150815,0.1810554774874576,0.27929225469527724,0.38912346610724213,-0.004485826124614523,-0.1159859879804475,0.5262218021096622,0.48550097990402785,-0.009239516242485944,-0.26519395017521036,1.18969795779212,-0.19044284237397827,0.32711786038777557,0.7132347695060709,-0.08782554541042034,0.11193514678891286,-0.10817503890649953,-0.22001447497668689,-0.11590589544122043,-0.21047527327899107,-0.16188077405154994
0.13324930314491304,-0.12269450611930029,-0.5596756426846805,-0.20596300944077853,0.3625813230636515,-0.01306141345021268,0.14126061563721237,0.2802653307512342,-0.20185182136084215,-0.2689011345982839,-0.10672854558056669,-0.3309522716720629,0.19555461437809787,-0.09636211884576683,-0.4020008840520249,-0.17891303691540153,-0.1581609540632304,0.2899649116144278,0.05667828391983555,-0.10645212364253498,0.0722630876105122,-0.040590573627298114,-0.31998408248502747,0.10438373387282004,0.34772239472971345,-0.1851537861928473,-0.018946076319874786,0.006075918877343046,-0.4701962031869192,-0.007400610458537679,-0.23417048228151918,0.24318127965700118,-0.19044284237397827,0.9879339661126055,-0.24419284264286595,0.7647211042966328,-0.14388468877185462,-0.18253172565096917,-0.3207778004061214,-0.27342125528991146,0.05848982504941458,0.467494328424436,0.0376796037409232
-0.3220849421169747,-0.19412207677544108,-0.03015370562809706,-0.5841747321994005,-0.2206633006250937,0.7035698321077442,-0.35856224878191284,-0.10129912885792483,0.09736412170534074,-0.4950229424431331,-0.3882102086785385,0.6117889501704652,-0.26408944721233363,-0.048027693238072384,0.20814371026294556,0.5962093473519833,0.2671887665971144,0.3337178231619276,-0.2752052877805673,-0.44698010947966144,-0.028955536658598846,-0.07079584507535232,-0.3965176790081694,-0.7631541991549938,0.18174798017377236,0.08260754195375718,-0.18625721387873057,-0.39188453337028994,-0.1663727771385736,0.7145736283338305,0.5080819200676544,-0.24958183331201642,0.32711786038777557,-0.24419284264286595,1.51370651187998,-0.2925561359630403,-0.3092897749545635,-0.06959274878423921,0.590221163525975,-0.3739780434257416,0.8330155681336828,-0.5687693978393616,-0.48481702150751743
0.47472933019283414,0.5228450487134421,-0.3321695914970295,0.08867018209892062,0.5145769577654256,-0.6124729904038753,-0.0038856058516748477,0.19237535966776803,-0.2110512995112443,0.14688516427560114,-0.3023808556926911,-0.41676624615399926,0.44505436595571957,-0.4336880651528329,-0.27577263016480863,-0.5448115547048068,-0.09951160360693799,0.28931255222666147,0.8930316119743912,-0.04596760287254235,0.23210364793102645,-0.07710373752756743,-0.5681839205408336,0.3841407427281124,0.6811956731951633,0.08585239095639555,0.12339408641625081,0.026261877126270993,-0.15429984711562988,0.7487983052169118,-0.4019908356359855,-0.23392845968345277,0.7132347695060709,0.7647211042966328,-0.2925561359630403,1.9012569140229387,-0.3061580515986887,-0.09553969145158592,-0.30372127154672635,-0.19731024442904788,0.03260788542444373,0.7667005107538266,-0.033110445413125
0.028814737171215726,-0.40846163339042574,0.08760215399039395,0.15158606671670857,-0.34684572517222373,0.3754090477724238,0.24699954595911636,0.010582778442515735,-0.2466234532200495,0.22281655027062364,-0.10933260846727366,-0.25124110795545646,-0.07435160998092488,0.15017368691450783,-0.07185887871214497,-0.2229883806801773,0.12354800035937476,-0.04129620000435551,-0.1992421686152751,0.1674985934801482,-0.3051546423956257,0.1346405157698223,0.26683284260951207,0.054950384390369825,-0.03013483561218325,-0.1329176574369661,-0.23336484199553673,0.014261394989072121,0.1556746041839343,-0.39210790060060374,0.1828639803860198,-0.2726461174569197,-0.08782554541042034,-0.14388468877185462,-0.3092897749545635,-0.3061580515986887,0.5851325465334585,-0.016895781935072143,0.15726766983752602,0.26702470766705266,-0.427511899519952,-0.3254181638965229,0.020747116934937276
-0.14931944209875037,-0.0568219126221002,0.23181649078257743,0.4198860331575354,-0.006698315153566912,0.24868774761663426,-0.07393577295765323,0.18157892067370507,-0.1374689560712545,0.16942703964306136,-0.12363065913999977,0.12654239424717276,0.2814239440665429,-0.3789762928676142,0.09162558124050652,-0.4550435516892364,0.21032517724462682,-0.05583575201491444,-0.055309248606904435,-0.5083456325624469,0.1441501201101151,0.022733184253504738,-0.6056426213919263,0.3855247597562721,-0.47253905453935113,0.18649366378154586,-0.2187670593994122,-0.4144390499147822,0.061370551426327004,0.16980955014742083,0.2032783569959198,-0.1250883254730759,0.11193514678891286,-0.18253172565096917,-0.06959274878423921,-0.09553969145158592,-0.016895781935072143,0.7326033248790945,-0.02087137776467636,-0.16042678341886624,-0.28264438857449253,-0.15662839021400174,0.09699093588839997
-0.860873919344823,0.1220280454444898,-0.007311327540006682,-0.302948066559451,-0.13704014077909013,0.6472312821208095,-0.40266799295367606,0.12372640544197189,0.26020284217966555,0.3087561757269308,-0.2818314916890667,0.13288141514547255,-0.27143837518199604,0.31156762191358606,-0.17573302012922598,-0.10287928122204362,0.38975025758972975,-0.017172036844024782,-0.04594171492496315,0.012656702677771314,-0.3829685247107674,-0.048823428803032504,0.24372768701607064,-0.11830648139655725,0.04653566121873333,-7.870606183877895e-4,-0.2714191381429065,-0.2651353843501213,-0.27392178004104556,0.19802067280347646,0.47886476916040954,-0.7756246961221734,-0.10817503890649953,-0.3207778004061214,0.590221163525975,-0.30372127154672635,0.15726766983752602,-0.02087137776467636,1.0188887946002345,-0.010565331870708973,0.23770326968001448,-0.13072426322039804,-0.3577545674399247
-0.24100586699515172,-0.46139073895016686,-0.0113116124715562,-0.04699672730352267,0.24178558415209842,-0.1311584385365551,0.09283856951434385,-0.1067950479405094,0.39759481510490363,-0.2800613331596058,0.5652456133467162,-0.14446124850217662,-0.22872772179222264,0.3124997367924155,0.49501221402684265,0.19547407480277754,-0.2741337619913095,0.19800673845372446,-0.13073564849563138,0.13650599956842274,-0.5248754807610223,0.3552287900127948,0.4016982909783592,0.4042805885296028,-0.17359856557470468,-0.12746845314246152,-0.011140605391157804,0.6042889833979035,-0.017804977023435028,0.03770073099028664,0.06832736403954186,-0.10917893356732701,-0.22001447497668689,-0.27342125528991146,-0.3739780434257416,-0.19731024442904788,0.26702470766705266,-0.16042678341886624,-0.010565331870708973,1.2397361166767489,-0.00295119167849486,-0.14534452360375175,0.39973915197181586
-0.3386490763710841,-0.06934808800836113,-0.085818933479558,-0.2793091550607067,0.13230674297689127,0.08016153372097427,-0.34138969026344473,-0.28176854479632935,0.579717790022134,-0.5566574554129721,0.02597223611862676,0.40102318839662554,-0.276753781342498,-0.020765231298125006,0.4050243380619037,0.5736873191719618,-0.15905589996084413,0.22473739493637981,-0.0741043196256082,-0.3479775277188249,0.1504987225297199,0.11380437321346483,0.08284601103681752,-0.6527805138264015,0.1870161617968298,0.009196782285909472,-0.08899645695972548,0.06246912838160231,-0.0539280120064989,0.3591670589782596,0.23971306975153922,0.009361222934228627,-0.11590589544122043,0.05848982504941458,0.8330155681336828,0.03260788542444373,-0.427511899519952,-0.28264438857449253,0.23770326968001448,-0.00295119167849486,1.0764253576357443,-0.15761594355037842,-0.12500199274420223
-0.6047934997806648,0.6352710286690685,-0.4789894202511324,-0.025743890047995755,0.2059667885186948,-0.7731551027443379,-0.1093827932756087,0.32741196378057463,-0.41535734697559823,0.37862134101230216,0.5604659770288307,-0.5641352681002373,0.20657463648409366,0.38473168626986,-0.5424157872894563,-0.6635559694585366,-0.15622354914636502,-0.2429567016975767,0.13963679284892375,0.33076088793039904,-0.1391812841214945,-0.31685917837311495,0.06689685881473105,0.46004684251800004,0.12501031151972816,-0.19475968701312435,0.23582833220964558,0.13800400455159403,-0.4081581756317475,0.11861556152906175,-0.13111006830706629,0.4840917403116003,-0.21047527327899107,0.467494328424436,-0.5687693978393616,0.7667005107538266,-0.3254181638965229,-0.15662839021400174,-0.13072426322039804,-0.14534452360375175,-0.15761594355037842,1.519646452296213,-0.021300827337016458
0.25684127526293515,-0.17206137324683068,0.06729720368353861,0.3125694398924885,0.19890116955822515,-0.20686532679687744,0.17710813133178066,-0.04158551577154994,0.09774942938898379,-0.12688165404948876,0.3094713855194065,-0.05604671921274669,-0.027370171014585786,-0.07239484740021271,0.21156163210406487,0.0069312724767769665,-0.2550892869090483,0.08190844252049964,0.020055400666985065,-0.058939217221353285,0.05086644947059399,0.197515200720636,0.032263386757808495,0.306677252220785,-0.28140245791800894,0.006046937699236476,0.036602027569900414,0.27846864276920386,0.11260482079169454,-0.2277762515730966,-0.10239947974363678,0.15644913553005468,-0.16188077405154994,0.0376796037409232,-0.48481702150751743,-0.033110445413125,0.020747116934937276,0.09699093588839997,-0.3577545674399247,0.39973915197181586,-0.12500199274420223,-0.021300827337016458,0.36925882331911375
