V1,V2,V3,V4,V5,V6,V7,V8,V9,V10,V11,V12,V13,V14,V15,V16,V17,V18,V19,V20,V21,V22,V23,V24,V25,V26,V27,V28,V29,V30,V31,V32,V33,V34,V35,V36,V37,V38,V39,V40,V41,V42,V43
2.620923076945334,-1.368525540213498,5.563478359784859,1.4458933736341297,2.0033453434856967,1.460082020802384,1.313448444451854,6.516187625412777,1.3546079372791873,-3.9440579559446034,-3.5308234997705887,-1.869688162416726,-2.150455805848305,-1.5464447630579257,-1.6289518604638193,-0.6463580062719932,-1.495406189980045,-4.175488256205805,-4.5247928797382055,-0.09254065149287118,3.031507158530445,-0.8230353776300113,3.4864077389624466,0.048330332966333746,3.3335953114268957,3.280076982318916,-0.6570688750711392,3.352296426549069,-4.258572583931052,2.6588231701696183,-3.5180159716263195,5.442856994033061,0.691185038731674,0.3382723914400324,1.3238812729759073,0.9409480296848188,-0.7665004532353609,4.919893895494403,1.0437752149132604,0.4035800720600913,2.177008196468448,-2.4417321904935405,-5.707437840995432
-1.368525540213498,1.8812681646359846,-7.1945135238190625,-1.823581112410442,-2.0762444836666694,-2.6550864230503723,-3.8136073572720357,-8.430716658699703,-2.1978284056455295,6.013254951408523,4.625707845570438,2.0384156555529676,4.4917206210704785,2.2768312435798945,1.9664209426434216,1.0032732400290478,0.8879108484228934,5.59494764748116,7.368893580542984,0.7207423451580224,-4.22414920054106,0.5449358462084398,-4.025917164835227,-1.9963955190519875,-6.446442031089192,-4.938608064956382,-1.1106662706141943,-3.994336835243026,6.002344701224123,-6.1085452518413215,5.984881273348725,-7.586437482192013,-3.309871329852567,0.6178331536536158,-1.3307257362479197,-0.040482023451924774,1.1934921804917447,-8.659087119330739,-0.48178021330842763,2.895712303723383,-3.448919330730628,4.808023180646547,7.629964431883149
5.563478359784859,-7.1945135238190625,27.636118214517616,7.006644874632018,8.074466357142283,10.10756825884245,14.323459881633035,32.44224384578776,8.38009235475966,-22.981103690591755,-17.767355901690276,-7.886967738428094,-17.021805467298144,-8.684539073265649,-7.597467686333579,-3.8082429858779485,-3.591458423328009,-21.492196513191875,-28.089689475231165,-2.6732335918116044,16.210367021860907,-2.1925442257854764,15.5609579252635,7.399256812463646,24.488769625501533,18.887288998072265,3.9395576906709375,15.411329631337207,-23.027634596631685,23.061257199586933,-22.763827041232343,29.07056379171121,12.361457592089161,-2.1824809858683603,5.174562757583661,0.3311372788857688,-4.569796714567685,32.950289407352564,1.9694563067953,-10.626424581971696,13.178327574437967,-18.221481630912255,-29.291492938111674
1.4458933736341297,-1.823581112410442,7.006644874632018,1.7850927412060875,2.0544103010077706,2.5468178895868596,3.6024748011021566,8.248526010785431,2.125948562886343,-5.828904095739057,-4.5219442817835915,-2.020217120447172,-4.310008547688594,-2.1889223931765165,-1.9359981578533598,-0.9654312787160545,-0.9079332458048686,-5.455487441639122,-7.107561868406872,-0.6649282308952307,4.128506072287732,-0.5797627346651368,3.960372119138027,1.8519832049542224,6.19220759672355,4.786675277273675,0.9683602603779036,3.9147419847128977,-5.818720096447311,5.814082028386177,-5.751157995195004,7.379890926922559,3.1149032419131037,-0.5500760192753288,1.306874958714647,0.1094098942894438,-1.1639887564729992,8.348112886156338,0.5018228595376246,-2.6571759440266374,3.340131448754889,-4.609982775301148,-7.435657676772708
2.0033453434856967,-2.0762444836666694,8.074466357142283,2.0544103010077706,2.4742423759253818,2.8493917466812353,3.7843852945474867,9.4935411739009,2.3717430640360675,-6.551781165356774,-5.167521545560371,-2.3658314867071266,-4.654817082107554,-2.5018435116305247,-2.259827835588109,-1.0789772145022563,-1.2901726520379817,-6.25020650384974,-7.93478308853058,-0.6725429557637951,4.668649032409874,-0.7343415425726092,4.6544238931960145,1.8130509226758413,6.793833255655383,5.397695568191588,0.7670432664235249,4.585907815360903,-6.680900094149154,6.239226914301006,-6.383666515277322,8.396491171077427,3.1413139078717722,-0.3942210512127132,1.6029067748655417,0.3165912367775165,-1.300523770941393,9.208593896143913,0.7419851105383843,-2.4693567889685157,3.7335779986412767,-4.997183267198827,-8.520241471754298
1.460082020802384,-2.6550864230503723,10.10756825884245,2.5468178895868596,2.8493917466812353,4.0112022013295405,5.828618030416761,11.884823316257453,3.207046346446804,-8.67631680104879,-6.4780084153722095,-2.7505643436699,-6.704029432132085,-3.3056800598092706,-2.7666601979529957,-1.4407664159155784,-1.1297242223216168,-7.923783141499507,-10.729397918390955,-1.1608275418911207,5.973548180841128,-0.636106451733985,5.59176094456994,3.2811002715298816,9.645296635908318,7.12227615502906,1.9626259675752888,5.584663854234892,-8.66765080318241,9.194192682785502,-8.73898373604209,10.796060307905568,5.152714781258551,-0.9858806348007031,1.8365852534743328,-0.21458188628273084,-1.7304505335480216,12.717191441545298,0.49008222817902697,-4.8587637660154845,4.994776780579235,-7.083727150591358,-10.798581992556116
1.313448444451854,-3.8136073572720357,14.323459881633035,3.6024748011021566,3.7843852945474867,5.828618030416761,9.077637035771698,16.855840453072695,4.699707146891452,-12.644741029387331,-9.281389041260379,-3.8126652611465777,-10.186356740721164,-4.694555968214951,-3.8393736072625453,-2.1024166867387066,-1.0212764976351534,-11.307995636645419,-15.753731722019422,-1.8482786858512472,8.67585927458837,-0.7561030490476129,7.700192868694551,5.35252263340987,14.380363443464582,10.3470738908827,3.5627395901879546,7.72164384684158,-12.310969979247277,14.042969753977491,-12.914932263388458,15.516198744519826,8.320242525538111,-1.97106862322482,2.3686598155430394,-0.7385155180729714,-2.539651776305344,18.908070041108882,0.3264799811793563,-8.19170507823779,7.342667945932588,-10.754103660087477,-15.39288842855562
6.516187625412777,-8.430716658699703,32.44224384578776,8.248526010785431,9.4935411739009,11.884823316257453,16.855840453072695,38.273536899710194,9.883238296252317,-27.08831206287554,-20.95237828548972,-9.312428480910024,-20.142195336180183,-10.125680139851097,-8.979093350614672,-4.4444174164304755,-4.136422942863952,-25.3218010872808,-33.05325545646213,-3.1224556846911327,19.18617868989138,-2.665720394274846,18.31818867791251,8.776359749909526,28.911149788175145,22.248277096342523,4.617797374011124,18.114083125923877,-27.046160145900295,27.15339975791717,-26.74220248086465,34.222724954113,14.655639161824553,-2.6060922351800135,6.025842213896559,0.39248405670476044,-5.426854201159336,38.89311749048591,2.230603520436865,-12.632132016548182,15.560071635993266,-21.496236840225695,-34.47772437323811
1.3546079372791873,-2.1978284056455295,8.38009235475966,2.125948562886343,2.3717430640360675,3.207046346446804,4.699707146891452,9.883238296252317,2.629906016143668,-7.1487883159556125,-5.4180286006375855,-2.3438858781178205,-5.47970892913799,-2.6716467047237824,-2.2988454247354,-1.1819913201547876,-0.9102625204008244,-6.569364691302309,-8.790296507377844,-0.9074554225425333,4.9969734720585866,-0.6002096993737577,4.657999105695639,2.5835066062219862,7.82657081019157,5.8621905041851345,1.5111117997182488,4.628453993073756,-7.074246152581782,7.4514381488137325,-7.144451268598885,8.934028332108777,4.171521473699261,-0.8333120155687879,1.4998067741687107,-0.08789696165674356,-1.4340977334125824,10.423952657820434,0.43730110197383104,-3.8190863389056804,4.118433953286743,-5.815830438159806,-8.94746763451987
-3.9440579559446034,6.013254951408523,-22.981103690591755,-5.828904095739057,-6.551781165356774,-8.67631680104879,-12.644741029387331,-27.08831206287554,-7.1487883159556125,19.486924073770993,14.85260493636924,6.47084786870919,14.821695625707502,7.276261312127868,6.307831623478717,3.2172394108626463,2.5924818718725167,17.987900925494728,23.917718177852638,2.4166114823665468,-13.672588205351483,1.7052535976800194,-12.813960538883915,-6.851679425812292,-21.18251962455897,-15.988459818457075,-3.9246683868247803,-12.715493134417292,19.32197566990402,-20.11911456245131,19.4216088339855,-24.4223476096933,-11.170998264675548,2.1909204871304766,-4.143908028364094,0.10923324480068458,3.906076202111255,-28.299917156324213,-1.299057753953956,10.069237190071007,-11.221498802954356,15.765938117026035,24.494896183889974
-3.5308234997705887,4.625707845570438,-17.767355901690276,-4.5219442817835915,-5.167521545560371,-6.4780084153722095,-9.281389041260379,-20.95237828548972,-5.4180286006375855,14.85260493636924,11.498206614554013,5.111831636224022,11.072195975949244,5.528111757003261,4.902290308085168,2.4435295627656126,2.1866212783372827,13.866233552040592,18.124548195499383,1.716650654722212,-10.535235748355479,1.4605756546473174,-10.007219467304155,-4.832520486044495,-15.841535349341404,-12.192635798079957,-2.5856635353729063,-9.891743931058272,14.76615568683335,-14.926581436946051,14.67309305911416,-18.756607094399463,-8.103065272277105,1.5051629040578918,-3.264584556626725,-0.19624157920722246,2.9766184926703905,-21.34694007548252,-1.1946405803844775,6.986632326208381,-8.536152251759244,11.83240983357535,18.88198275967781
-1.869688162416726,2.0384156555529676,-7.886967738428094,-2.020217120447172,-2.3658314867071266,-2.7505643436699,-3.8126652611465777,-9.312428480910024,-2.3438858781178205,6.47084786870919,5.111831636224022,2.3425971044294482,4.676395755035338,2.3991663717393608,2.199118110791608,1.0662373801706393,1.1044269054436535,6.129725172797785,7.828121896106438,0.6707649770006832,-4.651038607086064,0.7386740235955794,-4.518020859946065,-1.859994685455903,-6.723112547928578,-5.317190866773545,-0.8564288660231854,-4.43614679057821,6.465757289158515,-6.235960591305368,6.300093784112136,-8.259364318501861,-3.2578439616352117,0.5302278594654948,-1.4905091015318546,-0.2689124471179988,1.2982644469761413,-9.156223271511056,-0.6489735744664644,2.601960089025479,-3.7028820411730297,5.0237392108906755,8.349974961725424
-2.150455805848305,4.4917206210704785,-17.021805467298144,-4.310008547688594,-4.654817082107554,-6.704029432132085,-10.186356740721164,-20.142195336180183,-5.47970892913799,14.821695625707502,11.072195975949244,4.676395755035338,11.695777585122993,5.454525571202258,4.638333394295152,2.432854116952924,1.4653773598865403,13.435262947881297,18.316893552546187,2.0076952990858214,-10.317116246830182,1.1084670929522125,-9.320505850913033,-5.840268524191139,-16.547728291438982,-12.133030134646495,-3.655011715831857,-9.288769889352881,14.481420249460406,-15.947654085963263,14.936173874340541,-18.334259810652224,-9.262029574587018,2.0663265242528897,-2.8950416245490325,0.526473083440285,2.9949977802220977,-21.916770362936308,-0.5956476500494413,8.819472771608213,-8.591141251145977,12.358718441796963,18.274481855881017
-1.5464447630579257,2.2768312435798945,-8.684539073265649,-2.1889223931765165,-2.5018435116305247,-3.3056800598092706,-4.694555968214951,-10.125680139851097,-2.6716467047237824,7.276261312127868,5.528111757003261,2.3991663717393608,5.454525571202258,2.825673820407778,2.3647337249795486,1.226074501430429,1.11711758496048,6.739872544223124,8.964397351118238,0.9155339408051255,-5.0335319476106255,0.5846658416573218,-4.839418814113945,-2.501466680948956,-7.89435622742018,-5.981303916428142,-1.430190933272892,-4.828983860600274,7.3363069767528994,-7.4919082703004305,7.3011478445863744,-9.15783113529733,-4.038404056693808,0.712075038401332,-1.6402606743866615,0.019198426122631153,1.4301844287997656,-10.51267293249844,-0.5744594353282862,3.6319259629651452,-4.161502422721403,5.822580312986692,9.204079094877542
-1.6289518604638193,1.9664209426434216,-7.597467686333579,-1.9359981578533598,-2.259827835588109,-2.7666601979529957,-3.8393736072625453,-8.979093350614672,-2.2988454247354,6.307831623478717,4.902290308085168,2.199118110791608,4.638333394295152,2.3647337249795486,2.1203558726511575,1.032242320214267,1.0414725734087547,5.927259119402127,7.67397802760699,0.7022681498633181,-4.4788024248128275,0.6533235260202269,-4.326913266325584,-1.9673188581339427,-6.690832789337515,-5.183566195589363,-0.9730924139027034,-4.271454958749214,6.331094832184802,-6.227961875961391,6.191908012306357,-7.996079488868712,-3.305488448552463,0.5344535962704514,-1.4384516043698181,-0.1533751947826144,1.265172588905717,-9.008775175236762,-0.5650702734712941,2.7938141576632014,-3.6154900432423003,4.945519926635102,8.070923384037389
-0.6463580062719932,1.0032732400290478,-3.8082429858779485,-0.9654312787160545,-1.0789772145022563,-1.4407664159155784,-2.1024166867387066,-4.4444174164304755,-1.1819913201547876,3.2172394108626463,2.4435295627656126,1.0662373801706393,2.432854116952924,1.226074501430429,1.032242320214267,0.5505606405839693,0.44089625289286777,2.957819025765039,3.9615549192314936,0.40955526148270255,-2.232273902586173,0.26077946329084456,-2.114067068140248,-1.1263913204566984,-3.4953008784671273,-2.6411845060545414,-0.6630936638145584,-2.1004822423583693,3.198627761252618,-3.335077230054854,3.224419230395127,-4.038411705081789,-1.8341455823476116,0.35920424681359436,-0.6914907454126193,0.019556444728307715,0.6363721166544346,-4.664856172205066,-0.22691282808312058,1.6534594931006805,-1.8413049884014168,2.600128973126786,4.040351080894373
-1.495406189980045,0.8879108484228934,-3.591458423328009,-0.9079332458048686,-1.2901726520379817,-1.1297242223216168,-1.0212764976351534,-4.136422942863952,-0.9102625204008244,2.5924818718725167,2.1866212783372827,1.1044269054436535,1.4653773598865403,1.11711758496048,1.0414725734087547,0.44089625289286777,1.0498547827592142,2.6806754324594033,3.0605420325461514,0.14244065214118348,-1.8563266785753338,0.4100290919118865,-2.223284912120776,-0.21081929860634127,-2.3824696909610257,-2.169817863417485,0.2761008738692626,-2.173524504453743,2.933489197693956,-1.9375140286749901,2.4067857294982047,-3.522575962638998,-0.5443224009486894,-0.28104491622801014,-0.9079031645353197,-0.4832873472649552,0.4858554606246455,-3.3069432420856297,-0.6497568592244131,-0.002383905752059741,-1.4203166615483003,1.6220807206515164,3.677796248906639
-4.175488256205805,5.59494764748116,-21.492196513191875,-5.455487441639122,-6.25020650384974,-7.923783141499507,-11.307995636645419,-25.3218010872808,-6.569364691302309,17.987900925494728,13.866233552040592,6.129725172797785,13.435262947881297,6.739872544223124,5.927259119402127,2.957819025765039,2.6806754324594033,16.773367828430732,21.98838229844251,2.1135239490544686,-12.703398918653491,1.711727715132133,-12.090359419960071,-5.935174519821396,-19.272321131811182,-14.773116991768163,-3.200079673010664,-11.972133328428491,17.9510105256948,-18.162261525509997,17.814039861589922,-22.69024174322061,-9.853778605053906,1.7931045659237876,-3.975071608546576,-0.17388121400935644,3.597583554846605,-25.8876332029251,-1.4314034390716586,8.582884464969927,-10.337096685959072,14.337981391180335,22.841558873798313
-4.5247928797382055,7.368893580542984,-28.089689475231165,-7.107561868406872,-7.93478308853058,-10.729397918390955,-15.753731722019422,-33.05325545646213,-8.790296507377844,23.917718177852638,18.124548195499383,7.828121896106438,18.316893552546187,8.964397351118238,7.67397802760699,3.9615549192314936,3.0605420325461514,21.98838229844251,29.43703718496191,3.049768779661257,-16.698576413676182,1.9732020250223847,-15.579172435100892,-8.637981879651765,-26.1673886884185,-19.622686707857024,-5.083586323749773,-15.491153568263872,23.70734412141415,-24.960955942795227,23.945901847954506,-29.899040062667837,-13.956658151119182,2.800375744817406,-5.0355037642886264,0.3128041296632414,4.783841021680565,-34.862013973445336,-1.4884459689798815,12.764073220217854,-13.781640229222779,19.47260414112219,29.94970460307584
-0.09254065149287118,0.7207423451580224,-2.6732335918116044,-0.6649282308952307,-0.6725429557637951,-1.1608275418911207,-1.8482786858512472,-3.1224556846911327,-0.9074554225425333,2.4166114823665468,1.716650654722212,0.6707649770006832,2.0076952990858214,0.9155339408051255,0.7022681498633181,0.40955526148270255,0.14244065214118348,2.1135239490544686,3.049768779661257,0.39553416581538414,-1.6129883546885113,0.0853649544356979,-1.4001315701511459,-1.1384810377422374,-2.83915832999868,-1.9771970654090454,-0.8087646993395025,-1.4196466466488367,2.3527259801499683,-2.8134128220425145,2.5178773052362704,-2.9258714715828082,-1.7075521265976095,0.42187366034111623,-0.4286307487145534,0.22823671261124245,0.4811439300402722,-3.6769805870298806,-0.008854594199724264,1.767466153877159,-1.4053425479269952,2.1092867817221532,2.8808991014223637
3.031507158530445,-4.22414920054106,16.210367021860907,4.128506072287732,4.668649032409874,5.973548180841128,8.67585927458837,19.18617868989138,4.9969734720585866,-13.672588205351483,-10.535235748355479,-4.651038607086064,-10.317116246830182,-5.0335319476106255,-4.4788024248128275,-2.232273902586173,-1.8563266785753338,-12.703398918653491,-16.698576413676182,-1.6129883546885113,9.704611500227479,-1.3224128754084534,9.100142222231522,4.615173920161452,14.696277470789399,11.214202831045203,2.537398528336826,8.996269366234575,-13.511320227230422,13.889414182842303,-13.522555592656817,17.195257150554568,7.673779604594364,-1.4990134004326323,2.9186562257979993,0.0726703828430078,-2.7574188753526125,19.760245898807746,0.9786476292001826,-6.742659049197529,7.88106449251436,-10.990491907883825,-17.281191230992906
-0.8230353776300113,0.5449358462084398,-2.1925442257854764,-0.5797627346651368,-0.7343415425726092,-0.636106451733985,-0.7561030490476129,-2.665720394274846,-0.6002096993737577,1.7052535976800194,1.4605756546473174,0.7386740235955794,1.1084670929522125,0.5846658416573218,0.6533235260202269,0.26077946329084456,0.4100290919118865,1.711727715132133,1.9732020250223847,0.0853649544356979,-1.3224128754084534,0.3285271290438941,-1.3449115111174323,-0.2543335089730981,-1.5966030945873217,-1.4017351802365265,0.05823788753528906,-1.2862383397167274,1.7061702701335104,-1.3595208388467674,1.5389817258665328,-2.253090712757338,-0.608765337691874,0.02727284699661508,-0.4403162795177161,-0.25803249119407595,0.3567761201368209,-2.2832070447212534,-0.2750017548759948,0.26721087919166836,-0.9716989502740633,1.1992454993098363,2.319508964246446
3.4864077389624466,-4.025917164835227,15.5609579252635,3.960372119138027,4.6544238931960145,5.59176094456994,7.700192868694551,18.31818867791251,4.657999105695639,-12.813960538883915,-10.007219467304155,-4.518020859946065,-9.320505850913033,-4.839418814113945,-4.326913266325584,-2.114067068140248,-2.223284912120776,-12.090359419960071,-15.579172435100892,-1.4001315701511459,9.100142222231522,-1.3449115111174323,8.874676373789804,3.854680762665371,13.482852574677539,10.539229024138525,1.8571294108032788,8.756988444681477,-12.914603557179245,12.53481859385253,-12.570465704175636,16.303339005788843,6.553067668947563,-1.0176200098627775,2.9824102090666447,0.3984634527728276,-2.5547641937368777,18.208750302000634,1.2462526999806087,-5.417672145224646,7.3288128623888396,-9.979685720115695,-16.4757602236998
0.048330332966333746,-1.9963955190519875,7.399256812463646,1.8519832049542224,1.8130509226758413,3.2811002715298816,5.35252263340987,8.776359749909526,2.5835066062219862,-6.851679425812292,-4.832520486044495,-1.859994685455903,-5.840268524191139,-2.501466680948956,-1.9673188581339427,-1.1263913204566984,-0.21081929860634127,-5.935174519821396,-8.637981879651765,-1.1384810377422374,4.615173920161452,-0.2543335089730981,3.854680762665371,3.3996744500294356,8.163129066059678,5.589024048781262,2.4340475005414226,3.9035698051978858,-6.548324787803911,8.10560526538625,-7.122589467565196,8.215821307508785,5.076297775488985,-1.3266552693750067,1.105841266182063,-0.7462225891472682,-1.394801861552778,10.548140865534544,-0.1211945984858125,-5.339906567471624,4.017516666798101,-6.08551906211432,-8.062745070015996
3.3335953114268957,-6.446442031089192,24.488769625501533,6.19220759672355,6.793833255655383,9.645296635908318,14.380363443464582,28.911149788175145,7.82657081019157,-21.18251962455897,-15.841535349341404,-6.723112547928578,-16.547728291438982,-7.89435622742018,-6.690832789337515,-3.4953008784671273,-2.3824696909610257,-19.272321131811182,-26.1673886884185,-2.83915832999868,14.696277470789399,-1.5966030945873217,13.482852574677539,8.163129066059678,23.572340092461506,17.3607829253569,4.9943192699311085,13.437835657230245,-20.880261714161048,22.59680533328581,-21.31648282875275,26.280059049106825,12.925239621574573,-2.7139657860395876,4.281617543556945,-0.6223079130252219,-4.260463193377746,31.18414416166944,1.0100500208403143,-12.21998811045191,12.241767298607765,-17.48996125785818,-26.233122238613596
3.280076982318916,-4.938608064956382,18.887288998072265,4.786675277273675,5.397695568191588,7.12227615502906,10.3470738908827,22.248277096342523,5.8621905041851345,-15.988459818457075,-12.192635798079957,-5.317190866773545,-12.133030134646495,-5.981303916428142,-5.183566195589363,-2.6411845060545414,-2.169817863417485,-14.773116991768163,-19.622686707857024,-1.9771970654090454,11.214202831045203,-1.4017351802365265,10.539229024138525,5.589024048781262,17.3607829253569,13.122803388461127,3.1825673270437504,10.457414519265864,-15.88297396560456,16.475305783248512,-15.93112563929229,20.05110972511543,9.118164675909526,-1.7650869329766703,3.4216105720943886,-0.06923913578033515,-3.2014109643262145,23.194808571462172,1.0925986906681722,-8.194727983548841,9.204041678734395,-12.911579684862588,-20.117873435117573
-0.6570688750711392,-1.1106662706141943,3.9395576906709375,0.9683602603779036,0.7670432664235249,1.9626259675752888,3.5627395901879546,4.617797374011124,1.5111117997182488,-3.9246683868247803,-2.5856635353729063,-0.8564288660231854,-3.655011715831857,-1.430190933272892,-0.9730924139027034,-0.6630936638145584,0.2761008738692626,-3.200079673010664,-5.083586323749773,-0.8087646993395025,2.537398528336826,0.05823788753528906,1.8571294108032788,2.4340475005414226,4.9943192699311085,3.1825673270437504,1.9874068634848603,1.9411454443779705,-3.5994986794962966,5.20588371913031,-4.2775166395011714,4.533760863108582,3.50962724075103,-1.1046815805257268,0.4514446365307638,-0.7980778389590667,-0.7933222248319914,6.339857188579534,-0.3451196606790557,-3.970819940426322,2.3301824124145267,-3.7962220222458587,-4.3516281684177285
3.352296426549069,-3.994336835243026,15.411329631337207,3.9147419847128977,4.585907815360903,5.584663854234892,7.72164384684158,18.114083125923877,4.628453993073756,-12.715493134417292,-9.891743931058272,-4.43614679057821,-9.288769889352881,-4.828983860600274,-4.271454958749214,-2.1004822423583693,-2.173524504453743,-11.972133328428491,-15.491153568263872,-1.4196466466488367,8.996269366234575,-1.2862383397167274,8.756988444681477,3.9035698051978858,13.437835657230245,10.457414519265864,1.9411454443779705,8.660422713337399,-12.823219137191051,12.535748501763797,-12.521647068650308,16.154360483303297,6.5792532425876855,-1.0413341767833761,2.952577537894127,0.3308826407606953,-2.528211226765218,18.112450497214542,1.2077013562383891,-5.51676372174073,7.272810984034555,-9.942286231245001,-16.318575617696126
-4.258572583931052,6.002344701224123,-23.027634596631685,-5.818720096447311,-6.680900094149154,-8.66765080318241,-12.310969979247277,-27.046160145900295,-7.074246152581782,19.32197566990402,14.76615568683335,6.465757289158515,14.481420249460406,7.3363069767528994,6.331094832184802,3.198627761252618,2.933489197693956,17.9510105256948,23.70734412141415,2.3527259801499683,-13.511320227230422,1.7061702701335104,-12.914603557179245,-6.548324787803911,-20.880261714161048,-15.88297396560456,-3.5994986794962966,-12.823219137191051,19.40600692695888,-19.702251547183273,19.233527728508545,-24.320715963163977,-10.681420764521615,1.884427033655018,-4.300947882234455,-0.05217108826584358,3.8446881657329417,-27.877498822463362,-1.5022933701121393,9.476292904618173,-11.093380758595917,15.426972867325876,24.460244539137907
2.6588231701696183,-6.1085452518413215,23.061257199586933,5.814082028386177,6.239226914301006,9.194192682785502,14.042969753977491,27.15339975791717,7.4514381488137325,-20.11911456245131,-14.926581436946051,-6.235960591305368,-15.947654085963263,-7.4919082703004305,-6.227961875961391,-3.335077230054854,-1.9375140286749901,-18.162261525509997,-24.960955942795227,-2.8134128220425145,13.889414182842303,-1.3595208388467674,12.53481859385253,8.10560526538625,22.59680533328581,16.475305783248512,5.20588371913031,12.535748501763797,-19.702251547183273,21.895053977503977,-20.410806166765823,24.839199849016403,12.742126464681276,-2.8747738181851505,3.9237880523761537,-0.8723873897110177,-4.037444503605513,29.837447541896218,0.7587621610154919,-12.280628951880141,11.653727358220712,-16.867189632595085,-24.726426810136985
-3.5180159716263195,5.984881273348725,-22.763827041232343,-5.751157995195004,-6.383666515277322,-8.73898373604209,-12.914932263388458,-26.74220248086465,-7.144451268598885,19.4216088339855,14.67309305911416,6.300093784112136,14.936173874340541,7.3011478445863744,6.191908012306357,3.224419230395127,2.4067857294982047,17.814039861589922,23.945901847954506,2.5178773052362704,-13.522555592656817,1.5389817258665328,-12.570465704175636,-7.122589467565196,-21.31648282875275,-15.93112563929229,-4.2775166395011714,-12.521647068650308,19.233527728508545,-20.410806166765823,19.510994663142665,-24.24496556718164,-11.462139821672446,2.3507629345214287,-4.061414246517356,0.3451566577420202,3.8758325286639814,-28.37238304874652,-1.1595974985279534,10.56871499250289,-11.194181822022886,15.88439552608587,24.269764442525663
5.442856994033061,-7.586437482192013,29.07056379171121,7.379890926922559,8.396491171077427,10.796060307905568,15.516198744519826,34.222724954113,8.934028332108777,-24.4223476096933,-18.756607094399463,-8.259364318501861,-18.334259810652224,-9.15783113529733,-7.996079488868712,-4.038411705081789,-3.522575962638998,-22.69024174322061,-29.899040062667837,-2.9258714715828082,17.195257150554568,-2.253090712757338,16.303339005788843,8.215821307508785,26.280059049106825,20.05110972511543,4.533760863108582,16.154360483303297,-24.320715963163977,24.839199849016403,-24.24496556718164,30.75106352808374,13.564184924095798,-2.5333970498818252,5.335993368835415,0.12252549107260984,-4.881801706497427,35.24150382224943,1.8534884647239658,-11.943806967432534,14.033528567725504,-19.555992202789277,-30.910589730672324
0.691185038731674,-3.309871329852567,12.361457592089161,3.1149032419131037,3.1413139078717722,5.152714781258551,8.320242525538111,14.655639161824553,4.171521473699261,-11.170998264675548,-8.103065272277105,-3.2578439616352117,-9.262029574587018,-4.038404056693808,-3.305488448552463,-1.8341455823476116,-0.5443224009486894,-9.853778605053906,-13.956658151119182,-1.7075521265976095,7.673779604594364,-0.608765337691874,6.553067668947563,5.076297775488985,12.925239621574573,9.118164675909526,3.50962724075103,6.5792532425876855,-10.681420764521615,12.742126464681276,-11.462139821672446,13.564184924095798,7.820031582540366,-2.017232656356013,1.9026408666874601,-0.8867222659618146,-2.2732712257332355,16.935822666482416,0.03532967968402794,-7.89965331295451,6.532231663833911,-9.7288231635375,-13.386638406947805
0.3382723914400324,0.6178331536536158,-2.1824809858683603,-0.5500760192753288,-0.3942210512127132,-0.9858806348007031,-1.97106862322482,-2.6060922351800135,-0.8333120155687879,2.1909204871304766,1.5051629040578918,0.5302278594654948,2.0663265242528897,0.712075038401332,0.5344535962704514,0.35920424681359436,-0.28104491622801014,1.7931045659237876,2.800375744817406,0.42187366034111623,-1.4990134004326323,0.02727284699661508,-1.0176200098627775,-1.3266552693750067,-2.7139657860395876,-1.7650869329766703,-1.1046815805257268,-1.0413341767833761,1.884427033655018,-2.8747738181851505,2.3507629345214287,-2.5333970498818252,-2.017232656356013,0.7273645812335822,-0.18367498398104312,0.4199028354067022,0.4578706189197704,-3.5439985700758747,0.22505483937523765,2.2038946511999185,-1.3191903408673378,2.168731540515265,2.425391858024604
1.3238812729759073,-1.3307257362479197,5.174562757583661,1.306874958714647,1.6029067748655417,1.8365852534743328,2.3686598155430394,6.025842213896559,1.4998067741687107,-4.143908028364094,-3.264584556626725,-1.4905091015318546,-2.8950416245490325,-1.6402606743866615,-1.4384516043698181,-0.6914907454126193,-0.9079031645353197,-3.975071608546576,-5.0355037642886264,-0.4286307487145534,2.9186562257979993,-0.4403162795177161,2.9824102090666447,1.105841266182063,4.281617543556945,3.4216105720943886,0.4514446365307638,2.952577537894127,-4.300947882234455,3.9237880523761537,-4.061414246517356,5.335993368835415,1.9026408666874601,-0.18367498398104312,1.0716616697116377,0.2170590345148745,-0.8071414083657116,5.788574996421013,0.5248330342577613,-1.4714930427819939,2.349031255743824,-3.120946775380341,-5.430690446693042
0.9409480296848188,-0.040482023451924774,0.3311372788857688,0.1094098942894438,0.3165912367775165,-0.21458188628273084,-0.7385155180729714,0.39248405670476044,-0.08789696165674356,0.10923324480068458,-0.19624157920722246,-0.2689124471179988,0.526473083440285,0.019198426122631153,-0.1533751947826144,0.019556444728307715,-0.4832873472649552,-0.17388121400935644,0.3128041296632414,0.22823671261124245,0.0726703828430078,-0.25803249119407595,0.3984634527728276,-0.7462225891472682,-0.6223079130252219,-0.06923913578033515,-0.7980778389590667,0.3308826407606953,-0.05217108826584358,-0.8723873897110177,0.3451566577420202,0.12252549107260984,-0.8867222659618146,0.4199028354067022,0.2170590345148745,0.5195016646293054,0.028416538082840403,-0.5831212189140405,0.3937537068709089,1.3437966931346683,-0.11402642245816881,0.48648352804610373,-0.24665013631852134
-0.7665004532353609,1.1934921804917447,-4.569796714567685,-1.1639887564729992,-1.300523770941393,-1.7304505335480216,-2.539651776305344,-5.426854201159336,-1.4340977334125824,3.906076202111255,2.9766184926703905,1.2982644469761413,2.9949977802220977,1.4301844287997656,1.265172588905717,0.6363721166544346,0.4858554606246455,3.597583554846605,4.783841021680565,0.4811439300402722,-2.7574188753526125,0.3567761201368209,-2.5547641937368777,-1.394801861552778,-4.260463193377746,-3.2014109643262145,-0.7933222248319914,-2.528211226765218,3.8446881657329417,-4.037444503605513,3.8758325286639814,-4.881801706497427,-2.2732712257332355,0.4578706189197704,-0.8071414083657116,0.028416538082840403,0.7922243101175832,-5.690245056611207,-0.2332437865125984,2.060178855328631,-2.2562573003049478,3.1724832764023425,4.891352190690168
4.919893895494403,-8.659087119330739,32.950289407352564,8.348112886156338,9.208593896143913,12.717191441545298,18.908070041108882,38.89311749048591,10.423952657820434,-28.299917156324213,-21.34694007548252,-9.156223271511056,-21.916770362936308,-10.51267293249844,-9.008775175236762,-4.664856172205066,-3.3069432420856297,-25.8876332029251,-34.862013973445336,-3.6769805870298806,19.760245898807746,-2.2832070447212534,18.208750302000634,10.548140865534544,31.18414416166944,23.194808571462172,6.339857188579534,18.112450497214542,-27.877498822463362,29.837447541896218,-28.37238304874652,35.24150382224943,16.935822666482416,-3.5439985700758747,5.788574996421013,-0.5831212189140405,-5.690245056611207,41.467190990568156,1.5243855778690065,-15.721044968445492,16.34379303723827,-23.236269732041187,-35.2377925616884
1.0437752149132604,-0.48178021330842763,1.9694563067953,0.5018228595376246,0.7419851105383843,0.49008222817902697,0.3264799811793563,2.230603520436865,0.43730110197383104,-1.299057753953956,-1.1946405803844775,-0.6489735744664644,-0.5956476500494413,-0.5744594353282862,-0.5650702734712941,-0.22691282808312058,-0.6497568592244131,-1.4314034390716586,-1.4884459689798815,-0.008854594199724264,0.9786476292001826,-0.2750017548759948,1.2462526999806087,-0.1211945984858125,1.0100500208403143,1.0925986906681722,-0.3451196606790557,1.2077013562383891,-1.5022933701121393,0.7587621610154919,-1.1595974985279534,1.8534884647239658,0.03532967968402794,0.22505483937523765,0.5248330342577613,0.3937537068709089,-0.2332437865125984,1.5243855778690065,0.45712532702184483,0.39695682762403045,0.6960749286296968,-0.7148121403197197,-1.970702791702635
0.4035800720600913,2.895712303723383,-10.626424581971696,-2.6571759440266374,-2.4693567889685157,-4.8587637660154845,-8.19170507823779,-12.632132016548182,-3.8190863389056804,10.069237190071007,6.986632326208381,2.601960089025479,8.819472771608213,3.6319259629651452,2.7938141576632014,1.6534594931006805,-0.002383905752059741,8.582884464969927,12.764073220217854,1.767466153877159,-6.742659049197529,0.26721087919166836,-5.417672145224646,-5.339906567471624,-12.21998811045191,-8.194727983548841,-3.970819940426322,-5.51676372174073,9.476292904618173,-12.280628951880141,10.56871499250289,-11.943806967432534,-7.89965331295451,2.2038946511999185,-1.4714930427819939,1.3437966931346683,2.060178855328631,-15.721044968445492,0.39695682762403045,8.49846462481328,-5.93254023805274,9.16307510616331,11.651446829764097
2.177008196468448,-3.448919330730628,13.178327574437967,3.340131448754889,3.7335779986412767,4.994776780579235,7.342667945932588,15.560071635993266,4.118433953286743,-11.221498802954356,-8.536152251759244,-3.7028820411730297,-8.591141251145977,-4.161502422721403,-3.6154900432423003,-1.8413049884014168,-1.4203166615483003,-10.337096685959072,-13.781640229222779,-1.4053425479269952,7.88106449251436,-0.9716989502740633,7.3288128623888396,4.017516666798101,12.241767298607765,9.204041678734395,2.3301824124145267,7.272810984034555,-11.093380758595917,11.653727358220712,-11.194181822022886,14.033528567725504,6.532231663833911,-1.3191903408673378,2.349031255743824,-0.11402642245816881,-2.2562573003049478,16.34379303723827,0.6960749286296968,-5.93254023805274,6.477368298219456,-9.128791987507183,-14.066318526412154
-2.4417321904935405,4.808023180646547,-18.221481630912255,-4.609982775301148,-4.997183267198827,-7.083727150591358,-10.754103660087477,-21.496236840225695,-5.815830438159806,15.765938117026035,11.83240983357535,5.0237392108906755,12.358718441796963,5.822580312986692,4.945519926635102,2.600128973126786,1.6220807206515164,14.337981391180335,19.47260414112219,2.1092867817221532,-10.990491907883825,1.1992454993098363,-9.979685720115695,-6.08551906211432,-17.48996125785818,-12.911579684862588,-3.7962220222458587,-9.942286231245001,15.426972867325876,-16.867189632595085,15.88439552608587,-19.555992202789277,-9.7288231635375,2.168731540515265,-3.120946775380341,0.48648352804610373,3.1724832764023425,-23.236269732041187,-0.7148121403197197,9.16307510616331,-9.128791987507183,13.104772110220487,19.511638082389904
-5.707437840995432,7.629964431883149,-29.291492938111674,-7.435657676772708,-8.520241471754298,-10.798581992556116,-15.39288842855562,-34.47772437323811,-8.94746763451987,24.494896183889974,18.88198275967781,8.349974961725424,18.274481855881017,9.204079094877542,8.070923384037389,4.040351080894373,3.677796248906639,22.841558873798313,29.94970460307584,2.8808991014223637,-17.281191230992906,2.319508964246446,-16.4757602236998,-8.062745070015996,-26.233122238613596,-20.117873435117573,-4.3516281684177285,-16.318575617696126,24.460244539137907,-24.726426810136985,24.269764442525663,-30.910589730672324,-13.386638406947805,2.425391858024604,-5.430690446693042,-0.24665013631852134,4.891352190690168,-35.2377925616884,-1.970702791702635,11.651446829764097,-14.066318526412154,19.511638082389904,31.116415549824193
