V1,V2,V3,V4,V5,V6,V7,V8,V9,V10,V11,V12,V13,V14,V15,V16,V17,V18,V19,V20,V21,V22,V23,V24,V25,V26,V27,V28,V29,V30,V31,V32,V33,V34,V35,V36,V37,V38,V39,V40,V41,V42,V43
1.2894230580270352,0.2846474855826841,0.13171319358803188,0.02269707244646697,0.19015849382484828,-0.40719200334116346,-0.08475884265412606,0.030363975773225887,0.2663011384091169,0.18547391927729145,0.0788834590000297,-0.35072846827500204,0.25934524188114294,0.22993343746391665,-0.08918159282536767,0.22896941167049278,-0.11714130349677208,-0.3401790863775836,0.5118198940082466,-0.05276398231246784,0.013511015912306051,-0.00929237298285162,0.26529235860136635,-0.14728167894689612,0.035928360163405365,0.09358542484334358,-0.3795494917982587,-0.1885739302901191,0.5689712392653359,0.2553226982134899,0.4038662978825245,0.032896184876628334,-0.34850192483933823,-0.19924653896486297,0.4488845122330157,-0.27292349224704804,0.15554376643292592,-0.6246278125463515,-0.06843389405480003,0.5793165257742539,0.1635721866183552,-0.09340695486505342,-0.13188981394267896
0.2846474855826841,0.48982649809998596,-0.09335754706790489,-0.02300800770819622,0.20971893062288938,-0.3619785113835307,-0.022681105613060075,-0.07878177325843584,0.016463408029574807,-0.04763968440263144,0.288936979179658,0.13558230306159602,0.26342299709513045,0.08019941574637729,-0.3833226978218009,-8.058232722558284e-4,0.06978475008419543,-0.10990524226619992,0.34963371987115055,-0.03877711142113287,0.2300735658146722,0.14217199411539236,0.08959250108871215,-0.07637948420835756,0.10744470009726392,0.05579536690469727,-0.14383236122756443,0.16467293705426456,0.40516005464256394,0.014593299577783091,0.4350346177829398,0.06186767487281347,0.12204189178202257,0.08971532441304944,0.11481973593691477,-0.24240767406087965,0.08092690458762519,0.02048321675494928,-0.14880356727055272,-0.09353992746870814,0.07818921683433733,0.13603086592174554,0.22789325097091137
0.13171319358803188,-0.09335754706790489,1.0245516326828221,-0.049544195565755005,-0.2223672870425807,-0.19107989769814687,-0.04781659466355075,0.2497330926831437,0.06906991423760607,-0.36858179406987246,0.2591754906239385,0.4381321456025878,0.13884647638596131,-0.10289991841092386,-0.10041623512843084,-0.17574202057772842,0.1594360789492507,-0.274927088615025,0.15952452314116097,-0.32096935997147846,0.29546764607889364,-0.44159811744684946,-0.06106155487033048,0.027712759846863368,-0.44938399806170964,0.2607920334120859,0.31679001942744917,0.22360776154486853,0.021462550494051116,-0.173062898465147,-0.40124591799512005,0.4112609488558988,0.2530126720542827,0.30900775679931547,0.3254354990446079,0.12261865195053685,-0.033621276229284944,-0.026067444623099605,0.43007647571315166,0.16325158263327802,0.05756640529199109,0.1349306351861589,-0.4404733253412074
0.02269707244646697,-0.02300800770819622,-0.049544195565755005,0.25612113850964763,0.09764751235353587,-0.18090831065641783,0.14392954748369677,-0.08543198741497567,-0.11857952226833647,-0.02671478717913085,0.24214401638363248,-0.011276994122104107,0.013119382924702338,-0.32240455018256253,0.07878346000850713,-0.18364564769592973,-0.18610306973919788,-0.06038860970866689,-0.13930757686359305,0.20643566281893203,0.013041521351632288,0.1335461119755889,-0.024646156841298936,-0.22048463043816563,-0.0026535734619896416,-0.241207588511315,-0.12495411695274157,0.11360719543453328,-0.2431622550901145,-0.04254811723575484,-0.0169170728102059,-0.07233225394792267,-0.012104673924202914,-0.18622430230906656,-0.19057363866674804,0.2800087367118309,-0.023739835139265378,-0.09826158268110151,0.2092974783060822,0.20113167980811514,-0.026886470500594478,-0.27628908886508424,-0.10940627906881767
0.19015849382484828,0.20971893062288938,-0.2223672870425807,0.09764751235353587,0.5964014855656845,0.03790444634811731,-0.12240789480095964,0.05600719236523009,-0.18610701560801465,0.132538024018247,0.3016431910974534,0.22004805614821485,0.19988118181964173,-0.18243938472749613,-0.20830225360054663,0.028629236323765354,-0.2896591140785279,-0.09731817269091848,0.18437151010701994,0.07192657279164562,-0.08063507572750721,0.4738356134747688,0.11984049104990996,-0.19263627462501975,0.1623403483000894,-0.31175990400262255,-0.2680071338824342,0.33715499853562786,-0.08212166010883586,-0.17318992727214438,0.268521841774569,-0.20105065286841398,-0.3160930075560791,-0.020731324083790525,0.04733969955146872,-0.14224054523215843,0.08873643641115841,-0.00921795486655236,0.03453423468513287,0.3943561606447577,0.1059593549976803,-0.015661103307202193,-0.05561588759534372
-0.40719200334116346,-0.3619785113835307,-0.19107989769814687,-0.18090831065641783,0.03790444634811731,1.1471053954651196,-0.10351649732694244,0.17402348411417762,0.151696187912706,0.09075925954927042,-0.17059343134910493,-0.11453045855614145,-0.05512357754769675,0.20953949274581454,0.2421696805282118,0.2820747834892606,-0.5769509391455934,0.22573137640739208,-0.49659945108872316,-0.17862162873846943,-0.38986136612117817,0.07792468281506576,0.1529822303944968,0.4478008629132211,0.2832900393943574,0.10583244786382313,-0.06013742073603005,-0.20024837695374662,-0.717175050564881,-0.06716688800787197,-0.19807282612468333,-0.04139968764745389,-0.5783693099109355,0.4701160361327587,0.15044382694021394,-0.08726188834207244,-0.11009656532298866,0.4077663915873614,-0.06703050850624716,-0.06733177857201973,0.21035904040195,0.25838961618030537,-0.07246419625380854
-0.08475884265412606,-0.022681105613060075,-0.04781659466355075,0.14392954748369677,-0.12240789480095964,-0.10351649732694244,0.7326297708532951,-0.30731774897990194,0.03768095456953569,0.04240898302750033,-0.1983138623491386,-0.19972863667211174,-0.1131082070622065,-0.4607413109262828,0.266539392521295,-0.5511350325169391,0.004508037399130851,-0.043257286735290904,-0.4448385318429315,0.10052475491400996,-0.1307753189737507,0.15945272977866926,0.09408308805995405,-0.07521114078354761,0.4051836150592721,0.04106032529804329,0.13609992839058055,0.02733571595360484,-0.31964265406827297,0.37802997728341076,-0.08922173962503158,0.12640835068967535,0.39005866126276806,-0.05362604441757487,0.0963121897422984,-0.3777285909725871,0.07347403836686338,0.1480915137693355,-0.01689170934768362,-0.21844452326571565,-0.13886134001803505,-0.4011565125769364,0.06983366878468156
0.030363975773225887,-0.07878177325843584,0.2497330926831437,-0.08543198741497567,0.05600719236523009,0.17402348411417762,-0.30731774897990194,1.1627749035159276,-0.05346168270575621,-0.1667296187849808,-0.40912440545915063,0.30662728811593165,-0.313065197890399,0.2576202840365411,0.00780250192903803,0.29263309849978136,0.39170357636622427,-0.6352113195159107,0.09574423048510032,0.12053367713795154,0.6659307880322577,-0.641620194362029,0.16552689228086417,0.22356132865357417,-0.2093833453564569,0.0028590897927566012,0.210095594483481,0.3631508269756029,-0.15611157387918997,-0.5135965408317545,-0.1255945003021054,0.1097279965665179,0.12306749597984677,0.22545310648444916,0.23173007496937373,-0.2937161228380614,-0.24113784716448194,0.5952336801459664,0.02061817230141395,-0.2732628384248575,0.22507827608190356,-0.0022270148935801272,-0.5810343414454939
0.2663011384091169,0.016463408029574807,0.06906991423760607,-0.11857952226833647,-0.18610701560801465,0.151696187912706,0.03768095456953569,-0.05346168270575621,0.35401353675547653,0.08550163881008006,-0.03865793510725944,-0.24808982886188544,0.047916035924680585,0.268923412314981,0.0364310871680573,0.17285083562225867,0.029492900906791214,-0.014152758753421157,0.03398644995351197,-0.21415830086082993,0.05330964070668925,-0.24550497527358045,0.09363431367482523,0.1965085699904974,0.2668234128671352,0.36073030365390496,-0.12932889076410872,-0.24926847111503125,0.21211300052338564,0.2688418119604916,0.12525192740458096,0.15721520638207834,-0.10422269542807401,0.11742467325769407,0.1056314952221616,-0.04619345201398556,-0.00905255276767271,0.002826443246304266,-0.14890308421830684,-0.06109367568109022,0.19180774936225298,0.0011661891117295204,-0.03130267046873286
0.18547391927729145,-0.04763968440263144,-0.36858179406987246,-0.02671478717913085,0.132538024018247,0.09075925954927042,0.04240898302750033,-0.1667296187849808,0.08550163881008006,0.8990119843609023,-0.17639043791611106,-0.17608585961368647,0.1664281782137485,-0.18651242354916653,0.2747828225933289,0.46768233160824957,0.11084003989385334,-0.02574255363582695,0.23632003654009284,0.12365505181132966,-0.15715420150121454,0.31287931894424403,-0.06844328304809266,-0.23525377482784401,0.2522826267876734,-0.2663855299392948,-0.35540116587888143,0.014698287010006226,0.16070652409754335,0.1498101467307679,0.46231483246545113,-0.3707702853340641,-0.377148452684523,-0.12613712468024624,0.02843641964769977,-0.299515735570686,0.24668608691589566,-0.2830606693801497,-0.16645965487896217,0.30593625638072686,0.11662791041048892,-0.3464687366915657,-0.16686932819613692
0.0788834590000297,0.288936979179658,0.2591754906239385,0.24214401638363248,0.3016431910974534,-0.17059343134910493,-0.1983138623491386,-0.40912440545915063,-0.03865793510725944,-0.17639043791611106,1.989903675715027,0.6794590290924599,0.8673821808439199,-0.09466523915436569,0.060821532223136694,0.20981653466779493,-0.47764125593743384,-0.17039168067392935,0.48322604499199573,-0.3211789229256252,0.22845642833087307,0.2862466288116883,-0.2205913900728509,0.011720084139881345,-0.16175012145899184,-0.15194768355310198,-0.11587246152778005,0.09227795943319599,-0.07301319465250936,-0.19581223815829446,0.18634875039080195,-0.23258343175441992,-0.6138524109776561,-0.07577038846625264,-0.5707025828246484,0.8469527495722221,-0.13175279085742223,-0.34400631923113395,0.6177511938064401,0.5383511437635684,0.415940500152742,-0.1376525003496439,-0.11566159014130252
-0.35072846827500204,0.13558230306159602,0.4381321456025878,-0.011276994122104107,0.22004805614821485,-0.11453045855614145,-0.19972863667211174,0.30662728811593165,-0.24808982886188544,-0.17608585961368647,0.6794590290924599,1.1647638900450539,0.16819505320771705,-0.40348835165353747,-0.30499811799421567,-0.15662619999980024,0.2372750849017822,-0.4122174582053988,0.2378285997662536,-0.09764099714682235,0.4748861551688341,-0.191212635575715,-0.22092932378100497,-0.04729571169932546,-0.4210785604854208,-0.1801975150501747,0.4598904456248431,0.7718593559003937,-0.040853509952768326,-0.48660409310995745,-0.3138569643399379,-0.0981345634489389,0.0737524653668316,0.10189637284100406,0.07205521861084571,-0.006535268935615072,-0.08286625692977939,0.3150358764252141,0.49147344829592743,-0.14955507742757437,0.15991974708617007,0.08895565913636096,-0.4160411524244708
0.25934524188114294,0.26342299709513045,0.13884647638596131,0.013119382924702338,0.19988118181964173,-0.05512357754769675,-0.1131082070622065,-0.313065197890399,0.047916035924680585,0.1664281782137485,0.8673821808439199,0.16819505320771705,1.0706391386994007,0.01046985960822571,0.14269218153365043,0.2379458002864005,-0.3374796293814754,-0.13336398423566617,0.20362882806832502,-0.18908710253535646,0.12162360408034126,0.43312678754248096,0.11407900380178418,-0.20229486824078208,-0.30843355998992456,0.07711833015597247,-0.11617719494084196,0.11525143671441469,0.011834243202696423,-0.1624061291386245,0.3723825749687341,0.0023152580784423548,-0.8079179371546567,0.1730178651564743,-0.09905601107379705,0.07786152683623888,0.08132493274638626,-0.118005978985258,0.28225956842437516,0.40419258226243787,0.24738308803674416,0.18033453588989182,0.16650574871592577
0.22993343746391665,0.08019941574637729,-0.10289991841092386,-0.32240455018256253,-0.18243938472749613,0.20953949274581454,-0.4607413109262828,0.2576202840365411,0.268923412314981,-0.18651242354916653,-0.09466523915436569,-0.40348835165353747,0.01046985960822571,1.2938522046641914,-0.008926542242889692,0.5300070462475114,0.28125418847139483,0.20503561740526213,0.4421674802017391,-0.3935063808565205,0.19421771981013736,-0.4358630742102868,0.0981072869825624,0.5327336736069733,-0.08041146622213528,0.37979957814965504,-0.16262368307209915,-0.7395502851896276,0.6691316450931192,-0.187455715055342,0.4011387236302117,0.1345036580639703,-0.06626484003017873,0.09808314536045196,-0.09944505297667804,-0.011438130112964654,-0.19160056508290763,0.13224757696204148,-0.48345767326423184,0.02616353269216237,0.33852092158682834,0.35999357619193306,0.27579585618508784
-0.08918159282536767,-0.3833226978218009,-0.10041623512843084,0.07878346000850713,-0.20830225360054663,0.2421696805282118,0.266539392521295,0.00780250192903803,0.0364310871680573,0.2747828225933289,0.060821532223136694,-0.30499811799421567,0.14269218153365043,-0.008926542242889692,1.0210098824120664,0.19132130477024464,0.08094516620828995,-0.21251539761313573,-0.156906133439422,0.030296500708600377,-0.10210009269979077,0.018763324113622724,0.0368058542066595,0.14565884827295436,0.09762116000435977,0.0028416756920832593,0.2710179630272157,-0.32069053523503194,-0.4446006166948626,0.14572824758136432,-0.13708491064289638,-0.20758961626505282,-0.3925499664095711,-0.21145743401610353,-0.3989896888570185,0.012536330809566764,-0.10961842736260423,-0.09056986801557428,0.10315675230607631,0.07784156301934399,-0.04992224339606757,-0.4799705870626106,-0.09588022881932699
0.22896941167049278,-8.058232722558284e-4,-0.17574202057772842,-0.18364564769592973,0.028629236323765354,0.2820747834892606,-0.5511350325169391,0.29263309849978136,0.17285083562225867,0.46768233160824957,0.20981653466779493,-0.15662619999980024,0.2379458002864005,0.5300070462475114,0.19132130477024464,1.3575045793693754,-0.02127670522794125,-0.12698336282543413,0.5147911204584673,-0.06278157239587588,0.03817421358404876,0.21992066232130197,-0.13463204764257233,0.3027380541432085,-0.08203944642413125,-0.0539499993591212,-0.15677706899688884,-0.3635631939055076,0.24955485453886173,0.23557818733334346,0.3135893293942155,-0.3270309834374564,-0.6519799152556977,-0.11558428491661417,-0.12645961589320828,0.10826099585140166,0.06180037402963246,-0.3326826524253954,-0.2272044807017084,-0.059239668255282686,0.2966134410506463,0.00479569721577508,-0.13381584601429736
-0.11714130349677208,0.06978475008419543,0.1594360789492507,-0.18610306973919788,-0.2896591140785279,-0.5769509391455934,0.004508037399130851,0.39170357636622427,0.029492900906791214,0.11084003989385334,-0.47764125593743384,0.2372750849017822,-0.3374796293814754,0.28125418847139483,0.08094516620828995,-0.02127670522794125,1.4528172411390496,-0.3334308341913827,0.6155509878322609,-0.11596818421434808,0.7026740658438474,-0.7104628068193053,-0.16854004540060039,0.07011033006191622,-0.0015645501521227383,0.2116313790722783,0.47201151964717714,0.1532816797050658,0.9576176478293319,-0.08141104749452117,0.12428185228064093,0.08794839007650314,0.8161698950477723,-0.24382545753390214,-0.2041762890367653,-0.4049138609203282,-0.05419457859262227,0.32885602841218525,-0.3156969421278361,-0.4457778198405753,-0.04534196445833491,-0.2804530008564139,-0.16111420565092266
-0.3401790863775836,-0.10990524226619992,-0.274927088615025,-0.06038860970866689,-0.09731817269091848,0.22573137640739208,-0.043257286735290904,-0.6352113195159107,-0.014152758753421157,-0.02574255363582695,-0.17039168067392935,-0.4122174582053988,-0.13336398423566617,0.20503561740526213,-0.21251539761313573,-0.12698336282543413,-0.3334308341913827,0.8738695036478376,-0.12650465871675173,-0.12483861982723213,-0.6511836847108946,0.34835881625294385,-0.14257164618481286,0.019883938100526098,0.09287678631714436,-0.06618283809515565,-0.3326259566790228,-0.4909755178860935,0.09195569752098832,0.06801588129387434,0.11630979335467588,0.013219919079173447,0.1371182472480937,0.1286292574319971,-0.08698197838024813,0.2860775960840044,0.11732068098568763,-0.23603651605005185,-0.2620097758392643,0.2134494543660675,-0.1994726065243953,0.33821870100626894,0.5118549764079283
0.5118198940082466,0.34963371987115055,0.15952452314116097,-0.13930757686359305,0.18437151010701994,-0.49659945108872316,-0.4448385318429315,0.09574423048510032,0.03398644995351197,0.23632003654009284,0.48322604499199573,0.2378285997662536,0.20362882806832502,0.4421674802017391,-0.156906133439422,0.5147911204584673,0.6155509878322609,-0.12650465871675173,1.3006424817454374,-0.33062629675320265,0.24164185066857555,-0.09712691164353732,-0.1588730334110936,0.04881875607972998,0.018073450983995418,-0.07918401712373163,-0.17730534387501753,-0.07726222413330154,1.0303405577134852,-0.1689743043974979,0.6612742333487004,-0.14207383428907988,0.1808837422837039,0.051795013994833404,-0.01983278704516165,-0.10449646615478972,0.1208099677895542,-0.48967379065582933,-0.22870909797260547,0.43537937588808956,0.07554551130717473,0.02986346899071437,-0.068249682959102
-0.05276398231246784,-0.03877711142113287,-0.32096935997147846,0.20643566281893203,0.07192657279164562,-0.17862162873846943,0.10052475491400996,0.12053367713795154,-0.21415830086082993,0.12365505181132966,-0.3211789229256252,-0.09764099714682235,-0.18908710253535646,-0.3935063808565205,0.030296500708600377,-0.06278157239587588,-0.11596818421434808,-0.12483861982723213,-0.33062629675320265,0.5202898543489597,0.022166671855566044,0.14964465943746286,4.533390915080918e-4,-0.3103330049353469,-0.12571237527214027,-0.3508968614196174,-0.062414783417859825,0.22229526510761005,-0.3252055806399821,-0.032951892724572406,-0.07030515671737014,-0.18939516361557396,-0.003977235285773664,-0.27904173773634966,-0.061848470471987285,0.03339494330218241,0.016885946833460622,-0.0168965943647991,0.07634678879468329,-0.13396671845866226,-0.15754483201567696,-0.22296044165330203,-0.05005581934947586
0.013511015912306051,0.2300735658146722,0.29546764607889364,0.013041521351632288,-0.08063507572750721,-0.38986136612117817,-0.1307753189737507,0.6659307880322577,0.05330964070668925,-0.15715420150121454,0.22845642833087307,0.4748861551688341,0.12162360408034126,0.19421771981013736,-0.10210009269979077,0.03817421358404876,0.7026740658438474,-0.6511836847108946,0.24164185066857555,0.022166671855566044,1.107457446016026,-0.7675520159699272,0.029704818200847853,-0.022058619234602485,-0.23862937264599493,0.18618714971372266,0.12994174824012142,0.46589221587262303,0.31692072442275093,-0.48241989602263424,0.17300107264721895,0.1985022176196863,0.24709092559589857,0.025864394430802948,-0.1966310681743635,0.03722754942604053,-0.25899081733815904,0.624177676738081,0.14746021131558182,-0.288701856138832,0.40745608912329856,-0.18540710980062125,-0.41777605451395056
-0.00929237298285162,0.14217199411539236,-0.44159811744684946,0.1335461119755889,0.4738356134747688,0.07792468281506576,0.15945272977866926,-0.641620194362029,-0.24550497527358045,0.31287931894424403,0.2862466288116883,-0.191212635575715,0.43312678754248096,-0.4358630742102868,0.018763324113622724,0.21992066232130197,-0.7104628068193053,0.34835881625294385,-0.09712691164353732,0.14964465943746286,-0.7675520159699272,1.3628482226317171,-0.011517879973609119,-0.24182119212760844,0.13595619848849003,-0.4384235258497905,-0.15296093546830683,-0.04493042713749243,-0.3067007174274774,0.4427983556942275,0.1871613457127701,-0.3108733395950147,-0.4752699322852209,-0.1907383389307102,0.00503589280844771,-0.17267017065941537,0.3619640318945507,-0.4413184394644498,-0.06923470129536158,0.22525218322953022,-0.22625419017831858,0.012986315843375852,0.4566054973142315
0.26529235860136635,0.08959250108871215,-0.06106155487033048,-0.024646156841298936,0.11984049104990996,0.1529822303944968,0.09408308805995405,0.16552689228086417,0.09363431367482523,-0.06844328304809266,-0.2205913900728509,-0.22092932378100497,0.11407900380178418,0.0981072869825624,0.0368058542066595,-0.13463204764257233,-0.16854004540060039,-0.14257164618481286,-0.1588730334110936,4.533390915080918e-4,0.029704818200847853,-0.011517879973609119,0.3438424536013232,0.022101332281657074,0.20880726862673576,0.19607599616398985,-0.10551405114819865,0.04195177325399163,-0.16221462579399865,-0.02394432314779501,0.13272376451214124,0.17686374508595978,-0.17074782196604066,0.232061388396229,0.20621811649425612,-0.3106062215774541,-0.027980561166988053,0.22407858537875117,-0.09845075627427245,0.028861897129648977,0.03816657001201869,0.10329684173522312,0.07830932167627946
-0.14728167894689612,-0.07637948420835756,0.027712759846863368,-0.22048463043816563,-0.19263627462501975,0.4478008629132211,-0.07521114078354761,0.22356132865357417,0.1965085699904974,-0.23525377482784401,0.011720084139881345,-0.04729571169932546,-0.20229486824078208,0.5327336736069733,0.14565884827295436,0.3027380541432085,0.07011033006191622,0.019883938100526098,0.04881875607972998,-0.3103330049353469,-0.022058619234602485,-0.24182119212760844,0.022101332281657074,0.6338160581776279,0.2088140138313972,0.3038450449167312,0.2772716844808032,-0.3977404846690677,-9.928274273336057e-4,0.17298876152147882,-0.1465491777573872,0.07542261791845502,0.06904428950681403,0.17940392042795666,0.04244322018048187,-0.14465051505115967,-0.15811638315045934,0.22799475095384142,-0.2320247619775374,-0.42803610738465786,0.11788313924234271,0.15130125277599643,0.06134049607456928
0.035928360163405365,0.10744470009726392,-0.44938399806170964,-0.0026535734619896416,0.1623403483000894,0.2832900393943574,0.4051836150592721,-0.2093833453564569,0.2668234128671352,0.2522826267876734,-0.16175012145899184,-0.4210785604854208,-0.30843355998992456,-0.08041146622213528,0.09762116000435977,-0.08203944642413125,-0.0015645501521227383,0.09287678631714436,0.018073450983995418,-0.12571237527214027,-0.23862937264599493,0.13595619848849003,0.20880726862673576,0.2088140138313972,1.3134400977584357,0.2527716748149239,-0.3724002173149938,-0.11705021764845143,-0.0626979250106008,0.5786915695007606,0.3910673425186866,0.015708160593308977,0.23371858983735444,0.20099764889550822,-0.11557994133795649,-0.2606472228288875,0.060156926584422815,0.11300448844561935,-0.48200035187022133,-0.11516313512345266,-0.026398686706828333,-0.33757868386268647,0.11309244895559922
0.09358542484334358,0.05579536690469727,0.2607920334120859,-0.241207588511315,-0.31175990400262255,0.10583244786382313,0.04106032529804329,0.0028590897927566012,0.36073030365390496,-0.2663855299392948,-0.15194768355310198,-0.1801975150501747,0.07711833015597247,0.37979957814965504,0.0028416756920832593,-0.0539499993591212,0.2116313790722783,-0.06618283809515565,-0.07918401712373163,-0.3508968614196174,0.18618714971372266,-0.4384235258497905,0.19607599616398985,0.3038450449167312,0.2527716748149239,0.7667995097162262,0.20146371282794348,-0.1768192870945111,0.2076689088137509,0.3268578129301657,-0.11909026230671022,0.3937980221116909,0.02363826749082128,0.2273468034533428,0.00937488435997987,-0.05257541080620543,-0.1019414979212449,0.23183516378600397,-0.16012649619614042,-0.384788238196089,0.043130201399743474,0.24008827497095173,0.18327890508935848
-0.3795494917982587,-0.14383236122756443,0.31679001942744917,-0.12495411695274157,-0.2680071338824342,-0.06013742073603005,0.13609992839058055,0.210095594483481,-0.12932889076410872,-0.35540116587888143,-0.11587246152778005,0.4598904456248431,-0.11617719494084196,-0.16262368307209915,0.2710179630272157,-0.15677706899688884,0.47201151964717714,-0.3326259566790228,-0.17730534387501753,-0.062414783417859825,0.12994174824012142,-0.15296093546830683,-0.10551405114819865,0.2772716844808032,-0.3724002173149938,0.20146371282794348,1.094578816240141,0.16678656035694955,-0.08076042185048853,0.21877920438544385,-0.78429581050037,0.038356789161246824,0.2002436115977275,-0.2532062386493113,0.00991238795142534,-0.31873711328948606,-0.09514576266874519,0.26373180701120846,0.16709878336154932,-0.8014024255228634,-0.27499011344686847,0.04138882440184959,0.022369341312267973
-0.1885739302901191,0.16467293705426456,0.22360776154486853,0.11360719543453328,0.33715499853562786,-0.20024837695374662,0.02733571595360484,0.3631508269756029,-0.24926847111503125,0.014698287010006226,0.09227795943319599,0.7718593559003937,0.11525143671441469,-0.7395502851896276,-0.32069053523503194,-0.3635631939055076,0.1532816797050658,-0.4909755178860935,-0.07726222413330154,0.22229526510761005,0.46589221587262303,-0.04493042713749243,0.04195177325399163,-0.3977404846690677,-0.11705021764845143,-0.1768192870945111,0.16678656035694955,1.0175445549806224,-0.2555293582529754,-0.38233113686968323,-0.13299945864462753,0.026326045892385016,0.07723878192604769,0.16510855318293288,0.15562649867230902,-0.18966924022264472,0.021102720360608472,0.4350330233403227,0.37008983808996865,-0.11507130645279373,0.0072959668580645605,-0.045699518729634465,-0.3964142352219365
0.5689712392653359,0.40516005464256394,0.021462550494051116,-0.2431622550901145,-0.08212166010883586,-0.717175050564881,-0.31964265406827297,-0.15611157387918997,0.21211300052338564,0.16070652409754335,-0.07301319465250936,-0.040853509952768326,0.011834243202696423,0.6691316450931192,-0.4446006166948626,0.24955485453886173,0.9576176478293319,0.09195569752098832,1.0303405577134852,-0.3252055806399821,0.31692072442275093,-0.3067007174274774,-0.16221462579399865,-9.928274273336057e-4,-0.0626979250106008,0.2076689088137509,-0.08076042185048853,-0.2555293582529754,1.6030703070777819,0.11897065482673592,0.579323573457504,0.05283427507157733,0.42794647514989287,-0.3182264634818306,0.020867613556602042,-0.23140038978894142,0.1525772615150808,-0.3057515605478835,-0.48594538945372906,0.07311821801621195,0.09474357259798206,0.10279260791194063,0.20088089493210476
0.2553226982134899,0.014593299577783091,-0.173062898465147,-0.04254811723575484,-0.17318992727214438,-0.06716688800787197,0.37802997728341076,-0.5135965408317545,0.2688418119604916,0.1498101467307679,-0.19581223815829446,-0.48660409310995745,-0.1624061291386245,-0.187455715055342,0.14572824758136432,0.23557818733334346,-0.08141104749452117,0.06801588129387434,-0.1689743043974979,-0.032951892724572406,-0.48241989602263424,0.4427983556942275,-0.02394432314779501,0.17298876152147882,0.5786915695007606,0.3268578129301657,0.21877920438544385,-0.38233113686968323,0.11897065482673592,1.2371553399048605,-0.24206977152208348,-0.04620552099035036,-0.01775078673686537,-0.4694221502118547,-0.012744539973273298,-0.14021152730285855,0.21810873117347182,-0.46673648625097147,-0.28374842032071573,-0.5023402773420051,-0.24548772648506934,-0.26040572715727367,0.2818213562124004
0.4038662978825245,0.4350346177829398,-0.40124591799512005,-0.0169170728102059,0.268521841774569,-0.19807282612468333,-0.08922173962503158,-0.1255945003021054,0.12525192740458096,0.46231483246545113,0.18634875039080195,-0.3138569643399379,0.3723825749687341,0.4011387236302117,-0.13708491064289638,0.3135893293942155,0.12428185228064093,0.11630979335467588,0.6612742333487004,-0.07030515671737014,0.17300107264721895,0.1871613457127701,0.13272376451214124,-0.1465491777573872,0.3910673425186866,-0.11909026230671022,-0.78429581050037,-0.13299945864462753,0.579323573457504,-0.24206977152208348,1.1462972978626988,-0.03916304965737081,-0.001699416055445563,0.3044552541344258,-0.019384633652990986,-0.24738525633111133,0.13791884030735835,-0.0650683540812151,-0.43076055574935723,0.47422903072813355,0.2645503491377861,-0.032295890389623966,0.1976209029509698
0.032896184876628334,0.06186767487281347,0.4112609488558988,-0.07233225394792267,-0.20105065286841398,-0.04139968764745389,0.12640835068967535,0.1097279965665179,0.15721520638207834,-0.3707702853340641,-0.23258343175441992,-0.0981345634489389,0.0023152580784423548,0.1345036580639703,-0.20758961626505282,-0.3270309834374564,0.08794839007650314,0.013219919079173447,-0.14207383428907988,-0.18939516361557396,0.1985022176196863,-0.3108733395950147,0.17686374508595978,0.07542261791845502,0.015708160593308977,0.3937980221116909,0.038356789161246824,0.026326045892385016,0.05283427507157733,-0.04620552099035036,-0.03916304965737081,0.5162425860323318,0.3706556965474436,0.4094701581770758,0.2530355485771523,-0.10612727594335777,-0.04390793146849933,0.32899330112996134,-0.042992768021299366,-0.13999764681572652,0.0034086229687575816,0.2402919048814553,0.04041276440982036
-0.34850192483933823,0.12204189178202257,0.2530126720542827,-0.012104673924202914,-0.3160930075560791,-0.5783693099109355,0.39005866126276806,0.12306749597984677,-0.10422269542807401,-0.377148452684523,-0.6138524109776561,0.0737524653668316,-0.8079179371546567,-0.06626484003017873,-0.3925499664095711,-0.6519799152556977,0.8161698950477723,0.1371182472480937,0.1808837422837039,-0.003977235285773664,0.24709092559589857,-0.4752699322852209,-0.17074782196604066,0.06904428950681403,0.23371858983735444,0.02363826749082128,0.2002436115977275,0.07723878192604769,0.42794647514989287,-0.01775078673686537,-0.001699416055445563,0.3706556965474436,1.6154505082785124,0.18117564423299162,0.20156313910712265,-0.34568137959818535,0.013360644856078437,0.2863647042523401,-0.3311319322740216,-0.4938493129624311,-0.3238069836630854,-0.10955567660229258,0.035832530967867156
-0.19924653896486297,0.08971532441304944,0.30900775679931547,-0.18622430230906656,-0.020731324083790525,0.4701160361327587,-0.05362604441757487,0.22545310648444916,0.11742467325769407,-0.12613712468024624,-0.07577038846625264,0.10189637284100406,0.1730178651564743,0.09808314536045196,-0.21145743401610353,-0.11558428491661417,-0.24382545753390214,0.1286292574319971,0.051795013994833404,-0.27904173773634966,0.025864394430802948,-0.1907383389307102,0.232061388396229,0.17940392042795666,0.20099764889550822,0.2273468034533428,-0.2532062386493113,0.16510855318293288,-0.3182264634818306,-0.4694221502118547,0.3044552541344258,0.4094701581770758,0.18117564423299162,1.1847596503009645,0.5090762347854666,-0.298968234023253,-0.003202808371404127,0.4081554674128632,-0.07521803369088725,0.03874028566257724,0.028217939614898924,0.5554410741304314,0.020091783011229658
0.4488845122330157,0.11481973593691477,0.3254354990446079,-0.19057363866674804,0.04733969955146872,0.15044382694021394,0.0963121897422984,0.23173007496937373,0.1056314952221616,0.02843641964769977,-0.5707025828246484,0.07205521861084571,-0.09905601107379705,-0.09944505297667804,-0.3989896888570185,-0.12645961589320828,-0.2041762890367653,-0.08698197838024813,-0.01983278704516165,-0.061848470471987285,-0.1966310681743635,0.00503589280844771,0.20621811649425612,0.04244322018048187,-0.11557994133795649,0.00937488435997987,0.00991238795142534,0.15562649867230902,0.020867613556602042,-0.012744539973273298,-0.019384633652990986,0.2530355485771523,0.20156313910712265,0.5090762347854666,1.1297684324940573,-0.8950892969655008,0.2233876972107837,0.03017112080821472,-0.09359739487760461,-0.0441516935793546,-0.014107724505428963,0.37970236342934477,-0.13620729642319143
-0.27292349224704804,-0.24240767406087965,0.12261865195053685,0.2800087367118309,-0.14224054523215843,-0.08726188834207244,-0.3777285909725871,-0.2937161228380614,-0.04619345201398556,-0.299515735570686,0.8469527495722221,-0.006535268935615072,0.07786152683623888,-0.011438130112964654,0.012536330809566764,0.10826099585140166,-0.4049138609203282,0.2860775960840044,-0.10449646615478972,0.03339494330218241,0.03722754942604053,-0.17267017065941537,-0.3106062215774541,-0.14465051505115967,-0.2606472228288875,-0.05257541080620543,-0.31873711328948606,-0.18966924022264472,-0.23140038978894142,-0.14021152730285855,-0.24738525633111133,-0.10612727594335777,-0.34568137959818535,-0.298968234023253,-0.8950892969655008,1.5658998733540825,-0.23987864339991727,-0.40848029508202943,0.474737239426588,0.4388116391553215,0.06266080100510835,-0.08992573875956414,-0.10493252099034592
0.15554376643292592,0.08092690458762519,-0.033621276229284944,-0.023739835139265378,0.08873643641115841,-0.11009656532298866,0.07347403836686338,-0.24113784716448194,-0.00905255276767271,0.24668608691589566,-0.13175279085742223,-0.08286625692977939,0.08132493274638626,-0.19160056508290763,-0.10961842736260423,0.06180037402963246,-0.05419457859262227,0.11732068098568763,0.1208099677895542,0.016885946833460622,-0.25899081733815904,0.3619640318945507,-0.027980561166988053,-0.15811638315045934,0.060156926584422815,-0.1019414979212449,-0.09514576266874519,0.021102720360608472,0.1525772615150808,0.21810873117347182,0.13791884030735835,-0.04390793146849933,0.013360644856078437,-0.003202808371404127,0.2233876972107837,-0.23987864339991727,0.2313244928512535,-0.26553538977874414,-0.10145536344537409,0.10360473760896471,-0.12205321779893397,0.023320382055639674,0.09488614732182224
-0.6246278125463515,0.02048321675494928,-0.026067444623099605,-0.09826158268110151,-0.00921795486655236,0.4077663915873614,0.1480915137693355,0.5952336801459664,0.002826443246304266,-0.2830606693801497,-0.34400631923113395,0.3150358764252141,-0.118005978985258,0.13224757696204148,-0.09056986801557428,-0.3326826524253954,0.32885602841218525,-0.23603651605005185,-0.48967379065582933,-0.0168965943647991,0.624177676738081,-0.4413184394644498,0.22407858537875117,0.22799475095384142,0.11300448844561935,0.23183516378600397,0.26373180701120846,0.4350330233403227,-0.3057515605478835,-0.46673648625097147,-0.0650683540812151,0.32899330112996134,0.2863647042523401,0.4081554674128632,0.03017112080821472,-0.40848029508202943,-0.26553538977874414,1.2690972264895122,-0.08369715669318185,-0.6347696656561158,0.29704252881109217,0.09627152590119491,-0.12328506156436626
-0.06843389405480003,-0.14880356727055272,0.43007647571315166,0.2092974783060822,0.03453423468513287,-0.06703050850624716,-0.01689170934768362,0.02061817230141395,-0.14890308421830684,-0.16645965487896217,0.6177511938064401,0.49147344829592743,0.28225956842437516,-0.48345767326423184,0.10315675230607631,-0.2272044807017084,-0.3156969421278361,-0.2620097758392643,-0.22870909797260547,0.07634678879468329,0.14746021131558182,-0.06923470129536158,-0.09845075627427245,-0.2320247619775374,-0.48200035187022133,-0.16012649619614042,0.16709878336154932,0.37008983808996865,-0.48594538945372906,-0.28374842032071573,-0.43076055574935723,-0.042992768021299366,-0.3311319322740216,-0.07521803369088725,-0.09359739487760461,0.474737239426588,-0.10145536344537409,-0.08369715669318185,0.6770532731463166,0.280666231339054,0.07696646905584412,-0.10209596570198877,-0.3740852860477779
0.5793165257742539,-0.09353992746870814,0.16325158263327802,0.20113167980811514,0.3943561606447577,-0.06733177857201973,-0.21844452326571565,-0.2732628384248575,-0.06109367568109022,0.30593625638072686,0.5383511437635684,-0.14955507742757437,0.40419258226243787,0.02616353269216237,0.07784156301934399,-0.059239668255282686,-0.4457778198405753,0.2134494543660675,0.43537937588808956,-0.13396671845866226,-0.288701856138832,0.22525218322953022,0.028861897129648977,-0.42803610738465786,-0.11516313512345266,-0.384788238196089,-0.8014024255228634,-0.11507130645279373,0.07311821801621195,-0.5023402773420051,0.47422903072813355,-0.13999764681572652,-0.4938493129624311,0.03874028566257724,-0.0441516935793546,0.4388116391553215,0.10360473760896471,-0.6347696656561158,0.280666231339054,1.5327152314543147,0.20695730613079485,-0.12541068181253917,-0.26911079846215863
0.1635721866183552,0.07818921683433733,0.05756640529199109,-0.026886470500594478,0.1059593549976803,0.21035904040195,-0.13886134001803505,0.22507827608190356,0.19180774936225298,0.11662791041048892,0.415940500152742,0.15991974708617007,0.24738308803674416,0.33852092158682834,-0.04992224339606757,0.2966134410506463,-0.04534196445833491,-0.1994726065243953,0.07554551130717473,-0.15754483201567696,0.40745608912329856,-0.22625419017831858,0.03816657001201869,0.11788313924234271,-0.026398686706828333,0.043130201399743474,-0.27499011344686847,0.0072959668580645605,0.09474357259798206,-0.24548772648506934,0.2645503491377861,0.0034086229687575816,-0.3238069836630854,0.028217939614898924,-0.014107724505428963,0.06266080100510835,-0.12205321779893397,0.29704252881109217,0.07696646905584412,0.20695730613079485,0.6189655778483104,-0.11929940719059137,-0.33283262779667927
-0.09340695486505342,0.13603086592174554,0.1349306351861589,-0.27628908886508424,-0.015661103307202193,0.25838961618030537,-0.4011565125769364,-0.0022270148935801272,0.0011661891117295204,-0.3464687366915657,-0.1376525003496439,0.08895565913636096,0.18033453588989182,0.35999357619193306,-0.4799705870626106,0.00479569721577508,-0.2804530008564139,0.33821870100626894,0.02986346899071437,-0.22296044165330203,-0.18540710980062125,0.012986315843375852,0.10329684173522312,0.15130125277599643,-0.33757868386268647,0.24008827497095173,0.04138882440184959,-0.045699518729634465,0.10279260791194063,-0.26040572715727367,-0.032295890389623966,0.2402919048814553,-0.10955567660229258,0.5554410741304314,0.37970236342934477,-0.08992573875956414,0.023320382055639674,0.09627152590119491,-0.10209596570198877,-0.12541068181253917,-0.11929940719059137,0.8802415725707752,0.4084915936402332
-0.13188981394267896,0.22789325097091137,-0.4404733253412074,-0.10940627906881767,-0.05561588759534372,-0.07246419625380854,0.06983366878468156,-0.5810343414454939,-0.03130267046873286,-0.16686932819613692,-0.11566159014130252,-0.4160411524244708,0.16650574871592577,0.27579585618508784,-0.09588022881932699,-0.13381584601429736,-0.16111420565092266,0.5118549764079283,-0.068249682959102,-0.05005581934947586,-0.41777605451395056,0.4566054973142315,0.07830932167627946,0.06134049607456928,0.11309244895559922,0.18327890508935848,0.022369341312267973,-0.3964142352219365,0.20088089493210476,0.2818213562124004,0.1976209029509698,0.04041276440982036,0.035832530967867156,0.020091783011229658,-0.13620729642319143,-0.10493252099034592,0.09488614732182224,-0.12328506156436626,-0.3740852860477779,-0.26911079846215863,-0.33283262779667927,0.4084915936402332,0.885688849784427
