V1,V2,V3,V4,V5,V6,V7,V8,V9,V10,V11,V12,V13,V14,V15,V16,V17,V18,V19,V20,V21,V22,V23,V24,V25,V26,V27,V28,V29,V30,V31,V32,V33,V34,V35,V36,V37,V38,V39,V40,V41,V42,V43
1385.8692213427792,-1952.7129316429944,-1748.3717922703418,229.11032864314717,-197.81066463951174,-674.5150163392242,-114.02288280305122,288.65808955955777,-1166.2088948652577,-558.5316132755031,113.0027971822434,2084.7668757620454,-1797.0397219071992,628.0799574673684,547.59927856444,1185.899730864941,710.4477143289271,242.41705955912803,-641.7753596110358,430.32152637744935,2268.4288527488166,415.6925609069232,86.08273172783584,969.4050369085634,-367.5038594722077,-668.3859374357156,1264.7031753775893,-2160.357095222043,-81.69530042372278,-832.959318138252,-648.3512701346883,-357.3539845785426,957.6524849928132,-1120.5096310372405,-276.5855969193389,-185.2617996917672,1090.2744247296428,-626.7125405245375,-774.631555575781,-16.016341532096977,-684.826285255183,106.34675462533909,1350.8486176983556
-1952.7129316429944,2754.9102641261984,2464.0548635761616,-323.05201341576566,278.985541885892,948.641716115046,161.50607981802807,-406.5250175868793,1643.1994417975352,786.2231428125696,-160.84715203871494,-2936.7484096149965,2531.097354894868,-884.3889783115701,-771.648123506912,-1673.057903315076,-1001.1471917506987,-342.59912137709784,904.8790942207447,-606.7490987870253,-3195.5631171710547,-585.0231510181604,-122.42903644473606,-1366.4308198997928,517.959236866323,942.1409751515909,-1782.0031797657941,3043.888957966346,115.75525445414101,1175.4880471482168,914.7325094459472,502.51165327375816,-1347.4988769743716,1579.5553189949533,391.3147852268703,261.42609117429765,-1537.0839915542665,884.0544871772848,1093.0854496427642,22.826540215784192,965.2454974652767,-148.94982093811228,-1904.1937935522733
-1748.3717922703418,2464.0548635761616,2208.0031893019855,-289.3973041008005,248.65114446876004,850.4625982583052,145.0722279434671,-363.3399463378477,1472.6659338259205,704.5327553103109,-143.59678504094086,-2631.100847138407,2268.3932091698334,-792.5739698400353,-690.4516504611996,-1497.7757895218108,-896.3527854558012,-306.7377467902824,810.0025079246129,-542.7658643228393,-2863.165598976766,-524.9621742400512,-108.6130592533131,-1223.7123122324595,464.1930711671883,844.2125175433698,-1596.815632440773,2726.9273558844284,103.67361646087056,1052.0055704493489,818.4720334505759,450.84104966620816,-1208.8122424049518,1415.6993937128857,349.8850432903846,234.38956873549597,-1375.4329229492985,791.8134420091981,979.2897188360837,20.134212759490588,864.4543712992973,-134.20385482189806,-1705.199797872645
229.11032864314717,-323.05201341576566,-289.3973041008005,37.96513308631467,-32.56580303774869,-111.35919789431404,-19.070457759148827,47.576647343484915,-193.0125198659695,-92.2841727327609,18.93746710438987,344.72569120197335,-297.2130270814786,103.83508131550931,90.45405007638506,196.40370161120504,117.45936271808759,40.25931045496565,-106.18354094731195,71.13669605813381,375.1636808188212,68.7608862179595,14.293565601082657,160.39424051224933,-60.84989781010774,-110.67756135769743,209.27816846527247,-357.3603075975787,-13.633527030994657,-137.96129603044935,-107.32884972426599,-59.02498303975533,158.3404710133677,-185.5968677327948,-45.95129160955561,-30.770395024663326,180.27056318542995,-103.81444427714595,-128.45077137909777,-2.6364807929181167,-113.29703169994764,17.543975533404485,223.5133491338146
-197.81066463951174,278.985541885892,248.65114446876004,-32.56580303774869,28.67805755935743,96.25122817258958,15.855374450429615,-41.54522683589197,165.8623468306784,79.6802161552208,-15.875997957510402,-297.0885930659844,255.84650439406389,-89.49687774470398,-78.371362457163,-168.83907634930108,-101.40037563583186,-34.34918289980388,91.53405215931774,-61.54354434686004,-323.1431195346141,-59.01899108454163,-12.424906914817129,-138.11229290579317,52.23172890709075,95.01877127310976,-179.96681970055516,307.73365883981626,11.482126776352597,118.6422435994567,92.48179669666177,50.87306363679498,-136.15624264935954,159.12600406554557,39.295501949823404,26.20481652203423,-155.77217427505443,89.08727869011884,109.90064004300812,2.3696017282095845,97.57976002371181,-15.037186437172773,-192.50215347250654
-674.5150163392242,948.641716115046,850.4625982583052,-111.35919789431404,96.25122817258958,329.2911584695572,54.90793004019755,-140.7077371066039,567.5240542891191,272.2963184747284,-54.001991574111955,-1015.0789290253163,875.1133936613647,-305.99702807403304,-266.6027515481546,-575.9395090808521,-345.775501065331,-117.35536795386452,312.0306237835116,-209.31925898372222,-1104.429405311429,-202.64919445403316,-41.24943507380246,-471.4555192248138,178.74333771108329,325.06310561958844,-615.4725222597438,1051.476842075205,39.356691415058,404.36388527143316,314.92576654127424,174.49037877059345,-467.0357944958109,544.7432572619324,133.73330090388765,89.8965513060762,-530.2611762765016,304.3805537043104,375.95779631508685,7.690335815799406,333.0910677472705,-52.19668356821164,-656.9877422937783
-114.02288280305122,161.50607981802807,145.0722279434671,-19.070457759148827,15.855374450429615,54.90793004019755,10.17499175640892,-23.27817634830218,96.60377457481354,45.716803725825955,-10.15173528403934,-171.78307739117938,148.2281987552075,-51.64816581537897,-44.80978045799098,-98.77483894588855,-58.479653388767034,-20.594911752198264,53.07999651727624,-35.35992277247047,-187.08495200672044,-34.32595308964642,-7.341302224127865,-80.24387040560813,30.521083872132696,55.5229447928868,-104.66549624792216,178.37969988298414,7.150150324293375,69.44043745254368,53.794161551126955,29.18439678525423,-78.74994077524018,93.38015699872689,23.4904773745752,15.650330946742967,-89.79937790579918,52.33827596155362,65.06615454568667,1.3008173079309904,56.65094918691195,-8.621828399333793,-111.74231265117326
288.65808955955777,-406.5250175868793,-363.3399463378477,47.576647343484915,-41.54522683589197,-140.7077371066039,-23.27817634830218,60.446549508880715,-242.41917925813223,-116.41086733778943,23.10034031004,433.95618297652635,-373.9045462829319,130.77126238687237,114.24594769726653,246.37566118242611,147.97299021691862,50.14400105219274,-133.54150765753093,89.70411731054105,472.0712838554906,86.41255511995028,17.88171315697058,201.62694336497503,-76.34466040091328,-138.8595570431519,262.9722632096405,-449.4900929218047,-16.778790079839915,-173.0523779393919,-134.84813376700524,-74.4642445401949,199.26709775448145,-232.60341290500597,-57.257432379349645,-38.330309170206846,227.1217430817104,-130.09709366823543,-160.5675081433857,-3.3796199436646877,-142.456324746077,22.140037579566545,281.01080334699543
-1166.2088948652577,1643.1994417975352,1472.6659338259205,-193.0125198659695,165.8623468306784,567.5240542891191,96.60377457481354,-242.41917925813223,982.3028932601528,470.075394747365,-95.54346609904714,-1755.1212744366946,1513.2036585951962,-528.7530568441078,-460.58960995893085,-998.7709082735419,-597.888206048587,-204.446764092152,540.2210621400563,-362.0289518646718,-1909.909041979872,-350.2345087976097,-72.28969225388006,-816.1439351875567,309.6104350610847,563.0647036286211,-1065.1035748795675,1818.9539802152951,69.05682144333859,701.4637443667618,545.8126688749181,300.86057651472777,-806.5385105769984,944.1534041545185,233.19582706473136,156.2980199911268,-917.3785910656416,527.9854632767285,652.948136692103,13.416222177745482,576.5554627100627,-89.61102279003855,-1137.3227563998146
-558.5316132755031,786.2231428125696,704.5327553103109,-92.2841727327609,79.6802161552208,272.2963184747284,45.716803725825955,-116.41086733778943,470.075394747365,225.35268538250367,-45.105515856753385,-840.516257285064,724.5909634093392,-253.31210877940094,-220.75456164671743,-477.46582047750593,-286.32656842165244,-97.4476513338459,258.5179777752761,-173.3900971025239,-914.5279133149685,-167.72188788967827,-34.37270353609021,-390.53707554216544,148.10143952690356,269.3203346518596,-509.74851117021285,870.7981570130951,32.76435793011465,335.2676348352849,261.0500499419204,144.30288190084127,-386.44818010552103,451.4098835492613,111.13200997286712,74.58549524218085,-439.25156344883646,252.32298177933583,311.7887932144038,6.42780201640531,275.92266763000646,-43.06020709926005,-544.2853596621401
113.0027971822434,-160.84715203871494,-143.59678504094086,18.93746710438987,-15.875997957510402,-54.001991574111955,-10.15173528403934,23.10034031004,-95.54346609904714,-45.105515856753385,10.403382936546148,169.83550184536176,-146.4228506550211,50.997395000506174,44.42667409382022,98.23511736205671,57.9377029065242,20.565185053165223,-52.712327178389174,35.13137565684401,184.969330115913,33.74749223152682,7.601924046568307,79.5698556194485,-30.225973969454063,-54.99458519673774,103.53680930321082,-176.52192286060398,-7.188034012033042,-69.13648940844463,-53.55471542106194,-28.636004303172484,77.46497551459576,-92.49309260739197,-23.574938561963677,-15.553171469793655,89.19496452477108,-51.971178094616526,-64.66325751599778,-1.3508827454288104,-56.1608850635891,8.311640707502493,110.8267040827507
2084.7668757620454,-2936.7484096149965,-2631.100847138407,344.72569120197335,-297.0885930659844,-1015.0789290253163,-171.78307739117938,433.95618297652635,-1755.1212744366946,-840.516257285064,169.83550184536176,3137.163743142635,-2704.4838527878474,945.1701187473457,823.7027891071582,1784.095596682059,1068.7945779430233,364.75074436052665,-965.4117079621974,647.2806967008644,3413.5830743150523,625.8694015080966,129.01502040464473,1458.419568699027,-553.1063467411336,-1005.8741147156271,1903.2128605582243,-3250.7792315338625,-122.95511456730802,-1252.9984225484973,-975.2335157917439,-538.0114926686151,1441.6154669151815,-1686.33906631803,-416.0530446441891,-278.85110882632483,1639.9105858518747,-942.9992824921635,-1165.6737680593308,-24.044313835499945,-1030.329046658074,160.2678111322486,2032.4113259118083
-1797.0397219071992,2531.097354894868,2268.3932091698334,-297.2130270814786,255.84650439406389,875.1133936613647,148.2281987552075,-373.9045462829319,1513.2036585951962,724.5909634093392,-146.4228506550211,-2704.4838527878474,2331.6269036914014,-814.8424720576115,-709.9173115863335,-1537.9559827613614,-921.2877067310701,-314.4724018895819,832.1742555514735,-557.8691912701187,-2942.842680777997,-539.6933792760251,-111.06407348919768,-1257.2287142618072,476.87552475150017,867.2306034437643,-1640.831530474964,2802.4634419777726,106.03716976732107,1080.081656044326,840.6047032790043,463.8907856042531,-1243.047342543189,1453.9621002102813,358.637279050891,240.4745352643328,-1413.4575441148336,812.9660235086437,1005.0311195921847,20.66773146831097,888.1910020647665,-138.27158524556776,-1752.0245730211582
628.0799574673684,-884.3889783115701,-792.5739698400353,103.83508131550931,-89.49687774470398,-305.99702807403304,-51.64816581537897,130.77126238687237,-528.7530568441078,-253.31210877940094,50.997395000506174,945.1701187473457,-814.8424720576115,284.82840247739784,248.15382619342623,537.2733375977457,321.973490563202,109.77846998042531,-290.78885449502457,194.9426502966104,1028.450406026095,188.61574700119075,38.7730919998436,439.31319803315074,-166.60536692395158,-302.97806829635095,573.3579012534807,-979.3462432669662,-36.97411179902513,-377.2876891307938,-293.684775061649,-162.16738218531626,434.4942865429615,-507.9472293149693,-125.18314179368625,-83.99468676724521,493.97175628129315,-283.9670724122536,-351.006056915792,-7.2183611092799485,-310.36807257081307,48.37614028480778,612.2057985708816
547.59927856444,-771.648123506912,-690.4516504611996,90.45405007638506,-78.371362457163,-266.6027515481546,-44.80978045799098,114.24594769726653,-460.58960995893085,-220.75456164671743,44.42667409382022,823.7027891071582,-709.9173115863335,248.15382619342623,216.53711157872803,468.33060215524307,280.74916033993753,95.62904004666268,-253.54300448845092,170.13766729829703,896.1949680465551,164.16045588119383,33.98510186506647,382.88855791022564,-145.12325514043343,-263.9461068769721,499.52344038244223,-853.4430953836758,-32.16830637098017,-328.95967049608856,-256.14197700986637,-141.2219613013102,378.2666054031684,-442.3486978196332,-109.17743816882921,-73.074257734575,430.88922850653773,-247.4292474283688,-305.70123704848515,-6.386425592030279,-270.50932991017845,41.97640487330074,533.6426242833415
1185.899730864941,-1673.057903315076,-1497.7757895218108,196.40370161120504,-168.83907634930108,-575.9395090808521,-98.77483894588855,246.37566118242611,-998.7709082735419,-477.46582047750593,98.23511736205671,1784.095596682059,-1537.9559827613614,537.2733375977457,468.33060215524307,1016.9303720555828,607.9826124107935,208.54422976541963,-549.6970801356517,368.31209015017197,1941.492557429326,355.656358912868,74.31610756584111,830.2595649255215,-314.9013113469887,-572.7222442155393,1082.9739623090882,-1849.4242527297315,-70.63228339379557,-714.4289656817025,-555.735978309993,-305.23404223255585,818.8849445505941,-960.5356997397948,-238.08980275106768,-159.17656978329518,933.3568211104251,-537.520146485357,-664.9797743219457,-13.785853899010544,-586.485845787762,90.57234867408191,1156.9690647391665
710.4477143289271,-1001.1471917506987,-896.3527854558012,117.45936271808759,-101.40037563583186,-345.775501065331,-58.479653388767034,147.97299021691862,-597.888206048587,-286.32656842165244,57.9377029065242,1068.7945779430233,-921.2877067310701,321.973490563202,280.74916033993753,607.9826124107935,364.2573158398864,124.29981589060453,-329.0290965745429,220.64615567925517,1162.9703894620784,213.11386903945902,44.1079779595701,496.97529091587745,-188.39219827095977,-342.688949236329,648.4051247197369,-1107.5627607839513,-41.889339592198354,-427.06854633327214,-332.404827560308,-183.19994980228148,490.94185020591914,-574.4335625650939,-141.83732664782866,-94.97500158295571,558.952232994462,-321.31406115489307,-397.15407907445206,-8.211424364602438,-351.07226814109805,54.4951812660926,692.5250083252466
242.41705955912803,-342.59912137709784,-306.7377467902824,40.25931045496565,-34.34918289980388,-117.35536795386452,-20.594911752198264,50.14400105219274,-204.446764092152,-97.4476513338459,20.565185053165223,364.75074436052665,-314.4724018895819,109.77846998042531,95.62904004666268,208.54422976541963,124.29981589060453,42.984806986818406,-112.53010163615409,75.28860345325673,397.0128342738275,72.70815259899554,15.38584509371054,169.96741154157112,-64.4996664653386,-117.32593928518149,221.64254638855036,-378.3173636846483,-14.668402105137316,-146.55946798697778,-113.87490591373117,-62.22542039538426,167.2492074347989,-196.91673624549145,-49.096722752318556,-32.74672092126519,190.89088340879502,-110.2827684974514,-136.62673653729308,-2.8259528913957506,-120.04148697379145,18.40025993235244,236.8143174529781
-641.7753596110358,904.8790942207447,810.0025079246129,-106.18354094731195,91.53405215931774,312.0306237835116,53.07999651727624,-133.54150765753093,540.2210621400563,258.5179777752761,-52.712327178389174,-965.4117079621974,832.1742555514735,-290.78885449502457,-253.54300448845092,-549.6970801356517,-329.0290965745429,-112.53010163615409,297.338623909313,-199.32016854510815,-1050.5232283114096,-192.45467091924618,-40.04494046319147,-449.08948091578145,170.2660127336112,309.69928366435744,-585.8281337458022,1000.590186678104,38.00478568347304,386.1558212560114,300.48983978514565,165.3225152947368,-443.27119239600125,519.252158053975,128.4471140549871,85.94224283874681,-505.01777103982505,290.51226402296766,359.2207792199399,7.440227660711128,317.23654835261857,-49.113753899615496,-625.7973732505104
430.32152637744935,-606.7490987870253,-542.7658643228393,71.13669605813381,-61.54354434686004,-209.31925898372222,-35.35992277247047,89.70411731054105,-362.0289518646718,-173.3900971025239,35.13137565684401,647.2806967008644,-557.8691912701187,194.9426502966104,170.13766729829703,368.31209015017197,220.64615567925517,75.28860345325673,-199.32016854510815,133.7589729780927,704.2755704435107,128.96455384578982,26.79558507699783,300.9780642042514,-114.1000478989071,-207.53640691830495,392.6296313929015,-670.7507623457547,-25.373322737648316,-258.7479561652651,-201.43421898458502,-110.90244045550814,297.1287421532199,-347.79790370377737,-85.99633818690991,-57.48320182098777,338.6823214039638,-194.59982488090208,-240.48856594994635,-5.0304595131516106,-212.6282278414181,32.899079790075405,419.498800669145
2268.4288527488166,-3195.5631171710547,-2863.165598976766,375.1636808188212,-323.1431195346141,-1104.429405311429,-187.08495200672044,472.0712838554906,-1909.909041979872,-914.5279133149685,184.969330115913,3413.5830743150523,-2942.842680777997,1028.450406026095,896.1949680465551,1941.492557429326,1162.9703894620784,397.0128342738275,-1050.5232283114096,704.2755704435107,3714.432717546387,681.0556006398252,140.41174193304377,1587.0084009210084,-601.8822065640272,-1094.6203797690523,2071.0489957888817,-3537.3272620233556,-133.87434012718538,-1363.5528532209698,-1061.2279547080493,-585.3739698897656,1568.6802012436322,-1835.1603918415615,-452.8463348030835,-303.53148105180867,1784.3754048533121,-1026.2183741726008,-1268.6545708389913,-26.13156605617885,-1121.1520847421393,174.38110821893585,2211.5685800644756
415.6925609069232,-585.0231510181604,-524.9621742400512,68.7608862179595,-59.01899108454163,-202.64919445403316,-34.32595308964642,86.41255511995028,-350.2345087976097,-167.72188788967827,33.74749223152682,625.8694015080966,-539.6933792760251,188.61574700119075,164.16045588119383,355.656358912868,213.11386903945902,72.70815259899554,-192.45467091924618,128.96455384578982,681.0556006398252,125.0323632980898,25.509675636598605,290.8445715719755,-110.35845373069607,-200.68508118459167,379.74433102949376,-648.4952323731475,-24.508923248405655,-249.7185075548358,-194.33115384650307,-107.46882224497341,287.93287623356713,-336.5006191888968,-82.8377070788113,-55.65754684161572,326.823975183277,-188.0600860869756,-232.51135375240247,-4.729138616571955,-205.47568577243493,32.133509313289586,405.28230793635595
86.08273172783584,-122.42903644473606,-108.6130592533131,14.293565601082657,-12.424906914817129,-41.24943507380246,-7.341302224127865,17.88171315697058,-72.28969225388006,-34.37270353609021,7.601924046568307,129.01502040464473,-111.06407348919768,38.7730919998436,33.98510186506647,74.31610756584111,44.1079779595701,15.38584509371054,-40.04494046319147,26.79558507699783,140.41174193304377,25.509675636598605,5.82972946966996,60.37555570388176,-22.82557167578029,-41.53672829266756,78.41305223885543,-133.94531939300205,-5.283790877092765,-52.314133000261236,-40.63808870373902,-21.770863838966314,58.71928895855942,-69.75856276348394,-17.67114041976089,-11.630556126195785,67.98194006315184,-39.21968103219626,-48.605653510432184,-1.0679879708321678,-42.62476757990165,6.298369055329565,84.08966634713596
969.4050369085634,-1366.4308198997928,-1223.7123122324595,160.39424051224933,-138.11229290579317,-471.4555192248138,-80.24387040560813,201.62694336497503,-816.1439351875567,-390.53707554216544,79.5698556194485,1458.419568699027,-1257.2287142618072,439.31319803315074,382.88855791022564,830.2595649255215,496.97529091587745,169.96741154157112,-449.08948091578145,300.9780642042514,1587.0084009210084,290.8445715719755,60.37555570388176,678.3923037730208,-257.232205041516,-467.8534365266791,885.021231789558,-1511.532372355184,-57.40497115276033,-583.2070001181063,-453.78934967592994,-249.8272501390931,669.8362645203888,-784.504788664466,-193.9157549258441,-129.83324327427783,762.6961202416834,-438.85634609313996,-542.6635735305454,-11.188578952649356,-479.21578104496615,74.30823807114332,945.2651292212349
-367.5038594722077,517.959236866323,464.1930711671883,-60.84989781010774,52.23172890709075,178.74333771108329,30.521083872132696,-76.34466040091328,309.6104350610847,148.10143952690356,-30.225973969454063,-553.1063467411336,476.87552475150017,-166.60536692395158,-145.12325514043343,-314.9013113469887,-188.39219827095977,-64.4996664653386,170.2660127336112,-114.1000478989071,-601.8822065640272,-110.35845373069607,-22.82557167578029,-257.232205041516,97.62405647983522,177.49734110893985,-335.6803174076685,573.252507661623,21.816112777740326,221.16106978141056,172.07316447243124,94.78287163820961,-254.1143610863726,297.663796371475,73.58646787114732,49.29115374291313,-289.11746734399156,166.4704930070213,205.90243367562175,4.2440326416913425,181.72690740738017,-28.206804346410532,-358.49984359294587
-668.3859374357156,942.1409751515909,844.2125175433698,-110.67756135769743,95.01877127310976,325.06310561958844,55.5229447928868,-138.8595570431519,563.0647036286211,269.3203346518596,-54.99458519673774,-1005.8741147156271,867.2306034437643,-302.97806829635095,-263.9461068769721,-572.7222442155393,-342.688949236329,-117.32593928518149,309.69928366435744,-207.53640691830495,-1094.6203797690523,-200.68508118459167,-41.53672829266756,-467.8534365266791,177.49734110893985,322.822937392677,-610.5256579283931,1042.570672620787,39.67837450264701,402.2816535853311,312.9736222145947,172.3388628374,-462.10884496900246,541.3130160730057,133.86354310505104,89.64930262467927,-525.8514306405182,302.7715332239704,374.501346103106,7.698965597109966,330.49476900924554,-51.26776474932887,-651.97221355765
1264.7031753775893,-1782.0031797657941,-1596.815632440773,209.27816846527247,-179.96681970055516,-615.4725222597438,-104.66549624792216,262.9722632096405,-1065.1035748795675,-509.74851117021285,103.53680930321082,1903.2128605582243,-1640.831530474964,573.3579012534807,499.52344038244223,1082.9739623090882,648.4051247197369,221.64254638855036,-585.8281337458022,392.6296313929015,2071.0489957888817,379.74433102949376,78.41305223885543,885.021231789558,-335.6803174076685,-610.5256579283931,1154.9363290060892,-1972.4151712640885,-74.83497228601219,-760.635495146065,-591.8714638142042,-326.24282959106966,874.5425174141611,-1023.670857344677,-252.8143938323325,-169.42067780226142,994.8731585354168,-572.4870221479249,-707.918833117134,-14.546366078384972,-625.1991883921752,97.15404586385259,1233.2614735604604
-2160.357095222043,3043.888957966346,2726.9273558844284,-357.3603075975787,307.73365883981626,1051.476842075205,178.37969988298414,-449.4900929218047,1818.9539802152951,870.7981570130951,-176.52192286060398,-3250.7792315338625,2802.4634419777726,-979.3462432669662,-853.4430953836758,-1849.4242527297315,-1107.5627607839513,-378.3173636846483,1000.590186678104,-670.7507623457547,-3537.3272620233556,-648.4952323731475,-133.94531939300205,-1511.532372355184,573.252507661623,1042.570672620787,-1972.4151712640885,3368.7989316572102,127.6394746482465,1298.9463407893488,1010.8837821254723,557.2884545239748,-1493.6432778813826,1747.9576473443612,431.5745001991442,289.18054072823037,-1699.4774010554613,977.5457349285033,1208.5953187801938,24.905620423168326,1067.8104041254824,-165.92941810988134,-2106.3674938209697
-81.69530042372278,115.75525445414101,103.67361646087056,-13.633527030994657,11.482126776352597,39.356691415058,7.150150324293375,-16.778790079839915,69.05682144333859,32.76435793011465,-7.188034012033042,-122.95511456730802,106.03716976732107,-36.97411179902513,-32.16830637098017,-70.63228339379557,-41.889339592198354,-14.668402105137316,38.00478568347304,-25.373322737648316,-133.87434012718538,-24.508923248405655,-5.283790877092765,-57.40497115276033,21.816112777740326,39.67837450264701,-74.83497228601219,127.6394746482465,5.067346401718476,49.6565665022163,38.52375180414351,20.88925793959037,-56.30010589255704,66.67186533048216,16.77146547208444,11.15300759313503,-64.37883934994777,37.37216038356908,46.40672081359593,0.9573646016582158,40.53603458910139,-6.143728575370444,-79.9825702991117
-832.959318138252,1175.4880471482168,1052.0055704493489,-137.96129603044935,118.6422435994567,404.36388527143316,69.44043745254368,-173.0523779393919,701.4637443667618,335.2676348352849,-69.13648940844463,-1252.9984225484973,1080.081656044326,-377.2876891307938,-328.95967049608856,-714.4289656817025,-427.06854633327214,-146.55946798697778,386.1558212560114,-258.7479561652651,-1363.5528532209698,-249.7185075548358,-52.314133000261236,-583.2070001181063,221.16106978141056,402.2816535853311,-760.635495146065,1298.9463407893488,49.6565665022163,501.9701600604476,390.44184633422674,214.28272566282723,-574.9522299254929,674.6633042993867,167.3580288962568,111.80733857055287,-655.6624635644357,377.6255283547651,467.18047723478384,9.698731883411629,411.9530909911835,-63.52010228214158,-812.6700427388018
-648.3512701346883,914.7325094459472,818.4720334505759,-107.32884972426599,92.48179669666177,314.92576654127424,53.794161551126955,-134.84813376700524,545.8126688749181,261.0500499419204,-53.55471542106194,-975.2335157917439,840.6047032790043,-293.684775061649,-256.14197700986637,-555.735978309993,-332.404827560308,-113.87490591373117,300.48983978514565,-201.43421898458502,-1061.2279547080493,-194.33115384650307,-40.63808870373902,-453.78934967592994,172.07316447243124,312.9736222145947,-591.8714638142042,1010.8837821254723,38.52375180414351,390.44184633422674,303.7907843087166,166.8648276203316,-447.5416059705109,524.7766694730464,130.06128847030163,86.91564564681654,-510.33535002295645,293.68296949903174,363.2253508481708,7.5643999930976475,320.55676772179737,-49.47245154474103,-632.4012558356666
-357.3539845785426,502.51165327375816,450.84104966620816,-59.02498303975533,50.87306363679498,174.49037877059345,29.18439678525423,-74.4642445401949,300.86057651472777,144.30288190084127,-28.636004303172484,-538.0114926686151,463.8907856042531,-162.16738218531626,-141.2219613013102,-305.23404223255585,-183.19994980228148,-62.22542039538426,165.3225152947368,-110.90244045550814,-585.3739698897656,-107.46882224497341,-21.770863838966314,-249.8272501390931,94.78287163820961,172.3388628374,-326.24282959106966,557.2884545239748,20.88925793959037,214.28272566282723,166.8648276203316,92.52880230104587,-247.61689786298456,288.82111587236363,70.8935103676915,47.666118349554154,-280.90188316493425,161.35624712730174,199.3273819080525,4.070280356641225,176.51814947331638,-27.695193163994134,-348.1844911575713
957.6524849928132,-1347.4988769743716,-1208.8122424049518,158.3404710133677,-136.15624264935954,-467.0357944958109,-78.74994077524018,199.26709775448145,-806.5385105769984,-386.44818010552103,77.46497551459576,1441.6154669151815,-1243.047342543189,434.4942865429615,378.2666054031684,818.8849445505941,490.94185020591914,167.2492074347989,-443.27119239600125,297.1287421532199,1568.6802012436322,287.93287623356713,58.71928895855942,669.8362645203888,-254.1143610863726,-462.10884496900246,874.5425174141611,-1493.6432778813826,-56.30010589255704,-574.9522299254929,-447.5416059705109,-247.61689786298456,663.2491224117545,-774.6988581087228,-190.57577342188003,-128.06865508769232,752.8993191957229,-432.9197055831336,-535.1173235194949,-10.896803935167469,-473.22985890433597,74.04207807651595,933.4228606833952
-1120.5096310372405,1579.5553189949533,1415.6993937128857,-185.5968677327948,159.12600406554557,544.7432572619324,93.38015699872689,-232.60341290500597,944.1534041545185,451.4098835492613,-92.49309260739197,-1686.33906631803,1453.9621002102813,-507.9472293149693,-442.3486978196332,-960.5356997397948,-574.4335625650939,-196.91673624549145,519.252158053975,-347.79790370377737,-1835.1603918415615,-336.5006191888968,-69.75856276348394,-784.504788664466,297.663796371475,541.3130160730057,-1023.670857344677,1747.9576473443612,66.67186533048216,674.6633042993867,524.7766694730464,288.82111587236363,-774.6988581087228,907.947626289932,224.6117771363192,150.45216722268995,-881.5255366979607,507.8492577985343,628.3077713679328,12.894453226884389,554.1794437973742,-85.95572755302696,-1093.1622867161536
-276.5855969193389,391.3147852268703,349.8850432903846,-45.95129160955561,39.295501949823404,133.73330090388765,23.4904773745752,-57.257432379349645,233.19582706473136,111.13200997286712,-23.574938561963677,-416.0530446441891,358.637279050891,-125.18314179368625,-109.17743816882921,-238.08980275106768,-141.83732664782866,-49.096722752318556,128.4471140549871,-85.99633818690991,-452.8463348030835,-82.8377070788113,-17.67114041976089,-193.9157549258441,73.58646787114732,133.86354310505104,-252.8143938323325,431.5745001991442,16.77146547208444,167.3580288962568,130.06128847030163,70.8935103676915,-190.57577342188003,224.6117771363192,56.17242944672696,37.37846862053978,-217.933459650385,125.84796150070842,155.92370565359286,3.275745512207692,136.9598296920679,-20.870953444405853,-270.26152262174514
-185.2617996917672,261.42609117429765,234.38956873549597,-30.770395024663326,26.20481652203423,89.8965513060762,15.650330946742967,-38.330309170206846,156.2980199911268,74.58549524218085,-15.553171469793655,-278.85110882632483,240.4745352643328,-83.99468676724521,-73.074257734575,-159.17656978329518,-94.97500158295571,-32.74672092126519,85.94224283874681,-57.48320182098777,-303.53148105180867,-55.65754684161572,-11.630556126195785,-129.83324327427783,49.29115374291313,89.64930262467927,-169.42067780226142,289.18054072823037,11.15300759313503,111.80733857055287,86.91564564681654,47.666118349554154,-128.06865508769232,150.45216722268995,37.37846862053978,25.039359058486028,-145.7929793920009,84.15902971345079,104.27174491681593,2.129316295144374,91.7058325106395,-14.16553966932413,-180.92055257005057
1090.2744247296428,-1537.0839915542665,-1375.4329229492985,180.27056318542995,-155.77217427505443,-530.2611762765016,-89.79937790579918,227.1217430817104,-917.3785910656416,-439.25156344883646,89.19496452477108,1639.9105858518747,-1413.4575441148336,493.97175628129315,430.88922850653773,933.3568211104251,558.952232994462,190.89088340879502,-505.01777103982505,338.6823214039638,1784.3754048533121,326.823975183277,67.98194006315184,762.6961202416834,-289.11746734399156,-525.8514306405182,994.8731585354168,-1699.4774010554613,-64.37883934994777,-655.6624635644357,-510.33535002295645,-280.90188316493425,752.8993191957229,-881.5255366979607,-217.933459650385,-145.7929793920009,857.9752737573546,-493.1901685111872,-609.6361373520414,-12.688307671280999,-538.7966209896529,83.43078478177168,1062.8764626157372
-626.7125405245375,884.0544871772848,791.8134420091981,-103.81444427714595,89.08727869011884,304.3805537043104,52.33827596155362,-130.09709366823543,527.9854632767285,252.32298177933583,-51.971178094616526,-942.9992824921635,812.9660235086437,-283.9670724122536,-247.4292474283688,-537.520146485357,-321.31406115489307,-110.2827684974514,290.51226402296766,-194.59982488090208,-1026.2183741726008,-188.0600860869756,-39.21968103219626,-438.85634609313996,166.4704930070213,302.7715332239704,-572.4870221479249,977.5457349285033,37.37216038356908,377.6255283547651,293.68296949903174,161.35624712730174,-432.9197055831336,507.8492577985343,125.84796150070842,84.15902971345079,-493.1901685111872,284.19110544330704,351.6147887270308,7.2533808465548955,309.9937872165483,-47.91783872017604,-611.4908537044582
-774.631555575781,1093.0854496427642,979.2897188360837,-128.45077137909777,109.90064004300812,375.95779631508685,65.06615454568667,-160.5675081433857,652.948136692103,311.7887932144038,-64.66325751599778,-1165.6737680593308,1005.0311195921847,-351.006056915792,-305.70123704848515,-664.9797743219457,-397.15407907445206,-136.62673653729308,359.2207792199399,-240.48856594994635,-1268.6545708389913,-232.51135375240247,-48.605653510432184,-542.6635735305454,205.90243367562175,374.501346103106,-707.918833117134,1208.5953187801938,46.40672081359593,467.18047723478384,363.2253508481708,199.3273819080525,-535.1173235194949,628.3077713679328,155.92370565359286,104.27174491681593,-609.6361373520414,351.6147887270308,435.2648368683012,8.94922174908885,383.3015545675753,-59.17332432066888,-756.1169505486777
-16.016341532096977,22.826540215784192,20.134212759490588,-2.6364807929181167,2.3696017282095845,7.690335815799406,1.3008173079309904,-3.3796199436646877,13.416222177745482,6.42780201640531,-1.3508827454288104,-24.044313835499945,20.66773146831097,-7.2183611092799485,-6.386425592030279,-13.785853899010544,-8.211424364602438,-2.8259528913957506,7.440227660711128,-5.0304595131516106,-26.13156605617885,-4.729138616571955,-1.0679879708321678,-11.188578952649356,4.2440326416913425,7.698965597109966,-14.546366078384972,24.905620423168326,0.9573646016582158,9.698731883411629,7.5643999930976475,4.070280356641225,-10.896803935167469,12.894453226884389,3.275745512207692,2.129316295144374,-12.688307671280999,7.2533808465548955,8.94922174908885,0.23124695195583309,7.916371078049234,-1.1559539697457875,-15.647430543098476
-684.826285255183,965.2454974652767,864.4543712992973,-113.29703169994764,97.57976002371181,333.0910677472705,56.65094918691195,-142.456324746077,576.5554627100627,275.92266763000646,-56.1608850635891,-1030.329046658074,888.1910020647665,-310.36807257081307,-270.50932991017845,-586.485845787762,-351.07226814109805,-120.04148697379145,317.23654835261857,-212.6282278414181,-1121.1520847421393,-205.47568577243493,-42.62476757990165,-479.21578104496615,181.72690740738017,330.49476900924554,-625.1991883921752,1067.8104041254824,40.53603458910139,411.9530909911835,320.55676772179737,176.51814947331638,-473.22985890433597,554.1794437973742,136.9598296920679,91.7058325106395,-538.7966209896529,309.9937872165483,383.3015545675753,7.916371078049234,338.53117367095996,-52.50830419820277,-667.7718093061993
106.34675462533909,-148.94982093811228,-134.20385482189806,17.543975533404485,-15.037186437172773,-52.19668356821164,-8.621828399333793,22.140037579566545,-89.61102279003855,-43.06020709926005,8.311640707502493,160.2678111322486,-138.27158524556776,48.37614028480778,41.97640487330074,90.57234867408191,54.4951812660926,18.40025993235244,-49.113753899615496,32.899079790075405,174.38110821893585,32.133509313289586,6.298369055329565,74.30823807114332,-28.206804346410532,-51.26776474932887,97.15404586385259,-165.92941810988134,-6.143728575370444,-63.52010228214158,-49.47245154474103,-27.695193163994134,74.04207807651595,-85.95572755302696,-20.870953444405853,-14.16553966932413,83.43078478177168,-47.91783872017604,-59.17332432066888,-1.1559539697457875,-52.50830419820277,8.405940325833157,103.51901965726394
1350.8486176983556,-1904.1937935522733,-1705.199797872645,223.5133491338146,-192.50215347250654,-656.9877422937783,-111.74231265117326,281.01080334699543,-1137.3227563998146,-544.2853596621401,110.8267040827507,2032.4113259118083,-1752.0245730211582,612.2057985708816,533.6426242833415,1156.9690647391665,692.5250083252466,236.8143174529781,-625.7973732505104,419.498800669145,2211.5685800644756,405.28230793635595,84.08966634713596,945.2651292212349,-358.49984359294587,-651.97221355765,1233.2614735604604,-2106.3674938209697,-79.9825702991117,-812.6700427388018,-632.4012558356666,-348.1844911575713,933.4228606833952,-1093.1622867161536,-270.26152262174514,-180.92055257005057,1062.8764626157372,-611.4908537044582,-756.1169505486777,-15.647430543098476,-667.7718093061993,103.51901965726394,1317.3003623405318
