V1,V2,V3,V4,V5,V6,V7,V8,V9,V10,V11,V12,V13,V14,V15,V16,V17,V18,V19,V20,V21,V22,V23,V24,V25,V26,V27,V28,V29,V30,V31,V32,V33,V34,V35,V36,V37,V38,V39,V40,V41,V42,V43,V44
5.90747535836175,-2.456631450776093,-5.238933431151012,-1.2979519617535917,4.658966841033247,3.0074424639022936,-1.5654089458966791,-2.2932941208610838,5.743085979248565,-1.6208107157538176,-3.111914594791165,10.698824142554644,-6.115495213664436,-1.4341665256212583,-4.968019431949045,-3.3813706261732386,-7.290217738499299,-4.689830408123852,-3.7350404488851003,10.41528543024358,-5.276550373762369,-3.5164352966372707,4.808214392919662,6.952705155969306,3.6138054426764272,-6.049967096553854,0.9024012454106167,-5.49466199316349,6.122434726206365,-4.908810643010559,-3.181261905327707,-3.6294590138054477,-1.3465173002197637,-4.443287795688065,1.3298992416656104,-4.063588181346137,2.54222676251963,-1.5725426528243998,-4.684665247750171,3.1490394835656406,-5.396875622507624,7.689896271781035,-5.77750686699451,-2.555827416049081
-2.456631450776093,1.120321670623532,2.213546141798259,0.6698368535828674,-1.9846172747432234,-1.2110591170981473,0.625585092514531,1.001331639632661,-2.4174043676609704,0.7744175638786296,1.3055156809995347,-4.449173220995251,2.583179711251886,0.5823951056695882,2.016759024673355,1.3670048777825485,3.1233150209951384,2.004211801709396,1.5905130539907617,-4.464837079128656,2.231003214895638,1.4228156167911779,-1.9759415066368204,-2.876150097478146,-1.502728009338687,2.464210680117408,-0.3633245544921259,2.240222394744118,-2.5265510943558156,2.0774310558893685,1.455518816644036,1.619437589235699,0.5389123880914799,1.8639287004597584,-0.6533293069057148,1.811494970570692,-1.0706754889975092,0.7894921187543945,2.045599226647181,-1.3747466538098896,2.2967072938474895,-3.2028238439611343,2.4815740459842432,1.0577880940930917
-5.238933431151012,2.213546141798259,5.2483841590402305,2.743182823175749,-4.521378030172452,-2.651937918313839,1.1281898056616153,2.4024851998375003,-5.274380176560542,2.5862971197809363,2.869888176261082,-9.849543332849418,5.596995840220008,1.2075971570041086,4.008908671159702,3.1942834820457295,7.353806319600255,4.578022501344034,4.157380727960308,-10.565533583006907,5.28575571633559,2.7146764567122936,-4.396290711304482,-6.336243625436295,-3.4953140042343285,5.393534352365783,-0.6870095633940909,4.158808599553808,-5.4198973454313855,4.966233906203455,3.829779538936048,3.9738741989966275,0.34682710193495375,4.034973818104865,-1.8074986525370211,4.8202165623613595,-1.6655890206579336,2.1890761431585446,5.278953241043458,-3.612021612688344,5.590736504559301,-7.113546842245444,5.6968422571285675,2.42933121520207
-1.2979519617535917,0.6698368535828674,2.743182823175749,4.766868450360738,-2.1088711538956195,-0.5628654729210416,-0.40319018118071814,1.4585822479212343,-1.717159209569369,3.5616311347948666,0.8728400123884328,-3.2625517395501973,1.7543025856938659,0.07796477086298567,-0.15545245802590463,1.185016363362576,4.075598240927397,2.18666883457752,3.0778889825220483,-5.820568522788231,2.743413370034751,-0.36081103290375366,-1.3982281584145075,-1.8869993543703165,-1.5833709711336565,1.3269978236347861,0.11385224646896779,-0.8494742043174889,-1.265896333074342,2.698821315651687,3.4599926052336016,2.8434794922330924,-2.152370977483434,1.1160900633787443,-2.0051222236312034,4.227549517367841,1.1471701181802532,2.5932423812511893,4.119055092542034,-2.8913667919005603,3.3878038156658374,-2.43494439081066,2.8301103621175,0.9993082604173351
4.658966841033247,-1.9846172747432234,-4.521378030172452,-2.1088711538956195,3.9484319384371864,2.350734874917278,-1.0557881458354827,-2.048710878301625,4.656683227793374,-2.0553082960559848,-2.510928743566596,8.671623764396983,-4.936888514426991,-1.0782034280374264,-3.633127527354375,-2.7696834786684463,-6.358069897961085,-3.9916316965740144,-3.495216186010108,9.096364405937756,-4.544968832029538,-2.5007093689587068,3.873916772536607,5.578878096890172,3.0477248328815625,-4.770913658231064,0.6427257186989906,-3.8471075154185073,4.816485695203075,-4.274636613652402,-3.183615902520884,-3.36161853934917,-0.4878059818185731,-3.558739399843055,1.4790527711940646,-4.017195206341542,1.6218769341956503,-1.796053851073325,-4.448363008599706,3.023291441621899,-4.792814828927152,6.252670720692221,-4.946286854194163,-2.119001807759253
3.0074424639022936,-1.2110591170981473,-2.651937918313839,-0.5628654729210416,2.350734874917278,1.5635392294177868,-0.813889555478499,-1.1593056610116108,2.924039165420201,-0.75781683925954,-1.5970816952880413,5.464292295806565,-3.118348337493719,-0.7410765906412697,-2.5909936965342104,-1.7522700072193729,-3.6602044160358034,-2.3616297107250723,-1.884587164508497,5.25880447243626,-2.6764867765995164,-1.813924113568379,2.461284757134888,3.565350457475933,1.8395284585976266,-3.1102062621606033,0.4713538697078966,-2.8464637517021303,3.1363993716910903,-2.497159851858583,-1.5542405969084476,-1.7924915267779185,-0.7369126201933497,-2.2921282938570697,0.6386286774702622,-2.0022057683352057,1.3289028392501474,-0.7239349579317416,-2.3317939036390714,1.5819547594027117,-2.713059799202939,3.9248161620623296,-2.913023334865523,-1.3019327983782796
-1.5654089458966791,0.625585092514531,1.1281898056616153,-0.40319018118071814,-1.0557881458354827,-0.813889555478499,0.5691358162533293,0.43961777983939976,-1.4641242242417722,-0.12246253050434382,0.8029830833178402,-2.6958951193503573,1.5372377283013297,0.4445864454927924,1.543095692962727,0.799666921105701,1.5050754584138668,1.0590857896011894,0.5996648215233428,-2.177354358072668,1.0996831918446082,1.139371582104748,-1.2048904583541766,-1.785426551302972,-0.8389814507335349,1.6294855444441592,-0.2945523150702691,1.8188035955785544,-1.6483763147309716,1.0010064742982667,0.36083542256931,0.6111684229179334,0.7784693827516012,1.1456735873489612,-0.04241381982557819,0.5051683314619784,-0.9872401998368752,0.04060376372836161,0.7123254005813378,-0.4320821839502785,1.0638943491725983,-1.9063389625214555,1.2511528403873882,0.6077646794724028
-2.2932941208610838,1.001331639632661,2.4024851998375003,1.4585822479212343,-2.048710878301625,-1.1593056610116108,0.43961777983939976,1.1547650990974851,-2.3350719958950124,1.331831930660502,1.2985867109969838,-4.373481183294866,2.5155667898262544,0.5066372320448592,1.70826114514364,1.4506644288989428,3.382545821945736,2.069079986566248,1.98225254194544,-4.883990963810946,2.4439932523839643,1.1017212741333093,-1.9458741505809527,-2.814995155698494,-1.5716148338792355,2.346800015573976,-0.2760807791167922,1.7094212142456353,-2.3627053947568344,2.308877655000136,1.8878534699514957,1.888903735051982,0.03202181202825984,1.83165418314273,-0.9367204396605643,2.3339996324125507,-0.6616453975353771,1.1108412358651363,2.5212906747054826,-1.7562405766389106,2.5828292027173387,-3.1666879968960537,2.620983758263917,1.0913847604854903
5.743085979248565,-2.4174043676609704,-5.274380176560542,-1.717159209569369,4.656683227793374,2.924039165420201,-1.4641242242417722,-2.3350719958950124,5.702462764813644,-1.9007659599510163,-3.089094773951412,10.528622063890388,-6.005733056677368,-1.4006575425541108,-4.778145660414085,-3.3319800042975727,-7.34626996888973,-4.722651272844352,-3.88281774684188,10.588572125295178,-5.311599628516539,-3.3212690258972697,4.719550415020283,6.830440336005132,3.6167885369761845,-5.91707275235517,0.8607976809646599,-5.16224167016645,5.967790173793102,-4.962329593795836,-3.380240187369252,-3.7725077125434705,-1.1219654541628301,-4.384255216173535,1.5013650357035848,-4.318886362493198,2.3775424109950123,-1.7668977200802254,-4.873113855250174,3.3276571539070363,-5.488833279944681,7.5820887950521865,-5.78603983213502,-2.512546303411177
-1.6208107157538176,0.7744175638786296,2.5862971197809363,3.5616311347948666,-2.0553082960559848,-0.75781683925954,-0.12246253050434382,1.331831930660502,-1.9007659599510163,2.756202576743251,1.0013583722446642,-3.5896113803866867,1.9916502422572229,0.2159449055152192,0.4765628096200869,1.2683625093829123,3.7861393483745673,2.11530678203146,2.6625813749456637,-5.417844164445567,2.6208244842071204,0.14179388070264987,-1.5718180861650681,-2.175514203794245,-1.5494841364338536,1.648701067554819,-0.020312151156331417,0.02995940881572216,-1.6181863593472001,2.537053740345775,2.8794096495958343,2.4861448624066416,-1.37597051292753,1.3430226331705808,-1.6196111684852252,3.5275161538485245,0.5273604689083204,2.0469704872427172,3.5156515549129264,-2.4787629995046685,3.0647339729740377,-2.6554474366432563,2.724473998542183,1.0110778048188627
-3.111914594791165,1.3055156809995347,2.869888176261082,0.8728400123884328,-2.510928743566596,-1.5970816952880413,0.8029830833178402,1.2985867109969838,-3.089094773951412,1.0013583722446642,1.7252480583131409,-5.713853009287511,3.283707794155984,0.7763219091821251,2.651738975365839,1.8455520170377062,3.9608562904483127,2.5441227995651023,2.130328513400291,-5.763495227827538,2.9106075998446523,1.8008707537171864,-2.5648534628824544,-3.738625886058069,-1.9563021118119581,3.2230633779753393,-0.46107586772048426,2.8385819037211246,-3.2414890034985526,2.714150565704042,1.841856512937744,2.0522995332113214,0.6593298850847041,2.431698174034073,-0.8278451758672449,2.3338104982472627,-1.3324245104530927,0.9351076875246598,2.635075234223029,-1.8259006793091326,2.9681443499220723,-4.118617450919916,3.1385313238506622,1.361621340224944
10.698824142554644,-4.449173220995251,-9.849543332849418,-3.2625517395501973,8.671623764396983,5.464292295806565,-2.6958951193503573,-4.373481183294866,10.528622063890388,-3.5896113803866867,-5.713853009287511,19.630797916018278,-11.185932699686838,-2.5709301181077713,-8.80725114443853,-6.253122965555445,-13.718667177800278,-8.741745674795933,-7.260178312167667,19.656941493465435,-9.90258009121535,-6.14833334929054,8.790038762967887,12.720708910470576,6.733587389310958,-11.002502091871117,1.5823382187838413,-9.556416016052069,11.10825258798636,-9.260275579741988,-6.321507398268875,-6.985771795346299,-1.959967922713654,-8.129622566019492,2.7610381345000055,-8.049696657133467,4.291108783238708,-3.2861375365874532,-9.133731855554231,6.173244517581724,-10.242857450701813,14.115825064449064,-10.800523882548044,-4.734279135028695
-6.115495213664436,2.583179711251886,5.596995840220008,1.7543025856938659,-4.936888514426991,-3.118348337493719,1.5372377283013297,2.5155667898262544,-6.005733056677368,1.9916502422572229,3.283707794155984,-11.185932699686838,6.435154339120369,1.4593009306105214,5.075655700454887,3.583664747602476,7.7992675036690855,4.9714001410124045,4.127093614990816,-11.20025236545114,5.675835510125638,3.5109292326323436,-5.023793699038703,-7.270328630612195,-3.810783242048658,6.2555978460817645,-0.9018417321210964,5.515955911028162,-6.336705109000942,5.300221316406762,3.6147073807443304,3.994355901050579,1.2132932430657948,4.694163155335556,-1.602537028010099,4.5674649768519675,-2.513881818788553,1.8553644106086415,5.178728780530595,-3.541048212676754,5.80576029371552,-8.065795129211027,6.17371043053392,2.68478677661012
-1.4341665256212583,0.5823951056695882,1.2075971570041086,0.07796477086298567,-1.0782034280374264,-0.7410765906412697,0.4445864454927924,0.5066372320448592,-1.4006575425541108,0.2159449055152192,0.7763219091821251,-2.5709301181077713,1.4593009306105214,0.395886805575856,1.3112321676762486,0.7950083736961151,1.6335932394214308,1.0973282612157709,0.7983191680254602,-2.3877636933617326,1.1939905407753535,0.9312408612641317,-1.1509301026094774,-1.6901335214982613,-0.8529962938560526,1.5052386382218126,-0.23973705285404404,1.46575085584767,-1.509917248106687,1.1022403913524734,0.6191341966635715,0.784263925300011,0.4810153218631722,1.084369038064184,-0.22707938100272293,0.8164935878658984,-0.7409068803841737,0.26136731752476744,0.9720418622236144,-0.6454354985671256,1.2094336559327619,-1.8372589098271177,1.3084157674240446,0.5951279768539177
-4.968019431949045,2.016759024673355,4.008908671159702,-0.15545245802590463,-3.633127527354375,-2.5909936965342104,1.543095692962727,1.70826114514364,-4.778145660414085,0.4765628096200869,2.651738975365839,-8.80725114443853,5.075655700454887,1.3112321676762486,4.650948107306053,2.775994398994584,5.454375158239059,3.6624368791745896,2.5919040407859466,-7.933019526968569,4.064132471845281,3.2768708707610887,-3.9809785131072304,-5.827752425561196,-2.8582764213567917,5.15070296237213,-0.856555405862446,5.231281930823267,-5.206074686500609,3.7522172036303685,1.935900317427824,2.526493560429704,1.8795967838878584,3.804889465929211,-0.698911022119942,2.539713638508845,-2.7027723317305794,0.6894941518128751,3.112276383138208,-2.1283664644380815,3.9630703622432857,-6.3138008824848155,4.448057325538083,2.0207871002949913
-3.3813706261732386,1.3670048777825485,3.1942834820457295,1.185016363362576,-2.7696834786684463,-1.7522700072193729,0.799666921105701,1.4506644288989428,-3.3319800042975727,1.2683625093829123,1.8455520170377062,-6.253122965555445,3.583664747602476,0.7950083736961151,2.775994398994584,2.079450116708174,4.43296948110428,2.7892344827979967,2.449413817465047,-6.385885450407857,3.2751069638208525,1.876488806018721,-2.8339854445678063,-4.078813496813457,-2.1585312230282754,3.4934994995475117,-0.4800617169234133,2.935875845684478,-3.509915294742052,3.061215993774462,2.1307437944625973,2.3016611171496386,0.5244118099832557,2.63189945262562,-0.9686097409675838,2.702064924211034,-1.2611957104261307,1.0864439940337292,3.0317391827689093,-2.119181640388419,3.3376541582696126,-4.525749597998816,3.489090646407341,1.516527391720278
-7.290217738499299,3.1233150209951384,7.353806319600255,4.075598240927397,-6.358069897961085,-3.6602044160358034,1.5050754584138668,3.382545821945736,-7.34626996888973,3.7861393483745673,3.9608562904483127,-13.718667177800278,7.7992675036690855,1.6335932394214308,5.454375158239059,4.43296948110428,10.38795539060184,6.4342756041124005,5.8721208540132235,-14.844806775457345,7.414744638370381,3.70606104941546,-6.125789449772079,-8.792683289638807,-4.894928342950991,7.453161431233295,-0.9436128302753924,5.647090066481833,-7.51380586744675,6.985726253297616,5.478615011911537,5.628895235681204,0.3222830014616146,5.5945236708684805,-2.6198499490960585,6.878570244652678,-2.212530125075236,3.1985757704526274,7.506984412246979,-5.134471073391603,7.884945815669802,-9.913576886750983,8.021955158491663,3.3944087802719327
-4.689830408123852,2.004211801709396,4.578022501344034,2.18666883457752,-3.9916316965740144,-2.3616297107250723,1.0590857896011894,2.069079986566248,-4.722651272844352,2.11530678203146,2.5441227995651023,-8.741745674795933,4.9714001410124045,1.0973282612157709,3.6624368791745896,2.7892344827979967,6.4342756041124005,4.056661716110935,3.5567552660927095,-9.244914722797779,4.60896638481392,2.5092205112605406,-3.9114846484755628,-5.626204364459325,-3.0843030782514584,4.816128960898429,-0.64565325957278,3.848850137227908,-4.8517208877405595,4.328783863706339,3.2449545231186625,3.437304405201222,0.4790547024673255,3.591359306757487,-1.5256892063393084,4.107975711816851,-1.6289608473734338,1.8425932707864634,4.5171369294795944,-3.0966699863370213,4.865021672239026,-6.313474146727619,4.994712385559955,2.12493717154637
-3.7350404488851003,1.5905130539907617,4.157380727960308,3.0778889825220483,-3.495216186010108,-1.884587164508497,0.5996648215233428,1.98225254194544,-3.88281774684188,2.6625813749456637,2.130328513400291,-7.260178312167667,4.127093614990816,0.7983191680254602,2.5919040407859466,2.449413817465047,5.8721208540132235,3.5567552660927095,3.596194969967595,-8.479446430719152,4.2375429144105015,1.6283585035387786,-3.258361425324114,-4.644481763379452,-2.6963016744172434,3.8576617936615554,-0.40678116452683555,2.44874499936861,-3.8440126761853377,4.0130394003689664,3.457522907732883,3.3734066018664186,-0.3521315678491569,2.97227100151402,-1.7649395121624336,4.3125446802566545,-0.7600637018350935,2.1110029148013685,4.567147611392869,-3.2134105997666107,4.558687160618652,-5.29115934091085,4.469887168606572,1.8362161252344205
10.41528543024358,-4.464837079128656,-10.565533583006907,-5.820568522788231,9.096364405937756,5.25880447243626,-2.177354358072668,-4.883990963810946,10.588572125295178,-5.417844164445567,-5.763495227827538,19.656941493465435,-11.20025236545114,-2.3877636933617326,-7.933019526968569,-6.385885450407857,-14.844806775457345,-9.244914722797779,-8.479446430719152,21.41741650566679,-10.684733854534494,-5.295381588886056,8.784962685572415,12.642064938531233,7.018979916637319,-10.717803679266277,1.3473470317539786,-8.116278485964749,10.765129864015362,-10.053393576047698,-7.891171243471928,-8.139539234079264,-0.5651087461331513,-8.110316886200385,3.8169104978457424,-9.915483662830788,3.262090410876135,-4.573823889920306,-10.766437318078843,7.456776259537209,-11.31163656612271,14.226939857481469,-11.483880769357826,-4.831883948860879
-5.276550373762369,2.231003214895638,5.28575571633559,2.743413370034751,-4.544968832029538,-2.6764867765995164,1.0996831918446082,2.4439932523839643,-5.311599628516539,2.6208244842071204,2.9106075998446523,-9.90258009121535,5.675835510125638,1.1939905407753535,4.064132471845281,3.2751069638208525,7.414744638370381,4.60896638481392,4.2375429144105015,-10.684733854534494,5.414432051010655,2.7048262911723664,-4.466253488902273,-6.402479431270933,-3.5034774704007314,5.413888138375335,-0.6845664770942861,4.1762932302717415,-5.444933876278478,5.072918127973292,3.9031401991945596,4.048792215237409,0.3716808008621875,4.11727408289932,-1.8842983456050602,4.902284508770275,-1.6660205181666088,2.1931369812402544,5.336968542888253,-3.7435982376668275,5.636520108512454,-7.19537556306744,5.762202291786999,2.4273638494545
-3.5164352966372707,1.4228156167911779,2.7146764567122936,-0.36081103290375366,-2.5007093689587068,-1.813924113568379,1.139371582104748,1.1017212741333093,-3.3212690258972697,0.14179388070264987,1.8008707537171864,-6.14833334929054,3.5109292326323436,0.9312408612641317,3.2768708707610887,1.876488806018721,3.70606104941546,2.5092205112605406,1.6283585035387786,-5.295381588886056,2.7048262911723664,2.4057787487984963,-2.765109146708201,-4.046028014247186,-1.9650399468423632,3.62198707808277,-0.626285526426907,3.7988315280187077,-3.6777437396872372,2.4832381264838013,1.1592979307153883,1.623805460891735,1.4194979939744636,2.5857672290214686,-0.3290871869712406,1.5517661520806016,-1.9604033183290872,0.361643705455822,1.9870014107178264,-1.2771258507217125,2.653005917125031,-4.380882296475709,3.0272190498502796,1.4111165219207078
4.808214392919662,-1.9759415066368204,-4.396290711304482,-1.3982281584145075,3.873916772536607,2.461284757134888,-1.2048904583541766,-1.9458741505809527,4.719550415020283,-1.5718180861650681,-2.5648534628824544,8.790038762967887,-5.023793699038703,-1.1509301026094774,-3.9809785131072304,-2.8339854445678063,-6.125789449772079,-3.9114846484755628,-3.258361425324114,8.784962685572415,-4.466253488902273,-2.765109146708201,3.980324986807258,5.714389580479727,3.0123362226001893,-4.944804604452929,0.7127880336479413,-4.309814259244696,4.985150377174978,-4.169389047762086,-2.8062377309106563,-3.119575609039014,-0.9106388316363374,-3.663523353149986,1.234805167861414,-3.58764467037808,1.9238023039692373,-1.424620201048853,-4.063048513238045,2.7952617731780354,-4.579410099238908,6.347678819925469,-4.822229148630948,-2.1076829625046494
6.952705155969306,-2.876150097478146,-6.336243625436295,-1.8869993543703165,5.578878096890172,3.565350457475933,-1.785426551302972,-2.814995155698494,6.830440336005132,-2.175514203794245,-3.738625886058069,12.720708910470576,-7.270328630612195,-1.6901335214982613,-5.827752425561196,-4.078813496813457,-8.792683289638807,-5.626204364459325,-4.644481763379452,12.642064938531233,-6.402479431270933,-4.046028014247186,5.714389580479727,8.281815329811984,4.342401055954411,-7.163589608200817,1.042068489453324,-6.320361657518957,7.229145123016926,-5.977421110649194,-3.989202898869313,-4.458353377235437,-1.4138149646181375,-5.317664774979381,1.7388571551482872,-5.086713573485987,2.8900568920933876,-2.012482664707093,-5.795081858217199,3.951056081418923,-6.556746342618976,9.155820764720046,-6.950617854616642,-3.049305007628076
3.6138054426764272,-1.502728009338687,-3.4953140042343285,-1.5833709711336565,3.0477248328815625,1.8395284585976266,-0.8389814507335349,-1.5716148338792355,3.6167885369761845,-1.5494841364338536,-1.9563021118119581,6.733587389310958,-3.810783242048658,-0.8529962938560526,-2.8582764213567917,-2.1585312230282754,-4.894928342950991,-3.0843030782514584,-2.6963016744172434,7.018979916637319,-3.5034774704007314,-1.9650399468423632,3.0123362226001893,4.342401055954411,2.375465632734136,-3.732450122672598,0.5088548383282936,-3.0104663527301767,3.7507126943835223,-3.3004383447081556,-2.4088813863837326,-2.5619909534786505,-0.3964101512643154,-2.7636070743168366,1.1097804208962472,-3.0632741840736286,1.281421193835078,-1.341018770666573,-3.408027840532726,2.3164904104758537,-3.6988113746621414,4.846670309987991,-3.8031840871975118,-1.6423088359081321
-6.049967096553854,2.464210680117408,5.393534352365783,1.3269978236347861,-4.770913658231064,-3.1102062621606033,1.6294855444441592,2.346800015573976,-5.91707275235517,1.648701067554819,3.2230633779753393,-11.002502091871117,6.2555978460817645,1.5052386382218126,5.15070296237213,3.4934994995475117,7.453161431233295,4.816128960898429,3.8576617936615554,-10.717803679266277,5.413888138375335,3.62198707808277,-4.944804604452929,-7.163589608200817,-3.732450122672598,6.2630313189139075,-0.9320740819331358,5.6487544382636,-6.300698854248498,5.039547216147662,3.2302198787922998,3.7085642308507927,1.3924329902405808,4.574390551462517,-1.3406383192962545,4.1614976406024216,-2.6217842189829224,1.5742541914140065,4.796024915670372,-3.2345418476744685,5.548968120674647,-7.901636155374997,5.898100140130617,2.62524019372539
0.9024012454106167,-0.3633245544921259,-0.6870095633940909,0.11385224646896779,0.6427257186989906,0.4713538697078966,-0.2945523150702691,-0.2760807791167922,0.8607976809646599,-0.020312151156331417,-0.46107586772048426,1.5823382187838413,-0.9018417321210964,-0.23973705285404404,-0.856555405862446,-0.4800617169234133,-0.9436128302753924,-0.64565325957278,-0.40678116452683555,1.3473470317539786,-0.6845664770942861,-0.626285526426907,0.7127880336479413,1.042068489453324,0.5088548383282936,-0.9320740819331358,0.1711782400093231,-0.9860554076170718,0.9506395089491788,-0.6384512533534437,-0.27410209633458615,-0.39666610604495217,-0.3777247591896373,-0.6721816607575374,0.08051970556928743,-0.37694109950144505,0.5237441460445142,-0.07937716128815953,-0.49340166073711983,0.32113663708832035,-0.6704573386141804,1.1270405351343722,-0.7724375987895354,-0.3571949040742042
-5.49466199316349,2.240222394744118,4.158808599553808,-0.8494742043174889,-3.8471075154185073,-2.8464637517021303,1.8188035955785544,1.7094212142456353,-5.16224167016645,0.02995940881572216,2.8385819037211246,-9.556416016052069,5.515955911028162,1.46575085584767,5.231281930823267,2.935875845684478,5.647090066481833,3.848850137227908,2.44874499936861,-8.116278485964749,4.1762932302717415,3.7988315280187077,-4.309814259244696,-6.320361657518957,-3.0104663527301767,5.6487544382636,-0.9860554076170718,6.085086889844564,-5.74539171586686,3.8243196466060736,1.7021403154296444,2.4502560088482084,2.413619020853019,4.095991423181427,-0.4602720385768319,2.258533188738002,-3.1963983445834305,0.4467073964191582,2.9459112023888276,-1.9183322888149796,4.019104087266991,-6.820890848103282,4.66375101604535,2.1783808968631417
6.122434726206365,-2.5265510943558156,-5.4198973454313855,-1.265896333074342,4.816485695203075,3.1363993716910903,-1.6483763147309716,-2.3627053947568344,5.967790173793102,-1.6181863593472001,-3.2414890034985526,11.10825258798636,-6.336705109000942,-1.509917248106687,-5.206074686500609,-3.509915294742052,-7.51380586744675,-4.8517208877405595,-3.8440126761853377,10.765129864015362,-5.444933876278478,-3.6777437396872372,4.985150377174978,7.229145123016926,3.7507126943835223,-6.300698854248498,0.9506395089491788,-5.74539171586686,6.372108590458355,-5.074095728984497,-3.233395838425175,-3.7175425653766707,-1.4478983603706055,-4.622596782295066,1.3428322367558387,-4.152729642729854,2.684740500316233,-1.5752659751539417,-4.802966896648181,3.2272370974025426,-5.565190624496909,7.976362118779294,-5.960503107598528,-2.646915322468646
-4.908810643010559,2.0774310558893685,4.966233906203455,2.698821315651687,-4.274636613652402,-2.497159851858583,1.0010064742982667,2.308877655000136,-4.962329593795836,2.537053740345775,2.714150565704042,-9.260275579741988,5.300221316406762,1.1022403913524734,3.7522172036303685,3.061215993774462,6.985726253297616,4.328783863706339,4.0130394003689664,-10.053393576047698,5.072918127973292,2.4832381264838013,-4.169389047762086,-5.977421110649194,-3.3004383447081556,5.039547216147662,-0.6384512533534437,3.8243196466060736,-5.074095728984497,4.782626357130043,3.7047103868723066,3.805164091126065,0.26251834629231463,3.8518643802994554,-1.8082439429068553,4.653134833816045,-1.5156290209871912,2.10982533771492,5.065801903324689,-3.546581735006234,5.3141535170299194,-6.720932959074704,5.4164863875196545,2.2765207044560483
-3.181261905327707,1.455518816644036,3.829779538936048,3.4599926052336016,-3.183615902520884,-1.5542405969084476,0.36083542256931,1.8878534699514957,-3.380240187369252,2.8794096495958343,1.841856512937744,-6.321507398268875,3.6147073807443304,0.6191341966635715,1.935900317427824,2.1307437944625973,5.478615011911537,3.2449545231186625,3.457522907732883,-7.891171243471928,3.9031401991945596,1.1592979307153883,-2.8062377309106563,-3.989202898869313,-2.4088813863837326,3.2302198787922998,-0.27410209633458615,1.7021403154296444,-3.233395838425175,3.7047103868723066,3.5209908657788027,3.306919271748392,-0.7301626645442425,2.554560686402143,-1.8570894039198695,4.323876185170768,-0.34776088143545353,2.2767445803338715,4.481312268677756,-3.1463748573037176,4.2822322531206805,-4.624996264754857,4.129164686954983,1.6378187858423643
-3.6294590138054477,1.619437589235699,3.9738741989966275,2.8434794922330924,-3.36161853934917,-1.7924915267779185,0.6111684229179334,1.888903735051982,-3.7725077125434705,2.4861448624066416,2.0522995332113214,-6.985771795346299,3.994355901050579,0.784263925300011,2.526493560429704,2.3016611171496386,5.628895235681204,3.437304405201222,3.3734066018664186,-8.139539234079264,4.048792215237409,1.623805460891735,-3.119575609039014,-4.458353377235437,-2.5619909534786505,3.7085642308507927,-0.39666610604495217,2.4502560088482084,-3.7175425653766707,3.805164091126065,3.306919271748392,3.273772775345857,-0.22124103892868632,2.8568764474184025,-1.6793962180184288,4.10777793376859,-0.8247934843670847,2.0334596175756983,4.327904852786624,-3.037988823826867,4.345902807344683,-5.093921094875712,4.301063194479134,1.7488778713255022
-1.3465173002197637,0.5389123880914799,0.34682710193495375,-2.152370977483434,-0.4878059818185731,-0.7369126201933497,0.7784693827516012,0.03202181202825984,-1.1219654541628301,-1.37597051292753,0.6593298850847041,-1.959967922713654,1.2132932430657948,0.4810153218631722,1.8795967838878584,0.5244118099832557,0.3222830014616146,0.4790547024673255,-0.3521315678491569,-0.5651087461331513,0.3716808008621875,1.4194979939744636,-0.9106388316363374,-1.4138149646181375,-0.3964101512643154,1.3924329902405808,-0.3777247591896373,2.413619020853019,-1.4478983603706055,0.26251834629231463,-0.7301626645442425,-0.22124103892868632,1.7283703509158364,1.0003344345652596,0.57259558927301,-0.841448401274671,-1.5975241260951552,-0.8300326474022898,-0.5981601753956837,0.42679570072677725,0.04555145839371598,-1.373032447392745,0.4912114425805786,0.3260052414854643
-4.443287795688065,1.8639287004597584,4.034973818104865,1.1160900633787443,-3.558739399843055,-2.2921282938570697,1.1456735873489612,1.83165418314273,-4.384255216173535,1.3430226331705808,2.431698174034073,-8.129622566019492,4.694163155335556,1.084369038064184,3.804889465929211,2.63189945262562,5.5945236708684805,3.591359306757487,2.97227100151402,-8.110316886200385,4.11727408289932,2.5857672290214686,-3.663523353149986,-5.317664774979381,-2.7636070743168366,4.574390551462517,-0.6721816607575374,4.095991423181427,-4.622596782295066,3.8518643802994554,2.554560686402143,2.8568764474184025,1.0003344345652596,3.4837027693316123,-1.1474053787067766,3.2356647015526736,-1.9378530915290535,1.2655272920759482,3.6801095583391685,-2.566952860950876,4.1652010772801,-5.865280346163111,4.451914624818732,1.9302461760142549
1.3298992416656104,-0.6533293069057148,-1.8074986525370211,-2.0051222236312034,1.4790527711940646,0.6386286774702622,-0.04241381982557819,-0.9367204396605643,1.5013650357035848,-1.6196111684852252,-0.8278451758672449,2.7610381345000055,-1.602537028010099,-0.22707938100272293,-0.698911022119942,-0.9686097409675838,-2.6198499490960585,-1.5256892063393084,-1.7649395121624336,3.8169104978457424,-1.8842983456050602,-0.3290871869712406,1.234805167861414,1.7388571551482872,1.1097804208962472,-1.3406383192962545,0.08051970556928743,-0.4602720385768319,1.3428322367558387,-1.8082439429068553,-1.8570894039198695,-1.6793962180184288,0.57259558927301,-1.1474053787067766,1.0591633674448238,-2.2654397485140834,-0.02039394202699152,-1.2501175459393212,-2.282145303584192,1.6682108265164894,-2.076785127099201,2.0518502820758746,-1.9519563622113296,-0.7190724773562429
-4.063588181346137,1.811494970570692,4.8202165623613595,4.227549517367841,-4.017195206341542,-2.0022057683352057,0.5051683314619784,2.3339996324125507,-4.318886362493198,3.5275161538485245,2.3338104982472627,-8.049696657133467,4.5674649768519675,0.8164935878658984,2.539713638508845,2.702064924211034,6.878570244652678,4.107975711816851,4.3125446802566545,-9.915483662830788,4.902284508770275,1.5517661520806016,-3.58764467037808,-5.086713573485987,-3.0632741840736286,4.1614976406024216,-0.37694109950144505,2.258533188738002,-4.152729642729854,4.653134833816045,4.323876185170768,4.10777793376859,-0.841448401274671,3.2356647015526736,-2.2654397485140834,5.3609946862575715,-0.5038032172768504,2.7742601543691228,5.565912911930726,-3.9134541112897416,5.379900179878936,-5.885852287340323,5.174945505330245,2.069949746991671
2.54222676251963,-1.0706754889975092,-1.6655890206579336,1.1471701181802532,1.6218769341956503,1.3289028392501474,-0.9872401998368752,-0.6616453975353771,2.3775424109950123,0.5273604689083204,-1.3324245104530927,4.291108783238708,-2.513881818788553,-0.7409068803841737,-2.7027723317305794,-1.2611957104261307,-2.212530125075236,-1.6289608473734338,-0.7600637018350935,3.262090410876135,-1.6660205181666088,-1.9604033183290872,1.9238023039692373,2.8900568920933876,1.281421193835078,-2.6217842189829224,0.5237441460445142,-3.1963983445834305,2.684740500316233,-1.5156290209871912,-0.34776088143545353,-0.8247934843670847,-1.5975241260951552,-1.9378530915290535,-0.02039394202699152,-0.5038032172768504,1.8905625677445344,0.13023093263793173,-0.8531744569918333,0.5463768161206072,-1.4953458421154135,3.0373311674913532,-1.9228780718604985,-0.9155823944861003
-1.5725426528243998,0.7894921187543945,2.1890761431585446,2.5932423812511893,-1.796053851073325,-0.7239349579317416,0.04060376372836161,1.1108412358651363,-1.7668977200802254,2.0469704872427172,0.9351076875246598,-3.2861375365874532,1.8553644106086415,0.26136731752476744,0.6894941518128751,1.0864439940337292,3.1985757704526274,1.8425932707864634,2.1110029148013685,-4.573823889920306,2.1931369812402544,0.361643705455822,-1.424620201048853,-2.012482664707093,-1.341018770666573,1.5742541914140065,-0.07937716128815953,0.4467073964191582,-1.5752659751539417,2.10982533771492,2.2767445803338715,2.0334596175756983,-0.8300326474022898,1.2655272920759482,-1.2501175459393212,2.7742601543691228,0.13023093263793173,1.604510812787014,2.806106542066094,-1.9413335662958633,2.537365585983505,-2.4071086436846008,2.3474400324912255,0.8892444893906519
-4.684665247750171,2.045599226647181,5.278953241043458,4.119055092542034,-4.448363008599706,-2.3317939036390714,0.7123254005813378,2.5212906747054826,-4.873113855250174,3.5156515549129264,2.635075234223029,-9.133731855554231,5.178728780530595,0.9720418622236144,3.112276383138208,3.0317391827689093,7.506984412246979,4.5171369294795944,4.567147611392869,-10.766437318078843,5.336968542888253,1.9870014107178264,-4.063048513238045,-5.795081858217199,-3.408027840532726,4.796024915670372,-0.49340166073711983,2.9459112023888276,-4.802966896648181,5.065801903324689,4.481312268677756,4.327904852786624,-0.5981601753956837,3.6801095583391685,-2.282145303584192,5.565912911930726,-0.8531744569918333,2.806106542066094,5.885422419196461,-4.077533809403139,5.8157724447143915,-6.638433666990104,5.694538749603026,2.3312835138309644
3.1490394835656406,-1.3747466538098896,-3.612021612688344,-2.8913667919005603,3.023291441621899,1.5819547594027117,-0.4320821839502785,-1.7562405766389106,3.3276571539070363,-2.4787629995046685,-1.8259006793091326,6.173244517581724,-3.541048212676754,-0.6454354985671256,-2.1283664644380815,-2.119181640388419,-5.134471073391603,-3.0966699863370213,-3.2134105997666107,7.456776259537209,-3.7435982376668275,-1.2771258507217125,2.7952617731780354,3.951056081418923,2.3164904104758537,-3.2345418476744685,0.32113663708832035,-1.9183322888149796,3.2272370974025426,-3.546581735006234,-3.1463748573037176,-3.037988823826867,0.42679570072677725,-2.566952860950876,1.6682108265164894,-3.9134541112897416,0.5463768161206072,-1.9413335662958633,-4.077533809403139,2.9505715334175853,-4.001329736462987,4.536392983433446,-3.899401901296518,-1.5529141870834002
-5.396875622507624,2.2967072938474895,5.590736504559301,3.3878038156658374,-4.792814828927152,-2.713059799202939,1.0638943491725983,2.5828292027173387,-5.488833279944681,3.0647339729740377,2.9681443499220723,-10.242857450701813,5.80576029371552,1.2094336559327619,3.9630703622432857,3.3376541582696126,7.884945815669802,4.865021672239026,4.558687160618652,-11.31163656612271,5.636520108512454,2.653005917125031,-4.579410099238908,-6.556746342618976,-3.6988113746621414,5.548968120674647,-0.6704573386141804,4.019104087266991,-5.565190624496909,5.3141535170299194,4.2822322531206805,4.345902807344683,0.04555145839371598,4.1652010772801,-2.076785127099201,5.379900179878936,-1.4953458421154135,2.537365585983505,5.8157724447143915,-4.001329736462987,6.034581285425946,-7.415261602350519,6.053758978083227,2.5486185085804327
7.689896271781035,-3.2028238439611343,-7.113546842245444,-2.43494439081066,6.252670720692221,3.9248161620623296,-1.9063389625214555,-3.1666879968960537,7.5820887950521865,-2.6554474366432563,-4.118617450919916,14.115825064449064,-8.065795129211027,-1.8372589098271177,-6.3138008824848155,-4.525749597998816,-9.913576886750983,-6.313474146727619,-5.29115934091085,14.226939857481469,-7.19537556306744,-4.380882296475709,6.347678819925469,9.155820764720046,4.846670309987991,-7.901636155374997,1.1270405351343722,-6.820890848103282,7.976362118779294,-6.720932959074704,-4.624996264754857,-5.093921094875712,-1.373032447392745,-5.865280346163111,2.0518502820758746,-5.885852287340323,3.0373311674913532,-2.4071086436846008,-6.638433666990104,4.536392983433446,-7.415261602350519,10.181568503928116,-7.801161941916641,-3.3981116942417158
-5.77750686699451,2.4815740459842432,5.6968422571285675,2.8301103621175,-4.946286854194163,-2.913023334865523,1.2511528403873882,2.620983758263917,-5.78603983213502,2.724473998542183,3.1385313238506622,-10.800523882548044,6.17371043053392,1.3084157674240446,4.448057325538083,3.489090646407341,8.021955158491663,4.994712385559955,4.469887168606572,-11.483880769357826,5.762202291786999,3.0272190498502796,-4.822229148630948,-6.950617854616642,-3.8031840871975118,5.898100140130617,-0.7724375987895354,4.66375101604535,-5.960503107598528,5.4164863875196545,4.129164686954983,4.301063194479134,0.4912114425805786,4.451914624818732,-1.9519563622113296,5.174945505330245,-1.9228780718604985,2.3474400324912255,5.694538749603026,-3.899401901296518,6.053758978083227,-7.801161941916641,6.24567914068396,2.653129312730698
-2.555827416049081,1.0577880940930917,2.42933121520207,0.9993082604173351,-2.119001807759253,-1.3019327983782796,0.6077646794724028,1.0913847604854903,-2.512546303411177,1.0110778048188627,1.361621340224944,-4.734279135028695,2.68478677661012,0.5951279768539177,2.0207871002949913,1.516527391720278,3.3944087802719327,2.12493717154637,1.8362161252344205,-4.831883948860879,2.4273638494545,1.4111165219207078,-2.1076829625046494,-3.049305007628076,-1.6423088359081321,2.62524019372539,-0.3571949040742042,2.1783808968631417,-2.646915322468646,2.2765207044560483,1.6378187858423643,1.7488778713255022,0.3260052414854643,1.9302461760142549,-0.7190724773562429,2.069949746991671,-0.9155823944861003,0.8892444893906519,2.3312835138309644,-1.5529141870834002,2.5486185085804327,-3.3981116942417158,2.653129312730698,1.1682867015276783
