V1,V2,V3,V4,V5,V6,V7,V8,V9,V10,V11,V12,V13,V14,V15,V16,V17,V18,V19,V20,V21,V22,V23,V24,V25,V26,V27,V28,V29,V30,V31,V32,V33,V34,V35,V36,V37,V38,V39,V40,V41,V42,V43,V44
0.6795424899094311,-0.5428136996343524,1.3964809423955542,0.612056732300099,-0.2691461631692089,-0.4136725788796735,0.03709769671513902,0.1310589015064487,0.3941503960858071,-0.522035242373437,1.148172596439272,-0.5706079609602733,-2.2294026049992306,1.4865695414195106,0.6530635881814135,0.7431812887049919,0.5865732021968624,0.8027565425972583,0.21811403204661012,0.7400209548752633,0.2745286104767218,1.000241549313139,0.5291586527437457,0.9376837978971927,0.6328584626566472,0.15792510821877517,0.06257454878496213,0.12884908643590828,0.09731498686039101,1.0772735317208055,-0.2649686297220547,-0.06530245585848155,0.43673412676673085,0.5021494116923838,1.0851542582064972,1.1485406393288273,0.6239322799595273,-0.07431766850434043,-1.4684577415244375,-0.7694636189572133,2.1872717179731707,0.6815342042720026,-2.450316564027508,1.4890741199661655
-0.5428136996343524,1.5669448454819472,-0.7189172527030506,-0.37073941186361925,0.9569945861004627,0.07082754514974235,0.7044694931071608,-0.2314908635006809,-1.2696047856303598,-0.4463804654594892,-0.5210751702638297,1.0865636275070163,2.3006910521388573,-1.4489482208952702,-0.3083806279845074,0.12580775428980065,-0.5823051318342974,-0.831906810607172,0.6696231694805367,-0.21553160566071627,-0.11491215042062346,-0.22120526081050648,-0.6061970968489708,-0.47927749495352173,-0.8508590693736341,-0.5199656164232938,0.09907982744433474,-0.4789186490865207,-0.6404139892896743,-0.7051565136015445,0.8496930339859271,-0.21213543890781603,-0.5948272957981929,-1.0765620484380123,-1.0733799564787094,-0.6713266376658485,-0.6368616053045939,-0.008139172232839774,1.0664881014163563,-0.03127017750043548,-2.3456209161296093,-0.022791082859409336,1.9999616482986171,-1.3531912789775282
1.3964809423955542,-0.7189172527030506,4.331321317851715,2.053977676673961,-0.28891789920684124,-0.6894222266572166,0.7883122402500653,0.07461395521619822,0.5194409756188734,-1.1561680582000056,2.959687771340025,-1.1476059477293938,-4.736754126991827,3.8015265834911447,1.4969949506134772,1.7297544323874747,1.0686501204227188,1.840248622506667,0.2869481604966744,1.9931232660588758,0.8867486785433194,2.6709522655957563,1.226257999689354,2.102579333879011,1.2306015793046035,0.9201043479800081,0.1898538232264603,0.6165654827571644,0.039979943415331565,2.5795122699760302,-0.5504797919479208,-0.02046714248572859,1.1715121462670588,0.8744004455359206,2.0615802743569382,3.3052745810189155,1.4364966811377922,0.545619773025257,-3.3065927111542694,-1.924329082470049,4.754882517246483,1.8588703182619932,-5.318808764190177,3.029073121081041
0.612056732300099,-0.37073941186361925,2.053977676673961,1.0684433605456043,-0.19768604471586965,-0.23185973352030698,0.39658670266117374,0.0545470550526568,0.24688161174622786,-0.5583764600491611,1.377324721025911,-0.6091989800612979,-2.316179814346058,1.8173698302684718,0.7248758602448588,0.7217837367887533,0.49871478572125455,0.9123912359621117,0.11884788527019784,0.8608271148001468,0.41933979708033536,1.11041586774294,0.5407572037636077,1.0213834954624945,0.6327205008321505,0.5004262239312143,0.09798542879252088,0.35091275188059134,0.07786083508300258,1.264675303076754,-0.41556698170180056,0.07894721816356771,0.6029956011553852,0.46166467556447355,0.8999613918033262,1.5155638892568373,0.7493782841073675,0.3453730012098466,-1.5197628751079302,-0.8124277219194284,2.288204776171914,0.812523154711315,-2.4367976565082072,1.41491842199769
-0.2691461631692089,0.9569945861004627,-0.28891789920684124,-0.19768604471586965,0.6543275213518576,-0.004383660570672529,0.36143167595600384,-0.2072502723388511,-0.6737979448106295,-0.34024197495590935,-0.1459453582612022,0.5734113768879107,1.1783047032504916,-0.6956375121852484,-0.16956517309159147,0.2694061138711804,-0.3245749472495641,-0.4265463008226355,0.3686948583333271,0.03731015593517492,-0.12933519386957337,-0.04444211950960299,-0.2987904485410203,-0.2825514961647233,-0.49380557483607584,-0.3356047402976654,0.04084803683670018,-0.33028325411913273,-0.5123989475704402,-0.34135217360484815,0.6323246940846431,-0.30717478967706136,-0.4627560356099499,-0.6064709769574105,-0.37301115861589595,-0.3282631873556366,-0.38156326233183646,-0.14394201449873803,0.42875941802063816,-0.10878971790362657,-1.3242656358770686,0.036208983329823904,0.9756117420067203,-0.7361553353776432
-0.4136725788796735,0.07082754514974235,-0.6894222266572166,-0.23185973352030698,-0.004383660570672529,0.3709973193734951,-0.12426135358058232,-0.082793583263878,0.00396337592800344,0.5018739537685187,-0.667574276449602,0.12081733145879994,1.0758004540415131,-0.6547256693193979,-0.41334522256090156,-0.5946292881150929,-0.3352958280091364,-0.36078873019448865,-0.3954180723153553,-0.46563537400804683,-0.165367177483545,-0.7147860128305137,-0.24812403785992662,-0.5928013145225194,-0.26728266081051405,0.11812553684354961,-0.07068837899617136,0.08703768703918265,0.05779775334512561,-0.5884131607992255,-0.049534257578745536,0.11256757596584355,-0.16664460937335004,-0.10817197215155268,-0.5714101086625205,-0.6214417327212776,-0.2814788458079048,0.15982736676816137,0.8237715348945044,0.6040347485874222,-1.070309527291437,-0.5002430525108817,1.3861206124490173,-0.8382994289906939
0.03709769671513902,0.7044694931071608,0.7883122402500653,0.39658670266117374,0.36143167595600384,-0.12426135358058232,0.8641021599544262,4.773649019555616e-4,-0.8051668768905992,-0.438700306035534,0.3255811191328599,0.5126574706989568,0.36354246003437374,0.04491064203498075,0.26029117545049363,0.26108621522364395,-0.0749604787182987,-0.08059254810329715,0.53812318773171,0.24110521604628762,0.393367428605643,0.7221109101717851,-0.06361725274863388,0.359060135819267,-0.19645759390668718,0.06956378570922575,0.16453793145702306,0.020580275078712993,-0.12344980530510298,0.2196199193321825,0.1601562510759648,0.23815206823150495,0.2674578583564957,-0.49438970022311196,-0.5702112627065705,0.6427648264629633,0.04470788648834673,0.515348081441997,6.524822227699546e-4,-0.5342585057644319,-0.050893465229622084,0.5730474641890121,-0.0927206668974327,0.00306295200820015
0.1310589015064487,-0.2314908635006809,0.07461395521619822,0.0545470550526568,-0.2072502723388511,-0.082793583263878,4.773649019555616e-4,0.14146690404353005,0.05064960006619436,-0.037334714755186,0.0617853989010303,-0.0736981234192665,-0.3781847380718928,0.14267225822583376,0.14771724253337198,-0.04559230256009984,0.1546298206539284,0.12162185998331794,0.10744187762507844,-0.03591254942348412,0.11845773454615986,0.12398557793950456,0.06535786607167896,0.23861839936293994,0.1687136593346185,0.014622164379157185,0.03152467428831303,0.05435877799610779,0.2039174015233155,0.1663538177758024,-0.22021485958932102,0.18507895927706458,0.22631085231181544,0.11819426106954789,0.0072946061740422315,0.14545379946687886,0.15853252708284785,0.07242846350521875,-0.13668581647099218,-0.0757442380238898,0.5063210918752923,0.08789039371344931,-0.4091166176642444,0.3428271652889677
0.3941503960858071,-1.2696047856303598,0.5194409756188734,0.24688161174622786,-0.6737979448106295,0.00396337592800344,-0.8051668768905992,0.05064960006619436,1.2537882922657007,0.3769937695290386,0.48859172081195523,-1.055990978596564,-1.973295254957145,1.2588688236306749,0.13690363460259392,0.041437384047506715,0.42783168310717645,0.7132312250098858,-0.7428806227001177,0.2827265368653087,-0.12312661530251862,-0.025880243079486238,0.51346198572939,0.20389655110191646,0.6742225355710642,0.3893211261014871,-0.14951561472245134,0.3225197178934649,0.3143849366182098,0.5381019305169927,-0.5317107411630972,-0.1417866740815853,0.20066301631610559,0.966936558789274,1.2419786821835819,0.37225409277306076,0.44582121969167837,-0.26259685228793683,-0.9908991885377296,0.12472525981491618,1.7213560194581654,-0.130598932606852,-1.5691408279349937,0.9744503742559315
-0.522035242373437,-0.4463804654594892,-1.1561680582000056,-0.5583764600491611,-0.34024197495590935,0.5018739537685187,-0.438700306035534,-0.037334714755186,0.3769937695290386,1.3929847571301956,-1.2749441806875377,0.14279598499523588,1.7612104885625102,-0.9391018194156331,-0.7604810003256476,-1.2706554241618508,-0.4620168398940437,-0.6056894517622317,-1.006740054208483,-0.8076517845590265,-0.12055802694551128,-0.8799920533521673,-0.19027330513187293,-1.0698792504937622,-0.3723116346213354,0.3769258253632492,-0.16520608955397004,0.325097792382373,0.4288744846522441,-1.1240103617112458,-0.1781953386550064,0.38425338138090753,0.002247268130298558,0.008770279675584438,-0.9565645223598732,-0.7825100236912647,-0.4939752738727582,0.3973309328842745,1.3911639228854784,1.0164835196992323,-1.3479159632875057,-0.7882086946601062,2.0039229642170504,-1.165052837301293
1.148172596439272,-0.5210751702638297,2.959687771340025,1.377324721025911,-0.1459453582612022,-0.667574276449602,0.3255811191328599,0.0617853989010303,0.48859172081195523,-1.2749441806875377,2.39230822546445,-1.0120355698798282,-4.0579599394477155,2.8531408051670306,1.2226074410909709,1.672042287457298,0.9534091382828478,1.5031430928255838,0.484444432758632,1.5886500024847883,0.4355833633983003,1.8450429100274501,0.9049438323744426,1.7197408828508964,1.0472486711493254,0.3184842690410996,0.13079855737556986,0.1827947941818546,-0.16622576210998644,2.106973142073471,-0.2821949211208787,-0.3530062605670389,0.5921063287912725,0.7563187495301568,2.0848552249569186,2.198045425710129,1.1265285791565722,-0.13533293585937908,-2.8271089594534975,-1.5288964180165894,3.708591857547625,1.3385842478022782,-4.378505957366827,2.523067048404587
-0.5706079609602733,1.0865636275070163,-1.1476059477293938,-0.6091989800612979,0.5734113768879107,0.12081733145879994,0.5126574706989568,-0.0736981234192665,-1.055990978596564,0.14279598499523588,-1.0120355698798282,1.1224929656460838,2.67564532860519,-1.701597921626834,-0.4608666077721414,-0.456773057233015,-0.5871531403760074,-0.9795309654868462,0.3827953103746817,-0.5800590766689998,0.002660086287009873,-0.32827702019773974,-0.5830853819059295,-0.66322276932739,-0.8364096035642317,-0.37293119938522895,0.06935311415786075,-0.2924969518758666,-0.20523775654406437,-1.0247665287075378,0.5784271625052758,0.17239216221483886,-0.31018542307741886,-0.9614120999321205,-1.4843116435471735,-0.7857886696612126,-0.6948553323292045,0.23352184711251933,1.5012529944240498,0.2538312533394258,-2.311543754205291,-0.20163301125431782,2.319991124042358,-1.4157497072323177
-2.2294026049992306,2.3006910521388573,-4.736754126991827,-2.316179814346058,1.1783047032504916,1.0758004540415131,0.36354246003437374,-0.3781847380718928,-1.973295254957145,1.7612104885625102,-4.0579599394477155,2.67564532860519,8.575925200133069,-5.518857445016521,-2.191417116137046,-2.4648965159306795,-2.077381346121008,-3.116102953183387,-0.305853239501479,-2.4607773250014273,-0.5981151679780478,-2.624526959286235,-1.8346070173212772,-3.143950612496603,-2.503849951644209,-0.7270778815325246,-0.10662158508256038,-0.5682721560286216,-0.33421165559606275,-3.9226306937770303,1.3308193171579634,0.4164115927728702,-1.3133271630259233,-2.2536150712150596,-4.339015258737277,-3.571015529922256,-2.3756148591708364,0.4939776164964187,5.328211980008582,2.1635705892621626,-7.838958083100488,-1.8657001836332767,8.520236499035999,-5.182453681240764
1.4865695414195106,-1.4489482208952702,3.8015265834911447,1.8173698302684718,-0.6956375121852484,-0.6547256693193979,0.04491064203498075,0.14267225822583376,1.2588688236306749,-0.9391018194156331,2.8531408051670306,-1.701597921626834,-5.518857445016521,3.9887001700345737,1.4317189212271588,1.6054028834598058,1.2707959235860842,2.074353708838344,-0.05165768457789042,1.8455741376558796,0.593219156682391,2.1530366681924367,1.3388731343408817,2.021887583852054,1.558332417069593,0.8426650306048409,0.07690206036834367,0.6098450624483986,0.21251203422575582,2.6201625416248775,-0.8237740155691287,-0.17961474374860617,1.0486821008925735,1.4141950680095094,2.70960078247791,2.8849029328586218,1.5566133298202738,0.07969591606082382,-3.555008657189627,-1.5732051520711121,5.251944818092469,1.4621641999256658,-5.689153687776533,3.345203039655899
0.6530635881814135,-0.3083806279845074,1.4969949506134772,0.7248758602448588,-0.16956517309159147,-0.41334522256090156,0.26029117545049363,0.14771724253337198,0.13690363460259392,-0.7604810003256476,1.2226074410909709,-0.4608666077721414,-2.191417116137046,1.4317189212271588,0.7482734080169066,0.820873224783842,0.5744067751416216,0.7978353923595246,0.45206107606320917,0.7424307065259559,0.3296448575480505,1.0357303683115304,0.44874631699084705,1.0723707097268078,0.6097630457786816,0.1123484367555348,0.11618651593712527,0.09344254324718457,0.04789310753385017,1.1718829119531469,-0.2797510929366698,-0.00724147412682418,0.46630695472587136,0.3776181557566732,0.9340665886561144,1.1854022812200966,0.6700005902927432,0.008336564855544615,-1.4557890468750043,-0.8597950135835972,2.134924261360414,0.7713868282979741,-2.4132472967612606,1.4794400371642817
0.7431812887049919,0.12580775428980065,1.7297544323874747,0.7217837367887533,0.2694061138711804,-0.5946292881150929,0.26108621522364395,-0.04559230256009984,0.041437384047506715,-1.2706554241618508,1.672042287457298,-0.456773057233015,-2.4648965159306795,1.6054028834598058,0.820873224783842,1.5174401446637804,0.5940812611126328,0.8745167183227924,0.6972210869463549,1.1840421731109876,0.1299932052941361,1.2417754582984026,0.4829599844665764,1.137547699313278,0.5336099453898016,-0.18230100624559795,0.10791260546849561,-0.21363676450208993,-0.47407156324383765,1.3666542202873395,0.23343727610837225,-0.5852233283678836,0.029954523218756433,0.25354575193257517,1.549809697266091,1.2286866692438723,0.5974236284315093,-0.4819075788867502,-1.9372323249222911,-1.2041477893589225,1.9948117949507702,0.9500483767163493,-2.799665642856041,1.5450279679294618
0.5865732021968624,-0.5823051318342974,1.0686501204227188,0.49871478572125455,-0.3245749472495641,-0.3352958280091364,-0.0749604787182987,0.1546298206539284,0.42783168310717645,-0.4620168398940437,0.9534091382828478,-0.5871531403760074,-2.077381346121008,1.2707959235860842,0.5744067751416216,0.5940812611126328,0.5519094699571345,0.7373465584301393,0.1880323975064387,0.5620068308848506,0.18989426453126274,0.7101629054749251,0.44268862288918676,0.8364371622031622,0.6223728353576142,0.10452623685239307,0.04542121362605404,0.10338104055736672,0.13967123338116663,0.9557945283427748,-0.3344812396044122,-0.04156943359202306,0.3753122925343618,0.5249926364552184,0.9992109193336683,0.8717159485491667,0.5860478829532486,-0.13083052317686558,-1.2819046964354006,-0.5804197617461324,1.9806764969628363,0.49910243100869617,-2.1480057080622257,1.3477568473914938
0.8027565425972583,-0.831906810607172,1.840248622506667,0.9123912359621117,-0.4265463008226355,-0.36078873019448865,-0.08059254810329715,0.12162185998331794,0.7132312250098858,-0.6056894517622317,1.5031430928255838,-0.9795309654868462,-3.116102953183387,2.074353708838344,0.7978353923595246,0.8745167183227924,0.7373465584301393,1.148142771069392,0.06220548699082458,0.9165889541926477,0.24833813872680197,0.9918742052256245,0.6804106676156664,1.1392744964554578,0.90600895443593,0.3409740148076287,0.04094732173113822,0.2590330829739409,0.1300031329433894,1.4427004748891183,-0.5075725225012072,-0.11973959723694338,0.5167107435347889,0.8196093362065676,1.5414250521310726,1.377598035794774,0.8767105989995885,-0.09445015589445523,-1.938120804748896,-0.7897514381367496,2.873298042664156,0.7022482805098869,-3.0951176140659284,1.8680168341677728
0.21811403204661012,0.6696231694805367,0.2869481604966744,0.11884788527019784,0.3686948583333271,-0.3954180723153553,0.53812318773171,0.10744187762507844,-0.7428806227001177,-1.006740054208483,0.484444432758632,0.3827953103746817,-0.305853239501479,-0.05165768457789042,0.45206107606320917,0.6972210869463549,0.1880323975064387,0.06220548699082458,1.0383497613764872,0.2773619861923337,0.16141597244453856,0.5681610699469543,-0.09731786525167073,0.6543240313880685,0.004422869428526156,-0.4925800485642339,0.1791227777805228,-0.37125097534061574,-0.2648415058945156,0.4550160196955616,0.25698074694505174,-0.07819229138629585,-0.002132398898811778,-0.37728941760233936,0.021736015004411448,0.26606325456199087,0.14420754130023414,-0.17720531477323306,-0.41047697701461594,-0.6855983483387005,0.25971295625650087,0.5398123548586374,-0.6823467681874348,0.4529128288635033
0.7400209548752633,-0.21553160566071627,1.9931232660588758,0.8608271148001468,0.03731015593517492,-0.46563537400804683,0.24110521604628762,-0.03591254942348412,0.2827265368653087,-0.8076517845590265,1.5886500024847883,-0.5800590766689998,-2.4607773250014273,1.8455741376558796,0.7424307065259559,1.1840421731109876,0.5620068308848506,0.9165889541926477,0.2773619861923337,1.138419830393513,0.2670860215389831,1.317409123734413,0.607222930317013,1.0259899390729368,0.5811869772643983,0.19514795814228775,0.07334241340444293,0.08345886588109734,-0.22783671551141538,1.3043310962114012,0.005682090364705254,-0.34652522027670873,0.29272240416666595,0.4062259002027769,1.3928984724937457,1.4828101167879975,0.6387232201914527,-0.12585038797518128,-1.841954221183955,-1.0640262318976974,2.2310317525931582,0.9236331544064251,-2.785933851532825,1.5365265231205882
0.2745286104767218,-0.11491215042062346,0.8867486785433194,0.41933979708033536,-0.12933519386957337,-0.165367177483545,0.393367428605643,0.11845773454615986,-0.12312661530251862,-0.12055802694551128,0.4355833633983003,0.002660086287009873,-0.5981151679780478,0.593219156682391,0.3296448575480505,0.1299932052941361,0.18989426453126274,0.24833813872680197,0.16141597244453856,0.2670860215389831,0.3917392476573771,0.7271477967451867,0.21297699862197303,0.4823208616941806,0.18276127445809773,0.2556911093990755,0.09237673388279546,0.21103583779177076,0.20270366056359462,0.4300572050828755,-0.20718462880772298,0.3084623380309211,0.49091444314298566,0.03437475726505932,-0.05233968341666889,0.8085696332654526,0.2788360076838277,0.4233227157972866,-0.4094515640365056,-0.43470360512454354,0.9384284621265772,0.48812840588978873,-0.9106380603939523,0.5792282438977592
1.000241549313139,-0.22120526081050648,2.6709522655957563,1.11041586774294,-0.04444211950960299,-0.7147860128305137,0.7221109101717851,0.12398557793950456,-0.025880243079486238,-0.8799920533521673,1.8450429100274501,-0.32827702019773974,-2.624526959286235,2.1530366681924367,1.0357303683115304,1.2417754582984026,0.7101629054749251,0.9918742052256245,0.5681610699469543,1.317409123734413,0.7271477967451867,2.1644324375036685,0.7645797328339282,1.4605729854285585,0.6378146382340399,0.3472888027962689,0.19184190773182377,0.2341377052256545,0.010108505919239265,1.5645145389449722,-0.09015600544342514,0.0478428646875105,0.8151258208481466,0.27167345273666316,1.0699406413744597,2.248572223755476,0.8026605562165731,0.3404143273429012,-2.0273583341558528,-1.5492906429269109,2.927868547433616,1.4661528897135885,-3.4748174529687,2.0073367935434
0.5291586527437457,-0.6061970968489708,1.226257999689354,0.5407572037636077,-0.2987904485410203,-0.24812403785992662,-0.06361725274863388,0.06535786607167896,0.51346198572939,-0.19027330513187293,0.9049438323744426,-0.5830853819059295,-1.8346070173212772,1.3388731343408817,0.44874631699084705,0.4829599844665764,0.44268862288918676,0.6804106676156664,-0.09731786525167073,0.607222930317013,0.21297699862197303,0.7645797328339282,0.49390189805245094,0.6391600091783227,0.5301289303093292,0.2989191677404725,0.00894818942559775,0.22475095459831965,0.13032263091632185,0.8251301693569875,-0.274116151484084,-0.04316206466177127,0.38333963370067226,0.5125873904231812,0.9268119898038485,0.9845196898476613,0.49954690927547385,0.018072583978295094,-1.1791300404564653,-0.5140601141162054,1.8157633321056525,0.48010577505732477,-1.9481347820571977,1.1541681294690083
0.9376837978971927,-0.47927749495352173,2.102579333879011,1.0213834954624945,-0.2825514961647233,-0.5928013145225194,0.359060135819267,0.23861839936293994,0.20389655110191646,-1.0698792504937622,1.7197408828508964,-0.66322276932739,-3.143950612496603,2.021887583852054,1.0723707097268078,1.137547699313278,0.8364371622031622,1.1392744964554578,0.6543240313880685,1.0259899390729368,0.4823208616941806,1.4605729854285585,0.6391600091783227,1.5499569510987057,0.8885150592011967,0.15784199573929972,0.16690759259838947,0.13571893561548334,0.1088706506869462,1.6698876047160944,-0.43709098576295424,0.02499182541910872,0.6940005020172829,0.5524792698786569,1.3112977162721833,1.6791622649881213,0.9684613766398023,0.02115175731573841,-2.060339072061773,-1.2132599007276803,3.083757986909279,1.0890924441960321,-3.452649572719552,2.1366162974116505
0.6328584626566472,-0.8508590693736341,1.2306015793046035,0.6327205008321505,-0.49380557483607584,-0.26728266081051405,-0.19645759390668718,0.1687136593346185,0.6742225355710642,-0.3723116346213354,1.0472486711493254,-0.8364096035642317,-2.503849951644209,1.558332417069593,0.6097630457786816,0.5336099453898016,0.6223728353576142,0.90600895443593,0.004422869428526156,0.5811869772643983,0.18276127445809773,0.6378146382340399,0.5301289303093292,0.8885150592011967,0.7816248227520141,0.25751662691218125,0.020302308545561573,0.22675117441112594,0.24154933386838867,1.0904177656947518,-0.5389982605984219,-0.002525770073125822,0.46461496209847303,0.7414759890480841,1.1828710045972444,0.956695292953308,0.7176287766080521,-0.09208830524463345,-1.450428347431645,-0.5005756675088994,2.3512309892283914,0.4452112984805969,-2.409556675218558,1.521242785605972
0.15792510821877517,-0.5199656164232938,0.9201043479800081,0.5004262239312143,-0.3356047402976654,0.11812553684354961,0.06956378570922575,0.014622164379157185,0.3893211261014871,0.3769258253632492,0.3184842690410996,-0.37293119938522895,-0.7270778815325246,0.8426650306048409,0.1123484367555348,-0.18230100624559795,0.10452623685239307,0.3409740148076287,-0.4925800485642339,0.19514795814228775,0.2556911093990755,0.3472888027962689,0.2989191677404725,0.15784199573929972,0.25751662691218125,0.6101620016992347,-0.019923783543337896,0.4604343068948797,0.29899325713106467,0.3121112336906235,-0.41467205900117926,0.28330394421085553,0.4640169274485438,0.3446934809988917,0.11938552847136516,0.7143722711927815,0.2801637988395147,0.5076583991288918,-0.3487303009043322,-0.03597975181450908,0.9469502921229337,0.16994223233745087,-0.6837913174219883,0.3901767422304276
0.06257454878496213,0.09907982744433474,0.1898538232264603,0.09798542879252088,0.04084803683670018,-0.07068837899617136,0.16453793145702306,0.03152467428831303,-0.14951561472245134,-0.16520608955397004,0.13079855737556986,0.06935311415786075,-0.10662158508256038,0.07690206036834367,0.11618651593712527,0.10791260546849561,0.04542121362605404,0.04094732173113822,0.1791227777805228,0.07334241340444293,0.09237673388279546,0.19184190773182377,0.00894818942559775,0.16690759259838947,0.020302308545561573,-0.019923783543337896,0.04498330964852188,-0.011899759339906408,-0.005273096707050956,0.13000515964579878,-0.0026048672690511428,0.053263218076468194,0.08395526853805316,-0.06196328036349186,-0.04119737219175014,0.1682367505959738,0.06445505685203225,0.06792809445103344,-0.10120719780420298,-0.1618335213525993,0.16110389499313615,0.15640837418770767,-0.2058804483250619,0.1345685634732908
0.12884908643590828,-0.4789186490865207,0.6165654827571644,0.35091275188059134,-0.33028325411913273,0.08703768703918265,0.020580275078712993,0.05435877799610779,0.3225197178934649,0.325097792382373,0.1827947941818546,-0.2924969518758666,-0.5682721560286216,0.6098450624483986,0.09344254324718457,-0.21363676450208993,0.10338104055736672,0.2590330829739409,-0.37125097534061574,0.08345886588109734,0.21103583779177076,0.2341377052256545,0.22475095459831965,0.13571893561548334,0.22675117441112594,0.4604343068948797,-0.011899759339906408,0.3692001781654314,0.30554641451577236,0.22647139034715438,-0.3877759837115639,0.28438321321469445,0.4063861191751378,0.2956426282938213,0.04356018195274278,0.5114476977936137,0.2333931887488434,0.40483550101978666,-0.22771771331476864,0.008317919456952254,0.7846317481267777,0.10528478745201882,-0.5245125467102987,0.33618709584090845
0.09731498686039101,-0.6404139892896743,0.039979943415331565,0.07786083508300258,-0.5123989475704402,0.05779775334512561,-0.12344980530510298,0.2039174015233155,0.3143849366182098,0.4288744846522441,-0.16622576210998644,-0.20523775654406437,-0.33421165559606275,0.21251203422575582,0.04789310753385017,-0.47407156324383765,0.13967123338116663,0.1300031329433894,-0.2648415058945156,-0.22783671551141538,0.20270366056359462,0.010108505919239265,0.13032263091632185,0.1088706506869462,0.24154933386838867,0.29899325713106467,-0.005273096707050956,0.30554641451577236,0.5127516144748292,0.04223626983436356,-0.5185613885477308,0.4607134752336308,0.4660409042965538,0.301611221186004,-0.193793863979566,0.18627688703198703,0.19582510773592143,0.3479170430393892,0.06450370255527904,0.17447459028836265,0.6804917799645152,-0.05483704042731945,-0.26906348892223025,0.3156905763524028
1.0772735317208055,-0.7051565136015445,2.5795122699760302,1.264675303076754,-0.34135217360484815,-0.5884131607992255,0.2196199193321825,0.1663538177758024,0.5381019305169927,-1.1240103617112458,2.106973142073471,-1.0247665287075378,-3.9226306937770303,2.6201625416248775,1.1718829119531469,1.3666542202873395,0.9557945283427748,1.4427004748891183,0.4550160196955616,1.3043310962114012,0.4300572050828755,1.5645145389449722,0.8251301693569875,1.6698876047160944,1.0904177656947518,0.3121112336906235,0.13000515964579878,0.22647139034715438,0.04223626983436356,1.9824194709109106,-0.5060617320998202,-0.15192383236893145,0.6838507980101439,0.8231199209488586,1.8537894959114114,1.9492683416140753,1.141148656132898,-0.07301595209270488,-2.565259856764735,-1.2998122376404821,3.657318777738218,1.1544698646959768,-4.101996270894269,2.4623839460199677
-0.2649686297220547,0.8496930339859271,-0.5504797919479208,-0.41556698170180056,0.6323246940846431,-0.049534257578745536,0.1601562510759648,-0.22021485958932102,-0.5317107411630972,-0.1781953386550064,-0.2821949211208787,0.5784271625052758,1.3308193171579634,-0.8237740155691287,-0.2797510929366698,0.23343727610837225,-0.3344812396044122,-0.5075725225012072,0.25698074694505174,0.005682090364705254,-0.20718462880772298,-0.09015600544342514,-0.274116151484084,-0.43709098576295424,-0.5389982605984219,-0.41467205900117926,-0.0026048672690511428,-0.3877759837115639,-0.5185613885477308,-0.5060617320998202,0.7505717324849781,-0.40523791054037206,-0.5638293435746082,-0.5812669502497987,-0.2827089740393456,-0.47084416511467453,-0.4938197889947032,-0.30512608292449706,0.49556925970010846,-0.04594204117379092,-1.4650794056067937,-0.053120637801567415,1.0675350937080308,-0.8008969849723893
-0.06530245585848155,-0.21213543890781603,-0.02046714248572859,0.07894721816356771,-0.30717478967706136,0.11256757596584355,0.23815206823150495,0.18507895927706458,-0.1417866740815853,0.38425338138090753,-0.3530062605670389,0.17239216221483886,0.4164115927728702,-0.17961474374860617,-0.00724147412682418,-0.5852233283678836,-0.04156943359202306,-0.11973959723694338,-0.07819229138629585,-0.34652522027670873,0.3084623380309211,0.0478428646875105,-0.04316206466177127,0.02499182541910872,-0.002525770073125822,0.28330394421085553,0.053263218076468194,0.28438321321469445,0.4607134752336308,-0.15192383236893145,-0.40523791054037206,0.6109360915741228,0.4867231993937976,-0.04064738682476245,-0.7558067726890005,0.14841677016273241,0.05751299264750169,0.6016321928099039,0.47287884518606743,0.15756393165265864,0.09526745039453838,0.006654840359675088,0.34520592825882085,-0.06667370663201927
0.43673412676673085,-0.5948272957981929,1.1715121462670588,0.6029956011553852,-0.4627560356099499,-0.16664460937335004,0.2674578583564957,0.22631085231181544,0.20066301631610559,0.002247268130298558,0.5921063287912725,-0.31018542307741886,-1.3133271630259233,1.0486821008925735,0.46630695472587136,0.029954523218756433,0.3753122925343618,0.5167107435347889,-0.002132398898811778,0.29272240416666595,0.49091444314298566,0.8151258208481466,0.38333963370067226,0.6940005020172829,0.46461496209847303,0.4640169274485438,0.08395526853805316,0.4063861191751378,0.4660409042965538,0.6838507980101439,-0.5638293435746082,0.4867231993937976,0.7724152288170657,0.35406565982405513,0.15415855588140356,1.0709737271814213,0.521490387157811,0.5446835419386735,-0.7018607524096794,-0.42811933045636935,1.7300834595203871,0.5248298399086386,-1.524435553110613,1.0221605999522896
0.5021494116923838,-1.0765620484380123,0.8744004455359206,0.46166467556447355,-0.6064709769574105,-0.10817197215155268,-0.49438970022311196,0.11819426106954789,0.966936558789274,0.008770279675584438,0.7563187495301568,-0.9614120999321205,-2.2536150712150596,1.4141950680095094,0.3776181557566732,0.25354575193257517,0.5249926364552184,0.8196093362065676,-0.37728941760233936,0.4062259002027769,0.03437475726505932,0.27167345273666316,0.5125873904231812,0.5524792698786569,0.7414759890480841,0.3446934809988917,-0.06196328036349186,0.2956426282938213,0.301611221186004,0.8231199209488586,-0.5812669502497987,-0.04064738682476245,0.35406565982405513,0.869518418791907,1.1845674044333756,0.6557172592460805,0.5993056576299738,-0.1469573134911785,-1.2040407502371353,-0.161093258951411,2.053214171172517,0.14141201814211954,-1.9693595175652205,1.2456383066266237
1.0851542582064972,-1.0733799564787094,2.0615802743569382,0.8999613918033262,-0.37301115861589595,-0.5714101086625205,-0.5702112627065705,0.0072946061740422315,1.2419786821835819,-0.9565645223598732,2.0848552249569186,-1.4843116435471735,-4.339015258737277,2.70960078247791,0.9340665886561144,1.549809697266091,0.9992109193336683,1.5414250521310726,0.021736015004411448,1.3928984724937457,-0.05233968341666889,1.0699406413744597,0.9268119898038485,1.3112977162721833,1.1828710045972444,0.11938552847136516,-0.04119737219175014,0.04356018195274278,-0.193793863979566,1.8537894959114114,-0.2827089740393456,-0.7558067726890005,0.15415855588140356,1.1845674044333756,2.759888435797745,1.4304197561544076,1.0125897647946063,-0.8227411280612309,-2.846457399663343,-1.01933358700545,3.547517357476995,0.742439417896113,-4.20416355524482,2.434315637227334
1.1485406393288273,-0.6713266376658485,3.3052745810189155,1.5155638892568373,-0.3282631873556366,-0.6214417327212776,0.6427648264629633,0.14545379946687886,0.37225409277306076,-0.7825100236912647,2.198045425710129,-0.7857886696612126,-3.571015529922256,2.8849029328586218,1.1854022812200966,1.2286866692438723,0.8717159485491667,1.377598035794774,0.26606325456199087,1.4828101167879975,0.8085696332654526,2.248572223755476,0.9845196898476613,1.6791622649881213,0.956695292953308,0.7143722711927815,0.1682367505959738,0.5114476977936137,0.18627688703198703,1.9492683416140753,-0.47084416511467453,0.14841677016273241,1.0709737271814213,0.6557172592460805,1.4304197561544076,2.6615646003144473,1.1105342012406512,0.5266336313037985,-2.483779065983912,-1.549310878484179,3.8187087340495056,1.521528355822479,-4.199383691170122,2.448212118187581
0.6239322799595273,-0.6368616053045939,1.4364966811377922,0.7493782841073675,-0.38156326233183646,-0.2814788458079048,0.04470788648834673,0.15853252708284785,0.44582121969167837,-0.4939752738727582,1.1265285791565722,-0.6948553323292045,-2.3756148591708364,1.5566133298202738,0.6700005902927432,0.5974236284315093,0.5860478829532486,0.8767105989995885,0.14420754130023414,0.6387232201914527,0.2788360076838277,0.8026605562165731,0.49954690927547385,0.9684613766398023,0.7176287766080521,0.2801637988395147,0.06445505685203225,0.2333931887488434,0.19582510773592143,1.141148656132898,-0.4938197889947032,0.05751299264750169,0.521490387157811,0.5993056576299738,1.0125897647946063,1.1105342012406512,0.7249573754022964,0.053729569142382236,-1.4293759923182772,-0.6276246423424751,2.292012150307116,0.5860567764932756,-2.3829463860403632,1.4864822867390801
-0.07431766850434043,-0.008139172232839774,0.545619773025257,0.3453730012098466,-0.14394201449873803,0.15982736676816137,0.515348081441997,0.07242846350521875,-0.26259685228793683,0.3973309328842745,-0.13533293585937908,0.23352184711251933,0.4939776164964187,0.07969591606082382,0.008336564855544615,-0.4819075788867502,-0.13083052317686558,-0.09445015589445523,-0.17720531477323306,-0.12585038797518128,0.4233227157972866,0.3404143273429012,0.018072583978295094,0.02115175731573841,-0.09208830524463345,0.5076583991288918,0.06792809445103344,0.40483550101978666,0.3479170430393892,-0.07301595209270488,-0.30512608292449706,0.6016321928099039,0.5446835419386735,-0.1469573134911785,-0.8227411280612309,0.5266336313037985,0.053729569142382236,0.8565770457543233,0.3904921522886831,0.003914507831346997,0.07570667274436309,0.20057528002853392,0.30391711031942364,-0.1524736868147284
-1.4684577415244375,1.0664881014163563,-3.3065927111542694,-1.5197628751079302,0.42875941802063816,0.8237715348945044,6.524822227699546e-4,-0.13668581647099218,-0.9908991885377296,1.3911639228854784,-2.8271089594534975,1.5012529944240498,5.328211980008582,-3.555008657189627,-1.4557890468750043,-1.9372323249222911,-1.2819046964354006,-1.938120804748896,-0.41047697701461594,-1.841954221183955,-0.4094515640365056,-2.0273583341558528,-1.1791300404564653,-2.060339072061773,-1.450428347431645,-0.3487303009043322,-0.10120719780420298,-0.22771771331476864,0.06450370255527904,-2.565259856764735,0.49556925970010846,0.47287884518606743,-0.7018607524096794,-1.2040407502371353,-2.846457399663343,-2.483779065983912,-1.4293759923182772,0.3904921522886831,3.5551132825403093,1.6917335223349146,-4.820300946524632,-1.4395256766039406,5.557517451329109,-3.271822771250538
-0.7694636189572133,-0.03127017750043548,-1.924329082470049,-0.8124277219194284,-0.10878971790362657,0.6040347485874222,-0.5342585057644319,-0.0757442380238898,0.12472525981491618,1.0164835196992323,-1.5288964180165894,0.2538312533394258,2.1635705892621626,-1.5732051520711121,-0.8597950135835972,-1.2041477893589225,-0.5804197617461324,-0.7897514381367496,-0.6855983483387005,-1.0640262318976974,-0.43470360512454354,-1.5492906429269109,-0.5140601141162054,-1.2132599007276803,-0.5005756675088994,-0.03597975181450908,-0.1618335213525993,0.008317919456952254,0.17447459028836265,-1.2998122376404821,-0.04594204117379092,0.15756393165265864,-0.42811933045636935,-0.161093258951411,-1.01933358700545,-1.549310878484179,-0.6276246423424751,0.003914507831346997,1.6917335223349146,1.2603686995350418,-2.1567568849674155,-1.115622414465627,2.7383141557185056,-1.577283907694864
2.1872717179731707,-2.3456209161296093,4.754882517246483,2.288204776171914,-1.3242656358770686,-1.070309527291437,-0.050893465229622084,0.5063210918752923,1.7213560194581654,-1.3479159632875057,3.708591857547625,-2.311543754205291,-7.838958083100488,5.251944818092469,2.134924261360414,1.9948117949507702,1.9806764969628363,2.873298042664156,0.25971295625650087,2.2310317525931582,0.9384284621265772,2.927868547433616,1.8157633321056525,3.083757986909279,2.3512309892283914,0.9469502921229337,0.16110389499313615,0.7846317481267777,0.6804917799645152,3.657318777738218,-1.4650794056067937,0.09526745039453838,1.7300834595203871,2.053214171172517,3.547517357476995,3.8187087340495056,2.292012150307116,0.07570667274436309,-4.820300946524632,-2.1567568849674155,7.713952816115013,1.998465826341378,-8.12070823407578,5.018363328485479
0.6815342042720026,-0.022791082859409336,1.8588703182619932,0.812523154711315,0.036208983329823904,-0.5002430525108817,0.5730474641890121,0.08789039371344931,-0.130598932606852,-0.7882086946601062,1.3385842478022782,-0.20163301125431782,-1.8657001836332767,1.4621641999256658,0.7713868282979741,0.9500483767163493,0.49910243100869617,0.7022482805098869,0.5398123548586374,0.9236331544064251,0.48812840588978873,1.4661528897135885,0.48010577505732477,1.0890924441960321,0.4452112984805969,0.16994223233745087,0.15640837418770767,0.10528478745201882,-0.05483704042731945,1.1544698646959768,-0.053120637801567415,0.006654840359675088,0.5248298399086386,0.14141201814211954,0.742439417896113,1.521528355822479,0.5860567764932756,0.20057528002853392,-1.4395256766039406,-1.115622414465627,1.998465826341378,1.0392639291209131,-2.415090104822653,1.4006594463458015
-2.450316564027508,1.9999616482986171,-5.318808764190177,-2.4367976565082072,0.9756117420067203,1.3861206124490173,-0.0927206668974327,-0.4091166176642444,-1.5691408279349937,2.0039229642170504,-4.378505957366827,2.319991124042358,8.520236499035999,-5.689153687776533,-2.4132472967612606,-2.799665642856041,-2.1480057080622257,-3.0951176140659284,-0.6823467681874348,-2.785933851532825,-0.9106380603939523,-3.4748174529687,-1.9481347820571977,-3.452649572719552,-2.409556675218558,-0.6837913174219883,-0.2058804483250619,-0.5245125467102987,-0.26906348892223025,-4.101996270894269,1.0675350937080308,0.34520592825882085,-1.524435553110613,-1.9693595175652205,-4.20416355524482,-4.199383691170122,-2.3829463860403632,0.30391711031942364,5.557517451329109,2.7383141557185056,-8.12070823407578,-2.415090104822653,9.065430795516114,-5.466944036801121
1.4890741199661655,-1.3531912789775282,3.029073121081041,1.41491842199769,-0.7361553353776432,-0.8382994289906939,0.00306295200820015,0.3428271652889677,0.9744503742559315,-1.165052837301293,2.523067048404587,-1.4157497072323177,-5.182453681240764,3.345203039655899,1.4794400371642817,1.5450279679294618,1.3477568473914938,1.8680168341677728,0.4529128288635033,1.5365265231205882,0.5792282438977592,2.0073367935434,1.1541681294690083,2.1366162974116505,1.521242785605972,0.3901767422304276,0.1345685634732908,0.33618709584090845,0.3156905763524028,2.4623839460199677,-0.8008969849723893,-0.06667370663201927,1.0221605999522896,1.2456383066266237,2.434315637227334,2.448212118187581,1.4864822867390801,-0.1524736868147284,-3.271822771250538,-1.577283907694864,5.018363328485479,1.4006594463458015,-5.466944036801121,3.378571019910258
