V1,V2,V3,V4,V5,V6,V7,V8,V9,V10,V11,V12,V13,V14,V15,V16,V17,V18,V19,V20,V21,V22,V23,V24,V25,V26,V27,V28,V29,V30,V31,V32,V33,V34,V35,V36,V37,V38,V39,V40,V41,V42,V43,V44
55.587301823776826,-82.40050386371482,-16.079341056408644,-93.53090754775397,-19.96151272722312,-74.56147518290581,-62.36010390878875,2.0794124487118193,69.56791878438064,113.40343138067743,-22.990452517490585,30.68875791358011,52.93645479896226,9.901057597167108,-29.42131257630698,4.283484936749517,16.44320082561266,-30.597758150910078,-59.07205730004745,41.336740684509024,22.641117536386407,140.62885724440721,62.464948983778136,-42.29831310396545,-21.708082721433318,-8.702216537108281,-14.838597779831984,-4.105578198689848,21.388558598777678,-60.67748305796377,81.79863427525497,-22.115736595647068,13.231859227439845,4.282768689015733,43.8017176591622,65.629127463920085,-51.18487304339148,-32.83347845893256,-16.435195999607625,-50.984553375508185,39.65480060996774,42.51338133802926,-87.53012512104564,41.544392496219494
-82.40050386371482,122.41719958051094,23.968357672196746,138.85259668416546,29.76822859423465,110.57678957092243,92.5444370555995,-3.092218412135769,-103.26896378561669,-168.57952678936084,34.398870605358965,-45.55917623324153,-78.87792631248355,-14.559191972728131,43.78435706566685,-6.028716906306951,-24.31192101365481,45.492656011540284,87.84341292632031,-61.13729733274143,-33.66182457847553,-208.58685290614702,-92.65080813916991,62.90278715469338,32.254126551309064,12.778559379326781,22.02668038055212,5.974186842287989,-31.919435400376273,90.202661025957,-121.24698293690143,32.619920701731004,-19.784006469058195,-6.349831328545783,-64.68133486881986,-97.33709054544995,75.969340240003,48.564256313521504,24.060459193222083,75.4788434234554,-58.7050798652786,-62.99081802554611,129.55237540548063,-61.452905162023185
-16.079341056408644,23.968357672196746,5.728566975707057,28.08390551969926,5.646894246479492,21.842001366506064,18.550405545589225,-0.5572867779113686,-20.34345700959919,-33.66191111358848,7.35643845331421,-9.42390625011237,-16.82237024572497,-2.0107819512676097,9.030362090824722,-1.0280041879644493,-4.580990526378055,9.512476765511613,17.458541944100794,-11.872784660444426,-6.4333190082348635,-40.96155402117207,-18.16945088336165,13.02673476651415,6.780161297928876,2.8353230063565347,4.435685725343834,1.4179080423072894,-6.140452330530399,18.55314067351338,-24.466607026670278,6.6673019047882125,-3.480240915431301,-0.9845829632583811,-12.547618731534737,-18.62179991012113,15.553668197619206,9.841497036994289,4.175152970323484,14.68774350806934,-10.429771769778977,-12.156304744728347,24.567974769915292,-11.512271137016443
-93.53090754775397,138.85259668416546,28.08390551969926,158.55218072278205,33.519438926949604,125.88784060395061,105.47014032866863,-3.3465863427071194,-117.30139999184188,-191.79348428227462,39.583409116239224,-52.15205887251784,-90.77149399198372,-15.790427275057137,50.14687675769583,-6.926132500101357,-27.415368235690885,52.167389904040334,99.8538145019712,-69.40712396222018,-38.00934619120933,-237.008851459455,-105.17318351400104,72.02159140960026,37.06956655909036,14.973828052479188,25.103119623195084,7.1663754030163895,-35.97956398484865,103.12597536828831,-138.50042841673203,37.49481715145961,-22.00103576196373,-6.884492429405566,-73.48560861171528,-110.08685153032253,86.82868012589478,55.76717863021033,26.8786996037163,85.73729265537384,-65.59881986953114,-71.43858923951964,146.48342124306004,-69.25328182472964
-19.96151272722312,29.76822859423465,5.646894246479492,33.519438926949604,7.332212640616006,26.747974978449694,22.360049258411426,-0.769276484095105,-25.04293056081449,-40.90725274834226,8.345062500861092,-10.961245192267633,-19.000290649520064,-3.6458832765265385,10.581721298751733,-1.333300548972168,-5.895623375408392,10.95247453962991,21.345445749919378,-14.756326871715878,-8.235163479058038,-50.536296119569656,-22.45465933827796,15.174165465929434,7.746012693771509,2.959132487304949,5.32171587964276,1.3343492272520687,-7.857895947629864,21.775312716291396,-29.19192888036995,7.7515083305636985,-4.958136223652173,-1.5947590584134732,-15.559188711837603,-23.688581719251385,18.29723081943232,11.619294781994364,5.796471857213808,18.24563544980502,-14.406019791025205,-15.273918504213414,31.438054316790453,-14.930384538203631
-74.56147518290581,110.57678957092243,21.842001366506064,125.88784060395061,26.747974978449694,100.24637246701151,83.83043140531154,-2.6594174087260862,-93.38470504681946,-152.3807282271215,31.173377306369893,-41.27875604289124,-71.55863055865592,-13.02265840856448,39.711727242825575,-5.699384814641268,-21.940401486150346,41.235706578122844,79.37134570933249,-55.39512100835691,-30.32393531870895,-188.78043114946686,-83.77301448556304,56.99883808071919,29.29732518096565,11.829138654558609,19.936707090975638,5.646097072423603,-28.649181125011353,81.66845458690061,-110.04451747084374,29.821705655849133,-17.66457729989517,-5.6027374188929855,-58.706689970994425,-87.90943041309244,68.82643713891737,44.379625346351254,21.750100429367674,68.40091298744919,-52.79298173270184,-57.02564574915637,117.180906447041,-55.45382630668736
-62.36010390878875,92.5444370555995,18.550405545589225,105.47014032866863,22.360049258411426,83.83043140531154,70.25098489716862,-2.2638500833707944,-78.18996136690973,-127.64396108610495,26.182188606960402,-34.63196626305962,-60.099583977798545,-10.71494079999222,33.2958329571805,-4.702397616512763,-18.34422837833032,34.622483917012644,66.47833801614824,-46.31291576751757,-25.323447196285986,-157.88734756684067,-70.10905244394414,47.84307867538154,24.583999045929147,9.936513535602533,16.717116588758053,4.740915946786478,-23.969877349362907,68.53160118297203,-92.16118015249688,24.9776460589159,-14.68122201527497,-4.687459802779254,-49.10850823075728,-73.42510247298495,57.743720082646014,37.115656851238064,18.12377368952658,57.156647460853755,-43.98027893038459,-47.618619100155854,97.849672114327,-46.327129653659355
2.0794124487118193,-3.092218412135769,-0.5572867779113686,-3.3465863427071194,-0.769276484095105,-2.6594174087260862,-2.2638500833707944,0.17562499532554168,2.5869860265321982,4.234255246938836,-0.7561274326345686,1.165379477804549,1.86174866193468,0.42088850379604764,-1.010787788862836,0.11502742879927494,0.6666057461392257,-1.121655193656746,-2.1959323162480993,1.5546623040003138,0.8905045707251819,5.2225893927674205,2.3695103692203467,-1.525663236637139,-0.7670794896099713,-0.23032342593523625,-0.5515363708522588,-0.06092341660760809,0.8583528723841092,-2.244734909121435,2.9320933322451532,-0.7126867177471021,0.5419185198864493,0.21894385583558523,1.5986307035239107,2.514991251273215,-1.9115924636017299,-0.98613222576009,-0.7012226318102526,-1.8813918332340807,1.6169915400492962,1.5767471752546445,-3.3007056084662705,1.6650044072569399
69.56791878438064,-103.26896378561669,-20.34345700959919,-117.30139999184188,-25.04293056081449,-93.38470504681946,-78.18996136690973,2.5869860265321982,87.18026929981345,142.23216029699708,-29.011182048614877,38.481001768061454,66.60213110995902,12.23027670983986,-36.97516427176263,5.210634432048434,20.528769627351338,-38.43031704489222,-74.1036141429847,51.661512368030735,28.33881235214267,176.06321610351335,78.20750213520493,-53.134929747971114,-27.25974483078493,-10.90228115765141,-18.60630122262202,-5.139635530585924,26.83971380703588,-76.17426237586919,102.48530350708143,-27.676498432128135,16.563991141988858,5.336614124978301,54.73517766350446,82.07789488469153,-64.19097207203167,-41.1495315311566,-20.36711904602397,-63.74809501127862,49.44995887690321,53.16044521544622,-109.3684723491205,51.86429575198289
113.40343138067743,-168.57952678936084,-33.66191111358848,-191.79348428227462,-40.90725274834226,-152.3807282271215,-127.64396108610495,4.234255246938836,142.23216029699708,232.68481517097405,-47.878718762053744,63.13579495494724,109.721829838392,19.438638417733774,-60.62879106231639,8.072439263790038,33.31574130741905,-63.09853327825316,-121.17599477158188,84.05874112140613,46.3238347445278,287.35724691072784,127.58647034164706,-87.120985624469,-44.76337210025392,-17.743955493320225,-30.401479516841324,-8.33038589972121,43.959538251490706,-124.86439705076529,167.40174075584665,-44.985848470577,27.08300766806355,8.522936968401043,88.78991324744703,133.80005882035653,-105.07197415169603,-66.96283453313204,-32.62901465584166,-103.85321462259117,80.07463456598995,86.6418975634618,-177.73511932001824,84.19752209371084
-22.990452517490585,34.398870605358965,7.35643845331421,39.583409116239224,8.345062500861092,31.173377306369893,26.182188606960402,-0.7561274326345686,-29.011182048614877,-47.878718762053744,10.336012839992202,-13.07726640562462,-23.311728150615565,-3.4619281095821406,12.711182093113347,-1.3485861230683382,-6.58117305133632,13.19212769597972,24.924633474634287,-16.896175395216762,-9.404559840862357,-58.53691444306848,-25.911239089300896,18.175047308108283,9.388878026903148,3.7135396790028112,6.236320547906663,1.7781170946937226,-9.00625302509184,25.93040504855497,-34.37980394281267,9.191074530469646,-5.461013586715861,-1.5404736194346946,-17.754450441931187,-26.993333879653086,21.671315621100224,13.833857447522554,6.047049573904446,20.999598423386974,-15.622699664659423,-17.53030479968704,35.546594818195956,-16.652282169562344
30.68875791358011,-45.55917623324153,-9.42390625011237,-52.15205887251784,-10.961245192267633,-41.27875604289124,-34.63196626305962,1.165379477804549,38.481001768061454,63.13579495494724,-13.07726640562462,17.311764052672796,30.128381614504118,4.9883563154073585,-16.506825407301115,2.187299004291146,8.981383994169537,-17.285235649406214,-32.820435139877205,22.768696559047502,12.503172762301764,77.85793896727928,34.5583019021509,-23.779680991036116,-12.276630219793374,-4.913493042135301,-8.263169527369595,-2.3338776479944197,11.835515935926585,-34.079083857017544,45.566133693409625,-12.261108698845465,7.183094538118366,2.2057940367316946,23.999646597667066,36.11452004757785,-28.68956643035091,-18.152969775858303,-8.72702036377673,-28.126179877932962,21.34247227830713,23.424725236777157,-47.87780160990783,22.67138048552351
52.93645479896226,-78.87792631248355,-16.82237024572497,-90.77149399198372,-19.000290649520064,-71.55863055865592,-60.099583977798545,1.86174866193468,66.60213110995902,109.721829838392,-23.311728150615565,30.128381614504118,53.16631051772614,8.091105036507523,-28.9744350691258,3.4281550838972765,15.282128930976802,-30.247167564572052,-57.04792619105504,39.089473226002525,21.58397797033868,134.62030536489212,59.651719998753535,-41.59685898889638,-21.51940381779746,-8.602316635891926,-14.332983258890925,-4.128179674440184,20.53866030041421,-59.45706081217313,79.08397615480624,-21.233206848145418,12.388240828668803,3.596539581716105,41.115146811199274,62.14848634887106,-49.86444079786784,-31.66607097047112,-14.373772659064333,-48.445455197228256,36.14063348488151,40.37168829121549,-82.05297596086245,38.61067362999126
9.901057597167108,-14.559191972728131,-2.0107819512676097,-15.790427275057137,-3.6458832765265385,-13.02265840856448,-10.71494079999222,0.42088850379604764,12.23027670983986,19.438638417733774,-3.4619281095821406,4.9883563154073585,8.091105036507523,2.4799812048394654,-4.786873548502082,0.9766536982889302,3.0970621706953896,-4.882409844401464,-10.1965468133407,7.448608401294445,4.090596804421219,24.75311385434587,11.045737273995647,-6.8690714986825485,-3.430593480572761,-1.3074169632704722,-2.53126064558634,-0.5545297659063639,3.819936272805793,-9.961458429317133,13.896504224005595,-3.750872575906736,2.5933889776138725,1.0059123965582364,7.980801005363026,11.945951785939068,-8.50181162428759,-5.582528438664505,-3.472841370976988,-9.117167586283305,7.94356970283009,7.657557117817709,-16.238952959233917,7.853909673468415
-29.42131257630698,43.78435706566685,9.030362090824722,50.14687675769583,10.581721298751733,39.711727242825575,33.2958329571805,-1.010787788862836,-36.97516427176263,-60.62879106231639,12.711182093113347,-16.506825407301115,-28.9744350691258,-4.786873548502082,15.944619323850883,-2.0453073302701967,-8.552514260559931,16.56353409718338,31.565297759560153,-21.7664191523866,-11.971195536442194,-74.66937785697979,-33.10289468093849,22.856574105255547,11.77977664088436,4.741406232968003,7.924845589197441,2.2780400362322952,-11.371683641161878,32.680001580972515,-43.72541224146542,11.806359776036846,-6.92917957829876,-2.0967948178958196,-23.00228651739445,-34.5890266720726,27.448511633763495,17.63404264866877,8.217898644628084,26.94251117357743,-20.408493310717574,-22.459285560294024,45.887268504881966,-21.61791715471264
4.283484936749517,-6.028716906306951,-1.0280041879644493,-6.926132500101357,-1.333300548972168,-5.699384814641268,-4.702397616512763,0.11502742879927494,5.210634432048434,8.072439263790038,-1.3485861230683382,2.187299004291146,3.4281550838972765,0.9766536982889302,-2.0453073302701967,0.7701011808194173,1.3516475576423164,-2.1226179013097966,-4.195644972398353,3.358513858506464,1.586363263712343,10.623672488598123,4.726142309565233,-2.96611291509354,-1.5326469696029343,-0.8388095991325982,-1.102073897040077,-0.47641346402866813,1.3604059545461487,-4.270041031709433,6.278078605975033,-1.9510024313619738,0.7981205105655279,0.36180873159818616,3.763286757061764,4.9659630262375725,-3.754513958319141,-2.761129814962652,-1.6842762272970688,-4.04183159062628,3.211390023556053,3.2995196001915432,-7.064326422294767,3.380593468460359
16.44320082561266,-24.31192101365481,-4.580990526378055,-27.415368235690885,-5.895623375408392,-21.940401486150346,-18.34422837833032,0.6666057461392257,20.528769627351338,33.31574130741905,-6.58117305133632,8.981383994169537,15.282128930976802,3.0970621706953896,-8.552514260559931,1.3516475576423164,4.9326509180120794,-8.914046943306476,-17.36096170599027,12.273818161768235,6.695611437532208,41.49099171812337,18.468643108373232,-12.337404950011784,-6.30796526069156,-2.5204154507999372,-4.365601777791255,-1.1695604922242182,6.307899939314132,-17.743636196850648,24.026932051850913,-6.501915305680743,3.929215922971197,1.343340742665296,13.039240729922758,19.458709122900796,-15.017891452047797,-9.593226933490987,-5.062436117141992,-15.088398168731995,11.956553026354742,12.579420866207112,-26.057175582520472,12.446588733962907
-30.597758150910078,45.492656011540284,9.512476765511613,52.167389904040334,10.95247453962991,41.235706578122844,34.622483917012644,-1.121655193656746,-38.43031704489222,-63.09853327825316,13.19212769597972,-17.285235649406214,-30.247167564572052,-4.882409844401464,16.56353409718338,-2.1226179013097966,-8.914046943306476,17.306715193931918,32.814130652544165,-22.66248089269442,-12.453334721191865,-77.66909754706097,-34.45925086804403,23.82295930581527,12.298343711689837,4.935763416367471,8.25562992380831,2.3582273455119522,-11.817643260045006,34.09734980130395,-45.52608468576627,12.262166328451595,-7.150589849743211,-2.1679203238520377,-23.90141854131067,-35.958267594184335,28.665114785051973,18.211536578931657,8.571177736188595,28.02081520142989,-21.150710439115407,-23.339238796708315,47.64290669635229,-22.504633497590497
-59.07205730004745,87.84341292632031,17.458541944100794,99.8538145019712,21.345445749919378,79.37134570933249,66.47833801614824,-2.1959323162480993,-74.1036141429847,-121.17599477158188,24.924633474634287,-32.820435139877205,-57.04792619105504,-10.1965468133407,31.565297759560153,-4.195644972398353,-17.36096170599027,32.814130652544165,63.12687085838902,-43.77415441215363,-24.136626412950235,-149.65835838501073,-66.45157113359703,45.336621746632346,23.27500223012104,9.213785571328211,15.82794374940729,4.318652473691651,-22.91978345600704,64.97217526093303,-87.13146048452191,23.41224149191619,-14.149052394536449,-4.467828168562135,-46.259263462409436,-69.71528196851912,54.66416191833881,34.88682706291998,17.011727672672816,54.08533889762805,-41.79403829619847,-45.134089815442714,92.6370973960771,-43.88131030151089
41.336740684509024,-61.13729733274143,-11.872784660444426,-69.40712396222018,-14.756326871715878,-55.39512100835691,-46.31291576751757,1.5546623040003138,51.661512368030735,84.05874112140613,-16.896175395216762,22.768696559047502,39.089473226002525,7.448608401294445,-21.7664191523866,3.358513858506464,12.273818161768235,-22.66248089269442,-43.77415441215363,30.817418106018597,16.782325349194863,104.48742570509017,46.425672925438256,-31.32746942718926,-16.08305402632293,-6.52208962472025,-11.018235757397344,-3.0993438283497503,15.796017962301004,-44.96222692142045,60.80020709726511,-16.522742807368424,9.7517790704873,3.2061550992492913,32.71932401975816,48.7803120421126,-37.99853136243589,-24.445940497100818,-12.414540332905057,-37.958237400029084,29.569460717642176,31.62162356177285,-65.21796592881292,30.992055070863
22.641117536386407,-33.66182457847553,-6.4333190082348635,-38.00934619120933,-8.235163479058038,-30.32393531870895,-25.323447196285986,0.8905045707251819,28.33881235214267,46.3238347445278,-9.404559840862357,12.503172762301764,21.58397797033868,4.090596804421219,-11.971195536442194,1.586363263712343,6.695611437532208,-12.453334721191865,-24.136626412950235,16.782325349194863,9.32839666297185,57.33622349713845,25.46682819143402,-17.205072922425863,-8.81707877277276,-3.399600761750212,-6.032960779290693,-1.5472826528394292,8.851626407816637,-24.713999550211735,33.17538911591572,-8.82843598963009,5.559379992145712,1.7696660048635802,17.667922452781436,26.858389310441932,-20.80407852330582,-13.158919587262343,-6.622278326919152,-20.736352411155718,16.27732504103993,17.34155379663958,-35.642232829560825,16.94496756047802
140.62885724440721,-208.58685290614702,-40.96155402117207,-237.008851459455,-50.536296119569656,-188.78043114946686,-157.88734756684067,5.2225893927674205,176.06321610351335,287.35724691072784,-58.53691444306848,77.85793896727928,134.62030536489212,24.75311385434587,-74.66937785697979,10.623672488598123,41.49099171812337,-77.66909754706097,-149.65835838501073,104.48742570509017,57.33622349713845,355.996943660193,158.06660186880345,-107.31085232337355,-55.12190149711609,-22.040739943485487,-37.57828998938112,-10.400807132715439,54.19993178215215,-153.89637571953747,207.18571530702053,-55.926591294202154,33.50690295192559,10.70438501961389,110.58112346376754,166.01673965531512,-129.7280672800403,-83.10928491397885,-41.21776927815313,-128.96614364339467,99.96594496933302,107.55891511760062,-221.12657727071775,104.8565390464676
62.464948983778136,-92.65080813916991,-18.16945088336165,-105.17318351400104,-22.45465933827796,-83.77301448556304,-70.10905244394414,2.3695103692203467,78.20750213520493,127.58647034164706,-25.911239089300896,34.5583019021509,59.651719998753535,11.045737273995647,-33.10289468093849,4.726142309565233,18.468643108373232,-34.45925086804403,-66.45157113359703,46.425672925438256,25.46682819143402,158.06660186880345,70.22385782533964,-47.61503812303815,-24.43754903611351,-9.752732277487144,-16.690955717290546,-4.58212940513221,24.085818907380236,-68.30938933004107,91.94677622418861,-24.806417660077862,14.88347336512972,4.8079906660389495,49.15003286850659,73.75123092509789,-57.601730853527975,-36.816856276175535,-18.39800372630522,-57.26535654043131,44.500261197289326,47.75385563625021,-98.26760853559254,46.65677408649
-42.29831310396545,62.90278715469338,13.02673476651415,72.02159140960026,15.174165465929434,56.99883808071919,47.84307867538154,-1.525663236637139,-53.134929747971114,-87.120985624469,18.175047308108283,-23.779680991036116,-41.59685898889638,-6.8690714986825485,22.856574105255547,-2.96611291509354,-12.337404950011784,23.82295930581527,45.336621746632346,-31.32746942718926,-17.205072922425863,-107.31085232337355,-47.61503812303815,32.842508795959326,16.92715615910445,6.802884678982867,11.398975544233972,3.251294192825753,-16.33489920123685,46.997123505767014,-62.8401612944308,16.952345023028823,-9.918212863426819,-3.0418631137497374,-33.097257658781885,-49.723278689472984,39.51130215756197,25.219866952235666,11.911854622466652,38.73061902005579,-29.368218072564943,-32.26640223435512,65.97172809208924,-31.155807190735803
-21.708082721433318,32.254126551309064,6.780161297928876,37.06956655909036,7.746012693771509,29.29732518096565,24.583999045929147,-0.7670794896099713,-27.25974483078493,-44.76337210025392,9.388878026903148,-12.276630219793374,-21.51940381779746,-3.430593480572761,11.77977664088436,-1.5326469696029343,-6.30796526069156,12.298343711689837,23.27500223012104,-16.08305402632293,-8.81707877277276,-55.12190149711609,-24.43754903611351,16.92715615910445,8.751280406824431,3.5440917830444363,5.8591362074045445,1.7121201436294242,-8.352847067324621,24.21304088286246,-32.36161556673592,8.746656126663801,-5.041650749673094,-1.5085918729931316,-16.973789869920807,-25.485641888827967,20.355895846222893,12.998942635827461,6.056411335347627,19.895398441896866,-14.939887363170582,-16.564481051316818,33.78214790500737,-15.927232036189269
-8.702216537108281,12.778559379326781,2.8353230063565347,14.973828052479188,2.959132487304949,11.829138654558609,9.936513535602533,-0.23032342593523625,-10.90228115765141,-17.743955493320225,3.7135396790028112,-4.913493042135301,-8.602316635891926,-1.3074169632704722,4.741406232968003,-0.8388095991325982,-2.5204154507999372,4.935763416367471,9.213785571328211,-6.52208962472025,-3.399600761750212,-22.040739943485487,-9.752732277487144,6.802884678982867,3.5440917830444363,1.6210210536545238,2.356103513791237,0.8629200412244891,-3.1535439123203792,9.684894601713951,-13.170330342280158,3.751416239099159,-1.8055849680406428,-0.5521736052984376,-7.022437696534154,-10.060896923952422,8.199092966299805,5.5222184950689925,2.510941661042231,8.03331506138496,-5.8160433119615815,-6.626959437398311,13.563844377722218,-6.338407213426225
-14.838597779831984,22.02668038055212,4.435685725343834,25.103119623195084,5.32171587964276,19.936707090975638,16.717116588758053,-0.5515363708522588,-18.60630122262202,-30.401479516841324,6.236320547906663,-8.263169527369595,-14.332983258890925,-2.53126064558634,7.924845589197441,-1.102073897040077,-4.365601777791255,8.25562992380831,15.82794374940729,-11.018235757397344,-6.032960779290693,-37.57828998938112,-16.690955717290546,11.398975544233972,5.8591362074045445,2.356103513791237,3.9815097797390515,1.1183629005124704,-5.713561121372134,16.334276585861517,-21.933487646887333,5.929494638404901,-3.495106399467152,-1.1151026766433516,-11.668440447867585,-17.475837588081607,13.762217806169735,8.799519909701916,4.3055396637232874,13.596559670834543,-10.454680417335632,-11.326920629942334,23.26369173536539,-11.023795987442353
-4.105578198689848,5.974186842287989,1.4179080423072894,7.1663754030163895,1.3343492272520687,5.646097072423603,4.740915946786478,-0.06092341660760809,-5.139635530585924,-8.33038589972121,1.7781170946937226,-2.3338776479944197,-4.128179674440184,-0.5545297659063639,2.2780400362322952,-0.47641346402866813,-1.1695604922242182,2.3582273455119522,4.318652473691651,-3.0993438283497503,-1.5472826528394292,-10.400807132715439,-4.58212940513221,3.251294192825753,1.7121201436294242,0.8629200412244891,1.1183629005124704,0.49472538355834317,-1.4065499512380144,4.599685564649144,-6.335621259712475,1.8847123474104603,-0.7581098601677314,-0.2180033309125658,-3.3878767608364817,-4.672820101590769,3.907270872416129,2.769151299806442,1.1751421351372269,3.816273338746919,-2.6212271224631523,-3.123687823171204,6.375713813217319,-2.9344753303081283
21.388558598777678,-31.919435400376273,-6.140452330530399,-35.97956398484865,-7.857895947629864,-28.649181125011353,-23.969877349362907,0.8583528723841092,26.83971380703588,43.959538251490706,-9.00625302509184,11.835515935926585,20.53866030041421,3.819936272805793,-11.371683641161878,1.3604059545461487,6.307899939314132,-11.817643260045006,-22.91978345600704,15.796017962301004,8.851626407816637,54.19993178215215,24.085818907380236,-16.33489920123685,-8.352847067324621,-3.1535439123203792,-5.713561121372134,-1.4065499512380144,8.45674190822307,-23.453608905564995,31.321978402995992,-8.26456132855474,5.32017212273218,1.685394236071708,16.594162900093902,25.38970987510601,-19.694483845046904,-12.36604103425083,-6.143654011273844,-19.538736458015407,15.35981316851634,16.360606096439103,-33.59048746463783,15.968075111341722
-60.67748305796377,90.202661025957,18.55314067351338,103.12597536828831,21.775312716291396,81.66845458690061,68.53160118297203,-2.244734909121435,-76.17426237586919,-124.86439705076529,25.93040504855497,-34.079083857017544,-59.45706081217313,-9.961458429317133,32.680001580972515,-4.270041031709433,-17.743636196850648,34.09734980130395,64.97217526093303,-44.96222692142045,-24.713999550211735,-153.89637571953747,-68.30938933004107,46.997123505767014,24.21304088286246,9.684894601713951,16.334276585861517,4.599685564649144,-23.453608905564995,67.30108372582593,-90.00819716055592,24.23792376486175,-14.276758915944626,-4.410882998405776,-47.473788772278986,-71.39890760741257,56.608512430290396,36.01392788077066,17.203789529403082,55.56386725910589,-42.29513308645755,-46.29959787789483,94.72882441191797,-44.80476911215408
81.79863427525497,-121.24698293690143,-24.466607026670278,-138.50042841673203,-29.19192888036995,-110.04451747084374,-92.16118015249688,2.9320933322451532,102.48530350708143,167.40174075584665,-34.37980394281267,45.566133693409625,79.08397615480624,13.896504224005595,-43.72541224146542,6.278078605975033,24.026932051850913,-45.52608468576627,-87.13146048452191,60.80020709726511,33.17538911591572,207.18571530702053,91.94677622418861,-62.8401612944308,-32.36161556673592,-13.170330342280158,-21.933487646887333,-6.335621259712475,31.321978402995992,-90.00819716055592,121.11884849192751,-32.89416046488999,19.12436463322445,6.028667061038841,64.43998757803438,96.24803266322235,-75.87189196348015,-48.81723241470936,-23.732509157148385,-75.0484102172911,57.439955895533124,62.49445401823582,-128.25111413301096,60.672459813470695
-22.115736595647068,32.619920701731004,6.6673019047882125,37.49481715145961,7.7515083305636985,29.821705655849133,24.9776460589159,-0.7126867177471021,-27.676498432128135,-44.985848470577,9.191074530469646,-12.261108698845465,-21.233206848145418,-3.750872575906736,11.806359776036846,-1.9510024313619738,-6.501915305680743,12.262166328451595,23.41224149191619,-16.522742807368424,-8.82843598963009,-55.926591294202154,-24.806417660077862,16.952345023028823,8.746656126663801,3.751416239099159,5.929494638404901,1.8847123474104603,-8.26456132855474,24.23792376486175,-32.89416046488999,9.139645312476787,-4.9631077776878465,-1.6004359901319587,-17.675127688782034,-25.875860576039145,20.497912442914235,13.513959656742092,6.551104862458366,20.350281030528304,-15.426917534764604,-16.885701022120333,34.75689120464532,-16.393916583180044
13.231859227439845,-19.784006469058195,-3.480240915431301,-22.00103576196373,-4.958136223652173,-17.66457729989517,-14.68122201527497,0.5419185198864493,16.563991141988858,27.08300766806355,-5.461013586715861,7.183094538118366,12.388240828668803,2.5933889776138725,-6.92917957829876,0.7981205105655279,3.929215922971197,-7.150589849743211,-14.149052394536449,9.7517790704873,5.559379992145712,33.50690295192559,14.88347336512972,-9.918212863426819,-5.041650749673094,-1.8055849680406428,-3.495106399467152,-0.7581098601677314,5.32017212273218,-14.276758915944626,19.12436463322445,-4.9631077776878465,3.473561159463718,1.1075336305636914,10.196868130170214,15.857326333828468,-11.975848348474301,-7.4994157287892795,-3.867877137281096,-12.085885364847103,9.799400184605938,10.17226194519443,-20.94847245041949,9.984032960933774
4.282768689015733,-6.349831328545783,-0.9845829632583811,-6.884492429405566,-1.5947590584134732,-5.6027374188929855,-4.687459802779254,0.21894385583558523,5.336614124978301,8.522936968401043,-1.5404736194346946,2.2057940367316946,3.596539581716105,1.0059123965582364,-2.0967948178958196,0.36180873159818616,1.343340742665296,-2.1679203238520377,-4.467828168562135,3.2061550992492913,1.7696660048635802,10.70438501961389,4.8079906660389495,-3.0418631137497374,-1.5085918729931316,-0.5521736052984376,-1.1151026766433516,-0.2180033309125658,1.685394236071708,-4.410882998405776,6.028667061038841,-1.6004359901319587,1.1075336305636914,0.4544007275053543,3.4315937580427165,5.1441907589118605,-3.753845696538367,-2.355044839483412,-1.4749943564207202,-3.9082237575087144,3.39423847656833,3.2735778669982474,-6.955607391326033,3.3925568754717723
43.8017176591622,-64.68133486881986,-12.547618731534737,-73.48560861171528,-15.559188711837603,-58.706689970994425,-49.10850823075728,1.5986307035239107,54.73517766350446,88.78991324744703,-17.754450441931187,23.999646597667066,41.115146811199274,7.980801005363026,-23.00228651739445,3.763286757061764,13.039240729922758,-23.90141854131067,-46.259263462409436,32.71932401975816,17.667922452781436,110.58112346376754,49.15003286850659,-33.097257658781885,-16.973789869920807,-7.022437696534154,-11.668440447867585,-3.3878767608364817,16.594162900093902,-47.473788772278986,64.43998757803438,-17.675127688782034,10.196868130170214,3.4315937580427165,34.91127482213539,51.58587677221284,-40.17903295860451,-26.120208683628437,-13.332278418767297,-40.246964775118336,31.378191242302286,33.483392287130755,-69.25228872644497,32.897762825908
65.629127463920085,-97.33709054544995,-18.62179991012113,-110.08685153032253,-23.688581719251385,-87.90943041309244,-73.42510247298495,2.514991251273215,82.07789488469153,133.80005882035653,-26.993333879653086,36.11452004757785,62.14848634887106,11.945951785939068,-34.5890266720726,4.9659630262375725,19.458709122900796,-35.958267594184335,-69.71528196851912,48.7803120421126,26.858389310441932,166.01673965531512,73.75123092509789,-49.723278689472984,-25.485641888827967,-10.060896923952422,-17.475837588081607,-4.672820101590769,25.38970987510601,-71.39890760741257,96.24803266322235,-25.875860576039145,15.857326333828468,5.1441907589118605,51.58587677221284,77.69362212802442,-60.21858291541877,-38.461701717971074,-19.493008644553107,-60.18398821079831,47.189057407550145,50.24891108064241,-103.51545070982678,49.20352667735946
-51.18487304339148,75.969340240003,15.553668197619206,86.82868012589478,18.29723081943232,68.82643713891737,57.743720082646014,-1.9115924636017299,-64.19097207203167,-105.07197415169603,21.671315621100224,-28.68956643035091,-49.86444079786784,-8.50181162428759,27.448511633763495,-3.754513958319141,-15.017891452047797,28.665114785051973,54.66416191833881,-37.99853136243589,-20.80407852330582,-129.7280672800403,-57.601730853527975,39.51130215756197,20.355895846222893,8.199092966299805,13.762217806169735,3.907270872416129,-19.694483845046904,56.608512430290396,-75.87189196348015,20.497912442914235,-11.975848348474301,-3.753845696538367,-40.17903295860451,-60.21858291541877,47.68069171047541,30.377049943154354,14.705567817208863,46.90733356840118,-35.78555963494591,-39.060970391079216,80.04079110228342,-37.9042089417252
-32.83347845893256,48.564256313521504,9.841497036994289,55.76717863021033,11.619294781994364,44.379625346351254,37.115656851238064,-0.98613222576009,-41.1495315311566,-66.96283453313204,13.833857447522554,-18.152969775858303,-31.66607097047112,-5.582528438664505,17.63404264866877,-2.761129814962652,-9.593226933490987,18.211536578931657,34.88682706291998,-24.445940497100818,-13.158919587262343,-83.10928491397885,-36.816856276175535,25.219866952235666,12.998942635827461,5.5222184950689925,8.799519909701916,2.769151299806442,-12.36604103425083,36.01392788077066,-48.81723241470936,13.513959656742092,-7.4994157287892795,-2.355044839483412,-26.120208683628437,-38.461701717971074,30.377049943154354,20.144204337293186,9.537899076343814,30.18706408659977,-22.89645613981972,-25.093641881501128,51.56427420684265,-24.23265818054455
-16.435195999607625,24.060459193222083,4.175152970323484,26.8786996037163,5.796471857213808,21.750100429367674,18.12377368952658,-0.7012226318102526,-20.36711904602397,-32.62901465584166,6.047049573904446,-8.72702036377673,-14.373772659064333,-3.472841370976988,8.217898644628084,-1.6842762272970688,-5.062436117141992,8.571177736188595,17.011727672672816,-12.414540332905057,-6.622278326919152,-41.21776927815313,-18.39800372630522,11.911854622466652,6.056411335347627,2.510941661042231,4.3055396637232874,1.1751421351372269,-6.143654011273844,17.203789529403082,-23.732509157148385,6.551104862458366,-3.867877137281096,-1.4749943564207202,-13.332278418767297,-19.493008644553107,14.705567817208863,9.537899076343814,5.555859814525004,15.151929172498878,-12.385847157566438,-12.598715527802257,26.464853580386777,-12.755310262896156
-50.984553375508185,75.4788434234554,14.68774350806934,85.73729265537384,18.24563544980502,68.40091298744919,57.156647460853755,-1.8813918332340807,-63.74809501127862,-103.85321462259117,20.999598423386974,-28.126179877932962,-48.445455197228256,-9.117167586283305,26.94251117357743,-4.04183159062628,-15.088398168731995,28.02081520142989,54.08533889762805,-37.958237400029084,-20.736352411155718,-128.96614364339467,-57.26535654043131,38.73061902005579,19.895398441896866,8.03331506138496,13.596559670834543,3.816273338746919,-19.538736458015407,55.56386725910589,-75.0484102172911,20.350281030528304,-12.085885364847103,-3.9082237575087144,-40.246964775118336,-60.18398821079831,46.90733356840118,30.18706408659977,15.151929172498878,46.80949841501238,-36.37665259087224,-39.017718529961975,80.34683694342559,-38.12351938241636
39.65480060996774,-58.7050798652786,-10.429771769778977,-65.59881986953114,-14.406019791025205,-52.79298173270184,-43.98027893038459,1.6169915400492962,49.44995887690321,80.07463456598995,-15.622699664659423,21.34247227830713,36.14063348488151,7.94356970283009,-20.408493310717574,3.211390023556053,11.956553026354742,-21.150710439115407,-41.79403829619847,29.569460717642176,16.27732504103993,99.96594496933302,44.500261197289326,-29.368218072564943,-14.939887363170582,-5.8160433119615815,-10.454680417335632,-2.6212271224631523,15.35981316851634,-42.29513308645755,57.439955895533124,-15.426917534764604,9.799400184605938,3.39423847656833,31.378191242302286,47.189057407550145,-35.78555963494591,-22.89645613981972,-12.385847157566438,-36.37665259087224,29.439713474331167,30.41563490405161,-63.20601698585094,30.240896618124207
42.51338133802926,-62.99081802554611,-12.156304744728347,-71.43858923951964,-15.273918504213414,-57.02564574915637,-47.618619100155854,1.5767471752546445,53.16044521544622,86.6418975634618,-17.53030479968704,23.424725236777157,40.37168829121549,7.657557117817709,-22.459285560294024,3.2995196001915432,12.579420866207112,-23.339238796708315,-45.134089815442714,31.62162356177285,17.34155379663958,107.55891511760062,47.75385563625021,-32.26640223435512,-16.564481051316818,-6.626959437398311,-11.326920629942334,-3.123687823171204,16.360606096439103,-46.29959787789483,62.49445401823582,-16.885701022120333,10.17226194519443,3.2735778669982474,33.483392287130755,50.24891108064241,-39.060970391079216,-25.093641881501128,-12.598715527802257,-39.017718529961975,30.41563490405161,32.55359970456603,-67.01483259061654,31.80065708082716
-87.53012512104564,129.55237540548063,24.567974769915292,146.48342124306004,31.438054316790453,117.180906447041,97.849672114327,-3.3007056084662705,-109.3684723491205,-177.73511932001824,35.546594818195956,-47.87780160990783,-82.05297596086245,-16.238952959233917,45.887268504881966,-7.064326422294767,-26.057175582520472,47.64290669635229,92.6370973960771,-65.21796592881292,-35.642232829560825,-221.12657727071775,-98.26760853559254,65.97172809208924,33.78214790500737,13.563844377722218,23.26369173536539,6.375713813217319,-33.59048746463783,94.72882441191797,-128.25111413301096,34.75689120464532,-20.94847245041949,-6.955607391326033,-69.25228872644497,-103.51545070982678,80.04079110228342,51.56427420684265,26.464853580386777,80.34683694342559,-63.20601698585094,-67.01483259061654,138.45971451736534,-65.84654264244475
41.544392496219494,-61.452905162023185,-11.512271137016443,-69.25328182472964,-14.930384538203631,-55.45382630668736,-46.327129653659355,1.6650044072569399,51.86429575198289,84.19752209371084,-16.652282169562344,22.67138048552351,38.61067362999126,7.853909673468415,-21.61791715471264,3.380593468460359,12.446588733962907,-22.504633497590497,-43.88131030151089,30.992055070863,16.94496756047802,104.8565390464676,46.65677408649,-31.155807190735803,-15.927232036189269,-6.338407213426225,-11.023795987442353,-2.9344753303081283,15.968075111341722,-44.80476911215408,60.672459813470695,-16.393916583180044,9.984032960933774,3.3925568754717723,32.897762825908,49.20352667735946,-37.9042089417252,-24.23265818054455,-12.755310262896156,-38.12351938241636,30.240896618124207,31.80065708082716,-65.84654264244475,31.43254345246845
