V1,V2,V3,V4,V5,V6,V7,V8,V9,V10,V11,V12,V13,V14,V15,V16,V17,V18,V19,V20,V21,V22,V23,V24,V25,V26,V27,V28,V29,V30,V31,V32,V33,V34,V35,V36,V37,V38,V39,V40,V41,V42,V43,V44
9275.83327955419,-6916.324998987195,21514.29678630682,10106.00292867626,-3201.5079901870813,-5083.51838435522,891.7937582930268,1257.9711626841668,5675.891240920822,-8362.19580317725,17553.068599128437,-9044.643883990952,-33142.73873260182,22421.952132185972,9433.0546480157,11344.846430080399,8093.699024028155,12144.030544125639,2736.1307080517877,11195.873700268372,3422.216912821564,13366.175392811077,7419.119844014229,13432.397614554906,9204.026621035848,2842.7257259260373,834.5295443054455,2038.082248716694,459.78795520736753,16245.210990848764,-3946.4563981627875,-1678.6875573279913,5597.7778641158775,7403.9968434408365,16430.36662110178,16488.640020407376,9310.371665009554,-1034.2386496013178,-21806.416473543497,-10747.23886869451,31038.144042549364,9484.197874812666,-34917.94742311143,20815.87815591643
-6916.324998987195,5157.284148918194,-16040.707291297314,-7534.299677482902,2387.1440388087926,3790.7098130317545,-664.4938244491871,-937.938086669598,-4232.342752914422,6233.999423695365,-13087.218650863357,6743.378891841567,24710.499914778142,-16717.61673313905,-7032.981270840984,-8458.61506615492,-6034.674847123509,-9054.249516096008,-2039.6349426927582,-8347.791656866164,-2551.716839701424,-9966.606703968691,-5532.028097683098,-10014.761354623002,-6862.2744280818315,-2119.4475555913264,-622.1142257103904,-1519.5441616490134,-342.95412370730884,-12111.841955519803,2941.889680381957,1251.7581058885435,-4173.727705837433,-5520.368444798127,-12250.585040405958,-12294.183282636703,-6941.3670601984095,771.3352800695416,16258.728156632818,8013.358984080004,-23141.9512695893,-7071.590124166404,26035.00705080634,-15520.356422965668
21514.29678630682,-16040.707291297314,49903.55066507512,23443.43622597384,-7425.529546759067,-11789.626889055202,2070.0167927064504,2917.8460057526704,13163.79380948742,-19399.059187400406,40715.49262300994,-20980.09230746081,-76876.96043533203,52008.26866441722,21880.977843017023,26314.659363836065,18773.21548378313,28169.217718176387,6347.9165089499875,25968.248996711864,7937.411930919461,30999.986358985934,17207.43453695159,31157.88844057392,21349.561041231853,6594.022275311882,1936.0658355944972,4727.5072324444245,1065.9799930005845,37682.75041992034,-9155.862653882983,-3893.261675317325,12983.918697761676,17173.725072186568,38109.7733818617,38244.42783035966,21596.92837958977,-2398.1706651389336,-50580.34470940917,-24927.381511945303,71993.0916206269,21997.917040749646,-80991.30121850515,48282.14762273128
10106.00292867626,-7534.299677482902,23443.43622597384,11014.341578022722,-3488.0175840098696,-5537.375924955686,973.3031341292256,1370.685952900091,6182.9878616480755,-9114.687515386455,19127.25793785488,-9856.255338126171,-36115.2649534713,24431.806675081956,10279.447258533877,12361.787437988554,8818.868846367608,13233.494582345356,2982.890189111961,12198.537556018706,3728.445210394418,14560.912624404584,8082.671195495754,14637.6464796713,10029.696969849103,3097.7990407426178,909.7122044308323,2220.9008044329644,500.46666788379446,17703.091031959575,-4302.298210783001,-1828.6298288270011,6099.276508633168,8067.6509190578745,17902.231055593154,17965.18637075024,10146.314428795875,-1126.1304978850897,-23760.92215260991,-11709.434431073807,33819.671761924714,10333.374802721484,-38046.09486466142,22680.94355858424
-3201.5079901870813,2387.1440388087926,-7425.529546759067,-3488.0175840098696,1104.990623936016,1754.558746301187,-307.7868557387145,-434.1779848097763,-1959.0074693419742,2886.148090998858,-6058.342197425725,3121.70116266679,11439.026480507835,-7738.804781655763,-3255.7619242915525,-3915.606940111485,-2793.4918350628723,-4191.441751197479,-944.3582771200723,-3864.1954680256995,-1181.162647324212,-4613.279943474637,-2560.675026619728,-4636.113628318331,-3176.717728165314,-981.1481022954606,-288.0284351448625,-703.4309551341117,-158.69667694327313,-5606.937153442876,1362.0898725143743,579.390645796591,-1932.0446312950633,-2555.453088759831,-5670.849585959766,-5690.972022244769,-3213.4171169677866,356.96691874608064,7526.365647774379,3709.3565907895027,-10712.646325306987,-3273.418827113348,12051.74369009902,-7184.4873523302695
-5083.51838435522,3790.7098130317545,-11789.626889055202,-5537.375924955686,1754.558746301187,2786.2842992310643,-488.2516890310789,-689.3791778835229,-3110.861836111632,4581.638211231421,-9618.844796885924,4956.206309182709,18161.708288207046,-12287.205753107939,-5169.066134927469,-6216.959932799653,-4435.432793347375,-6654.660119149897,-1498.9702902507227,-6135.58758917697,-1875.523975362486,-7325.618825398969,-4066.0946388417515,-7360.599092755747,-5043.614852356938,-1557.7365278940947,-457.2125186256553,-1116.8294828938172,-252.11683567798926,-8901.875411698891,2162.057087511879,920.0708151191237,-3067.655622440526,-4057.3913210886053,-9004.086405820515,-9036.17724436548,-5101.6798552120035,566.995594536478,11949.945543226102,5889.809942863016,-17009.063389013845,-5197.606521762019,19135.522898195064,-11407.317124194435
891.7937582930268,-664.4938244491871,2070.0167927064504,973.3031341292256,-307.7868557387145,-488.2516890310789,86.48608042576703,121.0070323558421,545.2983840657809,-805.75733015715,1688.9882603725712,-870.5018517243595,-3189.162114082825,2157.0545759461925,907.8556256521454,1091.4141300564231,778.4977410751137,1168.6827482465144,263.8854870859912,1076.6727000364801,328.99366661944,1284.377365169274,713.0872168221337,1292.7633546215166,885.7344916057897,273.58733602056395,80.45357939118541,196.12416901533118,44.00017281601463,1563.578777333498,-380.57864137020374,-161.2586858342615,538.4026266745867,712.2697768063534,1580.24446062587,1585.606575886951,896.2912750904487,-99.13928742634462,-2097.7589414169483,-1033.403400855221,2985.6675705184693,911.9859669242385,-3358.40680381,2002.1890790163404
1257.9711626841668,-937.938086669598,2917.8460057526704,1370.685952900091,-434.1779848097763,-689.3791778835229,121.0070323558421,170.6194937667697,769.718719486823,-1134.2176822174922,2380.6150037052535,-1226.6897274717323,-4494.966126578854,3040.9258084906446,1279.3709107255272,1538.6225107913997,1097.688718207102,1647.0350827576988,371.1409937486747,1518.379114715096,464.11234218959714,1812.6339679462762,1006.1461915058866,1821.785641108162,1248.2976804856107,385.5404763941692,113.20029181094623,276.4117866185345,62.34333119472861,2203.2791567314666,-535.304041559824,-227.64554399229206,759.1781794522001,1004.1422447646643,2228.298989768586,2236.1736073608795,1262.7480023893488,-140.23893648730973,-2957.435053438453,-1457.5288923300973,4209.459284038324,1286.2444312801188,-4735.607265831825,2823.0861066700418
5675.891240920822,-4232.342752914422,13163.79380948742,6182.9878616480755,-1959.0074693419742,-3110.861836111632,545.2983840657809,769.718719486823,3473.294308646503,-5115.887395916971,10740.003930025348,-5533.940648625399,-20278.623706016097,13719.305733031937,5771.596865012164,6941.5572059091955,4952.356050489805,7430.3490571969,1673.795323558384,6850.623421480579,2094.069189763112,8179.127506349618,4539.873778479122,8218.583866761095,5631.507870151955,1739.3245786051173,510.53392859213545,1247.0137743527848,281.4489235273209,9939.548356637517,-2414.228719082877,-1027.2645299118844,3425.166495165054,4530.282586850966,10053.448201144063,10089.228820056147,5696.40697045759,-633.0035675843949,-13342.71164608575,-6576.168217930549,18991.425880380317,5803.308414568401,-21365.625193586784,12736.77361004195
-8362.19580317725,6233.999423695365,-19399.059187400406,-9114.687515386455,2886.148090998858,4581.638211231421,-805.75733015715,-1134.2176822174922,-5115.887395916971,7542.900160838108,-15827.55101812179,8156.031655938468,29884.972287274995,-20216.769970702862,-8506.217427179197,-10229.11073737915,-7297.35501245623,-10950.62872419764,-2468.6420703387776,-10093.798424452743,-3085.0836556799795,-12048.039372491614,-6687.880215602596,-12112.61783771929,-8299.503155901675,-2563.4059465269834,-752.8620741142424,-1837.7693570902989,-414.008209561887,-14649.31091304514,3560.5473938289083,1513.0188568417113,-5046.956448880472,-6675.788394258241,-14813.481351279961,-14865.438845039209,-8396.174980092792,931.6622250885243,19661.589218871755,9689.027712940879,-27984.881410160975,-8550.419386067242,31481.881520376148,-18767.799545934486
17553.068599128437,-13087.218650863357,40715.49262300994,19127.25793785488,-6058.342197425725,-9618.844796885924,1688.9882603725712,2380.6150037052535,10740.003930025348,-15827.55101812179,33219.134233934055,-17117.353175913584,-62722.726087145405,42432.65607791426,17852.375038552924,21469.68290969015,15316.722938596107,22982.8484302265,5179.26511371484,21186.992694975153,6475.9680910230045,25292.151658925693,14039.159242726799,25421.27705844011,17418.791412815233,5379.9626186116175,1579.6244267771049,3857.098503168878,869.6830475376653,30744.83080614362,-7470.25157883697,-3176.4089377820446,10593.345304154485,14011.756637397884,31093.0545745387,31202.890984916434,17620.659236146028,-1956.5777545692827,-41267.63982803892,-20337.757963265052,58737.90692525879,17947.662377762525,-66079.31912672857,39392.53656636661
-9044.643883990952,6743.378891841567,-20980.09230746081,-9856.255338126171,3121.70116266679,4956.206309182709,-870.5018517243595,-1226.6897274717323,-5533.940648625399,8156.031655938468,-17117.353175913584,8820.393451554452,32320.171079679214,-21864.839900573497,-9199.13165699725,-11062.97119729568,-7892.414982042253,-11842.784272354189,-2668.9685532063504,-10917.191299858945,-3336.891853572462,-13032.20602578925,-7233.961542189554,-13099.302696318277,-8975.687371419093,-2772.2361942234907,-814.0028928579469,-1987.5142799287628,-448.06788377864916,-15842.500800296399,3849.5494623012214,1636.685784591486,-5458.538516742268,-7220.01552049778,-16021.62015112273,-16078.143878473222,-9079.79841748094,1008.0914372848848,21264.49852661696,10479.56148313619,-30266.576780291183,-9248.01437912338,34049.341884519075,-20298.214313480516
-33142.73873260182,24710.499914778142,-76876.96043533203,-36115.2649534713,11439.026480507835,18161.708288207046,-3189.162114082825,-4494.966126578854,-20278.623706016097,29884.972287274995,-62722.726087145405,32320.171079679214,118429.97836332639,-80119.18684211795,-33708.00770184366,-40537.97016144236,-28920.25115402056,-43395.10290772948,-9779.33039862904,-40004.14409779113,-12227.563297909814,-47755.147994825675,-26507.93437202555,-47999.249542187514,-32889.32048579062,-10158.179108140397,-2982.595592557918,-7282.781181511498,-1642.0646643877162,-58050.936917094376,14105.082953575828,5997.495936028011,-20001.804199922088,-26456.281341608315,-58708.272293604576,-58915.617928544874,-33270.5239847615,3694.2636437153938,77919.45193661192,38400.65323453491,-110905.9070554035,-33887.81219298104,124767.51682091241,-74378.95286239678
22421.952132185972,-16717.61673313905,52008.26866441722,24431.806675081956,-7738.804781655763,-12287.205753107939,2157.0545759461925,3040.9258084906446,13719.305733031937,-20216.769970702862,42432.65607791426,-21864.839900573497,-80119.18684211795,54201.87252592094,22803.731081963262,27424.55725144916,19565.092176590275,29357.183060765503,6615.402818066306,27063.693935627067,8272.288505180559,32308.087780707596,17933.46558890382,32471.86091581,22249.93258874271,6872.097943149877,2017.6611130924593,4926.8804551662115,1111.035121703585,39271.84083076402,-9541.677981084531,-4057.562304083209,13531.602779604535,17898.081727982477,39717.32610849131,39857.75189754828,22507.605505984877,-2499.4626794394603,-52713.75229343638,-25978.970482688506,75029.73377471254,22925.913424883103,-84407.66988370562,50318.738002384714
9433.0546480157,-7032.981270840984,21880.977843017023,10279.447258533877,-3255.7619242915525,-5169.066134927469,907.8556256521454,1279.3709107255272,5771.596865012164,-8506.217427179197,17852.375038552924,-9199.13165699725,-33708.00770184366,22803.731081963262,9594.142499545816,11538.025971931194,8231.332297888428,12351.310300712497,2783.56393617624,11385.997008326205,3480.192521698574,13591.879545208938,7544.618208705121,13661.787806537208,9361.105122420602,2891.2666749725113,848.9521494318251,2072.8541105055947,467.3219489829294,16522.768116234653,-4014.821440566344,-1706.97063691145,5692.942295424198,7530.0509218040015,16709.616029462664,16768.57720671895,9469.673417942926,-1051.3964797705776,-22177.62069765563,-10929.587265313245,31566.27191255778,9645.150878623204,-35511.491483100755,21169.86144400926
11344.846430080399,-8458.61506615492,26314.659363836065,12361.787437988554,-3915.606940111485,-6216.959932799653,1091.4141300564231,1538.6225107913997,6941.5572059091955,-10229.11073737915,21469.68290969015,-11062.97119729568,-40537.97016144236,27424.55725144916,11538.025971931194,13876.023449696197,9899.364821494948,14853.878225815775,3347.211987242647,13693.430217245115,4185.5338892670725,16346.930161228944,9073.80040779039,16429.819111397865,11257.817984705638,3477.0776080779824,1020.880524711369,2492.855820703899,562.1506302659762,19870.409542762904,-4827.820077653787,-2053.0034197247946,6846.594556005612,9055.90376707887,20095.798396935556,20166.84562500455,11388.196209840891,-1264.6527100605617,-26671.61314074158,-13144.593883256066,37962.84689275563,11599.837468048847,-42707.802541136545,25459.807326743594
8093.699024028155,-6034.674847123509,18773.21548378313,8818.868846367608,-2793.4918350628723,-4435.432793347375,778.4977410751137,1097.688718207102,4952.356050489805,-7297.35501245623,15316.722938596107,-7892.414982042253,-28920.25115402056,19565.092176590275,8231.332297888428,9899.364821494948,7062.392728963452,10596.900140121055,2387.8255762066024,9769.175902376413,2986.069473459307,11662.437111376137,6473.51283554817,11721.179782085854,8031.440946262928,2480.5727349126014,728.2828185803478,1778.4276202589456,401.09647061272864,14175.701687580382,-3444.0590414495446,-1464.687085546287,4884.488683921505,6460.615028795338,14336.72552636404,14387.45177799843,8124.391813357622,-902.2939592233154,-19027.942444631564,-9377.652031360562,27083.328399407164,8275.586732350923,-30468.55107540478,18163.488370541963
12144.030544125639,-9054.249516096008,28169.217718176387,13233.494582345356,-4191.441751197479,-6654.660119149897,1168.6827482465144,1647.0350827576988,7430.3490571969,-10950.62872419764,22982.8484302265,-11842.784272354189,-43395.10290772948,29357.183060765503,12351.310300712497,14853.878225815775,10596.900140121055,15900.851068361442,3583.438981312861,14658.20827539285,4480.371306046625,17498.143020165655,9712.900383663784,17587.91755610066,12051.314691504327,3722.1686048645083,1092.9057980391726,2668.558560617079,601.6437807267974,21271.082698945975,-5168.520484169916,-2197.557782079081,7329.018460878773,9694.080476316089,21511.752741538774,21587.690323438597,12191.048371304816,-1353.5883923385436,-28551.146566860567,-14070.63979605586,40637.96929315394,12417.063091061647,-45717.040814589636,27253.791173264366
2736.1307080517877,-2039.6349426927582,6347.9165089499875,2982.890189111961,-944.3582771200723,-1498.9702902507227,263.8854870859912,371.1409937486747,1673.795323558384,-2468.6420703387776,5179.26511371484,-2668.9685532063504,-9779.33039862904,6615.402818066306,2783.56393617624,3347.211987242647,2387.8255762066024,3583.438981312861,808.0303138917244,3302.7977732874615,1009.4408803688382,3941.9299000003966,2188.22215343953,3963.72212986896,2715.894134836156,838.8347293094947,246.4088146083267,601.3754772711357,135.40285032270734,4793.853240097962,-1165.400487708453,-495.0140979656043,1651.4518840245987,2184.477757476671,4847.191200792563,4864.119535163957,2747.631404272265,-304.7505744460204,-6433.722469352524,-3170.32205609406,9157.242075570102,2797.7653671733997,-10301.3787504014,6141.168045950946
11195.873700268372,-8347.791656866164,25968.248996711864,12198.537556018706,-3864.1954680256995,-6135.58758917697,1076.6727000364801,1518.379114715096,6850.623421480579,-10093.798424452743,21186.992694975153,-10917.191299858945,-40004.14409779113,27063.693935627067,11385.997008326205,13693.430217245115,9769.175902376413,14658.20827539285,3302.7977732874615,13513.467858177313,4130.585070921918,16132.64326101713,8954.761583461408,16213.332324787458,11109.525858043964,3431.2698587715436,1007.352586664178,2460.025982810949,554.8780631940032,19608.535387073356,-4763.788113507675,-2026.1209098371276,6756.566742887607,8936.750981197047,19831.5894322843,19901.837322108666,11238.01019730745,-1248.205423154047,-26320.698047173006,-12971.90872303643,37463.46578420061,11447.429428560972,-42146.26374133246,25124.98375868277
3422.216912821564,-2551.716839701424,7937.411930919461,3728.445210394418,-1181.162647324212,-1875.523975362486,328.99366661944,464.11234218959714,2094.069189763112,-3085.0836556799795,6475.9680910230045,-3336.891853572462,-12227.563297909814,8272.288505180559,3480.192521698574,4185.5338892670725,2986.069473459307,4480.371306046625,1009.4408803688382,4130.585070921918,1262.5906399598935,4931.325013932178,2737.208922524996,4955.694015996127,3395.6986703259527,1048.7829214657495,307.8832665868309,751.9221633255528,169.64064331383673,5993.438160073645,-1455.9659871180672,-619.3367817655301,2065.232386778961,2731.6104813287307,6061.783150589697,6083.291767985776,3434.9226786223753,-381.5803412558067,-8045.198745319442,-3965.071750363668,11451.132256759478,3499.0851307403527,-12882.551450021427,7679.760967494513
13366.175392811077,-9966.606703968691,30999.986358985934,14560.912624404584,-4613.279943474637,-7325.618825398969,1284.377365169274,1812.6339679462762,8179.127506349618,-12048.039372491614,25292.151658925693,-13032.20602578925,-47755.147994825675,32308.087780707596,13591.879545208938,16346.930161228944,11662.437111376137,17498.143020165655,3941.9299000003966,16132.64326101713,4931.325013932178,19260.82776868551,10690.892177344078,19354.441976042926,13261.950372732786,4096.027838980598,1202.3309463448825,2936.6523778572887,662.7197029408374,23407.27255396623,-5685.678833528449,-2419.0561596059842,8066.016661857126,10668.531913420455,23675.092174434067,23759.28032110317,13414.89320715516,-1490.5658019954708,-31421.224418699116,-15486.293666967169,44723.524851938826,13666.279358821235,-50314.4395486676,29994.186714482465
7419.119844014229,-5532.028097683098,17207.43453695159,8082.671195495754,-2560.675026619728,-4066.0946388417515,713.0872168221337,1006.1461915058866,4539.873778479122,-6687.880215602596,14039.159242726799,-7233.961542189554,-26507.93437202555,17933.46558890382,7544.618208705121,9073.80040779039,6473.51283554817,9712.900383663784,2188.22215343953,8954.761583461408,2737.208922524996,10690.892177344078,5934.114313255983,10743.317644503171,7361.462492293756,2273.636405761742,667.4243431317911,1630.0808097940735,367.8054558628433,12993.000176882684,-3156.197847494947,-1342.7084336495345,4477.228787423346,5921.849266975219,13141.397971396518,13188.07259586409,7446.432542633796,-827.2951720368262,-17441.1684175057,-8595.960880370438,24824.913968172223,7585.73465094591,-27928.182966197972,16648.986974867355
13432.397614554906,-10014.761354623002,31157.88844057392,14637.6464796713,-4636.113628318331,-7360.599092755747,1292.7633546215166,1821.785641108162,8218.583866761095,-12112.61783771929,25421.27705844011,-13099.302696318277,-47999.249542187514,32471.86091581,13661.787806537208,16429.819111397865,11721.179782085854,17587.91755610066,3963.72212986896,16213.332324787458,4955.694015996127,19354.441976042926,10743.317644503171,19454.001151996068,13329.949922687832,4117.081560282498,1208.8832981990408,2951.685024673414,665.4518806463149,23527.95660368469,-5716.9981522967655,-2430.6757084041956,8106.587509696142,10722.580197766116,23794.013451833947,23877.974122895153,13484.549517235997,-1497.1570975420777,-31580.30102503903,-15563.418640479784,44949.471229236915,13734.415959655205,-50567.34827795565,30145.27746607621
9204.026621035848,-6862.2744280818315,21349.561041231853,10029.696969849103,-3176.717728165314,-5043.614852356938,885.7344916057897,1248.2976804856107,5631.507870151955,-8299.503155901675,17418.791412815233,-8975.687371419093,-32889.32048579062,22249.93258874271,9361.105122420602,11257.817984705638,8031.440946262928,12051.314691504327,2715.894134836156,11109.525858043964,3395.6986703259527,13261.950372732786,7361.462492293756,13329.949922687832,9133.738451757923,2821.0419841046814,828.3150635693019,2022.5092700871317,455.99551966039587,16121.42980044058,-3917.225219602341,-1665.5415464461687,5554.698900177193,7347.185580530407,16303.857188530144,16361.41599823552,9239.635661850158,-1025.8994592141223,-21639.03840760129,-10664.210816073248,30799.700754933576,9410.955321159174,-34649.161690548855,20655.77650905507
2842.7257259260373,-2119.4475555913264,6594.022275311882,3097.7990407426178,-981.1481022954606,-1557.7365278940947,273.58733602056395,385.5404763941692,1739.3245786051173,-2563.4059465269834,5379.9626186116175,-2772.2361942234907,-10158.179108140397,6872.097943149877,2891.2666749725113,3477.0776080779824,2480.5727349126014,3722.1686048645083,838.8347293094947,3431.2698587715436,1048.7829214657495,4096.027838980598,2273.636405761742,4117.081560282498,2821.0419841046814,871.3163424797638,255.83513314242575,624.6762060002059,140.8262102138564,4979.267569356231,-1209.893792364241,-514.415601064966,1715.6110780760584,2269.244675311146,5035.5836502086895,5053.355390593473,2853.7596024413183,-316.8440675494705,-6683.408875872222,-3293.718703098723,9512.74725523531,2906.64320344441,-10701.67326658121,6379.701766988649
834.5295443054455,-622.1142257103904,1936.0658355944972,909.7122044308323,-288.0284351448625,-457.2125186256553,80.45357939118541,113.20029181094623,510.53392859213545,-752.8620741142424,1579.6244267771049,-814.0028928579469,-2982.595592557918,2017.6611130924593,848.9521494318251,1020.880524711369,728.2828185803478,1092.9057980391726,246.4088146083267,1007.352586664178,307.8832665868309,1202.3309463448825,667.4243431317911,1208.8832981990408,828.3150635693019,255.83513314242575,75.14792527123838,183.41390408360934,41.30776751895068,1462.0581307666996,-355.3946496879536,-150.98810353859554,503.6868599190035,666.2481234729657,1478.3846559853819,1483.552864808143,837.9807597174605,-92.96267872746557,-1962.2459067980203,-966.9506126021399,2792.9136490298733,853.3237475786326,-3141.892297700479,1873.0351565418787
2038.082248716694,-1519.5441616490134,4727.5072324444245,2220.9008044329644,-703.4309551341117,-1116.8294828938172,196.12416901533118,276.4117866185345,1247.0137743527848,-1837.7693570902989,3857.098503168878,-1987.5142799287628,-7282.781181511498,4926.8804551662115,2072.8541105055947,2492.855820703899,1778.4276202589456,2668.558560617079,601.3754772711357,2460.025982810949,751.9221633255528,2936.6523778572887,1630.0808097940735,2951.685024673414,2022.5092700871317,624.6762060002059,183.41390408360934,447.8529158353984,100.97248189597138,3569.812642592917,-867.3927847911301,-368.8113726596732,1229.9946362545184,1626.9119142964896,3610.223059486749,3622.97122150272,2045.9554760709932,-227.16996086545115,-4791.604754494077,-2361.4150732995527,6820.078818000874,2083.9026367638144,-7672.483198375053,4573.87603857124
459.78795520736753,-342.95412370730884,1065.9799930005845,500.46666788379446,-158.69667694327313,-252.11683567798926,44.00017281601463,62.34333119472861,281.4489235273209,-414.008209561887,869.6830475376653,-448.06788377864916,-1642.0646643877162,1111.035121703585,467.3219489829294,562.1506302659762,401.09647061272864,601.6437807267974,135.40285032270734,554.8780631940032,169.64064331383673,662.7197029408374,367.8054558628433,665.4518806463149,455.99551966039587,140.8262102138564,41.30776751895068,100.97248189597138,22.850368106525465,804.7678766509006,-195.30128685497823,-83.24292510921052,277.41231711787293,366.88000478714156,814.2559470771362,817.2081691138238,461.17552584467353,-51.34742386345662,-1080.5573352962824,-532.6816006912778,1538.0649190616496,470.0725217107727,-1730.4536122027778,1031.5581332122906
16245.210990848764,-12111.841955519803,37682.75041992034,17703.091031959575,-5606.937153442876,-8901.875411698891,1563.578777333498,2203.2791567314666,9939.548356637517,-14649.31091304514,30744.83080614362,-15842.500800296399,-58050.936917094376,39271.84083076402,16522.768116234653,19870.409542762904,14175.701687580382,21271.082698945975,4793.853240097962,19608.535387073356,5993.438160073645,23407.27255396623,12993.000176882684,23527.95660368469,16121.42980044058,4979.267569356231,1462.0581307666996,3569.812642592917,804.7678766509006,28455.080166194995,-6914.328450438362,-2939.6579335234405,9804.17895772718,12968.010153742605,28776.694578161263,28878.20618016113,16308.449915130697,-1810.6260184076211,-38193.56362783995,-18822.500928508547,54362.352064069,16610.49626593314,-61156.60541631006,36457.98114568721
-3946.4563981627875,2941.889680381957,-9155.862653882983,-4302.298210783001,1362.0898725143743,2162.057087511879,-380.57864137020374,-535.304041559824,-2414.228719082877,3560.5473938289083,-7470.25157883697,3849.5494623012214,14105.082953575828,-9541.677981084531,-4014.821440566344,-4827.820077653787,-3444.0590414495446,-5168.520484169916,-1165.400487708453,-4763.788113507675,-1455.9659871180672,-5685.678833528449,-3156.197847494947,-5716.9981522967655,-3917.225219602341,-1209.893792364241,-355.3946496879536,-867.3927847911301,-195.30128685497823,-6914.328450438362,1680.8528740371346,713.9986439795696,-2381.956274370829,-3150.7619930727365,-6991.327955626537,-7015.755660098531,-3962.986224607513,439.5663665753803,9279.623853218169,4572.704879300186,-13207.866880702924,-4035.3502671111796,14858.128166233637,-8857.661930260625
-1678.6875573279913,1251.7581058885435,-3893.261675317325,-1828.6298288270011,579.390645796591,920.0708151191237,-161.2586858342615,-227.64554399229206,-1027.2645299118844,1513.0188568417113,-3176.4089377820446,1636.685784591486,5997.495936028011,-4057.562304083209,-1706.97063691145,-2053.0034197247946,-1464.687085546287,-2197.557782079081,-495.0140979656043,-2026.1209098371276,-619.3367817655301,-2419.0561596059842,-1342.7084336495345,-2430.6757084041956,-1665.5415464461687,-514.415601064966,-150.98810353859554,-368.8113726596732,-83.24292510921052,-2939.6579335234405,713.9986439795696,303.82707558250104,-1013.0125521021162,-1339.8568532859842,-2973.373269058314,-2983.961564461856,-1684.7285602701409,187.2215563462242,3946.1824908900744,1944.9484800356536,-5616.821734153141,-1716.3688499861505,6319.01648337553,-3766.9750325974155
5597.7778641158775,-4173.727705837433,12983.918697761676,6099.276508633168,-1932.0446312950633,-3067.655622440526,538.4026266745867,759.1781794522001,3425.166495165054,-5046.956448880472,10593.345304154485,-5458.538516742268,-20001.804199922088,13531.602779604535,5692.942295424198,6846.594556005612,4884.488683921505,7329.018460878773,1651.4518840245987,6756.566742887607,2065.232386778961,8066.016661857126,4477.228787423346,8106.587509696142,5554.698900177193,1715.6110780760584,503.6868599190035,1229.9946362545184,277.41231711787293,9804.17895772718,-2381.956274370829,-1013.0125521021162,3378.2141631303693,4468.295957242948,9915.572070534276,9950.670419661681,5618.974870548913,-624.054367496356,-13160.108589235051,-6485.786271512913,18731.37624773665,5723.568001138925,-21072.67715523941,12562.236685336122
7403.9968434408365,-5520.368444798127,17173.725072186568,8067.6509190578745,-2555.453088759831,-4057.3913210886053,712.2697768063534,1004.1422447646643,4530.282586850966,-6675.788394258241,14011.756637397884,-7220.01552049778,-26456.281341608315,17898.081727982477,7530.0509218040015,9055.90376707887,6460.615028795338,9694.080476316089,2184.477757476671,8936.750981197047,2731.6104813287307,10668.531913420455,5921.849266975219,10722.580197766116,7347.185580530407,2269.244675311146,666.2481234729657,1626.9119142964896,366.88000478714156,12968.010153742605,-3150.7619930727365,-1339.8568532859842,4468.295957242948,5910.162494142938,13115.124325348237,13161.508448308969,7432.264975489089,-825.3581138060332,-17406.69908070398,-8578.567949766908,24775.69511263699,7570.404045963345,-27872.405820979548,16615.834812732024
16430.36662110178,-12250.585040405958,38109.7733818617,17902.231055593154,-5670.849585959766,-9004.086405820515,1580.24446062587,2228.298989768586,10053.448201144063,-14813.481351279961,31093.0545745387,-16021.62015112273,-58708.272293604576,39717.32610849131,16709.616029462664,20095.798396935556,14336.72552636404,21511.752741538774,4847.191200792563,19831.5894322843,6061.783150589697,23675.092174434067,13141.397971396518,23794.013451833947,16303.857188530144,5035.5836502086895,1478.3846559853819,3610.223059486749,814.2559470771362,28776.694578161263,-6991.327955626537,-2973.373269058314,9915.572070534276,13115.124325348237,29103.751527433767,29206.77949401406,16492.49587430831,-1831.7167278274271,-38626.923389184194,-19036.799905001433,54979.44653232024,16799.573958095352,-61851.56038532434,36872.08997019891
16488.640020407376,-12294.183282636703,38244.42783035966,17965.18637075024,-5690.972022244769,-9036.17724436548,1585.606575886951,2236.1736073608795,10089.228820056147,-14865.438845039209,31202.890984916434,-16078.143878473222,-58915.617928544874,39857.75189754828,16768.57720671895,20166.84562500455,14387.45177799843,21587.690323438597,4864.119535163957,19901.837322108666,6083.291767985776,23759.28032110317,13188.07259586409,23877.974122895153,16361.41599823552,5053.355390593473,1483.552864808143,3622.97122150272,817.2081691138238,28878.20618016113,-7015.755660098531,-2983.961564461856,9950.670419661681,13161.508448308969,29206.77949401406,29310.261437012625,16550.615359730622,-1838.3070192340092,-38763.52772974932,-19104.274442200323,55173.931030972235,16859.102163343203,-62070.50522384044,37002.569455186334
9310.371665009554,-6941.3670601984095,21596.92837958977,10146.314428795875,-3213.4171169677866,-5101.6798552120035,896.2912750904487,1262.7480023893488,5696.40697045759,-8396.174980092792,17620.659236146028,-9079.79841748094,-33270.5239847615,22507.605505984877,9469.673417942926,11388.196209840891,8124.391813357622,12191.048371304816,2747.631404272265,11238.01019730745,3434.9226786223753,13414.89320715516,7446.432542633796,13484.549517235997,9239.635661850158,2853.7596024413183,837.9807597174605,2045.9554760709932,461.17552584467353,16308.449915130697,-3962.986224607513,-1684.7285602701409,5618.974870548913,7432.264975489089,16492.49587430831,16550.615359730622,9346.90040546363,-1037.6258281869498,-21889.601765216063,-10787.490032734404,31156.26162234854,9519.760411649644,-35050.082861839895,20894.83318186367
-1034.2386496013178,771.3352800695416,-2398.1706651389336,-1126.1304978850897,356.96691874608064,566.995594536478,-99.13928742634462,-140.23893648730973,-633.0035675843949,931.6622250885243,-1956.5777545692827,1008.0914372848848,3694.2636437153938,-2499.4626794394603,-1051.3964797705776,-1264.6527100605617,-902.2939592233154,-1353.5883923385436,-304.7505744460204,-1248.205423154047,-381.5803412558067,-1490.5658019954708,-827.2951720368262,-1497.1570975420777,-1025.8994592141223,-316.8440675494705,-92.96267872746557,-227.16996086545115,-51.34742386345662,-1810.6260184076211,439.5663665753803,187.2215563462242,-624.054367496356,-825.3581138060332,-1831.7167278274271,-1838.3070192340092,-1037.6258281869498,115.4327402917813,2430.8790973286914,1198.239558650581,-3460.061633349449,-1057.4079363403505,3892.759068923919,-2320.572515722998
-21806.416473543497,16258.728156632818,-50580.34470940917,-23760.92215260991,7526.365647774379,11949.945543226102,-2097.7589414169483,-2957.435053438453,-13342.71164608575,19661.589218871755,-41267.63982803892,21264.49852661696,77919.45193661192,-52713.75229343638,-22177.62069765563,-26671.61314074158,-19027.942444631564,-28551.146566860567,-6433.722469352524,-26320.698047173006,-8045.198745319442,-31421.224418699116,-17441.1684175057,-31580.30102503903,-21639.03840760129,-6683.408875872222,-1962.2459067980203,-4791.604754494077,-1080.5573352962824,-38193.56362783995,9279.623853218169,3946.1824908900744,-13160.108589235051,-17406.69908070398,-38626.923389184194,-38763.52772974932,-21889.601765216063,2430.8790973286914,51266.51079483872,25265.77433607244,-72969.82962867843,-22296.521672550378,82090.34544052518,-48937.27752962284
-10747.23886869451,8013.358984080004,-24927.381511945303,-11709.434431073807,3709.3565907895027,5889.809942863016,-1033.403400855221,-1457.5288923300973,-6576.168217930549,9689.027712940879,-20337.757963265052,10479.56148313619,38400.65323453491,-25978.970482688506,-10929.587265313245,-13144.593883256066,-9377.652031360562,-14070.63979605586,-3170.32205609406,-12971.90872303643,-3965.071750363668,-15486.293666967169,-8595.960880370438,-15563.418640479784,-10664.210816073248,-3293.718703098723,-966.9506126021399,-2361.4150732995527,-532.6816006912778,-18822.500928508547,4572.704879300186,1944.9484800356536,-6485.786271512913,-8578.567949766908,-19036.799905001433,-19104.274442200323,-10787.490032734404,1198.239558650581,25265.77433607244,12452.081236079748,-35961.97918602846,-10988.68585763395,40457.17424581025,-24118.037184762346
31038.144042549364,-23141.9512695893,71993.0916206269,33819.671761924714,-10712.646325306987,-17009.063389013845,2985.6675705184693,4209.459284038324,18991.425880380317,-27984.881410160975,58737.90692525879,-30266.576780291183,-110905.9070554035,75029.73377471254,31566.27191255778,37962.84689275563,27083.328399407164,40637.96929315394,9157.242075570102,37463.46578420061,11451.132256759478,44723.524851938826,24824.913968172223,44949.471229236915,30799.700754933576,9512.74725523531,2792.9136490298733,6820.078818000874,1538.0649190616496,54362.352064069,-13207.866880702924,-5616.821734153141,18731.37624773665,24775.69511263699,54979.44653232024,55173.931030972235,31156.26162234854,-3460.061633349449,-72969.82962867843,-35961.97918602846,103861.15239469292,31735.69866659703,-116842.89317743557,69654.61450718305
9484.197874812666,-7071.590124166404,21997.917040749646,10333.374802721484,-3273.418827113348,-5197.606521762019,911.9859669242385,1286.2444312801188,5803.308414568401,-8550.419386067242,17947.662377762525,-9248.01437912338,-33887.81219298104,22925.913424883103,9645.150878623204,11599.837468048847,8275.586732350923,12417.063091061647,2797.7653671733997,11447.429428560972,3499.0851307403527,13666.279358821235,7585.73465094591,13734.415959655205,9410.955321159174,2906.64320344441,853.3237475786326,2083.9026367638144,470.0725217107727,16610.49626593314,-4035.3502671111796,-1716.3688499861505,5723.568001138925,7570.404045963345,16799.573958095352,16859.102163343203,9519.760411649644,-1057.4079363403505,-22296.521672550378,-10988.68585763395,31735.69866659703,9697.278537125401,-35702.597567499724,21283.662662820898
-34917.94742311143,26035.00705080634,-80991.30121850515,-38046.09486466142,12051.74369009902,19135.522898195064,-3358.40680381,-4735.607265831825,-21365.625193586784,31481.881520376148,-66079.31912672857,34049.341884519075,124767.51682091241,-84407.66988370562,-35511.491483100755,-42707.802541136545,-30468.55107540478,-45717.040814589636,-10301.3787504014,-42146.26374133246,-12882.551450021427,-50314.4395486676,-27928.182966197972,-50567.34827795565,-34649.161690548855,-10701.67326658121,-3141.892297700479,-7672.483198375053,-1730.4536122027778,-61156.60541631006,14858.128166233637,6319.01648337553,-21072.67715523941,-27872.405820979548,-61851.56038532434,-62070.50522384044,-35050.082861839895,3892.759068923919,82090.34544052518,40457.17424581025,-116842.89317743557,-35702.597567499724,131447.53911708438,-78360.93931883974
20815.87815591643,-15520.356422965668,48282.14762273128,22680.94355858424,-7184.4873523302695,-11407.317124194435,2002.1890790163404,2823.0861066700418,12736.77361004195,-18767.799545934486,39392.53656636661,-20298.214313480516,-74378.95286239678,50318.738002384714,21169.86144400926,25459.807326743594,18163.488370541963,27253.791173264366,6141.168045950946,25124.98375868277,7679.760967494513,29994.186714482465,16648.986974867355,30145.27746607621,20655.77650905507,6379.701766988649,1873.0351565418787,4573.87603857124,1031.5581332122906,36457.98114568721,-8857.661930260625,-3766.9750325974155,12562.236685336122,16615.834812732024,36872.08997019891,37002.569455186334,20894.83318186367,-2320.572515722998,-48937.27752962284,-24118.037184762346,69654.61450718305,21283.662662820898,-78360.93931883974,46713.99565756923
