V1,V2,V3,V4,V5,V6,V7,V8,V9,V10,V11,V12,V13,V14,V15,V16,V17,V18,V19,V20,V21,V22,V23,V24,V25,V26,V27,V28,V29,V30,V31,V32,V33,V34,V35,V36,V37,V38,V39,V40,V41,V42,V43,V44
0.7119412168980626,-0.8390542677367065,-0.26931352357496247,-0.597849131467065,-0.22471533687372083,-0.7464198622598296,-0.7272016805300419,0.34544265416401754,0.8382395565628314,1.1013884235931553,-0.2607881606548246,0.4128331982691806,0.3909571117065167,-0.18164149705025065,-0.3996714260881063,0.17251276204046403,0.32507361567437787,-0.464413067585917,-0.15841205036102515,0.40604391135646356,0.28786566516254,1.019772936996293,0.6806506281063053,-0.16921354847232822,-0.07909627429938945,-0.4615618871343295,-0.037579571127663754,-0.3932938836341379,0.43358262891969923,-0.33665964443867313,0.8733766532321708,-0.18322723580719844,-0.1558497415946239,0.08259165467088511,0.23244363250827776,0.6234778882501046,-0.1642164546306764,-0.2067945598913774,0.04951759251138468,-0.5751022956493983,0.5213214941357572,0.5526409189706576,-0.7963356259269022,0.6684305273525137
-0.8390542677367065,1.2708968943848578,0.20318710263458095,1.2978073733556186,0.3584423509705131,1.225713283932607,1.002501371604893,-0.1539705002205249,-1.21273814890189,-1.5963976017809245,0.5025594642918131,-0.29006392620253363,-0.7410205175665132,0.033354710246642355,0.6027885261854293,-0.16829455136959867,-0.2721166605005616,0.5647183843938394,0.6808949578840655,-0.6395458938371608,-0.2903060562477809,-1.7455878677774248,-0.8761641380687974,0.5106187323867366,0.22019137569996228,0.3630901140070844,0.14728418194655082,0.2887304462947844,-0.39972903951961064,0.6364404065930404,-1.1530397307020104,0.48735840077099946,-0.01019565092814926,-0.1007841368130621,-0.5651392283568538,-0.7652110321171485,0.42435564624678024,0.67514358440517,-0.047047178820272366,0.6178092967798918,-0.5308286606908663,-0.6747900358370655,1.124547309121217,-0.6806654437711632
-0.26931352357496247,0.20318710263458095,1.3035740346388422,0.6265170399426728,0.2952124738514491,0.34044798078608496,0.11762099731655776,-0.5931791436321737,0.3433585573661874,0.3769589294287384,0.22706938489623513,-0.5448828775755542,-0.09721231148131852,0.7626095082801008,-0.4874611766220481,0.13840676380370961,-0.36447906453670387,0.2680333013687499,-0.8425459053553197,0.3350486847390074,-0.2147470020309816,-0.26101211455199996,-0.007851265045724988,-0.35538466145898995,-0.12761011502110234,0.6641983985676677,-0.07934110072408526,0.0990488743675669,-0.4468027122853428,0.19983769754140704,0.15558106080651724,-0.4771268374889665,-0.3221946849521864,0.019496862815521043,0.32681206965065074,0.3774890225899175,0.15216021929419496,0.06268676437717911,0.09469926534796377,0.23788825808154002,-0.46672224435365245,-0.06810753580371877,0.4019235297269712,-0.7226011426940637
-0.597849131467065,1.2978073733556186,0.6265170399426728,3.0456564961042205,0.4870346645404895,1.8380208598522358,0.7757757532256421,0.07542848695295046,-0.7737671464320262,-0.9761707004725574,0.7645446822624229,-0.07970661755545447,-1.1958617105440623,0.0772284536645305,0.05570742135193423,-0.1038404142700536,-0.0509504919014681,0.49725692208226074,0.9066161652062062,-0.5494505624720194,-0.2486378018430894,-2.570464968456663,-0.5071757747487452,0.6968583925269188,0.26844788277621123,0.19033591658270382,0.2548853629050166,-0.29768059464339175,-0.13494260634991712,0.9572552647590648,-0.7264304796427355,0.6412505487789801,-1.0709897121149745,-0.14835970323105085,-0.7925584909877401,-0.138261688905924,1.1636730367039787,1.6229102330480758,0.22272684702048715,0.44412313123813024,-0.24173127882286866,-0.47960822882083776,1.4221105329711587,-0.5728458146258163
-0.22471533687372083,0.3584423509705131,0.2952124738514491,0.4870346645404895,0.24417271384658193,0.47382430004661746,0.21582951693195562,0.029496972884031605,-0.040270155204814764,-0.21329839440385348,0.2909720953799661,-0.10749835469402427,-0.09835798028289248,0.0845812665791541,0.03883590498733348,0.09714528867299214,-0.10415476611570434,0.006529636359572028,-0.0569076934386369,0.13603918186714462,-0.11216398276567516,-0.5340738513942763,-0.07961378014255874,-0.05000382928568727,0.01908110005712716,0.21789394837320547,0.0011969043558642876,0.12515367741678946,-0.1941895211458011,0.15554672695336133,-0.16924929999267554,-0.09300068457098,-0.2275162382274433,0.09074573462560076,-0.020042843947645723,-0.1221727251496478,0.02009857437546771,0.38813124017789974,-0.06429095369150381,0.24837192551254336,-0.3109936989012506,-0.1679483536079023,0.4762961282179418,-0.1837931922247688
-0.7464198622598296,1.225713283932607,0.34044798078608496,1.8380208598522358,0.47382430004661746,1.6503206647886797,0.9193752862964042,-0.062150999644420696,-1.0283968674942199,-1.1412304212943027,0.8439272700017846,-0.10385996817373123,-0.9497146261546812,0.24352587188701527,0.5386771608970522,-0.19587774429555793,-0.1447963178451138,0.6067979336453442,0.4618172269725991,-0.5002142628158365,-0.28151440781847664,-1.7678195296253552,-0.6072022695609964,0.41409193961372687,0.1658793599513846,0.6157421610545455,0.07517283803767968,0.3111482533356866,-0.396045800406809,0.4539257701901478,-0.9705105016901175,0.5968192479731808,-0.3163609545757585,-0.017306003234081963,-0.40026972537159167,-0.3458603221064488,0.2688568202050176,1.3389543387612952,-0.32386620272225103,0.5283073046532345,-0.3451096176229279,-0.7024766014468029,1.0654026837780912,-0.562301286449566
-0.7272016805300419,1.002501371604893,0.11762099731655776,0.7757757532256421,0.21582951693195562,0.9193752862964042,0.9528422370393766,-0.2880084742783482,-1.2759220452342903,-1.399543159883693,0.4244484632668421,-0.25583447135047727,-0.7549027117087498,0.20255271996033372,0.6894124031473056,-0.2624261836337698,-0.18828709207365135,0.7149212963779489,0.5006402391016559,-0.6913172182865808,-0.24936492620647782,-1.057699379009153,-0.8245101819602851,0.4800783283206496,0.1439413445626231,0.5005065116988283,0.07395794705609775,0.37863099405409584,-0.408918517401472,0.3544160059366148,-1.1004964846917273,0.5456170775994608,0.3160468419740584,-0.16497523879158774,-0.3135968757103731,-0.5686934187804605,0.13751364048328218,0.4535556460717952,-0.2556764180251369,0.4541099236466788,-0.24969686352044945,-0.616296881296385,0.5843053102160897,-0.5421161153017021
0.34544265416401754,-0.1539705002205249,-0.5931791436321737,0.07542848695295046,0.029496972884031605,-0.062150999644420696,-0.2880084742783482,1.2246069457963715,0.66966360163659,-0.12891431827313146,0.12069716789679867,0.26212033283868075,0.07481231072132935,-0.9151812765502337,0.02264310171493091,0.5373321336505793,0.47084308014353976,-0.8711186914140053,0.7781164402389193,0.6182542253952094,0.08741980727951296,-0.5688312519577048,0.3764022346538524,0.23864569123584053,0.27100391889578374,-0.7901776147910498,0.13406855591251576,-0.3924210165059652,0.3871410630846162,0.32526261930541084,0.024878572977158172,-0.3426047063547829,-0.6466841438032435,0.4141869622007433,-0.11544185660311937,-0.4865016154970992,0.19913597442683048,0.41484150959349536,0.10772626478305332,0.17690635734990548,0.09112370380462391,0.2244539200227937,0.26043206999245644,1.1066900404362414
0.8382395565628314,-1.21273814890189,0.3433585573661874,-0.7737671464320262,-0.040270155204814764,-1.0283968674942199,-1.2759220452342903,0.66966360163659,2.305891663209115,1.8147096481561085,-0.3334603724846127,-0.018337407169460022,1.1402064964398475,-0.304994080927284,-1.115576870320563,0.7747770494844375,0.17188844275342913,-1.3670954273164326,-0.9075529647729783,1.6422851291356368,0.1680228853971241,0.8960181747553542,1.258470675876655,-0.8940128347773074,-0.14129719138110053,-0.594895466819525,-0.10664335044633678,-0.40866186835376306,0.3458177194633032,-0.1685033277854347,1.4225849818517562,-1.4050728007714717,-0.9240386285034133,0.5332937439478901,0.6283549031327234,0.451401604925862,-0.07076985873772522,-0.4311644448650961,0.39971848970727747,-0.12574759368825592,-0.12729855200358248,0.8096470480889348,-0.18254083439810787,0.8292552016952657
1.1013884235931553,-1.5963976017809245,0.3769589294287384,-0.9761707004725574,-0.21329839440385348,-1.1412304212943027,-1.399543159883693,-0.12891431827313146,1.8147096481561085,3.035572042509172,-0.5144776957592521,0.5242995254943188,1.03359912108934,0.3472112368675039,-1.3510115117498982,0.12030324464381055,0.24979705217952294,-0.5656496217098971,-1.4592987756806552,0.8279354568283191,0.3362288214521345,2.1723517741930216,1.3127744568664201,-0.9432774592170985,-0.5248481275292843,-0.02241307921538706,-0.27152643007559796,-0.6150730158864176,0.38401872900384426,-1.0809344553097904,2.0373191888296582,-0.6183558630298829,-0.4643011764603162,0.008261438563656808,0.8084029821575324,1.7338535135634758,-0.6522350505514185,-0.3056275273342581,0.218865237506594,-0.9547503033714597,0.4392195973897985,0.8655909772945348,-1.1895659879664078,0.343870829154329
-0.2607881606548246,0.5025594642918131,0.22706938489623513,0.7645446822624229,0.2909720953799661,0.8439272700017846,0.4244484632668421,0.12069716789679867,-0.3334603724846127,-0.5144776957592521,0.7592921025772058,0.004075308615484522,-0.5579987723871461,0.31124859639790003,0.49199672325834326,0.05506483128556077,0.01683457250178981,0.22396426183421303,0.03095011485341304,0.13326087110639048,-0.08337818096916023,-0.47117036507559773,-0.042136173513626377,0.08969925299095298,0.09015897066357494,0.4583975957469993,-0.043866246982589854,0.43854147005437377,-0.25087248750058455,0.11660541747584979,-0.4359405258575132,0.19003303597647841,-0.07230991987661337,0.18972502269880137,0.11296207384918058,-0.003865646243486293,-0.17979753925578013,0.8697153266990618,-0.6513328681435784,0.18082038784089516,0.05747476143854702,-0.28529436464418817,0.18042787662303067,0.07518197491202477
0.4128331982691806,-0.29006392620253363,-0.5448828775755542,-0.07970661755545447,-0.10749835469402427,-0.10385996817373123,-0.25583447135047727,0.26212033283868075,-0.018337407169460022,0.5242995254943188,0.004075308615484522,0.6430281031271002,0.039787385611071785,-0.19031750805650555,0.04427000962719089,-0.13083689446862465,0.3028003218029367,-0.07269193782127843,0.23133376870323613,-0.1714782786992314,0.257902031418162,0.5321410698105117,0.303201444877204,0.11699663051877904,-0.054887129531707934,-0.24229029958074205,-0.0062821750172636645,-0.23421603293963134,0.3429884697613352,-0.3740063513636297,0.4188880188688558,0.4430750477245157,0.02445608395426033,-0.07632173405753168,-0.1003467140696568,0.5076632810536127,-0.2516253710686394,0.3486507793578978,-0.1595098317226829,-0.5510471855401621,0.5064295687276195,0.21102855577913698,-0.5497114097113398,0.4045105293696387
0.3909571117065167,-0.7410205175665132,-0.09721231148131852,-1.1958617105440623,-0.09835798028289248,-0.9497146261546812,-0.7549027117087498,0.07481231072132935,1.1402064964398475,1.03359912108934,-0.5579987723871461,0.039787385611071785,1.3097521833636865,-0.27812420096709045,-0.5970076722364325,0.2420200341451423,-0.15820980608297108,-0.8829198774967935,-0.7765566234896834,0.8168212327491899,0.14550797335683557,1.0160154795645817,0.6245099041743994,-0.8250543869396629,-0.2601718995755473,-0.3584049946729068,-0.11342643883936855,0.031135446597856095,0.1546374758960148,-0.41687953049019855,0.9231678259476243,-0.808528910804861,-0.10825080418384352,0.1432265292877871,0.22910898379843211,0.08429560798809708,-0.3213345010849678,-0.7716154780267502,0.36696998313534085,-0.1087095373756499,-0.38180953036143195,0.45467960083433734,-0.05182667766996216,0.12036879544697393
-0.18164149705025065,0.033354710246642355,0.7626095082801008,0.0772284536645305,0.0845812665791541,0.24352587188701527,0.20255271996033372,-0.9151812765502337,-0.304994080927284,0.3472112368675039,0.31124859639790003,-0.19031750805650555,-0.27812420096709045,1.100320750063058,0.08026894688400363,-0.3066334709812529,-0.2818468964147634,0.7410732970599934,-0.9562042663375463,-0.14296238727410454,-0.05309614869985765,0.7525558929463332,-0.026850214372452906,-0.3214299522391585,-0.23505213592034815,0.9418923834130314,-0.19885839581120987,0.5365015244622603,-0.40458251102900517,-0.37268139214263324,0.07973769452962674,0.19151246085445445,0.4696431893760539,-0.15264907778339604,0.4620149942959402,0.7382417928682516,-0.4326248558031843,0.04874475264702529,-0.5626716766103135,-0.2227128824377808,0.1672316461307429,-0.1411384935207114,-0.5201144532741051,-0.6455081388506965
-0.3996714260881063,0.6027885261854293,-0.4874611766220481,0.05570742135193423,0.03883590498733348,0.5386771608970522,0.6894124031473056,0.02264310171493091,-1.115576870320563,-1.3510115117498982,0.49199672325834326,0.04427000962719089,-0.5970076722364325,0.08026894688400363,1.0746344906357261,-0.2225853294871096,0.003053037313409423,0.45883572451738003,0.5178015836855402,-0.44438888696837403,-0.03139748579870281,-0.2360681986968434,-0.4718023413301577,0.39308179665205994,0.1782412025362939,0.2661941326464993,0.00813856983759736,0.6715492682309987,-0.18097984514026988,0.07105836212707124,-0.9590601633622915,0.624359045006368,0.6844466063305701,0.015916966568034843,-0.13933288554455797,-0.509585222165861,-0.2690748429184426,0.3395924144708179,-0.7437980697848224,0.14943502101560888,0.24112624061299623,-0.42760789022343537,-0.11115595380245982,0.0977465493843589
0.17251276204046403,-0.16829455136959867,0.13840676380370961,-0.1038404142700536,0.09714528867299214,-0.19587774429555793,-0.2624261836337698,0.5373321336505793,0.7747770494844375,0.12030324464381055,0.05506483128556077,-0.13083689446862465,0.2420200341451423,-0.3066334709812529,-0.2225853294871096,0.4993162854327837,0.09999512209795444,-0.6092602492332084,0.016860562403012192,0.7322954647026879,-0.010817460182016585,-0.1988686596693315,0.3217062563452906,-0.1358812674570801,0.10411984515886104,-0.32702405324900896,0.03331235559871005,-0.14467580806960165,0.06244316091537053,0.2686422873221629,0.18591280993220213,-0.6390729388406184,-0.45402850529655575,0.33472342131296046,0.15807385543515212,-0.23351187093699263,0.12230532004768487,-0.03364383421124431,0.12885386715118327,0.21138506520949585,-0.19293938177457015,0.21115442906755108,0.23925586397560628,0.47500104549499006
0.32507361567437787,-0.2721166605005616,-0.36447906453670387,-0.0509504919014681,-0.10415476611570434,-0.1447963178451138,-0.18828709207365135,0.47084308014353976,0.17188844275342913,0.24979705217952294,0.01683457250178981,0.3028003218029367,-0.15820980608297108,-0.2818468964147634,0.003053037313409423,0.09999512209795444,0.3893313420711502,-0.1625141201588108,0.3664061511116706,0.05102679212078282,0.10387800374426437,0.17815474337490156,0.22031301495402592,0.23552240578547048,0.06356813325312359,-0.289091764433524,0.034090606942638685,-0.3227947684665395,0.2570337656236619,-0.08499354289259076,0.14125058216531344,0.10068210910372609,-0.17334292363007853,0.049100351974266855,0.06180770242203947,0.1471318372929438,-0.03555484683727683,0.2353159194652824,-0.06729427403275984,-0.19726885491403373,0.4259377825935121,0.17274266736914692,-0.3774563371390973,0.6244580708141432
-0.464413067585917,0.5647183843938394,0.2680333013687499,0.49725692208226074,0.006529636359572028,0.6067979336453442,0.7149212963779489,-0.8711186914140053,-1.3670954273164326,-0.5656496217098971,0.22396426183421303,-0.07269193782127843,-0.8829198774967935,0.7410732970599934,0.45883572451738003,-0.6092602492332084,-0.1625141201588108,1.240461535860355,0.05063226127117817,-1.129472668006964,-0.12308874161131388,-0.11683412352559432,-0.7282567839672771,0.4390062714172591,-0.03572522399203339,0.7741223323500162,-0.025476844716833737,0.22036403947114677,-0.33276382267371596,-0.09458500045571866,-0.6368757179219833,0.914900629024438,0.6755812109718351,-0.42837829938275507,-0.09778738004506166,0.29288256632364745,-0.09352824706972883,0.20675965639923685,-0.3429437257856682,-0.13534109812036813,0.24110384134889926,-0.476825260129645,-0.2704545618593324,-0.8131736999720192
-0.15841205036102515,0.6808949578840655,-0.8425459053553197,0.9066161652062062,-0.0569076934386369,0.4618172269725991,0.5006402391016559,0.7781164402389193,-0.9075529647729783,-1.4592987756806552,0.03095011485341304,0.23133376870323613,-0.7765566234896834,-0.9562042663375463,0.5178015836855402,0.016860562403012192,0.3664061511116706,0.05063226127117817,1.8392292851310492,-0.7679288186682449,-0.0022492154597789876,-1.6226418807404903,-0.626476045848723,1.1370509949512848,0.47544253890229976,-0.8114368203060194,0.35634159514510805,-0.5855273683372322,0.3522932619502646,0.8016490841785725,-0.9018710857765523,0.6754412085374207,-0.21951900665997692,-0.08767180461702584,-0.8951223588105077,-0.8801912851007467,0.8395063190064568,0.438721439783353,0.3622675703709397,0.20302251199868254,0.18628211373152556,-0.20294229044216522,0.5475789998331739,0.44741730103348787
0.40604391135646356,-0.6395458938371608,0.3350486847390074,-0.5494505624720194,0.13603918186714462,-0.5002142628158365,-0.6913172182865808,0.6182542253952094,1.6422851291356368,0.8279354568283191,0.13326087110639048,-0.1714782786992314,0.8168212327491899,-0.14296238727410454,-0.44438888696837403,0.7322954647026879,0.05102679212078282,-1.129472668006964,-0.7679288186682449,1.6064622195629168,0.0439806777712267,0.5825796271221484,0.9450337080951047,-0.7993074857649088,-0.07534277126731924,-0.22150126079530896,-0.13020409735951743,0.19969554002038328,0.022414098312459902,-0.0582483980646236,0.7224172425668052,-1.2393370755952402,-0.6275877316074895,0.5814152684745959,0.634757655539056,0.017844928906908142,-0.2498636711270666,-0.10277330956917059,-0.1254368953139374,0.20323889191354955,-0.2376406598533348,0.46125392220853434,0.04519181354209,0.7622240985969406
0.28786566516254,-0.2903060562477809,-0.2147470020309816,-0.2486378018430894,-0.11216398276567516,-0.28151440781847664,-0.24936492620647782,0.08741980727951296,0.1680228853971241,0.3362288214521345,-0.08337818096916023,0.257902031418162,0.14550797335683557,-0.05309614869985765,-0.03139748579870281,-0.010817460182016585,0.10387800374426437,-0.12308874161131388,-0.0022492154597789876,0.0439806777712267,0.17993455855304574,0.48161755690842173,0.24536075358267875,-0.029016183911594093,-0.023974180462473724,-0.20180326068528268,-0.007633204150020851,-0.07711404511948194,0.21306345640633628,-0.1576825085118919,0.327685064992191,0.09721662421429582,0.08984777058149684,-0.0021165694214817705,-0.0034729864295320106,0.2897338804831936,-0.09371391866722165,-0.07434616456688607,-0.0566305052826459,-0.34087703611388315,0.2899187579551042,0.2186420328409532,-0.40785616060240026,0.23203412649333502
1.019772936996293,-1.7455878677774248,-0.26101211455199996,-2.570464968456663,-0.5340738513942763,-1.7678195296253552,-1.057699379009153,-0.5688312519577048,0.8960181747553542,2.1723517741930216,-0.47117036507559773,0.5321410698105117,1.0160154795645817,0.7525558929463332,-0.2360681986968434,-0.1988686596693315,0.17815474337490156,-0.11683412352559432,-1.6226418807404903,0.5825796271221484,0.48161755690842173,3.8220062211675985,1.1077508131860714,-0.9697125028486244,-0.5860383983478727,0.29470925552739513,-0.43038901745119623,0.4148180213579643,0.21006506711808604,-1.5961152279435178,1.517923288396646,-0.21999420549241117,1.059179490640241,-0.09820438537265334,1.1725845766460914,1.5572794158412921,-1.4904474375627785,-1.0869881085756956,-0.7922746676512952,-1.2367965239246843,1.056763790995997,0.7886256817962992,-2.4547038571697386,0.5873449213200752
0.6806506281063053,-0.8761641380687974,-0.007851265045724988,-0.5071757747487452,-0.07961378014255874,-0.6072022695609964,-0.8245101819602851,0.3764022346538524,1.258470675876655,1.3127744568664201,-0.042136173513626377,0.303201444877204,0.6245099041743994,-0.026850214372452906,-0.4718023413301577,0.3217062563452906,0.22031301495402592,-0.7282567839672771,-0.626476045848723,0.9450337080951047,0.24536075358267875,1.1077508131860714,0.9668649662277239,-0.5691313483300818,-0.1638509782318391,-0.26406777073354865,-0.12950957588410514,-0.0828562697095432,0.296296471431189,-0.41798161775826015,1.0271460462957889,-0.5428271025545485,-0.37439120315305435,0.2643230832748913,0.4701175147526017,0.6632967421312058,-0.32408959267119053,-0.016590260602467204,-0.14603941755659103,-0.4119679587009473,0.33334123566152535,0.567092057732012,-0.6119720191348895,0.7005220116128009
-0.16921354847232822,0.5106187323867366,-0.35538466145898995,0.6968583925269188,-0.05000382928568727,0.41409193961372687,0.4800783283206496,0.23864569123584053,-0.8940128347773074,-0.9432774592170985,0.08969925299095298,0.11699663051877904,-0.8250543869396629,-0.3214299522391585,0.39308179665205994,-0.1358812674570801,0.23552240578547048,0.4390062714172591,1.1370509949512848,-0.7993074857649088,-0.029016183911594093,-0.9697125028486244,-0.5691313483300818,0.8798702634130917,0.29497052262132967,-0.2596737748362282,0.21155091946060386,-0.39220745273885854,0.13746959580254742,0.47310933949154144,-0.6915268318109077,0.6716711772519399,0.044277650001815196,-0.17261429007802612,-0.5103135828273222,-0.3443665204581382,0.4944088263354372,0.3283630496648568,0.12229191046935406,0.03036424784998482,0.27229615391939016,-0.22274458929792662,0.13583233287176658,0.09542304952207922
-0.07909627429938945,0.22019137569996228,-0.12761011502110234,0.26844788277621123,0.01908110005712716,0.1658793599513846,0.1439413445626231,0.27100391889578374,-0.14129719138110053,-0.5248481275292843,0.09015897066357494,-0.054887129531707934,-0.2601718995755473,-0.23505213592034815,0.1782412025362939,0.10411984515886104,0.06356813325312359,-0.03572522399203339,0.47544253890229976,-0.07534277126731924,-0.023974180462473724,-0.5860383983478727,-0.1638509782318391,0.29497052262132967,0.19756838502733673,-0.21944874109793613,0.10147018194358098,-0.08840045601459282,0.06440636025647456,0.3548353523548362,-0.3259545314073748,0.06347063762535862,-0.0765450044535656,0.0936194192004781,-0.20378905363371486,-0.34669308951979405,0.27146199654704084,0.09973864687671109,0.05534726219962717,0.1506815480030929,-0.005517643368550464,-0.07480946263377522,0.2286034417959068,0.1541662572168721
-0.4615618871343295,0.3630901140070844,0.6641983985676677,0.19033591658270382,0.21789394837320547,0.6157421610545455,0.5005065116988283,-0.7901776147910498,-0.594895466819525,-0.02241307921538706,0.4583975957469993,-0.24229029958074205,-0.3584049946729068,0.9418923834130314,0.2661941326464993,-0.32702405324900896,-0.289091764433524,0.7741223323500162,-0.8114368203060194,-0.22150126079530896,-0.20180326068528268,0.29470925552739513,-0.26406777073354865,-0.2596737748362282,-0.21944874109793613,1.1285014438025192,-0.20687436021649916,0.6456791385787773,-0.581361632881961,-0.378576338124013,-0.3139862674282054,0.2133906375243465,0.4216929812571744,-0.121483585608929,0.4223668298362059,0.3644396337369382,-0.5726935732612058,0.34884441372187525,-0.6134086321203333,0.12696067906007655,-0.12954594778350212,-0.42954321058822764,-0.08446368979364598,-0.7094890619205808
-0.037579571127663754,0.14728418194655082,-0.07934110072408526,0.2548853629050166,0.0011969043558642876,0.07517283803767968,0.07395794705609775,0.13406855591251576,-0.10664335044633678,-0.27152643007559796,-0.043866246982589854,-0.0062821750172636645,-0.11342643883936855,-0.19885839581120987,0.00813856983759736,0.03331235559871005,0.034090606942638685,-0.025476844716833737,0.35634159514510805,-0.13020409735951743,-0.007633204150020851,-0.43038901745119623,-0.12950957588410514,0.21155091946060386,0.10147018194358098,-0.20687436021649916,0.09303024076794823,-0.17334302950082442,0.07750506837057933,0.24031630561491105,-0.13962810269121112,0.07202290948167982,-0.11703064228721907,-0.021346397805623484,-0.22278214126414708,-0.19073292989466545,0.27775068089032817,0.0320313516946877,0.18896562912868267,0.06468866027314521,-0.03598189335614993,-0.01404356718118725,0.20910563280462052,0.01985962837684572
-0.3932938836341379,0.2887304462947844,0.0990488743675669,-0.29768059464339175,0.12515367741678946,0.3111482533356866,0.37863099405409584,-0.3924210165059652,-0.40866186835376306,-0.6150730158864176,0.43854147005437377,-0.23421603293963134,0.031135446597856095,0.5365015244622603,0.6715492682309987,-0.14467580806960165,-0.3227947684665395,0.22036403947114677,-0.5855273683372322,0.19969554002038328,-0.07711404511948194,0.4148180213579643,-0.0828562697095432,-0.39220745273885854,-0.08840045601459282,0.6456791385787773,-0.17334302950082442,1.0679741252817494,-0.410242636612658,-0.2303136350394415,-0.44609433895141554,0.014595157082446134,0.6112097853703722,0.1176710001175687,0.2908953455792919,-0.21144494108763373,-0.5572345644816122,0.03983434124582445,-0.7902829809167308,0.22570789277811162,-0.10733727368722551,-0.3045992054996337,-0.06522673715082873,-0.24206588659829387
0.43358262891969923,-0.39972903951961064,-0.4468027122853428,-0.13494260634991712,-0.1941895211458011,-0.396045800406809,-0.408918517401472,0.3871410630846162,0.3458177194633032,0.38401872900384426,-0.25087248750058455,0.3429884697613352,0.1546374758960148,-0.40458251102900517,-0.18097984514026988,0.06244316091537053,0.2570337656236619,-0.33276382267371596,0.3522932619502646,0.022414098312459902,0.21306345640633628,0.21006506711808604,0.296296471431189,0.13746959580254742,0.06440636025647456,-0.581361632881961,0.07750506837057933,-0.410242636612658,0.43326325285494965,-0.009733334530708888,0.39474838035394466,0.08412032482657282,-0.16259544991379155,0.01038644480815089,-0.17662453962192362,0.17073211333486374,0.18073627015484384,-0.08333030039272918,0.22244716034268566,-0.3460771933177572,0.3569729251786686,0.32503729010486204,-0.31428602182792925,0.4707207146264373
-0.33665964443867313,0.6364404065930404,0.19983769754140704,0.9572552647590648,0.15554672695336133,0.4539257701901478,0.3544160059366148,0.32526261930541084,-0.1685033277854347,-1.0809344553097904,0.11660541747584979,-0.3740063513636297,-0.41687953049019855,-0.37268139214263324,0.07105836212707124,0.2686422873221629,-0.08499354289259076,-0.09458500045571866,0.8016490841785725,-0.0582483980646236,-0.1576825085118919,-1.5961152279435178,-0.41798161775826015,0.47310933949154144,0.3548353523548362,-0.378576338124013,0.24031630561491105,-0.2303136350394415,-0.009733334530708888,0.9505102360650495,-0.6245081997802667,-0.11070125762465621,-0.43350669931918945,0.12484499999700892,-0.5068393135677243,-0.7680116446406984,0.8779387873937456,0.12523167006543412,0.4299495868276921,0.5074733090501454,-0.37838115244881926,-0.1650131975913359,0.9402061705327202,-0.08775754190810128
0.8733766532321708,-1.1530397307020104,0.15558106080651724,-0.7264304796427355,-0.16924929999267554,-0.9705105016901175,-1.1004964846917273,0.024878572977158172,1.4225849818517562,2.0373191888296582,-0.4359405258575132,0.4188880188688558,0.9231678259476243,0.07973769452962674,-0.9590601633622915,0.18591280993220213,0.14125058216531344,-0.6368757179219833,-0.9018710857765523,0.7224172425668052,0.327685064992191,1.517923288396646,1.0271460462957889,-0.6915268318109077,-0.3259545314073748,-0.3139862674282054,-0.13962810269121112,-0.44609433895141554,0.39474838035394466,-0.6245081997802667,1.565971726096429,-0.5141892281540542,-0.36483619287274016,0.041673597130970776,0.41982113198036,1.1355588151706713,-0.3002180921514447,-0.3708088531318499,0.2501395071921825,-0.75466981495896,0.29649643480508137,0.7593929430191901,-0.8012019842553773,0.3350430523628843
-0.18322723580719844,0.48735840077099946,-0.4771268374889665,0.6412505487789801,-0.09300068457098,0.5968192479731808,0.5456170775994608,-0.3426047063547829,-1.4050728007714717,-0.6183558630298829,0.19003303597647841,0.4430750477245157,-0.808528910804861,0.19151246085445445,0.624359045006368,-0.6390729388406184,0.10068210910372609,0.914900629024438,0.6754412085374207,-1.2393370755952402,0.09721662421429582,-0.21999420549241117,-0.5428271025545485,0.6716711772519399,0.06347063762535862,0.2133906375243465,0.07202290948167982,0.014595157082446134,0.08412032482657282,-0.11070125762465621,-0.5141892281540542,1.2745629544039567,0.5517505475777448,-0.41960495234284023,-0.4840823458490737,0.2550906396077268,0.010562555506395281,0.5222329099973607,-0.3137620267599067,-0.4039080379891515,0.5600047317856728,-0.3219251628283901,-0.355588818532984,-0.31628574771734813
-0.1558497415946239,-0.01019565092814926,-0.3221946849521864,-1.0709897121149745,-0.2275162382274433,-0.3163609545757585,0.3160468419740584,-0.6466841438032435,-0.9240386285034133,-0.4643011764603162,-0.07230991987661337,0.02445608395426033,-0.10825080418384352,0.4696431893760539,0.6844466063305701,-0.45402850529655575,-0.17334292363007853,0.6755812109718351,-0.21951900665997692,-0.6275877316074895,0.08984777058149684,1.059179490640241,-0.37439120315305435,0.044277650001815196,-0.0765450044535656,0.4216929812571744,-0.11703064228721907,0.6112097853703722,-0.16259544991379155,-0.43350669931918945,-0.36483619287274016,0.5517505475777448,1.2557897558698314,-0.20715656275857933,0.1329882709150171,0.06694695799727521,-0.6261653065753742,-0.5902712748132939,-0.5658604532400069,-0.30841022429098575,0.3401376720792624,-0.18939384259950054,-0.8532339685245053,-0.30122547999203414
0.08259165467088511,-0.1007841368130621,0.019496862815521043,-0.14835970323105085,0.09074573462560076,-0.017306003234081963,-0.16497523879158774,0.4141869622007433,0.5332937439478901,0.008261438563656808,0.18972502269880137,-0.07632173405753168,0.1432265292877871,-0.15264907778339604,0.015916966568034843,0.33472342131296046,0.049100351974266855,-0.42837829938275507,-0.08767180461702584,0.5814152684745959,-0.0021165694214817705,-0.09820438537265334,0.2643230832748913,-0.17261429007802612,0.0936194192004781,-0.121483585608929,-0.021346397805623484,0.1176710001175687,0.01038644480815089,0.12484499999700892,0.041673597130970776,-0.41960495234284023,-0.20715656275857933,0.35454676968162363,0.17812320853675837,-0.20234844410751351,-0.09348896253537037,0.09238162217882545,-0.135118502772264,0.1812569013023393,-0.11353577776256024,0.06638493286076995,0.13806577243793566,0.38347610234033114
0.23244363250827776,-0.5651392283568538,0.32681206965065074,-0.7925584909877401,-0.020042843947645723,-0.40026972537159167,-0.3135968757103731,-0.11544185660311937,0.6283549031327234,0.8084029821575324,0.11296207384918058,-0.1003467140696568,0.22910898379843211,0.4620149942959402,-0.13933288554455797,0.15807385543515212,0.06180770242203947,-0.09778738004506166,-0.8951223588105077,0.634757655539056,-0.0034729864295320106,1.1725845766460914,0.4701175147526017,-0.5103135828273222,-0.20378905363371486,0.4223668298362059,-0.22278214126414708,0.2908953455792919,-0.17662453962192362,-0.5068393135677243,0.41982113198036,-0.4840823458490737,0.1329882709150171,0.17812320853675837,0.7939808005506537,0.4628028124834459,-0.6547507686493335,-0.18066941127259392,-0.46705056478440055,-0.10209527707386953,0.1820652504306875,0.16672845842014822,-0.6736205248631337,0.2871392425833222
0.6234778882501046,-0.7652110321171485,0.3774890225899175,-0.138261688905924,-0.1221727251496478,-0.3458603221064488,-0.5686934187804605,-0.4865016154970992,0.451401604925862,1.7338535135634758,-0.003865646243486293,0.5076632810536127,0.08429560798809708,0.7382417928682516,-0.509585222165861,-0.23351187093699263,0.1471318372929438,0.29288256632364745,-0.8801912851007467,0.017844928906908142,0.2897338804831936,1.5572794158412921,0.6632967421312058,-0.3443665204581382,-0.34669308951979405,0.3644396337369382,-0.19073292989466545,-0.21144494108763373,0.17073211333486374,-0.7680116446406984,1.1355588151706713,0.2550906396077268,0.06694695799727521,-0.20234844410751351,0.4628028124834459,1.5874274536939628,-0.4897004808999756,0.16132465780007338,-0.2936859117033725,-0.9607702120315578,0.7176086474108263,0.4384668701324638,-1.2030039081218342,-0.0247410592536686
-0.1642164546306764,0.42435564624678024,0.15216021929419496,1.1636730367039787,0.02009857437546771,0.2688568202050176,0.13751364048328218,0.19913597442683048,-0.07076985873772522,-0.6522350505514185,-0.17979753925578013,-0.2516253710686394,-0.3213345010849678,-0.4326248558031843,-0.2690748429184426,0.12230532004768487,-0.03555484683727683,-0.09352824706972883,0.8395063190064568,-0.2498636711270666,-0.09371391866722165,-1.4904474375627785,-0.32408959267119053,0.4944088263354372,0.27146199654704084,-0.5726935732612058,0.27775068089032817,-0.5572345644816122,0.18073627015484384,0.8779387873937456,-0.3002180921514447,0.010562555506395281,-0.6261653065753742,-0.09348896253537037,-0.6547507686493335,-0.4897004808999756,1.1509533426708494,0.025204799894221412,0.7624568064649141,0.29638143115124344,-0.228962170336966,5.735034134451751e-4,0.845119338878872,-0.17169205595812906
-0.2067945598913774,0.67514358440517,0.06268676437717911,1.6229102330480758,0.38813124017789974,1.3389543387612952,0.4535556460717952,0.41484150959349536,-0.4311644448650961,-0.3056275273342581,0.8697153266990618,0.3486507793578978,-0.7716154780267502,0.04874475264702529,0.3395924144708179,-0.03364383421124431,0.2353159194652824,0.20675965639923685,0.438721439783353,-0.10277330956917059,-0.07434616456688607,-1.0869881085756956,-0.016590260602467204,0.3283630496648568,0.09973864687671109,0.34884441372187525,0.0320313516946877,0.03983434124582445,-0.08333030039272918,0.12523167006543412,-0.3708088531318499,0.5222329099973607,-0.5902712748132939,0.09238162217882545,-0.18066941127259392,0.16132465780007338,0.025204799894221412,1.621437957518471,-0.46574443786250624,0.13764032952212157,0.1165036463449181,-0.33307174143068824,0.5074616209999562,0.15595071104385855
0.04951759251138468,-0.047047178820272366,0.09469926534796377,0.22272684702048715,-0.06429095369150381,-0.32386620272225103,-0.2556764180251369,0.10772626478305332,0.39971848970727747,0.218865237506594,-0.6513328681435784,-0.1595098317226829,0.36696998313534085,-0.5626716766103135,-0.7437980697848224,0.12885386715118327,-0.06729427403275984,-0.3429437257856682,0.3622675703709397,-0.1254368953139374,-0.0566305052826459,-0.7922746676512952,-0.14603941755659103,0.12229191046935406,0.05534726219962717,-0.6134086321203333,0.18896562912868267,-0.7902829809167308,0.22244716034268566,0.4299495868276921,0.2501395071921825,-0.3137620267599067,-0.5658604532400069,-0.135118502772264,-0.46705056478440055,-0.2936859117033725,0.7624568064649141,-0.46574443786250624,1.105126218816562,0.16954211244393833,-0.4910226190278819,0.1682756693455967,0.7116684009021431,-0.2811649894587619
-0.5751022956493983,0.6178092967798918,0.23788825808154002,0.44412313123813024,0.24837192551254336,0.5283073046532345,0.4541099236466788,0.17690635734990548,-0.12574759368825592,-0.9547503033714597,0.18082038784089516,-0.5510471855401621,-0.1087095373756499,-0.2227128824377808,0.14943502101560888,0.21138506520949585,-0.19726885491403373,-0.13534109812036813,0.20302251199868254,0.20323889191354955,-0.34087703611388315,-1.2367965239246843,-0.4119679587009473,0.03036424784998482,0.1506815480030929,0.12696067906007655,0.06468866027314521,0.22570789277811162,-0.3460771933177572,0.5074733090501454,-0.75466981495896,-0.4039080379891515,-0.30841022429098575,0.1812569013023393,-0.10209527707386953,-0.9607702120315578,0.29638143115124344,0.13764032952212157,0.16954211244393833,0.8719214608015622,-0.7210967152064659,-0.4030571823422919,1.089858470333108,-0.20526752271448442
0.5213214941357572,-0.5308286606908663,-0.46672224435365245,-0.24173127882286866,-0.3109936989012506,-0.3451096176229279,-0.24969686352044945,0.09112370380462391,-0.12729855200358248,0.4392195973897985,0.05747476143854702,0.5064295687276195,-0.38180953036143195,0.1672316461307429,0.24112624061299623,-0.19293938177457015,0.4259377825935121,0.24110384134889926,0.18628211373152556,-0.2376406598533348,0.2899187579551042,1.056763790995997,0.33334123566152535,0.27229615391939016,-0.005517643368550464,-0.12954594778350212,-0.03598189335614993,-0.10733727368722551,0.3569729251786686,-0.37838115244881926,0.29649643480508137,0.5600047317856728,0.3401376720792624,-0.11353577776256024,0.1820652504306875,0.7176086474108263,-0.228962170336966,0.1165036463449181,-0.4910226190278819,-0.7210967152064659,1.0756017706212075,0.2941950573670313,-1.2606077995996638,0.6482731497554947
0.5526409189706576,-0.6747900358370655,-0.06810753580371877,-0.47960822882083776,-0.1679483536079023,-0.7024766014468029,-0.616296881296385,0.2244539200227937,0.8096470480889348,0.8655909772945348,-0.28529436464418817,0.21102855577913698,0.45467960083433734,-0.1411384935207114,-0.42760789022343537,0.21115442906755108,0.17274266736914692,-0.476825260129645,-0.20294229044216522,0.46125392220853434,0.2186420328409532,0.7886256817962992,0.567092057732012,-0.22274458929792662,-0.07480946263377522,-0.42954321058822764,-0.01404356718118725,-0.3045992054996337,0.32503729010486204,-0.1650131975913359,0.7593929430191901,-0.3219251628283901,-0.18939384259950054,0.06638493286076995,0.16672845842014822,0.4384668701324638,5.735034134451751e-4,-0.33307174143068824,0.1682756693455967,-0.4030571823422919,0.2941950573670313,0.510508134078788,-0.5208914649570695,0.45878408149368805
-0.7963356259269022,1.124547309121217,0.4019235297269712,1.4221105329711587,0.4762961282179418,1.0654026837780912,0.5843053102160897,0.26043206999245644,-0.18254083439810787,-1.1895659879664078,0.18042787662303067,-0.5497114097113398,-0.05182667766996216,-0.5201144532741051,-0.11115595380245982,0.23925586397560628,-0.3774563371390973,-0.2704545618593324,0.5475789998331739,0.04519181354209,-0.40785616060240026,-2.4547038571697386,-0.6119720191348895,0.13583233287176658,0.2286034417959068,-0.08446368979364598,0.20910563280462052,-0.06522673715082873,-0.31428602182792925,0.9402061705327202,-0.8012019842553773,-0.355588818532984,-0.8532339685245053,0.13806577243793566,-0.6736205248631337,-1.2030039081218342,0.845119338878872,0.5074616209999562,0.7116684009021431,1.089858470333108,-1.2606077995996638,-0.5208914649570695,2.0838883427815253,-0.6614484189930845
0.6684305273525137,-0.6806654437711632,-0.7226011426940637,-0.5728458146258163,-0.1837931922247688,-0.562301286449566,-0.5421161153017021,1.1066900404362414,0.8292552016952657,0.343870829154329,0.07518197491202477,0.4045105293696387,0.12036879544697393,-0.6455081388506965,0.0977465493843589,0.47500104549499006,0.6244580708141432,-0.8131736999720192,0.44741730103348787,0.7622240985969406,0.23203412649333502,0.5873449213200752,0.7005220116128009,0.09542304952207922,0.1541662572168721,-0.7094890619205808,0.01985962837684572,-0.24206588659829387,0.4707207146264373,-0.08775754190810128,0.3350430523628843,-0.31628574771734813,-0.30122547999203414,0.38347610234033114,0.2871392425833222,-0.0247410592536686,-0.17169205595812906,0.15595071104385855,-0.2811649894587619,-0.20526752271448442,0.6482731497554947,0.45878408149368805,-0.6614484189930845,1.4728547648141401
