V1,V2,V3,V4,V5,V6,V7,V8,V9,V10,V11,V12,V13,V14,V15,V16,V17,V18,V19,V20,V21,V22,V23,V24,V25,V26,V27,V28,V29,V30,V31,V32,V33,V34,V35,V36,V37,V38,V39,V40,V41,V42,V43,V44
0.1860343124424123,-0.0680686456353697,-0.1828354138847065,0.8512929779703439,0.1961847817270391,-0.8723904586606311,0.09119827772847151,1.8193491249592006,-2.8527283613860166,0.7123902375926526,0.44381639714264715,0.6470303564524089,0.08047737349118413,-1.3062134120288098,0.5533659862698228,0.023278571680927656,0.6616168449240505,-0.8481978985955317,0.14944753642323413,0.7144193140217351,0.4561646736114511,-1.3864909787206905,0.5764954819585975,-0.10463961951857906,1.3104887217055177,0.4651197541443428,0.7280855120906223,0.5832259279441088,-0.7418967046029071,-0.529009552818224,-0.48783321934092366,-0.613231936292166,-0.48144898951576204,-0.1970385163563156,1.365400445669187,0.10971718319157332,0.3469989370227318,-0.8990143944964397,0.14665739564486166,0.676494560396627,2.2063909595451823,-0.030950385963599496,-0.11685801615659373,1.3510221848457462
-0.0680686456353697,1.804156931720289,0.05001780759895331,-3.0130929976127354,-0.6456608337670791,2.082234281827286,0.6757361073169399,-6.195303056772064,7.4272499844077995,-2.032187191791597,0.675343382780881,-2.4286640408203346,0.8192290689021412,2.3649735345578073,-3.5047528552002043,0.00848814540050124,-2.2005482304833963,2.5655931839677124,-1.0403277533216662,-1.065307881131992,-3.6289362836815258,4.7975901272426285,-1.421010820184597,-1.5442832651965677,-4.002744122344815,-0.6992765508154908,-1.7410692941559505,-0.9831587341221637,0.4382386692283393,0.7310366628205404,2.550838536165317,2.895516812108113,2.2985909935235473,1.8916633497643431,-4.858232732122708,-1.116831252361533,0.5852049276486915,3.8475503837800225,-0.7167090156942235,-1.592186913624609,-5.451489386407994,-0.31691435431106874,0.05499280075587362,-2.683153877952863
-0.1828354138847065,0.05001780759895331,0.23995414868479273,-1.0545866943684676,-0.2854635527145004,1.026885972722079,-0.11834324263315646,-2.0473907387489994,3.3143864680971844,-0.849547882889396,-0.5587093421972993,-0.7093862590500853,-0.04843353050046519,1.6487363332690204,-0.5709569374038658,-0.044256278710788355,-0.7456789798562139,1.0299897197153547,-0.09297864572669902,-0.8174368163005208,-0.49352920899966324,1.5754575159360433,-0.6432564902681898,0.22309264757072658,-1.5437627446175735,-0.6006702322533898,-0.9484308914472143,-0.6100717725077628,0.917358217661756,0.6965001187748525,0.5274383193453808,0.7452638523468991,0.48336235795161425,0.13920122437908294,-1.5354140759802601,-0.17619066720519622,-0.4454902131920067,0.9607344689553139,-0.11961120711378866,-0.874048490992586,-2.5878620953496037,7.545814348294692e-4,0.15709017736257547,-1.607557934203982
0.8512929779703439,-3.0130929976127354,-1.0545866943684676,9.53140315685077,2.4651355825090007,-8.093919339928318,-0.641579499435586,19.703719051815114,-27.39639012148083,7.152056615260061,1.9086084827825724,7.6147944677270845,-1.1688135663937635,-11.369107274760584,8.407364435495277,0.1851094689844958,7.165667927650085,-8.779187466877955,2.004506418806645,5.399599070808884,8.690608716800718,-15.48965055051457,5.240981672004411,1.6273483103516826,13.605870841829264,3.642248196491227,7.397682794993914,4.390908208094527,-5.084805559171786,-4.2763165765751046,-6.461115852314154,-7.847602708079318,-5.911851893084294,-3.582592920892821,15.239495619093592,2.4821575875882886,1.182278254451421,-11.099799737268704,1.8386546063811207,6.647643657335689,20.759866285087718,0.23173552440069123,-1.007118732927582,11.742302520587026
0.1961847817270391,-0.6456608337670791,-0.2854635527145004,2.4651355825090007,0.7788455190246476,-2.0782599481286192,-0.15924925146436078,5.132396928304661,-7.222101935144459,1.89826533898199,0.7111973250609381,2.002339350171789,-0.32576804552868893,-3.1370705662310776,2.103212080827909,0.0011026455402871295,1.918446520362638,-2.312003551164092,0.4182324725896764,1.3673494762601976,2.315474370256915,-4.05768620859516,1.334667299973563,0.36305049240291104,3.5645274735040027,0.9494477999413004,2.093140768111943,1.1078563785068476,-1.4885782928674847,-1.190950883228691,-1.601312746646596,-1.9906650353559983,-1.3715153577001533,-0.7489458324935219,3.961636898393185,0.6311038542342585,0.42665416315556287,-2.892913246188284,0.4785569871355031,1.8737637597112768,5.50482507825419,0.009723551165191332,-0.3218839242980012,3.1173784070618824
-0.8723904586606311,2.082234281827286,1.026885972722079,-8.093919339928318,-2.0782599481286192,7.415151048924876,0.27532822917448907,-17.193034410681285,24.497565619479,-6.237081116221799,-2.5382277319100948,-6.825751034084394,0.6538267958147901,10.376795841665304,-6.803010272866822,-0.24921547123034135,-6.274841739527533,7.5964929264497005,-1.5241078479403039,-5.1702227639203695,-7.077173923529384,13.737633215703482,-4.7796509640968425,-0.8266384614602488,-11.920960502843489,-3.27193236344666,-6.635740382023875,-4.15045510087241,5.083994808358486,3.9379434320919833,5.244003496041623,6.356586746440549,5.043599616942851,2.7077664726784008,-13.316053913025089,-1.803660047395914,-1.5849884605234708,9.60671722634121,-1.5950210803645584,-5.865663947774057,-18.62079595833652,0.10355313601792338,1.0728625493077222,-10.835444502518945
0.09119827772847151,0.6757361073169399,-0.11834324263315646,-0.641579499435586,-0.15924925146436078,0.27532822917448907,0.39880686366942303,-1.5443787714572645,1.372520323378298,-0.41461167515279296,0.5205905324440604,-0.6795928578483856,0.3866013788898948,0.11319777149940329,-1.2052025284409806,0.027654414154491748,-0.5748618950281609,0.49967657657429776,-0.39607774054418804,0.018424859498869156,-1.3545184286354188,1.2109871518822566,-0.24368178989949246,-0.8373761939006971,-0.8443736377048149,0.05851916504910577,-0.27850156991158365,-0.10903356345415667,-0.2517030741446993,-0.0773483951759185,0.7851220411972044,0.7673664339166151,0.6609188385746441,0.7075319823157895,-1.2636783371517295,-0.36402453381698435,0.48435170258153737,1.1764289910353773,-0.26818486224331317,-0.2379876356387882,-0.9168925664985005,-0.09769442774345186,-0.04723786429495833,-0.23200400491154796
1.8193491249592006,-6.195303056772064,-2.0473907387489994,19.703719051815114,5.132396928304661,-17.193034410681285,-1.5443787714572645,42.5610062222888,-58.6641548835663,15.127286921032415,4.515179142243913,16.86165321496439,-2.283769547530292,-23.78718753244966,18.27578741557469,0.40118842846600167,15.60927810933155,-18.35800377537519,4.47077930790913,11.566816811112284,19.163319066484018,-33.70905840548248,11.319910729205361,3.9788814135435886,28.901639883069016,7.26827593991566,15.677133245386859,9.780672180912553,-11.039672452683053,-8.689645600166793,-13.749078236371327,-16.11357748343256,-12.80192678822469,-7.767308342736873,33.04093116020884,4.881339165665986,2.5166629672274023,-24.514236467857906,4.320230344398277,13.956482084081276,44.29138744389676,-0.029810554780994394,-2.327377270108891,24.96582012789477
-2.8527283613860166,7.4272499844077995,3.3143864680971844,-27.39639012148083,-7.222101935144459,24.497565619479,1.372520323378298,-58.6641548835663,82.78416419688374,-21.257752287233878,-7.876155119127098,-23.035231113694493,2.5062049581663772,34.71771203659804,-23.91244300622358,-0.6952012127410464,-21.534557706857996,25.756299785897692,-5.603058641007659,-16.986139337036242,-24.875967155722734,46.46979421548466,-15.97028759909916,-3.834188139190302,-40.38652706460585,-10.885377112993718,-22.452008643862314,-14.057480489191338,16.844136756946316,13.024277705166337,18.29575670878605,21.85948501467703,17.102823875516382,9.698240717788126,-45.41693110073987,-6.365199306237264,-4.846338797548638,33.07718092970969,-5.635188080453239,-19.99991466344926,-62.79678239959371,0.2003951598454932,3.5046476192433627,-36.017063502876304
0.7123902375926526,-2.032187191791597,-0.849547882889396,7.152056615260061,1.89826533898199,-6.237081116221799,-0.41461167515279296,15.127286921032415,-21.257752287233878,5.522272674210511,1.835942692400033,5.869585330162463,-0.748019020011666,-8.90158355095163,6.283830600129707,0.1525791518216318,5.541013419123364,-6.688951337899041,1.4950290553491978,4.277079475523447,6.5068291383983,-11.900241566768095,4.0728816024299634,1.1162257621126301,10.43293540144488,2.83959464344381,5.788609105952035,3.5406860784110856,-4.211161830131521,-3.3549264693798304,-4.8213866929006075,-5.787212643019352,-4.406937187728925,-2.600654168339641,11.70378082995666,1.7450623979029602,1.1361805146464339,-8.513354246633872,1.4305457354117048,5.168893230463753,16.125294311791645,0.04629637537543952,-0.8352335134688841,9.169750499040939
0.44381639714264715,0.675343382780881,-0.5587093421972993,1.9086084827825724,0.7111973250609381,-2.5382277319100948,0.5205905324440604,4.515179142243913,-7.876155119127098,1.835942692400033,2.6030526025837797,1.9622444278903135,0.4124918664971518,-4.17538991577732,0.6394890345744715,0.1694221504282624,1.7437935072641737,-2.1005742576162123,-0.2082882912614433,2.1446819166060824,0.8985918037057216,-3.890810605933078,1.5299152228407977,-1.0816020625489877,3.4097235422970944,1.2852801512369862,2.5574346547115305,1.5919269961851483,-2.8942302293617277,-1.7429164238238881,-0.5832386238259338,-0.8746713840485798,-0.7299316365984234,0.3575425480390014,3.4943173154215152,-0.094996911657948,1.718038455633629,-2.2268258196775,0.2850355872107747,2.1087825034990058,6.1752180528610285,-0.5193113490138574,-0.7208118068664984,4.114105138370389
0.6470303564524089,-2.4286640408203346,-0.7093862590500853,7.6147944677270845,2.002339350171789,-6.825751034084394,-0.6795928578483856,16.86165321496439,-23.035231113694493,5.869585330162463,1.9622444278903135,6.963101311010523,-0.9542989939174603,-9.161897428354532,7.266747353645781,0.1848842539813157,6.198390758620341,-7.097568613466567,1.7128991213041402,4.52902227335498,7.870994477659172,-13.612594350898972,4.482764617572271,1.6723983601076324,11.34501707762978,2.6570090408660554,6.18153153865663,3.8069536195722873,-4.300348839357552,-3.290470046731624,-5.354129400783427,-6.171174253662403,-5.135970861769057,-3.0583883500990794,13.19064041466878,1.826704311035204,0.9538704635283021,-9.91899774504722,1.773350234693918,5.358366660493805,17.34335117302927,-0.1829917570910791,-0.9927413765794032,9.794997278741485
0.08047737349118413,0.8192290689021412,-0.04843353050046519,-1.1688135663937635,-0.32576804552868893,0.6538267958147901,0.3866013788898948,-2.283769547530292,2.5062049581663772,-0.748019020011666,0.4124918664971518,-0.9542989939174603,0.5305979104307496,0.7193679655615913,-1.4716413179111756,0.019410023588428804,-0.8233618891836028,0.9466135930695353,-0.370962542292865,-0.1821995205572256,-1.6862773329578018,1.821262831144668,-0.4249105138273807,-0.7846397110375517,-1.4727316031731001,-0.19184671256641436,-0.7074045528152478,-0.15260196825152694,-0.047578715354682215,0.21479951587379637,1.0289312191796602,1.1960524046167644,0.8387513291963642,0.7833258257055443,-1.8463750372678929,-0.5328440479802843,0.3913235610260183,1.5110680849953295,-0.23988899104160188,-0.5754329726853791,-1.8087436272680002,-0.1803953702619346,-0.008350683936299947,-0.7746097449802297
-1.3062134120288098,2.3649735345578073,1.6487363332690204,-11.369107274760584,-3.1370705662310776,10.376795841665304,0.11319777149940329,-23.78718753244966,34.71771203659804,-8.90158355095163,-4.17538991577732,-9.161897428354532,0.7193679655615913,15.403733842908993,-8.936062731295271,-0.3399446482749531,-8.754440371068341,10.805396250120719,-1.8428765781100063,-7.40636190705013,-9.252739615179339,18.815256490740534,-6.630261381122037,-0.531796319401458,-16.760661333920808,-4.973861583387698,-9.758709773712757,-5.931527853602025,7.843261447019432,5.9776970623245225,7.028506536669019,8.748676853916276,6.496038643644839,3.2229683472604678,-18.3164236900207,-2.459797627562348,-2.808042702892571,12.960108236498694,-2.063350621318694,-8.7372544053661,-26.529657188512804,0.12963478843826004,1.6429563549888617,-15.569187812767854
0.5533659862698228,-3.5047528552002043,-0.5709569374038658,8.407364435495277,2.103212080827909,-6.803010272866822,-1.2052025284409806,18.27578741557469,-23.91244300622358,6.283830600129707,0.6394890345744715,7.266747353645781,-1.4716413179111756,-8.936062731295271,8.79835870527889,0.10192031625801816,6.676330344479075,-7.645308957091268,2.3646259653941994,4.242278473986043,9.25208207223046,-14.367325682561829,4.582079589819926,2.8793152354746923,12.094165777358885,2.6392730877843156,6.173389638815759,3.8027731039157056,-3.56509009556939,-3.069675730413415,-6.452053627274539,-7.314607754214773,-5.884892747704187,-4.143349141947094,14.27162239839133,2.4435328636860163,0.07532573835487937,-10.953628347761056,2.0192554708607724,5.5164167096781735,17.85245596660746,0.22301596555960732,-0.7354300471631126,9.579019442774646
0.023278571680927656,0.00848814540050124,-0.044256278710788355,0.1851094689844958,0.0011026455402871295,-0.24921547123034135,0.027654414154491748,0.40118842846600167,-0.6952012127410464,0.1525791518216318,0.1694221504282624,0.1848842539813157,0.019410023588428804,-0.3399446482749531,0.10192031625801816,0.10981815783353356,0.14216035326390647,-0.17502244364647876,0.003137220327769517,0.22824367718344027,0.09532727456170369,-0.3866480479529833,0.12468090442740781,-0.10067255020241442,0.3220347818781402,0.14078362893863414,0.2287671956875631,0.16897877546765708,-0.22031599395860504,-0.14840969900536632,-0.08046611295698297,-0.0904052611158702,-0.14948678099872934,-0.06319225627621841,0.3570844623215717,0.015992500870417575,0.11246783437322586,-0.22098974518481496,-0.003286303231545548,0.16713331434291828,0.5153067515402496,-0.010588017002900844,-0.07947795856381423,0.3455578763390202
0.6616168449240505,-2.2005482304833963,-0.7456789798562139,7.165667927650085,1.918446520362638,-6.274841739527533,-0.5748618950281609,15.60927810933155,-21.534557706857996,5.541013419123364,1.7437935072641737,6.198390758620341,-0.8233618891836028,-8.754440371068341,6.676330344479075,0.14216035326390647,5.767964275871847,-6.708016311489558,1.6151085442982227,4.237298944699389,7.0529280779011,-12.381822766914544,4.136662001631474,1.4567069460411322,10.582565652576102,2.6377033234536738,5.789597837038771,3.6118289465140365,-4.121232200650826,-3.189125070634544,-5.002296488824074,-5.84745905248998,-4.640632590020787,-2.7857732874661187,12.121243140864602,1.7566939802272412,0.9642441999321392,-9.01510888680396,1.5992386763041684,5.157138166984835,16.257344982224513,-0.04679011212616287,-0.8893151959967588,9.159465594344166
-0.8481978985955317,2.5655931839677124,1.0299897197153547,-8.779187466877955,-2.312003551164092,7.5964929264497005,0.49967657657429776,-18.35800377537519,25.756299785897692,-6.688951337899041,-2.1005742576162123,-7.097568613466567,0.9466135930695353,10.805396250120719,-7.645308957091268,-0.17502244364647876,-6.708016311489558,8.171422037507968,-1.7978867702707448,-5.164266590339413,-7.904766196344685,14.439340798595374,-4.933901836383269,-1.3313144840167423,-12.686189926905032,-3.4449570459377266,-6.994264355286321,-4.228216770247046,5.03002656596424,4.07125239141099,5.885161118615194,7.127243916552226,5.3895014332482205,3.1588772010472415,-14.18038432848234,-2.181780824619164,-1.3261820712687995,10.301047033657715,-1.722114039128161,-6.284667005593336,-19.542682278226884,-0.10854717710812167,1.0083171480765918,-11.13117231968465
0.14944753642323413,-1.0403277533216662,-0.09297864572669902,2.004506418806645,0.4182324725896764,-1.5241078479403039,-0.39607774054418804,4.47077930790913,-5.603058641007659,1.4950290553491978,-0.2082882912614433,1.7128991213041402,-0.370962542292865,-1.8428765781100063,2.3646259653941994,0.003137220327769517,1.6151085442982227,-1.7978867702707448,0.791149022747224,0.9516155107179316,2.3386060877591617,-3.397394257804519,1.1026247570831906,0.9884482018671389,2.8526843528505688,0.5562904349882967,1.2575033138669813,0.96139293647881785,-0.6067136205388366,-0.5776136685705171,-1.7362855793267729,-1.867220825291766,-1.5808412910326823,-1.275958571509992,3.4759105188400907,0.6428964534245424,-0.21691115262773675,-2.73586819410122,0.5645651039893012,1.1818163480943296,4.13526080046999,0.11851933776127259,-0.06527340403574888,2.087675786418699
0.7144193140217351,-1.065307881131992,-0.8174368163005208,5.399599070808884,1.3673494762601976,-5.1702227639203695,0.018424859498869156,11.566816811112284,-16.986139337036242,4.277079475523447,2.1446819166060824,4.52902227335498,-0.1821995205572256,-7.40636190705013,4.242278473986043,0.22824367718344027,4.237298944699389,-5.164266590339413,0.9516155107179316,3.8134001757514118,4.285801007607993,-9.224287004396814,3.335285041867509,0.15283153493610938,8.108576351931426,2.399644303495958,4.600067311151794,3.062071224346372,-3.8768968113944524,-2.8695777574695853,-3.3514936984409935,-4.088437677628791,-3.292628481582177,-1.6057006980766069,8.925133076663153,1.0478250343766775,1.4344218724218696,-6.297619110516164,1.0331710346727534,4.0857295002246055,12.967497989449232,-0.15001160656037055,-0.7976159546707822,7.693013873137977
0.4561646736114511,-3.6289362836815258,-0.49352920899966324,8.690608716800718,2.315474370256915,-7.077173923529384,-1.3545184286354188,19.163319066484018,-24.875967155722734,6.5068291383983,0.8985918037057216,7.870994477659172,-1.6862773329578018,-9.252739615179339,9.25208207223046,0.09532727456170369,7.0529280779011,-7.904766196344685,2.3386060877591617,4.285801007607993,10.111394596908372,-15.308840978599614,4.721986862972535,3.118634262355966,12.619618627158113,2.567900962698136,6.612898163062768,3.8204450750804875,-3.721271616392608,-3.1346799855674834,-6.664933022882202,-7.5208053599185805,-6.0986432603784415,-4.221545031173792,15.063068185630017,2.5201255494311274,0.07220751300831048,-11.6926532471362,2.152135979149388,5.770806367000183,18.539936152768277,0.09061926901140564,-0.8870603315098724,9.929426908262677
-1.3864909787206905,4.7975901272426285,1.5754575159360433,-15.48965055051457,-4.05768620859516,13.737633215703482,1.2109871518822566,-33.70905840548248,46.46979421548466,-11.900241566768095,-3.890810605933078,-13.612594350898972,1.821262831144668,18.815256490740534,-14.367325682561829,-0.3866480479529833,-12.381822766914544,14.439340798595374,-3.397394257804519,-9.224287004396814,-15.308840978599614,26.98858398623197,-8.990578916568301,-3.0380580055330726,-22.874209820867,-5.645387891361859,-12.505941411276147,-7.7134850213155355,8.828815999254104,6.863742142447326,10.73529210391402,12.556874352833551,10.167685838097002,6.023876503592975,-26.268877371762823,-3.7506557028043175,-2.0865990755289854,19.53492817145875,-3.4230200839387472,-10.984272786810726,-35.06933333532344,0.17831260656136821,1.961721715841498,-19.8681308623317
0.5764954819585975,-1.421010820184597,-0.6432564902681898,5.240981672004411,1.334667299973563,-4.7796509640968425,-0.24368178989949246,11.319910729205361,-15.97028759909916,4.0728816024299634,1.5299152228407977,4.482764617572271,-0.4249105138273807,-6.630261381122037,4.582079589819926,0.12468090442740781,4.136662001631474,-4.933901836383269,1.1026247570831906,3.335285041867509,4.721986862972535,-8.990578916568301,3.144998512513826,0.7194100071874712,7.757926331812364,2.067112534164548,4.239819842158154,2.7488234068438677,-3.2404763428501693,-2.4758177429980397,-3.5081851508885906,-4.162533999383213,-3.3534696735778273,-1.8731249909195675,8.751585326836324,1.1747436558444706,0.9333140727586733,-6.377659058376437,1.117276764688698,3.7680445319621634,12.118213839341532,-0.08260942577307188,-0.6532231053154216,6.989410671104484
-0.10463961951857906,-1.5442832651965677,0.22309264757072658,1.6273483103516826,0.36305049240291104,-0.8266384614602488,-0.8373761939006971,3.9788814135435886,-3.834188139190302,1.1162257621126301,-1.0816020625489877,1.6723983601076324,-0.7846397110375517,-0.531796319401458,2.8793152354746923,-0.10067255020241442,1.4567069460411322,-1.3313144840167423,0.9884482018671389,0.15283153493610938,3.118634262355966,-3.0380580055330726,0.7194100071874712,1.9091690710778064,2.2257144006013228,-0.018029002886196174,0.7345262914156739,0.4528372804570587,0.3967103662303685,0.08052951435786257,-1.9199680346662304,-1.862801419480793,-1.6352541691751776,-1.6912595111470712,3.194638762509576,0.7970624315476544,-0.9935569441713071,-2.8902615626729666,0.6720290478282703,0.6525915763993023,2.6372449238328453,0.19114212247301127,0.10455418624314931,0.8657865008696447
1.3104887217055177,-4.002744122344815,-1.5437627446175735,13.605870841829264,3.5645274735040027,-11.920960502843489,-0.8443736377048149,28.901639883069016,-40.38652706460585,10.43293540144488,3.4097235422970944,11.34501707762978,-1.4727316031731001,-16.760661333920808,12.094165777358885,0.3220347818781402,10.582565652576102,-12.686189926905032,2.8526843528505688,8.108576351931426,12.619618627158113,-22.874209820867,7.757926331812364,2.2257144006013228,19.868217977230213,5.262521611487765,10.941415637688795,6.702417931607485,-7.864193222835642,-6.26141554010373,-9.216464387300855,-11.01675224855718,-8.552308491802927,-5.036627377025111,22.40871651168041,3.3213003486954213,2.045605136927971,-16.391472663883416,2.769528060724526,9.736267865174398,30.589039195600165,0.04582223345129423,-1.6319334579177966,17.40203737106152
0.4651197541443428,-0.6992765508154908,-0.6006702322533898,3.642248196491227,0.9494477999413004,-3.27193236344666,0.05851916504910577,7.26827593991566,-10.885377112993718,2.83959464344381,1.2852801512369862,2.6570090408660554,-0.19184671256641436,-4.973861583387698,2.6392730877843156,0.14078362893863414,2.6377033234536738,-3.4449570459377266,0.5562904349882967,2.399644303495958,2.567900962698136,-5.645387891361859,2.067112534164548,-0.018029002886196174,5.262521611487765,1.7632149123931222,3.082074554726662,1.862311696926813,-2.502293305364717,-2.015849861003108,-2.175765513613478,-2.810278415572855,-1.9634420118793865,-0.9978441546359476,5.574031470082807,0.7998425048805868,0.9616327708787009,-3.7793966822305967,0.5193219095904655,2.765661867175679,8.359349750218355,0.07949039402247547,-0.4528419470077536,4.943007930129508
0.7280855120906223,-1.7410692941559505,-0.9484308914472143,7.397682794993914,2.093140768111943,-6.635740382023875,-0.27850156991158365,15.677133245386859,-22.452008643862314,5.788609105952035,2.5574346547115305,6.18153153865663,-0.7074045528152478,-9.758709773712757,6.173389638815759,0.2287671956875631,5.789597837038771,-6.994264355286321,1.2575033138669813,4.600067311151794,6.612898163062768,-12.505941411276147,4.239819842158154,0.7345262914156739,10.941415637688795,3.082074554726662,6.419702070680145,3.716427022095324,-4.869855136624997,-3.736793550169262,-4.731649422029946,-5.775899829902307,-4.32923890323257,-2.3035439247767964,12.175845518724843,1.684463072327739,1.5908518077616716,-8.772522208484359,1.396089001077723,5.631073071787051,17.079614576476672,-0.09409547242574887,-1.073500179187188,9.885797212252411
0.5832259279441088,-0.9831587341221637,-0.6100717725077628,4.390908208094527,1.1078563785068476,-4.15045510087241,-0.10903356345415667,9.780672180912553,-14.057480489191338,3.5406860784110856,1.5919269961851483,3.8069536195722873,-0.15260196825152694,-5.931527853602025,3.8027731039157056,0.16897877546765708,3.6118289465140365,-4.228216770247046,0.96139293647881785,3.062071224346372,3.8204450750804875,-7.7134850213155355,2.7488234068438677,0.4528372804570587,6.702417931607485,1.862311696926813,3.716427022095324,2.640498579796114,-3.109820247652069,-2.2092975356870306,-2.927274427608283,-3.391814647534533,-2.8240165982299676,-1.529914107303515,7.549741656417553,0.8786528904186256,1.0280443219473914,-5.479714418985234,0.9842602718276687,3.3569170548863414,10.670104394328503,-0.1515251674546245,-0.6467582588502575,6.193676310995981
-0.7418967046029071,0.4382386692283393,0.917358217661756,-5.084805559171786,-1.4885782928674847,5.083994808358486,-0.2517030741446993,-11.039672452683053,16.844136756946316,-4.211161830131521,-2.8942302293617277,-4.300348839357552,-0.047578715354682215,7.843261447019432,-3.56509009556939,-0.22031599395860504,-4.121232200650826,5.03002656596424,-0.6067136205388366,-3.8768968113944524,-3.721271616392608,8.828815999254104,-3.2404763428501693,0.3967103662303685,-7.864193222835642,-2.502293305364717,-4.869855136624997,-3.109820247652069,4.480728568584301,3.0869318250828024,2.8583527890478795,3.581396753236122,2.729226833770808,0.9699876176408747,-8.475005642534718,-0.8066528336139102,-1.9668938978470059,5.871127969347005,-0.9397773612631667,-4.32860804700232,-12.950084567031169,0.341312596244258,0.9866160751417696,-7.859845751472585
-0.529009552818224,0.7310366628205404,0.6965001187748525,-4.2763165765751046,-1.190950883228691,3.9379434320919833,-0.0773483951759185,-8.689645600166793,13.024277705166337,-3.3549264693798304,-1.7429164238238881,-3.290470046731624,0.21479951587379637,5.9776970623245225,-3.069675730413415,-0.14840969900536632,-3.189125070634544,4.07125239141099,-0.5776136685705171,-2.8695777574695853,-3.1346799855674834,6.863742142447326,-2.4758177429980397,0.08052951435786257,-6.26141554010373,-2.015849861003108,-3.736793550169262,-2.2092975356870306,3.0869318250828024,2.404202587698451,2.4959189889782416,3.236289450545717,2.2905542538548214,1.0431008756466917,-6.67734814709235,-0.8919493123991841,-1.2299093655865205,4.575771303679603,-0.6557978827980661,-3.3272782842280653,-10.009606367443872,0.010451656366436026,0.6160515209105918,-5.959801952248532
-0.48783321934092366,2.550838536165317,0.5274383193453808,-6.461115852314154,-1.601312746646596,5.244003496041623,0.7851220411972044,-13.749078236371327,18.29575670878605,-4.8213866929006075,-0.5832386238259338,-5.354129400783427,1.0289312191796602,7.028506536669019,-6.452053627274539,-0.08046611295698297,-5.002296488824074,5.885161118615194,-1.7362855793267729,-3.3514936984409935,-6.664933022882202,10.73529210391402,-3.5081851508885906,-1.9199680346662304,-9.216464387300855,-2.175765513613478,-4.731649422029946,-2.927274427608283,2.8583527890478795,2.4959189889782416,4.8226241384460105,5.578519800346774,4.3770317224923545,3.023014113948584,-10.687387978298688,-1.847368350593759,-0.2187279661409688,8.062144014652624,-1.4461847612109102,-4.2677555308145605,-13.721514635172996,-0.22797909823625268,0.540796234376624,-7.450989869178249
-0.613231936292166,2.895516812108113,0.7452638523468991,-7.847602708079318,-1.9906650353559983,6.356586746440549,0.7673664339166151,-16.11357748343256,21.85948501467703,-5.787212643019352,-0.8746713840485798,-6.171174253662403,1.1960524046167644,8.748676853916276,-7.314607754214773,-0.0904052611158702,-5.84745905248998,7.127243916552226,-1.867220825291766,-4.088437677628791,-7.5208053599185805,12.556874352833551,-4.162533999383213,-1.862801419480793,-11.01675224855718,-2.810278415572855,-5.775899829902307,-3.391814647534533,3.581396753236122,3.236289450545717,5.578519800346774,6.710631610722395,5.0141394455528046,3.322999958762253,-12.474034444926277,-2.23602108237447,-0.48533166177551185,9.20570820498947,-1.5522373935681615,-5.233159266215323,-16.493220577864935,-0.3678851753662762,0.6546637942214377,-9.095690985041221
-0.48144898951576204,2.2985909935235473,0.48336235795161425,-5.911851893084294,-1.3715153577001533,5.043599616942851,0.6609188385746441,-12.80192678822469,17.102823875516382,-4.406937187728925,-0.7299316365984234,-5.135970861769057,0.8387513291963642,6.496038643644839,-5.884892747704187,-0.14948678099872934,-4.640632590020787,5.3895014332482205,-1.5808412910326823,-3.292628481582177,-6.0986432603784415,10.167685838097002,-3.3534696735778273,-1.6352541691751776,-8.552308491802927,-1.9634420118793865,-4.32923890323257,-2.8240165982299676,2.729226833770808,2.2905542538548214,4.3770317224923545,5.0141394455528046,4.197122140284434,2.77391233525661,-9.993907715901292,-1.5853621322553104,-0.28806751857263774,7.5451192541735965,-1.368289928361151,-3.8450095563179336,-12.81294629707806,-0.09462761328951855,0.5683569386606558,-7.07813478701055
-0.1970385163563156,1.8916633497643431,0.13920122437908294,-3.582592920892821,-0.7489458324935219,2.7077664726784008,0.7075319823157895,-7.767308342736873,9.698240717788126,-2.600654168339641,0.3575425480390014,-3.0583883500990794,0.7833258257055443,3.2229683472604678,-4.143349141947094,-0.06319225627621841,-2.7857732874661187,3.1588772010472415,-1.275958571509992,-1.6057006980766069,-4.221545031173792,6.023876503592975,-1.8731249909195675,-1.6912595111470712,-5.036627377025111,-0.9978441546359476,-2.3035439247767964,-1.529914107303515,0.9699876176408747,1.0431008756466917,3.023014113948584,3.322999958762253,2.77391233525661,2.2392053616112775,-6.11161457243259,-1.1816195388862427,0.40900067050507455,4.781546651561711,-0.8929687018173948,-2.060145860773742,-7.145818789771819,-0.24981038111836165,0.1421241761994121,-3.6250755127721868
1.365400445669187,-4.858232732122708,-1.5354140759802601,15.239495619093592,3.961636898393185,-13.316053913025089,-1.2636783371517295,33.04093116020884,-45.41693110073987,11.70378082995666,3.4943173154215152,13.19064041466878,-1.8463750372678929,-18.3164236900207,14.27162239839133,0.3570844623215717,12.121243140864602,-14.18038432848234,3.4759105188400907,8.925133076663153,15.063068185630017,-26.268877371762823,8.751585326836324,3.194638762509576,22.40871651168041,5.574031470082807,12.175845518724843,7.549741656417553,-8.475005642534718,-6.67734814709235,-10.687387978298688,-12.474034444926277,-9.993907715901292,-6.11161457243259,25.726062129173233,3.7856979048431327,1.8795083025384611,-19.136276050179923,3.3527240011676547,10.756283552389117,34.25233738155055,-0.043562209628433754,-1.8225886635989985,19.273093220552035
0.10971718319157332,-1.116831252361533,-0.17619066720519622,2.4821575875882886,0.6311038542342585,-1.803660047395914,-0.36402453381698435,4.881339165665986,-6.365199306237264,1.7450623979029602,-0.094996911657948,1.826704311035204,-0.5328440479802843,-2.459797627562348,2.4435328636860163,0.015992500870417575,1.7566939802272412,-2.181780824619164,0.6428964534245424,1.0478250343766775,2.5201255494311274,-3.7506557028043175,1.1747436558444706,0.7970624315476544,3.3213003486954213,0.7998425048805868,1.684463072327739,0.8786528904186256,-0.8066528336139102,-0.8919493123991841,-1.847368350593759,-2.23602108237447,-1.5853621322553104,-1.1816195388862427,3.7856979048431327,0.8469891480677703,-0.09737403106899628,-2.843370948720317,0.47233564448743837,1.5631376016469425,4.772199459240331,0.23490178172556,-0.13234530800219527,2.508179686192241
0.3469989370227318,0.5852049276486915,-0.4454902131920067,1.182278254451421,0.42665416315556287,-1.5849884605234708,0.48435170258153737,2.5166629672274023,-4.846338797548638,1.1361805146464339,1.718038455633629,0.9538704635283021,0.3913235610260183,-2.808042702892571,0.07532573835487937,0.11246783437322586,0.9642441999321392,-1.3261820712687995,-0.21691115262773675,1.4344218724218696,0.07220751300831048,-2.0865990755289854,0.9333140727586733,-0.9935569441713071,2.045605136927971,0.9616327708787009,1.5908518077616716,1.0280443219473914,-1.9668938978470059,-1.2299093655865205,-0.2187279661409688,-0.48533166177551185,-0.28806751857263774,0.40900067050507455,1.8795083025384611,-0.09737403106899628,1.2608353842509075,-1.0180972441602403,0.07607519495929178,1.384214428638198,3.862927011542628,-0.2681466070991806,-0.4479602752425099,2.6702915632737376
-0.8990143944964397,3.8475503837800225,0.9607344689553139,-11.099799737268704,-2.892913246188284,9.60671722634121,1.1764289910353773,-24.514236467857906,33.07718092970969,-8.513354246633872,-2.2268258196775,-9.91899774504722,1.5110680849953295,12.960108236498694,-10.953628347761056,-0.22098974518481496,-9.01510888680396,10.301047033657715,-2.73586819410122,-6.297619110516164,-11.6926532471362,19.53492817145875,-6.377659058376437,-2.8902615626729666,-16.391472663883416,-3.7793966822305967,-8.772522208484359,-5.479714418985234,5.871127969347005,4.575771303679603,8.062144014652624,9.20570820498947,7.5451192541735965,4.781546651561711,-19.136276050179923,-2.843370948720317,-1.0180972441602403,14.501439023836108,-2.645484930524989,-7.7454465090424405,-24.837401852366636,0.08982877584774435,1.3197105567263472,-13.786205842783026
0.14665739564486166,-0.7167090156942235,-0.11961120711378866,1.8386546063811207,0.4785569871355031,-1.5950210803645584,-0.26818486224331317,4.320230344398277,-5.635188080453239,1.4305457354117048,0.2850355872107747,1.773350234693918,-0.23988899104160188,-2.063350621318694,2.0192554708607724,-0.003286303231545548,1.5992386763041684,-1.722114039128161,0.5645651039893012,1.0331710346727534,2.152135979149388,-3.4230200839387472,1.117276764688698,0.6720290478282703,2.769528060724526,0.5193219095904655,1.396089001077723,0.9842602718276687,-0.9397773612631667,-0.6557978827980661,-1.4461847612109102,-1.5522373935681615,-1.368289928361151,-0.8929687018173948,3.3527240011676547,0.47233564448743837,0.07607519495929178,-2.645484930524989,0.5672776284490498,1.2732793694530726,4.203089229811502,-0.0725430150186384,-0.21731987839253145,2.27924820775221
0.676494560396627,-1.592186913624609,-0.874048490992586,6.647643657335689,1.8737637597112768,-5.865663947774057,-0.2379876356387882,13.956482084081276,-19.99991466344926,5.168893230463753,2.1087825034990058,5.358366660493805,-0.5754329726853791,-8.7372544053661,5.5164167096781735,0.16713331434291828,5.157138166984835,-6.284667005593336,1.1818163480943296,4.0857295002246055,5.770806367000183,-10.984272786810726,3.7680445319621634,0.6525915763993023,9.736267865174398,2.765661867175679,5.631073071787051,3.3569170548863414,-4.32860804700232,-3.3272782842280653,-4.2677555308145605,-5.233159266215323,-3.8450095563179336,-2.060145860773742,10.756283552389117,1.5631376016469425,1.384214428638198,-7.7454465090424405,1.2732793694530726,5.091944501197232,15.225927845410407,-0.018749315336548687,-0.9298012238649794,8.782915865045155
2.2063909595451823,-5.451489386407994,-2.5878620953496037,20.759866285087718,5.50482507825419,-18.62079595833652,-0.9168925664985005,44.29138744389676,-62.79678239959371,16.125294311791645,6.1752180528610285,17.34335117302927,-1.8087436272680002,-26.529657188512804,17.85245596660746,0.5153067515402496,16.257344982224513,-19.542682278226884,4.13526080046999,12.967497989449232,18.539936152768277,-35.06933333532344,12.118213839341532,2.6372449238328453,30.589039195600165,8.359349750218355,17.079614576476672,10.670104394328503,-12.950084567031169,-10.009606367443872,-13.721514635172996,-16.493220577864935,-12.81294629707806,-7.145818789771819,34.25233738155055,4.772199459240331,3.862927011542628,-24.837401852366636,4.203089229811502,15.225927845410407,47.70061361498559,-0.15741912989988854,-2.6718629725508114,27.449474293902313
-0.030950385963599496,-0.31691435431106874,7.545814348294692e-4,0.23173552440069123,0.009723551165191332,0.10355313601792338,-0.09769442774345186,-0.029810554780994394,0.2003951598454932,0.04629637537543952,-0.5193113490138574,-0.1829917570910791,-0.1803953702619346,0.12963478843826004,0.22301596555960732,-0.010588017002900844,-0.04679011212616287,-0.10854717710812167,0.11851933776127259,-0.15001160656037055,0.09061926901140564,0.17831260656136821,-0.08260942577307188,0.19114212247301127,0.04582223345129423,0.07949039402247547,-0.09409547242574887,-0.1515251674546245,0.341312596244258,0.010451656366436026,-0.22797909823625268,-0.3678851753662762,-0.09462761328951855,-0.24981038111836165,-0.043562209628433754,0.23490178172556,-0.2681466070991806,0.08982877584774435,-0.0725430150186384,-0.018749315336548687,-0.15741912989988854,0.25801382063459205,0.14213738770125675,-0.21385055519943222
-0.11685801615659373,0.05499280075587362,0.15709017736257547,-1.007118732927582,-0.3218839242980012,1.0728625493077222,-0.04723786429495833,-2.327377270108891,3.5046476192433627,-0.8352335134688841,-0.7208118068664984,-0.9927413765794032,-0.008350683936299947,1.6429563549888617,-0.7354300471631126,-0.07947795856381423,-0.8893151959967588,1.0083171480765918,-0.06527340403574888,-0.7976159546707822,-0.8870603315098724,1.961721715841498,-0.6532231053154216,0.10455418624314931,-1.6319334579177966,-0.4528419470077536,-1.073500179187188,-0.6467582588502575,0.9866160751417696,0.6160515209105918,0.540796234376624,0.6546637942214377,0.5683569386606558,0.1421241761994121,-1.8225886635989985,-0.13234530800219527,-0.4479602752425099,1.3197105567263472,-0.21731987839253145,-0.9298012238649794,-2.6718629725508114,0.14213738770125675,0.2974503167804606,-1.6492183890057086
1.3510221848457462,-2.683153877952863,-1.607557934203982,11.742302520587026,3.1173784070618824,-10.835444502518945,-0.23200400491154796,24.96582012789477,-36.017063502876304,9.169750499040939,4.114105138370389,9.794997278741485,-0.7746097449802297,-15.569187812767854,9.579019442774646,0.3455578763390202,9.159465594344166,-11.13117231968465,2.087675786418699,7.693013873137977,9.929426908262677,-19.8681308623317,6.989410671104484,0.8657865008696447,17.40203737106152,4.943007930129508,9.885797212252411,6.193676310995981,-7.859845751472585,-5.959801952248532,-7.450989869178249,-9.095690985041221,-7.07813478701055,-3.6250755127721868,19.273093220552035,2.508179686192241,2.6702915632737376,-13.786205842783026,2.27924820775221,8.782915865045155,27.449474293902313,-0.21385055519943222,-1.6492183890057086,16.07373539826643
