V1,V2,V3,V4,V5,V6,V7,V8,V9,V10,V11,V12,V13,V14,V15,V16,V17,V18,V19,V20,V21,V22,V23,V24,V25,V26,V27,V28,V29,V30,V31,V32,V33,V34,V35,V36,V37,V38,V39,V40,V41,V42,V43,V44
0.13955861173569806,0.14901320634211448,-0.17011193348131454,0.1552889596924038,-0.009815155936394723,0.007263054753014689,0.12147122183995884,-0.1388130060846644,-0.36828172736470516,0.22354094430442714,0.07910297746266601,-0.3790146011777131,0.05060690509092113,-0.45198865253120823,-0.15608197019904918,0.09215627925895778,-0.0621078392049523,-0.17300353424820888,0.026595208985363192,0.17034420338071404,-0.4683758008510386,0.38790267119386024,-0.04017653879429506,-0.22807241183831062,0.17099653083612124,0.4772030371190856,0.24387350585939316,0.13260672694842843,-0.2341706066870134,-0.33541879575150685,-0.04012328646115686,-0.16681195251772313,0.18243438814541788,-0.07016562188095488,-0.1193204938993881,0.05841156166690362,0.20326149988149164,0.3602147982474016,-0.2361645742635691,0.21634505190073225,0.32441233290245536,0.2321296675615727,0.09718218958188798,0.15779366483923019
0.14901320634211448,1.4672174185496953,-0.016381384862646717,-1.1835260731532824,0.10784411959285464,0.3357911697899515,0.14432954601858866,-0.05511222327414181,-0.6521466417382711,0.07376332456120528,1.9795800084938961,0.2569872995440601,0.5726050117010743,-0.4901588351073143,-0.5337507169335874,0.1432775685505509,0.2859177436411456,0.5350932422398055,-0.1492827851155147,0.3085963429161023,-0.09867057250761396,-0.10987990049923373,-0.07396816487557237,-0.15968895409075906,-0.2246075263617877,-0.01785064190837053,0.7136859202469724,0.8250059655961636,-1.4349399550176207,-0.12327726619927279,0.6568498627369327,1.4415704929360713,0.7792597062598834,0.5431328631312625,0.19482684448680027,-0.8339136349792662,0.9945591299130131,-0.36536131056234383,0.16781033741411758,0.32998449820630643,0.45578768204780873,-0.7599932149446946,-0.4379857613472842,0.18921653402524188
-0.17011193348131454,-0.016381384862646717,0.31712941457057925,-0.5619691825785397,-0.052589893794012486,0.15710305538705185,-0.2614552081512217,0.20216857195130683,0.5120177881599889,-0.3275340978529843,0.15782311224079903,0.605061673029568,-0.04688523445205662,0.7632658503878664,0.303246093333798,-0.06194242246245306,0.18837845921681118,0.4502386757352345,0.03323352100753804,-0.28797610457411116,0.8122010720718389,-0.5447140478847292,-0.007097001532377039,0.5442344696972564,-0.3473877430735524,-0.711442356647841,-0.23125994168381936,-0.022026038877528614,0.19914045261687138,0.5472722937545564,0.10105689212876659,0.501649795931175,-0.15437468895190798,5.831617976843226e-4,0.2784061202038913,-0.2539877875208783,-0.21043888659825566,-0.694762855418808,0.32987999538947255,-0.33036020085978696,-0.5701983170580145,-0.45497481702606485,-0.18873603978661568,-0.3791342428968449
0.1552889596924038,-1.1835260731532824,-0.5619691825785397,2.2000168500916732,-0.007616489786543182,-0.9987706332325283,0.5115552712425617,-0.24667317345410805,-0.6424646736430023,0.47025563134539056,-1.6271086685775216,-1.012772820365914,-0.37816168202567985,-1.1561018426967982,-0.3557184804345153,0.024314790816284716,-0.6438318725098514,-1.337978375517133,-0.15972685534386297,0.45961829391466263,-1.477844267710119,0.6896286804373665,0.23134317824546666,-1.2669626141367165,0.9576195785316347,1.255914203342492,-0.15403851820604578,-0.7436180141396014,0.7725798370487319,-0.9885850606680955,-0.5533668427843582,-2.085083532380644,-0.511378455964977,-0.21045871312671788,-0.5953223221195556,1.1201040694561737,-0.2802904096103307,1.5749895093332398,-0.775240569493619,0.26922421349069775,0.9065333099773462,1.3384241305707594,0.6136044950134963,0.9249344792343964
-0.009815155936394723,0.10784411959285464,-0.052589893794012486,-0.007616489786543182,0.427782253233672,0.49430986297385837,-0.040806310454384875,0.10573314254985558,0.13524708558755766,0.01362633785488696,-0.3820825439302335,-0.46722431875303316,0.26709872009465446,-0.22920116554281475,0.041579799783079276,-0.4588708801822456,0.1734059287084382,-0.16528170402330186,0.156788459647319,-0.32439822047321937,-0.08396741020230568,0.5123812432670727,-0.07411951949758874,0.19172976471638373,-0.22196808299080617,-0.2967567444659441,-0.240082865752579,0.15720257783181243,-0.2751852863708395,0.17208795056102064,-0.07620628589006884,-0.04418344809134402,0.40657855034242135,0.4605146337360317,-0.38052427669688565,0.14516661858373686,-0.02878863980247085,0.006314868635559249,0.4848654946861255,0.5208292489482147,0.05875371046076603,-0.06771052916007382,-0.03354110641947652,-0.17610589766562543
0.007263054753014689,0.3357911697899515,0.15710305538705185,-0.9987706332325283,0.49430986297385837,2.0780370355417705,-0.6360207057482481,-0.01728758870632599,1.016925729138782,0.09851437541884198,-0.9012416166042522,-1.1099089117636123,0.24412752020083292,0.6190443481661286,0.9627273429773766,-0.5342752745411526,0.4656161265358516,0.37492845102758293,0.9643220990148926,-1.112885145508929,0.630874286165757,1.5011922867170666,-0.6527040271581661,1.7960851236005142,-0.8259621101418889,-0.48719534105212364,-0.2714904571930879,0.6645309611754567,-0.20926794856599118,0.7157438128587402,-0.5367962286915862,0.34933322379152854,0.9441853497677005,-0.28080094487031965,-0.41549904606388505,0.05959136305783749,-0.4379510515033842,-0.4440302937386514,0.78682953237391,0.6504358927552845,-0.8763177383591395,-0.020698642458374297,0.12529095657478173,-1.6687086811097298
0.12147122183995884,0.14432954601858866,-0.2614552081512217,0.5115552712425617,-0.040806310454384875,-0.6360207057482481,0.4402372889956156,-0.13180366883914074,-0.6975420890498508,0.1773601855486323,0.4076812993467916,-0.07034658887888684,0.09368385295711106,-0.7826631417611244,-0.5975265507181404,0.14905111246887345,-0.2372959501250843,-0.3524075592779675,-0.3395142549785862,0.5385182040188596,-0.7838798021168234,-0.08417583585824027,0.20473859631733032,-0.9554889076906948,0.4041490600489648,0.5431004253927829,0.28017029668765747,-0.058352452394520936,-0.31174774005242606,-0.5651720607186543,0.1995700109557491,-0.19440149745166063,-0.03592428044786908,0.2852415800677495,-0.095255265810345,0.029485756186765605,0.4592120787302316,0.5629625485176086,-0.350996834863539,0.1156816771032804,0.7218356593434222,0.16277133271268218,-0.007458990066721991,0.8093839213035648
-0.1388130060846644,-0.05511222327414181,0.20216857195130683,-0.24667317345410805,0.10573314254985558,-0.01728758870632599,-0.13180366883914074,0.4399787402158212,0.11358848465255215,-0.25411332400891085,0.028606073269350205,0.4861773062018867,0.08018412544120196,0.32304002066846804,0.19612220740229935,-0.24339833427031674,0.2811104506342504,0.1487233274324095,-0.05329039449652689,-0.19498288390553475,0.5628164217929482,-0.5622545468888923,0.1295563269979326,0.27310147607303004,-0.19050143275560527,-0.6811519515938623,-0.24391309363689023,-0.02854262187890377,-0.004178947043410478,0.4183555373643438,0.0905803605324555,0.28163066194843644,-0.12275963276131274,0.3326248799109461,0.19831101764080988,-0.16335126562314833,-0.10722465903476609,-0.5714705643115982,0.43828832346962515,-0.029791084642413455,-0.16139288667195484,-0.4162757637445151,-0.2420648902077329,0.014911056269220563
-0.36828172736470516,-0.6521466417382711,0.5120177881599889,-0.6424646736430023,0.13524708558755766,1.016925729138782,-0.6975420890498508,0.11358848465255215,1.9888864372593227,-0.6131729673883484,-1.2458775961523914,0.2763988200295753,-0.2012738313451079,1.8077834529618724,1.0208728846054096,-0.4600948257055629,0.19441465105069478,0.5605120215569372,0.45941487365206707,-1.1021218510967747,1.5431264906749234,-0.0791192913668724,-0.31921470323616313,1.5512165423388329,-0.8448887265797926,-1.4148594756290969,-1.0045784757889957,-0.3208576876348465,1.0505340503279041,1.3407470317852836,-0.3529165574445021,0.23675854847413155,-0.2196754861099522,-0.2709008275606319,-0.0731168409701112,0.07980605275102484,-1.1550849223103101,-0.9574039824416506,0.8792242185719272,-0.49386151785372534,-1.665041641710812,-0.35131634337437173,0.02636140596248465,-1.505377979681886
0.22354094430442714,0.07376332456120528,-0.3275340978529843,0.47025563134539056,0.01362633785488696,0.09851437541884198,0.1773601855486323,-0.25411332400891085,-0.6131729673883484,0.5546857661282645,-0.1896031656407912,-0.7918851989611394,-0.0780697141328748,-0.7296359578615761,-0.10841657970627581,0.19017599931537707,-0.21525064008775163,-0.3871875736380813,0.19297195664426067,0.24475612410183178,-0.7905558053892993,0.8290528802893027,-0.10845475115290805,-0.2383332928368135,0.38504628326808904,1.0189809845582998,0.4328069381573131,0.17768053225986188,-0.16311649606594059,-0.7023321326673965,-0.27995977002227196,-0.5741886458875292,0.24464691030526267,-0.4190445791702778,-0.15186144136987628,0.30984849395290126,0.24592275167176356,0.7398703506918376,-0.525966292145198,0.3379794770038184,0.5823833667479423,0.65873456588952,0.3219979454049905,0.13329609883826884
0.07910297746266601,1.9795800084938961,0.15782311224079903,-1.6271086685775216,-0.3820825439302335,-0.9012416166042522,0.4076812993467916,0.028606073269350205,-1.2458775961523914,-0.1896031656407912,4.099694423156724,1.9353330178208263,0.49370952268790996,-0.34923767723213356,-1.2071486573208032,0.8229610086856085,0.14812796036184986,1.0498920936131044,-0.8894014684786273,1.1477361690080132,0.3211206632369462,-1.9413914963290924,0.2692405316821953,-1.0013231874805881,0.09878511119624395,-0.11050495979105741,1.2905743014026452,0.7503119720102882,-1.7245125415532152,-0.26718597681017775,1.4673794695731233,2.4856396826673284,0.24243148081091329,0.6497748918303495,1.0879610102491055,-1.6187503677379094,1.6186466302089575,-0.9250462147435076,-0.22353857015522977,-0.5639210822404253,0.7922685753650154,-1.5165686829395975,-0.8301218819940834,1.0435881998679173
-0.3790146011777131,0.2569872995440601,0.605061673029568,-1.012772820365914,-0.46722431875303316,-1.1099089117636123,-0.07034658887888684,0.4861773062018867,0.2763988200295753,-0.7918851989611394,1.9353330178208263,2.620364828099783,-0.14123369470687294,1.3050602049593105,-0.16887299372179276,0.3878670192062195,0.08456293828842201,1.0147653368668217,-0.7222066628031235,0.3728545292867183,1.63591830983663,-2.7538091563457217,0.44739650458181235,-0.12825653658255456,-0.1913847596933906,-1.3490653379369102,-0.021389951011077678,-0.33314160196462717,0.20385685869557665,0.7436085256466505,0.859307110742225,1.5576241072504464,-0.9366828389275071,0.2839717604835836,1.2031848101117577,-0.9906063894966831,0.15742654238858028,-1.5646754225169743,0.2876693534929589,-1.343785811196057,-0.49227104961425877,-1.3980079236090406,-0.6813920390317698,0.4158193364285696
0.05060690509092113,0.5726050117010743,-0.04688523445205662,-0.37816168202567985,0.26709872009465446,0.24412752020083292,0.09368385295711106,0.08018412544120196,-0.2012738313451079,-0.0780697141328748,0.49370952268790996,-0.14123369470687294,0.492247350586959,-0.40509199659433537,-0.27867519031165755,-0.2753150867820254,0.24502516839086422,0.04691422973728597,-0.07565660188995067,-0.017557709232575564,-0.2020037217987879,0.1727413978900928,0.006798949746301385,-0.15772517460433683,-0.22089865606240633,-0.3015276957214954,0.007719035957719242,0.3472250099485121,-0.7578267097222334,0.09998096200438043,0.2912440389476111,0.5033820136854528,0.47640890258627144,0.6919768001084037,-0.2382969306970618,-0.24774423634576803,0.35350795378011335,-0.11422614213085538,0.4227589041400827,0.49626995553647973,0.22323597764536024,-0.3968408143789676,-0.2794284804877752,0.14875348129472718
-0.45198865253120823,-0.4901588351073143,0.7632658503878664,-1.1561018426967982,-0.22920116554281475,0.6190443481661286,-0.7826631417611244,0.32304002066846804,1.8077834529618724,-0.7296359578615761,-0.34923767723213356,1.3050602049593105,-0.40509199659433537,2.3556971807208793,1.1340900520839168,-0.06962527724648261,0.23833728549056404,1.0639083606296331,0.3224078744033448,-0.8730214717110174,2.218958611888033,-1.1187626479060855,-0.1775341441925778,1.7146178781754964,-0.8101891649229719,-1.5967212925920942,-0.7347661465675613,-0.3146204651462788,1.148463530504853,1.4290680018366786,-0.1344542464447153,0.8258593985062898,-0.6224914917049114,-0.6173182530198715,0.6724817652609393,-0.34878789844212044,-1.0023111530434392,-1.5859019322779009,0.6846303695012746,-1.1046852305709411,-1.7947264240098038,-0.7371066739747971,-0.16917826772177708,-1.4151969999878133
-0.15608197019904918,-0.5337507169335874,0.303246093333798,-0.3557184804345153,0.041579799783079276,0.9627273429773766,-0.5975265507181404,0.19612220740229935,1.0208728846054096,-0.10841657970627581,-1.2071486573208032,-0.16887299372179276,-0.27867519031165755,1.1340900520839168,1.101196499634695,-0.23882312762926075,0.2189538398604285,0.29217978085456103,0.6490278355148624,-0.8288804972155291,1.0325705375407834,0.3384789191575028,-0.31047492251748604,1.466509437442999,-0.44385007186632247,-0.5684139287319854,-0.49679027436196166,-0.06233384395687773,0.7822127621013122,0.7118583813267583,-0.6056768869540031,-0.18987986748856692,-0.09931278456442949,-0.6857602499805846,0.08218700491666835,0.23725749157525128,-0.8476823117369311,-0.5911110263717642,0.3943098466296705,-0.13968487088526338,-1.0160334756016551,0.12024491801568923,0.17816151758100468,-1.2252533657355875
0.09215627925895778,0.1432775685505509,-0.06194242246245306,0.024314790816284716,-0.4588708801822456,-0.5342752745411526,0.14905111246887345,-0.24339833427031674,-0.4600948257055629,0.19017599931537707,0.8229610086856085,0.3878670192062195,-0.2753150867820254,-0.06962527724648261,-0.23882312762926075,0.7121240730794741,-0.2861791105019449,0.13607094176045834,-0.172878634050053,0.5824163278372007,-0.13253562186946372,-0.4456545140769697,0.010259897021560566,-0.4020218850810429,0.4304550544598047,0.7315824783957224,0.5968504175737027,0.03129647337660121,0.03933313808401771,-0.4660530231837506,0.13061586146050175,0.13105445344503228,-0.3006369614112822,-0.63703435745649994,0.480782912728208,-0.20339524565903647,0.28784821585495723,0.16572775084735006,-0.7347239964871461,-0.5255404656340419,0.26460689671182586,0.16137573185639378,0.10493971920534784,0.28372715663656367
-0.0621078392049523,0.2859177436411456,0.18837845921681118,-0.6438318725098514,0.1734059287084382,0.4656161265358516,-0.2372959501250843,0.2811104506342504,0.19441465105069478,-0.21525064008775163,0.14812796036184986,0.08456293828842201,0.24502516839086422,0.23833728549056404,0.2189538398604285,-0.2861791105019449,0.4546648600956313,0.2848838320655749,0.09376810799719781,-0.3510588731482069,0.4543379044738218,-0.02455304568273901,-0.05967789910329236,0.5329635562741558,-0.4012082274606083,-0.6132031791721778,-0.14589294148804474,0.26721659488299654,-0.35202409463224266,0.4612385260154139,0.12799645272789212,0.5110707405683004,0.3119375311876424,0.3665947087937661,0.0035941295561399884,-0.28042585801870173,-0.030948340067383374,-0.5400358915403956,0.4947388495394817,0.22427097879950553,-0.29547330518567055,-0.446661132464655,-0.24736811876007855,-0.3030333282520778
-0.17300353424820888,0.5350932422398055,0.4502386757352345,-1.337978375517133,-0.16528170402330186,0.37492845102758293,-0.3524075592779675,0.1487233274324095,0.5605120215569372,-0.3871875736380813,1.0498920936131044,1.0147653368668217,0.04691422973728597,1.0639083606296331,0.29217978085456103,0.13607094176045834,0.2848838320655749,0.9671145215026727,0.05279606490547063,-0.23975141527196953,1.1741566926455602,-0.8145552915640855,-0.09544168225095107,0.811148114124521,-0.5750386398394005,-0.8790265320873405,0.03203086824775667,0.27351609502082025,-0.13132504332345127,0.675456123606567,0.3502516358200282,1.2997312522381161,-0.005145743663712041,-0.09107047126210002,0.5708124323625898,-0.6977888205272526,0.05910791730763505,-1.1154941634419109,0.3723086820215772,-0.5214794024939119,-0.7545945955734608,-0.8526265792133075,-0.3798988518303736,-0.6027490906951474
0.026595208985363192,-0.1492827851155147,0.03323352100753804,-0.15972685534386297,0.156788459647319,0.9643220990148926,-0.3395142549785862,-0.05329039449652689,0.45941487365206707,0.19297195664426067,-0.8894014684786273,-0.7222066628031235,-0.07565660188995067,0.3224078744033448,0.6490278355148624,-0.172878634050053,0.09376810799719781,0.05279606490547063,0.6412776783813768,-0.5484880336086209,0.20878543005960076,0.9384348414205358,-0.34745014608622127,0.9544362827152432,-0.28175982772544833,0.023844241254752076,-0.17197077569935607,0.21748255558164492,0.25052083978133477,0.19154071283737115,-0.5240107921079624,-0.28580539210822153,0.279190550386678,-0.5256808740559111,-0.20585270787661045,0.3107626387901064,-0.37090387096064675,-0.026314637928785363,0.17242654145087613,0.2832160129814297,-0.43100671641657773,0.3414679788437388,0.2385734275871615,-0.9010641796113001
0.17034420338071404,0.3085963429161023,-0.28797610457411116,0.45961829391466263,-0.32439822047321937,-1.112885145508929,0.5385182040188596,-0.19498288390553475,-1.1021218510967747,0.24475612410183178,1.1477361690080132,0.3728545292867183,-0.017557709232575564,-0.8730214717110174,-0.8288804972155291,0.5824163278372007,-0.3510588731482069,-0.23975141527196953,-0.5484880336086209,0.9856476854838038,-0.8115907633059213,-0.5824381270802564,0.2842154299953628,-1.30875161435195,0.6830169369576402,0.8908234715818902,0.6708719266478415,-0.03769614052518202,-0.3988570054823357,-0.8303221301775923,0.3971971714054343,0.00668724866966448,-0.2517947330066558,0.030664083761143546,0.27448029831002396,-0.1881122318077136,0.6952033267393406,0.545965199387711,-0.7446942090009263,-0.21554623595501182,0.9634953324355902,0.11599195044662085,-0.028660035368615062,1.130327362242664
-0.4683758008510386,-0.09867057250761396,0.8122010720718389,-1.477844267710119,-0.08396741020230568,0.630874286165757,-0.7838798021168234,0.5628164217929482,1.5431264906749234,-0.7905558053892993,0.3211206632369462,1.63591830983663,-0.2020037217987879,2.218958611888033,1.0325705375407834,-0.13253562186946372,0.4543379044738218,1.1741566926455602,0.20878543005960076,-0.8115907633059213,2.5060405776506665,-1.5070764354544017,-0.1423858286383701,1.6986528348636396,-0.8177524578716096,-1.8658493725702874,-0.5806290718932228,-0.09396298965675738,0.6834654041562015,1.5596666146609297,0.09634764632631178,1.3090221537371978,-0.4546546864021383,-0.2803526945827632,0.8618370405068025,-0.6272374160403212,-0.7832573381770417,-1.9942280223524964,0.9615286806593262,-0.9874387289913801,-1.5634889711695297,-1.158842011407207,-0.38092775915779326,-1.2830048780979655
0.38790267119386024,-0.10987990049923373,-0.5447140478847292,0.6896286804373665,0.5123812432670727,1.5011922867170666,-0.08417583585824027,-0.5622545468888923,-0.0791192913668724,0.8290528802893027,-1.9413914963290924,-2.7538091563457217,0.1727413978900928,-1.1187626479060855,0.3384789191575028,-0.4456545140769697,-0.02455304568273901,-0.8145552915640855,0.9384348414205358,-0.5824381270802564,-1.5070764354544017,3.0928556415211808,-0.5881321713304956,0.5230466763750496,-0.04116302288405558,1.2538847712792074,-0.0041643695221564156,0.4814888546404252,-0.23048289995703167,-0.6555146546513715,-0.9166625275347251,-1.415750127175161,1.1328341809360398,-0.4240450221454003,-1.2525400597508263,0.9838627472887592,-0.18177923336473742,1.452742060371116,-0.20199778132484955,1.4396931298730569,0.24535805244507564,1.3794806427935034,0.6876224395203901,-0.8135104124269775
-0.04017653879429506,-0.07396816487557237,-0.007097001532377039,0.23134317824546666,-0.07411951949758874,-0.6527040271581661,0.20473859631733032,0.1295563269979326,-0.31921470323616313,-0.10845475115290805,0.2692405316821953,0.44739650458181235,0.006798949746301385,-0.1775341441925778,-0.31047492251748604,0.010259897021560566,-0.05967789910329236,-0.09544168225095107,-0.34745014608622127,0.2842154299953628,-0.1423858286383701,-0.5881321713304956,0.3020042133901284,-0.5500024002686094,0.14901178607285945,-0.09080669457110901,-0.017378850243942465,-0.21870139167097943,-0.01755190529463307,-0.12383848139777731,0.2247507125268085,-0.009516093799406912,-0.2772702370956616,0.3440617492248348,0.11475350503995185,-0.06503641340506648,0.17769782231134437,0.018826706906345525,-0.062447667245346124,-0.13154196295145332,0.27490450656730664,-0.15024403197923014,-0.1492160752909383,0.6186762028492069
-0.22807241183831062,-0.15968895409075906,0.5442344696972564,-1.2669626141367165,0.19172976471638373,1.7960851236005142,-0.9554889076906948,0.27310147607303004,1.5512165423388329,-0.2383332928368135,-1.0013231874805881,-0.12825653658255456,-0.15772517460433683,1.7146178781754964,1.466509437442999,-0.4020218850810429,0.5329635562741558,0.811148114124521,0.9544362827152432,-1.30875161435195,1.6986528348636396,0.5230466763750496,-0.5500024002686094,2.3864482057952388,-0.9722689524576552,-1.1035431914517295,-0.5551398912518153,0.30325681893653134,0.5832850980774005,1.2081798790193137,-0.5783077701888154,0.49190679814564536,0.2840357489700771,-0.729993945328751,0.17240574609374792,-0.05427409459848969,-0.9173701770867773,-1.1988671001346254,0.8200034007988171,-0.10985185948340838,-1.5743358866785069,-0.27474020753480166,0.052589641280132216,-1.991381691390423
0.17099653083612124,-0.2246075263617877,-0.3473877430735524,0.9576195785316347,-0.22196808299080617,-0.8259621101418889,0.4041490600489648,-0.19050143275560527,-0.8448887265797926,0.38504628326808904,0.09878511119624395,-0.1913847596933906,-0.22089865606240633,-0.8101891649229719,-0.44385007186632247,0.4304550544598047,-0.4012082274606083,-0.5750386398394005,-0.28175982772544833,0.6830169369576402,-0.8177524578716096,-0.04116302288405558,0.14901178607285945,-0.9722689524576552,0.8035670768524197,1.0921980489534915,0.4598020346225638,-0.2114109603242867,0.07009065854434346,-0.8167116349326765,-0.05687989775866573,-0.7175154427672227,-0.279411606350142,-0.3185649456879459,0.08443519341015578,0.2540127074723821,0.2235159128352972,0.7983693933465422,-0.7819080391053986,-0.09107610516653698,0.8348075274990666,0.5995013140814706,0.28785773757522726,0.7800289016177241
0.4772030371190856,-0.01785064190837053,-0.711442356647841,1.255914203342492,-0.2967567444659441,-0.48719534105212364,0.5431004253927829,-0.6811519515938623,-1.4148594756290969,1.0189809845582998,-0.11050495979105741,-1.3490653379369102,-0.3015276957214954,-1.5967212925920942,-0.5684139287319854,0.7315824783957224,-0.6132031791721778,-0.8790265320873405,0.023844241254752076,0.8908234715818902,-1.8658493725702874,1.2538847712792074,-0.09080669457110901,-1.1035431914517295,1.0921980489534915,2.405348330727754,1.0279594931484475,0.12316049419679789,-0.19612372665954483,-1.6397631008588909,-0.36138537554259165,-1.277639488012233,0.17244277480011067,-0.9203990877517568,-0.2020066647958623,0.5353083576654087,0.543760059696599,1.7594428363056513,-1.5100770857602672,0.3093706476279891,1.302130668927552,1.4172766926943818,0.6859291098573266,0.7322920959771733
0.24387350585939316,0.7136859202469724,-0.23125994168381936,-0.15403851820604578,-0.240082865752579,-0.2714904571930879,0.28017029668765747,-0.24391309363689023,-1.0045784757889957,0.4328069381573131,1.2905743014026452,-0.021389951011077678,0.007719035957719242,-0.7347661465675613,-0.49679027436196166,0.5968504175737027,-0.14589294148804474,0.03203086824775667,-0.17197077569935607,0.6708719266478415,-0.5806290718932228,-0.0041643695221564156,-0.017378850243942465,-0.5551398912518153,0.4598020346225638,1.0279594931484475,0.9708035791572301,0.40567404433088833,-0.7109173434702569,-0.7560981188299154,0.24750391028694288,0.35089882451242166,0.2528174432380783,-0.3018841108358772,0.34183930566703014,-0.35107498767553363,0.7598034673067597,0.36769444154430897,-0.708587619082221,-0.020271752618353144,0.7687808859427377,0.11077041469816308,0.043442404800419485,0.5026752083378584
0.13260672694842843,0.8250059655961636,-0.022026038877528614,-0.7436180141396014,0.15720257783181243,0.6645309611754567,-0.058352452394520936,-0.02854262187890377,-0.3208576876348465,0.17768053225986188,0.7503119720102882,-0.33314160196462717,0.3472250099485121,-0.3146204651462788,-0.06233384395687773,0.03129647337660121,0.26721659488299654,0.27351609502082025,0.21748255558164492,-0.03769614052518202,-0.09396298965675738,0.4814888546404252,-0.21870139167097943,0.30325681893653134,-0.2114109603242867,0.12316049419679789,0.40567404433088833,0.7299507572237275,-0.8666931020883977,-0.04453287652308597,0.14769408188072922,0.6852729475317796,0.6630822667357704,0.09098709175307945,0.013965183091418209,-0.3479917199152139,0.47770395827899037,-0.17302583514301742,0.14143293954198508,0.4257998713504409,0.1972488997261087,-0.24527583104758208,-0.14026217196453641,-0.2535325767223411
-0.2341706066870134,-1.4349399550176207,0.19914045261687138,0.7725798370487319,-0.2751852863708395,-0.20926794856599118,-0.31174774005242606,-0.004178947043410478,1.0505340503279041,-0.16311649606594059,-1.7245125415532152,0.20385685869557665,-0.7578267097222334,1.148463530504853,0.7822127621013122,0.03933313808401771,-0.35202409463224266,-0.13132504332345127,0.25052083978133477,-0.3988570054823357,0.6834654041562015,-0.23048289995703167,-0.01755190529463307,0.5832850980774005,0.07009065854434346,-0.19612372665954483,-0.7109173434702569,-0.8666931020883977,1.7418048645016158,0.34889132269665785,-0.6613973820646362,-1.0943273674674956,-0.9652367013336681,-0.9450604933919841,0.11007798896673329,0.6750998387715388,-1.1234024432523546,-0.022155010732268228,-0.18878090223242655,-0.7751665076464492,-0.8928140692493474,0.5984466107427153,0.4335039680547848,-0.5978733769834251
-0.33541879575150685,-0.12327726619927279,0.5472722937545564,-0.9885850606680955,0.17208795056102064,0.7157438128587402,-0.5651720607186543,0.4183555373643438,1.3407470317852836,-0.7023321326673965,-0.26718597681017775,0.7436085256466505,0.09998096200438043,1.4290680018366786,0.7118583813267583,-0.4660530231837506,0.4612385260154139,0.675456123606567,0.19154071283737115,-0.8303221301775923,1.5596666146609297,-0.6555146546513715,-0.12383848139777731,1.2081798790193137,-0.8167116349326765,-1.6397631008588909,-0.7560981188299154,-0.04453287652308597,0.34889132269665785,1.3363994022517949,0.04472803123848013,0.8249075507312176,-0.08908046764219785,0.285602043960803,0.15070216479754162,-0.33636732989863616,-0.6676087214920927,-1.3112617305059222,1.0582929555858587,-0.31838239176196603,-1.2177349311258074,-0.8753676331666321,-0.32415060913005506,-0.9646366693227703
-0.04012328646115686,0.6568498627369327,0.10105689212876659,-0.5533668427843582,-0.07620628589006884,-0.5367962286915862,0.1995700109557491,0.0905803605324555,-0.3529165574445021,-0.27995977002227196,1.4673794695731233,0.859307110742225,0.2912440389476111,-0.1344542464447153,-0.6056768869540031,0.13061586146050175,0.12799645272789212,0.3502516358200282,-0.5240107921079624,0.3971971714054343,0.09634764632631178,-0.9166625275347251,0.2247507125268085,-0.5783077701888154,-0.05687989775866573,-0.36138537554259165,0.24750391028694288,0.14769408188072922,-0.6613973820646362,0.04472803123848013,0.7193594013061827,0.9586531845571145,0.042066973358480884,0.658386504449491,0.28162619767341074,-0.6357108308112757,0.5703531985209098,-0.38315135336765,0.10265133616114516,-0.18543505264970153,0.2392988623748446,-0.7390684427875576,-0.4408131956162385,0.5839579915555554
-0.16681195251772313,1.4415704929360713,0.501649795931175,-2.085083532380644,-0.04418344809134402,0.34933322379152854,-0.19440149745166063,0.28163066194843644,0.23675854847413155,-0.5741886458875292,2.4856396826673284,1.5576241072504464,0.5033820136854528,0.8258593985062898,-0.18987986748856692,0.13105445344503228,0.5110707405683004,1.2997312522381161,-0.28580539210822153,0.00668724866966448,1.3090221537371978,-1.415750127175161,-0.009516093799406912,0.49190679814564536,-0.7175154427672227,-1.277639488012233,0.35089882451242166,0.6852729475317796,-1.0943273674674956,0.8249075507312176,0.9586531845571145,2.4500448934568024,0.3506160137383546,0.6440042749036656,0.7554149123466676,-1.3789790382557723,0.6768730208857687,-1.574375584774637,0.7271787755931233,-0.4286575607555123,-0.44573768781386564,-1.6526110041374624,-0.8189204589363147,-0.23918481254483484
0.18243438814541788,0.7792597062598834,-0.15437468895190798,-0.511378455964977,0.40657855034242135,0.9441853497677005,-0.03592428044786908,-0.12275963276131274,-0.2196754861099522,0.24464691030526267,0.24243148081091329,-0.9366828389275071,0.47640890258627144,-0.6224914917049114,-0.09931278456442949,-0.3006369614112822,0.3119375311876424,-0.005145743663712041,0.279190550386678,-0.2517947330066558,-0.4546546864021383,1.1328341809360398,-0.2772702370956616,0.2840357489700771,-0.279411606350142,0.17244277480011067,0.2528174432380783,0.6630822667357704,-0.9652367013336681,-0.08908046764219785,0.042066973358480884,0.3506160137383546,1.0006840765495466,0.3838293355751173,-0.45006886074935154,-0.12964159543877857,0.3874092900943157,0.18616461928536232,0.278995466927277,0.842135103961495,0.23341036076667063,-0.05672294624314312,-0.03732819427815184,-0.31239928624597924
-0.07016562188095488,0.5431328631312625,5.831617976843226e-4,-0.21045871312671788,0.4605146337360317,-0.28080094487031965,0.2852415800677495,0.3326248799109461,-0.2709008275606319,-0.4190445791702778,0.6497748918303495,0.2839717604835836,0.6919768001084037,-0.6173182530198715,-0.6857602499805846,-0.63703435745649994,0.3665947087937661,-0.09107047126210002,-0.5256808740559111,0.030664083761143546,-0.2803526945827632,-0.4240450221454003,0.3440617492248348,-0.729993945328751,-0.3185649456879459,-0.9203990877517568,-0.3018841108358772,0.09098709175307945,-0.9450604933919841,0.285602043960803,0.658386504449491,0.6440042749036656,0.3838293355751173,1.681703408155359,-0.415044263601853,-0.354118330517628,0.4928192645337526,-0.21635236871543626,0.8111538615291312,0.5874179782194647,0.40134442596525266,-0.8329227414119909,-0.5810757892873857,0.8013117226857123
-0.1193204938993881,0.19482684448680027,0.2784061202038913,-0.5953223221195556,-0.38052427669688565,-0.41549904606388505,-0.095255265810345,0.19831101764080988,-0.0731168409701112,-0.15186144136987628,1.0879610102491055,1.2031848101117577,-0.2382969306970618,0.6724817652609393,0.08218700491666835,0.480782912728208,0.0035941295561399884,0.5708124323625898,-0.20585270787661045,0.27448029831002396,0.8618370405068025,-1.2525400597508263,0.11475350503995185,0.17240574609374792,0.08443519341015578,-0.2020066647958623,0.34183930566703014,0.013965183091418209,0.11007798896673329,0.15070216479754162,0.28162619767341074,0.7554149123466676,-0.45006886074935154,-0.415044263601853,0.8919740363733671,-0.5290166337686005,0.13056086109187623,-0.7452043382237308,-0.19816911238037113,-0.7915419439696993,-0.16024653449708465,-0.47472601031980016,-0.19346771542899383,0.04173588771483474
0.05841156166690362,-0.8339136349792662,-0.2539877875208783,1.1201040694561737,0.14516661858373686,0.05959136305783749,0.029485756186765605,-0.16335126562314833,0.07980605275102484,0.30984849395290126,-1.6187503677379094,-0.9906063894966831,-0.24774423634576803,-0.34878789844212044,0.23725749157525128,-0.20339524565903647,-0.28042585801870173,-0.6977888205272526,0.3107626387901064,-0.1881122318077136,-0.6272374160403212,0.9838627472887592,-0.06503641340506648,-0.05427409459848969,0.2540127074723821,0.5353083576654087,-0.35107498767553363,-0.3479917199152139,0.6750998387715388,-0.33636732989863616,-0.6357108308112757,-1.3789790382557723,-0.12964159543877857,-0.354118330517628,-0.5290166337686005,0.8830825434074794,-0.4790516030821609,0.8017073079946493,-0.21290322318761204,0.34842421442131744,0.11319534849852006,0.9195436453236868,0.46257914479948553,-0.11091794200381251
0.20326149988149164,0.9945591299130131,-0.21043888659825566,-0.2802904096103307,-0.02878863980247085,-0.4379510515033842,0.4592120787302316,-0.10722465903476609,-1.1550849223103101,0.24592275167176356,1.6186466302089575,0.15742654238858028,0.35350795378011335,-1.0023111530434392,-0.8476823117369311,0.28784821585495723,-0.030948340067383374,0.05910791730763505,-0.37090387096064675,0.6952033267393406,-0.7832573381770417,-0.18177923336473742,0.17769782231134437,-0.9173701770867773,0.2235159128352972,0.543760059696599,0.7598034673067597,0.47770395827899037,-1.1234024432523546,-0.6676087214920927,0.5703531985209098,0.6768730208857687,0.3874092900943157,0.4928192645337526,0.13056086109187623,-0.4790516030821609,1.101303238868313,0.2723827936802969,-0.3221747725266684,0.268423504642758,0.9543877519086319,-0.2839924629890612,-0.2817950670207853,0.8965782712182899
0.3602147982474016,-0.36536131056234383,-0.694762855418808,1.5749895093332398,0.006314868635559249,-0.4440302937386514,0.5629625485176086,-0.5714705643115982,-0.9574039824416506,0.7398703506918376,-0.9250462147435076,-1.5646754225169743,-0.11422614213085538,-1.5859019322779009,-0.5911110263717642,0.16572775084735006,-0.5400358915403956,-1.1154941634419109,-0.026314637928785363,0.545965199387711,-1.9942280223524964,1.452742060371116,0.018826706906345525,-1.1988671001346254,0.7983693933465422,1.7594428363056513,0.36769444154430897,-0.17302583514301742,-0.022155010732268228,-1.3112617305059222,-0.38315135336765,-1.574375584774637,0.18616461928536232,-0.21635236871543626,-0.7452043382237308,0.8017073079946493,0.2723827936802969,1.8609710313989167,-0.9820876150606863,0.6246274751663095,1.0779324995395827,1.3451657042321106,0.5851433488844967,0.7849651575073081
-0.2361645742635691,0.16781033741411758,0.32987999538947255,-0.775240569493619,0.4848654946861255,0.78682953237391,-0.350996834863539,0.43828832346962515,0.8792242185719272,-0.525966292145198,-0.22353857015522977,0.2876693534929589,0.4227589041400827,0.6846303695012746,0.3943098466296705,-0.7347239964871461,0.4947388495394817,0.3723086820215772,0.17242654145087613,-0.7446942090009263,0.9615286806593262,-0.20199778132484955,-0.062447667245346124,0.8200034007988171,-0.7819080391053986,-1.5100770857602672,-0.708587619082221,0.14143293954198508,-0.18878090223242655,1.0582929555858587,0.10265133616114516,0.7271787755931233,0.278995466927277,0.8111538615291312,-0.19816911238037113,-0.21290322318761204,-0.3221747725266684,-0.9820876150606863,1.2439431717960727,0.287261753001481,-0.6705358003304673,-0.8347595447716522,-0.4019029948817421,-0.6150300333996398
0.21634505190073225,0.32998449820630643,-0.33036020085978696,0.26922421349069775,0.5208292489482147,0.6504358927552845,0.1156816771032804,-0.029791084642413455,-0.49386151785372534,0.3379794770038184,-0.5639210822404253,-1.343785811196057,0.49626995553647973,-1.1046852305709411,-0.13968487088526338,-0.5255404656340419,0.22427097879950553,-0.5214794024939119,0.2832160129814297,-0.21554623595501182,-0.9874387289913801,1.4396931298730569,-0.13154196295145332,-0.10985185948340838,-0.09107610516653698,0.3093706476279891,-0.020271752618353144,0.4257998713504409,-0.7751665076464492,-0.31838239176196603,-0.18543505264970153,-0.4286575607555123,0.842135103961495,0.5874179782194647,-0.7915419439696993,0.34842421442131744,0.268423504642758,0.6246274751663095,0.287261753001481,1.2269736505276168,0.5507777022407744,0.3271447731988798,0.036476980439016884,0.05897265853496391
0.32441233290245536,0.45578768204780873,-0.5701983170580145,0.9065333099773462,0.05875371046076603,-0.8763177383591395,0.7218356593434222,-0.16139288667195484,-1.665041641710812,0.5823833667479423,0.7922685753650154,-0.49227104961425877,0.22323597764536024,-1.7947264240098038,-1.0160334756016551,0.26460689671182586,-0.29547330518567055,-0.7545945955734608,-0.43100671641657773,0.9634953324355902,-1.5634889711695297,0.24535805244507564,0.27490450656730664,-1.5743358866785069,0.8348075274990666,1.302130668927552,0.7687808859427377,0.1972488997261087,-0.8928140692493474,-1.2177349311258074,0.2392988623748446,-0.44573768781386564,0.23341036076667063,0.40134442596525266,-0.16024653449708465,0.11319534849852006,0.9543877519086319,1.0779324995395827,-0.6705358003304673,0.5507777022407744,1.6303391352031718,0.4299840073633828,0.07399874784522092,1.398160080777876
0.2321296675615727,-0.7599932149446946,-0.45497481702606485,1.3384241305707594,-0.06771052916007382,-0.020698642458374297,0.16277133271268218,-0.4162757637445151,-0.35131634337437173,0.65873456588952,-1.5165686829395975,-1.3980079236090406,-0.3968408143789676,-0.7371066739747971,0.12024491801568923,0.16137573185639378,-0.446661132464655,-0.8526265792133075,0.3414679788437388,0.11599195044662085,-1.158842011407207,1.3794806427935034,-0.15024403197923014,-0.27474020753480166,0.5995013140814706,1.4172766926943818,0.11077041469816308,-0.24527583104758208,0.5984466107427153,-0.8753676331666321,-0.7390684427875576,-1.6526110041374624,-0.05672294624314312,-0.8329227414119909,-0.47472601031980016,0.9195436453236868,-0.2839924629890612,1.3451657042321106,-0.8347595447716522,0.3271447731988798,0.4299840073633828,1.3949317192994877,0.6953445644620908,0.02570897135382856
0.09718218958188798,-0.4379857613472842,-0.18873603978661568,0.6136044950134963,-0.03354110641947652,0.12529095657478173,-0.007458990066721991,-0.2420648902077329,0.02636140596248465,0.3219979454049905,-0.8301218819940834,-0.6813920390317698,-0.2794284804877752,-0.16917826772177708,0.17816151758100468,0.10493971920534784,-0.24736811876007855,-0.3798988518303736,0.2385734275871615,-0.028660035368615062,-0.38092775915779326,0.6876224395203901,-0.1492160752909383,0.052589641280132216,0.28785773757522726,0.6859291098573266,0.043442404800419485,-0.14026217196453641,0.4335039680547848,-0.32415060913005506,-0.4408131956162385,-0.8189204589363147,-0.03732819427815184,-0.5810757892873857,-0.19346771542899383,0.46257914479948553,-0.2817950670207853,0.5851433488844967,-0.4019029948817421,0.036476980439016884,0.07399874784522092,0.6953445644620908,0.4392349010710232,-0.197605272188095
0.15779366483923019,0.18921653402524188,-0.3791342428968449,0.9249344792343964,-0.17610589766562543,-1.6687086811097298,0.8093839213035648,0.014911056269220563,-1.505377979681886,0.13329609883826884,1.0435881998679173,0.4158193364285696,0.14875348129472718,-1.4151969999878133,-1.2252533657355875,0.28372715663656367,-0.3030333282520778,-0.6027490906951474,-0.9010641796113001,1.130327362242664,-1.2830048780979655,-0.8135104124269775,0.6186762028492069,-1.991381691390423,0.7800289016177241,0.7322920959771733,0.5026752083378584,-0.2535325767223411,-0.5978733769834251,-0.9646366693227703,0.5839579915555554,-0.23918481254483484,-0.31239928624597924,0.8013117226857123,0.04173588771483474,-0.11091794200381251,0.8965782712182899,0.7849651575073081,-0.6150300333996398,0.05897265853496391,1.398160080777876,0.02570897135382856,-0.197605272188095,1.908485295378516
