V1,V2,V3,V4,V5,V6,V7,V8,V9,V10,V11,V12,V13,V14,V15,V16,V17,V18,V19,V20,V21,V22,V23,V24,V25,V26,V27,V28,V29,V30,V31,V32,V33,V34,V35,V36,V37,V38,V39,V40,V41,V42,V43,V44
5.603183442445318,2.78660158048289,7.578475761311218,6.483839205412569,1.1161873463512748,7.106729480907612,4.292226048931187,-2.019257146243617,4.555785807805143,-1.1096021687721151,5.441674872499896,2.167724443034646,1.8507985957683508,11.310059349439129,-1.6117603791192168,-4.163070409581482,-3.4495178582861454,2.0614934155426567,0.46609082136651064,1.2628859650720532,4.999975987742432,-1.9137083947721845,3.6004689570037387,-8.95780099323437,0.5796931731647036,-5.532844712510434,0.8263196069111596,-5.34715978964286,-9.790314481073633,6.704899578021793,0.2937958048955834,4.248914086392926,-6.530399862459439,-4.081648247717122,-7.270163192161235,7.522756296008478,3.9324249589149596,-2.1391173491551023,0.5162607706081636,0.24411241529597225,0.010297615013753389,-1.8912499276691217,-6.851031121003211,-3.138434645998897
2.78660158048289,2.4904222977975463,4.593377077896084,3.881060495409243,0.37157577201400166,4.26088813148018,2.4019536094507754,-1.513626518935591,2.824509715766144,-1.166259768392557,3.255698536733374,1.4135097262526253,1.2671447595501717,6.582884277105574,-1.1928974988146146,-2.3241261663663297,-2.0753610934676954,1.4397365552741908,0.2700904498388554,1.2833013838401455,3.1011033393130676,-1.1228934521149332,1.9806766331300951,-5.508571806382409,0.337536347939023,-4.027160229482407,0.30902429734864634,-3.38117863370024,-6.779850391104056,4.275396971742961,0.29924073370529997,2.3702364395314977,-4.39119523717026,-2.7278144711257535,-4.159201114646923,4.224275066423281,2.4708950036891375,-1.776941458126458,0.09750835359197702,0.6787537258089352,-0.41243644729579315,-1.5350059961643707,-3.81998314173318,-2.083009739318127
7.578475761311218,4.593377077896084,12.30632846358445,10.219222660911283,0.49359786944408934,10.70245005881595,6.45175900808138,-3.0703882066656116,7.2139964315086065,-1.6559326402127181,8.233302319620101,3.482713624441941,2.7733821804481713,17.0297553587489,-2.4881465050086264,-6.629973691596971,-5.482678919749196,3.4485928114344357,0.5252183276774025,2.2395689505490384,8.2371431354666,-2.708256209921296,5.3844762520022575,-13.37776677471375,1.0377930987468522,-8.51339893603442,1.0330004671739146,-7.692819826898391,-15.27285734170209,10.239331117625062,-0.18874930476124005,7.118877963181587,-9.35586495042384,-6.180405582119647,-11.286979428286678,11.561674368606907,5.9881069788586245,-3.111149502866185,0.6736385122859044,1.5183800575268032,0.2356752874688856,-3.3153028671255775,-9.90578006427517,-4.910416826275356
6.483839205412569,3.881060495409243,10.219222660911283,8.806270964094058,0.6081598133080617,9.003679013907373,5.485939546495501,-2.826756206239452,6.150822938382357,-1.5130162316766154,6.947464707992963,3.1498036778327694,2.356901734304464,14.915055951023126,-1.943702709677696,-5.582591779974773,-4.764012614752204,3.0871377244907823,0.5379003112082912,1.9124494588418517,6.826427143460298,-2.0087382097604998,4.526288568674277,-11.55200080777445,0.8273803454372892,-7.333570563062849,1.0114684825920617,-6.391621721125053,-13.059855222945666,8.898660672215911,-0.08786464949056982,6.082481113124158,-8.020793422781912,-5.049440743429605,-9.621547328352472,9.815018742373955,5.156479397057725,-2.543003732713834,0.5546939912027467,1.3466917923425967,0.2740058719331552,-2.5588720165793486,-8.49816081447681,-4.107466614775325
1.1161873463512748,0.37157577201400166,0.49359786944408934,0.6081598133080617,0.8597250492889589,0.8939306756592218,0.48884396524822454,-0.40474609399096395,0.4981325058137162,-0.3602829349673568,0.7458439281912027,0.2541703876531951,0.2506196230140541,1.5894022978150633,-0.19039698837851488,-0.16630219230521587,-0.38365627975395383,0.179002438461823,0.31230452963915756,0.15400306446812467,0.2530518150678198,-0.3311176900359821,0.4048818039424913,-1.3454919882621348,-0.017839998140400028,-0.9002571704018761,0.2624458205038262,-1.0270918926723107,-1.365880375331917,0.8617999423854504,0.44168221398081886,0.09181236653307182,-1.3084565795847412,-0.5777271064604123,-0.677367006063674,0.8086025323209957,0.4385699188885582,-0.6412332795837369,-0.03418724259718709,-0.4777821307955756,-0.20476760190963209,-0.06794233918378291,-1.0889595955122522,-0.4229763755499805
7.106729480907612,4.26088813148018,10.70245005881595,9.003679013907373,0.8939306756592218,9.81860208017133,5.8261671322431665,-2.87677398673793,6.353127215730492,-1.595365926193806,7.3450867940472255,2.99976958632836,2.6665843631311668,15.312069742851541,-2.4099732721861438,-5.925807289330941,-4.664660981860217,3.0087854594465018,0.3809428952161104,2.0878633572755785,7.205235558474563,-2.4954764638355615,4.843709357237811,-12.259547935653325,0.8586823581323981,-7.821177976690576,0.923808189390645,-7.155804018492137,-13.808542411721044,9.367685682966021,0.16097144425827276,6.029898463398139,-8.921774856237471,-5.766857017677187,-10.093941405093783,10.28346983027541,5.5777362778844095,-2.8766511548409603,0.6768980745962436,0.9071648962142388,-0.03514649278956877,-2.9453699759461123,-9.102740272960602,-4.377454583777197
4.292226048931187,2.4019536094507754,6.45175900808138,5.485939546495501,0.48884396524822454,5.8261671322431665,3.5493471284110756,-1.6566217752959593,3.790849119820857,-0.8850395634889565,4.429355954789789,1.8556287774672646,1.54349239650657,9.261481210884995,-1.3260359342298018,-3.6096377378818967,-2.8893380270162137,1.799510160357192,0.2397099530058648,1.107987376105208,4.302194482814531,-1.4530968086004297,2.964747829275176,-7.297342746401921,0.5100963561235944,-4.556260050759619,0.5774971105516237,-4.17911878760271,-8.116814663231727,5.596059255580014,0.05519631649709896,3.731451940788025,-5.175999770702803,-3.3123812724860846,-6.095795159375547,6.215582949606091,3.3093434098975023,-1.570883551544412,0.4669354806511634,0.589595976053237,0.06523611515179865,-1.6486911962345097,-5.478729128141786,-2.5698774102159003
-2.019257146243617,-1.513626518935591,-3.0703882066656116,-2.826756206239452,-0.40474609399096395,-2.87677398673793,-1.6566217752959593,1.2569161471704329,-2.085506486181409,0.7215803048763967,-2.1297910404157494,-1.1152593640893842,-0.8386899780328292,-5.115974900845829,0.6703079673619743,1.6344265754555345,1.52132355596101,-1.1890419860831922,-0.2598197439052256,-0.9049883493121822,-2.1051052949548508,0.42040097420299577,-1.2816438985099363,3.9668109460908068,-0.254687043124447,2.710852485156263,-0.4328492118083821,2.1041088254416653,4.628563018425969,-3.064147908202319,-0.046014869640827925,-1.8586587062838318,2.894733178840243,1.6762707628048896,3.049647762258044,-3.1100151074196134,-1.7602022159930921,1.0426826804065097,-0.0010941318839133433,-0.48773180805649424,-0.0553596858720069,0.8130266880136154,2.7376927592981266,1.3804544268155015
4.555785807805143,2.824509715766144,7.2139964315086065,6.150822938382357,0.4981325058137162,6.353127215730492,3.790849119820857,-2.085506486181409,4.431366783694694,-1.1210369785284813,4.873512043200567,2.1944772252536198,1.6650326181948618,10.550663120083076,-1.4457023029352696,-3.8314531304429886,-3.3424702714000456,2.2217129415926555,0.4452858250273649,1.4876171131267217,4.844810443461172,-1.4280784472052996,3.103461014247451,-8.194475781771615,0.6197388737701004,-5.286255031040883,0.7612275186104177,-4.60803504598316,-9.38678258569836,6.245855881345142,-0.09720257477487274,4.251348009668893,-5.745040725224038,-3.6548405448347174,-6.745633874435354,6.945623447007539,3.608987425478033,-2.005813933229916,0.2578546476574115,0.9325682150283536,0.21338500947787653,-1.9001023898507907,-5.971932421243621,-2.974202551507132
-1.1096021687721151,-1.166259768392557,-1.6559326402127181,-1.5130162316766154,-0.3602829349673568,-1.595365926193806,-0.8850395634889565,0.7215803048763967,-1.1210369785284813,0.732535334319286,-1.4029635678435572,-0.6816007082329499,-0.4749975353246805,-2.694138034096767,0.3981560320693287,0.6490102197711212,0.94713449973489094,-0.6069884576470658,-0.33690460147455636,-0.5696824099631514,-1.0508656874246667,0.4735811177885782,-0.7370135361185582,2.2852559077125134,-0.07148855993557984,1.8649584193019229,-0.16824801160895222,1.5113421076889628,2.988373277041733,-1.7464729147403546,-0.3390688982565332,-0.7383017213981448,1.9963743897417716,1.0637553993188062,1.4499889480429884,-1.5155501764678858,-0.8877179426896352,1.0217236411904211,0.07784128738490877,-0.29450872372765635,0.35265719682264063,0.569500959087605,1.5255699105012164,0.8999710045845423
5.441674872499896,3.255698536733374,8.233302319620101,6.947464707992963,0.7458439281912027,7.3450867940472255,4.429355954789789,-2.1297910404157494,4.873512043200567,-1.4029635678435572,5.922283829090941,2.4876211075886223,1.8707898639118432,11.742371672551807,-1.6060290236120112,-4.239283167963873,-3.879183529071718,2.2766015733198492,0.670896963114524,1.4727215907515907,5.404059469371675,-2.057505009724008,3.743098885765654,-9.341388052052281,0.5910326370611572,-6.066658184381403,0.7450249217631877,-5.605940722088466,-10.694584619567376,7.072401564888771,0.25990514723506464,4.536512674498056,-6.811965541415459,-4.271336433758087,-7.536605506524312,7.748975509055755,3.9821374925289,-2.4856686733759266,0.42774359990588967,0.8294893645331665,-0.13734047515692502,-2.1814956609135248,-6.956647090399794,-3.4475174025964965
2.167724443034646,1.4135097262526253,3.482713624441941,3.1498036778327694,0.2541703876531951,2.99976958632836,1.8556287774672646,-1.1152593640893842,2.1944772252536198,-0.6816007082329499,2.4876211075886223,1.2903880660361822,0.7576263919073386,5.415599782235603,-0.5132233279089097,-1.77671061515453,-1.8356035792666412,1.1935807348647263,0.39463365650642457,0.711624990245319,2.292455694845032,-0.5629118604493706,1.5086358532285413,-4.093592123703691,0.2468748376970318,-2.6869391969039844,0.4290154042982007,-2.171495545369063,-4.7242015183881865,3.166223895285559,0.0050505775553457396,2.126294466304916,-2.8083311862345184,-1.6183142891432925,-3.2857494191629413,3.347774450995316,1.7116186023442668,-0.9885406315104311,0.09581710789260765,0.6531220607549099,0.1054561320062876,-0.7836880093123518,-2.926380823129962,-1.461931731719688
1.8507985957683508,1.2671447595501717,2.7733821804481713,2.356901734304464,0.2506196230140541,2.6665843631311668,1.54349239650657,-0.8386899780328292,1.6650326181948618,-0.4749975353246805,1.8707898639118432,0.7576263919073386,0.7996226383445599,4.036847775843864,-0.7420762568993504,-1.6161496601452499,-1.1354415134140339,0.8179946396599231,-0.004954753796759759,0.6549638315229632,1.9096253823902765,-0.6270711354428875,1.2601758601667559,-3.3175157051107806,0.2256477859753486,-2.1819038333731227,0.2077775753115982,-1.9221171480866572,-3.7700230381959963,2.5784289687416733,0.0913149554413692,1.5385671268737715,-2.515398638215725,-1.6208386096309324,-2.6834594728246763,2.6959245169871906,1.5969014441950615,-0.7650097382399687,0.19337441424669097,0.21839394122130554,-0.08896248284225189,-0.8344830794986091,-2.410589965322082,-1.1517545402912766
11.310059349439129,6.582884277105574,17.0297553587489,14.915055951023126,1.5894022978150633,15.312069742851541,9.261481210884995,-5.115974900845829,10.550663120083076,-2.694138034096767,11.742371672551807,5.415599782235603,4.036847775843864,25.85861334112375,-3.277152415200136,-9.274188102447017,-8.079927194779343,5.36572202126539,1.1071813933372394,3.3817988312971825,11.394213269286421,-3.22588149401793,7.558985648761251,-19.94943198795164,1.3823755562266256,-12.651198531006434,1.9641579919350503,-10.986607522851758,-22.39668760574205,15.254935592295563,-0.018800134527165984,10.189322549811346,-13.950629272619812,-8.58218265346501,-16.339621102835977,16.74132431284038,8.811021106487564,-4.526330115176806,0.7830187542459548,1.9896883221321102,0.5486836447628481,-4.162656119314909,-14.645799443679355,-7.003665845046575
-1.6117603791192168,-1.1928974988146146,-2.4881465050086264,-1.943702709677696,-0.19039698837851488,-2.4099732721861438,-1.3260359342298018,0.6703079673619743,-1.4457023029352696,0.3981560320693287,-1.6060290236120112,-0.5132233279089097,-0.7420762568993504,-3.277152415200136,0.8180349697956483,1.4266681796302823,0.8696469634345275,-0.6350378325820549,0.09820752446595654,-0.6309849873208642,-1.7348471863425425,0.7091088170175213,-1.1037008014292482,2.842079105029743,-0.23497104247102243,1.9348672071796402,-0.10967019988538095,1.8223543194996377,3.3317363647221647,-2.173490376788697,-0.08373750439476614,-1.260315203301828,2.2785851641043364,1.5937745796064664,2.298922729573906,-2.3461771282166604,-1.4104677992376404,0.7902668926277224,-0.15387044161786576,-0.09872954093714194,0.1667555036287848,0.9064034044131796,2.0733236990834385,1.0505605148446429
-4.163070409581482,-2.3241261663663297,-6.629973691596971,-5.582591779974773,-0.16630219230521587,-5.925807289330941,-3.6096377378818967,1.6344265754555345,-3.8314531304429886,0.6490102197711212,-4.239283167963873,-1.77671061515453,-1.6161496601452499,-9.274188102447017,1.4266681796302823,3.9590523038833356,2.7617722478625493,-1.8626862133855548,0.07430485018025554,-1.1428785167714994,-4.524670937073597,1.2953625973176777,-2.9810584008797414,7.249999947274744,-0.5867068687626181,4.3780484498393015,-0.5196356195506672,3.916885136902633,7.938002053623783,-5.657421207193332,0.2198427228919057,-4.016148066933124,4.934618649806119,3.320121787493002,6.3524177318166055,-6.390327040791205,-3.5005834721691027,1.1892126208509013,-0.5756636288418101,-0.7191964527633564,-0.27706235829093223,1.707715135735581,5.4270229682388225,2.486730785530845
-3.4495178582861454,-2.0753610934676954,-5.482678919749196,-4.764012614752204,-0.38365627975395383,-4.664660981860217,-2.8893380270162137,1.52132355596101,-3.3424702714000456,0.94713449973489094,-3.879183529071718,-1.8356035792666412,-1.1354415134140339,-8.079927194779343,0.8696469634345275,2.7617722478625493,2.7828501355509596,-1.683762327517911,-0.5624631039094533,-0.9731239488546439,-3.5702243209638933,1.1127441215560268,-2.409353574305962,6.1677905669106785,-0.41652264207395007,4.008507120251282,-0.6090970623974541,3.4855186562338583,7.121295936318073,-4.698359494644106,-0.007755349437805172,-3.238473640284437,4.26345376403227,2.5781747256319307,5.0159253518415685,-5.196380876320185,-2.562162014599009,1.5833463407825035,-0.1844980751520621,-0.8484478225227088,-0.12354962038081128,1.3070820722923289,4.527030809638932,2.2701879521987505
2.0614934155426567,1.4397365552741908,3.4485928114344357,3.0871377244907823,0.179002438461823,3.0087854594465018,1.799510160357192,-1.1890419860831922,2.2217129415926555,-0.6069884576470658,2.2766015733198492,1.1935807348647263,0.8179946396599231,5.36572202126539,-0.6350378325820549,-1.8626862133855548,-1.683762327517911,1.2463540930779125,0.2281892205680793,0.8359082044731506,2.3491319177043395,-0.44353939038820306,1.4179827724102874,-4.0576485151825326,0.30200380028045815,-2.6618054922166525,0.4277437959503777,-2.067436777001671,-4.690177926890066,3.1596693662583166,-0.12532228217420005,2.176140655932182,-2.7559534313203624,-1.668952230785472,-3.324410853388056,3.3801312557241805,1.8114343191983537,-0.9057451221380365,0.06570066506269716,0.662171529088363,0.2020510804999023,-0.8517971734176053,-2.84419765498953,-1.4289847096127049
0.46609082136651064,0.2700904498388554,0.5252183276774025,0.5379003112082912,0.31230452963915756,0.3809428952161104,0.2397099530058648,-0.2598197439052256,0.4452858250273649,-0.33690460147455636,0.670896963114524,0.39463365650642457,-0.004954753796759759,1.1071813933372394,0.09820752446595654,0.07430485018025554,-0.5624631039094533,0.2281892205680793,0.500789111493349,0.1155050842521732,0.24359236976434206,-0.18106466624574735,0.20747933991333928,-0.7872309974293861,-0.0171183980129776,-0.6316694137140382,0.20073642146553144,-0.5728798835494237,-1.0484670568963885,0.48493928262821934,0.15775574665310713,0.2123128408297845,-0.6149571019438441,-0.20410103334178425,-0.3792693673429584,0.48560684650586294,0.040987241940724846,-0.5712270466375302,-0.16426930017090283,0.10944476031345317,-0.05263762408099013,-0.053002390663091,-0.5528224384263876,-0.378646463942636
1.2628859650720532,1.2833013838401455,2.2395689505490384,1.9124494588418517,0.15400306446812467,2.0878633572755785,1.107987376105208,-0.9049883493121822,1.4876171131267217,-0.5696824099631514,1.4727215907515907,0.711624990245319,0.6549638315229632,3.3817988312971825,-0.6309849873208642,-1.1428785167714994,-0.9731239488546439,0.8359082044731506,0.1155050842521732,0.8099993237238002,1.5888712974205605,-0.3738963845826899,0.8466294908802054,-2.7737083589259135,0.20284802717208478,-2.0401477561816685,0.21206782717891692,-1.5669694770535851,-3.4429492221755402,2.1545906716206233,0.01431735735345596,1.2391071223369299,-2.147319895394755,-1.3619050774242156,-2.1087552725268406,2.128312797156387,1.2738305716145333,-0.8767317583686565,-0.05034375006104769,0.4157988372303048,-0.07026857788853738,-0.7854805160693443,-1.824482922789042,-1.0413515196963472
4.999975987742432,3.1011033393130676,8.2371431354666,6.826427143460298,0.2530518150678198,7.205235558474563,4.302194482814531,-2.1051052949548508,4.844810443461172,-1.0508656874246667,5.404059469371675,2.292455694845032,1.9096253823902765,11.394213269286421,-1.7348471863425425,-4.524670937073597,-3.5702243209638933,2.3491319177043395,0.24359236976434206,1.5888712974205605,5.583893356071092,-1.7208221198585034,3.5546156092830627,-8.965476154587025,0.7170208810986143,-5.6766316384536175,0.6768934714865239,-5.05870975498456,-10.202148045633354,6.892167695066877,-0.21597249805014304,4.812240504550443,-6.2365319301290825,-4.179808018561116,-7.6288915216636175,7.765560308204156,4.094687371009602,-1.9834258512621543,0.45882451411187947,1.038046848136113,0.22261826410227942,-2.2588317061671956,-6.59064220862673,-3.2628681015423915
-1.9137083947721845,-1.1228934521149332,-2.708256209921296,-2.0087382097604998,-0.3311176900359821,-2.4954764638355615,-1.4530968086004297,0.42040097420299577,-1.4280784472052996,0.4735811177885782,-2.057505009724008,-0.5629118604493706,-0.6270711354428875,-3.22588149401793,0.7091088170175213,1.2953625973176777,1.1127441215560268,-0.44353939038820306,-0.18106466624574735,-0.3738963845826899,-1.7208221198585034,1.1493398961387944,-1.3304129860632146,2.8756999331227284,-0.17807533750514093,1.954108296555879,-0.07943508885043093,2.193875629885258,3.399445655548737,-2.0842050897672593,-0.3080718862139265,-1.1506854470279662,2.406011719029705,1.6440028871404653,2.2369402345849307,-2.371984874624891,-1.1962424421898432,1.0685291241538204,-0.20276701448102977,0.0415945831837799,0.3731676977265559,0.9270890914916019,2.2745846978828146,1.1777444119778426
3.6004689570037387,1.9806766331300951,5.3844762520022575,4.526288568674277,0.4048818039424913,4.843709357237811,2.964747829275176,-1.2816438985099363,3.103461014247451,-0.7370135361185582,3.743098885765654,1.5086358532285413,1.2601758601667559,7.558985648761251,-1.1037008014292482,-2.9810584008797414,-2.409353574305962,1.4179827724102874,0.20747933991333928,0.8466294908802054,3.5546156092830627,-1.3304129860632146,2.5178918427802213,-6.003882778645428,0.4134193408525687,-3.759346118311243,0.43742901930109884,-3.5451269395605474,-6.696555791966885,4.589464073653733,0.10440056720607083,3.044591056204692,-4.306523852719222,-2.7685421254769897,-5.007939744909223,5.123651347978307,2.701165763187139,-1.3446008753261145,0.4193343257501212,0.4491170412021232,-0.025188014259605377,-1.3936498935419697,-4.55554019534129,-2.142517183361789
-8.95780099323437,-5.508571806382409,-13.37776677471375,-11.55200080777445,-1.3454919882621348,-12.259547935653325,-7.297342746401921,3.9668109460908068,-8.194475781771615,2.2852559077125134,-9.341388052052281,-4.093592123703691,-3.3175157051107806,-19.94943198795164,2.842079105029743,7.249999947274744,6.1677905669106785,-4.0576485151825326,-0.7872309974293861,-2.7737083589259135,-8.965476154587025,2.8756999331227284,-6.003882778645428,15.7637225834704,-1.0487001499750674,10.201416742429437,-1.367873560604621,9.024414986442787,17.877026058054327,-12.044022095357175,-0.2652202443404414,-7.6663404255882925,11.434934823135281,7.110439497708588,12.724282534980766,-13.006960183868472,-7.011496062370685,3.8534679889557935,-0.657598481365179,-1.3570190936982391,-0.020083062525675308,3.538044692066122,11.559623364272818,5.601169122480624
0.5796931731647036,0.337536347939023,1.0377930987468522,0.8273803454372892,-0.017839998140400028,0.8586823581323981,0.5100963561235944,-0.254687043124447,0.6197388737701004,-0.07148855993557984,0.5910326370611572,0.2468748376970318,0.2256477859753486,1.3823755562266256,-0.23497104247102243,-0.5867068687626181,-0.41652264207395007,0.30200380028045815,-0.0171183980129776,0.20284802717208478,0.7170208810986143,-0.17807533750514093,0.4134193408525687,-1.0487001499750674,0.1241228233080181,-0.642918664190431,0.09649501929689291,-0.5703183678134927,-1.1976948610821638,0.7982671690432063,-0.11263813436612662,0.6539525880231657,-0.6723904581322921,-0.4999418562211282,-0.9492637973522876,0.9957395739439867,0.5031472728536905,-0.21059891776542047,0.03635155244505894,0.14553540570154178,0.10464166791395824,-0.29422549474684334,-0.7713054657282413,-0.3877022782516964
-5.532844712510434,-4.027160229482407,-8.51339893603442,-7.333570563062849,-0.9002571704018761,-7.821177976690576,-4.556260050759619,2.710852485156263,-5.286255031040883,1.8649584193019229,-6.066658184381403,-2.6869391969039844,-2.1819038333731227,-12.651198531006434,1.9348672071796402,4.3780484498393015,4.008507120251282,-2.6618054922166525,-0.6316694137140382,-2.0401477561816685,-5.6766316384536175,1.954108296555879,-3.759346118311243,10.201416742429437,-0.642918664190431,7.042620414984286,-0.8040889174458473,6.074224401812774,12.071291809458213,-7.812368643101745,-0.39822243124199175,-4.6541642237399214,7.7516999856927224,4.737244584362959,7.894389597134424,-8.107742801797482,-4.468893356117446,2.9814074081860866,-0.24199995872648933,-1.0514755904097886,0.34971771197336365,2.4817561297568105,7.297779048298182,3.7509993735046607
0.8263196069111596,0.30902429734864634,1.0330004671739146,1.0114684825920617,0.2624458205038262,0.923808189390645,0.5774971105516237,-0.4328492118083821,0.7612275186104177,-0.16824801160895222,0.7450249217631877,0.4290154042982007,0.2077775753115982,1.9641579919350503,-0.10967019988538095,-0.5196356195506672,-0.6090970623974541,0.4277437959503777,0.20073642146553144,0.21206782717891692,0.6768934714865239,-0.07943508885043093,0.43742901930109884,-1.367873560604621,0.09649501929689291,-0.8040889174458473,0.27020674192356964,-0.6672026945442916,-1.4508888730545138,0.992821338409901,-0.044918392297618556,0.7230382898263862,-0.8576426975227468,-0.44668562380743637,-1.0856481527148278,1.167635811777303,0.5263315067909343,-0.31336490274856926,-0.02993735358030776,0.09517989983925224,0.19022107904125934,-0.1362893796205076,-1.0115099702658732,-0.45396282902294244
-5.34715978964286,-3.38117863370024,-7.692819826898391,-6.391621721125053,-1.0270918926723107,-7.155804018492137,-4.17911878760271,2.1041088254416653,-4.60803504598316,1.5113421076889628,-5.605940722088466,-2.171495545369063,-1.9221171480866572,-10.986607522851758,1.8223543194996377,3.916885136902633,3.4855186562338583,-2.067436777001671,-0.5728798835494237,-1.5669694770535851,-5.05870975498456,2.193875629885258,-3.5451269395605474,9.024414986442787,-0.5703183678134927,6.074224401812774,-0.6672026945442916,5.755517722590039,10.493567637132045,-6.75706341775018,-0.5049751299189473,-3.973563089180209,6.992191809496539,4.406614896259999,7.0148133319452635,-7.300664142960461,-3.8881007019112945,2.759004709388799,-0.33534885310929297,-0.458226026174109,0.43514301123948856,2.2808612051384283,6.709579260909661,3.3731721728568083
-9.790314481073633,-6.779850391104056,-15.27285734170209,-13.059855222945666,-1.365880375331917,-13.808542411721044,-8.116814663231727,4.628563018425969,-9.38678258569836,2.988373277041733,-10.694584619567376,-4.7242015183881865,-3.7700230381959963,-22.39668760574205,3.3317363647221647,7.938002053623783,7.121295936318073,-4.690177926890066,-1.0484670568963885,-3.4429492221755402,-10.202148045633354,3.399445655548737,-6.696555791966885,17.877026058054327,-1.1976948610821638,12.071291809458213,-1.4508888730545138,10.493567637132045,20.942315031200827,-13.674566140219548,-0.41075026664832426,-8.53121590680698,13.252365205537679,8.237771004800289,14.153364987732955,-14.535536847009139,-7.849078948645313,4.943869583909728,-0.5062375106136601,-1.908857569973544,0.29953988019445354,4.326165571167208,12.887140502979308,6.56367171282132
6.704899578021793,4.275396971742961,10.239331117625062,8.898660672215911,0.8617999423854504,9.367685682966021,5.596059255580014,-3.064147908202319,6.245855881345142,-1.7464729147403546,7.072401564888771,3.166223895285559,2.5784289687416733,15.254935592295563,-2.173490376788697,-5.657421207193332,-4.698359494644106,3.1596693662583166,0.48493928262821934,2.1545906716206233,6.892167695066877,-2.0842050897672593,4.589464073653733,-12.044022095357175,0.7982671690432063,-7.812368643101745,0.992821338409901,-6.75706341775018,-13.674566140219548,9.30131729131948,0.1582159735326734,5.941995883393008,-8.693312287289071,-5.395474561295692,-9.78395818576126,9.92235252096721,5.453183925333053,-2.7863585030242763,0.5585200987427003,1.1962832891392352,0.017851812641322046,-2.701125133553474,-8.775568929708882,-4.2358957694913535
0.2937958048955834,0.29924073370529997,-0.18874930476124005,-0.08786464949056982,0.44168221398081886,0.16097144425827276,0.05519631649709896,-0.046014869640827925,-0.09720257477487274,-0.3390688982565332,0.25990514723506464,0.0050505775553457396,0.0913149554413692,-0.018800134527165984,-0.08373750439476614,0.2198427228919057,-0.007755349437805172,-0.12532228217420005,0.15775574665310713,0.01431735735345596,-0.21597249805014304,-0.3080718862139265,0.10440056720607083,-0.2652202443404414,-0.11263813436612662,-0.39822243124199175,-0.044918392297618556,-0.5049751299189473,-0.41075026664832426,0.1582159735326734,0.5047849436937024,-0.4389808235640223,-0.660603918621055,-0.22804079143808162,0.18990929744026352,-0.17295490059350957,0.02652097296300764,-0.43134883371016075,0.009210836482781058,-0.3004467189477794,-0.479218973734933,-0.04105657037522311,-0.22447952325607104,-0.10854170068779183
4.248914086392926,2.3702364395314977,7.118877963181587,6.082481113124158,0.09181236653307182,6.029898463398139,3.731451940788025,-1.8586587062838318,4.251348009668893,-0.7383017213981448,4.536512674498056,2.126294466304916,1.5385671268737715,10.189322549811346,-1.260315203301828,-4.016148066933124,-3.238473640284437,2.176140655932182,0.2123128408297845,1.2391071223369299,4.812240504550443,-1.1506854470279662,3.044591056204692,-7.6663404255882925,0.6539525880231657,-4.6541642237399214,0.7230382898263862,-3.973563089180209,-8.53121590680698,5.941995883393008,-0.4389808235640223,4.501624509279282,-4.945808961169541,-3.2571015317686194,-6.725038938798757,6.85451262992774,3.51018788116637,-1.356076310780152,0.4070995909575771,1.105399660079167,0.5601318823263256,-1.6894200398361308,-5.654194443681393,-2.6967304192758585
-6.530399862459439,-4.39119523717026,-9.35586495042384,-8.020793422781912,-1.3084565795847412,-8.921774856237471,-5.175999770702803,2.894733178840243,-5.745040725224038,1.9963743897417716,-6.811965541415459,-2.8083311862345184,-2.515398638215725,-13.950629272619812,2.2785851641043364,4.934618649806119,4.26345376403227,-2.7559534313203624,-0.6149571019438441,-2.147319895394755,-6.2365319301290825,2.406011719029705,-4.306523852719222,11.434934823135281,-0.6723904581322921,7.7516999856927224,-0.8576426975227468,6.992191809496539,13.252365205537679,-8.693312287289071,-0.660603918621055,-4.945808961169541,8.878404734808283,5.450353491932033,8.806977937781108,-9.029504724905314,-5.057520862191069,3.2939573139740825,-0.41945788582945814,-0.6879312253799269,0.5404556440341873,2.748568985820302,8.342103504417327,4.137003691871653
-4.081648247717122,-2.7278144711257535,-6.180405582119647,-5.049440743429605,-0.5777271064604123,-5.766857017677187,-3.3123812724860846,1.6762707628048896,-3.6548405448347174,1.0637553993188062,-4.271336433758087,-1.6183142891432925,-1.6208386096309324,-8.58218265346501,1.5937745796064664,3.320121787493002,2.5781747256319307,-1.668952230785472,-0.20410103334178425,-1.3619050774242156,-4.179808018561116,1.6440028871404653,-2.7685421254769897,7.110439497708588,-0.4999418562211282,4.737244584362959,-0.44668562380743637,4.406614896259999,8.237771004800289,-5.395474561295692,-0.22804079143808162,-3.2571015317686194,5.450353491932033,3.5914340738689616,5.700603960601425,-5.837509283265321,-3.2374963146050337,1.9723651258967039,-0.32440697302700183,-0.42936386892915995,0.2618077910826627,1.9274095258370105,5.2274352035064195,2.628807323943374
-7.270163192161235,-4.159201114646923,-11.286979428286678,-9.621547328352472,-0.677367006063674,-10.093941405093783,-6.095795159375547,3.049647762258044,-6.745633874435354,1.4499889480429884,-7.536605506524312,-3.2857494191629413,-2.6834594728246763,-16.339621102835977,2.298922729573906,6.3524177318166055,5.0159253518415685,-3.324410853388056,-0.3792693673429584,-2.1087552725268406,-7.6288915216636175,2.2369402345849307,-5.007939744909223,12.724282534980766,-0.9492637973522876,7.894389597134424,-1.0856481527148278,7.0148133319452635,14.153364987732955,-9.78395818576126,0.18990929744026352,-6.725038938798757,8.806977937781108,5.700603960601425,10.759853257140488,-10.931913623177197,-5.814214978347567,2.5991121031950843,-0.7111832910763659,-1.24208470358739,-0.39836933453751566,2.872349606523946,9.429236471474226,4.469043378761853
7.522756296008478,4.224275066423281,11.561674368606907,9.815018742373955,0.8086025323209957,10.28346983027541,6.215582949606091,-3.1100151074196134,6.945623447007539,-1.5155501764678858,7.748975509055755,3.347774450995316,2.6959245169871906,16.74132431284038,-2.3461771282166604,-6.390327040791205,-5.196380876320185,3.3801312557241805,0.48560684650586294,2.128312797156387,7.765560308204156,-2.371984874624891,5.123651347978307,-13.006960183868472,0.9957395739439867,-8.107742801797482,1.167635811777303,-7.300664142960461,-14.535536847009139,9.92235252096721,-0.17295490059350957,6.85451262992774,-9.029504724905314,-5.837509283265321,-10.931913623177197,11.221507523718545,5.859428268811721,-2.838545469940687,0.647393505570235,1.2045476093324905,0.41048136219587283,-2.949991441863015,-9.675415797660085,-4.620270637182799
3.9324249589149596,2.4708950036891375,5.9881069788586245,5.156479397057725,0.4385699188885582,5.5777362778844095,3.3093434098975023,-1.7602022159930921,3.608987425478033,-0.8877179426896352,3.9821374925289,1.7116186023442668,1.5969014441950615,8.811021106487564,-1.4104677992376404,-3.5005834721691027,-2.562162014599009,1.8114343191983537,0.040987241940724846,1.2738305716145333,4.094687371009602,-1.1962424421898432,2.701165763187139,-7.011496062370685,0.5031472728536905,-4.468893356117446,0.5263315067909343,-3.8881007019112945,-7.849078948645313,5.453183925333053,0.02652097296300764,3.51018788116637,-5.057520862191069,-3.2374963146050337,-5.814214978347567,5.859428268811721,3.3358232731137636,-1.4401056145043118,0.4171380961363589,0.5989784335310894,0.046532888920339736,-1.6309571737842616,-5.133180235764662,-2.4081639845652982
-2.1391173491551023,-1.776941458126458,-3.111149502866185,-2.543003732713834,-0.6412332795837369,-2.8766511548409603,-1.570883551544412,1.0426826804065097,-2.005813933229916,1.0217236411904211,-2.4856686733759266,-0.9885406315104311,-0.7650097382399687,-4.526330115176806,0.7902668926277224,1.1892126208509013,1.5833463407825035,-0.9057451221380365,-0.5712270466375302,-0.8767317583686565,-1.9834258512621543,1.0685291241538204,-1.3446008753261145,3.8534679889557935,-0.21059891776542047,2.9814074081860866,-0.31336490274856926,2.759004709388799,4.943869583909728,-2.7863585030242763,-0.43134883371016075,-1.356076310780152,3.2939573139740825,1.9723651258967039,2.5991121031950843,-2.838545469940687,-1.4401056145043118,1.8182916042606505,0.13958524053880664,-0.26017812761490744,0.4578182200860426,1.1084204538922475,2.7237785619900206,1.609120670454928
0.5162607706081636,0.09750835359197702,0.6736385122859044,0.5546939912027467,-0.03418724259718709,0.6768980745962436,0.4669354806511634,-0.0010941318839133433,0.2578546476574115,0.07784128738490877,0.42774359990588967,0.09581710789260765,0.19337441424669097,0.7830187542459548,-0.15387044161786576,-0.5756636288418101,-0.1844980751520621,0.06570066506269716,-0.16426930017090283,-0.05034375006104769,0.45882451411187947,-0.20276701448102977,0.4193343257501212,-0.657598481365179,0.03635155244505894,-0.24199995872648933,-0.02993735358030776,-0.33534885310929297,-0.5062375106136601,0.5585200987427003,0.009210836482781058,0.4070995909575771,-0.41945788582945814,-0.32440697302700183,-0.7111832910763659,0.647393505570235,0.4171380961363589,0.13958524053880664,0.24557611683054936,-0.05669230734805188,0.0016522523073234819,-0.12369239510752866,-0.6009490647474169,-0.15369160370763033
0.24411241529597225,0.6787537258089352,1.5183800575268032,1.3466917923425967,-0.4777821307955756,0.9071648962142388,0.589595976053237,-0.48773180805649424,0.9325682150283536,-0.29450872372765635,0.8294893645331665,0.6531220607549099,0.21839394122130554,1.9896883221321102,-0.09872954093714194,-0.7191964527633564,-0.8484478225227088,0.662171529088363,0.10944476031345317,0.4157988372303048,1.038046848136113,0.0415945831837799,0.4491170412021232,-1.3570190936982391,0.14553540570154178,-1.0514755904097886,0.09517989983925224,-0.458226026174109,-1.908857569973544,1.1962832891392352,-0.3004467189477794,1.105399660079167,-0.6879312253799269,-0.42936386892915995,-1.24208470358739,1.2045476093324905,0.5989784335310894,-0.26017812761490744,-0.05669230734805188,0.907279582730856,0.17908950355038541,-0.38730769767210466,-0.7590662046734216,-0.5610968237429425
0.010297615013753389,-0.41243644729579315,0.2356752874688856,0.2740058719331552,-0.20476760190963209,-0.03514649278956877,0.06523611515179865,-0.0553596858720069,0.21338500947787653,0.35265719682264063,-0.13734047515692502,0.1054561320062876,-0.08896248284225189,0.5486836447628481,0.1667555036287848,-0.27706235829093223,-0.12354962038081128,0.2020510804999023,-0.05263762408099013,-0.07026857788853738,0.22261826410227942,0.3731676977265559,-0.025188014259605377,-0.020083062525675308,0.10464166791395824,0.34971771197336365,0.19022107904125934,0.43514301123948856,0.29953988019445354,0.017851812641322046,-0.479218973734933,0.5601318823263256,0.5404556440341873,0.2618077910826627,-0.39836933453751566,0.41048136219587283,0.046532888920339736,0.4578182200860426,0.0016522523073234819,0.17908950355038541,0.6037777478805297,0.19115753419353912,-0.04783343263405733,0.0817826797593526
-1.8912499276691217,-1.5350059961643707,-3.3153028671255775,-2.5588720165793486,-0.06794233918378291,-2.9453699759461123,-1.6486911962345097,0.8130266880136154,-1.9001023898507907,0.569500959087605,-2.1814956609135248,-0.7836880093123518,-0.8344830794986091,-4.162656119314909,0.9064034044131796,1.707715135735581,1.3070820722923289,-0.8517971734176053,-0.053002390663091,-0.7854805160693443,-2.2588317061671956,0.9270890914916019,-1.3936498935419697,3.538044692066122,-0.29422549474684334,2.4817561297568105,-0.1362893796205076,2.2808612051384283,4.326165571167208,-2.701125133553474,-0.04105657037522311,-1.6894200398361308,2.748568985820302,1.9274095258370105,2.872349606523946,-2.949991441863015,-1.6309571737842616,1.1084204538922475,-0.12369239510752866,-0.38730769767210466,0.19115753419353912,1.175396489552093,2.539204893068454,1.4035899788504005
-6.851031121003211,-3.81998314173318,-9.90578006427517,-8.49816081447681,-1.0889595955122522,-9.102740272960602,-5.478729128141786,2.7376927592981266,-5.971932421243621,1.5255699105012164,-6.956647090399794,-2.926380823129962,-2.410589965322082,-14.645799443679355,2.0733236990834385,5.4270229682388225,4.527030809638932,-2.84419765498953,-0.5528224384263876,-1.824482922789042,-6.59064220862673,2.2745846978828146,-4.55554019534129,11.559623364272818,-0.7713054657282413,7.297779048298182,-1.0115099702658732,6.709579260909661,12.887140502979308,-8.775568929708882,-0.22447952325607104,-5.654194443681393,8.342103504417327,5.2274352035064195,9.429236471474226,-9.675415797660085,-5.133180235764662,2.7237785619900206,-0.6009490647474169,-0.7590662046734216,-0.04783343263405733,2.539204893068454,8.652685131048925,4.082329802583795
-3.138434645998897,-2.083009739318127,-4.910416826275356,-4.107466614775325,-0.4229763755499805,-4.377454583777197,-2.5698774102159003,1.3804544268155015,-2.974202551507132,0.8999710045845423,-3.4475174025964965,-1.461931731719688,-1.1517545402912766,-7.003665845046575,1.0505605148446429,2.486730785530845,2.2701879521987505,-1.4289847096127049,-0.378646463942636,-1.0413515196963472,-3.2628681015423915,1.1777444119778426,-2.142517183361789,5.601169122480624,-0.3877022782516964,3.7509993735046607,-0.45396282902294244,3.3731721728568083,6.56367171282132,-4.2358957694913535,-0.10854170068779183,-2.6967304192758585,4.137003691871653,2.628807323943374,4.469043378761853,-4.620270637182799,-2.4081639845652982,1.609120670454928,-0.15369160370763033,-0.5610968237429425,0.0817826797593526,1.4035899788504005,4.082329802583795,2.1066171143905743
