V1,V2,V3,V4,V5,V6,V7,V8,V9,V10,V11,V12,V13,V14,V15,V16,V17,V18,V19,V20,V21,V22,V23,V24,V25,V26,V27,V28,V29,V30,V31,V32,V33,V34,V35,V36,V37,V38,V39,V40,V41,V42,V43,V44
1.4876597106249778,-0.9931422444268018,1.110420558308242,1.1430847910964739,0.487660426544626,0.41980340645239494,0.8264991489172999,0.5553142640267441,0.35211605852138456,0.19685966685575754,1.538507185790822,0.6627087997996756,-0.49663883224408384,1.7008428829792588,0.8877521066047411,-0.20299745439798783,-1.335032263604594,-0.14363420561871446,0.9433268949385272,-1.1726499620030657,0.17866367722873502,-0.6646847603086073,0.9764971236201698,-0.6719503039591492,-0.12493883983900633,0.29026079240291336,0.382759295299232,-0.5809644758800095,-0.0056438296742426656,0.23833416112851982,0.2174478300613352,0.7397195807043826,0.14485242369802653,0.4584164128485497,-0.7847496772407334,1.0303271412839965,-0.4052889332718644,0.055208488394923816,0.32546651895422024,-0.20142325227654398,0.30443318432648736,0.6491929466462392,-1.2514272848621202,-0.27747722813719766
-0.9931422444268018,2.9434719269468888,-1.780259654771592,-1.4270114104381195,1.1735169031184374,-0.20315436258133981,-1.0306828278640638,-1.2950356051917329,-0.27661756582309993,-2.27908922293959,-0.3233335071337913,-0.16984267581465193,0.7044919656458718,-1.435968767505284,-1.0955413538629957,1.8765668356701914,0.7806793530639292,0.10252751294664256,0.4120177337965757,1.8838659762541559,-0.9960772665477808,-0.38160618042224237,-1.0079639794031205,-0.5762450513585382,-0.2786895429293996,-2.769744291515555,-0.3949259377255464,-1.6478457506870794,-2.9395100094851982,0.4378169178757094,1.7262486466806026,-2.5368024637894777,-3.0545003573237866,-1.3792431277597974,1.9704127720624782,-1.9430454144271432,0.13378447002993585,-2.927595731613851,-1.0111416433883595,-0.15507209162167787,-2.3180130868135107,-1.1071446077027227,0.7618286460108343,-0.5643818848374825
1.110420558308242,-1.780259654771592,2.447698121268383,1.9139351724439795,-1.2068602822335899,1.1452262958058823,1.3088654945817626,0.6201981995361828,0.8702909678802258,1.8222031627707442,0.5445812756364006,0.2785382711709685,-0.12258324732235526,2.446697765616448,0.37971341150164967,-2.333392145149193,-0.7473733339653306,0.3239786014430614,-0.7016501102073873,-1.0059636804542493,1.7196148640602424,0.3528316914822406,1.0906940278235444,-0.6529358647078967,0.41502983648509734,1.5136029922866756,0.30835381889649743,0.9439352262184509,1.0753751687557616,0.6159796245279486,-1.680541592829589,2.768945783949256,1.7237537186553529,0.41270154449467733,-2.6788329248886154,2.5813934736068984,0.6920939271912079,2.322450455436549,0.8828937739533658,0.36276092867507587,2.015194663421276,0.4097706703073488,-1.2324241329126608,0.13953617338981758
1.1430847910964739,-1.4270114104381195,1.9139351724439795,1.5839905189348922,-0.6624793936700282,0.8809599142013633,1.1009966240184557,0.5607396102620551,0.6602525669997232,1.240408420496923,0.792740507547455,0.3722857256668782,-0.20667089226744242,2.0788439059541273,0.4928937945189551,-1.6016396206188015,-0.8616042051005253,0.1702297581713671,-0.21006942622963132,-0.9879258962520828,1.1789746334792008,0.04252741516076061,0.9988493287936918,-0.6293371780017757,0.23204990631099742,1.0612507790513745,0.2965170408946384,0.45458886589022934,0.6909199682891117,0.49297545764406336,-1.0255838706392708,2.0180201136404294,1.1503339088077282,0.39133502146280674,-1.9817701779360644,1.9750896070507196,0.35808319456378207,1.5479726247750891,0.6856020518920315,0.18637728278393512,1.3854903839158235,0.44776296485937367,-1.1637264445365803,0.018934851013746784
0.487660426544626,1.1735169031184374,-1.2068602822335899,-0.6624793936700282,1.8849234796840044,-0.47978619796266087,-0.4693066240944724,-0.29543702935666344,-0.35654351054794836,-1.9094155434748663,1.1464145882691374,0.41936056158903545,-0.26954918050364157,-0.4507610330013881,0.3305024169115972,2.1887747321412117,-0.644851159448279,-0.34655208031140905,1.7219716681882313,0.1011375922302699,-1.4842256964969338,-1.1264949074682578,-0.09922734107693554,-0.3831172598137352,-0.545994267486943,-1.7472231496329613,0.10362336990804615,-1.9292100293626577,-1.7928436789150521,-0.11542837400315446,2.079226716612468,-2.1302575337147673,-2.133832189979774,-0.2408138448541782,1.8236019815545568,-1.4567910911986646,-0.955770236895062,-2.668111281524148,-0.7005808345161377,-0.5488509792380474,-1.927472366288422,0.04795642881223619,-0.21463667891519922,-0.6534801318214254
0.41980340645239494,-0.20315436258133981,1.1452262958058823,0.8809599142013633,-0.47978619796266087,0.7959917025881803,0.5617722434930134,-0.04468435114443655,0.5347261435151918,0.5073415229948154,0.22378064769379793,0.10373299418092767,0.18328802906351455,1.249046997235683,-0.1681888712080152,-1.0663028783144826,-0.21182885053283174,0.299313587467314,-0.4318686661582293,-0.0037575516667074397,0.8988316734743488,0.1438326707685307,0.41871083915363194,-0.679568787129845,0.2061043564309653,0.06996083284419789,0.07360654828745525,0.09826702023380107,-0.3113654045037342,0.6292036566197908,-0.6116229615189562,1.102495343519993,0.12816746880273294,-0.22534401307667046,-1.2647422871522094,1.17794984053355,0.6031562747370883,0.6712882816878502,0.26886979107017045,0.231444226137006,0.6278261059796302,-0.13019444007189687,-0.6189163043287788,-0.11856332071703811
0.8264991489172999,-1.0306828278640638,1.3088654945817626,1.1009966240184557,-0.4693066240944724,0.5617722434930134,0.8302901244804382,0.45959057683211774,0.43335556978257006,0.873028374625167,0.6456146304842038,0.3375189601024506,-0.14634184395661573,1.4442708216642954,0.4258092869465765,-1.0846216723758015,-0.6678235209546722,0.05552313202266111,-0.07238895257570165,-0.7910062350517592,0.8322698158885027,-0.0012078775835347839,0.7338456084389622,-0.45347126642784163,0.1499273130429588,0.8218961371214848,0.18087719803189567,0.3532273808384482,0.5808103894890029,0.3392785742320087,-0.694586358630733,1.4114189702499131,0.851482713801799,0.3204942540779012,-1.3502007716741238,1.3603582854797307,0.19436042955490734,1.0735576920728123,0.5479431585610363,0.09768266981662824,0.9524513965928182,0.36725176108996505,-0.7985903498269403,0.08785755801216973
0.5553142640267441,-1.2950356051917329,0.6201981995361828,0.5607396102620551,-0.29543702935666344,-0.04468435114443655,0.45959057683211774,0.6545150671791932,0.027044410432783328,0.8278887710731551,0.377966126072715,0.1931841845005055,-0.3946891643538609,0.5622976606161924,0.6554281823060905,-0.5415812674893382,-0.5080377881618193,-0.1650146342469079,0.10713748187758529,-0.9942289480229701,0.23190556212037455,-0.0038602992177573557,0.49417356089576175,0.25898563917780926,0.03439250968296624,1.1703939972754114,0.17805403260534303,0.5621623395561409,1.2871924557922696,-0.2618368172145077,-0.4961094030395457,0.8844900904286426,1.2255439455468828,0.6953868515302715,-0.6205521714755821,0.6642852861228229,-0.26764142112105704,1.038557061887346,0.44558051214679634,-0.034611122427579945,0.8125105600562542,0.6037008520024514,-0.36437957617478467,0.2495735352700825
0.35211605852138456,-0.27661756582309993,0.8702909678802258,0.6602525669997232,-0.35654351054794836,0.5347261435151918,0.43335556978257006,0.027044410432783328,0.4091343029710071,0.44193140401890535,0.20490521075217075,0.10465961276231311,0.08394438170162744,0.9555782914537346,-0.04714182142065762,-0.7691854170969088,-0.21554611851091163,0.19562573692327315,-0.2526935404549483,-0.09210267981357197,0.6739106403069616,0.09935932257092202,0.3226873816861868,-0.46357212048356194,0.16203905228592475,0.17285316450816918,0.08532002014898099,0.12190046140686582,-0.09803513871275474,0.39727357610390074,-0.506643434968183,0.8728718799774658,0.22659858112582776,-0.0912324944588947,-0.9396658744202401,0.9117261712852452,0.3699872536860134,0.5232355850960818,0.2101443876801877,0.149081434143,0.5521014542873137,-0.040337501961839946,-0.4596076832025341,-0.05784162199006175
0.19685966685575754,-2.27908922293959,1.8222031627707442,1.240408420496923,-1.9094155434748663,0.5073415229948154,0.873028374625167,0.8278887710731551,0.44193140401890535,2.485190304823797,-0.6149013919705694,-0.20157748204041093,-0.15111400740868847,1.1443882847060634,0.2903872975702154,-2.523872193971421,0.040127876541784735,0.22398861829966743,-1.424270779360238,-0.986459486052568,1.5970213238551907,0.979266345025807,0.597753582110965,0.4849109804950871,0.536619725096756,2.5656570434510124,0.14136649514771002,2.1377867553139183,2.6396471898407934,-0.08548799071799061,-2.3463718910466436,2.8219936658959828,2.9837909931782907,0.8182712054859451,-2.3465063853145818,2.0791015712993333,0.644266208277821,3.3289399963904858,0.9874995354353987,0.4752244158809685,2.537194045920757,0.49586263117981344,-0.2883888183696831,0.7027449605941446
1.538507185790822,-0.3233335071337913,0.5445812756364006,0.792740507547455,1.1464145882691374,0.22378064769379793,0.6456146304842038,0.377966126072715,0.20490521075217075,-0.6149013919705694,1.9340425798615826,0.850740422630701,-0.4778760936490458,1.420696664946051,0.9260207304570793,0.6639905703058457,-1.4976520160665063,-0.2880443028682387,1.5564771805662625,-1.010325388650088,-0.32896629877192446,-1.0627781450783764,0.8694062002121539,-0.8955195752501373,-0.32276414446571616,-0.47135400356454427,0.3329420104238973,-1.2948793443192763,-0.7956729548572259,0.27875459878139275,1.0316799235081886,-0.1543059313591073,-0.7972754350932086,0.25795295794517786,-0.01676015787240852,0.38178648815941013,-0.7015679578005378,-1.0677307846578756,0.08263144400594542,-0.40302349157136735,-0.5364470205185151,0.5736199980371013,-1.216726281227729,-0.45575289062407864
0.6627087997996756,-0.16984267581465193,0.2785382711709685,0.3722857256668782,0.41936056158903545,0.10373299418092767,0.3375189601024506,0.1931841845005055,0.10465961276231311,-0.20157748204041093,0.850740422630701,0.4052162788802184,-0.18153994586285957,0.652654904505801,0.41668746715033966,0.21966619321031325,-0.6611749507064677,-0.1382222882119794,0.6480408050567057,-0.4724032712354531,-0.055614136319234383,-0.43244689657439744,0.39778215728497573,-0.4148675490170564,-0.11943084783102971,-0.12105359205668198,0.12296153315517118,-0.4816108893290175,-0.2679677083421587,0.14681906516260826,0.3751548849871791,0.022432051097783748,-0.267151406022579,0.11864447235352583,-0.07151992510533899,0.22551725792889132,-0.28304652747249875,-0.39074825075152647,0.09410444870802004,-0.16746799794112827,-0.17189877213806096,0.2584259037980828,-0.5136596115007032,-0.13651505204761696
-0.49663883224408384,0.7044919656458718,-0.12258324732235526,-0.20667089226744242,-0.26954918050364157,0.18328802906351455,-0.14634184395661573,-0.3946891643538609,0.08394438170162744,-0.15111400740868847,-0.4778760936490458,-0.18153994586285957,0.397440150530326,-0.23409987507516233,-0.5486173976202612,-0.17083630748792195,0.48692186687690564,0.188107975746676,-0.48294244923713897,0.679265048816788,0.25709560193132946,0.25890465812776026,-0.29623147524177135,-0.18767615078463848,0.10857320700652325,-0.4410146202941505,-0.18574194401101093,0.05490976916573778,-0.5410810957360507,0.2961555642984816,-0.13409872916349713,-0.09294606541006036,-0.41644651516377407,-0.4751548445156499,-0.03411657091306903,-0.09018776648209842,0.4575138838930646,-0.12076586150230832,-0.0968979088695258,0.15464758250869212,-0.1466795706044139,-0.4567798242063534,0.29244432441736273,0.010428090772798746
1.7008428829792588,-1.435968767505284,2.446697765616448,2.0788439059541273,-0.4507610330013881,1.249046997235683,1.4442708216642954,0.5622976606161924,0.9555782914537346,1.1443882847060634,1.420696664946051,0.652654904505801,-0.23409987507516233,2.942011183919471,0.6228067555690203,-1.7134948151227347,-1.340753522103993,0.22613099707969925,0.11225990063402927,-1.1510509033518053,1.4136076340532389,-0.22177954623306315,1.3395118223899392,-1.2084680901306823,0.2222790411654821,0.7928364402804,0.419106778471477,0.020534619780442884,0.14739823886243214,0.8396770532737402,-0.9102372988191428,2.29145524852589,0.806601550951192,0.2863069577159104,-2.388849425589092,2.477756711199055,0.3926391044061371,1.3027474785803261,0.7309609824261334,0.15013428982948648,1.3879920394003826,0.4826519713426637,-1.7158134753732994,-0.20268487340881172
0.8877521066047411,-1.0955413538629957,0.37971341150164967,0.4928937945189551,0.3305024169115972,-0.1681888712080152,0.4258092869465765,0.6554281823060905,-0.04714182142065762,0.2903872975702154,0.9260207304570793,0.41668746715033966,-0.5486173976202612,0.6228067555690203,0.8951986773498943,0.11080005418826389,-0.8843776652551526,-0.3049675495073567,0.7685121888166357,-1.13990611064154,-0.19710698865022983,-0.42741047523607206,0.585209409751198,0.07807539213971462,-0.14668345127109778,0.7237419335180129,0.2573783305259657,-0.06746241176041047,0.8000898871204555,-0.29124749224439767,0.15015009374906121,0.3373763708952729,0.6421971438284468,0.7049551962300448,-0.15099868472914052,0.34431939070083756,-0.6349661645681962,0.24548612088165475,0.2856779122857711,-0.23421297750108522,0.2821353569679102,0.7188343231035911,-0.5695525575181599,0.04096304907363312
-0.20299745439798783,1.8765668356701914,-2.333392145149193,-1.6016396206188015,2.1887747321412117,-1.0663028783144826,-1.0846216723758015,-0.5415812674893382,-0.7691854170969088,-2.523872193971421,0.6639905703058457,0.21966619321031325,-0.17083630748792195,-1.7134948151227347,0.11080005418826389,3.089211365460453,-0.1483476382089963,-0.4879620405811083,1.8357964549312353,0.5808915284325762,-2.141749072059233,-1.1145236793343254,-0.6782917121240072,0.06586194867463008,-0.6683601418885151,-2.1760017918708114,-0.08038422565662047,-2.0484903777951424,-1.9627676600254076,-0.4698182370022819,2.5886362238333582,-3.233247501396412,-2.607141451438447,-0.3817587748962887,2.9711313405131783,-2.597964726307605,-1.2090609875942486,-3.4448492751054167,-1.0376216161954714,-0.6639385701359412,-2.6374974141526253,-0.15358499152012248,0.521721874833602,-0.5706759343370389
-1.335032263604594,0.7806793530639292,-0.7473733339653306,-0.8616042051005253,-0.644851159448279,-0.21182885053283174,-0.6678235209546722,-0.5080377881618193,-0.21554611851091163,0.040127876541784735,-1.4976520160665063,-0.6611749507064677,0.48692186687690564,-1.340753522103993,-0.8843776652551526,-0.1483476382089963,1.2649170424243354,0.22436171050066395,-1.0860989425560208,1.087501694664112,0.05485728908937766,0.7211911905553147,-0.8311050456655713,0.5697030071965596,0.18381776891948093,-0.1467033984228972,-0.32985295664820635,0.673934716595458,0.07401945365423464,-0.12774273602238492,-0.44383396489449156,-0.3604185174196039,0.03807554780045091,-0.4360166488861459,0.3837113648078617,-0.6581540414636164,0.5439233809613844,0.2699080841042606,-0.23455796967578024,0.2694318758773143,-0.03396947066546122,-0.6221780454421675,1.0550906409457521,0.24826318858847077
-0.14363420561871446,0.10252751294664256,0.3239786014430614,0.1702297581713671,-0.34655208031140905,0.299313587467314,0.05552313202266111,-0.1650146342469079,0.19562573692327315,0.22398861829966743,-0.2880443028682387,-0.1382222882119794,0.188107975746676,0.22613099707969925,-0.3049675495073567,-0.4879620405811083,0.22436171050066395,0.205066606262867,-0.4498928791425765,0.2926799565181749,0.39325935513008453,0.2416057498310685,-0.0381067072839939,-0.14913830776196133,0.13885805008970878,-0.030711836779785145,-0.027930737690978136,0.18495848010133345,-0.15119073343138906,0.2288024082401878,-0.3805928571444537,0.3861596623370124,0.053674609079905795,-0.21233641208707205,-0.45569990968018254,0.3595779249036727,0.39340322673245237,0.33637782071661765,0.024385695404270928,0.16977119139265978,0.27615107889456847,-0.2226619334538842,-0.019089808487157477,-0.022512153632918915
0.9433268949385272,0.4120177337965757,-0.7016501102073873,-0.21006942622963132,1.7219716681882313,-0.4318686661582293,-0.07238895257570165,0.10713748187758529,-0.2526935404549483,-1.424270779360238,1.5564771805662625,0.6480408050567057,-0.48294244923713897,0.11225990063402927,0.7685121888166357,1.8357964549312353,-1.0860989425560208,-0.4498928791425765,1.88818810862841,-0.543195668682611,-1.2277885080672435,-1.1869212854988551,0.2766201865701304,-0.4102681111196203,-0.5149040901497677,-1.0768104444318596,0.2198548535727418,-1.6603848953976665,-1.13246520866795,-0.1672696054858735,1.7775437024896121,-1.503333195307852,-1.4607130968714281,0.14090226216735297,1.3441692876317672,-0.9164621911112223,-1.109915541099364,-2.123020197022554,-0.38939372564098385,-0.5852269217580677,-1.423022697744421,0.410727849027473,-0.5421740340690614,-0.508742030380203
-1.1726499620030657,1.8838659762541559,-1.0059636804542493,-0.9879258962520828,0.1011375922302699,-0.0037575516667074397,-0.7910062350517592,-0.9942289480229701,-0.09210267981357197,-0.986459486052568,-1.010325388650088,-0.4724032712354531,0.679265048816788,-1.1510509033518053,-1.13990611064154,0.5808915284325762,1.087501694664112,0.2926799565181749,-0.543195668682611,1.6297205806698314,-0.22446141062219488,0.2797732175616989,-0.9084395823239191,-0.1353554046663566,0.03551269037801774,-1.4878003929624928,-0.3436917075231185,-0.43039801341561634,-1.5634377108109947,0.29695411769661895,0.4184937927191695,-1.1842495084626128,-1.4862423392077015,-1.027753105438389,0.8674247616280485,-1.0229030186982981,0.5491379294897849,-1.1637899312579496,-0.6223513733990633,0.14781279837781452,-0.9889812962738839,-0.9817303077523606,0.8294205895479024,-0.2088054874810426
0.17866367722873502,-0.9960772665477808,1.7196148640602424,1.1789746334792008,-1.4842256964969338,0.8988316734743488,0.8322698158885027,0.23190556212037455,0.6739106403069616,1.5970213238551907,-0.32896629877192446,-0.055614136319234383,0.25709560193132946,1.4136076340532389,-0.19710698865022983,-2.141749072059233,0.05485728908937766,0.39325935513008453,-1.2277885080672435,-0.22446141062219488,1.6559685280324217,0.7290491022191422,0.47853901155670325,-0.3705348225043745,0.4912611643362465,1.2180528364756098,0.02611892920565454,1.2332882757435517,0.9204213695560078,0.5581841166605388,-1.7507975662852258,2.248807913086564,1.4751383620238148,0.0374334127867284,-2.146375401077317,1.9108518086336441,0.9596400118627232,2.1183616628360884,0.6904655501374831,0.4698859706444985,1.7206950312130473,-0.04484067318853096,-0.43826743589773143,0.33409088556006006
-0.6646847603086073,-0.38160618042224237,0.3528316914822406,0.04252741516076061,-1.1264949074682578,0.1438326707685307,-0.0012078775835347839,-0.0038602992177573557,0.09935932257092202,0.979266345025807,-1.0627781450783764,-0.43244689657439744,0.25890465812776026,-0.22177954623306315,-0.42741047523607206,-1.1145236793343254,0.7211911905553147,0.2416057498310685,-1.1869212854988551,0.2797732175616989,0.7290491022191422,0.7955297004109202,-0.22462285420676972,0.4175265581867603,0.329193395436042,0.8547351260141707,-0.136865843804723,1.1837286879666231,0.9618185480160404,-0.029763842721262777,-1.1855186811950953,0.9422910922581926,1.118603727995344,0.008684061404546516,-0.7675770277731706,0.5071061808662356,0.6164103963476097,1.423898401694753,0.25516166219928355,0.35247877053945226,0.9714932479895739,-0.20140369113978357,0.4504653570905052,0.397310311602055
0.9764971236201698,-1.0079639794031205,1.0906940278235444,0.9988493287936918,-0.09922734107693554,0.41871083915363194,0.7338456084389622,0.49417356089576175,0.3226873816861868,0.597753582110965,0.8694062002121539,0.39778215728497573,-0.29623147524177135,1.3395118223899392,0.585209409751198,-0.6782917121240072,-0.8311050456655713,-0.0381067072839939,0.2766201865701304,-0.9084395823239191,0.47853901155670325,-0.22462285420676972,0.7574353607913181,-0.4007830540600648,0.030539545227320643,0.6405372573662654,0.24008769144521547,0.042370499639299536,0.44596666700941306,0.2111915767446784,-0.3180038183222333,1.0445634284631662,0.6148275722248007,0.40275683224629927,-1.0039818126235915,1.0870115918401135,-0.06723918945225757,0.6951529366695652,0.432331742183886,-0.01774336118782623,0.6613022203570632,0.4785768869789206,-0.8651512960147542,-0.029458382129172463
-0.6719503039591492,-0.5762450513585382,-0.6529358647078967,-0.6293371780017757,-0.3831172598137352,-0.679568787129845,-0.45347126642784163,0.25898563917780926,-0.46357212048356194,0.4849109804950871,-0.8955195752501373,-0.4148675490170564,-0.18767615078463848,-1.2084680901306823,0.07807539213971462,0.06586194867463008,0.5697030071965596,-0.14913830776196133,-0.4102681111196203,-0.1353554046663566,-0.3705348225043745,0.4175265581867603,-0.4007830540600648,1.1307323916838117,0.0273373053570431,0.9192980448934035,-0.06683091362585623,0.8992905642748116,1.4290699298601928,-0.7780119510387414,-0.38627928599023525,-0.13621502105905808,1.09502549610748,0.49636302943417643,0.4846484555808876,-0.5827130599513821,-0.253871693113108,0.7540377331154138,0.018154746911903125,0.022562841474785173,0.35855077629587223,0.20851135628553613,0.7626760677058173,0.4105577975422366
-0.12493883983900633,-0.2786895429293996,0.41502983648509734,0.23204990631099742,-0.545994267486943,0.2061043564309653,0.1499273130429588,0.03439250968296624,0.16203905228592475,0.536619725096756,-0.32276414446571616,-0.11943084783102971,0.10857320700652325,0.2222790411654821,-0.14668345127109778,-0.6683601418885151,0.18381776891948093,0.13885805008970878,-0.5149040901497677,0.03551269037801774,0.4912611643362465,0.329193395436042,0.030539545227320643,0.0273373053570431,0.17705023537979792,0.4277289028666767,-0.020790180999330103,0.5093707763736396,0.391232379782747,0.0944215088244716,-0.6231288633744493,0.6545145208537095,0.5442608987308668,0.003420277626196609,-0.5907776208451623,0.490911991169255,0.3287042743444414,0.7284640698518606,0.17899470599069447,0.17410554005630022,0.5660271446078063,-0.06473418255694176,0.024082960527370988,0.15008146699201613
0.29026079240291336,-2.769744291515555,1.5136029922866756,1.0612507790513745,-1.7472231496329613,0.06996083284419789,0.8218961371214848,1.1703939972754114,0.17285316450816918,2.5656570434510124,-0.47135400356454427,-0.12105359205668198,-0.4410146202941505,0.7928364402804,0.7237419335180129,-2.1760017918708114,-0.1467033984228972,-0.030711836779785145,-1.0768104444318596,-1.4878003929624928,1.2180528364756098,0.8547351260141707,0.6405372573662654,0.9192980448934035,0.4277289028666767,3.0508101169209887,0.18934530033788907,2.2953397235880924,3.366516411551968,-0.5206023996852078,-2.200869979861222,2.632660154619072,3.442363859248931,1.2648068360947944,-1.9559121592690745,1.7681562047214416,0.17176941404325474,3.401185679098055,1.0632734338554262,0.31719763749475066,2.545110382961494,0.8669807968910649,-0.1715547289864644,0.8736477500822963
0.382759295299232,-0.3949259377255464,0.30835381889649743,0.2965170408946384,0.10362336990804615,0.07360654828745525,0.18087719803189567,0.17805403260534303,0.08532002014898099,0.14136649514771002,0.3329420104238973,0.12296153315517118,-0.18574194401101093,0.419106778471477,0.2573783305259657,-0.08038422565662047,-0.32985295664820635,-0.027930737690978136,0.2198548535727418,-0.3436917075231185,0.02611892920565454,-0.136865843804723,0.24008769144521547,-0.06683091362585623,-0.020790180999330103,0.18934530033788907,0.1387627288891627,-0.07866135468774664,0.1426423698333254,-0.027982918893441962,-0.01990899681903062,0.2471495821788269,0.1888710766140417,0.19039926821015826,-0.22535217776021374,0.2946564505714789,-0.13924808689512508,0.12216232220170724,0.0673622791205657,-0.0462613967366643,0.1846677246684335,0.20700876830845127,-0.3135808303680784,-0.07381313334009387
-0.5809644758800095,-1.6478457506870794,0.9439352262184509,0.45458886589022934,-1.9292100293626577,0.09826702023380107,0.3532273808384482,0.5621623395561409,0.12190046140686582,2.1377867553139183,-1.2948793443192763,-0.4816108893290175,0.05490976916573778,0.020534619780442884,-0.06746241176041047,-2.0484903777951424,0.673934716595458,0.18495848010133345,-1.6603848953976665,-0.43039801341561634,1.2332882757435517,1.1837286879666231,0.042370499639299536,0.8992905642748116,0.5093707763736396,2.2953397235880924,-0.07866135468774664,2.277669079681932,2.590561388079557,-0.313003485313086,-2.160238100738043,2.0764203984775684,2.725230551193578,0.6241185296391254,-1.5661274156667124,1.2169569812343886,0.6505734513766772,2.970247488980788,0.7611735129014499,0.47979964806600767,2.096584788277401,0.21790597331485834,0.4420901405305363,0.8509708227853658
-0.0056438296742426656,-2.9395100094851982,1.0753751687557616,0.6909199682891117,-1.7928436789150521,-0.3113654045037342,0.5808103894890029,1.2871924557922696,-0.09803513871275474,2.6396471898407934,-0.7956729548572259,-0.2679677083421587,-0.5410810957360507,0.14739823886243214,0.8000898871204555,-1.9627676600254076,0.07401945365423464,-0.15119073343138906,-1.13246520866795,-1.5634377108109947,0.9204213695560078,0.9618185480160404,0.44596666700941306,1.4290699298601928,0.391232379782747,3.366516411551968,0.1426423698333254,2.590561388079557,3.936427879119394,-0.89584478279993085,-2.2049973948460417,2.381868745382371,3.7972438401385147,1.490203664326719,-1.5557883722142345,1.3439433572030535,-0.029863278543880583,3.551912483576965,1.0446533674682992,0.278649441138581,2.5391334413905278,0.9798609449792968,0.19683858699704376,1.0504893904516426
0.23833416112851982,0.4378169178757094,0.6159796245279486,0.49297545764406336,-0.11542837400315446,0.6292036566197908,0.3392785742320087,-0.2618368172145077,0.39727357610390074,-0.08548799071799061,0.27875459878139275,0.14681906516260826,0.2961555642984816,0.8396770532737402,-0.29124749224439767,-0.4698182370022819,-0.12774273602238492,0.2288024082401878,-0.1672696054858735,0.29695411769661895,0.5581841166605388,-0.029763842721262777,0.2111915767446784,-0.7780119510387414,0.0944215088244716,-0.5206023996852078,-0.027982918893441962,-0.313003485313086,-0.89584478279993085,0.6642015367348727,-0.08834988645387325,0.39902101941210794,-0.5717308590478479,-0.45783739064106543,-0.6522468054265099,0.6064779314268115,0.492267113360875,-0.11065924294367682,0.06754190047737241,0.12982211396332424,-0.00120213382591368,-0.29594164452500316,-0.4229549521611844,-0.1973536627339719
0.2174478300613352,1.7262486466806026,-1.680541592829589,-1.0255838706392708,2.079226716612468,-0.6116229615189562,-0.694586358630733,-0.4961094030395457,-0.506643434968183,-2.3463718910466436,1.0316799235081886,0.3751548849871791,-0.13409872916349713,-0.9102372988191428,0.15015009374906121,2.5886362238333582,-0.44383396489449156,-0.3805928571444537,1.7775437024896121,0.4184937927191695,-1.7507975662852258,-1.1855186811950953,-0.3180038183222333,-0.38627928599023525,-0.6231288633744493,-2.200869979861222,-0.01990899681903062,-2.160238100738043,-2.2049973948460417,-0.08834988645387325,2.44726719387357,-2.6983371477904137,-2.6570058455154406,-0.44813254263074886,2.3109789718133458,-1.9652694745247759,-0.9638782970745413,-3.1755780144822676,-0.8499090600149038,-0.5888863438059587,-2.422427363115452,-0.1276426840840116,0.027381818360114947,-0.6836601270737168
0.7397195807043826,-2.5368024637894777,2.768945783949256,2.0180201136404294,-2.1302575337147673,1.102495343519993,1.4114189702499131,0.8844900904286426,0.8728718799774658,2.8219936658959828,-0.1543059313591073,0.022432051097783748,-0.09294606541006036,2.29145524852589,0.3373763708952729,-3.233247501396412,-0.3604185174196039,0.3861596623370124,-1.503333195307852,-1.1842495084626128,2.248807913086564,0.9422910922581926,1.0445634284631662,-0.13621502105905808,0.6545145208537095,2.632660154619072,0.2471495821788269,2.0764203984775684,2.381868745382371,0.39902101941210794,-2.6983371477904137,3.6715664194018753,3.0500087604217594,0.7227945935651262,-3.305416706167688,3.041767204295421,0.9665495455724563,3.7100488508383633,1.2268812389883756,0.5817506735566341,2.979541574440543,0.5086363161702608,-0.9122012997459268,0.5884702431534715
0.14485242369802653,-3.0545003573237866,1.7237537186553529,1.1503339088077282,-2.133832189979774,0.12816746880273294,0.851482713801799,1.2255439455468828,0.22659858112582776,2.9837909931782907,-0.7972754350932086,-0.267151406022579,-0.41644651516377407,0.806601550951192,0.6421971438284468,-2.607141451438447,0.03807554780045091,0.053674609079905795,-1.4607130968714281,-1.4862423392077015,1.4751383620238148,1.118603727995344,0.6148275722248007,1.09502549610748,0.5442608987308668,3.442363859248931,0.1888710766140417,2.725230551193578,3.7972438401385147,-0.5717308590478479,-2.6570058455154406,3.0500087604217594,3.944347712441309,1.3416034601613291,-2.294373565478898,2.0313016610210615,0.34724075242158925,3.9829954910174203,1.1637457644016456,0.43589582826744755,2.976121715998345,0.859587819069381,-0.08470491100453904,0.9948892204938606
0.4584164128485497,-1.3792431277597974,0.41270154449467733,0.39133502146280674,-0.2408138448541782,-0.22534401307667046,0.3204942540779012,0.6953868515302715,-0.0912324944588947,0.8182712054859451,0.25795295794517786,0.11864447235352583,-0.4751548445156499,0.2863069577159104,0.7049551962300448,-0.3817587748962887,-0.4360166488861459,-0.21233641208707205,0.14090226216735297,-1.027753105438389,0.0374334127867284,0.008684061404546516,0.40275683224629927,0.49636302943417643,0.003420277626196609,1.2648068360947944,0.19039926821015826,0.6241185296391254,1.490203664326719,-0.45783739064106543,-0.44813254263074886,0.7227945935651262,1.3416034601613291,0.8069813596305447,-0.401674346176208,0.4542185864957681,-0.39853073181911636,1.0367113839965636,0.3898767511225111,-0.06571550266568184,0.7841579864698406,0.6623501250476121,-0.230513050252742,0.277292063054866
-0.7847496772407334,1.9704127720624782,-2.6788329248886154,-1.9817701779360644,1.8236019815545568,-1.2647422871522094,-1.3502007716741238,-0.6205521714755821,-0.9396658744202401,-2.3465063853145818,-0.01676015787240852,-0.07151992510533899,-0.03411657091306903,-2.388849425589092,-0.15099868472914052,2.9711313405131783,0.3837113648078617,-0.45569990968018254,1.3441692876317672,0.8674247616280485,-2.146375401077317,-0.7675770277731706,-1.0039818126235915,0.4846484555808876,-0.5907776208451623,-1.9559121592690745,-0.22535217776021374,-1.5661274156667124,-1.5557883722142345,-0.6522468054265099,2.3109789718133458,-3.305416706167688,-2.294373565478898,-0.401674346176208,3.1391038721784974,-2.8925425231365183,-1.051484783669044,-3.0981178501138333,-1.0479740133764865,-0.557022347471478,-2.530264563575681,-0.29982144842553843,1.0285052112952557,-0.3534385469738965
1.0303271412839965,-1.9430454144271432,2.5813934736068984,1.9750896070507196,-1.4567910911986646,1.17794984053355,1.3603582854797307,0.6642852861228229,0.9117261712852452,2.0791015712993333,0.38178648815941013,0.22551725792889132,-0.09018776648209842,2.477756711199055,0.34431939070083756,-2.597964726307605,-0.6581540414636164,0.3595779249036727,-0.9164621911112223,-1.0229030186982981,1.9108518086336441,0.5071061808662356,1.0870115918401135,-0.5827130599513821,0.490911991169255,1.7681562047214416,0.2946564505714789,1.2169569812343886,1.3439433572030535,0.6064779314268115,-1.9652694745247759,3.041767204295421,2.0313016610210615,0.4542185864957681,-2.8925425231365183,2.7571969267855088,0.7974882825135341,2.6622255025926314,0.9707811958638969,0.42725762991432614,2.278212798990882,0.4073315083699736,-1.1762888525575048,0.24310914456951846
-0.4052889332718644,0.13378447002993585,0.6920939271912079,0.35808319456378207,-0.955770236895062,0.6031562747370883,0.19436042955490734,-0.26764142112105704,0.3699872536860134,0.644266208277821,-0.7015679578005378,-0.28304652747249875,0.4575138838930646,0.3926391044061371,-0.6349661645681962,-1.2090609875942486,0.5439233809613844,0.39340322673245237,-1.109915541099364,0.5491379294897849,0.9596400118627232,0.6164103963476097,-0.06723918945225757,-0.253871693113108,0.3287042743444414,0.17176941404325474,-0.13924808689512508,0.6505734513766772,-0.029863278543880583,0.492267113360875,-0.9638782970745413,0.9665495455724563,0.34724075242158925,-0.39853073181911636,-1.051484783669044,0.7974882825135341,0.9004811960924505,0.980759016704711,0.20212985657362603,0.39099266310701064,0.699896482173339,-0.4438195748008661,0.06481596621882355,0.12536772775861596
0.055208488394923816,-2.927595731613851,2.322450455436549,1.5479726247750891,-2.668111281524148,0.6712882816878502,1.0735576920728123,1.038557061887346,0.5232355850960818,3.3289399963904858,-1.0677307846578756,-0.39074825075152647,-0.12076586150230832,1.3027474785803261,0.24548612088165475,-3.4448492751054167,0.2699080841042606,0.33637782071661765,-2.123020197022554,-1.1637899312579496,2.1183616628360884,1.423898401694753,0.6951529366695652,0.7540377331154138,0.7284640698518606,3.401185679098055,0.12216232220170724,2.970247488980788,3.551912483576965,-0.11065924294367682,-3.1755780144822676,3.7100488508383633,3.9829954910174203,1.0367113839965636,-3.0981178501138333,2.6622255025926314,0.980759016704711,4.566065302211039,1.3132660501722135,0.6913056051308027,3.3585059219932623,0.5790308526602113,-0.24180275244683122,0.9742809079713586
0.32546651895422024,-1.0111416433883595,0.8828937739533658,0.6856020518920315,-0.7005808345161377,0.26886979107017045,0.5479431585610363,0.44558051214679634,0.2101443876801877,0.9874995354353987,0.08263144400594542,0.09410444870802004,-0.0968979088695258,0.7309609824261334,0.2856779122857711,-1.0376216161954714,-0.23455796967578024,0.024385695404270928,-0.38939372564098385,-0.6223513733990633,0.6904655501374831,0.25516166219928355,0.432331742183886,0.018154746911903125,0.17899470599069447,1.0632734338554262,0.0673622791205657,0.7611735129014499,1.0446533674682992,0.06754190047737241,-0.8499090600149038,1.2268812389883756,1.1637457644016456,0.3898767511225111,-1.0479740133764865,0.9707811958638969,0.20212985657362603,1.3132660501722135,0.5195295728507716,0.14399130154894163,0.9916988844576147,0.31188931630267663,-0.3142926291400172,0.2926625158635066
-0.20142325227654398,-0.15507209162167787,0.36276092867507587,0.18637728278393512,-0.5488509792380474,0.231444226137006,0.09768266981662824,-0.034611122427579945,0.149081434143,0.4752244158809685,-0.40302349157136735,-0.16746799794112827,0.15464758250869212,0.15013428982948648,-0.23421297750108522,-0.6639385701359412,0.2694318758773143,0.16977119139265978,-0.5852269217580677,0.14781279837781452,0.4698859706444985,0.35247877053945226,-0.01774336118782623,0.022562841474785173,0.17410554005630022,0.31719763749475066,-0.0462613967366643,0.47979964806600767,0.278649441138581,0.12982211396332424,-0.5888863438059587,0.5817506735566341,0.43589582826744755,-0.06571550266568184,-0.557022347471478,0.42725762991432614,0.39099266310701064,0.6913056051308027,0.14399130154894163,0.19795769622598705,0.49501045053401826,-0.13056463273606167,0.06173229841804393,0.12291656258650549
0.30443318432648736,-2.3180130868135107,2.015194663421276,1.3854903839158235,-1.927472366288422,0.6278261059796302,0.9524513965928182,0.8125105600562542,0.5521014542873137,2.537194045920757,-0.5364470205185151,-0.17189877213806096,-0.1466795706044139,1.3879920394003826,0.2821353569679102,-2.6374974141526253,-0.03396947066546122,0.27615107889456847,-1.423022697744421,-0.9889812962738839,1.7206950312130473,0.9714932479895739,0.6613022203570632,0.35855077629587223,0.5660271446078063,2.545110382961494,0.1846677246684335,2.096584788277401,2.5391334413905278,-0.00120213382591368,-2.422427363115452,2.979541574440543,2.976121715998345,0.7841579864698406,-2.530264563575681,2.278212798990882,0.699896482173339,3.3585059219932623,0.9916988844576147,0.49501045053401826,2.636359347452008,0.4789073601861847,-0.41599162398567263,0.6475793083807843
0.6491929466462392,-1.1071446077027227,0.4097706703073488,0.44776296485937367,0.04795642881223619,-0.13019444007189687,0.36725176108996505,0.6037008520024514,-0.040337501961839946,0.49586263117981344,0.5736199980371013,0.2584259037980828,-0.4567798242063534,0.4826519713426637,0.7188343231035911,-0.15358499152012248,-0.6221780454421675,-0.2226619334538842,0.410727849027473,-0.9817303077523606,-0.04484067318853096,-0.20140369113978357,0.4785768869789206,0.20851135628553613,-0.06473418255694176,0.8669807968910649,0.20700876830845127,0.21790597331485834,0.9798609449792968,-0.29594164452500316,-0.1276426840840116,0.5086363161702608,0.859587819069381,0.6623501250476121,-0.29982144842553843,0.4073315083699736,-0.4438195748008661,0.5790308526602113,0.31188931630267663,-0.13056463273606167,0.4789073601861847,0.6220537620475097,-0.4089397203010302,0.12236306331374877
-1.2514272848621202,0.7618286460108343,-1.2324241329126608,-1.1637264445365803,-0.21463667891519922,-0.6189163043287788,-0.7985903498269403,-0.36437957617478467,-0.4596076832025341,-0.2883888183696831,-1.216726281227729,-0.5136596115007032,0.29244432441736273,-1.7158134753732994,-0.5695525575181599,0.521721874833602,1.0550906409457521,-0.019089808487157477,-0.5421740340690614,0.8294205895479024,-0.43826743589773143,0.4504653570905052,-0.8651512960147542,0.7626760677058173,0.024082960527370988,-0.1715547289864644,-0.3135808303680784,0.4420901405305363,0.19683858699704376,-0.4229549521611844,0.027381818360114947,-0.9122012997459268,-0.08470491100453904,-0.230513050252742,1.0285052112952557,-1.1762888525575048,0.06481596621882355,-0.24180275244683122,-0.3142926291400172,0.06173229841804393,-0.41599162398567263,-0.4089397203010302,1.165806522119421,0.28228715458076564
-0.27747722813719766,-0.5643818848374825,0.13953617338981758,0.018934851013746784,-0.6534801318214254,-0.11856332071703811,0.08785755801216973,0.2495735352700825,-0.05784162199006175,0.7027449605941446,-0.45575289062407864,-0.13651505204761696,0.010428090772798746,-0.20268487340881172,0.04096304907363312,-0.5706759343370389,0.24826318858847077,-0.022512153632918915,-0.508742030380203,-0.2088054874810426,0.33409088556006006,0.397310311602055,-0.029458382129172463,0.4105577975422366,0.15008146699201613,0.8736477500822963,-0.07381313334009387,0.8509708227853658,1.0504893904516426,-0.1973536627339719,-0.6836601270737168,0.5884702431534715,0.9948892204938606,0.277292063054866,-0.3534385469738965,0.24310914456951846,0.12536772775861596,0.9742809079713586,0.2926625158635066,0.12291656258650549,0.6475793083807843,0.12236306331374877,0.28228715458076564,0.3941805570810974
