V1,V2,V3,V4,V5,V6,V7,V8,V9,V10,V11,V12,V13,V14,V15,V16,V17,V18,V19,V20,V21,V22,V23,V24,V25,V26,V27,V28,V29,V30,V31,V32,V33,V34,V35,V36,V37,V38,V39,V40,V41,V42,V43,V44
1.577425095905505,-1.9647093909640538,0.4032153401920483,0.06563250907578816,-1.740349257260281,0.8354910962378231,-2.1639228849738013,-1.0871358572878302,-1.665337325148352,-4.363187205844283,-2.4254685789780255,-1.557043544816592,-1.9828198549172322,-3.1378004745973618,-2.3681786558906865,-2.9020783494975886,2.5404485872171887,-3.7302343773929243,2.788656525465186,-2.3054374494659697,3.4755124558620833,0.617606798783561,-2.0038772724468727,-1.2497322923983765,-0.9508670969826304,0.4878343582839322,0.004494509665349024,-1.210289562876508,2.925748268804945,-1.2913653508384988,0.5134916535599549,2.2659713661467036,-0.5311857639951131,2.149622603421382,-2.040556559810225,1.733175264561026,-1.5946347200508468,-1.2488022340303262,-3.5652664730880783,-3.261318759952839,2.2586888163595935,4.277597822432958,0.014032526163700383,1.01252139894158
-1.9647093909640538,2.824042414187076,-0.6897341459032433,0.22674940944709146,2.832389019342102,-2.0497009529464485,2.893218095670211,1.775445820191715,2.5898126889197766,6.247739210699236,3.45339436460611,2.0894598367310455,3.1916140258042853,4.584314527737534,3.1142770354818956,4.121768033219606,-2.937038123677034,5.1539283506259315,-4.184020524021523,3.991963436986983,-5.064545391657014,-0.863175122223716,2.3906277103761893,1.496075197382786,0.943876639733244,-0.4689967868774339,-0.10549670983031954,1.6383632491566371,-3.7971181425815663,1.7984290942800794,-1.1529432839987332,-2.969655763669452,0.9938467204687135,-3.478496513743443,2.174960603504414,-1.993310475351709,1.4752447625389495,1.725623765110154,4.962066375237934,4.772405633708288,-3.2709893231463743,-5.6549786657248395,0.14269198408891423,-1.2724912062779388
0.4032153401920483,-0.6897341459032433,0.5563828174057321,-0.11627370832503453,-0.9420036593356892,1.3703651212049321,-0.49525445694785153,-0.6579286047484352,-0.8460798275636083,-1.605215265171001,-0.726184328028664,-0.2556353208164897,-0.9184776199001982,-0.965354030357455,-0.4794103164178412,-0.8681981497394872,-0.10682469755202985,-0.9171246255040162,0.960814151520999,-1.5703258178364317,1.396924721648532,0.24510415862188908,0.11295416002506295,-0.12144845761688917,0.18364107435883875,0.15286113101187487,0.1662067796414274,-0.16092712066655432,0.7120976713778626,-0.433746482239113,0.7296392547588642,0.35785621228362263,-0.4082784700771313,1.1711559737081125,0.24533256989149121,0.06719947095176684,0.28076566800603403,-0.25530974998091643,-0.7846716119774618,-1.0961733655956691,0.6864149454558491,0.6108048215387125,-0.030221990409790664,-0.10120003170276919
0.06563250907578816,0.22674940944709146,-0.11627370832503453,0.2610588378952029,0.4708350340000094,-0.7609221797010729,0.0826160661421064,0.2947629267425522,0.34928281016572404,0.48417686095477813,0.2623151434621093,0.07318101401078939,0.5088675541694667,0.4406563347444927,0.0471126596448816,0.30148328247142886,0.2600891245088863,0.2793715892014078,-0.47885451496047365,0.8040699125322022,-0.4520761407731346,-0.04683893632748229,-0.1385392992758675,-0.0899153035164209,-0.22253998578197273,0.14063815066801053,-0.07621136302807359,0.06770696235858768,-0.010922085224331524,0.0982407055616338,-0.38077741850348273,-0.04243330460868436,0.24609266207343172,-0.5589141105565163,-0.35245073695733126,0.1959416229972635,-0.4659523312175037,0.09674658385896234,0.30121721237434684,0.4549694518679488,-0.289430237057141,-0.12788140452254515,0.13304031567610564,0.011854274306217546
-1.740349257260281,2.832389019342102,-0.9420036593356892,0.4708350340000094,3.1893194917290337,-3.0225633198627033,2.666226444952016,2.0354189175086335,2.8360526845829575,6.297743879588549,3.3917892722677143,1.8884824566421383,3.4970724642444635,4.592445000845415,2.8045169178701688,4.036952714055113,-2.0915749979813363,4.883337128780356,-4.3008317309165935,4.731959509494658,-5.202045613132536,-0.8630802333039406,1.7597464996987777,1.1996275692544192,0.47653762741151595,-0.3344623085894042,-0.2380405668469308,1.465899904263237,-3.4457388319967195,1.75680276355457,-1.6324995273106324,-2.621068181971171,1.2281355803056915,-3.8998111326625104,1.3357669768015499,-1.474602759271762,0.6406170244327307,1.6115117501670269,4.677838745939811,4.817497891259284,-3.2495636522038382,-4.999163506226732,0.24387743572978904,-0.9689297673560038
0.8354910962378231,-2.0497009529464485,1.3703651212049321,-0.7609221797010729,-3.0225633198627033,4.36316166570788,-1.386642052903973,-2.027869627270248,-2.5709815413974835,-4.649404218695546,-2.245174149069655,-0.8354673880083519,-3.097037691604015,-3.1690691066940553,-1.3054049411036401,-2.6586346061219372,-0.4485603458298145,-2.8090219444734377,3.202878132477624,-5.011912449776503,4.071006541079776,0.651682654853641,0.26746418835312946,-0.19307687539977514,0.7098467144559129,0.059870075965967724,0.4840795507587658,-0.6003427361931414,1.748328064558914,-1.2013778027150697,2.2739977182041926,1.0507421388431648,-1.3747040127603531,3.703818808438114,0.9683105720839124,-0.07038518966647708,1.3362127747291772,-0.8479181053783245,-2.5834798143843236,-3.470869843643049,2.214062480597893,1.95804127515769,-0.3396622903456066,-0.095987082493823
-2.1639228849738013,2.893218095670211,-0.49525445694785153,0.0826160661421064,2.666226444952016,-1.386642052903973,3.145991229714243,1.6397527904355946,2.4876809038361203,6.38040215359964,3.603293130686282,2.310633819991914,3.0723751747962766,4.741386116624475,3.4315471397206285,4.306958161243716,-3.646334980989419,5.513559573233837,-4.248704024517393,3.5673780628101275,-5.095836847126995,-0.8781277414391454,2.944894964099074,1.7602342895424952,1.3132595340893658,-0.5528753345361997,-0.0065457461894807755,1.8212830962286388,-4.148288387573264,1.868332276171972,-0.8261365552192205,-3.317535183577937,0.8554240629088958,-3.2730133315440453,2.863365450626128,-2.4198695942165815,2.111331800982071,1.869387580296568,5.334039631442685,4.888191866226402,-3.390506064694977,-6.327879721704454,0.0828531056362184,-1.5518839231305488
-1.0871358572878302,1.775445820191715,-0.6579286047484352,0.2947629267425522,2.0354189175086335,-2.027869627270248,1.6397527904355946,1.3137711476896041,1.8124035342891656,3.964451113011079,2.1025446814693587,1.1421132911700786,2.209399020338531,2.851160943043743,1.7175457570180626,2.5068580672902545,-1.1819082814806243,3.0067067043166404,-2.683601480173595,3.054797915775266,-3.2886741667585957,-0.5500737257961481,0.9944320847322968,0.7190013697651023,0.23751424867430243,-0.222480014601973,-0.17111075173324033,0.8791751355147069,-2.1333889916948703,1.1022955309494928,-1.0922348470408527,-1.584708786834598,0.7937537695848303,-2.492112274669131,0.7230524162112324,-0.8661204250418209,0.30839170889976336,0.9834227245794575,2.860544613855582,3.0043559818240184,-2.017519664366888,-3.00898557411026,0.1474584075643582,-0.5373371671429776
-1.665337325148352,2.5898126889197766,-0.8460798275636083,0.34928281016572404,2.8360526845829575,-2.5709815413974835,2.4876809038361203,1.8124035342891656,2.5489816050847853,5.766838640500552,3.104056414186511,1.7545410427952275,3.1116738347856456,4.174199419767787,2.6323209807630676,3.701744161137356,-2.0697845123249756,4.506817018989832,-3.883666449015274,4.171390548613936,-4.745705537628388,-0.7978464502414017,1.7118898082934115,1.1659194383630036,0.5313993794150286,-0.3653870192227266,-0.19456724029362213,1.358456014892914,-3.2491449737864966,1.6237803297341338,-1.4034024453543932,-2.459179917984986,1.068157053444779,-3.475687078657681,1.3888685244072576,-1.4650299695049556,0.776662604195533,1.4868912815331339,4.304178256465809,4.379495814649874,-2.961296818020365,-4.673566277215361,0.1821397391753558,-0.9171752558813437
-4.363187205844283,6.247739210699236,-1.605215265171001,0.48417686095477813,6.297743879588549,-4.649404218695546,6.38040215359964,3.964451113011079,5.766838640500552,13.852796135864512,7.617790135205237,4.582596923450591,7.057968446870021,10.110784133392178,6.8595398855159475,9.094888602612695,-6.378941653724615,11.350203920287731,-9.233958127718767,8.904650627588286,-11.240078353447354,-1.9197967458142684,5.18106564004211,3.2919370037787767,2.0358568160561092,-1.0693463572611095,-0.2542908158365301,3.57772185937604,-8.400371029164873,3.982509922317712,-2.612970680691656,-6.517117481290239,2.2138800987885343,-7.734372986958125,4.716245394661886,-4.365330573773592,3.199885977340184,3.7901368743297432,10.897998170887632,10.537168444996484,-7.211318193969263,-12.390398311629292,0.29462523810269853,-2.736839072716354
-2.4254685789780255,3.45339436460611,-0.726184328028664,0.2623151434621093,3.3917892722677143,-2.245174149069655,3.603293130686282,2.1025446814693587,3.104056414186511,7.617790135205237,4.263598237753651,2.633945870324195,3.8594182705626814,5.654365617391276,3.8919005476578126,5.082761282853634,-3.8396765789318374,6.406304631442599,-5.134863920026054,4.703487500467596,-6.145512449550028,-1.0418510434334383,3.1308656395138055,1.9033020689707598,1.2773865665418878,-0.5631016018959235,-0.08793394093093812,2.0744366076501053,-4.710063563460553,2.1990433858094036,-1.2743987211402041,-3.7431645781430696,1.16518021216919,-4.157853814186377,2.8916326474653005,-2.5592829315360164,1.9975625574466158,2.1596504782096573,6.19669858959068,5.859357290915738,-4.032668796762994,-7.149605182431562,0.1739249611664362,-1.681271836040673
-1.557043544816592,2.0894598367310455,-0.2556353208164897,0.07318101401078939,1.8884824566421383,-0.8354673880083519,2.310633819991914,1.1421132911700786,1.7545410427952275,4.582596923450591,2.633945870324195,1.7303319144619018,2.2157249848993334,3.476736818676241,2.5289323807915025,3.1430088676627848,-2.8017831796232544,4.061549864778531,-3.1057904009336705,2.469897696426348,-3.638280804697276,-0.6211227357201473,2.282442726950302,1.313275063496173,1.027503871073407,-0.36700619487394126,0.023640217448599447,1.3755519643148395,-3.0172751906517257,1.342379756885743,-0.50371919595222,-2.4734405753083486,0.5934394133125744,-2.3088924730696974,2.2224659822328974,-1.8188038542407041,1.628631714918003,1.3902781615132394,3.961443998739272,3.559725181931381,-2.483570811003364,-4.743772114510184,0.07595510604285156,-1.2249733353957548
-1.9828198549172322,3.1916140258042853,-0.9184776199001982,0.5088675541694667,3.4970724642444635,-3.097037691604015,3.0723751747962766,2.209399020338531,3.1116738347856456,7.057968446870021,3.8594182705626814,2.2157249848993334,3.8976560420173216,5.222013153869058,3.255432912913935,4.59554275961922,-2.6535509901921266,5.620605554494206,-4.863994529487378,5.1179052032997605,-5.798215534173167,-0.9629897075889671,2.2335366922792157,1.4304996525082976,0.6844995639386214,-0.35876197156318435,-0.21764042782765827,1.740998169893197,-3.9480479413562617,1.9830653181783646,-1.6796059953624831,-3.082184612095254,1.3262227915489662,-4.277788517416906,1.7779775773880218,-1.8129220382142346,0.9458978221774372,1.874253700753779,5.426097681768646,5.450931228164743,-3.703825287455551,-5.902746498322966,0.28393912333126214,-1.243268505944224
-3.1378004745973618,4.584314527737534,-0.965354030357455,0.4406563347444927,4.592445000845415,-3.1690691066940553,4.741386116624475,2.851160943043743,4.174199419767787,10.110784133392178,5.654365617391276,3.476736818676241,5.222013153869058,7.560975654012967,5.109723980583327,6.74629648633063,-4.9445851600639505,8.478485529933053,-6.895037617921022,6.4081051358002785,-8.171877855826235,-1.3766637501017625,4.075868128417253,2.466777736811623,1.6037236606459702,-0.6684502562299056,-0.13242452974293495,2.742781909592703,-6.152745436790076,2.900483207588872,-1.7813337778588794,-4.9140255889830184,1.6063931433691185,-5.617419328831559,3.6872439960194217,-3.2879410952051633,2.451577614713974,2.8662305812595945,8.21800780585481,7.813588960753959,-5.377769434745565,-9.413436472509364,0.27924557011981754,-2.2083504209090656
-2.3681786558906865,3.1142770354818956,-0.4794103164178412,0.0471126596448816,2.8045169178701688,-1.3054049411036401,3.4315471397206285,1.7175457570180626,2.6323209807630676,6.8595398855159475,3.8919005476578126,2.5289323807915025,3.255432912913935,5.109723980583327,3.759812739493956,4.657946876376646,-4.089995869894605,5.995493762461116,-4.560682609907675,3.6999194145236003,-5.461818984830071,-0.9449520307694319,3.2989492434077876,1.9538823379783203,1.5053121105281289,-0.6150309243605869,0.018881373917149627,2.001318462743423,-4.529917737926212,2.0206268995808268,-0.797619500261453,-3.6416611461031727,0.8774189638861656,-3.4452932961666023,3.246631594366685,-2.703936315763244,2.4292648495937375,2.037199748954965,5.803522999010957,5.258587586301714,-3.65742919159971,-6.947925791344385,0.07413788778852978,-1.7337287157124335
-2.9020783494975886,4.121768033219606,-0.8681981497394872,0.30148328247142886,4.036952714055113,-2.6586346061219372,4.306958161243716,2.5068580672902545,3.701744161137356,9.094888602612695,5.082761282853634,3.1430088676627848,4.59554275961922,6.74629648633063,4.657946876376646,6.070887346364405,-4.595820253850072,7.650302069216499,-6.124564181891628,5.599049333413864,-7.337532966953425,-1.248117861353216,3.747776979349381,2.280766688761655,1.5360293182754934,-0.6762268509398138,-0.0998489478673875,2.4777561911918045,-5.633077384848889,2.6310151233696013,-1.5167598412778303,-4.474150788450045,1.3843603416041828,-4.95338647448399,3.4674387944260974,-3.0715334024952545,2.4041155401480494,2.5807686205339597,7.396623467331814,6.98792306646503,-4.812080455123017,-8.5428117739515,0.20445939271568075,-2.0039103831304237
2.5404485872171887,-2.937038123677034,-0.10682469755202985,0.2600891245088863,-2.0915749979813363,-0.4485603458298145,-3.646334980989419,-1.1819082814806243,-2.0697845123249756,-6.378941653724615,-3.8396765789318374,-2.8017831796232544,-2.6535509901921266,-4.9445851600639505,-4.089995869894605,-4.595820253850072,5.388330329016982,-6.215608214292221,4.23856425815707,-2.2681470427343586,4.8967505511396,0.8664856832609653,-4.315573404804371,-2.3471143955529308,-2.2307470688686437,0.6988329546480478,-0.2617740433046872,-2.2525502257568943,4.822785566858033,-1.953878680016216,-0.09736552410329956,4.090936551417532,-0.458185707554281,2.5711889342921657,-4.552124580961189,3.4228439538578654,-3.666258142641682,-2.1727212640272064,-6.116341312721869,-4.981481004235486,3.5690625027391465,7.847715538548068,0.03745392825677507,2.2762924770261606
-3.7302343773929243,5.1539283506259315,-0.9171246255040162,0.2793715892014078,4.883337128780356,-2.8090219444734377,5.513559573233837,3.0067067043166404,4.506817018989832,11.350203920287731,6.406304631442599,4.061549864778531,5.620605554494206,8.478485529933053,5.995493762461116,7.650302069216499,-6.215608214292221,9.744179188242848,-7.646210310377348,6.6224085257248415,-9.098931260523019,-1.5534187722799566,5.060977365900391,3.014974980990155,2.172932989527153,-0.8873736035196457,-0.053293390154125736,3.2122064859148622,-7.217720033425138,3.301669381461218,-1.630195399775399,-5.795875179797153,1.6182637940632079,-5.985200908274041,4.805937347099019,-4.110308536896278,3.4296048038185134,3.3029856480148836,9.445382378558156,8.745120176914034,-6.053188887046179,-11.080991526680716,0.21760261762081864,-2.7027050660957186
2.788656525465186,-4.184020524021523,0.960814151520999,-0.47885451496047365,-4.3008317309165935,3.202878132477624,-4.248704024517393,-2.683601480173595,-3.883666449015274,-9.233958127718767,-5.134863920026054,-3.1057904009336705,-4.863994529487378,-6.895037617921022,-4.560682609907675,-6.124564181891628,4.23856425815707,-7.646210310377348,6.32630918850785,-6.079346234238103,7.494577833492355,1.2566765516490535,-3.5172856103035937,-2.153430294985656,-1.3147154213018193,0.5662208920434247,0.16490068380539968,-2.4490280737179586,5.494583790898014,-2.6322721123600634,1.7766054527506034,4.369132838931322,-1.540855069178802,5.256512572694995,-3.094764777367795,2.8328577260909342,-1.9666382389343424,-2.57589582668957,-7.404835317865599,-7.139667179379774,4.896979294532599,8.372959408555067,-0.2888025719502563,1.9182170187247487
-2.3054374494659697,3.991963436986983,-1.5703258178364317,0.8040699125322022,4.731959509494658,-5.011912449776503,3.5673780628101275,3.054797915775266,4.171390548613936,8.904650627588286,4.703487500467596,2.469897696426348,5.1179052032997605,6.4081051358002785,3.6999194145236003,5.599049333413864,-2.2681470427343586,6.6224085257248415,-6.079346234238103,7.219054679816171,-7.439251710680698,-1.2294224772465918,1.938179331738471,1.4506438496575744,0.30413906345072467,-0.40949037204386907,-0.43959576290822133,1.9020846220478846,-4.598106449708875,2.4579592153293444,-2.6864613471685987,-3.3989161456333354,1.8967978136247317,-5.799757458715829,1.2013686534103634,-1.6888491636857925,0.28401935985766036,2.160573347899797,6.308932376838919,6.7783299769391085,-4.531067113353786,-6.46222112093483,0.402459084457632,-1.0827675601892954
3.4755124558620833,-5.064545391657014,1.396924721648532,-0.4520761407731346,-5.202045613132536,4.071006541079776,-5.095836847126995,-3.2886741667585957,-4.745705537628388,-11.240078353447354,-6.145512449550028,-3.638280804697276,-5.798215534173167,-8.171877855826235,-5.461818984830071,-7.337532966953425,4.8967505511396,-9.098931260523019,7.494577833492355,-7.439251710680698,9.157303565447604,1.5596961597623828,-3.982125657523793,-2.5730992257576197,-1.5015588346737239,0.8404143118934487,0.24809709270412403,-2.837834001707061,6.7039498434712455,-3.2213242169336476,2.2742110719232755,5.164333106067736,-1.8615087254548408,6.392864688258429,-3.548028184135199,3.378388512222356,-2.3429273438159983,-3.0282157820082323,-8.719089537018846,-8.538658278838763,5.825914106479571,9.812680468265373,-0.263940937938816,2.106112389280312
0.617606798783561,-0.863175122223716,0.24510415862188908,-0.04683893632748229,-0.8630802333039406,0.651682654853641,-0.8781277414391454,-0.5500737257961481,-0.7978464502414017,-1.9197967458142684,-1.0418510434334383,-0.6211227357201473,-0.9629897075889671,-1.3766637501017625,-0.9449520307694319,-1.248117861353216,0.8664856832609653,-1.5534187722799566,1.2566765516490535,-1.2294224772465918,1.5596961597623828,0.27225335341280615,-0.6953865761349318,-0.45453154197305123,-0.27850797659352244,0.16616569499901163,0.03813128904197533,-0.4823542110500808,1.1701797883085556,-0.5553248244116078,0.36838375662205447,0.8902950271528395,-0.30298427815490264,1.0660152038150212,-0.6426696597004373,0.6081359271217202,-0.4482279355994784,-0.5155264425626573,-1.4829510549126768,-1.4421761774327349,0.9865715609403631,1.6823470934319484,-0.030785066966670115,0.3573945815893169
-2.0038772724468727,2.3906277103761893,0.11295416002506295,-0.1385392992758675,1.7597464996987777,0.26746418835312946,2.944894964099074,0.9944320847322968,1.7118898082934115,5.18106564004211,3.1308656395138055,2.282442726950302,2.2335366922792157,4.075868128417253,3.2989492434077876,3.747776979349381,-4.315573404804371,5.060977365900391,-3.5172856103035937,1.938179331738471,-3.982125657523793,-0.6953865761349318,3.4932686380663385,1.8756665528083472,1.7689458335875192,-0.5027238892359173,0.20585691398519732,1.8430103344827637,-3.853785102124683,1.5734253661945938,0.03939908787727153,-3.3088644946048253,0.41096781088984613,-2.1494662149960027,3.631908402576742,-2.719576581846224,2.8611701265462663,1.7758486573086159,5.0008367347827765,4.088703118760957,-2.92921469446338,-6.374008161447262,0.009416295438528208,-1.8643154188340931
-1.2497322923983765,1.496075197382786,-0.12144845761688917,-0.0899153035164209,1.1996275692544192,-0.19307687539977514,1.7602342895424952,0.7190013697651023,1.1659194383630036,3.2919370037787767,1.9033020689707598,1.313275063496173,1.4304996525082976,2.466777736811623,1.9538823379783203,2.280766688761655,-2.3471143955529308,3.014974980990155,-2.153430294985656,1.4506438496575744,-2.5730992257576197,-0.45453154197305123,1.8756665528083472,1.0848955451441904,0.9371432323950196,-0.3615138578448591,0.06656413747885781,1.0390347467957561,-2.3494033944144217,0.9884346944149144,-0.16492593751455012,-1.9117291626028254,0.3176472047656836,-1.4720278978615642,1.9528254372462646,-1.5363269885700583,1.5475365265356695,1.033447344187708,2.92269714487199,2.5147667956135322,-1.7716365576283803,-3.644783426475558,-0.017159619182504898,-0.9695545517394849
-0.9508670969826304,0.943876639733244,0.18364107435883875,-0.22253998578197273,0.47653762741151595,0.7098467144559129,1.3132595340893658,0.23751424867430243,0.5313993794150286,2.0358568160561092,1.2773865665418878,1.027503871073407,0.6844995639386214,1.6037236606459702,1.5053121105281289,1.5360293182754934,-2.2307470688686437,2.172932989527153,-1.3147154213018193,0.30413906345072467,-1.5015588346737239,-0.27850797659352244,1.7689458335875192,0.9371432323950196,0.9955723978711052,-0.30109211693727145,0.15973147148952363,0.8305654597899684,-1.7635950331426185,0.6517201825309984,0.3145196056260905,-1.5268584870789397,0.01367137636903098,-0.5873862776336226,1.967848095685493,-1.4060195677357032,1.6658978393291546,0.7699233265950225,2.147051957497733,1.5873724184370086,-1.1664985935707588,-2.924405175561836,-0.07282674280235255,-0.9146968575624643
0.4878343582839322,-0.4689967868774339,0.15286113101187487,0.14063815066801053,-0.3344623085894042,0.059870075965967724,-0.5528753345361997,-0.222480014601973,-0.3653870192227266,-1.0693463572611095,-0.5631016018959235,-0.36700619487394126,-0.35876197156318435,-0.6684502562299056,-0.6150309243605869,-0.6762268509398138,0.6988329546480478,-0.8873736035196457,0.5662208920434247,-0.40949037204386907,0.8404143118934487,0.16616569499901163,-0.5027238892359173,-0.3615138578448591,-0.30109211693727145,0.23100711603479435,-0.003036893005792775,-0.269646744697058,0.8175455653948193,-0.3324333735876121,0.060214615596429696,0.5674108348350743,-0.0692225852076046,0.426500055476854,-0.6070533025551236,0.5169683501454686,-0.5680764436025955,-0.2810708041076554,-0.8050481701405158,-0.7211056773886533,0.49482624643753303,1.02743006791196,0.07609525786939224,0.21148022865602148
0.004494509665349024,-0.10549670983031954,0.1662067796414274,-0.07621136302807359,-0.2380405668469308,0.4840795507587658,-0.0065457461894807755,-0.17111075173324033,-0.19456724029362213,-0.2542908158365301,-0.08793394093093812,0.023640217448599447,-0.21764042782765827,-0.13242452974293495,0.018881373917149627,-0.0998489478673875,-0.2617740433046872,-0.053293390154125736,0.16490068380539968,-0.43959576290822133,0.24809709270412403,0.03813128904197533,0.20585691398519732,0.06656413747885781,0.15973147148952363,-0.003036893005792775,0.06704774345257537,0.029197208917322137,0.010268979063734909,-0.05392279954013405,0.24456398723187958,-0.05033405315278439,-0.1254382774544539,0.29028632106865554,0.2779096612705306,-0.137147341071229,0.27402977874526147,0.0012195341917188042,-0.024988396091436455,-0.16957331220044905,0.08835844530487615,-0.11023016563704467,-0.026810100425275814,-0.10917240822992542
-1.210289562876508,1.6383632491566371,-0.16092712066655432,0.06770696235858768,1.465899904263237,-0.6003427361931414,1.8212830962286388,0.8791751355147069,1.358456014892914,3.57772185937604,2.0744366076501053,1.3755519643148395,1.740998169893197,2.742781909592703,2.001318462743423,2.4777561911918045,-2.2525502257568943,3.2122064859148622,-2.4490280737179586,1.9020846220478846,-2.837834001707061,-0.4823542110500808,1.8430103344827637,1.0390347467957561,0.8305654597899684,-0.269646744697058,0.029197208917322137,1.105082814148084,-2.363298020629791,1.052385261082133,-0.36724725848776735,-1.9649740276652377,0.4585101444754731,-1.793239187404167,1.7875573069262989,-1.4465967793229102,1.3044915652645181,1.1043197677958771,3.1445245264796333,2.801981389791082,-1.9601616575002787,-3.7795670404283133,0.07230755975989209,-0.9984488670235395
2.925748268804945,-3.7971181425815663,0.7120976713778626,-0.010922085224331524,-3.4457388319967195,1.748328064558914,-4.148288387573264,-2.1333889916948703,-3.2491449737864966,-8.400371029164873,-4.710063563460553,-3.0172751906517257,-3.9480479413562617,-6.152745436790076,-4.529917737926212,-5.633077384848889,4.822785566858033,-7.217720033425138,5.494583790898014,-4.598106449708875,6.7039498434712455,1.1701797883085556,-3.853785102124683,-2.3494033944144217,-1.7635950331426185,0.8175455653948193,0.010268979063734909,-2.363298020629791,5.530038258950652,-2.471456653485482,1.0554691519712345,4.3585466583663965,-1.0844602264971699,4.242048210717741,-3.8193490792705034,3.24132451249766,-2.8914027363667745,-2.4338792002480525,-6.945669294536821,-6.366545019107983,4.411464147603727,8.275238971701423,-0.05130342216468059,1.994108060144269
-1.2913653508384988,1.7984290942800794,-0.433746482239113,0.0982407055616338,1.75680276355457,-1.2013778027150697,1.868332276171972,1.1022955309494928,1.6237803297341338,3.982509922317712,2.1990433858094036,1.342379756885743,1.9830653181783646,2.900483207588872,2.0206268995808268,2.6310151233696013,-1.953878680016216,3.301669381461218,-2.6322721123600634,2.4579592153293444,-3.2213242169336476,-0.5553248244116078,1.5734253661945938,0.9884346944149144,0.6517201825309984,-0.3324333735876121,-0.05392279954013405,1.052385261082133,-2.471456653485482,1.1579702760830715,-0.6896325208177296,-1.9239430803584867,0.601901389036312,-2.165940764123293,1.4701144477033978,-1.3327314384762108,1.0443918988863088,1.1054021725094767,3.170270799045401,3.022933471813507,-2.075995845216054,-3.6525037053486726,0.06929760150011784,-0.823803023564213
0.5134916535599549,-1.1529432839987332,0.7296392547588642,-0.38077741850348273,-1.6324995273106324,2.2739977182041926,-0.8261365552192205,-1.0922348470408527,-1.4034024453543932,-2.612970680691656,-1.2743987211402041,-0.50371919595222,-1.6796059953624831,-1.7813337778588794,-0.797619500261453,-1.5167598412778303,-0.09736552410329956,-1.630195399775399,1.7766054527506034,-2.6864613471685987,2.2742110719232755,0.36838375662205447,0.03939908787727153,-0.16492593751455012,0.3145196056260905,0.060214615596429696,0.24456398723187958,-0.36724725848776735,1.0554691519712345,-0.6896325208177296,1.1988452834095988,0.6569620790212485,-0.7281886677914817,2.0082915031551907,0.3955696045517932,0.05909003565332991,0.5926065919021848,-0.49993355063213807,-1.5018881012907548,-1.943939243870558,1.2497843766096415,1.2236224925987527,-0.17159066151410735,-0.00511680323428116
2.2659713661467036,-2.969655763669452,0.35785621228362263,-0.04243330460868436,-2.621068181971171,1.0507421388431648,-3.317535183577937,-1.584708786834598,-2.459179917984986,-6.517117481290239,-3.7431645781430696,-2.4734405753083486,-3.082184612095254,-4.9140255889830184,-3.6416611461031727,-4.474150788450045,4.090936551417532,-5.795875179797153,4.369132838931322,-3.3989161456333354,5.164333106067736,0.8902950271528395,-3.3088644946048253,-1.9117291626028254,-1.5268584870789397,0.5674108348350743,-0.05033405315278439,-1.9649740276652377,4.3585466583663965,-1.9239430803584867,0.6569620790212485,3.5577267337279563,-0.8026086191585787,3.21545906798561,-3.2688278879484693,2.6683427696389797,-2.4529911316136497,-1.9828546229390334,-5.642451468868897,-5.036513780357366,3.5187026888137565,6.806552333843379,-0.07845262902206906,1.7571042488427713
-0.5311857639951131,0.9938467204687135,-0.4082784700771313,0.24609266207343172,1.2281355803056915,-1.3747040127603531,0.8554240629088958,0.7937537695848303,1.068157053444779,2.2138800987885343,1.16518021216919,0.5934394133125744,1.3262227915489662,1.6063931433691185,0.8774189638861656,1.3843603416041828,-0.458185707554281,1.6182637940632079,-1.540855069178802,1.8967978136247317,-1.8615087254548408,-0.30298427815490264,0.41096781088984613,0.3176472047656836,0.01367137636903098,-0.0692225852076046,-0.1254382774544539,0.4585101444754731,-1.0844602264971699,0.601901389036312,-0.7281886677914817,-0.8026086191585787,0.5071032941591537,-1.5011454510667603,0.19005197728610665,-0.34734328346732585,-0.05092634635343023,0.5266866250254196,1.5463087201781855,1.6996802288660924,-1.1316289998389613,-1.5340088535477212,0.12316518516282723,-0.24272438756027528
2.149622603421382,-3.478496513743443,1.1711559737081125,-0.5589141105565163,-3.8998111326625104,3.703818808438114,-3.2730133315440453,-2.492112274669131,-3.475687078657681,-7.734372986958125,-4.157853814186377,-2.3088924730696974,-4.277788517416906,-5.617419328831559,-3.4452932961666023,-4.95338647448399,2.5711889342921657,-5.985200908274041,5.256512572694995,-5.799757458715829,6.392864688258429,1.0660152038150212,-2.1494662149960027,-1.4720278978615642,-0.5873862776336226,0.426500055476854,0.29028632106865554,-1.793239187404167,4.242048210717741,-2.165940764123293,2.0082915031551907,3.21545906798561,-1.5011454510667603,4.780912153216723,-1.63705731258594,1.8226933920786266,-0.8054510906616291,-1.9744781796175457,-5.728543849895409,-5.903103677797844,3.9834431337487954,6.123240878553923,-0.293593123758886,1.1770266292147415
-2.040556559810225,2.174960603504414,0.24533256989149121,-0.35245073695733126,1.3357669768015499,0.9683105720839124,2.863365450626128,0.7230524162112324,1.3888685244072576,4.716245394661886,2.8916326474653005,2.2224659822328974,1.7779775773880218,3.6872439960194217,3.246631594366685,3.4674387944260974,-4.552124580961189,4.805937347099019,-3.094764777367795,1.2013686534103634,-3.548028184135199,-0.6426696597004373,3.631908402576742,1.9528254372462646,1.967848095685493,-0.6070533025551236,0.2779096612705306,1.7875573069262989,-3.8193490792705034,1.4701144477033978,0.3955696045517932,-3.2688278879484693,0.19005197728610665,-1.63705731258594,3.9536465827631435,-2.8829334195750547,3.2653261020173003,1.6913254832916809,4.73506771450145,3.6756720266941776,-2.6678302502254665,-6.2682326864553595,-0.10116947913653167,-1.892219716356075
1.733175264561026,-1.993310475351709,0.06719947095176684,0.1959416229972635,-1.474602759271762,-0.07038518966647708,-2.4198695942165815,-0.8661204250418209,-1.4650299695049556,-4.365330573773592,-2.5592829315360164,-1.8188038542407041,-1.8129220382142346,-3.2879410952051633,-2.703936315763244,-3.0715334024952545,3.4228439538578654,-4.110308536896278,2.8328577260909342,-1.6888491636857925,3.378388512222356,0.6081359271217202,-2.719576581846224,-1.5363269885700583,-1.4060195677357032,0.5169683501454686,-0.137147341071229,-1.4465967793229102,3.24132451249766,-1.3327314384762108,0.05909003565332991,2.6683427696389797,-0.34734328346732585,1.8226933920786266,-2.8829334195750547,2.2267537417615615,-2.3393470935472735,-1.4199689259803583,-4.004554254116116,-3.3413448591728403,2.377069296893834,5.085210992892501,0.047218740703757894,1.4034822292810993
-1.5946347200508468,1.4752447625389495,0.28076566800603403,-0.4659523312175037,0.6406170244327307,1.3362127747291772,2.111331800982071,0.30839170889976336,0.776662604195533,3.199885977340184,1.9975625574466158,1.628631714918003,0.9458978221774372,2.451577614713974,2.4292648495937375,2.4041155401480494,-3.666258142641682,3.4296048038185134,-1.9666382389343424,0.28401935985766036,-2.3429273438159983,-0.4482279355994784,2.8611701265462663,1.5475365265356695,1.6658978393291546,-0.5680764436025955,0.27402977874526147,1.3044915652645181,-2.8914027363667745,1.0443918988863088,0.5926065919021848,-2.4529911316136497,-0.05092634635343023,-0.8054510906616291,3.2653261020173003,-2.3393470935472735,2.8496428146032677,1.2098649835908954,3.3611418499087153,2.437411319159083,-1.7991788032525593,-4.665856281607182,-0.17712991236357,-1.4472628145784074
-1.2488022340303262,1.725623765110154,-0.25530974998091643,0.09674658385896234,1.6115117501670269,-0.8479181053783245,1.869387580296568,0.9834227245794575,1.4868912815331339,3.7901368743297432,2.1596504782096573,1.3902781615132394,1.874253700753779,2.8662305812595945,2.037199748954965,2.5807686205339597,-2.1727212640272064,3.3029856480148836,-2.57589582668957,2.160573347899797,-3.0282157820082323,-0.5155264425626573,1.7758486573086159,1.033447344187708,0.7699233265950225,-0.2810708041076554,0.0012195341917188042,1.1043197677958771,-2.4338792002480525,1.1054021725094767,-0.49993355063213807,-1.9828546229390334,0.5266866250254196,-1.9744781796175457,1.6913254832916809,-1.4199689259803583,1.2098649835908954,1.1297470037220254,3.2181940258731507,2.9414401705709574,-2.046490095993208,-3.8031263487281795,0.08051366355258709,-0.9558862416180369
-3.5652664730880783,4.962066375237934,-0.7846716119774618,0.30121721237434684,4.677838745939811,-2.5834798143843236,5.334039631442685,2.860544613855582,4.304178256465809,10.897998170887632,6.19669858959068,3.961443998739272,5.426097681768646,8.21800780585481,5.803522999010957,7.396623467331814,-6.116341312721869,9.445382378558156,-7.404835317865599,6.308932376838919,-8.719089537018846,-1.4829510549126768,5.0008367347827765,2.92269714487199,2.147051957497733,-0.8050481701405158,-0.024988396091436455,3.1445245264796333,-6.945669294536821,3.170270799045401,-1.5018881012907548,-5.642451468868897,1.5463087201781855,-5.728543849895409,4.73506771450145,-4.004554254116116,3.3611418499087153,3.2181940258731507,9.197078570384875,8.452749717870702,-5.866479277139323,-10.814457397548262,0.23792210133275646,-2.696266175769296
-3.261318759952839,4.772405633708288,-1.0961733655956691,0.4549694518679488,4.817497891259284,-3.470869843643049,4.888191866226402,3.0043559818240184,4.379495814649874,10.537168444996484,5.859357290915738,3.559725181931381,5.450931228164743,7.813588960753959,5.258587586301714,6.98792306646503,-4.981481004235486,8.745120176914034,-7.139667179379774,6.7783299769391085,-8.538658278838763,-1.4421761774327349,4.088703118760957,2.5147667956135322,1.5873724184370086,-0.7211056773886533,-0.16957331220044905,2.801981389791082,-6.366545019107983,3.022933471813507,-1.943939243870558,-5.036513780357366,1.6996802288660924,-5.903103677797844,3.6756720266941776,-3.3413448591728403,2.437411319159083,2.9414401705709574,8.452749717870702,8.108427715103362,-5.564624605647159,-9.624951049758463,0.28331216528104924,-2.207224781415711
2.2586888163595935,-3.2709893231463743,0.6864149454558491,-0.289430237057141,-3.2495636522038382,2.214062480597893,-3.390506064694977,-2.017519664366888,-2.961296818020365,-7.211318193969263,-4.032668796762994,-2.483570811003364,-3.703825287455551,-5.377769434745565,-3.65742919159971,-4.812080455123017,3.5690625027391465,-6.053188887046179,4.896979294532599,-4.531067113353786,5.825914106479571,0.9865715609403631,-2.92921469446338,-1.7716365576283803,-1.1664985935707588,0.49482624643753303,0.08835844530487615,-1.9601616575002787,4.411464147603727,-2.075995845216054,1.2497843766096415,3.5187026888137565,-1.1316289998389613,3.9834431337487954,-2.6678302502254665,2.377069296893834,-1.7991788032525593,-2.046490095993208,-5.866479277139323,-5.564624605647159,3.8344694293623642,6.733471758517961,-0.19108424453186554,1.5830720439546728
4.277597822432958,-5.6549786657248395,0.6108048215387125,-0.12788140452254515,-4.999163506226732,1.95804127515769,-6.327879721704454,-3.00898557411026,-4.673566277215361,-12.390398311629292,-7.149605182431562,-4.743772114510184,-5.902746498322966,-9.413436472509364,-6.947925791344385,-8.5428117739515,7.847715538548068,-11.080991526680716,8.372959408555067,-6.46222112093483,9.812680468265373,1.6823470934319484,-6.374008161447262,-3.644783426475558,-2.924405175561836,1.02743006791196,-0.11023016563704467,-3.7795670404283133,8.275238971701423,-3.6525037053486726,1.2236224925987527,6.806552333843379,-1.5340088535477212,6.123240878553923,-6.2682326864553595,5.085210992892501,-4.665856281607182,-3.8031263487281795,-10.814457397548262,-9.624951049758463,6.733471758517961,13.052216167845366,-0.18030847289654278,3.408640811639573
0.014032526163700383,0.14269198408891423,-0.030221990409790664,0.13304031567610564,0.24387743572978904,-0.3396622903456066,0.0828531056362184,0.1474584075643582,0.1821397391753558,0.29462523810269853,0.1739249611664362,0.07595510604285156,0.28393912333126214,0.27924557011981754,0.07413788778852978,0.20445939271568075,0.03745392825677507,0.21760261762081864,-0.2888025719502563,0.402459084457632,-0.263940937938816,-0.030785066966670115,0.009416295438528208,-0.017159619182504898,-0.07282674280235255,0.07609525786939224,-0.026810100425275814,0.07230755975989209,-0.05130342216468059,0.06929760150011784,-0.17159066151410735,-0.07845262902206906,0.12316518516282723,-0.293593123758886,-0.10116947913653167,0.047218740703757894,-0.17712991236357,0.08051366355258709,0.23792210133275646,0.28331216528104924,-0.19108424453186554,-0.18030847289654278,0.076019162284867825,-0.04219804886663743
1.01252139894158,-1.2724912062779388,-0.10120003170276919,0.011854274306217546,-0.9689297673560038,-0.095987082493823,-1.5518839231305488,-0.5373371671429776,-0.9171752558813437,-2.736839072716354,-1.681271836040673,-1.2249733353957548,-1.243268505944224,-2.2083504209090656,-1.7337287157124335,-2.0039103831304237,2.2762924770261606,-2.7027050660957186,1.9182170187247487,-1.0827675601892954,2.106112389280312,0.3573945815893169,-1.8643154188340931,-0.9695545517394849,-0.9146968575624643,0.21148022865602148,-0.10917240822992542,-0.9984488670235395,1.994108060144269,-0.823803023564213,-0.00511680323428116,1.7571042488427713,-0.24272438756027528,1.1770266292147415,-1.892219716356075,1.4034822292810993,-1.4472628145784074,-0.9558862416180369,-2.696266175769296,-2.207224781415711,1.5830720439546728,3.408640811639573,-0.04219804886663743,1.0232331604371505
