V1,V2,V3,V4,V5,V6,V7,V8,V9,V10,V11,V12,V13,V14,V15,V16,V17,V18,V19,V20,V21,V22,V23,V24,V25,V26,V27,V28,V29,V30,V31,V32,V33,V34,V35,V36,V37,V38,V39,V40,V41,V42,V43,V44
2.9244806453107093,0.48705433563084194,0.2530348048829768,1.3240174360451327,-3.3218607830976192,1.7215584258526835,0.005383218484037661,-3.555011759959715,-2.083658134598201,-1.627880714557131,0.7482929388219689,-2.1600917668375517,-2.4403586748850397,-2.7727627433433564,1.3721323790655962,3.0216156376687233,-0.8535491507390542,-1.0832032924167698,3.931612352228677,0.32269335830093304,-1.4931880816217449,0.18789294378723656,-2.5588191661888686,-2.6428026815672787,-0.7512930942274467,1.3630999174227136,1.4606704032311668,0.5951532582251273,1.007379520396588,3.0805519200796243,-3.50675719150601,-0.9017066499242002,-1.0326681294326892,0.2554953419070316,-6.151799034355093,0.5383414823717468,1.2406936898709064,0.1887370957255762,-0.7369286242692078,-0.2766832446491462,0.7518828999186691,-0.6944062121678491,2.079770445376661,1.1421446804062312
0.48705433563084194,0.8726401802924261,-0.11396798894218108,0.4432971220857768,-0.49914315666754777,0.03339006949290344,0.6398004737257429,-0.8085871974947219,-0.12719048360459778,0.935573617624175,1.0584408787126462,-0.26505502106829626,-0.02966356191820581,0.07343465209504256,1.1583531874175081,2.003029392798851,-1.0096865536591744,0.827238167440813,0.4045660945552125,1.0981521687989677,-1.7268057208608592,-0.19189781283155657,-0.32559503535036743,-0.6050381860334836,-0.04716695331551752,0.3228193955306853,0.4726001814830065,0.5893824882311571,-0.554462592800465,1.5065889017309344,-1.486786578030224,-0.9882942176427683,-0.1052484423702187,-0.7534573289841413,-1.6105141664103213,-0.33446764998523176,0.7739209966406699,0.47214564509638635,0.9378720885185586,1.0367471944429383,-0.5543886327385145,-1.5057508378119027,0.7688250833455902,0.08473874497479811
0.2530348048829768,-0.11396798894218108,0.08121184406090948,0.10494075261105817,-0.24535323063761053,0.2312268643545018,-0.08048243377019867,-0.2359331614886769,-0.1848644040034793,-0.34118571516558216,-0.08739526447437403,-0.16029239643298338,-0.2774094060850908,-0.25658312480431794,-0.021420850114948913,-0.008148668730625912,0.07555073869780285,-0.22746459785326836,0.3069934399990232,-0.18165358479771457,0.14939555434549198,0.0823239363839843,-0.18301149718726933,-0.14148913765305376,-0.05751578244034327,0.11596010724181803,0.07971950229746196,-0.026395156651639145,0.19757786659126844,0.04947439218333977,-0.09610490726905264,0.052558950851857335,-0.09947289236072952,0.17036551324081659,-0.3453895590915276,0.13571306100039782,0.003961449348261504,-0.051055690932670296,-0.22891834363094105,-0.19828412984382204,0.18721529424425387,0.11888684402075202,0.07982840085792796,0.09232761627136779
1.3240174360451327,0.4432971220857768,0.10494075261105817,0.7386783122814781,-1.36145497665878,0.7397608589894618,0.2739182331916311,-1.598519275971727,-0.7850001135202317,-0.3039104928251949,0.6665993410737788,-0.8668142223952777,-0.9851541712556146,-0.9235128280665389,0.9710042712071774,1.8436898751474136,-0.6345893026161826,-0.0814694757488843,1.5409221693227078,0.45884904520262276,-1.1333726621335318,0.0698022806826597,-1.0465732930715528,-1.133220931868193,-0.28850254034105455,0.6744591864039919,0.7140518053057644,0.4344976117854181,0.18451977876757955,1.6334308823648214,-1.8038239753065395,-0.7049731212123261,-0.43719127245622713,-0.14063983307553038,-2.8381396538348014,0.15654194514787356,0.7164850884331809,0.24184646242975655,0.033574957872270224,0.2595668348069297,0.13560321291089558,-0.8724234205918617,1.0189186787076758,0.45750188885882737
-3.3218607830976192,-0.49914315666754777,-0.24535323063761053,-1.36145497665878,4.0001573322458865,-1.947013000397554,0.19075250523659718,4.159660132082104,2.5508452972934803,2.093886782744918,-0.6778915853523633,2.5991165825517513,2.8393284807594905,3.4941682545236747,-1.3565531351813078,-3.2506442837725897,0.9172607275211847,1.5046908478430328,-4.776816947749304,-0.24876238925762648,1.5231586931837984,-0.15146948140181474,3.0466398479555803,3.1728835779568594,0.9040889078947234,-1.493591137258724,-1.6684235287032612,-0.6017389213111725,-1.3001910915780746,-3.5023800706253025,3.9779297045741595,0.8722951763479585,1.2055860979548367,-0.41212713856408684,7.131162079479705,-0.583680708265789,-1.394172169895354,-0.1333525559192876,1.0238123256927705,0.525775083444051,-0.9287724711896629,0.4270214794715447,-2.4035311393502394,-1.352805201939699
1.7215584258526835,0.03339006949290344,0.2312268643545018,0.7397608589894618,-1.947013000397554,1.193058139398111,-0.14970922228605457,-2.031405550344285,-1.2727795255444279,-1.3184167931021449,0.17528908806792423,-1.2576890221807724,-1.604548877086447,-1.7289637975823604,0.580433287095108,1.3543312597530237,-0.27225000883357336,-0.8880811064790828,2.343874362017449,-0.18285263344739935,-0.4226838462466313,0.2102049192436918,-1.473960113821836,-1.4416435143757247,-0.4334259917307903,0.789393150418637,0.7994509524184388,0.21849267530526967,0.7680383701565094,1.4853409454671165,-1.7380657820061305,-0.31264610117068925,-0.6493953897146315,0.4279231155693483,-3.3619612911924412,0.45306993820694,0.5994317185084906,-0.004398034984413306,-0.7389234319226266,-0.4820348406589656,0.667758423542573,-0.08774108088044323,1.0690429005247708,0.6852414241733593
0.005383218484037661,0.6398004737257429,-0.08048243377019867,0.2739182331916311,0.19075250523659718,-0.14970922228605457,0.6635661957593092,-0.07917666095966774,0.296175393146155,1.1076883501059678,0.8516611119598608,0.17803575093991802,0.32405068012905874,0.663884177992484,0.8862913840682308,1.281305303606301,-0.7326264212721038,0.9786676957998365,-0.4157395137644061,0.8543505086337809,-1.262792613184119,-0.11833726447595405,0.1910046119826295,0.01637785484626998,0.12015344616595408,0.10613053973335247,0.17368290850856113,0.4325396868663132,-0.6774795030256195,0.7715046453504716,-0.6954159896457472,-0.7747334432344476,0.06615174324220832,-0.6906506866978114,-0.32449326387052213,-0.3263125591155229,0.4876158064816168,0.3959939258471412,0.9543068714559518,0.9838070802863786,-0.5721889488014872,-1.3632721361660054,0.2866787819198457,-0.12285316428080224
-3.555011759959715,-0.8085871974947219,-0.2359331614886769,-1.598519275971727,4.159660132082104,-2.031405550344285,-0.07917666095966774,4.481817609528821,2.576844809826364,1.7575583330129807,-1.0966350766537751,2.6792747975379476,2.914890770364132,3.411361986165926,-1.8423573750691034,-4.052160704616751,1.2773886115615476,1.1600697807531648,-4.897191845702408,-0.6422718637657355,2.1716892048466354,-0.1250454974683486,3.1604585569464656,3.3679377593935045,0.9243032123053235,-1.6616820145708167,-1.8587828706503793,-0.8363324006928353,-1.0828980268859818,-4.053554007574348,4.534076506118643,1.267192123381458,1.2633812884605855,-0.14980349399785145,7.7528281460451565,-0.5173501771202265,-1.6776785141794714,-0.32375726473132543,0.6819328811052404,0.1289104362907322,-0.756953800594958,1.0687935238384645,-2.685308840470495,-1.3897862744507496
-2.083658134598201,-0.12719048360459778,-0.1848644040034793,-0.7850001135202317,2.5508452972934803,-1.2727795255444279,0.296175393146155,2.576844809826364,1.6804887601017628,1.6245202984053102,-0.18784653958574024,1.6714019673608522,1.8693266349948727,2.3668992243996536,-0.6054329108170783,-1.6682699139018669,0.37244040160240316,1.2125654178932523,-3.1000199384113847,0.09708036598733485,0.5889365110044931,-0.13630405082102923,1.9552346699124135,1.9817792997238626,0.5917455228145526,-0.9112643198677611,-0.9936065690921195,-0.2571310548893753,-1.0068730324437023,-1.971842550147767,2.2865562642608834,0.3341776614489976,0.7735522665278896,-0.4590874047356707,4.36164334518616,-0.4570799520161911,-0.741484595658105,0.027090725531396492,0.9064731649391254,0.6044084934991548,-0.7462400772471558,-0.10455646973725045,-1.4209630021676818,-0.8768993984661168
-1.627880714557131,0.935573617624175,-0.34118571516558216,-0.3039104928251949,2.093886782744918,-1.3184167931021449,1.1076883501059678,1.7575583330129807,1.6245202984053102,2.8913211398209877,1.1004307497196308,1.4510144274238415,1.9677268969006303,2.5967679938010706,0.7803259298941111,0.6706231964808562,-0.8605173674418618,2.301405158402624,-2.7933430803820016,1.446320808498249,-1.495329211126666,-0.3864508425387429,1.679777336180356,1.366289787139718,0.5831733968112154,-0.5845364917336395,-0.4831417420957086,0.44811198632819826,-1.7531782863971788,-0.2355267249408005,0.605142356948881,-0.8678959213081885,0.6968534056311488,-1.420760163330436,2.675526156472855,-0.921065208694659,0.1816913487788225,0.604811640945442,2.1276758679684478,1.918088457430899,-1.4838562717113615,-1.9557620708650334,-0.5676527080598203,-0.8290031251075947
0.7482929388219689,1.0584408787126462,-0.08739526447437403,0.6665993410737788,-0.6778915853523633,0.17528908806792423,0.8516611119598608,-1.0966350766537751,-0.18784653958574024,1.1004307497196308,1.3597960285573762,-0.36576663538024884,-0.16312411091554402,0.08720604584231115,1.5373633343809125,2.5903754796554934,-1.2602333643289219,1.0282752393106032,0.5570561741421122,1.3257987881824025,-2.1713065369556457,-0.17251673192228073,-0.45638120049344927,-0.7664029847622449,-0.06369291573199395,0.48175724085212773,0.6338488103597616,0.7562526256068272,-0.6604331923277973,1.932467172479399,-1.933261962532104,-1.2848434943639626,-0.17549351131903826,-0.9085468896196918,-2.1565605104124232,-0.34653892643478246,0.9994690083064749,0.5962615461220361,1.132668015195141,1.2835596727923178,-0.6266162405096753,-1.9819886650194858,0.9914814604329618,0.13867456136507214
-2.1600917668375517,-0.26505502106829626,-0.16029239643298338,-0.8668142223952777,2.5991165825517513,-1.2576890221807724,0.17803575093991802,2.6792747975379476,1.6714019673608522,1.4510144274238415,-0.36576663538024884,1.7052900961103403,1.8654176371340474,2.3195351347837287,-0.800430094583247,-1.990404778283512,0.5102262139558483,1.0663933387316957,-3.12713494413908,-0.09797171234972935,0.8806816172822952,-0.11251840110541417,2.0073549417959202,2.058179402751644,0.603185812709437,-0.9608188986152099,-1.0625225175447728,-0.3466745495484538,-0.9084218399100475,-2.202011950372817,2.529300167154902,0.4923133129868573,0.7826151843705742,-0.3192830953466585,4.6106878657669546,-0.4184663405855488,-0.847272740448923,-0.047827763007580106,0.7568292251967131,0.4261693802681605,-0.6561592582963787,0.14765815961348314,-1.530887815625983,-0.8975179623282388
-2.4403586748850397,-0.02966356191820581,-0.2774094060850908,-0.9851541712556146,2.8393284807594905,-1.604548877086447,0.32405068012905874,2.914890770364132,1.8693266349948727,1.9677268969006303,-0.16312411091554402,1.8654176371340474,2.279481253931875,2.6160492736490357,-0.7027830813185663,-1.829882961497676,0.30091850057849445,1.4050818864854544,-3.462628068630938,0.25303042486181565,0.5372412993515772,-0.26098108868029646,2.202481686931198,2.145592308263959,0.6728552891688233,-1.0906885407115439,-1.1256284810465012,-0.2604175961514424,-1.1758497456219565,-2.1066611565599045,2.4964107417222965,0.3441374054999954,0.9179819697084659,-0.6289654013372866,4.889371738652548,-0.6596179564098454,-0.7856533861272152,0.05288138147995219,1.1551292195653151,0.7772431880946055,-0.9791679931605675,-0.10142680395528852,-1.5381224804739542,-1.0219204053237692
-2.7727627433433564,0.07343465209504256,-0.25658312480431794,-0.9235128280665389,3.4941682545236747,-1.7289637975823604,0.663884177992484,3.411361986165926,2.3668992243996536,2.5967679938010706,0.08720604584231115,2.3195351347837287,2.6160492736490357,3.4507063250890786,-0.4507996056593504,-1.7206918498093933,0.20182280397896607,2.0212533597486986,-4.329056354586721,0.44842823185120706,0.3040211403032607,-0.21591509017008548,2.7142590170849767,2.671157550498759,0.8450204943584648,-1.1609676686706845,-1.2559491239870397,-0.165740337061249,-1.6126693654117956,-2.348221211523407,2.802986896104881,0.1340276907250404,1.0559089767260643,-0.8742065841958945,5.727614020668563,-0.7298412018661826,-0.800307307346939,0.19840241984143403,1.5958006982381954,1.1976065521994659,-1.218666613786784,-0.7079984502438168,-1.7894751134316893,-1.2343705985480522
1.3721323790655962,1.1583531874175081,-0.021420850114948913,0.9710042712071774,-1.3565531351813078,0.580433287095108,0.8862913840682308,-1.8423573750691034,-0.6054329108170783,0.7803259298941111,1.5373633343809125,-0.800430094583247,-0.7027830813185663,-0.4507996056593504,1.8719135909840001,3.2606780702803513,-1.4510292062968873,0.8374191644848489,1.353077323515377,1.3850623411147873,-2.5044787955850683,-0.11412777301686214,-0.9730292952315823,-1.2880985266535458,-0.2087675754876467,0.781565632600123,0.9467616231675363,0.892217833910352,-0.4769818507013097,2.580898773480813,-2.666605514256605,-1.5037974792007829,-0.4018778163557291,-0.8540556948340464,-3.429219294319423,-0.2245729820415418,1.2801160656474204,0.6483556208133437,0.9918821221154662,1.2428744011387722,-0.46207358505727386,-2.1938296988692225,1.4186205343254077,0.3790809886440373
3.0216156376687233,2.003029392798851,-0.008148668730625912,1.8436898751474136,-3.2506442837725897,1.3543312597530237,1.281305303606301,-4.052160704616751,-1.6682699139018669,0.6706231964808562,2.5903754796554934,-1.990404778283512,-1.829882961497676,-1.7206918498093933,3.2606780702803513,6.0295681680741655,-2.5372713410067824,0.887009172499094,3.47863312755684,2.3181706172169765,-4.38443072286352,-0.1920404982073156,-2.388128110471377,-2.959691141153924,-0.6069018185052494,1.6130283773243042,1.9446906980631231,1.5668231655982816,-0.39379384516284005,5.041722065885749,-5.3068588028404635,-2.5728010545404993,-0.9456898195830618,-1.259879683453171,-7.3889958459040725,-0.2197035306158324,2.369003567252199,1.05875453004056,1.2950748525219045,1.8197102727817187,-0.5127551304647773,-3.4909645050511653,2.9189335773935228,0.9646010737645111
-0.8535491507390542,-1.0096865536591744,0.07555073869780285,-0.6345893026161826,0.9172607275211847,-0.27225000883357336,-0.7326264212721038,1.2773886115615476,0.37244040160240316,-0.8605173674418618,-1.2602333643289219,0.5102262139558483,0.30091850057849445,0.20182280397896607,-1.4510292062968873,-2.5372713410067824,1.2518572787995752,-0.8164782639108432,-0.8590768801722529,-1.2090125483522156,2.059416790071529,0.18333163296474023,0.5983997703065528,0.9295335691836192,0.1037949958476605,-0.5042451944651508,-0.6830366195937003,-0.7259018283403563,0.5149989469072114,-1.9971968896687893,1.9974391700606158,1.215744124108987,0.2350249967902727,0.7913173570417742,2.3923410947839088,0.3363895318745158,-1.0295470688610615,-0.5477348528770273,-0.980973219170035,-1.1210536321895082,0.5357732303827174,1.7875753606421116,-1.0682642520912304,-0.1968128492687854
-1.0832032924167698,0.827238167440813,-0.22746459785326836,-0.0814694757488843,1.5046908478430328,-0.8880811064790828,0.9786676957998365,1.1600697807531648,1.2125654178932523,2.301405158402624,1.0282752393106032,1.0663933387316957,1.4050818864854544,2.0212533597486986,0.8374191644848489,0.887009172499094,-0.8164782639108432,1.9059038109921813,-2.0644030071488,1.229533228400434,-1.4041964469877553,-0.27361180554117215,1.232912230160663,0.9624010103039161,0.439624567764847,-0.3354354365330406,-0.26427016925227226,0.45470515286816093,-1.416279742656175,0.06102078715818165,0.21496231490860845,-0.8481554491592433,0.4829104972443663,-1.161831804238441,1.7379585858239925,-0.6985867000108769,0.27406455032827176,0.5486410965259036,1.7505143567928256,1.6200929959717751,-1.1713066920418649,-1.8182679065774199,-0.3036456776100304,-0.6154853259619486
3.931612352228677,0.4045660945552125,0.3069934399990232,1.5409221693227078,-4.776816947749304,2.343874362017449,-0.4157395137644061,-4.897191845702408,-3.1000199384113847,-2.7933430803820016,0.5570561741421122,-3.12713494413908,-3.462628068630938,-4.329056354586721,1.353077323515377,3.47863312755684,-0.8590768801722529,-2.0644030071488,5.777977904542128,0.05168572912683371,-1.4385948192393747,0.21970737166680515,-3.6770128594521627,-3.7579966576011734,-1.1084436931656936,1.741428935341449,1.9198356678203927,0.5846510616328322,1.732053986923096,3.9233415037381802,-4.5105107588226225,-0.8083250593455137,-1.4461292482453822,0.6897470205811129,-8.359073504792732,0.796238166213387,1.5056411679696322,0.042985483624108395,-1.4966810696283492,-0.9066427392102933,1.2749329477929983,-0.10460415932215711,2.7583468404807094,1.647042467587631
0.32269335830093304,1.0981521687989677,-0.18165358479771457,0.45884904520262276,-0.24876238925762648,-0.18285263344739935,0.8543505086337809,-0.6422718637657355,0.09708036598733485,1.446320808498249,1.3257987881824025,-0.09797171234972935,0.25303042486181565,0.44842823185120706,1.3850623411147873,2.3181706172169765,-1.2090125483522156,1.229533228400434,0.05168572912683371,1.4532378502084407,-2.134307833498326,-0.2670153216986053,-0.14779090574305354,-0.4909502262437611,0.00981501197616048,0.28256362467264906,0.45284343712814895,0.7100689541918547,-0.8473222611740472,1.6375445975823455,-1.5851144744450538,-1.2072307196252077,-0.01103680570307168,-1.0566413361853344,-1.4446326414416315,-0.47818327647072095,0.8509372688203372,0.605042800412744,1.331141864990092,1.421544491606268,-0.824817621709946,-1.9237124950923945,0.7794364660936036,-0.009657192606492164
-1.4931880816217449,-1.7268057208608592,0.14939555434549198,-1.1333726621335318,1.5231586931837984,-0.4226838462466313,-1.262792613184119,2.1716892048466354,0.5889365110044931,-1.495329211126666,-2.1713065369556457,0.8806816172822952,0.5372412993515772,0.3040211403032607,-2.5044787955850683,-4.38443072286352,2.059416790071529,-1.4041964469877553,-1.4385948192393747,-2.134307833498326,3.569157125608715,0.2931113884830472,1.0754482739189448,1.5863809280681769,0.2183870424461858,-0.8838030590797314,-1.167513134971086,-1.232182927370213,0.8845598146838733,-3.4158259958586084,3.47036821505417,2.070932774086854,0.3966147234139921,1.3914787164260058,4.17415886485549,0.5025076953871669,-1.7002445377822613,-0.936553602974322,-1.6470035769463487,-1.9331616123869826,0.8966380237539642,3.0595704963010197,-1.8234567390970742,-0.3793046700563429
0.18789294378723656,-0.19189781283155657,0.0823239363839843,0.0698022806826597,-0.15146948140181474,0.2102049192436918,-0.11833726447595405,-0.1250454974683486,-0.13630405082102923,-0.3864508425387429,-0.17251673192228073,-0.11251840110541417,-0.26098108868029646,-0.21591509017008548,-0.11412777301686214,-0.1920404982073156,0.18333163296474023,-0.27361180554117215,0.21970737166680515,-0.2670153216986053,0.2931113884830472,0.10666004312749164,-0.13936491592757466,-0.05147981589285924,-0.04859199342737327,0.07824357485850364,0.023340221220733426,-0.08260688655395054,0.2217961928543766,-0.10632108798444989,0.05373755229282629,0.13755254692802363,-0.08076279230015576,0.2239045063155739,-0.15835944298718002,0.17334580637858307,-0.07593560605266096,-0.09147328411251866,-0.30463270474034804,-0.2733882106467831,0.23394481694938948,0.23671639480440715,-0.013318143329373871,0.08512686769395718
-2.5588191661888686,-0.32559503535036743,-0.18301149718726933,-1.0465732930715528,3.0466398479555803,-1.473960113821836,0.1910046119826295,3.1604585569464656,1.9552346699124135,1.679777336180356,-0.45638120049344927,2.0073549417959202,2.202481686931198,2.7142590170849767,-0.9730292952315823,-2.388128110471377,0.5983997703065528,1.232912230160663,-3.6770128594521627,-0.14779090574305354,1.0754482739189448,-0.13936491592757466,2.381658022302175,2.4264510812037523,0.7173777352397905,-1.1454707255817873,-1.2545552869123937,-0.41761905785550535,-1.0552353898899687,-2.6177135376857787,3.011627096289762,0.6004416121564159,0.9212634631942329,-0.35607560726815213,5.469934420150121,-0.5062944173168838,-0.9994706688986126,-0.06587875374587736,0.8785845238552176,0.47597316487125024,-0.7707095795475445,0.2059654229708463,-1.811724834004812,-1.0677885492435713
-2.6428026815672787,-0.6050381860334836,-0.14148913765305376,-1.133220931868193,3.1728835779568594,-1.4416435143757247,0.01637785484626998,3.3679377593935045,1.9817792997238626,1.366289787139718,-0.7664029847622449,2.058179402751644,2.145592308263959,2.671157550498759,-1.2880985266535458,-2.959691141153924,0.9295335691836192,0.9624010103039161,-3.7579966576011734,-0.4909502262437611,1.5863809280681769,-0.05147981589285924,2.4264510812037523,2.5977693413986658,0.7196568287016425,-1.2132021968520896,-1.3815693360847001,-0.5981263658709679,-0.8696798870501915,-3.0447646786874527,3.4112992284211314,0.8877858721882317,0.9334676580253598,-0.11498970334217404,5.8617038055972905,-0.3633956059361023,-1.2256092301008688,-0.21302326953340742,0.5536510097517499,0.1475304765218919,-0.5620167175403507,0.646093051789766,-2.0331307899512643,-1.05698878845188
-0.7512930942274467,-0.04716695331551752,-0.05751578244034327,-0.28850254034105455,0.9040889078947234,-0.4334259917307903,0.12015344616595408,0.9243032123053235,0.5917455228145526,0.5831733968112154,-0.06369291573199395,0.603185812709437,0.6728552891688233,0.8450204943584648,-0.2087675754876467,-0.6069018185052494,0.1037949958476605,0.439624567764847,-1.1084436931656936,0.00981501197616048,0.2183870424461858,-0.04859199342737327,0.7173777352397905,0.7196568287016425,0.2323092418525183,-0.3316442850592865,-0.3555596276839594,-0.0877747026719542,-0.3648901075735493,-0.7012104248535852,0.831614435622806,0.10663460271284551,0.27425478819244636,-0.15437010793224115,1.5910537593305576,-0.18800228889965517,-0.23554818417644743,0.011047604511840906,0.3371057693466341,0.21725619503293309,-0.2714344925205386,-0.05537038986946003,-0.5115117944979537,-0.3251850938285012
1.3630999174227136,0.3228193955306853,0.11596010724181803,0.6744591864039919,-1.493591137258724,0.789393150418637,0.10613053973335247,-1.6616820145708167,-0.9112643198677611,-0.5845364917336395,0.48175724085212773,-0.9608188986152099,-1.0906885407115439,-1.1609676686706845,0.781565632600123,1.6130283773243042,-0.5042451944651508,-0.3354354365330406,1.741428935341449,0.28256362467264906,-0.8838030590797314,0.07824357485850364,-1.1454707255817873,-1.2132021968520896,-0.3316442850592865,0.6650935055337556,0.705877078604881,0.3490159282324445,0.35811070376331927,1.536999537247967,-1.7228865700651819,-0.5423637349409983,-0.47042395867516007,0.017133190734363247,-2.8951380672777405,0.2150771635797747,0.6412237872960431,0.1568410869219469,-0.18887141623792145,0.029889032499814294,0.2644401235628565,-0.553175708873526,1.007929074400708,0.505413642005212
1.4606704032311668,0.4726001814830065,0.07971950229746196,0.7140518053057644,-1.6684235287032612,0.7994509524184388,0.17368290850856113,-1.8587828706503793,-0.9936065690921195,-0.4831417420957086,0.6338488103597616,-1.0625225175447728,-1.1256284810465012,-1.2559491239870397,0.9467616231675363,1.9446906980631231,-0.6830366195937003,-0.26427016925227226,1.9198356678203927,0.45284343712814895,-1.167513134971086,0.023340221220733426,-1.2545552869123937,-1.3815693360847001,-0.3555596276839594,0.705877078604881,0.803374845146185,0.43779304538635444,0.298140666246711,1.8313867678662135,-2.0139347106445133,-0.6859905381988524,-0.5043414384165231,-0.08991441858979321,-3.2554980232797064,0.14195511714630304,0.7912118722001563,0.2203311120908243,-0.07283427178809793,0.16057902688435577,0.18439933087643715,-0.7342657058253478,1.1667282275004296,0.5430585948772775
0.5951532582251273,0.5893824882311571,-0.026395156651639145,0.4344976117854181,-0.6017389213111725,0.21849267530526967,0.4325396868663132,-0.8363324006928353,-0.2571310548893753,0.44811198632819826,0.7562526256068272,-0.3466745495484538,-0.2604175961514424,-0.165740337061249,0.892217833910352,1.5668231655982816,-0.7259018283403563,0.45470515286816093,0.5846510616328322,0.7100689541918547,-1.232182927370213,-0.08260688655395054,-0.41761905785550535,-0.5981263658709679,-0.0877747026719542,0.3490159282324445,0.43779304538635444,0.44004418024512,-0.27010143964681044,1.2293633318279917,-1.2538362211415792,-0.7310464458985567,-0.16772841165692712,-0.44822619106236694,-1.5643194930651474,-0.14818002359423318,0.611537343150911,0.3261982978596023,0.538960670156258,0.6444833895904497,-0.2742593796675404,-1.0747915943184003,0.6712005827649649,0.14916438684129285
1.007379520396588,-0.554462592800465,0.19757786659126844,0.18451977876757955,-1.3001910915780746,0.7680383701565094,-0.6774795030256195,-1.0828980268859818,-1.0068730324437023,-1.7531782863971788,-0.6604331923277973,-0.9084218399100475,-1.1758497456219565,-1.6126693654117956,-0.4769818507013097,-0.39379384516284005,0.5149989469072114,-1.416279742656175,1.732053986923096,-0.8473222611740472,0.8845598146838733,0.2217961928543766,-1.0552353898899687,-0.8696798870501915,-0.3648901075735493,0.35811070376331927,0.298140666246711,-0.27010143964681044,1.0851656065336517,0.18311950088022894,-0.41596605387535196,0.52270087813797,-0.4176495533712077,0.8393406489455466,-1.691033571569234,0.5482734959439154,-0.1084543758285163,-0.3697408281792809,-1.2851856036359277,-1.1569226842852975,0.8866972990995905,1.2054273578134926,0.372958352931822,0.5134130957631106
3.0805519200796243,1.5065889017309344,0.04947439218333977,1.6334308823648214,-3.5023800706253025,1.4853409454671165,0.7715046453504716,-4.053554007574348,-1.971842550147767,-0.2355267249408005,1.932467172479399,-2.202011950372817,-2.1066611565599045,-2.348221211523407,2.580898773480813,5.041722065885749,-1.9971968896687893,0.06102078715818165,3.9233415037381802,1.6375445975823455,-3.4158259958586084,-0.10632108798444989,-2.6177135376857787,-3.0447646786874527,-0.7012104248535852,1.536999537247967,1.8313867678662135,1.2293633318279917,0.18311950088022894,4.52881660497996,-4.855714499525007,-1.984010837593443,-1.012302817538324,-0.7168935604134571,-7.275909562863729,0.0064719700149257825,2.0412057586943972,0.7353475951622866,0.5254271862418503,1.0298112683601022,-0.054833055311847005,-2.39824538143494,2.742929598421694,1.0912272833033991
-3.50675719150601,-1.486786578030224,-0.09610490726905264,-1.8038239753065395,3.9779297045741595,-1.7380657820061305,-0.6954159896457472,4.534076506118643,2.2865562642608834,0.605142356948881,-1.933261962532104,2.529300167154902,2.4964107417222965,2.802986896104881,-2.666605514256605,-5.3068588028404635,1.9974391700606158,0.21496231490860845,-4.5105107588226225,-1.5851144744450538,3.47036821505417,0.05373755229282629,3.011627096289762,3.4112992284211314,0.831614435622806,-1.7228865700651819,-2.0139347106445133,-1.2538362211415792,-0.41596605387535196,-4.855714499525007,5.271366968570396,2.0081934227424347,1.1636762268378313,0.6024380781167972,8.115232568359822,-0.14800887252982597,-2.1321536517563637,-0.7089003264960972,-0.28887657501257036,-0.8677296096986582,-0.13169785847507215,2.326522479568274,-2.9941290056882153,-1.2767075487016735
-0.9017066499242002,-0.9882942176427683,0.052558950851857335,-0.7049731212123261,0.8722951763479585,-0.31264610117068925,-0.7747334432344476,1.267192123381458,0.3341776614489976,-0.8678959213081885,-1.2848434943639626,0.4923133129868573,0.3441374054999954,0.1340276907250404,-1.5037974792007829,-2.5728010545404993,1.215744124108987,-0.8481554491592433,-0.8083250593455137,-1.2072307196252077,2.070932774086854,0.13755254692802363,0.6004416121564159,0.8877858721882317,0.10663460271284551,-0.5423637349409983,-0.6859905381988524,-0.7310464458985567,0.52270087813797,-1.984010837593443,2.0081934227424347,1.2396832690912547,0.2429628965283791,0.7938333691331468,2.4077640226135273,0.2778631068528225,-1.013058993546009,-0.5549856466676357,-0.9710495815127469,-1.1356706497798184,0.505677511844795,1.8561697875157401,-1.0541711033956722,-0.21137617888529125
-1.0326681294326892,-0.1052484423702187,-0.09947289236072952,-0.43719127245622713,1.2055860979548367,-0.6493953897146315,0.06615174324220832,1.2633812884605855,0.7735522665278896,0.6968534056311488,-0.17549351131903826,0.7826151843705742,0.9179819697084659,1.0559089767260643,-0.4018778163557291,-0.9456898195830618,0.2350249967902727,0.4829104972443663,-1.4461292482453822,-0.01103680570307168,0.3966147234139921,-0.08076279230015576,0.9212634631942329,0.9334676580253598,0.27425478819244636,-0.47042395867516007,-0.5043414384165231,-0.16772841165692712,-0.4176495533712077,-1.012302817538324,1.1636762268378313,0.2429628965283791,0.3818385165494828,-0.17510010897103773,2.140533108637688,-0.22275324597011287,-0.4036203876158991,-0.027911437179515726,0.3646754412337803,0.20592270911573451,-0.3332232642809657,0.1131247154592975,-0.7038563905041281,-0.4183370068192912
0.2554953419070316,-0.7534573289841413,0.17036551324081659,-0.14063983307553038,-0.41212713856408684,0.4279231155693483,-0.6906506866978114,-0.14980349399785145,-0.4590874047356707,-1.420760163330436,-0.9085468896196918,-0.3192830953466585,-0.6289654013372866,-0.8742065841958945,-0.8540556948340464,-1.259879683453171,0.7913173570417742,-1.161831804238441,0.6897470205811129,-1.0566413361853344,1.3914787164260058,0.2239045063155739,-0.35607560726815213,-0.11498970334217404,-0.15437010793224115,0.017133190734363247,-0.08991441858979321,-0.44822619106236694,0.8393406489455466,-0.7168935604134571,0.6024380781167972,0.7938333691331468,-0.17510010897103773,0.8713076686634544,0.0035456245649167686,0.46335673308453235,-0.4473707863160393,-0.43645703911325073,-1.1737235370703265,-1.1613972942070125,0.7719036160611789,1.407977329594058,-0.2256851925686065,0.2151989325371675
-6.151799034355093,-1.6105141664103213,-0.3453895590915276,-2.8381396538348014,7.131162079479705,-3.3619612911924412,-0.32449326387052213,7.7528281460451565,4.36164334518616,2.675526156472855,-2.1565605104124232,4.6106878657669546,4.889371738652548,5.727614020668563,-3.429219294319423,-7.3889958459040725,2.3923410947839088,1.7379585858239925,-8.359073504792732,-1.4446326414416315,4.17415886485549,-0.15835944298718002,5.469934420150121,5.8617038055972905,1.5910537593305576,-2.8951380672777405,-3.2554980232797064,-1.5643194930651474,-1.691033571569234,-7.275909562863729,8.115232568359822,2.4077640226135273,2.140533108637688,0.0035456245649167686,13.585382909599478,-0.796875668393168,-3.0107243381359963,-0.6692243367608067,0.895225644784213,-0.08865536364141685,-1.11445563796271,2.1973393580167038,-4.750439729437245,-2.392343969178125
0.5383414823717468,-0.33446764998523176,0.13571306100039782,0.15654194514787356,-0.583680708265789,0.45306993820694,-0.3263125591155229,-0.5173501771202265,-0.4570799520161911,-0.921065208694659,-0.34653892643478246,-0.4184663405855488,-0.6596179564098454,-0.7298412018661826,-0.2245729820415418,-0.2197035306158324,0.3363895318745158,-0.6985867000108769,0.796238166213387,-0.47818327647072095,0.5025076953871669,0.17334580637858307,-0.5062944173168838,-0.3633956059361023,-0.18800228889965517,0.2150771635797747,0.14195511714630304,-0.14818002359423318,0.5482734959439154,0.0064719700149257825,-0.14800887252982597,0.2778631068528225,-0.22275324597011287,0.46335673308453235,-0.796875668393168,0.36619001189190376,-0.10522052506590963,-0.1903844154933462,-0.6972333069100571,-0.608363030915639,0.508175610095964,0.5748818213817397,0.13922022598124076,0.26520215901512684
1.2406936898709064,0.7739209966406699,0.003961449348261504,0.7164850884331809,-1.394172169895354,0.5994317185084906,0.4876158064816168,-1.6776785141794714,-0.741484595658105,0.1816913487788225,0.9994690083064749,-0.847272740448923,-0.7856533861272152,-0.800307307346939,1.2801160656474204,2.369003567252199,-1.0295470688610615,0.27406455032827176,1.5056411679696322,0.8509372688203372,-1.7002445377822613,-0.07593560605266096,-0.9994706688986126,-1.2256092301008688,-0.23554818417644743,0.6412237872960431,0.7912118722001563,0.611537343150911,-0.1084543758285163,2.0412057586943972,-2.1321536517563637,-1.013058993546009,-0.4036203876158991,-0.4473707863160393,-3.0107243381359963,-0.10522052506590963,0.9907891279792949,0.40023888305608835,0.46091089428013615,0.660915095150784,-0.16661337370756618,-1.3319783106981438,1.1831953909604318,0.4052089622209367
0.1887370957255762,0.47214564509638635,-0.051055690932670296,0.24184646242975655,-0.1333525559192876,-0.004398034984413306,0.3959939258471412,-0.32375726473132543,0.027090725531396492,0.604811640945442,0.5962615461220361,-0.047827763007580106,0.05288138147995219,0.19840241984143403,0.6483556208133437,1.05875453004056,-0.5477348528770273,0.5486410965259036,0.042985483624108395,0.605042800412744,-0.936553602974322,-0.09147328411251866,-0.06587875374587736,-0.21302326953340742,0.011047604511840906,0.1568410869219469,0.2203311120908243,0.3261982978596023,-0.3697408281792809,0.7353475951622866,-0.7089003264960972,-0.5549856466676357,-0.027911437179515726,-0.43645703911325073,-0.6692243367608067,-0.1903844154933462,0.40023888305608835,0.27517507577716327,0.5760469469561048,0.6193010985204649,-0.33597525753139873,-0.8998189002731418,0.3527431888603784,-0.0013848437728176909
-0.7369286242692078,0.9378720885185586,-0.22891834363094105,0.033574957872270224,1.0238123256927705,-0.7389234319226266,0.9543068714559518,0.6819328811052404,0.9064731649391254,2.1276758679684478,1.132668015195141,0.7568292251967131,1.1551292195653151,1.5958006982381954,0.9918821221154662,1.2950748525219045,-0.980973219170035,1.7505143567928256,-1.4966810696283492,1.331141864990092,-1.6470035769463487,-0.30463270474034804,0.8785845238552176,0.5536510097517499,0.3371057693466341,-0.18887141623792145,-0.07283427178809793,0.538960670156258,-1.2851856036359277,0.5254271862418503,-0.28887657501257036,-0.9710495815127469,0.3646754412337803,-1.1737235370703265,0.895225644784213,-0.6972333069100571,0.46091089428013615,0.5760469469561048,1.7003156905895207,1.6081706914682203,-1.131431816031952,-1.869018491307058,0.007981822276484737,-0.4719924180262827
-0.2766832446491462,1.0367471944429383,-0.19828412984382204,0.2595668348069297,0.525775083444051,-0.4820348406589656,0.9838070802863786,0.1289104362907322,0.6044084934991548,1.918088457430899,1.2835596727923178,0.4261693802681605,0.7772431880946055,1.1976065521994659,1.2428744011387722,1.8197102727817187,-1.1210536321895082,1.6200929959717751,-0.9066427392102933,1.421544491606268,-1.9331616123869826,-0.2733882106467831,0.47597316487125024,0.1475304765218919,0.21725619503293309,0.029889032499814294,0.16057902688435577,0.6444833895904497,-1.1569226842852975,1.0298112683601022,-0.8677296096986582,-1.1356706497798184,0.20592270911573451,-1.1613972942070125,-0.08865536364141685,-0.608363030915639,0.660915095150784,0.6193010985204649,1.6081706914682203,1.6022957103563138,-1.0264143432752981,-2.0269580221319514,0.3368827617476822,-0.2887748585349207
0.7518828999186691,-0.5543886327385145,0.18721529424425387,0.13560321291089558,-0.9287724711896629,0.667758423542573,-0.5721889488014872,-0.756953800594958,-0.7462400772471558,-1.4838562717113615,-0.6266162405096753,-0.6561592582963787,-0.9791679931605675,-1.218666613786784,-0.46207358505727386,-0.5127551304647773,0.5357732303827174,-1.1713066920418649,1.2749329477929983,-0.824817621709946,0.8966380237539642,0.23394481694938948,-0.7707095795475445,-0.5620167175403507,-0.2714344925205386,0.2644401235628565,0.18439933087643715,-0.2742593796675404,0.8866972990995905,-0.054833055311847005,-0.13169785847507215,0.505677511844795,-0.3332232642809657,0.7719036160611789,-1.11445563796271,0.508175610095964,-0.16661337370756618,-0.33597525753139873,-1.131431816031952,-1.0264143432752981,0.7956140735936028,1.0554965221951684,0.17703146861692065,0.39842865247761305
-0.6944062121678491,-1.5057508378119027,0.11888684402075202,-0.8724234205918617,0.4270214794715447,-0.08774108088044323,-1.3632721361660054,1.0687935238384645,-0.10455646973725045,-1.9557620708650334,-1.9819886650194858,0.14765815961348314,-0.10142680395528852,-0.7079984502438168,-2.1938296988692225,-3.4909645050511653,1.7875753606421116,-1.8182679065774199,-0.10460415932215711,-1.9237124950923945,3.0595704963010197,0.23671639480440715,0.2059654229708463,0.646093051789766,-0.05537038986946003,-0.553175708873526,-0.7342657058253478,-1.0747915943184003,1.2054273578134926,-2.39824538143494,2.326522479568274,1.8561697875157401,0.1131247154592975,1.407977329594058,2.1973393580167038,0.5748818213817397,-1.3319783106981438,-0.8998189002731418,-1.869018491307058,-2.0269580221319514,1.0554965221951684,3.046706416487722,-1.1387037744650157,-0.004346967008347686
2.079770445376661,0.7688250833455902,0.07982840085792796,1.0189186787076758,-2.4035311393502394,1.0690429005247708,0.2866787819198457,-2.685308840470495,-1.4209630021676818,-0.5676527080598203,0.9914814604329618,-1.530887815625983,-1.5381224804739542,-1.7894751134316893,1.4186205343254077,2.9189335773935228,-1.0682642520912304,-0.3036456776100304,2.7583468404807094,0.7794364660936036,-1.8234567390970742,-0.013318143329373871,-1.811724834004812,-2.0331307899512643,-0.5115117944979537,1.007929074400708,1.1667282275004296,0.6712005827649649,0.372958352931822,2.742929598421694,-2.9941290056882153,-1.0541711033956722,-0.7038563905041281,-0.2256851925686065,-4.750439729437245,0.13922022598124076,1.1831953909604318,0.3527431888603784,0.007981822276484737,0.3368827617476822,0.17703146861692065,-1.1387037744650157,1.7319163565409843,0.770156773298084
1.1421446804062312,0.08473874497479811,0.09232761627136779,0.45750188885882737,-1.352805201939699,0.6852414241733593,-0.12285316428080224,-1.3897862744507496,-0.8768993984661168,-0.8290031251075947,0.13867456136507214,-0.8975179623282388,-1.0219204053237692,-1.2343705985480522,0.3790809886440373,0.9646010737645111,-0.1968128492687854,-0.6154853259619486,1.647042467587631,-0.009657192606492164,-0.3793046700563429,0.08512686769395718,-1.0677885492435713,-1.05698878845188,-0.3251850938285012,0.505413642005212,0.5430585948772775,0.14916438684129285,0.5134130957631106,1.0912272833033991,-1.2767075487016735,-0.21137617888529125,-0.4183370068192912,0.2151989325371675,-2.392343969178125,0.26520215901512684,0.4052089622209367,-0.0013848437728176909,-0.4719924180262827,-0.2887748585349207,0.39842865247761305,-0.004346967008347686,0.770156773298084,0.4906042444719924
