V1,V2,V3,V4,V5,V6,V7,V8,V9,V10,V11,V12,V13,V14,V15,V16,V17,V18,V19,V20,V21,V22,V23,V24,V25,V26,V27,V28,V29
18.53881720548175,13.630768923666693,15.286036800869992,11.596857912125746,3.1769322950580983,17.311642468867465,0.8450031445376077,-0.08637656580336497,2.517205880607936,-18.99075509102354,-11.54620718648088,-3.360479236966631,5.824496204718238,-1.4592887743396556,15.790211583798289,-0.795419436987675,11.348013949438027,-17.852651200379295,-17.66669047502351,-1.305246865373693,4.432892235045926,-1.2055603423922177,20.948694223276135,-3.55699107395093,-2.714973900547503,-7.8261659448367515,14.834989041788523,-1.6477316466128566,-8.365623896109252
13.630768923666693,10.097643360920713,11.491570478745162,8.551802240026982,2.573663153029211,13.004654679994509,0.7086404075993958,-0.16374514373361132,1.8897734554177514,-14.184061349832218,-8.813799907676337,-2.5243059806922847,4.29080577907573,-1.1150988218021567,11.738108659057277,-0.5828321029084295,8.587423393227546,-13.32393549695633,-13.08992401766276,-1.1253863270326343,3.071965488617409,-0.8379142396298602,15.471624532107187,-2.45193532975354,-1.738880550017785,-5.854638513124148,10.908630212271808,-1.3323222459722321,-5.997678259298876
15.286036800869992,11.491570478745162,14.86350486203384,9.505687023272722,4.772156489789141,16.877575619784253,1.2312135936879762,-1.277905024934988,2.4405814573191114,-17.797519857395315,-12.436093320623021,-3.4217630220274597,4.724627589786049,-1.728133086132022,14.147350025692939,-0.7205185025587951,11.190771959894416,-16.174403180676318,-15.631373883040416,-2.313886316049472,2.370087507644375,-0.6319723225520538,17.552642383356307,-1.7219853082721124,-0.05387495809102454,-7.784594694276699,12.447786273216426,-2.6796298727577654,-5.997535692143181
11.596857912125746,8.551802240026982,9.505687023272722,7.30557016276141,1.8837659818628207,10.783208870367861,0.5162818340766241,0.015195176504164642,1.5834495513755364,-11.830725842304286,-7.1834201257330514,-2.0827129670370983,3.6571116991088437,-0.8943131047699221,9.834450744891468,-0.49110022254948393,7.07113386557755,-11.172442163831171,-11.051238927848097,-0.7905504626190808,2.7854388911891426,-0.7724343836879938,13.159143190888784,-2.2398992310143195,-1.7592215673455118,-4.843144090886489,9.24747780127836,-0.974038826808726,-5.221183643241223
3.1769322950580983,2.573663153029211,4.772156489789141,1.8837659818628207,2.681823489262713,5.405743806632203,0.6718373263564194,-1.1968144201882847,0.7354820260062144,-5.2591502764344655,-4.705343536136018,-1.1877846649169064,0.9303998450742744,-0.737896573462471,3.806944988228536,-0.18590617508726737,3.7037891355140578,-4.398488434283224,-3.983457535403314,-1.4320445795879035,-0.4870255218980735,0.17237952841263313,3.7995004242566686,0.5511058015040845,1.6435266366301455,-2.598660696104919,2.7789250550679903,-1.5432471911513137,-0.5854950413623456
17.311642468867465,13.004654679994509,16.877575619784253,10.783208870367861,5.405743806632203,19.20662456259038,1.366245106441619,-1.4704284640059393,2.7747416664518676,-20.211080683160173,-14.183555355291187,-3.912633420467705,5.35566768895919,-1.9732894740962057,16.025700155298043,-0.8075927184144809,12.690871534889087,-18.3332935294035,-17.77554139350652,-2.6339186810127964,2.670816836332525,-0.7127759669334416,19.918325584484446,-1.934936666677996,-0.03395271683831107,-8.8808170156072,14.110651719115022,-3.051060425006897,-6.802889130533789
0.8450031445376077,0.7086404075993958,1.2312135936879762,0.5162818340766241,0.6718373263564194,1.366245106441619,0.21165855795705532,-0.27132603652985593,0.21377896203557464,-1.365157309989457,-1.1827503829777393,-0.27580766809136764,0.23885307776462653,-0.1852973727929808,0.9999579325887373,-0.06714299205656739,0.977076932370731,-1.1987438403411177,-1.01115731788793,-0.3592161480665265,-0.11565674759087882,0.02387014978536496,1.006251191160666,0.13729792928807574,0.40468777683202006,-0.6190218916077911,0.6992121336853013,-0.3944718008495336,-0.11939896274740551
-0.08637656580336497,-0.16374514373361132,-1.277905024934988,0.015195176504164642,-1.1968144201882847,-1.4704284640059393,-0.27132603652985593,0.6818923830714549,-0.18789627465904787,1.2294049389718706,1.5971301385500958,0.3772956774062368,0.020443535951691565,0.2932220348251782,-0.6824441357406008,0.03613911792595167,-1.0086031577874508,0.8125279062467297,0.6470272660279629,0.6608025880577922,0.6455061567649653,-0.1976279191756748,-0.2043277666504391,-0.6134551259664821,-1.1548277472167578,0.7819176277661605,-0.21578408291704218,0.7289204807270961,-0.3970964516520448
2.517205880607936,1.8897734554177514,2.4405814573191114,1.5834495513755364,0.7354820260062144,2.7747416664518676,0.21377896203557464,-0.18789627465904787,0.44497672929837384,-2.9531460068438613,-2.0468589707578113,-0.5506193204099468,0.7555456687860244,-0.2967109211401306,2.3180638535888924,-0.14681329185638983,1.8289956512368144,-2.708198359648743,-2.582425958113695,-0.3460564849749261,0.42418063452201016,-0.14054145089397346,2.8940692768590446,-0.2973279039573363,-0.03270135985080044,-1.267302187672166,2.015147218624572,-0.4579222838983748,-0.970605517958035
-18.99075509102354,-14.184061349832218,-17.797519857395315,-11.830725842304286,-5.2591502764344655,-20.211080683160173,-1.365157309989457,1.2294049389718706,-2.9531460068438613,21.50419359314718,14.59969442120359,4.061371526893178,-5.874092907532011,2.0063484766869055,-17.233951188185685,0.8952938849814711,-13.340664233622254,19.682613310131174,19.125936939791806,2.4789055020464676,-3.3586858908023527,0.9176184069137999,-21.72041192147144,2.513677187871225,0.7303279580723615,9.291556831550153,-15.387802711956732,2.958238386954197,7.725285670272349
-11.54620718648088,-8.813799907676337,-12.436093320623021,-7.1834201257330514,-4.705343536136018,-14.183555355291187,-1.1827503829777393,1.5971301385500958,-2.0468589707578113,14.59969442120359,11.00183586691795,2.9532751475823438,-3.537372026619512,1.5887074358600004,-11.268698786632616,0.567845003848514,-9.424946086728362,12.997179403215553,12.430258708585722,2.4036099223617633,-1.104696313794975,0.28920458639070246,-13.45901383539031,0.6541233675955698,-1.1130781607516478,6.619058855877435,-9.517045346996643,2.713471799817491,4.060949086779512
-3.360479236966631,-2.5243059806922847,-3.4217630220274597,-2.0827129670370983,-1.1877846649169064,-3.912633420467705,-0.27580766809136764,0.3772956774062368,-0.5506193204099468,4.061371526893178,2.9532751475823438,0.8178473939429235,-1.0392819939759852,0.41888439862416355,-3.1790578623482784,0.15153248887834103,-2.567850977390121,3.624482856748437,3.537833173278182,0.589665828802721,-0.4418572478496282,0.10794435297512078,-3.885201756155133,0.30461980885084394,-0.13047802865386582,1.8380175512880774,-2.7720316573116097,0.6746480543971041,1.2913345654940018
5.824496204718238,4.29080577907573,4.724627589786049,3.6571116991088437,0.9303998450742744,5.35566768895919,0.23885307776462653,0.020443535951691565,0.7555456687860244,-5.874092907532011,-3.537372026619512,-1.0392819939759852,1.8546619433691316,-0.42787539926542795,4.920537371146508,-0.2251273620792307,3.5168880405251013,-5.544124935194068,-5.51811719017139,-0.3920432204911484,1.4060150004674297,-0.37067739726145965,6.5991780302452945,-1.1445830792129217,-0.9192615364512065,-2.4104875956279432,4.66416845412058,-0.4456375630395939,-2.6563637191261993
-1.4592887743396556,-1.1150988218021567,-1.728133086132022,-0.8943131047699221,-0.737896573462471,-1.9732894740962057,-0.1852973727929808,0.2932220348251782,-0.2967109211401306,2.0063484766869055,1.5887074358600004,0.41888439862416355,-0.42787539926542795,0.24653521976204806,-1.5016833926425832,0.08929489156670141,-1.3036136476235594,1.7459026170702772,1.6473884460970114,0.37161046346477883,-0.07425847476774601,0.02413526941712274,-1.702367058369632,0.011262964075413155,-0.28424094013679957,0.9384441886181969,-1.2154471212664273,0.451897702188419,0.4612706962416917
15.790211583798289,11.738108659057277,14.147350025692939,9.834450744891468,3.806944988228536,16.025700155298043,0.9999579325887373,-0.6824441357406008,2.3180638535888924,-17.233951188185685,-11.268698786632616,-3.1790578623482784,4.920537371146508,-1.5016833926425832,14.02178844004261,-0.7110031615259332,10.587115623897066,-15.926633183745466,-15.554289812998842,-1.7365563103216914,3.128559666450013,-0.8395470579885163,17.961468354499935,-2.422498339033696,-1.213301021731509,-7.318764608321294,12.746327479139975,-2.066903792718013,-6.670865953532487
-0.795419436987675,-0.5828321029084295,-0.7205185025587951,-0.49110022254948393,-0.18590617508726737,-0.8075927184144809,-0.06714299205656739,0.03613911792595167,-0.14681329185638983,0.8952938849814711,0.567845003848514,0.15153248887834103,-0.2251273620792307,0.08929489156670141,-0.7110031615259332,0.06128211828762089,-0.5300359340721255,0.8350323340835673,0.7810955497515234,0.06708019689087347,-0.18134823072404943,0.06549396260846051,-0.8852512402301804,0.12943747815348164,0.06284230715742498,0.36592054026934423,-0.6232926740412853,0.13389419917219955,0.3243048072835068
11.348013949438027,8.587423393227546,11.190771959894416,7.07113386557755,3.7037891355140578,12.690871534889087,0.977076932370731,-1.0086031577874508,1.8289956512368144,-13.340664233622254,-9.424946086728362,-2.567850977390121,3.5168880405251013,-1.3036136476235594,10.587115623897066,-0.5300359340721255,8.469191980578517,-12.130465070079673,-11.65330601681959,-1.8308741225183651,1.6305881467841608,-0.43209411202666803,13.072041207543839,-1.1699780972922322,0.1266905674636742,-5.829141732106168,9.241502550088773,-2.059136414292361,-4.34749270469171
-17.852651200379295,-13.32393549695633,-16.174403180676318,-11.172442163831171,-4.398488434283224,-18.3332935294035,-1.1987438403411177,0.8125279062467297,-2.708198359648743,19.682613310131174,12.997179403215553,3.624482856748437,-5.544124935194068,1.7459026170702772,-15.926633183745466,0.8350323340835673,-12.130465070079673,18.212711172289495,17.68968295070642,2.0394322133682343,-3.442152805297397,0.9622176455440408,-20.381158786342738,2.635501814357146,1.2159166170034768,8.339684608148888,-14.36701097328436,2.4425733683376065,7.410404163133685
-17.66669047502351,-13.08992401766276,-15.631373883040416,-11.051238927848097,-3.983457535403314,-17.77554139350652,-1.01115731788793,0.6470272660279629,-2.582425958113695,19.125936939791806,12.430258708585722,3.537833173278182,-5.51811719017139,1.6473884460970114,-15.554289812998842,0.7810955497515234,-11.65330601681959,17.68968295070642,17.403315731347234,1.8082279262276513,-3.6386931728304397,0.9892395419332419,-20.138066889493935,2.8315035219159412,1.5805807520259427,8.131319619843552,-14.244493224206023,2.183967730802807,7.579849726737082
-1.305246865373693,-1.1253863270326343,-2.313886316049472,-0.7905504626190808,-1.4320445795879035,-2.6339186810127964,-0.3592161480665265,0.6608025880577922,-0.3460564849749261,2.4789055020464676,2.4036099223617633,0.589665828802721,-0.3920432204911484,0.37161046346477883,-1.7365563103216914,0.06708019689087347,-1.8308741225183651,2.0394322133682343,1.8082279262276513,0.8064548511086107,0.43660737307657416,-0.14216061632797203,-1.6453078750138912,-0.4354076040293537,-1.0247320818850325,1.2604751483323042,-1.1730345906365462,0.810786999999288,0.07986665885399645
4.432892235045926,3.071965488617409,2.370087507644375,2.7854388911891426,-0.4870255218980735,2.670816836332525,-0.11565674759087882,0.6455061567649653,0.42418063452201016,-3.3586858908023527,-1.104696313794975,-0.4418572478496282,1.4060150004674297,-0.07425847476774601,3.128559666450013,-0.18134823072404943,1.6305881467841608,-3.442152805297397,-3.6386931728304397,0.43660737307657416,1.8500092017795846,-0.5243165038918719,4.8146949399760235,-1.5711922780690055,-1.9136267625440095,-1.1485976098204,3.423105793751938,0.31795882881281123,-2.5460387480290936
-1.2055603423922177,-0.8379142396298602,-0.6319723225520538,-0.7724343836879938,0.17237952841263313,-0.7127759669334416,0.02387014978536496,-0.1976279191756748,-0.14054145089397346,0.9176184069137999,0.28920458639070246,0.10794435297512078,-0.37067739726145965,0.02413526941712274,-0.8395470579885163,0.06549396260846051,-0.43209411202666803,0.9622176455440408,0.9892395419332419,-0.14216061632797203,-0.5243165038918719,0.16576968984224918,-1.3149745167680142,0.43738805880014847,0.5419095353278925,0.29355994018108134,-0.9062718438639211,-0.08389229603640896,0.6798194691220453
20.948694223276135,15.471624532107187,17.552642383356307,13.159143190888784,3.7995004242566686,19.918325584484446,1.006251191160666,-0.2043277666504391,2.8940692768590446,-21.72041192147144,-13.45901383539031,-3.885201756155133,6.5991780302452945,-1.702367058369632,17.961468354499935,-0.8852512402301804,13.072041207543839,-20.381158786342738,-20.138066889493935,-1.6453078750138912,4.8146949399760235,-1.3149745167680142,23.79401263306678,-3.8475457461142333,-2.8026107882447193,-8.998309989525758,16.772558694767753,-1.9826778164088386,-9.31371246050408
-3.55699107395093,-2.45193532975354,-1.7219853082721124,-2.2398992310143195,0.5511058015040845,-1.934936666677996,0.13729792928807574,-0.6134551259664821,-0.2973279039573363,2.513677187871225,0.6541233675955698,0.30461980885084394,-1.1445830792129217,0.011262964075413155,-2.422498339033696,0.12943747815348164,-1.1699780972922322,2.635501814357146,2.8315035219159412,-0.4354076040293537,-1.5711922780690055,0.43738805880014847,-3.8475457461142333,1.3500994502252015,1.7028684657661346,0.8137059642445159,-2.737241280146329,-0.37151107444397197,2.1143245320982422
-2.714973900547503,-1.738880550017785,-0.05387495809102454,-1.7592215673455118,1.6435266366301455,-0.03395271683831107,0.40468777683202006,-1.1548277472167578,-0.03270135985080044,0.7303279580723615,-1.1130781607516478,-0.13047802865386582,-0.9192615364512065,-0.28424094013679957,-1.213301021731509,0.06284230715742498,0.1266905674636742,1.2159166170034768,1.5805807520259427,-1.0247320818850325,-1.9136267625440095,0.5419095353278925,-2.8026107882447193,1.7028684657661346,2.5231365341094363,-0.1253366202829904,-1.9586502421092358,-1.0267076393524068,2.1062700381006123
-7.8261659448367515,-5.854638513124148,-7.784594694276699,-4.843144090886489,-2.598660696104919,-8.8808170156072,-0.6190218916077911,0.7819176277661605,-1.267302187672166,9.291556831550153,6.619058855877435,1.8380175512880774,-2.4104875956279432,0.9384441886181969,-7.318764608321294,0.36592054026934423,-5.829141732106168,8.339684608148888,8.131319619843552,1.2604751483323042,-1.1485976098204,0.29355994018108134,-8.998309989525758,0.8137059642445159,-0.1253366202829904,4.157558322827002,-6.425817070798962,1.4831075606118347,3.069831988467876
14.834989041788523,10.908630212271808,12.447786273216426,9.24747780127836,2.7789250550679903,14.110651719115022,0.6992121336853013,-0.21578408291704218,2.015147218624572,-15.387802711956732,-9.517045346996643,-2.7720316573116097,4.66416845412058,-1.2154471212664273,12.746327479139975,-0.6232926740412853,9.241502550088773,-14.36701097328436,-14.244493224206023,-1.1730345906365462,3.423105793751938,-0.9062718438639211,16.772558694767753,-2.737241280146329,-1.9586502421092358,-6.425817070798962,11.930968674975357,-1.4397106024754474,-6.652736748898419
-1.6477316466128566,-1.3323222459722321,-2.6796298727577654,-0.974038826808726,-1.5432471911513137,-3.051060425006897,-0.3944718008495336,0.7289204807270961,-0.4579222838983748,2.958238386954197,2.713471799817491,0.6746480543971041,-0.4456375630395939,0.451897702188419,-2.066903792718013,0.13389419917219955,-2.059136414292361,2.4425733683376065,2.183967730802807,0.810786999999288,0.31795882881281123,-0.08389229603640896,-1.9826778164088386,-0.37151107444397197,-1.0267076393524068,1.4831075606118347,-1.4397106024754474,0.9529244546941944,0.23010104514167176
-8.365623896109252,-5.997678259298876,-5.997535692143181,-5.221183643241223,-0.5854950413623456,-6.802889130533789,-0.11939896274740551,-0.3970964516520448,-0.970605517958035,7.725285670272349,4.060949086779512,1.2913345654940018,-2.6563637191261993,0.4612706962416917,-6.670865953532487,0.3243048072835068,-4.34749270469171,7.410404163133685,7.579849726737082,0.07986665885399645,-2.5460387480290936,0.6798194691220453,-9.31371246050408,2.1143245320982422,2.1062700381006123,3.069831988467876,-6.652736748898419,0.23010104514167176,4.208218631601722
