V1,V2,V3,V4,V5,V6,V7,V8,V9,V10,V11,V12,V13,V14,V15,V16,V17,V18,V19,V20,V21,V22,V23,V24,V25,V26,V27,V28,V29,V30,V31,V32,V33,V34,V35,V36,V37,V38,V39,V40,V41,V42,V43,V44
2.3831669269781135,0.05459592729872014,-1.3647428569352769,2.273302521724315,1.523118240751783,1.4179102955841358,-0.4114923659014538,-1.9917698785885867,-2.6056309313488337,-0.28608990623748676,-1.5367357034833207,1.9641107792615247,-1.1638697620736527,-1.4514164763201802,0.4601329960505038,0.46875481311963235,-2.229622192526591,-1.777041195593552,-1.6760452028404664,-0.9515626383841954,1.47914953132484,-0.4358692415352377,2.216607305228976,-0.08908905316107454,0.42814905157140304,1.5865151723123279,-0.3391341653413232,-0.8769281617223584,-0.19465468112002104,-0.5462026252766045,0.8125274924157753,0.4807822552768823,1.2031408621465767,-4.371505364244617,0.2767443405346306,-0.609176181638581,-1.0922606875869312,-1.5566081775028688,-2.274150760036477,0.8381391265822806,-2.1027050380143666,0.9272426004415878,1.2067910192605418,0.6448444712833723
0.05459592729872014,1.0797467534873837,-0.9319171195693345,-2.305019128466791,-0.944309022070259,0.6129717412036155,-0.40480457819808413,3.128077734403316,2.7227598557922277,-0.3074804166200005,1.7959135427731627,1.2669689351874582,0.051705690860391534,1.7071693916475834,-0.12855550410979477,1.368733827455139,3.812659250157394,0.3219389302630376,-0.026847606074203095,-1.220465246205277,-1.0768844927563945,-0.5265242016548406,-1.5462364169455578,0.5172763096019581,-1.3550812786294226,-0.7141483223984568,-0.32911058812193894,1.8611751419347227,-0.18623181652420676,1.9362729890344892,0.6444860584682471,-1.8941598129430524,-0.5711440354960966,3.2221822153126336,-0.7472617175598452,-1.2711143822528599,-1.85841424398913,1.5943726327008882,-0.2522855510034208,-0.9719065949953914,2.5603991109996813,2.245233849754464,0.32019636521070616,-0.11653164110866313
-1.3647428569352769,-0.9319171195693345,1.540179026261138,0.6714069505839604,-0.05430560395427969,-1.310213829731176,0.5628472261294374,-1.5039970060237235,-0.825678625907476,0.42124632203761186,-0.6492094474771363,-2.1638585078743593,0.5993501318106007,-0.6204973524057344,-0.14943698890371998,-1.4120329155185167,-1.9589061371415202,0.7136738080067085,0.9555963068434024,1.5455071390231698,0.07573717143108734,0.6857597566174785,0.06384100565850914,-0.38586378703567736,0.8997271477238558,-0.2797467239769412,0.46795854779920537,-1.0727043508685739,0.2622004474715667,-1.3140147858613285,-0.998007324851785,1.3166063143375157,-0.18565453141189936,-0.2746094168101372,0.4746493205570947,1.4054221362643273,2.1622911924234485,-0.4717045079510079,1.4705557135708016,0.34476852440901623,-0.9719344160761821,-2.3963974424345156,-0.9433294918686621,-0.26302378467603577
2.273302521724315,-2.305019128466791,0.6714069505839604,7.331816849206714,3.592363157092059,0.08082595597194772,0.4654715356249079,-8.836288343398042,-8.564349721094835,0.39285250510135594,-5.463452045601906,-0.8032450237247035,-1.2845813590845458,-5.187898725340034,0.7424522760967467,-2.525542850407524,-10.578024929824783,-2.4881513264275754,-1.6109924365972366,1.7149420834908258,3.8411619343303656,0.7157071908517809,5.603466321002616,-1.2255351974330653,3.3922398966360103,3.1558627766700793,0.382348753747032,-4.953916183474978,0.2131260483463769,-4.777829502279964,-0.5977801768066537,4.6230468385915,2.4537802965726514,-11.439833222674812,1.907408100245235,2.1709260950548113,2.9708988179765417,-5.045374132819061,-1.729309637852177,2.9631642372314673,-7.705017120348575,-3.9807567685573026,0.5079917634261454,0.8978658848150942
1.523118240751783,-0.944309022070259,-0.05430560395427969,3.592363157092059,1.8648231012125824,0.3767860924024073,0.09634555157019649,-4.15889462607649,-4.196539663488696,0.08759693767525978,-2.6455479823743326,0.1414895718582257,-0.8153471393109186,-2.509320627372457,0.42451154928181295,-0.9351927375404928,-4.941435019872503,-1.4670943776935867,-1.0823852389395017,0.4829158535294655,1.9556947092885566,0.19477204394632683,2.8683681123170084,-0.5323397145490913,1.5146651873246415,1.700397508240982,0.07561835595642422,-2.266331701627017,0.0385456924031288,-2.1208154419914274,-0.05391635713738698,2.0368701233545496,1.318489708865549,-5.8177793147323165,0.863948519465544,0.7494634278611807,0.9646619891985063,-2.480532223635482,-1.2766675557808895,1.4391853553673257,-3.717363459137288,-1.4307158191353702,0.504780370864244,0.5313583602516099
1.4179102955841358,0.6129717412036155,-1.310213829731176,0.08082595597194772,0.3767860924024073,1.1944363443434545,-0.4536168190972107,0.5074402563906457,-0.06602043529799033,-0.3410840018565291,0.07565400686232157,1.877774476690569,-0.64816099719886755,0.06831743274376251,0.2015540859336226,1.0344276324252148,0.7782065285316141,-0.8569069867135439,-0.9946186910887572,-1.208393129167353,0.29745465057419085,-0.5519175509696059,0.458224842701887,0.2318757723631649,-0.494605463237812,0.5332252930191003,-0.387684753645037,0.4955459291662463,-0.2077169920275414,0.7248373277985165,0.8479482757062867,-0.7406675531905371,0.3772531289751806,-0.8070535771519831,-0.2575123645613342,-1.0527284788497826,-1.6456034049156911,-0.03850734900869837,-1.4575006728335131,-0.03016239842097782,0.14924308263185493,1.770179765033558,0.8961981372245595,0.31823453658300793
-0.4114923659014538,-0.40480457819808413,0.5628472261294374,0.4654715356249079,0.09634555157019649,-0.4536168190972107,0.22020336741953495,-0.8215396679013363,-0.573518721159535,0.15474727148610312,-0.40867064246056184,-0.7807037743351306,0.17403195249786965,-0.38873873482351484,-0.02818798765098625,-0.5747534539669555,-1.026542144309638,0.17492938969206948,0.2775324470963828,0.6021516469070499,0.15162189503198242,0.26209196479131963,0.20379224641015498,-0.17222111822738898,0.42553616412437006,-2.51293777734181e-4,0.1736399794156784,-0.5349375158471504,0.09979192801610828,-0.6222053866503384,-0.36523252170610715,0.615871821990272,0.011808040684681923,-0.45873389221395655,0.22954014194848654,0.563289652856707,0.8579124425803835,-0.32966769215644437,0.46541614520182406,0.22054653500950078,-0.5955707364305592,-0.9721379718547937,-0.31158222699102067,-0.060579979696096783
-1.9917698785885867,3.128077734403316,-1.5039970060237235,-8.836288343398042,-4.15889462607649,0.5074402563906457,-0.8215396679013363,11.026189170284734,10.387045556810033,-0.6362039263328186,6.671447431520782,1.9371946864321354,1.2039656713319793,6.341751109062431,-0.806821135290297,3.595966641106185,13.243677474304835,2.554947281694045,1.4352455076605501,-2.7424299102200904,-4.519592221896052,-1.159389701613923,-6.5558653455870495,1.6123769658870484,-4.371012873631808,-3.5449315908518386,-0.6565340804757333,6.261867317619626,-0.37031468066979933,6.196845961971642,1.1617272871968152,-6.007393450802965,-2.7732166797297846,13.449878587131318,-2.445643138887864,-3.1766894300969195,-4.473942474226634,6.1064797584006625,1.321875174339905,-3.628955765049867,9.449555303690802,5.769638576803049,-0.1565718021808707,-0.9265881315502612
-2.6056309313488337,2.7227598557922277,-0.825678625907476,-8.564349721094835,-4.196539663488696,-0.06602043529799033,-0.573518721159535,10.387045556810033,10.049288783565846,-0.4516777237910985,6.404881460274206,0.9907721198881434,1.4745683718180431,6.084427402403134,-0.8748639218032646,2.9834415422927454,12.416960750105096,2.8814130654965013,1.8661308921078061,-2.0609534145645334,-4.496208513100272,-0.8602606606021697,-6.548289246921182,1.4459569392998328,-3.987254690785713,-3.6816031102476967,-0.45285463476606236,5.804316351463951,-0.2532639270760197,5.631793412189846,0.7260292696109236,-5.440520984105044,-2.8679874746071414,13.369306644668644,-2.2461465666314018,-2.563703344926379,-3.5267949065015824,5.9179890410694345,1.9814867837583992,-3.485848635134934,9.045641966432843,4.724960249733053,-0.5735009529566084,-1.0461557031593645
-0.28608990623748676,-0.3074804166200005,0.42124632203761186,0.39285250510135594,0.08759693767525978,-0.3410840018565291,0.15474727148610312,-0.6362039263328186,-0.4516777237910985,0.12983559276197787,-0.3232178514282417,-0.5876755523065675,0.11597893817025205,-0.3077039159262,-0.0230324134920085,-0.4413956228461159,-0.8090809257218041,0.11363290065750135,0.20825773805046421,0.44672602647944354,0.12808145087546693,0.19630166173304617,0.176371196601328,-0.13389818067110423,0.3307680812276283,0.015420715085139347,0.13536521876670382,-0.4263397665982234,0.0765422842295612,-0.47293921247212134,-0.2754990791070195,0.4743536857778243,0.017534217098386366,-0.3993985711307067,0.1748700393063349,0.43336840781678726,0.6507234990473465,-0.26122339056543703,0.33665383187966846,0.1684854670920282,-0.46587831008737274,-0.7347791073203471,-0.23336039560515123,-0.04467306593970122
-1.5367357034833207,1.7959135427731627,-0.6492094474771363,-5.463452045601906,-2.6455479823743326,0.07565400686232157,-0.40867064246056184,6.671447431520782,6.404881460274206,-0.3232178514282417,4.103941404815203,0.8135657727306248,0.8823193919519046,3.8912207409871398,-0.5325609298792369,2.0055042274859707,7.999209542390236,1.762058456518214,1.1072699251774192,-1.418752411504375,-2.8358426453541195,-0.5963658710946758,-4.142328216474653,0.9373925493544774,-2.5963286086422244,-2.297276472267874,-0.3269759571258319,3.758361680491186,-0.18122153629036125,3.663930737209057,0.5404698095152369,-3.5458907102351103,-1.7958950734213972,8.45649925954388,-1.462920338022436,-1.7421902623092156,-2.408006685591924,3.7747791289038286,1.1282912703410162,-2.2238845193423655,5.786773881098561,3.1796413334990485,-0.28114201928984356,-0.6401696201332593
1.9641107792615247,1.2669689351874582,-2.1638585078743593,-0.8032450237247035,0.1414895718582257,1.877774476690569,-0.7807037743351306,1.9371946864321354,0.9907721198881434,-0.5876755523065675,0.8135657727306248,3.0747357535301676,-0.8665979999350549,0.7703613820589047,0.22190631973546004,1.9593068376536162,2.580369639907181,-1.0449544023497541,-1.3750950512732782,-2.141061711083549,-0.020836715324890766,-0.9668859938836529,0.015298653358950549,0.5261794667195535,-1.214339880668275,0.4443371698114669,-0.6611474638825763,1.415102410926859,-0.3571112016582335,1.760178625395288,1.4195803721571076,-1.7640209016528814,0.2883240330863095,0.17565316237082826,-0.6485368571615453,-1.9436471958904105,-2.9890089586350914,0.5811232873648,-2.093695633167098,-0.42788758102129126,1.2210783913555794,3.315384749020934,1.354604411055621,0.39050284251850714
-1.1638697620736527,0.051705690860391534,0.5993501318106007,-1.2845813590845458,-0.8153471393109186,-0.64816099719886755,0.17403195249786965,1.2039656713319793,1.4745683718180431,0.11597893817025205,0.8823193919519046,-0.8665979999350549,0.5753450626987002,0.8352843985731151,-0.23567646662573433,-0.12792307876805625,1.3740634455593528,0.8950034595965808,0.8155116052396981,0.3758508247842978,-0.8036642963739163,0.17319095995531758,-1.1984536028585264,0.08408657452284278,-0.3091841498225592,-0.8312739799693727,0.1409387006376432,0.5661398786925265,0.08204263613167061,0.4079770453712938,-0.34781682603745834,-0.37308028258320586,-0.6321184133168427,2.3807547386153303,-0.18975950324655028,0.20526045082846192,0.3987933208008844,0.8795611791996947,1.0965718970796265,-0.48137705066078035,1.2169417830173197,-0.28873767356540553,-0.5660253482616594,-0.322821706531627
-1.4514164763201802,1.7071693916475834,-0.6204973524057344,-5.187898725340034,-2.509320627372457,0.06831743274376251,-0.38873873482351484,6.341751109062431,6.084427402403134,-0.3077039159262,3.8912207409871398,0.7703613820589047,0.8352843985731151,3.6955451605124865,-0.508268663313571,1.9033128318429042,7.595802943623285,1.668013305828787,1.0406731330449273,-1.3574823210603584,-2.697771883413885,-0.5687043739891043,-3.928722181507355,0.8949300025315283,-2.4626861567174774,-2.180318154366069,-0.31034387005982805,3.567815812699705,-0.17426667662644985,3.4801597680787393,0.5142577698393745,-3.3677181851909275,-1.700550856489046,8.029486970221946,-1.3841911673141063,-1.653836547773688,-2.291343704096353,3.581658287396493,1.0649448416218281,-2.113756928635356,5.495879343476285,3.0242928557569577,-0.2663983191077763,-0.6056794103007318
0.4601329960505038,-0.12855550410979477,-0.14943698890371998,0.7424522760967467,0.42451154928181295,0.2015540859336226,-0.02818798765098625,-0.806821135290297,-0.8748639218032646,-0.0230324134920085,-0.5325609298792369,0.22190631973546004,-0.23567646662573433,-0.508268663313571,0.11748744467127466,-0.08383493656483537,-0.9435744254630991,-0.39425562271863396,-0.3250931359596548,-0.02144777211760969,0.4364333961977125,-0.010097297892657226,0.6370255053925685,-0.09293742485155787,0.2593295506797055,0.41368978214672714,-0.02561701861611677,-0.40659682228612526,-0.017838276420831144,-0.3604874891305784,0.0693735628763868,0.3370604670294741,0.319787401364707,-1.28920850335734,0.1526682511916305,0.03612556276232255,0.019225708186403834,-0.5206734429115999,-0.42369923602806414,0.2980791066303177,-0.7533259947526251,-0.11284249825705499,0.19621847020443786,0.1413610096911522
0.46875481311963235,1.368733827455139,-1.4120329155185167,-2.525542850407524,-0.9351927375404928,1.0344276324252148,-0.5747534539669555,3.595966641106185,2.9834415422927454,-0.4413956228461159,2.0055042274859707,1.9593068376536162,-0.12792307876805625,1.9033128318429042,-0.08383493656483537,1.8193951184459325,4.44612120568999,0.11109288597762383,-0.32000522953531013,-1.695802622318458,-1.0986478748785582,-0.7464387317169434,-1.5756508930168536,0.6419169132024586,-1.644534302238575,-0.6386497420210697,-0.4800846470499685,2.2007723396752716,-0.26328152089952866,2.347604110054385,0.9676448519948078,-2.305390176398618,-0.5278959164500875,3.3305597032976304,-0.9047287251966714,-1.711697292262384,-2.530135359472215,1.753914585176118,-0.6964824237117095,-1.0804677078880074,2.870029191567643,2.997834115856508,0.619529725833219,-0.034040391797959965
-2.229622192526591,3.812659250157394,-1.9589061371415202,-10.578024929824783,-4.941435019872503,0.7782065285316141,-1.026542144309638,13.243677474304835,12.416960750105096,-0.8090809257218041,7.999209542390236,2.580369639907181,1.3740634455593528,7.595802943623285,-0.9435744254630991,4.44612120568999,15.97445057616775,2.9726000174148273,1.6015694822295956,-3.415664702121072,-5.365032723864886,-1.4662054920903411,-7.8005454557426495,1.9645328141098926,-5.3033695997432995,-4.195973123651598,-0.8425684314846155,7.558092217187838,-0.4595795188804572,7.49982356770606,1.5158567137701,-7.274641809353372,-3.297746921189562,16.027624639794855,-2.973030909024717,-3.932198251972364,-5.546070799034162,7.319594959224493,1.4288311911250478,-4.344459882294246,11.328190286017149,7.1264220713926205,-0.0661719333411401,-1.0677169875299373
-1.777041195593552,0.3219389302630376,0.7136738080067085,-2.4881513264275754,-1.4670943776935867,-0.8569069867135439,0.17492938969206948,2.554947281694045,2.8814130654965013,0.11363290065750135,1.762058456518214,-1.0449544023497541,0.8950034595965808,1.668013305828787,-0.39425562271863396,0.11109288597762383,2.9726000174148273,1.4502783746981842,1.2529214730715583,0.30370642767918643,-1.4769299207903248,0.14561274205314167,-2.1912684882619513,0.245516722771536,-0.7809614161931853,-1.4410897466736514,0.14338804448338463,1.28528748068271,0.08674085317166436,1.064159023671336,-0.38763024372081817,-0.9984518097496807,-1.105819821930922,4.384835946521969,-0.4635295431652657,0.03290938172484068,0.19953948769069893,1.7148784147690754,1.633935039735302,-0.9609114323264514,2.4488903845173176,0.06198794094226408,-0.7981371812835948,-0.5241462909097658
-1.6760452028404664,-0.026847606074203095,0.9555963068434024,-1.6109924365972366,-1.0823852389395017,-0.9946186910887572,0.2775324470963828,1.4352455076605501,1.8661308921078061,0.20825773805046421,1.1072699251774192,-1.3750950512732782,0.8155116052396981,1.0406731330449273,-0.3250931359596548,-0.32000522953531013,1.6015694822295956,1.2529214730715583,1.1960840567684945,0.661678448831311,-1.048273352877204,0.30522741460046565,-1.5784026194420044,0.06102057916338444,-0.31595786595097025,-1.1206377697586707,0.2396635641337575,0.6313937972216417,0.1369961289312075,0.40973450509773,-0.571168086401186,-0.3594190263891971,-0.8549108290578045,3.0986437846883903,-0.20785040137713087,0.4191445045420857,0.7542590621671904,1.1152199082459013,1.5999170568653893,-0.6027093546964314,1.5103001808041217,-0.6336224769533463,-0.8513634238027502,-0.4602426349555177
-0.9515626383841954,-1.220465246205277,1.5455071390231698,1.7149420834908258,0.4829158535294655,-1.208393129167353,0.6021516469070499,-2.7424299102200904,-2.0609534145645334,0.44672602647944354,-1.418752411504375,-2.141061711083549,0.3758508247842978,-1.3574823210603584,-0.02144777211760969,-1.695802622318458,-3.415664702121072,0.30370642767918643,0.661678448831311,1.7206048299531633,0.6515276555525833,0.7540893308213967,0.8911129124261272,-0.5501430060374164,1.3456001601487577,0.20882541050246178,0.49233687732180503,-1.7377627687495665,0.278335515453985,-1.9490351525151126,-1.025579102547677,1.923925304276312,0.19073847839331146,-1.9626445134917931,0.7257923713106108,1.6347552864509778,2.470770263438647,-1.195677548971871,1.1243753828463716,0.7726889013178302,-2.0668845162741807,-2.846161111802943,-0.8072029717848838,-0.11311469354343236
1.47914953132484,-1.0768844927563945,0.07573717143108734,3.8411619343303656,1.9556947092885566,0.29745465057419085,0.15162189503198242,-4.519592221896052,-4.496208513100272,0.12808145087546693,-2.8358426453541195,-0.020836715324890766,-0.8036642963739163,-2.697771883413885,0.4364333961977125,-1.0986478748785582,-5.365032723864886,-1.4769299207903248,-1.048273352877204,0.6515276555525833,2.0753960861085035,0.2618770064551963,3.021783400027301,-0.5956928820423071,1.665763788279681,1.7629479687649265,0.1162793908155246,-2.4777463084145697,0.06738337989923851,-2.3469541336783064,-0.13492155660210678,2.259289213522227,1.362801299087966,-6.147706737389448,0.9411544038060167,0.906955222388231,1.2045950347578114,-2.6464038682147284,-1.2097012751951868,1.5479268285367256,-3.9993693804253208,-1.7121528372665933,0.4554459054148736,0.5364436212563929
-0.4358692415352377,-0.5265242016548406,0.6857597566174785,0.7157071908517809,0.19477204394632683,-0.5519175509696059,0.26209196479131963,-1.159389701613923,-0.8602606606021697,0.19630166173304617,-0.5963658710946758,-0.9668859938836529,0.17319095995531758,-0.5687043739891043,-0.010097297892657226,-0.7464387317169434,-1.4662054920903411,0.14561274205314167,0.30522741460046565,0.7540893308213967,0.2618770064551963,0.34008928348881123,0.36193428529310856,-0.24277745930437294,0.5818806942615389,0.08111141826329522,0.22104538719060968,-0.7388661057489153,0.11757085364623267,-0.8359209658918851,-0.4662540011346194,0.8236276714859155,0.08148605262648428,-0.8092252096168979,0.3181345579070586,0.7129505224647394,1.077269537948269,-0.507874926217813,0.5023042848716768,0.32599476826162593,-0.8714074674413731,-1.2485666071388406,-0.3696867786136492,-0.05791072588007886
2.216607305228976,-1.5462364169455578,0.06384100565850914,5.603466321002616,2.8683681123170084,0.458224842701887,0.20379224641015498,-6.5558653455870495,-6.548289246921182,0.176371196601328,-4.142328216474653,0.015298653358950549,-1.1984536028585264,-3.928722181507355,0.6370255053925685,-1.5756508930168536,-7.8005454557426495,-2.1912684882619513,-1.5784026194420044,0.8911129124261272,3.021783400027301,0.36193428529310856,4.428422677652741,-0.8539283515093474,2.4207411115343977,2.5902083497743553,0.16017896882971736,-3.599585557262879,0.08644014522721041,-3.3965066916087108,-0.17379727011070564,3.2686027568882863,2.0100185026229322,-8.989927044881162,1.3760099926617775,1.2927368426460517,1.6972515011480243,-3.8660822703148354,-1.8227325241975072,2.250170758155254,-5.822890058466457,-2.4332573009565848,0.6897150270084227,0.7948678295980672
-0.08908905316107454,0.5172763096019581,-0.38586378703567736,-1.2255351974330653,-0.5323397145490913,0.2318757723631649,-0.17222111822738898,1.6123769658870484,1.4459569392998328,-0.13389818067110423,0.9373925493544774,0.5261794667195535,0.08408657452284278,0.8949300025315283,-0.09293742485155787,0.6419169132024586,1.9645328141098926,0.245516722771536,0.06102057916338444,-0.5501430060374164,-0.5956928820423071,-0.24277745930437294,-0.8539283515093474,0.2657851154326529,-0.6767513546169229,-0.43254760687319954,-0.14459884229591324,0.9370507771329107,-0.07682146917101679,0.961171443997455,0.28436080914164225,-0.934713819504186,-0.34370375448475116,1.7841117252076566,-0.375683233788054,-0.5797364624930169,-0.8413595221422958,0.8527636436660081,-0.0034815110710798612,-0.5144121033819696,1.3435374408469272,1.0467714057906408,0.10020875609161727,-0.08393383473837923
0.42814905157140304,-1.3550812786294226,0.8997271477238558,3.3922398966360103,1.5146651873246415,-0.494605463237812,0.42553616412437006,-4.371012873631808,-3.987254690785713,0.3307680812276283,-2.5963286086422244,-1.214339880668275,-0.3091841498225592,-2.4626861567174774,0.2593295506797055,-1.644534302238575,-5.3033695997432995,-0.7809614161931853,-0.31595786595097025,1.3456001601487577,1.665763788279681,0.5818806942615389,2.4207411115343977,-0.6767513546169229,1.811222877931579,1.2391190876198337,0.35029654031752405,-2.539786810267711,0.19178773491684997,-2.5670122463462475,-0.6584325836849441,2.49857418068139,0.9821754381663661,-4.994530022044994,1.0112331095147145,1.4858975943758668,2.127146063157741,-2.349279430522825,-0.15844272867301495,1.4046719513762924,-3.680870089420635,-2.657439967701488,-0.16087406550843894,0.2800982621602326
1.5865151723123279,-0.7141483223984568,-0.2797467239769412,3.1558627766700793,1.700397508240982,0.5332252930191003,-2.51293777734181e-4,-3.5449315908518386,-3.6816031102476967,0.015420715085139347,-2.297276472267874,0.4443371698114669,-0.8312739799693727,-2.180318154366069,0.41368978214672714,-0.6386497420210697,-4.195973123651598,-1.4410897466736514,-1.1206377697586707,0.20882541050246178,1.7629479687649265,0.08111141826329522,2.5902083497743553,-0.43254760687319954,1.2391190876198337,1.5919332969369797,-2.5858640253131642e-5,-1.8891241219201897,-0.008076950922965261,-1.723573981861661,0.09091300734634257,1.6448602073453686,1.231879355280048,-5.243413816081425,0.7139646418023956,0.46424977003067114,0.5452138260322977,-2.183400962982206,-1.385877680110857,1.2554109620866893,-3.2259282902347453,-0.9418980708814411,0.5954945565696578,0.5186001203029377
-0.3391341653413232,-0.32911058812193894,0.46795854779920537,0.382348753747032,0.07561835595642422,-0.387684753645037,0.1736399794156784,-0.6565340804757333,-0.45285463476606236,0.13536521876670382,-0.3269759571258319,-0.6611474638825763,0.1409387006376432,-0.31034387005982805,-0.02561701861611677,-0.4800846470499685,-0.8425684314846155,0.14338804448338463,0.2396635641337575,0.49233687732180503,0.1162793908155246,0.22104538719060968,0.16017896882971736,-0.14459884229591324,0.35029654031752405,-2.5858640253131642e-5,0.1495746450145765,-0.43857618615667454,0.08077757423362593,-0.5023637537916449,-0.3114035091954987,0.49976974820459463,0.011181828440949719,-0.3710687183911614,0.18943344583504976,0.46690205909650634,0.7062592233412912,-0.2665201336497738,0.38315892580471417,0.1738078623749329,-0.47577683818242156,-0.8021631565783975,-0.26630519282679443,-0.05472229850986069
-0.8769281617223584,1.8611751419347227,-1.0727043508685739,-4.953916183474978,-2.266331701627017,0.4955459291662463,-0.5349375158471504,6.261867317619626,5.804316351463951,-0.4263397665982234,3.758361680491186,1.415102410926859,0.5661398786925265,3.567815812699705,-0.40659682228612526,2.2007723396752716,7.558092217187838,1.28528748068271,0.6313937972216417,-1.7377627687495665,-2.4777463084145697,-0.7388661057489153,-3.599585557262879,0.9370507771329107,-2.539786810267711,-1.8891241219201897,-0.43857618615667454,3.6103659189271258,-0.24728570682525064,3.598210779256293,0.7937204234496013,-3.501390452018796,-1.4821547472052838,7.399633340339445,-1.4152503421859344,-1.9757026473375896,-2.8023879206497666,3.4115537649158774,0.48221423014972614,-2.031682386746646,5.318075813730939,3.538959829156804,0.06957555678390465,-0.4641652503087672
-0.19465468112002104,-0.18623181652420676,0.2622004474715667,0.2131260483463769,0.0385456924031288,-0.2077169920275414,0.09979192801610828,-0.37031468066979933,-0.2532639270760197,0.0765422842295612,-0.18122153629036125,-0.3571112016582335,0.08204263613167061,-0.17426667662644985,-0.017838276420831144,-0.26328152089952866,-0.4595795188804572,0.08674085317166436,0.1369961289312075,0.278335515453985,0.06738337989923851,0.11757085364623267,0.08644014522721041,-0.07682146917101679,0.19178773491684997,-0.008076950922965261,0.08077757423362593,-0.24728570682525064,0.04965571304743558,-0.281607820773578,-0.1646237446887891,0.2819975164687262,-0.004973546852933182,-0.19722350988713488,0.09952997080730049,0.26264544190949635,0.3998160032934792,-0.14122129009239628,0.22457374237157685,0.09599882630468563,-0.2639125155570492,-0.44528278515940706,-0.14491183077743203,-0.03018339201670739
-0.5462026252766045,1.9362729890344892,-1.3140147858613285,-4.777829502279964,-2.1208154419914274,0.7248373277985165,-0.6222053866503384,6.196845961971642,5.631793412189846,-0.47293921247212134,3.663930737209057,1.760178625395288,0.4079770453712938,3.4801597680787393,-0.3604874891305784,2.347604110054385,7.49982356770606,1.064159023671336,0.40973450509773,-1.9490351525151126,-2.3469541336783064,-0.8359209658918851,-3.3965066916087108,0.961171443997455,-2.5670122463462475,-1.723573981861661,-0.5023637537916449,3.598210779256293,-0.281607820773578,3.651781061903461,0.9480995116311433,-3.5538302308763003,-1.3630978092116428,7.010043965741995,-1.4293106897685741,-2.129052378275554,-3.060814397431793,3.3088398428063863,0.16474674050455035,-1.9871837261435492,5.202578728659246,3.809205723051408,0.2505619119436431,-0.3862088863602952
0.8125274924157753,0.6444860584682471,-0.998007324851785,-0.5977801768066537,-0.05391635713738698,0.8479482757062867,-0.36523252170610715,1.1617272871968152,0.7260292696109236,-0.2754990791070195,0.5404698095152369,1.4195803721571076,-0.34781682603745834,0.5142577698393745,0.0693735628763868,0.9676448519948078,1.5158567137701,-0.38763024372081817,-0.571168086401186,-1.025579102547677,-0.13492155660210678,-0.4662540011346194,-0.17379727011070564,0.28436080914164225,-0.6584325836849441,0.09091300734634257,-0.3114035091954987,0.7937204234496013,-0.1646237446887891,0.9480995116311433,0.6691604029269815,-0.9414270291883416,0.04255818976721169,0.4582044738974544,-0.356264230157533,-0.9419279223899304,-1.4398714918478583,0.43091392858763583,-0.8811039947464481,-0.2921743893238892,0.8030109454800359,1.6284367046461372,0.5976934191512223,0.1495234397689688
0.4807822552768823,-1.8941598129430524,1.3166063143375157,4.6230468385915,2.0368701233545496,-0.7406675531905371,0.615871821990272,-6.007393450802965,-5.440520984105044,0.4743536857778243,-3.5458907102351103,-1.7640209016528814,-0.37308028258320586,-3.3677181851909275,0.3370604670294741,-2.305390176398618,-7.274641809353372,-0.9984518097496807,-0.3594190263891971,1.923925304276312,2.259289213522227,0.8236276714859155,3.2686027568882863,-0.934713819504186,2.49857418068139,1.6448602073453686,0.49976974820459463,-3.501390452018796,0.2819975164687262,-3.5538302308763003,-0.9414270291883416,3.4639053954918055,1.299475441551428,-6.749372720889743,1.3878365768850702,2.099825446650272,3.020299323656916,-3.193440253887706,-0.10386273210862233,1.9190833941752903,-5.032350854757069,-3.742110224266365,-0.27298462346181646,0.36231555164745355
1.2031408621465767,-0.5711440354960966,-0.18565453141189936,2.4537802965726514,1.318489708865549,0.3772531289751806,0.011808040684681923,-2.7732166797297846,-2.8679874746071414,0.017534217098386366,-1.7958950734213972,0.2883240330863095,-0.6321184133168427,-1.700550856489046,0.319787401364707,-0.5278959164500875,-3.297746921189562,-1.105819821930922,-0.8549108290578045,0.19073847839331146,1.362801299087966,0.08148605262648428,2.0100185026229322,-0.34370375448475116,0.9821754381663661,1.231879355280048,0.011181828440949719,-1.4821547472052838,-0.004973546852933182,-1.3630978092116428,0.04255818976721169,1.299475441551428,0.9602408531918,-4.069635082366124,0.5702356148418964,0.3871417330756101,0.4624709423791491,-1.7076359750470123,-1.0508376232020853,0.9808046153746627,-2.52033576108232,-0.7818779213756047,0.4383515801997462,0.3970727901699188
-4.371505364244617,3.2221822153126336,-0.2746094168101372,-11.439833222674812,-5.8177793147323165,-0.8070535771519831,-0.45873389221395655,13.449878587131318,13.369306644668644,-0.3993985711307067,8.45649925954388,0.17565316237082826,2.3807547386153303,8.029486970221946,-1.28920850335734,3.3305597032976304,16.027624639794855,4.384835946521969,3.0986437846883903,-1.9626445134917931,-6.147706737389448,-0.8092252096168979,-8.989927044881162,1.7841117252076566,-4.994530022044994,-5.243413816081425,-0.3710687183911614,7.399633340339445,-0.19722350988713488,7.010043965741995,0.4582044738974544,-6.749372720889743,-4.069635082366124,18.29109971823141,-2.8326381236706903,-2.7470223460101053,-3.6406016505155288,7.894207142414577,3.5704881047619526,-4.6027831111554685,11.910071176633249,5.16724709883475,-1.3073541431168976,-1.5827870998849025
0.2767443405346306,-0.7472617175598452,0.4746493205570947,1.907408100245235,0.863948519465544,-0.2575123645613342,0.22954014194848654,-2.445643138887864,-2.2461465666314018,0.1748700393063349,-1.462920338022436,-0.6485368571615453,-0.18975950324655028,-1.3841911673141063,0.1526682511916305,-0.9047287251966714,-2.973030909024717,-0.4635295431652657,-0.20785040137713087,0.7257923713106108,0.9411544038060167,0.3181345579070586,1.3760099926617775,-0.375683233788054,1.0112331095147145,0.7139646418023956,0.18943344583504976,-1.4152503421859344,0.09952997080730049,-1.4293106897685741,-0.356264230157533,1.3878365768850702,0.5702356148418964,-2.8326381236706903,0.5700076472403449,0.8102184567430079,1.1547065580169773,-1.3296082797787008,-0.1306244118771689,0.7914136887533023,-2.070382626191201,-1.4564410865928488,-0.07160697054712818,0.1665458603231758
-0.609176181638581,-1.2711143822528599,1.4054221362643273,2.1709260950548113,0.7494634278611807,-1.0527284788497826,0.563289652856707,-3.1766894300969195,-2.563703344926379,0.43336840781678726,-1.7421902623092156,-1.9436471958904105,0.20526045082846192,-1.653836547773688,0.03612556276232255,-1.711697292262384,-3.932198251972364,0.03290938172484068,0.4191445045420857,1.6347552864509778,0.906955222388231,0.7129505224647394,1.2927368426460517,-0.5797364624930169,1.4858975943758668,0.46424977003067114,0.46690205909650634,-1.9757026473375896,0.26264544190949635,-2.129052378275554,-0.9419279223899304,2.099825446650272,0.3871417330756101,-2.7470223460101053,0.8102184567430079,1.6332000026348132,2.4254665454631015,-1.4975664507899762,0.8222378063360378,0.932640396750843,-2.4938918488915593,-2.8330610776151732,-0.6572551369696127,-0.014219321294939437
-1.0922606875869312,-1.85841424398913,2.1622911924234485,2.9708988179765417,0.9646619891985063,-1.6456034049156911,0.8579124425803835,-4.473942474226634,-3.5267949065015824,0.6507234990473465,-2.408006685591924,-2.9890089586350914,0.3987933208008844,-2.291343704096353,0.019225708186403834,-2.530135359472215,-5.546070799034162,0.19953948769069893,0.7542590621671904,2.470770263438647,1.2045950347578114,1.077269537948269,1.6972515011480243,-0.8413595221422958,2.127146063157741,0.5452138260322977,0.7062592233412912,-2.8023879206497666,0.3998160032934792,-3.060814397431793,-1.4398714918478583,3.020299323656916,0.4624709423791491,-3.6406016505155288,1.1547065580169773,2.4254665454631015,3.625745372223383,-2.053826912739131,1.3889337330040152,1.2947249230624491,-3.4648265994149887,-4.208774256132247,-1.0555634284303301,-0.07493622783850652
-1.5566081775028688,1.5943726327008882,-0.4717045079510079,-5.045374132819061,-2.480532223635482,-0.03850734900869837,-0.32966769215644437,6.1064797584006625,5.9179890410694345,-0.26122339056543703,3.7747791289038286,0.5811232873648,0.8795611791996947,3.581658287396493,-0.5206734429115999,1.753914585176118,7.319594959224493,1.7148784147690754,1.1152199082459013,-1.195677548971871,-2.6464038682147284,-0.507874926217813,-3.8660822703148354,0.8527636436660081,-2.349279430522825,-2.183400962982206,-0.2665201336497738,3.4115537649158774,-0.14122129009239628,3.3088398428063863,0.43091392858763583,-3.193440253887706,-1.7076359750470123,7.894207142414577,-1.3296082797787008,-1.4975664507899762,-2.053826912739131,3.496153885436033,1.1957849789027626,-2.053648884041844,5.328405069303753,2.76797481979646,-0.3416444278178253,-0.6191867333500856
-2.274150760036477,-0.2522855510034208,1.4705557135708016,-1.729309637852177,-1.2766675557808895,-1.4575006728335131,0.46541614520182406,1.321875174339905,1.9814867837583992,0.33665383187966846,1.1282912703410162,-2.093695633167098,1.0965718970796265,1.0649448416218281,-0.42369923602806414,-0.6964824237117095,1.4288311911250478,1.633935039735302,1.5999170568653893,1.1243753828463716,-1.2097012751951868,0.5023042848716768,-1.8227325241975072,-0.0034815110710798612,-0.15844272867301495,-1.385877680110857,0.38315892580471417,0.48221423014972614,0.22457374237157685,0.16474674050455035,-0.8811039947464481,-0.10386273210862233,-1.0508376232020853,3.5704881047619526,-0.1306244118771689,0.8222378063360378,1.3889337330040152,1.1957849789027626,2.220041470687883,-0.6244119097271753,1.5336438438348463,-1.289850290338936,-1.2045310846949735,-0.5914593564699957
0.8381391265822806,-0.9719065949953914,0.34476852440901623,2.9631642372314673,1.4391853553673257,-0.03016239842097782,0.22054653500950078,-3.628955765049867,-3.485848635134934,0.1684854670920282,-2.2238845193423655,-0.42788758102129126,-0.48137705066078035,-2.113756928635356,0.2980791066303177,-1.0804677078880074,-4.344459882294246,-0.9609114323264514,-0.6027093546964314,0.7726889013178302,1.5479268285367256,0.32599476826162593,2.250170758155254,-0.5144121033819696,1.4046719513762924,1.2554109620866893,0.1738078623749329,-2.031682386746646,0.09599882630468563,-1.9871837261435492,-0.2921743893238892,1.9190833941752903,0.9808046153746627,-4.6027831111554685,0.7914136887533023,0.932640396750843,1.2947249230624491,-2.053648884041844,-0.6244119097271753,1.2136299422172319,-3.14701322430684,-1.7202279773798472,0.1588519308020119,0.3486174156605725
-2.1027050380143666,2.5603991109996813,-0.9719344160761821,-7.705017120348575,-3.717363459137288,0.14924308263185493,-0.5955707364305592,9.449555303690802,9.045641966432843,-0.46587831008737274,5.786773881098561,1.2210783913555794,1.2169417830173197,5.495879343476285,-0.7533259947526251,2.870029191567643,11.328190286017149,2.4488903845173176,1.5103001808041217,-2.0668845162741807,-3.9993693804253208,-0.8714074674413731,-5.822890058466457,1.3435374408469272,-3.680870089420635,-3.2259282902347453,-0.47577683818242156,5.318075813730939,-0.2639125155570492,5.202578728659246,0.8030109454800359,-5.032350854757069,-2.52033576108232,11.910071176633249,-2.070382626191201,-2.4938918488915593,-3.4648265994149887,5.328405069303753,1.5336438438348463,-3.14701322430684,8.1796158477104,4.5663621395397715,-0.3605911543697436,-0.8873743803824284
0.9272426004415878,2.245233849754464,-2.3963974424345156,-3.9807567685573026,-1.4307158191353702,1.770179765033558,-0.9721379718547937,5.769638576803049,4.724960249733053,-0.7347791073203471,3.1796413334990485,3.315384749020934,-0.28873767356540553,3.0242928557569577,-0.11284249825705499,2.997834115856508,7.1264220713926205,0.06198794094226408,-0.6336224769533463,-2.846161111802943,-1.7121528372665933,-1.2485666071388406,-2.4332573009565848,1.0467714057906408,-2.657439967701488,-0.9418980708814411,-0.8021631565783975,3.538959829156804,-0.44528278515940706,3.809205723051408,1.6284367046461372,-3.742110224266365,-0.7818779213756047,5.16724709883475,-1.4564410865928488,-2.8330610776151732,-4.208774256132247,2.76797481979646,-1.289850290338936,-1.7202279773798472,4.5663621395397715,4.9644981668220565,1.0847014048342445,-0.015713182294039243
1.2067910192605418,0.32019636521070616,-0.9433294918686621,0.5079917634261454,0.504780370864244,0.8961981372245595,-0.31158222699102067,-0.1565718021808707,-0.5735009529566084,-0.23336039560515123,-0.28114201928984356,1.354604411055621,-0.5660253482616594,-0.2663983191077763,0.19621847020443786,0.619529725833219,-0.0661719333411401,-0.7981371812835948,-0.8513634238027502,-0.8072029717848838,0.4554459054148736,-0.3696867786136492,0.6897150270084227,0.10020875609161727,-0.16087406550843894,0.5954945565696578,-0.26630519282679443,0.06957555678390465,-0.14491183077743203,0.2505619119436431,0.5976934191512223,-0.27298462346181646,0.4383515801997462,-1.3073541431168976,-0.07160697054712818,-0.6572551369696127,-1.0555634284303301,-0.3416444278178253,-1.2045310846949735,0.1588519308020119,-0.3605911543697436,1.0847014048342445,0.7035370919204704,0.2952867652915547
0.6448444712833723,-0.11653164110866313,-0.26302378467603577,0.8978658848150942,0.5313583602516099,0.31823453658300793,-0.060579979696096783,-0.9265881315502612,-1.0461557031593645,-0.04467306593970122,-0.6401696201332593,0.39050284251850714,-0.322821706531627,-0.6056794103007318,0.1413610096911522,-0.034040391797959965,-1.0677169875299373,-0.5241462909097658,-0.4602426349555177,-0.11311469354343236,0.5364436212563929,-0.05791072588007886,0.7948678295980672,-0.08393383473837923,0.2800982621602326,0.5186001203029377,-0.05472229850986069,-0.4641652503087672,-0.03018339201670739,-0.3862088863602952,0.1495234397689688,0.36231555164745355,0.3970727901699188,-1.5827870998849025,0.1665458603231758,-0.014219321294939437,-0.07493622783850652,-0.6191867333500856,-0.5914593564699957,0.3486174156605725,-0.8873743803824284,-0.015713182294039243,0.2952867652915547,0.19387286417157729
