V1,V2,V3,V4,V5,V6,V7,V8,V9,V10,V11,V12,V13,V14,V15,V16,V17,V18,V19,V20,V21,V22,V23,V24,V25,V26,V27,V28,V29
0.5710751255359213,-0.16184166892332844,0.41554785565065144,-0.20337580101106806,0.6424299684033461,0.5140826463934963,-0.4131575775724217,0.39715616930855624,-0.21052439947616491,-0.20130007875515696,0.2886526261744442,0.7198802164256554,-0.06648980247611838,0.4801308635449536,-0.06532298360310487,-0.2925248928127159,-0.6159209662382084,-0.8534381878239712,-0.7578337776539555,0.4347518401456524,-0.38638108920967523,0.5387963595490838,-0.7109361827533811,0.01631840810854174,-0.1490711514223721,-1.2715296413139425,0.4141037712022853,0.6198875397772327,0.35111712101631415
-0.16184166892332844,1.8000268934905632,0.08327973263347993,-1.139146547870609,0.5838734577843914,-2.5587743071991,-0.9137457491270558,-0.5309435732734866,0.8359972437062642,1.642003969508548,-1.1672027648493326,-0.699933106992239,0.12065237260103209,0.5775747079650226,1.3694701677270054,0.4726091951784392,-0.6735550370081507,0.8773383970000684,-0.6824139427671612,0.30671434445013873,-1.0921375288071007,-1.7103756082779986,0.9956292836208042,-0.4774983687374668,1.15736286565981,-0.22105614883361174,-0.5513552009161691,-0.4162327326118394,-0.08248278396208689
0.41554785565065144,0.08327973263347993,1.2839324829146168,-0.005794482417026186,-0.07098165557912041,-2.701405029914125e-4,-0.15707237239547114,0.04546935089224346,-0.2034230537695329,0.25624902704178265,0.22462547494741514,0.4373658448970156,-0.7495393856067551,0.6896749716998931,0.44010736934473443,-0.25424321715718184,-0.9835413162906371,-0.1904322746555933,-0.7607159292657144,0.3404915879706045,-0.5957179334814502,-0.024933067191879855,-0.06704367007346708,-0.06532502862275436,0.06406272760105225,-1.3628274060231038,0.04505773297079806,-0.04350562861257148,0.4895767515460806
-0.20337580101106806,-1.139146547870609,-0.005794482417026186,1.0942648685719631,-0.9363882759689505,1.5920489089039127,1.2051657079214182,0.12753575032664946,-0.48102680044918683,-0.9965963830219484,0.708667716184159,-3.6073905845810864e-4,-0.2951100123006137,-0.6082410236999556,-0.8125330998003808,-0.12789440533740407,0.7664542575035301,-0.008191299854192162,1.0894135297416219,-0.5003714020484749,1.0103558661521803,0.9063155827698908,-0.05186950408424326,0.2446792579519321,-0.8050138784199727,0.8988162134277469,-0.011118619137727541,-0.14549809072485997,-0.19014558344511925
0.6424299684033461,0.5838734577843914,-0.07098165557912041,-0.9363882759689505,1.498729008618875,-0.37803472313451886,-1.0843307520119208,0.41661371891312726,0.18750270166880867,0.31141019718585944,-0.21558228179367378,0.6519936491771631,0.41348711358750534,0.6739222661945163,0.2552288340683383,-0.09733425428497308,-0.7411587512274218,-0.9383869611718612,-1.1995253334268716,0.7044255215222284,-0.8700633622672163,0.038702736661693854,-0.7021141916330451,-0.15063139739728917,0.28674093414116436,-1.4454429536738966,0.4456476603665117,0.8757025183801371,0.2652742093044834
0.5140826463934963,-2.5587743071991,-2.701405029914125e-4,1.5920489089039127,-0.37803472313451886,4.238833801810264,1.421989419768212,1.0675894702407056,-1.240132129976137,-2.549525919261883,1.9673786133654088,1.437693371588726,-0.1041585287921775,-0.6091146754478183,-2.1643223404149032,-0.8224755867795274,0.829472542523032,-1.7378958669984206,0.8352738591535966,-0.18285702076586194,1.4281186531678136,2.9030606196035524,-1.791848469889042,0.7136935983847968,-1.9224318552118782,-0.10208044653190376,0.9849322327114073,1.0633060505895706,0.11672414565227175
-0.4131575775724217,-0.9137457491270558,-0.15707237239547114,1.2051657079214182,-1.0843307520119208,1.421989419768212,1.6301586173688212,0.010644543910173894,-0.31268922017074297,-0.856768061026413,0.567168155739731,-0.3752878039010609,-0.2938229245445907,-0.7482559527989915,-0.7114402043137261,0.08084367232630846,1.0603563223961125,0.36734280418564486,1.5939451530283242,-0.6679556155507369,1.1719644239914087,0.7144394248824724,0.4307210257473711,0.12957127360019197,-0.8118408799037107,1.5247152620306863,-0.3106655897970653,-0.31625247606275486,-0.4773304480918626
0.39715616930855624,-0.5309435732734866,0.04546935089224346,0.12753575032664946,0.41661371891312726,1.0675894702407056,0.010644543910173894,0.47100124895983453,-0.29130781292197266,-0.5976682588408262,0.5002062923427677,0.663858502284246,0.05092257590620089,0.09893776749204695,-0.4972772931424082,-0.26952162510146477,-0.05421225022075673,-0.8443931197185979,-0.23244833280148797,0.20768991390332314,0.05933473138607574,0.7997482930666506,-0.7472943352203956,0.14548470985768475,-0.4337748491829278,-0.6178571940825567,0.4398338149281852,0.5883243837841987,0.15924244053190803
-0.21052439947616491,0.8359972437062642,-0.2034230537695329,-0.48102680044918683,0.18750270166880867,-1.240132129976137,-0.31268922017074297,-0.29130781292197266,0.4610338551877848,0.7453075830673078,-0.5980270471198706,-0.49119096097205295,0.16403898959260052,0.10251220160009433,0.5847909213537168,0.3010067854484167,-0.06258310351583432,0.5469376574365635,-0.0723482297913697,0.024707925285075226,-0.3546583574538479,-0.8569298585759082,0.5859261941044748,-0.2196360721750681,0.5355967427781257,0.2852239922623898,-0.3361978974082856,-0.26609924174040367,-0.17571357587865738
-0.20130007875515696,1.642003969508548,0.25624902704178265,-0.9965963830219484,0.31141019718585944,-2.549525919261883,-0.856768061026413,-0.5976682588408262,0.7453075830673078,1.6216453882931672,-1.1429265924263623,-0.7567842658790115,-0.07528658225047488,0.5446830115357039,1.4048662895629629,0.46470858021240896,-0.6986553544527379,0.9807250462860625,-0.6570526876363753,0.21809525921684486,-1.0290795574735405,-1.7656244074218272,1.0865103454620713,-0.46771476311357935,1.1620430017083954,-0.22932247893318355,-0.5909074090426958,-0.6027525504987323,-7.368397962752199e-4
0.2886526261744442,-1.1672027648493326,0.22462547494741514,0.708667716184159,-0.21558228179367378,1.9673786133654088,0.567168155739731,0.5002062923427677,-0.5980270471198706,-1.1429265924263623,1.032496519357417,0.8161396140538655,-0.12451916205525985,-0.1551572524015279,-0.9783854165394494,-0.492814610269858,0.2283488470314701,-0.8317118836679117,0.19962013476106344,0.0011788160701252056,0.521563315357206,1.3260842034117382,-0.9363772082152962,0.4021851095249617,-0.8726144564912703,-0.2867041106117765,0.5089403705590969,0.46579006946001733,0.1507360050956838
0.7198802164256554,-0.699933106992239,0.4373658448970156,-3.6073905845810864e-4,0.6519936491771631,1.437693371588726,-0.3752878039010609,0.663858502284246,-0.49119096097205295,-0.7567842658790115,0.8161396140538655,1.2745752522024643,-0.008919055924706324,0.404037404027489,-0.6452624901963766,-0.5982191351205594,-0.5188499701509778,-1.343968293214849,-0.8840833306249689,0.5194256897751423,-0.24576450491680643,1.1263966042284286,-1.3738013457635707,0.3088345701934376,-0.518516159630837,-1.5147816540592935,0.8189428025475899,0.8698538353637333,0.5102239692107287
-0.06648980247611838,0.12065237260103209,-0.7495393856067551,-0.2951100123006137,0.41348711358750534,-0.1041585287921775,-0.2938229245445907,0.05092257590620089,0.16403898959260052,-0.07528658225047488,-0.12451916205525985,-0.008919055924706324,0.6712902712587655,-0.17094799959570015,-0.20509765462544247,0.011664285449311165,0.2787445829209217,-0.13936591487612643,0.058045832104315,0.04004734104919444,0.09273461231728183,0.13910206678732565,-0.2910094704146227,0.06172750931783561,0.029882677415231804,0.3480009673611212,0.1263935623387297,0.3203784245613581,-0.20524923135016276
0.4801308635449536,0.5775747079650226,0.6896749716998931,-0.6082410236999556,0.6739222661945163,-0.6091146754478183,-0.7482559527989915,0.09893776749204695,0.10251220160009433,0.5446830115357039,-0.1551572524015279,0.404037404027489,-0.17094799959570015,0.7865246423559838,0.6003190608355907,-0.13790959976955067,-1.0124090949432996,-0.36218122834299193,-1.0573301223490288,0.5425651429962678,-0.8707955520065619,-0.23168977273820876,-0.2088730010562977,-0.16929918132068442,0.351010350233262,-1.4336606675750971,0.12094600820641115,0.30707803563719843,0.3706692966228771
-0.06532298360310487,1.3694701677270054,0.44010736934473443,-0.8125330998003808,0.2552288340683383,-2.1643223404149032,-0.7114402043137261,-0.4972772931424082,0.5847909213537168,1.4048662895629629,-0.9783854165394494,-0.6452624901963766,-0.20509765462544247,0.6003190608355907,1.3507829966461373,0.37652422430437854,-0.8082687846494973,0.7732476556895408,-0.6148000808140757,0.21368936594269936,-0.9063435918306245,-1.4043370408193427,0.9632963054094729,-0.48111846713748585,0.975735189161712,-0.4547820140477008,-0.5593616008827507,-0.44807204279599117,0.04690770409570978
-0.2925248928127159,0.4726091951784392,-0.25424321715718184,-0.12789440533740407,-0.09733425428497308,-0.8224755867795274,0.08084367232630846,-0.26952162510146477,0.3010067854484167,0.46470858021240896,-0.492814610269858,-0.5982191351205594,0.011664285449311165,-0.13790959976955067,0.37652422430437854,0.35881699476219203,0.22280494905606682,0.5803348252022618,0.3093981956931936,-0.18497987649260308,-0.00994330710555609,-0.6747734852700867,0.6936356029454507,-0.21104730251263865,0.326291324805244,0.6257746298320566,-0.3752733507814077,-0.3742295718131522,-0.23190666495295648
-0.6159209662382084,-0.6735550370081507,-0.9835413162906371,0.7664542575035301,-0.7411587512274218,0.829472542523032,1.0603563223961125,-0.05421225022075673,-0.06258310351583432,-0.6986553544527379,0.2283488470314701,-0.5188499701509778,0.2787445829209217,-1.0124090949432996,-0.8082687846494973,0.22280494905606682,1.4395359553994507,0.4373734277259592,1.4610397541374474,-0.6876522394540504,1.1128605239233809,0.27475108249448676,0.31397587765706003,0.20732526451917008,-0.4883873911639112,1.9599614171372672,-0.17961112409621285,-0.34432991557857884,-0.5734811695979561
-0.8534381878239712,0.8773383970000684,-0.1904322746555933,-0.008191299854192162,-0.9383869611718612,-1.7378958669984206,0.36734280418564486,-0.8443931197185979,0.5469376574365635,0.9807250462860625,-0.8317118836679117,-1.343968293214849,-0.13936591487612643,-0.36218122834299193,0.7732476556895408,0.5803348252022618,0.4373734277259592,1.683573047054291,0.8196541220631672,-0.5329415529178937,0.10442132658112517,-1.460834542779363,1.5600614146654097,-0.2558503251573398,0.6588920866541357,1.5827094536562125,-0.912265407294938,-1.1974883246028745,-0.45089218801518144
-0.7578337776539555,-0.6824139427671612,-0.7607159292657144,1.0894135297416219,-1.1995253334268716,0.8352738591535966,1.5939451530283242,-0.23244833280148797,-0.0723482297913697,-0.6570526876363753,0.19962013476106344,-0.8840833306249689,0.058045832104315,-1.0573301223490288,-0.6148000808140757,0.3093981956931936,1.4610397541374474,0.8196541220631672,1.97975626599877,-0.894877799024972,1.3768523464425975,0.35157746579223637,0.7810761644355111,0.07694864418899755,-0.5969019753438988,2.339101114536886,-0.5367850761490106,-0.5333512892379625,-0.7604093058824147
0.4347518401456524,0.30671434445013873,0.3404915879706045,-0.5003714020484749,0.7044255215222284,-0.18285702076586194,-0.6679556155507369,0.20768991390332314,0.024707925285075226,0.21809525921684486,0.0011788160701252056,0.5194256897751423,0.04004734104919444,0.5425651429962678,0.21368936594269936,-0.18497987649260308,-0.6876522394540504,-0.5329415529178937,-0.894877799024972,0.4805696649767599,-0.6328679048857487,0.03472043661766402,-0.47054725732653724,-0.03792289767859168,0.16733322574423395,-1.156565618014149,0.2883143386167078,0.4276340392269497,0.30837101305560155
-0.38638108920967523,-1.0921375288071007,-0.5957179334814502,1.0103558661521803,-0.8700633622672163,1.4281186531678136,1.1719644239914087,0.05933473138607574,-0.3546583574538479,-1.0290795574735405,0.521563315357206,-0.24576450491680643,0.09273461231728183,-0.8707955520065619,-0.9063435918306245,-0.00994330710555609,1.1128605239233809,0.10442132658112517,1.3768523464425975,-0.6328679048857487,1.2409784756304805,0.8944429962643522,-0.004354077282573621,0.23920178699534203,-0.7691295005106803,1.4562397619307534,-0.06048341629898432,-0.0952012601942752,-0.41233263662581854
0.5387963595490838,-1.7103756082779986,-0.024933067191879855,0.9063155827698908,0.038702736661693854,2.9030606196035524,0.7144394248824724,0.7997482930666506,-0.8569298585759082,-1.7656244074218272,1.3260842034117382,1.1263966042284286,0.13910206678732565,-0.23168977273820876,-1.4043370408193427,-0.6747734852700867,0.27475108249448676,-1.460834542779363,0.35157746579223637,0.03472043661766402,0.8944429962643522,2.299100999955501,-1.502508483948615,0.4448398904308635,-1.327259892263735,-0.45894338943851404,0.7583850769026688,1.0932489587965235,0.10802799833908959
-0.7109361827533811,0.9956292836208042,-0.06704367007346708,-0.05186950408424326,-0.7021141916330451,-1.791848469889042,0.4307210257473711,-0.7472943352203956,0.5859261941044748,1.0865103454620713,-0.9363772082152962,-1.3738013457635707,-0.2910094704146227,-0.2088730010562977,0.9632963054094729,0.6936356029454507,0.31397587765706003,1.5600614146654097,0.7810761644355111,-0.47054725732653724,-0.004354077282573621,-1.502508483948615,1.7244777600872743,-0.43267403408014665,0.6734519532914488,1.3515319377119157,-0.9882351677941145,-1.0865106642115192,-0.4610362036812464
0.01631840810854174,-0.4774983687374668,-0.06532502862275436,0.2446792579519321,-0.15063139739728917,0.7136935983847968,0.12957127360019197,0.14548470985768475,-0.2196360721750681,-0.46771476311357935,0.4021851095249617,0.3088345701934376,0.06172750931783561,-0.16929918132068442,-0.48111846713748585,-0.21104730251263865,0.20732526451917008,-0.2558503251573398,0.07694864418899755,-0.03792289767859168,0.23920178699534203,0.4448398904308635,-0.43267403408014665,0.24764185004854145,-0.300020610671293,0.051398277352509784,0.25171464222774004,0.10394757989504397,0.05907011773860455
-0.1490711514223721,1.15736286565981,0.06406272760105225,-0.8050138784199727,0.28674093414116436,-1.9224318552118782,-0.8118408799037107,-0.4337748491829278,0.5355967427781257,1.1620430017083954,-0.8726144564912703,-0.518516159630837,0.029882677415231804,0.351010350233262,0.975735189161712,0.326291324805244,-0.4883873911639112,0.6588920866541357,-0.5969019753438988,0.16733322574423395,-0.7691295005106803,-1.327259892263735,0.6734519532914488,-0.300020610671293,0.9111479244038866,-0.20112662498889441,-0.34463763232597006,-0.4287856473552711,0.051828995428338576
-1.2715296413139425,-0.22105614883361174,-1.3628274060231038,0.8988162134277469,-1.4454429536738966,-0.10208044653190376,1.5247152620306863,-0.6178571940825567,0.2852239922623898,-0.22932247893318355,-0.2867041106117765,-1.5147816540592935,0.3480009673611212,-1.4336606675750971,-0.4547820140477008,0.6257746298320566,1.9599614171372672,1.5827094536562125,2.339101114536886,-1.156565618014149,1.4562397619307534,-0.45894338943851404,1.3515319377119157,0.051398277352509784,-0.20112662498889441,3.3856804146114867,-0.827692969272796,-1.0631304611006356,-1.0359189517337772
0.4141037712022853,-0.5513552009161691,0.04505773297079806,-0.011118619137727541,0.4456476603665117,0.9849322327114073,-0.3106655897970653,0.4398338149281852,-0.3361978974082856,-0.5909074090426958,0.5089403705590969,0.8189428025475899,0.1263935623387297,0.12094600820641115,-0.5593616008827507,-0.3752733507814077,-0.17961112409621285,-0.912265407294938,-0.5367850761490106,0.2883143386167078,-0.06048341629898432,0.7583850769026688,-0.9882351677941145,0.25171464222774004,-0.34463763232597006,-0.827692969272796,0.6101338052619588,0.5791426683018583,0.31729325748131093
0.6198875397772327,-0.4162327326118394,-0.04350562861257148,-0.14549809072485997,0.8757025183801371,1.0633060505895706,-0.31625247606275486,0.5883243837841987,-0.26609924174040367,-0.6027525504987323,0.46579006946001733,0.8698538353637333,0.3203784245613581,0.30707803563719843,-0.44807204279599117,-0.3742295718131522,-0.34432991557857884,-1.1974883246028745,-0.5333512892379625,0.4276340392269497,-0.0952012601942752,1.0932489587965235,-1.0865106642115192,0.10394757989504397,-0.4287856473552711,-1.0631304611006356,0.5791426683018583,1.0311657256437505,0.18977218875580598
0.35111712101631415,-0.08248278396208689,0.4895767515460806,-0.19014558344511925,0.2652742093044834,0.11672414565227175,-0.4773304480918626,0.15924244053190803,-0.17571357587865738,-7.368397962752199e-4,0.1507360050956838,0.5102239692107287,-0.20524923135016276,0.3706692966228771,0.04690770409570978,-0.23190666495295648,-0.5734811695979561,-0.45089218801518144,-0.7604093058824147,0.30837101305560155,-0.41233263662581854,0.10802799833908959,-0.4610362036812464,0.05907011773860455,0.051828995428338576,-1.0359189517337772,0.31729325748131093,0.18977218875580598,0.41806793304100304
