V1,V2,V3,V4,V5,V6,V7,V8,V9,V10,V11,V12,V13,V14,V15,V16,V17,V18,V19,V20,V21,V22,V23,V24,V25,V26,V27,V28,V29,V30,V31,V32,V33,V34,V35,V36,V37,V38,V39,V40,V41,V42,V43,V44
0.4765529253730298,-0.625515356598483,0.3783547089062751,-0.7280258257827024,-0.3273685254906058,0.11350999505499615,0.6909030312220155,0.10754842644113059,-0.3555395702667798,0.018668789424776427,-0.28825514629949356,0.09160590819308247,0.2241000858081981,0.023764145396740273,-0.5936017010733823,-0.456995051336377,-0.927089846022448,-0.24111031557259216,-0.03007391087440793,-0.3258965678613007,-0.052154088692299004,-0.6165618166795072,-0.4034662554378475,0.3649391878583732,-0.2676077891831889,-0.2905291447949965,0.02271930607485279,-0.18777098393081035,0.19998088349828486,-0.1138460298446426,0.06582687438962083,-0.1188475621505829,-0.47397144407851527,-0.3784551776113747,0.1718910186264419,-0.3692225098882714,-0.4711574682955057,-0.3419924330470085,0.20654984923346115,0.3642204117265773,-0.0012586160614250922,-0.4390385334720258,-0.3544969122821085,0.2891889515750284
-0.625515356598483,2.982821079382165,-0.7904835309737942,1.2652767248649814,0.5607585139085678,0.38602826672197976,-0.46787802888976965,0.12032611558851121,0.6197962481099514,0.033562541393638394,0.7798816873792747,0.24247348625025975,-0.07167540795042375,-0.006022310736219202,0.6826293727380414,-0.41664692129713476,2.000993779573442,0.358380727161412,-0.7204214854589902,0.21161041985192733,-0.4471724139424243,1.7203134523254042,0.9953674261474597,-0.3412045505317689,0.4371508776007656,0.11085300755254912,-0.19013906655814516,0.09152676971160188,-0.04950685733861494,-0.3376437674705612,0.47274472739278245,0.3132436851509488,1.0334404938518127,0.5268902350011855,-0.6454503741889551,1.0190782669313836,-0.30942432224127087,2.0203977127919073,-0.38265540330371633,0.35912684882778073,0.19623158298677434,1.061126666877568,1.3036360136127105,-0.8252448439220401
0.3783547089062751,-0.7904835309737942,0.8023355673426651,-0.2516848937781151,-0.23204989092830705,-0.44036154837066854,-0.10655404761672131,0.44681521113539163,-0.14822031087451187,-0.28973903951188623,-0.1770283569004523,-0.4923460582353978,-0.10719180070516014,0.21364269519458257,-0.04179382332818548,-0.455818076417332,-0.8841628839551404,-0.30488042958782124,-0.12188796752939497,-0.627665881071035,-0.21260364041573043,-0.6946177096666147,0.09493039351771601,0.09775896617590044,0.03400445129360766,-0.6325259484070187,0.004879451454930109,0.0925103166466132,-0.06356089807112923,-0.4735626039752224,0.03114692430860003,-0.08546457528045187,-0.011605185837921389,-0.66890440035554,-0.0557807295224574,-0.19878061175988876,0.42682499836132837,-0.35635268139744247,0.1255065306321961,-0.31260371364162065,-0.9937739477087074,0.2551353180277837,-0.7073981582771091,-0.1938493911231868
-0.7280258257827024,1.2652767248649814,-0.2516848937781151,2.02395849391906,0.378680895646222,-0.5656794593699951,-1.6996407486187861,0.07684702777131908,0.8422469497585999,-0.5297485698745801,0.6519473681199536,-0.8057764272771293,-0.7918327328138798,0.33845077248562844,1.0466878233736359,9.160953570731921e-4,1.4903632155275177,0.24171405728374168,-0.6374696003061673,0.21093821155232667,-0.6036159914851993,0.9681268481914651,1.786653769829715,-1.1589513052461722,0.9738299810317562,0.33421853230518495,-0.12790427783284267,0.8150310880920766,-0.17227082722345052,-0.308955380038022,0.47240334708490694,0.37855317802034255,1.5518149397768033,0.29400288803799646,-0.6057498536605644,0.9164559088427123,1.2502224877977535,1.2835682683867693,-0.7738440462308058,-1.2434637588756592,-0.9308600277427622,1.6892465580584295,0.3795410253910704,-1.0568912504692343
-0.3273685254906058,0.5607585139085678,-0.23204989092830705,0.378680895646222,1.0370676391676428,-0.3710389502230515,-0.9433112090203197,-0.03639031033420547,0.4749029802213682,0.12226833498163646,0.3413664365193683,0.006295970667265378,-0.043170787531038035,0.08631372390875446,1.2203845651228498,1.2058738347199591,1.2240578035112277,0.3344797358590752,0.6306229528882886,0.059971803056415675,0.4006403926971815,0.5307125256835977,-0.07841623302621362,-0.0684303054919244,0.1937477867575238,0.14216057412332087,0.41368530235774154,-0.3002389314841109,-0.5890222544870648,0.11056503192974881,-0.6661695218872034,0.16586638943741017,0.15482644738802595,0.3791663291817993,-0.13584062736819655,0.3506102688450828,0.77428121458633,-0.15143055043234166,0.014629139712266148,-0.18582659932327025,-0.175068895462619,0.42299306656552343,0.23427283092617116,-0.5170896665821496
0.11350999505499615,0.38602826672197976,-0.44036154837066854,-0.5656794593699951,-0.3710389502230515,0.8708723097983504,1.185064350575887,-0.2835145299632628,-0.43372046080617854,0.33830977190695366,-0.10194818946133241,0.7677468979686632,0.38508001573433553,-0.28959490102328167,-0.7941573141345475,-0.3703910132939542,-0.2465926029328287,0.11405080375962214,-0.026473403754297502,0.297128373216861,0.092189820747998,0.0766686516307946,-0.4554178799524098,0.5455773857155171,-0.44643573694149763,0.10540104235373092,-0.13684735682907262,-0.17267662002631926,0.3975345087082276,0.2736061497756646,0.1938517702900069,-0.060745119957111425,-0.37201658662725146,0.21633167160337957,0.1466729974049562,-0.28873595956322196,-1.3436097600939005,0.22553492876397602,0.13565143298973426,0.919084962730272,1.1254398279763167,-0.7762829151857357,0.34781863989572276,0.7398935521544286
0.6909030312220155,-0.46787802888976965,-0.10655404761672131,-1.6996407486187861,-0.9433112090203197,1.185064350575887,3.070110226064005,-0.47426791687477515,-0.921119033637003,0.48218820817989727,-0.5756173848292727,1.3006241442783621,0.9031904371504512,-0.5366418248880735,-2.0405068994479794,-0.9607371343618877,-1.6581393988516497,-0.4742970006622307,0.029970746406812937,0.38239977071984377,0.4101799879429713,-0.3548878371487297,-1.3109806059672902,0.591253375763724,-1.068594094231232,0.45032551600298854,-0.3205851772334005,-0.6438708852929007,1.1099340191714464,0.4679955000749011,0.47816628140264855,-0.6364697666100388,-1.3839796036090446,-0.3179206673415422,0.5880078184996085,-0.6012628973137855,-2.277371600885552,-0.03173149173110911,0.10307586753554594,1.3344868156842082,2.115781715726065,-2.002383877342589,0.2503936401847656,1.4358819126117233
0.10754842644113059,0.12032611558851121,0.44681521113539163,0.07684702777131908,-0.03639031033420547,-0.2835145299632628,-0.47426791687477515,0.7773221134923125,0.2940123917027254,-0.11279046305360678,0.15344654788591816,-0.5137072998584302,-0.2176796304290147,0.03642955541749638,0.4014928191187825,-0.4422719499479316,-0.09669151642212237,-0.2187735232350653,-0.27205889046113696,-0.5767022857479881,-0.26764406202501845,-0.16424365038718997,0.3361561965871386,0.05055798608905654,0.14494761016742508,-0.8173299824104695,-0.13782738902159197,0.0367249843555327,-0.1543162586191384,-0.6334872160587718,-0.0030363513387452823,-0.1745289504975971,0.23480255929811755,-0.38363148404827135,-0.2635776783329461,0.05575219237975592,0.54022348598054,0.12620011109274704,0.16863331438071189,-0.06794035272666728,-0.9662614649398272,0.5771527674948774,-0.20575589859527826,-0.33540495283803046
-0.3555395702667798,0.6197962481099514,-0.14822031087451187,0.8422469497585999,0.4749029802213682,-0.43372046080617854,-0.921119033637003,0.2940123917027254,1.1208472930759497,-0.1477926158152737,0.5152971080706817,-0.562998960854085,-0.48535389799538536,0.10280188762930907,0.7975659920831346,0.30352442850185035,0.9761207943504634,-0.14143113035014412,-0.21696808277169605,0.10552268199330513,0.027193731636326022,0.6456397371873352,0.644937307819167,-0.8739766256249023,0.5084225258651236,0.2395069534642493,-0.11997211496681301,0.06439105889677127,-0.0020159641614684344,-0.1355901650263068,0.044506683318827685,-0.22951963916731521,0.5621290761912874,0.23102479067980156,-0.23929669271088627,0.5377137445316676,1.1094605125111834,0.5516402788740731,-0.5222403882496973,-0.5419684528851632,-0.25579870381434155,0.6800946426239369,0.35369377146448305,-0.5953855743337503
0.018668789424776427,0.033562541393638394,-0.28973903951188623,-0.5297485698745801,0.12226833498163646,0.33830977190695366,0.48218820817989727,-0.11279046305360678,-0.1477926158152737,0.5808470443155246,-0.20621177790935452,0.5144821996474557,0.34158995765293687,-0.3400623021935602,0.043777045061315835,0.31773161795592425,0.17504863324469258,0.24532441929817692,0.4964153555043879,0.12888045886692384,0.3438882004042313,-0.08705489200461983,-0.4410846628948188,0.4427626308469366,-0.3117515599276644,0.06811450941033571,0.1964817587826705,-0.4452312708554501,0.04502426624262042,0.06027896784131162,-0.4649719974468482,-0.17298624419781097,-0.5255177764794936,0.13946828127037997,0.16680939044587556,-0.22390135468465475,-0.5614128623706865,-0.2730186397503865,0.22884866725751526,0.594521146379643,0.719848946807818,-0.5916731664788972,0.27317253618334153,0.3757571026860947
-0.28825514629949356,0.7798816873792747,-0.1770283569004523,0.6519473681199536,0.3413664365193683,-0.10194818946133241,-0.5756173848292727,0.15344654788591816,0.5152971080706817,-0.20621177790935452,0.5527171108714116,-0.24603961681090897,-0.30911048336692515,0.1305640631236124,0.5287871293740322,0.17741516835197743,0.7406729933229809,0.017458601344704543,-0.19334734660302363,0.024742998046925712,-0.012400513444761443,0.6570727304047487,0.39344068750452177,-0.36201691932880714,0.29404978815843874,0.07107713208921405,-0.12375484488226711,0.15407087106655562,-0.10929792220276298,-0.001976792404880971,0.18780364686127807,0.09189429713525346,0.5725172510907625,0.2909034588637378,-0.30813982323832134,0.4226067188591706,0.56971023365826,0.4880262826481094,-0.2402350752488447,-0.27623584697045683,-0.20044287195556995,0.5962358095681347,0.2360456107068983,-0.4095191259057948
0.09160590819308247,0.24247348625025975,-0.4923460582353978,-0.8057764272771293,0.006295970667265378,0.7677468979686632,1.3006241442783621,-0.5137072998584302,-0.562998960854085,0.5144821996474557,-0.24603961681090897,1.220624475496676,0.6617753642938337,-0.3541454580498085,-0.567660078658803,0.31781240577696906,-0.12575389381229868,0.13108410254618022,0.5385860724956663,0.5642244854085169,0.5079720392206619,0.2223257055517501,-1.034564959234909,0.667014384157879,-0.7041714067953847,0.30707071862875124,0.03672122123037431,-0.5023230527794845,0.1304036545799784,0.5884467343344454,-0.2844875956745763,-0.09676019847573089,-0.7803637850853158,0.32039892249881274,0.37808401170322875,-0.26149131138682197,-1.462856455462518,-0.12507629383236882,0.3377145384014976,0.9930322015377043,1.4399703256923229,-1.1137456184676984,0.42458472241585016,0.8313099354274663
0.2241000858081981,-0.07167540795042375,-0.10719180070516014,-0.7918327328138798,-0.043170787531038035,0.38508001573433553,0.9031904371504512,-0.2176796304290147,-0.48535389799538536,0.34158995765293687,-0.30911048336692515,0.6617753642938337,0.6058584669250396,-0.256139934671067,-0.4962757968079549,0.08585307100455414,-0.32392172944315895,-0.010721770548385646,0.34439124849211367,0.13280377283282985,0.2960258553359796,-0.16270251535601193,-0.7712652835194806,0.576867727296745,-0.45852946583596677,0.04985327212649266,0.14992167003704623,-0.42572397888797064,0.07925847111645981,0.27057729771838274,-0.15418288904895677,-0.07607195564414161,-0.7245813776586665,0.028762770128688456,0.2260367797976413,-0.29915325614419813,-0.8872740483655059,-0.3121372505408934,0.36631850228156726,0.6948412118861726,0.6867158492422927,-0.7541617489726931,0.1477689491646622,0.46243392788432774
0.023764145396740273,-0.006022310736219202,0.21364269519458257,0.33845077248562844,0.08631372390875446,-0.28959490102328167,-0.5366418248880735,0.03642955541749638,0.10280188762930907,-0.3400623021935602,0.1305640631236124,-0.3541454580498085,-0.256139934671067,0.4014804454264234,0.17732656499088773,-0.1235539505507344,0.010313492038531451,0.012266037476708864,-0.2627408845197204,-0.26344398544052255,-0.28506330348618913,-0.020085964877726833,0.2742842603790535,-0.16698118229500208,0.2609910332361779,-0.104409164167172,0.01192188965380197,0.2390197965858024,-0.16895233578126234,-0.1390167068546845,0.11063069635654867,0.2813156959503711,0.39841655276596394,-0.058852291000018674,-0.11569813605628164,0.1260574273136499,0.36709679244475896,0.12758389443696544,-0.11028825793765513,-0.3088293041899481,-0.5883599098303338,0.4549448100419232,-0.2693092821256817,-0.4462535709770699
-0.5936017010733823,0.6826293727380414,-0.04179382332818548,1.0466878233736359,1.2203845651228498,-0.7941573141345475,-2.0405068994479794,0.4014928191187825,0.7975659920831346,0.043777045061315835,0.5287871293740322,-0.567660078658803,-0.4962757968079549,0.17732656499088773,2.2042837568826577,1.3020037119635883,1.7188980864176908,0.6064876160815523,0.6687189226634798,-0.2857163621358063,0.18756794465742394,0.46185624144012105,0.6921231500678858,-0.16561415444852182,0.5632162136126203,-0.3555322801421446,0.46964996951403964,0.020938194283973834,-0.92985586091557,-0.4383907466863273,-0.9547334922782275,0.2268064095369094,0.8341986115280178,0.23830038552424068,-0.4633188329756522,0.48353538555854964,1.6714002269465575,-0.06424467634861902,-0.03676533931133093,-0.7256159065857375,-1.1593796338103173,1.2766633521317992,-0.017002518911432372,-0.9468803386677482
-0.456995051336377,-0.41664692129713476,-0.455818076417332,9.160953570731921e-4,1.2058738347199591,-0.3703910132939542,-0.9607371343618877,-0.4422719499479316,0.30352442850185035,0.31773161795592425,0.17741516835197743,0.31781240577696906,0.08585307100455414,-0.1235539505507344,1.3020037119635883,2.404404788253466,1.1117559060063185,0.4634818779108268,1.4880222612579028,0.5950170589556327,1.0806374319318137,0.2982379216732043,-0.838460983714905,0.15165741349705522,-0.10866194975113087,0.46199702512654134,0.5849663482809193,-0.4238861915419198,-0.8363719440295969,0.848890640175629,-1.2184362373332063,0.08632745810292787,-0.3439037208222497,0.7921843083034706,0.2125803300105474,-0.023696145596261695,0.9291166308857731,-1.2280610962832617,0.27859288375960073,-0.272366717202454,0.3533473689662958,-0.23219556349230333,0.04135082082250793,0.08313612407356791
-0.927089846022448,2.000993779573442,-0.8841628839551404,1.4903632155275177,1.2240578035112277,-0.2465926029328287,-1.6581393988516497,-0.09669151642212237,0.9761207943504634,0.17504863324469258,0.7406729933229809,-0.12575389381229868,-0.32392172944315895,0.010313492038531451,1.7188980864176908,1.1117559060063185,2.6080383059844956,0.6989633164962396,0.188312040644853,0.40010180225681724,0.0710503350849761,1.4376239799635855,0.9010890530427907,-0.56901980650212,0.672567322110622,0.4791499605391518,0.2952319012510802,0.026474338826851348,-0.5676481865187143,-0.008059372860231942,-0.39748843842994064,0.36946245696108737,0.9570411207539401,0.8666347444477258,-0.4949179262429505,0.9143409032103712,0.9688515312166579,0.9313073585692024,-0.3752775685821049,-0.3630585153901412,-0.07801520330709928,1.1595438036956043,1.0018879828663623,-0.9600773669549443
-0.24111031557259216,0.358380727161412,-0.30488042958782124,0.24171405728374168,0.3344797358590752,0.11405080375962214,-0.4742970006622307,-0.2187735232350653,-0.14143113035014412,0.24532441929817692,0.017458601344704543,0.13108410254618022,-0.010721770548385646,0.012266037476708864,0.6064876160815523,0.4634818779108268,0.6989633164962396,0.7189082725665155,0.4001546757661336,-0.012741373212488524,-0.036012617590190026,-0.04886181165616163,0.26840251887149064,0.4163916074753416,0.11516833855209896,-0.06377034399342392,0.3702798724468322,0.049014248084977945,-0.27997800239778997,-0.11787762128583694,-0.43128201461410604,0.33783578819512855,0.28885532632344296,0.24271349371468046,-0.1641586031641848,-0.11163710812718211,-0.08267576436429011,-0.04231566864610851,0.0509839531681219,0.13493027016950776,-0.006154564222945052,0.2093223106073594,0.0523893168497597,-0.08086287758479035
-0.03007391087440793,-0.7204214854589902,-0.12188796752939497,-0.6374696003061673,0.6306229528882886,-0.026473403754297502,0.029970746406812937,-0.27205889046113696,-0.21696808277169605,0.4964153555043879,-0.19334734660302363,0.5385860724956663,0.34439124849211367,-0.2627408845197204,0.6687189226634798,1.4880222612579028,0.188312040644853,0.4001546757661336,1.3865114435950412,0.23289235716036605,0.8600629729515845,-0.3597047492718949,-0.8856716737684085,0.6688376672190545,-0.4060025528452143,0.04418945887901276,0.5633428865205837,-0.5160115751305193,-0.43643016437077903,0.4138984785901736,-1.0811129453532706,-0.10269225657889833,-0.640269022482342,0.23711230353904691,0.2577361591826505,-0.4278368508823367,0.06695439426249707,-1.2091295940471198,0.4018028959891705,0.21103149307417474,0.4651153219392212,-0.6252215544018388,-0.2185941205094308,0.5246855033721292
-0.3258965678613007,0.21161041985192733,-0.627665881071035,0.21093821155232667,0.059971803056415675,0.297128373216861,0.38239977071984377,-0.5767022857479881,0.10552268199330513,0.12888045886692384,0.024742998046925712,0.5642244854085169,0.13280377283282985,-0.26344398544052255,-0.2857163621358063,0.5950170589556327,0.40010180225681724,-0.012741373212488524,0.23289235716036605,1.013748546458147,0.36163305160910963,0.6142435480618987,-0.25014770615040927,-0.3701081596064777,-0.16235035974679676,0.8273508118068587,-0.15133478636222725,-0.022713148429469785,0.17720729083052064,0.7625723471920439,0.051987847065538446,-0.1447149042809589,-0.1815753680903115,0.5484538141443367,0.250522136489076,0.1423270212523344,-0.36598566166893476,0.17082777051646172,-0.21495263218715618,-0.00957087379885832,1.119927684068765,-0.48454684712518997,0.5814706054440053,0.47314498489571616
-0.052154088692299004,-0.4471724139424243,-0.21260364041573043,-0.6036159914851993,0.4006403926971815,0.092189820747998,0.4101799879429713,-0.26764406202501845,0.027193731636326022,0.3438882004042313,-0.012400513444761443,0.5079720392206619,0.2960258553359796,-0.28506330348618913,0.18756794465742394,1.0806374319318137,0.0710503350849761,-0.036012617590190026,0.8600629729515845,0.36163305160910963,0.9582426154148831,0.12821236811388412,-0.9843267836850561,0.2104978903060079,-0.41305480491058894,0.3718618402804737,0.16118399559878918,-0.4830586394117441,-0.10727584846812156,0.6289660170231213,-0.5616592457166402,-0.2771447920814086,-0.6523603903029522,0.31987563892509563,0.2995457208624571,-0.1565288610187774,0.0377135728450589,-0.8112071081290007,0.17814556579837243,0.16953093372737688,0.8399588974327962,-0.7873777927711998,0.025166843504442548,0.48054629892094725
-0.6165618166795072,1.7203134523254042,-0.6946177096666147,0.9681268481914651,0.5307125256835977,0.0766686516307946,-0.3548878371487297,-0.16424365038718997,0.6456397371873352,-0.08705489200461983,0.6570727304047487,0.2223257055517501,-0.16270251535601193,-0.020085964877726833,0.46185624144012105,0.2982379216732043,1.4376239799635855,-0.04886181165616163,-0.3597047492718949,0.6142435480618987,0.12821236811388412,1.7000915112691828,0.20932854110418506,-0.8126332211349034,0.21590299118300527,0.7035914704815548,-0.3571940569634684,0.00717158814492677,-0.09733038491414892,0.3426753881848207,0.29221368065809367,0.07720651747669513,0.5189981872985797,0.634020475345068,-0.1915996997284656,1.0004556183556172,0.22553342259723644,1.1341335454364736,-0.3822481076622887,-0.18327305514047204,0.5631674456263048,0.4464326991775785,1.0415456730809682,-0.5471197338504646
-0.4034662554378475,0.9953674261474597,0.09493039351771601,1.786653769829715,-0.07841623302621362,-0.4554178799524098,-1.3109806059672902,0.3361561965871386,0.644937307819167,-0.4410846628948188,0.39344068750452177,-1.034564959234909,-0.7712652835194806,0.2742842603790535,0.6921231500678858,-0.838460983714905,0.9010890530427907,0.26840251887149064,-0.8856716737684085,-0.25014770615040927,-0.9843267836850561,0.20932854110418506,2.35634319433171,-0.9081220962012053,1.0411525249424474,-0.09789362974801935,-0.032011651240479055,0.8842730602086779,0.24276350343010514,-0.9090362588899603,0.7055215321328583,0.24384138267731534,1.5713821777831716,-0.23148311809317945,-0.7428390233491596,0.5561018521648677,0.940859150630554,1.4102586489927247,-0.8653143084691725,-1.082554195818608,-1.2370915001776397,1.7603679813381903,0.09509008735091193,-0.932469764706135
0.3649391878583732,-0.3412045505317689,0.09775896617590044,-1.1589513052461722,-0.0684303054919244,0.5455773857155171,0.591253375763724,0.05055798608905654,-0.8739766256249023,0.4427626308469366,-0.36201691932880714,0.667014384157879,0.576867727296745,-0.16698118229500208,-0.16561415444852182,0.15165741349705522,-0.56901980650212,0.4163916074753416,0.6688376672190545,-0.3701081596064777,0.2104978903060079,-0.8126332211349034,-0.9081220962012053,1.5769128168880358,-0.5987926544833604,-0.9010590290987545,0.3613743830169446,-0.33834371966053983,-0.3199998392198347,-0.03418591183391687,-0.6195703602849306,0.18590609810002942,-0.6087174019351126,-0.05677559924636085,0.10486183868432325,-0.8401135298766264,-1.0790290693737812,-0.8561244815687841,0.8741587845602433,1.1211694108910617,0.10106418630655954,-0.6476523946935091,-0.4298559691634199,0.6908381345301575
-0.2676077891831889,0.4371508776007656,0.03400445129360766,0.9738299810317562,0.1937477867575238,-0.44643573694149763,-1.068594094231232,0.14494761016742508,0.5084225258651236,-0.3117515599276644,0.29404978815843874,-0.7041714067953847,-0.45852946583596677,0.2609910332361779,0.5632162136126203,-0.10866194975113087,0.672567322110622,0.11516833855209896,-0.4060025528452143,-0.16235035974679676,-0.41305480491058894,0.21590299118300527,1.0411525249424474,-0.5987926544833604,0.6519687265387399,0.08254773529098772,0.06097712066835818,0.4140358040622088,-0.07114697091798276,-0.33959511991900615,0.2650679412933764,0.23720748896519356,0.8064226392548481,0.026283555341051378,-0.37015743002861906,0.38923133914489105,0.8879078541066696,0.5054738891201049,-0.4339177291671695,-0.7146750491032045,-0.7784495388155794,0.9914277712035133,0.031820113771423096,-0.719258694036527
-0.2905291447949965,0.11085300755254912,-0.6325259484070187,0.33421853230518495,0.14216057412332087,0.10540104235373092,0.45032551600298854,-0.8173299824104695,0.2395069534642493,0.06811450941033571,0.07107713208921405,0.30707071862875124,0.04985327212649266,-0.104409164167172,-0.3555322801421446,0.46199702512654134,0.4791499605391518,-0.06377034399342392,0.04418945887901276,0.8273508118068587,0.3718618402804737,0.7035914704815548,-0.09789362974801935,-0.9010590290987545,0.08254773529098772,1.5434270909225118,-0.030927487382960004,-0.09262532249714642,0.4541590619865329,0.7505327758373102,0.30934715821627357,-0.05557818646231944,-0.16399454327891663,0.5099411602446048,0.2444972701973673,0.4141130250437077,-0.0524071730415538,0.25266828368243216,-0.6339346986095921,-0.3852488943210797,1.3161798369796656,-0.49359277062887097,0.6339008292325041,0.0649044256145835
0.02271930607485279,-0.19013906655814516,0.004879451454930109,-0.12790427783284267,0.41368530235774154,-0.13684735682907262,-0.3205851772334005,-0.13782738902159197,-0.11997211496681301,0.1964817587826705,-0.12375484488226711,0.03672122123037431,0.14992167003704623,0.01192188965380197,0.46964996951403964,0.5849663482809193,0.2952319012510802,0.3702798724468322,0.5633428865205837,-0.15133478636222725,0.16118399559878918,-0.3571940569634684,-0.032011651240479055,0.3613743830169446,0.06097712066835818,-0.030927487382960004,0.54501870770943,-0.1751736467923606,-0.25406022894741265,-0.04585773069022859,-0.47618089947542924,0.20303921148001475,-0.0989610573014196,0.03861325870371224,-0.02466519118932315,-0.17972000173881256,0.13942228917563057,-0.48992601117322193,0.11115231932250835,0.027623797986497615,-0.14708466693136263,0.06302699531942907,-0.1726549592414761,-0.049535098779153276
-0.18777098393081035,0.09152676971160188,0.0925103166466132,0.8150310880920766,-0.3002389314841109,-0.17267662002631926,-0.6438708852929007,0.0367249843555327,0.06439105889677127,-0.4452312708554501,0.15407087106655562,-0.5023230527794845,-0.42572397888797064,0.2390197965858024,0.020938194283973834,-0.4238861915419198,0.026474338826851348,0.049014248084977945,-0.5160115751305193,-0.022713148429469785,-0.4830586394117441,0.00717158814492677,0.8842730602086779,-0.33834371966053983,0.4140358040622088,-0.09262532249714642,-0.1751736467923606,0.7044512240487503,0.02192462975797831,-0.14810648133368917,0.4715951610824137,0.2733655336423644,0.8048839233271368,-0.02108250626549937,-0.25913701790148064,0.12867724946872286,0.39180917272596383,0.41989376043505905,-0.28374974106679035,-0.6280176214342421,-0.674549789647078,0.7354000418613152,-0.23670209107087972,-0.23783139048129526
0.19998088349828486,-0.04950685733861494,-0.06356089807112923,-0.17227082722345052,-0.5890222544870648,0.3975345087082276,1.1099340191714464,-0.1543162586191384,-0.0020159641614684344,0.04502426624262042,-0.10929792220276298,0.1304036545799784,0.07925847111645981,-0.16895233578126234,-0.92985586091557,-0.8363719440295969,-0.5676481865187143,-0.27997800239778997,-0.43643016437077903,0.17720729083052064,-0.10727584846812156,-0.09733038491414892,0.24276350343010514,-0.3199998392198347,-0.07114697091798276,0.4541590619865329,-0.25406022894741265,0.02192462975797831,0.8538750253496568,0.0010911281866550612,0.6601419978668343,-0.34792238542934906,-0.14436341153768967,-0.1861881019858192,0.0662137234730831,-0.08609122103836837,-0.6363735931057519,0.49931788629933577,-0.4614048404666713,0.14104684612530996,0.7898477015070778,-0.461507386955077,0.19537639031535686,0.3960959917214257
-0.1138460298446426,-0.3376437674705612,-0.4735626039752224,-0.308955380038022,0.11056503192974881,0.2736061497756646,0.4679955000749011,-0.6334872160587718,-0.1355901650263068,0.06027896784131162,-0.001976792404880971,0.5884467343344454,0.27057729771838274,-0.1390167068546845,-0.4383907466863273,0.848890640175629,-0.008059372860231942,-0.11787762128583694,0.4138984785901736,0.7625723471920439,0.6289660170231213,0.3426753881848207,-0.9090362588899603,-0.03418591183391687,-0.33959511991900615,0.7505327758373102,-0.04585773069022859,-0.14810648133368917,0.0010911281866550612,1.0618044117922874,-0.056327655090110396,0.005629120877517016,-0.5180436173447095,0.6298556217826454,0.3902382197805359,-0.0947751177307093,-0.30694832013720996,-0.49473272955352143,0.1076771040266515,0.13215605848843953,1.0497529966299488,-0.7909061054160007,0.19431053730994374,0.5694522177440421
0.06582687438962083,0.47274472739278245,0.03114692430860003,0.47240334708490694,-0.6661695218872034,0.1938517702900069,0.47816628140264855,-0.0030363513387452823,0.044506683318827685,-0.4649719974468482,0.18780364686127807,-0.2844875956745763,-0.15418288904895677,0.11063069635654867,-0.9547334922782275,-1.2184362373332063,-0.39748843842994064,-0.43128201461410604,-1.0811129453532706,0.051987847065538446,-0.5616592457166402,0.29221368065809367,0.7055215321328583,-0.6195703602849306,0.2650679412933764,0.30934715821627357,-0.47618089947542924,0.4715951610824137,0.6601419978668343,-0.056327655090110396,1.228317308932709,0.020489770829900042,0.44455867490420536,-0.11948955864387036,-0.21961124979853325,0.2828355897187309,-0.26681179129666244,0.9737262919325418,-0.4904725950077085,-0.2556011512109938,0.038370835900384925,0.30051663573823845,0.20951028990967058,-0.14545229017064423
-0.1188475621505829,0.3132436851509488,-0.08546457528045187,0.37855317802034255,0.16586638943741017,-0.060745119957111425,-0.6364697666100388,-0.1745289504975971,-0.22951963916731521,-0.17298624419781097,0.09189429713525346,-0.09676019847573089,-0.07607195564414161,0.2813156959503711,0.2268064095369094,0.08632745810292787,0.36946245696108737,0.33783578819512855,-0.10269225657889833,-0.1447149042809589,-0.2771447920814086,0.07720651747669513,0.24384138267731534,0.18590609810002942,0.23720748896519356,-0.05557818646231944,0.20303921148001475,0.2733655336423644,-0.34792238542934906,0.005629120877517016,0.020489770829900042,0.6025577155281516,0.4135191801414496,0.2079095792935668,-0.16504646442922155,0.09337882972521695,0.03936821562071959,0.04777125424082383,0.09602009398245266,-0.11133147877880288,-0.4471012649009057,0.48445563723625173,-0.09795300275519293,-0.3525747232864524
-0.47397144407851527,1.0334404938518127,-0.011605185837921389,1.5518149397768033,0.15482644738802595,-0.37201658662725146,-1.3839796036090446,0.23480255929811755,0.5621290761912874,-0.5255177764794936,0.5725172510907625,-0.7803637850853158,-0.7245813776586665,0.39841655276596394,0.8341986115280178,-0.3439037208222497,0.9570411207539401,0.28885532632344296,-0.640269022482342,-0.1815753680903115,-0.6523603903029522,0.5189981872985797,1.5713821777831716,-0.6087174019351126,0.8064226392548481,-0.16399454327891663,-0.0989610573014196,0.8048839233271368,-0.14436341153768967,-0.5180436173447095,0.44455867490420536,0.4135191801414496,1.4914305713356326,0.0671370096123189,-0.6378915353013153,0.5702883369388294,0.9141429907666868,1.043107436730543,-0.5760680435667433,-0.8847813191632036,-1.0798784846181675,1.520445862124667,-0.0015717293796862087,-0.840931851561004
-0.3784551776113747,0.5268902350011855,-0.66890440035554,0.29400288803799646,0.3791663291817993,0.21633167160337957,-0.3179206673415422,-0.38363148404827135,0.23102479067980156,0.13946828127037997,0.2909034588637378,0.32039892249881274,0.028762770128688456,-0.058852291000018674,0.23830038552424068,0.7921843083034706,0.8666347444477258,0.24271349371468046,0.23711230353904691,0.5484538141443367,0.31987563892509563,0.634020475345068,-0.23148311809317945,-0.05677559924636085,0.026283555341051378,0.5099411602446048,0.03861325870371224,-0.02108250626549937,-0.1861881019858192,0.6298556217826454,-0.11948955864387036,0.2079095792935668,0.0671370096123189,0.8151853194451235,0.03556001576901526,0.158873838531564,-0.024434157611975166,0.019254041698781692,0.024847330915986364,0.13388878646111163,0.6429656667656709,-0.09724923506832243,0.45754294712855265,0.06579839860937962
0.1718910186264419,-0.6454503741889551,-0.0557807295224574,-0.6057498536605644,-0.13584062736819655,0.1466729974049562,0.5880078184996085,-0.2635776783329461,-0.23929669271088627,0.16680939044587556,-0.30813982323832134,0.37808401170322875,0.2260367797976413,-0.11569813605628164,-0.4633188329756522,0.2125803300105474,-0.4949179262429505,-0.1641586031641848,0.2577361591826505,0.250522136489076,0.2995457208624571,-0.1915996997284656,-0.7428390233491596,0.10486183868432325,-0.37015743002861906,0.2444972701973673,-0.02466519118932315,-0.25913701790148064,0.0662137234730831,0.3902382197805359,-0.21961124979853325,-0.16504646442922155,-0.6378915353013153,0.03556001576901526,0.43891073140351816,-0.21775958307737417,-0.4294523995977802,-0.4867179226222637,0.1753801293706564,0.27831401675820394,0.6057143259640275,-0.7736369205941515,-0.042351572894623504,0.4647128630249146
-0.3692225098882714,1.0190782669313836,-0.19878061175988876,0.9164559088427123,0.3506102688450828,-0.28873595956322196,-0.6012628973137855,0.05575219237975592,0.5377137445316676,-0.22390135468465475,0.4226067188591706,-0.26149131138682197,-0.29915325614419813,0.1260574273136499,0.48353538555854964,-0.023696145596261695,0.9143409032103712,-0.11163710812718211,-0.4278368508823367,0.1423270212523344,-0.1565288610187774,1.0004556183556172,0.5561018521648677,-0.8401135298766264,0.38923133914489105,0.4141130250437077,-0.17972000173881256,0.12867724946872286,-0.08609122103836837,-0.0947751177307093,0.2828355897187309,0.09337882972521695,0.5702883369388294,0.158873838531564,-0.21775958307737417,0.8484688421360558,0.5836514727180767,0.8409441905386494,-0.4092991859234351,-0.5266905328342771,-0.1643400567071881,0.7033784813582588,0.5404354449198026,-0.7281223903157855
-0.4711574682955057,-0.30942432224127087,0.42682499836132837,1.2502224877977535,0.77428121458633,-1.3436097600939005,-2.277371600885552,0.54022348598054,1.1094605125111834,-0.5614128623706865,0.56971023365826,-1.462856455462518,-0.8872740483655059,0.36709679244475896,1.6714002269465575,0.9291166308857731,0.9688515312166579,-0.08267576436429011,0.06695439426249707,-0.36598566166893476,0.0377135728450589,0.22553342259723644,0.940859150630554,-1.0790290693737812,0.8879078541066696,-0.0524071730415538,0.13942228917563057,0.39180917272596383,-0.6363735931057519,-0.30694832013720996,-0.26681179129666244,0.03936821562071959,0.9141429907666868,-0.024434157611975166,-0.4294523995977802,0.5836514727180767,2.735446540366977,-0.2955581591728295,-0.38935044203607677,-1.6629070368976986,-1.7411519667827813,1.478400941602005,-0.41725044203243533,-1.1846415798932157
-0.3419924330470085,2.0203977127919073,-0.35635268139744247,1.2835682683867693,-0.15143055043234166,0.22553492876397602,-0.03173149173110911,0.12620011109274704,0.5516402788740731,-0.2730186397503865,0.4880262826481094,-0.12507629383236882,-0.3121372505408934,0.12758389443696544,-0.06424467634861902,-1.2280610962832617,0.9313073585692024,-0.04231566864610851,-1.2091295940471198,0.17082777051646172,-0.8112071081290007,1.1341335454364736,1.4102586489927247,-0.8561244815687841,0.5054738891201049,0.25266828368243216,-0.48992601117322193,0.41989376043505905,0.49931788629933577,-0.49473272955352143,0.9737262919325418,0.04777125424082383,1.043107436730543,0.019254041698781692,-0.4867179226222637,0.8409441905386494,-0.2955581591728295,2.1450647507964176,-0.7503287075768837,-0.10379199428653121,0.04368366903064644,0.9271018574418995,0.8927044376407189,-0.6633596385212498
0.20654984923346115,-0.38265540330371633,0.1255065306321961,-0.7738440462308058,0.014629139712266148,0.13565143298973426,0.10307586753554594,0.16863331438071189,-0.5222403882496973,0.22884866725751526,-0.2402350752488447,0.3377145384014976,0.36631850228156726,-0.11028825793765513,-0.03676533931133093,0.27859288375960073,-0.3752775685821049,0.0509839531681219,0.4018028959891705,-0.21495263218715618,0.17814556579837243,-0.3822481076622887,-0.8653143084691725,0.8741587845602433,-0.4339177291671695,-0.6339346986095921,0.11115231932250835,-0.28374974106679035,-0.4614048404666713,0.1076771040266515,-0.4904725950077085,0.09602009398245266,-0.5760680435667433,0.024847330915986364,0.1753801293706564,-0.4092991859234351,-0.38935044203607677,-0.7503287075768837,0.8241743589451948,0.6179843089484012,-0.178944041911617,-0.3906115474580305,-0.24044228937163048,0.29756309641920303
0.3642204117265773,0.35912684882778073,-0.31260371364162065,-1.2434637588756592,-0.18582659932327025,0.919084962730272,1.3344868156842082,-0.06794035272666728,-0.5419684528851632,0.594521146379643,-0.27623584697045683,0.9930322015377043,0.6948412118861726,-0.3088293041899481,-0.7256159065857375,-0.272366717202454,-0.3630585153901412,0.13493027016950776,0.21103149307417474,-0.00957087379885832,0.16953093372737688,-0.18327305514047204,-1.082554195818608,1.1211694108910617,-0.7146750491032045,-0.3852488943210797,0.027623797986497615,-0.6280176214342421,0.14104684612530996,0.13215605848843953,-0.2556011512109938,-0.11133147877880288,-0.8847813191632036,0.13388878646111163,0.27831401675820394,-0.5266905328342771,-1.6629070368976986,-0.10379199428653121,0.6179843089484012,1.6231582994514953,1.0651440469210505,-1.09655174686829,0.3291011663305283,0.7543974043679014
-0.0012586160614250922,0.19623158298677434,-0.9937739477087074,-0.9308600277427622,-0.175068895462619,1.1254398279763167,2.115781715726065,-0.9662614649398272,-0.25579870381434155,0.719848946807818,-0.20044287195556995,1.4399703256923229,0.6867158492422927,-0.5883599098303338,-1.1593796338103173,0.3533473689662958,-0.07801520330709928,-0.006154564222945052,0.4651153219392212,1.119927684068765,0.8399588974327962,0.5631674456263048,-1.2370915001776397,0.10106418630655954,-0.7784495388155794,1.3161798369796656,-0.14708466693136263,-0.674549789647078,0.7898477015070778,1.0497529966299488,0.038370835900384925,-0.4471012649009057,-1.0798784846181675,0.6429656667656709,0.6057143259640275,-0.1643400567071881,-1.7411519667827813,0.04368366903064644,-0.178944041911617,1.0651440469210505,2.794309121236188,-1.8599828421218891,0.9247578929982886,1.1956706677181772
-0.4390385334720258,1.061126666877568,0.2551353180277837,1.6892465580584295,0.42299306656552343,-0.7762829151857357,-2.002383877342589,0.5771527674948774,0.6800946426239369,-0.5916731664788972,0.5962358095681347,-1.1137456184676984,-0.7541617489726931,0.4549448100419232,1.2766633521317992,-0.23219556349230333,1.1595438036956043,0.2093223106073594,-0.6252215544018388,-0.48454684712518997,-0.7873777927711998,0.4464326991775785,1.7603679813381903,-0.6476523946935091,0.9914277712035133,-0.49359277062887097,0.06302699531942907,0.7354000418613152,-0.461507386955077,-0.7909061054160007,0.30051663573823845,0.48445563723625173,1.520445862124667,-0.09724923506832243,-0.7736369205941515,0.7033784813582588,1.478400941602005,0.9271018574418995,-0.3906115474580305,-1.09655174686829,-1.8599828421218891,2.031006944603855,-0.06988911291747067,-1.2694124218470084
-0.3544969122821085,1.3036360136127105,-0.7073981582771091,0.3795410253910704,0.23427283092617116,0.34781863989572276,0.2503936401847656,-0.20575589859527826,0.35369377146448305,0.27317253618334153,0.2360456107068983,0.42458472241585016,0.1477689491646622,-0.2693092821256817,-0.017002518911432372,0.04135082082250793,1.0018879828663623,0.0523893168497597,-0.2185941205094308,0.5814706054440053,0.025166843504442548,1.0415456730809682,0.09509008735091193,-0.4298559691634199,0.031820113771423096,0.6339008292325041,-0.1726549592414761,-0.23670209107087972,0.19537639031535686,0.19431053730994374,0.20951028990967058,-0.09795300275519293,-0.0015717293796862087,0.45754294712855265,-0.042351572894623504,0.5404354449198026,-0.41725044203243533,0.8927044376407189,-0.24044228937163048,0.3291011663305283,0.9247578929982886,-0.06988911291747067,1.0830814401238242,-0.1364804017898664
0.2891889515750284,-0.8252448439220401,-0.1938493911231868,-1.0568912504692343,-0.5170896665821496,0.7398935521544286,1.4358819126117233,-0.33540495283803046,-0.5953855743337503,0.3757571026860947,-0.4095191259057948,0.8313099354274663,0.46243392788432774,-0.4462535709770699,-0.9468803386677482,0.08313612407356791,-0.9600773669549443,-0.08086287758479035,0.5246855033721292,0.47314498489571616,0.48054629892094725,-0.5471197338504646,-0.932469764706135,0.6908381345301575,-0.719258694036527,0.0649044256145835,-0.049535098779153276,-0.23783139048129526,0.3960959917214257,0.5694522177440421,-0.14545229017064423,-0.3525747232864524,-0.840931851561004,0.06579839860937962,0.4647128630249146,-0.7281223903157855,-1.1846415798932157,-0.6633596385212498,0.29756309641920303,0.7543974043679014,1.1956706677181772,-1.2694124218470084,-0.1364804017898664,1.3649566646545743
