V1,V2,V3,V4,V5,V6,V7,V8,V9,V10,V11,V12,V13,V14,V15,V16,V17,V18,V19,V20,V21,V22,V23,V24,V25,V26,V27,V28,V29,V30,V31,V32,V33,V34,V35,V36,V37,V38,V39,V40,V41,V42,V43,V44
1.1296032352491527,-0.8417075042741768,0.7599308143189488,1.3946122281055038,0.6820970966129569,1.704692622077986,0.6373568787844702,0.054756361719096897,0.5374536130122082,-0.8115014077882206,0.021213640836528266,0.41988779634297985,-1.3663306199339824,1.1415999087708726,0.9722810007246689,0.15846727117314385,0.8907107601307404,0.42365757207868304,-0.9819347171649604,-1.1603023497555465,0.6899541551619339,1.1705980735525936,0.34519750074571665,1.125079631055608,0.20876594691836423,0.7974039516851621,-0.001696922119080854,0.12473935240291233,0.19248474901978088,-0.8411500015671324,0.5650599709563495,-0.17595439679143587,-0.3800639845488683,0.8061728078995889,0.31465384360249476,1.4270943379490115,-0.3992667085497282,-0.06802682582964642,-0.7255796097741006,-0.3181891375980186,1.21166033483456,-1.1817858301805804,-0.5509160976317581,0.16802381191575758
-0.8417075042741768,1.108056112390453,-0.9993208353094817,-1.2726222839601846,-0.5458894637398944,-1.7500870566527598,-0.5287795254899845,0.1441927233261669,-0.33838673444536227,0.8154558584895191,-0.04034119745344856,-0.34729239971089854,1.8168281052970807,-1.0874833037633755,-0.04673656073853598,0.2556247422511403,-0.610015244113052,0.2800333308955074,0.3570605049462865,0.9984267110424834,-0.9364697842626494,-1.12643876789307,-0.010949689704709303,-0.8950286111347563,0.25839397469522346,-0.8486639939079805,-0.43107425991771436,0.4899273047763308,0.05041285920410034,1.0238678108861239,-0.5510836281337547,0.07109406209236102,0.4320863754076077,-0.7201659514984602,-0.27222954862700594,-1.1241108934352606,0.002351427420194266,-0.1612587471859263,0.8828402924691424,0.5837477840350079,-0.8151017386660858,0.8431683977676933,0.5283459534180424,-0.13939791960024586
0.7599308143189488,-0.9993208353094817,1.176811706647735,1.5641797368916595,0.8034388981144316,1.9432336245003001,1.0080783298201814,-0.20198416715023573,0.5974206922832401,-0.2635554786185824,0.5433472456445197,0.592051684178532,-1.9754141942355263,1.7965622968540127,0.15071973972035546,0.1054560236491061,0.15948721872007135,-0.042101295677996003,-0.5604523104145105,-0.5770898107741883,0.5526395662687398,1.2290705019617205,0.08376669792158101,1.0295650145374238,-0.3851557738041437,0.9883123622135181,0.7203190954752788,-0.7486766565989448,-0.6174338954662794,-0.9929521309171455,0.37041212207759233,-0.3964517653851509,-0.4623821689271494,0.4091643513207142,0.3382189702536795,0.9933385804913769,0.3378982373606358,0.5357705293526994,-0.4801671046230226,-0.1558763023010526,0.3905049510394445,-1.6167631023294626,-0.5805867620116124,0.026071834254507365
1.3946122281055038,-1.2726222839601846,1.5641797368916595,2.5507496570282795,1.541295258377193,2.9098880019439055,1.7188487228646976,0.02758733380698049,1.2428885848634292,-0.2899193546444117,0.8357022961221819,1.1006913655194839,-2.4836080102623854,3.001402897666142,1.2342578462796914,0.5531982399219073,0.5586738243892909,0.7921465765172205,-1.7253746505170595,-1.059177667939403,0.6108284348558848,1.9592689059692703,0.6018588563542168,1.9597801483755255,-0.06616774368481496,1.4443990207664914,0.6024980021705162,-0.5001474911772977,-0.7693558078681414,-1.430826965268754,0.690565870670907,-0.7437178794766722,-0.6293517672020619,0.6917938096179955,0.7868356348455606,1.8513659140469658,0.06467627877942644,0.5934819815594405,-0.5037828811003049,0.09737144536617501,0.9928474890615762,-2.9180400565791333,-0.9991650096135716,0.02086123148781361
0.6820970966129569,-0.5458894637398944,0.8034388981144316,1.541295258377193,1.5923075507839335,1.4419544698995874,1.2328720356929677,0.678633905697662,1.2254847815138452,0.376235311730712,0.617112675328791,1.0106028107643716,-0.9164865665750206,2.365827485392485,1.4831946707730597,0.7657993807893463,0.5483967502359417,1.4979141197167576,-2.1533543750855713,-0.6011576446709742,-0.07062513836014386,1.174473376026163,1.0042658966194573,1.7907041241381887,0.4021454694438168,0.7879770321694879,-0.05850578450991884,0.4730382551636524,-0.5828553568813359,-0.851693189675111,0.7003004660256424,-0.7362370292410566,-0.1643684348568098,0.22464565644897375,1.2357502978866934,1.2041288325445425,-0.17832956061142644,0.249328740068375,0.10528239307490311,0.48837724622463696,0.7045644289002463,-2.3752696161743008,-0.7028457643544328,-0.12529802428855963
1.704692622077986,-1.7500870566527598,1.9432336245003001,2.9098880019439055,1.4419544698995874,3.6021505497213933,1.7595991865369303,-0.2605308576011621,1.1450004440075847,-0.8510747607494562,0.7372273140322924,1.057524288764958,-3.3199161785564764,3.083433197021315,0.8734792517098322,0.20136663158885346,0.7190474298477711,0.2127307122707608,-1.3686489502992898,-1.4422448381529465,1.1605876272274915,2.3202594967843173,0.33874405610837094,2.006101653375259,-0.3270719606907313,1.7323367324040173,0.8993655782030064,-1.007237883503357,-0.6950569291794729,-1.8313117420602514,0.820895196634598,-0.5785251794811,-0.8470529515599065,1.0449353997970938,0.6229335251669629,2.1872068874347472,0.11960722031019513,0.6670469821535135,-1.0214070012060341,-0.3313178398808506,1.2386110089601514,-2.845973169544223,-1.1508519510501234,0.13010211100419175
0.6373568787844702,-0.5287795254899845,1.0080783298201814,1.7188487228646976,1.2328720356929677,1.7595991865369303,1.5246280819021527,0.05505061366828513,1.063290382038812,0.5370574168809154,1.0291632555641699,0.9521073506608181,-1.3929428930825256,2.5450568156835676,0.9064827157050133,0.7044868991705815,-0.1752668818396757,0.8388860584807395,-1.363728974115741,-0.1064657193141312,-0.11556255093580368,1.1851230601137064,0.5223945608391102,1.312551528305581,-0.09461279227114416,0.9019944016031227,0.5653428797263764,-0.5208554981798782,-1.0776567336329135,-0.7844416780941876,0.23841928217344002,-0.7786887704578073,-0.34784596357686864,0.01487273126297127,0.6518648259700146,0.8784327084975304,0.34032822666735685,0.7274790048611844,0.2527631144121853,0.6123762470321219,0.0727818985620214,-2.526376653372404,-0.664908098960275,-0.146642090726101
0.054756361719096897,0.1441927233261669,-0.20198416715023573,0.02758733380698049,0.678633905697662,-0.2605308576011621,0.05505061366828513,0.7902734339964851,0.47023781918381513,0.22395537006663724,-0.13665101488742812,0.29856433086070094,0.6378763602602879,0.3609410148667189,1.035090319066853,0.39493344323157203,0.6120413449957587,1.1643235942615806,-1.3181856839049022,-0.3324237920771383,-0.26418778947525307,0.07470453722109649,0.7534220242782014,0.7547811406903012,0.6560207805057906,-0.07883680338575386,-0.6833210664775045,1.1215960215905272,0.23647093277170755,-0.04784723512626446,0.4548939374458531,-0.1908779108077919,0.21797373720752616,0.05199764481193596,0.8197056448739265,0.37172023512607966,-0.5195739177994675,-0.36224197937858454,0.18178501611807185,0.25869703426791407,0.5443324096424815,-0.470510511723857,-0.13437461576466941,-0.06164088348259127
0.5374536130122082,-0.33838673444536227,0.5974206922832401,1.2428885848634292,1.2254847815138452,1.1450004440075847,1.063290382038812,0.47023781918381513,0.9989951512314617,0.385008116564155,0.580758115649816,0.8241425626563368,-0.655894502902794,1.9436447028049653,1.231310898617145,0.6557993045674403,0.3081248405735312,1.2066124820504567,-1.6927353220367694,-0.36192055056435884,-0.13230228530025873,0.9081079567495415,0.7831842448266867,1.3550914158466854,0.3183815292329735,0.5977176902257819,-0.021273261513147183,0.26166850274377246,-0.5474382002714212,-0.6258303121123294,0.4657811016285304,-0.6024520108729293,-0.1404551282163521,0.12197153818617543,0.9097940103388237,0.904951357079989,-0.12533088608396148,0.2615032459015691,0.19646703674057872,0.5041675682115786,0.4563865392224509,-1.967235013761903,-0.5686427254838992,-0.11831451097535112
-0.8115014077882206,0.8154558584895191,-0.2635554786185824,-0.2899193546444117,0.376235311730712,-0.8510747607494562,0.5370574168809154,0.22395537006663724,0.385008116564155,1.691751611018038,0.882994750123696,0.3513276009074641,0.9124234035322555,0.792785613938579,0.15176887947842768,0.8058070418343972,-1.1163578515827295,0.80037429453488,-0.422962118282901,1.364327146346443,-1.2972926993569724,-0.5093197617453639,0.29407562601868614,-0.09823089167117949,-0.04328997862342826,-0.27881485180198945,0.1908389786369021,0.007377868349083472,-1.0761366026063433,0.6079915297913819,-0.5167407073531779,-0.6297701509913436,0.2802894069290911,-1.0780086501633013,0.284441205608489,-0.9591042045437572,0.6241096839759225,0.5614205254626886,1.3408718205419357,1.1590274942221728,-1.2875021463373082,-0.9533686531515692,0.1881138484957513,-0.35219846846558
0.021213640836528266,-0.04034119745344856,0.5433472456445197,0.8357022961221819,0.617112675328791,0.7372273140322924,1.0291632555641699,-0.13665101488742812,0.580758115649816,0.882994750123696,0.9642699591829662,0.5623178369734352,-0.6635007776665389,1.6017087518418969,0.20893047522896574,0.5945953457891894,-0.7233188944065617,0.3975836740858555,-0.48266597961668556,0.5753632695343637,-0.49405523036176285,0.441734349744306,0.15191947613434434,0.4523689326214412,-0.29618289228757566,0.4339704469611258,0.6249138574435426,-0.6246910134183961,-1.0963656754358346,-0.18022962300198267,-0.215812794018793,-0.6286706799050967,-0.15377603102258247,-0.43163362393239457,0.2046267730744044,-0.002960040686094402,0.6223466144865023,0.7422273060779324,0.5881826244576136,0.6926662535096094,-0.6313461064253402,-1.6330243228369075,-0.23863553498578333,-0.19746360585149553
0.41988779634297985,-0.34729239971089854,0.592051684178532,1.1006913655194839,1.0106028107643716,1.057524288764958,0.9521073506608181,0.29856433086070094,0.8241425626563368,0.3513276009074641,0.5623178369734352,0.7107087062959937,-0.7109289654612564,1.724087220228621,0.849010880598579,0.4817534576110075,0.13480842506420496,0.8524632030252401,-1.2822638690510266,-0.23724805509858796,-0.06003480466061783,0.7979292852075175,0.5725028712527939,1.092204020318534,0.13570756988148847,0.5461352702412939,0.12955426608754148,-0.009883648122611359,-0.5822199415070761,-0.5836950122829042,0.3553881540744553,-0.5126161040069869,-0.15980888805369547,0.07157011445419328,0.7219255683218359,0.7091574412666444,0.01313008565687096,0.32645486643961324,0.16190500392424725,0.41022074240241807,0.2591956287514222,-1.6807791429026184,-0.5000598294408439,-0.11410363554211907
-1.3663306199339824,1.8168281052970807,-1.9754141942355263,-2.4836080102623854,-0.9164865665750206,-3.3199161785564764,-1.3929428930825256,0.6378763602602879,-0.655894502902794,0.9124234035322555,-0.6635007776665389,-0.7109289654612564,3.551521793614608,-2.445326672475626,0.1670949318366946,0.1418806492622317,-0.3308960437225306,0.6649195095549713,0.2940004217032137,1.1256927537195554,-1.2498405110070903,-2.0074876751756263,0.21229171622919524,-1.3664563698474728,0.8222018354732614,-1.6473861962864478,-1.3177652344900805,1.5060531623363405,0.7638274083294849,1.6603489217309946,-0.541720099479232,0.4060929128174799,0.8599031299794557,-0.8824999854760798,-0.1604782469495524,-1.6533788818677893,-0.5684664697051522,-0.8129166745311412,1.1626607684572297,0.6400878929356774,-0.7526839510316985,2.1151567330127983,0.8778044731218181,-0.16036605067337104
1.1415999087708726,-1.0874833037633755,1.7965622968540127,3.001402897666142,2.365827485392485,3.083433197021315,2.5450568156835676,0.3609410148667189,1.9436447028049653,0.792785613938579,1.6017087518418969,1.724087220228621,-2.445326672475626,4.46723349353071,1.6830434699990455,1.1425444516945389,0.05217702961684689,1.6293430171918193,-2.69555529402587,-0.4860208093010626,-0.03867206407556505,2.1572368106660145,1.095866628962431,2.571009130927043,-0.03816287553987373,1.59973214217091,0.8005952825315577,-0.5989226385421031,-1.7047804839955816,-1.5506500842779678,0.7045875607415486,-1.3182962096174475,-0.5643572649010963,0.17558136023753143,1.470470854156218,1.736258701411335,0.40408219985563876,1.1005504947812925,0.2636173517567744,0.9062567247115094,0.42870269836139163,-4.3470113869939295,-1.237764908634319,-0.24679322711940602
0.9722810007246689,-0.04673656073853598,0.15071973972035546,1.2342578462796914,1.4831946707730597,0.8734792517098322,0.9064827157050133,1.035090319066853,1.231310898617145,0.15176887947842768,0.20893047522896574,0.849010880598579,0.1670949318366946,1.6830434699990455,2.681969128039593,1.1602180503587378,1.1575775156657016,2.3693758923199257,-2.7880197105284314,-0.9362207808610598,-0.3438041338829473,0.9282190398526807,1.408681053963056,1.8346347587446146,1.1855229670361032,0.45857517700774036,-0.9492735405365129,1.671950742094578,0.18406173231998132,-0.38882990298328574,0.728969473728364,-0.6534662381306828,0.020329365549803028,0.4130171873345375,1.1826073275761233,1.4857660993466837,-0.9585250367608994,-0.3798350106769838,0.19712025460962687,0.6458591237542843,1.4114396463184504,-2.112615754803434,-0.5626741849458715,-0.02469471391480458
0.15846727117314385,0.2556247422511403,0.1054560236491061,0.5531982399219073,0.7657993807893463,0.20136663158885346,0.7044868991705815,0.39493344323157203,0.6557993045674403,0.8058070418343972,0.5945953457891894,0.4817534576110075,0.1418806492622317,1.1425444516945389,1.1602180503587378,1.0104106976678084,-0.07700239022302378,1.2899412636237557,-1.224649427500418,0.23891695233996704,-0.7918339608215523,0.26079564071398925,0.6158164814524277,0.723438157281023,0.35777821481688094,0.23274458891702782,-0.12511345794348364,0.6730538203834776,-0.48821512132832096,0.14988553020055126,-0.03253734741828323,-0.6660653498016078,0.06803729335820465,-0.31900488189595855,0.44632627444614986,0.24457990232152427,0.053062640154549305,0.19027040564944275,0.6241808470395905,0.7614212498003665,0.006596304816205164,-1.5193386915589246,-0.08743491694474739,-0.13288815683193905
0.8907107601307404,-0.610015244113052,0.15948721872007135,0.5586738243892909,0.5483967502359417,0.7190474298477711,-0.1752668818396757,0.6120413449957587,0.3081248405735312,-1.1163578515827295,-0.7233188944065617,0.13480842506420496,-0.3308960437225306,0.05217702961684689,1.1575775156657016,-0.07700239022302378,1.5698800504583592,0.712726296570207,-1.2111574922702864,-1.5222189165065125,0.7593075741602814,0.6893989735145949,0.6040084831879159,1.053390783797038,0.7123219377190518,0.31359436792727596,-0.7947903200646008,1.163783399510596,1.0161981902000656,-0.6153173746891847,0.8951696823866211,0.174660748086576,-0.07042759427344719,0.9685281600379861,0.6320279793117071,1.3541976690331234,-1.0116660306762002,-0.7593555583231486,-0.9029152315820502,-0.6122960125744169,1.7041128614005854,-0.09497644786674506,-0.3599173236393534,0.22682106584077896
0.42365757207868304,0.2800333308955074,-0.042101295677996003,0.7921465765172205,1.4979141197167576,0.2127307122707608,0.8388860584807395,1.1643235942615806,1.2066124820504567,0.80037429453488,0.3975836740858555,0.8524632030252401,0.6649195095549713,1.6293430171918193,2.3693758923199257,1.2899412636237557,0.712726296570207,2.467943583175412,-2.6944154291029716,-0.3440292799093622,-0.8120818795483143,0.5216272608495377,1.4254807524566846,1.6146826608266491,1.0875541403395368,0.2179691374776483,-0.8845882834396954,1.708313059495418,-0.14843597343340564,-0.08708112042480595,0.5443736024657498,-0.7863036494086408,0.20875778866017564,-0.06037389453519793,1.3050615933415406,0.8848805485972775,-0.6555426325083108,-0.23134886361472526,0.6666381877886957,0.9490130134399493,0.7945556012394576,-2.0414855916144825,-0.3768279793625908,-0.1682829865473104
-0.9819347171649604,0.3570605049462865,-0.5604523104145105,-1.7253746505170595,-2.1533543750855713,-1.3686489502992898,-1.363728974115741,-1.3181856839049022,-1.6927353220367694,-0.422962118282901,-0.48266597961668556,-1.2822638690510266,0.2940004217032137,-2.69555529402587,-2.7880197105284314,-1.224649427500418,-1.2111574922702864,-2.6944154291029716,3.4712822977401143,1.0361143837020819,0.28288293521455893,-1.3357809842903843,-1.7287814784990863,-2.5000297140099046,-1.143911986593478,-0.7418043577295508,0.7991567229094267,-1.5502663354643291,0.23479615092467382,0.8645698568570838,-1.0724224341738924,0.8956938002799093,0.021191843424469205,-0.40776310360920665,-1.83145309622723,-1.7536268222285418,0.8353925719455468,0.1555228780049512,-0.2469959353943559,-0.7744388583711812,-1.414458725535414,2.9124785935250266,0.8723979503081578,0.13425993719001336
-1.1603023497555465,0.9984267110424834,-0.5770898107741883,-1.059177667939403,-0.6011576446709742,-1.4422448381529465,-0.1064657193141312,-0.3324237920771383,-0.36192055056435884,1.364327146346443,0.5753632695343637,-0.23724805509858796,1.1256927537195554,-0.4860208093010626,-0.9362207808610598,0.23891695233996704,-1.5222189165065125,-0.3440292799093622,1.0361143837020819,1.7045988582055582,-1.1113112057641081,-1.0860348484039595,-0.42864454011705233,-1.1826383397807319,-0.438676050390256,-0.6372985484510454,0.42359975662717875,-0.5956232169745627,-0.8282707395138825,0.9721800321792269,-0.9359804831565652,-0.16026966934708808,0.2910814071297364,-1.1572293771439768,-0.525379121263671,-1.6275477456809608,0.8409978595826392,0.5345915662405347,1.168751535594605,0.784976656734114,-1.7592378780279465,0.4022838530259258,0.547032220231792,-0.26361231225477255
0.6899541551619339,-0.9364697842626494,0.5526395662687398,0.6108284348558848,-0.07062513836014386,1.1605876272274915,-0.11556255093580368,-0.26418778947525307,-0.13230228530025873,-1.2972926993569724,-0.49405523036176285,-0.06003480466061783,-1.2498405110070903,-0.03867206407556505,-0.3438041338829473,-0.7918339608215523,0.7593075741602814,-0.8120818795483143,0.28288293521455893,-1.1113112057641081,1.2544677469461893,0.70198409589783,-0.25395372284059814,0.29643462555745603,-0.19353169083328034,0.4406019248828666,0.14591946930482586,-0.5108405983528292,0.524087928437723,-0.8424991194508241,0.5170043414799991,0.4273622488581094,-0.3513495715320917,0.8900355129510207,-0.05780638590843222,0.883800001186408,-0.31194489023644906,-0.1930847023738737,-1.1197664394088864,-0.9358593933773257,0.9060753736661353,0.3897114798526713,-0.36903002452073774,0.22993925090652323
1.1705980735525936,-1.12643876789307,1.2290705019617205,1.9592689059692703,1.174473376026163,2.3202594967843173,1.1851230601137064,0.07470453722109649,0.9081079567495415,-0.5093197617453639,0.441734349744306,0.7979292852075175,-2.0074876751756263,2.1572368106660145,0.9282190398526807,0.26079564071398925,0.6893989735145949,0.5216272608495377,-1.3357809842903843,-1.0860348484039595,0.70198409589783,1.5781813145861023,0.46711952446788807,1.5798438422701755,-0.0035797576244916388,1.13168323248808,0.3696749821035132,-0.29711583070660413,-0.3701983610231231,-1.2329547432704688,0.6920496864901802,-0.4491087464816457,-0.4992709008459557,0.7245678482225815,0.6640222161497338,1.5924622827031705,-0.09692209043978024,0.31517625942683175,-0.630839516593282,-0.14458994332777725,1.0213422042121056,-2.0398480157836816,-0.809853224627229,0.06981748639080124
0.34519750074571665,-0.010949689704709303,0.08376669792158101,0.6018588563542168,1.0042658966194573,0.33874405610837094,0.5223945608391102,0.7534220242782014,0.7831842448266867,0.29407562601868614,0.15191947613434434,0.5725028712527939,0.21229171622919524,1.095866628962431,1.408681053963056,0.6158164814524277,0.6040084831879159,1.4254807524566846,-1.7287814784990863,-0.42864454011705233,-0.25395372284059814,0.46711952446788807,0.9031043479270388,1.1355103036158327,0.6627981593301625,0.20430485200004916,-0.5473959877836551,0.9635308049724737,-0.02434493396448736,-0.2800012242493132,0.5100306741871641,-0.4029202721381746,0.08258852271237464,0.12223978800990735,0.9354390116479204,0.7185828436656663,-0.48902915203188624,-0.17511011566585855,0.22359884321938164,0.4330089755170454,0.6541106226416562,-1.2278271623186277,-0.35008958071487273,-0.08335312727769531
1.125079631055608,-0.8950286111347563,1.0295650145374238,1.9597801483755255,1.7907041241381887,2.006101653375259,1.312551528305581,0.7547811406903012,1.3550914158466854,-0.09823089167117949,0.4523689326214412,1.092204020318534,-1.3664563698474728,2.571009130927043,1.8346347587446146,0.723438157281023,1.053390783797038,1.6146826608266491,-2.5000297140099046,-1.1826383397807319,0.29643462555745603,1.5798438422701755,1.1355103036158327,2.2024410821012066,0.5419066607897838,1.041206922117463,-0.17174716705943616,0.6484207972329519,-0.31639566497454563,-1.182092342490194,0.9938373176312445,-0.7023529451077476,-0.28393560091045994,0.6297910310437733,1.3701052343484128,1.787665478685327,-0.44242453915681956,0.08867345885489901,-0.29967160452653663,0.23098796429178362,1.3117833518966528,-2.583360060959658,-0.8919074486866609,-0.023198341556374787
0.20876594691836423,0.25839397469522346,-0.3851557738041437,-0.06616774368481496,0.4021454694438168,-0.3270719606907313,-0.09461279227114416,0.6560207805057906,0.3183815292329735,-0.04328997862342826,-0.29618289228757566,0.13570756988148847,0.8222018354732614,-0.03816287553987373,1.1855229670361032,0.35777821481688094,0.7123219377190518,1.0875541403395368,-1.143911986593478,-0.438676050390256,-0.19353169083328034,-0.0035797576244916388,0.6627981593301625,0.5419066607897838,0.7705894030674598,-0.17358948050048814,-0.8342999622649059,1.1857096000574365,0.5187998533041799,0.09099976496144097,0.3607757854943008,-0.04484535416533029,0.1985215531006609,0.186617664943454,0.5281030177498319,0.43689058385075646,-0.716965995991568,-0.5208386563411543,0.09200744518930114,0.1890765166894706,0.721287058866072,-0.17586792631839582,-0.07403878562862828,0.014222046425251919
0.7974039516851621,-0.8486639939079805,0.9883123622135181,1.4443990207664914,0.7879770321694879,1.7323367324040173,0.9019944016031227,-0.07883680338575386,0.5977176902257819,-0.27881485180198945,0.4339704469611258,0.5461352702412939,-1.6473861962864478,1.59973214217091,0.45857517700774036,0.23274458891702782,0.31359436792727596,0.2179691374776483,-0.7418043577295508,-0.6372985484510454,0.4406019248828666,1.13168323248808,0.20430485200004916,1.041206922117463,-0.17358948050048814,0.8880685189618488,0.47586995655106934,-0.38309868923889107,-0.42270948823090143,-0.8412932998433944,0.37573871828267186,-0.39023483756755306,-0.3933552312807243,0.4285760384955007,0.346560796772437,1.032736507862661,0.1475221574322792,0.36482493208998923,-0.4293033879195733,-0.10181991558933713,0.552631199379458,-1.5374297212784258,-0.5203224061852187,0.045720138458719785
-0.001696922119080854,-0.43107425991771436,0.7203190954752788,0.6024980021705162,-0.05850578450991884,0.8993655782030064,0.5653428797263764,-0.6833210664775045,-0.021273261513147183,0.1908389786369021,0.6249138574435426,0.12955426608754148,-1.3177652344900805,0.8005952825315577,-0.9492735405365129,-0.12511345794348364,-0.7947903200646008,-0.8845882834396954,0.7991567229094267,0.42359975662717875,0.14591946930482586,0.3696749821035132,-0.5473959877836551,-0.17174716705943616,-0.8342999622649059,0.47586995655106934,1.0602114315645386,-1.3751220089770932,-0.8610190465673482,-0.3139198279706466,-0.32080533958161056,-0.19850111426591077,-0.3182009394007126,-0.18740062390246606,-0.38597829824560737,-0.17999600614555,0.867173829787161,0.7690414642598291,-0.03445011596074841,-0.01825616143266191,-0.7191559506657669,-0.6061212056082441,-0.10487451947329929,-0.047583768134427724
0.12473935240291233,0.4899273047763308,-0.7486766565989448,-0.5001474911772977,0.4730382551636524,-1.007237883503357,-0.5208554981798782,1.1215960215905272,0.26166850274377246,0.007377868349083472,-0.6246910134183961,-0.009883648122611359,1.5060531623363405,-0.5989226385421031,1.671950742094578,0.6730538203834776,1.163783399510596,1.708313059495418,-1.5502663354643291,-0.5956232169745627,-0.5108405983528292,-0.29711583070660413,0.9635308049724737,0.6484207972329519,1.1857096000574365,-0.38309868923889107,-1.3751220089770932,2.3274485889162917,0.9806387923534835,0.46209648528903624,0.46511623866651985,-0.09998079088249716,0.4371558931851743,0.14934711631968817,0.7229682750882758,0.4222854627720965,-1.025800408905634,-0.9610876867624533,0.1356473735236863,0.1777716568084358,1.0882918321580397,0.11302152820716559,0.17792288886402902,0.04458479688332396
0.19248474901978088,0.05041285920410034,-0.6174338954662794,-0.7693558078681414,-0.5828553568813359,-0.6950569291794729,-1.0776567336329135,0.23647093277170755,-0.5474382002714212,-1.0761366026063433,-1.0963656754358346,-0.5822199415070761,0.7638274083294849,-1.7047804839955816,0.18406173231998132,-0.48821512132832096,1.0161981902000656,-0.14843597343340564,0.23479615092467382,-0.8282707395138825,0.524087928437723,-0.3701983610231231,-0.02434493396448736,-0.31639566497454563,0.5187998533041799,-0.42270948823090143,-0.8610190465673482,0.9806387923534835,1.3589072482199023,0.2038375843196435,0.30024727158843645,0.6413501636620725,0.16023140737484684,0.5951560838748827,-0.1964846154719033,0.2510765576495304,-0.866134189937226,-0.9392239766207221,-0.6901927248937962,-0.7311634035219075,0.9849780741300268,1.6104221427566174,0.2280128690588717,0.253964677221735
-0.8411500015671324,1.0238678108861239,-0.9929521309171455,-1.430826965268754,-0.851693189675111,-1.8313117420602514,-0.7844416780941876,-0.04784723512626446,-0.6258303121123294,0.6079915297913819,-0.18022962300198267,-0.5836950122829042,1.6603489217309946,-1.5506500842779678,-0.38882990298328574,0.14988553020055126,-0.6153173746891847,-0.08708112042480595,0.8645698568570838,0.9721800321792269,-0.8424991194508241,-1.2329547432704688,-0.2800012242493132,-1.182092342490194,0.09099976496144097,-0.8412932998433944,-0.3139198279706466,0.46209648528903624,0.2038375843196435,1.159718720784889,-0.6852219343010381,0.15620432840071774,0.4042655464333377,-0.6842980567601399,-0.5994045147163188,-1.236640248378149,0.11959534085359366,-0.21050397090609185,0.6871944725673019,0.33218345039098257,-0.8191018679414042,1.2525816423894187,0.7040831876708203,-0.06581083573045247
0.5650599709563495,-0.5510836281337547,0.37041212207759233,0.690565870670907,0.7003004660256424,0.820895196634598,0.23841928217344002,0.4548939374458531,0.4657811016285304,-0.5167407073531779,-0.215812794018793,0.3553881540744553,-0.541720099479232,0.7045875607415486,0.728969473728364,-0.03253734741828323,0.8951696823866211,0.5443736024657498,-1.0724224341738924,-0.9359804831565652,0.5170043414799991,0.6920496864901802,0.5100306741871641,0.9938373176312445,0.3607757854943008,0.37573871828267186,-0.32080533958161056,0.46511623866651985,0.30024727158843645,-0.6852219343010381,0.7075862528688935,-0.02930509342727146,-0.10365227000188856,0.5772152885249758,0.7099051699869358,0.9752615302842758,-0.5058366107619524,-0.2586125080261702,-0.5001972542093696,-0.2636011982872617,0.9716899278648293,-0.5869136763975357,-0.4330862281902108,0.06894429779662524
-0.17595439679143587,0.07109406209236102,-0.3964517653851509,-0.7437178794766722,-0.7362370292410566,-0.5785251794811,-0.7786887704578073,-0.1908779108077919,-0.6024520108729293,-0.6297701509913436,-0.6286706799050967,-0.5126161040069869,0.4060929128174799,-1.3182962096174475,-0.6534662381306828,-0.6660653498016078,0.174660748086576,-0.7863036494086408,0.8956938002799093,-0.16026966934708808,0.4273622488581094,-0.4491087464816457,-0.4029202721381746,-0.7023529451077476,-0.04484535416533029,-0.39023483756755306,-0.19850111426591077,-0.09998079088249716,0.6413501636620725,0.15620432840071774,-0.02930509342727146,0.582525795865273,0.0661067733876427,0.21827965362217638,-0.41468688371953016,-0.2789311179372893,-0.24368448406871737,-0.36523599190381273,-0.39622767518015367,-0.5325323072541907,0.09357703706359717,1.4555740872016745,0.2113459018166499,0.12724900073004627
-0.3800639845488683,0.4320863754076077,-0.4623821689271494,-0.6293517672020619,-0.1643684348568098,-0.8470529515599065,-0.34784596357686864,0.21797373720752616,-0.1404551282163521,0.2802894069290911,-0.15377603102258247,-0.15980888805369547,0.8599031299794557,-0.5643572649010963,0.020329365549803028,0.06803729335820465,-0.07042759427344719,0.20875778866017564,0.021191843424469205,0.2910814071297364,-0.3513495715320917,-0.4992709008459557,0.08258852271237464,-0.28393560091045994,0.1985215531006609,-0.3933552312807243,-0.3182009394007126,0.4371558931851743,0.16023140737484684,0.4042655464333377,-0.10365227000188856,0.0661067733876427,0.2355552701437222,-0.24796336587344564,0.035452959308235256,-0.4258869874794599,-0.10180781438928756,-0.19462919249449623,0.29643244114389183,0.159724663064714,-0.20137772923853423,0.47961707174239426,0.22942460563624126,-0.049497202309418536
0.8061728078995889,-0.7201659514984602,0.4091643513207142,0.6917938096179955,0.22464565644897375,1.0449353997970938,0.01487273126297127,0.05199764481193596,0.12197153818617543,-1.0780086501633013,-0.43163362393239457,0.07157011445419328,-0.8824999854760798,0.17558136023753143,0.4130171873345375,-0.31900488189595855,0.9685281600379861,-0.06037389453519793,-0.40776310360920665,-1.1572293771439768,0.8900355129510207,0.7245678482225815,0.12223978800990735,0.6297910310437733,0.186617664943454,0.4285760384955007,-0.18740062390246606,0.14934711631968817,0.5951560838748827,-0.6842980567601399,0.5772152885249758,0.21827965362217638,-0.24796336587344564,0.845661912347725,0.1739178586603625,1.0694130293535384,-0.527505355445896,-0.3363679817484771,-0.8964094422960817,-0.6437363713450274,1.1467311107984985,-0.07345725441081453,-0.3622089873827682,0.2114433473650347
0.31465384360249476,-0.27222954862700594,0.3382189702536795,0.7868356348455606,1.2357502978866934,0.6229335251669629,0.6518648259700146,0.8197056448739265,0.9097940103388237,0.284441205608489,0.2046267730744044,0.7219255683218359,-0.1604782469495524,1.470470854156218,1.1826073275761233,0.44632627444614986,0.6320279793117071,1.3050615933415406,-1.83145309622723,-0.525379121263671,-0.05780638590843222,0.6640222161497338,0.9354390116479204,1.3701052343484128,0.5281030177498319,0.346560796772437,-0.38597829824560737,0.7229682750882758,-0.1964846154719033,-0.5994045147163188,0.7099051699869358,-0.41468688371953016,0.035452959308235256,0.1739178586603625,1.213500958140125,0.8165169110421109,-0.38798792569976986,-0.05385004749927299,0.10573967658621018,0.333852688064404,0.6346610215918199,-1.4015420015876232,-0.5060480434238939,-0.117377546809352
1.4270943379490115,-1.1241108934352606,0.9933385804913769,1.8513659140469658,1.2041288325445425,2.1872068874347472,0.8784327084975304,0.37172023512607966,0.904951357079989,-0.9591042045437572,-0.002960040686094402,0.7091574412666444,-1.6533788818677893,1.736258701411335,1.4857660993466837,0.24457990232152427,1.3541976690331234,0.8848805485972775,-1.7536268222285418,-1.6275477456809608,0.883800001186408,1.5924622827031705,0.7185828436656663,1.787665478685327,0.43689058385075646,1.032736507862661,-0.17999600614555,0.4222854627720965,0.2510765576495304,-1.236640248378149,0.9752615302842758,-0.2789311179372893,-0.4258869874794599,1.0694130293535384,0.8165169110421109,1.985433759804136,-0.6580570869685136,-0.16261325621817047,-0.9036914040358062,-0.3535127127304923,1.713226248658897,-1.718953660664126,-0.8249728700743411,0.1720264565854753
-0.3992667085497282,0.002351427420194266,0.3378982373606358,0.06467627877942644,-0.17832956061142644,0.11960722031019513,0.34032822666735685,-0.5195739177994675,-0.12533088608396148,0.6241096839759225,0.6223466144865023,0.01313008565687096,-0.5684664697051522,0.40408219985563876,-0.9585250367608994,0.053062640154549305,-1.0116660306762002,-0.6555426325083108,0.8353925719455468,0.8409978595826392,-0.31194489023644906,-0.09692209043978024,-0.48902915203188624,-0.44242453915681956,-0.716965995991568,0.1475221574322792,0.867173829787161,-1.025800408905634,-0.866134189937226,0.11959534085359366,-0.5058366107619524,-0.24368448406871737,-0.10180781438928756,-0.527505355445896,-0.38798792569976986,-0.6580570869685136,0.9207012652395751,0.6893395963554237,0.35504850367738566,0.23320214927864497,-1.0569681222358012,-0.3316043982733599,0.13837419411299257,-0.11806345478547045
-0.06802682582964642,-0.1612587471859263,0.5357705293526994,0.5934819815594405,0.249328740068375,0.6670469821535135,0.7274790048611844,-0.36224197937858454,0.2615032459015691,0.5614205254626886,0.7422273060779324,0.32645486643961324,-0.8129166745311412,1.1005504947812925,-0.3798350106769838,0.19027040564944275,-0.7593555583231486,-0.23134886361472526,0.1555228780049512,0.5345915662405347,-0.1930847023738737,0.31517625942683175,-0.17511011566585855,0.08867345885489901,-0.5208386563411543,0.36482493208998923,0.7690414642598291,-0.9610876867624533,-0.9392239766207221,-0.21050397090609185,-0.2586125080261702,-0.36523599190381273,-0.19462919249449623,-0.3363679817484771,-0.05385004749927299,-0.16261325621817047,0.6893395963554237,0.7147111698299471,0.3191376108082945,0.3547527998542173,-0.705104368939191,-0.9926254196581222,-0.15790419606622433,-0.13460610346521
-0.7255796097741006,0.8828402924691424,-0.4801671046230226,-0.5037828811003049,0.10528239307490311,-1.0214070012060341,0.2527631144121853,0.18178501611807185,0.19646703674057872,1.3408718205419357,0.5881826244576136,0.16190500392424725,1.1626607684572297,0.2636173517567744,0.19712025460962687,0.6241808470395905,-0.9029152315820502,0.6666381877886957,-0.2469959353943559,1.168751535594605,-1.1197664394088864,-0.630839516593282,0.22359884321938164,-0.29967160452653663,0.09200744518930114,-0.4293033879195733,-0.03445011596074841,0.1356473735236863,-0.6901927248937962,0.6871944725673019,-0.5001972542093696,-0.39622767518015367,0.29643244114389183,-0.8964094422960817,0.10573967658621018,-0.9036914040358062,0.35504850367738566,0.3191376108082945,1.164860075987158,0.9777383118663628,-1.0487033299816764,-0.44569863490555284,0.24137736188321207,-0.2747798719237299
-0.3181891375980186,0.5837477840350079,-0.1558763023010526,0.09737144536617501,0.48837724622463696,-0.3313178398808506,0.6123762470321219,0.25869703426791407,0.5041675682115786,1.1590274942221728,0.6926662535096094,0.41022074240241807,0.6400878929356774,0.9062567247115094,0.6458591237542843,0.7614212498003665,-0.6122960125744169,0.9490130134399493,-0.7744388583711812,0.784976656734114,-0.9358593933773257,-0.14458994332777725,0.4330089755170454,0.23098796429178362,0.1890765166894706,-0.10181991558933713,-0.01825616143266191,0.1777716568084358,-0.7311634035219075,0.33218345039098257,-0.2636011982872617,-0.5325323072541907,0.159724663064714,-0.6437363713450274,0.333852688064404,-0.3535127127304923,0.23320214927864497,0.3547527998542173,0.9777383118663628,0.9619005012473772,-0.6408794094401259,-1.100386624327778,-0.011664333187780106,-0.24370845236513533
1.21166033483456,-0.8151017386660858,0.3905049510394445,0.9928474890615762,0.7045644289002463,1.2386110089601514,0.0727818985620214,0.5443324096424815,0.4563865392224509,-1.2875021463373082,-0.6313461064253402,0.2591956287514222,-0.7526839510316985,0.42870269836139163,1.4114396463184504,0.006596304816205164,1.7041128614005854,0.7945556012394576,-1.414458725535414,-1.7592378780279465,0.9060753736661353,1.0213422042121056,0.6541106226416562,1.3117833518966528,0.721287058866072,0.552631199379458,-0.7191559506657669,1.0882918321580397,0.9849780741300268,-0.8191018679414042,0.9716899278648293,0.09357703706359717,-0.20137772923853423,1.1467311107984985,0.6346610215918199,1.713226248658897,-1.0569681222358012,-0.705104368939191,-1.0487033299816764,-0.6408794094401259,1.9526491534472854,-0.5037963666451182,-0.5081105930893135,0.2645107184746413
-1.1817858301805804,0.8431683977676933,-1.6167631023294626,-2.9180400565791333,-2.3752696161743008,-2.845973169544223,-2.526376653372404,-0.470510511723857,-1.967235013761903,-0.9533686531515692,-1.6330243228369075,-1.6807791429026184,2.1151567330127983,-4.3470113869939295,-2.112615754803434,-1.5193386915589246,-0.09497644786674506,-2.0414855916144825,2.9124785935250266,0.4022838530259258,0.3897114798526713,-2.0398480157836816,-1.2278271623186277,-2.583360060959658,-0.17586792631839582,-1.5374297212784258,-0.6061212056082441,0.11302152820716559,1.6104221427566174,1.2525816423894187,-0.5869136763975357,1.4555740872016745,0.47961707174239426,-0.07345725441081453,-1.4015420015876232,-1.718953660664126,-0.3316043982733599,-0.9926254196581222,-0.44569863490555284,-1.100386624327778,-0.5037963666451182,4.501388188785795,1.0958872683309904,0.23552716731069082
-0.5509160976317581,0.5283459534180424,-0.5805867620116124,-0.9991650096135716,-0.7028457643544328,-1.1508519510501234,-0.664908098960275,-0.13437461576466941,-0.5686427254838992,0.1881138484957513,-0.23863553498578333,-0.5000598294408439,0.8778044731218181,-1.237764908634319,-0.5626741849458715,-0.08743491694474739,-0.3599173236393534,-0.3768279793625908,0.8723979503081578,0.547032220231792,-0.36903002452073774,-0.809853224627229,-0.35008958071487273,-0.8919074486866609,-0.07403878562862828,-0.5203224061852187,-0.10487451947329929,0.17792288886402902,0.2280128690588717,0.7040831876708203,-0.4330862281902108,0.2113459018166499,0.22942460563624126,-0.3622089873827682,-0.5060480434238939,-0.8249728700743411,0.13837419411299257,-0.15790419606622433,0.24137736188321207,-0.011664333187780106,-0.5081105930893135,1.0958872683309904,0.5028375614987222,0.004169286349939838
0.16802381191575758,-0.13939791960024586,0.026071834254507365,0.02086123148781361,-0.12529802428855963,0.13010211100419175,-0.146642090726101,-0.06164088348259127,-0.11831451097535112,-0.35219846846558,-0.19746360585149553,-0.11410363554211907,-0.16036605067337104,-0.24679322711940602,-0.02469471391480458,-0.13288815683193905,0.22682106584077896,-0.1682829865473104,0.13425993719001336,-0.26361231225477255,0.22993925090652323,0.06981748639080124,-0.08335312727769531,-0.023198341556374787,0.014222046425251919,0.045720138458719785,-0.047583768134427724,0.04458479688332396,0.253964677221735,-0.06581083573045247,0.06894429779662524,0.12724900073004627,-0.049497202309418536,0.2114433473650347,-0.117377546809352,0.1720264565854753,-0.11806345478547045,-0.13460610346521,-0.2747798719237299,-0.24370845236513533,0.2645107184746413,0.23552716731069082,0.004169286349939838,0.08807246099527209
