V1,V2,V3,V4,V5,V6,V7,V8,V9,V10,V11,V12,V13,V14,V15,V16,V17,V18,V19,V20,V21,V22,V23,V24,V25,V26,V27,V28,V29,V30,V31,V32,V33,V34,V35,V36,V37,V38,V39,V40,V41,V42,V43,V44
1.6945799372592925,-0.45847208883835044,1.3656717340108904,1.305227258966394,-0.5198647868844609,0.9542666028495745,-0.33741780371790375,-0.8082793195696107,-0.7036359535388347,-1.646670824567785,-0.06306700627209659,-0.09218647128176313,-0.20284141582300572,0.013365679669567053,-0.1791245693113551,0.18673261041171488,-0.1391329992682995,-0.3020872016616515,0.08645594289408971,-0.44084763121914067,1.0518312527492353,0.5134772522232267,0.28363378782675375,-0.6403141159588356,-0.1678632875689971,1.4135260581122766,0.39878216638106184,0.3955619628420412,1.4255751278259736,-0.17368341783589966,-0.019633382773396327,-0.08479233200976129,-0.10725214497865368,0.43290131182848485,-0.9015950182017686,0.7396472626097212,-0.6813353507541443,0.1610568850076147,0.22080298209915142,-0.1755508812934629,0.18776686866643336,-0.5935151640925803,0.8272511603639889,-0.5874396221422062
-0.45847208883835044,0.6069982769453,-0.44073004623283024,-0.2559813704185755,0.1644756739874536,-0.5029596435946746,0.39120669019440685,0.11754564151029442,0.2828579642375241,1.1224032402711166,0.531036028411798,0.08474997241085758,0.4399291062628683,0.263011938883755,0.4845365050122427,0.7562582476054805,-0.4793997346851398,0.6767878905023929,-0.24402263111529893,0.7479729190109564,-1.0613578466431066,-0.3104025819599345,0.042003626825074115,0.04479212665511603,0.1200406950539725,-0.31614892884875145,-0.040141116543364275,0.1539220065715047,-0.694967388816705,0.5903742460233614,-0.4525145340234378,-0.4353050107683358,0.13256405430465668,-0.5384736969815036,-0.04948087258001231,-0.4734108381340126,0.4835108805232454,0.1663078767454555,0.6460933095731181,0.6894766647592495,-0.5047679480555435,-0.5745624526304853,0.05506306989996094,0.04087273208197731
1.3656717340108904,-0.44073004623283024,1.5981785795563057,1.3471599995329528,0.0887698951784083,0.7509005020226653,-0.2166756613928711,-0.29121065333804014,-0.3616085013552256,-1.2972465141305654,0.046295869143863515,0.3821305083438457,0.3384722231109315,0.780646197318105,-0.2406346090321941,-0.019634512948096972,-0.30943594994839324,0.10910339821978311,-0.6903390436153133,-0.30709129442194544,1.1010379857566552,0.5236060040635484,0.886158392630908,-0.2721676135376433,-0.08626596694851316,1.432293241033844,0.31834797832805545,0.5414568187214033,1.2488676183730032,-0.5588239956529035,0.4274378279873276,-0.14555788446682572,0.08819085452558437,0.15711497112167627,0.07696092761694935,0.6200108895846558,-0.9094368281984819,0.37066027303675725,0.6735256986097876,0.1609824189897917,-0.19994991386770805,-1.0039367059858486,0.7138051802883704,-1.030340353402174
1.305227258966394,-0.2559813704185755,1.3471599995329528,1.3684190462669825,0.12877652201107276,0.7556528543534637,0.06291617869253743,-0.3679485758705847,-0.20892798091136724,-0.860897930738413,0.29682765338987444,0.3496752954573059,0.18018052144719854,0.8461918595038461,0.1278586746370145,0.42724845946200796,-0.37210510329319985,0.3699911143074647,-0.690048994421788,-0.09727579511141334,0.617609585205908,0.5109312728345871,0.7181822938726758,-0.1831035428082073,-0.04094667789109075,1.3347453242550127,0.329707206485124,0.5260403605338351,0.8770229812769187,-0.24483751608716445,0.1302834786047421,-0.37292696477666404,0.032599189938008866,0.06397542513519784,-0.1913095717597081,0.5923657135004976,-0.5942702933712195,0.38785484770069806,0.7447657272859204,0.36231870877080813,-0.18374584339809735,-1.2802358929702113,0.6576078156970275,-0.8121954336766967
-0.5198647868844609,0.1644756739874536,0.0887698951784083,0.12877652201107276,1.1124829540731263,-0.2906254487323438,0.48345856427694345,0.8466271584064612,0.7700824982285454,0.9237149441234305,0.3609729794898666,0.759748307265461,0.6809021432305127,1.3452170885935588,0.34502366405718365,0.1103572287975738,-0.1617260564823506,0.9585126541988587,-1.3944148180088263,0.33283645809883033,-0.29001944499476223,0.050303396212706325,0.8588229977617443,0.7634443960294015,0.2761773305606995,-0.04500958761381303,-0.20229797966935903,0.26506760454054773,-0.6107839839132998,-0.38925563941112395,0.5289027927197111,-0.30756495364110725,0.2551964810382064,-0.4625411062594208,1.3878003071124185,-0.11399472109804588,-0.1761266833276221,0.2811096256131336,0.762732622807992,0.692652282664724,-0.42028018443078774,-0.913541944933,-0.3218352407040158,-0.4423193657710342
0.9542666028495745,-0.5029596435946746,0.7509005020226653,0.7556528543534637,-0.2906254487323438,0.9302524926458028,-0.1289111689739296,-0.48187791092844035,-0.36356601489852985,-1.1486526727788766,-0.17690416852045363,-0.08702064171714155,-0.681107654229833,-0.0314918965420813,-0.056485030342083985,-0.07991920319236177,0.15910815165872558,-0.41546425656701447,0.28055703012196215,-0.6107367665260715,0.7699262344568181,0.47115082013198323,-0.016686167153538763,-0.18157760057960307,-0.1263230913174761,0.7447464903938502,0.29638635913440153,0.09529441975065733,0.6867133325652338,-0.26728632856128304,0.09889596452544488,0.061038078218562546,-0.23278522331580917,0.4525613877804098,-0.45446019313236435,0.5884273145638764,-0.3345951052562852,0.06704947441641429,-0.358257232134307,-0.4073065128798059,0.45346610986291863,-0.20946053798296455,0.23960217296113345,-0.12965287886608023
-0.33741780371790375,0.39120669019440685,-0.2166756613928711,0.06291617869253743,0.48345856427694345,-0.1289111689739296,0.6296994493183045,0.24992580850553714,0.519120520462114,1.0949178584300288,0.5984198560299784,0.3083633904888737,0.15866867810188276,0.7798478862284945,0.6388053009309106,0.7322748217455985,-0.35982563619281244,0.8100571006526815,-0.6095436559115038,0.5542881325725317,-0.9014552737903947,-0.03769214692304462,0.23280289001885163,0.4029831648902007,0.1503251433857007,-0.14863874460829804,0.008139084026444683,0.11391168227579555,-0.8207180769419229,0.28996495165595565,-0.23535679307511506,-0.5146964297461462,0.0653449115272583,-0.46583127242965555,0.2815471608812453,-0.2316263574872064,0.4138138627687963,0.24903724483679085,0.5886670802339592,0.691322204557688,-0.35999431724675696,-0.9626145594819845,-0.14698332767526606,-2.930468362664925e-4
-0.8082793195696107,0.11754564151029442,-0.29121065333804014,-0.3679485758705847,0.8466271584064612,-0.48187791092844035,0.24992580850553714,0.9086988175746727,0.6438009842102111,0.8377351614741437,0.06290559919914425,0.5160331472322577,0.5072618554277807,0.8030482515173339,0.18156237372538864,-0.2379834217918727,0.09055295646987796,0.5489964218378482,-0.8919256211450395,0.1738746178114651,-0.2462682861212031,-0.09887947514609949,0.5461944415650112,0.6588355588545681,0.22289798509935016,-0.47362221772990953,-0.29142634609644164,0.1545592656555827,-0.6315738851582101,-0.399435096190032,0.4993368405996133,-0.02780941779669554,0.19357683257762479,-0.41566789096804196,1.3270762581747604,-0.275444861939198,-0.1788194628902938,0.09202876469247337,0.2757656462520266,0.3356445221105766,-0.18402849419579875,-0.22077264323489842,-0.5000459748247763,-0.15458460510688637
-0.7036359535388347,0.2828579642375241,-0.3616085013552256,-0.20892798091136724,0.7700824982285454,-0.36356601489852985,0.519120520462114,0.6438009842102111,0.7072993991383514,1.1485788824374334,0.3655956218263314,0.4435571380185516,0.3599765819793927,0.8575835727837584,0.4263905308611062,0.2461583672923184,-0.09839358584822318,0.7766740027370757,-0.8958913616456464,0.4048247286205844,-0.678642443735641,-0.08341968124958525,0.3780195491724596,0.6790530711193186,0.21474491351664807,-0.40419958934643957,-0.20180819865073976,0.008874288828447263,-0.8598832263993077,-0.06080501352012449,0.1604780396303703,-0.2720424199839464,0.15430354490201464,-0.4082088566459002,0.8989345712365505,-0.23967018733906276,0.23823259982977105,0.1195336679309032,0.4315792393641715,0.5499088685619193,-0.3087856416143248,-0.5881970480132237,-0.42019415022740736,-0.009358979440436146
-1.646670824567785,1.1224032402711166,-1.2972465141305654,-0.860897930738413,0.9237149441234305,-1.1486526727788766,1.0949178584300288,0.8377351614741437,1.1485788824374334,2.9712235227033337,1.068910461050364,0.46142288700542505,0.7580801438645821,1.0231356522509818,1.0289694406865393,1.1475199865334489,-0.6551385827470761,1.580580081963128,-1.008776876036258,1.4246677468016096,-2.2589558915180965,-0.5654788565131155,0.18306023687850917,0.8473298854196636,0.3214216788813687,-1.1988227765827868,-0.3325757168954104,-0.08858839352983981,-2.0917687160409533,0.7516605421518137,-0.5250903456446023,-0.8060401700367864,0.2948686252605814,-1.0788914839028387,0.8057066735541654,-1.0259137629383048,1.1828476241580812,0.2246080991051916,1.055829414777549,1.3678625670158147,-0.9379194084746851,-1.0748490896913334,-0.6014805653368522,0.3250265134770646
-0.06306700627209659,0.531036028411798,0.046295869143863515,0.29682765338987444,0.3609729794898666,-0.17690416852045363,0.5984198560299784,0.06290559919914425,0.3655956218263314,1.068910461050364,0.8014453325462039,0.32411275913259974,0.4362361117093989,0.8460295630089824,0.6419863193035381,1.0066692616940227,-0.6734148275595246,0.9725572588517916,-0.6707491991821483,0.7911677725313023,-0.985824178223608,-0.06005599280568539,0.36653437858207416,0.15300620343986437,0.1013122509509403,0.12190411776018266,0.09021299026496366,0.2779280454671829,-0.606230287259016,0.4441417912466319,-0.40545318301559913,-0.6807342930679319,0.13798980830053464,-0.5949316980207946,0.018582283680051954,-0.2733232677918743,0.3821742302079116,0.3638617732693175,0.995042707738764,0.9523239981365863,-0.6283216966467298,-1.3094879570663271,0.16758241279520622,-0.24731362786736916
-0.09218647128176313,0.08474997241085758,0.3821305083438457,0.3496752954573059,0.759748307265461,-0.08702064171714155,0.3083633904888737,0.5160331472322577,0.4435571380185516,0.46142288700542505,0.32411275913259974,0.617666658640521,0.5946656169326775,1.1107130311676525,0.2214204658740546,0.15174026814097066,-0.2760146182425965,0.7412094687835433,-1.1025052865041267,0.24650610209701967,-0.049247879901092986,0.1061278159473435,0.8117258379557102,0.42623619840852617,0.17917735427793616,0.25138085297175744,-0.062200426852226494,0.3327091498120627,-0.21158248449140382,-0.33375299665577474,0.4043247233294233,-0.3011463279322276,0.19908904873943042,-0.3603344482292797,0.9612194265410481,-0.039183717805859636,-0.2736338363939946,0.3023457799394759,0.7768813412276657,0.5912849432357834,-0.38910389926401934,-0.9254181812281711,-0.05232966882433054,-0.5476837430337937
-0.20284141582300572,0.4399291062628683,0.3384722231109315,0.18018052144719854,0.6809021432305127,-0.681107654229833,0.15866867810188276,0.5072618554277807,0.3599765819793927,0.7580801438645821,0.4362361117093989,0.5946656169326775,1.4646379225505888,0.9832860883891229,0.03004924843947981,0.2928968924966366,-0.6079707452655663,1.0367215137128234,-1.3956236489604237,0.697155427916575,-0.2823383498526819,-0.2196169006999629,1.0041576079579553,0.20856228920765743,0.24176192018467296,0.23916885513857697,-0.21612260176180748,0.3597190793049752,-0.0011016288791484178,-0.05926243593742807,0.2959265722325564,-0.3720326587988072,0.48129962182974884,-0.498375182986646,0.9028520523170922,-0.3002492866810033,-0.18995344525483032,0.23949115677493077,1.3868045896428718,0.9404815682468941,-0.9547808888671826,-0.8890187087677236,0.2771804271863323,-0.7903603445405013
0.013365679669567053,0.263011938883755,0.780646197318105,0.8461918595038461,1.3452170885935588,-0.0314918965420813,0.7798478862284945,0.8030482515173339,0.8575835727837584,1.0231356522509818,0.8460295630089824,1.1107130311676525,0.9832860883891229,2.235678554274084,0.6758983226485291,0.7023881077348182,-0.672452694994207,1.541799144482596,-2.055372642486243,0.6596487005605272,-0.42909588501495327,0.24724922944432823,1.4640475619712996,0.757737083260528,0.29087188447414936,0.5937176999358099,0.025142790902658113,0.6749342713113792,-0.5057189280539824,-0.3977356982549157,0.4470945084732924,-0.7789540696707599,0.339081030064645,-0.8160486413540275,1.4720512367210863,-0.05640026127748392,-0.36517874617341745,0.6823026160936136,1.5894608555442886,1.2990237515024619,-0.8313119968560353,-2.1573784883027707,0.023005734541956136,-0.9885267639038748
-0.1791245693113551,0.4845365050122427,-0.2406346090321941,0.1278586746370145,0.34502366405718365,-0.056485030342083985,0.6388053009309106,0.18156237372538864,0.4263905308611062,1.0289694406865393,0.6419863193035381,0.2214204658740546,0.03004924843947981,0.6758983226485291,1.1250917200489163,1.073958729240241,-0.39702891745737623,0.9095051611138188,-0.31753045251833323,0.5455744478718084,-1.2482648828633263,-0.026971660145662674,0.15522998740131727,0.2388910957399933,0.12811085079337103,-0.11866248248514488,0.1271918401364352,0.6839877207258841,-0.8265494153362387,0.6019458509220778,-0.5581985072132365,-0.6287930076213807,-0.057419398800684425,-0.7467587110217755,-0.021408019677843032,-0.2316972701524302,0.24784684894658432,0.38474143766275387,0.4857735061612285,0.7668445739795444,-0.19304870801928709,-1.2010589169658548,0.036727658231736134,0.012343444948823556
0.18673261041171488,0.7562582476054805,-0.019634512948096972,0.42724845946200796,0.1103572287975738,-0.07991920319236177,0.7322748217455985,-0.2379834217918727,0.2461583672923184,1.1475199865334489,1.0066692616940227,0.15174026814097066,0.2928968924966366,0.7023881077348182,1.073958729240241,1.638242329438037,-0.8740822438089069,1.1053274518167633,-0.3648663223071276,1.0059458280044404,-1.4494504749907076,-0.1139578564074387,0.18432693216383575,-0.12018169506888905,0.11805284446249387,0.2547890621763214,0.2627909146814076,0.5828280685674766,-0.6878877031328885,0.9738822246459158,-0.8988612640530314,-0.9400019272009872,0.04314551005956971,-0.784967308101629,-0.6062134932821813,-0.32357015665932537,0.5197769781990117,0.4909961213707127,1.1301743155600097,1.1409769068146398,-0.6134100888067915,-1.6491727798341222,0.4464506453104057,-0.14819821542982617
-0.1391329992682995,-0.4793997346851398,-0.30943594994839324,-0.37210510329319985,-0.1617260564823506,0.15910815165872558,-0.35982563619281244,0.09055295646987796,-0.09839358584822318,-0.6551385827470761,-0.6734148275595246,-0.2760146182425965,-0.6079707452655663,-0.672452694994207,-0.39702891745737623,-0.8740822438089069,0.8277110175218952,-0.7647311221646663,0.4926223748848142,-0.739184570343306,0.702410674817836,0.11712774178440952,-0.4490998971806627,0.15917233875809814,-0.05015128973842001,-0.358652282339597,-0.20499649579564214,-0.40689435230995774,0.2500335305257329,-0.4490933756043743,0.3703740335031282,0.5944263693554181,-0.14946940154254862,0.5911148053789427,0.07512202123173944,0.31185596232736534,-0.1844694679190718,-0.43612839693953975,-1.1027875956524726,-0.8787320119847283,0.7314821849658527,1.1899312381851626,-0.444549924012804,0.4767299687170014
-0.3020872016616515,0.6767878905023929,0.10910339821978311,0.3699911143074647,0.9585126541988587,-0.41546425656701447,0.8100571006526815,0.5489964218378482,0.7766740027370757,1.580580081963128,0.9725572588517916,0.7412094687835433,1.0367215137128234,1.541799144482596,0.9095051611138188,1.1053274518167633,-0.7647311221646663,1.6758262162349071,-1.6175803494469,0.9568176100556356,-1.1822837381629634,-0.06899296447746912,0.9529879751595695,0.6146939984090105,0.3187455251213991,0.12222580084202829,-0.1219366317649538,0.5303565445179379,-0.7935874617525575,0.2797537961034364,-0.09614890303401216,-0.8624423244952035,0.3424548820464414,-0.7892944565288541,0.8054169120787117,-0.31179922000240295,0.2664918740128346,0.441598041261721,1.5073121524058282,1.3883724550450625,-0.9052898015582725,-1.8415758362678625,0.0693355861812549,-0.5452933518015246
0.08645594289408971,-0.24402263111529893,-0.6903390436153133,-0.690048994421788,-1.3944148180088263,0.28055703012196215,-0.6095436559115038,-0.8919256211450395,-0.8958913616456464,-1.008776876036258,-0.6707491991821483,-1.1025052865041267,-1.3956236489604237,-2.055372642486243,-0.31753045251833323,-0.3648663223071276,0.4926223748848142,-1.6175803494469,2.4859444794334,-0.5687454451078915,0.13746842705504617,-0.16037481212292115,-1.578613931536779,-0.9474198289630478,-0.42213432273947993,-0.5054725450489438,0.30941300102595676,-0.28633895188312247,0.22465027423989686,0.5971498481393355,-0.7726981985846371,0.591640858235306,-0.5309965448638707,0.3901604664092484,-1.699201729299716,-0.03870534771844818,0.2640910389250502,-0.3249135768944901,-1.6532187586769858,-1.194644942908664,0.909288211952419,1.7421062585011045,0.0730018391785835,0.9688192283721357
-0.44084763121914067,0.7479729190109564,-0.30709129442194544,-0.09727579511141334,0.33283645809883033,-0.6107367665260715,0.5542881325725317,0.1738746178114651,0.4048247286205844,1.4246677468016096,0.7911677725313023,0.24650610209701967,0.697155427916575,0.6596487005605272,0.5455744478718084,1.0059458280044404,-0.739184570343306,0.9568176100556356,-0.5687454451078915,1.074613735806117,-1.2618020755621533,-0.33445100306253406,0.25538115958390206,0.0532402841761705,0.11987443860576126,-0.18162273676835464,0.02023393158637689,0.1959673147355958,-0.8209862100319317,0.6339508910981788,-0.5223947005821654,-0.6357482171755595,0.2218940571061663,-0.7812104197760413,0.039519620288389665,-0.5747020908397931,0.5044922993161283,0.33110353837896034,1.0902958180621154,1.0314832520661452,-0.8162304753696004,-1.0198158123277958,0.1464631862737902,-0.14652697218192892
1.0518312527492353,-1.0613578466431066,1.1010379857566552,0.617609585205908,-0.29001944499476223,0.7699262344568181,-0.9014552737903947,-0.2462682861212031,-0.678642443735641,-2.2589558915180965,-0.985824178223608,-0.049247879901092986,-0.2823383498526819,-0.42909588501495327,-1.2482648828633263,-1.4494504749907076,0.702410674817836,-1.1822837381629634,0.13746842705504617,-1.2618020755621533,2.39232163212238,0.4979759329095934,0.2641987729730866,-0.29218880231475225,-0.11096719382149459,0.886436673235271,-0.024055616612933973,-0.306050866676629,1.6884158406320067,-1.211318475701289,1.0778705595316276,0.761543163367852,-0.04753168272079122,1.1144035941542925,0.20384922720906973,0.8109399151580455,-1.0686483553326347,-0.3204173476306557,-0.6546397675364748,-1.1376141936042339,0.6839316014630702,1.0506401565656112,0.12203827027691432,-0.41554913919525194
0.5134772522232267,-0.3104025819599345,0.5236060040635484,0.5109312728345871,0.050303396212706325,0.47115082013198323,-0.03769214692304462,-0.09887947514609949,-0.08341968124958525,-0.5654788565131155,-0.06005599280568539,0.1061278159473435,-0.2196169006999629,0.24724922944432823,-0.026971660145662674,-0.1139578564074387,0.11712774178440952,-0.06899296447746912,-0.16037481212292115,-0.33445100306253406,0.4979759329095934,0.3277672362843872,0.18824820544406795,0.05421582531036271,-0.051659383640912444,0.4511565545623929,0.09126938875604133,0.09781679234389953,0.40446814586984275,-0.32570228988316363,0.2098279827783963,0.011843933638058734,-0.05877354889377904,0.21608498448304017,0.017453424887646417,0.3837353653127139,-0.3096088475989009,0.05506177361645467,-0.08648834034285209,-0.13058108503381247,0.19009649691679126,-0.2643533832623077,0.07601606653281952,-0.2014570332160797
0.28363378782675375,0.042003626825074115,0.886158392630908,0.7181822938726758,0.8588229977617443,-0.016686167153538763,0.23280289001885163,0.5461944415650112,0.3780195491724596,0.18306023687850917,0.36653437858207416,0.8117258379557102,1.0041576079579553,1.4640475619712996,0.15522998740131727,0.18432693216383575,-0.4490998971806627,0.9529879751595695,-1.578613931536779,0.25538115958390206,0.2641987729730866,0.18824820544406795,1.2974992917953472,0.37007190953458385,0.2450590758133311,0.6848077176876888,-0.050046102392233525,0.5767154273565885,0.21273181070993713,-0.5202890547991013,0.6109142545906373,-0.3955177241623337,0.3269659659996921,-0.3803489896800835,1.1746010588410154,0.05625711533902832,-0.6076470208322351,0.40631881734942016,1.2376622891161193,0.7788710310809893,-0.5866505451392732,-1.3294332462105314,0.20053796838701554,-0.982619625331631
-0.6403141159588356,0.04479212665511603,-0.2721676135376433,-0.1831035428082073,0.7634443960294015,-0.18157760057960307,0.4029831648902007,0.6588355588545681,0.6790530711193186,0.8473298854196636,0.15300620343986437,0.42623619840852617,0.20856228920765743,0.757737083260528,0.2388910957399933,-0.12018169506888905,0.15917233875809814,0.6146939984090105,-0.9474198289630478,0.0532402841761705,-0.29218880231475225,0.05421582531036271,0.37007190953458385,0.8562337066449376,0.20241214098014973,-0.3980848919768863,-0.30629128496297403,-0.19681888942412465,-0.635787056141299,-0.356410669895222,0.42222837638889754,-0.08485041642741624,0.14351002116838027,-0.05183102441827816,1.0389871914144981,-0.026784198402661785,0.1956061354680947,-0.0545108020000993,0.11789198572005925,0.26383139875994366,-0.11887504592594661,-0.3207703059727383,-0.5628668250246113,0.043804019159716844
-0.1678632875689971,0.1200406950539725,-0.08626596694851316,-0.04094667789109075,0.2761773305606995,-0.1263230913174761,0.1503251433857007,0.22289798509935016,0.21474491351664807,0.3214216788813687,0.1013122509509403,0.17917735427793616,0.24176192018467296,0.29087188447414936,0.12811085079337103,0.11805284446249387,-0.05015128973842001,0.3187455251213991,-0.42213432273947993,0.11987443860576126,-0.11096719382149459,-0.051659383640912444,0.2450590758133311,0.20241214098014973,0.18153452097581418,-0.057378437806893536,-0.12168127655850981,0.04388105087188539,-0.19588951656139425,-0.02716824801860256,0.14937969813594368,-0.12027533339669018,0.08965421940218442,-0.0672318873301049,0.3626323340289882,-0.08374164025809297,0.03643990257458237,0.009465977779862966,0.2937130406009157,0.21039640902877219,-0.08781431856115884,-0.21473008387062423,-0.10209629412081485,-0.06287485242015206
1.4135260581122766,-0.31614892884875145,1.432293241033844,1.3347453242550127,-0.04500958761381303,0.7447464903938502,-0.14863874460829804,-0.47362221772990953,-0.40419958934643957,-1.1988227765827868,0.12190411776018266,0.25138085297175744,0.23916885513857697,0.5937176999358099,-0.11866248248514488,0.2547890621763214,-0.358652282339597,0.12222580084202829,-0.5054725450489438,-0.18162273676835464,0.886436673235271,0.4511565545623929,0.6848077176876888,-0.3980848919768863,-0.057378437806893536,1.4372902021573497,0.35814728524357725,0.5041090285003161,1.1477057523482168,-0.26690389652141344,0.18926704440138278,-0.23365691055119245,0.04109806916912566,0.17276235764486161,-0.2910825144564445,0.5884785866747435,-0.7150591724858788,0.3508672380017654,0.7022136732728139,0.20151393462369874,-0.16516911943961332,-0.9962071147211322,0.7895906816567763,-0.8656913070867744
0.39878216638106184,-0.040141116543364275,0.31834797832805545,0.329707206485124,-0.20229797966935903,0.29638635913440153,0.008139084026444683,-0.29142634609644164,-0.20180819865073976,-0.3325757168954104,0.09021299026496366,-0.062200426852226494,-0.21612260176180748,0.025142790902658113,0.1271918401364352,0.2627909146814076,-0.20499649579564214,-0.1219366317649538,0.30941300102595676,0.02023393158637689,-0.024055616612933973,0.09126938875604133,-0.050046102392233525,-0.30629128496297403,-0.12168127655850981,0.35814728524357725,0.3102207734187205,0.2724727070572441,0.14531067959829697,0.1807680654962357,-0.25826618734803,-0.11090520043510173,-0.1265040766328081,-0.1629721039852133,-0.4047799314368664,0.06991366396899455,-0.1291407514530793,0.23899921392326143,0.04794781235145414,0.038929164571862795,-0.0025132706938033127,-0.32331492700661846,0.307855979916446,-0.13404844862405807
0.3955619628420412,0.1539220065715047,0.5414568187214033,0.5260403605338351,0.26506760454054773,0.09529441975065733,0.11391168227579555,0.1545592656555827,0.008874288828447263,-0.08858839352983981,0.2779280454671829,0.3327091498120627,0.3597190793049752,0.6749342713113792,0.6839877207258841,0.5828280685674766,-0.40689435230995774,0.5303565445179379,-0.28633895188312247,0.1959673147355958,-0.306050866676629,0.09781679234389953,0.5767154273565885,-0.19681888942412465,0.04388105087188539,0.5041090285003161,0.2724727070572441,1.1964509988309586,0.10208781373717225,0.19361977728720353,-0.16046654583889672,-0.37800778259419765,-0.015642061827771236,-0.7458513713310094,0.1728239090259893,-0.021946338610341044,-0.6580232051858017,0.5531062489340002,0.5869475958679659,0.5522743308138697,-0.1589136618526508,-1.071479309072119,0.4760586934776638,-0.6203967606791035
1.4255751278259736,-0.694967388816705,1.2488676183730032,0.8770229812769187,-0.6107839839132998,0.6867133325652338,-0.8207180769419229,-0.6315738851582101,-0.8598832263993077,-2.0917687160409533,-0.606230287259016,-0.21158248449140382,-0.0011016288791484178,-0.5057189280539824,-0.8265494153362387,-0.6878877031328885,0.2500335305257329,-0.7935874617525575,0.22465027423989686,-0.8209862100319317,1.6884158406320067,0.40446814586984275,0.21273181070993713,-0.635787056141299,-0.19588951656139425,1.1477057523482168,0.14531067959829697,0.10208781373717225,1.8379000077999266,-0.5705951103862388,0.43155551297866507,0.43476656759090004,-0.0045957634113466305,0.8037264300475186,-0.5557118355424941,0.7702113810762021,-0.9065027925710413,-0.16292232225280265,-0.23020471176096036,-0.685434102432728,0.31071290660072554,0.43183911611849984,0.6763418569379773,-0.5546877089035417
-0.17368341783589966,0.5903742460233614,-0.5588239956529035,-0.24483751608716445,-0.38925563941112395,-0.26728632856128304,0.28996495165595565,-0.399435096190032,-0.06080501352012449,0.7516605421518137,0.4441417912466319,-0.33375299665577474,-0.05926243593742807,-0.3977356982549157,0.6019458509220778,0.9738822246459158,-0.4490933756043743,0.2797537961034364,0.5971498481393355,0.6339508910981788,-1.211318475701289,-0.32570228988316363,-0.5202890547991013,-0.356410669895222,-0.02716824801860256,-0.26690389652141344,0.1807680654962357,0.19361977728720353,-0.5705951103862388,1.0519402172052532,-0.9491792232012713,-0.3966314201148779,-0.08794109483394041,-0.44164735409622535,-0.9581046565427878,-0.38374029729035036,0.6530276055840225,0.1287252875586589,0.21773878115685125,0.41861933014174874,-0.2547196276652672,-0.289244757360457,0.29369280228926403,0.3415779581077948
-0.019633382773396327,-0.4525145340234378,0.4274378279873276,0.1302834786047421,0.5289027927197111,0.09889596452544488,-0.23535679307511506,0.4993368405996133,0.1604780396303703,-0.5250903456446023,-0.40545318301559913,0.4043247233294233,0.2959265722325564,0.4470945084732924,-0.5581985072132365,-0.8988612640530314,0.3703740335031282,-0.09614890303401216,-0.7726981985846371,-0.5223947005821654,1.0778705595316276,0.2098279827783963,0.6109142545906373,0.42222837638889754,0.14937969813594368,0.18926704440138278,-0.25826618734803,-0.16046654583889672,0.43155551297866507,-0.9491792232012713,1.0058155352229277,0.343803297650766,0.15793841264906336,0.3978724012934431,1.1370729777272246,0.2808469769875971,-0.5660213887864104,-0.12917710639242147,-0.022841605025408048,-0.2841558898128121,0.1355512998795632,0.2759548346613989,-0.2933815857633506,-0.37572915548150604
-0.08479233200976129,-0.4353050107683358,-0.14555788446682572,-0.37292696477666404,-0.30756495364110725,0.061038078218562546,-0.5146964297461462,-0.02780941779669554,-0.2720424199839464,-0.8060401700367864,-0.6807342930679319,-0.3011463279322276,-0.3720326587988072,-0.7789540696707599,-0.6287930076213807,-0.9400019272009872,0.5944263693554181,-0.8624423244952035,0.591640858235306,-0.6357482171755595,0.761543163367852,0.011843933638058734,-0.3955177241623337,-0.08485041642741624,-0.12027533339669018,-0.23365691055119245,-0.11090520043510173,-0.37800778259419765,0.43476656759090004,-0.3966314201148779,0.343803297650766,0.6459716089283966,-0.10519129250498833,0.518686938460478,0.00870312837686451,0.20512747132629924,-0.2253485655951397,-0.3634018365430165,-0.920506604584409,-0.8331173110737424,0.4985164446929791,1.2296890408810845,-0.2179142974881654,0.28027342777856434
-0.10725214497865368,0.13256405430465668,0.08819085452558437,0.032599189938008866,0.2551964810382064,-0.23278522331580917,0.0653449115272583,0.19357683257762479,0.15430354490201464,0.2948686252605814,0.13798980830053464,0.19908904873943042,0.48129962182974884,0.339081030064645,-0.057419398800684425,0.04314551005956971,-0.14946940154254862,0.3424548820464414,-0.5309965448638707,0.2218940571061663,-0.04753168272079122,-0.05877354889377904,0.3269659659996921,0.14351002116838027,0.08965421940218442,0.04109806916912566,-0.1265040766328081,-0.015642061827771236,-0.0045957634113466305,-0.08794109483394041,0.15793841264906336,-0.10519129250498833,0.1950357154304954,-0.07552143028071565,0.34670864918109295,-0.08160639896834508,-0.005001020576114777,0.02601995633123718,0.439016970741824,0.2879968196600487,-0.3286092149099609,-0.24442818094947152,0.025685844755532473,-0.22458643358195088
0.43290131182848485,-0.5384736969815036,0.15711497112167627,0.06397542513519784,-0.4625411062594208,0.4525613877804098,-0.46583127242965555,-0.41566789096804196,-0.4082088566459002,-1.0788914839028387,-0.5949316980207946,-0.3603344482292797,-0.498375182986646,-0.8160486413540275,-0.7467587110217755,-0.784967308101629,0.5911148053789427,-0.7892944565288541,0.3901604664092484,-0.7812104197760413,1.1144035941542925,0.21608498448304017,-0.3803489896800835,-0.05183102441827816,-0.0672318873301049,0.17276235764486161,-0.1629721039852133,-0.7458513713310094,0.8037264300475186,-0.44164735409622535,0.3978724012934431,0.518686938460478,-0.07552143028071565,1.0863910119158573,-0.378044715784517,0.5209602231679612,0.02769019312630948,-0.5357121742029957,-0.7813083068803004,-0.878214472374173,0.5331424486716202,1.051897474554896,-0.11143028591965513,0.2936869923210607
-0.9015950182017686,-0.04948087258001231,0.07696092761694935,-0.1913095717597081,1.3878003071124185,-0.45446019313236435,0.2815471608812453,1.3270762581747604,0.8989345712365505,0.8057066735541654,0.018582283680051954,0.9612194265410481,0.9028520523170922,1.4720512367210863,-0.021408019677843032,-0.6062134932821813,0.07512202123173944,0.8054169120787117,-1.699201729299716,0.039519620288389665,0.20384922720906973,0.017453424887646417,1.1746010588410154,1.0389871914144981,0.3626323340289882,-0.2910825144564445,-0.4047799314368664,0.1728239090259893,-0.5557118355424941,-0.9581046565427878,1.1370729777272246,0.00870312837686451,0.34670864918109295,-0.378044715784517,2.288360919882955,-0.19870509593494345,-0.47842220143098046,0.1751099312471153,0.6094927878740087,0.45510529349280504,-0.3533697701975042,-0.48776706573785505,-0.6429950309067992,-0.5759945740736556
0.7396472626097212,-0.4734108381340126,0.6200108895846558,0.5923657135004976,-0.11399472109804588,0.5884273145638764,-0.2316263574872064,-0.275444861939198,-0.23967018733906276,-1.0259137629383048,-0.2733232677918743,-0.039183717805859636,-0.3002492866810033,-0.05640026127748392,-0.2316972701524302,-0.32357015665932537,0.31185596232736534,-0.31179922000240295,-0.03870534771844818,-0.5747020908397931,0.8109399151580455,0.3837353653127139,0.05625711533902832,-0.026784198402661785,-0.08374164025809297,0.5884785866747435,0.06991366396899455,-0.021946338610341044,0.7702113810762021,-0.38374029729035036,0.2808469769875971,0.20512747132629924,-0.08160639896834508,0.5209602231679612,-0.19870509593494345,0.6353182092653026,-0.3911909905124885,-0.10759212942593535,-0.3346317769293052,-0.39926619818540227,0.345726999079152,0.07228978786062269,0.16411237110875518,-0.15245196086413787
-0.6813353507541443,0.4835108805232454,-0.9094368281984819,-0.5942702933712195,-0.1761266833276221,-0.3345951052562852,0.4138138627687963,-0.1788194628902938,0.23823259982977105,1.1828476241580812,0.3821742302079116,-0.2736338363939946,-0.18995344525483032,-0.36517874617341745,0.24784684894658432,0.5197769781990117,-0.1844694679190718,0.2664918740128346,0.2640910389250502,0.5044922993161283,-1.0686483553326347,-0.3096088475989009,-0.6076470208322351,0.1956061354680947,0.03643990257458237,-0.7150591724858788,-0.1291407514530793,-0.6580232051858017,-0.9065027925710413,0.6530276055840225,-0.5660213887864104,-0.2253485655951397,-0.005001020576114777,0.02769019312630948,-0.47842220143098046,-0.3911909905124885,1.1519443232736681,-0.21318664240566476,-0.02686332153117127,0.22486564227961206,-0.2334178378283184,0.10932893649359222,-0.2883656530480646,0.6669748926366112
0.1610568850076147,0.1663078767454555,0.37066027303675725,0.38785484770069806,0.2811096256131336,0.06704947441641429,0.24903724483679085,0.09202876469247337,0.1195336679309032,0.2246080991051916,0.3638617732693175,0.3023457799394759,0.23949115677493077,0.6823026160936136,0.38474143766275387,0.4909961213707127,-0.43612839693953975,0.441598041261721,-0.3249135768944901,0.33110353837896034,-0.3204173476306557,0.05506177361645467,0.40631881734942016,-0.0545108020000993,0.009465977779862966,0.3508672380017654,0.23899921392326143,0.5531062489340002,-0.16292232225280265,0.1287252875586589,-0.12917710639242147,-0.3634018365430165,0.02601995633123718,-0.5357121742029957,0.1751099312471153,-0.10759212942593535,-0.21318664240566476,0.4525832469108111,0.5918176137634249,0.5207994215962943,-0.3211636324993436,-0.912699774645617,0.26574449145020856,-0.4210185436022714
0.22080298209915142,0.6460933095731181,0.6735256986097876,0.7447657272859204,0.762732622807992,-0.358257232134307,0.5886670802339592,0.2757656462520266,0.4315792393641715,1.055829414777549,0.995042707738764,0.7768813412276657,1.3868045896428718,1.5894608555442886,0.4857735061612285,1.1301743155600097,-1.1027875956524726,1.5073121524058282,-1.6532187586769858,1.0902958180621154,-0.6546397675364748,-0.08648834034285209,1.2376622891161193,0.11789198572005925,0.2937130406009157,0.7022136732728139,0.04794781235145414,0.5869475958679659,-0.23020471176096036,0.21773878115685125,-0.022841605025408048,-0.920506604584409,0.439016970741824,-0.7813083068803004,0.6094927878740087,-0.3346317769293052,-0.02686332153117127,0.5918176137634249,2.061434343261136,1.4844177193639239,-1.176303061569912,-1.992130990566127,0.5128606275219385,-0.9898025917452169
-0.1755508812934629,0.6894766647592495,0.1609824189897917,0.36231870877080813,0.692652282664724,-0.4073065128798059,0.691322204557688,0.3356445221105766,0.5499088685619193,1.3678625670158147,0.9523239981365863,0.5912849432357834,0.9404815682468941,1.2990237515024619,0.7668445739795444,1.1409769068146398,-0.8787320119847283,1.3883724550450625,-1.194644942908664,1.0314832520661452,-1.1376141936042339,-0.13058108503381247,0.7788710310809893,0.26383139875994366,0.21039640902877219,0.20151393462369874,0.038929164571862795,0.5522743308138697,-0.685434102432728,0.41861933014174874,-0.2841558898128121,-0.8331173110737424,0.2879968196600487,-0.878214472374173,0.45510529349280504,-0.39926619818540227,0.22486564227961206,0.5207994215962943,1.4844177193639239,1.318177187291252,-0.9289178503084111,-1.7089459567939889,0.2473632971298298,-0.5533462297592164
0.18776686866643336,-0.5047679480555435,-0.19994991386770805,-0.18374584339809735,-0.42028018443078774,0.45346610986291863,-0.35999431724675696,-0.18402849419579875,-0.3087856416143248,-0.9379194084746851,-0.6283216966467298,-0.38910389926401934,-0.9547808888671826,-0.8313119968560353,-0.19304870801928709,-0.6134100888067915,0.7314821849658527,-0.9052898015582725,0.909288211952419,-0.8162304753696004,0.6839316014630702,0.19009649691679126,-0.5866505451392732,-0.11887504592594661,-0.08781431856115884,-0.16516911943961332,-0.0025132706938033127,-0.1589136618526508,0.31071290660072554,-0.2547196276652672,0.1355512998795632,0.4985164446929791,-0.3286092149099609,0.5331424486716202,-0.3533697701975042,0.345726999079152,-0.2334178378283184,-0.3211636324993436,-1.176303061569912,-0.9289178503084111,0.9547354866212363,1.0164252901774302,-0.2855733365738619,0.5093004172335084
-0.5935151640925803,-0.5745624526304853,-1.0039367059858486,-1.2802358929702113,-0.913541944933,-0.20946053798296455,-0.9626145594819845,-0.22077264323489842,-0.5881970480132237,-1.0748490896913334,-1.3094879570663271,-0.9254181812281711,-0.8890187087677236,-2.1573784883027707,-1.2010589169658548,-1.6491727798341222,1.1899312381851626,-1.8415758362678625,1.7421062585011045,-1.0198158123277958,1.0506401565656112,-0.2643533832623077,-1.3294332462105314,-0.3207703059727383,-0.21473008387062423,-0.9962071147211322,-0.32331492700661846,-1.071479309072119,0.43183911611849984,-0.289244757360457,0.2759548346613989,1.2296890408810845,-0.24442818094947152,1.051897474554896,-0.48776706573785505,0.07228978786062269,0.10932893649359222,-0.912699774645617,-1.992130990566127,-1.7089459567939889,1.0164252901774302,2.956884514486096,-0.5643681126448075,1.0568761930541266
0.8272511603639889,0.05506306989996094,0.7138051802883704,0.6576078156970275,-0.3218352407040158,0.23960217296113345,-0.14698332767526606,-0.5000459748247763,-0.42019415022740736,-0.6014805653368522,0.16758241279520622,-0.05232966882433054,0.2771804271863323,0.023005734541956136,0.036727658231736134,0.4464506453104057,-0.444549924012804,0.0693355861812549,0.0730018391785835,0.1464631862737902,0.12203827027691432,0.07601606653281952,0.20053796838701554,-0.5628668250246113,-0.10209629412081485,0.7895906816567763,0.307855979916446,0.4760586934776638,0.6763418569379773,0.29369280228926403,-0.2933815857633506,-0.2179142974881654,0.025685844755532473,-0.11143028591965513,-0.6429950309067992,0.16411237110875518,-0.2883656530480646,0.26574449145020856,0.5128606275219385,0.2473632971298298,-0.2855733365738619,-0.5643681126448075,0.7496291006774216,-0.4876638083954136
-0.5874396221422062,0.04087273208197731,-1.030340353402174,-0.8121954336766967,-0.4423193657710342,-0.12965287886608023,-2.930468362664925e-4,-0.15458460510688637,-0.009358979440436146,0.3250265134770646,-0.24731362786736916,-0.5476837430337937,-0.7903603445405013,-0.9885267639038748,0.012343444948823556,-0.14819821542982617,0.4767299687170014,-0.5452933518015246,0.9688192283721357,-0.14652697218192892,-0.41554913919525194,-0.2014570332160797,-0.982619625331631,0.043804019159716844,-0.06287485242015206,-0.8656913070867744,-0.13404844862405807,-0.6203967606791035,-0.5546877089035417,0.3415779581077948,-0.37572915548150604,0.28027342777856434,-0.22458643358195088,0.2936869923210607,-0.5759945740736556,-0.15245196086413787,0.6669748926366112,-0.4210185436022714,-0.9898025917452169,-0.5533462297592164,0.5093004172335084,1.0568761930541266,-0.4876638083954136,0.9659209200945463
