V1,V2,V3,V4,V5,V6,V7,V8,V9,V10,V11,V12,V13,V14,V15,V16,V17,V18,V19,V20,V21,V22,V23,V24,V25,V26,V27,V28,V29,V30,V31,V32,V33,V34,V35,V36,V37,V38,V39,V40,V41,V42,V43,V44
3.39822685515394,0.5487496237435018,-1.1977658489582255,1.4147075579041315,0.885569599077922,1.9221973979363258,-0.7636084139294155,0.1895495270718377,-0.6245080312979095,-1.0545391097904093,0.5687131954760355,2.885863646096114,-3.161693557820006,0.8646361722035044,0.9713203130730379,2.288815646294221,0.8492174427941769,-1.1922687744900429,-1.8773811823764741,-1.4977025503158143,1.0987671896444742,-0.21234834123894364,1.817223110554658,1.0446129845073615,-0.0760497772591306,1.4731351637230456,-0.629280164045425,0.5620389956343129,-0.3533758794000563,1.7884762482993402,1.284030822952628,-1.0351151453067737,1.2822102730547884,-2.2263407944577946,0.629756990461202,-0.8494808388866091,-2.286275190582147,-0.6372919998550964,-4.114222705155242,-0.3618769577169648,1.2434619178216495,3.4360098348918093,-0.21021590685924457,1.8232084397289303
0.5487496237435018,0.5839608209093788,-1.649509517571249,-0.1372448047196673,0.4717956522576399,0.9171286851395352,-0.2972672305938306,-0.01362267230669772,-0.5351137083999186,0.14931892136525038,-0.8446642845000126,1.4606299450983227,0.9221375404469525,-1.0356224195468247,-0.24254577330259272,0.0732246893215146,-0.20130914945755163,-1.0973289280774499,-0.7641712298318999,-1.1382600795222397,0.153373147193487,-0.8527774284957591,0.14850745086878142,-0.4503348355710459,-0.5650977848498367,0.30995217900221417,-0.2515249418788143,0.06051502307151721,-0.14240632040829793,-0.37548856723308877,0.6436343458236793,-0.23685047359474184,0.08476954857026765,-1.1503264467180376,-0.7609575824438598,-1.2399355868157353,-1.2832718535616174,-0.14288492450702076,-0.04679187551817757,0.5126179886077893,-1.4194410755420814,0.549896373996039,1.97892727658635,-0.6329578658778039
-1.1977658489582255,-1.649509517571249,4.709176692193895,0.5765426509545859,-1.2820616252800274,-2.463853785585609,0.7835231706592389,0.061023924333109394,1.4956294961254193,-0.5730321934245071,2.5575932624289703,-3.943207262291979,-3.1082464982061606,3.1580226217240237,0.8318277998214104,0.06534587944320616,0.6972573568655965,3.082723296784479,2.0180930011936726,3.1651930219633453,-0.3140025025308059,2.483412979018939,-0.2109378797848088,1.4509274840489637,1.6522850806016063,-0.728632536700981,0.664387468055045,-0.11348036538413041,0.373336350291644,1.3251425165396356,-1.7351042981025806,0.5685804119862833,-0.08896986916537898,3.1137995018654046,2.3211457880758597,3.5492220734953084,3.4984323460966213,0.34322436915707716,-0.3686257836872396,-1.5531098133264445,4.33475786626926,-1.1965550266659133,-5.855523778620226,2.091279087971916
1.4147075579041315,-0.1372448047196673,0.5765426509545859,0.8621853898493661,0.12505897223380188,0.3519990137342658,-0.18952806698303765,0.11212566513384295,0.061742638051217415,-0.6767065055047695,0.9337083977068967,0.46599940908916815,-2.3834582202533765,1.231615908118363,0.6989705684456742,1.177284719527022,0.6048380797309317,0.17257023754012174,-0.43902619746471006,0.0423212749475038,0.4746804556957227,0.5181089034599632,0.8606201560136353,0.8989347481850881,0.3783224624937291,0.5628369417513519,-0.15209845215545095,0.25848631696217617,-0.08508292341239446,1.2409708430241102,0.20837610794027175,-0.3822658280257789,0.6235705317442483,-0.34145247019030256,0.8995046205287037,0.4620697863526208,-0.27851557889256473,-0.23397473734079866,-2.174856363325752,-0.5766798867840197,1.71853548100054,1.4362062138865468,-1.5795644251071164,1.4465665433982013
0.885569599077922,0.4717956522576399,-1.2820616252800274,0.12505897223380188,0.4510039174686123,0.9051334186842244,-0.3159973042467273,0.021021829806803824,-0.4506734877929305,-0.05963470617326429,-0.4772848950856636,1.4135930120845202,0.13480630466533725,-0.5597910632103779,-0.011987427925851104,0.39799613357926034,-0.004573786973182978,-0.9128305194036841,-0.796452888307509,-0.9873996271317281,0.2692010431369868,-0.600381898578448,0.3762564845702119,-0.13997231079422234,-0.38732749259018934,0.4298612227209611,-0.26431841382995025,0.12808998043194786,-0.14748875583536428,0.02232429479873792,0.625132192190736,-0.3147915045000318,0.25134881044161783,-1.107686374775857,-0.41223770429149637,-0.9578394519365432,-1.2049865073830142,-0.19357266147269298,-0.6591812850245706,0.28679649020862963,-0.7576184144205292,0.8916698849394323,1.2890567824205865,-0.14502579428479248
1.9221973979363258,0.9171286851395352,-2.463853785585609,0.3519990137342658,0.9051334186842244,1.8316568816300978,-0.6462815877382284,0.053929087052932145,-0.8848068983518533,-0.2027133729955023,-0.8279355373478672,2.851667070534016,-0.02822900023354194,-0.9540854382604936,0.06017862251990725,0.9308785497873491,0.06499553564479044,-1.7838965858585691,-1.6272552900976718,-1.946397715794334,0.5909832744789414,-1.1239063203550674,0.8490978058739822,-0.1675863500531876,-0.7204464456953861,0.9203428594728694,-0.5403168331947927,0.2825126898749636,-0.3034814895040218,0.1964006029681574,1.2609917165413198,-0.6701979121628349,0.5740706469644766,-2.2299258639405597,-0.7034922951411633,-1.8347474470624772,-2.415068316059318,-0.4100274639007159,-1.568928176136324,0.4959131613984837,-1.2858370875881633,1.937366122887659,2.3522963503538032,-0.10809541018801452
-0.7636084139294155,-0.2972672305938306,0.7835231706592389,-0.18952806698303765,-0.3159973042467273,-0.6462815877382284,0.2341031978190354,-0.028105356962753767,0.2922689750672048,0.1224276245557671,0.20317346729243446,-0.998667899138759,0.20274041667980197,0.22191680221078225,-0.0779367206172293,-0.41006178347935485,-0.0712306594076866,0.5868567609192721,0.5842487157773982,0.652258221821664,-0.2372217188945806,0.3362287174977903,-0.3557086656469182,-0.017954317780605644,0.21126908170072664,-0.35536872058745445,0.19498379193863366,-0.11774280157662544,0.10850177426048886,-0.16759271454551286,-0.4415427518061951,0.2566622472933019,-0.24360255312739124,0.7799250313731467,0.1646895010254362,0.5817474380643237,0.8373114676201122,0.1576487652645231,0.7064202304217464,-0.11993844957069662,0.2940015064482944,-0.7704689492963434,-0.6651005538153244,-0.08060190814006128
0.1895495270718377,-0.01362267230669772,0.061023924333109394,0.11212566513384295,0.021021829806803824,0.053929087052932145,-0.028105356962753767,0.015379304855542956,0.004534076768863054,-0.0859533554370899,0.11470424513368063,0.07265215346471286,-0.30244069504846705,0.15126105091691563,0.08974844165008164,0.1549123210766681,0.07728220181752078,0.013557773785900461,-0.06355256599513408,-0.003515779120021003,0.06245210121679407,0.06080748925589057,0.11256648000316156,0.11511423227450092,0.045376256892935465,0.07546880160557345,-0.02252344166705344,0.03590629131158643,-0.011600033112619968,0.15930140614635707,0.031869180052822244,-0.05165872827505752,0.08119622818004625,-0.05473967640430932,0.10984165735229633,0.04870064555456982,-0.048041680240859835,-0.031984102347196834,-0.28472697788275986,-0.07136123752555922,0.21153894792433833,0.1925166081563756,-0.1884203784690218,0.18246510654410084
-0.6245080312979095,-0.5351137083999186,1.4956294961254193,0.061742638051217415,-0.4506734877929305,-0.8848068983518533,0.2922689750672048,0.004534076768863054,0.4961455283131902,-0.08614729489321038,0.7176741056695405,-1.40243012616028,-0.6766430715236096,0.8715044394451877,0.17153671968589998,-0.15889819706452238,0.14084184660675167,1.0122889300280888,0.7496766694821428,1.0621748755439013,-0.1814519796749386,0.7570354236363561,-0.20854998445595085,0.3534403430010638,0.4993299472212789,-0.33331026082024445,0.24640911275067226,-0.07520673209967318,0.1397250558439692,0.25539173929780684,-0.6199904743669034,0.25050715175357374,-0.12917452269638025,1.102278593201075,0.6395282478276534,1.12209591323995,1.2200380852421058,0.15265126612052268,0.21292629533892726,-0.43540128093787334,1.1919796674625625,-0.6263213142400502,-1.7261099445804289,0.4777278559081215
-1.0545391097904093,0.14931892136525038,-0.5730321934245071,-0.6767065055047695,-0.05963470617326429,-0.2027133729955023,0.1224276245557671,-0.0859533554370899,-0.08614729489321038,0.5383052462305961,-0.7873803656769132,-0.25154142566911486,1.918677682244523,-1.0347201178009282,-0.5591009982496414,-0.9049309136306325,-0.4839127175307208,-0.21639659268919073,0.28314488828865475,-0.11735423745146258,-0.3582373972191962,-0.4653073118846748,-0.6587059212842209,-0.7265984413975622,-0.33430853794774074,-0.4138373057410998,0.09747086214819362,-0.19172818898049707,0.05664442988752731,-0.9886761758359124,-0.11495894697285303,0.2784956878631332,-0.47920482135581477,0.17649259239544257,-0.7577993840979695,-0.45487883969125725,0.11622005081917443,0.17025219388902152,1.6807421022889197,0.4844514197761676,-1.441414396592494,-1.0704716036071418,1.3765623775705198,-1.171535449041978
0.5687131954760355,-0.8446642845000126,2.5575932624289703,0.9337083977068967,-0.4772848950856636,-0.8279355373478672,0.20317346729243446,0.11470424513368063,0.7176741056695405,-0.7873803656769132,1.8787500822248053,-1.4009528011173324,-3.2617271473369565,2.379106165122674,0.9173209036905016,0.9534763028129503,0.7856220705651425,1.5147054206662565,0.5618836760620964,1.4525539228672624,0.23041543757509997,1.5176009202267426,0.575785198715317,1.3566001938637942,1.0358713502546684,0.11664995152822014,0.17812833579144466,0.15184473689419195,0.09908012291447323,1.5672514109759148,-0.6168289115257299,-0.0469990927569751,0.4474270249003775,1.1283130151748324,1.7423282386981105,1.951161697202204,1.3468876354197017,-0.02724325169245599,-1.8688348748674162,-1.1490672055710356,3.286597078250919,0.587932881001614,-3.8598597309556792,2.0689111130906492
2.885863646096114,1.4606299450983227,-3.943207262291979,0.46599940908916815,1.4135930120845202,2.851667070534016,-0.998667899138759,0.07265215346471286,-1.40243012616028,-0.25154142566911486,-1.4009528011173324,4.44912140892002,0.19855651815382028,-1.6294658139530624,0.022930494172503212,1.3465452472486001,0.04062434273210642,-2.83054648973805,-2.52103561942885,-3.0737939663311393,0.8841747570946656,-1.8253939166225681,1.2520164172688881,-0.35803399414033793,-1.175468333991738,1.3940203592791967,-0.8357330068588066,0.4172051511425169,-0.4704243005779198,0.18212665957403082,1.9678650743833903,-1.0177344877901062,0.8423221695867857,-3.480547791899559,-1.1999245240540146,-2.938900812145535,-3.778364476672322,-0.6224249294348773,-2.2506926581032594,0.8414222160601488,-2.202263706004957,2.90732342374608,3.8693001319467752,-0.3173075533999796
-3.161693557820006,0.9221375404469525,-3.1082464982061606,-2.3834582202533765,0.13480630466533725,-0.02822900023354194,0.20274041667980197,-0.30244069504846705,-0.6766430715236096,1.918677682244523,-3.2617271473369565,0.19855651815382028,7.1300983726202,-4.227693519825732,-2.0583761445953512,-3.0041715896853063,-1.775758162344048,-1.5148572341714215,0.405311070911691,-1.2143582725252,-1.094537927761357,-2.1803765731985787,-2.1071752186557484,-2.781623085918628,-1.5342220949070184,-1.17384147700119,0.15119694091670072,-0.6099200205413611,0.08801422930648167,-3.6067428930554826,0.07893421383412276,0.7712842902318002,-1.5507146470699478,-0.22731907481295327,-3.093797402643617,-2.4164339756312105,-0.5209541087252489,0.47040566326036276,5.6368758766391744,2.0041268957812424,-5.872752459554179,-3.2171594684789375,6.0544489007664515,-4.399174913258842
0.8646361722035044,-1.0356224195468247,3.1580226217240237,1.231615908118363,-0.5597910632103779,-0.9540854382604936,0.22191680221078225,0.15126105091691563,0.8715044394451877,-1.0347201178009282,2.379106165122674,-1.6294658139530624,-4.227693519825732,3.022466708663657,1.1945976804631855,1.2931204281600346,1.0227475103431865,1.8476733485206176,0.620104271683188,1.7531018682768755,0.33906494271996007,1.8935235918333764,0.8069695779615188,1.7420362336419966,1.294883913430413,0.2098955755146717,0.19688894220533143,0.2122766294346756,0.10902101086422197,2.041384842701311,-0.7131863340617118,-0.10260720774820979,0.6198535350278559,1.316792701812394,2.215982112557863,2.4116073168017196,1.5917031348198099,-0.06391647097631749,-2.523085980130515,-1.4544601476760146,4.177958238580017,0.888416963964395,-4.850953662003055,2.6766695193907863
0.9713203130730379,-0.24254577330259272,0.8318277998214104,0.6989705684456742,-0.011987427925851104,0.06017862251990725,-0.0779367206172293,0.08974844165008164,0.17153671968589998,-0.5591009982496414,0.9173209036905016,0.022930494172503212,-2.0583761445953512,1.1945976804631855,0.5996988252953528,0.8927308286413878,0.5155319469299956,0.38873909485639274,-0.16506126843782318,0.2943949184591337,0.3335543255390735,0.5991250260205906,0.6366077706940712,0.7971117161311213,0.42387279340431194,0.36279041523706285,-0.05889212418724885,0.1847695595608259,-0.03216706850068819,1.0463939538547018,0.015562480698642961,-0.23946232712933316,0.4652264989078629,0.0012554876294839205,0.8756958066439566,0.6464188535186327,0.08381122903829982,-0.1500506809927081,-1.6735139950066655,-0.563563834216117,1.6616771694878862,0.9859422369797984,-1.6828715820343307,1.2688168791875243
2.288815646294221,0.0732246893215146,0.06534587944320616,1.177284719527022,0.39799613357926034,0.9308785497873491,-0.41006178347935485,0.1549123210766681,-0.15889819706452238,-0.9049309136306325,0.9534763028129503,1.3465452472486001,-3.0041715896853063,1.2931204281600346,0.8927308286413878,1.7288513290740297,0.7771186195946338,-0.259744872644552,-0.9848064279294355,-0.46512441223922596,0.7538549552625642,0.3509206774556183,1.305888211804217,1.0862014049974311,0.2828112601142304,0.9540689335513648,-0.335402153722495,0.4001123570204682,-0.1888151690535787,1.6126852172091806,0.5966863807334505,-0.660485386284332,0.9361533826379335,-1.0233001357239573,0.9416854426512152,0.09096225066441686,-0.9953210523751954,-0.402058460087356,-3.151533314988578,-0.5932727606300224,1.8159790727186373,2.320921040198408,-1.3573795928304238,1.7885489036600115
0.8492174427941769,-0.20130914945755163,0.6972573568655965,0.6048380797309317,-0.004573786973182978,0.06499553564479044,-0.0712306594076866,0.07728220181752078,0.14084184660675167,-0.4839127175307208,0.7856220705651425,0.04062434273210642,-1.775758162344048,1.0227475103431865,0.5155319469299956,0.7771186195946338,0.4445209455762487,0.32130881320897897,-0.15289969443801543,0.2405123715935874,0.2914424828150194,0.5077450932296809,0.5527591856793856,0.6868584459051758,0.35955697194080205,0.3206765266240299,-0.05468498914192323,0.16098221775751645,-0.030911919326548194,0.9040734084552411,0.021047560063781248,-0.2125472366859251,0.4045889370179377,-0.01429809616447961,0.7487359094647368,0.5438241901247804,0.05386830444264694,-0.1309051597620113,-1.4535196319592938,-0.48300265230840733,1.4222522538004607,0.8629407612197438,-1.4334731021361409,1.0923862688145753
-1.1922687744900429,-1.0973289280774499,3.082723296784479,0.17257023754012174,-0.9128305194036841,-1.7838965858585691,0.5868567609192721,0.013557773785900461,1.0122889300280888,-0.21639659268919073,1.5147054206662565,-2.83054648973805,-1.5148572341714215,1.8476733485206176,0.38873909485639274,-0.259744872644552,0.32130881320897897,2.0724831446277374,1.5017484366336518,2.164899095152573,-0.34061782658460515,1.5713144843784959,-0.37221006417135694,0.7659762544153639,1.0372205772937237,-0.6467527445930057,0.4951211901018409,-0.14302880266342205,0.2787341237821971,0.5886642176591328,-1.2485990373865603,0.4892250794998834,-0.22521086563578108,2.2278430426835025,1.3578697940494846,2.3160381755335373,2.473611702392379,0.2975603245734598,0.3123076095107355,-0.9181442369255779,2.5287665863971887,-1.1958880046033853,-3.6097346045930534,1.0582629886153518
-1.8773811823764741,-0.7641712298318999,2.0180930011936726,-0.43902619746471006,-0.796452888307509,-1.6272552900976718,0.5842487157773982,-0.06355256599513408,0.7496766694821428,0.28314488828865475,0.5618836760620964,-2.52103561942885,0.405311070911691,0.620104271683188,-0.16506126843782318,-0.9848064279294355,-0.15289969443801543,1.5017484366336518,1.467991565241644,1.664733852542412,-0.5845719413069482,0.8808800789853597,-0.8703874959118101,0.0034948779858380834,0.5577038215357141,-0.878694049619122,0.4870124229431067,-0.28168783897101096,0.27370099730810077,-0.36539165788023065,-1.1180650628973328,0.6347075953529098,-0.5943475911901737,1.967705717049709,0.4564059252448218,1.4980254720825923,2.1136834764208916,0.39064666196497166,1.6936595976928346,-0.3348138135086209,0.8256622681238868,-1.8922791561934889,-1.7632299667484532,-0.1410022722405501
-1.4977025503158143,-1.1382600795222397,3.1651930219633453,0.0423212749475038,-0.9873996271317281,-1.946397715794334,0.652258221821664,-0.003515779120021003,1.0621748755439013,-0.11735423745146258,1.4525539228672624,-3.0737939663311393,-1.2143582725252,1.7531018682768755,0.2943949184591337,-0.46512441223922596,0.2405123715935874,2.164899095152573,1.664733852542412,2.288082468799705,-0.4404627524612627,1.5784375265180344,-0.5411340799405627,0.6683410970232574,1.0363144441952463,-0.7755494085326103,0.5482306107548474,-0.19158330310368604,0.30835651238068296,0.4221440434200875,-1.3604849489580717,0.5784807113855809,-0.34341188259185806,2.415590836267159,1.2863176229554085,2.374358555019338,2.661502907936377,0.35578986070344254,0.6870658670596659,-0.8800129868522876,2.393010899566265,-1.5027684681262967,-3.5612290599063763,0.8806675477057901
1.0987671896444742,0.153373147193487,-0.3140025025308059,0.4746804556957227,0.2692010431369868,0.5909832744789414,-0.2372217188945806,0.06245210121679407,-0.1814519796749386,-0.3582373972191962,0.23041543757509997,0.8841747570946656,-1.094537927761357,0.33906494271996007,0.3335543255390735,0.7538549552625642,0.2914424828150194,-0.34061782658460515,-0.5845719413069482,-0.4404627524612627,0.3576071623571896,-0.028228226476467486,0.5964983327734483,0.3663599561589424,0.0020716006923811154,0.47325883874277314,-0.19529910853329996,0.18115736196475912,-0.11074381973268935,0.6105787091400598,0.3946964289764045,-0.33129914794816806,0.4219477143539941,-0.6800024417581666,0.24824987779378127,-0.2182789932676035,-0.6924529196053452,-0.20401207185935502,-1.3604950943453011,-0.14474592923587748,0.4839430736235559,1.1108591403604344,-0.16959262795344113,0.6370996322430753
-0.21234834123894364,-0.8527774284957591,2.483412979018939,0.5181089034599632,-0.600381898578448,-1.1239063203550674,0.3362287174977903,0.06080748925589057,0.7570354236363561,-0.4653073118846748,1.5176009202267426,-1.8253939166225681,-2.1803765731985787,1.8935235918333764,0.5991250260205906,0.3509206774556183,0.5077450932296809,1.5713144843784959,0.8808800789853597,1.5784375265180344,-0.028228226476467486,1.368329548180662,0.1252258697424498,0.9622390135941417,0.9196962366503687,-0.2083800211171354,0.2871351298519688,0.014845261304280908,0.16165064105421045,0.9909785070995992,-0.8039787964507185,0.17747145087931643,0.12286302477218707,1.4485102342493654,1.3890405853941232,1.8792077317786418,1.6541658116422566,0.10752488325768597,-0.7688515470114996,-0.9247258298041148,2.606551078217274,-0.20505699926130608,-3.3215667145933745,1.42330215092955
1.817223110554658,0.14850745086878142,-0.2109378797848088,0.8606201560136353,0.3762564845702119,0.8490978058739822,-0.3557086656469182,0.11256648000316156,-0.20854998445595085,-0.6587059212842209,0.575785198715317,1.2520164172688881,-2.1071752186557484,0.8069695779615188,0.6366077706940712,1.305888211804217,0.5527591856793856,-0.37221006417135694,-0.8703874959118101,-0.5411340799405627,0.5964983327734483,0.1252258697424498,1.0188542720980667,0.7328218015163949,0.11955545902351687,0.7654378574832575,-0.29082285647857237,0.3049928737516051,-0.16421783699122378,1.1467287662049774,0.5628039731941085,-0.53114965766706,0.7238456388191715,-0.9581675727355691,0.5927523580437897,-0.12855553627563038,-0.950586597569332,-0.3302034516598343,-2.376895792169431,-0.3575768357794008,1.140277560688507,1.836878662950585,-0.7027496885677572,1.247921772608105
1.0446129845073615,-0.4503348355710459,1.4509274840489637,0.8989347481850881,-0.13997231079422234,-0.1675863500531876,-0.017954317780605644,0.11511423227450092,0.3534403430010638,-0.7265984413975622,1.3566001938637942,-0.35803399414033793,-2.781623085918628,1.7420362336419966,0.7971117161311213,1.0862014049974311,0.6868584459051758,0.7659762544153639,0.0034948779858380834,0.6683410970232574,0.3663599561589424,0.9622390135941417,0.7328218015163949,1.1103389482182762,0.6715970936945614,0.3684854867085412,-0.008201049091817526,0.21603377132128415,-0.0038520413774316893,1.3926232537570222,-0.15951300863002266,-0.23707948651147784,0.5453725083831152,0.30665812388204344,1.2716175312202969,1.1191937427636547,0.43523944107040913,-0.142097187814891,-2.049537213709416,-0.8342871846412778,2.415905896311576,1.067076303695311,-2.591391457963897,1.724622700823114
-0.0760497772591306,-0.5650977848498367,1.6522850806016063,0.3783224624937291,-0.38732749259018934,-0.7204464456953861,0.21126908170072664,0.045376256892935465,0.4993299472212789,-0.33430853794774074,1.0358713502546684,-1.175468333991738,-1.5342220949070184,1.294883913430413,0.42387279340431194,0.2828112601142304,0.35955697194080205,1.0372205772937237,0.5577038215357141,1.0363144441952463,0.0020716006923811154,0.9196962366503687,0.11955545902351687,0.6715970936945614,0.6198878759476854,-0.11169415614331078,0.1809467310682681,0.022317411691890335,0.10245727401920626,0.7048867112648111,-0.5180629624536146,0.09929121438809398,0.10768394863694132,0.9335030074430847,0.9492891054449167,1.2509956953976809,1.0706814793645811,0.05998311857607806,-0.6009341669167512,-0.6318452235051962,1.7836363377336784,-0.07013528562362627,-2.245749744385177,0.9962222469105946
1.4731351637230456,0.30995217900221417,-0.728632536700981,0.5628369417513519,0.4298612227209611,0.9203428594728694,-0.35536872058745445,0.07546880160557345,-0.33331026082024445,-0.4138373057410998,0.11664995152822014,1.3940203592791967,-1.17384147700119,0.2098955755146717,0.36279041523706285,0.9540689335513648,0.3206765266240299,-0.6467527445930057,-0.878694049619122,-0.7755494085326103,0.47325883874277314,-0.2083800211171354,0.7654378574832575,0.3684854867085412,-0.11169415614331078,0.6522179649213135,-0.29462367965126623,0.23960971753255714,-0.16712242812102326,0.6845798596511281,0.6166916409563427,-0.4615819793595396,0.5388093743034489,-1.0773819196008143,0.15034958763599168,-0.5246238131436328,-1.123512987851221,-0.2801983380841786,-1.6999055880590255,-0.07815810450557033,0.31069199055104874,1.4905366654123202,0.1924518909355993,0.6604989538936507
-0.629280164045425,-0.2515249418788143,0.664387468055045,-0.15209845215545095,-0.26431841382995025,-0.5403168331947927,0.19498379193863366,-0.02252344166705344,0.24640911275067226,0.09747086214819362,0.17812833579144466,-0.8357330068588066,0.15119694091670072,0.19688894220533143,-0.05889212418724885,-0.335402153722495,-0.05468498914192323,0.4951211901018409,0.4870124229431067,0.5482306107548474,-0.19529910853329996,0.2871351298519688,-0.29082285647857237,-0.008201049091817526,0.1809467310682681,-0.29462367965126623,0.16271667254269398,-0.0968133100315996,0.09093301232673644,-0.13091451325786885,-0.36869258894522783,0.2131901667846244,-0.1992799179339471,0.6524883179177935,0.14645780712852266,0.4930407624665417,0.7020735707128317,0.12993596571979585,0.5756705403755649,-0.1052235523488646,0.26180397518147097,-0.6353628696349317,-0.5723613830730931,-0.05544398493473161
0.5620389956343129,0.06051502307151721,-0.11348036538413041,0.25848631696217617,0.12808998043194786,0.2825126898749636,-0.11774280157662544,0.03590629131158643,-0.07520673209967318,-0.19172818898049707,0.15184473689419195,0.4172051511425169,-0.6099200205413611,0.2122766294346756,0.1847695595608259,0.4001123570204682,0.16098221775751645,-0.14302880266342205,-0.28168783897101096,-0.19158330310368604,0.18115736196475912,0.014845261304280908,0.3049928737516051,0.21603377132128415,0.022317411691890335,0.23960971753255714,-0.0968133100315996,0.09925561806699082,-0.05259102033179456,0.3387859635320074,0.18277400374509614,-0.16819969069587357,0.2168901510540053,-0.32173210823988185,0.1523794441015101,-0.07743565181377045,-0.3271150710024335,-0.10236763011313689,-0.7204330280815072,-0.09656500419820614,0.3012594907663613,0.570146641405322,-0.15363913829912781,0.3551097528130537
-0.3533758794000563,-0.14240632040829793,0.373336350291644,-0.08508292341239446,-0.14748875583536428,-0.3034814895040218,0.10850177426048886,-0.011600033112619968,0.1397250558439692,0.05664442988752731,0.09908012291447323,-0.4704243005779198,0.08801422930648167,0.10902101086422197,-0.03216706850068819,-0.1888151690535787,-0.030911919326548194,0.2787341237821971,0.27370099730810077,0.30835651238068296,-0.11074381973268935,0.16165064105421045,-0.16421783699122378,-0.0038520413774316893,0.10245727401920626,-0.16712242812102326,0.09093301232673644,-0.05259102033179456,0.052362136557172895,-0.07406127438025198,-0.20750129772936218,0.12079276528488248,-0.11317949468912104,0.36598323007940237,0.08080548855198628,0.2754388036992139,0.3940010024975585,0.07231118446978105,0.3242009140969288,-0.058893803884100725,0.14540773949839736,-0.35704608639048163,-0.31942851195497296,-0.033000343714289136
1.7884762482993402,-0.37548856723308877,1.3251425165396356,1.2409708430241102,0.02232429479873792,0.1964006029681574,-0.16759271454551286,0.15930140614635707,0.25539173929780684,-0.9886761758359124,1.5672514109759148,0.18212665957403082,-3.6067428930554826,2.041384842701311,1.0463939538547018,1.6126852172091806,0.9040734084552411,0.5886642176591328,-0.36539165788023065,0.4221440434200875,0.6105787091400598,0.9909785070995992,1.1467287662049774,1.3926232537570222,0.7048867112648111,0.6845798596511281,-0.13091451325786885,0.3387859635320074,-0.07406127438025198,1.8440789707545069,0.08322921631810432,-0.45684685625934235,0.8391482084162367,-0.10673285439372661,1.4918012967369596,1.0376070946471767,0.021723994030765754,-0.27807312533279394,-3.0059359788626234,-0.9651016683928881,2.8396034262719634,1.8188554345324852,-2.8255947021665744,2.211364126674637
1.284030822952628,0.6436343458236793,-1.7351042981025806,0.20837610794027175,0.625132192190736,1.2609917165413198,-0.4415427518061951,0.031869180052822244,-0.6199904743669034,-0.11495894697285303,-0.6168289115257299,1.9678650743833903,0.07893421383412276,-0.7131863340617118,0.015562480698642961,0.5966863807334505,0.021047560063781248,-1.2485990373865603,-1.1180650628973328,-1.3604849489580717,0.3946964289764045,-0.8039787964507185,0.5628039731941085,-0.15951300863002266,-0.5180629624536146,0.6166916409563427,-0.36869258894522783,0.18277400374509614,-0.20750129772936218,0.08322921631810432,0.8746626784307148,-0.44899382180864167,0.3775243567527686,-1.5395905482435646,-0.5222115150259291,-1.2939609848560159,-1.6668056244345222,-0.27828432936977177,-1.0029137309248115,0.37177526798804567,-0.9628725075569252,1.2912542862978131,1.7006350795612812,-0.13132720619258612
-1.0351151453067737,-0.23685047359474184,0.5685804119862833,-0.3822658280257789,-0.3147915045000318,-0.6701979121628349,0.2566622472933019,-0.05165872827505752,0.25050715175357374,0.2784956878631332,-0.0469990927569751,-1.0177344877901062,0.7712842902318002,-0.10260720774820979,-0.23946232712933316,-0.660485386284332,-0.2125472366859251,0.4892250794998834,0.6347075953529098,0.5784807113855809,-0.33129914794816806,0.17747145087931643,-0.53114965766706,-0.23707948651147784,0.09929121438809398,-0.4615819793595396,0.2131901667846244,-0.16819969069587357,0.12079276528488248,-0.45684685625934235,-0.44899382180864167,0.32770995176347956,-0.37342314354705114,0.787443945271684,-0.07190448297004878,0.41142767523255697,0.8256023131057888,0.19802220366333337,1.1720816587294092,0.033974713185024326,-0.1563503116849623,-1.047748346218782,-0.21219097608753115,-0.4285169922115104
1.2822102730547884,0.08476954857026765,-0.08896986916537898,0.6235705317442483,0.25134881044161783,0.5740706469644766,-0.24360255312739124,0.08119622818004625,-0.12917452269638025,-0.47920482135581477,0.4474270249003775,0.8423221695867857,-1.5507146470699478,0.6198535350278559,0.4652264989078629,0.9361533826379335,0.4045889370179377,-0.22521086563578108,-0.5943475911901737,-0.34341188259185806,0.4219477143539941,0.12286302477218707,0.7238456388191715,0.5453725083831152,0.10768394863694132,0.5388093743034489,-0.1992799179339471,0.2168901510540053,-0.11317949468912104,0.8391482084162367,0.3775243567527686,-0.37342314354705114,0.5159346715649238,-0.6427699454383692,0.45433028498134487,-0.044282190048793364,-0.63374147897290245,-0.230363598352462,-1.7054390455982453,-0.2777365588158294,0.8736675872245742,1.2972701891724374,-0.5817454541655356,0.9204323150329063
-2.2263407944577946,-1.1503264467180376,3.1137995018654046,-0.34145247019030256,-1.107686374775857,-2.2299258639405597,0.7799250313731467,-0.05473967640430932,1.102278593201075,0.17649259239544257,1.1283130151748324,-3.480547791899559,-0.22731907481295327,1.316792701812394,0.0012554876294839205,-1.0233001357239573,-0.01429809616447961,2.2278430426835025,1.967705717049709,2.415590836267159,-0.6800024417581666,1.4485102342493654,-0.9581675727355691,0.30665812388204344,0.9335030074430847,-1.0773819196008143,0.6524883179177935,-0.32173210823988185,0.36598323007940237,-0.10673285439372661,-1.5395905482435646,0.787443945271684,-0.6427699454383692,2.724677929459392,0.969557146075882,2.3230609718999924,2.960103476650397,0.4828458779157755,1.7045851827632175,-0.6778650538878577,1.78076396562601,-2.242272460794885,-3.086657270021455,0.29242222657175265
0.629756990461202,-0.7609575824438598,2.3211457880758597,0.8995046205287037,-0.41223770429149637,-0.7034922951411633,0.1646895010254362,0.10984165735229633,0.6395282478276534,-0.7577993840979695,1.7423282386981105,-1.1999245240540146,-3.093797402643617,2.215982112557863,0.8756958066439566,0.9416854426512152,0.7487359094647368,1.3578697940494846,0.4564059252448218,1.2863176229554085,0.24824987779378127,1.3890405853941232,0.5927523580437897,1.2716175312202969,0.9492891054449167,0.15034958763599168,0.14645780712852266,0.1523794441015101,0.08080548855198628,1.4918012967369596,-0.5222115150259291,-0.07190448297004878,0.45433028498134487,0.969557146075882,1.6269636089089359,1.7720108073771308,1.1741268325741097,-0.047164173321567415,-1.842078168789579,-1.0640839890958558,3.0635789092870027,0.645515474706346,-3.5585687980315686,1.961615011280892
-0.8494808388866091,-1.2399355868157353,3.5492220734953084,0.4620697863526208,-0.9578394519365432,-1.8347474470624772,0.5817474380643237,0.04870064555456982,1.12209591323995,-0.45487883969125725,1.951161697202204,-2.938900812145535,-2.4164339756312105,2.4116073168017196,0.6464188535186327,0.09096225066441686,0.5438241901247804,2.3160381755335373,1.4980254720825923,2.374358555019338,-0.2182789932676035,1.8792077317786418,-0.12855553627563038,1.1191937427636547,1.2509956953976809,-0.5246238131436328,0.4930407624665417,-0.07743565181377045,0.2754388036992139,1.0376070946471767,-1.2939609848560159,0.41142767523255697,-0.044282190048793364,2.3230609718999924,1.7720108073771308,2.677880134050754,2.6126158683761043,0.2503485674126594,-0.3529222880247692,-1.1850836417767259,3.3104254938573177,-0.8470911315406314,-4.446273355523565,1.6193841368912028
-2.286275190582147,-1.2832718535616174,3.4984323460966213,-0.27851557889256473,-1.2049865073830142,-2.415068316059318,0.8373114676201122,-0.048041680240859835,1.2200380852421058,0.11622005081917443,1.3468876354197017,-3.778364476672322,-0.5209541087252489,1.5917031348198099,0.08381122903829982,-0.9953210523751954,0.05386830444264694,2.473611702392379,2.1136834764208916,2.661502907936377,-0.6924529196053452,1.6541658116422566,-0.950586597569332,0.43523944107040913,1.0706814793645811,-1.123512987851221,0.7020735707128317,-0.3271150710024335,0.3940010024975585,0.021723994030765754,-1.6668056244345222,0.8256023131057888,-0.63374147897290245,2.960103476650397,1.1741268325741097,2.6126158683761043,3.2306155652172697,0.5024581565885637,1.6288294912065493,-0.809650223989262,2.1594278473225876,-2.303735238238315,-3.5804920413130574,0.4897450244472705
-0.6372919998550964,-0.14288492450702076,0.34322436915707716,-0.23397473734079866,-0.19357266147269298,-0.4100274639007159,0.1576487652645231,-0.031984102347196834,0.15265126612052268,0.17025219388902152,-0.02724325169245599,-0.6224249294348773,0.47040566326036276,-0.06391647097631749,-0.1500506809927081,-0.402058460087356,-0.1309051597620113,0.2975603245734598,0.39064666196497166,0.35578986070344254,-0.20401207185935502,0.10752488325768597,-0.3302034516598343,-0.142097187814891,0.05998311857607806,-0.2801983380841786,0.12993596571979585,-0.10236763011313689,0.07231118446978105,-0.27807312533279394,-0.27828432936977177,0.19802220366333337,-0.230363598352462,0.4828458779157755,-0.047164173321567415,0.2503485674126594,0.5024581565885637,0.12391447289808565,0.717828360711456,0.01903481693212352,-0.09832426294404678,-0.6428082512955712,-0.1281880535839165,-0.26432527931999705
-4.114222705155242,-0.04679187551817757,-0.3686257836872396,-2.174856363325752,-0.6591812850245706,-1.568928176136324,0.7064202304217464,-0.28472697788275986,0.21292629533892726,1.6807421022889197,-1.8688348748674162,-2.2506926581032594,5.6368758766391744,-2.523085980130515,-1.6735139950066655,-3.151533314988578,-1.4535196319592938,0.3123076095107355,1.6936595976928346,0.6870658670596659,-1.3604950943453011,-0.7688515470114996,-2.376895792169431,-2.049537213709416,-0.6009341669167512,-1.6999055880590255,0.5756705403755649,-0.7204330280815072,0.3242009140969288,-3.0059359788626234,-1.0029137309248115,1.1720816587294092,-1.7054390455982453,1.7045851827632175,-1.842078168789579,-0.3529222880247692,1.6288294912065493,0.717828360711456,5.764095662530797,1.1592736278012,-3.5389188407034022,-4.170108295124613,2.7809176702603877,-3.3724886548421402
-0.3618769577169648,0.5126179886077893,-1.5531098133264445,-0.5766798867840197,0.28679649020862963,0.4959131613984837,-0.11993844957069662,-0.07136123752555922,-0.43540128093787334,0.4844514197761676,-1.1490672055710356,0.8414222160601488,2.0041268957812424,-1.4544601476760146,-0.563563834216117,-0.5932727606300224,-0.48300265230840733,-0.9181442369255779,-0.3348138135086209,-0.8800129868522876,-0.14474592923587748,-0.9247258298041148,-0.3575768357794008,-0.8342871846412778,-0.6318452235051962,-0.07815810450557033,-0.1052235523488646,-0.09656500419820614,-0.058893803884100725,-0.9651016683928881,0.37177526798804567,0.033974713185024326,-0.2777365588158294,-0.6778650538878577,-1.0640839890958558,-1.1850836417767259,-0.809650223989262,0.01903481693212352,1.1592736278012,0.7033996607163617,-2.009335489192478,-0.3744672385721836,2.354327974673621,-1.2692321604317838
1.2434619178216495,-1.4194410755420814,4.33475786626926,1.71853548100054,-0.7576184144205292,-1.2858370875881633,0.2940015064482944,0.21153894792433833,1.1919796674625625,-1.441414396592494,3.286597078250919,-2.202263706004957,-5.872752459554179,4.177958238580017,1.6616771694878862,1.8159790727186373,1.4222522538004607,2.5287665863971887,0.8256622681238868,2.393010899566265,0.4839430736235559,2.606551078217274,1.140277560688507,2.415905896311576,1.7836363377336784,0.31069199055104874,0.26180397518147097,0.3012594907663613,0.14540773949839736,2.8396034262719634,-0.9628725075569252,-0.1563503116849623,0.8736675872245742,1.78076396562601,3.0635789092870027,3.3104254938573177,2.1594278473225876,-0.09832426294404678,-3.5389188407034022,-2.009335489192478,5.776420630340549,1.2763552616917206,-6.687892244791945,3.7161405382884203
3.4360098348918093,0.549896373996039,-1.1965550266659133,1.4362062138865468,0.8916698849394323,1.937366122887659,-0.7704689492963434,0.1925166081563756,-0.6263213142400502,-1.0704716036071418,0.587932881001614,2.90732342374608,-3.2171594684789375,0.888416963964395,0.9859422369797984,2.320921040198408,0.8629407612197438,-1.1958880046033853,-1.8922791561934889,-1.5027684681262967,1.1108591403604344,-0.20505699926130608,1.836878662950585,1.067076303695311,-0.07013528562362627,1.4905366654123202,-0.6353628696349317,0.570146641405322,-0.35704608639048163,1.8188554345324852,1.2912542862978131,-1.047748346218782,1.2972701891724374,-2.242272460794885,0.645515474706346,-0.8470911315406314,-2.303735238238315,-0.6428082512955712,-4.170108295124613,-0.3744672385721836,1.2763552616917206,3.4756604485017992,-0.2363140642793609,1.854480407788185
-0.21021590685924457,1.97892727658635,-5.855523778620226,-1.5795644251071164,1.2890567824205865,2.3522963503538032,-0.6651005538153244,-0.1884203784690218,-1.7261099445804289,1.3765623775705198,-3.8598597309556792,3.8693001319467752,6.0544489007664515,-4.850953662003055,-1.6828715820343307,-1.3573795928304238,-1.4334731021361409,-3.6097346045930534,-1.7632299667484532,-3.5612290599063763,-0.16959262795344113,-3.3215667145933745,-0.7027496885677572,-2.591391457963897,-2.245749744385177,0.1924518909355993,-0.5723613830730931,-0.15363913829912781,-0.31942851195497296,-2.8255947021665744,1.7006350795612812,-0.21219097608753115,-0.5817454541655356,-3.086657270021455,-3.5585687980315686,-4.446273355523565,-3.5804920413130574,-0.1281880535839165,2.7809176702603877,2.354327974673621,-6.687892244791945,-0.2363140642793609,8.226125114065924,-3.900649085434902
1.8232084397289303,-0.6329578658778039,2.091279087971916,1.4465665433982013,-0.14502579428479248,-0.10809541018801452,-0.08060190814006128,0.18246510654410084,0.4777278559081215,-1.171535449041978,2.0689111130906492,-0.3173075533999796,-4.399174913258842,2.6766695193907863,1.2688168791875243,1.7885489036600115,1.0923862688145753,1.0582629886153518,-0.1410022722405501,0.8806675477057901,0.6370996322430753,1.42330215092955,1.247921772608105,1.724622700823114,0.9962222469105946,0.6604989538936507,-0.05544398493473161,0.3551097528130537,-0.033000343714289136,2.211364126674637,-0.13132720619258612,-0.4285169922115104,0.9204323150329063,0.29242222657175265,1.961615011280892,1.6193841368912028,0.4897450244472705,-0.26432527931999705,-3.3724886548421402,-1.2692321604317838,3.7161405382884203,1.854480407788185,-3.900649085434902,2.725747828431552
