V1,V2,V3,V4,V5,V6,V7,V8,V9,V10,V11,V12,V13,V14,V15,V16,V17,V18,V19,V20,V21,V22,V23,V24,V25,V26,V27,V28,V29,V30,V31,V32,V33,V34,V35,V36,V37,V38,V39,V40,V41,V42,V43,V44
3.4723802042899448,0.6550354082031473,-1.4884716080562965,1.315961087632193,0.9883245063099474,2.1009093425802745,-0.783459710682169,0.19045291179721444,-0.6747755725222091,-1.0829281415118381,0.4434477968609174,3.1131630536175887,-2.8902952764910936,0.6851881847861353,0.8825156945639459,2.247056189559227,0.7054901599832953,-1.4326474203129886,-1.9881175679978231,-1.7611183429594843,1.1281528325867172,-0.45332544289582144,1.772517087898898,0.9760860071942601,-0.21220423170909744,1.4025334517643027,-0.6672966130934284,0.5952088344684255,-0.35689411207523336,1.6903173570689893,1.4300362497857033,-1.046150101886809,1.334348475934645,-2.4130259250584802,0.4022098667577501,-1.1758758232271125,-2.4900512560842296,-0.6555168712681173,-4.028557283208522,-0.19936357262483875,0.832405939761569,3.469666960331851,0.11277905980561859,1.66066298444725
0.6550354082031473,0.5421628631532232,-1.5159840874298527,-0.0368822872042305,0.45693976968539385,0.8994994562039201,-0.3052902101819097,-0.0033679069577678545,-0.5100613369207401,0.09361865469682587,-0.7222971208530666,1.4360168281919417,0.6361226125704699,-0.8770082243059633,-0.1565623423478285,0.1872898004162258,-0.11503574195909871,-1.0159076815651993,-0.7714691572755893,-1.061845173300726,0.1884012740168533,-0.7414415615095109,0.23402358553113542,-0.3484181194177392,-0.4934760804337638,0.3712824887572454,-0.2553212902541533,0.07647929983090132,-0.14688361076294357,-0.23821541160723558,0.6230660174124805,-0.26653969315502757,0.12720989994271453,-1.1261663796949832,-0.6233923486653943,-1.113638176743827,-1.250990165284523,-0.15808781586520795,-0.2613404207368458,0.4181051840041676,-1.158010019703456,0.6661059691087846,1.7432332911029595,-0.4612011756002288
-1.4884716080562965,-1.5159840874298527,4.294593350412486,0.2553960289643396,-1.2111666686900986,-2.382680982312345,0.808521911973154,0.035024563508084416,1.4382233627609753,-0.44379579033806815,2.210525839306543,-3.852148329775062,-2.24505079331327,2.6923570552384346,0.5653562921526443,-0.26788974429091206,0.3979702171442314,2.8127922989775613,2.0178595251820366,2.8921618782486105,-0.3994082986553632,2.1160366699291617,-0.48034551112305324,1.170809571206735,1.4303419762056886,-0.9516436236033983,0.6670291761399609,-0.13668810434399617,0.3892732649256534,0.9206568304719062,-1.6498625722901457,0.6570900595152113,-0.18033749233485902,3.0240662651970798,1.8759623279742994,3.1083181651314513,3.3817482817322984,0.3857702519896788,0.2593164218682291,-1.2430505319829934,3.500980537629968,-1.5302004217770921,-5.1624948826105665,1.5788128840556945
1.315961087632193,-0.0368822872042305,0.2553960289643396,0.7743519928870037,0.15744821046625165,0.42877010076926025,-0.21885186937169834,0.09268615251796428,-0.053892945857684685,-0.5209532522875401,0.6629470645218238,0.6342387723888295,-1.9745977001386361,0.902077665137165,0.5963922143580259,1.047698464748911,0.5586634647074638,0.006892052899679777,-0.4885648098698614,-0.08798050528207578,0.4192989834483512,0.3689509468939473,0.8080410514633334,0.6923978268777115,0.25439969785787653,0.603997025007503,-0.16830317295203254,0.20962420167519372,-0.10003971208709839,1.0316620858243664,0.25994625835340807,-0.3791872332190148,0.5143766466458293,-0.47335203070360715,0.713994004161239,0.28618222073932914,-0.4392888463158655,-0.22876764635636734,-1.9232455980204979,-0.46586356140408,1.3602438239917114,1.3518191394534511,-1.0534711224896671,1.1740184467807908
0.9883245063099474,0.45693976968539385,-1.2111666686900986,0.15744821046625165,0.4706457298278544,0.932285204596333,-0.31337462030948826,0.030919077892858242,-0.414090076622893,-0.15609982241211254,-0.3692731141841,1.419659660607035,-0.03671272104647982,-0.43439431057323485,0.02507788820003217,0.476128726642004,-0.009046697294002,-0.9032774028881002,-0.8233700923252606,-1.005191869581844,0.3177172033759497,-0.5872477624105124,0.4118429952010721,-0.04571307769228331,-0.3610422479999911,0.4107022694089442,-0.27327795810115924,0.16460306031967753,-0.14752649312146335,0.1185799852600293,0.6496434401995146,-0.332505771067978,0.3325064418621842,-1.113272138434768,-0.36874474473409713,-0.9612712962407505,-1.2021375177936027,-0.2062507016700464,-0.807046378052651,0.26964135743621903,-0.6673521328416377,0.9787619476130995,1.1086965983909352,-0.02981529841785329
2.1009093425802745,0.8994994562039201,-2.382680982312345,0.42877010076926025,0.932285204596333,1.8864830888609345,-0.6551546357847509,0.07046096732786222,-0.8529258947293127,-0.3235939781775363,-0.6888320398291843,2.8968051713708696,-0.29500527546951727,-0.7839913738906025,0.1311753228136363,1.0613171087015252,0.09066067054613552,-1.7822220643754771,-1.6754001318942442,-1.972929293989384,0.6576529562766396,-1.0991005558138756,0.9295226246287989,-0.040590598269396816,-0.6867386486034465,0.9306796430937835,-0.5572476553312876,0.329129947300302,-0.30426347233759243,0.34702371568288026,1.3056010609559505,-0.7053619951130491,0.6793632843262607,-2.2662094326882394,-0.6278144494660761,-1.8266873677909188,-2.4383884769179778,-0.43817204957224914,-1.8146310074164909,0.45585634237015726,-1.1339643195828644,2.098054425731168,2.1224631895531076,0.06326824153694974
-0.783459710682169,-0.3052902101819097,0.808521911973154,-0.21885186937169834,-0.31337462030948826,-0.6551546357847509,0.25667397901456274,-0.027429729095949457,0.323425775261485,0.10150094467314157,0.22502953891282737,-1.0386464527113757,0.23504121350827822,0.2302045055871654,-0.0941347230828907,-0.43893360199865783,-0.11673496730293896,0.5871389625411447,0.6055055838509137,0.6491573474493989,-0.24129723605963072,0.3172849214958854,-0.38894504300766247,-0.007792175946865846,0.20539952882621956,-0.4142943681372019,0.19912795733236408,-0.10957266098633438,0.12047662225636888,-0.18013377480095522,-0.4399839177865481,0.27231764089085825,-0.23715667646235816,0.8054026193391137,0.13523230061012298,0.5541300101266139,0.8660276923243451,0.1639656247685386,0.751640366234638,-0.09606535114166798,0.24884123226615051,-0.8086465306763404,-0.7040360772436756,-0.09650523431700947
0.19045291179721444,-0.0033679069577678545,0.035024563508084416,0.09268615251796428,0.030919077892858242,0.07046096732786222,-0.027429729095949457,0.015498531561479463,0.0022458587475479605,-0.0938231851937313,0.10305556433511628,0.09024824773990843,-0.26071246116466146,0.13567649298036202,0.07592813172052593,0.14315093945016855,0.05331981834824039,-0.013272274989099395,-0.07010868523635803,-0.035765224674526086,0.06569006653119895,0.02714042846160577,0.10116255899010222,0.10623452807179193,0.028479843959444032,0.05561757885440192,-0.02346683134267279,0.039129019816522115,-0.009768868208383468,0.14480505656467144,0.049275878211499174,-0.04741936924316714,0.09141882772670869,-0.06849309812420835,0.07988410067127935,0.009804989866414537,-0.06178176734065935,-0.032903992824687936,-0.26267850824285754,-0.04835358005569187,0.1553554381080814,0.18577758187437524,-0.159128124146997,0.16107422198731866
-0.6747755725222091,-0.5100613369207401,1.4382233627609753,-0.053892945857684685,-0.414090076622893,-0.8529258947293127,0.323425775261485,0.0022458587475479605,0.530840341814343,-0.13179633398744167,0.6985821571938958,-1.411223134978379,-0.47763801943196527,0.8176875675457683,0.09288140335640947,-0.24471848052454842,-0.003362153651986151,0.9348750800182875,0.7524888976440252,0.9576217877736596,-0.17807940113183177,0.6278492813239945,-0.30432987358648667,0.33266275101107184,0.4404980375654261,-0.4772090458215889,0.24803995679214144,-0.052522992383262385,0.1551036087845668,0.17452123401280395,-0.5750380918375745,0.2848622073975375,-0.0930943102455834,1.099121646386223,0.4997250095345941,0.9545040552838066,1.2189830852851313,0.16462091299480747,0.36492753247520815,-0.3222477689928153,0.940419455473049,-0.7179054176018389,-1.663959807640315,0.37604570500589546
-1.0829281415118381,0.09361865469682587,-0.44379579033806815,-0.5209532522875401,-0.15609982241211254,-0.3235939781775363,0.10150094467314157,-0.0938231851937313,-0.13179633398744167,0.6624724032896728,-0.7814677571189408,-0.32653471667394623,1.675096840885663,-0.9883926392389303,-0.4565358853030886,-0.8392534023047818,-0.2580781824916105,-0.04369959306049097,0.34053223705847413,0.12279265969102984,-0.4035076516562089,-0.2262929017786325,-0.5458342996786241,-0.7402854362257018,-0.2340928362295085,-0.19972930841875458,0.11444260078401523,-0.2626227915595347,0.03865141956408652,-0.9163952189553929,-0.2357040202438494,0.24797596118584506,-0.598483046538568,0.25581058542781576,-0.5337660744919992,-0.12615830239966694,0.18868806057371326,0.17338105243443333,1.5611912393514125,0.29672692932735123,-1.0393426710190647,-1.0279727261184033,1.2892654491581734,-1.0619054606278215
0.4434477968609174,-0.7222971208530666,2.210525839306543,0.6629470645218238,-0.3692731141841,-0.6888320398291843,0.22502953891282737,0.10305556433511628,0.6985821571938958,-0.7814677571189408,1.6597834590610532,-1.2667741359673708,-2.622153533937215,2.061532121439823,0.7073397314251635,0.729372892539243,0.4842580932167935,1.2373446932608103,0.5067359402315159,1.1352448091003198,0.21436143611612743,1.157916215587461,0.3722522607720639,1.191586262626318,0.839955743011366,-0.1211215606444942,0.16250463092476536,0.17704295636802947,0.11555279920155627,1.2889491481740352,-0.479249051083968,0.013174029818393034,0.4651440406149395,1.0027391734311684,1.3483855773542128,1.4885066290754323,1.2058719520988932,-0.010438550529933775,-1.4531433114931944,-0.8565307701828795,2.560598800568848,0.39501706618019805,-3.3737674929554506,1.7051601665470977
3.1131630536175887,1.4360168281919417,-3.852148329775062,0.6342387723888295,1.419659660607035,2.8968051713708696,-1.0386464527113757,0.09024824773990843,-1.411223134978379,-0.32653471667394623,-1.2667741359673708,4.531857465561175,-0.21085287931914184,-1.4438314591493993,0.15342281751943046,1.54704441975159,0.18184518786988718,-2.7860402237546844,-2.5862542501377432,-3.033210931674502,0.9499935875209601,-1.7083572139935352,1.4142701376261955,-0.22700419382728895,-1.103740252327445,1.5325222872853645,-0.8594524899922218,0.4434790289137266,-0.4869678269073964,0.3886592321889633,1.9866061013255962,-1.0862019270389855,0.9149541616130493,-3.535310052204676,-1.0256881396931672,-2.8141752690279134,-3.8289609570645657,-0.6618885581960279,-2.6183358159781056,0.715435918547365,-1.8708444150819559,3.151860696560414,3.6358617944566083,-0.0797284421283239
-2.8902952764910936,0.6361226125704699,-2.24505079331327,-1.9745977001386361,-0.03671272104647982,-0.29500527546951727,0.23504121350827822,-0.26071246116466146,-0.47763801943196527,1.675096840885663,-2.622153533937215,-0.21085287931914184,5.8691153544771035,-3.391790469009927,-1.6873690854645416,-2.594641185998056,-1.4010660362798188,-0.9805329666256688,0.5610757031002608,-0.686192878530273,-1.0035124311676253,-1.5949516074401697,-1.8225319494678467,-2.3066691013100797,-1.153413957667853,-1.0092803561844408,0.2008015180532326,-0.5697780444842578,0.10328321509265807,-3.0064174547818374,-0.13643595214503101,0.7162128452476287,-1.4072833953173995,0.1142588963229457,-2.4110924218518623,-1.665534584055849,-0.11072739211766607,0.4441012067992009,4.853274309485182,1.5390257748570535,-4.594449752198812,-2.908400602236032,4.738070349649221,-3.6185458600355607
0.6851881847861353,-0.8770082243059633,2.6923570552384346,0.902077665137165,-0.43439431057323485,-0.7839913738906025,0.2302045055871654,0.13567649298036202,0.8176875675457683,-0.9883926392389303,2.061532121439823,-1.4438314591493993,-3.391790469009927,2.5934796734474563,0.9292891837725908,1.0101435255481594,0.6764467318646825,1.4979493566986286,0.5506083737298085,1.3607735793972506,0.3047135418919708,1.4460631232906944,0.5558498446975162,1.5077772559575584,1.0457422717476137,-0.04911316441783981,0.17966717910211774,0.2328236751620567,0.12292417402560601,1.6762789900982946,-0.5525307098370873,-0.029176962391533338,0.6175896233670328,1.1461617936666795,1.7283065685529095,1.8488018358091833,1.4019304366449448,-0.043200148098418954,-1.9864738841867262,-1.096514738019948,3.2661861057473587,0.6421625403862781,-4.169667239004262,2.1987568195174494
0.8825156945639459,-0.1565623423478285,0.5653562921526443,0.5963922143580259,0.02507788820003217,0.1311753228136363,-0.0941347230828907,0.07592813172052593,0.09288140335640947,-0.4565358853030886,0.7073397314251635,0.15342281751943046,-1.6873690854645416,0.9292891837725908,0.49761207986016365,0.7733197870622613,0.43627052486212764,0.2357804289171996,-0.20198443740457664,0.16035251242700227,0.29440689652650504,0.4423291021104765,0.5651542907269612,0.6378386054204311,0.31245559678556134,0.35085749258470533,-0.07095053859713418,0.15719430948758645,-0.038932993342596374,0.8669767373625407,0.06877143970729073,-0.22714733936673687,0.39741760984286284,-0.10073490812026137,0.688296831608334,0.4590186578728712,-0.04366621395453857,-0.1421821935735121,-1.4404718643707268,-0.4479174089713317,1.3090475471830192,0.8968629276533872,-1.261867435238879,1.0301153127793654
2.247056189559227,0.1872898004162258,-0.26788974429091206,1.047698464748911,0.476128726642004,1.0613171087015252,-0.43893360199865783,0.14315093945016855,-0.24471848052454842,-0.8392534023047818,0.729372892539243,1.54704441975159,-2.594641185998056,1.0101435255481594,0.7733197870622613,1.6199708273254498,0.6546014419257984,-0.47529393577093926,-1.0769395075269017,-0.6910838483842339,0.7440373908670839,0.12882283075946316,1.2339612640732704,0.9301165822384129,0.14328875751244047,0.9171391733653463,-0.3621670888259735,0.3957853072741577,-0.20182642317432856,1.4245068422449538,0.6996824057751411,-0.655754721107181,0.9156061378911371,-1.1856554775277632,0.705727477626549,-0.19824529768112886,-1.1809767252933072,-0.40438768297597266,-2.93742391138496,-0.42736030082060933,1.3690574781055411,2.267013152292787,-0.8822033427125295,1.5388692051959365
0.7054901599832953,-0.11503574195909871,0.3979702171442314,0.5586634647074638,-0.009046697294002,0.09066067054613552,-0.11673496730293896,0.05331981834824039,-0.003362153651986151,-0.2580781824916105,0.4842580932167935,0.18184518786988718,-1.4010660362798188,0.6764467318646825,0.43627052486212764,0.6546014419257984,0.4805300613778249,0.21693100317691824,-0.1809936939075885,0.1957244329336167,0.2103279022136161,0.4390084207040389,0.5256094924388596,0.45310968404195945,0.26859656041687274,0.44507521772901193,-0.06292594893363741,0.08218798922426997,-0.056021695745259656,0.6934225139956438,0.018399341097886074,-0.21568625713050504,0.23728472606382653,-0.11677943872246069,0.6308219328277335,0.48180834009727913,-0.0839064289242711,-0.1199369266702533,-1.2065728765503578,-0.4338690693800389,1.1796085505699263,0.7691469116575698,-0.880389210835299,0.8276346994433884
-1.4326474203129886,-1.0159076815651993,2.8127922989775613,0.006892052899679777,-0.9032774028881002,-1.7822220643754771,0.5871389625411447,-0.013272274989099395,0.9348750800182875,-0.04369959306049097,1.2373446932608103,-2.7860402237546844,-0.9805329666256688,1.4979493566986286,0.2357804289171996,-0.47529393577093926,0.21693100317691824,1.9572997518717163,1.513145880931786,2.0779546769866197,-0.4248120027536028,1.4225765747759116,-0.5143659763186518,0.537092212562611,0.9230317990498675,-0.6871658246994434,0.5010009541356776,-0.198734432117368,0.27248993262527227,0.30894678782506896,-1.2498080271657113,0.5335492045710074,-0.3598197242835816,2.1909496437225173,1.138058876562871,2.1480268839574443,2.4072714908584447,0.33312748556273936,0.7236851375598781,-0.779298881408812,2.1056342749636134,-1.4225892737219834,-3.094288392734751,0.7212595402054603
-1.9881175679978231,-0.7714691572755893,2.0178595251820366,-0.4885648098698614,-0.8233700923252606,-1.6754001318942442,0.6055055838509137,-0.07010868523635803,0.7524888976440252,0.34053223705847413,0.5067359402315159,-2.5862542501377432,0.5610757031002608,0.5506083737298085,-0.20198443740457664,-1.0769395075269017,-0.1809936939075885,1.513145880931786,1.5278938607075718,1.6952879232421125,-0.630351591193484,0.8646129250971519,-0.9267792181431392,-0.06177995749194424,0.5398958170211174,-0.9205812189205311,0.5071198088969957,-0.3098538026044576,0.2890984164344386,-0.446639288948032,-1.1445322847499981,0.6718279564384322,-0.6524390666981286,2.018134910432108,0.4125631005230472,1.5076174364626034,2.165750236336674,0.40676479267278365,1.8572960437416406,-0.3115989151555135,0.7396521236295054,-2.0079072470675134,-1.689251830811427,-0.2359127494917492
-1.7611183429594843,-1.061845173300726,2.8921618782486105,-0.08798050528207578,-1.005191869581844,-1.972929293989384,0.6491573474493989,-0.035765224674526086,0.9576217877736596,0.12279265969102984,1.1352448091003198,-3.033210931674502,-0.686192878530273,1.3607735793972506,0.16035251242700227,-0.6910838483842339,0.1957244329336167,2.0779546769866197,1.6952879232421125,2.26224280524287,-0.5527781669202221,1.4819482922098024,-0.6548951867992635,0.3970712573786096,0.931310286330965,-0.7507294256113526,0.5581992654411072,-0.2814297549948876,0.30051034146528816,0.12811077884270147,-1.3881678691158477,0.6181978708193742,-0.5405280289504988,2.3875863125165036,1.103818409949269,2.285091092067912,2.598433550496714,0.39183856627330466,1.112162766552702,-0.7821352551770651,2.03655242334929,-1.7353239389379393,-2.9958493679073266,0.5287190216704086
1.1281528325867172,0.1884012740168533,-0.3994082986553632,0.4192989834483512,0.3177172033759497,0.6576529562766396,-0.24129723605963072,0.06569006653119895,-0.17807940113183177,-0.4035076516562089,0.21436143611612743,0.9499935875209601,-1.0035124311676253,0.3047135418919708,0.29440689652650504,0.7440373908670839,0.2103279022136161,-0.4248120027536028,-0.630351591193484,-0.5527781669202221,0.3833463037592478,-0.12786864606240392,0.5631312357812069,0.3692743788469438,-0.0407976497215496,0.4110053949448232,-0.20965016324921895,0.21199096952489999,-0.1111106778834745,0.5845461245539344,0.4507701708031061,-0.3304929106391844,0.47313152718312673,-0.7368401281099828,0.15632584013114811,-0.3626310353777332,-0.7536677016633015,-0.20841614049451285,-1.3371294904347097,-0.0716822264108358,0.32022171503994423,1.1189879735600248,-0.09808983858828005,0.5932570180887526
-0.45332544289582144,-0.7414415615095109,2.1160366699291617,0.3689509468939473,-0.5872477624105124,-1.0991005558138756,0.3172849214958854,0.02714042846160577,0.6278492813239945,-0.2262929017786325,1.157916215587461,-1.7083572139935352,-1.5949516074401697,1.4460631232906944,0.4423291021104765,0.12882283075946316,0.4390084207040389,1.4225765747759116,0.8646129250971519,1.4819482922098024,-0.12786864606240392,1.2183497914376753,0.007428316068690433,0.6731863315985793,0.7836904907653571,-0.17672058557218429,0.28179159300692685,-0.06512582240498177,0.14273600163883757,0.6732783443224546,-0.7984494393348843,0.20347117040289683,-0.061400257062882185,1.3590612089815672,1.1563528865955017,1.7061520183238543,1.5204945897437179,0.13957349824976012,-0.34172374621902607,-0.7899466902686612,2.157471537227631,-0.4138602946608885,-2.648787600993097,1.0349494069172964
1.772517087898898,0.23402358553113542,-0.48034551112305324,0.8080410514633334,0.4118429952010721,0.9295226246287989,-0.38894504300766247,0.10116255899010222,-0.30432987358648667,-0.5458342996786241,0.3722522607720639,1.4142701376261955,-1.8225319494678467,0.5558498446975162,0.5651542907269612,1.2339612640732704,0.5256094924388596,-0.5143659763186518,-0.9267792181431392,-0.6548951867992635,0.5631312357812069,0.007428316068690433,0.9900255861697588,0.5894535333860965,0.02455923711685088,0.8152750226360981,-0.31188098300105416,0.27687175057030255,-0.17994140873855882,1.0057775168003877,0.6109278049012156,-0.5417582834491433,0.6493739254865161,-1.0834251627546032,0.44924924018940054,-0.27696453661089177,-1.105927661290026,-0.3303252010241425,-2.2260124240652654,-0.2799487429984801,0.8714915124110421,1.807200135957913,-0.28989437940546825,1.0505225260292437
0.9760860071942601,-0.3484181194177392,1.170809571206735,0.6923978268777115,-0.04571307769228331,-0.040590598269396816,-0.007792175946865846,0.10623452807179193,0.33266275101107184,-0.7402854362257018,1.191586262626318,-0.22700419382728895,-2.3066691013100797,1.5077772559575584,0.6378386054204311,0.9301165822384129,0.45310968404195945,0.537092212562611,-0.06177995749194424,0.3970712573786096,0.3692743788469438,0.6731863315985793,0.5894535333860965,0.9898153390825462,0.5162670946983133,0.19007832132346703,-0.02487457699105084,0.2412289540661998,0.003441839953723469,1.1885946165921115,-0.03655862449532859,-0.19811193573588468,0.5810329257254254,0.18827558157812677,0.9699211525219316,0.74379314318782,0.3081292545021967,-0.13462548507280234,-1.7601414829897144,-0.6011964388061435,1.8540198384059308,0.945152594250984,-2.2174668485027893,1.4607413328051562
-0.21220423170909744,-0.4934760804337638,1.4303419762056886,0.25439969785787653,-0.3610422479999911,-0.6867386486034465,0.20539952882621956,0.028479843959444032,0.4404980375654261,-0.2340928362295085,0.839955743011366,-1.103740252327445,-1.153413957667853,1.0457422717476137,0.31245559678556134,0.14328875751244047,0.26859656041687274,0.9230317990498675,0.5398958170211174,0.931310286330965,-0.0407976497215496,0.7836904907653571,0.02455923711685088,0.5162670946983133,0.5261560501169867,-0.14839375561900678,0.17762292127345974,-0.006022305783101729,0.09597290726299404,0.5128038862298451,-0.49165669500320697,0.12458129897610243,0.038535309603550554,0.8767342018209618,0.773075567339617,1.0871813672556643,0.9914117839096839,0.07879179279920175,-0.33262515488954414,-0.5160579678043298,1.4477018819804734,-0.20355043661764646,-1.864997635834327,0.7596086671646937
1.4025334517643027,0.3712824887572454,-0.9516436236033983,0.603997025007503,0.4107022694089442,0.9306796430937835,-0.4142943681372019,0.05561757885440192,-0.4772090458215889,-0.19972930841875458,-0.1211215606444942,1.5325222872853645,-1.0092803561844408,-0.04911316441783981,0.35085749258470533,0.9171391733653463,0.44507521772901193,-0.6871658246994434,-0.9205812189205311,-0.7507294256113526,0.4110053949448232,-0.17672058557218429,0.8152750226360981,0.19007832132346703,-0.14839375561900678,0.8584873626395179,-0.3090856992125756,0.16121222476255773,-0.20235770395971725,0.5651069782565464,0.5909514814970896,-0.4950422265156653,0.3790039883697927,-1.1729780558750906,0.14563180981112994,-0.47498870135089727,-1.2532927919571748,-0.28037058052375863,-1.6129732522024498,-0.11023882237802184,0.2802302015132618,1.4890803650473383,0.6172636976163348,0.5136985170690389
-0.6672966130934284,-0.2553212902541533,0.6670291761399609,-0.16830317295203254,-0.27327795810115924,-0.5572476553312876,0.19912795733236408,-0.02346683134267279,0.24803995679214144,0.11444260078401523,0.16250463092476536,-0.8594524899922218,0.2008015180532326,0.17966717910211774,-0.07095053859713418,-0.3621670888259735,-0.06292594893363741,0.5010009541356776,0.5071198088969957,0.5581992654411072,-0.20965016324921895,0.28179159300692685,-0.31188098300105416,-0.02487457699105084,0.17762292127345974,-0.3090856992125756,0.16977377621332085,-0.10291434149116424,0.09559952947199356,-0.1544219688342907,-0.37999036713032,0.2258618291625671,-0.21515211765721864,0.6705379291691173,0.13324355134750351,0.49649074870824783,0.7209443829873156,0.1354772860294054,0.6262588145953426,-0.09888115260590281,0.23514800856105114,-0.6731427929269364,-0.5517919387103187,-0.08398640483758757
0.5952088344684255,0.07647929983090132,-0.13668810434399617,0.20962420167519372,0.16460306031967753,0.329129947300302,-0.10957266098633438,0.039129019816522115,-0.052522992383262385,-0.2626227915595347,0.17704295636802947,0.4434790289137266,-0.5697780444842578,0.2328236751620567,0.15719430948758645,0.3957853072741577,0.08218798922426997,-0.198734432117368,-0.3098538026044576,-0.2814297549948876,0.21199096952489999,-0.06512582240498177,0.27687175057030255,0.2412289540661998,-0.006022305783101729,0.16121222476255773,-0.10291434149116424,0.1301951848799385,-0.04879372015606033,0.3364164828100568,0.2313999784157964,-0.16171065182948643,0.2835257451947378,-0.3483267956732302,0.09081362295309181,-0.18868418088685557,-0.3462447481781083,-0.10641003907545266,-0.7155244973608048,-0.034021618142599644,0.1879353932358431,0.5754353800846628,-0.1730700633474977,0.3506246865837373
-0.35689411207523336,-0.14688361076294357,0.3892732649256534,-0.10003971208709839,-0.14752649312146335,-0.30426347233759243,0.12047662225636888,-0.009768868208383468,0.1551036087845668,0.03865141956408652,0.11555279920155627,-0.4869678269073964,0.10328321509265807,0.12292417402560601,-0.038932993342596374,-0.20182642317432856,-0.056021695745259656,0.27248993262527227,0.2890984164344386,0.30051034146528816,-0.1111106778834745,0.14273600163883757,-0.17994140873855882,0.003441839953723469,0.09597290726299404,-0.20235770395971725,0.09559952947199356,-0.04879372015606033,0.06130124545679363,-0.07435285757826413,-0.20015323993166864,0.1313049322805264,-0.10246461240283881,0.3788053438073433,0.06345703259026185,0.2602241730538617,0.40983251886254995,0.07372616543636748,0.34474042122958076,-0.04677333587312778,0.11744393134830533,-0.373837821346793,-0.34889803948441095,-0.038306630379723955
1.6903173570689893,-0.23821541160723558,0.9206568304719062,1.0316620858243664,0.1185799852600293,0.34702371568288026,-0.18013377480095522,0.14480505656467144,0.17452123401280395,-0.9163952189553929,1.2889491481740352,0.3886592321889633,-3.0064174547818374,1.6762789900982946,0.8669767373625407,1.4245068422449538,0.6934225139956438,0.30894678782506896,-0.446639288948032,0.12811077884270147,0.5845461245539344,0.6732783443224546,1.0057775168003877,1.1885946165921115,0.5128038862298451,0.5651069782565464,-0.1544219688342907,0.3364164828100568,-0.07435285757826413,1.5737814363708011,0.21440755928656716,-0.42434938709005043,0.8125077820144048,-0.2797974348622341,1.1455367959533775,0.6364232701080409,-0.1762802420246209,-0.2720102151601319,-2.6475552821992667,-0.7209726375513822,2.1914133785665704,1.6850373986491864,-2.236987357586879,1.852496943251639
1.4300362497857033,0.6230660174124805,-1.6498625722901457,0.25994625835340807,0.6496434401995146,1.3056010609559505,-0.4399839177865481,0.049275878211499174,-0.5750380918375745,-0.2357040202438494,-0.479249051083968,1.9866061013255962,-0.13643595214503101,-0.5525307098370873,0.06877143970729073,0.6996824057751411,0.018399341097886074,-1.2498080271657113,-1.1445322847499981,-1.3881678691158477,0.4507701708031061,-0.7984494393348843,0.6109278049012156,-0.03655862449532859,-0.49165669500320697,0.5909514814970896,-0.37999036713032,0.2313999784157964,-0.20015323993166864,0.21440755928656716,0.91447138990232,-0.4697309708188742,0.47778337847176633,-1.5567420098163172,-0.4752938768286896,-1.30377562747037,-1.672076442401704,-0.2994344289000294,-1.1959840292881334,0.34757077466369235,-0.8589446522453904,1.4119070349435343,1.4743547491128162,0.010485383132074755
-1.046150101886809,-0.26653969315502757,0.6570900595152113,-0.3791872332190148,-0.332505771067978,-0.7053619951130491,0.27231764089085825,-0.04741936924316714,0.2848622073975375,0.24797596118584506,0.013174029818393034,-1.0862019270389855,0.7162128452476287,-0.029176962391533338,-0.22714733936673687,-0.655754721107181,-0.21568625713050504,0.5335492045710074,0.6718279564384322,0.6181978708193742,-0.3304929106391844,0.20347117040289683,-0.5417582834491433,-0.19811193573588468,0.12458129897610243,-0.4950422265156653,0.2258618291625671,-0.16171065182948643,0.1313049322805264,-0.42434938709005043,-0.4697309708188742,0.34139768158201533,-0.3566361187972051,0.8418234274199413,-0.042020563657235686,0.4558931777609005,0.8885508137769411,0.20271631995644146,1.1609723081604697,0.014696476887752163,-0.09816994428570922,-1.0662717912651838,-0.3371254010404265,-0.3866165189053687
1.334348475934645,0.12720989994271453,-0.18033749233485902,0.5143766466458293,0.3325064418621842,0.6793632843262607,-0.23715667646235816,0.09141882772670869,-0.0930943102455834,-0.598483046538568,0.4651440406149395,0.9149541616130493,-1.4072833953173995,0.6175896233670328,0.39741760984286284,0.9156061378911371,0.23728472606382653,-0.3598197242835816,-0.6524390666981286,-0.5405280289504988,0.47313152718312673,-0.061400257062882185,0.6493739254865161,0.5810329257254254,0.038535309603550554,0.3790039883697927,-0.21515211765721864,0.2835257451947378,-0.10246461240283881,0.8125077820144048,0.47778337847176633,-0.3566361187972051,0.635015264883886,-0.7129343540884241,0.29476211327905566,-0.2994693524193042,-0.6980509787357743,-0.23790563255679953,-1.662885390705462,-0.14113742003053348,0.5876412599619382,1.296292345956607,-0.5476012320523131,0.8679992452258398
-2.4130259250584802,-1.1261663796949832,3.0240662651970798,-0.47335203070360715,-1.113272138434768,-2.2662094326882394,0.8054026193391137,-0.06849309812420835,1.099121646386223,0.25581058542781576,1.0027391734311684,-3.535310052204676,0.1142588963229457,1.1461617936666795,-0.10073490812026137,-1.1856554775277632,-0.11677943872246069,2.1909496437225173,2.018134910432108,2.3875863125165036,-0.7368401281099828,1.3590612089815672,-1.0834251627546032,0.18827558157812677,0.8767342018209618,-1.1729780558750906,0.6705379291691173,-0.3483267956732302,0.3788053438073433,-0.2797974348622341,-1.5567420098163172,0.8418234274199413,-0.7129343540884241,2.764264311645677,0.8283131179064398,2.2307257248437953,2.989432547198638,0.5137664457075152,2.0047311717532543,-0.5847596569065239,1.5151559058319923,-2.4375870181226102,-2.8656758021644224,0.08887142081513771
0.4022098667577501,-0.6233923486653943,1.8759623279742994,0.713994004161239,-0.36874474473409713,-0.6278144494660761,0.13523230061012298,0.07988410067127935,0.4997250095345941,-0.5337660744919992,1.3483855773542128,-1.0256881396931672,-2.4110924218518623,1.7283065685529095,0.688296831608334,0.705727477626549,0.6308219328277335,1.138058876562871,0.4125631005230472,1.103818409949269,0.15632584013114811,1.1563528865955017,0.44924924018940054,0.9699211525219316,0.773075567339617,0.14563180981112994,0.13324355134750351,0.09081362295309181,0.06345703259026185,1.1455367959533775,-0.4752938768286896,-0.042020563657235686,0.29476211327905566,0.8283131179064398,1.3210636015064339,1.4924862825238419,0.9900896940726399,-0.020896466893460457,-1.381241616992802,-0.8736114844895883,2.4765614484807847,0.43777882919982086,-2.7965813449081764,1.5235262999844594
-1.1758758232271125,-1.113638176743827,3.1083181651314513,0.28618222073932914,-0.9612712962407505,-1.8266873677909188,0.5541300101266139,0.009804989866414537,0.9545040552838066,-0.12615830239966694,1.4885066290754323,-2.8141752690279134,-1.665534584055849,1.8488018358091833,0.4590186578728712,-0.19824529768112886,0.48180834009727913,2.1480268839574443,1.5076174364626034,2.285091092067912,-0.3626310353777332,1.7061520183238543,-0.27696453661089177,0.74379314318782,1.0871813672556643,-0.47498870135089727,0.49649074870824783,-0.18868418088685557,0.2602241730538617,0.6364232701080409,-1.30377562747037,0.4558931777609005,-0.2994693524193042,2.2307257248437953,1.4924862825238419,2.502467561351382,2.4672076167706267,0.2902081210863175,0.20580843538526505,-1.0363896580267724,2.767391708649929,-1.1283504205870687,-3.5973104881930573,1.1209560721115053
-2.4900512560842296,-1.250990165284523,3.3817482817322984,-0.4392888463158655,-1.2021375177936027,-2.4383884769179778,0.8660276923243451,-0.06178176734065935,1.2189830852851313,0.18868806057371326,1.2058719520988932,-3.8289609570645657,-0.11072739211766607,1.4019304366449448,-0.04366621395453857,-1.1809767252933072,-0.0839064289242711,2.4072714908584447,2.165750236336674,2.598433550496714,-0.7536677016633015,1.5204945897437179,-1.105927661290026,0.3081292545021967,0.9914117839096839,-1.2532927919571748,0.7209443829873156,-0.3462447481781083,0.40983251886254995,-0.1762802420246209,-1.672076442401704,0.8885508137769411,-0.6980509787357743,2.989432547198638,0.9900896940726399,2.4672076167706267,3.2542353209845394,0.5358650571701447,1.9753893091023915,-0.6813059428855744,1.811146245606403,-2.5243213744720117,-3.3234337666829927,0.251112499358204
-0.6555168712681173,-0.15808781586520795,0.3857702519896788,-0.22876764635636734,-0.2062507016700464,-0.43817204957224914,0.1639656247685386,-0.032903992824687936,0.16462091299480747,0.17338105243443333,-0.010438550529933775,-0.6618885581960279,0.4441012067992009,-0.043200148098418954,-0.1421821935735121,-0.40438768297597266,-0.1199369266702533,0.33312748556273936,0.40676479267278365,0.39183856627330466,-0.20841614049451285,0.13957349824976012,-0.3303252010241425,-0.13462548507280234,0.07879179279920175,-0.28037058052375863,0.1354772860294054,-0.10641003907545266,0.07372616543636748,-0.2720102151601319,-0.2994344289000294,0.20271631995644146,-0.23790563255679953,0.5137664457075152,-0.020896466893460457,0.2902081210863175,0.5358650571701447,0.1282463420813507,0.7185638513161187,0.0025667695481601006,-0.05045678177828315,-0.6574602431210719,-0.1728054260192671,-0.2474519916735868
-4.028557283208522,-0.2613404207368458,0.2593164218682291,-1.9232455980204979,-0.807046378052651,-1.8146310074164909,0.751640366234638,-0.26267850824285754,0.36492753247520815,1.5611912393514125,-1.4531433114931944,-2.6183358159781056,4.853274309485182,-1.9864738841867262,-1.4404718643707268,-2.93742391138496,-1.2065728765503578,0.7236851375598781,1.8572960437416406,1.112162766552702,-1.3371294904347097,-0.34172374621902607,-2.2260124240652654,-1.7601414829897144,-0.33262515488954414,-1.6129732522024498,0.6262588145953426,-0.7155244973608048,0.34474042122958076,-2.6475552821992667,-1.1959840292881334,1.1609723081604697,-1.662885390705462,2.0047311717532543,-1.381241616992802,0.20580843538526505,1.9753893091023915,0.7185638513161187,5.343804815160787,0.8395463557583664,-2.674929490298168,-4.05595267976527,1.8919619338185987,-2.8909709463591735
-0.19936357262483875,0.4181051840041676,-1.2430505319829934,-0.46586356140408,0.26964135743621903,0.45585634237015726,-0.09606535114166798,-0.04835358005569187,-0.3222477689928153,0.29672692932735123,-0.8565307701828795,0.715435918547365,1.5390257748570535,-1.096514738019948,-0.4479174089713317,-0.42736030082060933,-0.4338690693800389,-0.779298881408812,-0.3115989151555135,-0.7821352551770651,-0.0716822264108358,-0.7899466902686612,-0.2799487429984801,-0.6011964388061435,-0.5160579678043298,-0.11023882237802184,-0.09888115260590281,-0.034021618142599644,-0.04677333587312778,-0.7209726375513822,0.34757077466369235,0.014696476887752163,-0.14113742003053348,-0.5847596569065239,-0.8736114844895883,-1.0363896580267724,-0.6813059428855744,0.0025667695481601006,0.8395463557583664,0.5967538905875609,-1.6421086685168504,-0.23324344979258171,1.8024693316020441,-0.96162950372309
0.832405939761569,-1.158010019703456,3.500980537629968,1.3602438239917114,-0.6673521328416377,-1.1339643195828644,0.24884123226615051,0.1553554381080814,0.940419455473049,-1.0393426710190647,2.560598800568848,-1.8708444150819559,-4.594449752198812,3.2661861057473587,1.3090475471830192,1.3690574781055411,1.1796085505699263,2.1056342749636134,0.7396521236295054,2.03655242334929,0.32022171503994423,2.157471537227631,0.8714915124110421,1.8540198384059308,1.4477018819804734,0.2802302015132618,0.23514800856105114,0.1879353932358431,0.11744393134830533,2.1914133785665704,-0.8589446522453904,-0.09816994428570922,0.5876412599619382,1.5151559058319923,2.4765614484807847,2.767391708649929,1.811146245606403,-0.05045678177828315,-2.674929490298168,-1.6421086685168504,4.658445119152778,0.8897471343813321,-5.276595762072028,2.8955728509899803
3.469666960331851,0.6661059691087846,-1.5302004217770921,1.3518191394534511,0.9787619476130995,2.098054425731168,-0.8086465306763404,0.18577758187437524,-0.7179054176018389,-1.0279727261184033,0.39501706618019805,3.151860696560414,-2.908400602236032,0.6421625403862781,0.8968629276533872,2.267013152292787,0.7691469116575698,-1.4225892737219834,-2.0079072470675134,-1.7353239389379393,1.1189879735600248,-0.4138602946608885,1.807200135957913,0.945152594250984,-0.20355043661764646,1.4890803650473383,-0.6731427929269364,0.5754353800846628,-0.373837821346793,1.6850373986491864,1.4119070349435343,-1.0662717912651838,1.296292345956607,-2.4375870181226102,0.43777882919982086,-1.1283504205870687,-2.5243213744720117,-0.6574602431210719,-4.05595267976527,-0.23324344979258171,0.8897471343813321,3.4971003161154375,0.19609191754613378,1.6580380858810098
0.11277905980561859,1.7432332911029595,-5.1624948826105665,-1.0534711224896671,1.1086965983909352,2.1224631895531076,-0.7040360772436756,-0.159128124146997,-1.663959807640315,1.2892654491581734,-3.3737674929554506,3.6358617944566083,4.738070349649221,-4.169667239004262,-1.261867435238879,-0.8822033427125295,-0.880389210835299,-3.094288392734751,-1.689251830811427,-2.9958493679073266,-0.09808983858828005,-2.648787600993097,-0.28989437940546825,-2.2174668485027893,-1.864997635834327,0.6172636976163348,-0.5517919387103187,-0.1730700633474977,-0.34889803948441095,-2.236987357586879,1.4743547491128162,-0.3371254010404265,-0.5476012320523131,-2.8656758021644224,-2.7965813449081764,-3.5973104881930573,-3.3234337666829927,-0.1728054260192671,1.8919619338185987,1.8024693316020441,-5.276595762072028,0.19609191754613378,7.191376749576023,-3.137167459688414
1.66066298444725,-0.4612011756002288,1.5788128840556945,1.1740184467807908,-0.02981529841785329,0.06326824153694974,-0.09650523431700947,0.16107422198731866,0.37604570500589546,-1.0619054606278215,1.7051601665470977,-0.0797284421283239,-3.6185458600355607,2.1987568195174494,1.0301153127793654,1.5388692051959365,0.8276346994433884,0.7212595402054603,-0.2359127494917492,0.5287190216704086,0.5932570180887526,1.0349494069172964,1.0505225260292437,1.4607413328051562,0.7596086671646937,0.5136985170690389,-0.08398640483758757,0.3506246865837373,-0.038306630379723955,1.852496943251639,0.010485383132074755,-0.3866165189053687,0.8679992452258398,0.08887142081513771,1.5235262999844594,1.1209560721115053,0.251112499358204,-0.2474519916735868,-2.8909709463591735,-0.96162950372309,2.8955728509899803,1.6580380858810098,-3.137167459688414,2.256226474761417
