V1,V2,V3,V4,V5,V6,V7,V8,V9,V10,V11,V12,V13,V14,V15,V16,V17,V18,V19,V20,V21,V22,V23,V24,V25,V26,V27,V28,V29,V30,V31,V32,V33,V34,V35,V36,V37,V38,V39,V40,V41,V42,V43,V44
40.243468125497046,12.50490756947379,-32.04457272367712,11.846362372046046,14.543695194852305,30.47873289704401,-11.036140618309902,1.8320782562700972,-12.547254581604568,-8.89293894256922,-4.7422336891194625,46.33273257361172,-18.590899358132877,-4.033772289165544,6.363318809078482,22.97728632744999,5.218158861899879,-25.882814290718073,-27.423947031364683,-29.428783460206727,12.564600338971417,-13.653501812774865,19.27505602589976,4.717590946307557,-8.190465021496252,17.288436261956853,-9.116485768328547,6.413536004022157,-4.875990897058201,12.857860047027295,21.043345079117415,-12.694499491378936,13.961541949495166,-36.125186152272164,-3.9647209244341393,-24.427259360209842,-38.097549896931376,-8.140012429999995,-40.271733349365334,3.3043128034844136,-6.760933254533998,40.19178078634485,22.182510400010777,9.661452071926089
12.50490756947379,4.216124152954101,-10.724680568991252,3.695237175504355,4.744573288149051,9.625418558093275,-3.5881230028559576,0.4526375576309696,-4.162109237905507,-2.4948679539363967,-1.8700523325028664,14.912037381582483,-5.9550875287822755,-1.9281262488859694,1.8751520404379607,7.350166183627579,1.7805731736264439,-8.061287523218306,-9.145913560400317,-9.191695864381465,4.059044308944542,-3.9406054906029007,6.149860012690211,1.2925675536145047,-2.4642532047633336,6.017296567350862,-3.0632778838236687,1.9639357994864504,-1.8274805970970205,3.779473284214054,6.4279580901348465,-4.2927135482484555,4.173813063668936,-11.579758995714478,-1.171756677947019,-7.737136402234988,-12.462616254435781,-2.4490172025590775,-12.826528004520327,0.9862700211056079,-1.914787848122062,12.778676869323128,7.851718269605457,2.9296620491687113
-32.04457272367712,-10.724680568991252,27.551844826887173,-9.799724389408453,-11.899774063935176,-24.62583363898387,9.318434146235383,-1.205734375305926,10.983745205036286,5.923585801579909,5.170856006965388,-38.38432735878299,14.976025333418246,5.1061710634064035,-4.99406718930326,-18.751600889100533,-5.044395569617651,20.74682072059141,23.127076824335212,23.37610102762249,-10.116164151077717,10.111481557758552,-15.988662248888444,-2.9541005348701557,6.440454122281897,-15.789663021956217,7.732492957749486,-4.794338982217514,4.565518283550799,-9.670650164141783,-16.494703556279532,10.90743168319031,-10.331565019707934,29.78282434581364,2.877789830899779,19.37441535883463,31.944054239866702,6.386674342524947,32.70188381925421,-2.2938781260498198,4.8024364313537315,-32.77237809521255,-20.596790731177286,-7.298403997159837
11.846362372046046,3.695237175504355,-9.799724389408453,3.9343600946900428,4.0176298912854564,8.973243806772453,-3.4710473928742496,0.5576751799346692,-4.211537522674186,-1.8970146396227419,-2.041548207965314,14.053411661078998,-5.165157966693867,-1.6487660926885952,2.0897114026649746,6.731026963596123,2.235479688968765,-7.741671918647357,-7.886900368184393,-8.440785221608857,3.376085710143121,-3.923647781762677,6.038704089703466,0.8512816185185508,-2.547052027272217,5.816726858574527,-2.6110695849529333,1.5611289512117177,-1.3935115075715079,3.6895935692628723,6.183080483007608,-3.7393094750331457,3.5674807293355664,-10.906238794184324,-0.9755435310686478,-6.638655671431941,-11.450820482337082,-2.5146368697151877,-11.750588931652004,0.6472607265040146,-1.7775540636697122,11.973313111552086,7.507556972184268,2.5431176991803213
14.543695194852305,4.744573288149051,-11.899774063935176,4.0176298912854564,5.577566709187726,11.123400976792828,-3.9646536284133878,0.568274131209577,-4.403415757502448,-3.465105131219288,-1.5983423341327143,16.8545072569483,-7.035409020240971,-1.6530634819198387,2.0944113661054224,8.474040321991774,1.5707067402517043,-9.291197622126534,-10.467428489882627,-10.803652538236006,4.84809014006745,-4.777572765438919,6.855763083216099,1.9125494288838603,-2.8185084414964447,6.260379452705488,-3.502767206994452,2.497724526435754,-2.0093831439963066,4.552970840973514,7.532236464773923,-4.833832746756621,5.260705506985222,-13.139571744721952,-1.507014077652261,-9.269380091356547,-14.066268868506985,-2.811712227903749,-14.840574775358414,1.3633351203038686,-2.440057870348405,14.643637505371112,8.095983058220645,3.625330094494077
30.47873289704401,9.625418558093275,-24.62583363898387,8.973243806772453,11.123400976792828,23.15670732421224,-8.43034815048127,1.3330900913724302,-9.620261142270586,-6.617490539610549,-3.7703326898917404,35.32754791963004,-14.1645569740378,-3.3662696475541902,4.768400514198725,17.50052588148395,4.017785514314243,-19.61171819802504,-21.06337879705591,-22.31399828104869,9.591328308195502,-10.202519443581659,14.667935901466983,3.4979664954830483,-6.1647865794941135,13.38647134518927,-7.013143068521628,4.8478918867556935,-3.8390570343320425,9.637927525580638,15.886088273797359,-9.776954317659666,10.50283768503711,-27.523314998860062,-2.978752846320502,-18.57701519651242,-29.143991023091388,-6.126003907296882,-30.646501301536677,2.487842062132208,-5.0391705653828724,30.57321080976275,17.239503516199086,7.28501963614436
-11.036140618309902,-3.5881230028559576,9.318434146235383,-3.4710473928742496,-3.9646536284133878,-8.43034815048127,3.2071781322609323,-0.4576369141606158,3.8125172993027125,1.9666035054612259,1.7954740984731874,-13.14337407171016,5.030726838257537,1.6399819338674646,-1.802565508454984,-6.38149400898614,-1.8420861302636207,7.166236705732975,7.718070502570578,7.985399982645915,-3.3607667316671535,3.559893897628206,-5.536103219921641,-0.9536032869218409,2.2749755681913957,-5.389402539332434,2.570973866765731,-1.5872940531261233,1.4604957053305099,-3.3801885407801695,-5.714647603191614,3.642384640205716,-3.4909050376708484,10.201548414458486,0.9672319122147438,6.499788296016814,10.848972965529237,2.252729866243249,11.136794850488503,-0.7305886781350384,1.6665761140040996,-11.22365137994366,-6.997603137901531,-2.470249124519215
1.8320782562700972,0.4526375576309696,-1.205734375305926,0.5576751799346692,0.568274131209577,1.3330900913724302,-0.4576369141606158,0.12622192580259292,-0.5045371292606584,-0.46279180782439283,-0.10850262877612006,1.947957113599212,-0.7661050994982185,0.032219452005022846,0.3369931470240418,0.9696611569871713,0.2171302324990904,-1.1790139416325707,-1.0160749383913177,-1.3118235053865233,0.4995903676630047,-0.7250943567224647,0.8385411956554781,0.24899489129594177,-0.40910887596596857,0.5951737378055435,-0.32927212005764656,0.28563697434039476,-0.10846597941835101,0.6574833848634131,0.9968502515680069,-0.45417568419419263,0.6656653123483781,-1.5330807440283658,-0.19301692652864555,-1.0319547599191334,-1.525109254384053,-0.40522042406807557,-1.7163406271870847,0.1478800523430201,-0.3644874920769702,1.7340077851512512,0.7203056026284883,0.44917173642914626
-12.547254581604568,-4.162109237905507,10.983745205036286,-4.211537522674186,-4.403415757502448,-9.620261142270586,3.8125172993027125,-0.5045371292606584,4.700623487764735,1.7490572546811878,2.5138435895768434,-15.303438134935567,5.574060240113438,2.2906447568497743,-2.153626102024195,-7.280715475043636,-2.543047821304804,8.224520026322885,8.806430590369274,8.959349333695666,-3.66561399930787,3.9238681395017796,-6.546779568341051,-0.7244020877596263,2.6495920669790984,-6.701306070655712,2.9315053134625466,-1.603251587428508,1.705485426854673,-3.735403561876961,-6.467188788728878,4.220393833708904,-3.6110433282376526,11.83940678920751,0.9731837325826381,7.096949173193341,12.6132275388339,2.6134161644730667,12.667150218213074,-0.6298404602096047,1.7291171293986733,-12.908133741464122,-8.75049756438772,-2.6134219119654203
-8.89293894256922,-2.4948679539363967,5.923585801579909,-1.8970146396227419,-3.465105131219288,-6.617490539610549,1.9666035054612259,-0.46279180782439283,1.7490572546811878,3.316537680322714,-0.28031992272931505,-9.194723489344113,4.471703973377927,-0.3501361371907043,-1.1381729927137105,-4.977021336387165,0.08107794515030668,5.5091095090463265,5.8902607718588005,6.8204199271862596,-3.175819699649259,3.3924653482127707,-3.5567098907664714,-2.0337016706758124,1.6518832212748322,-2.1801286175988173,1.9591627105391647,-1.9629115977982463,0.9125258380731802,-3.1581936840204583,-4.748713158460855,2.5424603322382464,-4.074124250978084,7.284054040338899,1.2260510930606343,6.16885621047676,7.578762464904856,1.6691922667749661,8.837478219123634,-1.2792482232943492,1.968772059216102,-8.44145703149105,-2.6255015190176425,-2.6708413600565097
-4.7422336891194625,-1.8700523325028664,5.170856006965388,-2.041548207965314,-1.5983423341327143,-3.7703326898917404,1.7954740984731874,-0.10850262877612006,2.5138435895768434,-0.28031992272931505,1.9296515264081007,-6.633707240007953,1.949346860858978,1.9010587306207118,-0.9389603077171975,-2.8952595740079214,-1.7859281390386805,3.2468833242055295,3.6811159967712546,3.2108050237632915,-1.2001824152381655,1.1331462504918153,-2.9728569264945253,0.40969694918168853,1.0682104210900447,-3.800626355574702,1.2330528351138348,-0.25654900623363536,0.8699320579039646,-1.1286342732108052,-2.3411564699230594,1.8942943291025642,-0.6891847733528188,5.047576284437007,0.1282592495399704,2.265109574900858,5.533189054746404,1.0365693354509713,4.947336120344422,0.11524842521164863,0.28888321380450316,-5.264590000891213,-5.095582358484175,-0.6268734770272423
46.33273257361172,14.912037381582483,-38.38432735878299,14.053411661078998,16.8545072569483,35.32754791963004,-13.14337407171016,1.947957113599212,-15.303438134935567,-9.194723489344113,-6.633707240007953,54.4933080959662,-21.39912626504009,-6.077898112861151,7.3614748572716175,26.74296505438246,6.86513310808086,-29.9374189719351,-32.35879219957289,-33.759820686312295,14.416834358482465,-15.178639224888048,22.757481423009033,4.691499326518437,-9.428797717397277,21.524898975358195,-10.78184953709697,7.051183616606182,-6.051008934332249,14.38927462959118,24.05094665082786,-15.145507558256952,15.346171179754421,-42.37116820757838,-4.305875468678444,-27.861964892160117,-45.01988113283069,-9.354751185425346,-46.74602438388617,3.458150633023785,-7.317657253808552,46.83816082816945,27.86158327626793,10.745927981517031
-18.590899358132877,-5.9550875287822755,14.976025333418246,-5.165157966693867,-7.035409020240971,-14.1645569740378,5.030726838257537,-0.7661050994982185,5.574060240113438,4.471703973377927,1.949346860858978,-21.39912626504009,8.92700269103448,1.9146381554109695,-2.7284480939299516,-10.765461906455425,-2.004571587140043,11.8727833602398,13.160599408791638,13.773518539140346,-6.1253144918497275,6.1932635937586085,-8.735825241169456,-2.4720403259990036,3.6341856919974993,-7.840734616632495,4.396938994730628,-3.182358703530821,2.4639430981631754,-5.890559290728466,-9.659737710798863,6.065260093712978,-6.743843906215938,16.693174137853802,1.9275839366295384,11.757238775609627,17.788135086453533,3.6279531155601097,18.86849648140492,-1.730942620406567,3.1538641569356294,-18.635156056595555,-10.087707729817824,-4.644526153435376
-4.033772289165544,-1.9281262488859694,5.1061710634064035,-1.6487660926885952,-1.6530634819198387,-3.3662696475541902,1.6399819338674646,0.032219452005022846,2.2906447568497743,-0.3501361371907043,1.9010587306207118,-6.077898112861151,1.9146381554109695,2.207174488232275,-0.6431559371520992,-2.6883931334213127,-1.5232211542781067,2.7522787372722823,3.8181649110162708,2.82947966060777,-1.254624450284569,0.6731781296879484,-2.6098577482804917,0.40250918596790825,0.7932109572384072,-3.732305110950325,1.303742141041746,-0.2637039148870301,1.0719554262845363,-0.7601013936903651,-1.8784118424236471,1.9710130530985994,-0.5402228816252994,4.596370286872839,0.09088240476908693,2.2045096178793004,5.29692582948587,0.7710567947582819,4.555954604048222,0.06687141048194137,0.1012773276350055,-4.7445909131658235,-5.09793073340021,-0.5280695937452548
6.363318809078482,1.8751520404379607,-4.99406718930326,2.0897114026649746,2.0944113661054224,4.768400514198725,-1.802565508454984,0.3369931470240418,-2.153626102024195,-1.1381729927137105,-0.9389603077171975,7.3614748572716175,-2.7284480939299516,-0.6431559371520992,1.1476860951044399,3.546900044604982,1.1188412031848562,-4.146542622570959,-4.038484620766311,-4.527918849785088,1.7764165964573264,-2.210817963188712,3.1764651351573265,0.5360486955809574,-1.389105740556186,2.88059373256812,-1.3292121488041846,0.8614307826203674,-0.6472915203175484,2.0565680386112777,3.3588931029106894,-1.8929714630221115,1.9940563456767642,-5.7295731290366225,-0.5509454043522776,-3.540031341377145,-5.933964996910667,-1.3726539622496445,-6.21282380866085,0.37558160902005894,-1.024276584000547,6.32985593664627,3.674738086175264,1.4031785180256657
22.97728632744999,7.350166183627579,-18.751600889100533,6.731026963596123,8.474040321991774,17.50052588148395,-6.38149400898614,0.9696611569871713,-7.280715475043636,-4.977021336387165,-2.8952595740079214,26.74296505438246,-10.765461906455425,-2.6883931334213127,3.546900044604982,13.260911367115563,3.013533229721462,-14.776128334054825,-16.07633337407893,-16.851736774188225,7.305121231814263,-7.608415821867433,11.071092186233681,2.6395489957106415,-4.609369755168493,10.214880969621928,-5.360878593119335,3.6772882264047553,-2.989208505921591,7.215571059251849,11.94213365003124,-7.472624766038419,7.919128545380391,-20.82557618506258,-2.2429588556387268,-14.094485098944258,-22.130593142804738,-4.583555823655326,-23.208815866291538,1.890489594941119,-3.7575851073784348,23.121466737547063,13.180876543293973,5.5015812457662925
5.218158861899879,1.7805731736264439,-5.044395569617651,2.235479688968765,1.5707067402517043,4.017785514314243,-1.8420861302636207,0.2171302324990904,-2.543047821304804,0.08107794515030668,-1.7859281390386805,6.86513310808086,-2.004571587140043,-1.5232211542781067,1.1188412031848562,3.013533229721462,1.8318527598991587,-3.55357637849219,-3.528335707048642,-3.4899040889409654,1.1923225372598352,-1.495433770722404,3.1353084413588124,-0.299887505537023,-1.2398140881336628,3.6423450860095326,-1.16480117334704,0.308716296129698,-0.6968600874990988,1.4262883722144313,2.6655895378167824,-1.7949401330689037,0.897046830428141,-5.254885772687742,-0.1895182833901827,-2.3682110296910883,-5.565027100789544,-1.206440691885223,-5.187330964821377,-0.09556351666813774,-0.4673490413504592,5.551662338876631,4.796452236603211,0.7546779040582952
-25.882814290718073,-8.061287523218306,20.74682072059141,-7.741671918647357,-9.291197622126534,-19.61171819802504,7.166236705732975,-1.1790139416325707,8.224520026322885,5.5091095090463265,3.2468833242055295,-29.9374189719351,11.8727833602398,2.7522787372722823,-4.146542622570959,-14.776128334054825,-3.55357637849219,16.685555224866544,17.611914637555298,18.871652334901786,-7.9974251709174,8.747431204402611,-12.502246209686998,-2.877459920977765,5.30461820965612,-11.344785225977079,5.852848742752185,-4.033935788548385,3.136658693867442,-8.232776012363761,-13.528336591283125,8.178950853175238,-8.822827023986326,23.326241312654872,2.499151660736322,15.569023512832054,24.59595781985701,5.264916319724508,25.88175430108948,-2.03597750361396,4.2901910555719995,-25.899905624450334,-14.58175023781536,-6.123743306489278
-27.423947031364683,-9.145913560400317,23.127076824335212,-7.886900368184393,-10.467428489882627,-21.06337879705591,7.718070502570578,-1.0160749383913177,8.806430590369274,5.8902607718588005,3.6811159967712546,-32.35879219957289,13.160599408791638,3.8181649110162708,-4.038484620766311,-16.07633337407893,-3.528335707048642,17.611914637555298,19.97224941494823,20.248186260240576,-9.01298032535866,8.768593235850757,-13.269917875415608,-3.139389666241017,5.3600517222443775,-12.669914554817426,6.687953437576923,-4.470074123132818,3.9406750804050663,-8.39481774487116,-14.132272343546346,9.31601298341907,-9.4579813317896,25.16425628014658,2.674359664484248,17.186581329213926,27.04164933281999,5.336712666918787,28.09300113899698,-2.327905060486145,4.3468187905055,-27.875486778198113,-16.480807716355184,-6.591523144295587
-29.428783460206727,-9.191695864381465,23.37610102762249,-8.440785221608857,-10.803652538236006,-22.31399828104869,7.985399982645915,-1.3118235053865233,8.959349333695666,6.8204199271862596,3.2108050237632915,-33.759820686312295,13.773518539140346,2.82947966060777,-4.527918849785088,-16.851736774188225,-3.4899040889409654,18.871652334901786,20.248186260240576,21.6423144143652,-9.374068018748051,9.986595243805187,-13.938129073962811,-3.689541714645373,5.910052025670368,-12.38156232324259,6.740131622055539,-4.8491809252558,3.6369396171149524,-9.414167956948994,-15.377755871938342,9.337126923131928,-10.455236199550978,26.339907568314697,2.987783453520784,18.165672800427906,27.843815784588084,5.88072475509399,29.55033099633451,-2.5753079493267257,5.025430940419275,-29.366455746747455,-15.891158460806606,-7.201601825795693
12.564600338971417,4.059044308944542,-10.116164151077717,3.376085710143121,4.84809014006745,9.591328308195502,-3.3607667316671535,0.4995903676630047,-3.66561399930787,-3.175819699649259,-1.2001824152381655,14.416834358482465,-6.1253144918497275,-1.254624450284569,1.7764165964573264,7.305121231814263,1.1923225372598352,-7.9974251709174,-9.01298032535866,-9.374068018748051,4.239944573086099,-4.179237201502056,5.829399663546684,1.7848718385940046,-2.4147090144314265,5.18382385767553,-3.015664292314237,2.2301092719215987,-1.7105311911958958,3.978104463307777,6.521751588389959,-4.136493412516886,4.678321397551827,-11.254082488022515,-1.347182647749921,-8.106650021829198,-12.032623476449581,-2.41341649437467,-12.810015914804165,1.251527024377975,-2.1705017073850477,12.589672841545607,6.680455026061382,3.2050113187959854
-13.653501812774865,-3.9406054906029007,10.111481557758552,-3.923647781762677,-4.777572765438919,-10.202519443581659,3.559893897628206,-0.7250943567224647,3.9238681395017796,3.3924653482127707,1.1331462504918153,-15.178639224888048,6.1932635937586085,0.6731781296879484,-2.210817963188712,-7.608415821867433,-1.495433770722404,8.747431204402611,8.768593235850757,9.986595243805187,-4.179237201502056,4.930853234284488,-6.324529957098233,-1.855164511182794,2.83090622823524,-5.143343331097788,2.896337253958902,-2.2627029141764265,1.3767345353467595,-4.574703491468076,-7.244747302236665,3.98841393706512,-4.985483992623497,11.886894083282145,1.440449677428288,8.260206435495167,12.316983010007167,2.813655078643527,13.39355300408739,-1.2204060408184336,2.512090455092728,-13.345492148585901,-6.4817072362079085,-3.3936776822231147
19.27505602589976,6.149860012690211,-15.988662248888444,6.038704089703466,6.855763083216099,14.667935901466983,-5.536103219921641,0.8385411956554781,-6.546779568341051,-3.5567098907664714,-2.9728569264945253,22.757481423009033,-8.735825241169456,-2.6098577482804917,3.1764651351573265,11.071092186233681,3.1353084413588124,-12.502246209686998,-13.269917875415608,-13.938129073962811,5.829399663546684,-6.324529957098233,9.60179822535147,1.7437317471283282,-3.995715586772931,9.158472423614544,-4.41166489555386,2.792816195843205,-2.4431218896430478,5.980778661620224,10.021230846073403,-6.238870479012276,6.176046791032442,-17.681635463121687,-1.7144680420799394,-11.31908873555375,-18.71724292233499,-3.9585303213415157,-19.344073383745993,1.3030530836739396,-2.9803114389934904,19.494757837852898,11.84592970949119,4.353345132977535
4.717590946307557,1.2925675536145047,-2.9541005348701557,0.8512816185185508,1.9125494288838603,3.4979664954830483,-0.9536032869218409,0.24899489129594177,-0.7244020877596263,-2.0337016706758124,0.40969694918168853,4.691499326518437,-2.4720403259990036,0.40250918596790825,0.5360486955809574,2.6395489957106415,-0.299887505537023,-2.877459920977765,-3.139389666241017,-3.689541714645373,1.7848718385940046,-1.855164511182794,1.7437317471283282,1.2866001914867533,-0.8333295872368359,0.8526526231578202,-1.0476230570868885,1.1607304901166884,-0.4747993432506139,1.7301057622088247,2.5285705543284034,-1.3223242937641662,2.363680629462145,-3.7402415030515814,-0.722713962803098,-3.454257135351155,-3.890684190206207,-0.8491311389771059,-4.704862661279526,0.7930539570075802,-1.1310071038145972,4.407399243522103,0.9720406001028327,1.5292690929480335
-8.190465021496252,-2.4642532047633336,6.440454122281897,-2.547052027272217,-2.8185084414964447,-6.1647865794941135,2.2749755681913957,-0.40910887596596857,2.6495920669790984,1.6518832212748322,1.0682104210900447,-9.428797717397277,3.6341856919974993,0.7932109572384072,-1.389105740556186,-4.609369755168493,-1.2398140881336628,5.30461820965612,5.3600517222443775,5.910052025670368,-2.4147090144314265,2.83090622823524,-3.995715586772931,-0.8333295872368359,1.7332892203822061,-3.5785386066659215,1.7722104717843492,-1.2093926552024807,0.8971906258799653,-2.6409250689044486,-4.3102601790441915,2.4927778334266986,-2.7132072231738795,7.3477324017996715,0.7651301687222299,4.76237898935481,7.666935820675991,1.7155342971545948,8.078498671266878,-0.5827441165920935,1.363466405167257,-8.148480586167604,-4.578191615265592,-1.8871528763841083
17.288436261956853,6.017296567350862,-15.789663021956217,5.816726858574527,6.260379452705488,13.38647134518927,-5.389402539332434,0.5951737378055435,-6.701306070655712,-2.1801286175988173,-3.800626355574702,21.524898975358195,-7.840734616632495,-3.732305110950325,2.88059373256812,10.214880969621928,3.6423450860095326,-11.344785225977079,-12.669914554817426,-12.38156232324259,5.18382385767553,-5.143343331097788,9.158472423614544,0.8526526231578202,-3.5785386066659215,9.789133512419472,-4.237445535731871,2.1847567082625057,-2.6186003777899116,4.964380114397464,8.81288993888918,-6.115264470215462,4.834070626100347,-16.615045822174125,-1.2859494224300219,-9.90096350624364,-17.913767456037952,-3.5312072109772403,-17.726159652313697,0.8298520232554798,-2.2157089229818205,18.0352721811642,12.873971483272701,3.5423781949043778
-9.116485768328547,-3.0632778838236687,7.732492957749486,-2.6110695849529333,-3.502767206994452,-7.013143068521628,2.570973866765731,-0.32927212005764656,2.9315053134625466,1.9591627105391647,1.2330528351138348,-10.78184953709697,4.396938994730628,1.303742141041746,-1.3292121488041846,-5.360878593119335,-1.16480117334704,5.852848742752185,6.687953437576923,6.740131622055539,-3.015664292314237,2.896337253958902,-4.41166489555386,-1.0476230570868885,1.7722104717843492,-4.237445535731871,2.2417495248427453,-1.493652375123328,1.333183702867391,-2.7790961373856984,-4.689803307765733,3.1217353446834655,-3.1472905178603354,8.382751970567057,0.8906397861581049,5.739213881220816,9.027533030592867,1.76488118325467,9.364670728815064,-0.7794269141079896,1.4378999881792724,-9.28341725946804,-5.518934329202662,-2.1943392881959465
6.413536004022157,1.9639357994864504,-4.794338982217514,1.5611289512117177,2.497724526435754,4.8478918867556935,-1.5872940531261233,0.28563697434039476,-1.603251587428508,-1.9629115977982463,-0.25654900623363536,7.051183616606182,-3.182358703530821,-0.2637039148870301,0.8614307826203674,3.6772882264047553,0.308716296129698,-4.033935788548385,-4.470074123132818,-4.8491809252558,2.2301092719215987,-2.2627029141764265,2.792816195843205,1.1607304901166884,-1.2093926552024807,2.1847567082625057,-1.493652375123328,1.26635098816747,-0.7905114551111514,2.134851717783618,3.366412398982581,-2.0021501133270907,2.6331963079874723,-5.536956511455945,-0.7768397235387138,-4.2908599115379165,-5.864720683533458,-1.2143482749269647,-6.480458801500949,0.7674015079456176,-1.2434619921957781,6.286235963713772,2.7612705812364258,1.7654691276193322
-4.875990897058201,-1.8274805970970205,4.565518283550799,-1.3935115075715079,-2.0093831439963066,-3.8390570343320425,1.4604957053305099,-0.10846597941835101,1.705485426854673,0.9125258380731802,0.8699320579039646,-6.051008934332249,2.4639430981631754,1.0719554262845363,-0.6472915203175484,-2.989208505921591,-0.6968600874990988,3.136658693867442,3.9406750804050663,3.6369396171149524,-1.7105311911958958,1.3767345353467595,-2.4431218896430478,-0.4747993432506139,0.8971906258799653,-2.6186003777899116,1.333183702867391,-0.7905114551111514,0.8937680146554098,-1.3652371354453585,-2.444559673022145,1.8695456917596252,-1.6031671416593303,4.679352262506019,0.445193307021475,3.166696967469603,5.180062758699933,0.8947850665336206,5.192049859468594,-0.4016441002131159,0.6652083278916023,-5.128284080147604,-3.4755887531343794,-1.141097572290951
12.857860047027295,3.779473284214054,-9.670650164141783,3.6895935692628723,4.552970840973514,9.637927525580638,-3.3801885407801695,0.6574833848634131,-3.735403561876961,-3.1581936840204583,-1.1286342732108052,14.38927462959118,-5.890559290728466,-0.7601013936903651,2.0565680386112777,7.215571059251849,1.4262883722144313,-8.232776012363761,-8.39481774487116,-9.414167956948994,3.978104463307777,-4.574703491468076,5.980778661620224,1.7301057622088247,-2.6409250689044486,4.964380114397464,-2.7790961373856984,2.134851717783618,-1.3652371354453585,4.269793316591598,6.794877128369504,-3.8318657269537284,4.674428033065042,-11.258971319292735,-1.34379443426241,-7.8192711621248545,-11.72432576689677,-2.62840128736052,-12.689748106072145,1.1449350685187687,-2.3202773155395118,12.62800626461813,6.272932842254775,3.1943605959420656
21.043345079117415,6.4279580901348465,-16.494703556279532,6.183080483007608,7.532236464773923,15.886088273797359,-5.714647603191614,0.9968502515680069,-6.467188788728878,-4.748713158460855,-2.3411564699230594,24.05094665082786,-9.659737710798863,-1.8784118424236471,3.3588931029106894,11.94213365003124,2.6655895378167824,-13.528336591283125,-14.132272343546346,-15.377755871938342,6.521751588389959,-7.244747302236665,10.021230846073403,2.5285705543284034,-4.3102601790441915,8.81288993888918,-4.689803307765733,3.366412398982581,-2.444559673022145,6.794877128369504,11.043340472205736,-6.519453265139505,7.3627673193726935,-18.76862545351295,-2.097141953665612,-12.731976389074301,-19.708475943311687,-4.282789166530112,-20.95098313755235,1.7478528731289322,-3.6045669759186914,20.916241900569904,11.268501224865954,5.077880509123791
-12.694499491378936,-4.2927135482484555,10.90743168319031,-3.7393094750331457,-4.833832746756621,-9.776954317659666,3.642384640205716,-0.45417568419419263,4.220393833708904,2.5424603322382464,1.8942943291025642,-15.145507558256952,6.065260093712978,1.9710130530985994,-1.8929714630221115,-7.472624766038419,-1.7949401330689037,8.178950853175238,9.31601298341907,9.337126923131928,-4.136493412516886,3.98841393706512,-6.238870479012276,-1.3223242937641662,2.4927778334266986,-6.115264470215462,3.1217353446834655,-2.0021501133270907,1.8695456917596252,-3.8318657269537284,-6.519453265139505,4.373391302103568,-4.245201813050791,11.761021803975929,1.1912966848600364,7.874934246971676,12.670018047911308,2.478732377173067,13.038715210449281,-1.0065631512529174,1.938874735126816,-12.980501256746825,-7.979142272638872,-2.9814220624784245
13.961541949495166,4.173813063668936,-10.331565019707934,3.5674807293355664,5.260705506985222,10.50283768503711,-3.4909050376708484,0.6656653123483781,-3.6110433282376526,-4.074124250978084,-0.6891847733528188,15.346171179754421,-6.743843906215938,-0.5402228816252994,1.9940563456767642,7.919128545380391,0.897046830428141,-8.822827023986326,-9.4579813317896,-10.455236199550978,4.678321397551827,-4.985483992623497,6.176046791032442,2.363680629462145,-2.7132072231738795,4.834070626100347,-3.1472905178603354,2.6331963079874723,-1.6031671416593303,4.674428033065042,7.3627673193726935,-4.245201813050791,5.57160831085147,-12.046256499324638,-1.6321955537044943,-9.07295688601405,-12.65473008776064,-2.717380881429929,-13.960486634487374,1.5571350111079203,-2.6825281156596796,13.644860969958716,6.088889386826675,3.7478221475555893
-36.125186152272164,-11.579758995714478,29.78282434581364,-10.906238794184324,-13.139571744721952,-27.523314998860062,10.201548414458486,-1.5330807440283658,11.83940678920751,7.284054040338899,5.047576284437007,-42.37116820757838,16.693174137853802,4.596370286872839,-5.7295731290366225,-20.82557618506258,-5.254885772687742,23.326241312654872,25.16425628014658,26.339907568314697,-11.254082488022515,11.886894083282145,-17.681635463121687,-3.7402415030515814,7.3477324017996715,-16.615045822174125,8.382751970567057,-5.536956511455945,4.679352262506019,-11.258971319292735,-18.76862545351295,11.761021803975929,-12.046256499324638,32.958150715650724,3.3866458650507623,21.763510674892686,34.989759714608056,7.291670277146778,36.415084033685424,-2.736388586472302,5.754676909126026,-36.46350064256668,-21.48510664834128,-8.420904066467159
-3.9647209244341393,-1.171756677947019,2.877789830899779,-0.9755435310686478,-1.507014077652261,-2.978752846320502,0.9672319122147438,-0.19301692652864555,0.9731837325826381,1.2260510930606343,0.1282592495399704,-4.305875468678444,1.9275839366295384,0.09088240476908693,-0.5509454043522776,-2.2429588556387268,-0.1895182833901827,2.499151660736322,2.674359664484248,2.987783453520784,-1.347182647749921,1.440449677428288,-1.7144680420799394,-0.722713962803098,0.7651301687222299,-1.2859494224300219,0.8906397861581049,-0.7768397235387138,0.445193307021475,-1.34379443426241,-2.097141953665612,1.1912966848600364,-1.6321955537044943,3.3866458650507623,0.48693589969599693,2.6206209280181723,3.552396616593785,0.7650937523751762,3.957870456715812,-0.4713568423977083,0.7948101180228921,-3.8510483189288363,-1.6155476698415958,-1.0875892550500985
-24.427259360209842,-7.737136402234988,19.37441535883463,-6.638655671431941,-9.269380091356547,-18.57701519651242,6.499788296016814,-1.0319547599191334,7.096949173193341,6.16885621047676,2.265109574900858,-27.861964892160117,11.757238775609627,2.2045096178793004,-3.540031341377145,-14.094485098944258,-2.3682110296910883,15.569023512832054,17.186581329213926,18.165672800427906,-8.106650021829198,8.260206435495167,-11.31908873555375,-3.454257135351155,4.76237898935481,-9.90096350624364,5.739213881220816,-4.2908599115379165,3.166696967469603,-7.8192711621248545,-12.731976389074301,7.874934246971676,-9.07295688601405,21.763510674892686,2.6206209280181723,15.59568589811153,23.141974024290175,4.752425723424403,24.73108388871707,-2.3946927539948772,4.2827467902029,-24.362533679816423,-12.71685544249928,-6.2034811222466075
-38.097549896931376,-12.462616254435781,31.944054239866702,-11.450820482337082,-14.066268868506985,-29.143991023091388,10.848972965529237,-1.525109254384053,12.6132275388339,7.578762464904856,5.533189054746404,-45.01988113283069,17.788135086453533,5.29692582948587,-5.933964996910667,-22.130593142804738,-5.565027100789544,24.59595781985701,27.04164933281999,27.843815784588084,-12.032623476449581,12.316983010007167,-18.71724292233499,-3.890684190206207,7.666935820675991,-17.913767456037952,9.027533030592867,-5.864720683533458,5.180062758699933,-11.72432576689677,-19.708475943311687,12.670018047911308,-12.65473008776064,34.989759714608056,3.552396616593785,23.141974024290175,37.34554723074148,7.611123842881372,38.66012116540428,-2.8997066964707434,5.95454760946942,-38.65705362182456,-23.251733471137598,-8.868847385553318
-8.140012429999995,-2.4490172025590775,6.386674342524947,-2.5146368697151877,-2.811712227903749,-6.126003907296882,2.252729866243249,-0.40522042406807557,2.6134161644730667,1.6691922667749661,1.0365693354509713,-9.354751185425346,3.6279531155601097,0.7710567947582819,-1.3726539622496445,-4.583555823655326,-1.206440691885223,5.264916319724508,5.336712666918787,5.88072475509399,-2.41341649437467,2.813655078643527,-3.9585303213415157,-0.8491311389771059,1.7155342971545948,-3.5312072109772403,1.76488118325467,-1.2143482749269647,0.8947850665336206,-2.62840128736052,-4.282789166530112,2.478732377173067,-2.717380881429929,7.291670277146778,0.7650937523751762,4.752425723424403,7.611123842881372,1.7000019169665588,8.035692994198518,-0.5906751363155428,1.3583202519502606,-8.0941106813608,-4.512040848349555,-1.8892467764107526
-40.271733349365334,-12.826528004520327,32.70188381925421,-11.750588931652004,-14.840574775358414,-30.646501301536677,11.136794850488503,-1.7163406271870847,12.667150218213074,8.837478219123634,4.947336120344422,-46.74602438388617,18.86849648140492,4.555954604048222,-6.21282380866085,-23.208815866291538,-5.187330964821377,25.88175430108948,28.09300113899698,29.55033099633451,-12.810015914804165,13.39355300408739,-19.344073383745993,-4.704862661279526,8.078498671266878,-17.726159652313697,9.364670728815064,-6.480458801500949,5.192049859468594,-12.689748106072145,-20.95098313755235,13.038715210449281,-13.960486634487374,36.415084033685424,3.957870456715812,24.73108388871707,38.66012116540428,8.035692994198518,40.635423054935885,-3.3528730590474165,6.635801383520166,-40.46234466192342,-22.848456488694495,-9.684487010948521
3.3043128034844136,0.9862700211056079,-2.2938781260498198,0.6472607265040146,1.3633351203038686,2.487842062132208,-0.7305886781350384,0.1478800523430201,-0.6298404602096047,-1.2792482232943492,0.11524842521164863,3.458150633023785,-1.730942620406567,0.06687141048194137,0.37558160902005894,1.890489594941119,-0.09556351666813774,-2.03597750361396,-2.327905060486145,-2.5753079493267257,1.251527024377975,-1.2204060408184336,1.3030530836739396,0.7930539570075802,-0.5827441165920935,0.8298520232554798,-0.7794269141079896,0.7674015079456176,-0.4016441002131159,1.1449350685187687,1.7478528731289322,-1.0065631512529174,1.5571350111079203,-2.736388586472302,-0.4713568423977083,-2.3946927539948772,-2.8997066964707434,-0.5906751363155428,-3.3528730590474165,0.514711140771723,-0.729592970010618,3.1704725033869905,1.0246342827293973,1.0174332784131594
-6.760933254533998,-1.914787848122062,4.8024364313537315,-1.7775540636697122,-2.440057870348405,-5.0391705653828724,1.6665761140040996,-0.3644874920769702,1.7291171293986733,1.968772059216102,0.28888321380450316,-7.317657253808552,3.1538641569356294,0.1012773276350055,-1.024276584000547,-3.7575851073784348,-0.4673490413504592,4.2901910555719995,4.3468187905055,5.025430940419275,-2.1705017073850477,2.512090455092728,-2.9803114389934904,-1.1310071038145972,1.363466405167257,-2.2157089229818205,1.4378999881792724,-1.2434619921957781,0.6652083278916023,-2.3202773155395118,-3.6045669759186914,1.938874735126816,-2.6825281156596796,5.754676909126026,0.7948101180228921,4.2827467902029,5.95454760946942,1.3583202519502606,6.635801383520166,-0.729592970010618,1.349632472263467,-6.527310475706982,-2.764803034421552,-1.7924915474422762
40.19178078634485,12.778676869323128,-32.77237809521255,11.973313111552086,14.643637505371112,30.57321080976275,-11.22365137994366,1.7340077851512512,-12.908133741464122,-8.44145703149105,-5.264590000891213,46.83816082816945,-18.635156056595555,-4.7445909131658235,6.32985593664627,23.121466737547063,5.551662338876631,-25.899905624450334,-27.875486778198113,-29.366455746747455,12.589672841545607,-13.345492148585901,19.494757837852898,4.407399243522103,-8.148480586167604,18.0352721811642,-9.28341725946804,6.286235963713772,-5.128284080147604,12.62800626461813,20.916241900569904,-12.980501256746825,13.644860969958716,-36.46350064256668,-3.8510483189288363,-24.362533679816423,-38.65705362182456,-8.0941106813608,-40.46234466192342,3.1704725033869905,-6.527310475706982,40.432644922003,23.26443857732341,9.50077805065977
22.182510400010777,7.851718269605457,-20.596790731177286,7.507556972184268,8.095983058220645,17.239503516199086,-6.997603137901531,0.7203056026284883,-8.75049756438772,-2.6255015190176425,-5.095582358484175,27.86158327626793,-10.087707729817824,-5.09793073340021,3.674738086175264,13.180876543293973,4.796452236603211,-14.58175023781536,-16.480807716355184,-15.891158460806606,6.680455026061382,-6.4817072362079085,11.84592970949119,0.9720406001028327,-4.578191615265592,12.873971483272701,-5.518934329202662,2.7612705812364258,-3.4755887531343794,6.272932842254775,11.268501224865954,-7.979142272638872,6.088889386826675,-21.48510664834128,-1.6155476698415958,-12.71685544249928,-23.251733471137598,-4.512040848349555,-22.848456488694495,1.0246342827293973,-2.764803034421552,23.26443857732341,16.99095788763541,4.482357043928612
9.661452071926089,2.9296620491687113,-7.298403997159837,2.5431176991803213,3.625330094494077,7.28501963614436,-2.470249124519215,0.44917173642914626,-2.6134219119654203,-2.6708413600565097,-0.6268734770272423,10.745927981517031,-4.644526153435376,-0.5280695937452548,1.4031785180256657,5.5015812457662925,0.7546779040582952,-6.123743306489278,-6.591523144295587,-7.201601825795693,3.2050113187959854,-3.3936776822231147,4.353345132977535,1.5292690929480335,-1.8871528763841083,3.5423781949043778,-2.1943392881959465,1.7654691276193322,-1.141097572290951,3.1943605959420656,5.077880509123791,-2.9814220624784245,3.7478221475555893,-8.420904066467159,-1.0875892550500985,-6.2034811222466075,-8.868847385553318,-1.8892467764107526,-9.684487010948521,1.0174332784131594,-1.7924915474422762,9.50077805065977,4.482357043928612,2.5396748284994035
