V1,V2,V3,V4,V5,V6,V7,V8,V9,V10,V11,V12,V13,V14,V15,V16,V17,V18,V19,V20,V21,V22,V23,V24,V25,V26,V27,V28,V29,V30,V31,V32,V33,V34,V35,V36,V37,V38,V39,V40,V41,V42,V43,V44
117.03454302175103,36.99761223501487,-95.31788716827897,35.48006218021812,42.110227569848306,88.81721933953067,-32.34007538007197,5.097692330754158,-37.75910333230712,-23.67241557411787,-15.71836025211001,136.19639467020534,-53.8974153346289,-14.461437214603409,18.78846248959614,66.74131908565032,16.736900829654868,-75.54815685584917,-80.13815804109679,-84.66669393284228,35.86290283174521,-38.67203286754417,57.06494763279127,12.076688837883621,-24.038960976248724,52.82127879466446,-26.76000318724059,17.687147850173027,-14.499390937226343,36.633844873400385,60.93259637897763,-37.57134468854068,38.56484375303203,-106.06308269003095,-11.195692493918884,-69.92106035903291,-112.3230563477833,-23.740100314019152,-117.04192241633724,8.753179356692941,-18.86493642729121,117.5033582395334,68.12343527272657,27.128716976463956
36.99761223501487,12.28115988147008,-31.14838928464602,10.76165832433914,14.00723893975336,28.38111277480664,-10.374481859016122,1.4080599689599513,-11.926030667272057,-7.802782495265462,-5.028167042245179,43.57178951008039,-17.663481509487283,-5.233083437345189,5.532562251875028,21.580411717172854,4.913709606018042,-23.80870973270803,-26.700146191760517,-27.179193208939903,11.98330876309269,-11.82562401679327,17.954574777262877,4.067179991173752,-7.287011843980697,17.131017704071724,-8.899071287691998,5.918981116519552,-5.223084847323603,11.323304926764981,19.074652013119128,-12.479916930974163,12.571654120368034,-33.935650898369076,-3.566067384904074,-22.917855688680692,-36.35013265544329,-7.278114264619919,-37.753595952741,3.0464049473205033,-5.86723280120265,37.58431561125387,22.285893863084155,8.871603189139218
-95.31788716827897,-31.14838928464602,79.4137945601508,-28.10127190860804,-35.50604122423686,-72.8880651150081,26.672123503756296,-3.810185728173206,30.78534633127176,19.856497470035215,12.931465190861065,-111.86583093843524,44.94856524149597,12.877091326373778,-14.593263001556284,-55.24083117040209,-13.015349004496443,61.420490707845005,67.6786095500405,69.75207534489581,-30.355411998612567,30.848524749588364,-46.34041700746012,-10.276680393419742,19.031256694096854,-43.798002148917746,22.54538442582902,-15.000481416196804,12.938918929864313,-29.408433823123808,-49.311003643295294,31.632154939785032,-32.14615802164504,87.12530052780387,9.138836639303303,58.37331665763629,92.94422752697167,18.955716259902033,96.68287414036736,-7.626600681284696,15.216946644810774,-96.49845193589032,-56.82879463842258,-22.6476720007368
35.48006218021812,10.76165832433914,-28.10127190860804,11.117703876872698,12.219435555729996,26.67890444910629,-9.624982522203457,1.6973156380309982,-11.418542271523817,-6.908843626710796,-4.697561164965916,40.84630010656735,-15.873171037476306,-3.9347670745537857,6.014276084504539,19.812619094636187,5.339852270972796,-22.961407162498226,-23.18897381617214,-25.28313932434641,10.337141290034937,-12.00117682681656,17.360328456936827,3.4454535281818464,-7.540530363324893,15.655327413893517,-7.769120724161175,5.082547647669288,-3.879312985560022,11.287909549103961,18.61523410225772,-10.921346937312345,11.328051218017947,-31.811378957362425,-3.395503710732877,-20.53947924064364,-33.384919127327805,-7.367756617380332,-34.84844964784881,2.428817023255862,-5.795505155061009,35.25854740217208,20.04448951497672,7.970992852661948
42.110227569848306,14.00723893975336,-35.50604122423686,12.219435555729996,15.990352921632345,32.32402656853802,-11.865803010215929,1.5972223304769733,-13.596870954820341,-8.919532743713953,-5.739413080025023,49.6328368248636,-20.132511680138627,-5.934734953718334,6.277103722708349,24.6257009787987,5.603300824184507,-27.0877507174969,-30.487776300826678,-30.99710850178262,13.692464629994067,-13.46036981744437,20.43187246223119,4.652319807380015,-8.262684270025874,19.536994631524166,-10.13198621565581,6.7750438361596395,-5.992637926691009,12.892859575029478,21.697165392187642,-14.233890705324223,14.379529699471224,-38.66765189945985,-4.029615564679371,-26.125261963448622,-41.40847876450353,-8.291433337075654,-43.04744604257155,3.478672049649011,-6.668501681121619,42.822146604929124,25.419519219748256,10.158844710430602
88.81721933953067,28.38111277480664,-72.8880651150081,26.67890444910629,32.32402656853802,67.60677265946562,-24.760808589679048,3.795538918279686,-28.745963978007975,-18.186090348709083,-11.995097998414796,103.69070079679041,-41.187442205213515,-11.22145706623684,14.051177950832287,50.99830090275995,12.598844328917568,-57.33255696080096,-61.59512722388802,-64.61602446347813,27.59802353284037,-29.215251644255336,43.288432252158955,9.305618183605892,-18.060766023155203,40.36367307456408,-20.49255936597985,13.64321097778514,-11.378571984739246,27.712458715053664,46.15677225558362,-28.79175180146557,29.62257451600969,-80.77341728331388,-8.43395586682828,-53.47182256255669,-85.6501948354236,-17.93529110955349,-89.32953129050263,6.8098330604463175,-14.291662142014674,89.48997196097554,52.15609449174529,20.8618845110662
-32.34007538007197,-10.374481859016122,26.672123503756296,-9.624982522203457,-11.865803010215929,-24.760808589679048,9.674068880928257,-1.4529309725508612,10.850935819635477,6.861649878312304,4.579100389374983,-38.18582451979373,14.850473310653925,3.492083732580553,-5.08996531756501,-19.084086570334577,-4.872455403648237,20.896046529422676,22.93073773498678,24.194077395062383,-10.400816734414999,10.949358875156065,-15.82076969230051,-3.588243498354526,6.442646761250474,-14.95172340866586,7.440811797366829,-5.253600748959414,4.384013355327131,-10.28049822823835,-16.82682400145906,10.488902179062142,-11.523458735020299,29.72190889792448,2.8034194766243283,19.698105449032262,31.314674873531278,6.61488023452181,33.09586116791816,-2.587358866202577,5.206710286997121,-32.895259776608725,-19.313986095856517,-7.942195066668303
5.097692330754158,1.4080599689599513,-3.810185728173206,1.6973156380309982,1.5972223304769733,3.795538918279686,-1.4529309725508612,0.33866721063357935,-1.7121328210781948,-0.9781197951533243,-0.6728575273630242,5.7300153835694445,-2.1147301898204027,-0.351329167300571,0.9741349595972085,2.797000055079712,0.9638249058331474,-3.3608450834436754,-3.026293956483451,-3.6362430804487245,1.3378353039621043,-1.8652221543911724,2.527701529721056,0.402113870227838,-1.1281165243147822,2.1802401963559466,-0.9089471997889655,0.6844576870982079,-0.4373568259883195,1.721740316243263,2.7180412582768714,-1.3750101257252112,1.6538952141881353,-4.537002245741651,-0.382449624705094,-2.656527954492018,-4.498885220366652,-1.1847683861448637,-4.913375832570779,0.2884432268526386,-0.8849674860036463,5.054108459655468,2.747874611734561,1.2543142051959637
-37.75910333230712,-11.926030667272057,30.78534633127176,-11.418542271523817,-13.596870954820341,-28.745963978007975,10.850935819635477,-1.7121328210781948,12.446203990052448,7.772793105731964,5.202605707265068,-44.18938897408749,17.24504351828095,4.270485422384867,-6.070043145816567,-21.831546986076223,-5.619112221474543,24.419180778861847,26.08794009882584,27.73634863446997,-11.748994792613459,12.710601030053947,-18.466189038091272,-3.9965010155776826,7.697636686500458,-17.183878777299935,8.58663326978076,-5.865916165243247,4.7940860404540295,-11.955918903116512,-19.693149837191765,12.070840974094525,-12.90182662145183,34.40234480053749,3.4355613813429433,22.639335459066405,36.25468841403958,7.726841601129792,38.08509032001923,-2.884925682676169,6.114152183425523,-38.1004017435326,-22.152016993429932,-8.970008750224592
-23.67241557411787,-7.802782495265462,19.856497470035215,-6.908843626710796,-8.919532743713953,-18.186090348709083,6.861649878312304,-0.9781197951533243,7.772793105731964,5.077354146084648,3.2579584535348647,-27.8854921234783,11.212367970735002,3.0906602423958285,-3.591477878081455,-13.934051666860906,-3.3508801897889233,15.274676125044705,17.063864765021666,17.57379348494593,-7.679919140750387,7.7065427014371535,-11.52252422342097,-2.5900686057114775,4.629654460321962,-11.003713783869381,5.536301458151065,-3.8479686686770314,3.3588413765825256,-7.356232952354364,-12.22045703131671,7.874767149372662,-8.27266214519087,21.79159594611473,2.114817397801093,14.515786210914834,23.0919388283335,4.77444191043963,24.28790507980419,-1.9395007923708194,3.7751709876349255,-24.160160021257074,-14.276024893888822,-5.914483643861884
-15.71836025211001,-5.028167042245179,12.931465190861065,-4.697561164965916,-5.739413080025023,-11.995097998414796,4.579100389374983,-0.6728575273630242,5.202605707265068,3.2579584535348647,2.217171485128069,-18.54347088399102,7.195973333193157,1.7664660053331118,-2.472554532894643,-9.173891887160707,-2.2745464173026515,10.133997338862867,11.063678563260353,11.640423393854606,-5.009213273810342,5.293096847939132,-7.673128150907293,-1.7414508852420945,3.1792680892801943,-7.210692562264366,3.6852990541108737,-2.5000972070704948,2.071986286493665,-4.9533269164386535,-8.189414088812011,5.120623690767462,-5.451626562982874,14.37748696245644,1.4672917407873303,9.630084785361532,15.275453980424864,3.162854045768108,15.950007535482555,-1.2459390026865487,2.5335640489489184,-15.880476282376712,-9.337435883784654,-3.674536526056294
136.19639467020534,43.57178951008039,-111.86583093843524,40.84630010656735,49.6328368248636,103.69070079679041,-38.18582451979373,5.7300153835694445,-44.18938897408749,-27.8854921234783,-18.54347088399102,159.47020440558921,-63.079237631885725,-16.90707260031126,21.46732408455767,78.43666312969428,19.185980481646716,-87.80160240076138,-94.86628627999877,-99.34874279842457,42.627422749461736,-44.91466994726851,66.38685160783291,14.568324580788468,-27.6819626775499,62.01023627904872,-31.791224078951323,21.06158025604786,-17.565217466834948,42.51610265705149,70.805296155694,-44.342210654438226,45.6842780812542,-123.93214625592177,-13.053188075737339,-82.57872564736427,-131.8234199663287,-27.303999457819852,-137.20426521299746,10.542501737399926,-21.827424917960897,137.1915589310239,80.13165458999765,31.650812062480828
-53.8974153346289,-17.663481509487283,44.94856524149597,-15.873171037476306,-20.132511680138627,-41.187442205213515,14.850473310653925,-2.1147301898204027,17.24504351828095,11.212367970735002,7.195973333193157,-63.079237631885725,25.626270022784787,7.5778619242374585,-8.22643652840049,-31.115689830363966,-7.244479472660256,34.6944042623435,38.22845787297916,39.210809900621726,-17.098470201935495,17.23273207857421,-26.172800181883726,-5.756511212394527,10.738319721930138,-24.72678074400947,12.751259444249978,-8.418675929660294,7.31355829363732,-16.548930087513835,-27.82562833176954,17.94391214868516,-17.955961263180757,49.187478976941286,5.2061392292151885,32.920912436992715,52.52893738187333,10.693055787257387,54.58354800876942,-4.281356884300574,8.544635028702576,-54.53660404708464,-32.04812531606548,-12.833073252647862
-14.461437214603409,-5.233083437345189,12.877091326373778,-3.9347670745537857,-5.934734953718334,-11.22145706623684,3.492083732580553,-0.351329167300571,4.270485422384867,3.0906602423958285,1.7664660053331118,-16.90707260031126,7.5778619242374585,3.283778642505596,-1.874414047084133,-8.272011278115137,-1.3931168724954037,9.289779085678248,10.958208041508891,10.269851875003111,-4.781303579066878,3.9673827495098957,-6.901728266295661,-1.4973858726572413,2.7274675950494585,-6.784120088644468,3.7370646167311303,-2.2673352261464617,2.308907084123286,-4.023948911283595,-7.281950887550205,5.295907074098643,-4.457787208276051,13.295008113164146,1.6273447295427474,9.21567650699695,14.617419513551244,2.6417872339539423,14.777829220150384,-1.297575832843383,2.260633091005062,-14.792125290033342,-8.995397504429068,-3.5111904953774484
18.78846248959614,5.532562251875028,-14.593263001556284,6.014276084504539,6.277103722708349,14.051177950832287,-5.08996531756501,0.9741349595972085,-6.070043145816567,-3.591477878081455,-2.472554532894643,21.46732408455767,-8.22643652840049,-1.874414047084133,3.308240808562471,10.375986234940132,2.9769568000538276,-12.193589762995597,-11.891639870458643,-13.301903817087325,5.288404757312232,-6.481671923839106,9.219867854798334,1.7372011317180893,-4.069388968434925,8.17675418503173,-3.94269258350488,2.6085845581643716,-1.8827635616357,6.064858683232576,9.907410817135982,-5.592454048659387,5.92865924845337,-16.75177736844826,-1.7497851594893625,-10.597165695512418,-17.394452025166892,-3.9985551180460175,-18.267753901263294,1.2057660319347865,-3.1055135001335477,18.579971283508083,10.414588843372186,4.211697292300034
66.74131908565032,21.580411717172854,-55.24083117040209,19.812619094636187,24.6257009787987,50.99830090275995,-19.084086570334577,2.797000055079712,-21.831546986076223,-13.934051666860906,-9.173891887160707,78.43666312969428,-31.115689830363966,-8.272011278115137,10.375986234940132,38.85582157876158,9.466145424329836,-43.028766706770114,-47.17722987185558,-49.135580130532354,21.24955911704299,-21.987810320765604,32.53117978093759,7.268159557331342,-13.360920060893815,30.66704700021652,-15.619398442432152,10.572424648221842,-8.95867971452252,20.84800904780415,34.620410139610065,-21.908121137063027,22.882980985354962,-61.03698539429698,-6.201621281911701,-40.719796780063945,-64.83784783527013,-13.404219376866724,-67.79789664882583,5.296051362080839,-10.664257433415887,67.5899113836371,39.67179442532544,15.946327440193658
16.736900829654868,4.913709606018042,-13.015349004496443,5.339852270972796,5.603300824184507,12.598844328917568,-4.872455403648237,0.9638249058331474,-5.619112221474543,-3.3508801897889233,-2.2745464173026515,19.185980481646716,-7.244479472660256,-1.3931168724954037,2.9769568000538276,9.466145424329836,2.917682577822972,-10.935083953068055,-10.69991192568664,-12.168296887041125,4.786538504447547,-5.944978679713062,8.255068221888566,1.53763375142451,-3.5539435815668985,7.3900759143013195,-3.319889689585419,2.4399855977025844,-1.7662521203741528,5.527429234189912,8.834982444928116,-4.877083142260734,5.647150528404194,-15.088114179227759,-1.325161657256325,-9.3029365886552835,-15.333838664370688,-3.713393000130282,-16.530525761072262,1.0940511653990812,-2.814373969059916,16.764725934552292,9.402221285502238,4.129045214765879
-75.54815685584917,-23.80870973270803,61.420490707845005,-22.961407162498226,-27.0877507174969,-57.33255696080096,20.896046529422676,-3.3608450834436754,24.419180778861847,15.274676125044705,10.133997338862867,-87.80160240076138,34.6944042623435,9.289779085678248,-12.193589762995597,-43.028766706770114,-10.935083953068055,48.846866778608764,51.5219896543865,54.65154291096706,-23.03078779509636,25.038821559902686,-36.86380297070788,-7.695263968586112,15.552954755988841,-34.05440358778225,17.11440456407386,-11.374948691482588,9.286288107336,-23.693554065900564,-39.364587024789635,24.112586070390236,-24.890313248461467,68.45588585360518,7.157478317602874,44.90349537725063,72.28540659042072,15.416133983839565,75.48229421983008,-5.620625795118002,12.24612945391248,-75.8693986439531,-43.916421938825486,-17.621068768066433
-80.13815804109679,-26.700146191760517,67.6786095500405,-23.18897381617214,-30.487776300826678,-61.59512722388802,22.93073773498678,-3.026293956483451,26.08794009882584,17.063864765021666,11.063678563260353,-94.86628627999877,38.22845787297916,10.958208041508891,-11.891639870458643,-47.17722987185558,-10.69991192568664,51.5219896543865,58.42982373119048,59.38465235934938,-26.35048836902144,25.781902329887902,-38.92710613168218,-9.08464222941289,15.672270067534827,-37.344107511552544,19.483181757042438,-13.068718363150497,11.561838553119147,-24.616011090314252,-41.32019218308624,27.179212223686367,-27.785188410911253,73.73716501277383,7.631884242703267,50.100251336075736,79.10079658311965,15.685713498340501,82.26936190648937,-6.726443339192636,12.64595725529262,-81.61084584919149,-48.56893972784878,-19.287840323938394
-84.66669393284228,-27.179193208939903,69.75207534489581,-25.28313932434641,-30.99710850178262,-64.61602446347813,24.194077395062383,-3.6362430804487245,27.73634863446997,17.57379348494593,11.640423393854606,-99.34874279842457,39.210809900621726,10.269851875003111,-13.301903817087325,-49.135580130532354,-12.168296887041125,54.65154291096706,59.38465235934938,62.24816273102411,-26.733817993802667,28.069548726365415,-41.30613229906848,-9.114042366561854,17.06790893422439,-38.76401772368066,19.643487226618607,-13.302800727924767,11.151582775118671,-26.535113733659568,-43.99880472820527,27.562365161849346,-28.934177330065623,77.32380427616948,7.8495445652424785,51.368535609650856,81.94870046655606,17.096518140733654,85.75791193598592,-6.640983557228693,13.606509940230898,-85.61889265934389,-50.11755247037854,-20.149721955018556
35.86290283174521,11.98330876309269,-30.355411998612567,10.337141290034937,13.692464629994067,27.59802353284037,-10.400816734414999,1.3378353039621043,-11.748994792613459,-7.679919140750387,-5.009213273810342,42.627422749461736,-17.098470201935495,-4.781303579066878,5.288404757312232,21.24955911704299,4.786538504447547,-23.03078779509636,-26.35048836902144,-26.733817993802667,11.928352036170171,-11.586963271446695,17.429169219650714,4.1680566108546735,-6.980866059653916,16.78634218283333,-8.811930266611128,5.927913850371329,-5.25373722946464,11.039089032171557,18.492340862785543,-12.224892914048365,12.603582747801218,-33.06598027673889,-3.403361296249463,-22.600574607051247,-35.54531811783489,-6.977801000021803,-36.97066806568679,3.0546912228235263,-5.6314630931957215,36.572394949802664,21.829359856071182,8.618071242643373
-38.67203286754417,-11.82562401679327,30.848524749588364,-12.00117682681656,-13.46036981744437,-29.215251644255336,10.949358875156065,-1.8652221543911724,12.710601030053947,7.7065427014371535,5.293096847939132,-44.91466994726851,17.23273207857421,3.9673827495098957,-6.481671923839106,-21.987810320765604,-5.944978679713062,25.038821559902686,25.781902329887902,28.069548726365415,-11.586963271446695,13.268223999894214,-18.9516111300901,-3.9295469730496735,8.114396628672647,-17.281885276611234,8.544514926001296,-5.7656063842075405,4.457537647384313,-12.387618877592569,-20.296734603303342,11.987564720687969,-12.878619634692662,34.93241029676459,3.5640706913773044,22.696519833930154,36.62048674371954,8.036710704123132,38.43046770747282,-2.764205888475014,6.329586351780059,-38.66593662913191,-22.17718264174967,-8.87994235507225
57.06494763279127,17.954574777262877,-46.34041700746012,17.360328456936827,20.43187246223119,43.288432252158955,-15.82076969230051,2.527701529721056,-18.466189038091272,-11.52252422342097,-7.673128150907293,66.38685160783291,-26.172800181883726,-6.901728266295661,9.219867854798334,32.53117978093759,8.255068221888566,-36.86380297070788,-38.92710613168218,-41.30613229906848,17.429169219650714,-18.9516111300901,27.85705937117947,5.874588949403104,-11.757910931018635,25.725164424096487,-12.985954955237652,8.60534064334165,-7.003024684681447,17.924182703228485,29.747195009237732,-18.22052629646333,18.839439398393914,-51.69000715733618,-5.422464717814218,-33.99140869869898,-54.651551049008845,-11.609445745947996,-57.03066106473593,4.2450882480356364,-9.215899756716695,57.27569769357255,33.13880155485453,13.227710146419682
12.076688837883621,4.067179991173752,-10.276680393419742,3.4454535281818464,4.652319807380015,9.305618183605892,-3.588243498354526,0.402113870227838,-3.9965010155776826,-2.5900686057114775,-1.7414508852420945,14.568324580788468,-5.756511212394527,-1.4973858726572413,1.7372011317180893,7.268159557331342,1.53763375142451,-7.695263968586112,-9.08464222941289,-9.114042366561854,4.1680566108546735,-3.9295469730496735,5.874588949403104,1.5525943427502042,-2.3373332942914335,5.712904973518485,-3.1532323529210267,2.0622356672124305,-1.8336333273722316,3.722318203341572,6.231958937540346,-4.21871835702687,4.35941998692932,-11.16275384882953,-1.2023174230737803,-7.887483838402212,-12.204916656695126,-2.2435630343995907,-12.567335139223005,1.0753000983290537,-1.8380479756305113,12.305826665109233,7.412943417633677,2.751447345192354
-24.038960976248724,-7.287011843980697,19.031256694096854,-7.540530363324893,-8.262684270025874,-18.060766023155203,6.442646761250474,-1.1281165243147822,7.697636686500458,4.629654460321962,3.1792680892801943,-27.6819626775499,10.738319721930138,2.7274675950494585,-4.069388968434925,-13.360920060893815,-3.5539435815668985,15.552954755988841,15.672270067534827,17.06790893422439,-6.980866059653916,8.114396628672647,-11.757910931018635,-2.3373332942914335,5.145649848842233,-10.576394303586678,5.323791194589658,-3.4086703357009407,2.595893153210078,-7.614506825823715,-12.624055408006821,7.416377771431255,-7.584789864492112,21.514734290320277,2.375887855912705,13.968284493768738,22.66866702465198,4.9455025188428055,23.530179373673988,-1.6476021971654822,3.9350577410612844,-23.825755861044158,-13.56018982040389,-5.270829187428131
52.82127879466446,17.131017704071724,-43.798002148917746,15.655327413893517,19.536994631524166,40.36367307456408,-14.95172340866586,2.1802401963559466,-17.183878777299935,-11.003713783869381,-7.210692562264366,62.01023627904872,-24.72678074400947,-6.784120088644468,8.17675418503173,30.66704700021652,7.3900759143013195,-34.05440358778225,-37.344107511552544,-38.76401772368066,16.78634218283333,-17.281885276611234,25.725164424096487,5.712904973518485,-10.576394303586678,24.252131441907725,-12.396696548548006,8.326259133476347,-7.09573795478948,16.423453909807353,27.376608799287663,-17.390168685879527,17.962657786296727,-48.27504589584389,-4.971736661730457,-32.232208611311336,-51.35141067688052,-10.57258456192725,-53.590190957091586,4.193546598168788,-8.440483898415119,53.470207313235406,31.399465870320732,12.584588951212481
-26.76000318724059,-8.899071287691998,22.54538442582902,-7.769120724161175,-10.13198621565581,-20.49255936597985,7.440811797366829,-0.9089471997889655,8.58663326978076,5.536301458151065,3.6852990541108737,-31.791224078951323,12.751259444249978,3.7370646167311303,-3.94269258350488,-15.619398442432152,-3.319889689585419,17.11440456407386,19.483181757042438,19.643487226618607,-8.811930266611128,8.544514926001296,-12.985954955237652,-3.1532323529210267,5.323791194589658,-12.396696548548006,6.8088372427620225,-4.291470349312828,3.7816546966536824,-8.140460775852208,-13.824128864708213,9.191217777160643,-9.046262607739926,24.47474673368422,2.8049469867653736,17.032471601213693,26.690718591106183,5.023519943205352,27.288096275203063,-2.2555583302938134,4.155413884220505,-27.02391913068883,-16.109662425585217,-5.937148281386423
17.687147850173027,5.918981116519552,-15.000481416196804,5.082547647669288,6.7750438361596395,13.64321097778514,-5.253600748959414,0.6844576870982079,-5.865916165243247,-3.8479686686770314,-2.5000972070704948,21.06158025604786,-8.418675929660294,-2.2673352261464617,2.6085845581643716,10.572424648221842,2.4399855977025844,-11.374948691482588,-13.068718363150497,-13.302800727924767,5.927913850371329,-5.7656063842075405,8.60534064334165,2.0622356672124305,-3.4086703357009407,8.326259133476347,-4.291470349312828,2.9760125750633883,-2.637602315104335,5.483617362250808,9.117637859677016,-6.011303382320205,6.353084352167999,-16.37408139681321,-1.5997331401723036,-11.126944900204508,-17.502708311688632,-3.49018973379579,-18.34178909966722,1.518607623790102,-2.7884197541258366,18.11793832067203,10.828413281444375,4.383453756833255
-14.499390937226343,-5.223084847323603,12.938918929864313,-3.879312985560022,-5.992637926691009,-11.378571984739246,4.384013355327131,-0.4373568259883195,4.7940860404540295,3.3588413765825256,2.071986286493665,-17.565217466834948,7.31355829363732,2.308907084123286,-1.8827635616357,-8.95867971452252,-1.7662521203741528,9.286288107336,11.561838553119147,11.151582775118671,-5.25373722946464,4.457537647384313,-7.003024684681447,-1.8336333273722316,2.595893153210078,-7.09573795478948,3.7816546966536824,-2.637602315104335,2.5648793834583947,-4.32820219342853,-7.352388606450208,5.300909570539252,-5.433454973014185,13.675561114096334,1.321162552746876,9.60330547032355,14.854931000243878,2.7224003490416466,15.506523094547203,-1.4184945413410124,2.224854830917103,-15.137370157275603,-9.339723310387512,-3.8038574750012217
36.633844873400385,11.323304926764981,-29.408433823123808,11.287909549103961,12.892859575029478,27.712458715053664,-10.28049822823835,1.721740316243263,-11.955918903116512,-7.356232952354364,-4.9533269164386535,42.51610265705149,-16.548930087513835,-4.023948911283595,6.064858683232576,20.84800904780415,5.527429234189912,-23.693554065900564,-24.616011090314252,-26.535113733659568,11.039089032171557,-12.387618877592569,17.924182703228485,3.722318203341572,-7.614506825823715,16.423453909807353,-8.140460775852208,5.483617362250808,-4.32820219342853,11.658099920649073,19.161770463353605,-11.472664749981979,12.153756100383555,-33.11974025898678,-3.378556480906973,-21.549758102452728,-34.782570335422285,-7.579518566996203,-36.49370086938811,2.64290321186632,-5.94665281291089,36.701027672449946,21.078890619524085,8.517947012523944
60.93259637897763,19.074652013119128,-49.311003643295294,18.61523410225772,21.697165392187642,46.15677225558362,-16.82682400145906,2.7180412582768714,-19.693149837191765,-12.22045703131671,-8.189414088812011,70.805296155694,-27.82562833176954,-7.281950887550205,9.907410817135982,34.620410139610065,8.834982444928116,-39.364587024789635,-41.32019218308624,-43.99880472820527,18.492340862785543,-20.296734603303342,29.747195009237732,6.231958937540346,-12.624055408006821,27.376608799287663,-13.824128864708213,9.117637859677016,-7.352388606450208,19.161770463353605,31.798906648027955,-19.371743713625108,19.998838819019696,-55.10620333217305,-5.8314667111128555,-36.19904246424479,-58.25261725715053,-12.414076136505633,-60.71888504957746,4.485447907289423,-9.863351555584694,61.04025832107289,35.25669485486601,13.993917552567575
-37.57134468854068,-12.479916930974163,31.632154939785032,-10.921346937312345,-14.233890705324223,-28.79175180146557,10.488902179062142,-1.3750101257252112,12.070840974094525,7.874767149372662,5.120623690767462,-44.342210654438226,17.94391214868516,5.295907074098643,-5.592454048659387,-21.908121137063027,-4.877083142260734,24.112586070390236,27.179212223686367,27.562365161849346,-12.224892914048365,11.987564720687969,-18.22052629646333,-4.21871835702687,7.416377771431255,-17.390168685879527,9.191217777160643,-6.011303382320205,5.300909570539252,-11.472664749981979,-19.371743713625108,12.755837636165522,-12.719804083976436,34.42040095765006,3.721218050911603,23.463745554728085,37.08306961446814,7.2933866968097885,38.313862457507796,-3.1032334983876053,5.90795078484792,-38.08206451244088,-22.61316501693144,-8.80124713656296
38.56484375303203,12.571654120368034,-32.14615802164504,11.328051218017947,14.379529699471224,29.62257451600969,-11.523458735020299,1.6538952141881353,-12.90182662145183,-8.27266214519087,-5.451626562982874,45.6842780812542,-17.955961263180757,-4.457787208276051,5.92865924845337,22.882980985354962,5.647150528404194,-24.890313248461467,-27.785188410911253,-28.934177330065623,12.603582747801218,-12.878619634692662,18.839439398393914,4.35941998692932,-7.584789864492112,17.962657786296727,-9.046262607739926,6.353084352167999,-5.433454973014185,12.153756100383555,19.998838819019696,-12.719804083976436,13.812238964273595,-35.549913177050456,-3.377488035688871,-23.759554932598693,-37.63219057494758,-7.785217183630764,-39.69103109410521,3.1769942494139354,-6.161477002272146,39.356991549153506,23.25102582689654,9.537601493428973
-106.06308269003095,-33.935650898369076,87.12530052780387,-31.811378957362425,-38.66765189945985,-80.77341728331388,29.72190889792448,-4.537002245741651,34.40234480053749,21.79159594611473,14.37748696245644,-123.93214625592177,49.187478976941286,13.295008113164146,-16.75177736844826,-61.03698539429698,-15.088114179227759,68.45588585360518,73.73716501277383,77.32380427616948,-33.06598027673889,34.93241029676459,-51.69000715733618,-11.16275384882953,21.514734290320277,-48.27504589584389,24.47474673368422,-16.37408139681321,13.675561114096334,-33.11974025898678,-55.10620333217305,34.42040095765006,-35.549913177050456,96.5510068991488,10.009279042709219,63.94047998846185,102.3480954183065,21.439602423588052,106.83254770692275,-8.165112949167254,17.06122336807222,-106.95288151717114,-62.39793999782492,-25.01653245305319
-11.195692493918884,-3.566067384904074,9.138836639303303,-3.395503710732877,-4.029615564679371,-8.43395586682828,2.8034194766243283,-0.382449624705094,3.4355613813429433,2.114817397801093,1.4672917407873303,-13.053188075737339,5.2061392292151885,1.6273447295427474,-1.7497851594893625,-6.201621281911701,-1.325161657256325,7.157478317602874,7.631884242703267,7.8495445652424785,-3.403361296249463,3.5640706913773044,-5.422464717814218,-1.2023174230737803,2.375887855912705,-4.971736661730457,2.8049469867653736,-1.5997331401723036,1.321162552746876,-3.378556480906973,-5.8314667111128555,3.721218050911603,-3.377488035688871,10.009279042709219,1.3251893803170454,6.921123111792438,10.981760079292954,2.0921569646151035,10.976859756456959,-0.8414545591882467,1.7684836529269188,-11.03450557222244,-6.444889641926046,-2.172067934969557
-69.92106035903291,-22.917855688680692,58.37331665763629,-20.53947924064364,-26.125261963448622,-53.47182256255669,19.698105449032262,-2.656527954492018,22.639335459066405,14.515786210914834,9.630084785361532,-82.57872564736427,32.920912436992715,9.21567650699695,-10.597165695512418,-40.719796780063945,-9.3029365886552835,44.90349537725063,50.100251336075736,51.368535609650856,-22.600574607051247,22.696519833930154,-33.99140869869898,-7.887483838402212,13.968284493768738,-32.232208611311336,17.032471601213693,-11.126944900204508,9.60330547032355,-21.549758102452728,-36.19904246424479,23.463745554728085,-23.759554932598693,63.94047998846185,6.921123111792438,43.541255963275546,68.79475744920153,13.618055080323126,71.10085452851534,-5.704967540795284,11.045484570228865,-70.68281624215945,-41.826634308338335,-16.103390784718062
-112.3230563477833,-36.35013265544329,92.94422752697167,-33.384919127327805,-41.40847876450353,-85.6501948354236,31.314674873531278,-4.498885220366652,36.25468841403958,23.0919388283335,15.275453980424864,-131.8234199663287,52.52893738187333,14.617419513551244,-17.394452025166892,-64.83784783527013,-15.333838664370688,72.28540659042072,79.10079658311965,81.94870046655606,-35.54531811783489,36.62048674371954,-54.651551049008845,-12.204916656695126,22.66866702465198,-51.35141067688052,26.690718591106183,-17.502708311688632,14.854931000243878,-34.782570335422285,-58.25261725715053,37.08306961446814,-37.63219057494758,102.3480954183065,10.981760079292954,68.79475744920153,109.44427697732756,22.232482434249984,113.4601787221072,-8.865134063992391,17.88394530766682,-113.26009172025971,-66.49357367096223,-25.9839565204269
-23.740100314019152,-7.278114264619919,18.955716259902033,-7.367756617380332,-8.291433337075654,-17.93529110955349,6.61488023452181,-1.1847683861448637,7.726841601129792,4.77444191043963,3.162854045768108,-27.303999457819852,10.693055787257387,2.6417872339539423,-3.9985551180460175,-13.404219376866724,-3.713393000130282,15.416133983839565,15.685713498340501,17.096518140733654,-6.977801000021803,8.036710704123132,-11.609445745947996,-2.2435630343995907,4.9455025188428055,-10.57258456192725,5.023519943205352,-3.49018973379579,2.7224003490416466,-7.579518566996203,-12.414076136505633,7.2933866968097885,-7.785217183630764,21.439602423588052,2.0921569646151035,13.618055080323126,22.232482434249984,5.0665352510450425,23.525151546879645,-1.6467319080122365,3.919128832333905,-23.79876540245031,-13.578413445792657,-5.727175535670529
-117.04192241633724,-37.753595952741,96.68287414036736,-34.84844964784881,-43.04744604257155,-89.32953129050263,33.09586116791816,-4.913375832570779,38.08509032001923,24.28790507980419,15.950007535482555,-137.20426521299746,54.58354800876942,14.777829220150384,-18.267753901263294,-67.79789664882583,-16.530525761072262,75.48229421983008,82.26936190648937,85.75791193598592,-36.97066806568679,38.43046770747282,-57.03066106473593,-12.567335139223005,23.530179373673988,-53.590190957091586,27.288096275203063,-18.34178909966722,15.506523094547203,-36.49370086938811,-60.71888504957746,38.313862457507796,-39.69103109410521,106.83254770692275,10.976859756456959,71.10085452851534,113.4601787221072,23.525151546879645,118.50448152254368,-9.191251884818753,18.725586442171487,-118.34480141782105,-69.30469692985352,-27.830829529355217
8.753179356692941,3.0464049473205033,-7.626600681284696,2.428817023255862,3.478672049649011,6.8098330604463175,-2.587358866202577,0.2884432268526386,-2.884925682676169,-1.9395007923708194,-1.2459390026865487,10.542501737399926,-4.281356884300574,-1.297575832843383,1.2057660319347865,5.296051362080839,1.0940511653990812,-5.620625795118002,-6.726443339192636,-6.640983557228693,3.0546912228235263,-2.764205888475014,4.2450882480356364,1.0753000983290537,-1.6476021971654822,4.193546598168788,-2.2555583302938134,1.518607623790102,-1.4184945413410124,2.64290321186632,4.485447907289423,-3.1032334983876053,3.1769942494139354,-8.165112949167254,-0.8414545591882467,-5.704967540795284,-8.865134063992391,-1.6467319080122365,-9.191251884818753,0.8178012718741944,-1.3669488034101482,9.025080249062404,5.501549039538288,2.150098080962925
-18.86493642729121,-5.86723280120265,15.216946644810774,-5.795505155061009,-6.668501681121619,-14.291662142014674,5.206710286997121,-0.8849674860036463,6.114152183425523,3.7751709876349255,2.5335640489489184,-21.827424917960897,8.544635028702576,2.260633091005062,-3.1055135001335477,-10.664257433415887,-2.814373969059916,12.24612945391248,12.64595725529262,13.606509940230898,-5.6314630931957215,6.329586351780059,-9.215899756716695,-1.8380479756305113,3.9350577410612844,-8.440483898415119,4.155413884220505,-2.7884197541258366,2.224854830917103,-5.94665281291089,-9.863351555584694,5.90795078484792,-6.161477002272146,17.06122336807222,1.7684836529269188,11.045484570228865,17.88394530766682,3.919128832333905,18.725586442171487,-1.3669488034101482,3.1226830169311564,-18.905320374856988,-10.90121693399025,-4.409064330283682
117.5033582395334,37.58431561125387,-96.49845193589032,35.25854740217208,42.822146604929124,89.48997196097554,-32.895259776608725,5.054108459655468,-38.1004017435326,-24.160160021257074,-15.880476282376712,137.1915589310239,-54.53660404708464,-14.792125290033342,18.579971283508083,67.5899113836371,16.764725934552292,-75.8693986439531,-81.61084584919149,-85.61889265934389,36.572394949802664,-38.66593662913191,57.27569769357255,12.305826665109233,-23.825755861044158,53.470207313235406,-27.02391913068883,18.11793832067203,-15.137370157275603,36.701027672449946,61.04025832107289,-38.08206451244088,39.356991549153506,-106.95288151717114,-11.03450557222244,-70.68281624215945,-113.26009172025971,-23.79876540245031,-118.34480141782105,9.025080249062404,-18.905320374856988,118.52625585134474,69.0828598672619,27.837177299125944
68.12343527272657,22.285893863084155,-56.82879463842258,20.04448951497672,25.419519219748256,52.15609449174529,-19.313986095856517,2.747874611734561,-22.152016993429932,-14.276024893888822,-9.337435883784654,80.13165458999765,-32.04812531606548,-8.995397504429068,10.414588843372186,39.67179442532544,9.402221285502238,-43.916421938825486,-48.56893972784878,-50.11755247037854,21.829359856071182,-22.17718264174967,33.13880155485453,7.412943417633677,-13.56018982040389,31.399465870320732,-16.109662425585217,10.828413281444375,-9.339723310387512,21.078890619524085,35.25669485486601,-22.61316501693144,23.25102582689654,-62.39793999782492,-6.444889641926046,-41.826634308338335,-66.49357367096223,-13.578413445792657,-69.30469692985352,5.501549039538288,-10.90121693399025,69.0828598672619,40.77104154793414,16.299060527834786
27.128716976463956,8.871603189139218,-22.6476720007368,7.970992852661948,10.158844710430602,20.8618845110662,-7.942195066668303,1.2543142051959637,-8.970008750224592,-5.914483643861884,-3.674536526056294,31.650812062480828,-12.833073252647862,-3.5111904953774484,4.211697292300034,15.946327440193658,4.129045214765879,-17.621068768066433,-19.287840323938394,-20.149721955018556,8.618071242643373,-8.87994235507225,13.227710146419682,2.751447345192354,-5.270829187428131,12.584588951212481,-5.937148281386423,4.383453756833255,-3.8038574750012217,8.517947012523944,13.993917552567575,-8.80124713656296,9.537601493428973,-25.01653245305319,-2.172067934969557,-16.103390784718062,-25.9839565204269,-5.727175535670529,-27.830829529355217,2.150098080962925,-4.409064330283682,27.837177299125944,16.299060527834786,7.265452086063149
