V1,V2,V3,V4,V5,V6,V7,V8,V9,V10,V11,V12,V13,V14,V15,V16,V17,V18,V19,V20,V21,V22,V23,V24,V25,V26,V27,V28,V29,V30,V31,V32,V33,V34,V35,V36,V37,V38,V39,V40,V41,V42,V43,V44
127.2728255182094,40.97751385382381,-104.41383174796479,37.71662320994234,44.79003179852174,95.11142349527277,-34.79102293293108,6.733609968241593,-40.86707722064997,-26.80322861782691,-16.657564016036428,146.5714209957422,-58.27040904375551,-15.18111723367887,19.473568060850976,71.51992071082739,17.241152821591083,-82.22037208622389,-88.3676641278888,-91.5579623667619,39.60923372105877,-40.869251301189344,60.504812785854874,12.596398276796867,-24.520073409576717,56.76573226154598,-29.513017755167215,19.566172581225945,-16.890246397622448,39.63593318828668,65.35748889065506,-41.13073271974476,42.19453404061276,-115.43459895399769,-12.068062958494213,-75.77202462940589,-122.39807450164898,-26.377564826056872,-127.8438418499525,10.133969357286466,-18.973838022345138,127.68173952061926,72.70672016304488,29.507116731170644
40.97751385382381,13.307999823691855,-33.93178333432385,12.050372874475256,14.4266874230383,30.6910442627229,-11.207521975287547,2.213159672747276,-13.238962996674195,-8.577359384304481,-5.54903109519372,47.32977236225792,-18.39772761210759,-5.12197122633248,6.165675161896899,22.891045945603167,5.448295974658138,-26.68631171777566,-28.521241417165903,-29.628802547639925,12.73128691715957,-13.314556027995966,19.389502817564413,3.8817644868178194,-7.975478918323817,18.239768760378606,-9.527734017122041,6.285744673222388,-5.460950322559057,12.61591677419959,21.117278038168184,-13.236783911663318,13.534722104298563,-37.3211503139089,-4.088357613681541,-24.590725602144136,-39.58664404538553,-8.532388580579985,-40.99542974871051,3.394461679760768,-6.430793377268619,41.07979279707616,23.778679161144698,9.268738803910928
-104.41383174796479,-33.93178333432385,86.69804790523371,-30.771580027892146,-37.37237452000706,-78.82416184297875,28.87101964856541,-5.191406249567318,33.882912265703126,21.685314045574767,14.370950892353155,-121.4177481731461,47.172173288049315,13.379538401167272,-15.816438964314543,-58.95215415097177,-14.065871586144647,67.96712210860267,72.9827765675543,75.98066060754923,-32.5926806901848,34.2144829288437,-49.85948347202449,-10.209134634037298,20.69315917554195,-46.9250339097486,24.367835995857966,-16.108072180748835,13.883408287637408,-32.123903349591146,-54.02358987363916,33.91286337904743,-34.70054711175189,95.3183885020407,10.440428820612961,63.19219406097381,101.21512765510174,21.469268663113425,104.69650088264741,-8.618070686196466,16.849728093320355,-104.93389379073089,-61.42646177255607,-23.741106173260043
37.71662320994234,12.050372874475256,-30.771580027892146,11.306735042377522,13.544815419577178,28.411154725677168,-10.449932637229214,1.7459533750196634,-12.105658976770497,-7.912116029175696,-4.8712342575873135,43.686314977894256,-17.749734838050514,-4.433907149561076,5.912572526151293,21.614192745207223,5.2917086229315675,-24.157076172472607,-26.267430738811168,-27.21262256621959,11.823064777577914,-12.094721279239344,18.21600376154521,4.047660259172841,-7.365689099180712,17.072677343911895,-8.76891548132625,5.862314118005214,-4.978335479868862,11.872910505522624,19.3884018840449,-12.28891792704414,12.641805623500666,-34.17774958819524,-3.3982578258350067,-22.53011355105314,-36.274678200991445,-7.6553143480207115,-38.16083710894767,2.875547687917009,-5.537474134600458,37.99304495102412,21.595970594340063,9.017128025462453
44.79003179852174,14.4266874230383,-37.37237452000706,13.544815419577178,18.07294997023099,35.74492794146347,-13.433703013915133,0.6600800901798982,-14.863797406148977,-8.847494852039315,-6.5637532163215715,54.579896079939694,-21.877518486241573,-6.393603373829697,7.369318082572037,27.63097550604143,6.807097061437894,-28.631797922475396,-32.18825469628659,-33.93002088797306,14.576179129612441,-15.353703081602335,23.084227704530846,5.762271187454854,-9.926326906674975,21.64790581338725,-10.691706135781452,7.237795353376587,-5.78159041192264,13.994560458908575,23.77883436233149,-15.129060896363773,15.758882706627993,-41.263209879022206,-4.202864811518116,-28.48367553468186,-44.23450633248765,-8.230406678635159,-46.011650393167315,3.2997162803518583,-8.169576873399164,45.92486296048373,28.429246098468106,11.017242978978123
95.11142349527277,30.6910442627229,-78.82416184297875,28.411154725677168,35.74492794146347,73.35668226764102,-27.174355633962204,3.366688050826863,-31.0635749968869,-19.416270659498245,-13.247574031866407,112.55747728249565,-44.69322251640819,-12.513978975820267,15.001709004297577,55.79257209789898,13.564567696501353,-61.26632620130883,-67.14865599827995,-70.1806640784474,30.209248067467854,-31.581162237382678,46.926671972065996,10.620942888104842,-19.65322755357157,44.05428859303336,-22.370973544646308,14.965769410962947,-12.481590075945208,29.57664450842736,49.63941592482698,-31.387539756284223,32.39090118057227,-86.9864927531637,-9.082572268467008,-58.52795511214363,-92.70330367102103,-18.701634855721213,-96.454031277302,7.389270777948857,-15.830617381226865,96.38031594904596,57.34280784488144,22.546522534277972
-34.79102293293108,-11.207521975287547,28.87101964856541,-10.449932637229214,-13.433703013915133,-27.174355633962204,10.128731133187625,-0.9569993380535325,11.42090866532237,7.020222056409589,4.914373094758847,-41.615559254409185,16.631885671137333,4.696017552612589,-5.5931507050292435,-20.822565793581813,-5.096624460436297,22.3212273740474,24.713900139234507,25.904259460739368,-11.158478930477422,11.673472088338947,-17.459224460957792,-4.128356561453528,7.370504620276626,-16.37910406142695,8.22428777016455,-5.536570787458758,4.534690974167178,-10.857970012049643,-18.26136893639908,11.582584215194442,-12.007440655306638,31.878483618844854,3.2811986079976116,21.651207087464925,34.05622359396275,6.670609489360836,35.478375148954754,-2.626244929730496,5.962326913879033,-35.417131645118474,-21.345056341403563,-8.388485087247732
6.733609968241593,2.213159672747276,-5.191406249567318,1.7459533750196634,0.6600800901798982,3.366688050826863,-0.9569993380535325,1.660449032411082,-1.8335888134113913,-1.8452335671903566,-0.43211044356216777,5.591296313426631,-1.9123304306475173,-0.11312683454435703,0.5983059119704324,1.9015928853110866,0.30568399996348716,-4.667420495297967,-3.8967018950670576,-3.6499453975228566,1.615078214715741,-1.5128684838889768,1.829022126897729,-0.38383033597170846,-0.35965921810627094,1.7371437306979942,-1.3465218411285267,0.7603764300171538,-1.0156981983417002,2.0158516804144475,2.9246336122034986,-1.676283980344851,1.5393346685732192,-5.6996916020043304,-0.7656406615892586,-2.7378196175253784,-5.705679559104432,-2.1874319647035243,-5.9300848908323704,0.787902897300855,-0.026975801615299104,6.000969583853825,1.885804720624959,0.9901675378921789
-40.86707722064997,-13.238962996674195,33.882912265703126,-12.105658976770497,-14.863797406148977,-31.0635749968869,11.42090866532237,-1.8335888134113913,13.285806634474842,8.442434234728504,5.637782053700383,-47.78257700625999,18.72931874207689,5.263837554467931,-6.281951971080244,-23.37148028918509,-5.622125859536296,26.493414336456752,28.655892251472284,29.864220652336186,-12.830128764206536,13.436466422696741,-19.73889307026417,-4.186486388391323,8.20954849265795,-18.55415647397438,9.558513518234655,-6.343900581571592,5.410803398818491,-12.621377648669862,-21.200249571396583,13.343680106135475,-13.693650566421274,37.32066953887341,4.003249991770574,24.852523850853398,39.66422831401869,8.282496244615404,41.139057977464276,-3.305092782548524,6.636236569200523,-41.183361972105935,-24.20850393273781,-9.442374518319138
-26.80322861782691,-8.577359384304481,21.685314045574767,-7.912116029175696,-8.847494852039315,-19.416270659498245,7.020222056409589,-1.8452335671903566,8.442434234728504,5.837009978159195,3.2401719697507048,-30.05394416860941,12.099022174369978,2.811074166747148,-4.012963817259437,-14.506283224067865,-3.4749463837589185,17.29419501590942,18.309849767928068,18.79713101362196,-8.19265395502186,8.292552204549683,-12.330654634379039,-2.4080073084575075,4.791176180237526,-11.541290596716243,6.129229565663107,-4.030371592534913,3.5829895971378676,-8.41770099081841,-13.548812509556472,8.48726817719728,-8.684632082645352,24.085671817374447,2.4627038723412085,15.407836095051794,25.421484727795885,5.796412753429197,26.740091969717493,-2.150762377911048,3.45987165409563,-26.64931501133932,-14.418242633112815,-6.162303705223368
-16.657564016036428,-5.54903109519372,14.370950892353155,-4.8712342575873135,-6.5637532163215715,-13.247574031866407,4.914373094758847,-0.43211044356216777,5.637782053700383,3.2401719697507048,2.7218317021802862,-20.309433047901532,7.424419374617654,2.695032358882109,-2.522946699685696,-9.857251077135126,-2.316412748883284,11.027570805040039,12.022426957517984,12.758486089101067,-5.329877193872739,5.900789325342111,-8.320707555997371,-1.7381925360662764,3.75196593078894,-7.880238756946174,3.9969449756600404,-2.633066244768398,2.206578416672,-4.9375554326041975,-8.918447871866732,5.575204875552529,-5.697478613180149,15.582569552229431,1.8836597770638488,10.79561440959167,16.65236759285129,3.2057479034667993,16.74889391534009,-1.495186833502412,3.4689479101304195,-16.957309632625883,-10.996922019577257,-3.674387705801988
146.5714209957422,47.32977236225792,-121.4177481731461,43.686314977894256,54.579896079939694,112.55747728249565,-41.615559254409185,5.591296313426631,-47.78257700625999,-30.05394416860941,-20.309433047901532,172.8477579833292,-68.46959463013265,-19.10906229529435,22.975611989825786,85.40021892664107,20.69437089234544,-94.54096400054488,-103.26351353451592,-107.83548183560335,46.414375092650424,-48.504028011251336,71.900687600645,16.03075895168182,-30.015800904801836,67.49841512651682,-34.41431270309449,22.972197250921713,-19.268854886436525,45.540229116784495,76.36655988541797,-48.20619726228736,49.71412441034485,-133.95369336631651,-14.068903497345785,-89.84445828493104,-142.67127177479455,-29.05874953899863,-148.36329789760265,11.48935201750862,-24.1510457271205,148.29557644500952,87.84325668522645,34.5395764029982
-58.27040904375551,-18.39772761210759,47.172173288049315,-17.749734838050514,-21.877518486241573,-44.69322251640819,16.631885671137333,-1.9123304306475173,18.72931874207689,12.099022174369978,7.424419374617654,-68.46959463013265,28.723805551098,6.811693953886912,-9.565941034478572,-34.69902451264135,-8.670896722493097,36.76297648010077,40.88649585319519,42.44857642388412,-18.58942102326457,18.777728919268306,-29.060037552410794,-7.168965938408983,11.733805253752179,-27.1255551614603,13.621703811081847,-9.23416074234609,7.567933535851253,-18.674894296611797,-30.13329566290187,19.254113666594073,-20.0327914910373,52.73152355612151,4.844929536570261,35.15997255616531,56.181263747883946,11.306871729199294,59.72030047982955,-4.043296044283287,8.52427586354654,-59.16601624134091,-33.790439176716866,-14.650526656471348
-15.18111723367887,-5.12197122633248,13.379538401167272,-4.433907149561076,-6.393603373829697,-12.513978975820267,4.696017552612589,-0.11312683454435703,5.263837554467931,2.811074166747148,2.695032358882109,-19.10906229529435,6.811693953886912,2.775215606857147,-2.3418103461299067,-9.349201573292012,-2.1906871782288593,10.11049666700627,11.173316438671797,11.992256864439904,-4.962001817228694,5.631412793506654,-7.842303923367232,-1.7281095118229968,3.6858115083791843,-7.454223174901586,3.708055335920051,-2.4629845094431033,1.9920385713571382,-4.431496195833427,-8.292752171735302,5.196912352250378,-5.3293717875925655,14.377023376010325,1.828326123408921,10.25819027118365,15.470327151987417,2.7589620118190985,15.360675599248333,-1.3617508661941011,3.6042211962579382,-15.614443453816643,-10.717296475188046,-3.3290891846499964
19.473568060850976,6.165675161896899,-15.816438964314543,5.912572526151293,7.369318082572037,15.001709004297577,-5.5931507050292435,0.5983059119704324,-6.281951971080244,-4.012963817259437,-2.522946699685696,22.975611989825786,-9.565941034478572,-2.3418103461299067,3.2083200412938693,11.631514653246303,2.90287109950367,-12.30452009599513,-13.689202931615688,-14.24135197148364,6.235327337160023,-6.3243115152253075,9.747858704791929,2.390944516241575,-3.960146505980088,9.089853086335681,-4.5555971522118295,3.0931694414188975,-2.521886649346077,6.214647400658891,10.100572473665006,-6.4416295116970534,6.724961855666078,-17.63446755696243,-1.6521511945374736,-11.809663587979653,-18.812906365016048,-3.764356924889216,-19.954463989324605,1.3454510728406326,-2.9386465574030725,19.789339330516942,11.411637028247041,4.872477217741091
71.51992071082739,22.891045945603167,-58.95215415097177,21.614192745207223,27.63097550604143,55.79257209789898,-20.822565793581813,1.9015928853110866,-23.37148028918509,-14.506283224067865,-9.857251077135126,85.40021892664107,-34.69902451264135,-9.349201573292012,11.631514653246303,43.0191323513936,10.611481130705533,-45.60459404547906,-50.727538441178254,-53.074163343697364,22.96823361832629,-23.799020551401142,36.018398109549786,8.748197024511732,-15.054126368804319,33.73890583998129,-16.883057354282258,11.405455444064213,-9.291887588519526,22.528626328593138,37.449444187403145,-23.826910589224795,24.752204829285205,-65.34749140177759,-6.4828319600155755,-44.277602146988265,-69.80813650806701,-13.642909493919523,-73.16977848170474,5.22834908563669,-11.840141455694592,72.85883990283617,43.41869398868848,17.556338022451587
17.241152821591083,5.448295974658138,-14.065871586144647,5.2917086229315675,6.807097061437894,13.564567696501353,-5.096624460436297,0.30568399996348716,-5.622125859536296,-3.4749463837589185,-2.316412748883284,20.69437089234544,-8.670896722493097,-2.1906871782288593,2.90287109950367,10.611481130705533,2.68270014053518,-10.844897947251422,-12.256216974758473,-12.805000043032766,5.588681994511889,-5.703334990000184,8.855854412761497,2.2924510918291423,-3.6733097949751743,8.275179321614116,-4.0738050205577725,2.7879375135180267,-2.2224083431931274,5.508697722856359,9.020603934796364,-5.802624720025215,6.050941608437687,-15.700925536879334,-1.431756156741073,-10.679678395272518,-16.78260788479006,-3.20094392092822,-17.809754817016856,1.1616941686829396,-2.765195491329808,17.651191837661273,10.437146661495934,4.414558241725485
-82.22037208622389,-26.68631171777566,67.96712210860267,-24.157076172472607,-28.631797922475396,-61.26632620130883,22.3212273740474,-4.667420495297967,26.493414336456752,17.29419501590942,11.027570805040039,-94.54096400054488,36.76297648010077,10.11049666700627,-12.30452009599513,-45.60459404547906,-10.844897947251422,53.568217702807274,57.07652117364615,59.2076510321373,-25.452409893578476,26.569419019194225,-38.67241229134914,-7.622343105171673,15.826304884366921,-36.379947197326274,19.07460617063658,-12.56103049761048,10.978860802125666,-25.31708494576329,-42.26047759680467,26.47461926772203,-27.027138275936693,74.79625596713677,8.18293428297613,49.079683005694285,79.25345553854521,17.258113682572965,82.12777405033366,-6.845627224263125,12.669472075542714,-82.29206650871537,-47.29244325184322,-18.536717019456336
-88.3676641278888,-28.521241417165903,72.9827765675543,-26.267430738811168,-32.18825469628659,-67.14865599827995,24.713900139234507,-3.8967018950670576,28.655892251472284,18.309849767928068,12.022426957517984,-103.26351353451592,40.88649585319519,11.173316438671797,-13.689202931615688,-50.727538441178254,-12.256216974758473,57.07652117364615,61.92876271893999,64.4822665489173,-27.780537571207006,28.92642987775422,-42.805465322583906,-9.260986154129245,17.695310197545954,-40.186987707865114,20.655282517596973,-13.735016802027014,11.672537085709784,-27.445540665057514,-45.79825510087331,28.866041099468315,-29.682929255182348,80.57214892325263,8.466295670190636,53.59568651721898,85.64296385838442,17.84180845873322,89.139709278133,-7.02229118444151,14.065627510540846,-89.10121973111711,-52.053275154303165,-20.653873065451943
-91.5579623667619,-29.628802547639925,75.98066060754923,-27.21262256621959,-33.93002088797306,-70.1806640784474,25.904259460739368,-3.6499453975228566,29.864220652336186,18.79713101362196,12.758486089101067,-107.83548183560335,42.44857642388412,11.992256864439904,-14.24135197148364,-53.074163343697364,-12.805000043032766,59.2076510321373,64.4822665489173,67.34826965486269,-28.928583876747883,30.325099631270117,-44.739709609941805,-9.804936316064214,18.71038362039241,-42.01906735497825,21.491688704008904,-14.299714866173046,12.061390282060316,-28.35199065912062,-47.71016378631226,30.05459677853362,-30.95131134087939,83.74508658789593,8.901166028985774,56.110016489057664,89.14764287062557,18.24971046857064,92.48788501964793,-7.301974315067045,15.16335361909099,-92.53785760620285,-54.888772967832196,-21.39716426221476
39.60923372105877,12.73128691715957,-32.5926806901848,11.823064777577914,14.576179129612441,30.209248067467854,-11.158478930477422,1.615078214715741,-12.830128764206536,-8.19265395502186,-5.329877193872739,46.414375092650424,-18.58942102326457,-4.962001817228694,6.235327337160023,22.96823361832629,5.588681994511889,-25.452409893578476,-27.780537571207006,-28.928583876747883,12.517785689204633,-12.95269680235204,19.345959010887942,4.323511248060167,-7.962183438521703,18.125508646263643,-9.259336218708485,6.190741368118152,-5.201793325623885,12.38281870141962,20.5402368403257,-12.974029745600806,13.408827748580745,-36.04781097341873,-3.703730170352726,-24.029557886207105,-38.367946436134446,-7.912094172570852,-40.106698366702986,3.0377832925682235,-6.244372073840767,40.015008470519135,23.32285777269736,9.406579072722268
-40.869251301189344,-13.314556027995966,34.2144829288437,-12.094721279239344,-15.353703081602335,-31.581162237382678,11.673472088338947,-1.5128684838889768,13.436466422696741,8.292552204549683,5.900789325342111,-48.504028011251336,18.777728919268306,5.631412793506654,-6.3243115152253075,-23.799020551401142,-5.703334990000184,26.569419019194225,28.92642987775422,30.325099631270117,-12.95269680235204,13.746235814444033,-20.056335881903017,-4.3544034924389114,8.528427135429522,-18.871293227752197,9.637229073720217,-6.403242253390164,5.38381745605361,-12.544108935375592,-21.421451621536168,13.467353688397765,-13.857538635563504,37.550264406819146,4.1315485279039565,25.353425599110285,40.02780308407789,8.086199624485166,41.24055336493724,-3.328515365113394,7.156510009664215,-41.36814477934938,-25.037594088069532,-9.421944307574902
60.504812785854874,19.389502817564413,-49.85948347202449,18.21600376154521,23.084227704530846,46.926671972065996,-17.459224460957792,1.829022126897729,-19.73889307026417,-12.330654634379039,-8.320707555997371,71.900687600645,-29.060037552410794,-7.842303923367232,9.747858704791929,36.018398109549786,8.855854412761497,-38.67241229134914,-42.805465322583906,-44.739709609941805,19.345959010887942,-20.056335881903017,30.244199113016844,7.152111908190767,-12.604403146148018,28.314512901199183,-14.244494105342119,9.581146815850122,-7.885290727814599,18.98799124712915,31.623215849664856,-20.06215269630289,20.812804130465683,-55.24927073347841,-5.52710774757093,-37.27457275355714,-58.93568113425764,-11.6916727400015,-61.70050418776402,4.515168742212964,-9.915203762852233,61.492831948849286,36.47606297734595,14.713878627010775
12.596398276796867,3.8817644868178194,-10.209134634037298,4.047660259172841,5.762271187454854,10.620942888104842,-4.128356561453528,-0.38383033597170846,-4.186486388391323,-2.4080073084575075,-1.7381925360662764,16.03075895168182,-7.168965938408983,-1.7281095118229968,2.390944516241575,8.748197024511732,2.2924510918291423,-7.622343105171673,-9.260986154129245,-9.804936316064214,4.323511248060167,-4.3544034924389114,7.152111908190767,2.329326759633744,-3.0369022409392317,6.648671595167038,-3.0642366249865987,2.1769403987003555,-1.5420308107054839,4.211152479908156,6.7897554014599315,-4.463439544904877,4.785603800259318,-11.54663219800239,-0.8588706737938154,-8.246550285309056,-12.52856712843348,-1.9295623102145611,-13.53389058950996,0.6252106496257056,-2.220392028764904,13.268138182654678,8.245593971881119,3.6565995430120037
-24.520073409576717,-7.975478918323817,20.69315917554195,-7.365689099180712,-9.926326906674975,-19.65322755357157,7.370504620276626,-0.35965921810627094,8.20954849265795,4.791176180237526,3.75196593078894,-30.015800904801836,11.733805253752179,3.6858115083791843,-3.960146505980088,-15.054126368804319,-3.6733097949751743,15.826304884366921,17.695310197545954,18.71038362039241,-7.962183438521703,8.528427135429522,-12.604403146148018,-3.0369022409392317,5.526504983224963,-11.8610208935168,5.877660859881567,-3.954463709654101,3.1880208975614472,-7.542170004769086,-13.079889860635598,8.297273147740786,-8.587648353042884,22.73132039779208,2.430160877236421,15.768749548066173,24.352250062041445,4.522370021296796,25.079515046439326,-1.9208863805615821,4.725712966493106,-25.136159940747856,-15.879138618671023,-5.880417954270881
56.76573226154598,18.239768760378606,-46.9250339097486,17.072677343911895,21.64790581338725,44.05428859303336,-16.37910406142695,1.7371437306979942,-18.55415647397438,-11.541290596716243,-7.880238756946174,67.49841512651682,-27.1255551614603,-7.454223174901586,9.089853086335681,33.73890583998129,8.275179321614116,-36.379947197326274,-40.186987707865114,-42.01906735497825,18.125508646263643,-18.871293227752197,28.314512901199183,6.648671595167038,-11.8610208935168,26.56413790789403,-13.382129890017156,8.996526677560443,-7.420963361004157,17.757726815354527,29.67422599183567,-18.84067867827387,19.481236477183806,-51.91587650269668,-5.269014893185048,-35.062173713771365,-55.37277209663416,-10.987695170226644,-57.83234139143402,4.295165089162763,-9.432364856887876,57.68831669461651,34.37212268545516,13.708589574157607
-29.513017755167215,-9.527734017122041,24.367835995857966,-8.76891548132625,-10.691706135781452,-22.370973544646308,8.22428777016455,-1.3465218411285267,9.558513518234655,6.129229565663107,3.9969449756600404,-34.41431270309449,13.621703811081847,3.708055335920051,-4.5555971522118295,-16.883057354282258,-4.0738050205577725,19.07460617063658,20.655282517596973,21.491688704008904,-9.259336218708485,9.637229073720217,-14.244494105342119,-3.0642366249865987,5.877660859881567,-13.382129890017156,6.89328281118395,-4.5817769363694225,3.904160732991116,-9.167821701853514,-15.272538677093472,9.627852594804287,-9.886289592541466,26.897761856773073,2.8339951611119636,17.859631170002427,28.581502038410058,5.9842279629583075,29.747841985391755,-2.351846832410705,4.664009156363802,-29.735107897085555,-17.31799113977215,-6.878469258679429
19.566172581225945,6.285744673222388,-16.108072180748835,5.862314118005214,7.237795353376587,14.965769410962947,-5.536570787458758,0.7603764300171538,-6.343900581571592,-4.030371592534913,-2.633066244768398,22.972197250921713,-9.23416074234609,-2.4629845094431033,3.0931694414188975,11.405455444064213,2.7879375135180267,-12.56103049761048,-13.735016802027014,-14.299714866173046,6.190741368118152,-6.403242253390164,9.581146815850122,2.1769403987003555,-3.954463709654101,8.996526677560443,-4.5817769363694225,3.0786958019294004,-2.5733867105158086,6.1270003518021134,10.138124366371896,-6.435275891001311,6.634148448297653,-17.813255401450515,-1.8216330431151102,-11.901155067441298,-18.967555488436542,-3.8888591358382785,-19.852795397858905,1.4840536592866993,-3.0993770789583226,19.794739658706728,11.557863001998141,4.668421414512977
-16.890246397622448,-5.460950322559057,13.883408287637408,-4.978335479868862,-5.78159041192264,-12.481590075945208,4.534690974167178,-1.0156981983417002,5.410803398818491,3.5829895971378676,2.206578416672,-19.268854886436525,7.567933535851253,1.9920385713571382,-2.521886649346077,-9.291887588519526,-2.2224083431931274,10.978860802125666,11.672537085709784,12.061390282060316,-5.201793325623885,5.38381745605361,-7.885290727814599,-1.5420308107054839,3.1880208975614472,-7.420963361004157,3.904160732991116,-2.5733867105158086,2.2667287011798165,-5.220495665219338,-8.626958318447715,5.422680178213673,-5.516148785184876,15.32065272014393,1.6383990682880263,9.978903823225508,16.198883467363157,3.5834361381019972,16.866376282313407,-1.4031312810975105,2.4801475073711745,-16.875053712667103,-9.53449011934048,-3.8287664606775222
39.63593318828668,12.61591677419959,-32.123903349591146,11.872910505522624,13.994560458908575,29.57664450842736,-10.857970012049643,2.0158516804144475,-12.621377648669862,-8.41770099081841,-4.9375554326041975,45.540229116784495,-18.674894296611797,-4.431496195833427,6.214647400658891,22.528626328593138,5.508697722856359,-25.31708494576329,-27.445540665057514,-28.35199065912062,12.38281870141962,-12.544108935375592,18.98799124712915,4.211152479908156,-7.542170004769086,17.757726815354527,-9.167821701853514,6.1270003518021134,-5.220495665219338,12.566030746493276,20.27253772310791,-12.82520256817905,13.237043504755754,-35.750267455101024,-3.5067044862774113,-23.3784966206107,-37.93371007292047,-8.131004075130393,-40.07094926782322,2.959731956535644,-5.510028815397087,39.82817979663239,22.20823940936842,9.505535467754841
65.35748889065506,21.117278038168184,-54.02358987363916,19.3884018840449,23.77883436233149,49.63941592482698,-18.26136893639908,2.9246336122034986,-21.200249571396583,-13.548812509556472,-8.918447871866732,76.36655988541797,-30.13329566290187,-8.292752171735302,10.100572473665006,37.449444187403145,9.020603934796364,-42.26047759680467,-45.79825510087331,-47.71016378631226,20.5402368403257,-21.421451621536168,31.623215849664856,6.7897554014599315,-13.079889860635598,29.67422599183567,-15.272538677093472,10.138124366371896,-8.626958318447715,20.27253772310791,33.89716281685842,-21.31950073927366,21.943078908959492,-59.603894113316656,-6.310516952360248,-39.64256539113472,-63.363827710529534,-13.217249834762299,-65.86446621220908,5.220336340262155,-10.44845507501052,65.86956108502618,38.529298297759816,15.214010591604545
-41.13073271974476,-13.236783911663318,33.91286337904743,-12.28891792704414,-15.129060896363773,-31.387539756284223,11.582584215194442,-1.676283980344851,13.343680106135475,8.48726817719728,5.575204875552529,-48.20619726228736,19.254113666594073,5.196912352250378,-6.4416295116970534,-23.826910589224795,-5.802624720025215,26.47461926772203,28.866041099468315,30.05459677853362,-12.974029745600806,13.467353688397765,-20.06215269630289,-4.463439544904877,8.297273147740786,-18.84067867827387,9.627852594804287,-6.435275891001311,5.422680178213673,-12.82520256817905,-21.31950073927366,13.498626001307263,-13.882733446530988,37.48948001825411,3.8686048969265667,25.004901495063518,39.871826251643085,8.22394113037622,41.62811707166267,-3.1955476731919603,6.5392511293973214,-41.55595104393447,-24.290307981801078,-9.734338140705674
42.19453404061276,13.534722104298563,-34.70054711175189,12.641805623500666,15.758882706627993,32.39090118057227,-12.007440655306638,1.5393346685732192,-13.693650566421274,-8.684632082645352,-5.697478613180149,49.71412441034485,-20.0327914910373,-5.3293717875925655,6.724961855666078,24.752204829285205,6.050941608437687,-27.027138275936693,-29.682929255182348,-30.95131134087939,13.408827748580745,-13.857538635563504,20.812804130465683,4.785603800259318,-8.587648353042884,19.481236477183806,-9.886289592541466,6.634148448297653,-5.516148785184876,13.237043504755754,21.943078908959492,-13.882733446530988,14.396318759456134,-38.418379501588575,-3.8924145502011855,-25.727225978000654,-40.94474843922149,-8.312602679480346,-42.87085091942007,3.1709515240461044,-6.719255340166317,42.73385351353013,25.03442693414571,10.142324463898122
-115.43459895399769,-37.3211503139089,95.3183885020407,-34.17774958819524,-41.263209879022206,-86.9864927531637,31.878483618844854,-5.6996916020043304,37.32066953887341,24.085671817374447,15.582569552229431,-133.95369336631651,52.73152355612151,14.377023376010325,-17.63446755696243,-65.34749140177759,-15.700925536879334,74.79625596713677,80.57214892325263,83.74508658789593,-36.04781097341873,37.550264406819146,-55.24927073347841,-11.54663219800239,22.73132039779208,-51.91587650269668,26.897761856773073,-17.813255401450515,15.32065272014393,-35.750267455101024,-59.603894113316656,37.48948001825411,-38.418379501588575,105.1469993078708,11.192369468955528,69.52044365302987,111.59464898703192,23.685690401507618,115.9958183537113,-9.355408798677425,18.059899090415694,-116.03976100887542,-67.25738884515614,-26.627920973284553
-12.068062958494213,-4.088357613681541,10.440428820612961,-3.3982578258350067,-4.202864811518116,-9.082572268467008,3.2811986079976116,-0.7656406615892586,4.003249991770574,2.4627038723412085,1.8836597770638488,-14.068903497345785,4.844929536570261,1.828326123408921,-1.6521511945374736,-6.4828319600155755,-1.431756156741073,8.18293428297613,8.466295670190636,8.901166028985774,-3.703730170352726,4.1315485279039565,-5.52710774757093,-0.8588706737938154,2.430160877236421,-5.269014893185048,2.8339951611119636,-1.8216330431151102,1.6383990682880263,-3.5067044862774113,-6.310516952360248,3.8686048969265667,-3.8924145502011855,11.192369468955528,1.5146614095357682,7.47805699391994,11.894368329580637,2.5954966922410545,11.800280923513796,-1.1840046277655787,2.335615381821427,-12.026444548097725,-7.472009690220054,-2.3661242218966203
-75.77202462940589,-24.590725602144136,63.19219406097381,-22.53011355105314,-28.48367553468186,-58.52795511214363,21.651207087464925,-2.7378196175253784,24.852523850853398,15.407836095051794,10.79561440959167,-89.84445828493104,35.15997255616531,10.25819027118365,-11.809663587979653,-44.277602146988265,-10.679678395272518,49.079683005694285,53.59568651721898,56.110016489057664,-24.029557886207105,25.353425599110285,-37.27457275355714,-8.246550285309056,15.768749548066173,-35.062173713771365,17.859631170002427,-11.901155067441298,9.978903823225508,-23.3784966206107,-39.64256539113472,25.004901495063518,-25.727225978000654,69.52044365302987,7.47805699391994,46.883449324780415,74.0847932559354,14.945233631804625,76.63340177205069,-6.075912251139579,13.009541164692607,-76.74846992511378,-46.15289726921784,-17.680425908560654
-122.39807450164898,-39.58664404538553,101.21512765510174,-36.274678200991445,-44.23450633248765,-92.70330367102103,34.05622359396275,-5.705679559104432,39.66422831401869,25.421484727795885,16.65236759285129,-142.67127177479455,56.181263747883946,15.470327151987417,-18.812906365016048,-69.80813650806701,-16.78260788479006,79.25345553854521,85.64296385838442,89.14764287062557,-38.367946436134446,40.02780308407789,-58.93568113425764,-12.52856712843348,24.352250062041445,-55.37277209663416,28.581502038410058,-18.967555488436542,16.198883467363157,-37.93371007292047,-63.363827710529534,39.871826251643085,-40.94474843922149,111.59464898703192,11.894368329580637,74.0847932559354,118.5877181791943,24.895260485803146,123.20550325988543,-9.833220370707046,19.47457639238369,-123.24237353622728,-71.90640051941757,-28.34197580139068
-26.377564826056872,-8.532388580579985,21.469268663113425,-7.6553143480207115,-8.230406678635159,-18.701634855721213,6.670609489360836,-2.1874319647035243,8.282496244615404,5.796412753429197,3.2057479034667993,-29.05874953899863,11.306871729199294,2.7589620118190985,-3.764356924889216,-13.642909493919523,-3.20094392092822,17.258113682572965,17.84180845873322,18.24971046857064,-7.912094172570852,8.086199624485166,-11.6916727400015,-1.9295623102145611,4.522370021296796,-10.987695170226644,5.9842279629583075,-3.8888591358382785,3.5834361381019972,-8.131004075130393,-13.217249834762299,8.22394113037622,-8.312602679480346,23.685690401507618,2.5954966922410545,14.945233631804625,24.895260485803146,5.965451996730923,25.964229438401517,-2.2694966105055316,3.3763494990153977,-25.997897419204033,-13.912213664784632,-5.738526638630964
-127.8438418499525,-40.99542974871051,104.69650088264741,-38.16083710894767,-46.011650393167315,-96.454031277302,35.478375148954754,-5.9300848908323704,41.139057977464276,26.740091969717493,16.74889391534009,-148.36329789760265,59.72030047982955,15.360675599248333,-19.954463989324605,-73.16977848170474,-17.809754817016856,82.12777405033366,89.139709278133,92.48788501964793,-40.106698366702986,41.24055336493724,-61.70050418776402,-13.53389058950996,25.079515046439326,-57.83234139143402,29.747841985391755,-19.852795397858905,16.866376282313407,-40.07094926782322,-65.86446621220908,41.62811707166267,-42.87085091942007,115.9958183537113,11.800280923513796,76.63340177205069,123.20550325988543,25.964229438401517,129.1550302336408,-9.847196432787827,19.231867963153803,-128.75687776995548,-73.73887398951,-30.27688277379806
10.133969357286466,3.394461679760768,-8.618070686196466,2.875547687917009,3.2997162803518583,7.389270777948857,-2.626244929730496,0.787902897300855,-3.305092782548524,-2.150762377911048,-1.495186833502412,11.48935201750862,-4.043296044283287,-1.3617508661941011,1.3454510728406326,5.22834908563669,1.1616941686829396,-6.845627224263125,-7.02229118444151,-7.301974315067045,3.0377832925682235,-3.328515365113394,4.515168742212964,0.6252106496257056,-1.9208863805615821,4.295165089162763,-2.351846832410705,1.4840536592866993,-1.4031312810975105,2.959731956535644,5.220336340262155,-3.1955476731919603,3.1709515240461044,-9.355408798677425,-1.1840046277655787,-6.075912251139579,-9.833220370707046,-2.2694966105055316,-9.847196432787827,1.0555275692680033,-1.7164806935415693,10.014878732051002,5.920839534677398,2.010507816935355
-18.973838022345138,-6.430793377268619,16.849728093320355,-5.537474134600458,-8.169576873399164,-15.830617381226865,5.962326913879033,-0.026975801615299104,6.636236569200523,3.45987165409563,3.4689479101304195,-24.1510457271205,8.52427586354654,3.6042211962579382,-2.9386465574030725,-11.840141455694592,-2.765195491329808,12.669472075542714,14.065627510540846,15.16335361909099,-6.244372073840767,7.156510009664215,-9.915203762852233,-2.220392028764904,4.725712966493106,-9.432364856887876,4.664009156363802,-3.0993770789583226,2.4801475073711745,-5.510028815397087,-10.44845507501052,6.5392511293973214,-6.719255340166317,18.059899090415694,2.335615381821427,13.009541164692607,19.47457639238369,3.3763494990153977,19.231867963153803,-1.7164806935415693,4.701268872972692,-19.582309713194654,-13.70646508052499,-4.149397194236379
127.68173952061926,41.07979279707616,-104.93389379073089,37.99304495102412,45.92486296048373,96.38031594904596,-35.417131645118474,6.000969583853825,-41.183361972105935,-26.64931501133932,-16.957309632625883,148.29557644500952,-59.16601624134091,-15.614443453816643,19.789339330516942,72.85883990283617,17.651191837661273,-82.29206650871537,-89.10121973111711,-92.53785760620285,40.015008470519135,-41.36814477934938,61.492831948849286,13.268138182654678,-25.136159940747856,57.68831669461651,-29.735107897085555,19.794739658706728,-16.875053712667103,39.82817979663239,65.86956108502618,-41.55595104393447,42.73385351353013,-116.03976100887542,-12.026444548097725,-76.74846992511378,-123.24237353622728,-25.997897419204033,-128.75687776995548,10.014878732051002,-19.582309713194654,128.53634892742835,74.06042390889237,29.94576890699082
72.70672016304488,23.778679161144698,-61.42646177255607,21.595970594340063,28.429246098468106,57.34280784488144,-21.345056341403563,1.885804720624959,-24.20850393273781,-14.418242633112815,-10.996922019577257,87.84325668522645,-33.790439176716866,-10.717296475188046,11.411637028247041,43.41869398868848,10.437146661495934,-47.29244325184322,-52.053275154303165,-54.888772967832196,23.32285777269736,-25.037594088069532,36.47606297734595,8.245593971881119,-15.879138618671023,34.37212268545516,-17.31799113977215,11.557863001998141,-9.53449011934048,22.20823940936842,38.529298297759816,-24.290307981801078,25.03442693414571,-67.25738884515614,-7.472009690220054,-46.15289726921784,-71.90640051941757,-13.912213664784632,-73.73887398951,5.920839534677398,-13.70646508052499,74.06042390889237,46.22169711999838,16.893725363513653
29.507116731170644,9.268738803910928,-23.741106173260043,9.017128025462453,11.017242978978123,22.546522534277972,-8.388485087247732,0.9901675378921789,-9.442374518319138,-6.162303705223368,-3.674387705801988,34.5395764029982,-14.650526656471348,-3.3290891846499964,4.872477217741091,17.556338022451587,4.414558241725485,-18.536717019456336,-20.653873065451943,-21.39716426221476,9.406579072722268,-9.421944307574902,14.713878627010775,3.6565995430120037,-5.880417954270881,13.708589574157607,-6.878469258679429,4.668421414512977,-3.8287664606775222,9.505535467754841,15.214010591604545,-9.734338140705674,10.142324463898122,-26.627920973284553,-2.3661242218966203,-17.680425908560654,-28.34197580139068,-5.738526638630964,-30.27688277379806,2.010507816935355,-4.149397194236379,29.94576890699082,16.893725363513653,7.49850380384778
