V1,V2,V3,V4,V5,V6,V7,V8,V9,V10,V11,V12,V13,V14,V15,V16,V17,V18,V19,V20,V21,V22,V23,V24,V25,V26,V27,V28,V29,V30,V31,V32,V33,V34,V35,V36,V37,V38,V39,V40,V41,V42,V43,V44
9.375598416833,2.6932715036905144,-6.5191191960414745,2.4949112117206766,3.231400757740616,6.67925581630778,-2.3827405616307202,0.23786814002354612,-2.9887372032173407,-2.0767761995268033,-1.3858763917923083,10.418023428320211,-4.168562476961339,-0.7467215350504559,1.7813077258740346,4.696868419576262,1.3714297997151466,-5.488950268434995,-6.592392951683166,-6.850594350603909,3.1632729353866305,-2.8100326614169453,5.304572662479316,0.19677582751622608,-1.8223804079777537,3.868972668514655,-1.8740783559794902,0.9339850343266084,-1.097393444213685,2.460158634435022,5.268346727212254,-2.595598681608427,3.475774704052435,-8.105269271552455,-0.08913957688419494,-4.895717833780995,-7.983967079790092,-2.1152214362308657,-8.981536262337086,1.0241242517225313,-0.7917307315905046,9.11248678635865,4.6942555867402085,2.661245553940934
2.6932715036905144,0.9894684521936937,-2.5999156199272404,0.7930637833043922,1.0728920719331663,2.2076630046903993,-0.8154840934562269,0.13797271112314735,-0.9394339978705778,-0.49769692962955026,-0.4881851417696726,3.372705643929461,-1.0795186846221463,-0.5646711732505211,0.31971380169884456,1.6231096582625997,0.3304646621139628,-1.9466174189333347,-1.955374068503805,-2.0968795186735107,0.8129614121583736,-1.0415385812276003,1.1817599040121938,0.3213052892661887,-0.6313073782569766,1.3011546136795782,-0.6927437494394058,0.49306605116775504,-0.3861425743569913,0.809300848936537,1.4005166621274547,-0.9602681025542104,0.8458311608705523,-2.6379835969507144,-0.4884890991460327,-1.914736218107296,-2.900487885653863,-0.509162463662074,-2.7034350740235378,0.2503946738023877,-0.7595787671371325,2.7752987961169224,1.9961221316783375,0.4428657019453524
-6.5191191960414745,-2.5999156199272404,7.136874953471484,-2.1647616540131187,-2.718585219094246,-5.662384042950143,2.165145415270375,-0.4181062168734043,2.3024035596243446,1.0966492925143974,1.0352584568753085,-8.555210668135109,2.845880374486752,1.6554453047442816,-0.5550550567128265,-4.469224000321387,-0.7471439571129797,5.066669676407981,4.694878946289008,5.032578777261845,-1.8247406828351864,2.6614323878710935,-2.3308498772305235,-1.4051951851782407,1.5472643547777774,-3.456885165321998,1.9219920876258536,-1.586485940806605,1.0340945916469717,-2.3396247861702557,-3.0689888265407506,2.6748448188927645,-1.8232245825158293,6.65359483852685,1.7467313352974556,5.159696258425233,7.800559834784997,1.0596997215779658,6.956034671647118,-0.35979082290498826,2.2841109928993526,-6.965882558204874,-5.366907349173254,-0.7690970865138617
2.4949112117206766,0.7930637833043922,-2.1647616540131187,1.0451746223082694,0.9058176706117476,1.9264710784766013,-0.7726248650465759,0.20219246394071574,-0.674096596901068,-0.5620567860834972,0.07785820387443904,2.8551529056388762,-1.8196700744894183,-0.10762823885733615,0.36963609324320196,1.9476002704847972,0.44798268840762173,-1.5631337186034022,-1.568473876898961,-1.4842419428343459,0.6850829382024576,-0.6490459329126327,0.8716477990528575,0.9427669159908526,-0.3295935890683207,1.33939193639269,-0.6998650939395471,0.686918202356079,-0.3708198431511856,1.2793191461162965,0.9101156729074632,-1.048999685215624,0.7190756143164959,-2.213419276567654,-0.34185745573881315,-1.532870205919644,-2.6732610204148703,-0.3558950607013741,-3.0268390329672177,-0.1793685229040992,-0.16294890859918307,2.713686804860443,1.1667487752646661,0.6965506860423444
3.231400757740616,1.0728920719331663,-2.718585219094246,0.9058176706117476,1.214257412863539,2.490502353465604,-0.9014172385849597,0.13535389503404288,-1.0817239175847575,-0.6565473129425614,-0.5452646977295453,3.8369971213819882,-1.3485454652819937,-0.48298488368798176,0.4895983501575626,1.7985725168502897,0.4394931196286762,-2.1371213876868804,-2.3149078141511366,-2.445536919388786,1.0275210863672513,-1.126338961157277,1.6041892818814862,0.23592023855164637,-0.7030052237126247,1.4539842754355086,-0.740813992125342,0.4669069606465591,-0.4224488899455972,0.9090176787387028,1.7458262085474001,-1.0333093902101096,1.0968205672118119,-3.003561547714062,-0.33040054423638204,-2.0275175562460412,-3.1481917719277206,-0.6646674658765532,-3.1667449599953255,0.3282866150385585,-0.622724927181304,3.24707906854452,2.0431432980670774,0.709295033106823
6.67925581630778,2.2076630046903993,-5.662384042950143,1.9264710784766013,2.490502353465604,5.1584623425277965,-1.8929947641859348,0.2655336474280099,-2.2253744990396758,-1.341504437880806,-1.0447825481645479,7.940446751281268,-2.905655065279185,-0.9916737937545376,1.0011219996850507,3.7870702090567474,0.890989286407338,-4.4071826220868555,-4.753288128317252,-5.0109965669013485,2.110911720162531,-2.294053441358642,3.2658998842928533,0.5964107667726183,-1.419557361881968,3.0458970150696776,-1.5703299033211977,1.0150515726299063,-0.8864026633264438,1.9665853096872616,3.544135926381547,-2.176305885852019,2.251180598769963,-6.181101430723445,-0.7186411168233918,-4.178961961194276,-6.556287474188378,-1.3537283145618484,-6.644876425475146,0.6158703688219371,-1.2625447428939407,6.728387334715276,4.19246408745642,1.464045449936075
-2.3827405616307202,-0.8154840934562269,2.165145415270375,-0.7726248650465759,-0.9014172385849597,-1.8929947641859348,0.7205995314973429,-0.11797161607475186,0.7776376993349378,0.46619483201311124,0.2818474596126255,-2.879332320408813,1.1813718549985717,0.3671108250831916,-0.3201729804470855,-1.5065369326755256,-0.31791366278964056,1.6170227891670037,1.6618166701655288,1.734094338985259,-0.7138677865202464,0.8127669044359699,-1.033639497452411,-0.41425820633899657,0.47765525310745177,-1.167373383800387,0.6195070014216795,-0.4675828336220198,0.34079484865827175,-0.8387579818529979,-1.1542831172121322,0.864644276414292,-0.7540523668680905,2.2305318224359345,0.3571509214242778,1.5639873456757214,2.4924120480657628,0.43449713772068804,2.5172342663450036,-0.12328038745468614,0.4800189518066819,-2.4646399706398006,-1.527327999459319,-0.4924561976549825
0.23786814002354612,0.13797271112314735,-0.4181062168734043,0.20219246394071574,0.13535389503404288,0.2655336474280099,-0.11797161607475186,0.08738775556558644,-0.039994814660688,-0.055695165845616276,0.09034288950475988,0.3416588898801341,-0.3195320652449071,-0.0285735853145185,-0.01802083640016862,0.4114377873469206,0.07542005376134646,-0.24031270424237097,-0.11679427528119465,-0.07515464544177283,0.006855886557159997,-0.08398886883045371,-0.1119752374202529,0.35422253923382035,-0.014862214872055711,0.23111499427788862,-0.12829345556769386,0.21010276113495982,-0.06313446640665857,0.2876693415726385,-0.051759458569103176,-0.22216032768576838,-0.0097563427388016,-0.290470064016729,-0.1757959982691363,-0.29906498440714796,-0.4867176793214213,0.03621058028984223,-0.4537559007317327,-0.13360757844971122,-0.08579163541407038,0.3670167585446457,0.18856985030766044,0.022649939908043027
-2.9887372032173407,-0.9394339978705778,2.3024035596243446,-0.674096596901068,-1.0817239175847575,-2.2253744990396758,0.7776376993349378,-0.039994814660688,1.0554204989673843,0.593198787703167,0.6785881978019987,-3.505280137364516,0.9587276290103792,0.48218137185265575,-0.504626139278367,-1.3410438200885082,-0.35300110209442426,1.9065912355658736,2.214154642958379,2.4027941131909665,-1.0271686201921661,1.0627022013096687,-1.7399901600277872,0.1796975511979534,0.7070886032772932,-1.2052022656722958,0.6030720898150912,-0.23168739154254026,0.3558937469585548,-0.5724193025949309,-1.8306354874622812,0.7916211647466427,-1.1132389594580343,2.7222334407495357,0.15417318744070807,1.7359935576297474,2.6458133975143143,0.7119084982284868,2.6606455024467754,-0.49753981428063887,0.5713523011238112,-2.8599030325374186,-1.896966949876291,-0.6676209418800009
-2.0767761995268033,-0.49769692962955026,1.0966492925143974,-0.5620567860834972,-0.6565473129425614,-1.341504437880806,0.46619483201311124,-0.055695165845616276,0.593198787703167,0.5303962802451191,0.20517325240923592,-2.0993270866404554,1.0814408405502052,-0.05429060456213634,-0.48782315234509066,-0.9990953103558011,-0.37099366629387165,1.0340525010440884,1.4029619553015806,1.3959016981151349,-0.7260408168271916,0.48845547674284107,-1.2784581378908184,-0.02888073027898304,0.32584085772554355,-0.7946434180765123,0.3476429214504084,-0.1470214937029647,0.21312369441646462,-0.5740029236877321,-1.158836845679733,0.5079289958391014,-0.8218193449083905,1.6482379060691976,-0.1976678094775349,0.851604199637143,1.5130511528890358,0.48957956889647,2.00296039252892,-0.18781033262138913,-0.1265310064240705,-1.9844389262222477,-0.6665627615136942,-0.7744516952364489
-1.3858763917923083,-0.4881851417696726,1.0352584568753085,0.07785820387443904,-0.5452646977295453,-1.0447825481645479,0.2818474596126255,0.09034288950475988,0.6785881978019987,0.20517325240923592,0.889448510713472,-1.7701768798407087,-0.4507287736463423,0.5480238640914675,-0.23225111469112839,0.0022561250213345555,-0.03417347812827918,1.0044872781973295,1.2805377380355882,1.5845191635009404,-0.594184286173192,0.7582619014895731,-1.2069932590258885,0.9373001165742113,0.5768630177687134,-0.32299834366013547,0.1434523130847119,0.25277226477131065,0.11874606233504142,0.38846494218321936,-1.342432675336363,0.09233314549591629,-0.654059120577255,1.3997713280358532,-8.557685789888682e-4,0.8697909498303852,0.9842881237682178,0.5042441873089283,0.577105422830105,-0.7226879227217675,0.6589935314111407,-1.0982479531847384,-1.3870149679492398,-0.12013457609567935
10.418023428320211,3.372705643929461,-8.555210668135109,2.8551529056388762,3.8369971213819882,7.940446751281268,-2.879332320408813,0.3416588898801341,-3.505280137364516,-2.0993270866404554,-1.7701768798407087,12.300752428632173,-4.293635556064415,-1.5259996499910853,1.6318319857375865,5.607971845311584,1.3653233078757754,-6.769233331488235,-7.4667289108945445,-7.90738502279889,3.372342166417118,-3.565545069997801,5.350891488298375,0.5587567588210647,-2.255047676780188,4.603116397082467,-2.353006384272431,1.385844069439781,-1.3390258741856518,2.826300197315932,5.726860828803371,-3.229608044087608,3.6080256410462948,-9.562176772414155,-0.9335015184875881,-6.347943139472241,-9.928630247246181,-2.2058023563022746,-10.113300362486461,1.130490005251182,-1.8961315778415546,10.3590896542082,6.461053758837764,2.337664821608622
-4.168562476961339,-1.0795186846221463,2.845880374486752,-1.8196700744894183,-1.3485454652819937,-2.905655065279185,1.1813718549985717,-0.3195320652449071,0.9587276290103792,1.0814408405502052,-0.4507287736463423,-4.293635556064415,3.5269706650665613,-0.3338030273810617,-0.8248087576179421,-3.21235546679568,-0.8764939688542868,2.1719278558673047,2.456697317575844,2.1606385562859547,-1.193038484890003,0.7353574013777049,-1.6586023775394596,-1.6386822546835766,0.332763895518218,-2.1319062058314033,1.0542749082747551,-1.051817918441627,0.5644975917500932,-2.2874921536836545,-1.4419559193889384,1.6315910139898886,-1.3128428252842268,3.3182253602575904,0.09630676856014135,1.9920106167289473,3.908896798037389,0.6273134684140229,5.1871166453887865,0.449186137661405,-0.4577993713561104,-4.462129583292577,-1.0477875723187615,-1.5909482884217931
-0.7467215350504559,-0.5646711732505211,1.6554453047442816,-0.10762823885733615,-0.48298488368798176,-0.9916737937545376,0.3671108250831916,-0.0285735853145185,0.48218137185265575,-0.05429060456213634,0.5480238640914675,-1.5259996499910853,-0.3338030273810617,0.8125240053802928,0.16418758883453177,-0.4410055995580501,0.09814287949229147,1.0697590769486576,0.7555726761479364,1.0097737696870086,-0.1772167585571099,0.7203105975942334,-0.12196564121181322,0.049352518539235626,0.4460928160368554,-0.4776193831190558,0.3355733969030275,-0.22500480983326082,0.17597731392534094,-0.0018700892829368384,-0.5162534357841209,0.3911618082091238,-0.11801039159046806,1.1792073148840345,0.7074378240195944,1.1976865080692833,1.4526252311615178,0.11736588447510736,0.5618429858619607,-0.28258862361678255,1.1184427336613771,-0.8259981839451032,-1.6776284437328584,0.41377029281954897
1.7813077258740346,0.31971380169884456,-0.5550550567128265,0.36963609324320196,0.4895983501575626,1.0011219996850507,-0.3201729804470855,-0.01802083640016862,-0.504626139278367,-0.48782315234509066,-0.23225111469112839,1.6318319857375865,-0.8248087576179421,0.16418758883453177,0.5182051321497966,0.5908925330107709,0.31884766030454437,-0.7120354880414437,-1.217646891474876,-1.2194555379369667,0.697015926373833,-0.3421237968566446,1.3552454870283677,-0.27699880159196183,-0.26770858322589014,0.5385584770663842,-0.19588973915695615,-0.06064432280940505,-0.1379219294034466,0.31655830460300094,1.1462191080939277,-0.2708472935681831,0.8126372703720584,-1.2703019037637049,0.42401863492762565,-0.46864768587573613,-0.9319796504679855,-0.5059731026423712,-1.5335421448754902,0.2761940702804557,0.3137557492069146,1.5715165971139449,0.32830539057282326,0.7941019044583267
4.696868419576262,1.6231096582625997,-4.469224000321387,1.9476002704847972,1.7985725168502897,3.7870702090567474,-1.5065369326755256,0.4114377873469206,-1.3410438200885082,-0.9990953103558011,0.0022561250213345555,5.607971845311584,-3.21235546679568,-0.4410055995580501,0.5908925330107709,3.7295125293541593,0.8005010657518707,-3.1687626682600203,-3.0257048911166557,-2.9296583913909346,1.2565738774508521,-1.3939097916181635,1.5096358230031983,1.7884494434119178,-0.7248681205393727,2.585260129231902,-1.3749854141878755,1.3625441914271048,-0.7259391517056455,2.3623529258519493,1.7289750177974759,-2.0521627835067817,1.2851206849404306,-4.368165841330476,-0.8882480876359077,-3.1896671530288865,-5.335520971414118,-0.6417785034991835,-5.656633013160405,-0.28500554261092026,-0.6622509777845184,5.166694707838179,2.632796453755567,1.1071954487852136
1.3714297997151466,0.3304646621139628,-0.7471439571129797,0.44798268840762173,0.4394931196286762,0.890989286407338,-0.31791366278964056,0.07542005376134646,-0.35300110209442426,-0.37099366629387165,-0.03417347812827918,1.3653233078757754,-0.8764939688542868,0.09814287949229147,0.31884766030454437,0.8005010657518707,0.2859113772557001,-0.6752981578982227,-0.8794515676770326,-0.8260050217479185,0.45232428411091413,-0.281877884378366,0.7493873718205438,0.19580905486282216,-0.1753091363555192,0.5732564553263566,-0.2516465774680762,0.17570308576456473,-0.14824477040062334,0.5079724272152206,0.6657545391743842,-0.396880790443865,0.5056963503445416,-1.0831961582188359,0.10582521672335561,-0.5793916443095872,-1.0688487543545817,-0.2841821782523179,-1.4459830852839108,0.02677203224721356,0.14589773071610074,1.3691290495436672,0.35834874873446576,0.5448447690252668
-5.488950268434995,-1.9466174189333347,5.066669676407981,-1.5631337186034022,-2.1371213876868804,-4.4071826220868555,1.6170227891670037,-0.24031270424237097,1.9065912355658736,1.0340525010440884,1.0044872781973295,-6.769233331488235,2.1719278558673047,1.0697590769486576,-0.7120354880414437,-3.1687626682600203,-0.6752981578982227,3.85420989189634,3.9826593365708898,4.266943215572016,-1.6999845520773136,2.0627109210827896,-2.552301239682265,-0.5021604159498317,1.2705912274231947,-2.5726671564234915,1.3565465777378019,-0.9046766646151657,0.7607597168740652,-1.5682601558853722,-2.9287607206971686,1.867400758170043,-1.7835045635227713,5.280729454362426,0.8461154118168277,3.7391531617231255,5.698841659994226,1.084551960270417,5.4232287813172775,-0.5613983081441455,1.408580550134311,-5.582991851523208,-3.901535223690139,-0.986701200009332
-6.592392951683166,-1.955374068503805,4.694878946289008,-1.568473876898961,-2.3149078141511366,-4.753288128317252,1.6618166701655288,-0.11679427528119465,2.214154642958379,1.4029619553015806,1.2805377380355882,-7.4667289108945445,2.456697317575844,0.7555726761479364,-1.217646891474876,-3.0257048911166557,-0.8794515676770326,3.9826593365708898,4.775623287860097,5.083286864676555,-2.268568491912121,2.150192708482765,-3.8786395994325944,0.25392557185752035,1.4248840400223066,-2.634028570800198,1.2787084912982645,-0.5104030959013789,0.7618083870912279,-1.413735852810982,-3.937364476760736,1.7208775586725327,-2.4906119954665344,5.817428399637301,0.10674852845066302,3.556622867798509,5.592501794304525,1.560389697512915,6.004433834065854,-0.9641872579463697,0.850458640263134,-6.313789459752205,-3.672948473515973,-1.7162336135358294
-6.850594350603909,-2.0968795186735107,5.032578777261845,-1.4842419428343459,-2.445536919388786,-5.0109965669013485,1.734094338985259,-0.07515464544177283,2.4027941131909665,1.3959016981151349,1.5845191635009404,-7.90738502279889,2.1606385562859547,1.0097737696870086,-1.2194555379369667,-2.9296583913909346,-0.8260050217479185,4.266943215572016,5.083286864676555,5.520463806258083,-2.3856421085083572,2.39523092787556,-4.130073956619931,0.5661924090730707,1.602421391887392,-2.6849043649819277,1.3160065102021883,-0.4269152724461946,0.7930104280477848,-1.2180994917663797,-4.2735445740523375,1.7183991234109501,-2.6194726895959914,6.158881846365963,0.1858138664439578,3.8191540610091894,5.838549564557143,1.6749728809491395,6.000664975080758,-1.1993723371750666,1.1695070080349907,-6.490093293926167,-4.176847958790777,-1.6261485615749336
3.1632729353866305,0.8129614121583736,-1.8247406828351864,0.6850829382024576,1.0275210863672513,2.110911720162531,-0.7138677865202464,0.006855886557159997,-1.0271686201921661,-0.7260408168271916,-0.594184286173192,3.372342166417118,-1.193038484890003,-0.1772167585571099,0.697015926373833,1.2565738774508521,0.45232428411091413,-1.6999845520773136,-2.268568491912121,-2.3856421085083572,1.1545020953365834,-0.9069550876800059,2.0853799475817674,-0.32874786727833377,-0.6375246223409158,1.136531259914319,-0.5146146159425057,0.09208896706854047,-0.3192407224951663,0.580557074802203,1.9852853586596535,-0.6845631563239238,1.290074754291678,-2.6175533650573675,0.22196937921060705,-1.4148639286698699,-2.3159500116758958,-0.8175214155990435,-2.7687980461540067,0.5168161300126277,-0.11923930481139267,2.9235469831360397,1.4129873251701508,0.9998787054994299
-2.8100326614169453,-1.0415385812276003,2.6614323878710935,-0.6490459329126327,-1.126338961157277,-2.294053441358642,0.8127669044359699,-0.08398886883045371,1.0627022013096687,0.48845547674284107,0.7582619014895731,-3.565545069997801,0.7353574013777049,0.7203105975942334,-0.3421237968566446,-1.3939097916181635,-0.281877884378366,2.0627109210827896,2.150192708482765,2.39523092787556,-0.9069550876800059,1.1910267817980924,-1.4339281112105777,0.06295310635212882,0.7620652231572221,-1.2429848975102513,0.6577418774046531,-0.3401145854297725,0.379961703385131,-0.5465513096660356,-1.6885286516850826,0.8665125221742426,-0.955024083827037,2.7914655419584586,0.4540398561887001,1.992750569839401,2.8829256998818966,0.6156974585989067,2.5235613571624693,-0.48413674741151663,0.9412203626385357,-2.7804588334873577,-2.2763262933029127,-0.39152303924708953
5.304572662479316,1.1817599040121938,-2.3308498772305235,0.8716477990528575,1.6041892818814862,3.2658998842928533,-1.033639497452411,-0.1119752374202529,-1.7399901600277872,-1.2784581378908184,-1.2069932590258885,5.350891488298375,-1.6586023775394596,-0.12196564121181322,1.3552454870283677,1.5096358230031983,0.7493873718205438,-2.552301239682265,-3.8786395994325944,-4.130073956619931,2.0853799475817674,-1.4339281112105777,4.040421027717892,-1.250821022798713,-1.086745911829605,1.602883815842788,-0.6434571833335998,-0.25309032930932984,-0.4465296931952595,0.532967644972474,3.6938718432220625,-0.7933912723621371,2.3904418092951327,-4.155851410797594,0.8678128841280559,-1.9002479332583067,-3.157122891811006,-1.5564420072936,-4.186296217836037,1.1652324686704731,0.11735752330591158,4.62893301059069,1.9970720120296246,1.894971262087448
0.19677582751622608,0.3213052892661887,-1.4051951851782407,0.9427669159908526,0.23592023855164637,0.5964107667726183,-0.41425820633899657,0.35422253923382035,0.1796975511979534,-0.02888073027898304,0.9373001165742113,0.5587567588210647,-1.6386822546835766,0.049352518539235626,-0.27699880159196183,1.7884494434119178,0.19580905486282216,-0.5021604159498317,0.25392557185752035,0.5661924090730707,-0.32874786727833377,0.06295310635212882,-1.250821022798713,2.123896951400881,0.2666577676998743,0.8580762588348176,-0.553664089812594,1.1019786987631308,-0.22981884544883174,1.501761146085269,-1.0456279041447143,-0.9512958838311101,-0.45478316343102976,-0.4308262910957687,-0.9084852604901543,-0.8366671273196999,-1.6561623955779379,0.46457741350329856,-1.673073420614859,-1.0152116941582874,-0.1290488228574546,0.9115026977311458,0.17905438019632,-0.10041023439731496
-1.8223804079777537,-0.6313073782569766,1.5472643547777774,-0.3295935890683207,-0.7030052237126247,-1.419557361881968,0.47765525310745177,-0.014862214872055711,0.7070886032772932,0.32584085772554355,0.5768630177687134,-2.255047676780188,0.332763895518218,0.4460928160368554,-0.26770858322589014,-0.7248681205393727,-0.1753091363555192,1.2705912274231947,1.4248840400223066,1.602421391887392,-0.6375246223409158,0.7620652231572221,-1.086745911829605,0.2666577676998743,0.5193025625172042,-0.7131358866342663,0.363291192923771,-0.09957190381216602,0.21765593123236956,-0.20818924761375085,-1.2159734093517032,0.4605168629733766,-0.6773271435556545,1.7624159184668917,0.17442569718158196,1.1879040272468961,1.6838453780763611,0.45668960103869993,1.481287642676113,-0.41624841146563146,0.5578663072869171,-1.7228421195675243,-1.4184571266124282,-0.2933735923598622
3.868972668514655,1.3011546136795782,-3.456885165321998,1.33939193639269,1.4539842754355086,3.0458970150696776,-1.167373383800387,0.23111499427788862,-1.2052022656722958,-0.7946434180765123,-0.32299834366013547,4.603116397082467,-2.1319062058314033,-0.4776193831190558,0.5385584770663842,2.585260129231902,0.5732564553263566,-2.5726671564234915,-2.634028570800198,-2.6849043649819277,1.136531259914319,-1.2429848975102513,1.602883815842788,0.8580762588348176,-0.7131358866342663,1.9327945661897308,-1.0147422748251007,0.8286644625198499,-0.5546842583594739,1.5074511972115299,1.7657714956474013,-1.4533467818298471,1.198260555528775,-3.5784766346563055,-0.5543140755223502,-2.4990423820063414,-4.059229336540764,-0.6690314433360811,-4.224095772480551,0.0865914595171941,-0.6397423375229787,4.054907915670436,2.30220387466283,0.8791783792427641
-1.8740783559794902,-0.6927437494394058,1.9219920876258536,-0.6998650939395471,-0.740813992125342,-1.5703299033211977,0.6195070014216795,-0.12829345556769386,0.6030720898150912,0.3476429214504084,0.1434523130847119,-2.353006384272431,1.0542749082747551,0.3355733969030275,-0.19588973915695615,-1.3749854141878755,-0.2516465774680762,1.3565465777378019,1.2787084912982645,1.3160065102021883,-0.5146146159425057,0.6577418774046531,-0.6434571833335998,-0.553664089812594,0.363291192923771,-1.0147422748251007,0.5580882932061058,-0.4971514289430781,0.29642434956180463,-0.8067429368045517,-0.7876183487636221,0.7917796584408948,-0.5234608844692232,1.8176607923065375,0.43097340468989487,1.3657066110319729,2.181444096408487,0.28294191995766754,2.1334001477145974,0.0035935393439662424,0.4629052749009789,-2.023025094094849,-1.3007407851510413,-0.3253021921969958
0.9339850343266084,0.49306605116775504,-1.586485940806605,0.686918202356079,0.4669069606465591,1.0150515726299063,-0.4675828336220198,0.21010276113495982,-0.23168739154254026,-0.1470214937029647,0.25277226477131065,1.385844069439781,-1.051817918441627,-0.22500480983326082,-0.06064432280940505,1.3625441914271048,0.17570308576456473,-0.9046766646151657,-0.5104030959013789,-0.4269152724461946,0.09208896706854047,-0.3401145854297725,-0.25309032930932984,1.1019786987631308,-0.09957190381216602,0.8286644625198499,-0.4971514289430781,0.691471939977563,-0.23724106217027857,0.9480514468127833,-0.050087639941406345,-0.7692374380490142,0.03202033134067056,-1.077117397426568,-0.6515148210405086,-1.071377191744788,-1.7698506194870582,0.06596498523296962,-1.6237486822736757,-0.3853432162062064,-0.39802368098391644,1.3077137355101272,0.83139378960021,0.030502557113173543
-1.097393444213685,-0.3861425743569913,1.0340945916469717,-0.3708198431511856,-0.4224488899455972,-0.8864026633264438,0.34079484865827175,-0.06313446640665857,0.3558937469585548,0.21312369441646462,0.11874606233504142,-1.3390258741856518,0.5644975917500932,0.17597731392534094,-0.1379219294034466,-0.7259391517056455,-0.14824477040062334,0.7607597168740652,0.7618083870912279,0.7930104280477848,-0.3192407224951663,0.379961703385131,-0.4465296931952595,-0.22981884544883174,0.21765593123236956,-0.5546842583594739,0.29642434956180463,-0.23724106217027857,0.16238959235061762,-0.4100637677919282,-0.5112249760279073,0.4168061335743925,-0.3362114412795619,1.0400621827532814,0.18856752155333362,0.7441896325782946,1.184733104095805,0.18955617710111267,1.1845367257921544,-0.040407460937990934,0.23620281080255584,-1.1506100752075366,-0.7207066650757439,-0.21718220808676503
2.460158634435022,0.809300848936537,-2.3396247861702557,1.2793191461162965,0.9090176787387028,1.9665853096872616,-0.8387579818529979,0.2876693415726385,-0.5724193025949309,-0.5740029236877321,0.38846494218321936,2.826300197315932,-2.2874921536836545,-0.0018700892829368384,0.31655830460300094,2.3623529258519493,0.5079724272152206,-1.5682601558853722,-1.413735852810982,-1.2180994917663797,0.580557074802203,-0.5465513096660356,0.532967644972474,1.501761146085269,-0.20818924761375085,1.5074511972115299,-0.8067429368045517,0.9480514468127833,-0.4100637677919282,1.6720292395845109,0.5778969059387227,-1.2519242901672551,0.5868380538936359,-2.1865848067686016,-0.4978665098128707,-1.6102642700967431,-2.9369716339363756,-0.22200439216744017,-3.39978257433609,-0.47743354106897035,-0.06606372712138056,2.8543470948135394,1.0183521769603316,0.7176374442025796
5.268346727212254,1.4005166621274547,-3.0689888265407506,0.9101156729074632,1.7458262085474001,3.544135926381547,-1.1542831172121322,-0.051759458569103176,-1.8306354874622812,-1.158836845679733,-1.342432675336363,5.726860828803371,-1.4419559193889384,-0.5162534357841209,1.1462191080939277,1.7289750177974759,0.6657545391743842,-2.9287607206971686,-3.937364476760736,-4.2735445740523375,1.9852853586596535,-1.6885286516850826,3.6938718432220625,-1.0456279041447143,-1.2159734093517032,1.7657714956474013,-0.7876183487636221,-0.050087639941406345,-0.5112249760279073,0.5778969059387227,3.5966989334266093,-0.9870790832616786,2.225632515844963,-4.4606069812230755,0.3841358284503745,-2.4234817329223786,-3.7473407754229298,-1.4601182521880063,-4.225831712868723,1.155831345904731,-0.4727530424977159,4.739634185482379,2.703482463423184,1.5288184055989815
-2.595598681608427,-0.9602681025542104,2.6748448188927645,-1.048999685215624,-1.0333093902101096,-2.176305885852019,0.864644276414292,-0.22216032768576838,0.7916211647466427,0.5079289958391014,0.09233314549591629,-3.229608044087608,1.6315910139898886,0.3911618082091238,-0.2708472935681831,-2.0521627835067817,-0.396880790443865,1.867400758170043,1.7208775586725327,1.7183991234109501,-0.6845631563239238,0.8665125221742426,-0.7933912723621371,-0.9512958838311101,0.4605168629733766,-1.4533467818298471,0.7917796584408948,-0.7692374380490142,0.4168061335743925,-1.2519242901672551,-0.9870790832616786,1.1589779850910056,-0.6870481348081636,2.510962563292046,0.6156097587440296,1.9062885321859764,3.08746530517561,0.3510323339179007,3.0815099020601555,0.10707181600267286,0.5678282966004622,-2.864310135549741,-1.7051292975915342,-0.4920983287749496
3.475774704052435,0.8458311608705523,-1.8232245825158293,0.7190756143164959,1.0968205672118119,2.251180598769963,-0.7540523668680905,-0.0097563427388016,-1.1132389594580343,-0.8218193449083905,-0.654059120577255,3.6080256410462948,-1.3128428252842268,-0.11801039159046806,0.8126372703720584,1.2851206849404306,0.5056963503445416,-1.7835045635227713,-2.4906119954665344,-2.6194726895959914,1.290074754291678,-0.955024083827037,2.3904418092951327,-0.45478316343102976,-0.6773271435556545,1.198260555528775,-0.5234608844692232,0.03202033134067056,-0.3362114412795619,0.5868380538936359,2.225632515844963,-0.6870481348081636,1.4665972041600999,-2.80489954969568,0.3666366274940445,-1.4249672090960848,-2.379336733851211,-0.9272542390507141,-2.99121392819527,0.5977589766692502,-0.01380087593883099,3.1651684899429595,1.4095381737528736,1.1736334478191277
-8.105269271552455,-2.6379835969507144,6.65359483852685,-2.213419276567654,-3.003561547714062,-6.181101430723445,2.2305318224359345,-0.290470064016729,2.7222334407495357,1.6482379060691976,1.3997713280358532,-9.562176772414155,3.3182253602575904,1.1792073148840345,-1.2703019037637049,-4.368165841330476,-1.0831961582188359,5.280729454362426,5.817428399637301,6.158881846365963,-2.6175533650573675,2.7914655419584586,-4.155851410797594,-0.4308262910957687,1.7624159184668917,-3.5784766346563055,1.8176607923065375,-1.077117397426568,1.0400621827532814,-2.1865848067686016,-4.4606069812230755,2.510962563292046,-2.80489954969568,7.462270606774372,0.7201376355510696,4.960393694927887,7.72725868560612,1.7130602130958956,7.850117129743548,-0.887351063606782,1.4836909166711971,-8.071355770699775,-5.0348598709432,-1.8240543644707816
-0.08913957688419494,-0.4884890991460327,1.7467313352974556,-0.34185745573881315,-0.33040054423638204,-0.7186411168233918,0.3571509214242778,-0.1757959982691363,0.15417318744070807,-0.1976678094775349,-8.557685789888682e-4,-0.9335015184875881,0.09630676856014135,0.7074378240195944,0.42401863492762565,-0.8882480876359077,0.10582521672335561,0.8461154118168277,0.10674852845066302,0.1858138664439578,0.22196937921060705,0.4540398561887001,0.8678128841280559,-0.9084852604901543,0.17442569718158196,-0.5543140755223502,0.43097340468989487,-0.6515148210405086,0.18856752155333362,-0.4978665098128707,0.3841358284503745,0.6156097587440296,0.3666366274940445,0.7201376355510696,1.0980992176153261,1.176050688900377,1.5554846607534194,-0.2628665819746355,0.611076212300789,0.26899300332323905,1.0861942838812566,-0.5169749010257577,-1.3500965465365824,0.6539753641351335
-4.895717833780995,-1.914736218107296,5.159696258425233,-1.532870205919644,-2.0275175562460412,-4.178961961194276,1.5639873456757214,-0.29906498440714796,1.7359935576297474,0.851604199637143,0.8697909498303852,-6.347943139472241,1.9920106167289473,1.1976865080692833,-0.46864768587573613,-3.1896671530288865,-0.5793916443095872,3.7391531617231255,3.556622867798509,3.8191540610091894,-1.4148639286698699,1.992750569839401,-1.9002479332583067,-0.8366671273196999,1.1879040272468961,-2.4990423820063414,1.3657066110319729,-1.071377191744788,0.7441896325782946,-1.6102642700967431,-2.4234817329223786,1.9062885321859764,-1.4249672090960848,4.960393694927887,1.176050688900377,3.7789250913523866,5.665466182882762,0.8491606184441648,5.060538374966634,-0.3707360781865867,1.648710632783004,-5.1634664389187055,-3.9524527208109106,-0.6344165064057922
-7.983967079790092,-2.900487885653863,7.800559834784997,-2.6732610204148703,-3.1481917719277206,-6.556287474188378,2.4924120480657628,-0.4867176793214213,2.6458133975143143,1.5130511528890358,0.9842881237682178,-9.928630247246181,3.908896798037389,1.4526252311615178,-0.9319796504679855,-5.335520971414118,-1.0688487543545817,5.698841659994226,5.592501794304525,5.838549564557143,-2.3159500116758958,2.8829256998818966,-3.157122891811006,-1.6561623955779379,1.6838453780763611,-4.059229336540764,2.181444096408487,-1.7698506194870582,1.184733104095805,-2.9369716339363756,-3.7473407754229298,3.08746530517561,-2.379336733851211,7.72725868560612,1.5554846607534194,5.665466182882762,8.850774427404454,1.364660294151252,8.554258997108612,-0.34165459954426025,1.981693921807867,-8.417049423723626,-5.568896653386049,-1.4300280487226253
-2.1152214362308657,-0.509162463662074,1.0596997215779658,-0.3558950607013741,-0.6646674658765532,-1.3537283145618484,0.43449713772068804,0.03621058028984223,0.7119084982284868,0.48957956889647,0.5042441873089283,-2.2058023563022746,0.6273134684140229,0.11736588447510736,-0.5059731026423712,-0.6417785034991835,-0.2841821782523179,1.084551960270417,1.560389697512915,1.6749728809491395,-0.8175214155990435,0.6156974585989067,-1.5564420072936,0.46457741350329856,0.45668960103869993,-0.6690314433360811,0.28294191995766754,0.06596498523296962,0.18955617710111267,-0.22200439216744017,-1.4601182521880063,0.3510323339179007,-0.9272542390507141,1.7130602130958956,-0.2628665819746355,0.8491606184441648,1.364660294151252,0.6061697827379017,1.6822018597182846,-0.46362087687801495,0.05419474981769972,-1.8696847516166113,-0.9199043050929894,-0.6943443828966588
-8.981536262337086,-2.7034350740235378,6.956034671647118,-3.0268390329672177,-3.1667449599953255,-6.644876425475146,2.5172342663450036,-0.4537559007317327,2.6606455024467754,2.00296039252892,0.577105422830105,-10.113300362486461,5.1871166453887865,0.5618429858619607,-1.5335421448754902,-5.656633013160405,-1.4459830852839108,5.4232287813172775,6.004433834065854,6.000664975080758,-2.7687980461540067,2.5235613571624693,-4.186296217836037,-1.673073420614859,1.481287642676113,-4.224095772480551,2.1334001477145974,-1.6237486822736757,1.1845367257921544,-3.39978257433609,-4.225831712868723,3.0815099020601555,-2.99121392819527,7.850117129743548,0.611076212300789,5.060538374966634,8.554258997108612,1.6822018597182846,9.670951383674307,-0.22649259626456422,0.6720914112467197,-9.2063501702969,-4.351096645760879,-2.532391692784493
1.0241242517225313,0.2503946738023877,-0.35979082290498826,-0.1793685229040992,0.3282866150385585,0.6158703688219371,-0.12328038745468614,-0.13360757844971122,-0.49753981428063887,-0.18781033262138913,-0.7226879227217675,1.130490005251182,0.449186137661405,-0.28258862361678255,0.2761940702804557,-0.28500554261092026,0.02677203224721356,-0.5613983081441455,-0.9641872579463697,-1.1993723371750666,0.5168161300126277,-0.48413674741151663,1.1652324686704731,-1.0152116941582874,-0.41624841146563146,0.0865914595171941,0.0035935393439662424,-0.3853432162062064,-0.040407460937990934,-0.47743354106897035,1.155831345904731,0.10707181600267286,0.5977589766692502,-0.887351063606782,0.26899300332323905,-0.3707360781865867,-0.34165459954426025,-0.46362087687801495,-0.22649259626456422,0.6594461743805132,-0.27559095903823777,0.6741433994831787,0.7735150173059703,0.22452881599388347
-0.7917307315905046,-0.7595787671371325,2.2841109928993526,-0.16294890859918307,-0.622724927181304,-1.2625447428939407,0.4800189518066819,-0.08579163541407038,0.5713523011238112,-0.1265310064240705,0.6589935314111407,-1.8961315778415546,-0.4577993713561104,1.1184427336613771,0.3137557492069146,-0.6622509777845184,0.14589773071610074,1.408580550134311,0.850458640263134,1.1695070080349907,-0.11923930481139267,0.9412203626385357,0.11735752330591158,-0.1290488228574546,0.5578663072869171,-0.6397423375229787,0.4629052749009789,-0.39802368098391644,0.23620281080255584,-0.06606372712138056,-0.4727530424977159,0.5678282966004622,-0.01380087593883099,1.4836909166711971,1.0861942838812566,1.648710632783004,1.981693921807867,0.05419474981769972,0.6720914112467197,-0.27559095903823777,1.5808693948309385,-0.9910985080298516,-2.258871291836876,0.6743899170745624
9.11248678635865,2.7752987961169224,-6.965882558204874,2.713686804860443,3.24707906854452,6.728387334715276,-2.4646399706398006,0.3670167585446457,-2.8599030325374186,-1.9844389262222477,-1.0982479531847384,10.3590896542082,-4.462129583292577,-0.8259981839451032,1.5715165971139449,5.166694707838179,1.3691290495436672,-5.582991851523208,-6.313789459752205,-6.490093293926167,2.9235469831360397,-2.7804588334873577,4.62893301059069,0.9115026977311458,-1.7228421195675243,4.054907915670436,-2.023025094094849,1.3077137355101272,-1.1506100752075366,2.8543470948135394,4.739634185482379,-2.864310135549741,3.1651684899429595,-8.071355770699775,-0.5169749010257577,-5.1634664389187055,-8.417049423723626,-1.8696847516166113,-9.2063501702969,0.6741433994831787,-0.9910985080298516,9.130268645028744,4.815224413996003,2.429447783480803
4.6942555867402085,1.9961221316783375,-5.366907349173254,1.1667487752646661,2.0431432980670774,4.19246408745642,-1.527327999459319,0.18856985030766044,-1.896966949876291,-0.6665627615136942,-1.3870149679492398,6.461053758837764,-1.0477875723187615,-1.6776284437328584,0.32830539057282326,2.632796453755567,0.35834874873446576,-3.901535223690139,-3.672948473515973,-4.176847958790777,1.4129873251701508,-2.2763262933029127,1.9970720120296246,0.17905438019632,-1.4184571266124282,2.30220387466283,-1.3007407851510413,0.83139378960021,-0.7207066650757439,1.0183521769603316,2.703482463423184,-1.7051292975915342,1.4095381737528736,-5.0348598709432,-1.3500965465365824,-3.9524527208109106,-5.568896653386049,-0.9199043050929894,-4.351096645760879,0.7735150173059703,-2.258871291836876,4.815224413996003,4.6441235829616945,0.2277614569321504
2.661245553940934,0.4428657019453524,-0.7690970865138617,0.6965506860423444,0.709295033106823,1.464045449936075,-0.4924561976549825,0.022649939908043027,-0.6676209418800009,-0.7744516952364489,-0.12013457609567935,2.337664821608622,-1.5909482884217931,0.41377029281954897,0.7941019044583267,1.1071954487852136,0.5448447690252668,-0.986701200009332,-1.7162336135358294,-1.6261485615749336,0.9998787054994299,-0.39152303924708953,1.894971262087448,-0.10041023439731496,-0.2933735923598622,0.8791783792427641,-0.3253021921969958,0.030502557113173543,-0.21718220808676503,0.7176374442025796,1.5288184055989815,-0.4920983287749496,1.1736334478191277,-1.8240543644707816,0.6539753641351335,-0.6344165064057922,-1.4300280487226253,-0.6943443828966588,-2.532391692784493,0.22452881599388347,0.6743899170745624,2.429447783480803,0.2277614569321504,1.2969530009911692
