V1,V2,V3,V4,V5,V6,V7,V8,V9,V10,V11,V12,V13,V14,V15,V16,V17,V18,V19,V20,V21,V22,V23,V24,V25,V26,V27,V28,V29,V30,V31,V32,V33,V34,V35,V36,V37,V38,V39,V40,V41,V42,V43,V44
0.8355538604136694,-0.820294933074525,-0.14969895756520415,0.08769505282886178,0.6135318063200925,-0.9238750370539438,-1.307478532393735,1.9736426436244883,3.4087521027052943,0.3010337258360016,-0.4997050694083369,-0.4406917936478437,1.363992559815893,-1.1841993799159147,-1.0686309879504199,1.831363080306916,0.1754767388895725,-2.684002523079755,0.5074173210429382,2.877847349501887,-0.4006537508914079,-1.161493118918523,1.1162355502537196,-0.828676937253643,0.4041712254693386,-2.009675532938691,0.58280641118691,-0.6771040211412012,0.45464527019149586,1.5022378796113662,0.8078023056289566,-2.5950506486907896,-2.328774839367935,1.4941230798133707,-0.11820966522028195,-1.418184080455702,1.249141341292996,-0.1637926727044559,1.1478695415898108,1.1031369034130114,-0.9569611494422268,1.2666005625525525,1.5209642513463055,1.741469496351897
-0.820294933074525,0.940327397274456,0.030066240610193782,-0.012895048589735756,-0.6423795532297528,0.947426094566161,1.4345624913905695,-2.252415257017096,-3.550094319694925,-0.33058109840433353,0.5581471437500146,0.6644529685201332,-1.4360463868503994,1.5535741239247494,1.2689200066417825,-2.024736837292126,-0.2895222110059569,2.8746235494854133,-0.5092388572923555,-3.054071350560107,0.4491190265700802,1.4040966015678622,-1.2099815693624092,0.6665290136529322,-0.4313875298087731,2.147362955062833,-0.564998144275087,0.9291925556517736,-0.46698501691443056,-1.4582032682328332,-0.8635957631179353,2.833532920514962,2.4613278042271385,-1.5339941441027336,0.030170231973332073,1.5808709267294805,-1.260848437337713,0.16150679876520185,-1.2235742085993353,-1.2583517074687744,1.1099006483078426,-1.18286773838318,-1.6877440054375537,-1.745946033306337
-0.14969895756520415,0.030066240610193782,0.8240875285248607,-0.4012430839028617,-0.6632640161809114,-0.03271701648537172,-0.23372359426795788,1.2042167091384839,0.4882529387399581,0.26971678737304705,0.20510685125794378,-0.6327198955492817,0.07999207427105426,-1.909271187541139,-0.7281860458940494,0.198765446626121,0.22324105003119846,-1.0632884419551611,-0.1844535538727817,0.37463151144275386,0.22214548161839123,-1.3086456404725924,0.44779022879225455,0.5940025895913582,0.163865907260485,-0.07397308168420605,-0.48413423712126097,-0.6953765514200149,0.29896210493649084,-0.392389768603518,0.20076268060686253,-0.8286281468003259,-0.23723767569219067,-0.24738285719341055,0.365601980391629,-0.524072636044369,-0.13312932882931477,-0.3441572928811045,0.3311576215700164,0.23945723328475024,-0.8105123698094125,-0.5511430318056052,0.6053032978465628,0.1426314900945496
0.08769505282886178,-0.012895048589735756,-0.4012430839028617,0.39209906559780366,0.24477826321452761,0.10733950758722992,0.21340441545244454,-0.8673638217329392,-0.5380512140760273,-0.30226084128270897,-0.08552134697358897,0.2740995983236178,-0.27664280976121997,1.1976814171404264,0.44006794689934164,-0.5289968302796015,-0.28007173606799174,0.7216725272040376,-0.09611553694097555,-0.4563881379151088,-0.23463754529262934,0.8255035398208833,-0.19382158300668595,-0.3404024302901553,-0.09744697123268639,0.2039778133632916,0.20777687712184978,0.5623138713022999,-0.0651728426184113,-9.375425502754102e-4,0.02044925005679369,0.6688104413655093,0.42079545572072685,-0.03612086364889288,-0.2792998735300142,0.4442315580850506,0.04206114004618182,0.34203900122954894,-0.4946943770127794,-0.3838655068906713,0.5362334731883142,0.30415416044755794,-0.5677034024472235,-0.33908480070469316
0.6135318063200925,-0.6423795532297528,-0.6632640161809114,0.24477826321452761,1.1435136672760917,-0.45169870626809117,-0.7201002025717714,0.12906023597301147,1.522011421825969,0.12778041415976815,-0.5715085332215725,0.1445068816031272,0.5523800548102654,0.8102698630849225,-0.026906017107513877,1.1206800878776215,0.09562273754469441,-0.45088666276100775,0.5285753521366171,1.333353954975181,-0.584543171167296,0.33647557493104063,0.1436397728550686,-0.6128361157365276,0.015211856952570532,-1.1116925279728185,0.8846173527680403,-0.13550885174526553,-0.142088649179979,1.0603449370707674,0.21828483495518217,-0.9125297471370053,-1.2129874946459083,1.1946438738317169,-0.24787828776445317,-0.4324685293647038,0.6947669595225413,0.18360644726213757,0.39894052329468965,0.5773820185532772,0.08170916101487387,1.1132095013233787,0.31052964628488394,0.7281273600389827
-0.9238750370539438,0.947426094566161,-0.03271701648537172,0.10733950758722992,-0.45169870626809117,1.2966854682673503,1.7051417715799033,-3.1955606762445425,-4.746340481625963,-0.47487251657709806,0.5076968433682101,0.7165315983710746,-2.1163863180311284,2.406497915753873,1.7387588519366348,-2.6562922403232396,-0.34637201048223576,4.0965962358386845,-0.644954415101994,-4.026041014451923,0.18555239268060794,2.050887727857482,-1.6876909710736323,1.0602887463046948,-0.6495164099818783,2.710500893207493,-0.44621136805306005,1.1096026152916882,-0.7310669401154792,-2.0086387645160366,-1.074753767366483,3.7396739579907123,3.2535131945901443,-1.8272268132353637,-0.0034009483426640902,2.1055827872152784,-1.6705566085493075,0.41517277572887396,-1.877339827949447,-1.637151186464866,1.615188792735581,-1.3686106355105612,-2.518995203269398,-2.566726327281102
-1.307478532393735,1.4345624913905695,-0.23372359426795788,0.21340441545244454,-0.7201002025717714,1.7051417715799033,2.7656917792525575,-4.664985685224069,-6.670633343029737,-0.7968556612432526,0.7510904918447053,1.2822051500284415,-2.7829937247492733,3.9892158744865034,2.443074722070983,-3.982459666256908,-0.6432494495239589,5.823610354988893,-0.9163073132249098,-5.73893160218711,0.3577604737121325,3.2873658164078745,-2.4404629631437484,0.9756969129979544,-0.8204866573513757,3.96644905159509,-0.7296473721518374,1.8711184928349036,-0.9864844653022076,-2.526325697405139,-1.5354504318446478,5.489784513192354,4.673510682467099,-2.6426724457438864,-0.061458346356190664,3.1098010330625936,-2.2424880942644343,0.71581605714653,-2.577800913292303,-2.4032846735123505,2.391647983504972,-1.7565047510578498,-3.5800148124182276,-3.268382769031471
1.9736426436244883,-2.252415257017096,1.2042167091384839,-0.8673638217329392,0.12906023597301147,-3.1955606762445425,-4.664985685224069,9.871252878242677,12.358523462485879,1.4966010481093428,-0.9159163037719071,-2.7260091741487886,5.610603933858289,-9.16288143642664,-5.28169772270507,7.124065299390832,1.319509765123337,-11.82569628059074,1.4923166272822024,10.611621572233236,0.12045457412322581,-7.19308830861528,4.839401988189654,-1.539728199551107,1.8291108320439051,-7.032141523929174,0.3719229086424493,-3.823226877709355,2.206650481879239,4.405452131592636,2.802983802201007,-10.443683331269252,-8.469656613665938,4.119082783895087,0.5127068674060099,-6.146059605870789,3.9687572453153566,-1.7189907119185128,5.247115998260599,4.562017400618421,-5.170673292606568,2.391127104162824,7.295462555231612,6.5630904921053235
3.4087521027052943,-3.550094319694925,0.4882529387399581,-0.5380512140760273,1.522011421825969,-4.746340481625963,-6.670633343029737,12.358523462485879,17.879516746105658,1.9563758648441343,-1.817050991326179,-2.932052350451394,7.803437693678424,-9.931836076565054,-6.613427720628112,10.100150063255402,1.4395148930141997,-15.657379736032555,2.4280349345281054,15.182975306580719,-0.6203144789895976,-8.3171058251932255,6.463337854367715,-3.426243117450098,2.3944848586497183,-10.232405789240367,1.5990210688900042,-4.458246765368327,2.8143998353376625,7.219204695932911,4.032205789131342,-14.31717123815637,-12.261006880574111,6.809465033804852,0.11670606923504069,-8.14270052610016,6.152794258903842,-1.7912989782198028,7.082873487105816,6.202488386497544,-6.338324565446507,4.856251153757891,9.570059470221565,9.488071226816189
0.3010337258360016,-0.33058109840433353,0.26971678737304705,-0.30226084128270897,0.12778041415976815,-0.47487251657709806,-0.7968556612432526,1.4966010481093428,1.9563758648441343,0.4867703912438375,-0.1492051963387775,-0.34658080231942207,0.7459181777030698,-1.467327515851076,-0.7727038335720003,1.3041407413681523,0.327571874029841,-1.6833796984344405,0.33623022784999745,1.6087224769067077,0.009958225599267378,-1.18116394819386,0.6111661292061686,-0.04296544078244403,0.2170551584095084,-1.0215517231930427,0.1391293081033883,-0.7866311324879915,0.21761255829839601,0.6560225279903299,0.30914170840223415,-1.690181727154348,-1.4101304083928516,0.7402176678252234,0.1832693974982872,-0.9466300094043795,0.49153407454370673,-0.3786468804499479,0.9491494201997684,0.7882133135095016,-0.8515845318188225,0.31737979638482977,1.120714592375167,1.0163225495434325
-0.4997050694083369,0.5581471437500146,0.20510685125794378,-0.08552134697358897,-0.5715085332215725,0.5076968433682101,0.7510904918447053,-0.9159163037719071,-1.817050991326179,-0.1492051963387775,0.38790988602008336,0.23430007487271298,-0.7188335278876573,0.3514144881044082,0.5262225468807658,-1.0887396589819527,-0.12901709092880237,1.2532198117911004,-0.32727419339228186,-1.5691938333082254,0.35823308876236487,0.4344011193725496,-0.5222749127740558,0.4652443904096992,-0.18254282856574894,1.150983193420014,-0.464361097316924,0.40018608754814156,-0.1484886736888287,-0.8729743725678136,-0.42145327343568584,1.3638219926202606,1.3008117546476057,-0.9282096967511694,0.0825123661909799,0.7258349433878524,-0.6954415130197213,-0.013496364724404172,-0.5792108733234224,-0.6502841021757951,0.4066522468468283,-0.788004799774951,-0.7468816555933196,-0.8811275716924137
-0.4406917936478437,0.6644529685201332,-0.6327198955492817,0.2740995983236178,0.1445068816031272,0.7165315983710746,1.2822051500284415,-2.7260091741487886,-2.932052350451394,-0.34658080231942207,0.23430007487271298,1.1811346726490966,-1.1412339971654069,2.883612524636182,1.619031781150985,-1.6579741847666267,-0.37514034013957437,3.069094822715268,-0.07543716864550108,-2.5562255312031854,0.1490906083393898,2.1597132927535663,-1.377930357879235,0.06111136038561803,-0.4768759730537446,1.6929244011332816,0.06233409726392404,1.2653600070616386,-0.6280810967025142,-0.6604240654607952,-0.9215036780278291,2.78988132683482,1.9939465460434462,-0.8306370689398921,-0.2675700366387965,1.5538734818396434,-0.8245671672817673,0.3477630146042242,-1.0994794775007308,-1.1220428412859085,1.4795184394020875,-0.33441442611070793,-1.8536622422389124,-1.1927469858810398
1.363992559815893,-1.4360463868503994,0.07999207427105426,-0.27664280976121997,0.5523800548102654,-2.1163863180311284,-2.7829937247492733,5.610603933858289,7.803437693678424,0.7459181777030698,-0.7188335278876573,-1.1412339971654069,3.8600740009445347,-4.524002804937874,-2.869697242231748,4.581231023703211,0.7034101654598452,-7.04497115327575,1.2535133694230571,6.75865241453974,0.09800574726910488,-3.6921618069010296,2.813340957201339,-1.5671069573953773,1.108947490572689,-4.598859515321404,0.5711027594518364,-1.8807489249521923,1.234692100574939,3.37666002723347,1.5721252089047917,-6.167697034201057,-5.413766705445951,2.8957347834482965,0.03204736460299728,-3.7133636451935517,2.7949907145276542,-0.9380994020514448,3.3491403279952143,2.862686271734114,-2.7778393927819978,1.9979225055342325,4.421535571534226,4.487596353589711
-1.1841993799159147,1.5535741239247494,-1.909271187541139,1.1976814171404264,0.8102698630849225,2.406497915753873,3.9892158744865034,-9.16288143642664,-9.931836076565054,-1.467327515851076,0.3514144881044082,2.883612524636182,-4.524002804937874,9.872529524950595,4.831505368905541,-5.945732279026333,-1.3761478618574197,10.47291624847761,-0.9628491415246723,-8.610880999776759,-0.640816704303947,7.364192462028067,-4.3271524548455105,0.26293622442079373,-1.5601024186719132,5.586351370684782,0.3833311240316049,3.8112917507743025,-2.044707625910125,-2.797150242804083,-2.2979825852329716,9.000528400492515,6.822840362429715,-2.7730436716937876,-0.8276013962334081,5.4244383931283116,-2.8599873629685875,1.9482935221230404,-4.531497019659986,-3.8667792270727785,4.9853204975861765,-0.9010660819983242,-6.566287039712075,-5.063665344926782
-1.0686309879504199,1.2689200066417825,-0.7281860458940494,0.44006794689934164,-0.026906017107513877,1.7387588519366348,2.443074722070983,-5.28169772270507,-6.613427720628112,-0.7727038335720003,0.5262225468807658,1.619031781150985,-2.869697242231748,4.831505368905541,3.022410852071775,-3.6652181650634876,-0.6451485936147973,6.31232031856184,-0.5977734573404002,-5.615865545349486,0.10248965459464672,3.803551589505207,-2.669824275078834,0.9468537289784387,-1.0206148563751944,3.667113110104002,-0.13007268078510914,2.1009157996293903,-1.2349962726742039,-2.273039043433429,-1.68290042235663,5.642567838838978,4.484097474615335,-2.1386401320032298,-0.32171218722082157,3.180673893900844,-2.1036575642861552,0.7336462299608058,-2.7064961200504563,-2.372251249204113,2.804253210121322,-1.2974710395306877,-3.897309100008111,-3.376736484109387
1.831363080306916,-2.024736837292126,0.198765446626121,-0.5289968302796015,1.1206800878776215,-2.6562922403232396,-3.982459666256908,7.124065299390832,10.100150063255402,1.3041407413681523,-1.0887396589819527,-1.6579741847666267,4.581231023703211,-5.945732279026333,-3.6652181650634876,6.352778526319415,1.1262545827377801,-8.750394401172327,1.6372392986895563,8.719631067859158,-0.20312151224475453,-4.863827636065569,3.50302580696408,-1.6028136218221598,1.2665047928064808,-5.986650611738524,1.0309809617514247,-2.8764907977198657,1.3467136024580426,4.13262907374804,2.024743958425729,-8.207967892863122,-7.204715326428642,4.01065281622972,0.18283838532226604,-4.739946711477631,3.3956150350794916,-1.230090724233204,4.307244819075744,3.854331008808539,-3.603652110152911,2.5433171732584396,5.657001098515718,5.334416892202707
0.1754767388895725,-0.2895222110059569,0.22324105003119846,-0.28007173606799174,0.09562273754469441,-0.34637201048223576,-0.6432494495239589,1.319509765123337,1.4395148930141997,0.327571874029841,-0.12901709092880237,-0.37514034013957437,0.7034101654598452,-1.3761478618574197,-0.6451485936147973,1.1262545827377801,0.358567428251531,-1.3619615197572401,0.31964462932926113,1.2894707389741926,0.07775184574981106,-1.0378676072290571,0.4661651720906816,0.13282041831693125,0.17611928491067147,-0.8823412126609261,0.0750323924298589,-0.7334618144723783,0.13810259818455553,0.47233239116076026,0.17613427192568398,-1.320948395656128,-1.1014778467443322,0.5330924764989587,0.1797032669985763,-0.8412005921695277,0.36386554745659594,-0.341294265706957,0.7772299108898978,0.7280017065560107,-0.6880080867433734,0.11628033284020618,0.9476422483956017,0.7798102028576172
-2.684002523079755,2.8746235494854133,-1.0632884419551611,0.7216725272040376,-0.45088666276100775,4.0965962358386845,5.823610354988893,-11.82569628059074,-15.657379736032555,-1.6833796984344405,1.2532198117911004,3.069094822715268,-7.04497115327575,10.47291624847761,6.31232031856184,-8.750394401172327,-1.3619615197572401,14.636472793451135,-1.8818368490067012,-13.382928069199822,0.042797440879312226,8.384603433986625,-6.084153924224808,2.5495039352299447,-2.271489596251392,8.915845051712088,-0.7421177964487452,4.238381141014528,-2.8054826502527606,-5.879502538896788,-3.6404929621805824,12.894545173320424,10.645446053517622,-5.41504734276979,-0.3338532326863334,7.501088605054638,-5.263938996181915,1.9179073575420504,-6.3908573456516935,-5.501891819284319,6.147723037138809,-3.548160988971143,-8.922781355053779,-8.335899050167768
0.5074173210429382,-0.5092388572923555,-0.1844535538727817,-0.09611553694097555,0.5285753521366171,-0.644954415101994,-0.9163073132249098,1.4923166272822024,2.4280349345281054,0.33623022784999745,-0.32727419339228186,-0.07543716864550108,1.2535133694230571,-0.9628491415246723,-0.5977734573404002,1.6372392986895563,0.31964462932926113,-1.8818368490067012,0.7226328807927896,2.1312618435229282,0.008794018708853983,-0.8965792437274286,0.5991659910911313,-0.37855402604290445,0.24883480335250277,-1.5248935423116976,0.46385711443633926,-0.5679312125180758,0.18321359651838712,1.256063005306368,0.22442020456844353,-1.7845181918624327,-1.7729779146122364,1.1456785305039612,-0.043776487601132,-1.1905816619247087,0.8838629902454292,-0.37151143653415913,1.1258968370564981,0.9994710022117255,-0.6819333454509636,0.7880921465062983,1.1834969480858273,1.568460131627654
2.877847349501887,-3.054071350560107,0.37463151144275386,-0.4563881379151088,1.333353954975181,-4.026041014451923,-5.73893160218711,10.611621572233236,15.182975306580719,1.6087224769067077,-1.5691938333082254,-2.5562255312031854,6.75865241453974,-8.610880999776759,-5.615865545349486,8.719631067859158,1.2894707389741926,-13.382928069199822,2.1312618435229282,12.998118256087986,-0.474475195083696,-7.152000882859707,5.5106333558703575,-2.8130232173939405,2.0357380019556133,-8.831131882213025,1.3772512055436046,-3.851398321440103,2.370094149588773,6.144954063141232,3.3857010650865433,-12.196886605685474,-10.47178176514259,5.800179258443021,0.09228301427229468,-7.0215387669382485,5.258696107256891,-1.5737373198992761,6.052338465858048,5.373954874907954,-5.392394122930416,4.072552433578769,8.210260607134167,8.066704370224457
-0.4006537508914079,0.4491190265700802,0.22214548161839123,-0.23463754529262934,-0.584543171167296,0.18555239268060794,0.3577604737121325,0.12045457412322581,-0.6203144789895976,0.009958225599267378,0.35823308876236487,0.1490906083393898,0.09800574726910488,-0.640816704303947,0.10248965459464672,-0.20312151224475453,0.07775184574981106,0.042797440879312226,0.008794018708853983,-0.474475195083696,0.6522512988645516,-0.2952754003880115,-0.11349638756347231,0.31366294265616146,0.0010241890883788565,0.4005316684868198,-0.4709566677604407,0.06110397335707856,0.023301558916821674,-0.2801590534430225,-0.3439092660473171,0.4215027238627717,0.40630759139536543,-0.5367024273663816,0.12703739237223005,0.038394343956946395,-0.26179964039065856,-0.3421897086203543,0.1585942302298291,-0.09274387701545725,-0.090548223286675375,-0.6467580217263352,0.1198818618749571,-0.004309676964284545
-1.161493118918523,1.4040966015678622,-1.3086456404725924,0.8255035398208833,0.33647557493104063,2.050887727857482,3.2873658164078745,-7.19308830861528,-8.3171058251932255,-1.18116394819386,0.4344011193725496,2.1597132927535663,-3.6921618069010296,7.364192462028067,3.803551589505207,-4.863827636065569,-1.0378676072290571,8.384603433986625,-0.8965792437274286,-7.152000882859707,-0.2952754003880115,5.622212575375297,-3.446073296926752,0.49063701245804997,-1.2511125406319592,4.671502600078948,0.04033795175805175,2.941841957184024,-1.6116918458234675,-2.558670805404807,-1.9045038986922709,7.32442321463263,5.687797630113312,-2.536887307989716,-0.5462860026406673,4.36577460612844,-2.4836814046970535,1.4414676921283927,-3.6452635760892713,-3.1344440604208774,3.8846578636944096,-1.1360801942163061,-5.172679987900247,-4.286035197384391
1.1162355502537196,-1.2099815693624092,0.44779022879225455,-0.19382158300668595,0.1436397728550686,-1.6876909710736323,-2.4404629631437484,4.839401988189654,6.463337854367715,0.6111661292061686,-0.5222749127740558,-1.377930357879235,2.813340957201339,-4.3271524548455105,-2.669824275078834,3.50302580696408,0.4661651720906816,-6.084153924224808,0.5991659910911313,5.5106333558703575,-0.11349638756347231,-3.446073296926752,2.656342511656608,-1.176220737662792,0.9508295571024402,-3.6738086069583975,0.27148692883740216,-1.6773995578253655,1.2454120762210596,2.345949639287064,1.6839734659693353,-5.35243707930922,-4.359165539927961,2.197017646872791,0.0944563591242478,-3.0171569788555708,2.21667126758462,-0.6652426639901682,2.5084018795245973,2.1679544566230122,-2.535904153618425,1.4966864436853142,3.709658841631477,3.2647094023622674
-0.828676937253643,0.6665290136529322,0.5940025895913582,-0.3404024302901553,-0.6128361157365276,1.0602887463046948,0.9756969129979544,-1.539728199551107,-3.426243117450098,-0.04296544078244403,0.4652443904096992,0.06111136038561803,-1.5671069573953773,0.26293622442079373,0.9468537289784387,-1.6028136218221598,0.13282041831693125,2.5495039352299447,-0.37855402604290445,-2.8130232173939405,0.31366294265616146,0.49063701245804997,-1.176220737662792,1.7419026388021395,-0.4767491056733334,1.916007507107215,-0.5269324459892886,0.07065287446923382,-0.5391135264905502,-1.9153462379184292,-0.9267002310607704,2.281644178578146,2.274577330158987,-1.4776120450746235,0.333664531123076,1.088429934945691,-1.5059838732029844,-0.10804756167993472,-1.1386501330250065,-0.8801514609433716,0.6710724473761697,-1.5835539481701113,-1.5771475453593617,-1.9292701008138171
0.4041712254693386,-0.4313875298087731,0.163865907260485,-0.09744697123268639,0.015211856952570532,-0.6495164099818783,-0.8204866573513757,1.8291108320439051,2.3944848586497183,0.2170551584095084,-0.18254282856574894,-0.4768759730537446,1.108947490572689,-1.5601024186719132,-1.0206148563751944,1.2665047928064808,0.17611928491067147,-2.271489596251392,0.24883480335250277,2.0357380019556133,0.0010241890883788565,-1.2511125406319592,0.9508295571024402,-0.4767491056733334,0.38028642437608184,-1.3338231660375082,0.061281869501539674,-0.6181435039517189,0.45997465614219957,0.9219719021683916,0.5875420146080111,-1.9552734292973097,-1.6002535278029584,0.781733392113197,0.05374175982193369,-1.1279757780157802,0.8211846878313727,-0.2529659748155438,0.9733069253933804,0.8213870698548627,-0.9462726802949288,0.5496960157635065,1.3753678389862365,1.3157714878544022
-2.009675532938691,2.147362955062833,-0.07397308168420605,0.2039778133632916,-1.1116925279728185,2.710500893207493,3.96644905159509,-7.032141523929174,-10.232405789240367,-1.0215517231930427,1.150983193420014,1.6929244011332816,-4.598859515321404,5.586351370684782,3.667113110104002,-5.986650611738524,-0.8823412126609261,8.915845051712088,-1.5248935423116976,-8.831131882213025,0.4005316684868198,4.671502600078948,-3.6738086069583975,1.916007507107215,-1.3338231660375082,6.109360164447824,-1.0934438285037982,2.5544626119997753,-1.5320529306505077,-4.228591784973398,-2.2674007258397393,8.177952831907021,7.126080714259672,-4.03549013038658,0.026455283895705093,4.732969408819382,-3.618419931495726,1.016462039174756,-4.028536877559356,-3.6660465431844393,3.4964246600724698,-2.871972801926666,-5.4735730243485445,-5.3865110044639986
0.58280641118691,-0.564998144275087,-0.48413423712126097,0.20777687712184978,0.8846173527680403,-0.44621136805306005,-0.7296473721518374,0.3719229086424493,1.5990210688900042,0.1391293081033883,-0.464361097316924,0.06233409726392404,0.5711027594518364,0.3833311240316049,-0.13007268078510914,1.0309809617514247,0.0750323924298589,-0.7421177964487452,0.46385711443633926,1.3772512055436046,-0.4709566677604407,0.04033795175805175,0.27148692883740216,-0.5269324459892886,0.061281869501539674,-1.0934438285037982,0.73346931268078,-0.1592706090456548,-0.01658824665313419,0.9613778331342658,0.2704242300708295,-1.0285541545603631,-1.194412542051776,1.0794558576025846,-0.21970663881854857,-0.5323710956677972,0.6823796879740991,0.07031373335214333,0.42815303871620897,0.5437057816067605,-0.08212766035331681,1.0007265540252432,0.4041270713767528,0.7815511765296214
-0.6771040211412012,0.9291925556517736,-0.6953765514200149,0.5623138713022999,-0.13550885174526553,1.1096026152916882,1.8711184928349036,-3.823226877709355,-4.458246765368327,-0.7866311324879915,0.40018608754814156,1.2653600070616386,-1.8807489249521923,3.8112917507743025,2.1009157996293903,-2.8764907977198657,-0.7334618144723783,4.238381141014528,-0.5679312125180758,-3.851398321440103,0.06110397335707856,2.941841957184024,-1.6773995578253655,0.07065287446923382,-0.6181435039517189,2.5544626119997753,-0.1592706090456548,1.9122006847691626,-0.6632334080453366,-1.3600933424910235,-0.9625098640740422,4.019359591923951,3.183086066819625,-1.5204122980074486,-0.41217769693863215,2.3283040641954966,-1.225839695892195,0.711052354732235,-1.9972332532871089,-1.8690073094939363,2.0547049930132566,-0.6254975978044262,-2.7165103876769097,-2.1815247746097994
0.45464527019149586,-0.46698501691443056,0.29896210493649084,-0.0651728426184113,-0.142088649179979,-0.7310669401154792,-0.9864844653022076,2.206650481879239,2.8143998353376625,0.21761255829839601,-0.1484886736888287,-0.6280810967025142,1.234692100574939,-2.044707625910125,-1.2349962726742039,1.3467136024580426,0.13810259818455553,-2.8054826502527606,0.18321359651838712,2.370094149588773,0.023301558916821674,-1.6116918458234675,1.2454120762210596,-0.5391135264905502,0.45997465614219957,-1.5320529306505077,-0.01658824665313419,-0.6632334080453366,0.6562791614131659,0.9671493356877736,0.7875311248166155,-2.328838111468403,-1.8104443049723156,0.8338114720431895,0.038399691993906936,-1.3358033558857498,0.9767964720870276,-0.30045924116396583,1.0671866111983064,0.8594057422102128,-1.181171857321003,0.5980941268108669,1.6353430795399446,1.4754574252896169
1.5022378796113662,-1.4582032682328332,-0.392389768603518,-9.375425502754102e-4,1.0603449370707674,-2.0086387645160366,-2.526325697405139,4.405452131592636,7.219204695932911,0.6560225279903299,-0.8729743725678136,-0.6604240654607952,3.37666002723347,-2.797150242804083,-2.273039043433429,4.13262907374804,0.47233239116076026,-5.879502538896788,1.256063005306368,6.144954063141232,-0.2801590534430225,-2.558670805404807,2.345949639287064,-1.9153462379184292,0.9219719021683916,-4.228591784973398,0.9613778331342658,-1.3600933424910235,0.9671493356877736,3.4448194923967588,1.4476904758913067,-5.401517890097899,-5.007299252660964,3.022737145140388,-0.18737496904716522,-3.1041507173768466,2.7063122966411064,-0.5697267197055379,2.888244646613879,2.4856399346865685,-2.1164405238785533,2.4167678265862365,3.6485190464114727,4.130957712573929
0.8078023056289566,-0.8635957631179353,0.20076268060686253,0.02044925005679369,0.21828483495518217,-1.074753767366483,-1.5354504318446478,2.802983802201007,4.032205789131342,0.30914170840223415,-0.42145327343568584,-0.9215036780278291,1.5721252089047917,-2.2979825852329716,-1.68290042235663,2.024743958425729,0.17613427192568398,-3.6404929621805824,0.22442020456844353,3.3857010650865433,-0.3439092660473171,-1.9045038986922709,1.6839734659693353,-0.9267002310607704,0.5875420146080111,-2.2674007258397393,0.2704242300708295,-0.9625098640740422,0.7875311248166155,1.4476904758913067,1.2316009371302477,-3.313000790705451,-2.680970864236153,1.4290033673213196,-0.004031877807943488,-1.7204018199725384,1.4149521612301066,-0.19045127571361714,1.3566741508238986,1.2362967855217935,-1.466285524488689,1.1323868080711508,2.1560181313792746,1.8495983718086353
-2.5950506486907896,2.833532920514962,-0.8286281468003259,0.6688104413655093,-0.9125297471370053,3.7396739579907123,5.489784513192354,-10.443683331269252,-14.31717123815637,-1.690181727154348,1.3638219926202606,2.78988132683482,-6.167697034201057,9.000528400492515,5.642567838838978,-8.207967892863122,-1.320948395656128,12.894545173320424,-1.7845181918624327,-12.196886605685474,0.4215027238627717,7.32442321463263,-5.35243707930922,2.281644178578146,-1.9552734292973097,8.177952831907021,-1.0285541545603631,4.019359591923951,-2.328838111468403,-5.401517890097899,-3.313000790705451,11.801905721651107,9.845817980120751,-5.2508262542400335,-0.3217502092195595,6.710829051252864,-4.738825502231393,1.5939746548478386,-5.743499480639699,-5.096164857596057,5.438122440556627,-3.4642127018508138,-7.929312043429334,-7.382822441947304
-2.328774839367935,2.4613278042271385,-0.23723767569219067,0.42079545572072685,-1.2129874946459083,3.2535131945901443,4.673510682467099,-8.469656613665938,-12.261006880574111,-1.4101304083928516,1.3008117546476057,1.9939465460434462,-5.413766705445951,6.822840362429715,4.484097474615335,-7.204715326428642,-1.1014778467443322,10.645446053517622,-1.7729779146122364,-10.47178176514259,0.40630759139536543,5.687797630113312,-4.359165539927961,2.274577330158987,-1.6002535278029584,7.126080714259672,-1.194412542051776,3.183086066819625,-1.8104443049723156,-5.007299252660964,-2.680970864236153,9.845817980120751,8.545288581883007,-4.767892052813407,-0.10075821541652179,5.597275612829883,-4.206967721996538,1.2789840012895288,-4.9624733829600425,-4.3929288985830786,4.3011663544639305,-3.305052214793167,-6.643672736972223,-6.463758108134815
1.4941230798133707,-1.5339941441027336,-0.24738285719341055,-0.03612086364889288,1.1946438738317169,-1.8272268132353637,-2.6426724457438864,4.119082783895087,6.809465033804852,0.7402176678252234,-0.9282096967511694,-0.8306370689398921,2.8957347834482965,-2.7730436716937876,-2.1386401320032298,4.01065281622972,0.5330924764989587,-5.41504734276979,1.1456785305039612,5.800179258443021,-0.5367024273663816,-2.536887307989716,2.197017646872791,-1.4776120450746235,0.781733392113197,-4.03549013038658,1.0794558576025846,-1.5204122980074486,0.8338114720431895,3.022737145140388,1.4290033673213196,-5.2508262542400335,-4.767892052813407,2.9849278577192155,-0.12325307794579696,-2.9479411454448687,2.4402864772052912,-0.5150068147979249,2.580463030331913,2.380466368672403,-2.0287945156941434,2.279009458924406,3.321370509740268,3.5799490659794957
-0.11820966522028195,0.030170231973332073,0.365601980391629,-0.2792998735300142,-0.24787828776445317,-0.0034009483426640902,-0.061458346356190664,0.5127068674060099,0.11670606923504069,0.1832693974982872,0.0825123661909799,-0.2675700366387965,0.03204736460299728,-0.8276013962334081,-0.32171218722082157,0.18283838532226604,0.1797032669985763,-0.3338532326863334,-0.043776487601132,0.09228301427229468,0.12703739237223005,-0.5462860026406673,0.0944563591242478,0.333664531123076,0.05374175982193369,0.026455283895705093,-0.21970663881854857,-0.41217769693863215,0.038399691993906936,-0.18737496904716522,-0.004031877807943488,-0.3217502092195595,-0.10075821541652179,-0.12325307794579696,0.23490693280800665,-0.19936857218704207,-0.14409564844072,-0.17669023324733218,0.2120025535763037,0.17530853738734758,-0.3469796611294984,-0.3326033137182933,0.2804886088887083,0.03644146456990946
-1.418184080455702,1.5808709267294805,-0.524072636044369,0.4442315580850506,-0.4324685293647038,2.1055827872152784,3.1098010330625936,-6.146059605870789,-8.14270052610016,-0.9466300094043795,0.7258349433878524,1.5538734818396434,-3.7133636451935517,5.4244383931283116,3.180673893900844,-4.739946711477631,-0.8412005921695277,7.501088605054638,-1.1905816619247087,-7.0215387669382485,0.038394343956946395,4.36577460612844,-3.0171569788555708,1.088429934945691,-1.1279757780157802,4.732969408819382,-0.5323710956677972,2.3283040641954966,-1.3358033558857498,-3.1041507173768466,-1.7204018199725384,6.710829051252864,5.597275612829883,-2.9479411454448687,-0.19936857218704207,4.025673243456477,-2.7103989300623086,1.0801591030351771,-3.386810488777101,-3.0006553092357833,3.171072400444378,-1.8505273115079308,-4.567705856464312,-4.4217028919606465
1.249141341292996,-1.260848437337713,-0.13312932882931477,0.04206114004618182,0.6947669595225413,-1.6705566085493075,-2.2424880942644343,3.9687572453153566,6.152794258903842,0.49153407454370673,-0.6954415130197213,-0.8245671672817673,2.7949907145276542,-2.8599873629685875,-2.1036575642861552,3.3956150350794916,0.36386554745659594,-5.263938996181915,0.8838629902454292,5.258696107256891,-0.26179964039065856,-2.4836814046970535,2.21667126758462,-1.5059838732029844,0.8211846878313727,-3.618419931495726,0.6823796879740991,-1.225839695892195,0.9767964720870276,2.7063122966411064,1.4149521612301066,-4.738825502231393,-4.206967721996538,2.4402864772052912,-0.14409564844072,-2.7103989300623086,2.302239043754132,-0.4691015930421044,2.345231631059156,2.051039119477878,-1.9548137434783992,1.9296188314807894,3.1937831381983903,3.3418667445563788
-0.1637926727044559,0.16150679876520185,-0.3441572928811045,0.34203900122954894,0.18360644726213757,0.41517277572887396,0.71581605714653,-1.7189907119185128,-1.7912989782198028,-0.3786468804499479,-0.013496364724404172,0.3477630146042242,-0.9380994020514448,1.9482935221230404,0.7336462299608058,-1.230090724233204,-0.341294265706957,1.9179073575420504,-0.37151143653415913,-1.5737373198992761,-0.3421897086203543,1.4414676921283927,-0.6652426639901682,-0.10804756167993472,-0.2529659748155438,1.016462039174756,0.07031373335214333,0.711052354732235,-0.30045924116396583,-0.5697267197055379,-0.19045127571361714,1.5939746548478386,1.2789840012895288,-0.5150068147979249,-0.17669023324733218,1.0801591030351771,-0.4691015930421044,0.5957287758078352,-1.0030128784111485,-0.789312604569219,0.9306616751312319,-0.06431469338934956,-1.2300971775260576,-1.0968331164640432
1.1478695415898108,-1.2235742085993353,0.3311576215700164,-0.4946943770127794,0.39894052329468965,-1.877339827949447,-2.577800913292303,5.247115998260599,7.082873487105816,0.9491494201997684,-0.5792108733234224,-1.0994794775007308,3.3491403279952143,-4.531497019659986,-2.7064961200504563,4.307244819075744,0.7772299108898978,-6.3908573456516935,1.1258968370564981,6.052338465858048,0.1585942302298291,-3.6452635760892713,2.5084018795245973,-1.1386501330250065,0.9733069253933804,-4.028536877559356,0.42815303871620897,-1.9972332532871089,1.0671866111983064,2.888244646613879,1.3566741508238986,-5.743499480639699,-4.9624733829600425,2.580463030331913,0.2120025535763037,-3.386810488777101,2.345231631059156,-1.0030128784111485,3.195263808540097,2.665517961450448,-2.70880532912166,1.5753862288784655,4.1189563667333795,3.9979077087342687
1.1031369034130114,-1.2583517074687744,0.23945723328475024,-0.3838655068906713,0.5773820185532772,-1.637151186464866,-2.4032846735123505,4.562017400618421,6.202488386497544,0.7882133135095016,-0.6502841021757951,-1.1220428412859085,2.862686271734114,-3.8667792270727785,-2.372251249204113,3.854331008808539,0.7280017065560107,-5.501891819284319,0.9994710022117255,5.373954874907954,-0.09274387701545725,-3.1344440604208774,2.1679544566230122,-0.8801514609433716,0.8213870698548627,-3.6660465431844393,0.5437057816067605,-1.8690073094939363,0.8594057422102128,2.4856399346865685,1.2362967855217935,-5.096164857596057,-4.3929288985830786,2.380466368672403,0.17530853738734758,-3.0006553092357833,2.051039119477878,-0.789312604569219,2.665517961450448,2.412315185107419,-2.310383421127555,1.472138629025888,3.497509657729648,3.3420941859016424
-0.9569611494422268,1.1099006483078426,-0.8105123698094125,0.5362334731883142,0.08170916101487387,1.615188792735581,2.391647983504972,-5.170673292606568,-6.338324565446507,-0.8515845318188225,0.4066522468468283,1.4795184394020875,-2.7778393927819978,4.9853204975861765,2.804253210121322,-3.603652110152911,-0.6880080867433734,6.147723037138809,-0.6819333454509636,-5.392394122930416,-0.090548223286675375,3.8846578636944096,-2.535904153618425,0.6710724473761697,-0.9462726802949288,3.4964246600724698,-0.08212766035331681,2.0547049930132566,-1.181171857321003,-2.1164405238785533,-1.466285524488689,5.438122440556627,4.3011663544639305,-2.0287945156941434,-0.3469796611294984,3.171072400444378,-1.9548137434783992,0.9306616751312319,-2.70880532912166,-2.310383421127555,2.792793642584854,-1.0944866567374556,-3.7912413669728675,-3.3238399388075863
1.2666005625525525,-1.18286773838318,-0.5511430318056052,0.30415416044755794,1.1132095013233787,-1.3686106355105612,-1.7565047510578498,2.391127104162824,4.856251153757891,0.31737979638482977,-0.788004799774951,-0.33441442611070793,1.9979225055342325,-0.9010660819983242,-1.2974710395306877,2.5433171732584396,0.11628033284020618,-3.548160988971143,0.7880921465062983,4.072552433578769,-0.6467580217263352,-1.1360801942163061,1.4966864436853142,-1.5835539481701113,0.5496960157635065,-2.871972801926666,1.0007265540252432,-0.6254975978044262,0.5980941268108669,2.4167678265862365,1.1323868080711508,-3.4642127018508138,-3.305052214793167,2.279009458924406,-0.3326033137182933,-1.8505273115079308,1.9296188314807894,-0.06431469338934956,1.5753862288784655,1.472138629025888,-1.0944866567374556,2.111197723960794,2.022399395590105,2.587252886351032
1.5209642513463055,-1.6877440054375537,0.6053032978465628,-0.5677034024472235,0.31052964628488394,-2.518995203269398,-3.5800148124182276,7.295462555231612,9.570059470221565,1.120714592375167,-0.7468816555933196,-1.8536622422389124,4.421535571534226,-6.566287039712075,-3.897309100008111,5.657001098515718,0.9476422483956017,-8.922781355053779,1.1834969480858273,8.210260607134167,0.1198818618749571,-5.172679987900247,3.709658841631477,-1.5771475453593617,1.3753678389862365,-5.4735730243485445,0.4041270713767528,-2.7165103876769097,1.6353430795399446,3.6485190464114727,2.1560181313792746,-7.929312043429334,-6.643672736972223,3.321370509740268,0.2804886088887083,-4.567705856464312,3.1937831381983903,-1.2300971775260576,4.1189563667333795,3.497509657729648,-3.7912413669728675,2.022399395590105,5.712635191489495,5.080872852200712
1.741469496351897,-1.745946033306337,0.1426314900945496,-0.33908480070469316,0.7281273600389827,-2.566726327281102,-3.268382769031471,6.5630904921053235,9.488071226816189,1.0163225495434325,-0.8811275716924137,-1.1927469858810398,4.487596353589711,-5.063665344926782,-3.376736484109387,5.334416892202707,0.7798102028576172,-8.335899050167768,1.568460131627654,8.066704370224457,-0.004309676964284545,-4.286035197384391,3.2647094023622674,-1.9292701008138171,1.3157714878544022,-5.3865110044639986,0.7815511765296214,-2.1815247746097994,1.4754574252896169,4.130957712573929,1.8495983718086353,-7.382822441947304,-6.463758108134815,3.5799490659794957,0.03644146456990946,-4.4217028919606465,3.3418667445563788,-1.0968331164640432,3.9979077087342687,3.3420941859016424,-3.3238399388075863,2.587252886351032,5.080872852200712,5.573492796377824
