V1,V2,V3,V4,V5,V6,V7,V8,V9,V10,V11,V12,V13,V14,V15,V16,V17,V18,V19,V20,V21,V22,V23,V24,V25,V26,V27,V28,V29,V30,V31,V32,V33,V34,V35,V36,V37,V38,V39,V40,V41,V42,V43,V44
0.722136005054075,0.2701668536145556,-0.8270689428201811,0.08332049485023295,0.6517981845825196,0.7737601305958742,-0.04602605578937678,0.5910556219154444,0.014912163235852843,-0.6101644285735071,0.36961574908036604,-1.1274763628674385,-1.07975587153457,-1.5014225390229852,0.37870538542749427,0.12353505649200733,1.0003640899027868,-0.8616483755662843,0.2440586780691068,-0.2582775507253959,-0.6091194016172381,0.19941293448443995,0.47837739015950603,-1.1315046674252902,0.3946331968987841,0.19425585345349064,1.858020036032251,-0.010880779334125526,-0.10007965999821275,-0.019107642623493768,-0.071535970514103,0.4005902604553406,0.055075107773017405,-1.106445698733967,0.9835753008254804,1.9746727319025006,1.4727158835497351,-1.39467765760523,-0.8893664141259578,-0.23131242097581195,-0.5792374525580292,1.7379602848865912,0.5105064619067275,2.963543286146909
0.2701668536145556,1.5145785246372887,-0.9363566220363627,0.11893757956298424,0.5645210034980674,0.6379089677599893,0.10677468225942155,0.024156837349200346,-0.6439352939108489,-1.3966823025954551,0.7579369774082958,-0.07407440885778889,-0.4138437932225443,-0.6767701867042902,-0.6813916662400963,0.2112206095344768,0.7923754793468051,-1.5260621223006254,-0.49301041752859914,0.48505748164975315,-0.4590459919123877,1.9427009018751373,-1.292270196971681,-1.1596107334652994,-0.2108465095388131,0.5018788497813287,0.6969549311581721,-0.01780936856883557,-1.0594626725340581,1.2816079066745962,0.6240483069960004,1.0428820381910915,-0.15258038408645652,-0.011297897527771234,1.045101079039136,2.5470585660611103,0.5567475367081544,-0.5593604803926946,0.28066218509333235,0.09290294353698474,-0.39570775955705695,1.2104112321777352,0.9914716949943656,1.8501740595815688
-0.8270689428201811,-0.9363566220363627,1.8560313601588483,-0.03558729595382634,-0.7740770167528978,-1.2991181774583644,0.26592591782491837,-0.64100724052836755,0.07024447007009162,1.4915220589572642,-0.7973268139043743,1.6525148227332365,1.7431424439723973,2.0607580576175772,0.16101287441053036,-0.11577344293402227,-1.685176648584752,1.8933724442175963,0.21148456058873888,0.04666116543704047,1.0950023915273357,-1.1206771856929267,0.3543682195480725,2.2110270959490297,-0.36784510928583003,-0.6572137008646861,-2.5418932069451254,0.012953515940559393,0.7598056898254723,-0.7818810536629561,-0.15114165839620375,-1.0175240937985552,0.046916425260450666,0.886433107943755,-2.075305340779402,-3.7551897241898367,-2.151685326349106,2.050451238362178,0.7675964833922478,-0.030541572940364706,0.6922754833525867,-2.349251891330713,-1.1205989858737717,-4.68490923148566
0.08332049485023295,0.11893757956298424,-0.03558729595382634,0.0789495941771807,0.10778916673051145,0.059812114855933525,0.02817915624187744,0.038119816083333355,-0.06517682321140658,-0.12069604826627299,0.040159527310727194,-0.014344219946850905,0.03339327577233652,-0.11860816455646182,0.03509451345877164,0.05179372166653414,0.07625876926421445,-0.11209622699073016,0.0021766237340923606,0.051859666833550894,-0.05797771636810765,0.1760628089658603,-0.08288158222586847,-0.051563987642859695,-2.0574695843899473e-4,0.006019747834522854,0.09340058087819128,0.07483600350090441,-0.061422016488626364,0.10174524049391609,0.07302687525615043,0.08390791397802123,-3.9740661777941085e-4,-0.09976942328858611,0.05218941837646566,0.21804223258482555,0.053882296127148524,-0.07867172416853427,-0.04536995873079469,-0.04456169874465456,-0.05818131840170255,0.18511471779691507,0.0954518463331776,0.19224817092883326
0.6517981845825196,0.5645210034980674,-0.7740770167528978,0.10778916673051145,0.7556512446690993,0.733923082180691,0.07876477507394825,0.5083046514724793,-0.20963213066453676,-0.8181771919273984,0.481230751898406,-0.9538580707404453,-0.9309227511036152,-1.444161732089039,0.2441696074669558,0.2064734980370903,0.9817572670507468,-1.0090858185904854,0.23996977003310813,-0.08958921905060248,-0.5680880884767174,0.604876706569276,0.19405196832127375,-1.137321327272336,0.26253897451847985,0.221435897781012,1.7865946796762016,-0.06739368892495412,-0.29586295495625786,0.1769740511013307,0.0876123500474459,0.53185300721858,0.016786794019823234,-1.0340465999223125,0.9654286536048531,2.2311409594716243,1.389369991372263,-1.2616011913392307,-0.7211308557267934,-0.2708503801699506,-0.6130092146807216,1.7694928517810877,0.6034383318427061,2.8448557667825867
0.7737601305958742,0.6379089677599893,-1.2991181774583644,0.059812114855933525,0.733923082180691,1.0550186022180819,-0.13019082914954813,0.6177859848362606,-0.0575560200520246,-1.0407357644275257,0.6229410034238323,-1.3597058425522175,-1.4084525199047497,-1.7844815711418756,0.13476740376943122,0.1258011181335607,1.3448566549123186,-1.361511751762362,0.06431086200347412,-0.14070872842110008,-0.8329810703299322,0.6787043325421758,0.09290289340758075,-1.6717436279708306,0.368255505957144,0.41217513740285244,2.212944550026508,-0.020770224905969657,-0.41856993318775476,0.3608061201169436,0.0428215343463005,0.7011787010910804,5.210146555544074e-4,-1.0459339611370593,1.4745283978040102,2.855139965271036,1.8042202859862733,-1.690842694327904,-0.8330981012239432,-0.113528536561728,-0.6616959401694321,2.085789529402772,0.8135165731352739,3.7973214585896025
-0.04602605578937678,0.10677468225942155,0.26592591782491837,0.02817915624187744,0.07876477507394825,-0.13019082914954813,0.41356003367058897,0.044490944178088576,-0.25014568496890144,-0.03176186400352421,-0.010595342374320953,0.05330512035153294,0.17068534601730706,-0.19920242284104808,0.24982193562903385,0.05982187170182831,-0.0734336828294876,0.10333461506076226,0.4811641492337245,-0.07288793254980165,0.14289348695914864,-0.23799277738482622,0.34779914254991695,0.0755014399163215,-0.04507016983176441,-0.05893336851982041,0.28938150490233466,-0.08931627735514375,0.08934862611709578,-0.3154748810876431,-0.03428649426836265,-0.20059204877795853,0.12490959838681048,-0.42023639203593444,-0.2668453450434804,0.01700378508025903,0.18151228517589676,0.04520181989295093,-0.1138881838347005,-0.3040907112129631,-0.1780175330844825,0.16359799256106727,-0.14646371856891205,0.14756003408947785
0.5910556219154444,0.024156837349200346,-0.64100724052836755,0.038119816083333355,0.5083046514724793,0.6177859848362606,0.044490944178088576,0.6150657817015651,0.10335349246199806,-0.3902815342240297,0.2518688531241092,-1.210143886655103,-0.9675959257088472,-1.4673961613560262,0.5467650707345529,0.054167015566447575,0.8752322773705908,-0.5620812425194246,0.4857468959117492,-0.3559149179007758,-0.5146675256883124,-0.23505699601035523,0.7685451062845593,-0.9612621598656772,0.431186374486955,0.10093905034200165,1.8735296675356665,-0.021742735234338083,0.1120577771298809,-0.3341985526228776,-0.20913530144238626,0.16507026397889055,0.11836724791147801,-1.152628909555955,0.7810098619106519,1.5964023487613905,1.5173348202197507,-1.3167943972076224,-0.925281564203184,-0.30700309691121486,-0.5360359177591609,1.515557910790675,0.281741341695032,2.794111318343595
0.014912163235852843,-0.6439352939108489,0.07024447007009162,-0.06517682321140658,-0.20963213066453676,-0.0575560200520246,-0.25014568496890144,0.10335349246199806,0.452422953740059,0.48424829462485186,-0.2308746993701818,-0.286717674357045,-0.12167933496734888,0.06115881402925353,0.23885429325804594,-0.14061174560096246,-0.07854782721957378,0.4204738091493617,0.04153177588800208,-0.22029028699126835,-0.013110657384795586,-0.7060603339630134,0.4507633159012282,0.17411485956663492,0.21591534607044022,-0.12635553165082206,-0.030880146115442382,0.08545761587105792,0.3956860197698236,-0.387366644833119,-0.29614686232918414,-0.258030028332569,0.021941693220320208,0.023146867507591054,-0.07400230358801996,-0.6537616279669266,0.039481797719532946,-0.11203731912842411,-0.20899352551340222,0.07480423697902856,0.14976671293519073,-0.2771292503043058,-0.2536442745593308,-0.14862989093515502
-0.6101644285735071,-1.3966823025954551,1.4915220589572642,-0.12069604826627299,-0.8181771919273984,-1.0407357644275257,-0.03176186400352421,-0.3902815342240297,0.48424829462485186,1.6917875952372272,-0.86576643981619,1.0135564067949114,1.1479581117697644,1.6427085740792813,0.3884645136062318,-0.23224577038613015,-1.3929351296011263,1.9254150458477042,0.21508772561930678,-0.27993965929543796,0.8711652399662052,-1.712627522055364,0.9046496569438319,1.8887720660578433,-0.06631156285139857,-0.6382852112961738,-1.9680047604621307,0.026036548121608657,1.0334813891229198,-1.1049386523421685,-0.43479618131262737,-1.1151092793804684,0.08402543278742433,0.6260188564324118,-1.7225641667017464,-3.649535853788176,-1.6372360487109823,1.500978750677878,0.31985215297575,0.053624366719394155,0.6644703109889448,-2.0735497075858653,-1.1399316783625006,-3.795191106243204
0.36961574908036604,0.7579369774082958,-0.7973268139043743,0.040159527310727194,0.481230751898406,0.6229410034238323,-0.010595342374320953,0.2518688531241092,-0.2308746993701818,-0.86576643981619,0.5494776727073106,-0.5576777900694838,-0.6889146617222794,-0.9191863248801322,-0.1639821829309136,0.1318538737686306,0.7957600196912893,-1.0442527539116546,-0.0886602867005366,0.13689787594713831,-0.44054189929222265,0.9548907242707088,-0.40702236693440397,-1.0680689097427383,0.06919224331905233,0.32502241995096415,1.1114742251407461,-0.024874389215546255,-0.5095117269632469,0.5814098900437868,0.20895944710067116,0.6375063087089289,-0.07273696820717881,-0.41092492737198133,0.9120141023721084,1.984436056543383,0.9266609151753108,-0.8597178461451334,-0.21037787634863037,-0.022283737246047722,-0.39198708763155204,1.2237653023818227,0.6458917886807338,2.1144064357519428
-1.1274763628674385,-0.07407440885778889,1.6525148227332365,-0.014344219946850905,-0.9538580707404453,-1.3597058425522175,0.05330512035153294,-1.210143886655103,-0.286717674357045,1.0135564067949114,-0.5576777900694838,2.8414990217395832,2.2575114886202865,3.1273392256976464,-0.8879972021257291,-0.04588498274092231,-1.9765144249361957,1.3517937723555669,-0.8488364237812391,0.6598944048229101,1.2900021109547062,0.38271056093658123,-1.282865595810897,2.3346086109296116,-0.8866465389945313,-0.37241683437579554,-4.062080078354485,0.083123015217624,-0.02805934186679373,0.528572383847418,0.44670913505235227,-0.43728497658045307,-0.20166336982509914,2.109849948873169,-2.008461211044109,-3.7675172334192215,-3.3989274053482195,2.888703323704169,1.8061078013358873,0.4901692849634922,1.043998051250378,-3.0459143956558785,-0.6518373281180729,-6.152353534956497
-1.07975587153457,-0.4138437932225443,1.7431424439723973,0.03339327577233652,-0.9309227511036152,-1.4084525199047497,0.17068534601730706,-0.9675959257088472,-0.12167933496734888,1.1479581117697644,-0.6889146617222794,2.2575114886202865,2.2519682202546205,2.6675624585831534,-0.44396569427748517,-0.0829076942661068,-1.851768569845503,1.604551810718671,-0.3838057374380142,0.4820700584263671,1.168900893864314,-0.18069560915660174,-0.7902195014432041,2.3289848283636254,-0.6729783503604394,-0.4982315234153085,-3.4560774037735706,0.19593866354609807,0.2703277738922431,0.0711267140100806,0.25384800881984404,-0.6604125448815861,-0.08925716021656922,1.7084221843547747,-2.0281577971085722,-3.7062724169027557,-2.838585216464093,2.531155630059,1.46130514863358,0.25736361854619033,0.9459191758593954,-2.8676491247360376,-0.8449430975591609,-5.53139727822016
-1.5014225390229852,-0.6767701867042902,2.0607580576175772,-0.11860816455646182,-1.444161732089039,-1.7844815711418756,-0.19920242284104808,-1.4673961613560262,0.06115881402925353,1.6427085740792813,-0.9191863248801322,3.1273392256976464,2.6675624585831534,3.990163727164443,-1.0356057700284271,-0.24266132092227952,-2.515074081006673,2.067308636155632,-1.0953664571217971,0.6630854657545419,1.4983964433483197,-0.12041267312870106,-1.3378930723424725,3.021874898363284,-0.9273464151756748,-0.5519893744566021,-5.079644522601268,0.12233876748938663,0.23792768483682877,0.3321318885480715,0.3030285195933302,-0.7475554940904053,-0.2515936250392363,2.8643838743686163,-2.4638777732374315,-5.160406703859651,-4.133748877788373,3.5314053017089337,2.1779388909887705,0.7506719288938314,1.4916472977752522,-4.2014016753045,-1.066024039367207,-7.843119138906338
0.37870538542749427,-0.6813916662400963,0.16101287441053036,0.03509451345877164,0.2441696074669558,0.13476740376943122,0.24982193562903385,0.5467650707345529,0.23885429325804594,0.3884645136062318,-0.1639821829309136,-0.8879972021257291,-0.44396569427748517,-1.0356057700284271,1.0644953384310225,0.032645977748427354,0.27937427417933736,0.4058376810576121,1.0314317196439517,-0.5804730919739923,-0.07456486428679512,-1.3331927621932673,1.570095251763794,-0.13111325180949987,0.437509780499051,-0.2386780541686402,1.404041729000704,-0.008429352764695228,0.7302272570121418,-1.148248830032374,-0.4975327233512909,-0.5474927921413868,0.25891124841237856,-1.3387823986771419,-0.14080900446828426,-0.011200002377737175,1.0666550423596872,-0.7891146604240975,-1.0595705350338824,-0.5407517415020054,-0.3796932106849253,0.8358091956504565,-0.34786788578739525,1.443396429894715
0.12353505649200733,0.2112206095344768,-0.11577344293402227,0.05179372166653414,0.2064734980370903,0.1258011181335607,0.05982187170182831,0.054167015566447575,-0.14061174560096246,-0.23224577038613015,0.1318538737686306,-0.04588498274092231,-0.0829076942661068,-0.24266132092227952,0.032645977748427354,0.14771739760569777,0.16460034859825315,-0.24362521712954283,0.06144681847080704,0.054300644988697175,-0.04528177513967044,0.2765346641192996,-0.09103273415094819,-0.21185289652194875,-0.020216857387853216,0.06772051268229023,0.2680646593098446,0.0034050355509824635,-0.13510173680766485,0.14208173202981675,0.09011300185504699,0.11990390421815596,-0.01727356785158487,-0.21569312543625832,0.13765282225240055,0.4716412793660192,0.1836320153575359,-0.19331373680613748,-0.09963035337845595,-0.09361622597314055,-0.12157328986976393,0.3563026642868145,0.17437805544788001,0.43131169822884036
1.0003640899027868,0.7923754793468051,-1.685176648584752,0.07625876926421445,0.9817572670507468,1.3448566549123186,-0.0734336828294876,0.8752322773705908,-0.07854782721957378,-1.3929351296011263,0.7957600196912893,-1.9765144249361957,-1.851768569845503,-2.515074081006673,0.27937427417933736,0.16460034859825315,1.8175410799630967,-1.7609386574524388,0.26669999818696843,-0.21840575276423063,-1.1312086219418165,0.7668577055645753,0.23177524453287043,-2.239162590557309,0.5251509311157025,0.5257461408009377,3.1491239355696377,-0.037431391965653094,-0.5084673831289298,0.3495316857663545,0.004259621083801056,0.8687701271147994,0.03796914916508983,-1.4923321872749067,1.9701092620474927,3.890618121671929,2.599243324051453,-2.339877596222229,-1.1664961175319004,-0.2514863296595732,-0.9173043066712054,2.8061493550746315,1.0107841451541664,5.260356384379634
-0.8616483755662843,-1.5260621223006254,1.8933724442175963,-0.11209622699073016,-1.0090858185904854,-1.361511751762362,0.10333461506076226,-0.5620812425194246,0.4204738091493617,1.9254150458477042,-1.0442527539116546,1.3517937723555669,1.604551810718671,2.067308636155632,0.4058376810576121,-0.24362521712954283,-1.7609386574524388,2.3389964028011887,0.33223670110139186,-0.23227163945141288,1.0909888010175262,-1.9447577679410253,0.8957781330800202,2.3577468518095355,-0.19721205619353752,-0.7600940013775126,-2.4812322416783217,0.0381833823803581,1.1380939094717042,-1.2684231392574494,-0.42623866688768436,-1.3719919604736797,0.12117519888828872,0.838977834687372,-2.1928529835296797,-4.387442562794716,-2.073807637031388,1.9901027504914834,0.5330936365018727,0.013285325861100962,0.8183825530779896,-2.6304566100105022,-1.3985221027599042,-4.817035463525902
0.2440586780691068,-0.49301041752859914,0.21148456058873888,0.0021766237340923606,0.23996977003310813,0.06431086200347412,0.4811641492337245,0.4857468959117492,0.04153177588800208,0.21508772561930678,-0.0886602867005366,-0.8488364237812391,-0.3838057374380142,-1.0953664571217971,1.0314317196439517,0.06144681847080704,0.26669999818696843,0.33223670110139186,1.2790792291683746,-0.5020019139470259,-0.012618073915297944,-1.2818045519615264,1.4932828579560358,-0.220508378114414,0.32126808775552146,-0.17569751635041567,1.5616982085135442,-0.11187399813616547,0.6169212291275276,-1.1674586467035493,-0.4813834942169085,-0.6001573705788218,0.30444079958160764,-1.3932604290790926,-0.17267699894191355,0.2068329879081883,1.1885131951870334,-0.7317937726939616,-0.9747412143181419,-0.6566212484183891,-0.4403077578055938,0.8419678351210722,-0.40296930848022083,1.5809477217379415
-0.2582775507253959,0.48505748164975315,0.04666116543704047,0.051859666833550894,-0.08958921905060248,-0.14070872842110008,-0.07288793254980165,-0.3559149179007758,-0.22029028699126835,-0.27993965929543796,0.13689787594713831,0.6598944048229101,0.4820700584263671,0.6630854657545419,-0.5804730919739923,0.054300644988697175,-0.21840575276423063,-0.23227163945141288,-0.5020019139470259,0.5074894938552177,0.10187456058614149,0.9941287217847117,-1.1010091423271784,0.1533307596928231,-0.32905512315053503,0.10427249963743816,-0.9275293741610462,0.09901660957564493,-0.4703518075898734,0.7909400237461914,0.3502484288770565,0.35091918915937054,-0.17904830467795493,0.7846423928869031,-0.022006044764361975,0.007777737099136998,-0.7210259745503969,0.5556086948427089,0.6991597360567078,0.24810966145609104,0.23114189995561335,-0.5083220444038374,0.21344585339146357,-1.0000811205359748
-0.6091194016172381,-0.4590459919123877,1.0950023915273357,-0.05797771636810765,-0.5680880884767174,-0.8329810703299322,0.14289348695914864,-0.5146675256883124,-0.013110657384795586,0.8711652399662052,-0.44054189929222265,1.2900021109547062,1.168900893864314,1.4983964433483197,-0.07456486428679512,-0.04528177513967044,-1.1312086219418165,1.0909888010175262,-0.012618073915297944,0.10187456058614149,0.8181135505778397,-0.5204084033990094,-0.006842224240291343,1.3774772603585308,-0.3404419468190646,-0.33091762165396543,-1.8671948565575929,-0.002665967001525179,0.36373195839597744,-0.28074745434763243,-0.016889507678286942,-0.5875823419635372,-0.0016981410513484492,0.7566525148846598,-1.3102990504892364,-2.428422014912057,-1.563017749433353,1.4283753466233648,0.6600660374122029,0.0703069051398765,0.514078013022155,-1.6409699376877465,-0.6345225194016023,-3.175526295426714
0.19941293448443995,1.9427009018751373,-1.1206771856929267,0.1760628089658603,0.604876706569276,0.6787043325421758,-0.23799277738482622,-0.23505699601035523,-0.7060603339630134,-1.712627522055364,0.9548907242707088,0.38271056093658123,-0.18069560915660174,-0.12041267312870106,-1.3331927621932673,0.2765346641192996,0.7668577055645753,-1.9447577679410253,-1.2818045519615264,0.9941287217847117,-0.5204084033990094,3.1923205153885728,-2.493973714021493,-1.1625284858461005,-0.42021205097556025,0.6184561925083341,-0.14563205794769515,0.1150236963892179,-1.570317826960174,2.2647257807481855,0.9932994073012272,1.6382254634768965,-0.430887491089179,0.8362909894599088,1.3295460651833384,2.845816697775112,-0.05763906069002108,-0.26210783432368434,0.892924419882012,0.47356508208183196,-0.15768653587796536,0.9156489140901475,1.3916188338721314,1.1704536647169226
0.47837739015950603,-1.292270196971681,0.3543682195480725,-0.08288158222586847,0.19405196832127375,0.09290289340758075,0.34779914254991695,0.7685451062845593,0.4507633159012282,0.9046496569438319,-0.40702236693440397,-1.282865595810897,-0.7902195014432041,-1.3378930723424725,1.570095251763794,-0.09103273415094819,0.23177524453287043,0.8957781330800202,1.4932828579560358,-1.1010091423271784,-0.006842224240291343,-2.493973714021493,2.8011292966154704,-1.1074338019884033e-4,0.6930277132223037,-0.4392117964246272,1.9448782721996116,-0.23364825379626075,1.2977440229768744,-2.100657653336513,-0.8964553236617768,-1.0313569027552492,0.4318673264975697,-1.937675197177235,-0.3715818007474788,-0.5552580696576427,1.441242852826362,-0.9731494932009663,-1.6133660017443183,-0.7343400808468303,-0.5040029756051692,0.95945919763263,-0.7334986133961907,1.7234971034726592
-1.1315046674252902,-1.1596107334652994,2.2110270959490297,-0.051563987642859695,-1.137321327272336,-1.6717436279708306,0.0755014399163215,-0.9612621598656772,0.17411485956663492,1.8887720660578433,-1.0680689097427383,2.3346086109296116,2.3289848283636254,3.021874898363284,-0.13111325180949987,-0.21185289652194875,-2.239162590557309,2.3577468518095355,-0.220508378114414,0.1533307596928231,1.3774772603585308,-1.1625284858461005,-1.1074338019884033e-4,2.9894988583011144,-0.5563577309221774,-0.787480222613184,-3.783922412559995,0.08089759512440266,0.8196825749253792,-0.6552033161850025,-0.0273395812761664,-1.1616771819984344,-0.0014518994244335916,1.6782326526086258,-2.57097637253313,-5.02530698762463,-3.1926160337420577,2.845681703829435,1.2400192023128465,0.24470286441188482,1.1059579871358272,-3.364755335158073,-1.341329110585718,-6.5150976166165595
0.3946331968987841,-0.2108465095388131,-0.36784510928583003,-2.0574695843899473e-4,0.26253897451847985,0.368255505957144,-0.04507016983176441,0.431186374486955,0.21591534607044022,-0.06631156285139857,0.06919224331905233,-0.8866465389945313,-0.6729783503604394,-0.9273464151756748,0.437509780499051,-0.020216857387853216,0.5251509311157025,-0.19721205619353752,0.32126808775552146,-0.32905512315053503,-0.3404419468190646,-0.42021205097556025,0.6930277132223037,-0.5563577309221774,0.3728195193036597,0.011339116311257027,1.1972054775635845,-0.003398427249896997,0.22117167957988151,-0.3841836282480585,-0.24950713549421097,0.021418494349322713,0.08548833855087298,-0.7560970736714907,0.4627864362920845,0.7967107445692978,1.0011152239684786,-0.8861415700755106,-0.6716294147211249,-0.17859808063052743,-0.30798592438865857,0.882628237349031,0.0913825664878215,1.7174472298052494
0.19425585345349064,0.5018788497813287,-0.6572137008646861,0.006019747834522854,0.221435897781012,0.41217513740285244,-0.05893336851982041,0.10093905034200165,-0.12635553165082206,-0.6382852112961738,0.32502241995096415,-0.37241683437579554,-0.4982315234153085,-0.5519893744566021,-0.2386780541686402,0.06772051268229023,0.5257461408009377,-0.7600940013775126,-0.17569751635041567,0.10427249963743816,-0.33091762165396543,0.6184561925083341,-0.4392117964246272,-0.787480222613184,0.011339116311257027,0.32219144734252253,0.6648719755495672,-0.00955714852965744,-0.431767808035661,0.48905788885317125,0.141992717003169,0.41287222137752966,-0.045602019203636934,-0.11568867610499307,0.7241702957785401,1.3488304463403369,0.586922915207159,-0.570978109465964,-0.06179423306939839,0.0581573361566278,-0.1983005100119548,0.675592648080688,0.442210910124701,1.4114255778140372
1.858020036032251,0.6969549311581721,-2.5418932069451254,0.09340058087819128,1.7865946796762016,2.212944550026508,0.28938150490233466,1.8735296675356665,-0.030880146115442382,-1.9680047604621307,1.1114742251407461,-4.062080078354485,-3.4560774037735706,-5.079644522601268,1.404041729000704,0.2680646593098446,3.1491239355696377,-2.4812322416783217,1.5616982085135442,-0.9275293741610462,-1.8671948565575929,-0.14563205794769515,1.9448782721996116,-3.783922412559995,1.1972054775635845,0.6648719755495672,6.580551396407708,-0.2513312938787051,-0.1858722006518305,-0.6731388263486322,-0.49291226008062966,0.7966231992833068,0.3693392501630879,-3.7039475328162483,3.0533004592658664,6.3946216950245605,5.323429870721369,-4.477691240672263,-2.861545724754335,-0.9984791227727535,-1.8841437189970875,5.27249313706316,1.1994086754298743,9.957141718415986
-0.010880779334125526,-0.01780936856883557,0.012953515940559393,0.07483600350090441,-0.06739368892495412,-0.020770224905969657,-0.08931627735514375,-0.021742735234338083,0.08545761587105792,0.026036548121608657,-0.024874389215546255,0.083123015217624,0.19593866354609807,0.12233876748938663,-0.008429352764695228,0.0034050355509824635,-0.037431391965653094,0.0381833823803581,-0.11187399813616547,0.09901660957564493,-0.002665967001525179,0.1150236963892179,-0.23364825379626075,0.08089759512440266,-0.003398427249896997,-0.00955714852965744,-0.2513312938787051,0.21225137017137063,-0.006475008435236143,0.18505044573151413,0.04573693682592432,0.04155305023252937,-0.03194518995436025,0.15142364304416236,-0.03621658203559857,-0.14634181970664972,-0.1640025666208665,0.05131179178487413,0.09831142625584233,0.06054621084379545,0.0926574134128958,-0.13827896103681828,0.045084825266377276,-0.210682194034346
-0.10007965999821275,-1.0594626725340581,0.7598056898254723,-0.061422016488626364,-0.29586295495625786,-0.41856993318775476,0.08934862611709578,0.1120577771298809,0.3956860197698236,1.0334813891229198,-0.5095117269632469,-0.02805934186679373,0.2703277738922431,0.23792768483682877,0.7302272570121418,-0.13510173680766485,-0.5084673831289298,1.1380939094717042,0.6169212291275276,-0.4703518075898734,0.36373195839597744,-1.570317826960174,1.2977440229768744,0.8196825749253792,0.22117167957988151,-0.431767808035661,-0.1858722006518305,-0.006475008435236143,0.900678109091227,-1.1571914139505703,-0.4920922481312083,-0.8182271192244995,0.1802392207790336,-0.37626948673691085,-0.8656652172021545,-1.7622375448699903,-0.19447941538428462,0.2852795279518622,-0.4075543986790152,-0.22948568307297104,0.1292652113775282,-0.5712930803430869,-0.7391601343331472,-1.0105278089407819
-0.019107642623493768,1.2816079066745962,-0.7818810536629561,0.10174524049391609,0.1769740511013307,0.3608061201169436,-0.3154748810876431,-0.3341985526228776,-0.387366644833119,-1.1049386523421685,0.5814098900437868,0.528572383847418,0.0711267140100806,0.3321318885480715,-1.148248830032374,0.14208173202981675,0.3495316857663545,-1.2684231392574494,-1.1674586467035493,0.7909400237461914,-0.28074745434763243,2.2647257807481855,-2.100657653336513,-0.6552033161850025,-0.3841836282480585,0.48905788885317125,-0.6731388263486322,0.18505044573151413,-1.1571914139505703,1.810979086499598,0.7271134867740519,1.1176248741432775,-0.34983831210120214,1.040615192197436,0.8629198409202015,1.552883462722965,-0.434363553125482,0.08045522332277674,0.9100547631849817,0.5159348637458642,0.10749056925836915,0.14222533366764484,0.9352518421232079,0.17477704249183332
-0.071535970514103,0.6240483069960004,-0.15114165839620375,0.07302687525615043,0.0876123500474459,0.0428215343463005,-0.03428649426836265,-0.20913530144238626,-0.29614686232918414,-0.43479618131262737,0.20895944710067116,0.44670913505235227,0.25384800881984404,0.3030285195933302,-0.4975327233512909,0.09011300185504699,0.004259621083801056,-0.42623866688768436,-0.4813834942169085,0.3502484288770565,-0.016889507678286942,0.9932994073012272,-0.8964553236617768,-0.0273395812761664,-0.24950713549421097,0.141992717003169,-0.49291226008062966,0.04573693682592432,-0.4920922481312083,0.7271134867740519,0.41764575474305815,0.4177099707840509,-0.12393888611914927,0.4843625558164259,0.1299410777707528,0.4247897943143728,-0.4218896609469986,0.2792982865095687,0.4617733694818598,0.18169181973254728,0.06070969795505017,-0.0597080122102982,0.34609602425372177,-0.3817832119750032
0.4005902604553406,1.0428820381910915,-1.0175240937985552,0.08390791397802123,0.53185300721858,0.7011787010910804,-0.20059204877795853,0.16507026397889055,-0.258030028332569,-1.1151092793804684,0.6375063087089289,-0.43728497658045307,-0.6604125448815861,-0.7475554940904053,-0.5474927921413868,0.11990390421815596,0.8687701271147994,-1.3719919604736797,-0.6001573705788218,0.35091918915937054,-0.5875823419635372,1.6382254634768965,-1.0313569027552492,-1.1616771819984344,0.021418494349322713,0.41287222137752966,0.7966231992833068,0.04155305023252937,-0.8182271192244995,1.1176248741432775,0.4177099707840509,1.039892605693518,-0.19749909161832407,0.00573735500289329,1.2092253553188803,2.36301688201597,0.7152577082937085,-0.8241231569051297,0.07212389910447214,0.19640543849676007,-0.3117534292148965,1.1915941626715285,0.9268634418373833,2.029601912245312
0.055075107773017405,-0.15258038408645652,0.046916425260450666,-3.9740661777941085e-4,0.016786794019823234,5.210146555544074e-4,0.12490959838681048,0.11836724791147801,0.021941693220320208,0.08402543278742433,-0.07273696820717881,-0.20166336982509914,-0.08925716021656922,-0.2515936250392363,0.25891124841237856,-0.01727356785158487,0.03796914916508983,0.12117519888828872,0.30444079958160764,-0.17904830467795493,-0.0016981410513484492,-0.430887491089179,0.4318673264975697,-0.0014518994244335916,0.08548833855087298,-0.045602019203636934,0.3693392501630879,-0.03194518995436025,0.1802392207790336,-0.34983831210120214,-0.12393888611914927,-0.19749909161832407,0.11732436000615422,-0.33957000640516444,-0.06996888107268374,-0.04103125580175749,0.25872610640992394,-0.15501385776839732,-0.2631226291184928,-0.15251400126239906,-0.09407904972989423,0.1643912029199944,-0.13424326620126636,0.3555475407891043
-1.106445698733967,-0.011297897527771234,0.886433107943755,-0.09976942328858611,-1.0340465999223125,-1.0459339611370593,-0.42023639203593444,-1.152628909555955,0.023146867507591054,0.6260188564324118,-0.41092492737198133,2.109849948873169,1.7084221843547747,2.8643838743686163,-1.3387823986771419,-0.21569312543625832,-1.4923321872749067,0.838977834687372,-1.3932604290790926,0.7846423928869031,0.7566525148846598,0.8362909894599088,-1.937675197177235,1.6782326526086258,-0.7560970736714907,-0.11568867610499307,-3.7039475328162483,0.15142364304416236,-0.37626948673691085,1.040615192197436,0.4843625558164259,0.00573735500289329,-0.33957000640516444,2.6586877082548437,-1.093290256018515,-2.7405132424690066,-2.8855313987411573,2.3589914048204457,1.943856797549519,0.8657888180188053,1.1524568003523221,-2.9560792596223284,-0.34321143394366416,-5.131760198390964
0.9835753008254804,1.045101079039136,-2.075305340779402,0.05218941837646566,0.9654286536048531,1.4745283978040102,-0.2668453450434804,0.7810098619106519,-0.07400230358801996,-1.7225641667017464,0.9120141023721084,-2.008461211044109,-2.0281577971085722,-2.4638777732374315,-0.14080900446828426,0.13765282225240055,1.9701092620474927,-2.1928529835296797,-0.17267699894191355,-0.022006044764361975,-1.3102990504892364,1.3295460651833384,-0.3715818007474788,-2.57097637253313,0.4627864362920845,0.7241702957785401,3.0533004592658664,-0.03621658203559857,-0.8656652172021545,0.8629198409202015,0.1299410777707528,1.2092253553188803,-0.06996888107268374,-1.093290256018515,2.4585908270256964,4.4707319850408265,2.5988928845711214,-2.4430809707943,-0.9212069108892218,-0.0257578981144956,-0.8448899133212727,2.7889534318952425,1.275823647552494,5.5611079088604
1.9746727319025006,2.5470585660611103,-3.7551897241898367,0.21804223258482555,2.2311409594716243,2.855139965271036,0.01700378508025903,1.5964023487613905,-0.6537616279669266,-3.649535853788176,1.984436056543383,-3.7675172334192215,-3.7062724169027557,-5.160406703859651,-0.011200002377737175,0.4716412793660192,3.890618121671929,-4.387442562794716,0.2068329879081883,0.007777737099136998,-2.428422014912057,2.845816697775112,-0.5552580696576427,-5.02530698762463,0.7967107445692978,1.3488304463403369,6.3946216950245605,-0.14634181970664972,-1.7622375448699903,1.552883462722965,0.4247897943143728,2.36301688201597,-0.04103125580175749,-2.7405132424690066,4.4707319850408265,9.187167556437162,5.305764605947806,-4.746571978366997,-1.9074095026569728,-0.4607667772132063,-1.9804525081642397,5.99375281330243,2.545045917200903,11.126948380640826
1.4727158835497351,0.5567475367081544,-2.151685326349106,0.053882296127148524,1.389369991372263,1.8042202859862733,0.18151228517589676,1.5173348202197507,0.039481797719532946,-1.6372360487109823,0.9266609151753108,-3.3989274053482195,-2.838585216464093,-4.133748877788373,1.0666550423596872,0.1836320153575359,2.599243324051453,-2.073807637031388,1.1885131951870334,-0.7210259745503969,-1.563017749433353,-0.05763906069002108,1.441242852826362,-3.1926160337420577,1.0011152239684786,0.586922915207159,5.323429870721369,-0.1640025666208665,-0.19447941538428462,-0.434363553125482,-0.4218896609469986,0.7152577082937085,0.25872610640992394,-2.8855313987411573,2.5988928845711214,5.305764605947806,4.430660248413321,-3.7118803473854767,-2.2298209006093463,-0.7584734381023432,-1.5051413307899382,4.218331554436565,1.0087463863981698,8.185303131992027
-1.39467765760523,-0.5593604803926946,2.050451238362178,-0.07867172416853427,-1.2616011913392307,-1.690842694327904,0.04520181989295093,-1.3167943972076224,-0.11203731912842411,1.500978750677878,-0.8597178461451334,2.888703323704169,2.531155630059,3.5314053017089337,-0.7891146604240975,-0.19331373680613748,-2.339877596222229,1.9901027504914834,-0.7317937726939616,0.5556086948427089,1.4283753466233648,-0.26210783432368434,-0.9731494932009663,2.845681703829435,-0.8861415700755106,-0.570978109465964,-4.477691240672263,0.05131179178487413,0.2852795279518622,0.08045522332277674,0.2792982865095687,-0.8241231569051297,-0.15501385776839732,2.3589914048204457,-2.4430809707943,-4.746571978366997,-3.7118803473854767,3.3147913357007615,1.9036522751575558,0.5207465636644841,1.2562736024071395,-3.7359413489692397,-1.0667270317477888,-7.155473273288316
-0.8893664141259578,0.28066218509333235,0.7675964833922478,-0.04536995873079469,-0.7211308557267934,-0.8330981012239432,-0.1138881838347005,-0.925281564203184,-0.20899352551340222,0.31985215297575,-0.21037787634863037,1.8061078013358873,1.46130514863358,2.1779388909887705,-1.0595705350338824,-0.09963035337845595,-1.1664961175319004,0.5330936365018727,-0.9747412143181419,0.6991597360567078,0.6600660374122029,0.892924419882012,-1.6133660017443183,1.2400192023128465,-0.6716294147211249,-0.06179423306939839,-2.861545724754335,0.09831142625584233,-0.4075543986790152,0.9100547631849817,0.4617733694818598,0.07212389910447214,-0.2631226291184928,1.943856797549519,-0.9212069108892218,-1.9074095026569728,-2.2298209006093463,1.9036522751575558,1.6114841363943144,0.567165942528678,0.7869370959629298,-2.16966313370227,-0.19008011775795725,-3.9460227817595155
-0.23131242097581195,0.09290294353698474,-0.030541572940364706,-0.04456169874465456,-0.2708503801699506,-0.113528536561728,-0.3040907112129631,-0.30700309691121486,0.07480423697902856,0.053624366719394155,-0.022283737246047722,0.4901692849634922,0.25736361854619033,0.7506719288938314,-0.5407517415020054,-0.09361622597314055,-0.2514863296595732,0.013285325861100962,-0.6566212484183891,0.24810966145609104,0.0703069051398765,0.47356508208183196,-0.7343400808468303,0.24470286441188482,-0.17859808063052743,0.0581573361566278,-0.9984791227727535,0.06054621084379545,-0.22948568307297104,0.5159348637458642,0.18169181973254728,0.19640543849676007,-0.15251400126239906,0.8657888180188053,-0.0257578981144956,-0.4607667772132063,-0.7584734381023432,0.5207465636644841,0.567165942528678,0.406832404639841,0.33565145903522015,-0.7052312848472841,0.08586273640683108,-1.1505198022731058
-0.5792374525580292,-0.39570775955705695,0.6922754833525867,-0.05818131840170255,-0.6130092146807216,-0.6616959401694321,-0.1780175330844825,-0.5360359177591609,0.14976671293519073,0.6644703109889448,-0.39198708763155204,1.043998051250378,0.9459191758593954,1.4916472977752522,-0.3796932106849253,-0.12157328986976393,-0.9173043066712054,0.8183825530779896,-0.4403077578055938,0.23114189995561335,0.514078013022155,-0.15768653587796536,-0.5040029756051692,1.1059579871358272,-0.30798592438865857,-0.1983005100119548,-1.8841437189970875,0.0926574134128958,0.1292652113775282,0.10749056925836915,0.06070969795505017,-0.3117534292148965,-0.09407904972989423,1.1524568003523221,-0.8448899133212727,-1.9804525081642397,-1.5051413307899382,1.2562736024071395,0.7869370959629298,0.33565145903522015,0.6335828175140964,-1.6636248679160812,-0.4253279174798439,-2.8782119102912924
1.7379602848865912,1.2104112321777352,-2.349251891330713,0.18511471779691507,1.7694928517810877,2.085789529402772,0.16359799256106727,1.515557910790675,-0.2771292503043058,-2.0735497075858653,1.2237653023818227,-3.0459143956558785,-2.8676491247360376,-4.2014016753045,0.8358091956504565,0.3563026642868145,2.8061493550746315,-2.6304566100105022,0.8419678351210722,-0.5083220444038374,-1.6409699376877465,0.9156489140901475,0.95945919763263,-3.364755335158073,0.882628237349031,0.675592648080688,5.27249313706316,-0.13827896103681828,-0.5712930803430869,0.14222533366764484,-0.0597080122102982,1.1915941626715285,0.1643912029199944,-2.9560792596223284,2.7889534318952425,5.99375281330243,4.218331554436565,-3.7359413489692397,-2.16966313370227,-0.7052312848472841,-1.6636248679160812,4.7926129397776345,1.4745795409114522,8.419688032984832
0.5105064619067275,0.9914716949943656,-1.1205989858737717,0.0954518463331776,0.6034383318427061,0.8135165731352739,-0.14646371856891205,0.281741341695032,-0.2536442745593308,-1.1399316783625006,0.6458917886807338,-0.6518373281180729,-0.8449430975591609,-1.066024039367207,-0.34786788578739525,0.17437805544788001,1.0107841451541664,-1.3985221027599042,-0.40296930848022083,0.21344585339146357,-0.6345225194016023,1.3916188338721314,-0.7334986133961907,-1.341329110585718,0.0913825664878215,0.442210910124701,1.1994086754298743,0.045084825266377276,-0.7391601343331472,0.9352518421232079,0.34609602425372177,0.9268634418373833,-0.13424326620126636,-0.34321143394366416,1.275823647552494,2.545045917200903,1.0087463863981698,-1.0667270317477888,-0.19008011775795725,0.08586273640683108,-0.4253279174798439,1.4745795409114522,0.9407232415525782,2.5438525683369066
2.963543286146909,1.8501740595815688,-4.68490923148566,0.19224817092883326,2.8448557667825867,3.7973214585896025,0.14756003408947785,2.794111318343595,-0.14862989093515502,-3.795191106243204,2.1144064357519428,-6.152353534956497,-5.53139727822016,-7.843119138906338,1.443396429894715,0.43131169822884036,5.260356384379634,-4.817035463525902,1.5809477217379415,-1.0000811205359748,-3.175526295426714,1.1704536647169226,1.7234971034726592,-6.5150976166165595,1.7174472298052494,1.4114255778140372,9.957141718415986,-0.210682194034346,-1.0105278089407819,0.17477704249183332,-0.3817832119750032,2.029601912245312,0.3555475407891043,-5.131760198390964,5.5611079088604,11.126948380640826,8.185303131992027,-7.155473273288316,-3.9460227817595155,-1.1505198022731058,-2.8782119102912924,8.419688032984832,2.5438525683369066,16.11742742742195
