V1,V2,V3,V4,V5,V6,V7,V8,V9,V10,V11,V12,V13,V14,V15,V16,V17,V18,V19,V20,V21,V22,V23,V24,V25,V26,V27,V28,V29,V30,V31,V32,V33,V34,V35,V36,V37,V38,V39,V40,V41,V42,V43,V44
4.048161819888391,0.6086705203684818,-0.5438398203955848,0.07153486612783032,1.0349046733879677,2.0331790038458593,-0.483625835898612,-0.3355127525948772,-1.4223284849672577,-1.0511449587902495,-1.4599782957084755,3.629561567013826,-0.3910781269122528,0.09101783026612043,1.3473834724352343,-0.05431232390048832,0.5131877054264423,-1.4822217566918694,-3.163621397896919,-3.511033421226564,1.8884516355553023,-1.0276596292570204,4.129376716423455,-2.4153160630161103,-0.9465072871019499,0.6305749692035221,-0.07728789300299903,-0.9964953633816747,-0.1713362449802895,-0.5468972732561443,3.5963992569155074,0.07904324264698194,2.245015677855804,-2.821430039722405,1.5119456068912416,-0.6824050177091064,-1.1143871936916945,-1.559182756256663,-2.2078164173186403,1.5519014851140627,0.49245643334824685,2.995544438795737,1.066370009776341,1.7466051477892748
0.6086705203684818,0.3245102576492503,-0.9890591449862801,0.32715366189832074,0.3074076083594172,0.6508235518805847,-0.27629809662238736,0.09649153006837889,-0.20501024422610023,-0.07703193877598986,-9.571641913039303e-4,0.9294181649970609,-0.4245410425467203,-0.2290816658503052,-0.030848068508099232,0.6847535892169038,0.07473967800313275,-0.6055944418729612,-0.4051885523640974,-0.41348100561611345,0.10115828647786122,-0.28770545563927863,-0.025964669083775357,0.44770319696810945,-0.13335216201702438,0.4601566519779335,-0.2775499582622039,0.33084947004710835,-0.13766611384100993,0.4170482271942087,0.12121058085566115,-0.4079853093241598,0.07058252401171297,-0.7245459685884134,-0.3809396745407061,-0.6890310020111847,-1.0497303612328017,-0.014920866491862809,-0.856797652679104,-0.10148715901847881,-0.35110299012977714,0.7736051593093854,0.662268431816816,-0.02251543390436309
-0.5438398203955848,-0.9890591449862801,3.661465112673591,-1.3595739906983138,-0.7293768165121326,-1.6317935840239053,0.8863757815625838,-0.5672869653467062,0.10591524127078888,-0.15793524255921335,-0.8136677453062872,-1.9635550480923638,1.7258791332962877,0.8593454035943364,0.7394115266867641,-2.8926664418167465,-0.09768714604072863,1.6800465061034981,0.08058115201412894,-0.10451020626042691,0.4988729748946171,0.5961042671761208,2.104279403661119,-3.09841044174744,0.028881171770299554,-1.5869406077201638,1.092944745787617,-1.8573881653821604,0.4754528238837925,-2.066726781896049,1.3008640078230576,1.7183243041113285,0.7898317038059031,1.5320431283354892,2.2161627857480597,2.393663252259083,3.696111280440036,-0.702747597223295,2.5360937925060876,1.2408740737264203,1.5096767652001608,-1.7396824996268507,-1.9922611445733909,0.8403835080983836
0.07153486612783032,0.32715366189832074,-1.3595739906983138,0.6892119991583237,0.22246513684860378,0.5361087048299038,-0.34858010232865183,0.28193953661528015,0.09906947493071631,0.05471006581983293,0.6196013767217875,0.5415937817000122,-1.0529567893660006,-0.16419604479654862,-0.3174775927753577,1.380266520738519,0.08893361162102806,-0.5236795147349795,0.19244067086740826,0.37763947087426186,-0.30517998887408154,-0.06593702249057735,-1.1113282579732,1.640481444159121,0.13669704539555838,0.682391298736974,-0.46549671941479576,0.8962614612983615,-0.19263994659890288,1.0976577575866693,-0.8361048253821232,-0.7736994712667845,-0.43420063634994943,-0.41982606845895376,-0.9068252609617449,-0.8445036945088192,-1.457242950789915,0.39655664849511113,-1.182159807504231,-0.7463997104139722,-0.39072374530655435,0.6638476977641052,0.4652202460600434,-0.2766764206453898
1.0349046733879677,0.3074076083594172,-0.7293768165121326,0.22246513684860378,0.36356347807653194,0.7444136382086253,-0.255801253163688,0.009286646570195848,-0.35873146500722786,-0.21575942717015562,-0.23340722447434273,1.1783924702313504,-0.33416541930141386,-0.136081063097369,0.19249854749082168,0.43449825060335834,0.12901543720997832,-0.6284286893767976,-0.7641023002705253,-0.8251200478817622,0.36453073713857387,-0.3504291551627396,0.6364698176833223,-0.09342751079190144,-0.23722025607344066,0.3979053339152938,-0.19227172797248548,0.056557917205116354,-0.11643759466195822,0.18235204263546814,0.6485485194440356,-0.2518901965410423,0.40086506151392715,-0.9173428543886515,-0.009040718939918042,-0.5564894526882315,-0.8580675909362149,-0.2565072629483833,-0.9032483120084905,0.18100933493828963,-0.15242771939777408,0.97517670311573,0.601463734664224,0.2602114792064342
2.0331790038458593,0.6508235518805847,-1.6317935840239053,0.5361087048299038,0.7444136382086253,1.5363386386373306,-0.552231868558071,0.05993424462085343,-0.6876873335851279,-0.4123514198909744,-0.36709803622782833,2.3862973038687496,-0.8048310017174506,-0.2940243221299624,0.32789537767005095,1.0529800722890805,0.26434809809329074,-1.3088556451461106,-1.4658318011379476,-1.559212175486469,0.6667417129826281,-0.6973567343761634,1.0783586944338903,0.0590094575490965,-0.4450794500132855,0.8791754877407644,-0.44529226302321007,0.24347086094067738,-0.25631680705682997,0.5172981851960072,1.1446444899422423,-0.6072797303819176,0.7184050541003993,-1.8574855825765906,-0.15506817147809657,-1.2161903265773202,-1.8959909603349325,-0.4425914389418152,-1.9386913044516716,0.24459238674315043,-0.36110345571436164,2.0042732084979296,1.2507641764743649,0.464385679108211
-0.483625835898612,-0.27629809662238736,0.8863757815625838,-0.34858010232865183,-0.255801253163688,-0.552231868558071,0.252011913609841,-0.1101900584207099,0.13463650221507736,0.06414562474950646,-0.10241408385955476,-0.7577989341147607,0.5021444789931556,0.16007930609907065,0.048895888333982965,-0.7075590705479303,-0.07985350196301363,0.5058066632396945,0.2792361339916469,0.25024286180975197,-0.043710236464737165,0.20659025086540012,0.14700601901499916,-0.5636051951121422,0.06994570917497249,-0.4380521774607391,0.2669276345031648,-0.3654228862395811,0.12787529231376174,-0.47683734169699654,0.018323926305196577,0.40777349321696255,-0.00840449057148868,0.5900914269890115,0.37657874100030675,0.6022902692628974,0.9624105084691971,-0.036517604415388615,0.8290942063886496,0.18575682710109062,0.2683112689877257,-0.6828344524212937,-0.507637958327962,0.020178274423490145
-0.3355127525948772,0.09649153006837889,-0.5672869653467062,0.28193953661528015,0.009286646570195848,0.05993424462085343,-0.1101900584207099,0.15076252040551386,0.16186096194633698,0.12552842694265665,0.3780847372449739,-0.07394593018875455,-0.38629779596485886,-0.10437955335084266,-0.2671918063624312,0.5920074419789243,-0.01566097002111006,-0.11089442577966324,0.35878516206372685,0.4600896098391955,-0.3027636031886505,0.046569020439336216,-0.8547665533066849,0.9107323288611464,0.13256023644753853,0.23809854326832605,-0.19654215962893995,0.47503630936465774,-0.06933100119650065,0.5070815228585271,-0.6755102229421209,-0.34133227715333625,-0.39227399884112507,0.05741828564828348,-0.5455017975511113,-0.32542930276165627,-0.54572290265408,0.3107811542765975,-0.29535405203456033,-0.44888984598995646,-0.2479904285159769,0.014373957413296124,0.14753452804717085,-0.29717874620374995
-1.4223284849672577,-0.20501024422610023,0.10591524127078888,0.09906947493071631,-0.35873146500722786,-0.6876873335851279,0.13463650221507736,0.16186096194633698,0.5492216207379277,0.3563132270418564,0.6730045650245786,-1.2803576014833613,-0.11584469799867153,0.03016493687310408,-0.4927658689432032,0.23629378474179621,-0.14457170432286703,0.5161319979036745,1.18053378176609,1.361352212962103,-0.7099427393344011,0.41391609660008954,-1.6082603720848987,1.1324581478734548,0.39460355466240987,-0.13161990713444402,-0.027748928805725902,0.4817242689442406,0.039492327738415885,0.39758933387650736,-1.4230002364704617,-0.13266579587903657,-0.8471618185618557,0.9967633002932211,-0.6006952393286257,0.2023655259196349,0.2545310180164911,0.6109996001481599,0.5686900708477599,-0.6966711897713082,-0.11146213200519653,-0.9656571198057278,-0.458584343174774,-0.5896748741678304
-1.0511449587902495,-0.07703193877598986,-0.15793524255921335,0.05471006581983293,-0.21575942717015562,-0.4123514198909744,0.06414562474950646,0.12552842694265665,0.3563132270418564,0.30681894234091256,0.40515194217999045,-0.802423594734211,0.05339652686602893,-0.13210471674984695,-0.4275960449624588,0.19212726966679577,-0.14590390939655654,0.24830523010370706,0.8246131202715049,0.9114319538909175,-0.5411749867536376,0.20150412136240908,-1.2536614640462613,0.8257243693409736,0.22827592689115914,-0.06180362714617018,-0.057670435613032346,0.3885518721176177,0.011236329457973196,0.2542006824611255,-1.0325636709982258,-0.13738959186835906,-0.6606103230202747,0.6226681666936229,-0.5893763135823041,-0.021945500122527654,0.0163417880168268,0.4631523647923496,0.4527658275091741,-0.47394153227472996,-0.30167317908984653,-0.690074952350148,-0.06814911820747696,-0.5646947801820117
-1.4599782957084755,-9.571641913039303e-4,-0.8136677453062872,0.6196013767217875,-0.23340722447434273,-0.36709803622782833,-0.10241408385955476,0.3780847372449739,0.6730045650245786,0.40515194217999045,1.2025982582109471,-1.0083937281234427,-0.9444677451316197,-0.03890500561236366,-0.7376811666786087,1.264033394541036,-0.0752691399392312,0.20590693546868502,1.4129151944047866,1.7573383853594924,-0.9743710148895983,0.42558828324850595,-2.509028181625034,2.417872732328434,0.5408356482225024,0.35168721303310624,-0.3607089473185021,1.1629511372513368,-0.09419844299614816,1.2453236611669485,-2.136214990339794,-0.6990708987195294,-1.2100166626355406,0.7872325657723873,-1.2606834752786933,-0.3524738678395355,-0.7487116448606008,0.9384509600900571,-0.277609286021937,-1.3046732237435108,-0.335710188188469,-0.5449052272759529,-0.23211427705224158,-0.7893725846620795
3.629561567013826,0.9294181649970609,-1.9635550480923638,0.5415937817000122,1.1783924702313504,2.3862973038687496,-0.7577989341147607,-0.07394593018875455,-1.2803576014833613,-0.802423594734211,-1.0083937281234427,3.895747930739756,-0.8583386409568612,-0.34682343609111516,0.8274098946272735,1.0192544816691909,0.44253329342923076,-1.9636787602430383,-2.7459891507585494,-3.0064987359926345,1.4081581278618311,-1.163214208028327,2.6882561477577793,-0.9288176195558606,-0.8589912004586365,1.1370895173958104,-0.4897871349120314,-0.14557670465186082,-0.33098748036176123,0.25953286235260903,2.5896979967787845,-0.5865008035063721,1.5909695944993194,-3.0316993883933208,0.3703692668931621,-1.5737412703892109,-2.4136896644415704,-1.057875993276885,-2.7705117931208303,0.8940302838203448,-0.2901494939965998,3.189374606062476,1.8245442612903109,1.0819537203291731
-0.3910781269122528,-0.4245410425467203,1.7258791332962877,-1.0529567893660006,-0.33416541930141386,-0.8048310017174506,0.5021444789931556,-0.38629779596485886,-0.11584469799867153,0.05339652686602893,-0.9444677451316197,-0.8583386409568612,1.7832230049465214,0.022154143294787137,0.28768660659720696,-2.018866155672129,-0.22242199150681613,0.6955708237463637,-0.12887894194455746,-0.44431078702848065,0.2967439887805145,0.02476839072240395,1.2667432486105763,-2.278656065448442,-0.2246523723625312,-1.0075038672219978,0.6441966944961189,-1.2138353807517046,0.27310475923551325,-1.6445375900202504,1.0136051754368778,1.087235051943656,0.43754313012226015,0.6625482498308575,1.0355898885780237,1.0614195441635512,2.000388118473723,-0.46225583376768453,1.9543716450167525,1.0547731058227099,0.2391652286503377,-1.1627497114477883,-0.38811093759369086,0.10767370548010724
0.09101783026612043,-0.2290816658503052,0.8593454035943364,-0.16419604479654862,-0.136081063097369,-0.2940243221299624,0.16007930609907065,-0.10437955335084266,0.03016493687310408,-0.13210471674984695,-0.03890500561236366,-0.34682343609111516,0.022154143294787137,0.3604545083083497,0.25827178118946736,-0.4436026999864059,0.06689342710783146,0.38018436918933607,-0.04839601378854715,-0.018807197665413177,0.17566008396821187,0.2001214229662516,0.5729739616260378,-0.5290272323637777,0.0600725598870758,-0.25488204967560363,0.2099508414914015,-0.35730771730972477,0.08822863973943491,-0.2596501331401441,0.3082511930157202,0.3094002572145669,0.2594439053546478,0.2738737084268637,0.6009255912506422,0.5738903936099974,0.7431974132022919,-0.1837365371847403,0.22272670677117073,0.18114832730307565,0.5682408966744747,-0.16000212952603599,-0.6496698849765457,0.3882445347947908
1.3473834724352343,-0.030848068508099232,0.7394115266867641,-0.3174775927753577,0.19249854749082168,0.32789537767005095,0.048895888333982965,-0.2671918063624312,-0.4927658689432032,-0.4275960449624588,-0.7376811666786087,0.8274098946272735,0.28768660659720696,0.25827178118946736,0.6847282733303679,-0.7539104059945085,0.16542644950224505,-0.11183264470053561,-1.137990513058341,-1.3101190791109778,0.8200861644119716,-0.22107323770955287,2.0514213207392733,-1.671096257107341,-0.33710069031771484,-0.172527320154793,0.2504259191371764,-0.8379096838899538,0.05853382762374061,-0.7226931193261438,1.6483383766142807,0.46633669179219656,1.0253559197959627,-0.6415749607938463,1.1231142701135413,0.36424794931513627,0.5358704249253912,-0.7507541009179906,-0.16863557601102638,0.8819634760892662,0.5734360144058805,0.6570040079870993,-0.12613645453373695,0.8597072851141578
-0.05431232390048832,0.6847535892169038,-2.8926664418167465,1.380266520738519,0.43449825060335834,1.0529800722890805,-0.7075590705479303,0.5920074419789243,0.23629378474179621,0.19212726966679577,1.264033394541036,1.0192544816691909,-2.018866155672129,-0.4436026999864059,-0.7539104059945085,2.8133434933283747,0.12802129524999567,-1.0804230194897255,0.5118358814211904,0.8724254259730849,-0.7221005705527371,-0.1552092916717381,-2.500969773729846,3.436636667483676,0.27992550395696575,1.3766052201891743,-0.9654843489198149,1.8886880513568767,-0.39471665226515695,2.2245849806365694,-1.8585164062293247,-1.5995768825447734,-1.0137342064987407,-0.791284904682253,-2.0130416593455784,-1.7976637658681265,-3.0182264251577164,0.8885617750888518,-2.26564486404006,-1.560681685225279,-0.9678715346942349,1.2148100533684167,1.07799214838303,-0.7354113291107912
0.5131877054264423,0.07473967800313275,-0.09768714604072863,0.08893361162102806,0.12901543720997832,0.26434809809329074,-0.07985350196301363,-0.01566097002111006,-0.14457170432286703,-0.14590390939655654,-0.0752691399392312,0.44253329342923076,-0.22242199150681613,0.06689342710783146,0.16542644950224505,0.12802129524999567,0.09215291149092653,-0.17675627918608353,-0.3528207048879468,-0.3547209406459043,0.21249577294061495,-0.0859953962715129,0.4317542645348676,-0.12728967384357523,-0.07467905454300354,0.1326488556680312,-0.04015310039942378,-0.04712352936840497,-0.03272637815123148,0.0637648811988414,0.3540463156552999,-0.051689280551903076,0.2516489429212704,-0.3425729444587069,0.1633831047781069,-0.0922691304491196,-0.20949868290099868,-0.15945677134638322,-0.413203504796001,0.09744371411302917,0.12412135779815671,0.43197909242530647,0.054604120150841574,0.250117086753535
-1.4822217566918694,-0.6055944418729612,1.6800465061034981,-0.5236795147349795,-0.6284286893767976,-1.3088556451461106,0.5058066632396945,-0.11089442577966324,0.5161319979036745,0.24830523010370706,0.20590693546868502,-1.9636787602430383,0.6955708237463637,0.38018436918933607,-0.11183264470053561,-1.0804230194897255,-0.17675627918608353,1.17385215582849,1.0553628837579188,1.1218642773621466,-0.3989271474094173,0.6068726327706689,-0.475512214456461,-0.39713825243706935,0.34463567776216,-0.8156622535767124,0.4562063526187954,-0.40222937529529146,0.242975638206147,-0.582783459032588,-0.6563412787033357,0.643135593338276,-0.39248685931809074,1.5300167630130597,0.43717019081721387,1.2108514545928093,1.8371894711362282,0.22123836422236112,1.6327624140892363,-0.045852241952431844,0.5344164755497626,-1.6128191076014071,-1.2361788254775712,-0.16353074857507846
-3.163621397896919,-0.4051885523640974,0.08058115201412894,0.19244067086740826,-0.7641023002705253,-1.4658318011379476,0.2792361339916469,0.35878516206372685,1.18053378176609,0.8246131202715049,1.4129151944047866,-2.7459891507585494,-0.12887894194455746,-0.04839601378854715,-1.137990513058341,0.5118358814211904,-0.3528207048879468,1.0553628837579188,2.5843824489972995,2.9468433572721513,-1.584717010961307,0.8413117702034999,-3.6036920166332718,2.476382349320436,0.8253884804589842,-0.27914039338241786,-0.08086400519622183,1.0783023245049226,0.07812357784171649,0.8318537291477647,-3.1322588173475308,-0.30983740239823476,-1.901664284701228,2.136418883180927,-1.4297896406647403,0.33422759700295,0.4622203373396102,1.3593231223570506,1.3130694042810043,-1.5026199557749202,-0.4090838840130191,-2.1418417498835094,-0.8200886469529327,-1.4048531903677677
-3.511033421226564,-0.41348100561611345,-0.10451020626042691,0.37763947087426186,-0.8251200478817622,-1.559212175486469,0.25024286180975197,0.4600896098391955,1.361352212962103,0.9114319538909175,1.7573383853594924,-3.0064987359926345,-0.44431078702848065,-0.018807197665413177,-1.3101190791109778,0.8724254259730849,-0.3547209406459043,1.1218642773621466,2.9468433572721513,3.4156711635521986,-1.8266888987501848,0.9728709700235239,-4.236237525074708,3.133399734399433,0.9800146848982147,-0.17517084813009373,-0.17696592503759212,1.3878930304594979,0.05263731982987067,1.1919848113393174,-3.688340515519387,-0.5007970276676872,-2.201910088457492,2.34101209635722,-1.7295872699606125,0.26288212081086204,0.26836704928924554,1.5987861058487705,1.1839862493033704,-1.8618045000470853,-0.4407947048486117,-2.249965454232992,-0.9364619113206449,-1.568010820395478
1.8884516355553023,0.10115828647786122,0.4988729748946171,-0.30517998887408154,0.36453073713857387,0.6667417129826281,-0.043710236464737165,-0.3027636031886505,-0.7099427393344011,-0.5411749867536376,-0.9743710148895983,1.4081581278618311,0.2967439887805145,0.17566008396821187,0.8200861644119716,-0.7221005705527371,0.21249577294061495,-0.3989271474094173,-1.584717010961307,-1.8266888987501848,1.0564896941441781,-0.4211842474080234,2.5405952264883087,-1.966200033896667,-0.498136569663924,-0.05368455067209232,0.20856989865867037,-0.9329462370021677,0.021025612650425258,-0.7966814461981044,2.1221514628847533,0.4376148761328264,1.2956530255102547,-1.0941316876530214,1.2198425253212768,0.1536187256662591,0.2552763007565288,-0.9436463876225256,-0.46800160851974093,1.0981692595659571,0.5010161845051401,1.0840441412604485,0.18633907296555316,1.0107129185807542
-1.0276596292570204,-0.28770545563927863,0.5961042671761208,-0.06593702249057735,-0.3504291551627396,-0.6973567343761634,0.20659025086540012,0.046569020439336216,0.41391609660008954,0.20150412136240908,0.42558828324850595,-1.163214208028327,0.02476839072240395,0.2001214229662516,-0.22107323770955287,-0.1552092916717381,-0.0859953962715129,0.6068726327706689,0.8413117702034999,0.9728709700235239,-0.4211842474080234,0.40616096766454557,-0.836092567204747,0.44966229583579587,0.30807941064085126,-0.27864692249490636,0.11849347268849929,0.11279861919753034,0.08798446993333696,0.07472320031352327,-0.843330402624293,0.11414570664677452,-0.47473840616699686,0.9075665462481896,-0.09136185538238811,0.48989699399865894,0.6636570513186798,0.3353259243901137,0.6384278236581289,-0.3671578790396432,0.21024557487156056,-0.856446009135033,-0.6791926520340358,-0.23908823627051481
4.129376716423455,-0.025964669083775357,2.104279403661119,-1.1113282579732,0.6364698176833223,1.0783586944338903,0.14700601901499916,-0.8547665533066849,-1.6082603720848987,-1.2536614640462613,-2.509028181625034,2.6882561477577793,1.2667432486105763,0.5729739616260378,2.0514213207392733,-2.500969773729846,0.4317542645348676,-0.475512214456461,-3.6036920166332718,-4.236237525074708,2.5405952264883087,-0.836092567204747,6.370731026257673,-5.40445281519498,-1.157335515713023,-0.5782252425567451,0.7814852138867859,-2.6605184265656874,0.18032235120214868,-2.452624364615458,5.224080069210188,1.4892244007813817,3.1633918959086156,-2.0888913801854465,3.3590155552805423,0.975566261311221,1.5968275132460938,-2.349147901799832,-0.28534787470256273,2.89057891980074,1.472514362034461,1.954535429026197,-0.027509010399319116,2.4792228252671547
-2.4153160630161103,0.44770319696810945,-3.09841044174744,1.640481444159121,-0.09342751079190144,0.0590094575490965,-0.5636051951121422,0.9107323288611464,1.1324581478734548,0.8257243693409736,2.417872732328434,-0.9288176195558606,-2.278656065448442,-0.5290272323637777,-1.671096257107341,3.436636667483676,-0.12728967384357523,-0.39713825243706935,2.476382349320436,3.133399734399433,-1.966200033896667,0.44966229583579587,-5.40445281519498,5.575587206418599,0.9148001648712651,1.290044187423368,-1.1116306171000991,2.8562903670784348,-0.37240588558727644,3.031898546452521,-4.34972631379365,-1.970328931114319,-2.5187307482156527,0.7236700323890125,-3.2608538973862697,-1.7149772854266563,-2.9449873802040796,1.9783552707013905,-1.4802440828990777,-2.8104887013942554,-1.3718437585635184,-0.27455877610014595,0.5796045981683492,-1.8541205335684352
-0.9465072871019499,-0.13335216201702438,0.028881171770299554,0.13669704539555838,-0.23722025607344066,-0.4450794500132855,0.06994570917497249,0.13256023644753853,0.39460355466240987,0.22827592689115914,0.5408356482225024,-0.8589912004586365,-0.2246523723625312,0.0600725598870758,-0.33710069031771484,0.27992550395696575,-0.07467905454300354,0.34463567776216,0.8253884804589842,0.9800146848982147,-0.498136569663924,0.30807941064085126,-1.157335515713023,0.9148001648712651,0.29993115689774785,-0.03716382048162572,-0.048561328110794034,0.39429825152745734,0.014616608023108725,0.38207140276863,-1.0378447359416525,-0.1464995736201609,-0.5949914498239863,0.6693992885695752,-0.4343711622898765,0.11861296840304517,0.09686859075899844,0.4420234223589878,0.2596061039759474,-0.5504013470999868,-0.032850719705056354,-0.5938408875326172,-0.3601459987183864,-0.37466626056259755
0.6305749692035221,0.4601566519779335,-1.5869406077201638,0.682391298736974,0.3979053339152938,0.8791754877407644,-0.4380521774607391,0.23809854326832605,-0.13161990713444402,-0.06180362714617018,0.35168721303310624,1.1370895173958104,-1.0075038672219978,-0.25488204967560363,-0.172527320154793,1.3766052201891743,0.1326488556680312,-0.8156622535767124,-0.27914039338241786,-0.17517084813009373,-0.05368455067209232,-0.27864692249490636,-0.5782252425567451,1.290044187423368,-0.03716382048162572,0.7901718619625088,-0.49888264843466457,0.7755662648519868,-0.22797341281840733,0.9888760431730806,-0.3214943148901137,-0.7849282334791674,-0.14384824948037184,-0.8846159446518327,-0.7905066784872335,-1.0497477431550746,-1.7188549133849522,0.18677709562047062,-1.4592612212499745,-0.49970508672445346,-0.46868191638209344,1.0901478357496714,0.7932584021245168,-0.12047174022406379
-0.07728789300299903,-0.2775499582622039,1.092944745787617,-0.46549671941479576,-0.19227172797248548,-0.44529226302321007,0.2669276345031648,-0.19654215962893995,-0.027748928805725902,-0.057670435613032346,-0.3607089473185021,-0.4897871349120314,0.6441966944961189,0.2099508414914015,0.2504259191371764,-0.9654843489198149,-0.04015310039942378,0.4562063526187954,-0.08086400519622183,-0.17696592503759212,0.20856989865867037,0.11849347268849929,0.7814852138867859,-1.1116306171000991,-0.048561328110794034,-0.49888264843466457,0.34612962770534766,-0.6337854874781679,0.14604542541912569,-0.7307005603457335,0.5418247816002291,0.55947951243786,0.30621920623609533,0.38152426374600956,0.7082504455416503,0.6967777285039648,1.123738538095163,-0.2710797184446744,0.8129536847058693,0.47981030724970675,0.4047892231938803,-0.49470022971123817,-0.49931122673860406,0.260241067903496
-0.9964953633816747,0.33084947004710835,-1.8573881653821604,0.8962614612983615,0.056557917205116354,0.24347086094067738,-0.3654228862395811,0.47503630936465774,0.4817242689442406,0.3885518721176177,1.1629511372513368,-0.14557670465186082,-1.2138353807517046,-0.35730771730972477,-0.8379096838899538,1.8886880513568767,-0.04712352936840497,-0.40222937529529146,1.0783023245049226,1.3878930304594979,-0.9329462370021677,0.11279861919753034,-2.6605184265656874,2.8562903670784348,0.39429825152745734,0.7755662648519868,-0.6337854874781679,1.501382974674962,-0.22682347989548501,1.5990490477409727,-2.084569948920267,-1.0931077131975206,-1.215776726096456,0.11307188792326356,-1.7359670787985728,-1.078884098122464,-1.7883180222072084,0.9640878116639012,-0.9749319669799755,-1.3955222720999019,-0.818512185236002,0.10359164038647896,0.5352466883426787,-0.9374750930758683
-0.1713362449802895,-0.13766611384100993,0.4754528238837925,-0.19263994659890288,-0.11643759466195822,-0.25631680705682997,0.12787529231376174,-0.06933100119650065,0.039492327738415885,0.011236329457973196,-0.09419844299614816,-0.33098748036176123,0.27310475923551325,0.08822863973943491,0.05853382762374061,-0.39471665226515695,-0.03272637815123148,0.242975638206147,0.07812357784171649,0.05263731982987067,0.021025612650425258,0.08798446993333696,0.18032235120214868,-0.37240588558727644,0.014616608023108725,-0.22797341281840733,0.14604542541912569,-0.22682347989548501,0.06680904695021676,-0.27939401231581823,0.09760385601960807,0.22811120672868793,0.04879165385857402,0.2579093974220883,0.24310410232429946,0.31516170011318095,0.505199684587878,-0.05784937069556773,0.40891121075073605,0.14173086144400718,0.15669171138018043,-0.30719319075101104,-0.2512182975686995,0.05076018669492765
-0.5468972732561443,0.4170482271942087,-2.066726781896049,1.0976577575866693,0.18235204263546814,0.5172981851960072,-0.47683734169699654,0.5070815228585271,0.39758933387650736,0.2542006824611255,1.2453236611669485,0.25953286235260903,-1.6445375900202504,-0.2596501331401441,-0.7226931193261438,2.2245849806365694,0.0637648811988414,-0.582783459032588,0.8318537291477647,1.1919848113393174,-0.7966814461981044,0.07472320031352327,-2.452624364615458,3.031898546452521,0.38207140276863,0.9888760431730806,-0.7307005603457335,1.5990490477409727,-0.27939401231581823,1.8577798041510987,-1.9334905475496682,-1.251195017007335,-1.060047265201795,-0.1995387748099856,-1.6863411609156473,-1.2246952842162158,-2.1382874548449013,0.8905626676373259,-1.5424731975577504,-1.4576809457951196,-0.6816065247231557,0.5740758449570834,0.5402664618138395,-0.7141510324760916
3.5963992569155074,0.12121058085566115,1.3008640078230576,-0.8361048253821232,0.6485485194440356,1.1446444899422423,0.018323926305196577,-0.6755102229421209,-1.4230002364704617,-1.0325636709982258,-2.136214990339794,2.5896979967787845,1.0136051754368778,0.3082511930157202,1.6483383766142807,-1.8585164062293247,0.3540463156552999,-0.6563412787033357,-3.1322588173475308,-3.688340515519387,2.1221514628847533,-0.843330402624293,5.224080069210188,-4.34972631379365,-1.0378447359416525,-0.3214943148901137,0.5418247816002291,-2.084569948920267,0.09760385601960807,-1.9334905475496682,4.372245050662343,1.0881085951008735,2.617028746693008,-2.0143848893084955,2.575466924031308,0.49552575866729653,0.9041954429539215,-1.941468005309147,-0.46599606303029956,2.389423000327426,0.9752672100373471,1.8594363589611236,0.3446556343940389,1.962898444271514
0.07904324264698194,-0.4079853093241598,1.7183243041113285,-0.7736994712667845,-0.2518901965410423,-0.6072797303819176,0.40777349321696255,-0.34133227715333625,-0.13266579587903657,-0.13738959186835906,-0.6990708987195294,-0.5865008035063721,1.087235051943656,0.3094002572145669,0.46633669179219656,-1.5995768825447734,-0.051689280551903076,0.643135593338276,-0.30983740239823476,-0.5007970276676872,0.4376148761328264,0.11414570664677452,1.4892244007813817,-1.970328931114319,-0.1464995736201609,-0.7849282334791674,0.55947951243786,-1.0931077131975206,0.22811120672868793,-1.251195017007335,1.0881085951008735,0.9210665920452507,0.6134979334588457,0.45623044334662294,1.2113748583296409,1.0727410964440618,1.7586873096743023,-0.5260067718464917,1.24429396682507,0.8869674633785107,0.6347642869307326,-0.6606067050819472,-0.6973481370506988,0.4848338130960547
2.245015677855804,0.07058252401171297,0.7898317038059031,-0.43420063634994943,0.40086506151392715,0.7184050541003993,-0.00840449057148868,-0.39227399884112507,-0.8471618185618557,-0.6606103230202747,-1.2100166626355406,1.5909695944993194,0.43754313012226015,0.2594439053546478,1.0253559197959627,-1.0137342064987407,0.2516489429212704,-0.39248685931809074,-1.901664284701228,-2.201910088457492,1.2956530255102547,-0.47473840616699686,3.1633918959086156,-2.5187307482156527,-0.5949914498239863,-0.14384824948037184,0.30621920623609533,-1.215776726096456,0.04879165385857402,-1.060047265201795,2.617028746693008,0.6134979334588457,1.6003759820924943,-1.2365353001786847,1.583246439131427,0.31028772212219496,0.49727237967240484,-1.1704697997829763,-0.43881648278757707,1.3817566305432494,0.6848405941633053,1.2170092554208278,0.11633313811507101,1.2623084862664489
-2.821430039722405,-0.7245459685884134,1.5320431283354892,-0.41982606845895376,-0.9173428543886515,-1.8574855825765906,0.5900914269890115,0.05741828564828348,0.9967633002932211,0.6226681666936229,0.7872325657723873,-3.0316993883933208,0.6625482498308575,0.2738737084268637,-0.6415749607938463,-0.791284904682253,-0.3425729444587069,1.5300167630130597,2.136418883180927,2.34101209635722,-1.0941316876530214,0.9075665462481896,-2.0888913801854465,0.7236700323890125,0.6693992885695752,-0.8846159446518327,0.38152426374600956,0.11307188792326356,0.2579093974220883,-0.1995387748099856,-2.0143848893084955,0.45623044334662294,-1.2365353001786847,2.3596748706775306,-0.28477385062617394,1.2272290683629876,1.8796731650458596,0.8222823763339181,2.1519011340019367,-0.6969511994835806,0.23159599432128225,-2.4793448991152656,-1.425748946005799,-0.8376788445886056
1.5119456068912416,-0.3809396745407061,2.2161627857480597,-0.9068252609617449,-0.009040718939918042,-0.15506817147809657,0.37657874100030675,-0.5455017975511113,-0.6006952393286257,-0.5893763135823041,-1.2606834752786933,0.3703692668931621,1.0355898885780237,0.6009255912506422,1.1231142701135413,-2.0130416593455784,0.1633831047781069,0.43717019081721387,-1.4297896406647403,-1.7295872699606125,1.2198425253212768,-0.09136185538238811,3.3590155552805423,-3.2608538973862697,-0.4343711622898765,-0.7905066784872335,0.7082504455416503,-1.7359670787985728,0.24310410232429946,-1.6863411609156473,2.575466924031308,1.2113748583296409,1.583246439131427,-0.28477385062617394,2.199419544711646,1.2931891272491378,1.9884581507378534,-1.2078010044289134,0.7235801357363478,1.5864688369840887,1.2216320432462318,0.20343426311604487,-0.8159708637085887,1.3650176962228795
-0.6824050177091064,-0.6890310020111847,2.393663252259083,-0.8445036945088192,-0.5564894526882315,-1.2161903265773202,0.6022902692628974,-0.32542930276165627,0.2023655259196349,-0.021945500122527654,-0.3524738678395355,-1.5737412703892109,1.0614195441635512,0.5738903936099974,0.36424794931513627,-1.7976637658681265,-0.0922691304491196,1.2108514545928093,0.33422759700295,0.26288212081086204,0.1536187256662591,0.48989699399865894,0.975566261311221,-1.7149772854266563,0.11861296840304517,-1.0497477431550746,0.6967777285039648,-1.078884098122464,0.31516170011318095,-1.2246952842162158,0.49552575866729653,1.0727410964440618,0.31028772212219496,1.2272290683629876,1.2931891272491378,1.5987226407902206,2.444155237728531,-0.30720560032532174,1.752608552890129,0.6256208168130442,0.963984184958151,-1.342805357527144,-1.4122767580337914,0.413312671942785
-1.1143871936916945,-1.0497303612328017,3.696111280440036,-1.457242950789915,-0.8580675909362149,-1.8959909603349325,0.9624105084691971,-0.54572290265408,0.2545310180164911,0.0163417880168268,-0.7487116448606008,-2.4136896644415704,2.000388118473723,0.7431974132022919,0.5358704249253912,-3.0182264251577164,-0.20949868290099868,1.8371894711362282,0.4622203373396102,0.26836704928924554,0.2552763007565288,0.6636570513186798,1.5968275132460938,-2.9449873802040796,0.09686859075899844,-1.7188549133849522,1.123738538095163,-1.7883180222072084,0.505199684587878,-2.1382874548449013,0.9041954429539215,1.7586873096743023,0.49727237967240484,1.8796731650458596,1.9884581507378534,2.444155237728531,3.871525036153009,-0.5187525909052417,2.993566707549212,1.1364431840587739,1.310666597569106,-2.2082396090242273,-1.9778045822569312,0.525980389860317
-1.559182756256663,-0.014920866491862809,-0.702747597223295,0.39655664849511113,-0.2565072629483833,-0.4425914389418152,-0.036517604415388615,0.3107811542765975,0.6109996001481599,0.4631523647923496,0.9384509600900571,-1.057875993276885,-0.46225583376768453,-0.1837365371847403,-0.7507541009179906,0.8885617750888518,-0.15945677134638322,0.22123836422236112,1.3593231223570506,1.5987861058487705,-0.9436463876225256,0.3353259243901137,-2.349147901799832,1.9783552707013905,0.4420234223589878,0.18677709562047062,-0.2710797184446744,0.9640878116639012,-0.05784937069556773,0.8905626676373259,-1.941468005309147,-0.5260067718464917,-1.1704697997829763,0.8222823763339181,-1.2078010044289134,-0.30720560032532174,-0.5187525909052417,0.8688926038031973,0.1457744999256692,-1.06889076653474,-0.503265090505086,-0.7653389528273818,-0.05282849430716725,-0.902372925193211
-2.2078164173186403,-0.856797652679104,2.5360937925060876,-1.182159807504231,-0.9032483120084905,-1.9386913044516716,0.8290942063886496,-0.29535405203456033,0.5686900708477599,0.4527658275091741,-0.277609286021937,-2.7705117931208303,1.9543716450167525,0.22272670677117073,-0.16863557601102638,-2.26564486404006,-0.413203504796001,1.6327624140892363,1.3130694042810043,1.1839862493033704,-0.46800160851974093,0.6384278236581289,-0.28534787470256273,-1.4802440828990777,0.2596061039759474,-1.4592612212499745,0.8129536847058693,-0.9749319669799755,0.40891121075073605,-1.5424731975577504,-0.46599606303029956,1.24429396682507,-0.43881648278757707,2.1519011340019367,0.7235801357363478,1.752608552890129,2.993566707549212,0.1457744999256692,3.1052931557791257,0.4399017596247141,0.39123306673472746,-2.648887787877522,-1.318950943421662,-0.44443157932176613
1.5519014851140627,-0.10148715901847881,1.2408740737264203,-0.7463997104139722,0.18100933493828963,0.24459238674315043,0.18575682710109062,-0.44888984598995646,-0.6966711897713082,-0.47394153227472996,-1.3046732237435108,0.8940302838203448,1.0547731058227099,0.18114832730307565,0.8819634760892662,-1.560681685225279,0.09744371411302917,-0.045852241952431844,-1.5026199557749202,-1.8618045000470853,1.0981692595659571,-0.3671578790396432,2.89057891980074,-2.8104887013942554,-0.5504013470999868,-0.49970508672445346,0.47981030724970675,-1.3955222720999019,0.14173086144400718,-1.4576809457951196,2.389423000327426,0.8869674633785107,1.3817566305432494,-0.6969511994835806,1.5864688369840887,0.6256208168130442,1.1364431840587739,-1.06889076653474,0.4399017596247141,1.470536284743557,0.5796911445821382,0.471301037782082,-0.0215841447787646,0.9807277076668778
0.49245643334824685,-0.35110299012977714,1.5096767652001608,-0.39072374530655435,-0.15242771939777408,-0.36110345571436164,0.2683112689877257,-0.2479904285159769,-0.11146213200519653,-0.30167317908984653,-0.335710188188469,-0.2901494939965998,0.2391652286503377,0.5682408966744747,0.5734360144058805,-0.9678715346942349,0.12412135779815671,0.5344164755497626,-0.4090838840130191,-0.4407947048486117,0.5010161845051401,0.21024557487156056,1.472514362034461,-1.3718437585635184,-0.032850719705056354,-0.46868191638209344,0.4047892231938803,-0.818512185236002,0.15669171138018043,-0.6816065247231557,0.9752672100373471,0.6347642869307326,0.6848405941633053,0.23159599432128225,1.2216320432462318,0.963984184958151,1.310666597569106,-0.503265090505086,0.39123306673472746,0.5796911445821382,0.960325835344372,-0.10672578721060047,-0.9501460919109607,0.789185753874037
2.995544438795737,0.7736051593093854,-1.7396824996268507,0.6638476977641052,0.97517670311573,2.0042732084979296,-0.6828344524212937,0.014373957413296124,-0.9656571198057278,-0.690074952350148,-0.5449052272759529,3.189374606062476,-1.1627497114477883,-0.16000212952603599,0.6570040079870993,1.2148100533684167,0.43197909242530647,-1.6128191076014071,-2.1418417498835094,-2.249965454232992,1.0840441412604485,-0.856446009135033,1.954535429026197,-0.27455877610014595,-0.5938408875326172,1.0901478357496714,-0.49470022971123817,0.10359164038647896,-0.30719319075101104,0.5740758449570834,1.8594363589611236,-0.6606067050819472,1.2170092554208278,-2.4793448991152656,0.20343426311604487,-1.342805357527144,-2.2082396090242273,-0.7653389528273818,-2.648887787877522,0.471301037782082,-0.10672578721060047,2.779816061730937,1.3287872371327247,0.9502315429690037
1.066370009776341,0.662268431816816,-1.9922611445733909,0.4652202460600434,0.601463734664224,1.2507641764743649,-0.507637958327962,0.14753452804717085,-0.458584343174774,-0.06814911820747696,-0.23211427705224158,1.8245442612903109,-0.38811093759369086,-0.6496698849765457,-0.12613645453373695,1.07799214838303,0.054604120150841574,-1.2361788254775712,-0.8200886469529327,-0.9364619113206449,0.18633907296555316,-0.6791926520340358,-0.027509010399319116,0.5796045981683492,-0.3601459987183864,0.7932584021245168,-0.49931122673860406,0.5352466883426787,-0.2512182975686995,0.5402664618138395,0.3446556343940389,-0.6973481370506988,0.11633313811507101,-1.425748946005799,-0.8159708637085887,-1.4122767580337914,-1.9778045822569312,-0.05282849430716725,-1.318950943421662,-0.0215841447787646,-0.9501460919109607,1.3287872371327247,1.5790113489876372,-0.2281946085512035
1.7466051477892748,-0.02251543390436309,0.8403835080983836,-0.2766764206453898,0.2602114792064342,0.464385679108211,0.020178274423490145,-0.29717874620374995,-0.5896748741678304,-0.5646947801820117,-0.7893725846620795,1.0819537203291731,0.10767370548010724,0.3882445347947908,0.8597072851141578,-0.7354113291107912,0.250117086753535,-0.16353074857507846,-1.4048531903677677,-1.568010820395478,1.0107129185807542,-0.23908823627051481,2.4792228252671547,-1.8541205335684352,-0.37466626056259755,-0.12047174022406379,0.260241067903496,-0.9374750930758683,0.05076018669492765,-0.7141510324760916,1.962898444271514,0.4848338130960547,1.2623084862664489,-0.8376788445886056,1.3650176962228795,0.413312671942785,0.525980389860317,-0.902372925193211,-0.44443157932176613,0.9807277076668778,0.789185753874037,0.9502315429690037,-0.2281946085512035,1.128472928196181
