V1,V2,V3,V4,V5,V6,V7,V8,V9,V10,V11,V12,V13,V14,V15,V16,V17,V18,V19,V20,V21,V22,V23,V24,V25,V26,V27,V28,V29,V30,V31,V32,V33,V34,V35,V36,V37,V38,V39,V40,V41,V42,V43
0.6358565888152176,-0.018737147702646458,-0.15800138642366104,-0.022647747191882714,0.2816206184708745,-0.14865110691941366,-0.13200927113523128,-0.2772545958900792,-0.16339204037169378,0.0022959404497694953,0.27225758746563433,0.41449273167096035,0.3111809246985846,-0.2714182312077079,-0.4691344577697728,0.16720396138424856,-0.7262248622435085,0.02179157498194262,0.09984881335769995,0.10402037037562581,0.25224711025963725,0.12026938992736319,0.42258823055706396,-0.2408722512271202,-0.11759043003248248,0.14906729428019974,0.4749415540559709,-0.4309545450501097,-0.6310594177647862,-0.12349460260408532,-0.2544031552163019,-0.02103637851236504,0.08813549832849556,-0.011972105702370308,-0.21214145062788498,-0.3400935907422734,0.12292892772108784,0.007217053448097868,-0.22373614608491155,0.6220347580312691,0.5757698385339644,-0.3743639777669399,0.22569219425372508
-0.018737147702646458,0.5068464497187437,-0.2210771321832311,0.38012500323487997,0.48518370844025865,-0.06337092501836863,-0.11382990199976803,0.11576995938455852,0.5246284324844078,-0.05060656646121663,-0.14189345436732692,0.6083859775913596,0.048246324909665045,-0.2578114122898567,-0.5409809399550476,-0.039893891696605614,-0.24693431471643087,-0.30799792339192456,-0.3372069276242653,0.311176327556365,-0.19977648010507637,0.43213633545595354,0.4006672543283329,0.021969623865609175,0.04402418401581392,-0.21951414309814055,0.24755919531125056,-0.39759671484396486,0.014579506352686934,-0.1737483932621547,-0.2676208030235928,0.10151055646953976,0.39903383917423807,0.2302972398942897,0.4616322389279657,-0.13766799270452804,0.19609227418712077,0.23463119058527646,-0.06133111685780971,0.15664926907976356,-0.1309500369606511,0.43517240579156824,-0.011440402619207993
-0.15800138642366104,-0.2210771321832311,0.5167668702918722,-0.04188269657346125,-0.18991355717571845,0.10776612595811054,-0.015459589994959928,-0.3755774699706678,-0.2299843186467941,-0.2542908001155486,-0.4278730298103914,-0.383087932354936,-0.24426906732837236,0.39925297570342333,0.3477709859726074,0.2470858290233036,0.09815564285196474,0.3495229006666925,-0.14617675711056016,-0.21990935157091,0.16651017530424456,0.1297944490668924,-0.39695562596267303,0.12700824631383323,-0.014879403794244465,0.0667636887010533,-0.08555759389795388,-0.00253352375327542,0.01022603453051701,0.16138130450894547,0.37267399075332064,0.20282436347308078,-0.6324568650488497,-0.0641020807595382,-0.25432721562190247,0.45326321299611566,-0.31442462914439523,0.036203778528805,-0.26337753541236997,-0.2321318508060669,-0.32356010817469716,-0.5218750397607489,0.11750379780231228
-0.022647747191882714,0.38012500323487997,-0.04188269657346125,0.8106929499491728,0.14067509831341105,-0.17095472399400138,-0.299871390765501,0.11103120397385265,0.7141010259618721,-0.4501961444256477,-0.4739686684375404,0.836008494359321,0.028732725494272356,-0.1569387576872192,0.4140640762435713,-0.48704875056830277,0.08234857448316481,-0.5318201821403711,-0.5860668435049169,0.2612695663531011,-0.06304613663090064,0.5027819598697238,0.21256355804721142,0.18096131595419826,0.34587236528782117,-0.12022680817824755,0.5579279582342693,-0.5647666622783069,0.22094670686201454,0.2033401503969238,-0.30193117409085,0.3077602988668026,0.45569471214438745,0.3372560170857667,0.3099134478002849,0.3695724473378707,-0.6143884939883995,0.2870802352462807,-0.4031625363509902,-0.008783717916603581,-0.11474106766854734,0.08620779038292584,-0.006040193870315668
0.2816206184708745,0.48518370844025865,-0.18991355717571845,0.14067509831341105,0.8885949831995986,-0.03494128008079496,0.04652324664336766,-0.28756846062087993,0.24294369805202276,0.03739274954943538,0.025911261369908803,0.5920373837704145,0.3641084879820752,-0.33061591251075184,-1.116393525437196,0.4121922329967434,-0.9421734523772936,-0.20351386785653752,-0.09665648828283155,0.502607333874899,-0.03259831261851736,0.5072139378741551,0.5401128263407297,-0.14678576265508453,-0.15685413934206247,-0.10380518790060608,0.4626556806871825,-0.7234024258224911,-0.4986559051784664,-0.3033130345464388,-0.23954250596803925,-0.08619797605760428,0.14102329584526316,0.27629155991947174,0.26825958475647477,-0.3421001694715237,0.6814007447268914,0.2750024702426813,-0.09468055080226678,0.5458016672422685,0.14108380926185715,0.20532448528123104,0.18661596714163334
-0.14865110691941366,-0.06337092501836863,0.10776612595811054,-0.17095472399400138,-0.03494128008079496,0.4159139600744369,-0.04583707104248935,0.05281857134661419,0.045863664528524146,-0.04111433530022389,0.13679087626184736,0.2880294570620374,-0.1542671803379155,0.7251518969399702,-0.097087849769072615,-0.03287800608032139,0.09690863919467903,-0.021019259135417967,0.2526075121558297,0.47833792570941724,-0.3277306932351354,0.08993171091492912,0.1940639891106522,0.010765291085221519,-0.3998687681283052,0.0025311839300130277,0.051270322551459115,0.7163478130028659,-0.025943293146076175,-0.5982252921856581,0.11335120693939839,0.08413544490552281,-0.18745712171305443,-0.21496655183151372,0.060216004995424975,0.25015306073335636,0.4225880900092523,-0.03699333808555102,0.22823200937170982,-0.7009502210436961,-0.4580023165118904,0.20571349499338637,-0.2367893360044116
-0.13200927113523128,-0.11382990199976803,-0.015459589994959928,-0.299871390765501,0.04652324664336766,-0.04583707104248935,0.6082075497814827,-0.08443485785487684,-0.3820378399985682,0.21507326424683793,0.15961210829020175,-0.643906955419272,0.5772848438892241,-0.2020229362826159,0.1856124442728682,0.21312023001823593,-0.0860093385170102,-0.2290804678692341,0.5266636415832048,0.24509232311310195,0.05344092564989925,-0.42049384449294136,-0.36575344321346276,0.0724486724548179,0.1443456662418835,0.18826378122519105,-0.16058710023105238,-0.09639126268212801,0.1530380950782633,0.3228292067339787,0.16120531097101157,-0.6023284568387455,-0.14891495358827594,0.2988777651631802,-0.22233150764063833,-0.020505768092823066,0.3323060816115917,-0.05741444632686958,0.2697546510931572,0.07783258251531118,0.3307468341177189,0.13438053580267725,-0.031461165884988644
-0.2772545958900792,0.11576995938455852,-0.3755774699706678,0.11103120397385265,-0.28756846062087993,0.05281857134661419,-0.08443485785487684,0.7365179827733488,0.4142875335067888,0.1533808085629362,0.278352321382764,0.22045066671115193,-0.11400721450686292,-0.0019937973423278057,0.3187744579907463,-0.6362242612826214,0.6775107835012906,-0.37487520193397367,0.03566811008622972,0.11226424456965742,-0.4161523470728294,-0.22885292813400895,0.11643056517107458,0.05159554402371768,0.07643335065434705,-0.17146520936079299,-0.23892273263239433,0.6309995722690667,0.5676747519582,-0.13576509649107504,-0.244914717675158,-0.06387487794525258,0.663566742187473,-0.07793048524050118,0.36976978562885615,-0.07223575727976106,-0.027035533453077226,-0.12462291747681478,0.4405672914591398,-0.47343621384494644,-0.15473934926648394,0.7916453144048738,-0.40412038704207315
-0.16339204037169378,0.5246284324844078,-0.2299843186467941,0.7141010259618721,0.24294369805202276,0.045863664528524146,-0.3820378399985682,0.4142875335067888,0.9544032358965595,-0.2893102403034415,-0.22839265558471653,1.0950527363612454,-0.13686450426464308,0.046493947404551636,0.02751425223576181,-0.6002866554725284,0.19695129736832212,-0.5910858483480872,-0.5219902574454672,0.4675905258078075,-0.40156705756335836,0.5464572074168192,0.4779058812690247,0.10864193559998023,0.09523023986057028,-0.29030995310806673,0.4262395740533668,-0.08660476045579385,0.3009195739915468,-0.2513334743567169,-0.3969045719682389,0.32569638992297517,0.6837900806703086,0.16900373747466552,0.6160926479261865,0.22127951613819444,-0.16792190898964504,0.2495281961765106,-0.057983080778553305,-0.33531397462131296,-0.4108251884056142,0.6259938515933001,-0.2217064354282294
0.0022959404497694953,-0.05060656646121663,-0.2542908001155486,-0.4501961444256477,0.03739274954943538,-0.04111433530022389,0.21507326424683793,0.1533808085629362,-0.2893102403034415,0.4650681383803093,0.4135906318208122,-0.50504245767163,0.026224322705453197,-0.30916418154954284,-0.4936924260098878,0.22751684078276901,-0.032856023591310894,0.2272296452211305,0.29073570389380027,-0.2750165475034344,-0.0036718750421721904,-0.38881360532361525,-0.041308207480511394,-0.15818481046696387,-0.09980574955890954,-0.03907814345580667,-0.4696852150676537,0.1920656330206716,-0.04631028191217765,-0.0491174220525095,0.017266971538910648,-0.2864521572747027,0.07174464456363364,-0.13528309803851407,0.021355695075696936,-0.550037190238256,0.4713224448165887,-0.17348677849662425,0.3717241234153952,0.2696523989266948,0.21313378893129437,0.2603133207496776,-0.0029123665152319214
0.27225758746563433,-0.14189345436732692,-0.4278730298103914,-0.4739686684375404,0.025911261369908803,0.13679087626184736,0.15961210829020175,0.278352321382764,-0.22839265558471653,0.4135906318208122,0.8357514199739294,0.10382267029565682,0.35545388734997235,0.0027710336731820258,-0.3845810534144188,-0.07850911367393319,-0.19790650271569987,-0.16149098773137344,0.6893623368553362,0.3691036214186943,-0.1835434031298455,-0.41979142279708925,0.3546840664381675,-0.2565683268933679,-0.32061684931317996,0.11496663507307485,-0.02253732885821273,0.5759661688699731,-0.21389901280811838,-0.4461643228707108,-0.2125259358215938,-0.4183196088620666,0.313936715903806,-0.19452978913141963,-0.07255338166753643,-0.476865966109959,0.7202056870103946,-0.24775855328512433,0.5421492160595685,-0.016209141296851966,0.41135572730080994,0.41707507417743245,-0.20773240392908798
0.41449273167096035,0.6083859775913596,-0.383087932354936,0.836008494359321,0.5920373837704145,0.2880294570620374,-0.643906955419272,0.22045066671115193,1.0950527363612454,-0.50504245767163,0.10382267029565682,2.396020773686429,0.16116920249549493,0.5186181385586959,-0.4388754920831574,-0.6659585992331102,-0.5285920998123559,-0.9429642428269023,-0.2227095702827779,1.4622353444536844,-0.5441105664459811,0.939211060349758,1.3692645643446246,-0.040330475445039655,-0.36885939802224876,-0.08821145087376336,1.3534498070477932,0.03176386086065662,-0.3869092321087401,-1.0768753765769221,-0.7062533141029885,0.4708066338726437,0.7920079034375551,0.11174729472526963,0.5720855842741456,0.28865934358463424,0.28452801966472924,0.3578315725281897,-0.24089486242061783,-0.46119143077444286,-0.2508710241530321,0.47581001278482815,-0.2552798509649918
0.3111809246985846,0.048246324909665045,-0.24426906732837236,0.028732725494272356,0.3641084879820752,-0.1542671803379155,0.5772848438892241,-0.11400721450686292,-0.13686450426464308,0.026224322705453197,0.35545388734997235,0.16116920249549493,1.2526394711148932,-0.42331675296979165,0.23052043477356424,-0.040443838969250134,-0.641023720214384,-0.877561887158757,0.6494998042144261,0.9589200670504519,0.05644011602792811,-0.20030049962037794,0.06857105647174014,0.004396337570660837,0.21677625415922766,0.3308505848145229,0.5967080124628666,-0.5487213175288601,-0.052901225481737646,0.2952670735779433,-0.259249952231755,-0.8142898662067377,0.2946572265972389,0.6098738854233787,-0.26387717951493617,0.013995773868711361,0.3702261053183517,0.06794672938646935,0.1548195260435792,0.3300510585092891,0.8547229933800391,0.22849633701747565,-0.050798097900036795
-0.2714182312077079,-0.2578114122898567,0.39925297570342333,-0.1569387576872192,-0.33061591251075184,0.7251518969399702,-0.2020229362826159,-0.0019937973423278057,0.046493947404551636,-0.30916418154954284,0.0027710336731820258,0.5186181385586959,-0.42331675296979165,1.5046961647044395,0.3093208212299007,-0.18540322845302737,0.3870105519694781,0.026535459179626995,0.32689698778286147,0.7343619224570798,-0.48924537934980666,0.20265341795114594,0.21812308441754952,0.12240927807452207,-0.6172375391747711,0.08306399628020289,0.20080243786661003,1.3128336348734901,-0.003012040336218988,-0.9345163097673186,0.29492739566512555,0.3626557169094644,-0.5017321761708595,-0.41416229974533725,-0.04872499461910953,0.7496791528461874,0.29198381950318675,-0.06906604077154035,0.16507295998054966,-1.4149171117498738,-0.9040289491626864,0.007066942262465939,-0.39781023692526835
-0.4691344577697728,-0.5409809399550476,0.3477709859726074,0.4140640762435713,-1.116393525437196,-0.097087849769072615,0.1856124442728682,0.3187744579907463,0.02751425223576181,-0.4936924260098878,-0.3845810534144188,-0.4388754920831574,0.23052043477356424,0.3093208212299007,2.5476978024152928,-0.9993133300032433,1.2567206321254234,-0.6219390061529508,0.11319108390078207,-0.004332360183323574,0.09218557546561082,-0.5557442090391159,-0.9548199752199803,0.46182818075728865,0.7068295917579225,0.31505602736616395,0.025861163833955383,0.3214916140896449,1.0278943103965126,1.0019542830396029,0.1879041243157938,-0.17370994617537105,0.039728076851508795,0.26993589261367373,-0.45438367390253936,1.1336724166037784,-1.4025202320292285,-0.1308015229277729,-0.0948301172047836,-0.8345439727816384,0.053900881410753144,-0.2425372121574377,-0.304580923968146
0.16720396138424856,-0.039893891696605614,0.2470858290233036,-0.48704875056830277,0.4121922329967434,-0.03287800608032139,0.21312023001823593,-0.6362242612826214,-0.6002866554725284,0.22751684078276901,-0.07850911367393319,-0.6659585992331102,-0.040443838969250134,-0.18540322845302737,-0.9993133300032433,0.993238286950173,-0.7196292930772976,0.7027885937899111,0.04983865356992224,-0.3711958459186808,0.3338298638937383,0.07991652166274019,-0.13187899674313658,-0.1447556493894527,-0.2313428996697793,0.03258242570850648,-0.27770148826906366,-0.4535967533186709,-0.5609296484618216,-0.02482645943749029,0.32992898439682816,-0.06414292678645776,-0.710934194236419,-0.059808575379072235,-0.2147603188400171,-0.3830421527776824,0.5143235918431251,0.042358349638927976,-0.1552630636332849,0.6294626374657396,0.08964036792045765,-0.4958760367266714,0.40353112245656036
-0.7262248622435085,-0.24693431471643087,0.09815564285196474,0.08234857448316481,-0.9421734523772936,0.09690863919467903,-0.0860093385170102,0.6775107835012906,0.19695129736832212,-0.032856023591310894,-0.19790650271569987,-0.5285920998123559,-0.641023720214384,0.3870105519694781,1.2567206321254234,-0.7196292930772976,1.4805061484200233,0.025416836222133872,-0.15035715327575447,-0.5199826705182929,-0.27937330510211256,-0.45025765246198035,-0.5889438571500941,0.2895811512919635,0.27395933100322106,-0.13965708605309915,-0.6936966814948726,0.965673735029546,0.974908367075901,0.28282892341707444,0.21529506525996103,0.19888371421345943,0.1440284728753729,-0.235929118598897,0.1422666896826169,0.44398954008613856,-0.7429581498802132,-0.2257886296500644,0.28748744341484056,-0.9418989015899644,-0.6008019173923019,0.33724236922014683,-0.4025605521745329
0.02179157498194262,-0.30799792339192456,0.3495229006666925,-0.5318201821403711,-0.20351386785653752,-0.021019259135417967,-0.2290804678692341,-0.37487520193397367,-0.5910858483480872,0.2272296452211305,-0.16149098773137344,-0.9429642428269023,-0.877561887158757,0.026535459179626995,-0.6219390061529508,0.7027885937899111,0.025416836222133872,1.2753967053881587,-0.311360064167102,-1.2772491568531168,0.3823968379918787,-0.07633420744398656,-0.33744102238124024,-0.1818010060979085,-0.2390324174235447,-0.11925152631948452,-0.7585266387332297,0.10009187183676672,-0.38600099670690824,0.01040076878403006,0.44171251835260944,0.43407322025186174,-0.7458456294894019,-0.57530020917537394,-0.20914999741942433,-0.3921092421436795,-0.0963118591903525,-0.16940166572671986,-0.18997301742640194,0.39258185404703005,-0.26222421109604743,-0.7277004025252505,0.3744862291663526
0.09984881335769995,-0.3372069276242653,-0.14617675711056016,-0.5860668435049169,-0.09665648828283155,0.2526075121558297,0.5266636415832048,0.03566811008622972,-0.5219902574454672,0.29073570389380027,0.6893623368553362,-0.2227095702827779,0.6494998042144261,0.32689698778286147,0.11319108390078207,0.04983865356992224,-0.15035715327575447,-0.311360064167102,1.0412504980275674,0.7253658966279513,-0.15231090882902998,-0.5733161924256355,0.02517697619925168,-0.06996547023853458,-0.2748687537896164,0.3464618823149754,0.0476791515106709,0.6573636925337846,-0.1055253245832289,-0.29557699388648573,0.07374460766169415,-0.6489929508157886,-0.11301030852204597,9.61239374182444e-4,-0.3595737516901031,-0.04079844863010985,0.7419367774284195,-0.2343105479908436,0.5270607738026986,-0.34422100747438106,0.3797979903404988,0.20893534562181734,-0.2476210126911618
0.10402037037562581,0.311176327556365,-0.21990935157091,0.2612695663531011,0.502607333874899,0.47833792570941724,0.24509232311310195,0.11226424456965742,0.4675905258078075,-0.2750165475034344,0.3691036214186943,1.4622353444536844,0.9589200670504519,0.7343619224570798,-0.004332360183323574,-0.3711958459186808,-0.5199826705182929,-1.2772491568531168,0.7253658966279513,2.1072353359064477,-0.6522293039858859,0.35384980506367253,0.8079297116263289,0.12279849834159293,-0.3617172127446197,0.22922482247822176,1.096525943145162,0.39710253744320967,-0.051963716119987784,-0.8692198759222212,-0.3408366300812531,-0.40664385942068293,0.3654108415595199,0.42863431783949724,0.17749320162873186,0.5419724563821342,0.8976578819054987,0.21901161999905125,0.28965624924257327,-0.8777229759897721,-0.037027601985299564,0.7496401514541856,-0.48724166538338076
0.25224711025963725,-0.19977648010507637,0.16651017530424456,-0.06304613663090064,-0.03259831261851736,-0.3277306932351354,0.05344092564989925,-0.4161523470728294,-0.40156705756335836,-0.0036718750421721904,-0.1835434031298455,-0.5441105664459811,0.05644011602792811,-0.48924537934980666,0.09218557546561082,0.3338298638937383,-0.27937330510211256,0.3823968379918787,-0.15231090882902998,-0.6522293039858859,0.5516199167538713,-0.12136783697927087,-0.35826911154052515,-0.06670778913302806,0.24225854614438289,0.13171914610851868,-0.07135698151684791,-0.7103936219157148,-0.2711779214162848,0.5895148677484308,0.12605287149946592,-0.015222985751520002,-0.3081798413875749,0.05930027918963382,-0.36758940159657616,-0.14195531425639324,-0.4189363313615772,-0.0023501974699149473,-0.379583920864999,0.7484067407774612,0.44891872879840505,-0.7199020313519511,0.40924494825505375
0.12026938992736319,0.43213633545595354,0.1297944490668924,0.5027819598697238,0.5072139378741551,0.08993171091492912,-0.42049384449294136,-0.22885292813400895,0.5464572074168192,-0.38881360532361525,-0.41979142279708925,0.939211060349758,-0.20030049962037794,0.20265341795114594,-0.5557442090391159,0.07991652166274019,-0.45025765246198035,-0.07633420744398656,-0.5733161924256355,0.35384980506367253,-0.12136783697927087,0.8476591814763823,0.5115652103445637,0.01695131619582774,-0.1515880333976318,-0.19484355718993415,0.5558868632311438,-0.4205781454190758,-0.27466303783565077,-0.3899270300567079,-0.16570024835386657,0.48863584182429054,0.02613354994371006,0.08162523144584617,0.3354047875520081,0.19626452555612942,0.004900328860945356,0.3260811640966907,-0.4049437839925691,-0.008848960801445026,-0.40847512753139925,-0.03423360305067465,0.09647589394476855
0.42258823055706396,0.4006672543283329,-0.39695562596267303,0.21256355804721142,0.5401128263407297,0.1940639891106522,-0.36575344321346276,0.11643056517107458,0.4779058812690247,-0.041308207480511394,0.3546840664381675,1.3692645643446246,0.06857105647174014,0.21812308441754952,-0.9548199752199803,-0.13187899674313658,-0.5889438571500941,-0.33744102238124024,0.02517697619925168,0.8079297116263289,-0.35826911154052515,0.5115652103445637,1.0698263719956453,-0.19552804537480875,-0.4455262668745714,-0.09192922984300074,0.6920140116357106,0.14183953751222916,-0.5256037200148619,-0.9437994161380264,-0.46956861058357685,0.23320710252145715,0.48149556812078326,-0.08757739698023324,0.37930317187881757,-0.27910605217021583,0.6280713516316042,0.1287170297099276,0.019143004220751297,-0.05215048707133622,-0.04278031263260004,0.372976597781634,-0.1206573658027947
-0.2408722512271202,0.021969623865609175,0.12700824631383323,0.18096131595419826,-0.14678576265508453,0.010765291085221519,0.0724486724548179,0.05159554402371768,0.10864193559998023,-0.15818481046696387,-0.2565683268933679,-0.040330475445039655,0.004396337570660837,0.12240927807452207,0.46182818075728865,-0.1447556493894527,0.2895811512919635,-0.1818010060979085,-0.06996547023853458,0.12279849834159293,-0.06670778913302806,0.01695131619582774,-0.19552804537480875,0.1962434351679468,0.16406668547916936,0.014997129855196004,-7.998060772382864e-4,0.02043162400984331,0.3144193092413863,0.16774844941838477,0.0904208438717674,0.014069258504563522,-0.04184225295506038,0.15266543359908646,0.031864297441970744,0.34002776091008424,-0.25394020077156043,0.06473966479442642,-0.06579990698694281,-0.28649513325203135,-0.17912566718148756,0.0395881765523019,-0.08389315277986889
-0.11759043003248248,0.04402418401581392,-0.014879403794244465,0.34587236528782117,-0.15685413934206247,-0.3998687681283052,0.1443456662418835,0.07643335065434705,0.09523023986057028,-0.09980574955890954,-0.32061684931317996,-0.36885939802224876,0.21677625415922766,-0.6172375391747711,0.7068295917579225,-0.2313428996697793,0.27395933100322106,-0.2390324174235447,-0.2748687537896164,-0.3617172127446197,0.24225854614438289,-0.1515880333976318,-0.4455262668745714,0.16406668547916936,0.6002195469603316,0.009181641469753919,-0.06246618592215153,-0.6408834976010799,0.4092630471779646,0.8312565662849809,-0.05430906236306354,-0.1448040295769773,0.2324631549913017,0.36582131108368776,-0.04460774125257806,0.10164448835207653,-0.6950169052164219,0.06261313252724396,-0.1955740077895169,0.37213380555804215,0.31793892605598073,-0.07668764184144071,0.10305574312463096
0.14906729428019974,-0.21951414309814055,0.0667636887010533,-0.12022680817824755,-0.10380518790060608,0.0025311839300130277,0.18826378122519105,-0.17146520936079299,-0.29030995310806673,-0.03907814345580667,0.11496663507307485,-0.08821145087376336,0.3308505848145229,0.08306399628020289,0.31505602736616395,0.03258242570850648,-0.13965708605309915,-0.11925152631948452,0.3464618823149754,0.22922482247822176,0.13171914610851868,-0.19484355718993415,-0.09192922984300074,0.014997129855196004,0.009181641469753919,0.24603338128607238,0.18311379782903114,-0.008165961178209677,-0.11757489883743998,0.09645791243632683,0.06285611494510167,-0.20864833500465862,-0.170357862163315,0.08090416482767761,-0.3178067558557323,0.14094775262858142,-0.0069094389346430595,-0.049717327408336225,-0.04209730472809608,0.004508700481570084,0.2925665951960877,-0.2698385777580678,0.02655765984019672
0.4749415540559709,0.24755919531125056,-0.08555759389795388,0.5579279582342693,0.4626556806871825,0.051270322551459115,-0.16058710023105238,-0.23892273263239433,0.4262395740533668,-0.4696852150676537,-0.02253732885821273,1.3534498070477932,0.5967080124628666,0.20080243786661003,0.025861163833955383,-0.27770148826906366,-0.6936966814948726,-0.7585266387332297,0.0476791515106709,1.096525943145162,-0.07135698151684791,0.5558868632311438,0.6920140116357106,-7.998060772382864e-4,-0.06246618592215153,0.18311379782903114,1.2015745420497854,-0.4626486286250756,-0.43674997031872975,-0.32316168456688016,-0.39653704888050684,0.06285901009471123,0.2841148089911154,0.3423704727372238,-0.00821328686460449,0.3471600086391287,0.04514911700764265,0.2693068383272645,-0.35373287982097257,-0.010008009208358412,0.2484971589723091,-0.1126851068244807,-0.0030439245371221475
-0.4309545450501097,-0.39759671484396486,-0.00253352375327542,-0.5647666622783069,-0.7234024258224911,0.7163478130028659,-0.09639126268212801,0.6309995722690667,-0.08660476045579385,0.1920656330206716,0.5759661688699731,0.03176386086065662,-0.5487213175288601,1.3128336348734901,0.3214916140896449,-0.4535967533186709,0.965673735029546,0.10009187183676672,0.6573636925337846,0.39710253744320967,-0.7103936219157148,-0.4205781454190758,0.14183953751222916,0.02043162400984331,-0.6408834976010799,-0.008165961178209677,-0.4626486286250756,2.0739143938213096,0.370033174162239,-0.9976751135191797,0.20859124892643977,0.09502262510630602,-0.08446072746827964,-0.6883049800398545,0.06950917850921769,0.2588295209333727,0.5075599928596805,-0.40293947839906,0.7803072412041588,-1.561022814142995,-0.7795487450280486,0.6072815023339582,-0.6859589396809964
-0.6310594177647862,0.014579506352686934,0.01022603453051701,0.22094670686201454,-0.4986559051784664,-0.025943293146076175,0.1530380950782633,0.5676747519582,0.3009195739915468,-0.04631028191217765,-0.21389901280811838,-0.3869092321087401,-0.052901225481737646,-0.003012040336218988,1.0278943103965126,-0.5609296484618216,0.974908367075901,-0.38600099670690824,-0.1055253245832289,-0.051963716119987784,-0.2711779214162848,-0.27466303783565077,-0.5256037200148619,0.3144193092413863,0.4092630471779646,-0.11757489883743998,-0.43674997031872975,0.370033174162239,0.9985959405202659,0.4528451791809524,0.059624418275956985,-0.15911636888043676,0.3090013900327868,0.17808454396442086,0.20845330172190382,0.4081668974657437,-0.49007786102877127,-0.04775036488164025,0.2804191720504435,-0.6148173174669049,-0.29511951862723207,0.5889485358445394,-0.35801709201609627
-0.12349460260408532,-0.1737483932621547,0.16138130450894547,0.2033401503969238,-0.3033130345464388,-0.5982252921856581,0.3228292067339787,-0.13576509649107504,-0.2513334743567169,-0.0491174220525095,-0.4461643228707108,-1.0768753765769221,0.2952670735779433,-0.9345163097673186,1.0019542830396029,-0.02482645943749029,0.28282892341707444,0.01040076878403006,-0.29557699388648573,-0.8692198759222212,0.5895148677484308,-0.3899270300567079,-0.9437994161380264,0.16774844941838477,0.8312565662849809,0.09645791243632683,-0.32316168456688016,-0.9976751135191797,0.4528451791809524,1.3896837891924718,0.1318691467597355,-0.3025488049157458,-0.03197060841239677,0.4287272172309965,-0.3360191719620056,0.08476872330151371,-0.9935511785728837,0.00554023446836181,-0.30070765580194697,0.7435348112002642,0.578275190922143,-0.44631272649893483,0.3073140928279884
-0.2544031552163019,-0.2676208030235928,0.37267399075332064,-0.30193117409085,-0.23954250596803925,0.11335120693939839,0.16120531097101157,-0.244914717675158,-0.3969045719682389,0.017266971538910648,-0.2125259358215938,-0.7062533141029885,-0.259249952231755,0.29492739566512555,0.1879041243157938,0.32992898439682816,0.21529506525996103,0.44171251835260944,0.07374460766169415,-0.3408366300812531,0.12605287149946592,-0.16570024835386657,-0.46956861058357685,0.0904208438717674,-0.05430906236306354,0.06285611494510167,-0.39653704888050684,0.20859124892643977,0.059624418275956985,0.1318691467597355,0.43311954687780735,0.033654728410454936,-0.613555989264189,-0.13009871281411167,-0.22974011960647164,0.20815451214904776,-0.053999328355066926,-0.06811158266185774,-0.026247642968736346,-0.2018983171483182,-0.27059579153229646,-0.35011937477668614,0.07837265127375735
-0.02103637851236504,0.10151055646953976,0.20282436347308078,0.3077602988668026,-0.08619797605760428,0.08413544490552281,-0.6023284568387455,-0.06387487794525258,0.32569638992297517,-0.2864521572747027,-0.4183196088620666,0.4708066338726437,-0.8142898662067377,0.3626557169094644,-0.17370994617537105,-0.06414292678645776,0.19888371421345943,0.43407322025186174,-0.6489929508157886,-0.40664385942068293,-0.015222985751520002,0.48863584182429054,0.23320710252145715,0.014069258504563522,-0.1448040295769773,-0.20864833500465862,0.06285901009471123,0.09502262510630602,-0.15911636888043676,-0.3025488049157458,0.033654728410454936,0.7770300670504745,-0.1322047468903782,-0.32322442287262904,0.21737342785687122,0.1524759652836028,-0.426611045425043,0.09835128519972407,-0.40252965896298304,-0.17674410258852302,-0.5883218224984178,-0.3381060326523318,0.10106251481680609
0.08813549832849556,0.39903383917423807,-0.6324568650488497,0.45569471214438745,0.14102329584526316,-0.18745712171305443,-0.14891495358827594,0.663566742187473,0.6837900806703086,0.07174464456363364,0.313936715903806,0.7920079034375551,0.2946572265972389,-0.5017321761708595,0.039728076851508795,-0.710934194236419,0.1440284728753729,-0.7458456294894019,-0.11301030852204597,0.3654108415595199,-0.3081798413875749,0.02613354994371006,0.48149556812078326,-0.04184225295506038,0.2324631549913017,-0.170357862163315,0.2841148089911154,-0.08446072746827964,0.3090013900327868,-0.03197060841239677,-0.613555989264189,-0.1322047468903782,1.0789710276819067,0.2093652276392964,0.4657263100068744,-0.28223381793276414,-0.034960795442518414,0.03751181816237224,0.24032822762237632,0.0931245779250088,0.2845598224597562,0.823292920246685,-0.2631521907392908
-0.011972105702370308,0.2302972398942897,-0.0641020807595382,0.3372560170857667,0.27629155991947174,-0.21496655183151372,0.2988777651631802,-0.07793048524050118,0.16900373747466552,-0.13528309803851407,-0.19452978913141963,0.11174729472526963,0.6098738854233787,-0.41416229974533725,0.26993589261367373,-0.059808575379072235,-0.235929118598897,-0.57530020917537394,9.61239374182444e-4,0.42863431783949724,0.05930027918963382,0.08162523144584617,-0.08757739698023324,0.15266543359908646,0.36582131108368776,0.08090416482767761,0.3423704727372238,-0.6883049800398545,0.17808454396442086,0.4287272172309965,-0.13009871281411167,-0.32322442287262904,0.2093652276392964,0.5473190265312545,0.023830499871207333,0.16246612403907232,-0.09871618310322756,0.1975233247269082,-0.12300593855273982,0.2542822998812427,0.31843619076845936,0.13409138194606934,0.039877393457788984
-0.21214145062788498,0.4616322389279657,-0.25432721562190247,0.3099134478002849,0.26825958475647477,0.060216004995424975,-0.22233150764063833,0.36976978562885615,0.6160926479261865,0.021355695075696936,-0.07255338166753643,0.5720855842741456,-0.26387717951493617,-0.04872499461910953,-0.45438367390253936,-0.2147603188400171,0.1422666896826169,-0.20914999741942433,-0.3595737516901031,0.17749320162873186,-0.36758940159657616,0.3354047875520081,0.37930317187881757,0.031864297441970744,-0.04460774125257806,-0.3178067558557323,-0.00821328686460449,0.06950917850921769,0.20845330172190382,-0.3360191719620056,-0.22974011960647164,0.21737342785687122,0.4657263100068744,0.023830499871207333,0.590822727319512,-0.12470755199369199,0.1922469968755091,0.1447975348018929,0.1172923261625708,-0.17642009216928656,-0.4076604036764555,0.6425952079758861,-0.16098285245364072
-0.3400935907422734,-0.13766799270452804,0.45326321299611566,0.3695724473378707,-0.3421001694715237,0.25015306073335636,-0.020505768092823066,-0.07223575727976106,0.22127951613819444,-0.550037190238256,-0.476865966109959,0.28865934358463424,0.013995773868711361,0.7496791528461874,1.1336724166037784,-0.3830421527776824,0.44398954008613856,-0.3921092421436795,-0.04079844863010985,0.5419724563821342,-0.14195531425639324,0.19626452555612942,-0.27910605217021583,0.34002776091008424,0.10164448835207653,0.14094775262858142,0.3471600086391287,0.2588295209333727,0.4081668974657437,0.08476872330151371,0.20815451214904776,0.1524759652836028,-0.28223381793276414,0.16246612403907232,-0.12470755199369199,1.0167419134498454,-0.5150558683405115,0.12943693931340303,-0.21230204892274263,-0.8872200369514548,-0.47120501234877177,-0.16524135366347073,-0.20011848322254433
0.12292892772108784,0.19609227418712077,-0.31442462914439523,-0.6143884939883995,0.6814007447268914,0.4225880900092523,0.3323060816115917,-0.027035533453077226,-0.16792190898964504,0.4713224448165887,0.7202056870103946,0.28452801966472924,0.3702261053183517,0.29198381950318675,-1.4025202320292285,0.5143235918431251,-0.7429581498802132,-0.0963118591903525,0.7419367774284195,0.8976578819054987,-0.4189363313615772,0.004900328860945356,0.6280713516316042,-0.25394020077156043,-0.6950169052164219,-0.0069094389346430595,0.04514911700764265,0.5075599928596805,-0.49007786102877127,-0.9935511785728837,-0.053999328355066926,-0.426611045425043,-0.034960795442518414,-0.09871618310322756,0.1922469968755091,-0.5150558683405115,1.6003199645053017,-0.033127940920303287,0.6229303620171864,-0.14092753805062772,-0.0378141279501567,0.6697463445907558,-0.17609456068603022
0.007217053448097868,0.23463119058527646,0.036203778528805,0.2870802352462807,0.2750024702426813,-0.03699333808555102,-0.05741444632686958,-0.12462291747681478,0.2495281961765106,-0.17348677849662425,-0.24775855328512433,0.3578315725281897,0.06794672938646935,-0.06906604077154035,-0.1308015229277729,0.042358349638927976,-0.2257886296500644,-0.16940166572671986,-0.2343105479908436,0.21901161999905125,-0.0023501974699149473,0.3260811640966907,0.1287170297099276,0.06473966479442642,0.06261313252724396,-0.049717327408336225,0.2693068383272645,-0.40293947839906,-0.04775036488164025,0.00554023446836181,-0.06811158266185774,0.09835128519972407,0.03751181816237224,0.1975233247269082,0.1447975348018929,0.12943693931340303,-0.033127940920303287,0.20035877402226612,-0.218055546918653,0.09788117755842554,-0.08038167505435574,-0.004762300780074329,0.08098876135692973
-0.22373614608491155,-0.06133111685780971,-0.26337753541236997,-0.4031625363509902,-0.09468055080226678,0.22823200937170982,0.2697546510931572,0.4405672914591398,-0.057983080778553305,0.3717241234153952,0.5421492160595685,-0.24089486242061783,0.1548195260435792,0.16507295998054966,-0.0948301172047836,-0.1552630636332849,0.28748744341484056,-0.18997301742640194,0.5270607738026986,0.28965624924257327,-0.379583920864999,-0.4049437839925691,0.019143004220751297,-0.06579990698694281,-0.1955740077895169,-0.04209730472809608,-0.35373287982097257,0.7803072412041588,0.2804191720504435,-0.30070765580194697,-0.026247642968736346,-0.40252965896298304,0.24032822762237632,-0.12300593855273982,0.1172923261625708,-0.21230204892274263,0.6229303620171864,-0.218055546918653,0.6971218003739099,-0.4454712962535995,-0.05458785179117581,0.7358081210607158,-0.3679178530241702
0.6220347580312691,0.15664926907976356,-0.2321318508060669,-0.008783717916603581,0.5458016672422685,-0.7009502210436961,0.07783258251531118,-0.47343621384494644,-0.33531397462131296,0.2696523989266948,-0.016209141296851966,-0.46119143077444286,0.3300510585092891,-1.4149171117498738,-0.8345439727816384,0.6294626374657396,-0.9418989015899644,0.39258185404703005,-0.34422100747438106,-0.8777229759897721,0.7484067407774612,-0.008848960801445026,-0.05215048707133622,-0.28649513325203135,0.37213380555804215,0.004508700481570084,-0.010008009208358412,-1.561022814142995,-0.6148173174669049,0.7435348112002642,-0.2018983171483182,-0.17674410258852302,0.0931245779250088,0.2542822998812427,-0.17642009216928656,-0.8872200369514548,-0.14092753805062772,0.09788117755842554,-0.4454712962535995,1.773069304658858,0.998669951624622,-0.5856897474941165,0.6839506462537989
0.5757698385339644,-0.1309500369606511,-0.32356010817469716,-0.11474106766854734,0.14108380926185715,-0.4580023165118904,0.3307468341177189,-0.15473934926648394,-0.4108251884056142,0.21313378893129437,0.41135572730080994,-0.2508710241530321,0.8547229933800391,-0.9040289491626864,0.053900881410753144,0.08964036792045765,-0.6008019173923019,-0.26222421109604743,0.3797979903404988,-0.037027601985299564,0.44891872879840505,-0.40847512753139925,-0.04278031263260004,-0.17912566718148756,0.31793892605598073,0.2925665951960877,0.2484971589723091,-0.7795487450280486,-0.29511951862723207,0.578275190922143,-0.27059579153229646,-0.5883218224984178,0.2845598224597562,0.31843619076845936,-0.4076604036764555,-0.47120501234877177,-0.0378141279501567,-0.08038167505435574,-0.05458785179117581,0.998669951624622,1.1643006916953302,-0.2579229232291953,0.24357695009981262
-0.3743639777669399,0.43517240579156824,-0.5218750397607489,0.08620779038292584,0.20532448528123104,0.20571349499338637,0.13438053580267725,0.7916453144048738,0.6259938515933001,0.2603133207496776,0.41707507417743245,0.47581001278482815,0.22849633701747565,0.007066942262465939,-0.2425372121574377,-0.4958760367266714,0.33724236922014683,-0.7277004025252505,0.20893534562181734,0.7496401514541856,-0.7199020313519511,-0.03423360305067465,0.372976597781634,0.0395881765523019,-0.07668764184144071,-0.2698385777580678,-0.1126851068244807,0.6072815023339582,0.5889485358445394,-0.44631272649893483,-0.35011937477668614,-0.3381060326523318,0.823292920246685,0.13409138194606934,0.6425952079758861,-0.16524135366347073,0.6697463445907558,-0.004762300780074329,0.7358081210607158,-0.5856897474941165,-0.2579229232291953,1.3934811141020438,-0.5509697468258223
0.22569219425372508,-0.011440402619207993,0.11750379780231228,-0.006040193870315668,0.18661596714163334,-0.2367893360044116,-0.031461165884988644,-0.40412038704207315,-0.2217064354282294,-0.0029123665152319214,-0.20773240392908798,-0.2552798509649918,-0.050798097900036795,-0.39781023692526835,-0.304580923968146,0.40353112245656036,-0.4025605521745329,0.3744862291663526,-0.2476210126911618,-0.48724166538338076,0.40924494825505375,0.09647589394476855,-0.1206573658027947,-0.08389315277986889,0.10305574312463096,0.02655765984019672,-0.0030439245371221475,-0.6859589396809964,-0.35801709201609627,0.3073140928279884,0.07837265127375735,0.10106251481680609,-0.2631521907392908,0.039877393457788984,-0.16098285245364072,-0.20011848322254433,-0.17609456068603022,0.08098876135692973,-0.3679178530241702,0.6839506462537989,0.24357695009981262,-0.5509697468258223,0.38761465173388954
