V1,V2,V3,V4,V5,V6,V7,V8,V9,V10,V11,V12,V13,V14,V15,V16,V17,V18,V19,V20,V21,V22,V23,V24,V25,V26,V27,V28,V29,V30,V31,V32,V33,V34,V35,V36,V37,V38,V39,V40,V41,V42,V43
1960.9074956246207,2190.440541742758,-5966.388030023308,-3768.4379264162676,-3087.422234487091,5407.488924518159,5201.297359430226,-6974.038046287536,-259.54657257839045,-7114.2131671072775,3190.192527340141,-9242.063560424232,-4353.056719668266,5914.569795300361,-2666.5430561775142,-1905.4434507693154,10534.628507644984,2426.457412637665,6946.048009031804,-1266.8783890282446,5542.65784184418,-1082.6347997412938,1701.1913631447603,3818.1176792002407,1340.1388548079885,7482.776066314864,-6860.398142822643,8478.919964540219,1658.6531798938674,6023.419061905715,-2435.663750970411,-3672.5475612777846,-3504.3168763064104,-176.9249048677531,5320.005041888623,5201.185017477784,-2356.8382963514896,-1421.4041157225017,12994.96243342048,1736.2507606657157,-5117.654292705965,-4677.214211043194,-3496.8382959318346
2190.440541742758,2448.7286633834783,-6669.836797522075,-4212.940467396634,-3450.593107380421,6044.205100303066,5813.872399178484,-7795.325265161845,-291.4297426529792,-7952.439593893576,3565.105481302059,-10330.115803219716,-4865.960992144727,6611.041637476255,-2980.3542851940274,-2129.1807978762267,11773.984004021862,2713.1601679374485,7764.241232650093,-1416.3973461797127,6193.560946797855,-1211.1312903680146,1902.3062522761159,4266.930018480266,1497.0493876868754,8364.3233842881291,-7668.454934742924,9477.907037256799,1853.3464331096409,6732.812992785405,-2723.1374433969645,-4105.430124413053,-3915.7260066847543,-198.19996949416716,5946.250782879431,5813.363471876195,-2634.1778870195585,-1588.8777203163474,14525.166715165753,1940.5063814609955,-5719.39042443163,-5228.25146533575,-3909.1579819074464
-5966.388030023308,-6669.836797522075,18167.37473343314,11475.227641948162,9398.573551353793,-16463.43875797439,-15835.955954438981,21232.99461563784,793.4506999639377,21660.908040532548,-9710.836425297177,28137.219240331957,13254.219888703357,-18007.30377396773,8117.9684198874165,5799.341446735354,-32070.372792500857,-7390.171022012909,-21148.41678619162,3857.9773610110315,-16870.41107833623,3299.1296445157413,-5181.44013263856,-11622.661763382073,-4077.3941449873905,-22783.20126442923,20887.4075505615,-25816.2912667951,-5048.247079095697,-18338.94938460046,7417.253230452179,11182.426320106188,10665.464198150321,539.9554915501716,-16196.411610748775,-15834.722041107845,7174.9779976112995,4328.132013158701,-39563.947771775056,-5285.444200328514,15578.732059532987,14241.144451518936,10647.999957771328
-3768.4379264162676,-4212.940467396634,11475.227641948162,7248.229457743421,5936.459433470256,-10398.849098891675,-10002.538747784507,13411.503384877029,501.34995853723984,13681.8332392238,-6133.605317892022,17772.43044281284,8371.814414293094,-11374.026214181991,5127.563915658357,3663.026500505474,-20256.610794609096,-4667.97664603547,-13358.085505210349,2436.8674867814393,-10655.718398581676,2083.9053798309305,-3272.866449109655,-7341.146383739846,-2575.382293961504,-14390.64344173351,13193.23435040119,-16306.477033573592,-3188.5756890972903,-11583.52006666114,4685.066494302051,7063.24761249551,6736.594533087845,341.08280504600924,-10230.204775859595,-10001.698162504763,4531.950362564516,2733.75702300296,-24989.94078376324,-3338.4720028340594,9839.951856039852,8995.16910150118,6725.670016618586
-3087.422234487091,-3450.593107380421,9398.573551353793,5936.459433470256,4863.109188995331,-8517.12954028259,-8192.659004822326,10985.038476156476,410.6126641123732,11206.279539601843,-5024.001280492641,14557.331624773242,6856.382089576831,-9316.053538419814,4199.8903712492865,3001.0457007821046,-16591.882597887063,-3822.7481654145768,-10940.95658194579,1995.8252684620613,-8728.249820949248,1705.702138704494,-2680.4249651273394,-6012.672068013818,-2110.660421833374,-11785.979590286686,10806.203399619239,-13355.346454314977,-2611.8993755041065,-9487.66721351513,3837.1564998919193,5785.070345845636,5519.124150993851,278.8774188660654,-8379.601968708886,-8191.86183745027,3712.2077216745656,2238.3468260864884,-20468.43546398463,-2734.888037466442,8059.818971157834,7366.719671271238,5508.062914555617
5407.488924518159,6044.205100303066,-16463.43875797439,-10398.849098891675,-8517.12954028259,14919.879431340678,14351.043163162343,-19241.916164784197,-718.0365038763706,-19629.474348572185,8800.75731747881,-25498.733481046052,-12011.601601042063,16318.828061751803,-7356.86708371914,-5255.559140472567,29063.89190776303,6696.854636379706,19165.315752373815,-3496.044001173369,15289.586082716194,-2989.717531193348,4695.145730895288,10533.588712717725,3694.984112565793,20647.137444174103,-18928.65009550647,23395.60659662505,4575.218560763947,16619.27789899898,-6721.382913711362,-10133.679082077932,-9665.480044258395,-489.2912526427467,14677.646521505781,14350.290502447579,-6502.1976876464105,-3922.711922786849,35854.158458902064,4789.71152532321,-14118.501413591837,-12906.160574327863,-9649.585891033763
5201.297359430226,5813.872399178484,-15835.955954438981,-10002.538747784507,-8192.659004822326,14351.043163162343,13803.98575197047,-18508.498110233682,-691.0388971787926,-18881.33611585207,8465.132175854917,-24526.887231459295,-11553.536202259962,15696.75558620178,-7076.405896068501,-5055.35683247384,27955.817395588285,6441.59883554987,18434.74156118595,-3362.82199881475,14706.452694395879,-2875.57229906229,4516.289694276412,10131.739287319473,3554.386147522715,19859.830513968576,-18207.1937683858,22503.640859364874,4400.734404945516,15985.792785503992,-6465.2698252765895,-9747.432122726304,-9297.254594433902,-470.5660113242583,14118.241723149744,13803.106220974498,-6254.381625457857,-3772.8887420521582,34487.42599014302,4607.261851834985,-13580.15609841318,-12413.88954441154,-9281.621126540282
-6974.038046287536,-7795.325265161845,21232.99461563784,13411.503384877029,10985.038476156476,-19241.916164784197,-18508.498110233682,24816.434784034518,926.7834736375171,25316.344217330905,-11350.064260785015,32886.05969165965,15490.86123050008,-21046.347567700337,9488.109384957894,6778.479350581842,-37483.37058342306,-8636.87186934085,-24717.440858356942,4508.911098887231,-19718.438761960093,3855.299761125098,-6055.517643043163,-13584.498165398154,-4766.11127447237,-26627.94552209138,24412.44620916773,-30172.888510837063,-5900.534142902683,-21433.9202728492,8668.723906146879,13069.444633081184,12466.204611627103,630.8153222084036,-18929.99428674157,-18507.203142241113,8385.998666295298,5058.417298653002,-46241.071996643885,-6177.6155749662985,18208.34047273847,16644.32811883393,12444.693151697811
-259.54657257839045,-291.4297426529792,793.4506999639377,501.34995853723984,410.6126641123732,-718.0365038763706,-691.0388971787926,926.7834736375171,36.47957077299945,945.8348309832871,-422.9121559560223,1228.1936255044618,577.8406475230767,-785.7334615360668,354.0815887191902,253.2483228658124,-1398.3043407945613,-322.9818867546331,-922.9244994440295,168.648702454466,-734.3391361681349,143.7853779700458,-226.848704832674,-505.74080357107806,-178.3922375073813,-993.4843783128514,911.8429353818,-1126.277490861968,-219.7418152842644,-800.3912490352625,324.29553382255955,488.2819576475539,465.5971222759211,23.498604179271045,-706.9818520585802,-690.2889937172389,313.1544405735776,187.90325225976736,-1726.4106563978735,-230.9939991896253,678.8664238631579,620.5271506163475,464.42913524946704
-7114.2131671072775,-7952.439593893576,21660.908040532548,13681.8332392238,11206.279539601843,-19629.474348572185,-18881.33611585207,25316.344217330905,945.8348309832871,25826.436097698857,-11578.488858294411,33548.47708056255,15802.909302346314,-21470.28539734904,9679.185309550025,6914.922364490706,-38238.109047339836,-8811.0591190803,-25215.381228500733,4599.819915834621,-20115.168044284044,3933.122072161644,-6177.693302984006,-13857.879035845275,-4861.992867590824,-27164.33581877284,24904.25832983007,-30780.746017099806,-6019.235979993931,-21865.70051589482,8843.507600337836,13332.805239491938,12717.109655777947,643.5951994305534,-19311.284656211214,-18879.892404664814,8554.893137606705,5160.249950282006,-47172.50909857376,-6302.043565556191,18574.88230638507,16979.57268076521,12695.446400531777
3190.192527340141,3565.105481302059,-9710.836425297177,-6133.605317892022,-5024.001280492641,8800.75731747881,8465.132175854917,-11350.064260785015,-422.9121559560223,-11578.488858294411,5191.581449228218,-15040.806316469767,-7085.186284140395,9625.892568302113,-4339.626625667462,-3100.229461925756,17144.230054764987,3949.877850723382,11304.840107218066,-2062.050271790367,9019.540289416635,-1763.2491481779891,2769.166752139754,6213.803439451922,2179.7454820729745,12178.96736032955,-11165.21537237551,13800.091280776927,2699.011681273146,9803.060323864753,-3964.4230883476685,-5977.324704651953,-5701.661658485329,-288.4914933076066,8657.847457084186,8464.891706374432,-3835.457924712884,-2313.96155727044,21149.081998668044,2825.2925038756907,-8328.380248709147,-7612.915488067096,-5691.809026608568
-9242.063560424232,-10330.115803219716,28137.219240331957,17772.43044281284,14557.331624773242,-25498.733481046052,-24526.887231459295,32886.05969165965,1228.1936255044618,33548.47708056255,-15040.806316469767,43579.84116347262,20527.77135567644,-27889.989784506794,12573.387831310458,8982.928146726272,-49671.958657003626,-11445.116128989808,-32754.755148745826,5975.0393922517915,-26130.42172378955,5108.510484416979,-8024.51832695475,-18001.658794848227,-6316.371500327727,-35286.22372857528,32350.691362089252,-39983.95320113605,-7819.285881222241,-28403.605376533964,11487.47723447569,17319.181902904453,16520.357174307683,835.7590127513944,-25085.614776775645,-24525.112959200345,11112.967704166696,6702.957042655123,-61277.312057812545,-8186.567154172482,24129.21836583302,22056.21723766942,16491.080065556034
-4353.056719668266,-4865.960992144727,13254.219888703357,8371.814414293094,6856.382089576831,-12011.601601042063,-11553.536202259962,15490.86123050008,577.8406475230767,15802.909302346314,-7085.186284140395,20527.77135567644,9670.514024004524,-13137.70649740202,5922.7250739964,4230.635784433759,-23398.223492045145,-5391.647182310625,-15429.380431626783,2814.5635842599213,-12309.059458815282,2407.518394507885,-3779.929891076513,-8480.495658342823,-2974.0026102195948,-16622.79924481204,15238.67337996626,-18835.3465801061,-3683.2862518318434,-13379.550721433357,5411.169997815015,8158.31028444664,7780.58480433806,394.16676806550834,-11816.207167249995,-11553.074678571616,5234.549051310753,3158.5493022883275,-28864.854768793597,-3855.743516580411,11366.280354526703,10390.856578071649,7768.911901653254
5914.569795300361,6611.041637476255,-18007.30377396773,-11374.026214181991,-9316.053538419814,16318.828061751803,15696.75558620178,-21046.347567700337,-785.7334615360668,-21470.28539734904,9625.892568302113,-27889.989784506794,-13137.70649740202,17849.0643111384,-8046.72041433774,-5748.583136663747,31789.125219442354,7324.800583012982,20962.461777931007,-3823.9078339674325,16723.064936184823,-3269.7946946108104,5135.513152703342,11521.015595586778,4041.8241665325777,22582.934574591836,-20703.721316994528,25589.256515309713,5004.188326513537,18177.72955263234,-7351.740985416289,-11083.957856845074,-10572.162567384847,-535.0579001265749,16054.124981418487,15695.7711410371,-7111.98397620501,-4290.198826890134,39216.2763290519,5239.019305978415,-15442.287289021211,-14116.02679984264,-10554.259479182154
-2666.5430561775142,-2980.3542851940274,8117.9684198874165,5127.563915658357,4199.8903712492865,-7356.86708371914,-7076.405896068501,9488.109384957894,354.0815887191902,9679.185309550025,-4339.626625667462,12573.387831310458,5922.7250739964,-8046.72041433774,3627.6461305072803,2591.6306583071605,-14331.298860959045,-3302.0736067811163,-9450.277102839178,1723.860854228267,-7539.282135465756,1474.0024923736992,-2315.1120232654457,-5193.999620805812,-1822.2086166340719,-10180.818284580339,9333.631919798685,-11536.109856489435,-2256.0533869031265,-8194.877134056078,3314.246447206471,4996.829713358431,4766.251523031461,241.17500493787531,-7237.5374882488095,-7076.008157408275,3206.241283407572,1934.1142329457384,-17679.49085741422,-2361.86772617759,6961.789894111492,6363.781354762735,4758.02904495451
-1905.4434507693154,-2129.1807978762267,5799.341446735354,3663.026500505474,3001.0457007821046,-5255.559140472567,-5055.35683247384,6778.479350581842,253.2483228658124,6914.922364490706,-3100.229461925756,8982.928146726272,4230.635784433759,-5748.583136663747,2591.6306583071605,1852.066907107338,-10238.419728864308,-2358.6449058154844,-6751.187364239667,1231.489914414433,-5386.151975699522,1052.1750430115173,-1653.8573400579653,-3710.220335866169,-1302.7704028989951,-7272.4479276338225,6668.10123606061,-8240.871835319507,-1611.8170685550413,-5854.476253183106,2367.656214725159,3569.6685365195162,3406.0729813681987,171.93450626742177,-5170.844625063305,-5054.876263223589,2290.7365864116878,1381.0170389391628,-12630.313102928001,-1687.716570543058,4973.55059335646,4545.497672382335,3398.6113815480794
10534.628507644984,11773.984004021862,-32070.372792500857,-20256.610794609096,-16591.882597887063,29063.89190776303,27955.817395588285,-37483.37058342306,-1398.3043407945613,-38238.109047339836,17144.230054764987,-49671.958657003626,-23398.223492045145,31789.125219442354,-14331.298860959045,-10238.419728864308,56617.11645278439,13044.890052568093,37333.93120994852,-6810.137038790255,29784.97817714483,-5823.117932585394,9145.785062065472,20519.62181358008,7198.718036317522,40220.1420745471,-36873.049200521215,45574.206203789174,8912.855638187895,32374.37884956424,-13092.963593267457,-19740.21854298354,-18829.447430004762,-952.7699735912404,28592.36119730045,27954.421011276285,-12666.477008419972,-7641.060441971601,69844.05221857924,9330.656495991212,-27503.29349117289,-25140.732068205893,-18796.92603593015
2426.457412637665,2713.1601679374485,-7390.171022012909,-4667.97664603547,-3822.7481654145768,6696.854636379706,6441.59883554987,-8636.87186934085,-322.9818867546331,-8811.0591190803,3949.877850723382,-11445.116128989808,-5391.647182310625,7324.800583012982,-3302.0736067811163,-2358.6449058154844,13044.890052568093,3006.4377899809915,8602.60001864443,-1569.3971805081069,6861.888110199608,-1342.4938643464193,2107.857594446994,4727.653837243508,1658.0294002775966,9267.813836699183,-8496.340887167647,10501.549920183736,2053.28634539367,7459.713892141222,-3017.2786467431224,-4548.7818439146595,-4337.740062572242,-219.85773066441863,6588.029605617158,6441.063600395551,-2918.4470891795454,-1760.792905698627,16093.334126919057,2149.7796793892458,-6336.702280955212,-5793.158291368624,-4331.566720909849
6946.048009031804,7764.241232650093,-21148.41678619162,-13358.085505210349,-10940.95658194579,19165.315752373815,18434.74156118595,-24717.440858356942,-922.9244994440295,-25215.381228500733,11304.840107218066,-32754.755148745826,-15429.380431626783,20962.461777931007,-9450.277102839178,-6751.187364239667,37333.93120994852,8602.60001864443,24618.964569458138,-4490.951438970895,19639.838419993943,-3840.3202460128973,6031.394545965863,13530.547921539133,4746.663074036542,26522.155817205185,-24315.069431375057,30052.870910765447,5876.984435404513,21348.464929196754,-8634.18026549832,-13017.378629019557,-12416.037110382604,-628.4652915948268,18854.38548534625,18433.552377529326,-8352.486040559876,-5038.594585247557,46056.733000780754,6152.807093262071,-18135.763166736288,-16578.359048167677,-12395.330946689495
-1266.8783890282446,-1416.3973461797127,3857.9773610110315,2436.8674867814393,1995.8252684620613,-3496.044001173369,-3362.82199881475,4508.911098887231,168.648702454466,4599.819915834621,-2062.050271790367,5975.0393922517915,2814.5635842599213,-3823.9078339674325,1723.860854228267,1231.489914414433,-6810.137038790255,-1569.3971805081069,-4490.951438970895,819.2852115263115,-3582.311364097125,700.6174131195814,-1100.3704254555792,-2467.999999785493,-865.8316193656141,-4838.069954336273,4435.539039328514,-5482.185829461009,-1071.955265376132,-3894.348496753085,1575.1410672443405,2374.6605057726556,2264.8000732904015,114.67780106166309,-3439.36288996639,-3362.506630780793,1523.624906835276,919.0471907672728,-8401.531471326856,-1122.3906891602087,3308.105745170985,3024.1187072382404,2261.1511995944056
5542.65784184418,6193.560946797855,-16870.41107833623,-10655.718398581676,-8728.249820949248,15289.586082716194,14706.452694395879,-19718.438761960093,-734.3391361681349,-20115.168044284044,9019.540289416635,-26130.42172378955,-12309.059458815282,16723.064936184823,-7539.282135465756,-5386.151975699522,29784.97817714483,6861.888110199608,19639.838419993943,-3582.311364097125,15670.126614398625,-3063.090286496242,4810.662930045023,10795.49049403032,3787.033033859476,21158.473329276712,-19397.261041338534,23974.79699061472,4689.155628249078,17030.825765301033,-6887.215844339117,-10384.298488855502,-9905.746503867998,-501.1070061241281,15041.30901980085,14706.156480859081,-6663.377250885468,-4020.0812733888038,36742.304020303374,4908.400898122348,-14469.137416128375,-13225.913586038543,-9888.276210949385
-1082.6347997412938,-1211.1312903680146,3299.1296445157413,2083.9053798309305,1705.702138704494,-2989.717531193348,-2875.57229906229,3855.299761125098,143.7853779700458,3933.122072161644,-1763.2491481779891,5108.510484416979,2407.518394507885,-3269.7946946108104,1474.0024923736992,1052.1750430115173,-5823.117932585394,-1342.4938643464193,-3840.3202460128973,700.6174131195814,-3063.090286496242,600.3141768086955,-941.0036220673816,-2110.9085112330786,-738.9593307296085,-4138.051622236464,3792.585477564875,-4688.5402411415125,-916.4909165962947,-3329.956527089686,1346.9514319055254,2030.655970575722,1935.0993330949213,98.57986258976574,-2940.4880026445676,-2875.5818993021157,1302.562351313577,786.8961267613489,-7183.989469197562,-959.1810051835824,2828.6758271565086,2587.0347410942145,1934.2484063406782
1701.1913631447603,1902.3062522761159,-5181.44013263856,-3272.866449109655,-2680.4249651273394,4695.145730895288,4516.289694276412,-6055.517643043163,-226.848704832674,-6177.693302984006,2769.166752139754,-8024.51832695475,-3779.929891076513,5135.513152703342,-2315.1120232654457,-1653.8573400579653,9145.785062065472,2107.857594446994,6031.394545965863,-1100.3704254555792,4810.662930045023,-941.0036220673816,1477.9678987901555,3314.2791303670565,1162.7893870047924,6497.492727717492,-5957.009152277534,7362.609146746333,1439.5130387587433,5230.14709510651,-2115.5588041122,-3189.254479803338,-3041.54062216558,-154.0459506416827,4619.0824738824895,4515.743547727545,-2046.2215457382813,-1234.1725991995872,11283.275322710333,1507.4006107252224,-4442.595141763673,-4061.3127043332584,-3036.7582154706497
3818.1176792002407,4266.930018480266,-11622.661763382073,-7341.146383739846,-6012.672068013818,10533.588712717725,10131.739287319473,-13584.498165398154,-505.74080357107806,-13857.879035845275,6213.803439451922,-18001.658794848227,-8480.495658342823,11521.015595586778,-5193.999620805812,-3710.220335866169,20519.62181358008,4727.653837243508,13530.547921539133,-2467.999999785493,10795.49049403032,-2110.9085112330786,3314.2791303670565,7437.578944199234,2608.2537638648773,14577.249186096711,-13363.248898047934,16517.35664373338,3230.410241286335,11733.009706638899,-4744.861659180166,-7154.117822803697,-6823.551068022208,-345.5065392913273,10362.149891744039,10131.663412108539,-4590.451658316614,-2770.0761473292387,25312.81271999264,3381.2475460030637,-9968.155524713498,-9112.307702520704,-6812.727605072465
1340.1388548079885,1497.0493876868754,-4077.3941449873905,-2575.382293961504,-2110.660421833374,3694.984112565793,3554.386147522715,-4766.11127447237,-178.3922375073813,-4861.992867590824,2179.7454820729745,-6316.371500327727,-2974.0026102195948,4041.8241665325777,-1822.2086166340719,-1302.7704028989951,7198.718036317522,1658.0294002775966,4746.663074036542,-865.8316193656141,3787.033033859476,-738.9593307296085,1162.7893870047924,2608.2537638648773,916.9344878785184,5112.527371104375,-4688.489836552627,5793.6311986038,1133.3407369835318,4116.329240111944,-1664.6738462382702,-2509.7717668069736,-2395.829036920632,-120.5361642435551,3635.9494574465707,3553.8424498464656,-1610.8023283054224,-970.2786609159509,8880.429948578003,1187.0235274031118,-3496.91641458255,-3195.152768672913,-2389.050863104519
7482.776066314864,8364.3233842881291,-22783.20126442923,-14390.64344173351,-11785.979590286686,20647.137444174103,19859.830513968576,-26627.94552209138,-993.4843783128514,-27164.33581877284,12178.96736032955,-35286.22372857528,-16622.79924481204,22582.934574591836,-10180.818284580339,-7272.4479276338225,40220.1420745471,9267.813836699183,26522.155817205185,-4838.069954336273,21158.473329276712,-4138.051622236464,6497.492727717492,14577.249186096711,5112.527371104375,28573.29067182053,-26194.450341296397,32376.62796484012,6331.35461032969,22998.679465428893,-9301.49772075596,-14023.641568010828,-13374.77028354918,-677.4104072474313,20311.498260062806,19858.926006646307,-8997.955629153426,-5429.038176566071,49616.995425481924,6627.961499188607,-19537.92583326153,-17860.91880205854,-13354.08819323672
-6860.398142822643,-7668.454934742924,20887.4075505615,13193.23435040119,10806.203399619239,-18928.65009550647,-18207.1937683858,24412.44620916773,911.8429353818,24904.25832983007,-11165.21537237551,32350.691362089252,15238.67337996626,-20703.721316994528,9333.631919798685,6668.10123606061,-36873.049200521215,-8496.340887167647,-24315.069431375057,4435.539039328514,-19397.261041338534,3792.585477564875,-5957.009152277534,-13363.248898047934,-4688.489836552627,-26194.450341296397,24015.049395806927,-29681.708615132684,-5804.420539555301,-21084.998347581008,8527.662876773515,12856.715717509851,12263.199911260985,620.5671805592707,-18621.818989252853,-18205.8720284678,8249.471060129741,4976.035607707133,-45488.2856989382,-6077.04911886417,17911.831393705208,16373.34504838475,12242.120174188572
8478.919964540219,9477.907037256799,-25816.2912667951,-16306.477033573592,-13355.346454314977,23395.60659662505,22503.640859364874,-30172.888510837063,-1126.277490861968,-30780.746017099806,13800.091280776927,-39983.95320113605,-18835.3465801061,25589.256515309713,-11536.109856489435,-8240.871835319507,45574.206203789174,10501.549920183736,30052.870910765447,-5482.185829461009,23974.79699061472,-4688.5402411415125,7362.609146746333,16517.35664373338,5793.6311986038,32376.62796484012,-29681.708615132684,36686.4619678492,7174.12399885006,26060.409247693966,-10539.875360952112,-15890.568797793638,-15155.746151373356,-767.4293999359903,23015.63632767401,22502.379947790185,-10195.893313643572,-6151.26742323217,56222.233864325535,7510.542834010315,-22138.70031119322,-20238.111431405276,-15131.576460415841
1658.6531798938674,1853.3464331096409,-5048.247079095697,-3188.5756890972903,-2611.8993755041065,4575.218560763947,4400.734404945516,-5900.534142902683,-219.7418152842644,-6019.235979993931,2699.011681273146,-7819.285881222241,-3683.2862518318434,5004.188326513537,-2256.0533869031265,-1611.8170685550413,8912.855638187895,2053.28634539367,5876.984435404513,-1071.955265376132,4689.155628249078,-916.4909165962947,1439.5130387587433,3230.410241286335,1133.3407369835318,6331.35461032969,-5804.420539555301,7174.12399885006,1403.1994890464161,5096.284908203373,-2060.9028319595964,-3107.3677766682044,-2964.3116335693935,-149.90590721021385,4500.978705981593,4400.635881217056,-1993.9633188804519,-1202.8932084005696,10994.726074927716,1468.8255198341471,-4329.7500795736405,-3957.623452571309,-2958.8920294153027
6023.419061905715,6732.812992785405,-18338.94938460046,-11583.52006666114,-9487.66721351513,16619.27789899898,15985.792785503992,-21433.9202728492,-800.3912490352625,-21865.70051589482,9803.060323864753,-28403.605376533964,-13379.550721433357,18177.72955263234,-8194.877134056078,-5854.476253183106,32374.37884956424,7459.713892141222,21348.464929196754,-3894.348496753085,17030.825765301033,-3329.956527089686,5230.14709510651,11733.009706638899,4116.329240111944,22998.679465428893,-21084.998347581008,26060.409247693966,5096.284908203373,18512.46718432285,-7487.173915348359,-11288.0842782409,-10766.89286823964,-544.891776266478,16349.776825924473,15984.716054884102,-7242.956626973631,-4369.079517119739,39938.398009332734,5335.5372993646815,-15726.54998251139,-14375.840495286911,-10748.563335994548
-2435.663750970411,-2723.1374433969645,7417.253230452179,4685.066494302051,3837.1564998919193,-6721.382913711362,-6465.2698252765895,8668.723906146879,324.29553382255955,8843.507600337836,-3964.4230883476685,11487.47723447569,5411.169997815015,-7351.740985416289,3314.246447206471,2367.656214725159,-13092.963593267457,-3017.2786467431224,-8634.18026549832,1575.1410672443405,-6887.215844339117,1346.9514319055254,-2115.5588041122,-4744.861659180166,-1664.6738462382702,-9301.49772075596,8527.662876773515,-10539.875360952112,-2060.9028319595964,-7487.173915348359,3028.3375061845213,4565.4629884999395,4354.288295823752,220.4605685384747,-6612.444351405706,-6464.639458216171,2929.2880496608946,1766.8849266085197,-16152.55945551217,-2157.902510131303,6360.054008687959,5814.037647382256,4347.204225935542
-3672.5475612777846,-4105.430124413053,11182.426320106188,7063.24761249551,5785.070345845636,-10133.679082077932,-9747.432122726304,13069.444633081184,488.2819576475539,13332.805239491938,-5977.324704651953,17319.181902904453,8158.31028444664,-11083.957856845074,4996.829713358431,3569.6685365195162,-19740.21854298354,-4548.7818439146595,-13017.378629019557,2374.6605057726556,-10384.298488855502,2030.655970575722,-3189.254479803338,-7154.117822803697,-2509.7717668069736,-14023.641568010828,12856.715717509851,-15890.568797793638,-3107.3677766682044,-11288.0842782409,4565.4629884999395,6883.042596088071,6564.920058792052,332.33745079595207,-9969.311387876633,-9746.70704350465,4416.389702933522,2664.0950657148023,-24352.62579383069,-3253.3277090746124,9589.173142232898,8765.79883493526,6554.09703769213
-3504.3168763064104,-3915.7260066847543,10665.464198150321,6736.594533087845,5519.124150993851,-9665.480044258395,-9297.254594433902,12466.204611627103,465.5971222759211,12717.109655777947,-5701.661658485329,16520.357174307683,7780.58480433806,-10572.162567384847,4766.251523031461,3406.0729813681987,-18829.447430004762,-4337.740062572242,-12416.037110382604,2264.8000732904015,-9905.746503867998,1935.0993330949213,-3041.54062216558,-6823.551068022208,-2395.829036920632,-13374.77028354918,12263.199911260985,-15155.746151373356,-2964.3116335693935,-10766.89286823964,4354.288295823752,6564.920058792052,6264.006556726786,316.22464461420543,-9509.612209735526,-9296.431756065092,4212.8545723157595,2539.919532010218,-23228.27456616193,-3103.8168878605757,9146.871441691084,8359.68350478904,6250.3934148755025
-176.9249048677531,-198.19996949416716,539.9554915501716,341.08280504600924,278.8774188660654,-489.2912526427467,-470.5660113242583,630.8153222084036,23.498604179271045,643.5951994305534,-288.4914933076066,835.7590127513944,394.16676806550834,-535.0579001265749,241.17500493787531,171.93450626742177,-952.7699735912404,-219.85773066441863,-628.4652915948268,114.67780106166309,-501.1070061241281,98.57986258976574,-154.0459506416827,-345.5065392913273,-120.5361642435551,-677.4104072474313,620.5671805592707,-767.4293999359903,-149.90590721021385,-544.891776266478,220.4605685384747,332.33745079595207,316.22464461420543,16.280536042278566,-481.045695766092,-470.61211831433485,213.07129187954123,129.01471777298846,-1175.5409206780037,-156.81107733106006,462.81091188493036,423.61752558325304,316.72282869213933
5320.005041888623,5946.250782879431,-16196.411610748775,-10230.204775859595,-8379.601968708886,14677.646521505781,14118.241723149744,-18929.99428674157,-706.9818520585802,-19311.284656211214,8657.847457084186,-25085.614776775645,-11816.207167249995,16054.124981418487,-7237.5374882488095,-5170.844625063305,28592.36119730045,6588.029605617158,18854.38548534625,-3439.36288996639,15041.30901980085,-2940.4880026445676,4619.0824738824895,10362.149891744039,3635.9494574465707,20311.498260062806,-18621.818989252853,23015.63632767401,4500.978705981593,16349.776825924473,-6612.444351405706,-9969.311387876633,-9509.612209735526,-481.045695766092,14439.897214441842,14117.20717924745,-6396.90252428416,-3858.313545831508,35272.65141632231,4712.416236631973,-13889.353714122277,-12695.996115639071,-9492.593872736912
5201.185017477784,5813.363471876195,-15834.722041107845,-10001.698162504763,-8191.86183745027,14350.290502447579,13803.106220974498,-18507.203142241113,-690.2889937172389,-18879.892404664814,8464.891706374432,-24525.112959200345,-11553.074678571616,15695.7711410371,-7076.008157408275,-5054.876263223589,27954.421011276285,6441.063600395551,18433.552377529326,-3362.506630780793,14706.156480859081,-2875.5818993021157,4515.743547727545,10131.663412108539,3553.8424498464656,19858.926006646307,-18205.8720284678,22502.379947790185,4400.635881217056,15984.716054884102,-6464.639458216171,-9746.70704350465,-9296.431756065092,-470.61211831433485,14117.20717924745,13802.506695997112,-6253.930353221677,-3773.100461601688,34485.224025177624,4606.780432111594,-13579.619400239095,-12413.543954986802,-9281.186233021652
-2356.8382963514896,-2634.1778870195585,7174.9779976112995,4531.950362564516,3712.2077216745656,-6502.1976876464105,-6254.381625457857,8385.998666295298,313.1544405735776,8554.893137606705,-3835.457924712884,11112.967704166696,5234.549051310753,-7111.98397620501,3206.241283407572,2290.7365864116878,-12666.477008419972,-2918.4470891795454,-8352.486040559876,1523.624906835276,-6663.377250885468,1302.562351313577,-2046.2215457382813,-4590.451658316614,-1610.8023283054224,-8997.955629153426,8249.471060129741,-10195.893313643572,-1993.9633188804519,-7242.956626973631,2929.2880496608946,4416.389702933522,4212.8545723157595,213.07129187954123,-6396.90252428416,-6253.930353221677,2833.8467581987215,1709.2008478784123,-15625.802333101172,-2087.6255555840435,6153.026092774692,5624.287530370685,4205.178559638067
-1421.4041157225017,-1588.8777203163474,4328.132013158701,2733.75702300296,2238.3468260864884,-3922.711922786849,-3772.8887420521582,5058.417298653002,187.90325225976736,5160.249950282006,-2313.96155727044,6702.957042655123,3158.5493022883275,-4290.198826890134,1934.1142329457384,1381.0170389391628,-7641.060441971601,-1760.792905698627,-5038.594585247557,919.0471907672728,-4020.0812733888038,786.8961267613489,-1234.1725991995872,-2770.0761473292387,-970.2786609159509,-5429.038176566071,4976.035607707133,-6151.26742323217,-1202.8932084005696,-4369.079517119739,1766.8849266085197,2664.0950657148023,2539.919532010218,129.01471777298846,-3858.313545831508,-3773.100461601688,1709.2008478784123,1032.28358470908,-9425.921525291715,-1258.7002779285272,3711.970615176193,3394.0720756736064,2537.4474887125866
12994.96243342048,14525.166715165753,-39563.947771775056,-24989.94078376324,-20468.43546398463,35854.158458902064,34487.42599014302,-46241.071996643885,-1726.4106563978735,-47172.50909857376,21149.081998668044,-61277.312057812545,-28864.854768793597,39216.2763290519,-17679.49085741422,-12630.313102928001,69844.05221857924,16093.334126919057,46056.733000780754,-8401.531471326856,36742.304020303374,-7183.989469197562,11283.275322710333,25312.81271999264,8880.429948578003,49616.995425481924,-45488.2856989382,56222.233864325535,10994.726074927716,39938.398009332734,-16152.55945551217,-24352.62579383069,-23228.27456616193,-1175.5409206780037,35272.65141632231,34485.224025177624,-15625.802333101172,-9425.921525291715,86162.30752122625,11510.729452649783,-33928.316507818345,-31014.294032103502,-23188.760354840582
1736.2507606657157,1940.5063814609955,-5285.444200328514,-3338.4720028340594,-2734.888037466442,4789.71152532321,4607.261851834985,-6177.6155749662985,-230.9939991896253,-6302.043565556191,2825.2925038756907,-8186.567154172482,-3855.743516580411,5239.019305978415,-2361.86772617759,-1687.716570543058,9330.656495991212,2149.7796793892458,6152.807093262071,-1122.3906891602087,4908.400898122348,-959.1810051835824,1507.4006107252224,3381.2475460030637,1187.0235274031118,6627.961499188607,-6077.04911886417,7510.542834010315,1468.8255198341471,5335.5372993646815,-2157.902510131303,-3253.3277090746124,-3103.8168878605757,-156.81107733106006,4712.416236631973,4606.780432111594,-2087.6255555840435,-1258.7002779285272,11510.729452649783,1538.035980462162,-4532.527802735048,-4142.715760549037,-3097.509490044374
-5117.654292705965,-5719.39042443163,15578.732059532987,9839.951856039852,8059.818971157834,-14118.501413591837,-13580.15609841318,18208.34047273847,678.8664238631579,18574.88230638507,-8328.380248709147,24129.21836583302,11366.280354526703,-15442.287289021211,6961.789894111492,4973.55059335646,-27503.29349117289,-6336.702280955212,-18135.763166736288,3308.105745170985,-14469.137416128375,2828.6758271565086,-4442.595141763673,-9968.155524713498,-3496.91641458255,-19537.92583326153,17911.831393705208,-22138.70031119322,-4329.7500795736405,-15726.54998251139,6360.054008687959,9589.173142232898,9146.871441691084,462.81091188493036,-13889.353714122277,-13579.619400239095,6153.026092774692,3711.970615176193,-33928.316507818345,-4532.527802735048,13360.554199656903,12212.808981192338,9131.029018161817
-4677.214211043194,-5228.25146533575,14241.144451518936,8995.16910150118,7366.719671271238,-12906.160574327863,-12413.88954441154,16644.32811883393,620.5271506163475,16979.57268076521,-7612.915488067096,22056.21723766942,10390.856578071649,-14116.02679984264,6363.781354762735,4545.497672382335,-25140.732068205893,-5793.158291368624,-16578.359048167677,3024.1187072382404,-13225.913586038543,2587.0347410942145,-4061.3127043332584,-9112.307702520704,-3195.152768672913,-17860.91880205854,16373.34504838475,-20238.111431405276,-3957.623452571309,-14375.840495286911,5814.037647382256,8765.79883493526,8359.68350478904,423.61752558325304,-12695.996115639071,-12413.543954986802,5624.287530370685,3394.0720756736064,-31014.294032103502,-4142.715760549037,12212.808981192338,11164.952620491371,8347.595185750311
-3496.8382959318346,-3909.1579819074464,10647.999957771328,6725.670016618586,5508.062914555617,-9649.585891033763,-9281.621126540282,12444.693151697811,464.42913524946704,12695.446400531777,-5691.809026608568,16491.080065556034,7768.911901653254,-10554.259479182154,4758.02904495451,3398.6113815480794,-18796.92603593015,-4331.566720909849,-12395.330946689495,2261.1511995944056,-9888.276210949385,1934.2484063406782,-3036.7582154706497,-6812.727605072465,-2389.050863104519,-13354.08819323672,12242.120174188572,-15131.576460415841,-2958.8920294153027,-10748.563335994548,4347.204225935542,6554.09703769213,6250.3934148755025,316.72282869213933,-9492.593872736912,-9281.186233021652,4205.178559638067,2537.4474887125866,-23188.760354840582,-3097.509490044374,9131.029018161817,8347.595185750311,6241.287945490304
