V1,V2,V3,V4,V5,V6,V7,V8,V9,V10,V11,V12,V13,V14,V15,V16,V17,V18,V19,V20,V21,V22,V23,V24,V25,V26,V27,V28,V29,V30,V31,V32,V33,V34,V35,V36,V37,V38,V39,V40,V41,V42,V43,V44
0.5721376559537962,0.19425481919693696,-0.8680202192169784,0.09980997147524286,0.4214163194451042,-0.6378179007460384,0.1586427978555013,-0.6239197288946474,0.6822687082554078,0.06012317826663499,-0.5974671014523513,0.31453352249671596,-0.17401448710542924,1.197845134578094,0.17084874830552133,0.06853875280771739,-0.3093273670263892,-0.13797204453573908,-1.0202290367452114,-0.34814392300721225,-0.7759042086251928,0.7067693928486078,0.171219910363223,-0.8056284448261053,-0.18891744024549653,-0.2581688373459473,0.28366719508038396,0.07365756276190491,-0.13594313739663277,0.4407645620408375,-0.47667364755486746,0.5946115953586666,-0.3817000741303078,0.404310042740775,-0.2695579675389619,0.3370958853077409,0.4657248273555268,-0.24998133049699658,-0.6496582430621369,-0.4373250799214001,0.6944437854056256,1.0536928744342384,0.4553041961638754,-0.14458497611635468
0.19425481919693696,1.1576701484679652,-0.34126673651871714,-0.7049881741276629,-1.0571853849803154,-0.5766630302854713,0.09174072214700006,0.21629929135630913,1.100076025426077,0.5291418173169362,0.28386394994148345,0.15610136986865364,-0.5393412760223996,-1.0449046682144667,-0.10786663477721439,0.43377425795983054,-0.0658553171844945,-1.5158441840022447,-1.8587242781566373,-0.4129298422608693,-0.25412080071619725,-0.5566094781270582,0.4571740050385958,-0.8261280909277176,-0.8028941539392608,0.12349417474351701,-0.8021545232977272,-0.48283235017861237,0.21812295126547507,-5.320806499168428e-4,-1.2904954034476335,0.34175058937266506,-0.6562070320868331,-0.6275343633257408,-0.5439986479056854,-0.3933368468492085,0.07150694333650037,-1.1620450169448702,-1.172339993298991,-0.7514940978053892,0.5466184346198272,0.5763651414355556,2.014435133406724,-1.1109134487743286
-0.8680202192169784,-0.34126673651871714,1.7097538588667285,-0.24494149394637568,-0.8230168863755022,0.7911246406194451,-0.10561100749453979,1.4791873360314882,-1.2543623736367322,-0.10945402837893282,0.5371900931168216,-1.059373900521914,0.29668890141283494,-2.7118491867994376,-0.7272304233009035,-0.39776018872095487,0.4683673440043566,-0.04795103392807184,0.9980519917601972,0.08126891991351243,1.099001686055592,-1.7295944809139399,0.11016342570146431,2.003396399537154,0.6848659485146557,0.35903836578115483,-0.6181812603808194,-0.5798337400223937,0.24835635496016864,-1.2235930743010937,0.9045917900845276,-0.8081237417450524,0.8331513891140883,-0.6731700561341376,0.9801915374687091,-0.3113187939471186,-0.7280019461871371,0.10984563924860175,1.1375691714515308,0.6790337620365533,-1.4976503240492411,-2.078956568500128,-0.6766686526935053,0.37120093251546576
0.09980997147524286,-0.7049881741276629,-0.24494149394637568,0.5585334887049827,0.9625235820882858,0.1959762955105268,-0.04244770241294267,-0.574910673011954,-0.4121002341329227,-0.33570742569727824,-0.32166327622129104,0.20843478766004783,0.2907066002021451,1.497410400602452,0.2950504455676745,-0.17692884665897607,-0.08003393545700944,1.0734098418514129,1.046020482739029,0.2855804794882891,-0.11426394407663196,0.8832047426146078,-0.3642455936520625,-0.007566321225963088,0.35020727536431356,-0.17971394683317662,0.7304566091406978,0.5145836170326753,-0.2198945624880847,0.3589450183378349,0.6408434562535831,-0.024204124907382062,0.2174705183262729,0.6172883888761305,0.08235912523567661,0.3452905072751233,0.14537970918763146,0.7875818365232509,0.4961637370230935,0.33591550582227575,0.04751006968464297,0.18650451256091075,-1.2110546046333612,0.6604925839602896
0.4214163194451042,-1.0571853849803154,-0.8230168863755022,0.9625235820882858,1.7766899121998756,0.041070539033693336,-0.007090326264119044,-1.2627071470186724,-0.3427082580760489,-0.5197810887617974,-0.7689636340647487,0.5244721889947819,0.3917268890611527,3.0562661646881457,0.5944038025716858,-0.2353966551399656,-0.27146148189942515,1.7092711088502919,1.286101541705709,0.34228732840015147,-0.5346758797557114,1.8129315284573195,-0.545678592644291,-0.43810577786846044,0.4549439212642806,-0.4100555046571009,1.336326325186458,0.9082913695559541,-0.42363315643352567,0.8286176040386168,0.8152155962658044,0.22528794390044674,0.16107953402984423,1.198617957328975,-0.033037857836149674,0.7034784632044505,0.4514571868859376,1.1906806359909545,0.5030881108151559,0.3469725392905803,0.42787369726666064,0.8197658652203038,-1.7693709849089836,0.999414361402497
-0.6378179007460384,-0.5766630302854713,0.7911246406194451,0.1959762955105268,0.041070539033693336,0.9425954417147693,-0.2630127253474467,0.2839198531162492,-0.9667270766414501,-0.2387082867214416,0.6904546562930473,-0.06722744870836214,0.3459065195914819,-0.3900065601168289,0.10326507618940167,-0.06767755430047759,0.33721963297752683,0.7965275572501774,1.9549408946844615,0.7186841391484129,0.9149934118072894,-0.18617505652370514,-0.5177549218740931,0.7076066700941144,0.2681568921252813,0.23776034932862045,0.08941833017245046,0.33347495573268204,0.038727573134407764,-0.16076465091875355,0.8460637237555202,-0.7705697503481036,0.4880152069643775,-0.1650432275066887,0.17236618833626738,-0.30960740190635716,-0.49147363061096583,0.7951859938855769,0.9813118105868848,0.6978679442727225,-0.6686250786116513,-1.014084288065537,-1.1692719167212235,0.4605553545145818
0.1586427978555013,0.09174072214700006,-0.10561100749453979,-0.04244770241294267,-0.007090326264119044,-0.2630127253474467,0.09593342830012147,0.034259132588503834,0.15837159897241151,0.03644553071424486,-0.27543339833470837,-0.11847310734830939,-0.05941361394006343,-0.05130052707766426,-0.126761079641165,-0.06657825603488829,-0.0861943614678629,-0.2016964782533932,-0.556570267970528,-0.2699891263848201,-0.24661918732759444,-0.0725506103214858,0.19848661993596958,0.022188658019308163,0.05236911910257745,-0.07500957917128623,-0.030739413087440663,-0.17091989590939344,-0.009887802672431667,-0.08082261685980639,-0.12764250237864544,0.20930309333286054,-0.044402412278499906,0.0573339927332563,0.10500560067936428,0.14300586927834097,0.12242427871483835,-0.21915924317629187,-0.173276078258056,-0.14811303045294227,0.053975798056904375,0.13464685784478517,0.22402507242737585,-0.03967208540217334
-0.6239197288946474,0.21629929135630913,1.4791873360314882,-0.574910673011954,-1.2627071470186724,0.2839198531162492,0.034259132588503834,1.6266892337754417,-0.6604669529901902,0.13908240262946836,0.3514796979326743,-1.1422637380040046,0.017137592562743366,-3.2262748633744915,-0.9212342660521207,-0.30330293771070277,0.3537358360499488,-0.8775172330432083,-0.34787559597478934,-0.3847822227198105,0.739286364167957,-2.0605080886101246,0.5162826699973555,1.730654115097601,0.43378811837911235,0.33128979880587,-0.9831118560699635,-0.9706663565995226,0.3269631743542774,-1.33244960326606,0.26426119777128887,-0.4535024249515963,0.5374193367080943,-0.8727780165564095,0.895587072335389,-0.3159540519459123,-0.5776752824156131,-0.5945994942693656,0.4925105417687518,0.22683400863689815,-1.2438712036602744,-1.7288280959381839,0.36597467971830516,-0.10868810879991754
0.6822687082554078,1.100076025426077,-1.2543623736367322,-0.4121002341329227,-0.3427082580760489,-0.9667270766414501,0.15837159897241151,-0.6604669529901902,1.5953058102591005,0.4754039149790497,-0.1691609020381759,0.6767998190348377,-0.596147141260403,0.7216314095645706,0.2903543026193148,0.5334919967940319,-0.34096082284593193,-1.1840931034568971,-2.1423031286690097,-0.43820866437140393,-0.8907462448377234,0.5320509862581776,0.34297456842795965,-1.7538123052759105,-0.9818870765677252,-0.1335357934010874,-0.27025499534730957,-0.09197251153212767,0.022952443347817653,0.6651160052615444,-1.5328675723761522,0.7799699107111383,-0.9843786265106221,-0.07694627891600057,-0.9365399059173746,-0.07906351715509778,0.5052694087176777,-1.0115781044733358,-1.58384875686147,-0.9996665505837048,1.278613303369182,1.6499580964454874,1.9813365213260452,-1.068250809153903
0.06012317826663499,0.5291418173169362,-0.10945402837893282,-0.33570742569727824,-0.5197810887617974,-0.2387082867214416,0.03644553071424486,0.13908240262946836,0.4754039149790497,0.24575732057073282,0.16078147377546337,0.05041988617077055,-0.24067055756153583,-0.5601806743569351,-0.06429808121795247,0.19515537791552034,-0.014796882237461255,-0.7041133559051819,-0.8218867303193843,-0.17835698531047126,-0.07867337589048769,-0.30315452183356756,0.20852954330504533,-0.3370186233825324,-0.3611776098718267,0.07149827882727298,-0.3919656858262064,-0.2345477491505335,0.1098276631095143,-0.029812163032124632,-0.5787590533815754,0.12950411218027158,-0.284898315999585,-0.31551240176830725,-0.23326741356546565,-0.19971978102582866,0.010705211755155214,-0.532063504043636,-0.5114047798530984,-0.32820204237039996,0.2151411762785772,0.20781393387714409,0.916700014462378,-0.5109002861811984
-0.5974671014523513,0.28386394994148345,0.5371900931168216,-0.32166327622129104,-0.7689636340647487,0.6904546562930473,-0.27543339833470837,0.3514796979326743,-0.1691609020381759,0.16078147377546337,1.1639549243688543,0.22285443762464946,-0.043044266575301374,-1.048457180212635,0.17522292058584335,0.3646907442978656,0.34404204822214574,-0.2264839133206843,0.9484792489921351,0.6491912787709169,0.8943186394383218,-0.47672463029026163,-0.3500942969666957,-0.0835889414632863,-0.4654062174280035,0.39163314907976154,-0.4978749441994704,0.13839258270211385,0.21315518265953481,-0.023156808011335555,-0.12185714823545091,-0.6573791068183358,-0.042951263300402005,-0.6917747384375734,-0.41758130878395566,-0.7501238313473645,-0.5108615396839044,0.0660743345043364,0.1514444776724447,0.20143658126455033,-0.20393163026127226,-0.5817729769015768,0.2709423585421555,-0.4181236143742105
0.31453352249671596,0.15610136986865364,-1.059373900521914,0.20843478766004783,0.5244721889947819,-0.06722744870836214,-0.11847310734830939,-1.1422637380040046,0.6767998190348377,0.05041988617077055,0.22285443762464946,1.0501471568488714,-0.13326887138731477,2.010803583792733,0.7960897053496274,0.47310378538027403,-0.1648049561985153,0.33247791862558235,0.29526280630472734,0.4847428442370563,-0.296985749906354,1.3804110604002788,-0.4666970818894541,-1.5949925957404583,-0.687385951769867,-0.08978923337916726,0.45039213306803827,0.7510251899747562,-0.14097503665463276,1.0739620805736374,-0.506209624294929,0.17513165535576267,-0.5771024841352074,0.3145217011577219,-0.9932274000672221,-0.11430643566932212,0.2799062909747253,0.2870187004850325,-0.5677616243439867,-0.24807764878024502,1.0336313323174025,1.2900346893693557,0.1935353407826787,-0.2848796725801201
-0.17401448710542924,-0.5393412760223996,0.29668890141283494,0.2907066002021451,0.3917268890611527,0.3459065195914819,-0.05941361394006343,0.017137592562743366,-0.596147141260403,-0.24067055756153583,-0.043044266575301374,-0.13326887138731477,0.2681510400924535,0.24583734734933765,0.005958518108328712,-0.21057822418827535,0.07678381401368722,0.6773607344258178,0.9555617408777812,0.22209818507904922,0.23175677311645249,0.1167558307063041,-0.21566536288574747,0.5097941509214582,0.3934633291547316,-0.014072581710921994,0.3035300051019584,0.18645377460357895,-0.07260072673702578,-0.0841222649073027,0.6444567246541656,-0.23833713063147882,0.35327889535301127,0.21068534630935573,0.2983281764270789,0.1265029989172151,-0.10292504509782799,0.5401555127691827,0.619777057858968,0.3969632683335552,-0.3601777356314732,-0.4305500892584332,-0.9548953288045612,0.5146344065735258
1.197845134578094,-1.0449046682144667,-2.7118491867994376,1.497410400602452,3.0562661646881457,-0.3900065601168289,-0.05130052707766426,-3.2262748633744915,0.7216314095645706,-0.5601806743569351,-1.048457180212635,2.010803583792733,0.24583734734933765,6.783505275994919,1.7403053454978505,0.2725311266008076,-0.7025660981293794,2.4496005490986827,1.3786977448335382,0.7875908344304745,-1.4483477506832,4.234827645018636,-1.120028623318499,-2.8063636835142436,-0.30990206282998445,-0.7658122167473845,2.3463299548460945,2.02823852160348,-0.7668138610385409,2.4978255585173703,0.17785661771568034,0.8177074583391645,-0.6671844513078679,2.0947998409810817,-1.3139842818844245,0.9482744676525822,1.154096913497685,1.6801372754957107,-0.36672652724646526,-0.0906863323628148,2.096708862036685,3.070140436942915,-1.7502980852789505,0.8494626527386455
0.17084874830552133,-0.10786663477721439,-0.7272304233009035,0.2950504455676745,0.5944038025716858,0.10326507618940167,-0.126761079641165,-0.9212342660521207,0.2903543026193148,-0.06429808121795247,0.17522292058584335,0.7960897053496274,0.005958518108328712,1.7403053454978505,0.6559160417902589,0.29657779518350497,-0.09740818924116294,0.5716524014003485,0.678327376861178,0.501547285043067,-0.13355788913012515,1.1723740048377433,-0.48150959414397654,-1.0773280568540142,-0.3915492793735108,-0.07809744598038515,0.49610927393470383,0.6971754881121935,-0.14558383508816106,0.838624272496668,-0.1297697531734768,0.030951506059349963,-0.31419693821934025,0.3460075993710205,-0.6847530715768531,-0.04274847975601871,0.17814493256915762,0.4745961893109232,-0.18511163873587375,-0.024688283700463016,0.6827559376793035,0.85453114121834,-0.2616370264008027,-0.010915576199811485
0.06853875280771739,0.43377425795983054,-0.39776018872095487,-0.17692884665897607,-0.2353966551399656,-0.06767755430047759,-0.06657825603488829,-0.30330293771070277,0.5334919967940319,0.19515537791552034,0.3646907442978656,0.47310378538027403,-0.21057822418827535,0.2725311266008076,0.29657779518350497,0.3621858743917981,-0.02026221990495124,-0.3423248246637982,-0.24932787695030734,0.17658025419820017,-0.028307838902412032,0.27397813564985796,-0.10583237184951988,-0.8409283189753709,-0.5631791803052099,0.06874318576480697,-0.14487808757535126,0.16736690836926707,0.045683510036233124,0.39557106981199214,-0.5729226575155856,0.04740703482061393,-0.40707302695183223,-0.17949475840907805,-0.5960765431048881,-0.2835971559143928,0.035324832136994035,-0.20942149989575862,-0.5162395453418145,-0.26909366797000417,0.5035819801406249,0.5423659250386428,0.6875521683465032,-0.49196601755762986
-0.3093273670263892,-0.0658553171844945,0.4683673440043566,-0.08003393545700944,-0.27146148189942515,0.33721963297752683,-0.0861943614678629,0.3537358360499488,-0.34096082284593193,-0.014796882237461255,0.34404204822214574,-0.1648049561985153,0.07678381401368722,-0.7025660981293794,-0.09740818924116294,-0.02026221990495124,0.17045551441920395,0.021535141516841556,0.5014423962793507,0.1790877511484726,0.42441937185541806,-0.4121840698642248,-0.0790496479373503,0.41698205499202806,0.07446087822598059,0.1496443709177709,-0.18650682317471762,-0.056613816315226224,0.08327423728761753,-0.24308333433263277,0.21986660161425275,-0.3201280677297085,0.18872691798572852,-0.24991002447519634,0.12861715623828113,-0.2043316179455556,-0.2590851025514667,0.09789233856330243,0.3166353232759734,0.21674626545310596,-0.36616883374420856,-0.5623296283083624,-0.18007372566034377,0.040595525994628595
-0.13797204453573908,-1.5158441840022447,-0.04795103392807184,1.0734098418514129,1.7092711088502919,0.7965275572501774,-0.2016964782533932,-0.8775172330432083,-1.1840931034568971,-0.7041133559051819,-0.2264839133206843,0.33247791862558235,0.6773607344258178,2.4496005490986827,0.5716524014003485,-0.3423248246637982,0.021535141516841556,2.274549583158508,2.7885766947601307,0.8567287722445304,0.23877003572069982,1.468314200369171,-0.8961116475761038,0.3192875123683869,0.7401847384380382,-0.2035311596538887,1.3279417188390763,1.0678997460585393,-0.3670648898853329,0.5566999016610624,1.5286185213219514,-0.413451284889704,0.6124260070579415,1.0094806932009432,0.2210968419796879,0.45739995673386474,0.02298201077213514,1.7688426975337788,1.347111594498188,0.9257182402385328,-0.23366368069618554,-0.16174188575047718,-2.6910072583636535,1.3782724073667758
-1.0202290367452114,-1.8587242781566373,0.9980519917601972,1.046020482739029,1.286101541705709,1.9549408946844615,-0.556570267970528,-0.34787559597478934,-2.1423031286690097,-0.8218867303193843,0.9484792489921351,0.29526280630472734,0.9555617408777812,1.3786977448335382,0.678327376861178,-0.24932787695030734,0.5014423962793507,2.7885766947601307,4.9027696103776695,1.7567678536932565,1.5083492515406502,0.930429682217199,-1.471589657488604,1.013995764637758,0.7809146308200389,0.21081325178310034,1.0967020806098875,1.3509198684636223,-0.20799169283351668,0.31111664025402774,2.217415197007306,-1.4218086170146695,1.051661507258218,0.4770461618524065,0.23390550241446,-0.18630750062043364,-0.6859398127921466,2.4409035791357847,2.302527447619432,1.6371505596029636,-0.9959189146013124,-1.4393354055986542,-3.5420957680183354,1.5653979833299112
-0.34814392300721225,-0.4129298422608693,0.08126891991351243,0.2855804794882891,0.34228732840015147,0.7186841391484129,-0.2699891263848201,-0.3847822227198105,-0.43820866437140393,-0.17835698531047126,0.6491912787709169,0.4847428442370563,0.22209818507904922,0.7875908344304745,0.501547285043067,0.17658025419820017,0.1790877511484726,0.8567287722445304,1.7567678536932565,0.8373934834088749,0.5666313932130295,0.6001900338476776,-0.6704063801385656,-0.25443797733046525,-0.12142856127671497,0.13135211482462042,0.3358421155024006,0.671228860372011,-0.05061881292439264,0.4354011100682546,0.43914158067002945,-0.5219302392134635,0.10019446633458412,0.06389526922842594,-0.3668828839683539,-0.28517414607396163,-0.23415175833951662,0.8158639300027581,0.5184470367207612,0.44289084522278427,4.3999439231489826e-4,-0.14438293751712936,-0.888658432415596,0.2487136860396525
-0.7759042086251928,-0.25412080071619725,1.099001686055592,-0.11426394407663196,-0.5346758797557114,0.9149934118072894,-0.24661918732759444,0.739286364167957,-0.8907462448377234,-0.07867337589048769,0.8943186394383218,-0.296985749906354,0.23175677311645249,-1.4483477506832,-0.13355788913012515,-0.028307838902412032,0.42441937185541806,0.23877003572069982,1.5083492515406502,0.5666313932130295,1.0833866269253392,-0.8268916036062216,-0.3094400146678891,0.9365311145343155,0.17294565586509206,0.3642090897704612,-0.3471815041060666,5.591592780899213e-4,0.17669254287021455,-0.48184635303600076,0.6173768728316461,-0.8348473302217116,0.4697701105959851,-0.5459110375446066,0.24745246600001555,-0.506886967788349,-0.6386301614597467,0.39833450179425156,0.8502860013670546,0.5946575455187347,-0.8561176374725491,-1.3322768042418365,-0.6246698994346742,0.16780524391666327
0.7067693928486078,-0.5566094781270582,-1.7295944809139399,0.8832047426146078,1.8129315284573195,-0.18617505652370514,-0.0725506103214858,-2.0605080886101246,0.5320509862581776,-0.30315452183356756,-0.47672463029026163,1.3804110604002788,0.1167558307063041,4.234827645018636,1.1723740048377433,0.27397813564985796,-0.4121840698642248,1.468314200369171,0.930429682217199,0.6001900338476776,-0.8268916036062216,2.6823506506110744,-0.7659577028583077,-1.9346759333483456,-0.34444274715422196,-0.4314899619139134,1.4097650660996417,1.328969164155012,-0.45468248300469666,1.6496185853360315,-0.0010990092971340931,0.45724001965271477,-0.499987662324197,1.2231670155156789,-0.9808950469821089,0.471757923285795,0.6847629751415277,1.0350450805856972,-0.30607617287419425,-0.08357083701168738,1.395431597173776,1.9778987248597433,-0.9611687075458426,0.40778301848313186
0.171219910363223,0.4571740050385958,0.11016342570146431,-0.3642455936520625,-0.545678592644291,-0.5177549218740931,0.19848661993596958,0.5162826699973555,0.34297456842795965,0.20852954330504533,-0.3500942969666957,-0.4666970818894541,-0.21566536288574747,-1.120028623318499,-0.48150959414397654,-0.10583237184951988,-0.0790496479373503,-0.8961116475761038,-1.471589657488604,-0.6704063801385656,-0.3094400146678891,-0.7659577028583077,0.5828791703972557,0.30829603326275656,0.039122818472866604,-0.025219262973746284,-0.46829400903897656,-0.65095960739011,0.10852414508292808,-0.48125132240923024,-0.4255573289328848,0.33106474983150835,-0.07676735339600645,-0.24769381323935982,0.3033810248321909,0.09592336918842849,0.0859015745386235,-0.782457268275386,-0.4305982686005543,-0.3628415346778178,-0.10511821414226802,-0.07274689965132886,0.9091653970476469,-0.32620949388369846
-0.8056284448261053,-0.8261280909277176,2.003396399537154,-0.007566321225963088,-0.43810577786846044,0.7076066700941144,0.022188658019308163,1.730654115097601,-1.7538123052759105,-0.3370186233825324,-0.0835889414632863,-1.5949925957404583,0.5097941509214582,-2.8063636835142436,-1.0773280568540142,-0.8409283189753709,0.41698205499202806,0.3192875123683869,1.013995764637758,-0.25443797733046525,0.9365311145343155,-1.9346759333483456,0.30829603326275656,2.8865677715220426,1.3538223928528068,0.20951930994779427,-0.38284525125233515,-0.7960737392043564,0.16021616089565355,-1.6335526814487784,1.5044207792957671,-0.7139304557342764,1.256656297304466,-0.3592201329690148,1.6800045424926804,0.13155316169046166,-0.6625437672898415,0.28642566143814996,1.6149248105735816,0.901890044697577,-1.972364451455831,-2.508639128000719,-1.4033864138241887,0.9494937269037309
-0.18891744024549653,-0.8028941539392608,0.6848659485146557,0.35020727536431356,0.4549439212642806,0.2681568921252813,0.05236911910257745,0.43378811837911235,-0.9818870765677252,-0.3611776098718267,-0.4654062174280035,-0.687385951769867,0.3934633291547316,-0.30990206282998445,-0.3915492793735108,-0.5631791803052099,0.07446087822598059,0.7401847384380382,0.7809146308200389,-0.12142856127671497,0.17294565586509206,-0.34444274715422196,0.039122818472866604,1.3538223928528068,0.9106993929321889,-0.08284764894951775,0.3030094894480218,-0.14219833428454684,-0.08459342857527041,-0.5726251282706383,1.0466056307782086,-0.1930557552202182,0.701743615234104,0.3023675469702512,0.9164014589757868,0.40643415468865624,-0.11617043410243488,0.5141116846773819,0.9659532577135379,0.5413277494075069,-0.8444207169346813,-0.9392295719591728,-1.3224427235965404,0.8677829134713251
-0.2581688373459473,0.12349417474351701,0.35903836578115483,-0.17971394683317662,-0.4100555046571009,0.23776034932862045,-0.07500957917128623,0.33128979880587,-0.1335357934010874,0.07149827882727298,0.39163314907976154,-0.08978923337916726,-0.014072581710921994,-0.7658122167473845,-0.07809744598038515,0.06874318576480697,0.1496443709177709,-0.2035311596538887,0.21081325178310034,0.13135211482462042,0.3642090897704612,-0.4314899619139134,-0.025219262973746284,0.20951930994779427,-0.08284764894951775,0.16336623117814714,-0.2896691192171848,-0.09869321730471364,0.10984781665543208,-0.19192074610046583,-0.009656161866105047,-0.25298872502869135,0.05693441520471728,-0.33151224263485324,-0.0015178945391863797,-0.2680161214078642,-0.2306369714908895,-0.07387449353893531,0.10114756995808649,0.0839154354539679,-0.22841693568456178,-0.4045536107670927,0.14803129662426032,-0.14661218996822475
0.28366719508038396,-0.8021545232977272,-0.6181812603808194,0.7304566091406978,1.336326325186458,0.08941833017245046,-0.030739413087440663,-0.9831118560699635,-0.27025499534730957,-0.3919656858262064,-0.4978749441994704,0.45039213306803827,0.3035300051019584,2.3463299548460945,0.49610927393470383,-0.14487808757535126,-0.18650682317471762,1.3279417188390763,1.0967020806098875,0.3358421155024006,-0.3471815041060666,1.4097650660996417,-0.46829400903897656,-0.38284525125233515,0.3030094894480218,-0.2896691192171848,1.015515704976856,0.7388174933501779,-0.3159488831932822,0.6690156788404013,0.6178463550865082,0.12427472489455971,0.10957449503957567,0.887937097337755,-0.08126806751573147,0.4853734816329204,0.31751822380371414,0.9452713685990575,0.39751526773175316,0.28400517668993874,0.3390465209090043,0.6169612344800525,-1.3619980339031352,0.7417811811023688
0.07365756276190491,-0.48283235017861237,-0.5798337400223937,0.5145836170326753,0.9082913695559541,0.33347495573268204,-0.17091989590939344,-0.9706663565995226,-0.09197251153212767,-0.2345477491505335,0.13839258270211385,0.7510251899747562,0.18645377460357895,2.02823852160348,0.6971754881121935,0.16736690836926707,-0.056613816315226224,1.0678997460585393,1.3509198684636223,0.671228860372011,5.591592780899213e-4,1.328969164155012,-0.65095960739011,-0.7960737392043564,-0.14219833428454684,-0.09869321730471364,0.7388174933501779,0.8635472010209387,-0.2071353507956458,0.8332739803889501,0.30134871920063405,-0.11844774725198408,-0.09303220950333468,0.519898746492738,-0.5186471631718012,0.05147628840555661,0.12590578934421273,0.8671330139212893,0.21935823159885995,0.23940222031861422,0.4833619888797292,0.6253181601098623,-0.9262133945689986,0.3433431886881205
-0.13594313739663277,0.21812295126547507,0.24835635496016864,-0.2198945624880847,-0.42363315643352567,0.038727573134407764,-0.009887802672431667,0.3269631743542774,0.022952443347817653,0.1098276631095143,0.21315518265953481,-0.14097503665463276,-0.07260072673702578,-0.7668138610385409,-0.14558383508816106,0.045683510036233124,0.08327423728761753,-0.3670648898853329,-0.20799169283351668,-0.05061881292439264,0.17669254287021455,-0.45468248300469666,0.10852414508292808,0.16021616089565355,-0.08459342857527041,0.10984781665543208,-0.3159488831932822,-0.2071353507956458,0.10385671799660605,-0.21743766418695362,-0.1425108124904125,-0.09413652956106067,-0.005909571022792991,-0.29470114640662276,0.029565204704956785,-0.1797269924440606,-0.13490891258220886,-0.24440802293750938,-0.06136393145212797,-0.04345605474888071,-0.14825464846854475,-0.2615698525126119,0.3551302747659982,-0.2085285170716524
0.4407645620408375,-5.320806499168428e-4,-1.2235930743010937,0.3589450183378349,0.8286176040386168,-0.16076465091875355,-0.08082261685980639,-1.33244960326606,0.6651160052615444,-0.029812163032124632,-0.023156808011335555,1.0739620805736374,-0.0841222649073027,2.4978255585173703,0.838624272496668,0.39557106981199214,-0.24308333433263277,0.5566999016610624,0.31111664025402774,0.4354011100682546,-0.48184635303600076,1.6496185853360315,-0.48125132240923024,-1.6335526814487784,-0.5726251282706383,-0.19192074610046583,0.6690156788404013,0.8332739803889501,-0.21743766418695362,1.169840343140892,-0.3997444346842716,0.2924492852065474,-0.5544219688156151,0.5476057119279785,-0.9408943998194496,0.07013709875750514,0.40313873311781073,0.41070408777692563,-0.5300819940108743,-0.23801277205407725,1.110809375858885,1.460032857454498,-0.04160496508646018,-0.11721597495012787
-0.47667364755486746,-1.2904954034476335,0.9045917900845276,0.6408434562535831,0.8152155962658044,0.8460637237555202,-0.12764250237864544,0.26426119777128887,-1.5328675723761522,-0.5787590533815754,-0.12185714823545091,-0.506209624294929,0.6444567246541656,0.17785661771568034,-0.1297697531734768,-0.5729226575155856,0.21986660161425275,1.5286185213219514,2.217415197007306,0.43914158067002945,0.6173768728316461,-0.0010990092971340931,-0.4255573289328848,1.5044207792957671,1.0466056307782086,-0.009656161866105047,0.6178463550865082,0.30134871920063405,-0.1425108124904125,-0.3997444346842716,1.6191235951140295,-0.610339110026143,0.945916254736612,0.42141458555021316,0.8781949791452235,0.3034815052760638,-0.31516961799797666,1.2182778642499101,1.5651544007866869,0.9874978520614087,-1.0499823808826578,-1.2635463834341512,-2.2753719171246014,1.2585275742281783
0.5946115953586666,0.34175058937266506,-0.8081237417450524,-0.024204124907382062,0.22528794390044674,-0.7705697503481036,0.20930309333286054,-0.4535024249515963,0.7799699107111383,0.12950411218027158,-0.6573791068183358,0.17513165535576267,-0.23833713063147882,0.8177074583391645,0.030951506059349963,0.04740703482061393,-0.3201280677297085,-0.413451284889704,-1.4218086170146695,-0.5219302392134635,-0.8348473302217116,0.45724001965271477,0.33106474983150835,-0.7139304557342764,-0.1930557552202182,-0.25298872502869135,0.12427472489455971,-0.11844774725198408,-0.09413652956106067,0.2924492852065474,-0.610339110026143,0.6703723820876785,-0.4069783692975085,0.30768663649389855,-0.19304258143820743,0.3407226321090676,0.47551597138769214,-0.4825932911525984,-0.7670634528539488,-0.5389047486573237,0.6540024209667232,1.0023606472402957,0.7362011341399365,-0.2593724220640831
-0.3817000741303078,-0.6562070320868331,0.8331513891140883,0.2174705183262729,0.16107953402984423,0.4880152069643775,-0.044402412278499906,0.5374193367080943,-0.9843786265106221,-0.284898315999585,-0.042951263300402005,-0.5771024841352074,0.35327889535301127,-0.6671844513078679,-0.31419693821934025,-0.40707302695183223,0.18872691798572852,0.6124260070579415,1.051661507258218,0.10019446633458412,0.4697701105959851,-0.499987662324197,-0.07676735339600645,1.256656297304466,0.701743615234104,0.05693441520471728,0.10957449503957567,-0.09303220950333468,-0.005909571022792991,-0.5544219688156151,0.945916254736612,-0.4069783692975085,0.6503271541380079,0.04371039464679463,0.7259091995277298,0.12646556899354328,-0.28817134531446204,0.501106744549773,0.9608362852663924,0.5783336478239978,-0.8713007029724417,-1.0889334513037614,-1.1478882643889823,0.6738693375410931
0.404310042740775,-0.6275343633257408,-0.6731700561341376,0.6172883888761305,1.198617957328975,-0.1650432275066887,0.0573339927332563,-0.8727780165564095,-0.07694627891600057,-0.31551240176830725,-0.6917747384375734,0.3145217011577219,0.21068534630935573,2.0947998409810817,0.3460075993710205,-0.17949475840907805,-0.24991002447519634,1.0094806932009432,0.4770461618524065,0.06389526922842594,-0.5459110375446066,1.2231670155156789,-0.24769381323935982,-0.3592201329690148,0.3023675469702512,-0.33151224263485324,0.887937097337755,0.519898746492738,-0.29470114640662276,0.5476057119279785,0.42141458555021316,0.30768663649389855,0.04371039464679463,0.8548518308284899,-7.075042061599685e-4,0.5633977924545626,0.40322006837838614,0.649212032588006,0.18381583353005507,0.11146589535954217,0.3770317826961945,0.7033038057488791,-1.0045714372413974,0.6174856175299896
-0.2695579675389619,-0.5439986479056854,0.9801915374687091,0.08235912523567661,-0.033037857836149674,0.17236618833626738,0.10500560067936428,0.895587072335389,-0.9365399059173746,-0.23326741356546565,-0.41758130878395566,-0.9932274000672221,0.2983281764270789,-1.3139842818844245,-0.6847530715768531,-0.5960765431048881,0.12861715623828113,0.2210968419796879,0.23390550241446,-0.3668828839683539,0.24745246600001555,-0.9808950469821089,0.3033810248321909,1.6800045424926804,0.9164014589757868,-0.0015178945391863797,-0.08126806751573147,-0.5186471631718012,0.029565204704956785,-0.9408943998194496,0.8781949791452235,-0.19304258143820743,0.7259091995277298,-7.075042061599685e-4,1.0975695852920448,0.3087292021256127,-0.21517082904656143,0.11685495387171523,0.8597333360705259,0.43982810628836894,-1.0644282846517235,-1.2540400306605255,-0.8529036495458063,0.6589290195494695
0.3370958853077409,-0.3933368468492085,-0.3113187939471186,0.3452905072751233,0.7034784632044505,-0.30960740190635716,0.14300586927834097,-0.3159540519459123,-0.07906351715509778,-0.19971978102582866,-0.7501238313473645,-0.11430643566932212,0.1265029989172151,0.9482744676525822,-0.04274847975601871,-0.2835971559143928,-0.2043316179455556,0.45739995673386474,-0.18630750062043364,-0.28517414607396163,-0.506886967788349,0.471757923285795,0.09592336918842849,0.13155316169046166,0.40643415468865624,-0.2680161214078642,0.4853734816329204,0.05147628840555661,-0.1797269924440606,0.07013709875750514,0.3034815052760638,0.3407226321090676,0.12646556899354328,0.5633977924545626,0.3087292021256127,0.529571013436246,0.31106149580060544,0.20605041261802878,0.11452922074964214,0.013554053217750337,0.06937377032693925,0.30320771642430777,-0.5556577361722194,0.45853627234434824
0.4657248273555268,0.07150694333650037,-0.7280019461871371,0.14537970918763146,0.4514571868859376,-0.49147363061096583,0.12242427871483835,-0.5776752824156131,0.5052694087176777,0.010705211755155214,-0.5108615396839044,0.2799062909747253,-0.10292504509782799,1.154096913497685,0.17814493256915762,0.035324832136994035,-0.2590851025514667,0.02298201077213514,-0.6859398127921466,-0.23415175833951662,-0.6386301614597467,0.6847629751415277,0.0859015745386235,-0.6625437672898415,-0.11617043410243488,-0.2306369714908895,0.31751822380371414,0.12590578934421273,-0.13490891258220886,0.40313873311781073,-0.31516961799797666,0.47551597138769214,-0.28817134531446204,0.40322006837838614,-0.21517082904656143,0.31106149580060544,0.39889341498695047,-0.10280310365065809,-0.46048037042835543,-0.31248135043629444,0.5719905277990857,0.8703318314127895,0.220465626603956,-0.042317209394576165
-0.24998133049699658,-1.1620450169448702,0.10984563924860175,0.7875818365232509,1.1906806359909545,0.7951859938855769,-0.21915924317629187,-0.5945994942693656,-1.0115781044733358,-0.532063504043636,0.0660743345043364,0.2870187004850325,0.5401555127691827,1.6801372754957107,0.4745961893109232,-0.20942149989575862,0.09789233856330243,1.7688426975337788,2.4409035791357847,0.8158639300027581,0.39833450179425156,1.0350450805856972,-0.782457268275386,0.28642566143814996,0.5141116846773819,-0.07387449353893531,0.9452713685990575,0.8671330139212893,-0.24440802293750938,0.41070408777692563,1.2182778642499101,-0.4825932911525984,0.501106744549773,0.649212032588006,0.11685495387171523,0.20605041261802878,-0.10280310365065809,1.429225590302046,1.13309477432674,0.7964234597505148,-0.2639664641334702,-0.29548780027482147,-2.111459313714455,1.0259894873876672
-0.6496582430621369,-1.172339993298991,1.1375691714515308,0.4961637370230935,0.5030881108151559,0.9813118105868848,-0.173276078258056,0.4925105417687518,-1.58384875686147,-0.5114047798530984,0.1514444776724447,-0.5677616243439867,0.619777057858968,-0.36672652724646526,-0.18511163873587375,-0.5162395453418145,0.3166353232759734,1.347111594498188,2.302527447619432,0.5184470367207612,0.8502860013670546,-0.30607617287419425,-0.4305982686005543,1.6149248105735816,0.9659532577135379,0.10114756995808649,0.39751526773175316,0.21935823159885995,-0.06136393145212797,-0.5300819940108743,1.5651544007866869,-0.7670634528539488,0.9608362852663924,0.18381583353005507,0.8597333360705259,0.11452922074964214,-0.46048037042835543,1.13309477432674,1.6016695114206543,1.0190481232781545,-1.1833967407858519,-1.5221895939908083,-2.113750432835776,1.1220918739809094
-0.4373250799214001,-0.7514940978053892,0.6790337620365533,0.33591550582227575,0.3469725392905803,0.6978679442727225,-0.14811303045294227,0.22683400863689815,-0.9996665505837048,-0.32820204237039996,0.20143658126455033,-0.24807764878024502,0.3969632683335552,-0.0906863323628148,-0.024688283700463016,-0.26909366797000417,0.21674626545310596,0.9257182402385328,1.6371505596029636,0.44289084522278427,0.5946575455187347,-0.08357083701168738,-0.3628415346778178,0.901890044697577,0.5413277494075069,0.0839154354539679,0.28400517668993874,0.23940222031861422,-0.04345605474888071,-0.23801277205407725,0.9874978520614087,-0.5389047486573237,0.5783336478239978,0.11146589535954217,0.43982810628836894,0.013554053217750337,-0.31248135043629444,0.7964234597505148,1.0190481232781545,0.6702879121556964,-0.6932205840809664,-0.9139845756055839,-1.3783021471968975,0.695158826834657
0.6944437854056256,0.5466184346198272,-1.4976503240492411,0.04751006968464297,0.42787369726666064,-0.6686250786116513,0.053975798056904375,-1.2438712036602744,1.278613303369182,0.2151411762785772,-0.20393163026127226,1.0336313323174025,-0.3601777356314732,2.096708862036685,0.6827559376793035,0.5035819801406249,-0.36616883374420856,-0.23366368069618554,-0.9959189146013124,4.3999439231489826e-4,-0.8561176374725491,1.395431597173776,-0.10511821414226802,-1.972364451455831,-0.8444207169346813,-0.22841693568456178,0.3390465209090043,0.4833619888797292,-0.14825464846854475,1.110809375858885,-1.0499823808826578,0.6540024209667232,-0.8713007029724417,0.3770317826961945,-1.0644282846517235,0.06937377032693925,0.5719905277990857,-0.2639664641334702,-1.1833967407858519,-0.6932205840809664,1.4086235573587944,1.8613471184523493,0.9802072184023141,-0.596788288911019
1.0536928744342384,0.5763651414355556,-2.078956568500128,0.18650451256091075,0.8197658652203038,-1.014084288065537,0.13464685784478517,-1.7288280959381839,1.6499580964454874,0.20781393387714409,-0.5817729769015768,1.2900346893693557,-0.4305500892584332,3.070140436942915,0.85453114121834,0.5423659250386428,-0.5623296283083624,-0.16174188575047718,-1.4393354055986542,-0.14438293751712936,-1.3322768042418365,1.9778987248597433,-0.07274689965132886,-2.508639128000719,-0.9392295719591728,-0.4045536107670927,0.6169612344800525,0.6253181601098623,-0.2615698525126119,1.460032857454498,-1.2635463834341512,1.0023606472402957,-1.0889334513037614,0.7033038057488791,-1.2540400306605255,0.30320771642430777,0.8703318314127895,-0.29548780027482147,-1.5221895939908083,-0.9139845756055839,1.8613471184523493,2.5537042130746426,1.0976313031603617,-0.6073310275156054
0.4553041961638754,2.014435133406724,-0.6766686526935053,-1.2110546046333612,-1.7693709849089836,-1.1692719167212235,0.22402507242737585,0.36597467971830516,1.9813365213260452,0.916700014462378,0.2709423585421555,0.1935353407826787,-0.9548953288045612,-1.7502980852789505,-0.2616370264008027,0.6875521683465032,-0.18007372566034377,-2.6910072583636535,-3.5420957680183354,-0.888658432415596,-0.6246698994346742,-0.9611687075458426,0.9091653970476469,-1.4033864138241887,-1.3224427235965404,0.14803129662426032,-1.3619980339031352,-0.9262133945689986,0.3551302747659982,-0.04160496508646018,-2.2753719171246014,0.7362011341399365,-1.1478882643889823,-1.0045714372413974,-0.8529036495458063,-0.5556577361722194,0.220465626603956,-2.111459313714455,-2.113750432835776,-1.3783021471968975,0.9802072184023141,1.0976313031603617,3.557589965242579,-1.9008532963653841
-0.14458497611635468,-1.1109134487743286,0.37120093251546576,0.6604925839602896,0.999414361402497,0.4605553545145818,-0.03967208540217334,-0.10868810879991754,-1.068250809153903,-0.5109002861811984,-0.4181236143742105,-0.2848796725801201,0.5146344065735258,0.8494626527386455,-0.010915576199811485,-0.49196601755762986,0.040595525994628595,1.3782724073667758,1.5653979833299112,0.2487136860396525,0.16780524391666327,0.40778301848313186,-0.32620949388369846,0.9494937269037309,0.8677829134713251,-0.14661218996822475,0.7417811811023688,0.3433431886881205,-0.2085285170716524,-0.11721597495012787,1.2585275742281783,-0.2593724220640831,0.6738693375410931,0.6174856175299896,0.6589290195494695,0.45853627234434824,-0.042317209394576165,1.0259894873876672,1.1220918739809094,0.695158826834657,-0.596788288911019,-0.6073310275156054,-1.9008532963653841,1.1013793381375736
