V1,V2,V3,V4,V5,V6,V7,V8,V9,V10,V11,V12,V13,V14,V15,V16,V17,V18,V19,V20,V21,V22,V23,V24,V25,V26,V27,V28,V29,V30,V31,V32,V33,V34,V35,V36,V37,V38,V39,V40,V41,V42,V43,V44
1.7525123597878485,-1.1684433474619544,0.387529110109212,0.27576598671987074,-2.2778094748985565,1.4727540345915384,-1.3302341353634972,-1.8602291296200804,-1.8010233854104858,-3.362626396424223,-1.380347506813384,-1.5926910080835872,-2.2114758938602437,-2.9274388760207075,-1.030048913918294,-1.023777902486645,1.1106167348200178,-2.6961314966176597,3.084427127892395,-1.7701296041625816,1.90778193402781,0.45925279741389097,-1.849096413659633,-1.4469595542642608,-0.649555689376039,0.6058354797122294,0.4743030806827582,-0.5875852666794947,2.0337700913336674,0.06090282305860708,-0.4782248332603843,1.1094402483503178,-0.7693353360475056,1.6968651281265381,-2.7856471503328413,1.0807413689433991,-0.30579904718100265,-0.7451783793608888,-2.522723506142732,-2.2956212803656375,1.745570957182738,2.4076057234128756,0.5263279386981149,0.928678121404881
-1.1684433474619544,2.158597973132128,-0.48967074883478645,0.29300308895948085,1.7646077591277163,-1.3956818736291068,2.128066952989757,0.9642828724146204,1.7052073211468493,4.474314033346004,2.6326946884011595,1.3292527176638118,2.1650041149371244,3.111027755273818,2.4229782097036736,3.353995819733321,-2.2678444509245543,3.707706405333471,-2.706705365390244,3.0275680798439564,-3.9106546027877047,-0.6386347234463919,1.510651016808742,0.8150821249342971,0.613678594999438,-0.2113364087113068,0.06718081013790494,1.2762670096544497,-2.700560169379479,1.6515776888851645,-1.2184997438786322,-2.286180890235126,0.6492403164106321,-2.5749594835747827,0.9819848863243392,-1.4353629174794567,1.1951150724033295,1.3026558911431911,3.6296836514015185,3.522704800238703,-2.3752374382243286,-4.240871417139661,0.33387511326064834,-0.8399912740098764
0.387529110109212,-0.48967074883478645,0.1332638179029659,-0.002422684686063447,-0.5202326904538671,0.4080466923587483,-0.4805053441468767,-0.35260690003712125,-0.4628731526191446,-1.0993781435960035,-0.5783229329409971,-0.378123470044183,-0.6078219109802349,-0.8029752725994435,-0.497073665329701,-0.6605162210510247,0.4979346287442102,-0.8879694486589349,0.7566999782537231,-0.7011706537411024,0.8543487248254111,0.16904944435147298,-0.43661022980767084,-0.2700957664589977,-0.16613709624172995,0.1070039808408774,0.040471341149593484,-0.27156174989447934,0.6567702846666587,-0.2782914302126072,0.16163169628993235,0.4885721980541151,-0.19227156148069127,0.6135465246442087,-0.4427584146603047,0.36532898697321764,-0.23106819945062906,-0.29175841952654064,-0.8689608343919744,-0.8258784287859267,0.5887159108002622,0.9335723034675912,-0.00812454442704944,0.23575901441475453
0.27576598671987074,0.29300308895948085,-0.002422684686063447,0.2467977778384261,-0.21142245307434585,0.1093450811180123,0.2673511549436552,-0.3550775485329186,-0.05940567157118652,0.28764867756379225,0.40672719332205537,-0.11587208227332282,-0.1107153134147138,0.03118144612585942,0.48516716485042627,0.792202768995347,-0.35388195607669976,0.29965706173318685,0.17772203906626613,0.36707584005046234,-0.635106298034553,-0.0168793207739883,-0.15465306579884475,-0.22307354294546708,-0.025351581365885757,0.17500169853977823,0.2038244167650567,0.22612207009651994,-0.18380872003837026,0.5738655986331385,-0.587624746935979,-0.3916253959491835,-0.07027069320250373,-0.2452170695272652,-0.6850815027510045,-0.058186235449964346,0.29317109566860805,0.1782183448214,0.30832339672599796,0.3651495071365878,-0.14645966802331564,-0.6187176042510961,0.2965528705333691,0.05703814263191321
-2.2778094748985565,1.7646077591277163,-0.5202326904538671,-0.21142245307434585,3.1090131054950443,-1.9561804137870575,2.0264501776586243,2.424791690047806,2.513771084046475,4.847202399604816,2.1547542224425213,2.1846223028362126,2.9984292815107434,4.163229396210046,1.7256707823289847,1.8605605060856232,-1.7144492537828606,3.9494104664131444,-4.263577112543405,2.6467126063003867,-2.9905991315563214,-0.6169978123258265,2.5207395928758243,1.9480442715493684,0.8988691962369123,-0.7278920023946179,-0.5559014868666525,0.9434426392817412,-2.9437893249837224,0.18896899641532308,0.3747965291878109,-1.765272236121484,1.029818884543259,-2.489383007643332,3.5505240057848875,-1.5008983442584738,0.572383720825895,1.1382833533325158,3.6737389809381447,3.4039064129798104,-2.4927712819814904,-3.739211338731334,-0.5986734493720186,-1.2653948871559826
1.4727540345915384,-1.3956818736291068,0.4080466923587483,0.1093450811180123,-1.9561804137870575,1.3912964324965045,-1.458940620424623,-1.4665142853276996,-1.6390546934908212,-3.4666859692311722,-1.6494637628721993,-1.3938402845906075,-2.0710325975241597,-2.752033898136884,-1.3507879340753655,-1.6345621513068558,1.378669365652685,-2.79628695308147,2.739012264880413,-2.044802027660816,2.3796638557038694,0.49917778623804515,-1.602439193046826,-1.1325610244821243,-0.5854020101687321,0.46293366420804366,0.2830618571290798,-0.7471858275716173,2.087596085520239,-0.46584510277543006,0.07192903797330134,1.374465772773073,-0.6908266949205404,1.853808629225297,-2.041757652963941,1.1271714293136272,-0.540287300763298,-0.8568789256628252,-2.6855005678319137,-2.5015410325408127,1.8253602459419176,2.750337004069253,0.22405578426289977,0.8365675528948713
-1.3302341353634972,2.128066952989757,-0.4805053441468767,0.2673511549436552,2.0264501776586243,-1.458940620424623,2.187189353921145,1.2035987893676956,1.8820425415926592,4.618084011162449,2.630118803126527,1.5025883189022613,2.2968365482814197,3.3798893852349154,2.405345138636711,3.2206645969767314,-2.221930578672896,3.8463246403769498,-3.029969490405533,3.012174331447167,-3.8514732050012053,-0.6158430290154752,1.7074472421205298,1.0360466935877592,0.6756437094462684,-0.26913033550753873,-0.01888154553184422,1.2591540531081542,-2.802966805494963,1.451142326423581,-0.9956845561363908,-2.274045360079279,0.7096072593757645,-2.6024994460566284,1.3982778552513184,-1.44195297821456,1.1268644926460134,1.3121041773231907,3.7073951452111205,3.583030441216027,-2.4189316428654704,-4.311055111190517,0.18794260255202375,-0.9204245904066918
-1.8602291296200804,0.9642828724146204,-0.35260690003712125,-0.3550775485329186,2.424791690047806,-1.4665142853276996,1.2035987893676956,2.0607456765236405,1.8554002569774775,3.163987551035416,1.151012799656078,1.672708392581926,2.2107168940454174,2.955477940949355,0.7855867742027212,0.5788406809710644,-0.8705442885408677,2.534330686495954,-3.217722812854349,1.519358952056869,-1.5181810475908584,-0.3998576714583126,1.9414328764814295,1.6149781545877109,0.664361241576068,-0.6690988784762575,-0.5846220858376018,0.45765132716978685,-1.9215896906436103,-0.421561847353528,0.8297547419624272,-0.8926055424521345,0.7934720094238495,-1.5266974717690598,3.1770468396132063,-0.9866084874562059,0.12288132880782399,0.6432534088997687,2.313250046077285,2.072129071888933,-1.6141144888327186,-2.100294819359245,-0.7152876451954712,-0.9512459045576374
-1.8010233854104858,1.7052073211468493,-0.4628731526191446,-0.05940567157118652,2.513771084046475,-1.6390546934908212,1.8820425415926592,1.8554002569774775,2.1015392757011417,4.333879330175241,2.088329105156081,1.7886396559939863,2.525730920321202,3.553213660456875,1.7550901134724781,2.0705117270672404,-1.6990787226865445,3.552691877144672,-3.5180726564075857,2.5069326610712674,-2.9569794962813707,-0.5616891543231629,2.0558496269687017,1.5071250604914794,0.7517779398593376,-0.5329522518807399,-0.3532723158065925,0.9443158963497289,-2.6308195214484114,0.5290576778427524,-0.04792177790801023,-1.7439757563619869,0.8451138367478216,-2.2918062955519263,2.61252228229365,-1.3470476232281645,0.6748254797691615,1.0814668290442164,3.343592690442485,3.138972024433413,-2.242447686991704,-3.5497764079033245,-0.3202312377215094,-1.0507693181231714
-3.362626396424223,4.474314033346004,-1.0993781435960035,0.28764867756379225,4.847202399604816,-3.4666859692311722,4.618084011162449,3.163987551035416,4.333879330175241,10.128856999219073,5.4658585606693695,3.536950746607554,5.3615223943357,7.6091925660170405,4.847677636765948,6.335775769611511,-4.6051020425578155,8.345770817535232,-7.075987925430208,6.399407734256878,-7.96454160907304,-1.392588873909996,4.053798727040802,2.607821102922038,1.5564956099841305,-0.8275963586125193,-0.29619401377364185,2.578906569503415,-6.122774953330349,2.5985731133232464,-1.5528827743733487,-4.666936084594332,1.6984056351156784,-5.614983030607517,3.990406965496124,-3.209821094196477,2.1962770862772554,2.752969101564159,8.025506377314905,7.680865793508884,-5.320028733566116,-8.994594746049122,0.07220005394605691,-2.153301490529041
-1.380347506813384,2.6326946884011595,-0.5783229329409971,0.40672719332205537,2.1547542224425213,-1.6494637628721993,2.630118803126527,1.151012799656078,2.088329105156081,5.4658585606693695,3.2468979907195163,1.6210123284954943,2.5984813584016475,3.828434262253875,3.012228613233799,4.158783292772626,-2.7749573014291324,4.553934870098399,-3.3119073342365306,3.695383857565393,-4.802588204708363,-0.7555418445149048,1.8436950630584472,1.007668891737586,0.7498751986368889,-0.22082552905162756,0.09804116491104777,1.5759407978835813,-3.3033767795587314,2.0365690251545203,-1.5188076297617847,-2.819808792852477,0.7752034284493357,-3.1443014818124038,1.1529362560211807,-1.7250373583463192,1.47804740603168,1.601257796052766,4.428598142081202,4.318966074185533,-2.88657154563297,-5.249306880473671,0.4168512955794883,-1.0162185964704564
-1.5926910080835872,1.3292527176638118,-0.378123470044183,-0.11587208227332282,2.1846223028362126,-1.3938402845906075,1.5025883189022613,1.672708392581926,1.7886396559939863,3.536950746607554,1.6210123284954943,1.5469716189469924,2.1412570434059073,2.9849884500039283,1.3248204243793886,1.479916331070619,-1.3077885505049884,2.8909041171677115,-3.019827805042722,1.9723197916673392,-2.269472196602689,-0.45270443023820744,1.7793207270970544,1.3481428453621283,0.6423034373422487,-0.4999600604395434,-0.3599064294225082,0.719367629683891,-2.152980015963529,0.24981461092983925,0.15945730697702679,-1.3435003505424359,0.7296518254476051,-1.8344387983691166,2.4255264013579065,-1.100588775536921,0.4693730226821456,0.8522938452489941,2.7066190521140414,2.5131877001643486,-1.8227862953784015,-2.7949809135393444,-0.37128619315427686,-0.9017942110318028
-2.2114758938602437,2.1650041149371244,-0.6078219109802349,-0.1107153134147138,2.9984292815107434,-2.0710325975241597,2.2968365482814197,2.2107168940454174,2.525730920321202,5.3615223943357,2.5984813584016475,2.1412570434059073,3.1402247556191103,4.272861002293263,2.165974632284296,2.6279316503833408,-2.161848713870817,4.355419145676375,-4.217550377211887,3.1625377851413856,-3.727831531695083,-0.748159499598259,2.470245219790452,1.7492494829945207,0.9078996868473366,-0.6674569966849493,-0.4086904770407398,1.1825205901548341,-3.2357778384540077,0.7698757980350286,-0.16892808921596816,-2.169334151507503,1.0398100037891405,-2.86660748510255,3.071664811977929,-1.7204109104742362,0.8785262084584773,1.3417713642165703,4.154579339799621,3.894277281810036,-2.8107614364781415,-4.3505079145155285,-0.3208957116014161,-1.2805141772708066
-2.9274388760207075,3.111027755273818,-0.8029752725994435,0.03118144612585942,4.163229396210046,-2.752033898136884,3.3798893852349154,2.955477940949355,3.553213660456875,7.6091925660170405,3.828434262253875,2.9849884500039283,4.272861002293263,6.089197794186703,3.2978571712175473,4.037297611250952,-3.1432321480472942,6.2659975217615065,-5.902918958822609,4.528903513353592,-5.463975448877098,-0.9883812977756814,3.4274373638493754,2.4324622120494914,1.2731892999822982,-0.8123457922254981,-0.48042997117484626,1.7590238282005748,-4.618985649681555,1.2716307028613252,-0.4508228493736946,-3.225973255610691,1.4054175649674256,-4.084232559924057,4.0485081483019565,-2.363021627640516,1.3477314401271068,1.9615279571775512,5.922723925025982,5.605494156757725,-3.946090079207953,-6.450243920651068,-0.3582484776197577,-1.7668867128219705
-1.030048913918294,2.4229782097036736,-0.497073665329701,0.48516716485042627,1.7256707823289847,-1.3507879340753655,2.405345138636711,0.7855867742027212,1.7550901134724781,4.847677636765948,3.012228613233799,1.3248204243793886,2.165974632284296,3.2978571712175473,2.855710982472946,4.0106695965512875,-2.582378035891807,4.073035222437125,-2.7373466793075703,3.372668243976717,-4.474489613272233,-0.6584058685783951,1.4953773650771696,0.7376522937563732,0.6303365148605633,-0.09260514816282428,0.19918715836412257,1.4786840959638181,-2.9367451593593348,2.069959192981591,-1.6314588686609555,-2.6389760590396505,0.6245258004064038,-2.8325314756458426,0.6058183334008311,-1.5150691401595235,1.4350208653998422,1.4736085025268058,3.972396212425034,3.9081179831165542,-2.5580695904131923,-4.84932051010868,0.5243970380424553,-0.8406091086829192
-1.023777902486645,3.353995819733321,-0.6605162210510247,0.792202768995347,1.8605605060856232,-1.6345621513068558,3.2206645969767314,0.5788406809710644,2.0705117270672404,6.335775769611511,4.158783292772626,1.479916331070619,2.6279316503833408,4.037297611250952,4.0106695965512875,5.813444955272361,-3.6132224525880914,5.333535800923847,-3.1344917200169844,4.620161145676853,-6.251251583371398,-0.8960659930196553,1.6629504478489618,0.609604899011417,0.7434580256935154,0.03944236439633914,0.461218795473172,2.0743529669700695,-3.822532601509684,3.2281536120592995,-2.68777529513995,-3.6684874850661777,0.7115412700095042,-3.8045575202911084,-0.026276383347676877,-2.0045688859782964,2.1102810609698635,2.009193145899582,5.2664041251280445,5.237989637523618,-3.376520350591336,-6.592781721070368,1.0024539999528346,-0.9801270339631516
1.1106167348200178,-2.2678444509245543,0.4979346287442102,-0.35388195607669976,-1.7144492537828606,1.378669365652685,-2.221930578672896,-0.8705442885408677,-1.6990787226865445,-4.6051020425578155,-2.7749573014291324,-1.3077885505049884,-2.161848713870817,-3.1432321480472942,-2.582378035891807,-3.6132224525880914,2.40411902477992,-3.8297609308207208,2.676698536503396,-3.161254062739365,4.132175839870018,0.6582881734249862,-1.487865020018514,-0.7567067033538245,-0.6165444689976279,0.16855892486321045,-0.12558724217491748,-1.3554915839647352,2.781660656205718,-1.8363775975551744,1.3965201734399986,2.4206360343537408,-0.6351113974567851,2.6714596402482167,-0.8026588069302288,1.480256280498604,-1.3013798030240902,-1.3664483695015384,-3.758286110848531,-3.6631857017863707,2.4487959232154273,4.456836276224204,-0.4241842169804291,0.8359179498357582
-2.6961314966176597,3.707706405333471,-0.8879694486589349,0.29965706173318685,3.9494104664131444,-2.79628695308147,3.8463246403769498,2.534330686495954,3.552691877144672,8.345770817535232,4.553934870098399,2.8909041171677115,4.355419145676375,6.2659975217615065,4.073035222437125,5.333535800923847,-3.8297609308207208,6.904497192775042,-5.787662684146986,5.292766295298827,-6.631180165830072,-1.1259247660759593,3.304635887064796,2.118352368899185,1.2760628719805056,-0.6387767897941785,-0.20493508753556858,2.1546634104345883,-5.056426551441865,2.2168754483287816,-1.362719726627083,-3.901798869823847,1.3757104100147872,-4.633877125391401,3.1667503371079944,-2.6239846070744837,1.849266905708729,2.2905053500058563,6.629853248924624,6.357751159417381,-4.371215266450219,-7.506322444192844,0.10104107616426752,-1.7565374859327203
3.084427127892395,-2.706705365390244,0.7566999782537231,0.17772203906626613,-4.263577112543405,2.739012264880413,-3.029969490405533,-3.217722812854349,-3.5180726564075857,-7.075987925430208,-3.3119073342365306,-3.019827805042722,-4.217550377211887,-5.902918958822609,-2.7373466793075703,-3.1344917200169844,2.676698536503396,-5.787662684146986,5.921286119018742,-4.005429186246055,4.655393006353973,0.9121583644444996,-3.479665248416739,-2.603988177286748,-1.260648533553505,0.9415056023356971,0.6639913170178252,-1.4813660916878597,4.295966227535008,-0.6457547869692002,-0.15534756708910916,2.7467846418708173,-1.4245017440515926,3.7005995970069256,-4.608126554013151,2.198953306628221,-1.0069785282023656,-1.7267499200786511,-5.4229270004478485,-5.066985011909651,3.6541562357308286,5.6715250177823195,0.6531339080360212,1.7653260352471458
-1.7701296041625816,3.0275680798439564,-0.7011706537411024,0.36707584005046234,2.6467126063003867,-2.044802027660816,3.012174331447167,1.519358952056869,2.5069326610712674,6.399407734256878,3.695383857565393,1.9723197916673392,3.1625377851413856,4.528903513353592,3.372668243976717,4.620161145676853,-3.161254062739365,5.292766295298827,-4.005429186246055,4.270837418097241,-5.467919125619652,-0.9067416123528906,2.2461877537040422,1.2723028578902897,0.8974391263196491,-0.3484183257886941,0.031161881898221996,1.780766123691801,-3.858727922261767,2.2004128071967726,-1.5769019682557837,-3.193042427514218,0.961373176986043,-3.6558846153338096,1.6453482006252385,-2.043029383480026,1.632567291185704,1.8332539408154338,5.157779071206015,4.996393323952343,-3.3892217940711986,-5.973379337551847,0.3820350342829543,-1.2334326978850287
1.90778193402781,-3.9106546027877047,0.8543487248254111,-0.635106298034553,-2.9905991315563214,2.3796638557038694,-3.8514732050012053,-1.5181810475908584,-2.9569794962813707,-7.96454160907304,-4.802588204708363,-2.269472196602689,-3.727831531695083,-5.463975448877098,-4.474489613272233,-6.251251583371398,4.132175839870018,-6.631180165830072,4.655393006353973,-5.467919125619652,7.143075684412704,1.1225290592058852,-2.5733800671144516,-1.3269093506948748,-1.0615056276169124,0.27828745733330773,-0.2141497190437604,-2.343419860203063,4.808966850690288,-3.1597037029077786,2.4121061762184595,4.1851300867620616,-1.098786743376974,4.6212616520143905,-1.3893913095736727,2.533609348557693,-2.233023235070223,-2.36269444772359,-6.488752488910016,-6.336796226205662,4.223186520459301,7.7201311450418935,-0.7243604376949516,1.4404354715714895
0.45925279741389097,-0.6386347234463919,0.16904944435147298,-0.0168793207739883,-0.6169978123258265,0.49917778623804515,-0.6158430290154752,-0.3998576714583126,-0.5616891543231629,-1.392588873909996,-0.7555418445149048,-0.45270443023820744,-0.748159499598259,-0.9883812977756814,-0.6584058685783951,-0.8960659930196553,0.6582881734249862,-1.1259247660759593,0.9121583644444996,-0.9067416123528906,1.1225290592058852,0.21909566610747605,-0.5267608675722044,-0.3073567731420627,-0.2039027786566783,0.11848051143282481,0.03069545611050313,-0.35984042232354996,0.8300373814985228,-0.4059887754548168,0.2600507660157094,0.6413333799626576,-0.23123673895087196,0.7866392150372167,-0.479802599086752,0.46810223993766803,-0.3211942047644995,-0.3778200863109959,-1.1072909941676965,-1.0589588137349943,0.7502893059423618,1.2098430273988772,-0.042807356747448816,0.28742331515889413
-1.849096413659633,1.510651016808742,-0.43661022980767084,-0.15465306579884475,2.5207395928758243,-1.602439193046826,1.7074472421205298,1.9414328764814295,2.0558496269687017,4.053798727040802,1.8436950630584472,1.7793207270970544,2.470245219790452,3.4274373638493754,1.4953773650771696,1.6629504478489618,-1.487865020018514,3.304635887064796,-3.479665248416739,2.2461877537040422,-2.5733800671144516,-0.5267608675722044,2.0622494858957996,1.5650038198193812,0.7415531075968159,-0.5796932566969379,-0.4279121757785518,0.8167954605548221,-2.458819929938478,0.2559765678282421,0.2139134865046994,-1.5162143090783873,0.8385016319647008,-2.0980348703294527,2.823348457642307,-1.2682718834277027,0.532786568177192,0.9667490962331463,3.0855512093002124,2.8704763018555237,-2.094681372984824,-3.1758392974421548,-0.4416928650785983,-1.0390207568726444
-1.4469595542642608,0.8150821249342971,-0.2700957664589977,-0.22307354294546708,1.9480442715493684,-1.1325610244821243,1.0360466935877592,1.6149781545877109,1.5071250604914794,2.607821102922038,1.007668891737586,1.3481428453621283,1.7492494829945207,2.4324622120494914,0.7376522937563732,0.609604899011417,-0.7567067033538245,2.118352368899185,-2.603988177286748,1.2723028578902897,-1.3269093506948748,-0.3073567731420627,1.5650038198193812,1.3007600300651665,0.5407916392249451,-0.4962334617018434,-0.4394710283066664,0.41185803000460347,-1.5907655285182185,-0.2634825852134239,0.5881957054336685,-0.794278315406494,0.6229496117613338,-1.2670501274088548,2.4769668290749522,-0.7893916013512575,0.15116893738511128,0.5525371537446573,1.9160542980582593,1.740659303581112,-1.318655177870193,-1.8382081928987855,-0.5424517177301345,-0.7618981774484643
-0.649555689376039,0.613678594999438,-0.16613709624172995,-0.025351581365885757,0.8988691962369123,-0.5854020101687321,0.6756437094462684,0.664361241576068,0.7517779398593376,1.5564956099841305,0.7498751986368889,0.6423034373422487,0.9078996868473366,1.2731892999822982,0.6303365148605633,0.7434580256935154,-0.6165444689976279,1.2760628719805056,-1.260648533553505,0.8974391263196491,-1.0615056276169124,-0.2039027786566783,0.7415531075968159,0.5407916392249451,0.27265750048851545,-0.19328986745940369,-0.12636687730901378,0.33984531192742173,-0.946029477890812,0.1916215939287743,-0.01526940124447479,-0.6272475539636152,0.30258653857053897,-0.8214909468002888,0.9419757912155265,-0.4891067785994195,0.24776306906666112,0.3887177571909523,1.2029511672742899,1.1272295132508947,-0.807358178227527,-1.2757904566598965,-0.11445568249935409,-0.37930592350362247
0.6058354797122294,-0.2113364087113068,0.1070039808408774,0.17500169853977823,-0.7278920023946179,0.46293366420804366,-0.26913033550753873,-0.6690988784762575,-0.5329522518807399,-0.8275963586125193,-0.22082552905162756,-0.4999600604395434,-0.6674569966849493,-0.8123457922254981,-0.09260514816282428,0.03944236439633914,0.16855892486321045,-0.6387767897941785,0.9415056023356971,-0.3484183257886941,0.27828745733330773,0.11848051143282481,-0.5796932566969379,-0.4962334617018434,-0.19328986745940369,0.246871320326437,0.2148057685768709,-0.07145327237606915,0.5028622876010013,0.25128797902531624,-0.37682607421083153,0.15770021183894817,-0.2480960294515639,0.3754501918649665,-1.068486306330335,0.27897945726470047,0.03814997690213139,-0.13960937302452367,-0.592531254448078,-0.49675995552370583,0.4279318169481895,0.42798191471170066,0.2704864691366259,0.2864629551651249
0.4743030806827582,0.06718081013790494,0.040471341149593484,0.2038244167650567,-0.5559014868666525,0.2830618571290798,-0.01888154553184422,-0.5846220858376018,-0.3532723158065925,-0.29619401377364185,0.09804116491104777,-0.3599064294225082,-0.4086904770407398,-0.48042997117484626,0.19918715836412257,0.461218795473172,-0.12558724217491748,-0.20493508753556858,0.6639913170178252,0.031161881898221996,-0.2141497190437604,0.03069545611050313,-0.4279121757785518,-0.4394710283066664,-0.12636687730901378,0.2148057685768709,0.23683438367443788,0.08599992910951945,0.17879035010945973,0.48936831560865723,-0.5568404737946184,-0.1289320964299345,-0.17055714996357985,0.06153823184867424,-1.0002268002393417,0.09143404734773647,0.1937093942193285,0.021556414039341474,-0.1422683363974707,-0.07287416618631455,0.13780462898502793,-0.07391290796812983,0.33519207019481406,0.1902533857136162
-0.5875852666794947,1.2762670096544497,-0.27156174989447934,0.22612207009651994,0.9434426392817412,-0.7471858275716173,1.2591540531081542,0.45765132716978685,0.9443158963497289,2.578906569503415,1.5759407978835813,0.719367629683891,1.1825205901548341,1.7590238282005748,1.4786840959638181,2.0743529669700695,-1.3554915839647352,2.1546634104345883,-1.4813660916878597,1.780766123691801,-2.343419860203063,-0.35984042232354996,0.8167954605548221,0.41185803000460347,0.33984531192742173,-0.07145327237606915,0.08599992910951945,0.7733067521160887,-1.5581179685846032,1.060005228646457,-0.8207015676806128,-1.3761403005975303,0.34481850642672535,-1.5015124944231248,0.3912213038833746,-0.8165611050038789,0.7441037313383698,0.7727103817037967,2.1048306525539244,2.0630252827183098,-1.3657968530062723,-2.5332877921731884,0.2564122171127679,-0.45774774353108855
2.0337700913336674,-2.700560169379479,0.6567702846666587,-0.18380872003837026,-2.9437893249837224,2.087596085520239,-2.802966805494963,-1.9215896906436103,-2.6308195214484114,-6.122774953330349,-3.3033767795587314,-2.152980015963529,-3.2357778384540077,-4.618985649681555,-2.9367451593593348,-3.822532601509684,2.781660656205718,-5.056426551441865,4.295966227535008,-3.858727922261767,4.808966850690288,0.8300373814985228,-2.458819929938478,-1.5907655285182185,-0.946029477890812,0.5028622876010013,0.17879035010945973,-1.5581179685846032,3.7123323872881344,-1.558639703632654,0.9223945028089139,2.8293834815870103,-1.028822234737797,3.3873654080172937,-2.439016337890321,1.9333432405569635,-1.322522879605007,-1.6682129791164297,-4.860594714230829,-4.643326887563266,3.2078615695877053,5.45380267255365,-0.03346941069775347,1.3073360003560526
0.06090282305860708,1.6515776888851645,-0.2782914302126072,0.5738655986331385,0.18896899641532308,-0.46584510277543006,1.451142326423581,-0.421561847353528,0.5290576778427524,2.5985731133232464,2.0365690251545203,0.24981461092983925,0.7698757980350286,1.2716307028613252,2.069959192981591,3.2281536120592995,-1.8363775975551744,2.2168754483287816,-0.6457547869692002,2.2004128071967726,-3.1597037029077786,-0.4059887754548168,0.2559765678282421,-0.2634825852134239,0.1916215939287743,0.25128797902531624,0.48936831560865723,1.060005228646457,-1.558639703632654,2.090711371387057,-1.913328798683324,-1.8433968304891772,0.13799219547991554,-1.70526884770182,-1.2003752648267603,-0.8504921024381038,1.208756844142736,0.9539632515249211,2.2850557638203837,2.3442082733952594,-1.4246430891811435,-3.105572833036509,0.8717561237222541,-0.23220260352844377
-0.4782248332603843,-1.2184997438786322,0.16163169628993235,-0.587624746935979,0.3747965291878109,0.07192903797330134,-0.9956845561363908,0.8297547419624272,-0.04792177790801023,-1.5528827743733487,-1.5188076297617847,0.15945730697702679,-0.16892808921596816,-0.4508228493736946,-1.6314588686609555,-2.68777529513995,1.3965201734399986,-1.362719726627083,-0.15534756708910916,-1.5769019682557837,2.4121061762184595,0.2600507660157094,0.2139134865046994,0.5881957054336685,-0.01526940124447479,-0.37682607421083153,-0.5568404737946184,-0.8207015676806128,0.9223945028089139,-1.913328798683324,1.8574680874140164,1.4036808144268582,0.06038747674721649,1.1442717994467244,1.7674080647712638,0.5105442160221264,-1.0219596317188993,-0.6857429560296688,-1.4636651674465793,-1.5780593561738179,0.8758051057924326,2.2377736572725833,-0.9189820517381823,-0.01513535819981316
1.1094402483503178,-2.286180890235126,0.4885721980541151,-0.3916253959491835,-1.765272236121484,1.374465772773073,-2.274045360079279,-0.8926055424521345,-1.7439757563619869,-4.666936084594332,-2.819808792852477,-1.3435003505424359,-2.169334151507503,-3.225973255610691,-2.6389760590396505,-3.6684874850661777,2.4206360343537408,-3.901798869823847,2.7467846418708173,-3.193042427514218,4.1851300867620616,0.6413333799626576,-1.5162143090783873,-0.794278315406494,-0.6272475539636152,0.15770021183894817,-0.1289320964299345,-1.3761403005975303,2.8293834815870103,-1.8433968304891772,1.4036808144268582,2.4664235173511226,-0.6417568177871449,2.7007921902733973,-0.8312400059128772,1.4725128536653331,-1.3081153113578534,-1.390358245312628,-3.8098678315631624,-3.716382961458234,2.463753641912729,4.554382339553507,-0.4162636285401645,0.8475909831970954
-0.7693353360475056,0.6492403164106321,-0.19227156148069127,-0.07027069320250373,1.029818884543259,-0.6908266949205404,0.7096072593757645,0.7934720094238495,0.8451138367478216,1.6984056351156784,0.7752034284493357,0.7296518254476051,1.0398100037891405,1.4054175649674256,0.6245258004064038,0.7115412700095042,-0.6351113974567851,1.3757104100147872,-1.4245017440515926,0.961373176986043,-1.098786743376974,-0.23123673895087196,0.8385016319647008,0.6229496117613338,0.30258653857053897,-0.2480960294515639,-0.17055714996357985,0.34481850642672535,-1.028822234737797,0.13799219547991554,0.06038747674721649,-0.6417568177871449,0.35375695841157345,-0.8880170319681335,1.1407491686913143,-0.5416056509844259,0.22747496003771484,0.40783251940800475,1.3032847324341672,1.2057700857625353,-0.8841074924724937,-1.320112368752982,-0.1654315452876641,-0.43014796224559804
1.6968651281265381,-2.5749594835747827,0.6135465246442087,-0.2452170695272652,-2.489383007643332,1.853808629225297,-2.6024994460566284,-1.5266974717690598,-2.2918062955519263,-5.614983030607517,-3.1443014818124038,-1.8344387983691166,-2.86660748510255,-4.084232559924057,-2.8325314756458426,-3.8045575202911084,2.6714596402482167,-4.633877125391401,3.7005995970069256,-3.6558846153338096,4.6212616520143905,0.7866392150372167,-2.0980348703294527,-1.2670501274088548,-0.8214909468002888,0.3754501918649665,0.06153823184867424,-1.5015124944231248,3.3873654080172937,-1.70526884770182,1.1442717994467244,2.7007921902733973,-0.8880170319681335,3.1651268088872264,-1.7952950106170769,1.7874782577039416,-1.3339213295661556,-1.569641099667485,-4.487649264773708,-4.325425916706609,2.963690837982582,5.120607455566496,-0.2000027350643114,1.1328099937032434
-2.7856471503328413,0.9819848863243392,-0.4427584146603047,-0.6850815027510045,3.5505240057848875,-2.041757652963941,1.3982778552513184,3.1770468396132063,2.61252228229365,3.990406965496124,1.1529362560211807,2.4255264013579065,3.071664811977929,4.0485081483019565,0.6058183334008311,-0.026276383347676877,-0.8026588069302288,3.1667503371079944,-4.608126554013151,1.6453482006252385,-1.3893913095736727,-0.479802599086752,2.823348457642307,2.4769668290749522,0.9419757912155265,-1.068486306330335,-1.0002268002393417,0.3912213038833746,-2.439016337890321,-1.2003752648267603,1.7674080647712638,-0.8312400059128772,1.1407491686913143,-1.7952950106170769,5.0699069225862905,-1.2391452752589966,-0.14126548975279643,0.6989597714514252,2.8239580537546423,2.437896274476332,-2.0070850763701933,-2.284214673140117,-1.3053577289549674,-1.3568988866823188
1.0807413689433991,-1.4353629174794567,0.36532898697321764,-0.058186235449964346,-1.5008983442584738,1.1271714293136272,-1.44195297821456,-0.9866084874562059,-1.3470476232281645,-3.209821094196477,-1.7250373583463192,-1.100588775536921,-1.7204109104742362,-2.363021627640516,-1.5150691401595235,-2.0045688859782964,1.480256280498604,-2.6239846070744837,2.198953306628221,-2.043029383480026,2.533609348557693,0.46810223993766803,-1.2682718834277027,-0.7893916013512575,-0.4891067785994195,0.27897945726470047,0.09143404734773647,-0.8165611050038789,1.9333432405569635,-0.8504921024381038,0.5105442160221264,1.4725128536653331,-0.5416056509844259,1.7874782577039416,-1.2391452752589966,1.0482594560954268,-0.7078875878683787,-0.8696169846151299,-2.5503795672477048,-2.430758007025519,1.703941696484206,2.813786720199576,-0.041674192336954026,0.6820217130455295
-0.30579904718100265,1.1951150724033295,-0.23106819945062906,0.29317109566860805,0.572383720825895,-0.540287300763298,1.1268644926460134,0.12288132880782399,0.6748254797691615,2.1962770862772554,1.47804740603168,0.4693730226821456,0.8785262084584773,1.3477314401271068,1.4350208653998422,2.1102810609698635,-1.3013798030240902,1.849266905708729,-1.0069785282023656,1.632567291185704,-2.233023235070223,-0.3211942047644995,0.532786568177192,0.15116893738511128,0.24776306906666112,0.03814997690213139,0.1937093942193285,0.7441037313383698,-1.322522879605007,1.208756844142736,-1.0219596317188993,-1.3081153113578534,0.22747496003771484,-1.3339213295661556,-0.14126548975279643,-0.7078875878683787,0.779911833566292,0.7098615658300842,1.8389755881311498,1.8364556701821737,-1.179866511885663,-2.326750258401961,0.40186765436678795,-0.32236217901622266
-0.7451783793608888,1.3026558911431911,-0.29175841952654064,0.1782183448214,1.1382833533325158,-0.8568789256628252,1.3121041773231907,0.6432534088997687,1.0814668290442164,2.752969101564159,1.601257796052766,0.8522938452489941,1.3417713642165703,1.9615279571775512,1.4736085025268058,2.009193145899582,-1.3664483695015384,2.2905053500058563,-1.7267499200786511,1.8332539408154338,-2.36269444772359,-0.3778200863109959,0.9667490962331463,0.5525371537446573,0.3887177571909523,-0.13960937302452367,0.021556414039341474,0.7727103817037967,-1.6682129791164297,0.9539632515249211,-0.6857429560296688,-1.390358245312628,0.40783251940800475,-1.569641099667485,0.6989597714514252,-0.8696169846151299,0.7098615658300842,0.7955666317125747,2.2254390692757835,2.156008541364353,-1.4504544691747994,-2.602955895566604,0.16619632847343555,-0.530088039256964
-2.522723506142732,3.6296836514015185,-0.8689608343919744,0.30832339672599796,3.6737389809381447,-2.6855005678319137,3.7073951452111205,2.313250046077285,3.343592690442485,8.025506377314905,4.428598142081202,2.7066190521140414,4.154579339799621,5.922723925025982,3.972396212425034,5.2664041251280445,-3.758286110848531,6.629853248924624,-5.4229270004478485,5.157779071206015,-6.488752488910016,-1.1072909941676965,3.0855512093002124,1.9160542980582593,1.2029511672742899,-0.592531254448078,-0.1422683363974707,2.1048306525539244,-4.860594714230829,2.2850557638203837,-1.4636651674465793,-3.8098678315631624,1.3032847324341672,-4.487649264773708,2.8239580537546423,-2.5503795672477048,1.8389755881311498,2.2254390692757835,6.411588652496764,6.145408027703773,-4.221857406582232,-7.25893827811066,0.19003210566954484,-1.660740526642383
-2.2956212803656375,3.522704800238703,-0.8258784287859267,0.3651495071365878,3.4039064129798104,-2.5015410325408127,3.583030441216027,2.072129071888933,3.138972024433413,7.680865793508884,4.318966074185533,2.5131877001643486,3.894277281810036,5.605494156757725,3.9081179831165542,5.237989637523618,-3.6631857017863707,6.357751159417381,-5.066985011909651,4.996393323952343,-6.336796226205662,-1.0589588137349943,2.8704763018555237,1.740659303581112,1.1272295132508947,-0.49675995552370583,-0.07287416618631455,2.0630252827183098,-4.643326887563266,2.3442082733952594,-1.5780593561738179,-3.716382961458234,1.2057700857625353,-4.325425916706609,2.437896274476332,-2.430758007025519,1.8364556701821737,2.156008541364353,6.145408027703773,5.927094701945734,-4.043922991038155,-7.051792878163275,0.27714673010066165,-1.5474777120821457
1.745570957182738,-2.3752374382243286,0.5887159108002622,-0.14645966802331564,-2.4927712819814904,1.8253602459419176,-2.4189316428654704,-1.6141144888327186,-2.242447686991704,-5.320028733566116,-2.88657154563297,-1.8227862953784015,-2.8107614364781415,-3.946090079207953,-2.5580695904131923,-3.376520350591336,2.4487959232154273,-4.371215266450219,3.6541562357308286,-3.3892217940711986,4.223186520459301,0.7502893059423618,-2.094681372984824,-1.318655177870193,-0.807358178227527,0.4279318169481895,0.13780462898502793,-1.3657968530062723,3.2078615695877053,-1.4246430891811435,0.8758051057924326,2.463753641912729,-0.8841074924724937,2.963690837982582,-2.0070850763701933,1.703941696484206,-1.179866511885663,-1.4504544691747994,-4.221857406582232,-4.043922991038155,2.8079838919639992,4.723768085323341,-0.07608063436180358,1.119016995539794
2.4076057234128756,-4.240871417139661,0.9335723034675912,-0.6187176042510961,-3.739211338731334,2.750337004069253,-4.311055111190517,-2.100294819359245,-3.5497764079033245,-8.994594746049122,-5.249306880473671,-2.7949809135393444,-4.3505079145155285,-6.450243920651068,-4.84932051010868,-6.592781721070368,4.456836276224204,-7.506322444192844,5.6715250177823195,-5.973379337551847,7.7201311450418935,1.2098430273988772,-3.1758392974421548,-1.8382081928987855,-1.2757904566598965,0.42798191471170066,-0.07391290796812983,-2.5332877921731884,5.45380267255365,-3.105572833036509,2.2377736572725833,4.554382339553507,-1.320112368752982,5.120607455566496,-2.284214673140117,2.813786720199576,-2.326750258401961,-2.602955895566604,-7.25893827811066,-7.051792878163275,4.723768085323341,8.555941043660502,-0.5341255198079498,1.7287861449949518
0.5263279386981149,0.33387511326064834,-0.00812454442704944,0.2965528705333691,-0.5986734493720186,0.22405578426289977,0.18794260255202375,-0.7152876451954712,-0.3202312377215094,0.07220005394605691,0.4168512955794883,-0.37128619315427686,-0.3208957116014161,-0.3582484776197577,0.5243970380424553,1.0024539999528346,-0.4241842169804291,0.10104107616426752,0.6531339080360212,0.3820350342829543,-0.7243604376949516,-0.042807356747448816,-0.4416928650785983,-0.5424517177301345,-0.11445568249935409,0.2704864691366259,0.33519207019481406,0.2564122171127679,-0.03346941069775347,0.8717561237222541,-0.9189820517381823,-0.4162636285401645,-0.1654315452876641,-0.2000027350643114,-1.3053577289549674,-0.041674192336954026,0.40186765436678795,0.16619632847343555,0.19003210566954484,0.27714673010066165,-0.07608063436180358,-0.5341255198079498,0.5127655854091273,0.1770802168037255
0.928678121404881,-0.8399912740098764,0.23575901441475453,0.05703814263191321,-1.2653948871559826,0.8365675528948713,-0.9204245904066918,-0.9512459045576374,-1.0507693181231714,-2.153301490529041,-1.0162185964704564,-0.9017942110318028,-1.2805141772708066,-1.7668867128219705,-0.8406091086829192,-0.9801270339631516,0.8359179498357582,-1.7565374859327203,1.7653260352471458,-1.2334326978850287,1.4404354715714895,0.28742331515889413,-1.0390207568726444,-0.7618981774484643,-0.37930592350362247,0.2864629551651249,0.1902533857136162,-0.45774774353108855,1.3073360003560526,-0.23220260352844377,-0.01513535819981316,0.8475909831970954,-0.43014796224559804,1.1328099937032434,-1.3568988866823188,0.6820217130455295,-0.32236217901622266,-0.530088039256964,-1.660740526642383,-1.5474777120821457,1.119016995539794,1.7287861449949518,0.1770802168037255,0.5328551447320714
