V1,V2,V3,V4,V5,V6,V7,V8,V9,V10,V11,V12,V13,V14,V15,V16,V17,V18,V19,V20,V21,V22,V23,V24,V25,V26,V27,V28,V29,V30,V31,V32,V33,V34,V35,V36,V37,V38,V39,V40,V41,V42,V43,V44
4.508826435149322,-0.16419256278895367,-0.6473628502782559,1.0369024566114304,-0.41219021935696026,1.2569087828952334,0.7237888791001598,-0.6684867792187716,-1.5258058707599915,-2.1532412316577854,-0.04498615018105095,0.8071897118689383,-1.6210433357993894,1.1296604890506325,-6.3523512590469675,2.1582175072116754,0.8323277501660534,-4.36097763355534,-1.7689286143190934,1.8530755578447444,13.018174267698999,-0.6645337968392566,3.2259093465687694,-4.807990833075115,5.807026246737322,3.368569186980333,-1.8397188445119788,-6.999089203808458,0.6282190847934093,-3.935452598306701,5.240912812229978,-2.9847071735804582,0.7784115763614101,4.54717368078608,0.0814421737078217,-3.285796285737627,-1.3034237892222733,-1.7214711603494222,8.965926626132108,-1.015314304417864,4.662065569771178,2.259771267980642,-3.279513220732658,1.3869321342513514
-0.16419256278895367,0.5325296171795822,-0.10206012007353872,-0.047425108443206264,0.4432170018724994,-0.26049437177471574,0.48935393195280635,0.30056135184842975,0.39898130237403634,0.8927480177764536,0.6721471149554515,0.45501390185817586,0.4530331209892523,0.874261350965741,0.24290113167026287,0.7890140412335575,-0.42622409580783355,0.7176596763382487,-0.769746843064772,0.7516897873417014,-0.25488315169690845,-0.2618293236211427,0.519043518279176,0.08672697236058664,0.3658049462476342,-0.01742983903160924,-0.07938919108992214,-0.01028849725591826,-0.6302776363971827,0.17443544266908256,0.07871582435763305,-0.47824878055202186,0.21603066860575013,-0.36679026075288457,0.42436321360442186,-0.529191592121548,0.20995796092117236,0.13984740193093026,1.2179749190253093,0.7175317850926921,-0.4019756846292759,-0.9480510039067612,-0.14356014424312116,-0.17093322652822965
-0.6473628502782559,-0.10206012007353872,0.16652519451341313,-0.2498186131879061,-0.09820661647954258,-0.08160830606284285,-0.29545403029502404,0.024761173574294214,0.1239611225896486,-0.019346365937466546,-0.1276813467865184,-0.19898228762110587,0.09260935057829996,-0.40767537941171067,0.8816663773209809,-0.5898421333740336,0.04429240654305967,0.4698767840898547,0.5261804999671856,-0.5401222906211345,-1.8235545111373894,0.10754362341612506,-0.6706103261265011,0.7391915718686038,-1.0406162697971768,-0.5838205032620059,0.3140253087987937,1.0795577394440061,0.09315401932086716,0.5824851115503791,-0.7798012749409996,0.7324508159826704,-0.1843399108485652,-0.5445833771749659,-0.10746483202688248,0.6193616511333674,0.14340074897638447,0.13224716190259067,-1.747552608072197,-0.12378652204273073,-0.6132456926102503,-0.1060642818561768,0.5116014934779682,-0.1705676211071019
1.0369024566114304,-0.047425108443206264,-0.2498186131879061,0.4989056678719805,0.04217456359056771,0.16600519273156386,0.32673343423294426,-0.14245600225385613,-0.31684177711812483,-0.16560784953970661,-0.06313371868497744,0.12825169693340888,-0.24332856022280144,0.3293902596190427,-1.3709572827497711,0.6576873817541267,0.030047569901733143,-0.9173715004297325,-0.5818583990553216,0.5931515460465652,2.7785350973168996,-0.02024258455147452,0.872550767451821,-1.157623820935923,1.4791982090646387,0.9433313283176695,-0.46211457461036715,-1.612879328900338,0.051047591120391415,-0.942159286303164,1.103579526578135,-1.0787744986918824,0.19975070594247651,0.8974619087696695,-0.005040902840198907,-0.7367752556041052,-0.2898090660844635,-0.17857457582013936,2.2812008775154147,0.019810587205009788,1.0666449497706887,0.49742571309862854,-0.7032132112278566,0.30898546271905125
-0.41219021935696026,0.4432170018724994,-0.09820661647954258,0.04217456359056771,0.47849755490418,-0.3644758358761651,0.44749081615548614,0.2896497010700778,0.4479494670366435,1.047513057136788,0.535436666406315,0.3124678581673009,0.5623419415002713,0.698675080929056,0.6457066189714975,0.605780360500876,-0.4896772127807819,0.9242544714171272,-0.6333499695077273,0.5908838446486631,-1.1041919951903119,-0.11336699674360727,0.3079077131717977,0.3433362351704495,0.021969635752191095,-0.12726998514062207,0.026525015071988588,0.4307336837214882,-0.615638214436471,0.3876066392749039,-0.310689535471143,-0.4235540840954068,0.1365913646867027,-0.6610192977956814,0.334145667796335,-0.22344313307618988,0.2563857239772764,0.32644115531597107,0.5898362746202322,0.7904539287162592,-0.625991362143208,-0.9324364848909492,0.11427857217542033,-0.23964837946101902
1.2569087828952334,-0.26049437177471574,-0.08160830606284285,0.16600519273156386,-0.3644758358761651,0.517724091448701,-0.09307764256447862,-0.30790192999708127,-0.5941500130231765,-1.1265508738169614,-0.2911802621510859,0.023133122999984535,-0.7064368832397047,-0.12213865927326617,-1.8460666535981873,0.16418629029791026,0.4765262166459806,-1.5331929153527597,-0.04125903887694774,0.09873921722590713,3.6286354056103627,-0.12322614805860184,0.556503813865643,-1.294403829307135,1.3290796727549616,0.8341446496251871,-0.42512335585743666,-1.8611375274810227,0.4845948983904397,-1.1127904647517837,1.4134543337586347,-0.3907530423766421,0.11222472848034555,1.437575928703137,-0.14284454441104016,-0.6446841918371282,-0.4323795581480155,-0.5934616197810215,1.7301581577752396,-0.6963208793313239,1.410155034382451,1.0227818410078147,-0.8203508183784577,0.4522877725828158
0.7237888791001598,0.48935393195280635,-0.29545403029502404,0.32673343423294426,0.44749081615548614,-0.09307764256447862,0.7359927076321067,0.1744516231335045,0.11969819390004618,0.6804552457821242,0.6206348110227066,0.5665491822888366,0.21492829278683928,1.1366940412768558,-0.9510580830909595,1.315606154508643,-0.36760032001414866,-0.09432587615423998,-1.2309453010591778,1.225470490395439,2.1543879669502304,-0.3013706434358085,1.2383383915658337,-0.8944873315573946,1.6020792211786585,0.7568613172918627,-0.4642136559139825,-1.3918567822207553,-0.563351898131035,-0.6291948562540335,1.0398120956844583,-1.321980344419376,0.38347630495486607,0.4271823394851295,0.42358605641067354,-1.1566113509333362,-0.042389192733549214,-0.053799362839337485,3.1143910158043804,0.6812335930632414,0.5122996350284917,-0.514161118031194,-0.7519870882152053,0.09807730558812866
-0.6684867792187716,0.30056135184842975,0.024761173574294214,-0.14245600225385613,0.2896497010700778,-0.30790192999708127,0.1744516231335045,0.2545988323390089,0.40972674760013034,0.7753815834399886,0.36267377909652615,0.13188277444834784,0.4539820804952838,0.3241409435743074,0.9601944613579501,0.14780546383391635,-0.34011658740017925,0.9513287577076055,-0.1859115489804041,0.16698411605340285,-1.833431369044079,-0.04263055698323728,-0.1365065846806019,0.6690022708549734,-0.5542511434937484,-0.44261403981284264,0.19135944813617864,0.8999606558661061,-0.41737761086826203,0.5925480781542678,-0.6462289099446058,0.1104024701996844,0.013356577919679759,-0.7960838015024289,0.21035586214142094,0.14057547503280776,0.28179099862892404,0.3104535986162009,-0.5057857448931538,0.5273041676969737,-0.8158086558266102,-0.7961967881539745,0.34460681551766364,-0.2697420794416585
-1.5258058707599915,0.39898130237403634,0.1239611225896486,-0.31684177711812483,0.4479494670366435,-0.5941500130231765,0.11969819390004618,0.40972674760013034,0.7558984417692479,1.3215619615061873,0.4621380044870996,0.056002140343262403,0.847424205115899,0.24521739739620368,2.185807773329504,-0.13793570221828558,-0.5647567404463714,1.8814900999072472,0.010366092887436704,-0.06961093235080835,-4.279118801365901,0.04762441582622498,-0.6462142742298683,1.5723264147565967,-1.5747305553535036,-1.055513360580617,0.5192051028542934,2.2081096818674344,-0.6321269876878527,1.3662297558905778,-1.6183730473124356,0.5673542962520379,-0.10589968987506411,-1.7010940611096743,0.250778585301216,0.6852538400759313,0.5467584130802241,0.6500910314495899,-1.9728068178615268,0.8298592481940917,-1.7405189275975206,-1.3447924172132908,0.9424363403722757,-0.5588602791450986
-2.1532412316577854,0.8927480177764536,-0.019346365937466546,-0.16560784953970661,1.047513057136788,-1.1265508738169614,0.6804552457821242,0.7753815834399886,1.3215619615061873,2.8015698833904983,1.0441869456961526,0.33021008979914657,1.5933228556331502,1.0220681096587645,3.2140403690748705,0.5459753956380395,-1.2389920008216166,3.135034538439826,-0.7217015198426993,0.6235871799460037,-6.158891393761501,0.04408345872589408,-0.3444307188856962,2.113535793731468,-1.7108578784083164,-1.256271414784484,0.5799739160759806,2.950548021772276,-1.3921117259636866,1.8898432137454038,-2.244763768176942,-0.03472605769048943,0.031761348652105864,-2.7122875749008726,0.5960951098710344,0.5535058891411634,0.8898192127414546,1.2025657248081545,-1.5474723738346055,1.9074147547181266,-2.6125455971328426,-2.511481271852542,1.1992839535231772,-0.8744628529495239
-0.04498615018105095,0.6721471149554515,-0.1276813467865184,-0.06313371868497744,0.535436666406315,-0.2911802621510859,0.6206348110227066,0.36267377909652615,0.4621380044870996,1.0441869456961526,0.9175355638160707,0.6823468575489946,0.5459303813723082,1.18412602137621,0.11735202782490335,1.0464911060398527,-0.48017580182806574,0.8295574377438345,-1.038770890177848,0.9729490098432143,0.23583040676177633,-0.40000543562372776,0.7732555233241124,-0.018736244719557513,0.606846774423124,0.028978296171154674,-0.1770726442003925,-0.220337351418651,-0.7820390978959556,0.13194366023214604,0.28460107129742385,-0.6490301047129566,0.2790040222925135,-0.2927552448769252,0.5420070717503505,-0.8214746819952936,0.21738439553943778,0.028343009658362353,1.8732962043380208,0.8387581648380298,-0.3608664327823789,-1.1519599805993657,-0.33289993236707416,-0.189423754701335
0.8071897118689383,0.45501390185817586,-0.19898228762110587,0.12825169693340888,0.3124678581673009,0.023133122999984535,0.5665491822888366,0.13188277444834784,0.056002140343262403,0.33021008979914657,0.6823468575489946,0.6890727046736983,0.11328182387729938,1.0776873040559403,-1.0835198647641309,1.136005705691047,-0.17271593170871974,-0.17506897278853437,-1.0771067248949684,1.0140620012847479,2.6598682980453385,-0.4421036623229614,1.154578296858919,-0.8889081564975609,1.4894531769297588,0.6205293653332304,-0.47157717381058173,-1.4359602389276125,-0.4505415490681395,-0.5953599075655218,1.1877068597202562,-0.983691514295886,0.331758165229022,0.651073218701539,0.40819617253367335,-1.2137595203914178,-0.08937870237117415,-0.349436527515366,3.0289441516070026,0.3898115966020038,0.5994645582288338,-0.4139932513563602,-0.8598237311206015,0.10618912221533804
-1.6210433357993894,0.4530331209892523,0.09260935057829996,-0.24332856022280144,0.5623419415002713,-0.7064368832397047,0.21492829278683928,0.4539820804952838,0.847424205115899,1.5933228556331502,0.5459303813723082,0.11328182387729938,1.0088235500813918,0.36685966901338435,2.3870051147732183,-0.042031470254455694,-0.6793793103544865,2.121311494039306,-0.12229060374549172,0.02052463016356718,-4.5697478364042725,0.06352860511377326,-0.587068461511425,1.6673641879516452,-1.6114378917342989,-1.0775298919822816,0.5194752603690084,2.3591890873778465,-0.7557033780703566,1.4779792796485722,-1.750475045850333,0.4286601646203812,-0.1030585262627352,-1.8786428023694897,0.28264641150838743,0.6823139434210016,0.5914660980355027,0.7364066561105798,-1.8951586342279918,1.015103766138167,-1.878105576202,-1.5073799615220784,0.9934961339230812,-0.6215354551982532
1.1296604890506325,0.874261350965741,-0.40767537941171067,0.3293902596190427,0.698675080929056,-0.12213865927326617,1.1366940412768558,0.3241409435743074,0.24521739739620368,1.0220681096587645,1.18412602137621,1.0776873040559403,0.36685966901338435,1.9427406751311234,-1.500994112262827,2.104878138080133,-0.533312989745081,-0.021334684555782836,-1.9842674716910804,1.936119319482657,3.607511192348759,-0.6406024728793652,1.9806047248887781,-1.3467970910576004,2.47807629741924,1.0510705130104496,-0.7381791780950836,-2.182590357245181,-0.9495844637131157,-0.9058736390973373,1.7316766284363931,-1.8999190580108924,0.6136945551205699,0.7202688356239556,0.7590005654029031,-1.9672793236236836,-0.04193218424920537,-0.26386066361612626,5.04538826703635,1.0227317721870994,0.7408229027628807,-0.980143587245478,-1.2786499833353508,0.11447875006300283
-6.3523512590469675,0.24290113167026287,0.8816663773209809,-1.3709572827497711,0.6457066189714975,-1.8460666535981873,-0.9510580830909595,0.9601944613579501,2.185807773329504,3.2140403690748705,0.11735202782490335,-1.0835198647641309,2.3870051147732183,-1.500994112262827,9.035651026887441,-2.9693812144210647,-1.2357720385024118,6.275455651904153,2.3839433897590077,-2.5497812553972468,-18.367817899661304,0.9565463164321085,-4.463374464474298,6.789109135174562,-8.160995149275276,-4.730048956055315,2.557995255473728,9.897391099784311,-0.9521341256301183,5.573848907818311,-7.436468985379825,4.053829142683366,-1.1011440491911195,-6.482101287242214,-0.11519905925117185,4.592608982508839,1.8417947270936126,2.4535546465696103,-12.482045203772829,1.5437778130547046,-6.595595064732001,-3.2513461188750883,4.607414193373542,-1.9827581021522207
2.1582175072116754,0.7890140412335575,-0.5898421333740336,0.6576873817541267,0.605780360500876,0.16418629029791026,1.315606154508643,0.14780546383391635,-0.13793570221828558,0.5459753956380395,1.0464911060398527,1.136005705691047,-0.042031470254455694,2.104878138080133,-2.9693812144210647,2.590578785248729,-0.3727652225063375,-1.1178015012429972,-2.352792202859519,2.371564719158764,6.42958427829265,-0.6971897146597853,2.6923776101358756,-2.489357598257999,3.8468044301925515,1.911137541360298,-1.147535103289513,-3.8022784366924767,-0.7691818024206972,-1.870051405968283,2.888209047210621,-2.6765356308767965,0.7979304180344566,1.7371392737332876,0.7348384607217082,-2.633648910191349,-0.3463100706965457,-0.5354890793945488,7.00092130069197,0.8210649200889121,1.8433189946978163,-0.37054849949542756,-1.9676049160662985,0.46247644787101844
0.8323277501660534,-0.42622409580783355,0.04429240654305967,0.030047569901733143,-0.4896772127807819,0.4765262166459806,-0.36760032001414866,-0.34011658740017925,-0.5647567404463714,-1.2389920008216166,-0.48017580182806574,-0.17271593170871974,-0.6793793103544865,-0.533312989745081,-1.2357720385024118,-0.3727652225063375,0.5661125892602313,-1.2780637900906964,0.42712193117986413,-0.40095029811605987,2.3933580461004396,0.0031163635933253806,0.02034979076788369,-0.7817925190628374,0.5325120939928552,0.42774876471207934,-0.20314269254552636,-1.0813927224883904,0.6405187788755482,-0.716039333278563,0.8303163578736125,0.16072403232687024,-0.06076744069103988,1.0945605544291224,-0.29696500137378956,-0.1258916799315418,-0.3705499005233647,-0.5252839280195786,0.3362181453689489,-0.8768504442543287,1.0408301991427598,1.0973158718943812,-0.4398302156445164,0.3504397531276374
-4.36097763355534,0.7176596763382487,0.4698767840898547,-0.9173715004297325,0.9242544714171272,-1.5331929153527597,-0.09432587615423998,0.9513287577076055,1.8814900999072472,3.135034538439826,0.8295574377438345,-0.17506897278853437,2.121311494039306,-0.021334684555782836,6.275455651904153,-1.1178015012429972,-1.2780637900906964,4.992787186770392,0.7132769455970178,-0.8950981215988262,-12.345974455024466,0.34822927841016776,-2.362096476705625,4.595879607818597,-5.020219332630283,-3.153330696558044,1.583799424036486,6.562547317803214,-1.3221206125893337,3.908652284931137,-4.852156537209512,2.123406717513271,-0.5172978351216775,-4.689178620136479,0.363788738693585,2.4525481593361778,1.434142794995071,1.7380963545801504,-6.882154546921951,1.8063140130361859,-4.791301677671069,-3.170593217565074,2.8754902373536937,-1.5139969551872332
-1.7689286143190934,-0.769746843064772,0.5261804999671856,-0.5818583990553216,-0.6333499695077273,-0.04125903887694774,-1.2309453010591778,-0.1859115489804041,0.010366092887436704,-0.7217015198426993,-1.038770890177848,-1.0771067248949684,-0.12229060374549172,-1.9842674716910804,2.3839433897590077,-2.352792202859519,0.42712193117986413,0.7132769455970178,2.185166715250418,-2.156983393629272,-5.313413056720114,0.6324473695356922,-2.398761130829078,2.0492849076938584,-3.291452054527251,-1.598028718117161,0.9884422004265836,3.1506553455150756,0.8055904610130847,1.4948425487431796,-2.398797487217985,2.4021785963358684,-0.7046219693280059,-1.3364139631518652,-0.7010705540388946,2.3180860228021354,0.2492177663115216,0.4183290922418068,-6.171696817839426,-0.8821319908191272,-1.4379020711467385,0.5356734536566512,1.673382736100288,-0.3320201047009629
1.8530755578447444,0.7516897873417014,-0.5401222906211345,0.5931515460465652,0.5908838446486631,0.09873921722590713,1.225470490395439,0.16698411605340285,-0.06961093235080835,0.6235871799460037,0.9729490098432143,1.0140620012847479,0.02052463016356718,1.936119319482657,-2.5497812553972468,2.371564719158764,-0.40095029811605987,-0.8950981215988262,-2.156983393629272,2.1864931766352456,5.4959955222997765,-0.6122106520955165,2.4170591366572314,-2.1665401116358827,3.413152608596448,1.684566757846575,-1.0077051207470973,-3.3176537190540287,-0.7540736243022909,-1.6262560196579274,2.5055703361041832,-2.4368258845676487,0.7307908036563228,1.4411423291922478,0.6898125795888798,-2.3450901664739283,-0.27376968712616095,-0.40591575455598017,6.2457966973913335,0.8367112762313698,1.552961319341232,-0.44374560370522675,-1.7162490331814564,0.38766695026304604
13.018174267698999,-0.25488315169690845,-1.8235545111373894,2.7785350973168996,-1.1041919951903119,3.6286354056103627,2.1543879669502304,-1.833431369044079,-4.279118801365901,-6.158891393761501,0.23583040676177633,2.6598682980453385,-4.5697478364042725,3.607511192348759,-18.367817899661304,6.42958427829265,2.3933580461004396,-12.345974455024466,-5.313413056720114,5.4959955222997765,37.96279737855055,-2.184848635784142,9.468114111568324,-13.840870033467423,16.841162537798656,9.599944076526683,-5.348333780274652,-20.260135195756078,1.6281031510950104,-11.239972171624704,15.325499306563746,-8.503344916065155,2.299944983704747,13.185310467063745,0.4239244960104869,-9.783657180247435,-3.7066794102978524,-5.183590112640669,26.374649353633103,-2.8834057133214284,13.3560600131959,6.191126776216931,-9.62985472275222,3.9313562276106246
-0.6645337968392566,-0.2618293236211427,0.10754362341612506,-0.02024258455147452,-0.11336699674360727,-0.12322614805860184,-0.3013706434358085,-0.04263055698323728,0.04762441582622498,0.04408345872589408,-0.40000543562372776,-0.4421036623229614,0.06352860511377326,-0.6406024728793652,0.9565463164321085,-0.6971897146597853,0.0031163635933253806,0.34822927841016776,0.6324473695356922,-0.6122106520955165,-2.184848635784142,0.3360051508516319,-0.7564130205978007,0.7150521134888058,-1.079457412307944,-0.4577145715367614,0.3322058194621323,1.1503808095467223,0.19451283709509223,0.5095936348128085,-0.9663611205778647,0.5482365728209132,-0.2235971803281944,-0.6373074907256875,-0.2533400715656815,0.847512397412449,0.1113332180600258,0.34668563448834866,-2.0614917293827952,-0.08370246103869745,-0.5552995511639838,0.12142048476087039,0.6527356845744038,-0.13021162682769463
3.2259093465687694,0.519043518279176,-0.6706103261265011,0.872550767451821,0.3079077131717977,0.556503813865643,1.2383383915658337,-0.1365065846806019,-0.6462142742298683,-0.3444307188856962,0.7732555233241124,1.154578296858919,-0.587068461511425,1.9806047248887781,-4.463374464474298,2.6923776101358756,0.02034979076788369,-2.362096476705625,-2.398761130829078,2.4170591366572314,9.468114111568324,-0.7564130205978007,3.172055385587131,-3.565206067332385,4.926209213745106,2.619747937080706,-1.5211324421422547,-5.31741368041374,-0.3516397607226111,-2.7839370617446053,4.010920891192177,-3.0746477069613527,0.8623295997574373,2.913086984681256,0.5678488840853844,-3.1374744204495766,-0.7317439300825791,-1.0351104056899534,8.434115546034734,0.24993008824045215,3.039609456872673,0.5296656469949895,-2.643405181478968,0.8327764174901224
-4.807990833075115,0.08672697236058664,0.7391915718686038,-1.157623820935923,0.3433362351704495,-1.294403829307135,-0.8944873315573946,0.6690022708549734,1.5723264147565967,2.113535793731468,-0.018736244719557513,-0.8889081564975609,1.6673641879516452,-1.3467970910576004,6.789109135174562,-2.489357598257999,-0.7817925190628374,4.595879607818597,2.0492849076938584,-2.1665401116358827,-13.840870033467423,0.7150521134888058,-3.565206067332385,5.178699959100842,-6.351263636591089,-3.675156049283977,1.9850047927468604,7.540005492382771,-0.5580722296931339,4.230281981152311,-5.628115457852669,3.369416579667466,-0.8898012807563472,-4.794266106158897,-0.15731491552540203,3.5938788799867902,1.3599376924727793,1.7430561021859947,-9.848690443873508,0.9160787035100234,-4.94450432128501,-2.2776763397328086,3.516234576778521,-1.4723058922319274
5.807026246737322,0.3658049462476342,-1.0406162697971768,1.4791982090646387,0.021969635752191095,1.3290796727549616,1.6020792211786585,-0.5542511434937484,-1.5747305553535036,-1.7108578784083164,0.606846774423124,1.4894531769297588,-1.6114378917342989,2.47807629741924,-8.160995149275276,3.8468044301925515,0.5325120939928552,-5.020219332630283,-3.291452054527251,3.413152608596448,16.841162537798656,-1.079457412307944,4.926209213745106,-6.351263636591089,8.245743650692317,4.5956994353991965,-2.539993662662809,-9.34785350344651,0.09493460225708523,-5.090437998303568,7.008419880288842,-4.730414282483247,1.302167297533921,5.557256413518208,0.5699888417855842,-4.916460922229256,-1.491854919526679,-1.9601458828679224,13.364588005586821,-0.4065215922946398,5.757971097181732,1.9662212516726483,-4.462828838034668,1.6652885951239165
3.368569186980333,-0.01742983903160924,-0.5838205032620059,0.9433313283176695,-0.12726998514062207,0.8341446496251871,0.7568613172918627,-0.44261403981284264,-1.055513360580617,-1.256271414784484,0.028978296171154674,0.6205293653332304,-1.0775298919822816,1.0510705130104496,-4.730048956055315,1.911137541360298,0.42774876471207934,-3.153330696558044,-1.598028718117161,1.684566757846575,9.599944076526683,-0.4577145715367614,2.619747937080706,-3.675156049283977,4.5956994353991965,2.691687785666994,-1.4173365926918573,-5.322869980960982,0.2925007075944857,-2.987681725511981,3.9278985612356774,-2.613745695691399,0.662022519555428,3.2732100640895343,0.14068362616276925,-2.5570901202532297,-0.9320553090622737,-1.0887715080648923,7.148133954108057,-0.45313143281651747,3.4450156627530153,1.5190928378725554,-2.4502760325328192,1.0212398675953815
-1.8397188445119788,-0.07938919108992214,0.3140253087987937,-0.46211457461036715,0.026525015071988588,-0.42512335585743666,-0.4642136559139825,0.19135944813617864,0.5192051028542934,0.5799739160759806,-0.1770726442003925,-0.47157717381058173,0.5194752603690084,-0.7381791780950836,2.557995255473728,-1.147535103289513,-0.20314269254552636,1.583799424036486,0.9884422004265836,-1.0077051207470973,-5.348333780274652,0.3322058194621323,-1.5211324421422547,1.9850047927468604,-2.539993662662809,-1.4173365926918573,0.8054866326666992,2.9181768370405763,-0.06664599267460873,1.5955693526593353,-2.1893602566961055,1.4480232176623753,-0.38475887093205074,-1.7707587315213986,-0.14606872040481994,1.528724823835881,0.48402825600484045,0.6594859186395947,-4.133079522856711,0.17944037023263662,-1.8329485584356286,-0.6638298758705193,1.4125732554457988,-0.5260052027655341
-6.999089203808458,-0.01028849725591826,1.0795577394440061,-1.612879328900338,0.4307336837214882,-1.8611375274810227,-1.3918567822207553,0.8999606558661061,2.2081096818674344,2.950548021772276,-0.220337351418651,-1.4359602389276125,2.3591890873778465,-2.182590357245181,9.897391099784311,-3.8022784366924767,-1.0813927224883904,6.562547317803214,3.1506553455150756,-3.3176537190540287,-20.260135195756078,1.1503808095467223,-5.31741368041374,7.540005492382771,-9.34785350344651,-5.322869980960982,2.9181768370405763,11.041720098015816,-0.6825402033709715,6.140872375522951,-8.284230341274808,4.9471052599664365,-1.3503094882114057,-6.962025541785676,-0.3434783490437618,5.407215311403861,1.9375527075365873,2.57849277502838,-14.671716348425308,1.2253664625732243,-7.135363886760415,-3.0962229319080885,5.204904911817942,-2.1139945059448224
0.6282190847934093,-0.6302776363971827,0.09315401932086716,0.051047591120391415,-0.615638214436471,0.4845948983904397,-0.563351898131035,-0.41737761086826203,-0.6321269876878527,-1.3921117259636866,-0.7820390978959556,-0.4505415490681395,-0.7557033780703566,-0.9495844637131157,-0.9521341256301183,-0.7691818024206972,0.6405187788755482,-1.3221206125893337,0.8055904610130847,-0.7540736243022909,1.6281031510950104,0.19451283709509223,-0.3516397607226111,-0.5580722296931339,0.09493460225708523,0.2925007075944857,-0.06664599267460873,-0.6825402033709715,0.8393135391243991,-0.5889827266010176,0.4655280281529501,0.42439172516764284,-0.177406031053176,0.9332892268587956,-0.4759506138038653,0.2950908576830449,-0.372262726864105,-0.3973542980495922,-0.6482212444961086,-1.035401698011787,0.9293661004454552,1.3425954253569214,-0.166699642345992,0.3462056931055743
-3.935452598306701,0.17443544266908256,0.5824851115503791,-0.942159286303164,0.3876066392749039,-1.1127904647517837,-0.6291948562540335,0.5925480781542678,1.3662297558905778,1.8898432137454038,0.13194366023214604,-0.5953599075655218,1.4779792796485722,-0.9058736390973373,5.573848907818311,-1.870051405968283,-0.716039333278563,3.908652284931137,1.4948425487431796,-1.6262560196579274,-11.239972171624704,0.5095936348128085,-2.7839370617446053,4.230281981152311,-5.090437998303568,-2.987681725511981,1.5955693526593353,6.140872375522951,-0.5889827266010176,3.511579245586747,-4.551344938420565,2.645183554478821,-0.6907644137738258,-3.959301485541629,-0.042374715386439665,2.8133777776730744,1.1406712213292742,1.4175774322148107,-7.724736461463252,0.8804058230976435,-4.101718961337831,-2.033014153939032,2.8305459363392895,-1.2451005624322424
5.240912812229978,0.07871582435763305,-0.7798012749409996,1.103579526578135,-0.310689535471143,1.4134543337586347,1.0398120956844583,-0.6462289099446058,-1.6183730473124356,-2.244763768176942,0.28460107129742385,1.1877068597202562,-1.750475045850333,1.7316766284363931,-7.436468985379825,2.888209047210621,0.8303163578736125,-4.852156537209512,-2.398797487217985,2.5055703361041832,15.325499306563746,-0.9663611205778647,4.010920891192177,-5.628115457852669,7.008419880288842,3.9278985612356774,-2.1893602566961055,-8.284230341274808,0.4655280281529501,-4.551344938420565,6.284466182169814,-3.6111654200533274,1.0251580342717095,5.256579183046547,0.32232186869121954,-4.143431944949093,-1.4345718793895534,-2.0273528640131233,11.111647432252402,-0.9404301971434917,5.3127403169441925,2.220845807962513,-3.9522520873143265,1.5607940704518073
-2.9847071735804582,-0.47824878055202186,0.7324508159826704,-1.0787744986918824,-0.4235540840954068,-0.3907530423766421,-1.321980344419376,0.1104024701996844,0.5673542962520379,-0.03472605769048943,-0.6490301047129566,-0.983691514295886,0.4286601646203812,-1.8999190580108924,4.053829142683366,-2.6765356308767965,0.16072403232687024,2.123406717513271,2.4021785963358684,-2.4368258845676487,-8.503344916065155,0.5482365728209132,-3.0746477069613527,3.369416579667466,-4.730414282483247,-2.613745695691399,1.4480232176623753,4.9471052599664365,0.42439172516764284,2.645183554478821,-3.6111654200533274,3.2739623894262966,-0.8336659129510268,-2.538709798728397,-0.5059024906233784,2.8861546584016953,0.6631149695166636,0.7049084735906165,-8.0364609125323,-0.509409677655044,-2.813849289954729,-0.4588777249828686,2.3924175146367204,-0.77154297334635
0.7784115763614101,0.21603066860575013,-0.1843399108485652,0.19975070594247651,0.1365913646867027,0.11222472848034555,0.38347630495486607,0.013356577919679759,-0.10589968987506411,0.031761348652105864,0.2790040222925135,0.331758165229022,-0.1030585262627352,0.6136945551205699,-1.1011440491911195,0.7979304180344566,-0.06076744069103988,-0.5172978351216775,-0.7046219693280059,0.7307908036563228,2.299944983704747,-0.2235971803281944,0.8623295997574373,-0.8898012807563472,1.302167297533921,0.662022519555428,-0.38475887093205074,-1.3503094882114057,-0.177406031053176,-0.6907644137738258,1.0251580342717095,-0.8336659129510268,0.2595657998817438,0.6777530721152862,0.21238648796264933,-0.8588298301193886,-0.1478892590630522,-0.2185602843502322,2.275272370726902,0.16874971653464005,0.7029565219846623,-0.00814781807201667,-0.6761913262171578,0.19265131045415734
4.54717368078608,-0.36679026075288457,-0.5445833771749659,0.8974619087696695,-0.6610192977956814,1.437575928703137,0.4271823394851295,-0.7960838015024289,-1.7010940611096743,-2.7122875749008726,-0.2927552448769252,0.651073218701539,-1.8786428023694897,0.7202688356239556,-6.482101287242214,1.7371392737332876,1.0945605544291224,-4.689178620136479,-1.3364139631518652,1.4411423291922478,13.185310467063745,-0.6373074907256875,2.913086984681256,-4.794266106158897,5.557256413518208,3.2732100640895343,-1.7707587315213986,-6.962025541785676,0.9332892268587956,-3.959301485541629,5.256579183046547,-2.538709798728397,0.6777530721152862,4.7749655840657415,-0.07272788221407182,-3.062645576789125,-1.381436338733221,-1.8870954395443815,8.299451565527004,-1.452212181008046,4.806511998178862,2.6549022446339854,-3.226502267725984,1.4551624459964805
0.0814421737078217,0.42436321360442186,-0.10746483202688248,-0.005040902840198907,0.334145667796335,-0.14284454441104016,0.42358605641067354,0.21035586214142094,0.250778585301216,0.5960951098710344,0.5420070717503505,0.40819617253367335,0.28264641150838743,0.7590005654029031,-0.11519905925117185,0.7348384607217082,-0.29696500137378956,0.363788738693585,-0.7010705540388946,0.6898125795888798,0.4239244960104869,-0.2533400715656815,0.5678488840853844,-0.15731491552540203,0.5699888417855842,0.14068362616276925,-0.14606872040481994,-0.3434783490437618,-0.4759506138038653,-0.042374715386439665,0.32232186869121954,-0.5059024906233784,0.21238648796264933,-0.07272788221407182,0.35290261738068673,-0.5833066174436995,0.10677701974978338,0.020913293433092343,1.4032042481192557,0.5175885027530867,-0.1047100401720983,-0.6580158353916069,-0.27148348358626045,-0.07211025846756858
-3.285796285737627,-0.529191592121548,0.6193616511333674,-0.7367752556041052,-0.22344313307618988,-0.6446841918371282,-1.1566113509333362,0.14057547503280776,0.6852538400759313,0.5535058891411634,-0.8214746819952936,-1.2137595203914178,0.6823139434210016,-1.9672793236236836,4.592608982508839,-2.633648910191349,-0.1258916799315418,2.4525481593361778,2.3180860228021354,-2.3450901664739283,-9.783657180247435,0.847512397412449,-3.1374744204495766,3.5938788799867902,-4.916460922229256,-2.5570901202532297,1.528724823835881,5.407215311403861,0.2950908576830449,2.8133777776730744,-4.143431944949093,2.8861546584016953,-0.8588298301193886,-3.062645576789125,-0.5833066174436995,3.210257289894092,0.7479450469769798,1.1866014291279354,-8.442656769674885,-0.09437719717312114,-3.1043549330050624,-0.5649306007380634,2.7293351234886614,-0.8533859375083795
-1.3034237892222733,0.20995796092117236,0.14340074897638447,-0.2898090660844635,0.2563857239772764,-0.4323795581480155,-0.042389192733549214,0.28179099862892404,0.5467584130802241,0.8898192127414546,0.21738439553943778,-0.08937870237117415,0.5914660980355027,-0.04193218424920537,1.8417947270936126,-0.3463100706965457,-0.3705499005233647,1.434142794995071,0.2492177663115216,-0.27376968712616095,-3.7066794102978524,0.1113332180600258,-0.7317439300825791,1.3599376924727793,-1.491854919526679,-0.9320553090622737,0.48402825600484045,1.9375527075365873,-0.372262726864105,1.1406712213292742,-1.4345718793895534,0.6631149695166636,-0.1478892590630522,-1.381436338733221,0.10677701974978338,0.7479450469769798,0.43128435877728416,0.5353421363377853,-2.106304491430104,0.5164314498435962,-1.4183490201428106,-0.9200816966308214,0.8675237125808312,-0.43691366102973667
-1.7214711603494222,0.13984740193093026,0.13224716190259067,-0.17857457582013936,0.32644115531597107,-0.5934616197810215,-0.053799362839337485,0.3104535986162009,0.6500910314495899,1.2025657248081545,0.028343009658362353,-0.349436527515366,0.7364066561105798,-0.26386066361612626,2.4535546465696103,-0.5354890793945488,-0.5252839280195786,1.7380963545801504,0.4183290922418068,-0.40591575455598017,-5.183590112640669,0.34668563448834866,-1.0351104056899534,1.7430561021859947,-1.9601458828679224,-1.0887715080648923,0.6594859186395947,2.57849277502838,-0.3973542980495922,1.4175774322148107,-2.0273528640131233,0.7049084735906165,-0.2185602843502322,-1.8870954395443815,0.020913293433092343,1.1866014291279354,0.5353421363377853,0.9108279526084034,-3.0281631613234623,0.7131683210660356,-1.8031000916641464,-0.9962711248257,1.2700368294479072,-0.5309106657446876
8.965926626132108,1.2179749190253093,-1.747552608072197,2.2812008775154147,0.5898362746202322,1.7301581577752396,3.1143910158043804,-0.5057857448931538,-1.9728068178615268,-1.5474723738346055,1.8732962043380208,3.0289441516070026,-1.8951586342279918,5.04538826703635,-12.482045203772829,7.00092130069197,0.3362181453689489,-6.882154546921951,-6.171696817839426,6.2457966973913335,26.374649353633103,-2.0614917293827952,8.434115546034734,-9.848690443873508,13.364588005586821,7.148133954108057,-4.133079522856711,-14.671716348425308,-0.6482212444961086,-7.724736461463252,11.111647432252402,-8.0364609125323,2.275272370726902,8.299451565527004,1.4032042481192557,-8.442656769674885,-2.106304491430104,-3.0281631613234623,22.63022816822857,0.2298832966430965,8.563690387460621,1.8992703489621712,-7.256454490883223,2.3735023478879183
-1.015314304417864,0.7175317850926921,-0.12378652204273073,0.019810587205009788,0.7904539287162592,-0.6963208793313239,0.6812335930632414,0.5273041676969737,0.8298592481940917,1.9074147547181266,0.8387581648380298,0.3898115966020038,1.015103766138167,1.0227317721870994,1.5437778130547046,0.8210649200889121,-0.8768504442543287,1.8063140130361859,-0.8821319908191272,0.8367112762313698,-2.8834057133214284,-0.08370246103869745,0.24993008824045215,0.9160787035100234,-0.4065215922946398,-0.45313143281651747,0.17944037023263662,1.2253664625732243,-1.035401698011787,0.8804058230976435,-0.9404301971434917,-0.509409677655044,0.16874971653464005,-1.452212181008046,0.5175885027530867,-0.09437719717312114,0.5164314498435962,0.7131683210660356,0.2298832966430965,1.389392005538916,-1.3630586051058982,-1.679858492542183,0.4424527218819941,-0.4784477860948935
4.662065569771178,-0.4019756846292759,-0.6132456926102503,1.0666449497706887,-0.625991362143208,1.410155034382451,0.5122996350284917,-0.8158086558266102,-1.7405189275975206,-2.6125455971328426,-0.3608664327823789,0.5994645582288338,-1.878105576202,0.7408229027628807,-6.595595064732001,1.8433189946978163,1.0408301991427598,-4.791301677671069,-1.4379020711467385,1.552961319341232,13.3560600131959,-0.5552995511639838,3.039609456872673,-4.94450432128501,5.757971097181732,3.4450156627530153,-1.8329485584356286,-7.135363886760415,0.9293661004454552,-4.101718961337831,5.3127403169441925,-2.813849289954729,0.7029565219846623,4.806511998178862,-0.1047100401720983,-3.1043549330050624,-1.4183490201428106,-1.8031000916641464,8.563690387460621,-1.3630586051058982,4.935131591034237,2.7329644317949513,-3.2710284601503665,1.497531911150513
2.259771267980642,-0.9480510039067612,-0.1060642818561768,0.49742571309862854,-0.9324364848909492,1.0227818410078147,-0.514161118031194,-0.7961967881539745,-1.3447924172132908,-2.511481271852542,-1.1519599805993657,-0.4139932513563602,-1.5073799615220784,-0.980143587245478,-3.2513461188750883,-0.37054849949542756,1.0973158718943812,-3.170593217565074,0.5356734536566512,-0.44374560370522675,6.191126776216931,0.12142048476087039,0.5296656469949895,-2.2776763397328086,1.9662212516726483,1.5190928378725554,-0.6638298758705193,-3.0962229319080885,1.3425954253569214,-2.033014153939032,2.220845807962513,-0.4588777249828686,-0.00814781807201667,2.6549022446339854,-0.6580158353916069,-0.5649306007380634,-0.9200816966308214,-0.9962711248257,1.8992703489621712,-1.679858492542183,2.7329644317949513,2.5967937880833767,-1.202635772836727,0.9053201588584944
-3.279513220732658,-0.14356014424312116,0.5116014934779682,-0.7032132112278566,0.11427857217542033,-0.8203508183784577,-0.7519870882152053,0.34460681551766364,0.9424363403722757,1.1992839535231772,-0.33289993236707416,-0.8598237311206015,0.9934961339230812,-1.2786499833353508,4.607414193373542,-1.9676049160662985,-0.4398302156445164,2.8754902373536937,1.673382736100288,-1.7162490331814564,-9.62985472275222,0.6527356845744038,-2.643405181478968,3.516234576778521,-4.462828838034668,-2.4502760325328192,1.4125732554457988,5.204904911817942,-0.166699642345992,2.8305459363392895,-3.9522520873143265,2.3924175146367204,-0.6761913262171578,-3.226502267725984,-0.27148348358626045,2.7293351234886614,0.8675237125808312,1.2700368294479072,-7.256454490883223,0.4424527218819941,-3.2710284601503665,-1.202635772836727,2.5388100785011485,-0.9437698103065202
1.3869321342513514,-0.17093322652822965,-0.1705676211071019,0.30898546271905125,-0.23964837946101902,0.4522877725828158,0.09807730558812866,-0.2697420794416585,-0.5588602791450986,-0.8744628529495239,-0.189423754701335,0.10618912221533804,-0.6215354551982532,0.11447875006300283,-1.9827581021522207,0.46247644787101844,0.3504397531276374,-1.5139969551872332,-0.3320201047009629,0.38766695026304604,3.9313562276106246,-0.13021162682769463,0.8327764174901224,-1.4723058922319274,1.6652885951239165,1.0212398675953815,-0.5260052027655341,-2.1139945059448224,0.3462056931055743,-1.2451005624322424,1.5607940704518073,-0.77154297334635,0.19265131045415734,1.4551624459964805,-0.07211025846756858,-0.8533859375083795,-0.43691366102973667,-0.5309106657446876,2.3735023478879183,-0.4784477860948935,1.497531911150513,0.9053201588584944,-0.9437698103065202,0.46793131298542134
