V1,V2,V3,V4,V5,V6,V7,V8,V9,V10,V11,V12,V13,V14,V15,V16,V17,V18,V19,V20,V21,V22,V23,V24,V25,V26,V27,V28,V29,V30,V31,V32,V33,V34,V35,V36,V37,V38,V39,V40,V41,V42,V43,V44
4.712464764534583,-5.785244772806279,1.4546975016719783,-0.21597866229154558,-6.658829621697731,4.683135634780849,-6.0214822366835294,-4.499030617185453,-5.857878520376913,-13.377202042657846,-7.04095233019034,-4.846339350197919,-7.251148361644312,-10.204895905250373,-6.173128011334332,-7.930076728273096,5.945689529700536,-10.995513646783039,9.6342482003143175,-8.290286786874477,10.217716456366379,1.840944642653671,-5.577223077494696,-3.685641655654815,-2.125397028393008,1.2354587700762916,0.5391831292115022,-3.299865499795055,8.09721372212345,-3.060171707654976,1.6294805756763793,5.997151956552627,-2.3210503223684875,7.338114224161535,-5.891947642216495,4.267930510887517,-2.7586900687070033,-3.571669405572464,-10.557571534361887,-10.04096332617849,7.024777808562493,11.662215989549146,0.12771334333617337,2.9386304974258355
-5.785244772806279,8.771390825797921,-2.0682359025967982,0.8591526149651123,8.519621888979282,-6.281601502517492,8.90931087747588,5.227023498503337,7.8281035083840385,19.125387087591527,10.717986888991101,6.2775049634831515,9.755161620794738,13.96719335720823,9.666500160408365,12.948752994492223,-9.108398706352009,15.814073919209173,-12.664477595768346,12.428969521254626,-15.728443242593242,-2.6509164581734455,7.186564679234123,4.369690649639851,2.823569225219036,-1.277876499117593,-0.2054315293161911,5.111870749198241,-11.555723481716624,5.769931901724063,-3.8495586695753112,-9.208514569984171,3.02524745298616,-10.760183408111294,6.182845941756112,-6.079558187791353,4.553863360319769,5.355473610326064,15.295438259442596,14.745938911785958,-10.088102244620183,-17.50245299896163,0.654125642360986,-3.8705940014356197
1.4546975016719783,-2.0682359025967982,0.521726806373829,-0.1558294276755563,-2.1140269769651634,1.6044959895643722,-2.0817435019777073,-1.347397104584968,-1.918099951855687,-4.585740153492723,-2.509604926742478,-1.5328449831565678,-2.4101418167095154,-3.3653585284325107,-2.2238523823497167,-2.97186482810354,2.097484975832976,-3.7566722844830056,3.0975578463773483,-2.977278877040928,3.693848718994008,0.6505254924503714,-1.7361491578340664,-1.0760806885505236,-0.6630149254260753,0.3473068837615195,0.10075330792155801,-1.1866079660388584,2.7504678038233026,-1.2914844490450688,0.8454786918880662,2.136052382480817,-0.7608889942355661,2.583510460963024,-1.592789423013718,1.4466187904476446,-1.0026911748078091,-1.2547770968624485,-3.6361355875337353,-3.498975842533651,2.4176249007784865,4.067102191293151,-0.1074229093149029,0.9373166630860448
-0.21597866229154558,0.8591526149651123,-0.1558294276755563,0.2659112674863086,0.5060576892564866,-0.40034567888422234,0.8613831521485875,0.14415534335211483,0.5560533199725378,1.6333877706079485,1.0952422699701032,0.3830666642745711,0.6413817125173322,1.0818855991046334,1.0734478140963473,1.5414588342393507,-0.9017174877534789,1.3926966339823195,-0.8333965425588679,1.20846931783214,-1.6334362695731859,-0.19668848195960442,0.4101264701707126,0.1722006254043027,0.18010012403438475,0.04534790627806156,0.12857769192992424,0.5384689986927963,-0.9839331056186628,0.8331077099698747,-0.7200693200241801,-0.9614333754317659,0.1776704054408914,-0.9885236670394876,-0.055989694517199644,-0.464743705305932,0.5263835682964434,0.5252300778379824,1.3471905914687305,1.3663895473238947,-0.8495249970436385,-1.750922295069824,0.25960872518399264,-0.23365085121756726
-6.658829621697731,8.519621888979282,-2.1140269769651634,0.5060576892564866,9.64034769407237,-6.789524230582993,8.884742387722774,6.397283075028201,8.532527262590204,19.564803589884992,10.42882679313808,6.983977423012165,10.462582618285941,14.894714589312409,9.206418318391236,11.905705970252738,-8.697916556197857,16.113257281738594,-13.964023042024373,12.262088320592191,-15.149369336363465,-2.641981025563623,7.979754106892077,5.263515113465589,3.0348841209947954,-1.6702466368971773,-0.6958292173910599,4.887707160158904,-11.823183232242508,4.688485334655355,-2.680144580369728,-8.876946458222546,3.3486825784928325,-10.799672732138745,8.162792726213928,-6.130922984148758,4.059742189676998,5.265631347816129,15.43686567711573,14.764467617793077,-10.239087218111319,-17.2279299129847,-0.055394391680323854,-4.206381888637253
4.683135634780849,-6.281601502517492,1.6044959895643722,-0.40034567888422234,-6.789524230582993,5.04580462682207,-6.39942257142527,-4.44374833243593,-6.073390665861211,-14.175897964482349,-7.632264485698597,-4.889090599698145,-7.573148562037934,-10.58373195896303,-6.707527930820635,-8.846255617242004,6.3268181897661915,-11.612118474693293,9.860274080737632,-9.083069022343599,11.178331703905572,1.9824579558253945,-5.541255290100318,-3.5488994843405712,-2.094964323418395,1.1622839765794952,0.4314825756764517,-3.583275482802333,8.507431300617819,-3.669541147216403,2.2827662081373847,6.4647381726005495,-2.416993838952931,7.926478593741417,-5.407406459998661,4.443889077446148,-2.949531771840486,-3.828564308817863,-11.184717470885323,-10.744154282463693,7.451216539557657,12.42715077461883,-0.13742965245880712,2.966917947804702
-6.0214822366835294,8.90931087747588,-2.0817435019777073,0.8613831521485875,8.884742387722774,-6.39942257142527,9.145757321999048,5.5081256220680705,8.113643944464435,19.59548482726014,10.926019069778517,6.545811314646401,10.02289853210766,14.461800887539724,9.856802213913676,13.096421593257823,-9.272730440656606,16.241159672596744,-13.170822701635434,12.618282052336479,-15.97175491960911,-2.6721248992603086,7.508905670010646,4.651447272191894,2.9465582366342176,-1.3435835883435219,-0.2691732429623652,5.202642205689223,-11.869243878595446,5.713931406947131,-3.7236104514246335,-9.3889820569405,3.118860281219065,-10.964501662229544,6.665007955311801,-6.208922407659968,4.616665398010728,5.471411227473753,15.65369939734873,15.07393180179657,-10.30867504790558,-17.933801643199637,0.5424976732085971,-4.01945983862593
-4.499030617185453,5.227023498503337,-1.347397104584968,0.14415534335211483,6.397283075028201,-4.44374833243593,5.5081256220680705,4.4193538241546655,5.553589744941001,12.341173589635833,6.372995527545849,4.598798751590648,6.807443518628654,9.582984663931928,5.531163606278223,7.0005004738714725,-5.284124053831744,10.126400944044008,-9.155504811170532,7.574280858777838,-9.210992015556569,-1.667014427380598,5.266235076040084,3.591260763489112,1.9742869268461198,-1.2091002876200099,-0.6159683664489545,2.955356103943024,-7.454790085716455,2.523162695248679,-1.2273485087537033,-5.387508776849387,2.2112136677754397,-6.736179601911077,5.829306408610046,-3.873399190765468,2.3563550281281174,3.241109954182032,9.667020508084365,9.194058129521524,-6.4503189847455085,-10.588542232554937,-0.29278361115158597,-2.751460377379587
-5.857878520376913,7.8281035083840385,-1.918099951855687,0.5560533199725378,8.532527262590204,-6.073390665861211,8.113643944464435,5.553589744941001,7.6356929211591424,17.769784053490362,9.601662897506303,6.216284982647929,9.377715963935291,13.390945251455548,8.531926081926386,11.137109528273276,-8.031540424694999,14.660175844702893,-12.442209981706235,11.232654836129147,-13.979000163742358,-2.414400716621581,7.092069013163349,4.585476653677361,2.7123476306165575,-1.4246600066233641,-0.5205300086082179,4.529026897998177,-10.7447318152386,4.5538521344812315,-2.7462416922472803,-8.19845746368116,2.9785176920088268,-9.855936644850239,6.970158882015481,-5.576605784584606,3.8135517485362076,4.832406678558784,14.06847638452559,13.476785458771353,-9.30283279134662,-15.802288210112412,0.12049986990544438,-3.768322107489221
-13.377202042657846,19.125387087591527,-4.585740153492723,1.6333877706079485,19.564803589884992,-14.175897964482349,19.59548482726014,12.341173589635833,17.769784053490362,42.49426196007599,23.420529232409823,14.366880475282471,21.991346386488676,31.45793630442489,21.002822732614895,27.814137080531204,-19.792837182319467,35.09696230601174,-28.83282762528752,27.251256714004214,-34.25641913086019,-5.843340574208249,16.418859256710782,10.2648723116953,6.371186562357618,-3.0967799547244774,-0.8142576484000557,11.12688607487628,-25.694286399993643,11.965592107936118,-7.654146787804156,-20.095026548383878,6.891911380278367,-23.750435630029294,15.071083107864473,-13.442550353896936,9.68779686314416,11.744218380683172,33.84420437592987,32.50646223649182,-22.333626067102827,-38.389157964320916,0.9352160697708587,-8.788698869600552
-7.04095233019034,10.717986888991101,-2.509604926742478,1.0952422699701032,10.42882679313808,-7.632264485698597,10.926019069778517,6.372995527545849,9.601662897506303,23.420529232409823,13.150836715444546,7.702698412844531,11.897659063994881,17.136724715446867,11.887602690891184,15.902825479553726,-11.152230741608285,19.401659527774164,-15.514807912049603,15.192432860791508,-19.27032827882991,-3.2220697736988235,8.802482926804881,5.359164744882809,3.4550464287595584,-1.5369847671596204,-0.2437867690297172,6.282974578269497,-14.171414848911837,7.08290576997796,-4.735907368061873,-11.312726646527583,3.68783128903223,-13.166173015195387,7.553435695714031,-7.414730394822042,5.580413338445669,6.567478195261491,18.735586235912393,18.05876139527587,-12.323098884936979,-21.489375033073102,0.8009911416647786,-4.748022673761153
-4.846339350197919,6.2775049634831515,-1.5328449831565678,0.3830666642745711,6.983977423012165,-4.889090599698145,6.545811314646401,4.598798751590648,6.216284982647929,14.366880475282471,7.702698412844531,5.108900132474974,7.625483056895284,10.896566357925025,6.834893994010852,8.848601716588382,-6.485786448730957,11.863558855488366,-10.171518434114045,8.979442330439607,-11.180438666372362,-1.946861945558381,5.857425136275877,3.8217188144482273,2.244896492089446,-1.2070186483498677,-0.4709715907053934,3.6329356962009487,-8.711768363515203,3.539456084542896,-2.032000477081449,-6.588926370262676,2.424017149594253,-7.91778580661037,5.9203556761649985,-4.540310697743984,3.072997517562496,3.8901590368012506,11.376596573972648,10.857740353087664,-7.520151244550821,-12.740953650217394,0.0058918516268903365,-3.1000225437522184
-7.251148361644312,9.755161620794738,-2.4101418167095154,0.6413817125173322,10.462582618285941,-7.573148562037934,10.02289853210766,6.807443518628654,9.377715963935291,21.991346386488676,11.897659063994881,7.625483056895284,11.641364039883635,16.458586432669954,10.540652671305883,13.83021067178169,-10.0073874963494,18.10774564988142,-15.285255651027237,13.960496661810453,-17.36275410542548,-3.0433298385149996,8.721483204616783,5.574394313259736,3.3464877428866315,-1.7828007130443906,-0.6161673509322295,5.61576158343632,-13.27886471874087,5.733717770357621,-3.4866361495005247,-10.14648325729828,3.6866074076418713,-12.222419151822722,8.496256336459481,-6.968035183780889,4.7677410258667745,5.9846025769358135,17.429332720005483,16.69605864933206,-11.559042466443518,-19.518948964677385,0.21408465763207746,-4.653324815595991
-10.204895905250373,13.96719335720823,-3.3653585284325107,1.0818855991046334,14.894714589312409,-10.58373195896303,14.461800887539724,9.582984663931928,13.390945251455548,31.45793630442489,17.136724715446867,10.896566357925025,16.458586432669954,23.600136142972914,15.30119929159999,20.04504964811237,-14.419286032738473,25.99917570378449,-21.81839568159302,19.946109190199344,-24.96156534795057,-4.269935746032636,12.466820402312978,7.983326071712089,4.807876997998277,-2.4323616508031947,-0.7943115129938967,8.106160688301763,-19.045544875057434,8.32820037419207,-5.107450331666503,-14.669505428327696,5.196997321311419,-17.46848965912308,11.981162574601228,-9.912185066973281,6.951173226641126,8.61867014146096,24.975235326851784,23.945912172837506,-16.49055528468793,-28.221068967561276,0.3673323820814491,-6.628760400937839
-6.173128011334332,9.666500160408365,-2.2238523823497167,1.0734478140963473,9.206418318391236,-6.707527930820635,9.856802213913676,5.531163606278223,8.531926081926386,21.002822732614895,11.887602690891184,6.834893994010852,10.540652671305883,15.30119929159999,10.818701509002977,14.509998491111308,-10.116214320093745,17.43053779995917,-13.761924699045071,13.667176645820085,-17.4342420091437,-2.8736363908673077,7.815217839489316,4.710043005133512,3.0887942731774394,-1.2964713895985513,-0.13270104640631036,5.698319413030131,-12.724550316084684,6.544257249391104,-4.434944346795648,-10.266422070965326,3.2483037331558817,-11.828111799429356,6.498899386883696,-6.647486674019271,5.127036740165532,5.9332740178919385,16.845287903382562,16.247869728305027,-11.047373098806418,-19.44610783791935,0.8300130149643505,-4.213719950847285
-7.930076728273096,12.948752994492223,-2.97186482810354,1.5414588342393507,11.905705970252738,-8.846255617242004,13.096421593257823,7.0005004738714725,11.137109528273276,27.814137080531204,15.902825479553726,8.848601716588382,13.83021067178169,20.04504964811237,14.509998491111308,19.630701084862608,-13.538361156869353,23.070836352922903,-17.887704105742927,18.297333262388197,-23.397020762994245,-3.8384390833935664,10.093726942113014,5.947124827487616,4.00676438665693,-1.6006864185636338,-0.03095712194179106,7.640830099034032,-16.822135466835544,9.060209507614301,-6.314348081993423,-13.739069020533938,4.237642512837861,-15.760443190230713,7.949974151993062,-8.805033095475864,6.925536232011387,7.913083876408453,22.351799323885693,21.614546607767547,-14.656782211478982,-25.897526136964878,1.3432029523625038,-5.478006108411286
5.945689529700536,-9.108398706352009,2.097484975832976,-0.9017174877534789,-8.697916556197857,6.3268181897661915,-9.272730440656606,-5.284124053831744,-8.031540424694999,-19.792837182319467,-11.152230741608285,-6.485786448730957,-10.0073874963494,-14.419286032738473,-10.116214320093745,-13.538361156869353,9.592732995091346,-16.419734191083062,13.015577406968049,-12.802130699024712,16.34192932497453,2.7424002383007386,-7.474936559179086,-4.500153692586608,-2.971196466712203,1.299276278533323,0.15411412771791702,-5.348098840977231,12.011168202078476,-6.080090810760354,4.026838741739121,9.635201745387302,-3.0765867980683406,11.101720474055792,-6.359515595451887,6.3599628900059955,-4.872619490777082,-5.58021472019512,-15.896009032444779,-15.287397686677172,10.448637021122444,18.278134754458293,-0.7261047316924468,4.0290904023760366
-10.995513646783039,15.814073919209173,-3.7566722844830056,1.3926966339823195,16.113257281738594,-11.612118474693293,16.241159672596744,10.126400944044008,14.660175844702893,35.09696230601174,19.401659527774164,11.863558855488366,18.10774564988142,25.99917570378449,17.43053779995917,23.070836352922903,-16.419734191083062,29.04609529591939,-23.79618598697453,22.477152971829433,-28.341024893181277,-4.809281164205529,13.5780037401055,8.475530921039628,5.285087396838438,-2.5276869844411944,-0.6333507423399856,9.233984002164961,-21.254784472788042,9.944234492714902,-6.36753464722679,-16.65906384129688,5.6619874242735,-19.594165935842884,12.400712812408637,-11.113310478556944,8.072066495502481,9.726446062153158,27.980603198291767,26.876197689159408,-18.43517095704762,-31.831173549715405,0.7945033887346536,-7.277393547979668
9.6342482003143175,-12.664477595768346,3.0975578463773483,-0.8333965425588679,-13.964023042024373,9.860274080737632,-13.170822701635434,-9.155504811170532,-12.442209981706235,-28.83282762528752,-15.514807912049603,-10.171518434114045,-15.285255651027237,-21.81839568159302,-13.761924699045071,-17.887704105742927,13.015577406968049,-23.79618598697453,20.3397280374814,-18.135227727289966,22.55191478272808,3.908919656194934,-11.646742654040283,-7.580768952977134,-4.462927272763144,2.3746910404003065,0.8966213077163021,-7.306605735027391,17.45035482593354,-7.213850738871911,4.240282413810473,13.239916568191996,-4.859693195437576,15.939926234221934,-11.625158148253876,9.082502299647057,-6.170139442409119,-7.822811607314627,-22.820087048123913,-21.839209193476847,15.105583351361899,25.605870220991378,-0.08854144381470036,6.166786452474015
-8.290286786874477,12.428969521254626,-2.977278877040928,1.20846931783214,12.262088320592191,-9.083069022343599,12.618282052336479,7.574280858777838,11.232654836129147,27.251256714004214,15.192432860791508,8.979442330439607,13.960496661810453,19.946109190199344,13.667176645820085,18.297333262388197,-12.802130699024712,22.477152971829433,-18.135227727289966,17.735370751291484,-22.318551512466133,-3.768828802817548,10.216939006184237,6.265522470518585,3.9742031455352813,-1.841564838649447,-0.3655141510569295,7.223568396973986,-16.424108601821107,8.094170519835657,-5.410964580970657,-13.028682396638281,4.357484328116802,-15.358046273906359,8.897942601590305,-8.583282272000236,6.325254303235867,7.5886424086134445,21.731478427272254,20.960853504439953,-14.348167681462481,-24.767025090150337,0.8700053717230876,-5.4935534515328
10.217716456366379,-15.728443242593242,3.693848718994008,-1.6334362695731859,-15.149369336363465,11.178331703905572,-15.97175491960911,-9.210992015556569,-13.979000163742358,-34.25641913086019,-19.27032827882991,-11.180438666372362,-17.36275410542548,-24.96156534795057,-17.4342420091437,-23.397020762994245,16.34192932497453,-28.341024893181277,22.55191478272808,-22.318551512466133,28.29673333621165,4.732597201299286,-12.75948236789187,-7.719692151771351,-5.00940835770776,2.2082843860136605,0.3117281215553028,-9.207991343488507,20.6995939341989,-10.500290757727536,7.090584078549793,16.58436293223816,-5.377455236849064,19.309892775351454,-10.792113781846007,10.841538346873458,-8.194155488558414,-9.618255751690668,-27.41142959195162,-26.43988104357516,18.041134769334423,31.441143627144257,-1.267999534987223,6.884513970976687
1.840944642653671,-2.6509164581734455,0.6505254924503714,-0.19668848195960442,-2.641981025563623,1.9824579558253945,-2.6721248992603086,-1.667014427380598,-2.414400716621581,-5.843340574208249,-3.2220697736988235,-1.946861945558381,-3.0433298385149996,-4.269935746032636,-2.8736363908673077,-3.8384390833935664,2.7424002383007386,-4.809281164205529,3.908919656194934,-3.768828802817548,4.732597201299286,0.8344591930186527,-2.2281234217975405,-1.3577795854174726,-0.8650546473089175,0.4375624781405846,0.10437624707100714,-1.5369566049476278,3.5263328488366112,-1.692321572122602,1.096925955284981,2.7611439937043976,-0.9493302495294451,3.277165841468677,-2.01480973761422,1.878229147292805,-1.3420448920695194,-1.6140704930183358,-4.660493676882705,-4.468705455526833,3.0866630466866285,5.242369595766425,-0.1572258794165356,1.2083919384648718
-5.577223077494696,7.186564679234123,-1.7361491578340664,0.4101264701707126,7.979754106892077,-5.541255290100318,7.508905670010646,5.266235076040084,7.092069013163349,16.418859256710782,8.802482926804881,5.857425136275877,8.721483204616783,12.466820402312978,7.815217839489316,10.093726942113014,-7.474936559179086,13.5780037401055,-11.646742654040283,10.216939006184237,-12.75948236789187,-2.2281234217975405,6.759010291579653,4.407582412539699,2.609707801724217,-1.3990453687748114,-0.5314278943463079,4.155673066267227,-9.976883536555615,4.023285218278202,-2.261890209814106,-7.5382137063802,2.763623942541505,-9.018643724775524,6.861730060601734,-5.2379811565882886,3.569225711928719,4.454163229136503,13.022905269284317,12.414568711257878,-8.611942526114596,-14.606634955595911,-0.01139822613670311,-3.570135155753781
-3.685641655654815,4.369690649639851,-1.0760806885505236,0.1722006254043027,5.263515113465589,-3.5488994843405712,4.651447272191894,3.591260763489112,4.585476653677361,10.2648723116953,5.359164744882809,3.8217188144482273,5.574394313259736,7.983326071712089,4.710043005133512,5.947124827487616,-4.500153692586608,8.475530921039628,-7.580768952977134,6.265522470518585,-7.719692151771351,-1.3577795854174726,4.407582412539699,2.9974073360040303,1.6783971438545415,-0.96492210630294994,-0.4625303034250687,2.4990856183298784,-6.236875861470698,2.1655325708748503,-1.0546694917247112,-4.565577396268945,1.7960923668214923,-5.5800622651661405,4.805045521911205,-3.2378527473885597,2.0709538337436966,2.7291825715561098,8.081149532793606,7.681873310186737,-5.360979802124326,-8.97415673928857,-0.21311596871635435,-2.2915561811905105
-2.125397028393008,2.823569225219036,-0.6630149254260753,0.18010012403438475,3.0348841209947954,-2.094964323418395,2.9465582366342176,1.9742869268461198,2.7123476306165575,6.371186562357618,3.4550464287595584,2.244896492089446,3.3464877428866315,4.807876997998277,3.0887942731774394,4.00676438665693,-2.971196466712203,5.285087396838438,-4.462927272763144,3.9742031455352813,-5.00940835770776,-0.8650546473089175,2.609707801724217,1.6783971438545415,1.0232618853238329,-0.5221566958983151,-0.1688147818424863,1.638496030759942,-3.8817341852204685,1.633969137588886,-0.9363857898598985,-2.970584977444761,1.0498362599267141,-3.4999831140434856,2.5780611098899846,-2.054717924799734,1.4537512209565806,1.7478696261751574,5.077922005266019,4.843931916122785,-3.352349397391066,-5.745654375776924,0.036761645309900295,-1.378509172008601
1.2354587700762916,-1.277876499117593,0.3473068837615195,0.04534790627806156,-1.6702466368971773,1.1622839765794952,-1.3435835883435219,-1.2091002876200099,-1.4246600066233641,-3.0967799547244774,-1.5369847671596204,-1.2070186483498677,-1.7828007130443906,-2.4323616508031947,-1.2964713895985513,-1.6006864185636338,1.299276278533323,-2.5276869844411944,2.3746910404003065,-1.841564838649447,2.2082843860136605,0.4375624781405846,-1.3990453687748114,-0.96492210630294994,-0.5221566958983151,0.3664520077999934,0.2050744379028626,-0.7095382168917875,1.8757561475193298,-0.5204651916867191,0.16842150372503026,1.2917720380362323,-0.5823962057787837,1.6614922967331696,-1.675859334358157,1.007521351274838,-0.5546252332488962,-0.7898546689861612,-2.4180927098028424,-2.268701151269047,1.628037887363352,2.5637160131619,0.1430623342019637,0.7336995419996969
0.5391831292115022,-0.2054315293161911,0.10075330792155801,0.12857769192992424,-0.6958292173910599,0.4314825756764517,-0.2691732429623652,-0.6159683664489545,-0.5205300086082179,-0.8142576484000557,-0.2437867690297172,-0.4709715907053934,-0.6161673509322295,-0.7943115129938967,-0.13270104640631036,-0.03095712194179106,0.15411412771791702,-0.6333507423399856,0.8966213077163021,-0.3655141510569295,0.3117281215553028,0.10437624707100714,-0.5314278943463079,-0.4625303034250687,-0.1688147818424863,0.2050744379028626,0.19816498583871622,-0.08598804590733349,0.48668736623163655,0.2032396945338614,-0.3044877258291544,0.177211742206886,-0.22974393114239333,0.38555792552680423,-0.9493318898054225,0.23968571542056233,0.037859613281971634,-0.14168301029192504,-0.572936827150117,-0.4988733109517818,0.4063103645976351,0.45030830731985516,0.2386497164042271,0.2593231836587616
-3.299865499795055,5.111870749198241,-1.1866079660388584,0.5384689986927963,4.887707160158904,-3.583275482802333,5.202642205689223,2.955356103943024,4.529026897998177,11.12688607487628,6.282974578269497,3.6329356962009487,5.61576158343632,8.106160688301763,5.698319413030131,7.640830099034032,-5.348098840977231,9.233984002164961,-7.306605735027391,7.223568396973986,-9.207991343488507,-1.5369566049476278,4.155673066267227,2.4990856183298784,1.638496030759942,-0.7095382168917875,-0.08598804590733349,3.0164847005573887,-6.743649395324461,3.4451588857000726,-2.3230281199976086,-5.418538177211052,1.7314648450605328,-6.258140371770925,3.493019310902578,-3.536129393038558,2.69760900325598,3.135048768617242,8.921053105026894,8.593829281009619,-5.853497434067349,-10.259835583462358,0.42300248916422767,-2.25315219429132
8.09721372212345,-11.555723481716624,2.7504678038233026,-0.9839331056186628,-11.823183232242508,8.507431300617819,-11.869243878595446,-7.454790085716455,-10.7447318152386,-25.694286399993643,-14.171414848911837,-8.711768363515203,-13.27886471874087,-19.045544875057434,-12.724550316084684,-16.822135466835544,12.011168202078476,-21.254784472788042,17.45035482593354,-16.424108601821107,20.6995939341989,3.5263328488366112,-9.976883536555615,-6.236875861470698,-3.8817341852204685,1.8757561475193298,0.48668736623163655,-6.743649395324461,15.56440728227902,-7.2282938171831095,4.593671508817158,12.174753395320199,-4.154000567238035,14.331695356563937,-9.179892998508114,8.150420111000058,-5.8981545070227535,-7.1105484076272845,-20.48317629025687,-19.654811427798013,13.498832294975445,23.265099597807357,-0.5507240296396361,5.342879914958213
-3.060171707654976,5.769931901724063,-1.2914844490450688,0.8331077099698747,4.688485334655355,-3.669541147216403,5.713931406947131,2.523162695248679,4.5538521344812315,11.965592107936118,7.08290576997796,3.539456084542896,5.733717770357621,8.32820037419207,6.544257249391104,9.060209507614301,-6.080090810760354,9.944234492714902,-7.213850738871911,8.094170519835657,-10.500290757727536,-1.692321572122602,4.023285218278202,2.1655325708748503,1.633969137588886,-0.5204651916867191,0.2032396945338614,3.4451588857000726,-7.2282938171831095,4.470303378021047,-3.324353644779286,-6.152921655733181,1.711313153545562,-6.88761403161035,2.5366266205019268,-3.8154572666389126,3.2239773001543544,3.495890225544235,9.703402916071292,9.435637394532074,-6.334375150110453,-11.411521817668206,0.919603649516884,-2.238345249063918
1.6294805756763793,-3.8495586695753112,0.8454786918880662,-0.7200693200241801,-2.680144580369728,2.2827662081373847,-3.7236104514246335,-1.2273485087537033,-2.7462416922472803,-7.654146787804156,-4.735907368061873,-2.032000477081449,-3.4866361495005247,-5.107450331666503,-4.434944346795648,-6.314348081993423,4.026838741739121,-6.36753464722679,4.240282413810473,-5.410964580970657,7.090584078549793,1.096925955284981,-2.261890209814106,-1.0546694917247112,-0.9363857898598985,0.16842150372503026,-0.3044877258291544,-2.3230281199976086,4.593671508817158,-3.324353644779286,2.668649154646672,4.118455468048476,-1.013039437713523,4.520665226699366,-0.8200804768165134,2.4016630943570574,-2.2011387032572776,-2.306922353280909,-6.249271942566013,-6.1560273702300865,4.059545578975473,7.505141591794499,-0.8722870459977659,1.304419958098093
5.997151956552627,-9.208514569984171,2.136052382480817,-0.9614333754317659,-8.876946458222546,6.4647381726005495,-9.3889820569405,-5.387508776849387,-8.19845746368116,-20.095026548383878,-11.312726646527583,-6.588926370262676,-10.14648325729828,-14.669505428327696,-10.266422070965326,-13.739069020533938,9.635201745387302,-16.65906384129688,13.239916568191996,-13.028682396638281,16.58436293223816,2.7611439937043976,-7.5382137063802,-4.565577396268945,-2.970584977444761,1.2917720380362323,0.177211742206886,-5.418538177211052,12.174753395320199,-6.152921655733181,4.118455468048476,9.765913788990712,-3.1342685696468235,11.29644040097899,-6.404460481894306,6.376374968837533,-4.857101998479809,-5.652777542108352,-16.103686356681138,-15.506507808649667,10.572150978571313,18.511913486055462,-0.7295585597346326,4.062683716581255
-2.3210503223684875,3.02524745298616,-0.7608889942355661,0.1776704054408914,3.3486825784928325,-2.416993838952931,3.118860281219065,2.2112136677754397,2.9785176920088268,6.891911380278367,3.68783128903223,2.424017149594253,3.6866074076418713,5.196997321311419,3.2483037331558817,4.237642512837861,-3.0765867980683406,5.6619874242735,-4.859693195437576,4.357484328116802,-5.377455236849064,-0.9493302495294451,2.763623942541505,1.7960923668214923,1.0498362599267141,-0.5823962057787837,-0.22974393114239333,1.7314648450605328,-4.154000567238035,1.711313153545562,-1.013039437713523,-3.1342685696468235,1.1773894104240643,-3.8237009151186085,2.774479946583143,-2.168224987199617,1.4375045269169404,1.857553828997426,5.440755501550491,5.2090734336493245,-3.6163241009475775,-6.05402738786226,0.018828313049465452,-1.4677929651431516
7.338114224161535,-10.760183408111294,2.583510460963024,-0.9885236670394876,-10.799672732138745,7.926478593741417,-10.964501662229544,-6.736179601911077,-9.855936644850239,-23.750435630029294,-13.166173015195387,-7.91778580661037,-12.222419151822722,-17.46848965912308,-11.828111799429356,-15.760443190230713,11.101720474055792,-19.594165935842884,15.939926234221934,-15.358046273906359,19.309892775351454,3.277165841468677,-9.018643724775524,-5.5800622651661405,-3.4999831140434856,1.6614922967331696,0.38555792552680423,-6.258140371770925,14.331695356563937,-6.88761403161035,4.520665226699366,11.29644040097899,-3.8237009151186085,13.339766777956424,-8.051963392722838,7.488300055444202,-5.456661983208315,-6.58773434322186,-18.925664093155802,-18.216699343339865,12.491142955873327,21.51028070112616,-0.6524467671256429,4.839617702074221
-5.891947642216495,6.182845941756112,-1.592789423013718,-0.055989694517199644,8.162792726213928,-5.407406459998661,6.665007955311801,5.829306408610046,6.970158882015481,15.071083107864473,7.553435695714031,5.9203556761649985,8.496256336459481,11.981162574601228,6.498899386883696,7.949974151993062,-6.359515595451887,12.400712812408637,-11.625158148253876,8.897942601590305,-10.792113781846007,-2.01480973761422,6.861730060601734,4.805045521911205,2.5780611098899846,-1.675859334358157,-0.9493318898054225,3.493019310902578,-9.179892998508114,2.5366266205019268,-0.8200804768165134,-6.404460481894306,2.774479946583143,-8.051963392722838,8.149222752652417,-4.813506906173777,2.7768693760331153,3.8879142667066557,11.787248249791885,11.081602982287277,-7.861385051510978,-12.757144130097904,-0.705860254412455,-3.549664373905871
4.267930510887517,-6.079558187791353,1.4466187904476446,-0.464743705305932,-6.130922984148758,4.443889077446148,-6.208922407659968,-3.873399190765468,-5.576605784584606,-13.442550353896936,-7.414730394822042,-4.540310697743984,-6.968035183780889,-9.912185066973281,-6.647486674019271,-8.805033095475864,6.3599628900059955,-11.113310478556944,9.082502299647057,-8.583282272000236,10.841538346873458,1.878229147292805,-5.2379811565882886,-3.2378527473885597,-2.054717924799734,1.007521351274838,0.23968571542056233,-3.536129393038558,8.150420111000058,-3.8154572666389126,2.4016630943570574,6.376374968837533,-2.168224987199617,7.488300055444202,-4.813506906173777,4.334238420147771,-3.147678817499057,-3.7261702888111774,-10.741726921215685,-10.28780892819891,7.095058693943865,12.173574425541696,-0.307022436471909,2.811399087856392
-2.7586900687070033,4.553863360319769,-1.0026911748078091,0.5263835682964434,4.059742189676998,-2.949531771840486,4.616665398010728,2.3563550281281174,3.8135517485362076,9.68779686314416,5.580413338445669,3.072997517562496,4.7677410258667745,6.951173226641126,5.127036740165532,6.925536232011387,-4.872619490777082,8.072066495502481,-6.170139442409119,6.325254303235867,-8.194155488558414,-1.3420448920695194,3.569225711928719,2.0709538337436966,1.4537512209565806,-0.5546252332488962,0.037859613281971634,2.69760900325598,-5.8981545070227535,3.2239773001543544,-2.2011387032572776,-4.857101998479809,1.4375045269169404,-5.456661983208315,2.7768693760331153,-3.147678817499057,2.561698429549756,2.78692165465035,7.842911622731171,7.557616062813264,-5.13270460490794,-9.15629986696516,0.4999357950567681,-1.9300015364481056
-3.571669405572464,5.355473610326064,-1.2547770968624485,0.5252300778379824,5.265631347816129,-3.828564308817863,5.471411227473753,3.241109954182032,4.832406678558784,11.744218380683172,6.567478195261491,3.8901590368012506,5.9846025769358135,8.61867014146096,5.9332740178919385,7.913083876408453,-5.58021472019512,9.726446062153158,-7.822811607314627,7.5886424086134445,-9.618255751690668,-1.6140704930183358,4.454163229136503,2.7291825715561098,1.7478696261751574,-0.7898546689861612,-0.14168301029192504,3.135048768617242,-7.1105484076272845,3.495890225544235,-2.306922353280909,-5.652777542108352,1.857553828997426,-6.58773434322186,3.8879142667066557,-3.7261702888111774,2.78692165465035,3.2858730340512325,9.391370603375025,9.0404621628071,-6.180253633940866,-10.754448998131055,0.36810521799987145,-2.3942427800657877
-10.557571534361887,15.295438259442596,-3.6361355875337353,1.3471905914687305,15.43686567711573,-11.184717470885323,15.65369939734873,9.667020508084365,14.06847638452559,33.84420437592987,18.735586235912393,11.376596573972648,17.429332720005483,24.975235326851784,16.845287903382562,22.351799323885693,-15.896009032444779,27.980603198291767,-22.820087048123913,21.731478427272254,-27.41142959195162,-4.660493676882705,13.022905269284317,8.081149532793606,5.077922005266019,-2.4180927098028424,-0.572936827150117,8.921053105026894,-20.48317629025687,9.703402916071292,-6.249271942566013,-16.103686356681138,5.440755501550491,-18.925664093155802,11.787248249791885,-10.741726921215685,7.842911622731171,9.391370603375025,27.003565154706518,25.936427046687175,-17.80025358449521,-30.71355338524731,0.8425731545825178,-6.9814603329597995
-10.04096332617849,14.745938911785958,-3.498975842533651,1.3663895473238947,14.764467617793077,-10.744154282463693,15.07393180179657,9.194058129521524,13.476785458771353,32.50646223649182,18.05876139527587,10.857740353087664,16.69605864933206,23.945912172837506,16.247869728305027,21.614546607767547,-15.287397686677172,26.876197689159408,-21.839209193476847,20.960853504439953,-26.43988104357516,-4.468705455526833,12.414568711257878,7.681873310186737,4.843931916122785,-2.268701151269047,-0.4988733109517818,8.593829281009619,-19.654811427798013,9.435637394532074,-6.1560273702300865,-15.506507808649667,5.2090734336493245,-18.216699343339865,11.081602982287277,-10.28780892819891,7.557616062813264,9.0404621628071,25.936427046687175,24.95828348099385,-17.101038231913442,-29.567672349156382,0.8846325311754005,-6.658657448549909
7.024777808562493,-10.088102244620183,2.4176249007784865,-0.8495249970436385,-10.239087218111319,7.451216539557657,-10.30867504790558,-6.4503189847455085,-9.30283279134662,-22.333626067102827,-12.323098884936979,-7.520151244550821,-11.559042466443518,-16.49055528468793,-11.047373098806418,-14.656782211478982,10.448637021122444,-18.43517095704762,15.105583351361899,-14.348167681462481,18.041134769334423,3.0866630466866285,-8.611942526114596,-5.360979802124326,-3.352349397391066,1.628037887363352,0.4063103645976351,-5.853497434067349,13.498832294975445,-6.334375150110453,4.059545578975473,10.572150978571313,-3.6163241009475775,12.491142955873327,-7.861385051510978,7.095058693943865,-5.13270460490794,-6.180253633940866,-17.80025358449521,-17.101038231913442,11.761181182469024,20.192351201921273,-0.5227845569349457,4.609286220978006
11.662215989549146,-17.50245299896163,4.067102191293151,-1.750922295069824,-17.2279299129847,12.42715077461883,-17.933801643199637,-10.588542232554937,-15.802288210112412,-38.389157964320916,-21.489375033073102,-12.740953650217394,-19.518948964677385,-28.221068967561276,-19.44610783791935,-25.897526136964878,18.278134754458293,-31.831173549715405,25.605870220991378,-24.767025090150337,31.441143627144257,5.242369595766425,-14.606634955595911,-8.97415673928857,-5.745654375776924,2.5637160131619,0.45030830731985516,-10.259835583462358,23.265099597807357,-11.411521817668206,7.505141591794499,18.511913486055462,-6.05402738786226,21.51028070112616,-12.757144130097904,12.173574425541696,-9.15629986696516,-10.754448998131055,-30.71355338524731,-29.567672349156382,20.192351201921273,35.2533281223916,-1.1889390345328101,7.834497982282622
0.12771334333617337,0.654125642360986,-0.1074229093149029,0.25960872518399264,-0.055394391680323854,-0.13742965245880712,0.5424976732085971,-0.29278361115158597,0.12049986990544438,0.9352160697708587,0.8009911416647786,0.0058918516268903365,0.21408465763207746,0.3673323820814491,0.8300130149643505,1.3432029523625038,-0.7261047316924468,0.7945033887346536,-0.08854144381470036,0.8700053717230876,-1.267999534987223,-0.1572258794165356,-0.01139822613670311,-0.21311596871635435,0.036761645309900295,0.1430623342019637,0.2386497164042271,0.42300248916422767,-0.5507240296396361,0.919603649516884,-0.8722870459977659,-0.7295585597346326,0.018828313049465452,-0.6524467671256429,-0.705860254412455,-0.307022436471909,0.4999357950567681,0.36810521799987145,0.8425731545825178,0.8846325311754005,-0.5227845569349457,-1.1889390345328101,0.41720282851712726,-0.03912228466743667
2.9386304974258355,-3.8705940014356197,0.9373166630860448,-0.23365085121756726,-4.206381888637253,2.966917947804702,-4.01945983862593,-2.751460377379587,-3.768322107489221,-8.788698869600552,-4.748022673761153,-3.1000225437522184,-4.653324815595991,-6.628760400937839,-4.213719950847285,-5.478006108411286,4.0290904023760366,-7.277393547979668,6.166786452474015,-5.4935534515328,6.884513970976687,1.2083919384648718,-3.570135155753781,-2.2915561811905105,-1.378509172008601,0.7336995419996969,0.2593231836587616,-2.25315219429132,5.342879914958213,-2.238345249063918,1.304419958098093,4.062683716581255,-1.4677929651431516,4.839617702074221,-3.549664373905871,2.811399087856392,-1.9300015364481056,-2.3942427800657877,-6.9814603329597995,-6.658657448549909,4.609286220978006,7.834497982282622,-0.03912228466743667,1.9097315190066992
