V1,V2,V3,V4,V5,V6,V7,V8,V9,V10,V11,V12,V13,V14,V15,V16,V17,V18,V19,V20,V21,V22,V23,V24,V25,V26,V27,V28,V29,V30,V31,V32,V33,V34,V35,V36,V37,V38,V39,V40,V41,V42,V43,V44
1.499755544972985,-0.537054639158265,0.25740575107745745,0.4093394486277721,-1.8426712425141827,1.1218244368278023,-0.7049269012589265,-1.6716337963643475,-1.3470819208242457,-2.101970885946557,-0.5877060164803302,-1.2538996055875977,-1.653386360679951,-2.0758316647461905,-0.2778633952278559,0.037257641272120216,0.4377288976709354,-1.6303442331245641,2.3848531430005564,-0.8904996376300046,0.733302838304228,0.2860991980201225,-1.4719408178552777,-1.2704965928465115,-0.4919240949914287,0.5871792386692324,0.5314155596365555,-0.19375733231822279,1.2676770712038592,0.6195665299480323,-0.9269320482217956,0.4150630067258991,-0.6098076887144098,0.9587789727733227,-2.657840629876662,0.6890933213905954,0.06680772356117408,-0.3597631862695106,-1.4880071788458689,-1.2779152409336825,1.0851850438774948,1.1429311060946334,0.6720020422546525,0.7083948537223156
-0.537054639158265,1.3422509513487875,-0.2830486476933848,0.23554050201783866,0.8424783427991771,-0.7405044695686875,1.275965780327866,0.36368005326387787,0.8625874669321921,2.5479251083397383,1.6030902451489786,0.638032199064368,1.1552753618084792,1.6552679150497345,1.4998979359320002,2.162898761961067,-1.4212872159332526,2.111637059578586,-1.3600779853205731,1.8350566455537753,-2.4162778639993494,-0.3760902398771241,0.7455804497242238,0.32511646704152325,0.3317206183520737,-0.05405592072639297,0.13697565244418347,0.7793533772759124,-1.5243455802309336,1.1591106703851821,-0.9210361904256835,-1.3905449263904177,0.3268739970450761,-1.51181928913654,0.20779789209135957,-0.8426976228636219,0.8096225150465904,0.7834459305407917,2.1023999487128013,2.0844468502117093,-1.3892421662527143,-2.5562131920830518,0.3293193385801653,-0.4189811290231399
0.25740575107745745,-0.2830486476933848,0.09150351860723703,0.02832341611588985,-0.31482691783402267,0.27667105461246516,-0.2597886353468342,-0.2303629655368416,-0.2792496328703464,-0.6539689268407592,-0.3234455038043082,-0.23030140907611737,-0.3898857894258061,-0.46648170269126576,-0.26172201164756814,-0.3499940857374253,0.28102976010234093,-0.5158380285831824,0.45316565365247574,-0.41163848441934053,0.4844606985381559,0.11607281894094455,-0.2629730308139867,-0.1561919087473611,-0.09518160440756882,0.08407399460294815,0.039705962332048844,-0.15362455087186833,0.3871288431283143,-0.1488032521160849,0.0768384766883459,0.270069202018636,-0.12514466898429358,0.3643355649735335,-0.29679543658625,0.22864008674448846,-0.11628965142924882,-0.16395773114544787,-0.5131270272762212,-0.475920726252037,0.35319115401536766,0.5039173043690586,0.0052662746026138985,0.14946596151408337
0.4093394486277721,0.23554050201783866,0.02832341611588985,0.2933151528777008,-0.35679251490948677,0.22275702290152058,0.2110766751977128,-0.4916326057795367,-0.17504160378703548,0.0906980866198079,0.34819189931805045,-0.22179455143283824,-0.2658364094286083,-0.14002473881981709,0.45725590399030264,0.7799956210417925,-0.304089599280906,0.14929530331720206,0.37211084989809506,0.2755124510470365,-0.54982715128831,0.022278504153853795,-0.2742408351000612,-0.3131130030313717,-0.06447275132823001,0.23253402250070987,0.24726157173768054,0.20069919655180887,-0.062071067865116854,0.6024956418936915,-0.6461463078696017,-0.34592970194388495,-0.12724581600046095,-0.1507091816676496,-0.9021201435935395,0.016407852127033884,0.29671534602349015,0.14146046355934067,0.16169269411150294,0.24715349691590088,-0.04326335924957622,-0.5208937052783144,0.3437763477478327,0.12443854020805765
-1.8426712425141827,0.8424783427991771,-0.31482691783402267,-0.35679251490948677,2.4347335299335495,-1.3964975820733694,1.1297371472041038,2.091799484178516,1.8295970368318768,2.9775959025431296,1.0186562980978713,1.664347780669628,2.1256546947760593,2.899397344944243,0.6687419119555249,0.37176289437287496,-0.7353446731793034,2.390234538020856,-3.1969055283975765,1.3601192230871744,-1.2989439346252465,-0.3417192139497296,1.930716213847011,1.662890436198123,0.6565787872523655,-0.665741333996448,-0.6130678658735331,0.38169422404072473,-1.813313347471819,-0.583633413552943,0.9738484081463832,-0.7764197579167957,0.7758237688461742,-1.4020390668301805,3.261926270175594,-0.897371834754641,0.04266245589926365,0.5816162878870378,2.148857213584918,1.917079432101047,-1.5013352113455254,-1.9317078467832727,-0.7841511286347979,-0.9242036050224837
1.1218244368278023,-0.7405044695686875,0.27667105461246516,0.22275702290152058,-1.3964975820733694,1.003841024976183,-0.7832519812025981,-1.1632054812797274,-1.111601370154255,-2.105856483194188,-0.8481291132747995,-0.9763562675277835,-1.4381229199585757,-1.7742108375885848,-0.5911699706557024,-0.6061326593282501,0.6835837301788257,-1.6604972525458834,1.8895387018373022,-1.1293330524741692,1.1888727465320366,0.32975488022876737,-1.1260651712633083,-0.8494141143833187,-0.3855502277500123,0.4100596523216758,0.31046280736806064,-0.36580631146464704,1.2589267456753337,0.0155621831002469,-0.2720074394745379,0.6653548265682131,-0.4972294237214257,1.0761843376583087,-1.7145712543781804,0.7039993654484245,-0.1636244447090175,-0.4526923760691583,-1.5753330243107462,-1.421912988088077,1.1066109926191303,1.4113543233883135,0.31582285082531925,0.5913638226039089
-0.7049269012589265,1.275965780327866,-0.2597886353468342,0.2110766751977128,1.1297371472041038,-0.7832519812025981,1.3272965656006825,0.6318583461936437,1.0473683126888562,2.650296168799787,1.5649066644260083,0.8235041918814051,1.2722464580406587,1.9369492600628904,1.4525979275870131,1.9625379069959852,-1.3369668626643296,2.225575412681489,-1.7102428336302735,1.77006768198657,-2.290134620962112,-0.3331132231081113,0.9613063124344807,0.5834391840822998,0.39988837078967593,-0.11276257327882237,0.03975621253058353,0.7404221342033879,-1.6060448509284666,0.8956948856525082,-0.6390737916812254,-1.345565486751256,0.3851927384101751,-1.5029322469408546,0.6844525178969447,-0.8269854339344115,0.7173974643379596,0.7784495148634519,2.1390531302466766,2.107970258054966,-1.405158125025755,-2.5939032376734157,0.15045546325095055,-0.49945875799125616
-1.6716337963643475,0.36368005326387787,-0.2303629655368416,-0.4916326057795367,2.091799484178516,-1.1632054812797274,0.6318583461936437,1.9573048926515513,1.4795575006438084,2.0172122524091805,0.39993473764003074,1.4014923530743202,1.7294618208748758,2.2295408229274503,0.06734620533509038,-0.46434510568051957,-0.22031772643840788,1.568116736009174,-2.6547596412274936,0.6900829252652804,-0.39402740316682416,-0.23299296365623243,1.6422259399563115,1.512272539813886,0.5338992219160473,-0.6705811247782433,-0.6627566551903199,0.0795119100846937,-1.2274978118004434,-1.0068562507961225,1.3170088961750006,-0.2302594890093158,0.6633911685799931,-0.8394819244149426,3.177272924585843,-0.6222009580866865,-0.2514198997033456,0.2828644964890984,1.3593300055570998,1.130156052450283,-1.0066530156482607,-0.9230963198967953,-0.8948977537128401,-0.7659060908816739
-1.3470819208242457,0.8625874669321921,-0.2792496328703464,-0.17504160378703548,1.8295970368318768,-1.111601370154255,1.0473683126888562,1.4795575006438084,1.459665482754525,2.6273564089815973,1.0814313273488445,1.2868372719173584,1.6978021676689485,2.362078638076005,0.8293073626310268,0.7882531677894372,-0.8163544206616197,2.1438244985827324,-2.47526110790915,1.3399209193809156,-1.4582678763856047,-0.3249951822684225,1.4685945900433977,1.1789392334396562,0.5046783810747135,-0.4532005890446553,-0.3863458075492131,0.46626438848815294,-1.6074832093755167,-0.08938130231455764,0.4008232208350344,-0.8755537553758399,0.5974962351675548,-1.3085447531869872,2.231091007933846,-0.7927439270631821,0.19753630231943267,0.5816476685277344,1.958303505193966,1.7800131055308355,-1.3210913303139533,-1.9070456698443325,-0.4471500631776739,-0.7404246822974205
-2.101970885946557,2.5479251083397383,-0.6539689268407592,0.0906980866198079,2.9775959025431296,-2.105856483194188,2.650296168799787,2.0172122524091805,2.6273564089815973,5.960638860104389,3.1201396780068453,2.171028947239893,3.235919857715825,4.549185715113696,2.73319194122915,3.5049540343120547,-2.608839900023452,4.89288311374141,-4.296857089884594,3.6843254709770235,-4.5280301438788975,-0.8226837059948221,2.475167337540634,1.637227869857138,0.92960883533178,-0.5541159837140563,-0.25958966622099805,1.466885153764264,-3.606043690031251,1.35004418460026,-0.7221942889820365,-2.6623519283880097,1.0395896569560674,-3.2722842587637975,2.638373583578476,-1.8833261420820853,1.1889870795760984,1.5809426178852999,4.694249078795178,4.452112259964262,-3.1130206171284334,-5.14857791995646,-0.06737815831628402,-1.312855822413922
-0.5877060164803302,1.6030902451489786,-0.3234455038043082,0.34819189931805045,1.0186562980978713,-0.8481291132747995,1.5649066644260083,0.39993473764003074,1.0814313273488445,3.1201396780068453,1.9993550436424947,0.7984143176730545,1.354992601534882,2.0607125437407663,1.8978116236387028,2.7107883487615205,-1.71726812519886,2.6333809999594346,-1.661163113379538,2.21447645908543,-2.971344277744657,-0.4339166757548325,0.894144411658569,0.38604620157777136,0.3852320321794903,-0.028224653343689846,0.172154392568582,0.9909337835529827,-1.8913754630410606,1.4559968704645536,-1.1825659421170822,-1.749315281542019,0.37976729912187895,-1.8434148186664219,0.2003724275800219,-0.9800891245876364,0.9724639648412838,0.9668716661517062,2.5762526165029183,2.546578022073251,-1.6499624443741165,-3.176995332399843,0.40835127144177574,-0.5269727787835121
-1.2538996055875977,0.638032199064368,-0.23030140907611737,-0.22179455143283824,1.664347780669628,-0.9763562675277835,0.8235041918814051,1.4014923530743202,1.2868372719173584,2.171028947239893,0.7984143176730545,1.1628711803996645,1.4916529627783401,2.046532948469545,0.5620943326905413,0.4123189594296414,-0.5857035703728656,1.7582170736028975,-2.212325469737467,1.0208580516338837,-1.0365716392868403,-0.2606601130708636,1.3320696967254657,1.1118378185466586,0.4501228804505565,-0.4462354498950874,-0.404244965082552,0.32605479009492966,-1.330777691036381,-0.2845513335588833,0.5616900060125719,-0.6308947717998841,0.5362415001744042,-1.0410162129820446,2.17812038580098,-0.6544042729065209,0.07471315600633659,0.4426269736747777,1.589256782317558,1.41518038335772,-1.0841204248230092,-1.45733535694157,-0.49511953247723506,-0.6602074905625794
-1.653386360679951,1.1552753618084792,-0.3898857894258061,-0.2658364094286083,2.1256546947760593,-1.4381229199585757,1.2722464580406587,1.7294618208748758,1.6978021676689485,3.235919857715825,1.354992601534882,1.4916529627783401,2.130307830031735,2.757415069006802,1.0056856202869748,1.0448810089612464,-1.097885822783891,2.5907489303943385,-2.895039528534453,1.7367764981414942,-1.8855184033084829,-0.4663297923850697,1.7300017587899763,1.3197396672310326,0.6070918739685165,-0.5774859355511301,-0.43545849347572557,0.5868254966997299,-1.9510024915784006,0.022752882658547288,0.3725157525787407,-1.0840232063971385,0.7334250410917792,-1.6489569298607483,2.55973244075094,-1.0576086896278736,0.3126727789184517,0.7223334720062778,2.4371576152249292,2.2214740464278284,-1.6889943393428641,-2.3104317930184215,-0.46002319004710446,-0.8888500846043341
-2.0758316647461905,1.6552679150497345,-0.46648170269126576,-0.14002473881981709,2.899397344944243,-1.7742108375885848,1.9369492600628904,2.2295408229274503,2.362078638076005,4.549185715113696,2.0607125437407663,2.046532948469545,2.757415069006802,3.9306374664297317,1.687519541404161,1.8265440965339401,-1.62191333474588,3.740305092259127,-3.9918854099734427,2.4817824472915624,-2.846490435829862,-0.5530332651670998,2.3509687339584726,1.8232146896245927,0.8398102426157089,-0.6439390194261148,-0.4965625271593081,0.9095547123497262,-2.7782496646876615,0.219555644186886,0.29929775539702036,-1.7013320138454855,0.9461270735987267,-2.3344999376691327,3.2631630948565515,-1.3800001196752893,0.556369826718519,1.0854915068311273,3.455993934763658,3.211825075954153,-2.317849638471718,-3.5910556386886636,-0.5436812615952442,-1.1803127945017677
-0.2778633952278559,1.4998979359320002,-0.26172201164756814,0.45725590399030264,0.6687419119555249,-0.5911699706557024,1.4525979275870131,0.06734620533509038,0.8293073626310268,2.73319194122915,1.8978116236387028,0.5620943326905413,1.0056856202869748,1.687519541404161,1.8927385615951433,2.765860658146629,-1.6437129761214577,2.338672774645109,-1.2112735204943625,2.05313586150009,-2.8584988001858807,-0.36300775287338777,0.6162623490325255,0.1584041635342172,0.29490935646266775,0.10939071699173257,0.28538667676722895,0.960855754473333,-1.660340780084655,1.5902229952736089,-1.3750178863451632,-1.7011571710630622,0.2520179225853934,-1.6702581927930595,-0.32476510718778645,-0.8368033461020428,1.003119186090766,0.9102976770250137,2.3058099364226288,2.3171539733638316,-1.4413969351674705,-3.0150861013536527,0.5456623638905318,-0.3738473302344019
0.037257641272120216,2.162898761961067,-0.3499940857374253,0.7799956210417925,0.37176289437287496,-0.6061326593282501,1.9625379069959852,-0.46434510568051957,0.7882531677894372,3.5049540343120547,2.7107883487615205,0.4123189594296414,1.0448810089612464,1.8265440965339401,2.765860658146629,4.248938851982597,-2.40640870097934,3.0126163989354753,-1.0068702171821438,2.900512796107697,-4.16794518941002,-0.5086674881714871,0.42698458684950247,-0.23802614587253498,0.2803801404074105,0.330706916461988,0.615585352412676,1.404770058433107,-2.114154950141057,2.6841146750395075,-2.446086541849561,-2.452887713011462,0.19884970752710687,-2.268673089566765,-1.4226413025205047,-1.1048856685782822,1.5751445862420672,1.2727223213704293,3.0565702020931798,3.1364498307318387,-1.891496819419905,-4.184135565093257,1.090575854979348,-0.3370005741268471
0.4377288976709354,-1.4212872159332526,0.28102976010234093,-0.304089599280906,-0.7353446731793034,0.6835837301788257,-1.3369668626643296,-0.22031772643840788,-0.8163544206616197,-2.608839900023452,-1.71726812519886,-0.5857035703728656,-1.097885822783891,-1.62191333474588,-1.6437129761214577,-2.40640870097934,1.5381771755437046,-2.1796461726382272,1.2550786632178619,-1.9254221215796883,2.5979994800230988,0.3854830209667221,-0.6808104867458991,-0.22971971607877822,-0.3183205567008577,-0.0025118848028834414,-0.20582642777727939,-0.8500708676963977,1.5679164099560297,-1.3537306846351453,1.114787634461983,1.5111339545298101,-0.293096874565938,1.571987040179445,0.03416864560457722,0.8645321551266624,-0.9114521166945188,-0.8323697748262681,-2.1839112328439674,-2.1733896758712605,1.4215877464228839,2.7225541538422533,-0.433672158170454,0.39757733666220396
-1.6303442331245641,2.111637059578586,-0.5158380285831824,0.14929530331720206,2.390234538020856,-1.6604972525458834,2.225575412681489,1.568116736009174,2.1438244985827324,4.89288311374141,2.6333809999594346,1.7582170736028975,2.5907489303943385,3.740305092259127,2.338672774645109,3.0126163989354753,-2.1796461726382272,4.069275797215512,-3.48768618221112,3.033227552377361,-3.7941930613659376,-0.6545707572457411,1.9966588576291593,1.305355569279242,0.7550017439283954,-0.40358461668325285,-0.1685859482559556,1.2533211521642458,-2.979516915425292,1.2030834642637096,-0.7020870664503953,-2.249744887074367,0.8243966018314475,-2.6865065280878215,2.0214097506292967,-1.5220825999340994,1.0156795271773023,1.3232001185369273,3.8684232746901617,3.688575205158132,-2.533039995067937,-4.338472984465404,-0.010760728901524286,-1.075554527045429
2.3848531430005564,-1.3600779853205731,0.45316565365247574,0.37211084989809506,-3.1969055283975765,1.8895387018373022,-1.7102428336302735,-2.6547596412274936,-2.47526110790915,-4.296857089884594,-1.661163113379538,-2.212325469737467,-2.895039528534453,-3.9918854099734427,-1.2112735204943625,-1.0068702171821438,1.2550786632178619,-3.48768618221112,4.277336351464205,-2.112061806644955,2.199577816083849,0.5139802584444636,-2.564220347166172,-2.123567738116417,-0.8886372897136199,0.8263983793305261,0.7168422622674222,-0.6783008965049911,2.6221478829436666,0.4171434767458431,-0.9529622019466765,1.3104641650173743,-1.031693626537193,2.091878617773975,-4.0607109923696205,1.311340096104388,-0.24791037744162098,-0.914091789257439,-3.167323282161778,-2.87296339837924,2.179065543695191,3.0224150232091613,0.8841273112052528,1.2549901842428255
-0.8904996376300046,1.8350566455537753,-0.41163848441934053,0.2755124510470365,1.3601192230871744,-1.1293330524741692,1.77006768198657,0.6900829252652804,1.3399209193809156,3.6843254709770235,2.21447645908543,1.0208580516338837,1.7367764981414942,2.4817824472915624,2.05313586150009,2.900512796107697,-1.9254221215796883,3.033227552377361,-2.112061806644955,2.569297497906232,-3.3259393427491784,-0.5356871812686763,1.1635155445881948,0.5840654765884732,0.484431444555239,-0.13438700011229893,0.10548205313437795,1.0719978460235515,-2.2054527222500706,1.483122055275165,-1.1358862649876327,-1.9258329764815947,0.5123909980984436,-2.157107998001949,0.5952116415051,-1.188497641641886,1.0466005486524408,1.090805692514116,3.0017984208419564,2.937681157430281,-1.977782813918361,-3.5464908868881615,0.3590994647502183,-0.6435917009558295
0.733302838304228,-2.4162778639993494,0.4844606985381559,-0.54982715128831,-1.2989439346252465,1.1888727465320366,-2.290134620962112,-0.39402740316682416,-1.4582678763856047,-4.5280301438788975,-2.971344277744657,-1.0365716392868403,-1.8855184033084829,-2.846490435829862,-2.8584988001858807,-4.16794518941002,2.5979994800230988,-3.7941930613659376,2.199577816083849,-3.3259393427491784,4.490281056636384,0.6572766624874299,-1.163372992733233,-0.4004286066137487,-0.5244297447964886,-0.020848616338449016,-0.3373607507515065,-1.4817660066247242,2.7265240989500747,-2.3374435404061358,1.9482287528823208,2.6225420432521456,-0.5112024390988504,2.7309896682923016,0.05955847730770073,1.4498578120941645,-1.5175528525387767,-1.4376840850920383,-3.7716728889908486,-3.74581439431282,2.4265762764129133,4.694380804700821,-0.7383522071208155,0.6922040375619126
0.2860991980201225,-0.3760902398771241,0.11607281894094455,0.022278504153853795,-0.3417192139497296,0.32975488022876737,-0.3331132231081113,-0.23299296365623243,-0.3249951822684225,-0.8226837059948221,-0.4339166757548325,-0.2606601130708636,-0.4663297923850697,-0.5530332651670998,-0.36300775287338777,-0.5086674881714871,0.3854830209667221,-0.6545707572457411,0.5139802584444636,-0.5356871812686763,0.6572766624874299,0.15529113846555836,-0.29830934009542337,-0.1500606605922421,-0.11075241305027106,0.0886964741665325,0.024811760314316474,-0.21453271217590342,0.4905813222247357,-0.2550131489245677,0.16630172329711654,0.368703650814735,-0.1440927134825855,0.4670853034565056,-0.2801975545530377,0.29701588725918904,-0.1755910916994614,-0.21811408200384494,-0.6568696259678382,-0.6105199456780088,0.4466993044779571,0.6631326029131162,-0.031358852754810505,0.18064509295842984
-1.4719408178552777,0.7455804497242238,-0.2629730308139867,-0.2742408351000612,1.930716213847011,-1.1260651712633083,0.9613063124344807,1.6422259399563115,1.4685945900433977,2.475167337540634,0.894144411658569,1.3320696967254657,1.7300017587899763,2.3509687339584726,0.6162623490325255,0.42698458684950247,-0.6808104867458991,1.9966588576291593,-2.564220347166172,1.1635155445881948,-1.163372992733233,-0.29830934009542337,1.5574930611911872,1.3091341971644477,0.5391241282116005,-0.5266112976239621,-0.46277086582424865,0.35161866936994635,-1.5115557580682935,-0.37078324589999967,0.6980360488126325,-0.6946055225711582,0.6214002091317596,-1.178437777898378,2.5562348309456415,-0.7706737325608758,0.09924264708894702,0.5044713897153382,1.8095601663856216,1.6215482061550506,-1.2600831241379329,-1.6671165111903266,-0.5861004247452539,-0.7536384422653571
-1.2704965928465115,0.32511646704152325,-0.1561919087473611,-0.3131130030313717,1.662890436198123,-0.8494141143833187,0.5834391840822998,1.512272539813886,1.1789392334396562,1.637227869857138,0.38604620157777136,1.1118378185466586,1.3197396672310326,1.8232146896245927,0.1584041635342172,-0.23802614587253498,-0.22971971607877822,1.305355569279242,-2.123567738116417,0.5840654765884732,-0.4004286066137487,-0.1500606605922421,1.3091341971644477,1.2207351325124334,0.4386721177391333,-0.483917559248028,-0.48752850487605276,0.09240333152630652,-1.0050989753425164,-0.746359483403702,0.9916385853456157,-0.2533904041974791,0.5055178530428641,-0.6877735995104163,2.4517123335933695,-0.47701073273361133,-0.13857143459593962,0.25821144934474594,1.1191625046475457,0.9622010674714646,-0.8095471046757333,-0.8938376840811303,-0.6835901084774116,-0.5904343261729489
-0.4919240949914287,0.3317206183520737,-0.09518160440756882,-0.06447275132823001,0.6565787872523655,-0.3855502277500123,0.39988837078967593,0.5338992219160473,0.5046783810747135,0.92960883533178,0.3852320321794903,0.4501228804505565,0.6070918739685165,0.8398102426157089,0.29490935646266775,0.2803801404074105,-0.3183205567008577,0.7550017439283954,-0.8886372897136199,0.484431444555239,-0.5244297447964886,-0.11075241305027106,0.5391241282116005,0.4386721177391333,0.1995466612031576,-0.16385820074946125,-0.12626873137439526,0.1559468930460967,-0.5645486821847567,-0.043886643716021134,0.16511724280061538,-0.30611499034317496,0.2119389263261817,-0.4605646931485631,0.8076696694524464,-0.2978951118498497,0.10151246914096904,0.21125781228250443,0.698007662724761,0.6480500431076083,-0.4885369194436168,-0.7074272827363379,-0.15933556703564536,-0.2547324234739113
0.5871792386692324,-0.05405592072639297,0.08407399460294815,0.23253402250070987,-0.665741333996448,0.4100596523216758,-0.11276257327882237,-0.6705811247782433,-0.4532005890446553,-0.5541159837140563,-0.028224653343689846,-0.4462354498950874,-0.5774859355511301,-0.6439390194261148,0.10939071699173257,0.330706916461988,-0.0025118848028834414,-0.40358461668325285,0.8263983793305261,-0.13438700011229893,-0.020848616338449016,0.0886964741665325,-0.5266112976239621,-0.483917559248028,-0.16385820074946125,0.26205934982782264,0.2525450328873597,0.024126545676331938,0.33283570056208994,0.4205593618886307,-0.5233936404616613,-0.024650685191204214,-0.22407446124443675,0.20602509694506285,-1.1157187821940115,0.19784786316256242,0.14394107468398873,-0.042160532919527434,-0.3527348915165865,-0.25961824862823235,0.28428404706659255,0.10821173987932242,0.33179669217687546,0.25648443452468317
0.5314155596365555,0.13697565244418347,0.039705962332048844,0.24726157173768054,-0.6130678658735331,0.31046280736806064,0.03975621253058353,-0.6627566551903199,-0.3863458075492131,-0.25958966622099805,0.172154392568582,-0.404244965082552,-0.43545849347572557,-0.4965625271593081,0.28538667676722895,0.615585352412676,-0.20582642777727939,-0.1685859482559556,0.7168422622674222,0.10548205313437795,-0.3373607507515065,0.024811760314316474,-0.46277086582424865,-0.48752850487605276,-0.12626873137439526,0.2525450328873597,0.2885072366525393,0.1219173329387288,0.16162944126592782,0.6030966492697227,-0.6739027627880892,-0.19105045796639192,-0.18870142363243117,0.021795790626169726,-1.1565087494389454,0.0704525126184088,0.2688728985291936,0.05509820376339131,-0.09967976593621988,-0.003982520098553299,0.10190234116626606,-0.19187521394965548,0.40132486992298133,0.21322083172302722
-0.19375733231822279,0.7793533772759124,-0.15362455087186833,0.20069919655180887,0.38169422404072473,-0.36580631146464704,0.7404221342033879,0.0795119100846937,0.46626438848815294,1.466885153764264,0.9909337835529827,0.32605479009492966,0.5868254966997299,0.9095547123497262,0.960855754473333,1.404770058433107,-0.8500708676963977,1.2533211521642458,-0.6783008965049911,1.0719978460235515,-1.4817660066247242,-0.21453271217590342,0.35161866936994635,0.09240333152630652,0.1559468930460967,0.024126545676331938,0.1219173329387288,0.5105638693662322,-0.8944390150830748,0.8126987960418275,-0.6931156523838844,-0.879354866178403,0.15305050096521208,-0.8846686054936761,-0.09151843940129874,-0.46098762823496175,0.49609437309704124,0.4720666566748101,1.2290807126512802,1.215587766065128,-0.7675581903022395,-1.5408951628250953,0.26253658415201003,-0.23291211532390457
1.2676770712038592,-1.5243455802309336,0.3871288431283143,-0.062071067865116854,-1.813313347471819,1.2589267456753337,-1.6060448509284666,-1.2274978118004434,-1.6074832093755167,-3.606043690031251,-1.8913754630410606,-1.330777691036381,-1.9510024915784006,-2.7782496646876615,-1.660340780084655,-2.114154950141057,1.5679164099560297,-2.979516915425292,2.6221478829436666,-2.2054527222500706,2.7265240989500747,0.4905813222247357,-1.5115557580682935,-1.0050989753425164,-0.5645486821847567,0.33283570056208994,0.16162944126592782,-0.8944390150830748,2.1941125728327475,-0.8051298628122593,0.42648913788779824,1.614322382998569,-0.6277575239606455,1.968457123081742,-1.6242084871060645,1.1300153931739048,-0.7086222444854416,-0.9575815081025774,-2.8387246996239672,-2.687529608088055,1.8686622871200793,3.124183986158559,0.054650685407176935,0.8094071683140096
0.6195665299480323,1.1591106703851821,-0.1488032521160849,0.6024956418936915,-0.583633413552943,0.0155621831002469,0.8956948856525082,-1.0068562507961225,-0.08938130231455764,1.35004418460026,1.4559968704645536,-0.2845513335588833,0.022752882658547288,0.219555644186886,1.5902229952736089,2.6841146750395075,-1.3537306846351453,1.2030834642637096,0.4171434767458431,1.483122055275165,-2.3374435404061358,-0.2550131489245677,-0.37078324589999967,-0.746359483403702,-0.043886643716021134,0.4205593618886307,0.6030966492697227,0.8126987960418275,-0.8051298628122593,1.999592945136045,-1.9689806786484692,-1.363720792522633,-0.11680755931608883,-1.0515305286573664,-2.038073190526577,-0.4596633368172748,1.0178294875751,0.6467162681501705,1.3253611605439806,1.4383461725573203,-0.7668831468710716,-2.0839086663026496,0.9938425232783196,0.0692201496357195
-0.9269320482217956,-0.9210361904256835,0.0768384766883459,-0.6461463078696017,0.9738484081463832,-0.2720074394745379,-0.6390737916812254,1.3170088961750006,0.4008232208350344,-0.7221942889820365,-1.1825659421170822,0.5616900060125719,0.3725157525787407,0.29929775539702036,-1.3750178863451632,-2.446086541849561,1.114787634461983,-0.7020870664503953,-0.9529622019466765,-1.1358862649876327,1.9482287528823208,0.16630172329711654,0.6980360488126325,0.9916385853456157,0.16511724280061538,-0.5233936404616613,-0.6739027627880892,-0.6931156523838844,0.42648913788779824,-1.9689806786484692,2.023140138387848,1.1368572007158355,0.25147739886037845,0.7277585295240729,2.4997132896715164,0.24886523442724978,-0.9285846482658964,-0.500452879229307,-0.8436273081968654,-0.997484718418764,0.4329817896910282,1.6079117704327934,-1.0644531451066988,-0.23095953314238782
0.4150630067258991,-1.3905449263904177,0.270069202018636,-0.34592970194388495,-0.7764197579167957,0.6653548265682131,-1.345565486751256,-0.2302594890093158,-0.8755537553758399,-2.6623519283880097,-1.749315281542019,-0.6308947717998841,-1.0840232063971385,-1.7013320138454855,-1.7011571710630622,-2.452887713011462,1.5111339545298101,-2.249744887074367,1.3104641650173743,-1.9258329764815947,2.6225420432521456,0.368703650814735,-0.6946055225711582,-0.2533904041974791,-0.30611499034317496,-0.024650685191204214,-0.19105045796639192,-0.879354866178403,1.614322382998569,-1.363720792522633,1.1368572007158355,1.5586970013829102,-0.2918943172149708,1.5959363814658503,0.01492987914544532,0.8282295743828111,-0.8807792948210729,-0.8447808613677289,-2.2174064063607823,-2.19258301661093,1.4019442867106124,2.776105565452422,-0.42091283225480486,0.41437839175657704
-0.6098076887144098,0.3268739970450761,-0.12514466898429358,-0.12724581600046095,0.7758237688461742,-0.4972294237214257,0.3851927384101751,0.6633911685799931,0.5974962351675548,1.0395896569560674,0.37976729912187895,0.5362415001744042,0.7334250410917792,0.9461270735987267,0.2520179225853934,0.19884970752710687,-0.293096874565938,0.8243966018314475,-1.031693626537193,0.5123909980984436,-0.5112024390988504,-0.1440927134825855,0.6214002091317596,0.5055178530428641,0.2119389263261817,-0.22407446124443675,-0.18870142363243117,0.15305050096521208,-0.6277575239606455,-0.11680755931608883,0.25147739886037845,-0.2918943172149708,0.26273820128987374,-0.5082166356701531,1.0135992587531988,-0.334140341296471,0.04320238614416451,0.21069657989430177,0.7625056169236794,0.6810409863147877,-0.5366979976218099,-0.6742343701190914,-0.22082762677470302,-0.310470071754098
0.9587789727733227,-1.51181928913654,0.3643355649735335,-0.1507091816676496,-1.4020390668301805,1.0761843376583087,-1.5029322469408546,-0.8394819244149426,-1.3085447531869872,-3.2722842587637975,-1.8434148186664219,-1.0410162129820446,-1.6489569298607483,-2.3344999376691327,-1.6702581927930595,-2.268673089566765,1.571987040179445,-2.6865065280878215,2.091878617773975,-2.157107998001949,2.7309896682923016,0.4670853034565056,-1.178437777898378,-0.6877735995104163,-0.4605646931485631,0.20602509694506285,0.021795790626169726,-0.8846686054936761,1.968457123081742,-1.0515305286573664,0.7277585295240729,1.5959363814658503,-0.5082166356701531,1.8624901322798155,-0.9548943131234189,1.0414440129077864,-0.7913676765730631,-0.9186673861167117,-2.6240238771548996,-2.5239544982809736,1.728722418224117,2.9834617266927572,-0.15380937962568536,0.6414049711264418
-2.657840629876662,0.20779789209135957,-0.29679543658625,-0.9021201435935395,3.261926270175594,-1.7145712543781804,0.6844525178969447,3.177272924585843,2.231091007933846,2.638373583578476,0.2003724275800219,2.17812038580098,2.55973244075094,3.2631630948565515,-0.32476510718778645,-1.4226413025205047,0.03416864560457722,2.0214097506292967,-4.0607109923696205,0.5952116415051,0.05955847730770073,-0.2801975545530377,2.5562348309456415,2.4517123335933695,0.8076696694524464,-1.1157187821940115,-1.1565087494389454,-0.09151843940129874,-1.6242084871060645,-2.038073190526577,2.4997132896715164,0.01492987914544532,1.0135992587531988,-0.9548943131234189,5.307971089299959,-0.8056861577585143,-0.6501872517571372,0.24536911686324508,1.6726892967444746,1.2805994698389984,-1.2788941359730202,-0.8069073550056358,-1.6077366179683137,-1.1765378352214055
0.6890933213905954,-0.8426976228636219,0.22864008674448846,0.016407852127033884,-0.897371834754641,0.7039993654484245,-0.8269854339344115,-0.6222009580866865,-0.7927439270631821,-1.8833261420820853,-0.9800891245876364,-0.6544042729065209,-1.0576086896278736,-1.3800001196752893,-0.8368033461020428,-1.1048856685782822,0.8645321551266624,-1.5220825999340994,1.311340096104388,-1.188497641641886,1.4498578120941645,0.29701588725918904,-0.7706737325608758,-0.47701073273361133,-0.2978951118498497,0.19784786316256242,0.0704525126184088,-0.46098762823496175,1.1300153931739048,-0.4596633368172748,0.24886523442724978,0.8282295743828111,-0.334140341296471,1.0414440129077864,-0.8056861577585143,0.6484932351317971,-0.40355397417268163,-0.5004473978707374,-1.4924000719918962,-1.4115235722729942,1.0178434755862507,1.594424926682825,-0.0028186006540331368,0.4145287775534129
0.06680772356117408,0.8096225150465904,-0.11628965142924882,0.29671534602349015,0.04266245589926365,-0.1636244447090175,0.7173974643379596,-0.2514198997033456,0.19753630231943267,1.1889870795760984,0.9724639648412838,0.07471315600633659,0.3126727789184517,0.556369826718519,1.003119186090766,1.5751445862420672,-0.9114521166945188,1.0156795271773023,-0.24791037744162098,1.0466005486524408,-1.5175528525387767,-0.1755910916994614,0.09924264708894702,-0.13857143459593962,0.10151246914096904,0.14394107468398873,0.2688728985291936,0.49609437309704124,-0.7086222444854416,1.0178294875751,-0.9285846482658964,-0.8807792948210729,0.04320238614416451,-0.7913676765730631,-0.6501872517571372,-0.40355397417268163,0.631383236371913,0.45798012658000326,1.062914348235097,1.1153770756794192,-0.6768181065551164,-1.5174618617854454,0.44378270154782035,-0.0760780310105014
-0.3597631862695106,0.7834459305407917,-0.16395773114544787,0.14146046355934067,0.5816162878870378,-0.4526923760691583,0.7784495148634519,0.2828644964890984,0.5816476685277344,1.5809426178852999,0.9668716661517062,0.4426269736747777,0.7223334720062778,1.0854915068311273,0.9102976770250137,1.2727223213704293,-0.8323697748262681,1.3232001185369273,-0.914091789257439,1.090805692514116,-1.4376840850920383,-0.21811408200384494,0.5044713897153382,0.25821144934474594,0.21125781228250443,-0.042160532919527434,0.05509820376339131,0.4720666566748101,-0.9575815081025774,0.6467162681501705,-0.500452879229307,-0.8447808613677289,0.21069657989430177,-0.9186673861167117,0.24536911686324508,-0.5004473978707374,0.45798012658000326,0.47669477255441534,1.2910652105919391,1.2665233288332445,-0.8376882236903417,-1.562072803279741,0.15466660543046495,-0.2803573182617147
-1.4880071788458689,2.1023999487128013,-0.5131270272762212,0.16169269411150294,2.148857213584918,-1.5753330243107462,2.1390531302466766,1.3593300055570998,1.958303505193966,4.694249078795178,2.5762526165029183,1.589256782317558,2.4371576152249292,3.455993934763658,2.3058099364226288,3.0565702020931798,-2.1839112328439674,3.8684232746901617,-3.167323282161778,3.0017984208419564,-3.7716728889908486,-0.6568696259678382,1.8095601663856216,1.1191625046475457,0.698007662724761,-0.3527348915165865,-0.09967976593621988,1.2290807126512802,-2.8387246996239672,1.3253611605439806,-0.8436273081968654,-2.2174064063607823,0.7625056169236794,-2.6240238771548996,1.6726892967444746,-1.4924000719918962,1.062914348235097,1.2910652105919391,3.7416023200948847,3.5775157913909434,-2.4651810180237854,-4.207395268691768,0.10392744485149362,-0.9769595821777026
-1.2779152409336825,2.0844468502117093,-0.475920726252037,0.24715349691590088,1.917079432101047,-1.421912988088077,2.107970258054966,1.130156052450283,1.7800131055308355,4.452112259964262,2.546578022073251,1.41518038335772,2.2214740464278284,3.211825075954153,2.3171539733638316,3.1364498307318387,-2.1733896758712605,3.688575205158132,-2.87296339837924,2.937681157430281,-3.74581439431282,-0.6105199456780088,1.6215482061550506,0.9622010674714646,0.6480500431076083,-0.25961824862823235,-0.003982520098553299,1.215587766065128,-2.687529608088055,1.4383461725573203,-0.997484718418764,-2.19258301661093,0.6810409863147877,-2.5239544982809736,1.2805994698389984,-1.4115235722729942,1.1153770756794192,1.2665233288332445,3.5775157913909434,3.4690177944422995,-2.3553021143121446,-4.1534179754068346,0.21175156089180514,-0.8729683247145479
1.0851850438774948,-1.3892421662527143,0.35319115401536766,-0.04326335924957622,-1.5013352113455254,1.1066109926191303,-1.405158125025755,-1.0066530156482607,-1.3210913303139533,-3.1130206171284334,-1.6499624443741165,-1.0841204248230092,-1.6889943393428641,-2.317849638471718,-1.4413969351674705,-1.891496819419905,1.4215877464228839,-2.533039995067937,2.179065543695191,-1.977782813918361,2.4265762764129133,0.4466993044779571,-1.2600831241379329,-0.8095471046757333,-0.4885369194436168,0.28428404706659255,0.10190234116626606,-0.7675581903022395,1.8686622871200793,-0.7668831468710716,0.4329817896910282,1.4019442867106124,-0.5366979976218099,1.728722418224117,-1.2788941359730202,1.0178434755862507,-0.6768181065551164,-0.8376882236903417,-2.4651810180237854,-2.3553021143121446,1.66285764917248,2.7176082552205783,-0.01219273798054312,0.6592264329614234
1.1429311060946334,-2.5562131920830518,0.5039173043690586,-0.5208937052783144,-1.9317078467832727,1.4113543233883135,-2.5939032376734157,-0.9230963198967953,-1.9070456698443325,-5.14857791995646,-3.176995332399843,-1.45733535694157,-2.3104317930184215,-3.5910556386886636,-3.0150861013536527,-4.184135565093257,2.7225541538422533,-4.338472984465404,3.0224150232091613,-3.5464908868881615,4.694380804700821,0.6631326029131162,-1.6671165111903266,-0.8938376840811303,-0.7074272827363379,0.10821173987932242,-0.19187521394965548,-1.5408951628250953,3.124183986158559,-2.0839086663026496,1.6079117704327934,2.776105565452422,-0.6742343701190914,2.9834617266927572,-0.8069073550056358,1.594424926682825,-1.5174618617854454,-1.562072803279741,-4.207395268691768,-4.1534179754068346,2.7176082552205783,5.186626123787022,-0.49282495372613244,0.9014948549280104
0.6720020422546525,0.3293193385801653,0.0052662746026138985,0.3437763477478327,-0.7841511286347979,0.31582285082531925,0.15045546325095055,-0.8948977537128401,-0.4471500631776739,-0.06737815831628402,0.40835127144177574,-0.49511953247723506,-0.46002319004710446,-0.5436812615952442,0.5456623638905318,1.090575854979348,-0.433672158170454,-0.010760728901524286,0.8841273112052528,0.3590994647502183,-0.7383522071208155,-0.031358852754810505,-0.5861004247452539,-0.6835901084774116,-0.15933556703564536,0.33179669217687546,0.40132486992298133,0.26253658415201003,0.054650685407176935,0.9938425232783196,-1.0644531451066988,-0.42091283225480486,-0.22082762677470302,-0.15380937962568536,-1.6077366179683137,-0.0028186006540331368,0.44378270154782035,0.15466660543046495,0.10392744485149362,0.21175156089180514,-0.01219273798054312,-0.49282495372613244,0.6079896720791267,0.2451413290211475
0.7083948537223156,-0.4189811290231399,0.14946596151408337,0.12443854020805765,-0.9242036050224837,0.5913638226039089,-0.49945875799125616,-0.7659060908816739,-0.7404246822974205,-1.312855822413922,-0.5269727787835121,-0.6602074905625794,-0.8888500846043341,-1.1803127945017677,-0.3738473302344019,-0.3370005741268471,0.39757733666220396,-1.075554527045429,1.2549901842428255,-0.6435917009558295,0.6922040375619126,0.18064509295842984,-0.7536384422653571,-0.5904343261729489,-0.2547324234739113,0.25648443452468317,0.21322083172302722,-0.23291211532390457,0.8094071683140096,0.0692201496357195,-0.23095953314238782,0.41437839175657704,-0.310470071754098,0.6414049711264418,-1.1765378352214055,0.4145287775534129,-0.0760780310105014,-0.2803573182617147,-0.9769595821777026,-0.8729683247145479,0.6592264329614234,0.9014948549280104,0.2451413290211475,0.4022718723048396
