V1,V2,V3,V4,V5,V6,V7,V8,V9,V10,V11,V12,V13,V14,V15,V16,V17,V18,V19,V20,V21,V22,V23,V24,V25,V26,V27,V28,V29,V30,V31,V32,V33,V34,V35,V36,V37,V38,V39,V40,V41,V42,V43,V44
0.4868925132501145,-0.020248380757401235,0.3606347948563015,0.7347835369988804,-0.2076265546178771,0.06885486296410656,-0.004134075929243721,-0.14908661895156863,0.005369837214554717,-0.1630946472934616,-0.007033826148224835,0.011031936649416568,0.19778881003037949,0.25767241341005886,-0.004665929929854272,0.00972419433951608,-0.057986299338099824,-0.26739638355084394,-0.20392441169507186,0.16420826122915158,0.415362077501105,0.13177135046175223,0.4028501410303641,-0.08029451149408245,-0.07061005589432885,0.533256935315614,-0.013690736223290988,0.1331184871710476,0.5753950733236513,-0.21653603035929475,0.09634037054486733,-0.24038961907739584,0.04397524036359445,0.0467712175560996,-0.05917118279280172,-0.004265530895741712,-0.30219785977506575,0.18044163416225315,0.20821009858367565,0.14055107819415089,-0.20539804007051135,-0.24883842300854025,0.2051509414352832,-0.26460368411506935
-0.020248380757401235,2.294794587588393,-0.6002531851637701,2.820561673320358,-3.582467966405516,-0.9211736576819062,0.9449795575800273,-0.6581273222547016,2.5658900720392204,1.2836302808034985,0.7956747193765562,0.06395485055757068,-0.18944902507251307,1.0299431237537713,2.1292579464126247,-0.7860214974382899,1.1706658326265855,-3.3315181062299732,1.2464948203018906,2.126025609776364,0.41380344230172905,-1.0865448113440694,0.2299519234368227,1.648876898582002,-2.22422484522308,-0.9616780138830796,-0.19358009987641592,0.7776292110964914,1.3978676146456104,0.8645669434757506,0.1063174831500169,-0.18495398202323446,0.04090081826099525,0.5135636303829526,0.44290270924371933,-2.5273026973965007,0.029289670493952227,0.1970934372167317,-1.448448578124401,-0.25571448134191604,-2.512770992487439,-1.3528640172035171,-0.43715603078586485,0.2519823042398535
0.3606347948563015,-0.6002531851637701,0.8831976213432722,-0.8529862868199485,1.1654531928024325,0.44594000237296105,-0.4001445562636735,0.2167335381486048,-0.8718762449722205,-0.9614736826315379,0.10501095234985836,0.5145046779547301,0.3280279214411884,0.13685822724805913,-0.7642855580026481,0.22986879435629576,-0.5129594186264573,1.492893467037954,-0.6981301463300918,-0.7671066280132001,0.41756799746251916,0.2517280639807981,0.16974048271544373,-0.586047675448428,0.585472876881698,0.3757840516123947,0.2247237232742343,0.010952643180135318,-0.2643397384709579,-0.21538860684774563,0.2783368165671021,0.2640011070257936,0.13426831759293578,-0.04160952507679841,0.16361902868106543,0.7641095018713177,-0.30682851027800656,-0.19317458846403787,1.142023115530774,0.07468629362998351,0.597292614513981,-0.29969622888249897,0.28914488583181136,-0.5999980418529266
0.7347835369988804,2.820561673320358,-0.8529862868199485,6.586255288987766,-5.699835917691622,-1.4885479165055857,1.6233105670550902,-1.587075038682562,3.6656867113389766,2.161344696743594,-0.0028315064835710223,-0.9359584754320828,-0.07208683052163481,1.1671134366420557,3.327784331184023,-1.2800156744975961,1.460845882764281,-6.272930885241413,1.7614301140271755,3.4854608480505056,0.1870328631148691,-0.5686310196987706,0.9120967111024643,2.109930131670107,-3.1766072300375088,0.288107401541952,-0.32943327289005503,1.3488422585804205,3.360865793157166,0.6098531636926611,-0.2747045380397562,-1.7141022921659632,-0.04566507443149845,0.5543619852514855,0.026797616651297096,-3.1128033124093366,-0.48209664039867894,1.527859490336914,-2.7102032885456673,0.16595848093759863,-3.8383476426437837,-1.2532801547320211,0.16910872676994987,0.2669218643169412
-0.2076265546178771,-3.582467966405516,1.1654531928024325,-5.699835917691622,6.478411678416393,1.5438358793951754,-1.6508020638631018,1.3997202397917186,-4.254492545874762,-2.629506800130305,-0.9252250908896273,0.47639395471715634,0.4001635364036312,-1.6358736143198218,-3.86157011173731,1.2982896805424158,-1.907349410683199,6.353534931349463,-2.1642504273269405,-3.777932266018461,-0.38614878983991285,1.3835734097912828,-0.7704154551996129,-2.8681482431556886,3.8543259876481293,0.937013433697329,0.5033419023017758,-1.4223511775440896,-3.0512062700370617,-1.0103209072853996,0.19214201619580745,0.7461990055020409,0.1355824877754918,-0.6821357514161449,-0.380661303952351,4.266055509477071,-0.02908983763474461,-0.7182737792991513,3.1976101545071027,0.1176249340278504,4.438226330313255,1.901984006290529,0.5733150355770623,-0.5598214874269918
0.06885486296410656,-0.9211736576819062,0.44594000237296105,-1.4885479165055857,1.5438358793951754,0.8279525820460059,-0.581118264581294,0.35806204072005016,-1.0141530828476584,-0.7022614678918242,0.03996305332270548,0.05409413416660191,0.14171810737870008,-0.16026986580138877,-0.9305590311912638,0.553540873696152,-0.4524427974999141,1.4699168574402424,-0.6723614904953209,-0.9627141627278568,0.21522361204579715,0.0557037372393795,0.2799813136537102,-0.4145922958267819,0.9424239941505282,0.5697076611738568,0.013409221242155364,-0.21662848649789895,-0.32865512816834175,-0.3447238029380012,0.1547026043488932,0.5772425335228406,-0.10469193815442503,-0.16681252212157896,-0.12296213577873553,0.8994064243945352,0.2218549700883493,-0.35331245101039477,0.42237084745407616,0.04488417731434287,0.7608629161549602,0.25246737830123855,0.160470184436467,-0.19072999812678906
-0.004134075929243721,0.9449795575800273,-0.4001445562636735,1.6233105670550902,-1.6508020638631018,-0.581118264581294,0.5860900271373906,-0.41982779562521283,1.074314524558306,0.6676697148024733,-0.013596516005560387,-0.14578095911553998,-0.14627050646133477,0.2302714624236305,0.9564079038943012,-0.4573877810757253,0.39851515356461364,-1.6878825495526288,0.6452091824696919,0.9808146512095922,-0.08317039159633745,-0.1598764936184153,-0.02415203769190906,0.52625267207643045,-0.8658122867866805,-0.3368538644921561,-0.03397240413213485,0.24591146448835927,0.5404677112077063,0.3021513681399261,-0.04142991826800055,-0.5542182366214362,0.05133805800536751,0.2326120043356915,0.17032253238901698,-0.9900806193451124,-0.08930659227890815,0.40682988972052936,-0.551446823774296,-0.03150567334942619,-0.927012927681034,-0.34310032802954427,-0.10509138687711528,0.15978655936714856
-0.14908661895156863,-0.6581273222547016,0.2167335381486048,-1.587075038682562,1.3997202397917186,0.35806204072005016,-0.41982779562521283,0.49144206052218103,-0.8526408076113409,-0.43956253860360556,0.07439699309304068,0.17595038833981655,0.019980185965756958,-0.2985103516945957,-0.8141489783971074,0.33087672589181344,-0.3122587779127733,1.5516663963010722,-0.427792701626908,-0.7888756862064595,-0.07472891608268087,0.11193989178533201,-0.20643064414705461,-0.4906652554885532,0.7348150341357397,-0.10993138242864514,0.026589015157250488,-0.3312649469024251,-0.7900841182284501,-0.21489485385531812,0.062435295163128644,0.3171730862948561,0.0639722783394174,-0.1703897515816827,-0.0716365916702456,0.7679734307569811,0.126323555089968,-0.33856992970709615,0.654895261431046,-0.046440866568570736,0.9636365102927761,0.18636476382311656,-0.07741981849545262,-0.04174804251680002
0.005369837214554717,2.5658900720392204,-0.8718762449722205,3.6656867113389766,-4.254492545874762,-1.0141530828476584,1.074314524558306,-0.8526408076113409,3.119665410304209,1.6780311211929486,0.7691556366364476,-0.2672200561659677,-0.18235174943759525,1.107724296409619,2.6006961553865473,-0.8696801426968677,1.4836424093091525,-4.305039525247313,1.494373249714623,2.5730696330203493,0.3982544218861007,-1.2988980119492175,0.4302350596456597,2.0965822561658713,-2.640861608140358,-0.74568321585979,-0.3230458156508104,0.9976476229987361,1.995330657383793,0.9834499725924072,-0.018410357094098932,-0.2614041420175525,-0.0861783118567018,0.5140006972416763,0.2666058178817802,-2.8704703102693596,0.12755008234520632,0.3503281248160981,-2.2489765102374455,-0.2599646035568796,-3.1163436963588467,-1.280971013133955,-0.3775726629810913,0.42190327342435757
-0.1630946472934616,1.2836302808034985,-0.9614736826315379,2.161344696743594,-2.629506800130305,-0.7022614678918242,0.6676697148024733,-0.43956253860360556,1.6780311211929486,1.705550524288353,0.2507725904889023,-0.6301275988452021,-0.3900123872732588,0.32601321546533013,1.6920603462561057,-0.45820012919924147,0.8523539971839653,-2.6771918158156027,1.0777447944188745,1.5627066116075548,-0.35644117804501846,-0.434524057165626,0.21577067618709977,1.2774681140242832,-1.5517038491030364,-0.5326514670582021,-0.44543839686707176,0.42120118409188717,1.1110416218950592,0.19123325488995704,-0.4233257968474716,-0.5272290450793466,-0.1726516003154199,0.06956841243780021,-0.1754094372710397,-1.7315282486293921,0.3041547126328205,0.3405860297080594,-1.8881868555187118,0.02053859548739325,-1.5830919099879543,-0.39557008704281776,-0.46709712644610607,0.6450430881453506
-0.007033826148224835,0.7956747193765562,0.10501095234985836,-0.0028315064835710223,-0.9252250908896273,0.03996305332270548,-0.013596516005560387,0.07439699309304068,0.7691556366364476,0.2507725904889023,1.005967772419836,0.4939980495910984,0.03984626172361928,0.7612525013376598,0.600302151496965,-0.03413297504242942,0.48365198496967593,-0.34548124323367596,0.1647140197598331,0.46320667892511463,0.7369781224194625,-0.8633119516494752,0.313941525529978,0.807105263161664,-0.843048439992815,-0.6251053983140429,-0.18470714383241882,0.3594206692297616,0.38646954333098715,0.3618513829415107,0.21942670887772164,0.7383084670653121,-0.04463692949104816,0.17482233751695056,0.24523553921008914,-1.0808744689879977,0.2074679882411555,-0.6278523861608458,-0.33027733108820606,-0.21531123897970178,-0.9455138702052621,-0.9842968013765195,-0.4339450921830064,-0.045316972930510825
0.011031936649416568,0.06395485055757068,0.5145046779547301,-0.9359584754320828,0.47639395471715634,0.05409413416660191,-0.14578095911553998,0.17595038833981655,-0.2672200561659677,-0.6301275988452021,0.4939980495910984,0.8939177519252152,0.18968249355859249,0.34393248090766027,-0.2974424052216622,-0.023526289787371084,-0.1486835861940379,1.159415705420077,-0.29844773606207964,-0.43570225781325833,0.6428700675635115,-0.2098758164307967,-0.15259793220232687,-0.21119866383804312,0.0861105118037002,-0.5447545211892435,0.19338364544156933,0.020225270840011782,-0.5994869315246615,0.2983842770543333,0.35530364742840853,0.5014157631312747,0.13366354601267239,0.17736477526153532,0.4435615568929916,-0.018705270460491828,-0.16792795768768654,-0.554977042745562,1.1131611895773597,-0.17823392195976212,0.24924153262224438,-0.5314361566416598,-0.15383375940285018,-0.4068197534623241
0.19778881003037949,-0.18944902507251307,0.3280279214411884,-0.07208683052163481,0.4001635364036312,0.14171810737870008,-0.14627050646133477,0.019980185965756958,-0.18235174943759525,-0.3900123872732588,0.03984626172361928,0.18968249355859249,0.26581299853589935,0.0936489899944394,-0.20097249191369124,0.04421614457005888,-0.10542145741356379,0.4242706416184636,-0.27778616054003274,-0.23552515727904508,0.2963364970790597,-0.003495083441947355,0.11950340427592064,-0.14187519822131242,0.1341977145348759,0.2671244402297796,0.07806231948934386,0.09749670234608522,0.06724160047586909,0.049766509062416156,0.09908934291596239,0.11123029922486827,0.014478479361584858,-0.004319528780623338,-0.01229231459424977,0.3162546419900535,-0.1695503110973525,-0.06265592897525375,0.34669852180206384,0.0051788858393720764,0.07404733481609112,-0.0657094623533016,0.19876745641591204,-0.26405324676416037
0.25767241341005886,1.0299431237537713,0.13685822724805913,1.1671134366420557,-1.6358736143198218,-0.16026986580138877,0.2302714624236305,-0.2985103516945957,1.107724296409619,0.32601321546533013,0.7612525013376598,0.34393248090766027,0.0936489899944394,0.9156838479258865,0.941104763523263,-0.22361395111763496,0.540005569935203,-1.2659847594536482,0.29507872830496645,0.8900707527338099,0.7794660591830214,-0.7074483649564168,0.4984465675778074,0.8927436703294435,-1.1431268441358453,-0.24199765679289384,-0.12710673449596785,0.5530107414432511,0.9773448099654696,0.3608595227829534,0.19226053091521347,0.3901595882183329,-0.04618179452185308,0.2627551851125071,0.266512298341004,-1.317419255277497,-0.04879436870345229,-0.2517911114505708,-0.5424594781880757,-0.09421668502740196,-1.428612464379463,-1.0107145274776128,-0.1983193550075102,-0.14502458121746611
-0.004665929929854272,2.1292579464126247,-0.7642855580026481,3.327784331184023,-3.86157011173731,-0.9305590311912638,0.9564079038943012,-0.8141489783971074,2.6006961553865473,1.6920603462561057,0.600302151496965,-0.2974424052216622,-0.20097249191369124,0.941104763523263,2.4760456755705267,-0.8145626451959432,1.1705577437377246,-3.692391840242181,1.350018333170207,2.182276477923817,0.058663805850277286,-0.8862533689826076,0.4147974680683767,1.8778613952181817,-2.4336410358717555,-0.6777838320831951,-0.31999329853892783,0.9832945846219919,1.790028512286667,0.7268339331211606,-0.238815506105805,-0.3494516290589085,-0.15360699712220896,0.32522656924899696,0.18038199692710344,-2.5319916504988536,0.11712837285392412,0.3741240853544165,-2.1623301366830137,-0.08533428605019872,-2.7397480432601022,-1.1200881343322813,-0.34707108376846396,0.36143042077080717
0.00972419433951608,-0.7860214974382899,0.22986879435629576,-1.2800156744975961,1.2982896805424158,0.553540873696152,-0.4573877810757253,0.33087672589181344,-0.8696801426968677,-0.45820012919924147,-0.03413297504242942,-0.023526289787371084,0.04421614457005888,-0.22361395111763496,-0.8145626451959432,0.45217379496678456,-0.32516973140275046,1.1872714499623942,-0.5088010118529227,-0.7373378734942054,0.07656911572543675,0.12242992245039876,0.11061759940193065,-0.4208449230218227,0.8035161584259314,0.3886726128926402,-0.028513620128926,-0.29510527634000644,-0.3746655132634782,-0.34892900978023245,0.05298787654349104,0.39438634040245535,-0.06705131702185001,-0.17299114061081855,-0.17868361304551164,0.7545844300550171,0.16224108854512467,-0.28327202055617723,0.34397040707851306,0.04921160618264447,0.763720633015684,0.3590581003432868,0.05390564665398185,-0.037496282050418175
-0.057986299338099824,1.1706658326265855,-0.5129594186264573,1.460845882764281,-1.907349410683199,-0.4524427974999141,0.39851515356461364,-0.3122587779127733,1.4836424093091525,0.8523539971839653,0.48365198496967593,-0.1486835861940379,-0.10542145741356379,0.540005569935203,1.1705577437377246,-0.32516973140275046,0.8501737045168765,-1.9841366466783226,0.6906234713462556,1.2136108720383914,0.2833086229327842,-0.7712725025879353,0.19981085814752975,1.0778115535077564,-1.2681633435310078,-0.3895664031778427,-0.24303474779032683,0.42793884825589074,0.9474879663970638,0.47334379455947884,-0.045967161901364996,0.13626027954365308,-0.09807431578297342,0.1988231689268127,0.01025734083291542,-1.3854618238297929,0.1493870585943835,-0.04160837301189488,-1.2520133386437722,-0.17489482120280592,-1.473466918201361,-0.49115772631655796,-0.2810674818453464,0.32160694810971857
-0.26739638355084394,-3.3315181062299732,1.492893467037954,-6.272930885241413,6.353534931349463,1.4699168574402424,-1.6878825495526288,1.5516663963010722,-4.305039525247313,-2.6771918158156027,-0.34548124323367596,1.159415705420077,0.4242706416184636,-1.2659847594536482,-3.692391840242181,1.1872714499623942,-1.9841366466783226,7.130168002741611,-2.203569019953753,-3.9436540093250962,-0.13688004846765686,1.2560241537517152,-0.8565862934939814,-2.7686789769404556,3.5335076653417086,0.1631146378943274,0.539186324696134,-1.2646696595296874,-3.4443245247265923,-0.8622935890081446,0.28991139274107386,1.0477373975911997,0.21733912108162462,-0.6254897670078474,-0.026625659954690063,3.873793217892257,-0.06773768141087134,-1.1614676734101748,3.759282175063834,0.05063811885485357,4.411569984514221,1.1609272092325826,0.24225095285449252,-0.8060812319054956
-0.20392441169507186,1.2464948203018906,-0.6981301463300918,1.7614301140271755,-2.1642504273269405,-0.6723614904953209,0.6452091824696919,-0.427792701626908,1.494373249714623,1.0777447944188745,0.1647140197598331,-0.29844773606207964,-0.27778616054003274,0.29507872830496645,1.350018333170207,-0.5088010118529227,0.6906234713462556,-2.203569019953753,0.9307791931380668,1.283187013798994,-0.24888017800762077,-0.43929273220167125,-0.03805790657787987,0.9665090584593564,-1.2687393622494747,-0.5909015225718366,-0.15999468488697705,0.3688706723741288,0.7249534290494972,0.4364563804049595,-0.16928802777525093,-0.35692325316979395,-0.03879246652512865,0.20037141142386722,0.11091079103790279,-1.4034227040818772,0.13521795080951207,0.3144143344557556,-1.2416204479592112,-0.10016492617075377,-1.3484821285249322,-0.40170655407010586,-0.2734335154403348,0.3965909016533211
0.16420826122915158,2.126025609776364,-0.7671066280132001,3.4854608480505056,-3.777932266018461,-0.9627141627278568,0.9808146512095922,-0.7888756862064595,2.5730696330203493,1.5627066116075548,0.46320667892511463,-0.43570225781325833,-0.23552515727904508,0.8900707527338099,2.182276477923817,-0.7373378734942054,1.2136108720383914,-3.9436540093250962,1.283187013798994,2.3699542656361614,0.1920316391529384,-0.8247352036481197,0.41827230734015525,1.6263237333798948,-2.2187143062361483,-0.43047126455696993,-0.32028085043917276,0.7434505016152931,1.8776868546757184,0.5393069682390241,-0.10996755701007012,-0.5361137583417217,-0.024173976463722237,0.3872764369274328,0.11033408539863537,-2.422499987024538,-0.0353919681520158,0.5324588551919571,-1.9321124184341403,-0.07198596282159991,-2.5812779496965503,-1.010827558101304,-0.2932726025800295,0.41034196782501875
0.415362077501105,0.41380344230172905,0.41756799746251916,0.1870328631148691,-0.38614878983991285,0.21522361204579715,-0.08317039159633745,-0.07472891608268087,0.3982544218861007,-0.35644117804501846,0.7369781224194625,0.6428700675635115,0.2963364970790597,0.7794660591830214,0.058663805850277286,0.07656911572543675,0.2833086229327842,-0.13688004846765686,-0.24888017800762077,0.1920316391529384,1.4968864449353865,-0.6934933344954429,0.5575277074044255,0.30900696849714004,-0.2896756234902159,0.07077449873870313,-0.08559985546200462,0.18144203677126983,0.4839244448597621,0.2714722862698397,0.5097147803542104,0.5460163969433899,-0.032532456559798945,0.358760989647123,0.2337599417821004,-0.6629525105267868,-0.09967866770634018,-0.58416936223748706,0.4675963441601854,-0.19490163328212803,-0.5795469369812585,-0.6681500877343335,-0.16227503120850906,-0.31526752559888777
0.13177135046175223,-1.0865448113440694,0.2517280639807981,-0.5686310196987706,1.3835734097912828,0.0557037372393795,-0.1598764936184153,0.11193989178533201,-1.2988980119492175,-0.434524057165626,-0.8633119516494752,-0.2098758164307967,-0.003495083441947355,-0.7074483649564168,-0.8862533689826076,0.12242992245039876,-0.7712725025879353,1.2560241537517152,-0.43929273220167125,-0.8247352036481197,-0.6934933344954429,1.1357132290872864,-0.3034643590343895,-1.1140840438671573,1.0350854839316672,0.49939172250214775,0.19755795745577964,-0.42651387080069203,-0.6854208347513208,-0.6355313536956572,-0.2221813393027986,-0.7271810627377583,0.12423199593332822,-0.2695437706526095,-0.1950317157454978,1.3045798977421443,-0.3384479187978822,0.4705426845003784,0.9289755268906807,0.32264316089589257,1.3831792124522329,0.7346969079265866,0.34358371755590417,-0.15965805176196352
0.4028501410303641,0.2299519234368227,0.16974048271544373,0.9120967111024643,-0.7704154551996129,0.2799813136537102,-0.02415203769190906,-0.20643064414705461,0.4302350596456597,0.21577067618709977,0.313941525529978,-0.15259793220232687,0.11950340427592064,0.4984465675778074,0.4147974680683767,0.11061759940193065,0.19981085814752975,-0.8565862934939814,-0.03805790657787987,0.41827230734015525,0.5575277074044255,-0.3034643590343895,0.7597139283932804,0.5283534142553726,-0.432532475249138,0.5605050221817781,-0.21416594588665885,0.34115773625397755,1.0409003920894926,-0.13672542053170983,0.061022376903283874,0.13164590240652238,-0.16371280354913806,0.05099450943765531,-0.11483806624156377,-0.5428667701328936,0.06690870223881613,-0.018588379669028255,-0.6302429106376775,0.10007954283362941,-0.8308565459936745,-0.41898755496160467,0.054444059061002525,-0.09004573764627095
-0.08029451149408245,1.648876898582002,-0.586047675448428,2.109930131670107,-2.8681482431556886,-0.4145922958267819,0.52625267207643045,-0.4906652554885532,2.0965822561658713,1.2774681140242832,0.807105263161664,-0.21119866383804312,-0.14187519822131242,0.8927436703294435,1.8778613952181817,-0.4208449230218227,1.0778115535077564,-2.7686789769404556,0.9665090584593564,1.6263237333798948,0.30900696849714004,-1.1140840438671573,0.5283534142553726,1.761500596912577,-1.9206703802974452,-0.4871389536490526,-0.35865956357363654,0.8330417636795464,1.5276178892541967,0.639467404061158,-0.1037903702036043,0.307356875809815,-0.2382854582662957,0.2331645014820074,0.09120178452081844,-2.085762351437139,0.36750983664876213,-0.06930218854716444,-2.0403398239760513,-0.17494138487391983,-2.3391235410338838,-0.9544595758182538,-0.3619612379010547,0.3491455507094172
-0.07061005589432885,-2.22422484522308,0.585472876881698,-3.1766072300375088,3.8543259876481293,0.9424239941505282,-0.8658122867866805,0.7348150341357397,-2.640861608140358,-1.5517038491030364,-0.843048439992815,0.0861105118037002,0.1341977145348759,-1.1431268441358453,-2.4336410358717555,0.8035161584259314,-1.2681633435310078,3.5335076653417086,-1.2687393622494747,-2.2187143062361483,-0.2896756234902159,1.0350854839316672,-0.432532475249138,-1.9206703802974452,2.5733489315704934,0.7763550938139846,0.3124721073127899,-1.0542147561739703,-1.8400169495040393,-0.7735921853243997,0.1577486004211162,0.09435391968630454,0.10052650774622063,-0.3393919472560411,-0.23037975787338047,2.6161164703469275,-0.02681333842254232,-0.18121774456023385,2.0284619740895087,0.13692076841259693,2.8405444346350377,1.3632687916810038,0.38856521002362804,-0.26328190022255765
0.533256935315614,-0.9616780138830796,0.3757840516123947,0.288107401541952,0.937013433697329,0.5697076611738568,-0.3368538644921561,-0.10993138242864514,-0.74568321585979,-0.5326514670582021,-0.6251053983140429,-0.5447545211892435,0.2671244402297796,-0.24199765679289384,-0.6777838320831951,0.3886726128926402,-0.3895664031778427,0.1631146378943274,-0.5909015225718366,-0.43047126455696993,0.07077449873870313,0.49939172250214775,0.5605050221817781,-0.4871389536490526,0.7763550938139846,1.5460491244587053,0.013884939236420736,-0.06097939043966258,0.6244313809501727,-0.577804848165705,-0.05082712711821221,-0.18916230280106966,-0.1315842686853965,-0.20329703669705043,-0.45448639986948985,1.0322725650208795,-0.18293694403596347,0.3949421438196467,-0.05347675197178242,0.3060686418019552,0.3735324922881755,0.6680380866881052,0.6565296640214527,-0.2094228491595553
-0.013690736223290988,-0.19358009987641592,0.2247237232742343,-0.32943327289005503,0.5033419023017758,0.013409221242155364,-0.03397240413213485,0.026589015157250488,-0.3230458156508104,-0.44543839686707176,-0.18470714383241882,0.19338364544156933,0.07806231948934386,-0.12710673449596785,-0.31999329853892783,-0.028513620128926,-0.24303474779032683,0.539186324696134,-0.15999468488697705,-0.32028085043917276,-0.08559985546200462,0.19755795745577964,-0.21416594588665885,-0.35865956357363654,0.3124721073127899,0.013884939236420736,0.21996935663632397,-0.06302398644319639,-0.3657440689106651,0.06455267023157082,0.10601760608596762,-0.030455508167560284,0.10629671727048019,0.024540796725689668,0.16359896842111696,0.413876341776345,-0.16244506212344298,0.06856686827912765,0.5586321846814436,-0.01490028700369931,0.3575175274328228,0.07458213459480788,0.182903067696333,-0.20258247026953344
0.1331184871710476,0.7776292110964914,0.010952643180135318,1.3488422585804205,-1.4223511775440896,-0.21662848649789895,0.24591146448835927,-0.3312649469024251,0.9976476229987361,0.42120118409188717,0.3594206692297616,0.020225270840011782,0.09749670234608522,0.5530107414432511,0.9832945846219919,-0.29510527634000644,0.42793884825589074,-1.2646696595296874,0.3688706723741288,0.7434505016152931,0.18144203677126983,-0.42651387080069203,0.34115773625397755,0.8330417636795464,-1.0542147561739703,-0.06097939043966258,-0.06302398644319639,0.6420272498973063,0.9327414579764142,0.35623081065343304,-0.04181894823433472,0.0853207392549364,-0.08314505093372612,0.0983988843632973,0.11077176268270837,-0.8983054252759609,-0.020968478514305538,0.07638550366451538,-0.8545891726790552,-0.029450153845076692,-1.2765396668607683,-0.6515258216575394,0.043287258469351136,-0.0889669427621329
0.5753950733236513,1.3978676146456104,-0.2643397384709579,3.360865793157166,-3.0512062700370617,-0.32865512816834175,0.5404677112077063,-0.7900841182284501,1.995330657383793,1.1110416218950592,0.38646954333098715,-0.5994869315246615,0.06724160047586909,0.9773448099654696,1.790028512286667,-0.3746655132634782,0.9474879663970638,-3.4443245247265923,0.7249534290494972,1.8776868546757184,0.4839244448597621,-0.6854208347513208,1.0409003920894926,1.5276178892541967,-1.8400169495040393,0.6244313809501727,-0.3657440689106651,0.9327414579764142,2.4521593810102016,0.18415415189880568,-0.13950678664981964,-0.21109152120070201,-0.22448560675857088,0.18806857128532561,-0.18735491991905132,-1.7939669754075058,-0.05861810080454096,0.47542427530128795,-2.0990192400507466,0.1265339916444643,-2.5265625288254117,-0.8376311052926874,0.1174767401253489,0.11977280459688096
-0.21653603035929475,0.8645669434757506,-0.21538860684774563,0.6098531636926611,-1.0103209072853996,-0.3447238029380012,0.3021513681399261,-0.21489485385531812,0.9834499725924072,0.19123325488995704,0.3618513829415107,0.2983842770543333,0.049766509062416156,0.3608595227829534,0.7268339331211606,-0.34892900978023245,0.47334379455947884,-0.8622935890081446,0.4364563804049595,0.5393069682390241,0.2714722862698397,-0.6355313536956572,-0.13672542053170983,0.639467404061158,-0.7735921853243997,-0.577804848165705,0.06455267023157082,0.35623081065343304,0.18415415189880568,0.7354351522887229,0.1386005452247461,0.26897160739429526,-0.013235101363311373,0.257665285662287,0.31081243398599,-0.8085806043033351,0.06261603445984558,-0.15523715434584517,-0.3685315646278005,-0.27687925310612604,-0.8948365713002976,-0.40138739488547825,-0.11692269056717002,0.020198627064996512
0.09634037054486733,0.1063174831500169,0.2783368165671021,-0.2747045380397562,0.19214201619580745,0.1547026043488932,-0.04142991826800055,0.062435295163128644,-0.018410357094098932,-0.4233257968474716,0.21942670887772164,0.35530364742840853,0.09908934291596239,0.19226053091521347,-0.238815506105805,0.05298787654349104,-0.045967161901364996,0.28991139274107386,-0.16928802777525093,-0.10996755701007012,0.5097147803542104,-0.2221813393027986,0.061022376903283874,-0.1037903702036043,0.1577486004211162,-0.05082712711821221,0.10601760608596762,-0.04181894823433472,-0.13950678664981964,0.1386005452247461,0.3534464011422302,0.17700241263195624,0.10321439572138275,0.1950273749295862,0.2548820989000805,-0.03272027975404075,-0.053839483050645585,-0.17321466994742504,0.5891423912765523,-0.13204636893019298,0.04847699268024181,-0.2987302583651944,0.0012768610431386379,-0.21202626617633685
-0.24038961907739584,-0.18495398202323446,0.2640011070257936,-1.7141022921659632,0.7461990055020409,0.5772425335228406,-0.5542182366214362,0.3171730862948561,-0.2614041420175525,-0.5272290450793466,0.7383084670653121,0.5014157631312747,0.11123029922486827,0.3901595882183329,-0.3494516290589085,0.39438634040245535,0.13626027954365308,1.0477373975911997,-0.35692325316979395,-0.5361137583417217,0.5460163969433899,-0.7271810627377583,0.13164590240652238,0.307356875809815,0.09435391968630454,-0.18916230280106966,-0.030455508167560284,0.0853207392549364,-0.21109152120070201,0.26897160739429526,0.17700241263195624,1.605646412272472,-0.21171818013130228,-0.060405766881472575,0.09826827524380802,0.003126119929253675,0.36812152916838176,-1.0187650150403518,-0.17287120481371765,-0.2159091388462416,-0.13231246817489994,-0.1429733687196282,-0.18862898886172597,-0.07214560984412158
0.04397524036359445,0.04090081826099525,0.13426831759293578,-0.04566507443149845,0.1355824877754918,-0.10469193815442503,0.05133805800536751,0.0639722783394174,-0.0861783118567018,-0.1726516003154199,-0.04463692949104816,0.13366354601267239,0.014478479361584858,-0.04618179452185308,-0.15360699712220896,-0.06705131702185001,-0.09807431578297342,0.21733912108162462,-0.03879246652512865,-0.024173976463722237,-0.032532456559798945,0.12423199593332822,-0.16371280354913806,-0.2382854582662957,0.10052650774622063,-0.1315842686853965,0.10629671727048019,-0.08314505093372612,-0.22448560675857088,-0.013235101363311373,0.10321439572138275,-0.21171818013130228,0.16633914368387487,0.048953093498914114,0.11814195052542692,0.12851919792585315,-0.16559918314984307,0.11142520086646776,0.47696915546677837,-0.015912684586480805,0.22062308359220348,-0.14160300955201177,0.03062791512526392,-0.11012802422089636
0.0467712175560996,0.5135636303829526,-0.04160952507679841,0.5543619852514855,-0.6821357514161449,-0.16681252212157896,0.2326120043356915,-0.1703897515816827,0.5140006972416763,0.06956841243780021,0.17482233751695056,0.17736477526153532,-0.004319528780623338,0.2627551851125071,0.32522656924899696,-0.17299114061081855,0.1988231689268127,-0.6254897670078474,0.20037141142386722,0.3872764369274328,0.358760989647123,-0.2695437706526095,0.05099450943765531,0.2331645014820074,-0.3393919472560411,-0.20329703669705043,0.024540796725689668,0.0983988843632973,0.18806857128532561,0.257665285662287,0.1950273749295862,-0.060405766881472575,0.048953093498914114,0.2390500888134436,0.22649551060595807,-0.5431680780328606,-0.047098744743489115,0.001898176172227893,0.05014749848315917,-0.11328297003354207,-0.44665517012083555,-0.31966956794311013,-0.08520913482688161,-0.035927798443994914
-0.05917118279280172,0.44290270924371933,0.16361902868106543,0.026797616651297096,-0.380661303952351,-0.12296213577873553,0.17032253238901698,-0.0716365916702456,0.2666058178817802,-0.1754094372710397,0.24523553921008914,0.4435615568929916,-0.01229231459424977,0.266512298341004,0.18038199692710344,-0.17868361304551164,0.01025734083291542,-0.026625659954690063,0.11091079103790279,0.11033408539863537,0.2337599417821004,-0.1950317157454978,-0.11483806624156377,0.09120178452081844,-0.23037975787338047,-0.45448639986948985,0.16359896842111696,0.11077176268270837,-0.18735491991905132,0.31081243398599,0.2548820989000805,0.09826827524380802,0.11814195052542692,0.22649551060595807,0.4379535040813954,-0.4043389127635593,-0.0658503550597949,-0.10432780481047149,0.4185995479198659,-0.13349556640689964,-0.24067672397365714,-0.4898167953455202,-0.08871473143973277,-0.1885105042774789
-0.004265530895741712,-2.5273026973965007,0.7641095018713177,-3.1128033124093366,4.266055509477071,0.8994064243945352,-0.9900806193451124,0.7679734307569811,-2.8704703102693596,-1.7315282486293921,-1.0808744689879977,-0.018705270460491828,0.3162546419900535,-1.317419255277497,-2.5319916504988536,0.7545844300550171,-1.3854618238297929,3.873793217892257,-1.4034227040818772,-2.422499987024538,-0.6629525105267868,1.3045798977421443,-0.5428667701328936,-2.085762351437139,2.6161164703469275,1.0322725650208795,0.413876341776345,-0.8983054252759609,-1.7939669754075058,-0.8085806043033351,-0.03272027975404075,0.003126119929253675,0.12851919792585315,-0.5431680780328606,-0.4043389127635593,3.1720024923710866,-0.2244898509830374,0.01615787264936017,1.9918121675717912,0.22875145164104915,2.987811334391718,1.5235469346874815,0.7000338940769476,-0.4087311120533717
-0.30219785977506575,0.029289670493952227,-0.30682851027800656,-0.48209664039867894,-0.02908983763474461,0.2218549700883493,-0.08930659227890815,0.126323555089968,0.12755008234520632,0.3041547126328205,0.2074679882411555,-0.16792795768768654,-0.1695503110973525,-0.04879436870345229,0.11712837285392412,0.16224108854512467,0.1493870585943835,-0.06773768141087134,0.13521795080951207,-0.0353919681520158,-0.09967866770634018,-0.3384479187978822,0.06690870223881613,0.36750983664876213,-0.02681333842254232,-0.18293694403596347,-0.16244506212344298,-0.020968478514305538,-0.05861810080454096,0.06261603445984558,-0.053839483050645585,0.36812152916838176,-0.16559918314984307,-0.047098744743489115,-0.0658503550597949,-0.2244898509830374,0.46436513292573,-0.25330546483787336,-0.6063540816334358,-0.09705636866300396,-0.12864066058889262,0.08569410738757875,-0.22370274276350938,0.28245204606352176
0.18044163416225315,0.1970934372167317,-0.19317458846403787,1.527859490336914,-0.7182737792991513,-0.35331245101039477,0.40682988972052936,-0.33856992970709615,0.3503281248160981,0.3405860297080594,-0.6278523861608458,-0.554977042745562,-0.06265592897525375,-0.2517911114505708,0.3741240853544165,-0.28327202055617723,-0.04160837301189488,-1.1614676734101748,0.3144143344557556,0.5324588551919571,-0.58416936223748706,0.4705426845003784,-0.018588379669028255,-0.06930218854716444,-0.18121774456023385,0.3949421438196467,0.06856686827912765,0.07638550366451538,0.47542427530128795,-0.15523715434584517,-0.17321466994742504,-1.0187650150403518,0.11142520086646776,0.001898176172227893,-0.10432780481047149,0.01615787264936017,-0.25330546483787336,0.8809857130768546,-0.31075163751449114,0.1924745016672551,-0.23134626498288383,0.1476691231315331,0.33119194799953433,0.048971173552946286
0.20821009858367565,-1.448448578124401,1.142023115530774,-2.7102032885456673,3.1976101545071027,0.42237084745407616,-0.551446823774296,0.654895261431046,-2.2489765102374455,-1.8881868555187118,-0.33027733108820606,1.1131611895773597,0.34669852180206384,-0.5424594781880757,-2.1623301366830137,0.34397040707851306,-1.2520133386437722,3.759282175063834,-1.2416204479592112,-1.9321124184341403,0.4675963441601854,0.9289755268906807,-0.6302429106376775,-2.0403398239760513,2.0284619740895087,-0.05347675197178242,0.5586321846814436,-0.8545891726790552,-2.0990192400507466,-0.3685315646278005,0.5891423912765523,-0.17287120481371765,0.47696915546677837,0.05014749848315917,0.4185995479198659,1.9918121675717912,-0.6063540816334358,-0.31075163751449114,3.432972647769709,-0.016750957353877573,2.6165185082424323,0.24427764943859165,0.21087235912951335,-0.809893385645499
0.14055107819415089,-0.25571448134191604,0.07468629362998351,0.16595848093759863,0.1176249340278504,0.04488417731434287,-0.03150567334942619,-0.046440866568570736,-0.2599646035568796,0.02053859548739325,-0.21531123897970178,-0.17823392195976212,0.0051788858393720764,-0.09421668502740196,-0.08533428605019872,0.04921160618264447,-0.17489482120280592,0.05063811885485357,-0.10016492617075377,-0.07198596282159991,-0.19490163328212803,0.32264316089589257,0.10007954283362941,-0.17494138487391983,0.13692076841259693,0.3060686418019552,-0.01490028700369931,-0.029450153845076692,0.1265339916444643,-0.27687925310612604,-0.13204636893019298,-0.2159091388462416,-0.015912684586480805,-0.11328297003354207,-0.13349556640689964,0.22875145164104915,-0.09705636866300396,0.1924745016672551,-0.016750957353877573,0.1741563640369279,0.14906367467824175,0.1343926409244773,0.1182352601623834,-0.03618107824790105
-0.20539804007051135,-2.512770992487439,0.597292614513981,-3.8383476426437837,4.438226330313255,0.7608629161549602,-0.927012927681034,0.9636365102927761,-3.1163436963588467,-1.5830919099879543,-0.9455138702052621,0.24924153262224438,0.07404733481609112,-1.428612464379463,-2.7397480432601022,0.763720633015684,-1.473466918201361,4.411569984514221,-1.3484821285249322,-2.5812779496965503,-0.5795469369812585,1.3831792124522329,-0.8308565459936745,-2.3391235410338838,2.8405444346350377,0.3735324922881755,0.3575175274328228,-1.2765396668607683,-2.5265625288254117,-0.8948365713002976,0.04847699268024181,-0.13231246817489994,0.22062308359220348,-0.44665517012083555,-0.24067672397365714,2.987811334391718,-0.12864066058889262,-0.23134626498288383,2.6165185082424323,0.14906367467824175,3.5562587502339045,1.4931317182418746,0.24878744947794768,-0.25319614482562847
-0.24883842300854025,-1.3528640172035171,-0.29969622888249897,-1.2532801547320211,1.901984006290529,0.25246737830123855,-0.34310032802954427,0.18636476382311656,-1.280971013133955,-0.39557008704281776,-0.9842968013765195,-0.5314361566416598,-0.0657094623533016,-1.0107145274776128,-1.1200881343322813,0.3590581003432868,-0.49115772631655796,1.1609272092325826,-0.40170655407010586,-1.010827558101304,-0.6681500877343335,0.7346969079265866,-0.41898755496160467,-0.9544595758182538,1.3632687916810038,0.6680380866881052,0.07458213459480788,-0.6515258216575394,-0.8376311052926874,-0.40138739488547825,-0.2987302583651944,-0.1429733687196282,-0.14160300955201177,-0.31966956794311013,-0.4898167953455202,1.5235469346874815,0.08569410738757875,0.1476691231315331,0.24427764943859165,0.1343926409244773,1.4931317182418746,1.6147643348023233,0.2931279489754272,0.2758910953048443
0.2051509414352832,-0.43715603078586485,0.28914488583181136,0.16910872676994987,0.5733150355770623,0.160470184436467,-0.10509138687711528,-0.07741981849545262,-0.3775726629810913,-0.46709712644610607,-0.4339450921830064,-0.15383375940285018,0.19876745641591204,-0.1983193550075102,-0.34707108376846396,0.05390564665398185,-0.2810674818453464,0.24225095285449252,-0.2734335154403348,-0.2932726025800295,-0.16227503120850906,0.34358371755590417,0.054444059061002525,-0.3619612379010547,0.38856521002362804,0.6565296640214527,0.182903067696333,0.043287258469351136,0.1174767401253489,-0.11692269056717002,0.0012768610431386379,-0.18862898886172597,0.03062791512526392,-0.08520913482688161,-0.08871473143973277,0.7000338940769476,-0.22370274276350938,0.33119194799953433,0.21087235912951335,0.1182352601623834,0.24878744947794768,0.2931279489754272,0.47846389869185757,-0.23960857744036418
-0.26460368411506935,0.2519823042398535,-0.5999980418529266,0.2669218643169412,-0.5598214874269918,-0.19072999812678906,0.15978655936714856,-0.04174804251680002,0.42190327342435757,0.6450430881453506,-0.045316972930510825,-0.4068197534623241,-0.26405324676416037,-0.14502458121746611,0.36143042077080717,-0.037496282050418175,0.32160694810971857,-0.8060812319054956,0.3965909016533211,0.41034196782501875,-0.31526752559888777,-0.15965805176196352,-0.09004573764627095,0.3491455507094172,-0.26328190022255765,-0.2094228491595553,-0.20258247026953344,-0.0889669427621329,0.11977280459688096,0.020198627064996512,-0.21202626617633685,-0.07214560984412158,-0.11012802422089636,-0.035927798443994914,-0.1885105042774789,-0.4087311120533717,0.28245204606352176,0.048971173552946286,-0.809893385645499,-0.03618107824790105,-0.25319614482562847,0.2758910953048443,-0.23960857744036418,0.46260370292035075
