V1,V2,V3,V4,V5,V6,V7,V8,V9,V10,V11,V12,V13,V14,V15,V16,V17,V18,V19,V20,V21,V22,V23,V24,V25,V26,V27,V28,V29,V30,V31,V32,V33,V34,V35,V36,V37,V38,V39,V40,V41,V42,V43,V44
8.804291045633013,2.5561041587150704,-6.483855211257599,2.8780695941152437,2.9306539575911312,6.310440113907394,-1.7546807380474823,0.2970551624008913,-2.327379558055111,-1.620767802463519,-0.6500176418622841,9.470697273908348,-4.671134977873843,-1.2041309066104564,1.6023521303609216,4.6170439744053535,1.1217140494586761,-5.306898009647412,-5.377201775739547,-5.366653480364281,2.404164717020233,-2.3087982122082327,4.290692068742564,0.9283357223132882,-1.7329829921491628,3.699179990623302,-2.0056681321745495,1.0871924070153944,-0.8380655647145729,2.781811853200975,4.374789724904775,-2.8214687898547077,2.2632162722642453,-7.335123251026161,-0.7901230514867196,-4.664568701685289,-7.966464198110051,-1.6916300863799398,-8.490909901854135,0.3185355118306739,-0.8142157694455909,8.522956715868784,4.050826868193396,1.9899472814717554
2.5561041587150704,0.9475647788606482,-2.47792732484039,0.6803534226652934,1.0030750290997663,2.0934296063277724,-0.6919263959915934,0.08185316686414942,-0.9028016646190488,-0.39778369154068366,-0.5735788554819509,3.20499504503679,-0.8093148859713698,-0.7064249981550831,0.30439945940009605,1.3317006907722002,0.24333245150182684,-1.8882958900411302,-1.8380643937739463,-2.0126768692485033,0.754905447550427,-1.0234862103763405,1.19325578339808,0.08011125073042334,-0.6814912366927903,1.1541073096999812,-0.6386156946391294,0.36441924125016345,-0.32813043139562104,0.5924222786968821,1.4292251655925343,-0.8564808023783277,0.740830049579075,-2.490098225932279,-0.5112751182133936,-1.8187621496781925,-2.695249356116824,-0.5193390521541329,-2.349455528112556,0.3275910993874664,-0.8494014770841517,2.5402540757492185,2.006042464277485,0.2986659427860378
-6.483855211257599,-2.47792732484039,6.516803795057617,-1.6778791762732284,-2.597140695178449,-5.403156388056552,1.7571236788751592,-0.20544227553340771,2.341922040635321,0.9526639519431916,1.5893479473361634,-8.273740555496806,1.8420219278168546,1.994787435813044,-0.7026572828140619,-3.323657269631618,-0.5513618836565815,4.935884796107518,4.713929575542894,5.224585505895359,-1.8899077000366078,2.718482366296476,-2.993483051025132,-0.11828290492058756,1.8215017410353918,-2.933951439263557,1.6500736966859324,-0.9093691240035182,0.8323613296748072,-1.4054365528270667,-3.6937180833063974,2.18669947107598,-1.821917617141625,6.438827536527682,1.4514520996952758,4.78664357775066,6.993052547099429,1.3112239749263164,5.842543210492943,-0.9117700058100675,2.411211897931213,-6.430416318492291,-5.393591212588427,-0.5943198902667661
2.8780695941152437,0.6803534226652934,-1.6778791762732284,1.0857644480750344,0.8259479656843943,1.8581019678354798,-0.3642594436254399,0.09481913482785069,-0.545643621059706,-0.5469150572476261,0.1047811909150478,2.7197354110622394,-1.9562800349501657,-0.1987406027501661,0.6468186864581079,1.470861977261527,0.3948302239515043,-1.485266995006881,-1.4753388440660113,-1.3263562906584572,0.6914474741443781,-0.46140580421596705,1.4165316318201335,0.4440258567115985,-0.45530422875487886,1.1262689651608297,-0.6245268563208075,0.2996229557314385,-0.18082471012248774,1.0636686766250045,1.2972339783262818,-0.9020603531008501,0.5785446266961706,-2.095685366435372,-0.10123354276894143,-1.1685631862388268,-2.3284876201426083,-0.5169905093193327,-2.8052825624511,-0.09141602896677925,0.17732207749826137,2.7064255807363655,0.6783546876083993,0.7978348265531241
2.9306539575911312,1.0030750290997663,-2.597140695178449,0.8259479656843943,1.1221787078255423,2.308029253262465,-0.831660013744277,0.1212020510642071,-0.998425580261294,-0.568850129682408,-0.5156600734321508,3.556645814952034,-1.1878879954804753,-0.5248498008035809,0.4019332763445385,1.6480211830757128,0.3570776880635124,-2.0029823294838414,-2.111665361046518,-2.2583931932511585,0.912491068618874,-1.0651137237321426,1.413054267220836,0.23794077099209826,-0.6645259276822685,1.3425047221155577,-0.7068149150533649,0.43901042976350835,-0.3868019002420761,0.8300362396601567,1.5888129350479958,-0.9629320522238431,0.9578397713588344,-2.7762264660047267,-0.3918016639586556,-1.9196370762423929,-2.964389904872327,-0.5842692818800512,-2.865717690681372,0.30583540522948366,-0.6710503339304319,2.9475836806235316,1.9815605579191249,0.5675703177851762
6.310440113907394,2.0934296063277724,-5.403156388056552,1.8581019678354798,2.308029253262465,4.863502791003803,-1.556952036384989,0.21680276237170512,-1.9893633577325582,-1.1064900221427043,-0.9593116405188259,7.395235564475813,-2.6729633128907087,-1.2395402184859448,0.9417441412054893,3.3644547121919093,0.7340730597879452,-4.232307541668566,-4.264164775273364,-4.484810063469038,1.8361168756179826,-2.118585051164109,3.0155966975131836,0.46094839801092446,-1.44078250230316,2.784521800540324,-1.505539027696288,0.8734846124531946,-0.737908738182569,1.7527554710890632,3.3308414490224454,-2.0742717050379818,1.8100123934476147,-5.742412644814098,-0.8789372643223385,-3.941787633513499,-6.199552384561332,-1.2541612154746782,-6.017066125321525,0.5292952660910398,-1.3331661214738477,6.2307510947275455,3.962716751931108,1.1344931122471678
-1.7546807380474823,-0.6919263959915934,1.7571236788751592,-0.3642594436254399,-0.831660013744277,-1.556952036384989,1.2531776153570127,-0.13338664311440976,1.0120400621424472,0.6494934356060983,0.49834978027851146,-2.573087952376341,0.676194469944127,-0.3028989806584378,-0.20069432243391594,-1.6205684143703722,-0.5480734785849156,1.1887429814122827,1.9196461239711526,2.0710491021695816,-0.9957569024361611,0.8950631687953261,-0.8953829868639326,-0.38184893067991726,0.1797265734883738,-1.1336837885317261,0.3914664847796605,-0.6354012596344929,0.5759108310805175,-0.7028097190718878,-0.9009153853974368,0.6384398522956267,-1.4492153874478508,2.0049656334389434,-0.12240263299097517,1.3810589944489762,1.898015713844097,0.4593319287480997,2.4753824370529482,-0.2818877414606019,0.34295227097866726,-2.1874350543121346,-1.5394468391587888,-0.8538645453663615
0.2970551624008913,0.08185316686414942,-0.20544227553340771,0.09481913482785069,0.1212020510642071,0.21680276237170512,-0.13338664311440976,0.03328098467803616,-0.10843903756032988,-0.12304509421515364,-0.01634292344749421,0.36272647486973736,-0.21347469989660114,0.07242140382763902,0.04690956907998826,0.25042842802588644,0.06650446701812365,-0.15619139430392878,-0.25834035654532816,-0.2689878560174513,0.12688113743177193,-0.0931588130579718,0.16014757140113708,0.10098387835265178,-0.0214260273108288,0.1623341114381632,-0.06869583245210348,0.06570688736560895,-0.0569427303161638,0.15703982508677014,0.1562229478869032,-0.09147278841886376,0.17278631674178244,-0.29274330825009026,0.03390027962016554,-0.16658446023936657,-0.29563860524444496,-0.05012751010929583,-0.38480932264349815,0.02537780951319081,0.031182131440525476,0.33295596778815445,0.12840517333709645,0.15525061989917852
-2.327379558055111,-0.9028016646190488,2.341922040635321,-0.545643621059706,-0.998425580261294,-1.9893633577325582,1.0120400621424472,-0.10843903756032988,1.034368188702673,0.5301667082871357,0.623628803465748,-3.140870832934835,0.717449567472225,0.3159844581066562,-0.25464145924524656,-1.5289727273228952,-0.389916771831402,1.706714244268704,2.017591707032526,2.2149013044659775,-0.919171199303587,1.0650802017741445,-1.1262248524571339,-0.1884439856846308,0.5088692027130025,-1.214788884157969,0.5623493737762266,-0.5077950491906831,0.4704029789635466,-0.642025707163942,-1.2917797276113265,0.8016455622647849,-1.1264853675296833,2.447438993154008,0.26937959463327943,1.766377607769898,2.508993514805167,0.5268902261011313,2.5161375586532024,-0.3589351870432552,0.7315281224366422,-2.5212434527708276,-1.997375127506651,-0.5449094017613542
-1.620767802463519,-0.39778369154068366,0.9526639519431916,-0.5469150572476261,-0.568850129682408,-1.1064900221427043,0.6494934356060983,-0.12304509421515364,0.5301667082871357,0.5836902430906428,0.005932713047009125,-1.7805772442518604,1.205837833412378,-0.38913550454293666,-0.3432437005877207,-1.2561775353521365,-0.4136483942071978,0.7636621354543413,1.2538675275280402,1.2193979590528687,-0.6695107702980452,0.3837849125048046,-0.8765524065199429,-0.4689850101117879,0.0897190252999318,-0.8296155291885272,0.3318109929954613,-0.3570172171688675,0.2925715159110113,-0.8024143511143629,-0.7460962073644876,0.5066412577636523,-0.8849184218269864,1.399075919011732,-0.24035006444033827,0.7418813748825869,1.3834349675275712,0.3251105596835691,2.0710423088809335,-0.03198826206816413,-0.27558209583633614,-1.7745283264808103,-0.4727361693435677,-0.8561670730294425
-0.6500176418622841,-0.5735788554819509,1.5893479473361634,0.1047811909150478,-0.5156600734321508,-0.9593116405188259,0.49834978027851146,-0.01634292344749421,0.623628803465748,0.005932713047009125,0.8036191053841867,-1.5775023452033434,-0.7141869249755973,0.7312802405261473,0.18991882940045973,-0.32463413159222526,0.06637207972757544,1.041867674473601,0.9655165410294373,1.3162237192340167,-0.309165435135992,0.8570258759351648,-0.2488721011109951,0.3102091923767726,0.46258263110044406,-0.42629902940981057,0.24637033998206467,-0.16010950390172568,0.2298081501179069,0.21282867309281342,-0.6552019330837106,0.26181237322141065,-0.37024820806024356,1.2472139940986908,0.5570456467981153,1.2234131836359396,1.3001732160983237,0.18482648535900909,0.40850855127078195,-0.49869295223905247,1.2110475638061,-0.7552963788173924,-1.8835531717715244,0.35129214251194013
9.470697273908348,3.20499504503679,-8.273740555496806,2.7197354110622394,3.556645814952034,7.395235564475813,-2.573087952376341,0.36272647486973736,-3.140870832934835,-1.7805772442518604,-1.5775023452033434,11.352736365453461,-3.9187671277981204,-1.7336486577323256,1.354835096342358,5.237246477199207,1.144009172951493,-6.4163716611052495,-6.672899395282086,-7.0876810388197145,2.891525488194591,-3.335058077606506,4.558239359810347,0.7444562139384732,-2.1439634532404805,4.2836318252233045,-2.271464098998731,1.3927180793859182,-1.208393965095303,2.670152266841616,5.075592141452856,-3.1102145034956683,2.9823415390845756,-8.832942924399168,-1.2660568313894818,-6.088757752006134,-9.467495310334089,-1.8944633427969824,-9.20549971099757,0.9218878421545755,-2.0854291125821587,9.476149972555678,6.22375968099113,1.8062904537724478
-4.671134977873843,-0.8093148859713698,1.8420219278168546,-1.9562800349501657,-1.1878879954804753,-2.6729633128907087,0.676194469944127,-0.21347469989660114,0.717449567472225,1.205837833412378,-0.7141869249755973,-3.9187671277981204,4.097380086340966,-0.6119999309260098,-1.2802444564784308,-2.756390484786296,-0.9274903643046694,1.829588714993544,2.298398129674966,1.8154577485098464,-1.2573570576810218,0.3064437115484863,-2.4208501670945357,-1.1975783986734803,0.3303263638464998,-1.8701002491084135,0.9149859369895679,-0.5833221945517832,0.3228982679844508,-2.223611590094502,-1.8496506872531953,1.4212754454765228,-1.2542231144272091,3.017867983167556,-0.4881499746864235,1.2624961723599855,3.259795401701776,0.8254559164659022,5.141282731304618,0.4608270837895963,-1.351425845463585,-4.503121818331013,0.08634863126158751,-2.0366015051775004
-1.2041309066104564,-0.7064249981550831,1.994787435813044,-0.1987406027501661,-0.5248498008035809,-1.2395402184859448,-0.3028989806584378,0.07242140382763902,0.3159844581066562,-0.38913550454293666,0.7312802405261473,-1.7336486577323256,-0.6119999309260098,1.8038480221649535,0.07935675943767587,0.2305676576934296,0.4339020830336369,1.5365813945408922,0.49942500297208375,0.7980033432935554,0.11211858706968054,0.7843138689983457,-0.3880814508201681,0.6592491160211649,0.923629903156664,-0.2624388654431923,0.43055884598488964,0.1953749938226176,-0.12183871861563,0.41664210421733444,-0.9819399201182617,0.4099276386860542,0.6206876082378021,1.342638736836644,1.2155074230443585,1.3864212036905634,1.746362845136495,0.18455705704564515,-0.07848291580372181,-0.41748443235360033,1.615410251135585,-0.7750864559068318,-1.997269932622263,1.0437507745319776
1.6023521303609216,0.30439945940009605,-0.7026572828140619,0.6468186864581079,0.4019332763445385,0.9417441412054893,-0.20069432243391594,0.04690956907998826,-0.25464145924524656,-0.3432437005877207,0.18991882940045973,1.354835096342358,-1.2802444564784308,0.07935675943767587,0.43442971423637694,0.8584304057584591,0.29500602271902204,-0.681601713176858,-0.7588646150358287,-0.6009024915167378,0.4104372353708565,-0.13271275453939602,0.8177481194704511,0.31279500383137854,-0.16090904627304523,0.6168962670986881,-0.31214934070151773,0.1851427123375647,-0.10174212414373987,0.6727573222775045,0.6411886623328886,-0.49289819167598614,0.37686232190507557,-1.0277097030341813,0.09576653107953104,-0.46955484735065495,-1.1165510731885826,-0.3033909762004778,-1.671474925662682,-0.14610559766815254,0.34486436802959985,1.5160193463225453,0.0700202455753709,0.5992477567717849
4.6170439744053535,1.3317006907722002,-3.323657269631618,1.470861977261527,1.6480211830757128,3.3644547121919093,-1.6205684143703722,0.25042842802588644,-1.5289727273228952,-1.2561775353521365,-0.32463413159222526,5.237246477199207,-2.756390484786296,0.2305676576934296,0.8584304057584591,3.145772490634645,0.9584555654489907,-2.598359015191784,-3.3895620625909295,-3.3781773072740635,1.6941105601867072,-1.3083370670307526,2.3223482663320363,0.9100604843166274,-0.5843355413675568,2.262081356806919,-1.0096080371559653,0.93352890238278,-0.7517651403284096,1.8448764901769317,2.1833463874283283,-1.5231633583658377,2.0570099992470627,-4.069613553805861,0.09653797954653165,-2.47945116131584,-4.1890478737145624,-0.9533793123783367,-5.335173921125398,0.1686365852912472,-0.029583851006315737,4.89106800806224,2.075509071255354,1.7422477043863422
1.1217140494586761,0.24333245150182684,-0.5513618836565815,0.3948302239515043,0.3570776880635124,0.7340730597879452,-0.5480734785849156,0.06650446701812365,-0.389916771831402,-0.4136483942071978,0.06637207972757544,1.144009172951493,-0.9274903643046694,0.4339020830336369,0.29500602271902204,0.9584555654489907,0.40926230101167116,-0.43876510180155254,-0.8677159223424529,-0.7710340918325234,0.5313980569416767,-0.2028337827143169,0.5976657777911417,0.3733224056515732,0.028678084377989098,0.6123679962177754,-0.19496484255996183,0.33797135004041,-0.2570694477358032,0.6064811670531213,0.39510725856949686,-0.38327501347074355,0.7420887201096809,-0.8732163732872013,0.29227254893676813,-0.4126103454157913,-0.8074949770685458,-0.2717422532987021,-1.6089958305925334,-0.08223306385660538,0.330282308661812,1.2916840060709112,0.16308493008256073,0.7333182954412825
-5.306898009647412,-1.8882958900411302,4.935884796107518,-1.485266995006881,-2.0029823294838414,-4.232307541668566,1.1887429814122827,-0.15619139430392878,1.706714244268704,0.7636621354543413,1.041867674473601,-6.4163716611052495,1.829588714993544,1.5365813945408922,-0.681601713176858,-2.598359015191784,-0.43876510180155254,3.8332369318477815,3.572616724228882,3.8734789488891668,-1.4326633000049889,1.9670544979536329,-2.478655123881692,-0.15184869277803228,1.4265855306821713,-2.288297593934737,1.3195864342221026,-0.6425890009221271,0.5670011590379452,-1.2308335639325858,-2.941418723590331,1.752008324293047,-1.2831808530947324,4.987941714454479,1.0818877813676255,3.5939250200722794,5.462923935817478,1.0406314498269733,4.703649678948483,-0.5923485604385271,1.6203168539815667,-5.142941993242083,-3.85524179670553,-0.5572658695327672
-5.377201775739547,-1.8380643937739463,4.713929575542894,-1.4753388440660113,-2.111665361046518,-4.264164775273364,1.9196461239711526,-0.25834035654532816,2.017591707032526,1.2538675275280402,0.9655165410294373,-6.672899395282086,2.298398129674966,0.49942500297208375,-0.7588646150358287,-3.3895620625909295,-0.8677159223424529,3.572616724228882,4.197601432588872,4.463390176700806,-1.9285282360138392,2.0133280781831084,-2.6529641344757127,-0.6142749532928896,1.0474618454967133,-2.6310299343898387,1.2608337192726073,-1.0008104021719795,0.8893682244523309,-1.6935804375757806,-2.8610053615828814,1.7817634079271223,-2.2594784844357227,5.206499656927947,0.4219141218744601,3.5329744509858623,5.406916179756039,1.1309171776684972,5.727125569533296,-0.5786703943837873,1.0273809392122302,-5.636555314707896,-3.626457129482793,-1.4246126130666914
-5.366653480364281,-2.0126768692485033,5.224585505895359,-1.3263562906584572,-2.2583931932511585,-4.484810063469038,2.0710491021695816,-0.2689878560174513,2.2149013044659775,1.2193979590528687,1.3162237192340167,-7.0876810388197145,1.8154577485098464,0.7980033432935554,-0.6009024915167378,-3.3781773072740635,-0.7710340918325234,3.8734789488891668,4.463390176700806,4.91012461390232,-1.9756103811328252,2.3368999816272122,-2.6244523428248505,-0.45375920114770324,1.209304189324624,-2.693203302367132,1.3129791182566564,-1.014966561017024,0.9531520043868265,-1.51045024992363,-3.0419045336517487,1.7907605971274845,-2.333939808991559,5.55077754872561,0.6624526545679691,3.9478595315020053,5.765717033713202,1.137878774798149,5.5955392591041475,-0.8223122592122617,1.5586471594804505,-5.675269689537347,-4.366086761431787,-1.1853187307348403
2.404164717020233,0.754905447550427,-1.8899077000366078,0.6914474741443781,0.912491068618874,1.8361168756179826,-0.9957569024361611,0.12688113743177193,-0.919171199303587,-0.6695107702980452,-0.309165435135992,2.891525488194591,-1.2573570576810218,0.11211858706968054,0.4104372353708565,1.6941105601867072,0.5313980569416767,-1.4326633000049889,-1.9285282360138392,-1.9756103811328252,0.9696685951259367,-0.8071137826055378,1.2209983758974867,0.4165724891987183,-0.321116582493753,1.2320790131749004,-0.5235647974325578,0.5405351108781026,-0.46172261374666285,0.9040462667962053,1.1770260452259462,-0.8012187568524151,1.2287266645618977,-2.2430783499973965,0.04447309773259839,-1.4246977307972275,-2.2564260712549182,-0.5345389839781071,-2.835488203332928,0.16735195798392608,-0.1649738147635451,2.613111677048679,1.3372899416778274,0.9099744403126699
-2.3087982122082327,-1.0234862103763405,2.718482366296476,-0.46140580421596705,-1.0651137237321426,-2.118585051164109,0.8950631687953261,-0.0931588130579718,1.0650802017741445,0.3837849125048046,0.8570258759351648,-3.335058077606506,0.3064437115484863,0.7843138689983457,-0.13271275453939602,-1.3083370670307526,-0.2028337827143169,1.9670544979536329,2.0133280781831084,2.3368999816272122,-0.8071137826055378,1.2531685445606684,-1.0668809011163134,0.027492901768523877,0.7162030139617167,-1.158986184998496,0.6156443116107633,-0.4087575066494451,0.41443880955067713,-0.4125311647781897,-1.4401932794377772,0.7966030738832832,-0.8949061204751064,2.6122761543726862,0.6023428635659004,2.043147711244733,2.7642507567221175,0.4989170081943322,2.151634020782547,-0.5188558943629821,1.2161163304284528,-2.41038358733596,-2.5138518574684614,-0.15971342248470163
4.290692068742564,1.19325578339808,-2.993483051025132,1.4165316318201335,1.413054267220836,3.0155966975131836,-0.8953829868639326,0.16014757140113708,-1.1262248524571339,-0.8765524065199429,-0.2488721011109951,4.558239359810347,-2.4208501670945357,-0.3880814508201681,0.8177481194704511,2.3223482663320363,0.5976657777911417,-2.478655123881692,-2.6529641344757127,-2.6244523428248505,1.2209983758974867,-1.0668809011163134,2.145469219915555,0.5226771765749998,-0.7709542283999986,1.8130873084626777,-0.9546892832567259,0.5359846152622225,-0.42227819217686186,1.4382598404350624,2.12355093532497,-1.3475812816815316,1.207149510032878,-3.5376816037364387,-0.2376622231735569,-2.1685050974992675,-3.79376515510981,-0.8260303643868689,-4.247774317482709,0.1403013398979994,-0.20021796893076432,4.179312429009692,1.7875975543620544,1.1306578864345476
0.9283357223132882,0.08011125073042334,-0.11828290492058756,0.4440258567115985,0.23794077099209826,0.46094839801092446,-0.38184893067991726,0.10098387835265178,-0.1884439856846308,-0.4689850101117879,0.3102091923767726,0.7444562139384732,-1.1975783986734803,0.6592491160211649,0.31279500383137854,0.9100604843166274,0.3733224056515732,-0.15184869277803228,-0.6142749532928896,-0.45375920114770324,0.4165724891987183,0.027492901768523877,0.5226771765749998,0.5452787859578572,0.1520803688012963,0.49735484109524947,-0.1528580007228906,0.26583022248424876,-0.17063476336501324,0.7319605881755498,0.2600644402304626,-0.29199160407789077,0.6024606917999947,-0.5836425833483604,0.4252353035711344,-0.1042910275750833,-0.5486756932830903,-0.1653956732817421,-1.4822659898758257,-0.1795741759901829,0.6901593944639537,1.0682788578065918,-0.353981218062841,0.8312743118520604
-1.7329829921491628,-0.6814912366927903,1.8215017410353918,-0.45530422875487886,-0.6645259276822685,-1.44078250230316,0.1797265734883738,-0.0214260273108288,0.5088692027130025,0.0897190252999318,0.46258263110044406,-2.1439634532404805,0.3303263638464998,0.923629903156664,-0.16090904627304523,-0.5843355413675568,0.028678084377989098,1.4265855306821713,1.0474618454967133,1.209304189324624,-0.321116582493753,0.7162030139617167,-0.7709542283999986,0.1520803688012963,0.6426524066325194,-0.653543643679696,0.4683405504986819,-0.08279254310238954,0.0917735220313576,-0.2042194409494038,-1.0634759692339326,0.562628871806377,-0.11826902116774937,1.6706908202098194,0.6284549065319901,1.309127607803796,1.9151281730651701,0.31483797136604136,1.1720734285557797,-0.27701417406867496,0.8568762315370894,-1.5425483781498912,-1.5322409438359466,0.15845491776966486
3.699179990623302,1.1541073096999812,-2.933951439263557,1.1262689651608297,1.3425047221155577,2.784521800540324,-1.1336837885317261,0.1623341114381632,-1.214788884157969,-0.8296155291885272,-0.42629902940981057,4.2836318252233045,-1.8701002491084135,-0.2624388654431923,0.6168962670986881,2.262081356806919,0.6123679962177754,-2.288297593934737,-2.6310299343898387,-2.693203302367132,1.2320790131749004,-1.158986184998496,1.8130873084626777,0.49735484109524947,-0.653543643679696,1.7347391073760794,-0.8443559876754985,0.6449773016835257,-0.5317158214086978,1.2492582601013218,1.8468902354969403,-1.2237669462988523,1.38282738435122,-3.327135848183382,-0.21291632333032923,-2.1634457258268154,-3.4988608858431016,-0.7570441302800054,-3.9219256762441734,0.22672412046628973,-0.41600767809308614,3.800171042906222,2.0205151763504983,1.0393595058511162
-2.0056681321745495,-0.6386156946391294,1.6500736966859324,-0.6245268563208075,-0.7068149150533649,-1.505539027696288,0.3914664847796605,-0.06869583245210348,0.5623493737762266,0.3318109929954613,0.24637033998206467,-2.271464098998731,0.9149859369895679,0.43055884598488964,-0.31214934070151773,-1.0096080371559653,-0.19496484255996183,1.3195864342221026,1.2608337192726073,1.3129791182566564,-0.5235647974325578,0.6156443116107633,-0.9546892832567259,-0.1528580007228906,0.4683405504986819,-0.8443559876754985,0.48298759731069163,-0.2303714943792146,0.18634165979182327,-0.5654550428453551,-1.0562788749571306,0.6489828191147502,-0.4635750853194917,1.7671264326360447,0.3010303328371302,1.1953573039018521,1.9449817720646578,0.3751893788571021,1.840283483501429,-0.14241872982365578,0.3755970233809883,-1.929170696309526,-1.1525405811061382,-0.326358927498558
1.0871924070153944,0.36441924125016345,-0.9093691240035182,0.2996229557314385,0.43901042976350835,0.8734846124531946,-0.6354012596344929,0.06570688736560895,-0.5077950491906831,-0.3570172171688675,-0.16010950390172568,1.3927180793859182,-0.5833221945517832,0.1953749938226176,0.1851427123375647,0.93352890238278,0.33797135004041,-0.6425890009221271,-1.0008104021719795,-1.014966561017024,0.5405351108781026,-0.4087575066494451,0.5359846152622225,0.26583022248424876,-0.08279254310238954,0.6449773016835257,-0.2303714943792146,0.3615742111018359,-0.29808402611705703,0.4702395994521336,0.4755425496370594,-0.3990271474212635,0.7550979778290419,-1.069422199995296,0.09638860627690024,-0.6917529422593776,-1.0379163760415802,-0.27246843024549944,-1.4934575024525751,0.06084684408300112,-0.05595673373276254,1.294768717133409,0.6664198133511009,0.5315855875054628
-0.8380655647145729,-0.32813043139562104,0.8323613296748072,-0.18082471012248774,-0.3868019002420761,-0.737908738182569,0.5759108310805175,-0.0569427303161638,0.4704029789635466,0.2925715159110113,0.2298081501179069,-1.208393965095303,0.3228982679844508,-0.12183871861563,-0.10174212414373987,-0.7517651403284096,-0.2570694477358032,0.5670011590379452,0.8893682244523309,0.9531520043868265,-0.46172261374666285,0.41443880955067713,-0.42227819217686186,-0.17063476336501324,0.0917735220313576,-0.5317158214086978,0.18634165979182327,-0.29808402611705703,0.26729802227289623,-0.32502570506588246,-0.4208578163564289,0.3074367324320714,-0.664159277233341,0.9377377886004333,-0.04755365925880404,0.6486882811115291,0.8927345781277721,0.22086967335185168,1.1628676200968733,-0.12489185527409664,0.16629177822001462,-1.0338207100914978,-0.7202865322161753,-0.39034618444040026
2.781811853200975,0.5924222786968821,-1.4054365528270667,1.0636686766250045,0.8300362396601567,1.7527554710890632,-0.7028097190718878,0.15703982508677014,-0.642025707163942,-0.8024143511143629,0.21282867309281342,2.670152266841616,-2.223611590094502,0.41664210421733444,0.6727573222775045,1.8448764901769317,0.6064811670531213,-1.2308335639325858,-1.6935804375757806,-1.51045024992363,0.9040462667962053,-0.4125311647781897,1.4382598404350624,0.7319605881755498,-0.2042194409494038,1.2492582601013218,-0.5654550428453551,0.4702395994521336,-0.32502570506588246,1.3183747571248676,1.1711581065736267,-0.8743396404879282,1.0427361265393327,-2.0713985212157815,0.2807483536514624,-1.0227220910063541,-2.166090208958056,-0.521001414853317,-3.243234738855455,-0.13596781482167478,0.578529954523954,2.8352346003716584,0.39944902910427277,1.2593548363749498
4.374789724904775,1.4292251655925343,-3.6937180833063974,1.2972339783262818,1.5888129350479958,3.3308414490224454,-0.9009153853974368,0.1562229478869032,-1.2917797276113265,-0.7460962073644876,-0.6552019330837106,5.075592141452856,-1.8496506872531953,-0.9819399201182617,0.6411886623328886,2.1833463874283283,0.39510725856949686,-2.941418723590331,-2.8610053615828814,-3.0419045336517487,1.1770260452259462,-1.4401932794377772,2.12355093532497,0.2600644402304626,-1.0634759692339326,1.8468902354969403,-1.0562788749571306,0.4755425496370594,-0.4208578163564289,1.1711581065736267,2.401453441236667,-1.3867645407608038,1.0713691761872355,-3.963374229764393,-0.6772922626503397,-2.702674043092137,-4.318055494121058,-0.8254647343856176,-3.962823138889833,0.41621301273123495,-0.9346158450403196,4.209835520308355,2.7051836110308187,0.6814520908609113
-2.8214687898547077,-0.8564808023783277,2.18669947107598,-0.9020603531008501,-0.9629320522238431,-2.0742717050379818,0.6384398522956267,-0.09147278841886376,0.8016455622647849,0.5066412577636523,0.26181237322141065,-3.1102145034956683,1.4212754454765228,0.4099276386860542,-0.49289819167598614,-1.5231633583658377,-0.38327501347074355,1.752008324293047,1.7817634079271223,1.7907605971274845,-0.8012187568524151,0.7966030738832832,-1.3475812816815316,-0.29199160407789077,0.562628871806377,-1.2237669462988523,0.6489828191147502,-0.3990271474212635,0.3074367324320714,-0.8743396404879282,-1.3867645407608038,0.9321626438952407,-0.7806679314008959,2.4033541422205116,0.28246632942262834,1.5724699268714963,2.6032107935909155,0.5585526967023979,2.766963830628198,-0.11096607277568732,0.3519594945486892,-2.7735180420878334,-1.4294782878201653,-0.6210028037715968
2.2632162722642453,0.740830049579075,-1.821917617141625,0.5785446266961706,0.9578397713588344,1.8100123934476147,-1.4492153874478508,0.17278631674178244,-1.1264853675296833,-0.8849184218269864,-0.37024820806024356,2.9823415390845756,-1.2542231144272091,0.6206876082378021,0.37686232190507557,2.0570099992470627,0.7420887201096809,-1.2831808530947324,-2.2594784844357227,-2.333939808991559,1.2287266645618977,-0.8949061204751064,1.207149510032878,0.6024606917999947,-0.11826902116774937,1.38282738435122,-0.4635750853194917,0.7550979778290419,-0.664159277233341,1.0427361265393327,1.0713691761872355,-0.7806679314008959,1.7789982204267443,-2.319465505876944,0.35137250675698417,-1.4377399426810522,-2.168580626885094,-0.5684968365017925,-3.2285373313306485,0.2118149016527054,-0.004624504600499964,2.7503673755299727,1.382922252968311,1.2808084047280697
-7.335123251026161,-2.490098225932279,6.438827536527682,-2.095685366435372,-2.7762264660047267,-5.742412644814098,2.0049656334389434,-0.29274330825009026,2.447438993154008,1.399075919011732,1.2472139940986908,-8.832942924399168,3.017867983167556,1.342638736836644,-1.0277097030341813,-4.069613553805861,-0.8732163732872013,4.987941714454479,5.206499656927947,5.55077754872561,-2.2430783499973965,2.6122761543726862,-3.5376816037364387,-0.5836425833483604,1.6706908202098194,-3.327135848183382,1.7671264326360447,-1.069422199995296,0.9377377886004333,-2.0713985212157815,-3.963374229764393,2.4033541422205116,-2.319465505876944,6.8890897956386565,0.9874471444961644,4.750780011778285,7.376959265752213,1.456362211225679,7.123175807211859,-0.745822566129241,1.6383605116041613,-7.3422397910271355,-4.870961837448596,-1.3976567854978246
-0.7901230514867196,-0.5112751182133936,1.4514520996952758,-0.10123354276894143,-0.3918016639586556,-0.8789372643223385,-0.12240263299097517,0.03390027962016554,0.26937959463327943,-0.24035006444033827,0.5570456467981153,-1.2660568313894818,-0.4881499746864235,1.2155074230443585,0.09576653107953104,0.09653797954653165,0.29227254893676813,1.0818877813676255,0.4219141218744601,0.6624526545679691,0.04447309773259839,0.6023428635659004,-0.2376622231735569,0.4252353035711344,0.6284549065319901,-0.21291632333032923,0.3010303328371302,0.09638860627690024,-0.04755365925880404,0.2807483536514624,-0.6772922626503397,0.28246632942262834,0.35137250675698417,0.9874471444961644,0.8453920845834553,1.0279703644483407,1.2622684910970126,0.11853479422560396,-0.0236918768126573,-0.3265066673462851,1.1762675885451939,-0.5489510542070625,-1.4990645893372814,0.7126741322978432
-4.664568701685289,-1.8187621496781925,4.78664357775066,-1.1685631862388268,-1.9196370762423929,-3.941787633513499,1.3810589944489762,-0.16658446023936657,1.766377607769898,0.7418813748825869,1.2234131836359396,-6.088757752006134,1.2624961723599855,1.3864212036905634,-0.46955484735065495,-2.47945116131584,-0.4126103454157913,3.5939250200722794,3.5329744509858623,3.9478595315020053,-1.4246977307972275,2.043147711244733,-2.1685050974992675,-0.1042910275750833,1.309127607803796,-2.1634457258268154,1.1953573039018521,-0.6917529422593776,0.6486882811115291,-1.0227220910063541,-2.702674043092137,1.5724699268714963,-1.4377399426810522,4.750780011778285,1.0279703644483407,3.5431529485817377,5.123605874828022,0.9482583769832615,4.279350350067873,-0.7274531697023825,1.79572372754449,-4.686176857880398,-4.04075504267869,-0.4678622612443507
-7.966464198110051,-2.695249356116824,6.993052547099429,-2.3284876201426083,-2.964389904872327,-6.199552384561332,1.898015713844097,-0.29563860524444496,2.508993514805167,1.3834349675275712,1.3001732160983237,-9.467495310334089,3.259795401701776,1.746362845136495,-1.1165510731885826,-4.1890478737145624,-0.8074949770685458,5.462923935817478,5.406916179756039,5.765717033713202,-2.2564260712549182,2.7642507567221175,-3.79376515510981,-0.5486756932830903,1.9151281730651701,-3.4988608858431016,1.9449817720646578,-1.0379163760415802,0.8927345781277721,-2.166090208958056,-4.318055494121058,2.6032107935909155,-2.168580626885094,7.376959265752213,1.2622684910970126,5.123605874828022,8.022747048257513,1.5358174413045884,7.445070501010186,-0.7757706472202248,1.8688297027220468,-7.824308610983236,-5.234258485295238,-1.2763821306287837
-1.6916300863799398,-0.5193390521541329,1.3112239749263164,-0.5169905093193327,-0.5842692818800512,-1.2541612154746782,0.4593319287480997,-0.05012751010929583,0.5268902261011313,0.3251105596835691,0.18482648535900909,-1.8944633427969824,0.8254559164659022,0.18455705704564515,-0.3033909762004778,-0.9533793123783367,-0.2717422532987021,1.0406314498269733,1.1309171776684972,1.137878774798149,-0.5345389839781071,0.4989170081943322,-0.8260303643868689,-0.1653956732817421,0.31483797136604136,-0.7570441302800054,0.3751893788571021,-0.27246843024549944,0.22086967335185168,-0.521001414853317,-0.8254647343856176,0.5585526967023979,-0.5684968365017925,1.456362211225679,0.11853479422560396,0.9482583769832615,1.5358174413045884,0.36077116750479715,1.7248427293516158,-0.07714214225614134,0.2024093361970583,-1.699676417411947,-0.882923155049088,-0.4274109945644271
-8.490909901854135,-2.349455528112556,5.842543210492943,-2.8052825624511,-2.865717690681372,-6.017066125321525,2.4753824370529482,-0.38480932264349815,2.5161375586532024,2.0710423088809335,0.40850855127078195,-9.20549971099757,5.141282731304618,-0.07848291580372181,-1.671474925662682,-5.335173921125398,-1.6089958305925334,4.703649678948483,5.727125569533296,5.5955392591041475,-2.835488203332928,2.151634020782547,-4.247774317482709,-1.4822659898758257,1.1720734285557797,-3.9219256762441734,1.840283483501429,-1.4934575024525751,1.1628676200968733,-3.243234738855455,-3.962823138889833,2.766963830628198,-3.2285373313306485,7.123175807211859,-0.0236918768126573,4.279350350067873,7.445070501010186,1.7248427293516158,9.350522049920931,-0.1615329314838268,-0.016572934921235585,-8.71241975164636,-3.404853500776853,-2.9249575827803853
0.3185355118306739,0.3275910993874664,-0.9117700058100675,-0.09141602896677925,0.30583540522948366,0.5292952660910398,-0.2818877414606019,0.02537780951319081,-0.3589351870432552,-0.03198826206816413,-0.49869295223905247,0.9218878421545755,0.4608270837895963,-0.41748443235360033,-0.14610559766815254,0.1686365852912472,-0.08223306385660538,-0.5923485604385271,-0.5786703943837873,-0.8223122592122617,0.16735195798392608,-0.5188558943629821,0.1403013398979994,-0.1795741759901829,-0.27701417406867496,0.22672412046628973,-0.14241872982365578,0.06084684408300112,-0.12489185527409664,-0.13596781482167478,0.41621301273123495,-0.11096607277568732,0.2118149016527054,-0.745822566129241,-0.3265066673462851,-0.7274531697023825,-0.7757706472202248,-0.07714214225614134,-0.1615329314838268,0.3564413823936644,-0.7211299752601456,0.3824342783954269,1.1382900450425122,-0.22047654074955897
-0.8142157694455909,-0.8494014770841517,2.411211897931213,0.17732207749826137,-0.6710503339304319,-1.3331661214738477,0.34295227097866726,0.031182131440525476,0.7315281224366422,-0.27558209583633614,1.2110475638061,-2.0854291125821587,-1.351425845463585,1.615410251135585,0.34486436802959985,-0.029583851006315737,0.330282308661812,1.6203168539815667,1.0273809392122302,1.5586471594804505,-0.1649738147635451,1.2161163304284528,-0.20021796893076432,0.6901593944639537,0.8568762315370894,-0.41600767809308614,0.3755970233809883,-0.05595673373276254,0.16629177822001462,0.578529954523954,-0.9346158450403196,0.3519594945486892,-0.004624504600499964,1.6383605116041613,1.1762675885451939,1.79572372754449,1.8688297027220468,0.2024093361970583,-0.016572934921235585,-0.7211299752601456,2.103769337666745,-0.7635274365363324,-2.864366289073618,1.0057424208083112
8.522956715868784,2.5402540757492185,-6.430416318492291,2.7064255807363655,2.9475836806235316,6.2307510947275455,-2.1874350543121346,0.33295596778815445,-2.5212434527708276,-1.7745283264808103,-0.7552963788173924,9.476149972555678,-4.503121818331013,-0.7750864559068318,1.5160193463225453,4.89106800806224,1.2916840060709112,-5.142941993242083,-5.636555314707896,-5.675269689537347,2.613111677048679,-2.41038358733596,4.179312429009692,1.0682788578065918,-1.5425483781498912,3.800171042906222,-1.929170696309526,1.294768717133409,-1.0338207100914978,2.8352346003716584,4.209835520308355,-2.7735180420878334,2.7503673755299727,-7.3422397910271355,-0.5489510542070625,-4.686176857880398,-7.824308610983236,-1.699676417411947,-8.71241975164636,0.3824342783954269,-0.7635274365363324,8.528302384620112,4.173932637642828,2.2499542283276712
4.050826868193396,2.006042464277485,-5.393591212588427,0.6783546876083993,1.9815605579191249,3.962716751931108,-1.5394468391587888,0.12840517333709645,-1.997375127506651,-0.4727361693435677,-1.8835531717715244,6.22375968099113,0.08634863126158751,-1.997269932622263,0.0700202455753709,2.075509071255354,0.16308493008256073,-3.85524179670553,-3.626457129482793,-4.366086761431787,1.3372899416778274,-2.5138518574684614,1.7875975543620544,-0.353981218062841,-1.5322409438359466,2.0205151763504983,-1.1525405811061382,0.6664198133511009,-0.7202865322161753,0.39944902910427277,2.7051836110308187,-1.4294782878201653,1.382922252968311,-4.870961837448596,-1.4990645893372814,-4.04075504267869,-5.234258485295238,-0.882923155049088,-3.404853500776853,1.1382900450425122,-2.864366289073618,4.173932637642828,5.251269759152662,-0.21308313654598962
1.9899472814717554,0.2986659427860378,-0.5943198902667661,0.7978348265531241,0.5675703177851762,1.1344931122471678,-0.8538645453663615,0.15525061989917852,-0.5449094017613542,-0.8561670730294425,0.35129214251194013,1.8062904537724478,-2.0366015051775004,1.0437507745319776,0.5992477567717849,1.7422477043863422,0.7333182954412825,-0.5572658695327672,-1.4246126130666914,-1.1853187307348403,0.9099744403126699,-0.15971342248470163,1.1306578864345476,0.8312743118520604,0.15845491776966486,1.0393595058511162,-0.326358927498558,0.5315855875054628,-0.39034618444040026,1.2593548363749498,0.6814520908609113,-0.6210028037715968,1.2808084047280697,-1.3976567854978246,0.7126741322978432,-0.4678622612443507,-1.2763821306287837,-0.4274109945644271,-2.9249575827803853,-0.22047654074955897,1.0057424208083112,2.2499542283276712,-0.21308313654598962,1.5086328349144238
