V1,V2,V3,V4,V5,V6,V7,V8,V9,V10,V11,V12,V13,V14,V15,V16,V17,V18,V19,V20,V21,V22,V23,V24,V25,V26,V27,V28,V29,V30,V31,V32,V33,V34,V35,V36,V37,V38,V39,V40,V41,V42,V43,V44
0.40814401559550023,-0.26168358260598434,-0.09307449180954339,0.03938151433835218,-0.2616637646665251,-0.33474493838047503,0.0016911541193924155,0.4081294594344933,-0.08599921655507062,-0.48302693992272955,0.3010765700246656,0.03782970313839919,-0.9653306210794854,0.12447301879342847,0.4640044746301359,0.2559784980733893,0.47802981010532913,0.23053093843615305,0.7159535961856367,0.015833698827646823,0.19620059328966816,0.340327883386547,0.1224547702374954,0.7180445681220801,0.36284783293179673,-0.36119178299130394,0.11436870438097382,-0.1866970664738583,0.29044308010953435,0.4434055566132799,-0.2408400776318935,0.24953910101202872,0.26190859966998725,0.1435814303430739,0.2009102605925909,0.22099805716900114,0.31345528453706295,-0.06767822504582377,-0.5124249470763204,-0.4180571647981948,1.1197312635078438,0.31045337747439045,-1.1371353324769653,0.977551392535491
-0.26168358260598434,0.4028358638987359,-0.32664490621081377,0.4187518842289205,0.34763455054840536,0.8220887256629243,0.16976540927307765,0.2645834761672772,-0.11079478957524162,0.12401647954201162,0.33410730004314226,0.3493215931852368,0.35230072796143275,-0.2645352974047925,0.11131448162979998,-0.12179435680584898,-0.031263569079077555,-0.2646135288316303,-0.16492056467147803,0.10872390765651375,-0.11184700407434076,-0.49216072543210954,0.06290902302276839,-0.3476313912191064,-0.18599138614041097,0.320983755477723,-0.09816353638160726,0.28350403032575994,-0.16611588717621728,-0.43207104911889427,-0.05019803074115519,0.10248802018973245,-0.3832754919622083,0.06803747992327695,-0.11324941731267325,-0.18418486126690875,-0.5153467083970724,0.9806559297138401,-0.17233793488710752,0.32223934250632347,-0.541263549467591,-0.3527685755647294,0.8190817315243166,-0.14756701724929755
-0.09307449180954339,-0.32664490621081377,4.4173176826483616,1.26021700397105,0.470336896667304,0.05541748739229658,-0.16127435358260955,-2.0244243567901283,1.6774497697329849,1.279960278967859,1.0800397980024414,-1.8814439288693532,-0.968758096124283,3.381306095548461,-1.0503703638795463,0.7355432417049982,-0.9321616931111791,1.0436627212650555,-3.0497501802575377,1.721420497216062,-0.2528577655730386,1.0531398198544744,0.7326853126105489,-1.075940093701395,-0.16300440967069943,1.9306852922774147,-0.334836571979516,0.8311730700716867,-1.1197900111508294,0.8133499136385057,0.874239561034956,-1.5965843591924722,-0.20875721311554024,0.4044279376093527,1.8365366978649835,2.0815511595697425,0.4906608269706015,-0.6031848245588516,-0.8342552880899284,-0.16509969311623707,0.16079819212748056,0.4904962554010823,-0.9533954491738164,-1.2460865371845167
0.03938151433835218,0.4187518842289205,1.26021700397105,2.154257024285515,0.7441448557909639,1.8597339113977078,0.3610212673040976,0.5316370336991838,0.4668463584935891,0.2325928767075781,2.242295841659844,0.13649012483170503,-1.4899287438999227,1.316764121050281,0.6479211788835184,0.5284848583579984,0.39309693622037944,0.25894329443203434,-0.702046728220194,1.3180093049973132,-0.05111216547578366,-0.19617490357754802,0.910224329488334,-0.15752632249996873,0.10385013324875551,1.2933467033920225,-0.256912559398579,0.887835404856156,-0.47634021404846066,0.03371933368139189,-0.09948075279263668,-0.032417696039177595,-0.7987225686442477,0.745654820760242,1.0808417934509176,1.1557000135657538,-0.6144500853584157,2.5906662380019276,-2.0223407677530156,-0.006604527302319075,0.8150129615343304,-0.1563413334747761,-0.43061777037750015,0.9168741021631983
-0.2616637646665251,0.34763455054840536,0.470336896667304,0.7441448557909639,0.4958921174557893,0.9734015715462829,0.1339146848007466,-0.018280335996695266,0.24376670892145957,0.4443496167524981,0.6699026957766422,0.08319720445095113,0.1599378114873226,0.37826376185086524,-0.03882711849883325,0.03323777989442282,-0.15239184291086627,-0.10983495247684708,-0.7751740973836614,0.5252899667626995,-0.15163624909224058,-0.28224190024798895,0.2893217585971221,-0.5930233806420906,-0.2339672919121892,0.7513128120628314,-0.18568327847440042,0.49895210071325174,-0.38793142038430467,-0.3673458006949582,0.1441869494783224,-0.1828458029252325,-0.4961621862037499,0.19619583630376336,0.29309887575681326,0.2664861371455376,-0.5478624077918814,1.1035974498505952,-0.45785051989919884,0.2964842537782564,-0.4867330003717884,-0.28587827121616244,0.6383718567298222,-0.2809851398134257
-0.33474493838047503,0.8220887256629243,0.05541748739229658,1.8597339113977078,0.9734015715462829,2.4227982650692654,0.4575516454770678,0.8804176646301326,0.10008629849375435,0.3504192354054388,1.9299183003621447,0.7411269455168664,-0.34937221093463355,0.2893108588057566,0.6678789119766396,0.12100819652828755,0.2772074896147615,-0.31179208023591704,-0.6078899174585388,0.9950540749689979,-0.1724957609758623,-0.7942111579942488,0.7083273653375747,-0.6180625266459159,-0.2151124791717825,1.2565199826095625,-0.3239417707695701,1.0177334708720296,-0.4985186777114165,-0.7517127196310969,-0.15509348352072835,0.19532177340152343,-1.0504281171218308,0.6090799476459,0.504020176730358,0.39752746789853105,-1.3084166269036723,3.2196473273457324,-1.6029744235380516,0.48252862965591464,-0.26224856063746327,-0.6601185771560174,0.9240451181994002,0.5126580574891297
0.0016911541193924155,0.16976540927307765,-0.16127435358260955,0.3610212673040976,0.1339146848007466,0.4575516454770678,0.16856002714282045,0.37913026210680745,-0.12110385896698439,-0.22157372762803637,0.494374428070747,0.20197110384273553,-0.34365382462532573,-0.007634967055761504,0.376788130054812,0.07781472607866263,0.21868898772059095,-0.019836037403914136,0.1942580286267854,0.15743049278139612,0.010058568977696906,-0.14688941978267248,0.12009919220127277,0.12178275086030141,0.07327923910779305,0.13246997694183746,-0.023686054743858834,0.19280707352635998,-0.01868641369251601,-0.04288998600650881,-0.21265734737650716,0.16966694546795913,-0.10526217890541886,0.1621702002023349,0.1066943030010828,0.009981978727847427,-0.22292358995632794,0.7016875674735918,-0.5000702866805532,0.035551811737589374,0.23667993581723715,-0.10158292945170766,-0.0657380542572815,0.42893366178856013
0.4081294594344933,0.2645834761672772,-2.0244243567901283,0.5316370336991838,-0.018280335996695266,0.8804176646301326,0.37913026210680745,1.992715098789573,-0.8313775303263384,-1.1554848322857048,1.0778919806154479,1.2593687862073488,-1.1853288416680516,-1.1222172768649397,1.5619527434767633,0.1328184274071159,1.2581903422211913,-0.29430097357524304,2.0325461353442726,-0.14946012091014796,0.28179141791927503,-0.4412882824993222,0.2284961976598674,1.1667031796180278,0.48542788072947707,-0.632279749528814,0.13216121959724023,-0.00727013255918142,0.6009002622761668,-0.12260489300583499,-0.8813520467843607,1.1525788019240064,-0.09091047428526476,0.3874069369497938,-0.20721095830734862,-0.4309467532299989,-0.51981046554013155,1.9869977288768499,-1.3140028685288434,-0.21367008390510986,1.3850623519744845,-0.15955688036059706,-0.6936696382221578,2.2655780732795594
-0.08599921655507062,-0.11079478957524162,1.6774497697329849,0.4668463584935891,0.24376670892145957,0.10008629849375435,-0.12110385896698439,-0.8313775303263384,0.74489594545218,0.7292212073824345,0.3453831574345256,-0.6736472383777704,-0.09516802222631227,1.2459603526267833,-0.5507542773321595,0.22408684461862488,-0.44446397063528237,0.2893019885047314,-1.3859356657823048,0.6952056655881812,-0.1314276972518531,0.37018277016750856,0.3219736793866911,-0.6311596227712185,-0.17206367342643814,0.8161953221930592,-0.16925833604230534,0.34549961712735855,-0.4705949949871292,0.14638829868951314,0.46753210508144954,-0.6774191576511277,-0.1945692061662373,0.13368687160541384,0.6730020858875291,0.7984421529633302,0.0689011715382242,-0.16026763725543117,-0.21033998297502512,0.004508142160511084,-0.1879245134536347,0.13969004557433562,-0.10279609684696925,-0.6720203346857636
-0.48302693992272955,0.12401647954201162,1.279960278967859,0.2325928767075781,0.4443496167524981,0.3504192354054388,-0.22157372762803637,-1.1554848322857048,0.7292212073824345,1.3915447371462997,-0.30520439452796705,-0.4556694699758655,1.2737218829569956,0.664313153433586,-1.164265875704456,-0.20917520477571272,-0.917898452743345,-0.11704389535851943,-1.9033578072725323,0.4007802122768864,-0.29994738404338706,-0.07491331867087239,0.11649181038080278,-1.3717926919958305,-0.6201857725507333,0.936486581622452,-0.2553199989815761,0.3070488457216425,-0.6130642439650343,-0.5095435012240258,0.8207998184994416,-0.7807327624461793,-0.5206971418250891,-0.15363606114635978,0.15663133745019675,0.41443608498578455,-0.28547613797054955,-0.13487699677031656,0.6863324504400549,0.4256465562671212,-1.5432630308671071,-0.21316190292822249,1.3321738255186046,-1.7724199033707255
0.3010765700246656,0.33410730004314226,1.0800397980024414,2.242295841659844,0.6699026957766422,1.9299183003621447,0.494374428070747,1.0778919806154479,0.3453831574345256,-0.30520439452796705,2.896800243517935,0.26899032239034104,-2.3861237721771937,1.4650152678882404,1.3514019475968333,0.8016916251045667,0.857801334428808,0.3939379108609791,-0.18730595311386639,1.5688282917304353,0.08230832541878036,0.10827584592459845,1.116156024068588,0.34506318363100735,0.4006303151583109,1.2326477807927725,-0.24203983730296494,1.067275595107774,-0.3630273543885563,0.25137294485090167,-0.4677741091000716,0.1812111070627928,-0.5842066542157537,1.0447737442500888,1.4305747079100493,1.2841129726520706,-0.7240305376292743,3.0104704534229163,-2.915517893458027,-0.23533367581836528,1.7627101226195145,-0.04401594828327977,-1.352815892009218,1.96157607883262
0.03782970313839919,0.3493215931852368,-1.8814439288693532,0.13649012483170503,0.08319720445095113,0.7411269455168664,0.20197110384273553,1.2593687862073488,-0.6736472383777704,-0.4556694699758655,0.26899032239034104,1.103114703141849,0.10286806742788296,-1.319169458929609,0.7462305635860674,-0.21712999635063954,0.6052450023080191,-0.5144498229386557,1.2358910087518409,-0.38242797626458414,0.10426847976538496,-0.6281769243335011,-0.013616684050081868,0.39218797447783577,0.0605290247913435,-0.47446109106872253,0.054014048724069647,-0.07327463843569305,0.3827328315204934,-0.5309258470022036,-0.4279789035691198,0.8109524213645384,-0.24713168223684875,0.06281425766011699,-0.5729460904604328,-0.64988393978108006,-0.5985821956007598,1.3839899032251886,-0.29532241652624713,0.11505656840342421,0.09132912947093923,-0.3512128838034941,0.47300210182592056,0.9201515582624276
-0.9653306210794854,0.35230072796143275,-0.968758096124283,-1.4899287438999227,0.1599378114873226,-0.34937221093463355,-0.34365382462532573,-1.1853288416680516,-0.09516802222631227,1.2737218829569956,-2.3861237721771937,0.10286806742788296,3.641911329503532,-1.5102316290128839,-1.6926804690595205,-1.0863477102993617,-1.3643216190334302,-0.9298621965804799,-1.162027311671256,-1.0441836720699762,-0.4079239575911457,-0.8191723045673838,-0.8577274686688864,-1.702499688881957,-1.0388169887292733,-0.1390684360489169,-0.09177133228152544,-0.3089846368827519,-0.2551238242302299,-1.3134733728523773,0.8286880133354458,-0.45399049415791254,-0.2915807670151095,-0.9367971246761729,-1.4280703082157078,-1.3308738711723496,-0.42605734764703723,-1.349632263734193,2.8179038465001636,0.9911087970455216,-3.4153695278500953,-0.6593630736617061,3.30882494211345,-3.0112599629326318
0.12447301879342847,-0.2645352974047925,3.381306095548461,1.316764121050281,0.37826376185086524,0.2893108588057566,-0.007634967055761504,-1.1222172768649397,1.2459603526267833,0.664313153433586,1.4650152678882404,-1.319169458929609,-1.5102316290128839,2.808170943087216,-0.29898283851360297,0.7827786068331081,-0.3433861767015071,0.9224657023970166,-2.0227863961020094,1.5742373312580533,-0.10255078836584296,0.9400407493647529,0.788294261377107,-0.4736573153877785,0.08684858768188286,1.5354311960284321,-0.2559432166903231,0.7919218545250853,-0.796662907946746,0.786030050267794,0.4323777184181293,-1.043777132841467,-0.13383817249610958,0.5565139260236978,1.710532016241695,1.8169291321450234,0.2960220397742475,0.10278042946548471,-1.3929439236466103,-0.30145856966158086,0.8638298973748505,0.4498478310234702,-1.3815023903423693,-0.16811330002065872
0.4640044746301359,0.11131448162979998,-1.0503703638795463,0.6479211788835184,-0.03882711849883325,0.6678789119766396,0.376788130054812,1.5619527434767633,-0.5507542773321595,-1.164265875704456,1.3514019475968333,0.7462305635860674,-1.6926804690595205,-0.29898283851360297,1.5243597280092593,0.37426600889218886,1.1282289532009073,0.06209548551610227,1.5651498649253628,0.21068794189278514,0.2746418528538638,-0.03169556615296485,0.3463280082641302,1.158502174060765,0.5790798145427247,-0.3148096554978571,0.09260401691218936,0.1846114800567639,0.3989810871399086,0.25040651608222747,-0.8522470130376464,0.8342175234746585,0.09000235407979426,0.5186091449105519,0.27363862112270054,0.007107715731142447,-0.2899519120781355,1.5990955565665015,-1.6512995845962652,-0.34772872976943453,1.7442309381584895,0.03047766799092122,-1.299792195998818,2.226252692940021
0.2559784980733893,-0.12179435680584898,0.7355432417049982,0.5284848583579984,0.03323777989442282,0.12100819652828755,0.07781472607866263,0.1328184274071159,0.22408684461862488,-0.20917520477571272,0.8016916251045667,-0.21712999635063954,-1.0863477102993617,0.7827786068331081,0.37426600889218886,0.4044112233475179,0.2872780837712439,0.346306823361397,-0.02811161303162025,0.5143750917797891,0.08376507745971977,0.35342754165728996,0.3319442516240268,0.33074828124471334,0.25691319083109926,0.2585137024614937,-0.014995634493825129,0.19897844876680776,-0.06833892213477225,0.42746159082299695,-0.1294735482464344,-0.06577323554681407,0.044476619278411775,0.3162495526504791,0.6194761334004154,0.581910038616624,0.12487545469137167,0.33332035544496574,-0.8995991344577794,-0.28050571923432344,0.9467370428123527,0.2327613341242603,-1.0084491372975217,0.7183462223646964
0.47802981010532913,-0.031263569079077555,-0.9321616931111791,0.39309693622037944,-0.15239184291086627,0.2772074896147615,0.21868898772059095,1.2581903422211913,-0.44446397063528237,-0.917898452743345,0.857801334428808,0.6052450023080191,-1.3643216190334302,-0.3433861767015071,1.1282289532009073,0.2872780837712439,0.967330503591759,0.06414208585976161,1.4423032084966778,0.014172416843391482,0.26552057363292736,0.024685836569100665,0.22865873702174344,1.0757177741598916,0.5015222253881065,-0.47507295253370907,0.1353272415429286,-0.07722772965727559,0.4513624554332068,0.2789767499925425,-0.6238039459941601,0.7171277055052092,0.1170329360394478,0.32800282616995025,0.1259260713908445,0.004778623354963393,-0.049377516509918576,1.0165880522751796,-1.113313105830625,-0.389015677548815,1.5179486790916696,0.13520802881897043,-1.189049192463045,1.8316932040129708
0.23053093843615305,-0.2646135288316303,1.0436627212650555,0.25894329443203434,-0.10983495247684708,-0.31179208023591704,-0.019836037403914136,-0.29430097357524304,0.2893019885047314,-0.11704389535851943,0.3939379108609791,-0.5144498229386557,-0.9298621965804799,0.9224657023970166,0.06209548551610227,0.346306823361397,0.06414208585976161,0.4804074390241136,-0.2024977614394332,0.36023015331172487,0.06688692355986785,0.48837310664643496,0.17781777702611617,0.2899262496128602,0.23716325400921326,0.18948385250316796,0.015278003310487759,0.05098077996574227,-0.08195341478044738,0.5792614864362631,-0.009948698024103322,-0.22675882842094783,0.21289740963387835,0.17439011657984377,0.5627594318853151,0.6053685884068439,0.41808332136176724,-0.37411585875219244,-0.4856930535552705,-0.3159731307563628,0.8068037688817942,0.32935171042268496,-1.0479760634845303,0.30990667801386723
0.7159535961856367,-0.16492056467147803,-3.0497501802575377,-0.702046728220194,-0.7751740973836614,-0.6078899174585388,0.1942580286267854,2.0325461353442726,-1.3859356657823048,-1.9033578072725323,-0.18730595311386639,1.2358910087518409,-1.162027311671256,-2.0227863961020094,1.5651498649253628,-0.02811161303162025,1.4423032084966778,-0.2024977614394332,3.4182027909409594,-1.1850339633031,0.49585632703811955,-0.23770709559558797,-0.3851915662512049,2.09339767869916,0.8011777929113857,-1.938798281160601,0.4585784996836206,-0.8955485226043728,1.2289624462296322,0.36930083000294994,-1.1292861118801214,1.5163234962053311,0.6409429825217019,-0.02670915408638028,-0.9115392115101266,-1.085023996942274,0.33782904644542544,0.21950529133300103,-0.3045053164238196,-0.5731945905354124,1.8540315809200276,0.18248097198053465,-1.3436383121824707,2.515977497237611
0.015833698827646823,0.10872390765651375,1.721420497216062,1.3180093049973132,0.5252899667626995,0.9950540749689979,0.15743049278139612,-0.14946012091014796,0.6952056655881812,0.4007802122768864,1.5688282917304353,-0.38242797626458414,-1.0441836720699762,1.5742373312580533,0.21068794189278514,0.5143750917797891,0.014172416843391482,0.36023015331172487,-1.1850339633031,1.2584870858216004,-0.08178194407789038,0.31661666842725766,0.7327380075736398,-0.39425431004362826,0.017407888622950562,1.219777575456522,-0.2525582770389385,0.8132915110118191,-0.5641538961032756,0.15864531042217905,0.13032498938339013,-0.4573030881892227,-0.4072963687403324,0.5726335021801368,1.154011457923768,1.1171106691946286,-0.3580232658813446,1.2680621902858071,-1.4755833167762562,-0.03719953591986106,0.5389507715731616,0.03572717600093363,-0.5858574339881258,0.3258916379658841
0.19620059328966816,-0.11184700407434076,-0.2528577655730386,-0.05111216547578366,-0.15163624909224058,-0.1724957609758623,0.010058568977696906,0.28179141791927503,-0.1314276972518531,-0.29994738404338706,0.08230832541878036,0.10426847976538496,-0.4079239575911457,-0.10255078836584296,0.2746418528538638,0.08376507745971977,0.26552057363292736,0.06688692355986785,0.49585632703811955,-0.08178194407789038,0.11237173649785874,0.11671238978434517,0.014454827237128749,0.4013837840018862,0.1844230402443491,-0.26926037682803317,0.07422032179125747,-0.12634090543033377,0.19409688906304434,0.1803148906355889,-0.16172372164931414,0.1991424887690713,0.15141083134308175,0.04844604513264351,-0.002275345157141191,0.003410523156974083,0.1336719284057217,-0.02079548643984583,-0.19252585950295384,-0.19161362053675696,0.5249150181065014,0.12430379546867881,-0.5017039415606263,0.518745478422635
0.340327883386547,-0.49216072543210954,1.0531398198544744,-0.19617490357754802,-0.28224190024798895,-0.7942111579942488,-0.14688941978267248,-0.4412882824993222,0.37018277016750856,-0.07491331867087239,0.10827584592459845,-0.6281769243335011,-0.8191723045673838,0.9400407493647529,-0.03169556615296485,0.35342754165728996,0.024685836569100665,0.48837310664643496,-0.23770709559558797,0.31661666842725766,0.11671238978434517,0.8512893521807257,0.16064173306812277,0.30185788256293994,0.24442557333824338,0.026642334785090503,0.03182275507987974,-0.03419934757398676,-0.008685424696414486,0.6225830935366907,0.08721483623195293,-0.3203638047425418,0.4383714522851929,0.10941001086634844,0.5893268345347215,0.6169382597551366,0.5205927156505761,-0.9351854523467557,-0.3346084428603046,-0.4427863211954102,0.9082635348584097,0.4874538778975468,-1.3357068063727882,0.30089048339695534
0.1224547702374954,0.06290902302276839,0.7326853126105489,0.910224329488334,0.2893217585971221,0.7083273653375747,0.12009919220127277,0.2284961976598674,0.3219736793866911,0.11649181038080278,1.116156024068588,-0.013616684050081868,-0.8577274686688864,0.788294261377107,0.3463280082641302,0.3319442516240268,0.22865873702174344,0.17781777702611617,-0.3851915662512049,0.7327380075736398,0.014454827237128749,0.16064173306812277,0.5146572728278767,-0.032026591226504766,0.09629373024103716,0.6114612845835644,-0.129751283162999,0.446631393750945,-0.20945857970000722,0.08775901917037335,-0.017185986539176586,-0.07598184863107872,-0.27340253438404716,0.40362699026157806,0.6667156644751192,0.6779388579234803,-0.2638824127638421,1.0806765155284899,-1.101980024120394,-0.11326143110789963,0.6160119281988155,0.0353453384621356,-0.5332191599535023,0.5888039257359665
0.7180445681220801,-0.3476313912191064,-1.075940093701395,-0.15752632249996873,-0.5930233806420906,-0.6180625266459159,0.12178275086030141,1.1667031796180278,-0.6311596227712185,-1.3717926919958305,0.34506318363100735,0.39218797447783577,-1.702499688881957,-0.4736573153877785,1.158502174060765,0.33074828124471334,1.0757177741598916,0.2899262496128602,2.09339767869916,-0.39425431004362826,0.4013837840018862,0.30185788256293994,-0.032026591226504766,1.6696363978079944,0.7622056106275246,-1.087505874920613,0.3106819437997995,-0.5150555104060727,0.7492445974571772,0.7654212550285687,-0.7713203891597359,0.8215426521789008,0.5895314584325263,0.18213797870108694,-0.042285002452116825,-0.12269340426203836,0.5620323931671701,-0.05402213542643832,-0.76766050765130045,-0.6894811841989678,2.056544151225429,0.43287319945381303,-1.9082109902943434,2.0705562070303074
0.36284783293179673,-0.18599138614041097,-0.16300440967069943,0.10385013324875551,-0.2339672919121892,-0.2151124791717825,0.07327923910779305,0.48542788072947707,-0.17206367342643814,-0.6201857725507333,0.4006303151583109,0.0605290247913435,-1.0388169887292733,0.08684858768188286,0.5790798145427247,0.25691319083109926,0.5015222253881065,0.23716325400921326,0.8011777929113857,0.017407888622950562,0.1844230402443491,0.24442557333824338,0.09629373024103716,0.7622056106275246,0.3939631939192079,-0.33507974046344685,0.11307886284787778,-0.12237030456622794,0.2717597843699615,0.4545720616501721,-0.3517169693312497,0.29338737364050926,0.26755309689681755,0.18320277553931175,0.1918677789963833,0.1453575015339981,0.27190023355028775,0.06752916111416164,-0.6052285571056928,-0.36313215619047307,1.1237909253216505,0.24518224815504963,-1.0954509476257102,1.0430929077239863
-0.36119178299130394,0.320983755477723,1.9306852922774147,1.2933467033920225,0.7513128120628314,1.2565199826095625,0.13246997694183746,-0.632279749528814,0.8161953221930592,0.936486581622452,1.2326477807927725,-0.47446109106872253,-0.1390684360489169,1.5354311960284321,-0.3148096554978571,0.2585137024614937,-0.47507295253370907,0.18948385250316796,-1.938798281160601,1.219777575456522,-0.26926037682803317,0.026642334785090503,0.6114612845835644,-1.087505874920613,-0.33507974046344685,1.5859120313945916,-0.3604812111338929,0.9507535334300128,-0.84102611053756815,-0.2333469135710015,0.40465762117337956,-0.7138288499788492,-0.6465987124918936,0.40892891336894965,0.97099769602313,0.9827869810467269,-0.5922278895255435,1.2438213466028067,-0.9286431127198973,0.32866732416350436,-0.5178407776470878,-0.22749093357510233,0.4642305484348756,-0.6867037211946306
0.11436870438097382,-0.09816353638160726,-0.334836571979516,-0.256912559398579,-0.18568327847440042,-0.3239417707695701,-0.023686054743858834,0.13216121959724023,-0.16925833604230534,-0.2553199989815761,-0.24203983730296494,0.054014048724069647,-0.09177133228152544,-0.2559432166903231,0.09260401691218936,-0.014995634493825129,0.1353272415429286,0.015278003310487759,0.4585784996836206,-0.2525582770389385,0.07422032179125747,0.03182275507987974,-0.129751283162999,0.3106819437997995,0.11307886284787778,-0.3604812111338929,0.09632056928048706,-0.22611395070431814,0.19479476072727944,0.13388335020163084,-0.1073624532199374,0.15380234583996757,0.17488580760826258,-0.08047903266961115,-0.16804327183897522,-0.16770693195840078,0.20008981572858095,-0.3246685536782406,0.16486374609979307,-0.11379629782374276,0.2299967993769705,0.09558070737806376,-0.23731342508427938,0.21523617775321033
-0.1866970664738583,0.28350403032575994,0.8311730700716867,0.887835404856156,0.49895210071325174,1.0177334708720296,0.19280707352635998,-0.00727013255918142,0.34549961712735855,0.3070488457216425,1.067275595107774,-0.07327463843569305,-0.3089846368827519,0.7919218545250853,0.1846114800567639,0.19897844876680776,-0.07722772965727559,0.05098077996574227,-0.8955485226043728,0.8132915110118191,-0.12634090543033377,-0.03419934757398676,0.446631393750945,-0.5150555104060727,-0.12237030456622794,0.9507535334300128,-0.22611395070431814,0.7255825998145422,-0.46202827763535026,-0.19983609831517168,0.03696449473309229,-0.25383546489918357,-0.38633964245602925,0.37679886472933716,0.6242995150502845,0.5025128337249167,-0.5611327490479936,1.2198046657821906,-0.9520158428827242,0.20890715637956228,-0.07905748351593175,-0.2100097199495364,0.1663102330150671,0.02324613285678578
0.29044308010953435,-0.16611588717621728,-1.1197900111508294,-0.47634021404846066,-0.38793142038430467,-0.4985186777114165,-0.01868641369251601,0.6009002622761668,-0.4705949949871292,-0.6130642439650343,-0.3630273543885563,0.3827328315204934,-0.2551238242302299,-0.796662907946746,0.3989810871399086,-0.06833892213477225,0.4513624554332068,-0.08195341478044738,1.2289624462296322,-0.5641538961032756,0.19409688906304434,-0.008685424696414486,-0.20945857970000722,0.7492445974571772,0.2717597843699615,-0.84102611053756815,0.19479476072727944,-0.46202827763535026,0.5133935580360166,0.1594621250665271,-0.317558118606709,0.5172796861164699,0.3142538110687058,-0.1108567358580469,-0.4326614182417099,-0.426886401682749,0.25971356750605945,-0.2925207557256188,0.16646884147670377,-0.25557560517763006,0.606636583410707,0.13989196097714368,-0.4896834334739582,0.7539404213634275
0.4434055566132799,-0.43207104911889427,0.8133499136385057,0.03371933368139189,-0.3673458006949582,-0.7517127196310969,-0.04288998600650881,-0.12260489300583499,0.14638829868951314,-0.5095435012240258,0.25137294485090167,-0.5309258470022036,-1.3134733728523773,0.786030050267794,0.25040651608222747,0.42746159082299695,0.2789767499925425,0.5792614864362631,0.36930083000294994,0.15864531042217905,0.1803148906355889,0.6225830935366907,0.08775901917037335,0.7654212550285687,0.4545720616501721,-0.2333469135710015,0.13388335020163084,-0.19983609831517168,0.1594621250665271,0.8937479885745959,-0.1800043359132071,-0.06667897219653056,0.4639514126868627,0.14846555764152272,0.4829782985294286,0.5251892858988377,0.7509207474586679,-0.7862232148311035,-0.4725499745968674,-0.5407849849844035,1.3322244682531075,0.5271854235097235,-1.5978065251730755,0.7348194478304655
-0.2408400776318935,-0.05019803074115519,0.874239561034956,-0.09948075279263668,0.1441869494783224,-0.15509348352072835,-0.21265734737650716,-0.8813520467843607,0.46753210508144954,0.8207998184994416,-0.4677741091000716,-0.4279789035691198,0.8286880133354458,0.4323777184181293,-0.8522470130376464,-0.1294735482464344,-0.6238039459941601,-0.009948698024103322,-1.1292861118801214,0.13032498938339013,-0.16172372164931414,0.08721483623195293,-0.017185986539176586,-0.7713203891597359,-0.3517169693312497,0.40465762117337956,-0.1073624532199374,0.03696449473309229,-0.317558118606709,-0.1800043359132071,0.5800381635959001,-0.5474008239179211,-0.17513437949390678,-0.19366004543527301,0.05300377244469336,0.23990918827957,0.04563830679254906,-0.586596770130344,0.6648812328905505,0.1711132710049467,-0.9153345115969455,-0.008798124536844946,0.6551196607330189,-1.1960112883520857
0.24953910101202872,0.10248802018973245,-1.5965843591924722,-0.032417696039177595,-0.1828458029252325,0.19532177340152343,0.16966694546795913,1.1525788019240064,-0.6774191576511277,-0.7807327624461793,0.1812111070627928,0.8109524213645384,-0.45399049415791254,-1.043777132841467,0.8342175234746585,-0.06577323554681407,0.7171277055052092,-0.22675882842094783,1.5163234962053311,-0.4573030881892227,0.1991424887690713,-0.3203638047425418,-0.07598184863107872,0.8215426521789008,0.29338737364050926,-0.7138288499788492,0.15380234583996757,-0.25383546489918357,0.5172796861164699,-0.06667897219653056,-0.5474008239179211,0.8089050685194391,0.08356530524154018,0.0579305005971411,-0.4449663050846237,-0.5118085618799413,-0.14039602041617888,0.7470565870224989,-0.34443855476090063,-0.1504568975333129,0.7088708631783096,-0.07706600156405911,-0.30003218818583255,1.2122850016115265
0.26190859966998725,-0.3832754919622083,-0.20875721311554024,-0.7987225686442477,-0.4961621862037499,-1.0504281171218308,-0.10526217890541886,-0.09091047428526476,-0.1945692061662373,-0.5206971418250891,-0.5842066542157537,-0.24713168223684875,-0.2915807670151095,-0.13383817249610958,0.09000235407979426,0.044476619278411775,0.1170329360394478,0.21289740963387835,0.6409429825217019,-0.4072963687403324,0.15141083134308175,0.4383714522851929,-0.27340253438404716,0.5895314584325263,0.26755309689681755,-0.6465987124918936,0.17488580760826258,-0.38633964245602925,0.3142538110687058,0.4639514126868627,-0.17513437949390678,0.08356530524154018,0.6170939037678049,-0.14801755622777898,-0.13147564362779185,-0.19056780565937542,0.5654877905168497,-1.242284453760172,0.3231567429091413,-0.3151829092393377,0.5855789782988503,0.329658937112369,-0.8428837801985644,0.2965126264677269
0.1435814303430739,0.06803747992327695,0.4044279376093527,0.745654820760242,0.19619583630376336,0.6090799476459,0.1621702002023349,0.3874069369497938,0.13368687160541384,-0.15363606114635978,1.0447737442500888,0.06281425766011699,-0.9367971246761729,0.5565139260236978,0.5186091449105519,0.3162495526504791,0.32800282616995025,0.17439011657984377,-0.02670915408638028,0.5726335021801368,0.04844604513264351,0.10941001086634844,0.40362699026157806,0.18213797870108694,0.18320277553931175,0.40892891336894965,-0.08047903266961115,0.37679886472933716,-0.1108567358580469,0.14846555764152272,-0.19366004543527301,0.0579305005971411,-0.14801755622777898,0.4011739403620151,0.5459797511763591,0.4767807453303146,-0.22206027990673355,0.9930696476757136,-1.0828408181419016,-0.12057086223676543,0.7332334944213076,0.017220703590082726,-0.6163739753806613,0.7752944040870077
0.2009102605925909,-0.11324941731267325,1.8365366978649835,1.0808417934509176,0.29309887575681326,0.504020176730358,0.1066943030010828,-0.20721095830734862,0.6730020858875291,0.15663133745019675,1.4305747079100493,-0.5729460904604328,-1.4280703082157078,1.710532016241695,0.27363862112270054,0.6194761334004154,0.1259260713908445,0.5627594318853151,-0.9115392115101266,1.154011457923768,-0.002275345157141191,0.5893268345347215,0.6667156644751192,-0.042285002452116825,0.1918677789963833,0.97099769602313,-0.16804327183897522,0.6242995150502845,-0.4326614182417099,0.4829782985294286,0.05300377244469336,-0.4449663050846237,-0.13147564362779185,0.5459797511763591,1.2337842775829575,1.184894412367937,-0.020987391575499687,0.7109173240005375,-1.4670578370498133,-0.2573921212194246,1.0163740584721785,0.25465527840296154,-1.2058598742112263,0.5766808813362583
0.22099805716900114,-0.18418486126690875,2.0815511595697425,1.1557000135657538,0.2664861371455376,0.39752746789853105,0.009981978727847427,-0.4309467532299989,0.7984421529633302,0.41443608498578455,1.2841129726520706,-0.64988393978108006,-1.3308738711723496,1.8169291321450234,0.007107715731142447,0.581910038616624,0.004778623354963393,0.6053685884068439,-1.085023996942274,1.1171106691946286,0.003410523156974083,0.6169382597551366,0.6779388579234803,-0.12269340426203836,0.1453575015339981,0.9827869810467269,-0.16770693195840078,0.5025128337249167,-0.426886401682749,0.5251892858988377,0.23990918827957,-0.5118085618799413,-0.19056780565937542,0.4767807453303146,1.184894412367937,1.3623165240946316,0.13285721843969955,0.5361334471826413,-1.2448975591435998,-0.32492824159265654,0.927730587440171,0.3246491447788138,-1.1535003954741463,0.31815995650467105
0.31345528453706295,-0.5153467083970724,0.4906608269706015,-0.6144500853584157,-0.5478624077918814,-1.3084166269036723,-0.22292358995632794,-0.51981046554013155,0.0689011715382242,-0.28547613797054955,-0.7240305376292743,-0.5985821956007598,-0.42605734764703723,0.2960220397742475,-0.2899519120781355,0.12487545469137167,-0.049377516509918576,0.41808332136176724,0.33782904644542544,-0.3580232658813446,0.1336719284057217,0.5205927156505761,-0.2638824127638421,0.5620323931671701,0.27190023355028775,-0.5922278895255435,0.20008981572858095,-0.5611327490479936,0.25971356750605945,0.7509207474586679,0.04563830679254906,-0.14039602041617888,0.5654877905168497,-0.22206027990673355,-0.020987391575499687,0.13285721843969955,0.9736605707262563,-1.7005061421463858,0.5591433598261246,-0.4335905818809847,0.631526461487439,0.5155985065819093,-1.0036957615159117,-0.029582800501829185
-0.06767822504582377,0.9806559297138401,-0.6031848245588516,2.5906662380019276,1.1035974498505952,3.2196473273457324,0.7016875674735918,1.9869977288768499,-0.16026763725543117,-0.13487699677031656,3.0104704534229163,1.3839899032251886,-1.349632263734193,0.10278042946548471,1.5990955565665015,0.33332035544496574,1.0165880522751796,-0.37411585875219244,0.21950529133300103,1.2680621902858071,-0.02079548643984583,-0.9351854523467557,1.0806765155284899,-0.05402213542643832,0.06752916111416164,1.2438213466028067,-0.3246685536782406,1.2198046657821906,-0.2925207557256188,-0.7862232148311035,-0.586596770130344,0.7470565870224989,-1.242284453760172,0.9930696476757136,0.7109173240005375,0.5361334471826413,-1.7005061421463858,4.770506446562509,-2.7849043082993448,0.31244532234887024,0.7255914121534783,-0.7240494154943613,0.32820746600755196,1.92321673253295
-0.5124249470763204,-0.17233793488710752,-0.8342552880899284,-2.0223407677530156,-0.45785051989919884,-1.6029744235380516,-0.5000702866805532,-1.3140028685288434,-0.21033998297502512,0.6863324504400549,-2.915517893458027,-0.29532241652624713,2.8179038465001636,-1.3929439236466103,-1.6512995845962652,-0.8995991344577794,-1.113313105830625,-0.4856930535552705,-0.3045053164238196,-1.4755833167762562,-0.19252585950295384,-0.3346084428603046,-1.101980024120394,-0.76766050765130045,-0.6052285571056928,-0.9286431127198973,0.16486374609979307,-0.9520158428827242,0.16646884147670377,-0.4725499745968674,0.6648812328905505,-0.34443855476090063,0.3231567429091413,-1.0828408181419016,-1.4670578370498133,-1.2448975591435998,0.5591433598261246,-2.7849043082993448,3.115281670730675,0.44603502341422335,-2.343384726161785,-0.11720164343789134,1.9699499242351057,-2.4989904832453465
-0.4180571647981948,0.32223934250632347,-0.16509969311623707,-0.006604527302319075,0.2964842537782564,0.48252862965591464,0.035551811737589374,-0.21367008390510986,0.004508142160511084,0.4256465562671212,-0.23533367581836528,0.11505656840342421,0.9911087970455216,-0.30145856966158086,-0.34772872976943453,-0.28050571923432344,-0.389015677548815,-0.3159731307563628,-0.5731945905354124,-0.03719953591986106,-0.19161362053675696,-0.4427863211954102,-0.11326143110789963,-0.6894811841989678,-0.36313215619047307,0.32866732416350436,-0.11379629782374276,0.20890715637956228,-0.25557560517763006,-0.5407849849844035,0.1711132710049467,-0.1504568975333129,-0.3151829092393377,-0.12057086223676543,-0.2573921212194246,-0.32492824159265654,-0.4335905818809847,0.31244532234887024,0.44603502341422335,0.46642665242976344,-1.1292315459013467,-0.3786814156535377,1.2323348091497963,-0.8396061631986418
1.1197312635078438,-0.541263549467591,0.16079819212748056,0.8150129615343304,-0.4867330003717884,-0.26224856063746327,0.23667993581723715,1.3850623519744845,-0.1879245134536347,-1.5432630308671071,1.7627101226195145,0.09132912947093923,-3.4153695278500953,0.8638298973748505,1.7442309381584895,0.9467370428123527,1.5179486790916696,0.8068037688817942,1.8540315809200276,0.5389507715731616,0.5249150181065014,0.9082635348584097,0.6160119281988155,2.056544151225429,1.1237909253216505,-0.5178407776470878,0.2299967993769705,-0.07905748351593175,0.606636583410707,1.3322244682531075,-0.9153345115969455,0.7088708631783096,0.5855789782988503,0.7332334944213076,1.0163740584721785,0.927730587440171,0.631526461487439,0.7255914121534783,-2.343384726161785,-1.1292315459013467,3.551154859222891,0.7749728864917241,-3.469338057902175,3.2096483894544345
0.31045337747439045,-0.3527685755647294,0.4904962554010823,-0.1563413334747761,-0.28587827121616244,-0.6601185771560174,-0.10158292945170766,-0.15955688036059706,0.13969004557433562,-0.21316190292822249,-0.04401594828327977,-0.3512128838034941,-0.6593630736617061,0.4498478310234702,0.03047766799092122,0.2327613341242603,0.13520802881897043,0.32935171042268496,0.18248097198053465,0.03572717600093363,0.12430379546867881,0.4874538778975468,0.0353453384621356,0.43287319945381303,0.24518224815504963,-0.22749093357510233,0.09558070737806376,-0.2100097199495364,0.13989196097714368,0.5271854235097235,-0.008798124536844946,-0.07706600156405911,0.329658937112369,0.017220703590082726,0.25465527840296154,0.3246491447788138,0.5155985065819093,-0.7240494154943613,-0.11720164343789134,-0.3786814156535377,0.7749728864917241,0.3906416336917286,-1.0016839511852405,0.35865306621901544
-1.1371353324769653,0.8190817315243166,-0.9533954491738164,-0.43061777037750015,0.6383718567298222,0.9240451181994002,-0.0657380542572815,-0.6936696382221578,-0.10279609684696925,1.3321738255186046,-1.352815892009218,0.47300210182592056,3.30882494211345,-1.3815023903423693,-1.299792195998818,-1.0084491372975217,-1.189049192463045,-1.0479760634845303,-1.3436383121824707,-0.5858574339881258,-0.5017039415606263,-1.3357068063727882,-0.5332191599535023,-1.9082109902943434,-1.0954509476257102,0.4642305484348756,-0.23731342508427938,0.1663102330150671,-0.4896834334739582,-1.5978065251730755,0.6551196607330189,-0.30003218818583255,-0.8428837801985644,-0.6163739753806613,-1.2058598742112263,-1.1535003954741463,-1.0036957615159117,0.32820746600755196,1.9699499242351057,1.2323348091497963,-3.469338057902175,-1.0016839511852405,3.7693132431161893,-2.695825716073253
0.977551392535491,-0.14756701724929755,-1.2460865371845167,0.9168741021631983,-0.2809851398134257,0.5126580574891297,0.42893366178856013,2.2655780732795594,-0.6720203346857636,-1.7724199033707255,1.96157607883262,0.9201515582624276,-3.0112599629326318,-0.16811330002065872,2.226252692940021,0.7183462223646964,1.8316932040129708,0.30990667801386723,2.515977497237611,0.3258916379658841,0.518745478422635,0.30089048339695534,0.5888039257359665,2.0705562070303074,1.0430929077239863,-0.6867037211946306,0.21523617775321033,0.02324613285678578,0.7539404213634275,0.7348194478304655,-1.1960112883520857,1.2122850016115265,0.2965126264677269,0.7752944040870077,0.5766808813362583,0.31815995650467105,-0.029582800501829185,1.92321673253295,-2.4989904832453465,-0.8396061631986418,3.2096483894544345,0.35865306621901544,-2.695825716073253,3.6362299905902775
