V1,V2,V3,V4,V5,V6,V7,V8,V9,V10,V11,V12,V13,V14,V15,V16,V17,V18,V19,V20,V21,V22,V23,V24,V25,V26,V27,V28,V29,V30,V31,V32,V33,V34,V35,V36,V37,V38,V39,V40,V41,V42,V43,V44
4.5330447207875055,-3.433431891387336,10.024648182064544,4.646827758190056,-1.6020498816703055,-2.5837886814457587,0.2970351952075838,0.6478471013454329,2.7618997861084975,-3.878782092800312,8.259096516556832,-4.178813018725828,-15.619185394048879,10.573246964512848,4.499882418191999,5.36326187916574,3.8863447036107,5.66361693014193,1.3237396136147987,5.346857746163895,1.710809828085045,6.5940345883474,3.643763468120213,6.3447552824061715,4.355314896411573,1.205155937647576,0.39463238856765764,0.9798976688155977,0.3360623805184594,7.631645494834403,-1.7440184588616412,-0.7539154227925253,2.7140369635754795,3.5025783633919536,7.776330143311419,7.8904004105510905,4.399662807434287,-0.5750436831411783,-10.37967991943929,-5.239810701850808,14.88308657039391,4.610064054446789,-16.762784479565706,10.022473683614596
-3.433431891387336,2.9913596860881704,-7.444821614450942,-3.0831816113615074,1.3506657071172132,1.9754433491868189,0.08300242063779727,-0.5384331352259941,-2.4774574262557643,2.3690950436967273,-6.020513962855693,3.354613194790541,11.92058540008634,-7.975545163516298,-3.1051817008126243,-3.9495364152113623,-3.055642736543655,-4.380823551725454,-0.6646262038946156,-3.8929158417436756,-1.10741689638516,-4.836598653178168,-2.722242520693534,-4.687459475527715,-3.319665937673775,-1.0923652159773807,-0.20434967061132886,-0.5247129439287266,-0.26534894319735147,-5.527022262695397,1.3664007992067118,0.7182407483263171,-1.981189749601837,-2.8412981287378765,-6.215948548853745,-5.856455334183527,-3.086816585430696,0.5629457149251645,7.699345235549027,3.6987012485715702,-11.17759339987023,-3.236231514501401,12.654275597021272,-7.567319739612104
10.024648182064544,-7.444821614450942,24.950913186747542,10.710447700397687,-3.0884609820021676,-5.462816629490209,1.3773115710130857,1.2871065524395893,6.340806132676623,-8.278116777485778,19.434167126894838,-10.21135095921927,-36.776864790928144,25.01900086334414,9.671341386398863,12.86056870042285,9.075922572081435,13.87158026166091,2.5661696406809633,12.327453210085439,3.3804978233753458,14.678908187149407,7.7583897993556485,14.951267682383428,9.944105483575692,4.07518611750604,0.8160758662586363,1.404448805620733,-0.1475867307308652,17.658553573164998,-4.29454003620256,-2.410750608774358,5.887492467582854,8.115390955493055,18.80624979133669,18.60855285115367,9.561415567175178,-0.8538759642346723,-23.681587215070586,-11.519887119652877,33.442302847868625,10.22070986313805,-38.22413470704122,22.534006689658227
4.646827758190056,-3.0831816113615074,10.710447700397687,6.654809945082891,-1.6639762353426641,-2.1914760216599345,0.46683256083614844,0.28342752391366244,2.6598987738530537,-5.516415109477398,9.388235129620957,-4.51474926327303,-16.5595957659443,11.717998954855934,5.585483639891519,5.546942034042953,3.53158363083606,5.749720625278486,1.4519283416982407,6.1566123147680285,2.1628117116455208,6.691456440142158,4.289632858169249,6.412663164849222,4.756408891388422,0.9150107623590181,0.5286577978037484,2.3986800222107068,0.5417276368414878,8.832651334872875,-1.9622611810970176,-0.41315861710675195,2.9378664714117533,3.7125371761510837,7.53584648232114,8.311103761787685,5.701556945546668,-0.37071660469451784,-11.691220504731255,-5.815081057886533,16.269273605467447,5.155969868692324,-17.61380671622251,10.458077881983304
-1.6020498816703055,1.3506657071172132,-3.0884609820021676,-1.6639762353426641,0.7332078562501764,0.8919233960408214,0.09635343299108089,-0.2622759528885891,-1.0510289725042998,1.4856001372050993,-2.784601107480988,1.4816106914658058,5.431533823213024,-3.5928705594386785,-1.692633623696208,-1.7076777884316263,-1.328740649890466,-1.8781434314975485,-0.48161146195154686,-1.7929545628949954,-0.6334980075132408,-2.1681827804674043,-1.3548556232430005,-2.132393325534873,-1.5990337565265729,-0.2205450355219792,-0.13984047638266062,-0.5424657390791827,-0.3085139403014624,-2.678791054875855,0.6927759726167394,0.13306374708163277,-0.9974958093089156,-1.3090109815463509,-2.591657804478365,-2.5414510926299663,-1.6915243262440058,0.3042612025242295,3.660099802048722,1.7883372277657226,-5.363622864944798,-1.5548383413740876,5.846050757589538,-3.5727540151795143
-2.5837886814457587,1.9754433491868189,-5.462816629490209,-2.1914760216599345,0.8919233960408214,1.6226391998507514,-0.17239373936740457,-0.4695214605389831,-1.4932655345533945,1.9535325357207898,-4.439505180238166,2.1952937615942836,8.561559282803634,-5.683628735297458,-2.3959571715635555,-3.0154189590052005,-2.2769011844049407,-3.126905835757109,-0.8401991756515352,-2.8787977619318825,-0.9419943165729734,-3.842127854533112,-1.9515370098589668,-3.6105356810959424,-2.3666790482281828,-0.6424077613162249,-0.21861122924797027,-0.2808509615039072,-0.18303671583470663,-4.077807940864142,0.8971992792704566,0.4480675382367701,-1.5402655127035039,-1.8798076403335837,-4.3623370586244,-4.400427426564468,-2.2368447627317583,0.3827805600149717,5.621771839096645,2.946616546345908,-8.181754398059226,-2.5831022184295027,9.37472844862893,-5.6424402786416
0.2970351952075838,0.08300242063779727,1.3773115710130857,0.46683256083614844,0.09635343299108089,-0.17239373936740457,0.48611259166173976,0.09681156300467189,-0.13383653175470034,-0.525615479208766,0.8886139325012588,-0.3404004964169757,-1.5700244126051033,0.9506546922238186,0.3795257140268875,0.703721248678026,0.4196109237806496,0.7031843679348558,0.41799957801371107,0.4209974414718415,0.09608917679438884,0.5207610060933356,0.032366022984837664,0.9048390721093201,0.3611590447313796,0.3019977514667775,0.09704551957709781,-0.23980405802140872,-0.2200919327405217,0.8215507267840564,-0.278442769527816,-0.12038071639381634,0.22677025679713006,0.15490752563779958,0.6999126455109295,0.816029811064268,0.3057936879220508,0.13564023428518435,-0.8284918337231462,-0.46426095463066575,1.1014672834889512,0.4349236096560127,-1.4084493847700381,0.8267477809807885
0.6478471013454329,-0.5384331352259941,1.2871065524395893,0.28342752391366244,-0.2622759528885891,-0.4695214605389831,0.09681156300467189,0.28404136347774017,0.2957481476832786,-0.43158799054716446,0.9992763139831239,-0.5670676598326015,-2.354427086730753,1.2529951352106896,0.5245030883734324,0.7883400671680938,0.75483951046718,0.9162820902434513,0.4387041328734493,0.4918709577240912,0.14522023220880326,0.8085273374607517,0.2825769066211034,1.1647025054492115,0.6568989126871535,0.1694774104052016,0.07714610344455906,-0.28425294000055856,0.03859172136357943,1.0090492803555666,-0.3895353159586726,-0.10261253897874495,0.39523471832326645,0.48017183276188374,1.1736715751131914,0.990602846881297,0.4664508182825827,-0.12831483299912513,-1.2515314663034234,-0.6389537798983338,2.0262389129166296,0.5439866779621427,-2.376757746938984,1.5226083901662832
2.7618997861084975,-2.4774574262557643,6.340806132676623,2.6598987738530537,-1.0510289725042998,-1.4932655345533945,-0.13383653175470034,0.2957481476832786,2.218582931135167,-1.7602447556797527,5.016519756832302,-2.877399223041424,-9.757678464431704,6.756586962147389,2.437666125757283,3.2346524205558596,2.4042859828262584,3.61723488561923,0.20716161975929062,3.3258196444803603,0.8525521888493278,3.936543087385002,2.3141994672497117,3.641462471374403,2.678364077624196,1.0855913509196953,0.11246327804968384,0.5568853121934881,0.12415682784564333,4.498872864912982,-1.043143031035906,-0.7152823365354095,1.533484384392166,2.3960723431737865,5.232177072053782,4.89678963051919,2.497529250877915,-0.4135642572994432,-6.370635378100885,-2.961087536570682,9.07231018787729,2.605260588121274,-10.287093969466952,6.041977868966432
-3.878782092800312,2.3690950436967273,-8.278116777485778,-5.516415109477398,1.4856001372050993,1.9535325357207898,-0.525615479208766,-0.43158799054716446,-1.7602447556797527,5.289912486106223,-7.704590887439517,3.506694211230538,13.644665443342765,-9.309475615124681,-5.042664369606677,-4.544759821426072,-2.965182548057367,-4.60767732056,-1.8690101336437885,-4.922258880001384,-1.9495950609326027,-5.503765655286072,-3.456808682838662,-5.577838494063845,-4.038023694123108,-0.2667822950480743,-0.5594193108703696,-2.082959985390179,-0.6593960207227286,-7.490317741868737,1.8178459306380512,0.03070182410913726,-2.6392608072057615,-2.948262907968053,-5.804258164316819,-6.5523896233632595,-4.964382341443385,0.42067608564266395,9.703047404204964,4.960405315446657,-13.674360036761824,-4.374203481451012,14.64340434552605,-8.904652812867393
8.259096516556832,-6.020513962855693,19.434167126894838,9.388235129620957,-2.784601107480988,-4.439505180238166,0.8886139325012588,0.9992763139831239,5.016519756832302,-7.704590887439517,15.88357746079666,-8.098893155377546,-29.607019163262787,20.23173110257971,8.56436983615859,10.178710099620314,7.10015864672486,10.824032836120983,2.389004954883163,10.190017389079824,3.130679479811852,11.995826636610923,6.73111308120971,11.925342304102987,8.214507868102748,2.5547975942599193,0.7583246726224747,2.0880592123534183,0.37151941805875655,14.663131353549952,-3.4858363949036306,-1.4873867967382635,5.005036800060006,6.5938919116523,14.603125738825959,14.841499629242211,8.473653400708558,-0.8400946822743239,-19.66254993177634,-9.696294606878421,27.79806240546163,8.5757171083612,-31.207401203821235,18.539505104989367
-4.178813018725828,3.354613194790541,-10.21135095921927,-4.51474926327303,1.4816106914658058,2.1952937615942836,-0.3404004964169757,-0.5670676598326015,-2.877399223041424,3.506694211230538,-8.098893155377546,4.510048026764176,15.695091555935614,-10.53452506459223,-4.097458925161288,-5.262651793917526,-3.833726744917815,-5.886297538508818,-0.9723683939052831,-5.06477867060294,-1.3290057635003547,-5.836561013362427,-3.2700585786352843,-6.2343189843558005,-4.3186584999197075,-1.677743584898316,-0.3129789693910692,-0.7006299928690563,-0.05075071660455144,-7.4635151211548285,2.015366953835877,0.9825013760630852,-2.4704138028720406,-3.6118102802094296,-7.998851994184717,-7.561533389674469,-4.135273992559964,0.4763864464099869,10.0008468183489,4.638707156942965,-14.207075519083292,-4.09682451674896,16.05400825643038,-9.525425055378175
-15.619185394048879,11.92058540008634,-36.776864790928144,-16.5595957659443,5.431533823213024,8.561559282803634,-1.5700244126051033,-2.354427086730753,-9.757678464431704,13.644665443342765,-29.607019163262787,15.695091555935614,56.91626018416996,-37.9752994803146,-15.549086269255762,-19.36278594631505,-14.112332580890264,-21.11139966764749,-4.663520123030194,-18.549386112633535,-5.389241094143729,-22.125958209187804,-12.084332715821992,-23.219664000427453,-15.741777570937854,-5.278602628111647,-1.3703692969004961,-2.5850395990846518,-0.5383380224455432,-27.46748617264837,7.093641986788836,3.0955339091926666,-9.354242201048818,-12.736600746448941,-28.4558457549103,-27.81457043511834,-15.416385249431238,1.7679028854069085,36.6409608536799,17.75143124265664,-52.39601525193197,-15.647888741812759,59.172199427384456,-35.3371362176109
10.573246964512848,-7.975545163516298,25.01900086334414,11.717998954855934,-3.5928705594386785,-5.683628735297458,0.9506546922238186,1.2529951352106896,6.756586962147389,-9.309475615124681,20.23173110257971,-10.53452506459223,-37.9752994803146,26.008237089410652,10.662306094628098,13.012262676292988,9.156509472146595,13.966071338732617,2.674864698892694,13.02400596216326,3.855066401523438,15.33992511634117,8.61470797184629,15.140643232604562,10.487913984988102,3.5408225483584084,0.8802590108745062,2.4905608840172855,0.3946780739037797,18.565890697589513,-4.418476309465422,-2.1010797630033595,6.318510713416457,8.573771146955764,19.038328048749502,19.06332124889938,10.59698881989972,-1.1162101099450028,-25.079086089042313,-12.234479357518678,35.46596219658838,10.82126666599748,-39.94663456621271,23.663454467821044
4.499882418191999,-3.1051817008126243,9.671341386398863,5.585483639891519,-1.692633623696208,-2.3959571715635555,0.3795257140268875,0.5245030883734324,2.437666125757283,-5.042664369606677,8.56436983615859,-4.097458925161288,-15.549086269255762,10.662306094628098,5.2183244726741975,5.229192026911499,3.569270147079788,5.394606147444483,1.6596098185253971,5.564919102044364,2.0251124399818754,6.493463024474845,3.906836938827805,6.255458745425863,4.493789701818452,0.6944152452381,0.5112377494092883,1.8847660533041013,0.6075725418921912,8.121554417962695,-1.8834764269439597,-0.3557809746626441,2.898557551246212,3.4637097535935677,7.148564839250061,7.685995786851837,5.123032634886063,-0.5476204085117072,-10.832157141589747,-5.495789372964526,15.353012434664882,4.843681619666892,-16.782616713298427,10.11119160653719
5.36326187916574,-3.9495364152113623,12.86056870042285,5.546942034042953,-1.7076777884316263,-3.0154189590052005,0.703721248678026,0.7883400671680938,3.2346524205558596,-4.544759821426072,10.178710099620314,-5.262651793917526,-19.36278594631505,13.012262676292988,5.229192026911499,6.767587365183654,4.850463853131992,7.239569492429257,1.6126537575453894,6.429319092982353,1.855633740010088,7.815772746676582,4.094032175357284,7.992356278914929,5.281582095136237,1.9138380059612492,0.47102004026852,0.7174078773514444,0.043323120752538156,9.332986870662088,-2.2793205415147226,-1.157689967906431,3.1842389616855518,4.239034571198202,9.79203933748519,9.7194428768508,5.103520998224685,-0.5420470524670593,-12.492691692042365,-6.176205957954256,17.774556619582697,5.458631684072653,-20.277309824397307,12.04851659739339
3.8863447036107,-3.055642736543655,9.075922572081435,3.53158363083606,-1.328740649890466,-2.2769011844049407,0.4196109237806496,0.75483951046718,2.4042859828262584,-2.965182548057367,7.10015864672486,-3.833726744917815,-14.112332580890264,9.156509472146595,3.569270147079788,4.850463853131992,3.7152698478081705,5.339205035580132,1.2578825547696604,4.350043588503469,1.19874318699135,5.478350880334495,2.7575254032261722,5.9425197337190925,3.8549399626655547,1.421354846128927,0.325026081929681,0.08777648860928225,0.05225883942647738,6.5764575131779175,-1.7732954964028844,-0.8685937001610279,2.2802682490179444,3.1150484554096542,7.227453831640945,6.859416625760145,3.4745651015317143,-0.4810813541967796,-8.765420064875007,-4.280315375208133,12.74161059017942,3.7592035271765054,-14.623946094166996,8.782015927008764
5.66361693014193,-4.380823551725454,13.87158026166091,5.749720625278486,-1.8781434314975485,-3.126905835757109,0.7031843679348558,0.9162820902434513,3.61723488561923,-4.60767732056,10.824032836120983,-5.886297538508818,-21.11139966764749,13.966071338732617,5.394606147444483,7.239569492429257,5.339205035580132,8.001135245764083,1.6323508140076324,6.676863710124525,1.7725685614548596,8.004912461284203,4.18348349049718,8.693349952877584,5.749852915441375,2.287623465148672,0.466916014367021,0.4634949774138901,-0.03467914443854263,9.971501814248137,-2.681027949392291,-1.3464045287692132,3.3351468896092222,4.692577846059335,10.77547695555222,10.283928376642457,5.346360968937105,-0.5897514663373646,-13.245869577135368,-6.320631882499563,18.95535661046224,5.579788359597739,-21.65054834189263,12.888505159962929
1.3237396136147987,-0.6646262038946156,2.5661696406809633,1.4519283416982407,-0.48161146195154686,-0.8401991756515352,0.41799957801371107,0.4387041328734493,0.20716161975929062,-1.8690101336437885,2.389004954883163,-0.9723683939052831,-4.663520123030194,2.674864698892694,1.6596098185253971,1.6126537575453894,1.2578825547696604,1.6323508140076324,1.2451646140810724,1.2892233541409728,0.6184360627188743,1.756505258520601,0.8106685114393198,2.346867935649592,1.3832358363688428,-0.0596725609481925,0.278234596743122,0.11354666124356004,0.2246249640732658,2.492697105368271,-0.7685990155566057,0.09734881847497502,0.9354668092270472,0.825531467873383,1.8313789428028058,2.0506507281559547,1.5338273762266015,-0.1546338693491989,-2.944177369584904,-1.6686578258386804,4.472717246413566,1.4467054563391508,-4.906757923501144,3.154141513151632
5.346857746163895,-3.8929158417436756,12.327453210085439,6.1566123147680285,-1.7929545628949954,-2.8787977619318825,0.4209974414718415,0.4918709577240912,3.3258196444803603,-4.922258880001384,10.190017389079824,-5.06477867060294,-18.549386112633535,13.02400596216326,5.564919102044364,6.429319092982353,4.350043588503469,6.676863710124525,1.2892233541409728,6.765126142506156,2.1535149494678594,7.983537641497522,4.596391911752161,7.287287579472891,5.15537854049113,1.5166321846247115,0.4568238934769292,1.7409512674726095,0.32792586891141057,9.29928291459196,-1.9614695736674648,-0.9270038999220971,3.2276418319367233,4.186293102678265,9.196016554027288,9.607117375598872,5.484916088613379,-0.5631892567620143,-12.721895760396151,-6.375071037468298,17.83914823335611,5.647104432968746,-19.978147887375517,11.792040005809978
1.710809828085045,-1.10741689638516,3.3804978233753458,2.1628117116455208,-0.6334980075132408,-0.9419943165729734,0.09608917679438884,0.14522023220880326,0.8525521888493278,-1.9495950609326027,3.130679479811852,-1.3290057635003547,-5.389241094143729,3.855066401523438,2.0251124399818754,1.855633740010088,1.19874318699135,1.7725685614548596,0.6184360627188743,2.1535149494678594,0.8933779971549461,2.602018117963769,1.600043059995805,2.14298891963449,1.5822798127534803,0.07262788269445915,0.2033272796746218,0.9277210271325411,0.33181083692742086,2.9472446374109005,-0.5166270452191433,-0.03197288779473073,1.1087746089020003,1.1863974272268079,2.39503551866737,2.8731478577680534,1.96513284451222,-0.20260865260165883,-4.025191257104587,-2.1898722040895726,5.68635743578621,1.9318976712252383,-6.1589087367030535,3.7011889320757336
6.5940345883474,-4.836598653178168,14.678908187149407,6.691456440142158,-2.1681827804674043,-3.842127854533112,0.5207610060933356,0.8085273374607517,3.936543087385002,-5.503765655286072,11.995826636610923,-5.836561013362427,-22.125958209187804,15.33992511634117,6.493463024474845,7.815772746676582,5.478350880334495,8.004912461284203,1.756505258520601,7.983537641497522,2.602018117963769,10.007177149713891,5.421378740403134,8.95571513760639,6.106146905231189,1.7753476466599232,0.553103360675687,1.578852345650735,0.4072326512111403,10.893640651396879,-2.1978481560169434,-1.1560079709838007,3.9535385787547717,4.907474677839949,11.148576282271494,11.666864465477722,6.219915305481128,-0.7739828422465445,-15.04767777750214,-7.786028112595945,21.362485262334022,6.879294539361979,-24.22554637619715,14.368995944193188
3.643763468120213,-2.722242520693534,7.7583897993556485,4.289632858169249,-1.3548556232430005,-1.9515370098589668,0.032366022984837664,0.2825769066211034,2.3141994672497117,-3.456808682838662,6.73111308120971,-3.2700585786352843,-12.084332715821992,8.61470797184629,3.906836938827805,4.094032175357284,2.7575254032261722,4.18348349049718,0.8106685114393198,4.596391911752161,1.600043059995805,5.421378740403134,3.33098599804473,4.605215789151285,3.4454365494207946,0.6954500216646873,0.30839972693279655,1.5906300373034863,0.47391144807721686,6.190138327860564,-1.1929464935710048,-0.4432484438459667,2.2169801217159253,2.812718804340192,5.862588947245728,6.304879283766237,3.8819488200659347,-0.4701670645736325,-8.604891627639939,-4.379183846068855,12.11287220843044,3.863864253484097,-13.34292200831879,7.910562440492179
6.3447552824061715,-4.687459475527715,14.951267682383428,6.412663164849222,-2.132393325534873,-3.6105356810959424,0.9048390721093201,1.1647025054492115,3.641462471374403,-5.577838494063845,11.925342304102987,-6.2343189843558005,-23.219664000427453,15.140643232604562,6.255458745425863,7.992356278914929,5.9425197337190925,8.693349952877584,2.346867935649592,7.287287579472891,2.14298891963449,8.95571513760639,4.605215789151285,9.82972386790884,6.396317367438538,2.125676719080744,0.6232362265976463,0.5446149713683711,0.14477546105305242,11.14877439831116,-2.9980477354123694,-1.2254984369507556,3.830544759458412,5.030125230871059,11.527901500844559,11.259341508193177,6.106647607326295,-0.685881071933522,-14.645141927560777,-7.213244165393712,21.14171901829569,6.349964578162912,-24.03663803105512,14.455099033307725
4.355314896411573,-3.319665937673775,9.944105483575692,4.756408891388422,-1.5990337565265729,-2.3666790482281828,0.3611590447313796,0.6568989126871535,2.678364077624196,-4.038023694123108,8.214507868102748,-4.3186584999197075,-15.741777570937854,10.487913984988102,4.493789701818452,5.281582095136237,3.8549399626655547,5.749852915441375,1.3832358363688428,5.15537854049113,1.5822798127534803,6.106146905231189,3.4454365494207946,6.396317367438538,4.417773798582507,1.263697088890104,0.40531640830076066,0.9490850629789137,0.2915501600200619,7.701097660118948,-2.002092676171056,-0.7243571294028034,2.654832190616401,3.548002319005299,7.717130124744025,7.605790673420404,4.465244895363189,-0.5359942694406695,-10.255597340574935,-4.981677018733602,14.700904978641159,4.382689190788626,-16.439044406050595,9.868407922217619
1.205155937647576,-1.0923652159773807,4.07518611750604,0.9150107623590181,-0.2205450355219792,-0.6424077613162249,0.3019977514667775,0.1694774104052016,1.0855913509196953,-0.2667822950480743,2.5547975942599193,-1.677743584898316,-5.278602628111647,3.5408225483584084,0.6944152452381,1.9138380059612492,1.421354846128927,2.287623465148672,-0.0596725609481925,1.5166321846247115,0.07262788269445915,1.7753476466599232,0.6954500216646873,2.125676719080744,1.263697088890104,1.2610970446076957,9.022524253785152e-4,-0.5185258806264533,-0.44350141308320934,2.127625910659394,-0.6590529762538004,-0.7577831866093926,0.5854932700280909,1.1886285359550741,3.186638916495551,2.668575665922202,0.7180307133469116,-0.009279413809251728,-2.8766461291547856,-1.153890617732866,3.9842543030596533,1.049142323822466,-4.974236496420351,2.7961670882325786
0.39463238856765764,-0.20434967061132886,0.8160758662586363,0.5286577978037484,-0.13984047638266062,-0.21861122924797027,0.09704551957709781,0.07714610344455906,0.11246327804968384,-0.5594193108703696,0.7583246726224747,-0.3129789693910692,-1.3703692969004961,0.8802590108745062,0.5112377494092883,0.47102004026852,0.325026081929681,0.466916014367021,0.278234596743122,0.4568238934769292,0.2033272796746218,0.553103360675687,0.30839972693279655,0.6232362265976463,0.40531640830076066,9.022524253785152e-4,0.07236056101366634,0.1436384313070532,0.06838354897990237,0.7587810887924588,-0.19376526090400706,0.01931957635315053,0.2725787900472597,0.2639620441921765,0.5490507332497797,0.6534682773667088,0.4935550328777319,-0.032656982556715376,-0.9384639711583853,-0.5151349999659174,1.3623235117801107,0.45230263686611916,-1.4702419720438933,0.9137675732669504
0.9798976688155977,-0.5247129439287266,1.404448805620733,2.3986800222107068,-0.5424657390791827,-0.2808509615039072,-0.23980405802140872,-0.28425294000055856,0.5568853121934881,-2.082959985390179,2.0880592123534183,-0.7006299928690563,-2.5850395990846518,2.4905608840172855,1.8847660533041013,0.7174078773514444,0.08777648860928225,0.4634949774138901,0.11354666124356004,1.7409512674726095,0.9277210271325411,1.578852345650735,1.5906300373034863,0.5446149713683711,0.9490850629789137,-0.5185258806264533,0.1436384313070532,2.0334067221757364,0.5955662399652041,2.0235874039649606,-0.14137754709233555,0.35750331913190114,0.781842479936472,0.7386823989697995,0.675865392956549,1.4995591517960183,1.9356881637051804,-0.1463536584311778,-2.9316377906613194,-1.5606527415487415,3.7799628995375842,1.3928603929055814,-3.4633651029741714,2.031906937426013
0.3360623805184594,-0.26534894319735147,-0.1475867307308652,0.5417276368414878,-0.3085139403014624,-0.18303671583470663,-0.2200919327405217,0.03859172136357943,0.12415682784564333,-0.6593960207227286,0.37151941805875655,-0.05075071660455144,-0.5383380224455432,0.3946780739037797,0.6075725418921912,0.043323120752538156,0.05225883942647738,-0.03467914443854263,0.2246249640732658,0.32792586891141057,0.33181083692742086,0.4072326512111403,0.47391144807721686,0.14477546105305242,0.2915501600200619,-0.44350141308320934,0.06838354897990237,0.5955662399652041,0.38666956633326566,0.49073156556736275,-0.048072544898554725,0.2753750382878645,0.2777376460888563,0.18507994408332062,-0.04029219743881833,0.21046773750765219,0.6158997376117025,-0.1486823849728845,-0.7153157221580096,-0.46678995215744795,1.1417264647049397,0.38871794950956057,-0.9378290607670905,0.6671005215661499
7.631645494834403,-5.527022262695397,17.658553573164998,8.832651334872875,-2.678791054875855,-4.077807940864142,0.8215507267840564,1.0090492803555666,4.498872864912982,-7.490317741868737,14.663131353549952,-7.4635151211548285,-27.46748617264837,18.565890697589513,8.121554417962695,9.332986870662088,6.5764575131779175,9.971501814248137,2.492697105368271,9.29928291459196,2.9472446374109005,10.893640651396879,6.190138327860564,11.14877439831116,7.701097660118948,2.127625910659394,0.7587810887924588,2.0235874039649606,0.49073156556736275,13.70628625202886,-3.391876712740346,-1.1912200690039663,4.690954580291524,6.102914135756142,13.293519453997446,13.513878070012408,8.060143878291749,-0.8135790757928534,-18.204866648428595,-8.971093705930594,25.870395485823707,7.917840095736481,-28.851064030781295,17.251674699773332
-1.7440184588616412,1.3664007992067118,-4.29454003620256,-1.9622611810970176,0.6927759726167394,0.8971992792704566,-0.278442769527816,-0.3895353159586726,-1.043143031035906,1.8178459306380512,-3.4858363949036306,2.015366953835877,7.093641986788836,-4.418476309465422,-1.8834764269439597,-2.2793205415147226,-1.7732954964028844,-2.681027949392291,-0.7685990155566057,-1.9614695736674648,-0.5166270452191433,-2.1978481560169434,-1.1929464935710048,-2.9980477354123694,-2.002092676171056,-0.6590529762538004,-0.19376526090400706,-0.14137754709233555,-0.048072544898554725,-3.391876712740346,1.1842042730507232,0.31514834245478063,-1.1190775078370399,-1.582610672554408,-3.4003835323306384,-3.044138629602213,-1.8958912333178188,0.20743088520481412,4.265512894100284,1.8901100092656367,-6.208324112490638,-1.6592346519013068,6.918488716052985,-4.228541036551336
-0.7539154227925253,0.7182407483263171,-2.410750608774358,-0.41315861710675195,0.13306374708163277,0.4480675382367701,-0.12038071639381634,-0.10261253897874495,-0.7152823365354095,0.03070182410913726,-1.4873867967382635,0.9825013760630852,3.0955339091926666,-2.1010797630033595,-0.3557809746626441,-1.157689967906431,-0.8685937001610279,-1.3464045287692132,0.09734881847497502,-0.9270038999220971,-0.03197288779473073,-1.1560079709838007,-0.4432484438459667,-1.2254984369507556,-0.7243571294028034,-0.7577831866093926,0.01931957635315053,0.35750331913190114,0.2753750382878645,-1.1912200690039663,0.31514834245478063,0.5055643237681579,-0.33567972016655834,-0.7126626276010654,-1.9729327066793574,-1.62341747748608,-0.344572038915869,0.05350977732663988,1.705801653817636,0.705929725523365,-2.3556112091989396,-0.6356861442989742,3.012157930881877,-1.6805395165768504
2.7140369635754795,-1.981189749601837,5.887492467582854,2.9378664714117533,-0.9974958093089156,-1.5402655127035039,0.22677025679713006,0.39523471832326645,1.533484384392166,-2.6392608072057615,5.005036800060006,-2.4704138028720406,-9.354242201048818,6.318510713416457,2.898557551246212,3.1842389616855518,2.2802682490179444,3.3351468896092222,0.9354668092270472,3.2276418319367233,1.1087746089020003,3.9535385787547717,2.2169801217159253,3.830544759458412,2.654832190616401,0.5854932700280909,0.2725787900472597,0.781842479936472,0.2777376460888563,4.690954580291524,-1.1190775078370399,-0.33567972016655834,1.717350190085646,2.0836258236557272,4.497627769640373,4.655562549932144,2.7915782418113175,-0.3514225090319023,-6.321663756360764,-3.2026565766176236,9.050115879827809,2.8216717532537845,-10.08131575724022,6.071006086648617
3.5025783633919536,-2.8412981287378765,8.115390955493055,3.7125371761510837,-1.3090109815463509,-1.8798076403335837,0.15490752563779958,0.48017183276188374,2.3960723431737865,-2.948262907968053,6.5938919116523,-3.6118102802094296,-12.736600746448941,8.573771146955764,3.4637097535935677,4.239034571198202,3.1150484554096542,4.692577846059335,0.825531467873383,4.186293102678265,1.1863974272268079,4.907474677839949,2.812718804340192,5.030125230871059,3.548002319005299,1.1886285359550741,0.2639620441921765,0.7386823989697995,0.18507994408332062,6.102914135756142,-1.582610672554408,-0.7126626276010654,2.0836258236557272,2.964080705479832,6.437180360276245,6.169371183320829,3.4769518096270784,-0.46022082842195716,-8.2610233070363,-3.9055150843510096,11.799940950862101,3.4382001758115543,-13.249944216599635,7.8970997266278005
7.776330143311419,-6.215948548853745,18.80624979133669,7.53584648232114,-2.591657804478365,-4.3623370586244,0.6999126455109295,1.1736715751131914,5.232177072053782,-5.804258164316819,14.603125738825959,-7.998851994184717,-28.4558457549103,19.038328048749502,7.148564839250061,9.79203933748519,7.227453831640945,10.77547695555222,1.8313789428028058,9.196016554027288,2.39503551866737,11.148576282271494,5.862588947245728,11.527901500844559,7.717130124744025,3.186638916495551,0.5490507332497797,0.675865392956549,-0.04029219743881833,13.293519453997446,-3.4003835323306384,-1.9729327066793574,4.497627769640373,6.437180360276245,14.829527763270002,14.087760873067078,7.056438535906132,-0.9038554927359789,-18.00138843840904,-8.599221040827977,25.70598297454869,7.5879781255905625,-29.486363688833407,17.473432216008472
7.8904004105510905,-5.856455334183527,18.60855285115367,8.311103761787685,-2.5414510926299663,-4.400427426564468,0.816029811064268,0.990602846881297,4.89678963051919,-6.5523896233632595,14.841499629242211,-7.561533389674469,-27.81457043511834,19.06332124889938,7.685995786851837,9.7194428768508,6.859416625760145,10.283928376642457,2.0506507281559547,9.607117375598872,2.8731478577680534,11.666864465477722,6.304879283766237,11.259341508193177,7.605790673420404,2.668575665922202,0.6534682773667088,1.4995591517960183,0.21046773750765219,13.513878070012408,-3.044138629602213,-1.62341747748608,4.655562549932144,6.169371183320829,14.087760873067078,14.296572188894567,7.550899999175348,-0.785126043772915,-18.33652562732934,-9.167407017858675,26.002590130938987,8.111162346594659,-29.54627777296189,17.47712297267387
4.399662807434287,-3.086816585430696,9.561415567175178,5.701556945546668,-1.6915243262440058,-2.2368447627317583,0.3057936879220508,0.4664508182825827,2.497529250877915,-4.964382341443385,8.473653400708558,-4.135273992559964,-15.416385249431238,10.59698881989972,5.123032634886063,5.103520998224685,3.4745651015317143,5.346360968937105,1.5338273762266015,5.484916088613379,1.96513284451222,6.219915305481128,3.8819488200659347,6.106647607326295,4.465244895363189,0.7180307133469116,0.4935550328777319,1.9356881637051804,0.6158997376117025,8.060143878291749,-1.8958912333178188,-0.344572038915869,2.7915782418113175,3.4769518096270784,7.056438535906132,7.550899999175348,5.153234048445585,-0.5052673069506394,-10.69836768837706,-5.349205192149896,15.159862156337903,4.712359351559641,-16.470021354502755,9.90457757192469
-0.5750436831411783,0.5629457149251645,-0.8538759642346723,-0.37071660469451784,0.3042612025242295,0.3827805600149717,0.13564023428518435,-0.12831483299912513,-0.4135642572994432,0.42067608564266395,-0.8400946822743239,0.4763864464099869,1.7679028854069085,-1.1162101099450028,-0.5476204085117072,-0.5420470524670593,-0.4810813541967796,-0.5897514663373646,-0.1546338693491989,-0.5631892567620143,-0.20260865260165883,-0.7739828422465445,-0.4701670645736325,-0.685881071933522,-0.5359942694406695,-0.009279413809251728,-0.032656982556715376,-0.1463536584311778,-0.1486823849728845,-0.8135790757928534,0.20743088520481412,0.05350977732663988,-0.3514225090319023,-0.46022082842195716,-0.9038554927359789,-0.785126043772915,-0.5052673069506394,0.19832718511605665,1.2017002928027358,0.5904920965576503,-1.8109641004409918,-0.4996764693334616,2.0016703903264617,-1.250047387282458
-10.37967991943929,7.699345235549027,-23.681587215070586,-11.691220504731255,3.660099802048722,5.621771839096645,-0.8284918337231462,-1.2515314663034234,-6.370635378100885,9.703047404204964,-19.66254993177634,10.0008468183489,36.6409608536799,-25.079086089042313,-10.832157141589747,-12.492691692042365,-8.765420064875007,-13.245869577135368,-2.944177369584904,-12.721895760396151,-4.025191257104587,-15.04767777750214,-8.604891627639939,-14.645141927560777,-10.255597340574935,-2.8766461291547856,-0.9384639711583853,-2.9316377906613194,-0.7153157221580096,-18.204866648428595,4.265512894100284,1.705801653817636,-6.321663756360764,-8.2610233070363,-18.00138843840904,-18.33652562732934,-10.69836768837706,1.2017002928027358,24.58262065597539,12.16407461467201,-34.840945018136395,-10.737092868796477,38.94106105543414,-23.195429941273115
-5.239810701850808,3.6987012485715702,-11.519887119652877,-5.815081057886533,1.7883372277657226,2.946616546345908,-0.46426095463066575,-0.6389537798983338,-2.961087536570682,4.960405315446657,-9.696294606878421,4.638707156942965,17.75143124265664,-12.234479357518678,-5.495789372964526,-6.176205957954256,-4.280315375208133,-6.320631882499563,-1.6686578258386804,-6.375071037468298,-2.1898722040895726,-7.786028112595945,-4.379183846068855,-7.213244165393712,-4.981677018733602,-1.153890617732866,-0.5151349999659174,-1.5606527415487415,-0.46678995215744795,-8.971093705930594,1.8901100092656367,0.705929725523365,-3.2026565766176236,-3.9055150843510096,-8.599221040827977,-9.167407017858675,-5.349205192149896,0.5904920965576503,12.16407461467201,6.2970558088932975,-17.28428755469795,-5.555098111869232,19.322722221878923,-11.532781733678286
14.88308657039391,-11.17759339987023,33.442302847868625,16.269273605467447,-5.363622864944798,-8.181754398059226,1.1014672834889512,2.0262389129166296,9.07231018787729,-13.674360036761824,27.79806240546163,-14.207075519083292,-52.39601525193197,35.46596219658838,15.353012434664882,17.774556619582697,12.74161059017942,18.95535661046224,4.472717246413566,17.83914823335611,5.68635743578621,21.362485262334022,12.11287220843044,21.14171901829569,14.700904978641159,3.9842543030596533,1.3623235117801107,3.7799628995375842,1.1417264647049397,25.870395485823707,-6.208324112490638,-2.3556112091989396,9.050115879827809,11.799940950862101,25.70598297454869,26.002590130938987,15.159862156337903,-1.8109641004409918,-34.840945018136395,-17.28428755469795,49.754147612385026,15.22410751157705,-55.63043313399191,33.28223513117623
4.610064054446789,-3.236231514501401,10.22070986313805,5.155969868692324,-1.5548383413740876,-2.5831022184295027,0.4349236096560127,0.5439866779621427,2.605260588121274,-4.374203481451012,8.5757171083612,-4.09682451674896,-15.647888741812759,10.82126666599748,4.843681619666892,5.458631684072653,3.7592035271765054,5.579788359597739,1.4467054563391508,5.647104432968746,1.9318976712252383,6.879294539361979,3.863864253484097,6.349964578162912,4.382689190788626,1.049142323822466,0.45230263686611916,1.3928603929055814,0.38871794950956057,7.917840095736481,-1.6592346519013068,-0.6356861442989742,2.8216717532537845,3.4382001758115543,7.5879781255905625,8.111162346594659,4.712359351559641,-0.4996764693334616,-10.737092868796477,-5.555098111869232,15.22410751157705,4.906601329258696,-17.02898412322276,10.147840426779018
-16.762784479565706,12.654275597021272,-38.22413470704122,-17.61380671622251,5.846050757589538,9.37472844862893,-1.4084493847700381,-2.376757746938984,-10.287093969466952,14.64340434552605,-31.207401203821235,16.05400825643038,59.172199427384456,-39.94663456621271,-16.782616713298427,-20.277309824397307,-14.623946094166996,-21.65054834189263,-4.906757923501144,-19.978147887375517,-6.1589087367030535,-24.22554637619715,-13.34292200831879,-24.03663803105512,-16.439044406050595,-4.974236496420351,-1.4702419720438933,-3.4633651029741714,-0.9378290607670905,-28.851064030781295,6.918488716052985,3.012157930881877,-10.08131575724022,-13.249944216599635,-29.486363688833407,-29.54627777296189,-16.470021354502755,2.0016703903264617,38.94106105543414,19.322722221878923,-55.63043313399191,-17.02898412322276,62.706958901377384,-37.43500498615116
10.022473683614596,-7.567319739612104,22.534006689658227,10.458077881983304,-3.5727540151795143,-5.6424402786416,0.8267477809807885,1.5226083901662832,6.041977868966432,-8.904652812867393,18.539505104989367,-9.525425055378175,-35.3371362176109,23.663454467821044,10.11119160653719,12.04851659739339,8.782015927008764,12.888505159962929,3.154141513151632,11.792040005809978,3.7011889320757336,14.368995944193188,7.910562440492179,14.455099033307725,9.868407922217619,2.7961670882325786,0.9137675732669504,2.031906937426013,0.6671005215661499,17.251674699773332,-4.228541036551336,-1.6805395165768504,6.071006086648617,7.8970997266278005,17.473432216008472,17.47712297267387,9.90457757192469,-1.250047387282458,-23.195429941273115,-11.532781733678286,33.28223513117623,10.147840426779018,-37.43500498615116,22.444298519730467
