V1,V2,V3,V4,V5,V6,V7,V8,V9,V10,V11,V12,V13,V14,V15,V16,V17,V18,V19,V20,V21,V22,V23,V24,V25,V26,V27,V28,V29,V30,V31,V32,V33,V34,V35,V36,V37,V38,V39,V40,V41,V42,V43,V44
1.0217537629617772,-0.25610940716918684,0.23773134064345658,0.32235662050146,0.40008156014391344,0.43701938474335145,-0.2543952373920251,0.254135775425105,0.1862744627753119,0.44650277297008106,-0.18372828813236133,0.10988772600449988,-0.309465369895083,-0.32777314246883715,0.6170854003513199,0.2740747649443217,0.11532687198195606,0.26058052678323373,-0.19614223480928974,-0.4907773110009633,-0.2760559996332443,-0.5253553414999959,0.624205683238724,-0.12860433134218957,0.5318821786339825,-0.07704981682310641,-0.12644914255462458,0.48379678735643367,0.33198118887449984,-0.16031753575385316,-0.25086016215706564,-0.08042783096074611,0.011798051983851912,-1.1062344709293799,-0.41632724289505263,-0.5003192686565006,-0.013901374118261176,-0.45423274125016444,-0.6704706497670191,-0.17582315702121207,-0.39806836464584866,0.8557702388419383,0.2696263940089262,-0.320814634117422
-0.25610940716918684,2.905533690516124,-0.8127739783081797,0.02717265427831286,0.13443139316485875,0.4696801744116986,0.12577292150295738,-0.8794773696826703,-1.336175962802462,-1.8678558450584823,1.0948507088048374,1.5570096557531046,0.29833420701808744,0.9064587826527536,-2.135145424245322,0.18236103462858377,0.22677783142064967,-1.8045097832826233,-1.8483303964736475,0.9246106959368746,-0.2626529209805016,3.3684228641398035,-3.374032349952145,-0.976754258690013,-0.8112088116122618,0.9704919894029963,-1.5903334171161454,-0.08774871119191235,-2.099600253649023,2.64620193526603,1.3778034113121727,1.5741850176872643,-0.46037506388644234,1.606706230941353,0.37065481439156955,2.024709756779325,-1.0163498524765746,0.8377034038365286,1.9823739985966387,0.690156450258028,-0.17483342078864622,0.09426239579137766,1.389806452093133,-1.3082213311052469
0.23773134064345658,-0.8127739783081797,1.112136389745847,0.06519804651021223,0.19613548103068365,-0.2854779780612803,0.5074097541677786,0.3531800529387669,0.1666226920672344,0.8014121024752666,-0.347204198417465,-0.5657390349841206,0.061528505221690594,-0.5778564268962874,1.0927970180325175,0.04312263516542887,-0.15454320796565144,1.0327105237316891,1.2312711428346068,-0.34034453376142626,-0.04285361806819545,-1.3583086003962417,1.4232732817613645,0.2225725738551234,0.4782965228078336,-0.4623424003597977,0.7037854634562123,0.020287953704777175,0.8075566859855389,-1.3082532985983872,-0.745480288757853,-0.6580710497089175,0.11185333574121023,-1.3143949785775342,-0.7040952803223954,-0.6162200828538884,0.6932244440496996,-0.25422564861082136,-0.625882331580003,-0.6980386758775338,-0.42588103647476855,0.3051894010444243,-0.6087651222984554,0.013096072970558427
0.32235662050146,0.02717265427831286,0.06519804651021223,0.3573628242474558,0.22023911502589782,0.10440318900743327,-0.06847026276793716,0.03310516017752147,-0.019709481939283183,-0.06623898423371072,-0.07725383093937067,0.2556265662162515,0.2219358649667991,-0.041894978103276595,0.24202973292818525,0.15140170918287832,-0.031027012608154027,-0.09256115438813521,-0.13819601615066593,0.17686302031207904,-0.0688894830939159,0.32489991484058983,-0.10968273255748617,-0.0017188389170759077,0.04047620593739636,-0.11100202876592243,-0.22736685790965958,0.42736508954558594,0.009400266831051307,0.2818039929107088,0.043964708895037806,0.15138283524401605,-0.08389525549617416,-0.299289379806018,-0.07691635723802315,-0.030139543667672443,-0.20613300302786625,-0.04703932870228692,-0.15733853642922502,-0.10443404553382789,-0.03200380546153191,0.30742404426181624,0.1995050697775328,-0.10760989869477593
0.40008156014391344,0.13443139316485875,0.19613548103068365,0.22023911502589782,0.4734258333197234,0.1213959572557596,-0.048942295278848365,0.1598269518488064,-0.08149861503463726,0.011892938755201966,0.07266962769123027,0.2630072313646636,0.23672958631497631,-0.08090576727304193,0.24971145423777216,0.26913934206040163,0.057500889224070734,-0.06981182607289328,-0.0672391234363395,0.05795227627106719,0.04864529026253966,0.4995966290902038,-0.007307629013580104,0.2976068783280639,0.06881670527883567,-0.17146449309652226,-0.06927557504986372,0.1869686168487473,0.046712355606495413,0.18438204210986528,0.23718457501975598,0.24114641061471306,-0.05386272298336264,-0.3497140845211988,-0.17497235009812534,0.028594435125553985,-0.2665669066192102,-0.1087749886859946,-0.2606689037873765,-0.12769969208599063,-0.12057093433458295,0.5250643252374806,0.2528522076110917,-0.1018792904494715
0.43701938474335145,0.4696801744116986,-0.2854779780612803,0.10440318900743327,0.1213959572557596,0.4902422296757818,-0.2646462987613599,-0.04300418308205962,-0.06169592765106625,-0.15779905028409238,0.1906587959717193,0.3217152274281669,-0.3022546275183942,0.04966886158464603,-0.23617296374005503,0.08977077057808931,0.19938757555979528,-0.2845016293867113,-0.715117542576368,-0.15933522333467676,-0.25010250888206276,0.35550783679494113,-0.4315212369090686,-0.3799719221746574,0.11291641300104914,0.25877660800136654,-0.43021366477179573,0.2167890335341556,-0.2700433235212745,0.5206981177423511,0.19691009421418024,0.30736304063975817,-0.15451363334811571,-0.05528337637682633,-0.07881508760252269,0.07353042123206638,-0.25554638412412894,-0.1148735565713741,0.08779780331380792,0.2257959934956084,-0.20129468896321193,0.4464924042013842,0.469672807168797,-0.4330252937463867
-0.2543952373920251,0.12577292150295738,0.5074097541677786,-0.06847026276793716,-0.048942295278848365,-0.2646462987613599,0.899884362845697,-0.05594780438975168,-0.5063044771181845,-0.028741352817793494,-0.10950525746201696,0.04383741082526516,-0.005853254887875501,-0.35310112932142707,0.3608448894684116,0.012958864714578383,-0.20257536551954047,0.2941157988878193,0.9754632548975082,-0.18776910719780282,0.15316012547847643,-0.8385440096056576,0.7433411281414989,-0.18401488120346976,-0.13462457737740952,0.0382043344104329,0.5897681842384869,-0.38203027258211003,0.10703791456798246,-0.8148511255709495,-0.33475801116582926,-0.5966962616053351,0.1816841174909916,-0.8015683555793914,-0.46528203672285706,-0.007334024764840025,0.43488606071163705,0.19365926270969722,-0.09716099553581724,-0.5822869739119941,-0.39408847776435224,0.12675651056058831,-0.45467662417065713,0.1521821335760604
0.254135775425105,-0.8794773696826703,0.3531800529387669,0.03310516017752147,0.1598269518488064,-0.04300418308205962,-0.05594780438975168,0.5943127887942513,0.49625663611818355,0.7545089668917005,-0.22471048689084208,-0.6650935348585041,0.08100022383494336,-0.49992001800239905,0.9871660353020577,-0.03505673443769653,0.08139138895123695,0.724301409094682,0.6132832466199954,-0.5553029395978508,0.12618872170721393,-1.0945247381891097,1.3720342574919928,0.6751246359898977,0.42944857211291404,-0.49467116011836754,0.6704378931985068,0.12740989763406302,0.9338710908646864,-1.0008402632455395,-0.2022385638496713,-0.41513562247921126,0.16989706586480205,-0.7041512444734117,-0.4346430388145126,-0.8291076782647969,0.39237043757276446,-0.44968901314330606,-0.8503452856719961,-0.2808166779981682,-0.06625884643876946,0.353034348571982,-0.37636394131288603,0.42664398303810563
0.1862744627753119,-1.336175962802462,0.1666226920672344,-0.019709481939283183,-0.08149861503463726,-0.06169592765106625,-0.5063044771181845,0.49625663611818355,0.978865848968831,0.930632260010167,-0.36166758055082987,-0.9214929346503331,-0.12528039349828096,-0.25194101249038686,0.8019232270784261,-0.17637206346639137,0.06681233342584235,0.7931237621622531,0.3276364474841722,-0.3816854391935536,-0.06111263324337224,-1.1388995699560125,1.0832336876730218,0.4806005559063472,0.5536945578300566,-0.4725071429452481,0.44514122984320786,0.27228095727348445,0.9332882388691842,-0.8365273766441568,-0.48300545885772134,-0.33042635257912856,0.048341627276952785,-0.2322221440558852,-0.03602179853531085,-0.8934486430464604,0.36140213750115757,-0.5659240574986865,-0.7378148112461969,0.0018068746438812734,0.24741048182265127,-0.1046547126570009,-0.4097054031091835,0.38668032141420766
0.44650277297008106,-1.8678558450584823,0.8014121024752666,-0.06623898423371072,0.011892938755201966,-0.15779905028409238,-0.028741352817793494,0.7545089668917005,0.930632260010167,1.5700512572554803,-0.6476886735297068,-1.1993783916506104,-0.37343646715928486,-0.7921095856220799,1.6403950473978948,-0.13265350361090858,-0.02577429572265592,1.5082652344022085,1.244647548856995,-1.0258432638201074,0.014867802074811894,-2.618298828312179,2.592021004534519,0.6067762991416066,0.8573237939221877,-0.6502382113033923,1.0941479356902541,0.06276404933813982,1.5763869895560212,-2.066470215415189,-1.0309736288201083,-1.0921611705592733,0.30006878832008604,-1.4946895482277114,-0.649382361698622,-1.556933529775202,0.874436725719697,-0.71960103184759,-1.3953383919408595,-0.5217394035591787,-0.2052107770423071,0.2842502567672554,-0.8882203220709298,0.5083161624181278
-0.18372828813236133,1.0948507088048374,-0.347204198417465,-0.07725383093937067,0.07266962769123027,0.1906587959717193,-0.10950525746201696,-0.22471048689084208,-0.36166758055082987,-0.6476886735297068,0.6055787681513821,0.3895931339785985,0.21401326404075374,0.3905633706807206,-0.8276192728465246,0.00583471607199196,0.17697830506812617,-0.6502908937597969,-0.7345530845051247,0.33574832748502764,-0.008879918589447602,1.469122948422387,-1.3173147994641912,-0.1678355433323198,-0.2513285506861036,0.2489623671241784,-0.5434583462134546,-0.05506424104962761,-0.7032182342817087,1.0373674925727439,0.6940044021169816,0.768206736702629,-0.20423531335653686,0.8868342819877024,0.0880672657105822,0.7682853086582084,-0.29354921086752317,0.2402018997708034,0.7948355283496404,0.3804947816754106,0.032892546026337795,0.0012196641717277653,0.5445308933116895,-0.4898900649483293
0.10988772600449988,1.5570096557531046,-0.5657390349841206,0.2556265662162515,0.2630072313646636,0.3217152274281669,0.04383741082526516,-0.6650935348585041,-0.9214929346503331,-1.1993783916506104,0.3895931339785985,1.6902720393747606,0.16310187939954385,0.6603877139003267,-1.1479444786881556,0.4299310999697762,-0.06965515323664857,-1.367159487927433,-1.1357622751845768,0.8199085679804821,0.0626537906316251,2.1639443308495476,-1.9390590298577757,-0.5852252552847004,-0.7540606596464718,0.6172671906933659,-1.2023872645068445,0.06634140097449631,-1.3299297526173324,1.821164790726552,0.7255802104811929,0.7797448996754603,-0.2549875726596411,0.5715064603730545,0.47374172021341654,1.042419424634323,-1.2644679763717395,0.6606456136489985,0.8249425119887756,0.284965596032471,-3.864406441791148e-4,0.1890892730874385,0.9383018181217656,-0.5899069314287525
-0.309465369895083,0.29833420701808744,0.061528505221690594,0.2219358649667991,0.23672958631497631,-0.3022546275183942,-0.005853254887875501,0.08100022383494336,-0.12528039349828096,-0.37343646715928486,0.21401326404075374,0.16310187939954385,1.0961057630394382,0.2107558527381881,-0.05985759417657277,0.09435828931775929,-0.043844713007151925,-0.2768810881645202,0.0174199299563177,0.6463631911165375,0.3455049560124357,1.3213619176114701,-0.7147233046951038,0.795427289708068,-0.30505608908876714,-0.36812118835877955,-0.17747260935985865,0.2784722569383797,-0.10711488310433279,0.6518897300725435,0.7151127618891454,0.5064774915451657,-0.037372082507219156,0.6716125010765833,0.07161824558437697,0.34660634227870263,-0.31802531736248024,0.24147646422600455,0.2581585562466147,0.016168714696836797,0.35389435289867616,-0.19450849336883538,0.16315118520448016,0.14754782946334263
-0.32777314246883715,0.9064587826527536,-0.5778564268962874,-0.041894978103276595,-0.08090576727304193,0.04966886158464603,-0.35310112932142707,-0.49992001800239905,-0.25194101249038686,-0.7921095856220799,0.3905633706807206,0.6603877139003267,0.2107558527381881,0.8184392070388485,-1.2386745500667453,0.013192098386692237,0.014312559859333199,-0.9044759477850551,-1.071795799773794,0.7924837127486506,-0.035847962174179265,1.8999740290442202,-1.885719833212854,-0.24770542426552725,-0.49768722471628574,0.3463774732650985,-0.9538056113962187,-0.039121646627227426,-1.0051375135065055,1.5066045821584817,0.6112011242130378,0.8655204230116391,-0.28556231383423564,1.4215353892028972,0.6956696823406957,0.9116074101598798,-0.7604206199905001,0.4702465454381698,1.0046255232423695,0.6170545007213448,0.41254459431301577,-0.5205255922582652,0.5790808053750556,-0.4477708664342383
0.6170854003513199,-2.135145424245322,1.0927970180325175,0.24202973292818525,0.24971145423777216,-0.23617296374005503,0.3608448894684116,0.9871660353020577,0.8019232270784261,1.6403950473978948,-0.8276192728465246,-1.1479444786881556,-0.05985759417657277,-1.2386745500667453,2.5274847703129617,0.04130173315666707,-0.16682576338216346,1.7535133277732837,2.038542596242646,-1.1639803694385813,0.28323345359496926,-3.2332138538061623,3.531403581661978,0.8628747977141916,0.879165562130389,-0.9670480105625906,1.6546536483381804,0.30288817894420306,2.068464606681426,-2.6728378798027457,-1.1236281950091132,-1.4918498962840352,0.49789386370336447,-2.424100203532068,-1.1753970717097468,-1.9396545953809854,1.0853279422223139,-0.8587713523303013,-2.0897518463720615,-1.1030247490255392,-0.3532461060803413,0.7832956868633066,-1.1393627684526235,0.8951396978818685
0.2740747649443217,0.18236103462858377,0.04312263516542887,0.15140170918287832,0.26913934206040163,0.08977077057808931,0.012958864714578383,-0.03505673443769653,-0.17637206346639137,-0.13265350361090858,0.00583471607199196,0.4299310999697762,0.09435828931775929,0.013192098386692237,0.04130173315666707,0.30623991512774673,-0.008758382671885546,-0.19892881106479968,-0.06143761116525349,0.12344026740806384,0.06067540194515666,0.361661719965261,-0.21665393427846139,0.027674413187953002,-0.0931182562744916,0.07018792208536791,-0.16578006528918543,0.11661216034973088,-0.160832553245931,0.2846532353432171,0.12144855852896204,0.06562895688246731,-0.0063416629802761386,-0.26003218928488897,-0.003064342206222815,0.08805089538112763,-0.3405698315335116,-0.004914761309593312,-0.13247452613760013,-0.0964505372173491,-0.058655257565380856,0.28350302606047173,0.2268413183397189,-0.07034294873996043
0.11532687198195606,0.22677783142064967,-0.15454320796565144,-0.031027012608154027,0.057500889224070734,0.19938757555979528,-0.20257536551954047,0.08139138895123695,0.06681233342584235,-0.02577429572265592,0.17697830506812617,-0.06965515323664857,-0.043844713007151925,0.014312559859333199,-0.16682576338216346,-0.008758382671885546,0.21199757469340194,-0.08889581777318356,-0.3872643282592752,-0.09532074226148239,-0.14180654603017787,0.3134062920492649,-0.3164315335375119,0.011803273879066776,0.08800274766415765,0.08012738934941842,-0.15438306277105898,0.08009536512195858,-0.09644681780041196,0.2753266342250084,0.23091360098247318,0.2435917195991902,-0.09339800871219252,0.21442320762297162,0.010333469507304974,0.08716144296121703,-0.053612886098558445,-0.10288179442668832,0.12452706607808106,0.20635264042215237,-0.03874627305735903,0.15577585607343433,0.23702694943770725,-0.1463160883217354
0.26058052678323373,-1.8045097832826233,1.0327105237316891,-0.09256115438813521,-0.06981182607289328,-0.2845016293867113,0.2941157988878193,0.724301409094682,0.7931237621622531,1.5082652344022085,-0.6502908937597969,-1.367159487927433,-0.2768810881645202,-0.9044759477850551,1.7535133277732837,-0.19892881106479968,-0.08889581777318356,1.717510608490865,1.6541078498084585,-1.0389447598446915,-0.009487903319307522,-2.912182738682107,2.7165023064419027,0.5219838945942818,0.8521244987202327,-0.6786171933950942,1.3512315135169972,0.004871499847271219,1.619876667639439,-2.3603789753754496,-1.1232318234182679,-1.2631520682925954,0.3436828329355511,-1.631374811915889,-0.9113277846445915,-1.5267517897597263,1.1828388593729824,-0.6714293218029922,-1.3300650206013716,-0.7268012504356672,-0.3173643977038636,0.23694788059885252,-1.1056043023528044,0.4588186481306651
-0.19614223480928974,-1.8483303964736475,1.2312711428346068,-0.13819601615066593,-0.0672391234363395,-0.715117542576368,0.9754632548975082,0.6132832466199954,0.3276364474841722,1.244647548856995,-0.7345530845051247,-1.1357622751845768,0.0174199299563177,-1.071795799773794,2.038542596242646,-0.06143761116525349,-0.3872643282592752,1.6541078498084585,2.7432815929607806,-0.8450517317735402,0.568171587520651,-3.2588233805902087,3.3133640368803365,0.7256267403742135,0.3992212706836725,-0.7816918289867625,2.0367794872309126,-0.4003874234127118,1.6908783334643516,-2.9048232900584434,-1.1902845754647784,-1.7803514419319038,0.6614676076236897,-2.0232437338968485,-0.9899286430095106,-1.3895355730378705,1.3526725793952827,-0.4051313959862261,-1.6005361535149292,-1.2327690116876444,-0.25953200882523436,0.09590547046805926,-1.5519689314852814,1.190993336932218
-0.4907773110009633,0.9246106959368746,-0.34034453376142626,0.17686302031207904,0.05795227627106719,-0.15933522333467676,-0.18776910719780282,-0.5553029395978508,-0.3816854391935536,-1.0258432638201074,0.33574832748502764,0.8199085679804821,0.6463631911165375,0.7924837127486506,-1.1639803694385813,0.12344026740806384,-0.09532074226148239,-1.0389447598446915,-0.8450517317735402,1.4244739671127347,-0.025727670122878493,2.547569756261105,-2.3072397635770936,-0.20875491843285449,-0.6970733828922256,0.1929763392582437,-1.0260474727746212,0.1784384999032807,-1.1062627491416854,1.807210684591601,0.6077591325144258,1.0198633651423255,-0.43272194019728977,1.446649562481804,0.8980691504980124,1.2494048473178685,-0.9050482292344649,0.6267938244697854,1.1494973192765492,0.4257567442546692,0.48100214400530267,-0.5894271685979422,0.5974299931053507,-0.2637698638300832
-0.2760559996332443,-0.2626529209805016,-0.04285361806819545,-0.0688894830939159,0.04864529026253966,-0.25010250888206276,0.15316012547847643,0.12618872170721393,-0.06111263324337224,0.014867802074811894,-0.008879918589447602,0.0626537906316251,0.3455049560124357,-0.035847962174179265,0.28323345359496926,0.06067540194515666,-0.14180654603017787,-0.009487903319307522,0.568171587520651,-0.025727670122878493,0.6341909612963308,-0.1930432821817296,0.650807555158169,0.6642445012390463,-0.26755842033574656,-0.2605256392178722,0.4770613639328675,-0.2663068037109365,0.3031574458019864,-0.38316007575174854,0.23551216994739463,-0.26748552602501297,0.2719411814079078,-0.022619699927717608,-0.050687600272248605,-0.24331001096204039,-0.03997772892553994,0.08407964416376774,-0.41480626248616576,-0.1569614037432142,0.2505449479972639,-0.1213255552130456,-0.2833979010680287,0.6421698485251035
-0.5253553414999959,3.3684228641398035,-1.3583086003962417,0.32489991484058983,0.4995966290902038,0.35550783679494113,-0.8385440096056576,-1.0945247381891097,-1.1388995699560125,-2.618298828312179,1.469122948422387,2.1639443308495476,1.3213619176114701,1.8999740290442202,-3.2332138538061623,0.361661719965261,0.3134062920492649,-2.912182738682107,-3.2588233805902087,2.547569756261105,-0.1930432821817296,6.7817545867114415,-5.915787905248684,-0.35219019376679256,-1.3731307384355091,0.7653559612555132,-2.8711027959176363,0.40993741668361017,-2.9421279102571396,4.92825470109608,2.422426543424107,3.133041113829005,-1.0346589886575286,3.655738187192704,1.655852500482292,3.099990501515125,-2.336189183709251,1.2230768290606349,2.8997793524805973,1.5054723522088687,0.7561813364568645,-0.49307073136476254,2.2577557084689626,-1.3572486857356916
0.624205683238724,-3.374032349952145,1.4232732817613645,-0.10968273255748617,-0.007307629013580104,-0.4315212369090686,0.7433411281414989,1.3720342574919928,1.0832336876730218,2.592021004534519,-1.3173147994641912,-1.9390590298577757,-0.7147233046951038,-1.885719833212854,3.531403581661978,-0.21665393427846139,-0.3164315335375119,2.7165023064419027,3.3133640368803365,-2.3072397635770936,0.650807555158169,-5.915787905248684,6.19188004845236,1.215622126063745,1.2249533373586945,-1.278501393463474,2.9805693920205387,-0.3467440284978365,3.199486212826322,-4.767949885123038,-1.882603403213152,-2.7723132594518476,1.0457079656819466,-3.6499964800017604,-1.6791469943778068,-3.1018354468514913,2.006442979390301,-1.1550980712262142,-3.252841070479658,-1.5557199452341632,-0.5708256824944955,0.847819456040115,-2.1192910395077544,1.7560872721377228
-0.12860433134218957,-0.976754258690013,0.2225725738551234,-0.0017188389170759077,0.2976068783280639,-0.3799719221746574,-0.18401488120346976,0.6751246359898977,0.4806005559063472,0.6067762991416066,-0.1678355433323198,-0.5852252552847004,0.795427289708068,-0.24770542426552725,0.8628747977141916,0.027674413187953002,0.011803273879066776,0.5219838945942818,0.7256267403742135,-0.20875491843285449,0.6642445012390463,-0.35219019376679256,1.215622126063745,1.7299799505536033,0.042971955617998554,-0.8060967227236586,0.7775412935879353,-0.0472997838485809,0.975783648979974,-0.8054576810415778,0.4402500587264751,-0.26001335971270334,0.33055433475302004,-0.005615854038274319,-0.15016210456515977,-0.7930897597435212,-0.01674230542034016,-0.21427347919859643,-0.9320006866638487,-0.13194295778413606,0.43574094666238644,-0.03303157846604383,-0.4364853404225131,0.9123849915695071
0.5318821786339825,-0.8112088116122618,0.4782965228078336,0.04047620593739636,0.06881670527883567,0.11291641300104914,-0.13462457737740952,0.42944857211291404,0.5536945578300566,0.8573237939221877,-0.2513285506861036,-0.7540606596464718,-0.30505608908876714,-0.49768722471628574,0.879165562130389,-0.0931182562744916,0.08800274766415765,0.8521244987202327,0.3992212706836725,-0.6970733828922256,-0.26755842033574656,-1.3731307384355091,1.2249533373586945,0.042971955617998554,0.7563843114271549,-0.3085693895299091,0.4238298664595721,0.2733418762443203,0.8090537499897112,-0.9724885738780856,-0.5873319723147437,-0.36729284239186416,0.08293268871194674,-0.9217218637926546,-0.5654642253003427,-0.7580201194943916,0.6683876047981195,-0.5834724056914115,-0.653552561132219,-0.2541931007044481,-0.30963118938448514,0.3997515751406471,-0.2717747687652231,-0.1152670092879744
-0.07704981682310641,0.9704919894029963,-0.4623424003597977,-0.11100202876592243,-0.17146449309652226,0.25877660800136654,0.0382043344104329,-0.49467116011836754,-0.4725071429452481,-0.6502382113033923,0.2489623671241784,0.6172671906933659,-0.36812118835877955,0.3463774732650985,-0.9670480105625906,0.07018792208536791,0.08012738934941842,-0.6786171933950942,-0.7816918289867625,0.1929763392582437,-0.2605256392178722,0.7653559612555132,-1.278501393463474,-0.8060967227236586,-0.3085693895299091,0.708588551774509,-0.6517661618207702,-0.1605014258427148,-0.9237970930192465,0.9016489121507535,0.19481382853057083,0.31277422282900347,-0.16360230108194118,0.5004277304969508,0.3359071847086019,0.6884208669357933,-0.3813698648083556,0.276661269802738,0.7675486457713063,0.32805703244035833,-0.11873203208994824,-0.10973849759295226,0.4727847109831253,-0.501135300677192
-0.12644914255462458,-1.5903334171161454,0.7037854634562123,-0.22736685790965958,-0.06927557504986372,-0.43021366477179573,0.5897681842384869,0.6704378931985068,0.44514122984320786,1.0941479356902541,-0.5434583462134546,-1.2023872645068445,-0.17747260935985865,-0.9538056113962187,1.6546536483381804,-0.16578006528918543,-0.15438306277105898,1.3512315135169972,2.0367794872309126,-1.0260474727746212,0.4770613639328675,-2.8711027959176363,2.9805693920205387,0.7775412935879353,0.4238298664595721,-0.6517661618207702,1.8951112532406293,-0.4517198615048605,1.5346304517649723,-2.5391151094290594,-0.783119798110722,-1.4208017694355994,0.5999220124543645,-1.495128849360892,-0.7852559797896272,-1.2658706637968637,1.1927288225824264,-0.5335843454874907,-1.512022785161779,-0.831796539700471,-0.15858254649467388,0.19516108564331774,-1.2576716574975448,1.2061103539460036
0.48379678735643367,-0.08774871119191235,0.020287953704777175,0.42736508954558594,0.1869686168487473,0.2167890335341556,-0.38203027258211003,0.12740989763406302,0.27228095727348445,0.06276404933813982,-0.05506424104962761,0.06634140097449631,0.2784722569383797,-0.039121646627227426,0.30288817894420306,0.11661216034973088,0.08009536512195858,0.004871499847271219,-0.4003874234127118,0.1784384999032807,-0.2663068037109365,0.40993741668361017,-0.3467440284978365,-0.0472997838485809,0.2733418762443203,-0.1605014258427148,-0.4517198615048605,0.8090646070855918,0.10779198551684545,0.49911108938660037,0.028645807659936094,0.32432177231908743,-0.1716110681518613,-0.154346565191795,-0.10194253977224786,-0.14366407183651655,-0.1584607090794902,-0.2249843716889491,-0.1035049899915508,0.017638133515951906,0.01365123319328126,0.31837341680943276,0.3489961100257323,-0.30688305286664774
0.33198118887449984,-2.099600253649023,0.8075566859855389,0.009400266831051307,0.046712355606495413,-0.2700433235212745,0.10703791456798246,0.9338710908646864,0.9332882388691842,1.5763869895560212,-0.7032182342817087,-1.3299297526173324,-0.10711488310433279,-1.0051375135065055,2.068464606681426,-0.160832553245931,-0.09644681780041196,1.619876667639439,1.6908783334643516,-1.1062627491416854,0.3031574458019864,-2.9421279102571396,3.199486212826322,0.975783648979974,0.8090537499897112,-0.9237970930192465,1.5346304517649723,0.10779198551684545,1.9591823609096668,-2.4595375005383713,-0.9229892839395096,-1.2851348042434154,0.46056304214712374,-1.6890950779498364,-0.8719983030624945,-1.821726362435235,1.0552264568754508,-0.7678691325834908,-1.7813051860049725,-0.7449079098432299,-0.12809346937115385,0.38776787430450727,-1.108807679383136,0.9388000873657981
-0.16031753575385316,2.64620193526603,-1.3082532985983872,0.2818039929107088,0.18438204210986528,0.5206981177423511,-0.8148511255709495,-1.0008402632455395,-0.8365273766441568,-2.066470215415189,1.0373674925727439,1.821164790726552,0.6518897300725435,1.5066045821584817,-2.6728378798027457,0.2846532353432171,0.2753266342250084,-2.3603789753754496,-2.9048232900584434,1.807210684591601,-0.38316007575174854,4.92825470109608,-4.767949885123038,-0.8054576810415778,-0.9724885738780856,0.9016489121507535,-2.5391151094290594,0.49911108938660037,-2.4595375005383713,4.0592004619277695,1.6902014088393962,2.318556263302028,-0.8170084552556897,2.7415218367311094,1.3613173708499466,2.311189377777048,-1.8242027963743352,0.8812870537953779,2.3175358504420824,1.287177207635573,0.4903745677379329,-0.39561081058122566,1.892631584631075,-1.2554679586176116
-0.25086016215706564,1.3778034113121727,-0.745480288757853,0.043964708895037806,0.23718457501975598,0.19691009421418024,-0.33475801116582926,-0.2022385638496713,-0.48300545885772134,-1.0309736288201083,0.6940044021169816,0.7255802104811929,0.7151127618891454,0.6112011242130378,-1.1236281950091132,0.12144855852896204,0.23091360098247318,-1.1232318234182679,-1.1902845754647784,0.6077591325144258,0.23551216994739463,2.422426543424107,-1.882603403213152,0.4402500587264751,-0.5873319723147437,0.19481382853057083,-0.783119798110722,0.028645807659936094,-0.9229892839395096,1.6902014088393962,1.4306706664339806,1.110630723084584,-0.1742254199212791,1.4963003011074172,0.3898217984050431,0.9297992902589778,-0.8617713202949174,0.4036989928886984,0.8304688658017405,0.6232899922415072,0.34128152810678897,-0.04996940289535046,0.829365064619647,-0.24436743770913172
-0.08042783096074611,1.5741850176872643,-0.6580710497089175,0.15138283524401605,0.24114641061471306,0.30736304063975817,-0.5966962616053351,-0.41513562247921126,-0.33042635257912856,-1.0921611705592733,0.768206736702629,0.7797448996754603,0.5064774915451657,0.8655204230116391,-1.4918498962840352,0.06562895688246731,0.2435917195991902,-1.2631520682925954,-1.7803514419319038,1.0198633651423255,-0.26748552602501297,3.133041113829005,-2.7723132594518476,-0.26001335971270334,-0.36729284239186416,0.31277422282900347,-1.4208017694355994,0.32432177231908743,-1.2851348042434154,2.318556263302028,1.110630723084584,1.6721369588947919,-0.5527302435476551,1.7654573724784095,0.6488720254858678,1.4068846732782772,-0.9366965244862269,0.37180036212678724,1.3893078878990424,0.8068878766722661,0.29261830404686806,-0.11418070658585495,1.15943087098193,-0.8808205532373186
0.011798051983851912,-0.46037506388644234,0.11185333574121023,-0.08389525549617416,-0.05386272298336264,-0.15451363334811571,0.1816841174909916,0.16989706586480205,0.048341627276952785,0.30006878832008604,-0.20423531335653686,-0.2549875726596411,-0.037372082507219156,-0.28556231383423564,0.49789386370336447,-0.0063416629802761386,-0.09339800871219252,0.3436828329355511,0.6614676076236897,-0.43272194019728977,0.2719411814079078,-1.0346589886575286,1.0457079656819466,0.33055433475302004,0.08293268871194674,-0.16360230108194118,0.5999220124543645,-0.1716110681518613,0.46056304214712374,-0.8170084552556897,-0.1742254199212791,-0.5527302435476551,0.37464912626014457,-0.5199426962819866,-0.2581984638704151,-0.4501974066934177,0.32672397947481974,-0.1257164493766617,-0.5715518256263663,-0.26580909166961914,-0.01758760350200002,0.026605818282713734,-0.3832678738121138,0.45017888125218847
-1.1062344709293799,1.606706230941353,-1.3143949785775342,-0.299289379806018,-0.3497140845211988,-0.05528337637682633,-0.8015683555793914,-0.7041512444734117,-0.2322221440558852,-1.4946895482277114,0.8868342819877024,0.5715064603730545,0.6716125010765833,1.4215353892028972,-2.424100203532068,-0.26003218928488897,0.21442320762297162,-1.631374811915889,-2.0232437338968485,1.446649562481804,-0.022619699927717608,3.655738187192704,-3.6499964800017604,-0.005615854038274319,-0.9217218637926546,0.5004277304969508,-1.495128849360892,-0.154346565191795,-1.6890950779498364,2.7415218367311094,1.4963003011074172,1.7654573724784095,-0.5199426962819866,3.4355796908941745,1.4316127554995501,1.7706486186800756,-1.1085663797572007,0.788357847791,2.0790812480738357,1.3541647900734881,0.9884348605230464,-1.3151123776597455,0.9584067787935101,-0.4724407053744491
-0.41632724289505263,0.37065481439156955,-0.7040952803223954,-0.07691635723802315,-0.17497235009812534,-0.07881508760252269,-0.46528203672285706,-0.4346430388145126,-0.03602179853531085,-0.649382361698622,0.0880672657105822,0.47374172021341654,0.07161824558437697,0.6956696823406957,-1.1753970717097468,-0.003064342206222815,0.010333469507304974,-0.9113277846445915,-0.9899286430095106,0.8980691504980124,-0.050687600272248605,1.655852500482292,-1.6791469943778068,-0.15016210456515977,-0.5654642253003427,0.3359071847086019,-0.7852559797896272,-0.10194253977224786,-0.8719983030624945,1.3613173708499466,0.3898217984050431,0.6488720254858678,-0.2581984638704151,1.4316127554995501,1.23592776472969,0.8622308622396848,-0.8169304181946688,0.3961521363254935,0.7897051548354921,0.6479841554993205,0.5793827546562385,-0.7443454656891417,0.43256272305281396,0.20656367860249908
-0.5003192686565006,2.024709756779325,-0.6162200828538884,-0.030139543667672443,0.028594435125553985,0.07353042123206638,-0.007334024764840025,-0.8291076782647969,-0.8934486430464604,-1.556933529775202,0.7682853086582084,1.042419424634323,0.34660634227870263,0.9116074101598798,-1.9396545953809854,0.08805089538112763,0.08716144296121703,-1.5267517897597263,-1.3895355730378705,1.2494048473178685,-0.24331001096204039,3.099990501515125,-3.1018354468514913,-0.7930897597435212,-0.7580201194943916,0.6884208669357933,-1.2658706637968637,-0.14366407183651655,-1.821726362435235,2.311189377777048,0.9297992902589778,1.4068846732782772,-0.4501974066934177,1.7706486186800756,0.8622308622396848,2.036977593942062,-0.7871688047240131,0.7289801102465464,1.809411539655163,0.6278385561073837,0.16796850410214206,-0.4340055118472062,0.9926011482981264,-0.7114779683127911
-0.013901374118261176,-1.0163498524765746,0.6932244440496996,-0.20613300302786625,-0.2665669066192102,-0.25554638412412894,0.43488606071163705,0.39237043757276446,0.36140213750115757,0.874436725719697,-0.29354921086752317,-1.2644679763717395,-0.31802531736248024,-0.7604206199905001,1.0853279422223139,-0.3405698315335116,-0.053612886098558445,1.1828388593729824,1.3526725793952827,-0.9050482292344649,-0.03997772892553994,-2.336189183709251,2.006442979390301,-0.01674230542034016,0.6683876047981195,-0.3813698648083556,1.1927288225824264,-0.1584607090794902,1.0552264568754508,-1.8242027963743352,-0.8617713202949174,-0.9366965244862269,0.32672397947481974,-1.1085663797572007,-0.8169304181946688,-0.7871688047240131,1.5299736991199697,-0.4810535637271125,-0.6650599143609416,-0.5713499850302787,-0.387589115465437,0.06259531475323715,-0.8955862972766216,0.3564541354376266
-0.45423274125016444,0.8377034038365286,-0.25422564861082136,-0.04703932870228692,-0.1087749886859946,-0.1148735565713741,0.19365926270969722,-0.44968901314330606,-0.5659240574986865,-0.71960103184759,0.2402018997708034,0.6606456136489985,0.24147646422600455,0.4702465454381698,-0.8587713523303013,-0.004914761309593312,-0.10288179442668832,-0.6714293218029922,-0.4051313959862261,0.6267938244697854,0.08407964416376774,1.2230768290606349,-1.1550980712262142,-0.21427347919859643,-0.5834724056914115,0.276661269802738,-0.5335843454874907,-0.2249843716889491,-0.7678691325834908,0.8812870537953779,0.4036989928886984,0.37180036212678724,-0.1257164493766617,0.788357847791,0.3961521363254935,0.7289801102465464,-0.4810535637271125,0.644110747912594,0.8067954961595909,0.21774191187009978,0.13589760914762344,-0.39063883527577387,0.246623306135694,-0.20558309809807912
-0.6704706497670191,1.9823739985966387,-0.625882331580003,-0.15733853642922502,-0.2606689037873765,0.08779780331380792,-0.09716099553581724,-0.8503452856719961,-0.7378148112461969,-1.3953383919408595,0.7948355283496404,0.8249425119887756,0.2581585562466147,1.0046255232423695,-2.0897518463720615,-0.13247452613760013,0.12452706607808106,-1.3300650206013716,-1.6005361535149292,1.1494973192765492,-0.41480626248616576,2.8997793524805973,-3.252841070479658,-0.9320006866638487,-0.653552561132219,0.7675486457713063,-1.512022785161779,-0.1035049899915508,-1.7813051860049725,2.3175358504420824,0.8304688658017405,1.3893078878990424,-0.5715518256263663,2.0790812480738357,0.7897051548354921,1.809411539655163,-0.6650599143609416,0.8067954961595909,2.148777239249257,0.8110871220297754,0.1508134958548255,-0.7157028100348455,0.9292383429424538,-1.0963259630734916
-0.17582315702121207,0.690156450258028,-0.6980386758775338,-0.10443404553382789,-0.12769969208599063,0.2257959934956084,-0.5822869739119941,-0.2808166779981682,0.0018068746438812734,-0.5217394035591787,0.3804947816754106,0.284965596032471,0.016168714696836797,0.6170545007213448,-1.1030247490255392,-0.0964505372173491,0.20635264042215237,-0.7268012504356672,-1.2327690116876444,0.4257567442546692,-0.1569614037432142,1.5054723522088687,-1.5557199452341632,-0.13194295778413606,-0.2541931007044481,0.32805703244035833,-0.831796539700471,0.017638133515951906,-0.7449079098432299,1.287177207635573,0.6232899922415072,0.8068878766722661,-0.26580909166961914,1.3541647900734881,0.6479841554993205,0.6278385561073837,-0.5713499850302787,0.21774191187009978,0.8110871220297754,0.7647361393998001,0.3486215839762104,-0.3886433042103971,0.596212686014377,-0.33809447755547706
-0.39806836464584866,-0.17483342078864622,-0.42588103647476855,-0.03200380546153191,-0.12057093433458295,-0.20129468896321193,-0.39408847776435224,-0.06625884643876946,0.24741048182265127,-0.2052107770423071,0.032892546026337795,-3.864406441791148e-4,0.35389435289867616,0.41254459431301577,-0.3532461060803413,-0.058655257565380856,-0.03874627305735903,-0.3173643977038636,-0.25953200882523436,0.48100214400530267,0.2505449479972639,0.7561813364568645,-0.5708256824944955,0.43574094666238644,-0.30963118938448514,-0.11873203208994824,-0.15858254649467388,0.01365123319328126,-0.12809346937115385,0.4903745677379329,0.34128152810678897,0.29261830404686806,-0.01758760350200002,0.9884348605230464,0.5793827546562385,0.16796850410214206,-0.387589115465437,0.13589760914762344,0.1508134958548255,0.3486215839762104,0.6362467081440555,-0.5779687699490051,0.03470039858646946,0.36922782514789837
0.8557702388419383,0.09426239579137766,0.3051894010444243,0.30742404426181624,0.5250643252374806,0.4464924042013842,0.12675651056058831,0.353034348571982,-0.1046547126570009,0.2842502567672554,0.0012196641717277653,0.1890892730874385,-0.19450849336883538,-0.5205255922582652,0.7832956868633066,0.28350302606047173,0.15577585607343433,0.23694788059885252,0.09590547046805926,-0.5894271685979422,-0.1213255552130456,-0.49307073136476254,0.847819456040115,-0.03303157846604383,0.3997515751406471,-0.10973849759295226,0.19516108564331774,0.31837341680943276,0.38776787430450727,-0.39561081058122566,-0.04996940289535046,-0.11418070658585495,0.026605818282713734,-1.3151123776597455,-0.7443454656891417,-0.4340055118472062,0.06259531475323715,-0.39063883527577387,-0.7157028100348455,-0.3886433042103971,-0.5779687699490051,1.1930224698986047,0.21600310864004757,-0.2316646892756224
0.2696263940089262,1.389806452093133,-0.6087651222984554,0.1995050697775328,0.2528522076110917,0.469672807168797,-0.45467662417065713,-0.37636394131288603,-0.4097054031091835,-0.8882203220709298,0.5445308933116895,0.9383018181217656,0.16315118520448016,0.5790808053750556,-1.1393627684526235,0.2268413183397189,0.23702694943770725,-1.1056043023528044,-1.5519689314852814,0.5974299931053507,-0.2833979010680287,2.2577557084689626,-2.1192910395077544,-0.4364853404225131,-0.2717747687652231,0.4727847109831253,-1.2576716574975448,0.3489961100257323,-1.108807679383136,1.892631584631075,0.829365064619647,1.15943087098193,-0.3832678738121138,0.9584067787935101,0.43256272305281396,0.9926011482981264,-0.8955862972766216,0.246623306135694,0.9292383429424538,0.596212686014377,0.03470039858646946,0.21600310864004757,1.0961114787038688,-0.7932474878738213
-0.320814634117422,-1.3082213311052469,0.013096072970558427,-0.10760989869477593,-0.1018792904494715,-0.4330252937463867,0.1521821335760604,0.42664398303810563,0.38668032141420766,0.5083161624181278,-0.4898900649483293,-0.5899069314287525,0.14754782946334263,-0.4477708664342383,0.8951396978818685,-0.07034294873996043,-0.1463160883217354,0.4588186481306651,1.190993336932218,-0.2637698638300832,0.6421698485251035,-1.3572486857356916,1.7560872721377228,0.9123849915695071,-0.1152670092879744,-0.501135300677192,1.2061103539460036,-0.30688305286664774,0.9388000873657981,-1.2554679586176116,-0.24436743770913172,-0.8808205532373186,0.45017888125218847,-0.4724407053744491,0.20656367860249908,-0.7114779683127911,0.3564541354376266,-0.20558309809807912,-1.0963259630734916,-0.33809447755547706,0.36922782514789837,-0.2316646892756224,-0.7932474878738213,1.6550954098338195
