V1,V2,V3,V4,V5,V6,V7,V8,V9,V10,V11,V12,V13,V14,V15,V16,V17,V18,V19,V20,V21,V22,V23,V24,V25,V26,V27,V28,V29,V30,V31,V32,V33,V34,V35,V36,V37,V38,V39,V40,V41,V42,V43,V44
0.33253694755307367,-0.5625479201293075,0.37996902140904476,0.007763394775795297,0.024074952229712652,0.04916496150521082,0.21404487446874945,0.29520861745800947,0.17836773212032112,0.6131327961089188,-0.3001418754667781,-0.35553290617645733,-0.33553796612848336,-0.4673943620802301,0.7810178558211149,-0.09962361929820832,-0.041247879829829436,0.6612673668391547,0.6280578826103539,-0.6550792086596066,-0.05431550883460901,-1.4500843001752504,1.4608221170780116,0.09008358029371366,0.40160809440350365,-0.2445272880309563,0.611859522757021,-0.04237065562687786,0.6824742935026574,-1.1459428796531927,-0.5083020775997598,-0.5928656477008883,0.2615642457279548,-1.0490223235987437,-0.5151667034244677,-0.6764954945929536,0.3946207677940195,-0.2435753346465134,-0.7371065753761884,-0.35186541756435075,-0.30928526411820106,0.40409691714057366,-0.3864623698409959,0.17746568284594638
-0.5625479201293075,8.344127518559532,-2.973449536799921,0.9258333773343902,-0.375814081990989,2.0183134588407583,-1.073805517203066,-1.912131005208908,-2.5207941974134043,-4.291722999233617,2.279698884416917,4.112655168751165,1.4004584507076423,3.3066450214213368,-6.457101671642207,-1.8266101253293656,1.0243018963968988,-4.264332579520364,-7.330596949387481,3.2556843235122526,-2.487914312438538,10.467125584527198,-8.580091503793824,-0.8910548036587498,-1.876691993836367,0.8848668174289311,-5.297792679118296,1.1229818143621295,-4.988921410641872,7.0839688572068935,4.306435913755411,5.553428756798423,-0.7102743521513292,5.7341624171367656,2.1947197894125923,5.162748521704369,-5.860642305270606,4.2044502164081,5.252953547920519,4.0783983980175895,0.59808437073147,-0.06241096029156268,4.501931603033458,-3.046912580444516
0.37996902140904476,-2.973449536799921,1.6019937665257507,-0.2352344494197862,0.023119373387151223,-0.566347219757053,0.8687540791919922,1.0221445678902497,0.860368219621434,2.1107713741870886,-1.0778120212704951,-1.7919547743185071,-0.6067092311516625,-1.637834524360392,2.9589606240714774,0.08953615044034524,-0.3324323512379313,2.424276065322144,3.223550748762707,-1.769479750897446,0.5417590638878029,-5.062534171546301,4.734809091113158,0.68356816891952,1.035404883313546,-0.8273591692360477,2.5807027501418056,-0.3979968018886906,2.51552138492231,-3.9690042722808205,-1.8370581356446984,-2.4819643282088895,0.6760742988061931,-3.1187653224172727,-1.5076229066708957,-2.449713795338529,2.127069417227967,-1.2081245113805874,-2.485982751796314,-1.602848808981627,-0.6216496213228216,0.5326109183657953,-1.9630849148157419,1.2322706091375364
0.007763394775795297,0.9258333773343902,-0.2352344494197862,0.25108862666399634,-0.14218148503430703,0.28467817556576797,0.04058400255310274,-0.08671342254379369,-0.28704446470046363,-0.25779397067660337,0.09168347120079923,0.3377905405573552,0.15540481602188724,0.19164136691234354,-0.421502668522274,-0.4938399107332436,0.11789976143455284,-0.16355456186411638,-0.6543533845756544,0.11961057872230761,-0.4390065057730679,0.6329945576587874,-0.23066232354215524,0.06419634785910536,-0.08784200534524553,-0.12724366370078335,-0.3628700527383826,0.23180906252697026,-0.25268968494198457,0.226169277963321,0.3619913439014412,0.4136409462486,0.1282907321942958,0.2059478170780243,0.008003850375185065,0.3051268892108367,-0.6835562962984711,0.6362658777803564,0.3112440379078758,0.4460425377991424,-0.025021740328746593,0.17711337451668885,0.3788469553177796,-0.21968808122891556
0.024074952229712652,-0.375814081990989,0.023119373387151223,-0.14218148503430703,0.3133539894553259,-0.20364792890271932,-0.16417113507128311,-0.14844503784627563,0.03505589062714255,-0.22393608775878943,0.12549337921803502,0.11540883718426145,-0.02401420697587667,0.10204052331851425,-0.08369090426281377,0.6760651152887813,-0.10462513991010174,-0.39199816822622663,0.11147812448540734,0.28558753843309587,0.4216066622879254,0.47865771212826536,-0.7551002741507321,-0.2468378373670575,-0.135199848461448,0.3272774280293978,-0.13357327356928905,-0.1695810179856635,-0.2989025561510602,0.6193787397060647,-0.017192085960000242,0.08867636452819742,-0.32542880373936306,0.23163412650266363,0.2505903842195706,0.238498154620616,0.3250696919662492,-0.5183873145474427,0.0977545433133422,-0.2750522191244322,0.10011504610491515,-0.15963871651157038,0.03345275376425185,-0.07309051304070538
0.04916496150521082,2.0183134588407583,-0.566347219757053,0.28467817556576797,-0.20364792890271932,0.7488101484973505,-0.13017148807514245,-0.23704795103999776,-0.5586930292928142,-0.6691929501704816,0.40861425279439645,0.8196513226690529,0.13907221679875387,0.540403333693881,-1.2082348909806089,-0.8482226003145484,0.33254843328116646,-0.5166877690892305,-1.6061982338750087,0.3532120426412592,-0.8615786100299495,1.6952322376605788,-1.0086608207456769,-0.032991853615084936,-0.2087104306031921,-0.09010741136592527,-0.915891453209992,0.32982288726162157,-0.7231555603613617,0.892426499554285,0.9081098435041849,1.0671633850793314,0.07856346686723253,0.7814526656358218,0.12685954306401173,0.7784913933412663,-1.4952075264105478,1.2004735157976176,0.8347475361859169,1.038750287169881,-0.08015603941741813,0.35320577786783725,0.9485308183140699,-0.6223798680322717
0.21404487446874945,-1.073805517203066,0.8687540791919922,0.04058400255310274,-0.16417113507128311,-0.13017148807514245,0.7400522061845987,0.6659821055568047,0.25678491637112755,1.215544058238355,-0.6554745930630586,-0.9163135679299625,-0.23239409076011305,-1.0017211657326948,1.6485898182466776,-0.4863721045534883,-0.10075491261512497,1.543414468187281,1.6341493775455247,-1.1876440525437808,-0.04228376839692953,-2.984335597890101,3.1775358108004412,0.5954060644648774,0.6168317124294272,-0.7210461398059287,1.4982641941058925,-0.10297081514460418,1.5322723067943103,-2.6166388818044277,-0.8755992809805457,-1.3620386854302575,0.660941511216354,-1.9707468094312914,-1.0742428887961697,-1.3993988028695925,0.8085650547058884,-0.1365753337921833,-1.4002927331065156,-0.6959576647793048,-0.5053726640075608,0.5517851456753627,-1.0211478313514646,0.7173028440176967
0.29520861745800947,-1.912131005208908,1.0221445678902497,-0.08671342254379369,-0.14844503784627563,-0.23704795103999776,0.6659821055568047,0.9643387136295335,0.6459547776153506,1.735765234143609,-0.8588272529698958,-1.385801554788713,-0.39536318345203625,-1.2890455890151973,2.271601119522608,-0.4484932265046718,-0.13608106781955645,2.000756606745257,2.195198381406059,-1.597083321183613,0.1783614124703238,-4.020265824165772,4.193813769693176,0.8927296365316879,0.8597211963697229,-0.9488432701613562,2.0533366067588434,-0.20790687430124036,2.154540506579262,-3.3882626045405884,-1.1875203800140426,-1.8210956886182064,0.8095142188397159,-2.3863148727770924,-1.2617800701892492,-2.0059015090403434,1.2176237922999835,-0.5084641711669673,-2.02412680220449,-0.9376821399154823,-0.4733084328995831,0.5860665491611659,-1.425839385656521,1.1011637049235876
0.17836773212032112,-2.5207941974134043,0.860368219621434,-0.28704446470046363,0.03505589062714255,-0.5586930292928142,0.25678491637112755,0.6459547776153506,0.8898240705214773,1.420066000173291,-0.7128915734815926,-1.3373658232039158,-0.464956087618083,-0.9799487338881357,1.9787229355963214,0.3816381682180097,-0.2735445860748023,1.4142945768223458,2.174276152127244,-1.0724369041535255,0.6494027252972042,-3.3144009488812367,2.7784920551952714,0.3636560272869575,0.6570089378676685,-0.3711947315765452,1.6598798957769634,-0.30131270564366036,1.618863685776023,-2.325137170240275,-1.333882425530509,-1.6640952043330572,0.3115263403962739,-1.7078178608890178,-0.6894685065686378,-1.6416923687744243,1.6620690421610915,-1.2290802044130695,-1.6651366789408342,-1.1276377696125042,-0.12645706439405355,0.02446371131461975,-1.3747478036483263,0.9454775796886431
0.6131327961089188,-4.291722999233617,2.1107713741870886,-0.25779397067660337,-0.22393608775878943,-0.6691929501704816,1.215544058238355,1.735765234143609,1.420066000173291,3.530898482057516,-1.7346979435359662,-2.802075831006694,-1.0231961166226566,-2.5061595685428957,4.582240468773187,-0.44521975996919977,-0.3899521764057529,3.877844216854635,4.558879640119632,-3.076142333279512,0.5471301842082957,-8.079819760497616,7.97774885525867,1.3311695781725996,1.7139343179756708,-1.5478351349422872,3.9465177782767342,-0.5020537113684491,4.116985891562277,-6.525085739902525,-2.7655451353535834,-3.7690144903116116,1.3810010886634916,-4.807198297101114,-2.337640378341073,-3.9617847477759955,2.8090803241186815,-1.430411970071461,-3.9524612840508726,-2.07370299320522,-0.8778268437916333,0.9269868636027068,-2.9213205131653712,1.9851849988607835
-0.3001418754667781,2.279698884416917,-1.0778120212704951,0.09168347120079923,0.12549337921803502,0.40861425279439645,-0.6554745930630586,-0.8588272529698958,-0.7128915734815926,-1.7346979435359662,1.0048727810588254,1.4628033483580711,0.4730189398834839,1.309641849848354,-2.3297898572364035,0.19772101600370598,0.24067989515850655,-1.9626116300808103,-2.338077827634673,1.5358950223498302,-0.2613548303654526,4.1771127193996325,-4.027222741463088,-0.6913977537777022,-0.8515924227394736,0.7666849034717461,-2.036767735929841,0.2333282540917599,-2.0758452841393495,3.319482440062375,1.4173555466342533,1.9775789558597872,-0.7028345787353804,2.4487868483340423,1.1145645973407063,2.0099021172265923,-1.4771001798392709,0.7713488372268804,2.042406909506333,1.1091549339956415,0.4299888343060804,-0.40473525973675806,1.5305883348429603,-1.0976906855799835
-0.35553290617645733,4.112655168751165,-1.7919547743185071,0.3377905405573552,0.11540883718426145,0.8196513226690529,-0.9163135679299625,-1.385801554788713,-1.3373658232039158,-2.802075831006694,1.4628033483580711,2.6333419479937876,0.7767140831882521,2.1205941978266507,-3.82632894636736,-0.024653142071628054,0.38391430070016264,-3.119762576706987,-4.0482782484015285,2.3800171850553333,-0.7244838434947006,6.679071807405762,-6.17217606736718,-0.996549480559708,-1.363414239353968,1.0865164167355474,-3.390477698451155,0.4903512682177245,-3.3390947247676475,5.151041148734841,2.35068689685984,3.2331172065466047,-0.9074220020141157,3.7262134493532453,1.7368845785952385,3.2265667600381893,-2.9041285749117103,1.6768639874578335,3.2341178873551786,1.9446272096746837,0.5882014618007684,-0.44374010197826386,2.598368245730491,-1.8101990660797789
-0.33553796612848336,1.4004584507076423,-0.6067092311516625,0.15540481602188724,-0.02401420697587667,0.13907221679875387,-0.23239409076011305,-0.39536318345203625,-0.464956087618083,-1.0231961166226566,0.4730189398834839,0.7767140831882521,0.6437001986897883,0.7009960495317615,-1.249109712426098,-0.12096480604437647,0.11527864351119876,-1.0035716381548332,-1.2270964313972559,0.9109830744946841,-0.15065932748377436,2.3513635629459873,-2.0628683056801074,0.022567876237265992,-0.5577826589792064,0.19059779398040463,-1.0158033128831698,0.2313325596651546,-1.0342697469890192,1.7017977077408533,1.01580135761648,1.0905777625843633,-0.21086066477480817,1.4686177993267164,0.5787981868805229,1.0839487238019487,-0.9956170218055872,0.6918352380456549,1.102681210124217,0.6613493007407277,0.3276024748852898,-0.3045929349793261,0.7860249198365438,-0.3759561015619976
-0.4673943620802301,3.3066450214213368,-1.637834524360392,0.19164136691234354,0.10204052331851425,0.540403333693881,-1.0017211657326948,-1.2890455890151973,-0.9799487338881357,-2.5061595685428957,1.309641849848354,2.1205941978266507,0.7009960495317615,2.013673745530223,-3.513648405514937,0.15432488899625404,0.3166150427540364,-2.8489031394552446,-3.5718526674650013,2.273686704751738,-0.5098916324202533,6.105304473603021,-5.876462236248818,-0.898190161878245,-1.2516440074016035,1.0768884571731219,-3.038458588762847,0.35338174343973006,-3.066570813667588,4.785884012706738,2.040885120964401,2.915625587190749,-0.9591021669658614,3.6922244210849664,1.8043584004199409,2.954390771083229,-2.369438096569267,1.231747203424368,2.9778409719184435,1.7470404423253167,0.754730428431421,-0.7262634012676286,2.235697778898535,-1.572064396078578
0.7810178558211149,-6.457101671642207,2.9589606240714774,-0.421502668522274,-0.08369090426281377,-1.2082348909806089,1.6485898182466776,2.271601119522608,1.9787229355963214,4.582240468773187,-2.3297898572364035,-3.82632894636736,-1.249109712426098,-3.513648405514937,6.51021489037295,0.0966857693047275,-0.7065493882223592,5.030135364627376,6.752586581822596,-3.9471876388874367,1.30181109525662,-10.989936346484832,10.405090438595472,1.5742414764983341,2.1888191511543513,-1.8420534329867377,5.494261717198055,-0.6954869447659789,5.5249267344565745,-8.485856027223592,-3.871855097451294,-5.3425753325370575,1.645817535160698,-6.54894385107023,-3.1361489557460462,-5.382995315965406,4.459499699215647,-2.5535291079485627,-5.4692173556887225,-3.3478362918842395,-1.1102102887476648,1.075833030301141,-4.167045723145065,2.8647975871543605
-0.09962361929820832,-1.8266101253293656,0.08953615044034524,-0.4938399107332436,0.6760651152887813,-0.8482226003145484,-0.4863721045534883,-0.4484932265046718,0.3816381682180097,-0.44521975996919977,0.19772101600370598,-0.024653142071628054,-0.12096480604437647,0.15432488899625404,0.0966857693047275,2.1793948149679805,-0.3844328649951907,-0.9606091516007774,0.8035628599688179,0.7623825474391199,1.4216961206682341,0.6660199521714412,-2.132587104703354,-0.9798921279690024,-0.36883439347122704,1.1636670984297386,-0.2678192885059252,-0.3957881162254794,-0.7093870345015446,1.6803702573135908,-0.4801648497298449,-0.23899399132380025,-1.014198763814358,0.5856858501817642,0.7762252648788153,0.35981499952566,1.5625990173311552,-1.8744030953453095,0.23104692888353018,-1.0512862673920151,0.4046145146000706,-0.8641892450557672,-0.24877572914879995,-0.04043681094434763
-0.041247879829829436,1.0243018963968988,-0.3324323512379313,0.11789976143455284,-0.10462513991010174,0.33254843328116646,-0.10075491261512497,-0.13608106781955645,-0.2735445860748023,-0.3899521764057529,0.24067989515850655,0.38391430070016264,0.11527864351119876,0.3166150427540364,-0.7065493882223592,-0.3844328649951907,0.20365579893757638,-0.3389949343536258,-0.8748218046284737,0.24631077319217895,-0.4184961332363493,1.0344064244995248,-0.7210857524897045,-0.0038326692698288528,-0.16006820129313146,0.012335254072974033,-0.5219206011911798,0.14840114639684537,-0.4545684684162366,0.601968973530537,0.5162892181968033,0.5883320906235118,-0.021835854936540635,0.5596396130443314,0.1761360765118781,0.4805330708372223,-0.7329626456886759,0.5875534897191765,0.5270158003585113,0.5678011414520228,0.017828466044388116,0.09525080437494457,0.5085635594787851,-0.29427623139455383
0.6612673668391547,-4.264332579520364,2.424276065322144,-0.16355456186411638,-0.39199816822622663,-0.5166877690892305,1.543414468187281,2.000756606745257,1.4142945768223458,3.877844216854635,-1.9626116300808103,-3.119762576706987,-1.0035716381548332,-2.8489031394552446,5.030135364627376,-0.9606091516007774,-0.3389949343536258,4.6011684947967755,4.990173961447933,-3.489975252804792,0.24621684554588688,-9.089278123768935,9.218003558820563,1.7099148082434885,1.950421842323536,-1.9992520821231563,4.535984387038442,-0.42004555902989654,4.70582126441303,-7.622852994619737,-2.8547178375087148,-4.153859300530643,1.742708695195173,-5.469824568097383,-2.8733219643150645,-4.451286534879361,2.7744494789487013,-1.1487130334373197,-4.445015860207382,-2.102748963804264,-1.1011977494197174,1.237687050142087,-3.1963129554117313,2.1978236314355177
0.6280578826103539,-7.330596949387481,3.223550748762707,-0.6543533845756544,0.11147812448540734,-1.6061982338750087,1.6341493775455247,2.195198381406059,2.174276152127244,4.558879640119632,-2.338077827634673,-4.0482782484015285,-1.2270964313972559,-3.5718526674650013,6.752586581822596,0.8035628599688179,-0.8748218046284737,4.990173961447933,7.50091145395651,-3.7082102591622355,1.866960032224605,-11.154116721562076,10.030599571285675,1.429870297190837,2.0759362890646105,-1.5692528047423553,5.767990260187432,-0.9158678338219036,5.507425684289966,-8.331046512898189,-4.14060258415728,-5.672576728702686,1.384101141468112,-6.5192216654893596,-2.995534507450179,-5.440405459358193,5.154019919792593,-3.239084654965205,-5.59615842553019,-3.831196680160622,-0.9598733920723469,0.7210995000922255,-4.513395042984599,3.0896621814550533
-0.6550792086596066,3.2556843235122526,-1.769479750897446,0.11961057872230761,0.28558753843309587,0.3532120426412592,-1.1876440525437808,-1.597083321183613,-1.0724369041535255,-3.076142333279512,1.5358950223498302,2.3800171850553333,0.9109830744946841,2.273686704751738,-3.9471876388874367,0.7623825474391199,0.24631077319217895,-3.489975252804792,-3.7082102591622355,2.9470324050992236,-0.17234126383555864,7.201417390777322,-7.338799890879468,-1.2569560704734033,-1.5996539682479025,1.5029830202278338,-3.4593651709508304,0.3523396276068707,-3.6657776179937023,5.945719686975795,2.249337922365305,3.21765297832832,-1.406922200559734,4.371767195751928,2.2613135798303854,3.47965091689636,-2.2006635786587285,0.9351747876085782,3.480327704677491,1.6515981029218358,0.954015851089185,-1.0981258859955763,2.4216079988982857,-1.6584722109327332
-0.05431550883460901,-2.487914312438538,0.5417590638878029,-0.4390065057730679,0.4216066622879254,-0.8615786100299495,-0.04228376839692953,0.1783614124703238,0.6494027252972042,0.5471301842082957,-0.2613548303654526,-0.7244838434947006,-0.15065932748377436,-0.5098916324202533,1.30181109525662,1.4216961206682341,-0.4184961332363493,0.24621684554588688,1.866960032224605,-0.17234126383555864,1.3966504347347921,-1.507410229426266,0.623217472385066,-0.10648203955729336,0.0696319055683763,0.3130179501624947,0.9246146404589245,-0.4489038705698221,0.6553027703597694,-0.4624572127172429,-0.901335497483821,-1.1322539823160145,-0.31647329649160805,-0.6603182206980713,-0.026892248894162394,-0.8202653669713256,1.8321441306105837,-1.6634584528049539,-0.9089598145810995,-1.2962664643783712,0.18752721733662137,-0.4699546711463835,-1.008164495334765,0.7313531156618329
-1.4500843001752504,10.467125584527198,-5.062534171546301,0.6329945576587874,0.47865771212826536,1.6952322376605788,-2.984335597890101,-4.020265824165772,-3.3144009488812367,-8.079819760497616,4.1771127193996325,6.679071807405762,2.3513635629459873,6.105304473603021,-10.989936346484832,0.6660199521714412,1.0344064244995248,-9.089278123768935,-11.154116721562076,7.201417390777322,-1.507410229426266,19.38821243359452,-18.600060806418355,-2.873299061928231,-4.003563058909151,3.443679197726649,-9.501717537157111,1.1177658903885246,-9.68142114884728,15.256656157749212,6.59349416661524,9.165352942596952,-3.1588729360482297,11.473023017700712,5.612220281641288,9.40291743777104,-7.1529959335781665,3.7857743576000362,9.43127022477512,5.299258886469263,2.150301773120857,-2.112305695929901,7.068531967065717,-4.815034161983415
1.4608221170780116,-8.580091503793824,4.734809091113158,-0.23066232354215524,-0.7551002741507321,-1.0086608207456769,3.1775358108004412,4.193813769693176,2.7784920551952714,7.97774885525867,-4.027222741463088,-6.17217606736718,-2.0628683056801074,-5.876462236248818,10.405090438595472,-2.132587104703354,-0.7210857524897045,9.218003558820563,10.030599571285675,-7.338799890879468,0.623217472385066,-18.600060806418355,19.405407462440888,3.686680520483507,3.9663225532866107,-4.26160180123565,9.287078238188744,-0.9109562565654155,9.764184847303248,-15.715922370948814,-5.741479098468441,-8.428118310446488,3.7412424026523943,-11.355374310910237,-5.873730713902274,-9.155684529669719,5.506990801498704,-2.1628767061306506,-9.265787648356449,-4.2722066524040985,-2.2771252173458136,2.7677452933465454,-6.473461053080934,4.729894247951285
0.09008358029371366,-0.8910548036587498,0.68356816891952,0.06419634785910536,-0.2468378373670575,-0.032991853615084936,0.5954060644648774,0.8927296365316879,0.3636560272869575,1.3311695781725996,-0.6913977537777022,-0.996549480559708,0.022567876237265992,-0.898190161878245,1.5742414764983341,-0.9798921279690024,-0.0038326692698288528,1.7099148082434885,1.429870297190837,-1.2569560704734033,-0.10648203955729336,-2.873299061928231,3.686680520483507,1.4294952786339215,0.5829149103773721,-1.1954804481515664,1.7067905646873278,-0.12995844270616713,1.8287442759866168,-2.9797831142180593,-0.43971686355920847,-1.2035739635031604,0.9764344139837675,-1.6481399798944694,-1.037558029283651,-1.5723722512190148,0.20043759964088104,0.2746659464661248,-1.64984535023335,-0.2975747886307449,-0.2585780847914548,0.561985780424456,-1.0089158304775732,1.0759763608194826
0.40160809440350365,-1.876691993836367,1.035404883313546,-0.08784200534524553,-0.135199848461448,-0.2087104306031921,0.6168317124294272,0.8597211963697229,0.6570089378676685,1.7139343179756708,-0.8515924227394736,-1.363414239353968,-0.5577826589792064,-1.2516440074016035,2.1888191511543513,-0.36883439347122704,-0.16006820129313146,1.950421842323536,2.0759362890646105,-1.5996539682479025,0.0696319055683763,-4.003563058909151,3.9663225532866107,0.5829149103773721,0.9557649609648928,-0.8034482813287837,1.9033815163235244,-0.1783435489906069,2.013596725822881,-3.2630952454953572,-1.3385590343322307,-1.7466270606940875,0.7359187371387262,-2.4177446882047757,-1.253132580932143,-1.889069402473824,1.3024448260531356,-0.6325501509263378,-1.9104031028222659,-0.9591190665156798,-0.5390271969549651,0.5860159222126751,-1.3444510668685903,0.8364895296335454
-0.2445272880309563,0.8848668174289311,-0.8273591692360477,-0.12724366370078335,0.3272774280293978,-0.09010741136592527,-0.7210461398059287,-0.9488432701613562,-0.3711947315765452,-1.5478351349422872,0.7666849034717461,1.0865164167355474,0.19059779398040463,1.0768884571731219,-1.8420534329867377,1.1636670984297386,0.012335254072974033,-1.9992520821231563,-1.5692528047423553,1.5029830202278338,0.3130179501624947,3.443679197726649,-4.26160180123565,-1.1954804481515664,-0.8034482813287837,1.3112693632482788,-1.8334808068155992,0.03371232408322287,-2.055455171849041,3.423146662785352,0.7348528562009456,1.364045295096708,-1.069959941259772,2.1365258761456944,1.3391572368334252,1.7520268426828876,-0.34070724707843775,-0.3242024696736182,1.800247625782404,0.3950148048533771,0.4753793708014967,-0.78570621520123,1.0829425492225406,-0.937062294374405
0.611859522757021,-5.297792679118296,2.5807027501418056,-0.3628700527383826,-0.13357327356928905,-0.915891453209992,1.4982641941058925,2.0533366067588434,1.6598798957769634,3.9465177782767342,-2.036767735929841,-3.390477698451155,-1.0158033128831698,-3.038458588762847,5.494261717198055,-0.2678192885059252,-0.5219206011911798,4.535984387038442,5.767990260187432,-3.4593651709508304,0.9246146404589245,-9.501717537157111,9.287078238188744,1.7067905646873278,1.9033815163235244,-1.8334808068155992,4.975810170185909,-0.6628039649294356,4.887533511104381,-7.662908006868759,-3.1187801441899565,-4.541129644595565,1.588145910412274,-5.607112417935757,-2.7693236797455545,-4.643371492334179,3.553490605358688,-1.9359865063376773,-4.834341464149743,-2.671536082914601,-0.9582304225402553,1.0323165869346274,-3.5912592674412678,2.6506359779079203
-0.04237065562687786,1.1229818143621295,-0.3979968018886906,0.23180906252697026,-0.1695810179856635,0.32982288726162157,-0.10297081514460418,-0.20790687430124036,-0.30131270564366036,-0.5020537113684491,0.2333282540917599,0.4903512682177245,0.2313325596651546,0.35338174343973006,-0.6954869447659789,-0.3957881162254794,0.14840114639684537,-0.42004555902989654,-0.9158678338219036,0.3523396276068707,-0.4489038705698221,1.1177658903885246,-0.9109562565654155,-0.12995844270616713,-0.1783435489906069,0.03371232408322287,-0.6628039649294356,0.35424867410788496,-0.5231858682322145,0.7709991508700753,0.5052989434488171,0.6351343919646426,0.004032176346179293,0.5958720653555339,0.14470353896752686,0.5296898828009203,-0.7710620234162882,0.633051157928139,0.6143547747104833,0.5406739412168575,0.05166834768010207,0.04916304358514643,0.5608506004242239,-0.3858848396784422
0.6824742935026574,-4.988921410641872,2.51552138492231,-0.25268968494198457,-0.2989025561510602,-0.7231555603613617,1.5322723067943103,2.154540506579262,1.618863685776023,4.116985891562277,-2.0758452841393495,-3.3390947247676475,-1.0342697469890192,-3.066570813667588,5.5249267344565745,-0.7093870345015446,-0.4545684684162366,4.70582126441303,5.507425684289966,-3.6657776179937023,0.6553027703597694,-9.68142114884728,9.764184847303248,1.8287442759866168,2.013596725822881,-2.055455171849041,4.887533511104381,-0.5231858682322145,5.074989012092559,-7.930977542429488,-3.0831255301188616,-4.496517456762039,1.7603535458199047,-5.74561379695013,-2.939710028608146,-4.819137841391497,3.2605438118481973,-1.5457713856648336,-4.840838314135436,-2.457182476541741,-1.066150651107633,1.2067188392697854,-3.518569780133568,2.56610903981228
-1.1459428796531927,7.0839688572068935,-3.9690042722808205,0.226169277963321,0.6193787397060647,0.892426499554285,-2.6166388818044277,-3.3882626045405884,-2.325137170240275,-6.525085739902525,3.319482440062375,5.151041148734841,1.7017977077408533,4.785884012706738,-8.485856027223592,1.6803702573135908,0.601968973530537,-7.622852994619737,-8.331046512898189,5.945719686975795,-0.4624572127172429,15.256656157749212,-15.715922370948814,-2.9797831142180593,-3.2630952454953572,3.423146662785352,-7.662908006868759,0.7709991508700753,-7.930977542429488,12.915233093552466,4.778951447987872,6.929924061258143,-3.0458425222717898,9.260214240460371,4.787763780138547,7.4331796428215275,-4.549229338822026,1.8703251262609193,7.567761509366003,3.5250153517968434,1.8206951052684206,-2.1723803671716695,5.343037509608958,-3.809337045119199
-0.5083020775997598,4.306435913755411,-1.8370581356446984,0.3619913439014412,-0.017192085960000242,0.9081098435041849,-0.8755992809805457,-1.1875203800140426,-1.333882425530509,-2.7655451353535834,1.4173555466342533,2.35068689685984,1.01580135761648,2.040885120964401,-3.871855097451294,-0.4801648497298449,0.5162892181968033,-2.8547178375087148,-4.14060258415728,2.249337922365305,-0.901335497483821,6.59349416661524,-5.741479098468441,-0.43971686355920847,-1.3385590343322307,0.7348528562009456,-3.1187801441899565,0.5052989434488171,-3.0831255301188616,4.778951447987872,2.71738584963965,3.272410113523027,-0.7176062810544382,3.899737635418347,1.6428026164058653,3.1051238413804287,-3.079578845925225,1.9767136114369344,3.1283501607260513,2.2042371354701626,0.6271018742570116,-0.4183164200991844,2.5513312199377878,-1.5316090231525437
-0.5928656477008883,5.553428756798423,-2.4819643282088895,0.4136409462486,0.08867636452819742,1.0671633850793314,-1.3620386854302575,-1.8210956886182064,-1.6640952043330572,-3.7690144903116116,1.9775789558597872,3.2331172065466047,1.0905777625843633,2.915625587190749,-5.3425753325370575,-0.23899399132380025,0.5883320906235118,-4.153859300530643,-5.672576728702686,3.21765297832832,-1.1322539823160145,9.165352942596952,-8.428118310446488,-1.2035739635031604,-1.7466270606940875,1.364045295096708,-4.541129644595565,0.6351343919646426,-4.496517456762039,6.929924061258143,3.272410113523027,4.569033396518903,-1.2461406724169286,5.386681175036177,2.480232956965207,4.492877016237746,-3.8535915885155627,2.2432608471574267,4.487276402673561,2.8177415594925592,0.9029556974716222,-0.7475626168993854,3.5219961886892444,-2.414536455109934
0.2615642457279548,-0.7102743521513292,0.6760742988061931,0.1282907321942958,-0.32542880373936306,0.07856346686723253,0.660941511216354,0.8095142188397159,0.3115263403962739,1.3810010886634916,-0.7028345787353804,-0.9074220020141157,-0.21086066477480817,-0.9591021669658614,1.645817535160698,-1.014198763814358,-0.021835854936540635,1.742708695195173,1.384101141468112,-1.406922200559734,-0.31647329649160805,-3.1588729360482297,3.7412424026523943,0.9764344139837675,0.7359187371387262,-1.069959941259772,1.588145910412274,0.004032176346179293,1.7603535458199047,-3.0458425222717898,-0.7176062810544382,-1.2461406724169286,1.0436373347780736,-1.9584915367783464,-1.1995879075497644,-1.514622558578861,0.25587394921741824,0.27223587907943647,-1.5912672410123154,-0.371493532416763,-0.43264667957535674,0.7008507748577726,-0.9301753063978264,0.7737822111122596
-1.0490223235987437,5.7341624171367656,-3.1187653224172727,0.2059478170780243,0.23163412650266363,0.7814526656358218,-1.9707468094312914,-2.3863148727770924,-1.7078178608890178,-4.807198297101114,2.4487868483340423,3.7262134493532453,1.4686177993267164,3.6922244210849664,-6.54894385107023,0.5856858501817642,0.5596396130443314,-5.469824568097383,-6.5192216654893596,4.371767195751928,-0.6603182206980713,11.473023017700712,-11.355374310910237,-1.6481399798944694,-2.4177446882047757,2.1365258761456944,-5.607112417935757,0.5958720653555339,-5.74561379695013,9.260214240460371,3.899737635418347,5.386681175036177,-1.9584915367783464,7.269676418460407,3.569752076430866,5.55098088652697,-3.9748344236000404,1.9522795903716892,5.650943493006455,3.076070946445869,1.514239070809132,-1.6603177809306484,4.034232198628302,-2.6976689613007885
-0.5151667034244677,2.1947197894125923,-1.5076229066708957,0.008003850375185065,0.2505903842195706,0.12685954306401173,-1.0742428887961697,-1.2617800701892492,-0.6894685065686378,-2.337640378341073,1.1145645973407063,1.7368845785952385,0.5787981868805229,1.8043584004199409,-3.1361489557460462,0.7762252648788153,0.1761360765118781,-2.8733219643150645,-2.995534507450179,2.2613135798303854,-0.026892248894162394,5.612220281641288,-5.873730713902274,-1.037558029283651,-1.253132580932143,1.3391572368334252,-2.7693236797455545,0.14470353896752686,-2.939710028608146,4.787763780138547,1.6428026164058653,2.480232956965207,-1.1995879075497644,3.569752076430866,2.082301774348515,2.754887337754289,-1.542242270814312,0.47606324234113295,2.736438766667357,1.2734734194965105,0.8561509484787485,-1.0459335926798878,1.859130587305923,-1.1787142052254211
-0.6764954945929536,5.162748521704369,-2.449713795338529,0.3051268892108367,0.238498154620616,0.7784913933412663,-1.3993988028695925,-2.0059015090403434,-1.6416923687744243,-3.9617847477759955,2.0099021172265923,3.2265667600381893,1.0839487238019487,2.954390771083229,-5.382995315965406,0.35981499952566,0.4805330708372223,-4.451286534879361,-5.440405459358193,3.47965091689636,-0.8202653669713256,9.40291743777104,-9.155684529669719,-1.5723722512190148,-1.889069402473824,1.7520268426828876,-4.643371492334179,0.5296898828009203,-4.819137841391497,7.4331796428215275,3.1051238413804287,4.492877016237746,-1.514622558578861,5.55098088652697,2.754887337754289,4.7589021830298766,-3.4095282270712017,1.7848809597761728,4.666965914898356,2.511270033356213,1.0012012878038026,-1.0423506496061774,3.468918692780018,-2.4455781334027327
0.3946207677940195,-5.860642305270606,2.127069417227967,-0.6835562962984711,0.3250696919662492,-1.4952075264105478,0.8085650547058884,1.2176237922999835,1.6620690421610915,2.8090803241186815,-1.4771001798392709,-2.9041285749117103,-0.9956170218055872,-2.369438096569267,4.459499699215647,1.5625990173311552,-0.7329626456886759,2.7744494789487013,5.154019919792593,-2.2006635786587285,1.8321441306105837,-7.1529959335781665,5.506990801498704,0.20043759964088104,1.3024448260531356,-0.34070724707843775,3.553490605358688,-0.7710620234162882,3.2605438118481973,-4.549229338822026,-3.079578845925225,-3.8535915885155627,0.25587394921741824,-3.9748344236000404,-1.542242270814312,-3.4095282270712017,4.600001214783677,-3.210406221271343,-3.3892171136056883,-3.055405951495186,-0.5543763212336453,-0.004513563407250239,-3.1197683210268643,1.9460669907124724
-0.2435753346465134,4.2044502164081,-1.2081245113805874,0.6362658777803564,-0.5183873145474427,1.2004735157976176,-0.1365753337921833,-0.5084641711669673,-1.2290802044130695,-1.430411970071461,0.7713488372268804,1.6768639874578335,0.6918352380456549,1.231747203424368,-2.5535291079485627,-1.8744030953453095,0.5875534897191765,-1.1487130334373197,-3.239084654965205,0.9351747876085782,-1.6634584528049539,3.7857743576000362,-2.1628767061306506,0.2746659464661248,-0.6325501509263378,-0.3242024696736182,-1.9359865063376773,0.633051157928139,-1.5457713856648336,1.8703251262609193,1.9767136114369344,2.2432608471574267,0.27223587907943647,1.9522795903716892,0.47606324234113295,1.7848809597761728,-3.210406221271343,2.7774228163255437,1.9260411962712949,2.160281667461118,0.06853989040431765,0.3758784587072362,1.8598233136840034,-1.114064323227116
-0.7371065753761884,5.252953547920519,-2.485982751796314,0.3112440379078758,0.0977545433133422,0.8347475361859169,-1.4002927331065156,-2.02412680220449,-1.6651366789408342,-3.9524612840508726,2.042406909506333,3.2341178873551786,1.102681210124217,2.9778409719184435,-5.4692173556887225,0.23104692888353018,0.5270158003585113,-4.445015860207382,-5.59615842553019,3.480327704677491,-0.9089598145810995,9.43127022477512,-9.265787648356449,-1.64984535023335,-1.9104031028222659,1.800247625782404,-4.834341464149743,0.6143547747104833,-4.840838314135436,7.567761509366003,3.1283501607260513,4.487276402673561,-1.5912672410123154,5.650943493006455,2.736438766667357,4.666965914898356,-3.3892171136056883,1.9260411962712949,4.878166871053111,2.618900090005078,0.9418253202535476,-1.108593788900492,3.4843002607901905,-2.553087485291142
-0.35186541756435075,4.0783983980175895,-1.602848808981627,0.4460425377991424,-0.2750522191244322,1.038750287169881,-0.6959576647793048,-0.9376821399154823,-1.1276377696125042,-2.07370299320522,1.1091549339956415,1.9446272096746837,0.6613493007407277,1.7470404423253167,-3.3478362918842395,-1.0512862673920151,0.5678011414520228,-2.102748963804264,-3.831196680160622,1.6515981029218358,-1.2962664643783712,5.299258886469263,-4.2722066524040985,-0.2975747886307449,-0.9591190665156798,0.3950148048533771,-2.671536082914601,0.5406739412168575,-2.457182476541741,3.5250153517968434,2.2042371354701626,2.8177415594925592,-0.371493532416763,3.076070946445869,1.2734734194965105,2.511270033356213,-3.055405951495186,2.160281667461118,2.618900090005078,2.2675226126357186,0.44715046615088977,-0.15633877881757424,2.254766388131681,-1.4096418356881948
-0.30928526411820106,0.59808437073147,-0.6216496213228216,-0.025021740328746593,0.10011504610491515,-0.08015603941741813,-0.5053726640075608,-0.4733084328995831,-0.12645706439405355,-0.8778268437916333,0.4299888343060804,0.5882014618007684,0.3276024748852898,0.754730428431421,-1.1102102887476648,0.4046145146000706,0.017828466044388116,-1.1011977494197174,-0.9598733920723469,0.954015851089185,0.18752721733662137,2.150301773120857,-2.2771252173458136,-0.2585780847914548,-0.5390271969549651,0.4753793708014967,-0.9582304225402553,0.05166834768010207,-1.066150651107633,1.8206951052684206,0.6271018742570116,0.9029556974716222,-0.43264667957535674,1.514239070809132,0.8561509484787485,1.0012012878038026,-0.5543763212336453,0.06853989040431765,0.9418253202535476,0.44715046615088977,0.5448687070445069,-0.5674856565502429,0.6206320580830508,-0.3280303099001092
0.40409691714057366,-0.06241096029156268,0.5326109183657953,0.17711337451668885,-0.15963871651157038,0.35320577786783725,0.5517851456753627,0.5860665491611659,0.02446371131461975,0.9269868636027068,-0.40473525973675806,-0.44374010197826386,-0.3045929349793261,-0.7262634012676286,1.075833030301141,-0.8641892450557672,0.09525080437494457,1.237687050142087,0.7210995000922255,-1.0981258859955763,-0.4699546711463835,-2.112305695929901,2.7677452933465454,0.561985780424456,0.5860159222126751,-0.78570621520123,1.0323165869346274,0.04916304358514643,1.2067188392697854,-2.1723803671716695,-0.4183164200991844,-0.7475626168993854,0.7008507748577726,-1.6603177809306484,-1.0459335926798878,-1.0423506496061774,-0.004513563407250239,0.3758784587072362,-1.108593788900492,-0.15633877881757424,-0.5674856565502429,0.9082494282572988,-0.45998477242730007,0.34733759664463093
-0.3864623698409959,4.501931603033458,-1.9630849148157419,0.3788469553177796,0.03345275376425185,0.9485308183140699,-1.0211478313514646,-1.425839385656521,-1.3747478036483263,-2.9213205131653712,1.5305883348429603,2.598368245730491,0.7860249198365438,2.235697778898535,-4.167045723145065,-0.24877572914879995,0.5085635594787851,-3.1963129554117313,-4.513395042984599,2.4216079988982857,-1.008164495334765,7.068531967065717,-6.473461053080934,-1.0089158304775732,-1.3444510668685903,1.0829425492225406,-3.5912592674412678,0.5608506004242239,-3.518569780133568,5.343037509608958,2.5513312199377878,3.5219961886892444,-0.9301753063978264,4.034232198628302,1.859130587305923,3.468918692780018,-3.1197683210268643,1.8598233136840034,3.4843002607901905,2.254766388131681,0.6206320580830508,-0.45998477242730007,2.8296309236344372,-1.9674183576355833
0.17746568284594638,-3.046912580444516,1.2322706091375364,-0.21968808122891556,-0.07309051304070538,-0.6223798680322717,0.7173028440176967,1.1011637049235876,0.9454775796886431,1.9851849988607835,-1.0976906855799835,-1.8101990660797789,-0.3759561015619976,-1.572064396078578,2.8647975871543605,-0.04043681094434763,-0.29427623139455383,2.1978236314355177,3.0896621814550533,-1.6584722109327332,0.7313531156618329,-4.815034161983415,4.729894247951285,1.0759763608194826,0.8364895296335454,-0.937062294374405,2.6506359779079203,-0.3858848396784422,2.56610903981228,-3.809337045119199,-1.5316090231525437,-2.414536455109934,0.7737822111122596,-2.6976689613007885,-1.1787142052254211,-2.4455781334027327,1.9460669907124724,-1.114064323227116,-2.553087485291142,-1.4096418356881948,-0.3280303099001092,0.34733759664463093,-1.9674183576355833,1.811451632090598
