V1,V2,V3,V4,V5,V6,V7,V8,V9,V10,V11,V12,V13,V14,V15,V16,V17,V18,V19,V20,V21,V22,V23,V24,V25,V26,V27,V28,V29,V30,V31,V32,V33,V34,V35,V36,V37,V38,V39,V40,V41,V42,V43,V44
0.4556080097881778,-0.03675765620433956,0.23545449720872505,0.10091475871687093,0.1491368778537253,0.15937879527848234,0.029585460555733696,0.13269819901874141,0.06616066502546104,0.25256523891187194,-0.14477334545222556,-0.08534476892699612,-0.2937572421417844,-0.20232229435372606,0.20300600895820708,-0.08366072502214615,0.035872012917921116,0.18898356158901347,-0.16285265958688205,-0.33172387436852857,-0.33106076581855637,-0.3736827596383967,0.43559489137627305,-0.15526380822245622,0.37405525885974905,-0.07273713337099937,0.0011196447493664057,0.08491243399494833,0.16873185261246174,-0.2879241134915254,-0.258693889081491,0.039451675517579284,-0.0217662891243787,-0.5309114671381218,-0.1987681107197136,-0.11777685974617051,0.12817500781969288,-0.18633655694560375,-0.19496621302337858,-0.10948733373207412,-0.33358680076519887,0.44270175299529907,0.052366610276739584,-0.21077997829869677
-0.03675765620433956,3.652652378384402,-0.8186948800307966,0.24417590178895854,-0.3363753902189503,1.1712791550157615,0.031083617536110268,-0.16990145917639535,-1.0020020009941022,-0.9661204367715115,1.0407597408853173,0.7879874404913108,0.34507374269207275,0.6232333880616311,-1.7733224197795847,-1.462749078899543,0.7194694345069624,-0.5556372035986286,-2.307633467253797,-0.08710931977491511,-1.3001658218924468,2.3045430715276436,-1.3044901915740597,0.1360622365728832,-0.06973804536053146,-0.12847014442359425,-1.0662970447456497,0.3381987586200528,-1.0120863393309658,0.9502733961454493,1.7209068487892796,1.7042289840740774,0.319796633175409,1.2125957683950552,-0.5126400597752684,1.2346964971984253,-1.7154692343405236,1.6819667218332752,1.439943636545722,1.5723386024882804,-0.36691410574932226,0.7698530110015501,1.4553093723579205,-1.334284566018729
0.23545449720872505,-0.8186948800307966,0.6054405933547635,0.03858297624762875,0.11210015928596626,-0.1987383790795538,0.2901175182862671,0.12251721253068122,0.1440282635349345,0.4999542885403396,-0.3726107357760638,-0.13300656296155614,-0.1944276727886117,-0.34463838287658305,0.7476984853085167,0.2160237164854077,-0.20700160976413515,0.4942292369676811,0.8412638268240357,-0.18803544253935525,0.10692570492130413,-1.0793650696885675,0.9103642361235417,-0.07058387279810084,0.19564965259959452,-0.09997486369617829,0.38960672476514663,-0.025041697138022338,0.4705653967801578,-0.7421876152483696,-0.6968970631316389,-0.6359759154003226,0.03406548663547031,-0.9721410243854608,-0.2579129802282524,-0.5409130944569728,0.40247524210955904,-0.2868108741043644,-0.5448658122827595,-0.5629614940921194,-0.23327727348980945,0.15675666118094259,-0.47332367806077374,0.16870800104777464
0.10091475871687093,0.24417590178895854,0.03858297624762875,0.30770554808096484,-0.06396864812828575,0.08202976151860537,0.11811853501022868,-0.06099548814597842,-0.13164785019026135,-0.0748473345464688,-0.21933094659785468,0.28960361880433994,0.12060312140351928,0.02386048853190048,0.008262559385783502,-0.2387839347042825,-0.06994690373073383,0.015320519905904266,-0.14833954213614872,0.2231522133785419,-0.30775177172013934,0.12431650876875307,0.10149724025682873,-0.017522417187680203,-0.045998653564345175,-0.18411090049029838,-0.16592418260916306,0.2933342271232196,-0.022147663544587477,-0.016763690456387287,-0.06826330698989141,0.056084804062848305,0.10029462134957695,-0.21696731085488735,0.07507109086693349,0.07510325085649543,-0.476660070391,0.4072318675557814,-0.034053969701116335,0.059361540194653145,-0.016328971749694665,0.10639014879711632,0.10063574316408745,0.03794177481772039
0.1491368778537253,-0.3363753902189503,0.11210015928596626,-0.06396864812828575,0.34321861085407357,-0.13638385450551035,-0.10859452640493032,0.03999014754236678,0.06075088310844821,0.0016959629770623818,0.035843545057220795,-0.04929233623721313,-0.028528778031193563,-0.04515194072777511,0.0912432260556732,0.43202320940362665,-0.04046312862825539,-0.15917551857563855,0.04621391898667989,0.028562962710858505,0.24711289840490305,0.23436722790909312,-0.17691579614646466,-0.016601987040490224,0.047796291760602266,0.0787486580563964,0.0024681466790002545,-0.14481027072110872,-0.042874960891029636,0.22069238534209346,-0.015614704571212045,0.09519131206127349,-0.2180754913706669,-0.032500367002992234,0.10148791562781566,0.10244248583214875,0.29194534799388844,-0.4155559653936509,-0.08292327822581869,-0.23146151366545667,-0.014742808008374353,0.06979922671482716,0.029158723781013116,-0.03605253297445629
0.15937879527848234,1.1712791550157615,-0.1987383790795538,0.08202976151860537,-0.13638385450551035,0.6947018575823815,-0.1027141556094082,0.06372345612477777,-0.19480831402365795,-0.03194698100660772,0.4960855615070631,0.17125477614177365,-0.13507544376774336,0.09147362562752107,-0.3055274013060736,-0.5766015790690627,0.3702601242460362,0.10587545240821823,-0.6189370956019821,-0.2219333990767387,-0.5203275692240796,0.40279888207519793,-0.027627250738542,-0.08826972708094105,0.1521868830722075,-0.11636533898512548,-0.24913515789583013,0.2551598357200366,-0.0673159164365377,0.03707962579110524,0.41470320592293175,0.43682633283431094,0.11519807973865552,0.02247234381864739,-0.513871541898733,0.07138873802625094,-0.5203587533252687,0.533211191474754,0.26907144064274924,0.5888561076374776,-0.24931125672911153,0.5415932795416492,0.47819519953844297,-0.5756126380135271
0.029585460555733696,0.031083617536110268,0.2901175182862671,0.11811853501022868,-0.10859452640493032,-0.1027141556094082,0.5095440640700185,0.01337322733109846,-0.22964481498109948,0.09713493187778377,-0.3403279303732759,0.05202285376313042,-0.028303534466572453,-0.22542651850916667,0.2352191298058278,-0.2308926335602893,-0.13394912245690674,0.27660055843307557,0.37820360429442407,-0.16394560680321302,-0.1846977957950602,-0.6873769205647948,0.7251613717430804,-0.0031574824311040393,0.03569529547640457,-0.1316467192238057,0.2807688617442876,-0.05529366551807559,0.16761265968310524,-0.6429093111957128,-0.3136019025052889,-0.3554880824258778,0.2517338398656162,-0.6214181116102335,-0.14323820708648563,-0.09640204393626704,-0.012176710711826022,0.2641005158097136,-0.21055643268831403,-0.23979718964001379,-0.23105931897290238,0.12378855101183099,-0.2472738848275487,0.22529418067629944
0.13269819901874141,-0.16990145917639535,0.12251721253068122,-0.06099548814597842,0.03999014754236678,0.06372345612477777,0.01337322733109846,0.47278006572840386,0.23979464212040266,0.4481529582266601,-0.017253131857551698,-0.5865083417219468,0.06066272706395771,-0.3207928914404766,0.435107709258834,-0.3302922717770078,0.16356367114289447,0.4884420830934879,0.16752606203941553,-0.6623584068885151,-0.0367417806440082,-0.7207173587595985,1.028367956295572,0.6476287822618102,0.388433759102054,-0.38676859252660073,0.5292462399217902,-0.051523480275544084,0.6038722425070328,-0.8137185436225688,0.13376506732869237,-0.0952402274076245,0.26510507185556226,-0.27087150900644474,-0.443430313935098,-0.4547852587510161,0.29451785947168796,-0.19382151008971019,-0.45203632641156566,0.007298360301787877,-0.12589748495995456,0.32399594526761394,-0.18782835635296727,0.2308180045832878
0.06616066502546104,-1.0020020009941022,0.1440282635349345,-0.13164785019026135,0.06075088310844821,-0.19480831402365795,-0.22964481498109948,0.23979464212040266,0.5261617579237231,0.4413898379449992,-0.1426666693896478,-0.49624813157183384,-0.07670047343766626,-0.19400649802713638,0.5462821308348736,0.23417415213280937,-0.04648170187033245,0.2835927632151778,0.4984919564129249,-0.21397537236808775,0.3107553453725781,-0.7235046522903258,0.45707438041993353,0.21113073074473088,0.2121594757279723,-0.05950598814325288,0.36803118922383016,-0.007799016776931156,0.4697047890073686,-0.3512752382510516,-0.3044654338481262,-0.3549531892247625,-0.04372017411721109,-0.15600527827848742,-0.030484309781647526,-0.5319920558853164,0.5565183920277997,-0.62706966194118,-0.4543899378828569,-0.26362665657324263,0.12759490775283386,-0.12036934791481739,-0.37678262352855396,0.3403066343178935
0.25256523891187194,-0.9661204367715115,0.4999542885403396,-0.0748473345464688,0.0016959629770623818,-0.03194698100660772,0.09713493187778377,0.4481529582266601,0.4413898379449992,0.9419705276688752,-0.3243053263967543,-0.6217949239176273,-0.3007554008048524,-0.4936428024217265,0.9933829774298014,-0.1382936999694225,-0.017646022286759062,0.9271768347939818,0.8199139725465288,-0.7129085896557855,0.05672056395178764,-1.6709453409308082,1.776093275601099,0.3784434849409542,0.4693013814626365,-0.40618853080915324,0.7514662742693463,-0.07670469264435037,0.9819170434207645,-1.4007047227803386,-0.5779262468135097,-0.7178082067762065,0.2374827347446219,-1.0128484629886965,-0.5353249126048586,-0.9837040960760101,0.4810120356272957,-0.323693359315688,-0.8836971701573049,-0.32489550807353546,-0.2011244039784078,0.2906319256701355,-0.5613990316311553,0.28785280262723667
-0.14477334545222556,1.0407597408853173,-0.3726107357760638,-0.21933094659785468,0.035843545057220795,0.4960855615070631,-0.3403279303732759,-0.017253131857551698,-0.1426666693896478,-0.3243053263967543,1.02313412248288,0.10079806473573825,0.11786232719404066,0.2724574997374992,-0.46847703275290836,0.017124039405139048,0.4252353146365382,-0.3122942154437299,-0.4318709367169223,0.005300017337587017,0.1624651906069054,1.1070153620747536,-1.000160985533866,-0.06852753042445356,-0.09371749593102627,0.22411771405457176,-0.3060448556190446,0.05607207205479895,-0.34665654548707325,0.7849516126131716,0.8010566928617869,0.6134953229452242,-0.16529671270138718,0.7461163162516793,-0.4809589737042424,0.26470751976404894,-0.018878886646252487,0.03375485364523874,0.5864688468576406,0.5031313415316006,8.144576854534714e-4,0.2308548165816122,0.5095879745453421,-0.6564777990319169
-0.08534476892699612,0.7879874404913108,-0.13300656296155614,0.28960361880433994,-0.04929233623721313,0.17125477614177365,0.05202285376313042,-0.5865083417219468,-0.49624813157183384,-0.6217949239176273,0.10079806473573825,1.3093512439916326,0.06127594337370791,0.5847999651872632,-0.6560586958732786,0.06034090805469446,-0.19130114596135916,-0.7103385641600881,-0.43331642330210335,1.105381632584668,-0.12440702773323836,1.4232034004528953,-1.2074329799344208,-0.6045698710003875,-0.6326147355746004,0.23026916484336238,-0.9043889961454341,0.2346610715644917,-0.7755220126564712,1.1038675815695558,-0.021385221677027205,0.3667293020592149,-0.21879478695071927,0.2272805985073334,0.528938497753257,0.5907730924173537,-1.1875264903342684,0.8723691971694693,0.5916744942365737,0.24478504053669037,0.13022812264798664,-0.11672272737378062,0.43524166744491033,-0.2401325637545719
-0.2937572421417844,0.34507374269207275,-0.1944276727886117,0.12060312140351928,-0.028528778031193563,-0.13507544376774336,-0.028303534466572453,0.06066272706395771,-0.07670047343766626,-0.3007554008048524,0.11786232719404066,0.06127594337370791,0.7445995833307801,0.17302418309402354,-0.16324263324654034,-0.11613170212504503,0.037793356456095134,-0.1793639784437814,-0.13688087989356965,0.27749775156632267,0.15781037744601098,0.7128022859155947,-0.4651562484082676,0.6392475007899832,-0.22753713267805264,-0.18915717227527995,-0.09274431515150947,0.19221001797830192,-0.08903659580771782,0.3655528419574843,0.6155790028702572,0.30050043886807326,0.1265139275902446,0.6183518272333743,0.05098550487598433,0.14789765449193243,-0.3390279795658624,0.24274121666408063,0.18213296494253048,0.1912564442018436,0.3050623810107541,-0.21274920660776014,0.11902133276240864,0.1728897644550011
-0.20232229435372606,0.6232333880616311,-0.34463838287658305,0.02386048853190048,-0.04515194072777511,0.09147362562752107,-0.22542651850916667,-0.3207928914404766,-0.19400649802713638,-0.4936428024217265,0.2724574997374992,0.5847999651872632,0.17302418309402354,0.5399010877842834,-0.7412867228601144,0.005278337662054659,0.0029986627001905106,-0.5840066135425697,-0.6524628770783432,0.6048413294662284,0.0023520104684290485,1.2988046280884615,-1.195559390632046,-0.12497582563421761,-0.38304571715378605,0.18842240082425996,-0.6785529465717718,0.04762627087978756,-0.6097004856768646,0.9940990609515845,0.3913624894937998,0.5380836196768775,-0.18375713311890363,0.8285062020111474,0.41165226675171723,0.49239946833276144,-0.6806223236411147,0.41912190259367255,0.610726399976262,0.4134014274547379,0.2674535043658913,-0.2771596025991245,0.39849413007389156,-0.29839979689156454
0.20300600895820708,-1.7733224197795847,0.7476984853085167,0.008262559385783502,0.0912432260556732,-0.3055274013060736,0.2352191298058278,0.435107709258834,0.5462821308348736,0.9933829774298014,-0.46847703275290836,-0.6560586958732786,-0.16324263324654034,-0.7412867228601144,1.6838685278641112,0.3700750076913786,-0.2253950680752756,1.0191193968731829,1.7987151990582244,-0.4696117973487191,0.5187490388897265,-2.199753061841022,1.9878485547216098,0.2015827083514359,0.3467212288280066,-0.35136291802602904,1.1155386800752296,0.0798996933350421,1.222060388872031,-1.5422372767901804,-1.007676601930472,-1.2661688096876729,0.18532893626936559,-1.5471281577334497,-0.6216953190975942,-1.2824380079031996,0.9926584826632637,-0.7141388468844101,-1.2964014083195952,-0.9047994446217392,-0.11678591722148611,0.19051050899108257,-0.947541768721498,0.7198163014504156
-0.08366072502214615,-1.462749078899543,0.2160237164854077,-0.2387839347042825,0.43202320940362665,-0.5766015790690627,-0.2308926335602893,-0.3302922717770078,0.23417415213280937,-0.1382936999694225,0.017124039405139048,0.06034090805469446,-0.11613170212504503,0.005278337662054659,0.3700750076913786,1.553278608652659,-0.32038715287535713,-0.42918426105181895,0.8985200481921882,0.6387249308444958,0.9861554392811412,0.16932278767929518,-1.0790646954623668,-0.7873832531419978,-0.3194057292332241,0.6999941611164248,-0.08771729503211603,-0.17546290637369977,-0.316347589688628,0.8888044685647005,-0.5886824641723265,-0.4606065071844758,-0.689434196098676,-0.030301600307585982,0.4698921328833404,0.0635677004712454,0.9865305616918869,-1.1114453903418422,-0.036150833949207525,-0.8330640474961193,0.26705657857672377,-0.5753426558827406,-0.2684753953695381,0.03642023853749308
0.035872012917921116,0.7194694345069624,-0.20700160976413515,-0.06994690373073383,-0.04046312862825539,0.3702601242460362,-0.13394912245690674,0.16356367114289447,-0.04648170187033245,-0.017646022286759062,0.4252353146365382,-0.19130114596135916,0.037793356456095134,0.0029986627001905106,-0.2253950680752756,-0.32038715287535713,0.35411460812970236,0.07086762530269451,-0.44103360229034705,-0.32429797614731587,-0.2364115360034021,0.29699191234054156,-0.09210800773568352,0.1820670139252226,0.16940576405779584,-0.06296184986947094,-0.02538163422073895,0.06166021936321258,-0.012192795629002856,0.037921487332905526,0.49998665676987014,0.37433048771941174,0.0811347120339618,0.28465498134794753,-0.35855792650320417,0.09005376771906651,-0.0743067876870765,0.1117362101186776,0.2015362295729902,0.40754999614609966,-0.11645928660006465,0.30426332048376753,0.30932312830838593,-0.31770461142846934
0.18898356158901347,-0.5556372035986286,0.4942292369676811,0.015320519905904266,-0.15917551857563855,0.10587545240821823,0.27660055843307557,0.4884420830934879,0.2835927632151778,0.9271768347939818,-0.3122942154437299,-0.7103385641600881,-0.1793639784437814,-0.5840066135425697,1.0191193968731829,-0.42918426105181895,0.07086762530269451,1.1883002619387686,0.8292727119247009,-0.8874706653981741,-0.1900751132754397,-1.899415990501738,2.035163288153534,0.4511248988632737,0.5230910011129818,-0.5342085003247711,0.8550056762601983,0.059315015370879146,1.0524338514302263,-1.7153020780408008,-0.4469056415399049,-0.7770894131325959,0.4425167191879336,-1.1552588889671767,-0.8495116195564412,-1.0247881392737759,0.36158299279437817,-0.023434216447574974,-0.8736877857994414,-0.21164038649212988,-0.2933916935186024,0.38938468170074997,-0.5197343500481292,0.13303189463072618
-0.16285265958688205,-2.307633467253797,0.8412638268240357,-0.14833954213614872,0.04621391898667989,-0.6189370956019821,0.37820360429442407,0.16752606203941553,0.4984919564129249,0.8199139725465288,-0.4318709367169223,-0.43331642330210335,-0.13688087989356965,-0.6524628770783432,1.7987151990582244,0.8985200481921882,-0.44103360229034705,0.8292727119247009,2.637772973538242,0.034491813862306195,1.0944904461147482,-2.231358789570908,1.5393184049892417,-0.11622052946657192,-0.09975265231761696,-0.016532057868841828,1.2406381396007309,-0.0918250847853359,1.0421499547897652,-1.272996823360398,-1.3273310751174385,-1.7356480096444848,0.05601549615043546,-1.5366954768294914,-0.3815039140363303,-1.2891971563740654,1.2441029516804434,-0.8586605262877414,-1.2696219952034966,-1.2580381712459676,0.10713068028005929,-0.27527784027349483,-1.297291257900951,1.0781178583090463
-0.33172387436852857,-0.08710931977491511,-0.18803544253935525,0.2231522133785419,0.028562962710858505,-0.2219333990767387,-0.16394560680321302,-0.6623584068885151,-0.21397537236808775,-0.7129085896557855,0.005300017337587017,1.105381632584668,0.27749775156632267,0.6048413294662284,-0.4696117973487191,0.6387249308444958,-0.32429797614731587,-0.8874706653981741,0.034491813862306195,1.5443068373258741,0.36182458793029726,1.557680614811611,-1.743539451286088,-0.6242615965371713,-0.862805773528735,0.39959192437252355,-0.8078513812311979,0.26534037197068355,-0.8257519109445208,1.5141885317542316,-0.15179127540928974,0.1459783483987126,-0.43286455014340675,0.5562410846221871,0.9738416732930606,0.6142313622413154,-0.7883925981576164,0.38466254910898084,0.5113143384993796,-0.0326993352318117,0.5274757839797137,-0.6464744115986906,0.20427177033731064,0.18693065945792056
-0.33106076581855637,-1.3001658218924468,0.10692570492130413,-0.30775177172013934,0.24711289840490305,-0.5203275692240796,-0.1846977957950602,-0.0367417806440082,0.3107553453725781,0.05672056395178764,0.1624651906069054,-0.12440702773323836,0.15781037744601098,0.0023520104684290485,0.5187490388897265,0.9861554392811412,-0.2364115360034021,-0.1900751132754397,1.0944904461147482,0.36182458793029726,1.176339799654979,-0.08455971757848585,-0.26196490513648985,0.02709385095711962,-0.3367203957537161,0.25362652342671244,0.3382141729877245,-0.2788291696977652,0.15617333717208706,0.2953398509975619,-0.22621400238407724,-0.48346822573948245,-0.30400172181623386,0.12824948830838756,0.16838109224144665,-0.3302308084732335,0.8037139988934711,-0.7932677926868802,-0.2919657278550252,-0.5778732157195925,0.4130612142900079,-0.5156487493425573,-0.4795877983124536,0.4971468397565247
-0.3736827596383967,2.3045430715276436,-1.0793650696885675,0.12431650876875307,0.23436722790909312,0.40279888207519793,-0.6873769205647948,-0.7207173587595985,-0.7235046522903258,-1.6709453409308082,1.1070153620747536,1.4232034004528953,0.7128022859155947,1.2988046280884615,-2.199753061841022,0.16932278767929518,0.29699191234054156,-1.899415990501738,-2.231358789570908,1.557680614811611,-0.08455971757848585,4.394296137260736,-3.779102484147086,-0.26325508826459004,-0.9216291451673831,0.5263207386116684,-1.884370302518424,0.21679807275068888,-1.903662872833897,3.2026882377065538,1.6675144838969362,2.038323826250047,-0.6274077438033328,2.4718960898075513,1.0370116858370222,1.939223542070339,-1.6153399172613745,0.875715545358526,1.8820771761240132,1.180738399680211,0.5461455685366657,-0.3215214831210522,1.54769982369241,-0.9326421017111904
0.43559489137627305,-1.3044901915740597,0.9103642361235417,0.10149724025682873,-0.17691579614646466,-0.027627250738542,0.7251613717430804,1.028367956295572,0.45707438041993353,1.776093275601099,-1.000160985533866,-1.2074329799344208,-0.4651562484082676,-1.195559390632046,1.9878485547216098,-1.0790646954623668,-0.09210800773568352,2.035163288153534,1.5393184049892417,-1.743539451286088,-0.26196490513648985,-3.779102484147086,4.815029098727606,1.2200444563119344,0.9480417644657964,-1.3708783509751659,1.9653902745803555,-0.26755930557165913,2.2263266730710565,-3.736451185069514,-0.9752811684106779,-1.4481387233920464,1.0301747055568722,-2.419528238059983,-1.182023010407365,-1.83837883700214,0.5334746071090435,0.10699345189138532,-2.0746153089705115,-0.5384187019357408,-0.5385767713735284,0.8851561012588216,-1.1769504865985503,1.0880874432162089
-0.15526380822245622,0.1360622365728832,-0.07058387279810084,-0.017522417187680203,-0.016601987040490224,-0.08826972708094105,-0.0031574824311040393,0.6476287822618102,0.21113073074473088,0.3784434849409542,-0.06852753042445356,-0.6045698710003875,0.6392475007899832,-0.12497582563421761,0.2015827083514359,-0.7873832531419978,0.1820670139252226,0.4511248988632737,-0.11622052946657192,-0.6242615965371713,0.02709385095711962,-0.26325508826459004,1.2200444563119344,1.700638245378907,0.21630892969292434,-0.8265204548097471,0.6226922478616476,-0.16006793220388635,0.7253702974902956,-0.9453754791472441,0.7792704253062757,0.1909394281755527,0.5711187802021489,0.36510577758013474,-0.29272452535135424,-0.43549948158414936,-0.3002085603706736,0.26656457416745466,-0.47153211805312595,0.35639581330667414,0.19164122547892273,0.14815898485620047,-0.18592151620073388,0.5963555568848952
0.37405525885974905,-0.06973804536053146,0.19564965259959452,-0.045998653564345175,0.047796291760602266,0.1521868830722075,0.03569529547640457,0.388433759102054,0.2121594757279723,0.4693013814626365,-0.09371749593102627,-0.6326147355746004,-0.22753713267805264,-0.38304571715378605,0.3467212288280066,-0.3194057292332241,0.16940576405779584,0.5230910011129818,-0.09975265231761696,-0.862805773528735,-0.3367203957537161,-0.9216291451673831,0.9480417644657964,0.21630892969292434,0.62686499597285394,-0.21547682734978943,0.36098888819462044,-0.017380254881545005,0.4845007394481409,-0.8066791617704452,-0.07754421528595697,-0.030533471376793873,0.17034396186255812,-0.46640558774136887,-0.5300697272052742,-0.3641735487239586,0.48745028234538873,-0.3537988353919239,-0.32807330451068384,-0.04288410100505843,-0.3716467161166484,0.46075003020204236,-0.07608787482336336,-0.18813967172525684
-0.07273713337099937,-0.12847014442359425,-0.09997486369617829,-0.18411090049029838,0.0787486580563964,-0.11636533898512548,-0.1316467192238057,-0.38676859252660073,-0.05950598814325288,-0.40618853080915324,0.22411771405457176,0.23026916484336238,-0.18915717227527995,0.18842240082425996,-0.35136291802602904,0.6999941611164248,-0.06296184986947094,-0.5342085003247711,-0.016532057868841828,0.39959192437252355,0.25362652342671244,0.5263207386116684,-1.3708783509751659,-0.8265204548097471,-0.21547682734978943,0.7221550756777914,-0.42389450101583487,-0.06987348654452603,-0.6403745879124123,0.990236273987544,-0.16018638905899418,0.046268652004756466,-0.44397826695586223,0.3650041221816912,0.3100157105935112,0.4074672491842477,0.41344761911730454,-0.4647703708175673,0.5132987321343682,-0.19710668602295597,0.02680901097762562,-0.33704406133470544,0.1198243295854481,-0.3354568682708495
0.0011196447493664057,-1.0662970447456497,0.38960672476514663,-0.16592418260916306,0.0024681466790002545,-0.24913515789583013,0.2807688617442876,0.5292462399217902,0.36803118922383016,0.7514662742693463,-0.3060448556190446,-0.9043889961454341,-0.09274431515150947,-0.6785529465717718,1.1155386800752296,-0.08771729503211603,-0.02538163422073895,0.8550056762601983,1.2406381396007309,-0.8078513812311979,0.3382141729877245,-1.884370302518424,1.9653902745803555,0.6226922478616476,0.36098888819462044,-0.42389450101583487,1.2730217618537467,-0.2719572587813805,1.0531803567467095,-1.6255783185597992,-0.39837544687332627,-0.8700082092403386,0.40677838143035094,-0.9256065342672343,-0.5427315171658901,-0.8615623127915738,0.8910637101669893,-0.5074676192546612,-1.043047725089786,-0.5142225994862939,-0.10913838463077373,0.20052592187538487,-0.7762804490064908,0.8338679875161156
0.08491243399494833,0.3381987586200528,-0.025041697138022338,0.2933342271232196,-0.14481027072110872,0.2551598357200366,-0.05529366551807559,-0.051523480275544084,-0.007799016776931156,-0.07670469264435037,0.05607207205479895,0.2346610715644917,0.19221001797830192,0.04762627087978756,0.0798996933350421,-0.17546290637369977,0.06166021936321258,0.059315015370879146,-0.0918250847853359,0.26534037197068355,-0.2788291696977652,0.21679807275068888,-0.26755930557165913,-0.16006793220388635,-0.017380254881545005,-0.06987348654452603,-0.2719572587813805,0.57031393912898,-0.02711374533810805,0.23531882036840568,0.012528734156162308,0.07298482001645663,0.031595728908281044,-0.1071154908033383,-0.1673587515506725,-0.059406811084555616,-0.3684448143514513,0.28012069448637816,0.08436139919072452,0.14365739299023073,0.008306543704687395,0.12563190297267554,0.18091503495019057,-0.1770492759788595
0.16873185261246174,-1.0120863393309658,0.4705653967801578,-0.022147663544587477,-0.042874960891029636,-0.0673159164365377,0.16761265968310524,0.6038722425070328,0.4697047890073686,0.9819170434207645,-0.34665654548707325,-0.7755220126564712,-0.08903659580771782,-0.6097004856768646,1.222060388872031,-0.316347589688628,-0.012192795629002856,1.0524338514302263,1.0421499547897652,-0.8257519109445208,0.15617333717208706,-1.903662872833897,2.2263266730710565,0.7253702974902956,0.4845007394481409,-0.6403745879124123,1.0531803567467095,-0.02711374533810805,1.251083949237977,-1.7237691863915658,-0.4555794286819698,-0.7954028958458838,0.4268286070925233,-1.0804725259236267,-0.6976210410389035,-1.157332636137366,0.5417517764245304,-0.2772486907523579,-1.1144212567530378,-0.3502148152868448,-0.1362647300390078,0.3481531159807042,-0.6933397229092303,0.6033295505067199
-0.2879241134915254,0.9502733961454493,-0.7421876152483696,-0.016763690456387287,0.22069238534209346,0.03707962579110524,-0.6429093111957128,-0.8137185436225688,-0.3512752382510516,-1.4007047227803386,0.7849516126131716,1.1038675815695558,0.3655528419574843,0.9940990609515845,-1.5422372767901804,0.8888044685647005,0.037921487332905526,-1.7153020780408008,-1.272996823360398,1.5141885317542316,0.2953398509975619,3.2026882377065538,-3.736451185069514,-0.9453754791472441,-0.8066791617704452,0.990236273987544,-1.6255783185597992,0.23531882036840568,-1.7237691863915658,3.0644607610800705,0.7593936684608296,1.225060567568064,-0.8747274241763311,1.8884614146553182,1.055504872726303,1.4587413787927128,-0.5461255260562851,-0.03396053600131985,1.5696990731867888,0.4354629383767517,0.48541932226692974,-0.6445687894123874,0.9771813525547088,-0.7496834965712305
-0.258693889081491,1.7209068487892796,-0.6968970631316389,-0.06826330698989141,-0.015614704571212045,0.41470320592293175,-0.3136019025052889,0.13376506732869237,-0.3044654338481262,-0.5779262468135097,0.8010566928617869,-0.021385221677027205,0.6155790028702572,0.3913624894937998,-1.007676601930472,-0.5886824641723265,0.49998665676987014,-0.4469056415399049,-1.3273310751174385,-0.15179127540928974,-0.22621400238407724,1.6675144838969362,-0.9752811684106779,0.7792704253062757,-0.07754421528595697,-0.16018638905899418,-0.39837544687332627,0.012528734156162308,-0.4555794286819698,0.7593936684608296,1.549626987885552,1.1564909946889415,0.13094105939377432,1.4259089377767822,-0.20603512345367364,0.6646264026866802,-0.6141082973638454,0.5076672064758699,0.7683320339089051,0.9379637234646022,0.14019591215955884,0.16733481737956638,0.7811405752484983,-0.5216437884173698
0.039451675517579284,1.7042289840740774,-0.6359759154003226,0.056084804062848305,0.09519131206127349,0.43682633283431094,-0.3554880824258778,-0.0952402274076245,-0.3549531892247625,-0.7178082067762065,0.6134953229452242,0.3667293020592149,0.30050043886807326,0.5380836196768775,-1.2661688096876729,-0.4606065071844758,0.37433048771941174,-0.7770894131325959,-1.7356480096444848,0.1459783483987126,-0.48346822573948245,2.038323826250047,-1.4481387233920464,0.1909394281755527,-0.030533471376793873,0.046268652004756466,-0.8700082092403386,0.07298482001645663,-0.7954028958458838,1.225060567568064,1.1564909946889415,1.4117505536605026,-0.11609589193535655,1.3128916670632778,0.20011919135646633,0.9918725936873997,-0.7860981130232603,0.46812301242647825,0.9681992107109769,0.8869513661989916,0.023790337392670016,0.22652726553758007,0.9720389560462499,-0.7036920990674033
-0.0217662891243787,0.319796633175409,0.03406548663547031,0.10029462134957695,-0.2180754913706669,0.11519807973865552,0.2517338398656162,0.26510507185556226,-0.04372017411721109,0.2374827347446219,-0.16529671270138718,-0.21879478695071927,0.1265139275902446,-0.18375713311890363,0.18532893626936559,-0.689434196098676,0.0811347120339618,0.4425167191879336,0.05601549615043546,-0.43286455014340675,-0.30400172181623386,-0.6274077438033328,1.0301747055568722,0.5711187802021489,0.17034396186255812,-0.44397826695586223,0.40677838143035094,0.031595728908281044,0.4268286070925233,-0.8747274241763311,0.13094105939377432,-0.11609589193535655,0.47264072730711637,-0.27970433198328876,-0.33505032161592013,-0.2808146947551439,-0.26570476165525897,0.4199585851222314,-0.3030952530417468,0.18005102349346236,-0.09912900837257728,0.23714259005553429,-0.1402823910117027,0.27891400822720086
-0.5309114671381218,1.2125957683950552,-0.9721410243854608,-0.21696731085488735,-0.032500367002992234,0.02247234381864739,-0.6214181116102335,-0.27087150900644474,-0.15600527827848742,-1.0128484629886965,0.7461163162516793,0.2272805985073334,0.6183518272333743,0.8285062020111474,-1.5471281577334497,-0.030301600307585982,0.28465498134794753,-1.1552588889671767,-1.5366954768294914,0.5562410846221871,0.12824948830838756,2.4718960898075513,-2.419528238059983,0.36510577758013474,-0.46640558774136887,0.3650041221816912,-0.9256065342672343,-0.1071154908033383,-1.0804725259236267,1.8884614146553182,1.4259089377767822,1.3128916670632778,-0.27970433198328876,2.3473901474893366,0.6851806425149212,1.0964216956584396,-0.5286545241710654,0.18200651151898745,1.2591851611206968,0.8886624524761932,0.57895122331309,-0.6146234668511257,0.7759540494011787,-0.4130087969651672
-0.1987681107197136,-0.5126400597752684,-0.2579129802282524,0.07507109086693349,0.10148791562781566,-0.513871541898733,-0.14323820708648563,-0.443430313935098,-0.030484309781647526,-0.5353249126048586,-0.4809589737042424,0.528938497753257,0.05098550487598433,0.41165226675171723,-0.6216953190975942,0.4698921328833404,-0.35855792650320417,-0.8495116195564412,-0.3815039140363303,0.9738416732930606,0.16838109224144665,1.0370116858370222,-1.182023010407365,-0.29272452535135424,-0.5300697272052742,0.3100157105935112,-0.5427315171658901,-0.1673587515506725,-0.6976210410389035,1.055504872726303,-0.20603512345367364,0.20011919135646633,-0.33505032161592013,0.6851806425149212,1.4054482587900399,0.7439578885016321,-0.43652751455803385,0.02034712904519341,0.32555071364126836,-0.08333304169606148,0.4688541573899148,-0.7410186504753716,0.06816650653817763,0.5558718730196899
-0.11777685974617051,1.2346964971984253,-0.5409130944569728,0.07510325085649543,0.10244248583214875,0.07138873802625094,-0.09640204393626704,-0.4547852587510161,-0.5319920558853164,-0.9837040960760101,0.26470751976404894,0.5907730924173537,0.14789765449193243,0.49239946833276144,-1.2824380079031996,0.0635677004712454,0.09005376771906651,-1.0247881392737759,-1.2891971563740654,0.6142313622413154,-0.3302308084732335,1.939223542070339,-1.83837883700214,-0.43549948158414936,-0.3641735487239586,0.4074672491842477,-0.8615623127915738,-0.059406811084555616,-1.157332636137366,1.4587413787927128,0.6646264026866802,0.9918725936873997,-0.2808146947551439,1.0964216956584396,0.7439578885016321,1.365170350824578,-0.593358964226363,0.36422578695818975,1.017977518393189,0.4417313525689397,0.09106237093458308,-0.16910168542655796,0.7864299024025557,-0.408302204660599
0.12817500781969288,-1.7154692343405236,0.40247524210955904,-0.476660070391,0.29194534799388844,-0.5203587533252687,-0.012176710711826022,0.29451785947168796,0.5565183920277997,0.4810120356272957,-0.018878886646252487,-1.1875264903342684,-0.3390279795658624,-0.6806223236411147,0.9926584826632637,0.9865305616918869,-0.0743067876870765,0.36158299279437817,1.2441029516804434,-0.7883925981576164,0.8037139988934711,-1.6153399172613745,0.5334746071090435,-0.3002085603706736,0.48745028234538873,0.41344761911730454,0.8910637101669893,-0.3684448143514513,0.5417517764245304,-0.5461255260562851,-0.6141082973638454,-0.7860981130232603,-0.26570476165525897,-0.5286545241710654,-0.43652751455803385,-0.593358964226363,2.222591888434359,-1.7684785941891594,-0.5606973070101479,-1.0101518172880306,-0.19406917928111242,-0.10388437172608857,-0.7346632880748671,0.22003354863712296
-0.18633655694560375,1.6819667218332752,-0.2868108741043644,0.4072318675557814,-0.4155559653936509,0.533211191474754,0.2641005158097136,-0.19382151008971019,-0.62706966194118,-0.323693359315688,0.03375485364523874,0.8723691971694693,0.24274121666408063,0.41912190259367255,-0.7141388468844101,-1.1114453903418422,0.1117362101186776,-0.023434216447574974,-0.8586605262877414,0.38466254910898084,-0.7932677926868802,0.875715545358526,0.10699345189138532,0.26656457416745466,-0.3537988353919239,-0.4647703708175673,-0.5074676192546612,0.28012069448637816,-0.2772486907523579,-0.03396053600131985,0.5076672064758699,0.46812301242647825,0.4199585851222314,0.18200651151898745,0.02034712904519341,0.36422578695818975,-1.7684785941891594,1.7348730823846237,0.4047211782709486,0.8594299096859209,0.013566587184766082,0.20388840757987603,0.5112028570679674,-0.21988794225741634
-0.19496621302337858,1.439943636545722,-0.5448658122827595,-0.034053969701116335,-0.08292327822581869,0.26907144064274924,-0.21055643268831403,-0.45203632641156566,-0.4543899378828569,-0.8836971701573049,0.5864688468576406,0.5916744942365737,0.18213296494253048,0.610726399976262,-1.2964014083195952,-0.036150833949207525,0.2015362295729902,-0.8736877857994414,-1.2696219952034966,0.5113143384993796,-0.2919657278550252,1.8820771761240132,-2.0746153089705115,-0.47153211805312595,-0.32807330451068384,0.5132987321343682,-1.043047725089786,0.08436139919072452,-1.1144212567530378,1.5696990731867888,0.7683320339089051,0.9681992107109769,-0.3030952530417468,1.2591851611206968,0.32555071364126836,1.017977518393189,-0.5606973070101479,0.4047211782709486,1.2364774765783118,0.6201951132844614,0.052620612175828134,-0.19785795238709156,0.790820370014362,-0.8415756437068821
-0.10948733373207412,1.5723386024882804,-0.5629614940921194,0.059361540194653145,-0.23146151366545667,0.5888561076374776,-0.23979718964001379,0.007298360301787877,-0.26362665657324263,-0.32489550807353546,0.5031313415316006,0.24478504053669037,0.1912564442018436,0.4134014274547379,-0.9047994446217392,-0.8330640474961193,0.40754999614609966,-0.21164038649212988,-1.2580381712459676,-0.0326993352318117,-0.5778732157195925,1.180738399680211,-0.5384187019357408,0.35639581330667414,-0.04288410100505843,-0.19710668602295597,-0.5142225994862939,0.14365739299023073,-0.3502148152868448,0.4354629383767517,0.9379637234646022,0.8869513661989916,0.18005102349346236,0.8886624524761932,-0.08333304169606148,0.4417313525689397,-1.0101518172880306,0.8594299096859209,0.6201951132844614,1.002193367116121,0.04776027708580243,0.20993312809254797,0.6921961877806977,-0.4919523099845282
-0.33358680076519887,-0.36691410574932226,-0.23327727348980945,-0.016328971749694665,-0.014742808008374353,-0.24931125672911153,-0.23105931897290238,-0.12589748495995456,0.12759490775283386,-0.2011244039784078,8.144576854534714e-4,0.13022812264798664,0.3050623810107541,0.2674535043658913,-0.11678591722148611,0.26705657857672377,-0.11645928660006465,-0.2933916935186024,0.10713068028005929,0.5274757839797137,0.4130612142900079,0.5461455685366657,-0.5385767713735284,0.19164122547892273,-0.3716467161166484,0.02680901097762562,-0.10913838463077373,0.008306543704687395,-0.1362647300390078,0.48541932226692974,0.14019591215955884,0.023790337392670016,-0.09912900837257728,0.57895122331309,0.4688541573899148,0.09106237093458308,-0.19406917928111242,0.013566587184766082,0.052620612175828134,0.04776027708580243,0.49697700720044136,-0.5109021164695706,-0.04903062826609519,0.33583559997918166
0.44270175299529907,0.7698530110015501,0.15675666118094259,0.10639014879711632,0.06979922671482716,0.5415932795416492,0.12378855101183099,0.32399594526761394,-0.12036934791481739,0.2906319256701355,0.2308548165816122,-0.11672272737378062,-0.21274920660776014,-0.2771596025991245,0.19051050899108257,-0.5753426558827406,0.30426332048376753,0.38938468170074997,-0.27527784027349483,-0.6464744115986906,-0.5156487493425573,-0.3215214831210522,0.8851561012588216,0.14815898485620047,0.46075003020204236,-0.33704406133470544,0.20052592187538487,0.12563190297267554,0.3481531159807042,-0.6445687894123874,0.16733481737956638,0.22652726553758007,0.23714259005553429,-0.6146234668511257,-0.7410186504753716,-0.16910168542655796,-0.10388437172608857,0.20388840757987603,-0.19785795238709156,0.20993312809254797,-0.5109021164695706,0.8957735505225072,0.22617566075928905,-0.3229928490954116
0.052366610276739584,1.4553093723579205,-0.47332367806077374,0.10063574316408745,0.029158723781013116,0.47819519953844297,-0.2472738848275487,-0.18782835635296727,-0.37678262352855396,-0.5613990316311553,0.5095879745453421,0.43524166744491033,0.11902133276240864,0.39849413007389156,-0.947541768721498,-0.2684753953695381,0.30932312830838593,-0.5197343500481292,-1.297291257900951,0.20427177033731064,-0.4795877983124536,1.54769982369241,-1.1769504865985503,-0.18592151620073388,-0.07608787482336336,0.1198243295854481,-0.7762804490064908,0.18091503495019057,-0.6933397229092303,0.9771813525547088,0.7811405752484983,0.9720389560462499,-0.1402823910117027,0.7759540494011787,0.06816650653817763,0.7864299024025557,-0.7346632880748671,0.5112028570679674,0.790820370014362,0.6921961877806977,-0.04903062826609519,0.22617566075928905,0.8632972686698617,-0.776643272233812
-0.21077997829869677,-1.334284566018729,0.16870800104777464,0.03794177481772039,-0.03605253297445629,-0.5756126380135271,0.22529418067629944,0.2308180045832878,0.3403066343178935,0.28785280262723667,-0.6564777990319169,-0.2401325637545719,0.1728897644550011,-0.29839979689156454,0.7198163014504156,0.03642023853749308,-0.31770461142846934,0.13303189463072618,1.0781178583090463,0.18693065945792056,0.4971468397565247,-0.9326421017111904,1.0880874432162089,0.5963555568848952,-0.18813967172525684,-0.3354568682708495,0.8338679875161156,-0.1770492759788595,0.6033295505067199,-0.7496834965712305,-0.5216437884173698,-0.7036920990674033,0.27891400822720086,-0.4130087969651672,0.5558718730196899,-0.408302204660599,0.22003354863712296,-0.21988794225741634,-0.8415756437068821,-0.4919523099845282,0.33583559997918166,-0.3229928490954116,-0.776643272233812,1.6412136123499261
