V1,V2,V3,V4,V5,V6,V7,V8,V9,V10,V11,V12,V13,V14,V15,V16,V17,V18,V19,V20,V21,V22,V23,V24,V25,V26,V27,V28,V29,V30,V31,V32,V33,V34,V35,V36,V37,V38,V39,V40,V41,V42,V43,V44,V45
41.43134975785951,10.169506892725824,-19.145588349499075,74.19721049117268,-6.997123722650684,6.353773591189209,20.062340280906692,39.053624829839045,-73.53655110420952,10.582136324824747,40.67266001346584,-36.442056601934624,-28.385726072682022,0.6125933417805726,40.77812924175978,-3.9181468639162826,-34.69471237094908,80.97159594784787,-92.48517469036048,65.72946253716228,-2.8798528334990623,7.751940899234122,25.376383164362036,3.552339927883657,-83.82690040455812,-40.75963962040938,28.057057856250786,53.988808782412534,4.015697952694133,-47.205960098170976,11.749540405094738,-58.33629054335368,-42.16077303527683,12.9285271913711,22.383001354933416,94.807526125981,1.3882681933725796,-42.13518409335238,52.624974803215196,47.109139896888934,-31.7723350993986,-2.913461046935079,-0.7773599718958746,-4.134925090951965,-1.432370219558167
10.169506892725824,2.6079189178332665,-5.1466922993813995,18.22218204755944,-1.609290313419602,1.4736578058248078,4.9076304774515735,9.464078496509316,-18.07671756653295,2.4164633674695266,10.020745758671604,-9.179155451196062,-7.05180884300338,0.08126984416712489,10.077678937153564,-1.2031393659650356,-8.5824510005458,19.674657083194738,-22.813112809317765,15.724939837887694,-0.591411157216519,1.8344846141464726,6.142982957403951,1.0963810939029477,-20.415074368378296,-10.21656977030216,7.002717486313825,13.21419773119882,1.3514900395120995,-11.242205895762188,2.8432864562647135,-14.441954035470854,-10.142610891944157,3.1651600767332,5.351780812492896,23.337993764589985,0.45375653378500896,-10.274184436244495,13.109465919776111,11.377842593568953,-7.918166030241941,-0.788198446403211,-0.03170784589646875,-1.16620963869373,-0.5177574795420492
-19.145588349499075,-5.1466922993813995,10.7482846070309,-34.41271565866144,2.888528484554936,-2.6302414766769284,-9.223371708560475,-17.570187253251497,34.18359165333878,-4.243684014472118,-18.910174364564355,17.737658152722698,13.53487966257406,0.15871860439612362,-19.127895701904276,2.724563684812226,16.37574978839371,-36.64064769109947,43.3579647300272,-28.765721971635667,0.907129685019435,-3.292516261027056,-11.452164107950214,-2.4404689210875716,38.11199261752452,19.8236834212228,-13.558085349023926,-24.930124442774613,-3.4269065724381718,20.570472370756228,-5.2318935107444915,27.56674019801678,18.691075578915694,-5.9729188413647485,-9.707523887575634,-44.19948610082226,-1.1457178990565131,19.183284316552182,-25.117803406666273,-21.110805658081606,15.082520500774894,1.6738181373186967,-0.3077851008516496,2.4885918573643737,1.3239854711275016
74.19721049117268,18.22218204755944,-34.41271565866144,133.12423482385537,-12.783502476066177,11.456058308713857,35.96042754885248,70.107402392035,-131.91714093225883,19.206421030509908,72.77706879419866,-65.15940044889658,-51.0138960907486,0.7994925427269627,73.06155392428538,-6.799639938183427,-62.27545427217333,145.22063200995044,-166.08990330279414,117.92875448739255,-5.354354338611737,13.880929169484968,45.645562812469606,6.04920832414559,-150.26924710068735,-73.19528231688439,50.49588544541728,97.0547743853549,7.341281652192806,-84.89455018655622,21.045595103360803,-104.78277342984953,-75.72048590771271,23.20118378397186,40.029226565284574,170.1670640729664,2.5949773367798543,-75.49834855409547,94.30656252234604,84.62170107834966,-56.80777179198814,-5.3335116845077435,-1.3638664963620846,-7.302919306306646,-2.574643861022322
-6.997123722650684,-1.609290313419602,2.888528484554936,-12.783502476066177,1.6052331896893073,-1.2314682887080322,-3.434558733912995,-6.949534179980508,12.592726302989853,-2.297603193444526,-6.7439283143507245,5.79686643485246,4.944648142344071,0.14471562701378174,-6.837984908161213,0.16559916270450814,5.971407507612403,-14.151001987334352,16.03188150019735,-11.786936395023455,0.8594120696789218,-1.3690898164340215,-4.568265948465535,0.00827601983467845,14.499831662795426,6.910495337098257,-4.913106366127568,-9.59149362927113,-0.431579125175174,8.766511220320268,-2.0238680594001135,10.062652384266158,7.624494233965488,-2.2297846386251674,-3.8495131441717056,-16.391145963717264,-0.22171889093974295,7.274947227130236,-8.747121535966928,-8.428510496920554,5.123027315568666,0.5690469818112529,0.2475502379653076,0.39123084350498205,0.09206038104929756
6.353773591189209,1.4736578058248078,-2.6302414766769284,11.456058308713857,-1.2314682887080322,1.0762226565304824,3.1037615224776314,6.122768499572074,-11.34819619224621,1.8367248114489094,6.192529517101396,-5.365817424178038,-4.330734689920693,0.04278503992684765,6.215130593567049,-0.33906474254451907,-5.307703694545435,12.63194808811949,-14.239353096312058,10.468390071218117,-0.5834295226889221,1.2452398087068062,4.0368613266324544,0.2730585655756404,-13.025843126951221,-6.143315104609624,4.288191050969645,8.421510568465358,0.38716899739004745,-7.619487685212464,1.8352082387521929,-8.95223480690137,-6.680187970158909,2.0122095172934356,3.53104669844125,14.598959739644673,0.16463708784595457,-6.51113138936413,7.940579299732331,7.45884091692245,-4.748184892658586,-0.4162800717291016,-0.24287444321845564,-0.4931247126537676,-0.08363202966624472
20.062340280906692,4.9076304774515735,-9.223371708560475,35.96042754885248,-3.434558733912995,3.1037615224776314,9.723360513747997,18.942651126792992,-35.64090118198204,5.180501138660216,19.6819410700466,-17.594682961768104,-13.751433726589614,0.2623147920177664,19.740974199696897,-1.832973431739445,-16.807682220699895,39.260102547878695,-44.82450185387965,31.915406650872217,-1.431453244621729,3.7642581159764044,12.331310051040077,1.6480034865811233,-40.632037409267454,-19.732309442695964,13.60133074243783,26.193947946924308,1.9137847976195403,-22.95642646305398,5.693958173950329,-28.27005156313671,-20.466561409367348,6.271324226380261,10.852040016136213,45.94242576991515,0.6712376860123249,-20.411278884336834,25.46160571483285,22.874747915596956,-15.351507275013546,-1.410198500152715,-0.3989122416883695,-1.9699071215608024,-0.6656053862241609
39.053624829839045,9.464078496509316,-17.570187253251497,70.107402392035,-6.949534179980508,6.122768499572074,18.942651126792992,37.156095314847704,-69.3974607700897,10.430228071481421,38.23598455556134,-34.00463674657584,-26.8321541494734,0.4735151495047099,38.37008430701195,-3.2290514134888353,-32.74679804774652,76.78423486441899,-87.41974427081517,62.64582849243358,-3.0558387241985527,7.383347458898319,24.142732527516916,2.8115524104983787,-79.34798920160377,-38.318137602330864,26.50278020074866,51.24549048271138,3.413470040202948,-45.206406272683715,11.13878006797423,-55.07638753278968,-40.22589587711825,12.207410931542414,21.22805700252975,89.62228282537346,1.2375728161139383,-39.89149331859966,49.41719203453939,44.815880756286084,-29.749692459586868,-2.7826062540260095,-0.8858172978746559,-3.599841767716008,-1.1844629451230433
-73.53655110420952,-18.07671756653295,34.18359165333878,-131.91714093225883,12.592726302989853,-11.34819619224621,-35.64090118198204,-69.3974607700897,130.761120623981,-18.938135500317152,-72.15600916823225,64.62595509614948,50.515933012620714,-0.8019097650734635,-72.42940640935029,6.811614941953987,61.69623100273194,-143.8320048294373,164.5522137565447,-116.7631812085351,5.2269418594852235,-13.752843401113253,-45.22486774378894,-6.096861265278126,148.8713007972929,72.53904563798451,-50.02123273579943,-96.11352851404577,-7.347380149982421,84.00705163743187,-20.85097729624044,103.83279319368266,74.9351355212489,-23.003559819123428,-39.66574187315166,-168.58377390462903,-2.5900769816676186,74.76705278871258,-93.49657852237686,-83.8096103059915,56.3373387519019,5.258066539209391,1.3444961228107009,7.307308178741894,2.561979939448971
10.582136324824747,2.4164633674695266,-4.243684014472118,19.206421030509908,-2.297603193444526,1.8367248114489094,5.180501138660216,10.430228071481421,-18.938135500317152,3.3511786922317635,10.235346389313987,-8.792591885932932,-7.356728511291447,-0.04824229046839235,10.321080648831918,-0.33211063187958656,-8.935310502846297,21.311078427157494,-23.982575388018915,17.763047287974207,-1.2032555753986693,2.085668990847431,6.824967348505388,0.13197760003723494,-21.872426028671665,-10.299790972421674,7.271956032872772,14.307508221565346,0.5320204497633129,-13.097551468849739,3.072177492224167,-15.041253085002463,-11.431936914149471,3.351235847712669,5.88211740279945,24.573929129617273,0.26791920379535955,-10.978620305511717,13.174507210166439,12.638162331196279,-7.794683868476758,-0.7831052265651642,-0.41840791152300977,-0.6383331047275231,-0.11042217770887214
40.67266001346584,10.020745758671604,-18.910174364564355,72.77706879419866,-6.7439283143507245,6.192529517101396,19.6819410700466,38.23598455556134,-72.15600916823225,10.235346389313987,39.96963947305506,-35.88495469569241,-27.820297159925786,0.6684605577685891,40.05314185830826,-3.9893799400134067,-34.024893130163484,79.35156481446514,-90.6873939757589,64.32174513577652,-2.7187166133730254,7.594521013432201,24.839646887965515,3.6663511798589323,-82.19431486366527,-40.00383408007695,27.495021500030294,52.86801433880941,4.031233833956548,-46.098874500818845,11.5290365498132,-57.222739211846786,-41.23829367018162,12.680604958398128,21.957071533531543,92.97356604728392,1.3758992528080407,-41.311767695648605,51.71293116451897,46.11295996854736,-31.273908832893387,-2.8402874313785937,-0.729377673948955,-4.1573561949321896,-1.4549086588144697
-36.442056601934624,-9.179155451196062,17.737658152722698,-65.15940044889658,5.79686643485246,-5.365817424178038,-17.594682961768104,-34.00463674657584,64.62595509614948,-8.792591885932932,-35.88495469569241,32.606998784226555,25.059995023749096,-0.5376986380430272,-35.996879741801294,4.073036877860569,30.589256986344132,-70.68422033757837,81.35737771630019,-56.828344384400594,2.1867569288342232,-6.672205153447165,-22.035861340517055,-3.7616399508216514,73.31302240485084,36.20778893712154,-24.803666806391924,-47.222769738063455,-4.242461208982656,40.60567728716198,-10.244085753882894,51.41940546646299,36.53328953028177,-11.33013326381275,-19.408476726267356,-83.34368284553764,-1.4090208491885896,36.894755246932284,-46.668545848432515,-40.910389715635645,28.246305790287455,2.6615542421753977,0.3558452216205585,4.0118090434067994,1.6113522709380337
-28.385726072682022,-7.05180884300338,13.53487966257406,-51.0138960907486,4.944648142344071,-4.330734689920693,-13.751433726589614,-26.8321541494734,50.515933012620714,-7.356728511291447,-27.820297159925786,25.059995023749096,19.70032949136911,-0.13887516438690115,-27.994018166622,2.6985419227225966,23.963882124472885,-55.51598159290819,63.81885289493649,-44.90961302406077,2.0722902874327267,-5.24346985162673,-17.437987133234817,-2.32899948630895,57.43114134990697,28.283829873551,-19.53149677548022,-37.27353312816062,-3.1074576054400347,32.41404644811709,-8.003510247841541,40.28697383123149,28.94862309979975,-8.872625514713743,-15.153703117053592,-65.32225604936059,-1.1000825258893732,28.89477418173172,-36.23236254208571,-32.32623544085685,21.751434065470356,2.166517976116364,0.36624041226715215,2.822617061325114,1.1240671829321955
0.6125933417805726,0.08126984416712489,0.15871860439612362,0.7994925427269627,0.14471562701378174,0.04278503992684765,0.2623147920177664,0.4735151495047099,-0.8019097650734635,-0.04824229046839235,0.6684605577685891,-0.5376986380430272,-0.13887516438690115,0.44800789254574325,0.5297749186683518,-0.16765747142762222,-0.2808916739189831,1.0859455374733669,-0.744858072851955,0.9693044429814969,0.11177652659078458,0.1680940006792057,0.18965862914785478,0.3007491421577193,-1.1748801253833827,-0.18763233891130665,0.017815304337236736,0.37172555981764355,-0.3546184886352416,-0.44340619469741216,0.22146441106444018,-0.42013282452899237,-0.5015092034759772,0.12958353566687086,0.5150467893564935,0.9169077287383955,-0.17823548445864423,-0.6265188785794887,0.5948040585624539,0.49761670839161204,-0.5543374431413767,0.1349190480120375,-0.1511237878401905,-0.10151110797666844,0.0774233784591814
40.77812924175978,10.077678937153564,-19.127895701904276,73.06155392428538,-6.837984908161213,6.215130593567049,19.740974199696897,38.37008430701195,-72.42940640935029,10.321080648831918,40.05314185830826,-35.996879741801294,-27.994018166622,0.5297749186683518,40.184166993808915,-3.9797116046789673,-34.19409009831359,79.58746146039105,-91.1348670564233,64.46545574134642,-2.774825560823833,7.591804091171006,24.953702004492456,3.6074868615442894,-82.42100368423267,-40.25523772595698,27.70257849853273,53.14392935013293,4.194405808702058,-46.279118119917584,11.542921545273256,-57.52255033331843,-41.380228515398656,12.729167560959343,21.94553873956238,93.38238903913434,1.4491489064563001,-41.421438474048585,51.91917790129469,46.28287155262873,-31.339046728621327,-2.915205380199736,-0.6730785236637271,-4.160716401596624,-1.506012191952532
-3.9181468639162826,-1.2031393659650356,2.724563684812226,-6.799639938183427,0.16559916270450814,-0.33906474254451907,-1.832973431739445,-3.2290514134888353,6.811614941953987,-0.33211063187958656,-3.9893799400134067,4.073036877860569,2.6985419227225966,-0.16765747142762222,-3.9797116046789673,1.1358979924786115,3.297692676098449,-6.974284905266769,8.548255321183147,-5.061357890347069,-0.1976719111134083,-0.5768092925272459,-2.0165888107965397,-1.155598138904814,7.4065301468833855,4.157469947000989,-2.6829867896614266,-4.657688642266786,-1.0848845438826733,3.3367292406358344,-1.003630848198525,5.49513454892338,3.2859296395688604,-1.1656654495299,-1.8360111188037034,-8.73562800877205,-0.28819554407160924,3.772495274556658,-5.35363348809638,-3.7860069135843535,3.349692826158247,0.32037793062440456,-0.2615131074218397,0.841650063137376,0.49596095176148636
-34.69471237094908,-8.5824510005458,16.37574978839371,-62.27545427217333,5.971407507612403,-5.307703694545435,-16.807682220699895,-32.74679804774652,61.69623100273194,-8.935310502846297,-34.024893130163484,30.589256986344132,23.963882124472885,-0.2808916739189831,-34.19409009831359,3.297692676098449,29.205614031333695,-67.82246772713378,77.80232934983464,-54.93225344335055,2.4775495371970004,-6.437427485559853,-21.29573943624046,-2.900338807969877,70.18787950254288,34.42062790986961,-23.740853764372456,-45.42880403875669,-3.6578810632248877,39.57998084901003,-9.797887966401918,49.103879924889064,35.338017278407946,-10.843353826191557,-18.596284163257508,-79.67263083399192,-1.2847393678464207,35.29216392319699,-44.21113723480263,-39.48795887328151,26.589028025835432,2.567967963189018,0.5201031958403238,3.4630776105841226,1.308386286963851
80.97159594784787,19.674657083194738,-36.64064769109947,145.22063200995044,-14.151001987334352,12.63194808811949,39.260102547878695,76.78423486441899,-143.8320048294373,21.311078427157494,79.35156481446514,-70.68422033757837,-55.51598159290819,1.0859455374733669,79.58746146039105,-6.974284905266769,-67.82246772713378,158.89056147343857,-180.99728138492293,129.48592363065137,-6.086820777857124,15.278574706308051,49.92546876753662,6.186108073087088,-164.30499555127415,-79.43301438010174,54.84839868359373,105.96327212787793,7.243787788065324,-93.278506856140055,23.060223398850567,-114.0710335485471,-83.06638037576191,25.305836872994206,43.97273878864953,185.56509579600493,2.5841163931092788,-82.57157277271679,102.53470560989466,92.66517922591001,-61.79628131207161,-5.695094334509976,-1.787423822330828,-7.660507527567216,-2.512311440241913
-92.48517469036048,-22.813112809317765,43.3579647300272,-166.08990330279414,16.03188150019735,-14.239353096312058,-44.82450185387965,-87.41974427081517,164.5522137565447,-23.982575388018915,-90.6873939757589,81.35737771630019,63.81885289493649,-0.744858072851955,-91.1348670564233,8.548255321183147,77.80232934983464,-180.99728138492293,207.43705126643673,-146.78846401519706,6.727383298390121,-17.228964962269274,-56.9190466976059,-7.510090775020481,187.26623078175797,91.58776656820272,-63.22842809181934,-121.20442150335509,-9.54255005371925,105.78956109053395,-26.185179532359385,130.9087218376592,94.38390198400134,-28.930299690205533,-49.709355857146925,-212.43405283091195,-3.3886766720559427,94.11127666915493,-117.7493054405881,-105.47470819540081,70.82867458130163,6.80920688284825,1.5211248658536463,9.134040984806823,3.371302392950206
65.72946253716228,15.724939837887694,-28.765721971635667,117.92875448739255,-11.786936395023455,10.468390071218117,31.915406650872217,62.64582849243358,-116.7631812085351,17.763047287974207,64.32174513577652,-56.828344384400594,-44.90961302406077,0.9693044429814969,64.46545574134642,-5.061357890347069,-54.93225344335055,129.48592363065137,-146.78846401519706,106.08703520104669,-5.247751773767289,12.560420864268313,40.7784229037004,4.443688092882581,-133.7777055488898,-64.03781438263067,44.31571591279779,86.1890342974197,5.096770924432776,-76.57077254248314,18.82039008516951,-92.40295620224703,-67.94323534948579,20.57400041802578,36.01310240762018,150.57822136142178,1.8738257502004134,-67.1863359287101,82.82006583247555,75.70520711808373,-49.885775670310906,-4.484316518409142,-1.808384700083979,-5.86092057399738,-1.6678727563676325
-2.8798528334990623,-0.591411157216519,0.907129685019435,-5.354354338611737,0.8594120696789218,-0.5834295226889221,-1.431453244621729,-3.0558387241985527,5.2269418594852235,-1.2032555753986693,-2.7187166133730254,2.1867569288342232,2.0722902874327267,0.11177652659078458,-2.774825560823833,-0.1976719111134083,2.4775495371970004,-6.086820777857124,6.727383298390121,-5.247751773767289,0.5470638249826396,-0.608959803397315,-2.0067826944184635,0.3076493394989654,6.158081050482288,2.7764567111072163,-2.0466946474068264,-4.144456115245589,0.04251716682950023,4.010697057496021,-0.8713144764449112,4.1855832299664995,3.414070280012738,-0.9291360851953181,-1.6634657135612643,-6.885207180610232,-0.04768655550893313,3.093542402761268,-3.4896051732913005,-3.7024248507960538,1.996737239870937,0.25146894103757406,0.19332645791423478,-0.008418340784225186,-0.05942055970620589
7.751940899234122,1.8344846141464726,-3.292516261027056,13.880929169484968,-1.3690898164340215,1.2452398087068062,3.7642581159764044,7.383347458898319,-13.752843401113253,2.085668990847431,7.594521013432201,-6.672205153447165,-5.24346985162673,0.1680940006792057,7.591804091171006,-0.5768092925272459,-6.437427485559853,15.278574706308051,-17.228964962269274,12.560420864268313,-0.608959803397315,1.4995282842050681,4.811009474426085,0.5287571183530387,-15.789917566175312,-7.471049041065397,5.163087899267089,10.118382841045438,0.5193113871427938,-9.035202628207992,2.234271039113088,-10.839035396366397,-8.013984956701172,2.4254110864315983,4.292676513752785,17.693525861378063,0.19068924544953395,-7.920803572455419,9.727277427006884,8.934126804482652,-5.884920601776637,-0.49396892951723953,-0.254874958933244,-0.6871540324778733,-0.16176669902284702
25.376383164362036,6.142982957403951,-11.452164107950214,45.645562812469606,-4.568265948465535,4.0368613266324544,12.331310051040077,24.142732527516916,-45.22486774378894,6.824967348505388,24.839646887965515,-22.035861340517055,-17.437987133234817,0.18965862914785478,24.953702004492456,-2.0165888107965397,-21.29573943624046,49.92546876753662,-56.9190466976059,40.7784229037004,-2.0067826944184635,4.811009474426085,15.795153530225871,1.742815417063247,-51.597535286685314,-24.93052563043915,17.277303071450362,33.38738684278745,2.282159780528701,-29.4769648514218,7.240318623288842,-35.88208162840261,-26.15280632271498,7.972482227920107,13.797932770952356,58.3088316361802,0.8497988794917571,-25.877676985723056,32.12404884704876,29.22492385193033,-19.29441974489945,-1.8036579751644286,-0.600110273295716,-2.33853212062274,-0.7361779777390022
3.552339927883657,1.0963810939029477,-2.4404689210875716,6.04920832414559,0.00827601983467845,0.2730585655756404,1.6480034865811233,2.8115524104983787,-6.096861265278126,0.13197760003723494,3.6663511798589323,-3.7616399508216514,-2.32899948630895,0.3007491421577193,3.6074868615442894,-1.155598138904814,-2.900338807969877,6.186108073087088,-7.510090775020481,4.443688092882581,0.3076493394989654,0.5287571183530387,1.742815417063247,1.240938862009612,-6.626080308041444,-3.6520680458900645,2.2934299194391965,4.013968200811621,0.9479403586290095,-2.7885660938931327,0.9165888491359198,-4.836712592045716,-2.8253281694585493,1.0411438150209946,1.7036810002592762,7.713964014624679,0.22355778935890186,-3.3676488500651156,4.841672861404495,3.2944959269605345,-3.1120001134540183,-0.2193527583621727,0.21688219163589917,-0.8512608303001653,-0.4479867062558621
-83.82690040455812,-20.415074368378296,38.11199261752452,-150.26924710068735,14.499831662795426,-13.025843126951221,-40.632037409267454,-79.34798920160377,148.8713007972929,-21.872426028671665,-82.19431486366527,73.31302240485084,57.43114134990697,-1.1748801253833827,-82.42100368423267,7.4065301468833855,70.18787950254288,-164.30499555127415,187.26623078175797,-133.7777055488898,6.158081050482288,-15.789917566175312,-51.597535286685314,-6.626080308041444,169.96479134627796,82.26047520512374,-56.74779161456352,-109.54544831354659,-7.639718106221139,96.27601469538658,-23.850527663570464,118.04845552563054,85.79443322537527,-26.19062920643598,-45.479353135800764,-191.99170657483612,-2.700390545894758,85.40850632789243,-106.22107113067449,-95.7667554469707,64.05837214748624,5.873618600414395,1.7961843522685796,8.054135808130514,2.6618974169084195
-40.75963962040938,-10.21656977030216,19.8236834212228,-73.19528231688439,6.910495337098257,-6.143315104609624,-19.732309442695964,-38.318137602330864,72.53904563798451,-10.299790972421674,-40.00383408007695,36.20778893712154,28.283829873551,-0.18763233891130665,-40.25523772595698,4.157469947000989,34.42062790986961,-79.43301438010174,91.58776656820272,-64.03781438263067,2.7764567111072163,-7.471049041065397,-24.93052563043915,-3.6520680458900645,82.26047520512374,40.750914092245154,-28.077256758404612,-53.36280791446894,-4.779122650538945,46.12511579518547,-11.442466115303883,57.86893247712767,41.26840461439767,-12.739763303930047,-21.64413531836436,-93.71197475302746,-1.6619503488255787,41.37128271530387,-52.18089835540554,-46.1871339036834,31.347611300605394,3.1151725613163888,0.40407951204338977,4.2428768648248125,1.7365015921079738
28.057057856250786,7.002717486313825,-13.558085349023926,50.49588544541728,-4.913106366127568,4.288191050969645,13.60133074243783,26.50278020074866,-50.02123273579943,7.271956032872772,27.495021500030294,-24.803666806391924,-19.53149677548022,0.017815304337236736,27.70257849853273,-2.6829867896614266,-23.740853764372456,54.84839868359373,-63.22842809181934,44.31571591279779,-2.0466946474068264,5.163087899267089,17.277303071450362,2.2934299194391965,-56.74779161456352,-28.077256758404612,19.4075118242195,36.920350792336464,3.2375958754381826,-32.02840050822515,7.892910703680616,-39.94049631132801,-28.58324827798835,8.791081993899745,14.91835981086595,64.66980236870945,1.156586504139258,-28.526890444106463,35.88703814629332,31.97026350300071,-21.49985813332107,-2.1800101468198254,-0.3132342743060403,-2.820138549197253,-1.1507520107969713
53.988808782412534,13.21419773119882,-24.930124442774613,97.0547743853549,-9.59149362927113,8.421510568465358,26.193947946924308,51.24549048271138,-96.11352851404577,14.307508221565346,52.86801433880941,-47.222769738063455,-37.27353312816062,0.37172555981764355,53.14392935013293,-4.657688642266786,-45.42880403875669,105.96327212787793,-121.20442150335509,86.1890342974197,-4.144456115245589,10.118382841045438,33.38738684278745,4.013968200811621,-109.54544831354659,-53.36280791446894,36.920350792336464,70.9700295293657,5.273422198410001,-62.26476880806657,15.324722185402946,-76.44072019600597,-55.41709264195782,16.91041902832604,29.122681524599752,124.13303978523206,1.9124683940534648,-55.042434129827285,68.57748930029419,61.863723497410874,-41.18521100505703,-3.9696180820825093,-1.0195254388381054,-5.124271026372764,-1.819872377753424
4.015697952694133,1.3514900395120995,-3.4269065724381718,7.341281652192806,-0.431579125175174,0.38716899739004745,1.9137847976195403,3.413470040202948,-7.347380149982421,0.5320204497633129,4.031233833956548,-4.242461208982656,-3.1074576054400347,-0.3546184886352416,4.194405808702058,-1.0848845438826733,-3.6578810632248877,7.243787788065324,-9.54255005371925,5.096770924432776,0.04251716682950023,0.5193113871427938,2.282159780528701,0.9479403586290095,-7.639718106221139,-4.779122650538945,3.2375958754381826,5.273422198410001,1.701655684551431,-3.6140519000668707,0.9816942857574696,-6.205322849791464,-3.4644922964034355,1.2658999713348418,1.6500741382050617,9.56151607049227,0.568270725176048,-3.842401379504836,5.764121920475682,4.0781495688837746,-3.3943571694132917,-0.5596899088565851,0.46444999821155714,-0.8647233113424395,-0.6732431281536684
-47.205960098170976,-11.242205895762188,20.570472370756228,-84.89455018655622,8.766511220320268,-7.619487685212464,-22.95642646305398,-45.206406272683715,84.00705163743187,-13.097551468849739,-46.098874500818845,40.60567728716198,32.41404644811709,-0.44340619469741216,-46.279118119917584,3.3367292406358344,39.57998084901003,-93.278506856140055,105.78956109053395,-76.57077254248314,4.010697057496021,-9.035202628207992,-29.4769648514218,-2.7885660938931327,96.27601469538658,46.12511579518547,-32.02840050822515,-62.26476880806657,-3.6140519000668707,55.516194712741715,-13.512244603449604,66.57201826759548,49.10555943591738,-14.816613056093216,-25.842608206735047,-108.45873086926456,-1.3788803948354273,48.34273251907033,-59.43539994351387,-54.677499403455116,35.646061469013816,3.3044189233958225,1.3244576787815279,4.017480985834793,1.1316340206981714
11.749540405094738,2.8432864562647135,-5.2318935107444915,21.045595103360803,-2.0238680594001135,1.8352082387521929,5.693958173950329,11.13878006797423,-20.85097729624044,3.072177492224167,11.5290365498132,-10.244085753882894,-8.003510247841541,0.22146441106444018,11.542921545273256,-1.003630848198525,-9.797887966401918,23.060223398850567,-26.185179532359385,18.82039008516951,-0.8713144764449112,2.234271039113088,7.240318623288842,0.9165888491359198,-23.850527663570464,-11.442466115303883,7.892910703680616,15.324722185402946,0.9816942857574696,-13.512244603449604,3.3664694635498433,-16.49947899188826,-12.049104577095875,3.6671227882006847,6.427650631188957,26.8676680525811,0.34907105269014477,-11.980147237966476,14.849578146176235,13.440154076309925,-8.98785743669639,-0.7972019779756484,-0.2950012785616237,-1.1167215136966897,-0.3423288656483391
-58.33629054335368,-14.441954035470854,27.56674019801678,-104.78277342984953,10.062652384266158,-8.95223480690137,-28.27005156313671,-55.07638753278968,103.83279319368266,-15.041253085002463,-57.222739211846786,51.41940546646299,40.28697383123149,-0.42013282452899237,-57.52255033331843,5.49513454892338,49.103879924889064,-114.0710335485471,130.9087218376592,-92.40295620224703,4.1855832299664995,-10.839035396366397,-35.88208162840261,-4.836712592045716,118.04845552563054,57.86893247712767,-39.94049631132801,-76.44072019600597,-6.205322849791464,66.57201826759548,-16.49947899188826,82.64413211120983,59.429957204795734,-18.252611348068033,-31.292214107973003,-134.03204567424294,-2.199570343957502,59.316202966412895,-74.36618031367229,-66.45738269552643,44.73095039277255,4.324044054944336,0.8915828923690603,5.839373360287668,2.197721583862132
-42.16077303527683,-10.142610891944157,18.691075578915694,-75.72048590771271,7.624494233965488,-6.680187970158909,-20.466561409367348,-40.22589587711825,74.9351355212489,-11.431936914149471,-41.23829367018162,36.53328953028177,28.94862309979975,-0.5015092034759772,-41.380228515398656,3.2859296395688604,35.338017278407946,-83.06638037576191,94.38390198400134,-67.94323534948579,3.414070280012738,-8.013984956701172,-26.15280632271498,-2.8253281694585493,85.79443322537527,41.26840461439767,-28.58324827798835,-55.41709264195782,-3.4644922964034355,49.10555943591738,-12.049104577095875,59.429957204795734,43.60702161958342,-13.19176761293003,-22.99688262507002,-96.77740056216552,-1.2778682405749764,43.12205943566285,-53.22923465354825,-48.5507874269507,32.01339620870313,2.978029055487608,1.054595644883774,3.7615937489815523,1.1692755032997484
12.9285271913711,3.1651600767332,-5.9729188413647485,23.20118378397186,-2.2297846386251674,2.0122095172934356,6.271324226380261,12.207410931542414,-23.003559819123428,3.351235847712669,12.680604958398128,-11.33013326381275,-8.872625514713743,0.12958353566687086,12.729167560959343,-1.1656654495299,-10.843353826191557,25.305836872994206,-28.930299690205533,20.57400041802578,-0.9291360851953181,2.4254110864315983,7.972482227920107,1.0411438150209946,-26.19062920643598,-12.739763303930047,8.791081993899745,16.91041902832604,1.2658999713348418,-14.816613056093216,3.6671227882006847,-18.252611348068033,-13.19176761293003,4.0514452050025245,6.9853565799264326,29.63696142682043,0.4500026305571408,-13.143034107686889,16.419608031730895,14.764953168331193,-9.884157191863025,-0.9145894099678177,-0.25469977247178144,-1.2706574500869723,-0.4279434161600087
22.383001354933416,5.351780812492896,-9.707523887575634,40.029226565284574,-3.8495131441717056,3.53104669844125,10.852040016136213,21.22805700252975,-39.66574187315166,5.88211740279945,21.957071533531543,-19.408476726267356,-15.153703117053592,0.5150467893564935,21.94553873956238,-1.8360111188037034,-18.596284163257508,43.97273878864953,-49.709355857146925,36.01310240762018,-1.6634657135612643,4.292676513752785,13.797932770952356,1.7036810002592762,-45.479353135800764,-21.64413531836436,14.91835981086595,29.122681524599752,1.6500741382050617,-25.842608206735047,6.427650631188957,-31.292214107973003,-22.99688262507002,6.9853565799264326,12.329093311812404,51.04693000434335,0.5824777497310719,-22.83552560535894,28.17032774433688,25.64473916812413,-17.06977591784842,-1.4444743214836646,-0.6557454976648592,-2.0764646183435924,-0.553652052086548
94.807526125981,23.337993764589985,-44.19948610082226,170.1670640729664,-16.391145963717264,14.598959739644673,45.94242576991515,89.62228282537346,-168.58377390462903,24.573929129617273,92.97356604728392,-83.34368284553764,-65.32225604936059,0.9169077287383955,93.38238903913434,-8.73562800877205,-79.67263083399192,185.56509579600493,-212.43405283091195,150.57822136142178,-6.885207180610232,17.693525861378063,58.3088316361802,7.713964014624679,-191.99170657483612,-93.71197475302746,64.66980236870945,124.13303978523206,9.56151607049227,-108.45873086926456,26.8676680525811,-134.03204567424294,-96.77740056216552,29.63696142682043,51.04693000434335,217.6118293870849,3.3835522032003267,-96.50055944421358,120.60261239940303,108.10785817854928,-72.60350571030366,-6.913337982345477,-1.6378837156931738,-9.332705383087175,-3.388604044269149
1.3882681933725796,0.45375653378500896,-1.1457178990565131,2.5949773367798543,-0.22171889093974295,0.16463708784595457,0.6712376860123249,1.2375728161139383,-2.5900769816676186,0.26791920379535955,1.3758992528080407,-1.4090208491885896,-1.1000825258893732,-0.17823548445864423,1.4491489064563001,-0.28819554407160924,-1.2847393678464207,2.5841163931092788,-3.3886766720559427,1.8738257502004134,-0.04768655550893313,0.19068924544953395,0.8497988794917571,0.22355778935890186,-2.700390545894758,-1.6619503488255787,1.156586504139258,1.9124683940534648,0.568270725176048,-1.3788803948354273,0.34907105269014477,-2.199570343957502,-1.2778682405749764,0.4500026305571408,0.5824777497310719,3.3835522032003267,0.20537578944044674,-1.3469590643517244,1.979593323281143,1.4970844688126037,-1.1389382749648853,-0.20869528475219173,0.1415782378921232,-0.25495461344416265,-0.21047952667713385
-42.13518409335238,-10.274184436244495,19.183284316552182,-75.49834855409547,7.274947227130236,-6.51113138936413,-20.411278884336834,-39.89149331859966,74.76705278871258,-10.978620305511717,-41.311767695648605,36.894755246932284,28.89477418173172,-0.6265188785794887,-41.421438474048585,3.772495274556658,35.29216392319699,-82.57157277271679,94.11127666915493,-67.1863359287101,3.093542402761268,-7.920803572455419,-25.877676985723056,-3.3676488500651156,85.40850632789243,41.37128271530387,-28.526890444106463,-55.042434129827285,-3.842401379504836,48.34273251907033,-11.980147237966476,59.316202966412895,43.12205943566285,-13.143034107686889,-22.83552560535894,-96.50055944421358,-1.3469590643517244,42.958123912184256,-53.402681019349465,-48.0813097780072,32.215407200192395,2.973588420404757,0.8695037520721399,4.046859311293377,1.3726704223485047
52.624974803215196,13.109465919776111,-25.117803406666273,94.30656252234604,-8.747121535966928,7.940579299732331,25.46160571483285,49.41719203453939,-93.49657852237686,13.174507210166439,51.71293116451897,-46.668545848432515,-36.23236254208571,0.5948040585624539,51.91917790129469,-5.35363348809638,-44.21113723480263,102.53470560989466,-117.7493054405881,82.82006583247555,-3.4896051732913005,9.727277427006884,32.12404884704876,4.841672861404495,-106.22107113067449,-52.18089835540554,35.88703814629332,68.57748930029419,5.764121920475682,-59.43539994351387,14.849578146176235,-74.36618031367229,-53.22923465354825,16.419608031730895,28.17032774433688,120.60261239940303,1.979593323281143,-53.402681019349465,67.18504480858192,59.56627559318619,-40.53718331208839,-3.84434019862867,-0.7080301016375654,-5.495354709996778,-2.103261201093023
47.109139896888934,11.377842593568953,-21.110805658081606,84.62170107834966,-8.428510496920554,7.45884091692245,22.874747915596956,44.815880756286084,-83.8096103059915,12.638162331196279,46.11295996854736,-40.910389715635645,-32.32623544085685,0.49761670839161204,46.28287155262873,-3.7860069135843535,-39.48795887328151,92.66517922591001,-105.47470819540081,75.70520711808373,-3.7024248507960538,8.934126804482652,29.22492385193033,3.2944959269605345,-95.7667554469707,-46.1871339036834,31.97026350300071,61.863723497410874,4.0781495688837746,-54.677499403455116,13.440154076309925,-66.45738269552643,-48.5507874269507,14.764953168331193,25.64473916812413,108.10785817854928,1.4970844688126037,-48.0813097780072,59.56627559318619,54.175882060809606,-35.81967985308345,-3.315066822380039,-1.134127683965192,-4.318468978018146,-1.3484030123933668
-31.7723350993986,-7.918166030241941,15.082520500774894,-56.80777179198814,5.123027315568666,-4.748184892658586,-15.351507275013546,-29.749692459586868,56.3373387519019,-7.794683868476758,-31.273908832893387,28.246305790287455,21.751434065470356,-0.5543374431413767,-31.339046728621327,3.349692826158247,26.589028025835432,-61.79628131207161,70.82867458130163,-49.885775670310906,1.996737239870937,-5.884920601776637,-19.29441974489945,-3.1120001134540183,64.05837214748624,31.347611300605394,-21.49985813332107,-41.18521100505703,-3.3943571694132917,35.646061469013816,-8.98785743669639,44.73095039277255,32.01339620870313,-9.884157191863025,-17.06977591784842,-72.60350571030366,-1.1389382749648853,32.215407200192395,-40.53718331208839,-35.81967985308345,24.56759661274365,2.2531525455596735,0.4566986873910129,3.3925089943921427,1.27089056408536
-2.913461046935079,-0.788198446403211,1.6738181373186967,-5.3335116845077435,0.5690469818112529,-0.4162800717291016,-1.410198500152715,-2.7826062540260095,5.258066539209391,-0.7831052265651642,-2.8402874313785937,2.6615542421753977,2.166517976116364,0.1349190480120375,-2.915205380199736,0.32037793062440456,2.567967963189018,-5.695094334509976,6.80920688284825,-4.484316518409142,0.25146894103757406,-0.49396892951723953,-1.8036579751644286,-0.2193527583621727,5.873618600414395,3.1151725613163888,-2.1800101468198254,-3.9696180820825093,-0.5596899088565851,3.3044189233958225,-0.7972019779756484,4.324044054944336,2.978029055487608,-0.9145894099678177,-1.4444743214836646,-6.913337982345477,-0.20869528475219173,2.973588420404757,-3.84434019862867,-3.315066822380039,2.2531525455596735,0.32617097768923115,-0.07344418569934624,0.3085718389906624,0.22036651391558607
-0.7773599718958746,-0.03170784589646875,-0.3077851008516496,-1.3638664963620846,0.2475502379653076,-0.24287444321845564,-0.3989122416883695,-0.8858172978746559,1.3444961228107009,-0.41840791152300977,-0.729377673948955,0.3558452216205585,0.36624041226715215,-0.1511237878401905,-0.6730785236637271,-0.2615131074218397,0.5201031958403238,-1.787423822330828,1.5211248658536463,-1.808384700083979,0.19332645791423478,-0.254874958933244,-0.600110273295716,0.21688219163589917,1.7961843522685796,0.40407951204338977,-0.3132342743060403,-1.0195254388381054,0.46444999821155714,1.3244576787815279,-0.2950012785616237,0.8915828923690603,1.054595644883774,-0.25469977247178144,-0.6557454976648592,-1.6378837156931738,0.1415782378921232,0.8695037520721399,-0.7080301016375654,-1.134127683965192,0.4566986873910129,-0.07344418569934624,0.26393743410574594,-0.11296401768918522,-0.2190753304985364
-4.134925090951965,-1.16620963869373,2.4885918573643737,-7.302919306306646,0.39123084350498205,-0.4931247126537676,-1.9699071215608024,-3.599841767716008,7.307308178741894,-0.6383331047275231,-4.1573561949321896,4.0118090434067994,2.822617061325114,-0.10151110797666844,-4.160716401596624,0.841650063137376,3.4630776105841226,-7.660507527567216,9.134040984806823,-5.86092057399738,-0.008418340784225186,-0.6871540324778733,-2.33853212062274,-0.8512608303001653,8.054135808130514,4.2428768648248125,-2.820138549197253,-5.124271026372764,-0.8647233113424395,4.017480985834793,-1.1167215136966897,5.839373360287668,3.7615937489815523,-1.2706574500869723,-2.0764646183435924,-9.332705383087175,-0.25495461344416265,4.046859311293377,-5.495354709996778,-4.318468978018146,3.3925089943921427,0.3085718389906624,-0.11296401768918522,0.7083475503573179,0.35456775006336166
-1.432370219558167,-0.5177574795420492,1.3239854711275016,-2.574643861022322,0.09206038104929756,-0.08363202966624472,-0.6656053862241609,-1.1844629451230433,2.561979939448971,-0.11042217770887214,-1.4549086588144697,1.6113522709380337,1.1240671829321955,0.0774233784591814,-1.506012191952532,0.49596095176148636,1.308386286963851,-2.512311440241913,3.371302392950206,-1.6678727563676325,-0.05942055970620589,-0.16176669902284702,-0.7361779777390022,-0.4479867062558621,2.6618974169084195,1.7365015921079738,-1.1507520107969713,-1.819872377753424,-0.6732431281536684,1.1316340206981714,-0.3423288656483391,2.197721583862132,1.1692755032997484,-0.4279434161600087,-0.553652052086548,-3.388604044269149,-0.21047952667713385,1.3726704223485047,-2.103261201093023,-1.3484030123933668,1.27089056408536,0.22036651391558607,-0.2190753304985364,0.35456775006336166,0.30396021974246135
