V1,V2,V3,V4,V5,V6,V7,V8,V9,V10,V11,V12,V13,V14,V15,V16,V17,V18,V19,V20,V21,V22,V23,V24,V25,V26,V27,V28,V29,V30,V31,V32,V33,V34,V35,V36,V37,V38,V39,V40,V41,V42,V43,V44
0.10654609798490253,-0.01158478188290171,-0.02479774157184073,0.07351045898662714,-0.10692788666488845,0.12033393094665641,-0.09614547965705379,0.11705551761185974,0.14809802883336037,0.056410705744823854,0.09842571937135355,0.004893117661473665,-0.06122755289339316,-0.06263909834946504,-0.054527426500844405,0.018526134863139337,-0.10913271837201635,0.04675795464949207,0.04424659101237484,0.04088096670699442,0.00236768993141088,-0.03224587755466242,-0.050969580820919055,0.08907892494383723,0.010291162781966106,-0.09377911125760736,0.06446974731985046,0.12670793291219662,0.12379441259443766,0.01924919370278782,-0.006144474787772297,-0.12473323590855963,-0.0439195201837878,0.01053439608706607,-0.12001716687477162,0.025445502423682615,-0.007551527442566566,-0.02224431406369411,0.02103945588705936,0.04165561415617465,-0.07705052531995592,-0.12248713084797082,0.1461450204515416,0.1895188130266153
-0.01158478188290171,1.317027985281966,-0.7012458015541921,0.032701474324932506,0.19658575491876173,0.9755385718590084,-0.2714409697641932,0.6283824486044957,1.0054050922860203,0.11020372481169399,1.045264707236871,-1.0289175748860615,0.37332113260724226,-0.22437339451131008,-0.14432893847990025,-0.48838624431415484,0.2549971256034309,0.22880604897395604,-0.14269537432132015,0.039152408352164866,0.29566430269580163,-1.4016759899307116,0.3058981046871186,0.07797988672135255,0.045815058530565965,-0.10441275130411434,-0.7121826786465355,0.06954198350775347,0.14529877384417997,-0.3491200319432155,1.0419607767228318,-0.6297409880206595,0.9075021945512256,-0.031079951082130387,-0.40005169802486434,0.32826376359574133,0.0026412585968288676,-0.28341379812589074,-0.18713619399744394,-0.7175520397486789,0.09489763445750946,-0.8076587950173787,-0.02707230718495737,-0.2303166605489407
-0.02479774157184073,-0.7012458015541921,0.5941156895315947,-0.19692541568155741,0.3228205336520267,-0.6110042541059628,0.0649509555768935,0.3593570461849357,-0.08531333173013109,0.13264563523001377,-0.497129914247407,0.6003866569133847,-0.08286564985018824,0.001688123672010469,0.20552676494772926,0.6544064642720923,0.3710301574246829,-0.22401340454863988,-0.06898451065067032,0.3901467610299785,-0.0654626450725099,0.6001644030330655,0.01922237344075835,0.685375629004685,0.21696251657275334,0.21319890301682334,0.2971900607066271,-0.04098819866077329,-0.11933295058684315,0.4754047807958682,-0.5538517572686281,-0.040580904006445456,-0.6739172849144126,-0.0789510406006035,0.10062216881168161,0.24537189554626748,0.33343632890835756,0.692440432461854,-0.020183710695576368,0.18299482870394188,0.10108266407105145,-0.003417095249495208,-0.13350296735892514,0.038928268619202754
0.07351045898662714,0.032701474324932506,-0.19692541568155741,0.9323631711569799,-0.2571932133997298,-0.023839581798403564,0.5625623639901697,-0.5638857815426024,-0.28173319813854986,0.12253270435083434,0.1416246642770476,-0.5165509778112867,-0.20157633645735132,-0.4091999742242602,-0.18775384236181608,-0.08562789926862016,-0.20915704995395576,-0.44058166514599467,0.41136149481088685,-0.25792938743289634,0.21965239548752644,-0.6701909287228757,-0.3348532501943514,-1.118606177749247,-0.2307352652387474,-0.4168478301853884,-0.14259754357964827,0.04098287308404879,0.20227139155144194,0.019117850453455626,0.11745629435714969,-0.12687067712263234,0.5474286166452681,0.580093584534831,-0.12045284787586985,-1.0529724363275876,-0.026693298139213627,-0.20384638096759783,0.18298552384945052,-0.06709763895364469,-0.04490194230451261,0.27479287957529674,0.10586092459981225,0.6006429899553128
-0.10692788666488845,0.19658575491876173,0.3228205336520267,-0.2571932133997298,1.8876900087188795,0.36329100755691246,-0.24557354264631587,2.1791623824163047,1.534273637450716,0.4403833130847589,0.5891044659558979,-0.5190907628534694,0.7560281470741848,-0.8057244068425918,-0.25323035439652636,1.0947955239478036,1.411716266195797,-0.15278824172693772,-0.12611822566975475,0.840607555451948,0.5100128058662603,-1.558326649136564,0.4902832215004019,1.4025834899637877,0.7131137092574804,0.21468826710277153,-0.40596544757666986,-0.3325779281190382,-0.14312296493340923,0.8858540853845621,0.6325948010104373,-1.6425632114606208,0.23258275518656862,0.015492538369528368,-0.6580158053191831,1.2899958426684819,1.3833379636511167,1.4744605652923326,0.10333956189537875,-0.9539915830069522,0.5984490947144998,-1.5005824942062624,-0.20896340413551717,0.14999385100005455
0.12033393094665641,0.9755385718590084,-0.6110042541059628,-0.023839581798403564,0.36329100755691246,1.4055117589443125,-0.6335977338442097,0.9322222452674179,1.1285492012336613,-0.05090363071145474,1.0360777889997035,-0.8630924523243635,0.4871114238404996,-0.19289464052106442,-0.4569975294606297,-0.434045561406061,-0.12980623817465065,0.4193973390615633,0.2252692706461511,-0.1311490054266341,0.22464280053160446,-1.4264979142018628,0.3686073855962508,0.04219660052801168,-0.07796411280318087,-0.29306573426670723,-0.28192113464442814,0.15431488751009328,0.11122703200302231,-0.2540387340222748,0.9627252342083162,-0.8230835261238915,0.8860255866690504,-0.29106607369891974,-0.5177512337099905,0.5754390643718528,0.12841264258911958,-0.1834796808657297,0.159218290939583,-0.559539280939078,0.020261561835448093,-1.202118685424989,0.1981736830679014,0.15675855516405646
-0.09614547965705379,-0.2714409697641932,0.0649509555768935,0.5625623639901697,-0.24557354264631587,-0.6335977338442097,0.795366942782417,-0.93723882394333,-0.8872757720845535,0.010894637385916898,-0.33836476399205756,-0.12714860985203144,-0.32855211439396853,-0.16450884940083693,0.08481454500619849,-0.012772507818581191,-0.04336722136431286,-0.4280687863711301,0.08835969508477261,-0.2860537861359243,0.07147696201903496,0.09296795626318848,-0.35517845867449,-1.0679245405166946,-0.10798260197112859,-0.1074679175740946,-0.14401187002821486,-0.12456256790319731,-0.06978086612107878,-0.01781477348504435,-0.2355643530457925,0.441504920631872,0.2069578786527936,0.5239150961453799,0.2434942858887493,-1.068489157793955,-0.16894911944124327,-0.16913372994784764,0.04153848661361294,0.09555865067435625,0.12195534080239269,0.8438005952426422,-0.18166035954444937,0.12081470512187353
0.11705551761185974,0.6283824486044957,0.3593570461849357,-0.5638857815426024,2.1791623824163047,0.9322222452674179,-0.93723882394333,3.981865342164558,3.119542509475888,1.0399521729901156,1.3865902751972767,-0.6119034037845866,0.9478336051796526,-0.9596861994677384,-0.10599192118176647,1.5423988483076416,2.0290414964625976,0.014112535060869421,-0.24060780183327743,1.692482377036414,0.5681930646307837,-2.0938593372898424,0.9116164522056627,3.14542724683799,0.9390548580808845,0.11255855175468964,-0.5719367593670731,0.004695652425721593,0.1393135601528207,1.0857591856036992,0.8930002517428165,-2.819282504774105,0.016842742450985968,-0.4282272463592031,-1.2602431835889245,2.325936968808893,1.9258284990810415,2.1935803379028043,-0.16364944481078805,-1.3017636350718313,0.5711311398339151,-3.08938316480107,-0.16179845812236213,0.3434740596401893
0.14809802883336037,1.0054050922860203,-0.08531333173013109,-0.28173319813854986,1.534273637450716,1.1285492012336613,-0.8872757720845535,3.119542509475888,2.961328380196506,0.708797870392623,1.3987821318914149,-0.798297113299145,0.8980129290525009,-0.8290453682874329,-0.21581763050236932,0.9017960195011242,1.5611563231021266,0.03113407022210869,-0.3116595376773146,1.338361963371605,0.5675067083760156,-2.084514865716608,0.6989930688015048,2.5812981604547325,0.7770843766965038,0.1482917823471748,-0.5858259507593587,0.05268059381294095,0.35714105657745937,0.8349078267506966,1.130153532662888,-2.3121261180048167,0.2513361390403638,-0.19444965032783995,-1.1545564284346566,2.065592758909445,1.4570631621603793,1.4439083228395109,-0.22489285534028813,-1.2314571258032372,0.1948888021926408,-2.4626870969206505,0.1812033171707919,0.25948808651725913
0.056410705744823854,0.11020372481169399,0.13264563523001377,0.12253270435083434,0.4403833130847589,-0.05090363071145474,0.010894637385916898,1.0399521729901156,0.708797870392623,0.8978006580119897,0.5919448936874135,-0.32242461492261004,0.18980693258901682,-0.49190570851556653,-0.05470109246072426,0.6565088244965857,0.670109653055663,-0.08597015114919455,0.020795081683074517,0.6622266138222122,0.16079808864859976,-0.7356426877577208,0.15478344543103142,0.7444439760659415,0.06176277566786406,-0.369776975604696,-0.45814540535849047,-0.3802046550177284,0.1656403798614566,0.19041645244494704,0.1124239990489236,-1.0974097207913958,0.17749896697903053,0.2809660000632318,-0.5412546132765146,0.07547699768743323,0.9704400324620234,0.5529726950432952,0.04941231227541087,-0.2875198449417616,0.13858151911424527,-0.9938239714537269,-0.32736304537501865,0.4865454656977417
0.09842571937135355,1.045264707236871,-0.497129914247407,0.1416246642770476,0.5891044659558979,1.0360777889997035,-0.33836476399205756,1.3865902751972767,1.3987821318914149,0.5919448936874135,1.3449113150026368,-1.0941528920156673,0.47720469192176196,-0.573971399211267,-0.3375829515725866,0.05130657450766158,0.5097009110492297,0.22468535899129002,0.08828519494790837,0.3382747197776676,0.3634775731208168,-1.8216166118709411,0.3457399719721973,0.42521360328540864,0.0519033420673505,-0.4601869204980971,-0.7438832002243599,-0.10637268991329249,0.21927934441140814,-0.11619056558342848,0.994128069334012,-1.4023322627702948,0.9630748884871853,0.07970494306329416,-0.784473020479587,0.4054497187210301,0.6951345771548085,0.17765146116284888,0.05753007482460401,-0.7888544080876384,0.18700624131138496,-1.528835026395995,-0.0867225831729,0.36025988348478594
0.004893117661473665,-1.0289175748860615,0.6003866569133847,-0.5165509778112867,-0.5190907628534694,-0.8630924523243635,-0.12714860985203144,-0.6119034037845866,-0.798297113299145,-0.32242461492261004,-1.0941528920156673,1.3414327341445003,-0.3737035097430933,0.6740810611038199,0.42563073222297054,0.1931874593299591,-0.3245940668095051,0.016309611449917962,-0.14193872335217955,0.061843803975788626,-0.467156052242884,1.9427807530393948,-0.13921968112785688,0.5440925434990975,-0.011139550418978858,0.4138392852275735,0.8163613336430381,0.19137998206811654,-0.12501452715332811,0.16709144249221625,-1.031125092851687,0.9852153387885564,-1.2826785214992935,-0.4034341190050457,0.5722323154822754,0.2051371136036562,-0.4286469720135125,0.08603153069118134,-0.13896610238620283,0.8129399630485478,-0.2693642359156109,0.8381534211620911,0.11805914465498515,-0.32166959684800833
-0.06122755289339316,0.37332113260724226,-0.08286564985018824,-0.20157633645735132,0.7560281470741848,0.4871114238404996,-0.32855211439396853,0.9478336051796526,0.8980129290525009,0.18980693258901682,0.47720469192176196,-0.3737035097430933,0.6352379949247807,-0.24740651086196472,-0.3087606951545508,0.2118221210610237,0.49772168832389774,0.10940715823501357,-0.059690220900910716,0.3121223489134571,0.2004827081533426,-0.8936544163979846,0.35894604081853204,0.6883368581141489,0.12786951325347762,0.023536316678636343,-0.26193301946076686,-0.4726409283996164,-0.027614258070077953,0.23944619573216308,0.5134194673989738,-0.7644415448044424,0.39296796712679055,0.007290746736221041,-0.3790678123097428,0.7710573490323186,0.8207042899123962,0.35156459470913526,0.14709316354326296,-0.46171342639914387,0.05278541138625796,-0.8678572383862876,-0.10369734385235524,0.03995861271775373
-0.06263909834946504,-0.22437339451131008,0.001688123672010469,-0.4091999742242602,-0.8057244068425918,-0.19289464052106442,-0.16450884940083693,-0.9596861994677384,-0.8290453682874329,-0.49190570851556653,-0.573971399211267,0.6740810611038199,-0.24740651086196472,0.8586238027827151,0.33467176382083647,-0.6019464291453184,-0.6724325160580131,0.21501165430151964,0.03659649224002785,-0.43429750911416276,-0.4497755435076852,1.312257868919931,0.026313383794246203,-0.3129202633811635,-0.4036562955983189,0.16970377165019443,0.4552436307754963,0.21653041305366494,-0.19666629788934215,-0.4823171243672142,-0.47154967724068747,1.1134855611669645,-0.43620548492464223,-0.5644218902413662,0.6138098294317571,-0.16601347724747184,-0.8466796140368498,-0.5785316540950137,-0.1395652276353448,0.590097343149588,-0.25475187565838636,0.6705643353775417,-0.03396959575999342,-0.5613208545535977
-0.054527426500844405,-0.14432893847990025,0.20552676494772926,-0.18775384236181608,-0.25323035439652636,-0.4569975294606297,0.08481454500619849,-0.10599192118176647,-0.21581763050236932,-0.05470109246072426,-0.3375829515725866,0.42563073222297054,-0.3087606951545508,0.33467176382083647,0.5607780128281885,0.06892326928863213,0.1824268396657153,-0.17155559356712147,-0.10236699095102592,0.1616469650617632,-0.16515310182559242,0.7211740564054745,0.01875564266635792,0.3170570749153041,0.04208186111992956,0.25889871834901196,0.12822939562670527,0.4232352338019959,-0.07075398007337685,-0.02135085912881748,-0.3424261258515548,0.3540781378474991,-0.5623235979118807,-0.349378667455526,0.32596602563511073,-0.03230453275118319,-0.46888292362027134,0.22201001988365454,-0.3901462072762404,0.1607114437288786,0.07198175576156456,0.2574587440915734,-0.09710783091794035,-0.4322364577152132
0.018526134863139337,-0.48838624431415484,0.6544064642720923,-0.08562789926862016,1.0947955239478036,-0.434045561406061,-0.012772507818581191,1.5423988483076416,0.9017960195011242,0.6565088244965857,0.05130657450766158,0.1931874593299591,0.2118221210610237,-0.6019464291453184,0.06892326928863213,1.3129427125890212,1.1452182835870894,-0.3411506673532036,-0.10967974489642876,0.991050617642265,0.2364532809817529,-0.4028030130088807,0.14872749313956712,1.4718263359943353,0.5585054515766887,0.12327038060792973,-0.05135141463927859,-0.16932046507559506,0.03958031428358288,0.9165189438320475,-0.16124876350383824,-1.1640244475666761,-0.510206232465975,0.15614256129698298,-0.45469095564964457,0.7345286557280952,1.1528194206252584,1.3963372447416835,-0.01205113248102656,-0.3283242190470309,0.3131516994358108,-0.8811642664965625,-0.1261233411651197,0.3897255051684064
-0.10913271837201635,0.2549971256034309,0.3710301574246829,-0.20915704995395576,1.411716266195797,-0.12980623817465065,-0.04336722136431286,2.0290414964625976,1.5611563231021266,0.670109653055663,0.5097009110492297,-0.3245940668095051,0.49772168832389774,-0.6724325160580131,0.1824268396657153,1.1452182835870894,1.7106009849811692,-0.36939970742656425,-0.40214024739477827,1.1570127553952383,0.4173788580197105,-1.0947408725444117,0.40667500247568855,1.8422867978903579,0.7405550253053451,0.339497481782849,-0.5531775175113317,-0.20760729432274552,0.009677261869750372,0.8616632911981491,0.4232365670803456,-1.4589579605728435,-0.11276418706338555,0.08609447611004438,-0.5557603802273318,1.1646023254041742,1.2467671421379405,1.512259447077558,-0.2928772380268581,-0.8778459504582763,0.4620631884143002,-1.2595985066342,-0.2729588524707745,-0.05122580393622368
0.04675795464949207,0.22880604897395604,-0.22401340454863988,-0.44058166514599467,-0.15278824172693772,0.4193973390615633,-0.4280687863711301,0.014112535060869421,0.03113407022210869,-0.08597015114919455,0.22468535899129002,0.016309611449917962,0.10940715823501357,0.21501165430151964,-0.17155559356712147,-0.3411506673532036,-0.36939970742656425,0.5716121086922632,-0.12888384014425563,-0.1861987132962348,-0.15499627461687068,0.1577164428885604,0.10188144895306207,0.08116248691070797,-0.07246072356371193,-0.067105435030579,-0.01061520912944798,-0.08090691113022042,-0.023267053098433466,-0.38903795083712145,0.147134974891347,0.11575712991215105,0.09120761837206096,-0.229177211904605,-0.0565618149153009,0.3498433454011209,-0.13761160800790825,-0.471221309869536,0.07636272261270492,0.09958179554970938,-0.07962159355780934,-0.14847982104563456,0.05716345050174234,-0.1488829482769746
0.04424659101237484,-0.14269537432132015,-0.06898451065067032,0.41136149481088685,-0.12611822566975475,0.2252692706461511,0.08835969508477261,-0.24060780183327743,-0.3116595376773146,0.020795081683074517,0.08828519494790837,-0.14193872335217955,-0.059690220900910716,0.03659649224002785,-0.10236699095102592,-0.10967974489642876,-0.40214024739477827,-0.12888384014425563,0.7080283077478655,-0.3295023077923355,-0.035524132760353246,-0.299925536495084,-0.015886996762711235,-0.8751625710983107,-0.4959139157088442,-0.4796480467798586,0.1842937515465565,0.13038469985158616,-0.03924253459066221,-0.172342276848469,-0.036204829562256353,-0.12415263452488662,0.3440669946957626,-0.11180732525224597,0.018721267773214846,-0.6988354380551278,-0.10193455264441761,-0.0949864264498052,0.2805224611604801,0.13897321040976382,0.007490637211014853,-0.21486443600085653,-0.037088759148421496,0.4119097625810673
0.04088096670699442,0.039152408352164866,0.3901467610299785,-0.25792938743289634,0.840607555451948,-0.1311490054266341,-0.2860537861359243,1.692482377036414,1.338361963371605,0.6622266138222122,0.3382747197776676,0.061843803975788626,0.3121223489134571,-0.43429750911416276,0.1616469650617632,0.991050617642265,1.1570127553952383,-0.1861987132962348,-0.3295023077923355,1.1056408039285257,0.21360348997868345,-0.47594930102398236,0.30636080864488846,1.8961729516012933,0.547282301848548,0.21965435039432407,-0.22215563586423753,-0.09702296415418521,0.16860750274840194,0.7103013059113374,0.09218793347100297,-1.1691529050130718,-0.45139137279830815,-0.003061863173964688,-0.5122072252256955,1.0661742677155308,1.0090384214886656,1.1622781309194066,-0.2408079413512533,-0.4387776759178207,0.1397034505354169,-1.1019530116131908,-0.09336018592285356,0.11657863501332925
0.00236768993141088,0.29566430269580163,-0.0654626450725099,0.21965239548752644,0.5100128058662603,0.22464280053160446,0.07147696201903496,0.5681930646307837,0.5675067083760156,0.16079808864859976,0.3634775731208168,-0.467156052242884,0.2004827081533426,-0.4497755435076852,-0.16515310182559242,0.2364532809817529,0.4173788580197105,-0.15499627461687068,-0.035524132760353246,0.21360348997868345,0.31442241454594566,-0.8884592399200738,0.049276141207267574,0.16367234961474345,0.24594169049058004,-0.017086321970848455,-0.2871189755221792,-0.054577783906725054,0.08269271415704486,0.28250461097009094,0.39649885250366096,-0.590239493078501,0.32830184112760524,0.2560256548750756,-0.3071373857826516,0.15511000960936464,0.3890712509201775,0.32042813986473656,0.02841985967853138,-0.4399780055477957,0.15965522695942883,-0.410071865446561,0.015411529148420271,0.1814576827778099
-0.03224587755466242,-1.4016759899307116,0.6001644030330655,-0.6701909287228757,-1.558326649136564,-1.4264979142018628,0.09296795626318848,-2.0938593372898424,-2.084514865716608,-0.7356426877577208,-1.8216166118709411,1.9427807530393948,-0.8936544163979846,1.312257868919931,0.7211740564054745,-0.4028030130088807,-1.0947408725444117,0.1577164428885604,-0.299925536495084,-0.47594930102398236,-0.8884592399200738,3.4351584660778367,-0.4371309240799637,-0.19672205918455365,-0.2810824493482876,0.5654356315009743,1.1296369184230473,0.3229073370573262,-0.2285592178653252,-0.35892977769626755,-1.6512545507368825,2.32563443739392,-1.7203958286425012,-0.5183168423251494,1.2036064149883798,-0.4154920489523919,-1.3825251034095567,-0.7185332654887189,-0.2831724356678818,1.5011738643552597,-0.49549971321002045,2.1199468938817336,0.12222396265159204,-0.745954405438295
-0.050969580820919055,0.3058981046871186,0.01922237344075835,-0.3348532501943514,0.4902832215004019,0.3686073855962508,-0.35517845867449,0.9116164522056627,0.6989930688015048,0.15478344543103142,0.3457399719721973,-0.13921968112785688,0.35894604081853204,0.026313383794246203,0.01875564266635792,0.14872749313956712,0.40667500247568855,0.10188144895306207,-0.015886996762711235,0.30636080864488846,0.049276141207267574,-0.4371309240799637,0.4193001763411739,0.7242927754877232,0.043683659527721366,0.04902374963688112,-0.14316301784610458,-0.09061304353812097,-0.11400263016197096,0.06722452781412089,0.2595512605165158,-0.5221775957798881,0.12602358735818037,-0.35180105442748155,-0.1796024566435582,0.627847673055233,0.390625378499517,0.41077758250653473,-0.045847334277702774,-0.2984534185705667,0.12732794973297418,-0.8707025469645405,-0.22550173187773762,-0.16613518779444514
0.08907892494383723,0.07797988672135255,0.685375629004685,-1.118606177749247,1.4025834899637877,0.04219660052801168,-1.0679245405166946,3.14542724683799,2.5812981604547325,0.7444439760659415,0.42521360328540864,0.5440925434990975,0.6883368581141489,-0.3129202633811635,0.3170570749153041,1.4718263359943353,1.8422867978903579,0.08116248691070797,-0.8751625710983107,1.8961729516012933,0.16367234961474345,-0.19672205918455365,0.7242927754877232,4.02646478049778,1.090564582022906,0.763459680568858,-0.07822491925578749,-0.04902294323981371,0.2234726055360404,1.1764199936244273,0.12228199376318574,-1.6922634747721055,-1.2050108145711702,-0.523780590083885,-0.7430947522602236,2.7772660573886796,1.5168358374438846,1.9164045389643236,-0.5310921069962053,-0.628671128645227,0.06399413029211382,-1.949879479688837,0.044224333591825385,-0.24516538372670146
0.010291162781966106,0.045815058530565965,0.21696251657275334,-0.2307352652387474,0.7131137092574804,-0.07796411280318087,-0.10798260197112859,0.9390548580808845,0.7770843766965038,0.06176277566786406,0.0519033420673505,-0.011139550418978858,0.12786951325347762,-0.4036562955983189,0.04208186111992956,0.5585054515766887,0.7405550253053451,-0.07246072356371193,-0.4959139157088442,0.547282301848548,0.24594169049058004,-0.2810824493482876,0.043683659527721366,1.090564582022906,0.7310554605162632,0.46009207100470617,-0.12920609686162746,0.11867528812800393,0.07918843286134047,0.5763296195594728,0.18053199354580354,-0.5065258799615542,-0.3619987057514106,0.09493544867081535,-0.2512139452734138,0.9008114799487633,0.35390714521624245,0.7005575163560505,-0.22151159813165827,-0.40365398129791324,0.21875932694274533,-0.24329200142174856,0.17592040072333567,-0.1286594366943963
-0.09377911125760736,-0.10441275130411434,0.21319890301682334,-0.4168478301853884,0.21468826710277153,-0.29306573426670723,-0.1074679175740946,0.11255855175468964,0.1482917823471748,-0.369776975604696,-0.4601869204980971,0.4138392852275735,0.023536316678636343,0.16970377165019443,0.25889871834901196,0.12327038060792973,0.339497481782849,-0.067105435030579,-0.4796480467798586,0.21965435039432407,-0.017086321970848455,0.5654356315009743,0.04902374963688112,0.763459680568858,0.46009207100470617,0.6772137740461129,0.17957019697946502,0.17103586395974496,-0.08225105007703963,0.33370362308674983,-0.11004421589113667,0.3503271342533474,-0.6079887671706378,-0.19524027975547534,0.23683606335420693,0.7469462297323097,-0.1976450878526482,0.3200356006340265,-0.31745076728363253,-0.04372576739074823,0.022523446260854518,0.3985006818319382,0.1489492861479904,-0.5763002908973212
0.06446974731985046,-0.7121826786465355,0.2971900607066271,-0.14259754357964827,-0.40596544757666986,-0.28192113464442814,-0.14401187002821486,-0.5719367593670731,-0.5858259507593587,-0.45814540535849047,-0.7438832002243599,0.8163613336430381,-0.26193301946076686,0.4552436307754963,0.12822939562670527,-0.05135141463927859,-0.5531775175113317,-0.01061520912944798,0.1842937515465565,-0.22215563586423753,-0.2871189755221792,1.1296369184230473,-0.14316301784610458,-0.07822491925578749,-0.12920609686162746,0.17957019697946502,0.755819200722197,0.3239088448384427,-0.062307354447635535,0.10262778214522038,-0.6132147867099313,0.7074976261513329,-0.7095929786751467,-0.33634267658037076,0.39243327528631694,-0.0020002781714337278,-0.4929688259037593,-0.06344340165747624,0.052632455854428946,0.5832236454288002,-0.24219857857581042,0.586280993125121,0.2891969484374469,-0.03927337055382515
0.12670793291219662,0.06954198350775347,-0.04098819866077329,0.04098287308404879,-0.3325779281190382,0.15431488751009328,-0.12456256790319731,0.004695652425721593,0.05268059381294095,-0.3802046550177284,-0.10637268991329249,0.19137998206811654,-0.4726409283996164,0.21653041305366494,0.4232352338019959,-0.16932046507559506,-0.20760729432274552,-0.08090691113022042,0.13038469985158616,-0.09702296415418521,-0.054577783906725054,0.3229073370573262,-0.09061304353812097,-0.04902294323981371,0.11867528812800393,0.17103586395974496,0.3239088448384427,1.1077162115238142,0.08351325071273559,-0.04873612197937848,-0.05865539039754446,0.24058313470714865,-0.43883658755083427,-0.5189467114962425,0.1974615753121442,-0.016181538940809797,-1.0012295004919105,0.10057554412032686,-0.3707867121396979,0.06461634145876896,0.08342575743787929,0.13705090265309197,0.3866638655447958,-0.23146894930281287
0.12379441259443766,0.14529877384417997,-0.11933295058684315,0.20227139155144194,-0.14312296493340923,0.11122703200302231,-0.06978086612107878,0.1393135601528207,0.35714105657745937,0.1656403798614566,0.21927934441140814,-0.12501452715332811,-0.027614258070077953,-0.19666629788934215,-0.07075398007337685,0.03958031428358288,0.009677261869750372,-0.023267053098433466,-0.03924253459066221,0.16860750274840194,0.08269271415704486,-0.2285592178653252,-0.11400263016197096,0.2234726055360404,0.07918843286134047,-0.08225105007703963,-0.062307354447635535,0.08351325071273559,0.28797611188534267,0.07575966771703248,0.12181559467323849,-0.28028446942396035,-0.027636709250955734,0.1979475775015221,-0.22482589071654885,0.054079554424695815,0.08205499090632579,-0.0535455544299163,-0.045204409092435414,-0.051252419188255544,-0.16610048810402753,-0.10406703137693749,0.2424018269661494,0.25085396868108345
0.01924919370278782,-0.3491200319432155,0.4754047807958682,0.019117850453455626,0.8858540853845621,-0.2540387340222748,-0.01781477348504435,1.0857591856036992,0.8349078267506966,0.19041645244494704,-0.11619056558342848,0.16709144249221625,0.23944619573216308,-0.4823171243672142,-0.02135085912881748,0.9165189438320475,0.8616632911981491,-0.38903795083712145,-0.172342276848469,0.7103013059113374,0.28250461097009094,-0.35892977769626755,0.06722452781412089,1.1764199936244273,0.5763296195594728,0.33370362308674983,0.10262778214522038,-0.04873612197937848,0.07575966771703248,0.9398281357953134,-0.027414273755226877,-0.7294580504738879,-0.4348866327904352,0.18530700786784532,-0.3001167923718955,0.7790884846056568,0.8036991462769906,1.0825913085212076,-0.03061094576250368,-0.3264888923743863,0.12310935673917411,-0.44660429792068973,0.1430330357996866,0.23114932082061013
-0.006144474787772297,1.0419607767228318,-0.5538517572686281,0.11745629435714969,0.6325948010104373,0.9627252342083162,-0.2355643530457925,0.8930002517428165,1.130153532662888,0.1124239990489236,0.994128069334012,-1.031125092851687,0.5134194673989738,-0.47154967724068747,-0.3424261258515548,-0.16124876350383824,0.4232365670803456,0.147134974891347,-0.036204829562256353,0.09218793347100297,0.39649885250366096,-1.6512545507368825,0.2595512605165158,0.12228199376318574,0.18053199354580354,-0.11004421589113667,-0.6132147867099313,-0.05865539039754446,0.12181559467323849,-0.027414273755226877,1.0669616062242508,-0.9242002527564095,0.9155342681203803,0.1077966997021614,-0.5316403030334892,0.49474212145014507,0.37193193969224575,0.03400441258214468,0.007419044453832878,-0.8074816758927,0.17917103906107545,-0.9056784543494453,0.08721036922019837,0.027613515452551
-0.12473323590855963,-0.6297409880206595,-0.040580904006445456,-0.12687067712263234,-1.6425632114606208,-0.8230835261238915,0.441504920631872,-2.819282504774105,-2.3121261180048167,-1.0974097207913958,-1.4023322627702948,0.9852153387885564,-0.7644415448044424,1.1134855611669645,0.3540781378474991,-1.1640244475666761,-1.4589579605728435,0.11575712991215105,-0.12415263452488662,-1.1691529050130718,-0.590239493078501,2.32563443739392,-0.5221775957798881,-1.6922634747721055,-0.5065258799615542,0.3503271342533474,0.7074976261513329,0.24058313470714865,-0.28028446942396035,-0.7294580504738879,-0.9242002527564095,2.5459481714841057,-0.5616959167875702,-0.14583433509156174,1.2082404611665056,-1.1396007048774255,-1.7344452914402675,-1.45354163097371,-0.10682425408148076,1.1064311249114809,-0.4242622790243087,2.414043566615806,0.12124976654366819,-0.766452126445069
-0.0439195201837878,0.9075021945512256,-0.6739172849144126,0.5474286166452681,0.23258275518656862,0.8860255866690504,0.2069578786527936,0.016842742450985968,0.2513361390403638,0.17749896697903053,0.9630748884871853,-1.2826785214992935,0.39296796712679055,-0.43620548492464223,-0.5623235979118807,-0.510206232465975,-0.11276418706338555,0.09120761837206096,0.3440669946957626,-0.45139137279830815,0.32830184112760524,-1.7203958286425012,0.12602358735818037,-1.2050108145711702,-0.3619987057514106,-0.6079887671706378,-0.7095929786751467,-0.43883658755083427,-0.027636709250955734,-0.4348866327904352,0.9155342681203803,-0.5616959167875702,1.5503684918309797,0.4020526187792623,-0.40144413429862524,-0.6145483826076928,0.34559759557402137,-0.5131556380121542,0.36331615841234777,-0.5780705170483738,0.16446108971556225,-0.5966450728031129,-0.24787792372458528,0.35119066111665465
0.01053439608706607,-0.031079951082130387,-0.0789510406006035,0.580093584534831,0.015492538369528368,-0.29106607369891974,0.5239150961453799,-0.4282272463592031,-0.19444965032783995,0.2809660000632318,0.07970494306329416,-0.4034341190050457,0.007290746736221041,-0.5644218902413662,-0.349378667455526,0.15614256129698298,0.08609447611004438,-0.229177211904605,-0.11180732525224597,-0.003061863173964688,0.2560256548750756,-0.5183168423251494,-0.35180105442748155,-0.523780590083885,0.09493544867081535,-0.19524027975547534,-0.33634267658037076,-0.5189467114962425,0.1979475775015221,0.18530700786784532,0.1077966997021614,-0.14583433509156174,0.4020526187792623,0.9137794832903191,-0.2358207156139058,-0.5691090260841872,0.47894743927418326,-0.20367269151779427,0.21648547088815814,-0.11746111207086468,-0.06298772788778992,0.4296411726431591,0.02695803687353941,0.4899043224946271
-0.12001716687477162,-0.40005169802486434,0.10062216881168161,-0.12045284787586985,-0.6580158053191831,-0.5177512337099905,0.2434942858887493,-1.2602431835889245,-1.1545564284346566,-0.5412546132765146,-0.784473020479587,0.5722323154822754,-0.3790678123097428,0.6138098294317571,0.32596602563511073,-0.45469095564964457,-0.5557603802273318,-0.0565618149153009,0.018721267773214846,-0.5122072252256955,-0.3071373857826516,1.2036064149883798,-0.1796024566435582,-0.7430947522602236,-0.2512139452734138,0.23683606335420693,0.39243327528631694,0.1974615753121442,-0.22482589071654885,-0.3001167923718955,-0.5316403030334892,1.2082404611665056,-0.40144413429862524,-0.2358207156139058,0.6928228704193844,-0.5388519539737991,-0.8729860871159131,-0.4747466325953705,-0.11199088947899476,0.5251417256708227,-0.10394127729422946,1.1096786971891872,-0.04579367289986856,-0.48492529208614954
0.025445502423682615,0.32826376359574133,0.24537189554626748,-1.0529724363275876,1.2899958426684819,0.5754390643718528,-1.068489157793955,2.325936968808893,2.065592758909445,0.07547699768743323,0.4054497187210301,0.2051371136036562,0.7710573490323186,-0.16601347724747184,-0.03230453275118319,0.7345286557280952,1.1646023254041742,0.3498433454011209,-0.6988354380551278,1.0661742677155308,0.15511000960936464,-0.4154920489523919,0.627847673055233,2.7772660573886796,0.9008114799487633,0.7469462297323097,-0.0020002781714337278,-0.016181538940809797,0.054079554424695815,0.7790884846056568,0.49474212145014507,-1.1396007048774255,-0.6145483826076928,-0.5691090260841872,-0.5388519539737991,2.5393872839636646,0.9383776107141801,1.1866219994827103,-0.28921301965209434,-0.6391189461914416,0.07738467972239355,-1.4103287617899523,0.267995083404051,-0.41611619604420796
-0.007551527442566566,0.0026412585968288676,0.33343632890835756,-0.026693298139213627,1.3833379636511167,0.12841264258911958,-0.16894911944124327,1.9258284990810415,1.4570631621603793,0.9704400324620234,0.6951345771548085,-0.4286469720135125,0.8207042899123962,-0.8466796140368498,-0.46888292362027134,1.1528194206252584,1.2467671421379405,-0.13761160800790825,-0.10193455264441761,1.0090384214886656,0.3890712509201775,-1.3825251034095567,0.390625378499517,1.5168358374438846,0.35390714521624245,-0.1976450878526482,-0.4929688259037593,-1.0012295004919105,0.08205499090632579,0.8036991462769906,0.37193193969224575,-1.7344452914402675,0.34559759557402137,0.47894743927418326,-0.8729860871159131,0.9383776107141801,2.0309550703338406,1.1567307059143985,0.32925786893402187,-0.6566529785055093,0.1678147120072708,-1.5792088161467457,-0.34127082956857197,0.681435769359674
-0.02224431406369411,-0.28341379812589074,0.692440432461854,-0.20384638096759783,1.4744605652923326,-0.1834796808657297,-0.16913372994784764,2.1935803379028043,1.4439083228395109,0.5529726950432952,0.17765146116284888,0.08603153069118134,0.35156459470913526,-0.5785316540950137,0.22201001988365454,1.3963372447416835,1.512259447077558,-0.471221309869536,-0.0949864264498052,1.1622781309194066,0.32042813986473656,-0.7185332654887189,0.41077758250653473,1.9164045389643236,0.7005575163560505,0.3200356006340265,-0.06344340165747624,0.10057554412032686,-0.0535455544299163,1.0825913085212076,0.03400441258214468,-1.45354163097371,-0.5131556380121542,-0.20367269151779427,-0.4747466325953705,1.1866219994827103,1.1567307059143985,1.8733169327288903,-0.1760923284150018,-0.6220615160718864,0.4731773533023736,-1.3726435428836539,-0.1662132165401824,0.17058596387277652
0.02103945588705936,-0.18713619399744394,-0.020183710695576368,0.18298552384945052,0.10333956189537875,0.159218290939583,0.04153848661361294,-0.16364944481078805,-0.22489285534028813,0.04941231227541087,0.05753007482460401,-0.13896610238620283,0.14709316354326296,-0.1395652276353448,-0.3901462072762404,-0.01205113248102656,-0.2928772380268581,0.07636272261270492,0.2805224611604801,-0.2408079413512533,0.02841985967853138,-0.2831724356678818,-0.045847334277702774,-0.5310921069962053,-0.22151159813165827,-0.31745076728363253,0.052632455854428946,-0.3707867121396979,-0.045204409092435414,-0.03061094576250368,0.007419044453832878,-0.10682425408148076,0.36331615841234777,0.21648547088815814,-0.11199088947899476,-0.28921301965209434,0.32925786893402187,-0.1760923284150018,0.4077086568924686,0.07962323416161392,-0.04292846406899061,-0.08168001160821722,-0.04487642942132319,0.4135887908455675
0.04165561415617465,-0.7175520397486789,0.18299482870394188,-0.06709763895364469,-0.9539915830069522,-0.559539280939078,0.09555865067435625,-1.3017636350718313,-1.2314571258032372,-0.2875198449417616,-0.7888544080876384,0.8129399630485478,-0.46171342639914387,0.590097343149588,0.1607114437288786,-0.3283242190470309,-0.8778459504582763,0.09958179554970938,0.13897321040976382,-0.4387776759178207,-0.4399780055477957,1.5011738643552597,-0.2984534185705667,-0.628671128645227,-0.40365398129791324,-0.04372576739074823,0.5832236454288002,0.06461634145876896,-0.051252419188255544,-0.3264888923743863,-0.8074816758927,1.1064311249114809,-0.5780705170483738,-0.11746111207086468,0.5251417256708227,-0.6391189461914416,-0.6566529785055093,-0.6220615160718864,0.07962323416161392,0.8511872244904465,-0.33639066254672645,1.0219076092775785,0.07191723825157924,-0.03834419453078824
-0.07705052531995592,0.09489763445750946,0.10108266407105145,-0.04490194230451261,0.5984490947144998,0.020261561835448093,0.12195534080239269,0.5711311398339151,0.1948888021926408,0.13858151911424527,0.18700624131138496,-0.2693642359156109,0.05278541138625796,-0.25475187565838636,0.07198175576156456,0.3131516994358108,0.4620631884143002,-0.07962159355780934,0.007490637211014853,0.1397034505354169,0.15965522695942883,-0.49549971321002045,0.12732794973297418,0.06399413029211382,0.21875932694274533,0.022523446260854518,-0.24219857857581042,0.08342575743787929,-0.16610048810402753,0.12310935673917411,0.17917103906107545,-0.4242622790243087,0.16446108971556225,-0.06298772788778992,-0.10394127729422946,0.07738467972239355,0.1678147120072708,0.4731773533023736,-0.04292846406899061,-0.33639066254672645,0.43228688667500803,-0.37194126514099124,-0.22070617680266336,-0.07328140370685193
-0.12248713084797082,-0.8076587950173787,-0.003417095249495208,0.27479287957529674,-1.5005824942062624,-1.202118685424989,0.8438005952426422,-3.08938316480107,-2.4626870969206505,-0.9938239714537269,-1.528835026395995,0.8381534211620911,-0.8678572383862876,0.6705643353775417,0.2574587440915734,-0.8811642664965625,-1.2595985066342,-0.14847982104563456,-0.21486443600085653,-1.1019530116131908,-0.410071865446561,2.1199468938817336,-0.8707025469645405,-1.949879479688837,-0.24329200142174856,0.3985006818319382,0.586280993125121,0.13705090265309197,-0.10406703137693749,-0.44660429792068973,-0.9056784543494453,2.414043566615806,-0.5966450728031129,0.4296411726431591,1.1096786971891872,-1.4103287617899523,-1.5792088161467457,-1.3726435428836539,-0.08168001160821722,1.0219076092775785,-0.37194126514099124,2.9297704639182274,0.3247532136454203,-0.507373051077278
0.1461450204515416,-0.02707230718495737,-0.13350296735892514,0.10586092459981225,-0.20896340413551717,0.1981736830679014,-0.18166035954444937,-0.16179845812236213,0.1812033171707919,-0.32736304537501865,-0.0867225831729,0.11805914465498515,-0.10369734385235524,-0.03396959575999342,-0.09710783091794035,-0.1261233411651197,-0.2729588524707745,0.05716345050174234,-0.037088759148421496,-0.09336018592285356,0.015411529148420271,0.12222396265159204,-0.22550173187773762,0.044224333591825385,0.17592040072333567,0.1489492861479904,0.2891969484374469,0.3866638655447958,0.2424018269661494,0.1430330357996866,0.08721036922019837,0.12124976654366819,-0.24787792372458528,0.02695803687353941,-0.04579367289986856,0.267995083404051,-0.34127082956857197,-0.1662132165401824,-0.04487642942132319,0.07191723825157924,-0.22070617680266336,0.3247532136454203,0.6028545722098595,0.10032432750319854
0.1895188130266153,-0.2303166605489407,0.038928268619202754,0.6006429899553128,0.14999385100005455,0.15675855516405646,0.12081470512187353,0.3434740596401893,0.25948808651725913,0.4865454656977417,0.36025988348478594,-0.32166959684800833,0.03995861271775373,-0.5613208545535977,-0.4322364577152132,0.3897255051684064,-0.05122580393622368,-0.1488829482769746,0.4119097625810673,0.11657863501332925,0.1814576827778099,-0.745954405438295,-0.16613518779444514,-0.24516538372670146,-0.1286594366943963,-0.5763002908973212,-0.03927337055382515,-0.23146894930281287,0.25085396868108345,0.23114932082061013,0.027613515452551,-0.766452126445069,0.35119066111665465,0.4899043224946271,-0.48492529208614954,-0.41611619604420796,0.681435769359674,0.17058596387277652,0.4135887908455675,-0.03834419453078824,-0.07328140370685193,-0.507373051077278,0.10032432750319854,0.9790004439779211
