V1,V2,V3,V4,V5,V6,V7,V8,V9,V10,V11,V12,V13,V14,V15,V16,V17,V18,V19,V20,V21,V22,V23,V24,V25,V26,V27,V28,V29,V30,V31,V32,V33,V34,V35,V36,V37,V38,V39,V40,V41,V42,V43,V44
25.652640988814472,-15.105871888713583,0.17368221741558307,17.5632575958965,-26.698436718136872,14.771729506976826,-21.932002018991206,17.424648850077975,30.169746584807992,6.449168900499841,7.731245633663419,14.250876840864963,-22.29164940801444,-17.792393152396198,-10.756076947386624,12.187909106674487,-26.014231315825736,7.162670488511977,2.86451582586982,13.180292888263757,1.3024273763450414,8.848793413720225,-22.725832394108977,28.585287688395205,14.38315264135733,-10.823773165090572,24.724337655584478,37.78773768779795,35.240177156665176,15.09661376940296,-9.671465307142835,-21.245464187851923,-33.57365886680211,8.915070778924816,-23.77661199782251,12.018547379057322,-10.798272325794098,-1.9787097596567522,1.2949049919763085,15.479233863052329,-22.18183449982605,-5.874667146739592,48.27540143696669,44.5421167133202
-15.105871888713583,9.175388955226797,-0.3920537991231739,-10.14536226648527,15.43837610103786,-8.581205623761678,13.06896997100199,-10.768422474352967,-17.99845316135008,-3.8401687300398732,-4.40672677180257,-8.702300727591428,13.111753796867083,10.431768589082797,6.166514142821047,-7.539928725213852,15.061240424017823,-4.148645852877318,-1.737419918808086,-8.027462422122197,-0.7062718907646676,-5.41806130016933,13.267425603439658,-17.414873608708305,-8.585623696254244,6.250330353661862,-14.776908905473187,-22.428140121141425,-20.68954300937366,-9.160718219561566,5.891378362222557,12.709754435587522,20.16548406830441,-4.96875506726277,13.997779512833505,-7.454563711085455,6.222342112893861,0.6498303529674379,-0.6878044393349974,-9.139826039104708,12.980907792144137,3.753906888116704,-28.431831593511966,-26.204653723899437
0.17368221741558307,-0.3920537991231739,0.3379093030024262,-0.08995111837630815,0.14512024050990335,-0.07967532246177729,-0.2797481518271697,0.7043048447389019,0.4851835622999196,0.09456734050728109,-0.11661971815967949,0.4389237564611246,-0.17926136306826015,-0.08529072632884953,0.16930918417220084,0.5224666876932959,0.1835990684726053,-0.07644112672456362,0.036663543480859345,0.4284263542828222,-0.02626245843846533,0.29286565549260185,-0.038066083511559254,0.878691175727903,0.28581372216729006,0.10993011750073266,0.385598816561382,0.5158088004224581,0.17666373246037434,0.42948623730715557,-0.27374393510643763,-0.36899646314102447,-0.7080880014328644,-0.24472770452598855,-0.1476554466144562,0.500185529793373,0.03284046676006658,0.6117067083808814,-0.12565697881932528,0.10221476037227277,-0.0230198928921606,-0.33537500094487016,0.3366045280493726,0.23432598271548136
17.5632575958965,-10.14536226648527,-0.08995111837630815,12.208501020010328,-18.503024631078663,10.257111563392519,-14.91307810133218,11.58083535554088,20.468537493854353,4.311141232625387,5.385856964921069,9.538687668599104,-15.353980877398593,-12.165382665440788,-7.3837375106598575,8.047746114444099,-18.04688769098358,4.913400804133155,2.0619124946707363,8.769638845501618,0.8967765899165989,5.9107704960220655,-15.639371641091468,19.040641516818575,9.713482245777234,-7.520858559995185,16.856315973563294,25.995525230025745,24.148906075287783,10.122534507629553,-6.496662415819181,-14.385420775334866,-22.731147406533555,6.142874600492756,-16.229014367718406,7.888588973216921,-7.68853820587329,-1.6601502984535987,0.8792726404857322,10.588305662567798,-15.196342215119207,-3.8502579549755662,33.09325405128301,30.490595189845227
-26.698436718136872,15.43837610103786,0.14512024050990335,-18.503024631078663,28.146044696928843,-15.542377767554179,22.70564735941142,-17.55696027040648,-31.160016784484004,-6.689461965080908,-8.218707895590953,-14.501690407547912,23.188733540675596,18.570269219097412,11.418609886432463,-12.254996250097001,27.440780154303823,-7.580207050051969,-2.9600024607112223,-13.406548456519696,-1.3583384931775404,-8.995525864676138,23.798261762402163,-29.13044243697991,-14.774844885945729,11.46055498828965,-25.538788817244107,-39.10235344918645,-36.77350318095397,-15.41923636635415,9.88275394877462,21.886239855924135,34.495616522847946,-9.594967444365713,24.783594620780907,-12.113923718311007,11.328371828581098,2.678011805084398,-1.4478149768728614,-16.134238334276727,23.259021334792788,5.822541122739113,-50.27912792917961,-46.4623566671605
14.771729506976826,-8.581205623761678,-0.07967532246177729,10.257111563392519,-15.542377767554179,8.822657561031653,-12.633580227056568,9.749630180399038,17.118878477297923,3.490214784188834,4.523457284351641,8.049319437889007,-12.92343882087569,-10.08600783381423,-6.194935677387103,6.672733122752412,-15.366249248034011,4.156851651244332,2.0228744577222235,7.197555776348486,0.6980355960178235,4.953357276032885,-13.067721047284925,15.745078416697975,7.990214239463084,-6.4282864733782334,14.345229850296398,22.051314936430526,20.200695070480002,8.418871684989165,-5.4746677149001375,-12.070518562143347,-19.04919024003959,4.886999166400472,-13.568050738388898,6.537746290453971,-6.647660560142866,-1.377794265282282,0.8174803379659822,8.961605109976613,-12.720741272853667,-3.3987544487986123,27.819190138272585,25.65076162070519
-21.932002018991206,13.06896997100199,-0.2797481518271697,-14.91307810133218,22.70564735941142,-12.633580227056568,18.878638036531342,-15.132371944823158,-25.90593271408917,-5.538650020721904,-6.5541533997533294,-12.34109186882124,19.007036692666574,15.168624251637674,9.167832866107839,-10.561988648658348,22.19743564726164,-6.1363599825919035,-2.530604186264947,-11.361291163496965,-1.0436256822415524,-7.658665624723591,19.361465993088995,-24.69926109569791,-12.276565480822237,9.25345735170137,-21.285502423211085,-32.34317039978002,-30.09617126380576,-13.022218865970153,8.376170779291886,18.260435391909812,28.85506300241308,-7.4687240081328135,20.3438753177,-10.465607269315893,9.112010790553056,1.4885064727531785,-1.1198538710370285,-13.285058672012646,18.97820888349119,5.221439257621535,-41.28137456463484,-38.12613628750335
17.424648850077975,-10.768422474352967,0.7043048447389019,11.58083535554088,-17.55696027040648,9.749630180399038,-15.132371944823158,12.896849847889488,20.97992147740703,4.424821606580823,4.953395411451871,10.282188095322356,-15.225025439846894,-12.001073449106787,-6.822379205057118,9.035946617076808,-17.045714433118587,4.62574010581297,2.0443868434500936,9.515678248098837,0.8090200181419523,6.404302287355591,-15.22181215670184,20.565927143509242,10.082452152397058,-7.036818496005485,17.20494685245489,26.259256415492583,23.812372208931112,10.817221224032549,-6.936812831684427,-14.832716078891004,-23.666015031561976,5.426086660396946,-16.092454853055074,8.862390414662363,-7.258600117210847,-0.20021828972655767,0.6063578374775928,10.492892254359976,-14.802356969748208,-4.541584925810481,32.81847573659429,30.107677538307495
30.169746584807992,-17.99845316135008,0.4851835622999196,20.468537493854353,-31.160016784484004,17.118878477297923,-25.90593271408917,20.97992147740703,35.837212489756794,7.78747667015651,8.986545632598379,17.037289228629426,-26.14932805109997,-21.02348697046012,-12.561574012881339,14.763908426704795,-30.222985565815332,8.378934923160484,3.163519402933406,15.92759726426513,1.497405329828142,10.610398881254124,-26.699918862608346,34.47328680036791,17.147529476554595,-12.565317265241108,29.158584012011794,44.36648407894508,41.5084996146693,18.115640285385208,-11.559394476511041,-25.21841894660588,-39.90286724042188,10.501277744964522,-28.08002889934221,14.62784200994576,-12.30297177217346,-1.889943339551936,1.4166906382460724,18.21137262600016,-26.136323990521284,-7.094110593029474,56.81451725539969,52.43007488634047
6.449168900499841,-3.8401687300398732,0.09456734050728109,4.311141232625387,-6.689461965080908,3.490214784188834,-5.538650020721904,4.424821606580823,7.78747667015651,1.9358252090439296,1.9706907583674214,3.6203251435751964,-5.369343458962213,-4.681843762776663,-2.9661359201081976,3.2414737803151112,-6.363606186406406,1.9214379704503566,0.2847229553615644,3.613829808192318,0.34708346850860805,2.283861530908663,-5.779377803191818,7.77747119981656,3.774221903601576,-2.6684141700132513,6.02456062135972,8.800015342646597,9.021234968712676,3.968032221606706,-2.46832604589026,-5.447540177845673,-8.477429761784476,2.7504752498463314,-6.210180257940266,3.355009393210006,-2.0213302044070764,-0.6160135063224121,0.4187522659821451,3.915882018251734,-5.837919463779158,-1.40051757853806,12.112669730066605,11.367258189100415
7.731245633663419,-4.40672677180257,-0.11661971815967949,5.385856964921069,-8.218707895590953,4.523457284351641,-6.5541533997533294,4.953395411451871,8.986545632598379,1.9706907583674214,2.4337434335876384,4.120904105065561,-6.666277113424279,-5.416105414725091,-3.4164843860619696,3.468226666975509,-8.014541291449046,2.253962343036603,0.7924562596371542,3.839847413590125,0.4086698389233684,2.5493836115713204,-6.925913311862916,8.352325961941089,4.25303286676296,-3.3628923759101164,7.3166930470553435,11.145475414212108,10.68427133972244,4.408702857967504,-2.811055898006393,-6.301916054178352,-9.868893137702822,2.927723436142609,-7.2193188610578805,3.459537681266194,-3.1929043573062215,-0.9515881422824133,0.4792645399591466,4.678038569992779,-6.80452874266895,-1.6143609000634955,14.551934023688137,13.503588899922939
14.250876840864963,-8.702300727591428,0.4389237564611246,9.538687668599104,-14.501690407547912,8.049319437889007,-12.34109186882124,10.282188095322356,17.037289228629426,3.6203251435751964,4.120904105065561,8.281389082259848,-12.396288164097948,-9.824140420989481,-5.7363910991247815,7.205229276127697,-14.114499955253713,3.8622553944414073,1.6490020140379342,7.646692543464719,0.6742742623945909,5.154292976124792,-12.488963519942843,16.55828905137271,8.145747799665681,-5.847236635090349,13.981092660537692,21.25760423298064,19.502455292447042,8.708727493498767,-5.593817183750943,-12.03168941572726,-19.134016764217115,4.607422265547663,-13.18420375335586,7.0950725897277795,-5.893038194726272,-0.4662659341238351,0.6012912044907458,8.607909027461204,-12.200854379791732,-3.597032197758599,26.819775329602127,24.68294528290171
-22.29164940801444,13.111753796867083,-0.17926136306826015,-15.353980877398593,23.188733540675596,-12.92343882087569,19.007036692666574,-15.225025439846894,-26.14932805109997,-5.369343458962213,-6.666277113424279,-12.396288164097948,19.68319442042012,15.343192660074736,8.984534828519665,-10.561227489312735,22.6199260993379,-6.056054324922935,-2.7923938515716418,-11.32047885634227,-1.1086909320953593,-7.699904176421085,19.751118682113525,-24.53703471019493,-12.494056222436722,9.369771111028605,-21.67215514452217,-33.64480987064768,-30.53116448939095,-13.086807501789544,8.413505136382447,18.40579698416288,29.318459501339387,-7.290049368668373,20.478826052523065,-10.248810650005476,10.048066701681083,1.4512236783589512,-0.8976066507932965,-13.40882890490281,19.014295663980192,5.142280875153039,-42.060523943748265,-38.53877701647889
-17.792393152396198,10.431768589082797,-0.08529072632884953,-12.165382665440788,18.570269219097412,-10.08600783381423,15.168624251637674,-12.001073449106787,-21.02348697046012,-4.681843762776663,-5.416105414725091,-9.824140420989481,15.343192660074736,12.542072884152214,7.650181771174807,-8.50729584398046,17.9512525181366,-5.070668347416264,-1.6235779783280357,-9.301990620137481,-0.9263347839947379,-6.134644886732681,15.88108820727083,-20.126509796065857,-10.11600654654539,7.473871512904678,-16.944056002570765,-25.74750851949197,-24.594297942661445,-10.54987796476775,6.68925982702571,14.759691136805158,23.257672280207636,-6.627905732887049,16.664240213936477,-8.492708981449905,7.082236471095545,1.5628022740228666,-0.924676598358561,-10.727720676901718,15.57041630032971,3.8992698908757424,-33.50799352756219,-31.0052456053541
-10.756076947386624,6.166514142821047,0.16930918417220084,-7.3837375106598575,11.418609886432463,-6.194935677387103,9.167832866107839,-6.822379205057118,-12.561574012881339,-2.9661359201081976,-3.4164843860619696,-5.7363910991247815,8.984534828519665,7.650181771174807,5.110758959806275,-4.879571874679728,11.125885233468532,-3.297694010109127,-0.791284970896184,-5.482055624910893,-0.6053868010006188,-3.562932266242812,9.631864736600708,-11.925859727542957,-5.95362816548723,4.690397043644635,-10.009517512008717,-14.720360608668724,-14.941877280260117,-6.16954608552695,3.903477370204191,8.821409442689067,13.610189927632621,-4.51543795494829,10.218603727880302,-5.02818464256858,3.7990875475894215,1.561257007862812,-0.8994975138585447,-6.557474995728504,9.697304981715885,2.193512664617004,-20.140397416659603,-18.94678434427134
12.187909106674487,-7.539928725213852,0.5224666876932959,8.047746114444099,-12.254996250097001,6.672733122752412,-10.561988648658348,9.035946617076808,14.763908426704795,3.2414737803151112,3.468226666975509,7.205229276127697,-10.561227489312735,-8.50729584398046,-4.879571874679728,6.432113581894909,-11.789053302505934,3.268837028760802,1.1764447962193034,6.823584333486054,0.612058202811698,4.514839520200386,-10.685581373709343,14.673616708028863,7.182035382664239,-4.8543363797548835,11.913349056138767,18.037217994629586,16.730164954129254,7.65510874377676,-4.85647010276067,-10.421164699408047,-16.590103084212593,4.063772372531449,-11.360878420048284,6.35679491135733,-4.76707388258672,-0.17803772566377377,0.4540318105839594,7.329940849919287,-10.442696720273394,-3.094460628368936,22.934811756177517,21.105942828941743
-26.014231315825736,15.061240424017823,0.1835990684726053,-18.04688769098358,27.440780154303823,-15.366249248034011,22.19743564726164,-17.045714433118587,-30.222985565815332,-6.363606186406406,-8.014541291449046,-14.114499955253713,22.6199260993379,17.9512525181366,11.125885233468532,-11.789053302505934,26.978028108048807,-7.422710762053902,-3.1844615241843255,-12.831529855292127,-1.2628532211728847,-8.727476808015258,23.123514710061677,-28.013124534342147,-14.197083833179821,11.289617321556927,-25.040407677160836,-38.30075453281101,-35.72444223098885,-14.8877704464548,9.618526443715588,21.26438274853822,33.493182112878934,-9.084158603123242,24.061521486072117,-11.652370708865822,11.267461575048726,2.6543567566605097,-1.4923595502070162,-15.781036157393528,22.60459339506832,5.790539135204533,-48.98969734576526,-45.2821152587959
7.162670488511977,-4.148645852877318,-0.07644112672456362,4.913400804133155,-7.580207050051969,4.156851651244332,-6.1363599825919035,4.62574010581297,8.378934923160484,1.9214379704503566,2.253962343036603,3.8622553944414073,-6.056054324922935,-5.070668347416264,-3.297694010109127,3.268837028760802,-7.422710762053902,2.1858167083899103,0.6278255579767019,3.6254540331179825,0.34322755603224236,2.4020335735643887,-6.422796312820148,7.938863146063422,3.9517386101191723,-3.131376067315779,6.760137136940206,10.052674923640257,9.931061912651424,4.139430039765741,-2.6452661398102797,-5.87898945264882,-9.150006412054113,2.847053816515707,-6.773198853847675,3.3573471411287334,-2.6780627225174176,-0.9306294350208508,0.5214101707601991,4.373641389986673,-6.410284393665809,-1.519286209572173,13.473505779931473,12.598481637012041
2.86451582586982,-1.737419918808086,0.036663543480859345,2.0619124946707363,-2.9600024607112223,2.0228744577222235,-2.530604186264947,2.0443868434500936,3.163519402933406,0.2847229553615644,0.7924562596371542,1.6490020140379342,-2.7923938515716418,-1.6235779783280357,-0.791284970896184,1.1764447962193034,-3.1844615241843255,0.6278255579767019,1.0896908123470221,1.0811036863933225,0.029302625576729757,0.9646200844798535,-2.382153661296657,2.491819673533574,1.2899854319271182,-1.3299017470677026,3.194330720225928,5.298499776690435,3.676999759194053,1.5104272785178565,-1.1175322304105333,-2.285857246017402,-3.7847216647745783,0.09578336857932522,-2.3316511224621332,0.9737205854948687,-2.134727087856564,0.09393973352930886,0.022037181918935965,1.7615764580416198,-2.1407702215013713,-0.9644383880098182,5.446520951449117,4.795771160894469
13.180292888263757,-8.027462422122197,0.4284263542828222,8.769638845501618,-13.406548456519696,7.197555776348486,-11.361291163496965,9.515678248098837,15.92759726426513,3.613829808192318,3.839847413590125,7.646692543464719,-11.32047885634227,-9.301990620137481,-5.482055624910893,6.823584333486054,-12.831529855292127,3.6254540331179825,1.0811036863933225,7.35488300029726,0.6918800035916683,4.797154944213351,-11.639196138331338,15.80049950478699,7.747663690813916,-5.307368171114628,12.698494511203476,19.11265524568078,18.19525844560622,8.201301153242397,-5.168601599510049,-11.20727521867369,-17.738895693291905,4.748715696098119,-12.383488420479434,6.807605429273403,-4.931231318599903,-0.5258493811906348,0.5770916913709554,7.933146031051881,-11.461922813104982,-3.1713908617895963,24.789445669889037,22.919716068074695
1.3024273763450414,-0.7062718907646676,-0.02626245843846533,0.8967765899165989,-1.3583384931775404,0.6980355960178235,-1.0436256822415524,0.8090200181419523,1.497405329828142,0.34708346850860805,0.4086698389233684,0.6742742623945909,-1.1086909320953593,-0.9263347839947379,-0.6053868010006188,0.612058202811698,-1.2628532211728847,0.34322755603224236,0.029302625576729757,0.6918800035916683,0.1696548541735592,0.41272345736075594,-1.1472554381194118,1.4132075633469192,0.7965293190297125,-0.5031519738725103,1.14052361420351,1.750644293788231,1.791962094788896,0.7269497975454476,-0.4211711590075187,-1.063589839835737,-1.638293072393056,0.5905710790190382,-1.2069579763437572,0.569398473122638,-0.4952733067521985,-0.17633499524326268,0.11549417639264845,0.744898239868109,-1.1040878550996684,-0.2035430745315608,2.3827650884576954,2.2252843076996847
8.848793413720225,-5.41806130016933,0.29286565549260185,5.9107704960220655,-8.995525864676138,4.953357276032885,-7.658665624723591,6.404302287355591,10.610398881254124,2.283861530908663,2.5493836115713204,5.154292976124792,-7.699904176421085,-6.134644886732681,-3.562932266242812,4.514839520200386,-8.727476808015258,2.4020335735643887,0.9646200844798535,4.797154944213351,0.41272345736075594,3.231066679423358,-7.77875959913282,10.374261402631692,5.103025239256423,-3.606407202242254,8.671234379332654,13.171447272546565,12.133847564157806,5.445275774842615,-3.489993735115843,-7.48318740137019,-11.921729301699004,2.907148605306036,-8.214212167725693,4.4606165390716495,-3.607242478373003,-0.2709859417836901,0.3529583908388922,5.350084969622893,-7.592233545797141,-2.2082406512421566,16.674125661929633,15.33983425413069
-22.725832394108977,13.267425603439658,-0.038066083511559254,-15.639371641091468,23.798261762402163,-13.067721047284925,19.361465993088995,-15.22181215670184,-26.699918862608346,-5.779377803191818,-6.925913311862916,-12.488963519942843,19.751118682113525,15.88108820727083,9.631864736600708,-10.685581373709343,23.123514710061677,-6.422796312820148,-2.382153661296657,-11.639196138331338,-1.1472554381194118,-7.77875959913282,20.266693163356216,-25.246729238749634,-12.762658272942156,9.630248675456139,-21.77345060980213,-33.329357651059425,-31.327624751153444,-13.32933181660337,8.508573387573117,18.747049517789513,29.62492775652554,-8.160987329188197,21.145983913389106,-10.582978403130706,9.502981729519638,2.007014302737939,-1.1343011970880994,-13.714414278077601,19.767475746880788,5.01158297025438,-42.83978008056773,-39.53428188299628
28.585287688395205,-17.414873608708305,0.878691175727903,19.040641516818575,-29.13044243697991,15.745078416697975,-24.69926109569791,20.565927143509242,34.47328680036791,7.77747119981656,8.352325961941089,16.55828905137271,-24.53703471019493,-20.126509796065857,-11.925859727542957,14.673616708028863,-28.013124534342147,7.938863146063422,2.491819673533574,15.80049950478699,1.4132075633469192,10.374261402631692,-25.246729238749634,34.07973137619674,16.658646023071856,-11.62260577312009,27.614564222052806,41.518349670538505,39.44006291698531,17.714444945020595,-11.219628084766526,-24.258283939823713,-38.38344780205993,10.206163331834242,-26.839852731145,14.688051871007437,-10.76887219064544,-1.2409164020056922,1.2885829034716791,17.253201703677977,-24.898709269348178,-6.928914681088503,53.796166456916225,49.75721249523678
14.38315264135733,-8.585623696254244,0.28581372216729006,9.713482245777234,-14.774844885945729,7.990214239463084,-12.276565480822237,10.082452152397058,17.147529476554595,3.774221903601576,4.25303286676296,8.145747799665681,-12.494056222436722,-10.11600654654539,-5.95362816548723,7.182035382664239,-14.197083833179821,3.9517386101191723,1.2899854319271182,7.747663690813916,0.7965293190297125,5.103025239256423,-12.762658272942156,16.658646023071856,8.384850959841678,-5.851993580188561,13.794807349902753,21.088466917469322,19.821554508710474,8.72660032546432,-5.504616173469645,-12.06568325317054,-19.14168796579624,5.140134732881834,-13.412696366263962,7.0847268681547835,-5.792905387465875,-0.8035382795297621,0.6120052406387283,8.614921502656653,-12.401428032812962,-3.2752815536215922,27.074867140881423,24.92972219542742
-10.823773165090572,6.250330353661862,0.10993011750073266,-7.520858559995185,11.46055498828965,-6.4282864733782334,9.25345735170137,-7.036818496005485,-12.565317265241108,-2.6684141700132513,-3.3628923759101164,-5.847236635090349,9.369771111028605,7.473871512904678,4.690397043644635,-4.8543363797548835,11.289617321556927,-3.131376067315779,-1.3299017470677026,-5.307368171114628,-0.5031519738725103,-3.606407202242254,9.630248675456139,-11.62260577312009,-5.851993580188561,4.748590501425366,-10.408380389921717,-15.847865523609544,-14.881233473844697,-6.16930517736975,3.9946493297215446,8.832818064001613,13.872838985560612,-3.8289276009414706,10.036011788081296,-4.830533450411171,4.625343053317947,1.1948549512845388,-0.6588616956838546,-6.5876038202413705,9.467834417550355,2.413102114008512,-20.384906229378917,-18.887987931168762
24.724337655584478,-14.776908905473187,0.385598816561382,16.856315973563294,-25.538788817244107,14.345229850296398,-21.285502423211085,17.20494685245489,29.158584012011794,6.02456062135972,7.3166930470553435,13.981092660537692,-21.67215514452217,-16.944056002570765,-10.009517512008717,11.913349056138767,-25.040407677160836,6.760137136940206,3.194330720225928,12.698494511203476,1.14052361420351,8.671234379332654,-21.77345060980213,27.614564222052806,13.794807349902753,-10.408380389921717,24.228965199921138,37.178228039582336,33.80779078074252,14.669828192737791,-9.48377944105744,-20.56371769585711,-32.68254720417224,7.924624228384014,-22.757765850446415,11.665623947390895,-10.828963452944045,-1.369104990984827,1.0952319850751682,14.963469981984685,-21.155230200804965,-6.014560514080726,46.60803100993187,42.83766058968538
37.78773768779795,-22.428140121141425,0.5158088004224581,25.995525230025745,-39.10235344918645,22.051314936430526,-32.34317039978002,26.259256415492583,44.36648407894508,8.800015342646597,11.145475414212108,21.25760423298064,-33.64480987064768,-25.74750851949197,-14.720360608668724,18.037217994629586,-38.30075453281101,10.052674923640257,5.298499776690435,19.11265524568078,1.750644293788231,13.171447272546565,-33.329357651059425,41.518349670538505,21.088466917469322,-15.847865523609544,37.178228039582336,58.099584052205834,51.548022498000726,22.27681382913163,-14.427366429911965,-31.275140027574107,-50.063052168135265,11.491796858984932,-34.459493086280936,17.35226052938077,-17.72498368898717,-1.815662014705095,1.270756159491126,22.723832878866475,-31.89385928822529,-9.10096520204245,71.38316499167205,65.1280164403017
35.240177156665176,-20.68954300937366,0.17666373246037434,24.148906075287783,-36.77350318095397,20.200695070480002,-30.09617126380576,23.812372208931112,41.5084996146693,9.021234968712676,10.68427133972244,19.502455292447042,-30.53116448939095,-24.594297942661445,-14.941877280260117,16.730164954129254,-35.72444223098885,9.931061912651424,3.676999759194053,18.19525844560622,1.791962094788896,12.133847564157806,-31.327624751153444,39.44006291698531,19.821554508710474,-14.881233473844697,33.80779078074252,51.548022498000726,48.5479015475238,20.77168866775728,-13.260218666183205,-29.180619505646227,-46.05503841391282,12.608917819250491,-32.80261909013624,16.585871123732012,-14.530718937251415,-2.9327671399232424,1.8061886380524148,21.274296943414438,-30.654939948928593,-7.922232084071431,66.35397417696711,61.30546400969646
15.09661376940296,-9.160718219561566,0.42948623730715557,10.122534507629553,-15.41923636635415,8.418871684989165,-13.022218865970153,10.817221224032549,18.115640285385208,3.968032221606706,4.408702857967504,8.708727493498767,-13.086807501789544,-10.54987796476775,-6.16954608552695,7.65510874377676,-14.8877704464548,4.139430039765741,1.5104272785178565,8.201301153242397,0.7269497975454476,5.445275774842615,-13.32933181660337,17.714444945020595,8.72660032546432,-6.16930517736975,14.669828192737791,22.27681382913163,20.77168866775728,9.27929025281485,-5.905556131738801,-12.749465913322712,-20.25026550138084,5.172699558874505,-14.07907008176942,7.592802034208467,-6.024047082224501,-0.6196543535637908,0.6167682607064205,9.103301546340813,-13.042121247142608,-3.672412072379451,28.44980345694311,26.211472718819586
-9.671465307142835,5.891378362222557,-0.27374393510643763,-6.496662415819181,9.88275394877462,-5.4746677149001375,8.376170779291886,-6.936812831684427,-11.559394476511041,-2.46832604589026,-2.811055898006393,-5.593817183750943,8.413505136382447,6.68925982702571,3.903477370204191,-4.85647010276067,9.618526443715588,-2.6452661398102797,-1.1175322304105333,-5.168601599510049,-0.4211711590075187,-3.489993735115843,8.508573387573117,-11.219628084766526,-5.504616173469645,3.9946493297215446,-9.48377944105744,-14.427366429911965,-13.260218666183205,-5.905556131738801,3.8039001865183812,8.150510556984528,12.965744337956114,-3.1541106409321458,8.96841337558995,-4.804163738423705,3.9938343837112806,0.3641926135749323,-0.39127514460484675,-5.852888140636259,8.319155328009549,2.4209323935927016,-18.232416159335003,-16.777569693869417
-21.245464187851923,12.709754435587522,-0.36899646314102447,-14.385420775334866,21.886239855924135,-12.070518562143347,18.260435391909812,-14.832716078891004,-25.21841894660588,-5.447540177845673,-6.301916054178352,-12.03168941572726,18.40579698416288,14.759691136805158,8.821409442689067,-10.421164699408047,21.26438274853822,-5.87898945264882,-2.285857246017402,-11.20727521867369,-1.063589839835737,-7.48318740137019,18.747049517789513,-24.258283939823713,-12.06568325317054,8.832818064001613,-20.56371769585711,-31.275140027574107,-29.180619505646227,-12.749465913322712,8.150510556984528,17.78318049748581,28.11773785778822,-7.3019452441185715,19.736968482198566,-10.30477048081613,8.696074403574292,1.2576637653591127,-1.0174806803386676,-12.815766540729228,18.346968205189935,5.054181277775438,-39.9655344207107,-36.882259524412376
-33.57365886680211,20.16548406830441,-0.7080880014328644,-22.731147406533555,34.495616522847946,-19.04919024003959,28.85506300241308,-23.666015031561976,-39.90286724042188,-8.477429761784476,-9.868893137702822,-19.134016764217115,29.318459501339387,23.257672280207636,13.610189927632621,-16.590103084212593,33.493182112878934,-9.150006412054113,-3.7847216647745783,-17.738895693291905,-1.638293072393056,-11.921729301699004,29.62492775652554,-38.38344780205993,-19.14168796579624,13.872838985560612,-32.68254720417224,-50.063052168135265,-46.05503841391282,-20.25026550138084,12.965744337956114,28.11773785778822,44.70858985168825,-11.168216024473336,31.072209455667156,-16.29630534818608,14.154980891804886,1.6242284198233718,-1.3804730252987685,-20.22444789402603,28.799846239972435,8.0689957917883,-63.26237193458889,-58.15291256339117
8.915070778924816,-4.96875506726277,-0.24472770452598855,6.142874600492756,-9.594967444365713,4.886999166400472,-7.4687240081328135,5.426086660396946,10.501277744964522,2.7504752498463314,2.927723436142609,4.607422265547663,-7.290049368668373,-6.627905732887049,-4.51543795494829,4.063772372531449,-9.084158603123242,2.847053816515707,0.09578336857932522,4.748715696098119,0.5905710790190382,2.907148605306036,-8.160987329188197,10.206163331834242,5.140134732881834,-3.8289276009414706,7.924624228384014,11.491796858984932,12.608917819250491,5.172699558874505,-3.1541106409321458,-7.3019452441185715,-11.168216024473336,4.453056398553956,-8.695060827849511,4.291373170758868,-2.6064961102951836,-1.6507686595585747,0.7878737404050534,5.392904754417703,-8.294513273334848,-1.4830247938131738,16.691939238933525,15.824389225033686
-23.77661199782251,13.997779512833505,-0.1476554466144562,-16.229014367718406,24.783594620780907,-13.568050738388898,20.3438753177,-16.092454853055074,-28.08002889934221,-6.210180257940266,-7.2193188610578805,-13.18420375335586,20.478826052523065,16.664240213936477,10.218603727880302,-11.360878420048284,24.061521486072117,-6.773198853847675,-2.3316511224621332,-12.383488420479434,-1.2069579763437572,-8.214212167725693,21.145983913389106,-26.839852731145,-13.412696366263962,10.036011788081296,-22.757765850446415,-34.459493086280936,-32.80261909013624,-14.07907008176942,8.96841337558995,19.736968482198566,31.072209455667156,-8.695060827849511,22.234484015438532,-11.344903053747046,9.487880318349697,2.0318640839769606,-1.2953609736667995,-14.38217399612211,20.79387386170535,5.348549623141129,-44.75026357120303,-41.45085251183055
12.018547379057322,-7.454563711085455,0.500185529793373,7.888588973216921,-12.113923718311007,6.537746290453971,-10.465607269315893,8.862390414662363,14.62784200994576,3.355009393210006,3.459537681266194,7.0950725897277795,-10.248810650005476,-8.492708981449905,-5.02818464256858,6.35679491135733,-11.652370708865822,3.3573471411287334,0.9737205854948687,6.807605429273403,0.569398473122638,4.4606165390716495,-10.582978403130706,14.688051871007437,7.0847268681547835,-4.830533450411171,11.665623947390895,17.35226052938077,16.585871123732012,7.592802034208467,-4.804163738423705,-10.30477048081613,-16.29630534818608,4.291373170758868,-11.344903053747046,6.420253303921531,-4.30062314007433,-0.34813704852544414,0.55239658992244145,7.27883286168035,-10.493547555891732,-3.020206495728147,22.61872547255226,20.9606077559854
-10.798272325794098,6.222342112893861,0.03284046676006658,-7.68853820587329,11.328371828581098,-6.647660560142866,9.112010790553056,-7.258600117210847,-12.30297177217346,-2.0213302044070764,-3.1929043573062215,-5.893038194726272,10.048066701681083,7.082236471095545,3.7990875475894215,-4.76707388258672,11.267461575048726,-2.6780627225174176,-2.134727087856564,-4.931231318599903,-0.4952733067521985,-3.607242478373003,9.502981729519638,-10.76887219064544,-5.792905387465875,4.625343053317947,-10.828963452944045,-17.72498368898717,-14.530718937251415,-6.024047082224501,3.9938343837112806,8.696074403574292,14.154980891804886,-2.6064961102951836,9.487880318349697,-4.30062314007433,6.25791997864635,0.48676881726481863,-0.17274341954472164,-6.430597875158598,8.720869499449163,2.5644420893387414,-20.47652425230306,-18.34106045668544
-1.9787097596567522,0.6498303529674379,0.6117067083808814,-1.6601502984535987,2.678011805084398,-1.377794265282282,1.4885064727531785,-0.20021828972655767,-1.889943339551936,-0.6160135063224121,-0.9515881422824133,-0.4662659341238351,1.4512236783589512,1.5628022740228666,1.561257007862812,-0.17803772566377377,2.6543567566605097,-0.9306294350208508,0.09393973352930886,-0.5258493811906348,-0.17633499524326268,-0.2709859417836901,2.007014302737939,-1.2409164020056922,-0.8035382795297621,1.1948549512845388,-1.369104990984827,-1.815662014705095,-2.9327671399232424,-0.6196543535637908,0.3641926135749323,1.2576637653591127,1.6242284198233718,-1.6507686595585747,2.0318640839769606,-0.34813704852544414,0.48676881726481863,1.518891518843337,-0.5070120545237459,-1.2509487084099125,2.172633046373602,-0.1521393571698459,-3.667603353271525,-3.724732699346324
1.2949049919763085,-0.6878044393349974,-0.12565697881932528,0.8792726404857322,-1.4478149768728614,0.8174803379659822,-1.1198538710370285,0.6063578374775928,1.4166906382460724,0.4187522659821451,0.4792645399591466,0.6012912044907458,-0.8976066507932965,-0.924676598358561,-0.8994975138585447,0.4540318105839594,-1.4923595502070162,0.5214101707601991,0.022037181918935965,0.5770916913709554,0.11549417639264845,0.3529583908388922,-1.1343011970880994,1.2885829034716791,0.6120052406387283,-0.6588616956838546,1.0952319850751682,1.270756159491126,1.8061886380524148,0.6167682607064205,-0.39127514460484675,-1.0174806803386676,-1.3804730252987685,0.7878737404050534,-1.2953609736667995,0.55239658992244145,-0.17274341954472164,-0.5070120545237459,0.34220306508402804,0.8354893002870254,-1.302939488271966,-0.215989322229587,2.322323278254631,2.386662974692117
15.479233863052329,-9.139826039104708,0.10221476037227277,10.588305662567798,-16.134238334276727,8.961605109976613,-13.285058672012646,10.492892254359976,18.21137262600016,3.915882018251734,4.678038569992779,8.607909027461204,-13.40882890490281,-10.727720676901718,-6.557474995728504,7.329940849919287,-15.781036157393528,4.373641389986673,1.7615764580416198,7.933146031051881,0.744898239868109,5.350084969622893,-13.714414278077601,17.253201703677977,8.614921502656653,-6.5876038202413705,14.963469981984685,22.723832878866475,21.274296943414438,9.103301546340813,-5.852888140636259,-12.815766540729228,-20.22444789402603,5.392904754417703,-14.38217399612211,7.27883286168035,-6.430597875158598,-1.2509487084099125,0.8354893002870254,9.395795036780045,-13.45526435259517,-3.5837195502494272,29.1492187077763,26.955295825049344
-22.18183449982605,12.980907792144137,-0.0230198928921606,-15.196342215119207,23.259021334792788,-12.720741272853667,18.97820888349119,-14.802356969748208,-26.136323990521284,-5.837919463779158,-6.80452874266895,-12.200854379791732,19.014295663980192,15.57041630032971,9.697304981715885,-10.442696720273394,22.60459339506832,-6.410284393665809,-2.1407702215013713,-11.461922813104982,-1.1040878550996684,-7.592233545797141,19.767475746880788,-24.898709269348178,-12.401428032812962,9.467834417550355,-21.155230200804965,-31.89385928822529,-30.654939948928593,-13.042121247142608,8.319155328009549,18.346968205189935,28.799846239972435,-8.294513273334848,20.79387386170535,-10.493547555891732,8.720869499449163,2.172633046373602,-1.302939488271966,-13.45526435259517,19.54676066140641,4.91894721718508,-41.741123945391784,-38.76505478656489
-5.874667146739592,3.753906888116704,-0.33537500094487016,-3.8502579549755662,5.822541122739113,-3.3987544487986123,5.221439257621535,-4.541584925810481,-7.094110593029474,-1.40051757853806,-1.6143609000634955,-3.597032197758599,5.142280875153039,3.8992698908757424,2.193512664617004,-3.094460628368936,5.790539135204533,-1.519286209572173,-0.9644383880098182,-3.1713908617895963,-0.2035430745315608,-2.2082406512421566,5.01158297025438,-6.928914681088503,-3.2752815536215922,2.413102114008512,-6.014560514080726,-9.10096520204245,-7.922232084071431,-3.672412072379451,2.4209323935927016,5.054181277775438,8.0689957917883,-1.4830247938131738,5.348549623141129,-3.020206495728147,2.5644420893387414,-0.1521393571698459,-0.215989322229587,-3.5837195502494272,4.91894721718508,1.7851833775223371,-11.047764849447958,-10.135305511146274
48.27540143696669,-28.431831593511966,0.3366045280493726,33.09325405128301,-50.27912792917961,27.819190138272585,-41.28137456463484,32.81847573659429,56.81451725539969,12.112669730066605,14.551934023688137,26.819775329602127,-42.060523943748265,-33.50799352756219,-20.140397416659603,22.934811756177517,-48.98969734576526,13.473505779931473,5.446520951449117,24.789445669889037,2.3827650884576954,16.674125661929633,-42.83978008056773,53.796166456916225,27.074867140881423,-20.384906229378917,46.60803100993187,71.38316499167205,66.35397417696711,28.44980345694311,-18.232416159335003,-39.9655344207107,-63.26237193458889,16.691939238933525,-44.75026357120303,22.61872547255226,-20.47652425230306,-3.667603353271525,2.322323278254631,29.1492187077763,-41.741123945391784,-11.047764849447958,90.97577773729776,83.8478107408259
44.5421167133202,-26.204653723899437,0.23432598271548136,30.490595189845227,-46.4623566671605,25.65076162070519,-38.12613628750335,30.107677538307495,52.43007488634047,11.367258189100415,13.503588899922939,24.68294528290171,-38.53877701647889,-31.0052456053541,-18.94678434427134,21.105942828941743,-45.2821152587959,12.598481637012041,4.795771160894469,22.919716068074695,2.2252843076996847,15.33983425413069,-39.53428188299628,49.75721249523678,24.92972219542742,-18.887987931168762,42.83766058968538,65.1280164403017,61.30546400969646,26.211472718819586,-16.777569693869417,-36.882259524412376,-58.15291256339117,15.824389225033686,-41.45085251183055,20.9606077559854,-18.34106045668544,-3.724732699346324,2.386662974692117,26.955295825049344,-38.76505478656489,-10.135305511146274,83.8478107408259,77.54540424278153
