V1,V2,V3,V4,V5,V6,V7,V8,V9,V10,V11,V12,V13,V14,V15,V16,V17,V18,V19,V20,V21,V22,V23,V24,V25,V26,V27,V28,V29,V30,V31,V32,V33,V34,V35,V36,V37,V38,V39,V40,V41,V42,V43,V44
4.530400926822012,2.081741915654617,5.875394406706118,5.350500467898038,0.7600525964343524,5.517075267683478,3.2874935105043073,-1.401746802666114,3.480956507074905,-0.9541377959665759,4.474397064565072,2.264051450557237,1.076218512506998,8.859122778131743,-0.8563922081964599,-2.968818800795008,-3.0486963836168766,1.4549859543030663,0.4687588852593909,0.5389229912363972,3.9618746365776447,-1.6076363045332893,3.030304572882468,-6.786113960197356,0.34909216229485174,-4.067902535897873,0.6043472367415519,-3.9913604187644127,-7.578001010996166,5.199609070626672,0.3211820088239073,3.4030052453742736,-4.64137654736348,-3.105851097208018,-5.636449750623942,5.661147220681537,2.511286436804881,-1.6910138489187037,0.11565804588869062,0.571032654917283,0.0359265643973653,-1.0417212814593746,-5.112339363408017,-2.414892576628903
2.081741915654617,2.285122213951133,3.174129227411634,2.7576821265020994,0.4524644310194274,3.3424528981883257,1.6643400484949589,-1.3823234049299957,2.126826147866547,-1.093211847644031,2.263125724270608,1.07827086753935,1.0915173978243988,4.8592802516387525,-1.1443513379634704,-1.5859748496546262,-1.3232139957933144,1.0849895823975442,0.04930950847576449,1.2480134100689304,2.340902564460849,-0.8315390164975112,1.3648934068995775,-4.292116119443632,0.2572986123510896,-3.32518843069477,0.1842919269371535,-2.6957222294780023,-5.493418427334507,3.361610230851554,0.3718926537278391,1.522183110855092,-3.680146060371303,-2.400920036750426,-3.0199199445418037,3.0112616360222146,1.927939893361451,-1.6515687994742003,-0.14437553260841812,0.4301025463267455,-0.5028996896506671,-1.2590655272294637,-2.7478014805582003,-1.5914051870920842
5.875394406706118,3.174129227411634,9.715107227142772,7.975967440203766,0.4034658424709921,8.158508347625553,5.177888286880232,-2.342640585907059,5.659130081415552,-1.0552988581839071,6.420832814851901,2.4686553165729475,2.2075454112292503,13.524795050391223,-1.829659057514132,-5.418735751299007,-4.33537166034829,2.8244540839417933,0.5549854860904049,1.6982882503069197,6.279027618594389,-1.9137657189595818,4.151971973986372,-10.45087333714942,0.837363780151439,-6.4726091269385275,0.947377878300283,-5.84926943972882,-11.515915544665129,7.908830616434383,-0.31777832150787566,5.740402174640742,-7.165501765015296,-4.418797306968614,-8.90701122090165,9.259021846599452,4.900151628201724,-2.0578618761885563,0.8674206458127497,1.0318369930510982,0.42275400021539833,-2.5693849928727506,-7.985997627838463,-3.7672403087833235
5.350500467898038,2.7576821265020994,7.975967440203766,6.875445573701302,0.5556142005493594,7.099116041441935,4.33045438597734,-1.9723182720587829,4.702138286700139,-1.0161394004451705,5.508679393826194,2.4810089962694364,1.7104722451396879,11.52005987221847,-1.4263966078416697,-4.350230113907033,-3.7244519817125386,2.2025506329721303,0.3943750059500061,1.181942096903441,5.337956615419569,-1.756828290284688,3.6907352239058353,-8.871708599291297,0.6222773398279077,-5.39929631312907,0.7777852776322386,-4.991958057592527,-9.841766594385511,6.7972956834493985,-0.035725444372406545,4.739081095776294,-6.0402692336366295,-3.949476076316045,-7.540014959916151,7.673764510730093,3.8314490162624018,-1.876500502366106,0.4496280008130863,0.8631355625085189,0.2718683383701925,-1.8310513037128855,-6.671028245666331,-3.146908699959854
0.7600525964343524,0.4524644310194274,0.4034658424709921,0.5556142005493594,0.5389863832092315,0.6132568966757307,0.29197283420910286,-0.21216076615854199,0.32274895414102467,-0.5068046527002001,0.7886111332354135,0.4532032057572988,0.010529513881502603,1.021391154830649,0.017085859122948677,0.13177391465756036,-0.5262310546773109,0.0640591907872192,0.3951117544381486,-0.012176297840061589,0.16745890463808252,-0.4394371078159137,0.39533923388762465,-0.8909035840209015,-0.09470744476235494,-0.789807601389262,0.10095172868750012,-0.855197183964302,-1.251405551624102,0.6210587374040203,0.5083959879177573,-0.040957567170149756,-0.9483376366241885,-0.4434669666853921,-0.32332184904530764,0.35467379160452633,0.021863943330696415,-0.7328262381228685,-0.19198628566482198,-0.052137901233916185,-0.37639560993847465,0.002424634150702696,-0.6566851229596122,-0.40946388489354274
5.517075267683478,3.3424528981883257,8.158508347625553,7.099116041441935,0.6132568966757307,7.634630648533217,4.38534086999598,-2.271593365805862,4.9214304738404335,-1.2690377966691493,5.577688129210153,2.6398453640203647,1.8894980817602038,11.9047105915133,-1.7600414632764347,-4.455673103033697,-3.678176610408949,2.3152290988973414,0.18212230932526177,1.4975339092417286,5.67417939273541,-1.8314552592143583,3.7700014749411404,-9.394913625373224,0.6512796086452222,-5.943159114343613,0.6995282520287149,-5.319839235608257,-10.72686350484612,7.294769542736483,0.07814804865043162,4.7323039977501695,-6.632233160275711,-4.529226037622122,-7.831042107311873,7.833106944175451,4.065723013821991,-2.2131894778484735,0.23182019000579118,0.9586172445791149,0.08024151238510001,-2.043110395525176,-6.805207797796973,-3.3418361803178684
3.2874935105043073,1.6643400484949589,5.177888286880232,4.33045438597734,0.29197283420910286,4.38534086999598,2.8170850606264826,-1.2142713755143477,3.0179385715781253,-0.5924513418577324,3.556611704520991,1.4516023706524621,1.136519215078772,7.3285101233553025,-0.8825008991532334,-2.8336720502570154,-2.4170150332769564,1.4487693566520032,0.3692449315956546,0.7832910611711016,3.3583596783938776,-1.0923114457680565,2.303721457704734,-5.6400989912679265,0.420696396280478,-3.4241630983975933,0.5181719410684607,-3.166557320151409,-6.159630114549353,4.257629794827457,-0.09566573254186893,3.0728920373820037,-3.8272482083987507,-2.35786987277059,-4.772621049823478,4.9578654701953875,2.5248765440827907,-1.1514573598134936,0.45019531220107534,0.522453755404021,0.2060650532102207,-1.2651788852136907,-4.31048192609971,-1.9954061696213585
-1.401746802666114,-1.3823234049299957,-2.342640585907059,-1.9723182720587829,-0.21216076615854199,-2.271593365805862,-1.2142713755143477,0.9290851598704687,-1.5215663874544958,0.5917596149829366,-1.5288536385076559,-0.6546682144826531,-0.7622951422829819,-3.488845822299067,0.7559383642438905,1.276110506066842,0.9373920378155517,-0.823886384238802,-0.01443310679280828,-0.8437964175262619,-1.6502122152180527,0.47117572598629803,-0.9413067680120689,2.9467402343264095,-0.2186671656375624,2.1749689278140223,-0.18814234724662668,1.7442307314446244,3.6212498140669394,-2.291059175576573,-0.08998198265195428,-1.2518301743054443,2.381811461684188,1.5055090994815938,2.224976017875065,-2.255599688264431,-1.4309222343990413,0.9147260386616654,-0.017885783072114712,-0.31501338117228683,0.16441999028888563,0.874203633858342,1.9826163123841116,1.082526150132136
3.480956507074905,2.126826147866547,5.659130081415552,4.702138286700139,0.32274895414102467,4.9214304738404335,3.0179385715781253,-1.5215663874544958,3.3741004026698054,-0.7824076299551365,3.7798837587216476,1.5197242316618333,1.3675622863042405,8.03527301278254,-1.1819853067608541,-3.1214121867938394,-2.517491109429762,1.6930137351077215,0.2949501404471186,1.1417881641059977,3.7305407011185685,-1.143840952988851,2.4241556924733585,-6.317686661027153,0.4849027455170381,-4.0484967700358,0.5356198026659954,-3.5774010759477943,-7.115326865419605,4.8081984896648144,-0.08050462351586889,3.279144587927041,-4.4814987130450605,-2.7914149423456838,-5.237609006177483,5.407693053353841,2.933016504152505,-1.414675611304897,0.4010267786224694,0.6225772263777433,0.11813700789405324,-1.5723650087814975,-4.699797155977772,-2.275030751971474
-0.9541377959665759,-1.093211847644031,-1.0552988581839071,-1.0161394004451705,-0.5068046527002001,-1.2690377966691493,-0.5924513418577324,0.5917596149829366,-0.7824076299551365,0.7530798777916126,-1.107216930583816,-0.5386681192448369,-0.37538171905691986,-1.888570850155621,0.3789711770178749,0.2628356766600583,0.6479407496271112,-0.361146379169508,-0.3006463512416132,-0.4806714845813262,-0.6927215755229625,0.526234890149879,-0.553307718346649,1.7778018001832485,-0.003788333276505147,1.5956838864405423,-0.09283905789803033,1.3900482790763251,2.4808006929560724,-1.3329943156394215,-0.5058832399567468,-0.26279067062382366,1.805207723604869,1.0005048864231698,0.9167838346787298,-0.9623417755248722,-0.5878404467208673,1.090314255035749,0.18578698880509142,-0.08129810380573134,0.5141160706476093,0.4536528639577148,1.1348934701602482,0.7348621157424103
4.474397064565072,2.263125724270608,6.420832814851901,5.508679393826194,0.7886111332354135,5.577688129210153,3.556611704520991,-1.5288536385076559,3.7798837587216476,-1.107216930583816,4.886664430803993,2.0552353977716433,1.3118009443043375,9.370480177460477,-0.9690539920170178,-3.1776197857645285,-3.3160044740235084,1.7205548384857787,0.8455350855490803,0.852288225572596,4.031227624157553,-1.69469253228636,3.0383666652179375,-7.294067917432077,0.40447597247487327,-4.626751201110392,0.6894936407382487,-4.437538073146656,-8.175071201680103,5.431780860593175,0.324343147456151,3.5465401881970644,-5.233276428023741,-3.0612847456148087,-5.801560830865166,6.084347952331018,2.9304969741726783,-1.971202095967332,0.41467297858737884,0.5480737043391528,-0.08890492344829039,-1.4824169037322503,-5.6047080365920925,-2.6757369571918104
2.264051450557237,1.07827086753935,2.4686553165729475,2.4810089962694364,0.4532032057572988,2.6398453640203647,1.4516023706524621,-0.6546682144826531,1.5197242316618333,-0.5386681192448369,2.0552353977716433,1.3120726645695546,0.42646144525908447,4.023305300852643,-0.34292028182416384,-1.176753975422155,-1.3837343710641221,0.5204076604041665,0.12219737406780971,0.11556450524094869,1.8536177991246194,-0.8173900794311997,1.4743730348921427,-3.1182188791652403,0.11062680900575879,-1.8145926472262452,0.22451192098559616,-1.8287951605248045,-3.543719779887612,2.4559654422299033,0.3010807885306919,1.4511719404656322,-2.1187743618069153,-1.6062517113549457,-2.542805966870876,2.431852086616658,0.9391813226869472,-0.900531266158155,-0.14815411342623067,0.26484569804744873,-0.07225668463064268,-0.2748383823354715,-2.202348132523883,-1.0411873076349896
1.076218512506998,1.0915173978243988,2.2075454112292503,1.7104722451396879,0.010529513881502603,1.8894980817602038,1.136519215078772,-0.7622951422829819,1.3675622863042405,-0.37538171905691986,1.3118009443043375,0.42646144525908447,0.7445933095868782,3.0384650451290205,-0.673657805128084,-1.2931970643121349,-0.8039710395112537,0.777241056049873,0.007147896894688338,0.7874225653831386,1.4969603200438502,-0.33928922072764395,0.7863302542755678,-2.5376486246477405,0.24624187009660542,-1.8104582632508255,0.17101132414161685,-1.4265399479058647,-2.9936327166732943,1.942832881721072,-0.09964922372094827,1.2627534203560158,-1.965493976544302,-1.1785420920960166,-2.01463082663212,2.118686758306708,1.3931111163245657,-0.6288321552730631,0.20170774374015246,0.2877376625060782,-0.025263355072080794,-0.8805410809254138,-1.7638601982012692,-0.9062433630487037
8.859122778131743,4.8592802516387525,13.524795050391223,11.52005987221847,1.021391154830649,11.9047105915133,7.3285101233553025,-3.488845822299067,8.03527301278254,-1.888570850155621,9.370480177460477,4.023305300852643,3.0384650451290205,19.54627323426181,-2.5141609556198357,-7.315255805031805,-6.318776144523096,3.872990248438783,0.8613653531428495,2.276148101585281,8.91010369669458,-2.9393145879814218,6.097305937153558,-15.180339148001014,1.065496317802753,-9.489662469054409,1.3533289987323665,-8.64240409928867,-16.95102165905951,11.549722919412202,0.006881077499785091,7.896017665345688,-10.588202763341464,-6.644256594842159,-12.63130527224426,12.985571120538415,6.6789134597744,-3.411689135063893,0.8496327078717243,1.425234309831571,0.30775276373434274,-3.3458080238989836,-11.397627518551788,-5.430344891401776
-0.8563922081964599,-1.1443513379634704,-1.829659057514132,-1.4263966078416697,0.017085859122948677,-1.7600414632764347,-0.8825008991532334,0.7559383642438905,-1.1819853067608541,0.3789711770178749,-0.9690539920170178,-0.34292028182416384,-0.673657805128084,-2.5141609556198357,0.7541667449801505,1.1214370062388246,0.5402613334162456,-0.6997292031266902,0.17035695134030018,-0.8248897569174607,-1.3584214277375253,0.2488399659014364,-0.6134201031878954,2.202607354253656,-0.2220291415127562,1.677579253294619,-0.08024152858662295,1.223294938305368,2.755446413464355,-1.7566721721093161,0.08361982874740252,-0.98865698946246,1.797078157793094,1.2295820070246652,1.7387773757370086,-1.7320991419185876,-1.2540648081787595,0.5887765605326204,-0.04221003314529302,-0.29737278409765455,0.07654124374825251,0.8367547277480333,1.4159857544751018,0.8126231213968229
-2.968818800795008,-1.5859748496546262,-5.418735751299007,-4.350230113907033,0.13177391465756036,-4.455673103033697,-2.8336720502570154,1.276110506066842,-3.1214121867938394,0.2628356766600583,-3.1776197857645285,-1.176753975422155,-1.2931970643121349,-7.315255805031805,1.1214370062388246,3.3143275063948514,2.151074089046759,-1.6347606416081797,0.030615571493389476,-1.0241172662936393,-3.625854534177623,0.7790023984838477,-2.1771758212023498,5.56988402929832,-0.561477054986066,3.268649202697911,-0.48581893145185245,2.8170899212437757,5.956564127862738,-4.289429279897447,0.5542967730599684,-3.4283105123028865,3.5629892564269547,2.3589369121505754,5.084289661526261,-5.219211557954812,-2.890325701835594,0.66492905214282,-0.592485121938702,-0.662709145671819,-0.5408149390546214,1.4813591798580483,4.237050328541758,1.9299418049068338
-3.0486963836168766,-1.3232139957933144,-4.33537166034829,-3.7244519817125386,-0.5262310546773109,-3.678176610408949,-2.4170150332769564,0.9373920378155517,-2.517491109429762,0.6479407496271112,-3.3160044740235084,-1.3837343710641221,-0.8039710395112537,-6.318776144523096,0.5402613334162456,2.151074089046759,2.2977149425810284,-1.1325049232499993,-0.6276342624092415,-0.43170036828434283,-2.6664892297213787,1.1272148351571647,-2.0718461685291167,4.822059028790676,-0.2649392878175154,2.9457542156446834,-0.49858206153522255,2.8960518130025674,5.276072840722299,-3.566099211684989,-0.17547034506674208,-2.4417033252395286,3.3417271693396082,1.9164676820631659,3.906857695446037,-4.1129306600673665,-1.8990809039700507,1.2038816315481609,-0.33050941484419255,-0.3477984074280603,-0.033866902027488606,0.900110440913173,3.794161756329579,1.7616244457776729
1.4549859543030663,1.0849895823975442,2.8244540839417933,2.2025506329721303,0.0640591907872192,2.3152290988973414,1.4487693566520032,-0.823886384238802,1.6930137351077215,-0.361146379169508,1.7205548384857787,0.5204076604041665,0.777241056049873,3.872990248438783,-0.6997292031266902,-1.6347606416081797,-1.1325049232499993,0.9666320670569594,0.13183595117638014,0.7840023205649453,1.7932690129078581,-0.4286887937009751,1.0395417639065354,-3.081164402652382,0.2809682550216416,-2.093614204253853,0.2719673075231296,-1.7186499008025529,-3.506217814022439,2.3293214290793665,-0.15313127879251381,1.6178875389877285,-2.266048297407169,-1.3009782864635246,-2.539455877781122,2.6856350653097096,1.6426110901273059,-0.6364093545676422,0.29488941594472107,0.3278044933893429,0.08458446776610384,-0.96903918354522,-2.305436769081501,-1.1444142215772277
0.4687588852593909,0.04930950847576449,0.5549854860904049,0.3943750059500061,0.3951117544381486,0.18212230932526177,0.3692449315956546,-0.01443310679280828,0.2949501404471186,-0.3006463512416132,0.8455350855490803,0.12219737406780971,0.007147896894688338,0.8613653531428495,0.17035695134030018,0.030615571493389476,-0.6276342624092415,0.13183595117638014,0.6950788876127341,-0.06287140739911479,-0.03037020593644223,-0.35695586604078733,0.2743573919897706,-0.6629965400687513,-0.0605201071163489,-0.5735851105555145,0.17221624505699126,-0.7114878194251564,-0.7306136817706562,0.2979489730940781,0.3121647582712194,0.0588718732932094,-0.6862414019414471,0.05901659858261891,-0.17399000823981464,0.43457506241438726,0.1041474821621333,-0.5044911403085673,0.184420699436131,-0.1234689445370927,-0.22938177071949215,-0.1212183574714841,-0.7392994963210879,-0.3516224381708693
0.5389229912363972,1.2480134100689304,1.6982882503069197,1.181942096903441,-0.012176297840061589,1.4975339092417286,0.7832910611711016,-0.8437964175262619,1.1417881641059977,-0.4806714845813262,0.852288225572596,0.11556450524094869,0.7874225653831386,2.276148101585281,-0.8248897569174607,-1.0241172662936393,-0.43170036828434283,0.7840023205649453,-0.06287140739911479,1.072096896774722,1.1561218643938318,-0.16836766970440445,0.40373087363737287,-2.1123973104794107,0.23066647358436745,-1.8465658173759594,0.09512938656697466,-1.2649257332946149,-2.7757806324139795,1.6314323538854234,-0.06384885562717302,0.8283797709630852,-1.9488188103065192,-1.099974979385756,-1.4862922942716326,1.595753043312734,1.3719561172365995,-0.705239770557942,0.12312205620378328,0.27223118175771077,-0.19092683502097782,-1.0305379005884205,-1.3412081191344756,-0.8267973459540072
3.9618746365776447,2.340902564460849,6.279027618594389,5.337956615419569,0.16745890463808252,5.67417939273541,3.3583596783938776,-1.6502122152180527,3.7305407011185685,-0.6927215755229625,4.031227624157553,1.8536177991246194,1.4969603200438502,8.91010369669458,-1.3584214277375253,-3.625854534177623,-2.6664892297213787,1.7932690129078581,-0.03037020593644223,1.1561218643938318,4.416584738549641,-1.2080773629018562,2.787397975243946,-6.960482426546115,0.5744507560868587,-4.224346270514663,0.5095448417409019,-3.7221412292677636,-7.745391005778786,5.424868350526458,-0.24814274851974114,3.8286947360482935,-4.686571077225091,-3.2851002719099553,-6.045666598082306,6.060626002108116,3.2118153003342704,-1.3178558036671688,0.3478804620853074,0.7781200047202577,0.3061196553569012,-1.6073813200479838,-5.0542216896429,-2.395539176706326
-1.6076363045332893,-0.8315390164975112,-1.9137657189595818,-1.756828290284688,-0.4394371078159137,-1.8314552592143583,-1.0923114457680565,0.47117572598629803,-1.143840952988851,0.526234890149879,-1.69469253228636,-0.8173900794311997,-0.33928922072764395,-2.9393145879814218,0.2488399659014364,0.7790023984838477,1.1272148351571647,-0.4286887937009751,-0.35695586604078733,-0.16836766970440445,-1.2080773629018562,0.7236772002964466,-1.050560738666866,2.345566158694615,-0.06160452236128819,1.561036082088029,-0.2027782803483844,1.5986979058837374,2.767446715383991,-1.7424332637952726,-0.341558046909248,-0.940305096047413,1.8066653881825285,1.08864518823198,1.723610767381658,-1.7833501002993066,-0.73604871045342,0.8828784591670165,0.014130951480070241,-0.1314477560943879,0.2167576800692788,0.36819153651739017,1.7718709728613595,0.8963818373412763
3.030304572882468,1.3648934068995775,4.151971973986372,3.6907352239058353,0.39533923388762465,3.7700014749411404,2.303721457704734,-0.9413067680120689,2.4241556924733585,-0.553307718346649,3.0383666652179375,1.4743730348921427,0.7863302542755678,6.097305937153558,-0.6134201031878954,-2.1771758212023498,-2.0718461685291167,1.0395417639065354,0.2743573919897706,0.40373087363737287,2.787397975243946,-1.050560738666866,2.068635529220564,-4.645771995674785,0.279585172756581,-2.7326931753957853,0.415132635619051,-2.6676095947965237,-5.114394120652577,3.555863255988295,0.0930416940773533,2.4661179682874814,-3.103656386034229,-2.0775538340926585,-3.95355645924441,3.996585656870139,1.8213940720735562,-1.0322577064107146,0.1758955700274932,0.4176883504887554,0.11596751523893625,-0.784011152334092,-3.5276378513664106,-1.6377948401522178
-6.786113960197356,-4.292116119443632,-10.45087333714942,-8.871708599291297,-0.8909035840209015,-9.394913625373224,-5.6400989912679265,2.9467402343264095,-6.317686661027153,1.7778018001832485,-7.294067917432077,-3.1182188791652403,-2.5376486246477405,-15.180339148001014,2.202607354253656,5.56988402929832,4.822059028790676,-3.081164402652382,-0.6629965400687513,-2.1123973104794107,-6.960482426546115,2.345566158694615,-4.645771995674785,12.066963388204675,-0.8272618900725128,7.872740973790578,-0.9782740294776291,7.009644819853698,13.792265002848273,-9.195587590991009,-0.1880799243055566,-5.902425596310162,8.77343274114883,5.487688632457435,9.722957270487802,-9.988902136121554,-5.341756731462742,3.073812996649538,-0.5418759135440963,-1.123768250400552,0.06519414642547026,2.857415634919545,8.847719127895823,4.347414543147164
0.34909216229485174,0.2572986123510896,0.837363780151439,0.6222773398279077,-0.09470744476235494,0.6512796086452222,0.420696396280478,-0.2186671656375624,0.4849027455170381,-0.003788333276505147,0.40447597247487327,0.11062680900575879,0.24624187009660542,1.065496317802753,-0.2220291415127562,-0.561477054986066,-0.2649392878175154,0.2809682550216416,-0.0605201071163489,0.23066647358436745,0.5744507560868587,-0.06160452236128819,0.279585172756581,-0.8272618900725128,0.11238058213223447,-0.4938312972929416,0.06446261286484811,-0.37699030918229975,-0.8789897847451472,0.6415722785490374,-0.1538417778873088,0.5548884853527155,-0.5221632725984713,-0.35074391238024555,-0.782987618747068,0.8098853500240945,0.5098772670304064,-0.05279931079306706,0.12257917407009623,0.11948343114573004,0.1127837055442051,-0.291420548142349,-0.6085394998547462,-0.2766071204722115
-4.067902535897873,-3.32518843069477,-6.4726091269385275,-5.39929631312907,-0.789807601389262,-5.943159114343613,-3.4241630983975933,2.1749689278140223,-4.0484967700358,1.5956838864405423,-4.626751201110392,-1.8145926472262452,-1.8104582632508255,-9.489662469054409,1.677579253294619,3.268649202697911,2.9457542156446834,-2.093614204253853,-0.5735851105555145,-1.8465658173759594,-4.224346270514663,1.561036082088029,-2.7326931753957853,7.872740973790578,-0.4938312972929416,5.713964777167863,-0.5895782220376568,4.899484940169691,9.499587874514654,-5.962422122316639,-0.42341829408174575,-3.309264490456266,6.32383235290448,3.72423582190201,5.853718740790918,-6.106002320007398,-3.5775526167313263,2.552611864910619,-0.2210609544071188,-0.6944098160513287,0.4985087140886014,2.1859179672077356,5.622641033561797,2.982522209847778
0.6043472367415519,0.1842919269371535,0.947377878300283,0.7777852776322386,0.10095172868750012,0.6995282520287149,0.5181719410684607,-0.18814234724662668,0.5356198026659954,-0.09283905789803033,0.6894936407382487,0.22451192098559616,0.17101132414161685,1.3533289987323665,-0.08024152858662295,-0.48581893145185245,-0.49858206153522255,0.2719673075231296,0.17221624505699126,0.09512938656697466,0.5095448417409019,-0.2027782803483844,0.415132635619051,-0.9782740294776291,0.06446261286484811,-0.5895782220376568,0.1495552798587625,-0.5897259050700631,-1.0290324747470403,0.6958190283178062,-0.004439698080931339,0.56316544919298706,-0.6566309786259898,-0.2914006949322382,-0.8238031231887049,0.9121562980296063,0.4313087403436549,-0.1898681163824275,0.12729708913621846,0.06534430151548071,0.05789464003402112,-0.19751020544981016,-0.8386165660386844,-0.3750722336576464
-3.9913604187644127,-2.6957222294780023,-5.84926943972882,-4.991958057592527,-0.855197183964302,-5.319839235608257,-3.166557320151409,1.7442307314446244,-3.5774010759477943,1.3900482790763251,-4.437538073146656,-1.8287951605248045,-1.4265399479058647,-8.64240409928867,1.223294938305368,2.8170899212437757,2.8960518130025674,-1.7186499008025529,-0.7114878194251564,-1.2649257332946149,-3.7221412292677636,1.5986979058837374,-2.6676095947965237,7.009644819853698,-0.37699030918229975,4.899484940169691,-0.5897259050700631,4.457947699364297,8.313884923911335,-5.255957128045041,-0.5032203764722405,-3.0125626076527316,5.487588173784743,3.198148366176917,5.263014810286611,-5.511655445141483,-2.925898832476363,2.2832446298348645,-0.20094632426695103,-0.5475135524139692,0.42000600552193523,1.6850573303320269,5.168428817617721,2.6632476773055056
-7.578001010996166,-5.493418427334507,-11.515915544665129,-9.841766594385511,-1.251405551624102,-10.72686350484612,-6.159630114549353,3.6212498140669394,-7.115326865419605,2.4808006929560724,-8.175071201680103,-3.543719779887612,-2.9936327166732943,-16.95102165905951,2.755446413464355,5.956564127862738,5.276072840722299,-3.506217814022439,-0.7306136817706562,-2.7757806324139795,-7.745391005778786,2.767446715383991,-5.114394120652577,13.792265002848273,-0.8789897847451472,9.499587874514654,-1.0290324747470403,8.313884923911335,16.31660022377491,-10.551637966996596,-0.5709417702811103,-6.207498412638827,10.564424257033803,6.599666592782201,10.703167957842638,-10.959574693630545,-6.065285921519757,4.065760447201354,-0.315139375244411,-1.280533279831902,0.5323912693203923,3.4344290476916695,9.875992375105763,5.0852325990515315
5.199609070626672,3.361610230851554,7.908830616434383,6.7972956834493985,0.6210587374040203,7.294769542736483,4.257629794827457,-2.291059175576573,4.8081984896648144,-1.3329943156394215,5.431780860593175,2.4559654422299033,1.942832881721072,11.549722919412202,-1.7566721721093161,-4.289429279897447,-3.566099211684989,2.3293214290793665,0.2979489730940781,1.6314323538854234,5.424868350526458,-1.7424332637952726,3.555863255988295,-9.195587590991009,0.6415722785490374,-5.962422122316639,0.6958190283178062,-5.255957128045041,-10.551637966996596,7.090441504939187,0.1053424292255579,4.525903921275328,-6.639049175112939,-4.342289384640292,-7.4977611931044565,7.59340871052891,4.071629742345448,-2.280106242973729,0.30604214141439284,0.9107361098881773,-0.013998071981111972,-2.135304645174774,-6.640300781900656,-3.276857916649066
0.3211820088239073,0.3718926537278391,-0.31777832150787566,-0.035725444372406545,0.5083959879177573,0.07814804865043162,-0.09566573254186893,-0.08998198265195428,-0.08050462351586889,-0.5058832399567468,0.324343147456151,0.3010807885306919,-0.09964922372094827,0.006881077499785091,0.08361982874740252,0.5542967730599684,-0.17547034506674208,-0.15313127879251381,0.3121647582712194,-0.06384885562717302,-0.24814274851974114,-0.341558046909248,0.0930416940773533,-0.1880799243055566,-0.1538417778873088,-0.42341829408174575,-0.004439698080931339,-0.5032203764722405,-0.5709417702811103,0.1053424292255579,0.5811034617652463,-0.5031557895697277,-0.5470869006236763,-0.23677641438422767,0.33587516299077874,-0.34784358231168017,-0.3154659415074932,-0.6929404127855334,-0.2985381122753272,-0.1114076899476473,-0.493689578018064,0.13170205204854984,-0.04527680737675719,-0.15499562888875185
3.4030052453742736,1.522183110855092,5.740402174640742,4.739081095776294,-0.040957567170149756,4.7323039977501695,3.0728920373820037,-1.2518301743054443,3.279144587927041,-0.26279067062382366,3.5465401881970644,1.4511719404656322,1.2627534203560158,7.896017665345688,-0.98865698946246,-3.4283105123028865,-2.4417033252395286,1.6178875389877285,0.0588718732932094,0.8283797709630852,3.8286947360482935,-0.940305096047413,2.4661179682874814,-5.902425596310162,0.5548884853527155,-3.309264490456266,0.56316544919298706,-3.0125626076527316,-6.207498412638827,4.525903921275328,-0.5031557895697277,3.703223414017393,-3.6515189865079005,-2.427960845684724,-5.429329372360547,5.573076533769971,2.869810280640746,-0.7068035944256755,0.602531697273346,0.6675592046241341,0.6034068215701881,-1.3470828797743817,-4.5518278949378095,-2.0110054635125265
-4.64137654736348,-3.680146060371303,-7.165501765015296,-6.0402692336366295,-0.9483376366241885,-6.632233160275711,-3.8272482083987507,2.381811461684188,-4.4814987130450605,1.805207723604869,-5.233276428023741,-2.1187743618069153,-1.965493976544302,-10.588202763341464,1.797078157793094,3.5629892564269547,3.3417271693396082,-2.266048297407169,-0.6862414019414471,-1.9488188103065192,-4.686571077225091,1.8066653881825285,-3.103656386034229,8.77343274114883,-0.5221632725984713,6.32383235290448,-0.6566309786259898,5.487588173784743,10.564424257033803,-6.639049175112939,-0.5470869006236763,-3.6515189865079005,7.029928512428596,4.154886739412218,6.495635099078726,-6.764280123237667,-3.8805139328970886,2.8938689747787287,-0.21333082508777607,-0.7457142640447759,0.5878360276506167,2.342370748523011,6.267649590585255,3.3079048248100893
-3.105851097208018,-2.400920036750426,-4.418797306968614,-3.949476076316045,-0.4434669666853921,-4.529226037622122,-2.35786987277059,1.5055090994815938,-2.7914149423456838,1.0005048864231698,-3.0612847456148087,-1.6062517113549457,-1.1785420920960166,-6.644256594842159,1.2295820070246652,2.3589369121505754,1.9164676820631659,-1.3009782864635246,0.05901659858261891,-1.099974979385756,-3.2851002719099553,1.08864518823198,-2.0775538340926585,5.487688632457435,-0.35074391238024555,3.72423582190201,-0.2914006949322382,3.198148366176917,6.599666592782201,-4.342289384640292,-0.23677641438422767,-2.427960845684724,4.154886739412218,2.9755343555800704,4.351263434981872,-4.23898886543828,-2.3293021116833916,1.6084929887439388,0.11973469512574102,-0.5844322017947746,0.22289723966760966,1.266186120144283,3.7083199296088405,1.95642530297318
-5.636449750623942,-3.0199199445418037,-8.90701122090165,-7.540014959916151,-0.32332184904530764,-7.831042107311873,-4.772621049823478,2.224976017875065,-5.237609006177483,0.9167838346787298,-5.801560830865166,-2.542805966870876,-2.01463082663212,-12.63130527224426,1.7387773757370086,5.084289661526261,3.906857695446037,-2.539455877781122,-0.17399000823981464,-1.4862922942716326,-6.045666598082306,1.723610767381658,-3.95355645924441,9.722957270487802,-0.782987618747068,5.853718740790918,-0.8238031231887049,5.263014810286611,10.703167957842638,-7.4977611931044565,0.33587516299077874,-5.429329372360547,6.495635099078726,4.351263434981872,8.469430797146076,-8.592026552880572,-4.464263011935347,1.7789765263919377,-0.5990326402364318,-1.0347827585851463,-0.4952633792525916,2.18273094553677,7.264590597539777,3.402724748502776
5.661147220681537,3.0112616360222146,9.259021846599452,7.673764510730093,0.35467379160452633,7.833106944175451,4.9578654701953875,-2.255599688264431,5.407693053353841,-0.9623417755248722,6.084347952331018,2.431852086616658,2.118686758306708,12.985571120538415,-1.7320991419185876,-5.219211557954812,-4.1129306600673665,2.6856350653097096,0.43457506241438726,1.595753043312734,6.060626002108116,-1.7833501002993066,3.996585656870139,-9.988902136121554,0.8098853500240945,-6.106002320007398,0.9121562980296063,-5.511655445141483,-10.959574693630545,7.59340871052891,-0.34784358231168017,5.573076533769971,-6.764280123237667,-4.23898886543828,-8.592026552880572,8.89238565996927,4.680618412163371,-1.881695302482614,0.8054771790813336,1.0070444399472642,0.4754123042793373,-2.381322933684196,-7.598467584450294,-3.5489647478289137
2.511286436804881,1.927939893361451,4.900151628201724,3.8314490162624018,0.021863943330696415,4.065723013821991,2.5248765440827907,-1.4309222343990413,2.933016504152505,-0.5878404467208673,2.9304969741726783,0.9391813226869472,1.3931111163245657,6.6789134597744,-1.2540648081787595,-2.890325701835594,-1.8990809039700507,1.6426110901273059,0.1041474821621333,1.3719561172365995,3.2118153003342704,-0.73604871045342,1.8213940720735562,-5.341756731462742,0.5098772670304064,-3.5775526167313263,0.4313087403436549,-2.925898832476363,-6.065285921519757,4.071629742345448,-0.3154659415074932,2.869810280640746,-3.8805139328970886,-2.3293021116833916,-4.464263011935347,4.680618412163371,2.869146659588394,-1.0590976192895656,0.5067860590250409,0.5949488617636055,0.16933553735813972,-1.6871896941677418,-3.929894897081279,-1.9333878134836704
-1.6910138489187037,-1.6515687994742003,-2.0578618761885563,-1.876500502366106,-0.7328262381228685,-2.2131894778484735,-1.1514573598134936,0.9147260386616654,-1.414675611304897,1.090314255035749,-1.971202095967332,-0.900531266158155,-0.6288321552730631,-3.411689135063893,0.5887765605326204,0.66492905214282,1.2038816315481609,-0.6364093545676422,-0.5044911403085673,-0.705239770557942,-1.3178558036671688,0.8828784591670165,-1.0322577064107146,3.073812996649538,-0.05279931079306706,2.552611864910619,-0.1898681163824275,2.2832446298348645,4.065760447201354,-2.280106242973729,-0.6929404127855334,-0.7068035944256755,2.8938689747787287,1.6084929887439388,1.7789765263919377,-1.881695302482614,-1.0590976192895656,1.6498536037307814,0.1799035427544203,-0.15190643353892022,0.6903234737540622,0.7657806364376983,2.061955406124591,1.233697064360227
0.11565804588869062,-0.14437553260841812,0.8674206458127497,0.4496280008130863,-0.19198628566482198,0.23182019000579118,0.45019531220107534,-0.017885783072114712,0.4010267786224694,0.18578698880509142,0.41467297858737884,-0.14815411342623067,0.20170774374015246,0.8496327078717243,-0.04221003314529302,-0.592485121938702,-0.33050941484419255,0.29488941594472107,0.184420699436131,0.12312205620378328,0.3478804620853074,0.014130951480070241,0.1758955700274932,-0.5418759135440963,0.12257917407009623,-0.2210609544071188,0.12729708913621846,-0.20094632426695103,-0.315139375244411,0.30604214141439284,-0.2985381122753272,0.602531697273346,-0.21333082508777607,0.11973469512574102,-0.5990326402364318,0.8054771790813336,0.5067860590250409,0.1799035427544203,0.4214492231381441,0.04158250991643752,0.24584540712141859,-0.31520570581463075,-0.6225794507644319,-0.1861772817483412
0.571032654917283,0.4301025463267455,1.0318369930510982,0.8631355625085189,-0.052137901233916185,0.9586172445791149,0.522453755404021,-0.31501338117228683,0.6225772263777433,-0.08129810380573134,0.5480737043391528,0.26484569804744873,0.2877376625060782,1.425234309831571,-0.29737278409765455,-0.662709145671819,-0.3477984074280603,0.3278044933893429,-0.1234689445370927,0.27223118175771077,0.7781200047202577,-0.1314477560943879,0.4176883504887554,-1.123768250400552,0.11948343114573004,-0.6944098160513287,0.06534430151548071,-0.5475135524139692,-1.280533279831902,0.9107361098881773,-0.1114076899476473,0.6675592046241341,-0.7457142640447759,-0.5844322017947746,-1.0347827585851463,1.0070444399472642,0.5949488617636055,-0.15190643353892022,0.04158250991643752,0.1712126112061519,0.08834710100158741,-0.3100247877388235,-0.7735487168003756,-0.38130556937160337
0.0359265643973653,-0.5028996896506671,0.42275400021539833,0.2718683383701925,-0.37639560993847465,0.08024151238510001,0.2060650532102207,0.16441999028888563,0.11813700789405324,0.5141160706476093,-0.08890492344829039,-0.07225668463064268,-0.025263355072080794,0.30775276373434274,0.07654124374825251,-0.5408149390546214,-0.033866902027488606,0.08458446776610384,-0.22938177071949215,-0.19092683502097782,0.3061196553569012,0.2167576800692788,0.11596751523893625,0.06519414642547026,0.1127837055442051,0.4985087140886014,0.05789464003402112,0.42000600552193523,0.5323912693203923,-0.013998071981111972,-0.493689578018064,0.6034068215701881,0.5878360276506167,0.22289723966760966,-0.4952633792525916,0.4754123042793373,0.16933553735813972,0.6903234737540622,0.24584540712141859,0.08834710100158741,0.5386363263268741,0.08255505346092627,-0.122933928478282,0.12335778654929493
-1.0417212814593746,-1.2590655272294637,-2.5693849928727506,-1.8310513037128855,0.002424634150702696,-2.043110395525176,-1.2651788852136907,0.874203633858342,-1.5723650087814975,0.4536528639577148,-1.4824169037322503,-0.2748383823354715,-0.8805410809254138,-3.3458080238989836,0.8367547277480333,1.4813591798580483,0.900110440913173,-0.96903918354522,-0.1212183574714841,-1.0305379005884205,-1.6073813200479838,0.36819153651739017,-0.784011152334092,2.857415634919545,-0.291420548142349,2.1859179672077356,-0.19751020544981016,1.6850573303320269,3.4344290476916695,-2.135304645174774,0.13170205204854984,-1.3470828797743817,2.342370748523011,1.266186120144283,2.18273094553677,-2.381322933684196,-1.6871896941677418,0.7657806364376983,-0.31520570581463075,-0.3100247877388235,0.08255505346092627,1.1826233977449778,2.0486223778133947,1.1024536008272856
-5.112339363408017,-2.7478014805582003,-7.985997627838463,-6.671028245666331,-0.6566851229596122,-6.805207797796973,-4.31048192609971,1.9826163123841116,-4.699797155977772,1.1348934701602482,-5.6047080365920925,-2.202348132523883,-1.7638601982012692,-11.397627518551788,1.4159857544751018,4.237050328541758,3.794161756329579,-2.305436769081501,-0.7392994963210879,-1.3412081191344756,-5.0542216896429,1.7718709728613595,-3.5276378513664106,8.847719127895823,-0.6085394998547462,5.622641033561797,-0.8386165660386844,5.168428817617721,9.875992375105763,-6.640300781900656,-0.04527680737675719,-4.5518278949378095,6.267649590585255,3.7083199296088405,7.264590597539777,-7.598467584450294,-3.929894897081279,2.061955406124591,-0.6225794507644319,-0.7735487168003756,-0.122933928478282,2.0486223778133947,6.7849362184026605,3.244679739409894
-2.414892576628903,-1.5914051870920842,-3.7672403087833235,-3.146908699959854,-0.40946388489354274,-3.3418361803178684,-1.9954061696213585,1.082526150132136,-2.275030751971474,0.7348621157424103,-2.6757369571918104,-1.0411873076349896,-0.9062433630487037,-5.430344891401776,0.8126231213968229,1.9299418049068338,1.7616244457776729,-1.1444142215772277,-0.3516224381708693,-0.8267973459540072,-2.395539176706326,0.8963818373412763,-1.6377948401522178,4.347414543147164,-0.2766071204722115,2.982522209847778,-0.3750722336576464,2.6632476773055056,5.0852325990515315,-3.276857916649066,-0.15499562888875185,-2.0110054635125265,3.3079048248100893,1.95642530297318,3.402724748502776,-3.5489647478289137,-1.9333878134836704,1.233697064360227,-0.1861772817483412,-0.38130556937160337,0.12335778654929493,1.1024536008272856,3.244679739409894,1.6562788544513325
