V1,V2,V3,V4,V5,V6,V7,V8,V9,V10,V11,V12,V13,V14,V15,V16,V17,V18,V19,V20,V21,V22,V23,V24,V25,V26,V27,V28,V29,V30,V31,V32,V33,V34,V35,V36,V37,V38,V39,V40,V41,V42,V43,V44
47.943608794218534,30.038532400359077,74.07737810509619,62.81509285039949,5.89276608597934,66.785353349133,39.690198967883816,-20.6040959718435,44.599079510044035,-12.090786314274002,51.06632144098389,21.831087210338975,17.665903771078057,106.94197427511385,-15.823458148787035,-39.81874163043795,-33.74759017040949,21.79594121733388,4.045656720337949,14.797070976988406,49.52484552745105,-16.424529264944518,32.879791118946855,-84.8271769828994,5.9026688632059505,-55.15730492610315,6.760547927066213,-49.06595498903796,-97.00645417315945,64.88267041153583,0.8978012653825987,41.89107059542268,-61.34821297435662,-39.03041870277027,-69.07093559230054,70.62732486169202,37.74940004344737,-21.00180300193097,3.642321231683357,8.138047226724847,-0.047163638312158966,-20.14846289824813,-62.328689489263596,-30.74328306717219
30.038532400359077,19.407338082524408,46.457510883760634,39.602672653524394,3.4145292342442395,41.659871708952345,25.05304858395523,-13.434384161637304,28.00706389880716,-7.847045778207929,31.935178287538807,14.039911696972252,11.950398497945228,67.32821466344973,-9.894699941367913,-25.00075343935156,-20.809239726588277,13.53469584266695,1.9543810710806222,9.897090579603882,31.25254972243207,-10.4745018665209,20.82255913144515,-53.34668497812938,3.863140087805209,-34.86889133624904,4.4862384816620295,-31.2516145396926,-61.470088951105254,40.81108960759098,0.6240756458376502,27.13520647830929,-38.82042895458983,-24.45851595843971,-43.62562208146582,44.93182591889121,24.035787658295025,-13.482666668764612,2.3509514778681964,5.289913667995689,-0.18796716682005854,-12.775593099912264,-38.916437007913515,-19.124304856317345
74.07737810509619,46.457510883760634,114.87542917854809,97.12322596332149,9.230129817257547,103.95286201852188,61.299711376251686,-31.72890545153264,69.22099734629163,-18.561916636306403,78.95880625296783,33.366105376896385,26.798391263304186,165.51221276684325,-24.945120955292015,-61.88916062428352,-52.36635509202575,34.0932669531565,6.501185181350195,22.810717397596935,76.80347851979292,-25.122008851538087,50.61054632262948,-131.5416227730241,9.080931741899088,-85.57148811140898,10.154000121915145,-75.60687474753107,-150.20857376734753,100.7043385349696,1.2075253485780002,64.12237774723351,-95.06851090820881,-60.85869011814276,-106.90659096882678,108.92154109911544,58.521983512971104,-32.309235845853784,5.504538009182998,12.558435863077024,0.03309462925684183,-31.42410838075567,-96.68740141808084,-47.86678271296842
62.81509285039949,39.602672653524394,97.12322596332149,82.41568922911985,7.608381635250898,87.49814683901069,52.08205852447846,-27.20592927190646,58.49287954368894,-15.937676674183392,66.88640765384359,28.719759500106214,23.473234846376503,140.28467531035272,-20.770356720111373,-52.23668173396324,-44.0960784868296,28.547144307396493,5.075410508140012,19.645873699679683,65.01401487336378,-21.569880137844407,43.15654868495388,-111.27031116835181,7.801835185578051,-72.42573557590364,8.937074542175209,-64.47741228680454,-127.41558987568008,85.1204099463355,1.1775003558504655,55.215106560634375,-80.55973934695821,-51.188473341692635,-90.6707071375433,92.81372571115277,49.64496930610907,-27.630511612033224,4.794148008018752,10.743810066660968,-0.11098333269113195,-26.491061042308214,-81.64519967431423,-40.254979662465445
5.89276608597934,3.4145292342442395,9.230129817257547,7.608381635250898,0.9328983657212871,8.602787724410977,4.762792831286272,-2.2181893186654733,5.565782732894494,-1.311197116239393,6.331442435002921,2.3517004773216104,1.509416271917014,13.071228572122209,-2.1520366825310604,-4.992263002607157,-4.410713007577288,2.904014657928478,0.9084066793959323,1.472744135285782,6.0702283541846835,-1.8270997683385712,3.8446708632186026,-10.508086474024553,0.6190746473065596,-6.766129812770949,0.5822343023735839,-5.692340356520999,-11.699537675335222,8.068946792291275,0.022546120734106827,4.422239436711916,-7.464613568137686,-5.019433638432603,-8.361682779695153,8.224252711385553,4.506761566614013,-2.375305898878968,0.3541938037625089,0.8900098467824814,0.10362425616012604,-2.5120774988863044,-7.8776264894782555,-3.998255117156029
66.785353349133,41.659871708952345,103.95286201852188,87.49814683901069,8.602787724410977,94.60360281727438,55.1332247865587,-28.24030632371082,62.68940470645487,-16.49299432642035,71.26745427865008,29.530307181962524,23.203505231604765,149.32522739701665,-23.01921136423606,-56.127465311789955,-47.60043654616557,31.22338795931356,6.407089596570047,20.204960624716293,69.41658495323375,-22.297142636078704,45.31374378508652,-118.98282429775486,8.059294242551932,-77.36619921987577,8.72170943122585,-67.7050818953628,-135.4285548084482,91.18382147132645,0.8890933699846382,56.71567324575427,-85.82411860151706,-55.45489235413677,-96.38203203020478,97.62272057630537,52.76123602297969,-28.842614240610054,4.7837123579926075,11.20887737955901,0.20067151522409582,-28.55564443768967,-87.61972361698396,-43.60283150031828
39.690198967883816,25.05304858395523,61.299711376251686,52.08205852447846,4.762792831286272,55.1332247865587,32.92934337637745,-17.246008975725374,36.90862233076513,-10.10868521355477,42.250457657239515,18.237979681929193,14.986170241761611,88.616565120168,-13.030423615141482,-32.946669012376795,-27.800348210611084,17.953777679223776,3.121437633669819,12.466199245444065,41.04496735404242,-13.688659044920549,27.32066036622973,-70.23595748541948,4.949535704407296,-45.71951801388726,5.71934120288382,-40.81382595817877,-80.49629936344421,53.71214522855312,0.7786861630897465,35.06632546851008,-50.87659111916868,-32.239729913928834,-57.28502531732181,58.735661078881954,31.362075533978704,-17.504745503478883,3.0602591268158124,6.804865623567156,-0.09816842356004954,-16.69673811086872,-51.511743107534855,-25.358720855046986
-20.6040959718435,-13.434384161637304,-31.72890545153264,-27.20592927190646,-2.2181893186654733,-28.24030632371082,-17.246008975725374,9.38604626768293,-19.112308525103888,5.488031405010163,-21.869279044602713,-9.85765713599498,-8.609369352292395,-46.16693976992532,6.592094958276954,17.033046394560433,14.106838521118709,-9.097162886677538,-1.097194103368993,-6.9640665310920635,-21.390432133346398,7.325526142642299,-14.413550474393883,36.46298169890761,-2.7088347211459363,23.857373526976808,-3.253449911327822,21.638205674630484,42.208658263479556,-27.861056678932115,-0.5038569035983885,-19.077776827419857,26.61088826937836,16.562525879512744,29.950885251062086,-31.079552126335248,-16.513635643287873,9.37361541609453,-1.6824863987122933,-3.683899420571845,0.20078538145782696,8.690914961339088,26.51887789599724,12.943587830121567
44.599079510044035,28.00706389880716,69.22099734629163,58.49287954368894,5.565782732894494,62.68940470645487,36.90862233076513,-19.112308525103888,41.72289507272343,-11.173254166111283,47.54241680429373,20.052200768880695,16.10060705567701,99.70102638569354,-15.091223233075103,-37.312994490370535,-31.544380313039564,20.581197393638867,3.9248117890548944,13.755237474885408,46.290048504710086,-15.096728564375116,30.451057423646393,-79.27462338955029,5.468202999114103,-51.586892138041335,6.0811766774645175,-45.51432794823997,-90.51612324033471,60.704185892371335,0.7066442638855712,38.551893377287136,-57.29873112528708,-36.72459488205832,-64.40381256425489,65.57316981873412,35.27739172543593,-19.45080288237751,3.2964789888383983,7.566484443351399,0.025027635357448133,-18.968983203696848,-58.25955507936245,-28.86653688162053
-12.090786314274002,-7.847045778207929,-18.561916636306403,-15.937676674183392,-1.311197116239393,-16.49299432642035,-10.10868521355477,5.488031405010163,-11.173254166111283,3.2250529735648374,-12.833599655126694,-5.8046375672488,-5.053212206751161,-27.034588089401048,3.812222565078496,9.94119663825135,8.274349987273048,-5.296994886987268,-0.6578257900068503,-4.054927405780045,-12.49973519607355,4.319982186496322,-8.464809940212763,21.329877958598793,-1.581392271885631,13.947306835734448,-1.926353072824377,12.695577287429616,24.69446253490216,-16.286215185215514,-0.3201544173202118,-11.199144601941981,15.567520969048228,9.656524435711438,17.523807181574604,-18.211817476186226,-9.641083107666747,5.50596642313711,-0.9944580681320784,-2.1498132849653824,0.12789029101882218,5.057260339750475,15.525377935883723,7.564094214984315
51.06632144098389,31.935178287538807,78.95880625296783,66.88640765384359,6.331442435002921,71.26745427865008,42.250457657239515,-21.869279044602713,47.54241680429373,-12.833599655126694,54.4136359767365,23.15672645037215,18.640398959792496,113.91098485384742,-16.92822975266268,-42.45564697747351,-36.02128618511772,23.29111979643454,4.421391268974643,15.680441629097913,52.762543655112474,-17.438018407899733,34.966998430050985,-90.40213518695904,6.260866481940588,-58.77043076262843,7.129163949095847,-52.177955271359586,-103.2971110094267,69.15709252382018,0.9272154339557247,44.422879814570294,-65.34678075337087,-41.652161759032325,-73.55204388262464,75.1165426086307,40.191798064885226,-22.3176943953377,3.8540263549363463,8.642134631045028,-0.020906415341762612,-21.48771375602315,-66.4639095861841,-32.817839752999674
21.831087210338975,14.039911696972252,33.366105376896385,28.719759500106214,2.3517004773216104,29.530307181962524,18.237979681929193,-9.85765713599498,20.052200768880695,-5.8046375672488,23.15672645037215,10.555673265015905,9.164007418966486,48.6663998663151,-6.7003255748264365,-17.823990697191014,-14.912063894361918,9.43079564930954,1.179209717441409,7.231483386645445,22.44000953346709,-7.857503597936949,15.322812704584459,-38.30211313005885,2.8474382430604894,-24.98470971052255,3.5465702429514483,-22.900058083763714,-44.33606043348513,29.211323742236143,0.6174421023917354,20.32088758490182,-27.920771486666464,-17.223877837865263,-31.532096221610765,32.8626713909458,17.277271675072743,-9.917422317953438,1.837365763937096,3.85995225044926,-0.22626671090272024,-8.994872366747565,-27.914129157335214,-13.539119402017947
17.665903771078057,11.950398497945228,26.798391263304186,23.473234846376503,1.509416271917014,23.203505231604765,14.986170241761611,-8.609369352292395,16.10060705567701,-5.053212206751161,18.640398959792496,9.164007418966486,8.694785594284797,39.56867120460398,-5.076277612083855,-14.26304549411132,-11.56514125060206,7.234923988467097,0.1623739684004363,6.5591099877676955,18.22549586892453,-6.718376652647747,12.768349332394557,-30.904296397185114,2.5124990344445344,-20.31732371763641,3.334212035101283,-19.208073709099704,-36.40316071150456,23.516008277543484,0.6673519896858421,17.819495090833385,-22.81372366542763,-13.572739221067112,-25.791606184745984,27.483697746261484,14.279993071952552,-8.448079083121524,1.654069415690004,3.3424732687350533,-0.4073950952203415,-7.255475845606397,-22.20456093706948,-10.569031432275175
106.94197427511385,67.32821466344973,165.51221276684325,140.28467531035272,13.071228572122209,149.32522739701665,88.616565120168,-46.16693976992532,99.70102638569354,-27.034588089401048,113.91098485384742,48.6663998663151,39.56867120460398,238.87948553017839,-35.57677931892146,-89.06729788886244,-75.23753088276037,48.80193822691399,8.87159045514786,33.29749246441987,110.75388714003672,-36.57928934305312,73.34360545917505,-189.59888623482036,13.230006060429258,-123.39532726024292,15.039097415561077,-109.58601387291445,-216.92581598856296,145.0766173702877,1.9239569937246543,93.55193287530535,-137.2012862857778,-87.38522148196354,-154.3638927872112,157.7775084425813,84.51923968148083,-46.92602033747288,8.091382918649083,18.24261940812593,-0.11976278361475383,-45.19457220666405,-139.18898768950262,-68.7194369897105
-15.823458148787035,-9.894699941367913,-24.945120955292015,-20.770356720111373,-2.1520366825310604,-23.01921136423606,-13.030423615141482,6.592094958276954,-15.091223233075103,3.812222565078496,-16.92822975266268,-6.7003255748264365,-5.076277612083855,-35.57677931892146,5.8465627222233145,13.573774373573366,11.460245535386935,-7.726505168448209,-1.7332141079038226,-4.727668945413998,-16.65697991836151,5.077983852580599,-10.575557846104529,28.55433627454884,-1.8708792520220041,18.59827179096368,-1.8266309554356597,15.866377708418947,32.32361125485997,-21.955188390589264,-0.07494873652773709,-12.921960259783608,20.54726324279507,13.579240481745606,22.960721567407596,-22.93485062589266,-12.636344200999114,6.721180207461841,-1.0274938575569001,-2.6357493803786487,-0.12842666372806968,6.989203010814741,21.058882212507118,10.622654548997293
-39.81874163043795,-25.00075343935156,-61.88916062428352,-52.23668173396324,-4.992263002607157,-56.127465311789955,-32.946669012376795,17.033046394560433,-37.312994490370535,9.94119663825135,-42.45564697747351,-17.823990697191014,-14.26304549411132,-89.06729788886244,13.573774373573366,33.3935059468619,28.21088469308459,-18.461034233949775,-3.556748116890802,-12.259960455140801,-41.387052171157315,13.421482690818491,-27.147165895573103,70.86803620256664,-4.873430638361676,46.1160743763203,-5.367169116502337,40.581355677362154,80.86258410487459,-54.28651424691979,-0.5871469890508035,-34.29421353062936,51.199536680914676,32.89785248368874,57.539499194903165,-58.49994206490794,-31.53279063972973,17.32318873323472,-2.919682989075299,-6.751438296382955,-0.05281525638081309,16.991168476464726,52.093566397416595,25.845369693296153
-33.74759017040949,-20.809239726588277,-52.36635509202575,-44.0960784868296,-4.410713007577288,-47.60043654616557,-27.800348210611084,14.106838521118709,-31.544380313039564,8.274349987273048,-36.02128618511772,-14.912063894361918,-11.56514125060206,-75.23753088276037,11.460245535386935,28.21088469308459,24.107104463373037,-15.67690531124994,-3.3779257689383653,-9.988556674175348,-34.888398509260185,11.289813193789245,-22.881213321942745,59.8815759147458,-4.023267589175246,38.85479163736771,-4.41710942176411,34.094601949279564,68.05624010606076,-45.853198262062975,-0.4914287111115346,-28.534162311136345,43.125769980514804,27.819358008764,48.50209109578963,-49.14467316418048,-26.44509333232297,14.504442478443229,-2.4382963486935325,-5.595137956887746,-0.12254879564643725,14.269436832634335,44.19563624468564,21.957653435624675
21.79594121733388,13.53469584266695,34.0932669531565,28.547144307396493,2.904014657928478,31.22338795931356,17.953777679223776,-9.097162886677538,20.581197393638867,-5.296994886987268,23.29111979643454,9.43079564930954,7.234923988467097,48.80193822691399,-7.726505168448209,-18.461034233949775,-15.67690531124994,10.384529977072647,2.282436602988156,6.484554334354998,22.739902664202525,-7.143187997267768,14.673718314793843,-39.00358281983984,2.5887934899804463,-25.356272744097286,2.68636374614318,-21.938776029312933,-44.23988481413226,29.92833789406629,0.20851032386320603,18.120490969151163,-28.077856524108636,-18.333792744223295,-31.479490977041138,31.671315445685856,17.2455201568183,-9.31176635913884,1.497576348153014,3.6230501001108757,0.12954145742833215,-9.422689986898353,-28.7762445089015,-14.406154965021805
4.045656720337949,1.9543810710806222,6.501185181350195,5.075410508140012,0.9084066793959323,6.407089596570047,3.121437633669819,-1.097194103368993,3.9248117890548944,-0.6578257900068503,4.421391268974643,1.179209717441409,0.1623739684004363,8.87159045514786,-1.7332141079038226,-3.556748116890802,-3.3779257689383653,2.282436602988156,1.1690103724472523,0.540354206762523,4.138860636973042,-1.0026231429312096,2.384973053684669,-7.305133161262973,0.285019030103666,-4.6022505233188955,0.0773842086391908,-3.451639532302708,-7.70483112360639,5.647109841212889,-0.1063280529094537,2.093549120048323,-4.998214547551233,-3.7150711036835777,-5.570416321131984,5.050417374553006,2.910884723950667,-1.343451015104235,0.13037972239603882,0.46435689002911995,0.22598801007354302,-1.7599554431379076,-5.691080243988664,-3.0242183933205635
14.797070976988406,9.897090579603882,22.810717397596935,19.645873699679683,1.472744135285782,20.204960624716293,12.466199245444065,-6.9640665310920635,13.755237474885408,-4.054927405780045,15.680441629097913,7.231483386645445,6.5591099877676955,33.29749246441987,-4.727668945413998,-12.259960455140801,-9.988556674175348,6.484554334354998,0.540354206762523,5.269914028076587,15.459928336536828,-5.337480832190844,10.446048010489108,-26.272772569001198,2.0162615800588086,-17.266473134547113,2.443122297304943,-15.755946044371704,-30.607812736705156,20.078636855535866,0.3845281804951571,14.082417955491412,-19.274358418494938,-11.896840400640242,-21.662835927518884,22.61456032953169,12.027131755065419,-6.866180023025912,1.2399945842327522,2.7277099640323668,-0.20875930767116807,-6.3084832093569965,-18.99010658477717,-9.238162851663974
49.52484552745105,31.25254972243207,76.80347851979292,65.01401487336378,6.0702283541846835,69.41658495323375,41.04496735404242,-21.390432133346398,46.290048504710086,-12.49973519607355,52.762543655112474,22.44000953346709,18.22549586892453,110.75388714003672,-16.65697991836151,-41.387052171157315,-34.888398509260185,22.739902664202525,4.138860636973042,15.459928336536828,51.41796186999486,-16.86180611063385,33.91643885292771,-87.99340261060152,6.128274450880265,-57.297318273122166,6.879698206277913,-50.71799745221273,-100.63956149758684,67.36693707068508,0.8288421088830523,43.18811494116779,-63.672211116765716,-40.6741843378614,-71.58849316117237,73.05512348239066,39.2481949973117,-21.706662045577406,3.7062415001303104,8.46186276436886,-0.029558861151907305,-21.049026826482063,-64.58153015906836,-31.94229893315313
-16.424529264944518,-10.4745018665209,-25.122008851538087,-21.569880137844407,-1.8270997683385712,-22.297142636078704,-13.688659044920549,7.325526142642299,-15.096728564375116,4.319982186496322,-17.438018407899733,-7.857503597936949,-6.718376652647747,-36.57928934305312,5.077983852580599,13.421482690818491,11.289813193789245,-7.143187997267768,-1.0026231429312096,-5.337480832190844,-16.86180611063385,5.867146187393323,-11.47805471216129,28.81821127165231,-2.1119009650500655,18.776373526184916,-2.608309369009515,17.137908265248967,33.27180350003156,-21.98199859915082,-0.4472870116849999,-15.098167752216128,20.969878144144083,12.995586213348327,23.67447215490455,-24.597041268195035,-12.948791121350803,7.4064811194481335,-1.3619795231499199,-2.870458864917365,0.14253923379678618,6.764374975822005,21.050345828600527,10.235399768071996
32.879791118946855,20.82255913144515,50.61054632262948,43.15654868495388,3.8446708632186026,45.31374378508652,27.32066036622973,-14.413550474393883,30.451057423646393,-8.464809940212763,34.966998430050985,15.322812704584459,12.768349332394557,73.34360545917505,-10.575557846104529,-27.147165895573103,-22.881213321942745,14.673718314793843,2.384973053684669,10.446048010489108,33.91643885292771,-11.47805471216129,22.752288845141752,-58.00850389697958,4.143918352037682,-37.768655375617556,4.904158235927628,-33.97695474967651,-66.64806336250344,44.3231023862502,0.7291080951940202,29.455549612033536,-42.08084310968246,-26.466319792537142,-47.43339625183933,48.8568932348221,25.957868596768787,-14.607383764719637,2.601162513663632,5.67506398856319,-0.14840988425413165,-13.727744870746731,-42.48674162356062,-20.82662505609345
-84.8271769828994,-53.34668497812938,-131.5416227730241,-111.27031116835181,-10.508086474024553,-118.98282429775486,-70.23595748541948,36.46298169890761,-79.27462338955029,21.329877958598793,-90.40213518695904,-38.30211313005885,-30.904296397185114,-189.59888623482036,28.55433627454884,70.86803620256664,59.8815759147458,-39.00358281983984,-7.305133161262973,-26.272772569001198,-87.99340261060152,28.81821127165231,-58.00850389697958,150.67218226221712,-10.436719284499414,98.06489798641363,-11.690183002348247,86.70830396084573,172.17400625170004,-115.35022381746283,-1.4082643717215448,-73.63746106571915,108.96017620228227,69.68805670737937,122.49316768622299,-124.88360841134417,-67.09874833631046,37.088331692146006,-6.316150264467508,-14.424996215584864,0.009809227426527374,36.016017242131795,110.67720263326979,54.77606062730911
5.9026688632059505,3.863140087805209,9.080931741899088,7.801835185578051,0.6190746473065596,8.059294242551932,4.949535704407296,-2.7088347211459363,5.468202999114103,-1.581392271885631,6.260866481940588,2.8474382430604894,2.5124990344445344,13.230006060429258,-1.8708792520220041,-4.873430638361676,-4.023267589175246,2.5887934899804463,0.285019030103666,2.0162615800588086,6.128274450880265,-2.1119009650500655,4.143918352037682,-10.436719284499414,0.7839075936131806,-6.83003288510685,0.9506035469725602,-6.2200662703457175,-12.100603583689383,7.971733264361291,0.14873941013885525,5.51993144692241,-7.622945127570089,-4.724792177421401,-8.589521576188924,8.937044240975016,4.73861375313208,-2.6961870273763893,0.4905256236735818,1.062861549054319,-0.06259101933096375,-2.484925856987439,-7.581066691514438,-3.6904734155690986
-55.15730492610315,-34.86889133624904,-85.57148811140898,-72.42573557590364,-6.766129812770949,-77.36619921987577,-45.71951801388726,23.857373526976808,-51.586892138041335,13.947306835734448,-58.77043076262843,-24.98470971052255,-20.31732371763641,-123.39532726024292,18.59827179096368,46.1160743763203,38.85479163736771,-25.356272744097286,-4.6022505233188955,-17.266473134547113,-57.297318273122166,18.776373526184916,-37.768655375617556,98.06489798641363,-6.83003288510685,63.88876140612134,-7.653305121854953,56.521276136659814,112.18636495630378,-75.08397377767339,-0.9268750224294222,-48.09015920719331,70.99043767911218,45.35681279400186,79.7585038477057,-81.38277539996929,-43.75534117888036,24.20916960911262,-4.115783273842217,-9.43316606796123,0.05174860767301301,23.48601196435347,71.95372160007568,35.605892259411085
6.760547927066213,4.4862384816620295,10.154000121915145,8.937074542175209,0.5822343023735839,8.72170943122585,5.71934120288382,-3.253449911327822,6.0811766774645175,-1.926353072824377,7.129163949095847,3.5465702429514483,3.334212035101283,15.039097415561077,-1.8266309554356597,-5.367169116502337,-4.41710942176411,2.68636374614318,0.0773842086391908,2.443122297304943,6.879698206277913,-2.608309369009515,4.904158235927628,-11.690183002348247,0.9506035469725602,-7.653305121854953,1.3147078307531097,-7.335310292946598,-13.766396488424924,8.87137465102397,0.28885624962148815,6.852853979700931,-8.615506289356013,-5.060296099280784,-9.783977437677338,10.483173959638584,5.371155246808203,-3.2243174776091026,0.6555390935650364,1.258705273359282,-0.1595818425001978,-2.688930006175614,-8.426148633507005,-3.9761057560959214
-49.06595498903796,-31.2516145396926,-75.60687474753107,-64.47741228680454,-5.692340356520999,-67.7050818953628,-40.81382595817877,21.638205674630484,-45.51432794823997,12.695577287429616,-52.177955271359586,-22.900058083763714,-19.208073709099704,-109.58601387291445,15.866377708418947,40.581355677362154,34.094601949279564,-21.938776029312933,-3.451639532302708,-15.755946044371704,-50.71799745221273,17.137908265248967,-33.97695474967651,86.70830396084573,-6.2200662703457175,56.521276136659814,-7.335310292946598,50.81696049666794,99.71807125118205,-66.26858932580505,-1.0826460868768617,-44.08060717688204,62.96611565712888,39.5984397250384,70.904571029624,-73.05137230055918,-38.874888875170434,21.877041096120813,-3.8753858182408254,-8.515897445624711,0.25647445534911034,20.582992602586966,63.43465908545343,31.111033510446475
-97.00645417315945,-61.470088951105254,-150.20857376734753,-127.41558987568008,-11.699537675335222,-135.4285548084482,-80.49629936344421,42.208658263479556,-90.51612324033471,24.69446253490216,-103.2971110094267,-44.33606043348513,-36.40316071150456,-216.92581598856296,32.32361125485997,80.86258410487459,68.05624010606076,-44.23988481413226,-7.70483112360639,-30.607812736705156,-100.63956149758684,33.27180350003156,-66.64806336250344,172.17400625170004,-12.100603583689383,112.18636495630378,-13.766396488424924,99.71807125118205,197.27332346241508,-131.75987017643922,-1.7719806569087093,-85.35058299715035,124.74947044054464,79.34446413247593,140.26431254861407,-143.52707240956357,-76.93858185762522,42.7711451735387,-7.362816308294304,-16.66891044258793,0.20816336549386913,41.131847499665945,126.21553327808337,62.29399135520034
64.88267041153583,40.81108960759098,100.7043385349696,85.1204099463355,8.068946792291275,91.18382147132645,53.71214522855312,-27.861056678932115,60.704185892371335,-16.286215185215514,69.15709252382018,29.211323742236143,23.516008277543484,145.0766173702877,-21.955188390589264,-54.28651424691979,-45.853198262062975,29.92833789406629,5.647109841212889,20.078636855535866,67.36693707068508,-21.98199859915082,44.3231023862502,-115.35022381746283,7.971733264361291,-75.08397377767339,8.87137465102397,-66.26858932580505,-131.75987017643922,88.33122819820201,1.0364173109909223,56.17524161842604,-83.4012469514172,-53.43191515413562,-93.73001179952963,95.4646013430017,51.36210170400017,-28.33316053197261,4.799676307773371,11.028443755144945,0.017310279317541276,-27.61204308162481,-84.73976656636013,-41.98082401914197
0.8978012653825987,0.6240756458376502,1.2075253485780002,1.1775003558504655,0.022546120734106827,0.8890933699846382,0.7786861630897465,-0.5038569035983885,0.7066442638855712,-0.3201544173202118,0.9272154339557247,0.6174421023917354,0.6673519896858421,1.9239569937246543,-0.07494873652773709,-0.5871469890508035,-0.4914287111115346,0.20851032386320603,-0.1063280529094537,0.3845281804951571,0.8288421088830523,-0.4472870116849999,0.7291080951940202,-1.4082643717215448,0.14873941013885525,-0.9268750224294222,0.28885624962148815,-1.0826460868768617,-1.7719806569087093,1.0364173109909223,0.10914669328740007,1.163626096502802,-1.0834816836726755,-0.4880700942536182,-1.254110556353069,1.5007643876943737,0.6712106176797926,-0.5055793086178868,0.13079250876352308,0.18345435183840297,-0.07382580127657654,-0.270108917786782,-0.9823672358078984,-0.39878733401088556
41.89107059542268,27.13520647830929,64.12237774723351,55.215106560634375,4.422239436711916,56.71567324575427,35.06632546851008,-19.077776827419857,38.551893377287136,-11.199144601941981,44.422879814570294,20.32088758490182,17.819495090833385,93.55193287530535,-12.921960259783608,-34.29421353062936,-28.534162311136345,18.120490969151163,2.093549120048323,14.082417955491412,43.18811494116779,-15.098167752216128,29.455549612033536,-73.63746106571915,5.51993144692241,-48.09015920719331,6.852853979700931,-44.08060717688204,-85.35058299715035,56.17524161842604,1.163626096502802,39.23525250643693,-53.73630294369485,-33.124040981800796,-60.672299557548584,63.28617064651923,33.325147772813,-19.101673327085607,3.5427637804466228,7.473359149221999,-0.45722287244532733,-17.357676488725872,-53.58255007513369,-25.984534514086917
-61.34821297435662,-38.82042895458983,-95.06851090820881,-80.55973934695821,-7.464613568137686,-85.82411860151706,-50.87659111916868,26.61088826937836,-57.29873112528708,15.567520969048228,-65.34678075337087,-27.920771486666464,-22.81372366542763,-137.2012862857778,20.54726324279507,51.199536680914676,43.125769980514804,-28.077856524108636,-4.998214547551233,-19.274358418494938,-63.672211116765716,20.969878144144083,-42.08084310968246,108.96017620228227,-7.622945127570089,70.99043767911218,-8.615506289356013,62.96611565712888,124.74947044054464,-83.4012469514172,-1.0834816836726755,-53.73630294369485,78.9144722169777,50.29474287680357,88.69384056573058,-90.63745058411239,-48.64855119303745,26.991732661348262,-4.619947986782071,-10.513381916454138,0.09857026261917375,26.05597731177509,79.91429219118592,39.48955003099301
-39.03041870277027,-24.45851595843971,-60.85869011814276,-51.188473341692635,-5.019433638432603,-55.45489235413677,-32.239729913928834,16.562525879512744,-36.72459488205832,9.656524435711438,-41.652161759032325,-17.223877837865263,-13.572739221067112,-87.38522148196354,13.579240481745606,32.89785248368874,27.819358008764,-18.333792744223295,-3.7150711036835777,-11.896840400640242,-40.6741843378614,12.995586213348327,-26.466319792537142,69.68805670737937,-4.724792177421401,45.35681279400186,-5.060296099280784,39.5984397250384,79.34446413247593,-53.43191515413562,-0.4880700942536182,-33.124040981800796,50.29474287680357,32.5567010633819,56.42518278639554,-57.1005136442816,-30.942801676976266,16.877903536696678,-2.7701834145323048,-6.576415536101044,-0.1140752667786884,16.78731954735396,51.278700428356466,25.554390956317892
-69.07093559230054,-43.62562208146582,-106.90659096882678,-90.6707071375433,-8.361682779695153,-96.38203203020478,-57.28502531732181,29.950885251062086,-64.40381256425489,17.523807181574604,-73.55204388262464,-31.532096221610765,-25.791606184745984,-154.3638927872112,22.960721567407596,57.539499194903165,48.50209109578963,-31.479490977041138,-5.570416321131984,-21.662835927518884,-71.58849316117237,23.67447215490455,-47.43339625183933,122.49316768622299,-8.589521576188924,79.7585038477057,-9.783977437677338,70.904571029624,140.26431254861407,-93.73001179952963,-1.254110556353069,-60.672299557548584,88.69384056573058,56.42518278639554,99.79170956387341,-102.08847467387864,-54.68375951215337,30.381427502913414,-5.249282698413776,-11.833230112362887,0.11110965919169911,29.219430551526916,89.85477081396496,44.33741019985667
70.62732486169202,44.93182591889121,108.92154109911544,92.81372571115277,8.224252711385553,97.62272057630537,58.735661078881954,-31.079552126335248,65.57316981873412,-18.211817476186226,75.1165426086307,32.8626713909458,27.483697746261484,157.7775084425813,-22.93485062589266,-58.49994206490794,-49.14467316418048,31.671315445685856,5.050417374553006,22.61456032953169,73.05512348239066,-24.597041268195035,48.8568932348221,-124.88360841134417,8.937044240975016,-81.38277539996929,10.483173959638584,-73.05137230055918,-143.52707240956357,95.4646013430017,1.5007643876943737,63.28617064651923,-90.63745058411239,-57.1005136442816,-102.08847467387864,105.07532826124526,55.971521489793446,-31.412785828215114,5.556503616302486,12.244177326972554,-0.31733361210255884,-29.66963292717029,-91.39582661648883,-44.85782964312244
37.74940004344737,24.035787658295025,58.521983512971104,49.64496930610907,4.506761566614013,52.76123602297969,31.362075533978704,-16.513635643287873,35.27739172543593,-9.641083107666747,40.191798064885226,17.277271675072743,14.279993071952552,84.51923968148083,-12.636344200999114,-31.53279063972973,-26.44509333232297,17.2455201568183,2.910884723950667,12.027131755065419,39.2481949973117,-12.948791121350803,25.957868596768787,-67.09874833631046,4.73861375313208,-43.75534117888036,5.371155246808203,-38.874888875170434,-76.93858185762522,51.36210170400017,0.6712106176797926,33.325147772813,-48.64855119303745,-30.942801676976266,-54.68375951215337,55.971521489793446,30.04574183882887,-16.679853565432424,2.8683900251337655,6.524179805412819,-0.09108221354459467,-16.07305422227537,-49.139909309483436,-24.258079627602797
-21.00180300193097,-13.482666668764612,-32.309235845853784,-27.630511612033224,-2.375305898878968,-28.842614240610054,-17.504745503478883,9.37361541609453,-19.45080288237751,5.50596642313711,-22.3176943953377,-9.917422317953438,-8.448079083121524,-46.92602033747288,6.721180207461841,17.32318873323472,14.504442478443229,-9.31176635913884,-1.343451015104235,-6.866180023025912,-21.706662045577406,7.4064811194481335,-14.607383764719637,37.088331692146006,-2.6961870273763893,24.20916960911262,-3.2243174776091026,21.877041096120813,42.7711451735387,-28.33316053197261,-0.5055793086178868,-19.101673327085607,26.991732661348262,16.877903536696678,30.381427502913414,-31.412785828215114,-16.679853565432424,9.452117676587916,-1.685252377855019,-3.679878399180188,0.15977221861404312,8.799580037706304,27.07568602751687,13.244530050071468
3.642321231683357,2.3509514778681964,5.504538009182998,4.794148008018752,0.3541938037625089,4.7837123579926075,3.0602591268158124,-1.6824863987122933,3.2964789888383983,-0.9944580681320784,3.8540263549363463,1.837365763937096,1.654069415690004,8.091382918649083,-1.0274938575569001,-2.919682989075299,-2.4382963486935325,1.497576348153014,0.13037972239603882,1.2399945842327522,3.7062415001303104,-1.3619795231499199,2.601162513663632,-6.316150264467508,0.4905256236735818,-4.115783273842217,0.6555390935650364,-3.8753858182408254,-7.362816308294304,4.799676307773371,0.13079250876352308,3.5427637804466228,-4.619947986782071,-2.7701834145323048,-5.249282698413776,5.556503616302486,2.8683900251337655,-1.685252377855019,0.33825435825562744,0.654849147404614,-0.05645275691067426,-1.4570215959447452,-4.58971066811041,-2.188553656696623
8.138047226724847,5.289913667995689,12.558435863077024,10.743810066660968,0.8900098467824814,11.20887737955901,6.804865623567156,-3.683899420571845,7.566484443351399,-2.1498132849653824,8.642134631045028,3.85995225044926,3.3424732687350533,18.24261940812593,-2.6357493803786487,-6.751438296382955,-5.595137956887746,3.6230501001108757,0.46435689002911995,2.7277099640323668,8.46186276436886,-2.870458864917365,5.67506398856319,-14.424996215584864,1.062861549054319,-9.43316606796123,1.258705273359282,-8.515897445624711,-16.66891044258793,11.028443755144945,0.18345435183840297,7.473359149221999,-10.513381916454138,-6.576415536101044,-11.833230112362887,12.244177326972554,6.524179805412819,-3.679878399180188,0.654849147404614,1.4495362549165505,-0.0654596191103546,-3.445692678727171,-10.50205310331431,-5.138655377622561
-0.047163638312158966,-0.18796716682005854,0.03309462925684183,-0.11098333269113195,0.10362425616012604,0.20067151522409582,-0.09816842356004954,0.20078538145782696,0.025027635357448133,0.12789029101882218,-0.020906415341762612,-0.22626671090272024,-0.4073950952203415,-0.11976278361475383,-0.12842666372806968,-0.05281525638081309,-0.12254879564643725,0.12954145742833215,0.22598801007354302,-0.20875930767116807,-0.029558861151907305,0.14253923379678618,-0.14840988425413165,0.009809227426527374,-0.06259101933096375,0.05174860767301301,-0.1595818425001978,0.25647445534911034,0.20816336549386913,0.017310279317541276,-0.07382580127657654,-0.45722287244532733,0.09857026261917375,-0.1140752667786884,0.11110965919169911,-0.31733361210255884,-0.09108221354459467,0.15977221861404312,-0.05645275691067426,-0.0654596191103546,0.08030664077924009,-0.01720467207265534,-0.08263288818143122,-0.10866861387184086
-20.14846289824813,-12.775593099912264,-31.42410838075567,-26.491061042308214,-2.5120774988863044,-28.55564443768967,-16.69673811086872,8.690914961339088,-18.968983203696848,5.057260339750475,-21.48771375602315,-8.994872366747565,-7.255475845606397,-45.19457220666405,6.989203010814741,16.991168476464726,14.269436832634335,-9.422689986898353,-1.7599554431379076,-6.3084832093569965,-21.049026826482063,6.764374975822005,-13.727744870746731,36.016017242131795,-2.484925856987439,23.48601196435347,-2.688930006175614,20.582992602586966,41.131847499665945,-27.61204308162481,-0.270108917786782,-17.357676488725872,26.05597731177509,16.78731954735396,29.219430551526916,-29.66963292717029,-16.07305422227537,8.799580037706304,-1.4570215959447452,-3.445692678727171,-0.01720467207265534,8.700128364554022,26.43001849404886,13.145944913998486
-62.328689489263596,-38.916437007913515,-96.68740141808084,-81.64519967431423,-7.8776264894782555,-87.61972361698396,-51.511743107534855,26.51887789599724,-58.25955507936245,15.525377935883723,-66.4639095861841,-27.914129157335214,-22.20456093706948,-139.18898768950262,21.058882212507118,52.093566397416595,44.19563624468564,-28.7762445089015,-5.691080243988664,-18.99010658477717,-64.58153015906836,21.050345828600527,-42.48674162356062,110.67720263326979,-7.581066691514438,71.95372160007568,-8.426148633507005,63.43465908545343,126.21553327808337,-84.73976656636013,-0.9823672358078984,-53.58255007513369,79.91429219118592,51.278700428356466,89.85477081396496,-91.39582661648883,-49.139909309483436,27.07568602751687,-4.58971066811041,-10.50205310331431,-0.08263288818143122,26.43001849404886,81.44273714190392,40.367468732395984
-30.74328306717219,-19.124304856317345,-47.86678271296842,-40.254979662465445,-3.998255117156029,-43.60283150031828,-25.358720855046986,12.943587830121567,-28.86653688162053,7.564094214984315,-32.817839752999674,-13.539119402017947,-10.569031432275175,-68.7194369897105,10.622654548997293,25.845369693296153,21.957653435624675,-14.406154965021805,-3.0242183933205635,-9.238162851663974,-31.94229893315313,10.235399768071996,-20.82662505609345,54.77606062730911,-3.6904734155690986,35.605892259411085,-3.9761057560959214,31.111033510446475,62.29399135520034,-41.98082401914197,-0.39878733401088556,-25.984534514086917,39.48955003099301,25.554390956317892,44.33741019985667,-44.85782964312244,-24.258079627602797,13.244530050071468,-2.188553656696623,-5.138655377622561,-0.10866861387184086,13.145944913998486,40.367468732395984,20.10569304881726
