V1,V2,V3,V4,V5,V6,V7,V8,V9,V10,V11,V12,V13,V14,V15,V16,V17,V18,V19,V20,V21,V22,V23,V24,V25,V26,V27,V28,V29,V30,V31,V32,V33,V34,V35,V36,V37,V38,V39,V40,V41,V42,V43,V44
0.23915087390885123,-0.11108672301501087,-0.06284046803564272,0.608091592522803,0.2545154711310528,0.6092768610079756,-0.1950366005601813,0.8560043671365286,-0.13154060279107066,-0.20522553656379736,0.6525692341235975,0.20373099274907605,-0.4291166311081288,-0.01361293920133486,0.7296776684358084,0.05580693720944158,0.17037467581784255,-0.06759764941611764,0.19138327569231095,-0.010147736078471147,-0.10602509439988377,-0.4561154945572897,0.33583389246575407,0.2919967867325001,0.19821653663571315,-0.14416348401751689,-0.009502712807591832,0.45821350786960147,-0.07554058694899381,-0.31775983403070873,-0.28393150880249474,0.4408756978596027,-0.18680930715710267,0.032802727519339187,0.043676415855284006,-0.09841709161873438,-0.2547806662497283,0.9563617214652419,-0.6894634175919686,-0.11032116362098796,-0.184542039230314,0.1251003126936182,-0.23577721818584366,0.4897150273487312
-0.11108672301501087,2.887143777552447,-3.7030304001607637,4.538001341806784,2.0279458472320733,6.622809949724029,2.367624570144189,4.459500797534602,-0.815408128859336,-1.209279170851194,6.325849496261485,4.099943355784019,-3.1354831313000955,-1.155948913463886,3.723827398084138,1.1123292828598514,3.3070378762840336,-0.9413215848504602,2.2629913336363017,2.90025805729193,0.5177478122263404,-1.0978722393912965,1.7729538899280026,0.4793047169922222,0.25006072585822475,2.2962515305956086,-0.6561207285171405,1.6671577423495738,0.22265479605154642,-0.9198878362740401,-1.3824966747543597,1.638038456084381,-2.4177094679954196,2.562783324041822,1.4315212891508413,0.6433280540674656,-4.105553927295275,9.984064334276852,-6.3573092271006,0.6702961410994651,3.749175891694842,-2.042297770818486,0.663158554000395,5.612988043603738
-0.06284046803564272,-3.7030304001607637,5.00533090181807,-6.848659671896142,-2.913686172319869,-9.621007069774974,-3.0165768223116958,-6.998567261789187,1.2847825845828158,1.8472837435580935,-9.268461186521375,-5.716008117643022,4.788572684248978,1.504287425336603,-5.815735257661408,-1.4536332916883083,-4.645918171592141,1.3427717188152872,-3.247923505761009,-3.8704008477699134,-0.5928585565048436,2.013827213326755,-2.781124345340017,-0.9562203505324768,-0.5347887956508705,-3.027814536973563,0.8717601526621332,-2.7815646158429823,-0.2137135928896327,1.6600253693955886,2.3008280813696214,-2.7733882610331175,3.408525733893573,-3.520550252140825,-1.9488186626587283,-0.8317384577506892,5.745519235400447,-14.704914250866636,9.283188845359758,-0.8190021799113761,-4.892032840621293,2.642052796984216,-0.5637336845938498,-8.17726106522951
0.608091592522803,4.538001341806784,-6.848659671896142,11.77191709648502,4.53065173217216,15.366879568667262,3.879403212079535,12.610275664331109,-2.376742959190448,-3.009376727213222,15.091990790948158,8.430858515056018,-8.238113308047362,-1.8191440633618938,10.350775030153748,1.6736815801049387,7.032503525038094,-2.1530666954369266,5.043255707284482,5.240075064330811,0.5709515910509528,-4.359703282847538,5.117209569450912,2.2292363797236585,1.3751016004073466,4.146883814883649,-1.202342595098869,5.545272249967104,0.10432487439269092,-3.5828728137250714,-4.613427406669857,5.605173058863955,-5.118069506404409,5.143817501618335,2.71767572949545,1.3576813198031117,-8.512789475367155,24.299394662689267,-14.918208054847776,0.9756337285170628,6.371512190340159,-3.3951844679682237,-0.3167097907676794,13.178722273702528
0.2545154711310528,2.0279458472320733,-2.913686172319869,4.53065173217216,2.031674947011315,6.045436690171981,1.4874555702347438,4.903347163389565,-0.938633219765779,-1.3513896404927772,6.039551061487276,3.407448121001009,-3.1752527172507716,-0.8562983880445669,4.092904920848654,0.929147961651213,2.793428009131341,-0.8818339495391188,2.1231189003463995,2.1856243098099126,0.10280516013215212,-1.7611260644214224,1.9758009737547426,0.8534546047988594,0.5314831437132518,1.41832076187216,-0.5204031198022915,2.032549790657672,-0.10856486615450964,-1.3523534151852061,-1.5585076977863883,1.9545555449303822,-2.2724571213450946,2.0021191471374524,1.2674451282936445,0.3711453082706994,-3.5026443060303354,9.282846371894731,-6.033292278234832,0.33224349201290637,2.349853963976326,-1.3771149300557042,-0.03584357707019614,5.129078273242049
0.6092768610079756,6.622809949724029,-9.621007069774974,15.366879568667262,6.045436690171981,20.57093865276854,5.60454694978925,16.25025443015886,-2.9969220844543925,-3.933407066591583,20.01872822609129,11.601087089452355,-10.73966892210548,-2.6787717683655474,13.383317287103415,2.4666263214080244,9.564157728039605,-2.8541321648013827,6.764987589237838,7.3986721269130875,1.01526553135977,-5.279690289330325,6.537438569390392,2.68375555834268,1.6311392462702223,5.910484017017658,-1.6764542847737054,6.976267524515481,0.3496908916890278,-4.34716332808733,-5.80238153062275,7.076552895429492,-6.86178816715014,7.13517155809844,3.700165392127791,1.8448668781196882,-11.674597378182774,32.20496187392581,-19.870279015277372,1.4307488066750231,9.253007707446706,-4.892977540589368,0.13604735953242403,17.56981353601398
-0.1950366005601813,2.367624570144189,-3.0165768223116958,3.879403212079535,1.4874555702347438,5.60454694978925,2.3226164149520043,3.560413912474075,-0.5670746102238361,-0.6275052007089031,5.1747639806135926,3.471283101382431,-2.5099857462132324,-0.8771815398868045,2.9318639948490905,0.6637264991091618,2.8770217832412284,-0.7567049567746995,1.7116788242989678,2.507261065556167,0.6707945463423088,-0.57440423901081,1.4724540330154587,0.32199145369111676,0.20090272213661345,2.373640143595762,-0.6010629096808588,1.5082755561830163,0.5256226377640789,-0.6284017027631532,-1.3319595842478757,1.5137686877143164,-1.7744309902789934,2.2957584670286284,0.9938665789747771,0.8744452231581142,-3.416234055291995,8.665237310624585,-5.180539546956414,0.7509513310928785,3.713301860259715,-1.820365867728394,0.6947938923063315,4.774101055108147
0.8560043671365286,4.459500797534602,-6.998567261789187,12.610275664331109,4.903347163389565,16.25025443015886,3.560413912474075,13.964201944494388,-2.739599841925357,-3.5594653334214206,16.2232236675961,8.739776613709399,-9.026589439393671,-1.8127479115063416,11.44337903866119,1.775967423522633,7.211060039715757,-2.3362032254838816,5.47473693138044,5.180065971524702,0.3519079462161449,-5.306399731823561,5.636993491685885,2.619978309403562,1.6278602235176591,3.8249293616182705,-1.148397837231667,6.093117157475693,-0.22998351395218486,-4.196277350101696,-5.0392035997610005,6.22662587120177,-5.440784821525148,5.265461650411807,2.870400916186741,1.2279168402491907,-8.844588066232745,25.828171142406333,-15.929537989403581,0.7249126872261348,5.833394931853721,-3.2886266213092648,-0.846299936729269,13.942854151530893
-0.13154060279107066,-0.815408128859336,1.2847825845828158,-2.376742959190448,-0.938633219765779,-2.9969220844543925,-0.5670746102238361,-2.739599841925357,0.6891919667682466,0.8717255472041907,-3.153443919461951,-1.5835208028124064,1.8452425659220193,0.2731990926305279,-2.1986058486956224,-0.3284868605814149,-1.2656492716059287,0.5266196675405619,-1.1088228885417695,-0.8436080106210474,0.045429225413714545,1.2940075669258342,-1.1349709274452067,-0.5037467783361015,-0.2911552865983545,-0.5676189541279996,0.16139086448832432,-1.101139210987807,0.28611437141042934,0.9646692004289993,0.9760758376322776,-1.1557751522209332,1.0814316618493187,-0.934048863909759,-0.627132170314201,-0.2133249166920868,1.572286366192119,-4.88508651862137,2.9916536710573114,-0.06863935766378763,-0.7234598724143112,0.5783854153488104,0.3863467789430727,-2.6282290851537495
-0.20522553656379736,-1.209279170851194,1.8472837435580935,-3.009376727213222,-1.3513896404927772,-3.933407066591583,-0.6275052007089031,-3.5594653334214206,0.8717255472041907,1.3232679769302167,-4.152186289524897,-2.1205724591340553,2.4164815786494795,0.4983696151646303,-2.9125442109915785,-0.6627829331918694,-1.6687339297885035,0.6472183120808156,-1.5623704015178008,-1.2050205172266184,0.15186393192254835,1.6933220665097395,-1.3928289118250674,-0.6526891999411342,-0.33772002128279827,-0.5774246975227194,0.2094205012073825,-1.2971496919697016,0.47818494641095305,1.2232409183482311,1.1014616332081182,-1.3423905980929938,1.597341051037943,-1.1908368510318528,-0.9614143283069142,-0.03299598537122054,2.160273954932712,-6.160517968453283,4.013657527927953,-0.030444631610034033,-0.8765322390563998,0.7826523934406476,0.3950498713139124,-3.4123039444829963
0.6525692341235975,6.325849496261485,-9.268461186521375,15.091990790948158,6.039551061487276,20.01872822609129,5.1747639806135926,16.2232236675961,-3.153443919461951,-4.152186289524897,19.778128568740904,11.177580673725577,-10.698174533813152,-2.5187885144459212,13.329713870640644,2.4327654845392424,9.182871654369508,-2.884446426363975,6.755901875383241,7.005360334691738,0.7334945954985017,-5.696096618904213,6.553018074444873,2.7460102973594416,1.681079026658249,5.348378464477093,-1.5743701059321211,6.883477666156101,-0.024225224462505964,-4.563477898250859,-5.725636803690134,6.980735831461544,-6.841177775318098,6.840190925930702,3.731376497014157,1.7107460774454721,-11.262182316189362,31.475979139843826,-19.49584813758571,1.2260277436338791,8.298957622333672,-4.630605267266909,-0.2778105241699448,17.143451425678943
0.20373099274907605,4.099943355784019,-5.716008117643022,8.430858515056018,3.407448121001009,11.601087089452355,3.471283101382431,8.739776613709399,-1.5835208028124064,-2.1205724591340553,11.177580673725577,6.760721695678069,-5.852094426009641,-1.6467408192591537,7.224124993041343,1.512870398671278,5.49797247311476,-1.619371787784387,3.808410774429274,4.4118582409893525,0.7506137527832385,-2.61597346366038,3.5110413864715784,1.3110321087470216,0.7922367828583876,3.5948152701962752,-1.000123439141471,3.6622378274576985,0.3414758065430689,-2.1535474947741062,-3.0332502464444486,3.7155055814140012,-3.866785365661009,4.189783592302315,2.1195599068194717,1.1167960915822008,-6.767736091868388,17.977645666478914,-11.144300813142205,0.9039599449118272,5.69410039686952,-2.981672656784465,0.4266513405201745,9.863352435238506
-0.4291166311081288,-3.1354831313000955,4.788572684248978,-8.238113308047362,-3.1752527172507716,-10.73966892210548,-2.5099857462132324,-9.026589439393671,1.8452425659220193,2.4164815786494795,-10.698174533813152,-5.852094426009641,5.999379668694139,1.234437260173842,-7.365627197865322,-1.216583834321849,-4.814009816836811,1.5647141477789925,-3.6504728159254842,-3.526473831528951,-0.2635617430634336,3.4107322274465943,-3.6341216550188307,-1.5956388479502166,-0.9350668930509752,-2.6909053262225253,0.7542785812432049,-3.8179577126395197,0.20842407828674056,2.72152976502372,3.2660492143362103,-3.936711917120518,3.6459429748763745,-3.5403755050095223,-1.9948067722284417,-0.8199775753629157,5.879736665936172,-17.064211702729448,10.473149136462471,-0.5624808816433933,-4.0367371293466086,2.3222851359440475,0.452909845506701,-9.261900529150134
-0.01361293920133486,-1.155948913463886,1.504287425336603,-1.8191440633618938,-0.8562983880445669,-2.6787717683655474,-0.8771815398868045,-1.8127479115063416,0.2731990926305279,0.4983696151646303,-2.5187885144459212,-1.6467408192591537,1.234437260173842,0.5295093052539276,-1.5474777997784386,-0.5218624820453035,-1.3449950140882314,0.3335320776516449,-0.917648570014461,-1.1964872243763403,-0.18901230763278673,0.3988916941990937,-0.6827526820935212,-0.2299019457205358,-0.11173500860088448,-0.8626218137194264,0.26961740861677613,-0.6775847342306692,-0.1113351428250626,0.3406830824706257,0.5105465431046691,-0.6429318940043515,1.0205586937257842,-0.9916435991156441,-0.593542561348678,-0.14445937995698355,1.6918488981760282,-3.9151787593962246,2.601874071940728,-0.24786169783639345,-1.5176440516595284,0.7928572736786361,-0.3305504163156776,-2.2399455647308657
0.7296776684358084,3.723827398084138,-5.815735257661408,10.350775030153748,4.092904920848654,13.383317287103415,2.9318639948490905,11.44337903866119,-2.1986058486956224,-2.9125442109915785,13.329713870640644,7.224124993041343,-7.365627197865322,-1.5474777997784386,9.41479065431503,1.535587177281589,5.963919759842322,-1.897533093518335,4.510925310939036,4.325432800139096,0.28763157073258483,-4.284353297187445,4.60394380791343,2.1533491965363827,1.3416174691483114,3.1293538957064704,-0.9691033316928651,4.995784658977663,-0.155485904329373,-3.3858714016476346,-4.072754210780432,5.066724252040049,-4.526897197240735,4.328640498809268,2.3855440600692663,0.95520702566271,-7.339593795256849,21.153776944124242,-13.149364214699293,0.6007206997653709,4.864133488664877,-2.7126959403382145,-0.6055827079093098,11.45151983546067
0.05580693720944158,1.1123292828598514,-1.4536332916883083,1.6736815801049387,0.929147961651213,2.4666263214080244,0.6637264991091618,1.775967423522633,-0.3284868605814149,-0.6627829331918694,2.4327654845392424,1.512870398671278,-1.216583834321849,-0.5218624820453035,1.535587177281589,0.6221228653963411,1.2043165879544255,-0.3401582464380425,0.9525580047169822,1.080037310468472,0.026561613128182216,-0.5642269005340326,0.6587789585197005,0.2470497775466984,0.10931412459138987,0.5693027960635454,-0.23970165712492428,0.5787157204946138,-0.09470313907267296,-0.4027864192315004,-0.3870025235688801,0.5071873156284279,-1.1057610870713552,0.8408782973523852,0.6796408457760028,-0.017809420017963574,-1.5850705827304334,3.505980775278406,-2.5140316873687096,0.15276061188139176,1.0982570610580114,-0.6848613812847101,0.221593528548818,2.0575154383822327
0.17037467581784255,3.3070378762840336,-4.645918171592141,7.032503525038094,2.793428009131341,9.564157728039605,2.8770217832412284,7.211060039715757,-1.2656492716059287,-1.6687339297885035,9.182871654369508,5.49797247311476,-4.814009816836811,-1.3449950140882314,5.963919759842322,1.2043165879544255,4.574410692041322,-1.2896316697019636,3.1049052748365926,3.6671796661052407,0.5808120400741125,-2.0842289184089324,2.899179639516138,1.1058331662238807,0.6598352363365353,2.9999480187438152,-0.8493657246319134,3.0840269207286517,0.31619753938343387,-1.7931377243445572,-2.5616319776422527,3.080435566526716,-3.233697750875406,3.408023865677629,1.766819234528876,0.9171459639838756,-5.541535502255446,14.840735802477035,-9.185337090139564,0.8151950599577499,4.7625805557589,-2.4519784840876153,0.3610895719578542,8.155719136389123
-0.06759764941611764,-0.9413215848504602,1.3427717188152872,-2.1530666954369266,-0.8818339495391188,-2.8541321648013827,-0.7567049567746995,-2.3362032254838816,0.5266196675405619,0.6472183120808156,-2.884446426363975,-1.619371787784387,1.5647141477789925,0.3335320776516449,-1.897533093518335,-0.3401582464380425,-1.2896316697019636,0.478388873590844,-0.9908060992598355,-0.9588423994795491,-0.0971571253958382,0.9200315834389441,-0.9798363974950118,-0.3779000563525991,-0.23649897451161753,-0.745466294668249,0.21593019688274998,-0.9601925164121303,0.0794698570916034,0.6940339930749455,0.8117998980284734,-0.9813204677301519,0.9827588336860166,-0.9853183993522657,-0.5579838818249601,-0.29309710220998864,1.6054122269269102,-4.537324041113427,2.7969459799896605,-0.15692197496897023,-1.0763982199373097,0.6650328369981074,0.1137990285689294,-2.457113497475652
0.19138327569231095,2.2629913336363017,-3.247923505761009,5.043255707284482,2.1231189003463995,6.764987589237838,1.7116788242989678,5.47473693138044,-1.1088228885417695,-1.5623704015178008,6.755901875383241,3.808410774429274,-3.6504728159254842,-0.917648570014461,4.510925310939036,0.9525580047169822,3.1049052748365926,-0.9908060992598355,2.391818556540185,2.4227597465277295,0.17513960098486694,-1.9961592581502414,2.1814252928252906,0.9037612156343294,0.5278638375463612,1.700737167842882,-0.5183844379558695,2.2058622159092045,-0.14156319287062666,-1.5621887098743685,-1.8347029055673265,2.23498979410021,-2.4563087243348503,2.314030302558534,1.3894153380002303,0.47239062076131283,-3.852885868619217,10.549505440588558,-6.648808236124187,0.375983429364367,2.6965944494869767,-1.6136953015910873,-0.09144301531938068,5.79874702903578
-0.010147736078471147,2.90025805729193,-3.8704008477699134,5.240075064330811,2.1856243098099126,7.3986721269130875,2.507261065556167,5.180065971524702,-0.8436080106210474,-1.2050205172266184,7.005360334691738,4.4118582409893525,-3.526473831528951,-1.1964872243763403,4.325432800139096,1.080037310468472,3.6671796661052407,-0.9588423994795491,2.4227597465277295,3.1297846869394665,0.5520876998031606,-1.229956582020456,2.048533640897763,0.6727277807905792,0.38552141076768237,2.5341556213327703,-0.7269910504579341,2.1252344847679683,0.368326577703466,-1.1160757817052662,-1.7535978530985012,2.0867609198568964,-2.5903897387692334,2.7759645328609284,1.4562328306044736,0.7234938620140078,-4.4545871622143185,11.273155188955796,-7.068616696959116,0.751881485469804,4.155628585879655,-2.134152696494004,0.6371283413678023,6.277828600761032
-0.10602509439988377,0.5177478122263404,-0.5928585565048436,0.5709515910509528,0.10280516013215212,1.01526553135977,0.6707945463423088,0.3519079462161449,0.045429225413714545,0.15186393192254835,0.7334945954985017,0.7506137527832385,-0.2635617430634336,-0.18901230763278673,0.28763157073258483,0.026561613128182216,0.5808120400741125,-0.0971571253958382,0.17513960098486694,0.5520876998031606,0.4016290494980278,0.27575502939726526,0.14700785909595465,-0.05568587866009533,-0.01433008664219369,0.7769643430536463,-0.12262390455354998,0.21335869408058597,0.40912772442300843,0.14100502080452648,-0.2150129627130674,0.28274972314557656,-0.07962556783636403,0.572532255870464,-0.002675175251786566,0.334482093992873,-0.6820965478041312,1.568220668381954,-0.7720386200232668,0.21860903769625928,1.2094069613501044,-0.44241289595670785,0.3838567845472368,0.8264583001587013
-0.4561154945572897,-1.0978722393912965,2.013827213326755,-4.359703282847538,-1.7611260644214224,-5.279690289330325,-0.57440423901081,-5.306399731823561,1.2940075669258342,1.6933220665097395,-5.696096618904213,-2.61597346366038,3.4107322274465943,0.3988916941990937,-4.284353297187445,-0.5642269005340326,-2.0842289184089324,0.9200315834389441,-1.9961592581502414,-1.229956582020456,0.27575502939726526,2.7051218942587703,-2.1745543549847652,-1.1309632152294202,-0.6971071696770472,-0.5753273080723638,0.2342093942443556,-2.2139892740605167,0.6545710737586496,1.9625611844818314,1.8556178583836687,-2.3048424018486475,1.9158651502382753,-1.4736059137571025,-1.0539859445804614,-0.2140617748696523,2.65094109207756,-8.653530972070023,5.398110452318516,0.0791082554755869,-0.6660922367878325,0.7406323606143681,1.0111734313972192,-4.604515015353811
0.33583389246575407,1.7729538899280026,-2.781124345340017,5.117209569450912,1.9758009737547426,6.537438569390392,1.4724540330154587,5.636993491685885,-1.1349709274452067,-1.3928289118250674,6.553018074444873,3.5110413864715784,-3.6341216550188307,-0.6827526820935212,4.60394380791343,0.6587789585197005,2.899179639516138,-0.9798363974950118,2.1814252928252906,2.048533640897763,0.14700785909595465,-2.1745543549847652,2.3213724661727246,1.0575034339676483,0.6758028395342042,1.5631289427798374,-0.47346543377576816,2.4972539889670267,-0.09623320063989202,-1.7135372758038672,-2.0637410225983395,2.5349474639926517,-2.1670984428698152,2.1172634567295425,1.1398367606308646,0.5782110997211167,-3.539380894579459,10.459094037394376,-6.410843967487299,0.30925249622553913,2.313749796524253,-1.30928257872782,-0.3963217563561128,5.619439559265706
0.2919967867325001,0.4793047169922222,-0.9562203505324768,2.2292363797236585,0.8534546047988594,2.68375555834268,0.32199145369111676,2.619978309403562,-0.5037467783361015,-0.6526891999411342,2.7460102973594416,1.3110321087470216,-1.5956388479502166,-0.2299019457205358,2.1533491965363827,0.2470497775466984,1.1058331662238807,-0.3779000563525991,0.9037612156343294,0.6727277807905792,-0.05568587866009533,-1.1309632152294202,1.0575034339676483,0.6013473640798649,0.3876120664288179,0.3940483988215054,-0.15427973464624975,1.2165700176528473,-0.11697822997697464,-0.8717444879660614,-0.9562537401537359,1.2287327200988558,-0.8917012370254453,0.7369989180220823,0.4296269262766787,0.11368633073116897,-1.3648751761951607,4.322331464974474,-2.701417981189072,0.011721965200960202,0.5954906729985722,-0.34524134395735273,-0.3643974687025623,2.298178915531074
0.19821653663571315,0.25006072585822475,-0.5347887956508705,1.3751016004073466,0.5314831437132518,1.6311392462702223,0.20090272213661345,1.6278602235176591,-0.2911552865983545,-0.33772002128279827,1.681079026658249,0.7922367828583876,-0.9350668930509752,-0.11173500860088448,1.3416174691483114,0.10931412459138987,0.6598352363365353,-0.23649897451161753,0.5278638375463612,0.38552141076768237,-0.01433008664219369,-0.6971071696770472,0.6758028395342042,0.3876120664288179,0.28629094897845886,0.22789663360363765,-0.10594615933593104,0.8071148161020291,-0.02150110336880997,-0.5238645969302347,-0.6046322718593661,0.8098699904878972,-0.49050630529925576,0.4672224946931285,0.20318729098831276,0.13271203167193238,-0.8225312616775059,2.661683396725994,-1.6424342678457393,-0.007528629947398727,0.349370916893676,-0.1860245403549326,-0.2474011403174249,1.378422374767427
-0.14416348401751689,2.2962515305956086,-3.027814536973563,4.146883814883649,1.41832076187216,5.910484017017658,2.373640143595762,3.8249293616182705,-0.5676189541279996,-0.5774246975227194,5.348378464477093,3.5948152701962752,-2.6909053262225253,-0.8626218137194264,3.1293538957064704,0.5693027960635454,2.9999480187438152,-0.745466294668249,1.700737167842882,2.5341556213327703,0.7769643430536463,-0.5753273080723638,1.5631289427798374,0.3940483988215054,0.22789663360363765,2.581719726869318,-0.5909336889553917,1.7056073332082808,0.6584449141725164,-0.6905713449655035,-1.5489374251196393,1.772705220729523,-1.699492385618212,2.3808206231649516,0.9059355646036765,0.9245642982098894,-3.5157726692633946,9.229851738645714,-5.375679594999833,0.7885181318310659,3.9781455931580165,-1.8280686577725362,0.699182901485461,5.045525962623222
-0.009502712807591832,-0.6561207285171405,0.8717601526621332,-1.202342595098869,-0.5204031198022915,-1.6764542847737054,-0.6010629096808588,-1.148397837231667,0.16139086448832432,0.2094205012073825,-1.5743701059321211,-1.000123439141471,0.7542785812432049,0.26961740861677613,-0.9691033316928651,-0.23970165712492428,-0.8493657246319134,0.21593019688274998,-0.5183844379558695,-0.7269910504579341,-0.12262390455354998,0.2342093942443556,-0.47346543377576816,-0.15427973464624975,-0.10594615933593104,-0.5909336889553917,0.2008306017633982,-0.5112836729263139,-0.12305456123824715,0.22323553734380666,0.38620335925589394,-0.4609072136130359,0.5887217463179567,-0.6180610072179471,-0.3204865977234873,-0.1915834986300721,1.0234064852429416,-2.5301088172599258,1.613376684758775,-0.2009538380049121,-0.9798579160162493,0.477401977114787,-0.17810102991189253,-1.4073468559831832
0.45821350786960147,1.6671577423495738,-2.7815646158429823,5.545272249967104,2.032549790657672,6.976267524515481,1.5082755561830163,6.093117157475693,-1.101139210987807,-1.2971496919697016,6.883477666156101,3.6622378274576985,-3.8179577126395197,-0.6775847342306692,4.995784658977663,0.5787157204946138,3.0840269207286517,-0.9601925164121303,2.2058622159092045,2.1252344847679683,0.21335869408058597,-2.2139892740605167,2.4972539889670267,1.2165700176528473,0.8071148161020291,1.7056073332082808,-0.5112836729263139,2.8643829016504188,0.08869475774787293,-1.8060938451361128,-2.327804304750276,2.9038388896486405,-2.1604819752499163,2.2249456120125126,1.0461944138840196,0.6468036794171673,-3.7143688933884995,11.205231749424879,-6.790070139813555,0.3361683763807133,2.5734744870124855,-1.2903260209232723,-0.41492726777523287,5.969484381010416
-0.07554058694899381,0.22265479605154642,-0.2137135928896327,0.10432487439269092,-0.10856486615450964,0.3496908916890278,0.5256226377640789,-0.22998351395218486,0.28611437141042934,0.47818494641095305,-0.024225224462505964,0.3414758065430689,0.20842407828674056,-0.1113351428250626,-0.155485904329373,-0.09470313907267296,0.31619753938343387,0.0794698570916034,-0.14156319287062666,0.368326577703466,0.40912772442300843,0.6545710737586496,-0.09623320063989202,-0.11697822997697464,-0.02150110336880997,0.6584449141725164,-0.12305456123824715,0.08869475774787293,0.5872867942000869,0.3824956449861505,-0.04748738937870957,0.10266800081186075,0.19875044984884443,0.33112001929655305,-0.2117672878144308,0.2970351790843925,-0.31074655534417883,0.47112641182904974,-0.10277390418134714,0.2344063108875449,1.1233033613981098,-0.26115190787867926,0.5050621766117238,0.2198623780939163
-0.31775983403070873,-0.9198878362740401,1.6600253693955886,-3.5828728137250714,-1.3523534151852061,-4.34716332808733,-0.6284017027631532,-4.196277350101696,0.9646692004289993,1.2232409183482311,-4.563477898250859,-2.1535474947741062,2.72152976502372,0.3406830824706257,-3.3858714016476346,-0.4027864192315004,-1.7931377243445572,0.6940339930749455,-1.5621887098743685,-1.1160757817052662,0.14100502080452648,1.9625611844818314,-1.7135372758038672,-0.8717444879660614,-0.5238645969302347,-0.6905713449655035,0.22323553734380666,-1.8060938451361128,0.3824956449861505,1.5050530353580673,1.5532944206392534,-1.8701738765287579,1.5323535897376712,-1.2515743824187622,-0.8311601753508521,-0.24003998867135148,2.1849684285157864,-7.131517782880505,4.359893742578343,-0.05637288114087058,-0.8932367351693772,0.6880761916389919,0.6769449909974631,-3.806324887382599
-0.28393150880249474,-1.3824966747543597,2.3008280813696214,-4.613427406669857,-1.5585076977863883,-5.80238153062275,-1.3319595842478757,-5.0392035997610005,0.9760758376322776,1.1014616332081182,-5.725636803690134,-3.0332502464444486,3.2660492143362103,0.5105465431046691,-4.072754210780432,-0.3870025235688801,-2.5616319776422527,0.8117998980284734,-1.8347029055673265,-1.7535978530985012,-0.2150129627130674,1.8556178583836687,-2.0637410225983395,-0.9562537401537359,-0.6046322718593661,-1.5489374251196393,0.38620335925589394,-2.327804304750276,-0.04748738937870957,1.5532944206392534,2.0288632056889604,-2.439065425895701,1.7371868718198265,-1.9026661175347883,-0.862190435194281,-0.6146444551212508,3.0225166710867324,-9.481161965371188,5.558998846313883,-0.3207510686621955,-2.2132641491553393,1.1441058142076244,0.39299962749919215,-5.0299691557444675
0.4408756978596027,1.638038456084381,-2.7733882610331175,5.605173058863955,1.9545555449303822,7.076552895429492,1.5137686877143164,6.22662587120177,-1.1557751522209332,-1.3423905980929938,6.980735831461544,3.7155055814140012,-3.936711917120518,-0.6429318940043515,5.066724252040049,0.5071873156284279,3.080435566526716,-0.9813204677301519,2.23498979410021,2.0867609198568964,0.28274972314557656,-2.3048424018486475,2.5349474639926517,1.2287327200988558,0.8098699904878972,1.772705220729523,-0.4609072136130359,2.9038388896486405,0.10266800081186075,-1.8701738765287579,-2.439065425895701,3.047773567526181,-2.0658066207917627,2.311876972818284,0.9788045864783477,0.7070261416611346,-3.7146241558164705,11.491122804394648,-6.812922064464486,0.295999516740053,2.6054707003039055,-1.3130994991833802,-0.4884202002787659,6.074586083954125
-0.18680930715710267,-2.4177094679954196,3.408525733893573,-5.118069506404409,-2.2724571213450946,-6.86178816715014,-1.7744309902789934,-5.440784821525148,1.0814316618493187,1.597341051037943,-6.841177775318098,-3.866785365661009,3.6459429748763745,1.0205586937257842,-4.526897197240735,-1.1057610870713552,-3.233697750875406,0.9827588336860166,-2.4563087243348503,-2.5903897387692334,-0.07962556783636403,1.9158651502382753,-2.1670984428698152,-0.8917012370254453,-0.49050630529925576,-1.699492385618212,0.5887217463179567,-2.1604819752499163,0.19875044984884443,1.5323535897376712,1.7371868718198265,-2.0658066207917627,2.71225060806551,-2.273690830703638,-1.578122657921181,-0.3628412941849164,3.983252152230477,-10.513421380307634,6.830601036538358,-0.4637696507621055,-2.7897257374580207,1.6774557083604071,-0.031459290345566514,-5.8798353372207925
0.032802727519339187,2.562783324041822,-3.520550252140825,5.143817501618335,2.0021191471374524,7.13517155809844,2.2957584670286284,5.265461650411807,-0.934048863909759,-1.1908368510318528,6.840190925930702,4.189783592302315,-3.5403755050095223,-0.9916435991156441,4.328640498809268,0.8408782973523852,3.408023865677629,-0.9853183993522657,2.314030302558534,2.7759645328609284,0.572532255870464,-1.4736059137571025,2.1172634567295425,0.7369989180220823,0.4672224946931285,2.3808206231649516,-0.6180610072179471,2.2249456120125126,0.33112001929655305,-1.2515743824187622,-1.9026661175347883,2.311876972818284,-2.273690830703638,2.7021615724198442,1.2288375756973005,0.8384898324216915,-4.154661503077181,11.16253899774675,-6.7599442494419275,0.6052730250939796,3.7386460255125624,-1.9390009467343903,0.32262617212146855,6.078741801102666
0.043676415855284006,1.4315212891508413,-1.9488186626587283,2.71767572949545,1.2674451282936445,3.700165392127791,0.9938665789747771,2.870400916186741,-0.627132170314201,-0.9614143283069142,3.731376497014157,2.1195599068194717,-1.9948067722284417,-0.593542561348678,2.3855440600692663,0.6796408457760028,1.766819234528876,-0.5579838818249601,1.3894153380002303,1.4562328306044736,-0.002675175251786566,-1.0539859445804614,1.1398367606308646,0.4296269262766787,0.20318729098831276,0.9059355646036765,-0.3204865977234873,1.0461944138840196,-0.2117672878144308,-0.8311601753508521,-0.862190435194281,0.9788045864783477,-1.578122657921181,1.2288375756973005,0.9695919607219966,0.14814349936190893,-2.1859605986049293,5.617977290239998,-3.715318082197432,0.26893411803227496,1.4806340004968672,-0.9713450998080772,0.04065048147270926,3.1912573916020293
-0.09841709161873438,0.6433280540674656,-0.8317384577506892,1.3576813198031117,0.3711453082706994,1.8448668781196882,0.8744452231581142,1.2279168402491907,-0.2133249166920868,-0.03299598537122054,1.7107460774454721,1.1167960915822008,-0.8199775753629157,-0.14445937995698355,0.95520702566271,-0.017809420017963574,0.9171459639838756,-0.29309710220998864,0.47239062076131283,0.7234938620140078,0.334482093992873,-0.2140617748696523,0.5782110997211167,0.11368633073116897,0.13271203167193238,0.9245642982098894,-0.1915834986300721,0.6468036794171673,0.2970351790843925,-0.24003998867135148,-0.6146444551212508,0.7070261416611346,-0.3628412941849164,0.8384898324216915,0.14814349936190893,0.5616008842530431,-1.0306465996096292,3.123984456364823,-1.607718947554061,0.26831541551145915,1.283861424441755,-0.5851319467958664,0.10609138076026897,1.5930571375732692
-0.2547806662497283,-4.105553927295275,5.745519235400447,-8.512789475367155,-3.5026443060303354,-11.674597378182774,-3.416234055291995,-8.844588066232745,1.572286366192119,2.160273954932712,-11.262182316189362,-6.767736091868388,5.879736665936172,1.6918488981760282,-7.339593795256849,-1.5850705827304334,-5.541535502255446,1.6054122269269102,-3.852885868619217,-4.4545871622143185,-0.6820965478041312,2.65094109207756,-3.539380894579459,-1.3648751761951607,-0.8225312616775059,-3.5157726692633946,1.0234064852429416,-3.7143688933884995,-0.31074655534417883,2.1849684285157864,3.0225166710867324,-3.7146241558164705,3.983252152230477,-4.154661503077181,-2.1859605986049293,-1.0306465996096292,6.825362791717086,-18.00491920463416,11.27715635317836,-0.8982698942265096,-5.648601796099299,2.9620078899737177,-0.43143051561007706,-9.911879494362037
0.9563617214652419,9.984064334276852,-14.704914250866636,24.299394662689267,9.282846371894731,32.20496187392581,8.665237310624585,25.828171142406333,-4.88508651862137,-6.160517968453283,31.475979139843826,17.977645666478914,-17.064211702729448,-3.9151787593962246,21.153776944124242,3.505980775278406,14.840735802477035,-4.537324041113427,10.549505440588558,11.273155188955796,1.568220668381954,-8.653530972070023,10.459094037394376,4.322331464974474,2.661683396725994,9.229851738645714,-2.5301088172599258,11.205231749424879,0.47112641182904974,-7.131517782880505,-9.481161965371188,11.491122804394648,-10.513421380307634,11.16253899774675,5.617977290239998,3.123984456364823,-18.00491920463416,50.93467919776461,-31.019596747008766,2.1781737973032684,14.140056150728752,-7.523857613800427,-0.24761111897978216,27.61141065354005
-0.6894634175919686,-6.3573092271006,9.283188845359758,-14.918208054847776,-6.033292278234832,-19.870279015277372,-5.180539546956414,-15.929537989403581,2.9916536710573114,4.013657527927953,-19.49584813758571,-11.144300813142205,10.473149136462471,2.601874071940728,-13.149364214699293,-2.5140316873687096,-9.185337090139564,2.7969459799896605,-6.648808236124187,-7.068616696959116,-0.7720386200232668,5.398110452318516,-6.410843967487299,-2.701417981189072,-1.6424342678457393,-5.375679594999833,1.613376684758775,-6.790070139813555,-0.10277390418134714,4.359893742578343,5.558998846313883,-6.812922064464486,6.830601036538358,-6.7599442494419275,-3.715318082197432,-1.607718947554061,11.27715635317836,-31.019596747008766,19.36444520880276,-1.274840160085519,-8.47867080023935,4.6070958088836935,0.04472580639014467,-16.962982213457618
-0.11032116362098796,0.6702961410994651,-0.8190021799113761,0.9756337285170628,0.33224349201290637,1.4307488066750231,0.7509513310928785,0.7249126872261348,-0.06863935766378763,-0.030444631610034033,1.2260277436338791,0.9039599449118272,-0.5624808816433933,-0.24786169783639345,0.6007206997653709,0.15276061188139176,0.8151950599577499,-0.15692197496897023,0.375983429364367,0.751881485469804,0.21860903769625928,0.0791082554755869,0.30925249622553913,0.011721965200960202,-0.007528629947398727,0.7885181318310659,-0.2009538380049121,0.3361683763807133,0.2344063108875449,-0.05637288114087058,-0.3207510686621955,0.295999516740053,-0.4637696507621055,0.6052730250939796,0.26893411803227496,0.26831541551145915,-0.8982698942265096,2.1781737973032684,-1.274840160085519,0.3173826965506421,1.2331747874177588,-0.5467347544695282,0.33274760326990793,1.230646233186245
-0.184542039230314,3.749175891694842,-4.892032840621293,6.371512190340159,2.349853963976326,9.253007707446706,3.713301860259715,5.833394931853721,-0.7234598724143112,-0.8765322390563998,8.298957622333672,5.69410039686952,-4.0367371293466086,-1.5176440516595284,4.864133488664877,1.0982570610580114,4.7625805557589,-1.0763982199373097,2.6965944494869767,4.155628585879655,1.2094069613501044,-0.6660922367878325,2.313749796524253,0.5954906729985722,0.349370916893676,3.9781455931580165,-0.9798579160162493,2.5734744870124855,1.1233033613981098,-0.8932367351693772,-2.2132641491553393,2.6054707003039055,-2.7897257374580207,3.7386460255125624,1.4806340004968672,1.283861424441755,-5.648601796099299,14.140056150728752,-8.47867080023935,1.2331747874177588,6.410179919597109,-2.9134744948649858,1.3536792618256432,7.816623154739627
0.1251003126936182,-2.042297770818486,2.642052796984216,-3.3951844679682237,-1.3771149300557042,-4.892977540589368,-1.820365867728394,-3.2886266213092648,0.5783854153488104,0.7826523934406476,-4.630605267266909,-2.981672656784465,2.3222851359440475,0.7928572736786361,-2.7126959403382145,-0.6848613812847101,-2.4519784840876153,0.6650328369981074,-1.6136953015910873,-2.134152696494004,-0.44241289595670785,0.7406323606143681,-1.30928257872782,-0.34524134395735273,-0.1860245403549326,-1.8280686577725362,0.477401977114787,-1.2903260209232723,-0.26115190787867926,0.6880761916389919,1.1441058142076244,-1.3130994991833802,1.6774557083604071,-1.9390009467343903,-0.9713450998080772,-0.5851319467958664,2.9620078899737177,-7.523857613800427,4.6070958088836935,-0.5467347544695282,-2.9134744948649858,1.5373717563438538,-0.47462906315202646,-4.1788308645782335
-0.23577721818584366,0.663158554000395,-0.5637336845938498,-0.3167097907676794,-0.03584357707019614,0.13604735953242403,0.6947938923063315,-0.846299936729269,0.3863467789430727,0.3950498713139124,-0.2778105241699448,0.4266513405201745,0.452909845506701,-0.3305504163156776,-0.6055827079093098,0.221593528548818,0.3610895719578542,0.1137990285689294,-0.09144301531938068,0.6371283413678023,0.3838567845472368,1.0111734313972192,-0.3963217563561128,-0.3643974687025623,-0.2474011403174249,0.699182901485461,-0.17810102991189253,-0.41492726777523287,0.5050621766117238,0.6769449909974631,0.39299962749919215,-0.4884202002787659,-0.031459290345566514,0.32262617212146855,0.04065048147270926,0.10609138076026897,-0.43143051561007706,-0.24761111897978216,0.04472580639014467,0.33274760326990793,1.3536792618256432,-0.47462906315202646,0.8991079078752336,0.014495042556107078
0.4897150273487312,5.612988043603738,-8.17726106522951,13.178722273702528,5.129078273242049,17.56981353601398,4.774101055108147,13.942854151530893,-2.6282290851537495,-3.4123039444829963,17.143451425678943,9.863352435238506,-9.261900529150134,-2.2399455647308657,11.45151983546067,2.0575154383822327,8.155719136389123,-2.457113497475652,5.79874702903578,6.277828600761032,0.8264583001587013,-4.604515015353811,5.619439559265706,2.298178915531074,1.378422374767427,5.045525962623222,-1.4073468559831832,5.969484381010416,0.2198623780939163,-3.806324887382599,-5.0299691557444675,6.074586083954125,-5.8798353372207925,6.078741801102666,3.1912573916020293,1.5930571375732692,-9.911879494362037,27.61141065354005,-16.962982213457618,1.230646233186245,7.816623154739627,-4.1788308645782335,0.014495042556107078,15.054490431962599
