V1,V2,V3,V4,V5,V6,V7,V8,V9,V10,V11,V12,V13,V14,V15,V16,V17,V18,V19,V20,V21,V22,V23,V24,V25,V26,V27,V28,V29,V30,V31,V32,V33,V34,V35,V36,V37,V38,V39,V40,V41,V42,V43,V44
2.6415942164342616,15.968229019151076,6.456416530708549,-0.27952804270139414,3.692545920241571,-4.515341355367217,8.316960032647822,-8.87991412510838,-11.832815783038575,12.703518782701739,-11.853651018928089,16.20560018955263,29.5566329970607,-13.155871043199722,-3.5044408482754092,-4.865540281396097,4.700971164492055,-21.987476408603353,3.167559246867725,-15.6445423667911,47.39999237684243,7.872522569665454,13.395761535503091,7.144550184740411,3.2339130625773675,12.383577759474738,24.17243782445065,3.4984844038843828,7.721311805856159,13.513867537224458,11.967225973790697,10.887840891674447,-0.05012232473631222,4.307079057513354,2.751435056428255,15.964392843767403,-14.20012902232224,-9.963529762273195,-0.9093579257817037,-18.67542570752519,3.7235455438083394,8.724706577647266,-16.02440689955247,-2.7300181101049468
15.968229019151076,150.14723568832022,62.76745235864574,-2.8703164337294464,32.52669925719274,-47.131139835312055,79.42206577862946,-83.00167988895028,-108.83756413655581,122.53766557143655,-108.9547221091845,144.66234984113046,280.17897684222004,-124.94093260730686,-36.281927089328725,-46.29236797867417,43.25577094908699,-205.14165716322265,36.72485996768216,-141.29555629116697,444.53640682166025,76.26764905633131,117.86527584162155,73.52398033388641,33.274517991421725,116.3432660170007,228.89442924880765,35.21955716012715,73.20538530907422,129.08996061859497,105.20549887362364,103.04433985052859,-4.857773726857886,47.075648766133504,23.33002289677563,153.3565510605578,-131.52930919772314,-90.92465249706983,-4.141680777444851,-180.3479194624733,34.30299037718041,75.78827095264586,-154.43370596884398,-29.47262288048438
6.456416530708549,62.76745235864574,27.28443944349973,-1.5930439897758228,13.413432819484939,-20.23965222918181,33.615495291245495,-34.96712684148718,-45.67567012821582,51.45763641985083,-45.94396674847582,60.219765908802586,118.19537538854487,-52.363245596048785,-15.099741891284177,-20.171146526161248,18.141920056049475,-85.70137866591605,15.496944955266674,-59.229632435161,186.77504042347755,32.15407515718098,49.94251381178604,30.090257294579697,13.934008160320202,48.393955151841915,96.36204631792927,14.307770563760043,30.903390378353123,53.61515572424015,44.45569121377893,43.6851293321007,-1.917000043687844,20.158964473868917,10.273181925478243,64.90869676563334,-54.32690524228984,-38.34287754058289,-0.959383160970237,-75.39547326871777,14.68730756340364,31.26539050680825,-65.25500250755982,-12.254400638229678
-0.27952804270139414,-2.8703164337294464,-1.5930439897758228,0.21742550696633406,-0.5611989681478112,1.0630390287962304,-1.6410769953769262,1.6731778478534836,2.1565209763894,-2.390198280597785,2.2495158602116354,-2.6796305301642724,-5.713935631045642,2.4330533855272884,0.6456216370413559,1.2125034658699447,-0.8434036398464756,3.9017735087154306,-0.6879356070082123,2.838089902712355,-8.81243202286729,-1.5063260972160577,-2.5694990593575042,-1.1079856262926029,-0.6382820297603381,-2.1306842757987745,-4.592178863246943,-0.477640220127135,-1.486571197570047,-2.286869920090345,-2.2424294041450064,-2.192541453123797,-0.00661207583489492,-1.02833119702737,-0.6928862844316779,-3.2207752963703795,2.239573606521331,1.8860414563856436,-0.17931570571475694,3.3878572736796926,-0.7823149669454756,-1.3118633464873912,3.1761436071908755,0.5022532876910867
3.692545920241571,32.52669925719274,13.413432819484939,-0.5611989681478112,7.154731009217334,-10.062814973974458,17.13644888800478,-18.007865878702766,-23.608263677050495,26.451253878956884,-23.639884544704703,31.56213598579405,60.553134988902684,-26.948938555993312,-7.776023446843977,-9.932415650174732,9.376875236259599,-44.46513508652083,7.800286832514123,-30.72698742687179,96.23060113867353,16.496640366315876,25.637425549954987,15.823791569131975,7.143625240114774,25.22636403036547,49.522083907793586,7.643860229587568,15.804373179171543,27.992085603025227,22.910685350286336,22.262666876938933,-0.9752436388935437,10.033222571006892,5.048246697604154,33.09161408605193,-28.592865387831573,-19.713616819122034,-1.0823867950664026,-38.97672983049258,7.437334293547586,16.640535024824608,-33.32831741637767,-6.299273123646282
-4.515341355367217,-47.131139835312055,-20.23965222918181,1.0630390287962304,-10.062814973974458,15.297184923078342,-25.240027251398125,26.228654317371273,34.15723965889606,-38.74626739507258,34.2788837741147,-45.059046459194086,-88.64481843059711,39.29435137603801,11.500207046094653,14.867915061443687,-13.594814821670202,64.30121074271541,-11.978035208769546,44.05848816233024,-140.04504729999238,-24.2916899870072,-36.918769877949934,-23.066379680758914,-10.547299161496797,-36.384669612992425,-72.32662642394708,-11.021759923852759,-23.190078808648465,-40.54710644824565,-32.92516517740371,-32.661075414409275,1.754491647800404,-15.332404169494888,-7.379055749239314,-48.63245685157172,40.98209250259083,28.576105149012843,0.7302905154036357,56.90276283420624,-10.924922757275528,-23.376678256797447,49.01737430386406,9.414271275194466
8.316960032647822,79.42206577862946,33.615495291245495,-1.6410769953769262,17.13644888800478,-25.240027251398125,42.31752391279374,-44.09953117597509,-57.684172509745075,65.00027433951657,-57.77713993071958,76.57969228891878,148.83403409424636,-66.17221318224932,-19.18087377720421,-24.70817650148228,22.9759910869067,-108.51818756869966,19.630513234948413,-74.57148426582589,235.7765972839917,40.639228347765986,62.56603421335271,38.67909789822262,17.543904895817985,61.409635317462616,121.49244697275165,18.53686265951232,38.95655232774177,68.28434508769419,55.838948319128,54.75305739695876,-2.6910985040999003,25.157329576317366,12.421353775448791,81.39412561301447,-69.48212693076754,-48.24902833187776,-1.810595640532632,-95.5459964890977,18.3116314016774,39.9592647871975,-82.05567288745327,-15.630056146448133
-8.87991412510838,-83.00167988895028,-34.96712684148718,1.6731778478534836,-18.007865878702766,26.228654317371273,-44.09953117597509,46.08382847251643,60.27729206399354,-67.81802996478206,60.41889625104409,-80.12408631687035,-155.3367679078606,69.00880185272337,19.973629063592156,25.79138372165093,-23.974596008881502,113.40337306687096,-20.343680695184204,78.12780996094241,-246.2130975664341,-42.38922061492586,-65.45846652193192,-40.329123566859096,-18.326102370173537,-64.21535053510941,-126.86636904793333,-19.372952060278593,-40.60777742953268,-71.34350214376906,-58.42694131997659,-57.17812682581907,2.683708791270071,-26.15912341617405,-13.021931704437327,-84.99710085099528,72.60336019452917,50.408668920576524,2.074084068615129,99.72798280707232,-19.137630472603686,-41.92605653418215,85.6288064045974,16.24030990589529
-11.832815783038575,-108.83756413655581,-45.67567012821582,2.1565209763894,-23.608263677050495,34.15723965889606,-57.684172509745075,60.27729206399354,79.05620794524971,-88.80144777029969,79.15559522580487,-105.17132874957052,-203.36031268777768,90.5829628133024,26.171035027670303,33.668544203145416,-31.448125425001816,148.76605450193588,-26.452861993187195,102.5683511186468,-322.63257535022285,-55.336890944720544,-85.88338599972984,-52.93292620836955,-23.98376319642678,-84.2641815037676,-166.0784622627363,-25.37340414140869,-53.16846227403149,-93.47220060630976,-76.65082386662002,-74.80766974464528,3.398794725858445,-34.005595259637026,-17.076953416609214,-111.19489932437202,95.35082199240571,66.10961925051589,2.954268478997108,130.61539182481235,-24.979621324127454,-55.08293480872124,111.99652812356811,21.233223130923957
12.703518782701739,122.53766557143655,51.45763641985083,-2.390198280597785,26.451253878956884,-38.74626739507258,65.00027433951657,-67.81802996478206,-88.80144777029969,100.19769238232531,-88.90624586363734,117.87484667978856,229.01868583851254,-102.03625954837891,-29.71088561030285,-37.87973370579938,35.32090943749786,-167.38266077215596,30.285165452991592,-115.04524564189529,363.06620332358654,62.46732667002081,96.02869384700237,60.123655621203476,27.216576162207897,94.90080105380886,187.05221870190496,28.79713298892959,59.87920107508846,105.44227766689754,85.70744814536057,84.22886814161895,-4.163923730067539,38.73962961575494,18.97063565989866,125.37552320470991,-107.27022455114229,-74.17739011369451,-3.082172686245905,-147.41829949167635,28.053921209834893,61.620771424319955,-126.31988492852916,-24.194136853433495
-11.853651018928089,-108.9547221091845,-45.94396674847582,2.2495158602116354,-23.639884544704703,34.2788837741147,-57.77713993071958,60.41889625104409,79.15559522580487,-88.90624586363734,79.38253840896718,-105.1791222115954,-203.75028889485503,90.60005168005254,26.144924092586294,33.978261757427006,-31.44352531486312,148.88436919203738,-26.442097144116005,102.86990702711981,-323.0775520947929,-55.42748226730557,-86.17747101234389,-52.756225309334674,-24.050267819930237,-84.31662629215819,-166.396910834304,-25.286175181936027,-53.22994320274127,-93.45397711503544,-76.8710575921071,-75.06563829576604,3.2852389809644227,-34.15691487181527,-17.280561167189777,-111.57405622616719,95.18394039330434,66.23636843520192,2.820892461728031,130.6875345483517,-25.117752027617346,-55.085212707960395,112.27672375743882,21.188500014660242
16.20560018955263,144.66234984113046,60.219765908802586,-2.6796305301642724,31.56213598579405,-45.059046459194086,76.57969228891878,-80.12408631687035,-105.17132874957052,117.87484667978856,-105.1791222115954,140.40785731122983,269.97814594914666,-120.3053719238205,-34.66100458075536,-44.327610209758916,41.888881862233994,-197.8572277162576,34.893352089743495,-136.35440872231374,428.77501248672,73.51313737898475,114.26064671893864,70.32295019455866,31.672696853454205,112.06678515566988,220.55289159540175,33.83434174183631,70.62836612766134,124.39779816364974,102.06354151935254,99.18170314141673,-4.4860687421024465,44.75949307969371,22.519453762781975,147.30653402792007,-127.2262681752938,-87.89966883938476,-4.367099530310618,-173.50737169091062,33.13765243682008,73.71202341094532,-148.50127048600496,-28.11556329314802
29.5566329970607,280.17897684222004,118.19537538854487,-5.713935631045642,60.553134988902684,-88.64481843059711,148.83403409424636,-155.3367679078606,-203.36031268777768,229.01868583851254,-203.75028889485503,269.97814594914666,524.2685175806997,-233.24874731721854,-67.62587062675898,-87.08732787517762,80.88879546709497,-382.7771725823168,68.86404726629118,-263.5376273812508,830.9178384081181,142.91388565718307,220.61924017661897,136.5252660378291,62.009233036841025,216.79436182899767,428.0867617295677,65.40157804777121,137.07564929259726,240.74341853896368,196.8629844004553,192.9492561821663,-9.158168020554955,88.43785562183136,43.911717131829995,286.9546426972163,-244.9911067592511,-170.05808249959813,-6.840148872017736,-336.7412674967248,64.44907183321696,141.10516487950832,-289.0479625411852,-54.98975310175471
-13.155871043199722,-124.94093260730686,-52.363245596048785,2.4330533855272884,-26.948938555993312,39.29435137603801,-66.17221318224932,69.00880185272337,90.5829628133024,-102.03625954837891,90.60005168005254,-120.3053719238205,-233.24874731721854,104.1755861348813,30.25989990502136,38.51262917557811,-36.038715163747376,170.7334936178438,-30.65401848677613,117.41880047660563,-370.03529715395945,-63.44644575457253,-98.03862199075878,-61.28594974625988,-27.678674344895445,-96.78552134008096,-190.4705553600277,-29.274993851987883,-60.999807073247034,-107.38727671636322,-87.49668248739722,-85.73141484582166,4.128788760313106,-39.199973072431554,-19.390298083559777,-127.59076457739971,109.50076727464723,75.69383287534976,3.3269351903806386,150.13624171897357,-28.49831684298489,-62.9115661933134,128.53719642221571,24.599681928535578
-3.5044408482754092,-36.281927089328725,-15.099741891284177,0.6456216370413559,-7.776023446843977,11.500207046094653,-19.18087377720421,19.973629063592156,26.171035027670303,-29.71088561030285,26.144924092586294,-34.66100458075536,-67.62587062675898,30.25989990502136,8.930863812379645,11.070901165248129,-10.409595917937686,49.52097707045486,-9.147483772094786,33.85595929114061,-107.22723175374206,-18.464498633442155,-28.025192517640736,-18.16226497380015,-8.15727645890832,-28.151035977798614,-55.25581149504397,-8.671311257795656,-17.67604871232344,-31.326640834851805,-25.025849990027673,-24.82165230071376,1.3822093250336098,-11.5677449741838,-5.442012195504623,-37.053697712991315,31.818629045646894,21.803536230392712,0.9316427463437287,43.783594895970246,-8.190778379001616,-18.095872751578003,37.35587395047452,7.302254920632978
-4.865540281396097,-46.29236797867417,-20.171146526161248,1.2125034658699447,-9.932415650174732,14.867915061443687,-24.70817650148228,25.79138372165093,33.668544203145416,-37.87973370579938,33.978261757427006,-44.327610209758916,-87.08732787517762,38.51262917557811,11.070901165248129,15.060432684217483,-13.310324684268702,63.17549452356236,-11.282627470077268,43.95649245788345,-137.61361276764512,-23.62177691949136,-36.98906870524459,-22.01418215140551,-10.320739176466747,-35.705214825398336,-71.03855961796899,-10.462430811034984,-22.710089614288858,-39.41586359175343,-32.88642051096724,-32.29519040116323,1.2376793491882012,-14.849173203810349,-7.733766862851004,-48.004180698663525,39.853643273859035,28.28735121200062,0.7363460874640199,55.460793807232726,-10.880641402043667,-23.082466872583073,48.12641950497869,8.942084466912494
4.700971164492055,43.25577094908699,18.141920056049475,-0.8434036398464756,9.376875236259599,-13.594814821670202,22.9759910869067,-23.974596008881502,-31.448125425001816,35.32090943749786,-31.44352531486312,41.888881862233994,80.88879546709497,-36.038715163747376,-10.409595917937686,-13.310324684268702,12.540340874343354,-59.148434539688445,10.55280889725321,-40.66651643984897,128.33590615520563,22.04658556145058,34.122624715721514,21.066814676702116,9.493211831492667,33.478485201619755,66.0409859512,10.110409606481943,21.179341996495733,37.19990935892513,30.471867209171656,29.71194800029781,-1.4117881784886712,13.505197811055798,6.732829208528849,44.136171326659074,-37.997585335042004,-26.29250153425463,-1.1643670769536305,-51.961207916554564,9.924604974399186,21.9148784573736,-44.516558857724135,-8.461804716588588
-21.987476408603353,-205.14165716322265,-85.70137866591605,3.9017735087154306,-44.46513508652083,64.30121074271541,-108.51818756869966,113.40337306687096,148.76605450193588,-167.38266077215596,148.88436919203738,-197.8572277162576,-382.7771725823168,170.7334936178438,49.52097707045486,63.17549452356236,-59.148434539688445,280.3384006645133,-50.06161333509084,193.08864614191316,-607.4451685169764,-104.1750807191404,-161.17495927489503,-100.3797517920648,-45.3799463016714,-158.96340137544914,-312.69963733664054,-48.0969895242951,-100.04306826701446,-176.36545820557623,-143.87159183826412,-140.74613293882032,6.592633600341411,-64.16507386820301,-31.873699432964568,-209.40481544336643,179.83555202220086,124.28673778222475,5.749202328845479,246.34655005995313,-46.86519774965979,-103.67993480244127,210.90822328580578,40.21572520451056
3.167559246867725,36.72485996768216,15.496944955266674,-0.6879356070082123,7.800286832514123,-11.978035208769546,19.630513234948413,-20.343680695184204,-26.452861993187195,30.285165452991592,-26.442097144116005,34.893352089743495,68.86404726629118,-30.65401848677613,-9.147483772094786,-11.282627470077268,10.55280889725321,-50.06161333509084,9.65944936837597,-33.91338240009832,108.82172912417195,18.996388641510883,28.13488740440528,18.518351956558817,8.317868881138367,28.418479303534713,56.236422313406784,8.86464368935834,18.033771852741125,31.857296837414747,25.144534304163855,25.261387269876913,-1.6763981599257485,12.10196165527377,5.399935780177895,37.740733549820824,-32.13786086464833,-22.028434496717363,-0.6094033542483182,-44.61000403324436,8.36091877003938,18.078733963040047,-38.150200785592865,-7.5643772737689305
-15.6445423667911,-141.29555629116697,-59.229632435161,2.838089902712355,-30.72698742687179,44.05848816233024,-74.57148426582589,78.12780996094241,102.5683511186468,-115.04524564189529,102.86990702711981,-136.35440872231374,-263.5376273812508,117.41880047660563,33.85595929114061,43.95649245788345,-40.66651643984897,193.08864614191316,-33.91338240009832,133.7887589092745,-418.3079494879939,-71.45965676035846,-111.74501630268303,-68.46727661707988,-31.234039486882704,-109.48106666123608,-215.312451514572,-32.77242033370603,-68.76355652376238,-121.05361582936979,-99.64826796351764,-97.13266930038914,3.979063903311213,-43.931268170671615,-22.468170256912718,-144.4461721585187,123.43276264937009,85.80247505374126,4.077747244419031,169.18048826212245,-32.42366454211372,-71.60082614453755,145.18111918888326,27.346190943750354
47.39999237684243,444.53640682166025,186.77504042347755,-8.81243202286729,96.23060113867353,-140.04504729999238,235.7765972839917,-246.2130975664341,-322.63257535022285,363.06620332358654,-323.0775520947929,428.77501248672,830.9178384081181,-370.03529715395945,-107.22723175374206,-137.61361276764512,128.33590615520563,-607.4451685169764,108.82172912417195,-418.3079494879939,1317.7007725705466,226.35649236410725,349.93255239192604,216.83188104380054,98.26514699690561,344.15985134086236,678.5915739014482,103.91237301893656,217.24836964033165,382.0454317117241,312.30819603759954,305.67050977699006,-14.374479849863132,139.65942670550996,69.4546860019463,454.58297920831757,-389.2236949666431,-269.7087980875615,-11.569995317937252,-534.0325971299468,102.00601322291887,224.36025515924328,-457.9168958259224,-87.13281258253768
7.872522569665454,76.26764905633131,32.15407515718098,-1.5063260972160577,16.496640366315876,-24.2916899870072,40.639228347765986,-42.38922061492586,-55.336890944720544,62.46732667002081,-55.42748226730557,73.51313737898475,142.91388565718307,-63.44644575457253,-18.464498633442155,-23.62177691949136,22.04658556145058,-104.1750807191404,18.996388641510883,-71.45965676035846,226.35649236410725,39.1491498046792,59.851344843934875,37.29672353626718,16.88382320319825,58.991879166011714,116.71183055148678,17.94233218796935,37.39912045182443,65.73118347668377,53.449679727679346,52.55197729890435,-2.70982892018417,24.271779562528216,11.784441123513579,78.15540509642865,-66.78613047134671,-46.234283727310476,-1.7511228794801914,-91.88489710786965,17.58054998423873,38.38437793109031,-78.8415336321745,-15.081265401998985
13.395761535503091,117.86527584162155,49.94251381178604,-2.5694990593575042,25.637425549954987,-36.918769877949934,62.56603421335271,-65.45846652193192,-85.88338599972984,96.02869384700237,-86.17747101234389,114.26064671893864,220.61924017661897,-98.03862199075878,-28.025192517640736,-36.98906870524459,34.122624715721514,-161.17495927489503,28.13488740440528,-111.74501630268303,349.93255239192604,59.851344843934875,94.07268142742686,56.39231568440065,25.799344875218083,91.12561681855915,180.09252904679204,27.010225452915677,57.65866219373082,100.7950323037418,83.87537421781848,81.34592433583309,-3.195441221444988,36.59811783660448,19.071588148601453,120.70117612924288,-102.91184405403057,-71.99717842239129,-3.0970789379824666,-141.01567556367078,27.320115559082403,59.87497350020327,-121.39877291059435,-22.62497126303084
7.144550184740411,73.52398033388641,30.090257294579697,-1.1079856262926029,15.823791569131975,-23.066379680758914,38.67909789822262,-40.329123566859096,-52.93292620836955,60.123655621203476,-52.756225309334674,70.32295019455866,136.5252660378291,-61.28594974625988,-18.16226497380015,-22.01418215140551,21.066814676702116,-100.3797517920648,18.518351956558817,-68.46727661707988,216.83188104380054,37.29672353626718,56.39231568440065,37.19516121992182,16.53433364692886,57.1739290315696,111.64322779710244,17.804387437325456,35.68646201025762,63.67922539160719,50.415272902635614,49.994041541416244,-2.897406818948863,23.2400592610007,10.732930802307225,74.6955121692288,-64.82074068956783,-43.996259804606346,-2.243731417493865,-88.76813814390755,16.4137505536164,36.833622419853974,-75.37190677195132,-14.865932915190468
3.2339130625773675,33.274517991421725,13.934008160320202,-0.6382820297603381,7.143625240114774,-10.547299161496797,17.543904895817985,-18.326102370173537,-23.98376319642678,27.216576162207897,-24.050267819930237,31.672696853454205,62.009233036841025,-27.678674344895445,-8.15727645890832,-10.320739176466747,9.493211831492667,-45.3799463016714,8.317868881138367,-31.234039486882704,98.26514699690561,16.88382320319825,25.799344875218083,16.53433364692886,7.53254068597486,25.818679251769204,50.68583482183875,7.883679922902286,16.16069406617475,28.63269470858804,23.00329087445741,22.847363363550144,-1.1490883885578513,10.64649128951498,5.118008648235063,34.12707198451663,-28.983981216759847,-20.001091671481966,-0.8271747190991442,-40.06905779955077,7.556791161032428,16.56487173658761,-34.3019042730486,-6.639879141181014
12.383577759474738,116.3432660170007,48.393955151841915,-2.1306842757987745,25.22636403036547,-36.384669612992425,61.409635317462616,-64.21535053510941,-84.2641815037676,94.90080105380886,-84.31662629215819,112.06678515566988,216.79436182899767,-96.78552134008096,-28.151035977798614,-35.705214825398336,33.478485201619755,-158.96340137544914,28.418479303534713,-109.48106666123608,344.15985134086236,58.991879166011714,91.12561681855915,57.1739290315696,25.818679251769204,90.23743568616815,177.16537678353652,27.39981955752456,56.63181709767218,100.09432729341371,81.34520882129007,79.70630816852469,-3.7636867804962857,36.38117833522906,17.955670711424684,118.67281031748566,-102.02978257704923,-70.33737597695968,-3.395685028340036,-139.73983269394046,26.487085192841068,58.783430244866146,-119.49239341014044,-22.86010305849794
24.17243782445065,228.89442924880765,96.36204631792927,-4.592178863246943,49.522083907793586,-72.32662642394708,121.49244697275165,-126.86636904793333,-166.0784622627363,187.05221870190496,-166.396910834304,220.55289159540175,428.0867617295677,-190.4705553600277,-55.25581149504397,-71.03855961796899,66.0409859512,-312.69963733664054,56.236422313406784,-215.312451514572,678.5915739014482,116.71183055148678,180.09252904679204,111.64322779710244,50.68583482183875,177.16537678353652,349.6131792331024,53.51565224258981,111.90208465330254,196.74238927188307,160.71642606256032,157.5443582604005,-7.484355970417616,72.20267572586373,35.791127945815155,234.3388823831589,-200.20289365917012,-138.84096128992,-5.72903524373711,-275.0980718670343,52.60466405352297,115.34932765008661,-236.03571720292277,-44.93079219899156
3.4984844038843828,35.21955716012715,14.307770563760043,-0.477640220127135,7.643860229587568,-11.021759923852759,18.53686265951232,-19.372952060278593,-25.37340414140869,28.79713298892959,-25.286175181936027,33.83434174183631,65.40157804777121,-29.274993851987883,-8.671311257795656,-10.462430811034984,10.110409606481943,-48.0969895242951,8.86464368935834,-32.77242033370603,103.91237301893656,17.94233218796935,27.010225452915677,17.804387437325456,7.883679922902286,27.39981955752456,53.51565224258981,8.590969423450524,17.10177117806047,30.593101448087953,24.173538667573165,23.93170755808008,-1.4120288969422896,11.106219619202333,5.076197369075179,35.72519970249837,-31.14801509227279,-21.064611881118225,-1.1415969900491725,-42.549316022573954,7.885603768711533,17.768170158544734,-36.090991802689125,-7.108319380805669
7.721311805856159,73.20538530907422,30.903390378353123,-1.486571197570047,15.804373179171543,-23.190078808648465,38.95655232774177,-40.60777742953268,-53.16846227403149,59.87920107508846,-53.22994320274127,70.62836612766134,137.07564929259726,-60.999807073247034,-17.67604871232344,-22.710089614288858,21.179341996495733,-100.04306826701446,18.033771852741125,-68.76355652376238,217.24836964033165,37.39912045182443,57.65866219373082,35.68646201025762,16.16069406617475,56.63181709767218,111.90208465330254,17.10177117806047,35.88038843729229,62.94143088013033,51.459521227742485,50.41278911280899,-2.45114718024309,23.104443376786122,11.427260739657427,74.9398288870815,-64.104384127405865,-44.459321281087504,-1.7550261302407641,-88.03495564265994,16.84561288212459,36.88091119638536,-75.5452067852225,-14.391595522153168
13.513867537224458,129.08996061859497,53.61515572424015,-2.286869920090345,27.992085603025227,-40.54710644824565,68.28434508769419,-71.34350214376906,-93.47220060630976,105.44227766689754,-93.45397711503544,124.39779816364974,240.74341853896368,-107.38727671636322,-31.326640834851805,-39.41586359175343,37.19990935892513,-176.36545820557623,31.857296837414747,-121.05361582936979,382.0454317117241,65.73118347668377,100.7950323037418,63.67922539160719,28.63269470858804,100.09432729341371,196.74238927188307,30.593101448087953,62.94143088013033,111.32649204304283,90.04853110999072,88.40371673557951,-4.489525308563787,40.563737999040455,19.66610239704676,131.62515699637572,-113.41747969203485,-77.97104271688724,-3.665362808838908,-155.33688686430523,29.383945748249772,65.18810419704509,-132.71916758803107,-25.529162406965447
11.967225973790697,105.20549887362364,44.45569121377893,-2.2424294041450064,22.910685350286336,-32.92516517740371,55.838948319128,-58.42694131997659,-76.65082386662002,85.70744814536057,-76.8710575921071,102.06354151935254,196.8629844004553,-87.49668248739722,-25.025849990027673,-32.88642051096724,30.471867209171656,-143.87159183826412,25.144534304163855,-99.64826796351764,312.30819603759954,53.449679727679346,83.87537421781848,50.415272902635614,23.00329087445741,81.34520882129007,160.71642606256032,24.173538667573165,51.459521227742485,90.04853110999072,74.81684487689124,72.53526248738892,-2.9208729841338577,32.63363362965358,16.932054125782603,107.62805392086034,-91.97953648778409,-64.23815233437796,-2.8294281524669174,-125.91112190569604,24.35197260078097,53.50005033633529,-108.30714259461817,-20.221727756887116
10.887840891674447,103.04433985052859,43.6851293321007,-2.192541453123797,22.262666876938933,-32.661075414409275,54.75305739695876,-57.17812682581907,-74.80766974464528,84.22886814161895,-75.06563829576604,99.18170314141673,192.9492561821663,-85.73141484582166,-24.82165230071376,-32.29519040116323,29.71194800029781,-140.74613293882032,25.261387269876913,-97.13266930038914,305.67050977699006,52.55197729890435,81.34592433583309,49.994041541416244,22.847363363550144,79.70630816852469,157.5443582604005,23.93170755808008,50.41278911280899,88.40371673557951,72.53526248738892,71.1254021985724,-3.231168943883718,32.608231026233135,16.338092031901347,105.77286048629665,-89.84358157126947,-62.59820100484807,-2.3979161991438223,-123.7597237953357,23.798289039693756,51.83435957067106,-106.43290571281575,-20.15253511703305
-0.05012232473631222,-4.857773726857886,-1.917000043687844,-0.00661207583489492,-0.9752436388935437,1.754491647800404,-2.6910985040999003,2.683708791270071,3.398794725858445,-4.163923730067539,3.2852389809644227,-4.4860687421024465,-9.158168020554955,4.128788760313106,1.3822093250336098,1.2376793491882012,-1.4117881784886712,6.592633600341411,-1.6763981599257485,3.979063903311213,-14.374479849863132,-2.70982892018417,-3.195441221444988,-2.897406818948863,-1.1490883885578513,-3.7636867804962857,-7.484355970417616,-1.4120288969422896,-2.45114718024309,-4.489525308563787,-2.9208729841338577,-3.231168943883718,0.5932040284458309,-1.825720191848136,-0.38582570061180876,-4.902542297053977,4.467918103350463,2.7561767321849433,-0.011668859771614899,6.230727621916857,-1.0158571730289307,-2.2372806129791565,5.1294895949186365,1.2405576994813277
4.307079057513354,47.075648766133504,20.158964473868917,-1.02833119702737,10.033222571006892,-15.332404169494888,25.157329576317366,-26.15912341617405,-34.005595259637026,38.73962961575494,-34.15691487181527,44.75949307969371,88.43785562183136,-39.199973072431554,-11.5677449741838,-14.849173203810349,13.505197811055798,-64.16507386820301,12.10196165527377,-43.931268170671615,139.65942670550996,24.271779562528216,36.59811783660448,23.2400592610007,10.64649128951498,36.38117833522906,72.20267572586373,11.106219619202333,23.104443376786122,40.563737999040455,32.63363362965358,32.608231026233135,-1.825720191848136,15.463269318273328,7.287223261893404,48.6466939156354,-40.85456258372751,-28.406910212021717,-0.7055795924418774,-56.925629995532816,10.875919896914588,23.227654254345314,-48.99755139384465,-9.487526260903758
2.751435056428255,23.33002289677563,10.273181925478243,-0.6928862844316779,5.048246697604154,-7.379055749239314,12.421353775448791,-13.021931704437327,-17.076953416609214,18.97063565989866,-17.280561167189777,22.519453762781975,43.911717131829995,-19.390298083559777,-5.442012195504623,-7.733766862851004,6.732829208528849,-31.873699432964568,5.399935780177895,-22.468170256912718,69.4546860019463,11.784441123513579,19.071588148601453,10.732930802307225,5.118008648235063,17.955670711424684,35.791127945815155,5.076197369075179,11.427260739657427,19.66610239704676,16.932054125782603,16.338092031901347,-0.38582570061180876,7.287223261893404,4.138429660398175,24.20500771552086,-19.986893081485796,-14.421465104913233,-0.42744258066782476,-27.713990955452143,5.545438230276881,11.765975650198698,-24.18951854438257,-4.330289473926675
15.964392843767403,153.3565510605578,64.90869676563334,-3.2207752963703795,33.09161408605193,-48.63245685157172,81.39412561301447,-84.99710085099528,-111.19489932437202,125.37552320470991,-111.57405622616719,147.30653402792007,286.9546426972163,-127.59076457739971,-37.053697712991315,-48.004180698663525,44.136171326659074,-209.40481544336643,37.740733549820824,-144.4461721585187,454.58297920831757,78.15540509642865,120.70117612924288,74.6955121692288,34.12707198451663,118.67281031748566,234.3388823831589,35.72519970249837,74.9398288870815,131.62515699637572,107.62805392086034,105.77286048629665,-4.902542297053977,48.6466939156354,24.20500771552086,157.4217242072548,-133.66251633401683,-93.00293585831659,-3.5793948821753676,-184.27456375241823,35.32417923862881,76.98362154454202,-158.37418550022304,-30.101561782775466
-14.20012902232224,-131.52930919772314,-54.32690524228984,2.239573606521331,-28.592865387831573,40.98209250259083,-69.48212693076754,72.60336019452917,95.35082199240571,-107.27022455114229,95.18394039330434,-127.2262681752938,-244.9911067592511,109.50076727464723,31.818629045646894,39.853643273859035,-37.997585335042004,179.83555202220086,-32.13786086464833,123.43276264937009,-389.2236949666431,-66.78613047134671,-102.91184405403057,-64.82074068956783,-28.983981216759847,-102.02978257704923,-200.20289365917012,-31.14801509227279,-64.104384127405865,-113.41747969203485,-91.97953648778409,-89.84358157126947,4.467918103350463,-40.85456258372751,-19.986893081485796,-133.66251633401683,115.94749198993715,79.5400776743979,4.089144002269682,158.09085044500927,-29.839153199159647,-66.7603779370589,134.8520686734024,25.894913800325096
-9.963529762273195,-90.92465249706983,-38.34287754058289,1.8860414563856436,-19.713616819122034,28.576105149012843,-48.24902833187776,50.408668920576524,66.10961925051589,-74.17739011369451,66.23636843520192,-87.89966883938476,-170.05808249959813,75.69383287534976,21.803536230392712,28.28735121200062,-26.29250153425463,124.28673778222475,-22.028434496717363,85.80247505374126,-269.7087980875615,-46.234283727310476,-71.99717842239129,-43.996259804606346,-20.001091671481966,-70.33737597695968,-138.84096128992,-21.064611881118225,-44.459321281087504,-77.97104271688724,-64.23815233437796,-62.59820100484807,2.7561767321849433,-28.406910212021717,-14.421465104913233,-93.00293585831659,79.5400776743979,55.342497842460055,2.372725413158183,109.03964652699594,-20.93737111397588,-46.006314171952816,93.64264841386574,17.671937767214107
-0.9093579257817037,-4.141680777444851,-0.959383160970237,-0.17931570571475694,-1.0823867950664026,0.7302905154036357,-1.810595640532632,2.074084068615129,2.954268478997108,-3.082172686245905,2.820892461728031,-4.367099530310618,-6.840148872017736,3.3269351903806386,0.9316427463437287,0.7363460874640199,-1.1643670769536305,5.749202328845479,-0.6094033542483182,4.077747244419031,-11.569995317937252,-1.7511228794801914,-3.0970789379824666,-2.243731417493865,-0.8271747190991442,-3.395685028340036,-5.72903524373711,-1.1415969900491725,-1.7550261302407641,-3.665362808838908,-2.8294281524669174,-2.3979161991438223,-0.011668859771614899,-0.7055795924418774,-0.42744258066782476,-3.5793948821753676,4.089144002269682,2.372725413158183,0.8213645147879035,4.747877299978664,-0.7152367105494971,-2.5667918221924313,3.60986711298573,0.7016356216200323
-18.67542570752519,-180.3479194624733,-75.39547326871777,3.3878572736796926,-38.97672983049258,56.90276283420624,-95.5459964890977,99.72798280707232,130.61539182481235,-147.41829949167635,130.6875345483517,-173.50737169091062,-336.7412674967248,150.13624171897357,43.783594895970246,55.460793807232726,-51.961207916554564,246.34655005995313,-44.61000403324436,169.18048826212245,-534.0325971299468,-91.88489710786965,-141.01567556367078,-88.76813814390755,-40.06905779955077,-139.73983269394046,-275.0980718670343,-42.549316022573954,-88.03495564265994,-155.33688686430523,-125.91112190569604,-123.7597237953357,6.230727621916857,-56.925629995532816,-27.713990955452143,-184.27456375241823,158.09085044500927,109.03964652699594,4.747877299978664,217.02270970253414,-41.16302554300081,-90.77189317470257,185.72183339462177,35.67340917264543
3.7235455438083394,34.30299037718041,14.68730756340364,-0.7823149669454756,7.437334293547586,-10.924922757275528,18.3116314016774,-19.137630472603686,-24.979621324127454,28.053921209834893,-25.117752027617346,33.13765243682008,64.44907183321696,-28.49831684298489,-8.190778379001616,-10.880641402043667,9.924604974399186,-46.86519774965979,8.36091877003938,-32.42366454211372,102.00601322291887,17.58054998423873,27.320115559082403,16.4137505536164,7.556791161032428,26.487085192841068,52.60466405352297,7.885603768711533,16.84561288212459,29.383945748249772,24.35197260078097,23.798289039693756,-1.0158571730289307,10.875919896914588,5.545438230276881,35.32417923862881,-29.839153199159647,-20.93737111397588,-0.7152367105494971,-41.16302554300081,8.024916475199786,17.310699136498194,-35.53969715662037,-6.642203205920816
8.724706577647266,75.78827095264586,31.26539050680825,-1.3118633464873912,16.640535024824608,-23.376678256797447,39.9592647871975,-41.92605653418215,-55.08293480872124,61.620771424319955,-55.085212707960395,73.71202341094532,141.10516487950832,-62.9115661933134,-18.095872751578003,-23.082466872583073,21.9148784573736,-103.67993480244127,18.078733963040047,-71.60082614453755,224.36025515924328,38.38437793109031,59.87497350020327,36.833622419853974,16.56487173658761,58.783430244866146,115.34932765008661,17.768170158544734,36.88091119638536,65.18810419704509,53.50005033633529,51.83435957067106,-2.2372806129791565,23.227654254345314,11.765975650198698,76.98362154454202,-66.7603779370589,-46.006314171952816,-2.5667918221924313,-90.77189317470257,17.310699136498194,38.838801010736155,-77.57182614703348,-14.646373304341987
-16.02440689955247,-154.43370596884398,-65.25500250755982,3.1761436071908755,-33.32831741637767,49.01737430386406,-82.05567288745327,85.6288064045974,111.99652812356811,-126.31988492852916,112.27672375743882,-148.50127048600496,-289.0479625411852,128.53719642221571,37.35587395047452,48.12641950497869,-44.516558857724135,210.90822328580578,-38.150200785592865,145.18111918888326,-457.9168958259224,-78.8415336321745,-121.39877291059435,-75.37190677195132,-34.3019042730486,-119.49239341014044,-236.03571720292277,-36.090991802689125,-75.5452067852225,-132.71916758803107,-108.30714259461817,-106.43290571281575,5.1294895949186365,-48.99755139384465,-24.18951854438257,-158.37418550022304,134.8520686734024,93.64264841386574,3.60986711298573,185.72183339462177,-35.53969715662037,-77.57182614703348,159.48568055143213,30.400306784704906
-2.7300181101049468,-29.47262288048438,-12.254400638229678,0.5022532876910867,-6.299273123646282,9.414271275194466,-15.630056146448133,16.24030990589529,21.233223130923957,-24.194136853433495,21.188500014660242,-28.11556329314802,-54.98975310175471,24.599681928535578,7.302254920632978,8.942084466912494,-8.461804716588588,40.21572520451056,-7.5643772737689305,27.346190943750354,-87.13281258253768,-15.081265401998985,-22.62497126303084,-14.865932915190468,-6.639879141181014,-22.86010305849794,-44.93079219899156,-7.108319380805669,-14.391595522153168,-25.529162406965447,-20.221727756887116,-20.15253511703305,1.2405576994813277,-9.487526260903758,-4.330289473926675,-30.101561782775466,25.894913800325096,17.671937767214107,0.7016356216200323,35.67340917264543,-6.642203205920816,-14.646373304341987,30.400306784704906,6.0052414622600265
