V1,V2,V3,V4,V5,V6,V7,V8,V9,V10,V11,V12,V13,V14,V15,V16,V17,V18,V19,V20,V21,V22,V23,V24,V25,V26,V27,V28,V29,V30,V31,V32,V33,V34,V35,V36,V37,V38,V39,V40,V41,V42,V43
1.697719864942282,-4.03496314653565,2.018867907828103,-0.07641823197946984,-1.9821816893851127,-0.9857304836227471,2.2775132865287917,1.944060686100552,1.4938332782154364,-0.6053203858990068,-0.9396280073556136,-0.2705684171825832,1.3258341615976552,0.15741031093884805,1.5394255265804715,-0.7983607025653904,0.10829886625830991,-0.12124288944257208,-0.6900336726654067,1.2693770306492027,-0.6096041817937594,-1.2675210709947375,0.7794046644955754,-0.4000693970944693,1.2726509760025755,1.1457175251751888,-1.202871689669624,0.09859438286768624,0.8574881098816404,-0.09836663566172023,-1.0067313968570952,0.002532119545451284,-1.4392857628819877,2.739328056108586,0.36788476557266514,0.8485335692468922,1.8263624854207081,0.8734138123650481,2.3452242697186074,0.054366652031880645,-0.07946506169311057,-0.672729728383032,-0.07341191484153656
-4.03496314653565,10.614457399801966,-4.009205381361469,-1.053412052600203,4.52823562445248,3.9857379894368257,-6.187698977291113,-4.190695135731911,-3.380525639738253,1.981422518081027,2.0761484485494983,1.4665556271065983,-3.8574447754239722,-0.9178721173597475,-3.8392218872076858,3.036851851139567,0.8702678236079437,-1.011299013459535,2.504270975671805,-3.7615115004328987,1.6063828011703694,3.583739402023669,-2.562763672444555,1.789056796981577,-4.603903838637358,-2.832610037936446,2.6619301370631963,0.18412682926198634,-2.113540033005283,0.11756653577129658,2.483265884010426,-0.19984636439684303,3.5122893017627685,-6.309126227746137,0.35498563715046694,-1.6974389217515038,-3.5263236965608145,-2.0125036139760524,-6.26285342242465,-1.4592273878242648,0.07978895363787585,1.2109089765319556,0.5392003583151651
2.018867907828103,-4.009205381361469,4.276175254674168,-1.6472932188058602,-3.7330805211280924,0.7567835952289577,1.7231714761475567,3.0772704788854015,2.424147707361192,0.08477232094986642,-1.5854939635924978,0.6822612556982439,1.0773307648146802,-0.7764001548494129,2.1841515126963387,-0.053894832542356864,2.543922513378758,-2.911191497102337,0.2779269181602435,0.9527444070141219,-0.7432169489541461,-0.9972368749223356,0.5690121400790045,0.657405849068631,-0.747274993464704,1.2733039765436842,-1.8725293019556517,1.5660698947469844,0.9051575839572679,0.4270449725814094,-0.20436206667940082,0.45509465509279673,-2.272591146961241,3.8179256011260136,1.7233529880743255,1.6645966592075765,3.504621573456998,1.6342481895869945,2.6966461832751687,-1.9310709316429686,0.11885773393419422,-1.1240149611436363,0.4237195449007341
-0.07641823197946984,-1.053412052600203,-1.6472932188058602,1.7817111085051427,0.8988314910009351,-2.2535929654178943,1.0170052505650033,-0.8130960844161147,-0.5190528376539365,-0.8120533563456137,0.39745597538168537,-1.1574615684165783,0.7708051021765051,0.9091192576219077,-0.0866469584336377,-1.3462841817461708,-2.1028322251868943,2.4151852236056053,-1.2177525672987053,0.8322542198251938,-0.09585949290680586,-0.6651163003628857,0.7316501102267768,-1.2254283361185083,2.345317751032611,0.08297146053762786,0.430296538458965,-1.0465528031506663,0.07923930249672163,-0.15746864311431102,-0.5041650240581538,-0.05284857865641874,0.25599878836120005,-0.5600751030423475,-1.6611395246835248,-0.6194224930342819,-1.400946238289813,-0.3763431723241873,0.5157027942166562,2.0648087126316508,-0.006749189349741916,0.5104086161728139,-0.5461966976249613
-1.9821816893851127,4.52823562445248,-3.7330805211280924,0.8988314910009351,3.5509525821669587,0.2117723229331374,-2.1423080452430945,-2.7696168872037705,-2.2777929222652804,0.23356685006505928,1.463294580031658,-0.1909033182192057,-1.4659030289474422,0.44343368854472,-2.2452732335252787,0.7115891230700468,-1.834481591248369,2.094391506065227,0.23004303229248788,-1.365613766979665,0.8196816677074775,1.309635603011462,-0.9685105544735647,-0.15724978609840315,-0.18666362253739593,-1.3136094739250581,1.7223909483415174,-1.2875717751466753,-0.9325221643797961,-0.4823627486019689,0.2593785159051218,-0.5549216236830471,2.2793497287370217,-3.6287890925100506,-0.9784191900302087,-1.44629913118801,-2.9649094968095078,-1.5642765378824837,-3.042412276068095,1.1200593520433146,-0.1777126799212748,0.8786842171235204,-0.2035796002040498
-0.9857304836227471,3.9857379894368257,0.7567835952289577,-2.2535929654178943,0.2117723229331374,3.5552977097152767,-2.7681158076859647,-0.21189198737080686,-0.3239539359048473,1.424742420887424,0.11179671431832396,1.671740961612253,-1.8795801038587103,-1.249399299232641,-0.9256901373033498,2.3004785012020146,2.5552761044894887,-2.938007060519071,2.0136259901257563,-1.9223508370427504,0.5335036830119999,1.6887836831533787,-1.4935495748120098,1.8320520009608399,-3.8184556205920495,-0.8435705702700884,0.23046694635787668,1.2033429447073336,-0.6482398824371252,0.2015889516845351,1.212323228922044,0.001733574190739449,0.6518101852430724,-1.0548010772411796,1.9363352963683722,0.2345471966039116,0.6152274450084446,-0.11979497991123293,-2.237055074321276,-2.6732409977763356,0.0266562670456259,-0.24541574676214153,0.7480362532078451
2.2775132865287917,-6.187698977291113,1.7231714761475567,1.0170052505650033,-2.1423080452430945,-2.7681158076859647,3.7604192095018383,2.1499655529244204,1.717148996432085,-1.341106333034952,-1.0353587567186,-1.0990570807813258,2.29904476422129,0.7893762009119816,2.050717284053216,-1.9379360564885637,-1.1815291663000105,1.361383962411177,-1.7118835113231918,2.2604218536296554,-0.89419144751012,-2.1539319853757135,1.5248142475791024,-1.319909636185049,3.221640518470311,1.6214332301318837,-1.3757524265669685,-0.5293901967698544,1.2248375860311531,-0.23839962230330247,-1.702024213103395,-0.034113924285185226,-1.8065077729841055,3.398158306290781,-0.5400192912879891,0.7709874471006829,1.61811189895433,0.9562500831127653,3.532806355627381,1.3763245263228738,-0.11529439893202018,-0.6014962174124792,-0.44473472969204686
1.944060686100552,-4.190695135731911,3.0772704788854015,-0.8130960844161147,-2.7696168872037705,-0.21189198737080686,2.1499655529244204,2.555495397948541,1.9591711643234633,-0.3328757725259399,-1.2609277431826569,0.16241514809607038,1.2371402720443245,-0.23481047416545592,1.8558498583529437,-0.4299066329232433,1.1271003470565255,-1.2891697735371432,-0.2791510819422267,1.146807299359408,-0.6798959839002615,-1.187818912170419,0.6591933235828301,0.06073189711823606,0.43688091970844983,1.2643849406190788,-1.5595427233810522,0.674486309545267,0.931073447347308,0.05542107132004709,-0.7987046676247109,0.1276157861320795,-1.8261865004671314,3.360291330721414,1.0534308963780876,1.2460697596766732,2.6749415101080047,1.2140032643292413,2.5468277357723696,-0.8287047607521082,-0.03488188085983992,-0.9419938078916186,0.14785770048516542
1.4938332782154364,-3.380525639738253,2.424147707361192,-0.5190528376539365,-2.2777929222652804,-0.3239539359048473,1.717148996432085,1.9591711643234633,1.5535767941183116,-0.28474441051112453,-0.9944922465147318,0.04941906312336716,1.0675324260722445,-0.1741917274355143,1.5253383427948046,-0.5060362264902157,0.9129515658397332,-1.0422635012186605,-0.2871812493640332,1.0002848478400612,-0.5672385233031193,-0.9919569470716106,0.6448028817246474,-0.014062546222094902,0.43194803668706366,0.9879631323399298,-1.2094845537103933,0.6153852921135443,0.719168626200222,0.1521243685445181,-0.4947444046473366,0.2149888037174239,-1.508766183080205,2.609231646820237,0.6662552286564417,0.9669566646130366,2.0299064804364315,1.001769110009642,2.1281151748361125,-0.5689422206622515,0.03317144103441462,-0.6668648806585755,0.08974966686379386
-0.6053203858990068,1.981422518081027,0.08477232094986642,-0.8120533563456137,0.23356685006505928,1.424742420887424,-1.341106333034952,-0.3328757725259399,-0.28474441051112453,0.6217363520506715,0.14580250546577003,0.6457884564969552,-0.8335440074848217,-0.5109084003596983,-0.4944724143611056,0.8938584574860364,1.030589093681549,-1.1838479206926318,0.8361329951975554,-0.8416210684190157,0.25826159640583224,0.7760790415748097,-0.5970988349164442,0.7355547428746205,-1.6091941119098794,-0.4681819943470029,0.23599195929259142,0.5299281360142882,-0.3628331664044569,0.16635193841319176,0.6881014443729793,0.07918340528312694,0.3690860061453743,-0.7459394158258387,0.6241332121807716,-0.007688506119038568,-0.004448823774515847,-0.11143501517204016,-1.0675041549000412,-1.0203929242519665,0.0611588792914712,0.02633612826432346,0.28956391345093613
-0.9396280073556136,2.0761484485494983,-1.5854939635924978,0.39745597538168537,1.463294580031658,0.11179671431832396,-1.0353587567186,-1.2609277431826569,-0.9944922465147318,0.14580250546577003,0.639306993876477,-0.07777930405578799,-0.6377259257441709,0.14560690385395328,-0.9592091327195996,0.2621794687335931,-0.6563737519444278,0.7499972594065999,0.13082438037719818,-0.5930445639730582,0.3515093426027181,0.5947001622605291,-0.37424189500178434,-0.040658600700404154,-0.17614566627817937,-0.6159956681291695,0.7754064441778341,-0.4271988434246999,-0.447639647050464,-0.10112142477242975,0.29063886887083007,-0.1362942921894465,0.9554801053176225,-1.658108365826993,-0.4850763192872148,-0.6309405173199023,-1.328969839730627,-0.6427955748831564,-1.3124666020241798,0.43990347994156936,-0.020745918236345955,0.4388132222182927,-0.07834582360095081
-0.2705684171825832,1.4665556271065983,0.6822612556982439,-1.1574615684165783,-0.1909033182192057,1.671740961612253,-1.0990570807813258,0.16241514809607038,0.04941906312336716,0.6457884564969552,-0.07777930405578799,0.8132440987613129,-0.7663220844642504,-0.6215213337267819,-0.24694302151196712,1.048455834522781,1.3404020551654559,-1.5403419313207203,0.9311772616580213,-0.7958938660247121,0.18310566617058793,0.6816507953554745,-0.6406417580476939,0.8799094876884189,-1.77699339606134,-0.2721703888415559,-0.0514299183193167,0.6491030881232073,-0.2136974564403094,0.1066174399088727,0.5021380455332429,0.018653639375305002,0.11869170596094278,-0.15613379846691355,1.0290310818755146,0.2413896784037892,0.5694715632737889,0.07090116703975663,-0.7997312320215844,-1.3612058972522119,0.01155707481845939,-0.21234537475428228,0.37197043126776586
1.3258341615976552,-3.8574447754239722,1.0773307648146802,0.7708051021765051,-1.4659030289474422,-1.8795801038587103,2.29904476422129,1.2371402720443245,1.0675324260722445,-0.8335440074848217,-0.6377259257441709,-0.7663220844642504,1.524257233755599,0.47904112810537897,1.3441872138405693,-1.40855679839817,-0.6384379667185489,0.7388904688044907,-1.119721367885785,1.5053030346301548,-0.5896344678022125,-1.3812374740764126,1.1057034522946412,-0.8733215830241997,2.0459477368671424,0.970212192964501,-0.8137388526844082,-0.17165753898510064,0.7196019033455681,0.026103407085441573,-0.8157393858850382,0.15729683982844792,-1.2093280670361581,2.014420417345434,-0.5488883015530701,0.4565745214999761,0.8895525210637103,0.6580095764836601,2.3219910779324144,0.9253171646356485,0.023794539551198132,-0.25840011409120506,-0.30066896325689413
0.15741031093884805,-0.9178721173597475,-0.7764001548494129,0.9091192576219077,0.44343368854472,-1.249399299232641,0.7893762009119816,-0.23481047416545592,-0.1741917274355143,-0.5109084003596983,0.14560690385395328,-0.6215213337267819,0.47904112810537897,0.538165729770769,0.02713234088114991,-0.6867878754599925,-1.2532938689723552,1.437437311729859,-0.7091118890475901,0.5055659994090673,-0.08012664805386358,-0.4509386640977437,0.3688932186841874,-0.6918340237803523,1.4053622224839821,0.1666074052932299,0.11785975996412093,-0.6968688173128746,0.14354630770338825,-0.21897579805999454,-0.5375031870817365,-0.1545207069144477,0.08939798505813865,-0.027643711326791855,-0.7650869777541653,-0.26772113514514784,-0.5663907924481639,-0.1871309477390472,0.39472489444568565,1.1287157255010911,-0.07709014340722414,0.15498508821186924,-0.29930436478114186
1.5394255265804715,-3.8392218872076858,2.1841515126963387,-0.0866469584336377,-2.2452732335252787,-0.9256901373033498,2.050717284053216,1.8558498583529437,1.5253383427948046,-0.4944724143611056,-0.9592091327195996,-0.24694302151196712,1.3441872138405693,0.02713234088114991,1.6191473559619327,-0.9177288881308825,0.5003744061853365,-0.567234332132258,-0.6099185554866734,1.2886517761119511,-0.6347936192645148,-1.2227435618770714,0.9057880542395961,-0.3210912927916126,1.026502600738174,1.0564163275117078,-1.1687925251060745,0.4534402517346459,0.7688747396173662,0.17767169860646326,-0.5699924739152123,0.27040913616515744,-1.5665335653356594,2.6056938745809837,0.24839687990446907,0.8720284022050497,1.7866508784177222,0.9934636203545523,2.4182731229831673,-0.0937287037292572,0.06278904405846197,-0.5512484860512117,-0.04139940158279584
-0.7983607025653904,3.036851851139567,-0.053894832542356864,-1.3462841817461708,0.7115891230700468,2.3004785012020146,-1.9379360564885637,-0.4299066329232433,-0.5060362264902157,0.8938584574860364,0.2621794687335931,1.048455834522781,-1.40855679839817,-0.6867878754599925,-0.9177288881308825,1.6430906873277105,1.2250835177939128,-1.4130697290493102,1.291969214485761,-1.4250495470481497,0.45983440779944756,1.2322796695709308,-1.1541457774959158,1.1274207500713023,-2.369571983697746,-0.6606772795144822,0.34248951000676064,0.4349306152915138,-0.48784032378805076,-0.07447862355870262,0.5868728332837811,-0.20836515095742153,0.7696313528630545,-1.058307758089087,1.1993811554851463,-0.03808287667882282,0.05704426048034178,-0.33272023537642437,-1.8627933210257226,-1.5186285638984158,-0.07983593782299629,-0.11584630605407861,0.44348619231099357
0.10829886625830991,0.8702678236079437,2.543922513378758,-2.1028322251868943,-1.834481591248369,2.5552761044894887,-1.1815291663000105,1.1271003470565255,0.9129515658397332,1.030589093681549,-0.6563737519444278,1.3404020551654559,-0.6384379667185489,-1.2532938689723552,0.5003744061853365,1.2250835177939128,3.1351442409292765,-3.592905687666898,1.435439569799481,-0.7180322350326588,-0.03580165016353531,0.6334810746516065,-0.5014612832799499,1.4919920255014394,-2.9313490381516236,-0.05340235337676213,-0.6478620190477948,1.8412441806351787,-0.09721279838130631,0.6386803528809449,1.1615699323212627,0.5202590827878998,-0.7615599112812558,0.8910603547312159,1.790452725726361,0.905631873753573,1.8737032671696408,0.7924808763205703,-0.07389084878873425,-2.6456170888646917,0.2376389560470616,-0.5007725945252416,0.6774813817610299
-0.12124288944257208,-1.011299013459535,-2.911191497102337,2.4151852236056053,2.094391506065227,-2.938007060519071,1.361383962411177,-1.2891697735371432,-1.0422635012186605,-1.1838479206926318,0.7499972594065999,-1.5403419313207203,0.7388904688044907,1.437437311729859,-0.567234332132258,-1.4130697290493102,-3.592905687666898,4.1176939464636675,-1.6499558775535121,0.8302549687498458,0.03820715112652222,-0.7317738064597766,0.5815582596705158,-1.713845342597533,3.3673084036059526,0.06382918848552005,0.740311321723692,-2.1073498659099834,0.11319905925450172,-0.7283987796340943,-1.3291252754588982,-0.5921325188932779,0.8665424894306906,-1.0158265379905396,-2.0578544896847033,-1.036440017142323,-2.146322048452994,-0.904617704250421,0.09560309170101235,3.0363850510757673,-0.2703199478833934,0.5751271942654784,-0.7779517503176634
-0.6900336726654067,2.504270975671805,0.2779269181602435,-1.2177525672987053,0.23004303229248788,2.0136259901257563,-1.7118835113231918,-0.2791510819422267,-0.2871812493640332,0.8361329951975554,0.13082438037719818,0.9311772616580213,-1.119721367885785,-0.7091118890475901,-0.6099185554866734,1.291969214485761,1.435439569799481,-1.6499558775535121,1.1575617824694333,-1.138384656290728,0.3329968951886055,1.0210153652869085,-0.8519227023805962,1.0363705756935253,-2.2062080991993995,-0.5598075745402533,0.22353107619203907,0.6974817406274746,-0.4313462355614876,0.15784736369948968,0.8004413136782778,0.04039495626920393,0.4465346875947879,-0.8048442493806086,1.0038280250881895,0.06469870317104758,0.18574574594385387,-0.11511119009610583,-1.384730663154615,-1.4759094662681889,0.041691286211348946,-0.06280841428428749,0.41609767581200613
1.2693770306492027,-3.7615115004328987,0.9527444070141219,0.8322542198251938,-1.365613766979665,-1.9223508370427504,2.2604218536296554,1.146807299359408,1.0002848478400612,-0.8416210684190157,-0.5930445639730582,-0.7958938660247121,1.5053030346301548,0.5055659994090673,1.2886517761119511,-1.4250495470481497,-0.7180322350326588,0.8302549687498458,-1.138384656290728,1.4912520213771474,-0.572047592892724,-1.361735725093229,1.1014504000186451,-0.9020024587595143,2.0852348403494627,0.9360063219014904,-0.7599856002156249,-0.21560064611016747,0.6951170403696171,0.019611292561985388,-0.8061723221224217,0.15033502166358537,-1.1509275588234642,1.9074426731605176,-0.6139007938962993,0.40849801182575324,0.782851771722669,0.614179068999456,2.259966303786772,0.9945045725303262,0.023905538983034394,-0.2211106031754898,-0.31703591333078607
-0.6096041817937594,1.6063828011703694,-0.7432169489541461,-0.09585949290680586,0.8196816677074775,0.5335036830119999,-0.89419144751012,-0.6798959839002615,-0.5672385233031193,0.25826159640583224,0.3515093426027181,0.18310566617058793,-0.5896344678022125,-0.08012664805386358,-0.6347936192645148,0.45983440779944756,-0.03580165016353531,0.03820715112652222,0.3329968951886055,-0.572047592892724,0.25854824653446984,0.5352814606326886,-0.4099991271446111,0.21881445174809164,-0.5847976589069092,-0.42775460415722866,0.4335884166106778,-0.0951456710227784,-0.3133645380147179,-0.05228786527372106,0.27376859018050853,-0.09705533807555183,0.6004310867103974,-0.9972281849921749,0.019612570596517664,-0.3006154474298004,-0.6083091984680354,-0.3641282325909977,-0.9963753414446616,-0.1170102205721371,-0.021014846136822828,0.18471952356805796,0.057073637436536324
-1.2675210709947375,3.583739402023669,-0.9972368749223356,-0.6651163003628857,1.309635603011462,1.6887836831533787,-2.1539319853757135,-1.187818912170419,-0.9919569470716106,0.7760790415748097,0.5947001622605291,0.6816507953554745,-1.3812374740764126,-0.4509386640977437,-1.2227435618770714,1.2322796695709308,0.6334810746516065,-0.7317738064597766,1.0210153652869085,-1.361735725093229,0.5352814606326886,1.2687917087349072,-0.9675524913173189,0.7929964924491817,-1.8885358400572316,-0.9168115761165501,0.7722249601786711,0.22200470859668242,-0.6854781767571031,0.0437098491304302,0.853171393862708,-0.07684594301270477,1.0906863373027387,-1.9103077205638308,0.4295932759775337,-0.43259181940427827,-0.8704691855567919,-0.5865764081337991,-2.110842656144426,-0.8358768106891518,0.01497304142103647,0.2845771321331324,0.2708943057063965
0.7794046644955754,-2.562763672444555,0.5690121400790045,0.7316501102267768,-0.9685105544735647,-1.4935495748120098,1.5248142475791024,0.6591933235828301,0.6448028817246474,-0.5970988349164442,-0.37424189500178434,-0.6406417580476939,1.1057034522946412,0.3688932186841874,0.9057880542395961,-1.1541457774959158,-0.5014612832799499,0.5815582596705158,-0.8519227023805962,1.1014504000186451,-0.4099991271446111,-0.9675524913173189,0.879931423482268,-0.6924278409795802,1.5236112405625044,0.6014846724989757,-0.45882825263723515,-0.07639777760414636,0.43733632665387867,0.13091109628200673,-0.38645421024959364,0.22643136439468267,-0.8184160708351312,1.1778244085765932,-0.634113703822773,0.22833391554963114,0.37885893291071265,0.4393528694880987,1.619901017774304,0.8024208505972025,0.0838604771910093,-0.04285718143443502,-0.25218550266429574
-0.4000693970944693,1.789056796981577,0.657405849068631,-1.2254283361185083,-0.15724978609840315,1.8320520009608399,-1.319909636185049,0.06073189711823606,-0.014062546222094902,0.7355547428746205,-0.040658600700404154,0.8799094876884189,-0.8733215830241997,-0.6918340237803523,-0.3210912927916126,1.1274207500713023,1.4919920255014394,-1.713845342597533,1.0363705756935253,-0.9020024587595143,0.21881445174809164,0.7929964924491817,-0.6924278409795802,0.9677574135434152,-1.9937176925378324,-0.3614978360337826,0.010580737004362057,0.7523464442971142,-0.2853951615791528,0.1713946290894847,0.6660821854800691,0.07187056288356769,0.1711228757620862,-0.3246892992470134,1.0499200845429133,0.21903391567684563,0.5074263702486582,0.056125240689278086,-0.947696700574916,-1.4747246148702529,0.04375917153210615,-0.16889826311436684,0.4042366362265232
1.2726509760025755,-4.603903838637358,-0.747274993464704,2.345317751032611,-0.18666362253739593,-3.8184556205920495,3.221640518470311,0.43688091970844983,0.43194803668706366,-1.6091941119098794,-0.17614566627817937,-1.77699339606134,2.0459477368671424,1.4053622224839821,1.026502600738174,-2.369571983697746,-2.9313490381516236,3.3673084036059526,-2.2062080991993995,2.0852348403494627,-0.5847976589069092,-1.8885358400572316,1.5236112405625044,-1.9937176925378324,4.248882558022965,1.0317941751143294,-0.3588737003455122,-1.4991572819262442,0.8056235027486448,-0.4163607102873975,-1.654574575860707,-0.1943920485383364,-0.6997083405289681,1.408759158463043,-1.8988661444269157,-0.19408615056175266,-0.4675921868916989,0.10677855203682936,2.458818235663268,2.8912416411606254,-0.13639428672900564,0.11466063455122688,-0.8068113192216212
1.1457175251751888,-2.832610037936446,1.2733039765436842,0.08297146053762786,-1.3136094739250581,-0.8435705702700884,1.6214332301318837,1.2643849406190788,0.9879631323399298,-0.4681819943470029,-0.6159956681291695,-0.2721703888415559,0.970212192964501,0.1666074052932299,1.0564163275117078,-0.6606772795144822,-0.05340235337676213,0.06382918848552005,-0.5598075745402533,0.9360063219014904,-0.42775460415722866,-0.9168115761165501,0.6014846724989757,-0.3614978360337826,1.0317941751143294,0.7850305517092063,-0.7896017095284068,0.017615303320340035,0.58697890582759,-0.05628332108373925,-0.6924989002357004,0.020452013315014412,-0.97873572792477,1.8254179831714734,0.11531774890279818,0.5366177683246999,1.142782661937797,0.5807191401852638,1.6547609050607035,0.1826192745304487,-0.04305919516635994,-0.4123585578869239,-0.08937134512303711
-1.202871689669624,2.6619301370631963,-1.8725293019556517,0.430296538458965,1.7223909483415174,0.23046694635787668,-1.3757524265669685,-1.5595427233810522,-1.2094845537103933,0.23599195929259142,0.7754064441778341,-0.0514299183193167,-0.8137388526844082,0.11785975996412093,-1.1687925251060745,0.34248951000676064,-0.6478620190477948,0.740311321723692,0.22353107619203907,-0.7599856002156249,0.4335884166106778,0.7722249601786711,-0.45882825263723515,0.010580737004362057,-0.3588737003455122,-0.7896017095284068,0.9567543523348001,-0.4083499542608413,-0.5801345486423656,-0.0529847298759103,0.48449086852688666,-0.10216741885336672,1.1468935671136498,-2.072461476057248,-0.5747993306068759,-0.7564556029665784,-1.6122267111845046,-0.7562144555077993,-1.6295924298329947,0.43970070862833743,0.009230949248496021,0.5570945330868926,-0.07079322013036342
0.09859438286768624,0.18412682926198634,1.5660698947469844,-1.0465528031506663,-1.2875717751466753,1.2033429447073336,-0.5293901967698544,0.674486309545267,0.6153852921135443,0.5299281360142882,-0.4271988434246999,0.6491030881232073,-0.17165753898510064,-0.6968688173128746,0.4534402517346459,0.4349306152915138,1.8412441806351787,-2.1073498659099834,0.6974817406274746,-0.21560064611016747,-0.0951456710227784,0.22200470859668242,-0.07639777760414636,0.7523464442971142,-1.4991572819262442,0.017615303320340035,-0.4083499542608413,1.1777990419001845,-0.031204116029554703,0.5099939359335482,0.7989471217711951,0.45562330821169006,-0.6073834360579489,0.6013570845173806,0.8245307360464115,0.5434789233482201,1.0656315492597845,0.5626823103628812,0.24438011959677008,-1.4032366092254351,0.21514735276011818,-0.2197851355518816,0.3492163601461192
0.8574881098816404,-2.113540033005283,0.9051575839572679,0.07923930249672163,-0.9325221643797961,-0.6482398824371252,1.2248375860311531,0.931073447347308,0.719168626200222,-0.3628331664044569,-0.447639647050464,-0.2136974564403094,0.7196019033455681,0.14354630770338825,0.7688747396173662,-0.48784032378805076,-0.09721279838130631,0.11319905925450172,-0.4313462355614876,0.6951170403696171,-0.3133645380147179,-0.6854781767571031,0.43733632665387867,-0.2853951615791528,0.8056235027486448,0.58697890582759,-0.5801345486423656,-0.031204116029554703,0.44135590390330626,-0.06964384523629726,-0.5564715417061011,-0.011308231378072764,-0.7056518204191754,1.3508083682147436,0.08043595876082191,0.3869264064546841,0.8311935810899276,0.4120023735338821,1.215876894259504,0.1685707691508289,-0.045392767924007926,-0.3103594442766558,-0.07415768973669364
-0.09836663566172023,0.11756653577129658,0.4270449725814094,-0.15746864311431102,-0.4823627486019689,0.2015889516845351,-0.23839962230330247,0.05542107132004709,0.1521243685445181,0.16635193841319176,-0.10112142477242975,0.1066174399088727,0.026103407085441573,-0.21897579805999454,0.17767169860646326,-0.07447862355870262,0.6386803528809449,-0.7283987796340943,0.15784736369948968,0.019611292561985388,-0.05228786527372106,0.0437098491304302,0.13091109628200673,0.1713946290894847,-0.4163607102873975,-0.05628332108373925,-0.0529847298759103,0.5099939359335482,-0.06964384523629726,0.3363974375855885,0.5100538389079237,0.3229634869625854,-0.24252776039939858,0.020624866433978505,0.00770608620902928,0.118900338324554,0.15405431285229507,0.21595816048935174,0.16136988459802762,-0.33740255253561996,0.16584981022953918,0.07112084340590803,0.07779873780533128
-1.0067313968570952,2.483265884010426,-0.20436206667940082,-0.5041650240581538,0.2593785159051218,1.212323228922044,-1.702024213103395,-0.7987046676247109,-0.4947444046473366,0.6881014443729793,0.29063886887083007,0.5021380455332429,-0.8157393858850382,-0.5375031870817365,-0.5699924739152123,0.5868728332837811,1.1615699323212627,-1.3291252754588982,0.8004413136782778,-0.8061723221224217,0.27376859018050853,0.853171393862708,-0.38645421024959364,0.6660821854800691,-1.654574575860707,-0.6924989002357004,0.48449086852688666,0.7989471217711951,-0.5564715417061011,0.5100538389079237,1.277653496860083,0.4197384471067488,0.4017867604773169,-1.3118114523727806,0.13663477249300493,-0.17708102327733,-0.49755559807683325,-0.11377782864073899,-1.1323816286379256,-0.8568634681401001,0.25420421221848744,0.34682942054978205,0.24326294861605996
0.002532119545451284,-0.19984636439684303,0.45509465509279673,-0.05284857865641874,-0.5549216236830471,0.001733574190739449,-0.034113924285185226,0.1276157861320795,0.2149888037174239,0.07918340528312694,-0.1362942921894465,0.018653639375305002,0.15729683982844792,-0.1545207069144477,0.27040913616515744,-0.20836515095742153,0.5202590827878998,-0.5921325188932779,0.04039495626920393,0.15033502166358537,-0.09705533807555183,-0.07684594301270477,0.22643136439468267,0.07187056288356769,-0.1943920485383364,0.020452013315014412,-0.10216741885336672,0.45562330821169006,-0.011308231378072764,0.3229634869625854,0.4197384471067488,0.3229847880279493,-0.31898943671564045,0.15759009651990274,-0.07220530094116334,0.13410023689053033,0.18316854573282496,0.24926798019250693,0.3419097007287665,-0.208870641069769,0.16180127138675968,0.060928376445936475,0.04011778701766522
-1.4392857628819877,3.5122893017627685,-2.272591146961241,0.25599878836120005,2.2793497287370217,0.6518101852430724,-1.8065077729841055,-1.8261865004671314,-1.508766183080205,0.3690860061453743,0.9554801053176225,0.11869170596094278,-1.2093280670361581,0.08939798505813865,-1.5665335653356594,0.7696313528630545,-0.7615599112812558,0.8665424894306906,0.4465346875947879,-1.1509275588234642,0.6004310867103974,1.0906863373027387,-0.8184160708351312,0.1711228757620862,-0.6997083405289681,-0.97873572792477,1.1468935671136498,-0.6073834360579489,-0.7056518204191754,-0.24252776039939858,0.4017867604773169,-0.31898943671564045,1.5429859230949898,-2.506234472172329,-0.3710499495290861,-0.8949192677958832,-1.8270921222279968,-1.0071819417688064,-2.2681433744894934,0.31902194663753997,-0.09047585675003714,0.5482829799549318,-0.019813034287165607
2.739328056108586,-6.309126227746137,3.8179256011260136,-0.5600751030423475,-3.6287890925100506,-1.0548010772411796,3.398158306290781,3.360291330721414,2.609231646820237,-0.7459394158258387,-1.658108365826993,-0.15613379846691355,2.014420417345434,-0.027643711326791855,2.6056938745809837,-1.058307758089087,0.8910603547312159,-1.0158265379905396,-0.8048442493806086,1.9074426731605176,-0.9972281849921749,-1.9103077205638308,1.1778244085765932,-0.3246892992470134,1.408759158463043,1.8254179831714734,-2.072461476057248,0.6013570845173806,1.3508083682147436,0.020624866433978505,-1.3118114523727806,0.15759009651990274,-2.506234472172329,4.589623380417957,0.9443373188192149,1.563647075735439,3.3327125535525335,1.596222278704432,3.7887439044021916,-0.4844903811660496,-0.05469307243098283,-1.1701052138413641,0.02681596878651463
0.36788476557266514,0.35498563715046694,1.7233529880743255,-1.6611395246835248,-0.9784191900302087,1.9363352963683722,-0.5400192912879891,1.0534308963780876,0.6662552286564417,0.6241332121807716,-0.4850763192872148,1.0290310818755146,-0.5488883015530701,-0.7650869777541653,0.24839687990446907,1.1993811554851463,1.790452725726361,-2.0578544896847033,1.0038280250881895,-0.6139007938962993,0.019612570596517664,0.4295932759775337,-0.634113703822773,1.0499200845429133,-1.8988661444269157,0.11531774890279818,-0.5747993306068759,0.8245307360464115,0.08043595876082191,0.00770608620902928,0.13663477249300493,-0.07220530094116334,-0.3710499495290861,0.9443373188192149,1.6468093428642856,0.6775406139626247,1.5620317939788426,0.41087846694236235,-0.20128853774376035,-1.8443153316400795,-0.0688633163957883,-0.6188603508756212,0.4833062038051645
0.8485335692468922,-1.6974389217515038,1.6645966592075765,-0.6194224930342819,-1.44629913118801,0.2345471966039116,0.7709874471006829,1.2460697596766732,0.9669566646130366,-0.007688506119038568,-0.6309405173199023,0.2413896784037892,0.4565745214999761,-0.26772113514514784,0.8720284022050497,-0.03808287667882282,0.905631873753573,-1.036440017142323,0.06469870317104758,0.40849801182575324,-0.3006154474298004,-0.43259181940427827,0.22833391554963114,0.21903391567684563,-0.19408615056175266,0.5366177683246999,-0.7564556029665784,0.5434789233482201,0.3869264064546841,0.118900338324554,-0.17708102327733,0.13410023689053033,-0.8949192677958832,1.563647075735439,0.6775406139626247,0.6573523157919058,1.394774985572139,0.6324512923444333,1.099054228206629,-0.7014500063975158,0.022269319318291864,-0.46568236681993114,0.15126003491117457
1.8263624854207081,-3.5263236965608145,3.504621573456998,-1.400946238289813,-2.9649094968095078,0.6152274450084446,1.61811189895433,2.6749415101080047,2.0299064804364315,-0.004448823774515847,-1.328969839730627,0.5694715632737889,0.8895525210637103,-0.5663907924481639,1.7866508784177222,0.05704426048034178,1.8737032671696408,-2.146322048452994,0.18574574594385387,0.782851771722669,-0.6083091984680354,-0.8704691855567919,0.37885893291071265,0.5074263702486582,-0.4675921868916989,1.142782661937797,-1.6122267111845046,1.0656315492597845,0.8311935810899276,0.15405431285229507,-0.49755559807683325,0.18316854573282496,-1.8270921222279968,3.3327125535525335,1.5620317939788426,1.394774985572139,3.004948078436187,1.2941293202680078,2.219288213899922,-1.5395147543482819,-0.006772059451677525,-1.0464173389486071,0.3390782839711637
0.8734138123650481,-2.0125036139760524,1.6342481895869945,-0.3763431723241873,-1.5642765378824837,-0.11979497991123293,0.9562500831127653,1.2140032643292413,1.001769110009642,-0.11143501517204016,-0.6427955748831564,0.07090116703975663,0.6580095764836601,-0.1871309477390472,0.9934636203545523,-0.33272023537642437,0.7924808763205703,-0.904617704250421,-0.11511119009610583,0.614179068999456,-0.3641282325909977,-0.5865764081337991,0.4393528694880987,0.056125240689278086,0.10677855203682936,0.5807191401852638,-0.7562144555077993,0.5626823103628812,0.4120023735338821,0.21595816048935174,-0.11377782864073899,0.24926798019250693,-1.0071819417688064,1.596222278704432,0.41087846694236235,0.6324512923444333,1.2941293202680078,0.6894720520542401,1.353076155980589,-0.4730915212347503,0.08079287253711033,-0.3805663101073292,0.0840494881210329
2.3452242697186074,-6.26285342242465,2.6966461832751687,0.5157027942166562,-3.042412276068095,-2.237055074321276,3.532806355627381,2.5468277357723696,2.1281151748361125,-1.0675041549000412,-1.3124666020241798,-0.7997312320215844,2.3219910779324144,0.39472489444568565,2.4182731229831673,-1.8627933210257226,-0.07389084878873425,0.09560309170101235,-1.384730663154615,2.259966303786772,-0.9963753414446616,-2.110842656144426,1.619901017774304,-0.947696700574916,2.458818235663268,1.6547609050607035,-1.6295924298329947,0.24438011959677008,1.215876894259504,0.16136988459802762,-1.1323816286379256,0.3419097007287665,-2.2681433744894934,3.7887439044021916,-0.20128853774376035,1.099054228206629,2.219288213899922,1.353076155980589,3.8546223350857858,0.6335371481224792,0.06645317365690258,-0.677133017907167,-0.26707747398119597
0.054366652031880645,-1.4592273878242648,-1.9310709316429686,2.0648087126316508,1.1200593520433146,-2.6732409977763356,1.3763245263228738,-0.8287047607521082,-0.5689422206622515,-1.0203929242519665,0.43990347994156936,-1.3612058972522119,0.9253171646356485,1.1287157255010911,-0.0937287037292572,-1.5186285638984158,-2.6456170888646917,3.0363850510757673,-1.4759094662681889,0.9945045725303262,-0.1170102205721371,-0.8358768106891518,0.8024208505972025,-1.4747246148702529,2.8912416411606254,0.1826192745304487,0.43970070862833743,-1.4032366092254351,0.1685707691508289,-0.33740255253561996,-0.8568634681401001,-0.208870641069769,0.31902194663753997,-0.4844903811660496,-1.8443153316400795,-0.7014500063975158,-1.5395147543482819,-0.4730915212347503,0.6335371481224792,2.4728148064068836,-0.08873518529012038,0.5017115890063922,-0.6521924322310568
-0.07946506169311057,0.07978895363787585,0.11885773393419422,-0.006749189349741916,-0.1777126799212748,0.0266562670456259,-0.11529439893202018,-0.03488188085983992,0.03317144103441462,0.0611588792914712,-0.020745918236345955,0.01155707481845939,0.023794539551198132,-0.07709014340722414,0.06278904405846197,-0.07983593782299629,0.2376389560470616,-0.2703199478833934,0.041691286211348946,0.023905538983034394,-0.021014846136822828,0.01497304142103647,0.0838604771910093,0.04375917153210615,-0.13639428672900564,-0.04305919516635994,0.009230949248496021,0.21514735276011818,-0.045392767924007926,0.16584981022953918,0.25420421221848744,0.16180127138675968,-0.09047585675003714,-0.05469307243098283,-0.0688633163957883,0.022269319318291864,-0.006772059451677525,0.08079287253711033,0.06645317365690258,-0.08873518529012038,0.08520112634467328,0.06708595056405388,0.018578500825603358
-0.672729728383032,1.2109089765319556,-1.1240149611436363,0.5104086161728139,0.8786842171235204,-0.24541574676214153,-0.6014962174124792,-0.9419938078916186,-0.6668648806585755,0.02633612826432346,0.4388132222182927,-0.21234537475428228,-0.25840011409120506,0.15498508821186924,-0.5512484860512117,-0.11584630605407861,-0.5007725945252416,0.5751271942654784,-0.06280841428428749,-0.2211106031754898,0.18471952356805796,0.2845771321331324,-0.04285718143443502,-0.16889826311436684,0.11466063455122688,-0.4123585578869239,0.5570945330868926,-0.2197851355518816,-0.3103594442766558,0.07112084340590803,0.34682942054978205,0.060928376445936475,0.5482829799549318,-1.1701052138413641,-0.6188603508756212,-0.46568236681993114,-1.0464173389486071,-0.3805663101073292,-0.677133017907167,0.5017115890063922,0.06708595056405388,0.4145997700474835,-0.11366058216132309
-0.07341191484153656,0.5392003583151651,0.4237195449007341,-0.5461966976249613,-0.2035796002040498,0.7480362532078451,-0.44473472969204686,0.14785770048516542,0.08974966686379386,0.28956391345093613,-0.07834582360095081,0.37197043126776586,-0.30066896325689413,-0.29930436478114186,-0.04139940158279584,0.44348619231099357,0.6774813817610299,-0.7779517503176634,0.41609767581200613,-0.31703591333078607,0.057073637436536324,0.2708943057063965,-0.25218550266429574,0.4042366362265232,-0.8068113192216212,-0.08937134512303711,-0.07079322013036342,0.3492163601461192,-0.07415768973669364,0.07779873780533128,0.24326294861605996,0.04011778701766522,-0.019813034287165607,0.02681596878651463,0.4833062038051645,0.15126003491117457,0.3390782839711637,0.0840494881210329,-0.26707747398119597,-0.6521924322310568,0.018578500825603358,-0.11366058216132309,0.17484394112690507
