V1,V2,V3,V4,V5,V6,V7,V8,V9,V10,V11,V12,V13,V14,V15,V16,V17,V18,V19,V20,V21,V22,V23,V24,V25,V26,V27,V28,V29,V30,V31,V32,V33,V34,V35,V36,V37,V38,V39,V40,V41,V42,V43
0.6425090284363734,-0.2881673520793001,-1.302451361651415,0.5023129849730013,-0.5845284552370835,-0.47482914851196695,0.798332736395425,1.2160135297744434,0.6777599841898989,-0.6420261686829183,-0.037802682456557817,-0.4722048405399746,-0.27284006165997465,-1.3058813530962123,-1.1379250531543386,0.20590761118657064,0.31859437722105066,0.04417037442870684,-1.1104098101022017,0.7633361650549119,0.10683466835954547,-0.2881635717859701,0.7384958463358381,-0.008785601861917857,-1.0163580580874298,0.5872685848195932,0.15412926938985672,-0.2862572183038762,-0.335290763188762,0.7412680933533167,0.4216583628705886,0.9162672496095595,-0.587946787182328,-1.1479993465133838,-0.5947219763210715,0.5106730253441112,0.5450978063192169,-0.4478593409086555,-1.2439204510314403,0.10169927674509435,-0.32445399557375837,-0.6726504963990761,1.670331473556866
-0.2881673520793001,2.189051040865967,-0.13512584549981838,0.605637647761401,-0.8835554785045304,1.65795092224114,0.785585033176961,1.4636929886635985,0.38745174916749864,0.8011261622762659,1.7848847723342955,-1.3406345637103763,2.9803101986900207,-0.9951287494785227,1.9908723851005923,-1.1008405524099756,-0.5252307984599125,-0.6065500856547679,0.16354396661759682,-0.2154886754133381,0.09964939927457833,2.9557827344478658,0.485461296819281,-0.1832922052053753,0.4644645775601699,-2.012037978598723,-2.9128783805407545,-0.2270708733806317,-1.7844743418140825,-1.8639535351902417,0.9333769179943123,0.00370955646654206,0.8656685587685369,-0.10095471870786556,-0.43035566474830655,1.1450074116839606,-0.5439424680545774,-0.48354602555933757,0.12058819392217868,-0.1944369326909693,-1.1957775041791145,1.2087487718539123,-2.970836030874029
-1.302451361651415,-0.13512584549981838,3.0835250514172525,-1.128885104198589,1.4470059328401386,0.4903358369865729,-2.0888684379319864,-3.235119975443818,-1.5910039979174586,1.2720741086925385,-0.49959694375247227,1.356755213012103,-0.0938478130545755,3.3054400431776645,1.941401341234174,-0.043471437968586546,-0.5073121976416436,0.12380666737655667,2.6239980284287467,-1.6621477643652909,-0.29989789181117404,-0.25941280961095986,-1.8842049902030968,-0.13795325312429585,2.3103176897531656,-0.7374073590763816,0.4790487812040096,0.9178937279263294,1.3613236708029632,-1.1452513591785365,-1.1414258988419639,-2.0096366229603824,1.0494812331308405,2.5199842749295267,1.4952385689729937,-1.4773768670866845,-1.1768909668425163,1.2667847409202844,2.826195372227973,-0.10283944268377213,1.1046186417147097,1.2996499546327438,-3.028590975939049
0.5023129849730013,0.605637647761401,-1.128885104198589,1.0211903232886688,-1.1500602685948946,0.2413291774944431,1.0018400035093018,1.7123397108985532,0.8405440090517595,-0.10431369156813693,0.7092631643372788,-1.180531307228934,1.3936639331929541,-1.5832276755653505,-0.1332658323824132,-0.22832336603295683,0.1261859973198362,-0.21462433123126176,-0.7147044040360269,0.6296360425440625,0.14721814448953166,1.0886217998199688,0.787308364451789,-0.38519105015246713,-0.4717261438008371,-0.4669243265651874,-1.3184479510869642,-0.10335395226152601,-1.0591928080651012,-0.2587542584214913,0.9106519796722429,0.9397940585828481,-0.1571376583939309,-1.2103650474208394,-0.7418272947152088,0.9728375610936418,0.1536159491323451,-0.49760171466456643,-1.0058648833315804,0.08092631897292382,-0.8536575377718097,0.18438409444712323,-0.08609855659484139
-0.5845284552370835,-0.8835554785045304,1.4470059328401386,-1.1500602685948946,1.3510114920350327,-0.3951046628956334,-1.29768262170495,-2.186501035491565,-1.0262235738173187,0.1499156246420905,-0.9684516251788037,1.4374504308663743,-1.695361674201082,2.0097862272193043,0.0884006157609815,0.3609399606198749,-0.10223027607441533,0.29685409355570314,0.9723558873344654,-0.7520609970530032,-0.18429292712593343,-1.4457696740043484,-1.0328245898689277,0.34861765384770876,0.6710528384848367,0.6120858107923707,1.6696995351178987,0.25313991276305936,1.3949872606117875,0.3492172807868694,-1.1077979162628986,-1.1101950142621257,0.15410200094672732,1.4375827837774775,0.9273510527098268,-1.244130697282983,-0.21382648610748,0.6886049802039029,1.2642240232285846,-0.05679570886536169,1.0879351198002545,-0.16151538067228277,0.10139773220418037
-0.47482914851196695,1.65795092224114,0.4903358369865729,0.2413291774944431,-0.3951046628956334,1.378877723790928,0.205271436829244,0.49250802420296835,-0.00782618414615347,0.8597707369898901,1.2800153604963418,-0.7611681050975677,2.255728449359927,-0.1164945441666126,1.9086227888252743,-0.8658654308305509,-0.5059786622104115,-0.4459202438278166,0.6309342998211872,-0.5016631155786551,0.024175468664526068,2.2274374939700587,0.0043134034653778365,-0.15526033850252444,0.7942868695034382,-1.7010874129154783,-2.1321810381221664,-0.011234869608802382,-1.1091165580446776,-1.6498609334363061,0.49363095874165974,-0.38706311540887195,0.8719678136435771,0.4249276370450484,-0.04465151484341722,0.6101198810163481,-0.6345727756820662,-0.13015822904738306,0.6488153924755005,-0.182583055736759,-0.7000350800210825,1.1682668601563153,-2.8565097489426985
0.798332736395425,0.785585033176961,-2.0888684379319864,1.0018400035093018,-1.29768262170495,0.205271436829244,1.6585305540872168,2.6460126628245897,1.2181946175273837,-0.5750695244627851,0.923805185974233,-1.3873482066058556,1.0950365359564127,-2.5311455373666196,-0.6487409989478977,-0.31721512326257095,0.17638805413731942,-0.27302488723631985,-1.665961824331291,1.030425441900491,0.2246413711574409,1.1569313591509591,1.4089626698093438,-0.016404999809272913,-1.3662365761128394,-0.18078325059007413,-1.2925561633489229,-0.6460483940199528,-1.4903605801404993,0.14520585439793815,1.1042828528607194,1.3633971049086742,-0.41885217907768124,-1.747361794620081,-1.139659746647999,1.3954371885783874,0.5790917657663766,-0.9839249990236661,-1.8387482473155232,0.016416759214580197,-1.1318969469534177,-0.4448536080097495,1.0153773092038039
1.2160135297744434,1.4636929886635985,-3.235119975443818,1.7123397108985532,-2.186501035491565,0.49250802420296835,2.6460126628245897,4.292286416738112,1.946533844428704,-0.7620751139879685,1.6329938806913395,-2.3653210251573675,2.1683172746502355,-4.061227942435516,-0.7642066510932334,-0.594655238861004,0.23376771056411708,-0.4917874936539134,-2.514778459234058,1.6101751351887712,0.357744170504703,2.1594805738391556,2.2320020237905003,-0.13678964410110303,-1.9914512285158619,-0.536169214194542,-2.4303575141536773,-0.949990707641219,-2.52610953506688,-0.03571446657013879,1.858764601883236,2.148304805524206,-0.5530451879857542,-2.779823249898065,-1.8243431169817717,2.2784297701472704,0.7980235893337118,-1.555061294138934,-2.8429046813801597,0.039334091360595846,-1.922834931412602,-0.4599302553996395,1.125872982271759
0.6777599841898989,0.38745174916749864,-1.5910039979174586,0.8405440090517595,-1.0262235738173187,-0.00782618414615347,1.2181946175273837,1.946533844428704,0.9528165909069988,-0.4822597060153885,0.5600427601375362,-1.0399165707966906,0.7205484519184419,-1.892163278771451,-0.6816217635715243,-0.12314400260137848,0.20889628688835543,-0.1521919939821865,-1.2467756823732041,0.835698755809885,0.1628679267686508,0.6692314405401157,1.0359572799928853,-0.10433348359924127,-1.0338201645058647,7.825292324595554e-4,-0.8199085586510998,-0.39378545999516806,-1.0041955951034158,0.2425584483701615,0.8372896982641987,1.1097930824414526,-0.4081041695560999,-1.418137899106541,-0.8597938792978648,1.0115799520178532,0.4566385002815295,-0.6864451256107849,-1.434664894477934,0.05958500103163937,-0.7957554639500645,-0.3688127869966913,0.9592253032319923
-0.6420261686829183,0.8011261622762659,1.2720741086925385,-0.10431369156813693,0.1499156246420905,0.8597707369898901,-0.5750695244627851,-0.7620751139879685,-0.4822597060153885,0.9066279912593587,0.5053036865618895,-0.04691173826121902,1.308918187881413,0.9845814413087758,1.631338570069288,-0.44150578386377554,-0.3990517586256579,-0.1920424365290398,1.2458393763925915,-0.7674099995852421,-0.08094515722241857,1.1202458815903542,-0.6239553594731629,-0.24884973808855632,1.2483378193640384,-1.175411380785587,-1.061056580792365,0.38959537898044655,-0.1512905208468954,-1.2825964788916098,-0.04756766757990945,-0.7925968542875446,0.7890042119378107,0.9591766644680535,0.4408812572699425,-0.1444552379282613,-0.7513111238543861,0.3771681401874365,1.2532692130483039,-0.09361998258340767,-0.04222815729274287,1.1386410339276194,-2.5909018133376964
-0.037802682456557817,1.7848847723342955,-0.49959694375247227,0.7092631643372788,-0.9684516251788037,1.2800153604963418,0.923805185974233,1.6329938806913395,0.5600427601375362,0.5053036865618895,1.5324246920978843,-1.3284207468304183,2.526202723303041,-1.2496579526214382,1.370352722143789,-0.8781996089086883,-0.35021849899129553,-0.5040637180934895,-0.17077368816832203,0.03612390483751574,0.11291962538026788,2.4738397363886353,0.6349715809582809,-0.19420597902189127,0.11011410606265688,-1.5694414770827692,-2.4769095616048125,-0.25409385605251084,-1.6377997015705994,-1.389421683545849,0.9582493326234686,0.2943716634477899,0.5682052808891094,-0.4547006362634941,-0.5511747381795531,1.1684157740446335,-0.32374635853946615,-0.5377197965063611,-0.2638750559173471,-0.1304754943325625,-1.1302778547360235,0.8572441016515976,-2.080514975559648
-0.4722048405399746,-1.3406345637103763,1.356755213012103,-1.180531307228934,1.4374504308663743,-0.7611681050975677,-1.3873482066058556,-2.3653210251573675,-1.0399165707966906,-0.04691173826121902,-1.3284207468304183,1.645168585413673,-2.2687768227667764,2.0850276798562444,-0.39805796447806724,0.5907223867845003,0.03836340201439026,0.41092278283461064,0.8584302603361911,-0.6283294723444554,-0.1785507183276978,-2.0390131778976968,-1.0743424045316856,0.35342149469660095,0.5169574892922278,1.0293028945927467,2.2252070646955224,0.29052578305991206,1.7091203097184766,0.7642215478452404,-1.246337208852059,-1.0063161058937136,-0.0692761658865813,1.3460260628858878,0.9433111086191903,-1.4271632538681691,-0.046891516433679184,0.7488380592083534,1.1338258153095249,-0.009781783626056981,1.2826584927418034,-0.4236840049518217,0.8023683503286018
-0.27284006165997465,2.9803101986900207,-0.0938478130545755,1.3936639331929541,-1.695361674201082,2.255728449359927,1.0950365359564127,2.1683172746502355,0.7205484519184419,1.308918187881413,2.526202723303041,-2.2687768227667764,4.859547378902852,-1.4786731721613169,2.8285977502281914,-1.4393168009504256,-0.626620667969338,-0.8344344940374707,0.5227056912227523,-0.21370360141294195,0.12989296749666637,4.338024410972409,0.614932721787887,-0.7632541375433934,0.9950229747986922,-3.0219690279364455,-4.494612458158604,0.0928453134304274,-2.5528761905701525,-2.8211299892271278,1.6003502964493452,0.23504859054735655,1.201145797354829,-0.46435315182608955,-0.6657248445342913,1.7238376467415997,-0.964797812594463,-0.5222690914209014,0.1885404577620434,-0.12998470791162584,-1.8065735699323002,2.122741469847914,-4.669271982830195
-1.3058813530962123,-0.9951287494785227,3.3054400431776645,-1.5832276755653505,2.0097862272193043,-0.1164945441666126,-2.5311455373666196,-4.061227942435516,-1.892163278771451,0.9845814413087758,-1.2496579526214382,2.0850276798562444,-1.4786731721613169,3.940638349379859,1.2608654639631072,0.3575308407260123,-0.35962177607353396,0.3656717729203379,2.6481012273271665,-1.7121902006452026,-0.3489609465586973,-1.5036779990366618,-2.1856589122887637,0.06430202124447533,2.177739613544367,0.06012585788627129,1.7883038396588105,0.9507372830745295,2.1732100298010004,-0.41681175749381,-1.6656759884878003,-2.1958005222054564,0.7751724208373647,2.814791585308427,1.7733446876245236,-2.050289853721219,-0.9694980076967257,1.497433783980213,2.9590682916733098,-0.07899907016244999,1.6892380523680102,0.7825092806174282,-1.8942711422671965
-1.1379250531543386,1.9908723851005923,1.941401341234174,-0.1332658323824132,0.0884006157609815,1.9086227888252743,-0.6487409989478977,-0.7642066510932334,-0.6816217635715243,1.631338570069288,1.370352722143789,-0.39805796447806724,2.8285977502281914,1.2608654639631072,3.2034476001370376,-1.0768321104319145,-0.8326146426596939,-0.4973810535270909,1.9361389731491443,-1.3154869256402957,-0.10141707148093211,2.663854900530779,-0.8071838685915087,-0.30414124820245075,2.0157847945466982,-2.437087470301683,-2.486885627846687,0.4253787998577833,-0.7956263248903971,-2.5607184284628706,0.1472221379322579,-1.3217147360271013,1.528472830336902,1.5717263136507151,0.5822325480793142,0.1172981787358766,-1.3147564220763062,0.39793519560784274,2.0129504830533635,-0.2493726955990121,-0.41016715880446414,2.0552504963274307,-4.898121615949438
0.20590761118657064,-1.1008405524099756,-0.043471437968586546,-0.22832336603295683,0.3609399606198749,-0.8658654308305509,-0.31721512326257095,-0.594655238861004,-0.12314400260137848,-0.44150578386377554,-0.8781996089086883,0.5907223867845003,-1.4393168009504256,0.3575308407260123,-1.0768321104319145,0.573407128765741,0.29265639617412076,0.30642593117129413,-0.16641905176790106,0.18963829521863484,-0.048149193180633855,-1.4694377633700602,-0.1677186593680128,0.05874964484195943,-0.2974444467862393,1.0440367773704375,1.4099243497958147,0.11522770802296455,0.8418359339260921,0.9663626069181285,-0.40338236199335936,0.0875383216512932,-0.4795421715740247,-0.08146011427424536,0.16030771940056077,-0.5236864009417794,0.291849329986592,0.2060338288830897,-0.1793434541854516,0.12400212710362225,0.5460900547709009,-0.6253704234665821,1.5708546584898677
0.31859437722105066,-0.5252307984599125,-0.5073121976416436,0.1261859973198362,-0.10223027607441533,-0.5059786622104115,0.17638805413731942,0.23376771056411708,0.20889628688835543,-0.3990517586256579,-0.35021849899129553,0.03836340201439026,-0.626620667969338,-0.35962177607353396,-0.8326146426596939,0.29265639617412076,0.2357830205836689,0.12780262952900495,-0.4721409055490545,0.3681761990418135,0.030199068259887604,-0.6580054294656094,0.20877334728284183,0.002032339674401943,-0.4795746932593251,0.6009590518646258,0.5735344782279147,-0.05360434361881164,0.18856773275683156,0.6349028062854416,0.009717279263970995,0.3903173335778947,-0.4035741131754001,-0.4689429320224048,-0.1714737730376841,-0.010140548532489555,0.3212878054380812,-0.08798465111639547,-0.5351317596575663,0.08623468147838571,0.07769098718425116,-0.4698478726727344,1.2052030507685954
0.04417037442870684,-0.6065500856547679,0.12380666737655667,-0.21462433123126176,0.29685409355570314,-0.4459202438278166,-0.27302488723631985,-0.4917874936539134,-0.1521919939821865,-0.1920424365290398,-0.5040637180934895,0.41092278283461064,-0.8344344940374707,0.3656717729203379,-0.4973810535270909,0.30642593117129413,0.12780262952900495,0.1750068347008716,0.021564622970710753,0.010757489912648958,-0.04344734095252667,-0.8278285279237424,-0.1803434172757006,0.05628795184992501,-0.0727724513196677,0.5486011753055773,0.8248590769282959,0.08383271560897426,0.5321983565534986,0.4875544110120191,-0.29103024102894076,-0.06598182104355783,-0.2096507415633324,0.09822874922516807,0.16716676796693342,-0.3583006719903418,0.10991708978999806,0.16718070733108092,0.041670353878235304,0.053666690334937546,0.36346431230736337,-0.30838799156147584,0.7438751592561236
-1.1104098101022017,0.16354396661759682,2.6239980284287467,-0.7147044040360269,0.9723558873344654,0.6309342998211872,-1.665961824331291,-2.514778459234058,-1.2467756823732041,1.2458393763925915,-0.17077368816832203,0.8584302603361911,0.5227056912227523,2.6481012273271665,1.9361389731491443,-0.16641905176790106,-0.4721409055490545,0.021564622970710753,2.3346683968118054,-1.4185714010142674,-0.23664104565900282,0.2475579950287002,-1.5556937705182683,-0.28534248061989553,2.123802566178125,-0.9729401207543087,-0.11148115122002453,0.8602021001278751,0.8928526104588118,-1.2899159699668834,-0.7589238999110173,-1.636057328411899,1.0082476310794954,2.040116585875431,1.186860341924568,-1.0578105170320875,-1.1218283427475528,1.051315240472978,2.426250189603712,-0.08049649052055072,0.7357713326332229,1.3929483841378303,-3.123493379900807
0.7633361650549119,-0.2154886754133381,-1.6621477643652909,0.6296360425440625,-0.7520609970530032,-0.5016631155786551,1.030425441900491,1.6101751351887712,0.835698755809885,-0.7674099995852421,0.03612390483751574,-0.6283294723444554,-0.21370360141294195,-1.7121902006452026,-1.3154869256402957,0.18963829521863484,0.3681761990418135,0.010757489912648958,-1.4185714010142674,0.982205365129678,0.1521250834980503,-0.21833464411075507,0.9653368848674383,0.012355425413448381,-1.2598422426526255,0.6432743157827486,0.025903462071980344,-0.4009992129263858,-0.5270277435195994,0.8273874500465972,0.5423694731663722,1.1394492793429383,-0.6938219633973969,-1.4300218477359687,-0.7760003137218604,0.6432700737219033,0.6855655612669941,-0.610010818092516,-1.5776936971596942,0.11692815737367629,-0.4824713538790579,-0.7831065063465814,1.9505178012960152
0.10683466835954547,0.09964939927457833,-0.29989789181117404,0.14721814448953166,-0.18429292712593343,0.024175468664526068,0.2246413711574409,0.357744170504703,0.1628679267686508,-0.08094515722241857,0.11291962538026788,-0.1785507183276978,0.12989296749666637,-0.3489609465586973,-0.10141707148093211,-0.048149193180633855,0.030199068259887604,-0.04344734095252667,-0.23664104565900282,0.1521250834980503,0.045755626635655786,0.1459705500683278,0.18829054079281934,-4.7130095603389237e-4,-0.19080480378323453,-0.029598309262343744,-0.16685243607385047,-0.09631332238305583,-0.201756055770302,0.029229990050205604,0.14121793014723108,0.20075093173753955,-0.06471055313333607,-0.23610058549712565,-0.16877663234192636,0.18277284117603063,0.1067169296017154,-0.13951755587991113,-0.25679576397705195,-0.005376398296496503,-0.15436134886631894,-0.06370908160855236,0.16321661267655613
-0.2881635717859701,2.9557827344478658,-0.25941280961095986,1.0886217998199688,-1.4457696740043484,2.2274374939700587,1.1569313591509591,2.1594805738391556,0.6692314405401157,1.1202458815903542,2.4738397363886353,-2.0390131778976968,4.338024410972409,-1.5036779990366618,2.663854900530779,-1.4694377633700602,-0.6580054294656094,-0.8278285279237424,0.2475579950287002,-0.21833464411075507,0.1459705500683278,4.134154043582559,0.700679453034111,-0.44292488036358113,0.6784149350797515,-2.816011213992674,-4.14588605909209,-0.18750426439450232,-2.5078214686095173,-2.5821025395584396,1.439403834862501,0.1730709788810451,1.1424359032505924,-0.35014414493455615,-0.6702736676455086,1.6943902105865374,-0.7759798723091172,-0.6445010235249367,0.0808133924697228,-0.21727072965211452,-1.7194425812026557,1.763084164124057,-4.137823564942202
0.7384958463358381,0.485461296819281,-1.8842049902030968,0.787308364451789,-1.0328245898689277,0.0043134034653778365,1.4089626698093438,2.2320020237905003,1.0359572799928853,-0.6239553594731629,0.6349715809582809,-1.0743424045316856,0.614932721787887,-2.1856589122887637,-0.8071838685915087,-0.1677186593680128,0.20877334728284183,-0.1803434172757006,-1.5556937705182683,0.9653368848674383,0.18829054079281934,0.700679453034111,1.2352017404149058,0.04739854565794782,-1.3117915279775607,0.08873210566810297,-0.8299594145136155,-0.5897658875782582,-1.1509692001034748,0.34827576406891314,0.8679509324327207,1.2088707359661068,-0.47483466781583167,-1.5513406687644795,-0.9749843919125152,1.1036530837865544,0.593615217152568,-0.8522568644517825,-1.6909738515529116,0.0356125565346004,-0.8887876600323538,-0.563871692052302,1.277190712781886
-0.008785601861917857,-0.1832922052053753,-0.13795325312429585,-0.38519105015246713,0.34861765384770876,-0.15526033850252444,-0.016404999809272913,-0.13678964410110303,-0.10433348359924127,-0.24884973808855632,-0.19420597902189127,0.35342149469660095,-0.7632541375433934,0.06430202124447533,-0.30414124820245075,0.05874964484195943,0.002032339674401943,0.05628795184992501,-0.28534248061989553,0.012355425413448381,-4.7130095603389237e-4,-0.44292488036358113,0.04739854565794782,0.35005433893878185,-0.34519402387042375,0.3783256538789544,0.5746417856486685,-0.2653203555274344,0.18994986594452348,0.376448610373187,-0.2517516655655288,-0.08954646293219343,-0.11925877926138888,0.13937882539753851,0.04585019207943079,-0.15079329860633417,0.21876385036387822,-0.08313229834522406,-0.11126891531752427,-0.06568657258022732,0.1840137120990567,-0.45215702549441555,0.7452603037086868
-1.0163580580874298,0.4644645775601699,2.3103176897531656,-0.4717261438008371,0.6710528384848367,0.7942868695034382,-1.3662365761128394,-1.9914512285158619,-1.0338201645058647,1.2483378193640384,0.11011410606265688,0.5169574892922278,0.9950229747986922,2.177739613544367,2.0157847945466982,-0.2974444467862393,-0.4795746932593251,-0.0727724513196677,2.123802566178125,-1.2598422426526255,-0.19080480378323453,0.6784149350797515,-1.3117915279775607,-0.34519402387042375,1.9991843362515986,-1.1838978412902097,-0.5959996870775935,0.780425604998828,0.5158143875827098,-1.4501930680829291,-0.504189534697142,-1.416369945583682,1.017267546817911,1.748137582608626,0.975022853830674,-0.7733247830788531,-1.0919165121620296,0.8753138485845646,2.16023101568728,-0.07820173253319908,0.4507849988941856,1.476804985424514,-3.276371819994446
0.5872685848195932,-2.012037978598723,-0.7374073590763816,-0.4669243265651874,0.6120858107923707,-1.7010874129154783,-0.18078325059007413,-0.536169214194542,7.825292324595554e-4,-1.175411380785587,-1.5694414770827692,1.0293028945927467,-3.0219690279364455,0.06012585788627129,-2.437087470301683,1.0440367773704375,0.6009590518646258,0.5486011753055773,-0.9729401207543087,0.6432743157827486,-0.029598309262343744,-2.816011213992674,0.08873210566810297,0.3783256538789544,-1.1838978412902097,2.216325620852413,2.7642398362649305,-0.15791057198057357,1.3451792935244575,2.1518807174488024,-0.6716783070541791,0.45335009487055383,-1.1079004390626859,-0.5022254006075596,0.03811385905244534,-0.7491072441669058,0.8764077324306482,0.06555490099123683,-0.9082814872574846,0.18799206571289606,0.875005160022107,-1.6436116122904032,3.8064056455163384
0.15412926938985672,-2.9128783805407545,0.4790487812040096,-1.3184479510869642,1.6696995351178987,-2.1321810381221664,-1.2925561633489229,-2.4303575141536773,-0.8199085586510998,-1.061056580792365,-2.4769095616048125,2.2252070646955224,-4.494612458158604,1.7883038396588105,-2.486885627846687,1.4099243497958147,0.5735344782279147,0.8248590769282959,-0.11148115122002453,0.025903462071980344,-0.16685243607385047,-4.14588605909209,-0.8299594145136155,0.5746417856486685,-0.5959996870775935,2.7642398362649305,4.272322532482384,0.13444533599840833,2.602195715037111,2.5260530414842832,-1.5831099839365537,-0.39575326533478405,-1.0358863108826384,0.6482103465955676,0.7994379206416139,-1.7805551306692475,0.7277211564474408,0.6964089177330274,0.15774679194878402,0.1515219053855981,1.8341208330822825,-1.776825647922401,4.001896726510498
-0.2862572183038762,-0.2270708733806317,0.9178937279263294,-0.10335395226152601,0.25313991276305936,-0.011234869608802382,-0.6460483940199528,-0.949990707641219,-0.39378545999516806,0.38959537898044655,-0.25409385605251084,0.29052578305991206,0.0928453134304274,0.9507372830745295,0.4253787998577833,0.11522770802296455,-0.05360434361881164,0.08383271560897426,0.8602021001278751,-0.4009992129263858,-0.09631332238305583,-0.18750426439450232,-0.5897658875782582,-0.2653203555274344,0.780425604998828,-0.15791057198057357,0.13444533599840833,0.4685059591041618,0.47925699669174315,-0.2932431461762602,-0.24953414280975345,-0.4565301203269278,0.22770642457914617,0.558177398699046,0.41999278049653826,-0.44878239344793325,-0.3889189000719598,0.4606304180999009,0.7879069116090504,0.056314972577469584,0.32746678096099663,0.48710234744084946,-0.886372221950621
-0.335290763188762,-1.7844743418140825,1.3613236708029632,-1.0591928080651012,1.3949872606117875,-1.1091165580446776,-1.4903605801404993,-2.52610953506688,-1.0041955951034158,-0.1512905208468954,-1.6377997015705994,1.7091203097184766,-2.5528761905701525,2.1732100298010004,-0.7956263248903971,0.8418359339260921,0.18856773275683156,0.5321983565534986,0.8928526104588118,-0.5270277435195994,-0.201756055770302,-2.5078214686095173,-1.1509692001034748,0.18994986594452348,0.5158143875827098,1.3451792935244575,2.602195715037111,0.47925699669174315,1.99664949699013,1.0558180125901875,-1.2763737682263507,-0.8790267314903194,-0.2561366345014465,1.183674546859688,0.9736535639507092,-1.5544202460258716,-0.011659572653301281,0.8774560991381832,1.063708148697194,0.08685075888434389,1.4351609999324324,-0.511748649192954,1.2204515259935045
0.7412680933533167,-1.8639535351902417,-1.1452513591785365,-0.2587542584214913,0.3492172807868694,-1.6498609334363061,0.14520585439793815,-0.03571446657013879,0.2425584483701615,-1.2825964788916098,-1.389421683545849,0.7642215478452404,-2.8211299892271278,-0.41681175749381,-2.5607184284628706,0.9663626069181285,0.6349028062854416,0.4875544110120191,-1.2899159699668834,0.8273874500465972,0.029229990050205604,-2.5821025395584396,0.34827576406891314,0.376448610373187,-1.4501930680829291,2.1518807174488024,2.5260530414842832,-0.2932431461762602,1.0558180125901875,2.182171257387271,-0.4581760886100642,0.72845346936424,-1.1860635241315272,-0.8242602310832955,-0.19439163125307515,-0.45620204507102297,1.0105042010088217,-0.12616246146686638,-1.2481844120137568,0.1721120654772217,0.6608929406970327,-1.7328789297439509,4.012940585596115
0.4216583628705886,0.9333769179943123,-1.1414258988419639,0.9106519796722429,-1.1077979162628986,0.49363095874165974,1.1042828528607194,1.858764601883236,0.8372896982641987,-0.04756766757990945,0.9582493326234686,-1.246337208852059,1.6003502964493452,-1.6656759884878003,0.1472221379322579,-0.40338236199335936,0.009717279263970995,-0.29103024102894076,-0.7589238999110173,0.5423694731663722,0.14121793014723108,1.439403834862501,0.8679509324327207,-0.2517516655655288,-0.504189534697142,-0.6716783070541791,-1.5831099839365537,-0.24953414280975345,-1.2763737682263507,-0.4581760886100642,0.9532834164964805,0.8382701052090574,-0.02140359497051337,-1.1112185714933307,-0.754182000924415,1.1013329886913281,0.10108104698844578,-0.5973183849467294,-0.9708292120618132,0.016718463417616253,-0.9646586526029258,0.2168054868147648,-0.3682755074634872
0.9162672496095595,0.00370955646654206,-2.0096366229603824,0.9397940585828481,-1.1101950142621257,-0.38706311540887195,1.3633971049086742,2.148304805524206,1.1097930824414526,-0.7925968542875446,0.2943716634477899,-1.0063161058937136,0.23504859054735655,-2.1958005222054564,-1.3217147360271013,0.0875383216512932,0.3903173335778947,-0.06598182104355783,-1.636057328411899,1.1394492793429383,0.20075093173753955,0.1730709788810451,1.2088707359661068,-0.08954646293219343,-1.416369945583682,0.45335009487055383,-0.39575326533478405,-0.4565301203269278,-0.8790267314903194,0.72845346936424,0.8382701052090574,1.4223331625724729,-0.7214327826333344,-1.781121934538547,-1.0101292078076811,0.9970743897903374,0.7311993539874503,-0.7729521691261587,-1.866280188034071,0.11885018004313333,-0.7509246740795565,-0.7328588768099574,1.8992157492185768
-0.587946787182328,0.8656685587685369,1.0494812331308405,-0.1571376583939309,0.15410200094672732,0.8719678136435771,-0.41885217907768124,-0.5530451879857542,-0.4081041695560999,0.7890042119378107,0.5682052808891094,-0.0692761658865813,1.201145797354829,0.7751724208373647,1.528472830336902,-0.4795421715740247,-0.4035741131754001,-0.2096507415633324,1.0082476310794954,-0.6938219633973969,-0.06471055313333607,1.1424359032505924,-0.47483466781583167,-0.11925877926138888,1.017267546817911,-1.1079004390626859,-1.0358863108826384,0.22770642457914617,-0.2561366345014465,-1.1860635241315272,-0.02140359497051337,-0.7214327826333344,0.7395817513943856,0.8690886645307796,0.3566378908374856,-0.04470323814824301,-0.64560994761782,0.2511644452505095,1.0686314805221158,-0.12371582765721291,-0.09957169849022185,0.9636108806121662,-2.319601393447437
-1.1479993465133838,-0.10095471870786556,2.5199842749295267,-1.2103650474208394,1.4375827837774775,0.4249276370450484,-1.747361794620081,-2.779823249898065,-1.418137899106541,0.9591766644680535,-0.4547006362634941,1.3460260628858878,-0.46435315182608955,2.814791585308427,1.5717263136507151,-0.08146011427424536,-0.4689429320224048,0.09822874922516807,2.040116585875431,-1.4300218477359687,-0.23610058549712565,-0.35014414493455615,-1.5513406687644795,0.13937882539753851,1.748137582608626,-0.5022254006075596,0.6482103465955676,0.558177398699046,1.183674546859688,-0.8242602310832955,-1.1112185714933307,-1.781121934538547,0.8690886645307796,2.269656819283566,1.2748755071046756,-1.2984241110821861,-0.8574583625901993,0.983579332750156,2.350125394426912,-0.16374658136081635,1.0030619011071222,0.8537838226349899,-2.226258476255131
-0.5947219763210715,-0.43035566474830655,1.4952385689729937,-0.7418272947152088,0.9273510527098268,-0.04465151484341722,-1.139659746647999,-1.8243431169817717,-0.8597938792978648,0.4408812572699425,-0.5511747381795531,0.9433111086191903,-0.6657248445342913,1.7733446876245236,0.5822325480793142,0.16030771940056077,-0.1714737730376841,0.16716676796693342,1.186860341924568,-0.7760003137218604,-0.16877663234192636,-0.6702736676455086,-0.9749843919125152,0.04585019207943079,0.975022853830674,0.03811385905244534,0.7994379206416139,0.41999278049653826,0.9736535639507092,-0.19439163125307515,-0.754182000924415,-1.0101292078076811,0.3566378908374856,1.2748755071046756,0.8107338085343412,-0.9299706771205415,-0.45262955658580795,0.6703746825531997,1.3317350197590527,-0.03145401108910671,0.7594090861079444,0.3457280379903975,-0.8650830533953786
0.5106730253441112,1.1450074116839606,-1.4773768670866845,0.9728375610936418,-1.244130697282983,0.6101198810163481,1.3954371885783874,2.2784297701472704,1.0115799520178532,-0.1444552379282613,1.1684157740446335,-1.4271632538681691,1.7238376467415997,-2.050289853721219,0.1172981787358766,-0.5236864009417794,-0.010140548532489555,-0.3583006719903418,-1.0578105170320875,0.6432700737219033,0.18277284117603063,1.6943902105865374,1.1036530837865544,-0.15079329860633417,-0.7733247830788531,-0.7491072441669058,-1.7805551306692475,-0.44878239344793325,-1.5544202460258716,-0.45620204507102297,1.1013329886913281,0.9970743897903374,-0.04470323814824301,-1.2984241110821861,-0.9299706771205415,1.3657250554258669,0.213047114882576,-0.7935213736454809,-1.2296991021543962,-0.03272178272211392,-1.1427932523712143,0.09186529290196932,-0.20976665563065622
0.5450978063192169,-0.5439424680545774,-1.1768909668425163,0.1536159491323451,-0.21382648610748,-0.6345727756820662,0.5790917657663766,0.7980235893337118,0.4566385002815295,-0.7513111238543861,-0.32374635853946615,-0.046891516433679184,-0.964797812594463,-0.9694980076967257,-1.3147564220763062,0.291849329986592,0.3212878054380812,0.10991708978999806,-1.1218283427475528,0.6855655612669941,0.1067169296017154,-0.7759798723091172,0.593615217152568,0.21876385036387822,-1.0919165121620296,0.8764077324306482,0.7277211564474408,-0.3889189000719598,-0.011659572653301281,1.0105042010088217,0.10108104698844578,0.7311993539874503,-0.64560994761782,-0.8574583625901993,-0.45262955658580795,0.213047114882576,0.6770463159932235,-0.38989795858817666,-1.1212978519986385,0.051431486434739805,-0.06045342492624041,-0.9300885896298727,2.1192826464457237
-0.4478593409086555,-0.48354602555933757,1.2667847409202844,-0.49760171466456643,0.6886049802039029,-0.13015822904738306,-0.9839249990236661,-1.555061294138934,-0.6864451256107849,0.3771681401874365,-0.5377197965063611,0.7488380592083534,-0.5222690914209014,1.497433783980213,0.39793519560784274,0.2060338288830897,-0.08798465111639547,0.16718070733108092,1.051315240472978,-0.610010818092516,-0.13951755587991113,-0.6445010235249367,-0.8522568644517825,-0.08313229834522406,0.8753138485845646,0.06555490099123683,0.6964089177330274,0.4606304180999009,0.8774560991381832,-0.12616246146686638,-0.5973183849467294,-0.7729521691261587,0.2511644452505095,0.983579332750156,0.6703746825531997,-0.7935213736454809,-0.38989795858817666,0.6168592618293948,1.1058518943556075,0.013905724763266104,0.65259943389744135,0.34066469631188395,-0.7023048472836789
-1.2439204510314403,0.12058819392217868,2.826195372227973,-1.0058648833315804,1.2642240232285846,0.6488153924755005,-1.8387482473155232,-2.8429046813801597,-1.434664894477934,1.2532692130483039,-0.2638750559173471,1.1338258153095249,0.1885404577620434,2.9590682916733098,2.0129504830533635,-0.1793434541854516,-0.5351317596575663,0.041670353878235304,2.426250189603712,-1.5776936971596942,-0.25679576397705195,0.0808133924697228,-1.6909738515529116,-0.11126891531752427,2.16023101568728,-0.9082814872574846,0.15774679194878402,0.7879069116090504,1.063708148697194,-1.2481844120137568,-0.9708292120618132,-1.866280188034071,1.0686314805221158,2.350125394426912,1.3317350197590527,-1.2296991021543962,-1.1212978519986385,1.1058518943556075,2.63437040268822,-0.13870259252491945,0.9012786222509278,1.301562274227246,-3.08557000338506
0.10169927674509435,-0.1944369326909693,-0.10283944268377213,0.08092631897292382,-0.05679570886536169,-0.182583055736759,0.016416759214580197,0.039334091360595846,0.05958500103163937,-0.09361998258340767,-0.1304754943325625,-0.009781783626056981,-0.12998470791162584,-0.07899907016244999,-0.2493726955990121,0.12400212710362225,0.08623468147838571,0.053666690334937546,-0.08049649052055072,0.11692815737367629,-0.005376398296496503,-0.21727072965211452,0.0356125565346004,-0.06568657258022732,-0.07820173253319908,0.18799206571289606,0.1515219053855981,0.056314972577469584,0.08685075888434389,0.1721120654772217,0.016718463417616253,0.11885018004313333,-0.12371582765721291,-0.16374658136081635,-0.03145401108910671,-0.03272178272211392,0.051431486434739805,0.013905724763266104,-0.13870259252491945,0.057304646166719195,0.029634811106717826,-0.08327242990161307,0.2932647538358323
-0.32445399557375837,-1.1957775041791145,1.1046186417147097,-0.8536575377718097,1.0879351198002545,-0.7000350800210825,-1.1318969469534177,-1.922834931412602,-0.7957554639500645,-0.04222815729274287,-1.1302778547360235,1.2826584927418034,-1.8065735699323002,1.6892380523680102,-0.41016715880446414,0.5460900547709009,0.07769098718425116,0.36346431230736337,0.7357713326332229,-0.4824713538790579,-0.15436134886631894,-1.7194425812026557,-0.8887876600323538,0.1840137120990567,0.4507849988941856,0.875005160022107,1.8341208330822825,0.32746678096099663,1.4351609999324324,0.6608929406970327,-0.9646586526029258,-0.7509246740795565,-0.09957169849022185,1.0030619011071222,0.7594090861079444,-1.1427932523712143,-0.06045342492624041,0.65259943389744135,0.9012786222509278,0.029634811106717826,1.0542028811200654,-0.3166588960379556,0.6862611231764681
-0.6726504963990761,1.2087487718539123,1.2996499546327438,0.18438409444712323,-0.16151538067228277,1.1682668601563153,-0.4448536080097495,-0.4599302553996395,-0.3688127869966913,1.1386410339276194,0.8572441016515976,-0.4236840049518217,2.122741469847914,0.7825092806174282,2.0552504963274307,-0.6253704234665821,-0.4698478726727344,-0.30838799156147584,1.3929483841378303,-0.7831065063465814,-0.06370908160855236,1.763084164124057,-0.563871692052302,-0.45215702549441555,1.476804985424514,-1.6436116122904032,-1.776825647922401,0.48710234744084946,-0.511748649192954,-1.7328789297439509,0.2168054868147648,-0.7328588768099574,0.9636108806121662,0.8537838226349899,0.3457280379903975,0.09186529290196932,-0.9300885896298727,0.34066469631188395,1.301562274227246,-0.08327242990161307,-0.3166588960379556,1.5357229629289357,-3.373922695661053
1.670331473556866,-2.970836030874029,-3.028590975939049,-0.08609855659484139,0.10139773220418037,-2.8565097489426985,1.0153773092038039,1.125872982271759,0.9592253032319923,-2.5909018133376964,-2.080514975559648,0.8023683503286018,-4.669271982830195,-1.8942711422671965,-4.898121615949438,1.5708546584898677,1.2052030507685954,0.7438751592561236,-3.123493379900807,1.9505178012960152,0.16321661267655613,-4.137823564942202,1.277190712781886,0.7452603037086868,-3.276371819994446,3.8064056455163384,4.001896726510498,-0.886372221950621,1.2204515259935045,4.012940585596115,-0.3682755074634872,1.8992157492185768,-2.319601393447437,-2.226258476255131,-0.8650830533953786,-0.20976665563065622,2.1192826464457237,-0.7023048472836789,-3.08557000338506,0.2932647538358323,0.6862611231764681,-3.373922695661053,7.743733421183132
