V1,V2,V3,V4,V5,V6,V7,V8,V9,V10,V11,V12,V13,V14,V15,V16,V17,V18,V19,V20,V21,V22,V23,V24,V25,V26,V27,V28,V29,V30,V31,V32,V33,V34,V35,V36,V37,V38,V39,V40,V41,V42,V43
0.5938130779877718,0.25756685722617984,1.5589118112529172,-3.197153091746539,2.517077789829169,-0.6456766706399957,0.15671550079620106,0.4990628012735524,0.12780035353259636,-0.9125397676608231,0.9718005490671257,-0.497701728002192,0.46870068439784685,0.19818995854427499,0.22512906889204579,1.7489617187684527,-0.7451195188817769,1.5118426152099047,0.052181616334551754,-1.00278240784116,-2.77671747108527,-0.5257170235722316,1.3286258653573217,0.8266322238887374,-0.7353623346646938,3.401079120949242,0.4079730669081169,0.6926727981747923,0.6114969953987359,0.12143485594595421,0.6206551120991852,-2.6350043687413627,0.37828598154983345,-0.8152852290983256,2.494435603197044,-0.12304958629526243,-4.030835769899281,0.5658784695089328,-0.34173449983825116,1.6238922437431786,0.4989170839275331,-1.3242372549157466,-0.7177172954877113
0.25756685722617984,0.84184255851014,0.5334987659934938,-2.1503806346723984,1.0334014080560663,0.1650053182409969,0.4157643778737475,-0.22410989421505292,-0.2728492710727924,-0.592066882129729,-0.07507928110182531,0.15301367886734854,0.8537742680946778,0.2950964986678874,-0.884374408963107,1.1192046285145094,-0.6438265077834568,1.1743942382142105,0.6134862806910453,-0.7030605503432782,-0.999262692986823,-0.8588082339754539,0.5527549900719559,0.6608491584920035,-0.8327595641284831,1.6761403454514754,-0.2869200882373808,-0.4213361199181799,0.1934709186740108,-0.33705858698248964,0.6204758686638888,-2.000834509268118,0.5756164021634632,-0.3433572164282252,2.1420120718915694,-0.4656594021966926,-2.415174069151414,0.7807162646308282,-0.21702878278247273,0.8315853158121772,0.441897828616104,-2.3996146272162595,0.34387269525090186
1.5589118112529172,0.5334987659934938,4.856036706856919,-9.37603868010937,7.618101772630592,-2.244166167777669,0.20792209594424235,1.8670071129802983,0.36787455741101627,-2.4256099678378624,3.262361394720488,-1.7902729168246654,0.9458136326457796,0.14822511830125915,1.2087662399195274,4.931981560420989,-2.084684770556034,4.282257227692479,-0.18767449028383865,-2.6469144735725463,-8.357569723815379,-1.2094342292772116,3.8640702439158843,2.2842215421175416,-1.8671654647925815,10.161832571485645,1.4865180520724612,2.3944191309882576,1.6744545983671575,0.7054885383037849,1.7410724355440634,-7.5510158198428305,0.9555328072350857,-2.290580338181259,6.969064556334629,-0.3170060484120961,-11.717280334118831,1.4447178635547984,-1.067436061827079,4.882043581465389,1.3772207791728415,-3.007912425958556,-2.685651405941938
-3.197153091746539,-2.1503806346723984,-9.37603868010937,19.822296269042255,-15.120814901796198,3.7898073102989605,-0.9733805704481009,-3.0013062568170024,-0.28368406598423995,5.2294703273784435,-5.713086447440687,2.945066589277341,-2.951263274408307,-0.7917820274925372,-0.9708738443427285,-10.469668005447678,4.6429473901607,-9.372010611579134,-0.5218747161263101,5.757259392645902,16.41069854534459,3.4307107548249323,-7.804619811016208,-5.067497160310305,4.550612123624412,-20.521839443432622,-2.2393407134279726,-3.688254322084865,-3.375811970635872,-0.7200529226026003,-3.9412605886028858,16.369876383343723,-2.5044154726044137,4.623596871725757,-15.535205955264528,1.239459769171601,24.394610110654085,-3.6810618546129876,2.25966863535462,-9.94257857632849,-3.094372301829067,8.781382023383337,4.332710580966195
2.517077789829169,1.0334014080560663,7.618101772630592,-15.120814901796198,12.176089516871166,-3.4892971514429014,0.39982649292577105,2.855185145115609,0.498155729509672,-3.970928757721371,5.049607449421391,-2.6985090464157446,1.7101598412136159,0.39879704931290966,1.7925473438888604,8.01670465367061,-3.3904483392845868,6.982223298984986,-0.2011646076665883,-4.271484467927349,-13.318948231277231,-2.141937171501016,6.294632324755857,3.7699375549090686,-3.112176447918976,16.21832978808067,2.2166025226043353,3.65923981904655,2.7756878329666272,0.9421619593609323,2.756405544736398,-12.257550515428889,1.5850441821363566,-3.697956527719768,11.373362964066645,-0.6761557630056649,-18.819166465649932,2.3952945951967797,-1.7864981631013364,7.854627493880307,2.2323537155572017,-5.167265566682285,-4.165213230385212
-0.6456766706399957,0.1650053182409969,-2.244166167777669,3.7898073102989605,-3.4892971514429014,1.3398806932303984,0.15178804574759933,-1.164706877602593,-0.30914193990766015,0.9129829798362602,-1.8078903955317651,1.0584181314755647,0.005822844568145757,0.10931740406100665,-1.2539886548437191,-1.981446716881461,0.7331176287687835,-1.6455212438772706,0.492622507560725,0.9490450052669146,3.880017853589837,0.17165480414297343,-1.8012874763320366,-0.8541784487905925,0.5104977086393131,-4.411938150356825,-0.9694698916845537,-1.5135401831155293,-0.8213484575790987,-0.564682638413857,-0.529438611152869,2.8997494882068464,-0.15848143709262258,0.9972357715629232,-2.4936014334453303,-0.056741502913071035,4.815486525223171,-0.30714271109722896,0.5160716603815314,-2.1717300176998062,-0.4799628249964091,0.1581588145032112,1.7298746690328985
0.15671550079620106,0.4157643778737475,0.20792209594424235,-0.9733805704481009,0.39982649292577105,0.15178804574759933,0.25909566949168406,-0.18254350690888604,-0.10272036241884114,-0.3053382949654876,-0.09807489572536796,0.10881734547002847,0.46641866362794526,0.20542289695859176,-0.5431807832146537,0.528384700701608,-0.31884245026506963,0.5670064436578538,0.3712092436520593,-0.4023901747296802,-0.40293343151978983,-0.4329543280291382,0.2167978658179484,0.3108795662723482,-0.4422658744133519,0.71246221700779,-0.15828942704465093,-0.27258669997503704,0.08606939132940811,-0.1910458906462282,0.3438171794608131,-0.9390869697185253,0.3032966847395194,-0.1613973484432222,1.0448380056661666,-0.16529855504647634,-1.128990231925184,0.4156407909793822,-0.05784159278795454,0.33717354556555584,0.23355514760900514,-1.3076307171511892,0.2902197312900943
0.4990628012735524,-0.22410989421505292,1.8670071129802983,-3.0013062568170024,2.855185145115609,-1.164706877602593,-0.18254350690888604,1.030555264161563,0.2782639281767568,-0.6882401153893534,1.5579860066000009,-0.9326597138851561,-0.11528359648663981,-0.16416904565643828,1.1620781958834865,1.5448984479991046,-0.5536284331990564,1.267334626076044,-0.48935879926839,-0.7102429975967867,-3.1815353231347054,-0.04112730450805019,1.4493004970924066,0.6453389266870538,-0.3327340238099897,3.5765589011639882,0.8623133472825337,1.3307948840932953,0.651124565453207,0.537385725184807,0.39366698210240775,-2.2506749964557766,0.07566671193776923,-0.7930020790668438,1.8840261114339818,0.09103859384532731,-3.827317960396091,0.17820851579300584,-0.4165083326350641,1.7594167930818079,0.3597394417230634,0.1334503851697153,-1.525883037965626
0.12780035353259636,-0.2728492710727924,0.36787455741101627,-0.28368406598423995,0.498155729509672,-0.30914193990766015,-0.10272036241884114,0.2782639281767568,0.18462357938682947,-0.09555499374825936,0.4061180662079337,-0.26397152913948224,-0.1849597994375962,-0.04181316145419,0.4469337471104326,0.1818949414950141,-0.010198049681937552,0.07516228751251648,-0.22639241326385937,-0.10436821888946386,-0.6243099422667864,0.17624710119828496,0.25514209628405904,0.024303950612410984,0.06712663048088707,0.5619138217400962,0.29347944639945506,0.4391197248351332,0.14723175933998814,0.19944264539732665,-0.008821422813460994,-0.1383987110079298,-0.09798803885024086,-0.16216274636792763,0.03264822561119018,0.19179018227459202,-0.5036424903824488,-0.1099546042415348,-0.020624086984514213,0.24849273606609507,0.009683466446321438,0.4982872040314637,-0.4005345786780227
-0.9125397676608231,-0.592066882129729,-2.4256099678378624,5.2294703273784435,-3.970928757721371,0.9129829798362602,-0.3053382949654876,-0.6882401153893534,-0.09555499374825936,1.4835939527030437,-1.401617157329073,0.673207091170055,-0.8892557922036429,-0.3379645567992057,-0.12615880113551006,-2.840818242253591,1.2490531574964754,-2.4874189696918347,-0.20576685363383415,1.601737237793936,4.326090883813767,0.981017184860725,-2.08758631833258,-1.3800599761739694,1.2627254376305115,-5.432410459579137,-0.5044673070980149,-0.9232144614913945,-0.930426616582404,-0.09203812653735297,-1.0368831331062613,4.354483228794589,-0.6900096367193848,1.2840458060178856,-4.169898681378745,0.3559378925622541,6.50177293217721,-1.0036615996948834,0.5660881021180536,-2.595695076779719,-0.820787406738501,2.494365475617658,0.987603278349538
0.9718005490671257,-0.07507928110182531,3.262361394720488,-5.713086447440687,5.049607449421391,-1.8078903955317651,-0.09807489572536796,1.5579860066000009,0.4061180662079337,-1.401617157329073,2.5063384839235527,-1.4536760791653511,0.1764985297546625,-0.08730561498902266,1.502398281178832,2.981976018159488,-1.1639544158822477,2.529360544622499,-0.5237180398255266,-1.510167660963636,-5.608029900298626,-0.3946855165931877,2.5757961020282996,1.3108750865390195,-0.8934241586844953,6.494139726424872,1.3090373965431188,2.0131619609947267,1.1564665890767822,0.7393758846622069,0.9169111956327254,-4.444258413890626,0.35545052413409073,-1.4601323434585558,3.9200905120871226,0.0399290990876477,-7.233763380931011,0.6102697961770687,-0.7178352747821782,3.1688784268916796,0.7741071234503998,-0.7830540159513794,-2.2871773950839835
-0.497701728002192,0.15301367886734854,-1.7902729168246654,2.945066589277341,-2.6985090464157446,1.0584181314755647,0.10881734547002847,-0.9326597138851561,-0.26397152913948224,0.673207091170055,-1.4536760791653511,0.8895906918738475,0.04484419464064778,0.1312907149416354,-0.9744302382069586,-1.5067033706516217,0.5677546512667978,-1.2782263491899328,0.37746303803429837,0.7593343267135884,3.0160154168564595,0.09147725978723668,-1.3540069650194386,-0.6330269031885025,0.38959295265236804,-3.431734455305863,-0.8103589774226624,-1.1921865556541855,-0.6049781507268246,-0.49642369251966434,-0.46266926079651166,2.2446760694752053,-0.12954316723293113,0.7485032392639488,-1.9288734142223867,-0.12416102283608976,3.752802977392372,-0.25198035171652977,0.376253096231973,-1.6805755108689473,-0.3910416762574797,0.11021301466332079,1.3622525427994545
0.46870068439784685,0.8537742680946778,0.9458136326457796,-2.951263274408307,1.7101598412136159,0.005822844568145757,0.46641866362794526,-0.11528359648663981,-0.1849597994375962,-0.8892557922036429,0.1764985297546625,0.04484419464064778,0.9959920273496742,0.4169638705654292,-0.8229849075226356,1.6095731603028078,-0.8367069566765222,1.552793255562923,0.6246335084217366,-1.0144461840405858,-1.7784204620825637,-0.9837425153484732,0.9266141365247468,0.8833433077030897,-1.0269763419870155,2.58968756627283,-0.17686236036794925,-0.1998255316036416,0.39061451577945194,-0.3212961370384913,0.771106227635591,-2.6626671377321,0.6608287767586205,-0.6059223974729993,2.7713740651790473,-0.46208486306110025,-3.501561486970684,0.911854114514821,-0.27473534912544084,1.2414173289481787,0.5662676872472517,-2.725268807044222,0.19076993763168323
0.19818995854427499,0.2950964986678874,0.14822511830125915,-0.7917820274925372,0.39879704931290966,0.10931740406100665,0.20542289695859176,-0.16416904565643828,-0.04181316145419,-0.3379645567992057,-0.08730561498902266,0.1312907149416354,0.4169638705654292,0.2825496932566047,-0.3741023240911412,0.5153941655443844,-0.2562374880410905,0.474708710982924,0.26804443623431295,-0.37273019562284615,-0.4299947627511352,-0.38144669427695166,0.2930171103234941,0.2959065065905343,-0.3724236295420622,0.6353778283727892,-0.14494050832618596,-0.16081995315468126,0.1746423563845288,-0.21600653211974946,0.213588125349313,-0.7761303599550338,0.21788100456202528,-0.21023893977616967,0.8593760833263376,-0.14554253304353104,-0.9806541037508187,0.30620638716560755,-0.06362613800180303,0.30509158501395356,0.17763257547081815,-1.000051164449688,0.2296527759742758
0.22512906889204579,-0.884374408963107,1.2087662399195274,-0.9708738443427285,1.7925473438888604,-1.2539886548437191,-0.5431807832146537,1.1620781958834865,0.4469337471104326,-0.12615880113551006,1.502398281178832,-0.9744302382069586,-0.8229849075226356,-0.3741023240911412,1.9266853282622287,0.5024350468451897,0.0428228222999967,0.21655922968075225,-1.0144664624005255,-0.012874147298924454,-2.1018610597518403,0.6443585810971706,0.9652971875384413,0.07110870496979334,0.3955696437530013,1.8428859747452202,1.0256524327944665,1.5822013430109623,0.5110550882976784,0.7398044684018182,-0.23167532143282596,-0.41234288144887543,-0.4429689922982157,-0.4389847611316707,-0.05724570989630778,0.4136277135884193,-1.4508091985136804,-0.5173709311944337,-0.281060141055172,0.971146994816417,-0.04842126013804737,2.219683513028035,-1.784356853644831
1.7489617187684527,1.1192046285145094,4.931981560420989,-10.469668005447678,8.01670465367061,-1.981446716881461,0.528384700701608,1.5448984479991046,0.1818949414950141,-2.840818242253591,2.981976018159488,-1.5067033706516217,1.6095731603028078,0.5153941655443844,0.5024350468451897,5.598965117217861,-2.4581959070483155,4.961302970558076,0.2822384850607446,-3.0971906702154293,-8.719071794392734,-1.849478676969542,4.187776804442583,2.7097957700660706,-2.4323053189135297,10.878967831504463,1.1509394859334034,1.9656745139868712,1.8462343574506364,0.3214220939708216,2.0515344541043476,-8.66384587562736,1.3194982118580787,-2.502838604291922,8.234732885122467,-0.6593835615178029,-12.943059957415159,1.9403922719466504,-1.1890633413095368,5.256868014303803,1.63104695987673,-4.6619473691819495,-2.238261693755431
-0.7451195188817769,-0.6438265077834568,-2.084684770556034,4.6429473901607,-3.3904483392845868,0.7331176287687835,-0.31884245026506963,-0.5536284331990564,-0.010198049681937552,1.2490531574964754,-1.1639544158822477,0.5677546512667978,-0.8367069566765222,-0.2562374880410905,0.0428228222999967,-2.4581959070483155,1.1289745823919437,-2.2365182448742593,-0.2765255601525126,1.3942808236395376,3.6627699544515755,0.9209279367043405,-1.7493343399874717,-1.2152523646124307,1.1602620381182862,-4.680399239593282,-0.39687265289814494,-0.6600633474847828,-0.7485971518262676,-0.06605328972269714,-0.9872510012037033,3.89201631737752,-0.667423339961988,1.0556550421743507,-3.760644977137285,0.35056338028305195,5.682272208425635,-0.9643816224993285,0.5035609712619225,-2.2589395914981667,-0.7566519831278736,2.450039593400479,0.7857204189356222
1.5118426152099047,1.1743942382142105,4.282257227692479,-9.372010611579134,6.982223298984986,-1.6455212438772706,0.5670064436578538,1.267334626076044,0.07516228751251648,-2.4874189696918347,2.529360544622499,-1.2782263491899328,1.552793255562923,0.474708710982924,0.21655922968075225,4.961302970558076,-2.2365182448742593,4.511035664293579,0.40601556422607205,-2.778736124150039,-7.565754872221431,-1.7619151762555385,3.6446356618904665,2.435895780790794,-2.266457139859209,9.519573852476316,0.9442167791755435,1.5186090642612542,1.5941999630981898,0.2234951726178132,1.9248082482181204,-7.814092058626362,1.2617263215609311,-2.146335055268843,7.491948956472518,-0.6253258644176031,-11.483236463377255,1.8537968149000505,-1.0699281380778778,4.643896676317255,1.511180184571918,-4.56473435116144,-1.8383606760484539
0.052181616334551754,0.6134862806910453,-0.18767449028383865,-0.5218747161263101,-0.2011646076665883,0.492622507560725,0.3712092436520593,-0.48935879926839,-0.22639241326385937,-0.20576685363383415,-0.5237180398255266,0.37746303803429837,0.6246335084217366,0.26804443623431295,-1.0144664624005255,0.2822384850607446,-0.2765255601525126,0.40601556422607205,0.6058897625398084,-0.3154359265768686,0.29587687438337773,-0.5485373148157558,-0.10882975418501058,0.23503629885331567,-0.4815305167533992,0.0381687896190471,-0.434099797968667,-0.6994911447985115,-0.08586015505223356,-0.37327636327208635,0.35105224447457434,-0.6553889135226445,0.3818931138900595,0.003352131438188375,0.8800892267295961,-0.2678369649897162,-0.49591521839315117,0.4958374595541297,0.028631138752168023,-0.006495843512004461,0.20617855815055916,-1.7365565153199578,0.7591116887255738
-1.00278240784116,-0.7030605503432782,-2.6469144735725463,5.757259392645902,-4.271484467927349,0.9490450052669146,-0.4023901747296802,-0.7102429975967867,-0.10436821888946386,1.601737237793936,-1.510167660963636,0.7593343267135884,-1.0144461840405858,-0.37273019562284615,-0.012874147298924454,-3.0971906702154293,1.3942808236395376,-2.778736124150039,-0.3154359265768686,1.820777458931283,4.665932118194254,1.1042614591014588,-2.223256380475534,-1.5045473488933803,1.4425052524471176,-5.892631267760951,-0.561982502377049,-0.9199991433744581,-0.9860316430760896,-0.10644695193983507,-1.231988732507496,4.8224109184483845,-0.8073073264182243,1.36509451272526,-4.656803446331293,0.3176742071104424,7.147014865597694,-1.1787282089338005,0.5942342882721655,-2.819690121612796,-0.9493265125894572,2.944601293198932,0.9971359123367277
-2.77671747108527,-0.999262692986823,-8.357569723815379,16.41069854534459,-13.318948231277231,3.880017853589837,-0.40293343151978983,-3.1815353231347054,-0.6243099422667864,4.326090883813767,-5.608029900298626,3.0160154168564595,-1.7784204620825637,-0.4299947627511352,-2.1018610597518403,-8.719071794392734,3.6627699544515755,-7.565754872221431,0.29587687438337773,4.665932118194254,14.61211434041247,2.237586172713756,-6.887792595546535,-4.074685651877118,3.3376167453422663,-17.698792953392896,-2.5156657099725943,-4.116311207911102,-3.058655956024043,-1.0961441465004795,-2.980395629952672,13.270768802840463,-1.6717343509965483,4.0542131515084074,-12.28135196448983,0.6288804630515824,20.49833901834645,-2.545405971269241,1.9260059408226866,-8.562313024088379,-2.418094802133997,5.39578177897156,4.638125017802599
-0.5257170235722316,-0.8588082339754539,-1.2094342292772116,3.4307107548249323,-2.141937171501016,0.17165480414297343,-0.4329543280291382,-0.04112730450805019,0.17624710119828496,0.981017184860725,-0.3946855165931877,0.09147725978723668,-0.9837425153484732,-0.38144669427695166,0.6443585810971706,-1.849478676969542,0.9209279367043405,-1.7619151762555385,-0.5485373148157558,1.1042614591014588,2.237586172713756,1.0224183306837502,-1.1624741427959735,-0.9925172867667307,1.086637678523906,-3.127926804129953,0.06819592763574542,0.02005795223666671,-0.49387831078788935,0.2602625786931144,-0.8162011044317417,3.0324404270511023,-0.6792525905447379,0.714051807360927,-3.0860546193113954,0.48613739701065745,4.073259196308179,-0.9471783960856189,0.36814888279029834,-1.5252585060004444,-0.6216696528886181,2.7162975838276613,0.05105685856302604
1.3286258653573217,0.5527549900719559,3.8640702439158843,-7.804619811016208,6.294632324755857,-1.8012874763320366,0.2167978658179484,1.4493004970924066,0.25514209628405904,-2.08758631833258,2.5757961020282996,-1.3540069650194386,0.9266141365247468,0.2930171103234941,0.9652971875384413,4.187776804442583,-1.7493343399874717,3.6446356618904665,-0.10882975418501058,-2.223256380475534,-6.887792595546535,-1.1624741427959735,3.3388533962166917,1.984966100163422,-1.6379570641749481,8.335009759835314,1.1192633392287807,1.8762505437681503,1.5185097954801592,0.4208638242454602,1.3739246113825598,-6.35283754142229,0.8064235642121855,-1.9352189234835944,5.906115055375247,-0.37030711809585903,-9.710385376161792,1.233427967656502,-0.9653290568168048,4.077629245503309,1.155533047582045,-2.676757598079697,-2.1524297901641627
0.8266322238887374,0.6608491584920035,2.2842215421175416,-5.067497160310305,3.7699375549090686,-0.8541784487905925,0.3108795662723482,0.6453389266870538,0.024303950612410984,-1.3800599761739694,1.3108750865390195,-0.6330269031885025,0.8833433077030897,0.2959065065905343,0.07110870496979334,2.7097957700660706,-1.2152523646124307,2.435895780790794,0.23503629885331567,-1.5045473488933803,-4.074685651877118,-0.9925172867667307,1.984966100163422,1.3389639650774636,-1.2393346786540975,5.152335961157628,0.45296471196914984,0.7952798954023163,0.872601338114135,0.07010735029674246,1.0183343754872842,-4.237574200138804,0.6908980244308348,-1.181483521912001,4.071550523282404,-0.39551328184002366,-6.212689609608361,1.0068229496314356,-0.5810704288030485,2.504116510189854,0.807417976706767,-2.521704239324157,-0.9416358353291362
-0.7353623346646938,-0.8327595641284831,-1.8671654647925815,4.550612123624412,-3.112176447918976,0.5104977086393131,-0.4422658744133519,-0.3327340238099897,0.06712663048088707,1.2627254376305115,-0.8934241586844953,0.38959295265236804,-1.0269763419870155,-0.3724236295420622,0.3955696437530013,-2.4323053189135297,1.1602620381182862,-2.266457139859209,-0.4815305167533992,1.4425052524471176,3.3376167453422663,1.086637678523906,-1.6379570641749481,-1.2393346786540975,1.282719961142429,-4.398490851631606,-0.21164136058379227,-0.3624292046709779,-0.7057934011419648,0.09690232007073067,-1.0409310421387765,3.905387797843576,-0.7636587089168779,1.0010667726159164,-3.8702955932290974,0.41855313177572656,5.521949939800547,-1.0884312951279418,0.47682321978807224,-2.127186392504945,-0.7905167438810767,2.937427908421215,0.45857950806122044
3.401079120949242,1.6761403454514754,10.161832571485645,-20.521839443432622,16.21832978808067,-4.411938150356825,0.71246221700779,3.5765589011639882,0.5619138217400962,-5.432410459579137,6.494139726424872,-3.431734455305863,2.58968756627283,0.6353778283727892,1.8428859747452202,10.878967831504463,-4.680399239593282,9.519573852476316,0.0381687896190471,-5.892631267760951,-17.698792953392896,-3.127926804129953,8.335009759835314,5.152335961157628,-4.398490851631606,21.81832049785964,2.7385934604323885,4.572900031279492,3.6275954451913996,1.0889328149515234,3.884663766214764,-16.741360359016117,2.32842368781999,-4.963110948219165,15.667362003116857,-1.0411542641061482,-25.49418560948707,3.45836452093548,-2.3433886875714096,10.503079649365361,3.084032846639164,-7.785235326214076,-5.161222992282502
0.4079730669081169,-0.2869200882373808,1.4865180520724612,-2.2393407134279726,2.2166025226043353,-0.9694698916845537,-0.15828942704465093,0.8623133472825337,0.29347944639945506,-0.5044673070980149,1.3090373965431188,-0.8103589774226624,-0.17686236036794925,-0.14494050832618596,1.0256524327944665,1.1509394859334034,-0.39687265289814494,0.9442167791755435,-0.434099797968667,-0.561982502377049,-2.5156657099725943,0.06819592763574542,1.1192633392287807,0.45296471196914984,-0.21164136058379227,2.7385934604323885,0.779598007929143,1.1271000046072541,0.5210190952257593,0.4974360505002547,0.30587842517124625,-1.6461240431653998,0.01163625217867391,-0.6110622526104187,1.3454279889096363,0.20650181930705164,-2.91790879533639,0.08912638357919776,-0.2966526119287011,1.3475284387784723,0.27571659674807364,0.2996450271014917,-1.2680272842733078
0.6926727981747923,-0.4213361199181799,2.3944191309882576,-3.688254322084865,3.65923981904655,-1.5135401831155293,-0.27258669997503704,1.3307948840932953,0.4391197248351332,-0.9232144614913945,2.0131619609947267,-1.1921865556541855,-0.1998255316036416,-0.16081995315468126,1.5822013430109623,1.9656745139868712,-0.6600633474847828,1.5186090642612542,-0.6994911447985115,-0.9199991433744581,-4.116311207911102,0.02005795223666671,1.8762505437681503,0.7952798954023163,-0.3624292046709779,4.572900031279492,1.1271000046072541,1.8224575731291766,0.870904812028887,0.6933482624242246,0.42985865298863707,-2.7335546760830094,0.036893465594358785,-1.069697733179675,2.2477129565036655,0.173415467424618,-4.822446755690798,0.14246333755322496,-0.4904279765593411,2.2054969195198484,0.41463315419096314,0.41882590563565036,-1.9644115564180464
0.6114969953987359,0.1934709186740108,1.6744545983671575,-3.375811970635872,2.7756878329666272,-0.8213484575790987,0.08606939132940811,0.651124565453207,0.14723175933998814,-0.930426616582404,1.1564665890767822,-0.6049781507268246,0.39061451577945194,0.1746423563845288,0.5110550882976784,1.8462343574506364,-0.7485971518262676,1.5941999630981898,-0.08586015505223356,-0.9860316430760896,-3.058655956024043,-0.49387831078788935,1.5185097954801592,0.872601338114135,-0.7057934011419648,3.6275954451913996,0.5210190952257593,0.870904812028887,0.72596865215474915,0.18004705012558278,0.563962891163235,-2.7482350374230684,0.31989833696853676,-0.8689954229818111,2.546092233922709,-0.12411967172152,-4.231356295923497,0.5080400917020722,-0.4349645128738236,1.7946104428285414,0.5005135436023278,-1.06739221007927,-0.987849296728117
0.12143485594595421,-0.33705858698248964,0.7054885383037849,-0.7200529226026003,0.9421619593609323,-0.564682638413857,-0.1910458906462282,0.537385725184807,0.19944264539732665,-0.09203812653735297,0.7393758846622069,-0.49642369251966434,-0.3212961370384913,-0.21600653211974946,0.7398044684018182,0.3214220939708216,-0.06605328972269714,0.2234951726178132,-0.37327636327208635,-0.10644695193983507,-1.0961441465004795,0.2602625786931144,0.4208638242454602,0.07010735029674246,0.09690232007073067,1.0889328149515234,0.4974360505002547,0.6933482624242246,0.18004705012558278,0.38498450771586096,0.04820322278866958,-0.4187385099824038,-0.11787901543011883,-0.21611167389735098,0.21689268826392133,0.21175114446301618,-0.9964309779127682,-0.1265854318636161,-0.10206203601575498,0.5273575513943675,0.04603750253617258,0.7136528653506629,-0.7782895630299499
0.6206551120991852,0.6204758686638888,1.7410724355440634,-3.9412605886028858,2.756405544736398,-0.529438611152869,0.3438171794608131,0.39366698210240775,-0.008821422813460994,-1.0368831331062613,0.9169111956327254,-0.46266926079651166,0.771106227635591,0.213588125349313,-0.23167532143282596,2.0515344541043476,-0.9872510012037033,1.9248082482181204,0.35105224447457434,-1.231988732507496,-2.980395629952672,-0.8162011044317417,1.3739246113825598,1.0183343754872842,-1.0409310421387765,3.884663766214764,0.30587842517124625,0.42985865298863707,0.563962891163235,0.04820322278866958,0.9402802464107037,-3.3328611024573087,0.6304973804343411,-0.8463738693597861,3.2654432215200013,-0.26173881336020033,-4.809732148585129,0.9043386871081716,-0.38076522671786855,1.8584067070774424,0.6825231494499145,-2.350416753365129,-0.5238639629550346
-2.6350043687413627,-2.000834509268118,-7.5510158198428305,16.369876383343723,-12.257550515428889,2.8997494882068464,-0.9390869697185253,-2.2506749964557766,-0.1383987110079298,4.354483228794589,-4.444258413890626,2.2446760694752053,-2.6626671377321,-0.7761303599550338,-0.41234288144887543,-8.66384587562736,3.89201631737752,-7.814092058626362,-0.6553889135226445,4.8224109184483845,13.270768802840463,3.0324404270511023,-6.35283754142229,-4.237574200138804,3.905387797843576,-16.741360359016117,-1.6461240431653998,-2.7335546760830094,-2.7482350374230684,-0.4187385099824038,-3.3328611024573087,13.61622877455022,-2.1870532246447985,3.7755009655140586,-13.02463206290213,1.1272605433201546,20.08432854287147,-3.194351289922543,1.848645495096494,-8.116800926638403,-2.604606296447988,7.83329268015569,3.243299585828629
0.37828598154983345,0.5756164021634632,0.9555328072350857,-2.5044154726044137,1.5850441821363566,-0.15848143709262258,0.3032966847395194,0.07566671193776923,-0.09798803885024086,-0.6900096367193848,0.35545052413409073,-0.12954316723293113,0.6608287767586205,0.21788100456202528,-0.4429689922982157,1.3194982118580787,-0.667423339961988,1.2617263215609311,0.3818931138900595,-0.8073073264182243,-1.6717343509965483,-0.6792525905447379,0.8064235642121855,0.6908980244308348,-0.7636587089168779,2.32842368781999,0.01163625217867391,0.036893465594358785,0.31989833696853676,-0.11787901543011883,0.6304973804343411,-2.1870532246447985,0.48877563827468135,-0.5114859875312497,2.212232839684586,-0.2928747577092193,-2.996956104403726,0.6794700314208737,-0.23756306954996803,1.1101825885320307,0.454893346201503,-1.9120021845969943,-0.07727559755155008
-0.8152852290983256,-0.3433572164282252,-2.290580338181259,4.623596871725757,-3.697956527719768,0.9972357715629232,-0.1613973484432222,-0.7930020790668438,-0.16216274636792763,1.2840458060178856,-1.4601323434585558,0.7485032392639488,-0.6059223974729993,-0.21023893977616967,-0.4389847611316707,-2.502838604291922,1.0556550421743507,-2.146335055268843,0.003352131438188375,1.36509451272526,4.0542131515084074,0.714051807360927,-1.9352189234835944,-1.181483521912001,1.0010667726159164,-4.963110948219165,-0.6110622526104187,-1.069697733179675,-0.8689954229818111,-0.21611167389735098,-0.8463738693597861,3.7755009655140586,-0.5114859875312497,1.1713928511361997,-3.5338831289810297,0.22838213597315835,5.795482734829718,-0.762181736398381,0.5232150092264989,-2.3767181710009524,-0.6879006322209751,1.7279511651449653,1.150611439803215
2.494435603197044,2.1420120718915694,6.969064556334629,-15.535205955264528,11.373362964066645,-2.4936014334453303,1.0448380056661666,1.8840261114339818,0.03264822561119018,-4.169898681378745,3.9200905120871226,-1.9288734142223867,2.7713740651790473,0.8593760833263376,-0.05724570989630778,8.234732885122467,-3.760644977137285,7.491948956472518,0.8800892267295961,-4.656803446331293,-12.28135196448983,-3.0860546193113954,5.906115055375247,4.071550523282404,-3.8702955932290974,15.667362003116857,1.3454279889096363,2.2477129565036655,2.546092233922709,0.21689268826392133,3.2654432215200013,-13.02463206290213,2.212232839684586,-3.5338831289810297,12.573339611397188,-1.1693889211072523,-19.00109449781273,3.20613581527258,-1.7205836605710119,7.589513349623769,2.527887169693781,-8.091285002592192,-2.6953368110457214
-0.12304958629526243,-0.4656594021966926,-0.3170060484120961,1.239459769171601,-0.6761557630056649,-0.056741502913071035,-0.16529855504647634,0.09103859384532731,0.19179018227459202,0.3559378925622541,0.0399290990876477,-0.12416102283608976,-0.46208486306110025,-0.14554253304353104,0.4136277135884193,-0.6593835615178029,0.35056338028305195,-0.6253258644176031,-0.2678369649897162,0.3176742071104424,0.6288804630515824,0.48613739701065745,-0.37030711809585903,-0.39551328184002366,0.41855313177572656,-1.0411542641061482,0.20650181930705164,0.173415467424618,-0.12411967172152,0.21175114446301618,-0.26173881336020033,1.1272605433201546,-0.2928747577092193,0.22838213597315835,-1.1693889211072523,0.3931681030450553,1.3712661625792888,-0.381766627993352,0.16119063850729176,-0.5118199034811213,-0.20186586331925666,1.2038110724759614,-0.11968946807061512
-4.030835769899281,-2.415174069151414,-11.717280334118831,24.394610110654085,-18.819166465649932,4.815486525223171,-1.128990231925184,-3.827317960396091,-0.5036424903824488,6.50177293217721,-7.233763380931011,3.752802977392372,-3.501561486970684,-0.9806541037508187,-1.4508091985136804,-12.943059957415159,5.682272208425635,-11.483236463377255,-0.49591521839315117,7.147014865597694,20.49833901834645,4.073259196308179,-9.710385376161792,-6.212689609608361,5.521949939800547,-25.49418560948707,-2.91790879533639,-4.822446755690798,-4.231356295923497,-0.9964309779127682,-4.809732148585129,20.08432854287147,-2.996956104403726,5.795482734829718,-19.00109449781273,1.3712661625792888,30.185075184394098,-4.421191401015385,2.7427872493756036,-12.298800439731243,-3.7817397272233566,10.40743843474657,5.509141640949631
0.5658784695089328,0.7807162646308282,1.4447178635547984,-3.6810618546129876,2.3952945951967797,-0.30714271109722896,0.4156407909793822,0.17820851579300584,-0.1099546042415348,-1.0036615996948834,0.6102697961770687,-0.25198035171652977,0.911854114514821,0.30620638716560755,-0.5173709311944337,1.9403922719466504,-0.9643816224993285,1.8537968149000505,0.4958374595541297,-1.1787282089338005,-2.545405971269241,-0.9471783960856189,1.233427967656502,1.0068229496314356,-1.0884312951279418,3.45836452093548,0.08912638357919776,0.14246333755322496,0.5080400917020722,-0.1265854318636161,0.9043386871081716,-3.194351289922543,0.6794700314208737,-0.762181736398381,3.20613581527258,-0.381766627993352,-4.421191401015385,0.9578812073435835,-0.36508512400846727,1.6678286532331188,0.6638176003585311,-2.6456947714362467,-0.22464855195367037
-0.34173449983825116,-0.21702878278247273,-1.067436061827079,2.25966863535462,-1.7864981631013364,0.5160716603815314,-0.05784159278795454,-0.4165083326350641,-0.020624086984514213,0.5660881021180536,-0.7178352747821782,0.376253096231973,-0.27473534912544084,-0.06362613800180303,-0.281060141055172,-1.1890633413095368,0.5035609712619225,-1.0699281380778778,0.028631138752168023,0.5942342882721655,1.9260059408226866,0.36814888279029834,-0.9653290568168048,-0.5810704288030485,0.47682321978807224,-2.3433886875714096,-0.2966526119287011,-0.4904279765593411,-0.4349645128738236,-0.10206203601575498,-0.38076522671786855,1.848645495096494,-0.23756306954996803,0.5232150092264989,-1.7205836605710119,0.16119063850729176,2.7427872493756036,-0.36508512400846727,0.31892451919211395,-1.1850819544901399,-0.3339381474387777,0.799182532782859,0.6393937934155746
1.6238922437431786,0.8315853158121772,4.882043581465389,-9.94257857632849,7.854627493880307,-2.1717300176998062,0.33717354556555584,1.7594167930818079,0.24849273606609507,-2.595695076779719,3.1688784268916796,-1.6805755108689473,1.2414173289481787,0.30509158501395356,0.971146994816417,5.256868014303803,-2.2589395914981667,4.643896676317255,-0.006495843512004461,-2.819690121612796,-8.562313024088379,-1.5252585060004444,4.077629245503309,2.504116510189854,-2.127186392504945,10.503079649365361,1.3475284387784723,2.2054969195198484,1.7946104428285414,0.5273575513943675,1.8584067070774424,-8.116800926638403,1.1101825885320307,-2.3767181710009524,7.589513349623769,-0.5118199034811213,-12.298800439731243,1.6678286532331188,-1.1850819544901399,5.115360475977838,1.5002947885050701,-3.7280873299225004,-2.5747098579686187
0.4989170839275331,0.441897828616104,1.3772207791728415,-3.094372301829067,2.2323537155572017,-0.4799628249964091,0.23355514760900514,0.3597394417230634,0.009683466446321438,-0.820787406738501,0.7741071234503998,-0.3910416762574797,0.5662676872472517,0.17763257547081815,-0.04842126013804737,1.63104695987673,-0.7566519831278736,1.511180184571918,0.20617855815055916,-0.9493265125894572,-2.418094802133997,-0.6216696528886181,1.155533047582045,0.807417976706767,-0.7905167438810767,3.084032846639164,0.27571659674807364,0.41463315419096314,0.5005135436023278,0.04603750253617258,0.6825231494499145,-2.604606296447988,0.454893346201503,-0.6879006322209751,2.527887169693781,-0.20186586331925666,-3.7817397272233566,0.6638176003585311,-0.3339381474387777,1.5002947885050701,0.5213860425842668,-1.6822626853945088,-0.5102879559908892
-1.3242372549157466,-2.3996146272162595,-3.007912425958556,8.781382023383337,-5.167265566682285,0.1581588145032112,-1.3076307171511892,0.1334503851697153,0.4982872040314637,2.494365475617658,-0.7830540159513794,0.11021301466332079,-2.725268807044222,-1.000051164449688,2.219683513028035,-4.6619473691819495,2.450039593400479,-4.56473435116144,-1.7365565153199578,2.944601293198932,5.39578177897156,2.7162975838276613,-2.676757598079697,-2.521704239324157,2.937427908421215,-7.785235326214076,0.2996450271014917,0.41882590563565036,-1.06739221007927,0.7136528653506629,-2.350416753365129,7.83329268015569,-1.9120021845969943,1.7279511651449653,-8.091285002592192,1.2038110724759614,10.40743843474657,-2.6456947714362467,0.799182532782859,-3.7280873299225004,-1.6822626853945088,7.74212593595804,-0.3053368348947144
-0.7177172954877113,0.34387269525090186,-2.685651405941938,4.332710580966195,-4.165213230385212,1.7298746690328985,0.2902197312900943,-1.525883037965626,-0.4005345786780227,0.987603278349538,-2.2871773950839835,1.3622525427994545,0.19076993763168323,0.2296527759742758,-1.784356853644831,-2.238261693755431,0.7857204189356222,-1.8383606760484539,0.7591116887255738,0.9971359123367277,4.638125017802599,0.05105685856302604,-2.1524297901641627,-0.9416358353291362,0.45857950806122044,-5.161222992282502,-1.2680272842733078,-1.9644115564180464,-0.987849296728117,-0.7782895630299499,-0.5238639629550346,3.243299585828629,-0.07727559755155008,1.150611439803215,-2.6953368110457214,-0.11968946807061512,5.509141640949631,-0.22464855195367037,0.6393937934155746,-2.5747098579686187,-0.5102879559908892,-0.3053368348947144,2.288988243004745
