V1,V2,V3,V4,V5,V6,V7,V8,V9,V10,V11,V12,V13,V14,V15,V16,V17,V18,V19,V20,V21,V22,V23,V24,V25,V26,V27,V28,V29,V30,V31,V32,V33,V34,V35,V36,V37,V38,V39,V40,V41,V42,V43
0.5854080869987274,2.197564397209218,-2.9968652157551614,0.8305867312748629,-0.12140119247960277,-3.439567909901409,2.0086284738736526,-3.059973157097254,-2.1340137890942317,-2.984156640755667,-7.363556749889001,-4.1528313192433925,-2.219169293616642,-3.7775386333678416,-5.444620593649355,-3.5541819661825063,-4.9797937903570215,3.34080460634719,-5.892848039184952,4.9089506432581,-4.571429344625331,5.770053879039836,1.1841761244122104,-3.1892667148581073,-2.044330299813702,-1.0228936662731254,0.20089874753469342,0.2300257720864359,-1.880302300077021,4.004095196173945,-1.9481091441122573,1.472631185778508,3.0527037693491477,-1.0251845621016513,4.202887567373881,-2.2418099544246055,2.2796965053422107,-1.9863292042398353,-1.7980222699288582,-5.172277189044235,-5.627139319703627,4.0288733972641895,6.486025284126181
2.197564397209218,65.93720854705283,-95.99968113592033,22.747303456918893,-8.550533331317094,-96.39059940019708,69.94391308871661,-97.5123562392952,-60.30612704917926,-88.02136872385557,-211.4064476043689,-117.15552334377276,-71.20303439761702,-108.53701121054966,-156.20503084947046,-105.07444622075393,-139.70834850822897,98.96670066803416,-174.60914991030165,142.6672737511412,-135.7324466017777,171.03583337054923,29.158085794055282,-80.86171690643478,-49.984648034293734,-31.537214948268364,14.689690009040108,3.5307279723164737,-55.67871983903296,127.67017212092547,-60.369310283617196,39.26603167606879,100.66566386722866,-33.84271123222125,118.1818208497744,-73.07501225001734,66.70577105082322,-48.4889813415096,-58.92586729781672,-168.81114743933622,-161.92555591114362,111.17746184041053,191.82017901881446
-2.9968652157551614,-95.99968113592033,139.93045659642442,-33.06049346354759,12.494035578973234,140.12469794602305,-101.7923645207637,141.8203412022003,87.64032907455265,128.02011765056326,307.42424147857713,170.3695701907498,103.69740287718938,157.59693402655208,227.16621127120362,152.7780453881349,203.03894376249514,-143.87464501992528,253.83977411798983,-207.57159252195973,197.29075607501642,-248.57172821031685,-42.36869792100044,117.35924674813478,72.4725263218713,45.931844380677695,-21.30289712042939,-5.113961074092148,80.9294924275995,-185.6653056673565,87.65590833843963,-57.00276560682399,-146.57849045211856,49.21034772402998,-171.6853127223891,106.31494041716024,-96.95717599869306,70.27274265006098,85.88883859962219,245.7318867443938,235.36633286653492,-161.58765213044262,-278.95893241401603
0.8305867312748629,22.747303456918893,-33.06049346354759,7.9107275942750706,-2.9857562924074856,-33.4386711628338,24.274914885635155,-33.893013719066275,-20.904333624257635,-30.458370098612466,-73.22678837383661,-40.58086395901204,-24.507859782792398,-37.69834865270029,-54.015871469039645,-36.47664386987985,-48.40757546545575,34.249614787397974,-60.49610026805688,49.4116079407653,-47.10174022261968,59.34127888986168,10.08530155060994,-28.12193131363168,-17.50676581974007,-10.959743586730795,5.148325026111927,1.275186338814469,-19.31097837548662,44.22826748516944,-21.030163526912734,13.63012516836461,34.74846570173592,-11.790636501060153,40.9766668158816,-25.3029574654368,23.174692298553158,-16.90794361970976,-20.274025067890435,-58.241058605125545,-56.11573753580126,38.49211101690851,66.34854875028826
-0.12140119247960277,-8.550533331317094,12.494035578973234,-2.9857562924074856,1.2762912066240983,12.732483464747276,-9.414532915786406,13.125214001941153,7.919722695684459,11.476977871397516,27.658271440749054,15.29057917964256,9.235511870870678,14.324085526019662,20.28681246219752,13.893492425586937,18.15617893019846,-13.022340027638005,22.92250956014795,-18.67192886300898,17.94894843743408,-22.602904088886202,-3.663335254321124,10.581385239603236,6.7327736511947744,4.232308068447072,-2.2020880929258877,-0.402637303623313,7.227157875420244,-16.924430927921044,8.121963182824116,-5.092658808152338,-13.272866692426597,4.679645787823677,-15.44323928057613,9.704892407877335,-8.846084005384698,6.407682824175516,7.66686060448807,22.14893604804359,21.25823170849093,-14.432104180544867,-25.137703211617225
-3.439567909901409,-96.39059940019708,140.12469794602305,-33.4386711628338,12.732483464747276,141.96020101305757,-102.8864865511061,143.73879638801426,88.69798800363732,128.96828135425457,310.3406670154538,171.91846274795878,103.94600121295294,159.86386652392048,228.87587406405783,154.5211618874465,204.96570225838443,-145.45726259038435,256.41254183837356,-209.23484883526442,199.68802596870586,-251.60023698473006,-42.582413734757374,119.2719629488634,74.35642064500942,46.417094647093485,-22.103116409014753,-5.113022303920744,81.5170098524069,-187.57830870967445,89.17101343447348,-57.724592058445985,-147.48112673049494,50.197617268661624,-173.6680213391053,107.3189897733382,-98.2547652573904,71.84522488444215,85.96990194488538,247.12326374355408,237.98339214251294,-163.0942900162741,-281.5362284593461
2.0086284738736526,69.94391308871661,-101.7923645207637,24.274914885635155,-9.414532915786406,-102.8864865511061,75.29169338699488,-104.90474420293685,-64.35827633130822,-93.68510824888426,-225.27559951728836,-124.68673687791416,-75.49015318847493,-116.30761419104162,-166.03417535061618,-112.4561185870408,-148.88727389411815,105.63763835438807,-186.45959520487438,151.94326463507403,-145.37623875577742,183.07495747591878,30.754907025430377,-86.29839149234944,-53.81856424653641,-33.81279665028584,16.474900470055942,3.7773169321601525,-59.49204418845002,136.72585061395998,-65.13747980326184,41.86779902768298,107.32598288196174,-36.55587833707246,126.13243791355367,-78.26130427088064,71.52686351607129,-51.9533899528474,-62.44059115378835,-179.83479033544728,-172.83116137537772,118.23588413165879,204.4188828635493
-3.059973157097254,-97.5123562392952,141.8203412022003,-33.893013719066275,13.125214001941153,143.73879638801426,-104.90474420293685,146.59851891386268,89.92369503195802,130.59872371970363,314.34263017322473,174.01364002673628,105.0114059613347,162.50906816240862,231.64172284787804,156.99638608776937,207.91776378915378,-147.53074513447964,260.1211198358251,-212.02954185173164,203.08221741522956,-255.66141624583787,-42.899459243324955,120.79325844891343,75.58134630154153,47.27017143106326,-22.9652806644016,-5.27451389904639,82.95823610129996,-190.61216376535066,90.92882251585574,-58.38420292088511,-149.42561682747515,51.020556643168355,-176.18061563698714,109.13303348597817,-99.9241762672481,72.97809303972991,86.8907763986846,250.47119665606166,241.3824848429298,-165.21200653380774,-285.3484719859635
-2.1340137890942317,-60.30612704917926,87.64032907455265,-20.904333624257635,7.919722695684459,88.69798800363732,-64.35827633130822,89.92369503195802,55.518949970998285,80.70340462786326,194.13753848944017,107.53654630399694,65.05159583565033,100.12355937988804,143.25666857706486,96.66554393424677,128.35052867596227,-91.06318599524816,160.50422920371082,-130.83709727811564,125.0050104512053,-157.51765175864338,-26.633640272094183,74.61421245788586,46.45043729501647,28.96477798111678,-13.892890934842068,-3.198456214106678,51.08584199616266,-117.41773574633086,55.796924094707016,-36.1319877281302,-92.25921178137709,31.329033149340013,-108.76762700983608,67.17078975306548,-61.48009954456893,44.999736442615756,53.76501546367792,154.70195398040138,148.9549295963681,-102.11812784846005,-176.24636375827063
-2.984156640755667,-88.02136872385557,128.02011765056326,-30.458370098612466,11.476977871397516,128.96828135425457,-93.68510824888426,130.59872371970363,80.70340462786326,117.72382793687311,282.74488942611174,156.66376558719438,95.07316657194805,145.45793165411874,208.81162360459481,140.64903810435217,186.8774035806523,-132.39762521304596,233.69187689576455,-190.70256747127905,181.70736196819163,-229.03152234330946,-38.93635696842384,108.30103823764483,67.09184257215628,42.143933778145616,-19.907502588934232,-4.732975999012154,74.51878497486054,-170.9384547218016,81.03486749706562,-52.61038741483152,-134.55632352029963,45.4292971178047,-158.2065904788121,97.79158102956384,-89.31674692839914,65.03017093583708,78.60576599204549,225.63270414792876,216.66681575540275,-148.6579306991457,-256.50577348664103
-7.363556749889001,-211.4064476043689,307.42424147857713,-73.22678837383661,27.658271440749054,310.3406670154538,-225.27559951728836,314.34263017322473,194.13753848944017,282.74488942611174,679.7991421964018,376.62015882287767,228.11283349991183,349.87925075885147,501.7138813247144,338.3178077223029,449.2709698254021,-318.3934445842607,561.7381866104673,-458.4205430973254,437.1528914176201,-550.819825629754,-93.49820731267236,260.76865335137865,161.96446351453054,101.47486658721792,-48.04830587085076,-11.419118331047175,179.00253383966447,-410.8442942012005,194.96183806767962,-126.48286244342712,-323.2058382646534,109.3981891062005,-380.4096347642353,235.05234641583806,-215.01529312074393,156.7881808070346,188.6325464690726,541.8118478379796,521.0634464843971,-357.3522960028436,-616.653668996137
-4.1528313192433925,-117.15552334377276,170.3695701907498,-40.58086395901204,15.29057917964256,171.91846274795878,-124.68673687791416,174.01364002673628,107.53654630399694,156.66376558719438,376.62015882287767,208.69531977713748,126.40366088453243,193.71537861183145,278.00167467577313,187.37211866819865,248.86839451058768,-176.33205160272215,311.125569745297,-254.005216253496,242.05619459180187,-305.0268344377317,-51.842628201406924,144.46524469606908,89.69134798044468,56.20179572445538,-26.480674274222416,-6.341250003012078,99.13095852016187,-227.48099572608663,107.88443601790974,-70.06620066497995,-179.0225833286809,60.563258799441726,-210.70246306456502,130.14434462941009,-119.05115149052585,86.82869998904405,104.54057832215061,300.1033154433563,288.6153118777794,-198.0038924306384,-341.58870668150035
-2.219169293616642,-71.20303439761702,103.69740287718938,-24.507859782792398,9.235511870870678,103.94600121295294,-75.49015318847493,105.0114059613347,65.05159583565033,95.07316657194805,228.11283349991183,126.40366088453243,77.13413945728308,117.02560545125465,168.64130016068887,113.24481689718941,150.55398045740867,-106.83904130991651,188.48597393439005,-153.8221132721269,146.25872411568346,-184.4742127489133,-31.41071244306157,87.05541067211085,53.642703625902875,33.867074586430014,-15.981184264494562,-3.654138416793777,59.96163580727234,-137.9234177936402,65.09112613313785,-42.40265751249805,-108.9326693058029,36.6098982947275,-127.45550047737703,78.90280004640535,-71.84571310993257,52.10953460514883,63.77157243714901,182.6340817135426,174.65563224139368,-119.8593734965684,-207.10595911673855
-3.7775386333678416,-108.53701121054966,157.59693402655208,-37.69834865270029,14.324085526019662,159.86386652392048,-116.30761419104162,162.50906816240862,100.12355937988804,145.45793165411874,349.87925075885147,193.71537861183145,117.02560545125465,180.9988562380075,258.0977833608983,174.46676165302765,231.62406137775778,-164.2501474074252,289.5978654406257,-235.74932293853357,225.7789617243004,-284.42550891765967,-47.954354940487114,134.62062630951684,83.94140743888117,52.25402072515575,-25.373949171312052,-5.828502750325857,92.36415287791644,-211.99439472318895,101.06036483397426,-65.19312742971374,-166.17210873931137,56.5241314589276,-196.3290976829587,121.2648431458773,-111.02308022511217,81.3369307285698,96.65562005243213,278.78087105539026,268.69704755300177,-184.10578457275344,-317.67965455060835
-5.444620593649355,-156.20503084947046,227.16621127120362,-54.015871469039645,20.28681246219752,228.87587406405783,-166.03417535061618,231.64172284787804,143.25666857706486,208.81162360459481,501.7138813247144,278.00167467577313,168.64130016068887,258.0977833608983,370.5704506691761,249.50147784945392,331.6826732944355,-235.01007136254503,414.58683124235426,-338.3463798803978,322.4270833718033,-406.3538358465261,-69.11854965522602,192.31341054725394,119.14534027390981,74.75241552679785,-35.22727470394491,-8.373368843661181,132.15580978868462,-303.1397741107059,143.64170351390166,-93.34061537322735,-238.63764805317535,80.50676675728795,-280.7877074530671,173.4320747548295,-158.49042272336905,115.56854047285661,139.4358417504404,400.2291608086413,384.53198592935325,-263.9125776934108,-455.2702788721171
-3.5541819661825063,-105.07444622075393,152.7780453881349,-36.47664386987985,13.893492425586937,154.5211618874465,-112.4561185870408,156.99638608776937,96.66554393424677,140.64903810435217,338.3178077223029,187.37211866819865,113.24481689718941,174.46676165302765,249.50147784945392,168.6571104219909,223.7311124565294,-158.52043302595393,279.72623908335385,-228.19119527757763,218.00230794282808,-274.5512923750285,-46.423836026105086,129.893105666527,80.9323474745736,50.67541931737642,-24.19919595100489,-5.765970382975468,89.25538500903005,-204.71858081411747,97.40815049964907,-62.92835574380048,-160.7497676731866,54.587494363877454,-189.45618638698616,117.15401123814468,-107.2566626270954,78.2319858918889,93.66657153168953,269.4707057781344,259.48867008405944,-177.82369202394113,-306.86987778782253
-4.9797937903570215,-139.70834850822897,203.03894376249514,-48.40757546545575,18.15617893019846,204.96570225838443,-148.88727389411815,207.91776378915378,128.35052867596227,186.8774035806523,449.2709698254021,248.86839451058768,150.55398045740867,231.62406137775778,331.6826732944355,223.7311124565294,297.4833499641384,-210.49283791309367,371.43191276726685,-303.023749240174,289.301116542299,-364.34671729664257,-61.92599088305376,172.50856348849308,107.10412004013588,67.10671267598157,-31.669179669680744,-7.727453744452932,118.71760438052121,-271.56507717289554,129.0262648089298,-83.62948731254114,-213.29731496531682,71.98085962238463,-251.75139865243375,155.39415721978258,-142.23884159752268,103.85944107405435,124.4762870542318,357.889554836832,344.5827675712789,-236.47364982965235,-407.5914140249131
3.34080460634719,98.96670066803416,-143.87464501992528,34.249614787397974,-13.022340027638005,-145.45726259038435,105.63763835438807,-147.53074513447964,-91.06318599524816,-132.39762521304596,-318.3934445842607,-176.33205160272215,-106.83904130991651,-164.2501474074252,-235.01007136254503,-158.52043302595393,-210.49283791309367,149.46012377162089,-263.32744000039094,214.56007237133193,-205.05949696076465,258.41185667791893,43.634056215764915,-122.26091187386099,-76.03965564512663,-47.48548902135857,22.891068994101158,5.145278548662063,-83.77637402791152,192.7385839998824,-91.54768002743855,59.22769050198253,151.49827597776195,-51.40902841585233,178.39950131410507,-110.27278243363872,100.81347645111599,-73.73625149022047,-88.29680333880802,-254.07459352438943,-244.34397441310776,167.48187090526977,289.2208901714849
-5.892848039184952,-174.60914991030165,253.83977411798983,-60.49610026805688,22.92250956014795,256.41254183837356,-186.45959520487438,260.1211198358251,160.50422920371082,233.69187689576455,561.7381866104673,311.125569745297,188.48597393439005,289.5978654406257,414.58683124235426,279.72623908335385,371.43191276726685,-263.32744000039094,464.54573551075623,-378.6915634707913,361.63129945927034,-455.68464222059066,-77.14295983083399,215.50897432124074,133.8961096404605,83.81249911730448,-40.1380917267489,-9.362893552315274,148.093958265906,-339.96335335900494,161.50921793965858,-104.56473824483315,-267.19192512365714,90.52086768502076,-314.6198298975739,194.48530206094526,-177.8201853773177,129.7198147456718,155.78164689670416,448.04914243230235,430.82358171373716,-295.3452074118324,-509.80383868783383
4.9089506432581,142.6672737511412,-207.57159252195973,49.4116079407653,-18.67192886300898,-209.23484883526442,151.94326463507403,-212.02954185173164,-130.83709727811564,-190.70256747127905,-458.4205430973254,-254.005216253496,-153.8221132721269,-235.74932293853357,-338.3463798803978,-228.19119527757763,-303.023749240174,214.56007237133193,-378.6915634707913,309.36987546113863,-294.7653184307104,371.2928356937924,63.130182428216465,-175.72043498152593,-109.10525316310127,-68.59452076300526,32.13588310661219,7.8269257391629035,-120.83013140529009,276.9282025615262,-131.37372184349815,85.19873106771892,217.90841597422846,-73.63981106311135,256.40321635022457,-158.49853244808423,144.97169998213957,-105.55558556837111,-127.30505834430569,-365.2974541115235,-351.2713100735559,240.99642323976943,415.6815394808624
-4.571429344625331,-135.7324466017777,197.29075607501642,-47.10174022261968,17.94894843743408,199.68802596870586,-145.37623875577742,203.08221741522956,125.0050104512053,181.70736196819163,437.1528914176201,242.05619459180187,146.25872411568346,225.7789617243004,322.4270833718033,218.00230794282808,289.301116542299,-205.05949696076465,361.63129945927034,-294.7653184307104,281.99423937467054,-355.10150827839493,-59.93004358619657,167.97763225204847,104.71326783921334,65.45982262319176,-31.482567220199307,-7.3806598257459495,115.40648503302535,-264.7148769414799,126.05021259075488,-81.32148140784929,-207.68566105810098,70.53711195075516,-245.04438496023565,151.49534109127916,-138.7043606535751,101.34999367789061,120.93164991632702,348.3066847608791,335.53971184974455,-229.92348350605056,-396.7794739857023
5.770053879039836,171.03583337054923,-248.57172821031685,59.34127888986168,-22.602904088886202,-251.60023698473006,183.07495747591878,-255.66141624583787,-157.51765175864338,-229.03152234330946,-550.819825629754,-305.0268344377317,-184.4742127489133,-284.42550891765967,-406.3538358465261,-274.5512923750285,-364.34671729664257,258.41185667791893,-455.68464222059066,371.2928356937924,-355.10150827839493,447.36344528816255,75.48096178529933,-211.60890940475338,-131.82459432986292,-82.31647624547071,39.734448938704936,9.164192789158152,-145.25644162200203,333.58334283934255,-158.75161654021312,102.51152855221575,261.8392174668789,-88.982448583751,308.73777600434886,-190.85783938365498,174.63287286328995,-127.65043361687852,-152.46737566574433,-439.1032868526089,-422.749107517354,289.6803826610347,500.0420817406415
1.1841761244122104,29.158085794055282,-42.36869792100044,10.08530155060994,-3.663335254321124,-42.582413734757374,30.754907025430377,-42.899459243324955,-26.633640272094183,-38.93635696842384,-93.49820731267236,-51.842628201406924,-31.41071244306157,-47.954354940487114,-69.11854965522602,-46.423836026105086,-61.92599088305376,43.634056215764915,-77.14295983083399,63.130182428216465,-59.93004358619657,75.48096178529933,13.051385520440776,-35.845496480573225,-22.09192489779245,-13.92723896354414,6.236256632501647,1.6955267599011468,-24.729719813140633,56.24610731694112,-26.61480608555283,17.427265491172783,44.302744589832315,-14.773265446071411,52.28738418488527,-32.1757584619756,29.458975766166617,-21.44119438644852,-25.983091739636205,-74.35236131373468,-71.54035681889792,49.2362721040361,84.64041886073441
-3.1892667148581073,-80.86171690643478,117.35924674813478,-28.12193131363168,10.581385239603236,119.2719629488634,-86.29839149234944,120.79325844891343,74.61421245788586,108.30103823764483,260.76865335137865,144.46524469606908,87.05541067211085,134.62062630951684,192.31341054725394,129.893105666527,172.50856348849308,-122.26091187386099,215.50897432124074,-175.72043498152593,167.97763225204847,-211.60890940475338,-35.845496480573225,100.55103548651022,62.78508851847801,38.94441020457308,-18.5655244979832,-4.40254103637005,68.62142168459901,-157.50213281049403,75.01674447149763,-48.60059146889126,-123.55619384728692,42.06382975864708,-146.19198518345695,90.07811064433419,-82.66265342102908,60.74218642230224,71.93693508361413,207.18378698617218,200.12928197207663,-137.2376365612045,-236.5561534860638
-2.044330299813702,-49.984648034293734,72.4725263218713,-17.50676581974007,6.7327736511947744,74.35642064500942,-53.81856424653641,75.58134630154153,46.45043729501647,67.09184257215628,161.96446351453054,89.69134798044468,53.642703625902875,83.94140743888117,119.14534027390981,80.9323474745736,107.10412004013588,-76.03965564512663,133.8961096404605,-109.10525316310127,104.71326783921334,-131.82459432986292,-22.09192489779245,62.78508851847801,39.6573840482888,24.361288504505847,-11.873846356997058,-2.735289616141065,42.534803457635455,-97.93742425122632,46.949670463556544,-30.17461903667856,-76.53565146164335,26.450809047115396,-90.90108817458899,56.021486545295126,-51.609983690685056,38.15700831286755,44.345629111219594,128.21285309563382,124.49888790056097,-85.18418791130507,-146.89948082245772
-1.0228936662731254,-31.537214948268364,45.931844380677695,-10.959743586730795,4.232308068447072,46.417094647093485,-33.81279665028584,47.27017143106326,28.96477798111678,42.143933778145616,101.47486658721792,56.20179572445538,33.867074586430014,52.25402072515575,74.75241552679785,50.67541931737642,67.10671267598157,-47.48548902135857,83.81249911730448,-68.59452076300526,65.45982262319176,-82.31647624547071,-13.92723896354414,38.94441020457308,24.361288504505847,15.37277449588088,-7.165877270367003,-1.796842176243553,26.79805153038164,-61.342949857824216,29.227636229955937,-18.794248208493627,-48.16172572501484,16.37412937299029,-56.73450995845542,35.15680231482158,-32.22783922707675,23.43852897275818,28.098638814671567,80.68124682728454,77.8013746908121,-53.30898144854921,-91.93788743115954
0.20089874753469342,14.689690009040108,-21.30289712042939,5.148325026111927,-2.2020880929258877,-22.103116409014753,16.474900470055942,-22.9652806644016,-13.892890934842068,-19.907502588934232,-48.04830587085076,-26.480674274222416,-15.981184264494562,-25.373949171312052,-35.22727470394491,-24.19919595100489,-31.669179669680744,22.891068994101158,-40.1380917267489,32.13588310661219,-31.482567220199307,39.734448938704936,6.236256632501647,-18.5655244979832,-11.873846356997058,-7.165877270367003,4.310726375617409,0.5827167135125153,-12.591138212448373,29.746914038289116,-14.420956591305838,8.976227549578601,23.08739232751184,-8.264177607581104,27.151883103966536,-16.989615704882663,15.50708195258278,-11.44461706289489,-13.114131936094806,-38.63510899666826,-37.19869976461919,25.12487232886206,43.956556386543284
0.2300257720864359,3.5307279723164737,-5.113961074092148,1.275186338814469,-0.402637303623313,-5.113022303920744,3.7773169321601525,-5.27451389904639,-3.198456214106678,-4.732975999012154,-11.419118331047175,-6.341250003012078,-3.654138416793777,-5.828502750325857,-8.373368843661181,-5.765970382975468,-7.727453744452932,5.145278548662063,-9.362893552315274,7.8269257391629035,-7.3806598257459495,9.164192789158152,1.6955267599011468,-4.40254103637005,-2.735289616141065,-1.796842176243553,0.5827167135125153,0.43328856100615953,-3.2312568383784317,6.733294968636052,-3.2596875846535576,2.145069269932341,5.183024268469478,-1.6417323663448138,6.380374623303814,-3.8661756714141755,3.6667467129445552,-2.5779915376619393,-3.056836570842696,-8.708694980816432,-8.661138697283379,6.015248942136844,10.072885973927889
-1.880302300077021,-55.67871983903296,80.9294924275995,-19.31097837548662,7.227157875420244,81.5170098524069,-59.49204418845002,82.95823610129996,51.08584199616266,74.51878497486054,179.00253383966447,99.13095852016187,59.96163580727234,92.36415287791644,132.15580978868462,89.25538500903005,118.71760438052121,-83.77637402791152,148.093958265906,-120.83013140529009,115.40648503302535,-145.25644162200203,-24.729719813140633,68.62142168459901,42.534803457635455,26.79805153038164,-12.591138212448373,-3.2312568383784317,47.580607988652,-108.31191503510671,51.529602972803154,-33.332119944339986,-84.95566416688469,28.551126670603928,-100.35307272990185,61.994145649238966,-56.730148099303506,41.24744925787428,49.58393200686471,142.6172578938995,137.27060728089376,-94.21850914331175,-162.27621051407883
4.004095196173945,127.67017212092547,-185.6653056673565,44.22826748516944,-16.924430927921044,-187.57830870967445,136.72585061395998,-190.61216376535066,-117.41773574633086,-170.9384547218016,-410.8442942012005,-227.48099572608663,-137.9234177936402,-211.99439472318895,-303.1397741107059,-204.71858081411747,-271.56507717289554,192.7385839998824,-339.96335335900494,276.9282025615262,-264.7148769414799,333.58334283934255,56.24610731694112,-157.50213281049403,-97.93742425122632,-61.342949857824216,29.746914038289116,6.733294968636052,-108.31191503510671,249.0424392151115,-118.40121638694134,76.44420781058302,195.6854811396366,-66.44810673526487,230.13149392997335,-142.48298350263536,130.1556761198481,-94.84329410960726,-113.98195580878445,-328.08508779914956,-315.19852586037,215.88946614049982,373.0215918836386
-1.9481091441122573,-60.369310283617196,87.65590833843963,-21.030163526912734,8.121963182824116,89.17101343447348,-65.13747980326184,90.92882251585574,55.796924094707016,81.03486749706562,194.96183806767962,107.88443601790974,65.09112613313785,101.06036483397426,143.64170351390166,97.40815049964907,129.0262648089298,-91.54768002743855,161.50921793965858,-131.37372184349815,126.05021259075488,-158.75161654021312,-26.61480608555283,75.01674447149763,46.949670463556544,29.227636229955937,-14.420956591305838,-3.2596875846535576,51.529602972803154,-118.40121638694134,56.64434005783963,-36.33229948631287,-92.6526022320982,31.708413124259277,-109.41690080587637,67.73133900444863,-62.01327022447964,45.34887108324011,53.76093065150747,155.34833816026418,149.7832113034415,-102.4490999227838,-176.95244943382005
1.472631185778508,39.26603167606879,-57.00276560682399,13.63012516836461,-5.092658808152338,-57.724592058445985,41.86779902768298,-58.38420292088511,-36.1319877281302,-52.61038741483152,-126.48286244342712,-70.06620066497995,-42.40265751249805,-65.19312742971374,-93.34061537322735,-62.92835574380048,-83.62948731254114,59.22769050198253,-104.56473824483315,85.19873106771892,-81.32148140784929,102.51152855221575,17.427265491172783,-48.60059146889126,-30.17461903667856,-18.794248208493627,8.976227549578601,2.145069269932341,-33.332119944339986,76.44420781058302,-36.33229948631287,23.619910848105196,60.06343260003587,-20.343938348358833,70.85194291361621,-43.691537378964696,40.00740078068414,-29.2280303373894,-35.00058413398976,-100.70703092720989,-96.95673359486237,66.4868335141827,114.68394172425842
3.0527037693491477,100.66566386722866,-146.57849045211856,34.74846570173592,-13.272866692426597,-147.48112673049494,107.32598288196174,-149.42561682747515,-92.25921178137709,-134.55632352029963,-323.2058382646534,-179.0225833286809,-108.9326693058029,-166.17210873931137,-238.63764805317535,-160.7497676731866,-213.29731496531682,151.49827597776195,-267.19192512365714,217.90841597422846,-207.68566105810098,261.8392174668789,44.302744589832315,-123.55619384728692,-76.53565146164335,-48.16172572501484,23.08739232751184,5.183024268469478,-84.95566416688469,195.6854811396366,-92.6526022320982,60.06343260003587,154.25794510851455,-52.192524287894585,180.6910770232755,-111.96397348321995,102.09633387755623,-74.150706712341,-90.0739061377228,-258.5045299031203,-247.66240052811384,169.71693677735985,293.4492248969325
-1.0251845621016513,-33.84271123222125,49.21034772402998,-11.790636501060153,4.679645787823677,50.197617268661624,-36.55587833707246,51.020556643168355,31.329033149340013,45.4292971178047,109.3981891062005,60.563258799441726,36.6098982947275,56.5241314589276,80.50676675728795,54.587494363877454,71.98085962238463,-51.40902841585233,90.52086768502076,-73.63981106311135,70.53711195075516,-88.982448583751,-14.773265446071411,42.06382975864708,26.450809047115396,16.37412937299029,-8.264177607581104,-1.6417323663448138,28.551126670603928,-66.44810673526487,31.708413124259277,-20.343938348358833,-52.192524287894585,18.112378601047606,-61.209814093170664,37.995072309338575,-34.73918802824683,25.428742271161646,30.24958318271867,87.28373517953027,83.98451859355367,-57.310029906212186,-99.36171006641199
4.202887567373881,118.1818208497744,-171.6853127223891,40.9766668158816,-15.44323928057613,-173.6680213391053,126.13243791355367,-176.18061563698714,-108.76762700983608,-158.2065904788121,-380.4096347642353,-210.70246306456502,-127.45550047737703,-196.3290976829587,-280.7877074530671,-189.45618638698616,-251.75139865243375,178.39950131410507,-314.6198298975739,256.40321635022457,-245.04438496023565,308.73777600434886,52.28738418488527,-146.19198518345695,-90.90108817458899,-56.73450995845542,27.151883103966536,6.380374623303814,-100.35307272990185,230.13149392997335,-109.41690080587637,70.85194291361621,180.6910770232755,-61.209814093170664,213.25874967153825,-131.64425069939708,120.48306145409923,-88.14753382276264,-105.31088645526748,-303.1337511080263,-291.9025241112506,200.19423603178652,345.2989984435808
-2.2418099544246055,-73.07501225001734,106.31494041716024,-25.3029574654368,9.704892407877335,107.3189897733382,-78.26130427088064,109.13303348597817,67.17078975306548,97.79158102956384,235.05234641583806,130.14434462941009,78.90280004640535,121.2648431458773,173.4320747548295,117.15401123814468,155.39415721978258,-110.27278243363872,194.48530206094526,-158.49853244808423,151.49534109127916,-190.85783938365498,-32.1757584619756,90.07811064433419,56.021486545295126,35.15680231482158,-16.989615704882663,-3.8661756714141755,61.994145649238966,-142.48298350263536,67.73133900444863,-43.691537378964696,-111.96397348321995,37.995072309338575,-131.64425069939708,81.54530836968928,-74.48327235394652,54.24406659338105,65.2421481111384,187.72638536369368,180.33873756316146,-123.52976253036542,-213.42597650603838
2.2796965053422107,66.70577105082322,-96.95717599869306,23.174692298553158,-8.846084005384698,-98.2547652573904,71.52686351607129,-99.9241762672481,-61.48009954456893,-89.31674692839914,-215.01529312074393,-119.05115149052585,-71.84571310993257,-111.02308022511217,-158.49042272336905,-107.2566626270954,-142.23884159752268,100.81347645111599,-177.8201853773177,144.97169998213957,-138.7043606535751,174.63287286328995,29.458975766166617,-82.66265342102908,-51.609983690685056,-32.22783922707675,15.50708195258278,3.6667467129445552,-56.730148099303506,130.1556761198481,-62.01327022447964,40.00740078068414,102.09633387755623,-34.73918802824683,120.48306145409923,-74.48327235394652,68.26881184254448,-49.870091390422644,-59.411550297156474,-171.14461630829098,-165.00477767976895,113.01748977503009,195.0665153038072
-1.9863292042398353,-48.4889813415096,70.27274265006098,-16.90794361970976,6.407682824175516,71.84522488444215,-51.9533899528474,72.97809303972991,44.999736442615756,65.03017093583708,156.7881808070346,86.82869998904405,52.10953460514883,81.3369307285698,115.56854047285661,78.2319858918889,103.85944107405435,-73.73625149022047,129.7198147456718,-105.55558556837111,101.34999367789061,-127.65043361687852,-21.44119438644852,60.74218642230224,38.15700831286755,23.43852897275818,-11.44461706289489,-2.5779915376619393,41.24744925787428,-94.84329410960726,45.34887108324011,-29.2280303373894,-74.150706712341,25.428742271161646,-88.14753382276264,54.24406659338105,-49.870091390422644,36.956321261672024,43.028466251617736,124.42720298733082,120.6114038819947,-82.65478380532136,-142.44974707158622
-1.7980222699288582,-58.92586729781672,85.88883859962219,-20.274025067890435,7.66686060448807,85.96990194488538,-62.44059115378835,86.8907763986846,53.76501546367792,78.60576599204549,188.6325464690726,104.54057832215061,63.77157243714901,96.65562005243213,139.4358417504404,93.66657153168953,124.4762870542318,-88.29680333880802,155.78164689670416,-127.30505834430569,120.93164991632702,-152.46737566574433,-25.983091739636205,71.93693508361413,44.345629111219594,28.098638814671567,-13.114131936094806,-3.056836570842696,49.58393200686471,-113.98195580878445,53.76093065150747,-35.00058413398976,-90.0739061377228,30.24958318271867,-105.31088645526748,65.2421481111384,-59.411550297156474,43.028466251617736,52.785511413598336,150.9835956314561,144.38109520870793,-99.103699657640007,-171.21052499122425
-5.172277189044235,-168.81114743933622,245.7318867443938,-58.241058605125545,22.14893604804359,247.12326374355408,-179.83479033544728,250.47119665606166,154.70195398040138,225.63270414792876,541.8118478379796,300.1033154433563,182.6340817135426,278.78087105539026,400.2291608086413,269.4707057781344,357.889554836832,-254.07459352438943,448.04914243230235,-365.2974541115235,348.3066847608791,-439.1032868526089,-74.35236131373468,207.18378698617218,128.21285309563382,80.68124682728454,-38.63510899666826,-8.708694980816432,142.6172578938995,-328.08508779914956,155.34833816026418,-100.70703092720989,-258.5045299031203,87.28373517953027,-303.1337511080263,187.72638536369368,-171.14461630829098,124.42720298733082,150.9835956314561,433.4581910922854,415.3240836795396,-284.7564385129448,-492.0969792385985
-5.627139319703627,-161.92555591114362,235.36633286653492,-56.11573753580126,21.25823170849093,237.98339214251294,-172.83116137537772,241.3824848429298,148.9549295963681,216.66681575540275,521.0634464843971,288.6153118777794,174.65563224139368,268.69704755300177,384.53198592935325,259.48867008405944,344.5827675712789,-244.34397441310776,430.82358171373716,-351.2713100735559,335.53971184974455,-422.749107517354,-71.54035681889792,200.12928197207663,124.49888790056097,77.8013746908121,-37.19869976461919,-8.661138697283379,137.27060728089376,-315.19852586037,149.7832113034415,-96.95673359486237,-247.66240052811384,83.98451859355367,-291.9025241112506,180.33873756316146,-165.00477767976895,120.6114038819947,144.38109520870793,415.3240836795396,399.7422413500882,-274.0767405385648,-472.9660663125215
4.0288733972641895,111.17746184041053,-161.58765213044262,38.49211101690851,-14.432104180544867,-163.0942900162741,118.23588413165879,-165.21200653380774,-102.11812784846005,-148.6579306991457,-357.3522960028436,-198.0038924306384,-119.8593734965684,-184.10578457275344,-263.9125776934108,-177.82369202394113,-236.47364982965235,167.48187090526977,-295.3452074118324,240.99642323976943,-229.92348350605056,289.6803826610347,49.2362721040361,-137.2376365612045,-85.18418791130507,-53.30898144854921,25.12487232886206,6.015248942136844,-94.21850914331175,215.88946614049982,-102.4490999227838,66.4868335141827,169.71693677735985,-57.310029906212186,200.19423603178652,-123.52976253036542,113.01748977503009,-82.65478380532136,-99.103699657640007,-284.7564385129448,-274.0767405385648,188.1473365815444,324.32900495827124
6.486025284126181,191.82017901881446,-278.95893241401603,66.34854875028826,-25.137703211617225,-281.5362284593461,204.4188828635493,-285.3484719859635,-176.24636375827063,-256.50577348664103,-616.653668996137,-341.58870668150035,-207.10595911673855,-317.67965455060835,-455.2702788721171,-306.86987778782253,-407.5914140249131,289.2208901714849,-509.80383868783383,415.6815394808624,-396.7794739857023,500.0420817406415,84.64041886073441,-236.5561534860638,-146.89948082245772,-91.93788743115954,43.956556386543284,10.072885973927889,-162.27621051407883,373.0215918836386,-176.95244943382005,114.68394172425842,293.4492248969325,-99.36171006641199,345.2989984435808,-213.42597650603838,195.0665153038072,-142.44974707158622,-171.21052499122425,-492.0969792385985,-472.9660663125215,324.32900495827124,559.9524096630524
