V1,V2,V3,V4,V5,V6,V7,V8,V9,V10,V11,V12,V13,V14,V15,V16,V17,V18,V19,V20,V21,V22,V23,V24,V25,V26,V27,V28,V29,V30,V31,V32,V33,V34,V35,V36,V37,V38,V39,V40,V41,V42,V43
0.9259429877162809,-1.4970200911480316,-1.393715196808617,-0.19418381450854558,-0.7334942198557212,0.8057938313208616,-1.05426382475676,0.9501598835162886,-1.1519089229337216,1.0271611890198584,0.37262747765389975,-0.9887957428707569,-0.5105110010440864,-0.7050109756254052,0.8695153373153398,-1.5031069580601275,1.2240377842454466,-1.0785858242512327,0.23368076078786523,-0.656012405215935,-1.2273090911890265,-0.7813520355511826,-1.1356780891284137,-0.3793784080431523,0.7706249275480846,-0.2617113618357601,-0.020760855910429768,-0.26381597904041415,0.9836426817291419,0.449230276583371,-0.5880391527874879,-0.9435011314130672,0.9593605847212271,0.17965947087016007,0.8559557063013851,1.7983199778314407,-0.4864890680328548,-0.833391422738419,0.44689563313636,0.2521845042403221,0.00863615842263757,1.0167618071849924,-0.9857622099250989
-1.4970200911480316,3.6597540640545714,3.13987456181521,1.9081333250605754,0.5246021858143104,-1.2498198445550746,2.0945509559603117,-0.9643041553429166,3.3081667427565735,-1.4536276956483607,0.5293622689193075,2.2579120588205144,1.6491017666638692,0.842632667183715,-1.4762607869167168,3.1045361709493764,-2.8760209433117203,0.975787897590669,-0.36771373365646143,1.8602190431113892,2.8359118814872137,1.7906600595825524,2.8226571351941425,-2.320463561486064,-2.2814984266161082,-0.677441933180405,-0.5149251194717076,1.403484178920564,-1.0249673224122613,-0.5480355336732047,0.9523563252428467,2.9307031530698797,-0.7446869254649955,-2.13084968260225,-1.6973020576348368,-1.8321457761318136,-0.058990474953427394,-0.1305952240142786,-0.511283664110726,-2.481534409639511,0.13135763225347444,-2.2626201532479837,2.853212431532855
-1.393715196808617,3.13987456181521,2.848577817443667,1.4945840957068321,0.5990342469836825,-1.2653102615022789,1.9456949057017596,-1.0022199643659508,2.7685235253786193,-1.4609073864585314,0.3090260054088402,2.0497639483570307,1.4574234723806792,0.8028878709433752,-1.3553649652527666,2.7535295556777037,-2.535009029977331,0.9822537492318766,-0.4422693760095058,1.4849644488282896,2.4963765409173595,1.5500073337431972,2.6060749004973305,-1.6899651734382044,-1.880373448954617,-0.49242718359901494,-0.38304372005254145,1.2605500485767331,-1.183373753796795,-0.5846286504626851,0.7964375679086577,2.504922994897185,-0.8055658296628078,-1.574700162565761,-1.518447961203886,-1.8450662668731947,0.061038098404097935,0.25730368299695955,-0.59710709462321,-2.026701979894446,0.12172665755198986,-2.0649105417798075,2.518638335821435
-0.19418381450854558,1.9081333250605754,1.4945840957068321,2.1296555549684077,-0.715220169961078,-0.14473624992205286,0.7660652324812218,0.5532333377544196,2.105970592612434,0.019799084790603293,1.4177612738793655,1.1092523896065045,1.2267090372480456,-0.26444941521549065,-0.27384577431822554,1.1905142539246911,-1.4408351543748157,-0.8225753634294195,-0.09385185631249629,1.123030517550809,1.3747565456929112,0.8417517117539118,1.6152263263430902,-3.807354985097512,-1.4853001625166193,-1.4231053368167492,-0.7188278973677111,1.410417099424539,0.4675864922278203,0.11349405471013553,0.07794278522407137,2.054239711375412,0.8803159048922587,-2.4040670942625972,-0.5833865569817654,1.067256203035514,-1.0260666320717347,-1.7009622008277303,0.13734437327783794,-2.8250910269769554,0.20521421893487096,-1.0590433059758997,1.9055670808913237
-0.7334942198557212,0.5246021858143104,0.5990342469836825,-0.715220169961078,0.9477334371207706,-0.6506058965909685,0.6133583824074952,-1.0723455748395372,0.1344483664242075,-0.9138126595845016,-0.9182486239243921,0.4078313674208579,-0.06575357019585076,0.7323953042547778,-0.6554701874727686,0.8307168877413058,-0.4705228436247509,1.2944648328061206,-0.16488331323385172,0.10397510597285725,0.510226580628859,0.33614973942571613,0.3239844895090374,1.9220211344274942,-0.05836450292518466,0.8291238721017432,0.3175814303769464,-0.3515589376081187,-1.0620610373152837,-0.44598692331671863,0.48367273580413617,-0.025509616460219122,-1.2108960101566972,0.8461523832166614,-0.5062805302055624,-2.0283974080519576,0.8536348573186017,1.4447475253936,-0.4634288572988922,0.9563365517989277,-0.0882897276014699,-0.4597229675918661,0.07557257986725369
0.8057938313208616,-1.2498198445550746,-1.2653102615022789,-0.14473624992205286,-0.6506058965909685,0.7900356688282393,-0.9768642578301624,0.8548460164438035,-0.9281785809070211,0.9640710324070214,0.33264456405723963,-0.9018833564362567,-0.47834473075682454,-0.5972211802954688,0.7552387725137063,-1.2888721363360698,1.053805205385781,-0.9120937208024144,0.2798081978337543,-0.46326595193269804,-1.0681662599437378,-0.650218833324664,-1.097535432629126,-0.3572285359184576,0.6010395542610845,-0.21348295161292016,-0.030372285020071676,-0.3225031615232685,0.9824821199679752,0.43410978032109704,-0.43169495671145336,-0.8187873869604836,0.8312992907406479,0.0497944768992019,0.7314714483740634,1.550328294577259,-0.4074615380122101,-0.8583301446690845,0.4871769469710536,0.24446050745310385,-0.01703800631109941,0.946073547980469,-0.9114679177098498
-1.05426382475676,2.0945509559603117,1.9456949057017596,0.7660652324812218,0.6133583824074952,-0.9768642578301624,1.3943465991031625,-0.9022176255672509,1.7570989669848511,-1.1590091578279251,-0.026227461012553056,1.4008212875389476,0.9069076350561139,0.6793029613326552,-1.0173998696351427,1.9360044941308228,-1.7001873011184268,0.9245652760401626,-0.3358840908050593,0.9267443985724189,1.6996975351910109,1.0494883426847856,1.744583180099275,-0.5987627924917591,-1.181290494808491,-0.1087134428963908,-0.16347783146851436,0.7392325471723322,-1.0330425366188931,-0.49092290453410176,0.5973600538766806,1.5732021928140159,-0.7956676379413083,-0.7606737319559145,-1.0698309982764305,-1.6460657203034847,0.23651839184593543,0.5441053804191988,-0.5285318804991438,-1.054784489886754,0.06832185706617475,-1.4346329876259538,1.6220153835060276
0.9501598835162886,-0.9643041553429166,-1.0022199643659508,0.5532333377544196,-1.0723455748395372,0.8548460164438035,-0.9022176255672509,1.2631174265122835,-0.5001008579323245,1.1527852628757589,0.9251351027131738,-0.6926313643726785,-0.11619412521345145,-0.8771862246548972,0.8632537940723625,-1.2309333930260276,0.8201323285648816,-1.4938540408604095,0.22585149415968325,-0.30286945039644525,-0.8650179643124088,-0.5538575354554598,-0.6791064600942416,-1.8101152055064893,0.30565662283829137,-0.8125008668685569,-0.28679287567605677,0.20560798518253642,1.273460147019662,0.5435616500791752,-0.6070567495594668,-0.2996573494057949,1.3819904725159937,-0.683744552949055,0.72962640690318,2.3736749245966786,-0.9023269353170088,-1.5535130664299535,0.5731529509182568,-0.7467034064329157,0.07620327383545356,0.758316608275427,-0.40824510919513274
-1.1519089229337216,3.3081667427565735,2.7685235253786193,2.105970592612434,0.1344483664242075,-0.9281785809070211,1.7570989669848511,-0.5001008579323245,3.1300716944345774,-1.027091466965686,0.8640195572324857,2.0013416557655535,1.6041897992330831,0.5240635043554216,-1.161631961940539,2.6555417188219668,-2.5791871863121334,0.43382662525540194,-0.2808339322665402,1.7587460052179045,2.5167000843088845,1.5909437113064755,2.5639353374192226,-2.978245540794921,-2.1741158634728324,-0.9723182869509248,-0.6199428130908554,1.4666746110944835,-0.5500418792668081,-0.34641505560790153,0.7404668182549241,2.8179690742899877,-0.24235194974426863,-2.3848928796033513,-1.4330630063639842,-0.9712137395999725,-0.3824891404074196,-0.705425046979995,-0.28827105207014503,-2.7479859990993596,0.15514768270705248,-1.9758115604454969,2.695778509414478
1.0271611890198584,-1.4536276956483607,-1.4609073864585314,0.019799084790603293,-0.9138126595845016,0.9640710324070214,-1.1590091578279251,1.1527852628757589,-1.027091466965686,1.2177618621373458,0.5738907229308075,-1.0363048943620965,-0.4774499515470777,-0.8112143946721615,0.9549484000689857,-1.5623615233663775,1.2260338435238076,-1.2826703732300113,0.31498165454303856,-0.5407089673688613,-1.2453689651030508,-0.7734201056190391,-1.202068133296766,-0.8407072273083949,0.6636089592871299,-0.431447014713455,-0.10649401100827764,-0.22600589898604473,1.25839272311483,0.5541874190031711,-0.5952440378513656,-0.8528253433604404,1.1714491515854906,-0.12864838417739785,0.8962678455468797,2.131480674699865,-0.643696926366088,-1.2215111183797154,0.5965089302132166,0.01420720139571928,0.011019037450257672,1.0876208748052905,-0.9597781939479533
0.37262747765389975,0.5293622689193075,0.3090260054088402,1.4177612738793655,-0.9182486239243921,0.33264456405723963,-0.026227461012553056,0.9251351027131738,0.8640195572324857,0.5738907229308075,1.226671290766507,0.2594110132460249,0.6088965461150274,-0.5873069196858465,0.2836670087749102,0.0199592447580111,-0.3581339565562639,-1.2009006715180726,0.044348702831887105,0.4234537326776543,0.3052747546171043,0.16751116327612464,0.5519415187092978,-2.9559424422410068,-0.6291081435991243,-1.1763154691046342,-0.5295503216260093,0.8865290773251826,0.8629731937249786,0.3218161696118599,-0.2807135139389284,0.9544044889441452,1.1714341857529846,-1.6111879032805172,0.05842398802650793,1.7715337135215707,-1.0097883319663798,-1.6647171147968753,0.33435340320439677,-1.9031014748323212,0.1571753771139557,-0.2042027065935606,0.8334882720684902
-0.9887957428707569,2.2579120588205144,2.0497639483570307,1.1092523896065045,0.4078313674208579,-0.9018833564362567,1.4008212875389476,-0.6926313643726785,2.0013416557655535,-1.0363048943620965,0.2594110132460249,1.4842686102553868,1.0672478802028995,0.5538582445475709,-0.9685790210154012,1.9760123482953313,-1.8237422117525246,0.659904565843834,-0.3276513312844395,1.0583987775459718,1.797326714799229,1.112576174829293,1.8949774378074196,-1.3083233171097164,-1.3582881167924847,-0.39040201280264897,-0.29278558422830736,0.9457722594863818,-0.8337891335362282,-0.41861936525573534,0.5564297035352022,1.824063560010325,-0.5354686719879259,-1.1629830965025587,-1.0804837375575405,-1.2642346101867572,0.011167117619778247,0.14890718819476537,-0.434200430479151,-1.5184949770943361,0.09929873046241437,-1.492861449473408,1.8376158208079507
-0.5105110010440864,1.6491017666638692,1.4574234723806792,1.2267090372480456,-0.06575357019585076,-0.47834473075682454,0.9069076350561139,-0.11619412521345145,1.6041897992330831,-0.4774499515470777,0.6088965461150274,1.0672478802028995,0.9241270082046461,0.14429273853722682,-0.5254641444616835,1.287522297143835,-1.3209162724402321,-0.01036008719106809,-0.21247218667884407,0.8286875395683673,1.2765455218919062,0.7809368656129555,1.4521809694130814,-1.9158883788753513,-1.1004782865218883,-0.6860803776167731,-0.37988634505680996,0.9467817677537703,-0.2503887093062764,-0.16132076632401518,0.2507667650360347,1.5304385524458513,0.07485910651109623,-1.32186054018527,-0.6834936549893363,-0.18175034994032563,-0.35638762086122117,-0.4835086558862603,-0.16497204572165924,-1.680329626704354,0.12105579783563095,-1.048452005623925,1.503282143761709
-0.7050109756254052,0.842632667183715,0.8028878709433752,-0.26444941521549065,0.7323953042547778,-0.5972211802954688,0.6793029613326552,-0.8771862246548972,0.5240635043554216,-0.8112143946721615,-0.5873069196858465,0.5538582445475709,0.14429273853722682,0.6322926301744229,-0.6447116438443976,0.9767746929040988,-0.6919967983942147,1.0544815115505208,-0.13666827666735293,0.33771025486798034,0.7147754556133744,0.4678660860870092,0.5476919758715534,1.0853311512529946,-0.342591921196065,0.5134416494263767,0.16244516843790083,-0.1069967084683935,-0.8489301303601687,-0.36961968690782715,0.4806985243916836,0.34351193254575024,-0.9602053257925575,0.307945683351762,-0.5757816195532368,-1.6763667539552012,0.6039856938449397,0.9752087268913042,-0.3655466867967075,0.3879495754642239,-0.055893977806784,-0.591298847033023,0.3895368572582183
0.8695153373153398,-1.4762607869167168,-1.3553649652527666,-0.27384577431822554,-0.6554701874727686,0.7552387725137063,-1.0173998696351427,0.8632537940723625,-1.161631961940539,0.9549484000689857,0.2836670087749102,-0.9685790210154012,-0.5254641444616835,-0.6447116438443976,0.8256271490747271,-1.4539625126263451,1.195540870064914,-0.9673569705342187,0.22113940746791672,-0.6530300423809315,-1.2031264040140044,-0.7627727699823055,-1.1240161646523301,-0.18427037820101738,0.7806545441961188,-0.18546921102662492,0.013436874969250544,-0.3113466524427223,0.8944215832986124,0.41664610044659256,-0.5503089568998037,-0.967199844380882,0.8515277912593294,0.26956375318398296,0.8170435509914509,1.6254438204490274,-0.4059820302309683,-0.7023406494389858,0.4207786584178927,0.35878180116716435,-0.005956478175115837,0.9961942005893806,-1.0016876809727697
-1.5031069580601275,3.1045361709493764,2.7535295556777037,1.1905142539246911,0.8307168877413058,-1.2888721363360698,1.9360044941308228,-1.2309333930260276,2.6555417188219668,-1.5623615233663775,0.0199592447580111,1.9760123482953313,1.287522297143835,0.9767746929040988,-1.4539625126263451,2.8116883288212247,-2.476836466927935,1.3200903674236886,-0.3864969111610182,1.4850896728588305,2.461616325814273,1.554439421635621,2.4018813562607773,-1.0057086417915735,-1.8113391835932573,-0.1838794354464433,-0.2694174829374682,0.984743335553148,-1.3015397754645999,-0.6402005848837163,0.9448963273085265,2.3064735205040967,-1.1075676677532063,-1.2898384028423353,-1.5565332255396649,-2.3209334924806773,0.3198238294161226,0.5565258049363067,-0.6287750716828187,-1.5605763120086926,0.07343330414760746,-2.0015987338493195,2.3037807059688338
1.2240377842454466,-2.8760209433117203,-2.535009029977331,-1.4408351543748157,-0.4705228436247509,1.053805205385781,-1.7001873011184268,0.8201323285648816,-2.5791871863121334,1.2260338435238076,-0.3581339565562639,-1.8237422117525246,-1.3209162724402321,-0.6919967983942147,1.195540870064914,-2.476836466927935,2.299129893770087,-0.8207681162092852,0.3442996878177154,-1.425203298454453,-2.252027031860163,-1.4167079275898251,-2.296399763867972,1.7141222639341458,1.766592010429095,0.5056945313951846,0.3836597370522667,-1.1227337789860976,0.9235165507297343,0.4748875628930561,-0.7470539104631997,-2.302126561304336,0.650090510054583,1.578100835415029,1.3643193104273519,1.5500245236613006,-0.002470878114237883,-0.040638405895501085,0.44780374545720353,1.916207830963684,-0.10211389038485712,1.8197467984449252,-2.270723858133525
-1.0785858242512327,0.975787897590669,0.9822537492318766,-0.8225753634294195,1.2944648328061206,-0.9120937208024144,0.9245652760401626,-1.4938540408604095,0.43382662525540194,-1.2826703732300113,-1.2009006715180726,0.659904565843834,-0.01036008719106809,1.0544815115505208,-0.9673569705342187,1.3200903674236886,-0.8207681162092852,1.831999391517641,-0.18962019332659608,0.3312746716217916,0.8700158298357257,0.5824723544889793,0.5483318201772317,2.448802939193554,-0.26487045218722516,1.088014078548787,0.3949452014467673,-0.4487774336491027,-1.4232886659089048,-0.6020091918663619,0.7520724803963631,0.1512189211933764,-1.6914282821065894,0.9371908102224765,-0.8022201202020333,-2.8612923226435694,1.1536493957512546,1.857789053624884,-0.5969428307054564,1.1593198007592127,-0.1306533394488051,-0.7296327590883248,0.2474566818174623
0.23368076078786523,-0.36771373365646143,-0.4422693760095058,-0.09385185631249629,-0.16488331323385172,0.2798081978337543,-0.3358840908050593,0.22585149415968325,-0.2808339322665402,0.31498165454303856,0.044348702831887105,-0.3276513312844395,-0.21247218667884407,-0.13666827666735293,0.22113940746791672,-0.3864969111610182,0.3442996878177154,-0.18962019332659608,0.14894654745424757,-0.08657034908467726,-0.33921735529426017,-0.1902511416334002,-0.44874592511918326,0.042685450087123475,0.16894494504151794,0.015539266753543559,0.014627193215095651,-0.21375468029218406,0.34465125386446305,0.15096079358200512,-0.06977788328012881,-0.3006802408817056,0.18508721960520963,0.02120032058551283,0.21364893620771433,0.37291937250395274,-0.06685141418623855,-0.2721644716138465,0.18915480984699123,0.20299415238517535,-0.02981167370862125,0.3358347348408906,-0.3623263978815576
-0.656012405215935,1.8602190431113892,1.4849644488282896,1.123030517550809,0.10397510597285725,-0.46326595193269804,0.9267443985724189,-0.30286945039644525,1.7587460052179045,-0.5407089673688613,0.4234537326776543,1.0583987775459718,0.8286875395683673,0.33771025486798034,-0.6530300423809315,1.4850896728588305,-1.425203298454453,0.3312746716217916,-0.08657034908467726,1.0555114843565356,1.384522767635732,0.9001624666984109,1.3035079956523996,-1.513155332578096,-1.2360233256937627,-0.4663695120561867,-0.32315304637178477,0.6841593797256593,-0.24354944948402785,-0.16574544606112476,0.4887543310356999,1.5186632877491104,-0.20467333886201478,-1.3381031644034596,-0.8151088349292751,-0.6443736075630863,-0.14890826472067897,-0.42230251307468836,-0.08923490469068411,-1.400676025838714,0.052324791575689235,-1.0365084313205741,1.4077854066570001
-1.2273090911890265,2.8359118814872137,2.4963765409173595,1.3747565456929112,0.510226580628859,-1.0681662599437378,1.6996975351910109,-0.8650179643124088,2.5167000843088845,-1.2453689651030508,0.3052747546171043,1.797326714799229,1.2765455218919062,0.7147754556133744,-1.2031264040140044,2.461616325814273,-2.252027031860163,0.8700158298357257,-0.33921735529426017,1.384522767635732,2.2285683753474452,1.395411616507961,2.253297004037914,-1.5691134321582174,-1.7228747473203219,-0.4408354491700165,-0.35712479330931163,1.0859216601370447,-0.9590403161531598,-0.490002960590953,0.7451988718472883,2.2448384161599293,-0.6952741891863724,-1.4928479353207893,-1.3486365361866919,-1.6122930288893402,0.03830085785327572,0.11712309432364691,-0.4874647000905078,-1.8178126591407457,0.1039591057501303,-1.812426736809554,2.223240882613215
-0.7813520355511826,1.7906600595825524,1.5500073337431972,0.8417517117539118,0.33614973942571613,-0.650218833324664,1.0494883426847856,-0.5538575354554598,1.5909437113064755,-0.7734201056190391,0.16751116327612464,1.112576174829293,0.7809368656129555,0.4678660860870092,-0.7627727699823055,1.554439421635621,-1.4167079275898251,0.5824723544889793,-0.1902511416334002,0.9001624666984109,1.395411616507961,0.885205131021026,1.3719906325063045,-0.9319464588951002,-1.0942069998413608,-0.24911289910700463,-0.2170214127512056,0.6320778719140374,-0.581124079215079,-0.3002372927721448,0.5022967693822488,1.3931036556745038,-0.46516961164935505,-0.9402071231093225,-0.8566853576679889,-1.0592726628369142,0.05264123403735244,0.0661242522323395,-0.2766755787475723,-1.0947497617712425,0.051919682513600594,-1.1142380307576478,1.3632472146900172
-1.1356780891284137,2.8226571351941425,2.6060749004973305,1.6152263263430902,0.3239844895090374,-1.097535432629126,1.744583180099275,-0.6791064600942416,2.5639353374192226,-1.202068133296766,0.5519415187092978,1.8949774378074196,1.4521809694130814,0.5476919758715534,-1.1240161646523301,2.4018813562607773,-2.296399763867972,0.5483318201772317,-0.44874592511918326,1.3035079956523996,2.253297004037914,1.3719906325063045,2.5042952486268506,-2.1638997805277724,-1.7343346586394326,-0.7239328505655719,-0.45348357998134653,1.3937509726232786,-0.9379986302212676,-0.47696534677449853,0.5693248739227478,2.414627656254637,-0.4205937877636153,-1.6632526479266148,-1.3021038642294143,-1.184896942329474,-0.19422569882495902,-0.05227383604869303,-0.5237040733823604,-2.2496620350462564,0.16607782379658753,-1.9022651862579614,2.446131054643529
-0.3793784080431523,-2.320463561486064,-1.6899651734382044,-3.807354985097512,1.9220211344274942,-0.3572285359184576,-0.5987627924917591,-1.8101152055064893,-2.978245540794921,-0.8407072273083949,-2.9559424422410068,-1.3083233171097164,-1.9158883788753513,1.0853311512529946,-0.18427037820101738,-1.0057086417915735,1.7141222639341458,2.448802939193554,0.042685450087123475,-1.513155332578096,-1.5691134321582174,-0.9319464588951002,-2.1638997805277724,7.4629886878687515,2.1237419278086493,2.9026016339860754,1.3678161605821357,-2.4794440588046367,-1.6190841030803633,-0.5489814041986291,0.35537952638587433,-3.0824925895083797,-2.445145347171492,4.301682974276468,0.39109298901964074,-3.4718213159640494,2.3167024843221458,3.7989949737815603,-0.592034297653165,5.120867784718634,-0.40363981405757804,1.1722415481254125,-2.796501084341257
0.7706249275480846,-2.2814984266161082,-1.880373448954617,-1.4853001625166193,-0.05836450292518466,0.6010395542610845,-1.181290494808491,0.30565662283829137,-2.1741158634728324,0.6636089592871299,-0.6291081435991243,-1.3582881167924847,-1.1004782865218883,-0.342591921196065,0.7806545441961188,-1.8113391835932573,1.766592010429095,-0.26487045218722516,0.16894494504151794,-1.2360233256937627,-1.7228747473203219,-1.0942069998413608,-1.7343346586394326,2.1237419278086493,1.51575949006671,0.6935958610966649,0.44070945000475026,-1.0032983347015634,0.3163894881187946,0.21429828536073225,-0.5124078012876928,-1.9479539000886885,0.1295502969365061,1.7001524229385911,0.9757989953376577,0.6076306908891659,0.2898161742613038,0.5654070279034451,0.16469791912594697,1.9220837545368445,-0.10500595662515554,1.3377602253953214,-1.847455525676064
-0.2617113618357601,-0.677441933180405,-0.49242718359901494,-1.4231053368167492,0.8291238721017432,-0.21348295161292016,-0.1087134428963908,-0.8125008668685569,-0.9723182869509248,-0.431447014713455,-1.1763154691046342,-0.39040201280264897,-0.6860803776167731,0.5134416494263767,-0.18546921102662492,-0.1838794354464433,0.5056945313951846,1.088014078548787,0.015539266753543559,-0.4663695120561867,-0.4408354491700165,-0.24911289910700463,-0.7239328505655719,2.9026016339860754,0.6935958610966649,1.1576671693404244,0.523065401550169,-0.9429385204619491,-0.7055207602524192,-0.25617307838478526,0.23446318218276724,-1.0598148711393125,-1.0606741159918374,1.5918851843916708,0.04100912857496761,-1.5645342379257126,0.9513183708770672,1.5198521672360563,-0.26758984022398946,1.9406778927220236,-0.15836821293756823,0.33159924289022097,-0.9614021312211367
-0.020760855910429768,-0.5149251194717076,-0.38304372005254145,-0.7188278973677111,0.3175814303769464,-0.030372285020071676,-0.16347783146851436,-0.28679287567605677,-0.6199428130908554,-0.10649401100827764,-0.5295503216260093,-0.29278558422830736,-0.37988634505680996,0.16244516843790083,0.013436874969250544,-0.2694174829374682,0.3836597370522667,0.3949452014467673,0.014627193215095651,-0.32315304637178477,-0.35712479330931163,-0.2170214127512056,-0.45348357998134653,1.3678161605821357,0.44070945000475026,0.523065401550169,0.2541049530873644,-0.467930766321687,-0.25781372046363116,-0.08045085689230828,0.028049308578885036,-0.6228605722981381,-0.4027829793330999,0.8158817914872359,0.11862593902902278,-0.5471677026281971,0.4029181119722674,0.6706251600872516,-0.09177112418484515,0.9624000360792125,-0.07345517086954634,0.26782392695495194,-0.5679190134301779
-0.26381597904041415,1.403484178920564,1.2605500485767331,1.410417099424539,-0.3515589376081187,-0.3225031615232685,0.7392325471723322,0.20560798518253642,1.4666746110944835,-0.22600589898604473,0.8865290773251826,0.9457722594863818,0.9467817677537703,-0.1069967084683935,-0.3113466524427223,0.984743335553148,-1.1227337789860976,-0.4487774336491027,-0.21375468029218406,0.6841593797256593,1.0859216601370447,0.6320778719140374,1.3937509726232786,-2.4794440588046367,-1.0032983347015634,-0.9429385204619491,-0.467930766321687,1.1172660347773067,0.0024696413873342396,-0.05411733206255426,0.03087038160286229,1.5031709411357357,0.4712313987872331,-1.4798214972149086,-0.4871981666417248,0.4877554965594652,-0.6372935173819265,-0.8349585962757683,-0.10400006151624325,-1.9733702069091403,0.17416799871143482,-0.9292116523155431,1.4888637473070925
0.9836426817291419,-1.0249673224122613,-1.183373753796795,0.4675864922278203,-1.0620610373152837,0.9824821199679752,-1.0330425366188931,1.273460147019662,-0.5500418792668081,1.25839272311483,0.8629731937249786,-0.8337891335362282,-0.2503887093062764,-0.8489301303601687,0.8944215832986124,-1.3015397754645999,0.9235165507297343,-1.4232886659089048,0.34465125386446305,-0.24354944948402785,-0.9590403161531598,-0.581124079215079,-0.9379986302212676,-1.6190841030803633,0.3163894881187946,-0.7055207602524192,-0.25781372046363116,0.0024696413873342396,1.424272358595391,0.6016988013773192,-0.5286365738767059,-0.4312184642275304,1.339398359793017,-0.6812262242911374,0.7655599943569164,2.3265820396101646,-0.839471402677289,-1.6419095520230271,0.6781941114236668,-0.5392818327007981,0.0377859661827759,0.9028629125931921,-0.6023479407204032
0.449230276583371,-0.5480355336732047,-0.5846286504626851,0.11349405471013553,-0.44598692331671863,0.43410978032109704,-0.49092290453410176,0.5435616500791752,-0.34641505560790153,0.5541874190031711,0.3218161696118599,-0.41861936525573534,-0.16132076632401518,-0.36961968690782715,0.41664610044659256,-0.6402005848837163,0.4748875628930561,-0.6020091918663619,0.15096079358200512,-0.16574544606112476,-0.490002960590953,-0.3002372927721448,-0.47696534677449853,-0.5489814041986291,0.21429828536073225,-0.25617307838478526,-0.08045085689230828,-0.05411733206255426,0.6016988013773192,0.2625942328845296,-0.2502464655639583,-0.2838363747930756,0.5579541276346198,-0.18884549806289358,0.3664498640016997,0.9946724176146086,-0.3316009804730229,-0.6455250516094707,0.2927056896764927,-0.11733485774594159,0.007008185073956641,0.44544973318797965,-0.34857710365088096
-0.5880391527874879,0.9523563252428467,0.7964375679086577,0.07794278522407137,0.48367273580413617,-0.43169495671145336,0.5973600538766806,-0.6070567495594668,0.7404668182549241,-0.5952440378513656,-0.2807135139389284,0.5564297035352022,0.2507667650360347,0.4806985243916836,-0.5503089568998037,0.9448963273085265,-0.7470539104631997,0.7520724803963631,-0.06977788328012881,0.4887543310356999,0.7451988718472883,0.5022967693822488,0.5693248739227478,0.35537952638587433,-0.5124078012876928,0.23446318218276724,0.028049308578885036,0.03087038160286229,-0.5286365738767059,-0.2502464655639583,0.45039576587526087,0.5392886040344695,-0.6543346534944706,-0.13696112150946504,-0.5441694950534075,-1.2098127540416777,0.36216538631271267,0.46675266673298277,-0.20187788496832626,-0.03750078736238233,-0.03617605009357416,-0.562688100781254,0.5177130406633587
-0.9435011314130672,2.9307031530698797,2.504922994897185,2.054239711375412,-0.025509616460219122,-0.8187873869604836,1.5732021928140159,-0.2996573494057949,2.8179690742899877,-0.8528253433604404,0.9544044889441452,1.824063560010325,1.5304385524458513,0.34351193254575024,-0.967199844380882,2.3064735205040967,-2.302126561304336,0.1512189211933764,-0.3006802408817056,1.5186632877491104,2.2448384161599293,1.3931036556745038,2.414627656254637,-3.0824925895083797,-1.9479539000886885,-1.0598148711393125,-0.6228605722981381,1.5031709411357357,-0.4312184642275304,-0.2838363747930756,0.5392886040344695,2.617042726762762,-0.007418243938545456,-2.267277755989512,-1.2281997985920134,-0.5356050862469955,-0.5149566525930693,-0.792187328427386,-0.2705581572765613,-2.741274336200771,0.18224402666861514,-1.8030115177754835,2.533728422832866
0.9593605847212271,-0.7446869254649955,-0.8055658296628078,0.8803159048922587,-1.2108960101566972,0.8312992907406479,-0.7956676379413083,1.3819904725159937,-0.24235194974426863,1.1714491515854906,1.1714341857529846,-0.5354686719879259,0.07485910651109623,-0.9602053257925575,0.8515277912593294,-1.1075676677532063,0.650090510054583,-1.6914282821065894,0.18508721960520963,-0.20467333886201478,-0.6952741891863724,-0.46516961164935505,-0.4205937877636153,-2.445145347171492,0.1295502969365061,-1.0606741159918374,-0.4027829793330999,0.4712313987872331,1.339398359793017,0.5579541276346198,-0.6543346534944706,-0.007418243938545456,1.5756886260271317,-1.0179753202911672,0.684344312417584,2.6374603338449196,-1.1000065113872912,-1.8087744326876367,0.5618166256312901,-1.2118960556297174,0.12695337244328572,0.6012685828086021,-0.11572232339332443
0.17965947087016007,-2.13084968260225,-1.574700162565761,-2.4040670942625972,0.8461523832166614,0.0497944768992019,-0.7606737319559145,-0.683744552949055,-2.3848928796033513,-0.12864838417739785,-1.6111879032805172,-1.1629830965025587,-1.32186054018527,0.307945683351762,0.26956375318398296,-1.2898384028423353,1.578100835415029,0.9371908102224765,0.02120032058551283,-1.3381031644034596,-1.4928479353207893,-0.9402071231093225,-1.6632526479266148,4.301682974276468,1.7001524229385911,1.5918851843916708,0.8158817914872359,-1.4798214972149086,-0.6812262242911374,-0.18884549806289358,-0.13696112150946504,-2.267277755989512,-1.0179753202911672,2.7899896605055043,0.6350601345848245,-1.2530661354325265,1.1549251224017059,2.0656543928008078,-0.2669294999460228,3.1295260874078514,-0.20456214954050292,1.089347348680288,-2.0453893877490983
0.8559557063013851,-1.6973020576348368,-1.518447961203886,-0.5833865569817654,-0.5062805302055624,0.7314714483740634,-1.0698309982764305,0.72962640690318,-1.4330630063639842,0.8962678455468797,0.05842398802650793,-1.0804837375575405,-0.6834936549893363,-0.5757816195532368,0.8170435509914509,-1.5565332255396649,1.3643193104273519,-0.8022201202020333,0.21364893620771433,-0.8151088349292751,-1.3486365361866919,-0.8566853576679889,-1.3021038642294143,0.39109298901964074,0.9757989953376577,0.04100912857496761,0.11862593902902278,-0.4871981666417248,0.7655599943569164,0.3664498640016997,-0.5441694950534075,-1.2281997985920134,0.684344312417584,0.6350601345848245,0.8748719791409925,1.3901479195140038,-0.23698203362150147,-0.39390525713190805,0.3485487585049111,0.7580252720732595,-0.024091892159879037,1.092346186699696,-1.2287663392811896
1.7983199778314407,-1.8321457761318136,-1.8450662668731947,1.067256203035514,-2.0283974080519576,1.550328294577259,-1.6460657203034847,2.3736749245966786,-0.9712137395999725,2.131480674699865,1.7715337135215707,-1.2642346101867572,-0.18175034994032563,-1.6763667539552012,1.6254438204490274,-2.3209334924806773,1.5500245236613006,-2.8612923226435694,0.37291937250395274,-0.6443736075630863,-1.6122930288893402,-1.0592726628369142,-1.184896942329474,-3.4718213159640494,0.6076306908891659,-1.5645342379257126,-0.5471677026281971,0.4877554965594652,2.3265820396101646,0.9946724176146086,-1.2098127540416777,-0.5356050862469955,2.6374603338449196,-1.2530661354325265,1.3901479195140038,4.5262732054688835,-1.7421006708873503,-2.8707596531276853,0.9945969297572168,-1.4785246504532445,0.17411876308753127,1.3650849940792575,-0.7001140506512643
-0.4864890680328548,-0.058990474953427394,0.061038098404097935,-1.0260666320717347,0.8536348573186017,-0.4074615380122101,0.23651839184593543,-0.9023269353170088,-0.3824891404074196,-0.643696926366088,-1.0097883319663798,0.011167117619778247,-0.35638762086122117,0.6039856938449397,-0.4059820302309683,0.3198238294161226,-0.002470878114237883,1.1536493957512546,-0.06685141418623855,-0.14890826472067897,0.03830085785327572,0.05264123403735244,-0.19422569882495902,2.3167024843221458,0.2898161742613038,0.9513183708770672,0.4029181119722674,-0.6372935173819265,-0.839471402677289,-0.3316009804730229,0.36216538631271267,-0.5149566525930693,-1.1000065113872912,1.1549251224017059,-0.23698203362150147,-1.7421006708873503,0.8768237551741577,1.4121587563910099,-0.3248848761377179,1.392534126961478,-0.12809098555712337,-0.052847903124514144,-0.42803987307914243
-0.833391422738419,-0.1305952240142786,0.25730368299695955,-1.7009622008277303,1.4447475253936,-0.8583301446690845,0.5441053804191988,-1.5535130664299535,-0.705425046979995,-1.2215111183797154,-1.6647171147968753,0.14890718819476537,-0.4835086558862603,0.9752087268913042,-0.7023406494389858,0.5565258049363067,-0.040638405895501085,1.857789053624884,-0.2721644716138465,-0.42230251307468836,0.11712309432364691,0.0661242522323395,-0.05227383604869303,3.7989949737815603,0.5654070279034451,1.5198521672360563,0.6706251600872516,-0.8349585962757683,-1.6419095520230271,-0.6455250516094707,0.46675266673298277,-0.792187328427386,-1.8087744326876367,2.0656543928008078,-0.39390525713190805,-2.8707596531276853,1.4121587563910099,2.576828766648684,-0.734734529093845,2.182936647022642,-0.1565070529430265,-0.24692924925437273,-0.5419649796829152
0.44689563313636,-0.511283664110726,-0.59710709462321,0.13734437327783794,-0.4634288572988922,0.4871769469710536,-0.5285318804991438,0.5731529509182568,-0.28827105207014503,0.5965089302132166,0.33435340320439677,-0.434200430479151,-0.16497204572165924,-0.3655466867967075,0.4207786584178927,-0.6287750716828187,0.44780374545720353,-0.5969428307054564,0.18915480984699123,-0.08923490469068411,-0.4874647000905078,-0.2766755787475723,-0.5237040733823604,-0.592034297653165,0.16469791912594697,-0.26758984022398946,-0.09177112418484515,-0.10400006151624325,0.6781941114236668,0.2927056896764927,-0.20187788496832626,-0.2705581572765613,0.5618166256312901,-0.2669294999460228,0.3485487585049111,0.9945969297572168,-0.3248848761377179,-0.734734529093845,0.3726294203324001,-0.12367142727353786,-0.013844520304439722,0.48492984718884374,-0.3702495892471933
0.2521845042403221,-2.481534409639511,-2.026701979894446,-2.8250910269769554,0.9563365517989277,0.24446050745310385,-1.054784489886754,-0.7467034064329157,-2.7479859990993596,0.01420720139571928,-1.9031014748323212,-1.5184949770943361,-1.680329626704354,0.3879495754642239,0.35878180116716435,-1.5605763120086926,1.916207830963684,1.1593198007592127,0.20299415238517535,-1.400676025838714,-1.8178126591407457,-1.0947497617712425,-2.2496620350462564,5.120867784718634,1.9220837545368445,1.9406778927220236,0.9624000360792125,-1.9733702069091403,-0.5392818327007981,-0.11733485774594159,-0.03750078736238233,-2.741274336200771,-1.2118960556297174,3.1295260874078514,0.7580252720732595,-1.4785246504532445,1.392534126961478,2.182936647022642,-0.12367142727353786,3.825950843479065,-0.2962741235775397,1.4450671066819956,-2.5888075065929357
0.00863615842263757,0.13135763225347444,0.12172665755198986,0.20521421893487096,-0.0882897276014699,-0.01703800631109941,0.06832185706617475,0.07620327383545356,0.15514768270705248,0.011019037450257672,0.1571753771139557,0.09929873046241437,0.12105579783563095,-0.055893977806784,-0.005956478175115837,0.07343330414760746,-0.10211389038485712,-0.1306533394488051,-0.02981167370862125,0.052324791575689235,0.1039591057501303,0.051919682513600594,0.16607782379658753,-0.40363981405757804,-0.10500595662515554,-0.15836821293756823,-0.07345517086954634,0.17416799871143482,0.0377859661827759,0.007008185073956641,-0.03617605009357416,0.18224402666861514,0.12695337244328572,-0.20456214954050292,-0.024091892159879037,0.17411876308753127,-0.12809098555712337,-0.1565070529430265,-0.013844520304439722,-0.2962741235775397,0.03487358448999182,-0.10063979120734967,0.18587171092260887
1.0167618071849924,-2.2626201532479837,-2.0649105417798075,-1.0590433059758997,-0.4597229675918661,0.946073547980469,-1.4346329876259538,0.758316608275427,-1.9758115604454969,1.0876208748052905,-0.2042027065935606,-1.492861449473408,-1.048452005623925,-0.591298847033023,0.9961942005893806,-2.0015987338493195,1.8197467984449252,-0.7296327590883248,0.3358347348408906,-1.0365084313205741,-1.812426736809554,-1.1142380307576478,-1.9022651862579614,1.1722415481254125,1.3377602253953214,0.33159924289022097,0.26782392695495194,-0.9292116523155431,0.9028629125931921,0.44544973318797965,-0.562688100781254,-1.8030115177754835,0.6012685828086021,1.089347348680288,1.092346186699696,1.3650849940792575,-0.052847903124514144,-0.24692924925437273,0.48492984718884374,1.4450671066819956,-0.10063979120734967,1.520377927610629,-1.8304791861280993
-0.9857622099250989,2.853212431532855,2.518638335821435,1.9055670808913237,0.07557257986725369,-0.9114679177098498,1.6220153835060276,-0.40824510919513274,2.695778509414478,-0.9597781939479533,0.8334882720684902,1.8376158208079507,1.503282143761709,0.3895368572582183,-1.0016876809727697,2.3037807059688338,-2.270723858133525,0.2474566818174623,-0.3623263978815576,1.4077854066570001,2.223240882613215,1.3632472146900172,2.446131054643529,-2.796501084341257,-1.847455525676064,-0.9614021312211367,-0.5679190134301779,1.4888637473070925,-0.6023479407204032,-0.34857710365088096,0.5177130406633587,2.533728422832866,-0.11572232339332443,-2.0453893877490983,-1.2287663392811896,-0.7001140506512643,-0.42803987307914243,-0.5419649796829152,-0.3702495892471933,-2.5888075065929357,0.18587171092260887,-1.8304791861280993,2.5005180487841128
