V1,V2,V3,V4,V5,V6,V7,V8,V9,V10,V11,V12,V13,V14,V15,V16,V17,V18,V19,V20,V21,V22,V23,V24,V25,V26,V27,V28,V29,V30,V31,V32,V33,V34,V35,V36,V37,V38,V39,V40,V41,V42,V43
0.4081416311035817,-0.1766140156768088,-0.4952621443333935,0.03386089646603618,0.07216284204611896,-0.02167252098181615,1.0183612321641466,-0.2776386961640472,-0.26917758458903596,0.17166841358863016,0.11561648639093958,-0.09044161466089319,-0.7193277611949873,-0.18430272802352926,0.07768430994913257,-0.32544829252203344,-0.22797063940793322,-0.4057590614358729,-0.18449015113736236,-0.5673798448876843,-0.010279836834328357,-0.05562584388843119,-0.7464975718056661,-0.4168479153110122,-0.6239604806515304,-0.051153167328006295,-0.2006836206581333,0.9550691082237373,-0.12310877564068885,-0.5129702562289316,-0.6594813636394519,0.7619933759006524,-0.4902847934081757,0.35901455228689977,-0.2643423366464841,-0.3219392428186419,0.10212063164774488,-0.14563574162542045,0.11789795435515735,-0.6108473704939099,-0.1364575160951396,0.4071263840733889,-1.0074284886242026
-0.1766140156768088,0.40171005899271756,-0.18858586978913605,-0.5209055356900913,0.5040574915650993,-0.6371231051905656,-0.4826695643842548,0.14437922032562991,0.3860138607991747,0.5837438302117065,-0.029833159056715436,0.27004319285063627,-0.2080715390187101,-0.8822928963335588,0.2647751652111536,0.17103254167536877,-0.3299616615940561,-0.05988826987966655,0.1304081885566914,0.006106364578511431,-0.28097371798912335,0.813615478949344,0.5344222843987139,0.20724791670051754,0.4918423158619084,-0.09375541036758364,0.39301321767861974,-0.3229048981307621,-0.6458852280542953,-0.6302904481761581,0.0872317956444005,-0.4075983205060732,0.4989888698577683,-0.5860144443695263,-0.6186164294909166,-0.43268490671378446,-0.1598523893672024,-0.9452293149946835,-0.04893156591495043,0.5988138097463105,0.014151290985825855,-0.3282040372862302,0.5473279932803866
-0.4952621443333935,-0.18858586978913605,1.8613006149254994,-0.1561778177947508,0.09236698606715289,0.9301030640828523,-0.9204065975953908,0.02250875274090314,-0.4204062452909028,-1.6464551447317384,-0.06542791787954104,-0.439080503634675,1.8234825385643632,0.1882381331653233,0.03273868167209752,1.1907854108170173,0.25993448726105045,1.1363811319682657,0.8700641644404342,1.0763984991709583,0.7750707538747879,-1.0781083657551565,0.3349620290784685,1.4268689622748199,1.1431835486158277,-0.8112660651543901,-0.40432119470223743,-2.1697707642540727,1.0111271702542566,1.186865372129726,2.513939356795503,0.2421049831022912,-0.41204615131966993,-0.03727683876258407,1.8492755930174793,1.983126470630301,0.8890084387483894,1.3945619997670808,-0.24715669991186617,1.1199684867826614,0.6305717429811516,0.2063125579173017,0.312119682055807
0.03386089646603618,-0.5209055356900913,-0.1561778177947508,1.514181931395022,-1.648835700721688,0.9039285073978801,-0.10684260654221588,0.2164651083495646,-0.03901570927103012,-0.402446443810476,-0.1192141562609145,-0.11065892549862066,0.4489841352817461,2.6781193780256762,-0.9420567670334908,-0.8863211346529959,1.1819561417978564,-0.010679378820256392,-0.7850213428475983,0.23646990997716472,0.04457958856804549,-1.0699616208972291,-0.08965459892302644,-1.0067105369680458,-1.0412025005273102,1.1674248361304855,-0.23129862588054917,0.8148532268923792,1.0820499093938676,1.762730516792834,-1.177664061387073,-0.8589893253020092,0.14824431695019885,0.8316861477654522,0.5138826455622136,0.0017607956154384163,-0.6593098603166396,1.5873052739755038,0.10548972825280042,-1.344323897207761,-0.34052408121231376,-0.2287726320683997,0.496026317230845
0.07216284204611896,0.5040574915650993,0.09236698606715289,-1.648835700721688,1.8269706414203715,-0.9536149553987053,0.4025022911105198,-0.32407950863880136,-0.06156496951615692,0.42326443489122617,0.16427651347696318,0.07297220905369176,-0.6415012322870632,-2.9743271379106653,1.0546230914236274,0.914809400734891,-1.3519357720032836,-0.06908637535040739,0.8354673189334051,-0.3931293451472411,-0.018558240786703473,1.1037768437702202,-0.12631922594604955,1.0271852279902038,0.98641110427009,-1.3257030605367892,0.17092415694468807,-0.6777090927953848,-1.1769917257480245,-2.0370949230380324,1.1830792309758476,1.1917060973733837,-0.3363023620198107,-0.7947421801205227,-0.5657975709194543,-0.019392210517964758,0.7906685858917049,-1.7192265351064824,-0.08811808673798802,1.3205005800644052,0.35527543635025643,0.3887633792082898,-0.8500599147522795
-0.02167252098181615,-0.6371231051905656,0.9301030640828523,0.9039285073978801,-0.9536149553987053,1.3000202441647681,0.06503166108860674,-0.07191844512016553,-0.5773311045287588,-1.4012871902985606,-0.03276242454272634,-0.48969838460896403,1.111993775751273,1.75577338127797,-0.5299616344257332,0.0700416352329419,0.7898529596379495,0.5372384452322382,0.00522349141181005,0.5183315187430154,0.6231901818620164,-1.588960870981022,-0.42233189402243565,0.09790806088632201,-0.3183260483844613,0.09541190596450963,-0.6342172101957058,-0.35201362725742436,1.3955388245393359,1.6546311689691744,0.6275653837067742,0.2591578196925053,-0.6322487938194916,0.818591835905782,1.5548836924232734,1.273588101232026,0.34216813571921095,2.007435087627099,-0.024146103941003527,-0.52500874235559,0.15188918837676657,0.3498453289909593,-0.2724273885721857
1.0183612321641466,-0.4826695643842548,-0.9204065975953908,-0.10684260654221588,0.4025022911105198,0.06503166108860674,2.6374287334235396,-0.7942299760068334,-0.8493440848334496,0.12785840054867936,0.3204174220186685,-0.3463798359801419,-1.621452318557379,-0.7600454903112008,0.32706891724096404,-0.5277181335596087,-0.7028734885158753,-0.8601446898797678,-0.2216829264073298,-1.35316780466007,0.15269013535451817,-0.29872234694700284,-1.996785771907173,-0.7134740395636713,-1.3569378062632267,-0.4643897311424175,-0.6331671382100682,2.060434630584791,-0.21837252683980943,-1.3397940588667283,-1.1120605555263057,2.2815150274637515,-1.4857660965041537,0.9046748196963957,-0.3502763154289281,-0.42367428315473776,0.5705354886450028,-0.24392428537321173,0.2587901073235826,-1.2930303555047757,-0.1930856668179556,1.2125597169953526,-2.7951877253063775
-0.2776386961640472,0.14437922032562991,0.02250875274090314,0.2164651083495646,-0.32407950863880136,-0.07191844512016553,-0.7942299760068334,0.29689630044984117,0.35753753233778535,0.16500801125398334,-0.11445464825636127,0.1769041942663302,0.33582052484243974,0.5120279096554073,-0.2161110519455779,-0.08762752798771031,0.32768573758610925,0.12685458909112018,-0.13551226355825327,0.3339926814058995,-0.16707980452433058,0.15930110585900384,0.6389998753684913,-0.07091592405737401,0.1941410122641515,0.406011265041665,0.25966800433855447,-0.30717918685711953,0.03323530331288198,0.4689407805614006,-0.1146099785291554,-0.9239557919494972,0.5983334099102551,-0.22586297569544603,-0.10661854591690796,-0.15382777114798815,-0.4029434836953761,0.035518818175516324,-0.04212677359792995,0.1442238645116201,-0.0634400284433974,-0.4795439528467507,0.9821245228745431
-0.26917758458903596,0.3860138607991747,-0.4204062452909028,-0.03901570927103012,-0.06156496951615692,-0.5773311045287588,-0.8493440848334496,0.35753753233778535,0.6251314889460001,0.7702250841511898,-0.11372874550423678,0.39363004271123775,-0.1227371132058204,-0.009642042985448457,-0.0735159088214045,-0.2126028936260713,0.09240350604730654,-0.11875063314785926,-0.22114528210568177,0.1262270045267409,-0.4517503674174327,0.7819157952059032,0.8352305679117658,-0.22078395920924893,0.2366735574044658,0.4896298226914039,0.531845080561889,-0.06711667151660407,-0.4958334435988533,-0.10126466579368595,-0.5261566252015971,-1.1479878265845533,0.9147469867602321,-0.5203280913523558,-0.7698729328983671,-0.7414285536684629,-0.6352091941791169,-0.7225772366712802,-0.02093271770852639,0.24960049869225187,-0.16939845329973738,-0.672394310930934,1.175935081189708
0.17166841358863016,0.5837438302117065,-1.6464551447317384,-0.402446443810476,0.42326443489122617,-1.4012871902985606,0.12785840054867936,0.16500801125398334,0.7702250841511898,1.9133587134912424,0.007733588683442816,0.6441874765547937,-1.6047159818870596,-1.019394051588914,0.22984587758638472,-0.7578148454431175,-0.5147545456240783,-0.9354069345520982,-0.555461265108598,-0.7977489982193549,-0.9165332779362381,1.711040047405869,0.3666007520061113,-0.9020779820214493,-0.3545398443020728,0.5763473440936309,0.7548145549370678,1.3202739107363783,-1.4626613994151927,-1.537781971257009,-1.8799713301323513,-0.713042328741861,0.9074392968226831,-0.609658325594655,-2.101962234712643,-2.016055840514231,-0.9028347965331136,-2.0755204640865985,0.13689248521781938,-0.22936969279264063,-0.48328853972610325,-0.5554004835412655,0.4337804536859859
0.11561648639093958,-0.029833159056715436,-0.06542791787954104,-0.1192141562609145,0.16427651347696318,-0.03276242454272634,0.3204174220186685,-0.11445464825636127,-0.11372874550423678,0.007733588683442816,0.04711095061865974,-0.0457663076380404,-0.19568976230066013,-0.2729320603082063,0.10568910361490046,0.019013334647051627,-0.16303657811961092,-0.08333228722009572,0.04388100257537228,-0.16360275025689414,0.03303783743597346,0.011267597732970865,-0.23888789045318473,0.008796424576048149,-0.07627816199966389,-0.1551059808862608,-0.07308157926289723,0.1582213849214817,-0.07884234492316664,-0.26268220380261753,-0.006475533435021031,0.3514494900352737,-0.20658447461489515,0.05724099972032847,-0.03896945519136899,-0.010730379745125978,0.13585082957513303,-0.10792466555905672,0.020208804038070644,-0.0482216356956063,0.012269455335524723,0.17307101767193284,-0.3798052620500339
-0.09044161466089319,0.27004319285063627,-0.439080503634675,-0.11065892549862066,0.07297220905369176,-0.48969838460896403,-0.3463798359801419,0.1769041942663302,0.39363004271123775,0.6441874765547937,-0.0457663076380404,0.2746901176440739,-0.31537134447706605,-0.21847173086668806,0.02315901335244131,-0.19412162051699294,-0.06469287633586807,-0.19888415017477085,-0.16793376298320167,-0.07576667460716027,-0.34155867767989,0.6306803342611794,0.42217356688544716,-0.2180243702705332,0.0676051463282993,0.2801342320056066,0.35454592061732726,0.16285056448091711,-0.46756056835148363,-0.3217308293533177,-0.5014178150804749,-0.5936356170017492,0.5372499087733985,-0.3386408702866775,-0.6760103884924129,-0.6398842586487056,-0.40497523301505084,-0.6727481031149999,0.010399994973836245,0.09901477074905318,-0.1429646652868516,-0.37491128309317995,0.5689655556230709
-0.7193277611949873,-0.2080715390187101,1.8234825385643632,0.4489841352817461,-0.6415012322870632,1.111993775751273,-1.621452318557379,0.33582052484243974,-0.1227371132058204,-1.6047159818870596,-0.19568976230066013,-0.31537134447706605,2.22103704302514,1.3654505758977311,-0.41283774418651037,0.8617740174968213,0.8650335885229359,1.2333317428108381,0.5305776161593728,1.4191097915404698,0.638967990698678,-1.2302320948868057,0.853387611362611,1.0770538860831154,1.012293717060333,-0.13534859280059944,-0.2435802716062951,-2.1904571491458866,1.3315268862698553,2.0664853118921305,2.0714209054157835,-0.7865552315455685,0.14304382936992427,3.205902061242914e-4,1.88674435265917,1.8375253415983104,0.35578342504565896,1.8539246691097608,-0.2521002523623058,0.8627134783923694,0.4774540155303247,-0.2680910306282098,1.2858752373058067
-0.18430272802352926,-0.8822928963335588,0.1882381331653233,2.6781193780256762,-2.9743271379106653,1.75577338127797,-0.7600454903112008,0.5120279096554073,-0.009642042985448457,-1.019394051588914,-0.2729320603082063,-0.21847173086668806,1.3654505758977311,4.906146091229092,-1.7179730625025342,-1.285393414179409,2.2531424457207887,0.3117434332740295,-1.2087286590262294,0.817030725625921,0.1894740825806707,-2.0397596127527264,0.2099981551701172,-1.42934504925171,-1.439384955902735,2.0048087471483176,-0.3819581026038579,0.7502023067270626,2.130227465352006,3.5440003268356493,-1.4826474681188322,-1.8388767399069317,0.4234865376602902,1.3292390450984932,1.2870164755662956,0.41232431807148034,-1.1057204789385249,3.0976619561427654,0.10419780738566371,-1.991568099776311,-0.4654050080625413,-0.5594853103762589,1.370386352215197
0.07768430994913257,0.2647751652111536,0.03273868167209752,-0.9420567670334908,1.0546230914236274,-0.5299616344257332,0.32706891724096404,-0.2161110519455779,-0.0735159088214045,0.22984587758638472,0.10568910361490046,0.02315901335244131,-0.41283774418651037,-1.7179730625025342,0.6124412702362936,0.5093143307205973,-0.7937572501939627,-0.06339161380523048,0.47365726596721874,-0.26801459548099815,0.003059458296096888,0.6043076121841153,-0.14976586774409148,0.5678147909286432,0.5157826546480087,-0.7793672626507115,0.06744114869544426,-0.3216618781304007,-0.6675542706356249,-1.1998743865815527,0.650476213940093,0.771783051777833,-0.25532493719222443,-0.41481230669959224,-0.3178929041770194,-0.009350310077132546,0.48062959371000086,-0.9728254545203476,-0.04186121034141492,0.7078603126447045,0.19988154152753657,0.27203795343523707,-0.593409606417076
-0.32544829252203344,0.17103254167536877,1.1907854108170173,-0.8863211346529959,0.914809400734891,0.0700416352329419,-0.5277181335596087,-0.08762752798771031,-0.2126028936260713,-0.7578148454431175,0.019013334647051627,-0.19412162051699294,0.8617740174968213,-1.285393414179409,0.5093143307205973,1.1743867705113882,-0.4573729840250886,0.6873580624833227,0.9276704683509426,0.5302011362469023,0.42944970666811316,-0.06586403638153972,0.27660466147542895,1.3794467450161558,1.2414285644848717,-1.0830114362715244,-0.10556557157198113,-1.7370632792503469,0.02860704170361348,-0.20777131491604298,2.1145739748769987,0.5566848774512846,-0.2957647496429309,-0.4740767395685781,0.822014118100813,1.17118214688746,0.8597362270582152,-0.011402254046654663,-0.20492471848275143,1.3861553541866896,0.5527289803310493,0.22170327173717166,-0.03177066476921974
-0.22797063940793322,-0.3299616615940561,0.25993448726105045,1.1819561417978564,-1.3519357720032836,0.7898529596379495,-0.7028734885158753,0.32768573758610925,0.09240350604730654,-0.5147545456240783,-0.16303657811961092,-0.06469287633586807,0.8650335885229359,2.2531424457207887,-0.7937572501939627,-0.4573729840250886,1.085956795449475,0.28346914764681963,-0.4734412634449503,0.5666609937853907,0.08759170248773139,-0.8886714580003429,0.3607138720391453,-0.4889891637238023,-0.4190885235633278,0.9126985115701788,-0.09812416791862703,-0.0059975607826096315,0.993060911729136,1.7628439263097186,-0.42664899624537195,-1.0928746134837095,0.3646793496252831,0.4640637645339096,0.6671083451157542,0.29767903023999565,-0.5301720333838893,1.4321556199230867,0.004411687700665346,-0.6699444430263545,-0.15907782534302298,-0.3953807386250577,0.9715034647485822
-0.4057590614358729,-0.05988826987966655,1.1363811319682657,-0.010679378820256392,-0.06908637535040739,0.5372384452322382,-0.8601446898797678,0.12685458909112018,-0.11875063314785926,-0.9354069345520982,-0.08333228722009572,-0.19888415017477085,1.2333317428108381,0.3117434332740295,-0.06339161380523048,0.6873580624833227,0.28346914764681963,0.7369307962917462,0.47487906695213417,0.7796675132636705,0.4061690311164778,-0.5938520883580181,0.44607481573438845,0.836662050213699,0.7655775515853879,-0.33590413081404713,-0.1464492606335183,-1.4309618600172849,0.6265442281756144,0.8995706315617462,1.4786376423092262,-0.20580111307436372,-0.02185040395737531,-0.10767089029037877,1.0806573498876388,1.143269227652834,0.38471879897020006,0.8603115895823991,-0.16570188214458542,0.7321940661044362,0.3576365950461273,-0.05770524658947012,0.5634259279450605
-0.18449015113736236,0.1304081885566914,0.8700641644404342,-0.7850213428475983,0.8354673189334051,0.00522349141181005,-0.2216829264073298,-0.13551226355825327,-0.22114528210568177,-0.555461265108598,0.04388100257537228,-0.16793376298320167,0.5305776161593728,-1.2087286590262294,0.47365726596721874,0.9276704683509426,-0.4734412634449503,0.47487906695213417,0.7512536568740613,0.30431828735383815,0.3411562576954653,-0.008219114883624451,0.08254681863313047,1.0811694046241118,0.9318109610905371,-0.9417145524664686,-0.11179122393140138,-1.254620183674829,-0.05700446824876215,-0.3580132780439728,1.6343965570516075,0.6400198958241762,-0.34059763376328345,-0.3549821796893895,0.5833672089040821,0.8796735092158334,0.7456037577212545,-0.11978013994560653,-0.14748329910947114,1.0665082474832044,0.4358719370101081,0.2690905778333522,-0.2464700106633354
-0.5673798448876843,0.006106364578511431,1.0763984991709583,0.23646990997716472,-0.3931293451472411,0.5183315187430154,-1.35316780466007,0.3339926814058995,0.1262270045267409,-0.7977489982193549,-0.16360275025689414,-0.07576667460716027,1.4191097915404698,0.817030725625921,-0.26801459548099815,0.5302011362469023,0.5666609937853907,0.7796675132636705,0.30431828735383815,0.9759245573573647,0.27346099815072,-0.5239133510741215,0.8450680284401854,0.6742429983111116,0.7834333156528386,0.034366234973568596,0.021395749972559358,-1.5020970728328253,0.6852232492522426,1.281436246429363,1.2388348115371448,-0.8735260899587556,0.3922443620765295,-0.19832094395257785,0.9814633623033984,0.9746374681824517,0.04754041768036972,0.9408263555925029,-0.177614390716728,0.6981635069612654,0.27187387102519706,-0.3926192999711732,1.2258006877485605
-0.010279836834328357,-0.28097371798912335,0.7750707538747879,0.04457958856804549,-0.018558240786703473,0.6231901818620164,0.15269013535451817,-0.16707980452433058,-0.4517503674174327,-0.9165332779362381,0.03303783743597346,-0.34155867767989,0.638967990698678,0.1894740825806707,0.003059458296096888,0.42944970666811316,0.08759170248773139,0.4061690311164778,0.3411562576954653,0.27346099815072,0.47051441179989295,-0.7814851352711156,-0.332749966063256,0.49971991449549286,0.17614052404163422,-0.44343502653123773,-0.4079352446758962,-0.5863699284107905,0.6143001313810953,0.49678895194108796,0.9794310783216164,0.6242505170610748,-0.5895250607378938,0.29627549297723094,0.9833111144782372,0.985012570449721,0.5662241100501545,0.8717107816878434,-0.0593446868052734,0.148016065022009,0.2628071767383135,0.39828380843959615,-0.48739834771320995
-0.05562584388843119,0.813615478949344,-1.0781083657551565,-1.0699616208972291,1.1037768437702202,-1.588960870981022,-0.29872234694700284,0.15930110585900384,0.7819157952059032,1.711040047405869,0.011267597732970865,0.6306803342611794,-1.2302320948868057,-2.0397596127527264,0.6043076121841153,-0.06586403638153972,-0.8886714580003429,-0.5938520883580181,-0.008219114883624451,-0.5239133510741215,-0.7814851352711156,1.960930955143956,0.6829080512087076,-0.08816298590308955,0.4779526252696447,-0.05035865306368174,0.8296674536534822,0.2871871479401373,-1.6793161012147377,-1.8905589711563069,-0.7144465129125073,-0.5285766085567046,0.9065644892435019,-1.0645026966900526,-1.8798427165294984,-1.5391961601317252,-0.4862010890904676,-2.4205981783083637,0.011352192264561927,0.7204628689480607,-0.18054306388835076,-0.5372753536641525,0.5777792395966412
-0.7464975718056661,0.5344222843987139,0.3349620290784685,-0.08965459892302644,-0.12631922594604955,-0.42233189402243565,-1.996785771907173,0.6389998753684913,0.8352305679117658,0.3666007520061113,-0.23888789045318473,0.42217356688544716,0.853387611362611,0.2099981551701172,-0.14976586774409148,0.27660466147542895,0.3607138720391453,0.44607481573438845,0.08254681863313047,0.8450680284401854,-0.332749966063256,0.6829080512087076,1.6281946999814594,0.39246997930114086,1.0171421920603416,0.43105507701771106,0.6750710004317183,-1.3231930144133806,-0.22747054301805783,0.583786206499939,0.4813853680475978,-1.8787981223447714,1.3477086387135755,-0.8816927779257655,-0.2448072858263764,-0.1417506375797159,-0.6149917401440843,-0.3762807236181111,-0.17307378602155823,1.0126885066669387,0.05421667042549489,-1.0513050774014325,2.2285460986943346
-0.4168479153110122,0.20724791670051754,1.4268689622748199,-1.0067105369680458,1.0271852279902038,0.09790806088632201,-0.7134740395636713,-0.07091592405737401,-0.22078395920924893,-0.9020779820214493,0.008796424576048149,-0.2180243702705332,1.0770538860831154,-1.42934504925171,0.5678147909286432,1.3794467450161558,-0.4889891637238023,0.836662050213699,1.0811694046241118,0.6742429983111116,0.49971991449549286,-0.08816298590308955,0.39246997930114086,1.624254645969269,1.48394998572841,-1.2320489864462503,-0.10647293900823392,-2.094790102845048,0.06267125310045803,-0.16226023205041076,2.4977404086303423,0.5570182660328655,-0.2925324083449129,-0.5715303551218285,0.9874020001478626,1.3896947211081025,0.9763279910410788,0.026624082880633212,-0.24748777361912158,1.6456073601344317,0.6488374907019634,0.21350283121086283,0.06988364336515296
-0.6239604806515304,0.4918423158619084,1.1431835486158277,-1.0412025005273102,0.98641110427009,-0.3183260483844613,-1.3569378062632267,0.1941410122641515,0.2366735574044658,-0.3545398443020728,-0.07627816199966389,0.0676051463282993,1.012293717060333,-1.439384955902735,0.5157826546480087,1.2414285644848717,-0.4190885235633278,0.7655775515853879,0.9318109610905371,0.7834333156528386,0.17614052404163422,0.4779526252696447,1.0171421920603416,1.48394998572841,1.678773615967015,-0.8834944682683944,0.28244504138064075,-2.1787026105048612,-0.29228666415681775,-0.22339566065041458,2.1475408044641395,-0.28898699511207626,0.3794561058580541,-0.9597772724106807,0.442916652216378,0.8693941187131192,0.5198792702600745,-0.4918567950350435,-0.2669281409901413,1.8503171476705957,0.5333365619759228,-0.2816357011565327,0.9456649012099881
-0.051153167328006295,-0.09375541036758364,-0.8112660651543901,1.1674248361304855,-1.3257030605367892,0.09541190596450963,-0.4643897311424175,0.406011265041665,0.4896298226914039,0.5763473440936309,-0.1551059808862608,0.2801342320056066,-0.13534859280059944,2.0048087471483176,-0.7793672626507115,-1.0830114362715244,0.9126985115701788,-0.33590413081404713,-0.9417145524664686,0.034366234973568596,-0.44343502653123773,-0.05035865306368174,0.43105507701771106,-1.2320489864462503,-0.8834944682683944,1.4059895711610755,0.27487092527681856,1.0487817167300668,0.2701893951209355,1.0240851508100208,-1.8079698981296086,-1.4974175192809498,0.8297827829386445,0.28882362374129994,-0.5346802536065836,-0.9366394248274904,-1.1332403174670571,0.4188583644737225,0.12006968584875209,-1.101883419073796,-0.5137219417645525,-0.6808111829580024,1.1182891210098027
-0.2006836206581333,0.39301321767861974,-0.40432119470223743,-0.23129862588054917,0.17092415694468807,-0.6342172101957058,-0.6331671382100682,0.25966800433855447,0.531845080561889,0.7548145549370678,-0.07308157926289723,0.35454592061732726,-0.2435802716062951,-0.3819581026038579,0.06744114869544426,-0.10556557157198113,-0.09812416791862703,-0.1464492606335183,-0.11179122393140138,0.021395749972559358,-0.4079352446758962,0.8296674536534822,0.6750710004317183,-0.10647293900823392,0.28244504138064075,0.27487092527681856,0.4816385568495437,-0.06737152204132894,-0.5960485544876132,-0.37663671665340737,-0.38030204048097066,-0.8256130954830153,0.7410043204069513,-0.5342330139558872,-0.7789343275628156,-0.6920002123964005,-0.46593573500482904,-0.8664665691377295,-0.020190087371203543,0.3353707520316667,-0.1196090621561244,-0.5239504887255254,0.8727271936275112
0.9550691082237373,-0.3229048981307621,-2.1697707642540727,0.8148532268923792,-0.6777090927953848,-0.35201362725742436,2.060434630584791,-0.30717918685711953,-0.06711667151660407,1.3202739107363783,0.1582213849214817,0.16285056448091711,-2.1904571491458866,0.7502023067270626,-0.3216618781304007,-1.7370632792503469,-0.0059975607826096315,-1.4309618600172849,-1.254620183674829,-1.5020970728328253,-0.5863699284107905,0.2871871479401373,-1.3231930144133806,-2.094790102845048,-2.1787026105048612,1.0487817167300668,-0.06737152204132894,3.32138192661063,-0.4773324178522984,-0.8571610931538307,-3.3319242476033986,0.4976963267192397,-0.29807833993734334,0.8799062460678914,-1.5550151383501827,-1.9560496793147115,-0.8200304241867953,-0.5843491140623164,0.3963223803909992,-2.2728387981542895,-0.815161725689285,0.3058628884666656,-1.4144820776087046
-0.12310877564068885,-0.6458852280542953,1.0111271702542566,1.0820499093938676,-1.1769917257480245,1.3955388245393359,-0.21837252683980943,0.03323530331288198,-0.4958334435988533,-1.4626613994151927,-0.07884234492316664,-0.46756056835148363,1.3315268862698553,2.130227465352006,-0.6675542706356249,0.02860704170361348,0.993060911729136,0.6265442281756144,-0.05700446824876215,0.6852232492522426,0.6143001313810953,-1.6793161012147377,-0.22747054301805783,0.06267125310045803,-0.29228666415681775,0.2701893951209355,-0.5960485544876132,-0.4773324178522984,1.5399107839863386,1.989309155634356,0.6166264971508055,-0.06845099012107565,-0.4649853407935485,0.8181104880557581,1.6517792800450695,1.3216174692033646,0.21295262792123118,2.211209706909511,-0.03948002096761618,-0.5390966655817507,0.13537991411232167,0.20111235921592416,0.0687684128268317
-0.5129702562289316,-0.6302904481761581,1.186865372129726,1.762730516792834,-2.0370949230380324,1.6546311689691744,-1.3397940588667283,0.4689407805614006,-0.10126466579368595,-1.537781971257009,-0.26268220380261753,-0.3217308293533177,2.0664853118921305,3.5440003268356493,-1.1998743865815527,-0.20777131491604298,1.7628439263097186,0.8995706315617462,-0.3580132780439728,1.281436246429363,0.49678895194108796,-1.8905589711563069,0.583786206499939,-0.16226023205041076,-0.22339566065041458,1.0240851508100208,-0.37663671665340737,-0.8571610931538307,1.989309155634356,3.19469275681335,0.4006101798889297,-1.4443288969715116,0.28522610999996534,0.7642712087446886,1.85231347976748,1.3328990427624494,-0.3864658147033786,2.8447218227531392,-0.08814576543569837,-0.6203323985826019,0.02498633338490161,-0.44376348197336635,1.4727336837582239
-0.6594813636394519,0.0872317956444005,2.513939356795503,-1.177664061387073,1.1830792309758476,0.6275653837067742,-1.1120605555263057,-0.1146099785291554,-0.5261566252015971,-1.8799713301323513,-0.006475533435021031,-0.5014178150804749,2.0714209054157835,-1.4826474681188322,0.650476213940093,2.1145739748769987,-0.42664899624537195,1.4786376423092262,1.6343965570516075,1.2388348115371448,0.9794310783216164,-0.7144465129125073,0.4813853680475978,2.4977404086303423,2.1475408044641395,-1.8079698981296086,-0.38030204048097066,-3.3319242476033986,0.6166264971508055,0.4006101798889297,4.0180814560718074,0.8804511436646466,-0.6394496464226577,-0.5782256186959049,2.070564112040061,2.5735330630570425,1.582739501802802,0.7897260762238346,-0.38754794761299666,2.312744753554811,1.0373858170593317,0.4223138399763735,0.07029622669659043
0.7619933759006524,-0.4075983205060732,0.2421049831022912,-0.8589893253020092,1.1917060973733837,0.2591578196925053,2.2815150274637515,-0.9239557919494972,-1.1479878265845533,-0.713042328741861,0.3514494900352737,-0.5936356170017492,-0.7865552315455685,-1.8388767399069317,0.771783051777833,0.5566848774512846,-1.0928746134837095,-0.20580111307436372,0.6400198958241762,-0.8735260899587556,0.6242505170610748,-0.5285766085567046,-1.8787981223447714,0.5570182660328655,-0.28898699511207626,-1.4974175192809498,-0.8256130954830153,0.4976963267192397,-0.06845099012107565,-1.4443288969715116,0.8804511436646466,2.946039446577161,-1.9002746849427998,0.5834960019294073,0.5544523015988868,0.7786796033835043,1.4410267705536934,-0.07412222835267376,0.076900878919199,-0.1055775127651294,0.3315344263507168,1.5163744646739779,-2.993432846401426
-0.4902847934081757,0.4989888698577683,-0.41204615131966993,0.14824431695019885,-0.3363023620198107,-0.6322487938194916,-1.4857660965041537,0.5983334099102551,0.9147469867602321,0.9074392968226831,-0.20658447461489515,0.5372499087733985,0.14304382936992427,0.4234865376602902,-0.25532493719222443,-0.2957647496429309,0.3646793496252831,-0.02185040395737531,-0.34059763376328345,0.3922443620765295,-0.5895250607378938,0.9065644892435019,1.3477086387135755,-0.2925324083449129,0.3794561058580541,0.8297827829386445,0.7410043204069513,-0.29807833993734334,-0.4649853407935485,0.28522610999996534,-0.6394496464226577,-1.9002746849427998,1.3997979058830148,-0.6954076488284613,-0.8600844374814494,-0.8743994291329678,-0.9691601381503776,-0.6875805904691137,-0.052887852066505876,0.34984199721167963,-0.22612454101566543,-1.0614633437986165,1.9696239004543752
0.35901455228689977,-0.5860144443695263,-0.03727683876258407,0.8316861477654522,-0.7947421801205227,0.818591835905782,0.9046748196963957,-0.22586297569544603,-0.5203280913523558,-0.609658325594655,0.05724099972032847,-0.3386408702866775,3.205902061242914e-4,1.3292390450984932,-0.41481230669959224,-0.4740767395685781,0.4640637645339096,-0.10767089029037877,-0.3549821796893895,-0.19832094395257785,0.29627549297723094,-1.0645026966900526,-0.8816927779257655,-0.5715303551218285,-0.9597772724106807,0.28882362374129994,-0.5342330139558872,0.8799062460678914,0.8181104880557581,0.7642712087446886,-0.5782256186959049,0.5834960019294073,-0.6954076488284613,0.9099268117908427,0.627846397538261,0.31729366876008275,0.08868789366515822,1.2122609071030557,0.1189517655196651,-1.1208344997059583,-0.13321058298580418,0.4685693220028086,-0.8966202255093746
-0.2643423366464841,-0.6186164294909166,1.8492755930174793,0.5138826455622136,-0.5657975709194543,1.5548836924232734,-0.3502763154289281,-0.10661854591690796,-0.7698729328983671,-2.101962234712643,-0.03896945519136899,-0.6760103884924129,1.88674435265917,1.2870164755662956,-0.3178929041770194,0.822014118100813,0.6671083451157542,1.0806573498876388,0.5833672089040821,0.9814633623033984,0.9833111144782372,-1.8798427165294984,-0.2448072858263764,0.9874020001478626,0.442916652216378,-0.5346802536065836,-0.7789343275628156,-1.5550151383501827,1.6517792800450695,1.85231347976748,2.070564112040061,0.5544523015988868,-0.8600844374814494,0.627846397538261,2.328898319216332,2.218093532904062,0.9034499188282086,2.3410844327019213,-0.1638102033497911,0.28837099918108067,0.523276658373764,0.49631678639422094,-0.22816634976072322
-0.3219392428186419,-0.43268490671378446,1.983126470630301,0.0017607956154384163,-0.019392210517964758,1.273588101232026,-0.42367428315473776,-0.15382777114798815,-0.7414285536684629,-2.016055840514231,-0.010730379745125978,-0.6398842586487056,1.8375253415983104,0.41232431807148034,-0.009350310077132546,1.17118214688746,0.29767903023999565,1.143269227652834,0.8796735092158334,0.9746374681824517,0.985012570449721,-1.5391961601317252,-0.1417506375797159,1.3896947211081025,0.8693941187131192,-0.9366394248274904,-0.6920002123964005,-1.9560496793147115,1.3216174692033646,1.3328990427624494,2.5735330630570425,0.7786796033835043,-0.8743994291329678,0.31729366876008275,2.218093532904062,2.286237012408973,1.1326702820059085,1.8518554347998588,-0.2145347877541989,0.8144998294344934,0.6619441383767717,0.5407638092631377,-0.2980917337120877
0.10212063164774488,-0.1598523893672024,0.8890084387483894,-0.6593098603166396,0.7906685858917049,0.34216813571921095,0.5705354886450028,-0.4029434836953761,-0.6352091941791169,-0.9028347965331136,0.13585082957513303,-0.40497523301505084,0.35578342504565896,-1.1057204789385249,0.48062959371000086,0.8597362270582152,-0.5301720333838893,0.38471879897020006,0.7456037577212545,0.04754041768036972,0.5662241100501545,-0.4862010890904676,-0.6149917401440843,0.9763279910410788,0.5198792702600745,-1.1332403174670571,-0.46593573500482904,-0.8200304241867953,0.21295262792123118,-0.3864658147033786,1.582739501802802,1.4410267705536934,-0.9691601381503776,0.08868789366515822,0.9034499188282086,1.1326702820059085,1.0601549332355884,0.28666903307971586,-0.08720258232016691,0.634150772042457,0.4494779291647896,0.7408583533153259,-1.1740215846823137
-0.14563574162542045,-0.9452293149946835,1.3945619997670808,1.5873052739755038,-1.7192265351064824,2.007435087627099,-0.24392428537321173,0.035518818175516324,-0.7225772366712802,-2.0755204640865985,-0.10792466555905672,-0.6727481031149999,1.8539246691097608,3.0976619561427654,-0.9728254545203476,-0.011402254046654663,1.4321556199230867,0.8603115895823991,-0.11978013994560653,0.9408263555925029,0.8717107816878434,-2.4205981783083637,-0.3762807236181111,0.026624082880633212,-0.4918567950350435,0.4188583644737225,-0.8664665691377295,-0.5843491140623164,2.211209706909511,2.8447218227531392,0.7897260762238346,-0.07412222835267376,-0.6875805904691137,1.2122609071030557,2.3410844327019213,1.8518554347998588,0.28666903307971586,3.1783976065852726,-0.04440350522601961,-0.8510739595345111,0.1711924669428555,0.30511485962066814,0.045665672015600504
0.11789795435515735,-0.04893156591495043,-0.24715669991186617,0.10548972825280042,-0.08811808673798802,-0.024146103941003527,0.2587901073235826,-0.04212677359792995,-0.02093271770852639,0.13689248521781938,0.020208804038070644,0.010399994973836245,-0.2521002523623058,0.10419780738566371,-0.04186121034141492,-0.20492471848275143,0.004411687700665346,-0.16570188214458542,-0.14748329910947114,-0.177614390716728,-0.0593446868052734,0.011352192264561927,-0.17307378602155823,-0.24748777361912158,-0.2669281409901413,0.12006968584875209,-0.020190087371203543,0.3963223803909992,-0.03948002096761618,-0.08814576543569837,-0.38754794761299666,0.076900878919199,-0.052887852066505876,0.1189517655196651,-0.1638102033497911,-0.2145347877541989,-0.08720258232016691,-0.04440350522601961,0.04760512621745233,-0.28004825936150424,-0.09429130075560825,0.04835554537970352,-0.18730811442264145
-0.6108473704939099,0.5988138097463105,1.1199684867826614,-1.344323897207761,1.3205005800644052,-0.52500874235559,-1.2930303555047757,0.1442238645116201,0.24960049869225187,-0.22936969279264063,-0.0482216356956063,0.09901477074905318,0.8627134783923694,-1.991568099776311,0.7078603126447045,1.3861553541866896,-0.6699444430263545,0.7321940661044362,1.0665082474832044,0.6981635069612654,0.148016065022009,0.7204628689480607,1.0126885066669387,1.6456073601344317,1.8503171476705957,-1.101883419073796,0.3353707520316667,-2.2728387981542895,-0.5390966655817507,-0.6203323985826019,2.312744753554811,-0.1055775127651294,0.34984199721167963,-1.1208344997059583,0.28837099918108067,0.8144998294344934,0.634150772042457,-0.8510739595345111,-0.28004825936150424,2.084256601234733,0.5845049464714022,-0.23227236700292797,0.8177227008610193
-0.1364575160951396,0.014151290985825855,0.6305717429811516,-0.34052408121231376,0.35527543635025643,0.15188918837676657,-0.1930856668179556,-0.0634400284433974,-0.16939845329973738,-0.48328853972610325,0.012269455335524723,-0.1429646652868516,0.4774540155303247,-0.4654050080625413,0.19988154152753657,0.5527289803310493,-0.15907782534302298,0.3576365950461273,0.4358719370101081,0.27187387102519706,0.2628071767383135,-0.18054306388835076,0.05421667042549489,0.6488374907019634,0.5333365619759228,-0.5137219417645525,-0.1196090621561244,-0.815161725689285,0.13537991411232167,0.02498633338490161,1.0373858170593317,0.3315344263507168,-0.22612454101566543,-0.13321058298580418,0.523276658373764,0.6619441383767717,0.4494779291647896,0.1711924669428555,-0.09429130075560825,0.5845049464714022,0.2719591362440119,0.1602102130913609,-0.09389808555331615
0.4071263840733889,-0.3282040372862302,0.2063125579173017,-0.2287726320683997,0.3887633792082898,0.3498453289909593,1.2125597169953526,-0.4795439528467507,-0.672394310930934,-0.5554004835412655,0.17307101767193284,-0.37491128309317995,-0.2680910306282098,-0.5594853103762589,0.27203795343523707,0.22170327173717166,-0.3953807386250577,-0.05770524658947012,0.2690905778333522,-0.3926192999711732,0.39828380843959615,-0.5372753536641525,-1.0513050774014325,0.21350283121086283,-0.2816357011565327,-0.6808111829580024,-0.5239504887255254,0.3058628884666656,0.20111235921592416,-0.44376348197336635,0.4223138399763735,1.5163744646739779,-1.0614633437986165,0.4685693220028086,0.49631678639422094,0.5407638092631377,0.7408583533153259,0.30511485962066814,0.04835554537970352,-0.23227236700292797,0.1602102130913609,0.8215629706226878,-1.5764864034751025
-1.0074284886242026,0.5473279932803866,0.312119682055807,0.496026317230845,-0.8500599147522795,-0.2724273885721857,-2.7951877253063775,0.9821245228745431,1.175935081189708,0.4337804536859859,-0.3798052620500339,0.5689655556230709,1.2858752373058067,1.370386352215197,-0.593409606417076,-0.03177066476921974,0.9715034647485822,0.5634259279450605,-0.2464700106633354,1.2258006877485605,-0.48739834771320995,0.5777792395966412,2.2285460986943346,0.06988364336515296,0.9456649012099881,1.1182891210098027,0.8727271936275112,-1.4144820776087046,0.0687684128268317,1.4727336837582239,0.07029622669659043,-2.993432846401426,1.9696239004543752,-0.8966202255093746,-0.22816634976072322,-0.2980917337120877,-1.1740215846823137,0.045665672015600504,-0.18730811442264145,0.8177227008610193,-0.09389808555331615,-1.5764864034751025,3.3084617499947924
