V1,V2,V3,V4,V5,V6,V7,V8,V9,V10,V11,V12,V13,V14,V15,V16,V17,V18,V19,V20,V21,V22,V23,V24,V25,V26,V27,V28,V29,V30,V31,V32,V33,V34,V35,V36,V37,V38,V39,V40,V41,V42,V43
0.10970850326486299,-0.4207173382970276,0.2849905472512885,-0.21202503643959011,0.09877058575841884,-0.3412563012478537,0.1274258839640523,-0.11201087584318836,-0.26020953913393624,-0.3006580788253805,0.07591935748152828,0.15941005674472783,0.20049313423547155,0.0565119479607185,-0.08585211113140226,-0.48050900722875,0.17907938917529284,-0.09075107528984615,-0.29596259379589757,-0.383111420494632,-0.041857120224898,-0.02264205566952348,0.28361808147182055,-0.041486026472950306,0.24134090856084317,-0.1999354459567231,0.17821647652953307,0.4289265260944483,-0.18924353699214455,-0.1655602914311748,-0.23476899843726243,-0.031717443029273665,0.12696844904959204,0.2708496017752584,0.019409987929703193,0.36682398236452596,-0.26688396723528135,0.1912629651959147,-0.2743991571034094,0.0011251298677026377,0.13684027332113943,-0.3537066866892336,0.15392519142918576
-0.4207173382970276,4.086835699912114,-1.632492388739519,2.79012900508915,-0.16249899867700407,2.8544525106888763,-1.5666464118401169,0.22138434144490224,-0.015926407793124358,3.1637451034657076,-0.7453826360643865,-1.1312531604758544,-2.2382406659914555,0.31967024811763134,0.19847387648285844,3.2463471294458066,-1.0924968519908975,0.8787435647066859,1.5615473120165928,2.8035401844352665,1.5467028670170444,0.49182493020406065,-1.7462429739105993,1.066335594190494,-1.9696784635464843,0.7356617072131411,-0.35576615224702735,-2.1077170752698478,1.533483747955184,2.073690132861311,2.200177346153925,0.10931922652250185,-3.824283274677724,-3.1362587578032852,0.20696170513687231,-2.450840832845902,1.8843171371008787,-2.0494620089227897,1.4444724012544532,0.5545224870480809,-2.483690566940573,2.4802154733869832,-1.234880706941257
0.2849905472512885,-1.632492388739519,1.0482128600985614,-0.8643009715535372,0.14905112464111658,-1.322750938504273,0.6778825084002493,-0.33422008629398636,-0.8892139841700403,-1.3387476671905183,0.21911536892194253,0.570974960280899,0.8997195705165318,-0.052218454682824954,-0.1697210724659901,-1.5360399345235942,0.47996598137162033,-0.4478251234530116,-1.1129867726027587,-1.6301981445862075,-0.37495729526803084,-0.2039361744232786,1.1045686806456876,-0.1618863734579313,0.9251169576944939,-0.7954405754148455,0.4978688058497065,1.5414430565656332,-0.8729501558483154,-0.5407911784728466,-0.9986737568253446,-0.21637138615014498,0.7645029081487145,1.2660644228106375,0.20110801543642193,1.2601695810597382,-0.9017542549909513,1.000241783516571,-1.0284897624615186,-0.18822983544125085,0.7571923906094895,-1.1435518322583025,0.5657610633217275
-0.21202503643959011,2.79012900508915,-0.8643009715535372,2.4143640333214735,-0.038745767860681436,1.5071318105365183,-0.7476894285583988,-0.04343341227770301,-1.720180481582548,2.136700220610244,-0.7161820513393601,-0.4426524142783364,-1.5786685035230397,-0.1414104759639025,0.2578375358647162,2.5209709701515224,-0.6947894105007565,-0.0070873267098381125,-6.101912490858557e-6,0.6098734602337406,1.3652650907520907,-0.11051628107317404,0.12170979171854843,1.08928304951195,-0.6107568720498888,0.10296628720041832,-0.11341590043983728,-0.1443616833841949,-0.40325355134273305,1.4421933177795105,0.7461342298315542,-0.0872813528027528,-3.6075698765265782,-1.3600665487063248,0.7105524244740518,-1.5445361727518576,1.3705210889672992,-0.01346287103913212,-0.2668849343410473,-0.07147267697101833,-2.058192772343825,1.5638094228455186,-0.3766624283048659
0.09877058575841884,-0.16249899867700407,0.14905112464111658,-0.038745767860681436,0.1330225758564352,-0.15032051108273192,-0.0031271246535286884,-0.08946538515226217,-0.2516440835711749,-0.040783552082576814,0.046256560550342184,0.10024947557878407,0.028104385833795768,0.11131670833820516,-0.11093070151206762,-0.2952735530025482,0.1521643678976647,-0.04263812992449374,-0.17653824315062008,-0.14252061192870843,0.08559106086853102,0.015224127181711983,0.17030493275075936,0.018893303608570156,0.12607941501611492,-0.09746617309826011,0.17044531986169204,0.3055780292351444,-0.08604445781310481,-0.09562183005816677,-0.0919321083577774,0.021433284648310316,-0.12741731197594386,0.04482902663587038,-0.013106879880915395,0.2169170394632819,-0.1701749782733113,0.0173009983379783,-0.19395457839875513,0.05205560699429661,-0.06112384014669143,-0.2251667403437167,0.09583220509475553
-0.3412563012478537,2.8544525106888763,-1.322750938504273,1.5071318105365183,-0.15032051108273192,2.4088338691995554,-1.411934004512108,0.2936424499277792,1.4717045394891501,2.2466274620817455,-0.33271141709604996,-1.081993915673277,-1.5117686410641196,0.608325112378143,-0.042532283137479324,1.9178025656281883,-0.794282659588733,1.1848015581424773,2.0509361947827807,3.1892042230842637,0.840680379991935,0.8027879414766358,-2.4508889608733138,0.47320977220903804,-2.0805516410175207,0.8279690140141401,-0.2814593415327585,-2.5710701119774555,2.4874166313893786,1.4782170497332159,2.2909954808823714,0.20993787378775933,-1.8916370411768442,-3.016098582405581,-0.37434155147411635,-1.7863305595724928,1.1740062289580608,-2.825548283079082,2.1279282560355104,0.856082570798642,-1.446723842813162,1.8397651274311089,-1.305658307147417
0.1274258839640523,-1.5666464118401169,0.6778825084002493,-0.7476894285583988,-0.0031271246535286884,-1.411934004512108,0.9356730780425504,-0.1157102642837082,-1.085104718167232,-1.2717340660138732,0.10934902228753218,0.6557900229797087,0.8597998954852971,-0.5699636766836464,0.12718678696788718,-0.7618256825217901,0.3607775304216381,-0.875568926547733,-1.3204356445950995,-2.0677046860864454,-0.5037753196029875,-0.6253816140557296,1.6570182197149126,-0.2001521949265524,1.3259541909410928,-0.4579608150918592,0.045732135301798746,1.6194236611329271,-1.811180430971121,-0.8458271842905721,-1.502140803722982,-0.14404142314017085,1.0094968257835983,1.9710446797844778,0.35138082883592325,0.8881652245276873,-0.5477331501404098,2.0165254904651047,-1.4518361754591866,-0.6961467761783113,0.8201706225354016,-0.9198309809092541,0.8383233238585572
-0.11201087584318836,0.22138434144490224,-0.33422008629398636,-0.04343341227770301,-0.08946538515226217,0.2936424499277792,-0.1157102642837082,0.18739307036932346,0.6495398650347771,0.20910101456333544,0.014737703832791904,-0.1570308868108972,-0.1098194194783955,-0.0253995885246941,0.05308812119020657,0.3266186105323424,-0.1130831179509573,0.11784931600261556,0.4608401812202895,0.5455545739534987,-0.10188437479428274,0.046472548761523624,-0.4305669907840737,-0.1146751616323376,-0.25634997428836565,0.3442169652092052,-0.23267665198143372,-0.6070402299094839,0.32326494646392845,-0.047353530389989754,0.22498005651995087,0.12323696374080917,0.33346183245344807,-0.2150292781999805,-0.18856380090398142,-0.31110695514444764,0.17420871931359538,-0.3165781956992609,0.43290957854785245,0.018984197900349158,0.04842131352040929,0.25684903745713233,-0.14541032773060103
-0.26020953913393624,-0.015926407793124358,-0.8892139841700403,-1.720180481582548,-0.2516440835711749,1.4717045394891501,-1.085104718167232,0.6495398650347771,5.8549866360151315,0.01534610032719348,0.6979155360077992,-1.1284913767952807,0.17552154335097653,1.1756549196950197,-0.3011025108949723,-1.012002179142174,-0.16830811997477246,2.12379139638418,3.572067114863275,4.306115604922383,-1.0761349089512318,1.4931289921227464,-4.401713033863953,-1.2966451312046248,-2.3973971139464485,1.4206445291949954,-0.5681507135593187,-4.502820492202074,4.850807922503976,-0.11980403508629464,2.5425415801901177,0.4986230895342423,3.4805770243297003,-2.5462801456124073,-1.897394598930134,-0.48384865274850597,-0.1680204771290511,-4.499213154346346,4.2714512408909044,1.5020836885774156,1.2703504632084628,0.42517443406473954,-1.5673148947224296
-0.3006580788253805,3.1637451034657076,-1.3387476671905183,2.136700220610244,-0.040783552082576814,2.2466274620817455,-1.2717340660138732,0.20910101456333544,0.01534610032719348,2.6002684041748116,-0.5381280617218476,-0.8458136566663729,-1.7882447648406636,0.32069474883843063,0.02912331167209913,2.490010812641381,-0.7664817876830943,0.624314230913399,1.2858548677378239,2.3688729139758893,1.2517089010529447,0.39822586743445587,-1.3911718488131155,0.8370877229134125,-1.5469149994119336,0.6846843924906958,-0.21026663991080166,-1.5803169872915854,1.227834661281397,1.4729869860675957,1.71799404046978,0.2104354803561529,-2.9905286697760216,-2.521241711711234,0.040116915657731185,-1.886052760699196,1.3651815723567833,-1.7631799826477759,1.0876744718505835,0.4609822050944514,-2.005396310826164,1.8832182886441555,-0.9183083239850302
0.07591935748152828,-0.7453826360643865,0.21911536892194253,-0.7161820513393601,0.046256560550342184,-0.33271141709604996,0.10934902228753218,0.014737703832791904,0.6979155360077992,-0.5381280617218476,0.23909843672705972,0.07367768118293692,0.40728083423219524,0.15906842076650504,-0.12714036105635929,-0.8049775528805609,0.2191955066461165,0.12516825964992345,0.16094740973648178,0.07290183232310775,-0.3671980940629874,0.13157764907725059,-0.24940269123988773,-0.34259304577660826,0.039787870504308716,0.020173163485051732,0.06381201804970225,-0.13487241684100013,0.38249834596101934,-0.39315596326991625,-0.052804947279319836,0.061154753370028084,1.05184459026196,0.18224844934050768,-0.3009758383778084,0.436688206339171,-0.41515432144265674,-0.2866457052822182,0.2685654143186936,0.13870608283508326,0.5593834135799539,-0.44656445100230135,0.025908205278205542
0.15941005674472783,-1.1312531604758544,0.570974960280899,-0.4426524142783364,0.10024947557878407,-1.081993915673277,0.6557900229797087,-0.1570308868108972,-1.1284913767952807,-0.8458136566663729,0.07367768118293692,0.5475872150850992,0.5724814220188156,-0.3489323486425086,0.009138603841084258,-0.6426407855773211,0.3469116442627216,-0.704785354117149,-1.1274107982775652,-1.6124815993493478,-0.224787783292109,-0.46310305323512224,1.3820910064843226,-0.056057367915986596,1.0492735625788563,-0.4146490403624525,0.1728768633339129,1.4653703961667568,-1.448196019524427,-0.6218693730241371,-1.1519568695908866,-0.08991841344032879,0.4225420697719302,1.4195210024692029,0.2926546460064937,0.7421820572009703,-0.4743002656094953,1.5059552415999018,-1.2705198520271241,-0.48614911510605074,0.43710063991517134,-0.7651648792998537,0.6828802528913128
0.20049313423547155,-2.2382406659914555,0.8997195705165318,-1.5786685035230397,0.028104385833795768,-1.5117686410641196,0.8597998954852971,-0.1098194194783955,0.17552154335097653,-1.7882447648406636,0.40728083423219524,0.5724814220188156,1.2802976883040689,-0.17123039649620542,-0.11334412421651935,-1.781351910525753,0.5378908066602768,-0.41731181611040785,-0.7498136302564228,-1.4234697711373294,-0.9144283318009754,-0.2100221798214866,0.7872192445306359,-0.5835103204650223,0.9626240714698661,-0.42277881620072144,0.1859420731230983,1.0285279733417545,-0.6438671318160573,-1.053046379883143,-1.0955333743786158,-0.09418988947949943,2.1868521780790564,1.6131246193969078,-0.13134367299882993,1.3174870569511465,-1.0445152439454406,0.9543840514050073,-0.6544732635950005,-0.25975053326940756,1.4454042530986586,-1.2894777343871282,0.5942675012468429
0.0565119479607185,0.31967024811763134,-0.052218454682824954,-0.1414104759639025,0.11131670833820516,0.608325112378143,-0.5699636766836464,-0.0253995885246941,1.1756549196950197,0.32069474883843063,0.15906842076650504,-0.3489323486425086,-0.17123039649620542,0.6847465143597434,-0.3379697413565256,-0.5058979289525332,0.010089728788476667,0.7621714548416744,0.9618761404916507,1.4552546635030308,0.09058966585326433,0.6528198303837659,-1.3813878878415549,-0.08517827833528513,-0.9226021681355907,0.11128042832123877,0.2616332119293993,-1.003369321658612,1.7533094041083834,0.3432080806040598,1.0577132392335407,0.10146444481013447,0.029622009403984167,-1.3469726012612833,-0.4917188199716675,-0.009910790381738036,-0.18632759355227593,-1.870203251230515,1.18522423033228,0.7360448333064882,-0.10509024030375773,0.10483184352332015,-0.5807021032052144
-0.08585211113140226,0.19847387648285844,-0.1697210724659901,0.2578375358647162,-0.11093070151206762,-0.042532283137479324,0.12718678696788718,0.05308812119020657,-0.3011025108949723,0.02912331167209913,-0.12714036105635929,0.009138603841084258,-0.11334412421651935,-0.3379697413565256,0.3475369579067559,0.5383939380896975,-0.12089855416513655,-0.15770368616570904,-0.266505503249671,-0.5055889544406259,0.00943145465192149,-0.2842715093825475,0.4611854403423722,-0.0207849142536047,0.3014088244875635,0.09236483752627944,-0.3388655411909281,-0.005219471491316879,-0.698962141623089,-0.015436349465191882,-0.31538504324267413,-0.08071351004632014,-0.07357833182330699,0.488560278019605,0.2526120982490223,-0.27328293585079877,0.41389670999934713,0.8832324382166529,-0.2553862688065805,-0.31962381101741777,-0.061485613056084396,0.15862078512779673,0.13650664500730747
-0.48050900722875,3.2463471294458066,-1.5360399345235942,2.5209709701515224,-0.2952735530025482,1.9178025656281883,-0.7618256825217901,0.3266186105323424,-1.012002179142174,2.490010812641381,-0.8049775528805609,-0.6426407855773211,-1.781351910525753,-0.5058979289525332,0.5383939380896975,3.529164446295708,-0.9909676055493931,-0.07671710473715843,0.5031549011140259,1.089734862000062,1.177241401315274,-0.2877920931358599,-0.16519901967025521,0.9684003516096675,-0.7818331438906194,0.7147060227647977,-0.7030009299734886,-0.9512268365262938,-0.4904192458543371,1.3321002977448173,0.8114863492730312,0.0716777252351002,-3.150187266813028,-1.3035486299872456,0.6075563700860517,-2.2521502957827653,1.8816366235429194,0.14471795981752802,0.09346905740769938,-0.34406990520714037,-1.997225559791003,2.142084796375769,-0.4638519793059917
0.17907938917529284,-1.0924968519908975,0.47996598137162033,-0.6947894105007565,0.1521643678976647,-0.794282659588733,0.3607775304216381,-0.1130831179509573,-0.16830811997477246,-0.7664817876830943,0.2191955066461165,0.3469116442627216,0.5378908066602768,0.010089728788476667,-0.12089855416513655,-0.9909676055493931,0.3906359294676455,-0.24094818321772232,-0.5024671828014461,-0.7716917821655616,-0.29785151730970344,-0.11476903540446445,0.5570293329470778,-0.25989077207224426,0.580945578439179,-0.21708800791663954,0.19471976920199266,0.7119406256440333,-0.4541749909394943,-0.6007981542078253,-0.6075539741580981,0.006930700281612582,0.834934056218664,0.8003265441751276,-0.07353706993837925,0.7393275262919629,-0.5619109738402692,0.5269236055884666,-0.4887300095063126,-0.09778939775031412,0.5363684015437791,-0.7741475951137877,0.3781548705162619
-0.09075107528984615,0.8787435647066859,-0.4478251234530116,-0.0070873267098381125,-0.04263812992449374,1.1848015581424773,-0.875568926547733,0.11784931600261556,2.12379139638418,0.624314230913399,0.12516825964992345,-0.704785354117149,-0.41731181611040785,0.7621714548416744,-0.15770368616570904,-0.07671710473715843,-0.24094818321772232,1.2382529163845082,1.655864770350923,2.2701443332719746,0.049032873244356304,0.869421929642136,-2.1968637527341515,-0.21292797326696392,-1.4562037816249491,0.45126816276833037,-0.07068525650344586,-2.1244361341766407,2.5375857133657798,0.6336242222474802,1.6663425796238815,0.09631150380128876,0.20522727640968863,-1.949350560852326,-0.6478868049622123,-0.5155941614074336,0.23346488313079078,-2.4859129420529693,2.0594431556552695,0.9375191418402125,-0.14382393963115164,0.5655054106647821,-0.9825003896097771
-0.29596259379589757,1.5615473120165928,-1.1129867726027587,-6.101912490858557e-6,-0.17653824315062008,2.0509361947827807,-1.3204356445950995,0.4608401812202895,3.572067114863275,1.2858548677378239,0.16094740973648178,-1.1274107982775652,-0.7498136302564228,0.9618761404916507,-0.266505503249671,0.5031549011140259,-0.5024671828014461,1.655864770350923,2.8710141349395393,3.917028285134448,-0.01889328870860914,1.2000456330597684,-3.5149281855137016,-0.3073682162828891,-2.3586066266132644,1.0892848770358128,-0.3172647438611502,-3.4882375988197714,3.791410963322178,0.7848330962833683,2.528225157911105,0.38078582483807694,0.5304825850214302,-2.9956754386579347,-1.1451408787871766,-1.1615805092143514,0.46633657861561645,-3.8949175319616103,3.211151039182047,1.240711831240352,-0.22862446891009408,1.2057076192362444,-1.4861811454279057
-0.383111420494632,2.8035401844352665,-1.6301981445862075,0.6098734602337406,-0.14252061192870843,3.1892042230842637,-2.0677046860864454,0.5455545739534987,4.306115604922383,2.3688729139758893,0.07290183232310775,-1.6124815993493478,-1.4234697711373294,1.4552546635030308,-0.5055889544406259,1.089734862000062,-0.7716917821655616,2.2701443332719746,3.917028285134448,5.659181402327804,0.42822794830592675,1.7282332496510946,-4.848827761931706,-0.042003089752514086,-3.464465031994802,1.4185008899788543,-0.22320140156586857,-4.5925849283885425,5.286198483173236,1.4698923239867794,3.754839617513801,0.5366838729866379,-0.4351682373379355,-4.685283181117972,-1.4536991239685484,-1.8279744045873416,0.7711820797546507,-5.68516013260321,4.262782719527587,1.8244285310823876,-0.9399786956972914,1.9490353928698199,-2.1419697189008877
-0.041857120224898,1.5467028670170444,-0.37495729526803084,1.3652650907520907,0.08559106086853102,0.840680379991935,-0.5037753196029875,-0.10188437479428274,-1.0761349089512318,1.2517089010529447,-0.3671980940629874,-0.224787783292109,-0.9144283318009754,0.09058966585326433,0.00943145465192149,1.177241401315274,-0.29785151730970344,0.049032873244356304,-0.01889328870860914,0.42822794830592675,0.8757914867379858,0.03242912905091069,0.02408441302986506,0.658834530121299,-0.3925743242168714,-0.034099698492790036,0.12325317130278778,0.052812627702091254,-0.07179141194938217,0.8375532721554787,0.5009598591947787,-0.027404854691176667,-2.227989442983171,-0.942677657029594,0.35263187602368523,-0.7243172000221212,0.627546540264486,-0.2541375533265772,-0.16323403854491397,0.0929270372956759,-1.262979747801382,0.7602809464071936,-0.22625547711850225
-0.02264205566952348,0.49182493020406065,-0.2039361744232786,-0.11051628107317404,0.015224127181711983,0.8027879414766358,-0.6253816140557296,0.046472548761523624,1.4931289921227464,0.39822586743445587,0.13157764907725059,-0.46310305323512224,-0.2100221798214866,0.6528198303837659,-0.2842715093825475,-0.2877920931358599,-0.11476903540446445,0.869421929642136,1.2000456330597684,1.7282332496510946,0.03242912905091069,0.709690440548949,-1.6593714766994423,-0.09591055940533365,-1.1126764718722415,0.22887206821861353,0.1343335921006808,-1.3509378933342686,2.003038144141128,0.45268546399591614,1.2529352732893395,0.091751266605727,0.12024651844407473,-1.5339703560375095,-0.5311898421210172,-0.21185649605916113,-0.057509348408598664,-2.0721147037058754,1.444779514015238,0.7665951977930645,-0.07079651594530235,0.3178397136050904,-0.7140456987241555
0.28361808147182055,-1.7462429739105993,1.1045686806456876,0.12170979171854843,0.17030493275075936,-2.4508889608733138,1.6570182197149126,-0.4305669907840737,-4.401713033863953,-1.3911718488131155,-0.24940269123988773,1.3820910064843226,0.7872192445306359,-1.3813878878415549,0.4611854403423722,-0.16519901967025521,0.5570293329470778,-2.1968637527341515,-3.5149281855137016,-4.848827761931706,0.02408441302986506,-1.6593714766994423,4.493021233103456,0.3505415507541169,3.015465066562314,-1.0973468935617001,0.1604644120274897,4.194783654000207,-5.038823929314646,-1.1060952409239702,-3.27650242998642,-0.3750899946018885,-0.6059198751931768,3.905472766976549,1.4303111681130714,1.1736594999946868,-0.3468794587840844,5.159259485842635,-4.046131526583988,-1.7368593268546941,0.20620509027279105,-1.32419029817065,1.920888359766969
-0.041486026472950306,1.066335594190494,-0.1618863734579313,1.08928304951195,0.018893303608570156,0.47320977220903804,-0.2001521949265524,-0.1146751616323376,-1.2966451312046248,0.8370877229134125,-0.34259304577660826,-0.056057367915986596,-0.5835103204650223,-0.08517827833528513,-0.0207849142536047,0.9684003516096675,-0.25989077207224426,-0.21292797326696392,-0.3073682162828891,-0.042003089752514086,0.658834530121299,-0.09591055940533365,0.3505415507541169,0.6568561179512183,-0.13250703578067982,-0.207585716280106,0.18136339826214132,0.510989057088214,-0.4137229519183319,0.6741168711870664,0.15970996720951786,-0.0867301819040015,-1.8871587245244748,-0.49243623083548294,0.4356360285404278,-0.47417814239037537,0.38675117221541594,0.11278635858064304,-0.5217693581938218,-0.08148072955103837,-0.9406530423469323,0.5803298300533064,-0.04741250714904548
0.24134090856084317,-1.9696784635464843,0.9251169576944939,-0.6107568720498888,0.12607941501611492,-2.0805516410175207,1.3259541909410928,-0.25634997428836565,-2.3973971139464485,-1.5469149994119336,0.039787870504308716,1.0492735625788563,0.9626240714698661,-0.9226021681355907,0.3014088244875635,-0.7818331438906194,0.580945578439179,-1.4562037816249491,-2.3586066266132644,-3.464465031994802,-0.3925743242168714,-1.1126764718722415,3.015465066562314,-0.13250703578067982,2.258737170457135,-0.6800635339960877,0.04469089140320797,2.7706329402925367,-3.3352638175294915,-1.2163885016170364,-2.4444670578005976,-0.22305083395014988,0.7176491033989406,3.0893270920365676,0.7532949765780116,1.1796617028762193,-0.5470922345139847,3.5949383474682373,-2.62403523328093,-1.178774600515417,0.7431858596119061,-1.3376891456916968,1.4194388131485145
-0.1999354459567231,0.7356617072131411,-0.7954405754148455,0.10296628720041832,-0.09746617309826011,0.8279690140141401,-0.4579608150918592,0.3442169652092052,1.4206445291949954,0.6846843924906958,0.020173163485051732,-0.4146490403624525,-0.42277881620072144,0.11128042832123877,0.09236483752627944,0.7147060227647977,-0.21708800791663954,0.45126816276833037,1.0892848770358128,1.4185008899788543,-0.034099698492790036,0.22887206821861353,-1.0973468935617001,-0.207585716280106,-0.6800635339960877,0.8086083064768513,-0.47701618603589946,-1.4877231852251602,0.9525650485595499,0.02224029675528619,0.7359943001158005,0.2647843012145001,0.3814771767877815,-0.8038927900849134,-0.4432294402340198,-0.764011687873437,0.47832930166060733,-0.9432710657467619,1.0847279035292363,0.21003316676851422,-0.13202119183652108,0.6043048951021388,-0.41447642753305336
0.17821647652953307,-0.35576615224702735,0.4978688058497065,-0.11341590043983728,0.17044531986169204,-0.2814593415327585,0.045732135301798746,-0.23267665198143372,-0.5681507135593187,-0.21026663991080166,0.06381201804970225,0.1728768633339129,0.1859420731230983,0.2616332119293993,-0.3388655411909281,-0.7030009299734886,0.19471976920199266,-0.07068525650344586,-0.3172647438611502,-0.22320140156586857,0.12325317130278778,0.1343335921006808,0.1604644120274897,0.18136339826214132,0.04469089140320797,-0.47701618603589946,0.5419281315405694,0.7395603575747381,0.11113455622929506,0.08229996711428625,-0.04242288408912269,-0.05738783123496874,-0.3839246371316529,-0.1232185090300532,0.036138773686878595,0.5397946372060254,-0.5148145621922815,-0.3092398600378347,-0.33160084717792476,0.18809487799503352,-0.042198421399996876,-0.37165467872334823,0.06781254979858545
0.4289265260944483,-2.1077170752698478,1.5414430565656332,-0.1443616833841949,0.3055780292351444,-2.5710701119774555,1.6194236611329271,-0.6070402299094839,-4.502820492202074,-1.5803169872915854,-0.13487241684100013,1.4653703961667568,1.0285279733417545,-1.003369321658612,-0.005219471491316879,-0.9512268365262938,0.7119406256440333,-2.1244361341766407,-3.4882375988197714,-4.5925849283885425,0.052812627702091254,-1.3509378933342686,4.194783654000207,0.510989057088214,2.7706329402925367,-1.4877231852251602,0.7395603575747381,4.639134406937061,-4.390519236170474,-0.976288463631588,-3.0273582136569197,-0.3854636197639933,-0.7770658283429346,3.4297705811415966,1.2874547100008862,1.6805641083454863,-0.9743209301945637,4.265130152687075,-4.039359092402406,-1.387355241127312,0.27306454536303854,-1.6034781549656616,1.8267433931807204
-0.18924353699214455,1.533483747955184,-0.8729501558483154,-0.40325355134273305,-0.08604445781310481,2.4874166313893786,-1.811180430971121,0.32326494646392845,4.850807922503976,1.227834661281397,0.38249834596101934,-1.448196019524427,-0.6438671318160573,1.7533094041083834,-0.698962141623089,-0.4904192458543371,-0.4541749909394943,2.5375857133657798,3.791410963322178,5.286198483173236,-0.07179141194938217,2.003038144141128,-5.038823929314646,-0.4137229519183319,-3.3352638175294915,0.9525650485595499,0.11113455622929506,-4.390519236170474,5.8739462537610185,1.2137700326632501,3.675371116493995,0.3510420266825416,0.7842981798723052,-4.405040224618517,-1.6462596118513864,-0.8838689911817321,0.01974222330242561,-6.014062849756499,4.474251688362663,2.124371328313776,-0.06838566653830701,1.1339872326280955,-2.1334502275472347
-0.1655602914311748,2.073690132861311,-0.5407911784728466,1.4421933177795105,-0.09562183005816677,1.4782170497332159,-0.8458271842905721,-0.047353530389989754,-0.11980403508629464,1.4729869860675957,-0.39315596326991625,-0.6218693730241371,-1.053046379883143,0.3432080806040598,-0.015436349465191882,1.3321002977448173,-0.6007981542078253,0.6336242222474802,0.7848330962833683,1.4698923239867794,0.8375532721554787,0.45268546399591614,-1.1060952409239702,0.6741168711870664,-1.2163885016170364,0.02224029675528619,0.08229996711428625,-0.976288463631588,1.2137700326632501,1.4127805591212126,1.376256209697366,-0.10879819907887427,-2.238405924103079,-1.9434852931506894,0.18238618647144308,-1.0619770010444223,0.7944730126168138,-1.4725362646143392,0.8599800754234871,0.5026791129103689,-1.2700089088949704,1.241935627709751,-0.7982210033482182
-0.23476899843726243,2.200177346153925,-0.9986737568253446,0.7461342298315542,-0.0919321083577774,2.2909954808823714,-1.502140803722982,0.22498005651995087,2.5425415801901177,1.71799404046978,-0.052804947279319836,-1.1519568695908866,-1.0955333743786158,1.0577132392335407,-0.31538504324267413,0.8114863492730312,-0.6075539741580981,1.6663425796238815,2.528225157911105,3.754839617513801,0.5009598591947787,1.2529352732893395,-3.27650242998642,0.15970996720951786,-2.4444670578005976,0.7359943001158005,-0.04242288408912269,-3.0273582136569197,3.675371116493995,1.376256209697366,2.727365782324097,0.20403878145704515,-0.9283777186415547,-3.4409650238097265,-0.794727206868203,-1.2888262054893167,0.6396862445212903,-3.9178115371467137,2.859820211489171,1.3405331600559796,-0.8898117588261997,1.4392016787998505,-1.5611358088896632
-0.031717443029273665,0.10931922652250185,-0.21637138615014498,-0.0872813528027528,0.021433284648310316,0.20993787378775933,-0.14404142314017085,0.12323696374080917,0.4986230895342423,0.2104354803561529,0.061154753370028084,-0.08991841344032879,-0.09418988947949943,0.10146444481013447,-0.08071351004632014,0.0716777252351002,0.006930700281612582,0.09631150380128876,0.38078582483807694,0.5366838729866379,-0.027404854691176667,0.091751266605727,-0.3750899946018885,-0.0867301819040015,-0.22305083395014988,0.2647843012145001,-0.05738783123496874,-0.3854636197639933,0.3510420266825416,-0.10879819907887427,0.20403878145704515,0.1632556369604912,0.21950260514491213,-0.26513566398906213,-0.2360006025266353,-0.1326913356149356,-1.230569209384311e-4,-0.44152211145642756,0.32641856589640045,0.09694911423460086,-0.010680926455368441,0.08984728470521544,-0.09777283669649724
0.12696844904959204,-3.824283274677724,0.7645029081487145,-3.6075698765265782,-0.12741731197594386,-1.8916370411768442,1.0094968257835983,0.33346183245344807,3.4805770243297003,-2.9905286697760216,1.05184459026196,0.4225420697719302,2.1868521780790564,0.029622009403984167,-0.07357833182330699,-3.150187266813028,0.834934056218664,0.20522727640968863,0.5304825850214302,-0.4351682373379355,-2.227989442983171,0.12024651844407473,-0.6059198751931768,-1.8871587245244748,0.7176491033989406,0.3814771767877815,-0.3839246371316529,-0.7770658283429346,0.7842981798723052,-2.238405924103079,-0.9283777186415547,0.21950260514491213,5.983103935328404,2.0059584633045486,-1.210406312435008,1.762966724990212,-1.5620369204726683,0.0466684269284078,0.9899820202055223,0.011405300662649689,3.195787146314456,-1.953155773552053,0.3996491554362948
0.2708496017752584,-3.1362587578032852,1.2660644228106375,-1.3600665487063248,0.04482902663587038,-3.016098582405581,1.9710446797844778,-0.2150292781999805,-2.5462801456124073,-2.521241711711234,0.18224844934050768,1.4195210024692029,1.6131246193969078,-1.3469726012612833,0.488560278019605,-1.3035486299872456,0.8003265441751276,-1.949350560852326,-2.9956754386579347,-4.685283181117972,-0.942677657029594,-1.5339703560375095,3.905472766976549,-0.49243623083548294,3.0893270920365676,-0.8038927900849134,-0.1232185090300532,3.4297705811415966,-4.405040224618517,-1.9434852931506894,-3.4409650238097265,-0.26513566398906213,2.0059584633045486,4.518906553299951,0.847646598073383,1.71563939815654,-0.8554813455430779,4.914723900575906,-3.280304420834116,-1.666023206978035,1.5455380613708964,-1.9538644113598929,1.9312288179005186
0.019409987929703193,0.20696170513687231,0.20110801543642193,0.7105524244740518,-0.013106879880915395,-0.37434155147411635,0.35138082883592325,-0.18856380090398142,-1.897394598930134,0.040116915657731185,-0.3009758383778084,0.2926546460064937,-0.13134367299882993,-0.4917188199716675,0.2526120982490223,0.6075563700860517,-0.07353706993837925,-0.6478868049622123,-1.1451408787871766,-1.4536991239685484,0.35263187602368523,-0.5311898421210172,1.4303111681130714,0.4356360285404278,0.7532949765780116,-0.4432294402340198,0.036138773686878595,1.2874547100008862,-1.6462596118513864,0.18238618647144308,-0.794727206868203,-0.2360006025266353,-1.210406312435008,0.847646598073383,0.7249666607534057,-0.028305129502661713,0.27587683764805715,1.633681735767181,-1.318395071684762,-0.5543104265986488,-0.44853208123546107,0.039022977658510434,0.45374467003120234
0.36682398236452596,-2.450840832845902,1.2601695810597382,-1.5445361727518576,0.2169170394632819,-1.7863305595724928,0.8881652245276873,-0.31110695514444764,-0.48384865274850597,-1.886052760699196,0.436688206339171,0.7421820572009703,1.3174870569511465,-0.009910790381738036,-0.27328293585079877,-2.2521502957827653,0.7393275262919629,-0.5155941614074336,-1.1615805092143514,-1.8279744045873416,-0.7243172000221212,-0.21185649605916113,1.1736594999946868,-0.47417814239037537,1.1796617028762193,-0.764011687873437,0.5397946372060254,1.6805641083454863,-0.8838689911817321,-1.0619770010444223,-1.2888262054893167,-0.1326913356149356,1.762966724990212,1.71563939815654,-0.028305129502661713,1.7153639770909523,-1.314628376952597,1.0794227732744013,-1.0607522521698871,-0.19858195677999868,1.289765818833989,-1.6427615666368993,0.7452413162666409
-0.26688396723528135,1.8843171371008787,-0.9017542549909513,1.3705210889672992,-0.1701749782733113,1.1740062289580608,-0.5477331501404098,0.17420871931359538,-0.1680204771290511,1.3651815723567833,-0.41515432144265674,-0.4743002656094953,-1.0445152439454406,-0.18632759355227593,0.41389670999934713,1.8816366235429194,-0.5619109738402692,0.23346488313079078,0.46633657861561645,0.7711820797546507,0.627546540264486,-0.057509348408598664,-0.3468794587840844,0.38675117221541594,-0.5470922345139847,0.47832930166060733,-0.5148145621922815,-0.9743209301945637,0.01974222330242561,0.7944730126168138,0.6396862445212903,-1.230569209384311e-4,-1.5620369204726683,-0.8554813455430779,0.27587683764805715,-1.314628376952597,1.1906295323690232,-0.053157489686443904,0.41696148400235233,-0.06817942476674374,-1.0692570835854562,1.1936916730885778,-0.38944687685377694
0.1912629651959147,-2.0494620089227897,1.000241783516571,-0.01346287103913212,0.0173009983379783,-2.825548283079082,2.0165254904651047,-0.3165781956992609,-4.499213154346346,-1.7631799826477759,-0.2866457052822182,1.5059552415999018,0.9543840514050073,-1.870203251230515,0.8832324382166529,0.14471795981752802,0.5269236055884666,-2.4859129420529693,-3.8949175319616103,-5.68516013260321,-0.2541375533265772,-2.0721147037058754,5.159259485842635,0.11278635858064304,3.5949383474682373,-0.9432710657467619,-0.3092398600378347,4.265130152687075,-6.014062849756499,-1.4725362646143392,-3.9178115371467137,-0.44152211145642756,0.0466684269284078,4.914723900575906,1.633681735767181,1.0794227732744013,-0.053157489686443904,6.449196502558778,-4.413122506344955,-2.2182525355353198,0.5429241959095003,-1.3992816632739187,2.2253649716313113
-0.2743991571034094,1.4444724012544532,-1.0284897624615186,-0.2668849343410473,-0.19395457839875513,2.1279282560355104,-1.4518361754591866,0.43290957854785245,4.2714512408909044,1.0876744718505835,0.2685654143186936,-1.2705198520271241,-0.6544732635950005,1.18522423033228,-0.2553862688065805,0.09346905740769938,-0.4887300095063126,2.0594431556552695,3.211151039182047,4.262782719527587,-0.16323403854491397,1.444779514015238,-4.046131526583988,-0.5217693581938218,-2.62403523328093,1.0847279035292363,-0.33160084717792476,-4.039359092402406,4.474251688362663,0.8599800754234871,2.859820211489171,0.32641856589640045,0.9899820202055223,-3.280304420834116,-1.318395071684762,-1.0607522521698871,0.41696148400235233,-4.413122506344955,3.8005529769525954,1.5098305911863976,-0.001652322312447898,1.1151196552260119,-1.715459107131584
0.0011251298677026377,0.5545224870480809,-0.18822983544125085,-0.07147267697101833,0.05205560699429661,0.856082570798642,-0.6961467761783113,0.018984197900349158,1.5020836885774156,0.4609822050944514,0.13870608283508326,-0.48614911510605074,-0.25975053326940756,0.7360448333064882,-0.31962381101741777,-0.34406990520714037,-0.09778939775031412,0.9375191418402125,1.240711831240352,1.8244285310823876,0.0929270372956759,0.7665951977930645,-1.7368593268546941,-0.08148072955103837,-1.178774600515417,0.21003316676851422,0.18809487799503352,-1.387355241127312,2.124371328313776,0.5026791129103689,1.3405331600559796,0.09694911423460086,0.011405300662649689,-1.666023206978035,-0.5543104265986488,-0.19858195677999868,-0.06817942476674374,-2.2182525355353198,1.5098305911863976,0.8423859636202071,-0.14189450175000326,0.30885527604619595,-0.7562109145938606
0.13684027332113943,-2.483690566940573,0.7571923906094895,-2.058192772343825,-0.06112384014669143,-1.446723842813162,0.8201706225354016,0.04842131352040929,1.2703504632084628,-2.005396310826164,0.5593834135799539,0.43710063991517134,1.4454042530986586,-0.10509024030375773,-0.061485613056084396,-1.997225559791003,0.5363684015437791,-0.14382393963115164,-0.22862446891009408,-0.9399786956972914,-1.262979747801382,-0.07079651594530235,0.20620509027279105,-0.9406530423469323,0.7431858596119061,-0.13202119183652108,-0.042198421399996876,0.27306454536303854,-0.06838566653830701,-1.2700089088949704,-0.8898117588261997,-0.010680926455368441,3.195787146314456,1.5455380613708964,-0.44853208123546107,1.289765818833989,-1.0692570835854562,0.5429241959095003,-0.001652322312447898,-0.14189450175000326,1.8810246827139847,-1.3208733271223814,0.43345671391145035
-0.3537066866892336,2.4802154733869832,-1.1435518322583025,1.5638094228455186,-0.2251667403437167,1.8397651274311089,-0.9198309809092541,0.25684903745713233,0.42517443406473954,1.8832182886441555,-0.44656445100230135,-0.7651648792998537,-1.2894777343871282,0.10483184352332015,0.15862078512779673,2.142084796375769,-0.7741475951137877,0.5655054106647821,1.2057076192362444,1.9490353928698199,0.7602809464071936,0.3178397136050904,-1.32419029817065,0.5803298300533064,-1.3376891456916968,0.6043048951021388,-0.37165467872334823,-1.6034781549656616,1.1339872326280955,1.241935627709751,1.4392016787998505,0.08984728470521544,-1.953155773552053,-1.9538644113598929,0.039022977658510434,-1.6427615666368993,1.1936916730885778,-1.3992816632739187,1.1151196552260119,0.30885527604619595,-1.3208733271223814,1.6750244931897327,-0.8363218509734867
0.15392519142918576,-1.234880706941257,0.5657610633217275,-0.3766624283048659,0.09583220509475553,-1.305658307147417,0.8383233238585572,-0.14541032773060103,-1.5673148947224296,-0.9183083239850302,0.025908205278205542,0.6828802528913128,0.5942675012468429,-0.5807021032052144,0.13650664500730747,-0.4638519793059917,0.3781548705162619,-0.9825003896097771,-1.4861811454279057,-2.1419697189008877,-0.22625547711850225,-0.7140456987241555,1.920888359766969,-0.04741250714904548,1.4194388131485145,-0.41447642753305336,0.06781254979858545,1.8267433931807204,-2.1334502275472347,-0.7982210033482182,-1.5611358088896632,-0.09777283669649724,0.3996491554362948,1.9312288179005186,0.45374467003120234,0.7452413162666409,-0.38944687685377694,2.2253649716313113,-1.715459107131584,-0.7562109145938606,0.43345671391145035,-0.8363218509734867,0.9189408111419922
