V1,V2,V3,V4,V5,V6,V7,V8,V9,V10,V11,V12,V13,V14,V15,V16,V17,V18,V19,V20,V21,V22,V23,V24,V25,V26,V27,V28,V29,V30,V31,V32,V33,V34,V35,V36,V37,V38,V39,V40,V41,V42,V43
22.725759312382863,13.50609332570582,-11.39579689682575,-2.344421747660145,13.746673464512583,-1.1538129541275983,4.434317031355568,-7.19056402191371,-17.770382295578116,-8.517926727251345,-8.367695175087205,3.9507763935910054,-3.808505579761204,-1.1562684901033378,-2.155094614442392,-12.969329441260058,1.6311641730693358,9.632061186932935,-2.257394157162011,-1.4525030974937838,-1.3809771066749914,-1.7494292703813645,-9.17801753763443,-1.4025467214025145,-0.5177211373548553,-0.6812891758155795,3.2744057780642906,-4.606853316592788,8.96029038562797,3.154893006115028,-15.85061276701484,-5.681608592386718,6.0826342795679,-8.103840070070788,2.2391455442312647,5.676934773211893,18.975312404684548,13.717925013063915,9.377224345643086,-5.1207978152728,-7.18115435335275,3.346802393613194,6.6521212126664375
13.50609332570582,8.377890427905571,-6.686991007132371,-1.019788250624048,8.215892116434608,-0.05798660055828575,2.8585852924057145,-3.5450630769589795,-10.155291145924638,-4.794662777681301,-4.898605788441216,2.402795559676649,-1.8883485958984836,-1.1849741904559437,-1.2511437716461078,-6.872103102588834,0.6523381361900092,5.561190082494371,-1.5556811092652032,-0.6079345266618746,-1.9658313576827318,-1.3272958992294122,-5.6015634220772395,-1.2262592021263992,0.3082186406564579,-0.6490778460831449,1.9037893542733257,-2.5619993921850095,6.126736461303537,1.7660247918708598,-9.480294237911835,-2.8503319190245957,3.3380510158595524,-5.112892723212783,1.265338393329627,3.1700731264335964,10.776314249547248,8.01941785315967,5.322259473039285,-3.412795431752331,-4.525644960074184,2.085290666918541,3.9008962064023205
-11.39579689682575,-6.686991007132371,5.79011934880253,1.2492925163534363,-6.9356730393017045,0.6742923453127734,-2.1646786589203315,3.6589454859027084,8.968885067923146,4.35393111509754,4.1506371435117755,-1.9483987381316712,1.9987715473073184,0.4053517679903098,1.044250980320801,6.552793470815699,-0.9245244282194637,-4.816408902530438,1.079895790106838,0.877547286917314,0.42174471992011225,0.6671481509886555,4.591054087192218,0.6159584937842972,0.36892589015692134,0.25650106158502706,-1.5714107734859126,2.3109049274585076,-4.395437849457746,-1.6924906513045204,7.89767827119544,2.9874537102078063,-3.119598308210052,3.995330763315985,-1.1097989323896016,-2.9243555352403425,-9.638473414038915,-7.015906542914708,-4.786380844203334,2.52283313449816,3.494196436463619,-1.505616430448048,-3.2605202688701582
-2.344421747660145,-1.019788250624048,1.2492925163534363,0.6540501365380267,-1.356517050577853,0.8268506407861046,-0.23313244686190934,1.5696793253902621,2.2915845330555302,1.1552687028519961,0.984967771888388,-0.32672258122086506,0.8021392106924035,-0.4299399579433793,0.2659023733684107,2.2488758595825193,-0.5240200178508838,-1.2019348228726197,0.0035355245414230023,0.40262213279639825,-1.1226998971188618,-0.13645402004933505,0.8282461540417804,-0.3092655828192339,0.7222469812031301,-0.19004979721404916,-0.425003256407836,0.6848970924932637,-0.04851348561684031,-0.436304442501933,1.5966845155365268,1.2047848043557163,-0.9380953835439361,0.5304564939102178,-0.29624528175200643,-0.7914304222588917,-2.492853328424325,-1.5594271171233303,-1.2611764202691642,0.08019647799249521,0.5003965351685974,-0.25615787945924223,-0.7652820635144373
13.746673464512583,8.215892116434608,-6.9356730393017045,-1.356517050577853,8.377244851062752,-0.5691244204116394,2.7132966641710308,-4.136640819505688,-10.661593309196835,-5.132621867728757,-5.001402762587889,2.362731501376694,-2.2561991283863008,-0.6949270646777445,-1.2554127049103283,-7.566288145458298,0.988749901585754,5.761219515138395,-1.3930897198141066,-0.9344806885923334,-0.9731567697759672,-0.9296856104607472,-5.619163697252774,-0.8920483858787402,-0.19123939864858472,-0.414782796144927,1.9041030880015926,-2.726062428771106,5.627786051818445,1.9882690542525465,-9.567938990507306,-3.408506963088422,3.653440583639317,-4.951658210656962,1.3094039081462026,3.4329327319777194,11.41312896581409,8.402598478997529,5.679061340492384,-3.1702206477582626,-4.345548678586491,1.871868252839573,3.92766516866134
-1.1538129541275983,-0.05798660055828575,0.6742923453127734,0.8268506407861046,-0.5691244204116394,1.292786250047606,0.14176131471988118,1.8307363268663863,1.7032348339628383,0.8866887425939716,0.6763593964115122,-0.05607282825299669,0.8891779068518316,-0.8619872212200846,0.20410448554509783,2.2532507173327097,-0.6833045186196407,-0.8784495820757635,-0.27206601441656714,0.46007193122554507,-2.090868088072892,-0.40813868825552785,0.2836632712653958,-0.718696767219726,1.1724720692072188,-0.395734056083757,-0.3653365901276861,0.6145820636754561,1.0637056871873771,-0.3170112795194213,0.7675396359705549,1.3642978188219734,-0.8407684536562221,-0.09733706952688621,-0.23023445218591704,-0.6187431752508828,-1.8657105486423573,-0.9079531557603825,-0.9811234633472274,-0.5434806697105251,-0.004435134265494997,-0.07511229712882493,-0.5128671167059645
4.434317031355568,2.8585852924057145,-2.1646786589203315,-0.23313244686190934,2.7132966641710308,0.14176131471988118,1.0226604443239211,-0.9667593605048265,-3.229784945353011,-1.486922770487278,-1.619290315820819,0.7703160395650218,-0.5167890310223263,-0.49969089819502993,-0.4026212429433456,-1.9759164629391464,0.1500382150920433,1.8025597647823806,-0.574609196475015,-0.12533426415507387,-0.9405784111809602,-0.4642420401525793,-1.940953934329862,-0.48011718983660306,0.2868692937372676,-0.27909281349319154,0.6397311424973551,-0.8020323579671482,2.2609643175980896,0.5674295075932249,-3.151909208296082,-0.8523267355863512,1.031963448080288,-1.7843840715445576,0.38015573525239366,0.9730216636144003,3.3872209285551684,2.6297185675864703,1.7124948099088455,-1.1785779106553065,-1.5942935338705388,0.6820772190434692,1.2653885833059992
-7.19056402191371,-3.5450630769589795,3.6589454859027084,1.5696793253902621,-4.136640819505688,1.8307363268663863,-0.9667593605048265,4.092009489881756,6.579182372712573,3.2077138995668224,2.9769230825743316,-1.1406376425597131,2.00361236435457,-0.6002026807842268,0.8407030616238226,6.156373980245833,-1.145200830807557,-3.5332722822889435,0.2672396377947617,0.8049967828826328,-2.0241107129685463,0.1970507958752717,2.60653228470279,-0.4395444397188059,1.5373974661028509,-0.24570507422021914,-1.331234418763375,1.9328171988693215,-0.9567565283356793,-1.0628208603375509,4.991701715830119,2.9560162011242817,-2.51825686367616,1.9537019151954866,-0.8928993766968063,-2.1535699359876213,-7.048014428975539,-4.427788920663286,-3.484623995449221,0.6920752052567926,1.8637139694220362,-1.1520709825304214,-2.407529236787656
-17.770382295578116,-10.155291145924638,8.968885067923146,2.2915845330555302,-10.661593309196835,1.7032348339628383,-3.229784945353011,6.579182372712573,14.416204757777082,6.953368573018193,6.708693954868971,-2.999286183369229,3.4278339137226386,0.31450746026350773,1.7497164287926341,11.186610787693622,-1.65963944718779,-7.786293183216244,1.5151676275712327,1.3788256498257663,-0.3158287867186814,1.0602348276631877,7.053907311107352,0.5869472133947761,1.1491093203347176,0.25677607166131766,-2.694095432235647,3.8511212953268505,-6.016325346677965,-2.560804336034262,12.372086319470872,5.134076489901251,-5.099131819376903,6.006507499741736,-1.8294223197946229,-4.651078872564534,-15.421651315171337,-10.853403455693677,-7.65544549545453,3.4836012653156883,5.378335990891361,-2.5689325371828886,-5.321529073484774
-8.517926727251345,-4.794662777681301,4.35393111509754,1.1552687028519961,-5.132621867728757,0.8866887425939716,-1.486922770487278,3.2077138995668224,6.953368573018193,3.4030825522949377,3.1661697587983424,-1.4417337090149618,1.7100257380812214,0.04782623008200461,0.8172966125980464,5.458689688969115,-0.8537603928097174,-3.712573122953182,0.6833743296821195,0.7639282119385364,-0.3399148941140073,0.4090435635463535,3.3218733443592354,0.23859514704622312,0.6508307238418869,0.06370337525825558,-1.2291136360629353,1.8449956957342704,-2.7751476989825994,-1.285345188060835,5.879668656106694,2.5156687156329953,-2.4865812573235333,2.80882204576598,-0.8842960833590997,-2.292787639256738,-7.494146459776958,-5.265162185145128,-3.702947024422888,1.6638211352709984,2.4750287123409307,-1.1446348847382937,-2.5071269824762052
-8.367695175087205,-4.898605788441216,4.1506371435117755,0.984967771888388,-5.001402762587889,0.6763593964115122,-1.619290315820819,2.9769230825743316,6.708693954868971,3.1661697587983424,3.2253129433659806,-1.395040648691141,1.5069949331169097,0.29353557011219544,0.8454887141685374,5.061810507401684,-0.7021615485787126,-3.685730264920861,0.7820825536437568,0.5094933034406235,0.14967090891835877,0.6095809807704595,3.431653247809238,0.34274935494615216,0.3689693336856263,0.20773208140279062,-1.3483955239737282,1.8038453756551946,-3.037700491354339,-1.1409069681215809,5.899461521043858,2.342242422388068,-2.336560958574555,2.944913534529235,-0.8379859191387801,-2.0954432704480648,-7.096876527585655,-5.046291280768043,-3.5626650887606135,1.6565308921103499,2.689515686566825,-1.3003019828932343,-2.550260757236571
3.9507763935910054,2.402795559676649,-1.9483987381316712,-0.32672258122086506,2.362731501376694,-0.05607282825299669,0.7703160395650218,-1.1406376425597131,-2.999286183369229,-1.4417337090149618,-1.395040648691141,0.7930806682383299,-0.5755565471410468,-0.41136265862608856,-0.3920527638245788,-2.26867982287066,0.13579915860018138,1.6129029936399535,-0.43055267677381837,-0.15442678787698522,-0.5526350988552136,-0.5735106219997513,-1.465894906654328,-0.4058602619186778,-0.007993782879575074,-0.19287200029276996,0.5397350384858828,-0.7605686233537339,1.6202320151336371,0.43294344161263526,-2.733687635395164,-0.7086165622590687,0.9613157430549671,-1.4169594517448283,0.432831902590751,0.9524597583520222,3.2131720602388287,2.2130911516635927,1.475347730730544,-1.058484302827863,-1.2411546372995501,0.7587684869358183,1.1951916547566748
-3.808505579761204,-1.8883485958984836,1.9987715473073184,0.8021392106924035,-2.2561991283863008,0.8891779068518316,-0.5167890310223263,2.00361236435457,3.4278339137226386,1.7100257380812214,1.5069949331169097,-0.5755565471410468,1.0490833883634008,-0.37335615298640545,0.3930354740819075,3.0474742207959293,-0.6384547993875286,-1.8090710694738426,0.14786254338900587,0.521383042284311,-1.0380715525403417,-0.06379258148188009,1.4257686159924434,-0.21933850711114894,0.747685168796105,-0.15456715072105495,-0.6144094525693671,0.9715942236961974,-0.647733092696042,-0.6628487113448969,2.6078020100512074,1.5771054160482894,-1.3320079002208736,1.0519282194976258,-0.43332947259563565,-1.1659658114787987,-3.7189958500788083,-2.472298243969686,-1.8734773305426589,0.41979483842383963,0.9496717093717021,-0.4306777637231444,-1.1701470190591063
-1.1562684901033378,-1.1849741904559437,0.4053517679903098,-0.4299399579433793,-0.6949270646777445,-0.8619872212200846,-0.49969089819502993,-0.6002026807842268,0.31450746026350773,0.04782623008200461,0.29353557011219544,-0.41136265862608856,-0.37335615298640545,0.9616572207819762,0.11761990425708348,-0.2678238438645135,0.5046705553348239,-0.24028556758931113,0.42462334016524117,-0.40748867855312093,1.861295099591534,0.8525218798823493,0.47103428894554744,0.7526898557081987,-0.8094755455020085,0.44052865476693787,-0.11950579350393818,-0.010708208448004084,-1.4662279823579933,0.16089467075294864,0.8712154305102252,-0.7123603102359594,0.15105504412002688,0.7842548920873449,-0.10244867900905331,0.018900129589071543,-0.2421608828202979,-0.26569245623401355,0.037393357794245484,0.90186966322007,0.6951344794110879,-0.5870881054342523,-0.3685346269211827
-2.155094614442392,-1.2511437716461078,1.044250980320801,0.2659023733684107,-1.2554127049103283,0.20410448554509783,-0.4026212429433456,0.8407030616238226,1.7497164287926341,0.8172966125980464,0.8454887141685374,-0.3920527638245788,0.3930354740819075,0.11761990425708348,0.2424722752142323,1.4313900138718156,-0.15167507771328834,-0.9661461160319333,0.19620909314398474,0.08818048773553898,0.03629997329527802,0.2657290528695668,0.8281536091641231,0.09991608988719947,0.1342764811485705,0.06630548335275721,-0.3751237495722585,0.483737366915182,-0.7010469724955831,-0.23629195346325324,1.5236630718392565,0.5621288174167864,-0.5949714926020441,0.7373263379091501,-0.24441351326463154,-0.5339959806595014,-1.8409402539254105,-1.2201544699965743,-0.8847395088433717,0.4268916793397302,0.6896676366618137,-0.43655711717362555,-0.706818966221774
-12.969329441260058,-6.872103102588834,6.552793470815699,2.2488758595825193,-7.566288145458298,2.2532507173327097,-1.9759164629391464,6.156373980245833,11.186610787693622,5.458689688969115,5.061810507401684,-2.26867982287066,3.0474742207959293,-0.2678238438645135,1.4313900138718156,9.92459893271394,-1.5152852981001064,-5.983816715508841,0.7823521868910036,1.1656679719047884,-1.8341492855524404,0.880174961513185,4.676753404256692,-0.06067526800081434,1.880019731254437,-0.0944021002468614,-2.1481350937633814,3.1422505136388272,-2.8950745609757615,-1.753825495607957,8.960986250927721,4.281474171811439,-4.074307800763832,3.8686042847737068,-1.5607693023252118,-3.6546664840950758,-12.0167262075148,-7.736492805039659,-5.7803737473520815,2.0359441757075927,3.544972865174021,-2.211750034669943,-4.186272834488211
1.6311641730693358,0.6523381361900092,-0.9245244282194637,-0.5240200178508838,0.988749901585754,-0.6833045186196407,0.1500382150920433,-1.145200830807557,-1.65963944718779,-0.8537603928097174,-0.7021615485787126,0.13579915860018138,-0.6384547993875286,0.5046705553348239,-0.15167507771328834,-1.5152852981001064,0.5042855329218913,0.8632317129658456,0.03575729424305433,-0.4076997250263074,1.0622461041448603,0.37824039423260486,-0.6784450554602279,0.3495418150283497,-0.5715592020450927,0.2115537378835997,0.27973086145779147,-0.4935449378921848,-7.439691241820561e-4,0.43645189628182146,-1.106803809696171,-1.0752648141553827,0.7381667170363447,-0.35165367885828286,0.16184658569526061,0.5992728546582996,1.8211985070776404,1.2712751433487468,1.0155982428128925,0.06416233705094924,-0.3203142151007902,-0.032239613364669455,0.4624544363562959
9.632061186932935,5.561190082494371,-4.816408902530438,-1.2019348228726197,5.761219515138395,-0.8784495820757635,1.8025597647823806,-3.5332722822889435,-7.786293183216244,-3.712573122953182,-3.685730264920861,1.6129029936399535,-1.8090710694738426,-0.24028556758931113,-0.9661461160319333,-5.983816715508841,0.8632317129658456,4.244211405020795,-0.854131935624396,-0.6666225474240401,0.040022425795895045,-0.6379443342866702,-3.885031916444296,-0.3396932790827532,-0.5467146921685738,-0.18344989581238647,1.5178353166079908,-2.0929599548663393,3.3450280422650134,1.3473773552928177,-6.751898685254401,-2.761465962198295,2.736698234031465,-3.3145900952451037,0.9819638618488453,2.4696023287247786,8.27974054451228,5.842677943604797,4.134481083055195,-1.8769259027628071,-3.0045289731860323,1.4536809089259253,2.9203384189277966
-2.257394157162011,-1.5556811092652032,1.079895790106838,0.0035355245414230023,-1.3930897198141066,-0.27206601441656714,-0.574609196475015,0.2672396377947617,1.5151676275712327,0.6833743296821195,0.7820825536437568,-0.43055267677381837,0.14786254338900587,0.42462334016524117,0.19620909314398474,0.7823521868910036,0.03575729424305433,-0.854131935624396,0.35510294722069546,-0.01273534744987662,0.8431210722373036,0.35805731736878016,0.9939050841209058,0.38455139624889123,-0.324442646316679,0.21805493344137677,-0.2965419693723567,0.3485982794433985,-1.3780610995306914,-0.2436230723154703,1.6087832419105164,0.2330370104630279,-0.4325451270594815,0.9841786710278476,-0.18454487685838203,-0.439974654182323,-1.5786162865466997,-1.2757520958132198,-0.7727971101032458,0.7409613011544275,0.8672911389274873,-0.39640624042920025,-0.6293348987621274
-1.4525030974937838,-0.6079345266618746,0.877547286917314,0.40262213279639825,-0.9344806885923334,0.46007193122554507,-0.12533426415507387,0.8049967828826328,1.3788256498257663,0.7639282119385364,0.5094933034406235,-0.15442678787698522,0.521383042284311,-0.40748867855312093,0.08818048773553898,1.1656679719047884,-0.4076997250263074,-0.6666225474240401,-0.01273534744987662,0.4248915314128576,-0.7733794370830042,-0.3724948488730593,0.5623378755984925,-0.21459330444789929,0.41660827176210197,-0.1830492857844033,-0.12758237343790407,0.36445769806598194,-0.15247485820306667,-0.4346110260944718,0.9256779106815688,0.8210952296405523,-0.6091579514224845,0.31939266204359384,-0.13196032934466498,-0.5533851710252589,-1.5818292990893423,-1.1738421900641411,-0.8512499272973875,0.09126227516523451,0.22073522945335475,0.12549938483682427,-0.3191391395478521
-1.3809771066749914,-1.9658313576827318,0.42174471992011225,-1.1226998971188618,-0.9731567697759672,-2.090868088072892,-0.9405784111809602,-2.0241107129685463,-0.3158287867186814,-0.3399148941140073,0.14967090891835877,-0.5526350988552136,-1.0380715525403417,1.861295099591534,0.03629997329527802,-1.8341492855524404,1.0622461041448603,0.040022425795895045,0.8431210722373036,-0.7733794370830042,4.0326891769352295,1.2872959466605398,0.8237516930072298,1.5279275304769784,-1.9871346925872853,0.8758009745801595,0.03057505779777126,-0.34472361344953045,-3.1376406236782755,0.2532417080438389,1.0870014978428815,-1.666017382087271,0.612731970296672,1.4072496835177726,0.018181115865880764,0.3056532494054663,0.49568084292354175,-0.24508979083908836,0.40919476812139266,1.7179672475708403,1.1762963121685721,-0.6566423001839509,-0.24209659986433532
-1.7494292703813645,-1.3272958992294122,0.6671481509886555,-0.13645402004933505,-0.9296856104607472,-0.40813868825552785,-0.4642420401525793,0.1970507958752717,1.0602348276631877,0.4090435635463535,0.6095809807704595,-0.5735106219997513,-0.06379258148188009,0.8525218798823493,0.2657290528695668,0.880174961513185,0.37824039423260486,-0.6379443342866702,0.35805731736878016,-0.3724948488730593,1.2872959466605398,1.0652340997760656,0.4868315152641413,0.6087323031259574,-0.361259463426352,0.3705631775500959,-0.32442468526037455,0.2642393781185561,-1.0434752774084546,0.19325573455620948,1.2763916315693442,-0.39291370326311403,-0.13565657444009346,0.7860859772396857,-0.2764032185505951,-0.21241558513817071,-1.0330465598226966,-0.46031503521663153,-0.24989598313393643,0.8261294299505018,0.7548863511172647,-0.9276704328702452,-0.7242280055092727
-9.17801753763443,-5.6015634220772395,4.591054087192218,0.8282461540417804,-5.619163697252774,0.2836632712653958,-1.940953934329862,2.60653228470279,7.053907311107352,3.3218733443592354,3.431653247809238,-1.465894906654328,1.4257686159924434,0.47103428894554744,0.8281536091641231,4.676753404256692,-0.6784450554602279,-3.885031916444296,0.9939050841209058,0.5623378755984925,0.8237516930072298,0.4868315152641413,4.007466743072881,0.5699872200977754,-0.06628706607856612,0.32275033181050494,-1.3502547679693246,1.8121442978352973,-4.042175996774419,-1.3751427243079994,6.48030319854736,2.385643459487806,-2.424205773042293,3.457044737881902,-0.7950189708906941,-2.2085208236640246,-7.4654535090049245,-5.711550281332532,-3.863084488803853,2.0421929393859597,3.088421751889234,-1.1523607384258336,-2.6001559980799485
-1.4025467214025145,-1.2262592021263992,0.6159584937842972,-0.3092655828192339,-0.8920483858787402,-0.718696767219726,-0.48011718983660306,-0.4395444397188059,0.5869472133947761,0.23859514704622312,0.34274935494615216,-0.4058602619186778,-0.21933850711114894,0.7526898557081987,0.09991608988719947,-0.06067526800081434,0.3495418150283497,-0.3396932790827532,0.38455139624889123,-0.21459330444789929,1.5279275304769784,0.6087323031259574,0.5699872200977754,0.6484260188815405,-0.6655849441438761,0.342942960430726,-0.08242762370822178,0.04774733575873616,-1.4363804387982606,-0.007764909143192456,0.9893331518628818,-0.4606529465858135,-0.005739064386753884,0.7918033307563985,-0.10910925388961396,-0.13419377731678947,-0.5999519142580619,-0.5844617518956595,-0.17714511307144037,0.8834982650620133,0.6532813830983972,-0.414677642960623,-0.35566571810242825
-0.5177211373548553,0.3082186406564579,0.36892589015692134,0.7222469812031301,-0.19123939864858472,1.1724720692072188,0.2868692937372676,1.5373974661028509,1.1491093203347176,0.6508307238418869,0.3689693336856263,-0.007993782879575074,0.747685168796105,-0.8094755455020085,0.1342764811485705,1.880019731254437,-0.5715592020450927,-0.5467146921685738,-0.324442646316679,0.41660827176210197,-1.9871346925872853,-0.361259463426352,-0.06628706607856612,-0.6655849441438761,1.1241766946953466,-0.394160566201388,-0.21002093817067677,0.44626277327523695,1.277572763375341,-0.20008793091977078,0.28286942248173447,1.0481987079527408,-0.6234250037253528,-0.33952931524272806,-0.1881034460373597,-0.46645571661040164,-1.3121176614678671,-0.46784464213759214,-0.6379139368439364,-0.5675221358579331,-0.2559218987989209,-0.019368692529789514,-0.309848855296223
-0.6812891758155795,-0.6490778460831449,0.25650106158502706,-0.19004979721404916,-0.414782796144927,-0.395734056083757,-0.27909281349319154,-0.24570507422021914,0.25677607166131766,0.06370337525825558,0.20773208140279062,-0.19287200029276996,-0.15456715072105495,0.44052865476693787,0.06630548335275721,-0.0944021002468614,0.2115537378835997,-0.18344989581238647,0.21805493344137677,-0.1830492857844033,0.8758009745801595,0.3705631775500959,0.32275033181050494,0.342942960430726,-0.394160566201388,0.2105875126218995,-0.0909273467247605,0.0267479862452436,-0.7728087498202886,0.04092678391720202,0.5206037428408304,-0.2590551344408805,0.026960867207120133,0.4366937404347748,-0.04790960955204644,-0.017388616232485787,-0.21708752315275284,-0.2356528426161265,-0.06330546335701802,0.42790972624474005,0.39641361100990985,-0.26957894271417476,-0.20868322355825553
3.2744057780642906,1.9037893542733257,-1.5714107734859126,-0.425003256407836,1.9041030880015926,-0.3653365901276861,0.6397311424973551,-1.331234418763375,-2.694095432235647,-1.2291136360629353,-1.3483955239737282,0.5397350384858828,-0.6144094525693671,-0.11950579350393818,-0.3751237495722585,-2.1481350937633814,0.27973086145779147,1.5178353166079908,-0.2965419693723567,-0.12758237343790407,0.03057505779777126,-0.32442468526037455,-1.3502547679693246,-0.08242762370822178,-0.21002093817067677,-0.0909273467247605,0.6258334543505324,-0.7633803453197311,1.0647790853092005,0.38268264107030625,-2.3547648006662603,-0.9781344743561197,0.9366543744305863,-1.1464351512337974,0.3489291214245659,0.7974229239428147,2.797628178108446,1.9024472810999278,1.4089778444821741,-0.5539480500858199,-1.104118266572303,0.6293941303657561,1.085905967054309
-4.606853316592788,-2.5619993921850095,2.3109049274585076,0.6848970924932637,-2.726062428771106,0.6145820636754561,-0.8020323579671482,1.9328171988693215,3.8511212953268505,1.8449956957342704,1.8038453756551946,-0.7605686233537339,0.9715942236961974,-0.010708208448004084,0.483737366915182,3.1422505136388272,-0.4935449378921848,-2.0929599548663393,0.3485982794433985,0.36445769806598194,-0.34472361344953045,0.2642393781185561,1.8121442978352973,0.04774733575873616,0.44626277327523695,0.0267479862452436,-0.7633803453197311,1.0639707449779225,-1.3457909454928458,-0.6501914691493604,3.2242017454339233,1.4687326104071663,-1.386532888924548,1.5014913219249253,-0.49657681829484335,-1.229734244196903,-4.100693192002872,-2.8013576398932902,-2.042845465999588,0.778039537187681,1.3791883561021123,-0.7123375706927716,-1.4380132927140825
8.96029038562797,6.126736461303537,-4.395437849457746,-0.04851348561684031,5.627786051818445,1.0637056871873771,2.2609643175980896,-0.9567565283356793,-6.016325346677965,-2.7751476989825994,-3.037700491354339,1.6202320151336371,-0.647733092696042,-1.4662279823579933,-0.7010469724955831,-2.8950745609757615,-7.439691241820561e-4,3.3450280422650134,-1.3780610995306914,-0.15247485820306667,-3.1376406236782755,-1.0434752774084546,-4.042175996774419,-1.4363804387982606,1.277572763375341,-0.7728087498202886,1.0647790853092005,-1.3457909454928458,5.551346847280847,1.1671900380005011,-6.33592076449,-1.1118239350167627,1.7849081446145776,-3.8927450778553685,0.6664836725955916,1.819601708913043,6.338088138110718,5.327687569901584,3.196608652284563,-2.9076529530254764,-3.361804988667613,1.2375997981242146,2.3399956317801522
3.154893006115028,1.7660247918708598,-1.6924906513045204,-0.436304442501933,1.9882690542525465,-0.3170112795194213,0.5674295075932249,-1.0628208603375509,-2.560804336034262,-1.285345188060835,-1.1409069681215809,0.43294344161263526,-0.6628487113448969,0.16089467075294864,-0.23629195346325324,-1.753825495607957,0.43645189628182146,1.3473773552928177,-0.2436230723154703,-0.4346110260944718,0.2532417080438389,0.19325573455620948,-1.3751427243079994,-0.007764909143192456,-0.20008793091977078,0.04092678391720202,0.38268264107030625,-0.6501914691493604,1.1671900380005011,0.6527051854077723,-2.160064783038386,-1.1132823291063525,0.9728040056982888,-1.067268703195575,0.25336225969437437,0.8884415172358754,2.796043463762282,2.1925870767587163,1.4959305001050829,-0.5700418695682157,-0.8975772570734226,0.12315694129562214,0.7928050538322737
-15.85061276701484,-9.480294237911835,7.89767827119544,1.5966845155365268,-9.567938990507306,0.7675396359705549,-3.151909208296082,4.991701715830119,12.372086319470872,5.879668656106694,5.899461521043858,-2.733687635395164,2.6078020100512074,0.8712154305102252,1.5236630718392565,8.960986250927721,-1.106803809696171,-6.751898685254401,1.6087832419105164,0.9256779106815688,1.0870014978428815,1.2763916315693442,6.48030319854736,0.9893331518628818,0.28286942248173447,0.5206037428408304,-2.3547648006662603,3.2242017454339233,-6.33592076449,-2.160064783038386,11.110748987853803,3.9601927857286623,-4.219124079811263,5.71813985296232,-1.5484501377547824,-3.902835350396786,-13.151859334152618,-9.531523974276187,-6.534609648006644,3.543635349888109,5.112245051363051,-2.39599818419561,-4.680844324429952
-5.681608592386718,-2.8503319190245957,2.9874537102078063,1.2047848043557163,-3.408506963088422,1.3642978188219734,-0.8523267355863512,2.9560162011242817,5.134076489901251,2.5156687156329953,2.342242422388068,-0.7086165622590687,1.5771054160482894,-0.7123603102359594,0.5621288174167864,4.281474171811439,-1.0752648141553827,-2.761465962198295,0.2330370104630279,0.8210952296405523,-1.666017382087271,-0.39291370326311403,2.385643459487806,-0.4606529465858135,1.0481987079527408,-0.2590551344408805,-0.9781344743561197,1.4687326104071663,-1.1118239350167627,-1.1132823291063525,3.9601927857286623,2.626927975272197,-2.0479762624908764,1.6589625055369814,-0.5612191182358485,-1.7153845339012626,-5.513410169597491,-3.8899820765393627,-2.9556386953080316,0.46203248292555815,1.5345815376858443,-0.4341739005065531,-1.692786193438713
6.0826342795679,3.3380510158595524,-3.119598308210052,-0.9380953835439361,3.653440583639317,-0.8407684536562221,1.031963448080288,-2.51825686367616,-5.099131819376903,-2.4865812573235333,-2.336560958574555,0.9613157430549671,-1.3320079002208736,0.15105504412002688,-0.5949714926020441,-4.074307800763832,0.7381667170363447,2.736698234031465,-0.4325451270594815,-0.6091579514224845,0.612731970296672,-0.13565657444009346,-2.424205773042293,-0.005739064386753884,-0.6234250037253528,0.026960867207120133,0.9366543744305863,-1.386532888924548,1.7849081446145776,0.9728040056982888,-4.219124079811263,-2.0479762624908764,1.8766592958335833,-1.9560292530671664,0.6250769356478377,1.6771707966139695,5.478592533226284,3.845820522269067,2.770610458373011,-1.007511186190586,-1.7532588591669083,0.7520092856180718,1.8097483043624918
-8.103840070070788,-5.112892723212783,3.995330763315985,0.5304564939102178,-4.951658210656962,-0.09733706952688621,-1.7843840715445576,1.9537019151954866,6.006507499741736,2.80882204576598,2.944913534529235,-1.4169594517448283,1.0519282194976258,0.7842548920873449,0.7373263379091501,3.8686042847737068,-0.35165367885828286,-3.3145900952451037,0.9841786710278476,0.31939266204359384,1.4072496835177726,0.7860859772396857,3.457044737881902,0.7918033307563985,-0.33952931524272806,0.4366937404347748,-1.1464351512337974,1.5014913219249253,-3.8927450778553685,-1.067268703195575,5.71813985296232,1.6589625055369814,-1.9560292530671664,3.1562362392131855,-0.7228112876696169,-1.8509128241653492,-6.344710906012891,-4.833265332778199,-3.1764003358907145,2.0914786363579863,2.8012273615062915,-1.2191907839325533,-2.314591100532044
2.2391455442312647,1.265338393329627,-1.1097989323896016,-0.29624528175200643,1.3094039081462026,-0.23023445218591704,0.38015573525239366,-0.8928993766968063,-1.8294223197946229,-0.8842960833590997,-0.8379859191387801,0.432831902590751,-0.43332947259563565,-0.10244867900905331,-0.24441351326463154,-1.5607693023252118,0.16184658569526061,0.9819638618488453,-0.18454487685838203,-0.13196032934466498,0.018181115865880764,-0.2764032185505951,-0.7950189708906941,-0.10910925388961396,-0.1881034460373597,-0.04790960955204644,0.3489291214245659,-0.49657681829484335,0.6664836725955916,0.25336225969437437,-1.5484501377547824,-0.5612191182358485,0.6250769356478377,-0.7228112876696169,0.26983607819629,0.5864142490080844,1.9604914230315986,1.266020100246147,0.9078078172445541,-0.4713713803746249,-0.6521422196716485,0.44361590210782115,0.7196445973671067
5.676934773211893,3.1700731264335964,-2.9243555352403425,-0.7914304222588917,3.4329327319777194,-0.6187431752508828,0.9730216636144003,-2.1535699359876213,-4.651078872564534,-2.292787639256738,-2.0954432704480648,0.9524597583520222,-1.1659658114787987,0.018900129589071543,-0.5339959806595014,-3.6546664840950758,0.5992728546582996,2.4696023287247786,-0.439974654182323,-0.5533851710252589,0.3056532494054663,-0.21241558513817071,-2.2085208236640246,-0.13419377731678947,-0.46645571661040164,-0.017388616232485787,0.7974229239428147,-1.229734244196903,1.819601708913043,0.8884415172358754,-3.902835350396786,-1.7153845339012626,1.6771707966139695,-1.8509128241653492,0.5864142490080844,1.5514689363533363,5.0317442818266045,3.5481064101490194,2.491698032991279,-1.0970752993560497,-1.6166248723214514,0.7131140255487739,1.6487593662944016
18.975312404684548,10.776314249547248,-9.638473414038915,-2.492853328424325,11.41312896581409,-1.8657105486423573,3.3872209285551684,-7.048014428975539,-15.421651315171337,-7.494146459776958,-7.096876527585655,3.2131720602388287,-3.7189958500788083,-0.2421608828202979,-1.8409402539254105,-12.0167262075148,1.8211985070776404,8.27974054451228,-1.5786162865466997,-1.5818292990893423,0.49568084292354175,-1.0330465598226966,-7.4654535090049245,-0.5999519142580619,-1.3121176614678671,-0.21708752315275284,2.797628178108446,-4.100693192002872,6.338088138110718,2.796043463762282,-13.151859334152618,-5.513410169597491,5.478592533226284,-6.344710906012891,1.9604914230315986,5.0317442818266045,16.562534404445245,11.65424602148637,8.198271482520502,-3.7369016098848036,-5.631404629075562,2.646741443566083,5.6267719970729555
13.717925013063915,8.01941785315967,-7.015906542914708,-1.5594271171233303,8.402598478997529,-0.9079531557603825,2.6297185675864703,-4.427788920663286,-10.853403455693677,-5.265162185145128,-5.046291280768043,2.2130911516635927,-2.472298243969686,-0.26569245623401355,-1.2201544699965743,-7.736492805039659,1.2712751433487468,5.842677943604797,-1.2757520958132198,-1.1738421900641411,-0.24508979083908836,-0.46031503521663153,-5.711550281332532,-0.5844617518956595,-0.46784464213759214,-0.2356528426161265,1.9024472810999278,-2.8013576398932902,5.327687569901584,2.1925870767587163,-9.531523974276187,-3.8899820765393627,3.845820522269067,-4.833265332778199,1.266020100246147,3.5481064101490194,11.65424602148637,8.674143403959038,5.933781932632364,-2.8791459359349387,-4.232228484579124,1.5613957958332716,3.847171952288406
9.377224345643086,5.322259473039285,-4.786380844203334,-1.2611764202691642,5.679061340492384,-0.9811234633472274,1.7124948099088455,-3.484623995449221,-7.65544549545453,-3.702947024422888,-3.5626650887606135,1.475347730730544,-1.8734773305426589,0.037393357794245484,-0.8847395088433717,-5.7803737473520815,1.0155982428128925,4.134481083055195,-0.7727971101032458,-0.8512499272973875,0.40919476812139266,-0.24989598313393643,-3.863084488803853,-0.17714511307144037,-0.6379139368439364,-0.06330546335701802,1.4089778444821741,-2.042845465999588,3.196608652284563,1.4959305001050829,-6.534609648006644,-2.9556386953080316,2.770610458373011,-3.1764003358907145,0.9078078172445541,2.491698032991279,8.198271482520502,5.933781932632364,4.1866683067225,-1.7164598905111188,-2.834838860768862,1.1210753019219208,2.7270340631160654
-5.1207978152728,-3.412795431752331,2.52283313449816,0.08019647799249521,-3.1702206477582626,-0.5434806697105251,-1.1785779106553065,0.6920752052567926,3.4836012653156883,1.6638211352709984,1.6565308921103499,-1.058484302827863,0.41979483842383963,0.90186966322007,0.4268916793397302,2.0359441757075927,0.06416233705094924,-1.8769259027628071,0.7409613011544275,0.09126227516523451,1.7179672475708403,0.8261294299505018,2.0421929393859597,0.8834982650620133,-0.5675221358579331,0.42790972624474005,-0.5539480500858199,0.778039537187681,-2.9076529530254764,-0.5700418695682157,3.543635349888109,0.46203248292555815,-1.007511186190586,2.0914786363579863,-0.4713713803746249,-1.0970752993560497,-3.7369016098848036,-2.8791459359349387,-1.7164598905111188,1.7587661770013991,1.7658798100984054,-0.8834280408048907,-1.3925967278277798
-7.18115435335275,-4.525644960074184,3.494196436463619,0.5003965351685974,-4.345548678586491,-0.004435134265494997,-1.5942935338705388,1.8637139694220362,5.378335990891361,2.4750287123409307,2.689515686566825,-1.2411546372995501,0.9496717093717021,0.6951344794110879,0.6896676366618137,3.544972865174021,-0.3203142151007902,-3.0045289731860323,0.8672911389274873,0.22073522945335475,1.1762963121685721,0.7548863511172647,3.088421751889234,0.6532813830983972,-0.2559218987989209,0.39641361100990985,-1.104118266572303,1.3791883561021123,-3.361804988667613,-0.8975772570734226,5.112245051363051,1.5345815376858443,-1.7532588591669083,2.8012273615062915,-0.6521422196716485,-1.6166248723214514,-5.631404629075562,-4.232228484579124,-2.834838860768862,1.7658798100984054,2.5377560886827926,-1.1719886624635711,-2.122954667893798
3.346802393613194,2.085290666918541,-1.505616430448048,-0.25615787945924223,1.871868252839573,-0.07511229712882493,0.6820772190434692,-1.1520709825304214,-2.5689325371828886,-1.1446348847382937,-1.3003019828932343,0.7587684869358183,-0.4306777637231444,-0.5870881054342523,-0.43655711717362555,-2.211750034669943,-0.032239613364669455,1.4536809089259253,-0.39640624042920025,0.12549938483682427,-0.6566423001839509,-0.9276704328702452,-1.1523607384258336,-0.414677642960623,-0.019368692529789514,-0.26957894271417476,0.6293941303657561,-0.7123375706927716,1.2375997981242146,0.12315694129562214,-2.39599818419561,-0.4341739005065531,0.7520092856180718,-1.2191907839325533,0.44361590210782115,0.7131140255487739,2.646741443566083,1.5613957958332716,1.1210753019219208,-0.8834280408048907,-1.1719886624635711,1.0574474170831458,1.2243124541446546
6.6521212126664375,3.9008962064023205,-3.2605202688701582,-0.7652820635144373,3.92766516866134,-0.5128671167059645,1.2653885833059992,-2.407529236787656,-5.321529073484774,-2.5071269824762052,-2.550260757236571,1.1951916547566748,-1.1701470190591063,-0.3685346269211827,-0.706818966221774,-4.186272834488211,0.4624544363562959,2.9203384189277966,-0.6293348987621274,-0.3191391395478521,-0.24209659986433532,-0.7242280055092727,-2.6001559980799485,-0.35566571810242825,-0.309848855296223,-0.20868322355825553,1.085905967054309,-1.4380132927140825,2.3399956317801522,0.7928050538322737,-4.680844324429952,-1.692786193438713,1.8097483043624918,-2.314591100532044,0.7196445973671067,1.6487593662944016,5.6267719970729555,3.847171952288406,2.7270340631160654,-1.3925967278277798,-2.122954667893798,1.2243124541446546,2.099331010672302
