V1,V2,V3,V4,V5,V6,V7,V8,V9,V10,V11,V12,V13,V14,V15,V16,V17,V18,V19,V20,V21,V22,V23,V24,V25,V26,V27,V28,V29,V30,V31,V32,V33,V34,V35,V36,V37,V38,V39,V40,V41,V42,V43
5846.268676649511,-762.8316694686736,-6115.0219872738535,106.7530940283482,3147.8452370760215,51.29312534592677,-7823.604382231999,5738.180653969746,2893.619272637234,2709.3456908992944,1706.946925206349,-5760.16379747738,-4192.76408576622,-1558.201878544469,-838.0642877653208,165.81674687250919,1686.5744640778366,-2827.5504400486516,-3263.476650776492,161.79323842332295,622.5402940089408,3140.4549152454247,-1116.0943091843333,-438.39159648800484,-7447.890441838466,-6034.673375352104,-1220.8303252594446,-1842.55781918017,1372.6891390631267,-3149.678571196908,-1316.5788064261963,-47.14333080769245,2168.7480416475805,-1685.2475717352017,1356.9078196447829,-2157.304432505141,1908.64215306661,-3447.2942018260014,3236.3227123880433,2165.751067693131,868.5036956553985,-4008.264210474243,-2109.6005454974816
-762.8316694686736,99.9339934871515,798.0199975126357,-14.179065883086354,-410.62634166248955,-6.518357248954715,1020.1983014312555,-747.9754661477385,-377.4461234740376,-353.27869711282347,-222.7858102613547,750.6203556059032,546.6010688366014,203.41204543830077,109.34023727875244,-21.58070560581981,-219.898491329532,368.86157510248813,425.5793807685724,-21.33111239974215,-81.2269144750208,-409.6742427582175,145.76017718075792,56.662635016263565,971.6273564072249,786.944033623116,159.3642820321256,240.40516617872584,-179.01608721438984,410.5457446746474,171.66958693664304,6.216738589506479,-282.8514013685941,219.8958453704239,-176.37091101077925,281.25815407943224,-248.92034329699172,450.0519724943619,-421.7817933358725,-282.21311727119763,-112.93595453454463,523.0556937287998,275.157378401526
-6115.0219872738535,798.0199975126357,6396.732200123323,-111.84725136829076,-3293.81319231848,-53.59112775749908,8184.349719456745,-6002.14961351991,-3027.253820571594,-2834.2765585164393,-1785.4062879396195,6025.522751849912,4385.895279649103,1629.436176477652,875.9930729036504,-173.14201459371097,-1764.4206068637275,2957.6724386547207,3414.8265869576603,-169.35623059852412,-651.4853711017273,-3285.617945369172,1167.0785196826453,459.2750287675701,7791.6283458307535,6313.003627096603,1276.9206681830196,1926.524560793937,-1436.1813320096237,3294.7371663699787,1377.5788421208458,49.02173806765546,-2267.9459141988477,1763.1686762641918,-1419.23776353595,2256.0855471189047,-1995.9653177153155,3605.872096103916,-3385.475771836224,-2264.9283684753495,-908.9061479506438,4192.857139720501,2207.034013960929
106.7530940283482,-14.179065883086354,-111.84725136829076,2.129658238089103,57.662119420954156,0.8253443303427832,-142.7057652889166,104.38391802075434,52.88949742025823,49.4088558458431,31.200774157929796,-104.73092315440981,-76.36215497242513,-28.429124343873696,-15.178742374058043,2.9386190023960714,30.761382036836768,-51.60945015284415,-59.70929916499978,3.1041340733061453,11.429583633375932,57.44439771972492,-20.391477719445586,-7.840612634699612,-136.15562119124053,-110.1015862842506,-22.324909583624414,-33.49114621067131,25.086754093050065,-57.31922757531147,-24.06363549977185,-0.8412287379185756,39.42825822617084,-30.860890965729457,24.379444055871275,-39.181878013734654,34.69951422592051,-63.10653586946464,58.88247976808924,39.25576209396549,15.730393703636974,-73.28565838301711,-38.54944891491634
3147.8452370760215,-410.62634166248955,-3293.81319231848,57.662119420954156,1697.9308551933123,27.651181443033416,-4215.664413884404,3090.8173604488848,1559.5606886427122,1459.9255679179796,919.0024290223685,-3103.7437163774675,-2258.913592089949,-837.9891283425253,-449.8839193638158,88.65014173983207,909.0057025535663,-1522.8614186036234,-1760.4778584258943,87.18557759805971,335.9603503658946,1692.8691428874024,-600.0735352579926,-238.25935433999342,-4013.529282804136,-3251.862884464398,-657.2001131429217,-990.4243439591204,740.0987468608463,-1696.9386201319874,-710.1135107049206,-24.658356811201696,1166.7123777588467,-908.4330294248316,731.1682446343553,-1160.8980096673342,1026.8432120804005,-1856.1516291995424,1743.9185215361995,1165.611842069299,469.11377992132054,-2158.91215394001,-1137.0383434701255
51.29312534592677,-6.518357248954715,-53.59112775749908,0.8253443303427832,27.651181443033416,0.5277362314324996,-68.90744607661723,50.670238991440165,25.432109785147038,23.87268485583539,14.95029809002733,-50.956743367888066,-36.99111613021594,-13.634882300346018,-7.365531700130699,1.482502383899631,14.86745774318591,-24.841795297701065,-28.723695586578547,1.3217976685547237,5.4594632002836745,27.586641057146355,-9.739056994841784,-4.072936615007099,-65.41066202428406,-53.141467663434945,-10.68194155286306,-16.181824417191947,12.080870065744218,-27.819207442539064,-11.598578715119652,-0.38832596229024385,19.091041953343645,-14.779069979017265,12.202411816490185,-19.0337116346781,16.80538399725972,-30.138720664213093,28.607345478773215,19.17177407843778,7.782830199749159,-35.14017305651226,-18.550317817886974
-7823.604382231999,1020.1983014312555,8184.349719456745,-142.7057652889166,-4215.664413884404,-68.90744607661723,10473.710209825633,-7681.13244439683,-3873.986278759995,-3627.13866185049,-2284.1142500558594,7711.935177278987,5612.857169956324,2084.094336178485,1120.1793217912207,-221.34479304109348,-2258.1242606701353,3784.4057383163804,4370.870037583965,-216.29163517802556,-833.8592248658464,-4204.679067737945,1492.5391133247235,589.5865323226926,9970.477780441537,8078.925309097503,1633.511244599913,2464.1063482449167,-1838.0779951605905,4216.575776884095,1763.250573347565,62.280218943729594,-2901.4270071795436,2256.263180391696,-1817.3104344470462,2886.5944182053495,-2553.516711255663,4612.922744919857,-4332.945227623984,-2898.255872514881,-1164.241624559882,5364.590925925959,2824.402426030362
5738.180653969746,-747.9754661477385,-6002.14961351991,104.38391802075434,3090.8173604488848,50.670238991440165,-7681.13244439683,5633.83657145896,2840.8276171410694,2660.049839913723,1675.254048373021,-5656.166950956457,-4116.557735871472,-1528.9001764128507,-822.1569231284402,162.64870373439712,1655.9866390889295,-2775.558457499306,-3204.6459224989926,158.42580576204057,611.2822521157859,3083.191989041937,-1094.9428717141684,-431.9710134415305,-7311.5960340230085,-5924.7852711536225,-1198.0900534534137,-1807.9869807915243,1347.8037697768398,-3092.558145852752,-1292.8497412177312,-45.9234651928653,2128.564596185812,-1654.420556652083,1333.2331243630322,-2117.6257288061474,1873.308524606348,-3383.1208794934155,3177.8335662616755,2126.2315093172383,853.6237955027453,-3934.2962214198747,-2071.159754999102
2893.619272637234,-377.4461234740376,-3027.253820571594,52.88949742025823,1559.5606886427122,25.432109785147038,-3873.986278759995,2840.8276171410694,1432.9884922725907,1341.5932335336915,844.806251964639,-2852.29096462497,-2075.9796486672167,-770.7153121473021,-414.12064156794906,81.76385910999161,835.2466710932589,-1399.7164341675773,-1616.9570639174171,80.0805203950272,308.50873418308817,1555.3569101516305,-551.9544160848375,-218.17786753961957,-3688.035579004257,-2988.236849687752,-604.170632028002,-911.1394322271548,679.9277292087369,-1559.5274401893005,-652.273316104557,-22.958779816613248,1072.934725045195,-834.6344395784062,671.9925308618903,-1067.461423897028,944.2841574725528,-1706.2068294866356,1602.5868707016934,1071.7473502940177,430.671230338116,-1984.2477576363026,-1044.7446340555616
2709.3456908992944,-353.27869711282347,-2834.2765585164393,49.4088558458431,1459.9255679179796,23.87268485583539,-3627.13866185049,2660.049839913723,1341.5932335336915,1256.1147543279226,790.9942405828986,-2670.735962607027,-1943.7872945520294,-721.7186493777162,-387.91544972279473,76.65247137986078,782.0115684640812,-1310.5603598738041,-1513.681679904138,74.89260135141028,288.77255062113085,1456.1135508776572,-516.8603230491876,-204.21620098207396,-3452.84670801128,-2797.8043142538354,-565.6876074929843,-853.3221917058853,636.546160190743,-1460.2475634383964,-610.6348017952577,-21.558906185003355,1004.7770839259773,-781.3583572213313,629.3791799602939,-999.6486092483791,884.295550194657,-1597.463470581137,1500.5499921751004,1003.6941551174937,403.20928338224473,-1857.7811903458532,-978.1146583027498
1706.946925206349,-222.7858102613547,-1785.4062879396195,31.200774157929796,919.0024290223685,14.95029809002733,-2284.1142500558594,1675.254048373021,844.806251964639,790.9942405828986,498.39205518275725,-1681.6177666467534,-1224.0706053817967,-454.98681440736027,-244.71867195333905,48.4187771225913,492.3885675623726,-825.5456567656732,-952.7381653996442,47.2699632073596,181.74729418543893,916.8688634766021,-325.9061077426949,-127.87235158824005,-2174.4783586578715,-1761.8330837047438,-356.46129734979996,-538.0085276462846,400.7511002472512,-919.5333972249866,-384.3610551805239,-13.789629536432638,633.2165665720206,-492.02376338135707,396.0682767777909,-629.8545781838427,557.2706311839052,-1006.5487430778544,944.8146044385812,632.2948419025284,253.49123313945407,-1170.292464339954,-615.904173375729
-5760.16379747738,750.6203556059032,6025.522751849912,-104.73092315440981,-3103.7437163774675,-50.956743367888066,7711.935177278987,-5656.166950956457,-2852.29096462497,-2670.735962607027,-1681.6177666467534,5679.062476305685,4133.019891234775,1534.3693830425514,824.8454983601407,-163.08002988976264,-1662.713888989429,2786.3688415097627,3218.169285285646,-158.95639526170754,-613.88569756933,-3095.711159815452,1098.7783917832303,434.63304878635967,7340.830747174067,5948.584839875176,1202.601264675281,1814.3449350602004,-1353.3510317673006,3104.9607496844887,1298.277290922578,45.81985942101168,-2136.4290077413543,1661.1130888287387,-1338.8461770071606,2125.6164650309975,-1880.2550191013909,3395.9716654743997,-3190.70702469153,-2134.377486970725,-857.5803379384977,3949.5895293968188,2079.539361039153
-4192.76408576622,546.6010688366014,4385.895279649103,-76.36215497242513,-2258.913592089949,-36.99111613021594,5612.857169956324,-4116.557735871472,-2075.9796486672167,-1943.7872945520294,-1224.0706053817967,4133.019891234775,3008.0219070239405,1116.975039015681,600.4828770746495,-118.71626179082227,-1210.1167164863523,2028.091487234383,2342.1077253642834,-115.82038675675844,-446.78944558810605,-2253.1508642403514,799.9224199072655,315.9105755918561,5342.980175855461,4329.468832935911,875.409529912401,1320.7477828903088,-984.9694325847736,2259.753260406557,944.8504024114665,33.43830368857917,-1555.0787730995244,1209.0344532997897,-974.1082918752134,1547.1251120737566,-1368.6061585545663,2472.02898377132,-2322.1030296028935,-1553.4131379426997,-623.9014553912368,2874.8444728631025,1513.5364051842023
-1558.201878544469,203.41204543830077,1629.436176477652,-28.429124343873696,-837.9891283425253,-13.634882300346018,2084.094336178485,-1528.9001764128507,-770.7153121473021,-721.7186493777162,-454.98681440736027,1534.3693830425514,1116.975039015681,415.6504994490946,223.81285613214993,-44.393568510647874,-449.2052336422109,753.4811336676287,868.6948075942055,-43.13128936132525,-165.67547031016437,-836.3762235670896,297.7767980527842,116.03992588887445,1983.9681945304915,1607.5055244980429,325.4430481102228,491.6425134880746,-365.52287046505563,839.0784835228128,350.4902709876166,12.812882189099456,-578.3502285863929,448.82921464484116,-361.37234747538736,575.171832131794,-508.9663586544074,918.8396720444347,-862.054083463738,-577.3472867592269,-230.9395853964039,1068.0915397533795,561.8769011974982
-838.0642877653208,109.34023727875244,875.9930729036504,-15.178742374058043,-449.8839193638158,-7.365531700130699,1120.1793217912207,-822.1569231284402,-414.12064156794906,-387.91544972279473,-244.71867195333905,824.8454983601407,600.4828770746495,223.81285613214993,120.76273333891156,-24.067851561987343,-241.39077015534264,405.159988348203,466.34998103164065,-23.12600973154782,-88.8940535156776,-449.3164999640432,160.3704163543699,61.916485230764366,1066.1736250751878,863.9718593250957,175.05932286924548,264.90358524014664,-196.3379148081078,451.10330395989774,188.19534558659788,7.080117337368075,-311.3804534086337,241.10747661801074,-194.36587979754415,309.59774357233835,-274.00932326324073,494.1314915782369,-463.3856337917887,-310.75464319498786,-123.88546996633998,574.2500767044248,301.9014349283141
165.81674687250919,-21.58070560581981,-173.14201459371097,2.9386190023960714,88.65014173983207,1.482502383899631,-221.34479304109348,162.64870373439712,81.76385910999161,76.65247137986078,48.4187771225913,-163.08002988976264,-118.71626179082227,-44.393568510647874,-24.067851561987343,4.852355688061379,47.67712710341581,-80.12655495746566,-91.89329644272046,4.5295074821708194,17.491871583083544,88.67243282880037,-31.818800532987222,-12.061217605763577,-210.5622420781663,-170.6971441438886,-34.642498129632486,-52.62902631018686,38.738548398920784,-89.19639828512541,-37.10170897446969,-1.4812829510671426,61.76127173882823,-47.57358692163331,38.50097663833801,-61.38082429813812,54.341735604314536,-97.72696983723203,91.59565883762104,61.61289655294339,24.389637016548093,-113.52102457796815,-59.605398797447975
1686.5744640778366,-219.898491329532,-1764.4206068637275,30.761382036836768,909.0057025535663,14.86745774318591,-2258.1242606701353,1655.9866390889295,835.2466710932589,782.0115684640812,492.3885675623726,-1662.713888989429,-1210.1167164863523,-449.2052336422109,-241.39077015534264,47.67712710341581,486.8679423954091,-815.856421019057,-942.4914595662082,46.61797936172474,179.81189876669387,906.5634171663065,-321.68676104570716,-127.2837028970638,-2149.62407407943,-1741.8194642486917,-352.1310239260843,-531.087284233703,396.31872606198897,-909.0855841321334,-380.20374637644727,-13.37274205907228,625.4140054993965,-486.4641003120111,391.84554594514003,-622.2452576524018,550.4246332181449,-994.4174063367243,934.1972953308364,624.7797621018334,251.10510633761297,-1156.5180864276438,-608.9558220946624
-2827.5504400486516,368.86157510248813,2957.6724386547207,-51.60945015284415,-1522.8614186036234,-24.841795297701065,3784.4057383163804,-2775.558457499306,-1399.7164341675773,-1310.5603598738041,-825.5456567656732,2786.3688415097627,2028.091487234383,753.4811336676287,405.159988348203,-80.12655495746566,-815.856421019057,1367.6158364004327,1578.8462469897725,-78.22213375216162,-301.1892780859421,-1519.1455092960591,539.6656608691359,212.4028461811283,3602.631906314543,2919.0849736264972,590.4250936887261,890.9454568234697,-664.0453073890578,1523.5510645224704,636.9417719234036,22.6987196903273,-1048.811107519006,815.2036150413951,-656.4598665508278,1043.3392040898316,-923.0307556845925,1667.243375598131,-1565.5122794058398,-1047.4677958074806,-420.30908121832465,1938.6807907657833,1020.4738255310808
-3263.476650776492,425.5793807685724,3414.8265869576603,-59.70929916499978,-1760.4778584258943,-28.723695586578547,4370.870037583965,-3204.6459224989926,-1616.9570639174171,-1513.681679904138,-952.7381653996442,3218.169285285646,2342.1077253642834,868.6948075942055,466.34998103164065,-91.89329644272046,-942.4914595662082,1578.8462469897725,1825.379771138096,-90.32204791161305,-348.3389504669056,-1755.1760734289628,622.0340943470856,247.28585167272257,4161.174883032973,3371.584372131246,681.313868944212,1026.7312456693849,-767.3608947179802,1759.456670652556,736.2940409478496,25.50980747360343,-1209.5619206984925,941.8507631823089,-758.2672861100066,1203.582637516841,-1064.5621744418113,1924.2573544364714,-1808.2004515312062,-1208.5245496302089,-486.5377033967151,2238.233206864755,1178.8938135062358
161.79323842332295,-21.33111239974215,-169.35623059852412,3.1041340733061453,87.18557759805971,1.3217976685547237,-216.29163517802556,158.42580576204057,80.0805203950272,74.89260135141028,47.2699632073596,-158.95639526170754,-115.82038675675844,-43.13128936132525,-23.12600973154782,4.5295074821708194,46.61797936172474,-78.22213375216162,-90.32204791161305,4.60641411815107,17.259579476688547,86.93938113488582,-30.923221598739605,-11.924123942642948,-206.157983043268,-166.85325853601069,-33.8185695424016,-50.908748021744536,37.97748424347529,-86.96838328928754,-36.421010928762875,-1.3090433157991626,59.89963191386417,-46.68566422052724,37.19058867037801,-59.542241331920614,52.71398280697741,-95.54050912970092,89.34188128797805,59.69933585277566,23.881675138044088,-110.98797894746106,-58.372702865906895
622.5402940089408,-81.2269144750208,-651.4853711017273,11.429583633375932,335.9603503658946,5.4594632002836745,-833.8592248658464,611.2822521157859,308.50873418308817,288.77255062113085,181.74729418543893,-613.88569756933,-446.78944558810605,-165.67547031016437,-88.8940535156776,17.491871583083544,179.81189876669387,-301.1892780859421,-348.3389504669056,17.259579476688547,66.48735241133268,334.8990431938262,-118.6327087217891,-47.21364824786247,-793.921427507353,-643.2283783755752,-129.9686106908851,-195.77603187636672,146.41776003792035,-335.62948364024214,-140.49933641173308,-4.83999711506377,230.66986967714908,-179.71673288564784,144.59007876322886,-229.53218410944427,203.01979704777227,-367.0997754196334,344.93575954394913,230.46730826045172,92.83544080172835,-427.00595063081136,-224.9280501803906
3140.4549152454247,-409.6742427582175,-3285.617945369172,57.44439771972492,1692.8691428874024,27.586641057146355,-4204.679067737945,3083.191989041937,1555.3569101516305,1456.1135508776572,916.8688634766021,-3095.711159815452,-2253.1508642403514,-836.3762235670896,-449.3164999640432,88.67243282880037,906.5634171663065,-1519.1455092960591,-1755.1760734289628,86.93938113488582,334.8990431938262,1688.209162606113,-598.9686040155088,-236.94341944553653,-4002.929093320809,-3243.3357971134988,-655.702963793297,-988.7006092369033,738.0117116408106,-1692.6111288037357,-708.0162795238398,-24.856634091878703,1164.347641647329,-905.9280777152239,729.2978247436682,-1158.4279639273216,1024.741697168173,-1851.7753919519778,1739.3671457025941,1163.083317890941,467.50711109845594,-2153.5824884643607,-1133.962930853507
-1116.0943091843333,145.76017718075792,1167.0785196826453,-20.391477719445586,-600.0735352579926,-9.739056994841784,1492.5391133247235,-1094.9428717141684,-551.9544160848375,-516.8603230491876,-325.9061077426949,1098.7783917832303,799.9224199072655,297.7767980527842,160.3704163543699,-31.818800532987222,-321.68676104570716,539.6656608691359,622.0340943470856,-30.923221598739605,-118.6327087217891,-598.9686040155088,213.34791688510285,82.93681916045297,1420.880286462347,1151.2228220418115,233.12144001364487,352.22280363129767,-261.753709662651,600.8978224061988,250.97216707688972,9.219500263118821,-414.2828155561851,321.4366575870016,-258.7159821811145,411.9757637903372,-364.577661678643,658.1734307384526,-617.3296620041457,-413.50461322019885,-165.29211989840329,765.018549649174,402.3880330608155
-438.39159648800484,56.662635016263565,459.2750287675701,-7.840612634699612,-238.25935433999342,-4.072936615007099,589.5865323226926,-431.9710134415305,-218.17786753961957,-204.21620098207396,-127.87235158824005,434.63304878635967,315.9105755918561,116.03992588887445,61.916485230764366,-12.061217605763577,-127.2837028970638,212.4028461811283,247.28585167272257,-11.924123942642948,-47.21364824786247,-236.94341944553653,82.93681916045297,35.03255211635192,560.9990719813088,454.8470810081595,91.37002640621397,137.0246930965735,-103.7301302186541,237.39995091953654,99.70859300901002,2.9574975619072363,-162.0721974863657,127.08318766203375,-102.9288281599452,161.57044417280142,-142.68504565063617,258.2191289497964,-244.20388044512754,-162.4913996516482,-66.60008297533761,301.00169850238,159.1133558720199
-7447.890441838466,971.6273564072249,7791.6283458307535,-136.15562119124053,-4013.529282804136,-65.41066202428406,9970.477780441537,-7311.5960340230085,-3688.035579004257,-3452.84670801128,-2174.4783586578715,7340.830747174067,5342.980175855461,1983.9681945304915,1066.1736250751878,-210.5622420781663,-2149.62407407943,3602.631906314543,4161.174883032973,-206.157983043268,-793.921427507353,-4002.929093320809,1420.880286462347,560.9990719813088,9491.936773283178,7690.8007537976055,1555.1204076959707,2345.510161764131,-1749.8456650480966,4013.757466252459,1678.6163793387411,59.255331732697286,-2761.7970947527856,2148.0612924601282,-1729.3666176133838,2747.6161186075437,-2430.6307887427297,4391.663726730673,-4124.508601759946,-2758.5811572720772,-1108.1172325521875,5107.126263167357,2688.8152367136395
-6034.673375352104,786.944033623116,6313.003627096603,-110.1015862842506,-3251.862884464398,-53.141467663434945,8078.925309097503,-5924.7852711536225,-2988.236849687752,-2797.8043142538354,-1761.8330837047438,5948.584839875176,4329.468832935911,1607.5055244980429,863.9718593250957,-170.6971441438886,-1741.8194642486917,2919.0849736264972,3371.584372131246,-166.85325853601069,-643.2283783755752,-3243.3357971134988,1151.2228220418115,454.8470810081595,7690.8007537976055,6231.7111858012295,1259.9933548283636,1900.5829648842762,-1417.8306425141661,3252.444595377477,1360.1225314392364,48.007052119616716,-2237.931874800133,1740.4019074700439,-1401.7487314312796,2226.501922409097,-1969.5843569933625,3558.157904748134,-3342.2156092331384,-2235.4947798038484,-898.07542172921,4137.972144875836,2178.6305516290013
-1220.8303252594446,159.3642820321256,1276.9206681830196,-22.324909583624414,-657.2001131429217,-10.68194155286306,1633.511244599913,-1198.0900534534137,-604.170632028002,-565.6876074929843,-356.46129734979996,1202.601264675281,875.409529912401,325.4430481102228,175.05932286924548,-34.642498129632486,-352.1310239260843,590.4250936887261,681.313868944212,-33.8185695424016,-129.9686106908851,-655.702963793297,233.12144001364487,91.37002640621397,1555.1204076959707,1259.9933548283636,254.95372262315814,384.83135504573625,-286.5922247448694,657.6117409675393,274.86219628537776,9.884026419148231,-452.9020554425216,351.87524227997324,-283.22020847559975,450.4829021956931,-398.58080889099756,719.9102852137138,-675.6802630779468,-452.2164455660658,-181.24059775294447,836.9928641933753,440.46777235955335
-1842.55781918017,240.40516617872584,1926.524560793937,-33.49114621067131,-990.4243439591204,-16.181824417191947,2464.1063482449167,-1807.9869807915243,-911.1394322271548,-853.3221917058853,-538.0085276462846,1814.3449350602004,1320.7477828903088,491.6425134880746,264.90358524014664,-52.62902631018686,-531.087284233703,890.9454568234697,1026.7312456693849,-50.908748021744536,-195.77603187636672,-988.7006092369033,352.22280363129767,137.0246930965735,2345.510161764131,1900.5829648842762,384.83135504573625,581.6712648490053,-432.09078454235805,992.1834646534156,414.2831745889042,15.254870151754803,-684.1270286480316,530.5533003198476,-427.47516755957014,680.3448777998788,-602.0433300290513,1086.4295567480463,-1019.3203328823388,-682.939210558108,-272.9680706492605,1262.8642879826803,664.2494747292671
1372.6891390631267,-179.01608721438984,-1436.1813320096237,25.086754093050065,740.0987468608463,12.080870065744218,-1838.0779951605905,1347.8037697768398,679.9277292087369,636.546160190743,400.7511002472512,-1353.3510317673006,-984.9694325847736,-365.52287046505563,-196.3379148081078,38.738548398920784,396.31872606198897,-664.0453073890578,-767.3608947179802,37.97748424347529,146.41776003792035,738.0117116408106,-261.753709662651,-103.7301302186541,-1749.8456650480966,-1417.8306425141661,-286.5922247448694,-432.09078454235805,322.641674715655,-739.9383560219061,-309.5426822849584,-10.824686123756912,508.90781799741757,-396.02539426495406,318.8827222255188,-506.3477911228577,447.89223201011976,-809.3808002026923,760.3971940395863,508.40635233263646,204.45889530339926,-941.3542740077925,-495.7175065704407
-3149.678571196908,410.5457446746474,3294.7371663699787,-57.31922757531147,-1696.9386201319874,-27.819207442539064,4216.575776884095,-3092.558145852752,-1559.5274401893005,-1460.2475634383964,-919.5333972249866,3104.9607496844887,2259.753260406557,839.0784835228128,451.10330395989774,-89.19639828512541,-909.0855841321334,1523.5510645224704,1759.456670652556,-86.96838328928754,-335.62948364024214,-1692.6111288037357,600.8978224061988,237.39995091953654,4013.757466252459,3252.444595377477,657.6117409675393,992.1834646534156,-739.9383560219061,1697.6411732815418,709.8032785412778,25.1100709309452,-1168.2335471679703,908.2430839133402,-731.8864861172216,1162.2768216039422,-1028.1486166076475,1856.9908657041067,-1744.4893514274545,-1167.0219880412592,-468.7476940680732,2159.6221136614768,1137.007963435094
-1316.5788064261963,171.66958693664304,1377.5788421208458,-24.06363549977185,-710.1135107049206,-11.598578715119652,1763.250573347565,-1292.8497412177312,-652.273316104557,-610.6348017952577,-384.3610551805239,1298.277290922578,944.8504024114665,350.4902709876166,188.19534558659788,-37.10170897446969,-380.20374637644727,636.9417719234036,736.2940409478496,-36.421010928762875,-140.49933641173308,-708.0162795238398,250.97216707688972,99.70859300901002,1678.6163793387411,1360.1225314392364,274.86219628537776,414.2831745889042,-309.5426822849584,709.8032785412778,297.00245942985396,10.316387316058924,-488.0228151712358,379.9277334384156,-305.92983858958087,485.6043859662421,-429.517768528329,776.2842782508953,-729.4594553336755,-487.59972061202626,-196.2495899097705,902.9338705334836,475.5596825943816
-47.14333080769245,6.216738589506479,49.02173806765546,-0.8412287379185756,-24.658356811201696,-0.38832596229024385,62.280218943729594,-45.9234651928653,-22.958779816613248,-21.558906185003355,-13.789629536432638,45.81985942101168,33.43830368857917,12.812882189099456,7.080117337368075,-1.4812829510671426,-13.37274205907228,22.6987196903273,25.50980747360343,-1.3090433157991626,-4.83999711506377,-24.856634091878703,9.219500263118821,2.9574975619072363,59.255331732697286,48.007052119616716,9.884026419148231,15.254870151754803,-10.824686123756912,25.1100709309452,10.316387316058924,0.5600433693089832,-17.718682672425846,13.344818669720706,-10.743325691788083,17.53387534834586,-15.578208573107673,27.82068555715998,-25.725622481173144,-17.547847977332843,-6.615000338852235,32.156868755811395,16.72739201657761
2168.7480416475805,-282.8514013685941,-2267.9459141988477,39.42825822617084,1166.7123777588467,19.091041953343645,-2901.4270071795436,2128.564596185812,1072.934725045195,1004.7770839259773,633.2165665720206,-2136.4290077413543,-1555.0787730995244,-578.3502285863929,-311.3804534086337,61.76127173882823,625.4140054993965,-1048.811107519006,-1209.5619206984925,59.89963191386417,230.66986967714908,1164.347641647329,-414.2828155561851,-162.0721974863657,-2761.7970947527856,-2237.931874800133,-452.9020554425216,-684.1270286480316,508.90781799741757,-1168.2335471679703,-488.0228151712358,-17.718682672425846,804.9477163484673,-624.796975393859,503.45796487111795,-800.6228851719119,708.3878710575391,-1278.7138877682314,1200.289042517833,803.7570800899898,321.8248225385164,-1486.6414444305199,-782.2195430963568
-1685.2475717352017,219.8958453704239,1763.1686762641918,-30.860890965729457,-908.4330294248316,-14.779069979017265,2256.263180391696,-1654.420556652083,-834.6344395784062,-781.3583572213313,-492.02376338135707,1661.1130888287387,1209.0344532997897,448.82921464484116,241.10747661801074,-47.57358692163331,-486.4641003120111,815.2036150413951,941.8507631823089,-46.68566422052724,-179.71673288564784,-905.9280777152239,321.4366575870016,127.08318766203375,2148.0612924601282,1740.4019074700439,351.87524227997324,530.5533003198476,-396.02539426495406,908.2430839133402,379.9277334384156,13.344818669720706,-624.796975393859,486.14986117026393,-391.2683449187202,621.6091624572326,-549.8819312170946,993.7432785844657,-933.3269623162696,-624.0855259148473,-250.82970900791307,1155.677273368845,608.502660615908
1356.9078196447829,-176.37091101077925,-1419.23776353595,24.379444055871275,731.1682446343553,12.202411816490185,-1817.3104344470462,1333.2331243630322,671.9925308618903,629.3791799602939,396.0682767777909,-1338.8461770071606,-974.1082918752134,-361.37234747538736,-194.36587979754415,38.50097663833801,391.84554594514003,-656.4598665508278,-758.2672861100066,37.19058867037801,144.59007876322886,729.2978247436682,-258.7159821811145,-102.9288281599452,-1729.3666176133838,-1401.7487314312796,-283.22020847559975,-427.47516755957014,318.8827222255188,-731.8864861172216,-305.92983858958087,-10.743325691788083,503.45796487111795,-391.2683449187202,316.14957951879904,-501.01402376166516,443.095989659081,-799.703245040768,752.1538413166032,503.2395936871249,202.41259362602395,-930.3137483932603,-489.9563335369611
-2157.304432505141,281.25815407943224,2256.0855471189047,-39.181878013734654,-1160.8980096673342,-19.0337116346781,2886.5944182053495,-2117.6257288061474,-1067.461423897028,-999.6486092483791,-629.8545781838427,2125.6164650309975,1547.1251120737566,575.171832131794,309.59774357233835,-61.38082429813812,-622.2452576524018,1043.3392040898316,1203.582637516841,-59.542241331920614,-229.53218410944427,-1158.4279639273216,411.9757637903372,161.57044417280142,2747.6161186075437,2226.501922409097,450.4829021956931,680.3448777998788,-506.3477911228577,1162.2768216039422,485.6043859662421,17.53387534834586,-800.6228851719119,621.6091624572326,-501.01402376166516,796.3833767246704,-704.5909192723362,1271.9129651694855,-1194.213730689611,-799.5486477709604,-320.37004913366366,1478.8591954027602,778.2374279485728
1908.64215306661,-248.92034329699172,-1995.9653177153155,34.69951422592051,1026.8432120804005,16.80538399725972,-2553.516711255663,1873.308524606348,944.2841574725528,884.295550194657,557.2706311839052,-1880.2550191013909,-1368.6061585545663,-508.9663586544074,-274.00932326324073,54.341735604314536,550.4246332181449,-923.0307556845925,-1064.5621744418113,52.71398280697741,203.01979704777227,1024.741697168173,-364.577661678643,-142.68504565063617,-2430.6307887427297,-1969.5843569933625,-398.58080889099756,-602.0433300290513,447.89223201011976,-1028.1486166076475,-429.517768528329,-15.578208573107673,708.3878710575391,-549.8819312170946,443.095989659081,-704.5909192723362,623.4144680371047,-1125.34968257185,1056.3662704515425,707.3555887329137,283.2604740879037,-1308.3547196094967,-688.4293171517182
-3447.2942018260014,450.0519724943619,3605.872096103916,-63.10653586946464,-1856.1516291995424,-30.138720664213093,4612.922744919857,-3383.1208794934155,-1706.2068294866356,-1597.463470581137,-1006.5487430778544,3395.9716654743997,2472.02898377132,918.8396720444347,494.1314915782369,-97.72696983723203,-994.4174063367243,1667.243375598131,1924.2573544364714,-95.54050912970092,-367.0997754196334,-1851.7753919519778,658.1734307384526,258.2191289497964,4391.663726730673,3558.157904748134,719.9102852137138,1086.4295567480463,-809.3808002026923,1856.9908657041067,776.2842782508953,27.82068555715998,-1278.7138877682314,993.7432785844657,-799.703245040768,1271.9129651694855,-1125.34968257185,2032.873012115982,-1908.0446344570191,-1276.8058065960715,-511.91453657372773,2363.5497849527396,1243.9018546241598
3236.3227123880433,-421.7817933358725,-3385.475771836224,58.88247976808924,1743.9185215361995,28.607345478773215,-4332.945227623984,3177.8335662616755,1602.5868707016934,1500.5499921751004,944.8146044385812,-3190.70702469153,-2322.1030296028935,-862.054083463738,-463.3856337917887,91.59565883762104,934.1972953308364,-1565.5122794058398,-1808.2004515312062,89.34188128797805,344.93575954394913,1739.3671457025941,-617.3296620041457,-244.20388044512754,-4124.508601759946,-3342.2156092331384,-675.6802630779468,-1019.3203328823388,760.3971940395863,-1744.4893514274545,-729.4594553336755,-25.725622481173144,1200.289042517833,-933.3269623162696,752.1538413166032,-1194.213730689611,1056.3662704515425,-1908.0446344570191,1792.6688383379667,1199.1219211064351,481.82986054942654,-2219.093029958428,-1168.4073078826834
2165.751067693131,-282.21311727119763,-2264.9283684753495,39.25576209396549,1165.611842069299,19.17177407843778,-2898.255872514881,2126.2315093172383,1071.7473502940177,1003.6941551174937,632.2948419025284,-2134.377486970725,-1553.4131379426997,-577.3472867592269,-310.75464319498786,61.61289655294339,624.7797621018334,-1047.4677958074806,-1208.5245496302089,59.69933585277566,230.46730826045172,1163.083317890941,-413.50461322019885,-162.4913996516482,-2758.5811572720772,-2235.4947798038484,-452.2164455660658,-682.939210558108,508.40635233263646,-1167.0219880412592,-487.59972061202626,-17.547847977332843,803.7570800899898,-624.0855259148473,503.2395936871249,-799.5486477709604,707.3555887329137,-1276.8058065960715,1199.1219211064351,802.7909542460676,321.8245728333938,-1484.66285101138,-781.3726452422935
868.5036956553985,-112.93595453454463,-908.9061479506438,15.730393703636974,469.11377992132054,7.782830199749159,-1164.241624559882,853.6237955027453,430.671230338116,403.20928338224473,253.49123313945407,-857.5803379384977,-623.9014553912368,-230.9395853964039,-123.88546996633998,24.389637016548093,251.10510633761297,-420.30908121832465,-486.5377033967151,23.881675138044088,92.83544080172835,467.50711109845594,-165.29211989840329,-66.60008297533761,-1108.1172325521875,-898.07542172921,-181.24059775294447,-272.9680706492605,204.45889530339926,-468.7476940680732,-196.2495899097705,-6.615000338852235,321.8248225385164,-250.82970900791307,202.41259362602395,-320.37004913366366,283.2604740879037,-511.91453657372773,481.82986054942654,321.8245728333938,130.03172444281455,-595.7419166068739,-314.0158333208534
-4008.264210474243,523.0556937287998,4192.857139720501,-73.28565838301711,-2158.91215394001,-35.14017305651226,5364.590925925959,-3934.2962214198747,-1984.2477576363026,-1857.7811903458532,-1170.292464339954,3949.5895293968188,2874.8444728631025,1068.0915397533795,574.2500767044248,-113.52102457796815,-1156.5180864276438,1938.6807907657833,2238.233206864755,-110.98797894746106,-427.00595063081136,-2153.5824884643607,765.018549649174,301.00169850238,5107.126263167357,4137.972144875836,836.9928641933753,1262.8642879826803,-941.3542740077925,2159.6221136614768,902.9338705334836,32.156868755811395,-1486.6414444305199,1155.677273368845,-930.3137483932603,1478.8591954027602,-1308.3547196094967,2363.5497849527396,-2219.093029958428,-1484.66285101138,-595.7419166068739,2748.296100793593,1446.6254647670576
-2109.6005454974816,275.157378401526,2207.034013960929,-38.54944891491634,-1137.0383434701255,-18.550317817886974,2824.402426030362,-2071.159754999102,-1044.7446340555616,-978.1146583027498,-615.904173375729,2079.539361039153,1513.5364051842023,561.8769011974982,301.9014349283141,-59.605398797447975,-608.9558220946624,1020.4738255310808,1178.8938135062358,-58.372702865906895,-224.9280501803906,-1133.962930853507,402.3880330608155,159.1133558720199,2688.8152367136395,2178.6305516290013,440.46777235955335,664.2494747292671,-495.7175065704407,1137.007963435094,475.5596825943816,16.72739201657761,-782.2195430963568,608.502660615908,-489.9563335369611,778.2374279485728,-688.4293171517182,1243.9018546241598,-1168.4073078826834,-781.3726452422935,-314.0158333208534,1446.6254647670576,761.6916394417731
