V1,V2,V3,V4,V5,V6,V7,V8,V9,V10,V11,V12,V13,V14,V15,V16,V17,V18,V19,V20,V21,V22,V23,V24,V25,V26,V27,V28,V29,V30,V31,V32,V33,V34,V35,V36,V37,V38,V39,V40,V41,V42,V43
45.33002586102328,154.8213664355235,4.463079116337367,-117.0702477005485,219.16626421744905,35.983177436846695,-349.7302180158191,-580.192891844852,-854.6484578395194,682.6930462993621,-532.5432977828656,1466.5039130290406,298.7929027349654,1158.1846482003257,483.52165672075336,904.654143300872,-659.5069340836287,-614.668259486117,-680.3710961260588,-569.5055662104252,-1007.669195493152,-326.5800497573843,-331.8248065572641,-275.80112941480485,-706.9170635050755,-789.7309364158781,82.30912291619784,-1069.481273844462,850.2754622365575,330.38686318278883,-223.27135476781024,746.776275344662,-361.3494741871032,1316.9959922038695,745.4676460213813,394.24743919018505,-1127.0845908681415,955.3591552581292,-578.1188345864427,-489.7784725632255,-310.93610535166147,512.8766354020914,176.7244588918418
154.8213664355235,530.5282807482188,14.913447066747397,-400.1167875952267,749.5338018669777,123.92272677052952,-1196.7304343942378,-1984.517645386568,-2922.904245441871,2335.774503507446,-1821.7625054986581,5015.985389051172,1021.6822791638685,3961.7667785170865,1653.8662992219693,3095.1519995040358,-2256.3713982444724,-2102.1256199929157,-2326.564305742077,-1946.9088843758095,-3446.6389563670095,-1116.8083173389455,-1136.0031006662928,-943.0529703202188,-2418.871595734585,-2701.3285970812176,281.49338346626325,-3659.010095928955,2909.509805291334,1130.8705934059208,-762.8767254371944,2554.42512575684,-1236.6822104672892,4503.886190927331,2549.909413198986,1347.9674394946612,-3854.960493368873,3266.7071680124645,-1976.7365657873506,-1675.0628056631174,-1063.983515168691,1755.1062021557948,604.0022624543501
4.463079116337367,14.913447066747397,0.6274074560635307,-11.684331491742219,21.516539407851717,3.2660823295572166,-34.185134004307564,-57.14335678789312,-84.39827996320109,66.8945325364666,-52.42735097900188,144.51724485066754,29.654079181919396,113.87596134102824,47.5936125520826,88.95257049774293,-64.9300727123631,-60.73571919887886,-67.2439426504781,-56.50450521390958,-99.35963121175152,-32.27947281900704,-32.370561497078214,-27.140195954235832,-69.38479373804287,-77.92552208220329,8.154317558703786,-104.91158024531917,83.38916393575376,32.44153867573473,-22.269184611986642,73.45506542981477,-35.37928713108426,130.043090079003,73.50642970533363,39.000583356961855,-111.12473781536131,94.41043711480943,-57.22060720234074,-48.375322778667034,-30.389704670682836,50.37605219750543,17.546856084718613
-117.0702477005485,-400.1167875952267,-11.684331491742219,303.2903730322171,-566.6575794708205,-92.89104610077234,904.3992127455429,1500.5864855782322,2210.2984755383436,-1765.353186342903,1377.4213320161844,-3793.061638970731,-773.1658192691164,-2995.3696034103386,-1250.6043587752577,-2339.701588341745,1705.9318351829277,1589.8782783404617,1759.7195749944945,1472.9087248578962,2606.563063684361,844.6502223074535,858.409771683824,713.1746831905035,1828.507358970983,2042.9299121124968,-212.93359337633203,2765.9560361175318,-2199.419912915972,-854.7007862090169,577.5183213012187,-1931.4577365980135,934.2596850795694,-3406.445114490181,-1928.1390820868644,-1019.8317325455209,2915.3655857865538,-2470.710526433796,1495.2451913885766,1266.880819996689,803.8700614865894,-1326.5897143086281,-456.9942281825488
219.16626421744905,749.5338018669777,21.516539407851717,-566.6575794708205,1060.5092283926583,174.41046933631895,-1692.635881984791,-2807.7870369119405,-4135.83550529552,3303.9085700295313,-2577.32444888491,7097.0401509215435,1446.0102489566314,5604.904332918382,2339.9741838863556,4378.34675482307,-3191.986059295456,-2974.552639688855,-3292.3911778320444,-2755.6467811308853,-4876.635238710073,-1580.3783323581506,-1606.289153296688,-1334.4554715332235,-3421.44368587609,-3822.086134382044,398.3131044138468,-5175.8939027280785,4115.403234334358,1599.3371523684928,-1080.2125966380893,3613.9914685325034,-1748.919386970061,6373.277395733922,3607.7288888002727,1907.7494371844587,-5454.429270654472,4622.874905270718,-2797.504127806656,-2370.237703633215,-1504.8134856874974,2482.4305719998574,855.0364097415655
35.983177436846695,123.92272677052952,3.2660823295572166,-92.89104610077234,174.41046933631895,29.31850972511927,-278.73682329163114,-461.74055862499966,-679.7283558890659,543.8351358985615,-423.9132820479261,1167.005836989621,237.50442441664833,922.044085212334,384.7572903490376,720.4988273281871,-525.2097975578715,-488.86909027216683,-540.9153110754269,-452.4156078330666,-801.9117682971787,-259.6999534440172,-264.9021916889604,-219.4219493681291,-563.2573269385011,-628.3999886961682,65.45497678143056,-851.9998145565905,677.6368679926601,263.3864800451815,-177.03049650705415,594.422367000008,-287.95191943817343,1047.460002099516,593.2386764462467,313.3692646639318,-896.8461707707138,759.5137375494431,-459.4543416317242,-389.5518226354469,-247.7690978585261,408.71674751402446,140.31621202181753
-349.7302180158191,-1196.7304343942378,-34.185134004307564,904.3992127455429,-1692.635881984791,-278.73682329163114,2701.920284049372,4481.626344009996,6601.075975163462,-5273.854262646944,4113.897755460047,-11327.832335156727,-2307.948659532088,-8946.45161461638,-3734.974231313763,-6988.758987282001,5095.088805076831,4747.668149017083,5254.788370792687,4397.814772419266,7783.88299660764,2522.3376832389263,2564.463305624501,2129.902352930209,5461.666003402137,6100.652806482233,-635.7839926786871,8262.015146369524,-6569.46876394672,-2553.1262417568937,1723.7623441534852,-5768.551617489447,2791.7403541675785,-10172.215933363761,-5758.433804003236,-3044.8572851996264,8706.10475644732,-7378.184863670247,4464.849460787676,3783.1292062232023,2402.028545218322,-3962.686130684309,-1364.4644289114296
-580.192891844852,-1984.517645386568,-57.14335678789312,1500.5864855782322,-2807.7870369119405,-461.74055862499966,4481.626344009996,7434.649123258655,10951.300329255619,-8748.153269903274,6824.582401370499,-18792.140282343673,-3829.1964292418425,-14840.971768261132,-6195.935014774617,-11593.48218456673,8452.252221561967,7876.52322021983,8717.860587653373,7296.645758483765,12913.050092659627,4184.646073814185,4253.416203153914,3533.2654464399884,9059.867447087869,10120.796588597139,-1054.8521578953146,13704.936439652687,-10897.254501162457,-4235.1716603005625,2860.2778440648735,-9569.335019625785,4630.878229670816,-16875.65087963266,-9552.986457347837,-5051.559359422554,14442.992165995925,-12240.63387781377,7407.583803372669,6276.2467422409645,3984.2667491146344,-6573.452127082846,-2263.8961522215163
-854.6484578395194,-2922.904245441871,-84.39827996320109,2210.2984755383436,-4135.83550529552,-679.7283558890659,6601.075975163462,10951.300329255619,16132.142972452712,-12885.778808489713,10052.687692347667,-27681.062078485444,-5640.585700630469,-21860.45753772375,-9126.642673203136,-17077.256808286693,12450.135267497826,11602.591838246826,12842.031162615187,10748.822049346236,19020.93736140159,6164.285088136204,6264.493376084742,5204.352844771242,13344.709735463646,14908.19353375514,-1553.884859998953,20186.521998315817,-16050.75547216053,-6238.297243785183,4213.762000930003,-14095.535756104011,6821.47522691136,-24858.47583380273,-14071.844826253355,-7441.138233581173,21274.636620573237,-18031.31479650598,10912.149370633424,9245.246866128276,5868.7682697331975,-9682.55036539065,-3335.041889724939
682.6930462993621,2335.774503507446,66.8945325364666,-1765.353186342903,3303.9085700295313,543.8351358985615,-5273.854262646944,-8748.153269903274,-12885.778808489713,10294.461310143428,-8030.418755671897,22112.07664221329,4505.325326174983,17463.379994445128,7290.658233405844,13642.100934397056,-9945.624898967788,-9267.832312896346,-10257.647428032427,-8584.973334057788,-15194.283410048503,-4923.737738322645,-5005.50225623361,-4157.504735187326,-10661.088306675712,-11908.669288466665,1241.1992111305656,-16127.015548594405,12823.19843926237,4983.674773488244,-3365.0854516397726,11260.185782729086,-5449.5276702684805,19856.45284071127,11240.624390055349,5943.722389751218,-16994.575669342525,14402.616164430616,-8715.864545700724,-7384.876546089035,-4688.620325902108,7735.1514015549565,2663.5506861086037
-532.5432977828656,-1821.7625054986581,-52.42735097900188,1377.4213320161844,-2577.32444888491,-423.9132820479261,4113.897755460047,6824.582401370499,10052.687692347667,-8030.418755671897,6264.652419641085,-17250.11777808845,-3514.9919313211362,-13623.203227775122,-5687.536240206197,-10642.278626009489,7758.768431027851,7230.239439278923,8002.45583103241,6697.778912549238,11853.485719878203,3841.2344183977993,3904.519483027073,3243.264141450137,8316.61837233793,9290.394172949265,-968.336509913732,12580.415106292465,-10003.198543838347,-3887.7858908275193,2625.497692437111,-8784.136596704264,4251.010389452518,-15490.78029224062,-8769.132138476416,-4637.005076276862,13257.909144247556,-11236.078555247122,6799.734950837361,5761.253393099266,3657.364144974711,-6034.1915918489485,-2078.0414850157067
1466.5039130290406,5015.985389051172,144.51724485066754,-3793.061638970731,7097.0401509215435,1167.005836989621,-11327.832335156727,-18792.140282343673,-27681.062078485444,22112.07664221329,-17250.11777808845,47499.923891726285,9678.990385752395,37512.63573415847,15661.07511329269,29304.16722782576,-21364.317275100624,-19909.17895019605,-22035.720081262614,-18443.454368971827,-32639.712319469785,-10577.34467112078,-10751.056163843903,-8930.81998591718,-22900.081880186604,-25581.858782051797,2666.336844878557,-34641.0439818387,27544.30916875584,10704.975709271808,-7229.874291286913,24187.86949685182,-11705.080489277048,42655.79284045612,24146.584894684707,12768.631858701958,-36506.87695733633,30940.04199807522,-18723.85997575467,-15864.191561339656,-10070.675674876757,16615.331165528336,5722.380278842706
298.7929027349654,1021.6822791638685,29.654079181919396,-773.1658192691164,1446.0102489566314,237.50442441664833,-2307.948659532088,-3829.1964292418425,-5640.585700630469,4505.325326174983,-3514.9919313211362,9678.990385752395,1972.575600283919,7643.6543041060395,3191.1688464097774,5971.035216373534,-4353.3500574569625,-4057.0445121959756,-4490.313842122339,-3758.473967321945,-6651.109105539613,-2155.3846974442663,-2190.531855136466,-1819.7746361233126,-4666.156248810833,-5212.934351054004,543.3930989101135,-7058.324616451471,5612.417227178431,2181.261952061416,-1473.4463700046608,4928.60980510071,-2384.784037498101,8692.121393439355,4920.333183260482,2602.0297537472525,-7439.119091015542,6304.72422203368,-3815.5318483665396,-3232.731633373404,-2051.736406216775,3385.5548899470245,1166.110652125508
1158.1846482003257,3961.7667785170865,113.87596134102824,-2995.3696034103386,5604.904332918382,922.044085212334,-8946.45161461638,-14840.971768261132,-21860.45753772375,17463.379994445128,-13623.203227775122,37512.63573415847,7643.6543041060395,29625.75524994615,12368.277338617612,23142.925461328705,-16872.366743099265,-15722.844847233886,-17402.136408019374,-14564.91020928466,-25776.94525720358,-8353.16490670079,-8491.190686823182,-7053.176916475515,-18085.68620245994,-20202.892756397367,2105.686923465294,-27358.32984928934,21753.64002449581,8454.325998098962,-5709.273329234662,19102.377396039785,-9244.176237569949,33686.58465373645,19069.441669865402,10083.743712606665,-28831.01900440462,24434.127276529005,-14786.542894334712,-12528.40604674509,-7953.49878684368,13122.059659636468,4518.938185177869
483.52165672075336,1653.8662992219693,47.5936125520826,-1250.6043587752577,2339.9741838863556,384.7572903490376,-3734.974231313763,-6195.935014774617,-9126.642673203136,7290.658233405844,-5687.536240206197,15661.07511329269,3191.1688464097774,12368.277338617612,5163.693527908325,9661.777665993897,-7043.918850952542,-6564.156479464501,-7265.37174086839,-6080.859496847888,-10761.519318100478,-3487.3943125775563,-3544.724808740278,-2944.5630378451283,-7550.382915297859,-8434.550402757553,879.0941104999896,-11421.50636905275,9081.610929665141,3529.5336201817,-2383.726373903782,7974.985179474576,-3859.3627592326375,14063.89607761655,7961.300670963829,4209.9164515131615,-12036.586624775748,10201.162992240997,-6173.393174209506,-5230.541210414592,-3320.477280907934,5478.1773314673,1886.6526376548286
904.654143300872,3095.1519995040358,88.95257049774293,-2339.701588341745,4378.34675482307,720.4988273281871,-6988.758987282001,-11593.48218456673,-17077.256808286693,13642.100934397056,-10642.278626009489,29304.16722782576,5971.035216373534,23142.925461328705,9661.777665993897,18079.25386544256,-13180.651325038432,-12282.487271291531,-13594.216878712225,-11377.852315380183,-20136.417386168418,-6525.402814019079,-6633.176362780428,-5509.559020607387,-14128.286044839597,-15782.25044516833,1644.9444920418716,-21371.673696215006,16993.536397425603,6604.665616790158,-4459.889718977293,14922.3206340772,-7221.743893561613,26315.242557460606,14896.873525386287,7877.03716602561,-22522.144623088254,19087.413562830694,-11551.018894533168,-9787.016162758275,-6213.228753441913,10251.037094336221,3530.0946900940326
-659.5069340836287,-2256.3713982444724,-64.9300727123631,1705.9318351829277,-3191.986059295456,-525.2097975578715,5095.088805076831,8452.252221561967,12450.135267497826,-9945.624898967788,7758.768431027851,-21364.317275100624,-4353.3500574569625,-16872.366743099265,-7043.918850952542,-13180.651325038432,9609.441767315015,8954.60794671495,9910.891527759577,8295.094027921376,14680.643619835244,4757.361984911603,4835.987294948995,4016.761463276083,10300.279187778775,11506.18339460931,-1199.2685693495298,15581.041342594719,-12389.259038689259,-4815.165719256182,3251.5205589508073,-10879.131081941136,5264.824717203976,-19185.283229673405,-10860.615592539622,-5742.849446424637,16419.928056678636,-13915.688278772705,8421.281910424927,7135.272226567024,4529.6040005148725,-7473.539757255508,-2573.623328832263
-614.668259486117,-2102.1256199929157,-60.73571919887886,1589.8782783404617,-2974.552639688855,-488.86909027216683,4747.668149017083,7876.52322021983,11602.591838246826,-9267.832312896346,7230.239439278923,-19909.17895019605,-4057.0445121959756,-15722.844847233886,-6564.156479464501,-12282.487271291531,8954.60794671495,8345.014994348785,9236.310280795753,7730.781185977269,13680.682940805471,4433.507238781809,4505.846183069164,3743.17856071897,9598.149921794613,10722.53299281044,-1117.6634478527744,14518.94406463594,-11544.490703981179,-4486.819172494812,3030.6209444617225,-10138.025776286326,4906.022010200178,-17879.00831538621,-10120.901606928986,-5351.985423283476,15301.635058556323,-12968.530443513873,7848.302817490894,6649.486867548634,4220.851118663686,-6964.067341252411,-2398.5989337510573
-680.3710961260588,-2326.564305742077,-67.2439426504781,1759.7195749944945,-3292.3911778320444,-540.9153110754269,5254.788370792687,8717.860587653373,12842.031162615187,-10257.647428032427,8002.45583103241,-22035.720081262614,-4490.313842122339,-17402.136408019374,-7265.37174086839,-13594.216878712225,9910.891527759577,9236.310280795753,10223.073065989627,8556.787731380058,15141.788746753764,4907.132347492312,4986.775659594515,4143.037244851964,10622.996504756236,11867.776950827445,-1236.9588309787548,16069.52308411707,-12777.202947780941,-4965.885302219678,3354.5247969152156,-11220.85305473294,5430.045720419615,-19788.925978335075,-11201.936931715616,-5923.701498525916,16935.86627141161,-14354.069686081904,8686.738276333435,7359.761578803903,4671.757242280481,-7707.661485001528,-2654.937655486331
-569.5055662104252,-1946.9088843758095,-56.50450521390958,1472.9087248578962,-2755.6467811308853,-452.4156078330666,4397.814772419266,7296.645758483765,10748.822049346236,-8584.973334057788,6697.778912549238,-18443.454368971827,-3758.473967321945,-14564.91020928466,-6080.859496847888,-11377.852315380183,8295.094027921376,7730.781185977269,8556.787731380058,7162.46109869618,12673.345648983615,4107.337461082628,4173.290142102344,3467.6462274026558,8890.737235807474,9933.098730304999,-1035.3251288946835,13449.24049686452,-10693.601546862385,-4156.101191093738,2808.0382385729768,-9391.427421200668,4544.587859476282,-16563.308492154196,-9375.849256482794,-4958.1731836375075,14174.930815885844,-12014.549272143253,7270.9573490721805,6160.084697775363,3909.922598943799,-6450.886551563839,-2222.3872034478777
-1007.669195493152,-3446.6389563670095,-99.35963121175152,2606.563063684361,-4876.635238710073,-801.9117682971787,7783.88299660764,12913.050092659627,19020.93736140159,-15194.283410048503,11853.485719878203,-32639.712319469785,-6651.109105539613,-25776.94525720358,-10761.519318100478,-20136.417386168418,14680.643619835244,13680.682940805471,15141.788746753764,12673.345648983615,22428.66350431783,7268.1941851564925,7387.848488415861,6136.837895565266,15736.061993599518,17578.744762546557,-1832.2401325668231,23803.79371016858,-18927.416063352302,-7356.042586631159,4967.949288578502,-16620.76662130318,8042.98171636221,-29310.98151130678,-16592.377942514384,-8774.053347093228,25085.988059128395,-21260.31329412082,12866.053056060442,10901.119998474467,6919.9060649643825,-11417.36368542735,-3932.0518039532813
-326.5800497573843,-1116.8083173389455,-32.27947281900704,844.6502223074535,-1580.3783323581506,-259.6999534440172,2522.3376832389263,4184.646073814185,6164.285088136204,-4923.737738322645,3841.2344183977993,-10577.34467112078,-2155.3846974442663,-8353.16490670079,-3487.3943125775563,-6525.402814019079,4757.361984911603,4433.507238781809,4907.132347492312,4107.337461082628,7268.1941851564925,2355.480107075132,2393.719822218001,1988.6883162650158,5099.131271193005,5696.619258880719,-593.7446110901741,7713.525994393305,-6133.1942479906775,-2383.6831993318483,1610.1741953275202,-5386.088143411952,2606.4634179325813,-9498.853544789836,-5377.039337481334,-2843.3973764925972,8129.342289487591,-6890.056243241165,4169.676262147889,3532.739588840306,2242.479439950109,-3699.787105541721,-1274.4100184981057
-331.8248065572641,-1136.0031006662928,-32.370561497078214,858.409771683824,-1606.289153296688,-264.9021916889604,2564.463305624501,4253.416203153914,6264.493376084742,-5005.50225623361,3904.519483027073,-10751.056163843903,-2190.531855136466,-8491.190686823182,-3544.724808740278,-6633.176362780428,4835.987294948995,4505.846183069164,4986.775659594515,4173.290142102344,7387.848488415861,2393.719822218001,2434.671350852582,2021.4463137584369,5184.251044159096,5790.115328742212,-603.4858098904748,7841.987010188457,-6235.882150695159,-2423.481292888819,1635.5382198898685,-5474.927246470973,2649.5014177094795,-9653.861697826631,-5465.198199014142,-2889.7112351300057,8263.061186953644,-7001.794039969567,4237.0553911676525,3590.3810632572972,2279.6244770393664,-3761.345711466079,-1294.6858936510941
-275.80112941480485,-943.0529703202188,-27.140195954235832,713.1746831905035,-1334.4554715332235,-219.4219493681291,2129.902352930209,3533.2654464399884,5204.352844771242,-4157.504735187326,3243.264141450137,-8930.81998591718,-1819.7746361233126,-7053.176916475515,-2944.5630378451283,-5509.559020607387,4016.761463276083,3743.17856071897,4143.037244851964,3467.6462274026558,6136.837895565266,1988.6883162650158,2021.4463137584369,1679.318897885149,4305.6064193807215,4809.696434544362,-501.28778630921045,6513.330122873942,-5178.888648691582,-2012.5733852029323,1359.3103170079771,-4547.794194518647,2200.6095474914227,-8020.026398338193,-4539.884463171205,-2400.7667986606784,6863.937257720148,-5817.274098681306,3520.3024681105867,2982.6683540809026,1893.4653109998835,-3123.8546933755974,-1075.9200760285826
-706.9170635050755,-2418.871595734585,-69.38479373804287,1828.507358970983,-3421.44368587609,-563.2573269385011,5461.666003402137,9059.867447087869,13344.709735463646,-10661.088306675712,8316.61837233793,-22900.081880186604,-4666.156248810833,-18085.68620245994,-7550.382915297859,-14128.286044839597,10300.279187778775,9598.149921794613,10622.996504756236,8890.737235807474,15736.061993599518,5099.131271193005,5184.251044159096,4305.6064193807215,11041.314981765598,12333.247731943657,-1285.508106188167,16701.841082424577,-13280.606135607266,-5161.4823884809,3484.862320554199,-11661.41528649327,5643.422953269395,-20563.97943973254,-11641.216546126647,-6155.580267776678,17600.44394407767,-14915.494650889368,9026.280954861339,7648.047333630845,4855.390569739624,-8011.008734458557,-2758.3279748083023
-789.7309364158781,-2701.3285970812176,-77.92552208220329,2042.9299121124968,-3822.086134382044,-628.3999886961682,6100.652806482233,10120.796588597139,14908.19353375514,-11908.669288466665,9290.394172949265,-25581.858782051797,-5212.934351054004,-20202.892756397367,-8434.550402757553,-15782.25044516833,11506.18339460931,10722.53299281044,11867.776950827445,9933.098730304999,17578.744762546557,5696.619258880719,5790.115328742212,4809.696434544362,12333.247731943657,13777.738189620677,-1436.0568680290187,18656.2684086413,-14834.387835063808,-5765.477577375734,3893.839300711318,-13026.71317146287,6303.961276031487,-22973.025675473502,-13004.62211030453,-6876.80305943071,19661.471055231686,-16663.253321802193,10084.163594797907,8544.015417257107,5423.597307689022,-8948.52596589106,-3081.8408913909125
82.30912291619784,281.49338346626325,8.154317558703786,-212.93359337633203,398.3131044138468,65.45497678143056,-635.7839926786871,-1054.8521578953146,-1553.884859998953,1241.1992111305656,-968.336509913732,2666.336844878557,543.3930989101135,2105.686923465294,879.0941104999896,1644.9444920418716,-1199.2685693495298,-1117.6634478527744,-1236.9588309787548,-1035.3251288946835,-1832.2401325668231,-593.7446110901741,-603.4858098904748,-501.28778630921045,-1285.508106188167,-1436.0568680290187,149.72804256089304,-1944.433980119373,1546.128555093594,600.9321793733926,-405.8720482330916,1357.7385083925626,-657.0300807862933,2394.4137240944524,1355.4485801127285,716.7832095114642,-2049.3504760343735,1736.7673458988384,-1051.1126632550975,-890.5500029898724,-565.2297015195286,932.7023460520878,321.2003478003033
-1069.481273844462,-3659.010095928955,-104.91158024531917,2765.9560361175318,-5175.8939027280785,-851.9998145565905,8262.015146369524,13704.936439652687,20186.521998315817,-16127.015548594405,12580.415106292465,-34641.0439818387,-7058.324616451471,-27358.32984928934,-11421.50636905275,-21371.673696215006,15581.041342594719,14518.94406463594,16069.52308411707,13449.24049686452,23803.79371016858,7713.525994393305,7841.987010188457,6513.330122873942,16701.841082424577,18656.2684086413,-1944.433980119373,25265.000491690185,-20089.36736689322,-7807.4558035330365,5271.661304835921,-17640.26427158899,8536.686824672863,-31107.40037643299,-17609.60828788511,-9311.59069245658,26623.991128956273,-22563.030155054515,13654.019314908126,11569.133201850904,7344.890091326208,-12117.953464402697,-4172.726030543291
850.2754622365575,2909.509805291334,83.38916393575376,-2199.419912915972,4115.403234334358,677.6368679926601,-6569.46876394672,-10897.254501162457,-16050.75547216053,12823.19843926237,-10003.198543838347,27544.30916875584,5612.417227178431,21753.64002449581,9081.610929665141,16993.536397425603,-12389.259038689259,-11544.490703981179,-12777.202947780941,-10693.601546862385,-18927.416063352302,-6133.1942479906775,-6235.882150695159,-5178.888648691582,-13280.606135607266,-14834.387835063808,1546.128555093594,-20089.36736689322,15974.287217023839,6208.248485618279,-4191.437115948987,14026.433249195237,-6787.780547118807,24734.366086279242,14002.024421930237,7403.905989974788,-21169.813263711116,17940.202914060297,-10856.549199187146,-9198.988285239411,-5840.098928186971,9635.688201363504,3317.69046320763
330.38686318278883,1130.8705934059208,32.44153867573473,-854.7007862090169,1599.3371523684928,263.3864800451815,-2553.1262417568937,-4235.1716603005625,-6238.297243785183,4983.674773488244,-3887.7858908275193,10704.975709271808,2181.261952061416,8454.325998098962,3529.5336201817,6604.665616790158,-4815.165719256182,-4486.819172494812,-4965.885302219678,-4156.101191093738,-7356.042586631159,-2383.6831993318483,-2423.481292888819,-2012.5733852029323,-5161.4823884809,-5765.477577375734,600.9321793733926,-7807.4558035330365,6208.248485618279,2413.008426074112,-1629.0023902912012,5451.245413556792,-2638.282510962053,9612.898431455398,5441.963063509783,2877.4301960059693,-8227.52912656001,6972.416749605488,-4219.478794701826,-3575.228032428626,-2269.7664223210686,3745.0289888322,1289.3859278804036
-223.27135476781024,-762.8767254371944,-22.269184611986642,577.5183213012187,-1080.2125966380893,-177.03049650705415,1723.7623441534852,2860.2778440648735,4213.762000930003,-3365.0854516397726,2625.497692437111,-7229.874291286913,-1473.4463700046608,-5709.273329234662,-2383.726373903782,-4459.889718977293,3251.5205589508073,3030.6209444617225,3354.5247969152156,2808.0382385729768,4967.949288578502,1610.1741953275202,1635.5382198898685,1359.3103170079771,3484.862320554199,3893.839300711318,-405.8720482330916,5271.661304835921,-4191.437115948987,-1629.0023902912012,1101.0613266591638,-3681.398072758246,1781.348531312729,-6493.1125370005875,-3675.3528305018376,-1943.771435167553,5556.627523784096,-4710.054260666606,2850.530283262914,2414.8756385916154,1532.5662193621029,-2528.5082889406667,-871.3215724959379
746.776275344662,2554.42512575684,73.45506542981477,-1931.4577365980135,3613.9914685325034,594.422367000008,-5768.551617489447,-9569.335019625785,-14095.535756104011,11260.185782729086,-8784.136596704264,24187.86949685182,4928.60980510071,19102.377396039785,7974.985179474576,14922.3206340772,-10879.131081941136,-10138.025776286326,-11220.85305473294,-9391.427421200668,-16620.76662130318,-5386.088143411952,-5474.927246470973,-4547.794194518647,-11661.41528649327,-13026.71317146287,1357.7385083925626,-17640.26427158899,14026.433249195237,5451.245413556792,-3681.398072758246,12317.059684699856,-5960.560005629145,21720.940092329016,12295.838883265895,6501.965287326288,-18590.032258003426,15755.024155593517,-9534.36264263659,-8078.271321446844,-5128.327683619615,8460.940142788582,2913.8161171762354
-361.3494741871032,-1236.6822104672892,-35.37928713108426,934.2596850795694,-1748.919386970061,-287.95191943817343,2791.7403541675785,4630.878229670816,6821.47522691136,-5449.5276702684805,4251.010389452518,-11705.080489277048,-2384.784037498101,-9244.176237569949,-3859.3627592326375,-7221.743893561613,5264.824717203976,4906.022010200178,5430.045720419615,4544.587859476282,8042.98171636221,2606.4634179325813,2649.5014177094795,2200.6095474914227,5643.422953269395,6303.961276031487,-657.0300807862933,8536.686824672863,-6787.780547118807,-2638.282510962053,1781.348531312729,-5960.560005629145,2885.1457002468064,-10511.056659159438,-5950.399219665737,-3146.1998823104846,8995.975445576843,-7624.210654819541,4613.93589703621,3909.2755296756886,2482.1352877816807,-4094.757180306397,-1409.9802237788388
1316.9959922038695,4503.886190927331,130.043090079003,-3406.445114490181,6373.277395733922,1047.460002099516,-10172.215933363761,-16875.65087963266,-24858.47583380273,19856.45284071127,-15490.78029224062,42655.79284045612,8692.121393439355,33686.58465373645,14063.89607761655,26315.242557460606,-19185.283229673405,-17879.00831538621,-19788.925978335075,-16563.308492154196,-29310.98151130678,-9498.853544789836,-9653.861697826631,-8020.026398338193,-20563.97943973254,-22973.025675473502,2394.4137240944524,-31107.40037643299,24734.366086279242,9612.898431455398,-6493.1125370005875,21720.940092329016,-10511.056659159438,38306.2220455446,21684.10997398115,11466.717440190765,-32783.7754249595,27785.383550408802,-16814.856817575626,-14246.50989287569,-9043.370118107976,14920.408183185908,5139.12582700036
745.4676460213813,2549.909413198986,73.50642970533363,-1928.1390820868644,3607.7288888002727,593.2386764462467,-5758.433804003236,-9552.986457347837,-14071.844826253355,11240.624390055349,-8769.132138476416,24146.584894684707,4920.333183260482,19069.441669865402,7961.300670963829,14896.873525386287,-10860.615592539622,-10120.901606928986,-11201.936931715616,-9375.849256482794,-16592.377942514384,-5377.039337481334,-5465.198199014142,-4539.884463171205,-11641.216546126647,-13004.62211030453,1355.4485801127285,-17609.60828788511,14002.024421930237,5441.963063509783,-3675.3528305018376,12295.838883265895,-5950.399219665737,21684.10997398115,12275.005331161126,6490.906101989838,-18558.237898192732,15728.4527672862,-9518.377304039232,-8064.6171619354955,-5119.432150672322,8446.468814912467,2908.990927008605
394.24743919018505,1347.9674394946612,39.000583356961855,-1019.8317325455209,1907.7494371844587,313.3692646639318,-3044.8572851996264,-5051.559359422554,-7441.138233581173,5943.722389751218,-4637.005076276862,12768.631858701958,2602.0297537472525,10083.743712606665,4209.9164515131615,7877.03716602561,-5742.849446424637,-5351.985423283476,-5923.701498525916,-4958.1731836375075,-8774.053347093228,-2843.3973764925972,-2889.7112351300057,-2400.7667986606784,-6155.580267776678,-6876.80305943071,716.7832095114642,-9311.59069245658,7403.905989974788,2877.4301960059693,-1943.771435167553,6501.965287326288,-3146.1998823104846,11466.717440190765,6490.906101989838,3432.5852025788404,-9813.642049552951,8317.377919811344,-5033.468552470806,-4264.60096065632,-2706.9068894072693,4466.159687155477,1538.3712496568503
-1127.0845908681415,-3854.960493368873,-111.12473781536131,2915.3655857865538,-5454.429270654472,-896.8461707707138,8706.10475644732,14442.992165995925,21274.636620573237,-16994.575669342525,13257.909144247556,-36506.87695733633,-7439.119091015542,-28831.01900440462,-12036.586624775748,-22522.144623088254,16419.928056678636,15301.635058556323,16935.86627141161,14174.930815885844,25085.988059128395,8129.342289487591,8263.061186953644,6863.937257720148,17600.44394407767,19661.471055231686,-2049.3504760343735,26623.991128956273,-21169.813263711116,-8227.52912656001,5556.627523784096,-18590.032258003426,8995.975445576843,-32783.7754249595,-18558.237898192732,-9813.642049552951,28058.220288846627,-23779.3351442765,14390.544393268097,12192.72104669313,7739.81106959897,-12770.0372542655,-4397.935516115628
955.3591552581292,3266.7071680124645,94.41043711480943,-2470.710526433796,4622.874905270718,759.5137375494431,-7378.184863670247,-12240.63387781377,-18031.31479650598,14402.616164430616,-11236.078555247122,30940.04199807522,6304.72422203368,24434.127276529005,10201.162992240997,19087.413562830694,-13915.688278772705,-12968.530443513873,-14354.069686081904,-12014.549272143253,-21260.31329412082,-6890.056243241165,-7001.794039969567,-5817.274098681306,-14915.494650889368,-16663.253321802193,1736.7673458988384,-22563.030155054515,17940.202914060297,6972.416749605488,-4710.054260666606,15755.024155593517,-7624.210654819541,27785.383550408802,15728.4527672862,8317.377919811344,-23779.3351442765,20154.451132650913,-12196.904220920076,-10333.694193522715,-6559.577925066617,10822.14224282818,3727.831925290781
-578.1188345864427,-1976.7365657873506,-57.22060720234074,1495.2451913885766,-2797.504127806656,-459.4543416317242,4464.849460787676,7407.583803372669,10912.149370633424,-8715.864545700724,6799.734950837361,-18723.85997575467,-3815.5318483665396,-14786.542894334712,-6173.393174209506,-11551.018894533168,8421.281910424927,7848.302817490894,8686.738276333435,7270.9573490721805,12866.053056060442,4169.676262147889,4237.0553911676525,3520.3024681105867,9026.280954861339,10084.163594797907,-1051.1126632550975,13654.019314908126,-10856.549199187146,-4219.478794701826,2850.530283262914,-9534.36264263659,4613.93589703621,-16814.856817575626,-9518.377304039232,-5033.468552470806,14390.544393268097,-12196.904220920076,7381.40418071677,6253.7152354440595,3969.532527677735,-6549.170646474813,-2255.9850819383623
-489.7784725632255,-1675.0628056631174,-48.375322778667034,1266.880819996689,-2370.237703633215,-389.5518226354469,3783.1292062232023,6276.2467422409645,9245.246866128276,-7384.876546089035,5761.253393099266,-15864.191561339656,-3232.731633373404,-12528.40604674509,-5230.541210414592,-9787.016162758275,7135.272226567024,6649.486867548634,7359.761578803903,6160.084697775363,10901.119998474467,3532.739588840306,3590.3810632572972,2982.6683540809026,7648.047333630845,8544.015417257107,-890.5500029898724,11569.133201850904,-9198.988285239411,-3575.228032428626,2414.8756385916154,-8078.271321446844,3909.2755296756886,-14246.50989287569,-8064.6171619354955,-4264.60096065632,12192.72104669313,-10333.694193522715,6253.7152354440595,5298.48812978506,3363.334046881013,-5549.14417462808,-1911.2692497740304
-310.93610535166147,-1063.983515168691,-30.389704670682836,803.8700614865894,-1504.8134856874974,-247.7690978585261,2402.028545218322,3984.2667491146344,5868.7682697331975,-4688.620325902108,3657.364144974711,-10070.675674876757,-2051.736406216775,-7953.49878684368,-3320.477280907934,-6213.228753441913,4529.6040005148725,4220.851118663686,4671.757242280481,3909.922598943799,6919.9060649643825,2242.479439950109,2279.6244770393664,1893.4653109998835,4855.390569739624,5423.597307689022,-565.2297015195286,7344.890091326208,-5840.098928186971,-2269.7664223210686,1532.5662193621029,-5128.327683619615,2482.1352877816807,-9043.370118107976,-5119.432150672322,-2706.9068894072693,7739.81106959897,-6559.577925066617,3969.532527677735,3363.334046881013,2135.567565449328,-3522.889628011586,-1213.1139646863558
512.8766354020914,1755.1062021557948,50.37605219750543,-1326.5897143086281,2482.4305719998574,408.71674751402446,-3962.686130684309,-6573.452127082846,-9682.55036539065,7735.1514015549565,-6034.1915918489485,16615.331165528336,3385.5548899470245,13122.059659636468,5478.1773314673,10251.037094336221,-7473.539757255508,-6964.067341252411,-7707.661485001528,-6450.886551563839,-11417.36368542735,-3699.787105541721,-3761.345711466079,-3123.8546933755974,-8011.008734458557,-8948.52596589106,932.7023460520878,-12117.953464402697,9635.688201363504,3745.0289888322,-2528.5082889406667,8460.940142788582,-4094.757180306397,14920.408183185908,8446.468814912467,4466.159687155477,-12770.0372542655,10822.14224282818,-6549.170646474813,-5549.14417462808,-3522.889628011586,5812.528488942511,2001.3900288621305
176.7244588918418,604.0022624543501,17.546856084718613,-456.9942281825488,855.0364097415655,140.31621202181753,-1364.4644289114296,-2263.8961522215163,-3335.041889724939,2663.5506861086037,-2078.0414850157067,5722.380278842706,1166.110652125508,4518.938185177869,1886.6526376548286,3530.0946900940326,-2573.623328832263,-2398.5989337510573,-2654.937655486331,-2222.3872034478777,-3932.0518039532813,-1274.4100184981057,-1294.6858936510941,-1075.9200760285826,-2758.3279748083023,-3081.8408913909125,321.2003478003033,-4172.726030543291,3317.69046320763,1289.3859278804036,-871.3215724959379,2913.8161171762354,-1409.9802237788388,5139.12582700036,2908.990927008605,1538.3712496568503,-4397.935516115628,3727.831925290781,-2255.9850819383623,-1911.2692497740304,-1213.1139646863558,2001.3900288621305,689.6198864113818
