V1,V2,V3,V4,V5,V6,V7,V8,V9,V10,V11,V12,V13,V14,V15,V16,V17,V18,V19,V20,V21,V22,V23,V24,V25,V26,V27,V28,V29,V30,V31,V32,V33,V34,V35,V36,V37,V38,V39,V40,V41,V42,V43,V44
4.132825905454173,-3.4189569311324908,1.753643202470447,2.1114287499062354,2.8170831706084174,0.4861567862561475,-3.0331370420238124,2.3684528362296495,3.4312384369946396,3.3517772323282378,-0.8651825457596237,-0.786807976798288,2.698864272775504,-0.5900454673623013,3.917700372024571,1.1608587500757814,0.9201602257463437,1.9073724769583125,-1.3786443414685468,0.7599020726747845,-1.0174766336063323,2.8468374281795255,0.9697124960529246,2.5097415024697742,2.525421621633203,-2.865884960385001,-1.206933293033927,4.472287733696673,2.9568154231601347,0.851369888670233,0.5970002301682806,1.8672442268595533,-1.165780062083905,-2.0588120990199608,-0.8716860134934031,-2.057679036279424,-1.2919324624682302,-2.503278203330639,-2.752363841974717,-0.5274810586572258,0.3966222563968848,3.291483628698868,0.9973574100660888,-0.7084744729379365
-3.4189569311324908,3.0443098435975924,-1.33449972450803,-1.325029590724368,-2.077802665791912,-0.16173993094387001,2.6031933516281516,-1.9153666732700043,-2.9674053652919095,-3.0346540123356385,0.7399725803618963,0.5446561080139138,-2.222477709586335,0.4539198719559201,-2.9777405605428995,-0.9325371241337865,-0.8059523893829318,-1.452386019994486,1.3141922672657476,-0.7845938408093536,0.7512328993515502,-2.645531238186287,-0.9614757325396918,-1.8237606210529516,-1.8860819296290445,2.3333992200384124,1.0576350647212966,-3.4845212273608874,-2.4203211207516513,-0.4375295152527539,-0.7047933048182208,-1.3463555675840924,0.8864039829594682,1.5947412712970457,0.5203322804181301,1.5089762921095602,1.208223265343503,2.106064536791658,2.167943075433796,0.5035647502084999,-0.4287999957078682,-2.674408665314234,-0.5230439314401818,0.3968396681361569
1.753643202470447,-1.33449972450803,1.5236467414842678,1.1530641538575344,1.110501498702516,0.6133500078906163,-1.319634799057975,1.776872115861148,1.390088047405974,1.513124993651383,-0.17980022954603692,-0.8262689066727333,1.155310801163019,-1.3941132660648023,1.8632498240801438,0.5896305497780543,0.5728596185872429,0.8150581566710048,-0.6298389226650145,0.1270403499066993,-0.3767524321691377,0.3714070748347691,0.36850832030373776,1.9908811392658916,1.435330575001182,-1.3135765763048863,-0.9522795615440793,1.9754843185287376,1.5369128245814256,0.2757762690564275,0.003568340772981151,0.8622903262179953,-0.5402790645759062,-1.439785981016239,-0.37530341771807957,-1.439570826459787,-0.7571676630547979,-1.407063390629732,-1.2383001252473158,-0.046549177308526736,-0.3413958365401715,1.0893133008837133,1.054327857110978,-0.6275069211343065
2.1114287499062354,-1.325029590724368,1.1530641538575344,2.5346351719353923,2.06718505179132,1.1270408330247879,-1.3788049933424675,1.4671379847406227,1.5143667562122696,0.8584502468248846,-0.31561068974111617,-0.8055291328435769,1.2077870525281682,-0.3345374207978319,2.959235542739962,0.6272244735912539,0.30143818132382416,1.5141930063874407,-0.2467137503784995,0.040994894778384895,-0.9234146990482296,0.4616436658456933,0.005606353588240049,1.9983661551553251,1.8841893880897815,-1.8899429775014145,-0.6086604510806896,3.1483909838347626,1.6894085526610674,1.2688417680755575,-0.4644339341013019,1.5228199975487695,-0.8480141246908062,-1.331111579219844,-1.1590697416500475,-1.9491754656187856,-0.11852601981522738,-1.2034607589958561,-1.6741607467242656,0.11887760052173192,-0.07135250293448099,1.8155164981831173,1.5173422512854773,-0.8430714818199825
2.8170831706084174,-2.077802665791912,1.110501498702516,2.06718505179132,2.46944612255948,0.6484386445014898,-1.8911407614928541,1.3909929774129257,2.2074885024736672,1.824872519434449,-0.644081069746056,-0.6167960702866518,1.6779250209307228,0.1436516562343184,3.0679342468362756,0.833642061137433,0.5059451975346078,1.7220116724891226,-0.619488955029285,0.284530895979202,-1.0760151277553924,1.6969514121534472,0.2561241776065194,1.817383756795358,1.970674114939124,-1.9542789348020324,-0.5647750145807481,3.349773020917846,1.890649620009912,1.126364782580062,0.0018814348307838707,1.5650536576276526,-0.952150017091738,-1.3126290016863569,-0.8943616493408837,-1.6112595949485553,-0.5586817860296251,-1.4763769027017137,-2.007243875783914,-0.16479444350946337,0.26921441422919323,2.4248709508935304,1.0183138376781613,-0.6867098445448303
0.4861567862561475,-0.16173993094387001,0.6133500078906163,1.1270408330247879,0.6484386445014898,0.718718694694088,-0.36775501776844327,0.7541191436084965,0.32740220898049194,-0.004282676458903212,0.027120944663101186,-0.6042330243250882,0.1446445858694946,-0.4902773906170285,1.0628596983578866,0.15392858799059783,0.05995161127557671,0.5444684222880424,0.024941391657415497,-0.2552968157939289,-0.42776694112736185,-0.5637814325413107,-0.19896987081690842,1.0757754058778635,0.8255516624529178,-0.5856680003981236,-0.34967640394935673,1.058819163033588,0.5193382764494776,0.5110313036692161,-0.4989860272229194,0.5565278664418034,-0.26161823896730785,-0.5729833998320167,-0.4442455776955787,-0.9296978856152376,0.09872217518601316,-0.3783153271938415,-0.5392378786336067,0.24636176969316256,-0.2976627464783057,0.3274196048936658,0.8992220951103763,-0.45209719496738165
-3.0331370420238124,2.6031933516281516,-1.319634799057975,-1.3788049933424675,-1.8911407614928541,-0.36775501776844327,2.637597768084791,-2.0593217788619445,-2.7895225586734225,-2.711870487498889,0.6402663416073302,0.9779728071154405,-1.8439282578526397,0.7252773402181087,-2.764958402149454,-0.6659549076400298,-0.5827206424414744,-1.2114847906531405,1.2704386782112338,-0.2607186523318739,0.9283528991779274,-1.9590992558741562,-0.7897780664921803,-2.095855550790255,-2.0753125663927956,2.040495530695733,1.1778116065799402,-3.346465501614203,-2.1345084633339972,-0.3859252851442831,-0.41805351821528536,-1.3338745360805222,0.6437283139263174,1.5399255648378298,0.42632895126113596,1.3140989970519057,0.8812355399460181,1.93180822249259,2.162061165396777,0.4498306752966874,-0.22088848717084478,-2.31025419920941,-0.6478030286869779,0.4556995852102284
2.3684528362296495,-1.9153666732700043,1.776872115861148,1.4671379847406227,1.3909929774129257,0.7541191436084965,-2.0593217788619445,2.4025360122309505,2.0816146477041464,2.0975337937556655,-0.26528869280932654,-1.1982019932751637,1.4556749145962065,-1.6830429468457002,2.480941867406609,0.6248704274465094,0.6044178512934261,0.9779519765495694,-0.9943778933214011,0.09669066055962051,-0.6477141234600223,0.7149227278261766,0.5823926362718892,2.536445885919212,1.9431525837243393,-1.8583839291808728,-1.3846711383261914,2.8202586297694126,1.980255719539847,0.26951344992654136,0.06512560499036728,1.121471320772682,-0.5627030165373859,-1.7812379020886826,-0.4499417384093751,-1.702649676392,-0.8517577926618551,-1.8440030675669328,-1.7466069018234696,-0.1599090140158968,-0.33961016888126266,1.5570157845293902,1.1747769432717146,-0.6513849171480132
3.4312384369946396,-2.9674053652919095,1.390088047405974,1.5143667562122696,2.2074885024736672,0.32740220898049194,-2.7895225586734225,2.0816146477041464,3.0677530496432617,3.0142794321018758,-0.7568542223335254,-0.8555929740861875,2.1086051001511144,-0.5157733342663414,3.095575458730804,0.8405506475019193,0.7111169409165047,1.48679769766494,-1.3386007986192605,0.4723531455330833,-0.9920801621237865,2.412155117445569,0.8521667662589509,2.1148952475731617,2.169625040999997,-2.2926677558240662,-1.1509654036742591,3.6682731771982975,2.3770644894902397,0.5178801891457454,0.5217874344657574,1.4716128640590522,-0.82336836612913,-1.6318069299546965,-0.521374979762312,-1.4901544071985684,-1.0510265290835183,-2.09736040220824,-2.3339833329501722,-0.4783705144363397,0.3483696398640323,2.678694066434877,0.6551241235259676,-0.477422289330162
3.3517772323282378,-3.0346540123356385,1.513124993651383,0.8584502468248846,1.824872519434449,-0.004282676458903212,-2.711870487498889,2.0975337937556655,3.0142794321018758,3.4086797743427057,-0.7486018075900004,-0.6653833714816142,2.2099393697071754,-0.8514485136242537,2.58443270036362,0.8695177468044757,0.8816935834334537,1.1800612349606039,-1.4885144947494486,0.6215010801727627,-0.6180607854853039,2.6189301053876557,1.0786947121988748,1.9767018529686626,1.8727185583983903,-2.056455154025002,-1.1883771496475826,3.1104387390404593,2.348615208556084,0.10173539326885982,0.8612692024714718,1.1842405993037917,-0.7445542360416787,-1.639313587798603,-0.19086885889052696,-1.1795726853957231,-1.4120113367236982,-2.175020095558356,-2.100495249023934,-0.6311173566525363,0.3251769340694239,2.4752803932441148,0.3231620237745326,-0.3348511858274255
-0.8651825457596237,0.7399725803618963,-0.17980022954603692,-0.31561068974111617,-0.644081069746056,0.027120944663101186,0.6402663416073302,-0.26528869280932654,-0.7568542223335254,-0.7486018075900004,0.2762351873866752,0.07530357674497568,-0.5408085001463109,-0.21053467719261842,-0.7057054548359423,-0.20660473967567397,-0.15866584228641814,-0.4112034843505659,0.2899734923854204,-0.12363661560602275,0.2552147529600235,-0.8046709966436973,-0.17995504801988996,-0.3095033747608406,-0.47293483354419397,0.46666972691074893,0.09963303962778733,-0.8494943013162567,-0.510144226977376,-0.20625887130157922,-0.17202815983425734,-0.37977826377847307,0.22637005048181652,0.24983412517112236,0.1175314181551861,0.20812836831159953,0.23224132277429393,0.4248619011535975,0.5595746751948873,0.15595290735739925,-0.2200819192957454,-0.753066089589685,-0.01505736029517485,0.07971805753752521
-0.786807976798288,0.5446561080139138,-0.8262689066727333,-0.8055291328435769,-0.6167960702866518,-0.6042330243250882,0.9779728071154405,-1.1982019932751637,-0.8555929740861875,-0.6653833714816142,0.07530357674497568,1.0284994308443052,-0.24676775877472884,0.8766800395952631,-1.033414989455237,-0.09340433537817436,-0.11656015858741096,-0.436730762877076,0.4008654000269306,0.4679902854478343,0.6378386360305417,0.3837079264635738,0.012909423796167538,-1.4527670361455367,-1.164065773826186,0.5353552744295075,0.7079579770433193,-1.2029069553905043,-0.6607518791182657,-0.18254829995849212,0.3723841015029776,-0.5639071717417681,0.11508237467480988,0.7498189019365495,0.12508488079593263,0.7388125912079401,0.08499355945299028,0.681762728673529,0.8430396597373636,-0.10823701623965334,0.3335272882967335,-0.3816314995309132,-0.7778372888542628,0.43320528534621044
2.698864272775504,-2.222477709586335,1.155310801163019,1.2077870525281682,1.6779250209307228,0.1446445858694946,-1.8439282578526397,1.4556749145962065,2.1086051001511144,2.2099393697071754,-0.5408085001463109,-0.24676775877472884,2.040155061696708,-0.5680380675621145,2.4596151226799794,0.8121255044004482,0.67685107086271,1.0314063841269328,-0.9061863333959267,0.743333480899802,-0.2802661864585761,2.0491718723895134,0.8454754325275656,1.4583369151236358,1.4430738837764447,-1.8817455502755682,-0.7126979003099051,2.823146936576963,2.043182150140709,0.44331127256089664,0.630618320231565,1.155646825774135,-0.7707226662413872,-1.403465531363999,-0.5782838471889205,-1.3116399521102262,-1.0135194798792262,-1.7282412767624238,-1.724814705429273,-0.48186244095155883,0.31188949044688064,2.1341848243496826,0.5326865272872803,-0.4419319184947879
-0.5900454673623013,0.4539198719559201,-1.3941132660648023,-0.3345374207978319,0.1436516562343184,-0.4902773906170285,0.7252773402181087,-1.6830429468457002,-0.5157733342663414,-0.8514485136242537,-0.21053467719261842,0.8766800395952631,-0.5680380675621145,2.286007444194636,-0.6374161348784685,-0.21034616044686824,-0.4241337895490743,0.14225449924284886,0.5255495795712832,0.07765919535154327,-0.2180206612106844,0.7676269501173887,-0.43810418372518967,-1.6879526668145868,-0.820201227981714,0.5750730079389644,1.0426010797849512,-0.688963899874204,-0.9802650478637979,0.396611766052284,5.368905957071668e-4,-0.23073064518685632,0.08592583765878808,1.2264611679638646,-0.05121032303554979,0.9932927234931475,0.6256272107900629,1.0774398873655735,0.5302065925571825,-5.194870461847673e-4,0.6747915606886953,0.14187203533151216,-0.8768711543321822,0.4774877550791775
3.917700372024571,-2.9777405605428995,1.8632498240801438,2.959235542739962,3.0679342468362756,1.0628596983578866,-2.764958402149454,2.480941867406609,3.095575458730804,2.58443270036362,-0.7057054548359423,-1.033414989455237,2.4596151226799794,-0.6374161348784685,4.418593069284674,1.1353950118691367,0.7507328820430861,2.169094817917097,-1.0242846793407292,0.5351586895454531,-1.2269080453968706,2.0582493328021845,0.6022250766525893,2.884276792131433,2.782791506654213,-3.0752005766011092,-1.2000400957786017,4.893399504439239,2.935051754185713,1.3454908405595423,0.040942006827115504,2.1234511789361044,-1.246080589833957,-2.168689533038163,-1.3120226493243659,-2.6303414386432817,-0.8970540806268975,-2.3743967524379728,-2.8007057339215944,-0.22391234132009608,0.15167207541227093,3.218010592494296,1.6351332517969883,-0.9771724550916084
1.1608587500757814,-0.9325371241337865,0.5896305497780543,0.6272244735912539,0.833642061137433,0.15392858799059783,-0.6659549076400298,0.6248704274465094,0.8405506475019193,0.8695177468044757,-0.20660473967567397,-0.09340433537817436,0.8121255044004482,-0.21034616044686824,1.1353950118691367,0.4550526323651093,0.3558912204919852,0.6284397471851108,-0.2914875772792902,0.36903617489306545,-0.2037657627696692,0.7569110407046921,0.23882647569333312,0.6883454437916982,0.6221446229723592,-0.8388188386578878,-0.284180411812208,1.1670231321150513,0.8782538699385756,0.2866210952469794,0.17272710005876157,0.5008272760298567,-0.4472658380360769,-0.6490885732258357,-0.29564829606743925,-0.7601773832013935,-0.47006708071366665,-0.7305534912500654,-0.698913976764671,-0.08212707581204345,0.06328532231554629,0.89842906938899,0.3938225943727571,-0.2646600215051537
0.9201602257463437,-0.8059523893829318,0.5728596185872429,0.30143818132382416,0.5059451975346078,0.05995161127557671,-0.5827206424414744,0.6044178512934261,0.7111169409165047,0.8816935834334537,-0.15866584228641814,-0.11656015858741096,0.67685107086271,-0.4241337895490743,0.7507328820430861,0.3558912204919852,0.3691141441046493,0.3863621181955733,-0.33729000799935355,0.2949232823359911,-0.04898125535017925,0.5476380988721967,0.2898419864624881,0.6079882261864991,0.48302663146100033,-0.5731257767269718,-0.30119042231178605,0.7783001307569889,0.7569207221811052,0.061470447440691536,0.21332044326328958,0.3319867605108525,-0.33093644212071166,-0.567774148564112,-0.09576481814956785,-0.5642567137797233,-0.5106719754208943,-0.6667853939267255,-0.5286679122308247,-0.08944440622927026,0.022446608315565723,0.588712864466285,0.26956095300991234,-0.2041573743046629
1.9073724769583125,-1.452386019994486,0.8150581566710048,1.5141930063874407,1.7220116724891226,0.5444684222880424,-1.2114847906531405,0.9779519765495694,1.48679769766494,1.1800612349606039,-0.4112034843505659,-0.436730762877076,1.0314063841269328,0.14225449924284886,2.169094817917097,0.6284397471851108,0.3863621181955733,1.3529653042672753,-0.36802436010059403,0.2475317853468704,-0.8235155290260043,1.0305557250970538,0.0691073956894887,1.2783172023308014,1.3344155929213486,-1.4130851601052308,-0.40928473186678965,2.2797756296288427,1.3022725747580588,0.8425702532603363,-0.11340732713288647,1.0538514880046344,-0.7285891175482285,-0.9079195377572061,-0.6609235792243888,-1.3094523065826196,-0.3821541378094563,-0.9987434084639011,-1.3019687486363958,0.03264557719247291,0.13154523827527106,1.6253929651984418,0.8321023435299262,-0.4974668885094817
-1.3786443414685468,1.3141922672657476,-0.6298389226650145,-0.2467137503784995,-0.619488955029285,0.024941391657415497,1.2704386782112338,-0.9943778933214011,-1.3386007986192605,-1.4885144947494486,0.2899734923854204,0.4008654000269306,-0.9061863333959267,0.5255495795712832,-1.0242846793407292,-0.2914875772792902,-0.33729000799935355,-0.36802436010059403,0.7411565558732695,-0.2187562510251891,0.2631917051921997,-1.0522675675954682,-0.5314601630469215,-0.8676084135296942,-0.8176072005829885,0.8485714052446706,0.6245509912959912,-1.3224154614170576,-0.9950118515178195,0.09637858259696404,-0.3820168929597473,-0.45282546007695124,0.21142100647788625,0.7078072121003481,8.818223231840058e-4,0.4488543955122765,0.5868842678325057,0.9716880772138216,0.9202300540763606,0.29084845123451525,-0.11769244637633809,-0.9561448747896036,-0.09472318731478856,0.10575943910516297
0.7599020726747845,-0.7845938408093536,0.1270403499066993,0.040994894778384895,0.284530895979202,-0.2552968157939289,-0.2607186523318739,0.09669066055962051,0.4723531455330833,0.6215010801727627,-0.12363661560602275,0.4679902854478343,0.743333480899802,0.07765919535154327,0.5351586895454531,0.36903617489306545,0.2949232823359911,0.2475317853468704,-0.2187562510251891,0.7577095076004035,0.2437898089438047,1.0765525946908645,0.4212044424694705,-0.1553076830720067,-0.08417254659161012,-0.6668127136624393,-0.05377159912669801,0.5573344708753658,0.6100755527888397,-0.0029692648187132635,0.5046038632447647,0.10887406486156573,-0.30660980975448066,-0.29010179933650576,-0.18427891165801044,-0.3627135404015729,-0.4858745395619174,-0.4687128188927879,-0.2385628000738271,-0.19933453254536557,0.26442329709576096,0.6650719253031335,-0.12340673985162091,0.06263791440248152
-1.0174766336063323,0.7512328993515502,-0.3767524321691377,-0.9234146990482296,-1.0760151277553924,-0.42776694112736185,0.9283528991779274,-0.6477141234600223,-0.9920801621237865,-0.6180607854853039,0.2552147529600235,0.6378386360305417,-0.2802661864585761,-0.2180206612106844,-1.2269080453968706,-0.2037657627696692,-0.04898125535017925,-0.8235155290260043,0.2631917051921997,0.2437898089438047,0.9214406655783721,-0.3650707485217719,0.1479916638574745,-0.9039318136592724,-1.0192288404821632,0.6552121880253777,0.3486482285849314,-1.368974069315429,-0.5335215134892557,-0.48960335767163105,0.2929890039187358,-0.653219023998165,0.27321994294387936,0.43308745855010555,0.29025691108794316,0.5728359179270877,-0.04431437727697458,0.4372419832494518,0.8881659155592255,-0.07973066562977128,-0.025867968843542435,-0.8719987196853278,-0.5206370336934291,0.29305411246740737
2.8468374281795255,-2.645531238186287,0.3714070748347691,0.4616436658456933,1.6969514121534472,-0.5637814325413107,-1.9590992558741562,0.7149227278261766,2.412155117445569,2.6189301053876557,-0.8046709966436973,0.3837079264635738,2.0491718723895134,0.7676269501173887,2.0582493328021845,0.7569110407046921,0.5476380988721967,1.0305557250970538,-1.0522675675954682,1.0765525946908645,-0.3650707485217719,3.52743361723341,0.9872206453572406,0.3844964658920974,0.8944413766272821,-1.8248746072036977,-0.37191005019753626,2.5680987985164565,1.6692165218351755,0.2694743038282197,1.1565010529069026,0.872491304861562,-0.6357110389302286,-0.7581536236205711,-0.3449409175149423,-0.41532810767867895,-1.0432363191455194,-1.407350857885128,-1.5593552792413035,-0.7996126348175713,0.8795240862252847,2.635181264483855,-0.5140158147452604,0.150286403372368
0.9697124960529246,-0.9614757325396918,0.36850832030373776,0.005606353588240049,0.2561241776065194,-0.19896987081690842,-0.7897780664921803,0.5823926362718892,0.8521667662589509,1.0786947121988748,-0.17995504801988996,0.012909423796167538,0.8454754325275656,-0.43810418372518967,0.6022250766525893,0.23882647569333312,0.2898419864624881,0.0691073956894887,-0.5314601630469215,0.4212044424694705,0.1479916638574745,0.9872206453572406,0.5848760640439601,0.35376333605463706,0.32905981417134855,-0.655389194443232,-0.3710802918557451,0.8231650063285663,0.782216376845845,-0.18793689333749278,0.5238469853535153,0.23000065908955786,-0.15985351982731177,-0.49727529402664067,-0.011724728802550932,-0.24533872578186885,-0.5360985774562709,-0.7248562901106728,-0.5461921623127175,-0.33857906952351347,0.17793130344970515,0.6864358200782742,-0.1092763623452577,0.011874888761430648
2.5097415024697742,-1.8237606210529516,1.9908811392658916,1.9983661551553251,1.817383756795358,1.0757754058778635,-2.095855550790255,2.536445885919212,2.1148952475731617,1.9767018529686626,-0.3095033747608406,-1.4527670361455367,1.4583369151236358,-1.6879526668145868,2.884276792131433,0.6883454437916982,0.6079882261864991,1.2783172023308014,-0.8676084135296942,-0.1553076830720067,-0.9039318136592724,0.3844964658920974,0.35376333605463706,2.9661218422394806,2.3378546787134966,-1.9051029544173983,-1.354572134010865,3.1686836013592368,2.0818047205871473,0.6254657127646044,-0.24629843976008403,1.4208838973106213,-0.7060998726030424,-1.9349004282126219,-0.6400824625483705,-2.004584845541614,-0.7337553915640526,-1.8828572991034327,-1.97126660075866,-0.023843024952956524,-0.4482761745274038,1.67599405980657,1.5869638619514042,-0.9215948039754387
2.525421621633203,-1.8860819296290445,1.435330575001182,1.8841893880897815,1.970674114939124,0.8255516624529178,-2.0753125663927956,1.9431525837243393,2.169625040999997,1.8727185583983903,-0.47293483354419397,-1.164065773826186,1.4430738837764447,-0.820201227981714,2.782791506654213,0.6221446229723592,0.48302663146100033,1.3344155929213486,-0.8176072005829885,-0.08417254659161012,-1.0192288404821632,0.8944413766272821,0.32905981417134855,2.3378546787134966,2.1688739983138894,-1.7486081453588618,-0.9889087453197779,3.1447127043565857,1.8878609768450292,0.7562716575672829,-0.14924552047601602,1.4442024627131236,-0.7005978939140112,-1.5259180412876068,-0.6466815120137618,-1.6297407036964802,-0.5496831261360775,-1.621093638665627,-1.9866029303709298,-0.10795328679088008,-0.06545290772990098,1.878878720706967,1.2146984209139844,-0.765394203915139
-2.865884960385001,2.3333992200384124,-1.3135765763048863,-1.8899429775014145,-1.9542789348020324,-0.5856680003981236,2.040495530695733,-1.8583839291808728,-2.2926677558240662,-2.056455154025002,0.46666972691074893,0.5353552744295075,-1.8817455502755682,0.5750730079389644,-3.0752005766011092,-0.8388188386578878,-0.5731257767269718,-1.4130851601052308,0.8485714052446706,-0.6668127136624393,0.6552121880253777,-1.8248746072036977,-0.655389194443232,-1.9051029544173983,-1.7486081453588618,2.45997714451925,0.9900169866904215,-3.4602489476015634,-2.183244328714184,-0.74896131323086,-0.3154659994943745,-1.3411559337980041,0.8593128898160369,1.5865060151559895,0.9043072689368802,1.844102937413489,0.7915083844039078,1.821945447624769,1.8741272314885078,0.28629984488380505,-0.1356547579856395,-2.388471245581798,-0.9410337323135127,0.5079439668024834
-1.206933293033927,1.0576350647212966,-0.9522795615440793,-0.6086604510806896,-0.5647750145807481,-0.34967640394935673,1.1778116065799402,-1.3846711383261914,-1.1509654036742591,-1.1883771496475826,0.09963303962778733,0.7079579770433193,-0.7126979003099051,1.0426010797849512,-1.2000400957786017,-0.284180411812208,-0.30119042231178605,-0.40928473186678965,0.6245509912959912,-0.05377159912669801,0.3486482285849314,-0.37191005019753626,-0.3710802918557451,-1.354572134010865,-0.9889087453197779,0.9900169866904215,0.8733115052839417,-1.4179206589819873,-1.0201016798964728,0.030413013800742177,-0.08731234216522353,-0.4893380340315837,0.205974427984241,0.96236859852148815,0.14349688755258588,0.8371811357398503,0.47282581554820236,1.0119510800719718,0.8920313306161168,0.10687707477968787,0.22360010932959576,-0.7401014407862694,-0.5530595496632992,0.2751537305374789
4.472287733696673,-3.4845212273608874,1.9754843185287376,3.1483909838347626,3.349773020917846,1.058819163033588,-3.346465501614203,2.8202586297694126,3.6682731771982975,3.1104387390404593,-0.8494943013162567,-1.2029069553905043,2.823146936576963,-0.688963899874204,4.893399504439239,1.1670231321150513,0.7783001307569889,2.2797756296288427,-1.3224154614170576,0.5573344708753658,-1.368974069315429,2.5680987985164565,0.8231650063285663,3.1686836013592368,3.1447127043565857,-3.4602489476015634,-1.4179206589819873,5.583370311197111,3.3000672374435545,1.3726159346664932,0.1813479979883718,2.363221488505718,-1.2680384181277196,-2.3724319398920084,-1.3769140969262648,-2.7148988245448034,-0.9969286120190419,-2.7101621296418905,-3.2265449699992335,-0.39511760434229776,0.2718400349490839,3.6964376355519333,1.6002592111110217,-0.9737582882531015
2.9568154231601347,-2.4203211207516513,1.5369128245814256,1.6894085526610674,1.890649620009912,0.5193382764494776,-2.1345084633339972,1.980255719539847,2.3770644894902397,2.348615208556084,-0.510144226977376,-0.6607518791182657,2.043182150140709,-0.9802650478637979,2.935051754185713,0.8782538699385756,0.7569207221811052,1.3022725747580588,-0.9950118515178195,0.6100755527888397,-0.5335215134892557,1.6692165218351755,0.782216376845845,2.0818047205871473,1.8878609768450292,-2.183244328714184,-1.0201016798964728,3.3000672374435545,2.3561016669310795,0.5826642207178506,0.3742531747706622,1.3843247987700384,-0.8914612245918374,-1.7348880703897285,-0.7141328840387677,-1.8319885957491548,-1.016941805276534,-1.9853546954123118,-1.9834688580751867,-0.3107017682771284,0.12705095540506461,2.205845757389706,1.0085655464486432,-0.6557815572998077
0.851369888670233,-0.4375295152527539,0.2757762690564275,1.2688417680755575,1.126364782580062,0.5110313036692161,-0.3859252851442831,0.26951344992654136,0.5178801891457454,0.10173539326885982,-0.20625887130157922,-0.18254829995849212,0.44331127256089664,0.396611766052284,1.3454908405595423,0.2866210952469794,0.061470447440691536,0.8425702532603363,0.09637858259696404,-0.0029692648187132635,-0.48960335767163105,0.2694743038282197,-0.18793689333749278,0.6254657127646044,0.7562716575672829,-0.74896131323086,0.030413013800742177,1.3726159346664932,0.5826642207178506,0.8346036764524608,-0.3204182118354937,0.7345099115451577,-0.4487715137956396,-0.3603897392719793,-0.6272751154029791,-0.8151565076997309,0.1024840215709761,-0.3167026917205813,-0.6756698150576982,0.11998870162353568,0.08576723445242204,0.89405492766475,0.6400041208934073,-0.3776005743035505
0.5970002301682806,-0.7047933048182208,0.003568340772981151,-0.4644339341013019,0.0018814348307838707,-0.4989860272229194,-0.41805351821528536,0.06512560499036728,0.5217874344657574,0.8612692024714718,-0.17202815983425734,0.3723841015029776,0.630618320231565,5.368905957071668e-4,0.040942006827115504,0.17272710005876157,0.21332044326328958,-0.11340732713288647,-0.3820168929597473,0.5046038632447647,0.2929890039187358,1.1565010529069026,0.5238469853535153,-0.24629843976008403,-0.14924552047601602,-0.3154659994943745,-0.08731234216522353,0.1813479979883718,0.3742531747706622,-0.3204182118354937,0.6720861899865944,-0.06466366425676855,-0.06290868447880013,-0.12743600551907625,0.14954152216727437,0.2211975437055822,-0.4814057975023632,-0.3833114534769397,-0.17015583130863682,-0.3907472412667786,0.29153227405446275,0.49344648045224376,-0.5095303585899292,0.22532309463192501
1.8672442268595533,-1.3463555675840924,0.8622903262179953,1.5228199975487695,1.5650536576276526,0.5565278664418034,-1.3338745360805222,1.121471320772682,1.4716128640590522,1.1842405993037917,-0.37977826377847307,-0.5639071717417681,1.155646825774135,-0.23073064518685632,2.1234511789361044,0.5008272760298567,0.3319867605108525,1.0538514880046344,-0.45282546007695124,0.10887406486156573,-0.653219023998165,0.872491304861562,0.23000065908955786,1.4208838973106213,1.4442024627131236,-1.3411559337980041,-0.4893380340315837,2.363221488505718,1.3843247987700384,0.7345099115451577,-0.06466366425676855,1.1218516618657348,-0.6023808860193067,-1.004105520498974,-0.6483171299055731,-1.19427164660994,-0.33495164858946563,-1.0673724499754007,-1.408103463093022,-0.10222704486891449,0.1098487012627675,1.528564255850132,0.8341424809615632,-0.540838430266375
-1.165780062083905,0.8864039829594682,-0.5402790645759062,-0.8480141246908062,-0.952150017091738,-0.26161823896730785,0.6437283139263174,-0.5627030165373859,-0.82336836612913,-0.7445542360416787,0.22637005048181652,0.11508237467480988,-0.7707226662413872,0.08592583765878808,-1.246080589833957,-0.4472658380360769,-0.33093644212071166,-0.7285891175482285,0.21142100647788625,-0.30660980975448066,0.27321994294387936,-0.6357110389302286,-0.15985351982731177,-0.7060998726030424,-0.7005978939140112,0.8593128898160369,0.205974427984241,-1.2680384181277196,-0.8914612245918374,-0.4487715137956396,-0.06290868447880013,-0.6023808860193067,0.5134033410166723,0.6158370251606831,0.39298768233439746,0.8483394736663246,0.3582482513075257,0.6808580771885103,0.7350560124784385,0.023393059895772735,-0.09344818360442257,-0.9293153924210465,-0.49943962238918527,0.3268392333867601
-2.0588120990199608,1.5947412712970457,-1.439785981016239,-1.331111579219844,-1.3126290016863569,-0.5729833998320167,1.5399255648378298,-1.7812379020886826,-1.6318069299546965,-1.639313587798603,0.24983412517112236,0.7498189019365495,-1.403465531363999,1.2264611679638646,-2.168689533038163,-0.6490885732258357,-0.567774148564112,-0.9079195377572061,0.7078072121003481,-0.29010179933650576,0.43308745855010555,-0.7581536236205711,-0.49727529402664067,-1.9349004282126219,-1.5259180412876068,1.5865060151559895,0.96236859852148815,-2.3724319398920084,-1.7348880703897285,-0.3603897392719793,-0.12743600551907625,-1.004105520498974,0.6158370251606831,1.5053832187176206,0.5135087496734165,1.5181653270453843,0.7546504636071072,1.5312206753591708,1.4543902593114773,0.14714821438972642,0.18623982910956083,-1.4120176725326035,-1.02513967346427,0.6183749097164487
-0.8716860134934031,0.5203322804181301,-0.37530341771807957,-1.1590697416500475,-0.8943616493408837,-0.4442455776955787,0.42632895126113596,-0.4499417384093751,-0.521374979762312,-0.19086885889052696,0.1175314181551861,0.12508488079593263,-0.5782838471889205,-0.05121032303554979,-1.3120226493243659,-0.29564829606743925,-0.09576481814956785,-0.6609235792243888,8.818223231840058e-4,-0.18427891165801044,0.29025691108794316,-0.3449409175149423,-0.011724728802550932,-0.6400824625483705,-0.6466815120137618,0.9043072689368802,0.14349688755258588,-1.3769140969262648,-0.7141328840387677,-0.6272751154029791,0.14954152216727437,-0.6483171299055731,0.39298768233439746,0.5135087496734165,0.6360688011456861,0.8567322980905004,0.003908686122639518,0.4394645653983813,0.6355883532204828,-0.0318434496664588,-0.04232036288347752,-0.8603230197332259,-0.6085821113141474,0.32197259256754973
-2.057679036279424,1.5089762921095602,-1.439570826459787,-1.9491754656187856,-1.6112595949485553,-0.9296978856152376,1.3140989970519057,-1.702649676392,-1.4901544071985684,-1.1795726853957231,0.20812836831159953,0.7388125912079401,-1.3116399521102262,0.9932927234931475,-2.6303414386432817,-0.7601773832013935,-0.5642567137797233,-1.3094523065826196,0.4488543955122765,-0.3627135404015729,0.5728359179270877,-0.41532810767867895,-0.24533872578186885,-2.004584845541614,-1.6297407036964802,1.844102937413489,0.8371811357398503,-2.7148988245448034,-1.8319885957491548,-0.8151565076997309,0.2211975437055822,-1.19427164660994,0.8483394736663246,1.5181653270453843,0.8567322980905004,2.109462059622371,0.5881784357502309,1.5017295882301183,1.4747498932823127,-0.14536281878751597,0.2262004674156432,-1.4812480052257113,-1.459362583214202,0.8000856521928061
-1.2919324624682302,1.208223265343503,-0.7571676630547979,-0.11852601981522738,-0.5586817860296251,0.09872217518601316,0.8812355399460181,-0.8517577926618551,-1.0510265290835183,-1.4120113367236982,0.23224132277429393,0.08499355945299028,-1.0135194798792262,0.6256272107900629,-0.8970540806268975,-0.47006708071366665,-0.5106719754208943,-0.3821541378094563,0.5868842678325057,-0.4858745395619174,-0.04431437727697458,-1.0432363191455194,-0.5360985774562709,-0.7337553915640526,-0.5496831261360775,0.7915083844039078,0.47282581554820236,-0.9969286120190419,-1.016941805276534,0.1024840215709761,-0.4814057975023632,-0.33495164858946563,0.3582482513075257,0.7546504636071072,0.003908686122639518,0.5881784357502309,0.8266944452705041,0.9762141198906853,0.6980306592907807,0.24800800148971636,-0.0603976920863495,-0.8470461836285852,-0.13066923677115633,0.14644875929702023
-2.503278203330639,2.106064536791658,-1.407063390629732,-1.2034607589958561,-1.4763769027017137,-0.3783153271938415,1.93180822249259,-1.8440030675669328,-2.09736040220824,-2.175020095558356,0.4248619011535975,0.681762728673529,-1.7282412767624238,1.0774398873655735,-2.3743967524379728,-0.7305534912500654,-0.6667853939267255,-0.9987434084639011,0.9716880772138216,-0.4687128188927879,0.4372419832494518,-1.407350857885128,-0.7248562901106728,-1.8828572991034327,-1.621093638665627,1.821945447624769,1.0119510800719718,-2.7101621296418905,-1.9853546954123118,-0.3167026917205813,-0.3833114534769397,-1.0673724499754007,0.6808580771885103,1.5312206753591708,0.4394645653983813,1.5017295882301183,0.9762141198906853,1.8130748419636575,1.6823256589128772,0.29824620252935824,-0.013269756396477097,-1.7893058848333023,-0.7906361229286606,0.5254397085149668
-2.752363841974717,2.167943075433796,-1.2383001252473158,-1.6741607467242656,-2.007243875783914,-0.5392378786336067,2.162061165396777,-1.7466069018234696,-2.3339833329501722,-2.100495249023934,0.5595746751948873,0.8430396597373636,-1.724814705429273,0.5302065925571825,-2.8007057339215944,-0.698913976764671,-0.5286679122308247,-1.3019687486363958,0.9202300540763606,-0.2385628000738271,0.8881659155592255,-1.5593552792413035,-0.5461921623127175,-1.97126660075866,-1.9866029303709298,1.8741272314885078,0.8920313306161168,-3.2265449699992335,-1.9834688580751867,-0.6756698150576982,-0.17015583130863682,-1.408103463093022,0.7350560124784385,1.4543902593114773,0.6355883532204828,1.4747498932823127,0.6980306592907807,1.6823256589128772,2.040111706284361,0.28797728849676485,-0.1773345572756477,-2.1495424881030254,-0.900297658262557,0.6139281424088705
-0.5274810586572258,0.5035647502084999,-0.046549177308526736,0.11887760052173192,-0.16479444350946337,0.24636176969316256,0.4498306752966874,-0.1599090140158968,-0.4783705144363397,-0.6311173566525363,0.15595290735739925,-0.10823701623965334,-0.48186244095155883,-5.194870461847673e-4,-0.22391234132009608,-0.08212707581204345,-0.08944440622927026,0.03264557719247291,0.29084845123451525,-0.19933453254536557,-0.07973066562977128,-0.7996126348175713,-0.33857906952351347,-0.023843024952956524,-0.10795328679088008,0.28629984488380505,0.10687707477968787,-0.39511760434229776,-0.3107017682771284,0.11998870162353568,-0.3907472412667786,-0.10222704486891449,0.023393059895772735,0.14714821438972642,-0.0318434496664588,-0.14536281878751597,0.24800800148971636,0.29824620252935824,0.28797728849676485,0.3045338124920228,-0.19417965724025615,-0.4766462991499609,0.2779569287893246,-0.10261557200995265
0.3966222563968848,-0.4287999957078682,-0.3413958365401715,-0.07135250293448099,0.26921441422919323,-0.2976627464783057,-0.22088848717084478,-0.33961016888126266,0.3483696398640323,0.3251769340694239,-0.2200819192957454,0.3335272882967335,0.31188949044688064,0.6747915606886953,0.15167207541227093,0.06328532231554629,0.022446608315565723,0.13154523827527106,-0.11769244637633809,0.26442329709576096,-0.025867968843542435,0.8795240862252847,0.17793130344970515,-0.4482761745274038,-0.06545290772990098,-0.1356547579856395,0.22360010932959576,0.2718400349490839,0.12705095540506461,0.08576723445242204,0.29153227405446275,0.1098487012627675,-0.09344818360442257,0.18623982910956083,-0.04232036288347752,0.2262004674156432,-0.0603976920863495,-0.013269756396477097,-0.1773345572756477,-0.19417965724025615,0.4183483690204724,0.4835353196694302,-0.3771478010535657,0.1542215310210187
3.291483628698868,-2.674408665314234,1.0893133008837133,1.8155164981831173,2.4248709508935304,0.3274196048936658,-2.31025419920941,1.5570157845293902,2.678694066434877,2.4752803932441148,-0.753066089589685,-0.3816314995309132,2.1341848243496826,0.14187203533151216,3.218010592494296,0.89842906938899,0.588712864466285,1.6253929651984418,-0.9561448747896036,0.6650719253031335,-0.8719987196853278,2.635181264483855,0.6864358200782742,1.67599405980657,1.878878720706967,-2.388471245581798,-0.7401014407862694,3.6964376355519333,2.205845757389706,0.89405492766475,0.49344648045224376,1.528564255850132,-0.9293153924210465,-1.4120176725326035,-0.8603230197332259,-1.4812480052257113,-0.8470461836285852,-1.7893058848333023,-2.1495424881030254,-0.4766462991499609,0.4835353196694302,2.8912263690209508,0.6095320322578094,-0.43958105577426704
0.9973574100660888,-0.5230439314401818,1.054327857110978,1.5173422512854773,1.0183138376781613,0.8992220951103763,-0.6478030286869779,1.1747769432717146,0.6551241235259676,0.3231620237745326,-0.01505736029517485,-0.7778372888542628,0.5326865272872803,-0.8768711543321822,1.6351332517969883,0.3938225943727571,0.26956095300991234,0.8321023435299262,-0.09472318731478856,-0.12340673985162091,-0.5206370336934291,-0.5140158147452604,-0.1092763623452577,1.5869638619514042,1.2146984209139844,-0.9410337323135127,-0.5530595496632992,1.6002592111110217,1.0085655464486432,0.6400041208934073,-0.5095303585899292,0.8341424809615632,-0.49943962238918527,-1.02513967346427,-0.6085821113141474,-1.459362583214202,-0.13066923677115633,-0.7906361229286606,-0.900297658262557,0.2779569287893246,-0.3771478010535657,0.6095320322578094,1.3066909962923325,-0.7179252818164314
-0.7084744729379365,0.3968396681361569,-0.6275069211343065,-0.8430714818199825,-0.6867098445448303,-0.45209719496738165,0.4556995852102284,-0.6513849171480132,-0.477422289330162,-0.3348511858274255,0.07971805753752521,0.43320528534621044,-0.4419319184947879,0.4774877550791775,-0.9771724550916084,-0.2646600215051537,-0.2041573743046629,-0.4974668885094817,0.10575943910516297,0.06263791440248152,0.29305411246740737,0.150286403372368,0.011874888761430648,-0.9215948039754387,-0.765394203915139,0.5079439668024834,0.2751537305374789,-0.9737582882531015,-0.6557815572998077,-0.3776005743035505,0.22532309463192501,-0.540838430266375,0.3268392333867601,0.6183749097164487,0.32197259256754973,0.8000856521928061,0.14644875929702023,0.5254397085149668,0.6139281424088705,-0.10261557200995265,0.1542215310210187,-0.43958105577426704,-0.7179252818164314,0.4511227762095327
