V1,V2,V3,V4,V5,V6,V7,V8,V9,V10,V11,V12,V13,V14,V15,V16,V17,V18,V19,V20,V21,V22,V23,V24,V25,V26,V27,V28,V29,V30,V31,V32,V33,V34,V35,V36,V37,V38,V39,V40,V41,V42,V43,V44
1.8461760206592779,-0.16624924722689102,1.0064085916821008,5.0399615874775625,-0.15976321187031897,1.2709997817869856,-0.9127707448526727,0.3640543757291845,1.1349568210270722,3.0017058599488085,-0.2731976147781198,1.668451429686438,-1.1533712574620474,-0.09109182632381997,-2.8387315811881093,-0.721345159922488,0.693638325142709,0.17137410227417146,1.3518906563176232,-1.380338630863651,0.5017906992621165,-2.3178191209354857,1.0127897357379065,0.3569193263908278,0.23589530236075873,-1.6174380699092783,0.41025255928041277,-3.7227665418174696,1.121573879059066,0.9344287809051535,2.3503106204398145,1.5869748942261828,-3.3281153416255798,-1.4025159100547715,-2.0997820911345686,3.1804382085424487,2.851627835294943,2.0899517644480037,2.267270903237593,-1.8279146462261227,0.8930685302934128,1.1108236436720458,0.07656015876256543,-0.6261391615492216
-0.16624924722689102,0.36111829685158,0.11811406904592642,-1.2308227023547986,0.13249466788355746,0.08694005266992602,0.5028912858459941,-0.29675388042222794,-0.2174439203679857,-0.9149141822969911,0.3288569353227579,-0.28994200288005806,0.2630551944439788,0.48375789538989783,0.8367444419029357,0.1469457049391764,-0.29289483313602277,0.15988746325314437,-0.3880407560964364,0.4039181765581715,-0.07789759003326852,0.47306072070102806,-0.2906182013748134,-0.8033457059029385,0.057071808250280784,0.32391706932573217,-0.16951130522592764,0.9212013791933921,-0.976824619591534,0.07442860792799623,-0.9831531306521077,-0.25828167436753324,0.6079145839367469,0.034140130736228014,0.16601883740252585,-0.6109098185906765,-0.6117727897244636,-0.8494472478470223,-0.5129110151214163,0.6091114046154263,-0.4648664380486672,-0.3102006677841948,-0.24748485017736266,-0.24879497319111388
1.0064085916821008,0.11811406904592642,0.9591443649742607,2.271006276724554,-0.2839915447937891,0.8029845716109117,0.08868439669005702,0.03200343355052088,0.7495516289472065,0.7322771690170057,0.25783364734196196,0.47765176287960415,-0.4462877679668982,0.7060499179119967,-1.3570112754975796,-0.9599661975598232,-0.2335049752442273,-0.031383442534899844,0.0661665450060048,-0.4090522515969839,0.24595895769629372,-0.8778980360242672,0.8309568420967355,-0.8616056477676967,0.26280298707543354,-0.7483557030052107,-0.03902964813576259,-1.380574981371252,0.0022053994238036877,0.6311112143980648,1.159904484867815,0.7108743121899296,-1.3739005636664023,-0.9305805401904977,-1.2055913453639402,1.6489837942520948,1.3079638645997231,0.854091679198569,0.5514119793087766,-0.815017535115228,0.17647357407152184,0.38432990322648525,-0.3674240735912417,-0.5626367568648047
5.0399615874775625,-1.2308227023547986,2.271006276724554,15.603590470456165,-0.5648652803357834,3.1066411663404394,-3.513047180443334,1.579402333986569,3.4055080757794887,9.80696308905924,-1.4007570384903252,5.031175497142577,-3.36726911684814,-1.2285161627000134,-8.988980081525723,-1.9892393950015823,2.5208487882085078,0.2027386551654316,4.560802671013268,-4.372989655938429,1.684614623654891,-6.960933263241956,3.1546060943672423,2.976439894647823,0.36838080214150437,-5.031260390448675,1.5854099372576183,-11.73901284385943,4.871999136354008,2.3226430331157903,8.086481188875192,4.725285335308765,-9.970711559549748,-3.517771263778569,-5.7338195087097015,9.485705515630114,8.602788002095709,7.103690453804465,7.036684519599663,-5.88162505918781,3.450917602382355,3.399500369191026,0.6714210535908268,-0.8955992398749656
-0.15976321187031897,0.13249466788355746,-0.2839915447937891,-0.5648652803357834,0.626741918408708,0.1635722006376435,-0.22381227834250805,-0.16475175800401456,-0.23789467040839274,0.32359571069580034,0.0010669130427394561,0.4780672674866959,0.38147490854950866,-0.05202490815328514,0.8055064930704908,1.0822384407381178,0.5368231017755305,0.5622496772812267,0.8684948097153442,0.13343872176568974,0.4912127118438406,0.022520444861724664,-0.6910231273942282,0.7796758871085984,-0.2945604479934751,-0.26596500880749224,0.4469701861990426,-0.27467637134575834,-0.7399044891087401,0.24674491790010197,-1.023455264134311,0.17251861486332695,-0.24933893420677553,0.42309365791952164,0.11856542007629514,-0.35964335279531856,-0.29856156038396015,-0.7910171524850413,0.4832802641069919,0.6554825146596449,0.16315683380915513,-0.332893081277075,-0.03580141318954925,0.2375583068959483
1.2709997817869856,0.08694005266992602,0.8029845716109117,3.1066411663404394,0.1635722006376435,1.11360229336196,-0.48161675695790335,0.07093436247313217,0.7667883690551276,1.9075716929364466,0.031576603325655116,1.292587407538478,-0.5120304239358544,0.3336120068045126,-1.487774917851065,-0.18145159625047708,0.5001894615548265,0.4095662889150004,1.1593683845757583,-0.7446222904852136,0.6596250958026662,-1.4873184390463596,0.4713481050787229,0.1439642054543336,0.070550876796424,-1.286956495597401,0.4328730817836871,-2.5577983041468118,0.012165470217152797,0.9180751532042171,1.0250921562767263,1.1980218770722597,-2.371282304664395,-0.8747050831459675,-1.5221679707673652,2.080803877133895,1.7809395591832913,0.8867358898588792,1.593826564232827,-0.8369357727514228,0.580688117387906,0.49047629251214914,-0.19826574067646285,-0.4472295814541275
-0.9127707448526727,0.5028912858459941,0.08868439669005702,-3.513047180443334,-0.22381227834250805,-0.48161675695790335,1.4123758673475078,-0.49396012773090564,-0.5130071529256449,-3.005924607678004,0.7301208896019745,-1.5479061235347236,0.7288283314690549,1.0730595302592774,1.843079380477951,-0.42631876328652085,-1.2690896499474524,-0.26362483295957523,-1.8387064979439058,1.193287463417422,-0.5293726564244998,1.7585662083759959,-0.21350708661574835,-2.0322541779419585,0.17278941585021956,1.2405243955482115,-0.7314231993695014,3.1264676995618594,-1.5405462248802109,-0.3665352312414062,-1.6159816125078124,-1.1436253176615152,2.491835425127964,0.3557410398497921,1.0028717561787206,-1.898719256451148,-1.8946445042306803,-1.596104781754044,-2.2119931563022965,1.234539310303725,-1.1322500485503495,-0.8071374415407345,-0.5541399579470482,-0.21891792359462722
0.3640543757291845,-0.29675388042222794,0.03200343355052088,1.579402333986569,-0.16475175800401456,0.07093436247313217,-0.49396012773090564,0.28634071130252886,0.3019194792816454,1.0500161006119342,-0.3038555811188176,0.3951348039278251,-0.3919672445247186,-0.42013769369201626,-1.0393330583393297,-0.2619572337387527,0.2859926295893098,-0.14344776188236286,0.39159381429059625,-0.5037376118790499,0.04796789449219451,-0.6596051886962736,0.36942087899271975,0.6047819677702136,0.017517762762196746,-0.39587905189826217,0.13681346714669163,-1.1194641484455163,0.9582261023530093,0.019727073138153025,1.09378092429094,0.3682570446814371,-0.8411288808329296,-0.23817947818242793,-0.3857387338414104,0.8577794736520787,0.8268100337826904,0.963510161774256,0.6475172064928665,-0.7398600691293183,0.43203600554027505,0.41923756829235664,0.23241972869448557,0.07948406783784133
1.1349568210270722,-0.2174439203679857,0.7495516289472065,3.4055080757794887,-0.23789467040839274,0.7667883690551276,-0.5130071529256449,0.3019194792816454,0.9199864938568217,1.7852418930222367,-0.08642219582027545,0.9286180260807593,-0.6014247655293489,0.1912044970454712,-2.005286735877781,-0.8083135271339241,0.2253612593815773,-0.039336555786670196,0.7243594035007063,-0.7947259326527267,0.4761290027973055,-1.3741131828346707,0.929992342565697,0.2200266534472133,0.1188551780977923,-1.1723581413025916,0.275020748627569,-2.4368388791696067,0.8079995208891564,0.6288154796068461,1.904625670025447,1.040294830942966,-2.0892934218742387,-0.8453663717405305,-1.354244840657187,2.186470210014891,1.8546124172295015,1.5166976927157887,1.231609538168474,-1.2618683710791327,0.7145097786619058,0.611815257265242,-0.1211455363073067,-0.22477435830312067
3.0017058599488085,-0.9149141822969911,0.7322771690170057,9.80696308905924,0.32359571069580034,1.9075716929364466,-3.005924607678004,1.0500161006119342,1.7852418930222367,7.349541658396348,-1.3331816845239504,3.950097951446381,-2.0180969109895726,-1.6657415578903318,-5.20770188329164,0.19755672598990254,2.652442241699567,0.674941306792115,4.224840171581838,-3.0036302554432806,1.4355191191931702,-4.728195170523583,1.1489457487961827,3.6246131316680934,-0.14480405722185508,-3.4669048563878078,1.6069147003107718,-8.21475573142687,3.1921215984666276,1.4738432490488518,4.4176243643041655,3.226016627051521,-6.85780118068443,-1.6735099722615616,-3.3878803654295155,5.718283083439541,5.400573353914819,4.164628380332639,5.488744410593469,-3.3799510053860855,2.620932080995034,2.1153532747942525,0.8568012434681519,-0.12154796541139813
-0.2731976147781198,0.3288569353227579,0.25783364734196196,-1.4007570384903252,0.0010669130427394561,0.031576603325655116,0.7301208896019745,-0.3038555811188176,-0.08642219582027545,-1.3331816845239504,0.5056554997858668,-0.5522310143383555,0.4613475219188278,0.8592721156041625,0.8598014177484061,-0.19898813912747024,-0.6176446183541002,0.025214537861722296,-0.6794438837909761,0.6098824733736723,0.033282141560307614,0.7384201631428344,-0.05363450499659063,-1.0583223533267676,0.044974025780948106,0.29924910394986903,-0.22675026963544978,1.160933907352123,-1.1104240969598083,0.10038557510091199,-0.8147343905531851,-0.33137796811735853,0.8572789232152964,0.09973969229358418,0.2265774653653492,-0.6343543015239971,-0.7506016369220724,-0.8744154009737075,-0.9165101687424272,0.6624082447583884,-0.45325436387906975,-0.4904815757043375,-0.4829170340504723,-0.13716229445387534
1.668451429686438,-0.28994200288005806,0.47765176287960415,5.031175497142577,0.4780672674866959,1.292587407538478,-1.5479061235347236,0.3951348039278251,0.9286180260807593,3.950097951446381,-0.5522310143383555,2.360833476639289,-0.8753483954098382,-0.6071295843243978,-2.386486525851823,0.50141063372627,1.544684559181222,0.6873471862335268,2.595666396792313,-1.4859759558272105,1.0610671526034063,-2.539652147434249,0.34369710102130924,1.9244883434538735,-0.16217502594768365,-2.0512576228744677,1.0346769173440693,-4.530814015199063,1.0192315657815083,1.0703277458929348,1.7796345095529074,1.880401508592396,-3.8814603763273463,-0.8469620297752171,-1.9422835021981366,3.018056747421914,2.802200569345135,1.7289709632315842,3.123871819655213,-1.4430849433737996,1.38617072025443,0.930323318993025,0.27640657001081814,-0.11795716519225755
-1.1533712574620474,0.2630551944439788,-0.4462877679668982,-3.36726911684814,0.38147490854950866,-0.5120304239358544,0.7288283314690549,-0.3919672445247186,-0.6014247655293489,-2.0180969109895726,0.4613475219188278,-0.8753483954098382,1.1307115142228124,0.6419718761440744,2.185112605653566,0.6843126139408168,-0.4656458564932192,0.1891513781784517,-0.545754903570706,1.1250050166457992,0.20111531946419758,1.5820296601219301,-0.7512442641439161,-0.24136658021320645,-0.2984356824597618,0.658569460321985,-0.02108298883702381,2.1679521715561045,-1.532979449881969,-0.21042015047489815,-1.9218296387319949,-0.7998360019729643,1.90166563589139,1.0235836923316521,1.1826828353259615,-1.9670317328931153,-1.9208360170258547,-1.8343705952555054,-1.405153563261795,1.5739802988673748,-0.46049253183824307,-1.068246755520875,-0.4348982080012703,0.4967875718271101
-0.09109182632381997,0.48375789538989783,0.7060499179119967,-1.2285161627000134,-0.05202490815328514,0.3336120068045126,1.0730595302592774,-0.42013769369201626,0.1912044970454712,-1.6657415578903318,0.8592721156041625,-0.6071295843243978,0.6419718761440744,1.5937167720781462,0.8106696467114606,-0.5988888342918774,-0.9793165606263434,0.05274449406519494,-0.8664111561429026,0.7993500257818974,0.2973017863024407,0.8098272825105758,0.22791641194642406,-1.6840533887905365,0.08846222757511371,0.052479174353426965,-0.2526308287266971,1.1071290446408324,-1.6813855586655184,0.42389941395809627,-0.7499625927761048,-0.18308237799317978,0.7251559652519906,-0.08159285176619363,-0.08147402814260434,-0.32392900722951046,-0.6601233178164945,-1.0094069124652678,-1.1432751159428431,0.7384198094858087,-0.48964090362068874,-0.6771232322330082,-0.9114127577211074,-0.2647736845900157
-2.8387315811881093,0.8367444419029357,-1.3570112754975796,-8.988980081525723,0.8055064930704908,-1.487774917851065,1.843079380477951,-1.0393330583393297,-2.005286735877781,-5.20770188329164,0.8598014177484061,-2.386486525851823,2.185112605653566,0.8106696467114606,5.582638165786533,1.8765236945159096,-1.0352361307884632,0.3596188496617765,-1.8535502334543699,2.5503361750920015,-0.48050285469621923,3.8501997096105884,-2.2298726111460927,-1.1938066319890364,-0.42043853685595695,2.4990933575956116,-0.5266159593301069,6.22270960154602,-3.4310116329425138,-0.9937843226111117,-5.279637161312089,-2.4207629703926807,5.238371896694601,2.2111893135646397,3.159116886489435,-5.423775643612842,-4.9376939478049655,-4.584299506406592,-3.52126831064416,3.7811826474766743,-1.7922562808381353,-2.171968356440125,-0.49749840854828326,0.6233007439009992
-0.721345159922488,0.1469457049391764,-0.9599661975598232,-1.9892393950015823,1.0822384407381178,-0.18145159625047708,-0.42631876328652085,-0.2619572337387527,-0.8083135271339241,0.19755672598990254,-0.19898813912747024,0.50141063372627,0.6843126139408168,-0.5988888342918774,1.8765236945159096,2.1810814928602955,1.001403455283205,0.8655189417879677,1.278980070687776,0.33301068961032854,0.4919351669266249,0.41250052402082665,-1.517261015488291,1.6039094587931808,-0.5420261700503695,0.06507106410285073,0.6517330494062057,0.3055808836978417,-1.01140552796803,-0.006800438724928,-2.169478153973997,-0.1290041556907085,0.31327897155916484,1.0585739954562061,0.7985822811679303,-1.4008357899134258,-1.0743578485055743,-1.5851667573949435,0.5263193627787449,1.347962717253209,0.10165992477877558,-0.6016803145906714,0.24121683560519505,0.5625750964163775
0.693638325142709,-0.29289483313602277,-0.2335049752442273,2.5208487882085078,0.5368231017755305,0.5001894615548265,-1.2690896499474524,0.2859926295893098,0.2253612593815773,2.652442241699567,-0.6176446183541002,1.544684559181222,-0.4656458564932192,-0.9793165606263434,-1.0352361307884632,1.001403455283205,1.3749948424398615,0.5537893711742741,1.9700379633116085,-0.9384719163609483,0.6096621994078304,-1.461398653420767,-0.2597651438718435,2.0063284341695757,-0.2692519773691304,-1.090911182883011,0.8023103775556816,-2.6554335953225436,0.8411805050733131,0.414178465886728,0.6536118997930236,1.0076627462894667,-2.170549872625,-0.1134061017084468,-0.7638796842637867,1.3242910367008431,1.3948013828898884,0.842258866688286,2.1192552874218773,-0.6476128694801011,0.9394329230451849,0.5329888191182064,0.49104053849890644,0.20977095888545275
0.17137410227417146,0.15988746325314437,-0.031383442534899844,0.2027386551654316,0.5622496772812267,0.4095662889150004,-0.26362483295957523,-0.14344776188236286,-0.039336555786670196,0.674941306792115,0.025214537861722296,0.6873471862335268,0.1891513781784517,0.05274449406519494,0.3596188496617765,0.8655189417879677,0.5537893711742741,0.5783589568750171,0.9683670269379444,-0.051738253971227326,0.5398277536484665,-0.31470941235397565,-0.4763357635226069,0.6086570091990504,-0.2168582785681721,-0.49744991030180247,0.4523105424606064,-0.774974331934608,-0.6650972225248843,0.4231243195009777,-0.6741856812248431,0.40939274130609954,-0.737452595791891,0.13033271340281732,-0.25877023609487376,0.16536812350627603,0.15100550871719373,-0.4903525697136012,0.7580829151122623,0.37469514331019604,0.23262246448675022,-0.16374317299229488,-0.08149485697737535,0.052325845458640705
1.3518906563176232,-0.3880407560964364,0.0661665450060048,4.560802671013268,0.8684948097153442,1.1593683845757583,-1.8387064979439058,0.39159381429059625,0.7243594035007063,4.224840171581838,-0.6794438837909761,2.595666396792313,-0.545754903570706,-0.8664111561429026,-1.8535502334543699,1.278980070687776,1.9700379633116085,0.9683670269379444,3.230826647465695,-1.388359183848465,1.4156694636206426,-2.4117213604690764,-0.1079646672802366,2.8949239506361844,-0.4567752371669275,-2.2057011860725613,1.3984094434106757,-4.687534795436274,0.8648675685889294,1.0710139664688123,1.2745745483612236,1.9113321957791205,-3.8895508366127793,-0.3258621698611588,-1.6228206475554132,2.6336802962522357,2.497090762535915,1.3317147345280465,3.38765524955175,-1.0335271459377082,1.6557664313904121,0.6711825227430607,0.3512784162766701,0.31983552934055137
-1.380338630863651,0.4039181765581715,-0.4090522515969839,-4.372989655938429,0.13343872176568974,-0.7446222904852136,1.193287463417422,-0.5037376118790499,-0.7947259326527267,-3.0036302554432806,0.6098824733736723,-1.4859759558272105,1.1250050166457992,0.7993500257818974,2.5503361750920015,0.33301068961032854,-0.9384719163609483,-0.051738253971227326,-1.388359183848465,1.389654747755046,-0.26766235503960845,2.0734450165179563,-0.7152124573243992,-1.1229560658918372,-0.11550700952219697,1.2563430964554048,-0.43506020030436854,3.3076186990879743,-1.707513383660735,-0.4776457362585003,-2.2318435252404014,-1.2638464305233765,2.792003150660905,0.9649800203940727,1.497679033676263,-2.5406774503849796,-2.4311890968633576,-2.1027917838569947,-2.1726254190998406,1.7421520899402236,-0.9517872856097724,-1.1246130449237208,-0.46667886404420283,0.26334526082030374
0.5017906992621165,-0.07789759003326852,0.24595895769629372,1.684614623654891,0.4912127118438406,0.6596250958026662,-0.5293726564244998,0.04796789449219451,0.4761290027973055,1.4355191191931702,0.033282141560307614,1.0610671526034063,0.20111531946419758,0.2973017863024407,-0.48050285469621923,0.4919351669266249,0.6096621994078304,0.5398277536484665,1.4156694636206426,-0.26766235503960845,1.0602860158399747,-0.7586842311636999,0.024107128082911437,1.0801782857793383,-0.31846998368558405,-1.2216783463787813,0.7382936088746661,-1.9705598986844681,-0.3134672129318519,0.744837088374522,0.3352891609452279,0.9109619275335396,-1.6300950745826908,0.020435897332363177,-0.743628971500444,1.1253153734831758,0.8738972535848075,0.17442630761531064,1.1942464592574056,-0.09311752972982036,0.7970581826581937,-0.10671149367024334,-0.28481067582975633,0.30031639175490965
-2.3178191209354857,0.47306072070102806,-0.8778980360242672,-6.960933263241956,0.022520444861724664,-1.4873184390463596,1.7585662083759959,-0.6596051886962736,-1.3741131828346707,-4.728195170523583,0.7384201631428344,-2.539652147434249,1.5820296601219301,0.8098272825105758,3.8501997096105884,0.41250052402082665,-1.461398653420767,-0.31470941235397565,-2.4117213604690764,2.0734450165179563,-0.7586842311636999,3.3063127926213065,-1.080014236318367,-1.6046558980322028,-0.12897872603092628,2.269246970999043,-0.8266270396930248,5.454725596188143,-2.0713842457426166,-1.0856583349111149,-3.2361423540124634,-2.199491787062297,4.6910923456327325,1.5630023277969702,2.603100744589883,-4.17981305209734,-3.885329509935899,-2.996522541603127,-3.535528324477696,2.5221275084773795,-1.5333219417971595,-1.585420474375678,-0.4556712013050272,0.4749566116858507
1.0127897357379065,-0.2906182013748134,0.8309568420967355,3.1546060943672423,-0.6910231273942282,0.4713481050787229,-0.21350708661574835,0.36942087899271975,0.929992342565697,1.1489457487961827,-0.05363450499659063,0.34369710102130924,-0.7512442641439161,0.22791641194642406,-2.2298726111460927,-1.517261015488291,-0.2597651438718435,-0.4763357635226069,-0.1079646672802366,-0.7152124573243992,0.024107128082911437,-1.080014236318367,1.3211991968278425,-0.42661843251906617,0.3095551409431722,-0.7508788188987808,-0.12412828937489732,-1.7243318470174183,1.2207770347497113,0.31040220682589037,2.3464141008228476,0.6918324476274295,-1.4543973655738414,-0.979350515737189,-1.1574725734067821,2.032687125737192,1.7061669785331237,1.8372451173631132,0.5709330798375023,-1.5104578319215611,0.4650603818507116,0.7228199661667957,-0.09531654725992367,-0.33560029388356516
0.3569193263908278,-0.8033457059029385,-0.8616056477676967,2.976439894647823,0.7796758871085984,0.1439642054543336,-2.0322541779419585,0.6047819677702136,0.2200266534472133,3.6246131316680934,-1.0583223533267676,1.9244883434538735,-0.24136658021320645,-1.6840533887905365,-1.1938066319890364,1.6039094587931808,2.0063284341695757,0.6086570091990504,2.8949239506361844,-1.1229560658918372,1.0801782857793383,-1.6046558980322028,-0.42661843251906617,3.8966008704700443,-0.6733588797024846,-1.516002693435415,1.348083323169961,-3.5188852182219805,1.6686225938118806,0.2615662738415665,1.122960478904758,1.1975504951631222,-2.531681970229109,0.5438790493462449,-0.43081445013841224,1.3441181975818997,1.4758016851999942,1.2220566966354829,2.6835556908565152,-0.738035976831429,1.7014910860917174,0.4639408223167867,0.7758690943315225,1.0702166571134808
0.23589530236075873,0.057071808250280784,0.26280298707543354,0.36838080214150437,-0.2945604479934751,0.070550876796424,0.17278941585021956,0.017517762762196746,0.1188551780977923,-0.14480405722185508,0.044974025780948106,-0.16217502594768365,-0.2984356824597618,0.08846222757511371,-0.42043853685595695,-0.5420261700503695,-0.2692519773691304,-0.2168582785681721,-0.4567752371669275,-0.11550700952219697,-0.31846998368558405,-0.12897872603092628,0.3095551409431722,-0.6733588797024846,0.22751558147087833,0.15292058593527635,-0.28053936064722274,0.1106078611490313,0.20493412545790016,-0.04102872000017993,0.3836987542546909,-0.03752475480959695,0.002491680472747975,-0.3939065317389916,-0.21872180753411255,0.27164527208734723,0.2459016722068107,0.33543224011065836,-0.15216748060814006,-0.3406978899681972,-0.20687082738152907,0.2399388698503504,0.009357455602791605,-0.3378494285411489
-1.6174380699092783,0.32391706932573217,-0.7483557030052107,-5.031260390448675,-0.26596500880749224,-1.286956495597401,1.2405243955482115,-0.39587905189826217,-1.1723581413025916,-3.4669048563878078,0.29924910394986903,-2.0512576228744677,0.658569460321985,0.052479174353426965,2.4990933575956116,0.06507106410285073,-1.090911182883011,-0.49744991030180247,-2.2057011860725613,1.2563430964554048,-1.2216783463787813,2.269246970999043,-0.7508788188987808,-1.516002693435415,0.15292058593527635,2.1549732196868305,-0.9518028621427931,4.341517577868241,-0.8682083093190179,-1.1520424028613363,-2.1368548779175356,-1.8477278678058502,3.6723582288996637,0.8458428401783786,1.9710018148338273,-3.1447744846094743,-2.73970200158073,-1.8004168556962792,-2.6356333634848403,1.4575451194948064,-1.4221068259707053,-0.7344222907352214,0.06302468985088894,0.01710272670218661
0.41025255928041277,-0.16951130522592764,-0.03902964813576259,1.5854099372576183,0.4469701861990426,0.4328730817836871,-0.7314231993695014,0.13681346714669163,0.275020748627569,1.6069147003107718,-0.22675026963544978,1.0346769173440693,-0.02108298883702381,-0.2526308287266971,-0.5266159593301069,0.6517330494062057,0.8023103775556816,0.4523105424606064,1.3984094434106757,-0.43506020030436854,0.7382936088746661,-0.8266270396930248,-0.12412828937489732,1.348083323169961,-0.28053936064722274,-0.9518028621427931,0.6628937072062593,-1.8356145852455958,0.17361207340661636,0.46486539806650146,0.35667593413388254,0.7606151591261942,-1.4779663856775271,0.05299024308561283,-0.544560305727918,0.91578651636182,0.8339829627027636,0.3481282210046445,1.2969005188541436,-0.22800145088993104,0.7388633373231133,0.10319809236801943,0.057203305997101245,0.2939923558823526
-3.7227665418174696,0.9212013791933921,-1.380574981371252,-11.73901284385943,-0.27467637134575834,-2.5577983041468118,3.1264676995618594,-1.1194641484455163,-2.4368388791696067,-8.21475573142687,1.160933907352123,-4.530814015199063,2.1679521715561045,1.1071290446408324,6.22270960154602,0.3055808836978417,-2.6554335953225436,-0.774974331934608,-4.687534795436274,3.3076186990879743,-1.9705598986844681,5.454725596188143,-1.7243318470174183,-3.5188852182219805,0.1106078611490313,4.341517577868241,-1.8356145852455958,9.685571431325302,-3.1570455687046253,-2.079063442087587,-5.3506114708056725,-3.9409988881168903,8.17106109938357,2.1778546019025207,4.320695025853665,-7.08271883854743,-6.450610451016858,-4.792359790592893,-6.133870399845425,3.9225750774059573,-3.041299828299527,-2.277228005729696,-0.5115544920375205,0.2735853990897072
1.121573879059066,-0.976824619591534,0.0022053994238036877,4.871999136354008,-0.7399044891087401,0.012165470217152797,-1.5405462248802109,0.9582261023530093,0.8079995208891564,3.1921215984666276,-1.1104240969598083,1.0192315657815083,-1.532979449881969,-1.6813855586655184,-3.4310116329425138,-1.01140552796803,0.8411805050733131,-0.6650972225248843,0.8648675685889294,-1.707513383660735,-0.3134672129318519,-2.0713842457426166,1.2207770347497113,1.6686225938118806,0.20493412545790016,-0.8682083093190179,0.17361207340661636,-3.1570455687046253,3.4770791573420663,-0.2319184443617357,3.594093464944302,0.930536256070967,-2.350737167132077,-0.8853207022143779,-1.0746110649851761,2.5558465715147993,2.5924126612733014,3.2829098271064514,1.891427144887324,-2.5573636508312068,1.1531401795414713,1.567015345972298,0.9884978018545948,0.07491703095925491
0.9344287809051535,0.07442860792799623,0.6311112143980648,2.3226430331157903,0.24674491790010197,0.9180751532042171,-0.3665352312414062,0.019727073138153025,0.6288154796068461,1.4738432490488518,0.10038557510091199,1.0703277458929348,-0.21042015047489815,0.42389941395809627,-0.9937843226111117,-0.006800438724928,0.414178465886728,0.4231243195009777,1.0710139664688123,-0.4776457362585003,0.744837088374522,-1.0856583349111149,0.31040220682589037,0.2615662738415665,-0.04102872000017993,-1.1520424028613363,0.46486539806650146,-2.079063442087587,-0.2319184443617357,0.828396424153177,0.6603702493223983,0.9982744022263792,-1.8991900538924607,-0.5486497960667944,-1.1747166049620001,1.5968707027054507,1.3130658811172038,0.5105688916455788,1.2548591851093274,-0.484899191975262,0.5501284269982807,0.21916363601298103,-0.28032479484635753,-0.21956423608241277
2.3503106204398145,-0.9831531306521077,1.159904484867815,8.086481188875192,-1.023455264134311,1.0250921562767263,-1.6159816125078124,1.09378092429094,1.904625670025447,4.4176243643041655,-0.8147343905531851,1.7796345095529074,-1.9218296387319949,-0.7499625927761048,-5.279637161312089,-2.169478153973997,0.6536118997930236,-0.6741856812248431,1.2745745483612236,-2.2318435252404014,0.3352891609452279,-3.2361423540124634,2.3464141008228476,1.122960478904758,0.3836987542546909,-2.1368548779175356,0.35667593413388254,-5.3506114708056725,3.594093464944302,0.6603702493223983,5.341317179015577,2.000903102092098,-4.343887745314603,-1.8742917544775781,-2.62189532325057,4.832912264485907,4.352914599696645,4.496731643769379,2.7488427145096987,-3.6175792444741592,1.7068939621553614,1.9466867126865333,0.44639522875080617,-0.31846643619065873
1.5869748942261828,-0.25828167436753324,0.7108743121899296,4.725285335308765,0.17251861486332695,1.1980218770722597,-1.1436253176615152,0.3682570446814371,1.040294830942966,3.226016627051521,-0.33137796811735853,1.880401508592396,-0.7998360019729643,-0.18308237799317978,-2.4207629703926807,-0.1290041556907085,1.0076627462894667,0.40939274130609954,1.9113321957791205,-1.2638464305233765,0.9109619275335396,-2.199491787062297,0.6918324476274295,1.1975504951631222,-0.03752475480959695,-1.8477278678058502,0.7606151591261942,-3.9409988881168903,0.930536256070967,0.9982744022263792,2.000903102092098,1.666910923568329,-3.389509902985701,-0.9451530461338874,-1.8754566498277867,2.931459190406574,2.6121295695865836,1.7628838013706967,2.470983464751463,-1.472411606992123,1.1836890005598901,0.8361027596361966,0.05526037989794657,-0.19888425294998632
-3.3281153416255798,0.6079145839367469,-1.3739005636664023,-9.970711559549748,-0.24933893420677553,-2.371282304664395,2.491835425127964,-0.8411288808329296,-2.0892934218742387,-6.85780118068443,0.8572789232152964,-3.8814603763273463,1.90166563589139,0.7251559652519906,5.238371896694601,0.31327897155916484,-2.170549872625,-0.737452595791891,-3.8895508366127793,2.792003150660905,-1.6300950745826908,4.6910923456327325,-1.4543973655738414,-2.531681970229109,0.002491680472747975,3.6723582288996637,-1.4779663856775271,8.17106109938357,-2.350737167132077,-1.8991900538924607,-4.343887745314603,-3.389509902985701,7.020683645348013,2.054798296176047,3.8548921764627115,-6.100302771744895,-5.537169927028675,-3.9196479315452666,-5.211559400230849,3.282769705564476,-2.410694749003665,-1.9519267511655716,-0.33923485553057486,0.49348393575997385
-1.4025159100547715,0.034140130736228014,-0.9305805401904977,-3.517771263778569,0.42309365791952164,-0.8747050831459675,0.3557410398497921,-0.23817947818242793,-0.8453663717405305,-1.6735099722615616,0.09973969229358418,-0.8469620297752171,1.0235836923316521,-0.08159285176619363,2.2111893135646397,1.0585739954562061,-0.1134061017084468,0.13033271340281732,-0.3258621698611588,0.9649800203940727,0.020435897332363177,1.5630023277969702,-0.979350515737189,0.5438790493462449,-0.3939065317389916,0.8458428401783786,0.05299024308561283,2.1778546019025207,-0.8853207022143779,-0.5486497960667944,-1.8742917544775781,-0.9451530461338874,2.054798296176047,1.3004510570503238,1.5473811741228927,-2.2734765956323177,-2.029946443133705,-1.6478458090967794,-1.2171481982635601,1.4938650857604017,-0.3261016983420354,-0.9337370739082607,-0.032646939958517335,0.7567598371469925
-2.0997820911345686,0.16601883740252585,-1.2055913453639402,-5.7338195087097015,0.11856542007629514,-1.5221679707673652,1.0028717561787206,-0.3857387338414104,-1.354244840657187,-3.3878803654295155,0.2265774653653492,-1.9422835021981366,1.1826828353259615,-0.08147402814260434,3.159116886489435,0.7985822811679303,-0.7638796842637867,-0.25877023609487376,-1.6228206475554132,1.497679033676263,-0.743628971500444,2.603100744589883,-1.1574725734067821,-0.43081445013841224,-0.21872180753411255,1.9710018148338273,-0.544560305727918,4.320695025853665,-1.0746110649851761,-1.1747166049620001,-2.62189532325057,-1.8754566498277867,3.8548921764627115,1.5473811741228927,2.435682189458649,-3.661645222251368,-3.2252279101538273,-2.2726312176133185,-2.5756911408457173,1.9832173702484983,-1.0776347611452952,-1.1523428679271346,0.03722369374425644,0.6505530438447307
3.1804382085424487,-0.6109098185906765,1.6489837942520948,9.485705515630114,-0.35964335279531856,2.080803877133895,-1.898719256451148,0.8577794736520787,2.186470210014891,5.718283083439541,-0.6343543015239971,3.018056747421914,-1.9670317328931153,-0.32392900722951046,-5.423775643612842,-1.4008357899134258,1.3242910367008431,0.16536812350627603,2.6336802962522357,-2.5406774503849796,1.1253153734831758,-4.17981305209734,2.032687125737192,1.3441181975818997,0.27164527208734723,-3.1447744846094743,0.91578651636182,-7.08271883854743,2.5558465715147993,1.5968707027054507,4.832912264485907,2.931459190406574,-6.100302771744895,-2.2734765956323177,-3.661645222251368,5.893900198244395,5.250604778296388,4.166780869276218,4.137377830495613,-3.4921279419567397,2.005577604900833,1.9673052616594477,0.17090663316033852,-0.6897373401834095
2.851627835294943,-0.6117727897244636,1.3079638645997231,8.602788002095709,-0.29856156038396015,1.7809395591832913,-1.8946445042306803,0.8268100337826904,1.8546124172295015,5.400573353914819,-0.7506016369220724,2.802200569345135,-1.9208360170258547,-0.6601233178164945,-4.9376939478049655,-1.0743578485055743,1.3948013828898884,0.15100550871719373,2.497090762535915,-2.4311890968633576,0.8738972535848075,-3.885329509935899,1.7061669785331237,1.4758016851999942,0.2459016722068107,-2.73970200158073,0.8339829627027636,-6.450610451016858,2.5924126612733014,1.3130658811172038,4.352914599696645,2.6121295695865836,-5.537169927028675,-2.029946443133705,-3.2252279101538273,5.250604778296388,4.781524929190435,3.863449094553989,3.9181907024245217,-3.2376753174698147,1.8204159117010092,1.9123945481293985,0.3746210370806848,-0.6204332892344955
2.0899517644480037,-0.8494472478470223,0.854091679198569,7.103690453804465,-0.7910171524850413,0.8867358898588792,-1.596104781754044,0.963510161774256,1.5166976927157887,4.164628380332639,-0.8744154009737075,1.7289709632315842,-1.8343705952555054,-1.0094069124652678,-4.584299506406592,-1.5851667573949435,0.842258866688286,-0.4903525697136012,1.3317147345280465,-2.1027917838569947,0.17442630761531064,-2.996522541603127,1.8372451173631132,1.2220566966354829,0.33543224011065836,-1.8004168556962792,0.3481282210046445,-4.792359790592893,3.2829098271064514,0.5105688916455788,4.496731643769379,1.7628838013706967,-3.9196479315452666,-1.6478458090967794,-2.2726312176133185,4.166780869276218,3.863449094553989,3.933611573350624,2.693251033862483,-3.182450000361191,1.4733418874136937,1.8390968330145006,0.6078481927933942,-0.3445942116167603
2.267270903237593,-0.5129110151214163,0.5514119793087766,7.036684519599663,0.4832802641069919,1.593826564232827,-2.2119931563022965,0.6475172064928665,1.231609538168474,5.488744410593469,-0.9165101687424272,3.123871819655213,-1.405153563261795,-1.1432751159428431,-3.52126831064416,0.5263193627787449,2.1192552874218773,0.7580829151122623,3.38765524955175,-2.1726254190998406,1.1942464592574056,-3.535528324477696,0.5709330798375023,2.6835556908565152,-0.15216748060814006,-2.6356333634848403,1.2969005188541436,-6.133870399845425,1.891427144887324,1.2548591851093274,2.7488427145096987,2.470983464751463,-5.211559400230849,-1.2171481982635601,-2.5756911408457173,4.137377830495613,3.9181907024245217,2.693251033862483,4.251247460883516,-2.2296346147402626,1.87833194191759,1.4667274802205967,0.5800257116156314,-0.17839573288436492
-1.8279146462261227,0.6091114046154263,-0.815017535115228,-5.88162505918781,0.6554825146596449,-0.8369357727514228,1.234539310303725,-0.7398600691293183,-1.2618683710791327,-3.3799510053860855,0.6624082447583884,-1.4430849433737996,1.5739802988673748,0.7384198094858087,3.7811826474766743,1.347962717253209,-0.6476128694801011,0.37469514331019604,-1.0335271459377082,1.7421520899402236,-0.09311752972982036,2.5221275084773795,-1.5104578319215611,-0.738035976831429,-0.3406978899681972,1.4575451194948064,-0.22800145088993104,3.9225750774059573,-2.5573636508312068,-0.484899191975262,-3.6175792444741592,-1.472411606992123,3.282769705564476,1.4938650857604017,1.9832173702484983,-3.4921279419567397,-3.2376753174698147,-3.182450000361191,-2.2296346147402626,2.626378720590509,-1.1087764992507152,-1.5501874490888021,-0.46610370741646,0.44674805779036586
0.8930685302934128,-0.4648664380486672,0.17647357407152184,3.450917602382355,0.16315683380915513,0.580688117387906,-1.1322500485503495,0.43203600554027505,0.7145097786619058,2.620932080995034,-0.45325436387906975,1.38617072025443,-0.46049253183824307,-0.48964090362068874,-1.7922562808381353,0.10165992477877558,0.9394329230451849,0.23262246448675022,1.6557664313904121,-0.9517872856097724,0.7970581826581937,-1.5333219417971595,0.4650603818507116,1.7014910860917174,-0.20687082738152907,-1.4221068259707053,0.7388633373231133,-3.041299828299527,1.1531401795414713,0.5501284269982807,1.7068939621553614,1.1836890005598901,-2.410694749003665,-0.3261016983420354,-1.0776347611452952,2.005577604900833,1.8204159117010092,1.4733418874136937,1.87833194191759,-1.1087764992507152,1.1750979698461457,0.5574020119058914,0.19043922522963483,0.29730933969581785
1.1108236436720458,-0.3102006677841948,0.38432990322648525,3.399500369191026,-0.332893081277075,0.49047629251214914,-0.8071374415407345,0.41923756829235664,0.611815257265242,2.1153532747942525,-0.4904815757043375,0.930323318993025,-1.068246755520875,-0.6771232322330082,-2.171968356440125,-0.6016803145906714,0.5329888191182064,-0.16374317299229488,0.6711825227430607,-1.1246130449237208,-0.10671149367024334,-1.585420474375678,0.7228199661667957,0.4639408223167867,0.2399388698503504,-0.7344222907352214,0.10319809236801943,-2.277228005729696,1.567015345972298,0.21916363601298103,1.9466867126865333,0.8361027596361966,-1.9519267511655716,-0.9337370739082607,-1.1523428679271346,1.9673052616594477,1.9123945481293985,1.8390968330145006,1.4667274802205967,-1.5501874490888021,0.5574020119058914,1.0301746777826666,0.4374316697415464,-0.3835030136559015
0.07656015876256543,-0.24748485017736266,-0.3674240735912417,0.6714210535908268,-0.03580141318954925,-0.19826574067646285,-0.5541399579470482,0.23241972869448557,-0.1211455363073067,0.8568012434681519,-0.4829170340504723,0.27640657001081814,-0.4348982080012703,-0.9114127577211074,-0.49749840854828326,0.24121683560519505,0.49104053849890644,-0.08149485697737535,0.3512784162766701,-0.46667886404420283,-0.28481067582975633,-0.4556712013050272,-0.09531654725992367,0.7758690943315225,0.009357455602791605,0.06302468985088894,0.057203305997101245,-0.5115544920375205,0.9884978018545948,-0.28032479484635753,0.44639522875080617,0.05526037989794657,-0.33923485553057486,-0.032646939958517335,0.03722369374425644,0.17090663316033852,0.3746210370806848,0.6078481927933942,0.5800257116156314,-0.46610370741646,0.19043922522963483,0.4374316697415464,0.5403979161589393,0.05925527543723452
-0.6261391615492216,-0.24879497319111388,-0.5626367568648047,-0.8955992398749656,0.2375583068959483,-0.4472295814541275,-0.21891792359462722,0.07948406783784133,-0.22477435830312067,-0.12154796541139813,-0.13716229445387534,-0.11795716519225755,0.4967875718271101,-0.2647736845900157,0.6233007439009992,0.5625750964163775,0.20977095888545275,0.052325845458640705,0.31983552934055137,0.26334526082030374,0.30031639175490965,0.4749566116858507,-0.33560029388356516,1.0702166571134808,-0.3378494285411489,0.01710272670218661,0.2939923558823526,0.2735853990897072,0.07491703095925491,-0.21956423608241277,-0.31846643619065873,-0.19888425294998632,0.49348393575997385,0.7567598371469925,0.6505530438447307,-0.6897373401834095,-0.6204332892344955,-0.3445942116167603,-0.17839573288436492,0.44674805779036586,0.29730933969581785,-0.3835030136559015,0.05925527543723452,0.7028359782114098
