V1,V2,V3,V4,V5,V6,V7,V8,V9,V10,V11,V12,V13,V14,V15,V16,V17,V18,V19,V20,V21,V22,V23,V24,V25,V26,V27,V28,V29,V30,V31,V32,V33,V34,V35,V36,V37,V38,V39,V40,V41,V42,V43,V44
13.100961333500035,-3.5172135667865105,4.716117764093988,41.21336882896614,-0.5946817891035345,7.912831398833529,-10.640937336944196,4.308351907488944,8.156441717867148,27.950530028515395,-4.701496627101834,14.437234465367938,-9.233032737525082,-5.32200012827894,-23.2394757350378,-2.930128559141843,8.513938709341227,1.268595478219724,13.984631285472734,-12.221652863300442,4.443773085750504,-19.0850461055424,6.971827652813895,10.50527891473026,0.541491305607549,-13.337237263342168,4.88647120537834,-32.065351601972736,13.696979085760038,5.7965255743390625,20.355062165222662,12.658778211090835,-27.096853870224194,-8.626621203727602,-14.662043659145933,24.546663929824845,22.827976819297305,18.599165890041093,20.370987662214464,-15.335191665026468,9.594821652982297,9.34752934795238,2.9010899926406917,-1.9586205650569624
-3.5172135667865105,1.4526695344580067,-1.0498139674220548,-12.252033856340088,0.22771165641901886,-1.9225428198076966,3.425407718880688,-1.4872314482777926,-2.4272304127822735,-8.508185001021104,1.5943829295110814,-4.1688433280434465,2.525809014895475,1.8798296289354255,6.994713842953387,0.8144887569938457,-2.6525267470775695,-0.22307722194139828,-4.360239914058553,3.5844121239127342,-1.54054217247529,5.443476907831952,-2.217673794382802,-4.065912637701512,0.08854873729347014,4.097765564614889,-1.6511676100332953,9.664826106220607,-4.692353656647661,-1.4857660503258445,-6.520292306324986,-3.681992866669217,7.876192236227791,2.0633046312392094,3.9434830957983467,-7.177169955902522,-6.671925656718541,-5.832970134950042,-5.965691355217157,4.621997262597406,-3.292028030696918,-2.6452379112847115,-0.9428002810558996,-0.042063088886189676
4.716117764093988,-1.0498139674220548,2.1349872613191065,14.251060156489748,-0.3546900598058096,2.918098242530185,-3.113984703861571,1.237515901737192,2.818223705782304,9.30836881266218,-1.2860812946815121,4.76865984510794,-3.2577751216052877,-1.288452124874063,-8.00713595431095,-1.3222729374109632,2.669633808186389,0.5485885645253957,4.576078611034916,-4.042978834961823,1.5540417989768054,-6.399068415513911,2.8341397699778597,2.701774657079828,0.2381068659841114,-4.699500778391519,1.487689806807932,-10.85630957710271,4.259278047645385,2.179656053126099,6.878062558272616,4.339920461004001,-9.330479735157166,-3.17701874315592,-5.2100834494705435,8.742831930266654,8.079123054998988,6.331407772696925,6.762457967667967,-5.223164262699187,3.1455120268932273,3.133791094153735,0.6810192316612741,-1.033388571564016
41.21336882896614,-12.252033856340088,14.251060156489748,132.78169280335007,-1.9103738873709322,24.576195629350032,-35.07368207069577,14.47883027109817,26.44483332139537,90.41982482535488,-15.600756587221033,46.33241824260877,-28.98958262483637,-17.726328474510662,-75.00426461661674,-9.309889024926266,27.64871185853665,3.677714400184426,45.61538209075926,-39.2356732356162,15.02294102181775,-61.05315831344886,22.562451349281556,36.41016620168343,1.1403444692486684,-43.35980267877092,16.377158447110148,-103.75596930713897,45.451726478735615,18.236282000422094,66.72879760187496,40.717370011286924,-86.93332865351057,-26.54111507138997,-46.34300257110341,78.68076209169318,73.09668590446283,60.52802850857919,65.43675618884373,-49.44524763557236,32.026330344341645,29.668198561253114,9.501446994514476,-4.61428609511039
-0.5946817891035345,0.22771165641901886,-0.3546900598058096,-1.9103738873709322,0.3637913794302075,-0.19337729992433372,0.2488425290154892,-0.21764021738019615,-0.38044287531152376,-0.9723533784857582,0.1829087585328932,-0.29195258279658054,0.6004392417290328,0.2123523883710335,1.3185607274362434,0.6341065008130298,-0.10173971618946383,0.19839144351014051,-0.1371278718438055,0.5416423598412526,0.08589154187246002,0.7162054272256877,-0.7007976055449691,0.010784552926186597,-0.14296823628670574,0.4038784684047733,0.05454244555581166,1.1037426905156915,-0.9452853270809259,-0.07844232862357851,-1.2927749014937007,-0.3800159348202177,0.9296567854392492,0.5268283355121566,0.5889745177415384,-1.1741807867064586,-1.1035909839721187,-1.1619733717312544,-0.557644963377017,0.9341393175122378,-0.30854001836451267,-0.5394732385449412,-0.13586826378438446,0.21971501395067536
7.912831398833529,-1.9225428198076966,2.918098242530185,24.576195629350032,-0.19337729992433372,4.985519478827856,-6.338552532164118,2.51947921781264,4.986480448781748,16.5947935691515,-2.6734944857237695,8.786525829066962,-5.360927168310087,-2.8825052306417254,-13.721237097635415,-1.6842926237587301,5.027982440317805,0.8705850522706096,8.431371717167051,-7.241504234277106,2.8248206303283587,-11.49543856806114,3.9665733946615744,6.153890864050496,0.3499678685315676,-8.068371903188428,3.008314388839019,-19.253865298580536,7.702513430228238,3.696718898620659,11.915048715929194,7.709211621095347,-16.345805217498746,-5.240904867255834,-8.971845720923836,14.670052817630776,13.560675331805177,10.817409030445988,12.238027372330162,-8.984934318388197,5.667989567400367,5.473694967148114,1.58423276637622,-1.229707032125832
-10.640937336944196,3.425407718880688,-3.113984703861571,-35.07368207069577,0.2488425290154892,-6.338552532164118,10.059052994407432,-4.188011930913411,-7.124885256258637,-24.28636422266418,4.51213481452788,-12.595307640783423,7.418363475481184,5.233066250039601,19.82097606940587,2.095296228164573,-7.58536619265079,-0.8112661463836922,-12.399082942974239,10.557221033235843,-4.0864876402450845,16.40986192147709,-5.325316963914372,-10.894062125818659,-0.23226038059252846,11.41351587357461,-4.668559905419357,27.79189709267093,-12.464956326239315,-4.689008235084395,-17.86302248401017,-10.887747690894805,23.070096040325193,6.754739929855501,12.145483492379038,-20.45235902761595,-18.979800851434142,-16.018574508103256,-17.63768311915422,13.10980800924564,-8.720009757714738,-7.8839493862484415,-2.8316319409148814,0.6655871854003573
4.308351907488944,-1.4872314482777926,1.237515901737192,14.47883027109817,-0.21764021738019615,2.51947921781264,-4.188011930913411,1.8371575078636226,3.0499980633709325,9.861197595254424,-1.8815936340367976,5.068798735413194,-3.0036873474398034,-2.1372110964045046,-8.304219787904291,-1.1203363225201428,2.9611658140822406,0.13736951952382398,4.903252307934819,-4.340359371411003,1.646973557119304,-6.7251701192433915,2.270138723074186,4.531222041422181,0.13313739689355114,-4.641863226556258,1.8876821745299197,-11.374123699975947,5.335641523918493,1.8584460747406693,7.66469875292817,4.446442785385297,-9.368601212773074,-2.77650420656467,-4.973014622649015,8.395292497386455,7.7416034033065495,6.750178670291824,7.092839521773009,-5.511993078916742,3.616966219916689,3.2536200459090394,1.165610485762827,-0.15290686214995935
8.156441717867148,-2.4272304127822735,2.818223705782304,26.44483332139537,-0.38044287531152376,4.986480448781748,-7.124885256258637,3.0499980633709325,5.639055720116617,17.71040756975505,-3.027701706046147,9.234342606894703,-5.453757330643156,-3.1865575836278235,-15.015012502507808,-2.2002144036740403,5.179799088172245,0.4962859663659241,8.851404834434618,-7.726339863949139,3.1718534288807287,-12.183352861998186,4.385817639592304,7.321391228454178,0.2951103302427874,-8.671212443981592,3.3458208593651224,-20.705100949577783,8.910426953077437,3.7497490630577546,13.612435743694938,8.221420110837991,-17.272804181189684,-5.327595534919019,-9.390433892836302,15.628361744927583,14.303878858165199,11.98995679952432,12.824779283680371,-9.85840940502698,6.414174913865205,5.78738134235085,1.7124805569268409,-0.6889465132719953
27.950530028515395,-8.508185001021104,9.30836881266218,90.41982482535488,-0.9723533784857582,16.5947935691515,-24.28636422266418,9.861197595254424,17.71040756975505,62.34392711645894,-10.912599481388819,31.931509431475135,-19.759065840746292,-12.685808622473981,-50.85260881889956,-5.475693086307596,19.50996982525659,2.8399305051146793,31.86679558767928,-26.86156040320183,10.41104442186448,-41.67834536961515,15.036804423074907,25.807720394409465,0.5104565432637651,-29.708854408274828,11.465577786290291,-71.09997834898239,31.17887115246293,12.337426748511723,45.092065776931264,27.803675609571076,-59.48884582254786,-17.695814481420825,-31.3163149048098,53.48081421849799,49.849392739388286,41.14331859779729,45.15706911776566,-33.53160099567205,22.116183059535153,20.216862432273683,6.7442417689153356,-2.887972795404107
-4.701496627101834,1.5943829295110814,-1.2860812946815121,-15.600756587221033,0.1829087585328932,-2.6734944857237695,4.51213481452788,-1.8815936340367976,-3.027701706046147,-10.912599481388819,2.1348088791097837,-5.5407667500810005,3.475765099351414,2.624215322582058,8.88425491108819,0.8808102830628958,-3.4805702273327435,-0.32451181003417046,-5.493725544652502,4.784686784137853,-1.6210946353130082,7.304003355633091,-2.3992995908529986,-4.910252974406603,-0.1141809361928071,4.944054722963408,-1.9996204265333397,12.277706229754756,-5.852067835689668,-1.9170789934989365,-7.985853678120279,-4.73781488950918,10.177618327243563,2.993224501535377,5.273850941976066,-9.045353498052451,-8.499226060419602,-7.282358318295526,-7.881430344816192,5.934280125659065,-3.8557026694761847,-3.6340428100528888,-1.436090420161993,0.3375016154618539
14.437234465367938,-4.1688433280434465,4.76865984510794,46.33241824260877,-0.29195258279658054,8.786525829066962,-12.595307640783423,5.068798735413194,9.234342606894703,31.931509431475135,-5.5407667500810005,16.634117606769646,-9.987881395893455,-6.324282348083524,-25.940191886359532,-2.6979748597106887,9.98040445878327,1.5223742936682698,16.422688501366775,-13.788224745216493,5.452639995323629,-21.583358454760315,7.345342553932634,13.230437027168461,0.33758616312508083,-15.268720808233732,5.9906996031396185,-36.609162447277164,15.571790572088204,6.541880998058071,22.901190534496703,14.436999141432297,-30.700005689062955,-9.211787423722999,-16.320657114149952,27.37677874402022,25.430451543160085,20.795767550685547,23.314286141837105,-17.063731044727,11.246780563359094,10.32838392073853,3.395052450036961,-1.5329573707526396
-9.233032737525082,2.525809014895475,-3.2577751216052877,-28.98958262483637,0.6004392417290328,-5.360927168310087,7.418363475481184,-3.0036873474398034,-5.453757330643156,-19.759065840746292,3.475765099351414,-9.987881395893455,6.904731569912349,4.205381077661683,16.478847089732643,2.0517149229259224,-6.113803752975857,-0.8387780288122967,-9.685590479574593,8.755268080735695,-2.679248248154433,13.438122675868202,-5.023650389475147,-7.198722104200022,-0.46224147041836827,9.090661939644429,-3.2017619894276095,22.29822769319577,-10.10236640363013,-3.793002022078137,-14.322807568821906,-8.68681446924134,18.886488927465248,6.162219968431947,10.140737052678132,-17.21294189763562,-16.2162180360821,-13.355194672865611,-14.342128269652374,10.986721788249213,-6.592239598461441,-6.840707256009697,-2.3391912753779183,1.6225304364050452
-5.32200012827894,1.8798296289354255,-1.288452124874063,-17.726328474510662,0.2123523883710335,-2.8825052306417254,5.233066250039601,-2.1372110964045046,-3.1865575836278235,-12.685808622473981,2.624215322582058,-6.324282348083524,4.205381077661683,3.463685014135427,10.110446154193392,0.7363553850762271,-4.231895993435212,-0.42410908499085154,-6.38379164707821,5.591660708631253,-1.6119844744447052,8.3686808147733025,-2.6648360879942468,-5.7791230315296565,-0.11536419663756925,5.480486666254444,-2.2235412871123863,13.929652418134042,-7.0083706176961496,-1.9840478025042443,-8.976177176675048,-5.281345234241523,11.54768742259305,3.3586360216416646,5.8336231038401385,-10.200294039833485,-9.761713456314117,-8.415448941450963,-9.15433773576855,6.832500748675112,-4.361112649638379,-4.307062524211941,-1.9130885222395673,0.4611878573432795
-23.2394757350378,6.994713842953387,-8.00713595431095,-75.00426461661674,1.3185607274362434,-13.721237097635415,19.82097606940587,-8.304219787904291,-15.015012502507808,-50.85260881889956,8.88425491108819,-25.940191886359532,16.478847089732643,10.110446154193392,42.61067992664306,5.659720155429575,-15.387263102058675,-1.7690120473276483,-25.33053016828128,22.209230343351273,-8.210684804062387,34.4527891370269,-12.873621238659627,-20.379142120519113,-0.7808708449436865,24.243730421160997,-9.064890960797415,58.34706487303842,-26.052111462651432,-10.104257792103265,-38.08245185510864,-22.85734305721888,48.84319074264011,15.109682494726473,26.12422201017285,-44.38382030759299,-41.22199912840086,-34.453784081099904,-36.701533590680384,28.169246757846025,-17.982970678406776,-16.899145572399462,-5.458265287958164,2.621780418721531
-2.930128559141843,0.8144887569938457,-1.3222729374109632,-9.309889024926266,0.6341065008130298,-1.6842926237587301,2.095296228164573,-1.1203363225201428,-2.2002144036740403,-5.475693086307596,0.8808102830628958,-2.6979748597106887,2.0517149229259224,0.7363553850762271,5.659720155429575,1.7691953094410964,-1.1328143631004681,0.296975294050335,-2.139728241639525,2.6260060700578203,-0.7288740485080475,4.099144231846695,-2.0430478314274647,-1.5466970570355925,-0.3901779167292621,2.7255347901572704,-0.7382859313428188,6.681356039371653,-3.3064665600154695,-1.187716376899928,-5.35984516487804,-2.669542733594153,5.607283647696472,2.235805316337824,3.3857870659233886,-5.577359348768978,-5.000048900512281,-4.543254623602922,-3.8080918442320377,3.777973865600288,-1.9426072040408227,-2.143697557588545,-0.45222879574779073,0.49467327420039253
8.513938709341227,-2.6525267470775695,2.669633808186389,27.64871185853665,-0.10173971618946383,5.027982440317805,-7.58536619265079,2.9611658140822406,5.179799088172245,19.50996982525659,-3.4805702273327435,9.98040445878327,-6.113803752975857,-4.231895993435212,-15.387263102058675,-1.1328143631004681,6.38956270387103,1.1237668145345245,10.231194711029968,-8.3023086911028,3.253416421315759,-12.8152228389642,4.422127090848396,8.367439749417345,0.008179690068284357,-9.182569199266597,3.6584832954666395,-21.973257061132998,9.6016369416654,3.743918189841017,13.477275998518211,8.536787257099892,-18.37967594151859,-5.225738409914153,-9.448730348203846,16.31145619580429,15.339072369000888,12.512121373963312,14.180129842868745,-10.144631645434526,6.895927331521482,6.199638083378321,2.2292657275122534,-0.8283420780803861
1.268595478219724,-0.22307722194139828,0.5485885645253957,3.677714400184426,0.19839144351014051,0.8705850522706096,-0.8112661463836922,0.13736951952382398,0.4962859663659241,2.8399305051146793,-0.32451181003417046,1.5223742936682698,-0.8387780288122967,-0.42410908499085154,-1.7690120473276483,0.296975294050335,1.1237668145345245,0.578000108469574,1.80731006399507,-1.0444021984433332,0.6500881778121164,-1.6912807714491536,0.5892664010813343,0.9980666933577581,-0.13441081121524925,-1.4806828099157021,0.5900320775128056,-3.1215585041289233,0.7865658055809971,0.714170171845947,1.2291770931974315,1.2418028665354872,-2.7365935057906543,-0.6416984000196739,-1.3193535209687464,2.3246206347592446,2.2440987239220553,1.3718558176147988,2.1640932003356568,-1.0855087231256222,0.951093290158716,0.7107978622894512,0.17295596320769688,-0.2940191050929756
13.984631285472734,-4.360239914058553,4.576078611034916,45.61538209075926,-0.1371278718438055,8.431371717167051,-12.399082942974239,4.903252307934819,8.851404834434618,31.86679558767928,-5.493725544652502,16.422688501366775,-9.685590479574593,-6.38379164707821,-25.33053016828128,-2.139728241639525,10.231194711029968,1.80731006399507,16.822431287749414,-13.46552393813027,5.778749671031411,-21.00016369192749,7.412734288990173,13.773597291041925,-0.05142211745763012,-15.419706525570106,6.173343682683548,-36.3412400932446,15.438310029592932,6.422641835039049,22.395183333270328,14.221356324371339,-30.33228724693347,-8.526086203579155,-15.710340588478433,26.998707198310978,25.167062639515947,20.485593554188124,23.138221433611406,-16.587337378202072,11.519929110161167,9.923176822179855,3.3055166882062372,-1.1274576832244056
-12.221652863300442,3.5844121239127342,-4.042978834961823,-39.2356732356162,0.5416423598412526,-7.241504234277106,10.557221033235843,-4.340359371411003,-7.726339863949139,-26.86156040320183,4.784686784137853,-13.788224745216493,8.755268080735695,5.591660708631253,22.209230343351273,2.6260060700578203,-8.3023086911028,-1.0444021984433332,-13.46552393813027,11.770157548086205,-4.181926855505709,18.237691652643896,-6.43027653534498,-10.841181317819004,-0.4386144060233217,12.600857625406412,-4.78491851282473,30.63429753207912,-13.645654874799819,-5.27276322634257,-19.662346785375533,-12.000808210439349,25.700856368104162,7.961602966313104,13.711677699972723,-23.13538823098859,-21.589108277627215,-17.93698676395547,-19.512157246741477,14.717795325182545,-9.335372489104678,-8.969672630168505,-3.059904486544325,1.4837201196702214
4.443773085750504,-1.54054217247529,1.5540417989768054,15.02294102181775,0.08589154187246002,2.8248206303283587,-4.0864876402450845,1.646973557119304,3.1718534288807287,10.41104442186448,-1.6210946353130082,5.452639995323629,-2.679248248154433,-1.6119844744447052,-8.210684804062387,-0.7288740485080475,3.253416421315759,0.6500881778121164,5.778749671031411,-4.181926855505709,2.5088824048739644,-6.710407253218116,2.538722670330328,4.950228813884375,-0.23929213375745886,-5.505870189577531,2.32932638734175,-12.244354472007382,4.752230799271845,2.3520889366392863,7.511021437765704,4.855963437513969,-10.079662058126814,-2.481247576391702,-5.165623967672414,8.970912795048394,8.14837754682642,6.579268404339939,7.494966453648362,-5.236559768158541,4.145369813586742,2.8750148606050323,0.7198870358780767,0.09005487981571096
-19.0850461055424,5.443476907831952,-6.399068415513911,-61.05315831344886,0.7162054272256877,-11.49543856806114,16.40986192147709,-6.7251701192433915,-12.183352861998186,-41.67834536961515,7.304003355633091,-21.583358454760315,13.438122675868202,8.3686808147733025,34.4527891370269,4.099144231846695,-12.8152228389642,-1.6912807714491536,-21.00016369192749,18.237691652643896,-6.710407253218116,28.44393399958501,-9.877003956767828,-16.77736387894886,-0.6977894954067718,19.73745521555503,-7.541196135160589,47.78564753928796,-20.81141489665249,-8.429639972669326,-30.468864359652773,-18.821263718384557,40.134070624162035,12.452475207639537,21.53592792891495,-36.039200388141175,-33.52247939725085,-27.67504282534951,-30.377753531786528,22.76056257422606,-14.509098478965592,-13.829733163654645,-4.581945896214536,2.310345791738474
6.971827652813895,-2.217673794382802,2.8341397699778597,22.562451349281556,-0.7007976055449691,3.9665733946615744,-5.325316963914372,2.270138723074186,4.385817639592304,15.036804423074907,-2.3992995908529986,7.345342553932634,-5.023650389475147,-2.6648360879942468,-12.873621238659627,-2.0430478314274647,4.422127090848396,0.5892664010813343,7.412734288990173,-6.43027653534498,2.538722670330328,-9.877003956767828,4.668000138125307,5.501956050945856,0.11069752336311052,-7.462003099667521,2.525073871777163,-17.262971036396902,7.809569896464455,3.003723749163324,11.573245491001693,6.68466853969776,-14.452217685714361,-4.425169911778258,-7.651203981523063,13.628683699316452,12.656911826635882,10.556135553102488,10.59985233055881,-8.470377273412124,5.481093425305501,4.9251752839610345,1.3406129443205648,-0.8888893227427743
10.50527891473026,-4.065912637701512,2.701774657079828,36.41016620168343,0.010784552926186597,6.153890864050496,-10.894062125818659,4.531222041422181,7.321391228454178,25.807720394409465,-4.910252974406603,13.230437027168461,-7.198722104200022,-5.7791230315296565,-20.379142120519113,-1.5466970570355925,8.367439749417345,0.9980666933577581,13.773597291041925,-10.841181317819004,4.950228813884375,-16.77736387894886,5.501956050945856,13.091115875509232,-0.31183462865765466,-12.374503007232278,5.426682564695229,-29.427537164103335,13.392156184104373,4.7748079167454245,18.754721158758894,11.390807457552729,-24.033717350778065,-6.086631330082665,-12.064427276834373,21.08725142353728,19.574103210133124,16.733365825534566,18.543252331138934,-13.380476388713152,9.867738820585096,7.791989915777577,2.9669286129987595,0.3192792174161956
0.541491305607549,0.08854873729347014,0.2381068659841114,1.1403444692486684,-0.14296823628670574,0.3499678685315676,-0.23226038059252846,0.13313739689355114,0.2951103302427874,0.5104565432637651,-0.1141809361928071,0.33758616312508083,-0.46224147041836827,-0.11536419663756925,-0.7808708449436865,-0.3901779167292621,0.008179690068284357,-0.13441081121524925,-0.05142211745763012,-0.4386144060233217,-0.23929213375745886,-0.6977894954067718,0.11069752336311052,-0.31183462865765466,0.28441667204110477,-0.06548500486917794,-0.10383144965461172,-0.6323590501468765,0.34505252742158493,0.1374735323028805,0.5929126498009728,0.3031654352881852,-0.6631279055714052,-0.6304947132937289,-0.6210457321169234,0.6576300582495284,0.6114096841336198,0.5352303064541746,0.45912600635638823,-0.5833355268109541,-0.08173349709299117,0.4696602484705838,0.1562105804718069,-0.41047301925018503
-13.337237263342168,4.097765564614889,-4.699500778391519,-43.35980267877092,0.4038784684047733,-8.068371903188428,11.41351587357461,-4.641863226556258,-8.671212443981592,-29.708854408274828,4.944054722963408,-15.268720808233732,9.090661939644429,5.480486666254444,24.243730421160997,2.7255347901572704,-9.182569199266597,-1.4806828099157021,-15.419706525570106,12.600857625406412,-5.505870189577531,19.73745521555503,-7.462003099667521,-12.374503007232278,-0.06548500486917794,14.652374027787575,-5.670782041996132,34.24209326183123,-14.48508757980845,-6.182749179092323,-21.635435477365217,-13.45963832059593,28.594002956478768,8.27178280254931,15.051727979263067,-25.81112599659814,-23.879498553086385,-19.547943892394578,-21.46177262165209,15.84390489600734,-10.835883769610714,-9.325557413990698,-2.8121764047294406,1.1478837397079953
4.88647120537834,-1.6511676100332953,1.487689806807932,16.377158447110148,0.05454244555581166,3.008314388839019,-4.668559905419357,1.8876821745299197,3.3458208593651224,11.465577786290291,-1.9996204265333397,5.9906996031396185,-3.2017619894276095,-2.2235412871123863,-9.064890960797415,-0.7382859313428188,3.6584832954666395,0.5900320775128056,6.173343682683548,-4.78491851282473,2.32932638734175,-7.541196135160589,2.525073871777163,5.426682564695229,-0.10383144965461172,-5.670782041996132,2.4140630304916506,-13.236596022986518,5.541198360021701,2.3627112329114968,8.197372837070438,5.207286904294304,-10.932031616232104,-2.884895553505779,-5.624864792837092,9.623728889894434,8.86911373418661,7.307530087500433,8.316456216281448,-5.89191518957482,4.329440111512082,3.4222774915761054,1.124532102477209,-0.0705588784817936
-32.065351601972736,9.664826106220607,-10.85630957710271,-103.75596930713897,1.1037426905156915,-19.253865298580536,27.79189709267093,-11.374123699975947,-20.705100949577783,-71.09997834898239,12.277706229754756,-36.609162447277164,22.29822769319577,13.929652418134042,58.34706487303842,6.681356039371653,-21.973257061132998,-3.1215585041289233,-36.3412400932446,30.63429753207912,-12.244354472007382,47.78564753928796,-17.262971036396902,-29.427537164103335,-0.6323590501468765,34.24209326183123,-13.236596022986518,81.61187019233769,-35.3369617598558,-14.415854257189856,-51.936194535030396,-32.052811696124294,68.25906915482084,20.36588673402893,36.167434539264846,-61.4146450290274,-57.00266094316172,-47.03618069258818,-51.532948425951126,38.374661435656805,-25.394695706785452,-22.960450064881083,-7.39485292284564,3.1629202488265773
13.696979085760038,-4.692353656647661,4.259278047645385,45.451726478735615,-0.9452853270809259,7.702513430228238,-12.464956326239315,5.335641523918493,8.910426953077437,31.17887115246293,-5.852067835689668,15.571790572088204,-10.10236640363013,-7.0083706176961496,-26.052111462651432,-3.3064665600154695,9.6016369416654,0.7865658055809971,15.438310029592932,-13.645654874799819,4.752230799271845,-20.81141489665249,7.809569896464455,13.392156184104373,0.34505252742158493,-14.48508757980845,5.541198360021701,-35.3369617598558,16.949656787355703,5.598574154416738,23.62020374277614,13.621749226472222,-29.2897712335091,-8.75536717235285,-15.302718561679407,26.618358283964508,24.893249422885855,21.428757790449076,22.27031772091111,-17.36447531146804,11.18937346681689,10.414381771335952,3.779678450584158,-1.101343948143794
5.7965255743390625,-1.4857660503258445,2.179656053126099,18.236282000422094,-0.07844232862357851,3.696718898620659,-4.689008235084395,1.8584460747406693,3.7497490630577546,12.337426748511723,-1.9170789934989365,6.541880998058071,-3.793002022078137,-1.9840478025042443,-10.104257792103265,-1.187716376899928,3.743918189841017,0.714170171845947,6.422641835039049,-5.27276322634257,2.3520889366392863,-8.429639972669326,3.003723749163324,4.7748079167454245,0.1374735323028805,-6.182749179092323,2.3627112329114968,-14.415854257189856,5.598574154416738,2.829540678505124,8.850810493304435,5.780925729279847,-12.178401575476988,-3.7162066546459878,-6.615623881192629,10.925361128888847,10.04188908879751,7.963606830730716,9.064978011002667,-6.55936118879118,4.3735333248775925,3.897054422927579,1.0415758950712453,-0.7252478134548227
20.355062165222662,-6.520292306324986,6.878062558272616,66.72879760187496,-1.2927749014937007,11.915048715929194,-17.86302248401017,7.66469875292817,13.612435743694938,45.092065776931264,-7.985853678120279,22.901190534496703,-14.322807568821906,-8.976177176675048,-38.08245185510864,-5.35984516487804,13.477275998518211,1.2291770931974315,22.395183333270328,-19.662346785375533,7.511021437765704,-30.468864359652773,11.573245491001693,18.754721158758894,0.5929126498009728,-21.635435477365217,8.197372837070438,-51.936194535030396,23.62020374277614,8.850810493304435,34.539472823000175,20.30419742793456,-43.20415861755011,-13.132601577715734,-23.029746000452064,39.37116153807846,36.421395374298974,30.911860044407426,32.34645346730315,-25.17332886152429,16.306182578576795,14.88112129576306,4.8013937797964585,-1.7483929186342742
12.658778211090835,-3.681992866669217,4.339920461004001,40.717370011286924,-0.3800159348202177,7.709211621095347,-10.887747690894805,4.446442785385297,8.221420110837991,27.803675609571076,-4.73781488950918,14.436999141432297,-8.68681446924134,-5.281345234241523,-22.85734305721888,-2.669542733594153,8.536787257099892,1.2418028665354872,14.221356324371339,-12.000808210439349,4.855963437513969,-18.821263718384557,6.68466853969776,11.390807457552729,0.3031654352881852,-13.45963832059593,5.207286904294304,-32.052811696124294,13.621749226472222,5.780925729279847,20.30419742793456,12.656944487678011,-26.85741574370632,-8.096472980773976,-14.346536461205364,24.12418832151934,22.329830576250153,18.326922974610152,20.22656253363345,-15.007462696133105,9.894707687004466,8.980152304550202,2.817832763901791,-1.3116957280950696
-27.096853870224194,7.876192236227791,-9.330479735157166,-86.93332865351057,0.9296567854392492,-16.345805217498746,23.070096040325193,-9.368601212773074,-17.272804181189684,-59.48884582254786,10.177618327243563,-30.700005689062955,18.886488927465248,11.54768742259305,48.84319074264011,5.607283647696472,-18.37967594151859,-2.7365935057906543,-30.33228724693347,25.700856368104162,-10.079662058126814,40.134070624162035,-14.452217685714361,-24.033717350778065,-0.6631279055714052,28.594002956478768,-10.932031616232104,68.25906915482084,-29.2897712335091,-12.178401575476988,-43.20415861755011,-26.85741574370632,57.282183285445896,17.356693688852506,30.497920852020595,-51.54754300264339,-47.89056627006385,-39.26847017989859,-43.23154633590816,32.127541100296526,-21.00825863028147,-19.34105410878934,-6.170155515400334,3.0697410905747464
-8.626621203727602,2.0633046312392094,-3.17701874315592,-26.54111507138997,0.5268283355121566,-5.240904867255834,6.754739929855501,-2.77650420656467,-5.327595534919019,-17.695814481420825,2.993224501535377,-9.211787423722999,6.162219968431947,3.3586360216416646,15.109682494726473,2.235805316337824,-5.225738409914153,-0.6416984000196739,-8.526086203579155,7.961602966313104,-2.481247576391702,12.452475207639537,-4.425169911778258,-6.086631330082665,-0.6304947132937289,8.27178280254931,-2.884895553505779,20.36588673402893,-8.75536717235285,-3.7162066546459878,-13.132601577715734,-8.096472980773976,17.356693688852506,5.978295904968089,9.668787449699401,-15.791715588050334,-14.68684142289384,-11.993444956231949,-12.988114538907814,10.02991660781435,-5.808249875673861,-6.230588336118111,-1.9281122023606816,1.644397186311827
-14.662043659145933,3.9434830957983467,-5.2100834494705435,-46.34300257110341,0.5889745177415384,-8.971845720923836,12.145483492379038,-4.973014622649015,-9.390433892836302,-31.3163149048098,5.273850941976066,-16.320657114149952,10.140737052678132,5.8336231038401385,26.12422201017285,3.3857870659233886,-9.448730348203846,-1.3193535209687464,-15.710340588478433,13.711677699972723,-5.165623967672414,21.53592792891495,-7.651203981523063,-12.064427276834373,-0.6210457321169234,15.051727979263067,-5.624864792837092,36.167434539264846,-15.302718561679407,-6.615623881192629,-23.029746000452064,-14.346536461205364,30.497920852020595,9.668787449699401,16.586267610189125,-27.523746988368863,-25.480610744698375,-20.83162245811763,-22.87266382106778,17.202586299346482,-10.853772155862858,-10.410855866368749,-3.1934636681652826,1.990744863365364
24.546663929824845,-7.177169955902522,8.742831930266654,78.68076209169318,-1.1741807867064586,14.670052817630776,-20.45235902761595,8.395292497386455,15.628361744927583,53.48081421849799,-9.045353498052451,27.37677874402022,-17.21294189763562,-10.200294039833485,-44.38382030759299,-5.577359348768978,16.31145619580429,2.3246206347592446,26.998707198310978,-23.13538823098859,8.970912795048394,-36.039200388141175,13.628683699316452,21.08725142353728,0.6576300582495284,-25.81112599659814,9.623728889894434,-61.4146450290274,26.618358283964508,10.925361128888847,39.37116153807846,24.12418832151934,-51.54754300264339,-15.791715588050334,-27.523746988368863,46.81120399595029,43.461603735493476,35.7723941658777,38.6835047547644,-29.220511505619736,18.92235595646967,17.50785235486464,5.426337108685034,-2.9384331143449978
22.827976819297305,-6.671925656718541,8.079123054998988,73.09668590446283,-1.1035909839721187,13.560675331805177,-18.979800851434142,7.7416034033065495,14.303878858165199,49.849392739388286,-8.499226060419602,25.430451543160085,-16.2162180360821,-9.761713456314117,-41.22199912840086,-5.000048900512281,15.339072369000888,2.2440987239220553,25.167062639515947,-21.589108277627215,8.14837754682642,-33.52247939725085,12.656911826635882,19.574103210133124,0.6114096841336198,-23.879498553086385,8.86911373418661,-57.00266094316172,24.893249422885855,10.04188908879751,36.421395374298974,22.329830576250153,-47.89056627006385,-14.68684142289384,-25.480610744698375,43.461603735493476,40.50097226948204,33.30273276886915,36.06973816883377,-27.181937534500808,17.518003887710485,16.38812490098411,5.215410362232373,-2.8752435610524665
18.599165890041093,-5.832970134950042,6.331407772696925,60.52802850857919,-1.1619733717312544,10.817409030445988,-16.018574508103256,6.750178670291824,11.98995679952432,41.14331859779729,-7.282358318295526,20.795767550685547,-13.355194672865611,-8.415448941450963,-34.453784081099904,-4.543254623602922,12.512121373963312,1.3718558176147988,20.485593554188124,-17.93698676395547,6.579268404339939,-27.67504282534951,10.556135553102488,16.733365825534566,0.5352303064541746,-19.547943892394578,7.307530087500433,-47.03618069258818,21.428757790449076,7.963606830730716,30.911860044407426,18.326922974610152,-39.26847017989859,-11.993444956231949,-20.83162245811763,35.7723941658777,33.30273276886915,28.03530484009503,29.563849841721318,-22.812310362034605,14.650749545622757,13.65272406269652,4.519538017334069,-1.9519973834927176
20.370987662214464,-5.965691355217157,6.762457967667967,65.43675618884373,-0.557644963377017,12.238027372330162,-17.63768311915422,7.092839521773009,12.824779283680371,45.15706911776566,-7.881430344816192,23.314286141837105,-14.342128269652374,-9.15433773576855,-36.701533590680384,-3.8080918442320377,14.180129842868745,2.1640932003356568,23.138221433611406,-19.512157246741477,7.494966453648362,-30.377753531786528,10.59985233055881,18.543252331138934,0.45912600635638823,-21.46177262165209,8.316456216281448,-51.532948425951126,22.27031772091111,9.064978011002667,32.34645346730315,20.22656253363345,-43.23154633590816,-12.988114538907814,-22.87266382106778,38.6835047547644,36.06973816883377,29.563849841721318,32.88177039744957,-24.190312396881485,15.85109980733265,14.686873836650417,4.913949210229899,-2.2845827360669495
-15.335191665026468,4.621997262597406,-5.223164262699187,-49.44524763557236,0.9341393175122378,-8.984934318388197,13.10980800924564,-5.511993078916742,-9.85840940502698,-33.53160099567205,5.934280125659065,-17.063731044727,10.986721788249213,6.832500748675112,28.169246757846025,3.777973865600288,-10.144631645434526,-1.0855087231256222,-16.587337378202072,14.717795325182545,-5.236559768158541,22.76056257422606,-8.470377273412124,-13.380476388713152,-0.5833355268109541,15.84390489600734,-5.89191518957482,38.374661435656805,-17.36447531146804,-6.55936118879118,-25.17332886152429,-15.007462696133105,32.127541100296526,10.02991660781435,17.202586299346482,-29.220511505619736,-27.181937534500808,-22.812310362034605,-24.190312396881485,18.68148528957589,-11.776482706650768,-11.25902320499078,-3.716139053307744,1.8024670694881952
9.594821652982297,-3.292028030696918,3.1455120268932273,32.026330344341645,-0.30854001836451267,5.667989567400367,-8.720009757714738,3.616966219916689,6.414174913865205,22.116183059535153,-3.8557026694761847,11.246780563359094,-6.592239598461441,-4.361112649638379,-17.982970678406776,-1.9426072040408227,6.895927331521482,0.951093290158716,11.519929110161167,-9.335372489104678,4.145369813586742,-14.509098478965592,5.481093425305501,9.867738820585096,-0.08173349709299117,-10.835883769610714,4.329440111512082,-25.394695706785452,11.18937346681689,4.3735333248775925,16.306182578576795,9.894707687004466,-21.00825863028147,-5.808249875673861,-10.853772155862858,18.92235595646967,17.518003887710485,14.650749545622757,15.85109980733265,-11.776482706650768,8.271863914764381,6.856600905119132,2.218127118747567,-0.42383707307514823
9.34752934795238,-2.6452379112847115,3.133791094153735,29.668198561253114,-0.5394732385449412,5.473694967148114,-7.8839493862484415,3.2536200459090394,5.78738134235085,20.216862432273683,-3.6340428100528888,10.32838392073853,-6.840707256009697,-4.307062524211941,-16.899145572399462,-2.143697557588545,6.199638083378321,0.7107978622894512,9.923176822179855,-8.969672630168505,2.8750148606050323,-13.829733163654645,4.9251752839610345,7.791989915777577,0.4696602484705838,-9.325557413990698,3.4222774915761054,-22.960450064881083,10.414381771335952,3.897054422927579,14.88112129576306,8.980152304550202,-19.34105410878934,-6.230588336118111,-10.410855866368749,17.50785235486464,16.38812490098411,13.65272406269652,14.686873836650417,-11.25902320499078,6.856600905119132,6.950815364172062,2.3977033735916686,-1.377707202041693
2.9010899926406917,-0.9428002810558996,0.6810192316612741,9.501446994514476,-0.13586826378438446,1.58423276637622,-2.8316319409148814,1.165610485762827,1.7124805569268409,6.7442417689153356,-1.436090420161993,3.395052450036961,-2.3391912753779183,-1.9130885222395673,-5.458265287958164,-0.45222879574779073,2.2292657275122534,0.17295596320769688,3.3055166882062372,-3.059904486544325,0.7198870358780767,-4.581945896214536,1.3406129443205648,2.9669286129987595,0.1562105804718069,-2.8121764047294406,1.124532102477209,-7.39485292284564,3.779678450584158,1.0415758950712453,4.8013937797964585,2.817832763901791,-6.170155515400334,-1.9281122023606816,-3.1934636681652826,5.426337108685034,5.215410362232373,4.519538017334069,4.913949210229899,-3.716139053307744,2.218127118747567,2.3977033735916686,1.1002596850013862,-0.3605870261637572
-1.9586205650569624,-0.042063088886189676,-1.033388571564016,-4.61428609511039,0.21971501395067536,-1.229707032125832,0.6655871854003573,-0.15290686214995935,-0.6889465132719953,-2.887972795404107,0.3375016154618539,-1.5329573707526396,1.6225304364050452,0.4611878573432795,2.621780418721531,0.49467327420039253,-0.8283420780803861,-0.2940191050929756,-1.1274576832244056,1.4837201196702214,0.09005487981571096,2.310345791738474,-0.8888893227427743,0.3192792174161956,-0.41047301925018503,1.1478837397079953,-0.0705588784817936,3.1629202488265773,-1.101343948143794,-0.7252478134548227,-1.7483929186342742,-1.3116957280950696,3.0697410905747464,1.644397186311827,1.990744863365364,-2.9384331143449978,-2.8752435610524665,-1.9519973834927176,-2.2845827360669495,1.8024670694881952,-0.42383707307514823,-1.377707202041693,-0.3605870261637572,1.2085561981524735
