V1,V2,V3,V4,V5,V6,V7,V8,V9,V10,V11,V12,V13,V14,V15,V16,V17,V18,V19,V20,V21,V22,V23,V24,V25,V26,V27,V28,V29,V30,V31,V32,V33,V34,V35,V36,V37,V38,V39,V40,V41,V42,V43,V44
2.1838484889527656,-0.2845335882858679,0.9853085026681774,5.482968442078242,0.35663718253919807,1.3832065108094345,-1.1665090122388604,0.15779084928795584,1.3038787324028511,3.6364909572461106,-0.3558734468712758,2.162507275596842,-1.1659411861737445,0.10720892828746964,-3.1755374906385447,-0.49178950394952037,1.0360559960710312,0.304996697389621,1.732083122430959,-1.5244563616510727,0.8487396482490638,-2.496189438771206,1.2995996059950863,0.7798856994924238,0.27555824013550734,-1.6901059363821942,0.9502957148824616,-4.7784949815312725,1.365820182653948,1.0852014546924689,2.5491064899630507,2.1287018759960508,-4.048094063447861,-1.4196143383099373,-2.187332700199379,3.535061319811329,2.9776301471380915,2.2896757486023582,2.3654438797309174,-1.8237585553500268,1.3222661145353682,1.2091617706465967,0.16834543967753593,-0.7199305377801833
-0.2845335882858679,0.43508689172512893,0.11447593206275392,-1.308100154631519,0.005837156897101539,0.03164925781632094,0.6218060885466021,-0.26184454771440396,-0.20738405203868124,-1.1241540974827167,0.3793159640723237,-0.45386405360941096,0.42495044970434487,0.6262867932054842,0.8036545776379697,-0.16605859352829908,-0.4092417810729652,0.09300974457539722,-0.6207913334674877,0.4682929196307753,-0.10924384123722336,0.6547886441749369,-0.07283261174324036,-0.7875914236035653,0.03709816606693793,0.2987119509738827,-0.18682162779834469,1.0941090419351287,-0.9171690542792736,-0.009313166356750465,-0.7619498893852368,-0.2813270329351335,0.8366562800293171,0.12676837926935078,0.23307911447454238,-0.6586409950034214,-0.8304949077612829,-0.6702230914199812,-0.7426325752993783,0.6904557256048227,-0.4280889491856183,-0.37661946752992076,-0.29515467001060347,-0.12721500806392644
0.9853085026681774,0.11447593206275392,0.9332505257638022,2.3437256856483626,-0.030980025955311796,1.007328854277721,-0.14907603811240566,0.13817056440420278,0.7578743731363312,1.1219251278145268,0.35253478839588764,0.7975708509741717,-0.35818130138592524,0.713331069305105,-1.1008470388848046,-0.5086520560989257,0.013334920861096843,0.21819151616492727,0.604742780517206,-0.43552137932225266,0.706838288504012,-0.9065833363901696,0.6554720647720221,-0.3101695609607294,0.04407151317487332,-1.2433227600656438,0.1488263940794745,-1.7968999138961341,-0.3330908700625589,0.8091430001996812,0.872528028398964,0.9132802340316686,-1.678204040163801,-0.7580566077607317,-1.3013496590887585,1.6913863665297444,1.3364421238104198,0.5777899428976601,0.9584481383370085,-0.6034907875482756,0.339261808484017,0.28626582450027654,-0.4514396335710274,-0.2908286041943024
5.482968442078242,-1.308100154631519,2.3437256856483626,17.52084501468809,-0.3994176521647213,3.6457084862203306,-4.20481263314404,1.8501293407477164,3.701670766550926,11.42234374451226,-1.6242142299424722,6.017299803191788,-3.4873764304678,-1.5974429139508148,-9.642350024630387,-1.534479277484689,3.247356911275353,0.6376664801917552,5.9236929038930475,-4.888446438445018,2.273564910926132,-7.97225390882369,2.9704416910834364,4.1572776087996,0.09392647542468834,-6.131033284205234,2.0244065200225783,-13.431406728639118,5.0131424477882325,2.815753341190361,8.573438948406034,5.389419445946573,-11.44657624586251,-3.612290615096991,-6.482436052507407,10.566374490173356,9.6638749331174,7.584109954858179,8.563435084787923,-6.2814342488736274,4.058364667549091,3.5726832059054368,0.6954845973452953,-0.6368426532475211
0.35663718253919807,0.005837156897101539,-0.030980025955311796,-0.3994176521647213,0.737023869384691,-0.13332354841847885,0.14229358774289552,-0.7270981562188767,-0.01081429464643163,0.009912962516770934,-0.11081204240976239,0.19452833285160617,0.13794941689244922,0.5015498840314492,-0.09093324010510452,0.2868939157616391,0.25496070970050533,0.13161060625650045,-0.07532483892897111,0.017206131852801308,-0.009210604261013893,0.0643689387815309,0.18215359597957706,-0.4186052236592375,0.3180099108095491,0.9058664146567464,0.6368001255143321,-0.5355458109078264,0.08570648494285281,0.10256891840087363,-0.21521193175831677,0.44654055046600954,-0.3816242962896839,-0.075227349402127,0.20721423972457684,-0.005555766305222651,-0.31342711726037925,-0.09602553695571414,-0.5896695592796398,0.1975703950876096,0.27016441362446114,-0.04901500993315352,0.20968861674140638,-0.6312780707247366
1.3832065108094345,0.03164925781632094,1.007328854277721,3.6457084862203306,-0.13332354841847885,1.3612647966307025,-0.6186614856823911,0.5211176803042322,0.9832740261177515,2.10155899520586,0.24540959696301543,1.344139654684505,-0.8904596775415966,0.3346014863072146,-1.8418621799319042,-0.7147528060301097,0.23297782047837243,0.16560234847240826,0.927320474612617,-0.850744353228531,0.7980445569994804,-1.4458148682057437,1.0456397913183977,0.29213806071770676,0.020962019414545837,-1.9980375215236121,0.11203400761926491,-2.791735978082222,0.24495698343584957,0.8157267553314538,1.5426889559921018,1.2453634269120915,-2.427134220892408,-1.0750327892654796,-1.778041139091136,2.3474425196378124,2.024531827644698,1.2671295370384583,1.70408489267002,-1.045130628168721,0.4667207867531207,0.8223996410282157,-0.338083358323767,-0.20428405555091253
-1.1665090122388604,0.6218060885466021,-0.14907603811240566,-4.20481263314404,0.14229358774289552,-0.6186614856823911,1.5378155208712811,-0.852942835216161,-0.7103068740792409,-3.2390813670808467,0.6570400208724826,-1.5241865196757474,1.3365881984137862,1.233239837301457,2.432081812153156,0.14528076639080584,-1.0144211261082403,0.0730553048120107,-1.489463277908002,1.4400876076626468,-0.3745979381654533,1.8967841842088466,-0.7494721226808401,-1.8269339134515303,0.047519508472717756,1.5660814161040446,-0.3370329515817536,3.3238532427991574,-2.0483934987986587,-0.19648384671618685,-2.245076343825417,-1.1456506046894777,2.5979566282192685,0.7615331677399783,1.2772737168062,-2.2761228116006453,-2.3230701789221846,-2.1227363338539598,-2.289243305666984,1.7284852990191186,-0.959026161226285,-1.2913179150290446,-0.5973323389419181,-0.1521540711837618
0.15779084928795584,-0.26184454771440396,0.13817056440420278,1.8501293407477164,-0.7270981562188767,0.5211176803042322,-0.852942835216161,1.259650243091865,0.2840237599091442,1.3073362303989946,0.04682041721312563,0.4742708458338048,-0.9881608444159221,-0.9847213229835621,-0.7691779712018924,-0.38033815065507975,0.03743434804387938,-0.2622890427584214,0.47197445316196784,-0.6057340753363388,0.2672596719970151,-0.5838297519657215,0.3991455489238299,1.1913509882977575,-0.3408416405785555,-1.8131903408447012,-0.6822441819905305,-0.8201105728569871,0.7149732112449717,-0.15946503904132606,0.9805437097956543,0.026832799885962908,-0.5582692497334916,-0.3185671376189876,-0.7077827358265995,0.756550849647483,1.1178983310055286,0.8458740071377524,1.4158856197649414,-0.7782435682502606,-0.09414005262507767,0.8015085675451636,0.014772564646947902,0.7574383891834253
1.3038787324028511,-0.20738405203868124,0.7578743731363312,3.701670766550926,-0.01081429464643163,0.9832740261177515,-0.7103068740792409,0.2840237599091442,0.9684737674931025,2.221093866252579,-0.11206671263890315,1.3162424123702947,-0.670964697360738,0.12875943737862253,-1.9839920396940653,-0.4321890607779302,0.4583756487973276,0.1799963084475382,1.207014418815536,-0.8561021634442744,0.685353634287087,-1.6367096651399284,0.7389510046294382,0.5187784108102504,0.053248908665947184,-1.4731118682726767,0.44514262518643294,-2.91449960280756,0.6245765675951463,0.7927735434821443,1.6752439668875785,1.2296528611158124,-2.523787177631628,-0.8829551035231017,-1.5410274319813957,2.373281053356356,2.0841814150262588,1.3572069372916666,1.6603286069508407,-1.2214707336078685,0.8128486921108135,0.6496192821057527,-0.14660889060944637,-0.24363196481878724
3.6364909572461106,-1.1241540974827167,1.1219251278145268,11.42234374451226,0.009912962516770934,2.10155899520586,-3.2390813670808467,1.3073362303989946,2.221093866252579,8.08368452433644,-1.3962742299412354,4.136439851975665,-2.7406791437099387,-1.7008409903039268,-6.542160851311603,-0.6789765627114165,2.548678005679513,0.27504920014008993,3.930880038189855,-3.550546290648696,1.3012011976541273,-5.226836043012653,2.098827780564791,3.3762798032807892,0.13776382327851117,-3.710047999659539,1.4711902604701474,-9.217903706824327,4.2161529795006345,1.4287476758750584,5.783850090640016,3.643596688625445,-7.598113397830363,-2.3218528807558267,-3.9269410991607363,6.7299227962650114,6.230225630211777,5.334202733119075,5.6620912252896725,-4.281849590556596,2.7865000951364234,2.788957589257643,1.034268883725401,-0.417615031934193
-0.3558734468712758,0.3793159640723237,0.35253478839588764,-1.6242142299424722,-0.11081204240976239,0.24540959696301543,0.6570400208724826,0.04682041721312563,-0.11206671263890315,-1.3962742299412354,0.7901753614658407,-0.5668690763147279,0.20834603376395808,0.8274258470119717,1.133064213903473,-0.2454356054800082,-0.8035305189992885,-0.03738510937759703,-0.8101304090176134,0.6373670184946971,0.20461419335453576,0.9920673720772207,0.08134201854177542,-0.9744948707566617,-0.07486060166457413,-0.23871272549823624,-0.5678878029889769,1.3598255807636914,-1.3663220952350228,0.011524043750851856,-1.0304975952320596,-0.4397002348589565,1.0847871147952386,0.06612590102672969,0.16330076545695768,-0.8212606212153927,-0.8416197226206517,-1.0897926919184524,-0.8373392225526424,0.808068856421835,-0.7457136829935933,-0.3440678638780343,-0.6143553259557327,0.10188257014402512
2.162507275596842,-0.45386405360941096,0.7975708509741717,6.017299803191788,0.19452833285160617,1.344139654684505,-1.5241865196757474,0.4742708458338048,1.3162424123702947,4.136439851975665,-0.5668690763147279,2.334040040662348,-1.4095763825100651,-0.43406835801751864,-3.478479584855334,-0.48187880169628133,1.205849650398754,0.21107242929540065,1.9629431438479532,-1.7316489138849034,0.7902613814962953,-2.746750568095156,1.3083546922138782,1.418482693535345,0.18100560622868964,-2.0087244209886466,0.8804287171319987,-5.065017557983673,1.9008613693119656,0.9264360124494522,2.918931319520907,2.0989933555899896,-4.205843928056264,-1.4002184604149117,-2.2316629802640118,3.6742252234180355,3.2770782235283153,2.674777578214734,2.8022768048034266,-2.100553890625282,1.4146214601806983,1.4582167464797755,0.33811737610029824,-0.46592570982724285
-1.1659411861737445,0.42495044970434487,-0.35818130138592524,-3.4873764304678,0.13794941689244922,-0.8904596775415966,1.3365881984137862,-0.9881608444159221,-0.670964697360738,-2.7406791437099387,0.20834603376395808,-1.4095763825100651,1.5873191740466246,0.9077339221888058,1.9857783784328125,0.3247350354292162,-0.6046659736343817,0.16451790513620304,-0.9733617907839288,1.2252782795118626,-0.44568653158174787,1.411880376647724,-1.0292947148483365,-1.3696606745457136,0.0172065543927662,1.8629366588484417,0.05274489705962034,2.8550483240853213,-1.5160536020254822,-0.09733551007347911,-1.7403191669014535,-1.0046550664202802,2.1647395508173184,0.9190307559368738,1.281970785386748,-1.8906230681837501,-1.9641668296429118,-1.6675134063022692,-1.9264692566621173,1.3599577113530228,-0.4422197210508678,-1.4262469342164088,-0.35833244343518006,-0.11776334933057753
0.10720892828746964,0.6262867932054842,0.713331069305105,-1.5974429139508148,0.5015498840314492,0.3346014863072146,1.233239837301457,-0.9847213229835621,0.12875943737862253,-1.7008409903039268,0.8274258470119717,-0.43406835801751864,0.9077339221888058,2.015515172578314,0.9812460311494019,-0.2137076548028059,-0.7279590048326485,0.33484009117469526,-0.7250331128693606,0.860426160099036,0.3655241923488419,0.8191556983269267,0.09992191416968403,-1.9917822026249818,0.2405988512110084,0.6134138788317518,0.23291908828537183,0.8289767148165443,-1.9937930825883992,0.6246885638752075,-1.1836974267293006,0.13137139510280066,0.44967360606709605,-0.06850013417027744,-0.002171555799505111,-0.3524941505546158,-0.931098779843165,-1.3101086043114685,-1.402861709667463,1.034608182098862,-0.3085108535372902,-0.8739542901030157,-0.8398592444327766,-0.699450168445454
-3.1755374906385447,0.8036545776379697,-1.1008470388848046,-9.642350024630387,-0.09093324010510452,-1.8418621799319042,2.432081812153156,-0.7691779712018924,-1.9839920396940653,-6.542160851311603,1.133064213903473,-3.478479584855334,1.9857783784328125,0.9812460311494019,5.532506812162779,0.686157193625873,-2.0508949831685466,-0.35068820453476757,-3.2862701050534575,2.8108391327922964,-1.1070435824947702,4.4783041747958965,-1.7278646275692442,-2.4195036178798865,-0.20259662995206376,2.9246794496832593,-1.4267147483914595,7.7709558520276225,-3.208899034842239,-1.4469929724420894,-4.813744435329147,-3.16014944471582,6.524055682512426,2.0051979757625333,3.4102035214586017,-5.8195959512046596,-5.24660884948429,-4.385827189354903,-4.580928306499166,3.5026030287997187,-2.420042312666878,-2.1038651913477215,-0.6692756952349574,0.5885166738274926
-0.49178950394952037,-0.16605859352829908,-0.5086520560989257,-1.534479277484689,0.2868939157616391,-0.7147528060301097,0.14528076639080584,-0.38033815065507975,-0.4321890607779302,-0.6789765627114165,-0.2454356054800082,-0.48187880169628133,0.3247350354292162,-0.2137076548028059,0.686157193625873,0.5636930055810878,0.09275561926646965,-0.054766917911593105,-0.2430481897656297,0.2623556975698355,-0.32466442415847646,0.5300470123750861,-0.5021477787526715,-0.07648698824893164,0.06203456729199333,1.163822691509861,0.16751481428374926,0.8992083248443068,0.11813831508684307,-0.33978023745803954,-0.656788657875498,-0.40206576070808964,0.8161110036510547,0.4619885266602204,0.8533147686869088,-0.9520624339156369,-0.805712403197053,-0.5271367948023938,-0.7510250779789844,0.34271494245716677,-0.030501408503571092,-0.32170961429973866,0.31905523169633354,-0.054615948516569646
1.0360559960710312,-0.4092417810729652,0.013334920861096843,3.247356911275353,0.25496070970050533,0.23297782047837243,-1.0144211261082403,0.03743434804387938,0.4583756487973276,2.548678005679513,-0.8035305189992885,1.205849650398754,-0.6046659736343817,-0.7279590048326485,-2.0508949831685466,0.09275561926646965,1.1698238794730076,0.157147346070875,1.2868369236525974,-1.2008100044869014,0.13574697961447582,-1.6528148029511263,0.422656841254878,1.1529966578410187,0.148036331078567,-0.304564924134332,0.8358229818149763,-2.856119258342568,1.7226487174007825,0.3380690114172474,1.7970048914857575,1.1824571939036703,-2.3366195694500522,-0.5126111845139918,-0.857129020251188,1.899754570173439,1.671539419886055,1.8013214606516172,1.555938304810094,-1.3190249142747064,1.13293293246604,0.7426147653101518,0.7134661899245966,-0.3244826840691471
0.304996697389621,0.09300974457539722,0.21819151616492727,0.6376664801917552,0.13161060625650045,0.16560234847240826,0.0730553048120107,-0.2622890427584214,0.1799963084475382,0.27504920014008993,-0.03738510937759703,0.21107242929540065,0.16451790513620304,0.33484009117469526,-0.35068820453476757,-0.054766917911593105,0.157147346070875,0.18711334987690795,0.2552518871009043,-0.11807973176552182,0.11728302721304086,-0.3448757729775954,0.052733900233841204,-0.213414881340134,0.08529539324924115,0.05805738676774797,0.3141863087853807,-0.5648147879234137,-0.10039646094964737,0.3187143536704075,0.2425328798342791,0.3645978325861736,-0.5716531889453407,-0.1503303331217128,-0.30791332201190974,0.5370619579207049,0.2868409940704033,0.19620716787185094,0.1605088446467642,-0.1340281212349361,0.287495214833484,-0.09623507328128417,-0.0475372960258231,-0.27163898461584857
1.732083122430959,-0.6207913334674877,0.604742780517206,5.9236929038930475,-0.07532483892897111,0.927320474612617,-1.489463277908002,0.47197445316196784,1.207014418815536,3.930880038189855,-0.8101304090176134,1.9629431438479532,-0.9733617907839288,-0.7250331128693606,-3.2862701050534575,-0.2430481897656297,1.2868369236525974,0.2552518871009043,2.2661987394941208,-1.665979973335567,0.7068704256529932,-2.826352650270984,0.6769959453796135,1.5805378614502108,0.01841756797612187,-1.6770126520114628,0.912314428701122,-4.54862963734534,1.9101905417810423,0.9526265304698485,2.945713261789472,1.7753972408915968,-3.8968776997892225,-1.0313674562507154,-2.0029412606583787,3.5662952004816875,3.3018234530598254,2.5711880909013245,2.9080297723842135,-2.2519328517707256,1.6353704792395036,1.0197944232905993,0.3818482258687142,-0.2008001376438944
-1.5244563616510727,0.4682929196307753,-0.43552137932225266,-4.888446438445018,0.017206131852801308,-0.850744353228531,1.4400876076626468,-0.6057340753363388,-0.8561021634442744,-3.550546290648696,0.6373670184946971,-1.7316489138849034,1.2252782795118626,0.860426160099036,2.8108391327922964,0.2623556975698355,-1.2008100044869014,-0.11807973176552182,-1.665979973335567,1.6509339282534234,-0.5024985459814412,2.22297066875032,-0.9041083424375037,-1.4946271192398757,-0.0554889343492712,1.5070531626187913,-0.6056374660885467,3.9290173348583557,-1.931041506987955,-0.5558212012742093,-2.528659480731083,-1.5770288922546294,3.230299267515801,0.9779979050356279,1.6480875850092735,-2.8530299273660096,-2.6270914531906846,-2.389829311054875,-2.4798170948070424,1.8712465361203885,-1.1980408851655375,-1.2490855083677925,-0.5843588290757961,0.17310780849870808
0.8487396482490638,-0.10924384123722336,0.706838288504012,2.273564910926132,-0.009210604261013893,0.7980445569994804,-0.3745979381654533,0.2672596719970151,0.685353634287087,1.3012011976541273,0.20461419335453576,0.7902613814962953,-0.44568653158174787,0.3655241923488419,-1.1070435824947702,-0.32466442415847646,0.13574697961447582,0.11728302721304086,0.7068704256529932,-0.5024985459814412,0.7131730181751649,-0.868276306746354,0.6009200541766941,0.11239038184002488,-0.024863026302188545,-1.1964919835874332,0.16854439403310822,-1.8443701215406567,0.03819855413866946,0.6497272696693548,0.9591762761669645,0.8337661679018633,-1.6173899054421654,-0.604512357591818,-1.0933109488720776,1.5424230844183813,1.337020537611752,0.6561788472401521,1.0145144081867132,-0.6955100196366977,0.42678517653766335,0.35504580713615164,-0.2859890581545447,-0.08673303152842166
-2.496189438771206,0.6547886441749369,-0.9065833363901696,-7.97225390882369,0.0643689387815309,-1.4458148682057437,1.8967841842088466,-0.5838297519657215,-1.6367096651399284,-5.226836043012653,0.9920673720772207,-2.746750568095156,1.411880376647724,0.8191556983269267,4.4783041747958965,0.5300470123750861,-1.6528148029511263,-0.3448757729775954,-2.826352650270984,2.22297066875032,-0.868276306746354,3.792132495518643,-1.1332691745433667,-1.9087467264074311,-0.11711412657527141,2.331862308580392,-1.1644533077515355,6.164771041122015,-2.4765856292506045,-1.295645092918961,-3.9219830246487173,-2.4614305461120347,5.297639546091423,1.5687178588519608,2.8177577184071794,-4.811751898697651,-4.407178200500577,-3.513184720316746,-3.849510511738606,2.922003390177818,-2.0247098838131388,-1.5159661546818521,-0.45832998949842535,0.44513844867736163
1.2995996059950863,-0.07283261174324036,0.6554720647720221,2.9704416910834364,0.18215359597957706,1.0456397913183977,-0.7494721226808401,0.3991455489238299,0.7389510046294382,2.098827780564791,0.08134201854177542,1.3083546922138782,-1.0292947148483365,0.09992191416968403,-1.7278646275692442,-0.5021477787526715,0.422656841254878,0.052733900233841204,0.6769959453796135,-0.9041083424375037,0.6009200541766941,-1.1332691745433667,1.193058770629066,0.5280326836866698,0.12781763024299603,-1.4693591699387292,0.26097611774924123,-2.740945981163763,0.7411484204550532,0.4527716081876954,1.4083006072364013,1.2471077460532227,-2.1698892556662153,-0.9382200110920549,-1.3173785573187071,1.8736832139917539,1.5398670594547539,1.3161268651794762,1.2955616564238097,-0.8814157481852415,0.46900430140495036,1.0057938040612537,0.03954605257401607,-0.2753068346534035
0.7798856994924238,-0.7875914236035653,-0.3101695609607294,4.1572776087996,-0.4186052236592375,0.29213806071770676,-1.8269339134515303,1.1913509882977575,0.5187784108102504,3.3762798032807892,-0.9744948707566617,1.418482693535345,-1.3696606745457136,-1.9917822026249818,-2.4195036178798865,-0.07648698824893164,1.1529966578410187,-0.213414881340134,1.5805378614502108,-1.4946271192398757,0.11239038184002488,-1.9087467264074311,0.5280326836866698,2.6398114353626543,-0.21354015108009727,-1.6403259305215312,0.19573365007646326,-3.003698115320192,2.641269945834586,-0.18543534038845771,2.4463308829591366,0.8043319393599052,-2.2079635400479605,-0.4636835963835668,-0.977877399393237,1.9611599404402558,2.2444315817368974,2.395751170253452,2.514694144879749,-1.8308804473860478,0.9832564922707444,1.3851875465928487,0.8415071374781055,0.6012547827661795
0.27555824013550734,0.03709816606693793,0.04407151317487332,0.09392647542468834,0.3180099108095491,0.020962019414545837,0.047519508472717756,-0.3408416405785555,0.053248908665947184,0.13776382327851117,-0.07486060166457413,0.18100560622868964,0.0172065543927662,0.2405988512110084,-0.20259662995206376,0.06203456729199333,0.148036331078567,0.08529539324924115,0.01841756797612187,-0.0554889343492712,-0.024863026302188545,-0.11711412657527141,0.12781763024299603,-0.21354015108009727,0.17687198279625485,0.3492245447173782,0.3151546136841469,-0.41579992366572155,0.07916653594026915,0.09489837538283423,0.01715960243802503,0.28616723093871327,-0.34156823913231465,-0.12848931054310786,-0.03486812081844644,0.1752549656769854,-0.005551562667861322,0.07866334393109804,-0.155805344190262,0.006463464127057049,0.15715601266829585,0.0357846346549704,0.0969764082442801,-0.3626503807073585
-1.6901059363821942,0.2987119509738827,-1.2433227600656438,-6.131033284205234,0.9058664146567464,-1.9980375215236121,1.5660814161040446,-1.8131903408447012,-1.4731118682726767,-3.710047999659539,-0.23871272549823624,-2.0087244209886466,1.8629366588484417,0.6134138788317518,2.9246794496832593,1.163822691509861,-0.304564924134332,0.05805738676774797,-1.6770126520114628,1.5070531626187913,-1.1964919835874332,2.331862308580392,-1.4693591699387292,-1.6403259305215312,0.3492245447173782,4.080462485420798,0.4588879726516772,4.038343705810429,-1.0240178318336823,-0.8110869881446351,-2.8171533574921312,-1.4157471168114053,3.3639261610837834,1.465037491086224,2.7190262641301968,-3.5063896114395647,-3.507497179441405,-2.298322718205957,-3.392288427749421,2.025933588113064,-0.5698358575670782,-1.622238393838196,0.42381033509848354,-0.5881614762580062
0.9502957148824616,-0.18682162779834469,0.1488263940794745,2.0244065200225783,0.6368001255143321,0.11203400761926491,-0.3370329515817536,-0.6822441819905305,0.44514262518643294,1.4711902604701474,-0.5678878029889769,0.8804287171319987,0.05274489705962034,0.23291908828537183,-1.4267147483914595,0.16751481428374926,0.8358229818149763,0.3141863087853807,0.912314428701122,-0.6056374660885467,0.16854439403310822,-1.1644533077515355,0.26097611774924123,0.19573365007646326,0.3151546136841469,0.4588879726516772,1.1301888866949956,-2.222081888601026,0.8354678755075938,0.5475370349047424,1.0455163225185145,1.1184565990270101,-1.8988359395698307,-0.36982772757921056,-0.5549545771414313,1.4620547993585156,0.9762085683252829,1.0071831508706324,0.5667612724030363,-0.7078698685724788,1.0662632962566156,0.14689112965984466,0.3686375650834999,-0.7231862062480718
-4.7784949815312725,1.0941090419351287,-1.7968999138961341,-13.431406728639118,-0.5355458109078264,-2.791735978082222,3.3238532427991574,-0.8201105728569871,-2.91449960280756,-9.217903706824327,1.3598255807636914,-5.065017557983673,2.8550483240853213,0.8289767148165443,7.7709558520276225,0.8992083248443068,-2.856119258342568,-0.5648147879234137,-4.54862963734534,3.9290173348583557,-1.8443701215406567,6.164771041122015,-2.740945981163763,-3.003698115320192,-0.41579992366572155,4.038343705810429,-2.222081888601026,11.366370639008508,-4.227011240605636,-2.2295305827500664,-6.585141288148238,-4.794231353480083,9.503873870353575,2.9926642494455025,4.89350456536028,-8.312689541988314,-7.3073257386557975,-5.956938143651197,-6.1618779218121125,4.771464682178271,-3.442255735525835,-2.979284070689494,-0.8430470592062512,1.1276589551427525
1.365820182653948,-0.9171690542792736,-0.3330908700625589,5.0131424477882325,0.08570648494285281,0.24495698343584957,-2.0483934987986587,0.7149732112449717,0.6245765675951463,4.2161529795006345,-1.3663220952350228,1.9008613693119656,-1.5160536020254822,-1.9937930825883992,-3.208899034842239,0.11813831508684307,1.7226487174007825,-0.10039646094964737,1.9101905417810423,-1.931041506987955,0.03819855413866946,-2.4765856292506045,0.7411484204550532,2.641269945834586,0.07916653594026915,-1.0240178318336823,0.8354678755075938,-4.227011240605636,3.342079382747996,-0.01000347023600448,2.938822367841306,1.4412814156316884,-3.226820508628459,-0.7295429135654541,-1.1315272033576937,2.593117101771859,2.6616047329687684,2.991860916617304,2.677474278345261,-2.220986441753465,1.4892873773327373,1.628665540825974,1.2723352069684486,0.010007899960092301
1.0852014546924689,-0.009313166356750465,0.8091430001996812,2.815753341190361,0.10256891840087363,0.8157267553314538,-0.19648384671618685,-0.15946503904132606,0.7927735434821443,1.4287476758750584,0.011524043750851856,0.9264360124494522,-0.09733551007347911,0.6246885638752075,-1.4469929724420894,-0.33978023745803954,0.3380690114172474,0.3187143536704075,0.9526265304698485,-0.5558212012742093,0.6497272696693548,-1.295645092918961,0.4527716081876954,-0.18543534038845771,0.09489837538283423,-0.8110869881446351,0.5475370349047424,-2.2295305827500664,-0.01000347023600448,0.9990024313092841,1.1777472345376871,1.088466972653053,-2.1331794520829375,-0.6913337404916812,-1.2975264693911344,1.991096550855429,1.6261149124905645,0.8637604646648271,1.1325340443282803,-0.8368856213793056,0.7276052782013748,0.13726171979014942,-0.295020333781132,-0.44003439519845466
2.5491064899630507,-0.7619498893852368,0.872528028398964,8.573438948406034,-0.21521193175831677,1.5426889559921018,-2.245076343825417,0.9805437097956543,1.6752439668875785,5.783850090640016,-1.0304975952320596,2.918931319520907,-1.7403191669014535,-1.1836974267293006,-4.813744435329147,-0.656788657875498,1.7970048914857575,0.2425328798342791,2.945713261789472,-2.528659480731083,0.9591762761669645,-3.9219830246487173,1.4083006072364013,2.4463308829591366,0.01715960243802503,-2.8171533574921312,1.0455163225185145,-6.585141288148238,2.938822367841306,1.1777472345376871,4.386697452644247,2.5814957398039824,-5.525147171488451,-1.6209402456969129,-2.9658413788305737,5.0450333212182885,4.670137221645757,3.97042119231496,4.256822912705341,-3.1738412426254317,2.0978890322812247,1.8362533441228486,0.608796056568268,-0.1817066974454397
2.1287018759960508,-0.2813270329351335,0.9132802340316686,5.389419445946573,0.44654055046600954,1.2453634269120915,-1.1456506046894777,0.026832799885962908,1.2296528611158124,3.643596688625445,-0.4397002348589565,2.0989933555899896,-1.0046550664202802,0.13137139510280066,-3.16014944471582,-0.40206576070808964,1.1824571939036703,0.3645978325861736,1.7753972408915968,-1.5770288922546294,0.8337661679018633,-2.4614305461120347,1.2471077460532227,0.8043319393599052,0.28616723093871327,-1.4157471168114053,1.1184565990270101,-4.794231353480083,1.4412814156316884,1.088466972653053,2.5814957398039824,2.2020193249202453,-4.045059932385554,-1.3079775806519573,-2.076852241168332,3.5107447067676674,2.838574891115456,2.344786131518918,2.2768849167843137,-1.7947758807236005,1.4777747794717757,1.1010809521153693,0.2902328533710388,-0.7540759685541141
-4.048094063447861,0.8366562800293171,-1.678204040163801,-11.44657624586251,-0.3816242962896839,-2.427134220892408,2.5979566282192685,-0.5582692497334916,-2.523787177631628,-7.598113397830363,1.0847871147952386,-4.205843928056264,2.1647395508173184,0.44967360606709605,6.524055682512426,0.8161110036510547,-2.3366195694500522,-0.5716531889453407,-3.8968776997892225,3.230299267515801,-1.6173899054421654,5.297639546091423,-2.1698892556662153,-2.2079635400479605,-0.34156823913231465,3.3639261610837834,-1.8988359395698307,9.503873870353575,-3.226820508628459,-2.1331794520829375,-5.525147171488451,-4.045059932385554,8.10976412358632,2.545702535062163,4.2664182427204365,-7.162403267003188,-6.297942863098004,-4.918030265115013,-5.234145050936403,4.026002132720803,-2.9241302188499905,-2.284589754495696,-0.5302970513510407,1.030325249973348
-1.4196143383099373,0.12676837926935078,-0.7580566077607317,-3.612290615096991,-0.075227349402127,-1.0750327892654796,0.7615331677399783,-0.3185671376189876,-0.8829551035231017,-2.3218528807558267,0.06612590102672969,-1.4002184604149117,0.9190307559368738,-0.06850013417027744,2.0051979757625333,0.4619885266602204,-0.5126111845139918,-0.1503303331217128,-1.0313674562507154,0.9779979050356279,-0.604512357591818,1.5687178588519608,-0.9382200110920549,-0.4636835963835668,-0.12848931054310786,1.465037491086224,-0.36982772757921056,2.9926642494455025,-0.7295429135654541,-0.6913337404916812,-1.6209402456969129,-1.3079775806519573,2.545702535062163,1.016026488358334,1.5545916436968588,-2.297986558499592,-1.999289228370784,-1.4337438688352973,-1.6399073430514628,1.1739649757360728,-0.6644617435746633,-0.8867182871717096,0.014646682056140245,0.36812321148072075
-2.187332700199379,0.23307911447454238,-1.3013496590887585,-6.482436052507407,0.20721423972457684,-1.778041139091136,1.2772737168062,-0.7077827358265995,-1.5410274319813957,-3.9269410991607363,0.16330076545695768,-2.2316629802640118,1.281970785386748,-0.002171555799505111,3.4102035214586017,0.8533147686869088,-0.857129020251188,-0.30791332201190974,-2.0029412606583787,1.6480875850092735,-1.0933109488720776,2.8177577184071794,-1.3173785573187071,-0.977877399393237,-0.03486812081844644,2.7190262641301968,-0.5549545771414313,4.89350456536028,-1.1315272033576937,-1.2975264693911344,-2.9658413788305737,-2.076852241168332,4.2664182427204365,1.5545916436968588,2.73717609438611,-4.063044424355012,-3.597504066693062,-2.513716712830523,-3.0902089443999117,2.1294118207213213,-1.260506480712288,-1.254112169153934,0.1510450834894902,0.32540617326762855
3.535061319811329,-0.6586409950034214,1.6913863665297444,10.566374490173356,-0.005555766305222651,2.3474425196378124,-2.2761228116006453,0.756550849647483,2.373281053356356,6.7299227962650114,-0.8212606212153927,3.6742252234180355,-1.8906230681837501,-0.3524941505546158,-5.8195959512046596,-0.9520624339156369,1.899754570173439,0.5370619579207049,3.5662952004816875,-2.8530299273660096,1.5424230844183813,-4.811751898697651,1.8736832139917539,1.9611599404402558,0.1752549656769854,-3.5063896114395647,1.4620547993585156,-8.312689541988314,2.593117101771859,1.991096550855429,5.0450333212182885,3.5107447067676674,-7.162403267003188,-2.297986558499592,-4.063044424355012,6.602034574576567,5.801362386985997,4.385208888297582,4.925601266843844,-3.6721461947037874,2.5554024718843382,1.9561362942229776,0.24375934768881638,-0.7103091319655994
2.9776301471380915,-0.8304949077612829,1.3364421238104198,9.6638749331174,-0.31342711726037925,2.024531827644698,-2.3230701789221846,1.1178983310055286,2.0841814150262588,6.230225630211777,-0.8416197226206517,3.2770782235283153,-1.9641668296429118,-0.931098779843165,-5.24660884948429,-0.805712403197053,1.671539419886055,0.2868409940704033,3.3018234530598254,-2.6270914531906846,1.337020537611752,-4.407178200500577,1.5398670594547539,2.2444315817368974,-0.005551562667861322,-3.507497179441405,0.9762085683252829,-7.3073257386557975,2.6616047329687684,1.6261149124905645,4.670137221645757,2.838574891115456,-6.297942863098004,-1.999289228370784,-3.597504066693062,5.801362386985997,5.513214359220449,4.035948084020512,4.806604462972394,-3.535201038815279,2.1433325481435563,1.9348450659174985,0.2593529271551281,-0.2537757468227476
2.2896757486023582,-0.6702230914199812,0.5777899428976601,7.584109954858179,-0.09602553695571414,1.2671295370384583,-2.1227363338539598,0.8458740071377524,1.3572069372916666,5.334202733119075,-1.0897926919184524,2.674777578214734,-1.6675134063022692,-1.3101086043114685,-4.385827189354903,-0.5271367948023938,1.8013214606516172,0.19620716787185094,2.5711880909013245,-2.389829311054875,0.6561788472401521,-3.513184720316746,1.3161268651794762,2.395751170253452,0.07866334393109804,-2.298322718205957,1.0071831508706324,-5.956938143651197,2.991860916617304,0.8637604646648271,3.97042119231496,2.344786131518918,-4.918030265115013,-1.4337438688352973,-2.513716712830523,4.385208888297582,4.035948084020512,3.75636782147449,3.789685823736983,-2.830261617508423,1.8914672535620225,1.8137691550425747,0.8077178017576635,-0.23142200515454903
2.3654438797309174,-0.7426325752993783,0.9584481383370085,8.563435084787923,-0.5896695592796398,1.70408489267002,-2.289243305666984,1.4158856197649414,1.6603286069508407,5.6620912252896725,-0.8373392225526424,2.8022768048034266,-1.9264692566621173,-1.402861709667463,-4.580928306499166,-0.7510250779789844,1.555938304810094,0.1605088446467642,2.9080297723842135,-2.4798170948070424,1.0145144081867132,-3.849510511738606,1.2955616564238097,2.514694144879749,-0.155805344190262,-3.392288427749421,0.5667612724030363,-6.1618779218121125,2.677474278345261,1.1325340443282803,4.256822912705341,2.2768849167843137,-5.234145050936403,-1.6399073430514628,-3.0902089443999117,4.925601266843844,4.806604462972394,3.789685823736983,4.540946865429363,-3.193690339112562,1.7723555031408527,1.897169856594796,0.42012654066526206,0.13557514133439988
-1.8237585553500268,0.6904557256048227,-0.6034907875482756,-6.2814342488736274,0.1975703950876096,-1.045130628168721,1.7284852990191186,-0.7782435682502606,-1.2214707336078685,-4.281849590556596,0.808068856421835,-2.100553890625282,1.3599577113530228,1.034608182098862,3.5026030287997187,0.34271494245716677,-1.3190249142747064,-0.1340281212349361,-2.2519328517707256,1.8712465361203885,-0.6955100196366977,2.922003390177818,-0.8814157481852415,-1.8308804473860478,0.006463464127057049,2.025933588113064,-0.7078698685724788,4.771464682178271,-2.220986441753465,-0.8368856213793056,-3.1738412426254317,-1.7947758807236005,4.026002132720803,1.1739649757360728,2.1294118207213213,-3.6721461947037874,-3.535201038815279,-2.830261617508423,-3.193690339112562,2.444791363451899,-1.5302645990413715,-1.3519803920527942,-0.4815185269397267,0.0952231530323669
1.3222661145353682,-0.4280889491856183,0.339261808484017,4.058364667549091,0.27016441362446114,0.4667207867531207,-0.959026161226285,-0.09414005262507767,0.8128486921108135,2.7865000951364234,-0.7457136829935933,1.4146214601806983,-0.4422197210508678,-0.3085108535372902,-2.420042312666878,-0.030501408503571092,1.13293293246604,0.287495214833484,1.6353704792395036,-1.1980408851655375,0.42678517653766335,-2.0247098838131388,0.46900430140495036,0.9832564922707444,0.15715601266829585,-0.5698358575670782,1.0662632962566156,-3.442255735525835,1.4892873773327373,0.7276052782013748,2.0978890322812247,1.4777747794717757,-2.9241302188499905,-0.6644617435746633,-1.260506480712288,2.5554024718843382,2.1433325481435563,1.8914672535620225,1.7723555031408527,-1.5302645990413715,1.4324244720700412,0.5835106793349581,0.4439725867355227,-0.4338526425283192
1.2091617706465967,-0.37661946752992076,0.28626582450027654,3.5726832059054368,-0.04901500993315352,0.8223996410282157,-1.2913179150290446,0.8015085675451636,0.6496192821057527,2.788957589257643,-0.3440678638780343,1.4582167464797755,-1.4262469342164088,-0.8739542901030157,-2.1038651913477215,-0.32170961429973866,0.7426147653101518,-0.09623507328128417,1.0197944232905993,-1.2490855083677925,0.35504580713615164,-1.5159661546818521,1.0057938040612537,1.3851875465928487,0.0357846346549704,-1.622238393838196,0.14689112965984466,-2.979284070689494,1.628665540825974,0.13726171979014942,1.8362533441228486,1.1010809521153693,-2.284589754495696,-0.8867182871717096,-1.254112169153934,1.9561362942229776,1.9348450659174985,1.8137691550425747,1.897169856594796,-1.3519803920527942,0.5835106793349581,1.365231633134629,0.4393589826301695,0.003494371696350041
0.16834543967753593,-0.29515467001060347,-0.4514396335710274,0.6954845973452953,0.20968861674140638,-0.338083358323767,-0.5973323389419181,0.014772564646947902,-0.14660889060944637,1.034268883725401,-0.6143553259557327,0.33811737610029824,-0.35833244343518006,-0.8398592444327766,-0.6692756952349574,0.31905523169633354,0.7134661899245966,-0.0475372960258231,0.3818482258687142,-0.5843588290757961,-0.2859890581545447,-0.45832998949842535,0.03954605257401607,0.8415071374781055,0.0969764082442801,0.42381033509848354,0.3686375650834999,-0.8430470592062512,1.2723352069684486,-0.295020333781132,0.608796056568268,0.2902328533710388,-0.5302970513510407,0.014646682056140245,0.1510450834894902,0.24375934768881638,0.2593529271551281,0.8077178017576635,0.42012654066526206,-0.4815185269397267,0.4439725867355227,0.4393589826301695,0.7428509777000218,-0.08360317814512032
-0.7199305377801833,-0.12721500806392644,-0.2908286041943024,-0.6368426532475211,-0.6312780707247366,-0.20428405555091253,-0.1521540711837618,0.7574383891834253,-0.24363196481878724,-0.417615031934193,0.10188257014402512,-0.46592570982724285,-0.11776334933057753,-0.699450168445454,0.5885166738274926,-0.054615948516569646,-0.3244826840691471,-0.27163898461584857,-0.2008001376438944,0.17310780849870808,-0.08673303152842166,0.44513844867736163,-0.2753068346534035,0.6012547827661795,-0.3626503807073585,-0.5881614762580062,-0.7231862062480718,1.1276589551427525,0.010007899960092301,-0.44003439519845466,-0.1817066974454397,-0.7540759685541141,1.030325249973348,0.36812321148072075,0.32540617326762855,-0.7103091319655994,-0.2537757468227476,-0.23142200515454903,0.13557514133439988,0.0952231530323669,-0.4338526425283192,0.003494371696350041,-0.08360317814512032,0.827417620624506
