V1,V2,V3,V4,V5,V6,V7,V8,V9,V10,V11,V12,V13,V14,V15,V16,V17,V18,V19,V20,V21,V22,V23,V24,V25,V26,V27,V28,V29,V30,V31,V32,V33,V34,V35,V36,V37,V38,V39,V40,V41,V42,V43,V44
0.8624004261238861,0.4707006011007394,1.0366904240521442,0.8417292892931152,-0.2596951280521884,0.7740794491755857,0.6055057983101066,-0.25521055268389226,0.4157040146320631,-0.25903233885134436,0.5198701649335346,0.03946116325427061,-0.4655394877701745,0.9683328045154224,-0.5483465330927573,-0.8949710525486738,-0.570575145637591,-0.003488169098684884,-0.6308218099528071,-0.08290843641249243,-0.15036443034600128,-0.34530056923250446,0.6036065061337023,-1.9056020664889006,0.4450064151419441,-0.1202727010904355,-0.39504744942942044,-0.15173699813293445,-0.7035966564053046,0.47425002346261075,0.13833435279786754,0.29644830932288924,-0.5288942820548644,-1.0024183200795054,-0.9465810056705087,0.8893205680764712,0.6264152718848401,0.10053803770058015,-0.10561669430927081,-0.3126881409147698,-0.4870137030159218,0.2867049143655653,-0.4256794256768232,-1.0050560106385689
0.4707006011007394,0.6266759594473026,0.28715394041287146,0.14269809830996394,0.4251775403750764,0.6147488185197415,0.12798108736720262,-0.32912766805757304,0.01967038861492445,-0.05577472137634417,0.31628345291756715,0.47126394598707677,-0.07206948540445339,0.36746230528350693,0.1819310499481232,0.4284343522311818,0.07015450047260385,0.3905940870744376,0.35862338840937025,0.02292463203691631,3.248470398279512e-4,-0.43231282746844996,-0.2699844310984632,-0.7095075614057883,0.06863732750027472,-0.39203219012844115,0.022715879980376046,-0.47667996775011734,-1.141612494478696,0.5057567293425749,-0.46573016909397935,0.10619658516330253,-0.8067811992120892,-0.4736798681414911,-0.40640458459884926,0.16704144662834555,0.20595565568222446,-0.7102229837772339,0.3559485391427065,0.18489999059287154,-0.444580937289749,-0.012113606994142339,-0.19850841001790615,-0.5956073100744875
1.0366904240521442,0.28715394041287146,1.704110953593359,1.5389042397056205,-0.8447258561951324,0.8875478289125758,1.092112769518436,-0.18890325588078144,0.870473085790691,-0.5377205774162778,0.7720835192390555,-0.34675486828236823,-0.4304595568821613,1.732679969675043,-1.1324603243658569,-2.081491817176426,-1.1918564172067607,-0.2954942411189119,-1.2890529991573607,-0.007932851336309147,0.006793605850586679,-0.1902723315353201,1.3890242202027678,-2.6898725842427673,0.5984921629970963,-0.15329364739917672,-0.6087818554285634,-0.001374107097922725,-0.5070260241444156,0.6212757441218806,0.8464887582857193,0.5011857246926322,-0.3351428184486892,-1.2353529013133082,-1.3615813493242839,1.5950372678357017,0.9954988982143573,0.7626024028950786,-0.5424602975535281,-0.6389122483233634,-0.28508965557669474,0.2472058104141201,-0.8561568468588052,-1.0435235961221163
0.8417292892931152,0.14269809830996394,1.5389042397056205,1.6012148527093886,-1.1116637900895294,0.5833943983749303,1.0920614756063247,-0.024520261125922805,0.9057137171138603,-0.8186872943741971,0.6551396512921768,-0.6414962559835372,-0.3955038002415973,1.5539549798583416,-1.405944075007688,-2.471905488588898,-1.405203289336614,-0.6540163227712005,-1.601470728408387,0.010225472570770652,-0.2355786810589971,-0.11942737584972417,1.5758939035439672,-2.6181784345579686,0.6177791730065264,-0.02831131034195349,-0.7537390756084313,0.18725733279794265,-0.027629010236913228,0.40334049701168834,1.4807991259272137,0.2711309372654176,-0.060885104929599955,-1.1873040212717052,-1.135763971883702,1.4983590382348935,0.9572938711358203,1.1057700777316803,-0.8407540802485852,-0.8911669953958118,-0.26972912968361884,0.27350051041864065,-0.7760576005538515,-0.8356109813185492
-0.2596951280521884,0.4251775403750764,-0.8447258561951324,-1.1116637900895294,1.803324175804443,0.4609631060696375,-0.8266901327975941,-0.39453372689818766,-0.5546859181588303,1.0327894395698336,-0.023794282207113323,1.4612107262997684,0.8098266007760857,-0.31757414530824457,1.8008215523684943,2.9640723163711487,1.4864945648233534,1.4124322613788507,2.494373882681188,0.22869124426556733,1.181861741941919,-0.21613182739405293,-1.7280776447139046,2.180237391422973,-0.7654039118154602,-0.984129879402109,1.2117682483139594,-1.2781977205481425,-1.8425159992026816,0.6360957907259153,-2.245897994690677,0.4355132320686944,-1.1220511775063988,0.9265840438476461,0.3313872892441482,-0.8224377292167059,-0.6198249414598828,-2.050329266268797,1.3845256815104323,1.4829911710589425,0.37225497178847544,-0.707266642521217,0.02169069424387827,0.5522594315317336
0.7740794491755857,0.6147488185197415,0.8875478289125758,0.5833943983749303,0.4609631060696375,1.1675977548785514,0.38175031378491286,-0.4079653888235389,0.33291825755043286,0.23030765040743978,0.609206467566835,0.7310432350508894,0.13943246970388046,1.2124921500037555,0.24751918498957104,0.17745739809828812,0.002739419844847687,0.6940454930713599,0.48102733085458865,0.06885847215825727,0.7046691127941765,-0.4126833700303188,-0.09939279762043264,-0.9591983252330032,0.07407411495721243,-0.6703952617257344,0.22497055294732737,-0.7786360904879481,-1.7071868024947894,1.0029055236012001,-0.8945910160306902,0.751097371238641,-1.0556231989749754,-0.5515210145336251,-1.071836455052725,0.7765264018483532,0.46054712306207995,-0.7034716229765,0.5868255215937759,0.45106063758729464,-0.1194454718462968,-0.18955659015424078,-0.6620973972609879,-0.626770448087555
0.6055057983101066,0.12798108736720262,1.092112769518436,1.0920614756063247,-0.8266901327975941,0.38175031378491286,0.895369446502284,-0.05610775684924966,0.4704067537278929,-0.6051677166816218,0.42288317529794417,-0.49860268065046776,-0.3653880708660532,0.9875002567327817,-0.9882913802689288,-1.710223152710876,-0.9311631443076926,-0.42251549760024615,-1.1584634373805558,-0.03551214483518177,-0.32421411179941767,-0.06967765232801008,1.120884401381291,-2.0050044222342045,0.4699891963393583,0.07740445844795023,-0.6457898587625194,0.23753585059097154,0.02232921136502433,0.2431249157588616,0.9445670769170916,0.142837995289217,0.023885183874102052,-0.9070215457464785,-0.7529684376204996,1.0337812184051856,0.7477059584819101,0.8287972445071311,-0.564211383256761,-0.6301671500620672,-0.26749051196652196,0.24760139812241938,-0.47246727105228475,-0.7030242313128277
-0.25521055268389226,-0.32912766805757304,-0.18890325588078144,-0.024520261125922805,-0.39453372689818766,-0.4079653888235389,-0.05610775684924966,0.28426880443815444,0.035499355561711785,-0.19642823445795768,-0.20263311054093872,-0.4022374682025271,-0.05555249158360559,-0.2681730457271176,-0.32439848089628637,-0.5677596826759764,-0.23685497002146086,-0.47240405977943023,-0.5467760461635798,-0.06496141882850519,-0.2554932771605731,0.2106754366497194,0.26872661008304316,0.18073726102903162,0.08490279654462231,0.35367888589499663,-0.19283591291439622,0.39063333972790193,0.8624689654028865,-0.38850256841919184,0.6241129570276498,-0.1693699447536984,0.5646697285355019,0.09396305423022522,0.24041634389049524,-0.14140031261417854,-0.13094169278016668,0.5889195985249166,-0.3843791742886729,-0.2959163328807012,0.09079092102365541,0.1397808709810145,0.1832370658647794,0.28175368799254186
0.4157040146320631,0.01967038861492445,0.870473085790691,0.9057137171138603,-0.5546859181588303,0.33291825755043286,0.4704067537278929,0.035499355561711785,0.7832088120617916,-0.5083453499369961,0.4680477539090536,-0.34299167010055875,-0.023914303423982954,1.1216937188977159,-0.7978419083535772,-1.4631920400839755,-0.9360506990254857,-0.4322562307124874,-0.8583076741764124,0.12616716845725992,0.14584587315731298,-0.013795805229589104,0.9237169186488492,-1.2487203650118985,0.27663623770046103,-0.21179383161499185,-0.24512275581647303,-0.053206850644006855,-0.11499537705326296,0.2894297581106094,1.0372080466682054,0.2069073701228679,-0.09674508035647768,-0.5352580002686873,-0.6491867982113394,0.874403645449964,0.3865921065862699,0.5121945593739958,-0.6199597642922317,-0.48629946709536936,-0.0035857006799876663,0.006902807147641791,-0.6060922398126413,-0.25439654706012166
-0.25903233885134436,-0.05577472137634417,-0.5377205774162778,-0.8186872943741971,1.0327894395698336,0.23030765040743978,-0.6051677166816218,-0.19642823445795768,-0.5083453499369961,1.251007614436834,-0.23205547326407053,0.9691829659678504,0.43105782958610156,-0.4365811655900949,1.3991868273733337,2.026025002640647,1.282796792931314,1.0895369595044464,1.65523096610166,-0.0016403118715745684,0.9636410195102074,0.033503276347682034,-1.2131940998179216,1.8466282495067234,-0.5400061790416921,-0.26808988250199933,0.8875412851794551,-0.5037305210033237,-0.7340340835190788,0.27443606780268853,-2.0524367895940103,0.5272596373069369,-0.349241724851477,0.9130978277710456,0.12136030892791572,-0.48812054572854036,-0.38720551616673055,-1.005699355174146,1.2006848641914747,1.1156398845093642,0.5698993265307742,-0.3764537098862781,0.1636499583401922,0.49033340935840103
0.5198701649335346,0.31628345291756715,0.7720835192390555,0.6551396512921768,-0.023794282207113323,0.609206467566835,0.42288317529794417,-0.20263311054093872,0.4680477539090536,-0.23205547326407053,0.5546931761445616,0.09676326396721277,0.039817214952487676,1.048873752049021,-0.3217667880259396,-0.5561588269724373,-0.4492292613489426,0.09576012963153027,-0.153118008808799,0.14060152081390243,0.36121288601054874,-0.1359286945929653,0.5335576069748345,-1.0522188512485333,0.10727569299923656,-0.552836156038572,-0.04249967127535436,-0.4550072306251798,-0.8448592525874421,0.5635235640310066,0.24602356569011766,0.29754088217558056,-0.6170959783618176,-0.4881655565098822,-0.6325616987301589,0.7076666228762591,0.40195598801582133,-0.12509759099272857,-0.1275264703715408,-0.06296015321267029,-0.12805968134811302,-0.11127468232968614,-0.5967826268432291,-0.4060599414108703
0.03946116325427061,0.47126394598707677,-0.34675486828236823,-0.6414962559835372,1.4612107262997684,0.7310432350508894,-0.49860268065046776,-0.4022374682025271,-0.34299167010055875,0.9691829659678504,0.09676326396721277,1.3903438871583709,0.6245171685192599,0.08110462387314965,1.5097400472211049,2.2649692116766507,1.1701417571758579,1.297161870571004,2.0082420839742943,0.1426006671264326,1.0840755641542836,-0.305258918159891,-1.4058482959309628,1.4037914202968933,-0.5328340711177165,-0.8094557421264403,0.9784486178464559,-1.113977485164652,-1.8280351351025934,0.7808685227197864,-2.104662540102216,0.6544373644212823,-1.0506962873680605,0.5556589941419458,-0.15603732555464206,-0.3412252464637593,-0.29902224971550395,-1.668870570504428,1.330071072885861,1.2992239426692502,0.31665608326180517,-0.5405190897573207,-0.14754263346706492,0.24247415653350057
-0.4655394877701745,-0.07206948540445339,-0.4304595568821613,-0.3955038002415973,0.8098266007760857,0.13943246970388046,-0.3653880708660532,-0.05555249158360559,-0.023914303423982954,0.43105782958610156,0.039817214952487676,0.6245171685192599,1.1477220651281503,0.27733198268565934,0.9176519246865463,1.269926906940173,0.6289697850435846,0.7083327176809887,1.4707278760754152,0.35514578925802603,1.2570343910361734,0.12840793590555546,-0.8086696438528264,1.7259804416648417,-0.6518477651987491,-0.8231600803834034,0.9095009044041101,-0.7667816427147887,-0.9856752289673503,0.5547631243739319,-0.8141580406821228,0.4086180654185421,-0.47457545416929253,0.9423458681167249,0.18218222693613736,-0.27600439240518093,-0.3800653062277813,-0.8925012755446121,0.6127688905397805,0.9041795263808632,0.7517695057939824,-0.877659046725291,-0.37062920294506885,0.977548523815378
0.9683328045154224,0.36746230528350693,1.732679969675043,1.5539549798583416,-0.31757414530824457,1.2124921500037555,0.9875002567327817,-0.2681730457271176,1.1216937188977159,-0.4365811655900949,1.048873752049021,0.08110462387314965,0.27733198268565934,2.3818822366258314,-0.7471248974081529,-1.588741142854961,-1.0703187874824747,0.09044155342336348,-0.4991521116722777,0.2869183687169067,0.927924771878179,-0.15371247133109506,1.161759508506634,-2.0383677092495374,0.26591644453776825,-0.9244521385285165,-0.05698642886961473,-0.7368469737486899,-1.4451407451903806,1.1547482284287731,0.5773999123431541,0.8812763501356954,-0.8762194192458648,-0.8890882724752425,-1.4826194950124192,1.6958824806788053,0.8546331215033623,0.14111373256296472,-0.3314574388964234,-0.13346387743643195,0.12394486423913752,-0.3141913945975656,-1.3322625943400894,-0.5736298741916288
-0.5483465330927573,0.1819310499481232,-1.1324603243658569,-1.405944075007688,1.8008215523684943,0.24751918498957104,-0.9882913802689288,-0.32439848089628637,-0.7978419083535772,1.3991868273733337,-0.3217667880259396,1.5097400472211049,0.9176519246865463,-0.7471248974081529,2.17302351306176,3.330685837156506,1.8463891328995932,1.5551545668678692,2.7379959032957384,0.17083496254269567,1.2576583026860326,-0.10483600226417114,-2.0957534641066626,2.8929264551784293,-0.9053589005221322,-0.6815587535286066,1.3626504261298698,-0.9862664631174228,-1.4995010421379829,0.4767875602972358,-2.7284756338256235,0.47935009429368003,-0.7537748677997994,1.3640539409643422,0.49675201152575443,-1.0548806894212341,-0.7577836284837303,-1.9594613096385407,1.6717274018146544,1.6948676933843672,0.6613926395365266,-0.7618017523161885,0.23105589604394527,0.8625812151296061
-0.8949710525486738,0.4284343522311818,-2.081491817176426,-2.471905488588898,2.9640723163711487,0.17745739809828812,-1.710223152710876,-0.5677596826759764,-1.4631920400839755,2.026025002640647,-0.5561588269724373,2.2649692116766507,1.269926906940173,-1.588741142854961,3.330685837156506,5.614740987445882,3.0064229857327582,2.408257336329324,4.384949806299313,0.245304138541921,1.6268148058893441,-0.23539509037031017,-3.3944527151949924,4.502016936152899,-1.423005292051427,-1.1075455198957425,2.0464643516557435,-1.5770907076294867,-2.3135965475406235,0.5470901120203333,-4.151236003626979,0.33564766721125555,-1.372558418818409,2.0541777024422245,1.1465989367090748,-2.013185294103485,-1.3089170049090952,-3.3283855126016593,2.5303443568410273,2.508391625814903,0.6865285582399394,-1.114749713464705,0.6079402430584253,1.1581415752254463
-0.570575145637591,0.07015450047260385,-1.1918564172067607,-1.405203289336614,1.4864945648233534,0.002739419844847687,-0.9311631443076926,-0.23685497002146086,-0.9360506990254857,1.282796792931314,-0.4492292613489426,1.1701417571758579,0.6289697850435846,-1.0703187874824747,1.8463891328995932,3.0064229857327582,1.773321673855471,1.310707379547777,2.298674187277414,0.03296946579586391,0.8580496082572521,-0.036530697560860186,-1.8644395359569543,2.6198528532722625,-0.7611428851355716,-0.36615430432928214,1.0694594441019556,-0.6442923029649548,-0.9265108551697362,0.17804587459843196,-2.430017472792176,0.2437545255938304,-0.487780123475697,1.2108280275581007,0.6448873480275706,-1.1430197355937914,-0.6979426511208009,-1.5587873049595617,1.4800205067687187,1.392802137732772,0.4601580988475814,-0.5238375816718628,0.4585767747831722,0.7056282923305753
-0.003488169098684884,0.3905940870744376,-0.2954942411189119,-0.6540163227712005,1.4124322613788507,0.6940454930713599,-0.42251549760024615,-0.47240405977943023,-0.4322562307124874,1.0895369595044464,0.09576012963153027,1.297161870571004,0.7083327176809887,0.09044155342336348,1.5551545668678692,2.408257336329324,1.310707379547777,1.4869766318977589,2.170647183739345,0.1631572662641095,1.244028463333538,-0.22729716240226647,-1.4263958830383183,1.4502561892557146,-0.6138781149359838,-0.8390550960014433,1.0367347790689874,-1.030291589792615,-1.8588747455537913,0.8192068491297686,-2.3387561897407996,0.6489511449582096,-1.0648273707251135,0.6853137050733239,-0.14203792533731302,-0.2972961679705721,-0.22883572071826347,-1.670230506420458,1.4308956852047827,1.354808843302673,0.4068185586946438,-0.6717410867965672,-0.18946288819294108,0.23685922372783252
-0.6308218099528071,0.35862338840937025,-1.2890529991573607,-1.601470728408387,2.494373882681188,0.48102733085458865,-1.1584634373805558,-0.5467760461635798,-0.8583076741764124,1.65523096610166,-0.153118008808799,2.0082420839742943,1.4707278760754152,-0.4991521116722777,2.7379959032957384,4.384949806299313,2.298674187277414,2.170647183739345,3.871780393722897,0.4183496242970305,1.9842443520055824,-0.1616884695776763,-2.5843613655128452,3.6293876527495086,-1.299081140053249,-1.4305816120514818,1.9192530265094112,-1.7197736799172838,-2.516507872119692,0.9218779321105651,-3.3652463219608792,0.6673773438660666,-1.417157491855791,1.744137764896496,0.5879920589859484,-1.1480416378969491,-0.8734065514039602,-2.8349932534917164,2.1062411253104387,2.255572143951208,0.9228151682210581,-1.2859906199367077,-0.04033377298742444,1.1497702375153394
-0.08290843641249243,0.02292463203691631,-0.007932851336309147,0.010225472570770652,0.22869124426556733,0.06885847215825727,-0.03551214483518177,-0.06496141882850519,0.12616716845725992,-0.0016403118715745684,0.14060152081390243,0.1426006671264326,0.35514578925802603,0.2869183687169067,0.17083496254269567,0.245304138541921,0.03296946579586391,0.1631572662641095,0.4183496242970305,0.20228304227272148,0.41896593288426975,0.04202613492775223,-0.04877899579777259,0.33512559928251023,-0.2146141902557594,-0.43180139941864476,0.2717795619081928,-0.3506645175003493,-0.4330427510989814,0.2238801447190037,-0.0015799193449531651,0.07649034028271594,-0.25889786749285465,0.23472642017755044,0.04569961893075473,0.04800630392727761,-0.05270424043292614,-0.3124002489871081,0.031765742080942856,0.20269068847697355,0.2161954584472252,-0.3171825064257199,-0.25470516646968006,0.26726739713466907
-0.15036443034600128,3.248470398279512e-4,0.006793605850586679,-0.2355786810589971,1.181861741941919,0.7046691127941765,-0.32421411179941767,-0.2554932771605731,0.14584587315731298,0.9636410195102074,0.36121288601054874,1.0840755641542836,1.2570343910361734,0.927924771878179,1.2576583026860326,1.6268148058893441,0.8580496082572521,1.244028463333538,1.9842443520055824,0.41896593288426975,2.0742127352132456,0.14731066840191465,-0.7867819740810584,1.7760162645669277,-0.7790897898897049,-1.2921471904314592,1.2834349822736377,-1.2885961258257785,-1.765225697666905,1.0298261106650797,-1.6198145451001271,0.9856319503141858,-0.9787594692733838,1.006565492331194,-0.3122440466238715,0.1294660842512614,-0.23984825255856262,-1.276578586970587,1.0120788735066941,1.3458929570643494,1.0047842830764664,-1.0538239984214208,-0.7413033677218419,0.8948342619211337
-0.34530056923250446,-0.43231282746844996,-0.1902723315353201,-0.11942737584972417,-0.21613182739405293,-0.4126833700303188,-0.06967765232801008,0.2106754366497194,-0.013795805229589104,0.033503276347682034,-0.1359286945929653,-0.305258918159891,0.12840793590555546,-0.15371247133109506,-0.10483600226417114,-0.23539509037031017,-0.036530697560860186,-0.22729716240226647,-0.1616884695776763,0.04202613492775223,0.14731066840191465,0.39222614668089967,0.304599688624588,0.5746195841572291,-0.1281236394134914,0.085035271485172,0.03789804697347652,0.18951440097324204,0.6939391977471385,-0.2962912400361943,0.3636188107849768,-0.058126301102517576,0.45607983567726146,0.3969057866206693,0.3428276482753323,-0.11592547633916499,-0.15682981836664123,0.43287880758361186,-0.28152298690523425,-0.05740218129833991,0.35046431680487156,-0.06545758540376168,0.060386175102130846,0.49346398645597717
0.6036065061337023,-0.2699844310984632,1.3890242202027678,1.5758939035439672,-1.7280776447139046,-0.09939279762043264,1.120884401381291,0.26872661008304316,0.9237169186488492,-1.2131940998179216,0.5335576069748345,-1.4058482959309628,-0.8086696438528264,1.161759508506634,-2.0957534641066626,-3.3944527151949924,-1.8644395359569543,-1.4263958830383183,-2.5843613655128452,-0.04877899579777259,-0.7867819740810584,0.304599688624588,2.486230574838847,-2.781183045056957,0.7436440033056532,0.3168042944262566,-1.197534125368461,0.6954138085728748,1.3133016965979434,-0.29255038339081246,2.7123036494569344,-0.23913855408446277,0.6078883807220021,-1.1837797544241395,-0.5971211090115786,1.3390722978564977,0.8779308929788048,1.9895157454237398,-1.6860804444023174,-1.5190311878557599,-0.37927648667209146,0.6240785326181592,-0.5139433668935561,-0.6870106712002126
-1.9056020664889006,-0.7095075614057883,-2.6898725842427673,-2.6181784345579686,2.180237391422973,-0.9591983252330032,-2.0050044222342045,0.18073726102903162,-1.2487203650118985,1.8466282495067234,-1.0522188512485333,1.4037914202968933,1.7259804416648417,-2.0383677092495374,2.8929264551784293,4.502016936152899,2.6198528532722625,1.4502561892557146,3.6293876527495086,0.33512559928251023,1.7760162645669277,0.5746195841572291,-2.781183045056957,6.047406157882986,-1.6295759944761274,-0.6406466996784024,2.074862446504135,-0.9006934842561843,-0.27092700797617997,-0.26474259811093764,-2.7073809026104816,0.1494386357102842,0.07280928322045838,3.0117164245169414,1.9319319523334049,-2.343240374207021,-1.7936988522533628,-1.9711529216015509,1.6837227258541836,2.1595679546003277,1.5946316995160794,-1.2475093234861196,0.7816221025746558,2.6299324222792504
0.4450064151419441,0.06863732750027472,0.5984921629970963,0.6177791730065264,-0.7654039118154602,0.07407411495721243,0.4699891963393583,0.08490279654462231,0.27663623770046103,-0.5400061790416921,0.10727569299923656,-0.5328340711177165,-0.6518477651987491,0.26591644453776825,-0.9053589005221322,-1.423005292051427,-0.7611428851355716,-0.6138781149359838,-1.299081140053249,-0.2146141902557594,-0.7790897898897049,-0.1281236394134914,0.7436440033056532,-1.6295759944761274,0.5785147956788621,0.5354566917738875,-0.7158755320325246,0.5326495182793716,0.5583858777107334,-0.1971845129571624,0.855614909015561,-0.11869994976143881,0.3269690753928113,-0.8757420725606779,-0.43609415503140214,0.501204585469982,0.39523111132714245,0.8047341525931351,-0.5760082389139657,-0.743019330730439,-0.4876068067770486,0.5403076849929246,0.01829987464654351,-0.7235305958725992
-0.1202727010904355,-0.39203219012844115,-0.15329364739917672,-0.02831131034195349,-0.984129879402109,-0.6703952617257344,0.07740445844795023,0.35367888589499663,-0.21179383161499185,-0.26808988250199933,-0.552836156038572,-0.8094557421264403,-0.8231600803834034,-0.9244521385285165,-0.6815587535286066,-1.1075455198957425,-0.36615430432928214,-0.8390550960014433,-1.4305816120514818,-0.43180139941864476,-1.2921471904314592,0.085035271485172,0.3168042944262566,-0.6406466996784024,0.5354566917738875,1.3818470226042792,-0.7870710326120935,1.3042967407893573,1.814853042200331,-0.9270558010836469,0.6848242113779606,-0.4701385335540788,1.2219856034831271,-0.35688274430843325,0.20373554274239766,-0.19433332391417052,0.014549360488664703,1.2419468054047957,-0.5236518958581314,-0.8130362327313725,-0.3331834330294314,0.7675714169154977,0.7206028453192298,-0.33301076214605935
-0.39504744942942044,0.022715879980376046,-0.6087818554285634,-0.7537390756084313,1.2117682483139594,0.22497055294732737,-0.6457898587625194,-0.19283591291439622,-0.24512275581647303,0.8875412851794551,-0.04249967127535436,0.9784486178464559,0.9095009044041101,-0.05698642886961473,1.3626504261298698,2.0464643516557435,1.0694594441019556,1.0367347790689874,1.9192530265094112,0.2717795619081928,1.2834349822736377,0.03789804697347652,-1.197534125368461,2.074862446504135,-0.7158755320325246,-0.7870710326120935,1.102300312210014,-0.9000304091807587,-1.1773938322346469,0.49118109256647313,-1.5760648113968099,0.45964036863368996,-0.6395454574431679,1.0540953066251142,0.2469163678070634,-0.49941441991071533,-0.5180388556803167,-1.3242556030434223,0.9733189087081358,1.1650825590161717,0.6944628871246521,-0.7564818679452582,-0.14458563129112642,0.8200804417879602
-0.15173699813293445,-0.47667996775011734,-0.001374107097922725,0.18725733279794265,-1.2781977205481425,-0.7786360904879481,0.23753585059097154,0.39063333972790193,-0.053206850644006855,-0.5037305210033237,-0.4550072306251798,-1.113977485164652,-0.7667816427147887,-0.7368469737486899,-0.9862664631174228,-1.5770907076294867,-0.6442923029649548,-1.030291589792615,-1.7197736799172838,-0.3506645175003493,-1.2885961258257785,0.18951440097324204,0.6954138085728748,-0.9006934842561843,0.5326495182793716,1.3042967407893573,-0.9000304091807587,1.4271504182994417,1.9883133848398873,-0.9401654569701927,1.1981897443894147,-0.6068355331253975,1.2897854378749056,-0.36623057940865306,0.21588219507602055,-0.033033961532643076,0.12608552074145485,1.5115772490556052,-0.8051397623726363,-1.0375462360743664,-0.32419442540325527,0.6995781392359081,0.5645271366072946,-0.28858537528540834
-0.7035966564053046,-1.141612494478696,-0.5070260241444156,-0.027629010236913228,-1.8425159992026816,-1.7071868024947894,0.02232921136502433,0.8624689654028865,-0.11499537705326296,-0.7340340835190788,-0.8448592525874421,-1.8280351351025934,-0.9856752289673503,-1.4451407451903806,-1.4995010421379829,-2.3135965475406235,-0.9265108551697362,-1.8588747455537913,-2.516507872119692,-0.4330427510989814,-1.765225697666905,0.6939391977471385,1.3133016965979434,-0.27092700797617997,0.5583858777107334,1.814853042200331,-1.1773938322346469,1.9883133848398873,3.7025016714112877,-1.8105364390589505,2.37874069158262,-1.0514897809169128,2.279194468039217,-0.017327189562711606,0.9752352949301517,-0.4224116907880483,-0.17601280374956,2.4998864255877886,-1.568757092502147,-1.5506197132638058,-0.11082934342472486,0.982328461402016,0.9992958471400016,0.31072492120302087
0.47425002346261075,0.5057567293425749,0.6212757441218806,0.40334049701168834,0.6360957907259153,1.0029055236012001,0.2431249157588616,-0.38850256841919184,0.2894297581106094,0.27443606780268853,0.5635235640310066,0.7808685227197864,0.5547631243739319,1.1547482284287731,0.4767875602972358,0.5470901120203333,0.17804587459843196,0.8192068491297686,0.9218779321105651,0.2238801447190037,1.0298261106650797,-0.2962912400361943,-0.29255038339081246,-0.26474259811093764,-0.1971845129571624,-0.9270558010836469,0.49118109256647313,-0.9401654569701927,-1.8105364390589505,1.068131673750532,-0.9061845943142532,0.7094511491482327,-1.0997574136956323,-0.1257087836780013,-0.7995284029540154,0.5902829020443205,0.3054411935235443,-0.8981956244409058,0.6619538979008225,0.6538929676102032,0.1499685737034735,-0.5151408127785192,-0.7412641807133209,-0.17808733448729056
0.13833435279786754,-0.46573016909397935,0.8464887582857193,1.4807991259272137,-2.245897994690677,-0.8945910160306902,0.9445670769170916,0.6241129570276498,1.0372080466682054,-2.0524367895940103,0.24602356569011766,-2.104662540102216,-0.8141580406821228,0.5773999123431541,-2.7284756338256235,-4.151236003626979,-2.430017472792176,-2.3387561897407996,-3.3652463219608792,-0.0015799193449531651,-1.6198145451001271,0.3636188107849768,2.7123036494569344,-2.7073809026104816,0.855614909015561,0.6848242113779606,-1.5760648113968099,1.1981897443894147,2.37874069158262,-0.9061845943142532,4.278199618042284,-1.0091254272474763,1.2128774860054905,-1.1771362928838511,0.07841775863831044,0.8847641180307825,0.5918196253214945,2.525788469930315,-2.5033676315585036,-2.2149435901606576,-0.5937605674971294,0.7498908491761341,-0.21563478544652293,-0.34588952316274435
0.29644830932288924,0.10619658516330253,0.5011857246926322,0.2711309372654176,0.4355132320686944,0.751097371238641,0.142837995289217,-0.1693699447536984,0.2069073701228679,0.5272596373069369,0.29754088217558056,0.6544373644212823,0.4086180654185421,0.8812763501356954,0.47935009429368003,0.33564766721125555,0.2437545255938304,0.6489511449582096,0.6673773438660666,0.07649034028271594,0.9856319503141858,-0.058126301102517576,-0.23913855408446277,0.1494386357102842,-0.11869994976143881,-0.4701385335540788,0.45964036863368996,-0.6068355331253975,-1.0514897809169128,0.7094511491482327,-1.0091254272474763,0.8746260790808056,-0.4734066378138672,0.05639046676188869,-0.7113999541070731,0.5257405268318407,0.1625020457356168,-0.4214719747794203,0.5875559673029407,0.6424453939142909,0.4486987758877832,-0.32569839191814304,-0.4961063107758457,0.06297164042016853
-0.5288942820548644,-0.8067811992120892,-0.3351428184486892,-0.060885104929599955,-1.1220511775063988,-1.0556231989749754,0.023885183874102052,0.5646697285355019,-0.09674508035647768,-0.349241724851477,-0.6170959783618176,-1.0506962873680605,-0.47457545416929253,-0.8762194192458648,-0.7537748677997994,-1.372558418818409,-0.487780123475697,-1.0648273707251135,-1.417157491855791,-0.25889786749285465,-0.9787594692733838,0.45607983567726146,0.6078883807220021,0.07280928322045838,0.3269690753928113,1.2219856034831271,-0.6395454574431679,1.2897854378749056,2.279194468039217,-1.0997574136956323,1.2128774860054905,-0.4734066378138672,1.6177441260439573,0.11045432669920233,0.5589113441032963,-0.2341675145995876,-0.15167195284013243,1.5527110987727,-0.8572784415046869,-0.8055094268520949,0.15024581785394622,0.5274627010086591,0.6056281119130098,0.35271238110381636
-1.0024183200795054,-0.4736798681414911,-1.2353529013133082,-1.1873040212717052,0.9265840438476461,-0.5515210145336251,-0.9070215457464785,0.09396305423022522,-0.5352580002686873,0.9130978277710456,-0.4881655565098822,0.5556589941419458,0.9423458681167249,-0.8890882724752425,1.3640539409643422,2.0541777024422245,1.2108280275581007,0.6853137050733239,1.744137764896496,0.23472642017755044,1.006565492331194,0.3969057866206693,-1.1837797544241395,3.0117164245169414,-0.8757420725606779,-0.35688274430843325,1.0540953066251142,-0.36623057940865306,-0.017327189562711606,-0.1257087836780013,-1.1771362928838511,0.05639046676188869,0.11045432669920233,1.6361694257436195,0.9615411291120637,-1.0297181685027832,-0.8250942531943326,-0.81501384006511,0.7366281178816456,1.0158392480306329,0.944069714108114,-0.7174933638016908,0.2763817691465227,1.4129422254273496
-0.9465810056705087,-0.40640458459884926,-1.3615813493242839,-1.135763971883702,0.3313872892441482,-1.071836455052725,-0.7529684376204996,0.24041634389049524,-0.6491867982113394,0.12136030892791572,-0.6325616987301589,-0.15603732555464206,0.18218222693613736,-1.4826194950124192,0.49675201152575443,1.1465989367090748,0.6448873480275706,-0.14203792533731302,0.5879920589859484,0.04569961893075473,-0.3122440466238715,0.3428276482753323,-0.5971211090115786,1.9319319523334049,-0.43609415503140214,0.20373554274239766,0.2469163678070634,0.21588219507602055,0.9752352949301517,-0.7995284029540154,0.07841775863831044,-0.7113999541070731,0.5589113441032963,0.9615411291120637,1.3858790648407322,-1.2499884549960425,-0.7516491255543062,-0.19519647619822988,-0.059255740652780345,0.14850047463631041,0.19545303244103135,-0.09990710009363153,0.7273627846157102,0.8881616639600864
0.8893205680764712,0.16704144662834555,1.5950372678357017,1.4983590382348935,-0.8224377292167059,0.7765264018483532,1.0337812184051856,-0.14140031261417854,0.874403645449964,-0.48812054572854036,0.7076666228762591,-0.3412252464637593,-0.27600439240518093,1.6958824806788053,-1.0548806894212341,-2.013185294103485,-1.1430197355937914,-0.2972961679705721,-1.1480416378969491,0.04800630392727761,0.1294660842512614,-0.11592547633916499,1.3390722978564977,-2.343240374207021,0.501204585469982,-0.19433332391417052,-0.49941441991071533,-0.033033961532643076,-0.4224116907880483,0.5902829020443205,0.8847641180307825,0.5257405268318407,-0.2341675145995876,-1.0297181685027832,-1.2499884549960425,1.5608158626124973,0.928030495769433,0.7826370513624998,-0.5440997515240509,-0.575711672447239,-0.08372050761774119,0.13865171254371145,-0.8720472451580243,-0.7992427031211341
0.6264152718848401,0.20595565568222446,0.9954988982143573,0.9572938711358203,-0.6198249414598828,0.46054712306207995,0.7477059584819101,-0.13094169278016668,0.3865921065862699,-0.38720551616673055,0.40195598801582133,-0.29902224971550395,-0.3800653062277813,0.8546331215033623,-0.7577836284837303,-1.3089170049090952,-0.6979426511208009,-0.22883572071826347,-0.8734065514039602,-0.05270424043292614,-0.23984825255856262,-0.15682981836664123,0.8779308929788048,-1.7936988522533628,0.39523111132714245,0.014549360488664703,-0.5180388556803167,0.12608552074145485,-0.17601280374956,0.3054411935235443,0.5918196253214945,0.1625020457356168,-0.15167195284013243,-0.8250942531943326,-0.7516491255543062,0.928030495769433,0.7139050260215156,0.5753063150717979,-0.31423921189308274,-0.48295970619539824,-0.30239444683763356,0.23587576151200368,-0.42181476873355805,-0.7347368567368594
0.10053803770058015,-0.7102229837772339,0.7626024028950786,1.1057700777316803,-2.050329266268797,-0.7034716229765,0.8287972445071311,0.5889195985249166,0.5121945593739958,-1.005699355174146,-0.12509759099272857,-1.668870570504428,-0.8925012755446121,0.14111373256296472,-1.9594613096385407,-3.3283855126016593,-1.5587873049595617,-1.670230506420458,-2.8349932534917164,-0.3124002489871081,-1.276578586970587,0.43287880758361186,1.9895157454237398,-1.9711529216015509,0.8047341525931351,1.2419468054047957,-1.3242556030434223,1.5115772490556052,2.4998864255877886,-0.8981956244409058,2.525788469930315,-0.4214719747794203,1.5527110987727,-0.81501384006511,-0.19519647619822988,0.7826370513624998,0.5753063150717979,2.5445543473659167,-1.5711765254601768,-1.5969575715848383,-0.21084190569417124,0.8422425599084286,0.11769398541973076,-0.32775008939785977
-0.10561669430927081,0.3559485391427065,-0.5424602975535281,-0.8407540802485852,1.3845256815104323,0.5868255215937759,-0.564211383256761,-0.3843791742886729,-0.6199597642922317,1.2006848641914747,-0.1275264703715408,1.330071072885861,0.6127688905397805,-0.3314574388964234,1.6717274018146544,2.5303443568410273,1.4800205067687187,1.4308956852047827,2.1062411253104387,0.031765742080942856,1.0120788735066941,-0.28152298690523425,-1.6860804444023174,1.6837227258541836,-0.5760082389139657,-0.5236518958581314,0.9733189087081358,-0.8051397623726363,-1.568757092502147,0.6619538979008225,-2.5033676315585036,0.5875559673029407,-0.8572784415046869,0.7366281178816456,-0.059255740652780345,-0.5440997515240509,-0.31423921189308274,-1.5711765254601768,1.5960425762445278,1.3678331078940873,0.33511765964055673,-0.5243471919438286,0.06827676332732145,0.2746725810966478
-0.3126881409147698,0.18489999059287154,-0.6389122483233634,-0.8911669953958118,1.4829911710589425,0.45106063758729464,-0.6301671500620672,-0.2959163328807012,-0.48629946709536936,1.1156398845093642,-0.06296015321267029,1.2992239426692502,0.9041795263808632,-0.13346387743643195,1.6948676933843672,2.508391625814903,1.392802137732772,1.354808843302673,2.255572143951208,0.20269068847697355,1.3458929570643494,-0.05740218129833991,-1.5190311878557599,2.1595679546003277,-0.743019330730439,-0.8130362327313725,1.1650825590161717,-1.0375462360743664,-1.5506197132638058,0.6538929676102032,-2.2149435901606576,0.6424453939142909,-0.8055094268520949,1.0158392480306329,0.14850047463631041,-0.575711672447239,-0.48295970619539824,-1.5969575715848383,1.3678331078940873,1.4738140848017112,0.640094955981645,-0.7450016564017273,-0.0839502907558396,0.709839776611783
-0.4870137030159218,-0.444580937289749,-0.28508965557669474,-0.26972912968361884,0.37225497178847544,-0.1194454718462968,-0.26749051196652196,0.09079092102365541,-0.0035857006799876663,0.5698993265307742,-0.12805968134811302,0.31665608326180517,0.7517695057939824,0.12394486423913752,0.6613926395365266,0.6865285582399394,0.4601580988475814,0.4068185586946438,0.9228151682210581,0.2161954584472252,1.0047842830764664,0.35046431680487156,-0.37927648667209146,1.5946316995160794,-0.4876068067770486,-0.3331834330294314,0.6944628871246521,-0.32419442540325527,-0.11082934342472486,0.1499685737034735,-0.5937605674971294,0.4486987758877832,0.15024581785394622,0.944069714108114,0.19545303244103135,-0.08372050761774119,-0.30239444683763356,-0.21084190569417124,0.33511765964055673,0.640094955981645,0.9445799935795158,-0.5689035478089658,-0.19208282434273022,0.9683110493067905
0.2867049143655653,-0.012113606994142339,0.2472058104141201,0.27350051041864065,-0.707266642521217,-0.18955659015424078,0.24760139812241938,0.1397808709810145,0.006902807147641791,-0.3764537098862781,-0.11127468232968614,-0.5405190897573207,-0.877659046725291,-0.3141913945975656,-0.7618017523161885,-1.114749713464705,-0.5238375816718628,-0.6717410867965672,-1.2859906199367077,-0.3171825064257199,-1.0538239984214208,-0.06545758540376168,0.6240785326181592,-1.2475093234861196,0.5403076849929246,0.7675714169154977,-0.7564818679452582,0.6995781392359081,0.982328461402016,-0.5151408127785192,0.7498908491761341,-0.32569839191814304,0.5274627010086591,-0.7174933638016908,-0.09990710009363153,0.13865171254371145,0.23587576151200368,0.8422425599084286,-0.5243471919438286,-0.7450016564017273,-0.5689035478089658,0.7313745359647056,0.35908886952544905,-0.6649344506520071
-0.4256794256768232,-0.19850841001790615,-0.8561568468588052,-0.7760576005538515,0.02169069424387827,-0.6620973972609879,-0.47246727105228475,0.1832370658647794,-0.6060922398126413,0.1636499583401922,-0.5967826268432291,-0.14754263346706492,-0.37062920294506885,-1.3322625943400894,0.23105589604394527,0.6079402430584253,0.4585767747831722,-0.18946288819294108,-0.04033377298742444,-0.25470516646968006,-0.7413033677218419,0.060386175102130846,-0.5139433668935561,0.7816221025746558,0.01829987464654351,0.7206028453192298,-0.14458563129112642,0.5645271366072946,0.9992958471400016,-0.7412641807133209,-0.21563478544652293,-0.4961063107758457,0.6056281119130098,0.2763817691465227,0.7273627846157102,-0.8720472451580243,-0.42181476873355805,0.11769398541973076,0.06827676332732145,-0.0839502907558396,-0.19208282434273022,0.35908886952544905,0.8241718636025013,0.11642476828459421
-1.0050560106385689,-0.5956073100744875,-1.0435235961221163,-0.8356109813185492,0.5522594315317336,-0.626770448087555,-0.7030242313128277,0.28175368799254186,-0.25439654706012166,0.49033340935840103,-0.4060599414108703,0.24247415653350057,0.977548523815378,-0.5736298741916288,0.8625812151296061,1.1581415752254463,0.7056282923305753,0.23685922372783252,1.1497702375153394,0.26726739713466907,0.8948342619211337,0.49346398645597717,-0.6870106712002126,2.6299324222792504,-0.7235305958725992,-0.33301076214605935,0.8200804417879602,-0.28858537528540834,0.31072492120302087,-0.17808733448729056,-0.34588952316274435,0.06297164042016853,0.35271238110381636,1.4129422254273496,0.8881616639600864,-0.7992427031211341,-0.7347368567368594,-0.32775008939785977,0.2746725810966478,0.709839776611783,0.9683110493067905,-0.6649344506520071,0.11642476828459421,1.5299050813049253
