V1,V2,V3,V4,V5,V6,V7,V8,V9,V10,V11,V12,V13,V14,V15,V16,V17,V18,V19,V20,V21,V22,V23,V24,V25,V26,V27,V28,V29,V30,V31,V32,V33,V34,V35,V36,V37,V38,V39,V40,V41,V42,V43,V44
2.4558601932838164,0.6050973992874517,1.1396155552668252,4.3836956083222995,-0.10611911657595581,1.6590331317135767,-0.6357623241655402,-0.0399454775051952,0.45120697004044713,2.8354288959827385,-0.40457831848392684,1.802606590433031,-2.216835075217732,-0.7463012049114667,-2.467304970930506,-0.2578082852586954,0.9327695478702135,0.43723926815437114,0.8164304247426036,-1.7976126762234426,-0.8613798296125673,-2.818066108979532,0.2610558087891257,-1.3973608686894468,0.8778647827962419,-0.5336858764182594,-0.30502871973245793,-2.7985951253295567,0.6575670048026222,0.7539072983581727,0.9177083817551083,1.2740495575564577,-3.1955344294634265,-2.430169149930633,-2.4254931204965158,2.7735705427869717,2.9083785679772567,1.5593026400558023,2.6471857086138892,-1.833424444941759,-0.3884812126074753,1.8829650773342501,0.7021275175050505,-2.202459293227863
0.6050973992874517,0.9794438598604561,0.4562269433178361,-0.9941805963904556,-0.027324699524768764,0.5455228264307161,0.7244074074858878,-0.5479772587591959,-0.5871019220719227,-0.8399007823038974,0.20914064228413815,-0.132127578293373,-0.875345570318047,-0.02410969889571969,0.5790152021791153,0.10199990018668932,-0.19219551145364855,0.2440533489349391,-0.9373171476830806,-0.14687419881714858,-1.3010516919588233,-0.24903796016990518,-0.5930355105200188,-2.4813233824386423,0.7171612534947711,1.1080924483556627,-0.8512054045018366,1.3405343689763491,-1.047448589109649,-0.014261090616663407,-1.6146589565589489,-0.37165007083553914,0.3970788049617815,-1.126655823223969,-0.41442725239574724,-0.4713650585484862,-0.1338006576867964,-0.8095643158152566,-0.08108910809140467,0.21381384018272132,-1.4926995187847716,0.5488176136581331,0.2936435852382582,-1.7266069884140935
1.1396155552668252,0.4562269433178361,0.6554681923156481,1.6411983391018754,-0.039639602103638594,0.852483144401211,-0.04275474555477089,-0.15004968242882677,0.14355540520232038,0.9282412435792586,-0.03040987547272188,0.7063243230867252,-0.9897326602948372,-0.11044702733512113,-0.8847460117971828,-0.15147217666592014,0.26928152713811904,0.25089920715302216,0.161154296468508,-0.6982196941126294,-0.47780889339310295,-1.1668186542414787,0.05990634690432878,-1.1302374617735407,0.4760351421350981,-0.10671421312464548,-0.25890736589254926,-0.9332505197682075,-0.09238409322381134,0.4034499847745902,0.07351071606874629,0.49889448674675635,-1.2759919602319016,-1.2071391520568766,-1.1308121224368897,1.1177836349107146,1.181133324208786,0.43131643638169315,1.0169821903668277,-0.6625588605177171,-0.4127122957821839,0.7898866834761625,0.21894566095986778,-1.214187607212857
4.3836956083222995,-0.9941805963904556,1.6411983391018754,13.430262352461884,-0.17219166038063807,2.727333517467344,-3.38156989954308,1.337218361313107,2.6338858048736418,9.029748634199462,-1.4762137979704368,4.743051363899415,-3.1017773178278665,-1.6643208035415349,-7.534403318444529,-0.9613971647734867,2.7429332776959745,0.4686067943720178,4.495138200853368,-4.0145219067485,1.349277963618455,-6.323241053038271,2.1947364390409025,3.122498984090328,0.2679748400681977,-4.280752686863057,1.5231311154540292,-10.39136506509362,4.265956353283771,1.9638509524627141,6.450670664364327,4.148015298856901,-8.883608329080324,-2.9831767747163793,-4.915976370494744,8.011244061472983,7.475925243789902,5.963545768135843,6.679365002465577,-4.968093405100135,2.963239313182039,3.096596640344195,0.9514135361387207,-0.8593168842781086
-0.10611911657595581,-0.027324699524768764,-0.039639602103638594,-0.17219166038063807,0.01692237042965737,-0.05755064030664307,0.02766459890323008,3.4440079561058276e-4,-0.004353186979098481,-0.12020375312877143,0.029543957265109274,-0.06651521704220018,0.11662454890595456,0.06146999787581783,0.11030919047419889,0.015154872082447781,-0.04343969747585161,-0.00994187273714987,-0.011621870762706297,0.08636256016320915,0.07268672923214778,0.11766406935794389,-0.010949805329326177,0.07747030540121001,-0.04735303010485545,-0.0042861918366364354,0.031695247077806195,0.0917088371003638,-0.05468250690332848,-0.009330913213811695,-0.03879417489520535,-0.038216671365823546,0.11593722936085123,0.11412378091634512,0.09331766311756784,-0.1065267353536025,-0.11911600725332556,-0.0784037152438673,-0.10926013221151634,0.08965472194955874,0.03418489499140159,-0.10109391526620598,-0.04943341685506214,0.11040235705084984
1.6590331317135767,0.5455228264307161,0.852483144401211,2.727333517467344,-0.05755064030664307,1.197062780443317,-0.26487576109668415,-0.11063284273430218,0.25523918089239966,1.655438764294056,-0.16992554929211878,1.1424573421311037,-1.4811367598897545,-0.353818865014838,-1.4958869872938074,-0.1947177092736931,0.5260693592129835,0.3344079992856065,0.4205490952785213,-1.138446916697871,-0.6398695413616421,-1.8449102591918962,0.11785937042183392,-1.2477502105601908,0.6453837201044507,-0.27027249755635085,-0.2778012938045064,-1.6617575631442205,0.1766522702225149,0.555822297340164,0.37617883567810134,0.8120610612051692,-2.0361423316715594,-1.7032258891211867,-1.6607019452804554,1.756538882571717,1.859509990165795,0.8675392106633718,1.6657177422130334,-1.1071322330610247,-0.4237681408326275,1.2184131719888753,0.42092895251124324,-1.6243859025164946
-0.6357623241655402,0.7244074074858878,-0.04275474555477089,-3.38156989954308,0.02766459890323008,-0.26487576109668415,1.1695281950025738,-0.5913218149358399,-0.8167271906104957,-2.4433518839702577,0.5028453469934907,-1.1076251010267002,0.29583065774668243,0.5066344489820026,1.9374581325245075,0.2061180322837949,-0.7526315166593065,0.042694642905754074,-1.4404368261977911,0.8502823897247341,-0.8503517135049383,1.2751333937817213,-0.7139321098073681,-1.9935262708873773,0.2846622305384199,1.4058854316205631,-0.7375098828807701,2.8975124188143053,-1.5760761178270069,-0.35649877365418037,-2.20761259073125,-1.0515634662587945,2.0956415656752823,0.08644982056537975,0.815788976547469,-1.9180340029437801,-1.6704036498820187,-1.7368573972713859,-1.5345408937730507,1.2238485610204828,-1.3678503052625381,-0.4664707760647518,-0.15570614979567932,-0.6695011757424367
-0.0399454775051952,-0.5479772587591959,-0.15004968242882677,1.337218361313107,3.4440079561058276e-4,-0.11063284273430218,-0.5913218149358399,0.3702885267325746,0.4452732689273835,0.9888942035670399,-0.21548640102949934,0.3626529597862729,0.23143111654467366,-0.1303433975277057,-0.7653039842012856,-0.10921091127757433,0.2782462784217411,-0.10062492317526313,0.746648302684486,-0.19387725805967906,0.7096397197786828,-0.28623905479377126,0.41716517927037694,1.468611715626261,-0.33637124395992746,-0.8050051333018043,0.5188651922797847,-1.3118877047698463,0.8257118679903264,0.11145902694474964,1.2167606368188917,0.44005640026087955,-0.7415374425697552,0.3784508078967098,-0.09286722510849477,0.7154811199661553,0.5231062184298411,0.7970807287313038,0.4665281441289002,-0.4221204984897315,0.9258914972337723,-0.06675502697451755,-0.05669913600833773,0.8131664110370108
0.45120697004044713,-0.5871019220719227,0.14355540520232038,2.6338858048736418,-0.004353186979098481,0.25523918089239966,-0.8167271906104957,0.4452732689273835,0.7789525636999469,1.7703769601767776,-0.24472225890017554,0.8281486676707691,6.271913957302597e-4,-0.05716491175782063,-1.4644301919338212,-0.2727869373151363,0.450472247859892,-0.021460125629918975,1.1418493171311075,-0.5103792702471867,0.9326195894737258,-0.8603425733662889,0.6813652411567487,1.5610213970946805,-0.30160334995280313,-1.2913839761785157,0.6644786278708906,-2.3267969329819,1.0049983388186383,0.41063592164180535,1.795121766303598,0.8870068753819331,-1.6480371209817555,0.034740829195056125,-0.6610843369761445,1.5718968186171185,1.2542557529202836,1.2706807816395818,1.0581043172137383,-0.8516047485886468,1.1899123568225276,0.16948783116286442,-0.11137694874593244,0.6784988514806994
2.8354288959827385,-0.8399007823038974,0.9282412435792586,9.029748634199462,-0.12020375312877143,1.655438764294056,-2.4433518839702577,0.9888942035670399,1.7703769601767776,6.245239011499146,-1.114081725190099,3.195912731022912,-2.0275060929348734,-1.3112520808103443,-5.116360024703513,-0.5690644417278393,1.947245934341529,0.2578382022434718,3.120815093111465,-2.7135998559734835,0.9617115133078099,-4.1821888582047455,1.4914870920517156,2.4951215944483995,0.0909019370639491,-2.9091065723850864,1.1007535672666038,-7.071646882171027,3.1503999190549017,1.2010006170089957,4.517642702909681,2.7611668953855086,-5.936254114199267,-1.8324856884308256,-3.146952287750432,5.350561677207308,4.984535550762922,4.125582834409455,4.521325801693243,-3.3976348229478512,2.1592012228928525,2.0840731471420617,0.7009540964043789,-0.3497226981014398
-0.40457831848392684,0.20914064228413815,-0.03040987547272188,-1.4762137979704368,0.029543957265109274,-0.16992554929211878,0.5028453469934907,-0.21548640102949934,-0.24472225890017554,-1.114081725190099,0.2813657772801528,-0.5214935968551266,0.36753010443623296,0.40350862983083396,0.8706962093608033,0.036490803267622364,-0.3940885652963658,-0.0027027688885672705,-0.5457083559914107,0.4938992973608953,-0.10246643968265975,0.6964958503784898,-0.20979452460890627,-0.6093438778901621,0.002597552601032099,0.42740151400502296,-0.19216551736054105,1.16476712918023,-0.722324035697727,-0.10110755032819037,-0.8074426253230149,-0.41541092358500425,0.9336866664899909,0.23909666477272523,0.42737678450870437,-0.816516514993269,-0.8011246400638649,-0.7615120847206833,-0.7789107186719937,0.6067853374901212,-0.3949813787180956,-0.3881571869336675,-0.22039572645584438,-0.015385960996816538
1.802606590433031,-0.132127578293373,0.7063243230867252,4.743051363899415,-0.06651521704220018,1.1424573421311037,-1.1076251010267002,0.3626529597862729,0.8281486676707691,3.195912731022912,-0.5214935968551266,1.7554202298336499,-1.395653365184885,-0.6697032331837847,-2.667979657098133,-0.3046804726941365,0.999550299877749,0.23465586743662273,1.4405568704161802,-1.5478132758017626,0.15055054743702512,-2.4239517733428406,0.648983607381686,0.5425754763192148,0.28669280941331854,-1.296247865171378,0.3465046159483214,-3.538716582058426,1.3502024875821201,0.7084617901039238,1.9910443023403033,1.4461516675330355,-3.2179319507898443,-1.4080949510474807,-1.9315600857538393,2.866034660039506,2.7520567761941996,2.0152787651475705,2.495124608299198,-1.8150416367709448,0.7199188733228459,1.3224667240553472,0.44570429172689424,-0.7678438106742149
-2.216835075217732,-0.875345570318047,-0.9897326602948372,-3.1017773178278665,0.11662454890595456,-1.4811367598897545,0.29583065774668243,0.23143111654467366,6.271913957302597e-4,-2.0275060929348734,0.36753010443623296,-1.395653365184885,2.3133537932278996,0.9014251253136861,1.7772457434910711,0.07281348141982599,-0.7770360658279976,-0.4258028538548966,-0.2640647817532599,1.6182462533634348,1.43085816022853,2.4552967872211418,0.1276649060827824,2.0871155430794204,-1.0474068624510682,-0.18586628807876954,0.6572413696815407,1.6323434590664512,-0.32200594444205904,-0.4766163452743794,-0.03812025649033389,-0.8007078634221749,2.3635430132719173,2.4560554607248086,2.0595069901456817,-1.9474407333598296,-2.3113739245982003,-1.0038713982477026,-2.1815565657355656,1.4680206873327488,0.9997691684598463,-1.8753276531645229,-0.8813346612376788,2.560184267835439
-0.7463012049114667,-0.02410969889571969,-0.11044702733512113,-1.6643208035415349,0.06146999787581783,-0.353818865014838,0.5066344489820026,-0.1303433975277057,-0.05716491175782063,-1.3112520808103443,0.40350862983083396,-0.6697032331837847,0.9014251253136861,0.7584791328150489,1.013194817097868,-0.05361469400337155,-0.5500218142462022,-0.06728977873805646,-0.4311833728610694,0.7953739393909289,0.424804982268524,1.08185630453703,-0.026235352747207622,-0.05411110036316932,-0.2614244287804892,0.1092939335432463,0.06012975058237044,1.0989800521679094,-0.7909840458544399,-0.045644944549056175,-0.5422298429520114,-0.39343513272107,1.1105091528048718,0.7194298203658228,0.6722570324849955,-0.8962083498288769,-1.0617870031517207,-0.8221518630265426,-1.0944591772522216,0.8113348452203132,0.0012827938968850451,-0.8024161373257426,-0.5274063994505677,0.597947056025051
-2.467304970930506,0.5790152021791153,-0.8847460117971828,-7.534403318444529,0.11030919047419889,-1.4958869872938074,1.9374581325245075,-0.7653039842012856,-1.4644301919338212,-5.116360024703513,0.8706962093608033,-2.667979657098133,1.7772457434910711,1.013194817097868,4.25677872876621,0.527347468189492,-1.5678370909820873,-0.2430302891496729,-2.5077319141414955,2.2804638940019477,-0.7060938586064917,3.553769468322068,-1.2237660622331148,-1.7732657337999054,-0.16024496897278517,2.3650901291622093,-0.8377037039032951,5.823974036822247,-2.4743256337026454,-1.0557179788020528,-3.6469112713782668,-2.308747716503778,4.974678919887221,1.6844679180419782,2.737989644894912,-4.489262645932098,-4.196295305542574,-3.379907750463454,-3.768915786399374,2.8270536706496423,-1.6560328234032833,-1.7850097321520806,-0.5743722805461282,0.4892916405180163
-0.2578082852586954,0.10199990018668932,-0.15147217666592014,-0.9613971647734867,0.015154872082447781,-0.1947177092736931,0.2061180322837949,-0.10921091127757433,-0.2727869373151363,-0.5690644417278393,0.036490803267622364,-0.3046804726941365,0.07281348141982599,-0.05361469400337155,0.527347468189492,0.1545197774969182,-0.11687870365270897,-0.019660708819148064,-0.32547728888771715,0.19981600063203228,-0.2522993375538767,0.3616145101865188,-0.24370643046147633,-0.29517973454428137,0.03725517935127582,0.42342241535972264,-0.1693638951240517,0.7804160469082161,-0.2315275039046682,-0.19114855253065652,-0.5536423582885682,-0.32920933578338146,0.6171000540861944,0.12454986479439041,0.3404850682282162,-0.6021980434824048,-0.48420567120299723,-0.41639528625115,-0.38228343827986655,0.30130442178099115,-0.3074179879361296,-0.10676723527049523,0.053616485677234337,-0.0735181556667482
0.9327695478702135,-0.19219551145364855,0.26928152713811904,2.7429332776959745,-0.04343969747585161,0.5260693592129835,-0.7526315166593065,0.2782462784217411,0.450472247859892,1.947245934341529,-0.3940885652963658,0.999550299877749,-0.7770360658279976,-0.5500218142462022,-1.5678370909820873,-0.11687870365270897,0.6548662480099975,0.09534438687713395,0.9121726376923617,-0.9139483529680087,0.11152480146570522,-1.3672345233169125,0.37551176048368107,0.6282421985852191,0.10085363966070467,-0.758442916496094,0.256130217431591,-2.0881689997060024,1.0055040390314656,0.31770205962887244,1.268318820254861,0.8073786577359066,-1.8141714108003333,-0.6740207976221794,-0.9885272426394444,1.5999743243495876,1.5598787205393287,1.265035025243884,1.4590083378698173,-1.0797945016028085,0.5321216326503416,0.7575841429098676,0.33259702667998636,-0.27587945471661923
0.43723926815437114,0.2440533489349391,0.25089920715302216,0.4686067943720178,-0.00994187273714987,0.3344079992856065,0.042694642905754074,-0.10062492317526313,-0.021460125629918975,0.2578382022434718,-0.0027027688885672705,0.23465586743662273,-0.4258028538548966,-0.06728977873805646,-0.2430302891496729,-0.019660708819148064,0.09534438687713395,0.11668562000568122,-0.01146501536762903,-0.2600387507338888,-0.2880542473595692,-0.42713463926273765,-0.04354432605063819,-0.5828946284770973,0.22286264452121884,0.06667896144831464,-0.16109622366603793,-0.2004096431684689,-0.11148111788742376,0.12819857476674093,-0.1341807198539041,0.13451298640803153,-0.4004199741542061,-0.504758873646924,-0.41363686357394513,0.32902857011639985,0.3919768036972425,0.07833890658176575,0.355468562165093,-0.20272344824919827,-0.27321347355987496,0.3238150254894315,0.11921667566544933,-0.569108813807308
0.8164304247426036,-0.9373171476830806,0.161154296468508,4.495138200853368,-0.011621870762706297,0.4205490952785213,-1.4404368261977911,0.746648302684486,1.1418493171311075,3.120815093111465,-0.5457083559914107,1.4405568704161802,-0.2640647817532599,-0.4311833728610694,-2.5077319141414955,-0.32547728888771715,0.9121726376923617,-0.01146501536762903,1.9504338942741357,-1.0303498073491124,1.3028083166480515,-1.6331535215735344,1.0173080620273052,2.606267685939466,-0.42573182163381906,-1.9962769477371138,1.0341158379333204,-3.878981987148596,1.887861604052684,0.5928734441466698,2.903365231176321,1.4448929992432515,-2.803778688555417,-0.05828869760450436,-1.1177287693691056,2.587968920565855,2.2132359464253644,2.227717700898526,1.9559153117036872,-1.5245605288903903,1.8708615215193793,0.4741325626967923,0.062482035160975835,0.9465516307900752
-1.7976126762234426,-0.14687419881714858,-0.6982196941126294,-4.0145219067485,0.08636256016320915,-1.138446916697871,0.8502823897247341,-0.19387725805967906,-0.5103792702471867,-2.7135998559734835,0.4938992973608953,-1.5478132758017626,1.6182462533634348,0.7953739393909289,2.2804638940019477,0.19981600063203228,-0.9139483529680087,-0.2600387507338888,-1.0303498073491124,1.5168392410782487,0.35968434376456504,2.3211282912559765,-0.36723411323062044,0.17343034774332278,-0.4923556489279785,0.7605695246866663,-0.03323532211089424,2.78470894873684,-1.0758361014524986,-0.5587946443213276,-1.3385319853471427,-1.1611024456669414,2.773861975277277,1.618269160727632,1.8292871711657603,-2.41042594716023,-2.4732632312299323,-1.6589251329871824,-2.2877665464105226,1.6404082591549154,-0.18682264161390963,-1.4381726928390415,-0.6111800098458396,1.2299608067740213
-0.8613798296125673,-1.3010516919588233,-0.47780889339310295,1.349277963618455,0.07268672923214778,-0.6398695413616421,-0.8503517135049383,0.7096397197786828,0.9326195894737258,0.9617115133078099,-0.10246643968265975,0.15055054743702512,1.43085816022853,0.424804982268524,-0.7060938586064917,-0.2522993375538767,0.11152480146570522,-0.2880542473595692,1.3028083166480515,0.35968434376456504,2.0513703778913936,0.45077283333672374,0.9143163142076535,3.3393428800197054,-1.0479857688814445,-1.7185775093750744,1.2522568344030536,-1.8846709643771733,1.1138690665284865,0.19318979756283794,2.2084687745514984,0.5923946884518864,-0.5665576986097478,1.619271865182876,0.5023835417573057,0.7113567401838952,0.12907064685261183,0.9827631625185148,-0.026482375543176964,-0.14347414794068714,2.1292546090749305,-0.9647354372395825,-0.6448303243983098,2.474032010234138
-2.818066108979532,-0.24903796016990518,-1.1668186542414787,-6.323241053038271,0.11766406935794389,-1.8449102591918962,1.2751333937817213,-0.28623905479377126,-0.8603425733662889,-4.1821888582047455,0.6964958503784898,-2.4239517733428406,2.4552967872211418,1.08185630453703,3.553769468322068,0.3616145101865188,-1.3672345233169125,-0.42713463926273765,-1.6331535215735344,2.3211282912559765,0.45077283333672374,3.6212108452378398,-0.6134795932748209,0.30622375831801363,-0.7519463583983782,1.2793159291098934,-0.08883787914340814,4.408073771748144,-1.551617692663819,-0.9630003459084654,-2.099380987894692,-1.8645953233839971,4.383940270559079,2.5222116829375043,2.9145892203263735,-3.8215358831274266,-3.88216811194285,-2.552881367756774,-3.5433958375826045,2.5213187416006235,-0.32466776093263855,-2.17129739407617,-0.859982445535189,1.897244168817512
0.2610558087891257,-0.5930355105200188,0.05990634690432878,2.1947364390409025,-0.010949805329326177,0.11785937042183392,-0.7139321098073681,0.41716517927037694,0.6813652411567487,1.4914870920517156,-0.20979452460890627,0.648983607381686,0.1276649060827824,-0.026235352747207622,-1.2237660622331148,-0.24370643046147633,0.37551176048368107,-0.04354432605063819,1.0173080620273052,-0.36723411323062044,0.9143163142076535,-0.6134795932748209,0.6515392396014024,1.559653788227634,-0.34535242659319104,-1.1795393285254498,0.6350593210928029,-1.9939371888349031,0.9312544178937021,0.31706922547008876,1.6339840381650297,0.7401117485649326,-1.3281392996075023,0.19793485842794697,-0.44739859592787956,1.300999804021106,0.9968529983811457,1.119944744810746,0.8207850894433671,-0.6842425029837569,1.145863287723369,0.04703775229673494,-0.13855551449922002,0.7758145315268473
-1.3973608686894468,-2.4813233824386423,-1.1302374617735407,3.122498984090328,0.07747030540121001,-1.2477502105601908,-1.9935262708873773,1.468611715626261,1.5610213970946805,2.4951215944483995,-0.6093438778901621,0.5425754763192148,2.0871155430794204,-0.05411110036316932,-1.7732657337999054,-0.29517973454428137,0.6282421985852191,-0.5828946284770973,2.606267685939466,0.17343034774332278,3.3393428800197054,0.30622375831801363,1.559653788227634,6.548706092734713,-1.8106167817265564,-3.0029153304825518,2.25156732945955,-3.849359204259692,2.8688923818971395,0.11385511596750751,4.3539720104967765,1.1355544552208237,-1.3721142925072713,2.760290347459354,0.8415655070372777,1.481226445700222,0.6279705438460441,2.34949809848915,0.5134873642312383,-0.7112169030564167,3.915407191027747,-1.2703519573646986,-0.6402968524584459,4.367722166975583
0.8778647827962419,0.7171612534947711,0.4760351421350981,0.2679748400681977,-0.04735303010485545,0.6453837201044507,0.2846622305384199,-0.33637124395992746,-0.30160334995280313,0.0909019370639491,0.002597552601032099,0.28669280941331854,-1.0474068624510682,-0.2614244287804892,-0.16024496897278517,0.03725517935127582,0.10085363966070467,0.22286264452121884,-0.42573182163381906,-0.4923556489279785,-1.0479857688814445,-0.7519463583983782,-0.34535242659319104,-1.8106167817265564,0.6409572366298668,0.6352389632455888,-0.6122911279141384,0.2822722756366813,-0.43752870716699366,0.10157143085241224,-0.81446158479935,0.004198717332939773,-0.39074258979505,-1.210168616058238,-0.7306805361636998,0.24756236178272747,0.5168680441602828,-0.15968872352076277,0.5137047024710663,-0.27739027526226084,-1.0278095211381841,0.7722016039691881,0.3837661488136917,-1.542519387358253
-0.5336858764182594,1.1080924483556627,-0.10671421312464548,-4.280752686863057,-0.0042861918366364354,-0.27027249755635085,1.4058854316205631,-0.8050051333018043,-1.2913839761785157,-2.9091065723850864,0.42740151400502296,-1.296247865171378,-0.18586628807876954,0.1092939335432463,2.3650901291622093,0.42342241535972264,-0.758442916496094,0.06667896144831464,-1.9962769477371138,0.7605695246866663,-1.7185775093750744,1.2793159291098934,-1.1795393285254498,-3.0029153304825518,0.6352389632455888,2.2427085364404613,-1.2208297119309073,3.8749727587110168,-1.7948175451049306,-0.6291009730532106,-3.0972817124458296,-1.445506373986545,2.6146882432905545,-0.3298045919349562,0.9091671136185584,-2.5015615703888074,-1.9611053134429646,-2.153943338675727,-1.6568878855562408,1.3339928160997132,-2.168808119954146,-0.12935953902910252,0.20839569474997616,-1.4349608626933585
-0.30502871973245793,-0.8512054045018366,-0.25890736589254926,1.5231311154540292,0.031695247077806195,-0.2778012938045064,-0.7375098828807701,0.5188651922797847,0.6644786278708906,1.1007535672666038,-0.19216551736054105,0.3465046159483214,0.6572413696815407,0.06012975058237044,-0.8377037039032951,-0.1693638951240517,0.256130217431591,-0.16109622366603793,1.0341158379333204,-0.03323532211089424,1.2522568344030536,-0.08883787914340814,0.6350593210928029,2.25156732945955,-0.6122911279141384,-1.2208297119309073,0.8302600964843733,-1.6781451086274972,0.9932880456374957,0.17152906547396715,1.6805652313106008,0.557321590941298,-0.7949584600493318,0.8266979516836553,0.07426036360613371,0.8167096209614098,0.469619436007938,0.9483407375710022,0.36891808186683667,-0.37320681282445456,1.4364256744774342,-0.37829179602614654,-0.2682652081751044,1.4497780423392734
-2.7985951253295567,1.3405343689763491,-0.9332505197682075,-10.39136506509362,0.0917088371003638,-1.6617575631442205,2.8975124188143053,-1.3118877047698463,-2.3267969329819,-7.071646882171027,1.16476712918023,-3.538716582058426,1.6323434590664512,1.0989800521679094,5.823974036822247,0.7804160469082161,-2.0881689997060024,-0.2004096431684689,-3.878981987148596,2.78470894873684,-1.8846709643771733,4.408073771748144,-1.9939371888349031,-3.849359204259692,0.2822722756366813,3.8749727587110168,-1.6781451086274972,8.434089568104167,-3.6857753067426495,-1.4797384098313024,-5.7177233928472,-3.2781116301486546,6.726278194333614,1.4294822789888986,3.3265428454326993,-6.145765514631986,-5.502326099866427,-4.813154993367734,-4.883623662838239,3.709984242365398,-3.133242239359041,-1.8507657154382953,-0.4393861667594924,-0.5088260368499306
0.6575670048026222,-1.047448589109649,-0.09238409322381134,4.265956353283771,-0.05468250690332848,0.1766522702225149,-1.5760761178270069,0.8257118679903264,1.0049983388186383,3.1503999190549017,-0.722324035697727,1.3502024875821201,-0.32200594444205904,-0.7909840458544399,-2.4743256337026454,-0.2315275039046682,1.0055040390314656,-0.11148111788742376,1.887861604052684,-1.0758361014524986,1.1138690665284865,-1.551617692663819,0.9312544178937021,2.8688923818971395,-0.43752870716699366,-1.7948175451049306,0.9932880456374957,-3.6857753067426495,2.242741157613293,0.34845731748635583,2.9403910482731357,1.2887936839574174,-2.566358354726502,0.06532120417460645,-0.8751892322494368,2.3502496149851124,2.0642621660528806,2.3174119756054146,1.9144145934647647,-1.5695362318906898,1.8649163535912796,0.557867032475772,0.26545928812864994,1.053636871116336
0.7539072983581727,-0.014261090616663407,0.4034499847745902,1.9638509524627141,-0.009330913213811695,0.555822297340164,-0.35649877365418037,0.11145902694474964,0.41063592164180535,1.2010006170089957,-0.10110755032819037,0.7084617901039238,-0.4766163452743794,-0.045644944549056175,-1.0557179788020528,-0.19114855253065652,0.31770205962887244,0.12819857476674093,0.5928734441466698,-0.5587946443213276,0.19318979756283794,-0.9630003459084654,0.31706922547008876,0.11385511596750751,0.10157143085241224,-0.6291009730532106,0.17152906547396715,-1.4797384098313024,0.34845731748635583,0.4075074014937118,0.7919960578623645,0.6441449048122846,-1.3586034709758208,-0.578444650593647,-0.8611559212881371,1.2334084042462274,1.1351244714225546,0.74664444949079245,0.9600863751679323,-0.6761065040917004,0.31262398152461646,0.43907470954486943,0.04852852286426304,-0.30687320391553613
0.9177083817551083,-1.6146589565589489,0.07351071606874629,6.450670664364327,-0.03879417489520535,0.37617883567810134,-2.20761259073125,1.2167606368188917,1.795121766303598,4.517642702909681,-0.8074426253230149,1.9910443023403033,-0.03812025649033389,-0.5422298429520114,-3.6469112713782668,-0.5536423582885682,1.268318820254861,-0.1341807198539041,2.903365231176321,-1.3385319853471427,2.2084687745514984,-2.099380987894692,1.6339840381650297,4.3539720104967765,-0.81446158479935,-3.0972817124458296,1.6805652313106008,-5.7177233928472,2.9403910482731357,0.7919960578623645,4.575078517855881,2.0896778193497094,-3.9243638959739795,0.28917556129773164,-1.3855000526085666,3.705767598678361,3.026699061121917,3.3328125074817723,2.6472277534685364,-2.1686880452950765,3.0558339934447765,0.47115708296187836,-0.047175628593324526,1.8891647764932429
1.2740495575564577,-0.37165007083553914,0.49889448674675635,4.148015298856901,-0.038216671365823546,0.8120610612051692,-1.0515634662587945,0.44005640026087955,0.8870068753819331,2.7611668953855086,-0.41541092358500425,1.4461516675330355,-0.8007078634221749,-0.39343513272107,-2.308747716503778,-0.32920933578338146,0.8073786577359066,0.13451298640803153,1.4448929992432515,-1.1611024456669414,0.5923946884518864,-1.8645953233839971,0.7401117485649326,1.1355544552208237,0.004198717332939773,-1.445506373986545,0.557321590941298,-3.2781116301486546,1.2887936839574174,0.6441449048122846,2.0896778193497094,1.3135014525240076,-2.7352007836413406,-0.7921796396293724,-1.476242064733195,2.4885112584408273,2.25889912119623,1.8366388403707572,1.9966294292263727,-1.4835987821014887,1.0460119742258367,0.8370026863551226,0.19437600818122366,-0.08693651741599473
-3.1955344294634265,0.3970788049617815,-1.2759919602319016,-8.883608329080324,0.11593722936085123,-2.0361423316715594,2.0956415656752823,-0.7415374425697552,-1.6480371209817555,-5.936254114199267,0.9336866664899909,-3.2179319507898443,2.3635430132719173,1.1105091528048718,4.974678919887221,0.6171000540861944,-1.8141714108003333,-0.4004199741542061,-2.803778688555417,2.773861975277277,-0.5665576986097478,4.383940270559079,-1.3281392996075023,-1.3721142925072713,-0.39074258979505,2.6146882432905545,-0.7949584600493318,6.726278194333614,-2.566358354726502,-1.3586034709758208,-3.9243638959739795,-2.7352007836413406,5.979077163279847,2.3790494402476052,3.4954125280193074,-5.361504444412141,-5.079910624387008,-3.8070445595276095,-4.545957193862375,3.3324192173520064,-1.5905638589863094,-2.270555480066211,-0.7041093067911968,1.100700154579114
-2.430169149930633,-1.126655823223969,-1.2071391520568766,-2.9831767747163793,0.11412378091634512,-1.7032258891211867,0.08644982056537975,0.3784508078967098,0.034740829195056125,-1.8324856884308256,0.23909666477272523,-1.4080949510474807,2.4560554607248086,0.7194298203658228,1.6844679180419782,0.12454986479439041,-0.6740207976221794,-0.504758873646924,-0.05828869760450436,1.618269160727632,1.619271865182876,2.5222116829375043,0.19793485842794697,2.760290347459354,-1.210168616058238,-0.3298045919349562,0.8266979516836553,1.4294822789888986,0.06532120417460645,-0.578444650593647,0.28917556129773164,-0.7921796396293724,2.3790494402476052,2.7625645915370947,2.2627023154552997,-1.9694064692615931,-2.333204941473574,-0.7895959257430287,-2.1640330772648313,1.4141455778129908,1.31391132711672,-1.9602828071295384,-0.8272412446125217,2.9695956693120076
-2.4254931204965158,-0.41442725239574724,-1.1308121224368897,-4.915976370494744,0.09331766311756784,-1.6607019452804554,0.815788976547469,-0.09286722510849477,-0.6610843369761445,-3.146952287750432,0.42737678450870437,-1.9315600857538393,2.0595069901456817,0.6722570324849955,2.737989644894912,0.3404850682282162,-0.9885272426394444,-0.41363686357394513,-1.1177287693691056,1.8292871711657603,0.5023835417573057,2.9145892203263735,-0.44739859592787956,0.8415655070372777,-0.7306805361636998,0.9091671136185584,0.07426036360613371,3.3265428454326993,-0.8751892322494368,-0.8611559212881371,-1.3855000526085666,-1.476242064733195,3.4954125280193074,2.2627023154552997,2.4914514732812596,-3.0676527749933484,-3.102052684359732,-1.8348829332664465,-2.7876005180636514,1.9477177925847518,0.006315830201677269,-1.785710874946945,-0.6129802231741289,1.8566844399077627
2.7735705427869717,-0.4713650585484862,1.1177836349107146,8.011244061472983,-0.1065267353536025,1.756538882571717,-1.9180340029437801,0.7154811199661553,1.5718968186171185,5.350561677207308,-0.816516514993269,2.866034660039506,-1.9474407333598296,-0.8962083498288769,-4.489262645932098,-0.6021980434824048,1.5999743243495876,0.32902857011639985,2.587968920565855,-2.41042594716023,0.7113567401838952,-3.8215358831274266,1.300999804021106,1.481226445700222,0.24756236178272747,-2.5015615703888074,0.8167096209614098,-6.145765514631986,2.3502496149851124,1.2334084042462274,3.705767598678361,2.4885112584408273,-5.361504444412141,-1.9694064692615931,-3.0676527749933484,4.855887102838189,4.519469526606903,3.4650683127551867,4.0123599437930535,-2.9704545116754337,1.6138670193699636,1.918837868878038,0.5262023850432758,-0.7503338976777687
2.9083785679772567,-0.1338006576867964,1.181133324208786,7.475925243789902,-0.11911600725332556,1.859509990165795,-1.6704036498820187,0.5231062184298411,1.2542557529202836,4.984535550762922,-0.8011246400638649,2.7520567761941996,-2.3113739245982003,-1.0617870031517207,-4.196295305542574,-0.48420567120299723,1.5598787205393287,0.3919768036972425,2.2132359464253644,-2.4732632312299323,0.12907064685261183,-3.88216811194285,0.9968529983811457,0.6279705438460441,0.5168680441602828,-1.9611053134429646,0.469619436007938,-5.502326099866427,2.0642621660528806,1.1351244714225546,3.026699061121917,2.25889912119623,-5.079910624387008,-2.333204941473574,-3.102052684359732,4.519469526606903,4.396762775147431,3.146499125397577,3.946163460062163,-2.875197705853467,1.0154933931944823,2.1375604137484916,0.7379047753295896,-1.3780091697143246
1.5593026400558023,-0.8095643158152566,0.43131643638169315,5.963545768135843,-0.0784037152438673,0.8675392106633718,-1.7368573972713859,0.7970807287313038,1.2706807816395818,4.125582834409455,-0.7615120847206833,2.0152787651475705,-1.0038713982477026,-0.8221518630265426,-3.379907750463454,-0.41639528625115,1.265035025243884,0.07833890658176575,2.227717700898526,-1.6589251329871824,0.9827631625185148,-2.552881367756774,1.119944744810746,2.34949809848915,-0.15968872352076277,-2.153943338675727,0.9483407375710022,-4.813154993367734,2.3174119756054146,0.74664444949079245,3.3328125074817723,1.8366388403707572,-3.8070445595276095,-0.7895959257430287,-1.8348829332664465,3.4650683127551867,3.146499125397577,2.861869430742973,2.8344129851837963,-2.179893633373586,1.8041620986179336,1.1282741640355045,0.3732898730105132,0.31964107600036223
2.6471857086138892,-0.08108910809140467,1.0169821903668277,6.679365002465577,-0.10926013221151634,1.6657177422130334,-1.5345408937730507,0.4665281441289002,1.0581043172137383,4.521325801693243,-0.7789107186719937,2.495124608299198,-2.1815565657355656,-1.0944591772522216,-3.768915786399374,-0.38228343827986655,1.4590083378698173,0.355468562165093,1.9559153117036872,-2.2877665464105226,-0.026482375543176964,-3.5433958375826045,0.8207850894433671,0.5134873642312383,0.5137047024710663,-1.6568878855562408,0.36891808186683667,-4.883623662838239,1.9144145934647647,0.9600863751679323,2.6472277534685364,1.9966294292263727,-4.545957193862375,-2.1640330772648313,-2.7876005180636514,4.0123599437930535,3.946163460062163,2.8344129851837963,3.6054263316614192,-2.6123730195197408,0.8256673840998002,2.01675808739953,0.7641698955783376,-1.3378695235623916
-1.833424444941759,0.21381384018272132,-0.6625588605177171,-4.968093405100135,0.08965472194955874,-1.1071322330610247,1.2238485610204828,-0.4221204984897315,-0.8516047485886468,-3.3976348229478512,0.6067853374901212,-1.8150416367709448,1.4680206873327488,0.8113348452203132,2.8270536706496423,0.30130442178099115,-1.0797945016028085,-0.20272344824919827,-1.5245605288903903,1.6404082591549154,-0.14347414794068714,2.5213187416006235,-0.6842425029837569,-0.7112169030564167,-0.27739027526226084,1.3339928160997132,-0.37320681282445456,3.709984242365398,-1.5695362318906898,-0.6761065040917004,-2.1686880452950765,-1.4835987821014887,3.3324192173520064,1.4141455778129908,1.9477177925847518,-2.9704545116754337,-2.875197705853467,-2.179893633373586,-2.6123730195197408,1.9459203084217105,-0.8040655561185768,-1.4000112042083113,-0.5197408009179848,0.7265729872044202
-0.3884812126074753,-1.4926995187847716,-0.4127122957821839,2.963239313182039,0.03418489499140159,-0.4237681408326275,-1.3678503052625381,0.9258914972337723,1.1899123568225276,2.1592012228928525,-0.3949813787180956,0.7199188733228459,0.9997691684598463,0.0012827938968850451,-1.6560328234032833,-0.3074179879361296,0.5321216326503416,-0.27321347355987496,1.8708615215193793,-0.18682264161390963,2.1292546090749305,-0.32466776093263855,1.145863287723369,3.915407191027747,-1.0278095211381841,-2.168808119954146,1.4364256744774342,-3.133242239359041,1.8649163535912796,0.31262398152461646,3.0558339934447765,1.0460119742258367,-1.5905638589863094,1.31391132711672,0.006315830201677269,1.6138670193699636,1.0154933931944823,1.8041620986179336,0.8256673840998002,-0.8040655561185768,2.5193641827389697,-0.522565616337536,-0.40388259217180594,2.4306360420586826
1.8829650773342501,0.5488176136581331,0.7898866834761625,3.096596640344195,-0.10109391526620598,1.2184131719888753,-0.4664707760647518,-0.06675502697451755,0.16948783116286442,2.0840731471420617,-0.3881571869336675,1.3224667240553472,-1.8753276531645229,-0.8024161373257426,-1.7850097321520806,-0.10676723527049523,0.7575841429098676,0.3238150254894315,0.4741325626967923,-1.4381726928390415,-0.9647354372395825,-2.17129739407617,0.04703775229673494,-1.2703519573646986,0.7722016039691881,-0.12935953902910252,-0.37829179602614654,-1.8507657154382953,0.557867032475772,0.43907470954486943,0.47115708296187836,0.8370026863551226,-2.270555480066211,-1.9602828071295384,-1.785710874946945,1.918837868878038,2.1375604137484916,1.1282741640355045,2.01675808739953,-1.4000112042083113,-0.522565616337536,1.5779194214228616,0.7141683561520049,-1.8890108483100416
0.7021275175050505,0.2936435852382582,0.21894566095986778,0.9514135361387207,-0.04943341685506214,0.42092895251124324,-0.15570614979567932,-0.05669913600833773,-0.11137694874593244,0.7009540964043789,-0.22039572645584438,0.44570429172689424,-0.8813346612376788,-0.5274063994505677,-0.5743722805461282,0.053616485677234337,0.33259702667998636,0.11921667566544933,0.062482035160975835,-0.6111800098458396,-0.6448303243983098,-0.859982445535189,-0.13855551449922002,-0.6402968524584459,0.3837661488136917,0.20839569474997616,-0.2682652081751044,-0.4393861667594924,0.26545928812864994,0.04852852286426304,-0.047175628593324526,0.19437600818122366,-0.7041093067911968,-0.8272412446125217,-0.6129802231741289,0.5262023850432758,0.7379047753295896,0.3732898730105132,0.7641698955783376,-0.5197408009179848,-0.40388259217180594,0.7141683561520049,0.4520241746645357,-0.9010077154891231
-2.202459293227863,-1.7266069884140935,-1.214187607212857,-0.8593168842781086,0.11040235705084984,-1.6243859025164946,-0.6695011757424367,0.8131664110370108,0.6784988514806994,-0.3497226981014398,-0.015385960996816538,-0.7678438106742149,2.560184267835439,0.597947056025051,0.4892916405180163,-0.0735181556667482,-0.27587945471661923,-0.569108813807308,0.9465516307900752,1.2299608067740213,2.474032010234138,1.897244168817512,0.7758145315268473,4.367722166975583,-1.542519387358253,-1.4349608626933585,1.4497780423392734,-0.5088260368499306,1.053636871116336,-0.30687320391553613,1.8891647764932429,-0.08693651741599473,1.100700154579114,2.9695956693120076,1.8566844399077627,-0.7503338976777687,-1.3780091697143246,0.31964107600036223,-1.3378695235623916,0.7265729872044202,2.4306360420586826,-1.8890108483100416,-0.9010077154891231,3.7481324624692127
