V1,V2,V3,V4,V5,V6,V7,V8,V9,V10,V11,V12,V13,V14,V15,V16,V17,V18,V19,V20,V21,V22,V23,V24,V25,V26,V27,V28,V29,V30,V31,V32,V33,V34,V35,V36,V37,V38,V39,V40,V41,V42,V43,V44
3.805180536630737,-0.06029834889580037,1.542648663469935,9.455510361003554,-0.17278158199037805,2.427614745015455,-2.0828914292939698,0.6221220238632453,1.5410198632076382,6.306394177865384,-1.0279416030600834,3.5123627204859997,-3.0809586605316888,-1.4038643108022713,-5.3361052949143275,-0.6289933984488556,1.9803695694815873,0.5063235217308704,2.687940695011327,-3.203129722577529,-0.031123427829005932,-5.002159169016032,1.2085417259870166,0.5162878512294576,0.7613014853613278,-2.3545804843237628,0.48540977666928975,-6.876983885332112,2.5750867293602755,1.4154414840711254,3.7242620130745894,2.8396680208380056,-6.442540701801259,-3.138091073297546,-4.016828785235571,5.729731411882002,5.597951456968892,3.9658655933497715,5.046254444367164,-3.6852154711384917,1.114384045229932,2.8404999694948576,1.0025576765262274,-1.9729576567025635
-0.06029834889580037,0.9431357473245192,0.18018278316664457,-2.6062144721179954,0.013344834720779457,0.10588776468645769,1.053248375992654,-0.6442987855943677,-0.8213356940984192,-1.8823673441683237,0.3835142242024956,-0.7219635024880647,-0.30260598891131896,0.2321484933217071,1.4883115039744859,0.2282594865938524,-0.5228963568868971,0.154063473671492,-1.358318286590925,0.4216543141740468,-1.2306881877139573,0.6377532112658582,-0.7843910306786741,-2.498470008922849,0.5546510632370169,1.4693366336623348,-0.9013843328204696,2.4693622262947272,-1.479023995756102,-0.2492171488035293,-2.211922566400959,-0.8473888268496744,1.4805839259243145,-0.5456603390377971,0.2939306917388944,-1.431502523127701,-1.0910854808520132,-1.4940307731177225,-0.9435997131331596,0.8411478379014778,-1.6272045156765471,0.035194327923009014,0.0891246538031929,-1.3249851887314503
1.542648663469935,0.18018278316664457,0.7578122070771428,3.328225698584863,-0.09192561232130708,1.0494495412153997,-0.547206758994729,0.10529865573248907,0.5319003976542593,2.073673619928517,-0.2529257299542873,1.2373190720939222,-1.2397347839404023,-0.33752367558078644,-1.8719779146053062,-0.32411586897500005,0.5941965770838328,0.22523971531502318,0.7590758354468479,-1.1506618439561578,-0.1798784234246644,-1.8487820137704243,0.4190135496726975,-0.41203493030709964,0.41694942233988164,-0.7215210774715651,0.014299346366589086,-2.28527065251588,0.6310088105386068,0.5886803687089995,1.1105803820746283,1.0042761876809883,-2.311216248297576,-1.3921836402642973,-1.6140153975067821,2.093891779016009,2.0495430968532697,1.285346291310109,1.7658243152751054,-1.30264195448286,0.136934194982262,1.0926907916350361,0.3115534099481878,-1.05576392051008
9.455510361003554,-2.6062144721179954,3.328225698584863,29.948662102097604,-0.4327138831597181,5.69079684768447,-7.832228103561349,3.1979866274155024,5.946497462335137,20.331087970438666,-3.477567224247499,10.491965685887081,-6.6784813746522955,-3.9551247623309282,-16.913835828777177,-2.1304565993647637,6.19775449416527,0.8623361892241234,10.168508447040027,-8.903554608474144,3.2269294503087504,-13.884799417035557,5.014304959390219,7.819917486935246,0.3837619251914929,-9.66754838873431,3.582519602092656,-23.31827527946963,10.079514030257013,4.1649131369872014,14.883013608870879,9.19261219713507,-19.658230366311482,-6.2177798771113375,-10.6104684358649,17.777883369737424,16.53585523644003,13.566320802691084,14.80487535080765,-11.170501246710945,7.016737397660345,6.797458017206779,2.1621288921651938,-1.320765997239053
-0.17278158199037805,0.013344834720779457,-0.09192561232130708,-0.4327138831597181,0.08782198705110762,-0.07324806698634133,0.054450454279631064,-0.04368414104168921,-0.07834497082441806,-0.2081477758037005,0.04738548907170298,-0.07685069170373925,0.18488023183579147,0.0678597651330937,0.3072610611182495,0.15341022428780476,-0.016464358401511787,0.050248378606832435,0.010622054345040502,0.15075613056144038,0.08448478838935085,0.2049855956489025,-0.12312204507229649,0.0910216163049174,-0.07418444093072443,0.04124522965833309,0.047551447224258775,0.22011556456214423,-0.2002207628803181,-0.016103536747494762,-0.26024192610027275,-0.08248004474016409,0.21467872361187412,0.18591380273743227,0.17158824171322595,-0.26114960471260334,-0.2569828875251247,-0.2539905519866358,-0.14347944496699522,0.23040315680105494,-0.008438036020697549,-0.16569430436545926,-0.05788493111563768,0.12324221502716318
2.427614745015455,0.10588776468645769,1.0494495412153997,5.69079684768447,-0.07324806698634133,1.6129898676019032,-1.163941725252829,0.29137590350859643,0.9073197529920526,3.759183439956034,-0.5550742206525641,2.1723686934205366,-1.9416064262593322,-0.7593436891741668,-3.167921811305113,-0.3582438516042684,1.1801259602051186,0.38314520455045487,1.5806477023909455,-1.9494697042154459,-0.09178473604540423,-3.093207810855889,0.6695687039023918,-0.0056460071496062065,0.5356130095856635,-1.3791665474263208,0.22879742895609254,-4.106905124533821,1.3259265417370107,0.9359255614114211,2.044834078366846,1.7394240643557326,-3.957464746487993,-2.0573022110350982,-2.55735930604741,3.494621035810676,3.4230191850142453,2.2704064829345434,3.0967684583095765,-2.1864701337948773,0.5217199500472317,1.7591329661551567,0.5818977360377527,-1.4131161637057392
-2.0828914292939698,1.053248375992654,-0.547206758994729,-7.832228103561349,0.054450454279631064,-1.163941725252829,2.326403694074539,-1.033585583677581,-1.648682015441435,-5.499574494169789,1.024592340071982,-2.715538753660487,1.3480456291583285,1.1342279114067348,4.412623481974869,0.44212263254919615,-1.7273782848596526,-0.14370925198381912,-2.996019010038744,2.207520012488662,-1.2856782924455985,3.401368170835417,-1.3930509130813558,-3.1049882590921247,0.20666489513638855,2.8202318247672027,-1.2601099420860262,6.368864986278385,-3.014196655755831,-0.9961035166843613,-4.2951998969472305,-2.429283269497601,5.064148656384212,1.0584341302239506,2.430222123914231,-4.551210726829888,-4.157081274792995,-3.7074645747857655,-3.8113887445902,2.859700805859853,-2.3553552056458464,-1.508552722539939,-0.5176727015705963,-0.383552179171453
0.6221220238632453,-0.6442987855943677,0.10529865573248907,3.1979866274155024,-0.04368414104168921,0.29137590350859643,-1.033585583677581,0.5340186466856057,0.7788643115355104,2.23351864425715,-0.42679239471404096,1.017624874525983,-0.2859261864357984,-0.39795588986763725,-1.8250444362915001,-0.2518245415724002,0.6583279350202779,-0.03481753534782503,1.3128974906458826,-0.7849986049353114,0.7979542649700767,-1.2005972320641665,0.7076667073772881,1.7568174280899758,-0.24915534633690314,-1.330109965971716,0.6689506910692572,-2.6995829606193267,1.4143152023376533,0.36890064431352937,2.062378506637852,0.9947316435337359,-1.971265157900239,-0.12074154401674198,-0.8071250081429608,1.830841421301356,1.5906848133878486,1.624237454635697,1.4090385190328318,-1.1418108237361642,1.2540520658093663,0.42683962844083645,0.1121405776201656,0.5807436629419744
1.5410198632076382,-0.8213356940984192,0.5319003976542593,5.946497462335137,-0.07834497082441806,0.9073197529920526,-1.648682015441435,0.7788643115355104,1.383831383576097,3.994016513494172,-0.6428968467016347,1.9732703559594604,-0.8460039153084833,-0.5553051057486628,-3.349941304865991,-0.5228543757430681,1.136461246011308,0.07212995997122228,2.201167171445757,-1.5415649451370763,1.1616887665049436,-2.4503302071893587,1.2147575567782292,2.282176281763221,-0.2000564093689154,-2.272224192696959,0.9905106286985406,-4.832229516701552,2.1372836146891983,0.8463850189060059,3.383750121983965,1.8745930627239964,-3.8047278575899526,-0.74273912133612,-1.8631055440351345,3.522404272359533,3.114199195141367,2.7879565739696304,2.7093244421072846,-2.1170892461755404,1.8675554484278007,0.9932684406902766,0.19222163876068551,0.4054829431756275
6.306394177865384,-1.8823673441683237,2.073673619928517,20.331087970438666,-0.2081477758037005,3.759183439956034,-5.499574494169789,2.23351864425715,3.994016513494172,14.012052455094343,-2.472765004782929,7.208610217811459,-4.464622359426014,-2.8806592925710626,-11.441907376565332,-1.2337709972892517,4.382192651541596,0.6203063227104416,7.137189332068768,-6.071551137515528,2.294606782151666,-9.428130518179778,3.3112168050309023,5.78335300898766,0.15316321188967047,-6.633444290025186,2.566636025811846,-15.980357812188162,7.0077806431680845,2.774693336793714,10.125283715574428,6.261262486782862,-13.385929186141954,-4.030729350397806,-7.080586402591204,12.001667002954537,11.190303982310073,9.2384030791602,10.179514337883216,-7.554959978284799,4.928318476854193,4.581722678175213,1.5504272650697966,-0.684740156584545
-1.0279416030600834,0.3835142242024956,-0.2529257299542873,-3.477567224247499,0.04738548907170298,-0.5550742206525641,1.024592340071982,-0.42679239471404096,-0.6428968467016347,-2.472765004782929,0.5073419208070112,-1.2277495592194527,0.797281659047925,0.6546779247669507,1.9878876351127794,0.16641867776667507,-0.8122958303480325,-0.07127149508606262,-1.2472867739089217,1.08112906633866,-0.3420209302105568,1.6221625277049085,-0.5414607727962225,-1.1554355218303372,-0.012244559468281133,1.0908905679639762,-0.44649286525401755,2.736114550952801,-1.3787348155042125,-0.39143780119150834,-1.7919238450398,-1.0375921778116215,2.2546802401626893,0.6385173168231053,1.1351141998784942,-2.0033453936567107,-1.9041277754428594,-1.6577217990642859,-1.771513797934479,1.3376111213965107,-0.8772479147283113,-0.8248737868413666,-0.3563096652486622,0.0578778943923054
3.5123627204859997,-0.7219635024880647,1.2373190720939222,10.491965685887081,-0.07685069170373925,2.1723686934205366,-2.715538753660487,1.017624874525983,1.9732703559594604,7.208610217811459,-1.2277495592194527,3.820159686593052,-2.5575710589907126,-1.4767739108966331,-5.864441554473767,-0.5820245287745683,2.2805047715844955,0.4332816685385558,3.5822230539201763,-3.231464208043252,0.930585117268536,-5.055993105236351,1.574694667832008,2.4108804495104232,0.25386004608272333,-3.2641985900232005,1.1649991602667717,-8.147371614298919,3.34049406821378,1.5113350780229742,4.8781665289595235,3.2455418713968687,-7.025552410821924,-2.422705227748922,-3.8809302657850293,6.243599389390696,5.887757356164591,4.6148118748247065,5.392334574457711,-3.9013575944592507,2.2277764637091346,2.5383212120292113,0.8578781224876301,-0.8138330532180763
-3.0809586605316888,-0.30260598891131896,-1.2397347839404023,-6.6784813746522955,0.18488023183579147,-1.9416064262593322,1.3480456291583285,-0.2859261864357984,-0.8460039153084833,-4.464622359426014,0.797281659047925,-2.5575710589907126,2.7851592766092206,1.2957923895655217,3.826916156506754,0.40078216258886173,-1.4710326583684241,-0.4199288181182021,-1.5959781086749067,2.541730998150924,0.7076947111079152,3.88573731745959,-0.6329472810576522,0.5531852741126312,-0.8920817398203208,1.191796320377922,0.035470105980648044,4.555378913364123,-1.741886574769662,-0.9299319919072265,-2.18880599571579,-1.909708187861948,4.610019509654749,2.8245711985032544,3.1076169119076087,-4.046054705992406,-4.154497976599597,-2.74888645493667,-3.7857301804763646,2.7719796340675367,-0.19706145596126012,-2.4639459512464046,-1.0138752302801122,2.2026026888148653
-1.4038643108022713,0.2321484933217071,-0.33752367558078644,-3.9551247623309282,0.0678597651330937,-0.7593436891741668,1.1342279114067348,-0.39795588986763725,-0.5553051057486628,-2.8806592925710626,0.6546779247669507,-1.4767739108966331,1.2957923895655217,1.0024136416262859,2.2842821996616305,0.09365260114594115,-1.024685666763569,-0.13778678330367577,-1.2872600859730858,1.4252254485261786,0.03995631643972417,2.0855025398814377,-0.43648853571258234,-0.8302390647796197,-0.2210516140134728,0.9472417924597092,-0.29317624670921494,2.9549338938418304,-1.5535001411963238,-0.3877060654245938,-1.739784822623616,-1.1236148669151134,2.6213222976457025,1.0824207322779065,1.4414745704213996,-2.2595021278624103,-2.291335065904963,-1.8519356938155556,-2.2054891339110942,1.623528135240018,-0.6462456744897707,-1.2351657883853733,-0.6329177658180773,0.5522294856745469
-5.3361052949143275,1.4883115039744859,-1.8719779146053062,-16.913835828777177,0.3072610611182495,-3.167921811305113,4.412623481974869,-1.8250444362915001,-3.349941304865991,-11.441907376565332,1.9878876351127794,-5.864441554473767,3.826916156506754,2.2842821996616305,9.610474432702297,1.284498015697381,-3.4618092030259557,-0.4233926850594827,-5.64203990880937,5.0479148177519475,-1.7316604607932176,7.834215804963183,-2.8725106524921578,-4.353170253074474,-0.251176650708255,5.388526221696162,-1.9654139273330589,13.09486014431558,-5.799812827161309,-2.29238021820716,-8.480116637011248,-5.145500303004788,11.03612770427303,3.5445953240622385,5.969254462599772,-10.026765921058235,-9.340922405441246,-7.734653573508106,-8.307097617941011,6.37084870306013,-3.9264474246874697,-3.887421621622469,-1.2598394196914384,0.7738605171677116
-0.6289933984488556,0.2282594865938524,-0.32411586897500005,-2.1304565993647637,0.15341022428780476,-0.3582438516042684,0.44212263254919615,-0.2518245415724002,-0.5228543757430681,-1.2337709972892517,0.16641867776667507,-0.5820245287745683,0.40078216258886173,0.09365260114594115,1.284498015697381,0.427743476929346,-0.2371211103811196,0.061164455260881004,-0.5179122568530516,0.547120303798314,-0.2602486677485422,0.8633682775371693,-0.5481757579165072,-0.40715268845480235,-0.03801875930361817,0.6986409541322519,-0.20149864372484697,1.548301389282456,-0.7427163409832107,-0.2873016588650144,-1.2707783546739315,-0.6141272290651515,1.267039486011009,0.4342834486418632,0.7362705229325925,-1.3012330049522374,-1.1421250229091844,-1.0479507892968947,-0.8190048848696764,0.8362711646966238,-0.517069700773779,-0.4212848976901907,-0.03866971602854768,0.03210688288361106
1.9803695694815873,-0.5228963568868971,0.5941965770838328,6.19775449416527,-0.016464358401511787,1.1801259602051186,-1.7273782848596526,0.6583279350202779,1.136461246011308,4.382192651541596,-0.8122958303480325,2.2805047715844955,-1.4710326583684241,-1.024685666763569,-3.4618092030259557,-0.2371211103811196,1.4483776471593457,0.24792583322458078,2.2390328815839484,-1.9302746641984077,0.5975467289126682,-2.9736100063804547,0.8917682187945325,1.7493754321004722,0.08089167838778086,-1.954568774668166,0.764092065797428,-4.886938095122208,2.1429831486082302,0.8291706619277199,2.9466526776615547,1.9110285069091237,-4.142304534636487,-1.2952355795461512,-2.186869545418905,3.634375514712731,3.4485614248636063,2.7844570775538475,3.241428394703242,-2.3104994709028577,1.4309661129729752,1.4846406706993733,0.5758068218949446,-0.3227802753855745
0.5063235217308704,0.154063473671492,0.22523971531502318,0.8623361892241234,0.050248378606832435,0.38314520455045487,-0.14370925198381912,-0.03481753534782503,0.07212995997122228,0.6203063227104416,-0.07127149508606262,0.4332816685385558,-0.4199288181182021,-0.13778678330367577,-0.4233926850594827,0.061164455260881004,0.24792583322458078,0.16273455326852676,0.2676696556144693,-0.3584187296170863,-0.11866765800232053,-0.5923365786402267,-0.019858160995319073,-0.23292294706475444,0.15410223873487056,-0.14865146490267478,-0.014741493587042215,-0.6198227433619683,0.02610054367906153,0.20130006537801876,0.06632249611525871,0.2938017762537878,-0.7074057362050383,-0.4721282316314488,-0.5104693014211068,0.5511686726205429,0.5823801109805234,0.22833772577987416,0.6083326093614511,-0.30422264968232693,-0.06914678237341619,0.3514472831480471,0.13172615929995146,-0.44817232653077455
2.687940695011327,-1.358318286590925,0.7590758354468479,10.168508447040027,0.010622054345040502,1.5806477023909455,-2.996019010038744,1.3128974906458826,2.201167171445757,7.137189332068768,-1.2472867739089217,3.5822230539201763,-1.5959781086749067,-1.2872600859730858,-5.64203990880937,-0.5179122568530516,2.2390328815839484,0.2676696556144693,4.0206232508678825,-2.7846092512029115,1.8801884667438946,-4.373137356686252,1.8096343467577136,4.1163503416136535,-0.3420161356685458,-3.821120693881506,1.7409608089027466,-8.383527167395126,3.705846856833396,1.413295928712587,5.517312384102036,3.2330250173188433,-6.657507382728745,-1.2908064426306485,-3.187457704262235,5.952352067423524,5.377095293436151,4.6984557704839895,4.959204092013569,-3.599026247829581,3.1516796159047615,1.824707935905871,0.5399619902079213,0.593867889848968
-3.203129722577529,0.4216543141740468,-1.1506618439561578,-8.903554608474144,0.15075613056144038,-1.9494697042154459,2.207520012488662,-0.7849986049353114,-1.5415649451370763,-6.071551137515528,1.08112906633866,-3.231464208043252,2.541730998150924,1.4252254485261786,5.0479148177519475,0.547120303798314,-1.9302746641984077,-0.3584187296170863,-2.7846092512029115,2.9046891395051824,-0.3496271496488764,4.4757785917675355,-1.2523184814640622,-1.4490669123514563,-0.4414371688841923,2.459109746850006,-0.7306499046359916,6.682739891757202,-2.8389999513710555,-1.2147885534581984,-3.94458714887066,-2.6715013321365286,5.946385417396959,2.4279688720588566,3.440739043191162,-5.29830263576805,-5.110076903087423,-3.930851085189997,-4.6469227479557,3.4451487664354934,-1.5292925351149906,-2.434195776152318,-0.9091862083551449,1.1718584062377733
-0.031123427829005932,-1.2306881877139573,-0.1798784234246644,3.2269294503087504,0.08448478838935085,-0.09178473604540423,-1.2856782924455985,0.7979542649700767,1.1616887665049436,2.294606782151666,-0.3420209302105568,0.930585117268536,0.7076947111079152,0.03995631643972417,-1.7316604607932176,-0.2602486677485422,0.5975467289126682,-0.11866765800232053,1.8801884667438946,-0.3496271496488764,1.9390676739901982,-0.647175801186041,1.0417859864716197,3.369706272303358,-0.850456381374889,-2.122643639596825,1.3202788413876336,-3.252615808269921,1.5823927456789748,0.47622560237278616,2.7842396998200227,1.1665095047110003,-1.9100537591323214,0.9048001944026772,-0.35098191424404074,1.8327113450172015,1.276557941353185,1.7231307248252477,1.1050517445015102,-0.8672276486493439,2.25580876869475,-0.3156036219812324,-0.3586527930754994,1.9378883832161888
-5.002159169016032,0.6377532112658582,-1.8487820137704243,-13.884799417035557,0.2049855956489025,-3.093207810855889,3.401368170835417,-1.2005972320641665,-2.4503302071893587,-9.428130518179778,1.6221625277049085,-5.055993105236351,3.88573731745959,2.0855025398814377,7.834215804963183,0.8633682775371693,-2.9736100063804547,-0.5923365786402267,-4.373137356686252,4.4757785917675355,-0.647175801186041,6.953839577747444,-1.9720869640020997,-2.2361206736010955,-0.6647258627526842,3.9148277757177095,-1.1770926975664968,10.461956472435665,-4.290089087118936,-1.9677212681246465,-6.123991045227036,-4.205117802002353,9.309926359672758,3.7690599889361707,5.401279499733187,-8.295991040624184,-7.961108603856281,-6.063736756741389,-7.225404977476841,5.315117818440087,-2.4120765783807134,-3.726092636143976,-1.3275355515591905,1.8023784628559143
1.2085417259870166,-0.7843910306786741,0.4190135496726975,5.014304959390219,-0.12312204507229649,0.6695687039023918,-1.3930509130813558,0.7076667073772881,1.2147575567782292,3.3112168050309023,-0.5414607727962225,1.574694667832008,-0.6329472810576522,-0.43648853571258234,-2.8725106524921578,-0.5481757579165072,0.8917682187945325,-0.019858160995319073,1.8096343467577136,-1.2523184814640622,1.0417859864716197,-1.9720869640020997,1.128961553917712,2.0446175266381448,-0.2117169381607433,-1.9508857398844828,0.8549813356442687,-4.057939934527706,1.9214287454263366,0.6709010947356672,3.031735405484243,1.5535825676599664,-3.121645752114181,-0.5268971986386811,-1.4891178149728999,2.9617395404197615,2.584993203691684,2.4385639079419366,2.1677201569226954,-1.8102478869203364,1.6669467981341497,0.7811032943829885,0.12481799993929808,0.49048738460328073
0.5162878512294576,-2.498470008922849,-0.41203493030709964,7.819917486935246,0.0910216163049174,-0.0056460071496062065,-3.1049882590921247,1.7568174280899758,2.282176281763221,5.78335300898766,-1.1554355218303372,2.4108804495104232,0.5531852741126312,-0.8302390647796197,-4.353170253074474,-0.40715268845480235,1.7493754321004722,-0.23292294706475444,4.1163503416136535,-1.4490669123514563,3.369706272303358,-2.2361206736010955,2.0446175266381448,6.938621407542777,-1.4668427243999116,-4.214316922329201,2.558103259150769,-7.376396602402006,4.089753562461168,0.8491161535415483,6.062991354596228,2.590968332869005,-4.681865709136542,1.2278692882762618,-1.164923735216349,4.323343502706948,3.43009407620838,4.23849393547396,3.1775617058461987,-2.4921761865721126,4.495527496961608,0.14609907863785648,-0.10838799746233814,3.386237115394646
0.7613014853613278,0.5546510632370169,0.41694942233988164,0.3837619251914929,-0.07418444093072443,0.5356130095856635,0.20666489513638855,-0.24915534633690314,-0.2000564093689154,0.15316321188967047,-0.012244559468281133,0.25386004608272333,-0.8920817398203208,-0.2210516140134728,-0.251176650708255,-0.03801875930361817,0.08089167838778086,0.15410223873487056,-0.3420161356685458,-0.4414371688841923,-0.850456381374889,-0.6647258627526842,-0.2117169381607433,-1.4668427243999116,0.5313747833527265,0.47743078525180116,-0.4998932572131506,0.13190237462865825,-0.2681801491073129,0.08844627968757117,-0.5300295733024707,0.036845610547665844,-0.393685605764831,-1.0243929315661202,-0.6424830627700415,0.3060350995696765,0.5102956669039248,-0.024812297474348464,0.45454063259337346,-0.3106411288389138,-0.8004554700345503,0.6697266951295329,0.3148708188983313,-1.2593493659130701
-2.3545804843237628,1.4693366336623348,-0.7215210774715651,-9.66754838873431,0.04124522965833309,-1.3791665474263208,2.8202318247672027,-1.330109965971716,-2.272224192696959,-6.633444290025186,1.0908905679639762,-3.2641985900232005,1.191796320377922,0.9472417924597092,5.388526221696162,0.6986409541322519,-1.954568774668166,-0.14865146490267478,-3.821120693881506,2.459109746850006,-2.122643639596825,3.9148277757177095,-1.9508857398844828,-4.214316922329201,0.47743078525180116,3.8613525209945285,-1.7888093808385548,8.034590384636628,-3.5566712655467896,-1.3766625235416994,-5.578907988021417,-3.0929220204474475,6.219808129907312,0.9528194372344281,2.90323002486477,-5.688121533168722,-5.0006862261656275,-4.536760887282233,-4.457625659432247,3.3679519911544555,-3.2697306991650357,-1.4842952468765829,-0.2891454438919077,-0.9655892964422176
0.48540977666928975,-0.9013843328204696,0.014299346366589086,3.582519602092656,0.047551447224258775,0.22879742895609254,-1.2601099420860262,0.6689506910692572,0.9905106286985406,2.566636025811846,-0.44649286525401755,1.1649991602667717,0.035470105980648044,-0.29317624670921494,-1.9654139273330589,-0.20149864372484697,0.764092065797428,-0.014741493587042215,1.7409608089027466,-0.7306499046359916,1.3202788413876336,-1.1770926975664968,0.8549813356442687,2.558103259150769,-0.4998932572131506,-1.7888093808385548,1.0071653612415714,-3.2599088460784835,1.5732310853201288,0.4831393645326466,2.4763044060616486,1.2006933773365642,-2.238087087508935,0.22598296032316237,-0.7637207243740524,2.0492195416339856,1.67508590068246,1.7957900709992245,1.5323922214836652,-1.1428927358359964,1.7555357347256966,0.20895205497951455,-0.03918386863593926,1.1095232503598915
-6.876983885332112,2.4693622262947272,-2.28527065251588,-23.31827527946963,0.22011556456214423,-4.106905124533821,6.368864986278385,-2.6995829606193267,-4.832229516701552,-15.980357812188162,2.736114550952801,-8.147371614298919,4.555378913364123,2.9549338938418304,13.09486014431558,1.548301389282456,-4.886938095122208,-0.6198227433619683,-8.383527167395126,6.682739891757202,-3.252615808269921,10.461956472435665,-4.057939934527706,-7.376396602402006,0.13190237462865825,8.034590384636628,-3.2599088460784835,18.56024762685346,-8.091648535052983,-3.2512656825860256,-12.065559025838168,-7.255785984002093,15.262726472379844,4.089844703538624,7.884007029872171,-13.781415096377312,-12.647449683289162,-10.65832766132576,-11.398056264596374,8.523297113433191,-6.173552065590825,-4.825310710134159,-1.4601875935309423,0.0580014076150855
2.5750867293602755,-1.479023995756102,0.6310088105386068,10.079514030257013,-0.2002207628803181,1.3259265417370107,-3.014196655755831,1.4143152023376533,2.1372836146891983,7.0077806431680845,-1.3787348155042125,3.34049406821378,-1.741886574769662,-1.5535001411963238,-5.799812827161309,-0.7427163409832107,2.1429831486082302,0.02610054367906153,3.705846856833396,-2.8389999513710555,1.5823927456789748,-4.290089087118936,1.9214287454263366,4.089753562461168,-0.2681801491073129,-3.5566712655467896,1.5732310853201288,-8.091648535052983,4.1794912386842435,1.1424545697188306,5.793494668960565,3.035401393740511,-6.347412736674201,-1.2935612738048876,-2.9997218203971787,5.814254669897419,5.312926657117001,4.9648474950943555,4.750155733992983,-3.7924918702726784,3.0827145788311383,1.9636016101544564,0.7149277706045897,0.6136387382005452
1.4154414840711254,-0.2492171488035293,0.5886803687089995,4.1649131369872014,-0.016103536747494762,0.9359255614114211,-0.9961035166843613,0.36890064431352937,0.8463850189060059,2.774693336793714,-0.39143780119150834,1.5113350780229742,-0.9299319919072265,-0.3877060654245938,-2.29238021820716,-0.2873016588650144,0.8291706619277199,0.20130006537801876,1.413295928712587,-1.2147885534581984,0.47622560237278616,-1.9677212681246465,0.6709010947356672,0.8491161535415483,0.08844627968757117,-1.3766625235416994,0.4831393645326466,-3.2512656825860256,1.1424545697188306,0.693567073660604,1.9119636222702947,1.3301461428544752,-2.817828539513089,-0.9676867072851012,-1.5993511755217693,2.5311345744453915,2.3312360728048973,1.7560160255187867,2.086115853167839,-1.4889059811890568,0.894723946706865,0.9261225956156883,0.21901078419218709,-0.32159126498881974
3.7242620130745894,-2.211922566400959,1.1105803820746283,14.883013608870879,-0.26024192610027275,2.044834078366846,-4.2951998969472305,2.062378506637852,3.383750121983965,10.125283715574428,-1.7919238450398,4.8781665289595235,-2.18880599571579,-1.739784822623616,-8.480116637011248,-1.2707783546739315,2.9466526776615547,0.06632249611525871,5.517312384102036,-3.94458714887066,2.7842396998200227,-6.123991045227036,3.031735405484243,6.062991354596228,-0.5300295733024707,-5.578907988021417,2.4763044060616486,-12.065559025838168,5.793494668960565,1.9119636222702947,8.66672458925059,4.596725706681147,-9.402284143395438,-1.7379222021960474,-4.473217592953521,8.705827193536251,7.764954402287532,7.189458159484055,6.795339734377968,-5.422858942269261,4.7554581838086705,2.5738539860449334,0.6782549210083663,1.1653369609092277
2.8396680208380056,-0.8473888268496744,1.0042761876809883,9.19261219713507,-0.08248004474016409,1.7394240643557326,-2.429283269497601,0.9947316435337359,1.8745930627239964,6.261262486782862,-1.0375921778116215,3.2455418713968687,-1.909708187861948,-1.1236148669151134,-5.145500303004788,-0.6141272290651515,1.9110285069091237,0.2938017762537878,3.2330250173188433,-2.6715013321365286,1.1665095047110003,-4.205117802002353,1.5535825676599664,2.590968332869005,0.036845610547665844,-3.0929220204474475,1.2006933773365642,-7.255785984002093,3.035401393740511,1.3301461428544752,4.596725706681147,2.8690011919122327,-6.065709784126283,-1.7858537488743533,-3.227882370547276,5.467558932531006,5.039364996268159,4.1261729368250535,4.537637069612792,-3.3598023668188555,2.2769794947029136,1.9769132292811262,0.5838560849485028,-0.25130127563387483
-6.442540701801259,1.4805839259243145,-2.311216248297576,-19.658230366311482,0.21467872361187412,-3.957464746487993,5.064148656384212,-1.971265157900239,-3.8047278575899526,-13.385929186141954,2.2546802401626893,-7.025552410821924,4.610019509654749,2.6213222976457025,11.03612770427303,1.267039486011009,-4.142304534636487,-0.7074057362050383,-6.657507382728745,5.946385417396959,-1.9100537591323214,9.309926359672758,-3.121645752114181,-4.681865709136542,-0.393685605764831,6.219808129907312,-2.238087087508935,15.262726472379844,-6.347412736674201,-2.817828539513089,-9.402284143395438,-6.065709784126283,13.052423064030716,4.3740205478845455,7.170586405434556,-11.708040177724694,-10.960289268236437,-8.736823923931317,-9.905846846335875,7.312295547778082,-4.335476099853752,-4.617363534094368,-1.4886319619891546,1.2765485158747942
-3.138091073297546,-0.5456603390377971,-1.3921836402642973,-6.2177798771113375,0.18591380273743227,-2.0573022110350982,1.0584341302239506,-0.12074154401674198,-0.74273912133612,-4.030729350397806,0.6385173168231053,-2.422705227748922,2.8245711985032544,1.0824207322779065,3.5445953240622385,0.4342834486418632,-1.2952355795461512,-0.4721282316314488,-1.2908064426306485,2.4279688720588566,0.9048001944026772,3.7690599889361707,-0.5268971986386811,1.2278692882762618,-1.0243929315661202,0.9528194372344281,0.22598296032316237,4.089844703538624,-1.2935612738048876,-0.9676867072851012,-1.7379222021960474,-1.7858537488743533,4.3740205478845455,3.0038791199518013,3.146338930640077,-3.8477295679451977,-3.976974801264623,-2.410546508198553,-3.5735011293312926,2.590103119866223,0.1532743322341929,-2.4437392363605173,-0.9386126102803007,2.5318114459996135
-4.016828785235571,0.2939306917388944,-1.6140153975067821,-10.6104684358649,0.17158824171322595,-2.55735930604741,2.430222123914231,-0.8071250081429608,-1.8631055440351345,-7.080586402591204,1.1351141998784942,-3.8809302657850293,3.1076169119076087,1.4414745704213996,5.969254462599772,0.7362705229325925,-2.186869545418905,-0.5104693014211068,-3.187457704262235,3.440739043191162,-0.35098191424404074,5.401279499733187,-1.4891178149728999,-1.164923735216349,-0.6424830627700415,2.90323002486477,-0.7637207243740524,7.884007029872171,-2.9997218203971787,-1.5993511755217693,-4.473217592953521,-3.227882370547276,7.170586405434556,3.146338930640077,4.321624428650083,-6.414108895698473,-6.1579396618710085,-4.514728946709419,-5.5273073757849,4.055002437594959,-1.6086766471074914,-2.9289819231027976,-0.9709084512813592,1.713951298920015
5.729731411882002,-1.431502523127701,2.093891779016009,17.777883369737424,-0.26114960471260334,3.494621035810676,-4.551210726829888,1.830841421301356,3.522404272359533,12.001667002954537,-2.0033453936567107,6.243599389390696,-4.046054705992406,-2.2595021278624103,-10.026765921058235,-1.3012330049522374,3.634375514712731,0.5511686726205429,5.952352067423524,-5.29830263576805,1.8327113450172015,-8.295991040624184,2.9617395404197615,4.323343502706948,0.3060350995696765,-5.688121533168722,2.0492195416339856,-13.781415096377312,5.814254669897419,2.5311345744453915,8.705827193536251,5.467558932531006,-11.708040177724694,-3.8477295679451977,-6.414108895698473,10.598107719979955,9.861183324035926,7.97856070375275,8.798115801098774,-6.62458263005971,4.027526682244464,4.083063034968635,1.2583496660490145,-0.9846243630792162
5.597951456968892,-1.0910854808520132,2.0495430968532697,16.53585523644003,-0.2569828875251247,3.4230191850142453,-4.157081274792995,1.5906848133878486,3.114199195141367,11.190303982310073,-1.9041277754428594,5.887757356164591,-4.154497976599597,-2.291335065904963,-9.340922405441246,-1.1421250229091844,3.4485614248636063,0.5823801109805234,5.377095293436151,-5.110076903087423,1.276557941353185,-7.961108603856281,2.584993203691684,3.43009407620838,0.5102956669039248,-5.0006862261656275,1.67508590068246,-12.647449683289162,5.312926657117001,2.3312360728048973,7.764954402287532,5.039364996268159,-10.960289268236437,-3.976974801264623,-6.1579396618710085,9.861183324035926,9.308189270954083,7.354316906459546,8.359368894799724,-6.250451118982835,3.3612677023150295,4.089037907652663,1.363710971106996,-1.452887899307263
3.9658655933497715,-1.4940307731177225,1.285346291310109,13.566320802691084,-0.2539905519866358,2.2704064829345434,-3.7074645747857655,1.624237454635697,2.7879565739696304,9.2384030791602,-1.6577217990642859,4.6148118748247065,-2.74888645493667,-1.8519356938155556,-7.734653573508106,-1.0479507892968947,2.7844570775538475,0.22833772577987416,4.6984557704839895,-3.930851085189997,1.7231307248252477,-6.063736756741389,2.4385639079419366,4.23849393547396,-0.024812297474348464,-4.536760887282233,1.7957900709992245,-10.65832766132576,4.9648474950943555,1.7560160255187867,7.189458159484055,4.1261729368250535,-8.736823923931317,-2.410546508198553,-4.514728946709419,7.97856070375275,7.354316906459546,6.365991538723185,6.52959788990013,-5.085114165570981,3.548008802026475,2.897381849929448,0.9415320563428358,-0.04849932807068919
5.046254444367164,-0.9435997131331596,1.7658243152751054,14.80487535080765,-0.14347944496699522,3.0967684583095765,-3.8113887445902,1.4090385190328318,2.7093244421072846,10.179514337883216,-1.771513797934479,5.392334574457711,-3.7857301804763646,-2.2054891339110942,-8.307097617941011,-0.8190048848696764,3.241428394703242,0.6083326093614511,4.959204092013569,-4.6469227479557,1.1050517445015102,-7.225404977476841,2.1677201569226954,3.1775617058461987,0.45454063259337346,-4.457625659432247,1.5323922214836652,-11.398056264596374,4.750155733992983,2.086115853167839,6.795339734377968,4.537637069612792,-9.905846846335875,-3.5735011293312926,-5.5273073757849,8.798115801098774,8.359368894799724,6.52959788990013,7.661661305551187,-5.572042533190392,2.988648191075309,3.7176992273332887,1.3172342465048819,-1.3540318598998529
-3.6852154711384917,0.8411478379014778,-1.30264195448286,-11.170501246710945,0.23040315680105494,-2.1864701337948773,2.859700805859853,-1.1418108237361642,-2.1170892461755404,-7.554959978284799,1.3376111213965107,-3.9013575944592507,2.7719796340675367,1.623528135240018,6.37084870306013,0.8362711646966238,-2.3104994709028577,-0.30422264968232693,-3.599026247829581,3.4451487664354934,-0.8672276486493439,5.315117818440087,-1.8102478869203364,-2.4921761865721126,-0.3106411288389138,3.3679519911544555,-1.1428927358359964,8.523297113433191,-3.7924918702726784,-1.4889059811890568,-5.422858942269261,-3.3598023668188555,7.312295547778082,2.590103119866223,4.055002437594959,-6.62458263005971,-6.250451118982835,-5.085114165570981,-5.572042533190392,4.2762898376261695,-2.352498835767343,-2.7505998499237405,-0.9513639553557204,0.8412839878218331
1.114384045229932,-1.6272045156765471,0.136934194982262,7.016737397660345,-0.008438036020697549,0.5217199500472317,-2.3553552056458464,1.2540520658093663,1.8675554484278007,4.928318476854193,-0.8772479147283113,2.2277764637091346,-0.19706145596126012,-0.6462456744897707,-3.9264474246874697,-0.517069700773779,1.4309661129729752,-0.06914678237341619,3.1516796159047615,-1.5292925351149906,2.25580876869475,-2.4120765783807134,1.6669467981341497,4.495527496961608,-0.8004554700345503,-3.2697306991650357,1.7555357347256966,-6.173552065590825,3.0827145788311383,0.894723946706865,4.7554581838086705,2.2769794947029136,-4.335476099853752,0.1532743322341929,-1.6086766471074914,4.027526682244464,3.3612677023150295,3.548008802026475,2.988648191075309,-2.352498835767343,3.1609979328150652,0.6078327228393166,0.02478372587672875,1.8143832917420233
2.8404999694948576,0.035194327923009014,1.0926907916350361,6.797458017206779,-0.16569430436545926,1.7591329661551567,-1.508552722539939,0.42683962844083645,0.9932684406902766,4.581722678175213,-0.8248737868413666,2.5383212120292113,-2.4639459512464046,-1.2351657883853733,-3.887421621622469,-0.4212848976901907,1.4846406706993733,0.3514472831480471,1.824707935905871,-2.434195776152318,-0.3156036219812324,-3.726092636143976,0.7811032943829885,0.14609907863785648,0.6697266951295329,-1.4842952468765829,0.20895205497951455,-4.825310710134159,1.9636016101544564,0.9261225956156883,2.5738539860449334,1.9769132292811262,-4.617363534094368,-2.4437392363605173,-2.9289819231027976,4.083063034968635,4.089037907652663,2.897381849929448,3.7176992273332887,-2.7505998499237405,0.6078327228393166,2.241312099820891,0.8972745863028475,-1.670439660201207
1.0025576765262274,0.0891246538031929,0.3115534099481878,2.1621288921651938,-0.05788493111563768,0.5818977360377527,-0.5176727015705963,0.1121405776201656,0.19222163876068551,1.5504272650697966,-0.3563096652486622,0.8578781224876301,-1.0138752302801122,-0.6329177658180773,-1.2598394196914384,-0.03866971602854768,0.5758068218949446,0.13172615929995146,0.5399619902079213,-0.9091862083551449,-0.3586527930754994,-1.3275355515591905,0.12481799993929808,-0.10838799746233814,0.3148708188983313,-0.2891454438919077,-0.03918386863593926,-1.4601875935309423,0.7149277706045897,0.21901078419218709,0.6782549210083663,0.5838560849485028,-1.4886319619891546,-0.9386126102803007,-0.9709084512813592,1.2583496660490145,1.363710971106996,0.9415320563428358,1.3172342465048819,-0.9513639553557204,0.02478372587672875,0.8972745863028475,0.46649552473593375,-0.761785856705365
-1.9729576567025635,-1.3249851887314503,-1.05576392051008,-1.320765997239053,0.12324221502716318,-1.4131161637057392,-0.383552179171453,0.5807436629419744,0.4054829431756275,-0.684740156584545,0.0578778943923054,-0.8138330532180763,2.2026026888148653,0.5522294856745469,0.7738605171677116,0.03210688288361106,-0.3227802753855745,-0.44817232653077455,0.593867889848968,1.1718584062377733,1.9378883832161888,1.8023784628559143,0.49048738460328073,3.386237115394646,-1.2593493659130701,-0.9655892964422176,1.1095232503598915,0.0580014076150855,0.6136387382005452,-0.32159126498881974,1.1653369609092277,-0.25130127563387483,1.2765485158747942,2.5318114459996135,1.713951298920015,-0.9846243630792162,-1.452887899307263,-0.04849932807068919,-1.3540318598998529,0.8412839878218331,1.8143832917420233,-1.670439660201207,-0.761785856705365,3.045209793613453
