V1,V2,V3,V4,V5,V6,V7,V8,V9,V10,V11,V12,V13,V14,V15,V16,V17,V18,V19,V20,V21,V22,V23,V24,V25,V26,V27,V28,V29,V30,V31,V32,V33,V34,V35,V36,V37,V38,V39,V40,V41,V42,V43,V44
22.232376570814118,-32.092974680965554,-6.775520078164653,-37.66673078571291,-7.5048245846771025,-29.205295764087975,-24.936828892092173,1.2079988059523594,27.525777533918742,44.57971174256858,-8.784380992718638,12.968519144611252,21.459505663337318,3.5835492797344712,-11.209083721272215,1.9354391588715099,5.98053542130367,-12.356638521291808,-23.06031414514798,15.971791380543165,9.587248908035184,54.8703516437264,24.619522201778764,-16.6553313378037,-8.093209470763414,-4.098256927271019,-5.715115268860524,-1.6391340676466941,8.929670863772383,-23.52504068570437,32.83117183963873,-8.155713859165662,6.125708431858105,2.4303312065447686,16.282847819158437,26.079541302025753,-20.75997346489985,-12.98821807790154,-6.4935076898354325,-21.076409781225692,15.053593334778604,16.829347690956514,-34.25306563143112,15.790325898113066
-32.092974680965554,48.51108819055621,9.275604426152626,54.0364139003101,11.994851234228737,43.74486375829442,36.171594735595136,-0.8089215615223326,-40.53996008261419,-66.62176520552505,13.981155362206412,-17.223556542602985,-30.829376442695242,-5.791968716687329,17.767350499968416,-2.111607313700634,-10.019726412052146,17.77459053409218,34.81009599524077,-24.345514922719246,-12.531499386755469,-82.64178728055198,-36.45717660283188,24.946174956422585,13.296006437434626,4.492941407068583,8.825172581177409,2.460272380868426,-12.015108996828012,36.11868211547116,-47.36929214469405,13.483971465943881,-6.70919224895385,-1.6498193811209514,-26.38696347799891,-37.98065403320771,29.471738797122224,19.157242173424695,9.279019723738635,28.724224277169707,-23.352240738385696,-24.68168060170293,50.982778011822916,-24.601265832888757
-6.775520078164653,9.275604426152626,2.196625336953797,11.610047752686036,2.015907673555793,8.540167179979214,7.566241949806374,-0.5877591854959271,-8.207381519007777,-13.042340841624135,2.367017526100132,-4.301437464287743,-6.590269276987462,-0.9520086664427131,3.0228012285337815,-0.7541238815080921,-1.486465019092372,3.787657794785887,6.689099121693441,-4.577870561581559,-3.231837865292834,-15.940799104865272,-7.2908254221828805,4.879923212384627,2.084251258947121,1.5817956764429586,1.6135339678616278,0.4506512438243518,-2.9240086097661067,6.670117977865278,-10.008660291253697,2.0917846143479086,-2.4000917945740445,-1.1949765801681993,-4.294720917579616,-7.85822134304049,6.471403795879672,3.8838862046354907,2.0223528062670044,6.825146838908565,-4.201765972245424,-5.035099095837927,10.091301222985058,-4.389513156837876
-37.66673078571291,54.0364139003101,11.610047752686036,64.17225005410045,12.516622294626728,49.29920947491639,42.23179725660753,-2.203425839404314,-46.522309737122306,-75.09777002640094,14.642690938635416,-22.214026659777087,-36.47911166603257,-5.992316964119383,18.621568154360183,-3.424220598487672,-9.852871359518979,20.98148377277759,38.91587835746981,-26.917502946306197,-16.486646061696167,-92.55623024489203,-41.57253255885741,28.1470223649787,13.434944879620923,7.153917945375724,9.61511451013824,2.617290379378004,-15.247817982853084,39.54552779723627,-55.61785471193894,13.582414140533665,-10.914123532653475,-4.506914144194477,-27.16582422973933,-44.07750164305582,35.42526536869132,22.051602999532964,11.129781255473805,36.005060760278084,-25.195768402103415,-28.439857281583702,57.85125437230334,-26.465888166988996
-7.5048245846771025,11.994851234228737,2.015907673555793,12.516622294626728,3.1526658255155287,10.69728149668023,8.510801649458111,0.09023429015897273,-9.719881602051398,-16.260205070457815,3.6591932759191543,-3.581785502683246,-7.159944409885006,-1.537922363795783,4.634224598418653,-0.2874501947655986,-2.7594391568802825,4.136620542393442,8.588341901971738,-6.073675587998189,-2.539404997636517,-20.340652327024763,-8.799138717548606,6.09872360971937,3.5908311843408542,0.6278564861785818,2.2338059962777828,0.6119678869438205,-2.5509264030164527,9.087419645785147,-11.07071542639911,3.659982715811239,-0.9214848175272659,0.17281959373520903,-7.026228385487792,-8.985277008448882,6.733197104191314,4.594491727576452,2.1348363095288265,6.209762058528514,-5.94817908690584,-5.888532671219901,12.377301412294932,-6.2911968764512904
-29.205295764087975,43.74486375829442,8.540167179979214,49.29920947491639,10.69728149668023,39.54103166252708,32.87905146752424,-0.9070538586597969,-36.74135078426034,-60.19662616488394,12.480504735905585,-15.947206131378696,-28.106764494044302,-5.159708139394708,15.857437945640108,-2.0554361244652584,-8.856029012794485,16.194057203295806,31.41940383606375,-21.933741528383134,-11.652606051894555,-74.6164826903825,-33.012286847086294,22.551668794474104,11.805662389568397,4.341103489438716,7.926888861837546,2.1859440236236862,-11.086340811068283,32.48367410544476,-43.11121015389208,11.969026818602677,-6.533271194304784,-1.850978767059407,-23.499000671130908,-34.48963041210588,26.94674138397533,17.383972599403847,8.48616436848116,26.451878758696385,-20.943424467632543,-22.388984424595453,46.12661403945172,-22.061902704596204
-24.936828892092173,36.171594735595136,7.566241949806374,42.23179725660753,8.510801649458111,32.87905146752424,27.992105474605303,-1.2824290413260684,-30.943555968978725,-50.17831712646977,9.952252123649739,-14.429883711679665,-24.059569755922567,-4.069897010746426,12.690217744016865,-2.1176081799666946,-6.8114114514890485,13.85762451074552,25.986525866840925,-18.017312609327323,-10.650368274315419,-61.81204489094015,-27.685938577430086,18.755310274138232,9.1996230273232,4.489415746686459,6.459574661791411,1.8453180844034591,-9.948812577244748,26.554867209464422,-36.822532687769225,9.281229138594764,-6.711571794642216,-2.5910066269089187,-18.487214319868652,-29.277154788355947,23.25202976382563,14.603890990608443,7.279750348617737,23.511986083233396,-17.010809164896738,-18.9059744405149,38.54402591650119,-17.849271574541028
1.2079988059523594,-0.8089215615223326,-0.5877591854959271,-2.203425839404314,0.09023429015897273,-0.9070538586597969,-1.2824290413260684,0.4686572101783032,1.1528295892044433,1.4461092932739552,0.08265216775781031,1.3457172642147268,1.2298379234203307,-0.0692973868135955,0.0764218675528562,0.39881911912422535,-0.27271026039509527,-0.697673209375534,-0.6041079419183328,0.3154116140009783,1.0813976201407633,1.508392822501558,0.9427145482040648,-0.5196460298128455,0.25507659818284356,-0.8330384329791517,-0.06578464546837294,-0.04380161566321563,0.8609768807213334,-0.3522897682608642,1.7916254235403521,0.2904205087690162,1.2573363527763084,0.935719235021879,-0.35138937376402946,1.2703753516616534,-1.3470519887859052,-0.5338359480856731,-0.3972525328033201,-1.8744556717233014,0.11995875342872651,0.7455041438070903,-1.2023938429325334,0.08181376967478966
27.525777533918742,-40.53996008261419,-8.207381519007777,-46.522309737122306,-9.719881602051398,-36.74135078426034,-30.943555968978725,1.1528295892044433,34.38026755458153,56.02672753464663,-11.352195784255523,15.506016761272537,26.515885432583385,4.665949208559054,-14.455939494877756,2.146024810798942,7.910625932785226,-15.277247428413295,-29.11338514231319,20.250244526225742,11.388799257060517,69.19787953999926,30.81852947037846,-20.955992600827322,-10.610072634262837,-4.552527536166177,-7.290241715406314,-2.0615507221915004,10.734643522411282,-29.920253430341514,40.638535095352346,-10.726947053816785,6.807715511441612,2.3338677909190486,21.21928332977417,32.409998995033334,-25.526771200253283,-16.23476445216554,-8.008664082532068,-25.472114172024156,19.232721090310072,20.977629111433398,-42.9768838377228,20.212611201767718
44.57971174256858,-66.62176520552505,-13.042340841624135,-75.09777002640094,-16.260205070457815,-60.19662616488394,-50.17831712646977,1.4461092932739552,56.02672753464663,91.77675393028753,-18.979506140560982,24.444457136395457,42.850419288762815,7.823707308096415,-24.1637962521147,3.1613483070169726,13.454817778917349,-24.701971213915137,-47.800571308038684,33.350697083613625,17.854452499260773,113.56675596607491,50.320155482040064,-34.3158467438155,-17.91508556566712,-6.736020012082589,-12.050231282815533,-3.4272529463450607,16.997868980331138,-49.41286374382203,65.8113407289164,-18.126765191485678,10.006224182766442,2.9101978135029385,35.64498060909485,52.65917033442594,-41.06642821899278,-26.438860176097723,-12.889902666527718,-40.48391054184043,31.8868210926673,34.153422149285504,-70.26881885594085,33.54525755013902
-8.784380992718638,13.981155362206412,2.367017526100132,14.642690938635416,3.6591932759191543,12.480504735905585,9.952252123649739,0.08265216775781031,-11.352195784255523,-18.979506140560982,4.253494052507325,-4.229089855601668,-8.379325172396264,-1.781585335675468,5.3939887017794685,-0.3528570485550281,-3.200958101117222,4.840125872543981,10.009431558597944,-7.0717613076658035,-3.0047431863347187,-23.715908733806476,-10.275731565973258,7.110207237544961,4.165325358810198,0.7686891531432187,2.59571400509706,0.7209858998645757,-3.007281972161314,10.581188224724654,-12.960063592373231,4.240381232417372,-1.1191439621346901,0.16523180200139534,-8.152912927575802,-10.510811582354675,7.884283129727805,5.36228908104737,2.4945238526347415,7.30713163516198,-6.9228124714296655,-6.882770071330439,14.443631102955095,-7.320034574008533
12.968519144611252,-17.223556542602985,-4.301437464287743,-22.214026659777087,-3.581785502683246,-15.947206131378696,-14.429883711679665,1.3457172642147268,15.506016761272537,24.444457136395457,-4.229089855601668,8.595211027916125,12.625303513082823,1.6674627055790363,-5.442109886596179,1.5981350926446372,2.5321432948148517,-7.255034690977992,-12.408757327406262,8.435876302986513,6.4920165793668305,29.655885903354086,13.73124617280433,-9.098623468858548,-3.6120676806414456,-3.369004082477263,-2.9423768701094644,-0.8893766990722772,5.809532781212265,-12.240904223104687,19.16750729845852,-3.5832623716971645,5.046399558196076,2.7005311499088993,7.518017807115658,14.984682822138051,-12.458099865397687,-7.29928337954905,-3.8567022221334377,-13.46713115373151,7.666710846479933,9.552420143483914,-18.931063035259054,7.967888378280788
21.459505663337318,-30.829376442695242,-6.590269276987462,-36.47911166603257,-7.159944409885006,-28.106764494044302,-24.059569755922567,1.2298379234203307,26.515885432583385,42.850419288762815,-8.379325172396264,12.625303513082823,20.76392965068122,3.422584997377029,-10.669703574121387,1.9265167281244144,5.65696055893987,-11.948681765914161,-22.18257296343827,15.352394851656424,9.360243148269424,52.782704357401315,23.706120939479767,-16.040066383529403,-7.6969813298579375,-4.048208716763851,-5.484078015081375,-1.5253118426295345,8.672188814085818,-22.57029764275362,31.691124781857567,-7.766751487950624,6.124083812315712,2.50207183599028,15.530112189801388,25.13586796188949,-20.130924252573156,-12.546158625252598,-6.31308513807486,-20.47345557508967,14.403954439115132,16.218699176463875,-32.9820167930586,15.1180333754517
3.5835492797344712,-5.791968716687329,-0.9520086664427131,-5.992316964119383,-1.537922363795783,-5.159708139394708,-4.069897010746426,-0.0692973868135955,4.665949208559054,7.823707308096415,-1.781585335675468,1.6674627055790363,3.422584997377029,0.754415944200694,-2.2485280659682347,0.12083311750614503,1.3524486316442073,-1.9762213502806665,-4.152204832358807,2.9436676907491255,1.1765054840462001,9.82451155279621,4.228459805149191,-2.9446251750072845,-1.7599228717389535,-0.25776588684189006,-1.0862106550777997,-0.2831283910733064,1.190727132188757,-4.40492279063619,5.284758794418394,-1.8004629676147708,0.3950410298909609,-0.12870046143754454,3.4409858713354615,4.295868617873171,-3.2151773599321785,-2.2144141380078386,-1.0261099978521548,-2.918340982023236,2.882863478300495,2.822460180609685,-5.959906823377311,3.0563980524012666
-11.209083721272215,17.767350499968416,3.0228012285337815,18.621568154360183,4.634224598418653,15.857437945640108,12.690217744016865,0.0764218675528562,-14.455939494877756,-24.1637962521147,5.3939887017794685,-5.442109886596179,-10.669703574121387,-2.2485280659682347,6.863102898586134,-0.46445766190353327,-4.05607181547674,6.16643358563336,12.701407235623742,-8.96592284879143,-3.8645170478390165,-30.115671916220734,-13.079010043142416,9.0244858970496,5.2686505995339115,1.0295659153076502,3.2880729108130913,0.9555592536207718,-3.868981285843224,13.425405643168022,-16.54016917078775,5.3484073364140015,-1.4464871710432232,0.17554174867643477,-10.30366395869425,-13.413877052701872,10.03364867619002,6.801422732752412,3.156945919948687,9.370007985762904,-8.792542758485782,-8.771561414934386,18.363869830095357,-9.2826988226156
1.9354391588715099,-2.111607313700634,-0.7541238815080921,-3.424220598487672,-0.2874501947655986,-2.0554361244652584,-2.1176081799666946,0.39881911912422535,2.146024810798942,3.1613483070169726,-0.3528570485550281,1.5981350926446372,1.9265167281244144,0.12083311750614503,-0.46445766190353327,0.38804988463084245,0.07922568661653921,-1.0993137489782416,-1.5419496813975373,0.9958721425180748,1.2466600764417939,3.720145035199194,1.8560218421150483,-1.1764538671925138,-0.19774000338370015,-0.8007869983147247,-0.3214690620009905,-0.0965850940668574,1.04735195175936,-1.3769419096357445,2.8648931380312495,-0.18071351995035118,1.2252728622585558,0.8046470017460574,0.5210744657468162,2.1585404893877174,-1.9854500984975196,-1.0175527303579668,-0.6092246187392365,-2.3702662916665194,0.7952768100975918,1.3422825374580458,-2.508736902369161,0.8089169102636445
5.98053542130367,-10.019726412052146,-1.486465019092372,-9.852871359518979,-2.7594391568802825,-8.856029012794485,-6.8114114514890485,-0.27271026039509527,7.910625932785226,13.454817778917349,-3.200958101117222,2.5321432948148517,5.65696055893987,1.3524486316442073,-4.05607181547674,0.07922568661653921,2.5091432715620363,-3.2740857580556137,-7.154621694408911,5.103416766816572,1.7387481731530587,16.921610724807213,7.206181606853259,-5.03885214123603,-3.2121707234607157,-0.19495681252586258,-1.8953552978724566,-0.531248962409581,1.8466120315095813,-7.698945845654454,8.819327197977643,-3.278594678257998,0.24244240402780215,-0.5566834562136056,6.213630164905736,7.238838929382413,-5.2309723770093575,-3.7308429223384127,-1.6612547100769757,-4.576306521368948,5.092915186318204,4.776126355197629,-10.178487765839225,5.402039686849151
-12.356638521291808,17.77459053409218,3.787657794785887,20.98148377277759,4.136620542393442,16.194057203295806,13.85762451074552,-0.697673209375534,-15.277247428413295,-24.701971213915137,4.840125872543981,-7.255034690977992,-11.948681765914161,-1.9762213502806665,6.16643358563336,-1.0993137489782416,-3.2740857580556137,6.878738046317713,12.782276975220551,-8.849326030801908,-5.374283006882219,-30.41794755232438,-13.659493878518727,9.24094109262174,4.448726634257273,2.31893192007024,3.1631870759304586,0.8901936815669182,-4.986628575842794,13.015540228258478,-18.248867253265562,4.486544032276959,-3.492031412200607,-1.4181505302630288,-8.968286084125877,-14.481722171082481,11.575343419213597,7.2212663508579595,3.6269373338046718,11.77206608155587,-8.314488751048524,-9.344165495994986,19.00469491938384,-8.722348444938852
-23.06031414514798,34.81009599524077,6.689099121693441,38.91587835746981,8.588341901971738,31.41940383606375,25.986525866840925,-0.6041079419183328,-29.11338514231319,-47.800571308038684,10.009431558597944,-12.408757327406262,-22.18257296343827,-4.152204832358807,12.701407235623742,-1.5419496813975373,-7.154621694408911,12.782276975220551,25.00410229609975,-17.480637848453874,-9.044770762732583,-59.344621463517136,-26.178835602220936,17.924492116935756,9.513717264152058,3.253514982000517,6.332206643184217,1.7218648183297207,-8.647275122098902,25.914034146036737,-34.03461110905867,9.661009936381577,-4.920556873688911,-1.2483468382710237,-18.90809595282089,-27.266844970820674,21.233385986494984,13.787009482863814,6.700751697031076,20.68130410536917,-16.73036863304748,-17.722554493837947,36.61438144236479,-17.639466800678182
15.971791380543165,-24.345514922719246,-4.577870561581559,-26.917502946306197,-6.073675587998189,-21.933741528383134,-18.017312609327323,0.3154116140009783,20.250244526225742,33.350697083613625,-7.0717613076658035,8.435876302986513,15.352394851656424,2.9436676907491255,-8.96592284879143,0.9958721425180748,5.103416766816572,-8.849326030801908,-17.480637848453874,12.252323606750913,6.122085519656242,41.4817765378616,18.2316053446983,-12.514337394568004,-6.766308108827638,-2.1022292064804655,-4.450581211840348,-1.2045256874829025,5.892474433112422,-18.183583854061816,23.573111842872482,-6.8780942513650984,3.176975713159425,0.662158910942974,13.406101249733087,18.924133236698705,-14.654272034321776,-9.593347086666363,-4.6316479445558,-14.144538217648087,11.762606678400209,12.320921581108347,-25.52900931475149,12.412035123837988
9.587248908035184,-12.531499386755469,-3.231837865292834,-16.486646061696167,-2.539404997636517,-11.652606051894555,-10.650368274315419,1.0813976201407633,11.388799257060517,17.854452499260773,-3.0047431863347187,6.4920165793668305,9.360243148269424,1.1765054840462001,-3.8645170478390165,1.2466600764417939,1.7387481731530587,-5.374283006882219,-9.044770762732583,6.122085519656242,4.9293119864000605,21.623013200447865,10.069261146817013,-6.650932413440398,-2.5189523975190538,-2.617058298154022,-2.1210402355869986,-0.6273886975349455,4.3749631039081915,-8.852591121326393,14.170224006565988,-2.493704453798441,3.9501608495820073,2.1776034398984527,5.297274937594284,11.04005177060227,-9.27506225381438,-5.372071052573694,-2.873334312053963,-10.114041415904072,5.514076057204874,7.024089459670205,-13.860356041538465,5.725218227955616
54.8703516437264,-82.64178728055198,-15.940799104865272,-92.55623024489203,-20.340652327024763,-74.6164826903825,-61.81204489094015,1.508392822501558,69.19787953999926,113.56675596607491,-23.715908733806476,29.655885903354086,52.782704357401315,9.82451155279621,-30.115671916220734,3.720145035199194,16.921610724807213,-30.41794755232438,-59.344621463517136,41.4817765378616,21.623013200447865,140.9089115451416,62.21442033300117,-42.55965934534758,-22.51488074081801,-7.863663939802986,-15.016362717499991,-4.128264117577148,20.647293478355067,-61.4783046366754,80.99378159498778,-22.841290248098947,11.836880926858907,3.0965879346464464,44.74288457356147,64.87362354861125,-50.52860561583701,-32.7451678463898,-15.925734287802417,-49.35322770844984,39.68531305660176,42.149672463990946,-86.98774960625455,41.821730351239715
24.619522201778764,-36.45717660283188,-7.2908254221828805,-41.57253255885741,-8.799138717548606,-33.012286847086294,-27.685938577430086,0.9427145482040648,30.81852947037846,50.320155482040064,-10.275731565973258,13.73124617280433,23.706120939479767,4.228459805149191,-13.079010043142416,1.8560218421150483,7.206181606853259,-13.659493878518727,-26.178835602220936,18.2316053446983,10.069261146817013,62.21442033300117,27.651707043390175,-18.826069385288655,-9.642742728063682,-3.9380078795639792,-6.569527433949899,-1.8492382409766177,9.519515783637837,-26.961157059844567,36.34744802271145,-9.75253746124973,5.887129732573095,1.9074404517992445,19.246081547139504,29.019922766376155,-22.782261351892917,-14.557401174424443,-7.153624408548761,-22.624046903881947,17.35318105853879,18.801018239487895,-38.58011387235842,18.248152136034168
-16.6553313378037,24.946174956422585,4.879923212384627,28.1470223649787,6.09872360971937,22.551668794474104,18.755310274138232,-0.5196460298128455,-20.955992600827322,-34.3158467438155,7.110207237544961,-9.098623468858548,-16.040066383529403,-2.9446251750072845,9.0244858970496,-1.1764538671925138,-5.03885214123603,9.24094109262174,17.924492116935756,-12.514337394568004,-6.650932413440398,-42.55965934534758,-18.826069385288655,12.868879796573449,6.725902867182519,2.479991414154273,4.5243309865687635,1.230473768040898,-6.323447990139175,18.52351505813949,-24.58454366005415,6.82522972509463,-3.7526434943481966,-1.0728343126837643,-13.39667855617276,-19.662364871625442,15.386354616805813,9.925148359278154,4.852866976039368,15.093571061053757,-11.936385601797728,-12.766620627682896,26.31035122099728,-12.576692304369786
-8.093209470763414,13.296006437434626,2.084251258947121,13.434944879620923,3.5908311843408542,11.805662389568397,9.1996230273232,0.25507659818284356,-10.610072634262837,-17.91508556566712,4.165325358810198,-3.6120676806414456,-7.6969813298579375,-1.7599228717389535,5.2686505995339115,-0.19774000338370015,-3.2121707234607157,4.448726634257273,9.513717264152058,-6.766308108827638,-2.5189523975190538,-22.51488074081801,-9.642742728063682,6.725902867182519,4.147670793354136,0.43662605584954456,2.5021358979594113,0.677358993621257,-2.600922965889255,10.163271429326546,-11.93738662514686,4.236085911532215,-0.6286327760483704,0.5083399956172232,-8.062606880899914,-9.746404719342303,7.174406430227697,5.021397231270406,2.2839114523657567,6.4088904107184,-6.6851128320496,-6.417087621050887,13.60226867141009,-7.089878199697945
-4.098256927271019,4.492941407068583,1.5817956764429586,7.153917945375724,0.6278564861785818,4.341103489438716,4.489415746686459,-0.8330384329791517,-4.552527536166177,-6.736020012082589,0.7686891531432187,-3.369004082477263,-4.048208716763851,-0.25776588684189006,1.0295659153076502,-0.8007869983147247,-0.19495681252586258,2.31893192007024,3.253514982000517,-2.1022292064804655,-2.617058298154022,-7.863663939802986,-3.9380078795639792,2.479991414154273,0.43662605584954456,1.6906309088003895,0.6816298708084079,0.24774997605526825,-2.219549824967913,2.924414533501379,-6.0674966911357116,0.3841607998825155,-2.5181133695882862,-1.6648144249858916,-1.1145583409785522,-4.590801674429589,4.145071457217671,2.1242494730477577,1.2560364692345916,4.998205592255057,-1.7178914034478259,-2.849377075201305,5.30974144490761,-1.7274894600367459
-5.715115268860524,8.825172581177409,1.6135339678616278,9.61511451013824,2.2338059962777828,7.926888861837546,6.459574661791411,-0.06578464546837294,-7.290241715406314,-12.050231282815533,2.59571400509706,-2.9423768701094644,-5.484078015081375,-1.0862106550777997,3.2880729108130913,-0.3214690620009905,-1.8953552978724566,3.1631870759304586,6.332206643184217,-4.450581211840348,-2.1210402355869986,-15.016362717499991,-6.569527433949899,4.5243309865687635,2.5021358979594113,0.6816298708084079,1.6247465347037655,0.439126755424129,-2.0640772903947404,6.616783559211472,-8.433500071579449,2.5482618693373076,-1.0287942861946302,-0.14525354405898522,-4.942639451155332,-6.789531842632687,5.218538089536804,3.45271404221479,1.652070680863097,4.976153680823176,-4.2916816519394265,-4.428453951966374,9.214236698842909,-4.5320732388673255
-1.6391340676466941,2.460272380868426,0.4506512438243518,2.617290379378004,0.6119678869438205,2.1859440236236862,1.8453180844034591,-0.04380161566321563,-2.0615507221915004,-3.4272529463450607,0.7209858998645757,-0.8893766990722772,-1.5253118426295345,-0.2831283910733064,0.9555592536207718,-0.0965850940668574,-0.531248962409581,0.8901936815669182,1.7218648183297207,-1.2045256874829025,-0.6273886975349455,-4.128264117577148,-1.8492382409766177,1.230473768040898,0.677358993621257,0.24774997605526825,0.439126755424129,0.2088378224006879,-0.6271636992770068,1.815344247225987,-2.425692115006797,0.6613739325916675,-0.2587458703895308,-0.05488888693571982,-1.3116104358462994,-1.9686134215740847,1.4274290912701544,0.9205269708301493,0.4162232272975053,1.4696044654131326,-1.204490975669222,-1.2642376286104122,2.5665952943991077,-1.2410740870307402
8.929670863772383,-12.015108996828012,-2.9240086097661067,-15.247817982853084,-2.5509264030164527,-11.086340811068283,-9.948812577244748,0.8609768807213334,10.734643522411282,16.997868980331138,-3.007281972161314,5.809532781212265,8.672188814085818,1.190727132188757,-3.868981285843224,1.04735195175936,1.8466120315095813,-4.986628575842794,-8.647275122098902,5.892474433112422,4.3749631039081915,20.647293478355067,9.519515783637837,-6.323447990139175,-2.600922965889255,-2.219549824967913,-2.0640772903947404,-0.6271636992770068,3.9422022778559476,-8.577989565075642,13.19452346262903,-2.583891078909077,3.3097547854873146,1.7226154792939652,5.377677633886936,10.343086872572574,-8.52781968931786,-5.046199227784682,-2.640311698480218,-9.147571493532572,5.399163013530918,6.6030003500356,-13.137135793073698,5.614831504871909
-23.52504068570437,36.11868211547116,6.670117977865278,39.54552779723627,9.087419645785147,32.48367410544476,26.554867209464422,-0.3522897682608642,-29.920253430341514,-49.41286374382203,10.581188224724654,-12.240904223104687,-22.57029764275362,-4.40492279063619,13.425405643168022,-1.3769419096357445,-7.698945845654454,13.015540228258478,25.914034146036737,-18.183583854061816,-8.852591121326393,-61.4783046366754,-26.961157059844567,18.52351505813949,10.163271429326546,2.924414533501379,6.616783559211472,1.815344247225987,-8.577989565075642,27.035627110882373,-34.718193720387475,10.329178804521574,-4.381390846089132,-0.7315701678054382,-20.088812437051153,-27.92286432808775,21.48868132867254,14.15639781439947,6.785989349847718,20.618787832870844,-17.529836484857313,-18.19286236905279,37.77082009114737,-18.500480631038347
32.83117183963873,-47.36929214469405,-10.008660291253697,-55.61785471193894,-11.07071542639911,-43.11121015389208,-36.822532687769225,1.7916254235403521,40.638535095352346,65.8113407289164,-12.960063592373231,19.16750729845852,31.691124781857567,5.284758794418394,-16.54016917078775,2.8648931380312495,8.819327197977643,-18.248867253265562,-34.03461110905867,23.573111842872482,14.170224006565988,80.99378159498778,36.34744802271145,-24.58454366005415,-11.93738662514686,-6.0674966911357116,-8.433500071579449,-2.425692115006797,13.19452346262903,-34.718193720387475,48.48550007383647,-12.026903799883149,9.059855905276953,3.6034422485862567,24.016008644805638,38.51234332548626,-30.6575692920409,-19.173549428905254,-9.58694148078502,-31.142639956333323,22.214879253564973,24.85089732795667,-50.56721336112161,23.299661175065754
-8.155713859165662,13.483971465943881,2.0917846143479086,13.582414140533665,3.659982715811239,11.969026818602677,9.281229138594764,0.2904205087690162,-10.726947053816785,-18.126765191485678,4.240381232417372,-3.5832623716971645,-7.766751487950624,-1.8004629676147708,5.3484073364140015,-0.18071351995035118,-3.278594678257998,4.486544032276959,9.661009936381577,-6.8780942513650984,-2.493704453798441,-22.841290248098947,-9.75253746124973,6.82522972509463,4.236085911532215,0.3841607998825155,2.5482618693373076,0.6613739325916675,-2.583891078909077,10.329178804521574,-12.026903799883149,4.341025007927346,-0.5881602525122948,0.5639192920443249,-8.241812946775735,-9.823228494763429,7.243167997144618,5.0970179634321315,2.3187095367872557,6.398446682425039,-6.78808897806554,-6.477935241365343,13.776633916103187,-7.212675896739024
6.125708431858105,-6.70919224895385,-2.4000917945740445,-10.914123532653475,-0.9214848175272659,-6.533271194304784,-6.711571794642216,1.2573363527763084,6.807715511441612,10.006224182766442,-1.1191439621346901,5.046399558196076,6.124083812315712,0.3950410298909609,-1.4464871710432232,1.2252728622585558,0.24244240402780215,-3.492031412200607,-4.920556873688911,3.176975713159425,3.9501608495820073,11.836880926858907,5.887129732573095,-3.7526434943481966,-0.6286327760483704,-2.5181133695882862,-1.0287942861946302,-0.2587458703895308,3.3097547854873146,-4.381390846089132,9.059855905276953,-0.5881602525122948,3.921784797456641,2.5646938721796584,1.6759418569575515,6.821495627301328,-6.324561328769377,-3.251388916427046,-1.9597290191968904,-7.4969157093679115,2.523001073182632,4.248032199993437,-7.9717648548908135,2.574441895849452
2.4303312065447686,-1.6498193811209514,-1.1949765801681993,-4.506914144194477,0.17281959373520903,-1.850978767059407,-2.5910066269089187,0.935719235021879,2.3338677909190486,2.9101978135029385,0.16523180200139534,2.7005311499088993,2.50207183599028,-0.12870046143754454,0.17554174867643477,0.8046470017460574,-0.5566834562136056,-1.4181505302630288,-1.2483468382710237,0.662158910942974,2.1776034398984527,3.0965879346464464,1.9074404517992445,-1.0728343126837643,0.5083399956172232,-1.6648144249858916,-0.14525354405898522,-0.05488888693571982,1.7226154792939652,-0.7315701678054382,3.6034422485862567,0.5639192920443249,2.5646938721796584,1.8992551399303066,-0.6788048600879802,2.548352022101031,-2.7523764681549863,-1.1066697801177312,-0.8281955061073187,-3.772166761867933,0.24324822027179935,1.5024959572070713,-2.452924232595658,0.17539609598723113
16.282847819158437,-26.38696347799891,-4.294720917579616,-27.16582422973933,-7.026228385487792,-23.499000671130908,-18.487214319868652,-0.35138937376402946,21.21928332977417,35.64498060909485,-8.152912927575802,7.518017807115658,15.530112189801388,3.4409858713354615,-10.30366395869425,0.5210744657468162,6.213630164905736,-8.968286084125877,-18.90809595282089,13.406101249733087,5.297274937594284,44.74288457356147,19.246081547139504,-13.39667855617276,-8.062606880899914,-1.1145583409785522,-4.942639451155332,-1.3116104358462994,5.377677633886936,-20.088812437051153,24.016008644805638,-8.241812946775735,1.6759418569575515,-0.6788048600879802,15.745713558789364,19.535928653217173,-14.562630074852379,-10.06367185949223,-4.6395556803104245,-13.185943948741633,13.163050265213224,12.837419598528342,-27.12176087352691,13.958017075754475
26.079541302025753,-37.98065403320771,-7.85822134304049,-44.07750164305582,-8.985277008448882,-34.48963041210588,-29.277154788355947,1.2703753516616534,32.409998995033334,52.65917033442594,-10.510811582354675,14.984682822138051,25.13586796188949,4.295868617873171,-13.413877052701872,2.1585404893877174,7.238838929382413,-14.481722171082481,-27.266844970820674,18.924133236698705,11.04005177060227,64.87362354861125,29.019922766376155,-19.662364871625442,-9.746404719342303,-4.590801674429589,-6.789531842632687,-1.9686134215740847,10.343086872572574,-27.92286432808775,38.51234332548626,-9.823228494763429,6.821495627301328,2.548352022101031,19.535928653217173,30.660007643137295,-24.246400180830413,-15.276511799318003,-7.580737419140875,-24.46220784800188,17.917847202705893,19.807036751654703,-40.40999840223407,18.79947616184952
-20.75997346489985,29.471738797122224,6.471403795879672,35.42526536869132,6.733197104191314,26.94674138397533,23.25202976382563,-1.3470519887859052,-25.526771200253283,-41.06642821899278,7.884283129727805,-12.458099865397687,-20.130924252573156,-3.2151773599321785,10.03364867619002,-1.9854500984975196,-5.2309723770093575,11.575343419213597,21.233385986494984,-14.654272034321776,-9.27506225381438,-50.52860561583701,-22.782261351892917,15.386354616805813,7.174406430227697,4.145071457217671,5.218538089536804,1.4274290912701544,-8.52781968931786,21.48868132867254,-30.6575692920409,7.243167997144618,-6.324561328769377,-2.7523764681549863,-14.562630074852379,-24.246400180830413,19.601626777944468,12.098558459944034,6.150304324724569,20.089338189789967,-13.654440996386452,-15.620320596524058,31.66971123449531,-14.32843758366749
-12.98821807790154,19.157242173424695,3.8838862046354907,22.051602999532964,4.594491727576452,17.383972599403847,14.603890990608443,-0.5338359480856731,-16.23476445216554,-26.438860176097723,5.36228908104737,-7.29928337954905,-12.546158625252598,-2.2144141380078386,6.801422732752412,-1.0175527303579668,-3.7308429223384127,7.2212663508579595,13.787009482863814,-9.593347086666363,-5.372071052573694,-32.7451678463898,-14.557401174424443,9.925148359278154,5.021397231270406,2.1242494730477577,3.45271404221479,0.9205269708301493,-5.046199227784682,14.15639781439947,-19.173549428905254,5.0970179634321315,-3.251388916427046,-1.1066697801177312,-10.06367185949223,-15.276511799318003,12.098558459944034,7.706492181163899,3.8181110702642953,12.00574391064253,-9.077452237632722,-9.899693427441647,20.319274121453205,-9.5618574891119
-6.4935076898354325,9.279019723738635,2.0223528062670044,11.129781255473805,2.1348363095288265,8.48616436848116,7.279750348617737,-0.3972525328033201,-8.008664082532068,-12.889902666527718,2.4945238526347415,-3.8567022221334377,-6.31308513807486,-1.0261099978521548,3.156945919948687,-0.6092246187392365,-1.6612547100769757,3.6269373338046718,6.700751697031076,-4.6316479445558,-2.873334312053963,-15.925734287802417,-7.153624408548761,4.852866976039368,2.2839114523657567,1.2560364692345916,1.652070680863097,0.4162232272975053,-2.640311698480218,6.785989349847718,-9.58694148078502,2.3187095367872557,-1.9597290191968904,-0.8281955061073187,-4.6395556803104245,-7.580737419140875,6.150304324724569,3.8181110702642953,1.9451231843681642,6.24244753829709,-4.305627274448449,-4.8942659167269404,9.95914176697909,-4.53149142409802
-21.076409781225692,28.724224277169707,6.825146838908565,36.005060760278084,6.209762058528514,26.451878758696385,23.511986083233396,-1.8744556717233014,-25.472114172024156,-40.48391054184043,7.30713163516198,-13.46713115373151,-20.47345557508967,-2.918340982023236,9.370007985762904,-2.3702662916665194,-4.576306521368948,11.77206608155587,20.68130410536917,-14.144538217648087,-10.114041415904072,-49.35322770844984,-22.624046903881947,15.093571061053757,6.4088904107184,4.998205592255057,4.976153680823176,1.4696044654131326,-9.147571493532572,20.618787832870844,-31.142639956333323,6.398446682425039,-7.4969157093679115,-3.772166761867933,-13.185943948741633,-24.46220784800188,20.089338189789967,12.00574391064253,6.24244753829709,21.31883483000525,-13.00080993845913,-15.653588176638772,31.285263865167835,-13.554733310787595
15.053593334778604,-23.352240738385696,-4.201765972245424,-25.195768402103415,-5.94817908690584,-20.943424467632543,-17.010809164896738,0.11995875342872651,19.232721090310072,31.8868210926673,-6.9228124714296655,7.666710846479933,14.403954439115132,2.882863478300495,-8.792542758485782,0.7952768100975918,5.092915186318204,-8.314488751048524,-16.73036863304748,11.762606678400209,5.514076057204874,39.68531305660176,17.35318105853879,-11.936385601797728,-6.6851128320496,-1.7178914034478259,-4.2916816519394265,-1.204490975669222,5.399163013530918,-17.529836484857313,22.214879253564973,-6.78808897806554,2.523001073182632,0.24324822027179935,13.163050265213224,17.917847202705893,-13.654440996386452,-9.077452237632722,-4.305627274448449,-13.00080993845913,11.41025580389281,11.687049938741922,-24.325553597487325,12.037457272716198
16.829347690956514,-24.68168060170293,-5.035099095837927,-28.439857281583702,-5.888532671219901,-22.388984424595453,-18.9059744405149,0.7455041438070903,20.977629111433398,34.153422149285504,-6.882770071330439,9.552420143483914,16.218699176463875,2.822460180609685,-8.771561414934386,1.3422825374580458,4.776126355197629,-9.344165495994986,-17.722554493837947,12.320921581108347,7.024089459670205,42.149672463990946,18.801018239487895,-12.766620627682896,-6.417087621050887,-2.849377075201305,-4.428453951966374,-1.2642376286104122,6.6030003500356,-18.19286236905279,24.85089732795667,-6.477935241365343,4.248032199993437,1.5024959572070713,12.837419598528342,19.807036751654703,-15.620320596524058,-9.899693427441647,-4.8942659167269404,-15.653588176638772,11.687049938741922,12.812885974829609,-26.203682712832126,12.27518766006221
-34.25306563143112,50.982778011822916,10.091301222985058,57.85125437230334,12.377301412294932,46.12661403945172,38.54402591650119,-1.2023938429325334,-42.9768838377228,-70.26881885594085,14.443631102955095,-18.931063035259054,-32.9820167930586,-5.959906823377311,18.363869830095357,-2.508736902369161,-10.178487765839225,19.00469491938384,36.61438144236479,-25.52900931475149,-13.860356041538465,-86.98774960625455,-38.58011387235842,26.31035122099728,13.60226867141009,5.30974144490761,9.214236698842909,2.5665952943991077,-13.137135793073698,37.77082009114737,-50.56721336112161,13.776633916103187,-7.9717648548908135,-2.452924232595658,-27.12176087352691,-40.40999840223407,31.66971123449531,20.319274121453205,9.95914176697909,31.285263865167835,-24.325553597487325,-26.203682712832126,53.871403057042826,-25.599612665145184
15.790325898113066,-24.601265832888757,-4.389513156837876,-26.465888166988996,-6.2911968764512904,-22.061902704596204,-17.849271574541028,0.08181376967478966,20.212611201767718,33.54525755013902,-7.320034574008533,7.967888378280788,15.1180333754517,3.0563980524012666,-9.2826988226156,0.8089169102636445,5.402039686849151,-8.722348444938852,-17.639466800678182,12.412035123837988,5.725218227955616,41.821730351239715,18.248152136034168,-12.576692304369786,-7.089878199697945,-1.7274894600367459,-4.5320732388673255,-1.2410740870307402,5.614831504871909,-18.500480631038347,23.299661175065754,-7.212675896739024,2.574441895849452,0.17539609598723113,13.958017075754475,18.79947616184952,-14.32843758366749,-9.5618574891119,-4.53149142409802,-13.554733310787595,12.037457272716198,12.27518766006221,-25.599612665145184,12.717333459443028
