V1,V2,V3,V4,V5,V6,V7,V8,V9,V10,V11,V12,V13,V14,V15,V16,V17,V18,V19,V20,V21,V22,V23,V24,V25,V26,V27,V28,V29,V30,V31,V32,V33,V34,V35,V36,V37,V38,V39,V40,V41,V42,V43,V44,V45
1.2835885884481764,1.3926913478832808,1.2770761967298934,0.05926001920037053,-0.9972140882323948,0.8674725425371004,0.533562708830888,-1.9671478105168165,-0.8386366945763543,-1.4783173334588748,1.3053857554727542,1.5620493075076534,-0.7119815074876745,0.23378709488217383,0.6258079360074464,-0.09432427797760481,-1.3398409248829715,-0.5227253402102668,2.0227287422726206,-0.058622321393498364,0.7813153552699126,-1.5379486413612882,-0.07987154327287042,-1.046765572499649,2.4565865852534268,-2.064367558249202,1.379928643355062,0.3832561859178707,-0.7857664804209629,1.258123244628776,-0.44553797204723317,-1.1980517749400332,0.5244117711096303,0.18261380493926174,-0.35292475693169123,-0.8910022946224402,2.0454865339588815,-1.3550853787209156,-1.383355530794622,0.29398752748223406,-0.7323732667483537,-0.18919635855817918,-0.9216959049505703,0.033320312403695485,0.6590155997427743
1.3926913478832808,1.5432061191430675,1.2011101759750888,0.1516911039595317,-0.9952553348234503,0.8072473384387372,0.8036796305417689,-1.9195206651504972,-0.9144493659115244,-1.5665623251837726,1.427648908976249,1.4713668692888426,-0.7903450766483795,0.07388779061833446,0.7102300577895785,-0.24598813683847995,-1.4009977041272281,-0.6132500697110881,2.4258952656597685,-0.21261615378274257,0.7171805906137328,-1.5686468406071845,-0.30600997510743677,-1.0100986897054116,2.474499947415256,-2.1431011468052703,1.6228789088751403,0.6663845516810539,-0.8723190366119937,1.467967655428945,-0.4139456012397123,-1.1453533966425589,0.6664008937335173,0.15865163236450897,-0.5019636148207198,-1.1886429823869453,2.427450735234663,-1.46983970278327,-1.54966413600818,0.3630101828899789,-0.7076212990448405,-0.5508091466911399,-0.88765180644026,0.20885183118693906,1.0413426582803487
1.2770761967298934,1.2011101759750888,2.5241372118943524,-0.6273159956941476,-1.525359687243195,1.8617145267753121,-0.8704606229147958,-3.3661739412647917,-0.810911316790838,-1.5133775401494334,1.2666295134179073,2.849895005825044,-0.4117454851323745,1.3349503139881607,0.47094779994913566,0.8582888529443135,-1.4772246200589667,-0.11634423940324123,0.41660877759397263,0.7449044058733011,1.482034629229937,-2.162046741856084,1.4509255603811877,-1.7855732692077382,3.648066062122218,-2.569065631040803,0.5815696084380901,-1.2656402670140252,-0.744385054166407,0.5376071563055308,-0.9776248820030926,-2.2076219362074787,-0.12246416600754804,0.5000473522529034,0.4216617786203167,0.5421153063668208,0.6891193473627124,-1.4386834808478857,-1.0534884851591737,0.004335535160173553,-1.2122512921845223,2.1156430167444826,-1.7129583266140282,-1.1116969299690462,-1.4933058192881965
0.05926001920037053,0.1516911039595317,-0.6273159956941476,0.44087590778617314,0.1794092249674294,-0.5698343420769579,0.6788779662475012,0.6236891670993,-0.06106008118327579,-0.2515261218584595,0.055632686636434156,-0.44076098789491475,-0.346708226550711,-0.49983147172190895,0.08435403819354188,-0.4858832536212137,-0.1612612639992263,-0.3335216920817846,0.9826295619173601,-0.25268912985454317,-0.17705669247670838,0.22029950936665854,-0.8516054939900226,0.2549844621702424,-0.42353222456944967,0.037774182262017106,0.44285606811286465,0.8709936620801582,0.018907335560012943,0.46153078458041097,0.3136060954474058,0.4706938320512679,0.3583893975779666,-0.21328509018081146,-0.42142971221591097,-0.740488077885917,0.7852011662193763,0.04271849581846953,-0.22359267793325682,0.16925293005535114,0.15280813829888176,-1.2289249181322635,0.4042999636962105,0.5842691478742774,1.113506755722358
-0.9972140882323948,-0.9952553348234503,-1.525359687243195,0.1794092249674294,1.0933107244048512,-1.0292054208380177,0.32244446799178095,2.204952990611528,0.6619101881177285,1.4319325998008439,-0.98295514201822,-2.0071120013150656,0.612108212543308,-0.7584981691065963,-0.4016252416525296,-0.3907467810678859,1.3159997875457152,0.34729163554485604,-0.9082376237238146,-0.5325938043269185,-1.1260205552559701,1.5374253106902507,-0.5915048716451903,1.2614137525338178,-2.5936350187135253,2.0197427604370124,-0.6697208555092523,0.4625708933966171,0.5068875584447247,-0.6884689461233384,0.5299601046168272,1.40000964939184,-0.10890368278301771,-0.21768973035163133,-0.06949708024979591,-0.02462293146145891,-0.967205881446211,1.0347385423433495,0.9108926430435429,-0.10734750606209144,0.8616378701122114,-0.8857287548087336,1.0505385007611139,0.5257784579157851,0.5365339348950403
0.8674725425371004,0.8072473384387372,1.8617145267753121,-0.5698343420769579,-1.0292054208380177,1.4460153840380483,-0.6392868622277951,-2.392584898425981,-0.5373127979064131,-0.8188725539371396,0.8784879598368079,1.8853972299119373,-0.0890023360352451,0.9412140834451264,0.3289353695140135,0.6526724629668698,-0.8371900230187355,0.05996712748055271,0.08000267423354641,0.4043798758300639,0.9107468782290215,-1.4856822650699202,1.1741043427124311,-1.1924860837552171,2.4910041950839914,-1.6506092811233712,0.3578700291718881,-1.0032431411030291,-0.5786327172992988,0.2685227798214602,-0.7689039362493904,-1.5878567997320783,-0.13955046371557447,0.4261363118260575,0.35949737196439807,0.4498504824079085,0.35678837499580374,-1.0440265448286405,-0.6958381748552098,-0.029200871031019305,-0.8006962668669586,1.6650243815259766,-1.2673655118601566,-0.8429878727636487,-1.1683433008202253
0.533562708830888,0.8036796305417689,-0.8704606229147958,0.6788779662475012,0.32244446799178095,-0.6392868622277951,2.012961824990948,0.8768259437697393,-0.34759713195830116,-0.1486072134957366,0.6127152977604378,-1.1873344459402901,-0.33006604867701883,-1.312092359289833,0.47043880748550726,-1.1919046677493284,-0.04967620320404304,-0.490262502090537,2.597614083646376,-1.2994362507883566,-0.8101843805322009,0.1813040381923478,-1.7389131211702245,0.6054838396439913,-0.5879513515477797,0.024842512102729867,1.5641272658347551,2.0960768040487068,-0.5123004155401975,1.2972407741410705,0.3376843091605283,0.6968920575346612,0.9763445123945219,-0.18525309247555696,-1.039021450793999,-2.1378201852751806,2.438674621077856,-0.5601811892635121,-0.9749929473661926,0.44444412644418424,0.38122294975721843,-2.737354408330864,0.49415683618269757,1.3908468325256969,2.8796816154762084
-1.9671478105168165,-1.9195206651504972,-3.3661739412647917,0.6236891670993,2.204952990611528,-2.392584898425981,0.8768259437697393,4.663734884651745,1.2756854960376471,2.537829988696437,-1.9491106576630972,-4.055879732491831,0.9147976262050602,-1.6892332208402605,-0.7708758556169055,-0.9751925980857948,2.396935099812338,0.4427925559366352,-1.3195306057173641,-1.0133555488030699,-2.1750624880346217,3.129465528330687,-1.5993069081984261,2.552032120594048,-5.263666147472062,3.909009681617562,-1.1695414746151689,1.3145528226110286,1.0875904385090727,-1.137988249406469,1.2462090158795427,3.009248783303276,-0.05888752426688299,-0.5872720153117724,-0.34084271691746787,-0.3324841423603277,-1.5796074558249835,2.1299225979156966,1.7349495911199162,-0.12772631655306513,1.740142717133348,-2.3443129562389595,2.303244575684859,1.290101565448658,1.5186090872752231
-0.8386366945763543,-0.9144493659115244,-0.810911316790838,-0.06106008118327579,0.6619101881177285,-0.5373127979064131,-0.34759713195830116,1.2756854960376471,0.5548697317056395,1.0188841587240285,-0.8530285019579185,-1.0425486864683158,0.505488062047366,-0.15069442118941087,-0.412135402430308,0.06513109060309287,0.9116476001864914,0.3719271814485086,-1.3533435803648612,0.007448666441542698,-0.5410170054142972,1.0090926374793572,0.07603671512097337,0.6962261225543838,-1.622120895654904,1.380545954164985,-0.9040713296339097,-0.2698721895389229,0.4990246416693591,-0.8380455102195049,0.27508085751010075,0.7708365918690229,-0.3495253222657346,-0.1015299580531167,0.24443491724193597,0.585927758790429,-1.3544719138107975,0.8764882281653886,0.9031801313905977,-0.1990123329182398,0.4832332610066195,0.1561956955931901,0.5894045223012672,-0.027745287889473225,-0.4395609116517964
-1.4783173334588748,-1.5665623251837726,-1.5133775401494334,-0.2515261218584595,1.4319325998008439,-0.8188725539371396,-0.1486072134957366,2.537829988696437,1.0188841587240285,2.4868471497280233,-1.4417236209711168,-2.5657737329422403,1.363014227868494,-0.6338143244624516,-0.6447658689387091,-0.091865768397488,2.1905927405016783,0.9223886634620032,-2.324857171363894,-0.6631674345555155,-1.572560442664091,2.008054483520464,0.04534955050965026,1.621411260162257,-3.3677021146748984,2.9711191300349586,-1.3651978795492046,-0.2076845893960265,0.6375815499072743,-1.4694855808406408,0.394907040179642,1.5248956630060846,-0.5104363845229051,-0.04376528519540593,0.33018343174689607,0.6578410489891146,-2.156827879420482,1.3850358708323445,1.5077823831662072,-0.330127191928499,1.1269187195408237,-0.015426006316490892,1.0686446288406293,0.185041108210427,-0.3014482850500713
1.3053857554727542,1.427648908976249,1.2666295134179073,0.055632686636434156,-0.98295514201822,0.8784879598368079,0.6127152977604378,-1.9491106576630972,-0.8530285019579185,-1.4417236209711168,1.3381745356126877,1.4948551279027165,-0.684653274186786,0.1790406823736937,0.6527880219763902,-0.1297486168648396,-1.3021410741293313,-0.5157334170775817,2.092156073864553,-0.1380048057637187,0.7251633234766118,-1.5327821296667026,-0.1127778628233489,-1.0142024511950978,2.436349989888212,-2.044183289159142,1.4407101048075597,0.44674832562502875,-0.8250401097898153,1.29374700314454,-0.4546051904675719,-1.1832373488999455,0.5550507613389596,0.19198355833731381,-0.3862229218276,-0.9662024109206576,2.131075504147357,-1.3965615862869543,-1.418750942289387,0.3081661984478825,-0.7056073396307981,-0.2634077132587626,-0.9231263241768471,0.07381011166394545,0.7483170437758627
1.5620493075076534,1.4713668692888426,2.849895005825044,-0.44076098789491475,-2.0071120013150656,1.8853972299119373,-1.1873344459402901,-4.055879732491831,-1.0425486864683158,-2.5657737329422403,1.4948551279027165,3.9118955493158842,-1.0745124198142233,1.7308297601402378,0.5328692699163936,1.0212925737410814,-2.379244818879806,-0.5273615533727741,0.8594025499147759,1.411423515075393,2.2793220116073813,-2.721981896081061,1.4735389878088714,-2.4043634384307455,4.686747422879496,-3.5743985478531557,0.6776958021147844,-1.401267333600729,-0.6678982003093407,0.8346638381309494,-0.9645233889759854,-2.6105764336128416,-0.09361663758142294,0.3871277465748283,0.41903371047826554,0.6865326248593638,0.952222938748031,-1.5713201555003051,-1.2828850563298315,0.05933290611912014,-1.6432809761951603,2.2946251392608996,-1.9217461275702934,-1.3098544297873989,-1.7686142362748647
-0.7119815074876745,-0.7903450766483795,-0.4117454851323745,-0.346708226550711,0.612108212543308,-0.0890023360352451,-0.33006604867701883,0.9147976262050602,0.505488062047366,1.363014227868494,-0.684653274186786,-1.0745124198142233,0.8597938380320591,-0.10453285267253097,-0.3267898577655403,0.16205792474047553,1.1691040505011898,0.621523412924429,-1.5362531790663334,-0.27723707411799614,-0.7260602486201377,0.8540838834232826,0.41592122229334094,0.6810447451401042,-1.4231036927819287,1.4281703686286276,-0.8120160764064844,-0.475584551870553,0.25295453026432385,-0.8988856242700953,0.020547513387868508,0.5030141027826249,-0.39295472271510573,0.09964884278927899,0.33989639637561897,0.6074071480475076,-1.3408604700607936,0.5981337284212193,0.7928689769034596,-0.23049106300628144,0.4857250088366688,0.5402409121484981,0.304804206189616,-0.162196341782241,-0.6076547507343733
0.23378709488217383,0.07388779061833446,1.3349503139881607,-0.49983147172190895,-0.7584981691065963,0.9412140834451264,-1.312092359289833,-1.6892332208402605,-0.15069442118941087,-0.6338143244624516,0.1790406823736937,1.7308297601402378,-0.10453285267253097,1.154117992651585,-0.05637434600959322,0.886543176817542,-0.6466015417745375,0.12009157473193045,-1.012236111896882,0.9930448999420377,1.0343333367067848,-0.9239569503516345,1.3219409922536942,-1.0090322510420677,1.7065753926187686,-1.0672652423541018,-0.5286721484239592,-1.4540308260743113,0.005467537026125754,-0.37960864719210335,-0.48941782138594014,-1.15830273674068,-0.5006248375277265,0.23862846837871257,0.6401726440258345,1.2263205019534968,-0.8798519275422779,-0.24461082081272364,0.060914658893169056,-0.20132753488328164,-0.6765813001689939,2.0565660061479316,-0.8546568985546887,-1.0739725213538684,-1.9238723107707127
0.6258079360074464,0.7102300577895785,0.47094779994913566,0.08435403819354188,-0.4016252416525296,0.3289353695140135,0.47043880748550726,-0.7708758556169055,-0.412135402430308,-0.6447658689387091,0.6527880219763902,0.5328692699163936,-0.3267898577655403,-0.05637434600959322,0.3398658247049593,-0.17119634050795834,-0.56780609637615,-0.2732738920909968,1.1719868796352264,-0.19406325432000499,0.2353146429898661,-0.6563380575543211,-0.2139540482768229,-0.3838658005690362,1.0172193611934957,-0.8954336797378988,0.788670555138494,0.40386475651550047,-0.41779325752929253,0.6950091665228181,-0.17122746297046484,-0.45023784886344886,0.3396649318157179,0.06722848892764197,-0.27544725660081754,-0.634373686289531,1.1803865046704647,-0.675521769240701,-0.7173070399158099,0.18081254549205386,-0.26578001366220333,-0.3852911140854455,-0.36142390058089724,0.16624411829680513,0.6071174083961394
-0.09432427797760481,-0.24598813683847995,0.8582888529443135,-0.4858832536212137,-0.3907467810678859,0.6526724629668698,-1.1919046677493284,-0.9751925980857948,0.06513109060309287,-0.091865768397488,-0.1297486168648396,1.0212925737410814,0.16205792474047553,0.886543176817542,-0.17119634050795834,0.7689995006405402,-0.14398792445147837,0.2733645320683412,-1.3516280353611627,0.7631112610939267,0.616349909540696,-0.4145242908954783,1.1721149973731464,-0.5716618995316022,0.846121054205952,-0.3651154376099883,-0.7436896189549419,-1.3164323561717082,0.14015336046353657,-0.6256461455056764,-0.34709688074509815,-0.7066418250169582,-0.5434800853613806,0.19059852323450413,0.6208550062370486,1.2202380951951908,-1.2022683977271709,0.06425613830051326,0.3644015289396992,-0.23876507399954514,-0.36638704582033765,1.7969841164599603,-0.5359767736482529,-0.9143950536708588,-1.7679445113963488
-1.3398409248829715,-1.4009977041272281,-1.4772246200589667,-0.1612612639992263,1.3159997875457152,-0.8371900230187355,-0.04967620320404304,2.396935099812338,0.9116476001864914,2.1905927405016783,-1.3021410741293313,-2.379244818879806,1.1691040505011898,-0.6466015417745375,-0.56780609637615,-0.14398792445147837,1.9523968748125446,0.7737525869590554,-1.9712081188223465,-0.6132339841343406,-1.4307855834618257,1.8524452948027181,-0.0784487675600575,1.5000775491116067,-3.100920895640928,2.6835107624050827,-1.1851333830395487,-0.0631494000446464,0.5913865443710207,-1.268623224738034,0.40822393471723445,1.4590491095583085,-0.4149250694934993,-0.08084645685396248,0.2332335335427332,0.5050226676031351,-1.8482034502664753,1.2685761052128817,1.3486607384653544,-0.27213123327486927,1.047827216488994,-0.19491318621604004,1.0308030875972936,0.24320285557737573,-0.13417662210113057
-0.5227253402102668,-0.6132500697110881,-0.11634423940324123,-0.3335216920817846,0.34729163554485604,0.05996712748055271,-0.490262502090537,0.4427925559366352,0.3719271814485086,0.9223886634620032,-0.5157334170775817,-0.5273615533727741,0.621523412924429,0.12009157473193045,-0.2732738920909968,0.2733645320683412,0.7737525869590554,0.4856761798137831,-1.3589100359735624,-0.017790728506403918,-0.36810703200619127,0.5147706727581828,0.5283683494002556,0.3535699224088343,-0.8245174740503761,0.9203713752980732,-0.7324565554998737,-0.6107466797680303,0.21824690532216123,-0.7615245460844609,-0.049193478134657236,0.20789060496417677,-0.3904924514844994,0.10408695059416692,0.3712655652192001,0.6865474024327987,-1.200945513083238,0.4460377732954901,0.6356943346995487,-0.2130545073434464,0.2567377081256717,0.7530977807948009,0.11032568377395388,-0.3037029319917846,-0.797002821440644
2.0227287422726206,2.4258952656597685,0.41660877759397263,0.9826295619173601,-0.9082376237238146,0.08000267423354641,2.597614083646376,-1.3195306057173641,-1.3533435803648612,-2.324857171363894,2.092156073864553,0.8594025499147759,-1.5362531790663334,-1.012236111896882,1.1719868796352264,-1.3516280353611627,-1.9712081188223465,-1.3589100359735624,5.223085742662362,-1.0692051082812806,0.37554609418331036,-1.632032664091282,-2.0773389968705276,-0.7272355390975319,2.366969797902124,-2.632647443697565,3.168887663147169,2.688997833924978,-1.2673100729564855,2.8947994794196017,-0.011388596728080071,-0.6021655062007377,1.6421369408241906,-0.128959715767232,-1.53534332707994,-3.2031287090828524,4.925436996695668,-2.0061724765394042,-2.587107368289852,0.829453675792228,-0.5577617175494838,-3.221360007389226,-0.43603482200071303,1.4998283682789495,3.7526687820172944
-0.058622321393498364,-0.21261615378274257,0.7449044058733011,-0.25268912985454317,-0.5325938043269185,0.4043798758300639,-1.2994362507883566,-1.0133555488030699,0.007448666441542698,-0.6631674345555155,-0.1380048057637187,1.411423515075393,-0.27723707411799614,0.9930448999420377,-0.19406325432000499,0.7631112610939267,-0.6132339841343406,-0.017790728506403918,-1.0692051082812806,1.1516267926868413,0.9995956248706014,-0.5270614894609836,0.9747984233934306,-0.7805785699763784,1.101478779663591,-0.7518193576553626,-0.7484566131635818,-1.2332924459939507,0.3018575567152791,-0.47447750300611774,-0.1964871082099459,-0.6958763759105456,-0.5009246367833323,0.03587922958002959,0.5587126627888531,1.242624799943558,-1.0965930944786626,0.1690462923555894,0.33557793352177356,-0.19815461268444168,-0.5204072807563757,1.6242923536589728,-0.446960164627646,-0.8984858972417452,-1.7483109302349962
0.7813153552699126,0.7171805906137328,1.482034629229937,-0.17705669247670838,-1.1260205552559701,0.9107468782290215,-0.8101843805322009,-2.1750624880346217,-0.5410170054142972,-1.572560442664091,0.7251633234766118,2.2793220116073813,-0.7260602486201377,1.0343333367067848,0.2353146429898661,0.616349909540696,-1.4307855834618257,-0.36810703200619127,0.37554609418331036,0.9995956248706014,1.4097100806258667,-1.469415800946373,0.8057528877259627,-1.3793371447112823,2.58283781259616,-2.0230910139050016,0.23128199318645398,-0.8402001078286471,-0.23571846293200316,0.40156112262464344,-0.4575511481955696,-1.3920451956306694,-0.1022636118523144,0.14303946227507688,0.2619750532703702,0.5255228203071358,0.3603463036474904,-0.7260369948895729,-0.5992973936875318,0.017601170466871915,-0.9403522938633014,1.3085910277924941,-0.9909041168152325,-0.7754027380996779,-1.1242302484126574
-1.5379486413612882,-1.5686468406071845,-2.162046741856084,0.22029950936665854,1.5374253106902507,-1.4856822650699202,0.1813040381923478,3.129465528330687,1.0090926374793572,2.008054483520464,-1.5327821296667026,-2.721981896081061,0.8540838834232826,-0.9239569503516345,-0.6563380575543211,-0.4145242908954783,1.8524452948027181,0.5147706727581828,-1.632032664091282,-0.5270614894609836,-1.469415800946373,2.2211796138016267,-0.6763765973279043,1.7366270039231497,-3.689507917421948,2.892343611446722,-1.2006726374661187,0.41942284700938626,0.8508639678651846,-1.1596088940911935,0.7671003277176397,1.9775575148391624,-0.28377920062095296,-0.3305217654625085,0.0209264487646682,0.25901721447465664,-1.731725518176815,1.622306520459744,1.4735817365445985,-0.20803460854522093,1.1926784416096696,-0.9771350083048973,1.5016853483773933,0.5892014295119516,0.40140172862388573
-0.07987154327287042,-0.30600997510743677,1.4509255603811877,-0.8516054939900226,-0.5915048716451903,1.1741043427124311,-1.7389131211702245,-1.5993069081984261,0.07603671512097337,0.04534955050965026,-0.1127778628233489,1.4735389878088714,0.41592122229334094,1.3219409922536942,-0.2139540482768229,1.1721149973731464,-0.0784487675600575,0.5283683494002556,-2.0773389968705276,0.9747984233934306,0.8057528877259627,-0.6763765973279043,1.8839196139131216,-0.8390345897944113,1.3241472897414064,-0.5002988415529082,-1.0480361550138688,-2.032085158531283,0.08660014937311691,-0.9513096349193231,-0.6322013348580748,-1.1639909693529469,-0.8191224538563003,0.3796753631542827,0.9601762572866755,1.7992525031401931,-1.7632726550197588,-0.037183436478610145,0.4827774718077108,-0.3674899277592083,-0.5344006104209814,2.8237445768437306,-0.9209898224326277,-1.4037298186366594,-2.6717722703680735
-1.046765572499649,-1.0100986897054116,-1.7855732692077382,0.2549844621702424,1.2614137525338178,-1.1924860837552171,0.6054838396439913,2.552032120594048,0.6962261225543838,1.621411260162257,-1.0142024511950978,-2.4043634384307455,0.6810447451401042,-1.0090322510420677,-0.3838658005690362,-0.5716618995316022,1.5000775491116067,0.3535699224088343,-0.7272355390975319,-0.7805785699763784,-1.3793371447112823,1.7366270039231497,-0.8390345897944113,1.4906474785298083,-2.9648262128529614,2.2761586374388956,-0.5567086423838891,0.7538314535191019,0.4850220251956747,-0.6245561247504504,0.6115448935150708,1.6350760013038006,-0.009559117664560421,-0.2490756553303285,-0.19635837969984535,-0.2807578508991246,-0.7918942306444379,1.0683100520235014,0.8997370268539899,-0.06906270302551971,1.0186268252847805,-1.2904664704548214,1.2134118949582653,0.743860338863081,0.9286064964938274
2.4565865852534268,2.474499947415256,3.648066062122218,-0.42353222456944967,-2.5936350187135253,2.4910041950839914,-0.5879513515477797,-5.263666147472062,-1.622120895654904,-3.3677021146748984,2.436349989888212,4.686747422879496,-1.4231036927819287,1.7065753926187686,1.0172193611934957,0.846121054205952,-3.100920895640928,-0.8245174740503761,2.366969797902124,1.101478779663591,2.58283781259616,-3.689507917421948,1.3241472897414064,-2.9648262128529614,6.18490410958816,-4.815549211300543,1.7581582951083115,-0.9598164443068332,-1.3051432719329412,1.7495680919248553,-1.2859774802805761,-3.3378090044644746,0.33888807254223335,0.5435033677090163,0.09326323217846753,-0.12795918709754547,2.5311424620562244,-2.5768700808700324,-2.28699394657489,0.2895115530981784,-2.026867442295501,1.9492755079637678,-2.5225640371571973,-1.1585076697033212,-1.056947077089713
-2.064367558249202,-2.1431011468052703,-2.569065631040803,0.037774182262017106,2.0197427604370124,-1.6506092811233712,0.024842512102729867,3.909009681617562,1.380545954164985,2.9711191300349586,-2.044183289159142,-3.5743985478531557,1.4281703686286276,-1.0672652423541018,-0.8954336797378988,-0.3651154376099883,2.6835107624050827,0.9203713752980732,-2.632647443697565,-0.7518193576553626,-2.0230910139050016,2.892343611446722,-0.5002988415529082,2.2761586374388956,-4.815549211300543,3.957064517757587,-1.7498775714585746,0.19087611411854435,1.0546873557350027,-1.76254506715143,0.8381447247682737,2.4253691520629554,-0.5257379512228262,-0.2944179094705037,0.21490854931872347,0.6098340871967229,-2.625949197645952,2.0885077370752905,2.036249833684829,-0.3562832391681405,1.5700658073804685,-0.7568116996336902,1.7970948063571983,0.554568537707865,0.10977178190253731
1.379928643355062,1.6228789088751403,0.5815696084380901,0.44285606811286465,-0.6697208555092523,0.3578700291718881,1.5641272658347551,-1.1695414746151689,-0.9040713296339097,-1.3651978795492046,1.4407101048075597,0.6776958021147844,-0.8120160764064844,-0.5286721484239592,0.788670555138494,-0.7436896189549419,-1.1851333830395487,-0.7324565554998737,3.168887663147169,-0.7484566131635818,0.23128199318645398,-1.2006726374661187,-1.0480361550138688,-0.5567086423838891,1.7581582951083115,-1.7498775714585746,2.0334657712494235,1.4968020509793638,-0.9368901557374342,1.7918925604624665,-0.17762648470194597,-0.6187926885779876,0.9884085757278368,0.040364553390816196,-0.881027795451754,-1.9398876209557425,3.0888410096019046,-1.4470795699748678,-1.7090287879635966,0.49826681909482756,-0.4127083581533131,-1.6967861183523472,-0.4949655609934173,0.8038171546580519,2.159587094187635
0.3832561859178707,0.6663845516810539,-1.2656402670140252,0.8709936620801582,0.4625708933966171,-1.0032431411030291,2.0960768040487068,1.3145528226110286,-0.2698721895389229,-0.2076845893960265,0.44674832562502875,-1.401267333600729,-0.475584551870553,-1.4540308260743113,0.40386475651550047,-1.3164323561717082,-0.0631494000446464,-0.6107466797680303,2.688997833924978,-1.2332924459939507,-0.8402001078286471,0.41942284700938626,-2.032085158531283,0.7538314535191019,-0.9598164443068332,0.19087611411854435,1.4968020509793638,2.319026573968372,-0.3451266346589746,1.303667710427814,0.5371618958270438,1.0020474812429712,1.0192001466606304,-0.32350521795152287,-1.1330318672668713,-2.2153661855833047,2.415013971736737,-0.3277511180515769,-0.8537159917739844,0.4665416417834216,0.4786707464998,-3.118863389251251,0.7649708574664734,1.5552073880127841,3.1063807296369563
-0.7857664804209629,-0.8723190366119937,-0.744385054166407,0.018907335560012943,0.5068875584447247,-0.5786327172992988,-0.5123004155401975,1.0875904385090727,0.4990246416693591,0.6375815499072743,-0.8250401097898153,-0.6678982003093407,0.25295453026432385,0.005467537026125754,-0.41779325752929253,0.14015336046353657,0.5913865443710207,0.21824690532216123,-1.2673100729564855,0.3018575567152791,-0.23571846293200316,0.8508639678651846,0.08660014937311691,0.4850220251956747,-1.3051432719329412,1.0546873557350027,-0.9368901557374342,-0.3451266346589746,0.5763762962295081,-0.7757869225905493,0.30711979305668125,0.6649656595701771,-0.36432929914564605,-0.16310558923367968,0.2593233847253867,0.6956582444335795,-1.3483404419011857,0.8935599629399156,0.8799616651639816,-0.18978380283704716,0.33782528899510184,0.23731887580974984,0.5512821561247434,-0.11407677428755017,-0.5925719958808114
1.258123244628776,1.467967655428945,0.5376071563055308,0.46153078458041097,-0.6884689461233384,0.2685227798214602,1.2972407741410705,-1.137988249406469,-0.8380455102195049,-1.4694855808406408,1.29374700314454,0.8346638381309494,-0.8988856242700953,-0.37960864719210335,0.6950091665228181,-0.6256461455056764,-1.268623224738034,-0.7615245460844609,2.8947994794196017,-0.47447750300611774,0.40156112262464344,-1.1596088940911935,-0.9513096349193231,-0.6245561247504504,1.7495680919248553,-1.76254506715143,1.7918925604624665,1.303667710427814,-0.7757869225905493,1.642631522855198,-0.12395459900402903,-0.6020368125932158,0.8769586069534955,-0.012627109109081528,-0.7829513170413862,-1.6690573566024134,2.762465764242055,-1.2656645269475226,-1.5358247370822906,0.45219489679635017,-0.45828272507893214,-1.4891337790997898,-0.44832647541108184,0.6747338087655383,1.8490229315494542
-0.44553797204723317,-0.4139456012397123,-0.9776248820030926,0.3136060954474058,0.5299601046168272,-0.7689039362493904,0.3376843091605283,1.2462090158795427,0.27508085751010075,0.394907040179642,-0.4546051904675719,-0.9645233889759854,0.020547513387868508,-0.48941782138594014,-0.17122746297046484,-0.34709688074509815,0.40822393471723445,-0.049193478134657236,-0.011388596728080071,-0.1964871082099459,-0.4575511481955696,0.7671003277176397,-0.6322013348580748,0.6115448935150708,-1.2859774802805761,0.8381447247682737,-0.17762648470194597,0.5371618958270438,0.30711979305668125,-0.12395459900402903,0.4104086073730364,0.8290300478654795,0.08040818017429605,-0.23064077755010567,-0.19493583952019727,-0.24518947974143232,-0.1669954411434163,0.5463677744074079,0.3535674473461349,0.019306816549838405,0.40826876311196414,-0.8894826121603792,0.6668844934884617,0.4476787360799216,0.626479324264854
-1.1980517749400332,-1.1453533966425589,-2.2076219362074787,0.4706938320512679,1.40000964939184,-1.5878567997320783,0.6968920575346612,3.009248783303276,0.7708365918690229,1.5248956630060846,-1.1832373488999455,-2.6105764336128416,0.5030141027826249,-1.15830273674068,-0.45023784886344886,-0.7066418250169582,1.4590491095583085,0.20789060496417677,-0.6021655062007377,-0.6958763759105456,-1.3920451956306694,1.9775575148391624,-1.1639909693529469,1.6350760013038006,-3.3378090044644746,2.4253691520629554,-0.6187926885779876,1.0020474812429712,0.6649656595701771,-0.6020368125932158,0.8290300478654795,1.9569044301423377,0.04259112483436759,-0.4033792035578262,-0.3043813124188075,-0.3708987351529013,-0.7963579927850053,1.312026686119003,1.0193010906056976,-0.04083276395311705,1.113885410135208,-1.712143306877923,1.5017439864586484,0.9220939567480221,1.179775146705166
0.5244117711096303,0.6664008937335173,-0.12246416600754804,0.3583893975779666,-0.10890368278301771,-0.13955046371557447,0.9763445123945219,-0.05888752426688299,-0.3495253222657346,-0.5104363845229051,0.5550507613389596,-0.09361663758142294,-0.39295472271510573,-0.5006248375277265,0.3396649318157179,-0.5434800853613806,-0.4149250694934993,-0.3904924514844994,1.6421369408241906,-0.5009246367833323,-0.1022636118523144,-0.28377920062095296,-0.8191224538563003,-0.009559117664560421,0.33888807254223335,-0.5257379512228262,0.9884085757278368,1.0192001466606304,-0.36432929914564605,0.8769586069534955,0.08040818017429605,0.04259112483436759,0.5519099880990206,-0.07281796060111063,-0.5456981924752154,-1.1275719474327646,1.5411649839154837,-0.5230330312399949,-0.7380525902303524,0.26796474296348577,-0.026636285144758954,-1.2755200282371255,0.030960600873377157,0.6191090173000267,1.4092989751536016
0.18261380493926174,0.15865163236450897,0.5000473522529034,-0.21328509018081146,-0.21768973035163133,0.4261363118260575,-0.18525309247555696,-0.5872720153117724,-0.1015299580531167,-0.04376528519540593,0.19198355833731381,0.3871277465748283,0.09964884278927899,0.23862846837871257,0.06722848892764197,0.19059852323450413,-0.08084645685396248,0.10408695059416692,-0.128959715767232,0.03587922958002959,0.14303946227507688,-0.3305217654625085,0.3796753631542827,-0.2490756553303285,0.5435033677090163,-0.2944179094705037,0.040364553390816196,-0.32350521795152287,-0.16310558923367968,-0.012627109109081528,-0.23064077755010567,-0.4033792035578262,-0.07281796060111063,0.14729642636034324,0.13447471335925418,0.16375408176532355,-0.015654366829189675,-0.2571194495427535,-0.13140516414171194,-0.0314863982939318,-0.16581395880216904,0.5232829170822472,-0.3382742372141814,-0.2446153088297483,-0.3659551235930476
-0.35292475693169123,-0.5019636148207198,0.4216617786203167,-0.42142971221591097,-0.06949708024979591,0.35949737196439807,-1.039021450793999,-0.34084271691746787,0.24443491724193597,0.33018343174689607,-0.3862229218276,0.41903371047826554,0.33989639637561897,0.6401726440258345,-0.27544725660081754,0.6208550062370486,0.2332335335427332,0.3712655652192001,-1.53534332707994,0.5587126627888531,0.2619750532703702,0.0209264487646682,0.9601762572866755,-0.19635837969984535,0.09326323217846753,0.21490854931872347,-0.881027795451754,-1.1330318672668713,0.2593233847253867,-0.7829513170413862,-0.19493583952019727,-0.3043813124188075,-0.5456981924752154,0.13447471335925418,0.5795777715500315,1.1451926506070853,-1.4054039912700793,0.33326579934862227,0.5826252570232453,-0.25986938815990634,-0.1183755373867155,1.482515807844309,-0.23250807396001674,-0.7239894505098649,-1.5260368405740048
-0.8910022946224402,-1.1886429823869453,0.5421153063668208,-0.740488077885917,-0.02462293146145891,0.4498504824079085,-2.1378201852751806,-0.3324841423603277,0.585927758790429,0.6578410489891146,-0.9662024109206576,0.6865326248593638,0.6074071480475076,1.2263205019534968,-0.634373686289531,1.2202380951951908,0.5050226676031351,0.6865474024327987,-3.2031287090828524,1.242624799943558,0.5255228203071358,0.25901721447465664,1.7992525031401931,-0.2807578508991246,-0.12795918709754547,0.6098340871967229,-1.9398876209557425,-2.2153661855833047,0.6956582444335795,-1.6690573566024134,-0.24518947974143232,-0.3708987351529013,-1.1275719474327646,0.16375408176532355,1.1451926506070853,2.3776190121232896,-3.0152893921137305,0.9087234691360417,1.3591847967616153,-0.53144504456561,-0.1502467103073876,2.8203319426392905,-0.26037703094590964,-1.404236872324355,-3.0654170491582557
2.0454865339588815,2.427450735234663,0.6891193473627124,0.7852011662193763,-0.967205881446211,0.35678837499580374,2.438674621077856,-1.5796074558249835,-1.3544719138107975,-2.156827879420482,2.131075504147357,0.952222938748031,-1.3408604700607936,-0.8798519275422779,1.1803865046704647,-1.2022683977271709,-1.8482034502664753,-1.200945513083238,4.925436996695668,-1.0965930944786626,0.3603463036474904,-1.731725518176815,-1.7632726550197588,-0.7918942306444379,2.5311424620562244,-2.625949197645952,3.0888410096019046,2.415013971736737,-1.3483404419011857,2.762465764242055,-0.1669954411434163,-0.7963579927850053,1.5411649839154837,-0.015654366829189675,-1.4054039912700793,-3.0152893921137305,4.738977085921235,-2.1034339388676657,-2.563833929631784,0.7793960956655662,-0.5900383911341842,-2.805801996133307,-0.6222429828022207,1.315177234246013,3.4271706515201856
-1.3550853787209156,-1.46983970278327,-1.4386834808478857,0.04271849581846953,1.0347385423433495,-1.0440265448286405,-0.5601811892635121,2.1299225979156966,0.8764882281653886,1.3850358708323445,-1.3965615862869543,-1.5713201555003051,0.5981337284212193,-0.24461082081272364,-0.675521769240701,0.06425613830051326,1.2685761052128817,0.4460377732954901,-2.0061724765394042,0.1690462923555894,-0.7260369948895729,1.622306520459744,-0.037183436478610145,1.0683100520235014,-2.5768700808700324,2.0885077370752905,-1.4470795699748678,-0.3277511180515769,0.8935599629399156,-1.2656645269475226,0.5463677744074079,1.312026686119003,-0.5230330312399949,-0.2571194495427535,0.33326579934862227,0.9087234691360417,-2.1034339388676657,1.4873903551110395,1.4511843067902541,-0.29188345572169605,0.7387020340186677,0.06884914104101021,1.0414054604616823,0.010430262975208826,-0.6192659204322692
-1.383355530794622,-1.54966413600818,-1.0534884851591737,-0.22359267793325682,0.9108926430435429,-0.6958381748552098,-0.9749929473661926,1.7349495911199162,0.9031801313905977,1.5077823831662072,-1.418750942289387,-1.2828850563298315,0.7928689769034596,0.060914658893169056,-0.7173070399158099,0.3644015289396992,1.3486607384653544,0.6356943346995487,-2.587107368289852,0.33557793352177356,-0.5992973936875318,1.4735817365445985,0.4827774718077108,0.8997370268539899,-2.28699394657489,2.036249833684829,-1.7090287879635966,-0.8537159917739844,0.8799616651639816,-1.5358247370822906,0.3535674473461349,1.0193010906056976,-0.7380525902303524,-0.13140516414171194,0.5826252570232453,1.3591847967616153,-2.563833929631784,1.4511843067902541,1.5820207864152682,-0.39013537302808315,0.6419247446580848,0.8120560278640936,0.7882816413703752,-0.34989608779186815,-1.3031408829944295
0.29398752748223406,0.3630101828899789,0.004335535160173553,0.16925293005535114,-0.10734750606209144,-0.029200871031019305,0.44444412644418424,-0.12772631655306513,-0.1990123329182398,-0.330127191928499,0.3081661984478825,0.05933290611912014,-0.23049106300628144,-0.20132753488328164,0.18081254549205386,-0.23876507399954514,-0.27213123327486927,-0.2130545073434464,0.829453675792228,-0.19815461268444168,0.017601170466871915,-0.20803460854522093,-0.3674899277592083,-0.06906270302551971,0.2895115530981784,-0.3562832391681405,0.49826681909482756,0.4665416417834216,-0.18978380283704716,0.45219489679635017,0.019306816549838405,-0.04083276395311705,0.26796474296348577,-0.0314863982939318,-0.25986938815990634,-0.53144504456561,0.7793960956655662,-0.29188345572169605,-0.39013537302808315,0.13433478553705294,-0.05467541685494115,-0.5727726823537428,-0.029894645831635473,0.2690759287954005,0.641864593951416
-0.7323732667483537,-0.7076212990448405,-1.2122512921845223,0.15280813829888176,0.8616378701122114,-0.8006962668669586,0.38122294975721843,1.740142717133348,0.4832332610066195,1.1269187195408237,-0.7056073396307981,-1.6432809761951603,0.4857250088366688,-0.6765813001689939,-0.26578001366220333,-0.36638704582033765,1.047827216488994,0.2567377081256717,-0.5577617175494838,-0.5204072807563757,-0.9403522938633014,1.1926784416096696,-0.5344006104209814,1.0186268252847805,-2.026867442295501,1.5700658073804685,-0.4127083581533131,0.4786707464998,0.33782528899510184,-0.45828272507893214,0.40826876311196414,1.113885410135208,-0.026636285144758954,-0.16581395880216904,-0.1183755373867155,-0.1502467103073876,-0.5900383911341842,0.7387020340186677,0.6419247446580848,-0.05467541685494115,0.7029897714835854,-0.8338313664431166,0.8204748151150462,0.4810628269886731,0.5761999984150662
-0.18919635855817918,-0.5508091466911399,2.1156430167444826,-1.2289249181322635,-0.8857287548087336,1.6650243815259766,-2.737354408330864,-2.3443129562389595,0.1561956955931901,-0.015426006316490892,-0.2634077132587626,2.2946251392608996,0.5402409121484981,2.0565660061479316,-0.3852911140854455,1.7969841164599603,-0.19491318621604004,0.7530977807948009,-3.221360007389226,1.6242923536589728,1.3085910277924941,-0.9771350083048973,2.8237445768437306,-1.2904664704548214,1.9492755079637678,-0.7568116996336902,-1.6967861183523472,-3.118863389251251,0.23731887580974984,-1.4891337790997898,-0.8894826121603792,-1.712143306877923,-1.2755200282371255,0.5232829170822472,1.482515807844309,2.8203319426392905,-2.805801996133307,0.06884914104101021,0.8120560278640936,-0.5727726823537428,-0.8338313664431166,4.29320210539893,-1.3229520588808574,-2.145547078582704,-4.123245489121145
-0.9216959049505703,-0.88765180644026,-1.7129583266140282,0.4042999636962105,1.0505385007611139,-1.2673655118601566,0.49415683618269757,2.303244575684859,0.5894045223012672,1.0686446288406293,-0.9231263241768471,-1.9217461275702934,0.304804206189616,-0.8546568985546887,-0.36142390058089724,-0.5359767736482529,1.0308030875972936,0.11032568377395388,-0.43603482200071303,-0.446960164627646,-0.9909041168152325,1.5016853483773933,-0.9209898224326277,1.2134118949582653,-2.5225640371571973,1.7970948063571983,-0.4949655609934173,0.7649708574664734,0.5512821561247434,-0.44832647541108184,0.6668844934884617,1.5017439864586484,0.030960600873377157,-0.3382742372141814,-0.23250807396001674,-0.26037703094590964,-0.6222429828022207,1.0414054604616823,0.7882816413703752,-0.029894645831635473,0.8204748151150462,-1.3229520588808574,1.1720531471603453,0.7017561749258514,0.8875339650709934
0.033320312403695485,0.20885183118693906,-1.1116969299690462,0.5842691478742774,0.5257784579157851,-0.8429878727636487,1.3908468325256969,1.290101565448658,-0.027745287889473225,0.185041108210427,0.07381011166394545,-1.3098544297873989,-0.162196341782241,-1.0739725213538684,0.16624411829680513,-0.9143950536708588,0.24320285557737573,-0.3037029319917846,1.4998283682789495,-0.8984858972417452,-0.7754027380996779,0.5892014295119516,-1.4037298186366594,0.743860338863081,-1.1585076697033212,0.554568537707865,0.8038171546580519,1.5552073880127841,-0.11407677428755017,0.6747338087655383,0.4476787360799216,0.9220939567480221,0.6191090173000267,-0.2446153088297483,-0.7239894505098649,-1.404236872324355,1.315177234246013,0.010430262975208826,-0.34989608779186815,0.2690759287954005,0.4810628269886731,-2.145547078582704,0.7017561749258514,1.0927154924053748,2.0752762467216983
0.6590155997427743,1.0413426582803487,-1.4933058192881965,1.113506755722358,0.5365339348950403,-1.1683433008202253,2.8796816154762084,1.5186090872752231,-0.4395609116517964,-0.3014482850500713,0.7483170437758627,-1.7686142362748647,-0.6076547507343733,-1.9238723107707127,0.6071174083961394,-1.7679445113963488,-0.13417662210113057,-0.797002821440644,3.7526687820172944,-1.7483109302349962,-1.1242302484126574,0.40140172862388573,-2.6717722703680735,0.9286064964938274,-1.056947077089713,0.10977178190253731,2.159587094187635,3.1063807296369563,-0.5925719958808114,1.8490229315494542,0.626479324264854,1.179775146705166,1.4092989751536016,-0.3659551235930476,-1.5260368405740048,-3.0654170491582557,3.4271706515201856,-0.6192659204322692,-1.3031408829944295,0.641864593951416,0.5761999984150662,-4.123245489121145,0.8875339650709934,2.0752762467216983,4.2204477508480736
