V1,V2,V3,V4,V5,V6,V7,V8,V9,V10,V11,V12,V13,V14,V15,V16,V17,V18,V19,V20,V21,V22,V23,V24,V25,V26,V27,V28,V29,V30,V31,V32,V33,V34,V35,V36,V37,V38,V39,V40,V41,V42,V43,V44,V45
0.9309994178439547,1.6906448528364164,-1.0013285338480795,0.5293496172201008,-0.7196510258217358,-0.2894004330311297,-0.30890700378769,-0.5733217987386565,-0.6854494744239391,0.24267287122614586,0.15626430456877527,1.0024471386031797,0.03266610809054304,-0.9271469662592696,0.05387935149270277,1.7737870459604343,0.8062989952731928,-0.11892720605275513,-2.324728606132674,0.8738184190521132,0.14999511037696378,-0.39277846654561593,-1.4009297508830436,-1.3095169449211024,0.21812339191140248,0.532638165290538,0.9256431019795771,0.2528176581080597,0.8817592300698399,-0.4453320248609935,0.7268873591682359,-0.10235068218777071,-0.03128963041914186,-0.932318086711506,0.34199355100300044,-0.39829860900293085,0.16728406816961944,-2.40595260298829,-0.0848041092900643,-0.5801316388048279,-0.1881589295324761,0.14460704689977213,0.008520099641564733,0.7018363664064007,-0.09611135437009881
1.6906448528364164,4.564724942322491,-0.19176603528811262,1.352886542245411,-2.4079397588373617,0.28747568901271375,1.624631046094068,-0.2325464617569042,-2.438800860488604,-0.20733108784190196,-0.15584298721800072,4.388351610340372,1.0912237234889373,-0.21590418659612864,1.1238497950862392,3.6262351803578503,3.1115278272198954,-0.35872017505364473,-3.8064432913114996,4.2953411650370334,-0.28638931514277866,-0.6833970883358206,-2.17859139264253,-2.520113735262713,2.171793695724206,-1.9043715696704402,0.5275608346120697,0.016035488325738832,0.6371650685806876,0.23127656507500252,0.7776851618765932,0.33568624965320415,-0.49551581482669416,-2.330873917167687,-1.2421551619784186,-2.311931625736331,1.123209609611887,-3.780651800158239,-0.6685861793757599,-0.5523486629720156,-1.32365757049528,-0.34096776862679984,0.8273767236932299,0.8084459084172824,-0.7410514752792684
-1.0013285338480795,-0.19176603528811262,2.8478390980949744,-0.14342744388434261,-0.4245669656690867,1.19638229134667,2.711412430102563,1.497147417176665,-0.5623421390131552,-0.9665430438590499,-0.6468770547975151,1.7169986355622493,1.0881830585836199,2.5949209736181693,1.0589592609686524,-1.4669194545899025,0.9257418249386895,-0.02758107908133616,2.952339275607567,2.0084411662511923,-0.769900029447956,0.4552454647919289,1.9049030257900046,1.2538963378891033,1.698503531490228,-3.698983653047204,-2.251172616340664,-0.7538380791042567,-1.9975690138015052,1.6111251049251583,-1.3724378315926151,0.6776507031990722,-0.44386127667142417,0.3085932017610043,-2.3960247133607875,-1.3007349720787527,0.7119377157430675,3.228963762794915,-0.4688543450551082,1.170126906593931,-0.8666203800885862,-0.8126250717795572,0.8745644972971423,-1.2622031282685602,-0.5133550144642967
0.5293496172201008,1.352886542245411,-0.14342744388434261,0.4037230240387972,-0.6975731392235993,0.0483343322763476,0.39676670180343027,-0.11436343473017399,-0.7025732246736368,-0.03167503933610419,-0.02616511822973328,1.2426308778073367,0.2888216942255999,-0.14275271530767208,0.2993343729528205,1.1147185514271367,0.8900157816976707,-0.10496441139134655,-1.213114830120179,1.2062769874074184,-0.06091543530247469,-0.21563431877464556,-0.7010033360937413,-0.7818501636760127,0.5890127809453722,-0.44915686936168553,0.22428266633612134,0.02752991618666671,0.24874962440905427,0.01913216213205806,0.2714056296919005,0.07847968721260866,-0.13270186013292318,-0.6972281324340716,-0.29353203126164834,-0.6426360522900921,0.30979222923039473,-1.2141998178378537,-0.18303381662148152,-0.19890021379205253,-0.36414000822476555,-0.07582139211312235,0.21752250278174817,0.2770013916164147,-0.2030040849038285
-0.7196510258217358,-2.4079397588373617,-0.4245669656690867,-0.6975731392235993,1.367569098935755,-0.37537620288772916,-1.371595495185128,-0.15272967807164478,1.409547631827921,0.28993459682756095,0.203225731891144,-2.666899085691107,-0.785579826558607,-0.3647807630507445,-0.7976371801289208,-1.6695624514983611,-1.836924205850651,0.1971505444780455,1.4910701670712283,-2.671076127337106,0.29589183962251797,0.2814930846311528,0.8135102947878725,1.1168854948049736,-1.4770195640849944,1.70418852195595,0.1343384026999519,0.13087923819350383,0.02864739931751313,-0.4220599461076856,-0.16217582997725952,-0.30510000799776726,0.34740958515029957,1.1905670963494326,1.108465592225702,1.478325383564686,-0.7330180675996083,1.4259225922943972,0.44466827997151176,0.07892967570092667,0.8689952670466249,0.3329653328299263,-0.6047749838178235,-0.19910940042471767,0.4917249800957652
-0.2894004330311297,0.28747568901271375,1.19638229134667,0.0483343322763476,-0.37537620288772916,0.5323629338958461,1.2851880808069887,0.6183169819915598,-0.4364862141910986,-0.4280783437374863,-0.2878925171319938,1.0854836251314701,0.5513055621917634,1.0867885330510867,0.5415084672136595,-0.33102618611443024,0.6455224871588261,-0.04074959623785023,0.9485582024713688,1.2019887461126533,-0.3508033914468739,0.138485260160734,0.6344777972980825,0.3298169916782657,0.8984061612351942,-1.7280713057769423,-0.915315447674733,-0.3194665185654039,-0.798510501960785,0.7043066229785796,-0.5211662112535415,0.3155006079404428,-0.22894675056597377,-0.057144855166377184,-1.1200483682548328,-0.7404458406113764,0.39377250067263747,1.0684016303036856,-0.2535726674905395,0.4533185096722173,-0.4758182693091453,-0.3733815310195963,0.4390600046376593,-0.4717499895320381,-0.2783780455959874
-0.30890700378769,1.624631046094068,2.711412430102563,0.39676670180343027,-1.371595495185128,1.2851880808069887,3.299043417517562,1.3731090952755745,-1.5187230528079805,-1.0283916867694702,-0.6950400218011107,3.4229601185638105,1.4983930691810097,2.454279892426128,1.4827403923327203,0.0038454246796787504,2.141523452745418,-0.16941126578392918,1.3785926910705564,3.6713012244809278,-0.8672856439722996,0.17426351403666618,0.9996036993408474,0.22679868821025637,2.524800299535649,-4.3767650300964585,-1.9940640811684491,-0.731545010190704,-1.7023377565431923,1.6688428822521337,-1.0346068729594569,0.7965967226151919,-0.6312016361992439,-0.6233661286230566,-2.838480434752019,-2.191115750472345,1.1428225919798114,1.6595559687301238,-0.7243835588284738,0.9260170088689832,-1.3737995782903614,-0.9307931553240333,1.1845496616168119,-0.9145135762029809,-0.7967032630488987
-0.5733217987386565,-0.2325464617569042,1.497147417176665,-0.11436343473017399,-0.15272967807164478,0.6183169819915598,1.3731090952755745,0.7909495094008991,-0.223926858989215,-0.5002678380261466,-0.33437597026309657,0.7723053713012288,0.5383819826856855,1.3653114372245299,0.5221361915848809,-0.873187037372157,0.39479107712319556,-0.004103802756885168,1.6563545687621222,0.9276595887431811,-0.39504986035231343,0.25828303910992384,1.0607868033459689,0.7296321275091545,0.826828535934005,-1.8823037939895517,-1.194320020971651,-0.3951550346917863,-1.0645544560154656,0.8371493482688195,-0.7413893460433219,0.3451518172616371,-0.21813010605157776,0.22907451251952682,-1.2189772115339839,-0.6143298221039747,0.3403475580939163,1.8006920315287054,-0.2261956394921225,0.6290256466825468,-0.41562988530184847,-0.4157704037846135,0.43409593788873674,-0.6844514388337776,-0.2474495772146509
-0.6854494744239391,-2.438800860488604,-0.5623421390131552,-0.7025732246736368,1.409547631827921,-0.4364862141910986,-1.5187230528079805,-0.223926858989215,1.4586223894130237,0.33906790244952645,0.23619894253199245,-2.7896780346804873,-0.8484819031794633,-0.49002688607422407,-0.8593905814272051,-1.6296150059824073,-1.9097304705229556,0.20162217312890615,1.3799042302220736,-2.8072913224707445,0.3360228110209227,0.26529309449667127,0.7394504403457026,1.0776496833623035,-1.5792806221196887,1.9021085598015945,0.2399673103226484,0.1678087652327132,0.1210071686409241,-0.5030088506205989,-0.10187335663002982,-0.34131385196263136,0.37352501692980483,1.1959947404289855,1.2367878991473276,1.5624561452488703,-0.7778246139070017,1.3011947338533993,0.47355121233393654,0.02667786635599624,0.9230735481214216,0.375753469105189,-0.6549277600666301,-0.1443788210576372,0.5233797535925462
0.24267287122614586,-0.20733108784190196,-0.9665430438590499,-0.03167503933610419,0.28993459682756095,-0.4280783437374863,-1.0283916867694702,-0.5002678380261466,0.33906790244952645,0.34435467212414284,0.23151109622945373,-0.8522949790845156,-0.4390212202423616,-0.8782134492157194,-0.4309395926363501,0.2867229762316199,-0.5041287482282264,0.030956613719440938,-0.7860448259467178,-0.946823400953139,0.28158009962694774,-0.11546885053160116,-0.5238145385331436,-0.27977691187562126,-0.7133124475247126,1.3843048675891043,0.7415228262921351,0.25786918997966746,0.6478251519849096,-0.5671391583967534,0.42480661701112454,-0.2527869606959353,0.18208526739547126,0.03352397508449474,0.8971844430563922,0.5850525771460332,-0.3117050276277031,-0.8826687341154369,0.20101980462416538,-0.36886303957764144,0.3768502565450985,0.299487764870643,-0.34985384516458873,0.38507127082148984,0.2206569665156126
0.15626430456877527,-0.15584298721800072,-0.6468770547975151,-0.02616511822973328,0.203225731891144,-0.2878925171319938,-0.6950400218011107,-0.33437597026309657,0.23619894253199245,0.23151109622945373,0.1557554131258082,-0.5873210890347236,-0.29820273926464513,-0.5875509462662271,-0.29291308355678225,0.17858874620868234,-0.3492832944905678,0.022105153484052537,-0.5124186769056415,-0.6503234644850512,0.18980045812907217,-0.07488423392509388,-0.34289156150517575,-0.17806381963059903,-0.48603359502431315,0.9345714327177492,0.4948391801703038,0.17259230069610945,0.4315617502465508,-0.3808370330186272,0.2817791161474174,-0.17055997403166298,0.12382883836180614,0.031117106319005397,0.6057015805030173,0.40052822433078145,-0.21298093740706456,-0.5774213838193158,0.13714312927412148,-0.24523564717805685,0.25742833347881594,0.20193468308718726,-0.23745083917564194,0.2549644121592893,0.15060577996295083
1.0024471386031797,4.388351610340372,1.7169986355622493,1.2426308778073367,-2.666899085691107,1.0854836251314701,3.4229601185638105,0.7723053713012288,-2.7896780346804873,-0.8522949790845156,-0.5873210890347236,5.491831360712272,1.8083396962223135,1.5237710306894685,1.82105653294924,2.6059612109310204,3.69864557017264,-0.37341885892855686,-1.7897270172474813,5.594932481059732,-0.7988653705616924,-0.3714042833515123,-0.8802788262223092,-1.6540919325151016,3.28619101937278,-4.360983351391288,-0.9852378523702428,-0.48885126818159186,-0.7069807207703734,1.3075619200715274,-0.1493969635431055,0.7858701827059043,-0.7874911735116875,-2.099759640503605,-2.833338017029304,-3.1585267927997682,1.588074655231314,-1.578983215952209,-0.9754754184865742,0.23691643693726885,-1.889986262028676,-0.8814717504338798,1.4042370871626906,-0.045147307268729134,-1.0769766774123548
0.03266610809054304,1.0912237234889373,1.0881830585836199,0.2888216942255999,-0.785579826558607,0.5513055621917634,1.4983930691810097,0.5383819826856855,-0.8484819031794633,-0.4390212202423616,-0.29820273926464513,1.8083396962223135,0.7137217408105656,0.9809979345887634,0.7103992140457773,0.34192709052498826,1.1657049519184879,-0.10279262338188355,0.2051410773332264,1.9009304286605513,-0.3807308726950177,0.006971174149366257,0.20334443795573318,-0.14400843391999466,1.2338975890043233,-1.9643376053474957,-0.764000608039478,-0.29690845981105796,-0.6346696326721818,0.7025459297402982,-0.3491141021851656,0.3564789704511337,-0.3040169571392343,-0.4730820161806531,-1.2745960495115967,-1.1108889543451044,0.5716493135962832,0.32223768224634697,-0.35827185424798524,0.3259922765914728,-0.6847114144437586,-0.41174268864003616,0.5609098585911735,-0.2972090091912748,-0.394588579759313
-0.9271469662592696,-0.21590418659612864,2.5949209736181693,-0.14275271530767208,-0.3647807630507445,1.0867885330510867,2.454279892426128,1.3653114372245299,-0.49002688607422407,-0.8782134492157194,-0.5875509462662271,1.5237710306894685,0.9809979345887634,2.3649006700675907,0.9540875453914944,-1.3686232935315386,0.8148494511210055,-0.021831860486829665,2.722904434789383,1.7899793460393525,-0.6983759469193981,0.42065646702133,1.7542560921991823,1.1646139158123756,1.5269171891218212,-3.3509779674570237,-2.0546773041890045,-0.6867149961591602,-1.8248486671979303,1.4649748910220273,-1.2567018102554053,0.6140805697761865,-0.3996977703312063,0.30209303071367977,-2.1705651138748117,-1.1635530935084093,0.6381508781448197,2.974366473961168,-0.42090649332900276,1.070324980191468,-0.7771241799306493,-0.7368629641557211,0.7889028023338026,-1.1566915463071359,-0.46073014514938815
0.05387935149270277,1.1238497950862392,1.0589592609686524,0.2993343729528205,-0.7976371801289208,0.5415084672136595,1.4827403923327203,0.5221361915848809,-0.8593905814272051,-0.4309395926363501,-0.29291308355678225,1.82105653294924,0.7103992140457773,0.9540875453914944,0.7075834498461739,0.3807447586049544,1.1775802365533818,-0.10494108641417466,0.15053612383630896,1.9101633918014895,-0.37511507121869375,-0.002092319996447153,0.16998824429033824,-0.17328435626273547,1.231870908291971,-1.9408853723443764,-0.7383649693332077,-0.2893963613780944,-0.6107753256145411,0.6883008633262764,-0.33041842965261753,0.3520888508437804,-0.3030003815514231,-0.4918090364866833,-1.2594598260010752,-1.1136999651401143,0.572229292178593,0.2651075220730609,-0.35817469568616295,0.3108073504988674,-0.6851290862230593,-0.4060698511685376,0.5579028463950872,-0.27938079105731223,-0.3945461292662266
1.7737870459604343,3.6262351803578503,-1.4669194545899025,1.1147185514271367,-1.6695624514983611,-0.33102618611443024,0.0038454246796787504,-0.873187037372157,-1.6296150059824073,0.2867229762316199,0.17858874620868234,2.6059612109310204,0.34192709052498826,-1.3686232935315386,0.3807447586049544,3.4893292792577797,1.982722832988036,-0.265271800517017,-4.316676236456938,2.398986892049863,0.1343500748742407,-0.7402675133446175,-2.570104001331967,-2.533484474996986,0.8968601830765169,0.2364874427866897,1.4509786640671822,0.36156055991256225,1.4186500365284942,-0.566594966312874,1.2379377483782086,-0.053627509102651745,-0.1785231222788928,-1.9491939046414812,0.14657326593067158,-1.189467920216366,0.5408311854873751,-4.424506846979448,-0.3010561377576854,-0.9695145301731662,-0.6246435299222775,0.11192498421378716,0.2363013906945011,1.2108552551233167,-0.3366651662867631
0.8062989952731928,3.1115278272198954,0.9257418249386895,0.8900157816976707,-1.836924205850651,0.6455224871588261,2.141523452745418,0.39479107712319556,-1.9097304705229556,-0.5041287482282264,-0.3492832944905678,3.69864557017264,1.1657049519184879,0.8148494511210055,1.1775802365533818,1.982722832988036,2.5139996412423025,-0.2603695008519245,-1.5557439532499626,3.7422075251830274,-0.4860694690314912,-0.3071837103345278,-0.8104209891165376,-1.2907150051877987,2.1461866080986303,-2.7039604798169496,-0.4696429221949753,-0.26932694177890487,-0.29892210288031684,0.7606390107700419,0.03170679689593639,0.48619425249228426,-0.5106401485192122,-1.5104513420491132,-1.757507195590373,-2.0959709776942432,1.0480569836976261,-1.4349395725101401,-0.6406230436860201,0.050096097891556425,-1.245339640874414,-0.5400554578018407,0.9022767704851954,0.0941238846199062,-0.7076869068427754
-0.11892720605275513,-0.35872017505364473,-0.02758107908133616,-0.10496441139134655,0.1971505444780455,-0.04074959623785023,-0.16941126578392918,-0.004103802756885168,0.20162217312890615,0.030956613719440938,0.022105153484052537,-0.37341885892855686,-0.10279262338188355,-0.021831860486829665,-0.10494108641417466,-0.265271800517017,-0.2603695008519245,0.028854065533462467,0.25727201671271843,-0.37043710141866765,0.03430424275927196,0.04726108931611906,0.14396037861492042,0.18083010012923853,-0.19759018383812563,0.20642483385587657,-0.008000089898194377,0.009967119143250725,-0.020555994498689157,-0.042513939289331816,-0.04096394073246279,-0.036732350926181705,0.045914458208357135,0.180015821978242,0.134368988748275,0.20265451809034654,-0.09964908716300286,0.25095711399669185,0.059990234966580604,0.026080479705810785,0.11789016977508236,0.03922334973047769,-0.07866192200614948,-0.045110294223642954,0.06642463870201187
-2.324728606132674,-3.8064432913114996,2.952339275607567,-1.213114830120179,1.4910701670712283,0.9485582024713688,1.3785926910705564,1.6563545687621222,1.3799042302220736,-0.7860448259467178,-0.5124186769056415,-1.7897270172474813,0.2051410773332264,2.722904434789383,0.15053612383630896,-4.316676236456938,-1.5557439532499626,0.25727201671271843,5.920274986979314,-1.4294581299268363,-0.5298877723797804,0.9891643168715527,3.599796717422861,3.23045984707831,-0.05125858783407165,-2.1279076406075204,-2.6318317392988755,-0.7542725810058716,-2.4695517264223206,1.4009720729171327,-1.9658244257157926,0.4004247288350033,-0.04374469399934047,2.1508600365929356,-1.3716288721406147,0.5532445250143743,-0.19008872660014878,6.1714357463389264,0.06881627242871981,1.5880411394415053,0.19699184490916855,-0.5288039281441024,0.204277270957293,-1.881996505173248,0.082581233686611
0.8738184190521132,4.2953411650370334,2.0084411662511923,1.2062769874074184,-2.671076127337106,1.2019887461126533,3.6713012244809278,0.9276595887431811,-2.8072913224707445,-0.946823400953139,-0.6503234644850512,5.594932481059732,1.9009304286605513,1.7899793460393525,1.9101633918014895,2.398986892049863,3.7422075251830274,-0.37043710141866765,-1.4294581299268363,5.729045905490511,-0.8722232732840622,-0.3142771946040863,-0.6522752125714865,-1.4865128574131639,3.4231694079034614,-4.704816567736179,-1.2216727119080393,-0.5654053159484571,-0.9194799313541411,1.466961881282285,-0.300908715514519,0.8490577225209285,-0.8244425388288121,-2.0309377559113173,-3.055909001846652,-3.252946754828234,1.6420437443642615,-1.1910762617215243,-1.012163446659692,0.3643382607646191,-1.9564007023169212,-0.95825809725625,1.47944401713073,-0.185972767017255,-1.1170120364473375
0.14999511037696378,-0.28638931514277866,-0.769900029447956,-0.06091543530247469,0.29589183962251797,-0.3508033914468739,-0.8672856439722996,-0.39504986035231343,0.3360228110209227,0.28158009962694774,0.18980045812907217,-0.7988653705616924,-0.3807308726950177,-0.6983759469193981,-0.37511507121869375,0.1343500748742407,-0.4860694690314912,0.03430424275927196,-0.5298877723797804,-0.8722232732840622,0.23339859075832606,-0.07465777224071016,-0.36265017765581137,-0.15792995697316908,-0.6291515495409493,1.160048274540009,0.5806114069086731,0.20617989444903714,0.5024871290616085,-0.46079640700981694,0.3201781708896943,-0.21144788668753706,0.15902580396854377,0.08824743221076527,0.7520065146398165,0.5298933781149329,-0.2794471595240804,-0.6082454477645138,0.17874560685810753,-0.281383215415389,0.33702486037364826,0.24911107731062845,-0.3022556411810865,0.28741368740932727,0.1964432575529601
-0.39277846654561593,-0.6833970883358206,0.4552454647919289,-0.21563431877464556,0.2814930846311528,0.138485260160734,0.17426351403666618,0.25828303910992384,0.26529309449667127,-0.11546885053160116,-0.07488423392509388,-0.3714042833515123,0.006971174149366257,0.42065646702133,-0.002092319996447153,-0.7402675133446175,-0.3071837103345278,0.04726108931611906,0.9891643168715527,-0.3142771946040863,-0.07465777224071016,0.1664396768314119,0.5985477473138581,0.5496802721794417,-0.05626300440399859,-0.2825153332253326,-0.4137487164879667,-0.11538949510390158,-0.39127075061679456,0.20881799341983137,-0.3177084494753847,0.053584949969287525,0.00439814707136619,0.380592116945236,-0.1817287664105993,0.13620535389652155,-0.054170540975193755,1.0272038911480967,0.025478435511837948,0.25512321025194196,0.059618729609913185,-0.07317397471375851,0.0126874815539562,-0.305475235289388,0.02914476693185683
-1.4009297508830436,-2.17859139264253,1.9049030257900046,-0.7010033360937413,0.8135102947878725,0.6344777972980825,0.9996036993408474,1.0607868033459689,0.7394504403457026,-0.5238145385331436,-0.34289156150517575,-0.8802788262223092,0.20334443795573318,1.7542560921991823,0.16998824429033824,-2.570104001331967,-0.8104209891165376,0.14396037861492042,3.599796717422861,-0.6522752125714865,-0.36265017765581137,0.5985477473138581,2.197729577388059,1.9358410089754803,0.10635304074985467,-1.5042319669301976,-1.6751417524868653,-0.48856155814441227,-1.5625439187219816,0.9246262028419834,-1.2267000242429185,0.2815007660140244,-0.06023090387681025,1.246972948006485,-0.9704885455475215,0.21079643474236445,-0.051330327477504545,3.764868843620263,0.0017712606303078005,0.9960402570478523,0.042829691893193154,-0.36532973394945817,0.1857742487169979,-1.1701422270946646,0.005985668978374742
-1.3095169449211024,-2.520113735262713,1.2538963378891033,-0.7818501636760127,1.1168854948049736,0.3298169916782657,0.22679868821025637,0.7296321275091545,1.0776496833623035,-0.27977691187562126,-0.17806381963059903,-1.6540919325151016,-0.14400843391999466,1.1646139158123756,-0.17328435626273547,-2.533484474996986,-1.2907150051877987,0.18083010012923853,3.23045984707831,-1.4865128574131639,-0.15792995697316908,0.5496802721794417,1.9358410089754803,1.8554573544012332,-0.47553097358420476,-0.47632398687260835,-1.1923927766945577,-0.31343479799615165,-1.1485981258597073,0.5275710834014034,-0.9709340658933469,0.09437000289517951,0.08570744093604811,1.3720159847935443,-0.30397039671032505,0.7112460205775655,-0.31319447891736396,3.3283448070682575,0.16820201509639776,0.7684811256669926,0.35796962421753487,-0.14605367962981589,-0.0891559251048066,-0.9428962639644818,0.18901961659071373
0.21812339191140248,2.171793695724206,1.698503531490228,0.5890127809453722,-1.4770195640849944,0.8984061612351942,2.524800299535649,0.826828535934005,-1.5792806221196887,-0.7133124475247126,-0.48603359502431315,3.28619101937278,1.2338975890043233,1.5269171891218212,1.231870908291971,0.8968601830765169,2.1461866080986303,-0.19759018383812563,-0.05125858783407165,3.4231694079034614,-0.6291515495409493,-0.05626300440399859,0.10635304074985467,-0.47553097358420476,2.161319921237293,-3.2877420032049036,-1.1537745950638265,-0.4669033945264548,-0.9387871229384193,1.1315455596193187,-0.4744154567666535,0.5956198436107203,-0.528605413671177,-0.9762162611236478,-2.133918652527705,-1.9809111229938547,1.0127941662357829,0.13622967475536793,-0.6312663426226498,0.46020673768892467,-1.2110221763040783,-0.6834140761134834,0.9667130358439491,-0.38940174265028976,-0.6957510392484698
0.532638165290538,-1.9043715696704402,-3.698983653047204,-0.44915686936168553,1.70418852195595,-1.7280713057769423,-4.3767650300964585,-1.8823037939895517,1.9021085598015945,1.3843048675891043,0.9345714327177492,-4.360983351391288,-1.9643376053474957,-3.3509779674570237,-1.9408853723443764,0.2364874427866897,-2.7039604798169496,0.20642483385587657,-2.1279076406075204,-4.704816567736179,1.160048274540009,-0.2825153332253326,-1.5042319669301976,-0.47632398687260835,-3.2877420032049036,5.823312237458639,2.7461073045970448,0.9955252802315522,2.3567419146132282,-2.253388111264896,1.4584394101173892,-1.0605637867647697,0.8250848062269819,0.6920803427152705,3.7761165926689544,2.824685232572819,-1.4787750097390981,-2.5082832915088358,0.9402180214388957,-1.2958615239373557,1.7794678602512086,1.2427006842002186,-1.555232254395664,1.2971656820031752,1.0337329442987495
0.9256431019795771,0.5275608346120697,-2.251172616340664,0.22428266633612134,0.1343384026999519,-0.915315447674733,-1.9940640811684491,-1.194320020971651,0.2399673103226484,0.7415228262921351,0.4948391801703038,-0.9852378523702428,-0.764000608039478,-2.0546773041890045,-0.7383649693332077,1.4509786640671822,-0.4696429221949753,-0.008000089898194377,-2.6318317392988755,-1.2216727119080393,0.5806114069086731,-0.4137487164879667,-1.6751417524868653,-1.1923927766945577,-1.1537745950638265,2.7461073045970448,1.8105879587129066,0.5930993077609104,1.6206354825933509,-1.2455091535315206,1.1414693093913968,-0.504206923880879,0.30747192449007943,-0.4347546462006545,1.7781070208168555,0.8300340513029604,-0.4660572582903253,-2.8467328207973903,0.31280217817230177,-0.9639988960340747,0.5708819011331022,0.6096774076973127,-0.6181377444357149,1.057529206060467,0.3417249083979847
0.2528176581080597,0.016035488325738832,-0.7538380791042567,0.02752991618666671,0.13087923819350383,-0.3194665185654039,-0.731545010190704,-0.3951550346917863,0.1678087652327132,0.25786918997966746,0.17259230069610945,-0.48885126818159186,-0.29690845981105796,-0.6867149961591602,-0.2893963613780944,0.36156055991256225,-0.26932694177890487,0.009967119143250725,-0.7542725810058716,-0.5654053159484571,0.20617989444903714,-0.11538949510390158,-0.48856155814441227,-0.31343479799615165,-0.4669033945264548,0.9955252802315522,0.5930993077609104,0.20011687431869132,0.5252367918131603,-0.42908226380983655,0.35796024204814636,-0.18242144466288376,0.1215184652187857,-0.06408979915534731,0.6450062098136432,0.36270445161753784,-0.1974613116576468,-0.8274103079849198,0.12950230490588535,-0.3057625116023178,0.23987314442764282,0.21809495635673184,-0.2383175168853358,0.32868499901004633,0.14176452103417592
0.8817592300698399,0.6371650685806876,-1.9975690138015052,0.24874962440905427,0.02864739931751313,-0.798510501960785,-1.7023377565431923,-1.0645544560154656,0.1210071686409241,0.6478251519849096,0.4315617502465508,-0.7069807207703734,-0.6346696326721818,-1.8248486671979303,-0.6107753256145411,1.4186500365284942,-0.29892210288031684,-0.020555994498689157,-2.4695517264223206,-0.9194799313541411,0.5024871290616085,-0.39127075061679456,-1.5625439187219816,-1.1485981258597073,-0.9387871229384193,2.3567419146132282,1.6206354825933509,0.5252367918131603,1.4569711307606656,-1.092593255230158,1.0382448092525636,-0.4333516049545664,0.2533364871575487,-0.47158704320023853,1.5257219577758365,0.6474874056049461,-0.37011959417676976,-2.658258635312016,0.2516041156164932,-0.8726998021076022,0.45519259478044255,0.5262769854948095,-0.5156324222967983,0.9653333279573904,0.2743928788845226
-0.4453320248609935,0.23127656507500252,1.6111251049251583,0.01913216213205806,-0.4220599461076856,0.7043066229785796,1.6688428822521337,0.8371493482688195,-0.5030088506205989,-0.5671391583967534,-0.3808370330186272,1.3075619200715274,0.7025459297402982,1.4649748910220273,0.6883008633262764,-0.566594966312874,0.7606390107700419,-0.042513939289331816,1.4009720729171327,1.466961881282285,-0.46079640700981694,0.20881799341983137,0.9246262028419834,0.5275710834014034,1.1315455596193187,-2.253388111264896,-1.2455091535315206,-0.42908226380983655,-1.092593255230158,0.9368338822132417,-0.7252806405759488,0.4118418117914584,-0.2903275787607349,0.0021490813258297015,-1.4602833166366684,-0.9149871704346643,0.49019214519791476,1.560760773966489,-0.31751325666118185,0.6266149574819226,-0.5934336135492839,-0.48926534192905496,0.5609301755852861,-0.6600774222403023,-0.3483165522831133
0.7268873591682359,0.7776851618765932,-1.3724378315926151,0.2714056296919005,-0.16217582997725952,-0.5211662112535415,-1.0346068729594569,-0.7413893460433219,-0.10187335663002982,0.42480661701112454,0.2817791161474174,-0.1493969635431055,-0.3491141021851656,-1.2567018102554053,-0.33041842965261753,1.2379377483782086,0.03170679689593639,-0.04096394073246279,-1.9658244257157926,-0.300908715514519,0.3201781708896943,-0.3177084494753847,-1.2267000242429185,-0.9709340658933469,-0.4744154567666535,1.4584394101173892,1.1414693093913968,0.35796024204814636,1.0382448092525636,-0.7252806405759488,0.7646098126705266,-0.26912293924069486,0.13480196096246902,-0.49649015359233545,0.9433841416152913,0.2655799898170013,-0.16675944640924137,-2.09259194953058,0.12052610083489156,-0.6353260582953928,0.209607085921908,0.33206218072508126,-0.28802774791685143,0.7171677724811095,0.1306426072722509
-0.10235068218777071,0.33568624965320415,0.6776507031990722,0.07847968721260866,-0.30510000799776726,0.3155006079404428,0.7965967226151919,0.3451518172616371,-0.34131385196263136,-0.2527869606959353,-0.17055997403166298,0.7858701827059043,0.3564789704511337,0.6140805697761865,0.3520888508437804,-0.053627509102651745,0.48619425249228426,-0.036732350926181705,0.4004247288350033,0.8490577225209285,-0.21144788668753706,0.053584949969287525,0.2815007660140244,0.09437000289517951,0.5956198436107203,-1.0605637867647697,-0.504206923880879,-0.18242144466288376,-0.4333516049545664,0.4118418117914584,-0.26912293924069486,0.19325188944027252,-0.14964018315689306,-0.12008017575597843,-0.6877405915078619,-0.5105655055046775,0.2675496527003031,0.46978290529661476,-0.17024214654540545,0.2386042548787058,-0.32195912453732445,-0.22650095460778985,0.2823736859029937,-0.23977944953324934,-0.18711208045487018
-0.03128963041914186,-0.49551581482669416,-0.44386127667142417,-0.13270186013292318,0.34740958515029957,-0.22894675056597377,-0.6312016361992439,-0.21813010605157776,0.37352501692980483,0.18208526739547126,0.12382883836180614,-0.7874911735116875,-0.3040169571392343,-0.3996977703312063,-0.3030003815514231,-0.1785231222788928,-0.5106401485192122,0.045914458208357135,-0.04374469399934047,-0.8244425388288121,0.15902580396854377,0.00439814707136619,-0.06023090387681025,0.08570744093604811,-0.528605413671177,0.8250848062269819,0.30747192449007943,0.1215184652187857,0.2533364871575487,-0.2903275787607349,0.13480196096246902,-0.14964018315689306,0.12982690569237798,0.21854979563723181,0.5354475048980231,0.4797068188333669,-0.24614899595105852,-0.09196172159665507,0.15389565351392043,-0.12769255020535172,0.294588953164999,0.1723264400007838,-0.2386115157374815,0.11322471026401056,0.1695364783742158
-0.932318086711506,-2.330873917167687,0.3085932017610043,-0.6972281324340716,1.1905670963494326,-0.057144855166377184,-0.6233661286230566,0.22907451251952682,1.1959947404289855,0.03352397508449474,0.031117106319005397,-2.099759640503605,-0.4730820161806531,0.30209303071367977,-0.4918090364866833,-1.9491939046414812,-1.5104513420491132,0.180015821978242,2.1508600365929356,-2.0309377559113173,0.08824743221076527,0.380592116945236,1.246972948006485,1.3720159847935443,-0.9762162611236478,0.6920803427152705,-0.4347546462006545,-0.06408979915534731,-0.47158704320023853,0.0021490813258297015,-0.49649015359233545,-0.12008017575597843,0.21854979563723181,1.2058396305398764,0.4526505310891243,1.0768263633426505,-0.5172187864184847,2.158254347532636,0.30452765910247015,0.36709759615921356,0.6074856849070779,0.11276207682427733,-0.3550173940453481,-0.5039411615236319,0.33801153234517756
0.34199355100300044,-1.2421551619784186,-2.3960247133607875,-0.29353203126164834,1.108465592225702,-1.1200483682548328,-2.838480434752019,-1.2189772115339839,1.2367878991473276,0.8971844430563922,0.6057015805030173,-2.833338017029304,-1.2745960495115967,-2.1705651138748117,-1.2594598260010752,0.14657326593067158,-1.757507195590373,0.134368988748275,-1.3716288721406147,-3.055909001846652,0.7520065146398165,-0.1817287664105993,-0.9704885455475215,-0.30397039671032505,-2.133918652527705,3.7761165926689544,1.7781070208168555,0.6450062098136432,1.5257219577758365,-1.4602833166366684,0.9433841416152913,-0.6877405915078619,0.5354475048980231,0.4526505310891243,2.4486542992915905,1.834251247872646,-0.9601115922464964,-1.617981481123479,0.6103651551752572,-0.838399976180256,1.155243899918076,0.8057006934058688,-1.0090938401233998,0.8389021346375178,0.671055750387356
-0.39829860900293085,-2.311931625736331,-1.3007349720787527,-0.6426360522900921,1.478325383564686,-0.7404458406113764,-2.191115750472345,-0.6143298221039747,1.5624561452488703,0.5850525771460332,0.40052822433078145,-3.1585267927997682,-1.1108889543451044,-1.1635530935084093,-1.1136999651401143,-1.189467920216366,-2.0959709776942432,0.20265451809034654,0.5532445250143743,-3.252946754828234,0.5298933781149329,0.13620535389652155,0.21079643474236445,0.7112460205775655,-1.9809111229938547,2.824685232572819,0.8300340513029604,0.36270445161753784,0.6474874056049461,-0.9149871704346643,0.2655799898170013,-0.5105655055046775,0.4797068188333669,1.0768263633426505,1.834251247872646,1.8590520313540615,-0.9425741163593333,0.4036026087233298,0.5832546201831488,-0.28470809790898616,1.1243426562176622,0.5797432201607196,-0.8666701718336363,0.1951575511669749,0.6433339176682027
0.16728406816961944,1.123209609611887,0.7119377157430675,0.30979222923039473,-0.7330180675996083,0.39377250067263747,1.1428225919798114,0.3403475580939163,-0.7778246139070017,-0.3117050276277031,-0.21298093740706456,1.588074655231314,0.5716493135962832,0.6381508781448197,0.572229292178593,0.5408311854873751,1.0480569836976261,-0.09964908716300286,-0.19008872660014878,1.6420437443642615,-0.2794471595240804,-0.054170540975193755,-0.051330327477504545,-0.31319447891736396,1.0127941662357829,-1.4787750097390981,-0.4660572582903253,-0.1974613116576468,-0.37011959417676976,0.49019214519791476,-0.16675944640924137,0.2675496527003031,-0.24614899595105852,-0.5172187864184847,-0.9601115922464964,-0.9425741163593333,0.4793249701219958,-0.10960705084316354,-0.29736815593115906,0.17059396108339972,-0.5722144778046647,-0.30495059743936076,0.4466777520947007,-0.1294236410306948,-0.3278866891204732
-2.40595260298829,-3.780651800158239,3.228963762794915,-1.2141998178378537,1.4259225922943972,1.0684016303036856,1.6595559687301238,1.8006920315287054,1.3011947338533993,-0.8826687341154369,-0.5774213838193158,-1.578983215952209,0.32223768224634697,2.974366473961168,0.2651075220730609,-4.424506846979448,-1.4349395725101401,0.25095711399669185,6.1714357463389264,-1.1910762617215243,-0.6082454477645138,1.0272038911480967,3.764868843620263,3.3283448070682575,0.13622967475536793,-2.5082832915088358,-2.8467328207973903,-0.8274103079849198,-2.658258635312016,1.560760773966489,-2.09259194953058,0.46978290529661476,-0.09196172159665507,2.158254347532636,-1.617981481123479,0.4036026087233298,-0.10960705084316354,6.45048847783996,0.01651445960393646,1.6975833932878595,0.09923051164558568,-0.6116408902129533,0.2978014174096061,-1.997412715301175,0.02509162754553226
-0.0848041092900643,-0.6685861793757599,-0.4688543450551082,-0.18303381662148152,0.44466827997151176,-0.2535726674905395,-0.7243835588284738,-0.2261956394921225,0.47355121233393654,0.20101980462416538,0.13714312927412148,-0.9754754184865742,-0.35827185424798524,-0.42090649332900276,-0.35817469568616295,-0.3010561377576854,-0.6406230436860201,0.059990234966580604,0.06881627242871981,-1.012163446659692,0.17874560685810753,0.025478435511837948,0.0017712606303078005,0.16820201509639776,-0.6312663426226498,0.9402180214388957,0.31280217817230177,0.12950230490588535,0.2516041156164932,-0.31751325666118185,0.12052610083489156,-0.17024214654540545,0.15389565351392043,0.30452765910247015,0.6103651551752572,0.5832546201831488,-0.29736815593115906,0.01651445960393646,0.1848968563593144,-0.11973975587788255,0.3552449820347839,0.19464602692605573,-0.2803186144428889,0.09653768725839482,0.20381478425082006
-0.5801316388048279,-0.5523486629720156,1.170126906593931,-0.19890021379205253,0.07892967570092667,0.4533185096722173,0.9260170088689832,0.6290256466825468,0.02667786635599624,-0.36886303957764144,-0.24523564717805685,0.23691643693726885,0.3259922765914728,1.070324980191468,0.3108073504988674,-0.9695145301731662,0.050096097891556425,0.026080479705810785,1.5880411394415053,0.3643382607646191,-0.281383215415389,0.25512321025194196,0.9960402570478523,0.7684811256669926,0.46020673768892467,-1.2958615239373557,-0.9639988960340747,-0.3057625116023178,-0.8726998021076022,0.6266149574819226,-0.6353260582953928,0.2386042548787058,-0.12769255020535172,0.36709759615921356,-0.838399976180256,-0.28470809790898616,0.17059396108339972,1.6975833932878595,-0.11973975587788255,0.5304821165101364,-0.212381062151164,-0.2927627045843296,0.26707454301436245,-0.5937732138175974,-0.1302836411922068
-0.1881589295324761,-1.32365757049528,-0.8666203800885862,-0.36414000822476555,0.8689952670466249,-0.4758182693091453,-1.3737995782903614,-0.41562988530184847,0.9230735481214216,0.3768502565450985,0.25742833347881594,-1.889986262028676,-0.6847114144437586,-0.7771241799306493,-0.6851290862230593,-0.6246435299222775,-1.245339640874414,0.11789016977508236,0.19699184490916855,-1.9564007023169212,0.33702486037364826,0.059618729609913185,0.042829691893193154,0.35796962421753487,-1.2110221763040783,1.7794678602512086,0.5708819011331022,0.23987314442764282,0.45519259478044255,-0.5934336135492839,0.209607085921908,-0.32195912453732445,0.294588953164999,0.6074856849070779,1.155243899918076,1.1243426562176622,-0.5722144778046647,0.09923051164558568,0.3552449820347839,-0.212381062151164,0.6833398866849685,0.36743316613020577,-0.5352118572201771,0.16442427782083868,0.3917194956736793
0.14460704689977213,-0.34096776862679984,-0.8126250717795572,-0.07582139211312235,0.3329653328299263,-0.3733815310195963,-0.9307931553240333,-0.4157704037846135,0.375753469105189,0.299487764870643,0.20193468308718726,-0.8814717504338798,-0.41174268864003616,-0.7368629641557211,-0.4060698511685376,0.11192498421378716,-0.5400554578018407,0.03922334973047769,-0.5288039281441024,-0.95825809725625,0.24911107731062845,-0.07317397471375851,-0.36532973394945817,-0.14605367962981589,-0.6834140761134834,1.2427006842002186,0.6096774076973127,0.21809495635673184,0.5262769854948095,-0.48926534192905496,0.33206218072508126,-0.22650095460778985,0.1723264400007838,0.11276207682427733,0.8057006934058688,0.5797432201607196,-0.30495059743936076,-0.6116408902129533,0.19464602692605573,-0.2927627045843296,0.36743316613020577,0.26628089500911045,-0.3265929121826098,0.2972685746312282,0.21391315728370616
0.008520099641564733,0.8273767236932299,0.8745644972971423,0.21752250278174817,-0.6047749838178235,0.4390600046376593,1.1845496616168119,0.43409593788873674,-0.6549277600666301,-0.34985384516458873,-0.23745083917564194,1.4042370871626906,0.5609098585911735,0.7889028023338026,0.5579028463950872,0.2363013906945011,0.9022767704851954,-0.07866192200614948,0.204277270957293,1.47944401713073,-0.3022556411810865,0.0126874815539562,0.1857742487169979,-0.0891559251048066,0.9667130358439491,-1.555232254395664,-0.6181377444357149,-0.2383175168853358,-0.5156324222967983,0.5609301755852861,-0.28802774791685143,0.2823736859029937,-0.2386115157374815,-0.3550173940453481,-1.0090938401233998,-0.8666701718336363,0.4466777520947007,0.2978014174096061,-0.2803186144428889,0.26707454301436245,-0.5352118572201771,-0.3265929121826098,0.44114835657658447,-0.24677494050573617,-0.3086611186062887
0.7018363664064007,0.8084459084172824,-1.2622031282685602,0.2770013916164147,-0.19910940042471767,-0.4717499895320381,-0.9145135762029809,-0.6844514388337776,-0.1443788210576372,0.38507127082148984,0.2549644121592893,-0.045147307268729134,-0.2972090091912748,-1.1566915463071359,-0.27938079105731223,1.2108552551233167,0.0941238846199062,-0.045110294223642954,-1.881996505173248,-0.185972767017255,0.28741368740932727,-0.305475235289388,-1.1701422270946646,-0.9428962639644818,-0.38940174265028976,1.2971656820031752,1.057529206060467,0.32868499901004633,0.9653333279573904,-0.6600774222403023,0.7171677724811095,-0.23977944953324934,0.11322471026401056,-0.5039411615236319,0.8389021346375178,0.1951575511669749,-0.1294236410306948,-1.997412715301175,0.09653768725839482,-0.5937732138175974,0.16442427782083868,0.2972685746312282,-0.24677494050573617,0.6744379159388216,0.10423930891301013
