V1,V2,V3,V4,V5,V6,V7,V8,V9,V10,V11,V12,V13,V14,V15,V16,V17,V18,V19,V20,V21,V22,V23,V24,V25,V26,V27,V28,V29,V30,V31,V32,V33,V34,V35,V36,V37,V38,V39,V40,V41,V42,V43,V44,V45
24031.879080135113,-893.9520153061072,-13863.986611179636,17103.786010720127,-12673.991818773637,17582.893276347248,-14691.398174534495,-5088.94040972017,28736.125008156112,16205.909025822853,8039.6712517746855,-8166.138400307134,16619.159273366437,3825.237158303533,-2011.030802144214,7670.274666873376,24750.506284319665,23467.4455318449,-4723.996112116331,-8904.916822691854,22287.572280540313,-405.35649478723366,11887.453882459644,5293.9570745882,43763.1709248255,12953.547492300546,11442.539743324234,4582.647541805296,-2408.466017774255,-1192.3126124672149,18625.23610867165,-10074.794973933458,-12406.832099647332,-23215.582692811895,-4709.921439634033,-2486.5893664829186,25912.17830794842,18272.97578544149,28594.188399638384,-5345.686862749137,-1349.7239660503126,2941.007139271699,-11624.542804262937,-2497.4945639389384,-3047.1644355137973
-893.9520153061072,33.88570494577388,515.4576906066401,-636.0929470968235,472.20568424252855,-654.2036523473377,546.6961622889531,189.89501072909806,-1069.0077710326689,-602.997879364627,-299.142211856924,304.2036216761971,-618.6454344320983,-142.31347174634575,74.86290602164227,-285.11133225977983,-921.8167050785069,-873.1003449702858,175.84881619218723,331.19642643491267,-829.6104758501745,15.366365012262017,-442.2620151202177,-197.2765717570537,-1628.1467863534579,-481.33146684551144,-425.91566102671237,-170.5316992199591,89.32265611189648,44.957915373299095,-692.6730589749164,374.56414461728315,461.41344423906884,864.4516185283661,175.11770469602448,92.53193207594887,-964.2534170851513,-679.4057734918113,-1064.1453529689254,199.02533442538802,50.345892477973855,-109.28378985043871,432.5296452337299,92.81228011852986,113.25597968983509
-13863.986611179636,515.4576906066401,7998.364827447193,-9867.445042397829,7311.2801998279365,-10143.735311264274,8475.537155969356,2935.825523676605,-16577.90884214236,-9349.396231385354,-4638.154332540998,4710.854577420466,-9587.559824457947,-2206.575531557636,1160.1122219683784,-4425.178723446733,-14278.392999202506,-13538.69889734177,2725.0254538699605,5137.361867529481,-12857.902341855017,233.78838279204672,-6857.796727739905,-3053.9712040151635,-25247.294016438205,-7473.315000129319,-6601.125284417272,-2643.8691231308876,1389.661782796124,687.5920547384994,-10745.223466376285,5812.355260157673,7157.614839449466,13392.666937438758,2717.2813383283087,1434.5886025883415,-14949.050308241467,-10542.027166319804,-16496.154352899317,3083.8190486201793,778.5107942699804,-1696.7605822509363,6706.182815647064,1440.8432099454897,1758.0768177939165
17103.786010720127,-636.0929470968235,-9867.445042397829,12173.556878197454,-9020.006392030933,12514.525463728436,-10456.435637695482,-3622.3628282211916,20451.97597039118,11534.519902349823,5722.1549941387475,-5811.807080226919,11828.30419816027,2722.009123208148,-1431.2186298912034,5459.312035673861,17615.7525667285,16702.948412842416,-3361.566743243315,-6338.00095672128,15863.29681253964,-288.51460777356726,8460.254949720473,3767.8155789543894,31147.723217144277,9219.847153555502,8143.820546293906,3261.9541279658015,-1714.4397003687352,-848.4392160310701,13256.49214014954,-7170.739030241336,-8830.270515028507,-16522.549197314827,-3352.2783422781717,-1769.9757188992915,18442.99451760795,13005.669706712251,20351.644685600535,-3804.4842654821255,-960.3441512881279,2093.3401714804177,-8273.390787236107,-1777.5969781087106,-2169.1259869632217
-12673.991818773637,472.20568424252855,7311.2801998279365,-9020.006392030933,6684.946823858422,-9273.023100552116,7748.174850344947,2684.454810542215,-15154.98937560281,-8546.824925791523,-4240.050472781197,4307.204576889067,-8765.135255249157,-2017.4388386209544,1060.6567728585346,-4044.8820417363086,-13054.25680314658,-12376.383296497777,2491.5628403489463,4696.2058948570175,-11754.610534204072,214.09326344717954,-6269.328091882456,-2792.350389009902,-23080.07331182818,-6830.800362714056,-6034.910918508591,-2416.831503699384,1269.8407053197986,629.5286016976265,-9822.357008488221,5312.986062131618,6543.01096779289,12244.537254891195,2483.8041839241964,1311.3960225950036,-13665.92139601414,-9636.400633110357,-15080.542647509617,2819.4265822594148,712.0112948064548,-1550.887456299817,6130.704510608262,1317.0298431268711,1606.8660000211287
17582.893276347248,-654.2036523473377,-10143.735311264274,12514.525463728436,-9273.023100552116,12865.19011089014,-10749.452266060638,-3724.141503980096,21024.910300032836,11857.71039265476,5882.501723055528,-5974.815643621865,12159.856007860268,2798.244417937521,-1471.34075839959,5612.1485799332495,18109.77377669676,17170.92955287742,-3455.7686712106624,-6515.5239952235015,16307.971705499742,-296.71655509249166,8697.259375161633,3873.532793444851,32020.372673567705,9477.90267694517,8372.077661509145,3353.371358414347,-1762.3569804811796,-872.4862977077023,13627.785733835231,-7371.524716237548,-9077.592394294645,-16985.78415727115,-3446.1469548814393,-1819.5797655386755,18959.814732174968,13369.848764159413,20921.993458806337,-3911.122888570581,-987.2963473825155,2151.943665806343,-8505.199643051277,-1827.3683216101147,-2229.8616805889583
-14691.398174534495,546.6961622889531,8475.537155969356,-10456.435637695482,7748.174850344947,-10749.452266060638,8981.703150896801,3111.704444632644,-17567.35983158954,-9907.693789553396,-4915.082902315005,4992.295734891071,-10160.186573773006,-2338.131813223955,1229.3794458790626,-4689.171531006384,-15131.688081455492,-14347.114680065642,2887.5162971311865,5444.030215166558,-13626.080551007393,247.96318261204604,-7267.02234947466,-3236.566693710866,-26754.563881210946,-7919.145453570389,-6995.3087681868155,-2801.895279765901,1472.4704369529463,729.0855056012952,-11386.620600648093,6159.225629019934,7584.731260695421,14192.579146973467,2879.3868547227753,1520.3442592775102,-15841.836829700787,-11171.10157653261,-17481.361011306857,3267.985246707463,824.9748370535649,-1798.0163546893793,7106.530173573064,1526.8225997531429,1863.1287907172687
-5088.94040972017,189.89501072909806,2935.825523676605,-3622.3628282211916,2684.454810542215,-3724.141503980096,3111.704444632644,1078.9356416083763,-6085.325289514794,-3432.622140981358,-1702.8107396934179,1729.6103160002588,-3520.062471185831,-809.5009039690908,425.83967434605444,-1624.310840000484,-5243.093327577585,-4970.643865035565,999.842400319917,1885.933292484079,-4721.354430798438,86.20590551224576,-2517.125527899573,-1121.507478776771,-9268.56438533498,-2743.141964567814,-2423.408549489011,-970.9903783726376,510.0546417451338,253.04982704270827,-3944.6435876227247,2133.6064485383167,2627.3273243884214,4916.80826680076,997.46391990692,526.8778463799938,-5488.715429727041,-3869.729436857811,-6056.585994160591,1132.0621295072888,285.6689442185382,-622.8529577727141,2461.793923110879,528.8541006643048,645.6297181893937
28736.125008156112,-1069.0077710326689,-16577.90884214236,20451.97597039118,-15154.98937560281,21024.910300032836,-17567.35983158954,-6085.325289514794,34361.27755768811,19378.395655048553,9613.513435212943,-9764.70459256471,19872.500805683903,4573.911532288304,-2404.683156563708,9171.776027778253,29595.72975683698,28061.453388766076,-5648.613643528124,-10648.108541977403,26650.695181451007,-484.7589762328426,14214.399460840754,6330.310734476885,52330.09735018681,15489.28107831641,13682.473092481989,5479.809097052045,-2879.9632207479285,-1425.7691765205973,22271.273114257085,-12046.993645256212,-14835.510310195712,-27760.109545849635,-5631.933377591763,-2973.3976184086723,30984.804992675636,21850.009580946593,34191.78312489682,-6392.099053310212,-1613.8921153640663,3516.7333261403905,-13900.081825866691,-2986.381438995582,-3643.7197092333377
16205.909025822853,-602.997879364627,-9349.396231385354,11534.519902349823,-8546.824925791523,11857.71039265476,-9907.693789553396,-3432.622140981358,19378.395655048553,10929.295714205235,5421.8118772803045,-5506.883096790656,11207.663255465168,2579.0165095120665,-1356.064089483028,5172.664191352843,16691.695324772594,15826.440017082417,-3185.033528884606,-6005.32699723935,15031.016800953983,-273.5688249286054,8016.148077338942,3570.201790639437,29512.937654013047,8735.687707556577,7716.446825773304,3090.8604490465627,-1624.3671935250916,-804.1971475812921,12560.64562762852,-6794.261500746965,-8366.676037077365,-15655.540766418166,-3176.302145116904,-1677.1412279295685,17475.30493425081,12322.912269527802,19283.725960551383,-3604.8354887795094,-909.9543927278831,1983.3846249507812,-7839.142016411084,-1684.185810004837,-2055.2823049006506
8039.6712517746855,-299.142211856924,-4638.154332540998,5722.1549941387475,-4240.050472781197,5882.501723055528,-4915.082902315005,-1702.8107396934179,9613.513435212943,5421.8118772803045,2689.7438840277305,-2731.973158465365,5560.006524520328,1279.508826391758,-672.7739039675383,2566.1137178413637,8280.543270734155,7851.232483295823,-1580.1870898608383,-2979.154115252166,7456.653924987773,-135.6667206044782,3976.7888608596377,1771.1393879012785,14641.05769485109,4333.665872584147,3828.0852862303486,1533.261247602452,-805.8096167754198,-398.9447945139963,6231.172635082777,-3370.5563112069394,-4150.681249260299,-7766.675678463663,-1575.7349217218134,-831.9626691130374,8669.179018969427,6113.238484598565,9566.385371543396,-1788.3371995571022,-451.4576426982463,983.953444899276,-3888.946665232562,-835.5539988747257,-1019.543886312746
-8166.138400307134,304.2036216761971,4710.854577420466,-5811.807080226919,4307.204576889067,-5974.815643621865,4992.295734891071,1729.6103160002588,-9764.70459256471,-5506.883096790656,-2731.973158465365,2775.210810955047,-5647.54221105438,-1299.8780879303345,683.4089530819991,-2606.2345685248124,-8411.058456399669,-7974.359280062133,1605.3814871019208,3025.864113813592,-7573.716533674366,137.9151611289332,-4039.470881418916,-1799.1419943772553,-14870.992361042303,-4401.277131081786,-3888.4135909611928,-1557.1950017129975,818.213040722821,405.569028088933,-6328.7736082509655,3423.287658215539,4215.836476221805,7889.374169496684,1600.3922005880295,844.9462637723034,-8805.215853599537,-6208.969607833348,-9716.679922268815,1816.5968782351706,458.7581703865995,-999.2853723625692,3950.1413950509386,848.6074502025821,1035.3287757985809
16619.159273366437,-618.6454344320983,-9587.559824457947,11828.30419816027,-8765.135255249157,12159.856007860268,-10160.186573773006,-3520.062471185831,19872.500805683903,11207.663255465168,5560.006524520328,-5647.54221105438,11493.453150603953,2645.0439255948663,-1390.7192189098776,5304.348151577291,17117.407454101263,16229.530800826515,-3266.619193002684,-6158.288739247194,15413.961021332374,-280.57437891482226,8220.669896448935,3661.3354173221796,30265.04944740409,8957.951430823206,7913.296223511686,3169.4371245442926,-1665.5466743503146,-824.9607130662155,12880.510549964967,-6967.245900979744,-8579.929722933528,-16055.201749845532,-3257.1730446297142,-1719.7720871870072,17920.424632122656,12636.709007376872,19775.135985484216,-3696.8522751622795,-933.3460032035963,2033.8566946597673,-8039.041573303116,-1727.1033546927863,-2107.4298958571244
3825.237158303533,-142.31347174634575,-2206.575531557636,2722.009123208148,-2017.4388386209544,2798.244417937521,-2338.131813223955,-809.5009039690908,4573.911532288304,2579.0165095120665,1279.508826391758,-1299.8780879303345,2645.0439255948663,609.2682372709023,-320.1533327958772,1220.7012019076228,3939.008753291525,3734.6109544275637,-752.3799959553608,-1417.2117109359287,3546.6972003536125,-64.45419902942423,1892.307510411753,842.5708677978745,6965.105301003399,2061.4052618595124,1821.280467291358,729.0660991210192,-383.14329219216415,-189.80542638447398,2964.0976857955325,-1603.3609568349489,-1974.7059786601985,-3695.398526989282,-749.5567581169911,-395.5921633521153,4123.621058384837,2908.1384802088905,4550.669180614307,-850.9624453290485,-215.0407291673439,468.0011108611825,-1850.2513649498924,-397.4846227031114,-484.7007758064981
-2011.030802144214,74.86290602164227,1160.1122219683784,-1431.2186298912034,1060.6567728585346,-1471.34075839959,1229.3794458790626,425.83967434605444,-2404.683156563708,-1356.064089483028,-672.7739039675383,683.4089530819991,-1390.7192189098776,-320.1533327958772,168.3104684524844,-641.8262411774535,-2071.189535085226,-1963.698620033684,395.37951494167294,745.1428026377697,-1865.0094978286836,33.924716018158826,-994.7782758525664,-443.02860217796604,-3662.0967339824397,-1083.8857396707847,-957.5472544162739,-383.4378540539328,201.49580532929915,99.82349960354682,-1558.517148916712,843.0335792360743,1038.2121678090352,1942.8164997763888,394.1115198365068,208.0551687887256,-2168.2713987231036,-1529.0287449706016,-2392.7516673121913,447.3586974265026,112.97916917333751,-246.09702440829395,972.7649293077226,209.00227373711658,254.94804276795492
7670.274666873376,-285.11133225977983,-4425.178723446733,5459.312035673861,-4044.8820417363086,5612.1485799332495,-4689.171531006384,-1624.310840000484,9171.776027778253,5172.664191352843,2566.1137178413637,-2606.2345685248124,5304.348151577291,1220.7012019076228,-641.8262411774535,2448.319626938705,7899.564319396001,7490.465006103792,-1507.4992265487072,-2842.3049415774576,7113.807784382585,-129.34004140164416,3794.0417142863134,1689.5941758260435,13968.283926477907,4134.784831181976,3652.064887379896,1462.8065490866854,-768.9019173505071,-380.33827986840555,5944.96674287945,-3215.79734976034,-3960.003370340296,-7409.40730466311,-1503.3851439278294,-793.7331723575566,8270.751487141997,5832.528306708746,9126.65170342704,-1706.1085834627577,-430.64610641299714,938.780955885798,-3710.213893484292,-797.1794424203761,-972.7541829980868
24750.506284319665,-921.8167050785069,-14278.392999202506,17615.7525667285,-13054.25680314658,18109.77377669676,-15131.688081455492,-5243.093327577585,29595.72975683698,16691.695324772594,8280.543270734155,-8411.058456399669,17117.407454101263,3939.008753291525,-2071.189535085226,7899.564319396001,25493.785944587158,24170.771026199527,-4864.7264707878485,-9171.47242443537,22956.57299594817,-418.0916707346603,12242.791986467382,5453.080304604768,45073.6140427929,13340.717933550699,11785.323516064998,4720.432541415808,-2480.365389660475,-1229.0614322872223,19182.808068954277,-10376.151979786859,-12777.859792901501,-23911.254853796683,-4850.805989088583,-2561.365869979971,26689.199920256764,18819.515865648667,29451.42966096618,-5505.732531909016,-1389.995818464931,3028.9739665097413,-11972.474458294619,-2572.1170213891596,-3138.6821664904683
23467.4455318449,-873.1003449702858,-13538.69889734177,16702.948412842416,-12376.383296497777,17170.92955287742,-14347.114680065642,-4970.643865035565,28061.453388766076,15826.440017082417,7851.232483295823,-7974.359280062133,16229.530800826515,3734.6109544275637,-1963.698620033684,7490.465006103792,24170.771026199527,22917.916489773987,-4612.161926659402,-8696.197060588685,21766.068845363818,-396.0803503073115,11607.993636860572,5169.898386817981,42737.062081313794,12650.070448099037,11173.998831228693,4475.80072649892,-2352.259616426905,-1164.4521115421426,18188.848942357225,-9838.673002694977,-12115.648159498634,-22670.367808312047,-4599.54694031608,-2428.627100215265,25305.559984988857,17844.59712128074,27924.30778051536,-5220.053856201836,-1317.657242192373,2872.143532743426,-11351.688104107743,-2438.885794394473,-2976.2386797674603
-4723.996112116331,175.84881619218723,2725.0254538699605,-3361.566743243315,2491.5628403489463,-3455.7686712106624,2887.5162971311865,999.842400319917,-5648.613643528124,-3185.033528884606,-1580.1870898608383,1605.3814871019208,-3266.619193002684,-752.3799959553608,395.37951494167294,-1507.4992265487072,-4864.7264707878485,-4612.161926659402,929.1874747127933,1750.1876267124903,-4380.165870388964,79.63135446294459,-2336.9367880705845,-1040.591319236689,-8601.690383064102,-2545.6881352363325,-2249.2674139164938,-900.3690597094444,473.15939999922585,234.4960579334867,-3660.5270640017416,1980.0426511338314,2438.70283919515,4563.795576037361,925.6931738518746,488.53820896850726,-5092.612484092398,-3591.397739789564,-5619.991433263883,1050.889181924678,265.5867004123491,-577.950776131013,2284.996973814531,490.86273252109885,598.5483366848518
-8904.916822691854,331.19642643491267,5137.361867529481,-6338.00095672128,4696.2058948570175,-6515.5239952235015,5444.030215166558,1885.933292484079,-10648.108541977403,-6005.32699723935,-2979.154115252166,3025.864113813592,-6158.288739247194,-1417.2117109359287,745.1428026377697,-2842.3049415774576,-9171.47242443537,-8696.197060588685,1750.1876267124903,3299.8130416686986,-8259.030787382111,150.2215751028287,-4404.759087279067,-1961.68689055329,-16216.70996302822,-4800.175773277117,-4240.003350222935,-1698.2965167047018,892.5839761951859,441.75842154638474,-6901.820967257434,3733.3456702292574,4597.366942290565,8602.326209215018,1745.3082343990457,921.5182323234592,-9602.139934731611,-6771.2412393627565,-10595.864433108707,1980.7781203756228,500.01107158881194,-1089.8576312238251,4307.457946353123,925.4682009429486,1129.318033462087
22287.572280540313,-829.6104758501745,-12857.902341855017,15863.29681253964,-11754.610534204072,16307.971705499742,-13626.080551007393,-4721.354430798438,26650.695181451007,15031.016800953983,7456.653924987773,-7573.716533674366,15413.961021332374,3546.6972003536125,-1865.0094978286836,7113.807784382585,22956.57299594817,21766.068845363818,-4380.165870388964,-8259.030787382111,20672.50651049631,-376.34130584679406,11024.336262260289,4910.258760865664,40588.85776391549,12013.940311740575,10612.415346142281,4250.965063224826,-2233.917014166335,-1106.295288887489,17274.499006208847,-9344.009399498325,-11506.513671755225,-21531.12753072631,-4368.278588149837,-2306.6314745637155,24033.837573667483,16947.376438856216,26520.992290613343,-4957.679838729268,-1251.4037342280187,2727.7561085836724,-10781.063790087961,-2316.2798438255563,-2826.7000200911016
-405.35649478723366,15.366365012262017,233.78838279204672,-288.51460777356726,214.09326344717954,-296.71655509249166,247.96318261204604,86.20590551224576,-484.7589762328426,-273.5688249286054,-135.6667206044782,137.9151611289332,-280.57437891482226,-64.45419902942423,33.924716018158826,-129.34004140164416,-418.0916707346603,-396.0803503073115,79.63135446294459,150.2215751028287,-376.34130584679406,7.038933304446983,-200.52721713574343,-89.45339240452338,-738.4603905868777,-218.32384031813143,-193.12588418078084,-77.41389908013656,40.52933108046093,20.382846104250408,-314.2105672428096,169.9078821298304,209.22908402786604,391.9369390695959,79.45262756520417,42.004863083564985,-437.46188922416815,-308.18011638584596,-482.6936983634582,90.26294775857511,22.790045293449154,-49.54868404632643,196.14327607090806,42.05491949552686,51.41824804147707
11887.453882459644,-442.2620151202177,-6857.796727739905,8460.254949720473,-6269.328091882456,8697.259375161633,-7267.02234947466,-2517.125527899573,14214.399460840754,8016.148077338942,3976.7888608596377,-4039.470881418916,8220.669896448935,1892.307510411753,-994.7782758525664,3794.0417142863134,12242.791986467382,11607.993636860572,-2336.9367880705845,-4404.759087279067,11024.336262260289,-200.52721713574343,5880.25037948355,2618.663165728793,21647.329339183285,6407.286894295274,5660.096829794668,2266.680049447629,-1191.2561167480346,-589.8469276463234,9212.81704308791,-4983.396797050524,-6137.0335459253365,-11483.778051350007,-2329.7428017253264,-1229.9181853751802,12817.27184734347,9038.610385043421,14143.974172811199,-2644.2970469491424,-667.7424700507122,1454.7044022881505,-5750.104846046913,-1235.3438708917631,-1507.1328389606933
5293.9570745882,-197.2765717570537,-3053.9712040151635,3767.8155789543894,-2792.350389009902,3873.532793444851,-3236.566693710866,-1121.507478776771,6330.310734476885,3570.201790639437,1771.1393879012785,-1799.1419943772553,3661.3354173221796,842.5708677978745,-443.02860217796604,1689.5941758260435,5453.080304604768,5169.898386817981,-1040.591319236689,-1961.68689055329,4910.258760865664,-89.45339240452338,2618.663165728793,1166.4354741319676,9640.873403170057,2853.3600011527906,2520.837180564436,1009.6449642607116,-530.4681497172743,-262.99425473626644,4102.983175351175,-2219.3221485930653,-2733.0603822271582,-5114.606321911522,-1037.5109900417879,-547.8468982038864,5708.589266024638,4025.258133170062,6299.458106137829,-1177.6689874589806,-297.3506170611261,647.8524813899468,-2560.8391024982325,-550.1473109892436,-671.3029623164292
43763.1709248255,-1628.1467863534579,-25247.294016438205,31147.723217144277,-23080.07331182818,32020.372673567705,-26754.563881210946,-9268.56438533498,52330.09735018681,29512.937654013047,14641.05769485109,-14870.992361042303,30265.04944740409,6965.105301003399,-3662.0967339824397,13968.283926477907,45073.6140427929,42737.062081313794,-8601.690383064102,-16216.70996302822,40588.85776391549,-738.4603905868777,21647.329339183285,9640.873403170057,79696.66305687364,23589.77709813849,20837.643466557623,8346.049702812501,-4386.282474066512,-2171.463728010792,33918.54522658475,-18347.199212336076,-22593.647091311337,-42276.80307798559,-8577.247791332444,-4528.660612862323,47189.39965142553,33276.751206283785,52073.20440248699,-9734.683574105875,-2457.5290789669557,5355.935709600264,-21169.027492907382,-4548.11729016092,-5549.705976153849
12953.547492300546,-481.33146684551144,-7473.315000129319,9219.847153555502,-6830.800362714056,9477.90267694517,-7919.145453570389,-2743.141964567814,15489.28107831641,8735.687707556577,4333.665872584147,-4401.277131081786,8957.951430823206,2061.4052618595124,-1083.8857396707847,4134.784831181976,13340.717933550699,12650.070448099037,-2545.6881352363325,-4800.175773277117,12013.940311740575,-218.32384031813143,6407.286894295274,2853.3600011527906,23589.77709813849,6983.105465701756,6167.565351158309,2470.4949140576914,-1298.6602100234247,-642.172358679014,10040.035928086572,-5430.957006702261,-6687.699157526902,-12512.771650431629,-2538.922041975202,-1340.5236429620227,13967.782725042967,9850.150933678815,15413.19399108558,-2881.1921835840453,-727.1753840470204,1585.5064345591852,-6265.793755223422,-1346.3427975627392,-1642.9380431156585
11442.539743324234,-425.91566102671237,-6601.125284417272,8143.820546293906,-6034.910918508591,8372.077661509145,-6995.3087681868155,-2423.408549489011,13682.473092481989,7716.446825773304,3828.0852862303486,-3888.4135909611928,7913.296223511686,1821.280467291358,-957.5472544162739,3652.064887379896,11785.323516064998,11173.998831228693,-2249.2674139164938,-4240.003350222935,10612.415346142281,-193.12588418078084,5660.096829794668,2520.837180564436,20837.643466557623,6167.565351158309,5448.390251917661,2182.070149115772,-1146.7014199045627,-567.9688463949349,8868.245800877934,-4796.967118620462,-5907.38100692897,-11054.234840854488,-2242.5705923437163,-1184.013643515655,12338.144498900265,8700.43103813658,13615.187676721827,-2545.341495574876,-642.6833444527929,1400.310834866857,-5534.970464163717,-1189.1337975560493,-1450.888058604169
4582.647541805296,-170.5316992199591,-2643.8691231308876,3261.9541279658015,-2416.831503699384,3353.371358414347,-2801.895279765901,-970.9903783726376,5479.809097052045,3090.8604490465627,1533.261247602452,-1557.1950017129975,3169.4371245442926,729.0660991210192,-383.4378540539328,1462.8065490866854,4720.432541415808,4475.80072649892,-900.3690597094444,-1698.2965167047018,4250.965063224826,-77.41389908013656,2266.680049447629,1009.6449642607116,8346.049702812501,2470.4949140576914,2182.070149115772,874.2620991673273,-459.43685996028427,-227.4248755107392,3552.1722316518762,-1921.4246551324238,-2365.948098534277,-4426.997186928542,-898.2357487621,-474.39241379398203,4942.142428102196,3484.864739416069,5453.460199565627,-1019.3471349150913,-257.1931875589583,560.9298233510508,-2216.770457239031,-476.2808366792778,-581.4034302808863
-2408.466017774255,89.32265611189648,1389.661782796124,-1714.4397003687352,1269.8407053197986,-1762.3569804811796,1472.4704369529463,510.0546417451338,-2879.9632207479285,-1624.3671935250916,-805.8096167754198,818.213040722821,-1665.5466743503146,-383.14329219216415,201.49580532929915,-768.9019173505071,-2480.365389660475,-2352.259616426905,473.15939999922585,892.5839761951859,-2233.917014166335,40.52933108046093,-1191.2561167480346,-530.4681497172743,-4386.282474066512,-1298.6602100234247,-1146.7014199045627,-459.43685996028427,241.61166105044143,119.23843619185938,-1866.9660364258473,1009.9164277268669,1243.5301734801399,2326.2623737611475,472.13394367354454,249.29842369925683,-2597.2466189191096,-1831.6712145692886,-2865.912130078247,535.6212802516209,135.1075669319983,-294.86929487208647,1164.9963158229687,250.36741591198236,305.5920955879363
-1192.3126124672149,44.957915373299095,687.5920547384994,-848.4392160310701,629.5286016976265,-872.4862977077023,729.0855056012952,253.04982704270827,-1425.7691765205973,-804.1971475812921,-398.9447945139963,405.569028088933,-824.9607130662155,-189.80542638447398,99.82349960354682,-380.33827986840555,-1229.0614322872223,-1164.4521115421426,234.4960579334867,441.75842154638474,-1106.295288887489,20.382846104250408,-589.8469276463234,-262.99425473626644,-2171.463728010792,-642.172358679014,-567.9688463949349,-227.4248755107392,119.23843619185938,59.742531905683826,-923.9102129386657,499.64433385754705,615.447449104624,1152.643219612973,233.5898542517583,123.40343000885548,-1285.9482729480546,-906.2809858414412,-1419.1306072185819,265.3809632566408,67.09957273948538,-145.80054450165554,576.8449732885703,123.8177722640298,151.08873808241927
18625.23610867165,-692.6730589749164,-10745.223466376285,13256.49214014954,-9822.357008488221,13627.785733835231,-11386.620600648093,-3944.6435876227247,22271.273114257085,12560.64562762852,6231.172635082777,-6328.7736082509655,12880.510549964967,2964.0976857955325,-1558.517148916712,5944.96674287945,19182.808068954277,18188.848942357225,-3660.5270640017416,-6901.820967257434,17274.499006208847,-314.2105672428096,9212.81704308791,4102.983175351175,33918.54522658475,10040.035928086572,8868.245800877934,3552.1722316518762,-1866.9660364258473,-923.9102129386657,14435.78105287462,-7808.64069003617,-9615.7598298772209,-17992.269497831345,-3650.4962977680298,-1927.452414229746,20083.704338747488,14162.639170975493,22162.10338109495,-4142.912517473644,-1045.746361361067,2279.552607013406,-9009.350315537686,-1935.7073727409627,-2362.1201675572834
-10074.794973933458,374.56414461728315,5812.355260157673,-7170.739030241336,5312.986062131618,-7371.524716237548,6159.225629019934,2133.6064485383167,-12046.993645256212,-6794.261500746965,-3370.5563112069394,3423.287658215539,-6967.245900979744,-1603.3609568349489,843.0335792360743,-3215.79734976034,-10376.151979786859,-9838.673002694977,1980.0426511338314,3733.3456702292574,-9344.009399498325,169.9078821298304,-4983.396797050524,-2219.3221485930653,-18347.199212336076,-5430.957006702261,-4796.967118620462,-1921.4246551324238,1009.9164277268669,499.64433385754705,-7808.64069003617,4223.902979209815,5201.382837237431,9732.250002913737,1974.6378918760931,1042.5888129813507,-10863.593593257456,-7660.919427777955,-11987.838428663374,2240.972369181958,565.6438594144538,-1233.0812173571492,4873.330824465496,1047.0913094423536,1277.7397086852034
-12406.832099647332,461.41344423906884,7157.614839449466,-8830.270515028507,6543.01096779289,-9077.592394294645,7584.731260695421,2627.3273243884214,-14835.510310195712,-8366.676037077365,-4150.681249260299,4215.836476221805,-8579.929722933528,-1974.7059786601985,1038.2121678090352,-3960.003370340296,-12777.859792901501,-12115.648159498634,2438.70283919515,4597.366942290565,-11506.513671755225,209.22908402786604,-6137.0335459253365,-2733.0603822271582,-22593.647091311337,-6687.699157526902,-5907.38100692897,-2365.948098534277,1243.5301734801399,615.447449104624,-9615.7598298772209,5201.382837237431,6405.30572031112,11985.261502840789,2431.6405964708424,1283.7859118253116,-13377.777707844993,-9433.887042012866,-14762.349705928289,2759.7266969773264,696.7353389325117,-1518.4111635012841,6001.354511257945,1289.4174775737313,1573.2440162016997
-23215.582692811895,864.4516185283661,13392.666937438758,-16522.549197314827,12244.537254891195,-16985.78415727115,14192.579146973467,4916.80826680076,-27760.109545849635,-15655.540766418166,-7766.675678463663,7889.374169496684,-16055.201749845532,-3695.398526989282,1942.8164997763888,-7409.40730466311,-23911.254853796683,-22670.367808312047,4563.795576037361,8602.326209215018,-21531.12753072631,391.9369390695959,-11483.778051350007,-5114.606321911522,-42276.80307798559,-12512.771650431629,-11054.234840854488,-4426.997186928542,2326.2623737611475,1152.643219612973,-17992.269497831345,9732.250002913737,11985.261502840789,22428.229220964327,4549.794912450052,2402.130068665973,-25032.313690157964,-17651.76436207945,-27623.438316738233,5164.339240335833,1304.1007857162226,-2840.9454843829426,11229.831077874416,2412.5538786845295,2943.4705852851193
-4709.921439634033,175.11770469602448,2717.2813383283087,-3352.2783422781717,2483.8041839241964,-3446.1469548814393,2879.3868547227753,997.46391990692,-5631.933377591763,-3176.302145116904,-1575.7349217218134,1600.3922005880295,-3257.1730446297142,-749.5567581169911,394.1115198365068,-1503.3851439278294,-4850.805989088583,-4599.54694031608,925.6931738518746,1745.3082343990457,-4368.278588149837,79.45262756520417,-2329.7428017253264,-1037.5109900417879,-8577.247791332444,-2538.922041975202,-2242.5705923437163,-898.2357487621,472.13394367354454,233.5898542517583,-3650.4962977680298,1974.6378918760931,2431.6405964708424,4549.794912450052,923.1681079202571,487.38925435972226,-5078.704636997158,-3581.4479743375623,-5604.256031690495,1047.6372824732234,264.4499895345183,-576.4418853848355,2278.2601686926,489.48766325983445,597.2966132341761
-2486.5893664829186,92.53193207594887,1434.5886025883415,-1769.9757188992915,1311.3960225950036,-1819.5797655386755,1520.3442592775102,526.8778463799938,-2973.3976184086723,-1677.1412279295685,-831.9626691130374,844.9462637723034,-1719.7720871870072,-395.5921633521153,208.0551687887256,-793.7331723575566,-2561.365869979971,-2428.627100215265,488.53820896850726,921.5182323234592,-2306.6314745637155,42.004863083564985,-1229.9181853751802,-547.8468982038864,-4528.660612862323,-1340.5236429620227,-1184.013643515655,-474.39241379398203,249.29842369925683,123.40343000885548,-1927.452414229746,1042.5888129813507,1283.7859118253116,2402.130068665973,487.38925435972226,257.4160508886376,-2681.6706145970516,-1890.9282888202458,-2959.1164484755714,553.1068212656204,139.55142852488447,-304.3688019674753,1202.8424953003112,258.436325281085,315.484787564973
25912.17830794842,-964.2534170851513,-14949.050308241467,18442.99451760795,-13665.92139601414,18959.814732174968,-15841.836829700787,-5488.715429727041,30984.804992675636,17475.30493425081,8669.179018969427,-8805.215853599537,17920.424632122656,4123.621058384837,-2168.2713987231036,8270.751487141997,26689.199920256764,25305.559984988857,-5092.612484092398,-9602.139934731611,24033.837573667483,-437.46188922416815,12817.27184734347,5708.589266024638,47189.39965142553,13967.782725042967,12338.144498900265,4942.142428102196,-2597.2466189191096,-1285.9482729480546,20083.704338747488,-10863.593593257456,-13377.777707844993,-25032.313690157964,-5078.704636997158,-2681.6706145970516,27942.03043049613,19703.529822884386,30833.592230217368,-5763.909490504816,-1454.9442469277717,3171.316615525924,-12534.300342735241,-2692.9174427407534,-3286.299535399743
18272.97578544149,-679.4057734918113,-10542.027166319804,13005.669706712251,-9636.400633110357,13369.848764159413,-11171.10157653261,-3869.729436857811,21850.009580946593,12322.912269527802,6113.238484598565,-6208.969607833348,12636.709007376872,2908.1384802088905,-1529.0287449706016,5832.528306708746,18819.515865648667,17844.59712128074,-3591.397739789564,-6771.2412393627565,16947.376438856216,-308.18011638584596,9038.610385043421,4025.258133170062,33276.751206283785,9850.150933678815,8700.43103813658,3484.864739416069,-1831.6712145692886,-906.2809858414412,14162.639170975493,-7660.919427777955,-9433.887042012866,-17651.76436207945,-3581.4479743375623,-1890.9282888202458,19703.529822884386,13894.752174299296,21742.60498728986,-4064.524063804323,-1025.994613030897,2236.4210515261248,-8838.904394104544,-1899.0863853068727,-2317.3620413106214
28594.188399638384,-1064.1453529689254,-16496.154352899317,20351.644685600535,-15080.542647509617,20921.993458806337,-17481.361011306857,-6056.585994160591,34191.78312489682,19283.725960551383,9566.385371543396,-9716.679922268815,19775.135985484216,4550.669180614307,-2392.7516673121913,9126.65170342704,29451.42966096618,27924.30778051536,-5619.991433263883,-10595.864433108707,26520.992290613343,-482.6936983634582,14143.974172811199,6299.458106137829,52073.20440248699,15413.19399108558,13615.187676721827,5453.460199565627,-2865.912130078247,-1419.1306072185819,22162.10338109495,-11987.838428663374,-14762.349705928289,-27623.438316738233,-5604.256031690495,-2959.1164484755714,30833.592230217368,21742.60498728986,34024.586769250964,-6360.550788703735,-1605.662385834171,3499.502525641689,-13831.623829666296,-2971.6511612258746,-3626.261764930802
-5345.686862749137,199.02533442538802,3083.8190486201793,-3804.4842654821255,2819.4265822594148,-3911.122888570581,3267.985246707463,1132.0621295072888,-6392.099053310212,-3604.8354887795094,-1788.3371995571022,1816.5968782351706,-3696.8522751622795,-850.9624453290485,447.3586974265026,-1706.1085834627577,-5505.732531909016,-5220.053856201836,1050.889181924678,1980.7781203756228,-4957.679838729268,90.26294775857511,-2644.2970469491424,-1177.6689874589806,-9734.683574105875,-2881.1921835840453,-2545.341495574876,-1019.3471349150913,535.6212802516209,265.3809632566408,-4142.912517473644,2240.972369181958,2759.7266969773264,5164.339240335833,1047.6372824732234,553.1068212656204,-5763.909490504816,-4064.524063804323,-6360.550788703735,1189.186113559276,300.2957831498501,-654.1415760757692,2585.802915137602,555.504620188797,677.757991694647
-1349.7239660503126,50.345892477973855,778.5107942699804,-960.3441512881279,712.0112948064548,-987.2963473825155,824.9748370535649,285.6689442185382,-1613.8921153640663,-909.9543927278831,-451.4576426982463,458.7581703865995,-933.3460032035963,-215.0407291673439,112.97916917333751,-430.64610641299714,-1389.995818464931,-1317.657242192373,265.5867004123491,500.01107158881194,-1251.4037342280187,22.790045293449154,-667.7424700507122,-297.3506170611261,-2457.5290789669557,-727.1753840470204,-642.6833444527929,-257.1931875589583,135.1075669319983,67.09957273948538,-1045.746361361067,565.6438594144538,696.7353389325117,1304.1007857162226,264.4499895345183,139.55142852488447,-1454.9442469277717,-1025.994613030897,-1605.662385834171,300.2957831498501,75.9435219840121,-165.08167165945147,652.866376804762,140.21482438872368,170.9359806719894
2941.007139271699,-109.28378985043871,-1696.7605822509363,2093.3401714804177,-1550.887456299817,2151.943665806343,-1798.0163546893793,-622.8529577727141,3516.7333261403905,1983.3846249507812,983.953444899276,-999.2853723625692,2033.8566946597673,468.0011108611825,-246.09702440829395,938.780955885798,3028.9739665097413,2872.143532743426,-577.950776131013,-1089.8576312238251,2727.7561085836724,-49.54868404632643,1454.7044022881505,647.8524813899468,5355.935709600264,1585.5064345591852,1400.310834866857,560.9298233510508,-294.86929487208647,-145.80054450165554,2279.552607013406,-1233.0812173571492,-1518.4111635012841,-2840.9454843829426,-576.4418853848355,-304.3688019674753,3171.316615525924,2236.4210515261248,3499.502525641689,-654.1415760757692,-165.08167165945147,360.0062641828646,-1422.6078977829754,-305.7079539425453,-373.0485140059551
-11624.542804262937,432.5296452337299,6706.182815647064,-8273.390787236107,6130.704510608262,-8505.199643051277,7106.530173573064,2461.793923110879,-13900.081825866691,-7839.142016411084,-3888.946665232562,3950.1413950509386,-8039.041573303116,-1850.2513649498924,972.7649293077226,-3710.213893484292,-11972.474458294619,-11351.688104107743,2284.996973814531,4307.457946353123,-10781.063790087961,196.14327607090806,-5750.104846046913,-2560.8391024982325,-21169.027492907382,-6265.793755223422,-5534.970464163717,-2216.770457239031,1164.9963158229687,576.8449732885703,-9009.350315537686,4873.330824465496,6001.354511257945,11229.831077874416,2278.2601686926,1202.8424953003112,-12534.300342735241,-8838.904394104544,-13831.623829666296,2585.802915137602,652.866376804762,-1422.6078977829754,5622.9813032316915,1208.0660255325952,1474.0014734887693
-2497.4945639389384,92.81228011852986,1440.8432099454897,-1777.5969781087106,1317.0298431268711,-1827.3683216101147,1526.8225997531429,528.8541006643048,-2986.381438995582,-1684.185810004837,-835.5539988747257,848.6074502025821,-1727.1033546927863,-397.4846227031114,209.00227373711658,-797.1794424203761,-2572.1170213891596,-2438.885794394473,490.86273252109885,925.4682009429486,-2316.2798438255563,42.05491949552686,-1235.3438708917631,-550.1473109892436,-4548.11729016092,-1346.3427975627392,-1189.1337975560493,-476.2808366792778,250.36741591198236,123.8177722640298,-1935.7073727409627,1047.0913094423536,1289.4174775737313,2412.5538786845295,489.48766325983445,258.436325281085,-2692.9174427407534,-1899.0863853068727,-2971.6511612258746,555.504620188797,140.21482438872368,-305.7079539425453,1208.0660255325952,259.61760715624484,316.7473825142607
-3047.1644355137973,113.25597968983509,1758.0768177939165,-2169.1259869632217,1606.8660000211287,-2229.8616805889583,1863.1287907172687,645.6297181893937,-3643.7197092333377,-2055.2823049006506,-1019.543886312746,1035.3287757985809,-2107.4298958571244,-484.7007758064981,254.94804276795492,-972.7541829980868,-3138.6821664904683,-2976.2386797674603,598.5483366848518,1129.318033462087,-2826.7000200911016,51.41824804147707,-1507.1328389606933,-671.3029623164292,-5549.705976153849,-1642.9380431156585,-1450.888058604169,-581.4034302808863,305.5920955879363,151.08873808241927,-2362.1201675572834,1277.7397086852034,1573.2440162016997,2943.4705852851193,597.2966132341761,315.484787564973,-3286.299535399743,-2317.3620413106214,-3626.261764930802,677.757991694647,170.9359806719894,-373.0485140059551,1474.0014734887693,316.7473825142607,386.7110052051683
