V1,V2,V3,V4,V5,V6,V7,V8,V9,V10,V11,V12,V13,V14,V15,V16,V17,V18,V19,V20,V21,V22,V23,V24,V25,V26,V27,V28,V29,V30,V31,V32,V33,V34,V35,V36,V37,V38,V39,V40,V41,V42,V43
0.3621373459753768,0.2807004290568953,-0.6855288669589658,0.5204368599339682,0.5911226602866615,-0.4697243210495023,0.24421998921370916,-0.3560554727958895,-0.7472394038903627,0.5467202098532843,0.7191823790375742,-0.36732445706975586,-0.12772767941109286,-0.5999152752990468,-0.7805682049002973,-0.3065358599510825,0.8949617955036265,0.5720770146111009,-0.724015115520184,0.265735664733553,0.8632358136816727,0.24003723989993545,0.5199400434806838,-0.12035630796575791,-0.6217139726288499,-0.2081435298836858,0.9153851884377331,0.5111895146999754,0.29977605488192305,-0.6832035001727312,0.14525602810030622,0.18340695258264453,-0.7095622352267811,0.8038699903290005,0.35862863676934337,-0.30288995731801804,-0.28447674425774055,-0.5786139807558001,-0.7279106891948902,-0.32103630834742075,0.5422128265234647,-0.1559356194447373,0.18997067607285464
0.2807004290568953,0.24392269841073322,-0.5134740973251496,0.5096579429011175,0.37025737522744495,-0.297007394681274,0.13016945286667142,-0.11236597749419094,-0.6806086254531082,0.31289002902859714,0.6020858557322013,-0.3605113277324923,-0.06011966818968302,-0.6608708299653004,-1.080222568291595,-0.20884031268498968,0.6436359472415948,0.5011697219781628,-0.7461042067780995,0.04495000552831519,0.750618953315986,0.22925019770113003,0.41250620846811686,-0.10063302798382275,-0.4677834800085641,-0.03580850737256073,0.8750321739455478,0.5701491057960607,0.42349587539161854,-0.64825305981003,0.1995176418967738,0.3325651052908104,-0.5518479867479132,0.7435708911623528,0.2348953874964908,-0.2928557232147214,-0.2741194867228839,-0.39814003793702885,-0.40239924062780263,-0.40238145353031995,0.49474244406782664,-0.2070048730945145,0.19919397596109412
-0.6855288669589658,-0.5134740973251496,1.4473233428193844,-0.8007758282228095,-1.3779513434775406,1.1529769527949294,-0.6107309386742338,1.0897840573438258,1.2911345130458092,-1.4106125195442698,-1.3776958406518947,0.5241821702835086,0.3237377123410073,0.7713289479569782,0.5071554075177233,0.6932296031520042,-1.9060784781602838,-1.0298792443021347,1.0413423843435468,-0.9465019046361959,-1.5831385527837971,-0.4172640608009059,-1.0362448120001413,0.23596614799425447,1.3364865028581416,0.6893851142571257,-1.4794292397636917,-0.6594604577902148,-0.19490900723303572,1.1401919953787851,-0.08320864100235609,0.03216560499088129,1.4480106912164394,-1.3846896830982838,-0.831422141407689,0.43512816856557807,0.4520469388287271,1.2736209802571614,1.8558767322463998,0.3449999349761394,-0.9216882899450163,0.14630843837330504,-0.26898688334927695
0.5204368599339682,0.5096579429011175,-0.8007758282228095,1.268216816594354,0.3321163421890417,-0.22627236026202308,0.024146035112255243,0.39703017042711153,-1.5276099846553919,0.09321065323765927,1.175695816172022,-0.9313972544930574,0.01856037576072736,-1.8411077273185203,-3.567609562420467,-0.24824570439143778,0.9390076035552827,1.0663675943191333,-1.9526901101071619,-0.5404945309020274,1.5659701311230214,0.5254685026217145,0.7378313831892965,-0.1918570047221544,-0.7141154586471247,0.37875668353348196,2.098313733466595,1.591503492448379,1.4002074409840695,-1.5199373759441674,0.6678056158911442,1.235789030299461,-0.9406383308056764,1.686438165450485,0.2409524297057245,-0.7502815851555523,-0.6660876849476263,-0.5108332082904876,-0.09287112312672315,-1.2101251803948496,1.123903406287663,-0.6452434019541503,0.5277238722625041
0.5911226602866615,0.37025737522744495,-1.3779513434775406,0.3321163421890417,1.5472093535813807,-1.3069569673122825,0.7529086987111189,-1.5689188920013457,-0.8021096957163577,1.69787609630454,1.0923948679062305,-0.1730905627106132,-0.418758909056027,0.009814160432155284,1.2510016665664512,-0.7317698473051457,1.8858127725672853,0.720986413720583,-0.2694036382285316,1.4555464158223461,1.1432512027452673,0.23637859472369438,0.9017002763600408,-0.19097174494264924,-1.2793150921158116,-1.0633106288132501,0.7373378571837961,-0.021722802793487227,-0.5006446836963541,-0.613855460245595,-0.2454474967022973,-0.6986264814408417,-1.3057500315771713,0.8299065452011111,0.9078837562879883,-0.1573265603796798,-0.21278019286516206,-1.3213995789609745,-2.261757585921937,0.21817691674868359,0.5579641948779974,0.1639434598915979,0.056475752316177026
-0.4697243210495023,-0.297007394681274,1.1529769527949294,-0.22627236026202308,-1.3069569673122825,1.1265548818691604,-0.6392657041296833,1.362155780492289,0.624489721024863,-1.468359532013392,-0.8931986860058314,0.09345762338979342,0.3528994807318951,-0.08779991600629446,-1.2258747444207074,0.6191653746085087,-1.570795913321777,-0.5730083080951867,0.14497653894548415,-1.2851221098788024,-0.919163938975679,-0.18896145720326618,-0.7430317604239435,0.15823991847345267,1.080497505435462,0.9232212919336368,-0.5420762071154911,0.0815966790883955,0.4832226173707748,0.46887377635320493,0.24363051925711493,0.6439246290558968,1.0840467027813834,-0.6482721171791365,-0.7705995677786396,0.0881516186628745,0.15304037404174647,1.107551680475505,1.9405159949104027,-0.22611004526777118,-0.4277450808158666,-0.16060133444434546,-0.026255082925139665
0.24421998921370916,0.13016945286667142,-0.6107309386742338,0.024146035112255243,0.7529086987111189,-0.6392657041296833,0.3830009441434526,-0.8474159460415074,-0.23386410266309682,0.854247259856264,0.421980093794798,0.01646213985452349,-0.21741844541591723,0.21705727994280571,1.0497902963473271,-0.34491815146472726,0.8562301569276951,0.2453142889373005,0.08693746330748023,0.8036089412880304,0.4033004097991535,0.058561163133129326,0.375516222422151,-0.0749935183221282,-0.5692481746367152,-0.5876916310627738,0.13511103981826442,-0.19501983302329987,-0.4174509546763121,-0.1376847674353829,-0.20149055832996976,-0.5005686973544593,-0.5580549442429558,0.22860811355188934,0.43568806185635434,0.003728209476696054,-0.03248450292410882,-0.6170149647493935,-1.1439923883681402,0.252773373216085,0.1562080564270735,0.1596549533977856,-0.03210020562911815
-0.3560554727958895,-0.11236597749419094,1.0897840573438258,0.39703017042711153,-1.5689188920013457,1.362155780492289,-0.8474159460415074,2.0415481414239056,-0.01589665232089573,-1.8919387018043583,-0.533244660401437,-0.3747950335370257,0.49026074369820194,-1.139248257547888,-3.6194066112317524,0.687093000916547,-1.5852287581411548,-0.17314396932183815,-0.8878749116877054,-2.001827756737693,-0.35236148790364524,0.04958945135980659,-0.5818098482660257,0.10180482641981264,1.0313955948498639,1.450008473739862,0.4403309296414247,0.9988592140987423,1.4302937219417973,-0.22603407960572655,0.6911752890941121,1.5564373382735623,0.9212450860844341,0.0802121283622799,-0.8934280748524573,-0.2818334992124569,-0.16413806059015137,1.2011112107547341,2.5364108069748594,-0.9891365269909463,0.04931790380554433,-0.5820574425663109,0.2585296195094686
-0.7472394038903627,-0.6806086254531082,1.2911345130458092,-1.5276099846553919,-0.8021096957163577,0.624489721024863,-0.23386410266309682,-0.01589665232089573,1.954796207313489,-0.582279422554185,-1.6381500918720948,1.0975431790507542,0.09226992894016381,2.083935148515277,3.6979343804891447,0.48482558177255863,-1.583695642107629,-1.4082625445226633,2.2869440391084046,0.20440972118317516,-2.0943946398984714,-0.6642545034315488,-1.0864872233439213,0.27135341154728476,1.1693102217497011,-0.13698094520577142,-2.582431485278201,-1.80035137825006,-1.4517509900793668,1.8962072918613997,-0.6873300165003261,-1.2107369029390278,1.4294585453492756,-2.1451479182584086,-0.5252969035405226,0.8880627102904706,0.8139507861059454,0.9433802191512366,0.733096083681369,1.3166506150659125,-1.4275388450693274,0.6886940530950661,-0.6138725833338684
0.5467202098532843,0.31289002902859714,-1.4106125195442698,0.09321065323765927,1.69787609630454,-1.468359532013392,0.854247259856264,-1.8919387018043583,-0.582279422554185,1.9484403715191763,0.9998267472332629,0.02592895185811858,-0.47793895444296247,0.42405438513131255,2.236875588216727,-0.7879902899740218,1.9506541888450524,0.59037165312336215,0.13014156412451147,1.808937169039523,0.9699295753689842,0.16348887817514743,0.8727472094995826,-0.17945715796646305,-1.325804667108533,-1.3017364510769196,0.37735797134198645,-0.3755870486124479,-0.8822012078203151,-0.3735672369063865,-0.43653444208960984,-1.070881704482336,-1.2952361462791233,0.5859675974083031,0.9921467104915584,0.0030079017644396356,-0.09455236091003244,-1.4004513009183106,-2.5842258615484592,0.5077697698729371,0.38693486305621244,0.3247108507446003,-0.052792394460127665
0.7191823790375742,0.6020858557322013,-1.3776958406518947,1.175695816172022,1.0923948679062305,-0.8931986860058314,0.421980093794798,-0.533244660401437,-1.6381500918720948,0.9998267472332629,1.5204300225560385,-0.8176646848570501,-0.20699725000618865,-1.4451603523324905,-2.1367494778514997,-0.5917775752210075,1.7530980746730644,1.2293017434687268,-1.68250327392191,0.36783999836182446,1.8549699736549863,0.5468735336161188,1.068710382040062,-0.255860624960109,-1.2618683799659942,-0.27198500618758414,2.0510533456927447,1.246015934707833,0.8379129524944547,-1.5340679574829084,0.39107566146238026,0.6022217692137889,-1.448487317989196,1.7825249198492825,0.6810449909415752,-0.6667246288788138,-0.6394775968474989,-1.113043311521017,-1.2961728314679288,-0.8442829958638748,1.1851601464156862,-0.4245330466709084,0.44648974839077843
-0.36732445706975586,-0.3605113277324923,0.5241821702835086,-0.9313972544930574,-0.1730905627106132,0.09345762338979342,0.01646213985452349,-0.3747950335370257,1.0975431790507542,0.02592895185811858,-0.8176646848570501,0.6950021394472904,-0.030498325440070778,1.373532116886833,2.7233135771679646,0.14687110024253172,-0.6089597839463029,-0.7584757628608764,1.4438431322214669,0.484775236395874,-1.1067458469387388,-0.3743600911781151,-0.5039194549315947,0.1317594638016717,0.45952080999338724,-0.3329300389139655,-1.5276462055547047,-1.1846621146084377,-1.0657906705044702,1.097919656388163,-0.513125245117147,-0.9515987353103199,0.6328134657543607,-1.2103753682674014,-0.13249191053832945,0.5604732767121073,0.4866750257947479,0.3167431638364614,-0.047664003568957274,0.9054568754034257,-0.8116031265710645,0.48447402701686465,-0.39031642031400077
-0.12772767941109286,-0.06011966818968302,0.3237377123410073,0.01856037576072736,-0.418758909056027,0.3528994807318951,-0.21741844541591723,0.49026074369820194,0.09226992894016381,-0.47793895444296247,-0.20699725000618865,-0.030498325440070778,0.12510203040306442,-0.17081578651459794,-0.6873110234877642,0.188364516899528,-0.4615953119839455,-0.11097494806010667,-0.09965187515476703,-0.4662494151534141,-0.18647758539223466,-0.01756668289891817,-0.1931192585543231,0.03689201934172894,0.30085568126577517,0.3436557608316702,-0.02187959194940093,0.15292702650136106,0.273962097351685,0.036871865941618134,0.13053433190531588,0.31733075251958465,0.29052129463153387,-0.08373407108896858,-0.2399230492848762,-0.01866051996856375,0.0013149940812608874,0.3368673116209947,0.6443074105973418,-0.17728713254911946,-0.059736626194851115,-0.1089038775493963,0.03205265289964198
-0.5999152752990468,-0.6608708299653004,0.7713289479569782,-1.8411077273185203,0.009814160432155284,-0.08779991600629446,0.21705727994280571,-1.139248257547888,2.083935148515277,0.42405438513131255,-1.4451603523324905,1.373532116886833,-0.17081578651459794,2.8393597044777064,5.916419216585319,0.1367998614324303,-0.8111124064858398,-1.400332385011281,2.91697401357085,1.3192960620837646,-2.029082789184144,-0.731741935470026,-0.8336672061433094,0.23187404714934415,0.6727065856235993,-0.9420025771020264,-2.9843685294540876,-2.4600232478777233,-2.326577037595271,2.1365352286389445,-1.1103594403641917,-2.1402622274010126,1.0108632084504763,-2.3206194962840354,-0.06635971956467857,1.0999236568871806,0.9543680056278435,0.34182359200176965,-0.6165132927634918,1.9401220473863006,-1.543190761320967,1.050635612265774,-0.7940326662880487
-0.7805682049002973,-1.080222568291595,0.5071554075177233,-3.567609562420467,1.2510016665664512,-1.2258747444207074,1.0497902963473271,-3.6194066112317524,3.6979343804891447,2.236875588216727,-2.1367494778514997,2.7233135771679646,-0.6873110234877642,5.916419216585319,13.307678725308211,-0.29820819309550334,-0.1879818055353461,-2.339970048530701,5.8560535724165135,3.9065980228390047,-3.3116432415509487,-1.3327302176250662,-1.0168648411004066,0.32997186191182754,0.3790167493480693,-2.805660252703756,-5.623503049729716,-5.13561569581529,-5.239179870813963,3.95618664483011,-2.5068835645813206,-5.008305253959274,1.0633722311156324,-4.167004083734731,0.5850068382187148,2.1664090325116843,1.8170111095980008,-0.33966152064454486,-3.084161391333236,4.208595557994871,-2.7677833339889717,2.3151377316833686,-1.6072415230431751
-0.3065358599510825,-0.20884031268498968,0.6932296031520042,-0.24824570439143778,-0.7317698473051457,0.6191653746085087,-0.34491815146472726,0.687093000916547,0.48482558177255863,-0.7879902899740218,-0.5917775752210075,0.14687110024253172,0.188364516899528,0.1367998614324303,-0.29820819309550334,0.35437611692286625,-0.933157327106428,-0.41179187239705584,0.27261115668147073,-0.6277757236765564,-0.6448028641727027,-0.15068777107492645,-0.4694921227135434,0.10277217700777505,0.6436339986908444,0.456051579984855,-0.4983774588914866,-0.11367893191748583,0.11981020801980144,0.3995265974215987,0.062117673222057516,0.22256191716280485,0.6707076598544653,-0.5114522238412994,-0.43439286112588366,0.12586281250076686,0.148316971384146,0.6427418443391536,1.0429521292758146,-0.0035478695893516802,-0.34092242764578096,-0.023526242112226203,-0.06646777118429864
0.8949617955036265,0.6436359472415948,-1.9060784781602838,0.9390076035552827,1.8858127725672853,-1.570795913321777,0.8562301569276951,-1.5852287581411548,-1.583695642107629,1.9506541888450524,1.7530980746730644,-0.6089597839463029,-0.4615953119839455,-0.8111124064858398,-0.1879818055353461,-0.933157327106428,2.5372662111145283,1.286147708948961,-1.17444862997199,1.3950451845764036,1.9845069386675633,0.5008986318339904,1.3426376034229974,-0.30044880809573604,-1.757509372231338,-1.0249399717259626,1.7654010527674464,0.6869597838128654,0.06378124695281794,-1.369294544911592,0.02211735881071434,-0.2321765156649367,-1.887411732400966,1.686447329488047,1.1277393324962326,-0.5104058814395777,-0.5366039469952245,-1.7123190024949282,-2.582780597369696,-0.2966148405618572,1.1285930126947474,-0.10451975321242658,0.29911027636141396
0.5720770146111009,0.5011697219781628,-1.0298792443021347,1.0663675943191333,0.720986413720583,-0.5730083080951867,0.2453142889373005,-0.17314396932183815,-1.4082625445226633,0.59037165312336215,1.2293017434687268,-0.7584757628608764,-0.11097494806010667,-1.400332385011281,-2.339970048530701,-0.41179187239705584,1.286147708948961,1.0316831816493812,-1.5695749763291704,0.03315566313824171,1.5419600467184684,0.4746208803990733,0.8362945811652197,-0.2048953476869613,-0.9361003371895711,-0.03250315661359798,1.8230503834378842,1.2079377717657702,0.9170394074026531,-1.3467782520036191,0.43338599826332863,0.7322740364991569,-1.1143012937958117,1.5395731694238932,0.4596791096606113,-0.6157546297807125,-0.5720003500694858,-0.7891842083030525,-0.7581341496639357,-0.859674228615857,1.0252531046601439,-0.444207263331029,0.41953050611090636
-0.724015115520184,-0.7461042067780995,1.0413423843435468,-1.9526901101071619,-0.2694036382285316,0.14497653894548415,0.08693746330748023,-0.8878749116877054,2.2869440391084046,0.13014156412451147,-1.68250327392191,1.4438431322214669,-0.09965187515476703,2.91697401357085,5.8560535724165135,0.27261115668147073,-1.17444862997199,-1.5695749763291704,3.0472461675190634,1.094077005257269,-2.2919944938160013,-0.7944231252012669,-1.0196782843842283,0.272698489734504,0.9218305227130813,-0.7761797329507261,-3.200909478698556,-2.5246775319850974,-2.3010768299935136,2.3067851386632148,-1.0973149387313565,-2.073624804475971,1.274612818746038,-2.5349450620391045,-0.23198228779861188,1.1597200722086325,1.0195550766055934,0.59008996127158,-0.2257217343809637,1.954423794082663,-1.6871924837256567,1.0500090419734383,-0.8263869999194391
0.265735664733553,0.04495000552831519,-0.9465019046361959,-0.5404945309020274,1.4555464158223461,-1.2851221098788024,0.8036089412880304,-2.001827756737693,0.20440972118317516,1.808937169039523,0.36783999836182446,0.484775236395874,-0.4662494151534141,1.3192960620837646,3.9065980228390047,-0.6277757236765564,1.3950451845764036,0.03315566313824171,1.094077005257269,1.9914393940142427,0.14545544555773324,-0.10666924684941596,0.4654530308220144,-0.07534355600854101,-0.9069440402859738,-1.430690589648634,-0.6828350795326736,-1.150270021010802,-1.5387930346103764,0.4006853052584761,-0.7474562122698764,-1.6370607872983522,-0.767042329001194,-0.28103170727836846,0.8261242675320445,0.3729888925585205,0.24089357386425617,-1.0824708580539333,-2.4177714964824557,1.0881748379139844,-0.1891196343680758,0.6315736965562422,-0.3126328378462335
0.8632358136816727,0.750618953315986,-1.5831385527837971,1.5659701311230214,1.1432512027452673,-0.919163938975679,0.4033004097991535,-0.35236148790364524,-2.0943946398984714,0.9699295753689842,1.8549699736549863,-1.1067458469387388,-0.18647758539223466,-2.029082789184144,-3.3116432415509487,-0.6448028641727027,1.9845069386675633,1.5419600467184684,-2.2919944938160013,0.14545544555773324,2.3114961265205345,0.7050658508160161,1.2709716959698227,-0.30996830882618,-1.4434627216792182,-0.1146007036019053,2.690329366166369,1.7513885802863052,1.2996165235865458,-1.9945147894857589,0.611400196279227,1.018510382436934,-1.7008641131296491,2.288137465390109,0.7255634719943936,-0.8989502571741445,-0.8433032982629726,-1.2286443514024912,-1.2462287744792795,-1.235654642203124,1.5219083662116855,-0.6347024531902744,0.6117470949345055
0.24003723989993545,0.22925019770113003,-0.4172640608009059,0.5254685026217145,0.23637859472369438,-0.18896145720326618,0.058561163133129326,0.04958945135980659,-0.6642545034315488,0.16348887817514743,0.5468735336161188,-0.3743600911781151,-0.01756668289891817,-0.731741935470026,-1.3327302176250662,-0.15068777107492645,0.5008986318339904,0.4746208803990733,-0.7944231252012669,-0.10666924684941596,0.7050658508160161,0.23053666568657188,0.3567612428659297,-0.0910898089928133,-0.3803193683807291,0.07980577933538453,0.8858284978745774,0.6344779200720903,0.5253592829654619,-0.65119711026975,0.2461710827598714,0.4478607245117814,-0.4672222536307152,0.7331678697812076,0.16005831616584248,-0.3014479275143507,-0.2789904919199111,-0.29258344594898456,-0.196302120530937,-0.4733829374083235,0.4842885103334232,-0.24992675667132525,0.21423720877240163
0.5199400434806838,0.41250620846811686,-1.0362448120001413,0.7378313831892965,0.9017002763600408,-0.7430317604239435,0.375516222422151,-0.5818098482660257,-1.0864872233439213,0.8727472094995826,1.068710382040062,-0.5039194549315947,-0.1931192585543231,-0.8336672061433094,-1.0168648411004066,-0.4694921227135434,1.3426376034229974,0.8362945811652197,-1.0196782843842283,0.4654530308220144,1.2709716959698227,0.3567612428659297,0.7748547804753734,-0.1810088134596636,-0.9513959902293646,-0.3429755579537866,1.3141279689587406,0.7159752095267469,0.3963979910679787,-0.9930953079418924,0.18354666517643023,0.2256681556335517,-1.0645991152734822,1.1743146848326724,0.5518036047803632,-0.4138916367766201,-0.40668917861994425,-0.8740088301545016,-1.143271874135978,-0.44897956513910997,0.7824718005454155,-0.21634504251766518,0.2679245413967499
-0.12035630796575791,-0.10063302798382275,0.23596614799425447,-0.1918570047221544,-0.19097174494264924,0.15823991847345267,-0.0749935183221282,0.10180482641981264,0.27135341154728476,-0.17945715796646305,-0.255860624960109,0.1317594638016717,0.03689201934172894,0.23187404714934415,0.32997186191182754,0.10277217700777505,-0.30044880809573604,-0.2048953476869613,0.272698489734504,-0.07534355600854101,-0.30996830882618,-0.0910898089928133,-0.1810088134596636,0.043301074699272434,0.2169894496219853,0.054241537813507545,-0.3368610516479915,-0.2001832254498045,-0.12966961843770872,0.25317546820425046,-0.05981643959249235,-0.0901459195689417,0.24644581890064718,-0.2954303364013668,-0.11894495277919812,0.10740595893580257,0.10467326029212948,0.19199679800981206,0.23194684516540026,0.13434673874111483,-0.19575550001039713,0.06722961884642188,-0.0723313369393837
-0.6217139726288499,-0.4677834800085641,1.3364865028581416,-0.7141154586471247,-1.2793150921158116,1.080497505435462,-0.5692481746367152,1.0313955948498639,1.1693102217497011,-1.325804667108533,-1.2618683799659942,0.45952080999338724,0.30085568126577517,0.6727065856235993,0.3790167493480693,0.6436339986908444,-1.757509372231338,-0.9361003371895711,0.9218305227130813,-0.9069440402859738,-1.4434627216792182,-0.3803193683807291,-0.9513959902293646,0.2169894496219853,1.2386688271061421,0.6538994120628716,-1.329173478709261,-0.5771799487859917,-0.147697816790707,1.0304571860103775,-0.05807907216595034,0.05994185822109143,1.332992735414608,-1.2555005694902674,-0.7733032076832664,0.381170568096783,0.4052606733738001,1.177723526586394,1.737965749042902,0.29608739761961356,-0.8320654154367956,0.12278030033021359,-0.23789996366569743
-0.2081435298836858,-0.03580850737256073,0.6893851142571257,0.37875668353348196,-1.0633106288132501,0.9232212919336368,-0.5876916310627738,1.450008473739862,-0.13698094520577142,-1.3017364510769196,-0.27198500618758414,-0.3329300389139655,0.3436557608316702,-0.9420025771020264,-2.805660252703756,0.456051579984855,-1.0249399717259626,-0.03250315661359798,-0.7761797329507261,-1.430690589648634,-0.1146007036019053,0.07980577933538453,-0.3429755579537866,0.054241537813507545,0.6538994120628716,1.0389768143116649,0.47794409230545015,0.825437222871687,1.1094251481046118,-0.2836128268566183,0.5335458656653961,1.184066444535306,0.5611628913298685,0.19637239288135253,-0.5998701776871002,-0.25363135104925216,-0.16839813544782686,0.7928506254120031,1.752014302303071,-0.7892784767861866,0.12587955433431522,-0.45902740197383685,0.22294244042605632
0.9153851884377331,0.8750321739455478,-1.4794292397636917,2.098313733466595,0.7373378571837961,-0.5420762071154911,0.13511103981826442,0.4403309296414247,-2.582431485278201,0.37735797134198645,2.0510533456927447,-1.5276462055547047,-0.02187959194940093,-2.9843685294540876,-5.623503049729716,-0.4983774588914866,1.7654010527674464,1.8230503834378842,-3.200909478698556,-0.6828350795326736,2.690329366166369,0.8858284978745774,1.3141279689587406,-0.3368610516479915,-1.329173478709261,0.47794409230545015,3.498575752238364,2.5801762095956495,2.20826002224929,-2.54749334774288,1.0496205544067057,1.9163591058155212,-1.6965979477443875,2.8459636114243865,0.5094235093405379,-1.2320320000646208,-1.1077088300152742,-0.9987070736436702,-0.44586464811598414,-1.938814980669525,1.8943005708499856,-1.027683752476719,0.8632810200851845
0.5111895146999754,0.5701491057960607,-0.6594604577902148,1.591503492448379,-0.021722802793487227,0.0815966790883955,-0.19501983302329987,0.9988592140987423,-1.80035137825006,-0.3755870486124479,1.246015934707833,-1.1846621146084377,0.15292702650136106,-2.4600232478777233,-5.13561569581529,-0.11367893191748583,0.6869597838128654,1.2079377717657702,-2.5246775319850974,-1.150270021010802,1.7513885802863052,0.6344779200720903,0.7159752095267469,-0.2001832254498045,-0.5771799487859917,0.825437222871687,2.5801762095956495,2.1331547981859758,2.0215448535447007,-1.8488252214629828,0.9627071251507958,1.8618400040902463,-0.8673453342166687,2.0070089799412942,0.051338656608971404,-0.947837515209307,-0.8252499297072025,-0.2853460768486507,0.5497772964786763,-1.686188053097698,1.332293412193599,-0.9134242562391853,0.6876204201529524
0.29977605488192305,0.42349587539161854,-0.19490900723303572,1.4002074409840695,-0.5006446836963541,0.4832226173707748,-0.4174509546763121,1.4302937219417973,-1.4517509900793668,-0.8822012078203151,0.8379129524944547,-1.0657906705044702,0.273962097351685,-2.326577037595271,-5.239179870813963,0.11981020801980144,0.06378124695281794,0.9170394074026531,-2.3010768299935136,-1.5387930346103764,1.2996165235865458,0.5253592829654619,0.3963979910679787,-0.12966961843770872,-0.147697816790707,1.1094251481046118,2.20826002224929,2.0215448535447007,2.0650130461614635,-1.555740792663977,0.985734333610273,1.9750660373856572,-0.4138347122376143,1.6379888968110277,-0.23337843544017883,-0.8469763821936573,-0.7137506622570181,0.140315532086238,1.221452188411401,-1.6599714436199928,1.0854705707520398,-0.9130555234027554,0.6318532877414672
-0.6832035001727312,-0.64825305981003,1.1401919953787851,-1.5199373759441674,-0.613855460245595,0.46887377635320493,-0.1376847674353829,-0.22603407960572655,1.8962072918613997,-0.3735672369063865,-1.5340679574829084,1.097919656388163,0.036871865941618134,2.1365352286389445,3.95618664483011,0.3995265974215987,-1.369294544911592,-1.3467782520036191,2.3067851386632148,0.4006853052584761,-1.9945147894857589,-0.65119711026975,-0.9930953079418924,0.25317546820425046,1.0304571860103775,-0.2836128268566183,-2.54749334774288,-1.8488252214629828,-1.555740792663977,1.8626410135353924,-0.7359871452346785,-1.3358766268730065,1.2912967966228364,-2.0891594764355372,-0.417490523742295,0.8854900672321417,0.8052893081369156,0.7891408060966905,0.4500975552089802,1.3812771614443662,-1.3875195861649368,0.729486657868038,-0.6215914988823005
0.14525602810030622,0.1995176418967738,-0.08320864100235609,0.6678056158911442,-0.2454474967022973,0.24363051925711493,-0.20149055832996976,0.6911752890941121,-0.6873300165003261,-0.43653444208960984,0.39107566146238026,-0.513125245117147,0.13053433190531588,-1.1103594403641917,-2.5068835645813206,0.062117673222057516,0.02211735881071434,0.43338599826332863,-1.0973149387313565,-0.7474562122698764,0.611400196279227,0.2461710827598714,0.18354666517643023,-0.05981643959249235,-0.05807907216595034,0.5335458656653961,1.0496205544067057,0.9627071251507958,0.985734333610273,-0.7359871452346785,0.47336893174021905,0.9433089857365752,-0.1884182818655428,0.7735652240275487,-0.11732384766838068,-0.40864420816922553,-0.3396186147404087,0.07302896553317743,0.597319845875788,-0.788501565427237,0.5157007684307029,-0.4338402475081553,0.3010263926614646
0.18340695258264453,0.3325651052908104,0.03216560499088129,1.235789030299461,-0.6986264814408417,0.6439246290558968,-0.5005686973544593,1.5564373382735623,-1.2107369029390278,-1.070881704482336,0.6022217692137889,-0.9515987353103199,0.31733075251958465,-2.1402622274010126,-5.008305253959274,0.22256191716280485,-0.2321765156649367,0.7322740364991569,-2.073624804475971,-1.6370607872983522,1.018510382436934,0.4478607245117814,0.2256681556335517,-0.0901459195689417,0.05994185822109143,1.184066444535306,1.9163591058155212,1.8618400040902463,1.9750660373856572,-1.3358766268730065,0.9433089857365752,1.9239388501191415,-0.17985766322470478,1.3784684347542615,-0.3540107230188555,-0.7529295062873704,-0.6227454091136925,0.3329849665311848,1.4703811487022411,-1.560616147705054,0.9113985006548686,-0.8658693695138394,0.5723325265813186
-0.7095622352267811,-0.5518479867479132,1.4480106912164394,-0.9406383308056764,-1.3057500315771713,1.0840467027813834,-0.5580549442429558,0.9212450860844341,1.4294585453492756,-1.2952361462791233,-1.448487317989196,0.6328134657543607,0.29052129463153387,1.0108632084504763,1.0633722311156324,0.6707076598544653,-1.887411732400966,-1.1143012937958117,1.274612818746038,-0.767042329001194,-1.7008641131296491,-0.4672222536307152,-1.0645991152734822,0.24644581890064718,1.332992735414608,0.5611628913298685,-1.6965979477443875,-0.8673453342166687,-0.4138347122376143,1.2912967966228364,-0.1884182818655428,-0.17985766322470478,1.4723486993777846,-1.5411673306234341,-0.7947920126037766,0.5214223601313864,0.5227608419466904,1.241513945441142,1.6988515046072252,0.5176589304931816,-1.0260316628433634,0.24170187282308125,-0.33315566395452934
0.8038699903290005,0.7435708911623528,-1.3846896830982838,1.686438165450485,0.8299065452011111,-0.6482721171791365,0.22860811355188934,0.0802121283622799,-2.1451479182584086,0.5859675974083031,1.7825249198492825,-1.2103753682674014,-0.08373407108896858,-2.3206194962840354,-4.167004083734731,-0.5114522238412994,1.686447329488047,1.5395731694238932,-2.5349450620391045,-0.28103170727836846,2.288137465390109,0.7331678697812076,1.1743146848326724,-0.2954303364013668,-1.2555005694902674,0.19637239288135253,2.8459636114243865,2.0070089799412942,1.6379888968110277,-2.0891594764355372,0.7735652240275487,1.3784684347542615,-1.5411673306234341,2.3581927551851636,0.549559626782759,-0.9779027276253353,-0.897359529986355,-0.9965947265971017,-0.7279363522887413,-1.4787283817515156,1.566382709604251,-0.7759751571119009,0.6814625555880743
0.35862863676934337,0.2348953874964908,-0.831422141407689,0.2409524297057245,0.9078837562879883,-0.7705995677786396,0.43568806185635434,-0.8934280748524573,-0.5252969035405226,0.9921467104915584,0.6810449909415752,-0.13249191053832945,-0.2399230492848762,-0.06635971956467857,0.5850068382187148,-0.43439286112588366,1.1277393324962326,0.4596791096606113,-0.23198228779861188,0.8261242675320445,0.7255634719943936,0.16005831616584248,0.5518036047803632,-0.11894495277919812,-0.7733032076832664,-0.5998701776871002,0.5094235093405379,0.051338656608971404,-0.23337843544017883,-0.417490523742295,-0.11732384766838068,-0.3540107230188555,-0.7947920126037766,0.549559626782759,0.5361769501198135,-0.11638542777326057,-0.14918538230093834,-0.7846285274313549,-1.3155689050294934,0.07527179708969471,0.3666458892057757,0.06753437361856665,0.053532748969293296
-0.30288995731801804,-0.2928557232147214,0.43512816856557807,-0.7502815851555523,-0.1573265603796798,0.0881516186628745,0.003728209476696054,-0.2818334992124569,0.8880627102904706,0.0030079017644396356,-0.6667246288788138,0.5604732767121073,-0.01866051996856375,1.0999236568871806,2.1664090325116843,0.12586281250076686,-0.5104058814395777,-0.6157546297807125,1.1597200722086325,0.3729888925585205,-0.8989502571741445,-0.3014479275143507,-0.4138916367766201,0.10740595893580257,0.381170568096783,-0.25363135104925216,-1.2320320000646208,-0.947837515209307,-0.8469763821936573,0.8854900672321417,-0.40864420816922553,-0.7529295062873704,0.5214223601313864,-0.9779027276253353,-0.11638542777326057,0.45249856145057443,0.3923627356503101,0.2695282487579889,-0.012442012012829368,0.7209974533893277,-0.6567971315556246,0.38510324241788524,-0.3131775858518913
-0.28447674425774055,-0.2741194867228839,0.4520469388287271,-0.6660876849476263,-0.21278019286516206,0.15304037404174647,-0.03248450292410882,-0.16413806059015137,0.8139507861059454,-0.09455236091003244,-0.6394775968474989,0.4866750257947479,0.0013149940812608874,0.9543680056278435,1.8170111095980008,0.148316971384146,-0.5366039469952245,-0.5720003500694858,1.0195550766055934,0.24089357386425617,-0.8433032982629726,-0.2789904919199111,-0.40668917861994425,0.10467326029212948,0.4052606733738001,-0.16839813544782686,-1.1077088300152742,-0.8252499297072025,-0.7137506622570181,0.8052893081369156,-0.3396186147404087,-0.6227454091136925,0.5227608419466904,-0.897359529986355,-0.14918538230093834,0.3923627356503101,0.3513750638907602,0.2999427960774662,0.10847160617727343,0.6226115243754534,-0.597672349061819,0.33031968275453694,-0.2750772012567448
-0.5786139807558001,-0.39814003793702885,1.2736209802571614,-0.5108332082904876,-1.3213995789609745,1.107551680475505,-0.6170149647493935,1.2011112107547341,0.9433802191512366,-1.4004513009183106,-1.113043311521017,0.3167431638364614,0.3368673116209947,0.34182359200176965,-0.33966152064454486,0.6427418443391536,-1.7123190024949282,-0.7891842083030525,0.59008996127158,-1.0824708580539333,-1.2286443514024912,-0.29258344594898456,-0.8740088301545016,0.19199679800981206,1.177723526586394,0.7928506254120031,-0.9987070736436702,-0.2853460768486507,0.140315532086238,0.7891408060966905,0.07302896553317743,0.3329849665311848,1.241513945441142,-0.9965947265971017,-0.7846285274313549,0.2695282487579889,0.2999427960774662,1.1720756013355502,1.8581897452493812,0.05349025647200663,-0.667538887961458,-0.010513960092621717,-0.14618992436170206
-0.7279106891948902,-0.40239924062780263,1.8558767322463998,-0.09287112312672315,-2.261757585921937,1.9405159949104027,-1.1439923883681402,2.5364108069748594,0.733096083681369,-2.5842258615484592,-1.2961728314679288,-0.047664003568957274,0.6443074105973418,-0.6165132927634918,-3.084161391333236,1.0429521292758146,-2.582780597369696,-0.7581341496639357,-0.2257217343809637,-2.4177714964824557,-1.2462287744792795,-0.196302120530937,-1.143271874135978,0.23194684516540026,1.737965749042902,1.752014302303071,-0.44586464811598414,0.5497772964786763,1.221452188411401,0.4500975552089802,0.597319845875788,1.4703811487022411,1.6988515046072252,-0.7279363522887413,-1.3155689050294934,-0.012442012012829368,0.10847160617727343,1.8581897452493812,3.4424885625206354,-0.7220644183617424,-0.4875010221438626,-0.45765161726484344,0.08542108720910958
-0.32103630834742075,-0.40238145353031995,0.3449999349761394,-1.2101251803948496,0.21817691674868359,-0.22611004526777118,0.252773373216085,-0.9891365269909463,1.3166506150659125,0.5077697698729371,-0.8442829958638748,0.9054568754034257,-0.17728713254911946,1.9401220473863006,4.208595557994871,-0.0035478695893516802,-0.2966148405618572,-0.859674228615857,1.954423794082663,1.0881748379139844,-1.235654642203124,-0.4733829374083235,-0.44897956513910997,0.13434673874111483,0.29608739761961356,-0.7892784767861866,-1.938814980669525,-1.686188053097698,-1.6599714436199928,1.3812771614443662,-0.788501565427237,-1.560616147705054,0.5176589304931816,-1.4787283817515156,0.07527179708969471,0.7209974533893277,0.6226115243754534,0.05349025647200663,-0.7220644183617424,1.3622468255280984,-0.9772934464817911,0.7442877411165124,-0.5349549011515595
0.5422128265234647,0.49474244406782664,-0.9216882899450163,1.123903406287663,0.5579641948779974,-0.4277450808158666,0.1562080564270735,0.04931790380554433,-1.4275388450693274,0.38693486305621244,1.1851601464156862,-0.8116031265710645,-0.059736626194851115,-1.543190761320967,-2.7677833339889717,-0.34092242764578096,1.1285930126947474,1.0252531046601439,-1.6871924837256567,-0.1891196343680758,1.5219083662116855,0.4842885103334232,0.7824718005454155,-0.19575550001039713,-0.8320654154367956,0.12587955433431522,1.8943005708499856,1.332293412193599,1.0854705707520398,-1.3875195861649368,0.5157007684307029,0.9113985006548686,-1.0260316628433634,1.566382709604251,0.3666458892057757,-0.6567971315556246,-0.597672349061819,-0.667538887961458,-0.4875010221438626,-0.9772934464817911,1.044038774352564,-0.5122223301167781,0.45304353586410634
-0.1559356194447373,-0.2070048730945145,0.14630843837330504,-0.6452434019541503,0.1639434598915979,-0.16060133444434546,0.1596549533977856,-0.5820574425663109,0.6886940530950661,0.3247108507446003,-0.4245330466709084,0.48447402701686465,-0.1089038775493963,1.050635612265774,2.3151377316833686,-0.023526242112226203,-0.10451975321242658,-0.444207263331029,1.0500090419734383,0.6315736965562422,-0.6347024531902744,-0.24992675667132525,-0.21634504251766518,0.06722961884642188,0.12278030033021359,-0.45902740197383685,-1.027683752476719,-0.9134242562391853,-0.9130555234027554,0.729486657868038,-0.4338402475081553,-0.8658693695138394,0.24170187282308125,-0.7759751571119009,0.06753437361856665,0.38510324241788524,0.33031968275453694,-0.010513960092621717,-0.45765161726484344,0.7442877411165124,-0.5122223301167781,0.4084848971049159,-0.28805650457351206
0.18997067607285464,0.19919397596109412,-0.26898688334927695,0.5277238722625041,0.056475752316177026,-0.026255082925139665,-0.03210020562911815,0.2585296195094686,-0.6138725833338684,-0.052792394460127665,0.44648974839077843,-0.39031642031400077,0.03205265289964198,-0.7940326662880487,-1.6072415230431751,-0.06646777118429864,0.29911027636141396,0.41953050611090636,-0.8263869999194391,-0.3126328378462335,0.6117470949345055,0.21423720877240163,0.2679245413967499,-0.0723313369393837,-0.23789996366569743,0.22294244042605632,0.8632810200851845,0.6876204201529524,0.6318532877414672,-0.6215914988823005,0.3010263926614646,0.5723325265813186,-0.33315566395452934,0.6814625555880743,0.053532748969293296,-0.3131775858518913,-0.2750772012567448,-0.14618992436170206,0.08542108720910958,-0.5349549011515595,0.45304353586410634,-0.28805650457351206,0.22436923037389156
