V1,V2,V3,V4,V5,V6,V7,V8,V9,V10,V11,V12,V13,V14,V15,V16,V17,V18,V19,V20,V21,V22,V23,V24,V25,V26,V27,V28,V29,V30,V31,V32,V33,V34,V35,V36,V37,V38,V39,V40,V41,V42,V43,V44
3.476509353734951,0.13375549863151404,1.4060184361802448,-0.7356432067050401,3.1290854215444557,2.8523476393633267,-0.7207793837374683,0.5480170269911941,0.3600795955218173,2.0412431437263114,2.280353846014652,1.7680773491315076,-3.623783876807036,1.9975218244011477,-0.8350851789640107,-0.6128355153365349,0.06504386886017043,-0.7954143757807736,-2.1193244489825287,-1.2502873259965581,1.588077291578181,1.2989901614846864,4.8546351146205025,-1.2983368690824268,0.930084183091508,-1.8134187954226508,-0.19435645997518614,-4.354233517422384,0.25112371115337306,-0.3862239458687723,-0.34423955080264657,2.3106819032096055,-2.401254689176252,-2.589109278960574,-1.0956376095586444,0.4755856857241792,-0.5533982855252377,-0.05694137966673667,-1.1049737993144915,0.08808132904582769,-1.3814439402901144,3.1421396739388325,-0.152395633756993,-1.5089175522739409
0.13375549863151404,0.3664379743924204,0.5971981820897738,0.5612159925470022,-0.19395486035827614,0.3977043419886664,0.3289174470682548,-0.22150239667048927,0.4036294348772419,-0.17786147184634327,0.38211816531709775,0.29596334568809163,0.21786254132296795,0.857184351456702,-0.060991591560698784,-0.2892081890440111,-0.34923489149725706,0.2389361018942525,0.0852522657864047,0.1943661355291641,0.479616182676233,-0.05004850695714247,0.15025474745236111,-0.682043299418932,0.055596417860307425,-0.44550245180136816,0.013816854315378374,-0.19206862704808808,-0.8644961670496644,0.585996574157385,-0.08037280017059886,0.4142930153574324,-0.3687407050846993,-0.2371866384503349,-0.5285606703122698,0.537543998225042,0.29242907787045663,-0.1969840967360187,0.03376443807229739,0.2818482407727351,0.04474155479539105,-0.22522641869095453,-0.3445176133537535,-0.17000479157288628
1.4060184361802448,0.5971981820897738,1.7174039279185165,0.9026657251418984,0.7187815984959154,1.679819294669163,0.3189829287585098,-0.24587721262786483,0.9152939478966562,0.33049642489438524,1.4827539440148059,1.0412002379731573,-0.9047068990775772,2.3717571597592646,-0.35217508972836536,-0.7541844484620526,-0.7285310579199065,0.30307660574177514,-0.446537940796387,-0.04091521462268971,1.301703768937676,0.34149613976950505,1.8703862156781301,-1.6362209467342745,0.39009660603863616,-1.5109087973675608,0.06251279141874519,-1.862211291869255,-1.6089534565249588,0.9062111219483096,-0.2651693829376555,1.5482500340000112,-1.464429076617997,-1.1814928752482121,-1.3708984992005653,1.2053403203086845,0.35093237917767167,-0.34767234482624926,-0.36898813163104444,0.6404200599751146,-0.31809174345126845,0.6087734172073858,-0.830224460522254,-0.9826597072465441
-0.7356432067050401,0.5612159925470022,0.9026657251418984,1.9228041033168362,-1.5699866312565542,-0.008203722824382649,1.3905585321013059,-0.7800940759503329,0.8081456199001579,-1.473189305826069,-0.12301076147991837,-0.5887804809235976,2.5637450395004184,1.3612146376499532,0.0918835429967773,-0.5924100079275588,-0.7929961793207194,0.9282157610737078,1.3247664177410232,1.0299109061865408,0.1837784611640004,-1.2575762989093573,-2.0421326441335697,-1.2568659711539265,-0.43178151469096077,-0.20439308851588178,0.30127363381303457,1.311262379582427,-2.4154262627154273,1.757009887600504,0.31203036025047154,-0.44499464103927255,-0.10215530241770238,0.5536792366177411,-1.020420423628833,1.423516518911058,1.224633703181658,-0.458099596578025,0.7424812401837545,-0.02123060243381304,0.7923710219484876,-2.307584587662804,-1.5017983973681133,0.13996637052217542
3.1290854215444557,-0.19395486035827614,0.7187815984959154,-1.5699866312565542,3.3289756072273056,2.2781165447412217,-1.3864187071175726,0.8285725608958975,-0.10549028384109613,2.4191728307727858,1.9034535734972762,1.7686017191738816,-4.385090736755627,0.9381934772458587,-0.6913496584305977,-0.165566334726713,0.4142797129962882,-1.0617421270797183,-2.400353135299382,-1.533687729653279,1.168873892650255,1.7876371358476912,5.0155018054947265,-0.331853807850695,0.9855544124393298,-1.4208240127596803,-0.28754900594366645,-4.213751286993989,1.4261539987959393,-1.2720604630042727,-0.48579670313167883,2.165645206719281,-1.84184657312616,-2.3339039296572737,-0.3414747985183292,-0.38518961928900924,-1.1332792301966652,0.21062078362737052,-1.361212871311445,0.23478434798268574,-1.5133456381643702,3.7934467714571003,0.7047518669679967,-1.3688352729363071
2.8523476393633267,0.3977043419886664,1.679819294669163,-0.008203722824382649,2.2781165447412217,2.6285567124194777,-0.2456822029359442,0.21125232549414055,0.6634735940823414,1.3978766341280826,2.0993082469458915,1.545956575356701,-2.5866114203714448,2.371799447816583,-0.7349470375181633,-0.7756791556337458,-0.2748575782037868,-0.35340952370648326,-1.531453575891997,-0.7722878672436176,1.622801245902207,0.9135389775379688,3.8494792038709087,-1.6470738378242393,0.7488552952275711,-1.8399628946697204,-0.10924249620426203,-3.564532890789204,-0.6590147205349643,0.26299058702995065,-0.3080908900402341,2.1021522867270797,-2.2364291310682076,-2.22171362144323,-1.3670215031875443,0.8946359723217391,-0.11638295667173837,-0.2094928183608854,-0.8272984466036223,0.2799625430977675,-1.0090896891781935,2.164253493902922,-0.5464980415634412,-1.3825539677235403
-0.7207793837374683,0.3289174470682548,0.3189829287585098,1.3905585321013059,-1.3864187071175726,-0.2456822029359442,1.3359249691058774,-0.5614770349606567,0.4460776692282796,-1.3302001779633417,-0.4208178278997898,-0.9268920949429189,2.7057928116561643,0.6011976909445341,0.03377708882347732,-0.43878684992773415,-0.37429161584495446,0.5940236974726313,1.2472439740765702,0.877042109413584,-0.12390973557295303,-1.396855877440631,-2.2392803377588555,-0.8993740235089729,-0.48443624339326247,0.2730340542555236,0.21178432518993193,1.4897970635414794,-1.654083132398919,1.4168939676070396,0.46212192918448286,-0.924896392597619,0.04854774058972235,0.6084655816691991,-0.6380353793512248,1.0785045671828886,1.1501188996060125,-0.3487142198937027,0.9432431378811885,-0.6215950350267533,0.7132673298792925,-2.2885998182755705,-1.3338636124069723,0.465458531675561
0.5480170269911941,-0.22150239667048927,-0.24587721262786483,-0.7800940759503329,0.8285725608958975,0.21125232549414055,-0.5614770349606567,0.35692842838102423,-0.28668808766018716,0.7065730299445034,0.225945960362911,0.34785566707319193,-1.2313552903293603,-0.3741795056087729,-0.08425062484780403,0.18193941748462328,0.2948808298955588,-0.4220431663182336,-0.6335092342591137,-0.5079879802807904,0.039072955115021485,0.5512306043039957,1.1216350586807506,0.3777254621775516,0.22177697108950556,-0.03089640269566849,-0.13350248208996615,-0.7986662360496465,0.9567259918500988,-0.69036238076008,-0.1303909068596703,0.3129791322983636,-0.12648729413996465,-0.3914780025017127,0.3113824932040351,-0.5102154641038611,-0.5117338080959635,0.17391882086246432,-0.34333571604614316,-0.012234718146361043,-0.3986035297833693,1.1052384862214906,0.5415449126783145,-0.14870783884311164
0.3600795955218173,0.4036294348772419,0.9152939478966562,0.8081456199001579,-0.10549028384109613,0.6634735940823414,0.4460776692282796,-0.28668808766018716,0.5795373642463937,-0.20616012632013095,0.5834416474067506,0.32339378436701993,0.2119965343293326,1.2882769367541167,-0.11475561226882017,-0.4371783825168769,-0.4967068934365237,0.34781044593932453,0.13088547803133163,0.23068931320634276,0.6061432952177319,-0.12025119650396081,0.28888047724707805,-0.9667668726688432,0.07017685911584755,-0.6725334664803719,0.08129537517760003,-0.4314023236354423,-1.223189853961555,0.7837945904826198,-0.06703857406503355,0.5577709681005998,-0.6030557707138405,-0.3524037946002945,-0.7904722160911098,0.8137419457016891,0.4160616525995479,-0.26025103411150324,0.015905368787241483,0.3016249694504179,0.060399792226921455,-0.28251736254287185,-0.642366670236454,-0.3572424781881951
2.0412431437263114,-0.17786147184634327,0.33049642489438524,-1.473189305826069,2.4191728307727858,1.3978766341280826,-1.3302001779633417,0.7065730299445034,-0.20616012632013095,1.9614275586324699,1.3454321097492279,1.5205743996422905,-3.6720083738680427,0.35104630588199076,-0.3916530957844913,0.07356388613503372,0.3320803241468433,-0.8484016085894017,-1.8956228931070636,-1.2441180166119954,0.832581631544024,1.6864450237563822,3.875160101166457,0.11602601407517463,0.8022534651301695,-0.9654214407156042,-0.2948372684031665,-3.029700882623912,1.484734556990446,-1.2806448809607742,-0.5410299770356654,1.7390183458905162,-1.0777545537644775,-1.6115965222935065,0.05512980758551608,-0.658938951958922,-1.1323135050854605,0.2449866599342694,-1.1550906306108921,0.49715851242025394,-1.1771500656758707,3.159440838997662,1.0312343904946195,-0.9503851587160805
2.280353846014652,0.38211816531709775,1.4827539440148059,-0.12301076147991837,1.9034535734972762,2.0993082469458915,-0.4208178278997898,0.225945960362911,0.5834416474067506,1.3454321097492279,1.936400226365151,1.6847840279905675,-2.66897861285874,2.0347763922797313,-0.48747612488034175,-0.5495498950873514,-0.3736091835517542,-0.29645870525319423,-1.3923643032282484,-0.7591474272607618,1.5146225868395249,1.1468648611007295,3.6127938276598512,-1.2676110746770721,0.7447108403353104,-1.6554196980718001,-0.14433559641608054,-3.114248632739677,-0.3955126056841317,0.03592708961927245,-0.47889902679706814,2.1496968509423624,-1.7536883622006438,-1.846730558348147,-1.0478004640068426,0.5919547285726442,-0.34588824319673156,-0.15645289588695577,-0.8681199353094402,0.6853912905562908,-0.914893538761324,2.2199422153888553,-0.08434796055838553,-1.2193131542765328
1.7680773491315076,0.29596334568809163,1.0412002379731573,-0.5887804809235976,1.7686017191738816,1.545956575356701,-0.9268920949429189,0.34785566707319193,0.32339378436701993,1.5205743996422905,1.6847840279905675,1.9460259591155533,-3.2311971218673747,1.3628220558414823,-0.257409420193329,-0.1660952087486264,-0.28635860893583265,-0.3945143483943315,-1.5491764747765155,-0.9056388612676984,1.3394617502469561,1.636526019964308,3.68366560725174,-0.5666913939787341,0.8020613277254238,-1.4174069739348372,-0.23895787553299028,-2.8187607552232503,0.2904704602422729,-0.5272211813332403,-0.7005479202939427,2.2300776609989206,-1.180194508033013,-1.5759277950508146,-0.49915055012588294,-0.061632662749139526,-0.8455014197757279,-0.006127745505841379,-1.134991933801936,1.1745922555000914,-0.9548923935744982,2.7088268708408174,0.7433312143573972,-1.0782935789094983
-3.623783876807036,0.21786254132296795,-0.9047068990775772,2.5637450395004184,-4.385090736755627,-2.5866114203714448,2.7057928116561643,-1.2313552903293603,0.2119965343293326,-3.6720083738680427,-2.66897861285874,-3.2311971218673747,7.339439654348763,-0.9703054754273842,0.5840743057199812,-0.19100883099993313,-0.3189469189932973,1.3686590426002891,3.562780416229453,2.313699934968752,-1.7131605616590762,-3.510388049986717,-7.504521231735273,-0.2634618399493483,-1.5731338053347756,2.099915191244605,0.5200164786499861,5.733884101494614,-2.515759546383646,2.4125299190038105,1.2339277047252968,-3.6801272035670722,1.8893830032632344,2.9513755499449816,-0.0477989864666136,1.2707627323008628,2.3170974274386524,-0.45445461176737545,2.468977493565015,-1.6311726775569788,2.169726498837705,-6.179439010992554,-2.162922903828811,2.0162891855150167
1.9975218244011477,0.857184351456702,2.3717571597592646,1.3612146376499532,0.9381934772458587,2.371799447816583,0.6011976909445341,-0.3741795056087729,1.2882769367541167,0.35104630588199076,2.0347763922797313,1.3628220558414823,-0.9703054754273842,3.342282857022922,-0.5108289362068954,-1.091290105259205,-0.9998287546717266,0.4101869292806863,-0.5418710944495941,-0.011920317874904773,1.810498915734029,0.284977653022777,2.4272789972399775,-2.3955963312801556,0.4933880118943059,-2.0364631815134495,0.09605620942270775,-2.4938389341075236,-2.3583092304663213,1.4077496629821091,-0.2789775006994881,2.0305783056763373,-2.0782756787747516,-1.6509708441959023,-1.981721893226295,1.789704668328375,0.5987939821168041,-0.5304083625870032,-0.4067830358820601,0.7169908758569808,-0.4001315791369411,0.6523285820825312,-1.3091090743490077,-1.2896109724249873
-0.8350851789640107,-0.060991591560698784,-0.35217508972836536,0.0918835429967773,-0.6913496584305977,-0.7349470375181633,0.03377708882347732,-0.08425062484780403,-0.11475561226882017,-0.3916530957844913,-0.48747612488034175,-0.257409420193329,0.5840743057199812,-0.5108289362068954,0.27304353764401534,0.22782372504857004,-0.05372395335530425,0.15755682653883224,0.43570328000633757,0.20392761592939068,-0.3652545682302428,-0.15012409021533937,-0.9614071573599913,0.4309632167441221,-0.1806219311521152,0.4184887190701604,0.036430159738358454,0.9626469291729239,0.08127713694058503,-0.051252224322196095,0.012162557351639427,-0.4089420989667422,0.6564190990804899,0.635289139631322,0.33999678264585576,-0.22996847005312673,-0.03224258142611533,0.040511938467126224,0.15042477918905567,0.15448074771082695,0.2894517894804374,-0.5066053238368331,0.2187209815886756,0.32458167083917694
-0.6128355153365349,-0.2892081890440111,-0.7541844484620526,-0.5924100079275588,-0.165566334726713,-0.7756791556337458,-0.43878684992773415,0.18193941748462328,-0.4371783825168769,0.07356388613503372,-0.5495498950873514,-0.1660952087486264,-0.19100883099993313,-1.091290105259205,0.22782372504857004,0.455207960168093,0.2834051482962945,-0.17397195397927112,0.0059054834622197985,-0.1285921391979186,-0.5140365636351757,0.2063240519147865,-0.40086417365389004,0.9237980919856138,-0.06809503783587267,0.5685765063593795,-0.05598256567407343,0.602675794464011,0.9500269781099328,-0.6713417281745375,-0.045296655060984035,-0.3927460000576513,0.7332963383816172,0.48036271615387444,0.7342098550698618,-0.7513507222249876,-0.43735488303764136,0.2069489608643816,-0.08342343153197303,0.0596849842740096,0.043870452663006015,0.20231331168043287,0.7125541184059057,0.31617709515089804
0.06504386886017043,-0.34923489149725706,-0.7285310579199065,-0.7929961793207194,0.4142797129962882,-0.2748575782037868,-0.37429161584495446,0.2948808298955588,-0.4967068934365237,0.3320803241468433,-0.3736091835517542,-0.28635860893583265,-0.3189469189932973,-0.9998287546717266,-0.05372395335530425,0.2834051482962945,0.5486044578416434,-0.411197652946536,-0.3040379945800281,-0.27066604850936865,-0.43434946268193897,0.08268093590749066,0.07048498924700508,0.6790261850013101,-0.0059684354379311855,0.47239159100839745,-0.0811853266406109,-0.008392257912354244,1.0836810944956334,-0.6708631857027815,0.10862286321699148,-0.42280557125256146,0.22866704057474632,0.03558968465286913,0.5654695601615543,-0.6113148164760198,-0.305231696057241,0.2116338364478457,-0.024599521843672912,-0.4836394496156668,-0.17445689249414048,0.3899741650044551,0.4233644338595604,0.2192007857947547
-0.7954143757807736,0.2389361018942525,0.30307660574177514,0.9282157610737078,-1.0617421270797183,-0.35340952370648326,0.5940236974726313,-0.4220431663182336,0.34781044593932453,-0.8484016085894017,-0.29645870525319423,-0.3945143483943315,1.3686590426002891,0.4101869292806863,0.15755682653883224,-0.17397195397927112,-0.411197652946536,0.565660826496213,0.8041995423245509,0.6071767634357074,-0.08567939518685574,-0.5668297970028898,-1.3772069351994276,-0.3497079961288205,-0.26680328098816514,0.03059441549796395,0.16473912226434903,1.0383200132764312,-1.1115549253155854,0.7617543593478294,0.09816523696302881,-0.3533028318872352,0.2637645476392007,0.5652301293314034,-0.3057621331068341,0.5293668443173895,0.5454817999595285,-0.17551190820589443,0.360737383697703,0.1701586128676667,0.5088326599694435,-1.2885336744267417,-0.5601478283386515,0.15065122555966703
-2.1193244489825287,0.0852522657864047,-0.446537940796387,1.3247664177410232,-2.400353135299382,-1.531453575891997,1.2472439740765702,-0.6335092342591137,0.13088547803133163,-1.8956228931070636,-1.3923643032282484,-1.5491764747765155,3.562780416229453,-0.5418710944495941,0.43570328000633757,0.0059054834622197985,-0.3040379945800281,0.8041995423245509,1.921862425877948,1.1755765410421122,-0.9165768214622417,-1.6229414352963196,-3.8940359138639855,0.04301164859833519,-0.8008264212687574,1.072723191211801,0.2755499698093204,3.099963324696057,-1.2444335758282146,1.1251676418706391,0.5117225055428,-1.7995121462885324,1.2027239700879964,1.695711534692449,0.09132314513162626,0.5156491203734861,1.0324037428624813,-0.20171337224818495,1.1553209664450754,-0.5110552751685506,1.177496044538779,-3.0821664240583795,-0.9085970930488624,0.9973323082479042
-1.2502873259965581,0.1943661355291641,-0.04091521462268971,1.0299109061865408,-1.533687729653279,-0.7722878672436176,0.877042109413584,-0.5079879802807904,0.23068931320634276,-1.2441180166119954,-0.7591474272607618,-0.9056388612676984,2.313699934968752,-0.011920317874904773,0.20392761592939068,-0.1285921391979186,-0.27066604850936865,0.6071767634357074,1.1755765410421122,0.8543880140235275,-0.41371352470315154,-1.0292585922962305,-2.3605957918682097,-0.22167030307549893,-0.4712166617541603,0.4552580650417995,0.20096919414038059,1.7951106457122412,-1.1380302337243606,0.910072379511959,0.29787235100019505,-0.9605286062366952,0.5555075075962365,0.9443890470157551,-0.15925333717063148,0.5456769624136804,0.7950987820195491,-0.19222028258747412,0.7136368129051178,-0.22667346702296873,0.7378608263022278,-2.023432201055373,-0.7273743098998695,0.5158047491358329
1.588077291578181,0.479616182676233,1.301703768937676,0.1837784611640004,1.168873892650255,1.622801245902207,-0.12390973557295303,0.039072955115021485,0.6061432952177319,0.832581631544024,1.5146225868395249,1.3394617502469561,-1.7131605616590762,1.810498915734029,-0.3652545682302428,-0.5140365636351757,-0.43434946268193897,-0.08567939518685574,-0.9165768214622417,-0.41371352470315154,1.3160354163339865,0.7896005764193854,2.5418394022730526,-1.2206491745331485,0.5479430633720438,-1.3510257882252714,-0.11541448710618979,-2.1930227930405968,-0.7012588297034769,0.33010640598451985,-0.3946910019459375,1.6926464350456,-1.368974347312018,-1.3991582404667513,-0.9698110619201228,0.654922254006624,-0.0964651354685693,-0.21658919446276162,-0.5778749770716188,0.6415912415078081,-0.6035991141221191,1.4064992916643322,-0.18091807655813263,-0.8911182201944244
1.2989901614846864,-0.05004850695714247,0.34149613976950505,-1.2575762989093573,1.7876371358476912,0.9135389775379688,-1.396855877440631,0.5512306043039957,-0.12025119650396081,1.6864450237563822,1.1468648611007295,1.636526019964308,-3.510388049986717,0.284977653022777,-0.15012409021533937,0.2063240519147865,0.08268093590749066,-0.5668297970028898,-1.6229414352963196,-1.0292585922962305,0.7896005764193854,1.8526111619246455,3.388917976040386,0.3280017418757468,0.7538707528503088,-0.9359606951508366,-0.2801331408240391,-2.4157073913167944,1.270651745082787,-1.2377129217625957,-0.724396015135681,1.8025251480012563,-0.6134596916232202,-1.1916353982909653,0.19873179102664956,-0.7831357666974477,-1.2046542812664727,0.24346998406820278,-1.2130790242607568,1.101572255551377,-0.9650808470634304,2.925838539902601,1.3317429677376487,-0.8674705582404953
4.8546351146205025,0.15025474745236111,1.8703862156781301,-2.0421326441335697,5.0155018054947265,3.8494792038709087,-2.2392803377588555,1.1216350586807506,0.28888047724707805,3.875160101166457,3.6127938276598512,3.68366560725174,-7.504521231735273,2.4272789972399775,-0.9614071573599913,-0.40086417365389004,0.07048498924700508,-1.3772069351994276,-3.8940359138639855,-2.3605957918682097,2.5418394022730526,3.388917976040386,8.634892287685284,-0.9986514104643024,1.780914226976458,-2.913034248939649,-0.5080417497667833,-7.0158626772334,1.5445712968571648,-1.6915187420710462,-1.191671284813202,4.426963386976476,-3.074487480313443,-3.8895468603861594,-0.9263969616324883,-0.3368279964377471,-1.8788744217862121,0.18576833212595123,-2.4507479388501916,1.4470340458224247,-2.438913601079569,6.376998710284271,1.347778083635419,-2.4779561070310767
-1.2983368690824268,-0.682043299418932,-1.6362209467342745,-1.2568659711539265,-0.331853807850695,-1.6470738378242393,-0.8993740235089729,0.3777254621775516,-0.9667668726688432,0.11602601407517463,-1.2676110746770721,-0.5666913939787341,-0.2634618399493483,-2.3955963312801556,0.4309632167441221,0.9237980919856138,0.6790261850013101,-0.3497079961288205,0.04301164859833519,-0.22167030307549893,-1.2206491745331485,0.3280017418757468,-0.9986514104643024,1.9968322932601275,-0.18928234003577166,1.2402543778811352,-0.08436385470531671,1.3110143120772777,2.0173372108701995,-1.4247317238791566,-0.018049834738725158,-0.9945259905371016,1.5227415162847893,1.0667972196938826,1.562413509149453,-1.57250749607381,-0.8302140078084779,0.4782927704895792,-0.11070031625513287,-0.03160018579052478,0.10916433082239677,0.2851416597613702,1.3746346374771727,0.6618064458074784
0.930084183091508,0.055596417860307425,0.39009660603863616,-0.43178151469096077,0.9855544124393298,0.7488552952275711,-0.48443624339326247,0.22177697108950556,0.07017685911584755,0.8022534651301695,0.7447108403353104,0.8020613277254238,-1.5731338053347756,0.4933880118943059,-0.1806219311521152,-0.06809503783587267,-0.0059684354379311855,-0.26680328098816514,-0.8008264212687574,-0.4712166617541603,0.5479430633720438,0.7538707528503088,1.780914226976458,-0.18928234003577166,0.3820246468771024,-0.61083450521388,-0.11493876628833889,-1.4164853333239213,0.3221256506141458,-0.3620072759352688,-0.2888934933538521,0.9573897147867491,-0.5987056940775733,-0.7815644037855068,-0.16931519435706943,-0.09132305848183231,-0.40556813478239223,0.034660708625878965,-0.5181381462342926,0.37636669188699506,-0.497058661594683,1.3277237787458518,0.34309747814404307,-0.5022016293483353
-1.8134187954226508,-0.44550245180136816,-1.5109087973675608,-0.20439308851588178,-1.4208240127596803,-1.8399628946697204,0.2730340542555236,-0.03089640269566849,-0.6725334664803719,-0.9654214407156042,-1.6554196980718001,-1.4174069739348372,2.099915191244605,-2.0364631815134495,0.4184887190701604,0.5685765063593795,0.47239159100839745,0.03059441549796395,1.072723191211801,0.4552580650417995,-1.3510257882252714,-0.9359606951508366,-2.913034248939649,1.2402543778811352,-0.61083450521388,1.6046645302584723,0.05276236136052698,2.5859457125139764,0.7939331576891979,-0.2557611866057408,0.43450100429336125,-1.9143514588386208,1.545425700203125,1.522410481537373,1.0778590103287191,-0.708588772017272,0.14500674715483888,0.18500392111863212,0.7651956121859436,-0.7922442342201359,0.679819454708396,-1.6538045281224751,0.24200607475846297,1.162114617435557
-0.19435645997518614,0.013816854315378374,0.06251279141874519,0.30127363381303457,-0.28754900594366645,-0.10924249620426203,0.21178432518993193,-0.13350248208996615,0.08129537517760003,-0.2948372684031665,-0.14433559641608054,-0.23895787553299028,0.5200164786499861,0.09605620942270775,0.036430159738358454,-0.05598256567407343,-0.0811853266406109,0.16473912226434903,0.2755499698093204,0.20096919414038059,-0.11541448710618979,-0.2801331408240391,-0.5080417497667833,-0.08436385470531671,-0.11493876628833889,0.05276236136052698,0.09471908624015385,0.3201964848642691,-0.34318354245262,0.22590647864033764,0.09904794453871293,-0.20320335760043684,0.06791823766503323,0.20534598955679992,-0.09878110097015852,0.19845380173143948,0.20454712878172196,-0.05077128655653681,0.13915858101337292,-0.07349502085970144,0.17613425552075124,-0.4689421081511863,-0.27308045352241184,0.043385280771844476
-4.354233517422384,-0.19206862704808808,-1.862211291869255,1.311262379582427,-4.213751286993989,-3.564532890789204,1.4897970635414794,-0.7986662360496465,-0.4314023236354423,-3.029700882623912,-3.114248632739677,-2.8187607552232503,5.733884101494614,-2.4938389341075236,0.9626469291729239,0.602675794464011,-0.008392257912354244,1.0383200132764312,3.099963324696057,1.7951106457122412,-2.1930227930405968,-2.4157073913167944,-7.0158626772334,1.3110143120772777,-1.4164853333239213,2.5859457125139764,0.3201964848642691,5.986990294316199,-0.7161355168383189,0.9808354903542666,0.8083063263240684,-3.581410172570567,2.944561006271212,3.384978662090589,1.1721306766540394,-0.21493947225885376,1.1722387075146892,-0.03669814334891569,1.8532006739001563,-0.8526703531589978,1.962510842860058,-4.863079901378055,-0.4934830664293976,2.1650501914564613
0.25112371115337306,-0.8644961670496644,-1.6089534565249588,-2.4154262627154273,1.4261539987959393,-0.6590147205349643,-1.654083132398919,0.9567259918500988,-1.223189853961555,1.484734556990446,-0.3955126056841317,0.2904704602422729,-2.515759546383646,-2.3583092304663213,0.08127713694058503,0.9500269781099328,1.0836810944956334,-1.1115549253155854,-1.2444335758282146,-1.1380302337243606,-0.7012588297034769,1.270651745082787,1.5445712968571648,2.0173372108701995,0.3221256506141458,0.7939331576891979,-0.34318354245262,-0.7161355168383189,3.25586046374475,-2.2825161813116885,-0.25626357580167675,-0.06381138993145341,0.7109740598906648,-0.11134879859305796,1.6446915525129384,-2.0239294980268703,-1.5116578096693372,0.6419053108889102,-0.688609428391214,-0.14897995992155552,-0.7348066081913819,2.329685903306468,1.969978899210936,0.20277014148917255
-0.3862239458687723,0.585996574157385,0.9062111219483096,1.757009887600504,-1.2720604630042727,0.26299058702995065,1.4168939676070396,-0.69036238076008,0.7837945904826198,-1.2806448809607742,0.03592708961927245,-0.5272211813332403,2.4125299190038105,1.4077496629821091,-0.051252224322196095,-0.6713417281745375,-0.6708631857027815,0.7617543593478294,1.1251676418706391,0.910072379511959,0.33010640598451985,-1.2377129217625957,-1.6915187420710462,-1.4247317238791566,-0.3620072759352688,-0.2557611866057408,0.22590647864033764,0.9808354903542666,-2.2825161813116885,1.759150547935288,0.33556080361966945,-0.38564109093817744,-0.3646491768418378,0.25856519050589766,-1.092034110782189,1.454659767501638,1.249243334734303,-0.4700830379535406,0.773195273272657,-0.2551941563646755,0.6441560122927206,-2.1193021045519043,-1.5430469876238218,0.13457702836471697
-0.34423955080264657,-0.08037280017059886,-0.2651693829376555,0.31203036025047154,-0.48579670313167883,-0.3080908900402341,0.46212192918448286,-0.1303909068596703,-0.06703857406503355,-0.5410299770356654,-0.47889902679706814,-0.7005479202939427,1.2339277047252968,-0.2789775006994881,0.012162557351639427,-0.045296655060984035,0.10862286321699148,0.09816523696302881,0.5117225055428,0.29787235100019505,-0.3946910019459375,-0.724396015135681,-1.191671284813202,-0.018049834738725158,-0.2888934933538521,0.43450100429336125,0.09904794453871293,0.8083063263240684,-0.25626357580167675,0.33556080361966945,0.3414184507262304,-0.7838966767433753,0.20206855567745688,0.3959834948785729,0.0013561385327227717,0.2004559829777121,0.404852200662586,-0.042713983598818214,0.4487172624085785,-0.6019755719512011,0.29927624496292254,-0.9907399332786895,-0.49141023364624453,0.3378901903531776
2.3106819032096055,0.4142930153574324,1.5482500340000112,-0.44499464103927255,2.165645206719281,2.1021522867270797,-0.924896392597619,0.3129791322983636,0.5577709681005998,1.7390183458905162,2.1496968509423624,2.2300776609989206,-3.6801272035670722,2.0305783056763373,-0.4089420989667422,-0.3927460000576513,-0.42280557125256146,-0.3533028318872352,-1.7995121462885324,-0.9605286062366952,1.6926464350456,1.8025251480012563,4.426963386976476,-0.9945259905371016,0.9573897147867491,-1.9143514588386208,-0.20320335760043684,-3.581410172570567,-0.06381138993145341,-0.38564109093817744,-0.7838966767433753,2.7467487675173263,-1.697994644442855,-1.9850277309430684,-0.884010732416926,0.26928854210765313,-0.7718248588031865,-0.07630829273357957,-1.2908632415113004,1.3171349809384574,-1.1183755321695998,3.034445098835444,0.5117755609571335,-1.4459290220523158
-2.401254689176252,-0.3687407050846993,-1.464429076617997,-0.10215530241770238,-1.84184657312616,-2.2364291310682076,0.04854774058972235,-0.12648729413996465,-0.6030557707138405,-1.0777545537644775,-1.7536883622006438,-1.180194508033013,1.8893830032632344,-2.0782756787747516,0.6564190990804899,0.7332963383816172,0.22866704057474632,0.2637645476392007,1.2027239700879964,0.5555075075962365,-1.368974347312018,-0.6134596916232202,-3.074487480313443,1.5227415162847893,-0.5987056940775733,1.545425700203125,0.06791823766503323,2.944561006271212,0.7109740598906648,-0.3646491768418378,0.20206855567745688,-1.697994644442855,1.961864467433733,1.854263654626736,1.2431655771904588,-0.9079689187815608,-0.0639417878551536,0.2157217100260331,0.5662122490513571,-0.09677057561404172,0.8079724369024281,-1.5925842010418727,0.6398659096041318,1.1251884208247573
-2.589109278960574,-0.2371866384503349,-1.1814928752482121,0.5536792366177411,-2.3339039296572737,-2.22171362144323,0.6084655816691991,-0.3914780025017127,-0.3524037946002945,-1.6115965222935065,-1.846730558348147,-1.5759277950508146,2.9513755499449816,-1.6509708441959023,0.635289139631322,0.48036271615387444,0.03558968465286913,0.5652301293314034,1.695711534692449,0.9443890470157551,-1.3991582404667513,-1.1916353982909653,-3.8895468603861594,1.0667972196938826,-0.7815644037855068,1.522410481537373,0.20534598955679992,3.384978662090589,-0.11134879859305796,0.25856519050589766,0.3959834948785729,-1.9850277309430684,1.854263654626736,2.067705161112231,0.8704016579736951,-0.34361158545348724,0.468262937558589,0.06714507741929583,0.9280552361493122,-0.32865471538481766,1.0899519535551039,-2.528866346951613,-0.04062886967591434,1.189988856732716
-1.0956376095586444,-0.5285606703122698,-1.3708984992005653,-1.020420423628833,-0.3414747985183292,-1.3670215031875443,-0.6380353793512248,0.3113824932040351,-0.7904722160911098,0.05512980758551608,-1.0478004640068426,-0.49915055012588294,-0.0477989864666136,-1.981721893226295,0.33999678264585576,0.7342098550698618,0.5654695601615543,-0.3057621331068341,0.09132314513162626,-0.15925333717063148,-0.9698110619201228,0.19873179102664956,-0.9263969616324883,1.562413509149453,-0.16931519435706943,1.0778590103287191,-0.09878110097015852,1.1721306766540394,1.6446915525129384,-1.092034110782189,0.0013561385327227717,-0.884010732416926,1.2431655771904588,0.8704016579736951,1.2740667967011627,-1.2562794988566224,-0.6149760936352591,0.3671558465621798,0.00925777877200829,-0.12190256314352345,0.1079494126888716,0.11793504257169737,1.0902446895445743,0.6343417678461437
0.4755856857241792,0.537543998225042,1.2053403203086845,1.423516518911058,-0.38518961928900924,0.8946359723217391,1.0785045671828886,-0.5102154641038611,0.8137419457016891,-0.658938951958922,0.5919547285726442,-0.061632662749139526,1.2707627323008628,1.789704668328375,-0.22996847005312673,-0.7513507222249876,-0.6113148164760198,0.5293668443173895,0.5156491203734861,0.5456769624136804,0.654922254006624,-0.7831357666974477,-0.3368279964377471,-1.57250749607381,-0.09132305848183231,-0.708588772017272,0.19845380173143948,-0.21493947225885376,-2.0239294980268703,1.454659767501638,0.2004559829777121,0.26928854210765313,-0.9079689187815608,-0.34361158545348724,-1.2562794988566224,1.4629168159043966,0.9931288870832948,-0.4399754756001368,0.4111347546325551,-0.16173823749955551,0.25925330406413266,-1.1480571797158923,-1.4422516502764324,-0.29354095807120667
-0.5533982855252377,0.29242907787045663,0.35093237917767167,1.224633703181658,-1.1332792301966652,-0.11638295667173837,1.1501188996060125,-0.5117338080959635,0.4160616525995479,-1.1323135050854605,-0.34588824319673156,-0.8455014197757279,2.3170974274386524,0.5987939821168041,-0.03224258142611533,-0.43735488303764136,-0.305231696057241,0.5454817999595285,1.0324037428624813,0.7950987820195491,-0.0964651354685693,-1.2046542812664727,-1.8788744217862121,-0.8302140078084779,-0.40556813478239223,0.14500674715483888,0.20454712878172196,1.1722387075146892,-1.5116578096693372,1.249243334734303,0.404852200662586,-0.7718248588031865,-0.0639417878551536,0.468262937558589,-0.6149760936352591,0.9931288870832948,1.054662158147254,-0.29790480887168536,0.7982342440889781,-0.5527703776008206,0.5976541584251811,-1.9911969889589984,-1.2352698771576913,0.3238473162574636
-0.05694137966673667,-0.1969840967360187,-0.34767234482624926,-0.458099596578025,0.21062078362737052,-0.2094928183608854,-0.3487142198937027,0.17391882086246432,-0.26025103411150324,0.2449866599342694,-0.15645289588695577,-0.006127745505841379,-0.45445461176737545,-0.5304083625870032,0.040511938467126224,0.2069489608643816,0.2116338364478457,-0.17551190820589443,-0.20171337224818495,-0.19222028258747412,-0.21658919446276162,0.24346998406820278,0.18576833212595123,0.4782927704895792,0.034660708625878965,0.18500392111863212,-0.05077128655653681,-0.03669814334891569,0.6419053108889102,-0.4700830379535406,-0.042713983598818214,-0.07630829273357957,0.2157217100260331,0.06714507741929583,0.3671558465621798,-0.4399754756001368,-0.29790480887168536,0.1562792544175036,-0.1380138830349894,0.008509393328374002,-0.11030553769656262,0.3999624270318622,0.39710889003849625,0.04166227814105148
-1.1049737993144915,0.03376443807229739,-0.36898813163104444,0.7424812401837545,-1.361212871311445,-0.8272984466036223,0.9432431378811885,-0.34333571604614316,0.015905368787241483,-1.1550906306108921,-0.8681199353094402,-1.134991933801936,2.468977493565015,-0.4067830358820601,0.15042477918905567,-0.08342343153197303,-0.024599521843672912,0.360737383697703,1.1553209664450754,0.7136368129051178,-0.5778749770716188,-1.2130790242607568,-2.4507479388501916,-0.11070031625513287,-0.5181381462342926,0.7651956121859436,0.13915858101337292,1.8532006739001563,-0.688609428391214,0.773195273272657,0.4487172624085785,-1.2908632415113004,0.5662122490513571,0.9280552361493122,0.00925777877200829,0.4111347546325551,0.7982342440889781,-0.1380138830349894,0.9110085355823624,-0.7340248121942695,0.6739195040598818,-2.0401818637948312,-0.7502082620816484,0.7324201738817465
0.08808132904582769,0.2818482407727351,0.6404200599751146,-0.02123060243381304,0.23478434798268574,0.2799625430977675,-0.6215950350267533,-0.012234718146361043,0.3016249694504179,0.49715851242025394,0.6853912905562908,1.1745922555000914,-1.6311726775569788,0.7169908758569808,0.15448074771082695,0.0596849842740096,-0.4836394496156668,0.1701586128676667,-0.5110552751685506,-0.22667346702296873,0.6415912415078081,1.101572255551377,1.4470340458224247,-0.03160018579052478,0.37636669188699506,-0.7922442342201359,-0.07349502085970144,-0.8526703531589978,-0.14897995992155552,-0.2551941563646755,-0.6019755719512011,1.3171349809384574,-0.09677057561404172,-0.32865471538481766,-0.12190256314352345,-0.16173823749955551,-0.5527703776008206,0.008509393328374002,-0.7340248121942695,1.4163299918017425,-0.25556927140689,1.2090342006345833,0.7219444958687283,-0.5695546736555616
-1.3814439402901144,0.04474155479539105,-0.31809174345126845,0.7923710219484876,-1.5133456381643702,-1.0090896891781935,0.7132673298792925,-0.3986035297833693,0.060399792226921455,-1.1771500656758707,-0.914893538761324,-0.9548923935744982,2.169726498837705,-0.4001315791369411,0.2894517894804374,0.043870452663006015,-0.17445689249414048,0.5088326599694435,1.177496044538779,0.7378608263022278,-0.6035991141221191,-0.9650808470634304,-2.438913601079569,0.10916433082239677,-0.497058661594683,0.679819454708396,0.17613425552075124,1.962510842860058,-0.7348066081913819,0.6441560122927206,0.29927624496292254,-1.1183755321695998,0.8079724369024281,1.0899519535551039,0.1079494126888716,0.25925330406413266,0.5976541584251811,-0.11030553769656262,0.6739195040598818,-0.25556927140689,0.7392904958129205,-1.8851240774160223,-0.49086923357611123,0.6174947111974921
3.1421396739388325,-0.22522641869095453,0.6087734172073858,-2.307584587662804,3.7934467714571003,2.164253493902922,-2.2885998182755705,1.1052384862214906,-0.28251736254287185,3.159440838997662,2.2199422153888553,2.7088268708408174,-6.179439010992554,0.6523285820825312,-0.5066053238368331,0.20231331168043287,0.3899741650044551,-1.2885336744267417,-3.0821664240583795,-2.023432201055373,1.4064992916643322,2.925838539902601,6.376998710284271,0.2851416597613702,1.3277237787458518,-1.6538045281224751,-0.4689421081511863,-4.863079901378055,2.329685903306468,-2.1193021045519043,-0.9907399332786895,3.034445098835444,-1.5925842010418727,-2.528866346951613,0.11793504257169737,-1.1480571797158923,-1.9911969889589984,0.3999624270318622,-2.0401818637948312,1.2090342006345833,-1.8851240774160223,5.288556209230388,1.881341851691378,-1.6062167806971204
-0.152395633756993,-0.3445176133537535,-0.830224460522254,-1.5017983973681133,0.7047518669679967,-0.5464980415634412,-1.3338636124069723,0.5415449126783145,-0.642366670236454,1.0312343904946195,-0.08434796055838553,0.7433312143573972,-2.162922903828811,-1.3091090743490077,0.2187209815886756,0.7125541184059057,0.4233644338595604,-0.5601478283386515,-0.9085970930488624,-0.7273743098998695,-0.18091807655813263,1.3317429677376487,1.347778083635419,1.3746346374771727,0.34309747814404307,0.24200607475846297,-0.27308045352241184,-0.4934830664293976,1.969978899210936,-1.5430469876238218,-0.49141023364624453,0.5117755609571335,0.6398659096041318,-0.04062886967591434,1.0902446895445743,-1.4422516502764324,-1.2352698771576913,0.39710889003849625,-0.7502082620816484,0.7219444958687283,-0.49086923357611123,1.881341851691378,1.7527773360338128,-0.003001894804560149
-1.5089175522739409,-0.17000479157288628,-0.9826597072465441,0.13996637052217542,-1.3688352729363071,-1.3825539677235403,0.465458531675561,-0.14870783884311164,-0.3572424781881951,-0.9503851587160805,-1.2193131542765328,-1.0782935789094983,2.0162891855150167,-1.2896109724249873,0.32458167083917694,0.31617709515089804,0.2192007857947547,0.15065122555966703,0.9973323082479042,0.5158047491358329,-0.8911182201944244,-0.8674705582404953,-2.4779561070310767,0.6618064458074784,-0.5022016293483353,1.162114617435557,0.043385280771844476,2.1650501914564613,0.20277014148917255,0.13457702836471697,0.3378901903531776,-1.4459290220523158,1.1251884208247573,1.189988856732716,0.6343417678461437,-0.29354095807120667,0.3238473162574636,0.04166227814105148,0.7324201738817465,-0.5695546736555616,0.6174947111974921,-1.6062167806971204,-0.003001894804560149,0.9524041020852765
