V1,V2,V3,V4,V5,V6,V7,V8,V9,V10,V11,V12,V13,V14,V15,V16,V17,V18,V19,V20,V21,V22,V23,V24,V25,V26,V27,V28,V29,V30,V31,V32,V33,V34,V35,V36,V37,V38,V39,V40,V41,V42,V43,V44
10.000260300469892,-8.242150993762834,4.590982423541721,5.461398368046939,4.900403950604349,0.14683902538926222,4.385728791293495,5.263528856408527,0.46722527945617787,1.1791559323802452,10.82010834096307,4.926401813692421,-5.248526183720026,8.250339114253492,7.863064795735467,1.534697413396391,-9.342167617420058,-2.559005197700298,8.008994581011143,-10.050993679835546,-1.4255524723375173,-4.883096273487595,6.743479783863405,-1.8565692816991595,-1.4526318005522931,3.608243269512507,2.5304877265876113,-3.8338454059769624,3.513407403594222,-1.135730135837699,2.8621735349916624,2.8929561182980112,2.38961685087115,4.911437492608656,-1.8751038921801118,3.829637032408245,-5.591631729305282,-0.2513238802288011,2.0048705207250777,-2.1912217086575367,0.9145708337722664,6.500458970721632,-6.8332855058510376,-1.0854673353934603
-8.242150993762834,7.831920315791948,-3.2923182001349875,-4.442902392014346,-4.011449529634512,0.8004137511556746,-3.715434292386317,-4.92786546261247,0.045526246596874695,-0.9832618035990307,-9.020639534001967,-3.972139418947441,4.448053668745038,-6.213749182435005,-7.347646281161706,-1.7817084815391557,8.112961768776723,2.4498767917484185,-7.442699855893773,9.114819458961659,1.950295322180004,4.4669003113768895,-5.203444140030926,0.7272857086320003,1.4857397464898479,-4.064449857257835,-2.2496518305091113,2.4652924641233716,-4.1312950030832685,1.5961022205875375,-2.622543310750551,-1.9269588447657402,-3.048731100521087,-5.1246101070731624,0.9553954161495295,-2.788582294761314,5.3146213678133325,-0.027038191120742055,-1.9623434203702481,2.165476629166113,-1.028583107909138,-5.673621310482657,5.644969113005792,0.4854450705403633
4.590982423541721,-3.2923182001349875,2.5800889371502884,2.8666753713266435,2.0463491293299603,0.5734911599798485,2.2246675319353515,2.088189248052945,0.5602533094420835,0.40320278568966833,4.983694333738422,2.2296722103192805,-2.0204388126148047,4.3513462592548,3.229058632407975,0.2962555675997824,-4.251672380033096,-0.9014551354151078,3.4587807902210077,-4.146113876414556,-0.19961521014492117,-2.235208652728582,3.065012656978669,-1.4490807668948256,-0.5801723208586201,1.1450541855313934,1.129024299645513,-1.9367118640084664,0.7327350986846196,0.046604502555154685,1.200671062515808,1.5693487908682882,0.5967016809097179,1.8168161051966767,-1.3829198606506465,2.2369913220529622,-2.0474597093732023,-0.23478364296917958,0.9275313313786472,-0.8741374093286438,0.43920552543594693,2.5411547806479224,-3.427760862224908,-0.6787676228539139
5.461398368046939,-4.442902392014346,2.8666753713266435,3.6174160481525575,2.323457297084081,0.17598086258879667,2.89244508478702,2.7260202172856767,0.5063651474280858,0.274096030096437,6.0314601895705415,2.5586285044626633,-2.1735916026039614,5.053277909314165,4.369976715213297,0.6145553201363049,-5.417283039061113,-1.1794682789745936,4.802859537366542,-5.319955749309867,-0.6939379684524724,-3.1057732305335572,3.2308838670688576,-1.4652258695171103,-0.9245936640912392,1.9375797225574996,1.489644162593065,-1.8180570776453553,1.2571959092579392,-0.08866617119746319,1.6867469568418203,1.5107253875898243,1.242631650360279,2.8332383995943715,-1.4183672979959188,2.617197356933238,-2.709101486630174,-0.2492936168670097,1.3691771751634563,-1.3039342596220613,0.7320657191499758,2.9625190320234704,-4.316581811938091,-0.5668296425038928
4.900403950604349,-4.011449529634512,2.0463491293299603,2.323457297084081,2.6298885893898567,0.03643927508974742,1.8718132418885671,2.6142303579510098,0.09947030454973534,0.7469780410593566,5.230955635351626,2.496003718028738,-2.9344177647248837,3.7707365036261145,3.784093542067592,0.8905883660935237,-4.3926405292565835,-1.3548907397416345,3.6887376266150556,-4.975483976251281,-0.7423989974389231,-2.139972649689269,3.546394461919797,-0.7026727539174537,-0.6354522533977546,1.7338895692103722,1.1911382361336624,-2.0726534009710202,2.0121117953557626,-0.8168958293958618,1.350735024678904,1.446824261391486,1.1348385022762106,2.285443567297528,-0.7006610885190074,1.5867626621300057,-2.910443326010906,-0.1003930916944466,0.8065722913789818,-1.010614001270674,0.29637115302055583,3.4935607869202956,-3.026455690702563,-0.5728623633523582
0.14683902538926222,0.8004137511556746,0.5734911599798485,0.17598086258879667,0.03643927508974742,0.8849824198104034,-0.009270207311844062,-0.44587715281467744,0.4311261318399807,0.05039806638418124,0.06076045564379434,0.1390617859022709,0.037719719362363124,0.6975683652771142,-0.686967958784978,-0.5256769889031212,0.23615161197998027,0.28823365601576195,-0.6932791965685625,0.6121403252755598,0.7389974339733921,0.34413825516294805,0.43615794856544887,-0.7752169461185531,0.25391202123191564,-0.9362220424532148,-0.12583371148113065,-0.6527960224626396,-1.0701905855533131,0.6076227974420152,-0.25042839868135197,0.5173922469541284,-0.9128038841613336,-0.9120970777387434,-0.6358027854931585,0.44862696266731816,0.6040157647158714,-0.16392433374238322,-0.22643781226785067,0.3145725973784836,-0.19537386153324543,-0.2074851337236163,-0.1143933328744294,-0.37593051861404486
4.385728791293495,-3.715434292386317,2.2246675319353515,2.89244508478702,1.8718132418885671,-0.009270207311844062,2.349881417694186,2.274236015877293,0.33070154965093357,0.20736406191003878,4.8623241266545945,2.041801282574903,-1.7456883918890669,3.9602514407380682,3.6421610615063162,0.5860497202150988,-4.411165696377393,-1.0022718622785556,4.000690815678496,-4.398936573474703,-0.6847524293384664,-2.5735899909277826,2.531931088584939,-1.0560707420052518,-0.7906808765452134,1.7323581494447127,1.2275982492124016,-1.361933473594241,1.1944109067826683,-0.1685272647703179,1.4106509812094912,1.1316869140868722,1.1510110508331821,2.4386293041710685,-1.0388910653924235,2.0422949279613554,-2.2877727794698917,-0.171853550839228,1.148765140582233,-1.112212364007315,0.6226699894245936,2.419101568405657,-3.468383939739494,-0.3983754008746364
5.263528856408527,-4.92786546261247,2.088189248052945,2.7260202172856767,2.6142303579510098,-0.44587715281467744,2.274236015877293,3.1723571224725378,-0.05161550886663637,0.6912751408361173,5.759877152207264,2.5697749579887113,-2.9794817301470964,3.8827944292312973,4.621554193302131,1.1362461539726199,-5.106594204674547,-1.5993714606221154,4.609834758567576,-5.802448310431007,-1.1957922686048248,-2.7493691875248993,3.4528710525931405,-0.42440290971007727,-0.9141436475371935,2.485306021267635,1.374499387237253,-1.6817882101506323,2.6653438749793064,-1.0793525665970694,1.6432302949433697,1.262972574629385,1.8846564199779452,3.153345207671416,-0.5830623339865312,1.7004006685160837,-3.4090723906425944,0.013265689696312583,1.1966317138236076,-1.3390971805607865,0.5611855504297829,3.7204779736211693,-3.501618463733157,-0.3316619638694472
0.46722527945617787,0.045526246596874695,0.5602533094420835,0.5063651474280858,0.09947030454973534,0.4311261318399807,0.33070154965093357,-0.05161550886663637,0.3139828223765313,-0.05399696862917445,0.49771267409677317,0.21147592293780085,0.04065855005437017,0.844819653820982,0.0272735809274009,-0.24336202257056697,-0.37299367631932595,0.11010788324887544,0.15925745202195288,-0.06195556352566794,0.3007973429023947,-0.1894385800720601,0.3061960132466713,-0.585487043237086,0.017257908651080334,-0.28913496810033323,0.09118494477036347,-0.35977544932954314,-0.5727557620710944,0.40653469884645865,0.03833113597070893,0.3268151378330445,-0.34372057419369784,-0.15750161301603396,-0.48735067295047846,0.5362530319198174,0.16171725739707082,-0.13652591762718452,0.0604135055863167,0.019680780214384304,0.039813551919608815,-0.04014398072287759,-0.5251808915591641,-0.21086027029821233
1.1791559323802452,-0.9832618035990307,0.40320278568966833,0.274096030096437,0.7469780410593566,0.05039806638418124,0.20736406191003878,0.6912751408361173,-0.05399696862917445,0.44603992574563806,1.173904234700557,0.6645853252146142,-1.063100480213723,0.6990520827158943,0.8107221531449914,0.20648812743728162,-0.8659332917916361,-0.4054146118816918,0.5543907013890721,-1.246918631924874,-0.11094738589349458,-0.22758024940351737,1.134548261071186,0.016570926122675925,-0.047186468829454986,0.41210813531579943,0.2116657725205805,-0.629783433051178,0.8025014099866702,-0.42302544706789563,0.1689956897410445,0.5004489613092954,0.3104073197346583,0.4137857486710277,-0.08206115347974877,0.19961507776726262,-0.7992358774795398,0.11085074634962784,0.06350082135438838,-0.14129102960239626,-3.1617237068131906e-4,1.1272659879370723,-0.43779906368754573,-0.159072860905333
10.82010834096307,-9.020639534001967,4.983694333738422,6.0314601895705415,5.230955635351626,0.06076045564379434,4.8623241266545945,5.759877152207264,0.49771267409677317,1.173904234700557,11.784426334852888,5.2967877375011,-5.559044615349574,8.94817498714355,8.644904429836535,1.7013311193493743,-10.251091894944091,-2.7781113841513587,8.892542127984127,-10.950009421912572,-1.6350370499890574,-5.45452169962892,7.162598589046393,-1.9992721036397758,-1.6490724897347069,3.995381158955135,2.7645864898492776,-4.02521070956438,3.7941683639947184,-1.2070537973642328,3.1850166398983197,3.025696804907554,2.6894189240941015,5.479853113750001,-2.0182835564326793,4.189833606821431,-6.0800021544670395,-0.3033066491386915,2.2730752832468153,-2.44631977442504,1.034148176821396,6.948955576999418,-7.5274558826066045,-1.1192155172501048
4.926401813692421,-3.972139418947441,2.2296722103192805,2.5586285044626633,2.496003718028738,0.1390617859022709,2.041801282574903,2.5697749579887113,0.21147592293780085,0.6645853252146142,5.2967877375011,2.47888883131247,-2.7334464727547947,4.006164874025455,3.7805254984695305,0.7561635680608869,-4.498345366602083,-1.275793879247568,3.7683955736175014,-4.913093858756992,-0.6425599347495545,-2.250298663293443,3.462407313764872,-0.8898342606378554,-0.6605166912425787,1.6789518164882926,1.2047217555283818,-2.010078391180838,1.763939942099788,-0.6121998550446952,1.3550228426270476,1.4921236074382964,1.0946333769308738,2.283390644899397,-0.8994894824250173,1.8051358853862585,-2.7669620728807645,-0.11161621123351842,0.89661687156564,-1.016684339225756,0.37283017355396497,3.317970078840378,-3.230580116063588,-0.5776075059971028
-5.248526183720026,4.448053668745038,-2.0204388126148047,-2.1735916026039614,-2.9344177647248837,0.037719719362363124,-1.7456883918890669,-2.9794817301470964,0.04065855005437017,-1.063100480213723,-5.559044615349574,-2.7334464727547947,3.5697293017778255,-3.7086920589385235,-4.080009711754081,-1.0351091606442038,4.581097207590316,1.6001771447280928,-3.728088458796842,5.5058704931921465,0.8416094983708193,2.0672923360126174,-4.060540764501748,0.43141831362548244,0.6215769006977734,-1.9507164075650887,-1.1925330681681936,2.2781822753856384,-2.6432112293156376,1.2199057267744728,-1.3408166023024577,-1.6132182521998664,-1.3957065148301417,-2.4473679244508673,0.5567355072770337,-1.425677187683645,3.3333828774482095,-0.03170221749940841,-0.771410026817289,1.023713734202949,-0.2360594223060538,-4.101631448015967,2.937999789032551,0.5694485156095971
8.250339114253492,-6.213749182435005,4.3513462592548,5.053277909314165,3.7707365036261145,0.6975683652771142,3.9602514407380682,3.8827944292312973,0.844819653820982,0.6990520827158943,8.94817498714355,4.006164874025455,-3.7086920589385235,7.614881414931598,6.074512184060313,0.7836796093206135,-7.729444050574472,-1.7266019469598963,6.478938700147361,-7.698865838694963,-0.6762491744157378,-4.106947073373769,5.390257953349168,-2.3448420576932,-1.133198514945095,2.3788035593562165,2.103770054679926,-3.2978603542395613,1.71454866997116,-0.1439777029743506,2.2813792720614408,2.6205019353785524,1.3509371816486453,3.6055665079388093,-2.2069758116430855,3.807738409456746,-3.9397449175818204,-0.3930249173661454,1.7022829915493725,-1.6865862293504963,0.8386469189332825,4.725565248241241,-6.103684707935351,-1.0990664166558948
7.863064795735467,-7.347646281161706,3.229058632407975,4.369976715213297,3.784093542067592,-0.686967958784978,3.6421610615063162,4.621554193302131,0.0272735809274009,0.8107221531449914,8.644904429836535,3.7805254984695305,-4.080009711754081,6.074512184060313,6.9721293163200375,1.657992393996114,-7.78981104239592,-2.272894866777457,7.167486043641437,-8.591608723246692,-1.8130161147285515,-4.338982816787718,4.882221500141925,-0.854791002301933,-1.4409507023346642,3.7518844680907955,2.1547051657983474,-2.3684080679101513,3.66909597826002,-1.3558723082263078,2.553750832147772,1.809965438587903,2.778489215853117,4.834604275337381,-1.0075066189178181,2.7702449394252446,-4.959067953961055,-0.06298984975333026,1.9002648478815953,-2.075284147474057,0.9688113414231377,5.266261829092446,-5.510828880616144,-0.49217810387807137
1.534697413396391,-1.7817084815391557,0.2962555675997824,0.6145553201363049,0.8905883660935237,-0.5256769889031212,0.5860497202150988,1.1362461539726199,-0.24336202257056697,0.20648812743728162,1.7013311193493743,0.7561635680608869,-1.0351091606442038,0.7836796093206135,1.657992393996114,0.6568244267650247,-1.5816060625180677,-0.6393487145414128,1.6322008783149258,-2.0137766080077846,-0.7082869840487431,-0.9070489873413465,0.9320692463003402,0.25336353683902335,-0.36258309374445413,1.10401480448753,0.459744913215508,-0.33778348174500966,1.3094747854987001,-0.6654862665447803,0.6184542750533503,0.13741698015693946,0.8935139318641454,1.2795335927978053,0.19821294659106037,0.20202083835406978,-1.3588473927103997,0.02497873920042528,0.37149118358613886,-0.5229499149736788,0.17072618542173423,1.3088721632374682,-0.8960748298158339,0.02505184632781829
-9.342167617420058,8.112961768776723,-4.251672380033096,-5.417283039061113,-4.3926405292565835,0.23615161197998027,-4.411165696377393,-5.106594204674547,-0.37299367631932595,-0.8659332917916361,-10.251091894944091,-4.498345366602083,4.581097207590316,-7.729444050574472,-7.78981104239592,-1.5816060625180677,9.111366289786627,2.431935184045741,-8.135845662730265,9.66908189548812,1.6579272887068721,5.022407164600355,-5.8862018629415065,1.6222370231504282,1.5736039697399917,-3.80205336954781,-2.488462774118185,3.142114598780032,-3.4400870440999265,1.0704955709942927,-2.898088412200593,-2.415786248709525,-2.65594510067733,-5.154286164962388,1.672973376075289,-3.6773426314944166,5.369362404660775,0.24178740258645348,-2.1593503783270998,2.279292709532072,-1.0662917602512263,-5.8899654278148965,6.718031533540707,0.8204349434295783
-2.559005197700298,2.4498767917484185,-0.9014551354151078,-1.1794682789745936,-1.3548907397416345,0.28823365601576195,-1.0022718622785556,-1.5993714606221154,0.11010788324887544,-0.4054146118816918,-2.7781113841513587,-1.275793879247568,1.6001771447280928,-1.7266019469598963,-2.272894866777457,-0.6393487145414128,2.431935184045741,0.8473338021704087,-2.1962774165417973,2.897349404243453,0.6449898032739538,1.2703951426464273,-1.7555816627894878,0.06681815321854921,0.4330681130435888,-1.26980668944839,-0.6541010119387033,0.8508034636537521,-1.4948213450823604,0.6736502821519967,-0.7975793977635569,-0.593230302323036,-0.974286182810182,-1.5485654710437502,0.15705346484068095,-0.6837692077193863,1.772614122927927,-0.03131478323181702,-0.533076801790533,0.6495996822439591,-0.22432085604973576,-1.9503590710685936,1.5703045108165645,0.1483620112384934
8.008994581011143,-7.442699855893773,3.4587807902210077,4.802859537366542,3.6887376266150556,-0.6932791965685625,4.000690815678496,4.609834758567576,0.15925745202195288,0.5543907013890721,8.892542127984127,3.7683955736175014,-3.728088458796842,6.478938700147361,7.167486043641437,1.6322008783149258,-8.135845662730265,-2.1962774165417973,7.6314489358262545,-8.654374217802463,-1.8543260157682941,-4.727441405153779,4.66629548182582,-1.1285037320495381,-1.5620480208985672,3.8097007440215616,2.2794320036809705,-2.2748261043542497,3.3294383705349033,-1.0856989232277174,2.7277821986866546,1.7348032142667045,2.7675767673794813,5.037455226709944,-1.1936275297204628,3.0954646826348338,-4.887875590756644,-0.19781826981184122,2.0830801556629948,-2.2073302759524194,1.1001558700148302,4.997749298532934,-5.95972853264486,-0.49929904098222616
-10.050993679835546,9.114819458961659,-4.146113876414556,-5.319955749309867,-4.975483976251281,0.6121403252755598,-4.398936573474703,-5.802448310431007,-0.06195556352566794,-1.246918631924874,-10.950009421912572,-4.913093858756992,5.5058704931921465,-7.698865838694963,-8.591608723246692,-2.0137766080077846,9.66908189548812,2.897349404243453,-8.654374217802463,10.810576826094,2.0812659600133876,5.193925798820737,-6.58330933504972,1.1299689780352025,1.6753975106188281,-4.498450987817099,-2.645127251612701,3.3567987529997265,-4.642849382595145,1.771901944204191,-3.0860662440038085,-2.534608310471536,-3.270496610434219,-5.768686788848184,1.3231089048720333,-3.4369514582029765,6.2613495883922985,0.055040312683899195,-2.215776061207329,2.4739067477093863,-1.0706649567546345,-6.902710638771339,6.764392718271922,0.7664683605275462
-1.4255524723375173,1.950295322180004,-0.19961521014492117,-0.6939379684524724,-0.7423989974389231,0.7389974339733921,-0.6847524293384664,-1.1957922686048248,0.3007973429023947,-0.11094738589349458,-1.6350370499890574,-0.6425599347495545,0.8416094983708193,-0.6762491744157378,-1.8130161147285515,-0.7082869840487431,1.6579272887068721,0.6449898032739538,-1.8543260157682941,2.0812659600133876,0.8787456189314136,1.0706830790996686,-0.6619278153226709,-0.36969913506589686,0.4535343521021898,-1.337851160918474,-0.4974803233573118,0.04498877231916306,-1.4372638341141297,0.6892134689712581,-0.6872162368446206,0.028956041407926746,-1.1274577193175894,-1.5469081995413423,-0.27462986934771044,-0.1898028254828961,1.3864341976052608,-0.07404676169964987,-0.5045185320745907,0.6171389336036394,-0.2859814378617473,-1.1802152139574031,0.9702763303897264,-0.15419733962852328
-4.883096273487595,4.4669003113768895,-2.235208652728582,-3.1057732305335572,-2.139972649689269,0.34413825516294805,-2.5735899909277826,-2.7493691875248993,-0.1894385800720601,-0.22758024940351737,-5.45452169962892,-2.250298663293443,2.0672923360126174,-4.106947073373769,-4.338982816787718,-0.9070489873413465,5.022407164600355,1.2703951426464273,-4.727441405153779,5.193925798820737,1.0706830790996686,3.02235608269463,-2.736010208451894,0.8510540395175773,0.9743238930730943,-2.265870297935735,-1.4033380178025368,1.3555432908526939,-1.7784877168924795,0.48169694966157706,-1.6941641240469594,-1.0453374370355955,-1.6069725928397138,-3.0549480169827166,0.8543851202633256,-2.0410580440564505,2.851472405348863,0.17886081391014366,-1.33433363618599,1.357925997850274,-0.7111479586741912,-2.8413689986479564,3.796954109939737,0.3212676900600107
6.743479783863405,-5.203444140030926,3.065012656978669,3.2308838670688576,3.546394461919797,0.43615794856544887,2.531931088584939,3.4528710525931405,0.3061960132466713,1.134548261071186,7.162598589046393,3.462407313764872,-4.060540764501748,5.390257953349168,4.882221500141925,0.9320692463003402,-5.8862018629415065,-1.7555816627894878,4.66629548182582,-6.58330933504972,-0.6619278153226709,-2.736010208451894,5.088904273458767,-1.220599788376703,-0.7453191574014539,2.0145631709273393,1.5322632238364802,-3.063852204057316,2.4154754535685954,-0.9124450547503338,1.6759208114185464,2.254186667841292,1.258224287813058,2.7466643428992574,-1.2506363535115819,2.3542002378497813,-3.7269371778424527,-0.11659895093944465,1.0334276105055784,-1.2203722833548756,0.34167067465603695,4.73266659454719,-4.147162557415194,-0.907288195882147
-1.8565692816991595,0.7272857086320003,-1.4490807668948256,-1.4652258695171103,-0.7026727539174537,-0.7752169461185531,-1.0560707420052518,-0.42440290971007727,-0.585487043237086,0.016570926122675925,-1.9992721036397758,-0.8898342606378554,0.43141831362548244,-2.3448420576932,-0.854791002301933,0.25336353683902335,1.6222370231504282,0.06681815321854921,-1.1285037320495381,1.1299689780352025,-0.36969913506589686,0.8510540395175773,-1.220599788376703,1.2499067963734816,0.1303133254138008,0.15376177688190137,-0.428270120746972,1.0486027576014858,0.6933782519164664,-0.6313655536165196,-0.40117292012297034,-0.8479369752396672,0.40621119416460233,-0.21382035581211067,1.0459222139112523,-1.3353089054522447,0.2802489393963667,0.2881358749100783,-0.31400227205534514,0.20275129995147123,-0.13567377148057277,-0.5840097152347861,1.639084376075567,0.4937970328074753
-1.4526318005522931,1.4857397464898479,-0.5801723208586201,-0.9245936640912392,-0.6354522533977546,0.25391202123191564,-0.7906808765452134,-0.9141436475371935,0.017257908651080334,-0.047186468829454986,-1.6490724897347069,-0.6605166912425787,0.6215769006977734,-1.133198514945095,-1.4409507023346642,-0.36258309374445413,1.5736039697399917,0.4330681130435888,-1.5620480208985672,1.6753975106188281,0.4535343521021898,0.9743238930730943,-0.7453191574014539,0.1303133254138008,0.34948089254497994,-0.8304086708980893,-0.4408529929598267,0.2857273382886808,-0.7065947921132846,0.2387232335952997,-0.5672503238259604,-0.21653661218341752,-0.6444796679629557,-1.0857310655210062,0.15872710498944234,-0.5464348265318426,0.9598153916416106,0.026708848959255654,-0.45416452433443877,0.47180969510401416,-0.24379984572280508,-0.8969598088059026,1.1460051340385728,0.0230646144067654
3.608243269512507,-4.064449857257835,1.1450541855313934,1.9375797225574996,1.7338895692103722,-0.9362220424532148,1.7323581494447127,2.485306021267635,-0.28913496810033323,0.41210813531579943,3.995381158955135,1.6789518164882926,-1.9507164075650887,2.3788035593562165,3.7518844680907955,1.10401480448753,-3.80205336954781,-1.26980668944839,3.8097007440215616,-4.498450987817099,-1.337851160918474,-2.265870297935735,2.0145631709273393,0.15376177688190137,-0.8304086708980893,2.518489448338237,1.1203934026281508,-0.6332358198292128,2.557105198942278,-1.0718257371316264,1.3222700914013883,0.5618481600892714,1.9984296187683275,2.9204524124118167,-0.06280281566722873,1.0219167314878979,-2.7558120848541483,0.16290450624807595,1.0535347961399757,-1.1815753401351428,0.6530744188917309,2.6323034259392672,-2.4914155800144138,0.027450573901037643
2.5304877265876113,-2.2496518305091113,1.129024299645513,1.489644162593065,1.1911382361336624,-0.12583371148113065,1.2275982492124016,1.374499387237253,0.09118494477036347,0.2116657725205805,2.7645864898492776,1.2047217555283818,-1.1925330681681936,2.103770054679926,2.1547051657983474,0.459744913215508,-2.488462774118185,-0.6541010119387033,2.2794320036809705,-2.645127251612701,-0.4974803233573118,-1.4033380178025368,1.5322632238364802,-0.428270120746972,-0.4408529929598267,1.1203934026281508,0.7187885535768669,-0.8024890255116033,0.9675745636629264,-0.29350299922386025,0.8024045582109497,0.632608363489593,0.7655917404027126,1.46745216899304,-0.4316328467352035,1.0070069405762545,-1.4773106122036699,-0.05804768706290444,0.5984162410502671,-0.6438608685261262,0.3378541120043083,1.573842757606062,-1.8403198045826137,-0.21219072777259435
-3.8338454059769624,2.4652924641233716,-1.9367118640084664,-1.8180570776453553,-2.0726534009710202,-0.6527960224626396,-1.361933473594241,-1.6817882101506323,-0.35977544932954314,-0.629783433051178,-4.02521070956438,-2.010078391180838,2.2781822753856384,-3.2978603542395613,-2.3684080679101513,-0.33778348174500966,3.142114598780032,0.8508034636537521,-2.2748261043542497,3.3567987529997265,0.04498877231916306,1.3555432908526939,-3.063852204057316,1.0486027576014858,0.2857273382886808,-0.6332358198292128,-0.8024890255116033,2.1084630051330486,-0.8077542358364763,0.24512649544443216,-0.8485687387780563,-1.4669857173750063,-0.1864637364696948,-1.0559319279273147,0.931650838656626,-1.465568808127747,1.82334331335098,0.21422949737890742,-0.41539913082785695,0.5306329234592211,-0.03870608729327868,-2.5532536482249313,2.322361870805941,0.7256093916895915
3.513407403594222,-4.1312950030832685,0.7327350986846196,1.2571959092579392,2.0121117953557626,-1.0701905855533131,1.1944109067826683,2.6653438749793064,-0.5727557620710944,0.8025014099866702,3.7941683639947184,1.763939942099788,-2.6432112293156376,1.71454866997116,3.66909597826002,1.3094747854987001,-3.4400870440999265,-1.4948213450823604,3.3294383705349033,-4.642849382595145,-1.4372638341141297,-1.7784877168924795,2.4154754535685954,0.6933782519164664,-0.7065947921132846,2.557105198942278,0.9675745636629264,-0.8077542358364763,3.2919390761974894,-1.647707617075047,1.1663138503946051,0.5969292930714817,2.1421663598462586,2.7926693311757456,0.3582097540738568,0.44182834169052027,-3.082319363622945,0.3280796618865719,0.804463212694753,-1.0663815134826737,0.4218763937985887,3.2161881475983245,-1.8485694254019953,0.06289455229291058
-1.135730135837699,1.5961022205875375,0.046604502555154685,-0.08866617119746319,-0.8168958293958618,0.6076227974420152,-0.1685272647703179,-1.0793525665970694,0.40653469884645865,-0.42302544706789563,-1.2070537973642328,-0.6121998550446952,1.2199057267744728,-0.1439777029743506,-1.3558723082263078,-0.6654862665447803,1.0704955709942927,0.6736502821519967,-1.0856989232277174,1.771901944204191,0.6892134689712581,0.48169694966157706,-0.9124450547503338,-0.6313655536165196,0.2387232335952997,-1.0718257371316264,-0.29350299922386025,0.24512649544443216,-1.647707617075047,0.9490223916100695,-0.39171302840432715,-0.10142252828161856,-0.9667835519271036,-1.0750294587301752,-0.4514988499188422,0.20067311895152826,1.3338419133799824,-0.1862509328898995,-0.1985940040896304,0.3818855360096789,-0.07059930706727349,-1.3901048376331897,0.3258131133191166,-0.1010620505162064
2.8621735349916624,-2.622543310750551,1.200671062515808,1.6867469568418203,1.350735024678904,-0.25042839868135197,1.4106509812094912,1.6432302949433697,0.03833113597070893,0.1689956897410445,3.1850166398983197,1.3550228426270476,-1.3408166023024577,2.2813792720614408,2.553750832147772,0.6184542750533503,-2.898088412200593,-0.7975793977635569,2.7277821986866546,-3.0860662440038085,-0.6872162368446206,-1.6941641240469594,1.6759208114185464,-0.40117292012297034,-0.5672503238259604,1.3222700914013883,0.8024045582109497,-0.8485687387780563,1.1663138503946051,-0.39171302840432715,1.0154198052595087,0.5765304013727907,0.9431897159625214,1.7797267389114309,-0.38692006599933737,1.0613780021887667,-1.7594277074872815,-0.10856070314339779,0.7304184974059886,-0.7950261058353651,0.342093811071363,1.7956802950038069,-2.1152815451330933,-0.18473016264270695
2.8929561182980112,-1.9269588447657402,1.5693487908682882,1.5107253875898243,1.446824261391486,0.5173922469541284,1.1316869140868722,1.262972574629385,0.3268151378330445,0.5004489613092954,3.025696804907554,1.4921236074382964,-1.6132182521998664,2.6205019353785524,1.809965438587903,0.13741698015693946,-2.415786248709525,-0.593230302323036,1.7348032142667045,-2.534608310471536,0.028956041407926746,-1.0453374370355955,2.254186667841292,-0.8479369752396672,-0.21653661218341752,0.5618481600892714,0.632608363489593,-1.4669857173750063,0.5969292930714817,-0.10142252828161856,0.5765304013727907,1.1944000350829125,0.23276659553584259,0.8537222343794132,-0.8413098649265186,1.256560111553463,-1.2978910848406813,-0.0628491350841087,0.3860319797129432,-0.39707340970002564,0.15818938216729003,1.854991000219512,-1.8479410435017303,-0.5174884560804708
2.38961685087115,-3.048731100521087,0.5967016809097179,1.242631650360279,1.1348385022762106,-0.9128038841613336,1.1510110508331821,1.8846564199779452,-0.34372057419369784,0.3104073197346583,2.6894189240941015,1.0946333769308738,-1.3957065148301417,1.3509371816486453,2.778489215853117,0.8935139318641454,-2.65594510067733,-0.974286182810182,2.7675767673794813,-3.270496610434219,-1.1274577193175894,-1.6069725928397138,1.258224287813058,0.40621119416460233,-0.6444796679629557,1.9984296187683275,0.7655917404027126,-0.1864637364696948,2.1421663598462586,-0.9667835519271036,0.9431897159625214,0.23276659553584259,1.7141281984889243,2.277935844152155,0.15107957834228908,0.53620512499164,-2.073010649707236,0.20329363259690475,0.8001428975870618,-0.8931672442137498,0.5051341629162682,1.902328757573585,-1.632342134141197,0.17339733656239834
4.911437492608656,-5.1246101070731624,1.8168161051966767,2.8332383995943715,2.285443567297528,-0.9120970777387434,2.4386293041710685,3.153345207671416,-0.15750161301603396,0.4137857486710277,5.479853113750001,2.283390644899397,-2.4473679244508673,3.6055665079388093,4.834604275337381,1.2795335927978053,-5.154286164962388,-1.5485654710437502,5.037455226709944,-5.768686788848184,-1.5469081995413423,-3.0549480169827166,2.7466643428992574,-0.21382035581211067,-1.0857310655210062,2.9204524124118167,1.46745216899304,-1.0559319279273147,2.7926693311757456,-1.0750294587301752,1.7797267389114309,0.8537222343794132,2.277935844152155,3.6370798741837667,-0.3843442520989885,1.6411972024689283,-3.401694381904974,0.04451304891003781,1.4076066702407664,-1.5175916595294934,0.799934804361902,3.3177260623784526,-3.5807975655404602,-0.09098709088126183
-1.8751038921801118,0.9553954161495295,-1.3829198606506465,-1.4183672979959188,-0.7006610885190074,-0.6358027854931585,-1.0388910653924235,-0.5830623339865312,-0.48735067295047846,-0.08206115347974877,-2.0182835564326793,-0.8994894824250173,0.5567355072770337,-2.2069758116430855,-1.0075066189178181,0.19821294659106037,1.672973376075289,0.15705346484068095,-1.1936275297204628,1.3231089048720333,-0.27462986934771044,0.8543851202633256,-1.2506363535115819,1.0459222139112523,0.15872710498944234,-0.06280281566722873,-0.4316328467352035,0.931650838656626,0.3582097540738568,-0.4514988499188422,-0.38692006599933737,-0.8413098649265186,0.15107957834228908,-0.3843442520989885,0.9651264467245638,-1.259484075436555,0.4316320967277,0.16564207378830534,-0.3623781859500725,0.24331062615791693,-0.1892748653692929,-0.7363870427932618,1.5888108530264782,0.41303772795807475
3.829637032408245,-2.788582294761314,2.2369913220529622,2.617197356933238,1.5867626621300057,0.44862696266731816,2.0422949279613554,1.7004006685160837,0.5362530319198174,0.19961507776726262,4.189833606821431,1.8051358853862585,-1.425677187683645,3.807738409456746,2.7702449394252446,0.20202083835406978,-3.6773426314944166,-0.6837692077193863,3.0954646826348338,-3.4369514582029765,-0.1898028254828961,-2.0410580440564505,2.3542002378497813,-1.3353089054522447,-0.5464348265318426,1.0219167314878979,1.0070069405762545,-1.465568808127747,0.44182834169052027,0.20067311895152826,1.0613780021887667,1.256560111553463,0.53620512499164,1.6411972024689283,-1.259484075436555,2.0423378462660433,-1.619963586771489,-0.22241015442966697,0.8834434151320587,-0.7951549027985655,0.4830482337770233,1.9214609427166054,-3.072096649767579,-0.5315967574218379
-5.591631729305282,5.3146213678133325,-2.0474597093732023,-2.709101486630174,-2.910443326010906,0.6040157647158714,-2.2877727794698917,-3.4090723906425944,0.16171725739707082,-0.7992358774795398,-6.0800021544670395,-2.7669620728807645,3.3333828774482095,-3.9397449175818204,-4.959067953961055,-1.3588473927103997,5.369362404660775,1.772614122927927,-4.887875590756644,6.2613495883922985,1.3864341976052608,2.851472405348863,-3.7269371778424527,0.2802489393963667,0.9598153916416106,-2.7558120848541483,-1.4773106122036699,1.82334331335098,-3.082319363622945,1.3338419133799824,-1.7594277074872815,-1.2978910848406813,-2.073010649707236,-3.401694381904974,0.4316320967277,-1.619963586771489,3.7907597918779676,-0.0247970043242758,-1.1907946991097131,1.4302153143862772,-0.558656625280628,-4.117830394536357,3.553120394103522,0.351613896545801
-0.2513238802288011,-0.027038191120742055,-0.23478364296917958,-0.2492936168670097,-0.1003930916944466,-0.16392433374238322,-0.171853550839228,0.013265689696312583,-0.13652591762718452,0.11085074634962784,-0.3033066491386915,-0.11161621123351842,-0.03170221749940841,-0.3930249173661454,-0.06298984975333026,0.02497873920042528,0.24178740258645348,-0.03131478323181702,-0.19781826981184122,0.055040312683899195,-0.07404676169964987,0.17886081391014366,-0.11659895093944465,0.2881358749100783,0.026708848959255654,0.16290450624807595,-0.05804768706290444,0.21422949737890742,0.3280796618865719,-0.1862509328898995,-0.10856070314339779,-0.0628491350841087,0.20329363259690475,0.04451304891003781,0.16564207378830534,-0.22241015442966697,-0.0247970043242758,0.1712137496593322,-0.02532869024816516,0.03163695776580367,0.03178173560598934,0.033665761653906764,0.2901307901978377,0.11049913061597412
2.0048705207250777,-1.9623434203702481,0.9275313313786472,1.3691771751634563,0.8065722913789818,-0.22643781226785067,1.148765140582233,1.1966317138236076,0.0604135055863167,0.06350082135438838,2.2730752832468153,0.89661687156564,-0.771410026817289,1.7022829915493725,1.9002648478815953,0.37149118358613886,-2.1593503783270998,-0.533076801790533,2.0830801556629948,-2.215776061207329,-0.5045185320745907,-1.33433363618599,1.0334276105055784,-0.31400227205534514,-0.45416452433443877,1.0535347961399757,0.5984162410502671,-0.41539913082785695,0.804463212694753,-0.1985940040896304,0.7304184974059886,0.3860319797129432,0.8001428975870618,1.4076066702407664,-0.3623781859500725,0.8834434151320587,-1.1907946991097131,-0.02532869024816516,0.6459792381053558,-0.613443327327246,0.3630884527539329,1.1379940005870843,-1.6517610870978798,-0.06404781743587365
-2.1912217086575367,2.165476629166113,-0.8741374093286438,-1.3039342596220613,-1.010614001270674,0.3145725973784836,-1.112212364007315,-1.3390971805607865,0.019680780214384304,-0.14129102960239626,-2.44631977442504,-1.016684339225756,1.023713734202949,-1.6865862293504963,-2.075284147474057,-0.5229499149736788,2.279292709532072,0.6495996822439591,-2.2073302759524194,2.4739067477093863,0.6171389336036394,1.357925997850274,-1.2203722833548756,0.20275129995147123,0.47180969510401416,-1.1815753401351428,-0.6438608685261262,0.5306329234592211,-1.0663815134826737,0.3818855360096789,-0.7950261058353651,-0.39707340970002564,-0.8931672442137498,-1.5175916595294934,0.24331062615791693,-0.7951549027985655,1.4302153143862772,0.03163695776580367,-0.613443327327246,0.6643070295361645,-0.32895486322850964,-1.4046589203393514,1.6366179915169268,0.0795094040408321
0.9145708337722664,-1.028583107909138,0.43920552543594693,0.7320657191499758,0.29637115302055583,-0.19537386153324543,0.6226699894245936,0.5611855504297829,0.039813551919608815,-3.1617237068131906e-4,1.034148176821396,0.37283017355396497,-0.2360594223060538,0.8386469189332825,0.9688113414231377,0.17072618542173423,-1.0662917602512263,-0.22432085604973576,1.1001558700148302,-1.0706649567546345,-0.2859814378617473,-0.7111479586741912,0.34167067465603695,-0.13567377148057277,-0.24379984572280508,0.6530744188917309,0.3378541120043083,-0.03870608729327868,0.4218763937985887,-0.07059930706727349,0.342093811071363,0.15818938216729003,0.5051341629162682,0.799934804361902,-0.1892748653692929,0.4830482337770233,-0.558656625280628,0.03178173560598934,0.3630884527539329,-0.32895486322850964,0.29647084870301615,0.4492937999091228,-0.84609042917685,0.014883121178973207
6.500458970721632,-5.673621310482657,2.5411547806479224,2.9625190320234704,3.4935607869202956,-0.2074851337236163,2.419101568405657,3.7204779736211693,-0.04014398072287759,1.1272659879370723,6.948955576999418,3.317970078840378,-4.101631448015967,4.725565248241241,5.266261829092446,1.3088721632374682,-5.8899654278148965,-1.9503590710685936,4.997749298532934,-6.902710638771339,-1.1802152139574031,-2.8413689986479564,4.73266659454719,-0.5840097152347861,-0.8969598088059026,2.6323034259392672,1.573842757606062,-2.5532536482249313,3.2161881475983245,-1.3901048376331897,1.7956802950038069,1.854991000219512,1.902328757573585,3.3177260623784526,-0.7363870427932618,1.9214609427166054,-4.117830394536357,0.033665761653906764,1.1379940005870843,-1.4046589203393514,0.4492937999091228,4.882686476373739,-3.9034497772351995,-0.6108890396971587
-6.8332855058510376,5.644969113005792,-3.427760862224908,-4.316581811938091,-3.026455690702563,-0.1143933328744294,-3.468383939739494,-3.501618463733157,-0.5251808915591641,-0.43779906368754573,-7.5274558826066045,-3.230580116063588,2.937999789032551,-6.103684707935351,-5.510828880616144,-0.8960748298158339,6.718031533540707,1.5703045108165645,-5.95972853264486,6.764392718271922,0.9702763303897264,3.796954109939737,-4.147162557415194,1.639084376075567,1.1460051340385728,-2.4914155800144138,-1.8403198045826137,2.322361870805941,-1.8485694254019953,0.3258131133191166,-2.1152815451330933,-1.8479410435017303,-1.632342134141197,-3.5807975655404602,1.5888108530264782,-3.072096649767579,3.553120394103522,0.2901307901978377,-1.6517610870978798,1.6366179915169268,-0.84609042917685,-3.9034497772351995,5.232067889111987,0.6888866166887363
-1.0854673353934603,0.4854450705403633,-0.6787676228539139,-0.5668296425038928,-0.5728623633523582,-0.37593051861404486,-0.3983754008746364,-0.3316619638694472,-0.21086027029821233,-0.159072860905333,-1.1192155172501048,-0.5776075059971028,0.5694485156095971,-1.0990664166558948,-0.49217810387807137,0.02505184632781829,0.8204349434295783,0.1483620112384934,-0.49929904098222616,0.7664683605275462,-0.15419733962852328,0.3212676900600107,-0.907288195882147,0.4937970328074753,0.0230646144067654,0.027450573901037643,-0.21219072777259435,0.7256093916895915,0.06289455229291058,-0.1010620505162064,-0.18473016264270695,-0.5174884560804708,0.17339733656239834,-0.09098709088126183,0.41303772795807475,-0.5315967574218379,0.351613896545801,0.11049913061597412,-0.06404781743587365,0.0795094040408321,0.014883121178973207,-0.6108890396971587,0.6888866166887363,0.3020905515593992
