V1,V2,V3,V4,V5,V6,V7,V8,V9,V10,V11,V12,V13,V14,V15,V16,V17,V18,V19,V20,V21,V22,V23,V24,V25,V26,V27,V28,V29,V30,V31,V32,V33,V34,V35,V36,V37,V38,V39,V40,V41,V42,V43,V44
2.474417419773662,1.3228844851683592,3.7499192728104584,3.125971077276974,0.389411400092019,3.387541953357011,1.9288719144808504,-0.8098968409296444,2.358362350703615,-0.52753693957402,2.6159824220620918,1.0071966082773383,0.7133784990646311,5.277845507889794,-0.8247516651787058,-1.92535877132033,-1.806376852692773,1.0171834726076192,0.38981936081479734,0.6641463473919514,2.439119933450712,-0.8582230073623326,1.6693864393887452,-4.263504529709786,0.26892950039232866,-2.7668409217245373,0.2974932027199585,-2.394778913439208,-4.700439208796341,3.283101612218843,0.06577376151588324,1.808916442159945,-3.0787252671503964,-1.909606453195035,-3.4077143705778865,3.357035248095724,1.836306636858046,-0.9941786298791118,0.22232617462416668,0.39954461669318125,-0.0030653852617806713,-0.930834972911808,-3.138484898441658,-1.526515305126829
1.3228844851683592,1.2044371517275494,1.9928189328510528,1.8774981914726558,-0.001209677208099026,1.6389656202769853,1.2624176753091827,-0.9891933341550104,1.0878819084825435,-0.5558599094056031,1.4124909471785274,0.9154718919052279,1.0302555976115781,3.1883676734233943,-0.2792887324762574,-1.1147911156943402,-0.7310662765736015,0.5678636937167512,-0.25716481033756605,0.6689662888146113,1.4375547504436914,-0.5671031835872238,1.0343586716384257,-2.3729388452206033,0.24090574417036983,-1.5985895205365073,0.379011386469458,-1.6932988503847506,-3.0836223938405594,1.761462511615542,0.09557707429424717,1.8677746485205067,-1.8175796344043151,-1.0350263955396577,-2.068248189021198,2.4398930705547532,1.1771292484944837,-0.8215494247381032,0.1048897234549901,0.28481850053743973,-0.09210690422076874,-0.62394665438333,-1.664438719482071,-0.786271681710853
3.7499192728104584,1.9928189328510528,6.048393951395662,4.806464778200306,0.7016969554697992,5.839656898706648,2.963845285919251,-1.1910614192338276,3.6761817756276147,-0.6740162409818385,4.051302514940341,1.233042602848334,0.5096998296324031,8.327958931904403,-1.587842496864914,-3.327749518083242,-2.9859764960169093,2.036566028053245,0.8292648031863431,0.7453576988288457,3.9323729273210932,-0.9999387272833999,2.3143928897001227,-6.817516336848803,0.3398414482378984,-4.339436124493973,0.17907857677243474,-3.365519295334827,-7.33946119490361,5.281296112814968,-0.1019549674084572,2.320161051948755,-4.731297068585993,-3.4043316697360977,-5.319684056017622,4.960178837481481,2.852486679883321,-1.3205449656938937,0.17324545640568428,0.5193846074868799,0.17722779392978869,-1.664219040743726,-5.193063522603325,-2.7114943662568622
3.125971077276974,1.8774981914726558,4.806464778200306,4.077661550516804,0.3859225380269746,4.319256947240701,2.589180028829052,-1.3069826518421088,2.8550983970075006,-0.7524615977941579,3.332555686512232,1.420626971366985,1.0899206683115041,6.942848294702443,-0.9775420395062344,-2.5944364907772273,-2.221497260068672,1.4212232605367292,0.2909713670531761,0.8729981678171284,3.1953463009261207,-1.0556067359218044,2.1351945485914525,-5.463130054134709,0.3718731922721619,-3.499195409503152,0.4398622645118388,-3.1415475601086165,-6.207814474161067,4.165166293451497,0.04360582852411146,2.734706053886648,-3.8953790217127553,-2.4976660897437233,-4.472183640109994,4.582431109626322,2.4011886707356176,-1.3181008256568505,0.2406405041857995,0.5068073700154991,0.03419557813849888,-1.2741118268889153,-4.0641569489942215,-1.9953333259827342
0.389411400092019,-0.001209677208099026,0.7016969554697992,0.3859225380269746,0.26404727064577616,0.8966351713158746,0.182602555177608,0.15469852485800464,0.4879404292527981,0.04836175545247187,0.4607434376177248,-0.14683736752017823,-0.4552085346258332,0.7527895206180106,-0.35192578615418607,-0.36376717254928653,-0.5124149231815146,0.34431645280104317,0.437448827829314,-0.14754738171016107,0.37061123332015533,0.017568674111374392,0.08956619621138746,-0.7792162894920566,-0.049781782089746984,-0.49203837935937406,-0.17938536553438894,-0.11011133268883,-0.5959927752685067,0.6375584170838138,-0.04411068077672663,-0.4167373616112381,-0.49194540319408286,-0.5190098026316957,-0.4152087936722584,0.09573014817802483,0.1959828985582426,-0.012954145405329869,-0.04900458735485843,-0.022932340797482343,0.059472150019814596,-0.19351262284481796,-0.676065227957202,-0.43655151739387843
3.387541953357011,1.6389656202769853,5.839656898706648,4.319256947240701,0.8966351713158746,6.152229058005812,2.6504123268258444,-0.8808670997718389,3.4035818435043055,-0.42517187841874254,3.7993213720815753,0.6611562877084489,-0.49867966622164855,7.785654231115843,-1.8353913975650076,-3.4181519720304747,-3.103143487622795,2.457526943150461,1.249944842121098,0.1727227511712464,3.721726700023538,-0.5113303192486739,1.7547469174427852,-6.519538553637086,0.16102696345850367,-4.036619502705415,-0.24039602352485803,-2.609238435398675,-6.710338652122072,5.07494420098109,-0.29912480981797007,1.2605379958927532,-4.280997878890615,-3.6881330953758527,-4.824823247097193,4.070313460398484,2.513408885472124,-0.9379030154940408,-0.08027510627876744,0.29282580804351216,0.37471352273282227,-1.75827550924198,-5.246103159973454,-2.977992267836051
1.9288719144808504,1.2624176753091827,2.963845285919251,2.589180028829052,0.182602555177608,2.6504123268258444,1.7384708379460767,-1.0416662120107634,1.5285162980726965,-0.5353556286819037,2.1112452092532483,1.0195348790295837,0.7294577989629508,4.495692230928522,-0.4491365617821365,-1.717741267563917,-1.3619688830456136,1.0255535280929315,0.06912007381585052,0.4084875173434523,1.994687045272859,-0.607694916626069,1.3102018300861389,-3.3440906877370375,0.22262750948339946,-2.0397286822769134,0.3238853439893638,-1.98879309306332,-3.947849678271475,2.475389807015027,0.006115287295675977,2.074888855560582,-2.279677841590641,-1.5718267399080827,-2.822885441457468,3.082441682332452,1.435189246081502,-0.848974758054203,0.0862241596835375,0.2550762450750376,0.07955512356598345,-0.8274298272262073,-2.6194569043497924,-1.3111468099651733
-0.8098968409296444,-0.9891933341550104,-1.1910614192338276,-1.3069826518421088,0.15469852485800464,-0.8808670997718389,-1.0416662120107634,1.0862467790818533,-0.25937923240715277,0.5031616539480298,-0.9393890198520902,-0.8874989544637887,-0.9076727332731325,-2.333055276838626,-0.1359609071583568,0.860464612416834,0.3601018490493343,-0.5391286846166451,0.45943747275373154,-0.29076630057255487,-0.9319524899269961,0.3227872395993859,-0.6748390671374191,1.3925048330734244,-0.16715408920873834,0.7861672028376763,-0.3858843964736679,1.2108008535727333,2.1509247127765656,-0.9021869807292511,-0.04165794394117044,-1.9929091319090677,0.9287515506065674,0.6309525746556043,1.4165344159347406,-2.050199968033413,-0.6868018166500538,0.6139199497394731,0.01405125376618802,-0.11083726001897662,-0.015676100135418945,0.4456939324834597,1.149742312480149,0.5571419133386013
2.358362350703615,1.0878819084825435,3.6761817756276147,2.8550983970075006,0.4879404292527981,3.4035818435043055,1.5285162980726965,-0.25937923240715277,2.8641149312716707,-0.33449989956497417,2.366220372524481,0.5912078467880575,0.5433911357926313,4.634820271573058,-1.2460161112776167,-1.6540934690605946,-1.7490170033261545,0.6974332960306833,0.608179305999383,0.9934936896539281,2.3614034294249326,-0.8831833911841693,1.5945630125212324,-4.245574704190549,0.28469829118558243,-3.013695540055025,0.128973767495312,-2.1718044401923167,-4.343494345769763,3.4623954197445177,0.0721188487079451,0.8061315268413071,-3.313908587335033,-1.8628793429968675,-3.1869258420324114,2.6469739640220853,1.9448826783229298,-0.8600195749005138,0.34156551258275974,0.5352550586819957,-0.12585301464886195,-0.8678625865254419,-2.795524811674058,-1.326613935647457
-0.52753693957402,-0.5558599094056031,-0.6740162409818385,-0.7524615977941579,0.04836175545247187,-0.42517187841874254,-0.5353556286819037,0.5031616539480298,-0.33449989956497417,0.3102400853469222,-0.5566924031386593,-0.5134317413908939,-0.63927816759589,-1.242260035718591,-0.03538499235220337,0.33970408440764255,0.2010692094781252,-0.11404771394494076,0.2209324441738566,-0.3407988922403917,-0.5073866981562467,0.3197997138609319,-0.48152072174185623,0.8440642585461996,-0.117671444923847,0.5903316212535915,-0.258850683662253,0.80798813415513,1.2488518671604087,-0.5903800453993547,-0.11264996410566555,-1.005042118445063,0.7070224476275738,0.2736174614213097,0.7957869827598618,-1.102372393801836,-0.44674167161947564,0.4325886897236383,-0.0691369468939557,-0.127283567218695,0.09932431153747728,0.19440146690026905,0.55840014807362,0.21647784217110447
2.6159824220620918,1.4124909471785274,4.051302514940341,3.332555686512232,0.4607434376177248,3.7993213720815753,2.1112452092532483,-0.9393890198520902,2.366220372524481,-0.5566924031386593,2.8409944884308858,1.028083283231681,0.518407470835583,5.764818814875444,-0.8796129580836474,-2.2014031399156306,-2.019282997006042,1.3279844878287104,0.49593540269867,0.4778989150686718,2.622801980556509,-0.7791278516546408,1.6660274700795539,-4.579197187712625,0.23555831808903457,-2.881668389392725,0.2366522404001676,-2.4467735531963397,-5.052298127580219,3.485207494614827,0.011608363485241037,1.9018292392146559,-3.1801637036436787,-2.196641034410396,-3.627128215121775,3.574287764895011,1.881911404972769,-1.0118859430030385,0.13046914622835196,0.33367531675007644,0.08246820884679297,-1.0718991947124448,-3.5329391686299596,-1.805567159690581
1.0071966082773383,0.9154718919052279,1.233042602848334,1.420626971366985,-0.14683736752017823,0.6611562877084489,1.0195348790295837,-0.8874989544637887,0.5912078467880575,-0.5134317413908939,1.028083283231681,1.008289298602687,1.2415080158883995,2.2806259551728263,0.17654866434838756,-0.61854065870705,-0.36075781391523776,0.1235115981563346,-0.45589044465728235,0.5858075980637782,0.9213809167069912,-0.6260030452333522,0.9577853273200679,-1.4631049209869025,0.23427895433018447,-0.9482771410653411,0.5371008429648235,-1.4704993169565792,-2.1460512271080874,1.0064647295333524,0.18378242660732838,2.0178769844647007,-1.1675842637534117,-0.3618266188358938,-1.4992851596975467,2.1186627482003875,0.7918184106976172,-0.7249499363374181,0.18964635355898482,0.247190934726899,-0.1306297704015447,-0.2693884406564899,-0.9827494302757345,-0.3107762241429848
0.7133784990646311,1.0302555976115781,0.5096998296324031,1.0899206683115041,-0.4552085346258332,-0.49867966622164855,0.7294577989629508,-0.9076727332731325,0.5433911357926313,-0.63927816759589,0.518407470835583,1.2415080158883995,2.239721111552987,1.3437237650629403,0.4207601259092777,0.052366314082771336,0.3122395056612555,-0.7112665924499489,-1.0242050603147828,1.3325000075413838,0.5670044625270615,-0.9679840392984336,1.1305139828322046,-0.7924774879133616,0.39743344259770275,-0.8089614381817039,0.8695118577159227,-1.6987478927853326,-1.7011275210312242,0.5573243888885233,0.3958416146032681,2.402313846357284,-1.116260097571038,0.3805507940494988,-1.1567099106320113,2.0469516235289893,0.8466785838970641,-0.9175950733972884,0.4507741569283322,0.4893222832045277,-0.4427622998119181,0.021765924563501585,0.01738987114405801,0.4397825930388925
5.277845507889794,3.1883676734233943,8.327958931904403,6.942848294702443,0.7527895206180106,7.785654231115843,4.495692230928522,-2.333055276838626,4.634820271573058,-1.242260035718591,5.764818814875444,2.2806259551728263,1.3437237650629403,12.086140688993913,-1.729891067882426,-4.730709756372959,-3.9770972392211643,2.9063982325746798,0.6735896196866815,1.0577799128515268,5.513464359575781,-1.5142586012847699,3.4022348895534202,-9.40953214450219,0.5356175042016605,-5.864538854847826,0.5624059123406515,-5.11232307068623,-10.655450267056876,7.115455238386665,-0.061221912260587506,4.516405055144326,-6.466684149058411,-4.605895913552926,-7.62120798257613,7.751580808090613,3.970855265509071,-2.1232076884507824,0.20428667674314344,0.6950296017419344,0.23381127234358465,-2.3425841177927276,-7.295579700018564,-3.7576880273863384
-0.8247516651787058,-0.2792887324762574,-1.587842496864914,-0.9775420395062344,-0.35192578615418607,-1.8353913975650076,-0.4491365617821365,-0.1359609071583568,-1.2460161112776167,-0.03538499235220337,-0.8796129580836474,0.17654866434838756,0.4207601259092777,-1.729891067882426,0.8471893957114188,0.8271402996558748,0.8649267097522553,-0.584985401412196,-0.5617915854422937,-0.17064188696336818,-0.9845062751459399,0.07138273323476566,-0.34977164051136284,1.811518148879903,-0.025715399861381067,1.273890423203336,0.2524826957736829,0.47843174293411395,1.6083415388874833,-1.5381888263638999,0.11599010919802978,0.46045608552613515,1.3101862057628435,1.0918955965251338,1.1559369250926466,-0.5610459949327568,-0.7378868562623195,0.12552630395673234,-0.0013120270457438808,-0.13136185041994816,-0.05887906598038138,0.49298462036126106,1.2948081056288716,0.7797167390725678
-1.92535877132033,-1.1147911156943402,-3.327749518083242,-2.5944364907772273,-0.36376717254928653,-3.4181519720304747,-1.717741267563917,0.860464612416834,-1.6540934690605946,0.33970408440764255,-2.2014031399156306,-0.61854065870705,0.052366314082771336,-4.730709756372959,0.8271402996558748,2.11029347194756,1.6862082177194229,-1.5393219358171162,-0.4510979928924467,-0.030442724585667325,-2.1868423583246295,0.26418788497574897,-1.0401019874193649,3.6720268861279113,-0.1193212089224517,2.144884185262777,0.01794929615876406,1.6016671299559202,4.008803788342246,-2.7708988695900034,0.21126909445810696,-1.3931499908188607,2.286726784643887,2.0944258255799104,2.8973263686760387,-2.7664979807002283,-1.4338231111024566,0.584955511639378,0.0892868279850459,-0.13528405594542794,-0.28982865107379,1.052240738706739,3.077813513149036,1.7380426376372857
-1.806376852692773,-0.7310662765736015,-2.9859764960169093,-2.221497260068672,-0.5124149231815146,-3.103143487622795,-1.3619688830456136,0.3601018490493343,-1.7490170033261545,0.2010692094781252,-2.019282997006042,-0.36075781391523776,0.3122395056612555,-3.9770972392211643,0.8649267097522553,1.6862082177194229,1.6642436690866864,-1.1958299527724063,-0.7371343736413504,-9.582824198146445e-4,-1.851781878960254,0.31731948283286743,-0.9450906963634663,3.3096702040972015,-0.06331473064521849,2.0166661152777445,0.10376071157027995,1.3456924436813738,3.337034722940393,-2.560211581781436,0.11226726288073904,-0.5993533764381318,2.1533439487404076,1.805078056730945,2.4351937791016947,-2.0499561509561337,-1.2135363309461231,0.4779429665067734,0.013131216406702702,-0.1287300445471958,-0.18707913787463065,0.8204631989889717,2.7029801706688974,1.5038733660936463
1.0171834726076192,0.5678636937167512,2.036566028053245,1.4212232605367292,0.34431645280104317,2.457526943150461,1.0255535280929315,-0.5391286846166451,0.6974332960306833,-0.11404771394494076,1.3279844878287104,0.1235115981563346,-0.7112665924499489,2.9063982325746798,-0.584985401412196,-1.5393219358171162,-1.1958299527724063,1.4345143303026606,0.5195365750019886,-0.5041084117220407,1.2996566083800734,0.20246646612121347,0.28243762998231225,-2.1844788915761644,-0.05866598993176259,-1.1012456224142697,-0.2652804805844054,-0.5677000145011162,-2.2932885087906274,1.5957269711277984,-0.2850874232768794,0.4756259842624478,-1.0883036402760025,-1.6038973985240992,-1.598545133469097,1.3940339361351672,0.6543390874392422,-0.15475244178602757,-0.29326623582425504,-0.1253219506328002,0.37196904273089687,-0.7899013455391551,-2.162697681706906,-1.4045644029372357
0.38981936081479734,-0.25716481033756605,0.8292648031863431,0.2909713670531761,0.437448827829314,1.249944842121098,0.06912007381585052,0.45943747275373154,0.608179305999383,0.2209324441738566,0.49593540269867,-0.45589044465728235,-1.0242050603147828,0.6735896196866815,-0.5617915854422937,-0.4510979928924467,-0.7371343736413504,0.5195365750019886,0.7943686907203215,-0.4170111543941698,0.37097195795129323,0.18119884795391913,-0.07378701300611416,-0.8643754097019605,-0.13432365367924923,-0.4983941991783293,-0.4008650818169136,0.19420418282513607,-0.3897785115868651,0.7450410416805583,-0.13156304262306764,-1.0807176040164066,-0.4431223543513819,-0.7091858826296283,-0.31883743237088097,-0.3154892708814078,0.10509406219226447,0.18477744865008197,-0.11335366631913171,-0.1017329672178267,0.15699662550223553,-0.22348940169717146,-0.8503794584629064,-0.6116442347136747
0.6641463473919514,0.6689662888146113,0.7453576988288457,0.8729981678171284,-0.14754738171016107,0.1727227511712464,0.4084875173434523,-0.29076630057255487,0.9934936896539281,-0.3407988922403917,0.4778989150686718,0.5858075980637782,1.3325000075413838,1.0577799128515268,-0.17064188696336818,-0.030442724585667325,-9.582824198146445e-4,-0.5041084117220407,-0.4170111543941698,1.1442452855718064,0.6121367454900559,-0.7102916448932455,0.8370105632781071,-1.045101126763976,0.28536021902207187,-1.059478915437579,0.4386611287566769,-1.1989931024454907,-1.4408758190811375,0.9095797869465324,0.2604106829739034,0.9687557645338801,-1.278490795750139,-0.017855859447425,-0.9864942325807146,1.1723217411384639,0.8404109445521504,-0.6153534015646105,0.3712073021642898,0.44315137758555057,-0.37027961833071,-0.08679691983496683,-0.16531618997298,0.18967294892296013
2.439119933450712,1.4375547504436914,3.9323729273210932,3.1953463009261207,0.37061123332015533,3.721726700023538,1.994687045272859,-0.9319524899269961,2.3614034294249326,-0.5073866981562467,2.622801980556509,0.9213809167069912,0.5670044625270615,5.513464359575781,-0.9845062751459399,-2.1868423583246295,-1.851781878960254,1.2996566083800734,0.37097195795129323,0.6121367454900559,2.6069045339444132,-0.6942367659893249,1.5665289390187094,-4.453839676859302,0.2625095259837133,-2.853324280284027,0.19544169631271632,-2.315492634472595,-4.927272862851202,3.438828746438552,-0.056242849430998644,1.8078764323169967,-3.125823231649483,-2.192552658487224,-3.5513960163303957,3.4373907780846116,1.932852157184338,-0.9326915506995985,0.12901682750292223,0.37717624338501654,0.09151552434159105,-1.1091330929798926,-3.3452384427986828,-1.7237169697497372
-0.8582230073623326,-0.5671031835872238,-0.9999387272833999,-1.0556067359218044,0.017568674111374392,-0.5113303192486739,-0.607694916626069,0.3227872395993859,-0.8831833911841693,0.3197997138609319,-0.7791278516546408,-0.6260030452333522,-0.9679840392984336,-1.5142586012847699,0.07138273323476566,0.26418788497574897,0.31731948283286743,0.20246646612121347,0.18119884795391913,-0.7102916448932455,-0.6942367659893249,0.6360563550211092,-0.837760187519887,1.2352237764918559,-0.20585519938065763,0.9784318012660209,-0.3838743252880375,1.1699302130413112,1.5583290960689895,-0.9691887236995983,-0.22062373272483335,-1.0370528982980354,1.179301263784252,0.19293682825651554,1.116865311920923,-1.3303362697876397,-0.714637337335993,0.5671563638169881,-0.28104814580105636,-0.30385089052882325,0.23013271182620731,0.11759258939557048,0.6021307702651824,0.09085158654207107
1.6693864393887452,1.0343586716384257,2.3143928897001227,2.1351945485914525,0.08956619621138746,1.7547469174427852,1.3102018300861389,-0.6748390671374191,1.5945630125212324,-0.48152072174185623,1.6660274700795539,0.9577853273200679,1.1305139828322046,3.4022348895534202,-0.34977164051136284,-1.0401019874193649,-0.9450906963634663,0.28243762998231225,-0.07378701300611416,0.8370105632781071,1.5665289390187094,-0.837760187519887,1.3490456699058162,-2.693140619154885,0.2864363183597494,-1.8579401432365825,0.4537969691674698,-1.9166289754364523,-3.1810445427281016,2.0734969634013574,0.17765413898226454,1.7328944932775432,-2.141735878766976,-0.925374747213749,-2.313813640141133,2.5311966355465674,1.3277869800698565,-0.8512274980359061,0.3074160215717399,0.40518751538894926,-0.15815311873223112,-0.488118139673719,-1.7556976748059452,-0.6902228057320255
-4.263504529709786,-2.3729388452206033,-6.817516336848803,-5.463130054134709,-0.7792162894920566,-6.519538553637086,-3.3440906877370375,1.3925048330734244,-4.245574704190549,0.8440642585461996,-4.579197187712625,-1.4631049209869025,-0.7924774879133616,-9.40953214450219,1.811518148879903,3.6720268861279113,3.3096702040972015,-2.1844788915761644,-0.8643754097019605,-1.045101126763976,-4.453839676859302,1.2352237764918559,-2.693140619154885,7.7613473479823085,-0.4188257364010628,5.045785101085282,-0.2643083599784987,3.9669701200100462,8.446345081992456,-6.028061259991084,0.04012452625675341,-2.6915750035587647,5.5219816417540954,3.81181537068638,6.041775002248417,-5.672116871135551,-3.309094066530985,1.6194178016614487,-0.23462517586894,-0.646337577357331,-0.09706899270534049,1.8824826462547604,5.790727998433916,2.995793380616897
0.26892950039232866,0.24090574417036983,0.3398414482378984,0.3718731922721619,-0.049781782089746984,0.16102696345850367,0.22262750948339946,-0.16715408920873834,0.28469829118558243,-0.117671444923847,0.23555831808903457,0.23427895433018447,0.39743344259770275,0.5356175042016605,-0.025715399861381067,-0.1193212089224517,-0.06331473064521849,-0.05866598993176259,-0.13432365367924923,0.28536021902207187,0.2625095259837133,-0.20585519938065763,0.2864363183597494,-0.4188257364010628,0.086272670857849107,-0.3324468033713644,0.14524622179199098,-0.4108123504147027,-0.5689751787662704,0.3300850766016691,0.05627565524837936,0.4488169554802488,-0.3993918245257047,-0.07293462485081628,-0.4132979086607871,0.5157939959190427,0.277301791682907,-0.19404911689894563,0.09568505209328984,0.11820548554363705,-0.07045526126788593,-0.062145066334183915,-0.18829021945324076,-0.02091418287580267
-2.7668409217245373,-1.5985895205365073,-4.339436124493973,-3.499195409503152,-0.49203837935937406,-4.036619502705415,-2.0397286822769134,0.7861672028376763,-3.013695540055025,0.5903316212535915,-2.881668389392725,-0.9482771410653411,-0.8089614381817039,-5.864538854847826,1.273890423203336,2.144884185262777,2.0166661152777445,-1.1012456224142697,-0.4983941991783293,-1.059478915437579,-2.853324280284027,0.9784318012660209,-1.8579401432365825,5.045785101085282,-0.3324468033713644,3.4865517827804853,-0.23685305014272426,2.7319230610702223,5.505860009738394,-3.995312529975964,-0.08342771893828822,-1.6002033038068386,3.8423360331353122,2.332641028352845,3.8819260240229396,-3.574833709298702,-2.279080598345098,1.170446246026327,-0.26930660855318067,-0.5500493007742766,0.1120721079960161,1.1613049035730343,3.494821810650287,1.7342908585496988
0.2974932027199585,0.379011386469458,0.17907857677243474,0.4398622645118388,-0.17938536553438894,-0.24039602352485803,0.3238853439893638,-0.3858843964736679,0.128973767495312,-0.258850683662253,0.2366522404001676,0.5371008429648235,0.8695118577159227,0.5624059123406515,0.2524826957736829,0.01794929615876406,0.10376071157027995,-0.2652804805844054,-0.4008650818169136,0.4386611287566769,0.19544169631271632,-0.3838743252880375,0.4537969691674698,-0.2643083599784987,0.14524622179199098,-0.23685305014272426,0.36554844385251145,-0.6699563728368584,-0.6302420895973613,0.1526100650863837,0.16194587936167523,1.0426423339092703,-0.3586583727900324,0.18896775630588875,-0.443867567963406,0.855121750985777,0.27643884711162636,-0.35892744630484047,0.17002845431794086,0.16342298845386968,-0.15272989791473904,0.036771919118785884,-0.017734494380197374,0.16704149923537476
-2.394778913439208,-1.6932988503847506,-3.365519295334827,-3.1415475601086165,-0.11011133268883,-2.609238435398675,-1.98879309306332,1.2108008535727333,-2.1718044401923167,0.80798813415513,-2.4467735531963397,-1.4704993169565792,-1.6987478927853326,-5.11232307068623,0.47843174293411395,1.6016671299559202,1.3456924436813738,-0.5677000145011162,0.19420418282513607,-1.1989931024454907,-2.315492634472595,1.1699302130413112,-1.9166289754364523,3.9669701200100462,-0.4108123504147027,2.7319230610702223,-0.6699563728368584,2.863351216039912,4.855996598640256,-3.0106593185146893,-0.2624208317606445,-2.7328676416937925,3.142138388367887,1.4661617968763172,3.4035584183999346,-3.837884555015366,-1.94465062645431,1.3325323840469718,-0.3627481098810209,-0.5526991513013182,0.2356828292081034,0.8120194762181051,2.6471348638402805,1.10970525793146
-4.700439208796341,-3.0836223938405594,-7.33946119490361,-6.207814474161067,-0.5959927752685067,-6.710338652122072,-3.947849678271475,2.1509247127765656,-4.343494345769763,1.2488518671604087,-5.052298127580219,-2.1460512271080874,-1.7011275210312242,-10.655450267056876,1.6083415388874833,4.008803788342246,3.337034722940393,-2.2932885087906274,-0.3897785115868651,-1.4408758190811375,-4.927272862851202,1.5583290960689895,-3.1810445427281016,8.446345081992456,-0.5689751787662704,5.505860009738394,-0.6302420895973613,4.855996598640256,9.739397860845415,-6.446077241356779,-0.07815242561966367,-4.150257318128775,6.106467056681877,3.99256645468167,6.834846199385036,-7.004548757425075,-3.7454485994672853,2.1194681197960743,-0.286594577403544,-0.7744819677741714,0.005612139595600074,2.0842841798356,6.2418647916247085,3.1421030048839507
3.283101612218843,1.761462511615542,5.281296112814968,4.165166293451497,0.6375584170838138,5.07494420098109,2.475389807015027,-0.9021869807292511,3.4623954197445177,-0.5903800453993547,3.485207494614827,1.0064647295333524,0.5573243888885233,7.115455238386665,-1.5381888263638999,-2.7708988695900034,-2.560211581781436,1.5957269711277984,0.7450410416805583,0.9095797869465324,3.438828746438552,-0.9691887236995983,2.0734969634013574,-6.028061259991084,0.3300850766016691,-3.995312529975964,0.1526100650863837,-3.0106593185146893,-6.446077241356779,4.742786676708962,-0.03090046966081511,1.7761393985669827,-4.361711794968541,-2.945052965913294,-4.630220217644394,4.186776049959337,2.604441452013146,-1.211028226166265,0.22259165322127367,0.5448054474060113,0.040675460367329316,-1.439221205368668,-4.39690083357175,-2.265164617425646
0.06577376151588324,0.09557707429424717,-0.1019549674084572,0.04360582852411146,-0.04411068077672663,-0.29912480981797007,0.006115287295675977,-0.04165794394117044,0.0721188487079451,-0.11264996410566555,0.011608363485241037,0.18378242660732838,0.3958416146032681,-0.061221912260587506,0.11599010919802978,0.21126909445810696,0.11226726288073904,-0.2850874232768794,-0.13156304262306764,0.2604106829739034,-0.056242849430998644,-0.22062373272483335,0.17765413898226454,0.04012452625675341,0.05627565524837936,-0.08342771893828822,0.16194587936167523,-0.2624208317606445,-0.07815242561966367,-0.03090046966081511,0.141280162023588,0.23587605866720052,-0.14682282330023386,0.21697199067222786,-0.008339254380127933,0.1430843033207196,0.05761921785880274,-0.17950717781361883,0.10608733255807976,0.08550564120348007,-0.15003884878224646,0.09888719831474413,0.18879026483434594,0.19567720660781568
1.808916442159945,1.8677746485205067,2.320161051948755,2.734706053886648,-0.4167373616112381,1.2605379958927532,2.074888855560582,-1.9929091319090677,0.8061315268413071,-1.005042118445063,1.9018292392146559,2.0178769844647007,2.402313846357284,4.516405055144326,0.46045608552613515,-1.3931499908188607,-0.5993533764381318,0.4756259842624478,-1.0807176040164066,0.9687557645338801,1.8078764323169967,-1.0370528982980354,1.7328944932775432,-2.6915750035587647,0.4488169554802488,-1.6002033038068386,1.0426423339092703,-2.7328676416937925,-4.150257318128775,1.7761393985669827,0.23587605866720052,4.29955172192434,-1.9821925791424821,-0.7657086748915458,-2.9252316753091816,4.301387474393665,1.4779230362888898,-1.324367935349514,0.26672980670540386,0.40920331417110967,-0.11603713300688233,-0.6085472177211688,-1.956072903449244,-0.6846451391993306
-3.0787252671503964,-1.8175796344043151,-4.731297068585993,-3.8953790217127553,-0.49194540319408286,-4.280997878890615,-2.279677841590641,0.9287515506065674,-3.313908587335033,0.7070224476275738,-3.1801637036436787,-1.1675842637534117,-1.116260097571038,-6.466684149058411,1.3101862057628435,2.286726784643887,2.1533439487404076,-1.0883036402760025,-0.4431223543513819,-1.278490795750139,-3.125823231649483,1.179301263784252,-2.141735878766976,5.5219816417540954,-0.3993918245257047,3.8423360331353122,-0.3586583727900324,3.142138388367887,6.106467056681877,-4.361711794968541,-0.14682282330023386,-1.9821925791424821,4.264150798056814,2.4513094382598424,4.304682524925856,-4.073856406604171,-2.536870424426193,1.3684851107818623,-0.3481854878180855,-0.6447830402975125,0.17587226562699707,1.2308519162402825,3.7648446627937298,1.8126097034006594
-1.909606453195035,-1.0350263955396577,-3.4043316697360977,-2.4976660897437233,-0.5190098026316957,-3.6881330953758527,-1.5718267399080827,0.6309525746556043,-1.8628793429968675,0.2736174614213097,-2.196641034410396,-0.3618266188358938,0.3805507940494988,-4.605895913552926,1.0918955965251338,2.0944258255799104,1.805078056730945,-1.6038973985240992,-0.7091858826296283,-0.017855859447425,-2.192552658487224,0.19293682825651554,-0.925374747213749,3.81181537068638,-0.07293462485081628,2.332641028352845,0.18896775630588875,1.4661617968763172,3.99256645468167,-2.945052965913294,0.21697199067222786,-0.7657086748915458,2.4513094382598424,2.2783674299611425,2.805849824840752,-2.389488054938253,-1.4485445294562325,0.5409956707374234,0.13161609593227397,-0.1235739547942798,-0.25784813441059345,1.113309572206092,3.140361426409492,1.845096377729965
-3.4077143705778865,-2.068248189021198,-5.319684056017622,-4.472183640109994,-0.4152087936722584,-4.824823247097193,-2.822885441457468,1.4165344159347406,-3.1869258420324114,0.7957869827598618,-3.627128215121775,-1.4992851596975467,-1.1567099106320113,-7.62120798257613,1.1559369250926466,2.8973263686760387,2.4351937791016947,-1.598545133469097,-0.31883743237088097,-0.9864942325807146,-3.5513960163303957,1.116865311920923,-2.313813640141133,6.041775002248417,-0.4132979086607871,3.8819260240229396,-0.443867567963406,3.4035584183999346,6.834846199385036,-4.630220217644394,-0.008339254380127933,-2.9252316753091816,4.304682524925856,2.805849824840752,4.936186255709789,-4.995791813582711,-2.6803079942450174,1.4090916303944916,-0.25678861747357096,-0.5696652081673498,-0.05649747865815063,1.4388839650696625,4.474550503359479,2.214082495201839
3.357035248095724,2.4398930705547532,4.960178837481481,4.582431109626322,0.09573014817802483,4.070313460398484,3.082441682332452,-2.050199968033413,2.6469739640220853,-1.102372393801836,3.574287764895011,2.1186627482003875,2.0469516235289893,7.751580808090613,-0.5610459949327568,-2.7664979807002283,-2.0499561509561337,1.3940339361351672,-0.3154892708814078,1.1723217411384639,3.4373907780846116,-1.3303362697876397,2.5311966355465674,-5.672116871135551,0.5157939959190427,-3.574833709298702,0.855121750985777,-3.837884555015366,-7.004548757425075,4.186776049959337,0.1430843033207196,4.301387474393665,-4.073856406604171,-2.389488054938253,-4.995791813582711,5.7667070600699315,2.6423272788755714,-1.7041627600658706,0.3067818598133575,0.6000064872661751,-0.02723711709134904,-1.334688649309257,-4.201501211238952,-1.9405384938709433
1.836306636858046,1.1771292484944837,2.852486679883321,2.4011886707356176,0.1959828985582426,2.513408885472124,1.435189246081502,-0.6868018166500538,1.9448826783229298,-0.44674167161947564,1.881911404972769,0.7918184106976172,0.8466785838970641,3.970855265509071,-0.7378868562623195,-1.4338231111024566,-1.2135363309461231,0.6543390874392422,0.10509406219226447,0.8404109445521504,1.932852157184338,-0.714637337335993,1.3277869800698565,-3.309094066530985,0.277301791682907,-2.279080598345098,0.27643884711162636,-1.94465062645431,-3.7454485994672853,2.604441452013146,0.05761921785880274,1.4779230362888898,-2.536870424426193,-1.4485445294562325,-2.6803079942450174,2.6423272788755714,1.5848059114659718,-0.8295900422744749,0.2259240052370711,0.4174290795475491,-0.082461015843736,-0.7597708704096651,-2.2394632466155024,-1.053966756054571
-0.9941786298791118,-0.8215494247381032,-1.3205449656938937,-1.3181008256568505,-0.012954145405329869,-0.9379030154940408,-0.848974758054203,0.6139199497394731,-0.8600195749005138,0.4325886897236383,-1.0118859430030385,-0.7249499363374181,-0.9175950733972884,-2.1232076884507824,0.12552630395673234,0.584955511639378,0.4779429665067734,-0.15475244178602757,0.18477744865008197,-0.6153534015646105,-0.9326915506995985,0.5671563638169881,-0.8512274980359061,1.6194178016614487,-0.19404911689894563,1.170446246026327,-0.35892744630484047,1.3325323840469718,2.1194681197960743,-1.211028226166265,-0.17950717781361883,-1.324367935349514,1.3684851107818623,0.5409956707374234,1.4090916303944916,-1.7041627600658706,-0.8295900422744749,0.6746983523829508,-0.1651765965497261,-0.25376614121197494,0.17462893954030598,0.32610802577417053,1.0229034754072273,0.3986573105119303
0.22232617462416668,0.1048897234549901,0.17324545640568428,0.2406405041857995,-0.04900458735485843,-0.08027510627876744,0.0862241596835375,0.01405125376618802,0.34156551258275974,-0.0691369468939557,0.13046914622835196,0.18964635355898482,0.4507741569283322,0.20428667674314344,-0.0013120270457438808,0.0892868279850459,0.013131216406702702,-0.29326623582425504,-0.11335366631913171,0.3712073021642898,0.12901682750292223,-0.28104814580105636,0.3074160215717399,-0.23462517586894,0.09568505209328984,-0.26930660855318067,0.17002845431794086,-0.3627481098810209,-0.286594577403544,0.22259165322127367,0.10608733255807976,0.26672980670540386,-0.3481854878180855,0.13161609593227397,-0.25678861747357096,0.3067818598133575,0.2259240052370711,-0.1651765965497261,0.174914766101157,0.15703243421655716,-0.12940888381589413,0.06431729222407709,0.047759643361226,0.16123526758986242
0.39954461669318125,0.28481850053743973,0.5193846074868799,0.5068073700154991,-0.022932340797482343,0.29282580804351216,0.2550762450750376,-0.11083726001897662,0.5352550586819957,-0.127283567218695,0.33367531675007644,0.247190934726899,0.4893222832045277,0.6950296017419344,-0.13136185041994816,-0.13528405594542794,-0.1287300445471958,-0.1253219506328002,-0.1017329672178267,0.44315137758555057,0.37717624338501654,-0.30385089052882325,0.40518751538894926,-0.646337577357331,0.11820548554363705,-0.5500493007742766,0.16342298845386968,-0.5526991513013182,-0.7744819677741714,0.5448054474060113,0.08550564120348007,0.40920331417110967,-0.6447830402975125,-0.1235739547942798,-0.5696652081673498,0.6000064872661751,0.4174290795475491,-0.25376614121197494,0.15703243421655716,0.18773672319878976,-0.12115436256758379,-0.08028647164334989,-0.2568677793010765,-0.023469374745948554
-0.0030653852617806713,-0.09210690422076874,0.17722779392978869,0.03419557813849888,0.059472150019814596,0.37471352273282227,0.07955512356598345,-0.015676100135418945,-0.12585301464886195,0.09932431153747728,0.08246820884679297,-0.1306297704015447,-0.4427622998119181,0.23381127234358465,-0.05887906598038138,-0.28982865107379,-0.18707913787463065,0.37196904273089687,0.15699662550223553,-0.37027961833071,0.09151552434159105,0.23013271182620731,-0.15815311873223112,-0.09706899270534049,-0.07045526126788593,0.1120721079960161,-0.15272989791473904,0.2356828292081034,0.005612139595600074,0.040675460367329316,-0.15003884878224646,-0.11603713300688233,0.17587226562699707,-0.25784813441059345,-0.05649747865815063,-0.02723711709134904,-0.082461015843736,0.17462893954030598,-0.12940888381589413,-0.12115436256758379,0.1900193407070632,-0.11113203425286897,-0.31732999346725027,-0.27076280824785776
-0.930834972911808,-0.62394665438333,-1.664219040743726,-1.2741118268889153,-0.19351262284481796,-1.75827550924198,-0.8274298272262073,0.4456939324834597,-0.8678625865254419,0.19440146690026905,-1.0718991947124448,-0.2693884406564899,0.021765924563501585,-2.3425841177927276,0.49298462036126106,1.052240738706739,0.8204631989889717,-0.7899013455391551,-0.22348940169717146,-0.08679691983496683,-1.1091330929798926,0.11759258939557048,-0.488118139673719,1.8824826462547604,-0.062145066334183915,1.1613049035730343,0.036771919118785884,0.8120194762181051,2.0842841798356,-1.439221205368668,0.09888719831474413,-0.6085472177211688,1.2308519162402825,1.113309572206092,1.4388839650696625,-1.334688649309257,-0.7597708704096651,0.32610802577417053,0.06431729222407709,-0.08028647164334989,-0.11113203425286897,0.5749790347822881,1.5292889052485954,0.890478105283312
-3.138484898441658,-1.664438719482071,-5.193063522603325,-4.0641569489942215,-0.676065227957202,-5.246103159973454,-2.6194569043497924,1.149742312480149,-2.795524811674058,0.55840014807362,-3.5329391686299596,-0.9827494302757345,0.01738987114405801,-7.295579700018564,1.2948081056288716,3.077813513149036,2.7029801706688974,-2.162697681706906,-0.8503794584629064,-0.16531618997298,-3.3452384427986828,0.6021307702651824,-1.7556976748059452,5.790727998433916,-0.18829021945324076,3.494821810650287,-0.017734494380197374,2.6471348638402805,6.2418647916247085,-4.39690083357175,0.18879026483434594,-1.956072903449244,3.7648446627937298,3.140361426409492,4.474550503359479,-4.201501211238952,-2.2394632466155024,1.0229034754072273,0.047759643361226,-0.2568677793010765,-0.31732999346725027,1.5292889052485954,4.734278816275417,2.611627165173422
-1.526515305126829,-0.786271681710853,-2.7114943662568622,-1.9953333259827342,-0.43655151739387843,-2.977992267836051,-1.3111468099651733,0.5571419133386013,-1.326613935647457,0.21647784217110447,-1.805567159690581,-0.3107762241429848,0.4397825930388925,-3.7576880273863384,0.7797167390725678,1.7380426376372857,1.5038733660936463,-1.4045644029372357,-0.6116442347136747,0.18967294892296013,-1.7237169697497372,0.09085158654207107,-0.6902228057320255,2.995793380616897,-0.02091418287580267,1.7342908585496988,0.16704149923537476,1.10970525793146,3.1421030048839507,-2.265164617425646,0.19567720660781568,-0.6846451391993306,1.8126097034006594,1.845096377729965,2.214082495201839,-1.9405384938709433,-1.053966756054571,0.3986573105119303,0.16123526758986242,-0.023469374745948554,-0.27076280824785776,0.890478105283312,2.611627165173422,1.5572962178024274
