V1,V2,V3,V4,V5,V6,V7,V8,V9,V10,V11,V12,V13,V14,V15,V16,V17,V18,V19,V20,V21,V22,V23,V24,V25,V26,V27,V28,V29,V30,V31,V32,V33,V34,V35,V36,V37,V38,V39,V40,V41,V42,V43,V44
73.49695264341591,319.0715126826702,-410.71126046248776,-546.7479378068077,202.43364755795992,-236.10638922140885,216.65344616887705,93.30904862147842,-99.8162105314769,189.22886177810085,-56.164816220602006,190.8329230303021,442.7560091663552,-22.344483934085424,144.42380747399355,-197.10756403775204,712.962905701158,193.0003778731654,114.00959051304253,542.1790600670374,271.76690767770066,-279.990485561814,-64.02728498978007,137.118511245234,-299.9098472624309,352.6187726497601,-504.66429649159033,-256.58931308942454,73.15785504285247,-48.949256614145035,218.4101225302222,-568.8902564313781,-98.97670337265964,-204.41576999625758,-360.49777039059626,26.01235451210578,-7.898338492902405,-146.60557491824918,187.5305405202299,-100.27959021712306,54.205571697118444,110.36553397387625,-169.29254407914863,-15.709269658096023
319.0715126826702,1392.9683508924657,-1793.51961738941,-2385.713762937197,885.6851952644191,-1030.0419452027643,945.5013359938894,406.92558250064,-437.1055961805809,827.3932253312988,-247.27321193452045,834.1434044412209,1930.0495951365156,-99.5538259898043,629.791559747639,-860.9874071546838,3112.5512714257343,844.4012237083281,499.61756520541957,2366.3140254247114,1186.0432295366506,-1221.7978294666425,-280.63616601627814,597.4801774691696,-1307.4435455151456,1539.1447839849914,-2203.5904870695063,-1118.2950435814885,319.1623507181774,-213.46073615367496,954.3727782859119,-2483.984408588291,-430.00509390496813,-890.1803520758422,-1573.1833698990324,112.12136958428641,-32.89393489542371,-639.072365763391,818.1299548329697,-436.45704642645813,236.26166842567383,481.7795701952946,-738.9886422204137,-69.80418614123298
-410.71126046248776,-1793.51961738941,2309.7839430236804,3072.3502156060563,-1140.5406132334783,1326.549156802023,-1217.6256430482215,-524.089079812785,563.0449382892141,-1065.6809097025775,319.1936935021743,-1074.1088587643735,-2484.841650654589,128.3436359932252,-810.7063668566378,1109.2001101125904,-4008.6855230468095,-1087.5009456807704,-643.3676241878844,-3047.389455378268,-1526.8374968171422,1573.3248175814342,361.40560630450375,-769.2328250538525,1683.403463147022,-1981.4933629620662,2837.7646587543527,1439.9602461296477,-411.33804373256066,275.2276816763072,-1228.9002297791073,3198.8808570403653,553.1152161667935,1146.6195032952096,2025.7099297578009,-144.1629907364579,42.36045775009661,823.1005529157276,-1053.2013598738822,561.8723776627234,-303.83444202789883,-620.3297419556084,951.7631453479345,90.18792881004427
-546.7479378068077,-2385.713762937197,3072.3502156060563,4087.3673755123787,-1516.6996306747712,1764.827014160298,-1619.8064924595747,-697.3816608385681,748.6389119047708,-1417.2604371105406,424.24628974816085,-1428.59963755638,-3305.967580273866,170.1932847912225,-1078.5161003226638,1475.503521525025,-5332.665735624439,-1446.2059626162147,-855.2494595967984,-4053.9312356586406,-2031.119882387147,2093.1047434540583,480.4455905942838,-1023.5723323758695,2239.7238774685984,-2635.7370673483065,3774.797038771402,1915.8657628427595,-547.259757874799,366.184091782026,-1634.4661775534357,4255.019234307963,736.1376457597695,1525.9160566621078,2694.738842179984,-192.04313605388796,56.77359797294701,1095.1934153526838,-1401.0815231419308,747.7730014212809,-404.1447568828039,-825.0460685843207,1266.1775291375918,119.74782635225542
202.43364755795992,885.6851952644191,-1140.5406132334783,-1516.6996306747712,563.685849968837,-654.8022105332536,601.1542355651914,258.71299711021874,-278.28896512338633,526.435755181049,-157.90093873918897,530.6358073605468,1226.4546716419286,-63.84393837364103,400.23095726451965,-547.6514900265927,1979.2515434555003,537.3437774043606,318.1084912538313,1504.531320071872,754.0296611096323,-776.7501512376801,-178.70428364053154,379.6446920019553,-830.8189906282502,978.6210472889491,-1401.309792769935,-710.5885897046867,202.89822316897707,-135.6796834000148,607.0225295286815,-1579.5901788798553,-272.82547742228525,-565.531469302623,-1000.1696783947046,70.93105938738793,-20.526963378390292,-406.05871666527156,520.0452466329257,-277.1944786416126,150.12469796438586,306.31827294604267,-469.9290587215248,-44.71547110057659
-236.10638922140885,-1030.0419452027643,1326.549156802023,1764.827014160298,-654.8022105332536,762.0545809739276,-699.3898366628049,-301.0974409162409,323.21960091169893,-611.9271111976597,183.17195820099244,-616.778330185013,-1427.4544151727043,73.43869255106442,-465.68477082124923,637.0885355406206,-2302.5077266438375,-624.3906552052667,-369.2314673098241,-1750.3986170121166,-876.928960303182,903.7476671253281,207.4265300057129,-441.9439294781879,967.1039262121744,-1138.0099614661103,1629.8317135097413,827.2575772841676,-236.33774154055783,158.16724209380806,-705.6863482749194,1837.2145739164946,317.8789256165623,658.915564963517,1163.5325823635412,-82.95787971190224,24.570394553698122,472.9003883697703,-604.9186554256162,322.87764767682984,-174.47795181890538,-356.2304912143689,546.6641676646791,51.67889089183015
216.65344616887705,945.5013359938894,-1217.6256430482215,-1619.8064924595747,601.1542355651914,-699.3898366628049,642.0317268702613,276.4179331633342,-296.7051391796229,561.681880358708,-168.20775002869968,566.1573759461344,1310.1135582124807,-67.55110181020665,427.44585752572226,-584.7574737890277,2113.368128056856,573.157294987872,338.9772146446819,1606.622500369083,804.9478778759353,-829.4886119405307,-190.39454131641,405.614703760671,-887.5376930311244,1044.6385743871588,-1495.9888309820449,-759.2367132825485,216.85182294763075,-145.0970928820434,647.7123993886428,-1686.3321541452829,-291.67293699118403,-604.6893482200811,-1067.9604831070128,76.09741951472479,-22.455432878381103,-433.94773591355147,555.24141221522,-296.3292298141375,160.19090588931218,326.9689722446054,-501.8750601423274,-47.48245254065998
93.30904862147842,406.92558250064,-524.089079812785,-697.3816608385681,258.71299711021874,-301.0974409162409,276.4179331633342,119.12235046100173,-127.66835384773077,241.72138191319107,-72.52778261184217,243.66316524872477,563.9255395998003,-29.02049507675393,183.93873085584318,-251.81070159328078,909.8796237226439,246.63073430606028,145.74910016361218,691.6604260394852,346.4551758572736,-357.09792367125743,-81.86907435269684,174.67551859919348,-382.01987475505484,449.5832757079911,-643.9676143424867,-326.8468843283904,93.38382317748477,-62.47993358494535,278.7106341156842,-725.829352182289,-125.48198635819237,-260.49039607416375,-459.6835776164937,32.7701804344821,-9.738635049666831,-186.81745949678657,238.97047110429162,-127.61866660720486,68.89471570378333,140.67475138335172,-216.15364653274955,-20.461067348873144
-99.8162105314769,-437.1055961805809,563.0449382892141,748.6389119047708,-278.28896512338633,323.21960091169893,-296.7051391796229,-127.66835384773077,137.47067364270507,-259.95580801233774,78.19597924448347,-261.9421269657531,-605.142666048642,31.60526638327138,-197.43863549516553,270.46684254939686,-977.083242449677,-265.3353932546132,-157.0940816434067,-742.649716411929,-372.05347763226126,383.3812475960557,88.27151735271663,-187.29015478288946,409.99014056435743,-482.8918799695772,691.7388415890777,350.65585836943944,-100.23886348218305,67.06830493353624,-299.6629194145312,779.7468747886289,134.44092316049577,279.13507378265757,493.6281576920849,-34.89323894938049,10.089122197998107,200.4559141866287,-256.5959021619346,136.72596549911736,-73.98249217195051,-151.19453921154428,231.95133606772097,22.181121783467656
189.22886177810085,827.3932253312988,-1065.6809097025775,-1417.2604371105406,526.435755181049,-611.9271111976597,561.681880358708,241.72138191319107,-259.95580801233774,491.8503422067541,-147.59853635684956,495.6643872530131,1145.9562708503038,-59.478716543695626,373.89675931617876,-511.8173032043279,1849.4380361416518,501.9615031437365,297.06471083004357,1405.8202165666914,704.2949535114863,-725.7670010595452,-166.89002632820137,354.723438550389,-776.378299284437,914.07493244446,-1309.2508286571222,-664.0637912685388,189.77982149642895,-126.9871943964246,567.0655429726163,-1475.8660879342158,-254.8766432054636,-528.7185099254282,-934.4633227444107,66.31562836728978,-19.33907656898115,-379.61615665692113,485.786128277063,-259.0245347398184,140.0912903045312,286.18839802016237,-439.0545981004891,-41.78362582235887
-56.164816220602006,-247.27321193452045,319.1936935021743,424.24628974816085,-157.90093873918897,183.17195820099244,-168.20775002869968,-72.52778261184217,78.19597924448347,-147.59853635684956,45.59230931697051,-148.42486949495606,-341.7566123949253,18.31909103712101,-111.36211524105775,153.91936246785792,-554.2774389035542,-150.6059012848449,-89.05851000627442,-420.93163330025624,-210.18233021154398,217.12214345432702,50.0793466713076,-105.83199574611945,231.67429725952127,-272.91911546129205,392.0766050672329,198.27078463841212,-57.13195312955409,38.333695975089825,-169.6604185364247,441.88653509564256,75.09249194542045,158.34133847656514,279.38797836809766,-19.33589189937631,5.572197796166717,113.5444760348693,-144.88151179953576,77.15737946492342,-41.37698116896052,-85.47189183685886,131.71200381729864,13.085083623549233
190.8329230303021,834.1434044412209,-1074.1088587643735,-1428.59963755638,530.6358073605468,-616.778330185013,566.1573759461344,243.66316524872477,-261.9421269657531,495.6643872530131,-148.42486949495606,499.67904264551913,1155.390961857105,-59.857009557806656,377.01349879858634,-515.7251255878424,1864.057850334621,505.92099618293526,299.4078763792337,1417.0203900340334,710.1853338554324,-731.6310517420114,-168.20126066061613,357.6717809000474,-782.7145345506912,921.6024437299667,-1319.6959946620286,-669.4373015150077,191.1392884964771,-127.82651738927233,571.6391122395236,-1487.5783465243467,-257.1814304019146,-532.8512191866813,-941.9985658704308,66.92867838235252,-19.50490862534037,-382.61910960334825,489.8398323705368,-261.2009989798999,141.3794930943242,288.47211234208027,-442.5505792147679,-41.99313453503645
442.7560091663552,1930.0495951365156,-2484.841650654589,-3305.967580273866,1226.4546716419286,-1427.4544151727043,1310.1135582124807,563.9255395998003,-605.142666048642,1145.9562708503038,-341.7566123949253,1155.390961857105,2675.3518722915587,-137.16611078395096,872.9169362417865,-1192.7061385645059,4312.591262916989,1169.302243891237,691.5850743016134,3278.865956895992,1643.4898058760944,-1693.07014447959,-388.4474157696621,828.2873732203267,-1812.2864950739884,2132.7006470545102,-3053.0486263612825,-1550.1847744752386,442.3030129507694,-295.8534775723308,1322.0647241160227,-3441.5720245705206,-596.6801218153757,-1234.1939034985155,-2179.986548786947,155.9227251088184,-46.15640482224758,-885.8493157394403,1133.8094944974819,-605.2334678495939,327.5232913024861,667.5991031086479,-1023.8590079396922,-96.23107154698653
-22.344483934085424,-99.5538259898043,128.3436359932252,170.1932847912225,-63.84393837364103,73.43869255106442,-67.55110181020665,-29.02049507675393,31.60526638327138,-59.478716543695626,18.31909103712101,-59.857009557806656,-137.16611078395096,7.701161085666683,-44.81052858979006,61.69834228443358,-222.51389144742805,-60.79560679712726,-36.18905446428665,-169.01309459591573,-84.65289498122075,87.15947182995473,20.334004404910203,-42.40364288367614,92.90555399086868,-110.00094364780044,157.63720133924807,79.43961397245788,-22.74960335728502,15.192945852290691,-68.39951944330188,177.70808184919434,30.136447045695487,63.07154185978401,112.30519741878074,-7.64921492859201,1.9309008143752877,45.353480931658574,-58.311352504396275,30.842669031547683,-16.808723614408034,-34.43824150768934,52.85582538357117,5.3176219673006795
144.42380747399355,629.791559747639,-810.7063668566378,-1078.5161003226638,400.23095726451965,-465.68477082124923,427.44585752572226,183.93873085584318,-197.43863549516553,373.89675931617876,-111.36211524105775,377.01349879858634,872.9169362417865,-44.81052858979006,284.9045480835943,-389.01013100766414,1406.889818029256,381.5641312384162,225.7488477479624,1069.7118765168868,536.3055286842485,-552.3749051158636,-126.77726589050343,270.22148149884345,-591.2953741437631,695.9779232642442,-996.0742995445671,-505.72890143947205,144.21915396949618,-96.44568409939383,431.3913265776341,-1122.868945196813,-194.78106448903836,-402.49005704284986,-711.2882991972335,50.893214390138866,-14.99054704952797,-288.94224678780944,369.9724549634445,-197.4502447029179,106.9519448953699,217.83267401732363,-334.00082716455114,-31.365109941185324
-197.10756403775204,-860.9874071546838,1109.2001101125904,1475.503521525025,-547.6514900265927,637.0885355406206,-584.7574737890277,-251.81070159328078,270.46684254939686,-511.8173032043279,153.91936246785792,-515.7251255878424,-1192.7061385645059,61.69834228443358,-389.01013100766414,533.0570640107109,-1925.394019171227,-522.2632161632129,-308.8102919801177,-1463.4781041369956,-732.8348642054956,755.5255172075224,173.51128878929364,-369.2767122103715,808.1400178096493,-951.0384500408252,1362.7467836181302,691.3286132627807,-197.7562380834346,132.3980039040777,-589.9865839576396,1536.061619149852,265.0587794567137,550.8931067305515,972.5779536090529,-69.0243813685294,20.39790941246216,395.34678320530384,-505.4683059968283,269.7223591570592,-145.55782625274085,-297.72356242091274,457.2099838852701,43.54763925701523
712.962905701158,3112.5512714257343,-4008.6855230468095,-5332.665735624439,1979.2515434555003,-2302.5077266438375,2113.368128056856,909.8796237226439,-977.083242449677,1849.4380361416518,-554.2774389035542,1864.057850334621,4312.591262916989,-222.51389144742805,1406.889818029256,-1925.394019171227,6957.846883137108,1887.223761349135,1116.1637805673745,5289.18156225173,2649.7782338517377,-2730.777414910451,-627.0383739293882,1335.211510320138,-2921.7173270235908,3438.695791516992,-4925.169557997882,-2499.259193108475,714.0903823639571,-477.84352687603325,2132.610740698009,-5551.7307138912265,-959.8177827053464,-1990.6125416967525,-3515.7099406062885,250.2333718663799,-73.7889075850739,-1428.7187507273372,1827.7834716047328,-975.3330555359772,527.1036551810593,1076.431088453633,-1652.0651921025876,-156.56655738121196
193.0003778731654,844.4012237083281,-1087.5009456807704,-1446.2059626162147,537.3437774043606,-624.3906552052667,573.157294987872,246.63073430606028,-265.3353932546132,501.9615031437365,-150.6059012848449,505.92099618293526,1169.302243891237,-60.79560679712726,381.5641312384162,-522.2632161632129,1887.223761349135,512.3815148541362,303.28440302402885,1434.5383067221117,718.797246125506,-740.6325861756333,-170.3863070348636,361.9280361717391,-792.2082433511251,932.8390793982426,-1336.0690717568536,-677.5339493150683,193.58587342745685,-129.5039317256265,578.7631760222054,-1506.0592466696996,-260.0394553661367,-539.3234323674056,-953.5720080037138,67.58224192309771,-19.627546059643628,-387.3290280648958,495.7520463734912,-264.26963584556756,142.98158817617661,292.0158135363555,-448.0300729405884,-42.68663211160439
114.00959051304253,499.61756520541957,-643.3676241878844,-855.2494595967984,318.1084912538313,-369.2314673098241,338.9772146446819,145.74910016361218,-157.0940816434067,297.06471083004357,-89.05851000627442,299.4078763792337,691.5850743016134,-36.18905446428665,225.7488477479624,-308.8102919801177,1116.1637805673745,303.28440302402885,179.71550399036974,848.4617093222931,425.2968916165902,-438.02002686805116,-100.95543006591913,213.98847355027775,-468.5066340502612,552.0167258137557,-790.3774655116365,-400.6403168376626,114.3900958629784,-76.48567351221179,342.5359664559835,-891.0108477926976,-153.81983498690883,-318.6273526093837,-564.0941692472114,39.901233102142456,-11.392370597185868,-228.95241623795206,293.31588661142416,-156.19065776232648,84.70277963815177,172.84104103230328,-264.91875125867284,-25.280540035013395
542.1790600670374,2366.3140254247114,-3047.389455378268,-4053.9312356586406,1504.531320071872,-1750.3986170121166,1606.622500369083,691.6604260394852,-742.649716411929,1405.8202165666914,-420.93163330025624,1417.0203900340334,3278.865956895992,-169.01309459591573,1069.7118765168868,-1463.4781041369956,5289.18156225173,1434.5383067221117,848.4617093222931,4020.8961846581233,2014.5831622353458,-2075.9790061714903,-476.6297729111464,1015.1400787688839,-2221.3353887951316,2614.392416666275,-3744.1039807353345,-1900.1408638646246,542.7484116047767,-363.1527501877338,1621.2186348632038,-4220.48514008508,-730.0293888866312,-1513.2696191364446,-2672.806210804209,190.4124984423975,-56.17339774475,-1086.1097170370722,1389.6488035510486,-741.5717097741898,400.90239884136514,818.3677553117083,-1255.8520234733505,-118.83119821622076
271.76690767770066,1186.0432295366506,-1526.8374968171422,-2031.119882387147,754.0296611096323,-876.928960303182,804.9478778759353,346.4551758572736,-372.05347763226126,704.2949535114863,-210.18233021154398,710.1853338554324,1643.4898058760944,-84.65289498122075,536.3055286842485,-732.8348642054956,2649.7782338517377,718.797246125506,425.2968916165902,2014.5831622353458,1010.0361658432439,-1040.2647714367724,-238.90142511301326,508.7904502183064,-1113.2650042543387,1310.6588521479046,-1876.0669954051857,-952.1647110838428,271.5626140717471,-181.56530269330548,812.5617665611431,-2114.729523216997,-366.39649346283346,-757.7941943067291,-1339.4591197422124,95.56842350934491,-28.04993915835372,-544.0151979224638,696.7148863633562,-371.70475911325684,201.3512704772183,410.18789476783047,-629.1115378089522,-59.2701844547648
-279.990485561814,-1221.7978294666425,1573.3248175814342,2093.1047434540583,-776.7501512376801,903.7476671253281,-829.4886119405307,-357.09792367125743,383.3812475960557,-725.7670010595452,217.12214345432702,-731.6310517420114,-1693.07014447959,87.15947182995473,-552.3749051158636,755.5255172075224,-2730.777414910451,-740.6325861756333,-438.02002686805116,-2075.9790061714903,-1040.2647714367724,1071.9156015088342,246.0667387162372,-524.1719927344072,1147.0142610960825,-1349.8963979058476,1933.0852748596374,981.0991746614933,-280.1702975401019,187.4500468761875,-837.0698996134196,2178.981788153293,377.08288275517384,781.3023721907498,1380.0196170430481,-98.35452997984426,29.057054686790746,560.8081196598943,-717.5718415283083,382.95499501600733,-207.0503849383938,-422.5147349540922,648.3688110569301,61.275081018362314
-64.02728498978007,-280.63616601627814,361.40560630450375,480.4455905942838,-178.70428364053154,207.4265300057129,-190.39454131641,-81.86907435269684,88.27151735271663,-166.89002632820137,50.0793466713076,-168.20126066061613,-388.4474157696621,20.334004404910203,-126.77726589050343,173.51128878929364,-627.0383739293882,-170.3863070348636,-100.95543006591913,-476.6297729111464,-238.90142511301326,246.0667387162372,56.734048496222535,-120.19226348903251,263.17424711736476,-310.0680725616814,444.0142847316092,225.03237671304112,-64.26812222258113,42.97540180243323,-192.43767684149017,500.52682383094725,86.36712202749392,178.9818395826381,316.8719330668042,-22.38559726375522,6.4039136370409,128.61131935029132,-164.75523725177538,87.72512332105491,-47.56194625276726,-97.07896171265755,148.80085390066083,14.216723805482895
137.118511245234,597.4801774691696,-769.2328250538525,-1023.5723323758695,379.6446920019553,-441.9439294781879,405.614703760671,174.67551859919348,-187.29015478288946,354.723438550389,-105.83199574611945,357.6717809000474,828.2873732203267,-42.40364288367614,270.22148149884345,-369.2767122103715,1335.211510320138,361.9280361717391,213.98847355027775,1015.1400787688839,508.7904502183064,-524.1719927344072,-120.19226348903251,256.51181310776167,-561.0598340080201,660.2062561635349,-945.1770184123179,-479.9570503924366,136.9486914220481,-91.58815855649412,409.22674293295836,-1065.4149911389927,-184.7244464570733,-382.22641515661627,-674.8777002735958,48.30541319994334,-14.333281475507116,-274.268670124938,351.0046186567569,-187.42628435558015,101.37007216350936,206.6407088444579,-317.0433182390983,-29.791290390063427
-299.9098472624309,-1307.4435455151456,1683.403463147022,2239.7238774685984,-830.8189906282502,967.1039262121744,-887.5376930311244,-382.01987475505484,409.99014056435743,-776.378299284437,231.67429725952127,-782.7145345506912,-1812.2864950739884,92.90555399086868,-591.2953741437631,808.1400178096493,-2921.7173270235908,-792.2082433511251,-468.5066340502612,-2221.3353887951316,-1113.2650042543387,1147.0142610960825,263.17424711736476,-561.0598340080201,1227.7506123175833,-1444.6207216214816,2068.3186698693758,1050.1484586442118,-299.74990353232226,200.54859239268336,-895.6339011343392,2331.5201655195847,404.0802062853912,836.1901415247429,1476.8076272152518,-105.55886729177894,31.31076766769229,600.2167069660605,-768.003879754175,409.9779576851267,-221.74130330496672,-452.2075126314915,693.6084106523903,65.26091274041343
352.6187726497601,1539.1447839849914,-1981.4933629620662,-2635.7370673483065,978.6210472889491,-1138.0099614661103,1044.6385743871588,449.5832757079911,-482.8918799695772,914.07493244446,-272.91911546129205,921.6024437299667,2132.7006470545102,-110.00094364780044,695.9779232642442,-951.0384500408252,3438.695791516992,932.8390793982426,552.0167258137557,2614.392416666275,1310.6588521479046,-1349.8963979058476,-310.0680725616814,660.2062561635349,-1444.6207216214816,1700.9516339437355,-2434.6510301004246,-1235.604148258229,352.4343077686939,-235.6601842279702,1054.4782300939423,-2744.4778276247243,-475.41189433726333,-983.3536409221844,-1738.2830040651968,124.03084606821099,-36.33949981917938,-705.8748700815883,904.0853609340534,-482.29536835969583,261.3135129246714,532.3768327067153,-816.4027260943725,-76.95400917959672
-504.66429649159033,-2203.5904870695063,2837.7646587543527,3774.797038771402,-1401.309792769935,1629.8317135097413,-1495.9888309820449,-643.9676143424867,691.7388415890777,-1309.2508286571222,392.0766050672329,-1319.6959946620286,-3053.0486263612825,157.63720133924807,-996.0742995445671,1362.7467836181302,-4925.169557997882,-1336.0690717568536,-790.3774655116365,-3744.1039807353345,-1876.0669954051857,1933.0852748596374,444.0142847316092,-945.1770184123179,2068.3186698693758,-2434.6510301004246,3486.576963292313,1769.1789288150724,-505.28571589199674,338.04885530947416,-1509.8671946085578,3930.165148464859,679.6820138212363,1408.7516381757391,2488.880276102269,-177.1600611264752,52.08241108562049,1011.2132703265903,-1294.0785674178921,690.4051330449679,-373.39690619619427,-762.1251608416526,1169.3691172164365,110.73969914802133
-256.58931308942454,-1118.2950435814885,1439.9602461296477,1915.8657628427595,-710.5885897046867,827.2575772841676,-759.2367132825485,-326.8468843283904,350.65585836943944,-664.0637912685388,198.27078463841212,-669.4373015150077,-1550.1847744752386,79.43961397245788,-505.72890143947205,691.3286132627807,-2499.259193108475,-677.5339493150683,-400.6403168376626,-1900.1408638646246,-952.1647110838428,981.0991746614933,225.03237671304112,-479.9570503924366,1050.1484586442118,-1235.604148258229,1769.1789288150724,898.3453995941451,-256.4658395260692,171.60104416577164,-766.0024858604847,1994.3337434496466,345.57595667655295,715.4424180202376,1263.2021542172017,-90.3238802794264,26.828722850545795,513.4468542399013,-656.8875885485257,350.71225931233187,-189.61942929469208,-386.8115338303858,593.3895192020748,55.83773667782996
73.15785504285247,319.1623507181774,-411.33804373256066,-547.259757874799,202.89822316897707,-236.33774154055783,216.85182294763075,93.38382317748477,-100.23886348218305,189.77982149642895,-57.13195312955409,191.1392884964771,442.3030129507694,-22.74960335728502,144.21915396949618,-197.7562380834346,714.0903823639571,193.58587342745685,114.3900958629784,542.7484116047767,271.5626140717471,-280.1702975401019,-64.26812222258113,136.9486914220481,-299.74990353232226,352.4343077686939,-505.28571589199674,-256.4658395260692,73.49579486255944,-49.2665033841283,218.6877829569108,-569.597031010784,-98.26361392011039,-204.5398749209039,-360.620180030509,25.637595269739798,-7.680635874118628,-146.77138963590704,187.34385103581826,-100.04298494044029,53.83440265616694,110.38847750502683,-169.54047959908902,-16.156490035017693
-48.949256614145035,-213.46073615367496,275.2276816763072,366.184091782026,-135.6796834000148,158.16724209380806,-145.0970928820434,-62.47993358494535,67.06830493353624,-126.9871943964246,38.333695975089825,-127.82651738927233,-295.8534775723308,15.192945852290691,-96.44568409939383,132.3980039040777,-477.84352687603325,-129.5039317256265,-76.48567351221179,-363.1527501877338,-181.56530269330548,187.4500468761875,42.97540180243323,-91.58815855649412,200.54859239268336,-235.6601842279702,338.04885530947416,171.60104416577164,-49.2665033841283,33.072497387776494,-146.2688563258605,381.09086948399147,65.66126112968011,136.96234396893806,241.24659658842876,-17.139847239057136,5.194328772922843,98.26736837943842,-125.26589898515707,66.92154707461545,-35.924398005441965,-73.83798729743629,113.43489540814743,10.841581759907251
218.4101225302222,954.3727782859119,-1228.9002297791073,-1634.4661775534357,607.0225295286815,-705.6863482749194,647.7123993886428,278.7106341156842,-299.6629194145312,567.0655429726163,-169.6604185364247,571.6391122395236,1322.0647241160227,-68.39951944330188,431.3913265776341,-589.9865839576396,2132.610740698009,578.7631760222054,342.5359664559835,1621.2186348632038,812.5617665611431,-837.0698996134196,-192.43767684149017,409.22674293295836,-895.6339011343392,1054.4782300939423,-1509.8671946085578,-766.0024858604847,218.6877829569108,-146.2688563258605,654.0388651124897,-1701.9843502896038,-294.3944169504147,-609.6680387394773,-1077.805723772051,76.64687032014136,-22.38079870761799,-437.7986335099969,560.4816323773105,-298.8771613897008,161.81089420230052,330.1064982016544,-506.2390170596436,-47.95897334894413
-568.8902564313781,-2483.984408588291,3198.8808570403653,4255.019234307963,-1579.5901788798553,1837.2145739164946,-1686.3321541452829,-725.829352182289,779.7468747886289,-1475.8660879342158,441.88653509564256,-1487.5783465243467,-3441.5720245705206,177.70808184919434,-1122.868945196813,1536.061619149852,-5551.7307138912265,-1506.0592466696996,-891.0108477926976,-4220.48514008508,-2114.729523216997,2178.981788153293,500.52682383094725,-1065.4149911389927,2331.5201655195847,-2744.4778276247243,3930.165148464859,1994.3337434496466,-569.597031010784,381.09086948399147,-1701.9843502896038,4430.316897369272,766.2444634870287,1587.9602028603779,2805.5948329304206,-199.76066577520638,58.6916003925522,1139.868978110835,-1458.726032857751,778.218865551102,-420.93717944216905,-859.1643139186136,1318.0844938861715,124.79724315735585
-98.97670337265964,-430.00509390496813,553.1152161667935,736.1376457597695,-272.82547742228525,317.8789256165623,-291.67293699118403,-125.48198635819237,134.44092316049577,-254.8766432054636,75.09249194542045,-257.1814304019146,-596.6801218153757,30.136447045695487,-194.78106448903836,265.0587794567137,-959.8177827053464,-260.0394553661367,-153.81983498690883,-730.0293888866312,-366.39649346283346,377.08288275517384,86.36712202749392,-184.7244464570733,404.0802062853912,-475.41189433726333,679.6820138212363,345.57595667655295,-98.26361392011039,65.66126112968011,-294.3944169504147,766.2444634870287,133.7795697479475,274.8386075308631,485.67159167964684,-35.150636519213926,10.484526055249514,197.29045942719588,-252.84242893087503,135.07362319183105,-73.34834123667486,-148.79608288571188,227.7721618681557,20.97811140748302
-204.41576999625758,-890.1803520758422,1146.6195032952096,1525.9160566621078,-565.531469302623,658.915564963517,-604.6893482200811,-260.49039607416375,279.13507378265757,-528.7185099254282,158.34133847656514,-532.8512191866813,-1234.1939034985155,63.07154185978401,-402.49005704284986,550.8931067305515,-1990.6125416967525,-539.3234323674056,-318.6273526093837,-1513.2696191364446,-757.7941943067291,781.3023721907498,178.9818395826381,-382.22641515661627,836.1901415247429,-983.3536409221844,1408.7516381757391,715.4424180202376,-204.5398749209039,136.96234396893806,-609.6680387394773,1587.9602028603779,274.8386075308631,570.3504985067985,1005.7458410694079,-71.90576491537459,21.622648363106638,409.1067946490979,-522.8067453836763,279.3403215564967,-150.6277127095149,-307.8510353886813,472.7283164780304,44.5875536668803
-360.49777039059626,-1573.1833698990324,2025.7099297578009,2694.738842179984,-1000.1696783947046,1163.5325823635412,-1067.9604831070128,-459.6835776164937,493.6281576920849,-934.4633227444107,279.38797836809766,-941.9985658704308,-2179.986548786947,112.30519741878074,-711.2882991972335,972.5779536090529,-3515.7099406062885,-953.5720080037138,-564.0941692472114,-2672.806210804209,-1339.4591197422124,1380.0196170430481,316.8719330668042,-674.8777002735958,1476.8076272152518,-1738.2830040651968,2488.880276102269,1263.2021542172017,-360.620180030509,241.24659658842876,-1077.805723772051,2805.5948329304206,485.67159167964684,1005.7458410694079,1776.8844835335008,-126.71597860824868,37.32773065732491,721.9060738280355,-923.9713616235261,493.0312529119646,-266.756112310708,-544.1191131975264,834.6941782381994,78.81408744216802
26.01235451210578,112.12136958428641,-144.1629907364579,-192.04313605388796,70.93105938738793,-82.95787971190224,76.09741951472479,32.7701804344821,-34.89323894938049,66.31562836728978,-19.33589189937631,66.92867838235252,155.9227251088184,-7.64921492859201,50.893214390138866,-69.0243813685294,250.2333718663799,67.58224192309771,39.901233102142456,190.4124984423975,95.56842350934491,-98.35452997984426,-22.38559726375522,48.30541319994334,-105.55886729177894,124.03084606821099,-177.1600611264752,-90.3238802794264,25.637595269739798,-17.139847239057136,76.64687032014136,-199.76066577520638,-35.150636519213926,-71.90576491537459,-126.71597860824868,9.363475827990172,-2.901690881123078,-51.51599860550922,65.98792865760176,-35.367988656788356,19.191984249445923,38.8217268445967,-59.39380095651336,-5.321890071008631
-7.898338492902405,-32.89393489542371,42.36045775009661,56.77359797294701,-20.526963378390292,24.570394553698122,-22.455432878381103,-9.738635049666831,10.089122197998107,-19.33907656898115,5.572197796166717,-19.50490862534037,-46.15640482224758,1.9309008143752877,-14.99054704952797,20.39790941246216,-73.7889075850739,-19.627546059643628,-11.392370597185868,-56.17339774475,-28.04993915835372,29.057054686790746,6.4039136370409,-14.333281475507116,31.31076766769229,-36.33949981917938,52.08241108562049,26.828722850545795,-7.680635874118628,5.194328772922843,-22.38079870761799,58.6916003925522,10.484526055249514,21.622648363106638,37.32773065732491,-2.901690881123078,1.1513145914652494,15.383799304032216,-19.400589454880116,10.588210123380629,-5.56447867994345,-11.362650974281603,17.52756012552534,1.4553992199932115
-146.60557491824918,-639.072365763391,823.1005529157276,1095.1934153526838,-406.05871666527156,472.9003883697703,-433.94773591355147,-186.81745949678657,200.4559141866287,-379.61615665692113,113.5444760348693,-382.61910960334825,-885.8493157394403,45.353480931658574,-288.94224678780944,395.34678320530384,-1428.7187507273372,-387.3290280648958,-228.95241623795206,-1086.1097170370722,-544.0151979224638,560.8081196598943,128.61131935029132,-274.268670124938,600.2167069660605,-705.8748700815883,1011.2132703265903,513.4468542399013,-146.77138963590704,98.26736837943842,-437.7986335099969,1139.868978110835,197.29045942719588,409.1067946490979,721.9060738280355,-51.51599860550922,15.383799304032216,293.67574634829305,-375.317332090605,200.4152668277524,-108.14053759648284,-221.01897107981165,339.1957965303235,32.03742895181844
187.5305405202299,818.1299548329697,-1053.2013598738822,-1401.0815231419308,520.0452466329257,-604.9186554256162,555.24141221522,238.97047110429162,-256.5959021619346,485.786128277063,-144.88151179953576,489.8398323705368,1133.8094944974819,-58.311352504396275,369.9724549634445,-505.4683059968283,1827.7834716047328,495.7520463734912,293.31588661142416,1389.6488035510486,696.7148863633562,-717.5718415283083,-164.75523725177538,351.0046186567569,-768.003879754175,904.0853609340534,-1294.0785674178921,-656.8875885485257,187.34385103581826,-125.26589898515707,560.4816323773105,-1458.726032857751,-252.84242893087503,-522.8067453836763,-923.9713616235261,65.98792865760176,-19.400589454880116,-375.317332090605,480.62003419997905,-256.44484936556444,138.90816217792718,282.9842371827484,-433.9344398673662,-40.830617906284814
-100.27959021712306,-436.45704642645813,561.8723776627234,747.7730014212809,-277.1944786416126,322.87764767682984,-296.3292298141375,-127.61866660720486,136.72596549911736,-259.0245347398184,77.15737946492342,-261.2009989798999,-605.2334678495939,30.842669031547683,-197.4502447029179,269.7223591570592,-975.3330555359772,-264.26963584556756,-156.19065776232648,-741.5717097741898,-371.70475911325684,382.95499501600733,87.72512332105491,-187.42628435558015,409.9779576851267,-482.29536835969583,690.4051330449679,350.71225931233187,-100.04298494044029,66.92154707461545,-298.8771613897008,778.218865551102,135.07362319183105,279.3403215564967,493.0312529119646,-35.367988656788356,10.588210123380629,200.4152668277524,-256.44484936556444,137.0051938602492,-74.0783005273283,-150.9377801112668,231.60151696724574,21.676097946772288
54.205571697118444,236.26166842567383,-303.83444202789883,-404.1447568828039,150.12469796438586,-174.47795181890538,160.19090588931218,68.89471570378333,-73.98249217195051,140.0912903045312,-41.37698116896052,141.3794930943242,327.5232913024861,-16.808723614408034,106.9519448953699,-145.55782625274085,527.1036551810593,142.98158817617661,84.70277963815177,400.90239884136514,201.3512704772183,-207.0503849383938,-47.56194625276726,101.37007216350936,-221.74130330496672,261.3135129246714,-373.39690619619427,-189.61942929469208,53.83440265616694,-35.924398005441965,161.81089420230052,-420.93717944216905,-73.34834123667486,-150.6277127095149,-266.756112310708,19.191984249445923,-5.56447867994345,-108.14053759648284,138.90816217792718,-74.0783005273283,40.38795261027596,81.76176983502593,-125.11516508140217,-11.591899095200823
110.36553397387625,481.7795701952946,-620.3297419556084,-825.0460685843207,306.31827294604267,-356.2304912143689,326.9689722446054,140.67475138335172,-151.19453921154428,286.18839802016237,-85.47189183685886,288.47211234208027,667.5991031086479,-34.43824150768934,217.83267401732363,-297.72356242091274,1076.431088453633,292.0158135363555,172.84104103230328,818.3677553117083,410.18789476783047,-422.5147349540922,-97.07896171265755,206.6407088444579,-452.2075126314915,532.3768327067153,-762.1251608416526,-386.8115338303858,110.38847750502683,-73.83798729743629,330.1064982016544,-859.1643139186136,-148.79608288571188,-307.8510353886813,-544.1191131975264,38.8217268445967,-11.362650974281603,-221.01897107981165,282.9842371827484,-150.9377801112668,81.76176983502593,166.72162346348495,-255.51435821971842,-24.104417869219375
-169.29254407914863,-738.9886422204137,951.7631453479345,1266.1775291375918,-469.9290587215248,546.6641676646791,-501.8750601423274,-216.15364653274955,231.95133606772097,-439.0545981004891,131.71200381729864,-442.5505792147679,-1023.8590079396922,52.85582538357117,-334.00082716455114,457.2099838852701,-1652.0651921025876,-448.0300729405884,-264.91875125867284,-1255.8520234733505,-629.1115378089522,648.3688110569301,148.80085390066083,-317.0433182390983,693.6084106523903,-816.4027260943725,1169.3691172164365,593.3895192020748,-169.54047959908902,113.43489540814743,-506.2390170596436,1318.0844938861715,227.7721618681557,472.7283164780304,834.6941782381994,-59.39380095651336,17.52756012552534,339.1957965303235,-433.9344398673662,231.60151696724574,-125.11516508140217,-255.51435821971842,392.408805906832,37.21457101550636
-15.709269658096023,-69.80418614123298,90.18792881004427,119.74782635225542,-44.71547110057659,51.67889089183015,-47.48245254065998,-20.461067348873144,22.181121783467656,-41.78362582235887,13.085083623549233,-41.99313453503645,-96.23107154698653,5.3176219673006795,-31.365109941185324,43.54763925701523,-156.56655738121196,-42.68663211160439,-25.280540035013395,-118.83119821622076,-59.2701844547648,61.275081018362314,14.216723805482895,-29.791290390063427,65.26091274041343,-76.95400917959672,110.73969914802133,55.83773667782996,-16.156490035017693,10.841581759907251,-47.95897334894413,124.79724315735585,20.97811140748302,44.5875536668803,78.81408744216802,-5.321890071008631,1.4553992199932115,32.03742895181844,-40.830617906284814,21.676097946772288,-11.591899095200823,-24.104417869219375,37.21457101550636,3.8266933752131886
