V1,V2,V3,V4,V5,V6,V7,V8,V9,V10,V11,V12,V13,V14,V15,V16,V17,V18,V19,V20,V21,V22,V23,V24,V25,V26,V27,V28,V29,V30,V31,V32,V33,V34,V35,V36,V37,V38,V39,V40,V41,V42,V43,V44
106.16482575248206,461.9838596002705,-594.9928269233067,-791.8824568810353,293.39508095270014,-341.96258675729837,313.8118324410922,135.16993066895503,-144.78186083646864,274.3035613855324,-81.98499900956534,276.48289181968596,640.641128438799,-32.636284566097494,208.94756212982944,-285.80282391910356,1032.9326259574907,279.808066734018,165.29228892592707,785.302666397607,393.31453814113485,-405.4805549655392,-92.84234805872147,198.39355420940788,-434.0488885340332,510.36878132294925,-731.0207289072348,-371.3555377443199,106.12036921874356,-71.05854729299543,316.35987916956987,-824.0293473770687,-142.78007536310975,-296.01366761744106,-521.9692300578782,37.39233816291742,-11.285354336226929,-212.33196498195454,271.3564298159839,-145.0243107947411,78.22034318483277,159.75700448118369,-245.29297027941587,-23.056556427818503
461.9838596002705,2017.3634241758018,-2597.588802356489,-3455.160980140818,1282.7997446219474,-1491.8844563625898,1369.5118814739285,589.3403803981812,-633.1038595698149,1198.378192214548,-358.3665336585282,1208.06401455607,2794.8942057431295,-144.35072050802452,912.1563121301651,-1247.083166260799,4507.899493534958,1223.1164322643958,723.694936467563,3427.1925120874275,1717.589914894264,-1769.539918988331,-406.4940246888734,865.0939860394404,-1893.4728795422948,2229.074120723981,-3191.409220761689,-1619.4361650177007,462.2989463445434,-309.2733095107706,1382.1468716151833,-3597.5869459366068,-622.5215527513485,-1289.1199883721904,-2278.439700706253,162.279933164905,-47.62943479789654,-925.4771196392094,1184.6813081589373,-631.9934368260947,342.04305779422725,697.5840085801664,-1070.3032276266476,-101.21945494342727
-594.9928269233067,-2597.588802356489,3345.0313124895592,4449.612668784962,-1651.7037110192794,1921.2293230215478,-1763.511423407669,-759.0723207810018,815.2799784448903,-1543.1925416622905,461.89284732137025,-1555.5435993692327,-3599.036036405963,185.71630001069352,-1174.3081102097492,1606.2457141546497,-5805.467354306819,-1574.8455292273152,-931.6140542334294,-4413.436569755108,-2211.5189881914353,2278.7063846478072,523.3238020922528,-1114.148364030241,2438.2307316159636,-2870.0048359310185,4109.776148088156,2085.545543610729,-595.5751038805831,398.47405101712434,-1779.7162392870828,4632.7048704114695,801.3902556309444,1660.6127347666265,2933.89081128468,-208.94205650173797,61.4896854643032,1192.0132281706274,-1525.4555055056414,813.9079032648642,-440.21669400900174,-898.3365224142553,1378.4030353458813,130.42976619973396
-791.8824568810353,-3455.160980140818,4449.612668784962,5919.613824431257,-2196.614382264815,2555.933730056644,-2345.9081100769567,-1010.0367273851734,1084.2440406888675,-2052.5846769639634,614.4695838486663,-2068.9672113532533,-4788.046028805437,246.49497433766993,-1561.958279066165,2136.9281005432613,-7723.209992847622,-2094.4073952545755,-1238.5894138214408,-5871.211162699363,-2941.626007048379,3031.344551216794,695.7896074101757,-1482.485277912116,3243.706237407094,-3817.3591235004014,5466.9854266301945,2774.756286034761,-792.5717287628397,530.3178741436853,-2367.1445811283493,6162.489804532904,1066.1801653693592,2210.02076047367,3902.7480036144448,-278.1986728626172,82.23066138337178,1586.0880101617333,-2029.1959833883661,1083.0106011221146,-585.3822649092036,-1194.9884186005488,1833.7845990385074,173.39378440352945
293.39508095270014,1282.7997446219474,-1651.7037110192794,-2196.614382264815,816.2085056563262,-948.313138030285,870.4998991372711,374.6388471539254,-402.9108807225302,762.2731352844521,-228.2049321919439,768.465834059509,1776.7687577679742,-92.20895402683226,579.7379679879153,-792.9126577938481,2866.3083332165656,777.9879789008701,460.57423977039895,2178.907465655004,1092.2659634091178,-1124.959157274515,-258.75582577709554,550.0446922929572,-1203.5048312738406,1417.5129234090746,-2029.448366821967,-1029.36359245835,293.7491336029122,-196.37056183457105,879.1796589669896,-2287.6227071325025,-395.5828202470759,-819.1183563809312,-1448.6046543749978,102.9350188160733,-29.832208867699705,-588.1369214464255,753.402491592558,-401.6185201661686,217.63858530874776,443.77217213555684,-680.4516738104725,-64.52284101746557
-341.96258675729837,-1491.8844563625898,1921.2293230215478,2555.933730056644,-948.313138030285,1103.7892020502222,-1013.237207253023,-436.08121476306144,467.9615627552806,-886.1643943108818,265.07498376042713,-893.2187214264274,-2067.274402678194,106.42730161983648,-674.7707363817128,922.5597765278382,-3334.443070955062,-904.4150621369787,-534.828831198333,-2535.1953312819983,-1270.0569457523823,1308.9591092668475,300.36969667732467,-639.8808458724953,1400.7516913020945,-1648.3173503168593,2360.288342854197,1198.0571299274932,-342.2418748859717,229.09628179328163,-1021.8733894966024,2660.8142004608417,460.4388920222727,954.130866576951,1685.250737848462,-120.20078278836137,35.6213114072114,684.8079983160113,-875.9606318210717,467.6024051419655,-252.6805929017486,-515.6783096395797,791.8010117243948,74.83131304566028
313.8118324410922,1369.5118814739285,-1763.511423407669,-2345.9081100769567,870.4998991372711,-1013.237207253023,930.309514726694,400.1649711709779,-429.4695335047287,813.3860000707955,-243.08904101530598,819.8706723942653,1897.3488343827917,-97.8403186896718,619.7008423455644,-846.6630959302407,3060.295844035608,830.3908060973802,491.14178890048896,2327.067157065311,1165.8102666798186,-1201.5439470920303,-275.76414678906013,587.040228713093,-1285.8307420164185,1513.1784148354802,-2166.323978176312,-1099.537398914106,314.0631276898856,-210.3065281738297,937.906947101412,-2442.3668345022934,-422.66341058177244,-875.4158532716214,-1547.0045176894898,110.31542950797564,-32.675505623186204,-628.4514399500621,803.9030281613889,-429.11365838126505,231.94492282582536,473.11429816236495,-726.7600078518086,-68.68778446497876
135.16993066895503,589.3403803981812,-759.0723207810018,-1010.0367273851734,374.6388471539254,-436.08121476306144,400.1649711709779,172.4232147720851,-184.93239515108516,350.14194142774943,-104.9539199381939,352.91584495126085,816.9080430438887,-41.93162539764147,266.34962337441516,-364.65674897468705,1317.8017471405853,357.16029991081325,211.11111979444019,1001.6921294604225,501.75160027113736,-517.1444461430153,-118.61312867756921,253.06248467017983,-553.3670157181028,651.0785012112657,-932.6953748003945,-473.47599729525973,135.3071511269654,-90.52539777685321,403.76477142598463,-1051.2898199395938,-181.8662242420628,-377.3221508184913,-665.7571029997799,47.508848241249574,-14.105431612342294,-270.67682573152274,346.16877695283995,-184.83029591103895,99.79326707352367,203.88445396897532,-312.9051305840457,-29.58798777768868
-144.78186083646864,-633.1038595698149,815.2799784448903,1084.2440406888675,-402.9108807225302,467.9615627552806,-429.4695335047287,-184.93239515108516,199.01334794275996,-376.31183207773404,112.88584610777201,-379.3355951992003,-876.9758382943614,45.5096016399293,-285.8662332943653,391.52475336193794,-1414.9866424888196,-383.92589578593436,-227.28106654344347,-1075.390147320693,-539.0928364428141,555.2078589021962,127.74328237619497,-271.5884661374806,593.8907695622794,-699.5078829683098,1001.8535730264799,508.0898341277046,-145.0277770268299,96.91505092287467,-434.05232545974644,1129.1269011886188,195.1014689390452,404.4418714168397,714.8912474086866,-50.70969098815322,14.681657921029037,290.3648980722895,-371.9515299077923,198.23320803309957,-107.40506828585274,-219.2184558448913,335.87250487610476,31.89475756178219
274.3035613855324,1198.378192214548,-1543.1925416622905,-2052.5846769639634,762.2731352844521,-886.1643943108818,813.3860000707955,350.14194142774943,-376.31183207773404,712.0852320420616,-213.2851503741603,717.7974888510048,1660.1771819263113,-85.89331314575672,541.586693922928,-741.0029725090664,2678.2705133838563,726.6588478273163,429.99323942110055,2035.9227032137117,1020.3173390105599,-1051.1331692165695,-241.57831234751504,514.001893124907,-1124.5880706182206,1324.0964872057616,-1896.0962719226268,-961.956713837972,274.65961720617173,-183.68095312868522,821.2328821433274,-2137.279904798498,-369.57326697832644,-765.8206945489735,-1353.4202719048396,96.25739526384207,-28.12482759855427,-549.753607399439,703.8198655965355,-375.3630683533613,203.16451238389138,414.56545585185904,-635.8517495923654,-60.25883530070733
-81.98499900956534,-358.3665336585282,461.89284732137025,614.4695838486663,-228.2049321919439,265.07498376042713,-243.08904101530598,-104.9539199381939,112.88584610777201,-213.2851503741603,64.62630936496821,-214.86805994872978,-496.61111668636244,25.72137829573199,-161.4337743555463,222.2189679060559,-802.2271614953619,-217.3294025325422,-128.4918461067736,-609.2634725363611,-305.09243880879507,314.4527700959002,72.29842849435504,-154.05319205782143,336.16892715399825,-395.75226640566854,567.74560999739,287.87587364260156,-82.40530080131528,55.054902232398526,-245.8667807112607,639.6371578897504,110.10351904432501,229.6476616635495,404.7490733128723,-28.59915500706419,8.340623296718666,164.6750902403779,-210.63462206887013,112.30444229095613,-60.5900608946973,-124.31319051714686,190.4182209120202,18.250738952951224
276.48289181968596,1208.06401455607,-1555.5435993692327,-2068.9672113532533,768.465834059509,-893.2187214264274,819.8706723942653,352.91584495126085,-379.3355951992003,717.7974888510048,-214.86805994872978,723.6160942428603,1673.5483713591013,-86.6190803322353,545.987391320097,-746.8328622428425,2699.6244964212556,732.5243967633164,433.52158399311037,2052.192028503654,1028.617165604499,-1059.546349467555,-243.5577849521144,518.1430866877014,-1133.6067723218132,1334.8627860934027,-1911.2995186672981,-969.638615711388,276.76578636361853,-185.05095931981563,827.8846494249681,-2154.4207097580993,-372.6391612259162,-771.8010566400189,-1364.299858963363,97.0480706434966,-28.284774624055228,-554.0826193380043,709.5364596431987,-378.36678337011386,204.8945208429804,417.9166123522604,-640.9029260392008,-60.709543819884445
640.641128438799,2794.8942057431295,-3599.036036405963,-4788.046028805437,1776.7687577679742,-2067.274402678194,1897.3488343827917,816.9080430438887,-876.9758382943614,1660.1771819263113,-496.61111668636244,1673.5483713591013,3873.317584250212,-199.27345341124285,1263.4739760305315,-1728.219742783614,6246.78100445657,1693.936031744079,1001.8467262660121,4748.842917978335,2379.6635082290845,-2451.9105617760565,-562.8096365893621,1199.305714543202,-2623.835844466477,3088.025672670519,-4422.060316458546,-2244.5292446022654,640.8927671532454,-428.73501859913955,1914.8248923874737,-4984.570860848332,-862.7900390002911,-1787.4917418937273,-3156.8522062866973,225.16213824017183,-66.48992169270527,-1282.872541119253,1641.6289494685257,-876.1189217252171,473.78477219082515,966.7897541237843,-1483.1490143376143,-140.04873405437303
-32.636284566097494,-144.35072050802452,185.71630001069352,246.49497433766993,-92.20895402683226,106.42730161983648,-97.8403186896718,-41.93162539764147,45.5096016399293,-85.89331314575672,25.72137829573199,-86.6190803322353,-199.27345341124285,10.827109019322618,-65.25379299409481,88.96978378209222,-321.8380742927419,-87.86967180252526,-52.296049721029505,-244.73433210019192,-122.91084795136058,126.34539097796817,29.36380538874686,-61.5377365093496,135.00704839585248,-159.63179121492692,228.129403715861,115.30044847743055,-32.795381006861504,21.878372806120407,-99.04357599347063,257.2460211506679,44.296370537042186,91.30277768369594,162.83236580746956,-11.357947834517175,2.983744293446138,65.74980271020158,-84.66565588935828,44.87575578098673,-24.589465019323494,-49.86183066293047,76.37587740543019,7.380198250997327
208.94756212982944,912.1563121301651,-1174.3081102097492,-1561.958279066165,579.7379679879153,-674.7707363817128,619.7008423455644,266.34962337441516,-285.8662332943653,541.586693922928,-161.4337743555463,545.987391320097,1263.4739760305315,-65.25379299409481,413.0775213898002,-563.4876168848288,2037.3897358029478,553.151004428667,327.28698127303204,1549.6024557781252,776.4894739985508,-800.1565575937557,-183.6917870687001,390.7266991041388,-856.4003269815537,1008.0052673466396,-1442.3854526326797,-732.0936651547468,208.96966032898365,-139.95349033079168,624.5402003599002,-1626.4134036714793,-281.710760049089,-582.5013235741592,-1030.3338954561257,73.5496029914039,-21.714592185611888,-418.3051568779284,535.2974276268246,-285.700255516065,154.5962654385115,314.87950978840615,-483.858236756537,-45.65396120041569
-285.80282391910356,-1247.083166260799,1606.2457141546497,2136.9281005432613,-792.9126577938481,922.5597765278382,-846.6630959302407,-364.65674897468705,391.52475336193794,-741.0029725090664,222.2189679060559,-746.8328622428425,-1728.219742783614,88.96978378209222,-563.4876168848288,771.6582949742389,-2788.2199414294787,-755.9567746797369,-446.9892267349963,-2119.3292156790862,-1061.688382476271,1094.1942561991084,251.15469204417695,-535.1959310885521,1170.7178654348427,-1377.658544483695,1973.5839572221475,1001.6114591375004,-286.22748305522884,191.52305167106653,-854.5146000967248,2224.4813580585414,384.5641827421739,798.0235820603278,1408.6349562812006,-100.28920452436584,29.687163822246344,572.6652385509324,-732.4676743472866,390.92292399061387,-211.1686289092751,-431.4768507175911,662.0193720842155,62.70595817526129
1032.9326259574907,4507.899493534958,-5805.467354306819,-7723.209992847622,2866.3083332165656,-3334.443070955062,3060.295844035608,1317.8017471405853,-1414.9866424888196,2678.2705133838563,-802.2271614953619,2699.6244964212556,6246.78100445657,-321.8380742927419,2037.3897358029478,-2788.2199414294787,10076.81235535851,2732.6243272801607,1616.1454089017243,7659.962904919141,3837.9867359459513,-3954.818103932827,-907.9848555443167,1934.3581451133202,-4231.6284676594505,4980.427472060112,-7133.106027642667,-3620.0639214280436,1034.0096337175848,-691.7242389614615,3088.7372727656825,-8040.292788994898,-1390.7346169469552,-2883.3023695458683,-5091.709770871839,362.7264668403589,-106.96379969857179,-2069.258315254054,2647.6763552039097,-1412.8834166698812,763.8157722612052,1559.4526437565496,-2392.5176530175754,-226.38170966950923
279.808066734018,1223.1164322643958,-1574.8455292273152,-2094.4073952545755,777.9879789008701,-904.4150621369787,830.3908060973802,357.16029991081325,-383.92589578593436,726.6588478273163,-217.3294025325422,732.5243967633164,1693.936031744079,-87.86967180252526,553.151004428667,-755.9567746797369,2732.6243272801607,741.8966458629155,439.1370847981592,2077.6713324601765,1041.2915906337803,-1072.740170229362,-246.62150278428203,524.1405575642484,-1147.7462483527684,1351.5282047477708,-1934.7155571980247,-981.4417847220516,280.1602235384051,-187.4455517487859,837.9971825844314,-2181.108670642741,-377.2087542247127,-780.9563911153341,-1381.3219085770295,98.21775238301954,-28.646324382017703,-560.820621633694,718.063163659483,-382.9144292214901,207.35586765212543,422.75110149710787,-648.8208773458812,-61.50213980800622
165.29228892592707,723.694936467563,-931.6140542334294,-1238.5894138214408,460.57423977039895,-534.828831198333,491.14178890048896,211.11111979444019,-227.28106654344347,429.99323942110055,-128.4918461067736,433.52158399311037,1001.8467262660121,-52.296049721029505,327.28698127303204,-446.9892267349963,1616.1454089017243,439.1370847981592,260.1746895238038,1228.8390322468638,616.1691801690977,-634.4861128147819,-146.10987254314392,309.88896632555355,-678.7729936480029,799.8041553629043,-1144.4988871546504,-580.3028249136576,165.50064252495147,-110.66646131461948,495.9350649392902,-1290.2985718803689,-223.12511161439434,-461.3528378375907,-817.1330074096609,57.97124204940303,-16.654163778186252,-331.4691200380006,424.85166894767445,-226.340278231613,122.84885305087829,250.140232940396,-383.68022455121655,-36.41562407145526
785.302666397607,3427.1925120874275,-4413.436569755108,-5871.211162699363,2178.907465655004,-2535.1953312819983,2327.067157065311,1001.6921294604225,-1075.390147320693,2035.9227032137117,-609.2634725363611,2052.192028503654,4748.842917978335,-244.73433210019192,1549.6024557781252,-2119.3292156790862,7659.962904919141,2077.6713324601765,1228.8390322468638,5823.456525014096,2917.764962344008,-3006.7027835764534,-690.2433183969998,1470.1163895031893,-3217.345122743539,3786.5874900711074,-5422.348063950145,-2751.9640764806627,785.9949018711125,-525.9577911195463,2347.8693124848864,-6112.425885817186,-1057.5423072998847,-2191.51341986638,-3871.129971731698,275.906872572508,-81.44357844418745,-1572.950204639154,2012.5589434700369,-1074.053891991644,580.6745681524977,1185.0501007392274,-1818.8036462401853,-172.00036344535667
393.31453814113485,1717.589914894264,-2211.5189881914353,-2941.626007048379,1092.2659634091178,-1270.0569457523823,1165.8102666798186,501.75160027113736,-539.0928364428141,1020.3173390105599,-305.09243880879507,1028.617165604499,2379.6635082290845,-122.91084795136058,776.4894739985508,-1061.688382476271,3837.9867359459513,1041.2915906337803,616.1691801690977,2917.764962344008,1462.4658564499625,-1506.5085620660286,-346.13093551338585,736.6654198926652,-1612.0077423394873,1897.89791211239,-2717.2187502822235,-1378.779427782002,393.5056929711633,-263.1671995853337,1176.8695472381617,-3062.9442014743713,-530.0846905969881,-1097.4794089745312,-1939.8031662450571,138.15956722423283,-40.45475014276186,-787.8814691245217,1008.782947772468,-538.0892979829549,291.3395895492766,594.0730736717079,-911.1963859542336,-86.13945359762405
-405.4805549655392,-1769.539918988331,2278.7063846478072,3031.344551216794,-1124.959157274515,1308.9591092668475,-1201.5439470920303,-517.1444461430153,555.2078589021962,-1051.1331692165695,314.4527700959002,-1059.546349467555,-2451.9105617760565,126.34539097796817,-800.1565575937557,1094.1942561991084,-3954.818103932827,-1072.740170229362,-634.4861128147819,-3006.7027835764534,-1506.5085620660286,1552.4277540281253,356.37853404328223,-758.9732713903986,1661.218535948974,-1955.1021969075612,2799.5784589660143,1420.8740397035654,-405.7950485163659,271.56421750190674,-1212.2190923639562,3155.891856334198,546.0673378175875,1131.4493330324876,1998.7411633100528,-142.45767171274272,42.08186258161694,812.1440555319678,-1039.110158620884,554.5540980297317,-299.82873175750734,-611.8235655319158,939.0571269569829,88.77190949981036
-92.84234805872147,-406.4940246888734,523.3238020922528,695.7896074101757,-258.75582577709554,300.36969667732467,-275.76414678906013,-118.61312867756921,127.74328237619497,-241.57831234751504,72.29842849435504,-243.5577849521144,-562.8096365893621,29.36380538874686,-183.6917870687001,251.15469204417695,-907.9848555443167,-246.62150278428203,-146.10987254314392,-690.2433183969998,-346.13093551338585,356.37853404328223,82.0865614215053,-174.1738278191302,381.21614434417717,-449.21974701205914,643.0000489124993,325.99930841291047,-92.9764119653183,62.133591486917595,-278.65076030376525,724.8103419292838,125.29057393420848,259.24205435935573,458.95431882049354,-32.53331738629684,9.322020142616708,186.22401012344102,-238.72388815817908,127.15672098409168,-69.01987495683566,-140.62529065180235,215.53004587504833,20.471563608647166
198.39355420940788,865.0939860394404,-1114.148364030241,-1482.485277912116,550.0446922929572,-639.8808458724953,587.040228713093,253.06248467017983,-271.5884661374806,514.001893124907,-154.05319205782143,518.1430866877014,1199.305714543202,-61.5377365093496,390.7266991041388,-535.1959310885521,1934.3581451133202,524.1405575642484,309.88896632555355,1470.1163895031893,736.6654198926652,-758.9732713903986,-174.1738278191302,371.6854821079792,-812.1298904114221,955.7684571001656,-1369.203151122148,-695.0199681779278,198.48842467578487,-132.67161666167866,592.881248690827,-1543.106456791116,-267.05560112626824,-553.8064173524639,-977.1383887765453,69.72765871238238,-20.569566780614725,-397.2678476259574,508.3829116996998,-271.3348836945694,146.66921316555093,299.5708589492383,-459.1995447522024,-43.377445256155035
-434.0488885340332,-1893.4728795422948,2438.2307316159636,3243.706237407094,-1203.5048312738406,1400.7516913020945,-1285.8307420164185,-553.3670157181028,593.8907695622794,-1124.5880706182206,336.16892715399825,-1133.6067723218132,-2623.835844466477,135.00704839585248,-856.4003269815537,1170.7178654348427,-4231.6284676594505,-1147.7462483527684,-678.7729936480029,-3217.345122743539,-1612.0077423394873,1661.218535948974,381.21614434417717,-812.1298904114221,1777.7977811102385,-2092.058597531022,2995.4849424726303,1520.5305743724525,-434.2411725134962,290.65167885372284,-1296.956952030671,3376.839041658685,584.539799459972,1210.8263665606046,2138.8090624198794,-152.59772757873668,45.215133463406985,869.1026304817159,-1111.847768895494,593.4969743509637,-320.82890229229616,-654.5636503199444,1004.811873707443,94.86474772979405
510.36878132294925,2229.074120723981,-2870.0048359310185,-3817.3591235004014,1417.5129234090746,-1648.3173503168593,1513.1784148354802,651.0785012112657,-699.5078829683098,1324.0964872057616,-395.75226640566854,1334.8627860934027,3088.025672670519,-159.63179121492692,1008.0052673466396,-1377.658544483695,4980.427472060112,1351.5282047477708,799.8041553629043,3786.5874900711074,1897.89791211239,-1955.1021969075612,-449.21974701205914,955.7684571001656,-2092.058597531022,2463.1620651126,-3526.0856205916575,-1789.1833560243824,510.6250902068619,-341.56018947565576,1527.1814441841648,-3974.9641371420985,-687.9622968351507,-1423.9571333699594,-2517.4923018327418,179.32953588392454,-52.491208039440366,-1022.3368960537575,1308.9835942265904,-698.2189888158323,378.0749673461592,770.7287274519153,-1182.476703014103,-111.7944143979215
-731.0207289072348,-3191.409220761689,4109.776148088156,5466.9854266301945,-2029.448366821967,2360.288342854197,-2166.323978176312,-932.6953748003945,1001.8535730264799,-1896.0962719226268,567.74560999739,-1911.2995186672981,-4422.060316458546,228.129403715861,-1442.3854526326797,1973.5839572221475,-7133.106027642667,-1934.7155571980247,-1144.4988871546504,-5422.348063950145,-2717.2187502822235,2799.5784589660143,643.0000489124993,-1369.203151122148,2995.4849424726303,-3526.0856205916575,5049.643774095991,2562.4408956578673,-731.7194116859703,489.42847654297265,-2186.8076363530713,5691.879812552419,984.5743927003814,2040.4743309714804,3604.5179424231724,-256.6680192205504,75.43646193242395,1464.57289609888,-1874.4612427650961,1000.0482246904927,-540.9569689366399,-1104.0535932417235,1693.539029352199,160.25666389551665
-371.3555377443199,-1619.4361650177007,2085.545543610729,2774.756286034761,-1029.36359245835,1198.0571299274932,-1099.537398914106,-473.47599729525973,508.0898341277046,-961.956713837972,287.87587364260156,-969.638615711388,-2244.5292446022654,115.30044847743055,-732.0936651547468,1001.6114591375004,-3620.0639214280436,-981.4417847220516,-580.3028249136576,-2751.9640764806627,-1378.779427782002,1420.8740397035654,325.99930841291047,-695.0199681779278,1520.5305743724525,-1789.1833560243824,2562.4408956578673,1300.7886278272563,-371.5506837892385,248.61194757261012,-1109.4313299706027,2888.3873041438655,499.9062589285367,1036.190391137908,1829.2902985280161,-130.5249508592086,38.711126899328555,743.5713084605803,-951.1836359729834,507.7703515469051,-274.38702616895125,-560.1642131502756,859.5374067157849,81.15668190697892
106.12036921874356,462.2989463445434,-595.5751038805831,-792.5717287628397,293.7491336029122,-342.2418748859717,314.0631276898856,135.3071511269654,-145.0277770268299,274.65961720617173,-82.40530080131528,276.76578636361853,640.8927671532454,-32.795381006861504,208.96966032898365,-286.22748305522884,1034.0096337175848,280.1602235384051,165.50064252495147,785.9949018711125,393.5056929711633,-405.7950485163659,-92.9764119653183,198.48842467578487,-434.2411725134962,510.6250902068619,-731.7194116859703,-371.5506837892385,106.29510353971311,-71.19353698724134,316.6564462339975,-824.7840312648218,-142.60499753958447,-296.27057612566045,-522.3288513712725,37.27986073383754,-11.21540878822107,-212.51467948458316,271.4806528663948,-145.04544440466543,78.15038322481344,159.87876757810741,-245.55625737548556,-23.228040649472135
-71.05854729299543,-309.2733095107706,398.47405101712434,530.3178741436853,-196.37056183457105,229.09628179328163,-210.3065281738297,-90.52539777685321,96.91505092287467,-183.68095312868522,55.054902232398526,-185.05095931981563,-428.73501859913955,21.878372806120407,-139.95349033079168,191.52305167106653,-691.7242389614615,-187.4455517487859,-110.66646131461948,-525.9577911195463,-263.1671995853337,271.56421750190674,62.133591486917595,-132.67161666167866,290.65167885372284,-341.56018947565576,489.42847654297265,248.61194757261012,-71.19353698724134,47.77070854386945,-211.70808937397055,551.7819221411278,95.40177409234872,198.2998547218361,349.5089105710825,-24.97953895224457,7.640460102578289,142.25506616265926,-181.49450595958493,97.05573818294181,-52.18396940937301,-106.8046257336122,164.32503990212498,15.532414380162626
316.35987916956987,1382.1468716151833,-1779.7162392870828,-2367.1445811283493,879.1796589669896,-1021.8733894966024,937.906947101412,403.76477142598463,-434.05232545974644,821.2328821433274,-245.8667807112607,827.8846494249681,1914.8248923874737,-99.04357599347063,624.5402003599002,-854.5146000967248,3088.7372727656825,837.9971825844314,495.9350649392902,2347.8693124848864,1176.8695472381617,-1212.2190923639562,-278.65076030376525,592.881248690827,-1296.956952030671,1527.1814441841648,-2186.8076363530713,-1109.4313299706027,316.6564462339975,-211.70808937397055,947.2471644587035,-2464.869757751273,-426.3373741619677,-883.1293989968783,-1560.8653452009553,111.01827247837765,-32.38089042881454,-633.9992839571493,811.8747523751366,-432.9311936259207,234.44957012188945,478.2680305581615,-733.2502505853712,-69.43499119928266
-824.0293473770687,-3597.5869459366068,4632.7048704114695,6162.489804532904,-2287.6227071325025,2660.8142004608417,-2442.3668345022934,-1051.2898199395938,1129.1269011886188,-2137.279904798498,639.6371578897504,-2154.4207097580993,-4984.570860848332,257.2460211506679,-1626.4134036714793,2224.4813580585414,-8040.292788994898,-2181.108670642741,-1290.2985718803689,-6112.425885817186,-3062.9442014743713,3155.891856334198,724.8103419292838,-1543.106456791116,3376.839041658685,-3974.9641371420985,5691.879812552419,2888.3873041438655,-824.7840312648218,551.7819221411278,-2464.869757751273,6416.146988051319,1109.9890923407681,2299.778395908604,4063.3515859225035,-289.4151630757077,85.09303454315669,1650.7961645515554,-2112.743131967048,1127.2246241420783,-609.7623741754553,-1244.1795152720783,1909.00249315329,180.6124788038633
-142.78007536310975,-622.5215527513485,801.3902556309444,1066.1801653693592,-395.5828202470759,460.4388920222727,-422.66341058177244,-181.8662242420628,195.1014689390452,-369.57326697832644,110.10351904432501,-372.6391612259162,-862.7900390002911,44.296370537042186,-281.710760049089,384.5641827421739,-1390.7346169469552,-377.2087542247127,-223.12511161439434,-1057.5423072998847,-530.0846905969881,546.0673378175875,125.29057393420848,-267.05560112626824,584.539799459972,-687.9622968351507,984.5743927003814,499.9062589285367,-142.60499753958447,95.40177409234872,-426.3373741619677,1109.9890923407681,192.503839785688,397.8921589614086,703.1585677805588,-50.32782688698269,14.873476850717237,285.60446823235844,-365.6096241973581,195.16914159374483,-105.65255618787857,-215.18630907675623,330.2066039145898,31.02705416290497
-296.01366761744106,-1289.1199883721904,1660.6127347666265,2210.02076047367,-819.1183563809312,954.130866576951,-875.4158532716214,-377.3221508184913,404.4418714168397,-765.8206945489735,229.6476616635495,-771.8010566400189,-1787.4917418937273,91.30277768369594,-582.5013235741592,798.0235820603278,-2883.3023695458683,-780.9563911153341,-461.3528378375907,-2191.51341986638,-1097.4794089745312,1131.4493330324876,259.24205435935573,-553.8064173524639,1210.8263665606046,-1423.9571333699594,2040.4743309714804,1036.190391137908,-296.27057612566045,198.2998547218361,-883.1293989968783,2299.778395908604,397.8921589614086,826.24025911635,1456.4179189897932,-104.0451854588318,31.236377269460405,592.5831081424391,-757.316355366936,404.58278543427105,-218.14351608771926,-446.11165778749125,684.6413536943445,64.63636928972363
-521.9692300578782,-2278.439700706253,2933.89081128468,3902.7480036144448,-1448.6046543749978,1685.250737848462,-1547.0045176894898,-665.7571029997799,714.8912474086866,-1353.4202719048396,404.7490733128723,-1364.299858963363,-3156.8522062866973,162.83236580746956,-1030.3338954561257,1408.6349562812006,-5091.709770871839,-1381.3219085770295,-817.1330074096609,-3871.129971731698,-1939.8031662450571,1998.7411633100528,458.95431882049354,-977.1383887765453,2138.8090624198794,-2517.4923018327418,3604.5179424231724,1829.2902985280161,-522.3288513712725,349.5089105710825,-1560.8653452009553,4063.3515859225035,703.1585677805588,1456.4179189897932,2573.481811175088,-183.41140584824623,54.029442322825425,1045.4693279689438,-1337.929898727017,713.9252962536838,-386.17195323203663,-787.754025175691,1208.976887288622,114.28764151358916
37.39233816291742,162.279933164905,-208.94205650173797,-278.1986728626172,102.9350188160733,-120.20078278836137,110.31542950797564,47.508848241249574,-50.70969098815322,96.25739526384207,-28.59915500706419,97.0480706434966,225.16213824017183,-11.357947834517175,73.5496029914039,-100.28920452436584,362.7264668403589,98.21775238301954,57.97124204940303,275.906872572508,138.15956722423283,-142.45767171274272,-32.53331738629684,69.72765871238238,-152.59772757873668,179.32953588392454,-256.6680192205504,-130.5249508592086,37.27986073383754,-24.97953895224457,111.01827247837765,-289.4151630757077,-50.32782688698269,-104.0451854588318,-183.41140584824623,13.270406316940406,-4.059189727989006,-74.59248435012118,95.2872907098497,-51.00371694733427,27.48950371910895,56.03010682882821,-86.15472709272002,-8.026913009598697
-11.285354336226929,-47.62943479789654,61.4896854643032,82.23066138337178,-29.832208867699705,35.6213114072114,-32.675505623186204,-14.105431612342294,14.681657921029037,-28.12482759855427,8.340623296718666,-28.284774624055228,-66.48992169270527,2.983744293446138,-21.714592185611888,29.687163822246344,-106.96379969857179,-28.646324382017703,-16.654163778186252,-81.44357844418745,-40.45475014276186,42.08186258161694,9.322020142616708,-20.569566780614725,45.215133463406985,-52.491208039440366,75.43646193242395,38.711126899328555,-11.21540878822107,7.640460102578289,-32.38089042881454,85.09303454315669,14.873476850717237,31.236377269460405,54.029442322825425,-4.059189727989006,1.5819067462227565,22.28180816756646,-27.910281145076905,15.199226463668326,-7.8839412123255075,-16.340527050868562,25.486705072701454,2.2847636968116563
-212.33196498195454,-925.4771196392094,1192.0132281706274,1586.0880101617333,-588.1369214464255,684.8079983160113,-628.4514399500621,-270.67682573152274,290.3648980722895,-549.753607399439,164.6750902403779,-554.0826193380043,-1282.872541119253,65.74980271020158,-418.3051568779284,572.6652385509324,-2069.258315254054,-560.820621633694,-331.4691200380006,-1572.950204639154,-787.8814691245217,812.1440555319678,186.22401012344102,-397.2678476259574,869.1026304817159,-1022.3368960537575,1464.57289609888,743.5713084605803,-212.51467948458316,142.25506616265926,-633.9992839571493,1650.7961645515554,285.60446823235844,592.5831081424391,1045.4693279689438,-74.59248435012118,22.28180816756646,425.1906658733619,-543.5822487683404,290.27880037205824,-156.672366220318,-320.14831053168365,491.34489375677884,46.410481510578364
271.3564298159839,1184.6813081589373,-1525.4555055056414,-2029.1959833883661,753.402491592558,-875.9606318210717,803.9030281613889,346.16877695283995,-371.9515299077923,703.8198655965355,-210.63462206887013,709.5364596431987,1641.6289494685257,-84.66565588935828,535.2974276268246,-732.4676743472866,2647.6763552039097,718.063163659483,424.85166894767445,2012.5589434700369,1008.782947772468,-1039.110158620884,-238.72388815817908,508.3829116996998,-1111.847768895494,1308.9835942265904,-1874.4612427650961,-951.1836359729834,271.4806528663948,-181.49450595958493,811.8747523751366,-2112.743131967048,-365.6096241973581,-757.316355366936,-1337.929898727017,95.2872907098497,-27.910281145076905,-543.5822487683404,695.9948236165304,-371.24552379321653,200.97822087350863,410.0183878981482,-628.5435453515782,-59.40844188951114
-145.0243107947411,-631.9934368260947,813.9079032648642,1083.0106011221146,-401.6185201661686,467.6024051419655,-429.11365838126505,-184.83029591103895,198.23320803309957,-375.3630683533613,112.30444229095613,-378.36678337011386,-876.1189217252171,44.87575578098673,-285.700255516065,390.92292399061387,-1412.8834166698812,-382.9144292214901,-226.340278231613,-1074.053891991644,-538.0892979829549,554.5540980297317,127.15672098409168,-271.3348836945694,593.4969743509637,-698.2189888158323,1000.0482246904927,507.7703515469051,-145.04544440466543,97.05573818294181,-432.9311936259207,1127.2246241420783,195.16914159374483,404.58278543427105,713.9252962536838,-51.00371694733427,15.199226463668326,290.27880037205824,-371.24552379321653,198.24701290471214,-107.07443167528801,-218.6310714003187,335.476960013837,31.628170977738915
78.22034318483277,342.04305779422725,-440.21669400900174,-585.3822649092036,217.63858530874776,-252.6805929017486,231.94492282582536,99.79326707352367,-107.40506828585274,203.16451238389138,-60.5900608946973,204.8945208429804,473.78477219082515,-24.589465019323494,154.5962654385115,-211.1686289092751,763.8157722612052,207.35586765212543,122.84885305087829,580.6745681524977,291.3395895492766,-299.82873175750734,-69.01987495683566,146.66921316555093,-320.82890229229616,378.0749673461592,-540.9569689366399,-274.38702616895125,78.15038322481344,-52.18396940937301,234.44957012188945,-609.7623741754553,-105.65255618787857,-218.14351608771926,-386.17195323203663,27.48950371910895,-7.8839412123255075,-156.672366220318,200.97822087350863,-107.07443167528801,58.20202731558604,118.3907104977285,-181.2844829095886,-17.10035966759533
159.75700448118369,697.5840085801664,-898.3365224142553,-1194.9884186005488,443.77217213555684,-515.6783096395797,473.11429816236495,203.88445396897532,-219.2184558448913,414.56545585185904,-124.31319051714686,417.9166123522604,966.7897541237843,-49.86183066293047,314.87950978840615,-431.4768507175911,1559.4526437565496,422.75110149710787,250.140232940396,1185.0501007392274,594.0730736717079,-611.8235655319158,-140.62529065180235,299.5708589492383,-654.5636503199444,770.7287274519153,-1104.0535932417235,-560.1642131502756,159.87876757810741,-106.8046257336122,478.2680305581615,-1244.1795152720783,-215.18630907675623,-446.11165778749125,-787.754025175691,56.03010682882821,-16.340527050868562,-320.14831053168365,410.0183878981482,-218.6310714003187,118.3907104977285,241.72298793167278,-370.1326680727126,-35.02589443582308
-245.29297027941587,-1070.3032276266476,1378.4030353458813,1833.7845990385074,-680.4516738104725,791.8010117243948,-726.7600078518086,-312.9051305840457,335.87250487610476,-635.8517495923654,190.4182209120202,-640.9029260392008,-1483.1490143376143,76.37587740543019,-483.858236756537,662.0193720842155,-2392.5176530175754,-648.8208773458812,-383.68022455121655,-1818.8036462401853,-911.1963859542336,939.0571269569829,215.53004587504833,-459.1995447522024,1004.811873707443,-1182.476703014103,1693.539029352199,859.5374067157849,-245.55625737548556,164.32503990212498,-733.2502505853712,1909.00249315329,330.2066039145898,684.6413536943445,1208.976887288622,-86.15472709272002,25.486705072701454,491.34489375677884,-628.5435453515782,335.476960013837,-181.2844829095886,-370.1326680727126,568.1004745912646,53.744923802514165
-23.056556427818503,-101.21945494342727,130.42976619973396,173.39378440352945,-64.52284101746557,74.83131304566028,-68.68778446497876,-29.58798777768868,31.89475756178219,-60.25883530070733,18.250738952951224,-60.709543819884445,-140.04873405437303,7.380198250997327,-45.65396120041569,62.70595817526129,-226.38170966950923,-61.50213980800622,-36.41562407145526,-172.00036344535667,-86.13945359762405,88.77190949981036,20.471563608647166,-43.377445256155035,94.86474772979405,-111.7944143979215,160.25666389551665,81.15668190697892,-23.228040649472135,15.532414380162626,-69.43499119928266,180.6124788038633,31.02705416290497,64.63636928972363,114.28764151358916,-8.026913009598697,2.2847636968116563,46.410481510578364,-59.40844188951114,31.628170977738915,-17.10035966759533,-35.02589443582308,53.744923802514165,5.202679017770665
