V1,V2,V3,V4,V5,V6,V7,V8,V9,V10,V11,V12,V13,V14,V15,V16,V17,V18,V19,V20,V21,V22,V23,V24,V25,V26,V27,V28,V29,V30,V31,V32,V33,V34,V35,V36,V37,V38,V39,V40,V41,V42,V43,V44
36.695263605635034,21.134106609222773,53.5915602706767,45.334119958512,5.666480139322442,49.24623461092184,29.362734637151462,-14.4581182780484,32.03238103761406,-8.363158766063814,37.6143850418151,15.42589104611921,13.024532028334031,77.75097599817606,-11.67142029729389,-29.08596787329139,-24.07953462599369,14.982259586933711,2.780711006856065,10.025431091350764,35.70567516926071,-12.906779851265487,24.64056406901209,-61.99756353668599,4.206569437453967,-39.60402452240152,5.050624476430169,-36.772767001883714,-69.71763992921846,46.98008109986089,1.4001410100499216,30.022636127464214,-45.341646582429874,-28.81251515239985,-50.42980197138412,51.77919182564673,27.534101428562376,-15.28239547009161,3.1538624111663913,4.024339009765985,-0.37913428650983333,-14.292306435409705,-46.315776626864746,-22.227641438892118
21.134106609222773,14.448726370014398,33.92384933480663,28.75253274174539,2.1071656226219107,30.46721595819387,17.930765167556125,-9.918444916613359,20.586704762181363,-5.756116671821869,22.889797484809574,10.040920531040047,8.402677154349032,48.854583433165274,-7.5467049538328554,-18.31885488956364,-15.179950893207026,10.32173691225919,1.4452769856554177,7.516498325902232,22.94240213668473,-7.097488909373796,14.714007484589748,-38.84205087963116,2.83385803760578,-25.701456949847497,3.00803310317541,-22.21987174463086,-45.05409765595545,29.922758332954533,0.10132891650561554,19.4275364600768,-28.17112428451243,-18.036051402463933,-31.655575154738536,32.28469860298886,17.601336114167488,-9.703176131561937,1.4456161366404607,4.392706279140995,-0.015513710217363846,-9.61141778151706,-28.037745919445427,-14.101301623392644
53.5915602706767,33.92384933480663,83.42884644041213,70.872888354072,6.251501150984402,74.74400631154799,44.61024584174146,-23.33359231120415,50.23788377073602,-13.744310837144232,57.4915000318573,24.923115374390072,19.948365860030492,120.44925225880243,-17.502581779248356,-44.66899218228643,-38.15855018174382,24.606682900251148,4.5691239015370035,16.78095399401849,55.764022408561765,-18.351554530790008,37.014746241291924,-95.28918584014319,6.687547462753727,-62.10599533764938,7.71477530697312,-55.1012003993539,-109.31697880109844,72.93353137396316,0.875218557790344,47.61728916582286,-68.75736539790122,-43.57850637031885,-77.69776814781805,79.56057709721408,42.357433844603236,-23.696388596644454,4.024824115895571,9.709188401093968,0.010946377930103916,-22.589371515765556,-69.83519832476436,-34.54549222914657
45.334119958512,28.75253274174539,70.872888354072,60.3025734520932,5.140156760843662,63.26834539402632,37.8708723350945,-19.808751035335693,42.683401395371725,-11.747889232176192,48.8583761777809,21.28921813332928,16.889659168278573,102.3276228393737,-14.666339770850122,-37.838525236108794,-32.6014694227573,20.965397740095366,4.059049029737867,14.199580648064035,47.308198645109684,-15.542914791120829,31.346313386701443,-80.82103613918434,5.647870090289861,-52.678844115474014,6.5849308289254775,-46.60025646608735,-92.83120789305572,61.90347341796577,0.6983542651602114,40.501412480117075,-58.15852585220705,-36.782236292904514,-65.91844951970198,67.51911767252035,35.84136215911391,-20.117579091278966,3.3911650399582194,8.47534211625023,0.09453820931586854,-19.14764335306414,-59.22184900851698,-29.315559003932233
5.666480139322442,2.1071656226219107,6.251501150984402,5.140156760843662,1.69064343630369,6.534021908107617,3.8336294004274363,-1.38426414719431,3.5967470222386795,-0.6783169513307505,4.790040260305606,1.4380163086165572,1.6347295622962499,9.297407643423398,-1.6708764311942956,-3.64731896846619,-2.505721676665377,1.2500125895274157,0.17710261245070696,0.7448678173187775,4.118472220233297,-2.1553291141910975,3.4271149030671455,-7.731605481188249,0.45315719173421887,-4.490303482948822,0.6357891537954572,-5.174524527233383,-7.850837299052653,5.566864703612934,0.6630087959623879,3.167869480964293,-6.060423615661199,-3.916090831162404,-6.206235283223388,6.444523376756579,3.4362401726479574,-1.8274112610927042,0.6968255853320725,-0.8765957640478598,-0.30469449198486254,-1.533335557241992,-6.273866359789918,-2.6325975895489004
49.24623461092184,30.46721595819387,74.74400631154799,63.26834539402632,6.534021908107617,68.05301235095655,40.34984922444559,-20.87491455816142,44.959671948307616,-12.078260138079399,51.59483282758955,21.745381637438015,18.33042242359695,108.09255803050667,-16.448984701147054,-40.50115386674349,-33.496459227661816,21.667351400995898,3.5666554392660035,15.078173217527095,50.123957397023595,-17.010889476886184,33.54203491754525,-86.10373926166378,6.02706904051792,-55.81366747990756,6.8636236647684905,-50.30763188720906,-98.0805930560989,65.7000957664507,1.221563696876529,42.25663117544115,-62.75844715357733,-40.01794312219029,-70.1028359024016,71.77082707007102,38.58522229021836,-21.326231339989818,3.899781938664718,7.2939532427125995,-0.3176260249994943,-20.472053880206634,-63.421786121386305,-31.02581284150503
29.362734637151462,17.930765167556125,44.61024584174146,37.8708723350945,3.8336294004274363,40.34984922444559,24.122550142262476,-12.321785300089157,26.793279858417847,-7.240224201219893,30.93737337120554,13.095493062480083,10.82607999911084,64.5329195204261,-9.49789299112209,-24.024604508528245,-20.267356488532883,12.908226880577603,2.43185085051785,8.757529144559298,29.765576359147747,-10.221178232425954,19.990351709442198,-51.22488559396216,3.5302342268130142,-33.09775057158983,4.164068769459958,-29.854932736096504,-58.33080297897054,39.07808768673224,0.7557401189048666,25.239784029564824,-37.13831327370133,-23.541227143007795,-41.72691086774196,42.78906315269262,22.792465810910443,-12.696881811823857,2.3691371458090638,4.446585321622165,-0.09455120000649894,-12.085131276760032,-37.85423033652385,-18.465081441848003
-14.4581182780484,-9.918444916613359,-23.33359231120415,-19.808751035335693,-1.38426414719431,-20.87491455816142,-12.321785300089157,6.827160611504454,-14.164614818070907,3.9813488538442514,-15.740332182505325,-6.943102435805377,-5.764565759493262,-33.60877112095324,5.125120887573047,12.569045698412658,10.500686499686308,-7.129423846244857,-1.0503800232020948,-5.162533465461667,-15.761376934283952,4.852305968854271,-10.079971170316286,26.674551533109952,-1.9406402572196308,17.652431473538396,-2.0813333956373485,15.203804430474891,30.978929682025942,-20.565397046666885,-0.04500597006761254,-13.386506607414782,19.289207469820393,12.322735328725445,21.746949895641535,-22.185300095406664,-12.0668427120053,6.6635370492323895,-0.9852310579049772,-3.1061928074665963,-0.0243676155972373,6.601480174477615,19.245704145914225,9.68813697645772
32.03238103761406,20.586704762181363,50.23788377073602,42.683401395371725,3.5967470222386795,44.959671948307616,26.793279858417847,-14.164614818070907,30.300010827818962,-8.338601106598704,34.49126138293766,15.019941843438522,12.067744805142356,72.50223363308001,-10.597278305155532,-26.908675250298135,-22.93942827194263,14.92466375303919,2.6877622064365276,10.27918039570623,33.63412364175238,-10.927309047343877,22.17173619857037,-57.36708010601262,4.050587195364621,-37.50023504980392,4.620256078903271,-33.06820435206159,-65.9779399931639,43.97297609814494,0.4393123116712346,28.71098475286037,-41.38753583577278,-26.255249238946977,-46.778165843288775,47.86797425413303,25.566075186213702,-14.2807660926033,2.3612994260189497,6.040539264584576,0.028160690666056722,-13.699809562727795,-41.918926688189664,-20.809164161909138
-8.363158766063814,-5.756116671821869,-13.744310837144232,-11.747889232176192,-0.6783169513307505,-12.078260138079399,-7.240224201219893,3.9813488538442514,-8.338601106598704,2.408038266351631,-9.317091825469324,-4.194676082219771,-3.327805064125416,-19.787787300508878,2.8161495875834204,7.289504859172259,6.369451932270158,-4.236961862640079,-0.8061964629050451,-2.957465775567785,-9.207230219144286,2.841123950219929,-5.862797347665306,15.5822560995382,-1.1065120369410162,10.309245416909091,-1.2560304134269604,8.782238288371685,18.18886595822302,-12.04276002208609,-0.0022963161627494225,-7.918080019582985,11.1266209572088,7.024467175011333,12.714241805487433,-12.99923338217879,-6.956073121653322,3.920433190478943,-0.5645633638400698,-2.016674535929072,-0.0826099447058266,3.8363923070270114,11.253842458185366,5.678849000904166
37.6143850418151,22.889797484809574,57.4915000318573,48.8583761777809,4.790040260305606,51.59483282758955,30.93737337120554,-15.740332182505325,34.49126138293766,-9.317091825469324,40.04266306106719,17.21058458589043,13.540116373979055,83.1377265930917,-11.810835484048473,-30.697203694606245,-26.485974346918898,16.658984646281397,3.41399510012461,11.020426852062338,38.2427335636641,-12.993228364621727,25.848783298910796,-65.69185372998304,4.521891155594333,-42.495856647117165,5.41020105191906,-38.26691495132902,-74.89463318887465,50.09502921318666,0.8665108221314741,32.716956493165846,-47.381946741224176,-29.91803137263012,-53.54891644131587,54.922099724223905,28.948997045303287,-16.30948941020913,2.9378306470702173,6.186174616471598,-0.0384736389301364,-15.23096776794321,-48.50195345791168,-23.78951266483798
15.42589104611921,10.040920531040047,24.923115374390072,21.28921813332928,1.4380163086165572,21.745381637438015,13.095493062480083,-6.943102435805377,15.019941843438522,-4.194676082219771,17.21058458589043,7.8489308082299045,5.58483310509269,35.921582582294434,-4.750692486237828,-13.040248447533498,-11.824597192364815,7.519489598671979,1.6672092594255445,4.895780392189135,16.564930536108363,-5.152802756497351,10.961614269676364,-28.053037278141627,1.9781561948743873,-18.443832643944138,2.3390808687557714,-16.009099207278588,-32.511230786201644,21.548644056798572,0.03391598315390127,14.485107407183317,-19.892836987135283,-12.479962287878566,-22.931327123480802,23.473299682993243,12.219061066745127,-7.022866120691745,1.009933157015825,3.6805915885755645,0.16327011748349154,-6.490438740001619,-20.383918778161963,-10.296116350595854
13.024532028334031,8.402677154349032,19.948365860030492,16.889659168278573,1.6347295622962499,18.33042242359695,10.82607999911084,-5.764565759493262,12.067744805142356,-3.327805064125416,13.540116373979055,5.58483310509269,5.260219964554911,28.83050881527108,-4.683699847302941,-10.973988195583068,-8.700409942774847,5.878330211894564,0.7795323387479862,4.359965687315933,13.478546579321407,-4.578312383357101,8.720815163300587,-23.164391113256453,1.6275520978508293,-15.061149783394347,1.7892319497555247,-13.396736688139358,-26.506081098785284,17.76388323737843,0.3258359309079019,11.163218304912531,-17.000210147747485,-10.906099917024441,-18.83576584374274,19.265509016493795,10.624310409260001,-5.742236307802833,1.081836412453296,1.8374083245472064,-0.09536556067524216,-5.820920471351043,-17.001866842252884,-8.274960573291429
77.75097599817606,48.854583433165274,120.44925225880243,102.3276228393737,9.297407643423398,108.09255803050667,64.5329195204261,-33.60877112095324,72.50223363308001,-19.787787300508878,83.1377265930917,35.921582582294434,28.83050881527108,174.01453197625597,-25.29581079555687,-64.53606838301242,-55.06553418955702,35.40526407710187,6.617142818148553,24.087230009878397,80.4764520111789,-26.675991658308934,53.571804701893626,-137.7152621594284,9.62876091804966,-89.61307296452638,11.171977454147749,-79.75561406533343,-157.75858647899918,105.33434171729185,1.4096564133689227,68.66198950653992,-99.44229342123342,-63.012062755033426,-112.26557724002349,114.98210354344646,61.18630387775305,-34.22652268266476,5.900611229090876,13.673821485824556,-0.02921319253862489,-32.55713676603792,-101.0777214304026,-49.879655655242225
-11.67142029729389,-7.5467049538328554,-17.502581779248356,-14.666339770850122,-1.6708764311942956,-16.448984701147054,-9.49789299112209,5.125120887573047,-10.597278305155532,2.8161495875834204,-11.810835484048473,-4.750692486237828,-4.683699847302941,-25.29581079555687,4.456853513922017,9.801785434935768,7.326987464732331,-5.094163847820003,-0.34914966852961615,-3.966357395252601,-11.962621283703486,4.021990804189278,-7.808444393812812,20.529063232890092,-1.4991403443016091,13.399461288173288,-1.5079593673101304,12.074669514396655,23.37077743834882,-15.69092675792985,-0.3208428285154749,-9.752101983502971,15.323058037472261,9.98023700954493,16.664480612930056,-16.989628875942035,-9.55502275506819,5.065963741425282,-0.9440923011746696,-1.3404315955680943,0.22454147446659722,5.1696734283555585,15.01662658481302,7.322912206117944
-29.08596787329139,-18.31885488956364,-44.66899218228643,-37.838525236108794,-3.64731896846619,-40.50115386674349,-24.024604508528245,12.569045698412658,-26.908675250298135,7.289504859172259,-30.697203694606245,-13.040248447533498,-10.973988195583068,-64.53606838301242,9.801785434935768,24.176723049300254,20.05090146416223,-13.078966864678518,-2.130548731418714,-9.153565658777628,-29.977732254905195,10.009762804019735,-19.8876830238502,51.35531662781083,-3.619172586046285,33.40135314121438,-4.08568320626129,29.85024691744322,58.70711294826333,-39.26428530385826,-0.6031013624359887,-25.3253092619172,37.350192434687735,23.810696619130844,41.83421793080155,-42.81544067235363,-23.056239497211653,12.729529083272407,-2.2643927089468083,-4.657483903858086,0.12522059799648677,12.312590987443265,37.70459281695303,18.52782507297253
-24.07953462599369,-15.179950893207026,-38.15855018174382,-32.6014694227573,-2.505721676665377,-33.496459227661816,-20.267356488532883,10.500686499686308,-22.93942827194263,6.369451932270158,-26.485974346918898,-11.824597192364815,-8.700409942774847,-55.06553418955702,7.326987464732331,20.05090146416223,18.049465007801103,-11.341555148269313,-2.6156487486107487,-7.323646701348195,-25.282806155370388,8.217604219134367,-16.863017802929193,43.11013359304824,-2.979409196594166,28.11129226374761,-3.6211028046178515,24.726041507199923,49.66321532925854,-33.03138276231096,-0.2646215017579172,-21.994350646983264,30.658084489106468,19.198044624728723,35.21098528557372,-36.11816339505887,-18.798877734416507,10.767805406347481,-1.7358084333877284,-5.1017956542039595,-0.2052931368972511,9.979220930553353,31.590898480421274,15.73662824081135
14.982259586933711,10.32173691225919,24.606682900251148,20.965397740095366,1.2500125895274157,21.667351400995898,12.908226880577603,-7.129423846244857,14.92466375303919,-4.236961862640079,16.658984646281397,7.519489598671979,5.878330211894564,35.40526407710187,-5.094163847820003,-13.078966864678518,-11.341555148269313,7.578822000026425,1.33846725821537,5.307206208388457,16.52518664366629,-5.000842932722221,10.576253215984044,-27.883758650471187,2.0161969800719906,-18.485061263550627,2.2299348265469146,-15.777044754733163,-32.51362765989454,21.52713678713272,-0.04561621946604177,14.230590923229927,-19.947142143572485,-12.640758156465182,-22.77000038274915,23.25113073378722,12.459522242062297,-6.982338344864204,0.9800711749326072,3.6320158902722826,0.12960843037880282,-6.809138166781497,-20.090398759319363,-10.185219387779874
2.780711006856065,1.4452769856554177,4.5691239015370035,4.059049029737867,0.17710261245070696,3.5666554392660035,2.43185085051785,-1.0503800232020948,2.6877622064365276,-0.8061964629050451,3.41399510012461,1.6672092594255445,0.7795323387479862,6.617142818148553,-0.34914966852961615,-2.130548731418714,-2.6156487486107487,1.33846725821537,0.7892710799357301,0.5049616382145714,2.8080148302006696,-1.0185625686687285,2.0031936463586772,-4.873702643127783,0.2587554629260835,-3.060298156718818,0.5306052810557936,-2.688766191499079,-5.6199331525852605,3.7193616061851684,0.03931534642873133,2.70318481065586,-3.1447134577647047,-1.7527936831128557,-4.0124085177751905,4.196290913595986,1.829030018647364,-1.2415538246809197,0.22321116528303991,0.8616393241197525,0.16429160933349565,-0.9293967477739268,-3.706758522774135,-1.822630262456906
10.025431091350764,7.516498325902232,16.78095399401849,14.199580648064035,0.7448678173187775,15.078173217527095,8.757529144559298,-5.162533465461667,10.27918039570623,-2.957465775567785,11.020426852062338,4.895780392189135,4.359965687315933,24.087230009878397,-3.966357395252601,-9.153565658777628,-7.323646701348195,5.307206208388457,0.5049616382145714,4.137788185401526,11.493593705205392,-3.300368872754826,7.031331613389643,-19.25653892738464,1.4605095100943177,-12.951816534672801,1.4188119396594792,-10.828543866719214,-22.633453490632288,14.959593165806846,-0.10863875694471667,9.640155341101815,-14.022641695673219,-9.065635840803472,-15.69239207343648,15.935072971814918,8.935158818991042,-4.826421215127015,0.6222286141079023,2.443815715429268,0.0070292800584825866,-5.034961349989798,-13.660772451647645,-6.993128590057992
35.70567516926071,22.94240213668473,55.764022408561765,47.308198645109684,4.118472220233297,50.123957397023595,29.765576359147747,-15.761376934283952,33.63412364175238,-9.207230219144286,38.2427335636641,16.564930536108363,13.478546579321407,80.4764520111789,-11.962621283703486,-29.977732254905195,-25.282806155370388,16.52518664366629,2.8080148302006696,11.493593705205392,37.41013762068017,-12.167194531499824,24.671729298578015,-63.807897678502066,4.525866920240958,-41.70839240477692,5.095337625268078,-36.871512535631595,-73.30681816242803,48.88713056283487,0.5216871752047045,31.822445333620262,-46.17188923959265,-29.378817356793537,-52.01835905121042,53.20179228729106,28.528838136241507,-15.864881835474009,2.6384634042975277,6.514554001563475,-0.039426864967267966,-15.274377990383599,-46.617708565281546,-23.123365459777997
-12.906779851265487,-7.097488909373796,-18.351554530790008,-15.542914791120829,-2.1553291141910975,-17.010889476886184,-10.221178232425954,4.852305968854271,-10.927309047343877,2.841123950219929,-12.993228364621727,-5.152802756497351,-4.578312383357101,-26.675991658308934,4.021990804189278,10.009762804019735,8.217604219134367,-5.000842932722221,-1.0185625686687285,-3.300368872754826,-12.167194531499824,4.681667018073591,-8.487503074740557,21.348879069259,-1.3949698748318762,13.461766772019889,-1.759184372785689,12.742536795599827,23.803310478277794,-16.124215139081716,-0.6477974539524634,-10.135611043890636,15.667840926451587,9.926937948286113,17.343938139520667,-17.859808112826578,-9.48242873223476,5.254940095149358,-1.21698921184766,-0.9891609196672585,0.1621759020798098,4.928815427017677,16.144400662291417,7.590556627011799
24.64056406901209,14.714007484589748,37.014746241291924,31.346313386701443,3.4271149030671455,33.54203491754525,19.990351709442198,-10.079971170316286,22.17173619857037,-5.862797347665306,25.848783298910796,10.961614269676364,8.720815163300587,53.571804701893626,-7.808444393812812,-19.8876830238502,-16.863017802929193,10.576253215984044,2.0031936463586772,7.031331613389643,24.671729298578015,-8.487503074740557,16.875779199874334,-42.46841816834336,2.9434102817457375,-27.402382405039788,3.4661015512806075,-24.98548364792663,-48.16770908037053,32.28716825431596,0.6706705788289771,21.002770647598748,-30.828892324742256,-19.556256179617375,-34.595625151601446,35.474899586001854,18.75977603876201,-10.510235171594362,1.9469503089899818,3.5905339297230547,-0.14673309139731158,-9.755290447017213,-31.436772249665612,-15.353730573869564
-61.99756353668599,-38.84205087963116,-95.28918584014319,-80.82103613918434,-7.731605481188249,-86.10373926166378,-51.22488559396216,26.674551533109952,-57.36708010601262,15.5822560995382,-65.69185372998304,-28.053037278141627,-23.164391113256453,-137.7152621594284,20.529063232890092,51.35531662781083,43.11013359304824,-27.883758650471187,-4.873702643127783,-19.25653892738464,-63.807897678502066,21.348879069259,-42.46841816834336,109.36393091902957,-7.656499299317885,71.0805171276088,-8.782323572230329,63.53636561517096,125.03105566233594,-83.59272468157941,-1.2972249582346236,-54.09459357927156,79.33710405646913,50.43550879184392,89.09159777487949,-91.2205010036419,-48.853608993846045,27.147633249052163,-4.800701554340067,-10.150962927717504,0.1974929265711446,26.023614609442188,80.35443365193663,39.50533359811666
4.206569437453967,2.83385803760578,6.687547462753727,5.647870090289861,0.45315719173421887,6.02706904051792,3.5302342268130142,-1.9406402572196308,4.050587195364621,-1.1065120369410162,4.521891155594333,1.9781561948743873,1.6275520978508293,9.62876091804966,-1.4991403443016091,-3.619172586046285,-2.979409196594166,2.0161969800719906,0.2587554629260835,1.4605095100943177,4.525866920240958,-1.3949698748318762,2.9434102817457375,-7.656499299317885,0.5676029101533915,-5.064935260937948,0.5912302294399652,-4.418465568851975,-8.85106527705583,5.88214417697748,0.020772962393207303,3.8404599629108964,-5.5691425395371015,-3.5758418379150947,-6.242212337158434,6.366437238453299,3.466049315382106,-1.905333490457456,0.2840821868773242,0.8422832703060615,-0.01538086883924652,-1.8656220738154463,-5.530914496688415,-2.784428652517584
-39.60402452240152,-25.701456949847497,-62.10599533764938,-52.678844115474014,-4.490303482948822,-55.81366747990756,-33.09775057158983,17.652431473538396,-37.50023504980392,10.309245416909091,-42.495856647117165,-18.443832643944138,-15.061149783394347,-89.61307296452638,13.399461288173288,33.40135314121438,28.11129226374761,-18.485061263550627,-3.060298156718818,-12.951816534672801,-41.70839240477692,13.461766772019889,-27.402382405039788,71.0805171276088,-5.064935260937948,46.57105009088132,-5.651979630481035,41.02663600471777,81.79396881405877,-54.50045400532382,-0.5288271767059963,-35.45947843469207,51.468216528086046,32.76539538705369,57.92767226524395,-59.227577301153524,-31.84282944736087,17.702727970589468,-2.8887306760010905,-7.380980019585082,0.05490215078036502,17.09719092649435,51.83237998306159,25.77090718176313
5.050624476430169,3.00803310317541,7.71477530697312,6.5849308289254775,0.6357891537954572,6.8636236647684905,4.164068769459958,-2.0813333956373485,4.620256078903271,-1.2560304134269604,5.41020105191906,2.3390808687557714,1.7892319497555247,11.171977454147749,-1.5079593673101304,-4.08568320626129,-3.6211028046178515,2.2299348265469146,0.5306052810557936,1.4188119396594792,5.095337625268078,-1.759184372785689,3.4661015512806075,-8.782323572230329,0.5912302294399652,-5.651979630481035,0.7456119534414657,-5.099120591195532,-10.000682980442118,6.693317300435588,0.12440702803461152,4.397319999672723,-6.287458722832376,-3.9336146500828515,-7.16302145159088,7.363890912757868,3.829960557419082,-2.1803835331986003,0.4051373117042673,0.8467052931464318,0.01868711388018389,-2.0074406523264683,-6.515357875224661,-3.1805588265120814
-36.772767001883714,-22.21987174463086,-55.1012003993539,-46.60025646608735,-5.174524527233383,-50.30763188720906,-29.854932736096504,15.203804430474891,-33.06820435206159,8.782238288371685,-38.26691495132902,-16.009099207278588,-13.396736688139358,-79.75561406533343,12.074669514396655,29.85024691744322,24.726041507199923,-15.777044754733163,-2.688766191499079,-10.828543866719214,-36.871512535631595,12.742536795599827,-24.98548364792663,63.53636561517096,-4.418465568851975,41.02663600471777,-5.099120591195532,37.36667893008471,72.07243800636542,-48.34959704064348,-1.0654672628797615,-31.090071244436114,46.380395305939054,29.543165060645226,51.70502855610778,-52.98526814478843,-28.362457460837113,15.726054803753684,-2.968164962756064,-5.010579636738802,0.3109183282439895,14.904745533240867,46.996006791317384,22.882894816783605
-69.71763992921846,-45.05409765595545,-109.31697880109844,-92.83120789305572,-7.850837299052653,-98.0805930560989,-58.33080297897054,30.978929682025942,-65.9779399931639,18.18886595822302,-74.89463318887465,-32.511230786201644,-26.506081098785284,-157.75858647899918,23.37077743834882,58.70711294826333,49.66321532925854,-32.51362765989454,-5.6199331525852605,-22.633453490632288,-73.30681816242803,23.803310478277794,-48.16770908037053,125.03105566233594,-8.85106527705583,81.79396881405877,-10.000682980442118,72.07243800636542,143.84867869151273,-95.87485866977254,-0.9775352944423173,-62.38824211369858,90.38110365259855,57.4405827230497,101.91392367815118,-104.25385640508962,-55.915103530505235,31.138261585733083,-5.143625182082037,-12.993510408764454,0.014252807801264285,30.052980877751022,91.29251829502029,45.30977941624281
46.98008109986089,29.922758332954533,72.93353137396316,61.90347341796577,5.566864703612934,65.7000957664507,39.07808768673224,-20.565397046666885,43.97297609814494,-12.04276002208609,50.09502921318666,21.548644056798572,17.76388323737843,105.33434171729185,-15.69092675792985,-39.26428530385826,-33.03138276231096,21.52713678713272,3.7193616061851684,14.959593165806846,48.88713056283487,-16.124215139081716,32.28716825431596,-83.59272468157941,5.88214417697748,-54.50045400532382,6.693317300435588,-48.34959704064348,-95.87485866977254,64.01029633936848,0.8260867935259657,41.49398312142796,-60.54534402843095,-38.493487605408916,-68.11832171734554,69.70951384441935,37.39536816465173,-20.777660631616953,3.564637302338555,8.19039778749366,-0.07578886017762237,-20.033119194744387,-61.22725799308038,-30.229362143856424
1.4001410100499216,0.10132891650561554,0.875218557790344,0.6983542651602114,0.6630087959623879,1.221563696876529,0.7557401189048666,-0.04500597006761254,0.4393123116712346,-0.0022963161627494225,0.8665108221314741,0.03391598315390127,0.3258359309079019,1.4096564133689227,-0.3208428285154749,-0.6031013624359887,-0.2646215017579172,-0.04561621946604177,0.03931534642873133,-0.10863875694471667,0.5216871752047045,-0.6477974539524634,0.6706705788289771,-1.2972249582346236,0.020772962393207303,-0.5288271767059963,0.12440702803461152,-1.0654672628797615,-0.9775352944423173,0.8260867935259657,0.34304112807630277,0.2617980114389095,-1.146284342898602,-0.730839375016735,-1.0037377314208962,1.0944520716526034,0.5648579218769308,-0.28587782115159066,0.2715446680392155,-0.7353938281913177,-0.13483356730627313,-0.1860838267474809,-1.3021751730570084,-0.36740078609527815
30.022636127464214,19.4275364600768,47.61728916582286,40.501412480117075,3.167869480964293,42.25663117544115,25.239784029564824,-13.386506607414782,28.71098475286037,-7.918080019582985,32.716956493165846,14.485107407183317,11.163218304912531,68.66198950653992,-9.752101983502971,-25.3253092619172,-21.994350646983264,14.230590923229927,2.70318481065586,9.640155341101815,31.822445333620262,-10.135611043890636,21.002770647598748,-54.09459357927156,3.8404599629108964,-35.45947843469207,4.397319999672723,-31.090071244436114,-62.38824211369858,41.49398312142796,0.2617980114389095,27.40064513547675,-38.81536518940635,-24.557687381945907,-44.15658970574405,45.18510345679645,23.95196992334637,-13.478507636088867,2.117584183329344,6.20052816082358,0.11916608689621366,-12.786995989170249,-39.42233052987027,-19.70889181548293
-45.341646582429874,-28.17112428451243,-68.75736539790122,-58.15852585220705,-6.060423615661199,-62.75844715357733,-37.13831327370133,19.289207469820393,-41.38753583577278,11.1266209572088,-47.381946741224176,-19.892836987135283,-17.000210147747485,-99.44229342123342,15.323058037472261,37.350192434687735,30.658084489106468,-19.947142143572485,-3.1447134577647047,-14.022641695673219,-46.17188923959265,15.667840926451587,-30.828892324742256,79.33710405646913,-5.5691425395371015,51.468216528086046,-6.287458722832376,46.380395305939054,90.38110365259855,-60.54534402843095,-1.146284342898602,-38.81536518940635,57.95252659063233,37.0019889060827,64.5617200717867,-66.08217817883853,-35.66610470463895,19.661570677117805,-3.5999931785373356,-6.591607416910123,0.34754905759242,18.966258293946336,58.4048899751356,28.564672738555494
-28.81251515239985,-18.036051402463933,-43.57850637031885,-36.782236292904514,-3.916090831162404,-40.01794312219029,-23.541227143007795,12.322735328725445,-26.255249238946977,7.024467175011333,-29.91803137263012,-12.479962287878566,-10.906099917024441,-63.012062755033426,9.98023700954493,23.810696619130844,19.198044624728723,-12.640758156465182,-1.7527936831128557,-9.065635840803472,-29.378817356793537,9.926937948286113,-19.556256179617375,50.43550879184392,-3.5758418379150947,32.76539538705369,-3.9336146500828515,29.543165060645226,57.4405827230497,-38.493487605408916,-0.730839375016735,-24.557687381945907,37.0019889060827,23.74199371850173,41.029235206050785,-41.94973892051933,-22.815358481286474,12.48515319234954,-2.2764505233894705,-4.03112254890064,0.2950291383963401,12.151823391546488,37.066490100009084,18.135905147683776
-50.42980197138412,-31.655575154738536,-77.69776814781805,-65.91844951970198,-6.206235283223388,-70.1028359024016,-41.72691086774196,21.746949895641535,-46.778165843288775,12.714241805487433,-53.54891644131587,-22.931327123480802,-18.83576584374274,-112.26557724002349,16.664480612930056,41.83421793080155,35.21098528557372,-22.77000038274915,-4.0124085177751905,-15.69239207343648,-52.01835905121042,17.343938139520667,-34.595625151601446,89.09159777487949,-6.242212337158434,57.92767226524395,-7.16302145159088,51.70502855610778,101.91392367815118,-68.11832171734554,-1.0037377314208962,-44.15658970574405,64.5617200717867,41.029235206050785,72.60067879859166,-74.33064647420018,-39.769628264643366,22.11024660399007,-3.8860252580429817,-8.416901849387651,0.12116024475334906,21.18864824942449,65.42691301659579,32.20042761047396
51.77919182564673,32.28469860298886,79.56057709721408,67.51911767252035,6.444523376756579,71.77082707007102,42.78906315269262,-22.185300095406664,47.86797425413303,-12.99923338217879,54.922099724223905,23.473299682993243,19.265509016493795,114.98210354344646,-16.989628875942035,-42.81544067235363,-36.11816339505887,23.25113073378722,4.196290913595986,15.935072971814918,53.20179228729106,-17.859808112826578,35.474899586001854,-91.2205010036419,6.366437238453299,-59.227577301153524,7.363890912757868,-52.98526814478843,-104.25385640508962,69.70951384441935,1.0944520716526034,45.18510345679645,-66.08217817883853,-41.94973892051933,-74.33064647420018,76.14538627329995,40.669820978856556,-22.636815701034628,4.033012835247401,8.49921512852221,-0.12179875653225693,-21.641048761075275,-67.09480832516203,-32.956142369377176
27.534101428562376,17.601336114167488,42.357433844603236,35.84136215911391,3.4362401726479574,38.58522229021836,22.792465810910443,-12.0668427120053,25.566075186213702,-6.956073121653322,28.948997045303287,12.219061066745127,10.624310409260001,61.18630387775305,-9.55502275506819,-23.056239497211653,-18.798877734416507,12.459522242062297,1.829030018647364,8.935158818991042,28.528838136241507,-9.48242873223476,18.75977603876201,-48.853608993846045,3.466049315382106,-31.84282944736087,3.829960557419082,-28.362457460837113,-55.915103530505235,37.39536816465173,0.5648579218769308,23.95196992334637,-35.66610470463895,-22.815358481286474,-39.769628264643366,40.669820978856556,22.1102772730565,-12.113459218684849,2.149253519453217,4.332071702073551,-0.16438746910969546,-11.89615697591258,-35.790753739902065,-17.589460277248
-15.28239547009161,-9.703176131561937,-23.696388596644454,-20.117579091278966,-1.8274112610927042,-21.326231339989818,-12.696881811823857,6.6635370492323895,-14.2807660926033,3.920433190478943,-16.30948941020913,-7.022866120691745,-5.742236307802833,-34.22652268266476,5.065963741425282,12.729529083272407,10.767805406347481,-6.982338344864204,-1.2415538246809197,-4.826421215127015,-15.864881835474009,5.254940095149358,-10.510235171594362,27.147633249052163,-1.905333490457456,17.702727970589468,-2.1803835331986003,15.726054803753684,31.138261585733083,-20.777660631616953,-0.28587782115159066,-13.478507636088867,19.661570677117805,12.48515319234954,22.11024660399007,-22.636815701034628,-12.113459218684849,6.770045753153901,-1.1542565956061592,-2.665531175090573,0.03656565001844515,6.483341029589057,19.895322411688767,9.826341399868253
3.1538624111663913,1.4456161366404607,4.024824115895571,3.3911650399582194,0.6968255853320725,3.899781938664718,2.3691371458090638,-0.9852310579049772,2.3612994260189497,-0.5645633638400698,2.9378306470702173,1.009933157015825,1.081836412453296,5.900611229090876,-0.9440923011746696,-2.2643927089468083,-1.7358084333877284,0.9800711749326072,0.22321116528303991,0.6222286141079023,2.6384634042975277,-1.21698921184766,1.9469503089899818,-4.800701554340067,0.2840821868773242,-2.8887306760010905,0.4051373117042673,-2.968164962756064,-5.143625182082037,3.564637302338555,0.2715446680392155,2.117584183329344,-3.5999931785373356,-2.2764505233894705,-3.8860252580429817,4.033012835247401,2.149253519453217,-1.1542565956061592,0.37966430038490556,-0.13803924348621655,-0.07602455271599887,-1.0881410037548418,-3.782043658888385,-1.6569854153157977
4.024339009765985,4.392706279140995,9.709188401093968,8.47534211625023,-0.8765957640478598,7.2939532427125995,4.446585321622165,-3.1061928074665963,6.040539264584576,-2.016674535929072,6.186174616471598,3.6805915885755645,1.8374083245472064,13.673821485824556,-1.3404315955680943,-4.657483903858086,-5.1017956542039595,3.6320158902722826,0.8616393241197525,2.443815715429268,6.514554001563475,-0.9891609196672585,3.5905339297230547,-10.150962927717504,0.8422832703060615,-7.380980019585082,0.8467052931464318,-5.010579636738802,-12.993510408764454,8.19039778749366,-0.7353938281913177,6.20052816082358,-6.591607416910123,-4.03112254890064,-8.416901849387651,8.49921512852221,4.332071702073551,-2.665531175090573,-0.13803924348621655,3.4709512380967236,0.41596252474820034,-2.574635093001339,-6.604745730665922,-3.979570355334134
-0.37913428650983333,-0.015513710217363846,0.010946377930103916,0.09453820931586854,-0.30469449198486254,-0.3176260249994943,-0.09455120000649894,-0.0243676155972373,0.028160690666056722,-0.0826099447058266,-0.0384736389301364,0.16327011748349154,-0.09536556067524216,-0.02921319253862489,0.22454147446659722,0.12522059799648677,-0.2052931368972511,0.12960843037880282,0.16429160933349565,0.0070292800584825866,-0.039426864967267966,0.1621759020798098,-0.14673309139731158,0.1974929265711446,-0.01538086883924652,0.05490215078036502,0.01868711388018389,0.3109183282439895,0.014252807801264285,-0.07578886017762237,-0.13483356730627313,0.11916608689621366,0.34754905759242,0.2950291383963401,0.12116024475334906,-0.12179875653225693,-0.16438746910969546,0.03656565001844515,-0.07602455271599887,0.41596252474820034,0.11963724839093307,0.037608405432048325,0.23478596046962755,0.02834551550033105
-14.292306435409705,-9.61141778151706,-22.589371515765556,-19.14764335306414,-1.533335557241992,-20.472053880206634,-12.085131276760032,6.601480174477615,-13.699809562727795,3.8363923070270114,-15.23096776794321,-6.490438740001619,-5.820920471351043,-32.55713676603792,5.1696734283555585,12.312590987443265,9.979220930553353,-6.809138166781497,-0.9293967477739268,-5.034961349989798,-15.274377990383599,4.928815427017677,-9.755290447017213,26.023614609442188,-1.8656220738154463,17.09719092649435,-2.0074406523264683,14.904745533240867,30.052980877751022,-20.033119194744387,-0.1860838267474809,-12.786995989170249,18.966258293946336,12.151823391546488,21.18864824942449,-21.641048761075275,-11.89615697591258,6.483341029589057,-1.0881410037548418,-2.574635093001339,0.037608405432048325,6.560822968540658,18.915361335378822,9.371468133257254
-46.315776626864746,-28.037745919445427,-69.83519832476436,-59.22184900851698,-6.273866359789918,-63.421786121386305,-37.85423033652385,19.245704145914225,-41.918926688189664,11.253842458185366,-48.50195345791168,-20.383918778161963,-17.001866842252884,-101.0777214304026,15.01662658481302,37.70459281695303,31.590898480421274,-20.090398759319363,-3.706758522774135,-13.660772451647645,-46.617708565281546,16.144400662291417,-31.436772249665612,80.35443365193663,-5.530914496688415,51.83237998306159,-6.515357875224661,46.996006791317384,91.29251829502029,-61.22725799308038,-1.3021751730570084,-39.42233052987027,58.4048899751356,37.066490100009084,65.42691301659579,-67.09480832516203,-35.790753739902065,19.895322411688767,-3.782043658888385,-6.604745730665922,0.23478596046962755,18.915361335378822,59.47777785436103,28.929058911517778
-22.227641438892118,-14.101301623392644,-34.54549222914657,-29.315559003932233,-2.6325975895489004,-31.02581284150503,-18.465081441848003,9.68813697645772,-20.809164161909138,5.678849000904166,-23.78951266483798,-10.296116350595854,-8.274960573291429,-49.879655655242225,7.322912206117944,18.52782507297253,15.73662824081135,-10.185219387779874,-1.822630262456906,-6.993128590057992,-23.123365459777997,7.590556627011799,-15.353730573869564,39.50533359811666,-2.784428652517584,25.77090718176313,-3.1805588265120814,22.882894816783605,45.30977941624281,-30.229362143856424,-0.36740078609527815,-19.70889181548293,28.564672738555494,18.135905147683776,32.20042761047396,-32.956142369377176,-17.589460277248,9.826341399868253,-1.6569854153157977,-3.979570355334134,0.02834551550033105,9.371468133257254,28.929058911517778,14.323178671276292
