V1,V2,V3,V4,V5,V6,V7,V8,V9,V10,V11,V12,V13,V14,V15,V16,V17,V18,V19,V20,V21,V22,V23,V24,V25,V26,V27,V28,V29,V30,V31,V32,V33,V34,V35,V36,V37,V38,V39,V40,V41,V42,V43,V44
9.072311020855802,2.6738858980145093,-6.680292348294382,2.883967547200046,3.277689716700025,6.395428666528915,-2.381586685542429,0.29406826032984223,-2.4976421092528143,-1.9727027976454294,-0.870560779036757,9.96469509161186,-4.887432755499405,-0.29752196478412024,1.623693732492761,5.277057332615841,1.3098407619189465,-5.122076166229985,-6.0131831567781635,-5.902421119132231,2.8091955170725984,-2.5580875668747374,4.26726943445213,1.2419289429105447,-1.5083723346074815,3.9647400660227605,-1.9196833271289884,1.430187581389104,-1.05403560126414,3.1169810989205926,4.393201915516083,-3.07949587456423,2.8501596220714522,-7.815217382291109,-0.5129846790545695,-5.040545823101263,-8.404011400984725,-1.9736856476747036,-9.175548568377014,0.27229586822316815,-0.6053019422293426,8.86927809213069,4.34538480030256,2.444069117230086
2.6738858980145093,1.0376153571418931,-2.6964976588398715,0.674422291568536,1.1213913569031593,2.1955210646035854,-0.7938753354595781,0.07634321200798605,-0.962978343206623,-0.4190606076073351,-0.7136207998297013,3.440214271638348,-0.7235302755122232,-0.6885130175842045,0.2820284448842127,1.417129266752895,0.21473730611872632,-1.977437293673431,-2.014900812527057,-2.1931103913879295,0.8220642015357621,-1.158896143550801,1.196314460412097,0.05674182293582753,-0.7127186134389477,1.2139805721243797,-0.6474687534316191,0.40827086678526353,-0.3552294254003418,0.5937000655842476,1.5200712802022551,-0.9368154054007182,0.7979722978272352,-2.693125308300114,-0.5719768038950357,-2.0274617532789505,-2.933531645285901,-0.5873442951897203,-2.421004878688694,0.37393605764390514,-0.987603674862979,2.6257493878448166,2.286112695984682,0.2572428391424788
-6.680292348294382,-2.6964976588398715,7.097899017645487,-1.5904394545210363,-2.8361560978524203,-5.717789324900664,2.0556274176877443,-0.21149293622233425,2.599927105176034,1.0120581946285188,1.9595682552647433,-8.88841247333253,1.5217879574827842,2.0908276253830613,-0.6079818648532066,-3.51280173422748,-0.5363769062797205,5.247712819435258,5.173844972282574,5.813252566157711,-2.067973204221882,3.0875520332447506,-3.052150905539135,-0.026611565541703894,1.9421480861659082,-3.104030536329688,1.7039304867977763,-1.0105779387925526,0.9527331654834073,-1.341236590994813,-3.928098476670383,2.291290994597886,-2.067699359242077,6.946756060682502,1.5974447351652594,5.288047841572506,7.496642584647149,1.4155336107028982,6.016350680224528,-1.1226731822599525,2.8431400015937935,-6.682589817698363,-6.16331109532634,-0.5190413836644733
2.883967547200046,0.674422291568536,-1.5904394545210363,1.0594087117127773,0.9196722433227648,1.8036116154093516,-0.6926769489049653,0.11520862765668491,-0.6303831169971359,-0.7351862930715086,0.06937062624988412,2.80186521540499,-2.0700935198837036,0.3384174376564906,0.6646267707699989,1.7896252355763314,0.5245283245017178,-1.2981017692434584,-1.7496830854743775,-1.5332546430029343,0.9047903380697446,-0.5109322052483565,1.4034033091155325,0.6159965493211711,-0.2648657041271921,1.2361840903060313,-0.5535037028843197,0.46714592857977844,-0.2991941151773142,1.2390541111262463,1.238903322956322,-0.9608007623406111,0.95210383937787,-2.18485962897086,0.15651277877098843,-1.196327544175654,-2.3468885299108293,-0.6084401710130829,-3.149098184665112,-0.1240423946944324,0.3996657224680598,2.814423323962472,0.6489875920723316,1.1004399999010013
3.277689716700025,1.1213913569031593,-2.8361560978524203,0.9196722433227648,1.352758014358644,2.384436555772473,-0.869806493373606,0.03164867844190455,-0.9146042889110699,-0.5783672337346144,-0.6761525245435622,3.824604806716411,-1.2738507360881586,-0.3377992462000836,0.46182373699088103,1.7445779930025682,0.29632427512983944,-1.9873896715776855,-2.2496403885963723,-2.2678436864804103,0.9700114108626975,-1.1834529260987423,1.3720855535290186,0.2276352460511217,-0.7019275406468439,1.3718016421344683,-0.6705363980422889,0.505945455313587,-0.35394581372758743,0.8879080971635969,1.6738426557462989,-1.2111606498178684,0.8368808034313762,-3.0476020978754956,-0.5103544760980744,-2.218729843259586,-3.3613929271841902,-0.8264067255947817,-2.942559669246477,0.19789989530149704,-0.7199085366089113,3.039804744023891,2.2098906652386545,0.5024135763138535
6.395428666528915,2.1955210646035854,-5.717789324900664,1.8036116154093516,2.384436555772473,5.158923107637355,-1.889332213912999,0.3044917357744013,-2.312818251956711,-1.2687800536130218,-1.0745231851425443,7.8548005012049265,-2.622588845893212,-1.2686254423514847,0.8843902635707075,3.6731203308479365,0.8773814829523704,-4.507749801699051,-4.673679462022203,-5.070803934070335,2.041385607928824,-2.3266498792161214,3.191547270625719,0.5419594084231976,-1.46834863126544,3.0169986742992,-1.6033334805890087,0.9900164006690692,-0.9180635175444837,1.8277665577355242,3.485312825218308,-2.039253957784357,2.261616082590045,-6.082569172075435,-0.8033639704974829,-4.15358041953481,-6.417516272770436,-1.2046654318423584,-6.448712897815728,0.734727183582014,-1.4828980305931674,6.609170287812785,4.33544744923835,1.3391532169542386
-2.381586685542429,-0.7938753354595781,2.0556274176877443,-0.6926769489049653,-0.869806493373606,-1.889332213912999,0.6953667206093435,-0.11773650967690023,0.8390586182158227,0.48623397044338246,0.3512956233899739,-2.8747771042413985,1.047515622841467,0.41373458496326265,-0.35049444434185495,-1.3844884727021058,-0.34039618502809393,1.6342556464951514,1.7195713314215404,1.8399817577928799,-0.7625271928077509,0.8239277216048052,-1.195398431476875,-0.23179819714602537,0.5154823793519138,-1.1213310937614296,0.5895876053522782,-0.37059824408958675,0.3367584275043877,-0.7158530165954168,-1.2765760856870452,0.7570852083653336,-0.8502491065644978,2.2222960512687457,0.2537064939029139,1.4896264074975432,2.3455374837242813,0.4445878148484671,2.4361236062897165,-0.2447382419196834,0.4701416848301957,-2.461182213427578,-1.5137021925946634,-0.5420501587928938
0.29406826032984223,0.07634321200798605,-0.21149293622233425,0.11520862765668491,0.03164867844190455,0.3044917357744013,-0.11773650967690023,0.07599406360144349,-0.1909901295418638,-0.10204789192737146,0.06609960034252788,0.38378278137422006,-0.23227910323332257,-0.11669501166920941,0.0638486850565491,0.24989814104990538,0.11241163764447304,-0.2904454650636964,-0.2554828995224728,-0.307135974322131,0.13087170368043166,-0.057503226212222695,0.26371107662694154,0.08089911204027526,-0.04357415411319589,0.2100834845441292,-0.12776651134513398,0.0493851161909811,-0.08228298521585653,0.15120610325183745,0.18435035506887132,-0.023612618342641757,0.2518519936920596,-0.25160545198120887,0.06259842102138598,-0.08212274402433284,-0.21591701555079126,0.04114903223097791,-0.4962807476400557,0.0747506998628947,0.0143904529152982,0.4473717063839357,0.08265911237692528,0.18434772621098267
-2.4976421092528143,-0.962978343206623,2.599927105176034,-0.6303831169971359,-0.9146042889110699,-2.312818251956711,0.8390586182158227,-0.1909901295418638,1.1727659309759189,0.4759981892761785,0.5342953215215531,-3.408343980582379,0.7706480639782167,0.94740195786381,-0.2561915361032979,-1.4625260806969307,-0.37453065206217434,2.1617179026163056,2.0170464273480784,2.3870181865141777,-0.8417555756063514,1.0858411569945703,-1.3904674601115674,-0.11514029467459187,0.7234446467823481,-1.3080938690434132,0.7573041419205652,-0.3809878926360967,0.4533282464368365,-0.6060976875625007,-1.5261778344528882,0.7009510777705894,-1.0687345957397145,2.5884162140356755,0.42968084416412927,1.7936448016839563,2.649467268464124,0.3419773257403387,2.6264565262504442,-0.5241042936258785,0.9442353681733543,-2.8090610450165245,-2.1230280500529264,-0.4509813846985816
-1.9727027976454294,-0.4190606076073351,1.0120581946285188,-0.7351862930715086,-0.5783672337346144,-1.2687800536130218,0.48623397044338246,-0.10204789192737146,0.4759981892761785,0.560836789440804,-0.13749894873216562,-1.9017383906870877,1.548611026019495,-0.2329699777011316,-0.47427017466364046,-1.2730973018754992,-0.44661509361203383,0.9031714212062943,1.1885790950847694,1.0952795239676751,-0.6342816310399976,0.3010065503334217,-1.0444010137508035,-0.4871805029104361,0.17813696841294746,-0.8801145643989357,0.40830695084621826,-0.31848572228053695,0.23612003566341552,-0.897714394807989,-0.8420127752621022,0.5999037404092952,-0.7360648298315788,1.475767954195058,-0.1833553461737234,0.7255483177290047,1.5091621166188263,0.36928637797626274,2.274456966853707,0.0775591936129157,-0.3770957219298459,-2.02232792803684,-0.29971420384700154,-0.8908968930789978
-0.870560779036757,-0.7136207998297013,1.9595682552647433,0.06937062624988412,-0.6761525245435622,-1.0745231851425443,0.3512956233899739,0.06609960034252788,0.5342953215215531,-0.13749894873216562,1.0123964274784436,-1.8007003806554087,-0.896242745951329,0.9984796268485197,0.21268049575352618,-0.17020262345194195,0.2463356931651198,1.2003934678406525,0.9442128632991001,1.271050598833421,-0.2135998316858499,1.0052500619107076,-0.16860674460452998,0.47825832939314716,0.6436714721435575,-0.37418911036285724,0.26230830666815014,-0.1080299007660067,0.1333656284465577,0.34410955823759465,-0.7811915127522985,0.42498190246989714,-0.024420025946051666,1.46310939285288,0.8958449968238031,1.5499966227740338,1.6844431434007248,0.3157662288896894,0.1506337871391857,-0.4856674388905437,1.552237197824183,-0.7051340049766451,-2.290217140789349,0.7016126214174067
9.96469509161186,3.440214271638348,-8.88841247333253,2.80186521540499,3.824604806716411,7.8548005012049265,-2.8747771042413985,0.38378278137422006,-3.408343980582379,-1.9017383906870877,-1.8007003806554087,12.119166776998329,-3.9735672644987168,-1.7786189652026385,1.3731502647179334,5.610523260116797,1.2236185922760159,-6.810596265689449,-7.194460429330608,-7.667705024478941,3.1242819350428364,-3.644803805880136,4.762084014540669,0.7788990526984233,-2.257251065630983,4.572259718497404,-2.387139136437953,1.5416864981219858,-1.3399588969512162,2.791347052572005,5.362388067537331,-3.3121278574916286,3.275488418269048,-9.443561141825509,-1.353650985538677,-6.5771235474984415,-10.095791279624002,-2.033545936581524,-9.754913781306048,1.0280982135623158,-2.3382089415255343,10.026612117496404,6.822365993235809,1.8982133827869447
-4.887432755499405,-0.7235302755122232,1.5217879574827842,-2.0700935198837036,-1.2738507360881586,-2.622588845893212,1.047515622841467,-0.23227910323332257,0.7706480639782167,1.548611026019495,-0.896242745951329,-3.9735672644987168,4.724759918554101,-1.4820363441646982,-1.442883161008252,-3.2893909502317378,-1.237868521401294,1.5077122176372069,2.5894155770733773,1.9609031200790001,-1.556863082244499,0.20612328980484057,-2.5560250004538267,-1.5765051058621142,0.042434703391248094,-2.0611507855607307,0.8446221983140029,-0.8105416949536254,0.4720379170224241,-2.639148269404558,-1.75212531994699,1.5271752169729913,-1.7601849859535241,3.096853962776318,-0.9762446170228563,1.1164151320534788,3.1906589473176257,0.9771504496242261,5.882891559525577,0.647588427507363,-2.0036282715136378,-4.8491642065217215,0.562072816628123,-2.7035171817401658
-0.29752196478412024,-0.6885130175842045,2.0908276253830613,0.3384174376564906,-0.3377992462000836,-1.2686254423514847,0.41373458496326265,-0.11669501166920941,0.94740195786381,-0.2329699777011316,0.9984796268485197,-1.7786189652026385,-1.4820363441646982,1.8242922024208534,0.43663868229943414,0.00970029417632902,0.17237536221717897,1.6670119074792378,0.939628475571636,1.6913302974958542,-0.15983512655401258,1.0793650752143953,-0.30054617460592803,0.6433138688615805,0.7762769792439994,-0.43711346672133694,0.4356210046867901,-0.01337195707537712,0.28313868159465294,0.6367613161300817,-0.8136283446624291,-0.027127429810931445,-0.35518815740223697,1.2959435861416582,0.9296729911029339,1.3786789683964273,1.2852609636142938,-0.15270701938365078,0.017409692426147136,-0.9248169361492483,2.0230746132589332,-0.7250414077076308,-2.5854617616992814,0.8074271353785849
1.623693732492761,0.2820284448842127,-0.6079818648532066,0.6646267707699989,0.46182373699088103,0.8843902635707075,-0.35049444434185495,0.0638486850565491,-0.2561915361032979,-0.47427017466364046,0.21268049575352618,1.3731502647179334,-1.442883161008252,0.43663868229943414,0.45156359376939076,1.0560178013286359,0.35701442139650946,-0.5360456750934485,-0.8844283437894657,-0.6737704027279823,0.5087666381763833,-0.12930245154988432,0.8042980261198067,0.4654134995937763,-0.04278622008428941,0.6716180166671879,-0.27416048357139267,0.2683160376642278,-0.14690137509172257,0.8221714759141779,0.6045327269608146,-0.5357825356231327,0.5404104279769419,-1.0752449376248703,0.24859094115153638,-0.46523067104361393,-1.145007198955891,-0.34851093492978524,-1.8696179012012744,-0.19165882022436317,0.54247292887803,1.5669889228165572,-0.02783509395468837,0.7935743584213641
5.277057332615841,1.417129266752895,-3.51280173422748,1.7896252355763314,1.7445779930025682,3.6731203308479365,-1.3844884727021058,0.24989814104990538,-1.4625260806969307,-1.2730973018754992,-0.17020262345194195,5.610523260116797,-3.2893909502317378,0.00970029417632902,1.0560178013286359,3.2275022464782364,0.9293675653726597,-2.882389204291932,-3.442302379605895,-3.335645486416539,1.6813265457932196,-1.2548044529142488,2.654754284925038,0.9248276577870478,-0.7374630683702423,2.3750782660699925,-1.1491689279461414,0.841742734763857,-0.6454350523294862,2.0328308395096184,2.488153301456398,-1.690416295191277,1.8575938093760571,-4.348340275810802,0.0027790069894951842,-2.566956015376951,-4.593185405223072,-1.027818710191738,-5.702948349148132,0.08382039964904138,0.09542534627601883,5.333616595552576,1.9541100203168176,1.7757036032522922
1.3098407619189465,0.21473730611872632,-0.5363769062797205,0.5245283245017178,0.29632427512983944,0.8773814829523704,-0.34039618502809393,0.11241163764447304,-0.37453065206217434,-0.44661509361203383,0.2463356931651198,1.2236185922760159,-1.237868521401294,0.17237536221717897,0.35701442139650946,0.9293675653726597,0.4169624395634498,-0.6136710695305464,-0.7805042106952244,-0.7622769158140597,0.4492067467673904,-0.10812952076318079,0.819215263491134,0.421581713114782,-0.08657390470858989,0.6429498353575314,-0.31315460396872985,0.21339308755067057,-0.19788910122471065,0.6878008903368081,0.5449361683714519,-0.3199732562477166,0.6231786356515555,-0.9240595796556623,0.258677586543434,-0.3161650083650358,-0.8537082430415743,-0.16626465410885452,-1.7154245893626578,-0.05239005363681991,0.43169644151498177,1.4845880339946658,-0.041135185846866214,0.7916249458384578
-5.122076166229985,-1.977437293673431,5.247712819435258,-1.2981017692434584,-1.9873896715776855,-4.507749801699051,1.6342556464951514,-0.2904454650636964,2.1617179026163056,0.9031714212062943,1.2003934678406525,-6.810596265689449,1.5077122176372069,1.6670119074792378,-0.5360456750934485,-2.882389204291932,-0.6136710695305464,4.152822380572555,4.017730499357913,4.589477712026574,-1.663462983516453,2.2165212648026897,-2.613713382725051,-0.18627726367017142,1.4244251904257113,-2.530193328135672,1.4189362885211627,-0.7828176486620548,0.8215275515975781,-1.2058691406968702,-3.0347216043402323,1.5898046727678923,-1.9136528838272302,5.234383698928884,0.9633217934397277,3.7553764232227778,5.506756597341573,0.8786193622786552,5.076661056026184,-0.9183695073282279,1.9043760197558939,-5.448855504010489,-4.347084976075984,-0.7447164041349286
-6.0131831567781635,-2.014900812527057,5.173844972282574,-1.7496830854743775,-2.2496403885963723,-4.673679462022203,1.7195713314215404,-0.2554828995224728,2.0170464273480784,1.1885790950847694,0.9442128632991001,-7.194460429330608,2.5894155770733773,0.939628475571636,-0.8844283437894657,-3.442302379605895,-0.7805042106952244,4.017730499357913,4.300385453492888,4.520527027864218,-1.899024780689399,2.086394633432305,-2.9108548604757667,-0.553305776957348,1.278264191762151,-2.7665760463061013,1.4321964667126876,-0.9364677804138248,0.8023636786825316,-1.7844143978741533,-3.189961503021454,1.9812077328615807,-2.024887318530391,5.586963636082109,0.6868092837768844,3.809398682828435,5.972070756411744,1.1977400306058752,6.010306472522632,-0.5586668493261598,1.1964336467713244,-6.0757223995351985,-3.8493127949998147,-1.2710417654303352
-5.902421119132231,-2.1931103913879295,5.813252566157711,-1.5332546430029343,-2.2678436864804103,-5.070803934070335,1.8399817577928799,-0.307135974322131,2.3870181865141777,1.0952795239676751,1.271050598833421,-7.667705024478941,1.9609031200790001,1.6913302974958542,-0.6737704027279823,-3.335645486416539,-0.7622769158140597,4.589477712026574,4.520527027864218,5.1248607245528675,-1.9009371061481684,2.435377632438504,-2.9988263470903274,-0.3105193257706988,1.574427906511104,-2.8714914428181544,1.5894382602074535,-0.9020948775531012,0.9232668024694891,-1.4723530622465972,-3.4064494532846314,1.8382952794406286,-2.1626471611720532,5.921713962886447,1.0050241067878931,4.181857177029972,6.203490391307338,1.0518097073103638,5.865898628352874,-0.9424213939963458,1.9392618024588124,-6.2308642976528485,-4.694797434336437,-0.9978516800665007
2.8091955170725984,0.8220642015357621,-2.067973204221882,0.9047903380697446,0.9700114108626975,2.041385607928824,-0.7625271928077509,0.13087170368043166,-0.8417555756063514,-0.6342816310399976,-0.2135998316858499,3.1242819350428364,-1.556863082244499,-0.15983512655401258,0.5087666381763833,1.6813265457932196,0.4492067467673904,-1.663462983516453,-1.899024780689399,-1.9009371061481684,0.8940412577039009,-0.7780551304486766,1.3980867738866751,0.40876424003748624,-0.46576799135375335,1.2773903025133693,-0.6348994114884683,0.4447372557539979,-0.35651554676652275,0.9941183759397879,1.3861434521594274,-0.9066758942222694,0.9798012707042638,-2.420798470413459,-0.1122833924238288,-1.5131569730035757,-2.568091294495603,-0.5474640305334924,-2.9612617096951905,0.12546077331816444,-0.16935596501364047,2.844670317877357,1.3126813893668927,0.8209174660546212
-2.5580875668747374,-1.158896143550801,3.0875520332447506,-0.5109322052483565,-1.1834529260987423,-2.3266498792161214,0.8239277216048052,-0.057503226212222695,1.0858411569945703,0.3010065503334217,1.0052500619107076,-3.644803805880136,0.20612328980484057,1.0793650752143953,-0.12930245154988432,-1.2548044529142488,-0.10812952076318079,2.2165212648026897,2.086394633432305,2.435377632438504,-0.7780551304486766,1.3955090561857315,-1.1102729730982384,0.15325937748575827,0.8864267736860456,-1.1906602437193776,0.6790522767083175,-0.3787861829722139,0.37781854457569886,-0.33531761832720913,-1.6075720685213477,0.9070815299597086,-0.732171580359853,2.8624859847052484,0.845617099954884,2.320100610351941,3.11120398425452,0.5716331433968683,2.1097041981121007,-0.5639342150775835,1.5064352027496648,-2.529248398076957,-2.8801989913337747,0.05367670069334608
4.26726943445213,1.196314460412097,-3.052150905539135,1.4034033091155325,1.3720855535290186,3.191547270625719,-1.195398431476875,0.26371107662694154,-1.3904674601115674,-1.0444010137508035,-0.16860674460452998,4.762084014540669,-2.5560250004538267,-0.30054617460592803,0.8042980261198067,2.654754284925038,0.819215263491134,-2.613713382725051,-2.9108548604757667,-2.9988263470903274,1.3980867738866751,-1.1102729730982384,2.2902766827665877,0.7152148288685105,-0.6962312966576067,2.0285077427390505,-1.0350571245476679,0.6765620820321442,-0.6032297121968837,1.5964989099569273,2.1209480458433485,-1.2722587919677357,1.673709809866381,-3.6513236234789157,-0.036081673919242864,-2.142750892114359,-3.7617718233273476,-0.7182654797975773,-4.749294943354209,0.23306245755122446,-0.11744236617440984,4.519644497549428,1.7987656718988403,1.4578217892588894
1.2419289429105447,0.05674182293582753,-0.026611565541703894,0.6159965493211711,0.2276352460511217,0.5419594084231976,-0.23179819714602537,0.08089911204027526,-0.11514029467459187,-0.4871805029104361,0.47825832939314716,0.7788990526984233,-1.5765051058621142,0.6433138688615805,0.4654134995937763,0.9248276577870478,0.421581713114782,-0.18627726367017142,-0.553305776957348,-0.3105193257706988,0.40876424003748624,0.15325937748575827,0.7152148288685105,0.5661433789654349,0.1195473035206621,0.5227922041848172,-0.1925987800426637,0.21283149129404325,-0.11228365209234,0.8436074959058275,0.34576955847812374,-0.35104140257479094,0.5112572020532157,-0.5970919720890413,0.4758532117947634,0.004470438554660765,-0.5682574637523031,-0.2177230161505356,-1.6873131791066533,-0.29051372713975065,0.917273141670883,1.2717658274992898,-0.6557368581230848,0.9483590618575887
-1.5083723346074815,-0.7127186134389477,1.9421480861659082,-0.2648657041271921,-0.7019275406468439,-1.46834863126544,0.5154823793519138,-0.04357415411319589,0.7234446467823481,0.17813696841294746,0.6436714721435575,-2.257251065630983,0.042434703391248094,0.7762769792439994,-0.04278622008428941,-0.7374630683702423,-0.08657390470858989,1.4244251904257113,1.278264191762151,1.574427906511104,-0.46576799135375335,0.8864267736860456,-0.6962312966576067,0.1195473035206621,0.5873252102339405,-0.7351189071611194,0.43863892755768125,-0.21889904666253085,0.2550538041170814,-0.1519300208325848,-0.9947440943743321,0.5036635596393486,-0.47408489171816004,1.7697774777748307,0.5488477532427983,1.4346495988189527,1.8759514886068802,0.3107474162748539,1.2522817565176687,-0.4043182938428854,1.0090254018736233,-1.5581084658075175,-1.8395403507598422,0.04631134498819877
3.9647400660227605,1.2139805721243797,-3.104030536329688,1.2361840903060313,1.3718016421344683,3.0169986742992,-1.1213310937614296,0.2100834845441292,-1.3080938690434132,-0.8801145643989357,-0.37418911036285724,4.572259718497404,-2.0611507855607307,-0.43711346672133694,0.6716180166671879,2.3750782660699925,0.6429498353575314,-2.530193328135672,-2.7665760463061013,-2.8714914428181544,1.2773903025133693,-1.1906602437193776,2.0285077427390505,0.5227922041848172,-0.7351189071611194,1.8571168802863613,-0.9525099081226717,0.6236563158946227,-0.5444376749236184,1.340928001086412,2.0322632332139863,-1.24238211656084,1.4511278307045663,-3.5256338526082946,-0.22820485340789168,-2.232939449849062,-3.7038965994939486,-0.7244066924004348,-4.203366697700315,0.28582447469615824,-0.4257473028971278,4.106713642089411,2.0773639611432415,1.1092028966511893
-1.9196833271289884,-0.6474687534316191,1.7039304867977763,-0.5535037028843197,-0.6705363980422889,-1.6033334805890087,0.5895876053522782,-0.12776651134513398,0.7573041419205652,0.40830695084621826,0.26230830666815014,-2.387139136437953,0.8446221983140029,0.4356210046867901,-0.27416048357139267,-1.1491689279461414,-0.31315460396872985,1.4189362885211627,1.4321964667126876,1.5894382602074535,-0.6348994114884683,0.6790522767083175,-1.0350571245476679,-0.1925987800426637,0.43863892755768125,-0.9525099081226717,0.5197133690155666,-0.2985272737901757,0.3053249473088996,-0.5805246322074759,-1.0656092418773315,0.5648042328360122,-0.7721470774703185,1.8235899005798288,0.1901011941643022,1.1919041026943709,1.883103333591879,0.3016721915338231,2.053343926232743,-0.255011176891028,0.41273616083603915,-2.079689108769047,-1.2513560340712826,-0.476133604310661
1.430187581389104,0.40827086678526353,-1.0105779387925526,0.46714592857977844,0.505945455313587,0.9900164006690692,-0.37059824408958675,0.0493851161909811,-0.3809878926360967,-0.31848572228053695,-0.1080299007660067,1.5416864981219858,-0.8105416949536254,-0.01337195707537712,0.2683160376642278,0.841742734763857,0.21339308755067057,-0.7828176486620548,-0.9364677804138248,-0.9020948775531012,0.4447372557539979,-0.3787861829722139,0.6765620820321442,0.21283149129404325,-0.21889904666253085,0.6236563158946227,-0.2985272737901757,0.22719302065075708,-0.16317812114662544,0.5119132992883274,0.6803927264399505,-0.4843087521949889,0.4551110721551253,-1.2062749043927259,-0.05444030613060252,-0.7613884918673711,-1.2991946071136875,-0.3081310391895107,-1.4677571277164432,0.026628623139540245,-0.04887391319810682,1.3983711402147203,0.6264551931558414,0.4095981894509148
-1.05403560126414,-0.3552294254003418,0.9527331654834073,-0.2991941151773142,-0.35394581372758743,-0.9180635175444837,0.3367584275043877,-0.08228298521585653,0.4533282464368365,0.23612003566341552,0.1333656284465577,-1.3399588969512162,0.4720379170224241,0.28313868159465294,-0.14690137509172257,-0.6454350523294862,-0.19788910122471065,0.8215275515975781,0.8023636786825316,0.9232668024694891,-0.35651554676652275,0.37781854457569886,-0.6032297121968837,-0.11228365209234,0.2550538041170814,-0.5444376749236184,0.3053249473088996,-0.16317812114662544,0.18495117092558022,-0.32008595809508095,-0.5990050393230745,0.2868987123597523,-0.46235402671955694,1.0173467569227617,0.09688607833471333,0.6478707445504828,1.0234400156587733,0.14215967351978742,1.1673702875782384,-0.16415716712326672,0.23625721519456447,-1.1882614107632894,-0.6933914478304514,-0.2888789980043845
3.1169810989205926,0.5937000655842476,-1.341236590994813,1.2390541111262463,0.8879080971635969,1.8277665577355242,-0.7158530165954168,0.15120610325183745,-0.6060976875625007,-0.897714394807989,0.34410955823759465,2.791347052572005,-2.639148269404558,0.6367613161300817,0.8221714759141779,2.0328308395096184,0.6878008903368081,-1.2058691406968702,-1.7844143978741533,-1.4723530622465972,0.9941183759397879,-0.33531761832720913,1.5964989099569273,0.8436074959058275,-0.1519300208325848,1.340928001086412,-0.5805246322074759,0.5119132992883274,-0.32008595809508095,1.5233567458176054,1.2373690401760202,-0.9923798442839423,1.108020657525868,-2.1644013564959734,0.41318284471195416,-0.9852260210010279,-2.275904302421727,-0.6184907123072715,-3.619067981914161,-0.26090089209305334,0.8627819365012933,3.096917272992226,0.1582235888005539,1.4748522504037869
4.393201915516083,1.5200712802022551,-3.928098476670383,1.238903322956322,1.6738426557462989,3.485312825218308,-1.2765760856870452,0.18435035506887132,-1.5261778344528882,-0.8420127752621022,-0.7811915127522985,5.362388067537331,-1.75212531994699,-0.8136283446624291,0.6045327269608146,2.488153301456398,0.5449361683714519,-3.0347216043402323,-3.189961503021454,-3.4064494532846314,1.3861434521594274,-1.6075720685213477,2.1209480458433485,0.34576955847812374,-0.9947440943743321,2.0322632332139863,-1.0656092418773315,0.6803927264399505,-0.5990050393230745,1.2373690401760202,2.3782878221938804,-1.4472548660689661,1.4753625625689564,-4.1661990569409175,-0.58703906937951,-2.8923928356982787,-4.450368921566401,-0.8744833685966946,-4.337362384116846,0.4714738448045096,-1.0379274350632501,4.450134492267793,3.013220673838018,0.8458203265207707
-3.07949587456423,-0.9368154054007182,2.291290994597886,-0.9608007623406111,-1.2111606498178684,-2.039253957784357,0.7570852083653336,-0.023612618342641757,0.7009510777705894,0.5999037404092952,0.42498190246989714,-3.3121278574916286,1.5271752169729913,-0.027127429810931445,-0.5357825356231327,-1.690416295191277,-0.3199732562477166,1.5898046727678923,1.9812077328615807,1.8382952794406286,-0.9066758942222694,0.9070815299597086,-1.2722587919677357,-0.35104140257479094,0.5036635596393486,-1.24238211656084,0.5648042328360122,-0.4843087521949889,0.2868987123597523,-0.9923798442839423,-1.4472548660689661,1.1570096115416386,-0.7609626642888315,2.647234587311099,0.28211031870209724,1.8281109813552627,2.9552221493991517,0.7998531101727928,2.8580206371996284,-0.012720335627477368,0.2738704238612966,-2.789910358774376,-1.585363021907282,-0.6515287063573907
2.8501596220714522,0.7979722978272352,-2.067699359242077,0.95210383937787,0.8368808034313762,2.261616082590045,-0.8502491065644978,0.2518519936920596,-1.0687345957397145,-0.7360648298315788,-0.024420025946051666,3.275488418269048,-1.7601849859535241,-0.35518815740223697,0.5404104279769419,1.8575938093760571,0.6231786356515555,-1.9136528838272302,-2.024887318530391,-2.1626471611720532,0.9798012707042638,-0.732171580359853,1.673709809866381,0.5112572020532157,-0.47408489171816004,1.4511278307045663,-0.7721470774703185,0.4551110721551253,-0.46235402671955694,1.108020657525868,1.4753625625689564,-0.7609626642888315,1.3026665773308141,-2.4566017978594696,0.047000345810145665,-1.3632202647591602,-2.465617580998755,-0.3582754145279593,-3.3895770581064175,0.24691478830099114,-0.07835436171928122,3.2072029926989054,1.1799673855959625,1.0770781295450327
-7.815217382291109,-2.693125308300114,6.946756060682502,-2.18485962897086,-3.0476020978754956,-6.082569172075435,2.2222960512687457,-0.25160545198120887,2.5884162140356755,1.475767954195058,1.46310939285288,-9.443561141825509,3.096853962776318,1.2959435861416582,-1.0752449376248703,-4.348340275810802,-0.9240595796556623,5.234383698928884,5.586963636082109,5.921713962886447,-2.420798470413459,2.8624859847052484,-3.6513236234789157,-0.5970919720890413,1.7697774777748307,-3.5256338526082946,1.8235899005798288,-1.2062749043927259,1.0173467569227617,-2.1644013564959734,-4.1661990569409175,2.647234587311099,-2.4566017978594696,7.398233142621411,1.1031614588193157,5.196233726142604,7.936459496832755,1.67104772165,7.517238284373351,-0.7489812492139295,1.825297188529405,-7.7528340979607995,-5.350660525116049,-1.4401572008023664
-0.5129846790545695,-0.5719768038950357,1.5974447351652594,0.15651277877098843,-0.5103544760980744,-0.8033639704974829,0.2537064939029139,0.06259842102138598,0.42968084416412927,-0.1833553461737234,0.8958449968238031,-1.353650985538677,-0.9762446170228563,0.9296729911029339,0.24859094115153638,0.0027790069894951842,0.258677586543434,0.9633217934397277,0.6868092837768844,1.0050241067878931,-0.1122833924238288,0.845617099954884,-0.036081673919242864,0.4758532117947634,0.5488477532427983,-0.22820485340789168,0.1901011941643022,-0.05444030613060252,0.09688607833471333,0.41318284471195416,-0.58703906937951,0.28211031870209724,0.047000345810145665,1.1031614588193157,0.8032193986376016,1.2620481625335334,1.2780114441271833,0.21477852589849156,-0.1304902122160444,-0.45060867778289165,1.4138145610676727,-0.3895361332827442,-1.9700175177490071,0.7109945366615793
-5.040545823101263,-2.0274617532789505,5.288047841572506,-1.196327544175654,-2.218729843259586,-4.15358041953481,1.4896264074975432,-0.08212274402433284,1.7936448016839563,0.7255483177290047,1.5499966227740338,-6.5771235474984415,1.1164151320534788,1.3786789683964273,-0.46523067104361393,-2.566956015376951,-0.3161650083650358,3.7553764232227778,3.809398682828435,4.181857177029972,-1.5131569730035757,2.320100610351941,-2.142750892114359,0.004470438554660765,1.4346495988189527,-2.232939449849062,1.1919041026943709,-0.7613884918673711,0.6478707445504828,-0.9852260210010279,-2.8923928356982787,1.8281109813552627,-1.3632202647591602,5.196233726142604,1.2620481625335334,4.040258121790521,5.692304549863041,1.1973166076564454,4.319169173977893,-0.734795396419127,2.1109269423576533,-4.830737248903406,-4.628204053669289,-0.2894020697635462
-8.404011400984725,-2.933531645285901,7.496642584647149,-2.3468885299108293,-3.3613929271841902,-6.417516272770436,2.3455374837242813,-0.21591701555079126,2.649467268464124,1.5091621166188263,1.6844431434007248,-10.095791279624002,3.1906589473176257,1.2852609636142938,-1.145007198955891,-4.593185405223072,-0.8537082430415743,5.506756597341573,5.972070756411744,6.203490391307338,-2.568091294495603,3.11120398425452,-3.7617718233273476,-0.5682574637523031,1.8759514886068802,-3.7038965994939486,1.883103333591879,-1.2991946071136875,1.0234400156587733,-2.275904302421727,-4.450368921566401,2.9552221493991517,-2.465617580998755,7.936459496832755,1.2780114441271833,5.692304549863041,8.645884826843895,1.901534378251079,7.869483851683618,-0.7387784729115349,2.0344659855018623,-8.13350282019549,-5.868820286489426,-1.359804073977003
-1.9736856476747036,-0.5873442951897203,1.4155336107028982,-0.6084401710130829,-0.8264067255947817,-1.2046654318423584,0.4445878148484671,0.04114903223097791,0.3419773257403387,0.36928637797626274,0.3157662288896894,-2.033545936581524,0.9771504496242261,-0.15270701938365078,-0.34851093492978524,-1.027818710191738,-0.16626465410885452,0.8786193622786552,1.1977400306058752,1.0518097073103638,-0.5474640305334924,0.5716331433968683,-0.7182654797975773,-0.2177230161505356,0.3107474162748539,-0.7244066924004348,0.3016721915338231,-0.3081310391895107,0.14215967351978742,-0.6184907123072715,-0.8744833685966946,0.7998531101727928,-0.3582754145279593,1.67104772165,0.21477852589849156,1.1973166076564454,1.901534378251079,0.6008933683202323,1.6869117274916607,0.06916374512446309,0.1396089568938607,-1.6570463630730305,-0.9834931125562852,-0.3727644259420621
-9.175548568377014,-2.421004878688694,6.016350680224528,-3.149098184665112,-2.942559669246477,-6.448712897815728,2.4361236062897165,-0.4962807476400557,2.6264565262504442,2.274456966853707,0.1506337871391857,-9.754913781306048,5.882891559525577,0.017409692426147136,-1.8696179012012744,-5.702948349148132,-1.7154245893626578,5.076661056026184,6.010306472522632,5.865898628352874,-2.9612617096951905,2.1097041981121007,-4.749294943354209,-1.6873131791066533,1.2522817565176687,-4.203366697700315,2.053343926232743,-1.4677571277164432,1.1673702875782384,-3.619067981914161,-4.337362384116846,2.8580206371996284,-3.3895770581064175,7.517238284373351,-0.1304902122160444,4.319169173977893,7.869483851683618,1.6869117274916607,10.141069226179066,-0.1743543396030179,-0.29695360091898504,-9.432914105120721,-3.21702887605561,-3.255335061415364
0.27229586822316815,0.37393605764390514,-1.1226731822599525,-0.1240423946944324,0.19789989530149704,0.734727183582014,-0.2447382419196834,0.0747506998628947,-0.5241042936258785,0.0775591936129157,-0.4856674388905437,1.0280982135623158,0.647588427507363,-0.9248169361492483,-0.19165882022436317,0.08382039964904138,-0.05239005363681991,-0.9183695073282279,-0.5586668493261598,-0.9424213939963458,0.12546077331816444,-0.5639342150775835,0.23306245755122446,-0.29051372713975065,-0.4043182938428854,0.28582447469615824,-0.255011176891028,0.026628623139540245,-0.16415716712326672,-0.26090089209305334,0.4714738448045096,-0.012720335627477368,0.24691478830099114,-0.7489812492139295,-0.45060867778289165,-0.734795396419127,-0.7387784729115349,0.06916374512446309,-0.1743543396030179,0.4746617041961855,-0.9999896971911407,0.5128206448430581,1.322932292734263,-0.34137025241713603
-0.6053019422293426,-0.987603674862979,2.8431400015937935,0.3996657224680598,-0.7199085366089113,-1.4828980305931674,0.4701416848301957,0.0143904529152982,0.9442353681733543,-0.3770957219298459,1.552237197824183,-2.3382089415255343,-2.0036282715136378,2.0230746132589332,0.54247292887803,0.09542534627601883,0.43169644151498177,1.9043760197558939,1.1964336467713244,1.9392618024588124,-0.16935596501364047,1.5064352027496648,-0.11744236617440984,0.917273141670883,1.0090254018736233,-0.4257473028971278,0.41273616083603915,-0.04887391319810682,0.23625721519456447,0.8627819365012933,-1.0379274350632501,0.2738704238612966,-0.07835436171928122,1.825297188529405,1.4138145610676727,2.1109269423576533,2.0344659855018623,0.1396089568938607,-0.29695360091898504,-0.9999896971911407,2.6977242582208567,-0.6735346802879719,-3.580912347827752,1.3099808052133148
8.86927809213069,2.6257493878448166,-6.682589817698363,2.814423323962472,3.039804744023891,6.609170287812785,-2.461182213427578,0.4473717063839357,-2.8090610450165245,-2.02232792803684,-0.7051340049766451,10.026612117496404,-4.8491642065217215,-0.7250414077076308,1.5669889228165572,5.333616595552576,1.4845880339946658,-5.448855504010489,-6.0757223995351985,-6.2308642976528485,2.844670317877357,-2.529248398076957,4.519644497549428,1.2717658274992898,-1.5581084658075175,4.106713642089411,-2.079689108769047,1.3983711402147203,-1.1882614107632894,3.096917272992226,4.450134492267793,-2.789910358774376,3.2072029926989054,-7.7528340979607995,-0.3895361332827442,-4.830737248903406,-8.13350282019549,-1.6570463630730305,-9.432914105120721,0.5128206448430581,-0.6735346802879719,9.131904734137489,4.299423033864551,2.623072910792578
4.34538480030256,2.286112695984682,-6.16331109532634,0.6489875920723316,2.2098906652386545,4.33544744923835,-1.5137021925946634,0.08265911237692528,-2.1230280500529264,-0.29971420384700154,-2.290217140789349,6.822365993235809,0.562072816628123,-2.5854617616992814,-0.02783509395468837,1.9541100203168176,-0.041135185846866214,-4.347084976075984,-3.8493127949998147,-4.694797434336437,1.3126813893668927,-2.8801989913337747,1.7987656718988403,-0.6557368581230848,-1.8395403507598422,2.0773639611432415,-1.2513560340712826,0.6264551931558414,-0.6933914478304514,0.1582235888005539,3.013220673838018,-1.585363021907282,1.1799673855959625,-5.350660525116049,-1.9700175177490071,-4.628204053669289,-5.868820286489426,-0.9834931125562852,-3.21702887605561,1.322932292734263,-3.580912347827752,4.299423033864551,6.16843853667224,-0.6879408314292186
2.444069117230086,0.2572428391424788,-0.5190413836644733,1.1004399999010013,0.5024135763138535,1.3391532169542386,-0.5420501587928938,0.18434772621098267,-0.4509813846985816,-0.8908968930789978,0.7016126214174067,1.8982133827869447,-2.7035171817401658,0.8074271353785849,0.7935743584213641,1.7757036032522922,0.7916249458384578,-0.7447164041349286,-1.2710417654303352,-0.9978516800665007,0.8209174660546212,0.05367670069334608,1.4578217892588894,0.9483590618575887,0.04631134498819877,1.1092028966511893,-0.476133604310661,0.4095981894509148,-0.2888789980043845,1.4748522504037869,0.8458203265207707,-0.6515287063573907,1.0770781295450327,-1.4401572008023664,0.7109945366615793,-0.2894020697635462,-1.359804073977003,-0.3727644259420621,-3.255335061415364,-0.34137025241713603,1.3099808052133148,2.623072910792578,-0.6879408314292186,1.6610268848512255
