V1,V2,V3,V4,V5,V6,V7,V8,V9,V10,V11,V12,V13,V14,V15,V16,V17,V18,V19,V20,V21,V22,V23,V24,V25,V26,V27,V28,V29,V30,V31,V32,V33,V34,V35,V36,V37,V38,V39,V40,V41,V42,V43,V44
1.4459802006402962,3.5082640959673252,-17.78575999494886,22.828240718644572,-4.21376294980564,2.8278979961949435,-5.638191861501189,-5.3976602021740785,-2.458830949997796,-23.004871862646162,3.595812564772118,6.211159872978428,15.275146308130571,-0.07013043691546689,17.07274410504805,-7.998263609062616,-11.921564244737977,-14.590690843703415,1.23093471474003,8.626445903609554,10.848933054094834,3.808563411374779,13.881856754484197,-12.545260984976677,0.372136031359722,-17.32067606429407,1.664828968356137,30.324661071830956,11.146692356152,6.24191365513036,4.62658154975667,11.068105732819703,3.964131117483178,-1.6215402483932966,-20.04284040729086,-4.601058046185206,17.69156903777866,-1.2353492510042865,-10.98952776221961,-9.215967589414792,11.052055975028436,8.188069352668398,1.8264448386119718,-0.3223591845757508
3.5082640959673252,10.335939222526765,-50.04635289016342,63.62103310765989,-12.01334552728048,8.16145997670566,-15.228633098463629,-15.08827784279201,-7.362670424740282,-64.6477106534109,10.513104549467153,17.681962972946064,42.04459799075064,-0.1097043038199735,47.31861831211659,-22.41460325535111,-33.190696116416504,-41.01491560949622,3.73555460926488,24.10904863348591,30.415196176916037,10.21327576631239,38.73308869520425,-35.32245051082603,0.7038151120918186,-47.80165847869066,4.796566335562458,84.08211888902001,30.67471189655475,17.180413735002354,12.750823912566156,30.741792179272867,11.08521251167399,-4.08789356495158,-55.68509202776575,-12.463010061310998,49.27766234088777,-2.483149229527111,-30.65467020768302,-25.6368253328952,30.958249128149973,22.33144276765286,4.887439359826809,-0.44107789332798436
-17.78575999494886,-50.04635289016342,246.3411595326234,-313.3827416524808,59.69124384344264,-38.39846503113416,76.22567497053956,75.99403791859686,35.635794115987636,318.89293238750923,-49.84768505181971,-86.16088532085783,-209.36779528669405,0.4004661358481463,-233.14616927961205,110.95493998799496,164.97443980004743,202.28384813248294,-17.598558269900927,-118.618798096714,-150.19976079171815,-51.39831206524908,-190.9818171944197,174.64191148366993,-3.644894156982764,237.337424894344,-23.697038975318936,-415.70502226233367,-152.11069798364286,-85.57803246517605,-63.70249645632951,-151.53721430881495,-55.3692472728379,21.18599692401217,275.90141420555557,62.142174956291385,-244.7186298398228,15.88466664034977,149.9411959569944,126.93416119394925,-152.31208889598804,-111.29065518719969,-24.403514104930537,4.066101670599815
22.828240718644572,63.62103310765989,-313.3827416524808,399.0060662985158,-75.67110278535816,49.25285209126204,-96.99996583132206,-96.22174536955403,-45.23348803909321,-405.54049789394406,63.731045324197915,109.73570302401772,266.2268089191429,-0.6134638984146659,296.9947408465103,-141.02527745687703,-209.62464461185382,-257.2448407205674,22.451224452154978,151.0210755439977,191.00212010347963,65.36274504733436,243.07001022254474,-221.92190194960816,4.80538730524132,-301.9221666975979,30.045657918642654,529.0974436822906,193.6172870690728,108.81378613585535,80.92644504142031,192.97333053744975,70.24279579618597,-26.941971020030664,-350.9116212403954,-79.13261848985105,311.0028094813365,-19.75107105000868,-191.2042998850736,-161.44537326456307,193.87341572369408,141.62108058169088,31.11046375598323,-4.9088462531461605
-4.21376294980564,-12.01334552728048,59.69124384344264,-75.67110278535816,14.853570898491931,-8.522257224531039,18.707410841829205,19.24042547131136,8.622307498179948,77.58426705200121,-11.357303398675528,-20.56717288160507,-51.391579922218206,-0.018190797278130937,-56.157749885941435,27.15189626468455,40.57929428169567,49.21115160929329,-4.039302304627604,-28.612384173834755,-36.59349346043408,-12.712369905776514,-46.24382581610858,42.73074229221319,-0.7542882212866882,57.968835200277624,-5.862682001133849,-100.8860052734151,-36.997981416623574,-21.015790822614136,-15.7546585724869,-36.580956485804144,-13.791016461323066,5.385184257982535,67.34128718913371,15.154191601144962,-60.094973217222254,5.098547498912313,35.675049709829565,30.963178424145305,-36.77893879619996,-27.22300373311495,-5.932286909863958,1.6663314512736982
2.8278979961949435,8.16145997670566,-38.39846503113416,49.25285209126204,-8.522257224531039,7.718216557856906,-11.210006341675749,-10.041360425947282,-5.696048269765508,-49.01351615224802,9.423747078418776,14.145903738068625,30.972128433786043,-0.3001799238832003,36.86982189002293,-16.70226990396929,-24.32429252576861,-31.10569699405513,3.2920082966633752,18.72925759162766,22.961743715754697,7.314494328518852,29.759829821444264,-26.342396333512305,0.753395861371241,-35.7661809727077,3.4580972614967007,64.13422093958394,23.234631282942825,12.633198780014078,9.175305104454171,23.808282217450913,7.809761232364656,-2.639548040549842,-41.77098907515889,-9.360792137510515,36.30294343023818,0.45908143261251944,-24.709834806072376,-19.26358246685728,23.978737133797985,16.60215381646834,3.6997595033877704,0.9495423279885837
-5.638191861501189,-15.228633098463629,76.22567497053956,-96.99996583132206,18.707410841829205,-11.210006341675749,24.01607120903519,24.18050681837315,10.845787060425328,98.94663044235166,-14.721768706518073,-26.331102967622204,-65.63386035523017,0.06854801399447658,-72.15522075561834,34.57745365541474,51.650001143477404,62.7586734652273,-5.168501198006248,-36.65004119733899,-46.658264299568536,-16.28165848313406,-59.188068493676795,54.33799446796002,-1.1688982421665848,74.13664156172658,-7.379015038700792,-129.22277985182868,-47.42823895843435,-26.838998377017077,-20.048715996720066,-46.93838253942255,-17.451645157808997,6.925199789400474,86.00989541803763,19.47728266240994,-76.53136968689203,6.243066454613348,45.99883950614171,39.54526619775078,-47.081850512581596,-34.89690314483156,-7.662091519515477,1.9566935089940063
-5.3976602021740785,-15.08827784279201,75.99403791859686,-96.22174536955403,19.24042547131136,-10.041360425947282,24.18050681837315,25.331706738959014,10.872300599693391,99.10139793770549,-13.665652236334347,-25.843993369342616,-66.28133055069817,-0.13269813996258703,-71.33232043437435,34.843842284915816,52.33154287895773,62.84473680322014,-4.871433687838073,-36.33405404389282,-46.80350247350114,-16.559082438268547,-58.90707102474079,54.799992266644914,-0.9104464906037363,74.45422389570102,-7.5664008823937365,-128.869563122182,-47.38598842711406,-27.122816780695267,-20.427076894252632,-46.530614896354244,-17.935737836239284,7.204266349394206,86.37147185116386,19.487257288337215,-77.39756434722068,7.921753117444713,44.837622221976545,39.68885584152527,-46.73096102983796,-35.07587463780708,-7.625039390886524,2.88955423568159
-2.458830949997796,-7.362670424740282,35.635794115987636,-45.23348803909321,8.622307498179948,-5.696048269765508,10.845787060425328,10.872300599693391,5.264941491026028,46.080751598099,-7.391878089582036,-12.56016634278808,-30.00469308926438,0.055081521085693586,-33.61017356134374,15.994384833527354,23.710207689158967,29.23331610588763,-2.6398439773851146,-17.14823258601813,-21.690053104776705,-7.295887135628772,-27.56246093430918,25.22273518056086,-0.45937845248476195,34.07144970113609,-3.442312843320814,-59.83908306895413,-21.835701451678844,-12.261000170777749,-9.121205191495337,-21.84935205278715,-7.945786058553519,2.9303114087557685,39.6991125655761,8.87136638532904,-35.187469500022196,1.9196733565281179,21.71002282811188,18.27470189224881,-22.01893003731752,-15.911912071557616,-3.471678603277946,0.3995283366117381
-23.004871862646162,-64.6477106534109,318.89293238750923,-405.54049789394406,77.58426705200121,-49.01351615224802,98.94663044235166,99.10139793770549,46.080751598099,413.1128693020125,-63.865345354877064,-111.24979040016375,-271.7184267309019,0.43269752934944866,-301.6182682671077,143.8736670340697,214.13230442084676,262.0390808876885,-22.56473112371805,-153.46380006456636,-194.6253249255055,-66.81661947750308,-247.23981999577916,226.42930708245643,-4.647446523491863,307.7512797012463,-30.769065480867468,-538.4315169669802,-197.11289365138626,-111.0751675822227,-82.7702497182563,-196.10270166259994,-72.00949826313108,27.706014300271235,357.6791442989534,80.58641042890645,-317.5485106166762,21.75361403074685,193.56986611144737,164.5361138319621,-197.07455652563667,-144.3777560814439,-31.6449114480035,5.910576627360301
3.595812564772118,10.513104549467153,-49.84768505181971,63.731045324197915,-11.357303398675528,9.423747078418776,-14.721768706518073,-13.665652236334347,-7.391878089582036,-63.865345354877064,11.689940764095642,18.138570203396178,40.705049825978925,-0.29670252859683127,47.60329520888245,-21.879868109946898,-32.031698667751144,-40.527650954149884,4.107944007072048,24.220704810594118,29.960944757058332,9.69812023337609,38.60633145299,-34.515577410528174,0.871836692900731,-46.77375940830197,4.584593375942313,83.36405948608292,30.26258135190481,16.609114520436346,12.155848176717749,30.798147734396156,10.420498601958302,-3.614795762525007,-54.5926425519792,-12.219097819551452,47.725014215389216,-0.3423361633490384,-31.574941751588423,-25.164013936104155,31.031366663662503,21.74623807801305,4.81267843822515,0.7209553332119742
6.211159872978428,17.681962972946064,-86.16088532085783,109.73570302401772,-20.56717288160507,14.145903738068625,-26.331102967622204,-25.843993369342616,-12.56016634278808,-111.24979040016375,18.138570203396178,30.46508811824625,72.50425698470134,-0.22973546637456113,81.71835313146796,-38.551553289813484,-57.104539022588696,-70.57701209673206,6.403704389998753,41.59530856676419,52.36223529746904,17.67732580921595,66.78101130383641,-60.73692651609399,1.3145078334553437,-82.45651909225843,8.207881552867892,145.04506966617524,52.97003590932418,29.620404001749325,21.967215632055353,53.0519363929254,19.019331438410223,-7.110901905029645,-95.95642305077958,-21.57370184301567,84.79761309519516,-4.291691597317954,-52.96865016725944,-44.17014186485229,53.36533160745974,38.58268100402089,8.47216104247327,-0.7423037161953956
15.275146308130571,42.04459799075064,-209.36779528669405,266.2268089191429,-51.391579922218206,30.972128433786043,-65.63386035523017,-66.28133055069817,-30.00469308926438,-271.7184267309019,40.705049825978925,72.50425698470134,179.84257430639022,-0.1698371195075701,197.95321948069173,-94.8825024156822,-141.62987925157267,-172.34468763107793,14.358630935395988,100.66202195325327,128.13232565256257,44.51235947559734,162.45958953894316,-149.22759490044737,3.0567837305429313,-203.20567296422303,20.318149828457475,354.4091566716761,129.98549404288119,73.53268614143849,54.93955940357038,128.78224989639256,47.840660889842944,-18.802698514951857,-235.91080371713255,-53.29905063309259,209.8761622788687,-16.56947215811681,-126.31574377227447,-108.48437553243838,129.28700718700296,95.5437024814839,20.936950694357854,-5.089252413827715
-0.07013043691546689,-0.1097043038199735,0.4004661358481463,-0.6134638984146659,-0.018190797278130937,-0.3001799238832003,0.06854801399447658,-0.13269813996258703,0.055081521085693586,0.43269752934944866,-0.29670252859683127,-0.22973546637456113,-0.1698371195075701,0.055453560337324743,-0.5041825700801695,0.10492392803503547,0.0945591496139399,0.282705461179255,-0.09006846718337042,-0.23867232368044755,-0.1979498033631479,-0.009269783932135041,-0.3378663869338418,0.15422157832965785,-0.05518231947150966,0.2735802837232797,0.004562196960923942,-0.6683909208572434,-0.22897236189698414,-0.0610826109592953,-0.015039195675766885,-0.3022104724214722,0.020029577473586642,-0.024917017661963584,0.3229085102690487,0.0873600329287917,-0.16947247372028743,-0.3284000768521329,0.4557893652121554,0.15540099225105877,-0.2899518688947534,-0.11691880458475037,-0.04393757811306905,-0.18847209378427698
17.07274410504805,47.31861831211659,-233.14616927961205,296.9947408465103,-56.157749885941435,36.86982189002293,-72.15522075561834,-71.33232043437435,-33.61017356134374,-301.6182682671077,47.60329520888245,81.71835313146796,197.95321948069173,-0.5041825700801695,221.1375165600098,-104.8421273705384,-155.79779540700835,-191.3244276716525,16.74558080437337,112.41628595012823,142.04939228173407,48.59915546110921,180.8824242037087,-164.96968873970135,3.6506958425040157,-224.5728504354929,22.301905383188288,393.7123413796473,144.07366096945785,80.90361221811752,60.13389675139055,143.65100766529127,52.14638771808239,-20.01428122167672,-260.98595754522745,-58.89381693873075,231.17291943982735,-14.401020688646206,-142.487301165527,-120.07528873075802,144.29082545669812,105.35339934152172,23.16551736525767,-3.483351398763402
-7.998263609062616,-22.41460325535111,110.95493998799496,-141.02527745687703,27.15189626468455,-16.70226990396929,34.57745365541474,34.843842284915816,15.994384833527354,143.8736670340697,-21.879868109946898,-38.551553289813484,-94.8825024156822,0.10492392803503547,-104.8421273705384,50.184322187131265,74.7914576899127,91.26074787559988,-7.7331212225296095,-53.338915399065115,-67.8047574310237,-23.388600995031045,-86.02788848873432,78.95550826940885,-1.5897943675678228,107.33186538865344,-10.74991182500222,-187.48810914732255,-68.68450808582466,-38.79316624647323,-28.950759214099584,-68.19857426509627,-25.224620556070196,9.776692480660728,124.70216890071579,28.10593890738535,-110.86759907065425,8.17435452444369,67.08482802068959,57.35638218221342,-68.5224505826856,-50.38994655800576,-11.03299022751169,2.3820284107394727
-11.921564244737977,-33.190696116416504,164.97443980004743,-209.62464461185382,40.57929428169567,-24.32429252576861,51.650001143477404,52.33154287895773,23.710207689158967,214.13230442084676,-32.031698667751144,-57.104539022588696,-141.62987925157267,0.0945591496139399,-155.79779540700835,74.7914576899127,111.63123224538396,135.81639263265143,-11.323603139928164,-79.25746877280574,-100.95447352266132,-35.01722544741058,-127.94051734462666,117.64661145259646,-2.3361676685618313,160.01770789914028,-16.042163037307272,-279.06178454033926,-102.31599580235415,-57.91411068754536,-43.283238383851376,-101.38198724657096,-37.744558766399585,14.767064043784641,185.83064879199213,41.923839739451374,-165.41263763035712,13.068955481163018,99.38623828944723,85.45479383370976,-101.82642242178936,-75.19531585501109,-16.457687524292652,4.031721343496808
-14.590690843703415,-41.01491560949622,202.28384813248294,-257.2448407205674,49.21115160929329,-31.10569699405513,62.7586734652273,62.84473680322014,29.23331610588763,262.0390808876885,-40.527650954149884,-70.57701209673206,-172.34468763107793,0.282705461179255,-191.3244276716525,91.26074787559988,135.81639263265143,166.22361457551338,-14.317269460681898,-97.34489336609262,-123.46044656689502,-42.376302179060744,-156.83567330847546,143.62175058825326,-2.949336767925752,195.19781080441155,-19.51713610118009,-341.53265979705174,-125.02904372278492,-70.44802717902856,-52.499313298532684,-124.39491689711629,-45.67242996894475,17.5659264634754,226.86970299786668,51.10731321663267,-201.40970911536652,13.769516356650799,122.80015752590717,104.36935141784869,-125.0133554116684,-91.5726960941663,-20.06626333030072,3.7314420261927905
1.23093471474003,3.73555460926488,-17.598558269900927,22.451224452154978,-4.039302304627604,3.2920082966633752,-5.168501198006248,-4.871433687838073,-2.6398439773851146,-22.56473112371805,4.107944007072048,6.403704389998753,14.358630935395988,-0.09006846718337042,16.74558080437337,-7.7331212225296095,-11.323603139928164,-14.317269460681898,1.4569996039267628,8.53687062462953,10.586970429442422,3.413434806434869,13.608516549618846,-12.213855299465443,0.276911288243161,-16.487035522953803,1.6362226929582762,29.36760050086552,10.651861953315523,5.860881748186508,4.296646200225211,10.842428356539896,3.6954207099726846,-1.2637703891419296,-19.264717773646648,-4.290963863201717,16.866478919614767,-0.13477078960408892,-11.091254027684407,-8.880754691962974,10.940178829796482,7.654172794875781,1.6853521965588762,0.24111279700225408
8.626445903609554,24.10904863348591,-118.618798096714,151.0210755439977,-28.612384173834755,18.72925759162766,-36.65004119733899,-36.33405404389282,-17.14823258601813,-153.46380006456636,24.220704810594118,41.59530856676419,100.66202195325327,-0.23867232368044755,112.41628595012823,-53.338915399065115,-79.25746877280574,-97.34489336609262,8.53687062462953,57.189388966265945,72.28038946593206,24.701130440068926,91.99764996857667,-83.96980214907201,1.8022045445688761,-114.19440323924046,11.36777080116402,200.18696131840332,73.24359163483119,41.13616025942783,30.593691339140396,73.03221479669054,26.53848495072585,-10.150147319212163,-132.7405617643492,-29.927114198248614,117.59948170533085,-7.298193994376312,-72.42271799279919,-61.07223456312223,73.39287742221046,53.545655844005104,11.759341793708138,-1.7606907184415057
10.848933054094834,30.415196176916037,-150.19976079171815,191.00212010347963,-36.59349346043408,22.961743715754697,-46.658264299568536,-46.80350247350114,-21.690053104776705,-194.6253249255055,29.960944757058332,52.36223529746904,128.13232565256257,-0.1979498033631479,142.04939228173407,-67.8047574310237,-100.95447352266132,-123.46044656689502,10.586970429442422,72.28038946593206,91.72677924219029,31.539197813041948,116.47154314383273,-106.71257640797937,2.1787771777035743,-145.06231413714565,14.512993069479032,253.68356414151918,92.89977455057247,52.375812871156946,39.052446774483734,92.36565932386533,33.969540748545214,-13.107453652503056,-168.57329644444943,-37.99195528178428,149.69382432091547,-10.471015611236181,-91.08939108600251,-77.54744389867797,92.81533162898677,68.07452544512402,14.913130429171906,-2.9001195884012945
3.808563411374779,10.21327576631239,-51.39831206524908,65.36274504733436,-12.712369905776514,7.314494328518852,-16.28165848313406,-16.559082438268547,-7.295887135628772,-66.81661947750308,9.69812023337609,17.67732580921595,44.51235947559734,-0.009269783932135041,48.59915546110921,-23.388600995031045,-35.01722544741058,-42.376302179060744,3.413434806434869,24.701130440068926,31.539197813041948,11.102994775199987,39.92232056123642,-36.76949990385358,0.7562143280413149,-50.17875023867907,5.014317651077458,87.24502654694143,32.06014710662465,18.202132181260822,13.636732576232776,31.631536416815997,11.874182996696305,-4.769735558767338,-58.1827378851773,-13.185557843483876,51.8533609164787,-4.6212496703300765,-30.837107946533216,-26.74749627148384,31.721174861726848,23.65444428087186,5.179756426108708,-1.5386743557710694
13.881856754484197,38.73308869520425,-190.9818171944197,243.07001022254474,-46.24382581610858,29.759829821444264,-59.188068493676795,-58.90707102474079,-27.56246093430918,-247.23981999577916,38.60633145299,66.78101130383641,162.45958953894316,-0.3378663869338418,180.8824242037087,-86.02788848873432,-127.94051734462666,-156.83567330847546,13.608516549618846,91.99764996857667,116.47154314383273,39.92232056123642,148.12485942030295,-135.38058931922208,2.882509340867479,-184.14364106324965,18.351320875373585,322.488194398632,118.04045939645775,66.40016257092002,49.425719847578996,117.55472391031702,42.92696973888492,-16.498453212365533,-214.00596975184308,-48.253793458372606,189.7814000580653,-12.43992952438527,-116.31004677017881,-98.45618953788512,118.11100797200272,86.388799036358,18.960074196646893,-3.208072397071877
-12.545260984976677,-35.32245051082603,174.64191148366993,-221.92190194960816,42.73074229221319,-26.342396333512305,54.33799446796002,54.799992266644914,25.22273518056086,226.42930708245643,-34.515577410528174,-60.73692651609399,-149.22759490044737,0.15422157832965785,-164.96968873970135,78.95550826940885,117.64661145259646,143.62175058825326,-12.213855299465443,-83.96980214907201,-106.71257640797937,-36.76949990385358,-135.38058931922208,124.27105583397659,-2.4599756982894085,168.83359039689836,-16.93048118388583,-294.96937065588145,-108.04016890031079,-61.0083018316266,-45.535466837683344,-107.30680619127556,-39.667597975419106,15.330399464528742,196.18956265438598,44.195947326791305,-174.40218450738004,12.706670539314981,105.59103165516181,90.23780752332442,-107.85098034192991,-79.23725051287246,-17.337703727905733,3.665689640144239
0.372136031359722,0.7038151120918186,-3.644894156982764,4.80538730524132,-0.7542882212866882,0.753395861371241,-1.1688982421665848,-0.9104464906037363,-0.45937845248476195,-4.647446523491863,0.871836692900731,1.3145078334553437,3.0567837305429313,-0.05518231947150966,3.6506958425040157,-1.5897943675678228,-2.3361676685618313,-2.949336767925752,0.276911288243161,1.8022045445688761,2.1787771777035743,0.7562143280413149,2.882509340867479,-2.4599756982894085,0.15086094346433365,-3.5258380855303484,0.29687001695061027,6.303155428231916,2.3156661086432235,1.2492500299197238,0.8906802372593854,2.343979363507005,0.733427243558046,-0.3173879068584331,-4.056751298687421,-0.9638373380782033,3.488936296169894,-0.04829864533482603,-2.4423913498582595,-1.8670372003302318,2.307317576653399,1.6817669145581897,0.3969827303868591,0.05099984377758753
-17.32067606429407,-47.80165847869066,237.337424894344,-301.9221666975979,57.968835200277624,-35.7661809727077,74.13664156172658,74.45422389570102,34.07144970113609,307.7512797012463,-46.77375940830197,-82.45651909225843,-203.20567296422303,0.2735802837232797,-224.5728504354929,107.33186538865344,160.01770789914028,195.19781080441155,-16.487035522953803,-114.19440323924046,-145.06231413714565,-50.17875023867907,-184.14364106324965,168.83359039689836,-3.5258380855303484,229.86494404391706,-22.941246529440292,-401.4652281535998,-147.14932800051093,-83.07719185167771,-61.98342393997873,-146.04070252753846,-53.92094459069039,21.051089172147233,266.9384938051523,60.28810681895087,-237.20996482512865,17.65419079270237,143.68180795322675,122.76447741770168,-146.6417951948491,-108.0040792060933,-23.690850410189118,5.1616380841198835
1.664828968356137,4.796566335562458,-23.697038975318936,30.045657918642654,-5.862682001133849,3.4580972614967007,-7.379015038700792,-7.5664008823937365,-3.442312843320814,-30.769065480867468,4.584593375942313,8.207881552867892,20.318149828457475,0.004562196960923942,22.301905383188288,-10.74991182500222,-16.042163037307272,-19.51713610118009,1.6362226929582762,11.36777080116402,14.512993069479032,5.014317651077458,18.351320875373585,-16.93048118388583,0.29687001695061027,-22.941246529440292,2.327126632156382,39.9960227293078,14.653458678256303,8.3099402101854,6.220183904606853,14.523198339999318,5.436356157202072,-2.098352692024893,-26.669056054514684,-5.989865421217898,23.766007072249046,-1.878684056635905,-14.211561952833712,-12.266805795559725,14.609884852485242,10.766023930761541,2.342099251466262,-0.5850121988588419
30.324661071830956,84.08211888902001,-415.70502226233367,529.0974436822906,-100.8860052734151,64.13422093958394,-129.22277985182868,-128.869563122182,-59.83908306895413,-538.4315169669802,83.36405948608292,145.04506966617524,354.4091566716761,-0.6683909208572434,393.7123413796473,-187.48810914732255,-279.06178454033926,-341.53265979705174,29.36760050086552,200.18696131840332,253.68356414151918,87.24502654694143,322.488194398632,-294.96937065588145,6.303155428231916,-401.4652281535998,39.9960227293078,702.4828886582077,257.25516087754903,144.8731440247014,107.89573275066387,255.91214638845852,93.7458385009565,-36.25429136952442,-466.4211190455926,-105.25835491522318,413.86680965627573,-28.329076833975567,-252.7715462801678,-214.5538492265012,257.03398726011784,188.46525959564832,41.37424496107264,-7.648978338135167
11.146692356152,30.67471189655475,-152.11069798364286,193.6172870690728,-36.997981416623574,23.234631282942825,-47.42823895843435,-47.38598842711406,-21.835701451678844,-197.11289365138626,30.26258135190481,52.97003590932418,129.98549404288119,-0.22897236189698414,144.07366096945785,-68.68450808582466,-102.31599580235415,-125.02904372278492,10.651861953315523,73.24359163483119,92.89977455057247,32.06014710662465,118.04045939645775,-108.04016890031079,2.3156661086432235,-147.14932800051093,14.653458678256303,257.25516087754903,94.26541923119693,53.13611312246835,39.60240349060664,93.65918428911868,34.40795909691725,-13.396855463402707,-170.89452652512924,-38.608657327159854,151.7127216745218,-10.828237171475509,-92.35429648340354,-78.60218605327013,94.03786856823461,69.12412791354723,15.178528797276096,-3.0402605559178904
6.24191365513036,17.180413735002354,-85.57803246517605,108.81378613585535,-21.015790822614136,12.633198780014078,-26.838998377017077,-27.122816780695267,-12.261000170777749,-111.0751675822227,16.609114520436346,29.620404001749325,73.53268614143849,-0.0610826109592953,80.90361221811752,-38.79316624647323,-57.91411068754536,-70.44802717902856,5.860881748186508,41.13616025942783,52.375812871156946,18.202132181260822,66.40016257092002,-61.0083018316266,1.2492500299197238,-83.07719185167771,8.3099402101854,144.8731440247014,53.13611312246835,30.070826399894237,22.46448343999323,52.63682964769555,19.567746917837024,-7.694252199482036,-96.4467834565529,-21.79102931494743,85.81833389560894,-6.819664069538694,-51.608603847210716,-44.348424596124,52.840677447793446,39.06495456651672,8.560983722826421,-2.107387767203994
4.62658154975667,12.750823912566156,-63.70249645632951,80.92644504142031,-15.7546585724869,9.175305104454171,-20.048715996720066,-20.427076894252632,-9.121205191495337,-82.7702497182563,12.155848176717749,21.967215632055353,54.93955940357038,-0.015039195675766885,60.13389675139055,-28.950759214099584,-43.283238383851376,-52.499313298532684,4.296646200225211,30.593691339140396,39.052446774483734,13.636732576232776,49.425719847578996,-45.535466837683344,0.8906802372593854,-61.98342393997873,6.220183904606853,107.89573275066387,39.60240349060664,22.46448343999323,16.822402022874506,39.14494588587508,14.671873985171803,-5.805451197841066,-71.93986515577919,-16.251352658504707,64.10829495624138,-5.441628139624234,-38.23084633795044,-33.07747117347277,39.30035916175868,29.16171028435956,6.376825553516082,-1.764672897868514
11.068105732819703,30.741792179272867,-151.53721430881495,192.97333053744975,-36.580956485804144,23.808282217450913,-46.93838253942255,-46.530614896354244,-21.84935205278715,-196.10270166259994,30.798147734396156,53.0519363929254,128.78224989639256,-0.3022104724214722,143.65100766529127,-68.19857426509627,-101.38198724657096,-124.39491689711629,10.842428356539896,73.03221479669054,92.36565932386533,31.631536416815997,117.55472391031702,-107.30680619127556,2.343979363507005,-146.04070252753846,14.523198339999318,255.91214638845852,93.65918428911868,52.63682964769555,39.14494588587508,93.3354231734715,33.969777078290825,-13.051131222538759,-169.71902895451422,-38.28688462634784,150.4104620753012,-9.598437253829301,-92.4749182823313,-78.08363885312275,93.75589771998433,68.51775223640978,15.05535882476882,-2.3959361456558765
3.964131117483178,11.08521251167399,-55.3692472728379,70.24279579618597,-13.791016461323066,7.809761232364656,-17.451645157808997,-17.935737836239284,-7.945786058553519,-72.00949826313108,10.420498601958302,19.019331438410223,47.840660889842944,0.020029577473586642,52.14638771808239,-25.224620556070196,-37.744558766399585,-45.67242996894475,3.6954207099726846,26.53848495072585,33.969540748545214,11.874182996696305,42.92696973888492,-39.667597975419106,0.733427243558046,-53.92094459069039,5.436356157202072,93.7458385009565,34.40795909691725,19.567746917837024,14.671873985171803,33.969777078290825,12.839934876455288,-5.074594703539693,-62.59585393495238,-14.115485598083342,55.88338296199935,-4.959160926097055,-33.06577206355144,-28.777770016021442,34.118394758268394,25.3615800215898,5.534540036430698,-1.6654860494615327
-1.6215402483932966,-4.08789356495158,21.18599692401217,-26.941971020030664,5.385184257982535,-2.639548040549842,6.925199789400474,7.204266349394206,2.9303114087557685,27.706014300271235,-3.614795762525007,-7.110901905029645,-18.802698514951857,-0.024917017661963584,-20.01428122167672,9.776692480660728,14.767064043784641,17.5659264634754,-1.2637703891419296,-10.150147319212163,-13.107453652503056,-4.769735558767338,-16.498453212365533,15.330399464528742,-0.3173879068584331,21.051089172147233,-2.098352692024893,-36.25429136952442,-13.396855463402707,-7.694252199482036,-5.805451197841066,-13.051131222538759,-5.074594703539693,2.1639895045789617,24.328271930686686,5.562763169740068,-21.82024314508188,2.6261896477975153,12.470877461547934,11.169070247407614,-13.040705150523568,-9.985204936379532,-2.1935396261334934,1.0185507144048207
-20.04284040729086,-55.68509202776575,275.90141420555557,-350.9116212403954,67.34128718913371,-41.77098907515889,86.00989541803763,86.37147185116386,39.6991125655761,357.6791442989534,-54.5926425519792,-95.95642305077958,-235.91080371713255,0.3229085102690487,-260.98595754522745,124.70216890071579,185.83064879199213,226.86970299786668,-19.264717773646648,-132.7405617643492,-168.57329644444943,-58.1827378851773,-214.00596975184308,196.18956265438598,-4.056751298687421,266.9384938051523,-26.669056054514684,-466.4211190455926,-170.89452652512924,-96.4467834565529,-71.93986515577919,-169.71902895451422,-62.59585393495238,24.328271930686686,310.0765650178689,69.96712383135856,-275.4982280117227,20.081042297927212,167.10436537793043,142.61498030718656,-170.46642900214712,-125.36408077333486,-27.486001254561128,5.775286002320847
-4.601058046185206,-12.463010061310998,62.142174956291385,-79.13261848985105,15.154191601144962,-9.360792137510515,19.47728266240994,19.487257288337215,8.87136638532904,80.58641042890645,-12.219097819551452,-21.57370184301567,-53.29905063309259,0.0873600329287917,-58.89381693873075,28.10593890738535,41.923839739451374,51.10731321663267,-4.290963863201717,-29.927114198248614,-37.99195528178428,-13.185557843483876,-48.253793458372606,44.195947326791305,-0.9638373380782033,60.28810681895087,-5.989865421217898,-105.25835491522318,-38.608657327159854,-21.79102931494743,-16.251352658504707,-38.28688462634784,-14.115485598083342,5.562763169740068,69.96712383135856,15.848847092885048,-62.149419190080025,4.712068130775593,37.664360893961934,32.16911595771182,-38.414053018607476,-28.352066719916138,-6.236744204197352,1.3918352857679182
17.69156903777866,49.27766234088777,-244.7186298398228,311.0028094813365,-60.094973217222254,36.30294343023818,-76.53136968689203,-77.39756434722068,-35.187469500022196,-317.5485106166762,47.725014215389216,84.79761309519516,209.8761622788687,-0.16947247372028743,231.17291943982735,-110.86759907065425,-165.41263763035712,-201.40970911536652,16.866478919614767,117.59948170533085,149.69382432091547,51.8533609164787,189.7814000580653,-174.40218450738004,3.488936296169894,-237.20996482512865,23.766007072249046,413.86680965627573,151.7127216745218,85.81833389560894,64.10829495624138,150.4104620753012,55.88338296199935,-21.82024314508188,-275.4982280117227,-62.149419190080025,245.13398033555762,-19.013081187930005,-147.59607144166708,-126.69275195815806,151.07693684548428,111.44688367913297,24.400590763243315,-5.779192657949922
-1.2353492510042865,-2.483149229527111,15.88466664034977,-19.75107105000868,5.098547498912313,0.45908143261251944,6.243066454613348,7.921753117444713,1.9196733565281179,21.75361403074685,-0.3423361633490384,-4.291691597317954,-16.56947215811681,-0.3284000768521329,-14.401020688646206,8.17435452444369,13.068955481163018,13.769516356650799,-0.13477078960408892,-7.298193994376312,-10.471015611236181,-4.6212496703300765,-12.43992952438527,12.706670539314981,-0.04829864533482603,17.65419079270237,-1.878684056635905,-28.329076833975567,-10.828237171475509,-6.819664069538694,-5.441628139624234,-9.598437253829301,-4.959160926097055,2.6261896477975153,20.081042297927212,4.712068130775593,-19.013081187930005,6.2244861901279265,7.541844194398999,9.148916555997292,-9.471576283198916,-8.642307599163905,-1.8378001259806285,3.0481286144216138
-10.98952776221961,-30.65467020768302,149.9411959569944,-191.2042998850736,35.675049709829565,-24.709834806072376,45.99883950614171,44.837622221976545,21.71002282811188,193.56986611144737,-31.574941751588423,-52.96865016725944,-126.31574377227447,0.4557893652121554,-142.487301165527,67.08482802068959,99.38623828944723,122.80015752590717,-11.091254027684407,-72.42271799279919,-91.08939108600251,-30.837107946533216,-116.31004677017881,105.59103165516181,-2.4423913498582595,143.68180795322675,-14.211561952833712,-252.7715462801678,-92.35429648340354,-51.608603847210716,-38.23084633795044,-92.4749182823313,-33.06577206355144,12.470877461547934,167.10436537793043,37.664360893961934,-147.59607144166708,7.541844194398999,92.39232448809847,76.91272202515674,-92.92665085626642,-67.29908402126617,-14.824648025545862,1.3138826650256288
-9.215967589414792,-25.6368253328952,126.93416119394925,-161.44537326456307,30.963178424145305,-19.26358246685728,39.54526619775078,39.68885584152527,18.27470189224881,164.5361138319621,-25.164013936104155,-44.17014186485229,-108.48437553243838,0.15540099225105877,-120.07528873075802,57.35638218221342,85.45479383370976,104.36935141784869,-8.880754691962974,-61.07223456312223,-77.54744389867797,-26.74749627148384,-98.45618953788512,90.23780752332442,-1.8670372003302318,122.76447741770168,-12.266805795559725,-214.5538492265012,-78.60218605327013,-44.348424596124,-33.07747117347277,-78.08363885312275,-28.777770016021442,11.169070247407614,142.61498030718656,32.16911595771182,-126.69275195815806,9.148916555997292,76.91272202515674,65.60019920774758,-78.43190462695502,-57.64975197927913,-12.6355305579983,2.608680928304207
11.052055975028436,30.958249128149973,-152.31208889598804,193.87341572369408,-36.77893879619996,23.978737133797985,-47.081850512581596,-46.73096102983796,-22.01893003731752,-197.07455652563667,31.031366663662503,53.36533160745974,129.28700718700296,-0.2899518688947534,144.29082545669812,-68.5224505826856,-101.82642242178936,-125.0133554116684,10.940178829796482,73.39287742221046,92.81533162898677,31.721174861726848,118.11100797200272,-107.85098034192991,2.307317576653399,-146.6417951948491,14.609884852485242,257.03398726011784,94.03786856823461,52.840677447793446,39.30035916175868,93.75589771998433,34.118394758268394,-13.040705150523568,-170.46642900214712,-38.414053018607476,151.07693684548428,-9.471576283198916,-92.92665085626642,-78.43190462695502,94.2217326441102,68.76055647419928,15.092520219338219,-2.3188778772559777
8.188069352668398,22.33144276765286,-111.29065518719969,141.62108058169088,-27.22300373311495,16.60215381646834,-34.89690314483156,-35.07587463780708,-15.911912071557616,-144.3777560814439,21.74623807801305,38.58268100402089,95.5437024814839,-0.11691880458475037,105.35339934152172,-50.38994655800576,-75.19531585501109,-91.5726960941663,7.654172794875781,53.545655844005104,68.07452544512402,23.65444428087186,86.388799036358,-79.23725051287246,1.6817669145581897,-108.0040792060933,10.766023930761541,188.46525959564832,69.12412791354723,39.06495456651672,29.16171028435956,68.51775223640978,25.3615800215898,-9.985204936379532,-125.36408077333486,-28.352066719916138,111.44688367913297,-8.642307599163905,-67.29908402126617,-57.64975197927913,68.76055647419928,50.79896438043342,11.14720296336518,-2.609430902662159
1.8264448386119718,4.887439359826809,-24.403514104930537,31.11046375598323,-5.932286909863958,3.6997595033877704,-7.662091519515477,-7.625039390886524,-3.471678603277946,-31.6449114480035,4.81267843822515,8.47216104247327,20.936950694357854,-0.04393757811306905,23.16551736525767,-11.03299022751169,-16.457687524292652,-20.06626333030072,1.6853521965588762,11.759341793708138,14.913130429171906,5.179756426108708,18.960074196646893,-17.337703727905733,0.3969827303868591,-23.690850410189118,2.342099251466262,41.37424496107264,15.178528797276096,8.560983722826421,6.376825553516082,15.05535882476882,5.534540036430698,-2.1935396261334934,-27.486001254561128,-6.236744204197352,24.400590763243315,-1.8378001259806285,-14.824648025545862,-12.6355305579983,15.092520219338219,11.14720296336518,2.46092196010472,-0.5400041569380335
-0.3223591845757508,-0.44107789332798436,4.066101670599815,-4.9088462531461605,1.6663314512736982,0.9495423279885837,1.9566935089940063,2.88955423568159,0.3995283366117381,5.910576627360301,0.7209553332119742,-0.7423037161953956,-5.089252413827715,-0.18847209378427698,-3.483351398763402,2.3820284107394727,4.031721343496808,3.7314420261927905,0.24111279700225408,-1.7606907184415057,-2.9001195884012945,-1.5386743557710694,-3.208072397071877,3.665689640144239,0.05099984377758753,5.1616380841198835,-0.5850121988588419,-7.648978338135167,-3.0402605559178904,-2.107387767203994,-1.764672897868514,-2.3959361456558765,-1.6654860494615327,1.0185507144048207,5.775286002320847,1.3918352857679182,-5.779192657949922,3.0481286144216138,1.3138826650256288,2.608680928304207,-2.3188778772559777,-2.609430902662159,-0.5400041569380335,1.5639286397833543
