V1,V2,V3,V4,V5,V6,V7,V8,V9,V10,V11,V12,V13,V14,V15,V16,V17,V18,V19,V20,V21,V22,V23,V24,V25,V26,V27,V28,V29,V30,V31,V32,V33,V34,V35,V36,V37,V38,V39,V40,V41,V42,V43,V44
2.976321505129748,-0.6655652151767469,0.802083709311388,-0.8571116182443279,2.839699484188943,1.4455735857639964,-0.8244465814584929,0.9812484236859136,0.04694222247121261,1.9692456418813304,1.9898480774313494,1.7840146916130535,-3.88764543003217,1.3012423552384842,0.061424033700791296,0.0021961186023661027,-0.44356743109981717,-0.8868983374783881,-1.436876168723994,-1.8509891050471858,0.768567827326999,1.1836892620763273,4.31022771593024,-0.1675222789494857,0.7686399482786429,-0.8843450743471194,-0.035074969648818094,-3.3840598894992797,1.4865135092368509,-1.1791110654315917,-0.30868085011829216,1.9270572251764773,-1.1525688684707356,-1.3622535576235986,-0.24187485311574264,-0.19993909200788137,-1.4457026569410334,0.026750788231085135,-0.8990923227123918,0.20503955506053004,-1.0769864648289442,3.396668949172926,0.3772206719379412,-1.0737897632990403
-0.6655652151767469,0.8115416662296708,-0.3628525577859664,-0.37283697305671865,-0.13849734870827235,-0.06866041369566585,-0.27858376480009706,-0.44234371123052657,-0.09174612439953501,-0.3462000348874934,-0.5339905981712572,-0.17550641144865425,0.3806731464793847,-0.5203987176210885,-0.43581937878705623,0.16128279991623473,0.5117747944697494,0.19513695713060963,-0.24929523949240182,0.7703911524953646,0.019078558783147254,0.29783299968354676,-0.5309424122374942,0.056830808983423756,7.546128076919639e-4,-0.4617904049928094,-0.1385537640139805,0.09492077489217503,-0.5078016093755238,0.12620873875921604,0.03990778378702978,-0.40309159954148915,-0.39972495052305623,-0.4104646975767796,0.20881673261500247,-0.3959460412574325,0.24101351340330918,-0.2732715118780401,-0.19577509411792568,0.11213206603377,-0.2694530589074844,-0.4214663553024217,0.46325876673515,-0.05050977456086475
0.802083709311388,-0.3628525577859664,0.503565317281021,-0.07296077549951996,0.6113019053973205,0.4524567507956691,-0.1493810194654418,0.38250856265357364,-0.0046160119784883985,0.729116234956434,0.7116394233855117,0.6744482899075606,-1.201135554919742,0.5019301765504436,0.1595855005277726,-0.12800709730559678,-0.25566235548061955,-0.2591773659029185,-0.371230401580694,-0.680164914064009,0.40734623239958173,0.5090852135320179,1.373325852073929,-0.022253851329071005,0.223351756157738,-0.05864225558155151,-0.002435021186221577,-0.8105916810373524,0.5719293261211059,-0.3443824813684701,-0.2878486516720578,0.9163128914698571,0.019812289979114925,-0.27770820556249975,-0.28481037494128236,0.16087625186511614,-0.4155922956650325,0.34113492460665185,-0.2429040975290444,0.26041907999238817,-0.12075192051554502,1.1559124783732564,0.09306107054186903,-0.2890100644672845
-0.8571116182443279,-0.37283697305671865,-0.07296077549951996,1.0208905186481454,-1.292414307285279,-0.9465526420881254,0.9477629777613771,-0.14623136172530857,0.08161618214662739,-0.9592014259659584,-0.5573638990198808,-0.7703139618762288,1.9239770333063908,-0.011722930594350388,0.5654584123794241,-0.046580498548408476,-0.49304571263547403,0.39253869128191266,1.3261718962252964,0.29421145400311577,-0.5691001969631786,-1.0949411127409137,-2.075390288817361,0.06492714010788221,-0.5064017239082269,0.9324117660431688,0.27915985997786125,1.8351661314194427,-0.3963014286246184,0.5757386354541869,0.30890216525535885,-0.8898056796227438,0.9590650612103239,1.2192543508748652,-0.09496442938338408,0.4957230837384397,0.38662535761028577,0.029731340535467648,0.8251613783108948,-0.43475320261196215,0.8555258687746071,-1.5647434362894361,-0.7605887249751685,0.6082234495245724
2.839699484188943,-0.13849734870827235,0.6113019053973205,-1.292414307285279,3.1299142661836794,1.613099161597009,-1.1991369070991713,0.7867790028617783,-0.04870769792815992,1.940682484432913,1.9375405429573351,1.935398772733819,-4.17003896170722,1.032679308545954,-0.2401578447619058,0.2001674280956644,-0.12541632606485398,-0.8983811870429459,-1.7501956517340644,-1.5377938228428834,0.8653848470445707,1.5688582429918978,4.528420326896125,-0.17934563095113035,0.8454008876688405,-1.3873665547457141,-0.16806177868884892,-3.8199960177805434,1.2536473419151497,-1.2498838950714921,-0.2893008595110045,1.8640716447988326,-1.6264087604761701,-1.8496159867479611,-0.04998210540924078,-0.5677363919212801,-1.4689637384536722,-0.18970725467029456,-1.2279911831416046,0.3685784156500778,-1.478824559364745,3.5819926326855156,0.7749121550020223,-1.2670482982309381
1.4455735857639964,-0.06866041369566585,0.4524567507956691,-0.9465526420881254,1.613099161597009,1.3563311341132562,-0.9521792989178318,0.4370960217941937,-0.07515271554041716,1.4808458978961963,1.263180188897743,1.2404193942881612,-2.6370789110278188,0.4883709032947031,-0.27121113676124725,-0.04683007149673537,0.26769471380029247,-0.544562588093027,-1.248841909653064,-0.7753182767407544,0.8943437101618313,1.3114024089072511,2.8292894756930718,-0.22663411111890588,0.5152301474184067,-0.7217564808356738,-0.2530457196775405,-2.1661394118639765,0.8903441200298271,-0.6984328952046756,-0.4957843970231593,1.4049763303506468,-0.8417992945421504,-1.3081627640835793,-0.28808348926862626,-0.3490787362832853,-0.6923769517933772,0.3363932540853971,-0.8579031167334377,0.49481653151159605,-0.7603987742832901,2.275286837687368,0.6098486027629668,-0.7960985009002114
-0.8244465814584929,-0.27858376480009706,-0.1493810194654418,0.9477629777613771,-1.1991369070991713,-0.9521792989178318,1.0317536533274727,-0.16182758812215214,-0.04027106670043641,-1.0402244688027675,-0.689773101871154,-0.9131948054508335,2.1019756324353644,-0.1652413690372482,0.4398957731193367,-0.06132023518396985,-0.37719593814058416,0.3309730032773293,1.2434575973281932,0.29648661287744726,-0.6508912134799444,-1.1606429162762941,-2.138765073858556,0.10417715873138186,-0.5062942407242953,0.9162080975699995,0.2693307205526988,1.7670085351848892,-0.4489810818006607,0.5611119455765557,0.4278104502745115,-0.9947792915349563,0.8834150989707099,1.12942811698411,-0.03150435737600359,0.5532790652840492,0.4898800462535928,-0.015973565236072344,0.8506887024886691,-0.655182100501718,0.763161969724198,-1.6488266343270062,-0.8125878189040441,0.6473528845760909
0.9812484236859136,-0.44234371123052657,0.38250856265357364,-0.14623136172530857,0.7867790028617783,0.4370960217941937,-0.16182758812215214,0.5002348834568087,-0.015103694501633977,0.6610813146777905,0.7631430308162279,0.5499955424292923,-1.199469764789897,0.3892554812716745,0.11196136596536796,-0.041252273692352556,-0.26703678528413677,-0.4180998604159886,-0.36791531452106124,-0.8515101866277787,0.2109307745857307,0.2651591852570597,1.4923541380596366,-0.023226859031420428,0.24052416252626213,-0.11683452042226465,2.857060168942341e-4,-1.0349837725526232,0.5476937217272541,-0.40066345082185917,-0.08248480948603945,0.780490198916821,-0.11046618827763743,-0.2007045082720593,-0.08947976037963792,0.14416501665741885,-0.385518988968496,0.17321287461959906,-0.2367981846797038,0.12456038735516398,-0.27133864167378696,1.1784059070197832,-0.015056114436076684,-0.24570126691500627
0.04694222247121261,-0.09174612439953501,-0.0046160119784883985,0.08161618214662739,-0.04870769792815992,-0.07515271554041716,-0.04027106670043641,-0.015103694501633977,0.24724980907945088,0.06770524845896096,-0.0951802078698526,-0.034256162442922816,-0.05026164734024605,0.18083228165035425,0.031044331529496313,-0.04453998064403875,-0.07755054726062216,0.11172293688894325,-0.015308234169297651,0.11110921560756892,0.007293519975254943,-0.06742982237534471,-0.08356909162003837,-0.020444083277888853,0.042249743492832746,-0.00504869084999903,0.049404697744216804,0.12043468342701791,0.08443354324213496,0.05190982120438229,-0.09085577577814857,-0.08817726706568275,-0.05099896030424874,0.0790443064765092,-0.05360644323032007,-0.10672813114669173,-0.08385152129559278,-0.0835818073427303,0.09067599396530941,0.05246619411650755,0.12018751781252242,-0.1063926684228205,0.04750695189633935,0.007892289741221734
1.9692456418813304,-0.3462000348874934,0.729116234956434,-0.9592014259659584,1.940682484432913,1.4808458978961963,-1.0402244688027675,0.6610813146777905,0.06770524845896096,1.9870083028620418,1.373628129115647,1.4928472798127423,-3.366364659350559,0.8396526577497557,-0.2835558560113907,-0.27765124811114245,0.10636143851809293,-0.6353862550088475,-1.7774790674417233,-1.1967096708578508,1.069414476462734,1.5707581935223642,3.669389560478094,-0.11403773759346725,0.7939544164710316,-0.7812913834427276,-0.22026377813810274,-2.6222240392396543,1.3054426582611105,-0.9629113164484147,-0.7623042255321255,2.023730084575742,-0.8067628397217764,-1.4017994009412282,-0.39013539961054683,-0.21638491640176977,-0.9151244966183895,0.4717220686232862,-0.9553591783001201,0.6653633905360897,-0.763873301449701,2.8650985194796688,0.7400351090894309,-0.8975222037157884
1.9898480774313494,-0.5339905981712572,0.7116394233855117,-0.5573638990198808,1.9375405429573351,1.263180188897743,-0.689773101871154,0.7631430308162279,-0.0951802078698526,1.373628129115647,2.22873072008616,1.7581378470119053,-2.976444221845312,1.0221404018586517,0.46931715333983326,0.32944542390842413,-0.4879144480472378,-0.7094668754546625,-0.31870861027999403,-1.3763689832105186,0.7510728908369132,0.9754737481610947,3.1482544377124384,-0.3784698688270318,0.2800855761684801,-0.5124691175401349,-0.061401527183361324,-2.3724855435695074,1.0201084532838878,-0.7455291569699144,-0.17769955104153934,1.4419066908237355,-0.6906889438733057,-0.8923131770573259,-0.36003095081130204,-0.255425920135734,-1.2256742551309323,0.2083715930820855,-0.7553137496432016,0.4412946666441634,-0.7685456630005735,2.7572762113917015,0.19127599708374932,-0.9221626802511725
1.7840146916130535,-0.17550641144865425,0.6744482899075606,-0.7703139618762288,1.935398772733819,1.2404193942881612,-0.9131948054508335,0.5499955424292923,-0.034256162442922816,1.4928472798127423,1.7581378470119053,1.7740027679486503,-3.1407102057115117,0.9162210012959247,0.13154536379753584,0.19754510555436366,-0.23385259927876614,-0.5649615325500718,-0.9271238329421932,-1.04691920964677,0.9102179235269237,1.402677661687316,3.257903745693971,-0.2322990910260432,0.4875192498201345,-0.8324575936415575,-0.13706673588692844,-2.4719981185831363,0.9524597693710749,-0.8182210185137646,-0.44845096153607383,1.6239008364684944,-0.8544528976138848,-1.2304091075223615,-0.29779054724068427,-0.39061414605530004,-1.1729577825796471,0.18361502383596484,-0.9418615874780838,0.6671408297881981,-0.8588583840945548,2.7644535865962845,0.6287539169370926,-0.9728817547216472
-3.88764543003217,0.3806731464793847,-1.201135554919742,1.9239770333063908,-4.17003896170722,-2.6370789110278188,2.1019756324353644,-1.199469764789897,-0.05026164734024605,-3.366364659350559,-2.976444221845312,-3.1407102057115117,6.719695800268849,-1.644384122432789,0.3468263747800151,-6.083941258580732e-4,0.12993532638703645,1.2268144076953038,2.982684129138731,2.3780630599886625,-1.7276758758796624,-2.869482816437714,-7.127479055951463,0.2448172228197285,-1.4213046762181982,1.9462817853866041,0.3836330168982055,5.497917453130635,-2.0874718584790566,1.9345991423832432,1.037513232804396,-3.5461153466042865,1.9557215951031348,2.70272550883806,0.2951290425041883,0.7619327348420454,2.1314232850305483,-0.25375413117524415,2.0561693018775404,-1.3095063672042162,1.9102648821946426,-5.6393884536866485,-1.443439138687041,1.930961277526701
1.3012423552384842,-0.5203987176210885,0.5019301765504436,-0.011722930594350388,1.032679308545954,0.4883709032947031,-0.1652413690372482,0.3892554812716745,0.18083228165035425,0.8396526577497557,1.0221404018586517,0.9162210012959247,-1.644384122432789,1.0134874528710898,0.4124674916352538,-0.029246612444583625,-0.5337819113756875,-0.14826143940333592,-0.19109451640744685,-0.8062665056771217,0.3829577594675942,0.42451633056811844,1.5692476152463604,-0.1421798536105395,0.20903086227160836,-0.11037316049347723,0.11486157488726788,-1.0447718596132984,0.7566561071130916,-0.3901926567551316,-0.23305776972401965,0.8141580989982905,-0.2536083106407097,-0.33222539899141446,-0.35759796532758575,-0.04149322522524365,-0.852971481434659,0.06387186347800523,-0.19861137728409883,0.11358659840563602,-0.12717637029876414,1.3471932195738456,0.0036774670895036734,-0.4877589487872272
0.061424033700791296,-0.43581937878705623,0.1595855005277726,0.5654584123794241,-0.2401578447619058,-0.27121113676124725,0.4398957731193367,0.11196136596536796,0.031044331529496313,-0.2835558560113907,0.46931715333983326,0.13154536379753584,0.3468263747800151,0.4124674916352538,0.6775085768074218,0.17772665663274145,-0.5880202388930441,0.08277501410365481,1.0213291038854662,-0.21674904764382424,-0.16912725979185467,-0.48170255042477245,-0.4934404384046403,-0.13109228953223945,-0.33394791417806174,0.4940252634644831,0.2011867107952862,0.5324886370758095,0.032613770200661515,0.18265427068902843,0.20380329901862898,-0.2394947469366211,0.41032475649874595,0.5846141637982458,-0.1907715731518906,0.18385533979342722,-0.24707260561949004,0.0149834146729976,0.3358181619330766,-0.16836788608675118,0.3492998531475944,-0.1948976942539708,-0.49974488748393575,0.07858153837894682
0.0021961186023661027,0.16128279991623473,-0.12800709730559678,-0.046580498548408476,0.2001674280956644,-0.04683007149673537,-0.06132023518396985,-0.041252273692352556,-0.04453998064403875,-0.27765124811114245,0.32944542390842413,0.19754510555436366,-6.083941258580732e-4,-0.029246612444583625,0.17772665663274145,0.4044189182789147,-0.12549920663694164,-0.0533704174396572,0.4814644012271329,0.12274675420371706,-0.11818198177910523,-0.11637215107067096,-0.09478766148954701,-0.13240489667175162,-0.174074541238155,-0.18262571278753806,0.019974261189457023,-0.15330014071306353,-0.22344655327628135,0.061300650154499675,0.27746319124342306,-0.35712584432068767,-0.26986094778975017,-0.017580076394231876,0.1408145775559245,-0.2644700884577212,-0.1949146915991043,-0.2964504365330592,-0.05947881706561591,-0.028033217011754704,-0.2271592520393168,0.04614498288077292,-0.014841616537060287,-0.09894060579097297
-0.44356743109981717,0.5117747944697494,-0.25566235548061955,-0.49304571263547403,-0.12541632606485398,0.26769471380029247,-0.37719593814058416,-0.26703678528413677,-0.07755054726062216,0.10636143851809293,-0.4879144480472378,-0.23385259927876614,0.12993532638703645,-0.5337819113756875,-0.5880202388930441,-0.12549920663694164,0.7336936888372919,0.030085545214336755,-0.6505901163966582,0.5587962957615796,0.2179962645947792,0.4042935307365075,-0.10256779501855907,0.014387036254722476,0.12630511655171328,-0.27973173837550364,-0.21349853013927092,-0.04017762744634372,-0.14001258410986017,0.037903843281817916,-0.19326208137809994,-0.049650585759863586,-0.2942777461624157,-0.5043859680429488,0.035952560687912576,-0.23066916408512436,0.3896682784617627,0.10913509831871952,-0.2047219326117638,0.11372093815462103,-0.16322989606872795,-0.1771059866151887,0.42262493025014114,-0.004362593106099387
-0.8868983374783881,0.19513695713060963,-0.2591773659029185,0.39253869128191266,-0.8983811870429459,-0.544562588093027,0.3309730032773293,-0.4180998604159886,0.11172293688894325,-0.6353862550088475,-0.7094668754546625,-0.5649615325500718,1.2268144076953038,-0.14826143940333592,0.08277501410365481,-0.0533704174396572,0.030085545214336755,0.4984087947884352,0.5376157779234917,0.6840820611841798,-0.24314804837217346,-0.40705949469302366,-1.5828393340277023,0.045729368628749156,-0.2635780153269692,0.3286924901469987,0.08385241573096743,1.2492984526326492,-0.4232805685194665,0.42430408656918756,0.04630589604971175,-0.7283008064091291,0.3348348682048782,0.44068818941058013,-0.023044275658643525,-0.00924516976057535,0.30670607856701726,-0.11551059064110174,0.3863453133778525,-0.14957068222521366,0.4854134783422645,-1.237640328944574,-0.14604202945387648,0.2822420161256169
-1.436876168723994,-0.24929523949240182,-0.371230401580694,1.3261718962252964,-1.7501956517340644,-1.248841909653064,1.2434575973281932,-0.36791531452106124,-0.015308234169297651,-1.7774790674417233,-0.31870861027999403,-0.9271238329421932,2.982684129138731,-0.19109451640744685,1.0213291038854662,0.4814644012271329,-0.6505901163966582,0.5376157779234917,2.719141385223531,0.8125848760305101,-0.8804367634065124,-1.7200907054633756,-3.4227236130177228,-0.22326341425304425,-1.0957859248696449,1.2201996780238784,0.3624172503510522,2.663910304301012,-0.8977397965957518,1.0476285756190264,0.8055840497338017,-1.9639994134658587,1.0015610377377864,1.6322670026917303,-0.07238970798608632,0.2745941843603681,0.42047143368487144,-0.22500906830575032,1.1438195498541617,-0.7487822304828416,1.0025320380445664,-2.3845038355630237,-1.1690851743611812,0.7428485542072728
-1.8509891050471858,0.7703911524953646,-0.680164914064009,0.29421145400311577,-1.5377938228428834,-0.7753182767407544,0.29648661287744726,-0.8515101866277787,0.11110921560756892,-1.1967096708578508,-1.3763689832105186,-1.04691920964677,2.3780630599886625,-0.8062665056771217,-0.21674904764382424,0.12274675420371706,0.5587962957615796,0.6840820611841798,0.8125848760305101,1.7494334846173758,-0.3220248523707363,-0.5477544405285021,-2.845857455277026,-0.027049756969139128,-0.502156344521438,0.26579485126319374,-0.004176182957938007,2.026711350556669,-0.954657875889831,0.8512513715482335,0.14928802956542706,-1.591657665708542,0.18198590335840054,0.39849760551225216,0.05309952321550085,-0.3013363314837258,0.7902383229804861,-0.2135841409782152,0.5429657320853872,-0.2417655662559412,0.5413605626956459,-2.2159679461983863,0.039569439478445205,0.5289709317921122
0.768567827326999,0.019078558783147254,0.40734623239958173,-0.5691001969631786,0.8653848470445707,0.8943437101618313,-0.6508912134799444,0.2109307745857307,0.007293519975254943,1.069414476462734,0.7510728908369132,0.9102179235269237,-1.7276758758796624,0.3829577594675942,-0.16912725979185467,-0.11818198177910523,0.2179962645947792,-0.24314804837217346,-0.8804367634065124,-0.3220248523707363,0.7842008774822498,1.0893619320115764,1.7814892829197622,-0.13125679420497496,0.3521203947316927,-0.4341947952312273,-0.1748791868929611,-1.2150329519068457,0.6364726245599812,-0.4054889565699392,-0.5386932067643626,1.0643035845537125,-0.43281378415258726,-0.9068828125563577,-0.37139002452249575,-0.22561052581562277,-0.44810360337651106,0.39489177347372,-0.5574735663149191,0.5019406555867472,-0.3608146637427502,1.487532126792829,0.5543439831998034,-0.532353669677758
1.1836892620763273,0.29783299968354676,0.5090852135320179,-1.0949411127409137,1.5688582429918978,1.3114024089072511,-1.1606429162762941,0.2651591852570597,-0.06742982237534471,1.5707581935223642,0.9754737481610947,1.402677661687316,-2.869482816437714,0.42451633056811844,-0.48170255042477245,-0.11637215107067096,0.4042935307365075,-0.40705949469302366,-1.7200907054633756,-0.5477544405285021,1.0893619320115764,1.8258577343014124,3.0047362665923636,-0.05864752520107305,0.6943925781664864,-1.026183818734145,-0.3160658238958831,-2.2566147019634206,0.7949965578365091,-0.786760567734676,-0.7557108869820381,1.7275426390963589,-0.8764497355409389,-1.5613728147778028,-0.26496602441223266,-0.4401515683868958,-0.6907019380385926,0.36645649976219224,-1.0877902307198382,0.8702350222151951,-0.8517153081740705,2.427048633702774,1.0622284649815452,-0.8890652261894478
4.31022771593024,-0.5309424122374942,1.373325852073929,-2.075390288817361,4.528420326896125,2.8292894756930718,-2.138765073858556,1.4923541380596366,-0.08356909162003837,3.669389560478094,3.1482544377124384,3.257903745693971,-7.127479055951463,1.5692476152463604,-0.4934404384046403,-0.09478766148954701,-0.10256779501855907,-1.5828393340277023,-3.4227236130177228,-2.845857455277026,1.7814892829197622,3.0047362665923636,7.948904203931815,-0.1535039341839833,1.6161692761178892,-2.0336858829312545,-0.42269891378556673,-6.10053802862717,2.301132111832899,-2.1840677928464007,-1.0392833182122903,4.039949123251519,-1.9592691027519111,-2.8218518006814737,-0.2432806345579838,-0.5191672334936515,-2.0891610083682273,0.4212253775284142,-2.198186375663079,1.323320151401288,-2.138083014439007,6.2205843813696555,1.4615328604767885,-1.9350065153495255
-0.1675222789494857,0.056830808983423756,-0.022253851329071005,0.06492714010788221,-0.17934563095113035,-0.22663411111890588,0.10417715873138186,-0.023226859031420428,-0.020444083277888853,-0.11403773759346725,-0.3784698688270318,-0.2322990910260432,0.2448172228197285,-0.1421798536105395,-0.13109228953223945,-0.13240489667175162,0.014387036254722476,0.045729368628749156,-0.22326341425304425,-0.027049756969139128,-0.13125679420497496,-0.05864752520107305,-0.1535039341839833,0.19922416148079283,0.09379506340503213,0.006093084932273154,0.013670022136518321,0.13819627557332217,-0.09567048865584853,-0.038723602737029815,-0.0035740808572298863,0.061512487487833514,0.1653837719649314,0.1347769965720018,0.1266751012495272,0.15682358572918703,0.1679542096098232,-0.025192328535602663,0.03723283306756746,0.00915537736546169,0.041604334061375446,-0.20813945989577104,0.03463790762814008,0.12314955826117546
0.7686399482786429,7.546128076919639e-4,0.223351756157738,-0.5064017239082269,0.8454008876688405,0.5152301474184067,-0.5062942407242953,0.24052416252626213,0.042249743492832746,0.7939544164710316,0.2800855761684801,0.4875192498201345,-1.4213046762181982,0.20903086227160836,-0.33394791417806174,-0.174074541238155,0.12630511655171328,-0.2635780153269692,-1.0957859248696449,-0.502156344521438,0.3521203947316927,0.6943925781664864,1.6161692761178892,0.09379506340503213,0.47950108961351956,-0.5173977205956128,-0.11753256968051698,-1.23699870560568,0.4420805888682127,-0.4903187154942535,-0.3154134426300142,0.9071448081052754,-0.41319908811524314,-0.6279938229877212,0.03225644599166083,-0.09579514443692613,-0.28984377954655055,0.05912491972978436,-0.48450143920804395,0.3387007458287969,-0.43945693680972087,1.154171290515995,0.45378321585547693,-0.3469172467799562
-0.8843450743471194,-0.4617904049928094,-0.05864225558155151,0.9324117660431688,-1.3873665547457141,-0.7217564808356738,0.9162080975699995,-0.11683452042226465,-0.00504869084999903,-0.7812913834427276,-0.5124691175401349,-0.8324575936415575,1.9462817853866041,-0.11037316049347723,0.4940252634644831,-0.18262571278753806,-0.27973173837550364,0.3286924901469987,1.2201996780238784,0.26579485126319374,-0.4341947952312273,-1.026183818734145,-2.0336858829312545,0.006093084932273154,-0.5173977205956128,1.10702096926347,0.212849640736785,1.8952540278061252,-0.24905913513332636,0.5826461756252158,0.206971903876144,-0.7753159425967038,1.0575752143154111,1.1422638255506372,-0.2346967991682806,0.578509583735505,0.530209778540256,0.2934801552542335,0.8324389542768267,-0.4787978657299278,0.9404365219909558,-1.5370510183557013,-0.8134342920066218,0.6367193970687546
-0.035074969648818094,-0.1385537640139805,-0.002435021186221577,0.27915985997786125,-0.16806177868884892,-0.2530457196775405,0.2693307205526988,2.857060168942341e-4,0.049404697744216804,-0.22026377813810274,-0.061401527183361324,-0.13706673588692844,0.3836330168982055,0.11486157488726788,0.2011867107952862,0.019974261189457023,-0.21349853013927092,0.08385241573096743,0.3624172503510522,-0.004176182957938007,-0.1748791868929611,-0.3160658238958831,-0.42269891378556673,0.013670022136518321,-0.11753256968051698,0.212849640736785,0.1155846333947704,0.34815794704216585,-0.04372615549904801,0.111396544943813,0.1306889413613181,-0.23272080020933222,0.16979887631735063,0.3028832942264072,-0.032691556592005254,0.11117348361299578,-0.011752878971614821,-0.07379320339919127,0.23036271267950195,-0.18237546538940377,0.1812846008367272,-0.3045210656068485,-0.22358652165665993,0.11300553318509432
-3.3840598894992797,0.09492077489217503,-0.8105916810373524,1.8351661314194427,-3.8199960177805434,-2.1661394118639765,1.7670085351848892,-1.0349837725526232,0.12043468342701791,-2.6222240392396543,-2.3724855435695074,-2.4719981185831363,5.497917453130635,-1.0447718596132984,0.5324886370758095,-0.15330014071306353,-0.04017762744634372,1.2492984526326492,2.663910304301012,2.026711350556669,-1.2150329519068457,-2.2566147019634206,-6.10053802862717,0.13819627557332217,-1.23699870560568,1.8952540278061252,0.34815794704216585,5.023047646901609,-1.549665715452429,1.7080746821662414,0.5527990347138085,-2.7708675489190946,1.9551535480130757,2.408637278407495,-0.05812798548651646,0.6656023519021739,1.668497841042773,0.06276572216349219,1.7970272121947752,-0.8515133889490675,1.9731594778721573,-4.743361422596622,-1.2163760598222089,1.5845950021649349
1.4865135092368509,-0.5078016093755238,0.5719293261211059,-0.3963014286246184,1.2536473419151497,0.8903441200298271,-0.4489810818006607,0.5476937217272541,0.08443354324213496,1.3054426582611105,1.0201084532838878,0.9524597693710749,-2.0874718584790566,0.7566561071130916,0.032613770200661515,-0.22344655327628135,-0.14001258410986017,-0.4232805685194665,-0.8977397965957518,-0.954657875889831,0.6364726245599812,0.7949965578365091,2.301132111832899,-0.09567048865584853,0.4420805888682127,-0.24905913513332636,-0.04372615549904801,-1.549665715452429,1.015517750827488,-0.5935097124818282,-0.4413026603556731,1.2741986383302903,-0.3622526197750192,-0.702243195747784,-0.38691197917018955,0.01011987804363409,-0.6786154815446213,0.3663761697909794,-0.42052422002020085,0.24085479992011824,-0.32401560141201663,1.8281553764583875,0.23912811435402026,-0.5257660287130792
-1.1791110654315917,0.12620873875921604,-0.3443824813684701,0.5757386354541869,-1.2498838950714921,-0.6984328952046756,0.5611119455765557,-0.40066345082185917,0.05190982120438229,-0.9629113164484147,-0.7455291569699144,-0.8182210185137646,1.9345991423832432,-0.3901926567551316,0.18265427068902843,0.061300650154499675,0.037903843281817916,0.42430408656918756,1.0476285756190264,0.8512513715482335,-0.4054889565699392,-0.786760567734676,-2.1840677928464007,-0.038723602737029815,-0.4903187154942535,0.5826461756252158,0.111396544943813,1.7080746821662414,-0.5935097124818282,0.6548997832492095,0.2578942812119346,-1.1387158302087668,0.5147475297222,0.7449770922413562,-0.03192792653997025,0.09939039692007219,0.5507226786846913,-0.049989991832788565,0.6193129292773932,-0.34003642269605816,0.6139394757372177,-1.6610519644718835,-0.40052694214991874,0.5105024632373287
-0.30868085011829216,0.03990778378702978,-0.2878486516720578,0.30890216525535885,-0.2893008595110045,-0.4957843970231593,0.4278104502745115,-0.08248480948603945,-0.09085577577814857,-0.7623042255321255,-0.17769955104153934,-0.44845096153607383,1.037513232804396,-0.23305776972401965,0.20380329901862898,0.27746319124342306,-0.19326208137809994,0.04630589604971175,0.8055840497338017,0.14928802956542706,-0.5386932067643626,-0.7557108869820381,-1.0392833182122903,-0.0035740808572298863,-0.3154134426300142,0.206971903876144,0.1306889413613181,0.5527990347138085,-0.4413026603556731,0.2578942812119346,0.5512089728174429,-0.8231504615835175,0.09177618408910723,0.5023289084684673,0.24473891731410086,0.05902683540673283,0.16737775935755544,-0.3744953356279913,0.34031191669622113,-0.4542152851937646,0.05896915344633243,-0.7888609617502124,-0.4269640401468794,0.2503594384923887
1.9270572251764773,-0.40309159954148915,0.9163128914698571,-0.8898056796227438,1.8640716447988326,1.4049763303506468,-0.9947792915349563,0.780490198916821,-0.08817726706568275,2.023730084575742,1.4419066908237355,1.6239008364684944,-3.5461153466042865,0.8141580989982905,-0.2394947469366211,-0.35712584432068767,-0.049650585759863586,-0.7283008064091291,-1.9639994134658587,-1.591657665708542,1.0643035845537125,1.7275426390963589,4.039949123251519,0.061512487487833514,0.9071448081052754,-0.7753159425967038,-0.23272080020933222,-2.7708675489190946,1.2741986383302903,-1.1387158302087668,-0.8231504615835175,2.553775033658064,-0.4766805307833029,-1.2485884690704083,-0.2941619011326059,0.07126593468758398,-0.8737491679901596,0.6190572251857783,-1.1085466132495423,0.9393404387536596,-0.7998379850654493,3.159244476269614,0.7697766934572438,-0.8788520617772875
-1.1525688684707356,-0.39972495052305623,0.019812289979114925,0.9590650612103239,-1.6264087604761701,-0.8417992945421504,0.8834150989707099,-0.11046618827763743,-0.05099896030424874,-0.8067628397217764,-0.6906889438733057,-0.8544528976138848,1.9557215951031348,-0.2536083106407097,0.41032475649874595,-0.26986094778975017,-0.2942777461624157,0.3348348682048782,1.0015610377377864,0.18198590335840054,-0.43281378415258726,-0.8764497355409389,-1.9592691027519111,0.1653837719649314,-0.41319908811524314,1.0575752143154111,0.16979887631735063,1.9551535480130757,-0.3622526197750192,0.5147475297222,0.09177618408910723,-0.4766805307833029,1.3065036192461708,1.2603997509882736,-0.12285141337955424,0.7206390023357628,0.6707859036465068,0.39896314505621444,0.7161521047751545,-0.17700781396829268,0.9528329937494373,-1.5101497663802086,-0.6782383388514707,0.7032356047991306
-1.3622535576235986,-0.4104646975767796,-0.27770820556249975,1.2192543508748652,-1.8496159867479611,-1.3081627640835793,1.12942811698411,-0.2007045082720593,0.0790443064765092,-1.4017994009412282,-0.8923131770573259,-1.2304091075223615,2.70272550883806,-0.33222539899141446,0.5846141637982458,-0.017580076394231876,-0.5043859680429488,0.44068818941058013,1.6322670026917303,0.39849760551225216,-0.9068828125563577,-1.5613728147778028,-2.8218518006814737,0.1347769965720018,-0.6279938229877212,1.1422638255506372,0.3028832942264072,2.408637278407495,-0.702243195747784,0.7449770922413562,0.5023289084684673,-1.2485884690704083,1.2603997509882736,1.7209307926179769,0.12290562718762037,0.6167393364991698,0.7207250138309713,-0.053915783469903535,1.0135255354048283,-0.4715970752992966,1.0254092273291322,-2.214399508400473,-0.9586287039322707,0.8995867455702802
-0.24187485311574264,0.20881673261500247,-0.28481037494128236,-0.09496442938338408,-0.04998210540924078,-0.28808348926862626,-0.03150435737600359,-0.08947976037963792,-0.05360644323032007,-0.39013539961054683,-0.36003095081130204,-0.29779054724068427,0.2951290425041883,-0.35759796532758575,-0.1907715731518906,0.1408145775559245,0.035952560687912576,-0.023044275658643525,-0.07238970798608632,0.05309952321550085,-0.37139002452249575,-0.26496602441223266,-0.2432806345579838,0.1266751012495272,0.03225644599166083,-0.2346967991682806,-0.032691556592005254,-0.05812798548651646,-0.38691197917018955,-0.03192792653997025,0.24473891731410086,-0.2941619011326059,-0.12285141337955424,0.12290562718762037,0.4884100508799364,-0.0762523481356007,0.15837183677405273,-0.3755145625629333,-0.07931024029269215,-0.029609401555096372,-0.21642586849572426,-0.3347018449343701,0.02258937175595023,0.12047942781257696
-0.19993909200788137,-0.3959460412574325,0.16087625186511614,0.4957230837384397,-0.5677363919212801,-0.3490787362832853,0.5532790652840492,0.14416501665741885,-0.10672813114669173,-0.21638491640176977,-0.255425920135734,-0.39061414605530004,0.7619327348420454,-0.04149322522524365,0.18385533979342722,-0.2644700884577212,-0.23066916408512436,-0.00924516976057535,0.2745941843603681,-0.3013363314837258,-0.22561052581562277,-0.4401515683868958,-0.5191672334936515,0.15682358572918703,-0.09579514443692613,0.578509583735505,0.11117348361299578,0.6656023519021739,0.01011987804363409,0.09939039692007219,0.05902683540673283,0.07126593468758398,0.7206390023357628,0.6167393364991698,-0.0762523481356007,0.6091993661558766,0.32092769585486175,0.304668467518252,0.35354199230544037,-0.20849201230213268,0.4194317531652549,-0.4428316612698311,-0.45031151949857495,0.3602250830828815
-1.4457026569410334,0.24101351340330918,-0.4155922956650325,0.38662535761028577,-1.4689637384536722,-0.6923769517933772,0.4898800462535928,-0.385518988968496,-0.08385152129559278,-0.9151244966183895,-1.2256742551309323,-1.1729577825796471,2.1314232850305483,-0.852971481434659,-0.24707260561949004,-0.1949146915991043,0.3896682784617627,0.30670607856701726,0.42047143368487144,0.7902383229804861,-0.44810360337651106,-0.6907019380385926,-2.0891610083682273,0.1679542096098232,-0.28984377954655055,0.530209778540256,-0.011752878971614821,1.668497841042773,-0.6786154815446213,0.5507226786846913,0.16737775935755544,-0.8737491679901596,0.6707859036465068,0.7207250138309713,0.15837183677405273,0.32092769585486175,0.996837101593123,0.12371165984188826,0.5092807710182985,-0.24145599013474353,0.5498099377128063,-1.7624080480187394,-0.27229168723361236,0.6834918493082665
0.026750788231085135,-0.2732715118780401,0.34113492460665185,0.029731340535467648,-0.18970725467029456,0.3363932540853971,-0.015973565236072344,0.17321287461959906,-0.0835818073427303,0.4717220686232862,0.2083715930820855,0.18361502383596484,-0.25375413117524415,0.06387186347800523,0.0149834146729976,-0.2964504365330592,0.10913509831871952,-0.11551059064110174,-0.22500906830575032,-0.2135841409782152,0.39489177347372,0.36645649976219224,0.4212253775284142,-0.025192328535602663,0.05912491972978436,0.2934801552542335,-0.07379320339919127,0.06276572216349219,0.3663761697909794,-0.049989991832788565,-0.3744953356279913,0.6190572251857783,0.39896314505621444,-0.053915783469903535,-0.3755145625629333,0.304668467518252,0.12371165984188826,0.65544360662445,-0.03970600338433067,0.2236433504189949,0.2277994147759597,0.3936989997646594,0.008838843331037785,0.016891391790173346
-0.8990923227123918,-0.19577509411792568,-0.2429040975290444,0.8251613783108948,-1.2279911831416046,-0.8579031167334377,0.8506887024886691,-0.2367981846797038,0.09067599396530941,-0.9553591783001201,-0.7553137496432016,-0.9418615874780838,2.0561693018775404,-0.19861137728409883,0.3358181619330766,-0.05947881706561591,-0.2047219326117638,0.3863453133778525,1.1438195498541617,0.5429657320853872,-0.5574735663149191,-1.0877902307198382,-2.198186375663079,0.03723283306756746,-0.48450143920804395,0.8324389542768267,0.23036271267950195,1.7970272121947752,-0.42052422002020085,0.6193129292773932,0.34031191669622113,-1.1085466132495423,0.7161521047751545,1.0135255354048283,-0.07931024029269215,0.35354199230544037,0.5092807710182985,-0.03970600338433067,0.8370609294649659,-0.581469636117144,0.7681163754520791,-1.7146935076071297,-0.6683059031356041,0.6160286863794463
0.20503955506053004,0.11213206603377,0.26041907999238817,-0.43475320261196215,0.3685784156500778,0.49481653151159605,-0.655182100501718,0.12456038735516398,0.05246619411650755,0.6653633905360897,0.4412946666441634,0.6671408297881981,-1.3095063672042162,0.11358659840563602,-0.16836788608675118,-0.028033217011754704,0.11372093815462103,-0.14957068222521366,-0.7487822304828416,-0.2417655662559412,0.5019406555867472,0.8702350222151951,1.323320151401288,0.00915537736546169,0.3387007458287969,-0.4787978657299278,-0.18237546538940377,-0.8515133889490675,0.24085479992011824,-0.34003642269605816,-0.4542152851937646,0.9393404387536596,-0.17700781396829268,-0.4715970752992966,-0.029609401555096372,-0.20849201230213268,-0.24145599013474353,0.2236433504189949,-0.581469636117144,0.8060645487511466,-0.3117324425361338,1.0657090771407554,0.5942608500639487,-0.34744840310227165
-1.0769864648289442,-0.2694530589074844,-0.12075192051554502,0.8555258687746071,-1.478824559364745,-0.7603987742832901,0.763161969724198,-0.27133864167378696,0.12018751781252242,-0.763873301449701,-0.7685456630005735,-0.8588583840945548,1.9102648821946426,-0.12717637029876414,0.3492998531475944,-0.2271592520393168,-0.16322989606872795,0.4854134783422645,1.0025320380445664,0.5413605626956459,-0.3608146637427502,-0.8517153081740705,-2.138083014439007,0.041604334061375446,-0.43945693680972087,0.9404365219909558,0.1812846008367272,1.9731594778721573,-0.32401560141201663,0.6139394757372177,0.05896915344633243,-0.7998379850654493,0.9528329937494373,1.0254092273291322,-0.21642586849572426,0.4194317531652549,0.5498099377128063,0.2277994147759597,0.7681163754520791,-0.3117324425361338,0.952262080382171,-1.6558546612896836,-0.5802709340979993,0.6050767960885223
3.396668949172926,-0.4214663553024217,1.1559124783732564,-1.5647434362894361,3.5819926326855156,2.275286837687368,-1.6488266343270062,1.1784059070197832,-0.1063926684228205,2.8650985194796688,2.7572762113917015,2.7644535865962845,-5.6393884536866485,1.3471932195738456,-0.1948976942539708,0.04614498288077292,-0.1771059866151887,-1.237640328944574,-2.3845038355630237,-2.2159679461983863,1.487532126792829,2.427048633702774,6.2205843813696555,-0.20813945989577104,1.154171290515995,-1.5370510183557013,-0.3045210656068485,-4.743361422596622,1.8281553764583875,-1.6610519644718835,-0.7888609617502124,3.159244476269614,-1.5101497663802086,-2.214399508400473,-0.3347018449343701,-0.4428316612698311,-1.7624080480187394,0.3936989997646594,-1.7146935076071297,1.0657090771407554,-1.6558546612896836,5.0109511091669265,1.1132053571812794,-1.5929035315791833
0.3772206719379412,0.46325876673515,0.09306107054186903,-0.7605887249751685,0.7749121550020223,0.6098486027629668,-0.8125878189040441,-0.015056114436076684,0.04750695189633935,0.7400351090894309,0.19127599708374932,0.6287539169370926,-1.443439138687041,0.0036774670895036734,-0.49974488748393575,-0.014841616537060287,0.42262493025014114,-0.14604202945387648,-1.1690851743611812,0.039569439478445205,0.5543439831998034,1.0622284649815452,1.4615328604767885,0.03463790762814008,0.45378321585547693,-0.8134342920066218,-0.22358652165665993,-1.2163760598222089,0.23912811435402026,-0.40052694214991874,-0.4269640401468794,0.7697766934572438,-0.6782383388514707,-0.9586287039322707,0.02258937175595023,-0.45031151949857495,-0.27229168723361236,0.008838843331037785,-0.6683059031356041,0.5942608500639487,-0.5802709340979993,1.1132053571812794,0.8432489965822134,-0.4642448742086463
-1.0737897632990403,-0.05050977456086475,-0.2890100644672845,0.6082234495245724,-1.2670482982309381,-0.7960985009002114,0.6473528845760909,-0.24570126691500627,0.007892289741221734,-0.8975222037157884,-0.9221626802511725,-0.9728817547216472,1.930961277526701,-0.4877589487872272,0.07858153837894682,-0.09894060579097297,-0.004362593106099387,0.2822420161256169,0.7428485542072728,0.5289709317921122,-0.532353669677758,-0.8890652261894478,-1.9350065153495255,0.12314955826117546,-0.3469172467799562,0.6367193970687546,0.11300553318509432,1.5845950021649349,-0.5257660287130792,0.5105024632373287,0.2503594384923887,-0.8788520617772875,0.7032356047991306,0.8995867455702802,0.12047942781257696,0.3602250830828815,0.6834918493082665,0.016891391790173346,0.6160286863794463,-0.34744840310227165,0.6050767960885223,-1.5929035315791833,-0.4642448742086463,0.6459794413208304
