V1,V2,V3,V4,V5,V6,V7,V8,V9,V10,V11,V12,V13,V14,V15,V16,V17,V18,V19,V20,V21,V22,V23,V24,V25,V26,V27,V28,V29,V30,V31,V32,V33,V34,V35,V36,V37,V38,V39,V40,V41,V42,V43,V44
1.2110099599132242,-1.2856030883335423,0.8844692778909528,-1.307187996873476,-3.635104663263755,-4.263165235978264,-1.7300459745449437,0.10246460732113402,-3.9071136722591544,-1.9344785838085428,0.7225274779740579,-0.8624452308874917,0.017441289851532777,-1.0603218756433441,0.20516384678756605,1.5958748729798784,4.64729940408483,0.7061925218634918,-2.3709442798088074,-0.20975639712538885,-2.1124897757665937,0.8237360869989011,1.3145010452163013,-0.587727122300805,-0.35971917716334684,1.4666617246356028,0.4571760246779017,-0.5773458324251366,-1.389889867330839,-0.7887074251762661,1.9730391862384715,-1.8432395816522835,0.21055515566681965,0.5739367914811143,0.0531890092865191,-1.844865161689553,-1.6468117986319737,0.5033792803566778,-3.9940074231175235,1.4022762864259752,-2.26997616182138,-0.041095373566777636,-0.8535011685255433,1.739452222892115
-1.2856030883335423,1.446762416688045,-1.1153457721849969,1.5086766721706015,4.4025134863777815,4.887742064788854,2.121265600779221,-0.5372474592860602,4.338403461325959,2.391972057026648,-0.8228608967831271,0.9105016796059222,-0.0036319230417347654,1.3987031947514355,-0.12296253710143303,-1.5895226463648877,-5.421933765690756,-0.7416198275621042,2.644085501730561,0.1327425989889253,2.5673840615227292,-1.0710529567413158,-1.2232669131583402,0.6467983403807372,0.254500195819052,-1.6264204132680389,-0.6197473428417253,0.7468704814992785,1.5717378222400595,0.805483057493577,-2.47558993075203,2.1690718918898444,-0.41341480743772274,-0.6522202087620619,0.12362277038381435,2.2298205890387637,1.698515347049812,-0.7375503019254068,4.654612138005954,-1.5530004734674372,2.759606187618771,-0.23088517786950696,1.0825603258661498,-2.174719961212149
0.8844692778909528,-1.1153457721849969,1.5027887289926836,-2.0556578514822985,-4.935889333958167,-4.707954012240063,-2.5903748680252225,1.5296168939432646,-3.572564843016451,-2.969480313189493,0.9903487888048831,-0.27993914529502906,0.08105966787540048,-1.8336502695910373,-0.4146940761794642,0.6128033706762074,5.4487015861252495,0.6172419871639714,-2.563136825608803,0.29869796639716073,-2.574987800255485,1.1786947923617548,0.533111804116163,-0.5678438412360952,0.18266706531853646,1.1932389520684048,0.8935261695738941,-0.9305221285168933,-1.5901891624891393,-0.18983063682628765,3.1926477060824565,-2.0191417866894157,1.0739709186801412,0.7497397189725743,-0.5281681758785457,-2.522619982690726,-1.154531991250893,0.5758689301389379,-4.461081552617109,1.07957098037769,-3.211931501514268,0.5974980326135718,-1.3834825498904055,2.6449060608805985
-1.307187996873476,1.5086766721706015,-2.0556578514822985,3.3019460753499805,6.682899266019843,6.653423407802912,3.6331515050256042,-1.315006854111737,4.955681440494666,4.071546540089758,-1.2546954994637123,0.3181827583980974,-0.25944730827415163,2.642152192576154,0.8375783110416046,-0.7154041371300927,-7.332478107172789,-0.76295787293115,3.9741931638801793,-0.5495080560931428,3.3895653826504986,-1.582527619677644,-1.2889654137044504,1.0536068298945998,-0.24599015079620368,-1.756582793887147,-1.1765962322346935,1.267978657751122,2.333013123162412,0.14790120331606704,-4.372338837502793,2.9308719425727214,-1.613303348861302,-1.1633857860475372,0.5771914895157675,3.1929680124577238,1.968328673157426,-0.14037265805278487,5.983474151866897,-1.3120002294381972,4.30545737189558,-0.2797742713755036,1.7173716164868893,-3.68698528270958
-3.635104663263755,4.4025134863777815,-4.935889333958167,6.682899266019843,17.10741330282555,17.10057129719634,8.744604724013227,-4.396281028434477,13.720102853972042,9.980851700275544,-3.3455372505543934,1.7647035393491006,-0.185024627175278,6.08700819811476,0.8439928215449958,-3.3443082953363574,-19.53696570919846,-2.3518498024679984,9.255902346617413,-0.5628300658483544,9.270332707877486,-4.130326764549135,-2.669478859522435,2.119099206498331,-0.15871167909701092,-4.797642725696954,-2.892573868883619,3.1335960240579053,5.670736815645477,1.4181718428097008,-10.621804863702685,7.438928664455306,-3.0770475171652643,-2.564272511664145,1.4497562644391333,8.724355573449344,4.748310242474332,-2.3302654756226024,16.263648477970616,-4.447967290965355,11.003877323103904,-1.783518041800564,4.623132100578984,-8.952703066080884
-4.263165235978264,4.887742064788854,-4.707954012240063,6.653423407802912,17.10057129719634,18.042440359338784,8.604791701312964,-3.0338723596014283,15.116409336607509,9.730862342904576,-3.3098594186917976,2.4293381094794464,-0.19419989592036613,5.843387560440894,0.40417692461119975,-4.514973838539139,-20.189852175284322,-2.598043868721564,9.945771406229014,-0.16012369657344194,9.456416444184422,-4.0774770107936344,-3.8489877366059777,2.404082932444781,0.36307367651863925,-5.476130764017031,-2.6656882331774887,3.017860238749526,5.973197371438875,2.0591423981893966,-10.246473765338388,7.888991398145421,-2.5219600174439774,-2.652415184216214,0.9319025370911869,8.632727485914996,5.734198510363161,-2.181527221373531,16.988770086833146,-5.036835046602694,10.884736972379118,-1.0797033932652789,4.390420676646566,-8.770037852794218
-1.7300459745449437,2.121265600779221,-2.5903748680252225,3.6331515050256042,8.744604724013227,8.604791701312964,4.566735061613411,-2.287782061655918,6.681394699366312,5.188541310128654,-1.6563716049422244,0.7038937479854033,-0.15524656791692135,3.2778730511456518,0.6854003482084836,-1.323781186989191,-9.775696840585596,-1.0859712994250386,4.756763332905733,-0.47082018341282533,4.663054389557812,-2.1447831267668973,-1.2811020970646505,1.1441779250992261,-0.2427963155822675,-2.3505357858027662,-1.52681579679336,1.6416586168350484,2.8915100274235446,0.5024580144000306,-5.557831647984645,3.797088082475832,-1.805729172324715,-1.3568373433893839,0.8401860053105633,4.372977673714556,2.3292132398160885,-0.9717480183841789,8.092927355251815,-2.0490487091365956,5.629451378546458,-0.896467273730019,2.3488951980741115,-4.684771578235395
0.10246460732113402,-0.5372474592860602,1.5296168939432646,-1.315006854111737,-4.396281028434477,-3.0338723596014283,-2.287782061655918,3.4438928275588996,-1.8131167601565317,-2.819407953732946,1.09003953565192,0.3211537199530009,-0.10338160788650996,-1.602342368024378,-0.4121310206743742,-0.32409510534437286,4.355932287573616,0.4756418768262471,-1.0945446418098579,0.43201541017507306,-2.175954613717645,1.043898941885227,-1.2126188833335014,0.1093479793682481,0.5829680085888425,0.24864687825375115,1.0298029287293922,-0.9011500878004017,-0.9636656979856525,0.2958864106049775,3.1322489087338634,-1.0907987764062224,1.2436166208863546,0.4332308715763329,-1.0446736698877332,-2.6331801391799066,0.3136384846693497,1.326961037969684,-3.378570892314813,0.6046733216023122,-3.038625124174143,1.7014544303442856,-1.6445911099182267,2.366684585322329
-3.9071136722591544,4.338403461325959,-3.572564843016451,4.955681440494666,13.720102853972042,15.116409336607509,6.681394699366312,-1.8131167601565317,13.321860666893516,7.559131629781993,-2.783817303750393,2.5491789049044056,-0.04886309451190374,4.264070300210919,-0.3348638439435768,-4.8291956336971875,-16.879785794226255,-2.438936703671745,8.210987635046584,0.38527327646217924,7.768949164262444,-3.158603490729015,-3.71944912248989,1.9180187783300524,0.8177347131147388,-4.843826276046644,-1.954926611040708,2.2877311846264146,4.9488649482484846,2.3030666258178942,-7.858832507633512,6.490026747759736,-1.3636669555608223,-2.103380386251238,0.3372713886804912,7.084945295068057,5.174305758920244,-2.074712128954825,14.33006225006677,-4.6957865420246785,8.693869683869812,-0.5817939064720956,3.470185546821947,-6.754540488630903
-1.9344785838085428,2.391972057026648,-2.969480313189493,4.071546540089758,9.980851700275544,9.730862342904576,5.188541310128654,-2.819407953732946,7.559131629781993,5.928478735423963,-1.9598652362158855,0.7667534201402005,-0.14906973689172845,3.667305405652462,0.7170866575722004,-1.5231142930654635,-11.167863405438004,-1.2834569124105166,5.306293269623907,-0.5029886818972749,5.2979355444629785,-2.407527627287724,-1.3145152986181272,1.2117617732929138,-0.26232618693180876,-2.59515360667428,-1.7551430990755035,1.8635657816479918,3.2629438331118767,0.5670413339776874,-6.347973235627663,4.221459277973669,-2.0284712325704537,-1.5158005912341108,0.9747698628643966,5.071630083201553,2.5442890858254734,-1.214941567320368,9.216582125587328,-2.3475347736781846,6.454942558445112,-1.1154681928747998,2.7394720140905595,-5.309194721392524
0.7225274779740579,-0.8228608967831271,0.9903487888048831,-1.2546954994637123,-3.3455372505543934,-3.3098594186917976,-1.6563716049422244,1.09003953565192,-2.783817303750393,-1.9598652362158855,0.9394725113804278,-0.27018762610491137,-0.010984139100405119,-0.89231085607243,0.087031338821845,0.9295873180363456,4.01459311175391,0.7088158740544435,-1.6717183247393212,-0.06790434269928386,-1.6745202672102606,0.5947495854986193,0.41747777928561197,-0.2031044573995921,-0.15716527329786942,0.7806191200804704,0.5482084851299985,-0.5350218310689622,-1.1269931553733044,-0.3152674814289649,2.0727380098052235,-1.1491280329750178,0.41549904108410335,0.4870743204842738,-0.15850480852836418,-1.959636838971918,-0.8408386106336415,0.5555295085320926,-3.2293855496114676,0.9704776351597086,-2.246881346030309,0.31545036577447755,-1.0410173357348902,1.5979808006114185
-0.8624452308874917,0.9105016796059222,-0.27993914529502906,0.3181827583980974,1.7647035393491006,2.4293381094794464,0.7038937479854033,0.3211537199530009,2.5491789049044056,0.7667534201402005,-0.27018762610491137,0.8569764054357134,0.06032947719746105,0.3962796685053228,-0.4134668274966086,-1.3800949605845676,-2.5671768480053263,-0.4210503866377473,1.276157721322927,0.3424179243604271,1.247537740124954,-0.46313221093117013,-0.9790378469430425,0.3477042715359231,0.3879074768919097,-1.056014328326062,-0.1255377874603285,0.24560412681539134,0.7188546694841648,0.7919007310361587,-0.7168225278449059,1.1397230654834432,0.2294534948227149,-0.23333692925421173,-0.17634846513000674,0.880368520590903,1.1285786853588589,-0.5175618878730426,2.355992961367291,-1.0564170228234406,1.0263292683288923,0.06560929697320905,0.3293006171213102,-0.7394913989213043
0.017441289851532777,-0.0036319230417347654,0.08105966787540048,-0.25944730827415163,-0.185024627175278,-0.19419989592036613,-0.15524656791692135,-0.10338160788650996,-0.04886309451190374,-0.14906973689172845,-0.010984139100405119,0.06032947719746105,0.05724016715575299,-0.16519980595456235,-0.1655996598861067,-0.13543413597326093,0.1184773336956043,-0.04157582293062397,-0.22059807264969936,0.10796595657273406,-0.05782368165277856,0.060107535241644736,0.12259338577742389,-0.11031188862384253,0.06427369654062193,0.04755404995548284,0.0426372173131598,-0.05301469106849121,-0.09328363002442978,0.08628447545695372,0.16766436557000391,-0.12773335465433505,0.15504088288529186,0.07153927694593316,-0.02553680365430156,-0.0065798052585399475,-0.10557852684015173,-0.19135451898521166,-0.08230936260951813,-0.06772972051844271,-0.10821460527298109,-0.09686810513983084,-0.007536151999208046,0.16125454760328847
-1.0603218756433441,1.3987031947514355,-1.8336502695910373,2.642152192576154,6.08700819811476,5.843387560440894,3.2778730511456518,-1.602342368024378,4.264070300210919,3.667305405652462,-0.89231085607243,0.3962796685053228,-0.16519980595456235,2.6376559623039246,0.8382252810734663,-0.39284217352093614,-6.477530806270491,-0.4695472206853773,3.3365014181634924,-0.5983861789928331,3.3176785650358673,-1.7005793936496272,-0.7828468592193689,0.961408457474098,-0.4619955595431077,-1.6507555815310868,-1.1249959959397708,1.2380838067806013,1.9551722215228644,0.15376623838454762,-3.9723310778436955,2.8500144102172253,-1.57294160413582,-0.9656720392484872,0.8030676504950567,2.8121354548308006,1.5215465989415051,-0.54963271298719385,5.420225331255562,-1.1868524990748874,3.8536444534535317,-0.7541669597232542,1.544635162638585,-3.4576026945843092
0.20516384678756605,-0.12296253710143303,-0.4146940761794642,0.8375783110416046,0.8439928215449958,0.40417692461119975,0.6854003482084836,-0.4121310206743742,-0.3348638439435768,0.7170866575722004,0.087031338821845,-0.4134668274966086,-0.1655996598861067,0.8382252810734663,0.7917540006397995,1.0065840019618253,-0.2952869056191349,0.3062345718614883,0.47338272267164105,-0.5817958487078384,0.3285563221498772,-0.384933039032262,0.18524865421016548,0.2917719260849287,-0.5335580523690923,0.03040461256733016,-0.2948726136168197,0.30068498417291345,0.1997231268011205,-0.5348335260290263,-0.8555185600654832,0.42234423919731995,-0.839727802739731,-0.20710885872733117,0.42945872565300497,0.12519771545646255,-0.0916859559992622,0.3983914205935274,0.1727628504654818,0.42185958344640867,0.5244388096474265,-0.17885251957140572,0.16733763953592332,-0.7786149686616425
1.5958748729798784,-1.5895226463648877,0.6128033706762074,-0.7154041371300927,-3.3443082953363574,-4.514973838539139,-1.323781186989191,-0.32409510534437286,-4.8291956336971875,-1.5231142930654635,0.9295873180363456,-1.3800949605845676,-0.13543413597326093,-0.39284217352093614,1.0065840019618253,2.82767864021547,5.055671344976708,1.1266265644378821,-2.2804880982494544,-0.8122419066553225,-2.0839501981629853,0.5535655969704378,1.7196988107931483,-0.3959303713837378,-0.9455488964758189,1.7163472481722961,0.23146033423045034,-0.362081509936438,-1.417418793340313,-1.4182841566582032,1.4373988728864378,-1.6973078131071124,-0.5794276665797071,0.4737286652273334,0.498274769314288,-1.9995119287943453,-1.9985015122571,0.9295731254574389,-4.413827780553018,2.01894394609127,-2.095329291690928,-0.26091830503592933,-0.8141680812865082,1.2333710195461076
4.64729940408483,-5.421933765690756,5.4487015861252495,-7.332478107172789,-19.53696570919846,-20.189852175284322,-9.775696840585596,4.355932287573616,-16.879785794226255,-11.167863405438004,4.01459311175391,-2.5671768480053263,0.1184773336956043,-6.477530806270491,-0.2952869056191349,5.055671344976708,23.024106430616147,3.0915999438588107,-10.839928325811373,0.11476045669818595,-10.706674821390783,4.542060602337868,3.7280507858397467,-2.395306961256554,-0.38685534016089596,5.894367229990639,3.113850850818418,-3.427085636400893,-6.664441109078015,-2.245644182888212,11.784913502304901,-8.594609797018887,2.844153693105791,2.9252691798269503,-1.1959325254795594,-10.154806010292143,-6.02358381910223,2.898013390322188,-19.259201763115094,5.721025934436859,-12.549236208715952,1.6608792208049223,-5.242874905877577,9.922641776205115
0.7061925218634918,-0.7416198275621042,0.6172419871639714,-0.76295787293115,-2.3518498024679984,-2.598043868721564,-1.0859712994250386,0.4756418768262471,-2.438936703671745,-1.2834569124105166,0.7088158740544435,-0.4210503866377473,-0.04157582293062397,-0.4695472206853773,0.3062345718614883,1.1266265644378821,3.0915999438588107,0.6384339797846832,-1.2950558503673715,-0.24374528829876765,-1.2414070681129823,0.3715727714786298,0.575906906479752,-0.1550626607398328,-0.3190493955178035,0.7371094306681222,0.31000297029113905,-0.3227545115034231,-0.8668924916502879,-0.47035805713142376,1.320657426119101,-0.8826992091759932,0.040561609077308367,0.34575745181726325,0.05964222889830796,-1.4303427310522812,-0.8406536491138114,0.4808622113995534,-2.544728722278363,0.9334318331823751,-1.5625344031063362,0.07726033023711683,-0.7025389213890733,1.0183971371514626
-2.3709442798088074,2.644085501730561,-2.563136825608803,3.9741931638801793,9.255902346617413,9.945771406229014,4.756763332905733,-1.0945446418098579,8.210987635046584,5.306293269623907,-1.6717183247393212,1.276157721322927,-0.22059807264969936,3.3365014181634924,0.47338272267164105,-2.2804880982494544,-10.839928325811373,-1.2950558503673715,5.7525031984786175,-0.23406601995843906,5.075419437256665,-2.242092479661162,-2.479326865056532,1.5371653211566474,0.1490652999779718,-3.0774480058413274,-1.4289871067003133,1.658173661820289,3.345088738607961,1.0199255153405948,-5.584364648765403,4.458831423764176,-1.525676108311598,-1.5343368931149728,0.44359411500105655,4.463094231897523,3.3872221895467387,-0.7145445136456176,9.127765223090115,-2.5868230008090434,5.84372704953186,-0.2340139689890172,2.243319687530578,-4.853868600966305
-0.20975639712538885,0.1327425989889253,0.29869796639716073,-0.5495080560931428,-0.5628300658483544,-0.16012369657344194,-0.47082018341282533,0.43201541017507306,0.38527327646217924,-0.5029886818972749,-0.06790434269928386,0.3424179243604271,0.10796595657273406,-0.5983861789928331,-0.5817958487078384,-0.8122419066553225,0.11476045669818595,-0.24374528829876765,-0.23406601995843906,0.4385446590870893,-0.20926493188319104,0.274824151673314,-0.262274570181891,-0.16765746439998028,0.42343375095367486,-0.09008325163185478,0.22334067373522853,-0.21707641033396322,-0.09409804572436624,0.425170455524251,0.6094134529216171,-0.24434758136635104,0.6263563655817057,0.12451089427830332,-0.35410312382476955,-0.08499080128641162,0.17516805733140883,-0.23685842385772463,-0.03406412419263079,-0.34736612868992517,-0.35796719847727637,0.21246432468482204,-0.13355670417635113,0.5447249365456532
-2.1124897757665937,2.5673840615227292,-2.574987800255485,3.3895653826504986,9.270332707877486,9.456416444184422,4.663054389557812,-2.175954613717645,7.768949164262444,5.2979355444629785,-1.6745202672102606,1.247537740124954,-0.05782368165277856,3.3176785650358673,0.3285563221498772,-2.0839501981629853,-10.706674821390783,-1.2414070681129823,5.075419437256665,-0.20926493188319104,5.215802931403735,-2.35377434318033,-1.6131437883369264,1.225788545148574,-0.02886952317853004,-2.8423063001717046,-1.5208372880285324,1.704292751237285,3.0711064580680114,1.0081877813600215,-5.611302282582318,4.26132232626547,-1.5196536507986476,-1.351560688134259,0.7595741315255762,4.6566006707535585,2.7467371932649685,-1.467958367719422,9.048626115615326,-2.6143081624921654,5.889788140174976,-1.0179781351019443,2.4256489129171315,-4.83218664495775
0.8237360869989011,-1.0710529567413158,1.1786947923617548,-1.582527619677644,-4.130326764549135,-4.0774770107936344,-2.1447831267668973,1.043898941885227,-3.158603490729015,-2.407527627287724,0.5947495854986193,-0.46313221093117013,0.060107535241644736,-1.7005793936496272,-0.384933039032262,0.5535655969704378,4.542060602337868,0.3715727714786298,-2.242092479661162,0.274824151673314,-2.35377434318033,1.1728996817412487,0.5945542934150563,-0.6292269064000474,0.21315887214968443,1.2389234012580013,0.7262615911884696,-0.8212656621746052,-1.319291150749627,-0.2976288958762081,2.5823407780792733,-1.996026756843003,0.8942675159465275,0.611458023187679,-0.4932962689925577,-1.9422109601561224,-1.1141788986152723,0.582484273399056,-3.8656043725090536,0.990864949191317,-2.5925302355472395,0.564011781896325,-1.039159564228529,2.2782864139397523
1.3145010452163013,-1.2232669131583402,0.533111804116163,-1.2889654137044504,-2.669478859522435,-3.8489877366059777,-1.2811020970646505,-1.2126188833335014,-3.71944912248989,-1.3145152986181272,0.41747777928561197,-0.9790378469430425,0.12259338577742389,-0.7828468592193689,0.18524865421016548,1.7196988107931483,3.7280507858397467,0.575906906479752,-2.479326865056532,-0.262274570181891,-1.6131437883369264,0.5945542934150563,2.0143331710457986,-0.8047903041771824,-0.5348959040460735,1.5700567743251368,0.1898630439138125,-0.37555548736966227,-1.3040756739197468,-0.8658457765270503,1.2698813548758103,-1.7749535280106925,-0.029549257078397183,0.5661781651170346,0.4042793450519362,-1.1250305745921236,-2.042225121377701,-0.14446423596543878,-3.299577350773266,1.2501891302434074,-1.5615848443667397,-0.7677181761913534,-0.37698892470391404,1.2641522828659204
-0.587727122300805,0.6467983403807372,-0.5678438412360952,1.0536068298945998,2.119099206498331,2.404082932444781,1.1441779250992261,0.1093479793682481,1.9180187783300524,1.2117617732929138,-0.2031044573995921,0.3477042715359231,-0.11031188862384253,0.961408457474098,0.2917719260849287,-0.3959303713837378,-2.395306961256554,-0.1550626607398328,1.5371653211566474,-0.16765746439998028,1.225788545148574,-0.6292269064000474,-0.8047903041771824,0.5492170925542607,-0.04944795516024593,-0.8604720196870238,-0.3188466936022977,0.41835717247279686,0.8134270850323037,0.2144915032073101,-1.2813907061852807,1.2609015135223172,-0.4657859704046396,-0.40321768287590365,0.11905959379608103,0.8289623652398156,0.9580552739391848,0.03923279613109048,2.0845512756205995,-0.5310656653526108,1.270473530304391,0.07680757514227946,0.391557657824046,-1.2146030600860298
-0.35971917716334684,0.254500195819052,0.18266706531853646,-0.24599015079620368,-0.15871167909701092,0.36307367651863925,-0.2427963155822675,0.5829680085888425,0.8177347131147388,-0.26232618693180876,-0.15716527329786942,0.3879074768919097,0.06427369654062193,-0.4619955595431077,-0.5335580523690923,-0.9455488964758189,-0.38685534016089596,-0.3190493955178035,0.1490652999779718,0.42343375095367486,-0.02886952317853004,0.21315887214968443,-0.5348959040460735,-0.04944795516024593,0.47044345157955275,-0.2508547309397101,0.17646103375434027,-0.15566023239842758,0.10695727486143232,0.4626808641847804,0.3657876170791712,-0.03351103488175707,0.5572149047524199,0.023140417560485682,-0.40189837853764276,0.08240529516031932,0.44253667476830344,-0.10696323431708091,0.37083082421222474,-0.44651349049102423,-0.10361223823040766,0.36533191136785365,-0.06274544356984206,0.3322021504577405
1.4666617246356028,-1.6264204132680389,1.1932389520684048,-1.756582793887147,-4.797642725696954,-5.476130764017031,-2.3505357858027662,0.24864687825375115,-4.843826276046644,-2.59515360667428,0.7806191200804704,-1.056014328326062,0.04755404995548284,-1.6507555815310868,0.03040461256733016,1.7163472481722961,5.894367229990639,0.7371094306681222,-3.0774480058413274,-0.09008325163185478,-2.8423063001717046,1.2389234012580013,1.5700567743251368,-0.8604720196870238,-0.2508547309397101,1.9241507371142859,0.654663618300159,-0.8297727538764218,-1.7740660040264282,-0.8914695906364594,2.6925402475763187,-2.5550239922309737,0.50238293810201,0.7677230488165309,-0.11280479134058226,-2.2999421466333687,-2.035043846321348,0.6434548330685762,-5.1110235447861,1.68394218799545,-2.9580270586442503,0.10885377593411953,-1.083268552931042,2.432945156822551
0.4571760246779017,-0.6197473428417253,0.8935261695738941,-1.1765962322346935,-2.892573868883619,-2.6656882331774887,-1.52681579679336,1.0298029287293922,-1.954926611040708,-1.7551430990755035,0.5482084851299985,-0.1255377874603285,0.0426372173131598,-1.1249959959397708,-0.2948726136168197,0.23146033423045034,3.113850850818418,0.31000297029113905,-1.4289871067003133,0.22334067373522853,-1.5208372880285324,0.7262615911884696,0.1898630439138125,-0.3188466936022977,0.17646103375434027,0.654663618300159,0.547288999881907,-0.5654758820205279,-0.8910275463776955,-0.06200909780873976,1.8969259365656554,-1.1751775791418695,0.6895390252246683,0.4218933700138704,-0.37976966117694283,-1.4646794206587557,-0.5793041367154257,0.3814472558917405,-2.551272756140201,0.5803141112247914,-1.8809296759890728,0.4507530751676245,-0.8215028272299576,1.5787587193591877
-0.5773458324251366,0.7468704814992785,-0.9305221285168933,1.267978657751122,3.1335960240579053,3.017860238749526,1.6416586168350484,-0.9011500878004017,2.2877311846264146,1.8635657816479918,-0.5350218310689622,0.24560412681539134,-0.05301469106849121,1.2380838067806013,0.30068498417291345,-0.362081509936438,-3.427085636400893,-0.3227545115034231,1.658173661820289,-0.21707641033396322,1.704292751237285,-0.8212656621746052,-0.37555548736966227,0.41835717247279686,-0.15566023239842758,-0.8297727538764218,-0.5654758820205279,0.6129738284931822,0.9973004983773264,0.15178777539048863,-2.001380750360994,1.3899211609327111,-0.7021210270997117,-0.4665591860557985,0.3673842994648977,1.5293898410202202,0.7715825332052461,-0.3883919552731919,2.8569457455537433,-0.6939575514231313,2.003609839202807,-0.41109976765851536,0.8347124350183508,-1.7125902444135757
-1.389889867330839,1.5717378222400595,-1.5901891624891393,2.333013123162412,5.670736815645477,5.973197371438875,2.8915100274235446,-0.9636656979856525,4.9488649482484846,3.2629438331118767,-1.1269931553733044,0.7188546694841648,-0.09328363002442978,1.9551722215228644,0.1997231268011205,-1.417418793340313,-6.664441109078015,-0.8668924916502879,3.345088738607961,-0.09409804572436624,3.0711064580680114,-1.319291150749627,-1.3040756739197468,0.8134270850323037,0.10695727486143232,-1.7740660040264282,-0.8910275463776955,0.9973004983773264,2.0100604387459207,0.6052291835657749,-3.4473647590953154,2.5820149140432656,-0.8937827154382123,-0.9151310576825662,0.2973974497895291,2.859120489668852,1.906349949651667,-0.5916968898294129,5.5685561022465935,-1.6018804911486382,3.6248067611404804,-0.27669201961398043,1.4586814899521194,-2.926960617408536
-0.7887074251762661,0.805483057493577,-0.18983063682628765,0.14790120331606704,1.4181718428097008,2.0591423981893966,0.5024580144000306,0.2958864106049775,2.3030666258178942,0.5670413339776874,-0.3152674814289649,0.7919007310361587,0.08628447545695372,0.15376623838454762,-0.5348335260290263,-1.4182841566582032,-2.245644182888212,-0.47035805713142376,1.0199255153405948,0.425170455524251,1.0081877813600215,-0.2976288958762081,-0.8658457765270503,0.2144915032073101,0.4626808641847804,-0.8914695906364594,-0.06200909780873976,0.15178777539048863,0.6052291835657749,0.779817685548641,-0.4991280737921885,0.864018043156995,0.36685575217490785,-0.1707062730109053,-0.24884924276176842,0.8080675942203451,0.9848814391467747,-0.52752922902422,2.0445279969875156,-1.0077496803926205,0.8418290645359482,0.09841947199312405,0.29371107107159133,-0.4962568090959506
1.9730391862384715,-2.47558993075203,3.1926477060824565,-4.372338837502793,-10.621804863702685,-10.246473765338388,-5.557831647984645,3.1322489087338634,-7.858832507633512,-6.347973235627663,2.0727380098052235,-0.7168225278449059,0.16766436557000391,-3.9723310778436955,-0.8555185600654832,1.4373988728864378,11.784913502304901,1.320657426119101,-5.584364648765403,0.6094134529216171,-5.611302282582318,2.5823407780792733,1.2698813548758103,-1.2813907061852807,0.3657876170791712,2.6925402475763187,1.8969259365656554,-2.001380750360994,-3.4473647590953154,-0.4991280737921885,6.823023252419485,-4.464216137960062,2.2587794442758726,1.623754684609175,-1.1105144791290238,-5.3892736611340615,-2.5941842287742154,1.2734318505276412,-9.70365909855587,2.4045858377127285,-6.879251141378558,1.2574696863828694,-2.931456610210136,5.694029056226585
-1.8432395816522835,2.1690718918898444,-2.0191417866894157,2.9308719425727214,7.438928664455306,7.888991398145421,3.797088082475832,-1.0907987764062224,6.490026747759736,4.221459277973669,-1.1491280329750178,1.1397230654834432,-0.12773335465433505,2.8500144102172253,0.42234423919731995,-1.6973078131071124,-8.594609797018887,-0.8826992091759932,4.458831423764176,-0.24434758136635104,4.26132232626547,-1.996026756843003,-1.7749535280106925,1.2609015135223172,-0.03351103488175707,-2.5550239922309737,-1.1751775791418695,1.3899211609327111,2.5820149140432656,0.864018043156995,-4.464216137960062,3.752161344836851,-1.2800163270723484,-1.1737399442060905,0.5354505358900604,3.503757734925765,2.5803610841362867,-0.8683396266845724,7.352416091092412,-2.101087983592389,4.637631698779217,-0.5148793822110252,1.7708182959305223,-3.9707521630114857
0.21055515566681965,-0.41341480743772274,1.0739709186801412,-1.613303348861302,-3.0770475171652643,-2.5219600174439774,-1.805729172324715,1.2436166208863546,-1.3636669555608223,-2.0284712325704537,0.41549904108410335,0.2294534948227149,0.15504088288529186,-1.57294160413582,-0.839727802739731,-0.5794276665797071,2.844153693105791,0.040561609077308367,-1.525676108311598,0.6263563655817057,-1.5196536507986476,0.8942675159465275,-0.029549257078397183,-0.4657859704046396,0.5572149047524199,0.50238293810201,0.6895390252246683,-0.7021210270997117,-0.8937827154382123,0.36685575217490785,2.2587794442758726,-1.2800163270723484,1.2187020209271127,0.5104067941264048,-0.6555391050558776,-1.3522661928348834,-0.3785742192478072,0.043580371353381046,-2.2671885421198508,0.16404032688325665,-1.991879097798492,0.5433026074301073,-0.8359497202303181,1.9157886812165343
0.5739367914811143,-0.6522202087620619,0.7497397189725743,-1.1633857860475372,-2.564272511664145,-2.652415184216214,-1.3568373433893839,0.4332308715763329,-2.103380386251238,-1.5158005912341108,0.4870743204842738,-0.23333692925421173,0.07153927694593316,-0.9656720392484872,-0.20710885872733117,0.4737286652273334,2.9252691798269503,0.34575745181726325,-1.5343368931149728,0.12451089427830332,-1.351560688134259,0.611458023187679,0.5661781651170346,-0.40321768287590365,0.023140417560485682,0.7677230488165309,0.4218933700138704,-0.4665591860557985,-0.9151310576825662,-0.1707062730109053,1.623754684609175,-1.1737399442060905,0.5104067941264048,0.44660140098626927,-0.1747894464369937,-1.2545254716869505,-0.8274678339461629,0.1580900649813355,-2.4236370122587485,0.6257572666351169,-1.6413204210923054,0.10531211179310442,-0.6498524509010692,1.375370582533792
0.0531890092865191,0.12362277038381435,-0.5281681758785457,0.5771914895157675,1.4497562644391333,0.9319025370911869,0.8401860053105633,-1.0446736698877332,0.3372713886804912,0.9747698628643966,-0.15850480852836418,-0.17634846513000674,-0.02553680365430156,0.8030676504950567,0.42945872565300497,0.498274769314288,-1.1959325254795594,0.05964222889830796,0.44359411500105655,-0.35410312382476955,0.7595741315255762,-0.4932962689925577,0.4042793450519362,0.11905959379608103,-0.40189837853764276,-0.11280479134058226,-0.37976966117694283,0.3673842994648977,0.2973974497895291,-0.24884924276176842,-1.1105144791290238,0.5354505358900604,-0.6555391050558776,-0.1747894464369937,0.48352973626560947,0.6713204518413833,-0.12143614816684957,-0.26789257783683096,0.9560442944639116,-0.010427696507397789,0.9487976184757176,-0.5888090960009165,0.45621419639907135,-0.9341848444383491
-1.844865161689553,2.2298205890387637,-2.522619982690726,3.1929680124577238,8.724355573449344,8.632727485914996,4.372977673714556,-2.6331801391799066,7.084945295068057,5.071630083201553,-1.959636838971918,0.880368520590903,-0.0065798052585399475,2.8121354548308006,0.12519771545646255,-1.9995119287943453,-10.154806010292143,-1.4303427310522812,4.463094231897523,-0.08499080128641162,4.6566006707535585,-1.9422109601561224,-1.1250305745921236,0.8289623652398156,0.08240529516031932,-2.2999421466333687,-1.4646794206587557,1.5293898410202202,2.859120489668852,0.8080675942203451,-5.3892736611340615,3.503757734925765,-1.3522661928348834,-1.2545254716869505,0.6713204518413833,4.72355189831019,2.2463469941311676,-1.478217056638001,8.376696888163988,-2.4181481966451854,5.697875392656707,-1.039294751224392,2.510937569050504,-4.405742819482446
-1.6468117986319737,1.698515347049812,-1.154531991250893,1.968328673157426,4.748310242474332,5.734198510363161,2.3292132398160885,0.3136384846693497,5.174305758920244,2.5442890858254734,-0.8408386106336415,1.1285786853588589,-0.10557852684015173,1.5215465989415051,-0.0916859559992622,-1.9985015122571,-6.02358381910223,-0.8406536491138114,3.3872221895467387,0.17516805733140883,2.7467371932649685,-1.1141788986152723,-2.042225121377701,0.9580552739391848,0.44253667476830344,-2.035043846321348,-0.5793041367154257,0.7715825332052461,1.906349949651667,0.9848814391467747,-2.5941842287742154,2.5803610841362867,-0.3785742192478072,-0.8274678339461629,-0.12143614816684957,2.2463469941311676,2.389735159093828,-0.3240049139543925,5.196965666461205,-1.7522382453543892,2.921178743911232,0.3198673949760903,1.0045825062996825,-2.3522250029729626
0.5033792803566778,-0.7375503019254068,0.5758689301389379,-0.14037265805278487,-2.3302654756226024,-2.181527221373531,-0.9717480183841789,1.326961037969684,-2.074712128954825,-1.214941567320368,0.5555295085320926,-0.5175618878730426,-0.19135451898521166,-0.54963271298719385,0.3983914205935274,0.9295731254574389,2.898013390322188,0.4808622113995534,-0.7145445136456176,-0.23685842385772463,-1.467958367719422,0.582484273399056,-0.14446423596543878,0.03923279613109048,-0.10696323431708091,0.6434548330685762,0.3814472558917405,-0.3883919552731919,-0.5916968898294129,-0.52752922902422,1.2734318505276412,-0.8683396266845724,0.043580371353381046,0.1580900649813355,-0.26789257783683096,-1.478217056638001,-0.3240049139543925,1.216249582762071,-2.4988800077324056,0.9837555457261227,-1.5247837934565835,0.8351560657010108,-0.7882610211846706,1.0255686399801482
-3.9940074231175235,4.654612138005954,-4.461081552617109,5.983474151866897,16.263648477970616,16.988770086833146,8.092927355251815,-3.378570892314813,14.33006225006677,9.216582125587328,-3.2293855496114676,2.355992961367291,-0.08230936260951813,5.420225331255562,0.1727628504654818,-4.413827780553018,-19.259201763115094,-2.544728722278363,9.127765223090115,-0.03406412419263079,9.048626115615326,-3.8656043725090536,-3.299577350773266,2.0845512756205995,0.37083082421222474,-5.1110235447861,-2.551272756140201,2.8569457455537433,5.5685561022465935,2.0445279969875156,-9.70365909855587,7.352416091092412,-2.2671885421198508,-2.4236370122587485,0.9560442944639116,8.376696888163988,5.196965666461205,-2.4988800077324056,16.211340301132445,-4.906739774695104,10.386398870183514,-1.3588568025499628,4.286239811589994,-8.254542587686307
1.4022762864259752,-1.5530004734674372,1.07957098037769,-1.3120002294381972,-4.447967290965355,-5.036835046602694,-2.0490487091365956,0.6046733216023122,-4.6957865420246785,-2.3475347736781846,0.9704776351597086,-1.0564170228234406,-0.06772972051844271,-1.1868524990748874,0.42185958344640867,2.01894394609127,5.721025934436859,0.9334318331823751,-2.5868230008090434,-0.34736612868992517,-2.6143081624921654,0.990864949191317,1.2501891302434074,-0.5310656653526108,-0.44651349049102423,1.68394218799545,0.5803141112247914,-0.6939575514231313,-1.6018804911486382,-1.0077496803926205,2.4045858377127285,-2.101087983592389,0.16404032688325665,0.6257572666351169,-0.010427696507397789,-2.4181481966451854,-1.7522382453543892,0.9837555457261227,-4.906739774695104,1.7958832449892361,-2.81700213848576,0.2551979736409562,-1.1539003464012034,2.0598479955716544
-2.26997616182138,2.759606187618771,-3.211931501514268,4.30545737189558,11.003877323103904,10.884736972379118,5.629451378546458,-3.038625124174143,8.693869683869812,6.454942558445112,-2.246881346030309,1.0263292683288923,-0.10821460527298109,3.8536444534535317,0.5244388096474265,-2.095329291690928,-12.549236208715952,-1.5625344031063362,5.84372704953186,-0.35796719847727637,5.889788140174976,-2.5925302355472395,-1.5615848443667397,1.270473530304391,-0.10361223823040766,-2.9580270586442503,-1.8809296759890728,2.003609839202807,3.6248067611404804,0.8418290645359482,-6.879251141378558,4.637631698779217,-1.991879097798492,-1.6413204210923054,0.9487976184757176,5.697875392656707,2.921178743911232,-1.5247837934565835,10.386398870183514,-2.81700213848576,7.1218696258380785,-1.2005835465381285,3.0407685778921283,-5.734334407635041
-0.041095373566777636,-0.23088517786950696,0.5974980326135718,-0.2797742713755036,-1.783518041800564,-1.0797033932652789,-0.896467273730019,1.7014544303442856,-0.5817939064720956,-1.1154681928747998,0.31545036577447755,0.06560929697320905,-0.09686810513983084,-0.7541669597232542,-0.17885251957140572,-0.26091830503592933,1.6608792208049223,0.07726033023711683,-0.2340139689890172,0.21246432468482204,-1.0179781351019443,0.564011781896325,-0.7677181761913534,0.07680757514227946,0.36533191136785365,0.10885377593411953,0.4507530751676245,-0.41109976765851536,-0.27669201961398043,0.09841947199312405,1.2574696863828694,-0.5148793822110252,0.5433026074301073,0.10531211179310442,-0.5888090960009165,-1.039294751224392,0.3198673949760903,0.8351560657010108,-1.3588568025499628,0.2551979736409562,-1.2005835465381285,1.020039154792605,-0.674148748040666,1.001392836560995
-0.8535011685255433,1.0825603258661498,-1.3834825498904055,1.7173716164868893,4.623132100578984,4.390420676646566,2.3488951980741115,-1.6445911099182267,3.470185546821947,2.7394720140905595,-1.0410173357348902,0.3293006171213102,-0.007536151999208046,1.544635162638585,0.16733763953592332,-0.8141680812865082,-5.242874905877577,-0.7025389213890733,2.243319687530578,-0.13355670417635113,2.4256489129171315,-1.039159564228529,-0.37698892470391404,0.391557657824046,-0.06274544356984206,-1.083268552931042,-0.8215028272299576,0.8347124350183508,1.4586814899521194,0.29371107107159133,-2.931456610210136,1.7708182959305223,-0.8359497202303181,-0.6498524509010692,0.45621419639907135,2.510937569050504,1.0045825062996825,-0.7882610211846706,4.286239811589994,-1.1539003464012034,3.0407685778921283,-0.674148748040666,1.3717288852426568,-2.3750100041701603
1.739452222892115,-2.174719961212149,2.6449060608805985,-3.68698528270958,-8.952703066080884,-8.770037852794218,-4.684771578235395,2.366684585322329,-6.754540488630903,-5.309194721392524,1.5979808006114185,-0.7394913989213043,0.16125454760328847,-3.4576026945843092,-0.7786149686616425,1.2333710195461076,9.922641776205115,1.0183971371514626,-4.853868600966305,0.5447249365456532,-4.83218664495775,2.2782864139397523,1.2641522828659204,-1.2146030600860298,0.3322021504577405,2.432945156822551,1.5787587193591877,-1.7125902444135757,-2.926960617408536,-0.4962568090959506,5.694029056226585,-3.9707521630114857,1.9157886812165343,1.375370582533792,-0.9341848444383491,-4.405742819482446,-2.3522250029729626,1.0255686399801482,-8.254542587686307,2.0598479955716544,-5.734334407635041,1.001392836560995,-2.3750100041701603,4.847721053491533
