V1,V2,V3,V4,V5,V6,V7,V8,V9,V10,V11,V12,V13,V14,V15,V16,V17,V18,V19,V20,V21,V22,V23,V24,V25,V26,V27,V28,V29,V30,V31,V32,V33,V34,V35,V36,V37,V38,V39,V40,V41,V42,V43,V44
79.05425827467894,-51.63313434081833,-69.45119256098292,91.69973016088572,112.16119829138876,-26.187657114548202,94.7706833184066,-186.4073192660338,-146.8813079569484,110.6445978671745,-1.048516770602311,-102.1806767938594,-14.953345899415352,118.88426751790414,119.56122442604232,208.2813471372012,2.8279453442967335,49.0312454250914,-9.212633762888032,-97.44590238493966,32.23592038081024,-51.19191265709781,133.06959654986355,3.3730714150236745,-105.56691063164872,60.32461634550076,-55.22258622528776,47.11555219320912,-3.472838184833966,-112.25582780229344,-138.79315790964685,11.70811322930123,-141.1249390928424,-15.470403306904899,97.79278189121433,36.69859680331675,-100.49991270889922,16.24859855154929,-26.141460008316372,91.12056313742342,80.60321030247296,-93.22248075263938,46.82760049007788,-110.88613090128351
-51.63313434081833,35.655014337130496,48.18351407049281,-62.46841049768819,-75.24168849541975,17.53340542838368,-64.53532857504398,125.23340000905895,100.07997103118707,-75.04256224621221,-0.7811121757069617,69.27222947847847,9.79871928051059,-79.66392750555333,-82.7397344106171,-141.18654511727118,-2.375205914957376,-34.68826078780512,6.415105064481945,65.92492838600234,-20.503040543968563,35.020925835714145,-90.43209124237796,-2.649205553631711,71.24416694212519,-41.017119225422086,38.17501071294829,-30.960523045991117,0.4751039549407726,76.43973314340569,94.05640152990112,-7.222077233344468,96.29471609416144,11.168909863972328,-65.88483050147889,-24.46263727730206,68.30402258774572,-10.456493341017223,18.31126398057059,-61.34490624108514,-54.84478545225351,63.8933448774404,-31.95878166460383,73.84647876421013
-69.45119256098292,48.18351407049281,65.71008245248645,-85.11628846180598,-102.5391295745021,23.536874925076944,-87.54158460681762,169.93269746805814,136.12868717006054,-102.09923887892784,-1.333000885605861,93.66933264083414,13.354950133970064,-107.55151108302046,-112.63783435342941,-191.78109988522834,-3.0724567394163316,-47.70239155801844,8.188346121415822,89.5556217926223,-27.964986943627128,47.515280557003976,-122.43667652926905,-3.5230481894293444,96.45757837924893,-56.17075755589377,52.12528570954383,-42.13715448896807,0.6199529047825564,103.49254118560839,127.26207658307435,-9.450921447591307,130.79623647421417,14.536048452192565,-89.23007477468116,-32.98256084312146,92.31296800951938,-14.443692741726789,24.744571742317827,-83.3558513255325,-74.7470257551162,86.67380625560925,-43.53034462718176,100.08776561032309
91.69973016088572,-62.46841049768819,-85.11628846180598,110.9457309001371,134.29216116583484,-30.827692438661032,114.06687846452833,-222.35508746912805,-177.3691487264305,133.20775138071906,0.9336837027576362,-122.17514431613834,-17.648857369346366,140.80203022505674,146.05398064906987,250.25414691686666,3.741402176877268,61.473771388493944,-10.49237528770044,-116.95565551085842,37.27534392297839,-61.83018867989146,159.5772462637811,4.3976654026879585,-126.01211124143113,73.28107402447775,-67.60937545909592,55.55772086051419,-1.8830986266048388,-134.80564920808118,-166.0405869806106,12.715973343210143,-170.2974334915053,-18.505427748390417,116.65260544088515,43.23785511433026,-120.29588311610853,19.193376093457275,-31.934225619337557,109.03365405312633,97.42862268957265,-112.67899218195362,56.6802245796899,-131.30895528626772
112.16119829138876,-75.24168849541975,-102.5391295745021,134.29216116583484,163.33085124796787,-37.387970568238956,138.01315815843182,-270.1576998415849,-214.6509291607989,161.45732059904523,0.25042813207667364,-147.95206350541892,-21.57975893738154,171.0472616301806,175.97540273770238,303.27706935907094,4.169216454846752,73.72842147819259,-12.534395070226383,-141.8052424899256,46.03410719378718,-74.68921791837606,193.1719843721724,5.0751525470460646,-152.8265062199485,88.83240922332757,-81.54455952595082,67.96837768754001,-3.4733805267617353,-163.07696056745684,-201.1217992116382,15.761549962674106,-206.0132339523667,-21.839564192905687,141.56387904890738,52.61824691078545,-145.57250127896683,23.6581573630407,-38.29383131565551,132.3861641710432,118.01956188467695,-136.08498666736293,68.59499202023821,-159.91845285625823
-26.187657114548202,17.53340542838368,23.536874925076944,-30.827692438661032,-37.387970568238956,8.857088387068318,-31.902237011943548,62.34027654776757,49.4517248067222,-37.10725527116689,0.017078186459709387,34.377797043009494,4.9530522727115764,-39.77573800465018,-40.533249178725356,-69.9277996613569,-1.1483544762937465,-16.737047065311927,3.194084786172178,32.68513644429456,-10.481855161367074,17.298766384097178,-44.7980668745808,-1.2226853881303126,35.42006127648307,-20.24364355743054,18.67577751496108,-15.550417273355592,0.6808400778192334,37.81930118910206,46.650014268187604,-3.7898054408439164,47.495642194076645,5.464569069472286,-32.7634769857324,-12.250384353224815,33.869536833981904,-5.260489111022879,8.965663421775218,-30.50107991460041,-27.059057175211805,31.515310593609403,-15.754687439488526,36.90918295602571
94.7706833184066,-64.53532857504398,-87.54158460681762,114.06687846452833,138.01315815843182,-31.902237011943548,117.56092161425548,-229.03291032572676,-182.5224209409066,137.06632356641836,0.8536444293815407,-126.09996748330636,-18.11050344764296,145.38856247838393,150.3144538645884,257.6767880502565,3.9592693914677795,62.97635163669134,-11.193302218332862,-120.40846758413954,38.22493094225866,-63.72259195664547,164.62377823395622,4.597126833373496,-129.95415500460766,75.13952858380188,-69.48114052743526,57.09018426657114,-1.8394056061318376,-139.06584449691675,-171.32703519165827,13.301756696046748,-175.40367350558023,-19.54173606101277,120.27806982621907,44.68367121167556,-124.21086201721592,19.547211061121235,-32.989682673941395,112.21219543497327,100.17633466104155,-116.16117139956798,58.303567041965245,-135.29310286609038
-186.4073192660338,125.23340000905895,169.93269746805814,-222.35508746912805,-270.1576998415849,62.34027654776757,-229.03291032572676,447.92088296994075,355.7888821835131,-267.48780533150926,-0.3909203314397743,245.87250225692398,35.63333979115674,-284.2354558717052,-291.82248563985235,-502.8281502041131,-7.24785645306929,-121.81389976475172,21.542014236070127,235.05700024782263,-75.86077474897624,123.97952556772809,-320.8869190708824,-8.572427208735462,253.7314794431733,-146.72700410476583,135.02425072066734,-112.34161030567857,5.349823469010686,270.90654351021607,334.0842139161128,-26.412578764564117,341.70801974041984,37.202460591643266,-234.95345762501157,-87.47282414661846,242.03841511548458,-38.75923302772032,63.8130816537112,-219.35499215510396,-195.3972480132874,225.97246193070416,-113.63287433703815,265.1280859448457
-146.8813079569484,100.07997103118707,136.12868717006054,-177.3691487264305,-214.6509291607989,49.4517248067222,-182.5224209409066,355.7888821835131,283.7620849350751,-213.05226746066558,-1.4454496470085845,195.63356042071962,28.186936066955287,-225.4529240830627,-233.63366667328472,-400.3812619463782,-6.095471286563535,-98.1979419614219,17.051889110828967,187.09231830285614,-59.50964583662034,98.93483248474986,-255.50953910079897,-7.054755156669939,201.71121501622292,-117.08672902025843,108.10223684292605,-88.80183846237408,2.9630155975201355,215.8218641670144,265.8008756750424,-20.414256895982923,272.48569825533485,29.862717176927926,-186.709793627641,-69.24279152658644,192.67547090392245,-30.577774833151423,51.20009541325434,-174.4081997707587,-155.77589523471036,180.36884751090096,-90.6492967511319,210.0943233483119
110.6445978671745,-75.04256224621221,-102.09923887892784,133.20775138071906,161.45732059904523,-37.10725527116689,137.06632356641836,-267.48780533150926,-213.05226746066558,160.09767824085577,0.8005401016663972,-146.94191864258798,-21.224380273433486,169.52561007399672,175.20599176637117,300.78550272577786,4.428669878110194,73.5297320423847,-12.752403727317407,-140.57052248967184,44.979492804731144,-74.25084771424459,191.8802040729124,5.228718152666336,-151.57787170550256,87.93784636797992,-81.10229696599413,66.90938498832969,-2.5787336823364697,-162.0564421480862,-199.6696328971912,15.466677408439967,-204.61669142434133,-22.27237400859222,140.3228915155838,52.09621504098555,-144.67264347923395,23.107974237715037,-38.3136599234206,131.08588144138076,117.03242650741365,-135.35459551897281,68.07754903598239,-158.1144735432803
-1.048516770602311,-0.7811121757069617,-1.333000885605861,0.9336837027576362,0.25042813207667364,0.017078186459709387,0.8536444293815407,-0.3909203314397743,-1.4454496470085845,0.8005401016663972,1.1970856465753938,-0.5989681375633864,0.11793259512035728,-0.04238714672136403,2.153237441799485,1.4150806883728233,0.33891727924802717,1.548829495234354,-0.04015468494247779,-0.5866867466451283,-0.7671078931199187,-0.5951941307077921,0.9845616083811494,0.28773055316280516,-0.40399214370918934,0.6241632199011595,-0.9798352151123377,-0.39008441964916313,1.3837452658894582,-0.9335703087209902,-0.8283335611073213,-0.5309166891387912,-1.4090535343062258,-0.4601186389260297,0.3211615158627294,-0.1251700531226273,-0.7126246902338501,-0.2716263066506319,-0.5875078457890006,0.3282861502253831,0.7413530701731015,-1.140546194356717,0.4996682983735052,0.32484607827636275
-102.1806767938594,69.27222947847847,93.66933264083414,-122.17514431613834,-147.95206350541892,34.377797043009494,-126.09996748330636,245.87250225692398,195.63356042071962,-146.94191864258798,-0.5989681375633864,135.47044857054175,19.427084428490133,-156.37528114972986,-160.90977163652138,-276.4055091495721,-4.289585297550027,-67.11764701388164,12.264903831392258,129.15015387834669,-41.10265035859061,68.32580312416638,-176.7433579743271,-4.913740105002095,139.58896193776425,-80.36360057788144,74.32281203253673,-61.303468941215826,2.1924800867341263,149.3013951325959,183.9837669883144,-14.50722528391698,188.08716289360677,21.196304888430518,-129.16446843738592,-48.09307452968324,133.43862444394762,-20.93768346328421,35.40370040851091,-120.39161049394767,-107.31756329317942,124.56593717898605,-62.45983393392935,145.40727441651535
-14.953345899415352,9.79871928051059,13.354950133970064,-17.648857369346366,-21.57975893738154,4.9530522727115764,-18.11050344764296,35.63333979115674,28.186936066955287,-21.224380273433486,0.11793259512035728,19.427084428490133,2.897687686997626,-22.558481692799752,-22.96591369490474,-39.87091521065566,-0.5073717082312399,-9.55727379401693,1.5708355413569712,18.667699262240493,-6.220843595401028,9.796234595015093,-25.342149379970415,-0.6242058493681435,20.11452222033762,-11.698065179690401,10.644301665804646,-9.051035913479613,0.6627803392737359,21.375643172538933,26.417862690913495,-2.1369861531058127,26.99151654793402,2.7580934825326504,-18.645455910318233,-6.945109917519872,19.08894259204851,-3.1841103150004777,4.960440076986384,-17.46719448974764,-15.49698992819325,17.81117133680443,-8.995404998777632,21.15078901769339
118.88426751790414,-79.66392750555333,-107.55151108302046,140.80203022505674,171.0472616301806,-39.77573800465018,145.38856247838393,-284.2354558717052,-225.4529240830627,169.52561007399672,-0.04238714672136403,-156.37528114972986,-22.558481692799752,180.97764734140713,184.8569318561338,318.9453732360866,4.744561912062755,76.69852538642473,-14.145427434814884,-149.08067891485211,48.041911093274095,-78.69754514577872,203.8788259590476,5.5204123014954645,-161.26686411532395,92.59093867696578,-85.38559232223992,71.17954410496738,-3.3896244054504545,-172.17368224646813,-212.38270036017875,17.132740693399196,-216.760020756578,-24.246779035649723,149.25797958882532,55.72404550956591,-153.94480827028372,24.402082003790365,-40.589971245713485,139.10145159814957,123.71498140698966,-143.41495765788125,71.95602411177082,-168.4527473796516
119.56122442604232,-82.7397344106171,-112.63783435342941,146.05398064906987,175.97540273770238,-40.533249178725356,150.3144538645884,-291.82248563985235,-233.63366667328472,175.20599176637117,2.153237441799485,-160.90977163652138,-22.96591369490474,184.8569318561338,193.22191200125172,329.21856667019017,5.312073133276809,81.64341675889271,-14.141893758794259,-153.76565815704097,48.05110532791137,-81.59187779704757,210.272685293438,6.061568488837846,-165.68822439377212,96.30806807977542,-89.35166374165958,72.36858497782471,-1.1752145053328935,-177.72226077239256,-218.61870903193775,16.37229959187474,-224.4690333126595,-25.080831321684215,153.28988749024975,56.69514312720983,-158.58241068851348,24.748195289313237,-42.47607014397201,143.13270460759614,128.2128316208695,-148.78992602762574,74.67036962548266,-171.91043477210192
208.2813471372012,-141.18654511727118,-191.78109988522834,250.25414691686666,303.27706935907094,-69.9277996613569,257.6767880502565,-502.8281502041131,-400.3812619463782,300.78550272577786,1.4150806883728233,-276.4055091495721,-39.87091521065566,318.9453732360866,329.21856667019017,565.3743082513961,8.458003111325924,137.95249839090363,-24.23488791256263,-264.21587578995616,84.46273990825453,-139.5932716903431,360.84069679935925,9.876280379041098,-285.0584873370645,165.09290815142933,-152.30429277840267,125.70836374034917,-4.826291260401993,-304.77908856413353,-375.5344970363419,29.223789865457043,-384.60022177256553,-42.1934395372463,263.8704933629595,98.0306064460368,-272.1655777399647,43.31077022095968,-72.12813174102969,246.38775624884488,219.83657163999789,-254.46044774415859,127.89170865390426,-297.25965669486385
2.8279453442967335,-2.375205914957376,-3.0724567394163316,3.741402176877268,4.169216454846752,-1.1483544762937465,3.9592693914677795,-7.24785645306929,-6.095471286563535,4.428669878110194,0.33891727924802717,-4.289585297550027,-0.5073717082312399,4.744561912062755,5.312073133276809,8.458003111325924,0.37877494201769607,2.2693893627870523,-0.5688057313713202,-3.910174225641545,0.8642292653356104,-2.212835796869831,5.581925302764482,0.2661007417976624,-4.2968346976485,2.3611645961537597,-2.3813171908952357,1.5669603371670244,0.4639892604160865,-4.768139204172418,-5.7480993047457805,0.3522232147399654,-5.891279778286721,-1.0520178286936404,3.902841855733497,1.4210875803778982,-4.28078564119018,0.41767357367875185,-1.3175393211257753,3.5737634972177723,3.24008913252086,-4.045720963360257,1.9218669564230335,-4.151901002184892
49.0312454250914,-34.68826078780512,-47.70239155801844,61.473771388493944,73.72842147819259,-16.737047065311927,62.97635163669134,-121.81389976475172,-98.1979419614219,73.5297320423847,1.548829495234354,-67.11764701388164,-9.55727379401693,76.69852538642473,81.64341675889271,137.95249839090363,2.2693893627870523,35.06524310043567,-5.604080672554421,-64.3998129930407,19.8054779840329,-34.238336569395656,87.88784772498055,2.594107635758057,-69.10180909536497,40.72970966485457,-37.84998051914227,30.092176518147728,0.07303686945490911,-74.3258235441116,-91.22872121759434,6.38110013528207,-94.23570446243933,-10.245530081130589,63.92320889562169,23.44671608610139,-66.16738074087881,10.37727522254726,-17.89811138128088,59.8775183757476,53.949906388589376,-62.46475988233429,31.431982485769343,-71.46518803782882
-9.212633762888032,6.415105064481945,8.188346121415822,-10.49237528770044,-12.534395070226383,3.194084786172178,-11.193302218332862,21.542014236070127,17.051889110828967,-12.752403727317407,-0.04015468494247779,12.264903831392258,1.5708355413569712,-14.145427434814884,-14.141893758794259,-24.23488791256263,-0.5688057313713202,-5.604080672554421,1.6362918886454163,11.272917173669375,-3.2647227758446347,6.063571584557754,-15.912211497228707,-0.5450432231062776,12.467152914175424,-6.645670921016233,6.408833959492748,-5.136365975437792,-0.08567117926146588,13.463365815094072,16.562144066644176,-1.4628894215572728,16.630150834077213,2.5444608383105782,-11.484945400921559,-4.380750654769687,12.162217104070411,-1.529869471496025,3.32436580195597,-10.436769738348026,-9.234988666640186,11.138182948813332,-5.414951354046969,12.754149584362786
-97.44590238493966,65.92492838600234,89.5556217926223,-116.95565551085842,-141.8052424899256,32.68513644429456,-120.40846758413954,235.05700024782263,187.09231830285614,-140.57052248967184,-0.5866867466451283,129.15015387834669,18.667699262240493,-149.08067891485211,-153.76565815704097,-264.21587578995616,-3.910174225641545,-64.3998129930407,11.272917173669375,123.49656455150912,-39.56376835966929,65.2222274964763,-168.6005451933839,-4.595387329453854,133.2206414161094,-77.17036168558053,71.13736747519373,-58.818050175253745,2.3791119874100266,142.39018195702315,175.49210746758024,-13.692928922290339,179.68927765481268,19.63877185890908,-123.34137995723766,-45.826356563253796,127.1567125670727,-20.279660804955576,33.654872677099256,-115.18056414330434,-102.7302898172595,118.87059839550574,-59.75741744025969,138.97848409894226
32.23592038081024,-20.503040543968563,-27.964986943627128,37.27534392297839,46.03410719378718,-10.481855161367074,38.22493094225866,-75.86077474897624,-59.50964583662034,44.979492804731144,-0.7671078931199187,-41.10265035859061,-6.220843595401028,48.041911093274095,48.05110532791137,84.46273990825453,0.8642292653356104,19.8054779840329,-3.2647227758446347,-39.56376835966929,13.665839578594221,-20.59890107855677,53.557846459987495,1.1744123041517962,-42.682923578551275,24.769188281525143,-22.3321122528337,19.528712163684762,-2.0686269639556327,-45.133470586934514,-55.899015145736215,4.730484246461322,-56.99195102242494,-5.53802031006647,39.59084484910014,14.847384328543928,-40.322361088088996,6.985560127913163,-10.286344786580386,37.12474320489082,32.80869384909299,-37.45287581038803,19.004105098247344,-45.29090035854973
-51.19191265709781,35.020925835714145,47.515280557003976,-61.83018867989146,-74.68921791837606,17.298766384097178,-63.72259195664547,123.97952556772809,98.93483248474986,-74.25084771424459,-0.5951941307077921,68.32580312416638,9.796234595015093,-78.69754514577872,-81.59187779704757,-139.5932716903431,-2.212835796869831,-34.238336569395656,6.063571584557754,65.2222274964763,-20.59890107855677,34.57357860150821,-89.20882798374616,-2.5228525699240465,70.38613112495194,-40.71716109433901,37.70082122131735,-30.831424463076697,0.8041751753426991,75.37157047697146,92.82184614755971,-7.149151593444164,95.05869454969563,10.669768300609379,-65.12385176463718,-24.17436458798545,67.31708777164002,-10.524151454059844,17.92727026532849,-60.758718028461494,-54.28215742040636,63.0121551039636,-31.603591447087158,73.17364431419807
133.06959654986355,-90.43209124237796,-122.43667652926905,159.5772462637811,193.1719843721724,-44.7980668745808,164.62377823395622,-320.8869190708824,-255.50953910079897,191.8802040729124,0.9845616083811494,-176.7433579743271,-25.342149379970415,203.8788259590476,210.272685293438,360.84069679935925,5.581925302764482,87.88784772498055,-15.912211497228707,-168.6005451933839,53.557846459987495,-89.20882798374616,230.69314669895644,6.419019132845792,-182.11641509443575,105.05323705385835,-97.16041807144934,79.9729621483261,-2.7209777473537535,-194.8492133840523,-240.07407481086938,18.77536744089275,-245.59809579502172,-27.545727809349316,168.54495172502135,62.69187344262018,-174.1205303447995,27.314651693553675,-46.229540129252186,157.1413349151647,140.17932878616682,-162.67459210612864,81.59580864220878,-189.63008894750635
3.3730714150236745,-2.649205553631711,-3.5230481894293444,4.3976654026879585,5.0751525470460646,-1.2226853881303126,4.597126833373496,-8.572427208735462,-7.054755156669939,5.228718152666336,0.28773055316280516,-4.913740105002095,-0.6242058493681435,5.5204123014954645,6.061568488837846,9.876280379041098,0.2661007417976624,2.594107635758057,-0.5450432231062776,-4.595387329453854,1.1744123041517962,-2.5228525699240465,6.419019132845792,0.275956840662121,-4.978258714271722,2.81282823236758,-2.757489989472951,1.9790037441716704,0.3062295090677773,-5.4638187412014485,-6.66792317490472,0.4473559791540474,-6.852681188841039,-1.0103706265069652,4.5831842071456075,1.6747246989292557,-4.8744930530630715,0.5970854964793025,-1.4003879396097803,4.214376166790021,3.832128164677197,-4.60491384828212,2.2504503173002997,-4.96116143239256
-105.56691063164872,71.24416694212519,96.45757837924893,-126.01211124143113,-152.8265062199485,35.42006127648307,-129.95415500460766,253.7314794431733,201.71121501622292,-151.57787170550256,-0.40399214370918934,139.58896193776425,20.11452222033762,-161.26686411532395,-165.68822439377212,-285.0584873370645,-4.2968346976485,-69.10180909536497,12.467152914175424,133.2206414161094,-42.682923578551275,70.38613112495194,-182.11641509443575,-4.978258714271722,143.93388921105702,-82.9805587840525,76.57970821730359,-63.43611848599944,2.6190238295931736,153.81438933332663,189.60603313382774,-15.00023007856224,193.85143103045314,21.55093697611055,-133.21121551537905,-49.607650382319775,137.4472971823734,-21.772794000630157,36.3648191081451,-124.2512482474262,-110.70323975315412,128.2930686537558,-64.40358555411494,150.1538396825575
60.32461634550076,-41.017119225422086,-56.17075755589377,73.28107402447775,88.83240922332757,-20.24364355743054,75.13952858380188,-146.72700410476583,-117.08672902025843,87.93784636797992,0.6241632199011595,-80.36360057788144,-11.698065179690401,92.59093867696578,96.30806807977542,165.09290815142933,2.3611645961537597,40.72970966485457,-6.645670921016233,-77.17036168558053,24.769188281525143,-40.71716109433901,105.05323705385835,2.81282823236758,-82.9805587840525,48.604641453659966,-44.670163046212124,36.79162343158693,-1.4338922616653758,-88.70756619511992,-109.25517220288917,8.237794399208484,-112.26761313142038,-11.77676190187384,76.85841106165566,28.428782638676196,-79.10637171884554,12.826464940852917,-20.962013992259493,71.99231965392944,64.37311457389815,-74.21034401561099,37.43505288995811,-86.60076523886994
-55.22258622528776,38.17501071294829,52.12528570954383,-67.60937545909592,-81.54455952595082,18.67577751496108,-69.48114052743526,135.02425072066734,108.10223684292605,-81.10229696599413,-0.9798352151123377,74.32281203253673,10.644301665804646,-85.38559232223992,-89.35166374165958,-152.30429277840267,-2.3813171908952357,-37.84998051914227,6.408833959492748,71.13736747519373,-22.3321122528337,37.70082122131735,-97.16041807144934,-2.757489989472951,76.57970821730359,-44.670163046212124,41.37326834657386,-33.55686112445044,0.6503393958603068,82.1078738094911,100.99523673862515,-7.509242617163765,103.81671137126823,11.38576236964043,-70.86295427766723,-26.186906888587615,73.2283040386367,-11.547843899797142,19.584471873927715,-66.24095455472496,-59.375174910171125,68.76016444565143,-34.5681781848817,79.55039958345272
47.11555219320912,-30.960523045991117,-42.13715448896807,55.55772086051419,67.96837768754001,-15.550417273355592,57.09018426657114,-112.34161030567857,-88.80183846237408,66.90938498832969,-0.39008441964916313,-61.303468941215826,-9.051035913479613,71.17954410496738,72.36858497782471,125.70836374034917,1.5669603371670244,30.092176518147728,-5.136365975437792,-58.818050175253745,19.528712163684762,-30.831424463076697,79.9729621483261,1.9790037441716704,-63.43611848599944,36.79162343158693,-33.55686112445044,28.51057438354432,-2.090662392246702,-67.46715180253642,-83.34413983457885,6.757654843228421,-85.18853461643668,-8.792328508859928,58.803078243789884,21.93366268323435,-60.25920623412329,10.016537711338446,-15.678929769181105,55.01426749921994,48.851885039928824,-56.149107317018604,28.359028955680998,-66.72331800673186
-3.472838184833966,0.4751039549407726,0.6199529047825564,-1.8830986266048388,-3.4733805267617353,0.6808400778192334,-1.8394056061318376,5.349823469010686,2.9630155975201355,-2.5787336823364697,1.3837452658894582,2.1924800867341263,0.6627803392737359,-3.3896244054504545,-1.1752145053328935,-4.826291260401993,0.4639892604160865,0.07303686945490911,-0.08567117926146588,2.3791119874100266,-2.0686269639556327,0.8041751753426991,-2.7209777473537535,0.3062295090677773,2.6190238295931736,-1.4338922616653758,0.6503393958603068,-2.090662392246702,1.9722784221194416,2.1390829474200355,3.0405868348090452,-0.8278587273008963,2.6823517110148414,-0.5745288999256261,-2.573948764682175,-1.1493627615915567,1.9832973710241983,-1.030036483451105,-0.0034159877942728217,-2.5245861548834037,-1.7418685823817817,1.397585420314954,-0.9095806272481489,3.7703951870499592
-112.25582780229344,76.43973314340569,103.49254118560839,-134.80564920808118,-163.07696056745684,37.81930118910206,-139.06584449691675,270.90654351021607,215.8218641670144,-162.0564421480862,-0.9335703087209902,149.3013951325959,21.375643172538933,-172.17368224646813,-177.72226077239256,-304.77908856413353,-4.768139204172418,-74.3258235441116,13.463365815094072,142.39018195702315,-45.133470586934514,75.37157047697146,-194.8492133840523,-5.4638187412014485,153.81438933332663,-88.70756619511992,82.1078738094911,-67.46715180253642,2.1390829474200355,164.62234838692973,202.78118408633273,-15.828528835201837,207.494249872584,23.362543046877683,-142.3194279933884,-52.92341450886505,147.07952902559165,-23.04925851699396,39.106696960095555,-132.6914951030916,-118.40405844605112,137.42892210880802,-68.92070342605832,160.09481668571888
-138.79315790964685,94.05640152990112,127.26207658307435,-166.0405869806106,-201.1217992116382,46.650014268187604,-171.32703519165827,334.0842139161128,265.8008756750424,-199.6696328971912,-0.8283335611073213,183.9837669883144,26.417862690913495,-212.38270036017875,-218.61870903193775,-375.5344970363419,-5.7480993047457805,-91.22872121759434,16.562144066644176,175.49210746758024,-55.899015145736215,92.82184614755971,-240.07407481086938,-6.66792317490472,189.60603313382774,-109.25517220288917,100.99523673862515,-83.34413983457885,3.0405868348090452,202.78118408633273,249.9369205125229,-19.690280321660545,255.53231107050365,28.670961853065474,-175.48950162531534,-65.3288460473606,181.22029187751193,-28.477304545440578,48.03498292637949,-163.5894719517921,-145.84455776373608,169.20844381573787,-84.87626801542848,197.54066684615248
11.70811322930123,-7.222077233344468,-9.450921447591307,12.715973343210143,15.761549962674106,-3.7898054408439164,13.301756696046748,-26.412578764564117,-20.414256895982923,15.466677408439967,-0.5309166891387912,-14.50722528391698,-2.1369861531058127,17.132740693399196,16.37229959187474,29.223789865457043,0.3522232147399654,6.38110013528207,-1.4628894215572728,-13.692928922290339,4.730484246461322,-7.149151593444164,18.77536744089275,0.4473559791540474,-15.00023007856224,8.237794399208484,-7.509242617163765,6.757654843228421,-0.8278587273008963,-15.828528835201837,-19.690280321660545,1.9362086938103504,-19.704261864114788,-2.3149275536267724,13.897425713941983,5.32724849231501,-14.24325568223864,2.299274070431726,-3.595399125222303,12.842176804676948,11.184565436422568,-12.988671222620617,6.484174180844254,-15.911765356822798
-141.1249390928424,96.29471609416144,130.79623647421417,-170.2974334915053,-206.0132339523667,47.495642194076645,-175.40367350558023,341.70801974041984,272.48569825533485,-204.61669142434133,-1.4090535343062258,188.08716289360677,26.99151654793402,-216.760020756578,-224.4690333126595,-384.60022177256553,-5.891279778286721,-94.23570446243933,16.630150834077213,179.68927765481268,-56.99195102242494,95.05869454969563,-245.59809579502172,-6.852681188841039,193.85143103045314,-112.26761313142038,103.81671137126823,-85.18853461643668,2.6823517110148414,207.494249872584,255.53231107050365,-19.704261864114788,261.8597550968258,29.013513489219577,-179.40936488043718,-66.58985070796167,185.2629031056543,-29.254332638256564,49.265190110472155,-167.4545459312078,-149.58815628865884,173.3337172021658,-87.05601583546655,201.82628309069068
-15.470403306904899,11.168909863972328,14.536048452192565,-18.505427748390417,-21.839564192905687,5.464569069472286,-19.54173606101277,37.202460591643266,29.862717176927926,-22.27237400859222,-0.4601186389260297,21.196304888430518,2.7580934825326504,-24.246779035649723,-25.080831321684215,-42.1934395372463,-1.0520178286936404,-10.245530081130589,2.5444608383105782,19.63877185890908,-5.53802031006647,10.669768300609379,-27.545727809349316,-1.0103706265069652,21.55093697611055,-11.77676190187384,11.38576236964043,-8.792328508859928,-0.5745288999256261,23.362543046877683,28.670961853065474,-2.3149275536267724,29.013513489219577,4.345050581576378,-19.818295397397552,-7.4566522923008325,20.998781898060336,-2.6529946603816015,5.817748846654098,-18.137624170746683,-16.213626095265663,19.49484663770006,-9.505851250446785,21.876350775908783
97.79278189121433,-65.88483050147889,-89.23007477468116,116.65260544088515,141.56387904890738,-32.7634769857324,120.27806982621907,-234.95345762501157,-186.709793627641,140.3228915155838,0.3211615158627294,-129.16446843738592,-18.645455910318233,149.25797958882532,153.28988749024975,263.8704933629595,3.902841855733497,63.92320889562169,-11.484945400921559,-123.34137995723766,39.59084484910014,-65.12385176463718,168.54495172502135,4.5831842071456075,-133.21121551537905,76.85841106165566,-70.86295427766723,58.803078243789884,-2.573948764682175,-142.3194279933884,-175.48950162531534,13.897425713941983,-179.40936488043718,-19.818295397397552,123.33898395460201,45.92272257892992,-127.18206452310228,20.195022616605396,-33.5992863850036,115.05029754328477,102.48083669311598,-118.70408890723834,59.61503846216717,-139.0263227255253
36.69859680331675,-24.46263727730206,-32.98256084312146,43.23785511433026,52.61824691078545,-12.250384353224815,44.68367121167556,-87.47282414661846,-69.24279152658644,52.09621504098555,-0.1251700531226273,-48.09307452968324,-6.945109917519872,55.72404550956591,56.69514312720983,98.0306064460368,1.4210875803778982,23.44671608610139,-4.380750654769687,-45.826356563253796,14.847384328543928,-24.17436458798545,62.69187344262018,1.6747246989292557,-49.607650382319775,28.428782638676196,-26.186906888587615,21.93366268323435,-1.1493627615915567,-52.92341450886505,-65.3288460473606,5.32724849231501,-66.58985070796167,-7.4566522923008325,45.92272257892992,17.191229406088706,-47.347301889431414,7.497462873007984,-12.437389570390797,42.771988532551,38.012914621708866,-44.058913374947394,22.107461804491468,-51.873080012115786
-100.49991270889922,68.30402258774572,92.31296800951938,-120.29588311610853,-145.57250127896683,33.869536833981904,-124.21086201721592,242.03841511548458,192.67547090392245,-144.67264347923395,-0.7126246902338501,133.43862444394762,19.08894259204851,-153.94480827028372,-158.58241068851348,-272.1655777399647,-4.28078564119018,-66.16738074087881,12.162217104070411,127.1567125670727,-40.322361088088996,67.31708777164002,-174.1205303447995,-4.8744930530630715,137.4472971823734,-79.10637171884554,73.2283040386367,-60.25920623412329,1.9832973710241983,147.07952902559165,181.22029187751193,-14.24325568223864,185.2629031056543,20.998781898060336,-127.18206452310228,-47.347301889431414,131.47716394516735,-20.51332616068352,34.930836607865714,-118.50000281155289,-105.66692868913415,122.75596852475594,-61.51703521343458,143.0556266610745
16.24859855154929,-10.456493341017223,-14.443692741726789,19.193376093457275,23.6581573630407,-5.260489111022879,19.547211061121235,-38.75923302772032,-30.577774833151423,23.107974237715037,-0.2716263066506319,-20.93768346328421,-3.1841103150004777,24.402082003790365,24.748195289313237,43.31077022095968,0.41767357367875185,10.37727522254726,-1.529869471496025,-20.279660804955576,6.985560127913163,-10.524151454059844,27.314651693553675,0.5970854964793025,-21.772794000630157,12.826464940852917,-11.547843899797142,10.016537711338446,-1.030036483451105,-23.04925851699396,-28.477304545440578,2.299274070431726,-29.254332638256564,-2.6529946603816015,20.195022616605396,7.497462873007984,-20.51332616068352,3.6899844748802475,-5.272660221614381,19.032653613319393,16.88563772826252,-19.13982418601701,9.76880710527959,-23.12823687100617
-26.141460008316372,18.31126398057059,24.744571742317827,-31.934225619337557,-38.29383131565551,8.965663421775218,-32.989682673941395,63.8130816537112,51.20009541325434,-38.3136599234206,-0.5875078457890006,35.40370040851091,4.960440076986384,-40.589971245713485,-42.47607014397201,-72.12813174102969,-1.3175393211257753,-17.89811138128088,3.32436580195597,33.654872677099256,-10.286344786580386,17.92727026532849,-46.229540129252186,-1.4003879396097803,36.3648191081451,-20.962013992259493,19.584471873927715,-15.678929769181105,-0.0034159877942728217,39.106696960095555,48.03498292637949,-3.595399125222303,49.265190110472155,5.817748846654098,-33.5992863850036,-12.437389570390797,34.930836607865714,-5.272660221614381,9.465272566457983,-31.287650588489665,-28.020284518980837,32.72377908953959,-16.341360711509754,37.55191898945529
91.12056313742342,-61.34490624108514,-83.3558513255325,109.03365405312633,132.3861641710432,-30.50107991460041,112.21219543497327,-219.35499215510396,-174.4081997707587,131.08588144138076,0.3282861502253831,-120.39161049394767,-17.46719448974764,139.10145159814957,143.13270460759614,246.38775624884488,3.5737634972177723,59.8775183757476,-10.436769738348026,-115.18056414330434,37.12474320489082,-60.758718028461494,157.1413349151647,4.214376166790021,-124.2512482474262,71.99231965392944,-66.24095455472496,55.01426749921994,-2.5245861548834037,-132.6914951030916,-163.5894719517921,12.842176804676948,-167.4545459312078,-18.137624170746683,115.05029754328477,42.771988532551,-118.50000281155289,19.032653613319393,-31.287650588489665,107.48304304151665,95.78307163514008,-110.71810668562581,55.69817611536213,-129.79287308619953
80.60321030247296,-54.84478545225351,-74.7470257551162,97.42862268957265,118.01956188467695,-27.059057175211805,100.17633466104155,-195.3972480132874,-155.77589523471036,117.03242650741365,0.7413530701731015,-107.31756329317942,-15.49698992819325,123.71498140698966,128.2128316208695,219.83657163999789,3.24008913252086,53.949906388589376,-9.234988666640186,-102.7302898172595,32.80869384909299,-54.28215742040636,140.17932878616682,3.832128164677197,-110.70323975315412,64.37311457389815,-59.375174910171125,48.851885039928824,-1.7418685823817817,-118.40405844605112,-145.84455776373608,11.184565436422568,-149.58815628865884,-16.213626095265663,102.48083669311598,38.012914621708866,-105.66692868913415,16.88563772826252,-28.020284518980837,95.78307163514008,85.60186115357612,-98.9549467205546,49.79632884251791,-115.42694978300598
-93.22248075263938,63.8933448774404,86.67380625560925,-112.67899218195362,-136.08498666736293,31.515310593609403,-116.16117139956798,225.97246193070416,180.36884751090096,-135.35459551897281,-1.140546194356717,124.56593717898605,17.81117133680443,-143.41495765788125,-148.78992602762574,-254.46044774415859,-4.045720963360257,-62.46475988233429,11.138182948813332,118.87059839550574,-37.45287581038803,63.0121551039636,-162.67459210612864,-4.60491384828212,128.2930686537558,-74.21034401561099,68.76016444565143,-56.149107317018604,1.397585420314954,137.42892210880802,169.20844381573787,-12.988671222620617,173.3337172021658,19.49484663770006,-118.70408890723834,-44.058913374947394,122.75596852475594,-19.13982418601701,32.72377908953959,-110.71810668562581,-98.9549467205546,114.90840775225492,-57.62353138154919,133.32921277834453
46.82760049007788,-31.95878166460383,-43.53034462718176,56.6802245796899,68.59499202023821,-15.754687439488526,58.303567041965245,-113.63287433703815,-90.6492967511319,68.07754903598239,0.4996682983735052,-62.45983393392935,-8.995404998777632,71.95602411177082,74.67036962548266,127.89170865390426,1.9218669564230335,31.431982485769343,-5.414951354046969,-59.75741744025969,19.004105098247344,-31.603591447087158,81.59580864220878,2.2504503173002997,-64.40358555411494,37.43505288995811,-34.5681781848817,28.359028955680998,-0.9095806272481489,-68.92070342605832,-84.87626801542848,6.484174180844254,-87.05601583546655,-9.505851250446785,59.61503846216717,22.107461804491468,-61.51703521343458,9.76880710527959,-16.341360711509754,55.69817611536213,49.79632884251791,-57.62353138154919,28.97748099226838,-67.08408122587406
-110.88613090128351,73.84647876421013,100.08776561032309,-131.30895528626772,-159.91845285625823,36.90918295602571,-135.29310286609038,265.1280859448457,210.0943233483119,-158.1144735432803,0.32484607827636275,145.40727441651535,21.15078901769339,-168.4527473796516,-171.91043477210192,-297.25965669486385,-4.151901002184892,-71.46518803782882,12.754149584362786,138.97848409894226,-45.29090035854973,73.17364431419807,-189.63008894750635,-4.96116143239256,150.1538396825575,-86.60076523886994,79.55039958345272,-66.72331800673186,3.7703951870499592,160.09481668571888,197.54066684615248,-15.911765356822798,201.82628309069068,21.876350775908783,-139.0263227255253,-51.873080012115786,143.0556266610745,-23.12823687100617,37.55191898945529,-129.79287308619953,-115.42694978300598,133.32921277834453,-67.08408122587406,157.26878133056906
