V1,V2,V3,V4,V5,V6,V7,V8,V9,V10,V11,V12,V13,V14,V15,V16,V17,V18,V19,V20,V21,V22,V23,V24,V25,V26,V27,V28,V29,V30,V31,V32,V33,V34,V35,V36,V37,V38,V39,V40,V41,V42,V43,V44
0.4852686705991571,-0.4494111255643196,-0.11002405021782449,0.8002457328777223,0.060714146197103525,-0.26956325435704975,0.01338560612122436,-0.23050625143168493,-0.1319766351385016,0.4287591123632384,0.014383185050745796,0.3167920133426795,0.46883071481505667,0.09244850539944124,0.20288734288993474,-0.1418736189054469,0.07785486792360795,0.3211122481855223,-0.2729782149062252,-0.29067904364833974,1.318033245309159,0.17664141336027644,0.4431966191451426,-0.08238098136793366,-0.048713212169296326,0.2593743540161384,-0.38195495872240204,0.06245364555821246,0.17915445768776467,0.05386162543357964,-0.1752890706594555,-0.7149896731576987,-0.3254106234745313,0.09483672503979129,-0.4627671453743519,-0.09561275562796462,-0.2390032026052399,-0.3507191369825119,0.5852325769969653,0.040555556150162014,0.34470123100774097,0.4719747780031464,-0.2433048955966512,-0.07140224219207142
-0.4494111255643196,1.3280876395880892,0.08269931059453126,-0.41819742080092803,-0.9937682089956941,0.03565436738088243,0.3892736519623879,0.20002888129756774,0.6518300388292615,-0.4422287347311894,0.145298193537903,-0.2455158789745009,-0.8593695932045678,0.1582960132542486,-0.1718426506613269,0.0373531225707898,0.052568974353112786,-1.2914135567423557,0.6125413021434248,1.1015746416607668,-1.3047998003225694,-0.3273455317440801,-0.6137499324259873,0.005139454908988468,-0.11310438806339417,-0.7155197842711251,0.5057931762568503,-0.3880717057780303,-0.19683765904432207,-0.16133598137690178,0.6112684083470553,0.4865878999947169,0.7294186355304425,0.2544351296416657,0.9563469148770264,-0.6450601038160981,0.10281495349566765,0.6383867866387073,-0.16975818531081258,-0.11318905045391255,-0.6361259240017575,-1.1591780578109532,0.018953958578489742,0.14162296832250149
-0.11002405021782449,0.08269931059453126,0.14312089467018146,-0.4062685584930031,0.14981733199889585,0.053106501578822636,-0.013953021394191242,0.11803794772686162,-0.107370338834254,-0.25563378002571857,0.00965573805339404,0.0631207191405486,-0.1241283064562719,-0.029217643793073168,-0.2002197954839374,0.031543829409821214,-0.11127581915445263,0.19735002002351512,0.0025768723399005734,-0.027384981109080764,-0.30086490686886175,0.027804455740510558,-0.19937638456088505,-0.14248030228576977,0.12047003434138126,-0.17101603452488895,0.1602873579771715,-0.08255764799352647,-0.24625971563446186,-0.03729055659802809,0.12177052040336504,0.14642007442660368,0.16351897052596356,0.005872646921982859,0.2163587920131911,0.10302265334577211,-0.013150900468343267,0.06709628736817244,0.19763763895192613,-0.023766101709950565,0.1015397938927811,-0.20469695961980525,0.04435595824835743,-0.06112355688092687
0.8002457328777223,-0.41819742080092803,-0.4062685584930031,3.1782765025909443,-0.7608949237038816,-1.3992701363534137,0.5169023032913395,-0.9132401390185191,0.5193505236934222,1.2563509294404756,-0.3140063513809453,0.7842031589984464,1.2749253376137506,0.0740378520710573,1.5135140660517572,-1.1061116659017016,0.31311615124057546,0.0612463147216928,-0.02924494718663058,-0.3286719365689662,2.1004371790831557,0.5415068626478552,0.42090298218146815,0.21602560284950056,-1.0412173147272874,0.055206724323282934,-0.5310424083828494,0.8619682308886684,0.44285917273874315,0.9490969644760886,-0.7374177882424934,-2.1887580928568604,-0.6754272296640217,0.18821688503165565,-0.8333220376507948,-0.31992592875269,-0.8213292364274664,-0.21296131672973617,0.8850700269227285,0.019725942205324764,0.08714282856860313,0.9218415462088019,-0.163837559064206,-0.34909492196123004
0.060714146197103525,-0.9937682089956941,0.14981733199889585,-0.7608949237038816,1.527131058217169,0.3226546768136044,-0.3911084325981511,0.08333504702333557,-0.7870497177734587,-0.572659699327823,-0.31839551951715467,0.1387706322382703,0.4351012041178942,-0.35805938464121007,-0.6705431156252619,0.20769137125208703,-0.27797860877079683,1.2899002472953922,-0.571929124935002,-1.0050934225664971,0.4570324956579668,0.15530155697519324,0.03703043298619208,-0.45967808859304365,0.792468757852293,0.5930795421442598,0.03981884375212156,-0.0803184646858423,-0.3994118827867605,0.1338243260853489,-0.030251658730214567,0.13069885838753179,-0.23294939351905009,-0.10534080873379931,-0.3102817089280451,1.056297450901392,-0.02013846784075552,-0.28710067944398815,0.5351833911688203,-0.04826981737377482,0.823701469584234,0.8785681500425473,0.29221859557096097,-0.1752583156750485
-0.26956325435704975,0.03565436738088243,0.053106501578822636,-1.3992701363534137,0.3226546768136044,1.1287087874062534,-0.45554242327215394,0.3671947540454741,-0.11384613867333296,-0.512637930449476,0.22909939343202407,-0.7821413986099731,-0.5746015147789808,0.08949833982280046,-0.7301862053478475,0.8587236018668648,0.06649310144241108,-0.598525001519258,-0.09166813199470342,0.2567391825744004,-0.6635794348365119,-0.6246606441239998,0.34782059327283843,0.2711414138254422,0.5560334113106089,0.6835807392694456,0.02588577447561148,-0.3611768738089742,0.4866729279958289,-0.5730086519694807,0.3436753345291623,1.5215774806017839,0.04214202761725874,-0.1388163384240262,0.08080714208812612,0.070459985767385,0.7044923518194351,-0.056541212737515535,-1.30228606276599,0.01328537129132958,-0.46289062830597255,-0.14221759373540113,0.158025722901762,0.3524081218496077
0.01338560612122436,0.3892736519623879,-0.013953021394191242,0.5169023032913395,-0.3911084325981511,-0.45554242327215394,0.36099999054708753,-0.1352673430187748,0.22543063282317946,-0.03301444760802689,-0.16323581385647104,0.22989432076977495,-0.03821457915523684,-0.03239012121582576,0.12429395637517214,-0.3328364406220284,-0.04357339964520482,-0.25077412867693394,0.20624608857117743,0.2538409281286925,-0.03688834138937305,0.19159819887000587,-0.34922705661072356,-0.2447982874619278,-0.10872852203580725,-0.4021049272664311,0.18580920087038438,-0.08653480957557043,-0.2993462824130014,0.17543634546335587,0.1388134179749108,-0.5799047746153178,0.24310924413065307,0.21257790116524541,0.29786676505140985,-0.17892580603583344,-0.30814843600403646,0.2971440571888976,0.6631004127293906,-0.05055601028626291,0.08676096202828891,-0.19593228833317425,-0.01861279749701212,-0.10215992752566422
-0.23050625143168493,0.20002888129756774,0.11803794772686162,-0.9132401390185191,0.08333504702333557,0.3671947540454741,-0.1352673430187748,0.34472900596025524,-0.12253515317802163,-0.19784777845608167,0.18465700749673797,-0.2576700595414262,-0.44735629115978626,-0.0016071837870223085,-0.369031727453901,0.317160859430151,-0.08019761965326812,-0.025445794048745835,0.06361279669936375,0.19114301501186107,-0.7271617924442179,-0.12327105990843926,-0.12051712366489946,-0.020415630894767615,0.19850308683334988,-0.16343623601678323,0.09887490962376724,-0.25303324176929115,-0.12739414593021098,-0.39268934226407004,0.17658980919139805,0.533342812181474,0.24907248657422976,-0.09343355002116427,0.235373005697887,-0.020980151092087045,0.25821501543260766,0.09201697142005387,-0.28740814225590344,0.02365086855434815,-0.027221905036470786,-0.45942126812180867,-0.05448769015080512,0.13803357518312395
-0.1319766351385016,0.6518300388292615,-0.107370338834254,0.5193505236934222,-0.7870497177734587,-0.11384613867333296,0.22543063282317946,-0.12253515317802163,0.675299122944858,0.07333543941330113,0.099001291790301,-0.11589645551290938,-0.12666137156677473,0.17564763469756475,0.3970465918399047,-0.14615258621773766,0.257748517708786,-0.9510130106601,0.3524269405561255,0.5744004934206793,-0.25835721927447486,-0.3343760987644411,-0.07593063537537961,0.3871217139153257,-0.44312589805153924,-0.17194417385230218,0.10837080339870972,0.17248220589868613,0.31557331204076006,0.25598735970785685,0.117104948101394,0.1486206138079544,0.10499882998659928,0.11813799975991017,0.23171778153906028,-0.4628922872960945,0.05684974742711724,0.21175625032083786,-0.5079391218359042,-0.09626901608582847,-0.7056123487523392,-0.36511996595608703,0.07298458952248293,0.056749022732209595
0.4287591123632384,-0.4422287347311894,-0.25563378002571857,1.2563509294404756,-0.572659699327823,-0.512637930449476,-0.03301444760802689,-0.19784777845608167,0.07333543941330113,1.4261345942567438,0.3412804468924115,0.2079669317136411,0.5240830444222456,0.20646558858704284,1.1056674581127337,-0.33738240533424724,0.2238462795670862,0.3932590116377805,-0.04600125262228678,-0.21077494232912958,0.8727771275879957,0.29951336347398083,0.6267322689487954,0.5577585057905374,-0.9250228230410071,-0.13799613382235587,-0.727970787149311,0.6091639461259831,0.540256807514491,-0.02933890337302338,-0.8268859684731269,-0.8844268055228336,-0.5694996271015811,-0.284281763455269,-0.8339710694014335,-0.4808206127715225,-0.090634906893617,-0.47433977360234414,-0.3441936971966539,0.22739661933704847,-0.07247449818103935,0.15686869091321284,-0.5116538420245043,0.03272026835431004
0.014383185050745796,0.145298193537903,0.00965573805339404,-0.3140063513809453,-0.31839551951715467,0.22909939343202407,-0.16323581385647104,0.18465700749673797,0.099001291790301,0.3412804468924115,0.5172437142260663,-0.04324019376286667,-0.14761779362532193,0.3008105592362649,0.16030913808362104,0.2118159882962775,0.16156400793539874,-0.05934815320325207,0.013300662962094808,0.1869324215061151,0.10343012407211874,-0.28295186692584184,0.3181845159967791,0.38279517241694255,-0.27955287435711074,-0.15435558165445085,-0.2564950063451926,0.044862064641924514,0.28861198349228734,-0.25655311654778373,-0.046264202088360296,0.4267422179587747,-0.07207088015250403,-0.09710447110934513,-0.08615271376890599,-0.46409430241046856,0.2601559750836612,-0.3211005778633354,-0.4851014522006354,0.04301130873083953,-0.3127360198467307,-0.43661119316922753,-0.3228833855142819,0.1369123292985364
0.3167920133426795,-0.2455158789745009,0.0631207191405486,0.7842031589984464,0.1387706322382703,-0.7821413986099731,0.22989432076977495,-0.2576700595414262,-0.11589645551290938,0.2079669317136411,-0.04324019376286667,0.9089171881971803,0.6312052019966048,0.0163647474423995,0.36576431329988224,-0.5964496729305384,-0.07966045442186732,0.9741441767541172,-0.16880793017546458,-0.5088816773039819,1.1349638098969452,0.3901939152669596,-0.15511877362365226,-0.32597740802584285,-0.23788249971812012,-0.4830644489824575,-0.07137702057160153,0.2263007787422603,-0.5301357923000285,0.5399425188791303,-0.15621193355276455,-1.0562193680585845,-0.1206890469028665,0.1883980590168098,-0.09232311944058863,0.0317952440820275,-0.5773131310682577,-0.28768477677571136,1.460513645742847,-0.07970119915067586,0.5990108317877874,0.22720941224453547,-0.20519209075223102,-0.3772611309364148
0.46883071481505667,-0.8593695932045678,-0.1241283064562719,1.2749253376137506,0.4351012041178942,-0.5746015147789808,-0.03821457915523684,-0.44735629115978626,-0.12666137156677473,0.5240830444222456,-0.14761779362532193,0.6312052019966048,1.10039341549172,-0.049524219698903006,0.6842302502117639,-0.5196059908833318,0.0819733416684697,1.0077110928483641,-0.3799699044895702,-0.8796436033701922,1.5554113923496655,0.27652179947718375,0.3667008321814752,0.08995854517723026,-0.35667250742173434,0.27985840447829885,-0.37660879254533797,0.6409172005827642,0.10919143616877053,0.717088226474474,-0.5747664649318168,-0.9483868986035868,-0.6514723284793386,-0.04624809398856025,-0.75588980356582125,0.35415030769690287,-0.40375971354485185,-0.518350216019401,0.5821094351805274,-0.015251987145469131,0.3693525216377408,0.9561976984198567,0.002620777100471732,-0.32808192490729526
0.09244850539944124,0.1582960132542486,-0.029217643793073168,0.0740378520710573,-0.35805938464121007,0.08949833982280046,-0.03239012121582576,-0.0016071837870223085,0.17564763469756475,0.20646558858704284,0.3008105592362649,0.0163647474423995,-0.049524219698903006,0.26551362320675953,0.1486238698232511,0.09617307370649027,0.1647957411118772,-0.27583077479375695,0.014754780303796637,0.20967552014132007,0.33392171556152894,-0.22619993531089902,0.274683553915106,0.25376528665332604,-0.2045148087804652,-0.004263848819883555,-0.17212177799030945,0.023276386341518074,0.2961304099821676,-0.09187000200781167,0.03136782362452967,0.2126067311768241,-0.07706640526109167,0.034134694722882226,-0.04092299879150832,-0.41713658774723267,0.10632657683287738,-0.21456728415730816,-0.24200622755929926,0.007085938963002986,-0.2914751359865675,-0.20731984243094567,-0.20103246492490306,0.07707044699513435
0.20288734288993474,-0.1718426506613269,-0.2002197954839374,1.5135140660517572,-0.6705431156252619,-0.7301862053478475,0.12429395637517214,-0.369031727453901,0.3970465918399047,1.1056674581127337,0.16030913808362104,0.36576431329988224,0.6842302502117639,0.1486238698232511,1.3656381881924773,-0.6522994641914962,0.23904113011375663,0.27053196377785843,0.13471757627873476,-0.2140560083480432,0.4934012828307379,0.21285471272134235,0.2441889828375075,0.6579667918421073,-1.160957629635537,-0.32316282845803623,-0.39169893479918616,0.9232688943119832,0.40930914826034437,0.552053694158615,-0.8085184581396817,-0.7799484306812576,-0.5050353640762859,-0.2309343879615709,-0.5693173593039165,-0.31784330794169263,-0.22267022052183583,-0.27069127084646366,-0.39978842554161553,0.09748305613437783,-0.39106199382093404,0.13534862996106492,-0.16605498482330022,-0.16524887405616803
-0.1418736189054469,0.0373531225707898,0.031543829409821214,-1.1061116659017016,0.20769137125208703,0.8587236018668648,-0.3328364406220284,0.317160859430151,-0.14615258621773766,-0.33738240533424724,0.2118159882962775,-0.5964496729305384,-0.5196059908833318,0.09617307370649027,-0.6522994641914962,0.7113439321428969,0.041707091188711874,-0.48097472750568077,-0.09067142652588578,0.2628746664447898,-0.39659578365604403,-0.4349588785709506,0.3095552355645247,0.11971543777980594,0.49672277955379357,0.5021850703983105,-0.03425404534870894,-0.41077870795178517,0.34627267557531044,-0.5913178344252682,0.31342036243803106,1.073661271963813,0.07388217948567712,-0.07150836074166535,0.06524699231462797,-0.04380123649877936,0.5253600283187474,-0.06041699049802374,-0.8410797222041926,0.03394794853200663,-0.24625348971496713,-0.15470398093783932,0.009482314537015103,0.314179707537731
0.07785486792360795,0.052568974353112786,-0.11127581915445263,0.31311615124057546,-0.27797860877079683,0.06649310144241108,-0.04357339964520482,-0.08019761965326812,0.257748517708786,0.2238462795670862,0.16156400793539874,-0.07966045442186732,0.0819733416684697,0.1647957411118772,0.23904113011375663,0.041707091188711874,0.22686951145702666,-0.3673808403017388,0.022149321023167908,0.13805262029819687,0.3430705027336469,-0.2553037348709688,0.2885129974970344,0.33907677618319154,-0.23403218420718677,0.18018987955903087,-0.1723009092825688,0.15489994305471835,0.4092193062563395,0.0742038036712807,-0.051248806941540305,0.15449649986039765,-0.1736421415810964,0.004551960383695522,-0.1689492613607391,-0.2578968540562452,0.11995418690604645,-0.1650441015720135,-0.4541336908477449,-0.026892174305484854,-0.35572492062692995,0.04579331826417674,-0.05461240690888945,0.08250260732699449
0.3211122481855223,-1.2914135567423557,0.19735002002351512,0.0612463147216928,1.2899002472953922,-0.598525001519258,-0.25077412867693394,-0.025445794048745835,-0.9510130106601,0.3932590116377805,-0.05934815320325207,0.9741441767541172,1.0077110928483641,-0.27583077479375695,0.27053196377785843,-0.48097472750568077,-0.3673808403017388,2.596550880122464,-0.604182524966719,-1.5148734673744237,1.0377690480159625,0.7752905082465503,-0.028948076651015512,-0.41109101527837216,-0.046351201412605084,-0.3224008671664804,-0.29304866629028165,0.47983586061648087,-0.7976239700978218,0.40476031825559516,-0.710395146830781,-1.043364713994447,-0.4634806435150905,-0.27900447971009096,-0.6534589203460727,0.848490340050177,-0.4865709899322619,-0.6640002571940147,1.4022802763220574,0.08016486509799918,1.275214593680363,0.7059200924304773,-0.19096311561091842,-0.4832393424749359
-0.2729782149062252,0.6125413021434248,0.0025768723399005734,-0.02924494718663058,-0.571929124935002,-0.09166813199470342,0.20624608857117743,0.06361279669936375,0.3524269405561255,-0.04600125262228678,0.013300662962094808,-0.16880793017546458,-0.3799699044895702,0.014754780303796637,0.13471757627873476,-0.09067142652588578,0.022149321023167908,-0.604182524966719,0.37636272461337794,0.504739918433102,-0.884388646374023,-0.05614782374905316,-0.35414215568261986,0.1056839036486533,-0.24114154432572393,-0.41582924659172943,0.23867726555516855,-0.020847508734584522,-0.06166915571417499,-0.025023506252650176,0.11292100754831877,0.1336868721521585,0.3058773217928806,0.022116089342126003,0.3934705799447265,-0.2728351025802195,0.04280419691987346,0.37903251681856986,-0.30206073827893193,-0.01534665375657863,-0.378338524329977,-0.5395719768927426,0.051155312298665635,0.06396910513698983
-0.29067904364833974,1.1015746416607668,-0.027384981109080764,-0.3286719365689662,-1.0050934225664971,0.2567391825744004,0.2538409281286925,0.19114301501186107,0.5744004934206793,-0.21077494232912958,0.1869324215061151,-0.5088816773039819,-0.8796436033701922,0.20967552014132007,-0.2140560083480432,0.2628746664447898,0.13805262029819687,-1.5148734673744237,0.504739918433102,1.1381625388973446,-1.0341707354095178,-0.37590507881987373,-0.22324869727050442,0.12773258547736185,-0.03789114959942689,-0.2982541022132184,0.26052669367515335,-0.44981815756439625,0.1958861469087191,-0.4420511199170679,0.5249118062183663,0.56382384568773,0.550238644549805,0.18379544437572468,0.6603177889872578,-0.7220368221721764,0.25286291222156726,0.5204640295835349,-0.5729266446147705,-0.022860589490382194,-0.6910564015419354,-0.9417912445395793,-0.062062620009597495,0.3015391626834299
1.318033245309159,-1.3047998003225694,-0.30086490686886175,2.1004371790831557,0.4570324956579668,-0.6635794348365119,-0.03688834138937305,-0.7271617924442179,-0.25835721927447486,0.8727771275879957,0.10343012407211874,1.1349638098969452,1.5554113923496655,0.33392171556152894,0.4934012828307379,-0.39659578365604403,0.3430705027336469,1.0377690480159625,-0.884388646374023,-1.0341707354095178,4.254027711340386,0.1406556998748533,1.2715216009651984,-0.1410758482475982,-0.04784984540643776,0.846849251388878,-1.0053812778008058,0.27208748004419253,0.45836416900624205,0.598997143365174,-0.31854108741577036,-1.6516539867236963,-1.0425756365093648,0.4095627494320173,-1.2482097334930031,-0.18412505510225605,-0.6260126915452113,-1.2708665948736326,1.7588303940203982,-0.08484801211755724,0.8768672084969977,1.5653543385472848,-0.5778687416507624,-0.29189437959535247
0.17664141336027644,-0.3273455317440801,0.027804455740510558,0.5415068626478552,0.15530155697519324,-0.6246606441239998,0.19159819887000587,-0.12327105990843926,-0.3343760987644411,0.29951336347398083,-0.28295186692584184,0.3901939152669596,0.27652179947718375,-0.22619993531089902,0.21285471272134235,-0.4349588785709506,-0.2553037348709688,0.7752905082465503,-0.05614782374905316,-0.37590507881987373,0.1406556998748533,0.6928326902911085,-0.2609479257038019,-0.42430710238320496,-0.08432129242287678,-0.35792314534525044,-0.021997813979329272,0.08072254637817805,-0.490442339465728,0.06332574700659076,-0.311866207948657,-1.0630586913237554,0.0019409468562411813,-0.03819114059609961,-0.12692707662780114,0.24375906153807925,-0.45170766367607657,0.1057458443798743,0.9538060136760929,0.1097307667408257,0.6719206678200936,0.20161890589952502,-0.09855535047529278,-0.2081814364267677
0.4431966191451426,-0.6137499324259873,-0.19937638456088505,0.42090298218146815,0.03703043298619208,0.34782059327283843,-0.34922705661072356,-0.12051712366489946,-0.07593063537537961,0.6267322689487954,0.3181845159967791,-0.15511877362365226,0.3667008321814752,0.274683553915106,0.2441889828375075,0.3095552355645247,0.2885129974970344,-0.028948076651015512,-0.35414215568261986,-0.22324869727050442,1.2715216009651984,-0.2609479257038019,0.9984122419676364,0.48442984934886146,-0.1210511983310137,0.7876998364503006,-0.6547385249182699,0.19443072912833495,0.8717409119706412,-0.20232618722160253,-0.2998550730384767,0.14605682736560946,-0.6197271214189597,-0.12708094187757726,-0.7797185856936985,-0.23510942369891127,0.2638797287757595,-0.6409738460220427,-0.6938027175369808,0.10710888821485164,-0.19097276920553433,0.528350005826187,-0.2572701456780456,0.17471695532682874
-0.08238098136793366,0.005139454908988468,-0.14248030228576977,0.21602560284950056,-0.45967808859304365,0.2711414138254422,-0.2447982874619278,-0.020415630894767615,0.3871217139153257,0.5577585057905374,0.38279517241694255,-0.32597740802584285,0.08995854517723026,0.25376528665332604,0.6579667918421073,0.11971543777980594,0.33907677618319154,-0.41109101527837216,0.1056839036486533,0.12773258547736185,-0.1410758482475982,-0.42430710238320496,0.48442984934886146,0.8980560344646873,-0.6609101088627434,0.22331888689416093,-0.3046054933799132,0.5598209024754555,0.8120025073079048,0.07153336819076711,-0.3914125418213376,0.6441336706073286,-0.3869085282630525,-0.2948974075192814,-0.3777611112258455,-0.32820978426245406,0.4147199224811313,-0.2862786922010193,-1.5306984744756562,0.05690504915985049,-0.8645966264541363,-0.08570241101311486,-0.016292442307992754,0.16153581206127002
-0.048713212169296326,-0.11310438806339417,0.12047003434138126,-1.0412173147272874,0.792468757852293,0.5560334113106089,-0.10872852203580725,0.19850308683334988,-0.44312589805153924,-0.9250228230410071,-0.27955287435711074,-0.23788249971812012,-0.35667250742173434,-0.2045148087804652,-1.160957629635537,0.49672277955379357,-0.23403218420718677,-0.046351201412605084,-0.24114154432572393,-0.03789114959942689,-0.04784984540643776,-0.08432129242287678,-0.1210511983310137,-0.6609101088627434,1.0986112458076172,0.4780301327430739,0.27260492121440233,-0.7623660310443726,-0.35323347746903333,-0.36263691863764913,0.6195270974950313,0.41884259676630875,0.2963799630100354,0.21936786790090354,0.312681449184862,0.4510342297786252,0.09665806764588256,0.17542898256201003,0.5547298469851947,-0.07843886790827857,0.5223970708096183,0.23202549302704456,0.1885044403760616,0.08784248735083418
0.2593743540161384,-0.7155197842711251,-0.17101603452488895,0.055206724323282934,0.5930795421442598,0.6835807392694456,-0.4021049272664311,-0.16343623601678323,-0.17194417385230218,-0.13799613382235587,-0.15435558165445085,-0.4830644489824575,0.27985840447829885,-0.004263848819883555,-0.32316282845803623,0.5021850703983105,0.18018987955903087,-0.3224008671664804,-0.41582924659172943,-0.2982541022132184,0.846849251388878,-0.35792314534525044,0.7876998364503006,0.22331888689416093,0.4780301327430739,1.3508919402424029,-0.2973114644933459,-0.0021001446487396236,0.8124927027355902,-0.08453442697197486,-0.019435631334166925,0.5581075772603155,-0.5165523019824858,-0.058137165922922944,-0.6019215182702177,0.3572056026495614,0.33085056073435937,-0.31699281608637164,-0.8439886062231781,0.016193923815509548,-0.15827991883338,0.9752421210907586,0.26268435392031647,0.17418713742856576
-0.38195495872240204,0.5057931762568503,0.1602873579771715,-0.5310424083828494,0.03981884375212156,0.02588577447561148,0.18580920087038438,0.09887490962376724,0.10837080339870972,-0.727970787149311,-0.2564950063451926,-0.07137702057160153,-0.37660879254533797,-0.17212177799030945,-0.39169893479918616,-0.03425404534870894,-0.1723009092825688,-0.29304866629028165,0.23867726555516855,0.26052669367515335,-1.0053812778008058,-0.021997813979329272,-0.6547385249182699,-0.3046054933799132,0.27260492121440233,-0.2973114644933459,0.556813181991446,-0.2268770847051829,-0.4762213089369766,0.11895667877759479,0.39172091080567567,0.29507976393773383,0.4689210043576811,0.1328144473886666,0.6516609521691302,0.21084497567989896,-0.05147281096413314,0.5012674074159982,0.22112297078248666,-0.11805908959596521,-0.04663192528103418,-0.34277768204611475,0.32753862440770887,-0.072525444282132
0.06245364555821246,-0.3880717057780303,-0.08255764799352647,0.8619682308886684,-0.0803184646858423,-0.3611768738089742,-0.08653480957557043,-0.25303324176929115,0.17248220589868613,0.6091639461259831,0.044862064641924514,0.2263007787422603,0.6409172005827642,0.023276386341518074,0.9232688943119832,-0.41077870795178517,0.15489994305471835,0.47983586061648087,-0.020847508734584522,-0.44981815756439625,0.27208748004419253,0.08072254637817805,0.19443072912833495,0.5598209024754555,-0.7623660310443726,-0.0021001446487396236,-0.2268770847051829,0.8514581013619611,0.32781654372060626,0.5646747540764406,-0.6586279865231458,-0.27067326064465075,-0.4898599843786844,-0.2747235414606919,-0.5028365274475785,0.11097877989620233,-0.07113301385696134,-0.2821257906564713,-0.5507495039958803,0.03264354627571749,-0.3032044184539809,0.33529750632687205,0.09385018087183289,-0.18161288673092554
0.17915445768776467,-0.19683765904432207,-0.24625971563446186,0.44285917273874315,-0.3994118827867605,0.4866729279958289,-0.2993462824130014,-0.12739414593021098,0.31557331204076006,0.540256807514491,0.28861198349228734,-0.5301357923000285,0.10919143616877053,0.2961304099821676,0.40930914826034437,0.34627267557531044,0.4092193062563395,-0.7976239700978218,-0.06166915571417499,0.1958861469087191,0.45836416900624205,-0.490442339465728,0.8717409119706412,0.8120025073079048,-0.35323347746903333,0.8124927027355902,-0.4762213089369766,0.32781654372060626,1.1694298887027559,-0.15358641433042103,-0.2735631027530821,0.6143440730701983,-0.5156727592266397,-0.19261403481124134,-0.5921532297601279,-0.36058310923131226,0.45032802573396435,-0.3450411979888676,-1.5636944898105514,0.09417969967743706,-0.8135023338361679,0.28259962480142825,-0.0287773963329586,0.28002977106021565
0.05386162543357964,-0.16133598137690178,-0.03729055659802809,0.9490969644760886,0.1338243260853489,-0.5730086519694807,0.17543634546335587,-0.39268934226407004,0.25598735970785685,-0.02933890337302338,-0.25655311654778373,0.5399425188791303,0.717088226474474,-0.09187000200781167,0.552053694158615,-0.5913178344252682,0.0742038036712807,0.40476031825559516,-0.025023506252650176,-0.4420511199170679,0.598997143365174,0.06332574700659076,-0.20232618722160253,0.07153336819076711,-0.36263691863764913,-0.08453442697197486,0.11895667877759479,0.5646747540764406,-0.15358641433042103,0.9452780451515777,-0.21371931970808253,-0.5268382294997919,-0.24217828735218228,0.09595445114620792,-0.11123995796990784,0.295237925383486,-0.3682437431264548,-0.08478774723685019,0.4580896030274588,-0.1700007086318705,-0.011809581597696756,0.4916489007819752,0.27876763433307566,-0.35030219234245263
-0.1752890706594555,0.6112684083470553,0.12177052040336504,-0.7374177882424934,-0.030251658730214567,0.3436753345291623,0.1388134179749108,0.17658980919139805,0.117104948101394,-0.8268859684731269,-0.046264202088360296,-0.15621193355276455,-0.5747664649318168,0.03136782362452967,-0.8085184581396817,0.31342036243803106,-0.051248806941540305,-0.710395146830781,0.11292100754831877,0.5249118062183663,-0.31854108741577036,-0.311866207948657,-0.2998550730384767,-0.3914125418213376,0.6195270974950313,-0.019435631334166925,0.39172091080567567,-0.6586279865231458,-0.2735631027530821,-0.21371931970808253,0.7746200259818606,0.48067139310868495,0.5155316057520476,0.35538637852304883,0.6760422966973808,-0.13086970558491554,0.08204724693728083,0.32418910905716863,0.40924484507565123,-0.1636049872227077,-0.011638068025229605,-0.40611701995988775,0.09385113246567649,0.09574555140689121
-0.7149896731576987,0.4865878999947169,0.14642007442660368,-2.1887580928568604,0.13069885838753179,1.5215774806017839,-0.5799047746153178,0.533342812181474,0.1486206138079544,-0.8844268055228336,0.4267422179587747,-1.0562193680585845,-0.9483868986035868,0.2126067311768241,-0.7799484306812576,1.073661271963813,0.15449649986039765,-1.043364713994447,0.1336868721521585,0.56382384568773,-1.6516539867236963,-1.0630586913237554,0.14605682736560946,0.6441336706073286,0.41884259676630875,0.5581075772603155,0.29507976393773383,-0.27067326064465075,0.6143440730701983,-0.5268382294997919,0.48067139310868495,2.644187379605183,0.18689520679963575,-0.24696738672820354,0.44274657397187756,-0.030233089911076306,1.047532101872889,0.0112324044691262,-2.265268376713113,-0.04941550626495894,-1.1363590097326353,-0.5847687868249688,0.3578901039590937,0.44318923864020043
-0.3254106234745313,0.7294186355304425,0.16351897052596356,-0.6754272296640217,-0.23294939351905009,0.04214202761725874,0.24310924413065307,0.24907248657422976,0.10499882998659928,-0.5694996271015811,-0.07207088015250403,-0.1206890469028665,-0.6514723284793386,-0.07706640526109167,-0.5050353640762859,0.07388217948567712,-0.1736421415810964,-0.4634806435150905,0.3058773217928806,0.550238644549805,-1.0425756365093648,0.0019409468562411813,-0.6197271214189597,-0.3869085282630525,0.2963799630100354,-0.5165523019824858,0.4689210043576811,-0.4898599843786844,-0.5156727592266397,-0.24217828735218228,0.5155316057520476,0.18689520679963575,0.6433024727025902,0.18386570095074758,0.7482118801988574,-0.1118529392026566,-0.02222510943836979,0.5386026675244403,0.3906689347264913,-0.06885996231438479,0.030294745980161925,-0.7160259084887685,0.0617901668496582,0.042326901137651834
0.09483672503979129,0.2544351296416657,0.005872646921982859,0.18821688503165565,-0.10534080873379931,-0.1388163384240262,0.21257790116524541,-0.09343355002116427,0.11813799975991017,-0.284281763455269,-0.09710447110934513,0.1883980590168098,-0.04624809398856025,0.034134694722882226,-0.2309343879615709,-0.07150836074166535,0.004551960383695522,-0.27900447971009096,0.022116089342126003,0.18379544437572468,0.4095627494320173,-0.03819114059609961,-0.12708094187757726,-0.2948974075192814,0.21936786790090354,-0.058137165922922944,0.1328144473886666,-0.2747235414606919,-0.19261403481124134,0.09595445114620792,0.35538637852304883,-0.24696738672820354,0.18386570095074758,0.306297974821062,0.26167318966942593,-0.13638439066337174,-0.1845360445403052,0.10222484181788705,0.6929707022962857,-0.1129303170073284,0.14244143849031152,-0.02377754352181702,-0.020515481176968765,-0.04974041415127501
-0.4627671453743519,0.9563469148770264,0.2163587920131911,-0.8333220376507948,-0.3102817089280451,0.08080714208812612,0.29786676505140985,0.235373005697887,0.23171778153906028,-0.8339710694014335,-0.08615271376890599,-0.09232311944058863,-0.75588980356582125,-0.04092299879150832,-0.5693173593039165,0.06524699231462797,-0.1689492613607391,-0.6534589203460727,0.3934705799447265,0.6603177889872578,-1.2482097334930031,-0.12692707662780114,-0.7797185856936985,-0.3777611112258455,0.312681449184862,-0.6019215182702177,0.6516609521691302,-0.5028365274475785,-0.5921532297601279,-0.11123995796990784,0.6760422966973808,0.44274657397187756,0.7482118801988574,0.26167318966942593,1.000412154247383,-0.15139251120015393,-0.0033153638889248786,0.6131733215757649,0.3673017315793946,-0.14142791950642358,-0.13812577966088904,-0.8452613328373748,0.1654664774491994,0.009244756725234723
-0.09561275562796462,-0.6450601038160981,0.10302265334577211,-0.31992592875269,1.056297450901392,0.070459985767385,-0.17892580603583344,-0.020980151092087045,-0.4628922872960945,-0.4808206127715225,-0.46409430241046856,0.0317952440820275,0.35415030769690287,-0.41713658774723267,-0.31784330794169263,-0.04380123649877936,-0.2578968540562452,0.848490340050177,-0.2728351025802195,-0.7220368221721764,-0.18412505510225605,0.24375906153807925,-0.23510942369891127,-0.32820978426245406,0.4510342297786252,0.3572056026495614,0.21084497567989896,0.11097877989620233,-0.36058310923131226,0.295237925383486,-0.13086970558491554,-0.030233089911076306,-0.1118529392026566,-0.13638439066337174,-0.15139251120015393,0.9694015824921927,-0.10117781289174886,0.06901495415524199,0.24680759036464536,-0.03264841959675152,0.4996574232176416,0.6762852214181844,0.4456523585337883,-0.19835474494941735
-0.2390032026052399,0.10281495349566765,-0.013150900468343267,-0.8213292364274664,-0.02013846784075552,0.7044923518194351,-0.30814843600403646,0.25821501543260766,0.05684974742711724,-0.090634906893617,0.2601559750836612,-0.5773131310682577,-0.40375971354485185,0.10632657683287738,-0.22267022052183583,0.5253600283187474,0.11995418690604645,-0.4865709899322619,0.04280419691987346,0.25286291222156726,-0.6260126915452113,-0.45170766367607657,0.2638797287757595,0.4147199224811313,0.09665806764588256,0.33085056073435937,-0.05147281096413314,-0.07113301385696134,0.45032802573396435,-0.3682437431264548,0.08204724693728083,1.047532101872889,-0.02222510943836979,-0.1845360445403052,-0.0033153638889248786,-0.10117781289174886,0.5485865740885898,-0.05695406653579845,-1.219452323603604,0.03433468372096421,-0.5148511285708995,-0.22444556801776508,0.051916782501232946,0.27883152382629123
-0.3507191369825119,0.6383867866387073,0.06709628736817244,-0.21296131672973617,-0.28710067944398815,-0.056541212737515535,0.2971440571888976,0.09201697142005387,0.21175625032083786,-0.47433977360234414,-0.3211005778633354,-0.28768477677571136,-0.518350216019401,-0.21456728415730816,-0.27069127084646366,-0.06041699049802374,-0.1650441015720135,-0.6640002571940147,0.37903251681856986,0.5204640295835349,-1.2708665948736326,0.1057458443798743,-0.6409738460220427,-0.2862786922010193,0.17542898256201003,-0.31699281608637164,0.5012674074159982,-0.2821257906564713,-0.3450411979888676,-0.08478774723685019,0.32418910905716863,0.0112324044691262,0.5386026675244403,0.10222484181788705,0.6131733215757649,0.06901495415524199,-0.05695406653579845,0.7349038627889307,0.05551917706446478,-0.031209589030207013,-0.11061855957119317,-0.45427930060824545,0.27922603646958605,0.027738032240963797
0.5852325769969653,-0.16975818531081258,0.19763763895192613,0.8850700269227285,0.5351833911688203,-1.30228606276599,0.6631004127293906,-0.28740814225590344,-0.5079391218359042,-0.3441936971966539,-0.4851014522006354,1.460513645742847,0.5821094351805274,-0.24200622755929926,-0.39978842554161553,-0.8410797222041926,-0.4541336908477449,1.4022802763220574,-0.30206073827893193,-0.5729266446147705,1.7588303940203982,0.9538060136760929,-0.6938027175369808,-1.5306984744756562,0.5547298469851947,-0.8439886062231781,0.22112297078248666,-0.5507495039958803,-1.5636944898105514,0.4580896030274588,0.40924484507565123,-2.265268376713113,0.3906689347264913,0.6929707022962857,0.3673017315793946,0.24680759036464536,-1.219452323603604,0.05551917706446478,3.785788266571263,-0.1769279217739233,1.7916164161859993,0.29326960869980884,-0.33191097790276225,-0.5928684231710348
0.040555556150162014,-0.11318905045391255,-0.023766101709950565,0.019725942205324764,-0.04826981737377482,0.01328537129132958,-0.05055601028626291,0.02365086855434815,-0.09626901608582847,0.22739661933704847,0.04301130873083953,-0.07970119915067586,-0.015251987145469131,0.007085938963002986,0.09748305613437783,0.03394794853200663,-0.026892174305484854,0.08016486509799918,-0.01534665375657863,-0.022860589490382194,-0.08484801211755724,0.1097307667408257,0.10710888821485164,0.05690504915985049,-0.07843886790827857,0.016193923815509548,-0.11805908959596521,0.03264354627571749,0.09417969967743706,-0.1700007086318705,-0.1636049872227077,-0.04941550626495894,-0.06885996231438479,-0.1129303170073284,-0.14142791950642358,-0.03264841959675152,0.03433468372096421,-0.031209589030207013,-0.1769279217739233,0.10103820972461221,0.015034796356018919,-0.006793059338216732,-0.08283501994153689,0.04608195303969372
0.34470123100774097,-0.6361259240017575,0.1015397938927811,0.08714282856860313,0.823701469584234,-0.46289062830597255,0.08676096202828891,-0.027221905036470786,-0.7056123487523392,-0.07247449818103935,-0.3127360198467307,0.5990108317877874,0.3693525216377408,-0.2914751359865675,-0.39106199382093404,-0.24625348971496713,-0.35572492062692995,1.275214593680363,-0.378338524329977,-0.6910564015419354,0.8768672084969977,0.6719206678200936,-0.19097276920553433,-0.8645966264541363,0.5223970708096183,-0.15827991883338,-0.04663192528103418,-0.3032044184539809,-0.8135023338361679,-0.011809581597696756,-0.011638068025229605,-1.1363590097326353,0.030294745980161925,0.14244143849031152,-0.13812577966088904,0.4996574232176416,-0.5148511285708995,-0.11061855957119317,1.7916164161859993,0.015034796356018919,1.271358201873779,0.48414907287761355,-0.17845323461364615,-0.24880537884682563
0.4719747780031464,-1.1591780578109532,-0.20469695961980525,0.9218415462088019,0.8785681500425473,-0.14221759373540113,-0.19593228833317425,-0.45942126812180867,-0.36511996595608703,0.15686869091321284,-0.43661119316922753,0.22720941224453547,0.9561976984198567,-0.20731984243094567,0.13534862996106492,-0.15470398093783932,0.04579331826417674,0.7059200924304773,-0.5395719768927426,-0.9417912445395793,1.5653543385472848,0.20161890589952502,0.528350005826187,-0.08570241101311486,0.23202549302704456,0.9752421210907586,-0.34277768204611475,0.33529750632687205,0.28259962480142825,0.4916489007819752,-0.40611701995988775,-0.5847687868249688,-0.7160259084887685,-0.02377754352181702,-0.8452613328373748,0.6762852214181844,-0.22444556801776508,-0.45427930060824545,0.29326960869980884,-0.006793059338216732,0.48414907287761355,1.4840781091429973,0.21619156368608644,-0.16575977150139812
-0.2433048955966512,0.018953958578489742,0.04435595824835743,-0.163837559064206,0.29221859557096097,0.158025722901762,-0.01861279749701212,-0.05448769015080512,0.07298458952248293,-0.5116538420245043,-0.3228833855142819,-0.20519209075223102,0.002620777100471732,-0.20103246492490306,-0.16605498482330022,0.009482314537015103,-0.05461240690888945,-0.19096311561091842,0.051155312298665635,-0.062062620009597495,-0.5778687416507624,-0.09855535047529278,-0.2572701456780456,-0.016292442307992754,0.1885044403760616,0.26268435392031647,0.32753862440770887,0.09385018087183289,-0.0287773963329586,0.27876763433307566,0.09385113246567649,0.3578901039590937,0.0617901668496582,-0.020515481176968765,0.1654664774491994,0.4456523585337883,0.051916782501232946,0.27922603646958605,-0.33191097790276225,-0.08283501994153689,-0.17845323461364615,0.21619156368608644,0.4685731401288947,-0.06410167564195915
-0.07140224219207142,0.14162296832250149,-0.06112355688092687,-0.34909492196123004,-0.1752583156750485,0.3524081218496077,-0.10215992752566422,0.13803357518312395,0.056749022732209595,0.03272026835431004,0.1369123292985364,-0.3772611309364148,-0.32808192490729526,0.07707044699513435,-0.16524887405616803,0.314179707537731,0.08250260732699449,-0.4832393424749359,0.06396910513698983,0.3015391626834299,-0.29189437959535247,-0.2081814364267677,0.17471695532682874,0.16153581206127002,0.08784248735083418,0.17418713742856576,-0.072525444282132,-0.18161288673092554,0.28002977106021565,-0.35030219234245263,0.09574555140689121,0.44318923864020043,0.042326901137651834,-0.04974041415127501,0.009244756725234723,-0.19835474494941735,0.27883152382629123,0.027738032240963797,-0.5928684231710348,0.04608195303969372,-0.24880537884682563,-0.16575977150139812,-0.06410167564195915,0.22415227220895165
