V1,V2,V3,V4,V5,V6,V7,V8,V9,V10,V11,V12,V13,V14,V15,V16,V17,V18,V19,V20,V21,V22,V23,V24,V25,V26,V27,V28,V29,V30,V31,V32,V33,V34,V35,V36,V37,V38,V39,V40,V41,V42,V43,V44
12.603535403140853,-18.420931876456155,4.302270268264862,-1.6776918728290018,-18.461986449223044,13.282653488820312,-18.85973691518163,-11.560449730091065,-16.632031826023052,-40.22144953803352,-22.29137171997107,-13.435534091329654,-20.714996237380117,-29.715252563122153,-20.05375381141949,-26.648139256483702,19.048010878487556,-33.172838388935105,27.204690475276838,-26.047664268557412,32.71870202374818,5.456362270027512,-15.52088950853065,-9.752841809198294,-6.141478918546698,2.848313575365179,0.573675635766812,-10.490502357934835,24.266042776527915,-11.444981596658355,7.314981352952797,19.10686964316453,-6.478128248359154,22.53914884203399,-13.97421439617565,12.801496944402457,-9.517930766887043,-11.210574488832048,-32.10765939405993,-31.00339248354647,21.322406814313588,36.78080386908736,-1.03092727559449,8.135989025818038
-18.420931876456155,27.207849710324403,-6.152676828660634,2.5846445175622645,27.00112264566753,-19.15856430892369,27.91463912525889,16.951141173768303,23.876643000820764,58.22653925664925,32.29920173144923,19.30894507731279,30.008285604021733,43.09469157267201,29.101444814983022,38.67085279332796,-27.991414926843312,47.842153027027805,-39.595774327364964,38.1342202404288,-47.618120648559334,-7.697276245103789,22.628001977921333,14.508959870388221,9.194487154319596,-4.122494646946912,-0.60285439360098525,14.911253158711117,-34.984673367975624,16.32914772420035,-10.213889195549623,-27.655348992374073,9.422751066847932,-32.69762321514493,20.32816320219722,-18.6630076830348,14.275831234897575,16.35011863074914,46.59877611850632,45.26476669184198,-31.23994802660615,-53.92596343296806,1.5215492333161056,-11.441603030121488
4.302270268264862,-6.152676828660634,1.5622044395936756,-0.5148113079828371,-6.326198231633773,4.732434473472592,-6.252166566031014,-3.947002334502272,-5.949805984918781,-14.081134110302152,-7.785147801996547,-4.766630561291933,-7.255849972293119,-10.345772927562592,-6.962279838640455,-9.264642289665883,6.393919205393835,-11.695638788888255,9.402593288959649,-8.913820746933366,11.312296178321755,2.028395080949703,-5.310495761821624,-3.1814386529708876,-1.9628265624571906,0.9995545682698752,0.3359318801800583,-3.8127439740327196,8.559913589045568,-4.140119168789967,2.784808693326297,6.691804992891489,-2.2598407041218467,7.865166812911617,-4.794521844614015,4.382163848286825,-3.0209246424361615,-3.8563165686420122,-11.166863752363415,-10.632250787480615,7.246248717990708,12.470561196404008,-0.34767754154016917,3.017861443308702
-1.6776918728290018,2.5846445175622645,-0.5148113079828371,0.3202260430008574,2.4861012337296042,-1.7078849153944493,2.6973436781714226,1.5681261548256966,2.058348172407515,5.156728261739763,2.8553989581559396,1.687771625298759,2.6665631763436246,3.847587232875006,2.611894543736611,3.4333953542399906,-2.6145738133257526,4.195848661712775,-3.5825006485807154,3.5149408241752544,-4.308014684724312,-0.5820583095132377,2.0260463730578793,1.392086421791894,0.9101220689188118,-0.38146876837046234,0.03147581516679096,1.2302300181303383,-3.081998706641696,1.378229025866581,-0.78787598372423,-2.4957718029283313,0.8630175904762847,-2.914095193379824,1.8454814349270037,-1.6790125830800737,1.3910439676157988,1.5059461313061033,4.218194714443553,4.136349353252605,-2.861000940233852,-5.003064318516667,0.14401549843270414,-0.915553328148324
-18.461986449223044,27.00112264566753,-6.326198231633773,2.4861012337296042,27.14771723430866,-19.489920002882467,27.65906438303397,17.007182401456532,24.447366963076274,59.055606680104525,32.743348276681694,19.68557899636663,30.42411539238985,43.6363254854562,29.431108621463746,39.1313005015066,-27.884077974036693,48.674819725342076,-39.9652762737105,38.24878801732822,-47.99856507558929,-8.031178717660064,22.79080363124513,14.347179487058257,8.99989852756107,-4.123031437171454,-0.8794906317865843,15.399097449278164,-35.55563648249899,16.785647921041917,-10.766425189801938,-28.01357281412577,9.502294892878663,-33.11206364968647,20.43930692222126,-18.742870760332668,13.955342587359212,16.43171022526282,47.047172047731515,45.50162160508496,-31.297725429501558,-53.95819398486944,1.5108765148315095,-11.914145208046362
13.282653488820312,-19.15856430892369,4.732434473472592,-1.7078849153944493,-19.489920002882467,14.643428604884829,-19.532516594471105,-12.172164947281798,-18.188857646892522,-43.199596373761096,-23.864477011616387,-14.701749537306279,-22.282978836916925,-31.798992603404933,-21.427060563264465,-28.38418957482344,19.850897464994116,-35.905879193813455,28.93089351613525,-27.537735162873428,34.884397028791554,6.040588555431336,-16.235681548449005,-9.814074024675833,-6.13612372402295,3.2087960744860355,0.8685281805867947,-11.587349028924283,26.38424035376324,-12.67433579815997,8.391598718874032,20.691189915729435,-7.026173350545824,24.139707735053562,-14.87633733900924,13.516919312293798,-9.3594442352411,-11.951081711530193,-34.590190032637906,-32.79955692288516,22.319221750380592,38.610352226596675,-1.0770496228861748,9.200319787438191
-18.85973691518163,27.91463912525889,-6.252166566031014,2.6973436781714226,27.65906438303397,-19.532516594471105,28.71640083493277,17.367684910215377,24.334944717319935,59.5140235086968,33.015263838527694,19.712952920454743,30.6654988940099,44.08872429542246,29.79095289250546,39.538654221539566,-28.744583071137807,48.8625310545013,-40.54047660365767,39.04083911523432,-48.72721047731411,-7.7809474471695665,23.188783403996442,14.947911664285638,9.495593276048341,-4.19765698337457,-0.5567514237168683,15.178929453598704,-35.71879322063334,16.62534503127366,-10.349088463100554,-28.270995929003977,9.623705981142864,-33.431906571505024,20.8339904033885,-19.12416597664488,14.73840966295861,16.734133412633515,47.65631551710843,46.37457541928883,-32.02310435840029,-55.30018994469425,1.555706519687401,-11.61952058641569
-11.560449730091065,16.951141173768303,-3.947002334502272,1.5681261548256966,17.007182401456532,-12.172164947281798,17.367684910215377,10.679755926095755,15.268683454721579,36.92705471117251,20.486280484999728,12.2786037247052,19.029875591624137,27.2811733780487,18.405864635804644,24.470143786992217,-17.47763514382691,30.40310600073407,-25.007091789803315,23.966726747162987,-30.03625281726183,-5.01073660283737,14.265923060736393,9.02399239155732,5.6674758358950665,-2.585869353692694,-0.5304397591787104,9.590084683324728,-22.20417652776967,10.467986302984961,-6.6827344224414755,-17.523939377599294,5.954852971686707,-20.71213975818498,12.78430310232927,-11.737205850725077,8.797569005504391,10.288140299790033,29.42479197778055,28.485377280019538,-19.61120091275428,-33.8294994016321,0.9449423433339257,-7.4024552705472555
-16.632031826023052,23.876643000820764,-5.949805984918781,2.058348172407515,24.447366963076274,-18.188857646892522,24.334944717319935,15.268683454721579,22.921242136163173,54.2893451451712,30.044232870830097,18.436331759388167,27.957890662214243,39.95790916373546,26.92214292992304,35.72537071845098,-24.83068910015321,45.14323355754441,-36.326718388043815,34.4115544354202,-43.68942301624321,-7.730705125951591,20.52085127500649,12.367791468480611,7.6801459860005945,-3.9215591065365247,-1.2032635410372943,14.656428062960815,-33.08713057836644,15.939996948745105,-10.591926600230497,-25.92845058699515,8.749451210686363,-30.29543014781237,18.649033441335764,-16.952532227004056,11.783177020385102,14.947989081261579,43.24905926909076,41.08705670989424,-27.98872800826367,-48.39445512349115,1.3292291187650178,-11.62379542577865
-40.22144953803352,58.22653925664925,-14.081134110302152,5.156728261739763,59.055606680104525,-43.199596373761096,59.5140235086968,36.92705471117251,54.2893451451712,129.96403791690676,71.96904636373962,43.74871203834662,66.92368654782196,95.82869055672295,64.61550213775175,85.80215959542336,-60.43242003591238,107.60366366570003,-87.41877156345531,83.19927614313619,-105.08805308485567,-18.077963556349083,49.6569299939665,30.552634364449354,19.083291566821146,-9.233021368764629,-2.4203916226549844,34.517589025526604,-78.73369960452858,37.55670507994224,-24.56359344942129,-61.83633965435414,20.894010245572055,-72.68262580935696,44.838812221301595,-40.96320949410682,29.453895754916996,35.944533146514935,103.51425034586458,99.23367435681465,-67.9269056039787,-117.22170263553316,3.247578034449359,-27.062282095931316
-22.29137171997107,32.29920173144923,-7.785147801996547,2.8553989581559396,32.743348276681694,-23.864477011616387,33.015263838527694,20.486280484999728,30.044232870830097,71.96904636373962,39.879910738646714,24.19205879250339,37.05797457402677,53.081733708294855,35.79002133050928,47.54494625837132,-33.507835531765146,59.55939566699885,-48.441590694774774,46.11005973733099,-58.2021747708052,-10.015558159126385,27.552163426365443,16.998928515838504,10.611208792531958,-5.090100764301011,-1.3268130440719046,19.086834938776462,-43.55465894937123,20.760088249801882,-13.54656692472983,-34.21288039342323,11.56194540144074,-40.255043985387864,24.833031822176146,-22.703335975304903,16.40539882745531,19.90315307048134,57.290334067589285,54.98954160681865,-37.67437726925407,-65.00797595031304,1.7965143612921406,-14.937850701128697
-13.435534091329654,19.30894507731279,-4.766630561291933,1.687771625298759,19.68557899636663,-14.701749537306279,19.712952920454743,12.2786037247052,18.436331759388167,43.74871203834662,24.19205879250339,14.931454295414541,22.5255345433228,32.229327139113714,21.734333065325465,28.766207871078386,-20.115544829027545,36.42664216106922,-29.288153284615934,27.74616531740538,-35.262016177049006,-6.1511881565032,16.51718186111505,9.94926039569896,6.219371146045369,-3.2289532070692846,-0.9088438485856766,11.80066726832872,-26.75413733386019,12.858164798582788,-8.499200452682377,-20.963842478983675,7.070284218019201,-24.398705113433575,15.132091228119165,-13.71051613066044,9.502447825125886,12.08376634032417,35.00669710403607,33.165102511099086,-22.56328329671937,-39.093150672760046,1.0702769963722771,-9.392841383684832
-20.714996237380117,30.008285604021733,-7.255849972293119,2.6665631763436246,30.42411539238985,-22.282978836916925,30.6654988940099,19.029875591624137,27.957890662214243,66.92368654782196,37.05797457402677,22.5255345433228,34.48611545456094,49.33770648908288,33.26589793098323,44.171100363812215,-31.119635944342793,55.40245329759027,-45.01824696450759,42.87265272250163,-54.1234452725164,-9.30901804092682,25.548644646096424,15.724797037736138,9.828817365528135,-4.766457007061167,-1.2390874608336595,17.763230734235943,-40.54323956345603,19.351131429216576,-12.647617925320862,-31.852570168736772,10.775725289559844,-37.437760072834,23.079591897751286,-21.09181999599601,15.160086181257254,18.51524269590132,53.330959573454464,51.10790040298331,-34.98692072841898,-60.36673062541979,1.6807229692074186,-13.927153096501579
-29.715252563122153,43.09469157267201,-10.345772927562592,3.847587232875006,43.6363254854562,-31.798992603404933,44.08872429542246,27.2811733780487,39.95790916373546,95.82869055672295,53.081733708294855,32.229327139113714,49.33770648908288,70.72420495318454,47.68712724627141,63.31869223309013,-44.71114014003958,79.29981780790595,-64.5517435176208,61.46899861178039,-77.57090179969524,-13.25056394420551,36.69618414579711,22.67736537117965,14.175988595932369,-6.785111913433131,-1.7058621794653341,25.373984842154577,-58.00789224334703,27.605558175227706,-17.98989503801297,-45.562260250108814,15.399829149906118,-53.61630447195035,33.11824418101906,-30.255152670338585,21.89049128443359,26.530918302152287,76.34954188010427,73.31277832340146,-50.22386757421642,-86.66868539291418,2.400176546623778,-19.85391128777152
-20.05375381141949,29.101444814983022,-6.962279838640455,2.611894543736611,29.431108621463746,-21.427060563264465,29.79095289250546,18.405864635804644,26.92214292992304,64.61550213775175,35.79002133050928,21.734333065325465,33.26589793098323,47.68712724627141,32.1724210287736,42.68829127098494,-30.205891182569342,53.46975418093405,-43.5343324724805,41.457458357379174,-52.32345502575601,-8.908659749950495,24.757349845117748,15.317933651017025,9.593359443148294,-4.593902088578671,-1.126200015036526,17.092655746188644,-39.12498224691556,18.604913578349098,-12.090953112814612,-30.755874777350662,10.389078493192681,-36.14409403766267,22.36702313954161,-20.423530676192556,14.810363564661547,17.90940410209257,51.52263968747194,49.45936821483202,-33.882423065625396,-58.510588819139734,1.6178190199745344,-13.375252972907314
-26.648139256483702,38.67085279332796,-9.264642289665883,3.4333953542399906,39.1313005015066,-28.38418957482344,39.538654221539566,24.470143786992217,35.72537071845098,85.80215959542336,47.54494625837132,28.766207871078386,44.171100363812215,63.31869223309013,42.68829127098494,56.75917900445722,-40.09685743368216,70.92489824267587,-57.832194074531856,55.116071299534816,-69.47703003662465,-11.880160998682298,32.95138744936542,20.42292306919408,12.75695699640188,-6.0121124148068414,-1.50988253055891,22.66835834417448,-51.83545180100973,24.640024785081206,-16.02821885903112,-40.71792249099657,13.761093403149031,-48.02488072407142,29.619761610521667,-27.11317069304921,19.75497865429487,23.753126995902715,68.25915342016248,65.70658958173962,-45.0773698805695,-77.69890431686127,2.1603629052371582,-17.67951330392749
19.048010878487556,-27.991414926843312,6.393919205393835,-2.6145738133257526,-27.884077974036693,19.850897464994116,-28.744583071137807,-17.47763514382691,-24.83068910015321,-60.43242003591238,-33.507835531765146,-20.115544829027545,-31.119635944342793,-44.71114014003958,-30.205891182569342,-40.09685743368216,28.944207835335312,-49.74485596514987,41.0141915187269,-39.34292152771562,49.30687001199706,8.046217465022762,-23.468049452722656,-14.921073350420262,-9.451486958332952,4.267050699729159,0.7128719957874052,-15.605076887690755,36.37454456527332,-17.042116521729938,10.74279947312146,28.714035491387857,-9.733168979565946,33.89010150163717,-21.113215990412417,19.35596021323931,-14.662703137223378,-16.91516394300742,-48.321150833508234,-46.835758418183744,32.2788671741302,55.715456808554876,-1.5622512672211044,12.035245234559845
-33.172838388935105,47.842153027027805,-11.695638788888255,4.195848661712775,48.674819725342076,-35.905879193813455,48.8625310545013,30.40310600073407,45.14323355754441,107.60366366570003,59.55939566699885,36.42664216106922,55.40245329759027,79.29981780790595,53.46975418093405,70.92489824267587,-49.74485596514987,89.31321739897574,-72.21471585923662,68.56332645125734,-86.84989430471875,-15.079323050050494,40.915434883204675,24.93000587860381,15.559873813957196,-7.748902588610742,-2.1370995072030468,28.79848340943846,-65.43812989423637,31.334684505676574,-20.60884284312852,-51.3361588579405,17.323836123641833,-60.09936265265016,37.137087281295514,-33.81319734330264,23.929319049342133,29.724499179035774,85.82057160963177,81.86393441321702,-55.89451608683735,-96.60577504641182,2.6608794613070206,-22.726007847026192
27.204690475276838,-39.595774327364964,9.402593288959649,-3.5825006485807154,-39.9652762737105,28.93089351613525,-40.54047660365767,-25.007091789803315,-36.326718388043815,-87.41877156345531,-48.441590694774774,-29.288153284615934,-45.01824696450759,-64.5517435176208,-43.5343324724805,-57.832194074531856,41.0141915187269,-72.21471585923662,59.006689540233495,-56.30325728550421,70.88830730670655,11.994350555395629,-33.59850091037505,-20.930956277453454,-13.108739686656778,6.1497361834204005,1.4435359269984334,-22.994935453399723,52.790796674470926,-25.033870898006235,16.203162711119926,41.52049256534554,-14.05045874434161,48.954364627053046,-30.23934514840653,27.672741629511986,-20.280002432876046,-24.252966753491833,-69.64578383328215,-67.0914033432556,46.04402045604379,79.41877140482063,-2.209587079579262,17.905848219146932
-26.047664268557412,38.1342202404288,-8.913820746933366,3.5149408241752544,38.24878801732822,-27.537735162873428,39.04083911523432,23.966726747162987,34.4115544354202,83.19927614313619,46.11005973733099,27.74616531740538,42.87265272250163,61.46899861178039,41.457458357379174,55.116071299534816,-39.34292152771562,68.56332645125734,-56.30325728550421,53.971493370905634,-67.69262244153245,-11.270011068580441,32.06652481292475,20.193248581516617,12.69122075553204,-5.865249842036097,-1.1905005099631725,21.655290099233074,-50.12642659332603,23.63908263521541,-15.14186722189232,-39.49045433543381,13.42090049030556,-46.662703409074304,28.821584462976777,-26.433507224041417,19.661707688812797,23.182143033039182,66.37104921902943,64.1562207057648,-44.12497738153967,-76.07600466880425,2.1388410067618953,-16.761471431791186
32.71870202374818,-47.618120648559334,11.312296178321755,-4.308014684724312,-47.99856507558929,34.884397028791554,-48.72721047731411,-30.03625281726183,-43.68942301624321,-105.08805308485567,-58.2021747708052,-35.262016177049006,-54.1234452725164,-77.57090179969524,-52.32345502575601,-69.47703003662465,49.30687001199706,-86.84989430471875,70.88830730670655,-67.69262244153245,85.26818913555229,14.398770208420705,-40.29589875993398,-25.057616960514398,-15.726679519882754,7.482013709858324,1.7114272941535453,-27.651438006319964,63.56777780459127,-30.145074256443042,19.50399558629998,49.996278804760934,-16.939719339290654,58.83950457897553,-36.39362379085109,33.26687889219321,-24.28608936137227,-29.199571656012097,-83.8529519558939,-80.63260879087098,55.29569756484928,95.44333926196255,-2.6634061541718332,21.576919486472367
5.456362270027512,-7.697276245103789,2.028395080949703,-0.5820583095132377,-8.031178717660064,6.040588555431336,-7.7809474471695665,-5.01073660283737,-7.730705125951591,-18.077963556349083,-10.015558159126385,-6.1511881565032,-9.30901804092682,-13.25056394420551,-8.908659749950495,-11.880160998682298,8.046217465022762,-15.079323050050494,11.994350555395629,-11.270011068580441,14.398770208420705,2.727427068489456,-6.798689644822246,-3.975070318922744,-2.4198786501294127,1.267670655589514,0.5328949647889851,-5.003329929898365,11.019403973560424,-5.403118552273636,3.6903461024543587,8.584380279334606,-2.8789282387345554,10.06339600559098,-6.112625460342419,5.579492298691874,-3.7393277470094053,-4.898632748472454,-14.258104098759429,-13.487584388512746,9.17456781826074,15.788471087381819,-0.43125729863709816,3.9958159315713484
-15.52088950853065,22.628001977921333,-5.310495761821624,2.0260463730578793,22.79080363124513,-16.235681548449005,23.188783403996442,14.265923060736393,20.52085127500649,49.6569299939665,27.552163426365443,16.51718186111505,25.548644646096424,36.69618414579711,24.757349845117748,32.95138744936542,-23.468049452722656,40.915434883204675,-33.59850091037505,32.06652481292475,-40.29589875993398,-6.798689644822246,19.283289691491195,12.124442736777334,7.587588748361551,-3.3894741196935736,-0.7772005907220603,12.983617640932795,-29.8264768390971,14.083733943489886,-9.0491936604513,-23.471085367932776,7.915954253483266,-27.82440330438649,17.187121368485375,-15.797367057611547,11.826785898676144,13.767153604349211,39.41826446636445,38.24210958760049,-26.347022134733525,-45.340716822201024,1.260454301252053,-10.025309772804233
-9.752841809198294,14.508959870388221,-3.1814386529708876,1.392086421791894,14.347179487058257,-9.814074024675833,14.947911664285638,9.02399239155732,12.367791468480611,30.552634364449354,16.998928515838504,9.94926039569896,15.724797037736138,22.67736537117965,15.317933651017025,20.42292306919408,-14.921073350420262,24.93000587860381,-20.930956277453454,20.193248581516617,-25.057616960514398,-3.975070318922744,12.124442736777334,7.981493683981581,5.035507180380164,-2.0112665164432304,-0.2386030763523462,7.676693279863512,-18.10150892189967,8.35272507676,-5.133147058870106,-14.342235246993246,4.869358425423659,-17.207724614558977,10.658459449478796,-9.881722323572637,7.926309514598581,8.568454503765441,24.252112439133242,23.978243011776026,-16.688261046975704,-28.66418116868387,0.8068711916126503,-5.748572383585529
-6.141478918546698,9.194487154319596,-1.9628265624571906,0.9101220689188118,8.99989852756107,-6.13612372402295,9.495593276048341,5.6674758358950665,7.6801459860005945,19.083291566821146,10.611208792531958,6.219371146045369,9.828817365528135,14.175988595932369,9.593359443148294,12.75695699640188,-9.451486958332952,15.559873813957196,-13.108739686656778,12.69122075553204,-15.726679519882754,-2.4198786501294127,7.587588748361551,5.035507180380164,3.2254822390393643,-1.295904643158357,-0.07928512788010976,4.740402747140508,-11.3360526494044,5.1926709074437625,-3.1156787597252245,-9.01774327675654,3.069136442122502,-10.747489574477584,6.733299891002197,-6.220369892785499,5.0485889430034305,5.406800623316342,15.261360047786418,15.0620204231004,-10.485219629034907,-18.072579308203004,0.513966542448845,-3.550590602805998
2.848313575365179,-4.122494646946912,0.9995545682698752,-0.38146876837046234,-4.123031437171454,3.2087960744860355,-4.19765698337457,-2.585869353692694,-3.9215591065365247,-9.233021368764629,-5.090100764301011,-3.2289532070692846,-4.766457007061167,-6.785111913433131,-4.593902088578671,-6.0121124148068414,4.267050699729159,-7.748902588610742,6.1497361834204005,-5.865249842036097,7.482013709858324,1.267670655589514,-3.3894741196935736,-2.0112665164432304,-1.295904643158357,0.8016878372041587,0.15703439681529782,-2.491426161687936,5.778124355841113,-2.7739525190754963,1.7904327017911872,4.554531050598066,-1.5565726526531425,5.127147965195393,-3.263676770675628,2.901586656707138,-1.9260425098817,-2.6040435333532987,-7.580544672097882,-6.982306899192714,4.698916349668855,8.287799048524557,-0.22223631417189316,2.037443319834098
0.573675635766812,-0.60285439360098525,0.3359318801800583,0.03147581516679096,-0.8794906317865843,0.8685281805867947,-0.5567514237168683,-0.5304397591787104,-1.2032635410372943,-2.4203916226549844,-1.3268130440719046,-0.9088438485856766,-1.2390874608336595,-1.7058621794653341,-1.126200015036526,-1.50988253055891,0.7128719957874052,-2.1370995072030468,1.4435359269984334,-1.1905005099631725,1.7114272941535453,0.5328949647889851,-0.7772005907220603,-0.2386030763523462,-0.07928512788010976,0.15703439681529782,0.26606547398995656,-0.8725741821230945,1.5509329195274186,-0.8987599386799878,0.7926743552450213,1.1447646311377833,-0.35653093772763916,1.3020965761898298,-0.6995100960747158,0.623172641717,-0.10623443289335506,-0.5509993601380847,-1.782177250514885,-1.4960817409648284,0.9316649279389951,1.5727398737549703,-0.031361859682400815,0.7746435251915793
-10.490502357934835,14.911253158711117,-3.8127439740327196,1.2302300181303383,15.399097449278164,-11.587349028924283,15.178929453598704,9.590084683324728,14.656428062960815,34.517589025526604,19.086834938776462,11.80066726832872,17.763230734235943,25.373984842154577,17.092655746188644,22.66835834417448,-15.605076887690755,28.79848340943846,-22.994935453399723,21.655290099233074,-27.651438006319964,-5.003329929898365,12.983617640932795,7.676693279863512,4.740402747140508,-2.491426161687936,-0.8725741821230945,9.460951426933033,-21.109016790447846,10.250452273793934,-6.916807148022443,-16.484357367419257,5.530988181438082,-19.224686908332483,11.824893449645536,-10.7297160194358,7.259743389632324,9.440134466484478,27.44385071735981,25.944601758653103,-17.619029755970995,-30.441901027422404,0.8302563109143785,-7.562263604459383
24.266042776527915,-34.984673367975624,8.559913589045568,-3.081998706641696,-35.55563648249899,26.38424035376324,-35.71879322063334,-22.20417652776967,-33.08713057836644,-78.73369960452858,-43.55465894937123,-26.75413733386019,-40.54323956345603,-58.00789224334703,-39.12498224691556,-51.83545180100973,36.37454456527332,-65.43812989423637,52.790796674470926,-50.12642659332603,63.56777780459127,11.019403973560424,-29.8264768390971,-18.10150892189967,-11.3360526494044,5.778124355841113,1.5509329195274186,-21.109016790447846,48.040368981294264,-23.015664857161525,15.12191198802059,37.69354308159106,-12.732128705201882,43.944090179368736,-27.240664933386377,24.727749765639672,-17.36405978456605,-21.796500678958783,-62.97715165208022,-59.84439602024732,40.78944691800753,70.63897824631945,-1.9439149108714862,16.729903735926374
-11.444981596658355,16.32914772420035,-4.140119168789967,1.378229025866581,16.785647921041917,-12.67433579815997,16.62534503127366,10.467986302984961,15.939996948745105,37.55670507994224,20.760088249801882,12.858164798582788,19.351131429216576,27.605558175227706,18.604913578349098,24.640024785081206,-17.042116521729938,31.334684505676574,-25.033870898006235,23.63908263521541,-30.145074256443042,-5.403118552273636,14.083733943489886,8.35272507676,5.1926709074437625,-2.7739525190754963,-0.8987599386799878,10.250452273793934,-23.015664857161525,11.162518675836742,-7.476986416253004,-18.006074482784523,6.065897616021699,-20.922049647781613,12.90835671056908,-11.692251070367327,7.91877979597013,10.318208007823443,29.98679785345259,28.27440177088924,-19.191762253609006,-33.22527887375425,0.9120095913320971,-8.20755179925815
7.314981352952797,-10.213889195549623,2.784808693326297,-0.78787598372423,-10.766425189801938,8.391598718874032,-10.349088463100554,-6.6827344224414755,-10.591926600230497,-24.56359344942129,-13.54656692472983,-8.499200452682377,-12.647617925320862,-17.98989503801297,-12.090953112814612,-16.02821885903112,10.74279947312146,-20.60884284312852,16.203162711119926,-15.14186722189232,19.50399558629998,3.6903461024543587,-9.0491936604513,-5.133147058870106,-3.1156787597252245,1.7904327017911872,0.7926743552450213,-6.916807148022443,15.12191198802059,-7.476986416253004,5.238229471538061,11.738251718422353,-3.931971082978916,13.653884205388481,-8.294726042736349,7.507385519663445,-4.724286752595477,-6.6267733105245625,-19.457092662895498,-18.178087521373925,12.242447160586245,21.112121240668376,-0.5727952792880673,5.614788410021314
19.10686964316453,-27.655348992374073,6.691804992891489,-2.4957718029283313,-28.01357281412577,20.691189915729435,-28.270995929003977,-17.523939377599294,-25.92845058699515,-61.83633965435414,-34.21288039342323,-20.963842478983675,-31.852570168736772,-45.562260250108814,-30.755874777350662,-40.71792249099657,28.714035491387857,-51.3361588579405,41.52049256534554,-39.49045433543381,49.996278804760934,8.584380279334606,-23.471085367932776,-14.342235246993246,-9.01774327675654,4.554531050598066,1.1447646311377833,-16.484357367419257,37.69354308159106,-18.006074482784523,11.738251718422353,29.664414158823718,-10.02716138493572,34.52085279376024,-21.43683991053502,19.459245967176155,-13.809953645257648,-17.17869372784789,-49.5336280511357,-47.11027352739982,32.132493224293725,55.7240797381416,-1.534792209267081,13.035062994085983
-6.478128248359154,9.422751066847932,-2.2598407041218467,0.8630175904762847,9.502294892878663,-7.026173350545824,9.623705981142864,5.954852971686707,8.749451210686363,20.894010245572055,11.56194540144074,7.070284218019201,10.775725289559844,15.399829149906118,10.389078493192681,13.761093403149031,-9.733168979565946,17.323836123641833,-14.05045874434161,13.42090049030556,-16.939719339290654,-2.8789282387345554,7.915954253483266,4.869358425423659,3.069136442122502,-1.5565726526531425,-0.35653093772763916,5.530988181438082,-12.732128705201882,6.065897616021699,-3.931971082978916,-10.02716138493572,3.4131393281446614,-11.681479128798957,7.245081435237034,-6.581595025308304,4.694460231380388,5.824868176281357,16.77234809012231,15.961899458139841,-10.895850619755597,-18.8994040769491,0.525477034233872,-4.363991724488054
22.53914884203399,-32.69762321514493,7.865166812911617,-2.914095193379824,-33.11206364968647,24.139707735053562,-33.431906571505024,-20.71213975818498,-30.29543014781237,-72.68262580935696,-40.255043985387864,-24.398705113433575,-37.437760072834,-53.61630447195035,-36.14409403766267,-48.02488072407142,33.89010150163717,-60.09936265265016,48.954364627053046,-46.662703409074304,58.83950457897553,10.06339600559098,-27.82440330438649,-17.207724614558977,-10.747489574477584,5.127147965195393,1.3020965761898298,-19.224686908332483,43.944090179368736,-20.922049647781613,13.653884205388481,34.52085279376024,-11.681479128798957,40.68882627463045,-25.063725468789755,22.93805355290135,-16.61161752145471,-20.112359008553177,-57.85501498793582,-55.61120199784155,38.11686740657484,65.70434458557844,-1.8306091095717965,15.019620607684365
-13.97421439617565,20.32816320219722,-4.794521844614015,1.8454814349270037,20.43930692222126,-14.87633733900924,20.8339904033885,12.78430310232927,18.649033441335764,44.838812221301595,24.833031822176146,15.132091228119165,23.079591897751286,33.11824418101906,22.36702313954161,29.619761610521667,-21.113215990412417,37.137087281295514,-30.23934514840653,28.821584462976777,-36.39362379085109,-6.112625460342419,17.187121368485375,10.658459449478796,6.733299891002197,-3.263676770675628,-0.6995100960747158,11.824893449645536,-27.240664933386377,12.90835671056908,-8.294726042736349,-21.43683991053502,7.245081435237034,-25.063725468789755,15.649929133242257,-14.23461630822596,10.358184525401214,12.496379936738217,35.9302189787,34.39900505011593,-23.55377753514982,-40.79644742249715,1.1257478187347563,-9.280678233156287
12.801496944402457,-18.6630076830348,4.382163848286825,-1.6790125830800737,-18.742870760332668,13.516919312293798,-19.12416597664488,-11.737205850725077,-16.952532227004056,-40.96320949410682,-22.703335975304903,-13.71051613066044,-21.09181999599601,-30.255152670338585,-20.423530676192556,-27.11317069304921,19.35596021323931,-33.81319734330264,27.672741629511986,-26.433507224041417,33.26687889219321,5.579492298691874,-15.797367057611547,-9.881722323572637,-6.220369892785499,2.901586656707138,0.623172641717,-10.7297160194358,24.727749765639672,-11.692251070367327,7.507385519663445,19.459245967176155,-6.581595025308304,22.93805355290135,-14.23461630822596,13.042997290933775,-9.639140416027963,-11.38583418869664,-32.68079850737723,-31.517356923818834,21.660502901153624,37.3623403149448,-1.0382231060337226,8.3440453125859
-9.517930766887043,14.275831234897575,-3.0209246424361615,1.3910439676157988,13.955342587359212,-9.3594442352411,14.73840966295861,8.797569005504391,11.783177020385102,29.453895754916996,16.40539882745531,9.502447825125886,15.160086181257254,21.89049128443359,14.810363564661547,19.75497865429487,-14.662703137223378,23.929319049342133,-20.280002432876046,19.661707688812797,-24.28608936137227,-3.7393277470094053,11.826785898676144,7.926309514598581,5.0485889430034305,-1.9260425098817,-0.10623443289335506,7.259743389632324,-17.36405978456605,7.91877979597013,-4.724286752595477,-13.809953645257648,4.694460231380388,-16.61161752145471,10.358184525401214,-9.639140416027963,7.978961281106867,8.321826435686306,23.420754962642217,23.326023459051218,-16.3138506508495,-28.01352846279102,0.7952409426169589,-5.366152098288036
-11.210574488832048,16.35011863074914,-3.8563165686420122,1.5059461313061033,16.43171022526282,-11.951081711530193,16.734133412633515,10.288140299790033,14.947989081261579,35.944533146514935,19.90315307048134,12.08376634032417,18.51524269590132,26.530918302152287,17.90940410209257,23.753126995902715,-16.91516394300742,29.724499179035774,-24.252966753491833,23.182143033039182,-29.199571656012097,-4.898632748472454,13.767153604349211,8.568454503765441,5.406800623316342,-2.6040435333532987,-0.5509993601380847,9.440134466484478,-21.796500678958783,10.318208007823443,-6.6267733105245625,-17.17869372784789,5.824868176281357,-20.112359008553177,12.496379936738217,-11.38583418869664,8.321826435686306,10.03417262480536,28.782118933772825,27.59910170264662,-18.90869433945542,-32.73115686267688,0.9136812104113426,-7.383712841336792
-32.10765939405993,46.59877611850632,-11.166863752363415,4.218194714443553,47.047172047731515,-34.590190032637906,47.65631551710843,29.42479197778055,43.24905926909076,103.51425034586458,57.290334067589285,35.00669710403607,53.330959573454464,76.34954188010427,51.52263968747194,68.25915342016248,-48.321150833508234,85.82057160963177,-69.64578383328215,66.37104921902943,-83.8529519558939,-14.258104098759429,39.41826446636445,24.252112439133242,15.261360047786418,-7.580544672097882,-1.782177250514885,27.44385071735981,-62.97715165208022,29.98679785345259,-19.457092662895498,-49.5336280511357,16.77234809012231,-57.85501498793582,35.9302189787,-32.68079850737723,23.420754962642217,28.782118933772825,82.91508031956376,79.12334730640225,-54.070650704481466,-93.63175798554522,2.5934184186713067,-21.613588710153106
-31.00339248354647,45.26476669184198,-10.632250787480615,4.136349353252605,45.50162160508496,-32.79955692288516,46.37457541928883,28.485377280019538,41.08705670989424,99.23367435681465,54.98954160681865,33.165102511099086,51.10790040298331,73.31277832340146,49.45936821483202,65.70658958173962,-46.835758418183744,81.86393441321702,-67.0914033432556,64.1562207057648,-80.63260879087098,-13.487584388512746,38.24210958760049,23.978243011776026,15.0620204231004,-6.982306899192714,-1.4960817409648284,25.944601758653103,-59.84439602024732,28.27440177088924,-18.178087521373925,-47.11027352739982,15.961899458139841,-55.61120199784155,34.39900505011593,-31.517356923818834,23.326023459051218,27.59910170264662,79.12334730640225,76.39709400187935,-52.502626578223364,-90.53218582547227,2.530915771460881,-20.133396157189424
21.322406814313588,-31.23994802660615,7.246248717990708,-2.861000940233852,-31.297725429501558,22.319221750380592,-32.02310435840029,-19.61120091275428,-27.98872800826367,-67.9269056039787,-37.67437726925407,-22.56328329671937,-34.98692072841898,-50.22386757421642,-33.882423065625396,-45.0773698805695,32.2788671741302,-55.89451608683735,46.04402045604379,-44.12497738153967,55.29569756484928,9.17456781826074,-26.347022134733525,-16.688261046975704,-10.485219629034907,4.698916349668855,0.9316649279389951,-17.619029755970995,40.78944691800753,-19.191762253609006,12.242447160586245,32.132493224293725,-10.895850619755597,38.11686740657484,-23.55377753514982,21.660502901153624,-16.3138506508495,-18.90869433945542,-54.070650704481466,-52.502626578223364,36.19850822438931,62.30031989823051,-1.7519811350755832,13.567907746327084
36.78080386908736,-53.92596343296806,12.470561196404008,-5.003064318516667,-53.95819398486944,38.610352226596675,-55.30018994469425,-33.8294994016321,-48.39445512349115,-117.22170263553316,-65.00797595031304,-39.093150672760046,-60.36673062541979,-86.66868539291418,-58.510588819139734,-77.69890431686127,55.715456808554876,-96.60577504641182,79.41877140482063,-76.07600466880425,95.44333926196255,15.788471087381819,-45.340716822201024,-28.66418116868387,-18.072579308203004,8.287799048524557,1.5727398737549703,-30.441901027422404,70.63897824631945,-33.22527887375425,21.112121240668376,55.7240797381416,-18.8994040769491,65.70434458557844,-40.79644742249715,37.3623403149448,-28.01352846279102,-32.73115686267688,-93.63175798554522,-90.53218582547227,62.30031989823051,107.59664937052031,-2.997804116547357,23.549319952958868
-1.03092727559449,1.5215492333161056,-0.34767754154016917,0.14401549843270414,1.5108765148315095,-1.0770496228861748,1.555706519687401,0.9449423433339257,1.3292291187650178,3.247578034449359,1.7965143612921406,1.0702769963722771,1.6807229692074186,2.400176546623778,1.6178190199745344,2.1603629052371582,-1.5622512672211044,2.6608794613070206,-2.209587079579262,2.1388410067618953,-2.6634061541718332,-0.43125729863709816,1.260454301252053,0.8068711916126503,0.513966542448845,-0.22223631417189316,-0.031361859682400815,0.8302563109143785,-1.9439149108714862,0.9120095913320971,-0.5727952792880673,-1.534792209267081,0.525477034233872,-1.8306091095717965,1.1257478187347563,-1.0382231060337226,0.7952409426169589,0.9136812104113426,2.5934184186713067,2.530915771460881,-1.7519811350755832,-2.997804116547357,0.09339892848898027,-0.6336361266290015
8.135989025818038,-11.441603030121488,3.017861443308702,-0.915553328148324,-11.914145208046362,9.200319787438191,-11.61952058641569,-7.4024552705472555,-11.62379542577865,-27.062282095931316,-14.937850701128697,-9.392841383684832,-13.927153096501579,-19.85391128777152,-13.375252972907314,-17.67951330392749,12.035245234559845,-22.726007847026192,17.905848219146932,-16.761471431791186,21.576919486472367,3.9958159315713484,-10.025309772804233,-5.748572383585529,-3.550590602805998,2.037443319834098,0.7746435251915793,-7.562263604459383,16.729903735926374,-8.20755179925815,5.614788410021314,13.035062994085983,-4.363991724488054,15.019620607684365,-9.280678233156287,8.3440453125859,-5.366152098288036,-7.383712841336792,-21.613588710153106,-20.133396157189424,13.567907746327084,23.549319952958868,-0.6336361266290015,6.152592570159513
