V1,V2,V3,V4,V5,V6,V7,V8,V9,V10,V11,V12,V13,V14,V15,V16,V17,V18,V19,V20,V21,V22,V23,V24,V25,V26,V27,V28,V29,V30,V31,V32,V33,V34,V35,V36,V37,V38,V39,V40,V41,V42,V43,V44
2.532133586995411,-0.1421905893353377,0.554180622198673,0.20419954185892852,-1.6443686337193726,-0.4435984899391019,1.407916702703604,0.20398599807616719,-3.392197308330301,4.749839450879558,-1.238529071647532,-0.3359938142588653,-1.4503282274805058,0.1856293664317226,1.9898679824278729,-1.4701870782665356,-0.13007066896659547,-1.2689104614703084,1.5328858024713692,-0.3493711022661966,-0.9623457591443193,-1.5445812903661749,2.7071497094143444,-0.9084731070131978,-0.3156763738366751,-2.3081613442354216,-0.5468319175842583,-1.1852168247803283,-0.7513453604165787,0.9372627499351741,0.6687290830364719,1.080172580570855,1.3096518596836084,1.0837717374413978,0.6276473257045285,-2.6809125185723848,-0.45502676372320633,-0.1833002802773102,1.9685280757919263,-0.35937575502830554,-1.159374976932591,-3.671566888985895,0.02733750999274525,0.24535456725951216
-0.1421905893353377,0.3077501051021224,-0.13468785407446404,0.06936093413995958,-0.03909507004307277,-0.49203058291192975,0.8349506789007847,-0.18851863794165016,0.5989790672647483,-0.442221175393353,0.774806985285993,-0.1284518069616527,-0.17858410760579557,-0.12741343213136272,0.9721318271141494,0.4237800838455855,-0.751398284255343,0.5858799499376741,0.2969520184337267,0.4045551934557968,0.00482502017909993,-0.20405245929529925,-0.14800729262983284,-0.6754474548942518,-0.5499932364785999,0.5856402194951966,0.5225321566606241,0.2099475272912516,0.02338380984409065,-0.3285386450557894,-0.4029026853010777,-0.21547537835485986,-0.28059883198939845,0.5206975742356713,-0.46453506339795764,0.2969913178118149,-0.1711506509428022,0.14590878920887226,-0.601592234457535,0.1252223411872486,-0.03179451951740873,-0.5267723299167751,-0.03216008257346956,0.0048551900002563745
0.554180622198673,-0.13468785407446404,0.2962854171935954,0.025292392922581498,-0.24504127964563388,0.09754292704899924,-0.02965546019822336,0.27394560275150937,-0.816784370265412,0.9209091567387417,-0.6250669243586335,-0.0014941256096152843,-0.28003029719040107,0.10986221700055913,-0.00947707751501172,-0.47154119953802104,0.22903422492121409,-0.5449891921250252,0.11201405449026235,-0.2576948989946727,-0.16303991847464558,-0.2039165014168325,0.5884643527859431,0.11614091312663838,0.20682722188254712,-0.5342344055970265,-0.299160840146362,-0.2192537177918273,-0.2118962298780727,0.37625275508279826,0.19792736359861296,0.35362691943471064,0.45190524270808047,-0.004195935804691509,0.3779799490002268,-0.6240531470012883,-0.06711171461057558,0.03359968842025294,0.584411374808132,-0.20050172157056692,-0.13548272410310797,-0.5266912042356431,-0.12004299441847201,0.018992457903330994
0.20419954185892852,0.06936093413995958,0.025292392922581498,0.07380545039858351,-0.18361735219984943,-0.18808244419731457,0.4443952280107557,-0.0084560565322132,-0.049048896137373815,0.25290587558322647,0.17152817145842525,-0.08509349124628954,-0.2372300935636148,-0.0715001030613603,0.5181523316403294,0.03343935450935831,-0.31518734331277987,0.08544811315220338,0.20922917765391078,0.1322303164539881,-0.05355333051839149,-0.21490455706093506,0.19587397569365236,-0.29774050341956276,-0.18266152693544363,0.01123956885344345,0.1772526177656754,0.016568206059580728,-0.059171008311982805,0.00758252540134953,-0.12742153094896505,0.04248480515338722,-0.01157726584295178,0.29659365198783466,-0.14545404137444667,-0.12057717253821341,-0.11432696940197795,0.07599741579400728,-0.03666380354571648,0.02084581817365692,-0.12610423827151182,-0.5638554400374243,0.0048792581346251,0.07658117838377365
-1.6443686337193726,-0.03909507004307277,-0.24504127964563388,-0.18361735219984943,1.1772704020618083,0.5331673499805865,-1.3821090781146876,0.02028344341060034,1.9986880063857557,-3.0661586478653784,0.387645766374257,0.30597616884667866,1.0591233395302995,-0.019462021195898925,-1.8541271759583888,0.7583213914108394,0.4758177575164206,0.5198205009930399,-1.2074002059988407,-0.0012297042018428758,0.6486845423074991,1.1594273230054186,-1.7530853928920356,0.9626630711394248,0.5035783796259705,1.3295671379118175,0.08278613485701135,0.7153628564176718,0.46460979929948515,-0.4528646833845435,-0.26687048245262907,-0.5998495178218112,-0.6756808957230674,-1.0142335358593066,-0.12225223578140886,1.6571562412601688,0.3764401462808832,0.09159445943466425,-1.0349098910301913,0.13214184505433207,0.8488396280481172,2.770447022428065,-0.08314879847921859,-0.21389467935409964
-0.4435984899391019,-0.49203058291192975,0.09754292704899924,-0.18808244419731457,0.5331673499805865,1.0002555477033168,-1.9104098712254227,0.29616441162145524,-0.14347994758841573,-0.5371882248689497,-1.0728437271982894,0.3392964867940524,0.7207312539060012,0.2090860347786171,-2.299360838397488,-0.3667850458389158,1.3771760842214331,-0.7080311899167571,-0.9444350813236336,-0.6495343812328991,0.2400608695158045,0.8025602193400191,-0.49786333806859456,1.453300104300455,1.0629245640290208,-0.3988337815071705,-0.8039962712314465,-0.03807222970651666,0.17141743748418153,0.32005612697927555,0.5502151801911844,0.07582376370664658,0.17099194855496044,-1.2362274612171449,0.6930393377722359,0.19507737808990833,0.4171895887040478,-0.21800712751236379,0.5325801342198722,-0.14016015067813486,0.3918170298600788,1.9869217303465838,0.03826883421743669,-0.10078080818004169
1.407916702703604,0.8349506789007847,-0.02965546019822336,0.4443952280107557,-1.3821090781146876,-1.9104098712254227,4.15180028825806,-0.49513817394702947,-0.5168575636184355,2.114782129102708,1.7717792916835924,-0.858226891137718,-1.7493367758191327,-0.49435098595192584,4.841826252782856,0.3889571101018022,-2.640423881882882,0.9945110209054182,1.9645040107983343,1.2042642844156892,-0.5365568312726605,-1.9451513747111222,1.7221766026486904,-3.010015923507881,-1.9630235016582904,0.23536011185323114,1.4517831684611882,-0.21670453777436,-0.6785400162517837,-0.29794260197554034,-1.004744366848927,0.3154392167432975,-0.047896372368302395,2.614356006653652,-1.2808116176667033,-0.9817934139474812,-0.8599902034183452,0.5251999073506817,-0.5407383574119715,0.20842497549385028,-0.9806966796544109,-4.799240585285082,-0.17690773314084224,0.26998710330376174
0.20398599807616719,-0.18851863794165016,0.27394560275150937,-0.0084560565322132,0.02028344341060034,0.29616441162145524,-0.49513817394702947,0.35835373989378955,-0.3577578758904464,0.2162026614198298,-0.6331876924872646,0.11859015276211092,-0.04083739272971551,0.11541103174557979,-0.5775492395713885,-0.3279199163193458,0.38765086377844615,-0.48614280327692266,-0.21072158218502332,-0.29748294023989125,-0.017020048341221203,0.11919607660476142,0.14801479028425807,0.46508519861852893,0.4091943790214891,-0.26862447878110657,-0.3163218640419713,-0.006025674098405789,-0.05879005810236926,0.32828038306326,0.16307205779042228,0.20265784224280844,0.2982859112468707,-0.2980585966256214,0.39622317260084244,-0.2482793016939908,0.016838503111494665,0.05489465627850392,0.39731452506441123,-0.1846505242361374,0.06199492923484909,0.19983072826217882,-0.0973220437907692,0.007311203938509798
-3.392197308330301,0.5989790672647483,-0.816784370265412,-0.049048896137373815,1.9986880063857557,-0.14347994758841573,-0.5168575636184355,-0.3577578758904464,5.5857691294833876,-6.998320612763582,2.843882498224189,0.2769034191548151,1.4260591403280911,-0.5472430814758237,-1.079476383068375,2.6467295098868866,-1.193884601440484,2.560092078181163,-1.5934237823114712,1.161950167685822,1.327822780966448,1.7161763763218472,-3.8226468697769453,0.24660411932696663,-0.3381560050952183,4.014799828256301,1.6985324860322484,2.1219437472274323,1.0958788564953226,-1.6016641945009518,-1.6650406520300274,-1.760403147616194,-2.2553549346562347,-0.5288341992862334,-1.6459302108167295,4.038279364204575,0.24022189534710264,0.6020256640115853,-3.541171579617179,0.6800843389094628,1.4163060226699233,3.832240544510328,0.004264135228096155,-0.10871998645962976
4.749839450879558,-0.442221175393353,0.9209091567387417,0.25290587558322647,-3.0661586478653784,-0.5371882248689497,2.114782129102708,0.2162026614198298,-6.998320612763582,9.485547433180418,-2.7580010010004115,-0.6071799662512878,-2.423586576614658,0.46242882528132934,3.1602776489780338,-3.057200751186703,0.40256239942952915,-2.6887178678549986,2.7829010285532627,-0.9245446201862461,-1.8778286577823133,-2.8134250198011097,5.253346491563712,-1.3875132055826596,-0.36309264949810194,-4.919010076075649,-1.484711000446151,-2.6303946570072805,-1.4562670925895864,1.832269516059534,1.700082736932028,2.148190310465417,2.6214736170596264,1.6755360632962046,1.4609076796335192,-5.300283795687242,-0.6339181601566912,-0.6205686852238891,4.140713044551864,-0.6917477077767109,-2.202636760637371,-6.499474649012275,0.1279065483109965,0.33845107551017284
-1.238529071647532,0.774806985285993,-0.6250669243586335,0.17152817145842525,0.387645766374257,-1.0728437271982894,1.7717792916835924,-0.6331876924872646,2.843882498224189,-2.7580010010004115,2.6107544024992735,-0.2749655308491681,0.010933480642928503,-0.5583424006483501,1.8683962823134463,1.7189347121106175,-1.976933071069958,2.049992553138915,0.1944797621477806,1.2945773809122452,0.43354165599234135,-0.020855424587424752,-1.3340515820036014,-1.428730714678012,-1.2771140787147073,2.275363860408412,1.6820908034609146,0.9939996004934037,0.35846518019204965,-1.1588509871202675,-1.3500290877772214,-0.9348405529727324,-1.3802517803091567,1.032251973868911,-1.6404395695991036,1.7911695058882442,-0.25647408050372195,0.45130332978738286,-2.272599519851402,0.5683333118271507,0.2342875747597421,-0.19767153453522854,0.05061470673630572,0.08406051080723484
-0.3359938142588653,-0.1284518069616527,-0.0014941256096152843,-0.08509349124628954,0.30597616884667866,0.3392964867940524,-0.858226891137718,0.11859015276211092,0.2769034191548151,-0.6071799662512878,-0.2749655308491681,0.2182482525372539,0.35577235058793494,0.11288377769378834,-0.9505103220457928,-0.005960726825194453,0.44017891073366466,-0.11036782356073581,-0.3729409704074706,-0.2067079938634193,0.10211804601548757,0.4389411850698086,-0.47827385356175695,0.6035488366414576,0.34224757534660355,0.07912260185823064,-0.2281298579994872,0.13912773662109257,0.21561223202554713,0.006336902614875088,0.15753811648727986,-0.1679967039428979,-0.04989179234516891,-0.5053616861617499,0.2272847274119903,0.2972035661729023,0.1433134944824054,-0.10085221106217182,-0.0017198425862920066,-0.035002461258616294,0.21712824046664228,1.046501036015041,0.0666283164182646,-0.043171919374420296
-1.4503282274805058,-0.17858410760579557,-0.28003029719040107,-0.2372300935636148,1.0591233395302995,0.7207312539060012,-1.7493367758191327,-0.04083739272971551,1.4260591403280911,-2.423586576614658,0.010933480642928503,0.35577235058793494,1.147410000911765,0.0735789932949629,-2.1824114485475015,0.46908695966737307,0.8749369455453424,0.23969000340748395,-1.1554883916952665,-0.20817145601288828,0.5303442112360269,1.1599408141208232,-1.549580523308619,1.191284038217663,0.6579367510797179,0.7889022390665255,-0.2377578059956239,0.4396184722515568,0.478465301921159,-0.3336429237672072,0.07999918938887858,-0.5206045480524184,-0.5135877513773022,-1.1973997955968574,0.1089085981976437,1.3343256182604262,0.4713040993364114,-0.13893936300219958,-0.6087503581477393,0.10789317092548502,0.7328752647074567,2.8702807730278557,0.05143305786088829,-0.21299490875298788
0.1856293664317226,-0.12741343213136272,0.10986221700055913,-0.0715001030613603,-0.019462021195898925,0.2090860347786171,-0.49435098595192584,0.11541103174557979,-0.5472430814758237,0.46242882528132934,-0.5583424006483501,0.11288377769378834,0.0735789932949629,0.19069689364176323,-0.46965329883286855,-0.35543041192189984,0.44919613501051797,-0.39780284687661166,-0.021987807071074287,-0.3082279380850253,-0.12159749598284497,0.07162093000108836,0.17271637461381376,0.33045382302511955,0.22894142809533155,-0.4257263496247489,-0.39614170347053335,-0.20049987277228667,-0.016133404182137812,0.17684426329598238,0.33094936989832274,0.10789575514852587,0.30005867945669734,-0.269665509944438,0.4076356513385582,-0.3320849321197561,0.05807035944892948,-0.1462096632409946,0.43575196792632187,-0.1397358761766597,-0.00674650026254774,0.2276257903114624,-0.007632095281802734,-0.07552457597459938
1.9898679824278729,0.9721318271141494,-0.00947707751501172,0.5181523316403294,-1.8541271759583888,-2.299360838397488,4.841826252782856,-0.5775492395713885,-1.079476383068375,3.1602776489780338,1.8683962823134463,-0.9505103220457928,-2.1824114485475015,-0.46965329883286855,5.853872800750832,0.23404164691998683,-3.068406481016467,1.024264008418381,2.6023198974339037,1.3178504827477855,-0.8556882145334704,-2.413757696186562,2.263817088340373,-3.5652482876360185,-2.391626976005904,-0.10283569447567516,1.5663680714065182,-0.40515438643361945,-0.7542485378626964,-0.27610393211677003,-0.9757833548829905,0.36686186872230664,0.10325556230589036,3.1590279815571463,-1.3471894931363169,-1.5144665530393524,-1.072615328089058,0.4661839920078588,-0.3534018707621548,0.1981165960394425,-1.3352196892395998,-5.936718449888436,-0.07805028291220098,0.3458309736661921
-1.4701870782665356,0.4237800838455855,-0.47154119953802104,0.03343935450935831,0.7583213914108394,-0.3667850458389158,0.3889571101018022,-0.3279199163193458,2.6467295098868866,-3.057200751186703,1.7189347121106175,-0.005960726825194453,0.46908695966737307,-0.35543041192189984,0.23404164691998683,1.3894616706189469,-0.9780419142742461,1.452634171183995,-0.45877475497226833,0.7805467018603583,0.5656280429492447,0.5392171804333149,-1.6196872168051746,-0.3646271512790967,-0.4965089181636946,1.9665043409821525,1.0582908023655777,0.9691607273185483,0.45082787812623076,-0.8718279661253459,-0.942951878737109,-0.8447036239679945,-1.1643165533698552,0.15030923289173753,-1.0476514535700172,1.8445470819740546,0.009535180658376045,0.3310073080086929,-1.8265644324665558,0.4083794939795131,0.5223391513887986,1.1562560223858778,0.02640635527604512,-0.014344537680799359
-0.13007066896659547,-0.751398284255343,0.22903422492121409,-0.31518734331277987,0.4758177575164206,1.3771760842214331,-2.640423881882882,0.38765086377844615,-1.193884601440484,0.40256239942952915,-1.976933071069958,0.44017891073366466,0.8749369455453424,0.44919613501051797,-3.068406481016467,-0.9780419142742461,2.2363251736235488,-1.405525069662383,-1.0189583448146362,-1.138676118131241,0.07961350710232361,0.850817742408583,-0.08114930057010544,1.9771884826692145,1.4906714991457162,-1.238473409160483,-1.4836027382734764,-0.5126098599721092,0.056302644678810285,0.6437259260641366,1.123592001619002,0.367422423200154,0.666739022735787,-1.6997509277121514,1.3069913532372825,-0.3977199777276221,0.5896489071567091,-0.48932856683679643,1.33254946403536,-0.31769496770455846,0.3389313465525962,2.2673692799315366,0.017565078975789607,-0.20987117468155606
-1.2689104614703084,0.5858799499376741,-0.5449891921250252,0.08544811315220338,0.5198205009930399,-0.7080311899167571,0.9945110209054182,-0.48614280327692266,2.560092078181163,-2.6887178678549986,2.049992553138915,-0.11036782356073581,0.23969000340748395,-0.39780284687661166,1.024264008418381,1.452634171183995,-1.405525069662383,1.6805096490675135,-0.055331420698163235,0.9692840959707231,0.42065095603867786,0.24401963778616897,-1.4097501934013017,-0.8657797313555912,-0.8949700034936537,1.9709994325249935,1.2764242915366724,0.908267346952369,0.42137015036001163,-0.9933838013510674,-1.0396903519101004,-0.890265152599681,-1.1986474222953556,0.5715827221170905,-1.2501049988871327,1.6908075307210468,-0.12464036582578548,0.3192099621214685,-1.9318815142132637,0.4580410334830639,0.3340857405412054,0.46459990399058715,0.07430187481214084,0.02110012107879408
1.5328858024713692,0.2969520184337267,0.11201405449026235,0.20922917765391078,-1.2074002059988407,-0.9444350813236336,1.9645040107983343,-0.21072158218502332,-1.5934237823114712,2.7829010285532627,0.1944797621477806,-0.3729409704074706,-1.1554883916952665,-0.021987807071074287,2.6023198974339037,-0.45877475497226833,-1.0189583448146362,-0.055331420698163235,1.5091359056934328,0.28454469412960254,-0.7011369067078115,-1.3068169979641384,1.6208698165215396,-1.4849828212354008,-0.9841219865645687,-0.9199644419993139,0.2736954900209976,-0.5992479219421124,-0.4074035562464073,0.15593068454343992,0.025371753797168613,0.3769669829627815,0.47996289376626133,1.4000615709869522,-0.1857903439193868,-1.4567230134247535,-0.5031518042129507,-0.0491964042689444,0.5884063836016177,-0.045741082351432434,-0.8858949815502348,-3.1193064532770314,0.08633939939416012,0.18324515902300817
-0.3493711022661966,0.4045551934557968,-0.2576948989946727,0.1322303164539881,-0.0012297042018428758,-0.6495343812328991,1.2042642844156892,-0.29748294023989125,1.161950167685822,-0.9245446201862461,1.2945773809122452,-0.2067079938634193,-0.20817145601288828,-0.3082279380850253,1.3178504827477855,0.7805467018603583,-1.138676118131241,0.9692840959707231,0.28454469412960254,0.6936341507601494,0.1343099640620007,-0.21981967646847522,-0.3735625159546687,-0.9134410663159679,-0.7328001337215108,0.9839820139503914,0.8873567314109083,0.41964286941219187,0.08271975853855561,-0.5001863895030103,-0.6959784274763641,-0.358488423445413,-0.6091928034471508,0.7314963587915655,-0.8525495568285634,0.6563926187830074,-0.20677674805096763,0.266748361862699,-1.0153361226545032,0.2710379164500699,-0.01770785651385332,-0.6326916315968876,0.019527495220325996,0.09080446387420871
-0.9623457591443193,0.00482502017909993,-0.16303991847464558,-0.05355333051839149,0.6486845423074991,0.2400608695158045,-0.5365568312726605,-0.017020048341221203,1.327822780966448,-1.8778286577823133,0.43354165599234135,0.10211804601548757,0.5303442112360269,-0.12159749598284497,-0.8556882145334704,0.5656280429492447,0.07961350710232361,0.42065095603867786,-0.7011369067078115,0.1343099640620007,0.4532341598150058,0.6000285674397211,-1.005966253871944,0.4067790361720742,0.2338406594269437,0.9027386444245792,0.22095433667754313,0.4817326228021727,0.23620279479159892,-0.2892312377152893,-0.3037020230131229,-0.3336899395097716,-0.5014491866053314,-0.44584594981334635,-0.2545833479041612,1.0460248437948607,0.1860511586487491,0.14122789353825596,-0.7229576723754819,0.13466340794468568,0.4728087442116459,1.3999205586365135,-0.05519276487476899,-0.05957599375632496
-1.5445812903661749,-0.20405245929529925,-0.2039165014168325,-0.21490455706093506,1.1594273230054186,0.8025602193400191,-1.9451513747111222,0.11919607660476142,1.7161763763218472,-2.8134250198011097,-0.020855424587424752,0.4389411850698086,1.1599408141208232,0.07162093000108836,-2.413757696186562,0.5392171804333149,0.850817742408583,0.24401963778616897,-1.3068169979641384,-0.21981967646847522,0.6000285674397211,1.3120169984999686,-1.7656283513070774,1.3773567452231184,0.7741170312752337,0.9828989395663483,-0.19101977220991917,0.651006775646197,0.5656197327318083,-0.29998686051568774,-0.008725481822328294,-0.5910682760302594,-0.5743823611469149,-1.2945371848742036,0.1261764526454322,1.5131398182917724,0.4495713528569667,-0.0539130447290738,-0.7148553118402068,0.08426023903363995,0.8261604014189678,3.1331914356239614,0.05022034220571111,-0.1700880037894474
2.7071497094143444,-0.14800729262983284,0.5884643527859431,0.19587397569365236,-1.7530853928920356,-0.49786333806859456,1.7221766026486904,0.14801479028425807,-3.8226468697769453,5.253346491563712,-1.3340515820036014,-0.47827385356175695,-1.549580523308619,0.17271637461381376,2.263817088340373,-1.6196872168051746,-0.08114930057010544,-1.4097501934013017,1.6208698165215396,-0.3735625159546687,-1.005966253871944,-1.7656283513070774,3.114118105824301,-1.1140145228923917,-0.35336524989554813,-2.530189072718177,-0.6311032502433924,-1.4318821225600327,-0.9908674779131508,1.015954463215042,0.7174899174820258,1.324580394572264,1.4854091484053025,1.1953156523084028,0.670379902525549,-2.9760248467430874,-0.4459194831924586,-0.14584315030424885,2.164950003105757,-0.4040607997708285,-1.2263220854506722,-4.131917911036403,-0.11646384815697132,0.17257645538312388
-0.9084731070131978,-0.6754474548942518,0.11614091312663838,-0.29774050341956276,0.9626630711394248,1.453300104300455,-3.010015923507881,0.46508519861852893,0.24660411932696663,-1.3875132055826596,-1.428730714678012,0.6035488366414576,1.191284038217663,0.33045382302511955,-3.5652482876360185,-0.3646271512790967,1.9771884826692145,-0.8657797313555912,-1.4849828212354008,-0.9134410663159679,0.4067790361720742,1.3773567452231184,-1.1140145228923917,2.263953565904925,1.544911202284682,-0.2654075569899575,-1.0912926523589734,0.14548374195745997,0.4192202532855395,0.3511575311883471,0.7194481695585169,-0.10260752958407379,0.10598385367007847,-1.918374266276137,0.9784114057183819,0.6160775802165248,0.6237691544545287,-0.3143538386873705,0.5158979432028479,-0.18607137643704302,0.6945492073788557,3.3566036891544972,0.0855542876908598,-0.155198191067793
-0.3156763738366751,-0.5499932364785999,0.20682722188254712,-0.18266152693544363,0.5035783796259705,1.0629245640290208,-1.9630235016582904,0.4091943790214891,-0.3381560050952183,-0.36309264949810194,-1.2771140787147073,0.34224757534660355,0.6579367510797179,0.22894142809533155,-2.391626976005904,-0.4965089181636946,1.4906714991457162,-0.8949700034936537,-0.9841219865645687,-0.7328001337215108,0.2338406594269437,0.7741170312752337,-0.35336524989554813,1.544911202284682,1.187797811019715,-0.5198210653222415,-0.8973114551288726,-0.0853481168059194,0.09984741232142037,0.4531297257095584,0.5892278606318287,0.19949264185690763,0.3067919615527744,-1.2865743126309102,0.8110793497987985,0.0557369400123738,0.4159536237418308,-0.18616081019442293,0.6981501838288937,-0.20025015345010483,0.3861403093961174,1.9057276138622676,-0.025601639096756897,-0.09061936603356636
-2.3081613442354216,0.5856402194951966,-0.5342344055970265,0.01123956885344345,1.3295671379118175,-0.3988337815071705,0.23536011185323114,-0.26862447878110657,4.014799828256301,-4.919010076075649,2.275363860408412,0.07912260185823064,0.7889022390665255,-0.4257263496247489,-0.10283569447567516,1.9665043409821525,-1.238473409160483,1.9709994325249935,-0.9199644419993139,0.9839820139503914,0.9027386444245792,0.9828989395663483,-2.530189072718177,-0.2654075569899575,-0.5198210653222415,3.059522053668214,1.4179867166740374,1.5261455763018958,0.6441056668024362,-1.2056162195933147,-1.3869709711914053,-1.1999387175664382,-1.569690426282161,-0.03299847206249101,-1.3097678928732004,2.8042451440117726,0.038066303067059326,0.5755252150760838,-2.6840566223832845,0.4637191172675036,0.9669116829715741,2.133096698604086,-0.14657668809044025,-0.11271092872704354
-0.5468319175842583,0.5225321566606241,-0.299160840146362,0.1772526177656754,0.08278613485701135,-0.8039962712314465,1.4517831684611882,-0.3163218640419713,1.6985324860322484,-1.484711000446151,1.6820908034609146,-0.2281298579994872,-0.2377578059956239,-0.39614170347053335,1.5663680714065182,1.0582908023655777,-1.4836027382734764,1.2764242915366724,0.2736954900209976,0.8873567314109083,0.22095433667754313,-0.19101977220991917,-0.6311032502433924,-1.0912926523589734,-0.8973114551288726,1.4179867166740374,1.1782265389945807,0.6622223766362574,0.15141263649914485,-0.6518336114960299,-0.9595734638183779,-0.5059280460693112,-0.8197110858828076,0.8776549742940238,-1.0934043745655144,0.9776907744775145,-0.273703576189406,0.3883690070148554,-1.4053878016766683,0.3368211035079252,0.04826544794432688,-0.6285248794953906,0.0037628312305446844,0.12339251051906269
-1.1852168247803283,0.2099475272912516,-0.2192537177918273,0.016568206059580728,0.7153628564176718,-0.03807222970651666,-0.21670453777436,-0.006025674098405789,2.1219437472274323,-2.6303946570072805,0.9939996004934037,0.13912773662109257,0.4396184722515568,-0.20049987277228667,-0.40515438643361945,0.9691607273185483,-0.5126098599721092,0.908267346952369,-0.5992479219421124,0.41964286941219187,0.4817326228021727,0.651006775646197,-1.4318821225600327,0.14548374195745997,-0.0853481168059194,1.5261455763018958,0.6622223766362574,0.9001978684951373,0.4302268652757099,-0.5265648915267911,-0.6699779883235261,-0.6511938047930298,-0.8217763076731648,-0.1809240667611058,-0.5847044515389306,1.4897658890472867,0.03198009714318427,0.2866748349067844,-1.3130265318628498,0.22195755272272957,0.5235784384158849,1.373856616150894,0.007174098775073623,0.007535874868399719
-0.7513453604165787,0.02338380984409065,-0.2118962298780727,-0.059171008311982805,0.46460979929948515,0.17141743748418153,-0.6785400162517837,-0.05879005810236926,1.0958788564953226,-1.4562670925895864,0.35846518019204965,0.21561223202554713,0.478465301921159,-0.016133404182137812,-0.7542485378626964,0.45082787812623076,0.056302644678810285,0.42137015036001163,-0.4074035562464073,0.08271975853855561,0.23620279479159892,0.5656197327318083,-0.9908674779131508,0.4192202532855395,0.09984741232142037,0.6441056668024362,0.15141263649914485,0.4302268652757099,0.41832924098973123,-0.31100833935528205,-0.1225073194887232,-0.4962953259419117,-0.47017849314342175,-0.3830348764496092,-0.1686208368947766,0.8581042941927502,0.12829363171154975,-0.06423066870405787,-0.5857330073029757,0.1387187146997936,0.30458224786506316,1.3220769241545738,0.17403526642523948,0.0026791227067494198
0.9372627499351741,-0.3285386450557894,0.37625275508279826,0.00758252540134953,-0.4528646833845435,0.32005612697927555,-0.29794260197554034,0.32828038306326,-1.6016641945009518,1.832269516059534,-1.1588509871202675,0.006336902614875088,-0.3336429237672072,0.17684426329598238,-0.27610393211677003,-0.8718279661253459,0.6437259260641366,-0.9933838013510674,0.15593068454343992,-0.5001863895030103,-0.2892312377152893,-0.29998686051568774,1.015954463215042,0.3511575311883471,0.4531297257095584,-1.2056162195933147,-0.6518336114960299,-0.5265648915267911,-0.31100833935528205,0.6504903793794689,0.5292754488211248,0.6000855379381645,0.7271017680921148,-0.14756149939255112,0.6614112419181839,-1.121620512466888,-0.003594915626922649,-0.1145178237600433,1.1676004185314608,-0.26940796911388365,-0.29588287946725145,-0.7049792498907701,-0.046384157203099685,0.05832254771127488
0.6687290830364719,-0.4029026853010777,0.19792736359861296,-0.12742153094896505,-0.26687048245262907,0.5502151801911844,-1.004744366848927,0.16307205779042228,-1.6650406520300274,1.700082736932028,-1.3500290877772214,0.15753811648727986,0.07999918938887858,0.33094936989832274,-0.9757833548829905,-0.942951878737109,1.123592001619002,-1.0396903519101004,0.025371753797168613,-0.6959784274763641,-0.3037020230131229,-0.008725481822328294,0.7174899174820258,0.7194481695585169,0.5892278606318287,-1.3869709711914053,-0.9595734638183779,-0.6699779883235261,-0.1225073194887232,0.5292754488211248,0.8682498004467624,0.414092731898541,0.7052758935063838,-0.5465432422185726,0.8665068973430868,-1.02035712060427,0.17816013094247213,-0.4133726248181642,1.2775722993561607,-0.25104168509664015,-0.2038325728230253,0.1486558188390528,0.10041058914904835,-0.0564666315339646
1.080172580570855,-0.21547537835485986,0.35362691943471064,0.04248480515338722,-0.5998495178218112,0.07582376370664658,0.3154392167432975,0.20265784224280844,-1.760403147616194,2.148190310465417,-0.9348405529727324,-0.1679967039428979,-0.5206045480524184,0.10789575514852587,0.36686186872230664,-0.8447036239679945,0.367422423200154,-0.890265152599681,0.3769669829627815,-0.358488423445413,-0.3336899395097716,-0.5910682760302594,1.324580394572264,-0.10260752958407379,0.19949264185690763,-1.1999387175664382,-0.5059280460693112,-0.6511938047930298,-0.4962953259419117,0.6000855379381645,0.414092731898541,0.7271571440983259,0.7686612425158006,0.17635687748662507,0.5045203953571005,-1.2842586399606712,-0.07793018733291598,-0.04011244750339085,1.1213068650080213,-0.24698756176801456,-0.39656438837952007,-1.3568153333767736,-0.15251223185022048,0.027653728069408728
1.3096518596836084,-0.28059883198939845,0.45190524270808047,-0.01157726584295178,-0.6756808957230674,0.17099194855496044,-0.047896372368302395,0.2982859112468707,-2.2553549346562347,2.6214736170596264,-1.3802517803091567,-0.04989179234516891,-0.5135877513773022,0.30005867945669734,0.10325556230589036,-1.1643165533698552,0.666739022735787,-1.1986474222953556,0.47996289376626133,-0.6091928034471508,-0.5014491866053314,-0.5743823611469149,1.4854091484053025,0.10598385367007847,0.3067919615527744,-1.569690426282161,-0.8197110858828076,-0.8217763076731648,-0.47017849314342175,0.7271017680921148,0.7052758935063838,0.7686612425158006,1.0493869209812932,0.022782311378161953,0.8583378275219509,-1.6188812045789256,-0.07434573360967704,-0.20001222420817627,1.489745065063466,-0.3752929939420407,-0.44801005248163234,-1.2660028511647254,-0.13011460115330298,-0.02140059076023478
1.0837717374413978,0.5206975742356713,-0.004195935804691509,0.29659365198783466,-1.0142335358593066,-1.2362274612171449,2.614356006653652,-0.2980585966256214,-0.5288341992862334,1.6755360632962046,1.032251973868911,-0.5053616861617499,-1.1973997955968574,-0.269665509944438,3.1590279815571463,0.15030923289173753,-1.6997509277121514,0.5715827221170905,1.4000615709869522,0.7314963587915655,-0.44584594981334635,-1.2945371848742036,1.1953156523084028,-1.918374266276137,-1.2865743126309102,-0.03299847206249101,0.8776549742940238,-0.1809240667611058,-0.3830348764496092,-0.14756149939255112,-0.5465432422185726,0.17635687748662507,0.022782311378161953,1.7266029190253318,-0.755410030985982,-0.7950837571417707,-0.5915874178255048,0.2626989638165646,-0.20504893467779292,0.11536801345900605,-0.7278572580756653,-3.208658379933142,-0.016394589352658726,0.2176881473558096
0.6276473257045285,-0.46453506339795764,0.3779799490002268,-0.14545404137444667,-0.12225223578140886,0.6930393377722359,-1.2808116176667033,0.39622317260084244,-1.6459302108167295,1.4609076796335192,-1.6404395695991036,0.2272847274119903,0.1089085981976437,0.4076356513385582,-1.3471894931363169,-1.0476514535700172,1.3069913532372825,-1.2501049988871327,-0.1857903439193868,-0.8525495568285634,-0.2545833479041612,0.1261764526454322,0.670379902525549,0.9784114057183819,0.8110793497987985,-1.3097678928732004,-1.0934043745655144,-0.5847044515389306,-0.1686208368947766,0.6614112419181839,0.8665068973430868,0.5045203953571005,0.8583378275219509,-0.755410030985982,1.0877909725967578,-1.0067415609704882,0.18666318841566568,-0.30923361542039357,1.3456607945031123,-0.37845368424049103,-0.05814086265305919,0.4202730893942552,-0.05895989546521757,-0.11402254424421673
-2.6809125185723848,0.2969913178118149,-0.6240531470012883,-0.12057717253821341,1.6571562412601688,0.19507737808990833,-0.9817934139474812,-0.2482793016939908,4.038279364204575,-5.300283795687242,1.7911695058882442,0.2972035661729023,1.3343256182604262,-0.3320849321197561,-1.5144665530393524,1.8445470819740546,-0.3977199777276221,1.6908075307210468,-1.4567230134247535,0.6563926187830074,1.0460248437948607,1.5131398182917724,-2.9760248467430874,0.6160775802165248,0.0557369400123738,2.8042451440117726,0.9776907744775145,1.4897658890472867,0.8581042941927502,-1.121620512466888,-1.02035712060427,-1.2842586399606712,-1.6188812045789256,-0.7950837571417707,-1.0067415609704882,3.048100089637561,0.34268210822044987,0.3261502678605812,-2.448276772211745,0.48337401056782137,1.162830543663364,3.488285958052142,0.025454211746689395,-0.14160574909246146
-0.45502676372320633,-0.1711506509428022,-0.06711171461057558,-0.11432696940197795,0.3764401462808832,0.4171895887040478,-0.8599902034183452,0.016838503111494665,0.24022189534710264,-0.6339181601566912,-0.25647408050372195,0.1433134944824054,0.4713040993364114,0.05807035944892948,-1.072615328089058,0.009535180658376045,0.5896489071567091,-0.12464036582578548,-0.5031518042129507,-0.20677674805096763,0.1860511586487491,0.4495713528569667,-0.4459194831924586,0.6237691544545287,0.4159536237418308,0.038066303067059326,-0.273703576189406,0.03198009714318427,0.12829363171154975,-0.003594915626922649,0.17816013094247213,-0.07793018733291598,-0.07434573360967704,-0.5915874178255048,0.18666318841566568,0.34268210822044987,0.24349845667209458,-0.10833448227873,0.014181443821424522,0.0053954651537463484,0.2560018943807756,1.1455652860128571,0.018420660063479855,-0.08596181162107137
-0.1833002802773102,0.14590878920887226,0.03359968842025294,0.07599741579400728,0.09159445943466425,-0.21800712751236379,0.5251999073506817,0.05489465627850392,0.6020256640115853,-0.6205686852238891,0.45130332978738286,-0.10085221106217182,-0.13893936300219958,-0.1462096632409946,0.4661839920078588,0.3310073080086929,-0.48932856683679643,0.3192099621214685,-0.0491964042689444,0.266748361862699,0.14122789353825596,-0.0539130447290738,-0.14584315030424885,-0.3143538386873705,-0.18616081019442293,0.5755252150760838,0.3883690070148554,0.2866748349067844,-0.06423066870405787,-0.1145178237600433,-0.4133726248181642,-0.04011244750339085,-0.20001222420817627,0.2626989638165646,-0.30923361542039357,0.3261502678605812,-0.10833448227873,0.29599934257765675,-0.46436309840252254,0.036656299491327815,0.10232784349885175,-0.25738949383482,-0.1576091327923867,0.011898793596297178
1.9685280757919263,-0.601592234457535,0.584411374808132,-0.03666380354571648,-1.0349098910301913,0.5325801342198722,-0.5407383574119715,0.39731452506441123,-3.541171579617179,4.140713044551864,-2.272599519851402,-0.0017198425862920066,-0.6087503581477393,0.43575196792632187,-0.3534018707621548,-1.8265644324665558,1.33254946403536,-1.9318815142132637,0.5884063836016177,-1.0153361226545032,-0.7229576723754819,-0.7148553118402068,2.164950003105757,0.5158979432028479,0.6981501838288937,-2.6840566223832845,-1.4053878016766683,-1.3130265318628498,-0.5857330073029757,1.1676004185314608,1.2775722993561607,1.1213068650080213,1.489745065063466,-0.20504893467779292,1.3456607945031123,-2.448276772211745,0.014181443821424522,-0.46436309840252254,2.4681516517347535,-0.49905664557276647,-0.7236371323798935,-1.5348628750552489,0.029102559204108706,0.057590300691836294
-0.35937575502830554,0.1252223411872486,-0.20050172157056692,0.02084581817365692,0.13214184505433207,-0.14016015067813486,0.20842497549385028,-0.1846505242361374,0.6800843389094628,-0.6917477077767109,0.5683333118271507,-0.035002461258616294,0.10789317092548502,-0.1397358761766597,0.1981165960394425,0.4083794939795131,-0.31769496770455846,0.4580410334830639,-0.045741082351432434,0.2710379164500699,0.13466340794468568,0.08426023903363995,-0.4040607997708285,-0.18607137643704302,-0.20025015345010483,0.4637191172675036,0.3368211035079252,0.22195755272272957,0.1387187146997936,-0.26940796911388365,-0.25104168509664015,-0.24698756176801456,-0.3752929939420407,0.11536801345900605,-0.37845368424049103,0.48337401056782137,0.0053954651537463484,0.036656299491327815,-0.49905664557276647,0.17796259345953386,0.06656795243592215,0.19081836293360052,0.08881014635326195,0.03835856289890332
-1.159374976932591,-0.03179451951740873,-0.13548272410310797,-0.12610423827151182,0.8488396280481172,0.3918170298600788,-0.9806966796544109,0.06199492923484909,1.4163060226699233,-2.202636760637371,0.2342875747597421,0.21712824046664228,0.7328752647074567,-0.00674650026254774,-1.3352196892395998,0.5223391513887986,0.3389313465525962,0.3340857405412054,-0.8858949815502348,-0.01770785651385332,0.4728087442116459,0.8261604014189678,-1.2263220854506722,0.6945492073788557,0.3861403093961174,0.9669116829715741,0.04826544794432688,0.5235784384158849,0.30458224786506316,-0.29588287946725145,-0.2038325728230253,-0.39656438837952007,-0.44801005248163234,-0.7278572580756653,-0.05814086265305919,1.162830543663364,0.2560018943807756,0.10232784349885175,-0.7236371323798935,0.06656795243592215,0.626773432309892,1.9583252276799288,-0.10183744062917076,-0.1621108588693424
-3.671566888985895,-0.5267723299167751,-0.5266912042356431,-0.5638554400374243,2.770447022428065,1.9869217303465838,-4.799240585285082,0.19983072826217882,3.832240544510328,-6.499474649012275,-0.19767153453522854,1.046501036015041,2.8702807730278557,0.2276257903114624,-5.936718449888436,1.1562560223858778,2.2673692799315366,0.46459990399058715,-3.1193064532770314,-0.6326916315968876,1.3999205586365135,3.1331914356239614,-4.131917911036403,3.3566036891544972,1.9057276138622676,2.133096698604086,-0.6285248794953906,1.373856616150894,1.3220769241545738,-0.7049792498907701,0.1486558188390528,-1.3568153333767736,-1.2660028511647254,-3.208658379933142,0.4202730893942552,3.488285958052142,1.1455652860128571,-0.25738949383482,-1.5348628750552489,0.19081836293360052,1.9583252276799288,7.5980878558392835,0.12282476493129764,-0.45959143355695603
0.02733750999274525,-0.03216008257346956,-0.12004299441847201,0.0048792581346251,-0.08314879847921859,0.03826883421743669,-0.17690773314084224,-0.0973220437907692,0.004264135228096155,0.1279065483109965,0.05061470673630572,0.0666283164182646,0.05143305786088829,-0.007632095281802734,-0.07805028291220098,0.02640635527604512,0.017565078975789607,0.07430187481214084,0.08633939939416012,0.019527495220325996,-0.05519276487476899,0.05022034220571111,-0.11646384815697132,0.0855542876908598,-0.025601639096756897,-0.14657668809044025,0.0037628312305446844,0.007174098775073623,0.17403526642523948,-0.046384157203099685,0.10041058914904835,-0.15251223185022048,-0.13011460115330298,-0.016394589352658726,-0.05895989546521757,0.025454211746689395,0.018420660063479855,-0.1576091327923867,0.029102559204108706,0.08881014635326195,-0.10183744062917076,0.12282476493129764,0.24241254332981493,0.09552867854685003
0.24535456725951216,0.0048551900002563745,0.018992457903330994,0.07658117838377365,-0.21389467935409964,-0.10078080818004169,0.26998710330376174,0.007311203938509798,-0.10871998645962976,0.33845107551017284,0.08406051080723484,-0.043171919374420296,-0.21299490875298788,-0.07552457597459938,0.3458309736661921,-0.014344537680799359,-0.20987117468155606,0.02110012107879408,0.18324515902300817,0.09080446387420871,-0.05957599375632496,-0.1700880037894474,0.17257645538312388,-0.155198191067793,-0.09061936603356636,-0.11271092872704354,0.12339251051906269,0.007535874868399719,0.0026791227067494198,0.05832254771127488,-0.0564666315339646,0.027653728069408728,-0.02140059076023478,0.2176881473558096,-0.11402254424421673,-0.14160574909246146,-0.08596181162107137,0.011898793596297178,0.057590300691836294,0.03835856289890332,-0.1621108588693424,-0.45959143355695603,0.09552867854685003,0.13873080095637694
