V1,V2,V3,V4,V5,V6,V7,V8,V9,V10,V11,V12,V13,V14,V15,V16,V17,V18,V19,V20,V21,V22,V23,V24,V25,V26,V27,V28,V29,V30,V31,V32,V33,V34,V35,V36,V37,V38,V39,V40,V41,V42,V43,V44
14.292922334988493,3.4727946075263056,5.9978447908304915,-1.7488862282655728,5.6528921491862985,-2.0653037565886705,-0.6890579204398232,-10.096565955030657,1.0643133517009802,1.299242575299514,-9.082341065474484,-1.2662482536554767,-1.6187986139046562,7.994438313352674,-9.493503143477026,2.6839665690695735,-2.3332973470996112,-9.071542869026864,0.021680056072231103,-2.037423533561649,9.340549857112215,0.9786616209169731,1.4302080423672965,-2.4160906596149765,-4.029518062701633,-0.6618297772619719,3.9075804482927894,6.993099442941988,-11.899829176139368,0.3773097660731482,-2.725341839200498,4.54907296925115,1.606130359109145,2.7071737518471064,3.661545614130369,2.8991027902079183,-0.7880142498844692,3.1295649117686493,2.8225707108659353,3.9491400061462363,-0.2717777260309625,2.6103571463116904,-0.6319625416581979,-9.84233714493054
3.4727946075263056,1.3892796090534156,1.6673651026790253,-1.2170163981257396,0.8508569168077312,-0.42991992639230947,-0.6602906990410267,-2.0547072715709365,0.7361096682991515,-0.013219481494949534,-1.9053595400166983,0.4918925822861508,-0.0038405140724313428,1.4539433795307306,-3.0432243967857455,-0.31828202797551775,-0.4854194621435172,-2.521027481965705,0.0066051365854409416,-0.08630547918006086,2.7289707446935787,0.20247317445417257,0.1306950060453747,-0.7751758931205699,-0.7359003773178195,-0.4846337049990875,1.0548050167759417,1.8170629210591183,-2.968377082173741,0.6930309391632113,-0.28935872144533104,0.8394365580313569,0.805620203534558,0.33880164245311145,0.22746425117567626,0.3748020947894316,0.25097203932067835,0.44036801227065114,0.7069615976587103,0.7032207661431462,-0.2143649541152365,0.7850318885291585,-0.19127908893024234,-1.8948151323549876
5.9978447908304915,1.6673651026790253,3.1601249696433693,-1.01745755542886,2.1023304474107287,-0.7919973693198461,-0.7361655716174029,-3.5086689910830575,1.3307439507190901,-0.05562664781793777,-4.3602804250782805,-0.29625031511741684,-0.8610121562030485,3.1037024813678236,-4.848369811732252,0.27325090247681316,-1.1536290011701291,-4.361768470278079,0.07412102898157463,-0.4576350462491935,3.809604336920022,0.8616927942515306,-0.2225875428471358,-1.0196115348376962,-1.2192100711523948,-0.5521665111710107,2.1574917941607983,2.8195203042303003,-5.415572390092805,0.6467983658459358,-0.457536757287826,2.171070850305841,1.5371368814757378,1.5433635620685398,1.3543865834342994,1.2811436079078622,0.12667317640496673,1.5170417618663898,1.4788624556610723,1.2986158145509572,-0.6270658094402721,1.834938482745105,-0.6179118857753522,-4.0212428982482775
-1.7488862282655728,-1.2170163981257396,-1.01745755542886,1.5639876430907589,0.3704281964688384,0.36333327732720344,0.9310037019860373,0.6233398150923339,-0.582546803005083,0.3993301039762129,0.4588534683648562,-1.1055910572741572,-0.48011515071349825,-0.09593564718666624,2.21362984124912,1.1147969002030726,-0.12829763918530127,1.4862041070280878,0.13134904790973545,-0.3800432641416368,-1.7603408731711325,-0.0343482159229083,-0.005945435577845246,0.6352608202047547,0.1500883144799739,0.509713733430265,-0.587063001853096,-0.9952714088693984,1.5465843442401657,-0.9454418395214705,-0.32076122626893017,0.04200789258940186,-0.7856882016572861,0.2292582351568878,0.6418447362190427,0.32153687838880335,-0.4899706716476256,0.17888795428108578,-0.12634593219179588,-0.14968426956170988,0.3347683322167205,-0.4330437571580496,0.13196827787381932,0.24482820889088874
5.6528921491862985,0.8508569168077312,2.1023304474107287,0.3704281964688384,3.2875667246971685,-0.5552567338148763,0.44125975366635,-4.605717187287841,0.2637587834370274,0.9911890225831624,-4.119751602907114,-1.4236694774293532,-1.116869268054131,3.9319368707807745,-3.023347355523918,2.1694731585132123,-1.4538779567309172,-3.343628258289197,0.17175341287345539,-1.297397997844205,3.420212819452441,0.4164869546982159,0.6710191960665561,-0.6852221800281227,-1.888032778838973,0.05504204636774688,1.4407371466521557,2.767529911505976,-4.6146539832496485,-0.5338686332568784,-1.7411437885060135,2.3138162119641645,0.1137572357689869,1.4352087559643278,2.2885026606805585,1.8113103383506342,-0.7170873780394474,1.6271929797455573,1.4284922920934513,1.8026796070015987,0.2845117136045235,0.9630216221741928,-0.13952841833126486,-4.765320886574126
-2.0653037565886705,-0.42991992639230947,-0.7919973693198461,0.36333327732720344,-0.5552567338148763,0.5543562126107634,0.17368032251191473,1.4917416565893002,0.20459188397626318,-0.14061459909564444,1.0779990335172958,0.1777382339320497,0.1446919943841193,-1.0406727750406282,1.22913365139084,-0.5194233403041633,-0.0019760537032715315,1.150027017888145,0.15184746462742368,0.3258539995026538,-1.2484593388390093,-0.09313268137119868,-0.41291293179663946,0.392302475056184,0.6466904568432796,-0.010504566924312774,-0.4847541009138997,-0.9753431043420309,1.6695097945677466,0.017076586177703166,0.3463376683512134,-0.4407562204316568,-0.1206635361877866,-0.29646865125411087,-0.4719375626294592,-0.23728729213445093,0.24581328914075554,-0.38766948602329543,-0.09681847905919548,-0.6724710096519408,0.0959938258553208,-0.2336773781493186,0.07727453133920736,1.2261582807994227
-0.6890579204398232,-0.6602906990410267,-0.7361655716174029,0.9310037019860373,0.44125975366635,0.17368032251191473,0.70798638693287,-0.17038204202118215,-0.6581625851170867,0.5544985986768632,0.3265824971710603,-0.695429164537413,-0.2013239606402794,0.20027127247876159,1.4036617429051592,0.9781478801602729,-0.08558725162381015,0.8654085136704974,0.0744495521357015,-0.40681870730974296,-0.7011646471292245,-0.22544001666540242,0.3955912270135468,0.29472340787295404,-0.19376187958081184,0.3478737941896972,-0.48800784533522185,-0.359441823722615,0.8224064641544179,-0.691569770448817,-0.5411314176891666,0.003648177803877178,-0.767406886015519,-0.021903883839637633,0.4773054596324334,0.1954205388828801,-0.45878088423453717,0.03740867459250577,-0.09051318196830273,0.1255995309232147,0.4250316065627048,-0.5445066276514972,0.2313748570615157,-0.09512526975403873
-10.096565955030657,-2.0547072715709365,-3.5086689910830575,0.6233398150923339,-4.605717187287841,1.4917416565893002,-0.17038204202118215,8.109348137125826,0.19177056505341292,-1.620155482390285,6.039124178355127,1.4500008467396008,1.105367399374205,-6.142221942794482,5.628926261982423,-3.148220997180261,1.617727005616799,5.762539558065812,0.04928822264912913,1.995469327984415,-6.6132306205956874,-0.27566362509445597,-1.8799704694885526,1.6213123691111808,3.4203602914753297,0.04311754441029863,-2.219488492446893,-5.063759439577332,7.972914358697197,0.4663837940269201,2.8249916541746307,-3.090374029177098,-0.09065778467834629,-1.6320985712016627,-3.052738023392539,-2.2310493427455684,1.1782315287803915,-2.1255669057371893,-1.7552344420618293,-3.2418567095242263,-0.44660480925880996,-1.0966893752639288,0.056187578786627904,7.3432580253207584
1.0643133517009802,0.7361096682991515,1.3307439507190901,-0.582546803005083,0.2637587834370274,0.20459188397626318,-0.6581625851170867,0.19177056505341292,1.652008857891928,-0.7192322261042786,-1.465159385398198,0.3981486519831376,-0.2887606053760987,0.29626489491223246,-2.118382704735954,-1.1609878973657872,-0.6986584425122944,-1.5709539945506636,0.20034552701761715,0.4568981965482102,0.8408102856187227,0.661357697662672,-1.1436008782841551,-0.1927008262160879,0.37157453780058924,-0.5232913840945117,1.0192255736113527,0.49336474547170145,-1.4668000560449936,0.8191915160535543,0.629056487310913,0.7720839546414532,1.3285370775945344,0.6705052636273551,-0.06660940376266088,0.43486608475183564,0.7241161395257879,0.44777392780038416,0.8429221186809309,-0.2810384884871371,-0.5802312093703225,1.2946662388600174,-0.4789370276524375,-0.6899585542468252
1.299242575299514,-0.013219481494949534,-0.05562664781793777,0.3993301039762129,0.9911890225831624,-0.14061459909564444,0.5544985986768632,-1.620155482390285,-0.7192322261042786,0.8781765237446902,-0.5534485275477414,-0.570654885540672,-0.17939895293859748,1.1298286434186071,0.12740111355509512,1.1731371412904557,-0.2567827708740689,-0.3203663263208989,0.061317588034755746,-0.6423277785735814,0.8007521137709122,-0.31051630362109917,0.8684473554533663,-0.1464962307768578,-0.8121090528310758,0.17185352397898027,-0.11891586536044962,0.6637521140470223,-0.6850381267752457,-0.51954721617485,-0.962446925286061,0.38659550257380054,-0.6542832570617941,0.048297391562704704,0.7257930886502242,0.33126488775421326,-0.5446674439860467,0.21786975081404406,0.19228409724508438,0.6735368852777256,0.4776974329360954,-0.4777467303440022,0.2603682018571549,-1.2022524266103516
-9.082341065474484,-1.9053595400166983,-4.3602804250782805,0.4588534683648562,-4.119751602907114,1.0779990335172958,0.3265824971710603,6.039124178355127,-1.465159385398198,-0.5534485275477414,6.935195010507756,1.4323791975716442,1.7366272422237303,-5.445220187966741,6.321189809300551,-1.7144553537143807,2.0817705086140537,6.181475831056202,-0.21068421828068426,1.2725920965180475,-5.402859815022401,-1.2121898991092557,-0.050946368777739476,1.300043111195982,2.2440604057045617,0.45318895885032945,-3.0149394646169596,-4.22337414859225,7.994930802229682,-0.18171125828401208,1.4310055284319088,-3.667048538652349,-1.6227610470917866,-2.6122794346741625,-2.911203150138031,-2.4622335863620113,0.371168316600342,-2.616304953326031,-2.3791861036528976,-2.303433428735638,0.5188732118728325,-2.445510783073633,0.7592431093577673,6.865584920055546
-1.2662482536554767,0.4918925822861508,-0.29625031511741684,-1.1055910572741572,-1.4236694774293532,0.1777382339320497,-0.695429164537413,1.4500008467396008,0.3981486519831376,-0.570654885540672,1.4323791975716442,1.3470282004588563,0.8036098531095246,-1.5071166761457075,-0.15346677032805436,-1.6356624141761975,0.4988001542875921,0.430686241951082,-0.06269109754956567,0.7697574913061611,-0.1542845570506164,-0.2144541539837823,-0.2875282785687525,-0.1006531903916707,0.6668237326514651,-0.38981620046655063,-0.2709662483850476,-0.45176405607390335,1.0027144658697815,0.8376851196707504,0.7903550882951687,-0.9382100720725143,0.3856429167425641,-0.815893759011157,-1.3696681526032433,-0.8780344258293418,0.6633829224773075,-0.8294230581646311,-0.3703918962644618,-0.6836894402407871,-0.19138829522640807,-0.1478617279211077,0.03590449562370631,1.7365806968693696
-1.6187986139046562,-0.0038405140724313428,-0.8610121562030485,-0.48011515071349825,-1.116869268054131,0.1446919943841193,-0.2013239606402794,1.105367399374205,-0.2887606053760987,-0.17939895293859748,1.7366272422237303,0.8036098531095246,0.715319046007616,-1.2979331749289509,0.8756020122351316,-0.7207654562680669,0.5947352662306292,1.0958432027809506,-0.11699514980438046,0.4002924796067283,-0.5789242589445679,-0.40961224230895904,0.1676346078081335,0.0718797526514196,0.4024527925006235,-0.033417781995331804,-0.6563277061821793,-0.6192565846660639,1.521786912858527,0.24268289265487708,0.3146388335132663,-1.0256614880235533,-0.3070765609838484,-0.8908158275806801,-0.9931726341787859,-0.7588348210878231,0.21127936608582099,-0.8105395819642797,-0.6106951031192641,-0.45281637868363,0.1464992303647838,-0.6076445399045335,0.23613376281936385,1.6273628358249994
7.994438313352674,1.4539433795307306,3.1037024813678236,-0.09593564718666624,3.9319368707807745,-1.0406727750406282,0.20027127247876159,-6.142221942794482,0.29626489491223246,1.1298286434186071,-5.445220187966741,-1.5071166761457075,-1.2979331749289509,5.084168653999605,-4.601072968059837,2.497915555298452,-1.609403090054249,-4.797879746549794,0.10534221625724424,-1.5769531339708387,4.914712298033963,0.5543599097374937,0.9629926627826115,-1.1299918412164627,-2.5259226079094295,-0.07054888153657693,2.0669617072011963,3.8776698963871143,-6.55664679860366,-0.401900458108506,-2.051249829296238,2.911405123656291,0.4210191990853589,1.8043659434448984,2.750610541690863,2.0911248407728373,-0.8359492862687415,2.0799347376505755,1.7218515406639443,2.453691127214091,0.13605007766620347,1.3438384507146504,-0.2682027120481388,-6.165954553260953
-9.493503143477026,-3.0432243967857455,-4.848369811732252,2.21362984124912,-3.023347355523918,1.22913365139084,1.4036617429051592,5.628926261982423,-2.118382704735954,0.12740111355509512,6.321189809300551,-0.15346677032805436,0.8756020122351316,-4.601072968059837,7.948471676839131,-0.014822238190325975,1.66348248180652,6.900429064125635,-0.05073888455159087,0.5547912397170967,-6.562826520232462,-1.106640164623164,0.12237411455637838,1.7882106850833284,1.9676223393055945,0.9916074280701893,-3.245076158911506,-4.67060662461065,8.431925326921045,-1.308077366326753,0.7692630700872712,-3.0295844007910984,-2.331614456690352,-1.9132649067783694,-1.62183120006655,-1.7343966338739032,-0.3605599747061252,-1.985816827581531,-2.1803071407509353,-2.020687745873821,0.8298091051390304,-2.6833154640086687,0.8143834601254218,5.982011002246771
2.6839665690695735,-0.31828202797551775,0.27325090247681316,1.1147969002030726,2.1694731585132123,-0.5194233403041633,0.9781478801602729,-3.148220997180261,-1.1609878973657872,1.1731371412904557,-1.7144553537143807,-1.6356624141761975,-0.7207654562680669,2.497915555298452,-0.014822238190325975,2.727104701407392,-0.4581941452485015,-0.7730030970097747,-0.05686497135150042,-1.3393148287480676,1.2303445645522793,-0.11609613808893446,1.2206269087170474,-0.1456555590590568,-1.5314080073227467,0.6273609878654626,0.16267085766611675,1.296723198339367,-1.7839221697358767,-1.2629966619257067,-1.7006622667269249,1.053481391868431,-1.0811361178674428,0.6275033490167452,1.8429866540668343,1.0675608446850464,-1.1779399608185475,0.923211347988942,0.250760710323111,1.4521922441720059,0.6481456443945629,-0.26795113822755,0.23838557500260024,-2.756738824489004
-2.3332973470996112,-0.4854194621435172,-1.1536290011701291,-0.12829763918530127,-1.4538779567309172,-0.0019760537032715315,-0.08558725162381015,1.617727005616799,-0.6986584425122944,-0.2567827708740689,2.0817705086140537,0.4988001542875921,0.5947352662306292,-1.609403090054249,1.66348248180652,-0.4581941452485015,0.9408807105408526,1.7104831978247403,-0.22058355869850085,0.3610169327227809,-1.4469513766502815,-0.36132111046936943,0.15844911678322446,0.2611806221054528,0.5548493166261897,0.17265645400012516,-0.8346063576760157,-1.1152319146060228,2.0876190288050305,-0.023863913852994204,0.5040517328538207,-1.2144916990481887,-0.455927297337792,-0.8149167269278551,-0.9206376800279623,-0.9021668088707805,0.032222249587950384,-0.7755661434522737,-0.9590215577117066,-0.5189623237212634,0.022586394731369783,-0.7441022021835427,0.18929520911243863,2.066962517415117
-9.071542869026864,-2.521027481965705,-4.361768470278079,1.4862041070280878,-3.343628258289197,1.150027017888145,0.8654085136704974,5.762539558065812,-1.5709539945506636,-0.3203663263208989,6.181475831056202,0.430686241951082,1.0958432027809506,-4.797879746549794,6.900429064125635,-0.7730030970097747,1.7104831978247403,6.308259269477496,-0.11190266914106993,0.8803898872220228,-5.992352687900676,-0.9624178247804782,-0.18117118685550584,1.5759884866737452,2.1196172635285815,0.7444925746270167,-2.916524167355542,-4.3887004455413585,7.902684817872313,-0.782043761826878,1.140346044262284,-3.0884031863836974,-1.8096623657867843,-1.9771557554398227,-2.0422720404223287,-1.8685041124408055,0.008507052374074765,-2.0696943041600373,-2.1290112766173195,-2.136425343120882,0.571714673817029,-2.2807898002195546,0.6742730156419645,6.104182047068325
0.021680056072231103,0.0066051365854409416,0.07412102898157463,0.13134904790973545,0.17175341287345539,0.15184746462742368,0.0744495521357015,0.04928822264912913,0.20034552701761715,0.061317588034755746,-0.21068421828068426,-0.06269109754956567,-0.11699514980438046,0.10534221625724424,-0.05073888455159087,-0.05686497135150042,-0.22058355869850085,-0.11190266914106993,0.12323583231886209,-9.805485446437263e-4,0.002821399003190682,0.045676151010820884,-0.1449045258423008,0.04253163387848377,0.04133806225339061,-0.076623454687582,0.06751127618834328,-0.0070463591235572776,-0.053402230083821195,0.02633537697942524,-0.012050115583003155,0.18670072721992248,0.09391605465906465,0.11847555134091547,0.08860774466362378,0.11154820434869982,0.0728163057511465,0.09152543216858192,0.2206031602098335,-0.06256754881293601,0.0016564895700677553,0.09772560006138067,-0.03292329787085122,-0.15612191607563977
-2.037423533561649,-0.08630547918006086,-0.4576350462491935,-0.3800432641416368,-1.297397997844205,0.3258539995026538,-0.40681870730974296,1.995469327984415,0.4568981965482102,-0.6423277785735814,1.2725920965180475,0.7697574913061611,0.4002924796067283,-1.5769531339708387,0.5547912397170967,-1.3393148287480676,0.3610169327227809,0.8803898872220228,-9.805485446437263e-4,0.7138674943314877,-1.127366096406644,0.025822570007113445,-0.649873024932118,0.2132516845300341,0.9244332150272868,-0.21366974484339749,-0.28120328380145226,-0.9944530691194184,1.4726209048075494,0.5209880223545996,0.9333114084625784,-0.73171395548127,0.39403773009421,-0.4097564207243391,-1.0156831350131013,-0.6229360551813602,0.5569294676268388,-0.571133719983044,-0.30341482064832914,-0.8667139785267417,-0.2927013927585869,0.002558632139741595,-0.08427264947888691,1.7954483286405496
9.340549857112215,2.7289707446935787,3.809604336920022,-1.7603408731711325,3.420212819452441,-1.2484593388390093,-0.7011646471292245,-6.6132306205956874,0.8408102856187227,0.8007521137709122,-5.402859815022401,-0.1542845570506164,-0.5789242589445679,4.914712298033963,-6.562826520232462,1.2303445645522793,-1.4469513766502815,-5.992352687900676,0.002821399003190682,-1.127366096406644,6.687393646136676,0.39493482705835636,1.0782133835644063,-1.747124906631411,-2.6347577368256205,-0.6089596927664223,2.418698141865401,4.791237405094261,-7.656865490509065,0.5935125193866844,-1.8050833185832675,2.618187475344354,1.0144344531771365,1.2489938899322022,1.8427932095872603,1.6195487956945733,-0.2789317199413815,1.6404381134632335,1.7733895167939162,2.4997791866293815,-0.019854289174721935,1.5452848883113384,-0.2642217302539026,-6.06922273895356
0.9786616209169731,0.20247317445417257,0.8616927942515306,-0.0343482159229083,0.4164869546982159,-0.09313268137119868,-0.22544001666540242,-0.27566362509445597,0.661357697662672,-0.31051630362109917,-1.2121898991092557,-0.2144541539837823,-0.40961224230895904,0.5543599097374937,-1.106640164623164,-0.11609613808893446,-0.36132111046936943,-0.9624178247804782,0.045676151010820884,0.025822570007113445,0.39493482705835636,0.4709533144552257,-0.5218250978384332,-0.09011816260128452,0.014621220135613084,-0.12492245732406253,0.6656802684563079,0.3615581719679495,-1.1460438569637528,0.18146346832695465,0.2118627741481098,0.6418619859254391,0.6481407083409286,0.6490710190504082,0.37071119844569417,0.42738624593691976,0.1509418692464405,0.5176968245372772,0.4319361721840169,0.08275817816104533,-0.36480851999912006,0.7685203822696208,-0.31773031062020934,-0.8140378299220531
1.4302080423672965,0.1306950060453747,-0.2225875428471358,-0.005945435577845246,0.6710191960665561,-0.41291293179663946,0.3955912270135468,-1.8799704694885526,-1.1436008782841551,0.8684473554533663,-0.050946368777739476,-0.2875282785687525,0.1676346078081335,0.9629926627826115,0.12237411455637838,1.2206269087170474,0.15844911678322446,-0.18117118685550584,-0.1449045258423008,-0.649873024932118,1.0782133835644063,-0.5218250978384332,1.289087090103686,-0.2992501088981104,-0.9865144338290096,0.25609520120457796,-0.30164142805379607,0.821905046508265,-0.6313163514475875,-0.5018711033037924,-1.0456609825287817,-0.027929782997409162,-0.9015947208952617,-0.3367725386949259,0.4604275721362256,0.03903332602401927,-0.6569349470694432,-0.053304707505162474,-0.21258326269014008,0.8366021292847379,0.5649379883409569,-0.777226586046231,0.3923476758200522,-0.9222693805350117
-2.4160906596149765,-0.7751758931205699,-1.0196115348376962,0.6352608202047547,-0.6852221800281227,0.392302475056184,0.29472340787295404,1.6213123691111808,-0.1927008262160879,-0.1464962307768578,1.300043111195982,-0.1006531903916707,0.0718797526514196,-1.1299918412164627,1.7882106850833284,-0.1456555590590568,0.2611806221054528,1.5759884866737452,0.04253163387848377,0.2132516845300341,-1.747124906631411,-0.09011816260128452,-0.2992501088981104,0.5063591422109476,0.6354450437913496,0.20337296083356876,-0.6303795523352923,-1.2211213460998678,1.9889929992091777,-0.2587648608281302,0.3506327370212897,-0.5755046607575071,-0.34487437456311754,-0.26662883856658504,-0.34294903870475535,-0.2921001551828064,0.02971380728255858,-0.3458078220300494,-0.3900259376528206,-0.6111624183524096,0.077264449116117,-0.3738268476320249,0.08178711753265595,1.4054616930205905
-4.029518062701633,-0.7359003773178195,-1.2192100711523948,0.1500883144799739,-1.888032778838973,0.6466904568432796,-0.19376187958081184,3.4203602914753297,0.37157453780058924,-0.8121090528310758,2.2440604057045617,0.6668237326514651,0.4024527925006235,-2.5259226079094295,1.9676223393055945,-1.5314080073227467,0.5548493166261897,2.1196172635285815,0.04133806225339061,0.9244332150272868,-2.6347577368256205,0.014621220135613084,-0.9865144338290096,0.6354450437913496,1.5083821219293643,-0.07272368061194659,-0.7378721508346038,-2.0421672931675956,3.0595222679570955,0.34521151457182003,1.3098199702310676,-1.153479677054662,0.21996917265955615,-0.5429277859871432,-1.2821400871501634,-0.8483178941108497,0.6121261185162565,-0.8145976447866686,-0.5817194795026337,-1.4099477582025786,-0.3042660192085487,-0.23036114059742008,-0.06588822682375943,2.952898405291453
-0.6618297772619719,-0.4846337049990875,-0.5521665111710107,0.509713733430265,0.05504204636774688,-0.010504566924312774,0.3478737941896972,0.04311754441029863,-0.5232913840945117,0.17185352397898027,0.45318895885032945,-0.38981620046655063,-0.033417781995331804,-0.07054888153657693,0.9916074280701893,0.6273609878654626,0.17265645400012516,0.7444925746270167,-0.076623454687582,-0.21366974484339749,-0.6089596927664223,-0.12492245732406253,0.25609520120457796,0.20337296083356876,-0.07272368061194659,0.3202694168870689,-0.3618612810305416,-0.3179485240666319,0.687488114518722,-0.4654266834763702,-0.2432612474892738,-0.1992686238340635,-0.5372952931451922,-0.10130421244433226,0.19262589017385415,0.029094055441780106,-0.3238645899686257,-0.04574932198478994,-0.3025979748407587,0.06991700247847248,0.2257062228148713,-0.3509279926129754,0.14148184621579588,0.19356328230698258
3.9075804482927894,1.0548050167759417,2.1574917941607983,-0.587063001853096,1.4407371466521557,-0.4847541009138997,-0.48800784533522185,-2.219488492446893,1.0192255736113527,-0.11891586536044962,-3.0149394646169596,-0.2709662483850476,-0.6563277061821793,2.0669617072011963,-3.245076158911506,0.16267085766611675,-0.8346063576760157,-2.916524167355542,0.06751127618834328,-0.28120328380145226,2.418698141865401,0.6656802684563079,-0.30164142805379607,-0.6303795523352923,-0.7378721508346038,-0.3618612810305416,1.5031645673666398,1.8140822079165946,-3.6097365822010596,0.424656039693659,-0.23797547209905826,1.5263405537158141,1.105193772540411,1.1371876901454405,0.9527781178091853,0.9347290312439386,0.11763704505684802,1.0862444141191991,1.0405651490242604,0.8141049743885862,-0.47050789382330066,1.3490154000702879,-0.46486517010231554,-2.706231581982726
6.993099442941988,1.8170629210591183,2.8195203042303003,-0.9952714088693984,2.767529911505976,-0.9753431043420309,-0.359441823722615,-5.063759439577332,0.49336474547170145,0.6637521140470223,-4.22337414859225,-0.45176405607390335,-0.6192565846660639,3.8776698963871143,-4.67060662461065,1.296723198339367,-1.1152319146060228,-4.3887004455413585,-0.0070463591235572776,-0.9944530691194184,4.791237405094261,0.3615581719679495,0.821905046508265,-1.2211213460998678,-2.0421672931675956,-0.3179485240666319,1.8140822079165946,3.5359188216128112,-5.740287558865811,0.211272087981693,-1.4560310507037368,2.091323281753922,0.6449173002061265,1.1088894041569242,1.6598135014491013,1.3700897086982644,-0.37036328078175745,1.3951279595454584,1.3172741511572905,1.9654235842647991,0.00469044011203249,1.1749011673969885,-0.2155117802205004,-4.756445046572701
-11.899829176139368,-2.968377082173741,-5.415572390092805,1.5465843442401657,-4.6146539832496485,1.6695097945677466,0.8224064641544179,7.972914358697197,-1.4668000560449936,-0.6850381267752457,7.994930802229682,1.0027144658697815,1.521786912858527,-6.55664679860366,8.431925326921045,-1.7839221697358767,2.0876190288050305,7.902684817872313,-0.053402230083821195,1.4726209048075494,-7.656865490509065,-1.1460438569637528,-0.6313163514475875,1.9889929992091777,3.0595222679570955,0.687488114518722,-3.6097365822010596,-5.740287558865811,10.203854800229145,-0.5681505655167123,1.8513664575892033,-4.011553980424029,-1.8765378815931197,-2.5824630891296536,-3.0126691915677726,-2.5316736686680796,0.39455417618342353,-2.7957870374582847,-2.552565014339577,-3.0790275130558884,0.5544183715018259,-2.6929924085292454,0.7658413606906116,8.20514930328086
0.3773097660731482,0.6930309391632113,0.6467983658459358,-0.9454418395214705,-0.5338686332568784,0.017076586177703166,-0.691569770448817,0.4663837940269201,0.8191915160535543,-0.51954721617485,-0.18171125828401208,0.8376851196707504,0.24268289265487708,-0.401900458108506,-1.308077366326753,-1.2629966619257067,-0.023863913852994204,-0.782043761826878,0.02633537697942524,0.5209880223545996,0.5935125193866844,0.18146346832695465,-0.5018711033037924,-0.2587648608281302,0.34521151457182003,-0.4654266834763702,0.424656039693659,0.211272087981693,-0.5681505655167123,0.8145198981775844,0.6253845166341266,-0.03383451540538084,0.8444961562778388,-0.04391448810850396,-0.6265422439355911,-0.2595548927582643,0.5955046903518422,-0.14666581236587875,0.21405884276455484,-0.31008873087145505,-0.4080716768950073,0.4974585675834797,-0.2144351548172819,0.3092280652148305
-2.725341839200498,-0.28935872144533104,-0.457536757287826,-0.32076122626893017,-1.7411437885060135,0.3463376683512134,-0.5411314176891666,2.8249916541746307,0.629056487310913,-0.962446925286061,1.4310055284319088,0.7903550882951687,0.3146388335132663,-2.051249829296238,0.7692630700872712,-1.7006622667269249,0.5040517328538207,1.140346044262284,-0.012050115583003155,0.9333114084625784,-1.8050833185832675,0.2118627741481098,-1.0456609825287817,0.3506327370212897,1.3098199702310676,-0.2432612474892738,-0.23797547209905826,-1.4560310507037368,1.8513664575892033,0.6253845166341266,1.4067994266077704,-0.8263045435150873,0.6792251136330654,-0.2720132843285749,-1.1746945185058202,-0.7600081513778677,0.707630440701072,-0.5568426708604681,-0.3966032540840863,-1.1693481516029198,-0.5764850306938187,0.18420521816524704,-0.24531583412255104,2.316471884902057
4.54907296925115,0.8394365580313569,2.171070850305841,0.04200789258940186,2.3138162119641645,-0.4407562204316568,0.003648177803877178,-3.090374029177098,0.7720839546414532,0.38659550257380054,-3.667048538652349,-0.9382100720725143,-1.0256614880235533,2.911405123656291,-3.0295844007910984,1.053481391868431,-1.2144916990481887,-3.0884031863836974,0.18670072721992248,-0.73171395548127,2.618187475344354,0.6418619859254391,-0.027929782997409162,-0.5755046607575071,-1.153479677054662,-0.1992686238340635,1.5263405537158141,2.091323281753922,-4.011553980424029,-0.03383451540538084,-0.8263045435150873,2.0210615236291836,0.7627978595748314,1.445510459052444,1.6603457612633126,1.395262811133331,-0.23305229351801351,1.441750089346352,1.331175979500713,1.177177991419786,-0.20898622537416728,1.2624680187654373,-0.3870654699990474,-3.6608730578207394
1.606130359109145,0.805620203534558,1.5371368814757378,-0.7856882016572861,0.1137572357689869,-0.1206635361877866,-0.767406886015519,-0.09065778467834629,1.3285370775945344,-0.6542832570617941,-1.6227610470917866,0.3856429167425641,-0.3070765609838484,0.4210191990853589,-2.331614456690352,-1.0811361178674428,-0.455927297337792,-1.8096623657867843,0.09391605465906465,0.39403773009421,1.0144344531771365,0.6481407083409286,-0.9015947208952617,-0.34487437456311754,0.21996917265955615,-0.5372952931451922,1.105193772540411,0.6449173002061265,-1.8765378815931197,0.8444961562778388,0.6792251136330654,0.7627978595748314,1.4042357240262102,0.7318006653417429,-0.010613896375671977,0.27977415218423984,0.6065710789952601,0.49513743774387037,0.7127800609849868,-0.09580574114241737,-0.7301427952929543,1.2136928409611307,-0.5212208996046541,-0.7991605685483358
2.7071737518471064,0.33880164245311145,1.5433635620685398,0.2292582351568878,1.4352087559643278,-0.29646865125411087,-0.021903883839637633,-1.6320985712016627,0.6705052636273551,0.048297391562704704,-2.6122794346741625,-0.815893759011157,-0.8908158275806801,1.8043659434448984,-1.9132649067783694,0.6275033490167452,-0.8149167269278551,-1.9771557554398227,0.11847555134091547,-0.4097564207243391,1.2489938899322022,0.6490710190504082,-0.3367725386949259,-0.26662883856658504,-0.5429277859871432,-0.10130421244433226,1.1371876901454405,1.1088894041569242,-2.5824630891296536,-0.04391448810850396,-0.2720132843285749,1.445510459052444,0.7318006653417429,1.2399949585509482,1.2016864545393107,1.0014724137220934,-0.12185797557703314,1.1110910122668483,0.9084104990593672,0.6302761769018187,-0.35384998998427336,1.064263377761326,-0.4082181057690374,-2.325002893626876
3.661545614130369,0.22746425117567626,1.3543865834342994,0.6418447362190427,2.2885026606805585,-0.4719375626294592,0.4773054596324334,-3.052738023392539,-0.06660940376266088,0.7257930886502242,-2.911203150138031,-1.3696681526032433,-0.9931726341787859,2.750610541690863,-1.62183120006655,1.8429866540668343,-0.9206376800279623,-2.0422720404223287,0.08860774466362378,-1.0156831350131013,1.8427932095872603,0.37071119844569417,0.4604275721362256,-0.34294903870475535,-1.2821400871501634,0.19262589017385415,0.9527781178091853,1.6598135014491013,-3.0126691915677726,-0.6265422439355911,-1.1746945185058202,1.6603457612633126,-0.010613896375671977,1.2016864545393107,1.8404884470393692,1.310595656044514,-0.6812683998147808,1.27928004578924,0.89129391736905,1.2688263197070615,0.12829159045375402,0.6273723442300014,-0.14644614985249393,-3.2957432979943198
2.8991027902079183,0.3748020947894316,1.2811436079078622,0.32153687838880335,1.8113103383506342,-0.23728729213445093,0.1954205388828801,-2.2310493427455684,0.43486608475183564,0.33126488775421326,-2.4622335863620113,-0.8780344258293418,-0.7588348210878231,2.0911248407728373,-1.7343966338739032,1.0675608446850464,-0.9021668088707805,-1.8685041124408055,0.11154820434869982,-0.6229360551813602,1.6195487956945733,0.42738624593691976,0.03903332602401927,-0.2921001551828064,-0.8483178941108497,0.029094055441780106,0.9347290312439386,1.3700897086982644,-2.5316736686680796,-0.2595548927582643,-0.7600081513778677,1.395262811133331,0.27977415218423984,1.0014724137220934,1.310595656044514,1.1265196613124049,-0.3056057012511567,1.0152516934281361,0.8785014146731456,0.8544436980544015,0.015324009964121173,0.7948127052256704,-0.19591019481895203,-2.6005469548977547
-0.7880142498844692,0.25097203932067835,0.12667317640496673,-0.4899706716476256,-0.7170873780394474,0.24581328914075554,-0.45878088423453717,1.1782315287803915,0.7241161395257879,-0.5446674439860467,0.371168316600342,0.6633829224773075,0.21127936608582099,-0.8359492862687415,-0.3605599747061252,-1.1779399608185475,0.032222249587950384,0.008507052374074765,0.0728163057511465,0.5569294676268388,-0.2789317199413815,0.1509418692464405,-0.6569349470694432,0.02971380728255858,0.6121261185162565,-0.3238645899686257,0.11763704505684802,-0.37036328078175745,0.39455417618342353,0.5955046903518422,0.707630440701072,-0.23305229351801351,0.6065710789952601,-0.12185797557703314,-0.6812683998147808,-0.3056057012511567,0.5680960845252983,-0.24249806056363968,0.06331511022307132,-0.5671475576994359,-0.3227472421629144,0.3369143934166893,-0.16826627294302615,0.8597031186045686
3.1295649117686493,0.44036801227065114,1.5170417618663898,0.17888795428108578,1.6271929797455573,-0.38766948602329543,0.03740867459250577,-2.1255669057371893,0.44777392780038416,0.21786975081404406,-2.616304953326031,-0.8294230581646311,-0.8105395819642797,2.0799347376505755,-1.985816827581531,0.923211347988942,-0.7755661434522737,-2.0696943041600373,0.09152543216858192,-0.571133719983044,1.6404381134632335,0.5176968245372772,-0.053304707505162474,-0.3458078220300494,-0.8145976447866686,-0.04574932198478994,1.0862444141191991,1.3951279595454584,-2.7957870374582847,-0.14666581236587875,-0.5568426708604681,1.441750089346352,0.49513743774387037,1.1110910122668483,1.27928004578924,1.0152516934281361,-0.24249806056363968,1.1166924056932028,0.8433898084226173,0.868604214722947,-0.19738427046802207,0.9378327932125949,-0.31408210217817756,-2.595890527770981
2.8225707108659353,0.7069615976587103,1.4788624556610723,-0.12634593219179588,1.4284922920934513,-0.09681847905919548,-0.09051318196830273,-1.7552344420618293,0.8429221186809309,0.19228409724508438,-2.3791861036528976,-0.3703918962644618,-0.6106951031192641,1.7218515406639443,-2.1803071407509353,0.250760710323111,-0.9590215577117066,-2.1290112766173195,0.2206031602098335,-0.30341482064832914,1.7733895167939162,0.4319361721840169,-0.21258326269014008,-0.3900259376528206,-0.5817194795026337,-0.3025979748407587,1.0405651490242604,1.3172741511572905,-2.552565014339577,0.21405884276455484,-0.3966032540840863,1.331175979500713,0.7127800609849868,0.9084104990593672,0.89129391736905,0.8785014146731456,0.06331511022307132,0.8433898084226173,1.0612138333857417,0.5627241892154119,-0.16854213150331618,0.9046919073957681,-0.2729360946887069,-2.2395080191830896
3.9491400061462363,0.7032207661431462,1.2986158145509572,-0.14968426956170988,1.8026796070015987,-0.6724710096519408,0.1255995309232147,-3.2418567095242263,-0.2810384884871371,0.6735368852777256,-2.303433428735638,-0.6836894402407871,-0.45281637868363,2.453691127214091,-2.020687745873821,1.4521922441720059,-0.5189623237212634,-2.136425343120882,-0.06256754881293601,-0.8667139785267417,2.4997791866293815,0.08275817816104533,0.8366021292847379,-0.6111624183524096,-1.4099477582025786,0.06991700247847248,0.8141049743885862,1.9654235842647991,-3.0790275130558884,-0.31008873087145505,-1.1693481516029198,1.177177991419786,-0.09580574114241737,0.6302761769018187,1.2688263197070615,0.8544436980544015,-0.5671475576994359,0.868604214722947,0.5627241892154119,1.364143209587473,0.1930391677496769,0.36147671207406523,-0.007150150059638011,-2.8915349144894327
-0.2717777260309625,-0.2143649541152365,-0.6270658094402721,0.3347683322167205,0.2845117136045235,0.0959938258553208,0.4250316065627048,-0.44660480925880996,-0.5802312093703225,0.4776974329360954,0.5188732118728325,-0.19138829522640807,0.1464992303647838,0.13605007766620347,0.8298091051390304,0.6481456443945629,0.022586394731369783,0.571714673817029,0.0016564895700677553,-0.2927013927585869,-0.019854289174721935,-0.36480851999912006,0.5649379883409569,0.077264449116117,-0.3042660192085487,0.2257062228148713,-0.47050789382330066,0.00469044011203249,0.5544183715018259,-0.4080716768950073,-0.5764850306938187,-0.20898622537416728,-0.7301427952929543,-0.35384998998427336,0.12829159045375402,0.015324009964121173,-0.3227472421629144,-0.19738427046802207,-0.16854213150331618,0.1930391677496769,0.4874640517784006,-0.5849563735673567,0.31016386076309344,-0.024899355662320738
2.6103571463116904,0.7850318885291585,1.834938482745105,-0.4330437571580496,0.9630216221741928,-0.2336773781493186,-0.5445066276514972,-1.0966893752639288,1.2946662388600174,-0.4777467303440022,-2.445510783073633,-0.1478617279211077,-0.6076445399045335,1.3438384507146504,-2.6833154640086687,-0.26795113822755,-0.7441022021835427,-2.2807898002195546,0.09772560006138067,0.002558632139741595,1.5452848883113384,0.7685203822696208,-0.777226586046231,-0.3738268476320249,-0.23036114059742008,-0.3509279926129754,1.3490154000702879,1.1749011673969885,-2.6929924085292454,0.4974585675834797,0.18420521816524704,1.2624680187654373,1.2136928409611307,1.064263377761326,0.6273723442300014,0.7948127052256704,0.3369143934166893,0.9378327932125949,0.9046919073957681,0.36147671207406523,-0.5849563735673567,1.4494440524497127,-0.5343397345672392,-1.8862530545433336
-0.6319625416581979,-0.19127908893024234,-0.6179118857753522,0.13196827787381932,-0.13952841833126486,0.07727453133920736,0.2313748570615157,0.056187578786627904,-0.4789370276524375,0.2603682018571549,0.7592431093577673,0.03590449562370631,0.23613376281936385,-0.2682027120481388,0.8143834601254218,0.23838557500260024,0.18929520911243863,0.6742730156419645,-0.03292329787085122,-0.08427264947888691,-0.2642217302539026,-0.31773031062020934,0.3923476758200522,0.08178711753265595,-0.06588822682375943,0.14148184621579588,-0.46486517010231554,-0.2155117802205004,0.7658413606906116,-0.2144351548172819,-0.24531583412255104,-0.3870654699990474,-0.5212208996046541,-0.4082181057690374,-0.14644614985249393,-0.19591019481895203,-0.16826627294302615,-0.31408210217817756,-0.2729360946887069,-0.007150150059638011,0.31016386076309344,-0.5343397345672392,0.23950635336142057,0.4289839313111498
-9.84233714493054,-1.8948151323549876,-4.0212428982482775,0.24482820889088874,-4.765320886574126,1.2261582807994227,-0.09512526975403873,7.3432580253207584,-0.6899585542468252,-1.2022524266103516,6.865584920055546,1.7365806968693696,1.6273628358249994,-6.165954553260953,5.982011002246771,-2.756738824489004,2.066962517415117,6.104182047068325,-0.15612191607563977,1.7954483286405496,-6.06922273895356,-0.8140378299220531,-0.9222693805350117,1.4054616930205905,2.952898405291453,0.19356328230698258,-2.706231581982726,-4.756445046572701,8.20514930328086,0.3092280652148305,2.316471884902057,-3.6608730578207394,-0.7991605685483358,-2.325002893626876,-3.2957432979943198,-2.6005469548977547,0.8597031186045686,-2.595890527770981,-2.2395080191830896,-2.8915349144894327,-0.024899355662320738,-1.8862530545433336,0.4289839313111498,7.551549470706667
