V1,V2,V3,V4,V5,V6,V7,V8,V9,V10,V11,V12,V13,V14,V15,V16,V17,V18,V19,V20,V21,V22,V23,V24,V25,V26,V27,V28,V29,V30,V31,V32,V33,V34,V35,V36,V37,V38,V39,V40,V41,V42,V43
0.21131805698561051,-0.5165453050802358,1.7887456226657439,1.300559405256774,-3.6854099752009,-0.13921624821202033,0.5810616525829718,-0.7113622715676928,0.9947930188800309,1.0513143924007928,-1.5218733887663225,3.655048135263121,3.458364932843263,0.3665451517032714,2.584583089012455,0.5364254187930946,0.1338231884482922,1.006120595389792,2.3969493422792314,-0.12187208437207125,-0.47449886628169535,3.2778274434889028,-3.1008301457135743,0.12346800436412346,1.394478689241169,-1.4744029965628385,-2.9375033096074077,0.3102790515063895,1.3333409652625638,-1.1251270250573457,2.0408739581409576,1.4030590306086221,4.097875493382206,-0.11016398088872732,0.4176809268996955,1.780403913691095,-2.3802904864771417,0.0962641597994006,-3.141832899200043,1.3692339877226103,-1.2736190109117287,-1.3038102140790588,-3.171698893580562
-0.5165453050802358,2.4536679382960993,-8.471342990957998,-5.672618276393324,17.09267673893967,0.910648480604353,-2.408366990661583,3.2981147957366947,-3.820994152569969,-4.979850614947421,6.112490812450132,-17.113827584081413,-15.692684875195743,-2.410881916269762,-11.365642831108417,-1.3795680151079432,-0.5015249015938399,-4.670294972398598,-11.577175940210171,1.8182133400272353,1.7944439553455318,-15.270513397141372,14.498852297280122,-0.23694210142450656,-7.148691759347088,6.739271262160963,13.66608507580613,-0.441304887385084,-3.5080007261676216,4.735884447501743,-9.407181756601888,-6.75705342495734,-18.891248059824076,-0.20037899399484616,-3.759137551273286,-7.600670778900566,10.582131928251613,-2.3794006691499345,15.82747957612951,-6.9857379667067,5.818753086469303,6.987092532290298,14.018878029058312
1.7887456226657439,-8.471342990957998,29.429737723201786,19.590551581359044,-59.20771655787831,-3.2359119037897406,8.238238802008162,-11.329695779685013,13.136063378034054,17.241917287488864,-21.128248952419675,59.356718825449256,54.24953701933048,8.517578845558464,39.2719170067537,4.577592792800104,1.689294912561259,16.146657001544384,40.212371438233724,-6.489538120617449,-6.211806534439004,52.91380372838899,-50.2467968830452,0.8021328638028201,24.808453150630566,-23.28574138961634,-47.35381624780136,1.4561492084205085,11.847809517334285,-16.323754280917058,32.57709752443304,23.396592096678457,65.47501835719946,0.7746856605504374,13.333714384622624,26.201300464226357,-36.64285290318599,8.494328052787505,-54.977648936757994,24.214886822151296,-20.135244640844437,-24.295298789634206,-48.46802036650139
1.300559405256774,-5.672618276393324,19.590551581359044,13.227035720298948,-39.60384527275586,-2.0478748398018087,5.650777214023039,-7.642545173834486,9.033565422120438,11.513136513938257,-14.384007244806035,39.617854088328684,36.44459145092989,5.419543666678438,26.483875680180855,3.4569331445573908,1.1864213857577777,10.8168303439403,26.71894994757757,-3.9224292513721992,-4.255892074408038,35.368689232549684,-33.57090611952038,0.6265297495626626,16.40301055628504,-15.642094932350771,-31.65915193059776,1.2534535410719194,8.751793511975539,-11.086618589888191,21.811126644686837,15.600559905173037,43.802729997575504,0.3053298054101692,8.2886730353758,17.764179934066284,-24.63028708859824,5.061595291183563,-36.38443879045761,16.039691235577926,-13.50193015100988,-15.973547421462788,-32.64549428342758
-3.6854099752009,17.09267673893967,-59.20771655787831,-39.60384527275586,119.37392441171899,6.414370151918265,-16.757331621597867,22.944436118153057,-26.723406092447114,-34.75299246760555,42.78541703566127,-119.56049859721453,-109.52304473044822,-16.887312414071587,-79.3506704602254,-9.59524600182898,-3.484150668097248,-32.59670759248934,-80.88489035516908,12.668132247714265,12.57478722818274,-106.64329090948365,101.24720881270116,-1.6864563600221125,-49.848086900200904,47.01269699855667,95.43259385072194,-3.168299747439423,-24.62055659017427,33.06756497590463,-65.6855970752223,-47.144849370681655,-131.96818840236415,-1.3425056425744204,-26.24867162793085,-53.06334852598692,73.94979545802116,-16.558109099639413,110.49358562531675,-48.707826222545584,40.63963425302501,48.722346569942,97.90009419032226
-0.13921624821202033,0.910648480604353,-3.2359119037897406,-2.0478748398018087,6.414370151918265,0.4412650875410908,-0.8085764063472018,1.1955500180400835,-1.2835452764526891,-1.882194149863542,2.142244776940125,-6.487064433862858,-5.765925399693431,-1.0820619343445255,-4.107830424432463,-0.24006929963996415,-0.15990196379896307,-1.7376719464662083,-4.46481705024497,0.9378069836379258,0.611700454210117,-5.742389600089001,5.4578244056800775,-0.031693013360510704,-2.7868738035131164,2.4717107991198053,5.139067589549571,-0.0017663892246415499,-0.7946504752434332,1.668457132810391,-3.50935877714092,-2.5657995920474965,-7.095713508511107,-0.1919098682548502,-1.8077746450810792,-2.7087745267641936,3.895031491166476,-1.2891778435209067,6.202312684211547,-2.72120610008775,2.170985317988427,2.787511361826546,5.104342492793936
0.5810616525829718,-2.408366990661583,8.238238802008162,5.650777214023039,-16.757331621597867,-0.8085764063472018,2.4784286813929635,-3.2808501968501034,3.9347139610817803,4.858754664500808,-6.199536038022657,16.715823607628202,15.505548024413331,2.1419037544932453,11.316039733446782,1.6658598739576431,0.5259172069993759,4.585364426408272,11.21180339577601,-1.4401517864521811,-1.8472623898614984,14.953947864750436,-14.190498036353393,0.3025864011412261,6.834458285902545,-6.6664090318063804,-13.38992736939363,0.6550941259850916,4.107286444655889,-4.777600880265883,9.231741408254432,6.591182701129151,18.53183575444683,0.03297652620694965,3.1789475268168843,7.643315457499547,-10.484172870280878,1.8252044923614983,-15.21907541347796,6.72486673581994,-5.7328666753581246,-6.626261248901818,-13.92001528306634
-0.7113622715676928,3.2981147957366947,-11.329695779685013,-7.642545173834486,22.944436118153057,1.1955500180400835,-3.2808501968501034,4.464599636275702,-5.196753977557804,-6.682171922744344,8.251567084956786,-22.938033910026036,-21.10630673975722,-3.148647261071705,-15.300980662090414,-1.953922874788663,-0.6982620488964022,-6.2815807371530035,-15.483868928539358,2.3153613864007156,2.418703354693095,-20.484782633819666,19.443096996616163,-0.3348560048247495,-9.542284400207723,9.065691054807276,18.331787685395533,-0.6550622198923092,-4.913822444758921,6.402349206133397,-12.625193614268285,-9.06844659869192,-25.343472304797682,-0.2044803524908648,-4.856576041512175,-10.27599116377626,14.222507965131392,-3.0314722938476484,21.154046067385856,-9.351823024699721,7.826118239522954,9.304078166629887,18.86349525239967
0.9947930188800309,-3.820994152569969,13.136063378034054,9.033565422120438,-26.723406092447114,-1.2835452764526891,3.9347139610817803,-5.196753977557804,6.346994361432097,7.738373475730753,-9.973444127383534,26.65242113472321,24.72045599310158,3.396772693948346,18.068050517035573,2.7094683521923537,0.8487658415224869,7.315404139292068,17.858404491571807,-2.2185213569293873,-2.9754713290368695,23.836518336209203,-22.609042258122674,0.517073263887883,10.850940743511536,-10.60826754703831,-21.335981316899208,1.1369193284441095,6.747439565299414,-7.642034546633336,14.725744247856252,10.469547234940109,29.55891414425065,-0.021660395584308243,4.961169257672692,12.214089902902419,-16.746961229162775,2.7845961722476282,-24.158427802874293,10.650568305185564,-9.145934346555723,-10.481094990705493,-22.2382298468216
1.0513143924007928,-4.979850614947421,17.241917287488864,11.513136513938257,-34.75299246760555,-1.882194149863542,4.858754664500808,-6.682171922744344,7.738373475730753,10.128342141304044,-12.398478363576011,34.81558934202714,31.864454961737696,4.9575446784605965,23.06071304138995,2.725117827222744,1.0150693379868514,9.492659234188737,23.573954072788702,-3.764958466942456,-3.63330331006591,31.048894373672717,-29.477974772694957,0.4716510093580104,14.56179946146898,-13.67572404614052,-27.784067673116393,0.8662026550915142,7.006482420180953,-9.598309063746013,19.122985470651333,13.737077874349335,38.41281399854174,0.4274906068554476,7.7507840333813744,15.4096010525661,-21.494376154465847,4.9418354482023,-32.23791810328807,14.21721274071807,-11.826950797349486,-14.239883317531447,-28.461153001245513
-1.5218733887663225,6.112490812450132,-21.128248952419675,-14.384007244806035,42.78541703566127,2.142244776940125,-6.199536038022657,8.251567084956786,-9.973444127383534,-12.398478363576011,15.831623426011754,-42.765185035371225,-39.46937593237154,-5.644514742891602,-28.802925068058606,-4.059775225047824,-1.299295263540691,-11.676281931423318,-28.739325051310068,3.8618363993005906,4.733846000126612,-38.19922102313427,36.251423974328496,-0.7714336152011462,-17.49627066112566,16.945523148525844,34.20275071311662,-1.6443034732827657,-10.250391525902444,12.121916140959435,-23.57251358504562,-16.7896373308361,-47.37215541545129,-0.13795450054763192,-8.421430479743504,-19.3847069038359,26.76680636516011,-4.883554474417842,38.96206324770983,-17.148203970692606,14.61516422019813,16.984835733657,35.47285726073835
3.655048135263121,-17.113827584081413,59.356718825449256,39.617854088328684,-119.56049859721453,-6.487064433862858,16.715823607628202,-22.938033910026036,26.65242113472321,34.81558934202714,-42.765185035371225,119.80785782278593,109.61866414304606,17.044737650995796,79.38660489213562,9.424588876473761,3.4586482870453117,32.6243948043768,81.10484885280987,-12.882928857559934,-12.572724709607353,106.82922164695218,-101.4322722746727,1.6543378137544653,50.0039292430989,-47.05182756708704,-95.60695202375479,3.0674390907546165,24.30763204751555,-33.046045458519714,65.78511805863903,47.23344852920885,132.20486944888484,1.4438096766235506,26.591765242055256,53.041481582805524,-74.03114419796603,16.858704204908417,-110.8460428363883,48.843299977949364,-40.68781711955303,-48.92352324152389,-97.9650079783535
3.458364932843263,-15.692684875195743,54.24953701933048,36.44459145092989,-109.52304473044822,-5.765925399693431,15.505548024413331,-21.10630673975722,24.72045599310158,31.864454961737696,-39.46937593237154,109.61866414304606,100.64467409118673,15.252925236508165,73.01332367045343,9.168948805367844,3.232326817229116,29.915942581440472,74.05394618691673,-11.271284618771688,-11.630660081161032,97.82886424705329,-92.87157069173492,1.6256273343690713,45.57591342331881,-43.206651653219666,-87.55188855309163,3.138206937101206,23.305369579483685,-30.48711614171482,60.29039548058774,43.21575005177164,121.08541453358515,1.0720412880036303,23.545971525196617,48.88644535140585,-67.96187674018181,14.649776690415957,-101.03306836432058,44.552264939650144,-37.30633142049378,-44.47409399335191,-90.03128090376916
0.3665451517032714,-2.410881916269762,8.517578845558464,5.419543666678438,-16.887312414071587,-1.0820619343445255,2.1419037544932453,-3.148647261071705,3.396772693948346,4.9575446784605965,-5.644514742891602,17.044737650995796,15.252925236508165,2.8315103729686206,10.883991338848686,0.7318924772543116,0.41550119189975326,4.589704164319346,11.722844940446553,-2.471762082819926,-1.6110383754501536,15.123878275464296,-14.377442484241636,0.09778140907697179,7.383435507720874,-6.536930844006299,-13.52312684130519,0.004592480847828437,2.1563611738438166,-4.410412822420696,9.271010166358673,6.740914060221489,18.65486978046234,0.5242811443951878,4.724880455662297,7.126035203243945,-10.255300327865932,3.3468834161010177,-16.236412197149775,7.138379144598137,-5.692645776245375,-7.3392795323308135,-13.497601153216284
2.584583089012455,-11.365642831108417,39.2719170067537,26.483875680180855,-79.3506704602254,-4.107830424432463,11.316039733446782,-15.300980662090414,18.068050517035573,23.06071304138995,-28.802925068058606,79.38660489213562,73.01332367045343,10.883991338848686,53.05806943022179,6.905530779394955,2.3561781654092937,21.667751467123747,53.550689468878886,-7.89150065098981,-8.525879649563972,70.87233455123813,-67.27766029821905,1.2473897379216026,32.86857726531194,-31.34846496584139,-63.43680963343192,2.481398476591106,17.47416356970456,-22.200368945818084,43.69577913558239,31.266129447433123,87.76219601405849,0.6444097834044864,16.659026411063223,35.56855594925162,-49.35398255803776,10.178569687773473,-72.93505018353665,32.149926931158745,-27.045989955166096,-32.029995164969314,-65.39356355022508
0.5364254187930946,-1.3795680151079432,4.577592792800104,3.4569331445573908,-9.59524600182898,-0.24006929963996415,1.6658598739576431,-1.953922874788663,2.7094683521923537,2.725117827222744,-4.059775225047824,9.424588876473761,9.168948805367844,0.7318924772543116,6.905530779394955,1.7096785613254726,0.37329549244527777,2.644183221232326,6.097340050814957,-0.043598657933108555,-1.2747838646553795,8.525541668611584,-8.070556507543463,0.354702017214896,3.528644370162596,-3.946543513520338,-7.64180451612781,0.9150941595571913,3.9492301982832294,-3.0487564285599187,5.324390956907877,3.6673497996049687,10.635633373570561,-0.36619137291783177,0.6530189766270306,4.802250831826046,-6.264963040140628,-0.15136449194482113,-7.959645325048926,3.5222611341639216,-3.3334041837566772,-3.2611433799567586,-8.40860938868561
0.1338231884482922,-0.5015249015938399,1.689294912561259,1.1864213857577777,-3.484150668097248,-0.15990196379896307,0.5259172069993759,-0.6982620488964022,0.8487658415224869,1.0150693379868514,-1.299295263540691,3.4586482870453117,3.232326817229116,0.41550119189975326,2.3561781654092937,0.37329549244527777,0.1296803992047401,0.9652445637756764,2.309639603088305,-0.25792914636566816,-0.3775586761992944,3.099610349202577,-2.9344966331797484,0.06787962820324855,1.4139065779094955,-1.3845396045775114,-2.7723457708265995,0.15849560573976676,0.9145903910022184,-1.0069442831236093,1.9198171932814632,1.3667730824566338,3.8411818635407924,-0.025913187362007498,0.5952447209447739,1.6122028558081127,-2.171529164421369,0.33537391786687965,-3.129167742726294,1.3907705152509469,-1.199762091029393,-1.3497429995098817,-2.904019106089755
1.006120595389792,-4.670294972398598,16.146657001544384,10.8168303439403,-32.59670759248934,-1.7376719464662083,4.585364426408272,-6.2815807371530035,7.315404139292068,9.492659234188737,-11.676281931423318,32.6243948043768,29.915942581440472,4.589704164319346,21.667751467123747,2.644183221232326,0.9652445637756764,8.918316669042927,22.066080810841783,-3.43038441067378,-3.4175163657975327,29.111225038096524,-27.634126322493138,0.46021270214238075,13.613119533753135,-12.842178932884618,-26.042045641313994,0.8664865693497888,6.7498601347983795,-9.037100128635497,17.933545573118614,12.875195215222881,36.00941711234005,0.3468722916000776,7.117031135578944,14.50087958970743,-20.178031318957988,4.4948439001580995,-30.146349323179503,13.30220905888012,-11.101553191194041,-13.288064102307656,-26.733649439515148
2.3969493422792314,-11.577175940210171,40.212371438233724,26.71894994757757,-80.88489035516908,-4.46481705024497,11.21180339577601,-15.483868928539358,17.858404491571807,23.573954072788702,-28.739325051310068,81.10484885280987,74.05394618691673,11.722844940446553,53.550689468878886,6.097340050814957,2.309639603088305,22.066080810841783,54.99037370775824,-9.016314689299406,-8.422985379573685,72.28684092609194,-68.64285062283216,1.052524141582252,33.980458029532365,-31.78396807356974,-64.6869530670753,1.8695664084836017,15.84222922234297,-22.237327832236534,44.49389307548856,31.991470842478183,89.42563055577025,1.1264086424529776,18.435462109278472,35.71550714552731,-49.98421735566293,11.85749761390996,-75.26470321720873,33.162568810742094,-27.50284338657223,-33.2998661639906,-66.11366295303499
-0.12187208437207125,1.8182133400272353,-6.489538120617449,-3.9224292513721992,12.668132247714265,0.9378069836379258,-1.4401517864521811,2.3153613864007156,-2.2185213569293873,-3.764958466942456,3.8618363993005906,-12.882928857559934,-11.271284618771688,-2.471762082819926,-7.89150065098981,-0.043598657933108555,-0.25792914636566816,-3.43038441067378,-9.016314689299406,2.4308915323138627,1.0545972659097018,-11.378377892405021,10.833409439628113,0.054163425329458836,-5.845434773278029,4.826204624161203,10.169713971956844,0.3921461856767589,-0.47509576188679953,3.090479059146773,-6.945695388909172,-5.132111738445074,-13.975498989446612,-0.6907907148637472,-4.387500035162308,-5.038374400666973,7.504934807899073,-3.3682622895308483,12.697736553451438,-5.588699112521326,4.223070553281548,5.903851330027481,9.83827787616923
-0.47449886628169535,1.7944439553455318,-6.211806534439004,-4.255892074408038,12.57478722818274,0.611700454210117,-1.8472623898614984,2.418703354693095,-2.9754713290368695,-3.63330331006591,4.733846000126612,-12.572724709607353,-11.630660081161032,-1.6110383754501536,-8.525879649563972,-1.2747838646553795,-0.3775586761992944,-3.4175163657975327,-8.422985379573685,1.0545972659097018,1.4398459226889282,-11.23205526691962,10.661519324845242,-0.25201564782024116,-5.0874293621443805,4.995807261209978,10.06723210783306,-0.557776558350345,-3.210097403797562,3.5994079861664403,-6.936173564487875,-4.917676395827705,-13.954981305027632,-0.007304195851338663,-2.3632121824060697,-5.745136856719757,7.919764813281879,-1.293588760458082,11.372041288547122,-4.9927180596294916,4.298803726447416,4.934513027177018,10.48772311433783
3.2778274434889028,-15.270513397141372,52.91380372838899,35.368689232549684,-106.64329090948365,-5.742389600089001,14.953947864750436,-20.484782633819666,23.836518336209203,31.048894373672717,-38.19922102313427,106.82922164695218,97.82886424705329,15.123878275464296,70.87233455123813,8.525541668611584,3.099610349202577,29.111225038096524,72.28684092609194,-11.378377892405021,-11.23205526691962,95.27968511632533,-90.46329269316168,1.4968293204940728,44.55825768978518,-41.99503043591312,-85.26761253843337,2.7979945623757865,21.89472118054359,-29.52159058368535,58.6834634296325,42.122064505547314,117.90808802326372,1.237019872596799,23.542097554625848,47.37289932412368,-66.05836695280995,14.87048205874393,-98.76123507154396,43.530516953159044,-36.298647527511626,-43.56789328958436,-87.44137496901362
-3.1008301457135743,14.498852297280122,-50.2467968830452,-33.57090611952038,101.24720881270116,5.4578244056800775,-14.190498036353393,19.443096996616163,-22.609042258122674,-29.477974772694957,36.251423974328496,-101.4322722746727,-92.87157069173492,-14.377442484241636,-67.27766029821905,-8.070556507543463,-2.9344966331797484,-27.634126322493138,-68.64285062283216,10.833409439628113,10.661519324845242,-90.46329269316168,85.89369253207887,-1.4147993833800936,-42.315615941871634,39.870191445003016,80.9587123861259,-2.6360476903246712,-20.731486810056943,28.017312549786254,-55.713649907824966,-39.99531426698792,-111.94625626182159,-1.1955466850276362,-22.397657112710043,-44.959671241983074,62.71316314782357,-14.158344454224046,93.79310056257076,-41.339247039272415,34.45842707744501,41.3859808846904,83.00553777516791
0.12346800436412346,-0.23694210142450656,0.8021328638028201,0.6265297495626626,-1.6864563600221125,-0.031693013360510704,0.3025864011412261,-0.3348560048247495,0.517073263887883,0.4716510093580104,-0.7714336152011462,1.6543378137544653,1.6256273343690713,0.09778140907697179,1.2473897379216026,0.354702017214896,0.06787962820324855,0.46021270214238075,1.052524141582252,0.054163425329458836,-0.25201564782024116,1.4968293204940728,-1.4147993833800936,0.08249603048835959,0.5810809011682443,-0.6957819892256906,-1.3440588378155038,0.2187432551123265,0.8393062361985761,-0.5599795516679769,0.9397106189607566,0.62755466062318,1.8827018435846945,-0.10085231362811391,0.027836198858585723,0.8754363493792079,-1.1312819388791553,-0.12827410762726354,-1.3323935427738758,0.579590364595,-0.5891911871250285,-0.5226874754808029,-1.516272795899267
1.394478689241169,-7.148691759347088,24.808453150630566,16.40301055628504,-49.848086900200904,-2.7868738035131164,6.834458285902545,-9.542284400207723,10.850940743511536,14.56179946146898,-17.49627066112566,50.0039292430989,45.57591342331881,7.383435507720874,32.86857726531194,3.528644370162596,1.4139065779094955,13.613119533753135,33.980458029532365,-5.845434773278029,-5.0874293621443805,44.55825768978518,-42.315615941871634,0.5810809011682443,21.129661044975013,-19.555169676420483,-39.86231419997513,0.9369236677800181,9.17496593063944,-13.598287074187407,27.423921314371825,19.756527313965442,55.07012733759311,0.839530261934757,11.762851490262081,21.858182078580803,-30.680668403578387,7.74536645631764,-46.62138248437322,20.565186358967154,-16.923786723358706,-20.727014948579647,-40.60382716834402
-1.4744029965628385,6.739271262160963,-23.28574138961634,-15.642094932350771,47.01269699855667,2.4717107991198053,-6.6664090318063804,9.065691054807276,-10.60826754703831,-13.67572404614052,16.945523148525844,-47.05182756708704,-43.206651653219666,-6.536930844006299,-31.34846496584139,-3.946543513520338,-1.3845396045775114,-12.842178932884618,-31.78396807356974,4.826204624161203,4.995807261209978,-41.99503043591312,39.870191445003016,-0.6957819892256906,-19.555169676420483,18.557743239632053,37.58413162820149,-1.3457427119064775,-10.017126481759998,13.091581783709112,-25.876827875178236,-18.555766183087695,-51.976825675741466,-0.4634260264812768,-10.091382705605254,-20.990776694436114,29.17885807508182,-6.271947004883955,43.37065702832941,-19.128820436632097,16.015952105007166,19.089408375996673,38.64997718002705
-2.9375033096074077,13.66608507580613,-47.35381624780136,-31.65915193059776,95.43259385072194,5.139067589549571,-13.38992736939363,18.331787685395533,-21.335981316899208,-27.784067673116393,34.20275071311662,-95.60695202375479,-87.55188855309163,-13.52312684130519,-63.43680963343192,-7.64180451612781,-2.7723457708265995,-26.042045641313994,-64.6869530670753,10.169713971956844,10.06723210783306,-85.26761253843337,80.9587123861259,-1.3440588378155038,-39.86231419997513,37.58413162820149,76.31528394605965,-2.5209044262102442,-19.63090629961244,26.426579426825068,-52.51803164176939,-37.69218064329732,-105.53153980703534,-1.104742334502473,-21.05240287994256,-42.406032760282,59.129633567147025,-13.282167548616197,88.37198929162176,-38.947149299212796,32.48425435106153,38.98115774795704,78.26486876744923
0.3102790515063895,-0.441304887385084,1.4561492084205085,1.2534535410719194,-3.168299747439423,-0.0017663892246415499,0.6550941259850916,-0.6550622198923092,1.1369193284441095,0.8662026550915142,-1.6443034732827657,3.0674390907546165,3.138206937101206,0.004592480847828437,2.481398476591106,0.9150941595571913,0.15849560573976676,0.8664865693497888,1.8695664084836017,0.3921461856767589,-0.557776558350345,2.7979945623757865,-2.6360476903246712,0.2187432551123265,0.9369236677800181,-1.3457427119064775,-2.5209044262102442,0.617089282831367,2.156342935033082,-1.164453585112433,1.7726415361740164,1.1414115619746459,3.561830080893967,-0.33937989029986604,-0.36856266092353673,1.8043145806764016,-2.223687265581526,-0.6715643679208321,-2.250446249997668,0.9730548378520819,-1.1340278857643173,-0.7834510877049677,-2.9972453984556946
1.3333409652625638,-3.5080007261676216,11.847809517334285,8.751793511975539,-24.62055659017427,-0.7946504752434332,4.107286444655889,-4.913822444758921,6.747439565299414,7.006482420180953,-10.250391525902444,24.30763204751555,23.305369579483685,2.1563611738438166,17.47416356970456,3.9492301982832294,0.9145903910022184,6.7498601347983795,15.84222922234297,-0.47509576188679953,-3.210097403797562,21.89472118054359,-20.731486810056943,0.8393062361985761,9.17496593063944,-10.017126481759998,-19.63090629961244,2.156342935033082,9.42369515844358,-7.662382994113538,13.627844283565011,9.431684306362243,27.337188138741467,-0.7967594606849009,2.264567057000135,12.108980430003363,-15.987237525595862,0.17151957386829517,-20.801520296117285,9.151488792122281,-8.541417921077088,-8.581084856023827,-21.348699077792215
-1.1251270250573457,4.735884447501743,-16.323754280917058,-11.086618589888191,33.06756497590463,1.668457132810391,-4.777600880265883,6.402349206133397,-7.642034546633336,-9.598309063746013,12.121916140959435,-33.046045458519714,-30.48711614171482,-4.410412822420696,-22.200368945818084,-3.0487564285599187,-1.0069442831236093,-9.037100128635497,-22.237327832236534,3.090479059146773,3.5994079861664403,-29.52159058368535,28.017312549786254,-0.5599795516679769,-13.598287074187407,13.091581783709112,26.426579426825068,-1.164453585112433,-7.662382994113538,9.326900109393721,-18.212534300283433,-13.0079311532315,-36.57670189727143,-0.16609673681782244,-6.650681347721985,-14.930918493707434,20.623970895575756,-3.9549587226045775,30.22302599879364,-13.326106315916126,11.289590039274852,13.215238202488289,27.346546118856732
2.0408739581409576,-9.407181756601888,32.57709752443304,21.811126644686837,-65.6855970752223,-3.50935877714092,9.231741408254432,-12.625193614268285,14.725744247856252,19.122985470651333,-23.57251358504562,65.78511805863903,60.29039548058774,9.271010166358673,43.69577913558239,5.324390956907877,1.9198171932814632,17.933545573118614,44.49389307548856,-6.945695388909172,-6.936173564487875,58.6834634296325,-55.713649907824966,0.9397106189607566,27.423921314371825,-25.876827875178236,-52.51803164176939,1.7726415361740164,13.627844283565011,-18.212534300283433,36.15612458918299,25.932104240252336,72.62694397981079,0.7293840917967153,14.400910280135632,29.21468813798244,-40.70684781769633,9.057735219932,-60.7546642907347,26.780333123678222,-22.35973902448896,-26.790600058478947,-53.904213643456835
1.4030590306086221,-6.75705342495734,23.396592096678457,15.600559905173037,-47.144849370681655,-2.5657995920474965,6.591182701129151,-9.06844659869192,10.469547234940109,13.737077874349335,-16.7896373308361,47.23344852920885,43.21575005177164,6.740914060221489,31.266129447433123,3.6673497996049687,1.3667730824566338,12.875195215222881,31.991470842478183,-5.132111738445074,-4.917676395827705,42.122064505547314,-39.99531426698792,0.62755466062318,19.756527313965442,-18.555766183087695,-37.69218064329732,1.1414115619746459,9.431684306362243,-13.0079311532315,25.932104240252336,18.65024984630621,52.10272649482619,0.6034030988061458,10.554898201319896,20.890454253678286,-29.152313241944146,6.74774252687839,-43.77885426396355,19.31029666191799,-16.043280451341026,-19.34208545395835,-38.583990812055916
4.097875493382206,-18.891248059824076,65.47501835719946,43.802729997575504,-131.96818840236415,-7.095713508511107,18.53183575444683,-25.343472304797682,29.55891414425065,38.41281399854174,-47.37215541545129,132.20486944888484,121.08541453358515,18.65486978046234,87.76219601405849,10.635633373570561,3.8411818635407924,36.00941711234005,89.42563055577025,-13.975498989446612,-13.954981305027632,117.90808802326372,-111.94625626182159,1.8827018435846945,55.07012733759311,-51.976825675741466,-105.53153980703534,3.561830080893967,27.337188138741467,-36.57670189727143,72.62694397981079,52.10272649482619,145.95005476642498,1.475948045704447,28.9904686399198,58.684421732089994,-81.80317677043492,18.232240194390158,-122.12176569122197,53.81064393333849,-44.92871885793931,-53.83656421069368,-108.27472088931167
-0.11016398088872732,-0.20037899399484616,0.7746856605504374,0.3053298054101692,-1.3425056425744204,-0.1919098682548502,0.03297652620694965,-0.2044803524908648,-0.021660395584308243,0.4274906068554476,-0.13795450054763192,1.4438096766235506,1.0720412880036303,0.5242811443951878,0.6444097834044864,-0.36619137291783177,-0.025913187362007498,0.3468722916000776,1.1264086424529776,-0.6907907148637472,-0.007304195851338663,1.237019872596799,-1.1955466850276362,-0.10085231362811391,0.839530261934757,-0.4634260264812768,-1.104742334502473,-0.33937989029986604,-0.7967594606849009,-0.16609673681782244,0.7293840917967153,0.6034030988061458,1.475948045704447,0.31047726886044114,1.1018286820921477,0.3017208770581189,-0.6698052189189032,0.9891606945318383,-1.7383611172294662,0.7659699686057513,-0.4090847359786719,-0.9277324636720747,-0.8342340910657855
0.4176809268996955,-3.759137551273286,13.333714384622624,8.2886730353758,-26.24867162793085,-1.8077746450810792,3.1789475268168843,-4.856576041512175,4.961169257672692,7.7507840333813744,-8.421430479743504,26.591765242055256,23.545971525196617,4.724880455662297,16.659026411063223,0.6530189766270306,0.5952447209447739,7.117031135578944,18.435462109278472,-4.387500035162308,-2.3632121824060697,23.542097554625848,-22.397657112710043,0.027836198858585723,11.762851490262081,-10.091382705605254,-21.05240287994256,-0.36856266092353673,2.264567057000135,-6.650681347721985,14.400910280135632,10.554898201319896,28.9904686399198,1.1018286820921477,8.145981479512207,10.791434615545272,-15.766551968441796,6.017019956231444,-25.744228058767845,11.32524026394033,-8.806989481410582,-11.790920203445749,-20.70815087026052
1.780403913691095,-7.600670778900566,26.201300464226357,17.764179934066284,-53.06334852598692,-2.7087745267641936,7.643315457499547,-10.27599116377626,12.214089902902419,15.4096010525661,-19.3847069038359,53.041481582805524,48.88644535140585,7.126035203243945,35.56855594925162,4.802250831826046,1.6122028558081127,14.50087958970743,35.71550714552731,-5.038374400666973,-5.745136856719757,47.37289932412368,-44.959671241983074,0.8754363493792079,21.858182078580803,-20.990776694436114,-42.406032760282,1.8043145806764016,12.108980430003363,-14.930918493707434,29.21468813798244,20.890454253678286,58.684421732089994,0.3017208770581189,10.791434615545272,23.92140791755532,-33.060167123454754,6.481568893670968,-48.591045325031004,21.428667220871034,-18.114508506214605,-21.264323964548023,-43.82468438049106
-2.3802904864771417,10.582131928251613,-36.64285290318599,-24.63028708859824,73.94979545802116,3.895031491166476,-10.484172870280878,14.222507965131392,-16.746961229162775,-21.494376154465847,26.76680636516011,-74.03114419796603,-67.96187674018181,-10.255300327865932,-49.35398255803776,-6.264963040140628,-2.171529164421369,-20.178031318957988,-49.98421735566293,7.504934807899073,7.919764813281879,-66.05836695280995,62.71316314782357,-1.1312819388791553,-30.680668403578387,29.17885807508182,59.129633567147025,-2.223687265581526,-15.987237525595862,20.623970895575756,-40.70684781769633,-29.152313241944146,-81.80317677043492,-0.6698052189189032,-15.766551968441796,-33.060167123454754,45.961456910838855,-9.713697085595717,68.12903114072668,-30.01345320622391,25.19766595874135,29.943683972386726,60.850856680749835
0.0962641597994006,-2.3794006691499345,8.494328052787505,5.061595291183563,-16.558109099639413,-1.2891778435209067,1.8252044923614983,-3.0314722938476484,2.7845961722476282,4.9418354482023,-4.883554474417842,16.858704204908417,14.649776690415957,3.3468834161010177,10.178569687773473,-0.15136449194482113,0.33537391786687965,4.4948439001580995,11.85749761390996,-3.3682622895308483,-1.293588760458082,14.87048205874393,-14.158344454224046,-0.12827410762726354,7.74536645631764,-6.271947004883955,-13.282167548616197,-0.6715643679208321,0.17151957386829517,-3.9549587226045775,9.057735219932,6.74774252687839,18.232240194390158,0.9891606945318383,6.017019956231444,6.481568893670968,-9.713697085595717,4.729236937795001,-16.807899357560675,7.412506193309824,-5.515174599967898,-7.8551044161672285,-12.720663040589647
-3.141832899200043,15.82747957612951,-54.977648936757994,-36.38443879045761,110.49358562531675,6.202312684211547,-15.21907541347796,21.154046067385856,-24.158427802874293,-32.23791810328807,38.96206324770983,-110.8460428363883,-101.03306836432058,-16.236412197149775,-72.93505018353665,-7.959645325048926,-3.129167742726294,-30.146349323179503,-75.26470321720873,12.697736553451438,11.372041288547122,-98.76123507154396,93.79310056257076,-1.3323935427738758,-46.62138248437322,43.37065702832941,88.37198929162176,-2.250446249997668,-20.801520296117285,30.22302599879364,-60.7546642907347,-43.77885426396355,-122.12176569122197,-1.7383611172294662,-25.744228058767845,-48.591045325031004,68.12903114072668,-16.807899357560675,103.21639322666844,-45.501298057028364,37.550594422378275,45.77144008936345,90.08198161699903
1.3692339877226103,-6.9857379667067,24.214886822151296,16.039691235577926,-48.707826222545584,-2.72120610008775,6.72486673581994,-9.351823024699721,10.650568305185564,14.21721274071807,-17.148203970692606,48.843299977949364,44.552264939650144,7.138379144598137,32.149926931158745,3.5222611341639216,1.3907705152509469,13.30220905888012,33.162568810742094,-5.588699112521326,-4.9927180596294916,43.530516953159044,-41.339247039272415,0.579590364595,20.565186358967154,-19.128820436632097,-38.947149299212796,0.9730548378520819,9.151488792122281,-13.326106315916126,26.780333123678222,19.31029666191799,53.81064393333849,0.7659699686057513,11.32524026394033,21.428667220871034,-30.01345320622391,7.412506193309824,-45.501298057028364,20.077034878084984,-16.55588476897089,-20.18315074223882,-39.70489817509714
-1.2736190109117287,5.818753086469303,-20.135244640844437,-13.50193015100988,40.63963425302501,2.170985317988427,-5.7328666753581246,7.826118239522954,-9.145934346555723,-11.826950797349486,14.61516422019813,-40.68781711955303,-37.30633142049378,-5.692645776245375,-27.045989955166096,-3.3334041837566772,-1.199762091029393,-11.101553191194041,-27.50284338657223,4.223070553281548,4.298803726447416,-36.298647527511626,34.45842707744501,-0.5891911871250285,-16.923786723358706,16.015952105007166,32.48425435106153,-1.1340278857643173,-8.541417921077088,11.289590039274852,-22.35973902448896,-16.043280451341026,-44.92871885793931,-0.4090847359786719,-8.806989481410582,-18.114508506214605,25.19766595874135,-5.515174599967898,37.550594422378275,-16.55588476897089,13.84690161357442,16.528955774312283,33.36448052751745
-1.3038102140790588,6.987092532290298,-24.295298789634206,-15.973547421462788,48.722346569942,2.787511361826546,-6.626261248901818,9.304078166629887,-10.481094990705493,-14.239883317531447,16.984835733657,-48.92352324152389,-44.47409399335191,-7.3392795323308135,-32.029995164969314,-3.2611433799567586,-1.3497429995098817,-13.288064102307656,-33.2998661639906,5.903851330027481,4.934513027177018,-43.56789328958436,41.3859808846904,-0.5226874754808029,-20.727014948579647,19.089408375996673,38.98115774795704,-0.7834510877049677,-8.581084856023827,13.215238202488289,-26.790600058478947,-19.34208545395835,-53.83656421069368,-0.9277324636720747,-11.790920203445749,-21.264323964548023,29.943683972386726,-7.8551044161672285,45.77144008936345,-20.18315074223882,16.528955774312283,20.393978652931423,39.58147966602077
-3.171698893580562,14.018878029058312,-48.46802036650139,-32.64549428342758,97.90009419032226,5.104342492793936,-13.92001528306634,18.86349525239967,-22.2382298468216,-28.461153001245513,35.47285726073835,-97.9650079783535,-90.03128090376916,-13.497601153216284,-65.39356355022508,-8.40860938868561,-2.904019106089755,-26.733649439515148,-66.11366295303499,9.83827787616923,10.48772311433783,-87.44137496901362,83.00553777516791,-1.516272795899267,-40.60382716834402,38.64997718002705,78.26486876744923,-2.9972453984556946,-21.348699077792215,27.346546118856732,-53.904213643456835,-38.583990812055916,-108.27472088931167,-0.8342340910657855,-20.70815087026052,-43.82468438049106,60.850856680749835,-12.720663040589647,90.08198161699903,-39.70489817509714,33.36448052751745,39.58147966602077,80.61721865053222
