V1,V2,V3,V4,V5,V6,V7,V8,V9,V10,V11,V12,V13,V14,V15,V16,V17,V18,V19,V20,V21,V22,V23,V24,V25,V26,V27,V28,V29,V30,V31,V32,V33,V34,V35,V36,V37,V38,V39,V40,V41,V42,V43,V44
1.1696396819260333,-0.8003272725369319,0.8477860760992616,0.5988375605349233,0.4489032642356581,1.142761933187511,1.093683635020875,0.7401622949448173,0.6948961399871411,0.00994684500438934,0.2481141482530068,0.10139621367734913,-0.29576446545520796,1.2052277800478084,0.7515543245944653,-0.35101489573984784,0.08028189902063793,0.3380600329743597,-0.5546218060457743,-0.9717854694237794,0.3900149190628513,1.0839998885746678,0.29333706290449946,0.765903641781126,0.26846410994203695,0.34494316676893505,-0.1159928237320008,0.16348485064793392,0.14049218685950413,-0.39834607471528793,0.02425558089376915,-0.46149798604544534,-0.06827500798169109,0.16599338655393978,0.11367168088765998,0.4937066136201129,0.20122024374057362,-0.30096211972756937,-0.16400712679227214,-0.21257020109877706,0.342344323897464,-1.2315573645276074,-0.34683395654281163,-0.25912994149060636
-0.8003272725369319,0.8810437715345284,-0.6113774951917821,-0.9670487788708833,-0.3496569292670554,-0.6056806910987167,-0.9389829478010051,-0.55946759594345,-0.2719395556433838,0.2298381675350763,-0.25006167162970644,-0.4357414119128167,0.48477954937353895,-0.8740106971041469,-0.5040480609670942,0.27372525029308287,-0.0406319703202524,-0.13751503890548702,0.7652839204016239,0.6940953359500921,-0.3407045163481799,-0.5019845746607953,-0.22020815754841158,-0.6057323295092517,-0.4531817364808487,-0.3304774614455463,0.11302303382843648,0.21974529000044218,-0.4090927222909206,0.27875863563042963,-0.15557075175319487,0.41832436112431504,0.23279508313385125,-0.20907987477057427,-0.42009240239741974,-0.40758818219174736,-0.17237491084780515,0.20595875925882418,0.27509938624391667,0.20895499934202869,-0.538404886215004,0.8637660534474098,0.3570370867474924,-0.24382981350084698
0.8477860760992616,-0.6113774951917821,1.175811603202475,0.6604077562256325,0.49708701157404905,0.9984673888308299,0.47078503103524766,0.7299043429477501,0.08180717802738297,-0.3295062302090535,0.18465976147793978,0.4707705035264348,-0.5511174517142374,1.0265565207064205,0.474249229575622,0.03390369478533335,-0.4177424269469631,0.32429196981265124,-0.5705912466570827,-0.408355263661787,0.06472966212133843,0.731168662858386,0.3290590630155342,0.7107364238411554,0.5533787855794653,0.608049869326656,0.18716290582630585,0.22724176168357202,0.47770388745683096,-0.23175474423156425,0.33773653455279895,-0.35540562080842214,0.054525691334526276,0.35005058002964357,0.3720386092061938,0.492374886643344,0.21161338503055652,-0.19772821537967203,-0.33268675063353087,-0.4491659246910869,0.6744074880490315,-0.5975582675247754,-0.44099812411206357,-0.11259365063594816
0.5988375605349233,-0.9670487788708833,0.6604077562256325,2.999110302620082,1.2018426402990867,1.1826030754583934,0.9741972603272255,0.3826077490731416,-0.7238692911372441,-1.1176949867827397,0.49680555242868,1.2730859337861657,-1.5529722058404993,0.8039303252116915,1.0092593672180323,-0.09048586022108061,0.5941126912360679,0.15253064029262758,-2.0665314328580253,-0.5607990052520491,0.27419172654117707,0.6160465965455459,0.018390294081013364,2.1056422621465414,1.4329571893974264,1.2595232091624577,-0.06111015020487833,-0.4693861554888563,1.005324076817247,-0.26758084667365245,0.9525147700662628,-0.6822002682540086,-0.13826086422635703,0.684250779426539,1.8933745986389658,0.9481407307948555,0.13370613192778827,0.44190919430681735,-0.7470578610669342,0.0699024982223383,2.043650711256372,-0.7599978493350338,-0.9543075876787037,1.1969085917875077
0.4489032642356581,-0.3496569292670554,0.49708701157404905,1.2018426402990867,0.875819712272968,1.228007159040345,0.42173353715832496,0.14603064780809358,0.2239050753730573,-0.3119880857983162,0.21509171353264922,0.41126618168776796,-0.9204156645361457,0.8481506621525668,0.7201547879259417,0.21558643595695037,0.5329142918209263,0.4033389270956669,-1.0017586920496633,-0.5100884330918863,0.24487250709086825,0.7681919045858823,0.19048189809483562,1.230557911888176,0.35163945600137086,0.6910627051808266,0.10672308181980521,0.05995582763354552,0.0012239479842275213,-0.46558430436471004,0.5095913941130903,-0.31204231233889007,0.015171741485826581,0.3925736260040116,0.6644621969531757,0.855355848639389,-0.08173325930197928,0.2219524752596829,-0.3105527761825266,0.1503660116651948,0.8462261171403122,-0.8457841871498177,-0.4825513330573454,0.13424212441875633
1.142761933187511,-0.6056806910987167,0.9984673888308299,1.1826030754583934,1.228007159040345,2.505576337108608,0.7892455664685011,0.3834000698145637,0.8667564569600928,-0.1489438821945588,0.24453018911789395,0.15636221928900465,-1.1757170480079597,1.7329201326115877,1.1907190616078436,0.24998055747592687,0.6607168019217213,0.7850405363556062,-1.0171377438436604,-1.15213245737051,0.3632623574625779,1.8889470419434915,0.35679356147548497,1.8910515731306474,0.12992768283065131,0.9755904034590389,0.20217487199881568,0.4269132577101684,-0.36590477319416237,-0.8304847662072168,0.4622695159431205,-0.39359275324742726,0.18683867028617748,0.41550824175983636,0.4926992347875573,1.3036499388217324,-0.06284929859024306,0.09108358708756203,-0.3169517826170723,0.23335666830684212,0.8871039200671795,-1.6369023642295337,-0.6023832335049873,-0.4340753787072006
1.093683635020875,-0.9389829478010051,0.47078503103524766,0.9741972603272255,0.42173353715832496,0.7892455664685011,1.7669061513660438,0.510202717388365,0.9722376169606662,0.17490986709745623,0.4326543232364258,0.05412853542186094,-0.3092560508853141,1.1552952903700593,0.9446035141948256,-0.7544295233194522,0.5312151350925102,0.12330526016069455,-0.8146884354404949,-1.2634579375584991,0.790413652784978,1.026961964288549,0.13463138113983436,0.678826403668133,0.09477934980994802,0.17821082311282954,-0.23725456020916227,-0.26798134520923106,-0.11745544201298933,-0.5377186180319516,-0.1472059593663227,-0.5470120450850984,-0.36880105443958805,0.11718456140216164,0.1380953184986525,0.44690414907197806,0.208270572514373,-0.1937078025750642,-0.07561417573161126,0.0675560892282499,0.07348600432276504,-1.6994412486865416,-0.3656543372685856,-0.013750102336609858
0.7401622949448173,-0.55946759594345,0.7299043429477501,0.3826077490731416,0.14603064780809358,0.3834000698145637,0.510202717388365,0.9883658227499396,-0.18335822191692416,-0.22499359534730282,0.163027178291589,0.10497637753341607,0.14612928085491655,0.2552229008416043,0.26349392574122715,-0.4725774564915883,-0.4817152726460453,-0.06633499882171273,-0.2442134753059355,-0.40176290473221427,0.08909511632059942,0.26708145101937714,0.04511830560937916,0.45813549170789947,0.7464782930829782,0.24409097430572993,-0.13778593884227577,0.07833419068077217,0.8639353561029094,0.21782231948253866,0.07443097671085559,-0.45969640123258415,0.2265656050668555,0.09163754352051812,0.24090211118039834,-0.06451817661828739,0.4560774873522546,-0.3642444669113372,-0.21877021707411654,-0.4434652156245907,0.514710889143724,-0.14587436027437092,-0.22973643574785263,0.08536766562772151
0.6948961399871411,-0.2719395556433838,0.08180717802738297,-0.7238692911372441,0.2239050753730573,0.8667564569600928,0.9722376169606662,-0.18335822191692416,2.5546373636527973,1.0187241129468798,0.17551871440749967,-0.46736580818285733,-0.23090233797109616,1.6557712735941168,0.5888568823173341,0.33806834326697915,0.8685890643367606,0.7986763586977828,-0.026556047577527393,-1.0216986289010934,0.7889443663428903,0.8612212898398269,0.7383015313780971,-0.4310695501622399,-1.4905066561279012,-0.4499630964577769,0.012642942506118615,0.15446335486241555,-1.7268879302156348,-1.2101569891836954,-0.3291336237525772,-0.05198642668391175,-0.6397818793335515,-0.003990605030547916,-1.1805932759862827,0.9507764494532476,-0.47642376501918843,-0.2017792880202762,0.36818993479505446,0.1537224823256774,-1.2144801442662956,-2.3602979316387245,0.10609758121069,-1.0327065909540376
0.00994684500438934,0.2298381675350763,-0.3295062302090535,-1.1176949867827397,-0.3119880857983162,-0.1489438821945588,0.17490986709745623,-0.22499359534730282,1.0187241129468798,0.8275915789467998,-0.07434142507701515,-0.6693694127251731,0.5409769622262138,0.12484115105998177,-0.09364009593790054,-0.16420398159312893,0.26209724457934,0.00940670962554815,0.6403554114132066,-0.28630798761072657,0.3217874972909954,0.1569063638289249,0.05320886732888738,-0.7448781391379019,-0.9036987855515054,-0.6119989516016682,-0.03727365280080322,0.052649665357221244,-0.9261065847682014,-0.252815434904506,-0.5227220060639901,0.1392615526091837,-0.1269222010175197,-0.3289600770774285,-0.9537122044062479,-0.13286269485040533,-0.09850692014076877,-0.15957361307516152,0.4247704915644622,0.21228698382062375,-1.1649224937254476,-0.511321672357273,0.35340533820068754,-0.6915982231750536
0.2481141482530068,-0.25006167162970644,0.18465976147793978,0.49680555242868,0.21509171353264922,0.24453018911789395,0.4326543232364258,0.163027178291589,0.17551871440749967,-0.07434142507701515,0.22521932888383997,0.1687870833074499,-0.2519659257649345,0.30495313299284527,0.2528307012217691,-0.06487424958166114,0.10834777038476073,0.04849776976042393,-0.33664527120865667,-0.19388764635906028,0.1905297472728821,0.11994941605948033,0.0685153912942834,0.26662429298284235,0.15020444317510215,0.16780877109562342,-0.007391585760410434,-0.12895616311999308,0.07426975946466374,-0.13819504683567496,0.08259047037759054,-0.21417506806261072,-0.11167303009218436,0.12494757074250401,0.16348402403486015,0.20668713565685495,0.08547679053745345,0.052256773361837504,-0.12238501268505537,-0.046955325436007896,0.18703290271562775,-0.47510829950812805,-0.18681722539135406,0.12570107036433195
0.10139621367734913,-0.4357414119128167,0.4707705035264348,1.2730859337861657,0.41126618168776796,0.15636221928900465,0.05412853542186094,0.10497637753341607,-0.46736580818285733,-0.6693694127251731,0.1687870833074499,1.1194911362878905,-0.8941056966811741,0.533242023549903,0.17588697481726398,0.46520262000872653,-0.09080826016407748,0.21759137383686442,-0.9786303720576076,0.2440384032343004,-0.12682665897239728,-0.19637343039025948,0.33161487947920637,0.4689398299227559,0.6991856530474413,0.5565198852329158,0.0644614207785044,-0.2013458429396042,0.5665421050449161,-0.16024148963542661,0.6380203252403147,-0.22209777804761496,-0.3332209538604259,0.4476757585816029,0.9266542931615521,0.5075167098629334,-0.1292796727306214,0.22510440854259844,-0.4432732039349322,-0.31233026277881715,1.0114181814019834,-0.15063364905802018,-0.43485721808283034,0.6523905744955897
-0.29576446545520796,0.48477954937353895,-0.5511174517142374,-1.5529722058404993,-0.9204156645361457,-1.1757170480079597,-0.3092560508853141,0.14612928085491655,-0.23090233797109616,0.5409769622262138,-0.2519659257649345,-0.8941056966811741,1.5041886511169915,-1.1628206264599286,-0.6557069614324368,-0.7103787534725261,-0.4587019585085591,-0.6021398747319942,1.2581110903807904,0.26334144731517256,-0.13369602218623916,-0.544620550492829,-0.40604249040540663,-1.1112728030533177,-0.23379504612880686,-0.8574355377649525,-0.28778280177555676,0.12937564869001217,0.0907829861706912,0.6994850613204623,-0.7366936092273628,0.21725687351614786,0.2917032020307631,-0.5902814243877443,-0.8568742614745387,-1.1786222127548722,0.3164436133013182,-0.36578706161668034,0.46532608629774436,-0.08166449401783317,-1.0496605628896432,0.9897081680108362,0.5589299552684629,-0.37901853250762085
1.2052277800478084,-0.8740106971041469,1.0265565207064205,0.8039303252116915,0.8481506621525668,1.7329201326115877,1.1552952903700593,0.2552229008416043,1.6557712735941168,0.12484115105998177,0.30495313299284527,0.533242023549903,-1.1628206264599286,2.3633925705632377,1.0026829942836328,0.4943942389498732,0.5587005215845944,0.9908956934903561,-1.053968482230887,-1.0427408219661518,0.5114569472245893,1.3898698525320574,0.9040054639051327,0.7883173042564883,-0.39938930070297424,0.5231424257164662,0.10152783257378482,0.21400964348230372,-0.762751386307217,-1.2245693889029063,0.3559875361753568,-0.33356340333997153,-0.6041774094728031,0.44805963039773083,0.02997766102645352,1.402443145438629,-0.33218148840102557,-0.062223119820701014,-0.20716607795474565,-0.16692340474914835,0.25674545443495733,-2.3263582044944466,-0.47895644821486494,-0.4639661230630885
0.7515543245944653,-0.5040480609670942,0.474249229575622,1.0092593672180323,0.7201547879259417,1.1907190616078436,0.9446035141948256,0.26349392574122715,0.5888568823173341,-0.09364009593790054,0.2528307012217691,0.17588697481726398,-0.6557069614324368,1.0026829942836328,1.0394628950156073,-0.12187262478022193,0.550894216439654,0.44526736629591057,-0.9082580803145895,-0.9044073816371199,0.4292673467910174,1.0920851256485853,0.18718471894036845,1.102015828341739,0.18075942179474824,0.5602933974607792,-0.004742508205110349,0.12836693073683686,-0.11600564832620096,-0.535089890186583,0.21511941536065554,-0.3363410509593764,-0.05845628484979128,0.3071517612186032,0.4294236660106777,0.7678186887611052,-0.07440611151557945,0.010010917200414676,-0.22602722793345936,0.2356683147644921,0.5531148951698772,-1.2254907769773624,-0.41621660388746473,-0.05949754675429735
-0.35101489573984784,0.27372525029308287,0.03390369478533335,-0.09048586022108061,0.21558643595695037,0.24998055747592687,-0.7544295233194522,-0.4725774564915883,0.33806834326697915,-0.16420398159312893,-0.06487424958166114,0.46520262000872653,-0.7103787534725261,0.4943942389498732,-0.12187262478022193,1.2696825858519485,0.03336321879329913,0.6410131601563203,-0.11888403269242087,0.5854911409424493,-0.3501930762350499,-0.29411232793277375,0.5581369975549276,-0.19056994330621735,-0.42942587036008883,0.1908128804114377,0.2954982467766119,0.2532849287472349,-0.4880731072621653,-0.42509023466594026,0.43018288813383254,0.2717968611221289,-0.26159439734813456,0.3029240076203057,-0.04408871655655223,0.6926695959267227,-0.5552494517350819,0.2708857300470176,-0.14678677313100535,-0.1224268805630269,0.1730016132985197,-0.21215228263010713,-0.02280696455018288,-0.0787907163253884
0.08028189902063793,-0.0406319703202524,-0.4177424269469631,0.5941126912360679,0.5329142918209263,0.6607168019217213,0.5312151350925102,-0.4817152726460453,0.8685890643367606,0.26209724457934,0.10834777038476073,-0.09080826016407748,-0.4587019585085591,0.5587005215845944,0.550894216439654,0.03336321879329913,1.2990462487585521,0.2745872261882583,-0.6768186619132712,-0.6570380201316595,0.522526818630471,0.6012281487316331,0.08619947309540045,0.6466648485711317,-0.42272166449163845,0.02430248656227975,-0.16421619401909385,-0.10609790587114913,-0.8650214656227675,-0.6165309581494418,0.09835265122061305,-0.043826428128213385,-0.27118735466308774,0.048998306176151585,0.11788736890094609,0.6560606369567153,-0.34037900862656645,0.3014803435655739,0.12014835701491954,0.5720777672886738,-0.07447078836936044,-1.1018411933122692,-0.14979218827370344,-0.05522171364184923
0.3380600329743597,-0.13751503890548702,0.32429196981265124,0.15253064029262758,0.4033389270956669,0.7850405363556062,0.12330526016069455,-0.06633499882171273,0.7986763586977828,0.00940670962554815,0.04849776976042393,0.21759137383686442,-0.6021398747319942,0.9908956934903561,0.44526736629591057,0.6410131601563203,0.2745872261882583,0.7057380903125715,-0.39005563514862196,-0.23937167121374298,0.03690180238861671,0.4891729407298801,0.521319890283999,0.28429118510742696,-0.3614208562746189,0.25316089073941456,0.11457997134268257,0.30916352196302105,-0.49022047382330763,-0.59925168282394,0.2658354326542482,-0.003721163062590065,-0.22080559740867509,0.27986426167378914,-0.059599748986217733,0.7981107489166556,-0.38192864724846665,0.0324382016823561,-0.09429525304304313,-0.039271693630633896,0.17350296216528371,-0.9433978221065931,-0.14423962582769836,-0.27441617165528664
-0.5546218060457743,0.7652839204016239,-0.5705912466570827,-2.0665314328580253,-1.0017586920496633,-1.0171377438436604,-0.8146884354404949,-0.2442134753059355,-0.026556047577527393,0.6403554114132066,-0.33664527120865667,-0.9786303720576076,1.2581110903807904,-1.053968482230887,-0.9082580803145895,-0.11888403269242087,-0.6768186619132712,-0.39005563514862196,1.7366559915466064,0.6315232115881476,-0.3741994312360889,-0.5894700948945064,-0.31149528747480193,-1.466320258219418,-0.76742681526159,-0.8735032523890857,0.06225097756788688,0.2503556712844782,-0.39650660506244445,0.5434818894498634,-0.7784995893579187,0.4769510821937572,0.3117664134323963,-0.5851643678946042,-1.2235843167463314,-1.0213545844030778,0.11360263200342031,-0.2419214206307955,0.5089943476461416,-0.03502910045435804,-1.3221686439165248,1.0657612734077162,0.7086406026392555,-0.6960497178787893
-0.9717854694237794,0.6940953359500921,-0.408355263661787,-0.5607990052520491,-0.5100884330918863,-1.15213245737051,-1.2634579375584991,-0.40176290473221427,-1.0216986289010934,-0.28630798761072657,-0.19388764635906028,0.2440384032343004,0.26334144731517256,-1.0427408219661518,-0.9044073816371199,0.5854911409424493,-0.6570380201316595,-0.23937167121374298,0.6315232115881476,1.3700192841621466,-0.7399807025983863,-1.2737344975220326,-0.0827427927010308,-0.8634474361293968,0.08569712394070493,-0.17576245130865048,0.12634729021581437,0.008152367035874982,0.34210099829692747,0.5623320494142191,0.13381162857926773,0.3647206064180769,0.06734380057558224,-0.050521894794441365,-0.0029798446353641686,-0.546959319556529,-0.08123134982155615,0.27304406963837613,-0.01893243801170931,-0.2724620470177247,0.008554288167322123,1.4417456912141369,0.270174334357063,0.33957782923977775
0.3900149190628513,-0.3407045163481799,0.06472966212133843,0.27419172654117707,0.24487250709086825,0.3632623574625779,0.790413652784978,0.08909511632059942,0.7889443663428903,0.3217874972909954,0.1905297472728821,-0.12682665897239728,-0.13369602218623916,0.5114569472245893,0.4292673467910174,-0.3501930762350499,0.522526818630471,0.03690180238861671,-0.3741994312360889,-0.7399807025983863,0.6332726538799015,0.4501332360671028,0.04791811886701006,0.19069340370326732,-0.20529104133247908,-0.07480286481748802,-0.04707222868188121,-0.213175522200549,-0.39473612253535256,-0.4095765284241456,-0.1424487839369359,-0.2348047150340633,-0.20812282831745293,0.01893066172202464,-0.13140130239052486,0.2907914184672232,0.011254142043282773,-0.09587127839176587,0.0730420366814402,0.1984880951220078,-0.2986637955430634,-0.9591038705220158,-0.13665613147277644,-0.1821444154743085
1.0839998885746678,-0.5019845746607953,0.731168662858386,0.6160465965455459,0.7681919045858823,1.8889470419434915,1.026961964288549,0.26708145101937714,0.8612212898398269,0.1569063638289249,0.11994941605948033,-0.19637343039025948,-0.544620550492829,1.3898698525320574,1.0920851256485853,-0.29411232793277375,0.6012281487316331,0.4891729407298801,-0.5894700948945064,-1.2737344975220326,0.4501332360671028,1.950834739821122,0.11759735753141679,1.356487899124678,-0.0781198949944041,0.5616162142842092,0.07715943503531801,0.41647902083194516,-0.5196411703521864,-0.6453237112398025,0.001094535973173739,-0.23450057445078995,0.14733870921302902,0.13858336821443407,0.1603485569888691,0.7603959452818564,-0.0034473468722189195,-0.08573751749873763,-0.036056094622932196,0.35575290387856584,0.2679161778112866,-1.4013169198611726,-0.38677022226007757,-0.6417207679629777
0.29333706290449946,-0.22020815754841158,0.3290590630155342,0.018390294081013364,0.19048189809483562,0.35679356147548497,0.13463138113983436,0.04511830560937916,0.7383015313780971,0.05320886732888738,0.0685153912942834,0.33161487947920637,-0.40604249040540663,0.9040054639051327,0.18718471894036845,0.5581369975549276,0.08619947309540045,0.521319890283999,-0.31149528747480193,-0.0827427927010308,0.04791811886701006,0.11759735753141679,0.5941058700816715,-0.10028048328001164,-0.29518273146470203,0.08121288631397575,0.0199210383343607,0.15570541893545528,-0.33088285742882,-0.5004800070945911,0.2194081756105266,-0.02702536577730856,-0.389697803790857,0.21538512186183212,-0.15115848316093045,0.5827060231411539,-0.28314670418047383,-0.04023745119043463,-0.09349730208308667,-0.26369001910860496,0.002188344104852827,-0.827189932143969,-0.09265939474092971,-0.1617470440779638
0.765903641781126,-0.6057323295092517,0.7107364238411554,2.1056422621465414,1.230557911888176,1.8910515731306474,0.678826403668133,0.45813549170789947,-0.4310695501622399,-0.7448781391379019,0.26662429298284235,0.4689398299227559,-1.1112728030533177,0.7883173042564883,1.102015828341739,-0.19056994330621735,0.6466648485711317,0.28429118510742696,-1.466320258219418,-0.8634474361293968,0.19069340370326732,1.356487899124678,-0.10028048328001164,2.3826991120185674,1.0546653619054516,1.2094266392021635,-0.01716345412487891,0.10192585934351622,0.6068322433959895,-0.229623351013578,0.7141078113849592,-0.48248022022103587,0.38189037093636147,0.4527446542630134,1.3831467244979545,0.8754702321504362,0.18783893483466077,0.2635521248340549,-0.5133985203485856,0.29669580571146753,1.6792127022401884,-0.6749072149505336,-0.7565870905048242,0.46587960872329665
0.26846410994203695,-0.4531817364808487,0.5533787855794653,1.4329571893974264,0.35163945600137086,0.12992768283065131,0.09477934980994802,0.7464782930829782,-1.4905066561279012,-0.9036987855515054,0.15020444317510215,0.6991856530474413,-0.23379504612880686,-0.39938930070297424,0.18075942179474824,-0.42942587036008883,-0.42272166449163845,-0.3614208562746189,-0.76742681526159,0.08569712394070493,-0.20529104133247908,-0.0781198949944041,-0.29518273146470203,1.0546653619054516,1.6095637307718658,0.6700093698768363,-0.1222379253595782,-0.12921706504494937,1.5764412517449014,0.6138125321236692,0.46427617616011746,-0.43829032364497833,0.37714100815222695,0.24175620672411033,1.2610609530182757,-0.19035280638346838,0.4940707845319815,0.026092570178116403,-0.5005084530258587,-0.29196578087221553,1.4349776874786588,0.8080680005936969,-0.48025249186197577,0.8361545628846535
0.34494316676893505,-0.3304774614455463,0.608049869326656,1.2595232091624577,0.6910627051808266,0.9755904034590389,0.17821082311282954,0.24409097430572993,-0.4499630964577769,-0.6119989516016682,0.16780877109562342,0.5565198852329158,-0.8574355377649525,0.5231424257164662,0.5602933974607792,0.1908128804114377,0.02430248656227975,0.25316089073941456,-0.8735032523890857,-0.17576245130865048,-0.07480286481748802,0.5616162142842092,0.08121288631397575,1.2094266392021635,0.6700093698768363,0.8743126727679909,0.15078065717362069,0.07734967216893182,0.5099492087185857,-0.15237178720476552,0.5652579488281961,-0.23560745946881387,0.1366144349801295,0.4138393074652977,0.8806209798136797,0.5723398333243722,0.051382925144269315,0.19335972177739771,-0.4563569271341974,-0.011795614862464,1.1284888535435584,-0.2279469853956067,-0.47415781195111706,0.3711785791099988
-0.1159928237320008,0.11302303382843648,0.18716290582630585,-0.06111015020487833,0.10672308181980521,0.20217487199881568,-0.23725456020916227,-0.13778593884227577,0.012642942506118615,-0.03727365280080322,-0.007391585760410434,0.0644614207785044,-0.28778280177555676,0.10152783257378482,-0.004742508205110349,0.2954982467766119,-0.16421619401909385,0.11457997134268257,0.06225097756788688,0.12634729021581437,-0.04707222868188121,0.07715943503531801,0.0199210383343607,-0.01716345412487891,-0.1222379253595782,0.15078065717362069,0.3236175189186514,0.06015218665847755,-0.1638187646141401,-0.1101922023172821,0.06665856968864926,0.08315826363981195,0.07595724313475952,0.11237658488874042,-0.03411958221342264,0.17490181927558296,-0.08181300064700048,0.06185146883920104,-0.04870325540191366,0.04328397784224434,-0.009530056670285418,0.04645063806727646,-0.04765638100100799,-0.16555029964537207
0.16348485064793392,0.21974529000044218,0.22724176168357202,-0.4693861554888563,0.05995582763354552,0.4269132577101684,-0.26798134520923106,0.07833419068077217,0.15446335486241555,0.052649665357221244,-0.12895616311999308,-0.2013458429396042,0.12937564869001217,0.21400964348230372,0.12836693073683686,0.2532849287472349,-0.10609790587114913,0.30916352196302105,0.2503556712844782,0.008152367035874982,-0.213175522200549,0.41647902083194516,0.15570541893545528,0.10192585934351622,-0.12921706504494937,0.07734967216893182,0.06015218665847755,0.5624968028647704,-0.1569772446868583,-0.040910535212667826,-0.0091892474257037,0.1446963985698231,0.19840959004705622,0.011610752430919536,-0.21434517275348697,0.10767867372588286,-0.11053602984494865,-0.08154313464487671,0.039401740455817756,-0.07052229103524761,-0.02788338742569878,0.0040016454338054185,0.029226253464395096,-0.45500471590169544
0.14049218685950413,-0.4090927222909206,0.47770388745683096,1.005324076817247,0.0012239479842275213,-0.36590477319416237,-0.11745544201298933,0.8639353561029094,-1.7268879302156348,-0.9261065847682014,0.07426975946466374,0.5665421050449161,0.0907829861706912,-0.762751386307217,-0.11600564832620096,-0.4880731072621653,-0.8650214656227675,-0.49022047382330763,-0.39650660506244445,0.34210099829692747,-0.39473612253535256,-0.5196411703521864,-0.33088285742882,0.6068322433959895,1.5764412517449014,0.5099492087185857,-0.1638187646141401,-0.1569772446868583,1.8671225946575958,0.8540434132040574,0.3488506600621545,-0.35656891826828196,0.41449205235742315,0.16043781571779558,1.0456139875587749,-0.5280302900511032,0.5935133366508932,-0.1479304579947686,-0.507551182858814,-0.4882598865497463,1.3050275372855145,1.2549478630994515,-0.2894657856529172,0.929290172262469
-0.39834607471528793,0.27875863563042963,-0.23175474423156425,-0.26758084667365245,-0.46558430436471004,-0.8304847662072168,-0.5377186180319516,0.21782231948253866,-1.2101569891836954,-0.252815434904506,-0.13819504683567496,-0.16024148963542661,0.6994850613204623,-1.2245693889029063,-0.535089890186583,-0.42509023466594026,-0.6165309581494418,-0.59925168282394,0.5434818894498634,0.5623320494142191,-0.4095765284241456,-0.6453237112398025,-0.5004800070945911,-0.229623351013578,0.6138125321236692,-0.15237178720476552,-0.1101922023172821,-0.040910535212667826,0.8540434132040574,0.8709769208457817,-0.14805074887315073,0.07285969284936519,0.45127935128377306,-0.23887605788881167,0.17409564440705394,-0.8820608469644362,0.39000531553239826,-0.06988674714544675,0.02083553122226785,-0.12986804738821234,0.1584588738299415,1.4185911016670611,0.16957520169740847,0.33014892759689285
0.02425558089376915,-0.15557075175319487,0.33773653455279895,0.9525147700662628,0.5095913941130903,0.4622695159431205,-0.1472059593663227,0.07443097671085559,-0.3291336237525772,-0.5227220060639901,0.08259047037759054,0.6380203252403147,-0.7366936092273628,0.3559875361753568,0.21511941536065554,0.43018288813383254,0.09835265122061305,0.2658354326542482,-0.7784995893579187,0.13381162857926773,-0.1424487839369359,0.001094535973173739,0.2194081756105266,0.7141078113849592,0.46427617616011746,0.5652579488281961,0.06665856968864926,-0.0091892474257037,0.3488506600621545,-0.14805074887315073,0.6355420111333063,-0.14460688541053457,-0.040671426286218976,0.37785509246707116,0.7135635119327137,0.5415567802325861,-0.1101815369524914,0.23383546318289894,-0.3291540634235189,-0.13338498057863052,0.9147344436830664,-0.11337193783603379,-0.32440156896609035,0.4604488457526437
-0.46149798604544534,0.41832436112431504,-0.35540562080842214,-0.6822002682540086,-0.31204231233889007,-0.39359275324742726,-0.5470120450850984,-0.45969640123258415,-0.05198642668391175,0.1392615526091837,-0.21417506806261072,-0.22209777804761496,0.21725687351614786,-0.33356340333997153,-0.3363410509593764,0.2717968611221289,-0.043826428128213385,-0.003721163062590065,0.4769510821937572,0.3647206064180769,-0.2348047150340633,-0.23450057445078995,-0.02702536577730856,-0.48248022022103587,-0.43829032364497833,-0.23560745946881387,0.08315826363981195,0.1446963985698231,-0.35656891826828196,0.07285969284936519,-0.14460688541053457,0.4328600798962985,-0.004961017560807897,-0.147731911680606,-0.33250938142327435,-0.19787665275858432,-0.19640554501129476,0.03415004903251052,0.16688412397274122,0.11450734494531059,-0.4345844540459078,0.45243090221127386,0.2473275378727072,-0.1819456876292062
-0.06827500798169109,0.23279508313385125,0.054525691334526276,-0.13826086422635703,0.015171741485826581,0.18683867028617748,-0.36880105443958805,0.2265656050668555,-0.6397818793335515,-0.1269222010175197,-0.11167303009218436,-0.3332209538604259,0.2917032020307631,-0.6041774094728031,-0.05845628484979128,-0.26159439734813456,-0.27118735466308774,-0.22080559740867509,0.3117664134323963,0.06734380057558224,-0.20812282831745293,0.14733870921302902,-0.389697803790857,0.38189037093636147,0.37714100815222695,0.1366144349801295,0.07595724313475952,0.19840959004705622,0.41449205235742315,0.45127935128377306,-0.040671426286218976,-0.004961017560807897,0.6092980900452741,-0.10106591583529465,0.1270035204767603,-0.3158855571442145,0.2684208935366052,-0.04865742973160361,-0.0011016191518793703,0.11086554525814725,0.2535717354910719,0.7539630284738164,0.035404431891847166,-0.06501446901618622
0.16599338655393978,-0.20907987477057427,0.35005058002964357,0.684250779426539,0.3925736260040116,0.41550824175983636,0.11718456140216164,0.09163754352051812,-0.003990605030547916,-0.3289600770774285,0.12494757074250401,0.4476757585816029,-0.5902814243877443,0.44805963039773083,0.3071517612186032,0.3029240076203057,0.048998306176151585,0.27986426167378914,-0.5851643678946042,-0.050521894794441365,0.01893066172202464,0.13858336821443407,0.21538512186183212,0.4527446542630134,0.24175620672411033,0.4138393074652977,0.11237658488874042,0.011610752430919536,0.16043781571779558,-0.23887605788881167,0.37785509246707116,-0.147731911680606,-0.10106591583529465,0.34094779471946024,0.4110563580376469,0.47776769257381096,-0.10946588075430859,0.10099857019236905,-0.25605439146567444,-0.10258728929123485,0.5638771962352271,-0.3474888623965713,-0.27714819047255057,0.20962523147062423
0.11367168088765998,-0.42009240239741974,0.3720386092061938,1.8933745986389658,0.6644621969531757,0.4926992347875573,0.1380953184986525,0.24090211118039834,-1.1805932759862827,-0.9537122044062479,0.16348402403486015,0.9266542931615521,-0.8568742614745387,0.02997766102645352,0.4294236660106777,-0.04408871655655223,0.11788736890094609,-0.059599748986217733,-1.2235843167463314,-0.0029798446353641686,-0.13140130239052486,0.1603485569888691,-0.15115848316093045,1.3831467244979545,1.2610609530182757,0.8806209798136797,-0.03411958221342264,-0.21434517275348697,1.0456139875587749,0.17409564440705394,0.7135635119327137,-0.33250938142327435,0.1270035204767603,0.4110563580376469,1.4886270177592134,0.3342331065824407,0.12686747500114287,0.3159710820551586,-0.5303617374929809,0.0109994652527795,1.5914089419212645,0.2984067016297776,-0.5788436288347125,0.9463803997197752
0.4937066136201129,-0.40758818219174736,0.492374886643344,0.9481407307948555,0.855355848639389,1.3036499388217324,0.44690414907197806,-0.06451817661828739,0.9507764494532476,-0.13286269485040533,0.20668713565685495,0.5075167098629334,-1.1786222127548722,1.402443145438629,0.7678186887611052,0.6926695959267227,0.6560606369567153,0.7981107489166556,-1.0213545844030778,-0.546959319556529,0.2907914184672232,0.7603959452818564,0.5827060231411539,0.8754702321504362,-0.19035280638346838,0.5723398333243722,0.17490181927558296,0.10767867372588286,-0.5280302900511032,-0.8820608469644362,0.5415567802325861,-0.19787665275858432,-0.3158855571442145,0.47776769257381096,0.3342331065824407,1.2658924508142542,-0.407431780600164,0.19121025141216655,-0.26155017477372616,0.09097184176304043,0.5655982242347214,-1.4571395778756695,-0.40607453787972886,-0.060398981607037626
0.20122024374057362,-0.17237491084780515,0.21161338503055652,0.13370613192778827,-0.08173325930197928,-0.06284929859024306,0.208270572514373,0.4560774873522546,-0.47642376501918843,-0.09850692014076877,0.08547679053745345,-0.1292796727306214,0.3164436133013182,-0.33218148840102557,-0.07440611151557945,-0.5552494517350819,-0.34037900862656645,-0.38192864724846665,0.11360263200342031,-0.08123134982155615,0.011254142043282773,-0.0034473468722189195,-0.28314670418047383,0.18783893483466077,0.4940707845319815,0.051382925144269315,-0.08181300064700048,-0.11053602984494865,0.5935133366508932,0.39000531553239826,-0.1101815369524914,-0.19640554501129476,0.2684208935366052,-0.10946588075430859,0.12686747500114287,-0.407431780600164,0.45722233452192423,-0.1370539087511853,-0.05577289621033591,-0.13903350901455838,0.15341694432531938,0.3621367357126099,-0.047512698269276,0.14265504008284596
-0.30096211972756937,0.20595875925882418,-0.19772821537967203,0.44190919430681735,0.2219524752596829,0.09108358708756203,-0.1937078025750642,-0.3642444669113372,-0.2017792880202762,-0.15957361307516152,0.052256773361837504,0.22510440854259844,-0.36578706161668034,-0.062223119820701014,0.010010917200414676,0.2708857300470176,0.3014803435655739,0.0324382016823561,-0.2419214206307955,0.27304406963837613,-0.09587127839176587,-0.08573751749873763,-0.04023745119043463,0.2635521248340549,0.026092570178116403,0.19335972177739771,0.06185146883920104,-0.08154313464487671,-0.1479304579947686,-0.06988674714544675,0.23383546318289894,0.03415004903251052,-0.04865742973160361,0.10099857019236905,0.3159710820551586,0.19121025141216655,-0.1370539087511853,0.3845210860903224,-0.06501944683000896,0.1748709156307941,0.2667389557378609,0.039880199924361745,-0.09434914760459816,0.227865027541505
-0.16400712679227214,0.27509938624391667,-0.33268675063353087,-0.7470578610669342,-0.3105527761825266,-0.3169517826170723,-0.07561417573161126,-0.21877021707411654,0.36818993479505446,0.4247704915644622,-0.12238501268505537,-0.4432732039349322,0.46532608629774436,-0.20716607795474565,-0.22602722793345936,-0.14678677313100535,0.12014835701491954,-0.09429525304304313,0.5089943476461416,-0.01893243801170931,0.0730420366814402,-0.036056094622932196,-0.09349730208308667,-0.5133985203485856,-0.5005084530258587,-0.4563569271341974,-0.04870325540191366,0.039401740455817756,-0.507551182858814,0.02083553122226785,-0.3291540634235189,0.16688412397274122,-0.0011016191518793703,-0.25605439146567444,-0.5303617374929809,-0.26155017477372616,-0.05577289621033591,-0.06501944683000896,0.3566233153544862,0.12321943908155981,-0.7008981885678612,0.006952206284040771,0.2585961141467981,-0.36181534707424134
-0.21257020109877706,0.20895499934202869,-0.4491659246910869,0.0699024982223383,0.1503660116651948,0.23335666830684212,0.0675560892282499,-0.4434652156245907,0.1537224823256774,0.21228698382062375,-0.046955325436007896,-0.31233026277881715,-0.08166449401783317,-0.16692340474914835,0.2356683147644921,-0.1224268805630269,0.5720777672886738,-0.039271693630633896,-0.03502910045435804,-0.2724620470177247,0.1984880951220078,0.35575290387856584,-0.26369001910860496,0.29669580571146753,-0.29196578087221553,-0.011795614862464,0.04328397784224434,-0.07052229103524761,-0.4882598865497463,-0.12986804738821234,-0.13338498057863052,0.11450734494531059,0.11086554525814725,-0.10258728929123485,0.0109994652527795,0.09097184176304043,-0.13903350901455838,0.1748709156307941,0.12321943908155981,0.6027792435043038,-0.17360804646848532,-0.10846169117495787,0.05542089756865713,-0.10004178961882643
0.342344323897464,-0.538404886215004,0.6744074880490315,2.043650711256372,0.8462261171403122,0.8871039200671795,0.07348600432276504,0.514710889143724,-1.2144801442662956,-1.1649224937254476,0.18703290271562775,1.0114181814019834,-1.0496605628896432,0.25674545443495733,0.5531148951698772,0.1730016132985197,-0.07447078836936044,0.17350296216528371,-1.3221686439165248,0.008554288167322123,-0.2986637955430634,0.2679161778112866,0.002188344104852827,1.6792127022401884,1.4349776874786588,1.1284888535435584,-0.009530056670285418,-0.02788338742569878,1.3050275372855145,0.1584588738299415,0.9147344436830664,-0.4345844540459078,0.2535717354910719,0.5638771962352271,1.5914089419212645,0.5655982242347214,0.15341694432531938,0.2667389557378609,-0.7008981885678612,-0.17360804646848532,2.0181165438611894,0.22101232333730522,-0.6562431656292034,0.987587986062614
-1.2315573645276074,0.8637660534474098,-0.5975582675247754,-0.7599978493350338,-0.8457841871498177,-1.6369023642295337,-1.6994412486865416,-0.14587436027437092,-2.3602979316387245,-0.511321672357273,-0.47510829950812805,-0.15063364905802018,0.9897081680108362,-2.3263582044944466,-1.2254907769773624,-0.21215228263010713,-1.1018411933122692,-0.9433978221065931,1.0657612734077162,1.4417456912141369,-0.9591038705220158,-1.4013169198611726,-0.827189932143969,-0.6749072149505336,0.8080680005936969,-0.2279469853956067,0.04645063806727646,0.0040016454338054185,1.2549478630994515,1.4185911016670611,-0.11337193783603379,0.45243090221127386,0.7539630284738164,-0.3474888623965713,0.2984067016297776,-1.4571395778756695,0.3621367357126099,0.039880199924361745,0.006952206284040771,-0.10846169117495787,0.22101232333730522,3.0108418482200214,0.40445801630226186,0.5368753113775914
-0.34683395654281163,0.3570370867474924,-0.44099812411206357,-0.9543075876787037,-0.4825513330573454,-0.6023832335049873,-0.3656543372685856,-0.22973643574785263,0.10609758121069,0.35340533820068754,-0.18681722539135406,-0.43485721808283034,0.5589299552684629,-0.47895644821486494,-0.41621660388746473,-0.02280696455018288,-0.14979218827370344,-0.14423962582769836,0.7086406026392555,0.270174334357063,-0.13665613147277644,-0.38677022226007757,-0.09265939474092971,-0.7565870905048242,-0.48025249186197577,-0.47415781195111706,-0.04765638100100799,0.029226253464395096,-0.2894657856529172,0.16957520169740847,-0.32440156896609035,0.2473275378727072,0.035404431891847166,-0.27714819047255057,-0.5788436288347125,-0.40607453787972886,-0.047512698269276,-0.09434914760459816,0.2585961141467981,0.05542089756865713,-0.6562431656292034,0.40445801630226186,0.393948480808981,-0.22210701856084203
-0.25912994149060636,-0.24382981350084698,-0.11259365063594816,1.1969085917875077,0.13424212441875633,-0.4340753787072006,-0.013750102336609858,0.08536766562772151,-1.0327065909540376,-0.6915982231750536,0.12570107036433195,0.6523905744955897,-0.37901853250762085,-0.4639661230630885,-0.05949754675429735,-0.0787907163253884,-0.05522171364184923,-0.27441617165528664,-0.6960497178787893,0.33957782923977775,-0.1821444154743085,-0.6417207679629777,-0.1617470440779638,0.46587960872329665,0.8361545628846535,0.3711785791099988,-0.16555029964537207,-0.45500471590169544,0.929290172262469,0.33014892759689285,0.4604488457526437,-0.1819456876292062,-0.06501446901618622,0.20962523147062423,0.9463803997197752,-0.060398981607037626,0.14265504008284596,0.227865027541505,-0.36181534707424134,-0.10004178961882643,0.987587986062614,0.5368753113775914,-0.22210701856084203,1.0580489458311093
