V1,V2,V3,V4,V5,V6,V7,V8,V9,V10,V11,V12,V13,V14,V15,V16,V17,V18,V19,V20,V21,V22,V23,V24,V25,V26,V27,V28,V29,V30,V31,V32,V33,V34,V35,V36,V37,V38,V39,V40,V41,V42,V43,V44
3.8412982743385613,-3.1960613739707187,1.843790378398436,2.5825966720495077,0.23144836606168934,1.149249534516375,5.272822439120402,3.8149489845276707,-0.3967364452860244,-0.031146924810926038,1.0551107996211844,-0.849499294410743,1.694117188550534,0.496645683926421,2.0850855340591514,-5.226859610302605,-0.3250111775089708,-1.726453304887192,-1.2666004211388977,-3.9697542258545346,2.027733195222692,2.6745442826728456,-1.3340152378194245,2.534455270530484,3.0684628449223093,0.29003935543803894,-1.423768539344853,-0.8451683323783792,3.1530328604117623,1.0511539249520525,-1.2529126705643199,-2.2286971536392914,0.7185271016506557,-0.5194768708938143,1.0659112465049079,-1.4727302864809309,2.6594444707527476,-1.6939905356660176,-0.249691603943583,-0.3700193674068837,0.9634135864201153,-1.627127185134848,-0.9683865273369394,0.5474538041910046
-3.1960613739707187,2.820595087697295,-1.638912494016394,-2.2803220536138546,-0.16455010065772777,-1.024756672490219,-4.545950758461574,-3.0884562736228567,0.438171144264359,0.048750578944820086,-0.9197902483361445,0.6663650188055433,-1.2335909577547282,-0.4916072572895831,-1.655132985700129,4.489488725161123,0.43794660243875155,1.62121258877475,0.9846222767032424,3.358271771008772,-1.7328449340035657,-2.353404709509242,1.2605846965677519,-2.101679239668444,-2.51447192549647,-0.31267855865945204,1.0063354222143157,0.9511607474070113,-2.5960818531426053,-0.8481963991556284,1.1544132310359916,1.8588793437313382,-0.571670202902515,0.4654295657267226,-0.9024049564604897,1.3061555189071283,-2.3458103047870686,1.3881252708166456,0.26032885661314836,0.23454506923734608,-0.7130017978015012,1.3281209922205406,0.8205784438447721,-0.4611346542163639
1.843790378398436,-1.638912494016394,1.190899460167959,1.5705594186663985,0.3086642587175955,0.984238620940788,2.588672135152835,1.615408719544597,-0.11039909150448954,-0.04145698878781122,0.6445043296844385,-0.17422668737745253,0.22704606616860873,0.6828017559598893,0.9495466704001362,-2.3084832429634408,-0.24240168611370477,-0.8093194795813895,-0.6999361990514635,-1.832531329904255,1.0020731619497212,1.4964990201256314,-0.6240469825505675,1.3732096965257725,1.2822437512179035,0.40383726529250824,-0.3457190355627755,-0.6285503810682671,1.2319080496675863,0.25427139055991516,-0.48944212039061524,-1.0840341563703004,0.2291078985025187,-0.15102241109793313,0.5999263317728997,-0.45298781407961003,1.3119974054969585,-0.5782306686150539,-0.20697553465705337,-0.1497875428040986,0.4732721243020085,-1.0738979863368356,-0.6114549235667656,0.23578592759980413
2.5825966720495077,-2.2803220536138546,1.5705594186663985,2.458142792325263,0.6668256882033204,1.5418007265911333,3.5361338800922995,2.2746184240607574,-0.05224099084793207,-0.19152346402087583,0.88832719976115,-0.10061526918534229,0.14661585431859786,1.033830709741628,1.555987522019897,-2.959821207303672,-0.038842711875698564,-0.8797177480329269,-1.3354688055187949,-2.6297471284600977,1.4195405460386221,2.0753055800058724,-0.7103990043466738,2.1905891720244957,1.923020803720185,0.6679700236942403,-0.5779166147768039,-0.7481631108611205,1.7570038488683806,0.239884045655864,-0.46485171088899685,-1.5679429870203554,0.31345065573455283,-0.06154365659932933,1.0417520519065844,-0.31863182502307713,1.6297979193378727,-0.776636785539049,-0.3731768854463534,-0.1562381920482176,0.9888058109549479,-1.6610247691511435,-0.9373315092764524,0.4317622865782228
0.23144836606168934,-0.16455010065772777,0.3086642587175955,0.6668256882033204,0.6513273566265497,0.8333154766083962,0.16320609820605103,0.059497588142875056,0.496080236676033,-0.16762089791396595,0.1555146384203878,0.34323096554900345,-0.7156338618936641,0.7622061686367915,0.4651154586834792,0.4990937485003363,0.41969758856781614,0.47196887368780954,-0.7130850258631222,-0.24582155236898637,0.1554661068711554,0.34659411737276097,0.371258122007388,0.6560383233327775,0.049398194054535424,0.42233301743825313,0.09825124490340535,0.08925007279105325,-0.21220609573615073,-0.49100844070006977,0.4518424312135275,-0.20578187680790933,-0.10440684233048307,0.35195217673666596,0.27385352029747795,0.8066907859334742,-0.20407354460372001,0.16849469728569047,-0.2135086677659681,0.013273288623843681,0.48294441048214365,-0.8250797210002303,-0.28368558014873774,0.014828520766469367
1.149249534516375,-1.024756672490219,0.984238620940788,1.5418007265911333,0.8333154766083962,1.581011186144206,1.468959286580801,0.6302909090760179,0.5920753000953458,-0.16089763756780834,0.5537432506119533,0.358527568534705,-0.9477957925936072,1.4256793667001717,0.8036212671700373,-0.45138594993797737,0.2757660692779148,0.10195465376242419,-0.9817071900655244,-1.0422891330726087,0.629387752488231,1.195874678358919,0.11559036573300774,1.3174619964816041,0.4101810768661638,0.7183664933510968,0.08243491866566338,-0.3776155201699294,0.09372326609147784,-0.5574602784969318,0.23764134314243637,-0.706752195609492,-0.14028330709769213,0.2907593596632189,0.5127659138569153,0.7201044770602215,0.42791593763206726,0.06333898080286987,-0.31537139448026724,-0.06845335338907525,0.6356062404355571,-1.60573557638405,-0.6142796964806319,0.09342895114563499
5.272822439120402,-4.545950758461574,2.588672135152835,3.5361338800922995,0.16320609820605103,1.468959286580801,7.591315682072773,5.274288569592574,-0.7109875902224015,0.04190470067742507,1.5548105997833195,-1.34364719800219,2.4472868518890505,0.56710944611041,2.6522345926339224,-7.654259667446288,-0.7386969293033431,-2.8358654173204054,-1.4471633840547573,-5.516982814711228,2.872857023867999,3.739210160214222,-2.152658411227747,3.3562572358832985,4.205052587539168,0.35373924937615486,-1.8286376239542181,-1.5534272863235978,4.362481972675538,1.5812859983522642,-2.01280882836122,-3.143032593648101,1.0337578542901875,-0.8922928606383498,1.3118604787391182,-2.4134213275503242,4.049002871899133,-2.3344132713744274,-0.3186701954045396,-0.45140576607084654,1.0023255323774,-2.131927972848623,-1.2595499376547443,0.7441787398664136
3.8149489845276707,-3.0884562736228567,1.615408719544597,2.2746184240607574,0.059497588142875056,0.6302909090760179,5.274288569592574,4.353408540701844,-0.6471466323497524,0.01186872007304207,1.032462083903856,-1.2480677179989006,2.492003634540719,-0.28364985233261747,2.049582690228781,-5.730620343910892,-0.4212199524005353,-2.0246904141815887,-1.0735208872915196,-4.043101302395209,2.058615320940117,2.2566220053435995,-1.5553418275134607,2.441556365743102,3.5003016249796737,0.004843985678754893,-1.7366166259503497,-0.764754682141986,3.725267723497748,1.5438367122402525,-1.4113867242368492,-2.419936589393444,1.0563705894315158,-0.6781822578458869,0.9474474703239779,-1.9328635058753505,2.9587559433223705,-1.9606549160345923,-0.2080752240591849,-0.4681151902707827,0.9375588136113707,-1.166404706873242,-0.8196549503691983,0.6476754508090443
-0.3967364452860244,0.438171144264359,-0.11039909150448954,-0.05224099084793207,0.496080236676033,0.5920753000953458,-0.7109875902224015,-0.6471466323497524,0.899377087261837,0.06484433465420435,-0.0040380847623818425,0.33876323574359146,-0.8863734267932762,0.7483918200866899,0.03528251674510436,1.4248953390612247,0.5609445650177174,0.8335888610075419,-0.30751514018021736,0.43245727465582445,-0.1537537484074451,-0.1638030701408414,0.6738133237434286,-0.0010954922630397265,-0.7753526867694244,0.17875248736974603,0.280275198576782,0.25713000053402835,-1.014290250310676,-0.7385927544675107,0.5646017871922734,0.20460979920964584,-0.32200699280216916,0.3471446256939672,-0.1674495414949784,1.0630337060160202,-0.7075590293231923,0.45955453119357426,-0.043064744144595116,0.05041485094927699,0.037826656975892874,-0.7740635700315519,-0.029662822412450197,-0.20504137037897835
-0.031146924810926038,0.048750578944820086,-0.04145698878781122,-0.19152346402087583,-0.16762089791396595,-0.16089763756780834,0.04190470067742507,0.01186872007304207,0.06484433465420435,0.27116731921783377,0.09021080064171885,-0.16773274347308154,0.17095671508668486,-0.18644775287352736,-0.16878930735701644,-0.2154547309891683,-0.08683743064234045,-0.17234921074269424,0.26930689969471855,0.04236299338947446,0.09282068049926888,-0.14431708272894278,-0.15449418902982423,-0.22204976830225884,-0.15691312016951545,-0.2010777909187152,0.04024261871107277,-0.14233216051177225,-0.1005089265906255,0.11910433174043367,-0.18571132105614438,-0.04126370126234698,0.025848414037381532,-0.16855499122026338,-0.1608763888224442,-0.20807978369154362,0.14346798454406054,0.0259597967079259,0.14420567959659233,0.0225827064191718,-0.3201066172633685,0.010072665499948546,0.042293009610770864,-0.055088720230564825
1.0551107996211844,-0.9197902483361445,0.6445043296844385,0.88832719976115,0.1555146384203878,0.5537432506119533,1.5548105997833195,1.032462083903856,-0.0040380847623818425,0.09021080064171885,0.49934319792489074,-0.2283186974194745,0.22701033372002968,0.2619146175505124,0.4099208654782133,-1.4463531665830458,-0.16765405766033262,-0.6204478077593855,-0.2570290541820256,-0.9983204035996548,0.647529260750683,0.7004217124066218,-0.4505740578539958,0.7505334862979715,0.7245754431696475,0.15396561369576683,-0.20995134577921423,-0.5160958396468159,0.7008525180110714,0.2352526795614457,-0.3381431656834824,-0.7584239405293961,0.18896131560410612,-0.1713682858477687,0.239553580106433,-0.3699109053694053,0.9376779849571875,-0.2664265151353915,-0.06096733184854249,-0.12207966110644532,0.15405626386006377,-0.6830853714361386,-0.33590580794345065,0.16110574334405234
-0.849499294410743,0.6663650188055433,-0.17422668737745253,-0.10061526918534229,0.34323096554900345,0.358527568534705,-1.34364719800219,-1.2480677179989006,0.33876323574359146,-0.16773274347308154,-0.2283186974194745,0.7144074177170621,-1.2419934677430626,0.6485921756759585,-0.22946624394734597,1.896585731759428,0.3149852828163934,0.8990745852941209,-0.21002179092051915,0.9559043688408124,-0.5242385973931487,-0.2677602339351675,0.6567495125207876,-0.23443596402144087,-0.8937352534150612,0.32081903245864785,0.5716875247904663,0.3016789941032077,-1.1150465910735647,-0.7382998651948037,0.6580016387131062,0.6151920884440417,-0.4168580275318481,0.41657673391653477,0.06948542709457331,1.0295388455119763,-1.0177335344167673,0.637863908536073,-0.093507389912389,0.16207335391563654,0.13115252196825816,-0.11605457934284459,-0.010294505583250648,-0.14811770606346872
1.694117188550534,-1.2335909577547282,0.22704606616860873,0.14661585431859786,-0.7156338618936641,-0.9477957925936072,2.4472868518890505,2.492003634540719,-0.8863734267932762,0.17095671508668486,0.22701033372002968,-1.2419934677430626,2.6669534370763817,-1.3875831551186206,0.7288456523353583,-3.6080635803289742,-0.49850845564755963,-1.480663623031301,0.1601761938737698,-1.90803312308181,0.8472224018088388,0.5681908303407814,-1.1365653500044928,0.5207737353577903,2.035491986369425,-0.6612120329038234,-1.3663598690911964,-0.14211384474985314,2.4626977230043017,1.553224203113284,-1.2184380045292789,-1.0550636204216393,0.8286203970237646,-0.7540738169802851,0.12302505670414149,-2.0044784952411163,1.6913279840938051,-1.4259967991045925,0.15977329550016936,-0.3046163002678807,0.03994619792003918,0.5158382171674472,0.008840218875997665,0.32545445824067515
0.496645683926421,-0.4916072572895831,0.6828017559598893,1.033830709741628,0.7622061686367915,1.4256793667001717,0.56710944611041,-0.28364985233261747,0.7483918200866899,-0.18644775287352736,0.2619146175505124,0.6485921756759585,-1.3875831551186206,1.69006820901471,0.5167199827171688,0.6597380933728061,0.3569946485073848,0.6025981081196473,-0.8268447858386149,-0.34229167859374043,0.1502283628586028,0.9736024258785078,0.5104717986955989,0.8103406183404583,-0.31653956048701315,0.722197381030204,0.34650662240126123,-0.10718968770952725,-0.6797822164756515,-0.9277984924420749,0.45995251491130296,-0.12627926666925468,-0.44964379137129135,0.4157499482112315,0.32671168386353167,1.0842008741785913,-0.24669549665673313,0.3611726369435771,-0.2577800136827985,0.041854953998441524,0.430764644004938,-1.4345202603472764,-0.42035198980853467,-0.09332501163850176
2.0850855340591514,-1.655132985700129,0.9495466704001362,1.555987522019897,0.4651154586834792,0.8036212671700373,2.6522345926339224,2.049582690228781,0.03528251674510436,-0.16878930735701644,0.4099208654782133,-0.22946624394734597,0.7288456523353583,0.5167199827171688,1.6520955559807093,-2.358524528732973,0.27735487284575494,-0.34761115001609777,-1.2800271195834694,-2.340744953048692,1.035241343215008,1.5805229018318725,-0.36214208509970414,1.7037552545672596,1.7526557438537447,0.2759430036235796,-0.8921573960374926,0.025184851126198688,1.6811417302675788,0.3249034136771911,-0.3641105203447168,-1.1191119766130115,0.33882960797604517,-0.02672361929179759,0.8330169312850093,-0.228366547802499,0.9567864197939778,-0.9925261323202033,-0.28103633111662857,-0.10801420433228476,0.9292520188863311,-1.113453191128627,-0.6134700693231002,0.2829243620409788
-5.226859610302605,4.489488725161123,-2.3084832429634408,-2.959821207303672,0.4990937485003363,-0.45138594993797737,-7.654259667446288,-5.730620343910892,1.4248953390612247,-0.2154547309891683,-1.4463531665830458,1.896585731759428,-3.6080635803289742,0.6597380933728061,-2.358524528732973,8.7339710696671,1.173825311585516,3.545165883352371,0.8171942110164809,5.578659062686565,-2.917633188636992,-3.3054940120372764,2.754223854970051,-2.888371381922223,-4.6277272186333525,0.16601240642539075,2.1276709739627466,1.6297886354903723,-5.121310787731045,-2.400713487760362,2.5583879723451504,3.1810026586592963,-1.4029434090303712,1.3053416384392642,-1.1566472980530098,3.477001328497856,-4.52256674817898,2.734435989353996,0.12895465062505398,0.5055645270157194,-0.6507128473290128,1.101307717969985,1.0269007398623717,-0.8474443665112423
-0.3250111775089708,0.43794660243875155,-0.24240168611370477,-0.038842711875698564,0.41969758856781614,0.2757660692779148,-0.7386969293033431,-0.4212199524005353,0.5609445650177174,-0.08683743064234045,-0.16765405766033262,0.3149852828163934,-0.49850845564755963,0.3569946485073848,0.27735487284575494,1.173825311585516,0.662020858917511,0.8532694037705628,-0.49786511514861514,0.255165509015664,-0.1679477852016566,-0.1816893374329421,0.6176160111575162,0.11868437890696654,-0.3419128534843444,0.1064662963173395,-0.0014616898740045852,0.5375818640702107,-0.5329640842592908,-0.48843496696231586,0.5585854321607607,0.2344962794877688,-0.1851091815637793,0.3564196879530312,0.08117702054991675,0.90209610254612,-0.7926921721804026,0.21826435322392834,-0.06824206303363844,0.06597919588558006,0.3251917594558573,-0.3762713569337158,-0.04240698810092892,-0.0784740452415156
-1.726453304887192,1.62121258877475,-0.8093194795813895,-0.8797177480329269,0.47196887368780954,0.10195465376242419,-2.8358654173204054,-2.0246904141815887,0.8335888610075419,-0.17234921074269424,-0.6204478077593855,0.8990745852941209,-1.480663623031301,0.6025981081196473,-0.34761115001609777,3.545165883352371,0.8532694037705628,1.8719256678985938,-0.2531798192811076,1.7984327875147585,-1.0990258586847623,-0.9917745448435366,1.3729504323771735,-0.6930456963944741,-1.6214560206887072,0.16928070458767422,0.589204244487021,1.0554017758286895,-1.8878869944993157,-1.1118044677978283,1.2144513636564003,1.192470968085595,-0.6028287881179387,0.6845440062485912,-0.1774687640645017,1.7968814775750246,-2.059904693843211,0.9246829399735318,-0.04638509625427888,0.1982303274327381,0.16039337924851474,0.01642787993549336,0.2526433343571073,-0.31413476936138307
-1.2666004211388977,0.9846222767032424,-0.6999361990514635,-1.3354688055187949,-0.7130850258631222,-0.9817071900655244,-1.4471633840547573,-1.0735208872915196,-0.30751514018021736,0.26930689969471855,-0.2570290541820256,-0.21002179092051915,0.1601761938737698,-0.8268447858386149,-1.2800271195834694,0.8171942110164809,-0.49786511514861514,-0.2531798192811076,1.3062573400679212,1.4263788012678316,-0.6477585657470888,-1.1154886843525953,-0.1272617860487822,-1.3932601852097457,-1.0099776709326262,-0.4783575332006635,0.4322219227609439,-0.16510962362673207,-0.7768783377978311,0.2058587112339232,-0.18898951282222712,0.6759488324103113,-0.08069040292639831,-0.2897124478345939,-0.7489367356124786,-0.5037909725320585,-0.22598368768345628,0.44333078654455516,0.29465885193599084,0.017310986628966508,-0.9493278269382388,1.1062032254798833,0.5555681485547119,-0.18925011878746112
-3.9697542258545346,3.358271771008772,-1.832531329904255,-2.6297471284600977,-0.24582155236898637,-1.0422891330726087,-5.516982814711228,-4.043101302395209,0.43245727465582445,0.04236299338947446,-0.9983204035996548,0.9559043688408124,-1.90803312308181,-0.34229167859374043,-2.340744953048692,5.578659062686565,0.255165509015664,1.7984327875147585,1.4263788012678316,4.356929221902274,-2.1996311038064373,-2.7999561989544897,1.4469533198040825,-2.6427449011679003,-3.2983237662772322,-0.22673395856754458,1.5170534167445946,0.8134990572885409,-3.404834970349509,-1.1281479162901669,1.3728663830297494,2.3019236382017714,-0.8150514977364128,0.5288585200403152,-1.1323267795872793,1.5457312885367565,-2.7086253120433796,1.940485316350509,0.30421520234448424,0.2721807850242393,-0.9976216837693062,1.5694561015321367,0.9748803283425964,-0.5477921171135393
2.027733195222692,-1.7328449340035657,1.0020731619497212,1.4195405460386221,0.1554661068711554,0.629387752488231,2.872857023867999,2.058615320940117,-0.1537537484074451,0.09282068049926888,0.647529260750683,-0.5242385973931487,0.8472224018088388,0.1502283628586028,1.035241343215008,-2.917633188636992,-0.1679477852016566,-1.0990258586847623,-0.6477585657470888,-2.1996311038064373,1.3599720549030125,1.3512700555476822,-0.8378531860660441,1.2892823841650254,1.6352661790783285,0.12217857138274442,-0.6299828938132045,-0.6879818798421893,1.6351948515714712,0.5382202800024857,-0.7148151494774118,-1.3036899687942027,0.4445037749946766,-0.2770118475248967,0.5192056091283991,-0.8235777281916558,1.5178762313876308,-0.9047968681844623,-0.07172764839014291,-0.12133361709920001,0.38554528747898115,-0.889787240923171,-0.5685290090153774,0.26687191327553555
2.6745442826728456,-2.353404709509242,1.4964990201256314,2.0753055800058724,0.34659411737276097,1.195874678358919,3.739210160214222,2.2566220053435995,-0.1638030701408414,-0.14431708272894278,0.7004217124066218,-0.2677602339351675,0.5681908303407814,0.9736024258785078,1.5805229018318725,-3.3054940120372764,-0.1816893374329421,-0.9917745448435366,-1.1154886843525953,-2.7999561989544897,1.3512700555476822,2.305186555131628,-0.7839460610192429,1.9127165992447248,1.8919603786649088,0.4869792094725619,-0.7198276674007852,-0.6227293289869049,1.8207692055212565,0.3446365216129638,-0.7688490686513257,-1.3789672353477118,0.26345141190049653,-0.21194750691128722,0.8736346429507859,-0.6738639706450574,1.6382299641656544,-1.0345071618005017,-0.2903704365513863,-0.13002809892798903,0.72475507908402,-1.4247676663427415,-0.7741660786246037,0.28703843550500663
-1.3340152378194245,1.2605846965677519,-0.6240469825505675,-0.7103990043466738,0.371258122007388,0.11559036573300774,-2.152658411227747,-1.5553418275134607,0.6738133237434286,-0.15449418902982423,-0.4505740578539958,0.6567495125207876,-1.1365653500044928,0.5104717986955989,-0.36214208509970414,2.754223854970051,0.6176160111575162,1.3729504323771735,-0.1272617860487822,1.4469533198040825,-0.8378531860660441,-0.7839460610192429,1.0788052227155536,-0.5738576603254367,-1.2652482166586774,0.15821833196218776,0.45399895576909416,0.7386919639071307,-1.4936970042752673,-0.8831501707193837,0.9500430635598731,0.8846018839701786,-0.46782416353010886,0.5344882953726103,-0.2309972699194747,1.3493465900024333,-1.5172325512707079,0.7445654944834671,-0.021203887877772172,0.1036860516977715,0.08693641356751508,-0.02484753279270382,0.22352854542018954,-0.2532636081745156
2.534455270530484,-2.101679239668444,1.3732096965257725,2.1905891720244957,0.6560383233327775,1.3174619964816041,3.3562572358832985,2.441556365743102,-0.0010954922630397265,-0.22204976830225884,0.7505334862979715,-0.23443596402144087,0.5207737353577903,0.8103406183404583,1.7037552545672596,-2.888371381922223,0.11868437890696654,-0.6930456963944741,-1.3932601852097457,-2.6427449011679003,1.2892823841650254,1.9127165992447248,-0.5738576603254367,2.179407932803809,2.031953436126631,0.5372518282168328,-0.841658113650869,-0.39518279684689184,1.9160213291473305,0.3484299852563359,-0.39923976403820166,-1.5230208368918756,0.40008891451554307,-0.04668544540247039,0.9804841404938639,-0.30118117814641127,1.4923044462256045,-0.9208977880650586,-0.37608554067870614,-0.21837149286171284,1.0848717819500386,-1.5398878153173148,-0.8271618807056955,0.4282293243750277
3.0684628449223093,-2.51447192549647,1.2822437512179035,1.923020803720185,0.049398194054535424,0.4101810768661638,4.205052587539168,3.5003016249796737,-0.7753526867694244,-0.15691312016951545,0.7245754431696475,-0.8937352534150612,2.035491986369425,-0.31653956048701315,1.7526557438537447,-4.6277272186333525,-0.3419128534843444,-1.6214560206887072,-1.0099776709326262,-3.2983237662772322,1.6352661790783285,1.8919603786649088,-1.2652482166586774,2.031953436126631,3.05965379954246,0.07063143448320817,-1.4377255013539456,-0.5239593360123406,3.201124211798134,1.295866483760929,-1.1089089466056188,-1.8879519531342304,0.8877753247164567,-0.4875921455192091,0.9522996756330775,-1.6019592844998218,2.2977556143552262,-1.6696935193063052,-0.21047710430333963,-0.324675198481483,0.9470907248441183,-0.6875877589990501,-0.6954973476567472,0.5726621655715324
0.29003935543803894,-0.31267855865945204,0.40383726529250824,0.6679700236942403,0.42233301743825313,0.7183664933510968,0.35373924937615486,0.004843985678754893,0.17875248736974603,-0.2010777909187152,0.15396561369576683,0.32081903245864785,-0.6612120329038234,0.722197381030204,0.2759430036235796,0.16601240642539075,0.1064662963173395,0.16928070458767422,-0.4783575332006635,-0.22673395856754458,0.12217857138274442,0.4869792094725619,0.15821833196218776,0.5372518282168328,0.07063143448320817,0.44429689459416954,0.16452680946951062,-0.1242659139607546,-0.10697208892630887,-0.3691658914670877,0.2553107203034107,-0.15400797765587268,-0.12509029933691268,0.23328518119374733,0.27266826915824516,0.458275592316391,0.006326695609610103,0.13914750231848916,-0.18329507656084867,0.0010983919775446414,0.35765839832752183,-0.5864452411414695,-0.25286753954780883,0.046341110005969174
-1.423768539344853,1.0063354222143157,-0.3457190355627755,-0.5779166147768039,0.09825124490340535,0.08243491866566338,-1.8286376239542181,-1.7366166259503497,0.280275198576782,0.04024261871107277,-0.20995134577921423,0.5716875247904663,-1.3663598690911964,0.34650662240126123,-0.8921573960374926,2.1276709739627466,-0.0014616898740045852,0.589204244487021,0.4322219227609439,1.5170534167445946,-0.6299828938132045,-0.7198276674007852,0.45399895576909416,-0.841658113650869,-1.4377255013539456,0.16452680946951062,0.9921061068898415,-0.07521643526742246,-1.5834293883361947,-0.7182751158768141,0.5101176784963158,0.8067836463095287,-0.4308639472582471,0.2728878590820831,-0.33854359839910664,0.805316353668904,-0.9264154762994609,0.9000214371206705,0.024419721534547145,0.23039639821345606,-0.45831102986541633,0.23791214261577248,0.19252545666972318,-0.2701914844323051
-0.8451683323783792,0.9511607474070113,-0.6285503810682671,-0.7481631108611205,0.08925007279105325,-0.3776155201699294,-1.5534272863235978,-0.764754682141986,0.25713000053402835,-0.14233216051177225,-0.5160958396468159,0.3016789941032077,-0.14211384474985314,-0.10718968770952725,0.025184851126198688,1.6297886354903723,0.5375818640702107,1.0554017758286895,-0.16510962362673207,0.8134990572885409,-0.6879818798421893,-0.6227293289869049,0.7386919639071307,-0.39518279684689184,-0.5239593360123406,-0.1242659139607546,-0.07521643526742246,0.9741271667084802,-0.5692085649431428,-0.2895149449758244,0.5684491389123775,0.6809015794398727,-0.17725435019608526,0.29955684569406293,-0.05878342058162527,0.7244693659229723,-1.159570656167046,0.19520832209080016,-0.0030137372539523694,0.037156035777409745,0.2081849699497264,0.3644211528644515,0.23375519247461363,-0.13972325834014962
3.1530328604117623,-2.5960818531426053,1.2319080496675863,1.7570038488683806,-0.21220609573615073,0.09372326609147784,4.362481972675538,3.725267723497748,-1.014290250310676,-0.1005089265906255,0.7008525180110714,-1.1150465910735647,2.4626977230043017,-0.6797822164756515,1.6811417302675788,-5.121310787731045,-0.5329640842592908,-1.8878869944993157,-0.7768783377978311,-3.404834970349509,1.6351948515714712,1.8207692055212565,-1.4936970042752673,1.9160213291473305,3.201124211798134,-0.10697208892630887,-1.5834293883361947,-0.5692085649431428,3.516390026191861,1.5952318022045937,-1.341932293970962,-1.9220145446313117,0.9987581621081043,-0.6608055781505506,0.892455158312552,-2.0013659130078048,2.5240284482963373,-1.8453077267437985,-0.1679337539637978,-0.3755900887115727,0.8321626590579485,-0.3964066514245698,-0.6064589774005381,0.6323436057220415
1.0511539249520525,-0.8481963991556284,0.25427139055991516,0.239884045655864,-0.49100844070006977,-0.5574602784969318,1.5812859983522642,1.5438367122402525,-0.7385927544675107,0.11910433174043367,0.2352526795614457,-0.7382998651948037,1.553224203113284,-0.9277984924420749,0.3249034136771911,-2.400713487760362,-0.48843496696231586,-1.1118044677978283,0.2058587112339232,-1.1281479162901669,0.5382202800024857,0.3446365216129638,-0.8831501707193837,0.3484299852563359,1.295866483760929,-0.3691658914670877,-0.7182751158768141,-0.2895149449758244,1.5952318022045937,1.0619917221229398,-0.8254273480334519,-0.7030368977355294,0.5496109773153806,-0.5303946905512242,0.15155522915279576,-1.370054296326405,1.2274508527798091,-0.8064087541033909,0.08274952033834576,-0.18277792498368273,-3.3416971455458666e-4,0.4127023016951541,-0.04799661454575756,0.2723112191114538
-1.2529126705643199,1.1544132310359916,-0.48944212039061524,-0.46485171088899685,0.4518424312135275,0.23764134314243637,-2.01280882836122,-1.4113867242368492,0.5646017871922734,-0.18571132105614438,-0.3381431656834824,0.6580016387131062,-1.2184380045292789,0.45995251491130296,-0.3641105203447168,2.5583879723451504,0.5585854321607607,1.2144513636564003,-0.18898951282222712,1.3728663830297494,-0.7148151494774118,-0.7688490686513257,0.9500430635598731,-0.39923976403820166,-1.1089089466056188,0.2553107203034107,0.5101176784963158,0.5684491389123775,-1.341932293970962,-0.8254273480334519,0.9772821817637963,0.7355173271371064,-0.3851030330311923,0.5482195174372727,-0.1207533496308364,1.3160917658710376,-1.3312523233292166,0.774269448134334,-0.06133664674617539,0.0881849220819659,0.18793634037882737,-0.04347006735964984,0.128940150692591,-0.15399447445616474
-2.2286971536392914,1.8588793437313382,-1.0840341563703004,-1.5679429870203554,-0.20578187680790933,-0.706752195609492,-3.143032593648101,-2.419936589393444,0.20460979920964584,-0.04126370126234698,-0.7584239405293961,0.6151920884440417,-1.0550636204216393,-0.12627926666925468,-1.1191119766130115,3.1810026586592963,0.2344962794877688,1.192470968085595,0.6759488324103113,2.3019236382017714,-1.3036899687942027,-1.3789672353477118,0.8846018839701786,-1.5230208368918756,-1.8879519531342304,-0.15400797765587268,0.8067836463095287,0.6809015794398727,-1.9220145446313117,-0.7030368977355294,0.7355173271371064,1.5085471916625057,-0.5438400982314244,0.33414772673825477,-0.5532239770645144,0.9333914254885408,-1.7810937563374771,0.944893429109687,0.14158672334968544,0.25074573526326954,-0.5202779656373294,0.994697820865898,0.5758046270438185,-0.36442516320890295
0.7185271016506557,-0.571670202902515,0.2291078985025187,0.31345065573455283,-0.10440684233048307,-0.14028330709769213,1.0337578542901875,1.0563705894315158,-0.32200699280216916,0.025848414037381532,0.18896131560410612,-0.4168580275318481,0.8286203970237646,-0.44964379137129135,0.33882960797604517,-1.4029434090303712,-0.1851091815637793,-0.6028287881179387,-0.08069040292639831,-0.8150514977364128,0.4445037749946766,0.26345141190049653,-0.46782416353010886,0.40008891451554307,0.8877753247164567,-0.12509029933691268,-0.4308639472582471,-0.17725435019608526,0.9987581621081043,0.5496109773153806,-0.3851030330311923,-0.5438400982314244,0.37384297050228327,-0.22001354210618343,0.14840745617644566,-0.6501571809318262,0.7417394177287367,-0.5040117459615704,-0.0048228044746779185,-0.10577280191235001,0.1430014753962502,0.06401064283557344,-0.10256893650563358,0.1756567514321945
-0.5194768708938143,0.4654295657267226,-0.15102241109793313,-0.06154365659932933,0.35195217673666596,0.2907593596632189,-0.8922928606383498,-0.6781822578458869,0.3471446256939672,-0.16855499122026338,-0.1713682858477687,0.41657673391653477,-0.7540738169802851,0.4157499482112315,-0.02672361929179759,1.3053416384392642,0.3564196879530312,0.6845440062485912,-0.2897124478345939,0.5288585200403152,-0.2770118475248967,-0.21194750691128722,0.5344882953726103,-0.04668544540247039,-0.4875921455192091,0.23328518119374733,0.2728878590820831,0.29955684569406293,-0.6608055781505506,-0.5303946905512242,0.5482195174372727,0.33414772673825477,-0.22001354210618343,0.3647508730062075,0.028785979388793025,0.8046588090959821,-0.7169934015128496,0.3501910907411794,-0.09308107730121432,0.06956495885306327,0.21420876437908978,-0.166528860477043,-0.009100389558860564,-0.0885276411171956
1.0659112465049079,-0.9024049564604897,0.5999263317728997,1.0417520519065844,0.27385352029747795,0.5127659138569153,1.3118604787391182,0.9474474703239779,-0.1674495414949784,-0.1608763888224442,0.239553580106433,0.06948542709457331,0.12302505670414149,0.32671168386353167,0.8330169312850093,-1.1566472980530098,0.08117702054991675,-0.1774687640645017,-0.7489367356124786,-1.1323267795872793,0.5192056091283991,0.8736346429507859,-0.2309972699194747,0.9804841404938639,0.9522996756330775,0.27266826915824516,-0.33854359839910664,-0.05878342058162527,0.892455158312552,0.15155522915279576,-0.1207533496308364,-0.5532239770645144,0.14840745617644566,0.028785979388793025,0.6454017364971362,-0.07145133222171687,0.46445194073361473,-0.4186924422815414,-0.17426036006127513,-0.020552500966947402,0.6220181040025486,-0.5028701262753015,-0.4276031215430991,0.22826808205286006
-1.4727302864809309,1.3061555189071283,-0.45298781407961003,-0.31863182502307713,0.8066907859334742,0.7201044770602215,-2.4134213275503242,-1.9328635058753505,1.0630337060160202,-0.20807978369154362,-0.3699109053694053,1.0295388455119763,-2.0044784952411163,1.0842008741785913,-0.228366547802499,3.477001328497856,0.90209610254612,1.7968814775750246,-0.5037909725320585,1.5457312885367565,-0.8235777281916558,-0.6738639706450574,1.3493465900024333,-0.30118117814641127,-1.6019592844998218,0.458275592316391,0.805316353668904,0.7244693659229723,-2.0013659130078048,-1.370054296326405,1.3160917658710376,0.9333914254885408,-0.6501571809318262,0.8046588090959821,-0.07145133222171687,2.0899499671336836,-1.8553393998074375,1.064692534290654,-0.17793722547925575,0.2085305030309689,0.2810321744015316,-0.542641282318136,0.03946399794125982,-0.2894805853016155
2.6594444707527476,-2.3458103047870686,1.3119974054969585,1.6297979193378727,-0.20407354460372001,0.42791593763206726,4.049002871899133,2.9587559433223705,-0.7075590293231923,0.14346798454406054,0.9376779849571875,-1.0177335344167673,1.6913279840938051,-0.24669549665673313,0.9567864197939778,-4.52256674817898,-0.7926921721804026,-2.059904693843211,-0.22598368768345628,-2.7086253120433796,1.5178762313876308,1.6382299641656544,-1.5172325512707079,1.4923044462256045,2.2977556143552262,0.006326695609610103,-0.9264154762994609,-1.159570656167046,2.5240284482963373,1.2274508527798091,-1.3312523233292166,-1.7810937563374771,0.7417394177287367,-0.7169934015128496,0.46445194073361473,-1.8553393998074375,2.6213943817647234,-1.219254494383751,-0.078291348509952,-0.32985977361894425,0.20820490159234953,-0.7075583293619748,-0.5338174597140352,0.4529974572539041
-1.6939905356660176,1.3881252708166456,-0.5782306686150539,-0.776636785539049,0.16849469728569047,0.06333898080286987,-2.3344132713744274,-1.9606549160345923,0.45955453119357426,0.0259597967079259,-0.2664265151353915,0.637863908536073,-1.4259967991045925,0.3611726369435771,-0.9925261323202033,2.734435989353996,0.21826435322392834,0.9246829399735318,0.44333078654455516,1.940485316350509,-0.9047968681844623,-1.0345071618005017,0.7445654944834671,-0.9208977880650586,-1.6696935193063052,0.13914750231848916,0.9000214371206705,0.19520832209080016,-1.8453077267437985,-0.8064087541033909,0.774269448134334,0.944893429109687,-0.5040117459615704,0.3501910907411794,-0.4186924422815414,1.064692534290654,-1.219254494383751,1.1213554400742376,0.057654330791846585,0.14308404725723292,-0.3774494030905965,0.1870070560436373,0.26980229129213,-0.2555857010796314
-0.249691603943583,0.26032885661314836,-0.20697553465705337,-0.3731768854463534,-0.2135086677659681,-0.31537139448026724,-0.3186701954045396,-0.2080752240591849,-0.043064744144595116,0.14420567959659233,-0.06096733184854249,-0.093507389912389,0.15977329550016936,-0.2577800136827985,-0.28103633111662857,0.12895465062505398,-0.06824206303363844,-0.04638509625427888,0.29465885193599084,0.30421520234448424,-0.07172764839014291,-0.2903704365513863,-0.021203887877772172,-0.37608554067870614,-0.21047710430333963,-0.18329507656084867,0.024419721534547145,-0.0030137372539523694,-0.1679337539637978,0.08274952033834576,-0.06133664674617539,0.14158672334968544,-0.0048228044746779185,-0.09308107730121432,-0.17426036006127513,-0.17793722547925575,-0.078291348509952,0.057654330791846585,0.17500777179891586,0.015266178530432866,-0.2498770595293569,0.2602767922679977,0.11685191111344433,-0.05105959637718936
-0.3700193674068837,0.23454506923734608,-0.1497875428040986,-0.1562381920482176,0.013273288623843681,-0.06845335338907525,-0.45140576607084654,-0.4681151902707827,0.05041485094927699,0.0225827064191718,-0.12207966110644532,0.16207335391563654,-0.3046163002678807,0.041854953998441524,-0.10801420433228476,0.5055645270157194,0.06597919588558006,0.1982303274327381,0.017310986628966508,0.2721807850242393,-0.12133361709920001,-0.13002809892798903,0.1036860516977715,-0.21837149286171284,-0.324675198481483,0.0010983919775446414,0.23039639821345606,0.037156035777409745,-0.3755900887115727,-0.18277792498368273,0.0881849220819659,0.25074573526326954,-0.10577280191235001,0.06956495885306327,-0.020552500966947402,0.2085305030309689,-0.32985977361894425,0.14308404725723292,0.015266178530432866,0.16569433820962623,-0.10660612265208573,0.12205311718755253,0.05030666363743045,-0.07997083785018232
0.9634135864201153,-0.7130017978015012,0.4732721243020085,0.9888058109549479,0.48294441048214365,0.6356062404355571,1.0023255323774,0.9375588136113707,0.037826656975892874,-0.3201066172633685,0.15405626386006377,0.13115252196825816,0.03994619792003918,0.430764644004938,0.9292520188863311,-0.6507128473290128,0.3251917594558573,0.16039337924851474,-0.9493278269382388,-0.9976216837693062,0.38554528747898115,0.72475507908402,0.08693641356751508,1.0848717819500386,0.9470907248441183,0.35765839832752183,-0.45831102986541633,0.2081849699497264,0.8321626590579485,-3.3416971455458666e-4,0.18793634037882737,-0.5202779656373294,0.1430014753962502,0.21420876437908978,0.6220181040025486,0.2810321744015316,0.20820490159234953,-0.3774494030905965,-0.2498770595293569,-0.10660612265208573,0.8903189722799083,-0.6216059567174156,-0.3897740853293388,0.25124378737721315
-1.627127185134848,1.3281209922205406,-1.0738979863368356,-1.6610247691511435,-0.8250797210002303,-1.60573557638405,-2.131927972848623,-1.166404706873242,-0.7740635700315519,0.010072665499948546,-0.6830853714361386,-0.11605457934284459,0.5158382171674472,-1.4345202603472764,-1.113453191128627,1.101307717969985,-0.3762713569337158,0.01642787993549336,1.1062032254798833,1.5694561015321367,-0.889787240923171,-1.4247676663427415,-0.02484753279270382,-1.5398878153173148,-0.6875877589990501,-0.5864452411414695,0.23791214261577248,0.3644211528644515,-0.3964066514245698,0.4127023016951541,-0.04347006735964984,0.994697820865898,0.06401064283557344,-0.166528860477043,-0.5028701262753015,-0.542641282318136,-0.7075583293619748,0.1870070560436373,0.2602767922679977,0.12205311718755253,-0.6216059567174156,1.945697651018528,0.6634742737632398,-0.1078071733231672
-0.9683865273369394,0.8205784438447721,-0.6114549235667656,-0.9373315092764524,-0.28368558014873774,-0.6142796964806319,-1.2595499376547443,-0.8196549503691983,-0.029662822412450197,0.042293009610770864,-0.33590580794345065,-0.010294505583250648,0.008840218875997665,-0.42035198980853467,-0.6134700693231002,1.0269007398623717,-0.04240698810092892,0.2526433343571073,0.5555681485547119,0.9748803283425964,-0.5685290090153774,-0.7741660786246037,0.22352854542018954,-0.8271618807056955,-0.6954973476567472,-0.25286753954780883,0.19252545666972318,0.23375519247461363,-0.6064589774005381,-0.04799661454575756,0.128940150692591,0.5758046270438185,-0.10256893650563358,-0.009100389558860564,-0.4276031215430991,0.03946399794125982,-0.5338174597140352,0.26980229129213,0.11685191111344433,0.05030666363743045,-0.3897740853293388,0.6634742737632398,0.3985226372908257,-0.13965985137213788
0.5474538041910046,-0.4611346542163639,0.23578592759980413,0.4317622865782228,0.014828520766469367,0.09342895114563499,0.7441787398664136,0.6476754508090443,-0.20504137037897835,-0.055088720230564825,0.16110574334405234,-0.14811770606346872,0.32545445824067515,-0.09332501163850176,0.2829243620409788,-0.8474443665112423,-0.0784740452415156,-0.31413476936138307,-0.18925011878746112,-0.5477921171135393,0.26687191327553555,0.28703843550500663,-0.2532636081745156,0.4282293243750277,0.5726621655715324,0.046341110005969174,-0.2701914844323051,-0.13972325834014962,0.6323436057220415,0.2723112191114538,-0.15399447445616474,-0.36442516320890295,0.1756567514321945,-0.0885276411171956,0.22826808205286006,-0.2894805853016155,0.4529974572539041,-0.2555857010796314,-0.05105959637718936,-0.07997083785018232,0.25124378737721315,-0.1078071733231672,-0.13965985137213788,0.19662422319115608
