V1,V2,V3,V4,V5,V6,V7,V8,V9,V10,V11,V12,V13,V14,V15,V16,V17,V18,V19,V20,V21,V22,V23,V24,V25,V26,V27,V28,V29,V30,V31,V32,V33,V34,V35,V36,V37,V38,V39,V40,V41,V42,V43,V44
1.1394701448617635,-0.8799101678787121,0.3654987400502849,0.5559418798459939,-0.047951768780777046,0.3228684279387316,1.2228471241008712,0.9160080404295825,-0.04295943604636132,0.16838392299833674,0.2491079118244556,-0.28845922157194037,0.5416758457858456,0.19057308531481884,0.5610506824761521,-1.3717373552845882,-0.05267772819859448,-0.27714505375400367,-0.10377801072139729,-0.8795389536813083,0.2905490433362403,0.711697277023443,-0.3297681223245958,0.5662626826847356,0.7806588186481773,0.01693878932047393,-0.5171799297055373,-0.1517407912048872,0.820892347399307,0.42799452451550746,-0.5073160407155013,-0.6432677882872357,0.3446437363163704,-0.31056882536441166,0.15108331584803486,-0.3754200027527874,0.6776783408534209,-0.34146489459042323,-0.032760546609188236,-0.016822795233132074,0.33502694865062244,-0.2689566732534773,-0.07081874048036026,0.012040869700630664
-0.8799101678787121,1.6210582138818053,0.057184686220104294,-0.8466272745523143,0.23928840109007668,0.22061190512790113,-1.0136306457731648,-0.7947685228519784,-0.34349565472159826,0.07533966184580519,-0.22112238169128873,0.12506363014019128,-0.03332849870947309,-0.10903548506733494,-0.2121935427854512,0.7728108422653652,0.03508808694187329,0.0594114531625194,0.35454009525846597,1.0530782775438174,-0.3295944054910129,0.27857740135840614,0.13800875167111754,-0.06636558739029469,-0.3532739794461113,0.07810097166547637,0.5547985008778114,0.6325861308535743,-0.8965817343862201,-0.269491408881691,0.5153179373472342,0.6595739775475832,0.0819719020443948,0.16649940267494404,-0.04918535345588654,-0.04351931269373786,-0.2744615245522466,0.5947692125179546,0.2396159175294123,0.22655424817354003,-0.6256502800624792,0.24654582388469792,-0.02000535905288687,-0.6025120822113402
0.3654987400502849,0.057184686220104294,0.6947852998867906,0.35611934547900437,0.22101312122779973,0.033481025149719006,0.5603245019722314,0.3852582052798572,-0.27218632084914585,-0.011426798953476243,0.3031747837161687,0.09485083223548249,0.23451780294915286,0.060357305399468014,0.3192769843135037,-0.8323541686319875,-0.004258992735373968,-0.29847402168449844,-0.31159535846819475,-0.19724993223491177,0.45034137021833576,0.39951729008082143,-0.2441967413999405,0.3709244111320656,0.719301300704489,0.06563180818541439,0.12278279125941421,0.029730104690781523,0.3565053044124903,0.21533078971696762,-0.041804194912172715,-0.1567123725711998,0.2343953459396714,0.05303035629054339,0.24932697922815814,-0.3110075499588793,0.5205670722610483,-0.045368600046581324,0.0978724547115671,-0.10781305332092328,-0.14941192906740772,-0.0976129667889106,-0.3939960407878712,-0.26270412869936477
0.5559418798459939,-0.8466272745523143,0.35611934547900437,1.3060184788951519,0.14487984695299141,-0.29352680671211806,1.0058706325081173,0.41951885246608206,-0.040303220137909254,-0.25538141663349906,0.18114768891142868,-0.04167498114322481,-0.27128640632152073,-0.0933493552777077,0.18128428216503237,-0.6872704276920528,0.009200207223584219,-0.3200199038792375,-0.545466568532564,-0.4000305290000777,0.32061449149050103,0.022187228399093446,-0.21038757050177698,0.17378371561558312,0.9051910396028676,0.02938552478412432,0.056099213029575316,-0.6455143163707007,0.7788467521829677,0.060636615088914145,-0.21192562632838488,-0.6130870810356484,0.0777366798227852,0.04016221764438899,0.17583379378282582,0.18292931892384456,0.4866240609267923,-0.005852693044497341,-0.0942057382694606,-0.07839947313110285,0.32083711907419454,-0.22725988628395075,-0.2961943608351544,0.3667062759258819
-0.047951768780777046,0.23928840109007668,0.22101312122779973,0.14487984695299141,0.3668744514854146,0.41513643596536015,-0.06162905843285909,-0.07235880494656767,-0.025618235654375307,0.048587283405210915,0.02695458378653359,-0.16089606887767757,-0.22131302424950092,-0.044301202616929686,0.19973620843985715,-0.029956458342897323,0.1535067153513015,-0.050421715884152285,-0.146662064287216,-0.07285510921901542,0.23365608829353518,0.3242507046685198,-0.1123255251083613,0.3733647178263645,0.17591801594562773,0.18640018720530838,0.3456805065615539,0.012459575973967374,-0.06347111700133891,-0.14478398798086736,0.06946264159420668,0.009918595030633586,0.2815349086110332,0.08932796655255383,0.024600697208649012,0.1811565883762213,0.13148484994175338,0.09930109689556045,-0.05250323971050417,0.29729161462632125,-0.10575633033228558,-0.020435216885074072,-0.1575202728638273,-0.25470452142571703
0.3228684279387316,0.22061190512790113,0.033481025149719006,-0.29352680671211806,0.41513643596536015,1.4947116314109103,0.1154181058122778,0.12473941444722292,0.13748227676339164,0.15177595915751918,-0.09174765939990454,-0.9377691072266279,0.03609695570764521,0.06232166089733341,0.46347603467853127,-0.15841730329332665,0.24874772701854156,0.01181298459871571,0.30530256061286865,-0.6599945078463791,0.1164096925177122,1.233007528440474,-0.24174539710066156,1.1438896238408875,-0.15802511351756865,0.3354276048767098,0.148243875746523,0.4047225141179322,-0.19390154268206408,-0.1607704607504072,-0.13718029186652453,0.21349163872161117,0.6247235539199978,-0.15554366727832994,-0.20727098476862274,0.10590995752031931,0.276934450900565,-0.1556617744011609,-0.09882489458133224,0.6331861495932086,-0.09774025681993735,-0.25072294297851855,0.018405018327322942,-0.4981110262907722
1.2228471241008712,-1.0136306457731648,0.5603245019722314,1.0058706325081173,-0.06162905843285909,0.1154181058122778,2.2758062051913273,1.459354286416507,-0.42519529932803746,-0.25504903367998,0.22913283484654745,-0.3767480051967283,0.6334757809224073,-0.02502093593267792,0.5007459440368397,-1.918529966049105,-0.4899410306337751,-0.9823581184033456,-0.38741942382736444,-1.1825237223077834,0.5482141052954972,0.8438864882511464,-0.42155516739172794,0.7914065748642588,1.1984484311202876,0.003082902155154887,-0.4911381939728445,-0.6431852494951673,1.3873682007638344,0.23094126935908402,-0.20982160469486247,-0.7734874324505424,0.04272653140838733,-0.16067148528102582,0.37931678564043425,-0.69858238328149,1.183239898644116,-0.5879269487295758,-0.12905434002628732,-0.19052844281202405,0.21964102124081805,-0.7719353299635112,-0.23193199261171277,0.6852223258179634
0.9160080404295825,-0.7947685228519784,0.3852582052798572,0.41951885246608206,-0.07235880494656767,0.12473941444722292,1.459354286416507,1.2165490681367277,-0.26577890047032865,0.10972223208107974,0.2144974147528687,-0.09469075979871568,0.6411558390108204,0.05436227643190736,0.4929823017410443,-1.5106300900351,-0.3901826795653817,-0.6866947906217175,-0.28719357212793273,-0.9964199227892836,0.5515397929158967,0.506665895770757,-0.2807509957148915,0.46968722924264733,0.7928590969982444,0.032461435855415256,-0.4914223718461816,-0.43068173037879925,1.0097092404594887,0.24860216701601578,-0.20285264494912963,-0.6760305157503963,0.04737498433049577,-0.17026115104279818,0.3287849255839065,-0.61478758371337,0.7804927896816841,-0.5690277932128004,-0.18978775622982538,-0.08668037825557108,0.16686840261218175,-0.4253721708764194,-0.07408955285587839,0.39807820863245735
-0.04295943604636132,-0.34349565472159826,-0.27218632084914585,-0.040303220137909254,-0.025618235654375307,0.13748227676339164,-0.42519529932803746,-0.26577890047032865,0.599225516243738,-0.11360397525930659,0.07857233303235181,-0.09172664517892774,-0.4352877965530883,0.17865509649118294,-0.0608765482897217,0.5425777726333365,0.32171499210510274,0.6712230071563133,0.044736882129368855,-0.19000272305327212,-0.04226284846446733,-0.3947080215522171,0.034894230889907514,-0.0025186752400595813,-0.5707918308599297,-0.15893426188069731,0.0466930094041583,0.0020457195630042856,-0.3305930789315895,0.03649521050877292,-0.10142869921457802,0.19040774670263422,0.1297243069727788,0.04481589609125921,-0.18454841027847674,0.4744855456555779,-0.38842849134704693,-0.1797405615842842,0.11892668106668737,0.02512275820155292,0.2792940642226774,-0.10497068315168351,0.08243442563172061,-0.04937705188777458
0.16838392299833674,0.07533966184580519,-0.011426798953476243,-0.25538141663349906,0.048587283405210915,0.15177595915751918,-0.25504903367998,0.10972223208107974,-0.11360397525930659,0.7364133877199077,-0.13379062357167007,0.24960500611270806,0.3239283446243605,0.09047973807635167,0.3706812801423595,-0.3529026777880832,-0.06772065013237515,-0.07398364375367737,0.06790234468900984,0.0481573490380512,-0.03748206185551035,0.3204021290112995,0.0017510334901459307,-0.21330293861615357,0.18233268820693002,0.21326229218802742,-0.20262004252290033,0.08837036960710108,-0.024217121841697234,0.06723129854458665,-0.16382162018596394,-0.559389013782278,0.19366859675028528,-0.20571425969390758,0.10851806621235154,-0.07791462528397866,-0.10850640649714946,0.2416656375577668,-0.13732245026038425,0.3437404365316091,0.09412939204693417,0.39497986372356597,0.25999154665150087,-0.3403753800146336
0.2491079118244556,-0.22112238169128873,0.3031747837161687,0.18114768891142868,0.02695458378653359,-0.09174765939990454,0.22913283484654745,0.2144974147528687,0.07857233303235181,-0.13379062357167007,0.4836296543438572,0.2806239500965148,0.045865011208255715,0.17300374233702834,0.11028189480070484,-0.298281425170255,0.18855582365232343,0.11139149164199147,-0.20858040199358965,-0.16343076524949388,0.43134490545604875,-0.2755586693810159,-0.0959866589283623,0.16917378318892534,0.33005987216775046,-0.22307429907193702,-0.018050489220399233,-0.0426543095720686,0.2378737140987229,0.33405053074169955,-0.1339206938993122,0.1315726886506797,0.07932313746641192,0.01598632475154985,0.16313020471253134,-0.1869807610240873,0.2623312533648847,-0.2633404351908605,0.07359739313413625,-0.1965074666692443,-0.04615705456578553,-0.17538209932402535,-0.30514007970957147,-0.11478381613316184
-0.28845922157194037,0.12506363014019128,0.09485083223548249,-0.04167498114322481,-0.16089606887767757,-0.9377691072266279,-0.3767480051967283,-0.09469075979871568,-0.09172664517892774,0.24960500611270806,0.2806239500965148,1.7275784436626647,-0.05169328391622521,0.495389549553132,-0.07892282389145154,0.36090929481507283,-0.13821453610043302,0.16033064575106212,-0.42376281637125685,0.7863342409603747,0.11023878563310688,-0.9867270888179331,0.4647479436236297,-1.0606347225684332,0.23171586805510186,-0.2695130238035161,-0.16432903917809252,-0.1839534022487772,-0.1292637364423469,0.05638489358952578,0.3237382156843566,-0.305869183499283,-0.6921900717487665,0.17794785437051697,0.5904199418814254,-0.10584725227537152,-0.47154144514987323,0.2683397888511173,-0.04364639188491825,-0.3931768116697163,0.0627293902780548,-8.839556817626529e-4,-0.06645635850805681,0.1130258109176309
0.5416758457858456,-0.03332849870947309,0.23451780294915286,-0.27128640632152073,-0.22131302424950092,0.03609695570764521,0.6334757809224073,0.6411558390108204,-0.4352877965530883,0.3239283446243605,0.045865011208255715,-0.05169328391622521,1.0183498618639355,-0.04190225800660404,0.27337425391606784,-1.081442026391487,-0.24726303124965723,-0.5381511482712305,0.22442926084261314,-0.36218791264722894,0.07192589349868776,0.7070175751685404,-0.2478586681957808,0.1282732691024021,0.4495047720346046,0.03590819462970034,-0.5285190221952742,0.35723645954243405,0.3242594271058681,0.3986543972162459,-0.319217096688431,-0.33837109885886657,0.03477528598762118,-0.2889202419543818,0.17113184009312374,-0.8298654872666146,0.3847783424083251,-0.12469156510864567,0.06643090612520544,-0.18072521631040667,-0.10553341204311335,0.15617324757523243,-0.013832826357607157,-0.21280894945499493
0.19057308531481884,-0.10903548506733494,0.060357305399468014,-0.0933493552777077,-0.044301202616929686,0.06232166089733341,-0.02502093593267792,0.05436227643190736,0.17865509649118294,0.09047973807635167,0.17300374233702834,0.495389549553132,-0.04190225800660404,0.5521621440355956,0.13856879681517265,0.12066196608019285,0.047505931513337304,0.3498819578214914,-0.14097249014444907,0.12216262278181692,-0.05201656340973197,-0.1643834336025036,0.3021409179945833,-0.04685920983323448,-0.08119437785754736,-0.03701698163404476,-0.26437589153935104,0.05060740918199403,-0.018174958617690112,0.01888056606940105,0.1345364992638297,0.016326449880022194,-0.19228476892190696,0.0021517645895482163,0.15264943465670971,0.05512314725329591,-0.11697551099268687,-0.037180237669762285,-0.055045659853941484,-0.13960508041775624,0.17136644732168924,-0.2971313648013305,0.05503009536544043,0.05305981170338636
0.5610506824761521,-0.2121935427854512,0.3192769843135037,0.18128428216503237,0.19973620843985715,0.46347603467853127,0.5007459440368397,0.4929823017410443,-0.0608765482897217,0.3706812801423595,0.11028189480070484,-0.07892282389145154,0.27337425391606784,0.13856879681517265,0.58798976148911275,-0.8842019155479609,0.013467827219311179,-0.15970611342316923,-0.14975117837546778,-0.5380819724386441,0.3381937302046759,0.6631173301487122,-0.25532635160533773,0.45903937028294994,0.46993748421123777,0.1630274291936829,-0.11717061650979418,-0.04396577648641723,0.2993818389480435,0.15912027384179322,-0.18999256268718182,-0.48515894765524964,0.41196771215356554,-0.1348476295445891,0.20318134808726304,-0.14613086928107533,0.33891271722734106,-0.10623288303841467,-0.03598297679250444,0.30201075127831306,0.13541973798129936,-0.09068550611375714,-0.028799457611046592,-0.2489481217361424
-1.3717373552845882,0.7728108422653652,-0.8323541686319875,-0.6872704276920528,-0.029956458342897323,-0.15841730329332665,-1.918529966049105,-1.5106300900351,0.5425777726333365,-0.3529026777880832,-0.298281425170255,0.36090929481507283,-1.081442026391487,0.12066196608019285,-0.8842019155479609,2.6298427734083223,0.3447710302592333,0.951773018005931,0.30558934953952976,1.283172675167687,-0.7628717214369376,-1.1732016114176986,0.7782660111602173,-0.7804854341155494,-1.4072077355303796,-0.07882690785620965,0.4894693172035228,0.35151778287405466,-1.2684250113018793,-0.6310823967522154,0.5130685297878913,1.0881202837741606,-0.6145300475377329,0.3184305271381554,-0.447045053628728,0.9426469149427751,-1.2138019203331158,0.48046071968526566,-0.07899183134242072,-0.05544839864458962,-0.1681783933455722,0.1722201566815076,0.20605278727146192,0.01659858185773637
-0.05267772819859448,0.03508808694187329,-0.004258992735373968,0.009200207223584219,0.1535067153513015,0.24874772701854156,-0.4899410306337751,-0.3901826795653817,0.32171499210510274,-0.06772065013237515,0.18855582365232343,-0.13821453610043302,-0.24726303124965723,0.047505931513337304,0.013467827219311179,0.3447710302592333,0.519241459919483,0.4724937166375521,0.06160351568947866,-0.030838957969846936,0.06983498538188965,-0.039552601917200565,-0.13032339510809451,0.20090621085747967,-0.19788497744508918,-0.06515351441334273,0.19295845593105637,0.32464310997555856,-0.38504381907940327,0.1660138900770207,-0.22581996856177938,0.3044493658358169,0.30003649491769885,0.011023040905373517,-0.13000204884736208,0.2689848763689264,-0.19759658397834315,0.05104880867832434,0.17946764135324417,0.06183598969494464,0.025962134520402743,0.1506282651077764,-0.18323171835009835,-0.47619674322437194
-0.27714505375400367,0.0594114531625194,-0.29847402168449844,-0.3200199038792375,-0.050421715884152285,0.01181298459871571,-0.9823581184033456,-0.6866947906217175,0.6712230071563133,-0.07398364375367737,0.11139149164199147,0.16033064575106212,-0.5381511482712305,0.3498819578214914,-0.15970611342316923,0.951773018005931,0.4724937166375521,1.0743268022431427,0.15131413041034172,0.33717569242804457,-0.2730979707114501,-0.6273937286509552,0.18690275398882128,-0.2067920244812507,-0.7987905322192893,-0.26484546256367963,0.11128552125739805,0.23981615243080917,-0.6862852997309898,0.09930255809914422,0.010336266900686975,0.46171198711484424,0.15634285840841325,0.07458634307358726,-0.22377840708468047,0.5777362265409256,-0.6391443428992797,0.04232329588753815,0.29099888045416744,-0.010810200472887721,0.23434079437353247,0.013076466205684364,0.12983698186086248,-0.2820744371821468
-0.10377801072139729,0.35454009525846597,-0.31159535846819475,-0.545466568532564,-0.146662064287216,0.30530256061286865,-0.38741942382736444,-0.28719357212793273,0.044736882129368855,0.06790234468900984,-0.20858040199358965,-0.42376281637125685,0.22442926084261314,-0.14097249014444907,-0.14975117837546778,0.30558934953952976,0.06160351568947866,0.15131413041034172,0.6220418049268457,0.15236708414727826,-0.4165601236880772,0.35589471250822213,-0.08787985342431992,0.019182635969570268,-0.4064853416605673,-0.09201669115678975,-0.039386961488724864,0.4641232453555645,-0.4414890413181186,0.09016385141422975,-0.19144718370025074,0.2580354550759092,0.1975435809158704,-0.18730593808650356,-0.2836620606083358,-0.08072706409658367,-0.1871084835616124,0.12473259313599194,0.20273015544354905,0.12025883621643257,-0.11225416167003914,0.2145355977593119,0.19173987634789236,-0.35522803319251384
-0.8795389536813083,1.0530782775438174,-0.19724993223491177,-0.4000305290000777,-0.07285510921901542,-0.6599945078463791,-1.1825237223077834,-0.9964199227892836,-0.19000272305327212,0.0481573490380512,-0.16343076524949388,0.7863342409603747,-0.36218791264722894,0.12216262278181692,-0.5380819724386441,1.283172675167687,-0.030838957969846936,0.33717569242804457,0.15236708414727826,1.6977684884867732,-0.6951270714463693,-0.7890488695942645,0.6321321779816313,-0.9148645725185651,-0.2217558014059207,-0.09079023271098688,0.2560798977126012,0.17555958379591846,-0.5602660724428623,-0.25613774380773974,0.4963375096055659,0.44420283233993957,-0.42439322634536614,0.1282563456722625,-0.07385038496058907,0.25804168952536977,-0.5056522599170621,0.8144468540735323,0.015191647213465685,-0.1081277188760011,-0.30494772261313113,0.3359215102033728,0.16419456187192885,-0.07540814245337425
0.2905490433362403,-0.3295944054910129,0.45034137021833576,0.32061449149050103,0.23365608829353518,0.1164096925177122,0.5482141052954972,0.5515397929158967,-0.04226284846446733,-0.03748206185551035,0.43134490545604875,0.11023878563310688,0.07192589349868776,-0.05201656340973197,0.3381937302046759,-0.7628717214369376,0.06983498538188965,-0.2730979707114501,-0.4165601236880772,-0.6951270714463693,0.8671224227490395,0.01819009635044062,-0.34851285266855997,0.4240255803105368,0.5196096456385602,-0.05964015397698441,0.1583643817591589,-0.2762816664169749,0.42152318686890095,0.2163030407261672,-0.11605388285228875,-0.15265463732217463,0.22736772773623282,0.09241551463746787,0.2936426380017003,-0.24833824393784923,0.4460952747932984,-0.4630802195211612,-0.03944751522752686,0.0407790687486271,-0.08466951703286348,-0.19095874403182014,-0.38706644019266156,-0.07628666594094703
0.711697277023443,0.27857740135840614,0.39951729008082143,0.022187228399093446,0.3242507046685198,1.233007528440474,0.8438864882511464,0.506665895770757,-0.3947080215522171,0.3204021290112995,-0.2755586693810159,-0.9867270888179331,0.7070175751685404,-0.1643834336025036,0.6631173301487122,-1.1732016114176986,-0.039552601917200565,-0.6273937286509552,0.35589471250822213,-0.7890488695942645,0.01819009635044062,2.097695410656585,-0.5899733575701657,1.0805111249518136,0.49998027602418565,0.4577166445496181,-0.035648600437189565,0.5946491885395894,0.01741835246514117,0.03615479730643812,-0.3521196145961479,-0.4202143017038938,0.6868507350743429,-0.27847636684339394,0.014383812508236516,-0.40098332212980575,0.5474598681936043,0.13561234364267225,0.13195829834642925,0.47567926850978665,-0.09843373823228423,-0.017672524805003444,-0.09508823252943457,-0.6824539900454913
-0.3297681223245958,0.13800875167111754,-0.2441967413999405,-0.21038757050177698,-0.1123255251083613,-0.24174539710066156,-0.42155516739172794,-0.2807509957148915,0.034894230889907514,0.0017510334901459307,-0.0959866589283623,0.4647479436236297,-0.2478586681957808,0.3021409179945833,-0.25532635160533773,0.7782660111602173,-0.13032339510809451,0.18690275398882128,-0.08787985342431992,0.6321321779816313,-0.34851285266855997,-0.5899733575701657,0.608825009315488,-0.4285174777829852,-0.2977226897469752,0.08390733289605923,-0.1506648297846247,-0.08004460468569903,-0.05601034021617633,-0.31838442178683685,0.36918147097422804,0.23107229821122968,-0.5562660864788361,0.07358055131352224,-0.038657931358242116,0.2064521359985093,-0.28245568204388805,0.16298681726282524,-0.3093261744473793,-0.15089266015775354,-0.005090478261194051,-0.09626073859786877,0.20921950927143604,0.38927793154282064
0.5662626826847356,-0.06636558739029469,0.3709244111320656,0.17378371561558312,0.3733647178263645,1.1438896238408875,0.7914065748642588,0.46968722924264733,-0.0025186752400595813,-0.21330293861615357,0.16917378318892534,-1.0606347225684332,0.1282732691024021,-0.04685920983323448,0.45903937028294994,-0.7804854341155494,0.20090621085747967,-0.2067920244812507,0.019182635969570268,-0.9148645725185651,0.4240255803105368,1.0805111249518136,-0.4285174777829852,1.3864113017185014,0.25885511438381326,0.20425245226953015,0.1335856968197465,0.13317308846050996,0.3294506556947499,0.057335816678878396,-0.14569192555601354,0.2636509069337882,0.64845550619719,-0.08880938290746705,-0.11294010960146479,-0.1411511796062284,0.7583635368197118,-0.4316215111696317,0.005757999479659611,0.3469873146449355,-0.12721139917628924,-0.4644306641545234,-0.2457986484470152,-0.2100408742090635
0.7806588186481773,-0.3532739794461113,0.719301300704489,0.9051910396028676,0.17591801594562773,-0.15802511351756865,1.1984484311202876,0.7928590969982444,-0.5707918308599297,0.18233268820693002,0.33005987216775046,0.23171586805510186,0.4495047720346046,-0.08119437785754736,0.46993748421123777,-1.4072077355303796,-0.19788497744508918,-0.7987905322192893,-0.4064853416605673,-0.2217558014059207,0.5196096456385602,0.49998027602418565,-0.2977226897469752,0.25885511438381326,1.5450492337170618,0.05741881310030513,-0.09086192421969926,-0.39916273239375466,1.0297766101535366,0.3214921846987233,-0.2878948979242313,-0.7589357873250697,0.22771155679158073,-0.1617112734063778,0.4071695011052381,-0.5071781223494085,0.9296234660756614,0.07059658913178629,-0.15070388360987694,0.02323057643210955,-0.05298889356202032,-0.04371272717744231,-0.35719635902245056,-0.0390076769835371
0.01693878932047393,0.07810097166547637,0.06563180818541439,0.02938552478412432,0.18640018720530838,0.3354276048767098,0.003082902155154887,0.032461435855415256,-0.15893426188069731,0.21326229218802742,-0.22307429907193702,-0.2695130238035161,0.03590819462970034,-0.03701698163404476,0.1630274291936829,-0.07882690785620965,-0.06515351441334273,-0.26484546256367963,-0.09201669115678975,-0.09079023271098688,-0.05964015397698441,0.4577166445496181,0.08390733289605923,0.20425245226953015,0.05741881310030513,0.46097720830016875,3.102349923758932e-4,0.09306280455595771,0.06891013024205339,-0.2773434028674031,0.05006587422339953,-0.12636957792189066,-0.021936662725059154,-0.01751845979798792,-0.067685908992001,0.08393712123967245,0.06667738923151555,0.1514597376978119,-0.2915510869231455,0.18591574651886084,-0.04234481394459386,0.1418300766724926,0.05480865021266998,-0.016440925219971963
-0.5171799297055373,0.5547985008778114,0.12278279125941421,0.056099213029575316,0.3456805065615539,0.148243875746523,-0.4911381939728445,-0.4914223718461816,0.0466930094041583,-0.20262004252290033,-0.018050489220399233,-0.16432903917809252,-0.5285190221952742,-0.26437589153935104,-0.11717061650979418,0.4894693172035228,0.19295845593105637,0.11128552125739805,-0.039386961488724864,0.2560798977126012,0.1583643817591589,-0.035648600437189565,-0.1506648297846247,0.1335856968197465,-0.09086192421969926,3.102349923758932e-4,0.7340969223199517,0.0020032548553947115,-0.4064604735547057,-0.19565784581681217,0.18264903748226677,0.33222649387328856,0.30410618209392654,0.23925664120826765,-0.091037464916672875,0.35577104432365997,-0.08592046521122167,0.18809536519644315,0.15387729295969152,0.2712727759459538,-0.26910611784325095,0.08784220803531609,-0.21545696189409824,-0.3229747190522468
-0.1517407912048872,0.6325861308535743,0.029730104690781523,-0.6455143163707007,0.012459575973967374,0.4047225141179322,-0.6431852494951673,-0.43068173037879925,0.0020457195630042856,0.08837036960710108,-0.0426543095720686,-0.1839534022487772,0.35723645954243405,0.05060740918199403,-0.04396577648641723,0.35151778287405466,0.32464310997555856,0.23981615243080917,0.4641232453555645,0.17555958379591846,-0.2762816664169749,0.5946491885395894,-0.08004460468569903,0.13317308846050996,-0.39916273239375466,0.09306280455595771,0.0020032548553947115,1.0356783606893183,-0.7740774737857291,0.1569947610264736,-0.20181349969101658,0.4641783632368831,0.1091917235154169,-0.07499716157858377,-0.15733096614654338,-0.17457683890728248,-0.3324801202372073,0.24584355067709804,0.28798215739997673,-0.1268672670017723,-0.2445710282232358,0.35358356879587843,-0.14842707675958217,-0.8191227721608154
0.820892347399307,-0.8965817343862201,0.3565053044124903,0.7788467521829677,-0.06347111700133891,-0.19390154268206408,1.3873682007638344,1.0097092404594887,-0.3305930789315895,-0.024217121841697234,0.2378737140987229,-0.1292637364423469,0.3242594271058681,-0.018174958617690112,0.2993818389480435,-1.2684250113018793,-0.38504381907940327,-0.6862852997309898,-0.4414890413181186,-0.5602660724428623,0.42152318686890095,0.01741835246514117,-0.05601034021617633,0.3294506556947499,1.0297766101535366,0.06891013024205339,-0.4064604735547057,-0.7740774737857291,1.382068635541745,0.1549202176023129,-0.1438602613516478,-0.5495605802738301,-0.037840906772774616,-0.16917963645457015,0.173331319435216,-0.3986458877509175,0.9657385933016401,-0.42415349988177276,-0.421012383991438,-0.08125943844779772,0.1351248894129934,-0.3342991777316701,-0.040721220575346634,0.7036642970555619
0.42799452451550746,-0.269491408881691,0.21533078971696762,0.060636615088914145,-0.14478398798086736,-0.1607704607504072,0.23094126935908402,0.24860216701601578,0.03649521050877292,0.06723129854458665,0.33405053074169955,0.05638489358952578,0.3986543972162459,0.01888056606940105,0.15912027384179322,-0.6310823967522154,0.1660138900770207,0.09930255809914422,0.09016385141422975,-0.25613774380773974,0.2163030407261672,0.03615479730643812,-0.31838442178683685,0.057335816678878396,0.3214921846987233,-0.2773434028674031,-0.19565784581681217,0.1569947610264736,0.1549202176023129,0.5775674133712753,-0.4273195259064793,-0.11125878549482925,0.303984453602579,-0.17078481609609056,0.08020272890240093,-0.3467409729029154,0.20051308215576932,-0.17365823033972014,0.29228334397268974,-0.17134574979745168,0.05713268646171446,0.12745651699138744,-0.1641274056456445,-0.3454850301408726
-0.5073160407155013,0.5153179373472342,-0.041804194912172715,-0.21192562632838488,0.06946264159420668,-0.13718029186652453,-0.20982160469486247,-0.20285264494912963,-0.10142869921457802,-0.16382162018596394,-0.1339206938993122,0.3237382156843566,-0.319217096688431,0.1345364992638297,-0.18999256268718182,0.5130685297878913,-0.22581996856177938,0.010336266900686975,-0.19144718370025074,0.4963375096055659,-0.11605388285228875,-0.3521196145961479,0.36918147097422804,-0.14569192555601354,-0.2878948979242313,0.05006587422339953,0.18264903748226677,-0.20181349969101658,-0.1438602613516478,-0.4273195259064793,0.6629206110353068,0.27473378246955965,-0.3605041713374697,0.26063676255310025,0.09390140213585434,0.1466479757388245,-0.13022060015447892,0.09279162784226301,-0.10513528570421002,-0.021926083312543285,-0.14488977575503934,-0.30966728298435814,0.10385619555183798,0.4093574912124183
-0.6432677882872357,0.6595739775475832,-0.1567123725711998,-0.6130870810356484,0.009918595030633586,0.21349163872161117,-0.7734874324505424,-0.6760305157503963,0.19040774670263422,-0.559389013782278,0.1315726886506797,-0.305869183499283,-0.33837109885886657,0.016326449880022194,-0.48515894765524964,1.0881202837741606,0.3044493658358169,0.46171198711484424,0.2580354550759092,0.44420283233993957,-0.15265463732217463,-0.4202143017038938,0.23107229821122968,0.2636509069337882,-0.7589357873250697,-0.12636957792189066,0.33222649387328856,0.4641783632368831,-0.5495605802738301,-0.11125878549482925,0.27473378246955965,1.2918869193495566,-0.11937196038976923,0.17018359801518274,-0.3522600766892656,0.11767104762533419,-0.16393127488019515,-0.13641378108483013,0.10462817301846924,-0.17809116095498853,-0.4521677229173888,-0.11902095471336116,-0.15869937662515432,-0.11906423795236494
0.3446437363163704,0.0819719020443948,0.2343953459396714,0.0777366798227852,0.2815349086110332,0.6247235539199978,0.04272653140838733,0.04737498433049577,0.1297243069727788,0.19366859675028528,0.07932313746641192,-0.6921900717487665,0.03477528598762118,-0.19228476892190696,0.41196771215356554,-0.6145300475377329,0.30003649491769885,0.15634285840841325,0.1975435809158704,-0.42439322634536614,0.22736772773623282,0.6868507350743429,-0.5562660864788361,0.64845550619719,0.22771155679158073,-0.021936662725059154,0.30410618209392654,0.1091917235154169,-0.037840906772774616,0.303984453602579,-0.3605041713374697,-0.11937196038976923,0.9747681724974904,-0.15209753646232854,-0.1439607928293163,0.08562291996067178,0.3166784737669157,-0.03310240692209367,0.3033809578335567,0.5194713987206159,0.013373236101048546,0.14553685846255848,-0.049036260618679696,-0.6475289489319019
-0.31056882536441166,0.16649940267494404,0.05303035629054339,0.04016221764438899,0.08932796655255383,-0.15554366727832994,-0.16067148528102582,-0.17026115104279818,0.04481589609125921,-0.20571425969390758,0.01598632475154985,0.17794785437051697,-0.2889202419543818,0.0021517645895482163,-0.1348476295445891,0.3184305271381554,0.011023040905373517,0.07458634307358726,-0.18730593808650356,0.1282563456722625,0.09241551463746787,-0.27847636684339394,0.07358055131352224,-0.08880938290746705,-0.1617112734063778,-0.01751845979798792,0.23925664120826765,-0.07499716157858377,-0.16917963645457015,-0.17078481609609056,0.26063676255310025,0.17018359801518274,-0.15209753646232854,0.22499368453708754,0.0582839871879452,0.15740965715883126,-0.14688038095694225,0.005104243854157219,0.03477622598843164,-0.09469942774088312,-0.05763751935256123,-0.10812662438153445,-0.11414541041775124,0.10508661059406822
0.15108331584803486,-0.04918535345588654,0.24932697922815814,0.17583379378282582,0.024600697208649012,-0.20727098476862274,0.37931678564043425,0.3287849255839065,-0.18454841027847674,0.10851806621235154,0.16313020471253134,0.5904199418814254,0.17113184009312374,0.15264943465670971,0.20318134808726304,-0.447045053628728,-0.13000204884736208,-0.22377840708468047,-0.2836620606083358,-0.07385038496058907,0.2936426380017003,0.014383812508236516,-0.038657931358242116,-0.11294010960146479,0.4071695011052381,-0.067685908992001,-0.091037464916672875,-0.15733096614654338,0.173331319435216,0.08020272890240093,0.09390140213585434,-0.3522600766892656,-0.1439607928293163,0.0582839871879452,0.4096064304359759,-0.24767616709746773,0.09235361143494612,-0.0185503620583188,0.013884095805073734,-0.09361729623896795,0.03868983259714208,-0.1600999405187011,-0.13678472813017406,0.05417697371733581
-0.3754200027527874,-0.04351931269373786,-0.3110075499588793,0.18292931892384456,0.1811565883762213,0.10590995752031931,-0.69858238328149,-0.61478758371337,0.4744855456555779,-0.07791462528397866,-0.1869807610240873,-0.10584725227537152,-0.8298654872666146,0.05512314725329591,-0.14613086928107533,0.9426469149427751,0.2689848763689264,0.5777362265409256,-0.08072706409658367,0.25804168952536977,-0.24833824393784923,-0.40098332212980575,0.2064521359985093,-0.1411511796062284,-0.5071781223494085,0.08393712123967245,0.35577104432365997,-0.17457683890728248,-0.3986458877509175,-0.3467409729029154,0.1466479757388245,0.11767104762533419,0.08562291996067178,0.15740965715883126,-0.24767616709746773,0.8468001930828751,-0.4821265102757105,0.22593480944467362,-0.05340642759202218,0.2613345752834222,0.2342480894113174,0.028230132935045834,0.1582360954859362,0.0465569475911504
0.6776783408534209,-0.2744615245522466,0.5205670722610483,0.4866240609267923,0.13148484994175338,0.276934450900565,1.183239898644116,0.7804927896816841,-0.38842849134704693,-0.10850640649714946,0.2623312533648847,-0.47154144514987323,0.3847783424083251,-0.11697551099268687,0.33891271722734106,-1.2138019203331158,-0.19759658397834315,-0.6391443428992797,-0.1871084835616124,-0.5056522599170621,0.4460952747932984,0.5474598681936043,-0.28245568204388805,0.7583635368197118,0.9296234660756614,0.06667738923151555,-0.08592046521122167,-0.3324801202372073,0.9657385933016401,0.20051308215576932,-0.13022060015447892,-0.16393127488019515,0.3166784737669157,-0.14688038095694225,0.09235361143494612,-0.4821265102757105,1.0409530916437613,-0.32611168444252475,-0.15129378793201884,0.07209627860682553,-0.16139868738319446,-0.3281488404712303,-0.214770157566525,0.18512939794786337
-0.34146489459042323,0.5947692125179546,-0.045368600046581324,-0.005852693044497341,0.09930109689556045,-0.1556617744011609,-0.5879269487295758,-0.5690277932128004,-0.1797405615842842,0.2416656375577668,-0.2633404351908605,0.2683397888511173,-0.12469156510864567,-0.037180237669762285,-0.10623288303841467,0.48046071968526566,0.05104880867832434,0.04232329588753815,0.12473259313599194,0.8144468540735323,-0.4630802195211612,0.13561234364267225,0.16298681726282524,-0.4316215111696317,0.07059658913178629,0.1514597376978119,0.18809536519644315,0.24584355067709804,-0.42415349988177276,-0.17365823033972014,0.09279162784226301,-0.13641378108483013,-0.03310240692209367,0.005104243854157219,-0.0185503620583188,0.22593480944467362,-0.32611168444252475,0.7344825215561055,0.05175692886435286,0.12592503334084376,-0.06781796651672511,0.3938957194654831,0.07601592327399098,-0.3258539661513823
-0.032760546609188236,0.2396159175294123,0.0978724547115671,-0.0942057382694606,-0.05250323971050417,-0.09882489458133224,-0.12905434002628732,-0.18978775622982538,0.11892668106668737,-0.13732245026038425,0.07359739313413625,-0.04364639188491825,0.06643090612520544,-0.055045659853941484,-0.03598297679250444,-0.07899183134242072,0.17946764135324417,0.29099888045416744,0.20273015544354905,0.015191647213465685,-0.03944751522752686,0.13195829834642925,-0.3093261744473793,0.005757999479659611,-0.15070388360987694,-0.2915510869231455,0.15387729295969152,0.28798215739997673,-0.421012383991438,0.29228334397268974,-0.10513528570421002,0.10462817301846924,0.3033809578335567,0.03477622598843164,0.013884095805073734,-0.05340642759202218,-0.15129378793201884,0.05175692886435286,0.5447595002579468,-0.10542074498721561,0.0130557874848375,0.038582588104289904,-0.127125020718874,-0.3968957223704883
-0.016822795233132074,0.22655424817354003,-0.10781305332092328,-0.07839947313110285,0.29729161462632125,0.6331861495932086,-0.19052844281202405,-0.08668037825557108,0.02512275820155292,0.3437404365316091,-0.1965074666692443,-0.3931768116697163,-0.18072521631040667,-0.13960508041775624,0.30201075127831306,-0.05544839864458962,0.06183598969494464,-0.010810200472887721,0.12025883621643257,-0.1081277188760011,0.0407790687486271,0.47567926850978665,-0.15089266015775354,0.3469873146449355,0.02323057643210955,0.18591574651886084,0.2712727759459538,-0.1268672670017723,-0.08125943844779772,-0.17134574979745168,-0.021926083312543285,-0.17809116095498853,0.5194713987206159,-0.09469942774088312,-0.09361729623896795,0.2613345752834222,0.07209627860682553,0.12592503334084376,-0.10542074498721561,0.7052475063064279,-0.009176480108537145,0.0929344453014063,0.20855704332900965,-0.24523863354253053
0.33502694865062244,-0.6256502800624792,-0.14941192906740772,0.32083711907419454,-0.10575633033228558,-0.09774025681993735,0.21964102124081805,0.16686840261218175,0.2792940642226774,0.09412939204693417,-0.04615705456578553,0.0627293902780548,-0.10553341204311335,0.17136644732168924,0.13541973798129936,-0.1681783933455722,0.025962134520402743,0.23434079437353247,-0.11225416167003914,-0.30494772261313113,-0.08466951703286348,-0.09843373823228423,-0.005090478261194051,-0.12721139917628924,-0.05298889356202032,-0.04234481394459386,-0.26910611784325095,-0.2445710282232358,0.1351248894129934,0.05713268646171446,-0.14488977575503934,-0.4521677229173888,0.013373236101048546,-0.05763751935256123,0.03868983259714208,0.2342480894113174,-0.16139868738319446,-0.06781796651672511,0.0130557874848375,-0.009176480108537145,0.4793877407949694,-0.09733982761795447,0.17495660650318767,0.21688952193348457
-0.2689566732534773,0.24654582388469792,-0.0976129667889106,-0.22725988628395075,-0.020435216885074072,-0.25072294297851855,-0.7719353299635112,-0.4253721708764194,-0.10497068315168351,0.39497986372356597,-0.17538209932402535,-8.839556817626529e-4,0.15617324757523243,-0.2971313648013305,-0.09068550611375714,0.1722201566815076,0.1506282651077764,0.013076466205684364,0.2145355977593119,0.3359215102033728,-0.19095874403182014,-0.017672524805003444,-0.09626073859786877,-0.4644306641545234,-0.04371272717744231,0.1418300766724926,0.08784220803531609,0.35358356879587843,-0.3342991777316701,0.12745651699138744,-0.30966728298435814,-0.11902095471336116,0.14553685846255848,-0.10812662438153445,-0.1600999405187011,0.028230132935045834,-0.3281488404712303,0.3938957194654831,0.038582588104289904,0.0929344453014063,-0.09733982761795447,0.8477128322374495,0.05871791276520511,-0.5218873882460475
-0.07081874048036026,-0.02000535905288687,-0.3939960407878712,-0.2961943608351544,-0.1575202728638273,0.018405018327322942,-0.23193199261171277,-0.07408955285587839,0.08243442563172061,0.25999154665150087,-0.30514007970957147,-0.06645635850805681,-0.013832826357607157,0.05503009536544043,-0.028799457611046592,0.20605278727146192,-0.18323171835009835,0.12983698186086248,0.19173987634789236,0.16419456187192885,-0.38706644019266156,-0.09508823252943457,0.20921950927143604,-0.2457986484470152,-0.35719635902245056,0.05480865021266998,-0.21545696189409824,-0.14842707675958217,-0.040721220575346634,-0.1641274056456445,0.10385619555183798,-0.15869937662515432,-0.049036260618679696,-0.11414541041775124,-0.13678472813017406,0.1582360954859362,-0.214770157566525,0.07601592327399098,-0.127125020718874,0.20855704332900965,0.17495660650318767,0.05871791276520511,0.4699609051283087,0.24996813462227677
0.012040869700630664,-0.6025120822113402,-0.26270412869936477,0.3667062759258819,-0.25470452142571703,-0.4981110262907722,0.6852223258179634,0.39807820863245735,-0.04937705188777458,-0.3403753800146336,-0.11478381613316184,0.1130258109176309,-0.21280894945499493,0.05305981170338636,-0.2489481217361424,0.01659858185773637,-0.47619674322437194,-0.2820744371821468,-0.35522803319251384,-0.07540814245337425,-0.07628666594094703,-0.6824539900454913,0.38927793154282064,-0.2100408742090635,-0.0390076769835371,-0.016440925219971963,-0.3229747190522468,-0.8191227721608154,0.7036642970555619,-0.3454850301408726,0.4093574912124183,-0.11906423795236494,-0.6475289489319019,0.10508661059406822,0.05417697371733581,0.0465569475911504,0.18512939794786337,-0.3258539661513823,-0.3968957223704883,-0.24523863354253053,0.21688952193348457,-0.5218873882460475,0.24996813462227677,1.218614104822199
