V1,V2,V3,V4,V5,V6,V7,V8,V9,V10,V11,V12,V13,V14,V15,V16,V17,V18,V19,V20,V21,V22,V23,V24,V25,V26,V27,V28,V29,V30,V31,V32,V33,V34,V35,V36,V37,V38,V39,V40,V41,V42,V43,V44
2.057468899439622,-1.7057040273064483,0.4962571798482341,0.18532532489769632,-2.7671093364104777,1.7992375216705685,-1.896119835104948,-2.1320681288510217,-2.263882257002947,-4.516581504911671,-2.058896534242917,-1.9622387595332738,-2.756643416442826,-3.77589870532661,-1.666641364171174,-1.874084803472019,1.6866566953929194,-3.6722780445431296,3.8287947758692726,-2.5206543978311635,2.8935270240999373,0.6034739809574408,-2.272816987522576,-1.702208536524592,-0.8216867055907328,0.6545459551641094,0.4637549559658603,-0.9157012739291496,2.741062562004305,-0.32750622819151326,-0.2043022320388341,1.7020213255026528,-0.9335516271801667,2.3454499312506405,-3.1000095747918603,1.4362551040625477,-0.611668334909657,-1.0824581968036322,-3.4557615586713637,-3.2024232366653713,2.345389658163831,3.531893355776216,0.46651234626662436,1.1550407025422593
-1.7057040273064483,2.9148747467661162,-0.6644331280450505,0.37017216014392545,2.5753488784544394,-1.949406411782508,2.9252632250937487,1.4766405777405864,2.43535157240834,6.1825432707341745,3.574389139591744,1.9207113851683164,3.0412491780811663,4.404798425116191,3.272839967222425,4.464505761341793,-3.0514515369751614,5.128994987543172,-3.8959053602922076,4.109145615266043,-5.2748166267234815,-0.8605471943418322,2.188216280284613,1.2553722673615917,0.8753150623055787,-0.32923911306555487,0.02969729818921268,1.7227194155887693,-3.736291352125116,2.108829445695958,-1.50488599285639,-3.092103208877743,0.925236855444927,-3.5227702424283436,1.6178270250433429,-1.9622620139601978,1.5791183529934283,1.774173819437023,4.983041112027696,4.828740369344126,-3.2649078785070653,-5.799587589841116,0.35629688677937854,-1.1962039411514582
0.4962571798482341,-0.6644331280450505,0.17077016196381922,-0.04286565123945984,-0.7218104465190803,0.5372538913922644,-0.6765349805531207,-0.4731180421831184,-0.6445044628551708,-1.5013840527544124,-0.8067034606115396,-0.5176951157568026,-0.8029382516883778,-1.121498527895674,-0.7085489877817929,-0.9348029911071825,0.6660719027038804,-1.227824980920792,1.0458274202631976,-0.964171894594144,1.182798466984765,0.2094340544444136,-0.5855483941014256,-0.3766826424935378,-0.22058340236513158,0.12274501128798702,0.0469267692602159,-0.37777716032066944,0.8992276832642505,-0.3862778534224212,0.24092019373187587,0.6824316753234475,-0.25695501008937194,0.8407868743518456,-0.572226438463962,0.4682932495411882,-0.3091878931500929,-0.4045018119519075,-1.182702439637842,-1.1374262112483187,0.7890433032971035,1.3128806296049498,-0.01395719834531107,0.3123228930547786
0.18532532489769632,0.37017216014392545,-0.04286565123945984,0.2094313480477488,-0.1323151516325342,-0.0035177381735466994,0.31015944941809465,-0.2821313802086307,0.005356680731980541,0.4563756975277857,0.47264810162282256,-0.06542907335728532,0.019717419088473388,0.12628868704792862,0.5171627594220995,0.8514619927362457,-0.4174085989935098,0.4092883043782766,0.07169009074567306,0.48611690021138365,-0.7490576610086422,-0.06603865963911705,-0.09416169091856827,-0.19667432391416653,-0.007017435369819613,0.13641866814584125,0.18344397936666396,0.2547670558572286,-0.2705141041558333,0.6056394377544142,-0.6015783366721978,-0.43735816804359834,-0.028020561918554312,-0.3469453826944807,-0.6036643256446937,-0.13181839271116771,0.3107798171058195,0.21113123305248224,0.43341190267744023,0.4794762638365278,-0.25062213763835434,-0.6967621873486518,0.295920447359344,0.02017313903528995
-2.7671093364104777,2.5753488784544394,-0.7218104465190803,-0.1323151516325342,3.8197921077063994,-2.5425100339667144,2.812202836691314,2.8448052206255254,3.183231764027057,6.557281703312997,3.1275691049384804,2.70638309262306,3.868059646661047,5.357569900677434,2.5982025546512735,3.067812775271436,-2.542945753803519,5.345636001776483,-5.329503719519856,3.801646019006101,-4.442987135785462,-0.8717534297224722,3.109774615486527,2.2760367223790503,1.1300394564753724,-0.8343479394219168,-0.5569999463561103,1.408717313587311,-3.9647592406599506,0.7694265425382466,-0.044047807232167495,-2.599079672082073,1.2970308179839938,-3.474200734048258,3.9917710268839186,-2.0514142968528777,0.9883801938317373,1.6207384624900678,5.046171107055852,4.73195761123321,-3.405101314015924,-5.2912483609136265,-0.49784797766264643,-1.59254971629943
1.7992375216705685,-1.949406411782508,0.5372538913922644,-0.0035177381735466994,-2.5425100339667144,1.8030447281729782,-2.0489165101264466,-1.8103400692233835,-2.175001749386228,-4.704023233540594,-2.358324563993102,-1.796052267026159,-2.6778444926956335,-3.6934691277888496,-1.999146105567302,-2.5020085712982154,1.9094879427364813,-3.825560769453831,3.586252638962204,-2.8769646359844154,3.4115959693972586,0.6425471574485999,-2.0369847311677707,-1.4240413907107072,-0.7434457455584719,0.5089580977079486,0.2966695897197744,-1.0765026191477927,2.82084878798217,-0.8332017460871088,0.3558228695591038,1.9675848634276702,-0.8859501959312102,2.5661448126150814,-2.3794698512349233,1.457750627966593,-0.7920791962599787,-1.2023129794192409,-3.6475272524214915,-3.4646536455904804,2.4553933292198766,3.898987596163441,0.18214547999741024,1.0623265700749853
-1.896119835104948,2.9252632250937487,-0.6765349805531207,0.31015944941809465,2.812202836691314,-2.0489165101264466,2.983852935356905,1.7040983137507313,2.597560133304488,6.370492357500148,3.59176605735247,2.0858588714537034,3.2151494990862215,4.651193571385653,3.2597566338012607,4.364081566850815,-3.0587191003192893,5.284208877463434,-4.196623958717491,4.135012924976439,-5.264864597460196,-0.8737248309320748,2.3870938391635406,1.4454354009661798,0.9423390953265484,-0.4072142722914072,-0.05149052575131485,1.7195147779978583,-3.8602011628811006,1.956257926815432,-1.312426203483945,-3.098825277227574,0.9931402554940717,-3.5817558617870087,2.0197354279194752,-2.0212416399209596,1.5433996755622064,1.794573645216282,5.106793576504878,4.9208693713008245,-3.352658253371843,-5.878150474950548,0.2345689119507017,-1.2868286166833296
-2.1320681288510217,1.4766405777405864,-0.4731180421831184,-0.2821313802086307,2.8448052206255254,-1.8103400692233835,1.7040983137507313,2.289910718957236,2.26108681144762,4.223658733229491,1.774271635816537,1.982332416415821,2.7264302000526346,3.6894504188624557,1.3559430758292825,1.3745163008924848,-1.3962195034593832,3.407218662850034,-3.856684339294778,2.248051308358765,-2.448154514364661,-0.551723252052852,2.2876499592241544,1.8012524491467297,0.8023752816820546,-0.7167109275236352,-0.5697207238413456,0.7573211008446393,-2.55542836359389,-0.028127589041280387,0.5308884319584215,-1.4290507273222997,0.9497396640555329,-2.142751597708504,3.39184149556289,-1.3191617411563386,0.39520414911459745,0.9500455997661893,3.167741040941681,2.9070653096473005,-2.1762424758882974,-3.094777534815044,-0.6331746749725528,-1.1443503096183898
-2.263882257002947,2.43535157240834,-0.6445044628551708,0.005356680731980541,3.183231764027057,-2.175001749386228,2.597560133304488,2.26108681144762,2.7245753325152133,5.897157087844138,2.9677909750093283,2.2790632742284096,3.3278221080804053,4.660771681835859,2.5411517123113607,3.147983655661716,-2.446769172245699,4.8306864629599175,-4.51595428528655,3.5483330308157135,-4.263813895845113,-0.7921080901036905,2.6128403189299063,1.828055215155344,0.9689621604566818,-0.6363809167519504,-0.36388581270890274,1.364636595531597,-3.565646861328134,1.0331174226680635,-0.40110879845416647,-2.496274732038838,1.0930478129629162,-3.185249696017591,3.059646181135818,-1.8496639229276592,1.0474423463908498,1.5184627487668847,4.593450940839836,4.346379125736111,-3.07439527208876,-4.960264700636236,-0.2442756622830246,-1.3567565935627874
-4.516581504911671,6.1825432707341745,-1.5013840527544124,0.4563756975277857,6.557281703312997,-4.704023233540594,6.370492357500148,4.223658733229491,5.897157087844138,13.895461387930384,7.563579307804162,4.795548351904556,7.287662444609305,10.388577329677432,6.740459217240663,8.85124700903932,-6.376478539223246,11.465205931795643,-9.606547207134309,8.828654749474037,-11.033902677698569,-1.905127939735217,5.489006900505796,3.4976214351853057,2.1166263989420973,-1.0848303331040756,-0.3504742191645644,3.5778099257373754,-8.402891191793856,3.6971753314486464,-2.273341804622793,-6.470956302683459,2.299660065242092,-7.725908987156312,5.264798611983335,-4.395651197207626,3.072565782959796,3.8032163891275186,11.032820962949936,10.575420589489473,-7.2973165378178555,-12.43287647850543,0.17685514234069705,-2.923368892443732
-2.058896534242917,3.574389139591744,-0.8067034606115396,0.47264810162282256,3.1275691049384804,-2.358324563993102,3.59176605735247,1.774271635816537,2.9677909750093283,7.563579307804162,4.392881364274685,2.337549649206495,3.696716306223846,5.3819465643117255,4.034029151860001,5.507813907375971,-3.7517969441266596,6.283681110860919,-4.743748959225403,5.032747968105298,-6.479622287751542,-1.048298194505274,2.6650679419449133,1.5215674155091445,1.0691724039356458,-0.3856593310000445,0.05157575121299204,2.1204120904149737,-4.5736576726849325,2.6125921837831894,-1.8754926845725683,-3.8039995219414977,1.1203383727259253,-4.312380533581459,1.929550708010552,-2.397591746265062,1.9530298734875198,2.1782725314918134,6.101252330436439,5.918036923261619,-3.9920983456828614,-7.129946549588087,0.4540596096546573,-1.457050092740107
-1.9622387595332738,1.9207113851683164,-0.5176951157568026,-0.06542907335728532,2.70638309262306,-1.796052267026159,2.0858588714537034,1.982332416415821,2.2790632742284096,4.795548351904556,2.337549649206495,1.9405579089659415,2.7754356286740594,3.872035608794876,1.972988853534015,2.365693511719854,-1.9368988865646797,3.927896015588528,-3.8118022638936515,2.797884303258649,-3.327689253646029,-0.6396550368234786,2.239298178063265,1.6070743870786146,0.8271251155404229,-0.5799309052815326,-0.3610003039704819,1.0666471776194009,-2.912278016763349,0.6688936128902598,-0.12677330296703637,-1.9621003369203112,0.9201778308882074,-2.54684119578606,2.7857360019001054,-1.5185885743314356,0.7969099498061117,1.2085326395952234,3.7203369544182383,3.4887880748045457,-2.4956523998549236,-3.9544860196210614,-0.30446150132274175,-1.1531777984276252
-2.756643416442826,3.0412491780811663,-0.8029382516883778,0.019717419088473388,3.868059646661047,-2.6778444926956335,3.2151494990862215,2.7264302000526346,3.3278221080804053,7.287662444609305,3.696716306223846,2.7754356286740594,4.090566632163194,5.707362710415612,3.173800182424389,3.969428775619572,-3.0636754496614262,5.965484470523365,-5.506044486203978,4.418974516823649,-5.328416029482712,-0.9913972439975131,3.1833624831798644,2.198511705471832,1.185182704337376,-0.7689851682857685,-0.42073272758954816,1.7060874254664748,-4.402286173442603,1.3581610059901168,-0.579098581744775,-3.1143262012720054,1.3369104604555557,-3.952865202930722,3.6587953990020625,-2.2983402907076975,1.3308474688857468,1.8874403623206015,5.6897261815235884,5.388825389629003,-3.8091067025424095,-6.155403094340994,-0.2519942291314765,-1.660039550687685
-3.77589870532661,4.404798425116191,-1.121498527895674,0.12628868704792862,5.357569900677434,-3.6934691277888496,4.651193571385653,3.6894504188624557,4.660771681835859,10.388577329677432,5.3819465643117255,3.872035608794876,5.707362710415612,8.063542833602666,4.685929177043615,5.926496948164134,-4.488986973999954,8.542458127780955,-7.6889247719390115,6.355182119983676,-7.767111135224532,-1.4015032365179896,4.4461105940498085,3.020524017142162,1.6751135127216876,-1.0116267748578618,-0.5048038052972557,2.504007125611131,-6.291019692426197,2.1488431957967125,-1.0420233194254391,-4.562499442402304,1.846937190260223,-5.659179309322769,4.90281237686959,-3.276075925612896,2.0223250856536787,2.7381016028278578,8.15414963745024,7.745737161751969,-5.429118958100734,-8.957739033539777,-0.2373626038449782,-2.32610049766465
-1.666641364171174,3.272839967222425,-0.7085489877817929,0.5171627594220995,2.5982025546512735,-1.999146105567302,3.2597566338012607,1.3559430758292825,2.5411517123113607,6.740459217240663,4.034029151860001,1.972988853534015,3.173800182424389,4.685929177043615,3.7578107235793796,5.203670422771282,-3.4739911320108923,5.625355997948203,-4.024675811290661,4.569651506577291,-5.973339435533315,-0.9360529797885211,2.2492170330546166,1.2013631908435363,0.9249579049781135,-0.25687018816143303,0.15074473635201668,1.966291055607108,-4.082243006884813,2.5816319359640607,-1.9339029094702125,-3.517140034244192,0.9389071525047561,-3.8821759317430935,1.3372562127071632,-2.1434108471651867,1.8703194240231003,1.9897554793469867,5.483674818711911,5.343263571624451,-3.5649956031389,-6.522938828558144,0.5535509734186069,-1.2465725990060532
-1.874084803472019,4.464505761341793,-0.9348029911071825,0.8514619927362457,3.067812775271436,-2.5020085712982154,4.364081566850815,1.3745163008924848,3.147983655661716,8.85124700903932,5.507813907375971,2.365693511719854,3.969428775619572,5.926496948164134,5.203670422771282,7.367370004768581,-4.759955490555128,7.405039737729237,-4.897055906555229,6.202324880930498,-8.218795630622898,-1.2450023727583859,2.678057938792662,1.2616192664924875,1.134917329526122,-0.17790263413018292,0.38356307816458823,2.7109323597665385,-5.347381514935593,3.8635216901573832,-3.0556255192055404,-4.824042918802349,1.1378175468918301,-5.194565819622505,0.9931098878349285,-2.8105900445021104,2.6541923765385076,2.6918567403041487,7.26538121074545,7.141137386903141,-4.699834382249068,-8.816912951949769,1.0135442344224044,-1.521722761025652
1.6866566953929194,-3.0514515369751614,0.6660719027038804,-0.4174085989935098,-2.542945753803519,1.9094879427364813,-3.0587191003192893,-1.3962195034593832,-2.446769172245699,-6.376478539223246,-3.7517969441266596,-1.9368988865646797,-3.0636754496614262,-4.488986973999954,-3.4739911320108923,-4.759955490555128,3.2601331102511346,-5.31931386582356,3.911869740072616,-4.244574901499436,5.534888687468265,0.8898406060583485,-2.229050375986044,-1.2318313162703027,-0.9134520683062701,0.30177138094900813,-0.09039346766096076,-1.8259854002700817,3.875197328454644,-2.305973154244497,1.6600012947225224,3.2725401545590396,-0.9127706825641955,3.633340293659627,-1.520488167741774,2.056292287453994,-1.7382579724685108,-1.861341185830851,-5.181261130207642,-5.015785076505062,3.3756369109443054,6.103558182805015,-0.4388247553319805,1.2256674374294048
-3.6722780445431296,5.128994987543172,-1.227824980920792,0.4092883043782766,5.345636001776483,-3.825560769453831,5.284208877463434,3.407218662850034,4.8306864629599175,11.465205931795643,6.283681110860919,3.927896015588528,5.965484470523365,8.542458127780955,5.625355997948203,7.405039737729237,-5.31931386582356,9.47866984876105,-7.863773086414691,7.2979560373614945,-9.16770044100793,-1.568671790123266,4.501703154530127,2.844693387708564,1.746861793746485,-0.8664990682836193,-0.2514802216094475,2.9821652401445498,-6.9441772631146454,3.133496286897305,-1.95182744307634,-5.390277876428547,1.873788293498896,-6.379026433100669,4.235902725831963,-3.6350092177878794,2.592615055745823,3.1574826752505123,9.125734009947335,8.749925886334704,-6.022015406994129,-10.334207338644443,0.19208155276653527,-2.4018413939277843
3.8287947758692726,-3.8959053602922076,1.0458274202631976,0.07169009074567306,-5.329503719519856,3.586252638962204,-4.196623958717491,-3.856684339294778,-4.51595428528655,-9.606547207134309,-4.743748959225403,-3.8118022638936515,-5.506044486203978,-7.6889247719390115,-4.024675811290661,-4.897055906555229,3.911869740072616,-7.863773086414691,7.522672177030343,-5.684989768561069,6.7814324554596705,1.2855626605221668,-4.384695068490091,-3.1179321135868205,-1.6191400751673641,1.1079507543284328,0.6720342402914858,-2.1693504383734568,5.81729796597258,-1.4785681344748516,0.423314640013945,3.9798809125152577,-1.8194729044210742,5.142514710004928,-5.325344698491845,3.0236672547719885,-1.6319110833061008,-2.440177082964305,-7.458148726010013,-7.0262026209559645,5.002918137802813,7.977255571187708,0.5224713976015718,2.2642144023672346
-2.5206543978311635,4.109145615266043,-0.964171894594144,0.48611690021138365,3.801646019006101,-2.8769646359844154,4.135012924976439,2.248051308358765,3.5483330308157135,8.828654749474037,5.032747968105298,2.797884303258649,4.418974516823649,6.355182119983676,4.569651506577291,6.202324880930498,-4.244574901499436,7.2979560373614945,-5.684989768561069,5.845497256300801,-7.421562538199595,-1.2250241116479466,3.1708377352245876,1.8723925086396052,1.2467183200692098,-0.5127808515547043,-0.023374895573018015,2.4083871256556653,-5.317134896219579,2.8621663499089887,-2.017083222304853,-4.327948885140364,1.3629788082016308,-5.022792997533008,2.494953425429625,-2.7732664428889566,2.146344803925552,2.49998712233887,7.072929327044479,6.855138896047848,-4.653145740057692,-8.158743763164772,0.42529495125534117,-1.7235924383628605
2.8935270240999373,-5.2748166267234815,1.182798466984765,-0.7490576610086422,-4.442987135785462,3.4115959693972586,-5.264864597460196,-2.448154514364661,-4.263813895845113,-11.033902677698569,-6.479622287751542,-3.327689253646029,-5.328416029482712,-7.767111135224532,-5.973339435533315,-8.218795630622898,5.534888687468265,-9.16770044100793,6.7814324554596705,-7.421562538199595,9.586311993557887,1.5368166888456616,-3.7820027402057,-2.1021473678270044,-1.526521283997436,0.5085413231582995,-0.1391175627418983,-3.135585274795647,6.6640960575051595,-3.97834946265955,2.9224966476741057,5.617627617281464,-1.6044250727414153,6.329685940476445,-2.538602091041497,3.493496970205835,-2.909532980867549,-3.2043052654424735,-8.921942938542992,-8.676461469654017,5.830827163831751,10.478458727485167,-0.7647512423281885,2.081798864661284
0.6034739809574408,-0.8605471943418322,0.2094340544444136,-0.06603865963911705,-0.8717534297224722,0.6425471574485999,-0.8737248309320748,-0.551723252052852,-0.7921080901036905,-1.905127939735217,-1.048298194505274,-0.6396550368234786,-0.9913972439975131,-1.4015032365179896,-0.9360529797885211,-1.2450023727583859,0.8898406060583485,-1.568671790123266,1.2855626605221668,-1.2250241116479466,1.5368166888456616,0.26779817009295853,-0.7334929779332175,-0.4538007507189735,-0.28465712234492363,0.14190604393339254,0.036860344874556146,-0.49813999583182134,1.149314448446577,-0.5400291981359532,0.3462450331900525,0.8976085346507886,-0.3097985874720343,1.0667195015866788,-0.6713414646717243,0.6084968903866473,-0.43561409909180787,-0.5253775320163909,-1.5168411680860385,-1.456616617492778,1.0053405714902304,1.7121839829011343,-0.04482567522576273,0.3937687946459592
-2.272816987522576,2.188216280284613,-0.5855483941014256,-0.09416169091856827,3.109774615486527,-2.0369847311677707,2.3870938391635406,2.2876499592241544,2.6128403189299063,5.489006900505796,2.6650679419449133,2.239298178063265,3.1833624831798644,4.4461105940498085,2.2492170330546166,2.678057938792662,-2.229050375986044,4.501703154530127,-4.384695068490091,3.1708377352245876,-3.7820027402057,-0.7334929779332175,2.600310449715317,1.8676623433305217,0.9648309729296091,-0.6757523923177643,-0.42207891691769767,1.2181559632942396,-3.3414990984400283,0.7367879089669049,-0.10038332338473764,-2.240851624988036,1.052100064256742,-2.8994710447822802,3.258946028920285,-1.7545506530210857,0.9240429557256199,1.3811490828924453,4.260987439512433,3.9857662728979912,-2.8592855432564903,-4.528314829823338,-0.3684328053336174,-1.335800361980797
-1.702208536524592,1.2553722673615917,-0.3766826424935378,-0.19667432391416653,2.2760367223790503,-1.4240413907107072,1.4454354009661798,1.8012524491467297,1.828055215155344,3.4976214351853057,1.5215674155091445,1.6070743870786146,2.198511705471832,3.020524017142162,1.2013631908435363,1.2616192664924875,-1.2318313162703027,2.844693387708564,-3.1179321135868205,1.8723925086396052,-2.1021473678270044,-0.4538007507189735,1.8676623433305217,1.4452750196147943,0.668291190865763,-0.5585062718666314,-0.4262778380406969,0.6641384837923758,-2.1298382458421736,0.07531518244912166,0.35152985030935835,-1.2458712554107325,0.75522816667769,-1.7775147563712352,2.684751276749273,-1.1061806849510813,0.4031441296240579,0.8104329793749955,2.6501339257493908,2.4362825295562223,-1.8049056057408728,-2.6582163082815042,-0.4698761029227577,-0.936857904288146
-0.8216867055907328,0.8753150623055787,-0.22058340236513158,-0.007017435369819613,1.1300394564753724,-0.7434457455584719,0.9423390953265484,0.8023752816820546,0.9689621604566818,2.1166263989420973,1.0691724039356458,0.8271251155404229,1.185182704337376,1.6751135127216876,0.9249579049781135,1.134917329526122,-0.9134520683062701,1.746861793746485,-1.6191400751673641,1.2467183200692098,-1.526521283997436,-0.28465712234492363,0.9648309729296091,0.668291190865763,0.3668185130323761,-0.23293301230883903,-0.12527834290523576,0.4977089429048503,-1.2940106854575617,0.372714620043656,-0.12483937968604503,-0.9106975862583125,0.3840454087514829,-1.1283726164142809,1.1325887527782008,-0.6851813670653139,0.40887611163756615,0.55054132111238,1.663000026665079,1.5609577618636314,-1.106719896849542,-1.809363454046136,-0.09075184703918548,-0.5004577534417621
0.6545459551641094,-0.32923911306555487,0.12274501128798702,0.13641866814584125,-0.8343479394219168,0.5089580977079486,-0.4072142722914072,-0.7167109275236352,-0.6363809167519504,-1.0848303331040756,-0.3856593310000445,-0.5799309052815326,-0.7689851682857685,-1.0116267748578618,-0.25687018816143303,-0.17790263413018292,0.30177138094900813,-0.8664990682836193,1.1079507543284328,-0.5127808515547043,0.5085413231582995,0.14190604393339254,-0.6757523923177643,-0.5585062718666314,-0.23293301230883903,0.24111174069754573,0.2055696180968375,-0.15291511648978962,0.6615818605391116,0.1555283932576886,-0.30305005912776223,0.30055647597696655,-0.27581074129881294,0.5189490397871361,-1.1186329120200058,0.3486743892668158,-0.04168314531151054,-0.2185314797133763,-0.7968665016506316,-0.7054032547963877,0.556706217976825,0.7079132369501138,0.252424771839301,0.3331129404946052
0.4637549559658603,0.02969729818921268,0.0469267692602159,0.18344397936666396,-0.5569999463561103,0.2966695897197744,-0.05149052575131485,-0.5697207238413456,-0.36388581270890274,-0.3504742191645644,0.05157575121299204,-0.3610003039704819,-0.42073272758954816,-0.5048038052972557,0.15074473635201668,0.38356307816458823,-0.09039346766096076,-0.2514802216094475,0.6720342402914858,-0.023374895573018015,-0.1391175627418983,0.036860344874556146,-0.42207891691769767,-0.4262778380406969,-0.12527834290523576,0.2055696180968375,0.22301332364500365,0.06228039883558941,0.2107220718443591,0.4368493326149323,-0.5035311852211733,-0.08599946188466265,-0.17343664395505282,0.10135878855989851,-0.9551559526541807,0.10310558264873528,0.1720749059928065,-1.9826217479120773e-4,-0.19122983451533804,-0.1245909107321005,0.1653096157969364,-0.005525074074541993,0.3113929362565567,0.19073625121068177
-0.9157012739291496,1.7227194155887693,-0.37777716032066944,0.2547670558572286,1.408717313587311,-1.0765026191477927,1.7195147779978583,0.7573211008446393,1.364636595531597,3.5778099257373754,2.1204120904149737,1.0666471776194009,1.7060874254664748,2.504007125611131,1.966291055607108,2.7109323597665385,-1.8259854002700817,2.9821652401445498,-2.1693504383734568,2.4083871256556653,-3.135585274795647,-0.49813999583182134,1.2181559632942396,0.6641384837923758,0.4977089429048503,-0.15291511648978962,0.06228039883558941,1.0317136182397644,-2.1669120767248033,1.328067736076806,-0.9793519680856665,-1.8455741083219435,0.5083007576959123,-2.0523487086648347,0.7788139191845124,-1.140517093632014,0.974347168817788,1.0477594050930714,2.9042551011596256,2.8237530197099803,-1.8920861283649535,-3.4334142992788763,0.2687372733158099,-0.6724669783003325
2.741062562004305,-3.736291352125116,0.8992276832642505,-0.2705141041558333,-3.9647592406599506,2.82084878798217,-3.8602011628811006,-2.55542836359389,-3.565646861328134,-8.402891191793856,-4.5736576726849325,-2.912278016763349,-4.402286173442603,-6.291019692426197,-4.082243006884813,-5.347381514935593,3.875197328454644,-6.9441772631146454,5.81729796597258,-5.317134896219579,6.6640960575051595,1.149314448446577,-3.3414990984400283,-2.1298382458421736,-1.2940106854575617,0.6615818605391116,0.2107220718443591,-2.1669120767248033,5.093565169974721,-2.2285103188741293,1.3525121841659216,3.9218589757655438,-1.387366490334113,4.6597020806014795,-3.2211687685479906,2.669912387516148,-1.8749940311178865,-2.303396694346799,-6.682352010651482,-6.394134540421188,4.412561727660764,7.537383026360332,-0.09917018282030936,1.779355817385856
-0.32750622819151326,2.108829445695958,-0.3862778534224212,0.6056394377544142,0.7694265425382466,-0.8332017460871088,1.956257926815432,-0.028127589041280387,1.0331174226680635,3.6971753314486464,2.6125921837831894,0.6688936128902598,1.3581610059901168,2.1488431957967125,2.5816319359640607,3.8635216901573832,-2.305973154244497,3.133496286897305,-1.4785681344748516,2.8621663499089887,-3.97834946265955,-0.5400291981359532,0.7367879089669049,0.07531518244912166,0.372714620043656,0.1555283932576886,0.4368493326149323,1.328067736076806,-2.2285103188741293,2.3081703723552187,-2.016326500536638,-2.3323112757785,0.32890814804967894,-2.298157559266811,-0.6723029225591246,-1.1825288538146794,1.423193054402669,1.2458470437771316,3.1441280440295443,3.1663075293375122,-1.989553405214964,-4.078739633755251,0.8390326201204824,-0.47880349813349715
-0.2043022320388341,-1.50488599285639,0.24092019373187587,-0.6015783366721978,-0.044047807232167495,0.3558228695591038,-1.312426203483945,0.5308884319584215,-0.40110879845416647,-2.273341804622793,-1.8754926845725683,-0.12677330296703637,-0.579098581744775,-1.0420233194254391,-1.9339029094702125,-3.0556255192055404,1.6600012947225224,-1.95182744307634,0.423314640013945,-2.017083222304853,2.9224966476741057,0.3462450331900525,-0.10038332338473764,0.35152985030935835,-0.12483937968604503,-0.30305005912776223,-0.5035311852211733,-0.9793519680856665,1.3525121841659216,-2.016326500536638,1.898363027287821,1.6971281997944974,-0.08023192347944094,1.5375201144295507,1.3856557844145938,0.7118472649807246,-1.118648859207768,-0.8670330231272583,-2.012724676307321,-2.106204194255521,1.2419646356963248,2.8318066314482917,-0.8768062023258868,0.14542312065928384
1.7020213255026528,-3.092103208877743,0.6824316753234475,-0.43735816804359834,-2.599079672082073,1.9675848634276702,-3.098825277227574,-1.4290507273222997,-2.496274732038838,-6.470956302683459,-3.8039995219414977,-1.9621003369203112,-3.1143262012720054,-4.562499442402304,-3.517140034244192,-4.824042918802349,3.2725401545590396,-5.390277876428547,3.9798809125152577,-4.327948885140364,5.617627617281464,0.8976085346507886,-2.240851624988036,-1.2458712554107325,-0.9106975862583125,0.30055647597696655,-0.08599946188466265,-1.8455741083219435,3.9218589757655438,-2.3323112757785,1.6971281997944974,3.309948125921176,-0.9333735281025085,3.6988753605560127,-1.519963680861237,2.0622447400994046,-1.730796221450572,-1.8847170780387146,-5.245465835121958,-5.0892841616992595,3.4189266210547054,6.173874364511876,-0.4435201151171766,1.2324437925970306
-0.9335516271801667,0.925236855444927,-0.25695501008937194,-0.028020561918554312,1.2970308179839938,-0.8859501959312102,0.9931402554940717,0.9497396640555329,1.0930478129629162,2.299660065242092,1.1203383727259253,0.9201778308882074,1.3369104604555557,1.846937190260223,0.9389071525047561,1.1378175468918301,-0.9127706825641955,1.873788293498896,-1.8194729044210742,1.3629788082016308,-1.6044250727414153,-0.3097985874720343,1.052100064256742,0.75522816667769,0.3840454087514829,-0.27581074129881294,-0.17343664395505282,0.5083007576959123,-1.387366490334113,0.32890814804967894,-0.08023192347944094,-0.9333735281025085,0.44633239588041185,-1.2322790482697532,1.3027950436881683,-0.7190973979959288,0.3663831105986471,0.5769015677788095,1.7774003352945076,1.6738986728090017,-1.1973523574826666,-1.8779188458836016,-0.13798609502698625,-0.5434103816632366
2.3454499312506405,-3.5227702424283436,0.8407868743518456,-0.3469453826944807,-3.474200734048258,2.5661448126150814,-3.5817558617870087,-2.142751597708504,-3.185249696017591,-7.725908987156312,-4.312380533581459,-2.54684119578606,-3.952865202930722,-5.659179309322769,-3.8821759317430935,-5.194565819622505,3.633340293659627,-6.379026433100669,5.142514710004928,-5.022792997533008,6.329685940476445,1.0667195015866788,-2.8994710447822802,-1.7775147563712352,-1.1283726164142809,0.5189490397871361,0.10135878855989851,-2.0523487086648347,4.6597020806014795,-2.298157559266811,1.5375201144295507,3.6988753605560127,-1.2322790482697532,4.351442731465205,-2.5213794697786707,2.433069824214039,-1.7971551917723634,-2.1535348364349076,-6.162238558051684,-5.9440150387842685,4.065268800102009,7.0320488545443505,-0.24659799843626856,1.5605768379427332
-3.1000095747918603,1.6178270250433429,-0.572226438463962,-0.6036643256446937,3.9917710268839186,-2.3794698512349233,2.0197354279194752,3.39184149556289,3.059646181135818,5.264798611983335,1.929550708010552,2.7857360019001054,3.6587953990020625,4.90281237686959,1.3372562127071632,0.9931098878349285,-1.520488167741774,4.235902725831963,-5.325344698491845,2.494953425429625,-2.538602091041497,-0.6713414646717243,3.258946028920285,2.684751276749273,1.1325887527782008,-1.1186329120200058,-0.9551559526541807,0.7788139191845124,-3.2211687685479906,-0.6723029225591246,1.3856557844145938,-1.519963680861237,1.3027950436881683,-2.5213794697786707,5.3070611207872185,-1.682851586269636,0.2682678455302679,1.0838485312559891,3.8805230529234764,3.4545804001513107,-2.6949139999885054,-3.548022858728921,-1.1802179813593232,-1.6009804068455575
1.4362551040625477,-1.9622620139601978,0.4682932495411882,-0.13181839271116771,-2.0514142968528777,1.457750627966593,-2.0212416399209596,-1.3191617411563386,-1.8496639229276592,-4.395651197207626,-2.397591746265062,-1.5185885743314356,-2.2983402907076975,-3.276075925612896,-2.1434108471651867,-2.8105900445021104,2.056292287453994,-3.6350092177878794,3.0236672547719885,-2.7732664428889566,3.493496970205835,0.6084968903866473,-1.7545506530210857,-1.1061806849510813,-0.6851813670653139,0.3486743892668158,0.10310558264873528,-1.140517093632014,2.669912387516148,-1.1825288538146794,0.7118472649807246,2.0622447400994046,-0.7190973979959288,2.433069824214039,-1.682851586269636,1.4163262494224924,-1.0070712580635837,-1.2088221209631338,-3.505678167344574,-3.3470738968050173,2.315114865503679,3.9558256536674015,-0.06022668987114352,0.9358524576031112
-0.611668334909657,1.5791183529934283,-0.3091878931500929,0.3107798171058195,0.9883801938317373,-0.7920791962599787,1.5433996755622064,0.39520414911459745,1.0474423463908498,3.072565782959796,1.9530298734875198,0.7969099498061117,1.3308474688857468,2.0223250856536787,1.8703194240231003,2.6541923765385076,-1.7382579724685108,2.592615055745823,-1.6319110833061008,2.146344803925552,-2.909532980867549,-0.43561409909180787,0.9240429557256199,0.4031441296240579,0.40887611163756615,-0.04168314531151054,0.1720749059928065,0.974347168817788,-1.8749940311178865,1.423193054402669,-1.118648859207768,-1.730796221450572,0.3663831105986471,-1.7971551917723634,0.2682678455302679,-1.0070712580635837,1.0040412885448482,0.9557363912196148,2.5537830597861046,2.50092307930632,-1.639590957104836,-3.1454607314742176,0.395205931153564,-0.5290890865657851
-1.0824581968036322,1.774173819437023,-0.4045018119519075,0.21113123305248224,1.6207384624900678,-1.2023129794192409,1.794573645216282,0.9500455997661893,1.5184627487668847,3.8032163891275186,2.1782725314918134,1.2085326395952234,1.8874403623206015,2.7381016028278578,1.9897554793469867,2.6918567403041487,-1.861341185830851,3.1574826752505123,-2.440177082964305,2.49998712233887,-3.2043052654424735,-0.5253775320163909,1.3811490828924453,0.8104329793749955,0.55054132111238,-0.2185314797133763,-1.9826217479120773e-4,1.0477594050930714,-2.303396694346799,1.2458470437771316,-0.8670330231272583,-1.8847170780387146,0.5769015677788095,-2.1535348364349076,1.0838485312559891,-1.2088221209631338,0.9557363912196148,1.0847836148100192,3.0610899075098343,2.957765076948534,-2.00536508081849,-3.5505023730826104,0.18683764374484596,-0.7505845213303344
-3.4557615586713637,4.983041112027696,-1.182702439637842,0.43341190267744023,5.046171107055852,-3.6475272524214915,5.106793576504878,3.167741040941681,4.593450940839836,11.032820962949936,6.101252330436439,3.7203369544182383,5.6897261815235884,8.15414963745024,5.483674818711911,7.26538121074545,-5.181261130207642,9.125734009947335,-7.458148726010013,7.072929327044479,-8.921942938542992,-1.5168411680860385,4.260987439512433,2.6501339257493908,1.663000026665079,-0.7968665016506316,-0.19122983451533804,2.9042551011596256,-6.682352010651482,3.1441280440295443,-2.012724676307321,-5.245465835121958,1.7774003352945076,-6.162238558051684,3.8805230529234764,-3.505678167344574,2.5537830597861046,3.0610899075098343,8.805667074706248,8.452517227333104,-5.802468370666274,-10.012013681896912,0.2617944171362123,-2.283983792363355
-3.2024232366653713,4.828740369344126,-1.1374262112483187,0.4794762638365278,4.73195761123321,-3.4646536455904804,4.9208693713008245,2.9070653096473005,4.346379125736111,10.575420589489473,5.918036923261619,3.4887880748045457,5.388825389629003,7.745737161751969,5.343263571624451,7.141137386903141,-5.015785076505062,8.749925886334704,-7.0262026209559645,6.855138896047848,-8.676461469654017,-1.456616617492778,3.9857662728979912,2.4362825295562223,1.5609577618636314,-0.7054032547963877,-0.1245909107321005,2.8237530197099803,-6.394134540421188,3.1663075293375122,-2.106204194255521,-5.0892841616992595,1.6738986728090017,-5.9440150387842685,3.4545804001513107,-3.3470738968050173,2.50092307930632,2.957765076948534,8.452517227333104,8.143744707943796,-5.56560302266981,-9.67316164504306,0.34513999703994375,-2.144986221800157
2.345389658163831,-3.2649078785070653,0.7890433032971035,-0.25062213763835434,-3.405101314015924,2.4553933292198766,-3.352658253371843,-2.1762424758882974,-3.07439527208876,-7.2973165378178555,-3.9920983456828614,-2.4956523998549236,-3.8091067025424095,-5.429118958100734,-3.5649956031389,-4.699834382249068,3.3756369109443054,-6.022015406994129,5.002918137802813,-4.653145740057692,5.830827163831751,1.0053405714902304,-2.8592855432564903,-1.8049056057408728,-1.106719896849542,0.556706217976825,0.1653096157969364,-1.8920861283649535,4.412561727660764,-1.989553405214964,1.2419646356963248,3.4189266210547054,-1.1973523574826666,4.065268800102009,-2.6949139999885054,2.315114865503679,-1.639590957104836,-2.00536508081849,-5.802468370666274,-5.56560302266981,3.8371198434288813,6.553888584473984,-0.1216789515187643,1.526079967769693
3.531893355776216,-5.799587589841116,1.3128806296049498,-0.6967621873486518,-5.2912483609136265,3.898987596163441,-5.878150474950548,-3.094777534815044,-4.960264700636236,-12.43287647850543,-7.129946549588087,-3.9544860196210614,-6.155403094340994,-8.957739033539777,-6.522938828558144,-8.816912951949769,6.103558182805015,-10.334207338644443,7.977255571187708,-8.158743763164772,10.478458727485167,1.7121839829011343,-4.528314829823338,-2.6582163082815042,-1.809363454046136,0.7079132369501138,-0.005525074074541993,-3.4334142992788763,7.537383026360332,-4.078739633755251,2.8318066314482917,6.173874364511876,-1.8779188458836016,7.0320488545443505,-3.548022858728921,3.9558256536674015,-3.1454607314742176,-3.5505023730826104,-10.012013681896912,-9.67316164504306,6.553888584473984,11.63606485408502,-0.6119669657475311,2.4579285455232958
0.46651234626662436,0.35629688677937854,-0.01395719834531107,0.295920447359344,-0.49784797766264643,0.18214547999741024,0.2345689119507017,-0.6331746749725528,-0.2442756622830246,0.17685514234069705,0.4540596096546573,-0.30446150132274175,-0.2519942291314765,-0.2373626038449782,0.5535509734186069,1.0135442344224044,-0.4388247553319805,0.19208155276653527,0.5224713976015718,0.42529495125534117,-0.7647512423281885,-0.04482567522576273,-0.3684328053336174,-0.4698761029227577,-0.09075184703918548,0.252424771839301,0.3113929362565567,0.2687372733158099,-0.09917018282030936,0.8390326201204824,-0.8768062023258868,-0.4435201151171766,-0.13798609502698625,-0.24659799843626856,-1.1802179813593232,-0.06022668987114352,0.395205931153564,0.18683764374484596,0.2617944171362123,0.34513999703994375,-0.1216789515187643,-0.6119669657475311,0.4770171722680038,0.14454718060153737
1.1550407025422593,-1.1962039411514582,0.3123228930547786,0.02017313903528995,-1.59254971629943,1.0623265700749853,-1.2868286166833296,-1.1443503096183898,-1.3567565935627874,-2.923368892443732,-1.457050092740107,-1.1531777984276252,-1.660039550687685,-2.32610049766465,-1.2465725990060532,-1.521722761025652,1.2256674374294048,-2.4018413939277843,2.2642144023672346,-1.7235924383628605,2.081798864661284,0.3937687946459592,-1.335800361980797,-0.936857904288146,-0.5004577534417621,0.3331129404946052,0.19073625121068177,-0.6724669783003325,1.779355817385856,-0.47880349813349715,0.14542312065928384,1.2324437925970306,-0.5434103816632366,1.5605768379427332,-1.6009804068455575,0.9358524576031112,-0.5290890865657851,-0.7505845213303344,-2.283983792363355,-2.144986221800157,1.526079967769693,2.4579285455232958,0.14454718060153737,0.692309944461575
