V1,V2,V3,V4,V5,V6,V7,V8,V9,V10,V11,V12,V13,V14,V15,V16,V17,V18,V19,V20,V21,V22,V23,V24,V25,V26,V27,V28,V29,V30,V31,V32,V33,V34,V35,V36,V37,V38,V39,V40,V41,V42,V43,V44
6.347884901019872,1.320205901075375,-3.5056403729836147,2.890085875838586,1.0945695661766963,3.5135473339086025,3.2433865416137664,-0.2069307466400498,0.8117505683143066,0.7994968948057274,0.6995871987056391,4.112905288356766,-3.5516452619595063,-4.649217677489073,1.4482551999348192,-0.4879197540405459,-1.138816333797407,-3.9022519958611017,0.1516979525357561,0.6173244360766756,-0.9653778575602849,-0.07625187616456865,2.7218108128832945,-0.8039755331357286,-2.550854687752193,0.6965476950607182,-1.6227755939064854,-1.3556062869512795,1.4282191801807989,0.7266456048182443,3.3122943665540796,-1.729879465740191,-3.6407617167613893,-3.1175664554594897,-2.757024994355375,-1.954432617723757,-4.924554886220419,-0.6193400254498002,-1.621092361545408,-0.46623590841158885,-0.9932244752521503,3.6451441410452894,0.7960758721685859,-1.705030788559278
1.320205901075375,0.3424592471943122,-0.8882985983590753,0.5098219856843809,0.3401774584639123,0.8521722991828035,0.2157699276140287,-0.0012386399522573224,-0.08944784922743593,-0.022518898198453922,0.0024182660316879015,1.1580373769983083,-0.6852864696691144,-0.621504104287139,0.2597344454083626,0.27404960354741853,-0.055405287588974624,-0.8310887383282283,-0.3877440688722202,-0.3505467093040928,0.0661810530197172,-0.20079193058190797,0.5995977710106556,-0.03346258416113428,-0.4161018218978061,0.34565903924703584,-0.3246976195607916,-0.06840450965110632,0.09147000575761546,0.2621269568368626,0.6883272835509648,-0.3931259392694829,-0.23397718980296237,-0.8899286235580447,-0.3799386791487853,-0.5798224919877725,-1.1368896806007092,-0.18846507891266706,-0.7708918699548145,-0.009609036634953445,-0.21250943112554202,1.0091346324104506,0.43738284109397113,-0.06781726375562863
-3.5056403729836147,-0.8882985983590753,2.3220295978236116,-1.3788749451080948,-0.8742683986979887,-2.2319807601311195,-0.7087323762566456,0.010983676936073897,0.17801952421944395,0.015229457443955343,-0.042221690682930926,-2.9950753656402513,1.8215553680789478,1.7456999254400076,-0.6970518704026171,-0.6253325461144744,0.1922454389237872,2.20171910208431,0.9122752297721303,0.8013579582578799,-0.1079121289544579,0.4786064537555429,-1.5810816138697679,0.12630842938779901,1.137036813888802,-0.8613681441818897,0.869908115596411,0.24395271463746948,-0.2984214832256315,-0.6681855155095136,-1.8265466436817277,1.0285050417522823,0.7619177787179204,2.306300719445688,1.0628599621405799,1.4989571356146811,2.992483673814647,0.48143228692131584,1.9270388293162926,0.0437110115159528,0.5626022222285981,-2.60872481536535,-1.0911070854580753,0.2550789609819498
2.890085875838586,0.5098219856843809,-1.3788749451080948,1.441801003753445,0.3433522380475775,1.4337665574062959,2.106204283158948,-0.1520837210739186,0.7272230764962478,0.6259314071885685,0.5145128363296411,1.456131751452798,-1.6919206345173086,-2.5954568431735394,0.7163253927400202,-0.7411051789119759,-0.7711001748246455,-1.7521038230582415,0.6455117822312572,0.9377252579479269,-0.8096937585753696,0.2171788569036452,1.1928198965995558,-0.5502086415112786,-1.3190662765171701,0.041756738375013806,-0.7568238710231124,-0.9107906715300873,0.9325388573139499,0.17631086114192177,1.5093399301716754,-0.7423433309739236,-2.3786420470220113,-1.0863633990626187,-1.5230922972285525,-0.6508552613498114,-2.087451021339746,-0.19963960261204788,-0.14046909558385345,-0.33190683041028796,-0.44715804476244264,1.3142904876536587,-0.0087252544465677,-1.1740123610259936
1.0945695661766963,0.3401774584639123,-0.8742683986979887,0.3433522380475775,0.3810400324199362,0.8116614262990054,-0.21828841860371215,0.03733572092498006,-0.30489936321405275,-0.18870959069356325,-0.12239074384989594,1.223911700587149,-0.5188492219445968,-0.20761574127186816,0.1781470713039414,0.5583764038301948,0.11721430735390027,-0.7025049245781217,-0.6867709803406825,-0.7079279194468835,0.2924503541043664,-0.32414674471730703,0.5258831647196248,0.0908221994683662,-0.2433235843099244,0.461270604117259,-0.2588482836612013,0.12882622556095516,-0.10409077027518118,0.31808490141389495,0.5682654461490054,-0.352416488560853,0.26636493840857384,-0.9517924811977891,-0.14293162493772169,-0.6329429475973974,-1.0405920865635512,-0.20767729120621586,-1.0203258933044443,0.06880006404170276,-0.17590515879615695,1.0554133131974728,0.596387695337721,0.2003104570756146
3.5135473339086025,0.8521722991828035,-2.2319807601311195,1.4337665574062959,0.8116614262990054,2.1670600285617776,0.962613746961675,-0.03564770446920146,-0.02858375114273151,0.0927121543975401,0.12600684014948477,2.829101864642361,-1.8641358898278293,-1.9400654096855208,0.7242962767366625,0.41731423084538666,-0.29497549090956426,-2.1940980358331226,-0.6800214770594573,-0.5331908065566185,-0.04334267189844685,-0.37638951426013606,1.567369337575205,-0.19958397651922016,-1.2019940487872454,0.7517366692082681,-0.8769636360692722,-0.362330425708624,0.41451514819776353,0.6080856617996931,1.8307745353877596,-1.0144416908344989,-1.0566985520154073,-2.1706743722334894,-1.1708814315990839,-1.3996241645251037,-2.9317807821435484,-0.44991203157919174,-1.691033008747076,-0.09644900717940502,-0.5570373220743087,2.475512766840814,0.9351292574004149,-0.4152006030022715
3.2433865416137664,0.2157699276140287,-0.7087323762566456,2.106204283158948,-0.21828841860371215,0.962613746961675,4.838098717745422,-0.39748466249957787,2.210810744583678,1.7292281280805635,1.3381309511141903,0.008814270913403139,-2.17387193573537,-4.799965490333266,1.0231915133082554,-2.869112452073105,-1.8561283895666698,-1.876100099603159,2.9826503126332335,3.624677482120005,-2.3575755383647587,1.2290518144984943,1.1547869844348502,-1.347375097540539,-2.104685539928885,-1.0343852252279138,-0.9219655607736275,-2.1752278955102895,2.1542484860513484,-0.4133199764668128,1.701845166164896,-0.6555220592292119,-5.499290831225235,0.07785140453078643,-2.7672791563613957,0.19370532976323654,-1.7458953486093296,0.09829437879791773,2.1936356365710603,-0.8366378000036645,-0.494737416587875,0.11819562433380086,-1.4499805204565144,-2.8837042244734956
-0.2069307466400498,-0.0012386399522573224,0.010983676936073897,-0.1520837210739186,0.03733572092498006,-0.03564770446920146,-0.39748466249957787,0.03637426396327739,-0.19832769770372746,-0.15286747609694454,-0.11485754949693618,0.05992965531707563,0.15261373854282914,0.377458903189477,-0.07542513690044861,0.259377087920824,0.15742639833925665,0.11617594145431817,-0.274027180803949,-0.3303178498819997,0.2061446364521074,-0.11390351523319711,-0.06777948108588971,0.11458566075965193,0.15883045052524558,0.1070302009577714,0.058921362043134355,0.1803543514944263,-0.18033204975558847,0.0512107007788362,-0.11044746249337362,0.03854856215450035,0.45960096370114367,-0.05766420877437718,0.21706083697613335,-0.0483978701271651,0.08815963133271892,-0.016435427332003635,-0.229383804892996,0.0732980857890984,0.0324261812934938,0.04253829920211714,0.14702287643425332,0.24544893277792443
0.8117505683143066,-0.08944784922743593,0.17801952421944395,0.7272230764962478,-0.30489936321405275,-0.02858375114273151,2.210810744583678,-0.19832769770372746,1.1418467552286882,0.8646909061608926,0.6521288461432276,-0.6684643227911727,-0.6751325794760995,-1.9728674502580752,0.35194058069664585,-1.553592155741482,-0.8765784336526686,-0.4311634440717086,1.6694140962385495,1.9661950209181498,-1.1910760755300658,0.7064424575093886,0.21657842557535056,-0.6356660325835889,-0.7819341881455645,-0.7010215754726973,-0.2534806306682012,-1.0119401405550883,0.9954457345786848,-0.35752521294160355,0.4315697565543522,-0.10059924932437696,-2.541507475268379,0.5655386136446,-1.1248914364851819,0.4376039234347503,-0.1850755890036061,0.1525154188266387,1.5123523359897886,-0.4090726383584999,-0.12008232639562794,-0.5238467670733133,-0.960643686367136,-1.3687646417248835
0.7994968948057274,-0.022518898198453922,0.015229457443955343,0.6259314071885685,-0.18870959069356325,0.0927121543975401,1.7292281280805635,-0.15286747609694454,0.8646909061608926,0.6633497008434482,0.4993996870599617,-0.3573339612983959,-0.6050966023779852,-1.6037665149142568,0.3039090661428247,-1.1593697917753363,-0.6818668392408707,-0.44452225128657724,1.2318343888521293,1.4641700212825182,-0.9069057597836561,0.5148013738445186,0.2460568205692429,-0.49573599018177367,-0.6587958683293442,-0.49372182958896094,-0.2382788060445864,-0.7879817302408656,0.7781341990679544,-0.24221715758807566,0.4249223677083083,-0.12947036226751174,-1.9867816503972484,0.3147343731054954,-0.9183931567084178,0.25647865092022937,-0.2954764505289921,0.09234785575654252,1.063465748909612,-0.31446272674244236,-0.1252082275545689,-0.2690411909840101,-0.6753789574859863,-1.0644779381710245
0.6995871987056391,0.0024182660316879015,-0.042221690682930926,0.5145128363296411,-0.12239074384989594,0.12600684014948477,1.3381309511141903,-0.11485754949693618,0.6521288461432276,0.4993996870599617,0.38607881435280955,-0.19914464233790102,-0.5135675057397007,-1.258509779702955,0.2507761202384228,-0.8635283907431038,-0.5203444186220455,-0.39026479297405203,0.9166746977106641,1.0973054408805631,-0.6854600062719449,0.3856280408808312,0.22885326544009388,-0.37629147911125294,-0.5272756507023358,-0.3534796685699829,-0.2047944608882394,-0.6065281958388735,0.5994612284737387,-0.16159605447073083,0.3674250186533928,-0.12270286369657418,-1.528804724760031,0.1812085434178615,-0.7208251609900425,0.16097505080458935,-0.29860202319874757,0.059044343040847436,0.7541765861050791,-0.2416400015282368,-0.09951242324705009,-0.13688930107918035,-0.49678238493778815,-0.809074080026958
4.112905288356766,1.1580373769983083,-2.9950753656402513,1.456131751452798,1.223911700587149,2.829101864642361,0.008814270913403139,0.05992965531707563,-0.6684643227911727,-0.3573339612983959,-0.19914464233790102,4.054305189102314,-2.050338885552156,-1.4171283199583877,0.7483571784864589,1.4136228897021952,0.10517198616104119,-2.608962977641472,-1.8189925145197663,-1.7861354477228573,0.6100625433835397,-0.8849912307694803,1.918316437656926,0.09362478297352235,-1.127776417524459,1.3671109684086944,-0.9930415781780318,0.09806626556083721,-0.015015428338395044,0.9881150810164858,2.1414238574949196,-1.2677954740712336,0.043793360189238954,-3.1315431074092754,-0.8939250496064893,-2.063176034065805,-3.7069815829707555,-0.6739577012192011,-3.0419221666041816,0.09985871768447474,-0.6571767596167823,3.5125841267191196,1.751681023266025,0.22255097867980866
-3.5516452619595063,-0.6852864696691144,1.8215553680789478,-1.6919206345173086,-0.5188492219445968,-1.8641358898278293,-2.17387193573537,0.15261373854282914,-0.6751325794760995,-0.6050966023779852,-0.5135675057397007,-2.050338885552156,2.0495060849633853,2.8747646198370425,-0.8489597772122521,0.5750429972768512,0.7871744859747282,2.164759628408515,-0.4210753320173488,-0.7342518862773069,0.7610711264982568,-0.10471474100350688,-1.4982933937488636,0.5535581915629042,1.515793040597185,-0.23026067102692857,0.9141267477854335,0.9262929059130707,-0.9648649798435018,-0.31717224775092684,-1.8531230451807983,0.9468437528706227,2.459644735297688,1.5375822790886289,1.693778423654052,0.9424185266300914,2.656470255061097,0.3004513454505245,0.5623783662871574,0.3387290464107586,0.5451364458445374,-1.8399250404173388,-0.21513003385418375,1.1848308992274907
-4.649217677489073,-0.621504104287139,1.7456999254400076,-2.5954568431735394,-0.20761574127186816,-1.9400654096855208,-4.799965490333266,0.377458903189477,-1.9728674502580752,-1.6037665149142568,-1.258509779702955,-1.4171283199583877,2.8747646198370425,5.269738348146585,-1.277108683427378,2.3640137495722735,1.8144346000800373,2.7758061487703216,-2.3279034366609967,-2.9773653391246726,2.13730622211047,-0.9050537887403337,-1.8141560763180924,1.3093911708773907,2.4851066323770703,0.5513277445187253,1.2580664428087618,2.1247010731469684,-2.1355279001538943,0.07500571712068332,-2.437934204122374,1.0969584733044335,5.4527830211780115,1.0042727964748264,3.064293974234839,0.5221456985008395,3.020625817272349,0.13774549875761707,-1.127575661341527,0.7988625684109535,0.7302912917125253,-1.3378515535935065,0.8252625765808667,2.7977272607187023
1.4482551999348192,0.2597344454083626,-0.6970518704026171,0.7163253927400202,0.1781470713039414,0.7242962767366625,1.0231915133082554,-0.07542513690044861,0.35194058069664585,0.3039090661428247,0.2507761202384228,0.7483571784864589,-0.8489597772122521,-1.277108683427378,0.3586353837772185,-0.3464976902587668,-0.37552536759270594,-0.878056482729179,0.29625781819924296,0.44250517407565926,-0.3894495745148486,0.09716085693220013,0.6010520447377597,-0.2674390526188652,-0.6539517297755956,0.03346223556594481,-0.37620968423835854,-0.44104632231143726,0.4551987657275791,0.09495882944920728,0.7569380927115955,-0.37672286905467994,-1.1598107002501077,-0.5557170040796507,-0.7500922048911718,-0.33499944603923426,-1.0516339090053008,-0.10549387488989795,-0.09851123517860354,-0.16324269185726484,-0.2231798868356489,0.6755693473711569,0.0098979364246048,-0.5705552627933926
-0.4879197540405459,0.27404960354741853,-0.6253325461144744,-0.7411051789119759,0.5583764038301948,0.41731423084538666,-2.869112452073105,0.259377087920824,-1.553592155741482,-1.1593697917753363,-0.8635283907431038,1.4136228897021952,0.5750429972768512,2.3640137495722735,-0.3464976902587668,2.2044712249662126,1.1450901342502504,0.20582979635732754,-2.40892278021534,-2.778896254110252,1.6198162928607402,-1.0353529799678567,-0.014919590565264087,0.8365531611587811,0.8586501044441077,1.0933325405425849,0.19903139401626158,1.3269250664987722,-1.2868804786226966,0.5965853565809596,-0.26446485664327324,-0.051073476328068704,3.289050899138292,-1.1454593214864692,1.336273363339297,-0.8376836413018164,-0.259555062736242,-0.293459976895495,-2.3735883631938535,0.5333844656429754,0.07133318143789537,1.1599705270867298,1.470076902255682,1.799669309778775
-1.138816333797407,-0.055405287588974624,0.1922454389237872,-0.7711001748246455,0.11721430735390027,-0.29497549090956426,-1.8561283895666698,0.15742639833925665,-0.8765784336526686,-0.6818668392408707,-0.5203444186220455,0.10517198616104119,0.7871744859747282,1.8144346000800373,-0.37552536759270594,1.1450901342502504,0.7226008197420097,0.6553268256297745,-1.1949465499144791,-1.4426381892964208,0.9289871377312239,-0.4918698712627534,-0.39397057426180065,0.5227714540131007,0.7814568048330819,0.43389663070914697,0.32615342802616426,0.8381795079400441,-0.8305246868200076,0.18975388620642805,-0.6002030497378312,0.22298528640608845,2.1222572226943526,-0.11846546251662578,1.044100339231735,-0.13172621543695268,0.5724840266749454,-0.054153440048055106,-0.9281967319757112,0.3272353360024418,0.17807881134955877,0.04774959525886357,0.6024457382045337,1.122559240482151
-3.9022519958611017,-0.8310887383282283,2.20171910208431,-1.7521038230582415,-0.7025049245781217,-2.1940980358331226,-1.876100099603159,0.11617594145431817,-0.4311634440717086,-0.44452225128657724,-0.39026479297405203,-2.608962977641472,2.164759628408515,2.7758061487703216,-0.878056482729179,0.20582979635732754,0.6553268256297745,2.408512764610286,0.015538082362562024,-0.25253935283965584,0.5262377373370242,0.09756883084998005,-1.6815882460869873,0.4621838669312235,1.5408751972241683,-0.4804030046911813,0.9955894546146655,0.7791945108940973,-0.824763978331892,-0.47240547008563943,-2.0377552124473626,1.0716077838169347,2.1045385608878804,1.981144275454083,1.648675121500646,1.2491789237359805,3.059115062247807,0.39532394522740444,1.1055381413368164,0.2616814449045088,0.6187537664952943,-2.30529100589595,-0.5664067827547862,0.9785538399836431
0.1516979525357561,-0.3877440688722202,0.9122752297721303,0.6455117822312572,-0.6867709803406825,-0.6800214770594573,2.9826503126332335,-0.274027180803949,1.6694140962385495,1.2318343888521293,0.9166746977106641,-1.8189925145197663,-0.4210753320173488,-2.3279034366609967,0.29625781819924296,-2.40892278021534,-1.1949465499144791,0.015538082362562024,2.6615372918712,3.045159574769725,-1.7317623406667455,1.1567881486021603,-0.14958449823631975,-0.8756159890397103,-0.7936456742283011,-1.2552760031161911,-0.1207627733982956,-1.3872013288207254,1.3386855419575963,-0.7014668059420955,0.0884934453493367,0.16427380315766432,-3.4188493351088347,1.4603507699322833,-1.3079786953903008,1.0492449551998373,0.5909475732023908,0.3631191485300535,2.726103706157698,-0.5628858647681347,-0.010825629747748717,-1.5079722222826537,-1.6841631758507394,-1.883649798113309
0.6173244360766756,-0.3505467093040928,0.8013579582578799,0.9377252579479269,-0.7079279194468835,-0.5331908065566185,3.624677482120005,-0.3303178498819997,1.9661950209181498,1.4641700212825182,1.0973054408805631,-1.7861354477228573,-0.7342518862773069,-2.9773653391246726,0.44250517407565926,-2.778896254110252,-1.4426381892964208,-0.25253935283965584,3.045159574769725,3.5224790799509584,-2.0418500205448944,1.31508117337035,0.021725863462087987,-1.0558630260931745,-1.0846573753428355,-1.3842687336850763,-0.2474112204064944,-1.6744569993274356,1.6288442034075306,-0.7497371735594383,0.33412749742872144,0.06204769747609145,-4.1563017703977385,1.4529263285907876,-1.6838071432276591,1.0618443384911205,0.3309280405513293,0.3679319886587387,2.995640660502653,-0.6784754270630614,-0.07937125377785305,-1.4632293972004706,-1.8693227180653007,-2.2679936985852582
-0.9653778575602849,0.0661810530197172,-0.1079121289544579,-0.8096937585753696,0.2924503541043664,-0.04334267189844685,-2.3575755383647587,0.2061446364521074,-1.1910760755300658,-0.9069057597836561,-0.6854600062719449,0.6100625433835397,0.7610711264982568,2.13730622211047,-0.3894495745148486,1.6198162928607402,0.9289871377312239,0.5262377373370242,-1.7317623406667455,-2.0418500205448944,1.251442201027222,-0.7293718358981774,-0.27607021527237285,0.6738779291625553,0.8595738060567052,0.7109748190524573,0.29839641874389017,1.0767269113912248,-1.0566636428513143,0.3553492698892878,-0.5109301156588488,0.13393782146103023,2.700156160449282,-0.5173016245264913,1.220140559864614,-0.41062797368238874,0.2915637483894894,-0.1482918113859107,-1.5339571341216172,0.42809450077987776,0.14697988016316374,0.47187504508427186,0.9733458580334006,1.4500404711437105
-0.07625187616456865,-0.20079193058190797,0.4786064537555429,0.2171788569036452,-0.32414674471730703,-0.37638951426013606,1.2290518144984943,-0.11390351523319711,0.7064424575093886,0.5148013738445186,0.3856280408808312,-0.8849912307694803,-0.10471474100350688,-0.9050537887403337,0.09716085693220013,-1.0353529799678567,-0.4918698712627534,0.09756883084998005,1.1567881486021603,1.31508117337035,-0.7293718358981774,0.5099247292123907,-0.12582057163049246,-0.3616192077818799,-0.28713796287771826,-0.5629085617794437,-0.01667749710310679,-0.5738018493769641,0.5507649486408799,-0.3185468397793444,-0.037341051975054766,0.11189805251923186,-1.4050139908925816,0.7053867878284811,-0.5048986491143439,0.501196970656976,0.3683758478849195,0.17237652691062405,1.2206366890906712,-0.2343766164997758,0.023331600485926314,-0.738030643324694,-0.756132679787322,-0.7772111255222328
2.7218108128832945,0.5995977710106556,-1.5810816138697679,1.1928198965995558,0.5258831647196248,1.567369337575205,1.1547869844348502,-0.06777948108588971,0.21657842557535056,0.2460568205692429,0.22885326544009388,1.918316437656926,-1.4982933937488636,-1.8141560763180924,0.6010520447377597,-0.014919590565264087,-0.39397057426180065,-1.6815882460869873,-0.14958449823631975,0.021725863462087987,-0.27607021527237285,-0.12582057163049246,1.185564996245452,-0.27561958962860755,-1.0349072477564303,0.401131168149023,-0.688172637559582,-0.47127255956597064,0.507701065105841,0.36960881944966106,1.4201325477763946,-0.7592054815585856,-1.2925623901423917,-1.4584578572782172,-1.081294345025864,-0.9249179760687174,-2.167541594171412,-0.29643349174640626,-0.9188437962291096,-0.15644380156851373,-0.42583599570434116,1.6927453582607765,0.4767606303339236,-0.5821556135710148
-0.8039755331357286,-0.03346258416113428,0.12630842938779901,-0.5502086415112786,0.0908221994683662,-0.19958397651922016,-1.347375097540539,0.11458566075965193,-0.6356660325835889,-0.49573599018177367,-0.37629147911125294,0.09362478297352235,0.5535581915629042,1.3093911708773907,-0.2674390526188652,0.8365531611587811,0.5227714540131007,0.4621838669312235,-0.8756159890397103,-1.0558630260931745,0.6738779291625553,-0.3616192077818799,-0.27561958962860755,0.3819658646431458,0.5629010411240132,0.3230709649746457,0.23119122462748048,0.6086849775409886,-0.6029570004165301,0.14343134592806361,-0.42518616534927006,0.15442977456133855,1.539012237704535,-0.09953238903730147,0.7540687780483702,-0.10218591617531869,0.39827725882026643,-0.04240437665622645,-0.6908526247613281,0.2361256976843918,0.12802163426277838,0.053064390069089085,0.442058604798788,0.8155963323045602
-2.550854687752193,-0.4161018218978061,1.137036813888802,-1.3190662765171701,-0.2433235843099244,-1.2019940487872454,-2.104685539928885,0.15883045052524558,-0.7819341881455645,-0.6587958683293442,-0.5272756507023358,-1.127776417524459,1.515793040597185,2.4851066323770703,-0.6539517297755956,0.8586501044441077,0.7814568048330819,1.5408751972241683,-0.7936456742283011,-1.0846573753428355,0.8595738060567052,-0.28713796287771826,-1.0349072477564303,0.5629010411240132,1.2306330273162385,0.07213274482497098,0.6740620168957322,0.9185945233538924,-0.9351219355324248,-0.09054651059546132,-1.3362307832437443,0.639717970658307,2.385246626831787,0.8299317581840134,1.4545058183545512,0.4864914866719876,1.786409902923764,0.14542993499496745,-0.11527992484946094,0.3384400527543289,0.40117330182646577,-1.0247473766139008,0.14417620579745802,1.1982908495196622
0.6965476950607182,0.34565903924703584,-0.8613681441818897,0.041756738375013806,0.461270604117259,0.7517366692082681,-1.0343852252279138,0.1070302009577714,-0.7010215754726973,-0.49372182958896094,-0.3534796685699829,1.3671109684086944,-0.23026067102692857,0.5513277445187253,0.03346223556594481,1.0933325405425849,0.43389663070914697,-0.4804030046911813,-1.2552760031161911,-1.3842687336850763,0.7109748190524573,-0.5629085617794437,0.401131168149023,0.3230709649746457,0.07213274482497098,0.6862136141023405,-0.1397599254572338,0.4995091606556627,-0.46860422155004927,0.42457135045790945,0.3579245729026581,-0.2873627187087517,1.1964772913509696,-1.0768086539989892,0.2930733170521625,-0.7375816818636365,-0.8785034777567924,-0.24802344480021604,-1.502718267614754,0.2130451508301649,-0.1141652812839494,1.1633666027805658,0.9012226340451454,0.696069015914339
-1.6227755939064854,-0.3246976195607916,0.869908115596411,-0.7568238710231124,-0.2588482836612013,-0.8769636360692722,-0.9219655607736275,0.058921362043134355,-0.2534806306682012,-0.2382788060445864,-0.2047944608882394,-0.9930415781780318,0.9141267477854335,1.2580664428087618,-0.37620968423835854,0.19903139401626158,0.32615342802616426,0.9955894546146655,-0.1207627733982956,-0.2474112204064944,0.29839641874389017,-0.01667749710310679,-0.688172637559582,0.23119122462748048,0.6740620168957322,-0.1397599254572338,0.42023309842076145,0.38962490213463574,-0.40360525977750716,-0.16464389321304096,-0.8459391483264441,0.43288584075508146,1.0307841211825368,0.7542239378367698,0.7431707903829824,0.4682869141040965,1.239053168046903,0.14483884295189256,0.33031162182122464,0.1329423600233517,0.25424945880218375,-0.8822551761813123,-0.15382825123608784,0.4911510388872384
-1.3556062869512795,-0.06840450965110632,0.24395271463746948,-0.9107906715300873,0.12882622556095516,-0.362330425708624,-2.1752278955102895,0.1803543514944263,-1.0119401405550883,-0.7879817302408656,-0.6065281958388735,0.09806626556083721,0.9262929059130707,2.1247010731469684,-0.44104632231143726,1.3269250664987722,0.8381795079400441,0.7791945108940973,-1.3872013288207254,-1.6744569993274356,1.0767269113912248,-0.5738018493769641,-0.47127255956597064,0.6086849775409886,0.9185945233538924,0.4995091606556627,0.38962490213463574,0.9812583476999617,-0.9695775655981053,0.21152002648986412,-0.7122501215856974,0.2632594606639075,2.4755268573227087,-0.11394978902327786,1.222977134156597,-0.1394080880712232,0.6917869727962388,-0.061365322983931825,-1.0640808086617088,0.379228440354197,0.2072984441314063,0.03521483497288771,0.695408908254227,1.3038585060362786
1.4282191801807989,0.09147000575761546,-0.2984214832256315,0.9325388573139499,-0.10409077027518118,0.41451514819776353,2.1542484860513484,-0.18033204975558847,0.9954457345786848,0.7781341990679544,0.5994612284737387,-0.015015428338395044,-0.9648649798435018,-2.1355279001538943,0.4551987657275791,-1.2868804786226966,-0.8305246868200076,-0.824763978331892,1.3386855419575963,1.6288442034075306,-1.0566636428513143,0.5507649486408799,0.507701065105841,-0.6029570004165301,-0.9351219355324248,-0.46860422155004927,-0.40360525977750716,-0.9695775655981053,0.9632242840564028,-0.19106434262110195,0.751376003254032,-0.2903424466749367,-2.457405482185399,0.05427678224893004,-1.2314042378316794,0.09843739506341169,-0.7599996777707501,0.045011132428645045,0.9947115295492511,-0.377258692911702,-0.21862522301268633,0.03719771866565706,-0.6566633497182839,-1.2907438698159353
0.7266456048182443,0.2621269568368626,-0.6681855155095136,0.17631086114192177,0.31808490141389495,0.6080856617996931,-0.4133199764668128,0.0512107007788362,-0.35752521294160355,-0.24221715758807566,-0.16159605447073083,0.9881150810164858,-0.31717224775092684,0.07500571712068332,0.09495882944920728,0.5965853565809596,0.18975388620642805,-0.47240547008563943,-0.7014668059420955,-0.7497371735594383,0.3553492698892878,-0.3185468397793444,0.36960881944966106,0.14343134592806361,-0.09054651059546132,0.42457135045790945,-0.16464389321304096,0.21152002648986412,-0.19106434262110195,0.28253701987972357,0.37394534957558717,-0.2509245242693158,0.49008399528815433,-0.7739585503086812,0.025327287217291296,-0.5188805159997318,-0.7538682167556214,-0.17224260359287993,-0.9391831389353116,0.09643636388564845,-0.10994825075319488,0.8497148894553089,0.5465376495114314,0.31087823685487614
3.3122943665540796,0.6883272835509648,-1.8265466436817277,1.5093399301716754,0.5682654461490054,1.8307745353877596,1.701845166164896,-0.11044746249337362,0.4315697565543522,0.4249223677083083,0.3674250186533928,2.1414238574949196,-1.8531230451807983,-2.437934204122374,0.7569380927115955,-0.26446485664327324,-0.6002030497378312,-2.0377552124473626,0.0884934453493367,0.33412749742872144,-0.5109301156588488,-0.037341051975054766,1.4201325477763946,-0.42518616534927006,-1.3362307832437443,0.3579245729026581,-0.8459391483264441,-0.7122501215856974,0.751376003254032,0.37394534957558717,1.730697554118282,-0.9034740365186779,-1.9149061797697768,-1.6201385795282206,-1.445955212296924,-1.0170550202602706,-2.568247741518233,-0.32252693764151147,-0.8326408235170684,-0.24542297168851396,-0.5221219202764071,1.8963876458668527,0.41239773347502406,-0.9003402159014665
-1.729879465740191,-0.3931259392694829,1.0285050417522823,-0.7423433309739236,-0.352416488560853,-1.0144416908344989,-0.6555220592292119,0.03854856215450035,-0.10059924932437696,-0.12947036226751174,-0.12270286369657418,-1.2677954740712336,0.9468437528706227,1.0969584733044335,-0.37672286905467994,-0.051073476328068704,0.22298528640608845,1.0716077838169347,0.16427380315766432,0.06204769747609145,0.13393782146103023,0.11189805251923186,-0.7592054815585856,0.15442977456133855,0.639717970658307,-0.2873627187087517,0.43288584075508146,0.2632594606639075,-0.2903424466749367,-0.2509245242693158,-0.9034740365186779,0.49145762875747284,0.7390754207672212,0.9624931469562826,0.6565697027178604,0.6147004789206783,1.3950018539296343,0.2000283957432477,0.6529234870422093,0.08808488698984898,0.2729799250200645,-1.116644331931939,-0.34683967135765525,0.32621324454178685
-3.6407617167613893,-0.23397718980296237,0.7619177787179204,-2.3786420470220113,0.26636493840857384,-1.0566985520154073,-5.499290831225235,0.45960096370114367,-2.541507475268379,-1.9867816503972484,-1.528804724760031,0.043793360189238954,2.459644735297688,5.4527830211780115,-1.1598107002501077,3.289050899138292,2.1222572226943526,2.1045385608878804,-3.4188493351088347,-4.1563017703977385,2.700156160449282,-1.4050139908925816,-1.2925623901423917,1.539012237704535,2.385246626831787,1.1964772913509696,1.0307841211825368,2.4755268573227087,-2.457405482185399,0.49008399528815433,-1.9149061797697768,0.7390754207672212,6.272734170004973,-0.14078318075672852,3.1435642609411736,-0.2529955561514992,1.9366789849372215,-0.1166718743399728,-2.543125736823428,0.9616209621055587,0.5602855280735836,-0.09006462281614894,1.674925245583155,3.296987886629657
-3.1175664554594897,-0.8899286235580447,2.306300719445688,-1.0863633990626187,-0.9517924811977891,-2.1706743722334894,0.07785140453078643,-0.05766420877437718,0.5655386136446,0.3147343731054954,0.1812085434178615,-3.1315431074092754,1.5375822790886289,1.0042727964748264,-0.5557170040796507,-1.1454593214864692,-0.11846546251662578,1.981144275454083,1.4603507699322833,1.4529263285907876,-0.5173016245264913,0.7053867878284811,-1.4584578572782172,-0.09953238903730147,0.8299317581840134,-1.0768086539989892,0.7542239378367698,-0.11394978902327786,0.05427678224893004,-0.7739585503086812,-1.6201385795282206,0.9624931469562826,-0.14078318075672852,2.4281124814034833,0.6379161162191941,1.6005051914457324,2.833480520634428,0.5199132517848611,2.3932167733698853,-0.09647066761063858,0.49750583333950754,-2.710210768755949,-1.3823831667081228,-0.22976982216051892
-2.757024994355375,-0.3799386791487853,1.0628599621405799,-1.5230922972285525,-0.14293162493772169,-1.1708814315990839,-2.7672791563613957,0.21706083697613335,-1.1248914364851819,-0.9183931567084178,-0.7208251609900425,-0.8939250496064893,1.693778423654052,3.064293974234839,-0.7500922048911718,1.336273363339297,1.044100339231735,1.648675121500646,-1.3079786953903008,-1.6838071432276591,1.220140559864614,-0.5048986491143439,-1.081294345025864,0.7540687780483702,1.4545058183545512,0.2930733170521625,0.7431707903829824,1.222977134156597,-1.2314042378316794,0.025327287217291296,-1.445955212296924,0.6565697027178604,3.1435642609411736,0.6379161162191941,1.784204900107383,0.3410130303032778,1.8116658011324442,0.09275475620977411,-0.5946824736322671,0.4586447374931973,0.43429093847652006,-0.8363952358947208,0.44144406982522816,1.6096506618435482
-1.954432617723757,-0.5798224919877725,1.4989571356146811,-0.6508552613498114,-0.6329429475973974,-1.3996241645251037,0.19370532976323654,-0.0483978701271651,0.4376039234347503,0.25647865092022937,0.16097505080458935,-2.063176034065805,0.9424185266300914,0.5221456985008395,-0.33499944603923426,-0.8376836413018164,-0.13172621543695268,1.2491789237359805,1.0492449551998373,1.0618443384911205,-0.41062797368238874,0.501196970656976,-0.9249179760687174,-0.10218591617531869,0.4864914866719876,-0.7375816818636365,0.4682869141040965,-0.1394080880712232,0.09843739506341169,-0.5188805159997318,-1.0170550202602706,0.6147004789206783,-0.2529955561514992,1.6005051914457324,0.3410130303032778,1.0624674343084428,1.8153701328901974,0.3459115123098685,1.6356004318423165,-0.08956249857004668,0.31700843098859915,-1.778701387141052,-0.957428203571863,-0.23284442707061356
-4.924554886220419,-1.1368896806007092,2.992483673814647,-2.087451021339746,-1.0405920865635512,-2.9317807821435484,-1.7458953486093296,0.08815963133271892,-0.1850755890036061,-0.2954764505289921,-0.29860202319874757,-3.7069815829707555,2.656470255061097,3.020625817272349,-1.0516339090053008,-0.259555062736242,0.5724840266749454,3.059115062247807,0.5909475732023908,0.3309280405513293,0.2915637483894894,0.3683758478849195,-2.167541594171412,0.39827725882026643,1.786409902923764,-0.8785034777567924,1.239053168046903,0.6917869727962388,-0.7599996777707501,-0.7538682167556214,-2.568247741518233,1.3950018539296343,1.9366789849372215,2.833480520634428,1.8116658011324442,1.8153701328901974,4.015205830660694,0.5808001182992841,1.9916059225116798,0.20991771275627533,0.7793562086255714,-3.2520911482827195,-1.0801676072711999,0.8340635937576855
-0.6193400254498002,-0.18846507891266706,0.48143228692131584,-0.19963960261204788,-0.20767729120621586,-0.44991203157919174,0.09829437879791773,-0.016435427332003635,0.1525154188266387,0.09234785575654252,0.059044343040847436,-0.6739577012192011,0.3004513454505245,0.13774549875761707,-0.10549387488989795,-0.293459976895495,-0.054153440048055106,0.39532394522740444,0.3631191485300535,0.3679319886587387,-0.1482918113859107,0.17237652691062405,-0.29643349174640626,-0.04240437665622645,0.14542993499496745,-0.24802344480021604,0.14483884295189256,-0.061365322983931825,0.045011132428645045,-0.17224260359287993,-0.32252693764151147,0.2000283957432477,-0.1166718743399728,0.5199132517848611,0.09275475620977411,0.3459115123098685,0.5808001182992841,0.11571325669471483,0.5501794675606214,-0.031276309105005465,0.09879518539316387,-0.5824563971859977,-0.3189051931732469,-0.09430068448166755
-1.621092361545408,-0.7708918699548145,1.9270388293162926,-0.14046909558385345,-1.0203258933044443,-1.691033008747076,2.1936356365710603,-0.229383804892996,1.5123523359897886,1.063465748909612,0.7541765861050791,-3.0419221666041816,0.5623783662871574,-1.127575661341527,-0.09851123517860354,-2.3735883631938535,-0.9281967319757112,1.1055381413368164,2.726103706157698,2.995640660502653,-1.5339571341216172,1.2206366890906712,-0.9188437962291096,-0.6908526247613281,-0.11527992484946094,-1.502718267614754,0.33031162182122464,-1.0640808086617088,0.9947115295492511,-0.9391831389353116,-0.8326408235170684,0.6529234870422093,-2.543125736823428,2.3932167733698853,-0.5946824736322671,1.6356004318423165,1.9916059225116798,0.5501794675606214,3.2983056183178086,-0.4548945260414914,0.2577906613188523,-2.5920491923384166,-1.9670214202565854,-1.4906776511361601
-0.46623590841158885,-0.009609036634953445,0.0437110115159528,-0.33190683041028796,0.06880006404170276,-0.09644900717940502,-0.8366378000036645,0.0732980857890984,-0.4090726383584999,-0.31446272674244236,-0.2416400015282368,0.09985871768447474,0.3387290464107586,0.7988625684109535,-0.16324269185726484,0.5333844656429754,0.3272353360024418,0.2616814449045088,-0.5628858647681347,-0.6784754270630614,0.42809450077987776,-0.2343766164997758,-0.15644380156851373,0.2361256976843918,0.3384400527543289,0.2130451508301649,0.1329423600233517,0.379228440354197,-0.377258692911702,0.09643636388564845,-0.24542297168851396,0.08808488698984898,0.9616209621055587,-0.09647066761063858,0.4586447374931973,-0.08956249857004668,0.20991771275627533,-0.031276309105005465,-0.4548945260414914,0.15419026671823763,0.06750340091883753,0.06310491918682051,0.3015681706526434,0.5083908317241171
-0.9932244752521503,-0.21250943112554202,0.5626022222285981,-0.44715804476244264,-0.17590515879615695,-0.5570373220743087,-0.494737416587875,0.0324261812934938,-0.12008232639562794,-0.1252082275545689,-0.09951242324705009,-0.6571767596167823,0.5451364458445374,0.7302912917125253,-0.2231798868356489,0.07133318143789537,0.17807881134955877,0.6187537664952943,-0.010825629747748717,-0.07937125377785305,0.14697988016316374,0.023331600485926314,-0.42583599570434116,0.12802163426277838,0.40117330182646577,-0.1141652812839494,0.25424945880218375,0.2072984441314063,-0.21862522301268633,-0.10994825075319488,-0.5221219202764071,0.2729799250200645,0.5602855280735836,0.49750583333950754,0.43429093847652006,0.31700843098859915,0.7793562086255714,0.09879518539316387,0.2577906613188523,0.06750340091883753,0.16911958987788583,-0.5759256980367158,-0.14590036180606328,0.26922416336335675
3.6451441410452894,1.0091346324104506,-2.60872481536535,1.3142904876536587,1.0554133131974728,2.475512766840814,0.11819562433380086,0.04253829920211714,-0.5238467670733133,-0.2690411909840101,-0.13688930107918035,3.5125841267191196,-1.8399250404173388,-1.3378515535935065,0.6755693473711569,1.1599705270867298,0.04774959525886357,-2.30529100589595,-1.5079722222826537,-1.4632293972004706,0.47187504508427186,-0.738030643324694,1.6927453582607765,0.053064390069089085,-1.0247473766139008,1.1633666027805658,-0.8822551761813123,0.03521483497288771,0.03719771866565706,0.8497148894553089,1.8963876458668527,-1.116644331931939,-0.09006462281614894,-2.710210768755949,-0.8363952358947208,-1.778701387141052,-3.2520911482827195,-0.5824563971859977,-2.5920491923384166,0.06310491918682051,-0.5759256980367158,3.05171035708617,1.4769983784143679,0.12854595867028154
0.7960758721685859,0.43738284109397113,-1.0911070854580753,-0.0087252544465677,0.596387695337721,0.9351292574004149,-1.4499805204565144,0.14702287643425332,-0.960643686367136,-0.6753789574859863,-0.49678238493778815,1.751681023266025,-0.21513003385418375,0.8252625765808667,0.0098979364246048,1.470076902255682,0.6024457382045337,-0.5664067827547862,-1.6841631758507394,-1.8693227180653007,0.9733458580334006,-0.756132679787322,0.4767606303339236,0.442058604798788,0.14417620579745802,0.9012226340451454,-0.15382825123608784,0.695408908254227,-0.6566633497182839,0.5465376495114314,0.41239773347502406,-0.34683967135765525,1.674925245583155,-1.3823831667081228,0.44144406982522816,-0.957428203571863,-1.0801676072711999,-0.3189051931732469,-1.9670214202565854,0.3015681706526434,-0.14590036180606328,1.4769983784143679,1.2075211989474863,0.9586038653627978
-1.705030788559278,-0.06781726375562863,0.2550789609819498,-1.1740123610259936,0.2003104570756146,-0.4152006030022715,-2.8837042244734956,0.24544893277792443,-1.3687646417248835,-1.0644779381710245,-0.809074080026958,0.22255097867980866,1.1848308992274907,2.7977272607187023,-0.5705552627933926,1.799669309778775,1.122559240482151,0.9785538399836431,-1.883649798113309,-2.2679936985852582,1.4500404711437105,-0.7772111255222328,-0.5821556135710148,0.8155963323045602,1.1982908495196622,0.696069015914339,0.4911510388872384,1.3038585060362786,-1.2907438698159353,0.31087823685487614,-0.9003402159014665,0.32621324454178685,3.296987886629657,-0.22976982216051892,1.6096506618435482,-0.23284442707061356,0.8340635937576855,-0.09430068448166755,-1.4906776511361601,0.5083908317241171,0.26922416336335675,0.12854595867028154,0.9586038653627978,1.7478307908061803
