V1,V2,V3,V4,V5,V6,V7,V8,V9,V10,V11,V12,V13,V14,V15,V16,V17,V18,V19,V20,V21,V22,V23,V24,V25,V26,V27,V28,V29,V30,V31,V32,V33,V34,V35,V36,V37,V38,V39,V40,V41,V42,V43,V44
8.515822262716208,1.4210532442441297,-3.8228119141122687,4.40556448745846,0.8378420965556752,4.017039484033248,6.9037971859616825,-0.5041519373525286,2.5700143721783695,2.1760762648907255,1.735911923725675,3.8220381934087797,-5.0361403208297295,-8.185868285489,2.1821087009024818,-2.762712543311724,-2.611028463549493,-5.141253556283857,2.523286744174878,3.541886249660198,-2.7986077066140544,0.918251159168825,3.441664848642647,-1.852469326336698,-4.035292955659837,-0.18534642711853824,-2.2380061934225526,-3.003949144492893,3.0826854166817474,0.3468101554931105,4.461868799749255,-2.166679635379401,-7.824986317188012,-2.795953353491203,-4.7897282536971915,-1.6537789950411714,-6.011041350346769,-0.4928062181142268,0.2546568705359765,-1.1185535591331586,-1.3354470833936976,3.4614345825006247,-0.4120720450391114,-3.9689894207622176
1.4210532442441297,0.32991125247048664,-0.7903391200607054,0.6791405629440173,0.2486999885678213,0.753332890058127,0.6898226526259695,-0.0199789418304912,0.20200416602453689,0.21874082544696907,0.15663024117807725,0.9289453821792822,-0.7431112478310611,-1.0018027116088266,0.3349544597571873,-0.07158265289137077,-0.3316019930764055,-0.8745379373490502,-0.03194901261496236,0.18339808988765507,-0.18729686685877514,-0.022919560825528748,0.5745767786857507,-0.20156782362245146,-0.5020746681416052,0.17119403553228688,-0.3458034306405769,-0.2763234991164832,0.3347231236201413,0.1869652373362161,0.7557222837361766,-0.431525243773184,-0.781059107800936,-0.6594292949858631,-0.5922934968142332,-0.4452204701403051,-1.1606734099187948,-0.13047622414893512,-0.41062637918810213,-0.1082671865185449,-0.23894720157901675,0.7919299285739636,0.22705636882690736,-0.4543542550733181
-3.8228119141122687,-0.7903391200607054,2.0862646225346726,-1.7757332703925663,-0.6356063006396714,-2.0786636353733576,-2.0655659085383267,0.11936509246481514,-0.5461338404638666,-0.5334212771256821,-0.451034261056676,-2.4079228254415046,2.1174843023698844,2.874181004908393,-0.8804369210035864,0.37427352366329764,0.756226772537218,2.348048258903336,-0.17266877229473565,-0.5001718887689522,0.6324833366741751,-5.715059544521286e-4,-1.6142879317116627,0.5250527159233446,1.538413002128757,-0.3757226878920855,0.9813546467877832,0.8638006844628852,-0.9133950636478839,-0.4218627471659006,-1.9973957236220512,1.0414231607275453,2.3045394162577817,1.816645266631802,1.7006947484833108,1.1457785756327443,2.9663973387198257,0.35072202797547586,0.8865989527373289,0.29458635273718764,0.6050408412406106,-2.1211221104324616,-0.4387880409689326,1.1217040946624621
4.40556448745846,0.6791405629440173,-1.7757332703925663,2.4392129412824364,0.286081172932924,1.8814238913411805,4.165051633435918,-0.284449411509253,1.6920554171221571,1.4182771883325984,1.088887702922652,1.5758236511125363,-2.611782310357042,-4.664870320196614,1.1922063769936213,-1.900757748811787,-1.677444793809943,-2.6363305070118934,1.8066360053670338,2.5261415381666366,-1.777251098139326,0.7219828318655628,1.6951107913496704,-1.1624207938878313,-2.168042475123594,-0.35193861990955583,-1.1621149957131138,-1.8191025057624843,1.887912754142076,0.057109469109997084,2.322127833400976,-1.116101918028383,-4.718985442289401,-1.0861099419938873,-2.7148621842573957,-0.6330171664389614,-3.0228588123386246,-0.1610398098342765,0.6696047697804559,-0.6950702900620724,-0.7016120798215776,1.4215621821909918,-0.5250388273066156,-2.518527232858375
0.8378420965556752,0.2486999885678213,-0.6356063006396714,0.286081172932924,0.26794816425170775,0.5913293041628078,-0.06880397449988411,0.02212039631338356,-0.17565729972054053,-0.10067051442272207,-0.06310428495634543,0.8712691440031184,-0.40303672155800524,-0.22964245168204958,0.14609555158941878,0.3486993605084803,0.042924850934571095,-0.5325601568919216,-0.4396230352004446,-0.43276776379485743,0.16860380937642613,-0.20758128429808992,0.39093835344726197,0.038607569316463454,-0.20442406048846706,0.31026715471046334,-0.19967273264462615,0.054260044805865014,-0.03361449401901353,0.22197573023143752,0.4355825097265907,-0.26610984187325354,0.09274615893194046,-0.6732933512928457,-0.14942032813426095,-0.4483327058690446,-0.7782109982296888,-0.14536063869433433,-0.6903486163201674,0.03382026149085332,-0.13429488551324653,0.7498376672572722,0.40205434226946934,0.08427174346446605
4.017039484033248,0.753332890058127,-2.0786636353733576,1.8814238913411805,0.5913293041628078,2.1463615338675024,2.4759162168212705,-0.19073449196947262,0.7283798123686305,0.6456753825158166,0.5656329430684061,2.3345409615049446,-2.3373943028948405,-3.283499547877053,0.9446145754123296,-0.6700590896786612,-0.8236368248710921,-2.4576613136972116,0.5115457924867375,0.7689037061088759,-0.871988932217896,0.1113998912489829,1.721810029974013,-0.6110014846259925,-1.7718812794619114,0.2549055011405447,-1.0511659214109006,-1.0643623149445753,1.0712454646907839,0.33797211303064745,2.0885232200002792,-1.0338921741307419,-2.7910268104806177,-1.7903093355637036,-1.9379509913462896,-1.0798128643338625,-2.973098295589448,-0.3471513568893119,-0.606424850967254,-0.3681262148632419,-0.6191530391053515,2.1082984165602014,0.23499524150974535,-1.2793808902093318
6.9037971859616825,0.6898226526259695,-2.0655659085383267,4.165051633435918,-0.06880397449988411,2.4759162168212705,8.699070677711807,-0.6933427542567598,3.78441027543852,3.001714263830671,2.3480327962664305,1.0773538763848607,-4.437202126799637,-8.991798653092868,2.0292090100128712,-4.7837167167683186,-3.3007353455789366,-4.054383672372794,4.882401690764003,6.031377728175076,-4.073067927011365,1.976884035383039,2.575137426953699,-2.3907292476914552,-4.074050201522619,-1.4970918433614815,-1.9229094150725041,-3.8844294379203927,3.8601491745725918,-0.4798191506319927,3.613374784584451,-1.5015154283108865,-9.858913845937227,-0.6919569178894295,-5.202937623602991,-0.19585040224069925,-4.108129521695033,0.003464233678624372,3.139050355638743,-1.4705876418654822,-1.058612416943522,1.132767682283273,-2.143668532298396,-5.112581889428717
-0.5041519373525286,-0.0199789418304912,0.11936509246481514,-0.284449411509253,0.02212039631338356,-0.19073449196947262,-0.6933427542567598,0.08601757136264006,-0.30764344780242714,-0.22276584854243522,-0.18989823079395002,-0.040232337931323046,0.38964116522284564,0.7265930382529732,-0.15078874838910847,0.4199742533069475,0.20571003600539467,0.29418049238018873,-0.448543174406414,-0.45878720297733866,0.35699255339939717,-0.15950888593934828,-0.21689026798959868,0.17398678772921358,0.36890127882677765,0.1423098916324452,0.1461663812178368,0.3208729576632441,-0.2947483870764452,0.0746734918952021,-0.2580312234124595,0.08391468278954894,0.8110899498626287,0.04043305057430083,0.4229553597161135,-0.017630390677785684,0.23558057174114577,0.00734666900504787,-0.31680718567796434,0.12405837970986305,0.06873520384038999,-0.08001207800884326,0.22652188698344916,0.3545655601762808
2.5700143721783695,0.20200416602453689,-0.5461338404638666,1.6920554171221571,-0.17565729972054053,0.7283798123686305,3.78441027543852,-0.30764344780242714,1.80047739627964,1.4252040543411781,1.069002991995584,0.006105659905714889,-1.7110402759519836,-3.777546981631906,0.8298430397299384,-2.249885198183439,-1.5426270970115563,-1.4866230164776806,2.3114768583608303,2.921022576598796,-1.8611572650372123,0.9603006585691803,0.893570638611872,-1.0882082204753774,-1.618494524489459,-0.8095646182431412,-0.7033649770293875,-1.6956616609145767,1.7261867598256506,-0.3197914164548412,1.3661845666867616,-0.5716210920007397,-4.349396978050238,0.11870288477499073,-2.1770491665292773,0.16379776726078388,-1.4166244306598,0.07556740850292158,1.7098957881074086,-0.6834698889279307,-0.40874536364173236,0.07717511138129944,-1.1220584266120384,-2.356874326378472
2.1760762648907255,0.21874082544696907,-0.5334212771256821,1.4182771883325984,-0.10067051442272207,0.6456753825158166,3.001714263830671,-0.22276584854243522,1.4252040543411781,1.1509877624883482,0.8467030984985242,0.13395358385344908,-1.3863940765699294,-3.032678620219738,0.6905469140298758,-1.7272780679430468,-1.2793035189280437,-1.2672107286362473,1.7463267694756535,2.3079311415848025,-1.4451328087263013,0.7380939689518139,0.7468669280096459,-0.8806947806671882,-1.27808877531654,-0.5946340959150734,-0.5822125592057878,-1.3343477182599817,1.3874660149844202,-0.20659206934548813,1.1645864956711853,-0.5212354615709659,-3.445301152710289,0.022590104410747432,-1.74759875381879,0.06128186363420141,-1.2846661539127051,0.04818091363561235,1.2393667051181911,-0.5421249317078534,-0.35699821519333214,0.15050566804102533,-0.8079903126574021,-1.923091761991969
1.735911923725675,0.15663024117807725,-0.451034261056676,1.088887702922652,-0.06310428495634543,0.5656329430684061,2.3480327962664305,-0.18989823079395002,1.069002991995584,0.8467030984985242,0.6501436122776276,0.15333912269181268,-1.1374183196425902,-2.38985793171444,0.5333028910391974,-1.342024709065346,-0.9219679877504356,-1.0133119378155557,1.3747600487308302,1.7168393553733838,-1.1275382597445593,0.5637574061334829,0.6303740709424323,-0.6593356366950802,-1.0557970856902918,-0.45096656320108636,-0.4795508033115756,-1.0505368777668196,1.0563491986562057,-0.1629689869443892,0.9152793813947598,-0.3812970698640974,-2.6808173723958233,-0.06058491787953724,-1.379068751413593,0.023370660249663278,-0.9969666943108604,0.022978054845894227,0.9491660819099266,-0.411005705588699,-0.2695470620589164,0.18462575278961804,-0.6380911046700339,-1.4187458438172156
3.8220381934087797,0.9289453821792822,-2.4079228254415046,1.5758236511125363,0.8712691440031184,2.3345409615049446,1.0773538763848607,-0.040232337931323046,0.006105659905714889,0.13395358385344908,0.15333912269181268,3.050571015861474,-2.0269811574714143,-2.1334409576415267,0.797775888394014,0.42758677683529117,-0.3585696564240977,-2.3835952257577455,-0.715587595889817,-0.5177167647369099,-0.06747505970349098,-0.3938982138053607,1.6953301744072036,-0.23644248050244385,-1.303593655069217,0.8007561043583113,-0.9468160131083754,-0.40593916377483136,0.4767194841763692,0.6547234183071745,1.9971200545612846,-1.1155052951859767,-1.1956892485217223,-2.3221728403749333,-1.28676138667832,-1.504654903623876,-3.190142436606835,-0.48455658132145724,-1.8076265010076482,-0.11839376493371302,-0.6089049670300279,2.664205945175288,0.9996731582320705,-0.4993970289682414
-5.0361403208297295,-0.7431112478310611,2.1174843023698844,-2.611782310357042,-0.40303672155800524,-2.3373943028948405,-4.437202126799637,0.38964116522284564,-1.7110402759519836,-1.3863940765699294,-1.1374183196425902,-2.0269811574714143,3.140608026133537,5.1618210095200485,-1.3154000221481257,1.9699303988627435,1.5614513601016857,3.028573736696867,-1.8946025089896998,-2.3704060910076947,1.912999807770103,-0.6686970644910688,-2.078418339118872,1.159833024931509,2.5904453259783993,0.27747569613595563,1.3450296645836057,1.9626720212565663,-1.9514717894823637,-0.06876735113720768,-2.6256905701972637,1.2077995890764488,5.076919754737452,1.513251304021589,3.0177886832433343,0.8236633706247107,3.3641723106564188,0.27403019562642456,-0.5475953897155832,0.7374869667519661,0.7679096952396693,-1.9156353080459936,0.5262758084964196,2.450378092855873
-8.185868285489,-1.0018027116088266,2.874181004908393,-4.664870320196614,-0.22964245168204958,-3.283499547877053,-8.991798653092868,0.7265930382529732,-3.777546981631906,-3.032678620219738,-2.38985793171444,-2.1334409576415267,5.1618210095200485,9.691617916968774,-2.297949696638847,4.613336405415026,3.3782066458233,4.861142072887157,-4.612470834668071,-5.786927100599268,4.089752122493962,-1.811479907849483,-3.171883892996533,2.4493518516790793,4.533277804800772,1.2092215891157987,2.233020005841199,3.99684823012968,-3.9943111048296798,0.27025601920176096,-4.287286571549274,1.8799242563215506,10.224686605995666,1.4906551473408711,5.625853398565702,0.7037822412967694,5.156595943508543,0.17791006689776429,-2.5047715575967575,1.5135081799190864,1.2657009724188095,-2.0755379162132037,1.8008821518754694,5.230217044083637
2.1821087009024818,0.3349544597571873,-0.8804369210035864,1.1922063769936213,0.14609555158941878,0.9446145754123296,2.0292090100128712,-0.15078874838910847,0.8298430397299384,0.6905469140298758,0.5333028910391974,0.797775888394014,-1.3154000221481257,-2.297949696638847,0.5905804354229947,-0.925873036016669,-0.8049543648197682,-1.3070868762767132,0.8800509200609807,1.2131327631998943,-0.8749786375726148,0.3419525436341648,0.8535003585614496,-0.563523576598387,-1.0852203283212427,-0.16453438896784298,-0.5723955854067944,-0.8885346282826607,0.9204375032950864,0.024808336494114083,1.1502241619697937,-0.5532304521953457,-2.3165540776691107,-0.5517906127415555,-1.3387715558587423,-0.31734891243041996,-1.4863927973484992,-0.09050470753089393,0.3161179571218044,-0.3449049817117809,-0.34629470290335984,0.7294507355883636,-0.25722562291223544,-1.2167880387242782
-2.762712543311724,-0.07158265289137077,0.37427352366329764,-1.900757748811787,0.3486993605084803,-0.6700590896786612,-4.7837167167683186,0.4199742533069475,-2.249885198183439,-1.7272780679430468,-1.342024709065346,0.42758677683529117,1.9699303988627435,4.613336405415026,-0.925873036016669,3.0067825402073516,1.798277349424037,1.575812961879652,-3.1745202897938896,-3.735169807669889,2.4154056747907813,-1.303157399558792,-0.9598233738116241,1.3263371596327846,2.002496953764075,1.173864130996171,0.8111226785867368,2.1701167725205948,-2.117845927960744,0.5336866620695143,-1.4452635617036955,0.49030115527050055,5.455643560198687,-0.392394950510095,2.653050377757362,-0.4195360199010821,1.2881351001499544,-0.16026688178852586,-2.519445715218371,0.8382918233853105,0.41288254861576607,0.23855693362213545,1.6466326293041105,2.8281524386988615
-2.611028463549493,-0.3316019930764055,0.756226772537218,-1.677444793809943,0.042924850934571095,-0.8236368248710921,-3.3007353455789366,0.20571003600539467,-1.5426270970115563,-1.2793035189280437,-0.9219679877504356,-0.3585696564240977,1.5614513601016857,3.3782066458233,-0.8049543648197682,1.798277349424037,1.4827792002914575,1.529958233912263,-1.775057996564355,-2.505479583491899,1.5280362057160217,-0.7751648444703164,-0.8790922189304887,0.9885280213244078,1.391801905918185,0.5732888076587003,0.6848066379943455,1.4482791713607588,-1.544961461787747,0.14459092838066492,-1.402567091250217,0.6730617977842176,3.761407253148908,0.10752646638353713,1.9473958398141225,0.05219189704172861,1.6735593667454338,-0.03487996057316707,-1.164095556045986,0.5876220159626183,0.4389950452820324,-0.31094066118118185,0.7517957667508555,2.1813644437462436
-5.141253556283857,-0.8745379373490502,2.348048258903336,-2.6363305070118934,-0.5325601568919216,-2.4576613136972116,-4.054383672372794,0.29418049238018873,-1.4866230164776806,-1.2672107286362473,-1.0133119378155557,-2.3835952257577455,3.028573736696867,4.861142072887157,-1.3070868762767132,1.575812961879652,1.529958233912263,3.111742057065821,-1.4201341056034402,-2.0172772192904973,1.6246103680562693,-0.50797063520495,-2.0886622588981827,1.0854722523746159,2.4103529178375864,0.06158840912439498,1.348997992246711,1.7613260100891588,-1.8097212452471476,-0.23562055188889588,-2.6947563497522578,1.3150052126177074,4.594648808326471,1.7482073617304292,2.844699257386275,1.0405661398519617,3.655457514647897,0.31124866060058637,-0.04627890877586697,0.652695498436519,0.8091902790001513,-2.1544039297578874,0.1816257317516787,2.3243960754199793
2.523286744174878,-0.03194901261496236,-0.17266877229473565,1.8066360053670338,-0.4396230352004446,0.5115457924867375,4.882401690764003,-0.448543174406414,2.3114768583608303,1.7463267694756535,1.3747600487308302,-0.715587595889817,-1.8946025089896998,-4.612470834668071,0.8800509200609807,-3.1745202897938896,-1.775057996564355,-1.4201341056034402,3.394149459639518,3.879050017439526,-2.5122969438606995,1.3880627086222723,0.8680232607235671,-1.336461410313448,-2.0053394160051567,-1.2959237944268205,-0.7689222319385131,-2.2293845676917483,2.1390750740301643,-0.6255697965418882,1.3098630580765678,-0.37741430921419805,-5.563152273498703,0.5815329237534801,-2.649328348977387,0.5706310212608399,-1.0130651464734834,0.20306020685364776,2.798665002989986,-0.8534150034990603,-0.3614476848542399,-0.46440471206079625,-1.8254071459651664,-2.831044516931604
3.541886249660198,0.18339808988765507,-0.5001718887689522,2.5261415381666366,-0.43276776379485743,0.7689037061088759,6.031377728175076,-0.45878720297733866,2.921022576598796,2.3079311415848025,1.7168393553733838,-0.5177167647369099,-2.3704060910076947,-5.786927100599268,1.2131327631998943,-3.735169807669889,-2.505479583491899,-2.0172772192904973,3.879050017439526,4.903555137991057,-3.00035686364143,1.6586716170280678,1.1324984862060117,-1.753804799780416,-2.368851251565784,-1.458857178830218,-0.9947428135263093,-2.704137026616198,2.7501955748966593,-0.6053133889292475,1.887768520839768,-0.7448326667416563,-6.878884662035424,0.5952612702479191,-3.3217241068481727,0.5081778070229034,-1.8181994824289822,0.2292339024392925,3.081323837329426,-1.0789605430235598,-0.5655742682168454,-0.36843672273871775,-1.972810992888369,-3.8091492797662556
-2.7986077066140544,-0.18729686685877514,0.6324833366741751,-1.777251098139326,0.16860380937642613,-0.871988932217896,-4.073067927011365,0.35699255339939717,-1.8611572650372123,-1.4451328087263013,-1.1275382597445593,-0.06747505970349098,1.912999807770103,4.089752122493962,-0.8749786375726148,2.4154056747907813,1.5280362057160217,1.6246103680562693,-2.5122969438606995,-3.00035686364143,2.0015501273037812,-1.0130317411089957,-1.0273967382358067,1.122973879874377,1.8309885081568986,0.8550095297935187,0.79306466328986025,1.8377828207183655,-1.8082002520240716,0.3535459237176737,-1.4657830744058666,0.5617934402263977,4.65654344731393,-0.010035070015971523,2.360391131923598,-0.14350875103472308,1.491927913450258,-0.06098862389177071,-1.8255164669903108,0.711626612543327,0.4242883652006398,-0.1749602818660116,1.221609069797357,2.3951537208145104
0.918251159168825,-0.022919560825528748,-5.715059544521286e-4,0.7219828318655628,-0.20758128429808992,0.1113998912489829,1.976884035383039,-0.15950888593934828,0.9603006585691803,0.7380939689518139,0.5637574061334829,-0.3938982138053607,-0.6686970644910688,-1.811479907849483,0.3419525436341648,-1.303157399558792,-0.7751648444703164,-0.50797063520495,1.3880627086222723,1.6586716170280678,-1.0130317411089957,0.5924012710929328,0.27493098365696,-0.5604451109991294,-0.735410826198184,-0.5542329639639496,-0.2807779763087543,-0.8960971792483098,0.8803840572007343,-0.2580448766904437,0.48252241292876524,-0.1427001415646123,-2.237763938645968,0.3375763951191808,-1.0357463755717833,0.2767124745291437,-0.35922469720921246,0.1110757064096482,1.184822494949721,-0.34616711972134484,-0.13665295581404033,-0.3029287444147536,-0.7554747817043994,-1.203754042499823
3.441664848642647,0.5745767786857507,-1.6142879317116627,1.6951107913496704,0.39093835344726197,1.721810029974013,2.575137426953699,-0.21689026798959868,0.893570638611872,0.7468669280096459,0.6303740709424323,1.6953301744072036,-2.078418339118872,-3.171883892996533,0.8535003585614496,-0.9598233738116241,-0.8790922189304887,-2.0886622588981827,0.8680232607235671,1.1324984862060117,-1.0273967382358067,0.27493098365696,1.451725885399481,-0.6559816462729878,-1.6493916629439405,0.0147596787591,-0.9107139723007609,-1.126772223275241,1.1233795475899706,0.16681715187101323,1.7917655055501673,-0.8528224782593198,-2.929175590050364,-1.287964569250856,-1.8620086388766606,-0.7443764914536777,-2.419290795935298,-0.243422854183753,-0.07246453031097828,-0.40884424538373254,-0.5270632268153247,1.5624972264007921,-0.08074320623972134,-1.378124118272146
-1.852469326336698,-0.20156782362245146,0.5250527159233446,-1.1624207938878313,0.038607569316463454,-0.6110014846259925,-2.3907292476914552,0.17398678772921358,-1.0882082204753774,-0.8806947806671882,-0.6593356366950802,-0.23644248050244385,1.159833024931509,2.4493518516790793,-0.563523576598387,1.3263371596327846,0.9885280213244078,1.0854722523746159,-1.336461410313448,-1.753804799780416,1.122973879874377,-0.5604451109991294,-0.6559816462729878,0.687806574636462,1.0585161717263933,0.42889574328033553,0.5013773586373395,1.0602818247333756,-1.0906817971513787,0.13204689303207356,-0.9835237984213214,0.4367646284709529,2.72273034033228,0.10128884995109073,1.414211283432095,0.0232071264820212,1.1284828706584298,-0.01824577381562846,-0.8890811804119346,0.4174356645015854,0.29866771677051657,-0.23447415675044717,0.5878575691994185,1.493375476472714
-4.035292955659837,-0.5020746681416052,1.538413002128757,-2.168042475123594,-0.20442406048846706,-1.7718812794619114,-4.074050201522619,0.36890127882677765,-1.618494524489459,-1.27808877531654,-1.0557970856902918,-1.303593655069217,2.5904453259783993,4.533277804800772,-1.0852203283212427,2.002496953764075,1.391801905918185,2.4103529178375864,-2.0053394160051567,-2.368851251565784,1.8309885081568986,-0.735410826198184,-1.6493916629439405,1.0585161717263933,2.24299081478032,0.44434341033942837,1.109025501972318,1.8201209640998368,-1.7687587379294596,0.07789493880372557,-2.0943687434759037,0.8968162994539355,4.640233691254075,0.9946122505069401,2.642795633751488,0.4814433889275225,2.546441592611164,0.15817826051904774,-0.9305772670872668,0.6716776368264847,0.6046765230280817,-1.2827357780969502,0.7288708859838653,2.2199056585220402
-0.18534642711853824,0.17119403553228688,-0.3757226878920855,-0.35193861990955583,0.31026715471046334,0.2549055011405447,-1.4970918433614815,0.1423098916324452,-0.8095646182431412,-0.5946340959150734,-0.45096656320108636,0.8007561043583113,0.27747569613595563,1.2092215891157987,-0.16453438896784298,1.173864130996171,0.5732888076587003,0.06158840912439498,-1.2959237944268205,-1.458857178830218,0.8550095297935187,-0.5542329639639496,0.0147596787591,0.42889574328033553,0.44434341033942837,0.5937826314030497,0.09112985119684486,0.6963448272848481,-0.6633243870307848,0.33044854259692374,-0.09763512769933769,-0.05937843304584828,1.7133635597862795,-0.6341406810012146,0.6834203245622547,-0.46935234615897053,-0.21051848028139486,-0.16057775199935925,-1.29194211626575,0.2770194214260108,0.019503445334201168,0.6524508907476064,0.8047125221408349,0.9150595981007329
-2.2380061934225526,-0.3458034306405769,0.9813546467877832,-1.1621149957131138,-0.19967273264462615,-1.0511659214109006,-1.9229094150725041,0.1461663812178368,-0.7033649770293875,-0.5822125592057878,-0.4795508033115756,-0.9468160131083754,1.3450296645836057,2.233020005841199,-0.5723955854067944,0.8111226785867368,0.6848066379943455,1.348997992246711,-0.7689222319385131,-0.9947428135263093,0.79306466328986025,-0.2807779763087543,-0.9107139723007609,0.5013773586373395,1.109025501972318,0.09112985119684486,0.6037569393686038,0.8434296930418348,-0.8389402049671412,-0.0636035355084275,-1.164405246866407,0.538011895128182,2.1617719072362394,0.7157758699937069,1.3046064524744638,0.40477119754942553,1.538972484001537,0.11782048793884303,-0.16457192921782365,0.3016027649984831,0.343007889607306,-0.8721473003841148,0.17422662223869828,1.0617776885067918
-3.003949144492893,-0.2763234991164832,0.8638006844628852,-1.8191025057624843,0.054260044805865014,-1.0643623149445753,-3.8844294379203927,0.3208729576632441,-1.6956616609145767,-1.3343477182599817,-1.0505368777668196,-0.40593916377483136,1.9626720212565663,3.99684823012968,-0.8885346282826607,2.1701167725205948,1.4482791713607588,1.7613260100891588,-2.2293845676917483,-2.704137026616198,1.8377828207183655,-0.8960971792483098,-1.126772223275241,1.0602818247333756,1.8201209640998368,0.6963448272848481,0.8434296930418348,1.7409749314927754,-1.7161390444947864,0.24155500870818547,-1.569216854972837,0.634124095060226,4.407882803949644,0.26286949191129194,2.312200748017352,0.04615580767469005,1.7437932414851554,-0.009657735519525262,-1.4698381019102302,0.6579155147877568,0.45618417967704794,-0.4521978982897388,1.0028939904841763,2.259908693406983
3.0826854166817474,0.3347231236201413,-0.9133950636478839,1.887912754142076,-0.03361449401901353,1.0712454646907839,3.8601491745725918,-0.2947483870764452,1.7261867598256506,1.3874660149844202,1.0563491986562057,0.4767194841763692,-1.9514717894823637,-3.9943111048296798,0.9204375032950864,-2.117845927960744,-1.544961461787747,-1.8097212452471476,2.1390750740301643,2.7501955748966593,-1.8082002520240716,0.8803840572007343,1.1233795475899706,-1.0906817971513787,-1.7687587379294596,-0.6633243870307848,-0.8389402049671412,-1.7161390444947864,1.745351238980894,-0.20172587400143197,1.6279768165802848,-0.7120928600831585,-4.397114005879166,-0.26000110550871736,-2.309871976559563,-0.08220257528477995,-1.873184574491723,0.00629648363011888,1.3792304563582236,-0.6694627725137713,-0.48671926359144374,0.48012020043593007,-0.9306352255565933,-2.355479844270344
0.3468101554931105,0.1869652373362161,-0.4218627471659006,0.057109469109997084,0.22197573023143752,0.33797211303064745,-0.4798191506319927,0.0746734918952021,-0.3197914164548412,-0.20659206934548813,-0.1629689869443892,0.6547234183071745,-0.06876735113720768,0.27025601920176096,0.024808336494114083,0.5336866620695143,0.14459092838066492,-0.23562055188889588,-0.6255697965418882,-0.6053133889292475,0.3535459237176737,-0.2580448766904437,0.16681715187101323,0.13204689303207356,0.07789493880372557,0.33044854259692374,-0.0636035355084275,0.24155500870818547,-0.20172587400143197,0.2238664917619481,0.18506232892825067,-0.1639393451628188,0.5706423580586428,-0.4918498815498951,0.145804397410569,-0.35990858438576834,-0.47300096370027783,-0.10686375608683173,-0.7393935269953237,0.10047523057481308,-0.06392561691400228,0.5309062409892313,0.4569966082166218,0.26825982743817794
4.461868799749255,0.7557222837361766,-1.9973957236220512,2.322127833400976,0.4355825097265907,2.0885232200002792,3.613374784584451,-0.2580312234124595,1.3661845666867616,1.1645864956711853,0.9152793813947598,1.9971200545612846,-2.6256905701972637,-4.287286571549274,1.1502241619697937,-1.4452635617036955,-1.402567091250217,-2.6947563497522578,1.3098630580765678,1.887768520839768,-1.4657830744058666,0.48252241292876524,1.7917655055501673,-0.9835237984213214,-2.0943687434759037,-0.09763512769933769,-1.164405246866407,-1.569216854972837,1.6279768165802848,0.18506232892825067,2.3451453348677074,-1.1529911258982488,-4.105540122283061,-1.439603276146544,-2.5071640564413715,-0.8616840853529931,-3.16528612885103,-0.25455817486103455,0.12996245753927235,-0.592442746947462,-0.707112270225368,1.7992437401054038,-0.20718263800956457,-2.1168758220788884
-2.166679635379401,-0.431525243773184,1.0414231607275453,-1.116101918028383,-0.26610984187325354,-1.0338921741307419,-1.5015154283108865,0.08391468278954894,-0.5716210920007397,-0.5212354615709659,-0.3812970698640974,-1.1155052951859767,1.2077995890764488,1.8799242563215506,-0.5532304521953457,0.49030115527050055,0.6730617977842176,1.3150052126177074,-0.37741430921419805,-0.7448326667416563,0.5617934402263977,-0.1427001415646123,-0.8528224782593198,0.4367646284709529,0.8968162994539355,-0.05937843304584828,0.538011895128182,0.634124095060226,-0.7120928600831585,-0.1639393451628188,-1.1529911258982488,0.6234681828224035,1.7217393570953399,0.766200529772312,1.1024727898764604,0.5020029660781644,1.6424863983440625,0.1466130255405307,0.18337492281346926,0.2566879987451242,0.35957521630219336,-0.9667651562280438,-0.06699898108295073,0.9670169364584243
-7.824986317188012,-0.781059107800936,2.3045394162577817,-4.718985442289401,0.09274615893194046,-2.7910268104806177,-9.858913845937227,0.8110899498626287,-4.349396978050238,-3.445301152710289,-2.6808173723958233,-1.1956892485217223,5.076919754737452,10.224686605995666,-2.3165540776691107,5.455643560198687,3.761407253148908,4.594648808326471,-5.563152273498703,-6.878884662035424,4.65654344731393,-2.237763938645968,-2.929175590050364,2.72273034033228,4.640233691254075,1.7133635597862795,2.1617719072362394,4.407882803949644,-4.397114005879166,0.5706423580586428,-4.105540122283061,1.7217393570953399,11.235787244167604,0.7359666408504199,5.918407381336999,0.19000177428810966,4.62797155401392,0.006632499136456007,-3.602568658573336,1.6960611966426564,1.2064183188129693,-1.2759510242564374,2.462930568255882,5.827929046433465
-2.795953353491203,-0.6594292949858631,1.816645266631802,-1.0861099419938873,-0.6732933512928457,-1.7903093355637036,-0.6919569178894295,0.04043305057430083,0.11870288477499073,0.022590104410747432,-0.06058491787953724,-2.3221728403749333,1.513251304021589,1.4906551473408711,-0.5517906127415555,-0.392394950510095,0.10752646638353713,1.7482073617304292,0.5815329237534801,0.5952612702479191,-0.010035070015971523,0.3375763951191808,-1.287964569250856,0.10128884995109073,0.9946122505069401,-0.6341406810012146,0.7157758699937069,0.26286949191129194,-0.26000110550871736,-0.4918498815498951,-1.439603276146544,0.766200529772312,0.7359666408504199,1.8363300515758672,0.9058645269135706,1.1559113954726306,2.3074364912490446,0.379711894511212,1.4108588328268665,0.045520280641701716,0.42560534477817147,-2.056629204784809,-0.7674801066458907,0.1788096072788328
-4.7897282536971915,-0.5922934968142332,1.7006947484833108,-2.7148621842573957,-0.14942032813426095,-1.9379509913462896,-5.202937623602991,0.4229553597161135,-2.1770491665292773,-1.74759875381879,-1.379068751413593,-1.28676138667832,3.0177886832433343,5.625853398565702,-1.3387715558587423,2.653050377757362,1.9473958398141225,2.844699257386275,-2.649328348977387,-3.3217241068481727,2.360391131923598,-1.0357463755717833,-1.8620086388766606,1.414211283432095,2.642795633751488,0.6834203245622547,1.3046064524744638,2.312200748017352,-2.309871976559563,0.145804397410569,-2.5071640564413715,1.1024727898764604,5.918407381336999,0.9058645269135706,3.2686755623613464,0.43408086727507206,3.027409342856329,0.11430130872562402,-1.4142167738323317,0.8755056926429576,0.7396353123464655,-1.2479146408985857,1.0222661115479876,3.017827941561001
-1.6537789950411714,-0.4452204701403051,1.1457785756327443,-0.6330171664389614,-0.4483327058690446,-1.0798128643338625,-0.19585040224069925,-0.017630390677785684,0.16379776726078388,0.06128186363420141,0.023370660249663278,-1.504654903623876,0.8236633706247107,0.7037822412967694,-0.31734891243041996,-0.4195360199010821,0.05219189704172861,1.0405661398519617,0.5706310212608399,0.5081778070229034,-0.14350875103472308,0.2767124745291437,-0.7443764914536777,0.0232071264820212,0.4814433889275225,-0.46935234615897053,0.40477119754942553,0.04615580767469005,-0.08220257528477995,-0.35990858438576834,-0.8616840853529931,0.5020029660781644,0.19000177428810966,1.1559113954726306,0.43408086727507206,0.764012844148912,1.46268746485694,0.2412587211302121,1.0536235807608665,-0.007530653330913791,0.2654219684007688,-1.2970082712250048,-0.6064060238286764,0.04718972842486461
-6.011041350346769,-1.1606734099187948,2.9663973387198257,-3.0228588123386246,-0.7782109982296888,-2.973098295589448,-4.108129521695033,0.23558057174114577,-1.4166244306598,-1.2846661539127051,-0.9969666943108604,-3.190142436606835,3.3641723106564188,5.156595943508543,-1.4863927973484992,1.2881351001499544,1.6735593667454338,3.655457514647897,-1.0130651464734834,-1.8181994824289822,1.491927913450258,-0.35922469720921246,-2.419290795935298,1.1284828706584298,2.546441592611164,-0.21051848028139486,1.538972484001537,1.7437932414851554,-1.873184574491723,-0.47300096370027783,-3.16528612885103,1.6424863983440625,4.62797155401392,2.3074364912490446,3.027409342856329,1.46268746485694,4.524516178986025,0.42225668582734743,0.5919144552142863,0.6481836750823918,0.9683576562066126,-2.79510006645114,-0.21848742968066542,2.4552122416982303
-0.4928062181142268,-0.13047622414893512,0.35072202797547586,-0.1610398098342765,-0.14536063869433433,-0.3471513568893119,0.003464233678624372,0.00734666900504787,0.07556740850292158,0.04818091363561235,0.022978054845894227,-0.48455658132145724,0.27403019562642456,0.17791006689776429,-0.09050470753089393,-0.16026688178852586,-0.03487996057316707,0.31124866060058637,0.20306020685364776,0.2292339024392925,-0.06098862389177071,0.1110757064096482,-0.243422854183753,-0.01824577381562846,0.15817826051904774,-0.16057775199935925,0.11782048793884303,-0.009657735519525262,0.00629648363011888,-0.10686375608683173,-0.25455817486103455,0.1466130255405307,0.006632499136456007,0.379711894511212,0.11430130872562402,0.2412587211302121,0.42225668582734743,0.08943597371228255,0.3505375631665582,-0.006433011040938558,0.07535622918782382,-0.4327290578041814,-0.19368864700446198,-0.04764198266037357
0.2546568705359765,-0.41062637918810213,0.8865989527373289,0.6696047697804559,-0.6903486163201674,-0.606424850967254,3.139050355638743,-0.31680718567796434,1.7098957881074086,1.2393667051181911,0.9491660819099266,-1.8076265010076482,-0.5475953897155832,-2.5047715575967575,0.3161179571218044,-2.519445715218371,-1.164095556045986,-0.04627890877586697,2.798665002989986,3.081323837329426,-1.8255164669903108,1.184822494949721,-0.07246453031097828,-0.8890811804119346,-0.9305772670872668,-1.29194211626575,-0.16457192921782365,-1.4698381019102302,1.3792304563582236,-0.7393935269953237,0.12996245753927235,0.18337492281346926,-3.602568658573336,1.4108588328268665,-1.4142167738323317,1.0536235807608665,0.5919144552142863,0.3505375631665582,2.8243371756529214,-0.5832647735943454,-0.014995342101321968,-1.4616878461802632,-1.7624425353718347,-1.8853329426098433
-1.1185535591331586,-0.1082671865185449,0.29458635273718764,-0.6950702900620724,0.03382026149085332,-0.3681262148632419,-1.4705876418654822,0.12405837970986305,-0.6834698889279307,-0.5421249317078534,-0.411005705588699,-0.11839376493371302,0.7374869667519661,1.5135081799190864,-0.3449049817117809,0.8382918233853105,0.5876220159626183,0.652695498436519,-0.8534150034990603,-1.0789605430235598,0.711626612543327,-0.34616711972134484,-0.40884424538373254,0.4174356645015854,0.6716776368264847,0.2770194214260108,0.3016027649984831,0.6579155147877568,-0.6694627725137713,0.10047523057481308,-0.592442746947462,0.2566879987451242,1.6960611966426564,0.045520280641701716,0.8755056926429576,-0.007530653330913791,0.6481836750823918,-0.006433011040938558,-0.5832647735943454,0.2658189603494351,0.175838308141958,-0.13638545723972936,0.3937953824677439,0.901440206685687
-1.3354470833936976,-0.23894720157901675,0.6050408412406106,-0.7016120798215776,-0.13429488551324653,-0.6191530391053515,-1.058612416943522,0.06873520384038999,-0.40874536364173236,-0.35699821519333214,-0.2695470620589164,-0.6089049670300279,0.7679096952396693,1.2657009724188095,-0.34629470290335984,0.41288254861576607,0.4389950452820324,0.8091902790001513,-0.3614476848542399,-0.5655742682168454,0.4242883652006398,-0.13665295581404033,-0.5270632268153247,0.29866771677051657,0.6046765230280817,0.019503445334201168,0.343007889607306,0.45618417967704794,-0.48671926359144374,-0.06392561691400228,-0.707112270225368,0.35957521630219336,1.2064183188129693,0.42560534477817147,0.7396353123464655,0.2654219684007688,0.9683576562066126,0.07535622918782382,-0.014995342101321968,0.175838308141958,0.21953141899623163,-0.5378548025303402,0.03822833212793285,0.6500595766985094
3.4614345825006247,0.7919299285739636,-2.1211221104324616,1.4215621821909918,0.7498376672572722,2.1082984165602014,1.132767682283273,-0.08001207800884326,0.07717511138129944,0.15050566804102533,0.18462575278961804,2.664205945175288,-1.9156353080459936,-2.0755379162132037,0.7294507355883636,0.23855693362213545,-0.31094066118118185,-2.1544039297578874,-0.46440471206079625,-0.36843672273871775,-0.1749602818660116,-0.3029287444147536,1.5624972264007921,-0.23447415675044717,-1.2827357780969502,0.6524508907476064,-0.8721473003841148,-0.4521978982897388,0.48012020043593007,0.5309062409892313,1.7992437401054038,-0.9667651562280438,-1.2759510242564374,-2.056629204784809,-1.2479146408985857,-1.2970082712250048,-2.79510006645114,-0.4327290578041814,-1.4616878461802632,-0.13638545723972936,-0.5378548025303402,2.3653466083565324,0.7758510464752191,-0.4746229445716094
-0.4120720450391114,0.22705636882690736,-0.4387880409689326,-0.5250388273066156,0.40205434226946934,0.23499524150974535,-2.143668532298396,0.22652188698344916,-1.1220584266120384,-0.8079903126574021,-0.6380911046700339,0.9996731582320705,0.5262758084964196,1.8008821518754694,-0.25722562291223544,1.6466326293041105,0.7517957667508555,0.1816257317516787,-1.8254071459651664,-1.972810992888369,1.221609069797357,-0.7554747817043994,-0.08074320623972134,0.5878575691994185,0.7288708859838653,0.8047125221408349,0.17422662223869828,1.0028939904841763,-0.9306352255565933,0.4569966082166218,-0.20718263800956457,-0.06699898108295073,2.462930568255882,-0.7674801066458907,1.0222661115479876,-0.6064060238286764,-0.21848742968066542,-0.19368864700446198,-1.7624425353718347,0.3937953824677439,0.03822833212793285,0.7758510464752191,1.1251680472219021,1.2357508531360712
-3.9689894207622176,-0.4543542550733181,1.1217040946624621,-2.518527232858375,0.08427174346446605,-1.2793808902093318,-5.112581889428717,0.3545655601762808,-2.356874326378472,-1.923091761991969,-1.4187458438172156,-0.4993970289682414,2.450378092855873,5.230217044083637,-1.2167880387242782,2.8281524386988615,2.1813644437462436,2.3243960754199793,-2.831044516931604,-3.8091492797662556,2.3951537208145104,-1.203754042499823,-1.378124118272146,1.493375476472714,2.2199056585220402,0.9150595981007329,1.0617776885067918,2.259908693406983,-2.355479844270344,0.26825982743817794,-2.1168758220788884,0.9670169364584243,5.827929046433465,0.1788096072788328,3.017827941561001,0.04718972842486461,2.4552122416982303,-0.04764198266037357,-1.8853329426098433,0.901440206685687,0.6500595766985094,-0.4746229445716094,1.2357508531360712,3.2630816983410416
