V1,V2,V3,V4,V5,V6,V7,V8,V9,V10,V11,V12,V13,V14,V15,V16,V17,V18,V19,V20,V21,V22,V23,V24,V25,V26,V27,V28,V29,V30,V31,V32,V33,V34,V35,V36,V37,V38,V39,V40,V41,V42,V43,V44,V45,V46,V47,V48,V49
1.454765654341898,-0.35311711111909316,-3.710935184655737,-2.1967254164788517,-0.5461558837545881,-1.1475865207942209,-0.3589632744627217,2.1778759808449326,-1.638016652350953,-1.7669417862728776,-0.7475071958331211,1.8637713508902416,-1.5275426899850832,-2.524020966616994,1.4202490579072913,-0.14656484307069584,1.3563033750673728,-0.5452498160777239,3.556779671999427,-2.224235302853623,0.9953952948126509,0.23263404701850318,0.22091035973952894,2.3675341547391047,1.163127523572586,-3.1015756652089927,0.586180636923035,-2.140627160822138,1.953258530490158,0.30104833907426365,-1.1616981374569368,2.249729988995126,1.0375668329442989,-0.6332591059519882,-1.6354316064126768,-1.6925383462660568,0.2891908039392534,-0.9772785905759359,0.1462015634966126,-0.716626354430731,1.4171665116031915,1.1785109617042127,-1.1849098448976723,2.032916477673637,-1.7715739415874951,2.5955351948342846,0.3305945762348716,-0.5284962330720953,-0.2943327375985888
-0.35311711111909316,0.3319488706025535,1.9125924182459362,0.7609080085046689,0.7306896089383208,0.8831989138744316,-0.06723971290032499,-0.9208142323263082,0.8887560543188746,1.0581538176961276,0.6953554577574674,-0.46721864872033986,0.4695546896530541,1.3766299149999537,-0.6237981703526498,0.21033102792607916,-0.8219388416292414,0.09885440367059187,-2.0496180279907543,0.9096388530176175,-0.15893655576774493,-0.10492010721229776,0.39938696556895703,-1.2248160779260244,-0.3418591054856942,1.2879377511167145,-0.2819415261863294,0.7434959695785108,-0.7245606406880608,-0.11600355852094152,0.7281895262804904,-0.7523895435483181,-0.3601843873717312,0.341021128404454,0.550332241829487,0.8812583333716676,-0.4961667139872256,0.5166134446214442,-0.30658989107611856,0.14615354052676857,-1.0258365313997977,-0.14642047618327342,0.782253858332126,-1.3459303446024073,0.6553477679075825,-1.4776290251935136,-0.26769688702232997,0.2372439611298665,0.31534362206595484
-3.710935184655737,1.9125924182459362,17.64790017351985,8.027718018545055,5.750864869359693,7.36329778702371,-0.14130751042574044,-9.004367902930767,7.700353152212123,10.199700286537034,5.550685032467477,-5.75498592367965,2.951309637164742,12.565455103394472,-6.635434835421737,1.017424125292835,-6.4281011238476955,1.3449831918180932,-18.72842898855014,8.543782833463663,-2.736068151297458,0.581742432839182,3.942865556519911,-11.070149022300784,-3.99860217712163,12.452182929362053,-2.8836162350204235,6.172520044040318,-7.273468206093746,-2.2897249284789236,5.284603228099652,-7.581528260580428,-5.327457500973503,1.3694004499950525,6.731548611567862,7.3798493823562135,-3.2218532579804684,4.646956714866752,-2.4462512084802253,3.434478224147272,-8.272600493609284,-1.350441181426351,6.617153458166343,-10.995395773787621,5.983756136496365,-13.08099827823146,-3.0985491354674872,2.2447335260524426,2.864988044960444
-2.1967254164788517,0.7609080085046689,8.027718018545055,4.212643723934048,2.069246860526699,3.0561629226782574,0.28369840059343204,-4.380576574237613,3.4411437467110026,4.39034452165779,2.1208816306727996,-3.2132268527060344,1.8216250956253357,5.64221740087311,-3.1391611424458405,0.35116542289382,-2.793222112568088,0.8203694246531478,-8.304172606703707,4.18950864481433,-1.6973633277066282,0.11789249985311814,1.0759164563867947,-5.059263672747843,-2.168321332058446,6.167755151153284,-1.3399066039460137,3.3754717769843476,-3.71619856235515,-1.017209621762824,2.3057689059082147,-4.039369265564058,-2.59538268771017,0.609080637642089,3.4175622996996666,3.336598420167419,-1.0893406138701198,2.118560874324566,-0.8688631353827503,1.819672217142001,-3.4264066970010565,-1.2172612060075854,2.882414702399282,-4.664518241760119,3.138746874626878,-5.82521266326232,-1.2970611649619463,1.0837433613880036,1.0849501484123798
-0.5461558837545881,0.7306896089383208,5.750864869359693,2.069246860526699,2.5948616787479772,2.8237851285991793,-0.446127964707874,-2.650818876959868,2.507426391515471,3.6958978539398504,2.255984212638818,-1.1722388314847367,0.14300392735863876,4.219630527898584,-2.0960643447696468,0.46103123050343925,-2.1192298240958554,0.18447341459597608,-6.4590018503270095,2.376471636117645,-0.42827630408105943,0.4678094816427857,2.2830214642878763,-3.5709454174851447,-0.9402371577556546,3.5840363872257512,-0.9214541173298295,1.1918643882982725,-1.9339543496512788,-0.8620666363640296,1.6974677337623132,-1.7820094340136285,-1.7646810712967946,0.20266583390833093,1.9056625842583743,2.3063276967257265,-1.4949636928260068,1.522022781084189,-1.1629999886849085,1.037816674723469,-3.0558042481535788,0.4177908341330926,2.4097689960744546,-3.949275552842351,1.4477442886784453,-4.4288516163940566,-1.3175685172013865,0.6942018059047681,1.2198923681784397
-1.1475865207942209,0.8831989138744316,7.36329778702371,3.0561629226782574,2.8237851285991793,3.3854485312718574,-0.32119817983237736,-3.5941301063895823,3.2075429363693404,4.493522700168652,2.6273312570495517,-1.9461543067969689,0.7087101579134754,5.303809320154926,-2.728059524902919,0.5015311821751669,-2.755531499496185,0.3934889864965337,-8.072976875084807,3.3091052345586482,-0.84814999392168,0.3912600304451374,2.2622768210913673,-4.5992492682359165,-1.4559043451094273,4.909843256488798,-1.2419373895800168,2.1201967422150036,-2.7943296955067978,-1.0062689827465725,2.2098754670643435,-2.7786760013838596,-2.212354855991038,0.4344111741551406,2.6067295546894633,3.027567640138952,-1.6417061542682583,1.95106590449091,-1.2709276862387218,1.3758213947008358,-3.7214138287480245,-0.037007577891975396,2.9565510493877123,-4.831559584466383,2.2315703750903535,-5.591391453951182,-1.4449945093330963,0.9188379224225885,1.3732072420058958
-0.3589632744627217,-0.06723971290032499,-0.14130751042574044,0.28369840059343204,-0.446127964707874,-0.32119817983237736,0.2899853773518136,-0.0860536664985605,-0.0798195880213452,-0.36298564895394847,-0.3594911571805868,-0.4045144769611811,0.4549342008836015,-0.14538099506241745,0.014094244199494774,-0.06708857981363983,0.14743221624386793,0.14426668357051736,0.3863639758715984,0.16167906399680032,-0.28264420761354586,-0.1936662773391399,-0.6487471291814869,0.08435194615936906,-0.19808524402360392,0.21441314149680332,0.05945362735774187,0.411310254291304,-0.20123535070693446,0.08330816134730691,-0.0637736661177376,-0.3420767464984177,0.013650345511034013,0.06433700787219465,0.16181472956312765,-0.06465026849387599,0.31685609453250463,-0.03854594643926468,0.24568044283917204,0.07959018986750906,0.33119802884139155,-0.4854467868500983,-0.21278257932317757,0.3485683602650814,0.23818960110372678,0.21619609440019485,0.14757252336159418,0.023949829923354694,-0.19240374722791773
2.1778759808449326,-0.9208142323263082,-9.004367902930767,-4.380576574237613,-2.650818876959868,-3.5941301063895823,-0.0860536664985605,4.8572515193210535,-3.9225051541307687,-5.128620724732348,-2.646192637766799,3.2173632451888694,-1.8633369916756075,-6.376718789613841,3.4610308241708054,-0.48062147550696865,3.289844491479453,-0.8265953577072547,9.451520997033162,-4.5529349011947415,1.6169009709352387,-0.19377040920900904,-1.59312370895159,5.714715096607396,2.1998688831315634,-6.708759375812169,1.4737029047456016,-3.4922683082451025,3.9422076150481282,1.105313555482093,-2.697484603009685,4.187519797474739,2.774054275777499,-0.8155044484169622,-3.588372048563787,-3.8536723557981905,1.489818549373646,-2.375335469841022,1.1562192394770772,-1.8253329552988493,4.062046675514789,1.0983605963271086,-3.345715230726917,5.539761935207111,-3.2852980385942456,6.6500411369961565,1.4898893051803976,-1.1569484290397731,-1.321857868247649
-1.638016652350953,0.8887560543188746,7.700353152212123,3.4411437467110026,2.507426391515471,3.2075429363693404,-0.0798195880213452,-3.9225051541307687,3.4317847090500364,4.40714837072454,2.45894183897542,-2.462320685781695,1.5002848048156774,5.489221489915788,-2.8442516964782385,0.5042989608545244,-2.9139189976115687,0.5717292951408947,-8.160098022565617,3.771733144886517,-1.1283322518185666,0.13781527083611794,1.6054076094874632,-4.857409878427151,-1.7105184152038417,5.422111552034346,-1.243394061025313,2.8395075732960517,-3.1583945774524187,-0.8961622102214674,2.450633874826136,-3.327910700710724,-2.1437441607648844,0.7902670550495419,2.8296535636938804,3.3163210489674135,-1.4829768920826258,2.0311548936435484,-1.0693592394422133,1.3119677287004583,-3.6679814970234075,-0.6774227529516613,2.8694920167131412,-4.874883818172034,2.6431926260249203,-5.7301645408674675,-1.2488267570657585,0.9520974870540143,1.2320865103018888
-1.7669417862728776,1.0581538176961276,10.199700286537034,4.39034452165779,3.6958978539398504,4.493522700168652,-0.36298564895394847,-5.128620724732348,4.40714837072454,6.322128787753718,3.462868040297825,-2.9532994633265526,1.0197943999203878,7.297922257841724,-3.9019735166924914,0.5748870773662814,-3.6825281558254517,0.6602597983348291,-11.107787124483552,4.7230837994860835,-1.387197514149546,0.7293529697689918,3.0172952807527085,-6.4042462056974445,-2.1463771445806286,6.992553568279989,-1.7372622929475245,2.9603278894670724,-3.998202271173163,-1.5285564544296002,2.9085647843414906,-4.0114223226699846,-3.317078215887069,0.5101652576702423,3.844319411702622,4.219226146641526,-2.0814260816853936,2.6880244908853643,-1.6482031489086406,2.0988120729131077,-4.950392717138478,-0.2253299771892332,4.024075866664673,-6.549408467892163,3.158541308301065,-7.640107135393258,-2.046482117554154,1.2700249458249346,1.821452038043508
-0.7475071958331211,0.6953554577574674,5.550685032467477,2.1208816306727996,2.255984212638818,2.6273312570495517,-0.3594911571805868,-2.646192637766799,2.45894183897542,3.462868040297825,2.1487640572687314,-1.2945495813409678,0.4353253200519511,4.002709084101038,-2.019168671821756,0.39856469575251025,-2.199652254100291,0.24829162109000066,-6.120051641997673,2.423600875917423,-0.4904329038275713,0.316444103383069,1.8714754317778224,-3.4535722560615962,-0.9689060156187088,3.5260777983132803,-0.946733855535776,1.4807896598522303,-1.9805336156241182,-0.7287249007131015,1.717198097578388,-1.9209230612548995,-1.5595928168955464,0.4330309390981513,1.800722798203565,2.3391323049504344,-1.3482678901373362,1.4776081970543598,-1.0274987825253812,0.8989561079604378,-2.939553937789676,0.08517428609350386,2.2469805469053434,-3.7846372813601614,1.5648281620586755,-4.264293325736021,-1.0450025524665416,0.6672927247774555,1.093233721376823
1.8637713508902416,-0.46721864872033986,-5.75498592367965,-3.2132268527060344,-1.1722388314847367,-1.9461543067969689,-0.4045144769611811,3.2173632451888694,-2.462320685781695,-2.9532994633265526,-1.2945495813409678,2.6589521410045607,-1.6313604078410995,-3.9978920417713084,2.2781531197295477,-0.17749723635863054,1.9197974839963938,-0.7116185190754487,5.728728766526971,-3.1732097127145984,1.4351134456850738,-0.0020976908094596683,-0.3360260047698843,3.6030242944391215,1.7046272322790597,-4.567438775431254,0.9267723352572831,-2.707713906405349,2.8172715538054924,0.7150729806982696,-1.6053457190211615,3.145147522477413,1.889475672526879,-0.5028619692508565,-2.60271955218027,-2.38989992492616,0.5263491640763576,-1.5067186525456722,0.41532915731572473,-1.3764256461992592,2.2437025960753934,1.2318811538859362,-1.882692177590174,3.1240929716412387,-2.4091817772499753,4.055323726560012,0.8213346053265472,-0.7990097881218714,-0.6595083685146664
-1.5275426899850832,0.4695546896530541,2.951309637164742,1.8216250956253357,0.14300392735863876,0.7087101579134754,0.4549342008836015,-1.8633369916756075,1.5002848048156774,1.0197943999203878,0.4353253200519511,-1.6313604078410995,2.3939443104737075,1.9831031641821408,-0.9429282335888078,0.29932276892495513,-1.3679643587339398,0.5204360727111136,-2.5996274386750384,2.0839880254323844,-0.7902326491980847,-0.8074748106304139,-1.0655850431732794,-2.0266336495213095,-0.982090658814605,2.729346451706355,-0.3488818062697516,2.565373304111144,-1.724258526682246,0.18758704032225754,1.4284741118463034,-2.160547782585159,-0.20621162953553132,1.2511078743761304,1.1004309648948989,1.6986248889211835,-0.2790320385113015,0.7734343410571719,0.06313390529564074,2.6790838315999437e-4,-1.1212416147495907,-1.6571923589885516,0.8293178101992924,-1.72161741883404,1.781209798648497,-2.0694469204380694,0.15767954715750815,0.3723112027371438,0.01277504512520408
-2.524020966616994,1.3766299149999537,12.565455103394472,5.64221740087311,4.219630527898584,5.303809320154926,-0.14538099506241745,-6.376718789613841,5.489221489915788,7.297922257841724,4.002709084101038,-3.9978920417713084,1.9831031641821408,8.993769119834075,-4.72421911279581,0.7627108287966388,-4.555023995412026,0.9113431877168853,-13.4006315935322,6.017415728646834,-1.8883405057395497,0.449772476821129,2.948588613888365,-7.8735998500097315,-2.80476799555259,8.82423526621376,-2.033693729914129,4.277058041958445,-5.117007359020368,-1.6446547272614833,3.7663863852627757,-5.306019935838002,-3.8080352398517148,0.9057386622353306,4.772293960229727,5.213689441413399,-2.367944991526111,3.309759596293954,-1.8150512661474765,2.4536293278270063,-5.926471371255788,-0.8190740741496305,4.734349700719809,-7.8662111353186495,4.1761745725852775,-9.34187895799779,-2.2752987883713782,1.587342049865206,2.0914278360541925
1.4202490579072913,-0.6237981703526498,-6.635434835421737,-3.1391611424458405,-2.0960643447696468,-2.728059524902919,0.014094244199494774,3.4610308241708054,-2.8442516964782385,-3.9019735166924914,-2.019168671821756,2.2781531197295477,-0.9429282335888078,-4.72421911279581,2.600897873555498,-0.30205125313114445,2.313050468614691,-0.5353615029361598,7.071423753931868,-3.222868324266337,1.154377947769698,-0.3698383462358122,-1.5411996458852593,4.159919895810466,1.5768485679985307,-4.787259090558555,1.1198045941142307,-2.24336915872089,2.7914918050015363,0.97198372097689,-1.8526133140483676,2.9146625874550325,2.219857099483428,-0.3209774397028479,-2.6881863748833026,-2.704380601037717,1.1163601940930354,-1.7542784894256345,0.928084461341413,-1.4962618844144873,3.0136055774073167,0.4816466554523169,-2.4832236292142733,4.039752925992393,-2.250988032558911,4.8934613206670745,1.2604906977997838,-0.8503773566914165,-1.081366779358184
-0.14656484307069584,0.21033102792607916,1.017424125292835,0.35116542289382,0.46103123050343925,0.5015311821751669,-0.06708857981363983,-0.48062147550696865,0.5042989608545244,0.5748870773662814,0.39856469575251025,-0.17749723635863054,0.29932276892495513,0.7627108287966388,-0.30205125313114445,0.18442519834606358,-0.4531778255237108,0.03472000638440354,-1.112268899505062,0.4823074444919581,-0.029510693914167517,-0.09130296140857944,0.21046245183384463,-0.649425456635795,-0.1628587225724153,0.6796348315160187,-0.12464241035729981,0.40549548164065863,-0.3738669146240032,-0.021904396334718003,0.4342960563439086,-0.37744522738371744,-0.13987494111244786,0.22763688197479792,0.25223630687569937,0.4839409243189996,-0.34117564572131787,0.26539335459148483,-0.18961187542352947,0.018800982528239446,-0.5824239242673345,-0.05311429781008864,0.4287110906395181,-0.7635323691635851,0.3340558998693561,-0.7991848408692458,-0.13845155395029693,0.12100038974656777,0.1713372662256972
1.3563033750673728,-0.8219388416292414,-6.4281011238476955,-2.793222112568088,-2.1192298240958554,-2.755531499496185,0.14743221624386793,3.289844491479453,-2.9139189976115687,-3.6825281558254517,-2.199652254100291,1.9197974839963938,-1.3679643587339398,-4.555023995412026,2.313050468614691,-0.4531778255237108,2.6628205284665425,-0.45655486139854295,6.830926147537861,-3.1360416407571186,0.817251013517969,0.01852802352169338,-1.3171761195277298,4.087469712059117,1.3319486607069362,-4.458683461535441,1.073054704946023,-2.473978261105068,2.5967886298382967,0.6184837083681957,-2.192581702925986,2.7340473394905813,1.5652094158990224,-0.9116532054991541,-2.1586400172887603,-2.9045291752534164,1.3502209984567692,-1.7105080535894195,0.9464221839413376,-0.8728660990019422,3.2252408713101355,0.6295973373433571,-2.455193937321151,4.254618177982754,-2.230981412546285,4.869212236937593,0.8935886371496383,-0.7740459892662689,-1.0312985695593557
-0.5452498160777239,0.09885440367059187,1.3449831918180932,0.8203694246531478,0.18447341459597608,0.3934889864965337,0.14426668357051736,-0.8265953577072547,0.5717292951408947,0.6602597983348291,0.24829162109000066,-0.7116185190754487,0.5204360727111136,0.9113431877168853,-0.5353615029361598,0.03472000638440354,-0.45655486139854295,0.22732601060430135,-1.2660152966144078,0.8097831606470426,-0.3936230621635355,-0.04767981526027787,-0.08017657313502456,-0.8510092213610999,-0.4373538306309708,1.153560093154186,-0.20391383413743702,0.7385973461549533,-0.7275992367142621,-0.13614231527979012,0.36295185974438754,-0.8168261086707486,-0.4451527401298491,0.1959317379940823,0.637718221552178,0.5983949369444863,-0.06357864960964969,0.34770659331926723,-0.039405153547506636,0.3274451761437444,-0.4750361881910971,-0.44527466552364586,0.42505830841521836,-0.7164357105387024,0.634104565011981,-0.9287133139112708,-0.14323559190107035,0.20182779930786696,0.09609470033055692
3.556779671999427,-2.0496180279907543,-18.72842898855014,-8.304172606703707,-6.4590018503270095,-8.072976875084807,0.3863639758715984,9.451520997033162,-8.160098022565617,-11.107787124483552,-6.120051641997673,5.728728766526971,-2.5996274386750384,-13.4006315935322,7.071423753931868,-1.112268899505062,6.830926147537861,-1.2660152966144078,20.18375257265855,-8.848943936765801,2.696280177995193,-0.8553556644045749,-4.812249546406035,11.774387760469539,4.096427439693215,-13.042840523001644,3.1199275264469954,-6.1073298659351485,7.525223686785982,2.5494873678700167,-5.60004878609955,7.748188043823409,5.744612047781769,-1.214666032687279,-7.05943528551276,-7.776261776361148,3.677606485796576,-4.943755418341355,2.853293310067929,-3.6710701233618672,8.971957385669494,0.9123568240033728,-7.205354924761693,11.84739457177622,-6.112910613106245,13.995524159055261,3.4993517124358497,-2.3374960540772265,-3.2118317370638345
-2.224235302853623,0.9096388530176175,8.543782833463663,4.18950864481433,2.376471636117645,3.3091052345586482,0.16167906399680032,-4.5529349011947415,3.771733144886517,4.7230837994860835,2.423600875917423,-3.1732097127145984,2.0839880254323844,6.017415728646834,-3.222868324266337,0.4823074444919581,-3.1360416407571186,0.8097831606470426,-8.848943936765801,4.4401897769658145,-1.5729314420841713,0.042222666465514466,1.2204491208572523,-5.415113590478417,-2.134547613895365,6.369279941687523,-1.3766226362249105,3.565129942125403,-3.790657931822673,-0.9701169864780517,2.6456587175209556,-4.102492621041599,-2.4895038515799928,0.937549326348302,3.379934927365505,3.7109204173093016,-1.364264386217778,2.2531220196389117,-0.9635419724873328,1.5936883548709178,-3.8132375944172927,-1.2400520117915381,3.087928914665315,-5.186835365436075,3.2373645508077757,-6.24080107857154,-1.2886076716087436,1.1069059316235577,1.1808631047699873
0.9953952948126509,-0.15893655576774493,-2.736068151297458,-1.6973633277066282,-0.42827630408105943,-0.84814999392168,-0.28264420761354586,1.6169009709352387,-1.1283322518185666,-1.387197514149546,-0.4904329038275713,1.4351134456850738,-0.7902326491980847,-1.8883405057395497,1.154377947769698,-0.029510693914167517,0.817251013517969,-0.3936230621635355,2.696280177995193,-1.5729314420841713,0.8347719737655339,-0.043846985711213336,-0.05124427577343898,1.7198297886618472,0.9161224953340041,-2.3296476186705504,0.45362965428486757,-1.350774837923398,1.447273423854646,0.39400681798521126,-0.6733321766919134,1.6383037104523681,1.0483974015595805,-0.12910568863708735,-1.392414765375635,-1.092576661496253,0.13191311510788709,-0.7196954709167975,0.14977280005281568,-0.8093805598625383,0.9469561264116707,0.6830230371264255,-0.8768890135117343,1.3717921145300667,-1.2292334594149743,1.8856560575739816,0.43294113185711797,-0.3992547567553407,-0.27029886381445606
0.23263404701850318,-0.10492010721229776,0.581742432839182,0.11789249985311814,0.4678094816427857,0.3912600304451374,-0.1936662773391399,-0.19377040920900904,0.13781527083611794,0.7293529697689918,0.316444103383069,-0.0020976908094596683,-0.8074748106304139,0.449772476821129,-0.3698383462358122,-0.09130296140857944,0.01852802352169338,-0.04767981526027787,-0.8553556644045749,0.042222666465514466,-0.043846985711213336,0.5790772940848157,0.9172199115194375,-0.30238036240479493,-0.06598503465773617,0.20057478212966243,-0.17656626802720146,-0.5249095464278262,-0.0658396767101677,-0.4387110939482325,-0.1612374100499364,0.08008112661375472,-0.6477905483245606,-0.5239577195126306,0.3794394843887233,0.02450544916179394,-0.13496923451365206,0.1430500075065485,-0.25142555633282304,0.5058970605298265,-0.27928098284478076,0.575571360434498,0.3053945304385707,-0.3167509349091051,-0.14557542626256711,-0.4280389255034907,-0.4619247900508332,0.0661410723465745,0.28064420844590593
0.22091035973952894,0.39938696556895703,3.942865556519911,1.0759164563867947,2.2830214642878763,2.2622768210913673,-0.6487471291814869,-1.59312370895159,1.6054076094874632,3.0172952807527085,1.8714754317778224,-0.3360260047698843,-1.0655850431732794,2.948588613888365,-1.5411996458852593,0.21046245183384463,-1.3171761195277298,-0.08017657313502456,-4.812249546406035,1.2204491208572523,-0.05124427577343898,0.9172199115194375,2.710838809269456,-2.3982758097727275,-0.42749699327351875,2.0391110240310213,-0.7398058293808794,-0.1439891517292821,-0.9806760915186384,-0.962140991068759,0.8964009535908135,-0.6509076380816717,-1.588625660360379,-0.45919513621235253,1.2984625974053063,1.3615233172333059,-1.2242003394224381,1.0446069117910264,-1.1130031699823248,1.0018581283883476,-2.2847666615005346,1.1989183744338494,1.8418220852557752,-2.819505984715585,0.4983701121467448,-3.126599986763282,-1.313575426228855,0.4383032358633207,1.1363381661189083
2.3675341547391047,-1.2248160779260244,-11.070149022300784,-5.059263672747843,-3.5709454174851447,-4.5992492682359165,0.08435194615936906,5.714715096607396,-4.857409878427151,-6.4042462056974445,-3.4535722560615962,3.6030242944391215,-2.0266336495213095,-7.8735998500097315,4.159919895810466,-0.649425456635795,4.087469712059117,-0.8510092213610999,11.774387760469539,-5.415113590478417,1.7198297886618472,-0.30238036240479493,-2.3982758097727275,7.030746295024962,2.5091631990904744,-7.91994213977665,1.8034969588581737,-3.983350332016302,4.587132429685501,1.3885898218388184,-3.4199818327058007,4.816018747660805,3.2715864811245288,-0.9667018740330467,-4.20589719401691,-4.731422372415429,2.0610950485661093,-2.92609080105321,1.546109065586817,-2.0558893972138885,5.192266159010505,0.9444510536980395,-4.1951384283813935,6.96531414545184,-3.820335608639572,8.23155614819121,1.9202264190364342,-1.3808326846944898,-1.762843975163097
1.163127523572586,-0.3418591054856942,-3.99860217712163,-2.168321332058446,-0.9402371577556546,-1.4559043451094273,-0.19808524402360392,2.1998688831315634,-1.7105184152038417,-2.1463771445806286,-0.9689060156187088,1.7046272322790597,-0.982090658814605,-2.80476799555259,1.5768485679985307,-0.1628587225724153,1.3319486607069362,-0.4373538306309708,4.096427439693215,-2.134547613895365,0.9161224953340041,-0.06598503465773617,-0.42749699327351875,2.5091631990904744,1.158171179702866,-3.1232393720018745,0.6664412113081861,-1.7596408009580065,1.9178734482845012,0.5281493122123304,-1.1285210133455577,2.111145603700436,1.3280192389656948,-0.2695002804679445,-1.7899322884180486,-1.6361199859422335,0.4705352083582263,-1.0363312256160646,0.37267170700431473,-0.9718920739689868,1.6263025747361963,0.6799407357671323,-1.3723434075309597,2.2140068376392863,-1.61245760364359,2.8567217660658124,0.6320495146880523,-0.5428928043740137,-0.5081413280288045
-3.1015756652089927,1.2879377511167145,12.452182929362053,6.167755151153284,3.5840363872257512,4.909843256488798,0.21441314149680332,-6.708759375812169,5.422111552034346,6.992553568279989,3.5260777983132803,-4.567438775431254,2.729346451706355,8.82423526621376,-4.787259090558555,0.6796348315160187,-4.458683461535441,1.153560093154186,-13.042840523001644,6.369279941687523,-2.3296476186705504,0.20057478212966243,2.0391110240310213,-7.91994213977665,-3.1232393720018745,9.392568513616284,-2.01196310217997,4.966944264001466,-5.520924233790932,-1.5205220613961645,3.7477797691705983,-5.922284630351192,-3.85302931458298,1.0871719702922382,5.048735428039118,5.299921424066447,-2.0116758100240024,3.2929098517027655,-1.5368279690073343,2.542265287371769,-5.531343549691078,-1.6024564575645461,4.6078627577221125,-7.565448097659278,4.644782462255945,-9.148423938094986,-2.086343645934887,1.6146273759484902,1.783912699464423
0.586180636923035,-0.2819415261863294,-2.8836162350204235,-1.3399066039460137,-0.9214541173298295,-1.2419373895800168,0.05945362735774187,1.4737029047456016,-1.243394061025313,-1.7372622929475245,-0.946733855535776,0.9267723352572831,-0.3488818062697516,-2.033693729914129,1.1198045941142307,-0.12464241035729981,1.073054704946023,-0.20391383413743702,3.1199275264469954,-1.3766226362249105,0.45362965428486757,-0.17656626802720146,-0.7398058293808794,1.8034969588581737,0.6664412113081861,-2.01196310217997,0.5405311333518004,-0.9691993265242375,1.1985117469705657,0.4204465949892975,-0.8303854788322331,1.2509955840515183,0.9198775743692665,-0.15892093428519563,-1.1145436527172916,-1.1937129686546843,0.5280850042900872,-0.7632315812645737,0.43056532204745834,-0.6137102430853651,1.3812987978272722,0.1581661750097771,-1.1041107372329801,1.7861324204643403,-0.9769426138129156,2.150758086302773,0.507206371614307,-0.3627225357341215,-0.49059670377570136
-2.140627160822138,0.7434959695785108,6.172520044040318,3.3754717769843476,1.1918643882982725,2.1201967422150036,0.411310254291304,-3.4922683082451025,2.8395075732960517,2.9603278894670724,1.4807896598522303,-2.707713906405349,2.565373304111144,4.277058041958445,-2.24336915872089,0.40549548164065863,-2.473978261105068,0.7385973461549533,-6.1073298659351485,3.565129942125403,-1.350774837923398,-0.5249095464278262,-0.1439891517292821,-3.983350332016302,-1.7596408009580065,4.966944264001466,-0.9691993265242375,3.5355748458684286,-3.069923395986919,-0.35682864869005193,2.234020867678307,-3.546035692095848,-1.378392384393497,1.2298210381225683,2.4295159369069377,2.9023383174265143,-0.8145653810542236,1.629474768782361,-0.44187487762039407,0.8575921353376194,-2.628140205619646,-1.7227737436622914,2.0502212339465316,-3.62896939417086,2.8307748338500716,-4.460703791365746,-0.4926722761825138,0.8015745369825609,0.600414315119017
1.953258530490158,-0.7245606406880608,-7.273468206093746,-3.71619856235515,-1.9339543496512788,-2.7943296955067978,-0.20123535070693446,3.9422076150481282,-3.1583945774524187,-3.998202271173163,-1.9805336156241182,2.8172715538054924,-1.724258526682246,-5.117007359020368,2.7914918050015363,-0.3738669146240032,2.5967886298382967,-0.7275992367142621,7.525223686785982,-3.790657931822673,1.447273423854646,-0.0658396767101677,-0.9806760915186384,4.587132429685501,1.9178734482845012,-5.520924233790932,1.1985117469705657,-3.069923395986919,3.3315217053300987,0.8724410466090498,-2.1621455296258083,3.6069827585605565,2.2424067950149418,-0.6683777878018851,-3.0082073991735725,-3.080857030545256,1.0644314062197935,-1.9036399721929933,0.7961567408117847,-1.533807407524416,3.1680094148852986,1.0971242242676988,-2.6125650307222865,4.297607642877102,-2.818479319533892,5.292582103176053,1.1223625531007524,-0.967137867013986,-0.9845899900272505
0.30104833907426365,-0.11600355852094152,-2.2897249284789236,-1.017209621762824,-0.8620666363640296,-1.0062689827465725,0.08330816134730691,1.105313555482093,-0.8961622102214674,-1.5285564544296002,-0.7287249007131015,0.7150729806982696,0.18758704032225754,-1.6446547272614833,0.97198372097689,-0.021904396334718003,0.6184837083681957,-0.13614231527979012,2.5494873678700167,-0.9701169864780517,0.39400681798521126,-0.4387110939482325,-0.962140991068759,1.3885898218388184,0.5281493122123304,-1.5205220613961645,0.4204465949892975,-0.35682864869005193,0.8724410466090498,0.561589381221298,-0.4276810060387741,0.8273543583448465,1.0504614360195375,0.25587012824716815,-1.0507068751200606,-0.7735172030675681,0.3608105327400964,-0.5912685357956222,0.3823033237294442,-0.7742583590384022,1.0103294286016562,-0.18855554910127126,-0.8852190287767635,1.310563384583236,-0.5899026724593902,1.6609452719970241,0.6547479901487921,-0.2992119820683707,-0.47424429361356607
-1.1616981374569368,0.7281895262804904,5.284603228099652,2.3057689059082147,1.6974677337623132,2.2098754670643435,-0.0637736661177376,-2.697484603009685,2.450633874826136,2.9085647843414906,1.717198097578388,-1.6053457190211615,1.4284741118463034,3.7663863852627757,-1.8526133140483676,0.4342960563439086,-2.192581702925986,0.36295185974438754,-5.60004878609955,2.6456587175209556,-0.6733321766919134,-0.1612374100499364,0.8964009535908135,-3.4199818327058007,-1.1285210133455577,3.7477797691705983,-0.8303854788322331,2.234020867678307,-2.1621455296258083,-0.4276810060387741,1.9654296460556502,-2.345910472030035,-1.1372276493610842,0.8603057444441546,1.769182616793648,2.4439452806325597,-1.1407330622512148,1.400961177676859,-0.7435230978360641,0.5857513258801942,-2.616142463076566,-0.6331425694258107,1.9803920737629326,-3.4772597422905065,1.9145538355198326,-3.9940951529952597,-0.6914960931382855,0.606675661785223,0.8079030850210954
2.249729988995126,-0.7523895435483181,-7.581528260580428,-4.039369265564058,-1.7820094340136285,-2.7786760013838596,-0.3420767464984177,4.187519797474739,-3.327910700710724,-4.0114223226699846,-1.9209230612548995,3.145147522477413,-2.160547782585159,-5.306019935838002,2.9146625874550325,-0.37744522738371744,2.7340473394905813,-0.8168261086707486,7.748188043823409,-4.102492621041599,1.6383037104523681,0.08008112661375472,-0.6509076380816717,4.816018747660805,2.111145603700436,-5.922284630351192,1.2509955840515183,-3.546035692095848,3.6069827585605565,0.8273543583448465,-2.345910472030035,4.010099615961629,2.2453511802861867,-0.832728419289645,-3.1927840513264423,-3.2738162971941507,1.009331637184009,-1.9904094552738276,0.724388057086456,-1.541479302663716,3.206860420543389,1.4422467807325192,-2.63822238670814,4.38288937583688,-3.1250123318935517,5.476848577438016,1.042608045215439,-1.0025260626605892,-0.9323848166907858
1.0375668329442989,-0.3601843873717312,-5.327457500973503,-2.59538268771017,-1.7646810712967946,-2.212354855991038,0.013650345511034013,2.774054275777499,-2.1437441607648844,-3.317078215887069,-1.5595928168955464,1.889475672526879,-0.20621162953553132,-3.8080352398517148,2.219857099483428,-0.13987494111244786,1.5652094158990224,-0.4451527401298491,5.744612047781769,-2.4895038515799928,1.0483974015595805,-0.6477905483245606,-1.588625660360379,3.2715864811245288,1.3280192389656948,-3.85302931458298,0.9198775743692665,-1.378392384393497,2.2424067950149418,1.0504614360195375,-1.1372276493610842,2.2453511802861867,2.247198318184577,0.22247133709427963,-2.4150469164036075,-1.946725143864612,0.7763375046488745,-1.3976605854716102,0.7690281391542033,-1.6311050383589851,2.2873897688603146,0.09718090978047932,-2.036825267629415,3.0860566044452713,-1.6718683030835355,3.864531521680503,1.3027615411497626,-0.7346668041277946,-0.9283640460557128
-0.6332591059519882,0.341021128404454,1.3694004499950525,0.609080637642089,0.20266583390833093,0.4344111741551406,0.06433700787219465,-0.8155044484169622,0.7902670550495419,0.5101652576702423,0.4330309390981513,-0.5028619692508565,1.2511078743761304,0.9057386622353306,-0.3209774397028479,0.22763688197479792,-0.9116532054991541,0.1959317379940823,-1.214666032687279,0.937549326348302,-0.12910568863708735,-0.5239577195126306,-0.45919513621235253,-0.9667018740330467,-0.2695002804679445,1.0871719702922382,-0.15892093428519563,1.2298210381225683,-0.6683777878018851,0.25587012824716815,0.8603057444441546,-0.832728419289645,0.22247133709427963,0.9452727346126162,0.19255537939243647,0.977203084095125,-0.3322590054804379,0.3732567015396697,-0.03763296651575896,-0.35768330179423696,-0.7510201038608456,-0.7826273324545566,0.4500861380172836,-1.0830769758718597,0.7726950487774873,-1.0550824184940033,0.2423739707729678,0.1419170755821392,0.025324528939460036
-1.6354316064126768,0.550332241829487,6.731548611567862,3.4175622996996666,1.9056625842583743,2.6067295546894633,0.16181472956312765,-3.588372048563787,2.8296535636938804,3.844319411702622,1.800722798203565,-2.60271955218027,1.1004309648948989,4.772293960229727,-2.6881863748833026,0.25223630687569937,-2.1586400172887603,0.637718221552178,-7.05943528551276,3.379934927365505,-1.392414765375635,0.3794394843887233,1.2984625974053063,-4.20589719401691,-1.7899322884180486,5.048735428039118,-1.1145436527172916,2.4295159369069377,-3.0082073991735725,-1.0507068751200606,1.769182616793648,-3.1927840513264423,-2.4150469164036075,0.19255537939243647,2.975351993788686,2.6575034941537297,-0.9166872283047023,1.7529682490556184,-0.7925657587488931,1.737386869120003,-2.831521295950138,-0.684473333818909,2.418475317564364,-3.842882980935879,2.422370281818815,-4.857625865642249,-1.304617154641672,0.8988377143034688,1.0068442312095056
-1.6925383462660568,0.8812583333716676,7.3798493823562135,3.336598420167419,2.3063276967257265,3.027567640138952,-0.06465026849387599,-3.8536723557981905,3.3163210489674135,4.219226146641526,2.3391323049504344,-2.38989992492616,1.6986248889211835,5.213689441413399,-2.704380601037717,0.4839409243189996,-2.9045291752534164,0.5983949369444863,-7.776261776361148,3.7109204173093016,-1.092576661496253,0.02450544916179394,1.3615233172333059,-4.731422372415429,-1.6361199859422335,5.299921424066447,-1.1937129686546843,2.9023383174265143,-3.080857030545256,-0.7735172030675681,2.4439452806325597,-3.2738162971941507,-1.946725143864612,0.977203084095125,2.6575034941537297,3.33231555327704,-1.4278506408371672,1.9560840229006864,-0.9857420210579131,1.11729440325633,-3.529500397245899,-0.8610080852049662,2.789267895568326,-4.765433493174395,2.644366740729066,-5.506867274054379,-1.0940779735345065,0.9032445434956777,1.107534579551449
0.2891908039392534,-0.4961667139872256,-3.2218532579804684,-1.0893406138701198,-1.4949636928260068,-1.6417061542682583,0.31685609453250463,1.489818549373646,-1.4829768920826258,-2.0814260816853936,-1.3482678901373362,0.5263491640763576,-0.2790320385113015,-2.367944991526111,1.1163601940930354,-0.34117564572131787,1.3502209984567692,-0.06357864960964969,3.677606485796576,-1.364264386217778,0.13191311510788709,-0.13496923451365206,-1.2242003394224381,2.0610950485661093,0.4705352083582263,-2.0116758100240024,0.5280850042900872,-0.8145653810542236,1.0644314062197935,0.3608105327400964,-1.1407330622512148,1.009331637184009,0.7763375046488745,-0.3322590054804379,-0.9166872283047023,-1.4278506408371672,0.9917087944478217,-0.8641799252139696,0.704480619458659,-0.3453715741204394,1.835927205446837,-0.18503482285091602,-1.4085199560116266,2.367148807513905,-0.8601528639086973,2.5433762398476727,0.6373086367681624,-0.35474603340398,-0.6737321029505251
-0.9772785905759359,0.5166134446214442,4.646956714866752,2.118560874324566,1.522022781084189,1.95106590449091,-0.03854594643926468,-2.375335469841022,2.0311548936435484,2.6880244908853643,1.4776081970543598,-1.5067186525456722,0.7734343410571719,3.309759596293954,-1.7542784894256345,0.26539335459148483,-1.7105080535894195,0.34770659331926723,-4.943755418341355,2.2531220196389117,-0.7196954709167975,0.1430500075065485,1.0446069117910264,-2.92609080105321,-1.0363312256160646,3.2929098517027655,-0.7632315812645737,1.629474768782361,-1.9036399721929933,-0.5912685357956222,1.400961177676859,-1.9904094552738276,-1.3976605854716102,0.3732567015396697,1.7529682490556184,1.9560840229006864,-0.8641799252139696,1.2418999020338188,-0.662309802065552,0.880960224900371,-2.1935817164420346,-0.355594860245583,1.765785480347081,-2.927223766913616,1.579636198452504,-3.458231679347784,-0.8205558313098049,0.5913806396891504,0.7582456598964463
0.1462015634966126,-0.30658989107611856,-2.4462512084802253,-0.8688631353827503,-1.1629999886849085,-1.2709276862387218,0.24568044283917204,1.1562192394770772,-1.0693592394422133,-1.6482031489086406,-1.0274987825253812,0.41532915731572473,0.06313390529564074,-1.8150512661474765,0.928084461341413,-0.18961187542352947,0.9464221839413376,-0.039405153547506636,2.853293310067929,-0.9635419724873328,0.14977280005281568,-0.25142555633282304,-1.1130031699823248,1.546109065586817,0.37267170700431473,-1.5368279690073343,0.43056532204745834,-0.44187487762039407,0.7961567408117847,0.3823033237294442,-0.7435230978360641,0.724388057086456,0.7690281391542033,-0.03763296651575896,-0.7925657587488931,-0.9857420210579131,0.704480619458659,-0.662309802065552,0.5944008708541211,-0.4511036234370958,1.3564418181771798,-0.2766971789213563,-1.0798196592828,1.7429142229301762,-0.57927065421596,1.9414204605492027,0.5955141421786474,-0.2706320744127955,-0.5642549101920381
-0.716626354430731,0.14615354052676857,3.434478224147272,1.819672217142001,1.037816674723469,1.3758213947008358,0.07959018986750906,-1.8253329552988493,1.3119677287004583,2.0988120729131077,0.8989561079604378,-1.3764256461992592,2.6790838315999437e-4,2.4536293278270063,-1.4962618844144873,0.018800982528239446,-0.8728660990019422,0.3274451761437444,-3.6710701233618672,1.5936883548709178,-0.8093805598625383,0.5058970605298265,1.0018581283883476,-2.0558893972138885,-0.9718920739689868,2.542265287371769,-0.6137102430853651,0.8575921353376194,-1.533807407524416,-0.7742583590384022,0.5857513258801942,-1.541479302663716,-1.6311050383589851,-0.35768330179423696,1.737386869120003,1.11729440325633,-0.3453715741204394,0.880960224900371,-0.4511036234370958,1.308524496810667,-1.345793695308541,-0.06617520317124803,1.2445952329550776,-1.7936046374879722,1.0955646721319339,-2.4459369682035406,-0.8957663415723173,0.5015244978175798,0.5937416390997903
1.4171665116031915,-1.0258365313997977,-8.272600493609284,-3.4264066970010565,-3.0558042481535788,-3.7214138287480245,0.33119802884139155,4.062046675514789,-3.6679814970234075,-4.950392717138478,-2.939553937789676,2.2437025960753934,-1.1212416147495907,-5.926471371255788,3.0136055774073167,-0.5824239242673345,3.2252408713101355,-0.4750361881910971,8.971957385669494,-3.8132375944172927,0.9469561264116707,-0.27928098284478076,-2.2847666615005346,5.192266159010505,1.6263025747361963,-5.531343549691078,1.3812987978272722,-2.628140205619646,3.1680094148852986,1.0103294286016562,-2.616142463076566,3.206860420543389,2.2873897688603146,-0.7510201038608456,-2.831521295950138,-3.529500397245899,1.835927205446837,-2.1935817164420346,1.3564418181771798,-1.345793695308541,4.202919097655656,0.26979610507442836,-3.2612130652602036,5.474448899700396,-2.6020498452640335,6.271171104088597,1.454604903447208,-1.0137929835180974,-1.4821795264622708
1.1785109617042127,-0.14642047618327342,-1.350441181426351,-1.2172612060075854,0.4177908341330926,-0.037007577891975396,-0.4854467868500983,1.0983605963271086,-0.6774227529516613,-0.2253299771892332,0.08517428609350386,1.2318811538859362,-1.6571923589885516,-0.8190740741496305,0.4816466554523169,-0.05311429781008864,0.6295973373433571,-0.44527466552364586,0.9123568240033728,-1.2400520117915381,0.6830230371264255,0.575571360434498,1.1989183744338494,0.9444510536980395,0.6799407357671323,-1.6024564575645461,0.1581661750097771,-1.7227737436622914,1.0971242242676988,-0.18855554910127126,-0.6331425694258107,1.4422467807325192,0.09718090978047932,-0.7826273324545566,-0.684473333818909,-0.8610080852049662,-0.18503482285091602,-0.355594860245583,-0.2766971789213563,-0.06617520317124803,0.26979610507442836,1.3948037862701501,-0.23032806677936227,0.5843127038160172,-1.15724373056055,0.8466460781428482,-0.29069078406854487,-0.21487686989610452,0.20585676237970166
