V1,V2,V3,V4,V5,V6,V7,V8,V9,V10,V11,V12,V13,V14,V15,V16,V17,V18,V19,V20,V21,V22,V23,V24,V25,V26,V27,V28,V29,V30,V31,V32,V33,V34,V35,V36,V37,V38,V39,V40,V41,V42,V43,V44,V45,V46,V47,V48,V49
1.1383480141944848,-0.1327657826216275,-1.804724358022934,-1.4136002029317516,0.17539396297688203,-0.315392616955718,-0.42586963910883735,1.195758393931434,-0.8063363029949745,-0.6064569496682803,-0.09796861165706922,1.3419666113992148,-1.266819728718851,-1.1492350560392872,0.7103777493930803,-0.023390955039834217,0.6456268902067153,-0.4157797503795312,1.4959703040656067,-1.3496249951523576,0.7633764179844084,0.3179831089658252,0.7703224305082782,1.1408069524585684,0.7973342975565112,-1.776380296025126,0.3022606942504466,-1.5872449949998597,1.2314716579728342,0.050493428532944515,-0.5742173843628462,1.5382298736894786,0.46573129513404815,-0.4741498447537037,-0.9503520177212866,-0.8674800202648337,-0.11927443042079895,-0.47350538037890894,-0.17426779134235135,-0.37757801625982584,0.4878327518399716,1.105482032655252,-0.4219584777312596,0.7546728098447405,-1.197592568927163,1.1468780792069442,-0.05246623849771253,-0.30192943516766774,0.04194188542302866
-0.1327657826216275,0.22718806395657098,0.897860024050257,0.2806989755509149,0.41207347392239835,0.47124224136675513,-0.07503799232085274,-0.4111076067211775,0.4525926098112593,0.48883155317714666,0.40434903578675313,-0.11347661150156282,0.2952038235529894,0.6517546114676661,-0.24093068959090475,0.15313913095745463,-0.4810595516831245,0.02128686780034247,-0.976639353469555,0.4155030186920355,0.017310498442669554,-0.13793106868182833,0.1866333575416388,-0.5917885790652748,-0.09334021940078199,0.5611289324120002,-0.120674843605847,0.3806332767363236,-0.2943031906958129,0.02655598610345135,0.432625423604488,-0.29812097001424814,-0.03847907878637737,0.29270292624629524,0.13713385679117857,0.47656030150205164,-0.3272574188492551,0.253119890354202,-0.17821696478179738,-0.07318487622126389,-0.5699286741909982,-0.07031046292275848,0.41232690002032196,-0.7453220331069367,0.30101922861458336,-0.7391580399331198,-0.07683786811777894,0.10533704735167007,0.15321112511146434
-1.804724358022934,0.897860024050257,8.890697646569258,4.042696916471208,2.9126585204360773,3.7221534903833784,-0.08970068347840325,-4.50433974930838,3.820770180808847,5.198988911039304,2.796014766108275,-2.9044085921326266,1.2377912911726932,6.318651322415181,-3.3820695471131907,0.43726978937602906,-3.159294753565617,0.6691122678150951,-9.463194915629145,4.229433440325758,-1.3990630953446916,0.4383916358057482,2.170305144480562,-5.548866437003097,-2.0242939623066993,6.202942145136527,-1.4826945706945671,2.927554953890575,-3.6388445185364153,-1.27107746659271,2.547286526373912,-3.7554021243304105,-2.821412555036964,0.507297865779929,3.467327105684621,3.6320723135822446,-1.5611308684868463,2.3275794217065826,-1.241194450149012,1.886298845843408,-4.13676570792316,-0.5432919969967165,3.3236087137891985,-5.4621385117496954,2.939074638415734,-6.5728732555565585,-1.64145417162606,1.1349530221526074,1.4869141498292535
-1.4136002029317516,0.2806989755509149,4.042696916471208,2.475537630690841,0.6909036827324795,1.344677462702779,0.3683968660550338,-2.341798497064994,1.674654499314518,2.058106711139053,0.8058803729942956,-2.024544881416208,1.1070985731880036,2.7918582767252764,-1.674107725846034,0.07495898895949822,-1.2706480509577849,0.5393999246368025,-4.036713442831012,2.2786755305945996,-1.161537584925301,0.03499268951676735,0.142908301468288,-2.5228840782228588,-1.3259105551575063,3.3681068969101804,-0.7053466652402822,1.989016335336572,-2.116367792953463,-0.5520340697462115,1.0312189457918681,-2.3880180874074686,-1.4810873825260342,0.20549855204822431,1.9835545600735291,1.6062835517844463,-0.2669860689239618,1.0654303492782993,-0.2659905792852045,1.1528809687942416,-1.4884294565266611,-0.9329058042451892,1.3358668755526477,-2.0691652105399045,1.8092085938778837,-2.825838183611779,-0.6098181425339214,0.5944400938588932,0.428045451315549
0.17539396297688203,0.41207347392239835,2.9126585204360773,0.6909036827324795,1.826380065027485,1.6820916980480287,-0.48135227952966914,-1.257134681320698,1.2529771252957587,2.164868618938176,1.4224615471179765,-0.13882645026461254,-0.4936891000454791,2.245101907084152,-1.0644524647330318,0.3075682759963098,-1.0605139470266822,-0.0390723118658416,-3.503882838740104,0.9317112809339039,0.05879729922900737,0.458710896576588,1.847515041922638,-1.819272065113605,-0.21441833631627166,1.6037708242275497,-0.40878461059320265,-0.0179365515567979,-0.6833584514610977,-0.5282092143460672,0.8010098651435273,-0.407436966756943,-1.0029446087306535,-0.0765432778140355,0.8146293265808137,1.1194130774695796,-1.0395335556025163,0.7854553944926457,-0.8695607976852641,0.5236700027992606,-1.741012646846258,0.7570137910087447,1.4154892282644898,-2.298416655806924,0.35876541129954453,-2.3721350574106466,-0.9430973630109964,0.3201682759367811,0.8044000086790872
-0.315392616955718,0.47124224136675513,3.7221534903833784,1.344677462702779,1.6820916980480287,1.9086760860166596,-0.33746113829293284,-1.6543147969427172,1.59824415212532,2.438966201433516,1.5329400527443395,-0.710187882940443,-0.08591670312886618,2.698070677623258,-1.3577636853189783,0.2610270519445922,-1.4071417897716272,0.0850893090536912,-4.235503154680221,1.486835115516261,-0.24602312767030726,0.3635297516312483,1.6032507491162176,-2.276971588269382,-0.607524440827034,2.2132660972607625,-0.6802475438961261,0.7133619541665592,-1.2415411789286213,-0.5976442436984405,1.0618018445001336,-1.1337939058810051,-1.1547118210289526,0.06378439349344887,1.2087736590577525,1.4550640777542387,-0.9774193281974626,0.9865308395356457,-0.7732733233106219,0.7126423499099179,-2.0438779315667372,0.3761980184197365,1.5903947077700447,-2.536412653568459,0.9290454384868545,-2.883350059483361,-0.8339104735828426,0.4615004827425295,0.8239286902102166
-0.42586963910883735,-0.07503799232085274,-0.08970068347840325,0.3683968660550338,-0.48135227952966914,-0.33746113829293284,0.32665760735262467,-0.19221493930080785,-0.06001206780241186,-0.3424399280968257,-0.3849015863251775,-0.47892284572684785,0.5418894636994982,-0.1098386306177142,-0.030369801460850793,-0.07436715478640626,0.1279194953591909,0.1836285288432988,0.3506073883370373,0.22726737577809816,-0.34084172257094597,-0.21136892696337378,-0.7201636565661489,0.024624373985618137,-0.2376616107186775,0.351836863225766,0.06029140703278393,0.4902175656412968,-0.26799062742509727,0.09139719088995948,-0.0473390617413498,-0.4245743882133912,-0.024758037594855915,0.09522013154089153,0.21951375434106674,-0.016433962855339004,0.338624385423287,-0.020047820125439333,0.24597196660611398,0.11041003164062159,0.3497560880299289,-0.5838197044055209,-0.1908906443737012,0.31585962239319304,0.2969429072102531,0.17312860315173015,0.14375411101786603,0.029397212628168193,-0.21437848611864588
1.195758393931434,-0.4111076067211775,-4.50433974930838,-2.341798497064994,-1.257134681320698,-1.6543147969427172,-0.19221493930080785,2.625767232240653,-1.933662650093339,-2.497309228205998,-1.130004143649808,1.7989641791429045,-1.1048034795562496,-3.242554272725805,1.810020863118435,-0.23843427047481947,1.4976305268212864,-0.5106823125478797,4.651090837822991,-2.3621656391626478,0.9815699936632608,-0.06578095730846252,-0.5956861590253033,2.91621349594193,1.1819972082705306,-3.666992686144023,0.6226936950644844,-1.8078261398012818,2.068601875633854,0.5546448920004423,-1.2900067397859165,2.2076694962519317,1.5498387753301495,-0.35138651925231656,-1.9801760100683266,-1.9108789272897124,0.6309526385330884,-1.1957718589253183,0.5525323065724653,-1.055703392345836,1.8298588925171746,0.7405216982314299,-1.650235467120835,2.717334564412779,-1.6922037536631225,3.301644684764612,0.8581359239124171,-0.5855457588862043,-0.5932837273480911
-0.8063363029949745,0.4525926098112593,3.820770180808847,1.674654499314518,1.2529771252957587,1.59824415212532,-0.06001206780241186,-1.933662650093339,1.7270773088963243,2.1944825734150593,1.2504288066236418,-1.1945551712829634,0.7730227365078765,2.723723936772566,-1.4012877079715083,0.2629015021668031,-1.4850731532341899,0.2720598632242332,-4.055524740451354,1.8792173228355156,-0.5315267337526303,0.05661224402062692,0.7933198854233862,-2.413436820282178,-0.8284189328661479,2.6657486388008134,-0.6228513706169397,1.430042946228607,-1.5493321493555439,-0.423044784280701,1.2519910721427214,-1.6413671815773265,-1.0160455403923174,0.44362940627178615,1.3621700340823946,1.6748470290537094,-0.7673883635807688,1.0121687989361012,-0.539015870632931,0.5919773769550294,-1.8499930951975505,-0.3386859764418215,1.4211186025163773,-2.450348283019744,1.3071012699525688,-2.850973905883367,-0.5905648549017279,0.46234404579571003,0.6148902485454925
-0.6064569496682803,0.48883155317714666,5.198988911039304,2.058106711139053,2.164868618938176,2.438966201433516,-0.3424399280968257,-2.497309228205998,2.1944825734150593,3.462445811526372,1.9063505330425508,-1.285393004655539,-0.051432827766350685,3.7689685704869555,-2.0395294060101086,0.2744550590828652,-1.7566843287747194,0.2432389988401375,-5.831009373947413,2.2188721553222654,-0.5955837972855859,0.6764506599857532,2.0838085000184154,-3.2171482588037565,-0.993958014813788,3.3706048878850106,-0.9063258595380251,1.0107299532602525,-1.8697563856905777,-0.9662372252017906,1.3164220247493128,-1.7539207774328145,-1.916956250548214,-0.057528596408133154,1.9784620374281445,2.0161056211344723,-1.16176917169879,1.3662672326443608,-0.9831551658068619,1.236538942610883,-2.5898364868616834,0.34425641353556713,2.1334418638267945,-3.379701006847911,1.3494887467776884,-3.916430341283651,-1.2776418202514805,0.6424106287057366,1.0697024079164517
-0.09796861165706922,0.40434903578675313,2.796014766108275,0.8058803729942956,1.4224615471179765,1.5329400527443395,-0.3849015863251775,-1.130004143649808,1.2504288066236418,1.9063505330425508,1.3332866196188318,-0.332985718582011,-0.180601435224471,2.0376536120620745,-0.9680463335013278,0.2393346675540427,-1.171673112846812,-0.009328788655591736,-3.2340389831653367,1.0404164974901022,-0.01502862781317916,0.2897612705750543,1.3924537799676002,-1.6847985061025654,-0.3182809738746605,1.4537315896036582,-0.5237609352793473,0.4108270365134707,-0.7890915323231673,-0.41659456586721094,0.8579348084079834,-0.6638150577181569,-0.7440993411250479,0.14035247393074313,0.7226077767995932,1.135964646086176,-0.8773210249282172,0.7518864662113645,-0.6543082194132572,0.3697331276777901,-1.6947930831509994,0.4439743296877912,1.2233142456796742,-2.0525461536596685,0.5769988919130414,-2.2089812042076606,-0.5921236626508037,0.3259101596260607,0.6879187342656037
1.3419666113992148,-0.11347661150156282,-2.9044085921326266,-2.024544881416208,-0.13882645026461254,-0.710187882940443,-0.47892284572684785,1.7989641791429045,-1.1945551712829634,-1.285393004655539,-0.332985718582011,1.8441530828752848,-1.155586879838094,-1.9492188109968793,1.2452840467981396,0.030424418567095848,0.8425606114914911,-0.5255756681497313,2.6789518571763904,-1.830998864683958,1.0853105914078274,0.0664640733081609,0.3787193375613201,1.8008267730950673,1.130813056434191,-2.6182873217496985,0.489969719448722,-1.771593422557934,1.7151512131670696,0.3779387389711998,-0.6958155615720656,2.021584832126497,1.102484197805019,-0.22094672601257873,-1.600188199490622,-1.1653416975098174,-0.07879892819608283,-0.7539486839197503,-0.020860407596638608,-0.9142791546060355,0.8470120192536597,1.077591634628644,-0.7820703861806617,1.2583648119554585,-1.5027396603629075,1.910591326740994,0.3129697060257902,-0.4492556417664393,-0.17270549545436784
-1.266819728718851,0.2952038235529894,1.2377912911726932,1.1070985731880036,-0.4936891000454791,-0.08591670312886618,0.5418894636994982,-1.1048034795562496,0.7730227365078765,-0.051432827766350685,-0.180601435224471,-1.155586879838094,2.363302411506032,0.771738135715176,-0.2976440412196852,0.22003029928353274,-0.7707030803103031,0.44603341211888475,-0.7148918481014569,1.3293876050697087,-0.57814734642372,-0.9839428949730399,-1.6632484948092179,-1.0027795652756668,-0.6225375022497327,1.6759533979217511,-0.015411188903928445,2.1321477318370405,-1.0810705239765086,0.48924352424022005,0.9839483142403239,-1.5195241109406625,0.36837414386038253,1.2477289383718047,0.46485477079664095,1.0517394567036005,0.06739619625824216,0.3244019322885767,0.3289152339239808,-0.3817871329923697,-0.2571215361393892,-1.7308815541578066,0.16543858369767,-0.6735207589230354,1.2771426620731208,-0.8076063717938715,0.5063277209887708,0.14489673539827763,-0.32596793611046454
-1.1492350560392872,0.6517546114676661,6.318651322415181,2.7918582767252764,2.245101907084152,2.698070677623258,-0.1098386306177142,-3.242554272725805,2.723723936772566,3.7689685704869555,2.0376536120620745,-1.9492188109968793,0.771738135715176,4.565828293033045,-2.4309372329373526,0.3661654353515174,-2.21464702101595,0.44830071818731354,-6.799982994951207,2.9473398676812352,-0.9427473464571654,0.3531043565584263,1.6967122461875148,-3.967850424137443,-1.3677388267018353,4.455097570874601,-0.9922665293399232,1.918963013063675,-2.5131188436430434,-0.9064900817767968,1.8043407625640546,-2.54398014240923,-2.066529996747934,0.3049652512790097,2.4503437910413295,2.5681021272039968,-1.2084212367284517,1.6690226966381512,-0.9968766480383636,1.3501973008042003,-2.9613853292065997,-0.26014406147812463,2.424287701475695,-3.9947295138221337,1.9785376666689978,-4.721790377078556,-1.2902015386739605,0.7906986320747161,1.1044363361275644
0.7103777493930803,-0.24093068959090475,-3.3820695471131907,-1.674107725846034,-1.0644524647330318,-1.3577636853189783,-0.030369801460850793,1.810020863118435,-1.4012877079715083,-2.0395294060101086,-0.9680463335013278,1.2452840467981396,-0.2976440412196852,-2.4309372329373526,1.4163016360386205,-0.09923523948688466,1.0471612809671393,-0.291175539513607,3.62550811536258,-1.630320615700737,0.6889049489261801,-0.3280191152331055,-0.8723435941075715,2.1075305585111686,0.8473565829746287,-2.520794023234015,0.5677541041082521,-1.0135735647690107,1.4402630759429487,0.6007076344961029,-0.8059733139793606,1.4915637437096363,1.3462124696374074,0.041638089447570636,-1.5104485826296756,-1.2872022999614499,0.49409950361079996,-0.9035531303780359,0.49085384720789366,-0.9547951562391023,1.4405978357113756,0.1773483855787981,-1.2609014077448393,1.981711160700532,-1.1060115746519061,2.468313905862403,0.7730007424142581,-0.44381783501032107,-0.5693300535312831
-0.023390955039834217,0.15313913095745463,0.43726978937602906,0.07495898895949822,0.3075682759963098,0.2610270519445922,-0.07436715478640626,-0.23843427047481947,0.2629015021668031,0.2744550590828652,0.2393346675540427,0.030424418567095848,0.22003029928353274,0.3661654353515174,-0.09923523948688466,0.17296744869931918,-0.26262640542575444,0.005347705564006075,-0.49792304791544634,0.21625398708914614,0.0650428384274098,-0.11521356308035706,0.07382912639725703,-0.2990503890885416,-0.0031422438060045082,0.3216832409079148,-0.008258473947428147,0.189893819843976,-0.1281324636339431,0.078104930248094,0.25735150673332535,-0.10648065688040008,0.02013843043184095,0.2262801946274915,0.010260647205826964,0.27452998248470484,-0.2663785272262941,0.12521523271128202,-0.13908608450990287,-0.11803032372947596,-0.3212583178043264,-0.03315113592634264,0.24126206553120083,-0.47576445026358816,0.12488055594622151,-0.3876785377263114,-0.05025609617515011,0.04704025002392071,0.07130968959269086
0.6456268902067153,-0.4810595516831245,-3.159294753565617,-1.2706480509577849,-1.0605139470266822,-1.4071417897716272,0.1279194953591909,1.4976305268212864,-1.4850731532341899,-1.7566843287747194,-1.171673112846812,0.8425606114914911,-0.7707030803103031,-2.21464702101595,1.0471612809671393,-0.26262640542575444,1.439048573337623,-0.1691457505111942,3.3584443155002277,-1.5280158556111907,0.28489198007125094,0.11817798399959205,-0.6259342552031275,1.9974889821041781,0.5940981723597116,-2.031958888539825,0.5545384660773142,-1.3092604443495404,1.2187466098265956,0.22099530717319052,-1.2105603450302014,1.3076656741840706,0.5485780550890738,-0.6076055800394766,-0.8978225465763595,-1.4870377100510637,0.7482617807464171,-0.8411257598594051,0.45571285697886416,-0.2251733152006807,1.7095574972746637,0.29744990987411724,-1.1983742114203668,2.151327419433295,-1.1109075599470761,2.4111675842865155,0.3148991894847463,-0.36704215989550576,-0.5209268751061147
-0.4157797503795312,0.02128686780034247,0.6691122678150951,0.5393999246368025,-0.0390723118658416,0.0850893090536912,0.1836285288432988,-0.5106823125478797,0.2720598632242332,0.2432389988401375,-0.009328788655591736,-0.5255756681497313,0.44603341211888475,0.44830071818731354,-0.291175539513607,0.005347705564006075,-0.1691457505111942,0.18988600574387385,-0.5343751792639315,0.49454470787120375,-0.32027581441332104,-0.08486886252981758,-0.2730457744862764,-0.43504691643520127,-0.3026227674768789,0.7365416560556838,-0.06236044820832447,0.5140377977159976,-0.4661558683176186,-0.0467391085857226,0.15313822765636897,-0.5471149351238602,-0.26931859398622743,0.12224776056030476,0.4196898646487008,0.3009712088736539,0.07850271456641635,0.16910993139927458,0.05895356934003968,0.22560046006823792,-0.11501321988585689,-0.4214097245683931,0.16270520141196215,-0.2764221160683865,0.41169750837450414,-0.4208056039480019,-0.05436039807414241,0.11785215351768369,-0.02443997720264081
1.4959703040656067,-0.976639353469555,-9.463194915629145,-4.036713442831012,-3.503882838740104,-4.235503154680221,0.3506073883370373,4.651090837822991,-4.055524740451354,-5.831009373947413,-3.2340389831653367,2.6789518571763904,-0.7148918481014569,-6.799982994951207,3.62550811536258,-0.49792304791544634,3.3584443155002277,-0.5343751792639315,10.385676882541286,-4.254479991115596,1.253120198732732,-0.7353702402564966,-3.0074943175975557,5.916803359181545,1.9775144907245223,-6.372813718631763,1.6296510077524737,-2.598729678944933,3.633985128718799,1.489089196693301,-2.686061349747575,3.6368444692169324,3.103206507420503,-0.27652948753672923,-3.5878453555229997,-3.791135747010052,1.9334181716332082,-2.4923338747801407,1.5899959768585235,-2.0338988802693576,4.607824181821914,-0.006408704915155264,-3.716729505377045,6.000748374986367,-2.8386437143985708,7.109467738853373,1.9821117752433393,-1.1630957985219643,-1.7772982317890644
-1.3496249951523576,0.4155030186920355,4.229433440325758,2.2786755305945996,0.9317112809339039,1.486835115516261,0.22726737577809816,-2.3621656391626478,1.8792173228355156,2.2188721553222654,1.0404164974901022,-1.830998864683958,1.3293876050697087,2.9473398676812352,-1.630320615700737,0.21625398708914614,-1.5280158556111907,0.49454470787120375,-4.254479991115596,2.3685023424471634,-0.9558141341656051,-0.07122821304387088,0.22429193369428438,-2.6827692117180026,-1.1919347262278086,3.3496166881694123,-0.6823122637703304,2.0662083533661826,-2.041308556542105,-0.4320436120498213,1.3019725865763634,-2.290592772602058,-1.2478140558998518,0.5487912586466979,1.7823293351141807,1.8676380507523522,-0.5319431714991465,1.1212070292521905,-0.3494635315169547,0.8197065099557748,-1.7540540378301854,-0.9241311997868303,1.4448657114672665,-2.445062795009154,1.787401397992102,-3.022978050733029,-0.5405320519648457,0.5704679705228128,0.47571195565214036
0.7633764179844084,0.017310498442669554,-1.3990630953446916,-1.161537584925301,0.05879729922900737,-0.24602312767030726,-0.34084172257094597,0.9815699936632608,-0.5315267337526303,-0.5955837972855859,-0.01502862781317916,1.0853105914078274,-0.57814734642372,-0.9427473464571654,0.6889049489261801,0.0650428384274098,0.28489198007125094,-0.32027581441332104,1.253120198732732,-0.9558141341656051,0.7010284342025349,-0.01270155695656472,0.3126810263415401,0.8745902687864187,0.6557127054968314,-1.463737989015222,0.22822555887172125,-0.9124796025481501,0.9408562187988136,0.23651570066716032,-0.22665986677081326,1.1231061435812721,0.7158724389474042,0.020433601948423013,-0.9500946627622909,-0.5068616165553731,-0.1680409588285711,-0.3717663530971722,-0.052899466830707426,-0.6193083914716814,0.26147771956326066,0.6323414582920917,-0.3535566209472871,0.49142270919939024,-0.8033471827871609,0.8744967574440349,0.21840816542347324,-0.23817149799786702,-0.036164535624565584
0.3179831089658252,-0.13793106868182833,0.4383916358057482,0.03499268951676735,0.458710896576588,0.3635297516312483,-0.21136892696337378,-0.06578095730846252,0.05661224402062692,0.6764506599857532,0.2897612705750543,0.0664640733081609,-0.9839428949730399,0.3531043565584263,-0.3280191152331055,-0.11521356308035706,0.11817798399959205,-0.08486886252981758,-0.7353702402564966,-0.07122821304387088,-0.01270155695656472,0.651061125877716,0.9983783805415375,-0.18032833784502328,-0.0351662983676666,0.03340230079256289,-0.17345661609254284,-0.6754767218672225,0.019813548475148567,-0.4766352011968594,-0.25842081936330713,0.18332921777688288,-0.6651352361491435,-0.6446408979197572,0.34918214004774656,-0.0994437444282416,-0.1059892103504955,0.10209795272697815,-0.245310995767265,0.5469644317076943,-0.21421307862666447,0.7004993237745152,0.24825531071826992,-0.18373962533770577,-0.2427040129868867,-0.31287347333938514,-0.4834444762278755,0.054337649562731606,0.29162795739162434
0.7703224305082782,0.1866333575416388,2.170305144480562,0.142908301468288,1.847515041922638,1.6032507491162176,-0.7201636565661489,-0.5956861590253033,0.7933198854233862,2.0838085000184154,1.3924537799676002,0.3787193375613201,-1.6632484948092179,1.6967122461875148,-0.8723435941075715,0.07382912639725703,-0.6259342552031275,-0.2730457744862764,-3.0074943175975557,0.22429193369428438,0.3126810263415401,0.9983783805415375,2.631564902191411,-1.2684621515811885,0.04183844301683201,0.6237232435409511,-0.46020184271092057,-1.0425682675749497,-0.13554197800318457,-0.8329964192188214,0.30667843768202047,0.2976323800736881,-1.1191898065474106,-0.7515596374851999,0.6114599223274594,0.5500101983331503,-0.9353716644351309,0.5635484230599522,-0.931086644043908,0.7305309843954152,-1.4961856172969235,1.5873609721315358,1.2023392006351101,-1.7203555256008927,-0.2582846076792592,-1.8324472029278436,-1.1040869936751019,0.20027110627087924,0.93381640516457
1.1408069524585684,-0.5917885790652748,-5.548866437003097,-2.5228840782228588,-1.819272065113605,-2.276971588269382,0.024624373985618137,2.91621349594193,-2.413436820282178,-3.2171482588037565,-1.6847985061025654,1.8008267730950673,-1.0027795652756668,-3.967850424137443,2.1075305585111686,-0.2990503890885416,1.9974889821041781,-0.43504691643520127,5.916803359181545,-2.6827692117180026,0.8745902687864187,-0.18032833784502328,-1.2684621515811885,3.5796131599181398,1.2468857292912747,-4.032589577708062,0.8572606293744655,-1.9135359971181416,2.273387134512357,0.7299881462593073,-1.7194144907893048,2.3701935776727,1.6874337739149985,-0.432676705815993,-2.1626061085611936,-2.3728159793079557,1.0136386471519347,-1.4630742834543862,0.8035125103752068,-1.0792830330404093,2.5432184234437187,0.45667136050498225,-2.110299486538674,3.4951032987635204,-1.8657261086288166,4.143575981928814,1.0430466026012013,-0.667833661942505,-0.8936975481252152
0.7973342975565112,-0.09334021940078199,-2.0242939623066993,-1.3259105551575063,-0.21441833631627166,-0.607524440827034,-0.2376616107186775,1.1819972082705306,-0.8284189328661479,-0.993958014813788,-0.3182809738746605,1.130813056434191,-0.6225375022497327,-1.3677388267018353,0.8473565829746287,-0.0031422438060045082,0.5940981723597116,-0.3026227674768789,1.9775144907245223,-1.1919347262278086,0.6557127054968314,-0.0351662983676666,0.04183844301683201,1.2468857292912747,0.7596270844253064,-1.7116706926508547,0.3828376713819959,-1.0957059983367057,1.1443182358036776,0.3083604167716798,-0.49338335200110595,1.3192897375559125,0.7669790154630308,-0.0735570166061485,-1.0842544562290026,-0.7827445820139083,0.04066284441336711,-0.506826465958716,0.05297892573033838,-0.6528693175399284,0.6694022408989103,0.5539238740645964,-0.5962697760163546,0.8991114076770724,-0.9752355004130637,1.3645545268809047,0.25767071041113665,-0.30215094225649264,-0.17616549653313868
-1.776380296025126,0.5611289324120002,6.202942145136527,3.3681068969101804,1.6037708242275497,2.2132660972607625,0.351836863225766,-3.666992686144023,2.6657486388008134,3.3706048878850106,1.4537315896036582,-2.6182873217496985,1.6759533979217511,4.455097570874601,-2.520794023234015,0.3216832409079148,-2.031958888539825,0.7365416560556838,-6.372813718631763,3.3496166881694123,-1.463737989015222,0.03340230079256289,0.6237232435409511,-4.032589577708062,-1.7116706926508547,5.193493475772907,-0.8650104094159945,2.6670963399804,-2.94555094119473,-0.7413424811045111,1.7827840682136327,-3.2048666969116373,-2.15684814555823,0.49121485499301537,2.8002170126258705,2.636954157822589,-0.8090851063257489,1.6631310001700768,-0.7087198509654241,1.4718005911270302,-2.450277498425703,-1.1632922442309377,2.257927415308352,-3.676126991655498,2.455106013314228,-4.514748813535575,-1.1604048981468154,0.8200391540181089,0.7619872190499435
0.3022606942504466,-0.120674843605847,-1.4826945706945671,-0.7053466652402822,-0.40878461059320265,-0.6802475438961261,0.06029140703278393,0.6226936950644844,-0.6228513706169397,-0.9063258595380251,-0.5237609352793473,0.489969719448722,-0.015411188903928445,-0.9922665293399232,0.5677541041082521,-0.008258473947428147,0.5545384660773142,-0.06236044820832447,1.6296510077524737,-0.6823122637703304,0.22822555887172125,-0.17345661609254284,-0.46020184271092057,0.8572606293744655,0.3828376713819959,-0.8650104094159945,0.386295463490035,-0.4873150574849975,0.6211909241437938,0.2848882781823806,-0.37908587876178684,0.6726223678397409,0.4775694794711729,0.013915325179965066,-0.5746905966489164,-0.5464005306488757,0.23555192795875335,-0.3820920205493637,0.1778468342762082,-0.3632553531465661,0.7521990185923961,-0.022778663198073992,-0.5300651111808123,0.8005082474203981,-0.5181829302846827,1.067798591192565,0.20734317910759997,-0.20131461114038243,-0.280896956496114
-1.5872449949998597,0.3806332767363236,2.927554953890575,1.989016335336572,-0.0179365515567979,0.7133619541665592,0.4902175656412968,-1.8078261398012818,1.430042946228607,1.0107299532602525,0.4108270365134707,-1.771593422557934,2.1321477318370405,1.918963013063675,-1.0135735647690107,0.189893819843976,-1.3092604443495404,0.5140377977159976,-2.598729678944933,2.0662083533661826,-0.9124796025481501,-0.6754767218672225,-1.0425682675749497,-1.9135359971181416,-1.0957059983367057,2.6670963399804,-0.4873150574849975,2.571163122238773,-1.8076886724872943,0.07947410124230993,1.2618717091487697,-2.286391544624939,-0.35879299472696435,1.0206804782377603,1.210433635811322,1.545011312689829,-0.14376358431698966,0.7715821257860486,0.1015585331628173,0.21702603055063452,-1.0833169141327803,-1.5943813118797578,0.7707498903970224,-1.5074977902569289,1.8372391129293193,-2.0053191932743504,0.1803448162749974,0.4068178463080359,0.030420784238683708
1.2314716579728342,-0.2943031906958129,-3.6388445185364153,-2.116367792953463,-0.6833584514610977,-1.2415411789286213,-0.26799062742509727,2.068601875633854,-1.5493321493555439,-1.8697563856905777,-0.7890915323231673,1.7151512131670696,-1.0810705239765086,-2.5131188436430434,1.4402630759429487,-0.1281324636339431,1.2187466098265956,-0.4661558683176186,3.633985128718799,-2.041308556542105,0.9408562187988136,0.019813548475148567,-0.13554197800318457,2.273387134512357,1.1443182358036776,-2.94555094119473,0.6211909241437938,-1.8076886724872943,1.8678823244228455,0.44308496127556196,-1.0131760542139125,2.092551620949666,1.2025437688710854,-0.31470207709669157,-1.685509432146841,-1.5086297742006698,0.3242391281857965,-0.9373836693104316,0.24321030308420574,-0.9081433482717561,1.4142018748606069,0.8311490486032809,-1.2027862717062343,1.9347323338454427,-1.6055724543365009,2.557636110588967,0.48378148679870914,-0.5195740246517038,-0.38645958502563005
0.050493428532944515,0.02655598610345135,-1.27107746659271,-0.5520340697462115,-0.5282092143460672,-0.5976442436984405,0.09139719088995948,0.5546448920004423,-0.423044784280701,-0.9662372252017906,-0.41659456586721094,0.3779387389711998,0.48924352424022005,-0.9064900817767968,0.6007076344961029,0.078104930248094,0.22099530717319052,-0.0467391085857226,1.489089196693301,-0.4320436120498213,0.23651570066716032,-0.4766352011968594,-0.8329964192188214,0.7299881462593073,0.3083604167716798,-0.7413424811045111,0.2848882781823806,0.07947410124230993,0.44308496127556196,0.4891971495439229,-0.0752823735864639,0.36487553848938,0.7922646872676952,0.4259667255917227,-0.6938617466364954,-0.3014739638020977,0.1445547096995539,-0.3106589064903312,0.2429309743482559,-0.6519903416426622,0.5291307231931099,-0.3436609426997304,-0.4911102979169215,0.6232919659023319,-0.21175893074224153,0.8989856995177011,0.49690864454114153,-0.1695454561824228,-0.3345602202563198
-0.5742173843628462,0.432625423604488,2.547286526373912,1.0312189457918681,0.8010098651435273,1.0618018445001336,-0.0473390617413498,-1.2900067397859165,1.2519910721427214,1.3164220247493128,0.8579348084079834,-0.6958155615720656,0.9839483142403239,1.8043407625640546,-0.8059733139793606,0.25735150673332535,-1.2105603450302014,0.15313822765636897,-2.686061349747575,1.3019725865763634,-0.22665986677081326,-0.25842081936330713,0.30667843768202047,-1.7194144907893048,-0.49338335200110595,1.7827840682136327,-0.37908587876178684,1.2618717091487697,-1.0131760542139125,-0.0752823735864639,1.170341726064135,-1.1429650721577538,-0.27536548760465757,0.6711216712831158,0.7105321164276891,1.3171105456463,-0.6314937402706595,0.6724229944076936,-0.35572830888708756,0.03391394275370862,-1.333795254672433,-0.4261710728529307,0.9458228905717746,-1.7724686984742937,0.9712672078558107,-1.9712780366286036,-0.19773913418967323,0.24733796730946825,0.3663210144116492
1.5382298736894786,-0.29812097001424814,-3.7554021243304105,-2.3880180874074686,-0.407436966756943,-1.1337939058810051,-0.4245743882133912,2.2076694962519317,-1.6413671815773265,-1.7539207774328145,-0.6638150577181569,2.021584832126497,-1.5195241109406625,-2.54398014240923,1.4915637437096363,-0.10648065688040008,1.3076656741840706,-0.5471149351238602,3.6368444692169324,-2.290592772602058,1.1231061435812721,0.18332921777688288,0.2976323800736881,2.3701935776727,1.3192897375559125,-3.2048666969116373,0.6726223678397409,-2.286391544624939,2.092551620949666,0.36487553848938,-1.1429650721577538,2.467810131007127,1.128072064743396,-0.4886345615045889,-1.7958560425767671,-1.6287091681941417,0.21077024323140656,-0.976453357954006,0.1152946044170294,-0.8691678643551547,1.363576739878678,1.2074754774526333,-1.1384078943155946,1.8704274403228323,-1.8900628780464004,2.5875140378977983,0.32219770599047726,-0.536414364688418,-0.28785066268633747
0.46573129513404815,-0.03847907878637737,-2.821412555036964,-1.4810873825260342,-1.0029446087306535,-1.1547118210289526,-0.024758037594855915,1.5498387753301495,-1.0160455403923174,-1.916956250548214,-0.7440993411250479,1.102484197805019,0.36837414386038253,-2.066529996747934,1.3462124696374074,0.02013843043184095,0.5485780550890738,-0.26931859398622743,3.103206507420503,-1.2478140558998518,0.7158724389474042,-0.6651352361491435,-1.1191898065474106,1.6874337739149985,0.7669790154630308,-2.15684814555823,0.4775694794711729,-0.35879299472696435,1.2025437688710854,0.7922646872676952,-0.27536548760465757,1.128072064743396,1.6632593842578949,0.5691630253084644,-1.5521477899759772,-0.82507952298631,0.28766981240403966,-0.7457936299568669,0.464302062868212,-1.2894078929361463,1.0472531661569107,-0.16612988915439825,-1.105373300824037,1.5061785216085195,-0.7541659924004563,2.0029937176776174,0.9880637757157783,-0.4243084870711746,-0.5451634975949629
-0.4741498447537037,0.29270292624629524,0.507297865779929,0.20549855204822431,-0.0765432778140355,0.06378439349344887,0.09522013154089153,-0.35138651925231656,0.44362940627178615,-0.057528596408133154,0.14035247393074313,-0.22094672601257873,1.2477289383718047,0.3049652512790097,0.041638089447570636,0.2262801946274915,-0.6076055800394766,0.12224776056030476,-0.27652948753672923,0.5487912586466979,0.020433601948423013,-0.6446408979197572,-0.7515596374851999,-0.432676705815993,-0.0735570166061485,0.49121485499301537,0.013915325179965066,1.0206804782377603,-0.31470207709669157,0.4259667255917227,0.6711216712831158,-0.4886345615045889,0.5691630253084644,0.9508402854939371,-0.1696019637129659,0.6357521635753975,-0.20205379662628076,0.1481349910950251,0.10169932187911825,-0.608160153762795,-0.3504358603519617,-0.7665515940384314,0.11431476264898795,-0.5538677217594662,0.5134289025728467,-0.4118664076198752,0.4233357098623807,0.03177128248362869,-0.13265171626971242
-0.9503520177212866,0.13713385679117857,3.467327105684621,1.9835545600735291,0.8146293265808137,1.2087736590577525,0.21951375434106674,-1.9801760100683266,1.3621700340823946,1.9784620374281445,0.7226077767995932,-1.600188199490622,0.46485477079664095,2.4503437910413295,-1.5104485826296756,0.010260647205826964,-0.8978225465763595,0.4196898646487008,-3.5878453555229997,1.7823293351141807,-0.9500946627622909,0.34918214004774656,0.6114599223274594,-2.1626061085611936,-1.0842544562290026,2.8002170126258705,-0.5746905966489164,1.210433635811322,-1.685509432146841,-0.6938617466364954,0.7105321164276891,-1.7958560425767671,-1.5521477899759772,-0.1696019637129659,1.8290769440205206,1.2480979258177667,-0.24398287178721437,0.8852794972414219,-0.33878540384598327,1.2398996297337068,-1.224585572028845,-0.42966616596764534,1.179082210094612,-1.7487935472536191,1.2907609954581394,-2.4281437552517393,-0.7943993437355223,0.48491828250500685,0.47894148381707247
-0.8674800202648337,0.47656030150205164,3.6320723135822446,1.6062835517844463,1.1194130774695796,1.4550640777542387,-0.016433962855339004,-1.9108789272897124,1.6748470290537094,2.0161056211344723,1.135964646086176,-1.1653416975098174,1.0517394567036005,2.5681021272039968,-1.2872022999614499,0.27452998248470484,-1.4870377100510637,0.3009712088736539,-3.791135747010052,1.8676380507523522,-0.5068616165553731,-0.0994437444282416,0.5500101983331503,-2.3728159793079557,-0.7827445820139083,2.636954157822589,-0.5464005306488757,1.545011312689829,-1.5086297742006698,-0.3014739638020977,1.3171105456463,-1.6287091681941417,-0.82507952298631,0.6357521635753975,1.2480979258177667,1.7230847840431618,-0.7335234435499254,0.9637805578410601,-0.4661839610725055,0.41277118693791903,-1.7440558495937157,-0.5316797926277985,1.3591974771096988,-2.397324620356601,1.3345273780115712,-2.7209122253395748,-0.47757222686885986,0.42402870268205173,0.5151129458637875
-0.11927443042079895,-0.3272574188492551,-1.5611308684868463,-0.2669860689239618,-1.0395335556025163,-0.9774193281974626,0.338624385423287,0.6309526385330884,-0.7673883635807688,-1.16176917169879,-0.8773210249282172,-0.07879892819608283,0.06739619625824216,-1.2084212367284517,0.49409950361079996,-0.2663785272262941,0.7482617807464171,0.07850271456641635,1.9334181716332082,-0.5319431714991465,-0.1680409588285711,-0.1059892103504955,-0.9353716644351309,1.0136386471519347,0.04066284441336711,-0.8090851063257489,0.23555192795875335,-0.14376358431698966,0.3242391281857965,0.1445547096995539,-0.6314937402706595,0.21077024323140656,0.28766981240403966,-0.20205379662628076,-0.24398287178721437,-0.7335234435499254,0.7363836819437614,-0.4374354744835101,0.5151617699134458,-2.0518180435909075e-4,1.0877109864742245,-0.3790363244729895,-0.8096931122477926,1.396409482079492,-0.23247752433554547,1.3293898087619198,0.38349510237839957,-0.14164630074696843,-0.42956430739129775
-0.47350538037890894,0.253119890354202,2.3275794217065826,1.0654303492782993,0.7854553944926457,0.9865308395356457,-0.020047820125439333,-1.1957718589253183,1.0121687989361012,1.3662672326443608,0.7518864662113645,-0.7539486839197503,0.3244019322885767,1.6690226966381512,-0.9035531303780359,0.12521523271128202,-0.8411257598594051,0.16910993139927458,-2.4923338747801407,1.1212070292521905,-0.3717663530971722,0.10209795272697815,0.5635484230599522,-1.4630742834543862,-0.506826465958716,1.6631310001700768,-0.3820920205493637,0.7715821257860486,-0.9373836693104316,-0.3106589064903312,0.6724229944076936,-0.976453357954006,-0.7457936299568669,0.1481349910950251,0.8852794972414219,0.9637805578410601,-0.4374354744835101,0.63819314059539,-0.35586513383603857,0.4644459307961578,-1.0968412472885842,-0.1453567887516898,0.9011052780253568,-1.4811831964435322,0.7699083427680488,-1.73862082566822,-0.448053573372557,0.29965117546336906,0.39319761638531525
-0.17426779134235135,-0.17821696478179738,-1.241194450149012,-0.2659905792852045,-0.8695607976852641,-0.7732733233106219,0.24597196660611398,0.5525323065724653,-0.539015870632931,-0.9831551658068619,-0.6543082194132572,-0.020860407596638608,0.3289152339239808,-0.9968766480383636,0.49085384720789366,-0.13908608450990287,0.45571285697886416,0.05895356934003968,1.5899959768585235,-0.3494635315169547,-0.052899466830707426,-0.245310995767265,-0.931086644043908,0.8035125103752068,0.05297892573033838,-0.7087198509654241,0.1778468342762082,0.1015585331628173,0.24321030308420574,0.2429309743482559,-0.35572830888708756,0.1152946044170294,0.464302062868212,0.10169932187911825,-0.33878540384598327,-0.4661839610725055,0.5151617699134458,-0.35586513383603857,0.4708191741147752,-0.2322105915652124,0.7764811616609955,-0.4380824841872038,-0.655390011436466,1.0443645329437712,-0.09421646764736474,1.0591705776073042,0.4783891554548314,-0.11369474295655835,-0.3915410230214712
-0.37757801625982584,-0.07318487622126389,1.886298845843408,1.1528809687942416,0.5236700027992606,0.7126423499099179,0.11041003164062159,-1.055703392345836,0.5919773769550294,1.236538942610883,0.3697331276777901,-0.9142791546060355,-0.3817871329923697,1.3501973008042003,-0.9547951562391023,-0.11803032372947596,-0.2251733152006807,0.22560046006823792,-2.0338988802693576,0.8197065099557748,-0.6193083914716814,0.5469644317076943,0.7305309843954152,-1.0792830330404093,-0.6528693175399284,1.4718005911270302,-0.3632553531465661,0.21702603055063452,-0.9081433482717561,-0.6519903416426622,0.03391394275370862,-0.8691678643551547,-1.2894078929361463,-0.608160153762795,1.2398996297337068,0.41277118693791903,-2.0518180435909075e-4,0.4644459307961578,-0.2322105915652124,1.1428800253868805,-0.5566106084041077,0.0986726749876993,0.6582352966066333,-0.7619964102000091,0.5406658153026862,-1.2810913126338994,-0.6966830292743224,0.311428018336849,0.351407198318551
0.4878327518399716,-0.5699286741909982,-4.13676570792316,-1.4884294565266611,-1.741012646846258,-2.0438779315667372,0.3497560880299289,1.8298588925171746,-1.8499930951975505,-2.5898364868616834,-1.6947930831509994,0.8470120192536597,-0.2571215361393892,-2.9613853292065997,1.4405978357113756,-0.3212583178043264,1.7095574972746637,-0.11501321988585689,4.607824181821914,-1.7540540378301854,0.26147771956326066,-0.21421307862666447,-1.4961856172969235,2.5432184234437187,0.6694022408989103,-2.450277498425703,0.7521990185923961,-1.0833169141327803,1.4142018748606069,0.5291307231931099,-1.333795254672433,1.363576739878678,1.0472531661569107,-0.3504358603519617,-1.224585572028845,-1.7440558495937157,1.0877109864742245,-1.0968412472885842,0.7764811616609955,-0.5566106084041077,2.3176279909576705,-0.18928994525058807,-1.6982018612305534,2.858958515436962,-1.1512902229658712,3.183334009217022,0.7302837631623827,-0.4963600114434092,-0.8550915164432071
