V1,V2,V3,V4,V5,V6,V7,V8,V9,V10,V11,V12,V13,V14,V15,V16,V17,V18,V19,V20,V21,V22,V23,V24,V25,V26,V27,V28,V29,V30,V31,V32,V33,V34,V35,V36,V37,V38,V39,V40,V41,V42,V43,V44,V45,V46,V47,V48,V49
1.4886674197054837,-0.3627222168500101,-3.8975056189171675,-2.265646306498259,-0.6114893116289564,-1.222189141454475,-0.35173084928097365,2.2573763043499873,-1.7149213423246839,-1.8846414212166454,-0.8174464029582268,1.9268614049355561,-1.5167273098024476,-2.652381137111363,1.4934270352255887,-0.14498660621483436,1.4168910934056267,-0.5606395382963976,3.7436383771614086,-2.306061244539358,1.0220243102212512,0.20070034350176896,0.15436761655164183,2.469322718907648,1.1962404014739993,-3.200737727712738,0.6190431525581015,-2.1705408137739095,2.0152178960520004,0.3408925464144422,-1.1913357062496122,2.3057755477739286,1.1112833364732435,-0.6345810202589025,-1.7043921462237668,-1.7599300303820749,0.31099414689636484,-1.026618043864386,0.16540022156296533,-0.7654430209591141,1.5039851459088343,1.1745581758748012,-1.2445236299607512,2.1424674094135243,-1.8131662169861047,2.7253758918133646,0.36672108208077214,-0.5559220037270648,-0.33153097691001504
-0.3627222168500101,0.3484432877263677,1.992142642201237,0.7923717112282664,0.7657168970505578,0.9254282212101529,-0.07246802093529882,-0.9598577989605911,0.9272999205438238,1.1033586634271366,0.7272260974190773,-0.48038240171321084,0.4882132050340576,1.436457821992668,-0.6497525574226509,0.22274024777029092,-0.8589807824248843,0.09960372380423216,-2.1418482187576364,0.9455111804635457,-0.16232775744142253,-0.11129955438964156,0.41972833798277315,-1.2773530136602391,-0.3557522677308341,1.343718250679468,-0.294912845634376,0.7759586952201657,-0.7546032610506364,-0.11845407538531172,0.7637021903325949,-0.7844495088808431,-0.3718880971218499,0.3543152947555526,0.5711983599421271,0.9178636074367007,-0.5236637535968577,0.538412217751109,-0.32524807950951545,0.15005459509330535,-1.0726424591241088,-0.14766193071163244,0.8182860465558753,-1.4053667424077303,0.6829097233174309,-1.5430020331429164,-0.2797942398068888,0.2458209035901498,0.3303998969668907
-3.8975056189171675,1.992142642201237,18.42259955943695,8.3850439668411,5.980941295151374,7.6667313739498235,-0.13694737528536824,-9.40165626971305,8.037089769407554,10.638163756546437,5.780634165494795,-6.0293102651632715,3.108575274957927,13.107404791408234,-6.923466989603224,1.05364715762143,-6.707858039088802,1.4157372994961228,-19.52794911268349,8.932125367592375,-2.866531487833772,0.6019558288116897,4.087554616145584,-11.557002109213814,-4.178668150843464,13.000350607832493,-3.006438159858068,6.458422869853849,-7.59885640174181,-2.38983806223868,5.512937333107583,-7.9232697925002284,-5.558879737967764,1.4463850137402592,7.031301474320412,7.712720250757208,-3.343934297699325,4.8494577615214665,-2.532273423274046,3.581362982695531,-8.62258845308648,-1.4394880118205857,6.897167018755989,-11.468728724821887,6.256013877954736,-13.644390710861213,-3.223275413209761,2.3455485833699004,2.979456405252252
-2.265646306498259,0.7923717112282664,8.3850439668411,4.386137479261595,2.187397597698618,3.2112420867407065,0.2805341194196094,-4.564375210940425,3.5904676814905896,4.605386321088324,2.2320810368568202,-3.333073267026687,1.8489292781964655,5.89885239607433,-3.282755473856499,0.3676426170965941,-2.9117695275071753,0.8458303939098819,-8.693201540549566,4.356513663185009,-1.7605507191956795,0.14688228267638825,1.1728016922792073,-5.277880685121158,-2.257093598074394,6.42305547190141,-1.4050428430950714,3.485870868728759,-3.8685091522681083,-1.076126360861658,2.396521429294798,-4.19616974658092,-2.7265039275940772,0.6070897039808344,3.568419266948361,3.470523472082986,-1.1505151358205061,2.212064460591624,-0.9240337132287199,1.9153352258205418,-3.590312424478863,-1.227312683577575,3.018784082248735,-4.875912646031756,3.25719724161538,-6.089613938888954,-1.3720623867889477,1.1315622871276185,1.147745817030559
-0.6114893116289564,0.7657168970505578,5.980941295151374,2.187397597698618,2.659988921800181,2.9106026068224327,-0.4355561587623908,-2.788357230659587,2.6153495830127844,3.8118508480991395,2.313984522746267,-1.2560310275350053,0.24148358690136842,4.387722327080657,-2.1796146738534707,0.48619644180137284,-2.2113435673233397,0.20785530936179736,-6.698570554568308,2.504655635411776,-0.4707631881160691,0.4429829950209979,2.2899213214804424,-3.7293419349480317,-0.9974481860994117,3.782605779623414,-0.9486446665335114,1.3142254692358966,-2.0417263730698374,-0.87009663856876,1.7906112386798252,-1.903629259403495,-1.8145025822249374,0.24952760456188772,1.9919505904741424,2.4192136605567427,-1.542260074673761,1.5847743311284324,-1.1940705836520935,1.0618322850661,-3.158242641267899,0.3631296523050968,2.499664790381812,-4.1035027658536105,1.5470635439512797,-4.603964830357928,-1.3498767486039553,0.7209739740561937,1.2453206634014757
-1.222189141454475,0.9254282212101529,7.6667313739498235,3.2112420867407065,2.9106026068224327,3.516703202609238,-0.31947393388045314,-3.7560517307036982,3.3447291167308415,4.65904450042607,2.7172072805319254,-2.0467004026635918,0.7931669675696145,5.5190835356886385,-2.8385313762018725,0.527401354747115,-2.8781712393729006,0.4147244284412249,-8.402826643798834,3.465870102987217,-0.8975523980243407,0.3791622602057407,2.3035259648936135,-4.796951252181702,-1.535177236476765,5.1425794226953645,-1.2975286827657853,2.265097973645115,-2.93504416337274,-1.031319875586467,2.321723265241973,-2.93594957500223,-2.2847628904010095,0.47203845313811604,2.7203986244818443,3.1625847100793267,-1.7053823046718695,2.031002592415815,-1.3140681935468004,1.4220925300532696,-3.8689519385323754,-0.07774633065804729,3.0766357863137177,-5.021682262828604,2.3585895653887086,-5.821553935751502,-1.4855494410330703,0.9562919141116327,1.4158438728310017
-0.35173084928097365,-0.07246802093529882,-0.13694737528536824,0.2805341194196094,-0.4355561587623908,-0.31947393388045314,0.2882142941932286,-0.08631392293038866,-0.08358412887326984,-0.3510295272878417,-0.3581593059082031,-0.4047026293100059,0.4293030028224102,-0.1410653712559965,0.007771884737136272,-0.07184769145329076,0.1588512595115949,0.14530638719207417,0.3812639739298964,0.1571901547114392,-0.2846919806395459,-0.17648855607409758,-0.6266266546980909,0.08394875366776831,-0.19581369610981392,0.21297253418862558,0.061643552010448716,0.3854074319483747,-0.19618671723402994,0.07063493935047076,-0.07821217701357573,-0.3300370571734369,-0.007215253742559307,0.04667427657318132,0.17090316555153298,-0.07078427140542125,0.32039827311158986,-0.03739870022297258,0.2436382562085064,0.09567632393041056,0.3347843822223291,-0.4705119638704517,-0.20941611436519805,0.3479944212730243,0.22667617370144003,0.2153639430206053,0.13164744292519004,0.026098450697590175,-0.18777086587610273
2.2573763043499873,-0.9598577989605911,-9.40165626971305,-4.564375210940425,-2.788357230659587,-3.7560517307036982,-0.08631392293038866,5.077943773633811,-4.09304506193327,-5.364485887701374,-2.765787604574179,3.348536071913334,-1.9263562211283014,-6.666370389934127,3.618739552632661,-0.5038034014150298,3.4258106879373083,-0.8619246607617003,9.87501299766007,-4.744618331286407,1.684818845252619,-0.21218204656936837,-1.6869263619519426,5.970675151733475,2.2882290272905355,-7.010934417389321,1.5292874420114757,-3.61831777287188,4.105914353116967,1.1594705980537754,-2.810176786292206,4.353385082781732,2.9110612291580518,-0.8388809006022062,-3.7500599231330143,-4.019994954241329,1.561632818403797,-2.481774432475158,1.2196871992810847,-1.9142917030482745,4.238474420612666,1.130679004763439,-3.5000188280874,5.794701962739022,-3.413294870036906,6.948319991770953,1.5754724632336523,-1.2063492326684193,-1.3861905752628678
-1.7149213423246839,0.9272999205438238,8.037089769407554,3.5904676814905896,2.6153495830127844,3.3447291167308415,-0.08358412887326984,-4.09304506193327,3.5811324199738204,4.603725037584166,2.56549514812631,-2.572484625156592,1.567729851104569,5.725908863151235,-2.968200220704344,0.5246916646094767,-3.0398047721045534,0.5995260559726132,-8.512489574084304,3.940837525414033,-1.1790726631212967,0.1463800746561787,1.6738982032429344,-5.07029605333404,-1.7836811394893002,5.6585310687147246,-1.297080040321588,2.961408091184842,-3.2958468766723286,-0.936875957198109,2.553467014750421,-3.471605172177441,-2.2408409705362873,0.8287972810594636,2.952689567194837,3.4652054321421466,-1.5457652810682454,2.120833731723977,-1.1110919414057256,1.3667883101653278,-3.8271966869389846,-0.7107667739938377,2.9972361646126195,-5.090587650876613,2.759898776668643,-5.977327246890021,-1.303936076865568,0.9955891232692822,1.2830591796575863
-1.8846414212166454,1.1033586634271366,10.638163756546437,4.605386321088324,3.8118508480991395,4.65904450042607,-0.3510295272878417,-5.364485887701374,4.603725037584166,6.555117957926087,3.5891888305054094,-3.121736205165896,1.1344420759289215,7.6080102319561584,-4.0671751149392685,0.5990133758166387,-3.849815513366698,0.7034903917627722,-11.555021773761833,4.951411142206097,-1.4685521145025504,0.7252624037624198,3.0678573462049794,-6.677934390200772,-2.2562875536724647,7.31650727022613,-1.8073865498510886,3.152986176756353,-4.193435089331022,-1.572779768721225,3.04733093551311,-4.224946828294553,-3.436787870248106,0.566305098476681,4.014537742033495,4.4091123447337734,-2.1468669699395733,2.803413172607741,-1.696518665224221,2.178516855445016,-5.145364411371303,-0.29857353573042267,4.172124436723817,-6.8122078563275075,3.324004234867463,-7.961232872666172,-2.102457229282428,1.3256778013992983,1.8822314738889645
-0.8174464029582268,0.7272260974190773,5.780634165494795,2.2320810368568202,2.313984522746267,2.7172072805319254,-0.3581593059082031,-2.765787604574179,2.56549514812631,3.5891888305054094,2.2180373192131904,-1.3772992243234596,0.5135842436419663,4.158793256689541,-2.0994953096706443,0.41514231550066566,-2.297800815877889,0.27027560430095987,-6.355501427524375,2.5519184601398237,-0.5280428814031239,0.30552829506849766,1.8895429578474032,-3.602163615393325,-1.0236222306913492,3.6951185982094943,-0.9872352142267226,1.5954454922006138,-2.0843229189325885,-0.7447304721958583,1.799539353849086,-2.037158519695856,-1.609242815046194,0.4815724539481352,1.8783663534705772,2.4525742461024516,-1.391370989681248,1.5395141250890194,-1.0480563527901754,0.919867414496496,-3.0515489567387686,0.03893884278452916,2.3349162936754353,-3.934421839152966,1.663299606015364,-4.432190535633986,-1.066161860710181,0.6976715674859286,1.119519214350295
1.9268614049355561,-0.48038240171321084,-6.0293102651632715,-3.333073267026687,-1.2560310275350053,-2.0467004026635918,-0.4047026293100059,3.348536071913334,-2.572484625156592,-3.121736205165896,-1.3772992243234596,2.765922341196898,-1.6407093148425531,-4.186164121061991,2.388330110914353,-0.17570720930257253,1.9995426842183857,-0.7409398449018486,6.002069389634947,-3.3042294182775307,1.4883712394497743,-0.041685274126331204,-0.41307932779682116,3.7626129507885855,1.7653540712522409,-4.7420262318405415,0.9708407366824331,-2.7689526814678893,2.9231938280773804,0.7731529192444216,-1.6517030317112045,3.247119294369823,2.0046517466034515,-0.5034254855014072,-2.7201446683360677,-2.4928460514446784,0.5517654141903316,-1.578309205193693,0.43815015341297703,-1.4547596768911166,2.3576531210342537,1.2450597770022707,-1.9741107745758188,3.2790749722167805,-2.4862820506732435,4.243466247357692,0.879535888764143,-0.839692527185334,-0.7050145716881333
-1.5167273098024476,0.4882132050340576,3.108575274957927,1.8489292781964655,0.24148358690136842,0.7931669675696145,0.4293030028224102,-1.9263562211283014,1.567729851104569,1.1344420759289215,0.5135842436419663,-1.6407093148425531,2.3632663905453417,2.102869486598301,-0.9991890452778939,0.31028474460741307,-1.4240130900273895,0.5198465694127623,-2.780173011239188,2.131266878586807,-0.7848377686948396,-0.7783378322830404,-0.9615687457754455,-2.122535379444371,-0.988179630932257,2.8038015256606066,-0.3674329420212296,2.5543027455590064,-1.7528503022712396,0.1558604695035267,1.4683232887633348,-2.171543934583768,-0.25948458672091834,1.249591115373357,1.1419240816798824,1.7591005404389202,-0.32844589370263777,0.8154466739410755,0.020524814137109226,0.027511523857269363,-1.2120024277201407,-1.6160943339316691,0.8974981012552754,-1.843537837386009,1.7908235697432346,-2.1947313403734294,0.10806342791747336,0.3885164767558074,0.05791246918557575
-2.652381137111363,1.436457821992668,13.107404791408234,5.89885239607433,4.387722327080657,5.5190835356886385,-0.1410653712559965,-6.666370389934127,5.725908863151235,7.6080102319561584,4.158793256689541,-4.186164121061991,2.102869486598301,9.378916755545665,-4.929176602456418,0.7958218878992941,-4.747991917750827,0.9603979214592971,-13.96931360135684,6.2926126163994525,-1.982452562213265,0.4585975010496192,3.0471314574838604,-8.22280982335193,-2.93203833977175,9.23081045288646,-2.1149776404007055,4.481558497920818,-5.348947556549342,-1.7103722956581122,3.93199999547628,-5.550617673764985,-3.974093305668742,0.9581218988479151,4.986110123688618,5.4499759097196705,-2.4629986223897293,3.453619620804939,-1.8840520361767379,2.555119736162487,-6.170156932005948,-0.8828709686795414,4.941526950819961,-8.207246164646111,4.371771326314812,-9.740863772680962,-2.3728780027001717,1.6568698958679464,2.169762444958072
1.4934270352255887,-0.6497525574226509,-6.923466989603224,-3.282755473856499,-2.1796146738534707,-2.8385313762018725,0.007771884737136272,3.618739552632661,-2.968200220704344,-4.0671751149392685,-2.0994953096706443,2.388330110914353,-0.9991890452778939,-4.929176602456418,2.715066766144263,-0.31642123464378125,2.4104736764122157,-0.564992389120154,7.369863722611504,-3.3713676618186024,1.2122917230259949,-0.3810800246617585,-1.5894871182890034,4.3404592972552845,1.649523490708787,-5.006608613578094,1.164542744499619,-2.3512736594146624,2.9194346826425486,1.0109440908551985,-1.9302126816409917,3.0496379891508574,2.3194336308946935,-0.3411118762620213,-2.8096373304683033,-2.8241154177308143,1.158913924373502,-1.830933574145721,0.9625074495591792,-1.562526259124793,3.1370071198895757,0.5186128525499422,-2.588301666096424,4.2130117493036705,-2.355068195622472,5.1024788431550485,1.3130167535683064,-0.8893683347177672,-1.1222814570309108
-0.14498660621483436,0.22274024777029092,1.05364715762143,0.3676426170965941,0.48619644180137284,0.527401354747115,-0.07184769145329076,-0.5038034014150298,0.5246916646094767,0.5990133758166387,0.41514231550066566,-0.17570720930257253,0.31028474460741307,0.7958218878992941,-0.31642123464378125,0.19756181211330778,-0.4719976315409531,0.031024619853834926,-1.1655886223848888,0.4991880192036401,-0.02965477504898432,-0.09836399962388151,0.22256409404580618,-0.6785731637829311,-0.16747266319007748,0.7181585523493508,-0.129242589950482,0.42311387809650186,-0.387794077573183,-0.01829805408585883,0.4575462552851754,-0.39388237830194184,-0.1448619335141075,0.23265508646642605,0.2598585372124586,0.5026665994584703,-0.36622015744891495,0.278297410329323,-0.2089912826192632,0.015362629739711494,-0.6086371177218667,-0.04871041458328365,0.45467479914643316,-0.8014844860632528,0.34872025289576286,-0.8346581252947373,-0.15073296581779763,0.12338193037102525,0.17987635388548306
1.4168910934056267,-0.8589807824248843,-6.707858039088802,-2.9117695275071753,-2.2113435673233397,-2.8781712393729006,0.1588512595115949,3.4258106879373083,-3.0398047721045534,-3.849815513366698,-2.297800815877889,1.9995426842183857,-1.4240130900273895,-4.747991917750827,2.4104736764122157,-0.4719976315409531,2.779363210329597,-0.47561575237862913,7.1289813922300524,-3.2740909435542878,0.8496524247043924,0.015247681886176185,-1.3800918257070203,4.265206029314128,1.3888036586154016,-4.644703870051046,1.1237061313911307,-2.578534641766197,2.7089892243668823,0.6485266291665803,-2.285978942827805,2.850903648196093,1.6331254920871145,-0.9532182239929043,-2.249495826975144,-3.034272862764474,1.4110533931739606,-1.7844974568326661,0.9832281399727401,-0.9066041508701521,3.3699463926484174,0.6530159525339926,-2.566747691004653,4.441285841927479,-2.330300277493847,5.0780286410230975,0.9310992159394053,-0.8094933855281016,-1.0748697938260505
-0.5606395382963976,0.09960372380423216,1.4157372994961228,0.8458303939098819,0.20785530936179736,0.4147244284412249,0.14530638719207417,-0.8619246607617003,0.5995260559726132,0.7034903917627722,0.27027560430095987,-0.7409398449018486,0.5198465694127623,0.9603979214592971,-0.564992389120154,0.031024619853834926,-0.47561575237862913,0.23735979914225358,-1.3307554961622097,0.8419035622971122,-0.40742574139387344,-0.034501751007826466,-0.05778436953540192,-0.8916980786254248,-0.4484538788643449,1.195979900465675,-0.21096709815784748,0.7457665899371282,-0.749623152938373,-0.15258987426526882,0.37090088096349344,-0.8349476113830921,-0.47781110085075956,0.19757449058828852,0.6673417004807038,0.6254132795739717,-0.06590399061147156,0.36673003105302027,-0.044466365165442154,0.3486300062598963,-0.5010909335631049,-0.45004723818774284,0.44521858640792755,-0.7582988452193911,0.6467117863017419,-0.9766215531379986,-0.16030621482085297,0.2118467719478323,0.10863259637723009
3.7436383771614086,-2.1418482187576364,-19.52794911268349,-8.693201540549566,-6.698570554568308,-8.402826643798834,0.3812639739298964,9.87501299766007,-8.512489574084304,-11.555021773761833,-6.355501427524375,6.002069389634947,-2.780173011239188,-13.96931360135684,7.369863722611504,-1.1655886223848888,7.1289813922300524,-1.3307554961622097,21.034088428166562,-9.25087328786894,2.8306500481576933,-0.8569867481901293,-4.950347682176025,12.2851761792492,4.295250357937255,-13.637342142142014,3.253193334882495,-6.434328242175161,7.878328133263663,2.63917768552664,-5.859398427477047,8.128045690363855,5.970512601485437,-1.2911141396313928,-7.372181669065222,-8.118914081890923,3.823548706819183,-5.152543860104267,2.9603030179788896,-3.8210000338950842,9.34168472331299,1.0044270590714937,-7.506173121699369,12.338661513082718,-6.413214504158198,14.590654925473045,3.626117583161141,-2.438018271735863,-3.33031340968501
-2.306061244539358,0.9455111804635457,8.932125367592375,4.356513663185009,2.504655635411776,3.465870102987217,0.1571901547114392,-4.744618331286407,3.940837525414033,4.951411142206097,2.5519184601398237,-3.3042294182775307,2.131266878586807,6.2926126163994525,-3.3713676618186024,0.4991880192036401,-3.2740909435542878,0.8419035622971122,-9.25087328786894,4.626666826536099,-1.633140502363391,0.06771288844249683,1.314102180060681,-5.649126820078678,-2.2166088839050193,6.627334411441201,-1.4390633990515735,3.6843673688860776,-3.9422379899694353,-1.0264984142825018,2.7470889726205514,-4.256483066233579,-2.6158084974671776,0.9654019143203115,3.5256717239955035,3.8689238940054644,-1.4275733550741871,2.3562914771934564,-1.0125480309121442,1.6737291897922963,-3.993329006147438,-1.2652733231799504,3.2250427738432674,-5.426610306112995,3.356544737810977,-6.523181539843126,-1.3568811665049747,1.158484605797891,1.246452506408557
1.0220243102212512,-0.16232775744142253,-2.866531487833772,-1.7605507191956795,-0.4707631881160691,-0.8975523980243407,-0.2846919806395459,1.684818845252619,-1.1790726631212967,-1.4685521145025504,-0.5280428814031239,1.4883712394497743,-0.7848377686948396,-1.982452562213265,1.2122917230259949,-0.02965477504898432,0.8496524247043924,-0.40742574139387344,2.8306500481576933,-1.633140502363391,0.8648926675296584,-0.06695368057479854,-0.09106122250616208,1.793950827519797,0.9486183155802722,-2.4208317854771253,0.4743562511097311,-1.3760440917599548,1.5008071410710244,0.424253138266953,-0.6898686888440358,1.6895595107633552,1.1136099352097255,-0.11700941974231205,-1.4557341121639686,-1.1342282906429186,0.143414202244719,-0.7540158545376209,0.1660719835939955,-0.8585481291236945,0.997890973069277,0.684484331846987,-0.9205904205665221,1.4422925111539031,-1.2642889812500064,1.9765717464701387,0.4674869316694256,-0.41898855150537373,-0.29405820396441895
0.20070034350176896,-0.11129955438964156,0.6019558288116897,0.14688228267638825,0.4429829950209979,0.3791622602057407,-0.17648855607409758,-0.21218204656936837,0.1463800746561787,0.7252624037624198,0.30552829506849766,-0.041685274126331204,-0.7783378322830404,0.4585975010496192,-0.3810800246617585,-0.09836399962388151,0.015247681886176185,-0.034501751007826466,-0.8569867481901293,0.06771288844249683,-0.06695368057479854,0.5745470700559876,0.882105770668611,-0.31076580175036933,-0.08592286088251685,0.22605136639683296,-0.18099422337345172,-0.489650431549712,-0.0902770695921781,-0.44028776900294925,-0.161018847748808,0.046028444866329864,-0.6566954681060057,-0.5158801711171676,0.40080620395526506,0.032476309149788454,-0.114593714704055,0.14721710072546104,-0.23575850301358797,0.5189347435794659,-0.27088535502335387,0.5403764446944297,0.2951080164751371,-0.3075114093794388,-0.12332955653900016,-0.4329661541311267,-0.45125245469735176,0.07107652045368348,0.2733346594610357
0.15436761655164183,0.41972833798277315,4.087554616145584,1.1728016922792073,2.2899213214804424,2.3035259648936135,-0.6266266546980909,-1.6869263619519426,1.6738982032429344,3.0678573462049794,1.8895429578474032,-0.41307932779682116,-0.9615687457754455,3.0471314574838604,-1.5894871182890034,0.22256409404580618,-1.3800918257070203,-0.05778436953540192,-4.950347682176025,1.314102180060681,-0.09106122250616208,0.882105770668611,2.670857979298271,-2.499342754711983,-0.4831272449169679,2.1758702482810084,-0.7616711477221545,-0.022350588533416264,-1.0703857354640791,-0.9592175295601736,0.9666912107502859,-0.7616827746440611,-1.603808617543076,-0.4157582767891206,1.3625516258816628,1.4362667899431902,-1.2366503603329382,1.0790432772932017,-1.1156699958627274,1.0178765605716453,-2.337905871885726,1.1284073342642904,1.8839577859523795,-2.893878476462152,0.5861814958948693,-3.231987646788567,-1.3109279416278579,0.4548953822780787,1.1405664577605363
2.469322718907648,-1.2773530136602391,-11.557002109213814,-5.277880685121158,-3.7293419349480317,-4.796951252181702,0.08394875366776831,5.970675151733475,-5.07029605333404,-6.677934390200772,-3.602163615393325,3.7626129507885855,-2.122535379444371,-8.22280982335193,4.3404592972552845,-0.6785731637829311,4.265206029314128,-0.8916980786254248,12.2851761792492,-5.649126820078678,1.793950827519797,-0.31076580175036933,-2.499342754711983,7.33962832589195,2.6192234023101517,-8.268332753839886,1.8754964886244148,-4.156483548403557,4.787866757879783,1.447516051266225,-3.5719428011793006,5.02367784691821,3.4120236781173436,-1.0119824130503967,-4.393091785327453,-4.937587334633984,2.1466299868544616,-3.0516102907365403,1.6131142764257695,-2.150496294145876,5.414359407336523,0.9916673901095451,-4.372007606256987,7.267902205061298,-3.982467431389013,8.594856336131897,2.0035983955693615,-1.440219020391189,-1.8402166803812061
1.1962404014739993,-0.3557522677308341,-4.178668150843464,-2.257093598074394,-0.9974481860994117,-1.535177236476765,-0.19581369610981392,2.2882290272905355,-1.7836811394893002,-2.2562875536724647,-1.0236222306913492,1.7653540712522409,-0.988179630932257,-2.93203833977175,1.649523490708787,-0.16747266319007748,1.3888036586154016,-0.4484538788643449,4.295250357937255,-2.2166088839050193,0.9486183155802722,-0.08592286088251685,-0.4831272449169679,2.6192234023101517,1.2054266455364278,-3.2476307476428437,0.7028504460660581,-1.811859074173535,1.9948368957018388,0.5631939853089599,-1.1725501860696608,2.1909770489246188,1.3967992811742762,-0.26090723890251116,-1.869546901483191,-1.700695177025958,0.4990514194090901,-1.0826009970119372,0.39930269140774627,-1.024964586761738,1.7079809361911606,0.6792075318126267,-1.4405684199653443,2.3143280119200993,-1.6721159288257073,2.988627970261461,0.6712460664681178,-0.5667297204532845,-0.5410985295950511
-3.200737727712738,1.343718250679468,13.000350607832493,6.42305547190141,3.782605779623414,5.1425794226953645,0.21297253418862558,-7.010934417389321,5.6585310687147246,7.31650727022613,3.6951185982094943,-4.7420262318405415,2.8038015256606066,9.23081045288646,-5.006608613578094,0.7181585523493508,-4.644703870051046,1.195979900465675,-13.637342142142014,6.627334411441201,-2.4208317854771253,0.22605136639683296,2.1758702482810084,-8.268332753839886,-3.2476307476428437,9.809177867107454,-2.0907115591675205,5.139216384733288,-5.747477125406821,-1.5943292822114785,3.9042884307464845,-6.152585568028684,-4.043194458312174,1.1065375943641722,5.272917875831623,5.5187748831302015,-2.118248790140442,3.4392386522224223,-1.6337435023286406,2.6715175456640274,-5.779284036044624,-1.6327451463327824,4.821099857926335,-7.9144594057514235,4.8187506270674065,-9.564016184613411,-2.208572783639496,1.682536648163771,1.8784061277902562
0.6190431525581015,-0.294912845634376,-3.006438159858068,-1.4050428430950714,-0.9486446665335114,-1.2975286827657853,0.061643552010448716,1.5292874420114757,-1.297080040321588,-1.8073865498510886,-0.9872352142267226,0.9708407366824331,-0.3674329420212296,-2.1149776404007055,1.164542744499619,-0.129242589950482,1.1237061313911307,-0.21096709815784748,3.253193334882495,-1.4390633990515735,0.4743562511097311,-0.18099422337345172,-0.7616711477221545,1.8754964886244148,0.7028504460660581,-2.0907115591675205,0.5735581280774178,-1.0268634839656396,1.2576905287258668,0.4372509832647129,-0.8679445686748836,1.3180269888414813,0.9518821045795498,-0.16710075956944573,-1.1613413744749035,-1.2428241962700173,0.5484136467779142,-0.7941775610447492,0.44259274298906015,-0.6389212000673875,1.444184090653066,0.16836174567520376,-1.1480638167682964,1.8519990065110055,-1.0299576727040562,2.239551683792327,0.516627565153858,-0.38004255534166725,-0.5093568379242287
-2.1705408137739095,0.7759586952201657,6.458422869853849,3.485870868728759,1.3142254692358966,2.265097973645115,0.3854074319483747,-3.61831777287188,2.961408091184842,3.152986176756353,1.5954454922006138,-2.7689526814678893,2.5543027455590064,4.481558497920818,-2.3512736594146624,0.42311387809650186,-2.578534641766197,0.7457665899371282,-6.434328242175161,3.6843673688860776,-1.3760440917599548,-0.489650431549712,-0.022350588533416264,-4.156483548403557,-1.811859074173535,5.139216384733288,-1.0268634839656396,3.593185474760809,-3.170705336960502,-0.4078141259324936,2.309551884121355,-3.641240490177719,-1.4754299853649349,1.228164629180649,2.5281225663227143,3.012592194657791,-0.8867276770013038,1.705382372717674,-0.4977542117435388,0.917397451521103,-2.7835921434249875,-1.6935398496600733,2.1728123442338623,-3.8183555206110364,2.9078051621949506,-4.6776105400948005,-0.5573297321638526,0.8384590221305357,0.6620338556940227
2.0152178960520004,-0.7546032610506364,-7.59885640174181,-3.8685091522681083,-2.0417263730698374,-2.93504416337274,-0.19618671723402994,4.105914353116967,-3.2958468766723286,-4.193435089331022,-2.0843229189325885,2.9231938280773804,-1.7528503022712396,-5.348947556549342,2.9194346826425486,-0.387794077573183,2.7089892243668823,-0.749623152938373,7.878328133263663,-3.9422379899694353,1.5008071410710244,-0.0902770695921781,-1.0703857354640791,4.787866757879783,1.9948368957018388,-5.747477125406821,1.2576905287258668,-3.170705336960502,3.466105118666108,0.9247844854342221,-2.2494279058743545,3.745729883677427,2.3547508067555696,-0.67335150116305,-3.1400193047775207,-3.207209448133124,1.121631323593167,-1.9891389586531645,0.8454399404664467,-1.612749440272488,3.3202063896276375,1.1066772850432867,-2.736125334775808,4.493336239404125,-2.924967364001354,5.533514607149788,1.187280914341702,-1.0092717143952976,-1.0422135652148552
0.3408925464144422,-0.11845407538531172,-2.38983806223868,-1.076126360861658,-0.87009663856876,-1.031319875586467,0.07063493935047076,1.1594705980537754,-0.936875957198109,-1.572779768721225,-0.7447304721958583,0.7731529192444216,0.1558604695035267,-1.7103722956581122,1.0109440908551985,-0.01829805408585883,0.6485266291665803,-0.15258987426526882,2.63917768552664,-1.0264984142825018,0.424253138266953,-0.44028776900294925,-0.9592175295601736,1.447516051266225,0.5631939853089599,-1.5943292822114785,0.4372509832647129,-0.4078141259324936,0.9247844854342221,0.5776856653861833,-0.4512893807444266,0.8867396282622294,1.0838229168699611,0.24819397702847024,-1.101912861013294,-0.8119301189281213,0.35651534857076794,-0.6144830034004278,0.37969831638290735,-0.8052641770583955,1.0414863225860436,-0.15876621652799638,-0.906569335573278,1.3510169853153604,-0.6329803175156041,1.7260399877232262,0.6628164889524354,-0.3134802803169436,-0.48346598921733663
-1.1913357062496122,0.7637021903325949,5.512937333107583,2.396521429294798,1.7906112386798252,2.321723265241973,-0.07821217701357573,-2.810176786292206,2.553467014750421,3.04733093551311,1.799539353849086,-1.6517030317112045,1.4683232887633348,3.93199999547628,-1.9302126816409917,0.4575462552851754,-2.285978942827805,0.37090088096349344,-5.859398427477047,2.7470889726205514,-0.6898686888440358,-0.161018847748808,0.9666912107502859,-3.5719428011793006,-1.1725501860696608,3.9042884307464845,-0.8679445686748836,2.309551884121355,-2.2494279058743545,-0.4512893807444266,2.0529300448864114,-2.434001062864454,-1.1886636346109016,0.884903584285381,1.8437082788246748,2.5467823953519533,-1.204619654955274,1.4594826728064083,-0.7881279941629807,0.6145087094950431,-2.738358324537151,-0.6345152344851057,2.0793925263475415,-3.6354297841782732,1.988652372942684,-4.173857983470293,-0.7332679972729473,0.6313557055852407,0.8496492935859954
2.3057755477739286,-0.7844495088808431,-7.9232697925002284,-4.19616974658092,-1.903629259403495,-2.93594957500223,-0.3300370571734369,4.353385082781732,-3.471605172177441,-4.224946828294553,-2.037158519695856,3.247119294369823,-2.171543934583768,-5.550617673764985,3.0496379891508574,-0.39388237830194184,2.850903648196093,-0.8349476113830921,8.128045690363855,-4.256483066233579,1.6895595107633552,0.046028444866329864,-0.7616827746440611,5.02367784691821,2.1909770489246188,-6.152585568028684,1.3180269888414813,-3.641240490177719,3.745729883677427,0.8867396282622294,-2.434001062864454,4.1509463570034555,2.367853959546205,-0.8279326457408218,-3.330105413097866,-3.4015123935158096,1.0762186941374245,-2.08016125726185,0.7816418058166308,-1.6285133061202985,3.372961751671312,1.4357370941312224,-2.772565682586294,4.589052764975219,-3.232467884478919,5.731424002484372,1.1149801344767654,-1.0475195289388588,-0.9974704778390179
1.1112833364732435,-0.3718880971218499,-5.558879737967764,-2.7265039275940772,-1.8145025822249374,-2.2847628904010095,-0.007215253742559307,2.9110612291580518,-2.2408409705362873,-3.436787870248106,-1.609242815046194,2.0046517466034515,-0.25948458672091834,-3.974093305668742,2.3194336308946935,-0.1448619335141075,1.6331254920871145,-0.47781110085075956,5.970512601485437,-2.6158084974671776,1.1136099352097255,-0.6566954681060057,-1.603808617543076,3.4120236781173436,1.3967992811742762,-4.043194458312174,0.9518821045795498,-1.4754299853649349,2.3547508067555696,1.0838229168699611,-1.1886636346109016,2.367853959546205,2.339885658333598,0.21344687929486947,-2.52835012378277,-2.034899536206007,0.790280564344781,-1.459260381438365,0.7881496658655949,-1.7013669888847351,2.3685714873260264,0.14588593887514362,-2.106974498713009,3.2083836368489367,-1.759956083555373,4.026193353268711,1.3445886498306323,-0.7677257603293678,-0.9567199644297977
-0.6345810202589025,0.3543152947555526,1.4463850137402592,0.6070897039808344,0.24952760456188772,0.47203845313811604,0.04667427657318132,-0.8388809006022062,0.8287972810594636,0.566305098476681,0.4815724539481352,-0.5034254855014072,1.249591115373357,0.9581218988479151,-0.3411118762620213,0.23265508646642605,-0.9532182239929043,0.19757449058828852,-1.2911141396313928,0.9654019143203115,-0.11700941974231205,-0.5158801711171676,-0.4157582767891206,-1.0119824130503967,-0.26090723890251116,1.1065375943641722,-0.16710075956944573,1.228164629180649,-0.67335150116305,0.24819397702847024,0.884903584285381,-0.8279326457408218,0.21344687929486947,0.9722759465472487,0.19366325415979593,1.0205003133877646,-0.35854310196248784,0.3952361708677998,-0.05072227734477635,-0.3682880157999417,-0.8041969670141597,-0.7728987728484474,0.48101677986100017,-1.1553418765623131,0.7752336606486697,-1.1144289069732138,0.23260568271727,0.150120726542548,0.044655132938446515
-1.7043921462237668,0.5711983599421271,7.031301474320412,3.568419266948361,1.9919505904741424,2.7203986244818443,0.17090316555153298,-3.7500599231330143,2.952689567194837,4.014537742033495,1.8783663534705772,-2.7201446683360677,1.1419240816798824,4.986110123688618,-2.8096373304683033,0.2598585372124586,-2.249495826975144,0.6673417004807038,-7.372181669065222,3.5256717239955035,-1.4557341121639686,0.40080620395526506,1.3625516258816628,-4.393091785327453,-1.869546901483191,5.272917875831623,-1.1613413744749035,2.5281225663227143,-3.1400193047775207,-1.101912861013294,1.8437082788246748,-3.330105413097866,-2.52835012378277,0.19366325415979593,3.1129801031753326,2.771566188809262,-0.952249779901142,1.8297020878751693,-0.828443416097044,1.8235928673714408,-2.952273285138994,-0.7118544655853927,2.5229456146277887,-4.0097700407083385,2.5239867129530533,-5.074059526535871,-1.3676462984287925,0.9380817049251774,1.053521511055918
-1.7599300303820749,0.9178636074367007,7.712720250757208,3.470523472082986,2.4192136605567427,3.1625847100793267,-0.07078427140542125,-4.019994954241329,3.4652054321421466,4.4091123447337734,2.4525742461024516,-2.4928460514446784,1.7591005404389202,5.4499759097196705,-2.8241154177308143,0.5026665994584703,-3.034272862764474,0.6254132795739717,-8.118914081890923,3.8689238940054644,-1.1342282906429186,0.032476309149788454,1.4362667899431902,-4.937587334633984,-1.700695177025958,5.5187748831302015,-1.2428241962700173,3.012592194657791,-3.207209448133124,-0.8119301189281213,2.5467823953519533,-3.4015123935158096,-2.034899536206007,1.0205003133877646,2.771566188809262,3.4777851812898484,-1.4883366452618174,2.0428517506358497,-1.0293868297604412,1.1697608820739975,-3.689039755310139,-0.8905410114545265,2.9063094087997747,-4.980166291215127,2.745964222425345,-5.754195284006506,-1.1438737930410245,0.9438134185491075,1.1628351698398218
0.31099414689636484,-0.5236637535968577,-3.343934297699325,-1.1505151358205061,-1.542260074673761,-1.7053823046718695,0.32039827311158986,1.561632818403797,-1.5457652810682454,-2.1468669699395733,-1.391370989681248,0.5517654141903316,-0.32844589370263777,-2.4629986223897293,1.158913924373502,-0.36622015744891495,1.4110533931739606,-0.06590399061147156,3.823548706819183,-1.4275733550741871,0.143414202244719,-0.114593714704055,-1.2366503603329382,2.1466299868544616,0.4990514194090901,-2.118248790140442,0.5484136467779142,-0.8867276770013038,1.121631323593167,0.35651534857076794,-1.204619654955274,1.0762186941374245,0.790280564344781,-0.35854310196248784,-0.952249779901142,-1.4883366452618174,1.0379592906438706,-0.8986144913794483,0.7365791078906735,-0.34804900849967385,1.906591837417632,-0.16970551307384849,-1.4661476005663752,2.460272216126702,-0.9153442400818612,2.6465815119235976,0.6524896555222898,-0.36654697631153077,-0.6926248089006946
-1.026618043864386,0.538412217751109,4.8494577615214665,2.212064460591624,1.5847743311284324,2.031002592415815,-0.03739870022297258,-2.481774432475158,2.120833731723977,2.803413172607741,1.5395141250890194,-1.578309205193693,0.8154466739410755,3.453619620804939,-1.830933574145721,0.278297410329323,-1.7844974568326661,0.36673003105302027,-5.152543860104267,2.3562914771934564,-0.7540158545376209,0.14721710072546104,1.0790432772932017,-3.0516102907365403,-1.0826009970119372,3.4392386522224223,-0.7941775610447492,1.705382372717674,-1.9891389586531645,-0.6144830034004278,1.4594826728064083,-2.08016125726185,-1.459260381438365,0.3952361708677998,1.8297020878751693,2.0428517506358497,-0.8986144913794483,1.2955217214404822,-0.6864871138475943,0.9183891835144026,-2.2861840192558134,-0.38005971417283935,1.8399297697639467,-3.0546260809069237,1.650627596948223,-3.6063159798502755,-0.8535977742756702,0.618557914915763,0.7878276808215103
0.16540022156296533,-0.32524807950951545,-2.532273423274046,-0.9240337132287199,-1.1940705836520935,-1.3140681935468004,0.2436382562085064,1.2196871992810847,-1.1110919414057256,-1.696518665224221,-1.0480563527901754,0.43815015341297703,0.020524814137109226,-1.8840520361767379,0.9625074495591792,-0.2089912826192632,0.9832281399727401,-0.044466365165442154,2.9603030179788896,-1.0125480309121442,0.1660719835939955,-0.23575850301358797,-1.1156699958627274,1.6131142764257695,0.39930269140774627,-1.6337435023286406,0.44259274298906015,-0.4977542117435388,0.8454399404664467,0.37969831638290735,-0.7881279941629807,0.7816418058166308,0.7881496658655949,-0.05072227734477635,-0.828443416097044,-1.0293868297604412,0.7365791078906735,-0.6864871138475943,0.6192422887668863,-0.4609302452308214,1.3993229059145293,-0.25929431652229873,-1.1272309195355874,1.8088783837646507,-0.625734039909672,2.015441314630111,0.6141301398954432,-0.27915261471020963,-0.5735684739764685
-0.7654430209591141,0.15005459509330535,3.581362982695531,1.9153352258205418,1.0618322850661,1.4220925300532696,0.09567632393041056,-1.9142917030482745,1.3667883101653278,2.178516855445016,0.919867414496496,-1.4547596768911166,0.027511523857269363,2.555119736162487,-1.562526259124793,0.015362629739711494,-0.9066041508701521,0.3486300062598963,-3.8210000338950842,1.6737291897922963,-0.8585481291236945,0.5189347435794659,1.0178765605716453,-2.150496294145876,-1.024964586761738,2.6715175456640274,-0.6389212000673875,0.917397451521103,-1.612749440272488,-0.8052641770583955,0.6145087094950431,-1.6285133061202985,-1.7013669888847351,-0.3682880157999417,1.8235928673714408,1.1697608820739975,-0.34804900849967385,0.9183891835144026,-0.4609302452308214,1.3675271678548169,-1.3902481680773218,-0.09377967619705387,1.2944847516616091,-1.8604836080181286,1.1586549319479562,-2.546830855991626,-0.9300846337729612,0.5229037084783742,0.6099903173644252
1.5039851459088343,-1.0726424591241088,-8.62258845308648,-3.590312424478863,-3.158242641267899,-3.8689519385323754,0.3347843822223291,4.238474420612666,-3.8271966869389846,-5.145364411371303,-3.0515489567387686,2.3576531210342537,-1.2120024277201407,-6.170156932005948,3.1370071198895757,-0.6086371177218667,3.3699463926484174,-0.5010909335631049,9.34168472331299,-3.993329006147438,0.997890973069277,-0.27088535502335387,-2.337905871885726,5.414359407336523,1.7079809361911606,-5.779284036044624,1.444184090653066,-2.7835921434249875,3.3202063896276375,1.0414863225860436,-2.738358324537151,3.372961751671312,2.3685714873260264,-0.8041969670141597,-2.952273285138994,-3.689039755310139,1.906591837417632,-2.2861840192558134,1.3993229059145293,-1.3902481680773218,4.377413398459728,0.31502266632464687,-3.39459993185911,5.698258531722893,-2.7394220107798795,6.531112355769939,1.4959179391047672,-1.0584165341793237,-1.532317549256509
1.1745581758748012,-0.14766193071163244,-1.4394880118205857,-1.227312683577575,0.3631296523050968,-0.07774633065804729,-0.4705119638704517,1.130679004763439,-0.7107667739938377,-0.29857353573042267,0.03893884278452916,1.2450597770022707,-1.6160943339316691,-0.8828709686795414,0.5186128525499422,-0.04871041458328365,0.6530159525339926,-0.45004723818774284,1.0044270590714937,-1.2652733231799504,0.684484331846987,0.5403764446944297,1.1284073342642904,0.9916673901095451,0.6792075318126267,-1.6327451463327824,0.16836174567520376,-1.6935398496600733,1.1066772850432867,-0.15876621652799638,-0.6345152344851057,1.4357370941312224,0.14588593887514362,-0.7728987728484474,-0.7118544655853927,-0.8905410114545265,-0.16970551307384849,-0.38005971417283935,-0.25929431652229873,-0.09377967619705387,0.31502266632464687,1.3668335330039467,-0.2639716354996363,0.6493570939437422,-1.1510754916273038,0.9106717427313797,-0.2570845012330427,-0.22718929884086325,0.1790546158039023
