V1,V2,V3,V4,V5,V6,V7,V8,V9,V10,V11,V12,V13,V14,V15,V16,V17,V18,V19,V20,V21,V22,V23,V24,V25,V26,V27,V28,V29
1.0812171436697324,0.07276766249793812,-0.7340007878871798,-2.1233183980133967,0.22460638219579065,-0.6171099642929332,0.6201789255062558,0.7160597438925914,0.05429793068760864,-0.0029486026344591825,0.43997115495927386,-1.7501255530013218,-2.4794614168100146,-0.054147500827145104,-0.49307725055421836,-0.33632958525225076,2.39455247772603,-0.6189257996456901,1.0462996063009564,-1.4367101973094205,1.1559028100127349,-0.14367442304904704,1.5994714346624894,1.0066609421155133,2.066901956090247,-2.325705977606291,-1.0019123065174727,0.935517706122717,-0.3634803225767769
0.07276766249793812,0.187148289562592,-0.34074723997627243,-0.2883967485781346,-0.08010058373255718,0.2548506345672047,0.14182471519978293,0.4087930845546465,0.18220391167669095,0.09901877388828771,0.2233963630207076,-0.8242963851791887,-0.34237682283206045,0.09356780222314816,0.0018149294456806422,-0.3082489055304634,0.7944601504059613,0.0748514235095397,0.05885145348725339,-0.5331773129453168,0.5115701920137725,0.26551206702841573,0.20563310811131502,0.1304586452713723,0.17273055748035576,-0.7915309328086488,0.26248149801298104,0.07469651123793941,-0.3771136608640272
-0.7340007878871798,-0.34074723997627243,1.512180047405341,2.1522808086343614,0.05328717324650268,-0.1213699575495873,-0.5196138215310772,-1.2431957640833604,-0.6432462906863177,-0.26171454308496817,-0.9800651825504736,2.946253647365901,2.3459582003294486,-0.5767095688526236,0.5135530655647664,0.8537687115849689,-3.204375250059682,0.16058857575435292,-0.860687979294936,2.4273498391709025,-2.0866182673296443,-0.6253001101553101,-1.5384414620395415,-1.1528704200920763,-1.6800653026287449,3.6403120472632566,-0.08396677800001552,-0.6966881005368595,1.3822698091630743
-2.1233183980133967,-0.2883967485781346,2.1522808086343614,5.145264540453685,-0.3284418323358503,1.08893113578254,-0.9861954168493797,-1.6298979028615421,-0.5047526429390078,-0.10416049507472674,-1.4971975365534596,4.025505076271844,5.704548412789579,-0.82133687553061685,1.0941363695513318,0.8722566388673793,-5.474471070731916,0.9742550707371362,-2.4809996691909517,4.076025809162883,-3.207181776384132,-0.18003643954810603,-3.7309464360391473,-2.815614729448275,-4.267544792164323,6.301886796233559,1.6122487491833848,-1.8776085464258716,1.1869700790024746
0.22460638219579065,-0.08010058373255718,0.05328717324650268,-0.3284418323358503,0.15630735758846376,-0.34005937262504987,0.14343707413279538,-0.03242645474515776,-0.09709656252140586,-0.09183649773925531,-0.055330952382447986,0.060721938255913446,-0.4899393158295656,-0.16389125358765513,-0.07569406194736931,0.15138853863778245,0.18712869561616707,-0.2550713038912323,0.2212926624410342,-0.02366206071387185,-0.07688810061368097,-0.2928049498815496,0.26135993800830176,0.19317078128336976,0.45540297215765824,-0.09360158980048064,-0.46324044387886526,0.17659068468227143,0.15519565644262553
-0.6171099642929332,0.2548506345672047,-0.1213699575495873,1.08893113578254,-0.34005937262504987,1.1159678211957418,-0.022640856276372148,0.43539785821723825,0.2962281127860146,0.2816521294539566,0.005903409152762408,-0.6676003227539145,1.4311499207926608,-0.028801840111489885,0.28514517289990365,-0.5209352221152149,-0.07975452529267921,0.6518004156665618,-0.7561598062548079,0.1956932141000232,0.15835977964048426,0.6778482570913295,-0.8703795058286389,-0.7801300158486306,-1.1402210637366634,0.39099462389788137,1.3022660647816882,-0.3858089021477551,-0.6181443292587615
0.6201789255062558,0.14182471519978293,-0.5196138215310772,-0.9861954168493797,0.14343707413279538,-0.022640856276372148,0.9127153540388451,0.9756568659620503,0.15170937088929795,0.05554657222700745,0.10654158072901884,-1.9769110018962002,-1.338176227933072,-0.6813952442353125,-0.25766182560490886,-0.4366920101897309,2.1655406690818935,-0.3517894523914962,0.36727403560106814,-0.750287687566564,0.7451458854525517,-0.12780169071296138,0.7137283651346038,0.20072338666927272,1.353260090075393,-1.3816788770180215,-0.4685657178507458,0.6932894553488973,-0.6261152945862802
0.7160597438925914,0.4087930845546465,-1.2431957640833604,-1.6298979028615421,-0.03242645474515776,0.43539785821723825,0.9756568659620503,1.6364137070328257,0.4972990829366811,0.30890362689490425,0.6018378224805911,-3.371508837088475,-1.8294389089224246,-0.1615745291943246,-0.3615193375456215,-1.0710170485519714,3.4015459105710826,-0.08292826707847195,0.5003250909831857,-1.837550386411232,1.7947792796950377,0.5447941496319667,1.1463939334666007,0.5128672273911999,1.6052647493707,-2.89837376021695,0.14256604596532801,0.787091688387418,-1.3963760608240696
0.05429793068760864,0.18220391167669095,-0.6432462906863177,-0.5047526429390078,-0.09709656252140586,0.2962281127860146,0.15170937088929795,0.4972990829366811,0.4121600008648847,0.13386898617890505,0.43543235606030667,-1.2039478634488197,-0.5899357498680661,0.22956707108520263,-0.11451919193577685,-0.323484872271064,1.1719681359708762,0.040825193687192084,0.15597834411946446,-0.9440983309430333,0.8201025293974398,0.3282413499614726,0.3374897525616382,0.32942658225347876,0.2990804118570604,-1.383502054312232,0.3622736415032162,0.12028021602592458,-0.7194270961952042
-0.0029486026344591825,0.09901877388828771,-0.26171454308496817,-0.10416049507472674,-0.09183649773925531,0.2816521294539566,0.05554657222700745,0.30890362689490425,0.13386898617890505,0.14981051077606028,0.14182525891401693,-0.6297769332252812,0.015347269096550754,0.12002297709396044,-0.047388346036969675,-0.30700846516170477,0.45216810913343636,0.15951135312355086,-0.0451819362783605,-0.3081819398777011,0.38269573811979835,0.31430846587123307,0.05801068728437587,-0.05344326035484046,0.023266483032980075,-0.4288305701778191,0.3263055941564968,0.04149141326125645,-0.3532062648461259
0.43997115495927386,0.2233963630207076,-0.9800651825504736,-1.4971975365534596,-0.055330952382447986,0.005903409152762408,0.10654158072901884,0.6018378224805911,0.43543235606030667,0.14182525891401693,0.7702099007476367,-1.5631955197309417,-1.6022014181698938,0.6518894751689864,-0.2809323147036903,-0.4369476854247445,1.8538244264414865,-0.11877183690850754,0.6612473792279638,-1.7121624937109883,1.3808505427273696,0.4175541257180597,1.0858686542233136,0.9587670908600737,0.9676168407450316,-2.471677138949064,0.09540581988741814,0.37242276044225664,-0.7782379658516864
-1.7501255530013218,-0.8242963851791887,2.946253647365901,4.025505076271844,0.060721938255913446,-0.6676003227539145,-1.9769110018962002,-3.371508837088475,-1.2039478634488197,-0.6297769332252812,-1.5631955197309417,7.4193109261013594,4.594757418435015,0.13044731589202593,0.9953046563856853,2.185939912705837,-7.649661525337714,0.44925805670596325,-1.4274552581255073,4.445630186545495,-4.185408800936959,-1.125497201095365,-2.8960538817014245,-1.518434348186997,-3.8508333403842445,6.973521323666748,-0.062259426639332885,-1.8393104986107385,3.114884539997085
-2.4794614168100146,-0.34237682283206045,2.3459582003294486,5.704548412789579,-0.4899393158295656,1.4311499207926608,-1.338176227933072,-1.8294389089224246,-0.5899357498680661,0.015347269096550754,-1.6022014181698938,4.594757418435015,6.805776779973864,-0.4958717617857005,1.1927599339948218,0.7396027909639945,-6.433848707931228,1.4401448602474916,-2.8426326491777107,4.521991584141408,-3.438258903717362,0.1751520984081801,-4.211753624308855,-3.2019035903694655,-5.059533795719893,7.120308605617487,2.1596042620353093,-2.1537466024178324,1.2665110373334347
-0.054147500827145104,0.09356780222314816,-0.5767095688526236,-0.82133687553061685,-0.16389125358765513,-0.028801840111489885,-0.6813952442353125,-0.1615745291943246,0.22956707108520263,0.12002297709396044,0.6518894751689864,0.13044731589202593,-0.4958717617857005,1.436508039802058,-0.12203429948688799,-0.19018054553835353,-0.027132695745361524,0.3277807689267905,0.36790369936660694,-1.124536911063152,0.8028490301733361,0.6572119578421157,0.5602561762656414,0.8558696611643853,-0.09685340563179395,-1.3621722237138518,0.48084051370790076,-0.23235679230442316,-0.23263248171714115
-0.49307725055421836,0.0018149294456806422,0.5135530655647664,1.0941363695513318,-0.07569406194736931,0.28514517289990365,-0.25766182560490886,-0.3615193375456215,-0.11451919193577685,-0.047388346036969675,-0.2809323147036903,0.9953046563856853,1.1927599339948218,-0.12203429948688799,0.37905273550324264,0.20904737444326102,-1.2018593452569928,0.23245076487836802,-0.5118387682325619,0.8288634704961934,-0.6987944232045408,-0.05105379389238586,-0.7993199199107439,-0.5102623244749231,-1.037509589131638,1.3300570219065349,0.4229124164099369,-0.45603130329840574,0.3537052207610436
-0.33632958525225076,-0.3082489055304634,0.8537687115849689,0.8722566388673793,0.15138853863778245,-0.5209352221152149,-0.4366920101897309,-1.0710170485519714,-0.323484872271064,-0.30700846516170477,-0.4369476854247445,2.185939912705837,0.7396027909639945,-0.19018054553835353,0.20904737444326102,0.922270506628992,-1.9545415921255658,-0.20399461662090965,-0.15721981479616096,1.189336286666772,-1.2689787400643642,-0.7020377810225308,-0.6025740349058621,-0.193193760710961,-0.6944805174384229,1.7719444755338987,-0.4986018812874113,-0.3471554440289443,1.0131208115925023
2.39455247772603,0.7944601504059613,-3.204375250059682,-5.474471070731916,0.18712869561616707,-0.07975452529267921,2.1655406690818935,3.4015459105710826,1.1719681359708762,0.45216810913343636,1.8538244264414865,-7.649661525337714,-6.433848707931228,-0.027132695745361524,-1.2018593452569928,-1.9545415921255658,8.671356475821984,-1.0036606617230317,2.291780135158609,-5.285540931349329,4.614909028519669,0.6918405900479624,3.9827159575519295,2.502475526992827,5.108085503717187,-8.311041319487353,-0.8962825424533811,2.3522699183599296,-2.901550401016798
-0.6189257996456901,0.0748514235095397,0.16058857575435292,0.9742550707371362,-0.2550713038912323,0.6518004156665618,-0.3517894523914962,-0.08292826707847195,0.040825193687192084,0.15951135312355086,-0.11877183690850754,0.44925805670596325,1.4401448602474916,0.3277807689267905,0.23245076487836802,-0.20399461662090965,-1.0036606617230317,0.6816827270162794,-0.6128827131722574,0.4938063456059454,-0.24078463072781964,0.521774306457249,-0.8114411516120918,-0.558169839868605,-1.1918212979899774,0.8621057968781051,0.9183988193900692,-0.5001967958711174,-0.05683273832647671
1.0462996063009564,0.05885145348725339,-0.860687979294936,-2.4809996691909517,0.2212926624410342,-0.7561598062548079,0.36727403560106814,0.5003250909831857,0.15597834411946446,-0.0451819362783605,0.6612473792279638,-1.4274552581255073,-2.8426326491777107,0.36790369936660694,-0.5118387682325619,-0.15721981479616096,2.291780135158609,-0.6128827131722574,1.3051466430111438,-1.7904540477334658,1.3053425456842571,-0.13822340989927573,1.8185946711253473,1.4499516690742194,2.0608597082720235,-2.7965117083448248,-1.0423190762891228,0.9067456554525777,-0.26391153681181656
-1.4367101973094205,-0.5331773129453168,2.4273498391709025,4.076025809162883,-0.02366206071387185,0.1956932141000232,-0.750287687566564,-1.837550386411232,-0.9440983309430333,-0.3081819398777011,-1.7121624937109883,4.445630186545495,4.521991584141408,-1.124536911063152,0.8288634704961934,1.189336286666772,-5.285540931349329,0.4938063456059454,-1.7904540477334658,4.211813116262014,-3.438402449322231,-0.8012375640069864,-2.953298096309351,-2.3663897523583595,-3.1066090201107017,6.2812560427031245,0.2799971167161067,-1.2567247617863746,1.9261662279233747
1.1559028100127349,0.5115701920137725,-2.0866182673296443,-3.207181776384132,-0.07688810061368097,0.15835977964048426,0.7451458854525517,1.7947792796950377,0.8201025293974398,0.38269573811979835,1.3808505427273696,-4.185408800936959,-3.438258903717362,0.8028490301733361,-0.6987944232045408,-1.2689787400643642,4.614909028519669,-0.24078463072781964,1.3053425456842571,-3.438402449322231,2.99200366305708,0.8990353593123568,2.3067570752200495,1.6513716367682651,2.4792153522946583,-5.157568385621889,0.04432624037928799,1.0866514714912143,-1.8258862400555196
-0.14367442304904704,0.26551206702841573,-0.6253001101553101,-0.18003643954810603,-0.2928049498815496,0.6778482570913295,-0.12780169071296138,0.5447941496319667,0.3282413499614726,0.31430846587123307,0.4175541257180597,-1.125497201095365,0.1751520984081801,0.6572119578421157,-0.05105379389238586,-0.7020377810225308,0.6918405900479624,0.521774306457249,-0.13822340989927573,-0.8012375640069864,0.8990353593123568,0.8912585935304668,0.07702241020442295,0.025694923679823144,-0.2518261304557757,-1.0427133139488933,0.953685236277953,-0.12598776475012174,-0.7622685585040808
1.5994714346624894,0.20563310811131502,-1.5384414620395415,-3.7309464360391473,0.26135993800830176,-0.8703795058286389,0.7137283651346038,1.1463939334666007,0.3374897525616382,0.05801068728437587,1.0858686542233136,-2.8960538817014245,-4.211753624308855,0.5602561762656414,-0.7993199199107439,-0.6025740349058621,3.9827159575519295,-0.8114411516120918,1.8185946711253473,-2.953298096309351,2.3067570752200495,0.07702241020442295,2.756179718283283,2.046131812875758,3.170645178167233,-4.55162777039903,-1.239524567100909,1.3634929078032463,-0.8365421403976245
1.0066609421155133,0.1304586452713723,-1.1528704200920763,-2.815614729448275,0.19317078128336976,-0.7801300158486306,0.20072338666927272,0.5128672273911999,0.32942658225347876,-0.05344326035484046,0.9587670908600737,-1.518434348186997,-3.2019035903694655,0.8558696611643853,-0.5102623244749231,-0.193193760710961,2.502475526992827,-0.558169839868605,1.4499516690742194,-2.3663897523583595,1.6513716367682651,0.025694923679823144,2.046131812875758,1.9060797526365791,2.0723301664913145,-3.5375558027528995,-0.855670617617587,0.7688000035227321,-0.4711237746121717
2.066901956090247,0.17273055748035576,-1.6800653026287449,-4.267544792164323,0.45540297215765824,-1.1402210637366634,1.353260090075393,1.6052647493707,0.2990804118570604,0.023266483032980075,0.9676168407450316,-3.8508333403842445,-5.059533795719893,-0.09685340563179395,-1.037509589131638,-0.6944805174384229,5.108085503717187,-1.1918212979899774,2.0608597082720235,-3.1066090201107017,2.4792153522946583,-0.2518261304557757,3.170645178167233,2.0723301664913145,4.184099558348594,-5.022115997928744,-1.887017123307826,1.856566652386229,-1.0274568615845405
-2.325705977606291,-0.7915309328086488,3.6403120472632566,6.301886796233559,-0.09360158980048064,0.39099462389788137,-1.3816788770180215,-2.89837376021695,-1.383502054312232,-0.4288305701778191,-2.471677138949064,6.973521323666748,7.120308605617487,-1.3621722237138518,1.3300570219065349,1.7719444755338987,-8.311041319487353,0.8621057968781051,-2.7965117083448248,6.2812560427031245,-5.157568385621889,-1.0427133139488933,-4.55162777039903,-3.5375558027528995,-5.022115997928744,9.541292931680404,0.7449807232342723,-2.1045570026583498,2.8500866373715525
-1.0019123065174727,0.26248149801298104,-0.08396677800001552,1.6122487491833848,-0.46324044387886526,1.3022660647816882,-0.4685657178507458,0.14256604596532801,0.3622736415032162,0.3263055941564968,0.09540581988741814,-0.062259426639332885,2.1596042620353093,0.48084051370790076,0.4229124164099369,-0.4986018812874113,-0.8962825424533811,0.9183988193900692,-1.0423190762891228,0.2799971167161067,0.04432624037928799,0.953685236277953,-1.239524567100909,-0.855670617617587,-1.887017123307826,0.7449807232342723,1.8718115618662556,-0.8489669882851169,-0.6623556641920951
0.935517706122717,0.07469651123793941,-0.6966881005368595,-1.8776085464258716,0.17659068468227143,-0.3858089021477551,0.6932894553488973,0.787091688387418,0.12028021602592458,0.04149141326125645,0.37242276044225664,-1.8393104986107385,-2.1537466024178324,-0.23235679230442316,-0.45603130329840574,-0.3471554440289443,2.3522699183599296,-0.5001967958711174,0.9067456554525777,-1.2567247617863746,1.0866514714912143,-0.12598776475012174,1.3634929078032463,0.7688000035227321,1.856566652386229,-2.1045570026583498,-0.8489669882851169,0.9707196276618659,-0.43045499789283365
-0.3634803225767769,-0.3771136608640272,1.3822698091630743,1.1869700790024746,0.15519565644262553,-0.6181443292587615,-0.6261152945862802,-1.3963760608240696,-0.7194270961952042,-0.3532062648461259,-0.7782379658516864,3.114884539997085,1.2665110373334347,-0.23263248171714115,0.3537052207610436,1.0131208115925023,-2.901550401016798,-0.05683273832647671,-0.26391153681181656,1.9261662279233747,-1.8258862400555196,-0.7622685585040808,-0.8365421403976245,-0.4711237746121717,-1.0274568615845405,2.8500866373715525,-0.6623556641920951,-0.43045499789283365,1.6948407537163832
