V1,V2,V3,V4,V5,V6,V7,V8,V9,V10,V11,V12,V13,V14,V15,V16,V17,V18,V19,V20,V21,V22,V23,V24,V25,V26,V27,V28,V29
1.183652347058643,0.08656967679972408,-0.8586073081032549,-2.3915783875492376,0.24151484757656602,-0.6668155394863935,0.6637243524024231,0.8017877028463176,0.09050718422452664,0.006792279001308023,0.5267651349712927,-1.9676119405094925,-2.772002256301619,0.006017258118138521,-0.5516057786762896,-0.38433446490924894,2.6807796619713646,-0.6628073081730305,1.174406189632945,-1.6651528711960595,1.333661958446615,-0.12320901593683321,1.7906354013815846,1.161623096721514,2.2807331476153525,-2.6723820615679834,-1.0696753063371618,1.0251006576504245,-0.44112580861610046
0.08656967679972408,0.18741382673030352,-0.37864928167202483,-0.35278017367058045,-0.08084962009406699,0.2611915889434758,0.16198329580076493,0.4402124141148345,0.20236843975214328,0.10662351761782396,0.24270573675423435,-0.896851217526086,-0.3993472223547179,0.09857038282380878,-0.019628901748495447,-0.32176732509562905,0.8733531358474116,0.08022932120720067,0.08668191909869302,-0.5848452106920539,0.5597050622419207,0.2742543027488908,0.2406961338975768,0.1567622210367609,0.21862613386357724,-0.8794985479428497,0.25283271792541795,0.10936012130422539,-0.4082761914376327
-0.8586073081032549,-0.37864928167202483,1.6609188053061474,2.4231414927726274,0.04240442110381185,-0.10027067860957786,-0.6187501536295871,-1.3987466187487636,-0.6890341521832274,-0.27864068420818217,-1.068475014756877,3.2962097558679253,2.6655679540597332,-0.5848562072089437,0.5722077348323432,0.9471790925795253,-3.6106932263003286,0.21594528103858368,-0.974405274687597,2.681408823130912,-2.304642698725247,-0.6561518803558068,-1.7413535213109703,-1.2803582428999793,-1.935263080956973,4.035557218636503,-0.029464282598121283,-0.806234091549758,1.511563579261716
-2.3915783875492376,-0.35278017367058045,2.4231414927726274,5.711445597676998,-0.3613544333692797,1.1715698380229875,-1.1642420946270402,-1.8977039557498159,-0.576138906924726,-0.12712446179770032,-1.6686186295906609,4.652940570391268,6.3801940283062155,-0.8382492406268874,1.2110427322129769,1.0233403232067368,-6.246607332253265,1.1119630986920996,-2.740483896906308,4.566339420705951,-3.616712673259078,-0.21135845387212263,-4.158999620152567,-3.0924808392089833,-4.7958862115917995,7.068998112895995,1.7727799413877867,-2.109065181852257,1.3869560413259
0.24151484757656602,-0.08084962009406699,0.04240442110381185,-0.3613544333692797,0.16011620513563452,-0.3546404322984666,0.13677745099329203,-0.03692252687914447,-0.09496055372796572,-0.0922373591069504,-0.040768307932024406,0.05039428998491002,-0.5309335763879712,-0.15283226707210074,-0.08065966043751918,0.15355225102201261,0.2106647778822697,-0.27318068907829546,0.24346813564403505,-0.05257701542604437,-0.058403488319783266,-0.29538964448184063,0.29007933211785697,0.2193336704548717,0.4799445414532657,-0.13250783016883008,-0.47526702811912547,0.18381908163324173,0.15436760442544575
-0.6668155394863935,0.2611915889434758,-0.10027067860957786,1.1715698380229875,-0.3546404322984666,1.1576320033392355,-0.04787044352243256,0.42164774849162445,0.2983202786693779,0.2871672918499439,-0.0063719187820010575,-0.6147498594128804,1.5343090162239532,-0.012877400257214127,0.310962404720814,-0.5223776346415372,-0.16337562107844225,0.6945290923421924,-0.8026765736695471,0.23996575826032712,0.12624658608538045,0.7021805845901303,-0.9366038615286958,-0.8181813592898567,-1.2336033219172213,0.4657916583416839,1.3633915507507375,-0.4292196453329705,-0.6119190791060134
0.6637243524024231,0.16198329580076493,-0.6187501536295871,-1.1642420946270402,0.13677745099329203,-0.04787044352243256,0.8869425569695453,0.9949468310713493,0.19730412576827872,0.05826688842669814,0.2055215477088605,-2.068157296071632,-1.5315050510974901,-0.5692269378486435,-0.282489655915507,-0.45261030432258026,2.3148713005811774,-0.37286302484844663,0.45933694404816433,-0.9478314497524417,0.8858607805956494,-0.09204477764330606,0.8444864628537002,0.3421214363239679,1.4424623440730677,-1.6572729117029683,-0.47037342141771243,0.7221618354923167,-0.6783684025019711
0.8017877028463176,0.4402124141148345,-1.3987466187487636,-1.8977039557498159,-0.03692252687914447,0.42164774849162445,0.9949468310713493,1.7266040384017016,0.5633498433467143,0.32835054804213637,0.7260176601915598,-3.620077514996784,-2.119184268294031,-0.0643753991360374,-0.41307773823918326,-1.1320697580080343,3.7108260367134154,-0.11564938015083323,0.6275526141271255,-2.1164435193777003,2.018365240717398,0.5986232118718281,1.3407192954131675,0.68003433305631,1.7848231490089943,-3.3077158425452744,0.13085560994505438,0.8650828787418138,-1.5062916938468438
0.09050718422452664,0.20236843975214328,-0.6890341521832274,-0.576138906924726,-0.09496055372796572,0.2983202786693779,0.19730412576827872,0.5633498433467143,0.4259257125472598,0.1379046910921094,0.45688182498663044,-1.332794184860579,-0.6844747677198001,0.2194188333502845,-0.12623274547655336,-0.36319693804601205,1.314692621750822,0.028429062624821057,0.17884071732428314,-1.0196200290170683,0.887041212999897,0.33979669084631137,0.392223771653783,0.35981565920135805,0.37646474025667553,-1.504495623576229,0.3529918220490909,0.1481899162853871,-0.7675050147432405
0.006792279001308023,0.10662351761782396,-0.27864068420818217,-0.12712446179770032,-0.0922373591069504,0.2871672918499439,0.05826688842669814,0.32835054804213637,0.1379046910921094,0.1559177505951447,0.1527336698474878,-0.6694075795004523,-0.008711301786579239,0.1313958550989136,-0.049198738462259396,-0.3263777230257983,0.4906591715618727,0.16022233621900886,-0.03747201655618687,-0.33849324558410454,0.4100792486701152,0.32913242880032273,0.07714069580047415,-0.03906780566043994,0.039062138413604564,-0.470804254768392,0.3365762032350185,0.04169400997610027,-0.3688594244057265
0.5267651349712927,0.24270573675423435,-1.068475014756877,-1.6686186295906609,-0.040768307932024406,-0.0063719187820010575,0.2055215477088605,0.7260176601915598,0.45688182498663044,0.1527336698474878,0.8022596271778712,-1.8192806069282461,-1.8042531598185927,0.615712945255197,-0.32617370273078244,-0.5046070636676999,2.138105241009179,-0.14973186408492314,0.72708839417466,-1.848312424363108,1.5069101898960793,0.42602724078436466,1.2064112611566506,1.0181143050649815,1.155217717682913,-2.70305973676419,0.037715746704880745,0.4604774426162485,-0.8632905645692563
-1.9676119405094925,-0.896851217526086,3.2962097558679253,4.652940570391268,0.05039428998491002,-0.6147498594128804,-2.068157296071632,-3.620077514996784,-1.332794184860579,-0.6694075795004523,-1.8192806069282461,8.026406411769175,5.2833111123450935,-0.062272418713335644,1.1151246456501058,2.3477796243342035,-8.400364571255897,0.524834034072652,-1.7107567618180108,5.072858399687586,-4.685145593681626,-1.2364228239613435,-3.349584174592113,-1.8987336597816113,-4.31338839370019,7.902403628890381,-0.003921712039562486,-2.019815019246169,3.371512896890872
-2.772002256301619,-0.3993472223547179,2.6655679540597332,6.3801940283062155,-0.5309335763879712,1.5343090162239532,-1.5315050510974901,-2.119184268294031,-0.6844747677198001,-0.008711301786579239,-1.8042531598185927,5.2833111123450935,7.585820996018322,-0.5366787661008695,1.3415320488703202,0.8908618198850466,-7.2952854781370755,1.5831080584987571,-3.1568950627977608,5.091891439000946,-3.905708577982482,0.14773004847254181,-4.704538078666253,-3.545779230960217,-5.6623783674202,8.01607038975172,2.355027065014359,-2.4266267316691565,1.4934388054902838
0.006017258118138521,0.09857038282380878,-0.5848562072089437,-0.8382492406268874,-0.15283226707210074,-0.012877400257214127,-0.5692269378486435,-0.0643753991360374,0.2194188333502845,0.1313958550989136,0.615712945255197,-0.062272418713335644,-0.5366787661008695,1.2950680794361071,-0.1472886458537959,-0.24078527810879755,0.14421456865020524,0.29070911870276445,0.36122351883612913,-1.1017246836695866,0.8239985723310542,0.6345840407946811,0.5788999826387804,0.7833256372644344,0.015563292090528303,-1.36685573305095,0.4297278623655973,-0.15424814561811848,-0.27978174596137
-0.5516057786762896,-0.019628901748495447,0.5722077348323432,1.2110427322129769,-0.08065966043751918,0.310962404720814,-0.282489655915507,-0.41307773823918326,-0.12623274547655336,-0.049198738462259396,-0.32617370273078244,1.1151246456501058,1.3415320488703202,-0.1472886458537959,0.39621976447356744,0.24619398665497946,-1.3580716316050865,0.2674556522426392,-0.5635959736947002,0.9469664495614503,-0.791012827167,-0.0640199368990279,-0.8986007154162404,-0.5809483786865377,-1.1434239156911998,1.501268621679786,0.4448392054452381,-0.4851171757800775,0.39659652234858345
-0.38433446490924894,-0.32176732509562905,0.9471790925795253,1.0233403232067368,0.15355225102201261,-0.5223776346415372,-0.45261030432258026,-1.1320697580080343,-0.36319693804601205,-0.3263777230257983,-0.5046070636676999,2.3477796243342035,0.8908618198850466,-0.24078527810879755,0.24619398665497946,0.9656953206079517,-2.137307768302131,-0.1920827326731775,-0.22561622646572133,1.3445320056349523,-1.4011855635631567,-0.7402240550254656,-0.7091355481897145,-0.2756226721684068,-0.8000222178270681,2.0007829624775613,-0.49778660617745224,-0.39856773967191755,1.0877904395161524
2.6807796619713646,0.8733531358474116,-3.6106932263003286,-6.246607332253265,0.2106647778822697,-0.16337562107844225,2.3148713005811774,3.7108260367134154,1.314692621750822,0.4906591715618727,2.138105241009179,-8.400364571255897,-7.2952854781370755,0.14421456865020524,-1.3580716316050865,-2.137307768302131,9.607691822332663,-1.116641199016274,2.6454582691840356,-6.01133236043954,5.19673434109063,0.7889966353155654,4.53794741452121,2.946163339025452,5.714329781428638,-9.410721486214616,-1.0255720449289343,2.6077585861521104,-3.192806207360655
-0.6628073081730305,0.08022932120720067,0.21594528103858368,1.1119630986920996,-0.27318068907829546,0.6945290923421924,-0.37286302484844663,-0.11564938015083323,0.028429062624821057,0.16022233621900886,-0.14973186408492314,0.524834034072652,1.5831080584987571,0.29070911870276445,0.2674556522426392,-0.1920827326731775,-1.116641199016274,0.6943636109203388,-0.6782169003122036,0.5939652055012227,-0.3086730033572823,0.5223608695071633,-0.9006430708587955,-0.6481218525933421,-1.2998751893157852,1.018648780292551,0.96919427110727,-0.5366752871652177,-0.02914223466337953
1.174406189632945,0.08668191909869302,-0.974405274687597,-2.740483896906308,0.24346813564403505,-0.8026765736695471,0.45933694404816433,0.6275526141271255,0.17884071732428314,-0.03747201655618687,0.72708839417466,-1.7107567618180108,-3.1568950627977608,0.36122351883612913,-0.5635959736947002,-0.22561622646572133,2.6454582691840356,-0.6782169003122036,1.4235890150920987,-2.0007155044060996,1.4795974147163549,-0.13415535886103608,2.0143502751561053,1.5748498422414123,2.3134390803275733,-3.1316187153022765,-1.1310367896528166,1.0134026663058715,-0.34414802553374974
-1.6651528711960595,-0.5848452106920539,2.681408823130912,4.566339420705951,-0.05257701542604437,0.23996575826032712,-0.9478314497524417,-2.1164435193777003,-1.0196200290170683,-0.33849324558410454,-1.848312424363108,5.072858399687586,5.091891439000946,-1.1017246836695866,0.9469664495614503,1.3445320056349523,-6.01133236043954,0.5939652055012227,-2.0007155044060996,4.633162589014939,-3.8069626808210937,-0.8352488986711349,-3.3091720545389443,-2.5788595562736627,-3.5836944817887524,6.957726919957057,0.41281421707568244,-1.4793123950647278,2.1436772789560004
1.333661958446615,0.5597050622419207,-2.304642698725247,-3.616712673259078,-0.058403488319783266,0.12624658608538045,0.8858607805956494,2.018365240717398,0.887041212999897,0.4100792486701152,1.5069101898960793,-4.685145593681626,-3.905708577982482,0.8239985723310542,-0.791012827167,-1.4011855635631567,5.19673434109063,-0.3086730033572823,1.4795974147163549,-3.8069626808210937,3.3082581204240036,0.9456958139417073,2.6035569558483607,1.8454842748856501,2.8525239767060606,-5.736256868879492,-0.04203386930162207,1.2517891569277184,-2.006616126348024
-0.12320901593683321,0.2742543027488908,-0.6561518803558068,-0.21135845387212263,-0.29538964448184063,0.7021805845901303,-0.09204477764330606,0.5986232118718281,0.33979669084631137,0.32913242880032273,0.42602724078436466,-1.2364228239613435,0.14773004847254181,0.6345840407946811,-0.0640199368990279,-0.7402240550254656,0.7889966353155654,0.5223608695071633,-0.13415535886103608,-0.8352488986711349,0.9456958139417073,0.9098995381058002,0.09811450455642393,0.014626617942229886,-0.20886083724337143,-1.100344572384599,0.9622490878167137,-0.09524611592614933,-0.8075028299331809
1.7906354013815846,0.2406961338975768,-1.7413535213109703,-4.158999620152567,0.29007933211785697,-0.9366038615286958,0.8444864628537002,1.3407192954131675,0.392223771653783,0.07714069580047415,1.2064112611566506,-3.349584174592113,-4.704538078666253,0.5788999826387804,-0.8986007154162404,-0.7091355481897145,4.53794741452121,-0.9006430708587955,2.0143502751561053,-3.3091720545389443,2.6035569558483607,0.09811450455642393,3.069317105725104,2.2562051436933546,3.5636938019620925,-5.114409400614231,-1.3661107873828024,1.5376368885930654,-0.9846688482407437
1.161623096721514,0.1567622210367609,-1.2803582428999793,-3.0924808392089833,0.2193336704548717,-0.8181813592898567,0.3421214363239679,0.68003433305631,0.35981565920135805,-0.03906780566043994,1.0181143050649815,-1.8987336597816113,-3.545779230960217,0.7833256372644344,-0.5809483786865377,-0.2756226721684068,2.946163339025452,-0.6481218525933421,1.5748498422414123,-2.5788595562736627,1.8454842748856501,0.014626617942229886,2.2562051436933546,2.003020193683659,2.3817670157570796,-3.894769289657166,-0.9699066662577144,0.922413434646821,-0.5821125061937481
2.2807331476153525,0.21862613386357724,-1.935263080956973,-4.7958862115917995,0.4799445414532657,-1.2336033219172213,1.4424623440730677,1.7848231490089943,0.37646474025667553,0.039062138413604564,1.155217717682913,-4.31338839370019,-5.6623783674202,0.015563292090528303,-1.1434239156911998,-0.8000222178270681,5.714329781428638,-1.2998751893157852,2.3134390803275733,-3.5836944817887524,2.8525239767060606,-0.20886083724337143,3.5636938019620925,2.3817670157570796,4.61207916739777,-5.740131135456144,-2.008353438846796,2.029098033063883,-1.1935815515623514
-2.6723820615679834,-0.8794985479428497,4.035557218636503,7.068998112895995,-0.13250783016883008,0.4657916583416839,-1.6572729117029683,-3.3077158425452744,-1.504495623576229,-0.470804254768392,-2.70305973676419,7.902403628890381,8.01607038975172,-1.36685573305095,1.501268621679786,2.0007829624775613,-9.410721486214616,1.018648780292551,-3.1316187153022765,6.957726919957057,-5.736256868879492,-1.100344572384599,-5.114409400614231,-3.894769289657166,-5.740131135456144,10.610645824298693,0.9370044367563863,-2.432045683332658,3.1734796805948036
-1.0696753063371618,0.25283271792541795,-0.029464282598121283,1.7727799413877867,-0.47526702811912547,1.3633915507507375,-0.47037342141771243,0.13085560994505438,0.3529918220490909,0.3365762032350185,0.037715746704880745,-0.003921712039562486,2.355027065014359,0.4297278623655973,0.4448392054452381,-0.49778660617745224,-1.0255720449289343,0.96919427110727,-1.1310367896528166,0.41281421707568244,-0.04203386930162207,0.9622490878167137,-1.3661107873828024,-0.9699066662577144,-2.008353438846796,0.9370044367563863,1.932700391035756,-0.8903659587330659,-0.6539437280227633
1.0251006576504245,0.10936012130422539,-0.806234091549758,-2.109065181852257,0.18381908163324173,-0.4292196453329705,0.7221618354923167,0.8650828787418138,0.1481899162853871,0.04169400997610027,0.4604774426162485,-2.019815019246169,-2.4266267316691565,-0.15424814561811848,-0.4851171757800775,-0.39856773967191755,2.6077585861521104,-0.5366752871652177,1.0134026663058715,-1.4793123950647278,1.2517891569277184,-0.09524611592614933,1.5376368885930654,0.922413434646821,2.029098033063883,-2.432045683332658,-0.8903659587330659,1.0232597095925895,-0.4917292391734565
-0.44112580861610046,-0.4082761914376327,1.511563579261716,1.3869560413259,0.15436760442544575,-0.6119190791060134,-0.6783684025019711,-1.5062916938468438,-0.7675050147432405,-0.3688594244057265,-0.8632905645692563,3.371512896890872,1.4934388054902838,-0.27978174596137,0.39659652234858345,1.0877904395161524,-3.192806207360655,-0.02914223466337953,-0.34414802553374974,2.1436772789560004,-2.006616126348024,-0.8075028299331809,-0.9846688482407437,-0.5821125061937481,-1.1935815515623514,3.1734796805948036,-0.6539437280227633,-0.4917292391734565,1.811615443788578
