V1,V2,V3,V4,V5,V6,V7,V8,V9,V10,V11,V12,V13,V14,V15,V16,V17,V18,V19,V20,V21,V22,V23,V24,V25,V26,V27,V28,V29
1.171133578104995,0.0868801625605198,-0.8438510182683379,-2.356604201124531,0.2385895213475942,-0.6573343659077784,0.6599778407280935,0.794732005216815,0.08635245171722424,0.006499620076819084,0.5162802697153417,-1.9465758594666247,-2.734692008918311,-0.0029821604184606114,-0.5428902573950573,-0.3814575459525659,2.6499137311200727,-0.6567362810576769,1.1567972771771116,-1.6377706278106186,1.313661568378021,-0.12364081308318886,1.766231545443622,1.1401471835278587,2.2535341286887127,-2.630588901943249,-1.0580303236705513,1.0137777251100866,-0.43363862427244987
0.0868801625605198,0.18770802554862245,-0.3729260346543415,-0.3437435924855766,-0.08023914413351987,0.25719846745124064,0.15859903824193378,0.4345484348870246,0.1983553868057592,0.10462782211836039,0.24061252754214235,-0.8857083849332908,-0.39398256289195627,0.09809828891954016,-0.01638647757652246,-0.31968690394519333,0.8626506096241273,0.07579250234571906,0.08305405618995987,-0.5786152546451911,0.5528824467844523,0.27191525883976875,0.23793402041387543,0.15401342274407445,0.21439134615325914,-0.8673486457644778,0.25274782021661035,0.10334812615458192,-0.40368761767393097
-0.8438510182683379,-0.3729260346543415,1.6416007638777694,2.3941939904928002,0.04282849691136617,-0.10023238542633425,-0.6058558450714028,-1.377367818732921,-0.6827807219992161,-0.27566532380414677,-1.0573734126939824,3.2482094351835133,2.6304522499688616,-0.5846743016675152,0.565465723230014,0.9326948388598703,-3.5588567208115256,0.2092243510963458,-0.9637698990646546,2.6500212992088654,-2.2765362316424995,-0.6500015462851675,-1.7184307335634912,-1.2680638061330152,-1.9057150145972617,3.9878567875826625,-0.031802387942176734,-0.7946392218350985,1.4915218672028938
-2.356604201124531,-0.3437435924855766,2.3941939904928002,5.645298587846118,-0.3563827532828698,1.1589298692064265,-1.1412935934792379,-1.866104977170973,-0.5703005165669757,-0.12602128768338816,-1.6496996519453762,4.579600534295649,6.295963072314574,-0.8408840866222693,1.199436465475117,1.0063409512760002,-6.1530059671659165,1.090884604343945,-2.709298411686856,4.5102057050620274,-3.570602586909563,-0.21119749452182082,-4.106643943374918,-3.0601135803416297,-4.730318358566746,6.980821446124496,1.7499081668983612,-2.0815787494697493,1.366976177941894
0.2385895213475942,-0.08023914413351987,0.04282849691136617,-0.3563827532828698,0.15874009916841386,-0.3500028628124674,0.13851396029608304,-0.03461867196731307,-0.09411692252486739,-0.09156020609535065,-0.04251313043499154,0.04784455222539531,-0.5242272581900556,-0.1553793203539728,-0.07999940574883377,0.15191289836648958,0.20992568734134984,-0.26948988532639456,0.2399077248006807,-0.04916185360754398,-0.059502734267260646,-0.29371039261339976,0.28520379114764727,0.21478738256094218,0.4755748468636142,-0.12867629561592925,-0.4717458160324706,0.18335562548420137,0.15273900530594964
-0.6573343659077784,0.25719846745124064,-0.10023238542633425,1.1589298692064265,-0.3500028628124674,1.1438004140772164,-0.04464853082274348,0.41878787428118097,0.2949353031348423,0.2843512742264916,-0.006963120528294389,-0.6136124688798437,1.5174860470119373,-0.016163709849774294,0.30528644000302874,-0.5180795715048071,-0.1576963933850154,0.6841687927229346,-0.7946292064445521,0.23765073607831227,0.12556519011110354,0.6935580737160989,-0.9254764241973621,-0.8116658892763531,-1.2158171734639192,0.4612647378234945,1.346991104766768,-0.4227994283773749,-0.6089315712827332
0.6599778407280935,0.15859903824193378,-0.6058558450714028,-1.1412935934792379,0.13851396029608304,-0.04464853082274348,0.8949861401186486,0.9953641298240302,0.1912189076610523,0.05798957645734965,0.19063061244116344,-2.0626570790041123,-1.5074575813034858,-0.5903412799540922,-0.2808527099169106,-0.4511795207529507,2.3009519757703436,-0.37188951837970613,0.44715019545739804,-0.920080974734231,0.8671041611920656,-0.09887959521582992,0.8274282156689309,0.3207387817140219,1.4353740927890541,-1.620353860065207,-0.4733889369479926,0.7218435588724709,-0.6733123283694777
0.794732005216815,0.4345484348870246,-1.377367818732921,-1.866104977170973,-0.03461867196731307,0.41878787428118097,0.9953641298240302,1.7144666980410574,0.552959242433328,0.3246627741681964,0.7081438774447367,-3.588911001380975,-2.086842833821147,-0.08197174611443526,-0.4085283034960426,-1.122624319005791,3.6736290923535964,-0.11591380803448122,0.6133830606506104,-2.0784638479874045,1.9877405849294083,0.5873530009259618,1.3185771385418366,0.6584042716047157,1.7686221779344695,-3.2535175488137345,0.1250521656178046,0.8584936124819621,-1.4903825068086365
0.08635245171722424,0.1983553868057592,-0.6827807219992161,-0.5703005165669757,-0.09411692252486739,0.2949353031348423,0.1912189076610523,0.552959242433328,0.4238213577786982,0.136460503701546,0.4538227950670963,-1.312499639552482,-0.6757068323934334,0.22137085490858974,-0.12587820015701273,-0.3555208451290911,1.2948057824633628,0.029423866556203708,0.17828363300511874,-1.009936015554688,0.8771873069774901,0.3359590535228769,0.38683001513431614,0.3588087730486541,0.3688247368245282,-1.4897432386901277,0.3502118187058878,0.14571370439483916,-0.7591482043276235
0.006499620076819084,0.10462782211836039,-0.27566532380414677,-0.12602128768338816,-0.09156020609535065,0.2843512742264916,0.05798957645734965,0.3246627741681964,0.136460503701546,0.15461224284883615,0.15049489659181225,-0.6622486813940015,-0.007236103025580531,0.12949704628944234,-0.04995661774998968,-0.32273961941328944,0.4844907225606564,0.15954507024150774,-0.037107408254631546,-0.3334950439615281,0.4053594993310976,0.3258063012240066,0.07574674298164184,-0.0400061069869439,0.03889054233212062,-0.46453173585698465,0.33218146213148697,0.04272876304792021,-0.3649609505136065
0.5162802697153417,0.24061252754214235,-1.0573734126939824,-1.6496996519453762,-0.04251313043499154,-0.006963120528294389,0.19063061244116344,0.7081438774447367,0.4538227950670963,0.15049489659181225,0.799733026577825,-1.7828272196052568,-1.7822168637507474,0.6240480483249321,-0.31979340704968157,-0.4948238511343125,2.1005383047434,-0.14636192253473068,0.720749049264221,-1.833618915768473,1.491506002217058,0.4248668648795542,1.1934646240888944,1.0146473443582735,1.131570904806997,-2.676698337860822,0.044176352663648964,0.44819903943767725,-0.8504393543239746
-1.9465758594666247,-0.8857083849332908,3.2482094351835133,4.579600534295649,0.04784455222539531,-0.6136124688798437,-2.0626570790041123,-3.588911001380975,-1.312499639552482,-0.6622486813940015,-1.7828272196052568,7.949134661984417,5.206587363308284,-0.028655184774754427,1.10176552708061,2.323800517903751,-8.310376070419547,0.5218760457391656,-1.6793888286053047,4.9893652649071765,-4.617641005593538,-1.2138535153632277,-3.297229795279246,-1.8512093155698306,-4.267033190517762,7.781903425616565,0.0023085490300426997,-2.003384094441656,3.333209345947246
-2.734692008918311,-0.39398256289195627,2.6304522499688616,6.295963072314574,-0.5242272581900556,1.5174860470119373,-1.5074575813034858,-2.086842833821147,-0.6757068323934334,-0.007236103025580531,-1.7822168637507474,5.206587363308284,7.4880574032683995,-0.5343897302686239,1.323289422608241,0.8761377940750178,-7.194262977739096,1.5638426980551503,-3.1162646573046966,5.026910668617805,-3.853402213099636,0.1465468064037479,-4.643416892269209,-3.5031862652243153,-5.586185020514735,7.912108499111565,2.32433515374195,-2.391196700801672,1.4721605028691476
-0.0029821604184606114,0.09809828891954016,-0.5846743016675152,-0.8408840866222693,-0.1553793203539728,-0.016163709849774294,-0.5903412799540922,-0.08197174611443526,0.22137085490858974,0.12949704628944234,0.6240480483249321,-0.028655184774754427,-0.5343897302686239,1.3227008438608978,-0.14332148936854405,-0.23201319207819382,0.11620671526816091,0.2973971146713412,0.3657947587757634,-1.1092808464632706,0.8232075498836043,0.6395700938379133,0.5793033734322621,0.7995466792817788,-0.0023807693349577035,-1.3715308833869022,0.43756012824607876,-0.16605029719733144,-0.2700018503722657
-0.5428902573950573,-0.01638647757652246,0.565465723230014,1.199436465475117,-0.07999940574883377,0.30528644000302874,-0.2808527099169106,-0.4085283034960426,-0.12587820015701273,-0.04995661774998968,-0.31979340704968157,1.10176552708061,1.323289422608241,-0.14332148936854405,0.39491135988427667,0.2412979642385708,-1.3401199324415902,0.25936997243472837,-0.5585965744896817,0.931766055517357,-0.7800727916847499,-0.06265060354332715,-0.8856475340198617,-0.5722838977740018,-1.130321601727828,1.481486729053046,0.44279557806273984,-0.48459385002779704,0.39043313341558633
-0.3814575459525659,-0.31968690394519333,0.9326948388598703,1.0063409512760002,0.15191289836648958,-0.5180795715048071,-0.4511795207529507,-1.122624319005791,-0.3555208451290911,-0.32273961941328944,-0.4948238511343125,2.323800517903751,0.8761377940750178,-0.23201319207819382,0.2412979642385708,0.9582946196854635,-2.11381068987392,-0.18992614527636026,-0.21914424216218462,1.323002404315428,-1.3821930542420806,-0.7319692032339529,-0.6984304296081459,-0.2659003391162253,-0.7907394808450153,1.9693725264664084,-0.49235752091342994,-0.3937994129673557,1.0738747396498018
2.6499137311200727,0.8626506096241273,-3.5588567208115256,-6.1530059671659165,0.20992568734134984,-0.1576963933850154,2.3009519757703436,3.6736290923535964,1.2948057824633628,0.4844907225606564,2.1005383047434,-8.310376070419547,-7.194262977739096,0.11620671526816091,-1.3401199324415902,-2.11381068987392,9.496733224297339,-1.1080007215583805,2.603041608893831,-5.919375112340216,5.122714794984133,0.772121128608126,4.471980025286566,2.8904306546629908,5.647263152489251,-9.272965150357082,-1.016975788083445,2.5792445971683895,-3.1557419158004105
-0.6567362810576769,0.07579250234571906,0.2092243510963458,1.090884604343945,-0.26948988532639456,0.6841687927229346,-0.37188951837970613,-0.11591380803448122,0.029423866556203708,0.15954507024150774,-0.14636192253473068,0.5218760457391656,1.5638426980551503,0.2973971146713412,0.25936997243472837,-0.18992614527636026,-1.1080007215583805,0.6919354385003064,-0.6672703035220795,0.58266897128221,-0.3022207150287403,0.5197128491864442,-0.8876741984559959,-0.6345768303333649,-1.2832702352723226,1.0005725644887837,0.9574631693515101,-0.5301072889191446,-0.030831740143674288
1.1567972771771116,0.08305405618995987,-0.9637698990646546,-2.709298411686856,0.2399077248006807,-0.7946292064445521,0.44715019545739804,0.6133830606506104,0.17828363300511874,-0.037107408254631546,0.720749049264221,-1.6793888286053047,-3.1162646573046966,0.3657947587757634,-0.5585965744896817,-0.21914424216218462,2.603041608893831,-0.6672703035220795,1.4082798119860929,-1.9781904903455678,1.4614317402374035,-0.1313107247085536,1.9897846923364317,1.560151434242272,2.2809327846798135,-3.0946535877960093,-1.116147493827561,0.9995003262331468,-0.3387532765301431
-1.6377706278106186,-0.5786152546451911,2.6500212992088654,4.5102057050620274,-0.04916185360754398,0.23765073607831227,-0.920080974734231,-2.0784638479874045,-1.009936015554688,-0.3334950439615281,-1.833618915768473,4.9893652649071765,5.026910668617805,-1.1092808464632706,0.931766055517357,1.323002404315428,-5.919375112340216,0.58266897128221,-1.9781904903455678,4.584401829349404,-3.762049680997734,-0.8303633135130511,-3.2686486950927898,-2.5583883013556123,-3.5251869708869954,6.878236372595829,0.3983718301158873,-1.4510427412632558,2.1133567637882984
1.313661568378021,0.5528824467844523,-2.2765362316424995,-3.570602586909563,-0.059502734267260646,0.12556519011110354,0.8671041611920656,1.9877405849294083,0.8771873069774901,0.4053594993310976,1.491506002217058,-4.617641005593538,-3.853402213099636,0.8232075498836043,-0.7800727916847499,-1.3821930542420806,5.122714794984133,-0.3022207150287403,1.4614317402374035,-3.762049680997734,3.2680072609007813,0.9374805348695566,2.5703531897562324,1.8255637913206124,2.80950257953485,-5.665749064802163,-0.03628111432900692,1.2321808637756886,-1.980115610184118
-0.12364081308318886,0.27191525883976875,-0.6500015462851675,-0.21119749452182082,-0.29371039261339976,0.6935580737160989,-0.09887959521582992,0.5873530009259618,0.3359590535228769,0.3258063012240066,0.4248668648795542,-1.2138535153632277,0.1465468064037479,0.6395700938379133,-0.06265060354332715,-0.7319692032339529,0.772121128608126,0.5197128491864442,-0.1313107247085536,-0.8303633135130511,0.9374805348695566,0.9046070806055729,0.0988427869935602,0.019599816719371246,-0.21156796191978416,-1.0917399444589941,0.955684218520776,-0.09847499830984896,-0.7962595620445228
1.766231545443622,0.23793402041387543,-1.7184307335634912,-4.106643943374918,0.28520379114764727,-0.9254764241973621,0.8274282156689309,1.3185771385418366,0.38683001513431614,0.07574674298164184,1.1934646240888944,-3.297229795279246,-4.643416892269209,0.5793033734322621,-0.8856475340198617,-0.6984304296081459,4.471980025286566,-0.8876741984559959,1.9897846923364317,-3.2686486950927898,2.5703531897562324,0.0988427869935602,3.0309091800164913,2.2309908200051356,3.5132702499892647,-5.04933087708872,-1.3463289642417118,1.515124062005215,-0.9686329543188533
1.1401471835278587,0.15401342274407445,-1.2680638061330152,-3.0601135803416297,0.21478738256094218,-0.8116658892763531,0.3207387817140219,0.6584042716047157,0.3588087730486541,-0.0400061069869439,1.0146473443582735,-1.8512093155698306,-3.5031862652243153,0.7995466792817788,-0.5722838977740018,-0.2659003391162253,2.8904306546629908,-0.6345768303333649,1.560151434242272,-2.5583883013556123,1.8255637913206124,0.019599816719371246,2.2309908200051356,1.994766789704679,2.3401552793785014,-3.8573316227623007,-0.9508295643359873,0.9013239421770786,-0.5711535490232569
2.2535341286887127,0.21439134615325914,-1.9057150145972617,-4.730318358566746,0.4755748468636142,-1.2158171734639192,1.4353740927890541,1.7686221779344695,0.3688247368245282,0.03889054233212062,1.131570904806997,-4.267033190517762,-5.586185020514735,-0.0023807693349577035,-1.130321601727828,-0.7907394808450153,5.647263152489251,-1.2832702352723226,2.2809327846798135,-3.5251869708869954,2.80950257953485,-0.21156796191978416,3.5132702499892647,2.3401552793785014,4.558828484553476,-5.654273045797435,-1.9902088971339693,2.0104405641679084,-1.1766626442087809
-2.630588901943249,-0.8673486457644778,3.9878567875826625,6.980821446124496,-0.12867629561592925,0.4612647378234945,-1.620353860065207,-3.2535175488137345,-1.4897432386901277,-0.46453173585698465,-2.676698337860822,7.781903425616565,7.912108499111565,-1.3715308833869022,1.481486729053046,1.9693725264664084,-9.272965150357082,1.0005725644887837,-3.0946535877960093,6.878236372595829,-5.665749064802163,-1.0917399444589941,-5.04933087708872,-3.8573316227623007,-5.654273045797435,10.483949939557327,0.9169537084185316,-2.392016678093382,3.131298768897068
-1.0580303236705513,0.25274782021661035,-0.031802387942176734,1.7499081668983612,-0.4717458160324706,1.346991104766768,-0.4733889369479926,0.1250521656178046,0.3502118187058878,0.33218146213148697,0.044176352663648964,0.0023085490300426997,2.32433515374195,0.43756012824607876,0.44279557806273984,-0.49235752091342994,-1.016975788083445,0.9574631693515101,-1.116147493827561,0.3983718301158873,-0.03628111432900692,0.955684218520776,-1.3463289642417118,-0.9508295643359873,-1.9902088971339693,0.9169537084185316,1.9169729004200307,-0.8860117622399033,-0.6463705329601219
1.0137777251100866,0.10334812615458192,-0.7946392218350985,-2.0815787494697493,0.18335562548420137,-0.4227994283773749,0.7218435588724709,0.8584936124819621,0.14571370439483916,0.04272876304792021,0.44819903943767725,-2.003384094441656,-2.391196700801672,-0.16605029719733144,-0.48459385002779704,-0.3937994129673557,2.5792445971683895,-0.5301072889191446,0.9995003262331468,-1.4510427412632558,1.2321808637756886,-0.09847499830984896,1.515124062005215,0.9013239421770786,2.0104405641679084,-2.392016678093382,-0.8860117622399033,1.0192753542514708,-0.4880365138635663
-0.43363862427244987,-0.40368761767393097,1.4915218672028938,1.366976177941894,0.15273900530594964,-0.6089315712827332,-0.6733123283694777,-1.4903825068086365,-0.7591482043276235,-0.3649609505136065,-0.8504393543239746,3.333209345947246,1.4721605028691476,-0.2700018503722657,0.39043313341558633,1.0738747396498018,-3.1557419158004105,-0.030831740143674288,-0.3387532765301431,2.1133567637882984,-1.980115610184118,-0.7962595620445228,-0.9686329543188533,-0.5711535490232569,-1.1766626442087809,3.131298768897068,-0.6463705329601219,-0.4880365138635663,1.7885696237920368
