V1,V2,V3,V4,V5,V6,V7,V8,V9,V10,V11,V12,V13,V14,V15,V16,V17,V18,V19,V20,V21,V22,V23,V24,V25,V26,V27,V28,V29
0.5904528382641242,0.30139498340785004,-2.470199081307871,2.7829846619564638,-0.6404379899576051,0.5275204219532394,-0.3518471588311258,-0.013793150906514335,0.15449927883192513,-2.9858651645583536,0.7486123248776021,1.3315724290646287,1.839702269073441,-0.004622945217123,2.6725698934819104,-0.7431789079569481,-1.5551815918735452,-1.7556224493794435,-0.6189535890624194,0.8501782860703941,1.5115762833459891,-0.02963108174084315,1.7354654200310586,-1.4975683330528917,0.1648204221399121,-2.31577784546075,0.2741968892961912,4.070084210267704,0.985915694804472
0.30139498340785004,1.2876589212034046,-5.644241206071363,7.225496308144919,-1.3312644798859234,0.8321212184476474,-1.8938760452285464,-1.995648895444332,-0.998684573060104,-7.363045685025561,1.0601942547800827,1.857350435201317,4.9272609701729655,-0.04094745950432014,5.251896466363897,-2.6626015235895006,-3.8241193069507915,-4.770408103730259,0.7009279557283381,2.795237774732373,3.5186257886805254,1.3357152770775613,4.408610154823951,-4.095391467611672,0.06654548827230367,-5.487124917591583,0.5590210624738337,9.527154877438743,3.6828213337627402
-2.470199081307871,-5.644241206071363,28.980050644801757,-36.420468231432295,7.134733427941691,-4.570636007629195,8.506868284251466,8.221612457947536,3.6479227638904344,37.34168360285101,-6.0501865322105415,-10.604906771215113,-24.372641960759147,0.016718637267053867,-27.697259847637348,12.663938910655107,19.380021381849275,23.48384005475643,-1.165627363864943,-13.557448342917228,-17.654971793741264,-5.437616104860301,-22.241137107733003,20.294965020517008,-0.5376874326632628,27.855220694690107,-2.8435474737826256,-48.75877984118077,-17.278719243371434
2.7829846619564638,7.225496308144919,-36.420468231432295,46.335129998812256,-8.94720514940154,5.640499276889182,-11.084327790863169,-11.048958027895422,-5.035981554074948,-47.1394733841064,7.3369637666158924,12.82792582688557,30.91763139230855,-0.026730217142675098,34.59377983881501,-16.30443202524407,-24.412752431240147,-29.776593763873702,2.1490743425457555,17.408204911342626,22.16108239983403,7.404087020446509,28.175598562270164,-25.76357392574335,0.5480882939642153,-35.10379966733808,3.526116595751433,61.56159452498517,22.22616445102268
-0.6404379899576051,-1.3312644798859234,7.134733427941691,-8.94720514940154,1.809398781644748,-1.1400340524655772,1.9806908781839454,1.9250997832110217,0.8280508766882713,9.165036463892513,-1.5172726282708313,-2.6578892329443424,-5.9093500702528425,-0.01629394263157658,-6.831640227997602,3.0698669676510284,4.73283303350269,5.717819936039192,-0.12098303288381952,-3.29531136377688,-4.30549493732679,-1.249863509376825,-5.446125921365833,4.972132461312273,-0.11105794279418195,6.787014930681696,-0.7042305786236451,-11.976660820780166,-4.103687125555078
0.5275204219532394,0.8321212184476474,-4.570636007629195,5.640499276889182,-1.1400340524655772,0.7972988798502203,-1.1861500809070915,-1.0378624704380346,-0.41335310444744344,-5.830461433531155,1.0514388632054512,1.827808655699057,3.72511930166483,-0.0048799826192351525,4.48972097175309,-1.8608752600846545,-3.0144346047941126,-3.593485417704941,-0.08261239034256496,2.0236614259949808,2.76868702581099,0.6303321144615013,3.428547461381653,-3.1052951968495166,0.13526453071934316,-4.3564631098367315,0.46064687532934045,7.658598157365595,2.5205575901086625
-0.3518471588311258,-1.8938760452285464,8.506868284251466,-11.084327790863169,1.9806908781839454,-1.1861500809070915,3.1482923409336894,3.3440189278802595,1.6711575251221176,11.105644241249758,-1.4677268168683497,-2.5529276876505853,-7.561236240749628,0.05777508092741348,-7.799778147105574,4.144820638203299,5.785929659776113,7.252275235183208,-1.3811156583460256,-4.453292954332735,-5.231124681385115,-2.338085563812081,-6.772735915346895,6.274906126001682,-0.07484463421583384,8.336630163031002,-0.7738875258788401,-14.50444761174773,-5.841094383394825
-0.013793150906514335,-1.995648895444332,8.221612457947536,-11.048958027895422,1.9250997832110217,-1.0378624704380346,3.3440189278802595,3.900170247138925,2.068357469632459,10.873630171803251,-1.194156804421537,-2.064271992077806,-7.49961497836917,0.0643448942624897,-7.247012779804555,4.320474037185694,5.620586500066751,7.241746910293493,-1.96435927281896,-4.608462382740692,-5.064334640370843,-2.7149296639151332,-6.697335916951599,6.306426644545896,0.0631285392861496,8.03631565901432,-0.7397160855508378,-14.119284743647338,-6.024947541526691
0.15449927883192513,-0.998684573060104,3.6479227638904344,-5.035981554074948,0.8280508766882713,-0.41335310444744344,1.6711575251221176,2.068357469632459,1.160858123678809,4.896121848737512,-0.4224496715708586,-0.7281622726405993,-3.448609806423447,0.04904845713166436,-3.0772476016013925,2.067634111134339,2.524606449508016,3.339353386980448,-1.240700962243999,-2.192008038320436,-2.2769223242701093,-1.4234630724089683,-3.0426391133085238,2.9116132399729886,0.06641331219159864,3.582980539426286,-0.32714321436877214,-6.301277399933572,-2.910704030044162
-2.9858651645583536,-7.363045685025561,37.34168360285101,-47.1394733841064,9.165036463892513,-5.830461433531155,11.105644241249758,10.873630171803251,4.896121848737512,48.339813983959935,-7.706620271572876,-13.472330659775222,-31.53707869955773,-0.013633872366102294,-35.589811043627904,16.497431162504515,25.091819614236854,30.38060381341061,-1.8090382256543178,-17.56131241531873,-22.746878457732542,-7.196612891918411,-28.750612996868245,26.252482352013672,-0.6442955781632933,36.000778178837606,-3.6435676047926577,-62.92438635997568,-22.521355358624415
0.7486123248776021,1.0601942547800827,-6.0501865322105415,7.3369637666158924,-1.5172726282708313,1.0514388632054512,-1.4677268168683497,-1.194156804421537,-0.4224496715708586,-7.706620271572876,1.4545201283796478,2.532393306103605,4.874041089968614,0.017940648428298275,5.983126343481091,-2.390870485835841,-4.009636199858026,-4.704649298674774,-0.2846978535140847,2.57340830158403,3.6659622117944166,0.7211229710140921,4.495376879099574,-4.051124504737681,0.19077958335403034,-5.773232790112592,0.6131451921248873,10.066299772398724,3.229230937669134
1.3315724290646287,1.857350435201317,-10.604906771215113,12.82792582688557,-2.6578892329443424,1.827808655699057,-2.5529276876505853,-2.064271992077806,-0.7281622726405993,-13.472330659775222,2.532393306103605,4.513275138980565,8.596157899789874,0.009199300575813382,10.489756606812906,-4.1747046304591136,-7.027513823641002,-8.264336689808738,-0.5418645450325146,4.471333014630853,6.504026905461103,1.2554478702849634,7.914615366840386,-7.0865965392026995,0.35149963686729646,-10.10293641933074,1.1159710578441209,17.637063595843347,5.662608934609137
1.839702269073441,4.9272609701729655,-24.372641960759147,30.91763139230855,-5.9093500702528425,3.72511930166483,-7.561236240749628,-7.49961497836917,-3.448609806423447,-31.53707869955773,4.874041089968614,8.596157899789874,20.858500664617715,-0.05932137348717012,23.12151917733779,-10.956900645245314,-16.395253590090434,-20.04236461408503,1.6376514606524537,11.665336348292389,14.977203556010663,5.081071342420108,18.91077732805536,-17.26607563835317,0.4063128361845614,-23.57763053017082,2.3884049984171263,41.18422610047452,15.078359017190124
-0.004622945217123,-0.04094745950432014,0.016718637267053867,-0.026730217142675098,-0.01629394263157658,-0.0048799826192351525,0.05777508092741348,0.0643448942624897,0.04904845713166436,-0.013633872366102294,0.017940648428298275,0.009199300575813382,-0.05932137348717012,0.03401458834500418,-0.01105677573120562,0.024386157951436102,-0.005048938924890143,0.0494250971168341,-0.08298578319774583,-0.038486558479256014,-0.05028826537889413,-0.04990074937977312,-0.024622675657767684,0.027159448671931204,-0.014119843517153905,0.014584276792631435,-0.013030913733530013,-0.03791396538972223,-0.06488186386896523
2.6725698934819104,5.251896466363897,-27.697259847637348,34.59377983881501,-6.831640227997602,4.48972097175309,-7.799778147105574,-7.247012779804555,-3.0772476016013925,-35.589811043627904,5.983126343481091,10.489756606812906,23.12151917733779,-0.01105677573120562,26.786048253417277,-11.840464871540235,-18.4719662929412,-22.245934741337624,0.49090990280790503,12.677773004117176,16.878242727846832,4.7758345354025264,21.128925803161223,-19.191493945540202,0.6183204806011419,-26.6239175109274,2.7391546860485376,46.578086286027656,16.123096031045787
-0.7431789079569481,-2.6626015235895006,12.663938910655107,-16.30443202524407,3.0698669676510284,-1.8608752600846545,4.144820638203299,4.320474037185694,2.067634111134339,16.497431162504515,-2.390870485835841,-4.1747046304591136,-10.956900645245314,0.024386157951436102,-11.840464871540235,5.9185299353960845,8.549485297264525,10.56384746568424,-1.267009748335175,-6.26524944469435,-7.7475328233539225,-2.959185313522573,-9.92011169158299,9.143212112439045,-0.11598791702868731,12.278837851359038,-1.2052866107110676,-21.46919417279019,-8.099390884073733
-1.5551815918735452,-3.8241193069507915,19.380021381849275,-24.412752431240147,4.73283303350269,-3.0144346047941126,5.785929659776113,5.620586500066751,2.524606449508016,25.091819614236854,-4.009636199858026,-7.027513823641002,-16.395253590090434,-0.005048938924890143,-18.4719662929412,8.549485297264525,13.060001408418119,15.771621388383734,-0.9485366463358198,-9.085305964479941,-11.834457133791602,-3.726170223047847,-14.927185096349996,13.605319787102522,-0.3604986640255922,18.72109289324706,-1.892842824280029,-32.64150840073875,-11.72852980098685
-1.7556224493794435,-4.770408103730259,23.48384005475643,-29.776593763873702,5.717819936039192,-3.593485417704941,7.252275235183208,7.241746910293493,3.339353386980448,30.38060381341061,-4.704649298674774,-8.264336689808738,-20.04236461408503,0.0494250971168341,-22.245934741337624,10.56384746568424,15.771621388383734,19.31269583705031,-1.579312258578808,-11.242978196275509,-14.40513791884504,-4.8810449300277,-18.188143912808414,16.658291699799037,-0.3605057836068748,22.674646080999985,-2.2995114170972606,-39.6321857235366,-14.473375229572536
-0.6189535890624194,0.7009279557283381,-1.165627363864943,2.1490743425457555,-0.12098303288381952,-0.08261239034256496,-1.3811156583460256,-1.96435927281896,-1.240700962243999,-1.8090382256543178,-0.2846978535140847,-0.5418645450325146,1.6376514606524537,-0.08298578319774583,0.49090990280790503,-1.267009748335175,-0.9485366463358198,-1.579312258578808,1.856587987995167,1.3261309958206786,0.8096055912300828,1.439839127940928,1.2812565264788554,-1.3718515586998676,-0.1609845624759801,-1.3364916334654535,0.042132235587858245,2.2252552498386375,1.9628400721893429
0.8501782860703941,2.795237774732373,-13.557448342917228,17.408204911342626,-3.29531136377688,2.0236614259949808,-4.453292954332735,-4.608462382740692,-2.192008038320436,-17.56131241531873,2.57340830158403,4.471333014630853,11.665336348292389,-0.038486558479256014,12.677773004117176,-6.26524944469435,-9.085305964479941,-11.242978196275509,1.3261309958206786,6.763666366899538,8.23768159329245,3.1414289741069124,10.586556127396838,-9.764787231202353,0.14246045323249376,-13.084646870392266,1.2742777319581338,22.975915898473122,8.611423656630093
1.5115762833459891,3.5186257886805254,-17.654971793741264,22.16108239983403,-4.30549493732679,2.76868702581099,-5.231124681385115,-5.064334640370843,-2.2769223242701093,-22.746878457732542,3.6659622117944166,6.504026905461103,14.977203556010663,-0.05028826537889413,16.878242727846832,-7.7475328233539225,-11.834457133791602,-14.40513791884504,0.8096055912300828,8.23768159329245,10.92024089514832,3.363155437940778,13.599041062654647,-12.368607994003824,0.355856525412793,-17.01202299666898,1.7888800465697798,29.72142712575286,10.636020074726996
-0.02963108174084315,1.3357152770775613,-5.437616104860301,7.404087020446509,-1.249863509376825,0.6303321144615013,-2.338085563812081,-2.7149296639151332,-1.4234630724089683,-7.196612891918411,0.7211229710140921,1.2554478702849634,5.081071342420108,-0.04990074937977312,4.7758345354025264,-2.959185313522573,-3.726170223047847,-4.8810449300277,1.439839127940928,3.1414289741069124,3.363155437940778,2.0114532617769547,4.4997726443970665,-4.239090735702574,-0.07368957736582767,-5.383478287502969,0.46481129000044746,9.41556222782772,4.137435600546404
1.7354654200310586,4.408610154823951,-22.241137107733003,28.175598562270164,-5.446125921365833,3.428547461381653,-6.772735915346895,-6.697335916951599,-3.0426391133085238,-28.750612996868245,4.495376879099574,7.914615366840386,18.91077732805536,-0.024622675657767684,21.128925803161223,-9.92011169158299,-14.927185096349996,-18.188143912808414,1.2812565264788554,10.586556127396838,13.599041062654647,4.4997726443970665,17.217692754798552,-15.715545786494754,0.3642900747418755,-21.44967513743285,2.174398548675566,37.550467586225665,13.582508008588116
-1.4975683330528917,-4.095391467611672,20.294965020517008,-25.76357392574335,4.972132461312273,-3.1052951968495166,6.274906126001682,6.306426644545896,2.9116132399729886,26.252482352013672,-4.051124504737681,-7.0865965392026995,-17.26607563835317,0.027159448671931204,-19.191493945540202,9.143212112439045,13.605319787102522,16.658291699799037,-1.3718515586998676,-9.764787231202353,-12.368607994003824,-4.239090735702574,-15.715545786494754,14.445979533829481,-0.28356905889004774,19.557137867051146,-1.9556445079954925,-34.24432418009251,-12.479948897928537
0.1648204221399121,0.06654548827230367,-0.5376874326632628,0.5480882939642153,-0.11105794279418195,0.13526453071934316,-0.07484463421583384,0.0631285392861496,0.06641331219159864,-0.6442955781632933,0.19077958335403034,0.35149963686729646,0.4063128361845614,-0.014119843517153905,0.6183204806011419,-0.11598791702868731,-0.3604986640255922,-0.3605057836068748,-0.1609845624759801,0.14246045323249376,0.355856525412793,-0.07368957736582767,0.3642900747418755,-0.28356905889004774,0.08590618132354028,-0.5280001953320395,0.06765507151500057,0.8812919095243248,0.21978688728524687
-2.31577784546075,-5.487124917591583,27.855220694690107,-35.10379966733808,6.787014930681696,-4.3564631098367315,8.336630163031002,8.03631565901432,3.582980539426286,36.000778178837606,-5.773232790112592,-10.10293641933074,-23.57763053017082,0.014584276792631435,-26.6239175109274,12.278837851359038,18.72109289324706,22.674646080999985,-1.3364916334654535,-13.084646870392266,-17.01202299666898,-5.383478287502969,-21.44967513743285,19.557137867051146,-0.5280001953320395,26.935260211068513,-2.70822476882614,-46.95264667678903,-16.85031201717867
0.2741968892961912,0.5590210624738337,-2.8435474737826256,3.526116595751433,-0.7042305786236451,0.46064687532934045,-0.7738875258788401,-0.7397160855508378,-0.32714321436877214,-3.6435676047926577,0.6131451921248873,1.1159710578441209,2.3884049984171263,-0.013030913733530013,2.7391546860485376,-1.2052866107110676,-1.892842824280029,-2.2995114170972606,0.042132235587858245,1.2742777319581338,1.7888800465697798,0.46481129000044746,2.174398548675566,-1.9556445079954925,0.06765507151500057,-2.70822476882614,0.31714008148301137,4.762882702472694,1.6422072029901733
4.070084210267704,9.527154877438743,-48.75877984118077,61.56159452498517,-11.976660820780166,7.658598157365595,-14.50444761174773,-14.119284743647338,-6.301277399933572,-62.92438635997568,10.066299772398724,17.637063595843347,41.18422610047452,-0.03791396538972223,46.578086286027656,-21.46919417279019,-32.64150840073875,-39.6321857235366,2.2252552498386375,22.975915898473122,29.72142712575286,9.41556222782772,37.550467586225665,-34.24432418009251,0.8812919095243248,-46.95264667678903,4.762882702472694,82.26258919197683,29.32626048092217
0.985915694804472,3.6828213337627402,-17.278719243371434,22.22616445102268,-4.103687125555078,2.5205575901086625,-5.841094383394825,-6.024947541526691,-2.910704030044162,-22.521355358624415,3.229230937669134,5.662608934609137,15.078359017190124,-0.06488186386896523,16.123096031045787,-8.099390884073733,-11.72852980098685,-14.473375229572536,1.9628400721893429,8.611423656630093,10.636020074726996,4.137435600546404,13.582508008588116,-12.479948897928537,0.21978688728524687,-16.85031201717867,1.6422072029901733,29.32626048092217,11.279664308716864
