V1,V2,V3,V4,V5,V6,V7,V8,V9,V10,V11,V12,V13,V14,V15,V16,V17,V18,V19,V20,V21,V22,V23,V24,V25,V26,V27,V28,V29
0.5807086035460699,0.33271586227828615,-2.5661401561889297,2.8787036425693695,-0.6710939744554281,0.5365308952255637,-0.3602204927936481,-0.03910954348712502,0.13623390953487738,-3.117871394373825,0.7733601131492978,1.3738166464562735,1.9048153098360423,0.0014403980820872238,2.7437257206536083,-0.7849320139945051,-1.6231847219092028,-1.8348026895954972,-0.6157353995466255,0.8808410550076551,1.5722591493957256,-0.027242935975500787,1.7974297676166027,-1.5662879732636739,0.15610436913488915,-2.3948163147067962,0.2890681458605042,4.196161062294137,1.0259445303016588
0.33271586227828615,1.3319873675632734,-5.872153174085508,7.527439162877811,-1.375156329604517,0.867110319806928,-1.9776888764159104,-2.055122025099076,-1.0178471156471767,-7.657756465778694,1.1050683295232369,1.9378060009233877,5.144327657961304,-0.04583614152083103,5.491918375124961,-2.7698786623894827,-3.9814646194571868,-4.96604867629708,0.7150132655119779,2.9047559413630792,3.666175447399893,1.3990516701478035,4.593465470678136,-4.253438553797183,0.07789077580593257,-5.732389500503422,0.5779759365827576,9.935482000735764,3.8434144185020767
-2.5661401561889297,-5.872153174085508,30.160916881978235,-37.92853758335802,7.418391012370908,-4.7552740300573,8.877345247836182,8.577864739155755,3.807533771194868,38.872043311902594,-6.287223626678954,-11.021997473856686,-25.384519918994172,0.019349883225891495,-28.82752510891441,13.190294804723507,20.17768323490808,24.44649476789904,-1.2369167354751436,-14.123644261328826,-18.37347051313959,-5.679868792456084,-23.1610608572536,21.12626366621746,-0.5644779326307705,29.004516100329177,-2.9554667262735577,-50.76928307742905,-18.0130485922881
2.8787036425693695,7.527439162877811,-37.92853758335802,48.242216711402406,-9.325873600990564,5.86542492805177,-11.542031591959098,-11.527899638735919,-5.261308838065456,-49.09357731440088,7.634976187561338,13.35261395349031,32.19043983198172,-0.022981804256542608,35.99872546044763,-16.983390268996153,-25.42455812983212,-31.0109695079366,2.2508857256578247,18.133597576214495,23.07617778825883,7.71517418707848,29.342689208135102,-26.838499967474135,0.5609683892626184,-36.54036650798735,3.6748251178178406,64.09181028368216,23.143267507141804
-0.6710939744554281,-1.375156329604517,7.418391012370908,-9.325873600990564,1.874633253223881,-1.1876635635489485,2.0770937263627984,2.0082046013565416,0.8608033626151339,9.532428338446135,-1.5723440408929878,-2.755072144904708,-6.159651147274408,-0.01424438289496352,-7.1147492004311355,3.1948205046326263,4.925288048399765,5.944536671381584,-0.13363087665535614,-3.4367193640100866,-4.474944446307747,-1.3124218719176333,-5.673795527592448,5.166849580784716,-0.12367270970175842,7.070650677050278,-0.7281699387383629,-12.48117768564837,-4.2878148722531835
0.5365308952255637,0.867110319806928,-4.7552740300573,5.86542492805177,-1.1876635635489485,0.8225078671693705,-1.2387569514478682,-1.0926062688853138,-0.43855766674528807,-6.07037516216357,1.089351780892475,1.8959742470729222,3.87753822110744,-0.0019107010338819909,4.656975891659065,-1.9411191371333387,-3.1407287684394203,-3.7419923323850415,-0.07429659325688422,2.1084380622933967,2.880003025857566,0.6640388366189434,3.5701082749214468,-3.23440975692,0.1360193494765781,-4.530380845884089,0.4796754846329312,7.960812025244773,2.6292639504268007
-0.3602204927936481,-1.9776888764159104,8.877345247836182,-11.542031591959098,2.0770937263627984,-1.2387569514478682,3.2578646048521844,3.474170678066012,1.7403908476373937,11.591535828806323,-1.5404448355140707,-2.6793665692730912,-7.8651270256281824,0.05455173232512329,-8.12651231202129,4.31390980642166,6.037505605094551,7.556726523296079,-1.4198504576963429,-4.6296702060604975,-5.454764133999714,-2.408603803171224,-7.054325494893847,6.543559310272388,-0.0733001863700587,8.679575743623602,-0.8125967469359279,-15.106649369282422,-6.063754285439274
-0.03910954348712502,-2.055122025099076,8.577864739155755,-11.527899638735919,2.0082046013565416,-1.0926062688853138,3.474170678066012,4.027250981595733,2.1258181498891413,11.337897632588104,-1.2561391350834499,-2.176891149194287,-7.818554431481172,0.06667529145312284,-7.586675147454762,4.484299299960692,5.864449872665753,7.532339249404103,-2.0014031000310175,-4.794346047582753,-5.27942291925884,-2.804687568954414,-6.9879410968090525,6.556474843960346,0.0511190261582402,8.387853233443881,-0.7716795236010334,-14.74995321611821,-6.267563797902278
0.13623390953487738,-1.0178471156471767,3.807533771194868,-5.261308838065456,0.8608033626151339,-0.43855766674528807,1.7403908476373937,2.1258181498891413,1.1830664254667265,5.101440127458059,-0.447089801273892,-0.7766363231902035,-3.6026871761649724,0.05251021715156452,-3.2380217206647908,2.140820067796154,2.6349005881886582,3.469414540333158,-1.2583388410527634,-2.2810571744285,-2.3747475868895633,-1.4726373604255392,-3.180528512593004,3.020686508380017,0.055133656472868685,3.7489910947745915,-0.33975764127255337,-6.601282337024403,-3.031581861322839
-3.117871394373825,-7.657756465778694,38.872043311902594,-49.09357731440088,9.532428338446135,-6.07037516216357,11.591535828806323,11.337897632588104,5.101440127458059,50.310937450634604,-8.013058091004254,-14.008744849674033,-32.84978857159416,-0.008019670715990296,-37.05682391541697,17.179833784391466,26.11643375379333,31.6316335509762,-1.9042059538420903,-18.303416965953925,-23.679230025229597,-7.520594167413765,-29.94216673646423,27.33216268272802,-0.677454980819401,37.489378438889844,-3.7872421102089606,-65.5321267006796,-23.472960873305517
0.7733601131492978,1.1050683295232369,-6.287223626678954,7.634976187561338,-1.5723440408929878,1.089351780892475,-1.5404448355140707,-1.2561391350834499,-0.447089801273892,-8.013058091004254,1.5057601559574427,2.620846999831759,5.077010689738395,0.017579424887977552,6.216332251741296,-2.4943922976052333,-4.1710364713005035,-4.896928635633184,-0.2770189316676583,2.6827344880866075,3.8107723814778716,0.7666917396010616,4.678422217348598,-4.216022271402437,0.19799656827268275,-6.009238153475134,0.6343105507529744,10.469088532379818,3.3750024586343055
1.3738166464562735,1.9378060009233877,-11.021997473856686,13.35261395349031,-2.755072144904708,1.8959742470729222,-2.6793665692730912,-2.176891149194287,-0.7766363231902035,-14.008744849674033,2.620846999831759,4.6712899606789335,8.955176209950963,0.005682168769836001,10.897952360828679,-4.353672807677277,-7.308712393925838,-8.60260628260978,-0.5257643120286183,4.665269684034326,6.764293645475572,1.3329117890984854,8.236856505134833,-7.373468739818262,0.3660057671968089,-10.51149607132465,1.157822178908199,18.34732880756219,5.918371888539118
1.9048153098360423,5.144327657961304,-25.384519918994172,32.19043983198172,-6.159651147274408,3.87753822110744,-7.8651270256281824,-7.818554431481172,-3.6026871761649724,-32.84978857159416,5.077010689738395,8.955176209950963,21.715531281586028,-0.06054937272849784,24.066360256985828,-11.413922133823469,-17.07505319072909,-20.87869391568749,1.7125100722041169,12.144939854076238,15.602185309189746,5.285138551936331,19.689441614318383,-17.989056985002442,0.41624965592537116,-24.544595719148102,2.4921788687442947,42.873966888290326,15.695585474432868
0.0014403980820872238,-0.04583614152083103,0.019349883225891495,-0.022981804256542608,-0.01424438289496352,-0.0019107010338819909,0.05455173232512329,0.06667529145312284,0.05251021715156452,-0.008019670715990296,0.017579424887977552,0.005682168769836001,-0.06054937272849784,0.03325549653542562,-0.006712617733201644,0.02697636475321223,-8.652179848370158e-4,0.05394664933251851,-0.0850115411521999,-0.035240638058977675,-0.05515886928168857,-0.048782068631035756,-0.02548307564358281,0.029996159897470582,-0.011384982494730567,0.013968586078471675,-0.015861656985595274,-0.03244325831841133,-0.06473035029149557
2.7437257206536083,5.491918375124961,-28.82752510891441,35.99872546044763,-7.1147492004311355,4.656975891659065,-8.12651231202129,-7.586675147454762,-3.2380217206647908,-37.05682391541697,6.216332251741296,10.897952360828679,24.066360256985828,-0.006712617733201644,27.83835915367303,-12.346593453956231,-19.233159019043406,-23.17450073501923,0.5586016407077132,13.202508237570157,17.570052371761246,4.992731296019832,21.99069314881286,-19.995934343577837,0.6249060481914976,-27.702388614283375,2.85318824589702,48.44706963041723,16.797374423395624
-0.7849320139945051,-2.7698786623894827,13.190294804723507,-16.983390268996153,3.1948205046326263,-1.9411191371333387,4.31390980642166,4.484299299960692,2.140820067796154,17.179833784391466,-2.4943922976052333,-4.353672807677277,-11.413922133823469,0.02697636475321223,-12.346593453956231,6.161067768747208,8.90384955087788,11.001104292925008,-1.3062495422114577,-6.5207143845503746,-8.070162560004869,-3.0792868825508823,-10.330703972116291,9.517907688281257,-0.12483995489428357,12.795719864737237,-1.253771719512146,-22.36895264578162,-8.432477270032116
-1.6231847219092028,-3.9814646194571868,20.17768323490808,-25.42455812983212,4.925288048399765,-3.1407287684394203,6.037505605094551,5.864449872665753,2.6349005881886582,26.11643375379333,-4.1710364713005035,-7.308712393925838,-17.07505319072909,-8.652179848370158e-4,-19.233159019043406,8.90384955087788,13.592682109405409,16.423218012337742,-1.000789166814184,-9.470762941336693,-12.321759109094542,-3.890697596053734,-15.5447553054481,14.168418282544785,-0.37776672326723093,19.492025613319644,-1.9689280625549743,-33.99360028300702,-12.220565033249898
-1.8348026895954972,-4.96604867629708,24.44649476789904,-31.0109695079366,5.944536671381584,-3.7419923323850415,7.556726523296079,7.532339249404103,3.469414540333158,31.6316335509762,-4.896928635633184,-8.60260628260978,-20.87869391568749,0.05394664933251851,-23.17450073501923,11.001104292925008,16.423218012337742,20.10974311172767,-1.6439080518491083,-11.702865285527851,-14.999965873949483,-5.0888324041491275,-18.939547696541887,17.339189845088537,-0.3809192150602545,23.621554756763754,-2.3918014454495036,-41.275284780772644,-15.080712669771465
-0.6157353995466255,0.7150132655119779,-1.2369167354751436,2.2508857256578247,-0.13363087665535614,-0.07429659325688422,-1.4198504576963429,-2.0014031000310175,-1.2583388410527634,-1.9042059538420903,-0.2770189316676583,-0.5257643120286183,1.7125100722041169,-0.0850115411521999,0.5586016407077132,-1.3062495422114577,-1.000789166814184,-1.6439080518491083,1.8779005520357404,1.3698038462843694,0.8554671356369747,1.4713916556878923,1.345939097111515,-1.427111531463303,-0.15721033331876708,-1.41421003849812,0.04686395872080075,2.359274669507323,2.027263631668422
0.8808410550076551,2.9047559413630792,-14.123644261328826,18.133597576214495,-3.4367193640100866,2.1084380622933967,-4.6296702060604975,-4.794346047582753,-2.2810571744285,-18.303416965953925,2.6827344880866075,4.665269684034326,12.144939854076238,-0.035240638058977675,13.202508237570157,-6.5207143845503746,-9.470762941336693,-11.702865285527851,1.3698038462843694,7.039137880305725,8.576679259783491,3.257238150018032,11.029183710929807,-10.16825320991484,0.14921277594260624,-13.627262327590586,1.3287732924172297,23.932002504177188,8.963785755064947
1.5722591493957256,3.666175447399893,-18.37347051313959,23.07617778825883,-4.474944446307747,2.880003025857566,-5.454764133999714,-5.27942291925884,-2.3747475868895633,-23.679230025229597,3.8107723814778716,6.764293645475572,15.602185309189746,-0.05515886928168857,17.570052371761246,-8.070162560004869,-12.321759109094542,-14.999965873949483,0.8554671356369747,8.576679259783491,11.371389196047641,3.5125141240335633,14.159971185775907,-12.875144129986348,0.3737063707065021,-17.715680545844897,1.861550986330214,30.945842406836135,11.087673136283298
-0.027242935975500787,1.3990516701478035,-5.679868792456084,7.71517418707848,-1.3124218719176333,0.6640388366189434,-2.408603803171224,-2.804687568954414,-1.4726373604255392,-7.520594167413765,0.7666917396010616,1.3329117890984854,5.285138551936331,-0.048782068631035756,4.992731296019832,-3.0792868825508823,-3.890697596053734,-5.0888324041491275,1.4713916556878923,3.257238150018032,3.5125141240335633,2.065187932850295,4.6848024000698105,-4.4208101512124145,-0.07921533388097297,-5.612871869058751,0.4901485022375096,9.812633195259362,4.287311749921885
1.7974297676166027,4.593465470678136,-23.1610608572536,29.342689208135102,-5.673795527592448,3.5701082749214468,-7.054325494893847,-6.9879410968090525,-3.180528512593004,-29.94216673646423,4.678422217348598,8.236856505134833,19.689441614318383,-0.02548307564358281,21.99069314881286,-10.330703972116291,-15.5447553054481,-18.939547696541887,1.345939097111515,11.029183710929807,14.159971185775907,4.6848024000698105,17.928894091056186,-16.366415243625784,0.37816021900156493,-22.32795805968156,2.266117770360622,39.100474185409325,14.14564317928846
-1.5662879732636739,-4.253438553797183,21.12626366621746,-26.838499967474135,5.166849580784716,-3.23440975692,6.543559310272388,6.556474843960346,3.020686508380017,27.33216268272802,-4.216022271402437,-7.373468739818262,-17.989056985002442,0.029996159897470582,-19.995934343577837,9.517907688281257,14.168418282544785,17.339189845088537,-1.427111531463303,-10.16825320991484,-12.875144129986348,-4.4208101512124145,-16.366415243625784,15.02680992567348,-0.3036949110367409,20.378136674439162,-2.0319032444766725,-35.67263804216588,-13.00877808086685
0.15610436913488915,0.07789077580593257,-0.5644779326307705,0.5609683892626184,-0.12367270970175842,0.1360193494765781,-0.0733001863700587,0.0511190261582402,0.055133656472868685,-0.677454980819401,0.19799656827268275,0.3660057671968089,0.41624965592537116,-0.011384982494730567,0.6249060481914976,-0.12483995489428357,-0.37776672326723093,-0.3809192150602545,-0.15721033331876708,0.14921277594260624,0.3737063707065021,-0.07921533388097297,0.37816021900156493,-0.3036949110367409,0.08061904682231412,-0.5383523120799887,0.07507057629765841,0.9004038156999651,0.22345022625648178
-2.3948163147067962,-5.732389500503422,29.004516100329177,-36.54036650798735,7.070650677050278,-4.530380845884089,8.679575743623602,8.387853233443881,3.7489910947745915,37.489378438889844,-6.009238153475134,-10.51149607132465,-24.544595719148102,0.013968586078471675,-27.702388614283375,12.795719864737237,19.492025613319644,23.621554756763754,-1.41421003849812,-13.627262327590586,-17.715680545844897,-5.612871869058751,-22.32795805968156,20.378136674439162,-0.5383523120799887,28.037566539499537,-2.8212469678726753,-48.865901476608954,-17.544904151847327
0.2890681458605042,0.5779759365827576,-2.9554667262735577,3.6748251178178406,-0.7281699387383629,0.4796754846329312,-0.8125967469359279,-0.7716795236010334,-0.33975764127255337,-3.7872421102089606,0.6343105507529744,1.157822178908199,2.4921788687442947,-0.015861656985595274,2.85318824589702,-1.253771719512146,-1.9689280625549743,-2.3918014454495036,0.04686395872080075,1.3287732924172297,1.861550986330214,0.4901485022375096,2.266117770360622,-2.0319032444766725,0.07507057629765841,-2.8212469678726753,0.3289256779378215,4.965200581121186,1.7176054551812863
4.196161062294137,9.935482000735764,-50.76928307742905,64.09181028368216,-12.48117768564837,7.960812025244773,-15.106649369282422,-14.74995321611821,-6.601282337024403,-65.5321267006796,10.469088532379818,18.34732880756219,42.873966888290326,-0.03244325831841133,48.44706963041723,-22.36895264578162,-33.99360028300702,-41.275284780772644,2.359274669507323,23.932002504177188,30.945842406836135,9.812633195259362,39.100474185409325,-35.67263804216588,0.9004038156999651,-48.865901476608954,4.965200581121186,85.62060539686983,30.542895951371
1.0259445303016588,3.8434144185020767,-18.0130485922881,23.143267507141804,-4.2878148722531835,2.6292639504268007,-6.063754285439274,-6.267563797902278,-3.031581861322839,-23.472960873305517,3.3750024586343055,5.918371888539118,15.695585474432868,-0.06473035029149557,16.797374423395624,-8.432477270032116,-12.220565033249898,-15.080712669771465,2.027263631668422,8.963785755064947,11.087673136283298,4.287311749921885,14.14564317928846,-13.00877808086685,0.22345022625648178,-17.544904151847327,1.7176054551812863,30.542895951371,11.72693011106463
