V1,V2,V3,V4,V5,V6,V7,V8,V9,V10,V11,V12,V13,V14,V15,V16,V17,V18,V19,V20,V21,V22,V23,V24,V25,V26,V27,V28,V29,V30,V31,V32,V33,V34,V35,V36,V37,V38,V39,V40,V41,V42,V43
1.171064684913929,-1.5830394772541503,0.3115876318103909,0.47314382874917155,0.3437896105339966,-1.3569585785818636,0.014756079081054365,-0.34006552418840913,1.3891837377174119,-0.7999869078643917,0.38698564318595663,-0.34308501054958895,-1.4504103255030156,0.14692824306410704,-0.7632788773946602,-0.6178060058883034,-0.995243289834326,-1.7104480146994634,-0.4076108562392425,-1.5467717544834734,-1.6603861609398725,-1.7844122102644644,0.5669813885072924,0.1147109119785198,1.5708422849840538,0.5348819316774154,-0.015625547832362315,-1.7953346692441325,0.9526273695625059,-0.64475241098405,0.0873329706521027,0.2025429163790795,0.35211941901418525,-1.0382232491528056,-0.33462615114505223,-0.9550688326154004,-0.41407080994130463,-0.8541328929232578,-0.16215419603303954,-0.8261229450124564,-1.406130523046423,-2.4829327848293494,0.4347325212699241
-1.5830394772541503,2.7709111866830893,-0.5683590591870108,1.228420644222723,-1.2706088600523304,3.116391631931923,0.8259080217130244,1.036606585389921,-3.6016442096866816,0.028777863188380295,0.7775577328962786,0.2292112541783682,1.7001494033630198,0.014573423130254136,0.5378749484595562,0.1064068260236431,1.0467826822401223,3.9911651343685106,0.5971173283217531,2.207563796074317,1.831349419820551,1.8485371989185961,-0.15779299323656365,-0.6808233611584171,-0.2910570628971968,-1.2366904288809784,-0.1381035261339903,0.9817013449900641,-1.745685205858265,1.0009766748690618,1.2112051698765323,-1.581276035774917,-2.5762810969412935,1.851181645891657,1.1644259898767888,2.8979823484156704,-1.8724484755373745,1.3013540524198417,0.9383717868593905,0.3381897945761266,1.8091229426093371,3.627278029470238,-0.47921286406530866
0.3115876318103909,-0.5683590591870108,0.11888731956383816,-0.3115096479859441,0.28053566840019833,-0.6615979825354704,-0.19502194959938077,-0.22467741169830993,0.7721763997913986,0.03284596638689551,-0.20063247947544535,-0.0364175934867385,-0.32587620987950183,-0.009347821495583003,-0.08795382025779551,0.002661135904783473,-0.1970350081489733,-0.8476670656206088,-0.11898372228289278,-0.44070802554944966,-0.3475873075869878,-0.3438890385048442,0.007606783840275557,0.15229988599343533,-0.009784848509619163,0.2615768339153819,0.03322996694710441,-0.14384511572969874,0.3604533690349782,-0.2033824092485968,-0.2843149449670332,0.36011419072520384,0.5847040214427717,-0.3797201070855409,-0.2534830962003942,-0.6281928664459419,0.45653263323953586,-0.26237994694924577,-0.21245544947351136,-0.037856191064461864,-0.352236568544184,-0.7259801820446152,0.08953683070247496
0.47314382874917155,1.228420644222723,-0.3115096479859441,5.724808935695815,-2.25015820166568,3.253430011997252,2.514251115363909,1.5697114188078833,-4.545223816774786,-3.4395633743139755,4.010712705945921,-0.8369648439245374,-1.354140799890441,0.6855257071320777,-1.7714299778093971,-2.3997172905145936,-1.278302716552197,4.282367068530191,-0.026048974446754948,-0.2737403855312375,-1.888575412490409,-2.387252580531736,2.0348311600645674,-1.509280971645556,6.0620462245402456,-1.3044596080076474,-0.4809501041755533,-5.000198751512809,-0.9735451763578059,0.12746324878379878,3.96676750515759,-3.7949443843808406,-6.081536674655353,0.9061863770297595,1.9709519227106056,4.3750877940782305,-7.368921866405373,0.09368824321092303,2.067806278692915,-2.636688524932454,-0.8407893217234419,-0.1949921737542975,0.49891206333710564
0.3437896105339966,-1.2706088600523304,0.28053566840019833,-2.25015820166568,1.1339508167913706,-2.0433648392750965,-1.0805215078543327,-0.8356577438297854,2.6136282051738626,1.1092495482454041,-1.5526608088051734,0.20446611409365265,-0.09713003201161574,-0.22284502490600858,0.40789346135512516,0.7409594224329882,0.07922905098838935,-2.649593860970152,-0.18188902050771275,-0.6100923657045711,0.03400724076406382,0.19297654261199523,-0.615397742405627,0.704516916287111,-1.8823628171071387,0.813358880884815,0.20334814444009142,1.3157683930006778,0.868378691858845,-0.360320058263419,-1.6684425671010734,1.7369179670612434,2.793294058222113,-0.8776669355171047,-1.0061292825988262,-2.3385758233357143,2.9866358883135633,-0.44382761438113777,-0.9708957151575778,0.7484167613616938,-0.2943319980062171,-1.0823010532284845,-0.013376677449433723
-1.3569585785818636,3.116391631931923,-0.6615979825354704,3.253430011997252,-2.0433648392750965,4.192927795310403,1.7105098543109847,1.5642649590019728,-5.121046832192627,-1.2110360769114024,2.2051961771401767,-0.09110559093861023,1.1597324938879463,0.24991877538287594,-0.12163863762649194,-0.7481122267365453,0.5671231760518155,5.399581273721632,0.5733601488760373,2.04351197088332,1.0968637625437614,0.9287444763606708,0.5887407837124137,-1.2002096952546844,1.9096946527062533,-1.664391463886158,-0.315201096740832,-0.8513465073859845,-2.0425477355290185,1.0216674636032204,2.5930742870317243,-2.9070091574937735,-4.69103827504516,2.115504917942701,1.8320412366641252,4.384758209855991,-4.466304313438535,1.2996928024979824,1.658664650168042,-0.6170412342374286,1.4403507567919114,3.442430617378647,-0.27844643237169936
0.014756079081054365,0.8259080217130244,-0.19502194959938077,2.514251115363909,-1.0805215078543327,1.7105098543109847,1.139648442158055,0.7678787285406297,-2.298213148937965,-1.4208972511993994,1.7542840900837053,-0.3251372878792773,-0.3627603220425791,0.2802079593211047,-0.6730240481030179,-0.9744794866427451,-0.40112394220095454,2.2329384027078243,0.06038756793378743,0.145293338925183,-0.5672166386434804,-0.7745039011717408,0.8284618730548479,-0.7024193444731432,2.479938764331945,-0.6820476574223718,-0.21887458303742366,-1.9558464283821315,-0.6062710632043785,0.17226790766258757,1.7783277230774657,-1.7590563914983315,-2.819831827105665,0.5880632621386406,0.9481896503782444,2.1485665190985097,-3.26764103309532,0.1925689114624172,0.9678317404323112,-1.0503423518227215,-0.14230327536130166,0.3407619758009541,0.153880823817149
-0.34006552418840913,1.036606585389921,-0.22467741169830993,1.5697114188078833,-0.8356577438297854,1.5642649590019728,0.7678787285406297,0.6265330659126132,-1.9783819433622785,-0.7302590279860881,1.0755842373701938,-0.11338579542956123,0.1818862503210023,0.15396974588953083,-0.22967211932153614,-0.48924089742748167,0.013307822619753959,2.0310421783456887,0.159661012056548,0.5538898028784002,0.10266363854456298,0.002007160445631086,0.3906521338356872,-0.5142502427436902,1.218457741211569,-0.6249053259446502,-0.13983847691114357,-0.8010269410940645,-0.6943129155845477,0.30397077246257986,1.1910954429097274,-1.2522916744315034,-2.020648196439007,0.7106194756993693,0.7487294655803475,1.745120331090408,-2.1031711495854646,0.38067622780233673,0.7033515412404715,-0.47287120371986824,0.3248667006722071,0.9666250212920634,-0.027751472029889312
1.3891837377174119,-3.6016442096866816,0.7721763997913986,-4.545223816774786,2.6136282051738626,-5.121046832192627,-2.298213148937965,-1.9783819433622785,6.362225264714969,1.9262247130798218,-3.1006308922868104,0.2409179021806735,-1.0136513039495216,-0.4007439974265109,0.44540754326420057,1.2487877248085981,-0.37662038782177226,-6.619284688328871,-0.6138930653564164,-2.161463516770712,-0.8477341179616791,-0.5805646141762286,-0.9952352480526176,1.5720254439746515,-3.14643418408065,2.0384185734704197,0.4221742118835052,1.816413167544711,2.3859108590845177,-1.1248454899165568,-3.52450071027734,3.821176974016446,6.164422867105177,-2.456578321707883,-2.34116139167884,-5.530797174521937,6.155978025729318,-1.4208709309031287,-2.16233020221659,1.1423850854744346,-1.4160841218443103,-3.6937188259266858,0.21668592365898712
-0.7999869078643917,0.028777863188380295,0.03284596638689551,-3.4395633743139755,1.1092495482454041,-1.2110360769114024,-1.4208972511993994,-0.7302590279860881,1.9262247130798218,2.302767730233938,-2.4335801816443645,0.6248339294905301,1.425970987880071,-0.45680848077845254,1.3452529015932717,1.6385657888260252,1.1792663723976107,-1.6323676173288637,0.20213150360342833,0.8627831146387827,1.8241159774061289,2.1596927775925576,-1.4023111377322617,0.7987092019129326,-4.129730362195046,0.49135636357352686,0.2756118341209552,3.637369280323522,0.11260296826254595,0.22515625130341999,-2.2773598139900826,2.0420075950906593,3.2624771161941424,-0.03731202150458404,-0.9592810204340372,-2.027317608851896,4.340157481033425,0.339421141111725,-1.0886161008750341,1.8639131961115367,1.1134252456685925,1.2450448246714338,-0.47771098972917797
0.38698564318595663,0.7775577328962786,-0.20063247947544535,4.010712705945921,-1.5526608088051734,2.2051961771401767,1.7542840900837053,1.0755842373701938,-3.1006308922868104,-2.4335801816443645,2.8170319557193064,-0.6057957260465632,-1.0104676554387506,0.47905313889130147,-1.2723021970233568,-1.6955451799760979,-0.930104017223449,2.8998691878828766,-0.03405769683417676,-0.2611901922459271,-1.3923537349159185,-1.7471735414047882,1.4480543410265443,-1.0456296469512136,4.301211193808411,-0.8830693196421607,-0.34053104407549967,-3.5706501234257253,-0.6352079480344051,0.061440297062002484,2.7654312883683922,-2.6392996724929123,-4.224099220562423,0.5824136058625539,1.3562877316646975,3.0069829412405666,-5.154006937185852,0.02853178828325441,1.435135718766767,-1.8720548374910124,-0.6553981348881174,-0.2521778754075159,0.37045307838965974
-0.34308501054958895,0.2292112541783682,-0.0364175934867385,-0.8369648439245374,0.20446611409365265,-0.09110559093861023,-0.3251372878792773,-0.11338579542956123,0.2409179021806735,0.6248339294905301,-0.6057957260465632,0.19774855512740092,0.5151543613581671,-0.11220122800135572,0.40936246252205366,0.4397862170494444,0.38647600513577596,-0.12749868298200562,0.09592528856281882,0.3991389938826839,0.6310531188570245,0.7273704341389505,-0.39908141780822193,0.16157405527337543,-1.1467301800307563,0.035405084736855906,0.07184366355805763,1.0613097779320972,-0.10202903190676402,0.1321048724507218,-0.5158138785890879,0.43902636393075256,0.6898480304678338,0.13475431237024668,-0.1656226289921458,-0.3289917987370295,1.0293349206749847,0.186335305267265,-0.22676106507559257,0.5247381445309102,0.4479566878903408,0.6155578310409013,-0.1712623873202937
-1.4504103255030156,1.7001494033630198,-0.32587620987950183,-1.354140799890441,-0.09713003201161574,1.1597324938879463,-0.3627603220425791,0.1818862503210023,-1.0136513039495216,1.425970987880071,-1.0104676554387506,0.5151543613581671,1.9086046963120726,-0.27711633471439684,1.1479424570324686,1.075133379911625,1.3672228901892762,1.4284733024979142,0.4898867845463628,1.8753156873524253,2.2337932259305733,2.4462649995722274,-0.9486676653083888,0.07552244119107185,-2.698569320972511,-0.4509490081869588,0.07970772168171303,2.822858284171376,-0.9953394591301478,0.7514483126168915,-0.6605330826039897,0.2804800317179254,0.4226702557644528,1.1026148345224096,0.11912330053401708,0.5266092951436971,1.5148175282558645,1.003766164043448,-0.09099388826595421,1.3489464843259744,1.7779700487811554,2.971533450866676,-0.5805639944226172
0.14692824306410704,0.014573423130254136,-0.009347821495583003,0.6855257071320777,-0.22284502490600858,0.24991877538287594,0.2802079593211047,0.15396974588953083,-0.4007439974265109,-0.45680848077845254,0.47905313889130147,-0.11220122800135572,-0.27711633471439684,0.10142449284517072,-0.2605941002693686,-0.337842720924964,-0.24310654325412032,0.34764292769093713,-0.04175075495190237,-0.16661121924378655,-0.3583871436026499,-0.41965974088347546,0.2692417139411105,-0.16411828407249027,0.8107305693475567,-0.10566072544293452,-0.04753664451466545,-0.7177473901505408,-0.028275319084667887,-0.046959318256360176,0.4657216066928813,-0.4032651827491599,-0.6525514269294563,0.018698683683132773,0.20079131468029196,0.4122456903128315,-0.8703528090547324,-0.06752678249518848,0.2147041174294892,-0.37319739355908166,-0.2051475463101435,-0.23263038966378966,0.08706491432665436
-0.7632788773946602,0.5378749484595562,-0.08795382025779551,-1.7714299778093971,0.40789346135512516,-0.12163863762649194,-0.6730240481030179,-0.22967211932153614,0.44540754326420057,1.3452529015932717,-1.2723021970233568,0.40936246252205366,1.1479424570324686,-0.2605941002693686,0.8846080171048245,0.970750962202686,0.8791308835125693,-0.2003711572186453,0.22821891975133415,0.9147173285444935,1.4038812583482385,1.6032628676143759,-0.847352529660034,0.3368000829299071,-2.4593971282284244,0.05373480763265583,0.13652457323791645,2.301308426328855,-0.26100094678448377,0.3172081365183708,-1.0968026702609242,0.8940350859586773,1.417152236099629,0.3255346719390491,-0.3391944857569335,-0.6378845729841335,2.1746953917433895,0.4399136708408307,-0.45865900350849154,1.146479561418661,0.9886408948038854,1.4040669073772618,-0.3689632168306113
-0.6178060058883034,0.1064068260236431,0.002661135904783473,-2.3997172905145936,0.7409594224329882,-0.7481122267365453,-0.9744794866427451,-0.48924089742748167,1.2487877248085981,1.6385657888260252,-1.6955451799760979,0.4397862170494444,1.075133379911625,-0.337842720924964,0.970750962202686,1.1868216601254453,0.8921041039938474,-1.029991179399617,0.16894905901883817,0.6971511011822089,1.3674057678196347,1.5991739589659348,-0.9920314865223423,0.5484616831103324,-2.9382498033303426,0.3105804400541017,0.1821594427209061,2.624030162383157,0.017933842317003706,0.20371357481647392,-1.5901005930038308,1.386611527134701,2.2236720172680107,0.03258400837175185,-0.649851129886895,-1.3397603970082226,3.0239898990863407,0.2936978576416,-0.7343049930694716,1.3424440906454362,0.8446035270159853,1.013896960846656,-0.3490072035468946
-0.995243289834326,1.0467826822401223,-0.1970350081489733,-1.278302716552197,0.07922905098838935,0.5671231760518155,-0.40112394220095454,0.013307822619753959,-0.37662038782177226,1.1792663723976107,-0.930104017223449,0.38647600513577596,1.3672228901892762,-0.24310654325412032,0.8791308835125693,0.8921041039938474,1.0146219588269259,0.6670573366377538,0.33448912620458127,1.278233736644126,1.6230952727836154,1.7916874240494578,-0.7579770339487302,0.15260900117629037,-2.193420955641124,-0.21281495230701933,0.0755309771235903,2.2160449259427226,-0.6039406075790793,0.5021614707001374,-0.7119852393760955,0.42583702815500285,0.6741607696053178,0.6742737013443252,-0.05588753587324656,0.06867479975367936,1.4974107284579052,0.6722246870656426,-0.19000754052789717,1.080923968972329,1.2348704153179504,2.001897986981972,-0.4142882370726041
-1.7104480146994634,3.9911651343685106,-0.8476670656206088,4.282367068530191,-2.649593860970152,5.399581273721632,2.2329384027078243,2.0310421783456887,-6.619284688328871,-1.6323676173288637,2.8998691878828766,-0.12749868298200562,1.4284733024979142,0.34764292769093713,-0.2003711572186453,-1.029991179399617,0.6670573366377538,6.968532258626584,0.7206758501823757,2.575227106323121,1.3307991684845717,1.1089345044984742,0.7950927096302707,-1.5660168701375634,2.5841700348259526,-2.1482354881747776,-0.4044909724111431,-1.2209172555794248,-2.612976555147203,1.2907097977092288,3.406554674752685,-3.781055746917664,-6.109071783339539,2.708555773130593,2.3822392342984933,5.675519943559427,-5.868626026512458,1.6425388343651224,2.154406630699953,-0.8624428000616778,1.8087017649539694,4.353299963174712,-0.34436597747695397
-0.4076108562392425,0.5971173283217531,-0.11898372228289278,-0.026048974446754948,-0.18188902050771275,0.5733601488760373,0.06038756793378743,0.159661012056548,-0.6138930653564164,0.20213150360342833,-0.03405769683417676,0.09592528856281882,0.4898867845463628,-0.04175075495190237,0.22821891975133415,0.16894905901883817,0.33448912620458127,0.7206758501823757,0.14934090139100586,0.5533061235305823,0.5530538821218123,0.582961985959608,-0.14886367888466714,-0.07832838990395392,-0.40956914944362793,-0.22454371241780136,-0.011288530270722573,0.5199155304163562,-0.36934985125636843,0.2390849575094102,0.06470122066311249,-0.17361053063824133,-0.2835676926782954,0.3961599099116657,0.16814406870084161,0.45724959253153763,-0.03613740867735779,0.3138078112078327,0.11308106819517023,0.23501555645591585,0.48161177792426674,0.8907215952528547,-0.14128567976147627
-1.5467717544834734,2.207563796074317,-0.44070802554944966,-0.2737403855312375,-0.6100923657045711,2.04351197088332,0.145293338925183,0.5538898028784002,-2.161463516770712,0.8627831146387827,-0.2611901922459271,0.3991389938826839,1.8753156873524253,-0.16661121924378655,0.9147173285444935,0.6971511011822089,1.278233736644126,2.575227106323121,0.5533061235305823,2.077849391036866,2.1284678269828494,2.2585013244597283,-0.627975290056326,-0.24748962736011534,-1.730171208247396,-0.8020688998774953,-0.017512746658017605,2.1097263641962747,-1.350245565574673,0.8863947420436502,0.12357430686073444,-0.523431766326633,-0.8673359219329053,1.4561656485051422,0.5707433454377859,1.5696911523607802,0.09393869295055261,1.16603290283058,0.35603737092638277,0.9539123337624619,1.837761094296833,3.3436280546854817,-0.5495135563522738
-1.6603861609398725,1.831349419820551,-0.3475873075869878,-1.888575412490409,0.03400724076406382,1.0968637625437614,-0.5672166386434804,0.10266363854456298,-0.8477341179616791,1.8241159774061289,-1.3923537349159185,0.6310531188570245,2.2337932259305733,-0.3583871436026499,1.4038812583482385,1.3674057678196347,1.6230952727836154,1.3307991684845717,0.5530538821218123,2.1284678269828494,2.635328735997003,2.904170616282786,-1.1949895992230537,0.18293398289571017,-3.4220524523574483,-0.4223867755830678,0.11901459610988772,3.4975942326157763,-1.0570420102420206,0.8390971201344589,-1.0007611104951317,0.5566567405800541,0.8639499449303151,1.1803179246070505,0.005228684192221263,0.3110419681277753,2.17710355647525,1.1242733081419618,-0.23302662127876161,1.68662017558001,2.051414572526374,3.355547110758957,-0.6832543869500282
-1.7844122102644644,1.8485371989185961,-0.3438890385048442,-2.387252580531736,0.19297654261199523,0.9287444763606708,-0.7745039011717408,0.002007160445631086,-0.5805646141762286,2.1596927775925576,-1.7471735414047882,0.7273704341389505,2.4462649995722274,-0.41965974088347546,1.6032628676143759,1.5991739589659348,1.7916874240494578,1.1089345044984742,0.582961985959608,2.2585013244597283,2.904170616282786,3.2251031054627934,-1.403989998400022,0.29526174457557464,-4.027779074543703,-0.3565995093848712,0.16201554878709237,4.028595642116311,-1.045904182054049,0.8716022648126094,-1.3231599379274712,0.8529615483100039,1.3333322816284043,1.1832311504587165,-0.1272093242945884,0.025211704707908643,2.801917720312998,1.1752629393077083,-0.39150686210914437,1.9574922634409049,2.2234147919450598,3.5475448566246786,-0.7573254396527899
0.5669813885072924,-0.15779299323656365,0.007606783840275557,2.0348311600645674,-0.615397742405627,0.5887407837124137,0.8284618730548479,0.3906521338356872,-0.9952352480526176,-1.4023111377322617,1.4480543410265443,-0.39908141780822193,-0.9486676653083888,0.2692417139411105,-0.847352529660034,-0.9920314865223423,-0.7579770339487302,0.7950927096302707,-0.14886367888466714,-0.627975290056326,-1.1949895992230537,-1.403989998400022,0.8669675151744075,-0.450843641237963,2.5318957892470224,-0.23688336303972934,-0.16663742881676333,-2.25975965156743,0.014881889762227233,-0.18045478725917563,1.3201814212425285,-1.1721726539966333,-1.8643824452603535,-0.06950971229510768,0.5230171157280264,1.0946719228584045,-2.548777932877911,-0.2652102357546866,0.6208992928948314,-1.1468564250996582,-0.7708603394499031,-0.9319702863380428,0.31805418470849756
0.1147109119785198,-0.6808233611584171,0.15229988599343533,-1.509280971645556,0.704516916287111,-1.2002096952546844,-0.7024193444731432,-0.5142502427436902,1.5720254439746515,0.7987092019129326,-1.0456296469512136,0.16157405527337543,0.07552244119107185,-0.16411828407249027,0.3368000829299071,0.5484616831103324,0.15260900117629037,-1.5660168701375634,-0.07832838990395392,-0.24748962736011534,0.18293398289571017,0.29526174457557464,-0.450843641237963,0.44977975363534367,-1.3727417280241574,0.48064444010639595,0.13085107557081546,1.030107924894532,0.47465210271595487,-0.16996070112889752,-1.1004202690497251,1.1084385661479677,1.7837692055518852,-0.4751855481071714,-0.6269798510790955,-1.432678867808763,1.9863311529320564,-0.20528354065365256,-0.6142098237668048,0.5677940410411327,-0.06163032322183254,-0.4675670620397864,-0.04729950081221812
1.5708422849840538,-0.2910570628971968,-0.009784848509619163,6.0620462245402456,-1.8823628171071387,1.9096946527062533,2.479938764331945,1.218457741211569,-3.14643418408065,-4.129730362195046,4.301211193808411,-1.1467301800307563,-2.698569320972511,0.8107305693475567,-2.4593971282284244,-2.9382498033303426,-2.193420955641124,2.5841700348259526,-0.40956914944362793,-1.730171208247396,-3.4220524523574483,-4.027779074543703,2.5318957892470224,-1.3727417280241574,7.431568315461341,-0.7747235021781612,-0.48764161268365686,-6.6038692147315325,-0.05564880098188567,-0.4842420659449187,3.9750501651804964,-3.532124223220554,-5.633845755258879,-0.09102517558943585,1.6182871418806761,3.391493297981559,-7.620828353449861,-0.7145290944630648,1.8749711985125868,-3.365772633816442,-2.153524578782511,-2.5377467063711787,0.9001491886089349
0.5348819316774154,-1.2366904288809784,0.2615768339153819,-1.3044596080076474,0.813358880884815,-1.664391463886158,-0.6820476574223718,-0.6249053259446502,2.0384185734704197,0.49135636357352686,-0.8830693196421607,0.035405084736855906,-0.4509490081869588,-0.10566072544293452,0.05373480763265583,0.3105804400541017,-0.21281495230701933,-2.1482354881747776,-0.22454371241780136,-0.8020688998774953,-0.4223867755830678,-0.3565995093848712,-0.23688336303972934,0.48064444010639595,-0.7747235021781612,0.6627611417441323,0.12336597605229015,0.35733333161337044,0.8086472272679109,-0.40031583256275527,-1.042562883323589,1.1579288000057564,1.8716670530856907,-0.8393461033189771,-0.7329308286495186,-1.7459604037085852,1.7914681009912115,-0.5103938373719739,-0.6598140005628745,0.25553394884938746,-0.5675534234638451,-1.3551805351198734,0.11011620477450652
-0.015625547832362315,-0.1381035261339903,0.03322996694710441,-0.4809501041755533,0.20334814444009142,-0.315201096740832,-0.21887458303742366,-0.13983847691114357,0.4221742118835052,0.2756118341209552,-0.34053104407549967,0.07184366355805763,0.07970772168171303,-0.04753664451466545,0.13652457323791645,0.1821594427209061,0.0755309771235903,-0.4044909724111431,-0.011288530270722573,-0.017512746658017605,0.11901459610988772,0.16201554878709237,-0.16663742881676333,0.13085107557081546,-0.48764161268365686,0.12336597605229015,0.046899500413506705,0.3868300825319146,0.10834615466458478,-0.031158383075504312,-0.33324133705394615,0.33720759293211516,0.5351930340594256,-0.1014407435074314,-0.1742458825864962,-0.40187289614891125,0.6223069991377933,-0.033221397502741876,-0.18498669652184088,0.20210056399643936,0.04347463165650511,-0.044372676131298375,-0.03610567733455533
-1.7953346692441325,0.9817013449900641,-0.14384511572969874,-5.000198751512809,1.3157683930006778,-0.8513465073859845,-1.9558464283821315,-0.8010269410940645,1.816413167544711,3.637369280323522,-3.5706501234257253,1.0613097779320972,2.822858284171376,-0.7177473901505408,2.301308426328855,2.624030162383157,2.2160449259427226,-1.2209172555794248,0.5199155304163562,2.1097263641962747,3.4975942326157763,4.028595642116311,-2.25975965156743,1.030107924894532,-6.6038692147315325,0.35733333161337044,0.3868300825319146,6.069360020590796,-0.41306456302807965,0.6967121264854628,-3.1840435410603942,2.679834531030535,4.266695746039303,0.5648474065879376,-1.1213493694053156,-2.215972905058294,6.206290593793701,0.9766493564306117,-1.3945035910173416,3.0502789562247816,2.364429676909546,3.192211334862501,-0.9127087750185634
0.9526273695625059,-1.745685205858265,0.3604533690349782,-0.9735451763578059,0.868378691858845,-2.0425477355290185,-0.6062710632043785,-0.6943129155845477,2.3859108590845177,0.11260296826254595,-0.6352079480344051,-0.10202903190676402,-0.9953394591301478,-0.028275319084667887,-0.26100094678448377,0.017933842317003706,-0.6039406075790793,-2.612976555147203,-0.36934985125636843,-1.350245565574673,-1.0570420102420206,-1.045904182054049,0.014881889762227233,0.47465210271595487,-0.05564880098188567,0.8086472272679109,0.10834615466458478,-0.41306456302807965,1.1119236877357273,-0.6243798885992237,-0.8908756085919816,1.1220768891283595,1.8190699576076637,-1.1714676471311591,-0.7882018323032249,-1.9508662918330937,1.430901803257975,-0.8077071022164677,-0.6586147361864864,-0.11154682500900677,-1.0759863339365552,-2.2240706262704255,0.27246011662203007
-0.64475241098405,1.0009766748690618,-0.2033824092485968,0.12746324878379878,-0.360320058263419,1.0216674636032204,0.17226790766258757,0.30397077246257986,-1.1248454899165568,0.22515625130341999,0.061440297062002484,0.1321048724507218,0.7514483126168915,-0.046959318256360176,0.3172081365183708,0.20371357481647392,0.5021614707001374,1.2907097977092288,0.2390849575094102,0.8863947420436502,0.8390971201344589,0.8716022648126094,-0.18045478725917563,-0.16996070112889752,-0.4842420659449187,-0.40031583256275527,-0.031158383075504312,0.6967121264854628,-0.6243798885992237,0.39043664199434264,0.21889156701813786,-0.3912789978916228,-0.6360337126016162,0.6650971592738277,0.32786560068791976,0.8644427296659357,-0.27354490142562193,0.5091454421119852,0.2440883839138566,0.30057921206959143,0.7532750070757324,1.4340869705044357,-0.21330253263501936
0.0873329706521027,1.2112051698765323,-0.2843149449670332,3.96676750515759,-1.6684425671010734,2.5930742870317243,1.7783277230774657,1.1910954429097274,-3.52450071027734,-2.2773598139900826,2.7654312883683922,-0.5158138785890879,-0.6605330826039897,0.4657216066928813,-1.0968026702609242,-1.5901005930038308,-0.7119852393760955,3.406554674752685,0.06470122066311249,0.12357430686073444,-1.0007611104951317,-1.3231599379274712,1.3201814212425285,-1.1004202690497251,3.9750501651804964,-1.042562883323589,-0.33324133705394615,-3.1840435410603942,-0.8908756085919816,0.21889156701813786,2.811972555814606,-2.7329955011294,-4.39226861892194,0.8660558812469975,1.4779662887744884,3.3109143400790932,-5.154254141232243,0.24065238942942524,1.49815287283896,-1.703811024078075,-0.29656508282323873,0.3781339857936335,0.258376599377153
0.2025429163790795,-1.581276035774917,0.36011419072520384,-3.7949443843808406,1.7369179670612434,-2.9070091574937735,-1.7590563914983315,-1.2522916744315034,3.821176974016446,2.0420075950906593,-2.6392996724929123,0.43902636393075256,0.2804800317179254,-0.4032651827491599,0.8940350859586773,1.386611527134701,0.42583702815500285,-3.781055746917664,-0.17361053063824133,-0.523431766326633,0.5566567405800541,0.8529615483100039,-1.1721726539966333,1.1084385661479677,-3.532124223220554,1.1579288000057564,0.33720759293211516,2.679834531030535,1.1220768891283595,-0.3912789978916228,-2.7329955011294,2.7601726952394134,4.428707830381206,-1.1103133202422815,-1.5310849297996632,-3.5084397279513264,4.972673175135995,-0.46373093266630183,-1.5277384478892266,1.4625363573729009,-0.050541142855402246,-1.0056808090248348,-0.15445322529088842
0.35211941901418525,-2.5762810969412935,0.5847040214427717,-6.081536674655353,2.793294058222113,-4.69103827504516,-2.819831827105665,-2.020648196439007,6.164422867105177,3.2624771161941424,-4.224099220562423,0.6898480304678338,0.4226702557644528,-0.6525514269294563,1.417152236099629,2.2236720172680107,0.6741607696053178,-6.109071783339539,-0.2835676926782954,-0.8673359219329053,0.8639499449303151,1.3333322816284043,-1.8643824452603535,1.7837692055518852,-5.633845755258879,1.8716670530856907,0.5351930340594256,4.266695746039303,1.8190699576076637,-0.6360337126016162,-4.39226861892194,4.428707830381206,7.112526392318847,-1.8055165509190676,-2.468677494869217,-5.649484625165157,7.975854636275693,-0.7570609777792546,-2.451927765154137,2.33531861272086,-0.11499654313119721,-1.6629093991807533,-0.23512003285093863
-1.0382232491528056,1.851181645891657,-0.3797201070855409,0.9061863770297595,-0.8776669355171047,2.115504917942701,0.5880632621386406,0.7106194756993693,-2.456578321707883,-0.03731202150458404,0.5824136058625539,0.13475431237024668,1.1026148345224096,0.018698683683132773,0.3255346719390491,0.03258400837175185,0.6742737013443252,2.708555773130593,0.3961599099116657,1.4561656485051422,1.1803179246070505,1.1832311504587165,-0.06950971229510768,-0.4751855481071714,-0.09102517558943585,-0.8393461033189771,-0.1014407435074314,0.5648474065879376,-1.1714676471311591,0.6650971592738277,0.8660558812469975,-1.1103133202422815,-1.8055165509190676,1.239608579783497,0.8025858336087459,1.9908605547864149,-1.3602192176891388,0.8636785033932188,0.6552327840877769,0.1822347384676942,1.181287397705217,2.39558088070862,-0.3078637388484183
-0.33462615114505223,1.1644259898767888,-0.2534830962003942,1.9709519227106056,-1.0061292825988262,1.8320412366641252,0.9481896503782444,0.7487294655803475,-2.34116139167884,-0.9592810204340372,1.3562877316646975,-0.1656226289921458,0.11912330053401708,0.20079131468029196,-0.3391944857569335,-0.649851129886895,-0.05588753587324656,2.3822392342984933,0.16814406870084161,0.5707433454377859,0.005228684192221263,-0.1272093242945884,0.5230171157280264,-0.6269798510790955,1.6182871418806761,-0.7329308286495186,-0.1742458825864962,-1.1213493694053156,-0.7882018323032249,0.32786560068791976,1.4779662887744884,-1.5310849297996632,-2.468677494869217,0.8025858336087459,0.9009253178159424,2.0860604414613277,-2.6267563443994915,0.40793699062003114,0.8557995825739211,-0.6428588713254009,0.298998180360094,1.0120279985924516,-0.0029594302308777348
-0.9550688326154004,2.8979823484156704,-0.6281928664459419,4.3750877940782305,-2.3385758233357143,4.384758209855991,2.1485665190985097,1.745120331090408,-5.530797174521937,-2.027317608851896,3.0069829412405666,-0.3289917987370295,0.5266092951436971,0.4122456903128315,-0.6378845729841335,-1.3397603970082226,0.06867479975367936,5.675519943559427,0.45724959253153763,1.5696911523607802,0.3110419681277753,0.025211704707908643,1.0946719228584045,-1.432678867808763,3.391493297981559,-1.7459604037085852,-0.40187289614891125,-2.215972905058294,-1.9508662918330937,0.8644427296659357,3.3109143400790932,-3.5084397279513264,-5.649484625165157,1.9908605547864149,2.0860604414613277,4.884816386971113,-5.86122921579679,1.0805267397762797,1.9708824569273786,-1.3011779637882945,0.9113613960185963,2.7264123400144427,-0.07468099365227131
-0.41407080994130463,-1.8724484755373745,0.45653263323953586,-7.368921866405373,2.9866358883135633,-4.466304313438535,-3.26764103309532,-2.1031711495854646,6.155978025729318,4.340157481033425,-5.154006937185852,1.0293349206749847,1.5148175282558645,-0.8703528090547324,2.1746953917433895,3.0239898990863407,1.4974107284579052,-5.868626026512458,-0.03613740867735779,0.09393869295055261,2.17710355647525,2.801917720312998,-2.548777932877911,1.9863311529320564,-7.620828353449861,1.7914681009912115,0.6223069991377933,6.206290593793701,1.430901803257975,-0.27354490142562193,-5.154254141232243,4.972673175135995,7.975854636275693,-1.3602192176891388,-2.6267563443994915,-5.86122921579679,9.523597447627846,-0.26688220078705843,-2.7169689357619915,3.2905614710720115,0.8511623300432829,-0.16962653564045949,-0.5728709573132299
-0.8541328929232578,1.3013540524198417,-0.26237994694924577,0.09368824321092303,-0.44382761438113777,1.2996928024979824,0.1925689114624172,0.38067622780233673,-1.4208709309031287,0.339421141111725,0.02853178828325441,0.186335305267265,1.003766164043448,-0.06752678249518848,0.4399136708408307,0.2936978576416,0.6722246870656426,1.6425388343651224,0.3138078112078327,1.16603290283058,1.1242733081419618,1.1752629393077083,-0.2652102357546866,-0.20528354065365256,-0.7145290944630648,-0.5103938373719739,-0.033221397502741876,0.9766493564306117,-0.8077071022164677,0.5091454421119852,0.24065238942942524,-0.46373093266630183,-0.7570609777792546,0.8636785033932188,0.40793699062003114,1.0805267397762797,-0.26688220078705843,0.666175315788174,0.29262074130682514,0.4275591483724085,1.0022617369175535,1.8852923423334125,-0.2881784722886717
-0.16215419603303954,0.9383717868593905,-0.21245544947351136,2.067806278692915,-0.9708957151575778,1.658664650168042,0.9678317404323112,0.7033515412404715,-2.16233020221659,-1.0886161008750341,1.435135718766767,-0.22676106507559257,-0.09099388826595421,0.2147041174294892,-0.45865900350849154,-0.7343049930694716,-0.19000754052789717,2.154406630699953,0.11308106819517023,0.35603737092638277,-0.23302662127876161,-0.39150686210914437,0.6208992928948314,-0.6142098237668048,1.8749711985125868,-0.6598140005628745,-0.18498669652184088,-1.3945035910173416,-0.6586147361864864,0.2440883839138566,1.49815287283896,-1.5277384478892266,-2.451927765154137,0.6552327840877769,0.8557995825739211,1.9708824569273786,-2.7169689357619915,0.29262074130682514,0.8482236032175429,-0.76880566874557,0.08845555116795267,0.6619837009989729,0.06657812656585979
-0.8261229450124564,0.3381897945761266,-0.037856191064461864,-2.636688524932454,0.7484167613616938,-0.6170412342374286,-1.0503423518227215,-0.47287120371986824,1.1423850854744346,1.8639131961115367,-1.8720548374910124,0.5247381445309102,1.3489464843259744,-0.37319739355908166,1.146479561418661,1.3424440906454362,1.080923968972329,-0.8624428000616778,0.23501555645591585,0.9539123337624619,1.68662017558001,1.9574922634409049,-1.1468564250996582,0.5677940410411327,-3.365772633816442,0.25553394884938746,0.20210056399643936,3.0502789562247816,-0.11154682500900677,0.30057921206959143,-1.703811024078075,1.4625363573729009,2.33531861272086,0.1822347384676942,-0.6428588713254009,-1.3011779637882945,3.2905614710720115,0.4275591483724085,-0.76880566874557,1.5481683866912872,1.1039404878008032,1.4243163543337682,-0.4383332404377482
-1.406130523046423,1.8091229426093371,-0.352236568544184,-0.8407893217234419,-0.2943319980062171,1.4403507567919114,-0.14230327536130166,0.3248667006722071,-1.4160841218443103,1.1134252456685925,-0.6553981348881174,0.4479566878903408,1.7779700487811554,-0.2051475463101435,0.9886408948038854,0.8446035270159853,1.2348704153179504,1.8087017649539694,0.48161177792426674,1.837761094296833,2.051414572526374,2.2234147919450598,-0.7708603394499031,-0.06163032322183254,-2.153524578782511,-0.5675534234638451,0.04347463165650511,2.364429676909546,-1.0759863339365552,0.7532750070757324,-0.29656508282323873,-0.050541142855402246,-0.11499654313119721,1.181287397705217,0.298998180360094,0.9113613960185963,0.8511623300432829,1.0022617369175535,0.08845555116795267,1.1039404878008032,1.7022179705956142,2.9392696807965946,-0.5386683621994274
-2.4829327848293494,3.627278029470238,-0.7259801820446152,-0.1949921737542975,-1.0823010532284845,3.442430617378647,0.3407619758009541,0.9666250212920634,-3.6937188259266858,1.2450448246714338,-0.2521778754075159,0.6155578310409013,2.971533450866676,-0.23263038966378966,1.4040669073772618,1.013896960846656,2.001897986981972,4.353299963174712,0.8907215952528547,3.3436280546854817,3.355547110758957,3.5475448566246786,-0.9319702863380428,-0.4675670620397864,-2.5377467063711787,-1.3551805351198734,-0.044372676131298375,3.192211334862501,-2.2240706262704255,1.4340869705044357,0.3781339857936335,-1.0056808090248348,-1.6629093991807533,2.39558088070862,1.0120279985924516,2.7264123400144427,-0.16962653564045949,1.8852923423334125,0.6619837009989729,1.4243163543337682,2.9392696807965946,5.3955503431133724,-0.8702624180053686
0.4347325212699241,-0.47921286406530866,0.08953683070247496,0.49891206333710564,-0.013376677449433723,-0.27844643237169936,0.153880823817149,-0.027751472029889312,0.21668592365898712,-0.47771098972917797,0.37045307838965974,-0.1712623873202937,-0.5805639944226172,0.08706491432665436,-0.3689632168306113,-0.3490072035468946,-0.4142882370726041,-0.34436597747695397,-0.14128567976147627,-0.5495135563522738,-0.6832543869500282,-0.7573254396527899,0.31805418470849756,-0.04729950081221812,0.9001491886089349,0.11011620477450652,-0.03610567733455533,-0.9127087750185634,0.27246011662203007,-0.21330253263501936,0.258376599377153,-0.15445322529088842,-0.23512003285093863,-0.3078637388484183,-0.0029594302308777348,-0.07468099365227131,-0.5728709573132299,-0.2881784722886717,0.06657812656585979,-0.4383332404377482,-0.5386683621994274,-0.8702624180053686,0.18167853068969317
