V1,V2,V3,V4,V5,V6,V7,V8,V9,V10,V11,V12,V13,V14,V15,V16,V17,V18,V19,V20,V21,V22,V23,V24,V25,V26,V27,V28,V29,V30,V31,V32,V33,V34,V35,V36,V37,V38,V39,V40,V41,V42,V43
7.514580909317772,-0.2710665153585259,-12.355654885224649,1.3790895921123802,-4.0445824976815,3.1138675931461046,-1.178478981612917,0.47180613117596426,-1.7493942583926123,1.6037959989211505,-3.1262491077794112,1.0300582245524936,2.912317967025788,-6.315755092898089,0.4607950435928924,-0.7650310528063258,-2.1200970496618767,-5.575380645214155,5.540716655777709,-0.9367640217604986,3.43559327115032,-4.125647798132992,0.5751421430639805,0.9235834431467617,5.585732667018956,-6.334172110021134,-3.619675169727427,2.9516706379868554,2.3984403621983374,0.19735477835506268,-0.2796000909332275,8.340022423083207,-5.202609556418149,6.048777261619122,4.746973299066814,4.619545842154015,3.4708447851027255,-0.13699992827376106,-4.558710750240559,-5.41025631690127,1.1891101042785786,8.589872627846809,-3.893715074155102
-0.2710665153585259,0.009971052012975259,0.4427512284863055,-0.05573308993324736,0.13832877505539254,-0.12095642751078363,0.035908728351489484,-0.013901733304229294,0.047123375431325866,-0.06305493682511529,0.10380673492237022,-0.039376407739207066,-0.10872221111274906,0.20672546114417456,-0.011107562775307132,0.02214772369316056,0.06662742034363905,0.1958708211802983,-0.21177584582436149,0.030314248030644777,-0.12808946449469685,0.14885495972867566,-0.02138527100611307,-0.04511723577762156,-0.21346471306357206,0.2175855467010985,0.14461798736633355,-0.11570870841431445,-0.07187247884301624,-0.011578000800264715,0.011819506073902782,-0.29160736895864636,0.19964431706364827,-0.21531311838073444,-0.1676059109449626,-0.1649916550321475,-0.13753463234215108,-6.438035080992657e-4,0.14635660060035452,0.1855046115487198,-0.04929418393775912,-0.30987782582641266,0.14601506402163283
-12.355654885224649,0.4427512284863055,20.373235264283867,-2.1489853822108067,6.800723836462249,-4.947981633777122,2.0697396890282596,-0.8380355637120867,3.1950686421974646,-2.53220157375436,5.318478265326277,-1.6495062871791752,-4.716045934026161,10.805633939087528,-0.8672023406473076,1.366057801009389,3.6815911990001275,9.270750470295917,-8.872293963236288,1.610374460574882,-5.565186473063551,6.782797605279838,-0.9327765408911336,-1.2835524353984733,-8.944692190254269,10.631625989557344,5.672246536368978,-4.668829544985037,-4.234954518468276,-0.2363609761332983,0.4260155945546246,-13.897191443168554,8.315303993495078,-10.002432841830466,-7.877711829819394,-7.628313110138515,-5.460926349019342,0.3359866870730257,7.855026575339474,9.088232641811535,-1.8276575994725264,-14.12245001919869,6.291173185501539
1.3790895921123802,-0.05573308993324736,-2.1489853822108067,0.4965871421167581,-0.4330775466240393,0.9246972150708044,0.05504796665155174,-0.04136910874515828,0.3335995737337312,0.5096981361660244,-0.20761325713037787,0.2797059262620862,0.6833707063554363,-0.2938979901667817,-0.14047671832968694,0.08180734314988712,0.012898533044902004,-0.8104433415653446,1.505624233456819,-0.02783066103212936,0.802540738461497,-0.7585876301646756,0.13201364859538658,0.6523578575811283,1.517189578058016,-0.7170330757104139,-1.2381707359738225,0.920542110539128,-0.15849054828803083,0.21725083167019194,-0.12055284863889017,1.1519346292458073,-1.445758879161188,0.9932893936401771,0.7219965821563578,0.7805873634943848,1.1422692009455016,0.20227628268153275,-0.0981869867035659,-0.5972952038358609,0.4801864612550023,1.5791166296465178,-0.9425917802534043
-4.0445824976815,0.13832877505539254,6.800723836462249,-0.4330775466240393,2.5696326884212195,-1.2273725544496505,0.9789348352652322,-0.4164877011621528,1.7730400400596305,-0.5895915678367954,2.1476309588991396,-0.43927599523413613,-1.3784365335328381,4.49822713378267,-0.5338071299311614,0.693937148471096,1.6516338474035204,3.27104263463965,-2.361359477911931,0.6872352112258604,-1.630616289442766,2.2187471159223318,-0.27595235584880506,0.11613959124200716,-2.3814319574371505,3.974984525047784,1.219392455094857,-1.1075181075390688,-2.051225730309912,0.12366497424127607,0.06258462927707303,-4.96979783609018,2.1766271633979737,-3.403966987083971,-2.744472781286009,-2.5717315287506577,-1.2263640562243834,0.3625347391996003,3.3914417045801626,3.414427850244935,-0.3073191369163381,-4.619896779117245,1.8060969292900808
3.1138675931461046,-0.12095642751078363,-4.947981633777122,0.9246972150708044,-1.2273725544496505,1.8028506537440474,-0.09461733579690476,0.009824671611328792,0.22495002813400441,0.9771522625426843,-0.7642416356854131,0.5583674656986942,1.4228282187370374,-1.3617182342143523,-0.13555559250584806,0.005359090254651135,-0.29528139154239136,-2.0016327325374355,3.005200573267228,-0.179073756227107,1.673305234141747,-1.7116589015262282,0.27671590176420024,1.0833130249169456,3.028617479841902,-1.9784500324991072,-2.3325870950211613,1.7728212614361865,0.1252339280241166,0.3444081118776147,-0.21629303894169855,2.906517273888302,-2.8682501271187406,2.337055930376586,1.750574221854797,1.816762651990882,2.1714259464665306,0.27314836400519626,-0.8176743702155417,-1.667867925976116,0.8728284178517398,3.563443463824425,-1.9443348030507726
-1.178478981612917,0.035908728351489484,2.0697396890282596,0.05504796665155174,0.9789348352652322,-0.09461733579690476,0.48730526420878695,-0.21665377973969427,1.0040722481134645,-0.011328871223662645,0.8983461080854821,-0.06049943059239138,-0.2908150907446824,1.9549250277209724,-0.32307155673786603,0.36760416587867123,0.7805216330454386,1.1114604664498318,-0.32403974103568434,0.30758315542515424,-0.3469629109918331,0.6454192471623111,-0.060697776408084034,0.393357364518362,-0.32744110614199545,1.4898500151004013,-0.071973204831532,-0.04059282326083163,-1.0434004590755086,0.17077680548093516,-0.03326790796783142,-1.7300213759723977,0.26860865656237265,-1.078751870400091,-0.9107704498580713,-0.7993568268341829,0.018921236297344098,0.27491493105004494,1.5379247790694002,1.2894489021537345,0.10550336113666292,-1.3440429254303095,0.35644215546324454
0.47180613117596426,-0.013901733304229294,-0.8380355637120867,-0.04136910874515828,-0.4164877011621528,0.009824671611328792,-0.21665377973969427,0.09691166778611354,-0.4539847224958136,-0.012589658159664483,-0.38873831705968015,0.01702459494858192,0.1046047952224823,-0.8513935749776097,0.14721394597994958,-0.16481220213154651,-0.3444186251780988,-0.46188117896316794,0.090893874212018,-0.13458982085064333,0.12523885259935766,-0.25828793942809614,0.022201436716077997,-0.19583325371601254,0.09201161851011944,-0.6318569164912745,0.07440044373989377,-0.013841539451068733,0.465282109369648,-0.0827486955351641,0.01881893681584546,0.7227017863504258,-0.06853270131090107,0.4411587195993907,0.3764859859816698,0.3253597129310294,-0.0477136829842478,-0.12812066908791425,-0.6743587842058144,-0.5476614331937392,-0.06304568088117325,0.5378718781383487,-0.12457922332514014
-1.7493942583926123,0.047123375431325866,3.1950686421974646,0.3335995737337312,1.7730400400596305,0.22495002813400441,1.0040722481134645,-0.4539847224958136,2.1677416508350866,0.2059942443375815,1.7122958542263358,0.003987087699513343,-0.277693887371865,3.7970267580025117,-0.7123847821892425,0.7755576966477222,1.5744827431996435,1.8699886423211356,0.02462096002704887,0.6056662130221065,-0.33707735608738415,0.956606440176418,-0.06272104494995784,1.0834269949926172,0.023002244853646978,2.6723946968147696,-0.7004866746754812,0.3316526740057527,-2.1681630623182873,0.440773759300016,-0.12099347844648813,-2.9598508144152973,-0.10916092519858489,-1.7221797061253137,-1.5063305037065853,-1.2561381654062753,0.5507988183160861,0.643358549416606,3.0468763906552154,2.323376993551321,0.4276061520952656,-1.9924012726407438,0.29324960850653126
1.6037959989211505,-0.06305493682511529,-2.53220157375436,0.5096981361660244,-0.5895915678367954,0.9771522625426843,-0.011328871223662645,-0.012589658159664483,0.2059942443375815,0.5330524883861201,-0.34325289850988344,0.30004616859494654,0.7532523712219142,-0.5821840226070152,-0.1007587724295054,0.0332928105799925,-0.0967880643194644,-1.0017127859242194,1.6151645357729165,-0.07232651221065267,0.8855740057865237,-0.8817652754082572,0.1461712582290538,0.624397789552427,1.6276618929530398,-0.9576903868542638,-1.2803276553977316,0.9652538619276828,-0.017861046914026815,0.20224573716641392,-0.12086581607161341,1.4448320063717692,-1.544900360028907,1.1876477907647813,0.8810477794685858,0.9264707411845562,1.1879449134561315,0.17193265830244117,-0.3195850274778798,-0.8045600247716773,0.4855992951354284,1.8357676106978755,-1.032848740775178
-3.1262491077794112,0.10380673492237022,5.318478265326277,-0.20761325713037787,2.1476309588991396,-0.7642416356854131,0.8983461080854821,-0.38873831705968015,1.7122958542263358,-0.34325289850988344,1.851175251954958,-0.29219672422256154,-0.9877068540174169,3.9286638408865766,-0.5301087899681327,0.6523988108394762,1.4865212977105404,2.639432373117743,-1.569971508232023,0.606438569973566,-1.170535736097461,1.7142192968959777,-0.1994802290875268,0.34190307782163054,-1.5837640792300767,3.305032529390852,0.642860051508082,-0.6582248358757684,-1.898089401941083,0.19010712057132687,0.01222471180727164,-4.039098941702927,1.4260441353196718,-2.6920589014020586,-2.199224923259912,-2.0228913477284296,-0.6840588835804418,0.3989580771168384,3.006971020540737,2.8457443651141796,-0.10075551176702258,-3.5695052328741435,1.2769530677256602
1.0300582245524936,-0.039376407739207066,-1.6495062871791752,0.2797059262620862,-0.43927599523413613,0.5583674656986942,-0.06049943059239138,0.01702459494858192,0.003987087699513343,0.30004616859494654,-0.29219672422256154,0.17495853315856988,0.4546418980914542,-0.5435462964188722,-0.020636132800795053,-0.02212207925724623,-0.14092833823849102,-0.6850274977707854,0.9415070386954884,-0.07474194612456864,0.5350013525121255,-0.5660593113191641,0.08869486629782528,0.30640632009111857,0.9489174450440762,-0.7023922855350054,-0.7098573877262079,0.5456766951232107,0.10584407198181173,0.09445773015932571,-0.06409929187537763,1.0022019988701167,-0.8959730051258998,0.7856453668970734,0.5951350859793546,0.608195186275282,0.6639253969756976,0.06590406549495949,-0.3499090618438269,-0.5942915984003335,0.26054492170753635,1.178455869260553,-0.6186341281522577
2.912317967025788,-0.10872221111274906,-4.716045934026161,0.6833707063554363,-1.3784365335328381,1.4228282187370374,-0.2908150907446824,0.1046047952224823,-0.277693887371865,0.7532523712219142,-0.9877068540174169,0.4546418980914542,1.2197808054710153,-1.9186569351986795,0.04096968837786519,-0.16061565499582955,-0.5758251458003253,-2.030636961038929,2.4462414382867848,-0.27496331531460044,1.4366917768589484,-1.5998045539380459,0.2390673986040151,0.6532230574277741,2.4656737918929177,-2.1824572250362904,-1.7538122529378974,1.3756145736595091,0.5634115810422795,0.18719992572725258,-0.15072987779312264,3.00071212121618,-2.3165462277293325,2.2728361942509285,1.7485165409668693,1.7492732955193044,1.6541626055002911,0.08596100334295127,-1.31521407006114,-1.8548635568663654,0.6210396138431102,3.3307520827068853,-1.6484777492193083
-6.315755092898089,0.20672546114417456,10.805633939087528,-0.2938979901667817,4.49822713378267,-1.3617182342143523,1.9549250277209724,-0.8513935749776097,3.7970267580025117,-0.5821840226070152,3.9286638408865766,-0.5435462964188722,-1.9186569351986795,8.38329885523453,-1.1870096114081525,1.4325854241779188,3.2104631037945928,5.441949326969559,-2.9194536305495085,1.2995849675747835,-2.2759067601106913,3.4623927894988316,-0.38933085252491817,0.9398286289621628,-2.9456066624510853,6.906726572715997,1.0027116326744836,-1.1342715255443767,-4.143408778150473,0.47738034353526604,-0.010934574669375188,-8.355329674120048,2.6275910684528596,-5.498798945909163,-4.519966699034002,-4.121380249207593,-1.1212430498513568,0.9232503942898861,6.455662385123555,5.953203236347292,-0.06840082395758815,-7.209763291037228,2.462070071599809
0.4607950435928924,-0.011107562775307132,-0.8672023406473076,-0.14047671832968694,-0.5338071299311614,-0.13555559250584806,-0.32307155673786603,0.14721394597994958,-0.7123847821892425,-0.1007587724295054,-0.5301087899681327,-0.020636132800795053,0.04096968837786519,-1.1870096114081525,0.23625756807272907,-0.25228686939662864,-0.5015571663513319,-0.538528257679715,-0.11205280585460761,-0.1906423272257574,0.05163714696751279,-0.25165842302324515,0.010807869846829292,-0.38967792687508973,-0.11233763279709115,-0.8001283119196155,0.3084809416031445,-0.169185351165574,0.7004169256745972,-0.15521374109319586,0.04683890681257121,0.8614079054526385,0.13479709887051977,0.47885644034433994,0.4289838494902068,0.345381583138383,-0.2542251362686565,-0.21859128878807363,-0.96206587689622,-0.6974293923038821,-0.16921619312264954,0.5242262993232933,-0.027996397748128857
-0.7650310528063258,0.02214772369316056,1.366057801009389,0.08180734314988712,0.693937148471096,0.005359090254651135,0.36760416587867123,-0.16481220213154651,0.7755576966477222,0.0332928105799925,0.6523988108394762,-0.02212207925724623,-0.16061565499582955,1.4325854241779188,-0.25228686939662864,0.2806709475926652,0.5826909383186598,0.7617649127245902,-0.11799333542977086,0.22687963348923293,-0.19274802635166827,0.418701596360168,-0.034400070668462054,0.34664333320627516,-0.11955634596868839,1.0513608525760125,-0.1552249092821427,0.045253155209190016,-0.7905207759203483,0.1451112195773598,-0.034711616149269264,-1.194631375704292,0.081582060583034,-0.7223845856595762,-0.6194206481429424,-0.5316269754425065,0.10779432110046845,0.22148697171837167,1.1380086891053565,0.9118415664566047,0.11801196187625897,-0.8720375947472109,0.18831262305003885
-2.1200970496618767,0.06662742034363905,3.6815911990001275,0.012898533044902004,1.6516338474035204,-0.29528139154239136,0.7805216330454386,-0.3444186251780988,1.5744827431996435,-0.0967880643194644,1.4865212977105404,-0.14092833823849102,-0.5758251458003253,3.2104631037945928,-0.5015571663513319,0.5826909383186598,1.2618715143444177,1.9242766664719648,-0.7561050798328278,0.5022287361676417,-0.6851915599229285,1.1616131253874316,-0.11858012309225609,0.5366883129810472,-0.7634022350646941,2.522545918592855,0.07366565951344736,-0.20721238676019646,-1.6651429866102323,0.24319998338345444,-0.03541945736863942,-2.9781930939074805,0.6571268782300097,-1.8993683856399008,-1.5856074730486978,-1.4142536251038356,-0.1449025551422566,0.41410713937327237,2.5053504727126743,2.17961828780652,0.09704372772182908,-2.4189690782817572,0.7220166165707123
-5.575380645214155,0.1958708211802983,9.270750470295917,-0.8104433415653446,3.27104263463965,-2.0016327325374355,1.1114604664498318,-0.46188117896316794,1.8699886423211356,-1.0017127859242194,2.639432373117743,-0.6850274977707854,-2.030636961038929,5.441949326969559,-0.538528257679715,0.7617649127245902,1.9242766664719648,4.322560803251634,-3.683757296763411,0.8209138184049491,-2.398681381654175,3.059742783067636,-0.40361301511749526,-0.2633061312786872,-3.7143250569536077,5.0888420407089985,2.1840768233407672,-1.8589194577882924,-2.3026530910877616,0.011776668556928757,0.14691811566746737,-6.5186746185739635,3.4309960016114704,-4.5898973106313585,-3.652331862165711,-3.4861343356807066,-2.133609831983928,0.30036088270935407,4.02755229249641,4.359790008818772,-0.6533420876680726,-6.370810712382521,2.689639644445241
5.540716655777709,-0.21177584582436149,-8.872293963236288,1.505624233456819,-2.361359477911931,3.005200573267228,-0.32403974103568434,0.090893874212018,0.02462096002704887,1.6151645357729165,-1.569971508232023,0.9415070386954884,2.4462414382867848,-2.9194536305495085,-0.11205280585460761,-0.11799333542977086,-0.7561050798328278,-3.683757296763411,5.066876282587211,-0.40129169401080206,2.87870591270498,-3.044827523150194,0.47720181049699884,1.6505037646790865,5.10664951040062,-3.775992202742552,-3.8211548704258105,2.9370900721089046,0.5664112677436951,0.5089240343018715,-0.3451011488470465,5.38900936985987,-4.821925300115749,4.225490984469201,3.200487920066591,3.271226179294485,3.5737793211747544,0.3555212019760654,-1.8787051397015406,-3.1947617497095253,1.402750855819927,6.339100792869523,-3.3288465325039396
-0.9367640217604986,0.030314248030644777,1.610374460574882,-0.02783066103212936,0.6872352112258604,-0.179073756227107,0.30758315542515424,-0.13458982085064333,0.6056662130221065,-0.07232651221065267,0.606438569973566,-0.07474194612456864,-0.27496331531460044,1.2995849675747835,-0.1906423272257574,0.22687963348923293,0.5022287361676417,0.8209138184049491,-0.40129169401080206,0.20214738059628165,-0.326376219292919,0.5134584663561722,-0.05601917064136043,0.17070765352072506,-0.4049370971422095,1.0532957947345656,0.11154329626905948,-0.14365259629551455,-0.65336098989885,0.08251426816671548,-0.006068829073974468,-1.2638641117286653,0.3578722793568798,-0.8231541922892665,-0.6801102736920936,-0.6156593728081491,-0.13353111784937252,0.1516678980879261,1.0053808278997871,0.9086606135591554,0.006843732357110303,-1.0691761202246792,0.35038410492356026
3.43559327115032,-0.12808946449469685,-5.565186473063551,0.802540738461497,-1.630616289442766,1.673305234141747,-0.3469629109918331,0.12523885259935766,-0.33707735608738415,0.8855740057865237,-1.170535736097461,0.5350013525121255,1.4366917768589484,-2.2759067601106913,0.05163714696751279,-0.19274802635166827,-0.6851915599229285,-2.398681381654175,2.87870591270498,-0.326376219292919,1.6923897033508533,-1.8872197279276586,0.2816563232868069,0.7635406396656433,2.901611828919496,-2.581101752826069,-2.0604889849190315,1.6172853419026327,0.6734148702785325,0.2181314528876269,-0.17671676705097555,3.5453256621839806,-2.7256499436221313,2.682936254075295,2.064803058492392,2.0645351738360374,1.9440161054070582,0.09805033163778819,-1.5623454006434165,-2.1938766178671973,0.7288063389052402,3.929199493297908,-1.9413651167145705
-4.125647798132992,0.14885495972867566,6.782797605279838,-0.7585876301646756,2.2187471159223318,-1.7116589015262282,0.6454192471623111,-0.25828793942809614,0.956606440176418,-0.8817652754082572,1.7142192968959777,-0.5660593113191641,-1.5998045539380459,3.4623927894988316,-0.25165842302324515,0.418701596360168,1.1616131253874316,3.059742783067636,-3.044827523150194,0.5134584663561722,-1.8872197279276586,2.2650772465507965,-0.31592087480503317,-0.5099107953340497,-3.069576297538315,3.474973361096955,1.9906544394659662,-1.6227559834292846,-1.3132640237284894,-0.10941816171795186,0.15391539963896814,-4.576617415106408,2.85921795768652,-3.3202140236369684,-2.6053130573128183,-2.5358283957460186,-1.9085371126320116,0.07387541569610837,2.498473117366079,2.9680107186297335,-0.654386761280098,-4.716028936634573,2.13905659474311
0.5751421430639805,-0.02138527100611307,-0.9327765408911336,0.13201364859538658,-0.27595235584880506,0.27671590176420024,-0.060697776408084034,0.022201436716077997,-0.06272104494995784,0.1461712582290538,-0.1994802290875268,0.08869486629782528,0.2390673986040151,-0.38933085252491817,0.010807869846829292,-0.034400070668462054,-0.11858012309225609,-0.40361301511749526,0.47720181049699884,-0.05601917064136043,0.2816563232868069,-0.31592087480503317,0.046902162192882735,0.12317259937224642,0.48102189496081593,-0.4363864629585607,-0.33939980281308957,0.2670942552240645,0.11850743258063112,0.03477286837563961,-0.028909776731872235,0.5971496965327372,-0.45155903481825543,0.45025963014453046,0.3470943194708376,0.3462516689422104,0.32056885866467577,0.014233024359324473,-0.2686434429855046,-0.3710784415682725,0.11948499991811687,0.6577277729900052,-0.32279341527224364
0.9235834431467617,-0.04511723577762156,-1.2835524353984733,0.6523578575811283,0.11613959124200716,1.0833130249169456,0.393357364518362,-0.19583325371601254,1.0834269949926172,0.624397789552427,0.34190307782163054,0.30640632009111857,0.6532230574277741,0.9398286289621628,-0.38967792687508973,0.34664333320627516,0.5366883129810472,-0.2633061312786872,1.6505037646790865,0.17070765352072506,0.7635406396656433,-0.5099107953340497,0.12317259937224642,1.0712022465414057,1.6625593206897464,0.10494365129116963,-1.5830887113660146,1.1142104481746105,-0.892576900576186,0.3832568123186538,-0.1716415328426397,0.27401431552029615,-1.613256387715295,0.5118269776683938,0.2875208007990379,0.4345093192187699,1.42881005017353,0.434155995960635,0.9042173414595939,0.11971061393100295,0.6657127511935269,1.0611736455169143,-0.9308383425423329
5.585732667018956,-0.21346471306357206,-8.944692190254269,1.517189578058016,-2.3814319574371505,3.028617479841902,-0.32744110614199545,0.09201161851011944,0.023002244853646978,1.6276618929530398,-1.5837640792300767,0.9489174450440762,2.4656737918929177,-2.9456066624510853,-0.11233763279709115,-0.11955634596868839,-0.7634022350646941,-3.7143250569536077,5.10664951040062,-0.4049370971422095,2.901611828919496,-3.069576297538315,0.48102189496081593,1.6625593206897464,5.146802334913722,-3.8079537445546645,-3.8505507608129803,2.9598898532833253,0.5727205546465194,0.5125392045262731,-0.3476829568498694,5.433850663548853,-4.859706841705398,4.26014851231228,3.226909213412439,3.297967905401748,3.6013825407625646,0.35778542192482943,-1.8960222311881536,-3.221831671734035,1.413412855642501,6.390565987614862,-3.355219810887051
-6.334172110021134,0.2175855467010985,10.631625989557344,-0.7170330757104139,3.974984525047784,-1.9784500324991072,1.4898500151004013,-0.6318569164912745,2.6723946968147696,-0.9576903868542638,3.305032529390852,-0.7023922855350054,-2.1824572250362904,6.906726572715997,-0.8001283119196155,1.0513608525760125,2.522545918592855,5.0888420407089985,-3.775992202742552,1.0532957947345656,-2.581101752826069,3.474973361096955,-0.4363864629585607,0.10494365129116963,-3.8079537445546645,6.15418416586839,2.0011054831730224,-1.7948379682098317,-3.1170119554160007,0.1648271323649251,0.10903460888056982,-7.722777789775904,3.4870275332043628,-5.312288329079331,-4.27429505869401,-4.016833077242826,-2.0011059854718747,0.5315184110262298,5.193614770967295,5.284245349897838,-0.5230324905122584,-7.2355688036350525,2.8648442732159034
-3.619675169727427,0.14461798736633355,5.672246536368978,-1.2381707359738225,1.219392455094857,-2.3325870950211613,-0.071973204831532,0.07440044373989377,-0.7004866746754812,-1.2803276553977316,0.642860051508082,-0.7098573877262079,-1.7538122529378974,1.0027116326744836,0.3084809416031445,-0.1552249092821427,0.07366565951344736,2.1840768233407672,-3.8211548704258105,0.11154329626905948,-2.0604889849190315,1.9906544394659662,-0.33939980281308957,-1.5830887113660146,-3.8505507608129803,2.0011054831730224,3.0963549149304823,-2.314852959144178,0.2558994171560818,-0.5217528846396124,0.29787026286388335,-3.1247305520562185,3.663418781254733,-2.6383678809782274,-1.9348940151150773,-2.066828322671435,-2.8630102527401062,-0.4700078655845889,0.45532470544150866,1.6734952173607818,-1.1902778496168145,-4.144116717719797,2.4130941273856634
2.9516706379868554,-0.11570870841431445,-4.668829544985037,0.920542110539128,-1.1075181075390688,1.7728212614361865,-0.04059282326083163,-0.013841539451068733,0.3316526740057527,0.9652538619276828,-0.6582248358757684,0.5456766951232107,1.3756145736595091,-1.1342715255443767,-0.169185351165574,0.045253155209190016,-0.20721238676019646,-1.8589194577882924,2.9370900721089046,-0.14365259629551455,1.6172853419026327,-1.6227559834292846,0.2670942552240645,1.1142104481746105,2.9598898532833253,-1.7948379682098317,-2.314852959144178,1.7490070014629915,0.010451599884462306,0.35918573896459344,-0.21751868113570286,2.6866155342268527,-2.8076579362608722,2.1942078145939545,1.6323877369632152,1.7099707903825816,2.14971101737202,0.30003399938500874,-0.64155206811223775,-1.5094298288647126,0.8747416618268089,3.3783297742752847,-1.884305797611395
2.3984403621983374,-0.07187247884301624,-4.234954518468276,-0.15849054828803083,-2.051225730309912,0.1252339280241166,-1.0434004590755086,0.465282109369648,-2.1681630623182873,-0.017861046914026815,-1.898089401941083,0.10584407198181173,0.5634115810422795,-4.143408778150473,0.7004169256745972,-0.7905207759203483,-1.6651429866102323,-2.3026530910877616,0.5664112677436951,-0.65336098989885,0.6734148702785325,-1.3132640237284894,0.11850743258063112,-0.892576900576186,0.5727205546465194,-3.1170119554160007,0.2558994171560818,0.010451599884462306,2.2376355195199658,-0.38211495394148043,0.08097771114549895,3.593012363679696,-0.45315508449616915,2.2177387984349166,1.8819624382276723,1.6396283558936882,-0.13478498054825078,-0.6028723880169771,-3.2707241741097826,-2.6996319507782403,-0.2646340992490959,2.7348939668513053,-0.6820093504346287
0.19735477835506268,-0.011578000800264715,-0.2363609761332983,0.21725083167019194,0.12366497424127607,0.3444081118776147,0.17077680548093516,-0.0827486955351641,0.440773759300016,0.20224573716641392,0.19010712057132687,0.09445773015932571,0.18719992572725258,0.47738034353526604,-0.15521374109319586,0.1451112195773598,0.24319998338345444,0.011776668556928757,0.5089240343018715,0.08251426816671548,0.2181314528876269,-0.10941816171795186,0.03477286837563961,0.3832568123186538,0.5125392045262731,0.1648271323649251,-0.5217528846396124,0.35918573896459344,-0.38211495394148043,0.13978456243062745,-0.05883475714812243,-0.06247882905158363,-0.501667880201085,0.07202303407560508,0.013759886171669395,0.0713688017723888,0.4668385398497887,0.16548213892352334,0.4292893680182092,0.15203877295517332,0.22599271828715475,0.2276014750463233,-0.2717934332234782
-0.2796000909332275,0.011819506073902782,0.4260155945546246,-0.12055284863889017,0.06258462927707303,-0.21629303894169855,-0.03326790796783142,0.01881893681584546,-0.12099347844648813,-0.12086581607161341,0.01222471180727164,-0.06409929187537763,-0.15072987779312264,-0.010934574669375188,0.04683890681257121,-0.034711616149269264,-0.03541945736863942,0.14691811566746737,-0.3451011488470465,-0.006068829073974468,-0.17671676705097555,0.15391539963896814,-0.028909776731872235,-0.1716415328426397,-0.3476829568498694,0.10903460888056982,0.29787026286388335,-0.21751868113570286,0.08097771114549895,-0.05883475714812243,0.030127063618941893,-0.20269449048741617,0.33314970226750173,-0.19185237537655642,-0.1342351048144444,-0.15279570352961613,-0.2727968515416278,-0.05956373177616008,-0.040321427224743855,0.08884563973784364,-0.11871676172545684,-0.3203776372873494,0.2097019543730885
8.340022423083207,-0.29160736895864636,-13.897191443168554,1.1519346292458073,-4.96979783609018,2.906517273888302,-1.7300213759723977,0.7227017863504258,-2.9598508144152973,1.4448320063717692,-4.039098941702927,1.0022019988701167,3.00071212121618,-8.355329674120048,0.8614079054526385,-1.194631375704292,-2.9781930939074805,-6.5186746185739635,5.38900936985987,-1.2638641117286653,3.5453256621839806,-4.576617415106408,0.5971496965327372,0.27401431552029615,5.433850663548853,-7.722777789775904,-3.1247305520562185,2.6866155342268527,3.593012363679696,-0.06247882905158363,-0.20269449048741617,9.845147222736864,-5.010398855267093,6.894847387239602,5.500502905286693,5.23151486452768,3.066158599136586,-0.5057201849557882,-6.207951780245268,-6.619906486083113,0.9122810929014391,9.529206224137909,-3.9667295213081486
-5.202609556418149,0.19964431706364827,8.315303993495078,-1.445758879161188,2.1766271633979737,-2.8682501271187406,0.26860865656237265,-0.06853270131090107,-0.10916092519858489,-1.544900360028907,1.4260441353196718,-0.8959730051258998,-2.3165462277293325,2.6275910684528596,0.13479709887051977,0.081582060583034,0.6571268782300097,3.4309960016114704,-4.821925300115749,0.3578722793568798,-2.7256499436221313,2.85921795768652,-0.45155903481825543,-1.613256387715295,-4.859706841705398,3.4870275332043628,3.663418781254733,-2.8076579362608722,-0.45315508449616915,-0.501667880201085,0.33314970226750173,-5.010398855267093,4.592211860609636,-3.952291658131972,-2.9855858939593225,-3.062779191367741,-3.4221172378056615,-0.3637212343615685,1.6669984160463813,2.947814267625317,-1.3515844693510097,-5.952630059976587,3.1556799581314063
6.048777261619122,-0.21531311838073444,-10.002432841830466,0.9932893936401771,-3.403966987083971,2.337055930376586,-1.078751870400091,0.4411587195993907,-1.7221797061253137,1.1876477907647813,-2.6920589014020586,0.7856453668970734,2.2728361942509285,-5.498798945909163,0.47885644034433994,-0.7223845856595762,-1.8993683856399008,-4.5898973106313585,4.225490984469201,-0.8231541922892665,2.682936254075295,-3.3202140236369684,0.45025963014453046,0.5118269776683938,4.26014851231228,-5.312288329079331,-2.6383678809782274,2.1942078145939545,2.2177387984349166,0.07202303407560508,-0.19185237537655642,6.894847387239602,-3.952291658131972,4.924934352181837,3.892592849537348,3.7507016066481826,2.5514633431412856,-0.2193675255380511,-4.0236942120335835,-4.544684443709629,0.8315120679970883,6.913067206042529,-3.024833393890782
4.746973299066814,-0.1676059109449626,-7.877711829819394,0.7219965821563578,-2.744472781286009,1.750574221854797,-0.9107704498580713,0.3764859859816698,-1.5063305037065853,0.8810477794685858,-2.199224923259912,0.5951350859793546,1.7485165409668693,-4.519966699034002,0.4289838494902068,-0.6194206481429424,-1.5856074730486978,-3.652331862165711,3.200487920066591,-0.6801102736920936,2.064803058492392,-2.6053130573128183,0.3470943194708376,0.2875208007990379,3.226909213412439,-4.27429505869401,-1.9348940151150773,1.6323877369632152,1.8819624382276723,0.013759886171669395,-0.1342351048144444,5.500502905286693,-2.9855858939593225,3.892592849537348,3.0901352872496433,2.959369471099224,1.8828681278761457,-0.22588841585417266,-3.3322587428961596,-3.660134973951609,0.5906236262810348,5.424575425142717,-2.3199062684831944
4.619545842154015,-0.1649916550321475,-7.628313110138515,0.7805873634943848,-2.5717315287506577,1.816762651990882,-0.7993568268341829,0.3253597129310294,-1.2561381654062753,0.9264707411845562,-2.0228913477284296,0.608195186275282,1.7492732955193044,-4.121380249207593,0.345381583138383,-0.5316269754425065,-1.4142536251038356,-3.4861343356807066,3.271226179294485,-0.6156593728081491,2.0645351738360374,-2.5358283957460186,0.3462516689422104,0.4345093192187699,3.297967905401748,-4.016833077242826,-2.066828322671435,1.7099707903825816,1.6396283558936882,0.0713688017723888,-0.15279570352961613,5.23151486452768,-3.062779191367741,3.7507016066481826,2.959369471099224,2.85841462462193,1.9942430444844794,-0.1469938893886045,-3.0062598698383174,-3.435115213986872,0.658701836191758,5.279876143816607,-2.3307174581954513
3.4708447851027255,-0.13753463234215108,-5.460926349019342,1.1422692009455016,-1.2263640562243834,2.1714259464665306,0.018921236297344098,-0.0477136829842478,0.5507988183160861,1.1879449134561315,-0.6840588835804418,0.6639253969756976,1.6541626055002911,-1.1212430498513568,-0.2542251362686565,0.10779432110046845,-0.1449025551422566,-2.133609831983928,3.5737793211747544,-0.13353111784937252,1.9440161054070582,-1.9085371126320116,0.32056885866467577,1.42881005017353,3.6013825407625646,-2.0011059854718747,-2.8630102527401062,2.14971101737202,-0.13478498054825078,0.4668385398497887,-0.2727968515416278,3.066158599136586,-3.4221172378056615,2.5514633431412856,1.8828681278761457,1.9942430444844794,2.6519635053230926,0.40866890735501726,-0.5730019649713907,-1.6777424702920827,1.0929539626057545,3.9732261690453967,-2.271761160345282
-0.13699992827376106,-6.438035080992657e-4,0.3359866870730257,0.20227628268153275,0.3625347391996003,0.27314836400519626,0.27491493105004494,-0.12812066908791425,0.643358549416606,0.17193265830244117,0.3989580771168384,0.06590406549495949,0.08596100334295127,0.9232503942898861,-0.21859128878807363,0.22148697171837167,0.41410713937327237,0.30036088270935407,0.3555212019760654,0.1516678980879261,0.09805033163778819,0.07387541569610837,0.014233024359324473,0.434155995960635,0.35778542192482943,0.5315184110262298,-0.4700078655845889,0.30003399938500874,-0.6028723880169771,0.16548213892352334,-0.05956373177616008,-0.5057201849557882,-0.3637212343615685,-0.2193675255380511,-0.22588841585417266,-0.1469938893886045,0.40866890735501726,0.21490802062326397,0.7728191564400916,0.4681409050160726,0.2229934664466676,-0.15410283141881692,-0.14198087287552785
-4.558710750240559,0.14635660060035452,7.855026575339474,-0.0981869867035659,3.3914417045801626,-0.8176743702155417,1.5379247790694002,-0.6743587842058144,3.0468763906552154,-0.3195850274778798,3.006971020540737,-0.3499090618438269,-1.31521407006114,6.455662385123555,-0.96206587689622,1.1380086891053565,2.5053504727126743,4.02755229249641,-1.8787051397015406,1.0053808278997871,-1.5623454006434165,2.498473117366079,-0.2686434429855046,0.9042173414595939,-1.8960222311881536,5.193614770967295,0.45532470544150866,-0.64155206811223775,-3.2707241741097826,0.4292893680182092,-0.040321427224743855,-6.207951780245268,1.6669984160463813,-4.0236942120335835,-3.3322587428961596,-3.0062598698383174,-0.5730019649713907,0.7728191564400916,5.005148355559282,4.482034892161366,0.07315193373051858,-5.202824847855193,1.6705097348519868
-5.41025631690127,0.1855046115487198,9.088232641811535,-0.5972952038358609,3.414427850244935,-1.667867925976116,1.2894489021537345,-0.5476614331937392,2.323376993551321,-0.8045600247716773,2.8457443651141796,-0.5942915984003335,-1.8548635568663654,5.953203236347292,-0.6974293923038821,0.9118415664566047,2.17961828780652,4.359790008818772,-3.1947617497095253,0.9086606135591554,-2.1938766178671973,2.9680107186297335,-0.3710784415682725,0.11971061393100295,-3.221831671734035,5.284245349897838,1.6734952173607818,-1.5094298288647126,-2.6996319507782403,0.15203877295517332,0.08884563973784364,-6.619906486083113,2.947814267625317,-4.544684443709629,-3.660134973951609,-3.435115213986872,-1.6777424702920827,0.4681409050160726,4.482034892161366,4.5381186477581315,-0.43042534622427026,-6.179983372053,2.4327723174551696
1.1891101042785786,-0.04929418393775912,-1.8276575994725264,0.4801864612550023,-0.3073191369163381,0.8728284178517398,0.10550336113666292,-0.06304568088117325,0.4276061520952656,0.4855992951354284,-0.10075551176702258,0.26054492170753635,0.6210396138431102,-0.06840082395758815,-0.16921619312264954,0.11801196187625897,0.09704372772182908,-0.6533420876680726,1.402750855819927,0.006843732357110303,0.7288063389052402,-0.654386761280098,0.11948499991811687,0.6657127511935269,1.413412855642501,-0.5230324905122584,-1.1902778496168145,0.8747416618268089,-0.2646340992490959,0.22599271828715475,-0.11871676172545684,0.9122810929014391,-1.3515844693510097,0.8315120679970883,0.5906236262810348,0.658701836191758,1.0929539626057545,0.2229934664466676,0.07315193373051858,-0.43042534622427026,0.47003944833245503,1.362210193350237,-0.861514589695531
8.589872627846809,-0.30987782582641266,-14.12245001919869,1.5791166296465178,-4.619896779117245,3.563443463824425,-1.3440429254303095,0.5378718781383487,-1.9924012726407438,1.8357676106978755,-3.5695052328741435,1.178455869260553,3.3307520827068853,-7.209763291037228,0.5242262993232933,-0.8720375947472109,-2.4189690782817572,-6.370810712382521,6.339100792869523,-1.0691761202246792,3.929199493297908,-4.716028936634573,0.6577277729900052,1.0611736455169143,6.390565987614862,-7.2355688036350525,-4.144116717719797,3.3783297742752847,2.7348939668513053,0.2276014750463233,-0.3203776372873494,9.529206224137909,-5.952630059976587,6.913067206042529,5.424575425142717,5.279876143816607,3.9732261690453967,-0.15410283141881692,-5.202824847855193,-6.179983372053,1.362210193350237,9.819192324313173,-4.45347751313994
-3.893715074155102,0.14601506402163283,6.291173185501539,-0.9425917802534043,1.8060969292900808,-1.9443348030507726,0.35644215546324454,-0.12457922332514014,0.29324960850653126,-1.032848740775178,1.2769530677256602,-0.6186341281522577,-1.6484777492193083,2.462070071599809,-0.027996397748128857,0.18831262305003885,0.7220166165707123,2.689639644445241,-3.3288465325039396,0.35038410492356026,-1.9413651167145705,2.13905659474311,-0.32279341527224364,-0.9308383425423329,-3.355219810887051,2.8648442732159034,2.4130941273856634,-1.884305797611395,-0.6820093504346287,-0.2717934332234782,0.2097019543730885,-3.9667295213081486,3.1556799581314063,-3.024833393890782,-2.3199062684831944,-2.3307174581954513,-2.271761160345282,-0.14198087287552785,1.6705097348519868,2.4327723174551696,-0.861514589695531,-4.45347751313994,2.2311670906270606
