V1,V2,V3,V4,V5,V6,V7,V8,V9,V10,V11,V12,V13,V14,V15,V16,V17,V18,V19,V20,V21,V22,V23,V24,V25,V26,V27,V28,V29,V30,V31,V32,V33,V34,V35,V36,V37,V38,V39,V40,V41,V42,V43,V44
1.2429424178906014,-0.07765371633427698,2.3795931229057437,2.678470178014048,-2.80297076387028,0.11439654136497354,1.8593145443987085,0.3332722180786008,1.6373184738290911,-2.248491713531455,0.8991933690109211,-2.1900744738337052,-1.296305092046688,2.028022994029363,-3.49361181170242,-5.541687020420897,-3.1761801813173673,-2.2758577948443537,-4.280227509566938,-0.12235214031056395,-1.5721475728786842,0.07250276923286185,3.5676707067206297,-5.209598922949706,1.4503213892287892,0.6601834272473124,-2.0700552534396053,1.2073886176799364,1.6027916714865242,-0.2589269505738431,4.28192310397163,-0.4285846541549648,0.7424739992744246,-2.3978426297992237,-1.3271013568718795,2.248694058270709,1.4762155091592544,2.9045779541422205,-2.6083980829142592,-2.5989395793494983,-0.9908897056199371,1.0372894845098597,-0.881383103736923,-1.5782874012924801
-0.07765371633427698,0.7276831364892211,-0.5823690607255019,-1.0483373012810184,2.468933656056595,1.2114720752932218,-0.7800577177483322,-0.7016222682782044,-0.5891653922368676,1.6256715624013727,0.19732551127352602,2.277781994459431,1.30946927702892,0.2517050958118065,2.6262488172167107,3.9085751037722085,2.0358825035144226,2.3217153584459886,3.624121127936597,0.33517178681408033,2.1087123036449755,-0.4620831321525933,-2.4165674094338305,2.613061650394113,-1.039242465098809,-1.526469341466353,1.7958685385567568,-1.9119541660154764,-3.2071511123970753,1.438839583873513,-3.632011454578082,1.1319456435446007,-1.8045182692478179,1.1557694656451245,-0.2278999378708562,-0.5653295989414561,-0.48183816752857195,-2.853158933846574,2.290854197595691,2.3101850830863433,0.7098079605786056,-1.169236871504256,-0.36738575115747596,0.5998933129689742
2.3795931229057437,-0.5823690607255019,5.010301429438234,5.9809932114059015,-7.032574877872282,-0.5381986532620553,4.207586649995434,1.1206414080220084,3.5327261348261243,-5.549597260106476,1.6219950196734882,-5.718835222545912,-3.3534213068857035,3.8057457180884526,-8.449663221858923,-13.381465279502018,-7.554819550567783,-5.9589159938398915,-10.622353882283049,-0.4468187668629688,-4.460211431687186,0.36693197465482996,8.490639792130361,-11.732495187758413,3.488717920356256,2.260962180359,-5.179831072057318,3.5505500794042835,5.191766860655124,-1.3923833972952218,10.73289733024191,-1.5179764552182218,2.6852009089287785,-5.385526754559608,-2.4198327147654144,4.730551043032254,3.2208091097395397,7.553482925680251,-6.588756154845665,-6.489955230627301,-2.326362584597536,2.7285285632273477,-1.452025302702634,-3.377091051509048
2.678470178014048,-1.0483373012810184,5.9809932114059015,7.489862911462004,-9.471768553175258,-1.3646127635143073,5.305160619024825,1.735279336780379,4.302132819731419,-7.421332797456094,1.6616012518243066,-7.834255066718572,-4.665862720478194,4.07033935968041,-11.160383875691078,-17.64691948742559,-9.86797836577518,-8.272089388330366,-14.26954118616303,-0.7325080685567407,-6.5430268874525765,0.5926950599508025,11.064577647182029,-14.853671336478092,4.628665501835628,3.5594685185901422,-7.028918646234238,5.177361516680766,7.914524639293063,-2.4866073711554124,14.504073435642402,-2.4066832306902013,4.266923988208753,-6.856854629425042,-2.5537952288233514,5.667910617740655,3.979838917047555,10.382167651683545,-8.906090752193952,-8.759182089475594,-3.0697611092946286,3.8572493892989184,-1.3329329262821537,-4.147279650063087
-2.80297076387028,2.468933656056595,-7.032574877872282,-9.471768553175258,14.477716290523592,3.8828176758982638,-6.8186815507849765,-3.156082759511392,-5.358284714184956,10.737566894436531,-1.1889145064183553,12.50826609116918,7.428559083634911,-3.3082265315720063,16.463540223536025,25.438288200367392,13.910725931039241,12.98150241015632,21.65591221902834,1.4892805744296045,10.987156706972451,-1.4739193630880045,-15.836337839107394,20.150723650366718,-6.7712012240025254,-6.797771407698712,10.726911162774874,-9.200978135874966,-14.523544996022151,5.494668098046858,-21.765385269436727,4.841667831391307,-7.944598106032511,9.221808404200802,2.010119805446105,-6.616087886362148,-4.899424151958208,-16.140977055410854,13.509386071875808,13.481266134132204,4.68146384069196,-6.303234065844053,0.41657517733744703,5.4762689104507984
0.11439654136497354,1.2114720752932218,-0.5381986532620553,-1.3646127635143073,3.8828176758982638,2.2178098687525587,-1.0780686061125684,-1.1942981581343877,-0.6636906578771034,2.5896004825715133,0.573833504886044,3.647718531123666,2.1989157571263434,0.9643860587877443,4.034903513659367,5.968695022788466,3.070364768939815,3.796184709594788,5.719908138858284,0.6121655664454287,3.697435200898138,-0.7297556651842122,-3.6082845314499945,3.7511810547939866,-1.637727176094236,-2.6957242155791414,2.9046378888923465,-3.228683105477148,-5.491343236295839,2.579753979943339,-5.754397122573901,2.0036758016831255,-3.160340444174207,1.6949050707747766,-0.719801447400244,-0.5224468772222143,-0.595823693813352,-4.574625252287425,3.635260138357365,3.6739453474699384,1.16785382627415,-1.9776484235335527,-0.9239250178160344,0.8286607121062061
1.8593145443987085,-0.7800577177483322,4.207586649995434,5.305160619024825,-6.8186815507849765,-1.0780686061125684,3.8088884134774768,1.2686994206989122,3.005008730886979,-5.346013035074759,1.1120245868617604,-5.639010846166909,-3.403581383109757,2.7694107025278147,-7.982873640657195,-12.661971190224921,-7.064516997031739,-5.996544848334604,-10.27709119115488,-0.5437811293889543,-4.841715654960152,0.44729172581419174,7.924791483823441,-10.601666642084572,3.3308244341350606,2.6578871279667,-5.097423071868891,3.79297350563038,5.825474384004491,-1.8870593804863787,10.44684988942266,-1.7807680891261095,3.2037237759307957,-4.900807609785431,-1.722687351185646,3.9969674140944633,2.8315857588823223,7.508587612193664,-6.42130573891911,-6.299692924873178,-2.200290863642237,2.826879839720444,-0.8694199939533543,-2.9397773905155327
0.3332722180786008,-0.7016222682782044,1.1206414080220084,1.735279336780379,-3.156082759511392,-1.1942981581343877,1.2686994206989122,0.8152796626933858,0.9450959774514404,-2.285254087687892,-0.018166804352327683,-2.7984985106495768,-1.6774170028565802,0.17151767664896472,-3.4709965315654325,-5.336238360565188,-2.862340784996304,-2.9571912924769173,-4.709167729709289,-0.38933292126177155,-2.6440902110172133,0.4044592498888257,3.2548331470625467,-3.869733360571846,1.4323349399930332,1.7542925170867574,-2.353193188786125,2.2219450084692713,3.6614125373739683,-1.5290277842951214,4.759995677925114,-1.242770582955682,2.0783194675543504,-1.7830237972037393,-0.06440111464281158,1.0666760909077317,0.8513552284138726,3.6204653741155113,-2.9625347299427665,-2.9475170712042162,-0.9743252490757053,1.4660908803075734,0.2259212758914496,-0.9651116900777894
1.6373184738290911,-0.5891653922368676,3.5327261348261243,4.302132819731419,-5.358284714184956,-0.6636906578771034,3.005008730886979,0.9450959774514404,2.609694947601572,-4.164448119877914,1.0684920268844238,-4.419391228530335,-2.5297841924586657,2.5784299923501623,-6.3855836130799135,-10.043800767205106,-5.649642320417937,-4.627632514432887,-8.090507777663337,-0.351982353842947,-3.4852841293935524,0.38788974880917104,6.352829388129801,-8.570934631961517,2.6055593943301107,1.8576124622999532,-3.923696646487609,2.8311250005434156,4.265609195636141,-1.2833302939383187,8.229664347931484,-1.2979638379836773,2.235525781868134,-3.923321460326637,-1.5885490408931586,3.3624662696712493,2.263189232182953,5.782483020214329,-5.053638501148195,-4.9717017769585645,-1.724130016594722,2.1100510226417897,-0.9494095060039072,-2.3878210414425394
-2.248491713531455,1.6256715624013727,-5.549597260106476,-7.421332797456094,10.737566894436531,2.5896004825715133,-5.346013035074759,-2.285254087687892,-4.164448119877914,8.252256679512806,-1.089741824296679,9.174318166308586,5.508715241498777,-2.925891035126161,12.319183355408715,19.257746431451668,10.630178483187287,9.686927845270386,16.141479637370725,1.0362103646020893,8.169526254609357,-0.916598011971596,-11.930251401561105,15.40702806881785,-5.120727568065006,-4.850716340835768,8.02704811861461,-6.58969034097603,-10.394792804147006,3.81375331283341,-16.379178090300215,3.4030813872669654,-5.762818400372163,7.121057856521657,1.7646982026359839,-5.232924359274906,-3.8513609053083457,-11.977069751971532,10.136271051770594,9.993903884288187,3.48539308011087,-4.641461678184963,0.5357124426091453,4.174697352811891
0.8991933690109211,0.19732551127352602,1.6219950196734882,1.6616012518243066,-1.1889145064183553,0.573833504886044,1.1120245868617604,-0.018166804352327683,1.0684920268844238,-1.089741824296679,0.8209725763232419,-0.8406521679045924,-0.40760198979160744,1.7403875900901287,-1.6695866884445276,-2.7166200915446903,-1.6462909818876923,-0.7998550871549251,-1.8301273326418326,0.0672735386127192,-0.235429905753025,-0.09033016307740836,1.8305784747693075,-2.9166129103358425,0.661589406452791,-0.1776740357258373,-0.8270727253539963,0.15473160932500246,-0.06111346410111861,0.411075942812965,1.8639813279285913,0.1176923886795388,-0.20200773164507857,-1.3188560950378538,-1.12250033738525,1.5067171639742474,0.9344413227422078,1.1036131367366186,-1.1202001409046227,-1.0736688504103686,-0.4494652455354985,0.25194573950693744,-0.8727527815842797,-0.9340903532611582
-2.1900744738337052,2.277781994459431,-5.718835222545912,-7.834255066718572,12.50826609116918,3.647718531123666,-5.639010846166909,-2.7984985106495768,-4.419391228530335,9.174318166308586,-0.8406521679045924,10.977704291635968,6.454677101897303,-2.3751418007140215,14.145815169530707,21.6480216504453,11.78993530351474,11.2135228803859,18.64749417441613,1.354755795113809,9.560150622180421,-1.3631685210279476,-13.49073969561859,16.94943044120759,-5.775925366416529,-6.058562754465692,9.219484414823322,-8.187412702078385,-12.938662157798452,5.00981079982289,-18.665060260681994,4.4241075675782815,-7.010207042655261,7.710548836630219,1.4270470047134896,-5.311930042204364,-4.016916417479175,-13.959927773958512,11.64663256948939,11.666611303922204,4.088001050370523,-5.452947559299802,0.07186739534190481,4.626237324104386
-1.296305092046688,1.30946927702892,-3.3534213068857035,-4.665862720478194,7.428559083634911,2.1989157571263434,-3.403581383109757,-1.6774170028565802,-2.5297841924586657,5.508715241498777,-0.40760198979160744,6.454677101897303,4.002046480878421,-1.2559988233320465,8.369695512302814,12.914756568186686,7.026367589950761,6.7502881610098076,11.136510361467458,0.853903466017198,5.978007916433805,-0.7291323285923571,-7.975402162335455,10.127829153610824,-3.508269377375649,-3.749734607203845,5.591563756389439,-4.897745496473921,-7.797410292070577,3.0743072213174436,-11.128837526893106,2.6298933345781896,-4.332854762813379,4.684414336470255,0.792746755482291,-3.136929346506002,-2.424964372931066,-8.364621067298563,6.935476381630146,6.943065448170248,2.4590580341069637,-3.3833196518554276,-0.08423562219562221,2.7875660978613652
2.028022994029363,0.2517050958118065,3.8057457180884526,4.07033935968041,-3.3082265315720063,0.9643860587877443,2.7694107025278147,0.17151767664896472,2.5784299923501623,-2.925891035126161,1.7403875900901287,-2.3751418007140215,-1.2559988233320465,3.871165137258086,-4.402509114397464,-7.258237100413257,-4.311900517450814,-2.5017845730306583,-5.086152103116653,0.08486971912092553,-1.206809875813274,-0.09903632655675056,4.750045031569931,-7.233718175678986,1.790859675559327,0.04722133389738707,-2.3699788142477334,0.7935888326361827,0.7185818854615996,0.5289944305652755,5.267185790322034,0.056914657375970165,0.17498736612628066,-3.3141360621455482,-2.450324220591657,3.622512720702233,2.2481645544703186,3.279126735226054,-3.158784415501897,-2.99427738667948,-1.0904166334201364,0.9247635507871862,-1.8880537150715222,-2.1600822007608738
-3.49361181170242,2.6262488172167107,-8.449663221858923,-11.160383875691078,16.463540223536025,4.034903513659367,-7.982873640657195,-3.4709965315654325,-6.3855836130799135,12.319183355408715,-1.6695866884445276,14.145815169530707,8.369695512302814,-4.402509114397464,18.89325871416959,29.219539359286514,16.060758510626492,14.673338884640803,24.67283554826836,1.610786616169648,12.22675599273219,-1.5799604325310226,-18.2554129721047,23.495369373200862,-7.758706773924108,-7.405259190574166,12.18611121652854,-10.186408559702377,-15.975387714840828,5.885252334397317,-24.8386289377955,5.2976771126566815,-8.64988917185375,10.759501270242904,2.6947141554906096,-7.947943139062675,-5.795400484627567,-18.252298081411915,15.394130760488553,15.34634212821729,5.371233395959446,-7.068792962259517,0.8402930975551209,6.452578261926109
-5.541687020420897,3.9085751037722085,-13.381465279502018,-17.64691948742559,25.438288200367392,5.968695022788466,-12.661971190224921,-5.336238360565188,-10.043800767205106,19.257746431451668,-2.7166200915446903,21.6480216504453,12.914756568186686,-7.258237100413257,29.219539359286514,45.599178591951436,25.12117556437003,22.771660700988505,38.20036466679966,2.4106718253187878,18.96048687207793,-2.3097746018816627,-28.392972591047144,36.67807721370378,-12.081513009748265,-11.312857184015325,18.914738935056306,-15.49266074153568,-24.367227303249106,8.861469229964335,-38.62929482226869,7.897093761811359,-13.40049499194912,16.87807242472412,4.4204046929356835,-12.678032847423589,-9.186660772553585,-28.279046151443325,23.87615437300537,23.649738948351985,8.175132772799513,-10.934660483401203,1.5429807053541886,9.960504660309853
-3.1761801813173673,2.0358825035144226,-7.554819550567783,-9.86797836577518,13.910725931039241,3.070364768939815,-7.064516997031739,-2.862340784996304,-5.649642320417937,10.630178483187287,-1.6462909818876923,11.78993530351474,7.026367589950761,-4.311900517450814,16.060758510626492,25.12117556437003,13.896897405930813,12.431005321473725,20.92132182106333,1.266008010231954,10.269926671033055,-1.1997564816883481,-15.653492413348454,20.364380252780265,-6.646399605431887,-6.026669229539482,10.349410070134612,-8.325277216563725,-13.045977580878906,4.662217554733833,-21.20641231032506,4.203810492830252,-7.167106792763374,9.38160740402829,2.6209750690923075,-7.160903814563201,-5.142972262347909,-15.42002499357337,13.101012429847724,12.93791332927925,4.47990326309735,-5.9300389200869,1.0324282461507082,5.547396287277705
-2.2758577948443537,2.3217153584459886,-5.9589159938398915,-8.272089388330366,12.98150241015632,3.796184709594788,-5.996544848334604,-2.9571912924769173,-4.627632514432887,9.686927845270386,-0.7998550871549251,11.2135228803859,6.7502881610098076,-2.5017845730306583,14.673338884640803,22.771660700988505,12.431005321473725,11.869349879386581,19.471306226014185,1.3743947535721257,10.230172231594686,-1.3613076665498156,-14.07596980335371,17.688438790563623,-6.078654098945276,-6.360884101273578,9.700783213939486,-8.388846769889641,-13.469800927268913,5.241915768408143,-19.71227446400721,4.477398122815467,-7.533637317353736,8.157370443226975,1.4476137940593743,-5.669396999925141,-4.233827120889867,-14.604969580045715,12.212928678264808,12.118296919833366,4.130843392792788,-5.799076718479928,0.10664048122559243,4.676518918543543
-4.280227509566938,3.624121127936597,-10.622353882283049,-14.26954118616303,21.65591221902834,5.719908138858284,-10.27709119115488,-4.709167729709289,-8.090507777663337,16.141479637370725,-1.8301273326418326,18.64749417441613,11.136510361467458,-5.086152103116653,24.67283554826836,38.20036466679966,20.92132182106333,19.471306226014185,32.475691719532186,2.212989773008242,16.496924898289688,-2.16096716650899,-23.753698272990306,30.34495202241816,-10.185499726028015,-10.142318630333715,16.101363201285906,-13.692400762992069,-21.617286845916993,8.162551504929628,-32.66344087587368,7.181885075798039,-11.863063295027896,13.931363731021667,3.0942438205294818,-10.012557852011696,-7.381969360876548,-24.142727931016925,20.254364541142408,20.186041099647674,7.029159843036747,-9.472228225148823,0.6952662263206578,8.246951560244305
-0.12235214031056395,0.33517178681408033,-0.4468187668629688,-0.7325080685567407,1.4892805744296045,0.6121655664454287,-0.5437811293889543,-0.38933292126177155,-0.351982353842947,1.0362103646020893,0.0672735386127192,1.354755795113809,0.853903466017198,0.08486971912092553,1.610786616169648,2.4106718253187878,1.266008010231954,1.3743947535721257,2.212989773008242,0.23900811113144613,1.3073243419164526,-0.17367006800455304,-1.4549678370566645,1.7566333706628743,-0.6834285748729753,-0.9213642752888688,1.1184037917531697,-1.1387835958160486,-1.830218885664184,0.7857248963313688,-2.13959655695481,0.647106229496261,-1.008175531426867,0.8135307730816869,-0.02084373181134243,-0.3886136579804778,-0.36769490004498345,-1.7143898169566358,1.3505804123112708,1.3988074267431427,0.5189137805742728,-0.7283932276565613,-0.22135935895109338,0.49835607774853236
-1.5721475728786842,2.1087123036449755,-4.460211431687186,-6.5430268874525765,10.987156706972451,3.697435200898138,-4.841715654960152,-2.6440902110172133,-3.4852841293935524,8.169526254609357,-0.235429905753025,9.560150622180421,5.978007916433805,-1.206809875813274,12.22675599273219,18.96048687207793,10.269926671033055,10.230172231594686,16.496924898289688,1.3073243419164526,9.291796365392582,-1.1684291711533648,-11.580699281443893,14.40174398935094,-5.155461104634731,-5.893472893309244,8.351625017137795,-7.465139338473865,-12.123552187118802,4.960573166470871,-16.64903375748887,4.098583193357441,-6.930967911900911,6.711183761775651,0.6769128146238055,-4.247878182438423,-3.3506186495218127,-12.520342123158283,10.335576063399184,10.284838788786674,3.5370136562272796,-5.155111655097691,-0.4760972745396071,3.783433756491714
0.07250276923286185,-0.4620831321525933,0.36693197465482996,0.5926950599508025,-1.4739193630880045,-0.7297556651842122,0.44729172581419174,0.4044592498888257,0.38788974880917104,-0.916598011971596,-0.09033016307740836,-1.3631685210279476,-0.7291323285923571,-0.09903632655675056,-1.5799604325310226,-2.3097746018816627,-1.1997564816883481,-1.3613076665498156,-2.16096716650899,-0.17367006800455304,-1.1684291711533648,0.34741731543139087,1.4893151286671131,-1.5751355877317013,0.5903087429196696,0.858103945536605,-1.0486679864654906,1.1246525058023493,1.877508623616415,-0.8452388117507857,2.1701379321470107,-0.6802563427752848,1.026177077639019,-0.6648349756456372,0.13603601590422792,0.36924757566715655,0.26969606837201754,1.66752402903955,-1.367018522768521,-1.3846611556316446,-0.4092397276354943,0.6755026844306701,0.15368893735997927,-0.34801652051960535
3.5676707067206297,-2.4165674094338305,8.490639792130361,11.064577647182029,-15.836337839107394,-3.6082845314499945,7.924791483823441,3.2548331470625467,6.352829388129801,-11.930251401561105,1.8305784747693075,-13.49073969561859,-7.975402162335455,4.750045031569931,-18.2554129721047,-28.392972591047144,-15.653492413348454,-14.07596980335371,-23.753698272990306,-1.4549678370566645,-11.580699281443893,1.4893151286671131,17.810316456743383,-23.00342782654866,7.486572716986557,6.864399646360562,-11.726454836241338,9.550485651624383,14.971525055682749,-5.388431379260025,24.01637301948488,-4.878695158594269,8.127033115678518,-10.530173032816261,-2.8716137290071,8.036323283469612,5.782233900832896,17.531781332200882,-14.849744404694587,-14.728978574706904,-5.100241831247824,6.731550657494007,-1.1258099602597467,-6.283371240691615
-5.209598922949706,2.613061650394113,-11.732495187758413,-14.853671336478092,20.150723650366718,3.7511810547939866,-10.601666642084572,-3.869733360571846,-8.570934631961517,15.40702806881785,-2.9166129103358425,16.94943044120759,10.127829153610824,-7.233718175678986,23.495369373200862,36.67807721370378,20.364380252780265,17.688438790563623,30.34495202241816,1.7566333706628743,14.40174398935094,-1.5751355877317013,-23.00342782654866,30.602547644660028,-9.73077294646892,-8.249920969997557,14.983714359040631,-11.704110917303378,-17.921361498359378,6.125604454092261,-30.528430025043928,5.771244435913971,-9.625330316805385,14.071217923441386,4.556998992216538,-11.055240723413087,-7.862720324815576,-22.08713449338021,18.85255059035239,18.745436858108388,6.692655160036436,-8.461012198550264,2.06667111692593,8.61233905246791
1.4503213892287892,-1.039242465098809,3.488717920356256,4.628665501835628,-6.7712012240025254,-1.637727176094236,3.3308244341350606,1.4323349399930332,2.6055593943301107,-5.120727568065006,0.661589406452791,-5.775925366416529,-3.508269377375649,1.790859675559327,-7.758706773924108,-12.081513009748265,-6.646399605431887,-6.078654098945276,-10.185499726028015,-0.6834285748729753,-5.155461104634731,0.5903087429196696,7.486572716986557,-9.73077294646892,3.242465346450751,3.1112584089663575,-5.06435412244026,4.196159824958043,6.580067790553099,-2.433252352332051,10.234826396087932,-2.1501725855941425,3.6291884954138243,-4.499674086465778,-1.1257369760070262,3.2879085308500673,2.4123927488297405,7.536436964931378,-6.343245093015512,-6.3120812165620475,-2.2232894623237804,2.965734819984774,-0.3089565171631907,-2.684255651451419
0.6601834272473124,-1.526469341466353,2.260962180359,3.5594685185901422,-6.797771407698712,-2.6957242155791414,2.6578871279667,1.7542925170867574,1.8576124622999532,-4.850716340835768,-0.1776740357258373,-6.058562754465692,-3.749734607203845,0.04722133389738707,-7.405259190574166,-11.312857184015325,-6.026669229539482,-6.360884101273578,-10.142318630333715,-0.9213642752888688,-5.893472893309244,0.858103945536605,6.864399646360562,-8.249920969997557,3.1112584089663575,3.991101221448039,-5.117379694294909,4.961156998977022,8.084193008114577,-3.4532020113280986,10.089444228097115,-2.7910895500376514,4.602381247949492,-3.812681435582504,-0.006876212482024065,2.119144586057159,1.7722124947731208,7.804323702402317,-6.320627096990186,-6.367684796161181,-2.181210719915892,3.261778598506664,0.6939161289362955,-2.1509085332842806
-2.0700552534396053,1.7958685385567568,-5.179831072057318,-7.028918646234238,10.726911162774874,2.9046378888923465,-5.097423071868891,-2.353193188786125,-3.923696646487609,8.02704811861461,-0.8270727253539963,9.219484414823322,5.591563756389439,-2.3699788142477334,12.18611121652854,18.914738935056306,10.349410070134612,9.700783213939486,16.101363201285906,1.1184037917531697,8.351625017137795,-1.0486679864654906,-11.726454836241338,14.983714359040631,-5.06435412244026,-5.117379694294909,8.035568838680105,-6.823919582085069,-10.820189490272643,4.130939301242388,-16.215246705434502,3.595558114666815,-6.001470578006503,6.909912083259195,1.4394965890153053,-4.89753622284989,-3.6535364727903006,-12.005042949691303,10.044671632815298,10.001790562559597,3.4866553993276312,-4.760111626425598,0.24757969448228628,4.060300437567428
1.2073886176799364,-1.9119541660154764,3.5505500794042835,5.177361516680766,-9.200978135874966,-3.228683105477148,3.79297350563038,2.2219450084692713,2.8311250005434156,-6.58969034097603,0.15473160932500246,-8.187412702078385,-4.897745496473921,0.7935888326361827,-10.186408559702377,-15.49266074153568,-8.325277216563725,-8.388846769889641,-13.692400762992069,-1.1387835958160486,-7.465139338473865,1.1246525058023493,9.550485651624383,-11.704110917303378,4.196159824958043,4.961156998977022,-6.823919582085069,6.443171947926853,10.300823549293431,-4.227155368467628,13.60053824853803,-3.581330356043917,5.688446371830329,-5.332619730821849,-0.46954704903033656,3.2825153243272447,2.615951167427763,10.393913203966507,-8.52217754622413,-8.598215470221364,-3.001752408255694,4.1970393431361686,0.4978867554431801,-3.1471188039262215
1.6027916714865242,-3.2071511123970753,5.191766860655124,7.914524639293063,-14.523544996022151,-5.491343236295839,5.825474384004491,3.6614125373739683,4.265609195636141,-10.394792804147006,-0.06111346410111861,-12.938662157798452,-7.797410292070577,0.7185818854615996,-15.975387714840828,-24.367227303249106,-13.045977580878906,-13.469800927268913,-21.617286845916993,-1.830218885664184,-12.123552187118802,1.877508623616415,14.971525055682749,-17.921361498359378,6.580067790553099,8.084193008114577,-10.820189490272643,10.300823549293431,16.81742890374088,-7.041460683751752,21.68523270741346,-5.801531668036738,9.433498569269677,-8.20403994266469,-0.3024026410126187,4.885202023468624,3.945493817110894,16.582529803395804,-13.55022769277124,-13.59047899892262,-4.5917779338099365,6.7544616613010096,1.0774916404755217,-4.6319869561000955
-0.2589269505738431,1.438839583873513,-1.3923833972952218,-2.4866073711554124,5.494668098046858,2.579753979943339,-1.8870593804863787,-1.5290277842951214,-1.2833302939383187,3.81375331283341,0.411075942812965,5.00981079982289,3.0743072213174436,0.5289944305652755,5.885252334397317,8.861469229964335,4.662217554733833,5.241915768408143,8.162551504929628,0.7857248963313688,4.960573166470871,-0.8452388117507857,-5.388431379260025,6.125604454092261,-2.433252352332051,-3.4532020113280986,4.130939301242388,-4.227155368467628,-7.041460683751752,3.1568668318668593,-8.17078910801987,2.5019224729710516,-4.022881361821078,2.8083231682393235,-0.42235514393244533,-1.3220288504191071,-1.1886268225740928,-6.371365770893112,5.139827803076948,5.17809607460468,1.7187025050118077,-2.7095456243180234,-0.8598301060444182,1.5092270200210123
4.28192310397163,-3.632011454578082,10.73289733024191,14.504073435642402,-21.765385269436727,-5.754397122573901,10.44684988942266,4.759995677925114,8.229664347931484,-16.379178090300215,1.8639813279285913,-18.665060260681994,-11.128837526893106,5.267185790322034,-24.8386289377955,-38.62929482226869,-21.20641231032506,-19.71227446400721,-32.66344087587368,-2.13959655695481,-16.64903375748887,2.1701379321470107,24.01637301948488,-30.528430025043928,10.234826396087932,10.089444228097115,-16.215246705434502,13.60053824853803,21.68523270741346,-8.17078910801987,33.17061891514701,-7.1474827497746745,12.009478051554593,-14.046876736721824,-3.0785981793943162,10.21899146876775,7.4802035752574945,24.327985485414246,-20.498855505255413,-20.29742006554014,-6.9317786131131776,9.508164024356804,-0.8174659810595283,-8.135788723122397
-0.4285846541549648,1.1319456435446007,-1.5179764552182218,-2.4066832306902013,4.841667831391307,2.0036758016831255,-1.7807680891261095,-1.242770582955682,-1.2979638379836773,3.4030813872669654,0.1176923886795388,4.4241075675782815,2.6298933345781896,0.056914657375970165,5.2976771126566815,7.897093761811359,4.203810492830252,4.477398122815467,7.181885075798039,0.647106229496261,4.098583193357441,-0.6802563427752848,-4.878695158594269,5.771244435913971,-2.1501725855941425,-2.7910895500376514,3.595558114666815,-3.581330356043917,-5.801531668036738,2.5019224729710516,-7.1474827497746745,2.1225309864919946,-3.1770317253558504,2.610096229009787,-0.08613912898271132,-1.3800358919508142,-1.187612575137366,-5.495681010946239,4.494849768965203,4.566759314014399,1.6144788438316438,-2.264983712174284,-0.5211949405774501,1.5326198119970154
0.7424739992744246,-1.8045182692478179,2.6852009089287785,4.266923988208753,-7.944598106032511,-3.160340444174207,3.2037237759307957,2.0783194675543504,2.235525781868134,-5.762818400372163,-0.20200773164507857,-7.010207042655261,-4.332854762813379,0.17498736612628066,-8.64988917185375,-13.40049499194912,-7.167106792763374,-7.533637317353736,-11.863063295027896,-1.008175531426867,-6.930967911900911,1.026177077639019,8.127033115678518,-9.625330316805385,3.6291884954138243,4.602381247949492,-6.001470578006503,5.688446371830329,9.433498569269677,-4.022881361821078,12.009478051554593,-3.1770317253558504,5.498921356376814,-4.4652239291663145,0.017863242789387133,2.6003018141260963,2.1136622130843405,9.185729103525448,-7.48723056679472,-7.415995693273338,-2.4060086201221145,3.8030827831283815,0.7220824036993169,-2.3646765031925225
-2.3978426297992237,1.1557694656451245,-5.385526754559608,-6.856854629425042,9.221808404200802,1.6949050707747766,-4.900807609785431,-1.7830237972037393,-3.923321460326637,7.121057856521657,-1.3188560950378538,7.710548836630219,4.684414336470255,-3.3141360621455482,10.759501270242904,16.87807242472412,9.38160740402829,8.157370443226975,13.931363731021667,0.8135307730816869,6.711183761775651,-0.6648349756456372,-10.530173032816261,14.071217923441386,-4.499674086465778,-3.812681435582504,6.909912083259195,-5.332619730821849,-8.20403994266469,2.8083231682393235,-14.046876736721824,2.610096229009787,-4.4652239291663145,6.519048473880135,2.0996366437086977,-5.093022354939057,-3.630991243207732,-10.143057389073808,8.656437999708018,8.586194936927862,3.068098007999382,-3.925066081227888,0.9295842165655512,3.9493793372795465
-1.3271013568718795,-0.2278999378708562,-2.4198327147654144,-2.5537952288233514,2.010119805446105,-0.719801447400244,-1.722687351185646,-0.06440111464281158,-1.5885490408931586,1.7646982026359839,-1.12250033738525,1.4270470047134896,0.792746755482291,-2.450324220591657,2.6947141554906096,4.4204046929356835,2.6209750690923075,1.4476137940593743,3.0942438205294818,-0.02084373181134243,0.6769128146238055,0.13603601590422792,-2.8716137290071,4.556998992216538,-1.1257369760070262,-0.006876212482024065,1.4394965890153053,-0.46954704903033656,-0.3024026410126187,-0.42235514393244533,-3.0785981793943162,-0.08613912898271132,0.017863242789387133,2.0996366437086977,1.640388858435948,-2.2610164728271926,-1.4315221597408685,-1.959861610576147,1.8490721773178997,1.8127349039318872,0.7382448683072194,-0.5589732606724512,1.1782813202845568,1.44968204947986
2.248694058270709,-0.5653295989414561,4.730551043032254,5.667910617740655,-6.616087886362148,-0.5224468772222143,3.9969674140944633,1.0666760909077317,3.3624662696712493,-5.232924359274906,1.5067171639742474,-5.311930042204364,-3.136929346506002,3.622512720702233,-7.947943139062675,-12.678032847423589,-7.160903814563201,-5.669396999925141,-10.012557852011696,-0.3886136579804778,-4.247878182438423,0.36924757566715655,8.036323283469612,-11.055240723413087,3.2879085308500673,2.119144586057159,-4.89753622284989,3.2825153243272447,4.885202023468624,-1.3220288504191071,10.21899146876775,-1.3800358919508142,2.6003018141260963,-5.093022354939057,-2.2610164728271926,4.538313595069002,3.048431166487589,7.133013086355592,-6.23740578865666,-6.108403961106019,-2.110977398367478,2.5969347304419332,-1.4179957241217258,-3.1079428855680273
1.4762155091592544,-0.48183816752857195,3.2208091097395397,3.979838917047555,-4.899424151958208,-0.595823693813352,2.8315857588823223,0.8513552284138726,2.263189232182953,-3.8513609053083457,0.9344413227422078,-4.016916417479175,-2.424964372931066,2.2481645544703186,-5.795400484627567,-9.186660772553585,-5.142972262347909,-4.233827120889867,-7.381969360876548,-0.36769490004498345,-3.3506186495218127,0.26969606837201754,5.782233900832896,-7.862720324815576,2.4123927488297405,1.7722124947731208,-3.6535364727903006,2.615951167427763,3.945493817110894,-1.1886268225740928,7.4802035752574945,-1.187612575137366,2.1136622130843405,-3.630991243207732,-1.4315221597408685,3.048431166487589,2.151081509737423,5.3502282028499994,-4.582694785280328,-4.519752421456415,-1.6120129245861416,1.986390576630023,-0.7700160248235336,-2.229958841786437
2.9045779541422205,-2.853158933846574,7.553482925680251,10.382167651683545,-16.140977055410854,-4.574625252287425,7.508587612193664,3.6204653741155113,5.782483020214329,-11.977069751971532,1.1036131367366186,-13.959927773958512,-8.364621067298563,3.279126735226054,-18.252298081411915,-28.279046151443325,-15.42002499357337,-14.604969580045715,-24.142727931016925,-1.7143898169566358,-12.520342123158283,1.66752402903955,17.531781332200882,-22.08713449338021,7.536436964931378,7.804323702402317,-12.005042949691303,10.393913203966507,16.582529803395804,-6.371365770893112,24.327985485414246,-5.495681010946239,9.185729103525448,-10.143057389073808,-1.959861610576147,7.133013086355592,5.3502282028499994,18.1309852852796,-15.09111486398503,-15.018171396870953,-5.1522450498212145,7.125029948131648,-0.21061740109863442,-5.913495411471761
-2.6083980829142592,2.290854197595691,-6.588756154845665,-8.906090752193952,13.509386071875808,3.635260138357365,-6.42130573891911,-2.9625347299427665,-5.053638501148195,10.136271051770594,-1.1202001409046227,11.64663256948939,6.935476381630146,-3.158784415501897,15.394130760488553,23.87615437300537,13.101012429847724,12.212928678264808,20.254364541142408,1.3505804123112708,10.335576063399184,-1.367018522768521,-14.849744404694587,18.85255059035239,-6.343245093015512,-6.320627096990186,10.044671632815298,-8.52217754622413,-13.55022769277124,5.139827803076948,-20.498855505255413,4.494849768965203,-7.48723056679472,8.656437999708018,1.8490721773178997,-6.23740578865666,-4.582694785280328,-15.09111486398503,12.720660781217669,12.600554031136191,4.322101182381239,-5.898681759346837,0.42571762706598554,5.057432257087522
-2.5989395793494983,2.3101850830863433,-6.489955230627301,-8.759182089475594,13.481266134132204,3.6739453474699384,-6.299692924873178,-2.9475170712042162,-4.9717017769585645,9.993903884288187,-1.0736688504103686,11.666611303922204,6.943065448170248,-2.99427738667948,15.34634212821729,23.649738948351985,12.93791332927925,12.118296919833366,20.186041099647674,1.3988074267431427,10.284838788786674,-1.3846611556316446,-14.728978574706904,18.745436858108388,-6.3120812165620475,-6.367684796161181,10.001790562559597,-8.598215470221364,-13.59047899892262,5.17809607460468,-20.29742006554014,4.566759314014399,-7.415995693273338,8.586194936927862,1.8127349039318872,-6.108403961106019,-4.519752421456415,-15.018171396870953,12.600554031136191,12.594427514923499,4.391821465968672,-5.902830140658551,0.3440451069175741,5.110051424682241
-0.9908897056199371,0.7098079605786056,-2.326362584597536,-3.0697611092946286,4.68146384069196,1.16785382627415,-2.200290863642237,-0.9743252490757053,-1.724130016594722,3.48539308011087,-0.4494652455354985,4.088001050370523,2.4590580341069637,-1.0904166334201364,5.371233395959446,8.175132772799513,4.47990326309735,4.130843392792788,7.029159843036747,0.5189137805742728,3.5370136562272796,-0.4092397276354943,-5.100241831247824,6.692655160036436,-2.2232894623237804,-2.181210719915892,3.4866553993276312,-3.001752408255694,-4.5917779338099365,1.7187025050118077,-6.9317786131131776,1.6144788438316438,-2.4060086201221145,3.068098007999382,0.7382448683072194,-2.110977398367478,-1.6120129245861416,-5.1522450498212145,4.322101182381239,4.391821465968672,1.6777902993968234,-2.0444625766253712,0.12108860818392346,1.9527203185032362
1.0372894845098597,-1.169236871504256,2.7285285632273477,3.8572493892989184,-6.303234065844053,-1.9776484235335527,2.826879839720444,1.4660908803075734,2.1100510226417897,-4.641461678184963,0.25194573950693744,-5.452947559299802,-3.3833196518554276,0.9247635507871862,-7.068792962259517,-10.934660483401203,-5.9300389200869,-5.799076718479928,-9.472228225148823,-0.7283932276565613,-5.155111655097691,0.6755026844306701,6.731550657494007,-8.461012198550264,2.965734819984774,3.261778598506664,-4.760111626425598,4.1970393431361686,6.7544616613010096,-2.7095456243180234,9.508164024356804,-2.264983712174284,3.8030827831283815,-3.925066081227888,-0.5589732606724512,2.5969347304419332,1.986390576630023,7.125029948131648,-5.898681759346837,-5.902830140658551,-2.0444625766253712,2.9213185198576612,0.12195891304733808,-2.2660015796842385
-0.881383103736923,-0.36738575115747596,-1.452025302702634,-1.3329329262821537,0.41657517733744703,-0.9239250178160344,-0.8694199939533543,0.2259212758914496,-0.9494095060039072,0.5357124426091453,-0.8727527815842797,0.07186739534190481,-0.08423562219562221,-1.8880537150715222,0.8402930975551209,1.5429807053541886,1.0324282461507082,0.10664048122559243,0.6952662263206578,-0.22135935895109338,-0.4760972745396071,0.15368893735997927,-1.1258099602597467,2.06667111692593,-0.3089565171631907,0.6939161289362955,0.24757969448228628,0.4978867554431801,1.0774916404755217,-0.8598301060444182,-0.8174659810595283,-0.5211949405774501,0.7220824036993169,0.9295842165655512,1.1782813202845568,-1.4179957241217258,-0.7700160248235336,-0.21061740109863442,0.42571762706598554,0.3440451069175741,0.12108860818392346,0.12195891304733808,1.0814129566145787,0.6434178130647585
-1.5782874012924801,0.5998933129689742,-3.377091051509048,-4.147279650063087,5.4762689104507984,0.8286607121062061,-2.9397773905155327,-0.9651116900777894,-2.3878210414425394,4.174697352811891,-0.9340903532611582,4.626237324104386,2.7875660978613652,-2.1600822007608738,6.452578261926109,9.960504660309853,5.547396287277705,4.676518918543543,8.246951560244305,0.49835607774853236,3.783433756491714,-0.34801652051960535,-6.283371240691615,8.61233905246791,-2.684255651451419,-2.1509085332842806,4.060300437567428,-3.1471188039262215,-4.6319869561000955,1.5092270200210123,-8.135788723122397,1.5326198119970154,-2.3646765031925225,3.9493793372795465,1.44968204947986,-3.1079428855680273,-2.229958841786437,-5.913495411471761,5.057432257087522,5.110051424682241,1.9527203185032362,-2.2660015796842385,0.6434178130647585,2.5806006985892527
