V1,V2,V3,V4,V5,V6,V7,V8,V9,V10,V11,V12,V13,V14,V15,V16,V17,V18,V19,V20,V21,V22,V23,V24,V25,V26,V27,V28,V29,V30,V31,V32,V33,V34,V35,V36,V37,V38,V39,V40,V41,V42,V43,V44
8.591690095656839,-1.6797417991929742,3.0894458564064933,25.259947520922722,-0.38008305507047835,5.186668401601732,-6.369017526750819,2.3937513541406203,4.625289794753857,17.26213532986431,-2.9838747129429333,9.028029537594831,-6.485983418784305,-3.702191416851715,-14.265644131035799,-1.5918423119809912,5.421945167061111,0.955243719769067,8.295825846638959,-7.875915247784588,1.841980924388346,-12.189386995525652,3.936521090508945,5.253443873676247,0.7730629092618578,-7.588319380808654,2.526236894398481,-19.32520398815695,8.224854803297973,3.488374547105946,11.76164462321287,7.65634154309105,-16.77420007373511,-6.085943566328947,-9.353855931877714,15.067698776144773,14.29967805421176,11.267910025620221,12.891267598990812,-9.584171671229237,5.108798622152501,6.340251818473607,2.189572620160546,-2.3093084547390386
-1.6797417991929742,1.3318567766575138,-0.4484638278718887,-7.482717464857999,0.07957091610919921,-0.8611376575483389,2.24100771037107,-1.0869094982446084,-1.7379615757778966,-5.238557541726801,0.9127388880512844,-2.444230284928362,0.8509033585544835,0.8462207476391312,4.2179335306214,0.5230941751492698,-1.5718509389086477,-0.06613559579934045,-3.037294318225543,1.8658763912930705,-1.7358602910642098,2.8797475342228402,-1.654346692889605,-3.5940999355373235,0.4908106970084705,3.059682293108023,-1.446227664020923,6.259750722271413,-3.0259900145306253,-0.9516511187217322,-4.521436767383253,-2.3386864167096797,4.729682479104087,0.5172036101544518,2.04568584436655,-4.3969012421932785,-3.8621820648834313,-3.65887084129307,-3.3922852669346923,2.6469753409824976,-2.7279453854428306,-1.0942925371113825,-0.2312026920954438,-0.9894792874250671
3.0894458564064933,-0.4484638278718887,1.2919943229329935,8.588963718783122,-0.1884895266304137,1.8326040494377358,-1.8432609182525606,0.5904799987564372,1.3284838331875297,5.897297205807092,-0.9282387337278424,3.002977433183997,-2.500303989551582,-1.2665019351032698,-4.792789471036241,-0.4499896402328855,1.9301994644971483,0.5234165028746264,2.815426723873004,-2.6955059602625973,0.43775173435268916,-4.112173103560464,1.5209372678486548,1.2310045347184324,0.3001552733087105,-2.530995905061454,0.6796791332871692,-6.417283546290949,2.647155738565676,1.1928972671292897,3.665541068390436,2.521487918768635,-5.730753343104944,-2.2186065537114743,-3.199596209111178,5.250750556001143,5.108935755221675,3.802202237418478,4.43071047004361,-3.234688560098492,1.5555788154645436,2.2501676805732815,0.7599175565931557,-1.188024062867274
25.259947520922722,-7.482717464857999,8.588963718783122,81.29990130434147,-1.0826146719998415,15.01705428531843,-21.588039737904015,8.832083218566362,15.967194816337946,55.64650350934715,-9.70479958620852,28.498341513227636,-17.95853504685487,-11.237035673732956,-45.85911176702873,-5.356798492873928,17.21937450117225,2.3854949311822824,28.152705316522685,-24.17057945832961,9.039851093706432,-37.522224435295854,13.637851669498831,22.46857523915783,0.6923107776278864,-26.45982273548716,10.030666925618892,-63.57963059374229,27.97449662641785,11.080206967223091,40.612576961107465,24.90538802070047,-53.312584841411145,-16.247931859467194,-28.316239023859676,48.10221029301811,44.846409504174744,37.06524341303538,40.34152346240702,-30.277527841044286,19.563405251757743,18.304462506285265,6.057912360390452,-2.9448294403642676
-0.38008305507047835,0.07957091610919921,-0.1884895266304137,-1.0826146719998415,0.05021712133691786,-0.19730716158133293,0.1841452807783104,-0.04947432213383969,-0.134940791880155,-0.7576424405803744,0.10670735893856781,-0.3455626657355305,0.3324381966725122,0.15968726847765466,0.6033634409687105,0.05278492686727059,-0.25546164728459997,-0.087004174738861,-0.3656809926030517,0.32207117957572395,-0.060970130144436745,0.46487696990539323,-0.26686907051200526,-0.1317479553323104,-0.012784043012305152,0.34042641206199775,-0.07207599536858765,0.7906379745389533,-0.35394485010909355,-0.13345763548278905,-0.4614210609229807,-0.29643449051178444,0.7032881646724409,0.24893469478849015,0.3634126499990356,-0.6875288289404415,-0.6770264622146148,-0.5042761071922811,-0.5389626298479973,0.4032178734115451,-0.2168804285882558,-0.2755393111104285,-0.08341421719694853,0.1523373369386738
5.186668401601732,-0.8611376575483389,1.8326040494377358,15.01705428531843,-0.19730716158133293,3.2124792221319365,-3.8386589441018137,1.4455396867500356,2.7846414681433114,10.1715324176734,-1.786231855443511,5.43399527967203,-3.9237037514158684,-2.2141202027093536,-8.484906951821166,-0.9871529312963521,3.1683095367649545,0.5287507854196245,4.822409895152215,-4.76006129789573,0.9558119959470232,-7.424839585531098,2.1419758481860445,2.96419859959513,0.5899930992108681,-4.376421368981535,1.4511261201421704,-11.440364937296444,4.797258807399347,2.113886172150792,6.908280205328071,4.583769488842705,-10.002359394579427,-3.804500613016905,-5.711781608627894,8.891878392563854,8.456012463467369,6.631491596193987,7.713513709091264,-5.716877890014484,2.866380057792784,3.8558302645133478,1.3766322470291894,-1.5262077779978647
-6.369017526750819,2.24100771037107,-1.8432609182525606,-21.588039737904015,0.1841452807783104,-3.8386589441018137,6.319015387290405,-2.7573934661052903,-4.709695028983171,-14.721653649562075,2.720250270753665,-7.679436308852108,4.180917765560238,2.9279701991196876,12.276842093710012,1.5976010917168635,-4.399851576562023,-0.2711655722880871,-7.506415953230056,6.354348647572761,-2.8072964033615055,9.97664770284361,-3.322899025810227,-7.0325896243236485,-0.08445102542917439,7.161688124960322,-3.017178373055566,17.181266687938905,-7.695061267773988,-2.937497680297969,-11.427990390782401,-6.7712218345073465,14.097490637487148,3.9906169016306348,7.460584249834318,-12.552358469485007,-11.445709720536458,-9.896343490685313,-10.597169042587543,8.06392850187386,-5.577646551026676,-4.647831310821713,-1.5447161876835092,-0.014375324360859624
2.3937513541406203,-1.0869094982446084,0.5904799987564372,8.832083218566362,-0.04947432213383969,1.4455396867500356,-2.7573934661052903,1.2794818006994335,2.0855506569201494,5.998500695983073,-1.1416789277747645,3.119966928695142,-1.417895786421879,-1.1376394580186393,-5.040906086148983,-0.7179524937288516,1.7409397636821724,-0.008668490477292573,3.1519982602049517,-2.515325929493253,1.412455475913558,-3.984895899629117,1.3618457310662007,3.411089065565619,-0.08899354835930928,-3.075564458757151,1.4141771026470384,-7.162950712681422,3.2890294599206316,1.19472162394877,4.972976028266159,2.8146326675986,-5.709331254083385,-1.372585100757333,-2.9370600221422865,5.064270313064885,4.518907868442768,4.110733844148691,4.233673584477832,-3.2716201982970547,2.5384715862886034,1.7296909326132872,0.5577144952301198,0.43120732427545877
4.625289794753857,-1.7379615757778966,1.3284838331875297,15.967194816337946,-0.134940791880155,2.7846414681433114,-4.709695028983171,2.0855506569201494,3.5586359053100827,10.869365317116818,-1.9978477311947003,5.65550756919615,-2.9523554881716603,-2.0899463971837737,-9.085427097446393,-1.2244879524212122,3.2145845554630608,0.16166757805716733,5.585484056266135,-4.63742361469696,2.219313376884804,-7.299064167750283,2.5091603070298865,5.391326709844089,-0.004717996757158849,-5.389335139066822,2.3073384821607625,-12.764561763091683,5.7211445677513675,2.1815039385535653,8.583260427529472,5.027200988093828,-10.401488444518169,-2.829245706338038,-5.464010196670373,9.284206833307065,8.408637934000431,7.340167986601486,7.769897601783545,-5.94244479191875,4.250665213133862,3.3434267127685424,1.0705372004235918,0.19421666369964358
17.26213532986431,-5.238557541726801,5.897297205807092,55.64650350934715,-0.7576424405803744,10.1715324176734,-14.721653649562075,5.998500695983073,10.869365317116818,38.23253871184545,-6.638002189557045,19.471637755579767,-12.27049941073738,-7.707202712469187,-31.382037905189033,-3.582384595477317,11.881253117912948,1.7026983867307972,19.389827966420285,-16.487297074474803,6.290458111502444,-25.52288950686616,9.519962413704963,15.473060652778724,0.35703803770061304,-18.23060217399386,6.896659854379728,-43.57358383478804,19.21796868101409,7.542664987724821,27.82618143679111,17.01478786427646,-36.495285630485334,-10.97776958232992,-19.25133146286118,33.013712923853625,30.77017487970679,25.41687327211763,27.61286385046711,-20.715156358019893,13.528163887969848,12.482201405637,4.082494822699787,-1.9285715823163425
-2.9838747129429333,0.9127388880512844,-0.9282387337278424,-9.70479958620852,0.10670735893856781,-1.786231855443511,2.720250270753665,-1.1416789277747645,-1.9978477311947003,-6.638002189557045,1.20844895136363,-3.4487193065002,2.0715160165008335,1.3709807084709353,5.508148876149509,0.6734688183032366,-2.0250846483939826,-0.200011263829677,-3.3314054718902075,2.908390834797753,-1.0931468297585347,4.5332051647159135,-1.5140047910733896,-2.840444832332027,-0.10492310637551965,3.130167958943765,-1.2409871402623616,7.632569740844574,-3.3971449334451758,-1.312586790407968,-4.954542991514477,-3.0037845239644176,6.3623614590389614,1.9392164059809025,3.403918335730375,-5.685454156574119,-5.258661006322369,-4.428223647203604,-4.822550054523732,3.6441978820465764,-2.3559168040353744,-2.1940555597653693,-0.7481994224930177,0.2531788541135088
9.028029537594831,-2.444230284928362,3.002977433183997,28.498341513227636,-0.3455626657355305,5.43399527967203,-7.679436308852108,3.119966928695142,5.65550756919615,19.471637755579767,-3.4487193065002,10.12676669032668,-6.42972657644675,-4.002268489181045,-16.11434070298623,-1.9090028299724706,5.995621847557076,0.7821454844404722,9.69930215698282,-8.603465693776332,2.9328702157329722,-13.395762103758193,4.505036968122628,7.597554431643723,0.4412094896436774,-9.064736188483907,3.4204584865653698,-22.23600530650634,9.700958201381715,3.91091649740252,14.12579758037414,8.772015608750166,-18.760485879321518,-6.003614271724088,-10.148244004755385,16.81442173377892,15.674712345360096,12.896057590298922,14.255439585568485,-10.685930132756553,6.602374756332381,6.603664844594781,2.2312118257461773,-1.2932466513683132
-6.485983418784305,0.8509033585544835,-2.500303989551582,-17.95853504685487,0.3324381966725122,-3.9237037514158684,4.180917765560238,-1.417895786421879,-2.9523554881716603,-12.27049941073738,2.0715160165008335,-6.42972657644675,5.201506832857084,2.778320614601834,10.100741924893299,1.0218681801647178,-3.9561946781745765,-0.8985448755168371,-5.727181901111883,5.775683691927188,-0.7642520596043068,8.877719782980837,-2.7781365581097326,-2.7145239547263325,-0.8001185689124157,5.082980742849084,-1.4358958537208024,13.441205031776073,-5.605521984912289,-2.483138875702777,-7.777104717727551,-5.341776366086747,12.003925432485293,4.826563955112651,6.862302780798915,-10.806934331379503,-10.479926391889114,-7.914717752429444,-9.345276905106177,6.861508310331539,-3.1145355560051904,-4.838915399918794,-1.7417644212975572,2.4711837843793436
-3.702191416851715,0.8462207476391312,-1.2665019351032698,-11.237035673732956,0.15968726847765466,-2.2141202027093536,2.9279701991196876,-1.1376394580186393,-2.0899463971837737,-7.707202712469187,1.3709807084709353,-4.002268489181045,2.778320614601834,1.6921846094291926,6.352741329562431,0.6963152535656074,-2.426525963112814,-0.37804261685569635,-3.760132277080021,3.4815501018364365,-0.9202492096430845,5.378123103555996,-1.7502683667920196,-2.6441645058878094,-0.27340274891635535,3.43167084195492,-1.2080308695887723,8.656831347842036,-3.7882203063443733,-1.5172729425573903,-5.362896657631489,-3.409443986815955,7.424613143567399,2.558862392550789,4.069076907956802,-6.651958621622141,-6.298803574879532,-5.069405410669646,-5.7099412614061675,4.256345965649445,-2.404187096298766,-2.754736953904571,-0.9821307005491867,0.8205755513038052
-14.265644131035799,4.2179335306214,-4.792789471036241,-45.85911176702873,0.6033634409687105,-8.484906951821166,12.276842093710012,-5.040906086148983,-9.085427097446393,-31.382037905189033,5.508148876149509,-16.11434070298623,10.100741924893299,6.352741329562431,25.912145988964372,3.07161232555999,-9.677117874265939,-1.272272799259865,-15.814404022744922,13.661093316962205,-5.073489549325508,21.2167965807739,-7.608962403799693,-12.706722149915606,-0.4340763982862377,14.878808304012258,-5.662465141868902,35.88057850022677,-15.808626818965587,-6.241291287740609,-22.98713661158475,-14.068066754198242,30.07791733188567,9.216524925335372,16.0185612731884,-27.108948823272154,-25.23305904413812,-20.904746022710345,-22.761648392464235,17.125210741428603,-11.013475188373413,-10.362526677587072,-3.430504562464495,1.6366078599885108
-1.5918423119809912,0.5230941751492698,-0.4499896402328855,-5.356798492873928,0.05278492686727059,-0.9871529312963521,1.5976010917168635,-0.7179524937288516,-1.2244879524212122,-3.582384595477317,0.6734688183032366,-1.9090028299724706,1.0218681801647178,0.6963152535656074,3.07161232555999,0.4736671826883373,-1.0271841609481238,-0.01092423220410452,-1.780071562700778,1.5893195165548983,-0.6650356827030084,2.52108961143171,-0.7714526097843146,-1.7044983082184058,-0.06925308626085036,1.7333993924345068,-0.7344850368141331,4.240412536477343,-1.8937275661465585,-0.740105238649816,-2.8776117358079496,-1.6925446480082864,3.4849077224957696,1.0488685349245153,1.9047603186647544,-3.0889070982300164,-2.793589190265703,-2.449623704870481,-2.6029681789104715,2.0210459940473133,-1.338539515091782,-1.1697343870411927,-0.38634301379629366,0.0072374798016701745
5.421945167061111,-1.5718509389086477,1.9301994644971483,17.21937450117225,-0.25546164728459997,3.1683095367649545,-4.399851576562023,1.7409397636821724,3.2145845554630608,11.881253117912948,-2.0250846483939826,5.995621847557076,-3.9561946781745765,-2.426525963112814,-9.677117874265939,-1.0271841609481238,3.755900157856542,0.6408421004025633,6.029177434615987,-5.118801458615053,1.849982933096005,-7.880745845573758,3.039778601784334,4.546314852263387,0.11514956400321644,-5.620533368653743,2.0506368941655344,-13.41905784051986,5.898606396827384,2.3250912286853875,8.431449255865978,5.217100089325287,-11.314132537907867,-3.453596236882419,-5.946051323729766,10.277899692832591,9.658425791612917,7.859841674119954,8.591444054098254,-6.400324048013475,4.10769026917516,3.913877296047874,1.2863961031800404,-0.7923201529332187
0.955243719769067,-0.06613559579934045,0.5234165028746264,2.3854949311822824,-0.087004174738861,0.5287507854196245,-0.2711655722880871,-0.008668490477292573,0.16166757805716733,1.7026983867307972,-0.200011263829677,0.7821454844404722,-0.8985448755168371,-0.37804261685569635,-1.272272799259865,-0.01092423220410452,0.6408421004025633,0.3194738431889257,0.8402336882419127,-0.7493660746630043,0.021373935759738876,-1.085392349938577,0.5873540975913772,0.011010916657439437,0.069575115473283,-0.705797046097141,0.08195251284980398,-1.6951931013343433,0.6499145837752407,0.3271928111587507,0.767029583801131,0.635785651011487,-1.6152669733464589,-0.6659279308233935,-0.8583265869856369,1.558191403464134,1.6152211918577626,1.0459543113947685,1.2780231646295308,-0.8634046457929103,0.34743483885462056,0.6706882242309945,0.21950832225519276,-0.5842006316338377
8.295825846638959,-3.037294318225543,2.815426723873004,28.152705316522685,-0.3656809926030517,4.822409895152215,-7.506415953230056,3.1519982602049517,5.585484056266135,19.389827966420285,-3.3314054718902075,9.69930215698282,-5.727181901111883,-3.760132277080021,-15.814404022744922,-1.780071562700778,6.029177434615987,0.8402336882419127,10.163226404540234,-8.091739617034346,3.777796948063061,-12.52693092203469,5.119634645524534,8.770994870789593,-0.2052085273524335,-9.657012982532349,3.822517194161428,-22.280220871325497,9.958182869203037,3.797030466744257,14.470650649216784,8.625060044193894,-18.344641875132904,-4.887130644083972,-9.352348788138906,16.681890223957055,15.452960201982767,13.006381936873836,13.761171664693741,-10.327826597115832,7.439038788592827,5.892400947085834,1.8592334988166443,-0.2073128846455882
-7.875915247784588,1.8658763912930705,-2.6955059602625973,-24.17057945832961,0.32207117957572395,-4.76006129789573,6.354348647572761,-2.515325929493253,-4.63742361469696,-16.487297074474803,2.908390834797753,-8.603465693776332,5.775683691927188,3.4815501018364365,13.661093316962205,1.5893195165548983,-5.118801458615053,-0.7493660746630043,-8.091739617034346,7.4141401421159,-2.159052613987175,11.520922133554365,-3.760278384796693,-5.874251548418178,-0.5429033164336632,7.480012798823358,-2.6965761978933207,18.6896167456229,-8.099532358035082,-3.3207396789244394,-11.680167408233533,-7.38979626609952,15.954868996892445,5.405664738181878,8.755772731486664,-14.291158876504962,-13.440644041186234,-10.882293917895492,-12.191414128166448,9.111666846257767,-5.284838516876534,-5.801255413639383,-2.0098558399969533,1.5610289905357861
1.841980924388346,-1.7358602910642098,0.43775173435268916,9.039851093706432,-0.060970130144436745,0.9558119959470232,-2.8072964033615055,1.412455475913558,2.219313376884804,6.290458111502444,-1.0931468297585347,2.9328702157329722,-0.7642520596043068,-0.9202492096430845,-5.073489549325508,-0.6650356827030084,1.849982933096005,0.021373935759738876,3.777796948063061,-2.159052613987175,2.363275196748912,-3.3816286252612597,2.0189257954438293,4.780197336523999,-0.717452756643642,-3.860193102938751,1.9144232001221806,-7.6825820844322,3.7067861607402137,1.1780150151174766,5.662316600627719,2.875667107128502,-5.676728207010144,-0.3820939767022169,-2.3765628074673284,5.2621794693810475,4.541530473097758,4.44418972602809,4.008628757338192,-3.1280654278232256,3.524619388330748,1.1376508847708573,0.18980799050632877,1.551189589887669
-12.189386995525652,2.8797475342228402,-4.112173103560464,-37.522224435295854,0.46487696990539323,-7.424839585531098,9.97664770284361,-3.984895899629117,-7.299064167750283,-25.52288950686616,4.5332051647159135,-13.395762103758193,8.877719782980837,5.378123103555996,21.2167965807739,2.52108961143171,-7.880745845573758,-1.085392349938577,-12.52693092203469,11.520922133554365,-3.3816286252612597,17.962610760366786,-5.702755580528312,-9.246054329215651,-0.8758316175789781,11.589459023718607,-4.23524945431174,29.04605529452128,-12.56415682389786,-5.183993590307572,-18.20480624004781,-11.516418249717901,24.76815111952324,8.403437546361856,13.646698613306123,-22.113231167309163,-20.762405907862885,-16.86785291817182,-18.913985991853895,14.144052052084167,-8.204603026941609,-8.984975333722232,-3.1309222244517785,2.3382524781691454
3.936521090508945,-1.654346692889605,1.5209372678486548,13.637851669498831,-0.26686907051200526,2.1419758481860445,-3.322899025810227,1.3618457310662007,2.5091603070298865,9.519962413704963,-1.5140047910733896,4.505036968122628,-2.7781365581097326,-1.7502683667920196,-7.608962403799693,-0.7714526097843146,3.039778601784334,0.5873540975913772,5.119634645524534,-3.760278384796693,2.0189257954438293,-5.702755580528312,2.9791592877114543,4.248226257110088,-0.33510278972273494,-4.928812533152474,1.857239426182539,-10.788554119283642,4.890283761256496,1.787857437606551,6.993076572988427,4.074154244665507,-8.827061934476534,-2.076230202296244,-4.254885176416143,8.265052030137445,7.697849254391205,6.414717110368128,6.56059335964273,-4.929647956263281,3.8347456796944623,2.702827462889639,0.7445682123386147,-0.008103792694520535
5.253443873676247,-3.5940999355373235,1.2310045347184324,22.46857523915783,-0.1317479553323104,2.96419859959513,-7.0325896243236485,3.411089065565619,5.391326709844089,15.473060652778724,-2.840444832332027,7.597554431643723,-2.7145239547263325,-2.6441645058878094,-12.706722149915606,-1.7044983082184058,4.546314852263387,0.011010916657439437,8.770994870789593,-5.874251548418178,4.780197336523999,-9.246054329215651,4.248226257110088,10.470008225881841,-1.0546152744655042,-8.741602636151669,4.225806493233118,-18.6856644907404,8.87780755874628,2.9550931643316036,13.405492972175725,7.146561110223878,-14.290257500700688,-2.1192865288903464,-6.616577893841466,12.942815720916746,11.37237673310977,10.793671000172882,10.362477057954695,-8.031168478431287,7.686102986710476,3.575181955193927,0.971196324835785,2.5843366242862285
0.7730629092618578,0.4908106970084705,0.3001552733087105,0.6923107776278864,-0.012784043012305152,0.5899930992108681,-0.08445102542917439,-0.08899354835930928,-0.004717996757158849,0.35703803770061304,-0.10492310637551965,0.4412094896436774,-0.8001185689124157,-0.27340274891635535,-0.4340763982862377,-0.06925308626085036,0.11514956400321644,0.069575115473283,-0.2052085273524335,-0.5429033164336632,-0.717452756643642,-0.8758316175789781,-0.33510278972273494,-1.0546152744655042,0.5277192347531908,0.3605716024963243,-0.3484683545573774,-0.21310552785224124,-0.11786120397445958,0.14782319990272827,-0.24208445244823792,0.19848701697484183,-0.6098203849786066,-1.023960057960367,-0.7713874531788348,0.39574280606095735,0.5316830566013194,0.09624516634844234,0.624443876444883,-0.42023166076263035,-0.6469858192645422,0.6940850052592248,0.3524792870907517,-1.0658913575570212
-7.588319380808654,3.059682293108023,-2.530995905061454,-26.45982273548716,0.34042641206199775,-4.376421368981535,7.161688124960322,-3.075564458757151,-5.389335139066822,-18.23060217399386,3.130167958943765,-9.064736188483907,5.082980742849084,3.43167084195492,14.878808304012258,1.7333993924345068,-5.620533368653743,-0.705797046097141,-9.657012982532349,7.480012798823358,-3.860193102938751,11.589459023718607,-4.928812533152474,-8.741602636151669,0.3605716024963243,9.282281573731408,-3.768600812670119,21.07802707739737,-9.490398956473475,-3.557444328402335,-13.903488113137842,-8.136312388481278,17.17984365299112,4.289189380763138,8.63307917038921,-15.667282594314642,-14.40148907002681,-12.299016419880564,-12.806376212607418,9.667539894604225,-7.292638890086138,-5.340572298449082,-1.6174018996908481,-0.2407717058397279
2.526236894398481,-1.446227664020923,0.6796791332871692,10.030666925618892,-0.07207599536858765,1.4511261201421704,-3.017178373055566,1.4141771026470384,2.3073384821607625,6.896659854379728,-1.2409871402623616,3.4204584865653698,-1.4358958537208024,-1.2080308695887723,-5.662465141868902,-0.7344850368141331,2.0506368941655344,0.08195251284980398,3.822517194161428,-2.6965761978933207,1.9144232001221806,-4.23524945431174,1.857239426182539,4.225806493233118,-0.3484683545573774,-3.768600812670119,1.741379634802499,-8.232829764726976,3.8247377087188297,1.3402133358466888,5.750923238700065,3.167354909522479,-6.431598276880925,-1.18590237117243,-3.0802014708485133,5.823958640443649,5.186945882280744,4.752547335926277,4.70444845422257,-3.6114764700094812,3.202513491901356,1.7380760473108268,0.4916504875481546,0.8031489600208063
-19.32520398815695,6.259750722271413,-6.417283546290949,-63.57963059374229,0.7906379745389533,-11.440364937296444,17.181266687938905,-7.162950712681422,-12.764561763091683,-43.57358383478804,7.632569740844574,-22.23600530650634,13.441205031776073,8.656831347842036,35.88057850022677,4.240412536477343,-13.41905784051986,-1.6951931013343433,-22.280220871325497,18.6896167456229,-7.6825820844322,29.04605529452128,-10.788554119283642,-18.6856644907404,-0.21310552785224124,21.07802707739737,-8.232829764726976,50.041538881825254,-22.165447174006804,-8.642170680774655,-32.342817451700455,-19.555522970995924,41.60052274311356,12.094628214276874,21.83902215534564,-37.54711841636054,-34.80216590932555,-29.116252865516852,-31.357751513723578,23.601985239584067,-15.904444862956888,-13.93210038935166,-4.532792969864311,1.4080060592974946
8.224854803297973,-3.0259900145306253,2.647155738565676,27.97449662641785,-0.35394485010909355,4.797258807399347,-7.695061267773988,3.2890294599206316,5.7211445677513675,19.21796868101409,-3.3971449334451758,9.700958201381715,-5.605521984912289,-3.7882203063443733,-15.808626818965587,-1.8937275661465585,5.898606396827384,0.6499145837752407,9.958182869203037,-8.099532358035082,3.7067861607402137,-12.56415682389786,4.890283761256496,8.87780755874628,-0.11786120397445958,-9.490398956473475,3.8247377087188297,-22.165447174006804,10.006452099853625,3.7420214626659645,14.585713369104976,8.608546683527267,-18.20628573863897,-4.927385185721785,-9.36736235216795,16.479520516492485,15.189743624297584,12.946687403868804,13.663720289853323,-10.354716004422519,7.366124555403052,5.9151342399435425,1.9021660581517106,-0.09686369683313162
3.488374547105946,-0.9516511187217322,1.1928972671292897,11.080206967223091,-0.13345763548278905,2.113886172150792,-2.937497680297969,1.19472162394877,2.1815039385535653,7.542664987724821,-1.312586790407968,3.91091649740252,-2.483138875702777,-1.5172729425573903,-6.241291287740609,-0.740105238649816,2.3250912286853875,0.3271928111587507,3.797030466744257,-3.3207396789244394,1.1780150151174766,-5.183993590307572,1.787857437606551,2.9550931643316036,0.14782319990272827,-3.557444328402335,1.3402133358466888,-8.642170680774655,3.7420214626659645,1.540479879619601,5.472309064978299,3.408846480648816,-7.288035677449255,-2.2999768712547923,-3.9299105414550644,6.541584730389519,6.109655120835256,5.009664099896486,5.520919942678119,-4.1250266502920026,2.5866728742737504,2.5259811333556197,0.8445770618147967,-0.4886241671837832
11.76164462321287,-4.521436767383253,3.665541068390436,40.612576961107465,-0.4614210609229807,6.908280205328071,-11.427990390782401,4.972976028266159,8.583260427529472,27.82618143679111,-4.954542991514477,14.12579758037414,-7.777104717727551,-5.362896657631489,-22.98713661158475,-2.8776117358079496,8.431449255865978,0.767029583801131,14.470650649216784,-11.680167408233533,5.662316600627719,-18.20480624004781,6.993076572988427,13.405492972175725,-0.24208445244823792,-13.903488113137842,5.750923238700065,-32.342817451700455,14.585713369104976,5.472309064978299,21.517797355845243,12.596281660836523,-26.404920340487898,-6.9667987743527835,-13.581651646872611,23.840919625233433,21.808222686722146,18.797451842387428,19.73413055284707,-15.01326690087251,10.916848177737023,8.423646139642605,2.6566740342498765,0.29646198918577443
7.65634154309105,-2.3386864167096797,2.521487918768635,24.90538802070047,-0.29643449051178444,4.583769488842705,-6.7712218345073465,2.8146326675986,5.027200988093828,17.01478786427646,-3.0037845239644176,8.772015608750166,-5.341776366086747,-3.409443986815955,-14.068066754198242,-1.6925446480082864,5.217100089325287,0.635785651011487,8.625060044193894,-7.38979626609952,2.875667107128502,-11.516418249717901,4.074154244665507,7.146561110223878,0.19848701697484183,-8.136312388481278,3.167354909522479,-19.555522970995924,8.608546683527267,3.408846480648816,12.596281660836523,7.683073463098074,-16.32378033816633,-4.910093873007332,-8.682719274072525,14.672131924750861,13.606260171137544,11.350759104210423,12.330813639617075,-9.272587262807855,6.078668581760347,5.550836297762478,1.8374265547903883,-0.7051997985940919
-16.77420007373511,4.729682479104087,-5.730753343104944,-53.312584841411145,0.7032881646724409,-10.002359394579427,14.097490637487148,-5.709331254083385,-10.401488444518169,-36.495285630485334,6.3623614590389614,-18.760485879321518,12.003925432485293,7.424613143567399,30.07791733188567,3.4849077224957696,-11.314132537907867,-1.6152669733464589,-18.344641875132904,15.954868996892445,-5.676728207010144,24.76815111952324,-8.827061934476534,-14.290257500700688,-0.6098203849786066,17.17984365299112,-6.431598276880925,41.60052274311356,-18.20628573863897,-7.288035677449255,-26.404920340487898,-16.32378033816633,35.03666501832414,10.944528588291586,18.736279479422308,-31.57247504159659,-29.491900427463595,-24.221584159487975,-26.568780281299773,19.906026631305437,-12.567195186714786,-12.182348887327114,-4.052719750210026,2.2969157129206885
-6.085943566328947,0.5172036101544518,-2.2186065537114743,-16.247931859467194,0.24893469478849015,-3.804500613016905,3.9906169016306348,-1.372585100757333,-2.829245706338038,-10.97776958232992,1.9392164059809025,-6.003614271724088,4.826563955112651,2.558862392550789,9.216524925335372,1.0488685349245153,-3.453596236882419,-0.6659279308233935,-4.887130644083972,5.405664738181878,-0.3820939767022169,8.403437546361856,-2.076230202296244,-2.1192865288903464,-1.023960057960367,4.289189380763138,-1.18590237117243,12.094628214276874,-4.927385185721785,-2.2999768712547923,-6.9667987743527835,-4.910093873007332,10.944528588291586,4.80776645045031,6.55167388887424,-9.674160474388632,-9.350236473247078,-7.026161627827882,-8.573421903782343,6.324325400942056,-2.462411914929989,-4.6184036865987945,-1.7137755298649096,2.5376292652621832
-9.353855931877714,2.04568584436655,-3.199596209111178,-28.316239023859676,0.3634126499990356,-5.711781608627894,7.460584249834318,-2.9370600221422865,-5.464010196670373,-19.25133146286118,3.403918335730375,-10.148244004755385,6.862302780798915,4.069076907956802,16.0185612731884,1.9047603186647544,-5.946051323729766,-0.8583265869856369,-9.352348788138906,8.755772731486664,-2.3765628074673284,13.646698613306123,-4.254885176416143,-6.616577893841466,-0.7713874531788348,8.63307917038921,-3.0802014708485133,21.83902215534564,-9.36736235216795,-3.9299105414550644,-13.581651646872611,-8.682719274072525,18.736279479422308,6.55167388887424,10.418961948069477,-16.727437108252758,-15.734258772511698,-12.671435837545358,-14.3341914614062,10.706866123053821,-6.004091800504091,-6.905027842030085,-2.4002742545749283,2.036315985076161
15.067698776144773,-4.3969012421932785,5.250750556001143,48.10221029301811,-0.6875288289404415,8.891878392563854,-12.552358469485007,5.064270313064885,9.284206833307065,33.013712923853625,-5.685454156574119,16.81442173377892,-10.806934331379503,-6.651958621622141,-27.108948823272154,-3.0889070982300164,10.277899692832591,1.558191403464134,16.681890223957055,-14.291158876504962,5.2621794693810475,-22.113231167309163,8.265052030137445,12.942815720916746,0.39574280606095735,-15.667282594314642,5.823958640443649,-37.54711841636054,16.479520516492485,6.541584730389519,23.840919625233433,14.672131924750861,-31.57247504159659,-9.674160474388632,-16.727437108252758,28.596945115847443,26.72194809654927,21.92606562863319,23.902182876969075,-17.913697299833117,11.50628157347609,10.887617864780786,3.5551622640324756,-1.9782269767089637
14.29967805421176,-3.8621820648834313,5.108935755221675,44.846409504174744,-0.6770264622146148,8.456012463467369,-11.445709720536458,4.518907868442768,8.408637934000431,30.77017487970679,-5.258661006322369,15.674712345360096,-10.479926391889114,-6.298803574879532,-25.23305904413812,-2.793589190265703,9.658425791612917,1.6152211918577626,15.452960201982767,-13.440644041186234,4.541530473097758,-20.762405907862885,7.697849254391205,11.37237673310977,0.5316830566013194,-14.40148907002681,5.186945882280744,-34.80216590932555,15.189743624297584,6.109655120835256,21.808222686722146,13.606260171137544,-29.491900427463595,-9.350236473247078,-15.734258772511698,26.72194809654927,25.14015353673763,20.3736486862194,22.409001039835502,-16.72375383425047,10.375466211888149,10.3633794335053,3.439786917700931,-2.411792598888401
11.267910025620221,-3.65887084129307,3.802202237418478,37.06524341303538,-0.5042761071922811,6.631491596193987,-9.896343490685313,4.110733844148691,7.340167986601486,25.41687327211763,-4.428223647203604,12.896057590298922,-7.914717752429444,-5.069405410669646,-20.904746022710345,-2.449623704870481,7.859841674119954,1.0459543113947685,13.006381936873836,-10.882293917895492,4.44418972602809,-16.86785291817182,6.414717110368128,10.793671000172882,0.09624516634844234,-12.299016419880564,4.752547335926277,-29.116252865516852,12.946687403868804,5.009664099896486,18.797451842387428,11.350759104210423,-24.221584159487975,-7.026161627827882,-12.671435837545358,21.92606562863319,20.3736486862194,17.016431692400733,18.262240999328984,-13.750256055755267,9.267754087256092,8.124901849170103,2.6470454188120245,-0.8858793626713197
12.891267598990812,-3.3922852669346923,4.43071047004361,40.34152346240702,-0.5389626298479973,7.713513709091264,-10.597169042587543,4.233673584477832,7.769897601783545,27.61286385046711,-4.822550054523732,14.255439585568485,-9.345276905106177,-5.7099412614061675,-22.761648392464235,-2.6029681789104715,8.591444054098254,1.2780231646295308,13.761171664693741,-12.191414128166448,4.008628757338192,-18.913985991853895,6.56059335964273,10.362477057954695,0.624443876444883,-12.806376212607418,4.70444845422257,-31.357751513723578,13.663720289853323,5.520919942678119,19.73413055284707,12.330813639617075,-26.568780281299773,-8.573421903782343,-14.3341914614062,23.902182876969075,22.409001039835502,18.262240999328984,20.220926772310065,-15.111720987028626,9.230685584019112,9.411479976620083,3.1812180695012473,-2.1263100525223995
-9.584171671229237,2.6469753409824976,-3.234688560098492,-30.277527841044286,0.4032178734115451,-5.716877890014484,8.06392850187386,-3.2716201982970547,-5.94244479191875,-20.715156358019893,3.6441978820465764,-10.685930132756553,6.861508310331539,4.256345965649445,17.125210741428603,2.0210459940473133,-6.400324048013475,-0.8634046457929103,-10.327826597115832,9.111666846257767,-3.1280654278232256,14.144052052084167,-4.929647956263281,-8.031168478431287,-0.42023166076263035,9.667539894604225,-3.6114764700094812,23.601985239584067,-10.354716004422519,-4.1250266502920026,-15.01326690087251,-9.272587262807855,19.906026631305437,6.324325400942056,10.706866123053821,-17.913697299833117,-16.72375383425047,-13.750256055755267,-15.111720987028626,11.364610671738099,-7.054009216784812,-6.996184006550294,-2.342219060992334,1.3755432723215402
5.108798622152501,-2.7279453854428306,1.5555788154645436,19.563405251757743,-0.2168804285882558,2.866380057792784,-5.577646551026676,2.5384715862886034,4.250665213133862,13.528163887969848,-2.3559168040353744,6.602374756332381,-3.1145355560051904,-2.404187096298766,-11.013475188373413,-1.338539515091782,4.10769026917516,0.34743483885462056,7.439038788592827,-5.284838516876534,3.524619388330748,-8.204603026941609,3.8347456796944623,7.686102986710476,-0.6469858192645422,-7.292638890086138,3.202513491901356,-15.904444862956888,7.366124555403052,2.5866728742737504,10.916848177737023,6.078668581760347,-12.567195186714786,-2.462411914929989,-6.004091800504091,11.50628157347609,10.375466211888149,9.267754087256092,9.230685584019112,-7.054009216784812,6.073606026461226,3.513570221568846,0.9792636959066334,1.1649908521245362
6.340251818473607,-1.0942925371113825,2.2501676805732815,18.304462506285265,-0.2755393111104285,3.8558302645133478,-4.647831310821713,1.7296909326132872,3.3434267127685424,12.482201405637,-2.1940555597653693,6.603664844594781,-4.838915399918794,-2.754736953904571,-10.362526677587072,-1.1697343870411927,3.913877296047874,0.6706882242309945,5.892400947085834,-5.801255413639383,1.1376508847708573,-8.984975333722232,2.702827462889639,3.575181955193927,0.6940850052592248,-5.340572298449082,1.7380760473108268,-13.93210038935166,5.9151342399435425,2.5259811333556197,8.423646139642605,5.550836297762478,-12.182348887327114,-4.6184036865987945,-6.905027842030085,10.887617864780786,10.3633794335053,8.124901849170103,9.411479976620083,-6.996184006550294,3.513570221568846,4.733886386684694,1.681851829001138,-1.8869204880285306
2.189572620160546,-0.2312026920954438,0.7599175565931557,6.057912360390452,-0.08341421719694853,1.3766322470291894,-1.5447161876835092,0.5577144952301198,1.0705372004235918,4.082494822699787,-0.7481994224930177,2.2312118257461773,-1.7417644212975572,-0.9821307005491867,-3.430504562464495,-0.38634301379629366,1.2863961031800404,0.21950832225519276,1.8592334988166443,-2.0098558399969533,0.18980799050632877,-3.1309222244517785,0.7445682123386147,0.971196324835785,0.3524792870907517,-1.6174018996908481,0.4916504875481546,-4.532792969864311,1.9021660581517106,0.8445770618147967,2.6566740342498765,1.8374265547903883,-4.052719750210026,-1.7137755298649096,-2.4002742545749283,3.5551622640324756,3.439786917700931,2.6470454188120245,3.1812180695012473,-2.342219060992334,0.9792636959066334,1.681851829001138,0.6614554321521365,-0.8348166823793615
-2.3093084547390386,-0.9894792874250671,-1.188024062867274,-2.9448294403642676,0.1523373369386738,-1.5262077779978647,-0.014375324360859624,0.43120732427545877,0.19421666369964358,-1.9285715823163425,0.2531788541135088,-1.2932466513683132,2.4711837843793436,0.8205755513038052,1.6366078599885108,0.0072374798016701745,-0.7923201529332187,-0.5842006316338377,-0.2073128846455882,1.5610289905357861,1.551189589887669,2.3382524781691454,-0.008103792694520535,2.5843366242862285,-1.0658913575570212,-0.2407717058397279,0.8031489600208063,1.4080060592974946,-0.09686369683313162,-0.4886241671837832,0.29646198918577443,-0.7051997985940919,2.2969157129206885,2.5376292652621832,2.036315985076161,-1.9782269767089637,-2.411792598888401,-0.8858793626713197,-2.1263100525223995,1.3755432723215402,1.1649908521245362,-1.8869204880285306,-0.8348166823793615,2.85663862083319
