V1,V2,V3,V4,V5,V6,V7,V8,V9,V10,V11,V12,V13,V14,V15,V16,V17,V18,V19,V20,V21,V22,V23,V24,V25,V26,V27,V28,V29,V30,V31,V32,V33,V34,V35,V36,V37,V38,V39,V40,V41,V42,V43,V44
2.303389760591816,-2.3347213927389046,0.9711791240993292,1.232834561500407,1.491744440119021,0.03371724703333963,0.4083524801143821,1.0432834780079288,-0.08237727035589532,0.18557495520211767,1.8261215953110939,0.391132212711633,-1.5670485936446084,1.538085766425634,1.669211318898791,0.4564071578243628,-1.8469618525088087,-0.27877990777925094,1.6646349533613496,-2.0960262136999686,-1.1708016313271903,-1.1855349253647391,1.2434634895598484,0.35114518572030745,-0.47754637604235567,0.6305325040857862,0.9720009227236345,-1.0897971593275624,0.7257041396683744,-0.7440789548189128,0.8737637685179468,0.2558277908306218,0.6427324582519879,1.4120644723218372,-0.3074188493988394,0.6589286142860922,-1.3636027064369303,0.21523391430684077,-0.06828796756551174,-0.44625471858388094,0.28584444970844014,1.4720853493320711,-1.810521479344981,-0.9010010822751476
-2.3347213927389046,3.7038389220727104,-0.43104859459889017,-1.0693446564451938,-1.3601291231983157,-0.33200122025317963,1.0462379907317025,-0.8704322235636738,-0.753000729597067,-0.6594762594048207,-0.9393162742726199,1.0054907962990804,2.691249966681504,-1.5654136255755133,-1.2512107992771093,-0.08734821541470189,1.417304129761349,-0.28675816818442784,-0.7848571325732178,2.0454911414148835,2.2252667423935004,1.8950046574593973,-1.2326036804675709,-0.7802449498417456,0.3007752905954781,-0.3862595181263094,-1.2039096004928131,1.3608952927171398,-0.7779970385249103,1.2678138527009353,-0.5882408713100359,0.1550682237461906,-0.43578080228353494,-2.197090682464591,-0.4076671565376655,0.010246591195899593,1.2865150826474776,-0.1320345506675252,0.7402591440633914,-0.30532084986396557,-0.8144492658435054,-0.8429304198679969,2.2438369436040566,1.3617789641654576
0.9711791240993292,-0.43104859459889017,0.8544215800601783,0.6978019198927141,0.9999388572556714,-0.12726692622376135,0.7454068522761396,0.3821875245764129,-0.6549006021227696,-0.242144355344789,0.922382919357192,0.5673522394151531,-0.23695373507658635,0.5436897604722837,0.8229445810169514,0.44705523028663985,-0.8731465668487698,-0.2255238931936033,1.1303374534794781,-0.6877636227464132,-0.34678368416016697,0.008673118592288667,0.4550258232054562,0.31882104015468893,-0.4546918074002906,0.20696772017431755,0.5274882850435425,-0.5586172265963063,0.11283294490449816,-0.2927201523628747,0.6273567688321862,0.1319802083892784,0.2993797550108819,0.16235176887333813,-0.46537806506253465,0.6262694521519389,-0.6389456814457631,0.3496191576419793,0.014403698552099305,-0.5613912250197238,-0.13216235875207633,0.9934775596089321,-0.7291819461206577,-0.514703548965913
1.232834561500407,-1.0693446564451938,0.6978019198927141,0.8321373725335022,0.9471940264832309,-0.07113211390996604,0.429767687145233,0.5500095432026257,-0.2519700415861707,-0.01610113005733547,1.0752485621235544,0.3506053052445351,-0.7278275014104413,0.8333663039216008,0.9995647827422836,0.3448477776325577,-1.005113593659236,-0.20362642541223092,1.0841245749834867,-1.0640666911612138,-0.5845222051731636,-0.4207863863785695,0.7042325961334033,0.20894005219296155,-0.36327860883232804,0.36529054066045724,0.5614487909285758,-0.6157785380680276,0.2995992089646512,-0.4170910431916434,0.5362658904655959,0.14019213039047626,0.36323563870145736,0.5842686617718729,-0.2609170142635384,0.5064244558949882,-0.7209910697142184,0.2356303826891338,-0.009705503074271569,-0.37428154655675366,0.061846941401699634,0.9824206386147902,-0.973222945832439,-0.5028082414968138
1.491744440119021,-1.3601291231983157,0.9999388572556714,0.9471940264832309,1.8421545994917055,0.08403569651121448,-0.11215029290111708,0.3351717323949291,-0.7034293693366821,-0.24541219015689256,0.5111909793439224,-0.31796403454517,-1.1255018712422695,0.6100955434384505,0.8747180937238614,0.5447253102018531,-0.7697294223498472,0.1765000518564508,1.0167311429470216,-0.7715775814146462,-1.5059704247203016,-0.22471238347335948,0.5320215693110031,1.2512534901635182,-0.6222166118715939,-0.1420545742007666,1.2280578159108553,-1.2565246728610875,-0.015882833584825774,-0.9763219976817793,1.046585334230865,-0.16568961819819233,0.3769409725546151,0.7084074715836878,-0.48405026683184593,0.5389584031402856,-0.8962704312992755,0.7049953467578518,-0.7923221099996047,-0.4776680729114842,-0.005483268545564183,1.2841520314060129,-1.4301078482525136,-1.6308175394610758
0.03371724703333963,-0.33200122025317963,-0.12726692622376135,-0.07113211390996604,0.08403569651121448,0.14210125169607474,-0.4930198509264329,-0.09405895072166537,0.13992552371444514,0.0840553095181054,-0.35415844932786333,-0.49508471178765207,-0.3504014112521133,-0.08125153783641216,-0.1808645870399084,-0.08077557668312915,0.20294930758781962,0.21718044582141763,-0.31151384993649356,0.06753841067640451,-0.4208078897703999,-0.15602513585277217,-0.07231747407975753,0.2757070483584175,0.037797510685698824,-0.15858654409306905,0.14714892192443155,-0.15706482968992458,-0.05655984320559247,-0.21397446074890128,0.010127083643779908,-0.15315050756669787,-0.0636382660451609,0.1945056876385179,0.11554763171132218,-0.1974600036197504,0.025862802924081583,0.029206951817553665,-0.3024421954279034,0.1997167384167041,0.09639021852080602,-0.12232305399273574,-0.1343971219357134,-0.33521181003396505
0.4083524801143821,1.0462379907317025,0.7454068522761396,0.429767687145233,-0.11215029290111708,-0.4930198509264329,2.352429055075916,0.6336654221904655,-0.716106374195212,-0.3225364203767501,1.9366864235070245,2.2949259874668004,1.2324083793524172,0.5998525788326257,1.02069253795432,0.40734513053551086,-1.3144131371142829,-1.0317118201875743,1.6375494516039717,-0.8110720199354085,1.6066066386443325,0.3628330766241844,0.4659345794423436,-1.126188913820304,-0.24911870094476268,0.8343063703169095,-0.47848555196118747,0.458772080141305,0.4061077919089962,0.821414869036404,0.18082970676174728,0.7449896818258095,0.34578691748028056,-0.6253483056120334,-0.6562693529291442,0.9405523547237545,-0.43520615316628875,-0.18181331223738326,1.367359928472256,-0.9033447835930453,-0.39534902020743096,0.8315391049949423,0.27117313866302245,1.2464087452848305
1.0432834780079288,-0.8704322235636738,0.3821875245764129,0.5500095432026257,0.3351717323949291,-0.09405895072166537,0.6336654221904655,0.7210170263351955,0.1202945218477027,0.146785919629284,1.3903844280252693,0.72342489294742085,-0.42258373454393977,0.9054581530540063,0.9964966846873525,0.17251637645565504,-1.1473491661314046,-0.4245362810748169,1.002505723691655,-1.2758935298830874,0.04185997823065522,-0.6412860502541597,0.7264170045642597,-0.3562040845500913,-0.1073270261244352,0.5889383233607378,0.15022862384528915,-0.20532336819508837,0.5705316267835637,-0.01606944705480763,0.2888845749632441,0.3831929420256909,0.39880981345806416,0.6466726349159314,-0.17669188410663747,0.40522169165774974,-0.6475520172429913,-0.13879059269888777,0.4524207204380106,-0.2938122646088201,0.11488976795406962,0.678168578116529,-0.6468164168375894,0.1754127974300334
-0.08237727035589532,-0.753000729597067,-0.6549006021227696,-0.2519700415861707,-0.7034293693366821,0.13992552371444514,-0.716106374195212,0.1202945218477027,1.001409331682624,0.5088939371093155,-0.0902876245260669,-0.4695424645717791,-0.5284748685469024,0.22562557685621096,-0.12868362098666744,-0.39473402760516324,0.08069457359581886,0.11293856063158181,-0.5842196974324437,-0.3341043421887552,-0.06594671922215992,-0.745114418114133,0.1467608922345263,-0.4739559412024566,0.40638013740936046,0.20294775231185583,-0.3009001855911344,0.27886048316657785,0.34821377898869116,0.0727536626348178,-0.4842783976308659,0.018308326772422435,-0.055035068781828525,0.6094302935378959,0.5629206385942351,-0.4843442881211882,0.13966371171263606,-0.4474149686371322,0.09808382036320458,0.5500900922096372,0.389925503300567,-0.6064945296525625,0.018332977274359983,0.41157318038458546
0.18557495520211767,-0.6594762594048207,-0.242144355344789,-0.01610113005733547,-0.24541219015689256,0.0840553095181054,-0.3225364203767501,0.146785919629284,0.5088939371093155,0.3075963181321722,0.10746508448635475,-0.24089139225471828,-0.45488738390290684,0.26480276631680827,0.06497855116381825,-0.1757590819119635,-0.13225246599130114,0.04797270120257818,-0.15503540226856663,-0.37420029833366447,-0.1708152110496842,-0.5157194066208614,0.19763102683582498,-0.21257974166851532,0.1512828218965149,0.16822579554291717,-0.06772264387341348,0.03185873043978772,0.24941323108584143,-0.04835482408396459,-0.19254147781270495,0.014603228792891602,1.1279529914953229e-4,0.4523115894414904,0.2976203431124537,-0.20473205658768645,-0.04924786288502366,-0.22038755538068067,0.048084080682841285,0.283212186509205,0.2547802849985817,-0.20265734131805196,-0.17702557940090138,0.13027483831903716
1.8261215953110939,-0.9393162742726199,0.922382919357192,1.0752485621235544,0.5111909793439224,-0.35415844932786333,1.9366864235070245,1.3903844280252693,-0.0902876245260669,0.10746508448635475,3.0172464528049137,2.0460224589017475,-0.19786965813355925,1.7020395378321223,2.014662362768301,0.45594529100935494,-2.3213540151289282,-1.0563622257177816,2.2473526751295982,-2.3790547228981422,0.681055549090724,-0.8495019282356788,1.3696289717217627,-1.050260408660881,-0.2564792654091251,1.2858796551058975,0.05181571817026874,-0.13387669476346073,1.0668135749324728,0.3015303841642665,0.5385873567108671,0.9155654581665651,0.7781849418568052,0.7901286904921633,-0.5572144546183009,1.0471677893291722,-1.165116258840346,-0.28175456738162236,1.2634200071630588,-0.8380784408829456,0.01179614789775051,1.4467638437196524,-0.918366126275189,0.7259362759549159
0.391132212711633,1.0054907962990804,0.5673522394151531,0.3506053052445351,-0.31796403454517,-0.49508471178765207,2.2949259874668004,0.72342489294742085,-0.4695424645717791,-0.24089139225471828,2.0460224589017475,2.441155412649818,1.244969346879133,0.6769453625944327,1.0926002392227938,0.3567751605635626,-1.392676043645414,-1.1170993670319307,1.587720044921858,-0.9302649354503785,1.8008038074498744,0.17973627576469692,0.5301721498765153,-1.3819173581908084,-0.10923993110595567,0.9264031297346863,-0.6272766889192735,0.6194302015788283,0.5424788147372098,0.967964606591584,0.05963639073328942,0.8341863836542885,0.4285374101232936,-0.5208761891922981,-0.5948765957435564,0.8856319342774983,-0.4575875892433378,-0.31770729787154267,1.4809314247914265,-0.9061754215371243,-0.3644900759856111,0.730106841218589,0.3543594012383981,1.4790502766847546
-1.5670485936446084,2.691249966681504,-0.23695373507658635,-0.7278275014104413,-1.1255018712422695,-0.3504014112521133,1.2324083793524172,-0.42258373454393977,-0.5284748685469024,-0.45488738390290684,-0.19786965813355925,1.244969346879133,2.1680042919215157,-0.8972044942904823,-0.6539856604993505,-0.032484501672838784,0.6199016696664594,-0.4629314097510535,-0.20963204112492753,1.1955158460546522,2.009813988716887,1.2849272215387542,-0.7389855856613288,-0.8766017900175378,0.19410572698540826,-0.0416452089286132,-1.0124489475149545,1.118407803453239,-0.35137608699838885,1.1327052107711062,-0.4447956291709937,0.30139525524968913,-0.23139738176650443,-1.57084986288958,-0.31933926520049455,0.14648757576582072,0.7609429164630549,-0.22518294014000578,0.8859948116635685,-0.3473816554210109,-0.5605900556260603,-0.5483728298694044,1.6324750809012052,1.425878229846562
1.538085766425634,-1.5654136255755133,0.5436897604722837,0.8333663039216008,0.6100955434384505,-0.08125153783641216,0.5998525788326257,0.9054581530540063,0.22562557685621096,0.26480276631680827,1.7020395378321223,0.6769453625944327,-0.8972044942904823,1.3037880846801513,1.3269949010674083,0.23193823989266685,-1.5228544033723128,-0.40857653063146393,1.2813726124089444,-1.7351857619703184,-0.3361207179757241,-0.9719650555122027,1.021355174556697,-0.32222577311612205,-0.20235905235181664,0.7552346382000786,0.35672866283284743,-0.4334372597686707,0.7466912596328049,-0.21417704018038494,0.38851905055805736,0.3847504820451315,0.4826645113864745,1.0252450074387913,-0.09711408721279911,0.48016054149092735,-0.9242681699069542,-0.10700454990275016,0.39120103467547185,-0.28543951055635314,0.27307515293817985,0.909553900832016,-1.093213859554831,-0.011511027416283747
1.669211318898791,-1.2512107992771093,0.8229445810169514,0.9995647827422836,0.8747180937238614,-0.1808645870399084,1.02069253795432,0.9964966846873525,-0.12868362098666744,0.06497855116381825,2.014662362768301,1.0926002392227938,-0.6539856604993505,1.3269949010674083,1.5741587352207909,0.4248611111482257,-1.7173104848836693,-0.5792412793584906,1.6824711707591784,-1.7849913837487128,-0.145073870666862,-0.7506445159580807,1.0910742927457475,-0.29997344635141304,-0.32441385528334965,0.7776440196952686,0.4243061494157452,-0.4919542526326855,0.7096717069106049,-0.16278909667352304,0.594177006125387,0.49275230333618647,0.6258552589320361,0.8452968320657951,-0.3956362062796007,0.7685653323613176,-1.0422000405801612,0.027740026224900686,0.49174424874496203,-0.6218516552625818,0.07666484955822873,1.261493574013219,-1.1058313947083336,-0.060860407235629986
0.4564071578243628,-0.08734821541470189,0.44705523028663985,0.3448477776325577,0.5447253102018531,-0.08077557668312915,0.40734513053551086,0.17251637645565504,-0.39473402760516324,-0.1757590819119635,0.45594529100935494,0.3567751605635626,-0.032484501672838784,0.23193823989266685,0.4248611111482257,0.27091202416882015,-0.41459059689335653,-0.12728419016879053,0.5909526180119861,-0.28844454553799753,-0.11417462984699385,0.08542338896317156,0.21322330865626954,0.17252934908521972,-0.2349512864313838,0.06999730240468267,0.2678496335874631,-0.2663675462425114,0.028558289233507454,-0.11472779823309553,0.34858682880893216,0.075933837525171,0.18106367294478531,0.02065216940757418,-0.294074445419151,0.35505883649857806,-0.32041411945513165,0.21218639797034133,-0.01108356344183048,-0.3596107094090662,-0.11887018429092067,0.5390593652453559,-0.32152148546970866,-0.27726718323936045
-1.8469618525088087,1.417304129761349,-0.8731465668487698,-1.005113593659236,-0.7697294223498472,0.20294930758781962,-1.3144131371142829,-1.1473491661314046,0.08069457359581886,-0.13225246599130114,-2.3213540151289282,-1.392676043645414,0.6199016696664594,-1.5228544033723128,-1.7173104848836693,-0.41459059689335653,2.0670279876996167,0.7283748122076006,-1.8990288586587358,2.0544498763300467,-0.015433646370652416,0.9377788797535143,-1.185301472761718,0.5008987386449054,0.34680501708949996,-0.961934010430853,-0.34111756991117015,0.4394012314756203,-0.8896926146851315,0.05305102447649634,-0.5644881407555954,-0.5928017267836782,-0.6429597678455683,-0.9148270277546472,0.35937450532288523,-0.8082380209948021,1.2241899979091868,0.09932787269512817,-0.7151214613022195,0.6374628654621654,-0.14997992121529474,-1.2637647436206654,1.1724080263686794,-0.20358263664624607
-0.27877990777925094,-0.28675816818442784,-0.2255238931936033,-0.20362642541223092,0.1765000518564508,0.21718044582141763,-1.0317118201875743,-0.4245362810748169,0.11293856063158181,0.04797270120257818,-1.0563622257177816,-1.1170993670319307,-0.4629314097510535,-0.40857653063146393,-0.5792412793584906,-0.12728419016879053,0.7283748122076006,0.5588735336384123,-0.7664537810201044,0.5789514553411714,-0.820038465801256,0.0564117772268483,-0.326484070700956,0.6746996308934213,0.02858353582815491,-0.49688256605013675,0.2871111685137187,-0.26704083070709744,-0.32367241850945966,-0.4235931126136765,-0.016124620940777382,-0.4167525534914227,-0.229131617159571,0.11724469525996122,0.24069379281532438,-0.3867092117075001,0.2557697810419386,0.20079535928432582,-0.7281835290482581,0.37290590662450107,0.11840966341428623,-0.35063890829590866,-0.09409839093736505,-0.7374392165512903
1.6646349533613496,-0.7848571325732178,1.1303374534794781,1.0841245749834867,1.0167311429470216,-0.31151384993649356,1.6375494516039717,1.002505723691655,-0.5842196974324437,-0.15503540226856663,2.2473526751295982,1.587720044921858,-0.20963204112492753,1.2813726124089444,1.6824711707591784,0.5909526180119861,-1.8990288586587358,-0.7664537810201044,2.0824230448691643,-1.6910308524803377,0.17980101859170305,-0.4021475064815134,1.0484509749991293,-0.30634994213197453,-0.504966491343871,0.8044061370545216,0.4172494260146482,-0.48293590514005214,0.6320095369908619,-0.0339315977995754,0.7376186768702127,0.5774617059392972,0.6448250954722982,0.487066492114961,-0.6429076784966672,1.038536115276914,-1.1203571573603948,0.13815317252206438,0.6800760785731185,-0.9077594695485178,-0.09853703390487262,1.4922409230769937,-1.0138897423138642,0.06614882928020337
-2.0960262136999686,2.0454911414148835,-0.6877636227464132,-1.0640666911612138,-0.7715775814146462,0.06753841067640451,-0.8110720199354085,-1.2758935298830874,-0.3341043421887552,-0.37420029833366447,-2.3790547228981422,-0.9302649354503785,1.1955158460546522,-1.7351857619703184,-1.7849913837487128,-0.28844454553799753,2.0544498763300467,0.5789514553411714,-1.6910308524803377,2.4365741017968765,0.3927359714571375,1.3689550000412225,-1.3759535706249348,0.46754345106362727,0.20931238147742035,-1.0369107182991055,-0.4442482849815018,0.5591652665554886,-1.0458327968463819,0.2536024711022173,-0.5560450128634856,-0.5745724997424243,-0.6790194874602956,-1.418004636382559,0.1981399528340205,-0.6327854844709905,1.2302320849007733,0.2129366478499165,-0.5841661034184847,0.373702078862932,-0.3354039058158572,-1.2336619341938768,1.4229253506929855,0.018667724759410982
-1.1708016313271903,2.2252667423935004,-0.34678368416016697,-0.5845222051731636,-1.5059704247203016,-0.4208078897703999,1.6066066386443325,0.04185997823065522,-0.06594671922215992,-0.1708152110496842,0.681055549090724,1.8008038074498744,2.009813988716887,-0.3361207179757241,-0.145073870666862,-0.11417462984699385,-0.015433646370652416,-0.820038465801256,0.17980101859170305,0.3927359714571375,2.445895424112992,0.705464620958388,-0.2708320307709874,-1.6029011462782115,0.35075020085731107,0.47632490820585416,-1.2940890315728746,1.3530773841665993,0.13816064770629152,1.3899996287113139,-0.6413154877033989,0.6230170018278046,-0.03512667499023816,-1.1699936691533326,-0.2015164019641958,0.22091366246645996,0.5440458984953578,-0.5918416950050737,1.4515931417380588,-0.3452490803481455,-0.40321291739678267,-0.4866925113794287,1.5269945431371208,2.0797411139231663
-1.1855349253647391,1.8950046574593973,0.008673118592288667,-0.4207863863785695,-0.22471238347335948,-0.15602513585277217,0.3628330766241844,-0.6412860502541597,-0.745114418114133,-0.5157194066208614,-0.8495019282356788,0.17973627576469692,1.2849272215387542,-0.9719650555122027,-0.7506445159580807,0.08542338896317156,0.9377788797535143,0.0564117772268483,-0.4021475064815134,1.3689550000412225,0.705464620958388,1.275742814151276,-0.7519626650268594,0.16611955868317263,-0.06405720899903525,-0.4796341848445661,-0.2805532136297149,0.3806787189488485,-0.6642088780490596,0.3526458269896606,-0.06370500963391384,-0.13013462564248482,-0.2814860396379562,-1.234279697331967,-0.3012509981846888,0.06386494580545486,0.6471569125783333,0.25141904413082083,-0.024608483533746252,-0.21927054783772085,-0.47384977795362854,-0.2635252638009234,0.9650927776254236,0.16911785867914605
1.2434634895598484,-1.2326036804675709,0.4550258232054562,0.7042325961334033,0.5320215693110031,-0.07231747407975753,0.4659345794423436,0.7264170045642597,0.1467608922345263,0.19763102683582498,1.3696289717217627,0.5301721498765153,-0.7389855856613288,1.021355174556697,1.0910742927457475,0.21322330865626954,-1.185301472761718,-0.326484070700956,1.0484509749991293,-1.3759535706249348,-0.2708320307709874,-0.7519626650268594,0.855807784635698,-0.23003673996876164,-0.16967772149027074,0.5751451212583558,0.30540046606269605,-0.3718214673484782,0.5775899244134223,-0.19616563745916224,0.33171626065406257,0.3028402217075676,0.41967658488635207,0.8218324170235931,-0.10747911036958752,0.4150603381126087,-0.7221680319435595,-0.05055614859679574,0.284775254042251,-0.2632785372595665,0.18942528177923018,0.7743967228510426,-0.8818858003481429,-0.06272279850866633
0.35114518572030745,-0.7802449498417456,0.31882104015468893,0.20894005219296155,1.2512534901635182,0.2757070483584175,-1.126188913820304,-0.3562040845500913,-0.4739559412024566,-0.21257974166851532,-1.050260408660881,-1.3819173581908084,-0.8766017900175378,-0.32222577311612205,-0.29997344635141304,0.17252934908521972,0.5008987386449054,0.6746996308934213,-0.30634994213197453,0.46754345106362727,-1.6029011462782115,0.16611955868317263,-0.23003673996876164,1.6705779465483368,-0.38395206672432347,-0.7771773333572392,1.0314949323598288,-1.0230475169232272,-0.4926463565975153,-0.9982244935570785,0.6582440009346318,-0.58070491582985,-0.0728019901550397,0.3279677042479363,-0.1025809403842556,-0.13098779377827682,-0.18600921159800335,0.6785210660456632,-1.2932056695604657,0.1043043207693178,0.05504884720229281,0.2965993089039283,-0.77708896227499,-1.6916988566302809
-0.47754637604235567,0.3007752905954781,-0.4546918074002906,-0.36327860883232804,-0.6222166118715939,0.037797510685698824,-0.24911870094476268,-0.1073270261244352,0.40638013740936046,0.1512828218965149,-0.2564792654091251,-0.10923993110595567,0.19410572698540826,-0.20235905235181664,-0.32441385528334965,-0.2349512864313838,0.34680501708949996,0.02858353582815491,-0.504966491343871,0.20931238147742035,0.35075020085731107,-0.06405720899903525,-0.16967772149027074,-0.38395206672432347,0.30535371069590855,0.008090508215012004,-0.3771173558053345,0.3947900436067933,0.031867920989910994,0.2660398065005743,-0.362893004679734,0.039856619649863645,-0.10001327877492264,-0.06568753279663456,0.19916806801789014,-0.2704893993005785,0.33612840753390166,-0.2662948649562093,0.1653412813220858,0.23910506325370695,0.03812421873071993,-0.48619602346138463,0.4384267258894422,0.4094673997694924
0.6305325040857862,-0.3862595181263094,0.20696772017431755,0.36529054066045724,-0.1420545742007666,-0.15858654409306905,0.8343063703169095,0.5889383233607378,0.20294775231185583,0.16822579554291717,1.2858796551058975,0.9264031297346863,-0.0416452089286132,0.7552346382000786,0.7776440196952686,0.06999730240468267,-0.961934010430853,-0.49688256605013675,0.8044061370545216,-1.0369107182991055,0.47632490820585416,-0.4796341848445661,0.5751451212583558,-0.7771773333572392,0.008090508215012004,0.7026386961108354,-0.21161822366339536,0.1638784028399361,0.5289337087737245,0.27749899917956333,-0.018561552979572606,0.42051832657966853,0.2511183817239407,0.2940756193739705,-0.05401027657480795,0.32193054469718974,-0.3980144813791668,-0.2970128204468149,0.716953484794434,-0.2042341366056426,0.0807393362897919,0.395655541378138,-0.22372661938928637,0.6517227214151622
0.9720009227236345,-1.2039096004928131,0.5274882850435425,0.5614487909285758,1.2280578159108553,0.14714892192443155,-0.47848555196118747,0.15022862384528915,-0.3009001855911344,-0.06772264387341348,0.05181571817026874,-0.6272766889192735,-1.0124489475149545,0.35672866283284743,0.4243061494157452,0.2678496335874631,-0.34111756991117015,0.2871111685137187,0.4172494260146482,-0.4442482849815018,-1.2940890315728746,-0.2805532136297149,0.30540046606269605,1.0314949323598288,-0.3771173558053345,-0.21161822366339536,0.913880527690382,-0.937277811928987,-0.035693603426581434,-0.8077539585134647,0.6645721871575603,-0.22922178024542356,0.18487666434061498,0.6562786780213565,-0.17481386723658252,0.1785788663870684,-0.5539107149001442,0.47084845920914553,-0.7419600268537817,-0.12071394412727249,0.11412991550250774,0.6934694619382286,-1.0500985437761636,-1.2664758206514222
-1.0897971593275624,1.3608952927171398,-0.5586172265963063,-0.6157785380680276,-1.2565246728610875,-0.15706482968992458,0.458772080141305,-0.20532336819508837,0.27886048316657785,0.03185873043978772,-0.13387669476346073,0.6194302015788283,1.118407803453239,-0.4334372597686707,-0.4919542526326855,-0.2663675462425114,0.4394012314756203,-0.26704083070709744,-0.48293590514005214,0.5591652665554886,1.3530773841665993,0.3806787189488485,-0.3718214673484782,-1.0230475169232272,0.3947900436067933,0.1638784028399361,-0.937277811928987,0.9839568796259556,-0.010009951451474838,0.8464878361495933,-0.6720289936809177,0.2238660227421183,-0.20126731959160124,-0.7285890540779132,0.154495993807733,-0.18755312094138632,0.6177446513621025,-0.4577073734285436,0.727411028388504,0.10655924310063151,-0.14791225692165222,-0.7329187848950713,1.1389259158102698,1.2773862326769132
0.7257041396683744,-0.7779970385249103,0.11283294490449816,0.2995992089646512,-0.015882833584825774,-0.05655984320559247,0.4061077919089962,0.5705316267835637,0.34821377898869116,0.24941323108584143,1.0668135749324728,0.5424788147372098,-0.35137608699838885,0.7466912596328049,0.7096717069106049,0.028558289233507454,-0.8896926146851315,-0.32367241850945966,0.6320095369908619,-1.0458327968463819,0.13816064770629152,-0.6642088780490596,0.5775899244134223,-0.4926463565975153,0.031867920989910994,0.5289337087737245,-0.035693603426581434,-0.010009951451474838,0.5553950237747072,0.0939430595735908,0.0511791872022645,0.32431726529321875,0.27314245687295635,0.6026562098475988,0.028587156386051832,0.19212545805341288,-0.4553182724489695,-0.26092741437457495,0.4466720034329508,-0.09408315963453975,0.19423712643492086,0.30218666934453925,-0.4221791620947668,0.3607284962045904
-0.7440789548189128,1.2678138527009353,-0.2927201523628747,-0.4170910431916434,-0.9763219976817793,-0.21397446074890128,0.821414869036404,-0.01606944705480763,0.0727536626348178,-0.04835482408396459,0.3015303841642665,0.967964606591584,1.1327052107711062,-0.21417704018038494,-0.16278909667352304,-0.11472779823309553,0.05305102447649634,-0.4235931126136765,-0.0339315977995754,0.2536024711022173,1.3899996287113139,0.3526458269896606,-0.19616563745916224,-0.9982244935570785,0.2660398065005743,0.27749899917956333,-0.8077539585134647,0.8464878361495933,0.0939430595735908,0.8349663422336498,-0.45164674775555436,0.3426905523138051,-0.05766641556869136,-0.6585461287300188,-0.04041992049840688,0.049589048120952266,0.3625553361206517,-0.3943932305631042,0.829033744424693,-0.1253780146700745,-0.19790287420838815,-0.39548733744336667,0.9328429577290003,1.2292732334870442
0.8737637685179468,-0.5882408713100359,0.6273567688321862,0.5362658904655959,1.046585334230865,0.010127083643779908,0.18082970676174728,0.2888845749632441,-0.4842783976308659,-0.19254147781270495,0.5385873567108671,0.05963639073328942,-0.4447956291709937,0.38851905055805736,0.594177006125387,0.34858682880893216,-0.5644881407555954,-0.016124620940777382,0.7376186768702127,-0.5560450128634856,-0.6413154877033989,-0.06370500963391384,0.33171626065406257,0.6582440009346318,-0.362893004679734,-0.018561552979572606,0.6645721871575603,-0.6720289936809177,0.0511791872022645,-0.45164674775555436,0.6999707461644092,0.022795468695707956,0.27574936314633164,0.3743438717787778,-0.40689502083535384,0.4058911081385057,-0.5515499570440002,0.36256180983482794,-0.3007256537097082,-0.3701681041026336,-0.05720536347134346,0.8287621241725881,-0.7576549203331315,-0.8027547266585473
0.2558277908306218,0.1550682237461906,0.1319802083892784,0.14019213039047626,-0.16568961819819233,-0.15315050756669787,0.7449896818258095,0.3831929420256909,0.018308326772422435,0.014603228792891602,0.9155654581665651,0.8341863836542885,0.30139525524968913,0.3847504820451315,0.49275230333618647,0.075933837525171,-0.5928017267836782,-0.4167525534914227,0.5774617059392972,-0.5745724997424243,0.6230170018278046,-0.13013462564248482,0.3028402217075676,-0.58070491582985,0.039856619649863645,0.42051832657966853,-0.22922178024542356,0.2238660227421183,0.32431726529321875,0.3426905523138051,0.022795468695707956,0.3744119090645217,0.2114827447918073,0.04132800043675542,-0.18853048962201532,0.29389894590674587,-0.18825018180821237,-0.2081490796104339,0.5981160950610033,-0.26642763931693786,-0.06527767006115957,0.26763660972186465,0.05050448081450861,0.5610733258100791
0.6427324582519879,-0.43578080228353494,0.2993797550108819,0.36323563870145736,0.3769409725546151,-0.0636382660451609,0.34578691748028056,0.39880981345806416,-0.055035068781828525,1.1279529914953229e-4,0.7781849418568052,0.4285374101232936,-0.23139738176650443,0.4826645113864745,0.6258552589320361,0.18106367294478531,-0.6429597678455683,-0.229131617159571,0.6448250954722982,-0.6790194874602956,-0.03512667499023816,-0.2814860396379562,0.41967658488635207,-0.0728019901550397,-0.10001327877492264,0.2511183817239407,0.18487666434061498,-0.20126731959160124,0.27314245687295635,-0.05766641556869136,0.27574936314633164,0.2114827447918073,0.2993602108900439,0.3554331174547307,-0.21129426314444416,0.3125422678554303,-0.40403250686732434,0.026673311539252603,0.15815882998118141,-0.2904999873549668,-0.0037785985912621506,0.5109554916775114,-0.4162026725072235,-0.0723550419235678
1.4120644723218372,-2.197090682464591,0.16235176887333813,0.5842686617718729,0.7084074715836878,0.1945056876385179,-0.6253483056120334,0.6466726349159314,0.6094302935378959,0.4523115894414904,0.7901286904921633,-0.5208761891922981,-1.57084986288958,1.0252450074387913,0.8452968320657951,0.02065216940757418,-0.9148270277546472,0.11724469525996122,0.487066492114961,-1.418004636382559,-1.1699936691533326,-1.234279697331967,0.8218324170235931,0.3279677042479363,-0.06568753279663456,0.2940756193739705,0.6562786780213565,-0.7285890540779132,0.6026562098475988,-0.6585461287300188,0.3743438717787778,0.04132800043675542,0.3554331174547307,1.489850509284086,0.19555305868789014,0.008817401264909059,-0.7529444325522553,-0.03178783374788152,-0.31283115926477734,0.1676735825641029,0.4960707122694179,0.4978894450320662,-1.3016766498625507,-0.7020468051776083
-0.3074188493988394,-0.4076671565376655,-0.46537806506253465,-0.2609170142635384,-0.48405026683184593,0.11554763171132218,-0.6562693529291442,-0.17669188410663747,0.5629206385942351,0.2976203431124537,-0.5572144546183009,-0.5948765957435564,-0.31933926520049455,-0.09711408721279911,-0.3956362062796007,-0.294074445419151,0.35937450532288523,0.24069379281532438,-0.6429076784966672,0.1981399528340205,-0.2015164019641958,-0.3012509981846888,-0.10747911036958752,-0.1025809403842556,0.19916806801789014,-0.05401027657480795,-0.17481386723658252,0.154495993807733,0.028587156386051832,-0.04041992049840688,-0.40689502083535384,-0.18853048962201532,-0.21129426314444416,0.19555305868789014,0.5104435963301295,-0.44917819870838144,0.2220789871244241,-0.19296897263955756,-0.15252566244351054,0.4903201597490647,0.2842851451331134,-0.6028114897115776,0.09321604963834466,0.16825350856964835
0.6589286142860922,0.010246591195899593,0.6262694521519389,0.5064244558949882,0.5389584031402856,-0.1974600036197504,0.9405523547237545,0.40522169165774974,-0.4843442881211882,-0.20473205658768645,1.0471677893291722,0.8856319342774983,0.14648757576582072,0.48016054149092735,0.7685653323613176,0.35505883649857806,-0.8082380209948021,-0.3867092117075001,1.038536115276914,-0.6327854844709905,0.22091366246645996,0.06386494580545486,0.4150603381126087,-0.13098779377827682,-0.2704893993005785,0.32193054469718974,0.1785788663870684,-0.18755312094138632,0.19212545805341288,0.049589048120952266,0.4058911081385057,0.29389894590674587,0.3125422678554303,0.008817401264909059,-0.44917819870838144,0.5987153802881261,-0.45177605142991845,0.14461206686528505,0.34718137751367373,-0.5670414958405026,-0.18275955707585576,0.7879074545260862,-0.3435857530001435,0.003351708633722402
-1.3636027064369303,1.2865150826474776,-0.6389456814457631,-0.7209910697142184,-0.8962704312992755,0.025862802924081583,-0.43520615316628875,-0.6475520172429913,0.13966371171263606,-0.04924786288502366,-1.165116258840346,-0.4575875892433378,0.7609429164630549,-0.9242681699069542,-1.0422000405801612,-0.32041411945513165,1.2241899979091868,0.2557697810419386,-1.1203571573603948,1.2302320849007733,0.5440458984953578,0.6471569125783333,-0.7221680319435595,-0.18600921159800335,0.33612840753390166,-0.3980144813791668,-0.5539107149001442,0.6177446513621025,-0.4553182724489695,0.3625553361206517,-0.5515499570440002,-0.18825018180821237,-0.40403250686732434,-0.7529444325522553,0.2220789871244241,-0.45177605142991845,0.9097139075125387,-0.13537927268126682,-0.024043206944896364,0.36776518622380816,-0.1463397242338961,-0.8986606325735146,1.0497524710701198,0.4096204770553802
0.21523391430684077,-0.1320345506675252,0.3496191576419793,0.2356303826891338,0.7049953467578518,0.029206951817553665,-0.18181331223738326,-0.13879059269888777,-0.4474149686371322,-0.22038755538068067,-0.28175456738162236,-0.31770729787154267,-0.22518294014000578,-0.10700454990275016,0.027740026224900686,0.21218639797034133,0.09932787269512817,0.20079535928432582,0.13815317252206438,0.2129366478499165,-0.5918416950050737,0.25141904413082083,-0.05055614859679574,0.6785210660456632,-0.2662948649562093,-0.2970128204468149,0.47084845920914553,-0.4577073734285436,-0.26092741437457495,-0.3943932305631042,0.36256180983482794,-0.2081490796104339,0.026673311539252603,-0.03178783374788152,-0.19296897263955756,0.14461206686528505,-0.13537927268126682,0.4033088357213936,-0.4900568250728035,-0.17214537099539845,-0.09647004543493921,0.35086139192276367,-0.34214572422278805,-0.7482403416095499
-0.06828796756551174,0.7402591440633914,0.014403698552099305,-0.009705503074271569,-0.7923221099996047,-0.3024421954279034,1.367359928472256,0.4524207204380106,0.09808382036320458,0.048084080682841285,1.2634200071630588,1.4809314247914265,0.8859948116635685,0.39120103467547185,0.49174424874496203,-0.01108356344183048,-0.7151214613022195,-0.7281835290482581,0.6800760785731185,-0.5841661034184847,1.4515931417380588,-0.024608483533746252,0.284775254042251,-1.2932056695604657,0.1653412813220858,0.716953484794434,-0.7419600268537817,0.727411028388504,0.4466720034329508,0.829033744424693,-0.3007256537097082,0.5981160950610033,0.15815882998118141,-0.31283115926477734,-0.15252566244351054,0.34718137751367373,-0.024043206944896364,-0.4900568250728035,1.2099959922079597,-0.3028019903387388,-0.1330690381582284,0.06895934829889815,0.5244115080870337,1.401402287052094
-0.44625471858388094,-0.30532084986396557,-0.5613912250197238,-0.37428154655675366,-0.4776680729114842,0.1997167384167041,-0.9033447835930453,-0.2938122646088201,0.5500900922096372,0.283212186509205,-0.8380784408829456,-0.9061754215371243,-0.3473816554210109,-0.28543951055635314,-0.6218516552625818,-0.3596107094090662,0.6374628654621654,0.37290590662450107,-0.9077594695485178,0.373702078862932,-0.3452490803481455,-0.21927054783772085,-0.2632785372595665,0.1043043207693178,0.23910506325370695,-0.2042341366056426,-0.12071394412727249,0.10655924310063151,-0.09408315963453975,-0.1253780146700745,-0.3701681041026336,-0.26642763931693786,-0.2904999873549668,0.1676735825641029,0.4903201597490647,-0.5670414958405026,0.36776518622380816,-0.17214537099539845,-0.3028019903387388,0.6158769608523582,0.26512272518171587,-0.6914250969587279,0.166333782404905,-0.022808833866102433
0.28584444970844014,-0.8144492658435054,-0.13216235875207633,0.061846941401699634,-0.005483268545564183,0.09639021852080602,-0.39534902020743096,0.11488976795406962,0.389925503300567,0.2547802849985817,0.01179614789775051,-0.3644900759856111,-0.5605900556260603,0.27307515293817985,0.07666484955822873,-0.11887018429092067,-0.14997992121529474,0.11840966341428623,-0.09853703390487262,-0.3354039058158572,-0.40321291739678267,-0.47384977795362854,0.18942528177923018,0.05504884720229281,0.03812421873071993,0.0807393362897919,0.11412991550250774,-0.14791225692165222,0.19423712643492086,-0.19790287420838815,-0.05720536347134346,-0.06527767006115957,-0.0037785985912621506,0.4960707122694179,0.2842851451331134,-0.18275955707585576,-0.1463397242338961,-0.09647004543493921,-0.1330690381582284,0.26512272518171587,0.28332904092360117,-0.11415269194108926,-0.3431324731954475,-0.08568717806663759
1.4720853493320711,-0.8429304198679969,0.9934775596089321,0.9824206386147902,1.2841520314060129,-0.12232305399273574,0.8315391049949423,0.678168578116529,-0.6064945296525625,-0.20265734131805196,1.4467638437196524,0.730106841218589,-0.5483728298694044,0.909553900832016,1.261493574013219,0.5390593652453559,-1.2637647436206654,-0.35063890829590866,1.4922409230769937,-1.2336619341938768,-0.4866925113794287,-0.2635252638009234,0.7743967228510426,0.2965993089039283,-0.48619602346138463,0.395655541378138,0.6934694619382286,-0.7329187848950713,0.30218666934453925,-0.39548733744336667,0.8287621241725881,0.26763660972186465,0.5109554916775114,0.4978894450320662,-0.6028114897115776,0.7879074545260862,-0.8986606325735146,0.35086139192276367,0.06895934829889815,-0.6914250969587279,-0.11415269194108926,1.3810986243770897,-1.0573100573202132,-0.6482642225350921
-1.810521479344981,2.2438369436040566,-0.7291819461206577,-0.973222945832439,-1.4301078482525136,-0.1343971219357134,0.27117313866302245,-0.6468164168375894,0.018332977274359983,-0.17702557940090138,-0.918366126275189,0.3543594012383981,1.6324750809012052,-1.093213859554831,-1.1058313947083336,-0.32152148546970866,1.1724080263686794,-0.09409839093736505,-1.0138897423138642,1.4229253506929855,1.5269945431371208,0.9650927776254236,-0.8818858003481429,-0.77708896227499,0.4384267258894422,-0.22372661938928637,-1.0500985437761636,1.1389259158102698,-0.4221791620947668,0.9328429577290003,-0.7576549203331315,0.05050448081450861,-0.4162026725072235,-1.3016766498625507,0.09321604963834466,-0.3435857530001435,1.0497524710701198,-0.34214572422278805,0.5244115080870337,0.166333782404905,-0.3431324731954475,-1.0573100573202132,1.667040468100729,1.2089680037090569
-0.9010010822751476,1.3617789641654576,-0.514703548965913,-0.5028082414968138,-1.6308175394610758,-0.33521181003396505,1.2464087452848305,0.1754127974300334,0.41157318038458546,0.13027483831903716,0.7259362759549159,1.4790502766847546,1.425878229846562,-0.011511027416283747,-0.060860407235629986,-0.27726718323936045,-0.20358263664624607,-0.7374392165512903,0.06614882928020337,0.018667724759410982,2.0797411139231663,0.16911785867914605,-0.06272279850866633,-1.6916988566302809,0.4094673997694924,0.6517227214151622,-1.2664758206514222,1.2773862326769132,0.3607284962045904,1.2292732334870442,-0.8027547266585473,0.5610733258100791,-0.0723550419235678,-0.7020468051776083,0.16825350856964835,0.003351708633722402,0.4096204770553802,-0.7482403416095499,1.401402287052094,-0.022808833866102433,-0.08568717806663759,-0.6482642225350921,1.2089680037090569,2.1399055271572673
