V1,V2,V3,V4,V5,V6,V7,V8,V9,V10,V11,V12,V13,V14,V15,V16,V17,V18,V19,V20,V21,V22,V23,V24,V25,V26,V27,V28,V29,V30,V31,V32,V33,V34,V35,V36,V37,V38,V39,V40,V41,V42,V43,V44
4.98241523910082,-4.49016558354834,2.0075019897974733,2.1366312865193473,2.2844634603063327,-0.19418537713092635,2.655038581319187,2.385825223425151,-0.16820021252284806,0.5676229724202123,4.9081801335424675,2.528192563876788,-2.115449131981242,3.7415691695446527,3.6466100666759274,0.8947839290161207,-4.897782639832243,-1.323807036062243,4.252832799697058,-5.06233944103902,-0.9321515449691545,-2.8476837207722374,2.6397994770674633,-0.5465438456175664,-0.884202205790283,2.386030030219135,1.4903628706993894,-1.7606870004538815,2.2207212973312784,-0.5622373021860025,1.5100882925278767,1.2400662635504516,1.1332529920556633,2.699681710052637,-0.5582245326998625,1.572188476473684,-3.3008148169640723,-0.24034539723221832,1.076261267350521,-0.9940649919613908,0.8737061945290817,2.6798769751812626,-3.2744383537058526,-0.3431979409195781
-4.49016558354834,5.225889078628828,-2.1890570823998403,-2.1105750860097965,-1.622386222551958,0.37850060273372926,-2.967165432704987,-1.918742789384501,0.3868466708836703,-0.5513804615659927,-3.5145351594295966,-3.052174586524389,2.118724655353321,-3.3577100996305833,-3.2417404401184244,-0.8505734850073258,5.378483974719141,1.4628123304219418,-4.330778251846983,3.5919630046177815,0.821715087350267,2.807507167631375,-2.28795285390196,0.7245969426674904,1.5796516885741336,-1.8534092560831348,-0.8804316830943112,1.4051282046641662,-1.8693611269512165,0.5193450659916576,-0.34275271208536345,-0.3147315517641877,-0.7221212816812395,-1.655173644238772,-0.5763071890889024,-1.225519181939857,3.7943440973407836,-0.03114142332679618,-0.9260970015019668,1.0185267714290167,-1.1218650461218485,-1.7587376558107624,3.4390664180790944,-0.8429368135609379
2.0075019897974733,-2.1890570823998403,1.0334420155045214,1.175520898646344,0.7893839492648855,-0.17385245703036376,1.1981817842406948,1.0535495944773594,-0.11766249961432429,0.2179929948216231,1.876566995867953,1.2486669158668822,-1.1040842961317532,1.5397226913977722,1.6781787718598928,0.4043048692171358,-2.3082837994425693,-0.649379308726392,1.958283112476154,-1.787943166893299,-0.4152633946882805,-1.139683683500299,1.2133003329263048,-0.35067479998486956,-0.6534129975192869,0.7678382414769852,0.34594879626979647,-0.5719281888809512,0.7940866875953494,-0.3146994280791073,0.2678593826359428,0.18533519172083443,0.5108215617087598,0.835506857600874,0.0720698020075331,0.6692030774018711,-1.4913308566321786,0.05561671109022031,0.4842010325431084,-0.5419565362714428,0.32489851091585586,1.0994266684904956,-1.5676126632751746,0.24838191335341567
2.1366312865193473,-2.1105750860097965,1.175520898646344,2.6600774102586957,1.5387027399228668,-0.6754503654662919,0.309947735217214,1.4917113202511354,0.5210702638379989,0.08723848035914032,2.8878597550384875,1.068554605153093,-1.9134284209701922,2.238942439826945,3.143665648828904,0.8633419313689311,-1.8393231703446482,-0.631527469715032,2.3834064855915726,-2.3141959981898057,-0.7493981146668419,-0.8511488865319194,2.416114576454706,-1.028794633066171,-0.30643177863677806,1.168185738640975,0.509781108523929,-0.4676014810063521,0.7098927984336648,-0.6259704709203072,0.3124222187636342,0.4297888571288211,1.4318980309570788,1.3245531848002194,-0.21261304206220125,1.3939226840048051,-0.9270584430773652,0.601997893363725,0.29208655036052844,-1.2867894594875504,-0.1536578828720547,2.4228189180820645,-1.822854602660549,-0.3810101173754539
2.2844634603063327,-1.622386222551958,0.7893839492648855,1.5387027399228668,1.7826757925820063,-0.4913452233680465,0.6550748279653767,0.7855071710655507,0.27013240887538115,0.1492644759303637,2.503876148969255,0.9972329373385861,-0.9863976731436972,2.1304164935951495,2.2071009469146814,0.8094999275379131,-1.460695990525725,-0.40335068103583493,2.018805767649712,-2.482279142210613,-0.585337577625701,-1.0863863578478063,1.7011291043034922,-0.7522767793776628,0.09811454799919574,1.8321411356824318,1.2104388597086335,-0.9691048471499952,1.0129853076824062,-0.2509819327742852,0.7946876648473916,1.0031581698187833,0.8063890285690418,1.5169261223777661,-0.4482136074463202,1.1653131188222028,-1.1178978673379563,0.22852198027049755,0.07456575264062754,-0.8418758508107044,0.30004453265587255,1.7633951860570476,-1.272278140850948,-0.9893688326586096
-0.19418537713092635,0.37850060273372926,-0.17385245703036376,-0.6754503654662919,-0.4913452233680465,0.4529387134685629,0.08403144520323198,0.2770600835256207,-0.16133851858831083,0.052798413531145456,0.03362123231976055,-0.35157919429264284,0.2260268484795798,-0.4824439719931476,-0.5961581295803113,-0.4051970828541445,9.98960135965663e-4,0.01145886007578344,-0.4817941620132767,-0.154330149926146,0.16391014432566775,0.03317045229049979,-0.49725436634419784,0.5882518447044995,5.023509800397566e-5,-0.5520094099736206,-0.2518689685437462,0.10029395653232355,-0.0038248791627047605,0.027122583834579984,0.37875627965502207,-0.006720754678681041,-0.15567439383305293,0.05974951899389791,-0.3445176128154954,-0.36195701172201006,0.17946134815654635,-0.41395638881237384,0.32603653895445633,0.44874668389054895,-0.0901216986420619,-0.25557148153106973,0.17907175881710977,0.15679546523324647
2.655038581319187,-2.967165432704987,1.1981817842406948,0.309947735217214,0.6550748279653767,0.08403144520323198,2.392651105119377,0.7356464053548157,-0.6817677166937746,0.43013661169164125,1.5769347864055467,1.7696525828155225,-0.653746378576739,1.6466804579299452,0.9175447166164385,0.23258439514507764,-3.2630222262272395,-0.7834840678477054,2.2613215161087017,-2.008179871185426,-0.3563045382377247,-1.7895834821326777,0.595492713133741,-0.0068107176153397505,-1.0454448197306077,1.1551574238493252,0.6338214837876087,-1.0463243981682513,1.1885730463341726,-0.11648205755140419,0.3497774123134285,0.21282007971375086,-0.28610750621902087,0.7454442286686731,0.40739968226335826,0.32191033445397105,-2.4701597955350914,-0.36776325275740207,0.6564859930651895,0.0018135873264038664,1.0305170939140103,0.2947967731643676,-1.771026755981885,0.6153953164259357
2.385825223425151,-1.918742789384501,1.0535495944773594,1.4917113202511354,0.7855071710655507,0.2770600835256207,0.7356464053548157,2.6257386514942507,0.21411260547362448,0.2273379733583674,3.7499020243772536,0.7801683832030591,-1.723402986026582,1.6715595202442934,2.543591236581715,0.14098599209375515,-2.6546910628662808,-0.880287402553983,2.0039612831792404,-3.3429034256679424,-0.38625614598341024,-1.188128996950324,1.783544780978798,0.24903695000287285,-0.4260424232017867,0.046392112048248314,0.09226592239162561,-0.4177710636012736,1.052927126421979,-0.6225318064165655,1.4083490770570033,0.5884572986913283,1.5102689468577037,1.9552446368011906,-1.1423088326341273,0.8744690743779485,-1.0743707195870806,-0.2936008428982594,1.1533925421892348,-0.661325679229665,-0.33911243339254077,2.3141191236319925,-1.9581412854536084,-3.911370686552786e-5
-0.16820021252284806,0.3868466708836703,-0.11766249961432429,0.5210702638379989,0.27013240887538115,-0.16133851858831083,-0.6817677166937746,0.21411260547362448,0.3897392876984185,-0.09163364248051117,0.4110632360372801,-0.3035756198303456,-0.26522087548058887,0.13601813738448779,0.5465025925378525,0.14116213103481162,0.524797364624697,0.08098053375293172,-0.08893990173655517,-0.18485177467419117,-0.08426006131700399,0.2517717062564926,0.4463228408756181,-0.21358891280338532,0.33234354122750664,0.032933363048108955,0.03889973677602251,0.1311832372650906,-0.09174768416912049,-0.11015700688870636,0.1295597686589766,0.17648998705261917,0.48819672684030385,0.283806473626009,-0.29792520062696404,0.26710521826150846,0.5003096421291452,0.20025061373975533,-0.11562499791669979,-0.3063928274741734,-0.33507138493204025,0.5823033038614723,0.08009967163507627,-0.405135625689797
0.5676229724202123,-0.5513804615659927,0.2179929948216231,0.08723848035914032,0.1492644759303637,0.052798413531145456,0.43013661169164125,0.2273379733583674,-0.09163364248051117,0.11797420666851677,0.48363332920241425,0.2246530425387251,-0.18535904100241277,0.37059366411108946,0.2126533476455051,0.013485940711474817,-0.5887970642201968,-0.12915618930409353,0.41298538945534086,-0.5857609167080587,-0.10979156656745412,-0.3579902977255005,0.17513170443653975,0.034565556587740034,-0.1522248429678531,0.2664664356537111,0.15833055769354662,-0.23330104887225545,0.2677037433801167,-0.0596473695471714,0.18564479067032622,0.1144595630692375,-0.03143888601333913,0.2761702041288868,-0.011672473038061628,0.07528052221967177,-0.3955619255304029,-0.12304369467894286,0.1767871174566091,0.06791926515850141,0.19310744875774638,0.1528735853109941,-0.35456377232816494,0.030244021484497844
4.9081801335424675,-3.5145351594295966,1.876566995867953,2.8878597550384875,2.503876148969255,0.03362123231976055,1.5769347864055467,3.7499020243772536,0.4110632360372801,0.48363332920241425,6.797958082998342,1.5300201656965717,-2.7811745654706144,3.850818821649204,4.6772907412862175,0.7621432844060314,-4.251831222602654,-1.2875786069187185,3.9815271730654094,-6.4580249108398,-1.0244959378782368,-2.3673841931492787,3.4751373552996165,-0.2010387713744829,-0.3154959319834544,1.8553895789971897,1.3369829401037883,-1.4976629843633833,2.212621380031006,-0.9576443847461255,2.6486285015045072,1.7659500768355008,2.280914409237289,3.799123574737655,-1.9144066124643337,1.9847913834192774,-2.105688211418332,-0.34432603922073146,1.520698526993208,-1.199362099917029,-0.033191690466410094,4.254286062476526,-3.3127719402218476,-1.0946706986941446
2.528192563876788,-3.052174586524389,1.2486669158668822,1.068554605153093,0.9972329373385861,-0.35157919429264284,1.7696525828155225,0.7801683832030591,-0.3035756198303456,0.2246530425387251,1.5300201656965717,2.1814890274545835,-1.0024422643384676,1.8427426809524272,1.8192841279754743,0.6656539327174549,-3.1920359173641093,-0.8824540626849597,2.6037465927274313,-1.5625991660715643,-0.32664195453546585,-1.6784036902599913,1.188599674854605,-0.6215973318670861,-0.9326668977247848,1.0549521973343066,0.520105468146639,-0.7802747944730616,1.0532021528387476,-0.11853607531555412,-0.1148991310546782,0.09427465749816925,0.40533996351581997,0.6896488834428328,0.5314808929178344,0.7372010113285054,-2.476391125257673,0.17915746685494482,0.31011696935947386,-0.8886548563896353,0.680824274456763,0.7363805611510742,-1.908050025339609,0.5585149861089174
-2.115449131981242,2.118724655353321,-1.1040842961317532,-1.9134284209701922,-0.9863976731436972,0.2260268484795798,-0.653746378576739,-1.723402986026582,-0.26522087548058887,-0.18535904100241277,-2.7811745654706144,-1.0024422643384676,1.7160253106417342,-1.810830205349132,-2.5271736913450846,-0.4792121691750877,2.2231920041481055,0.7062690717774556,-2.098210148281445,2.3840408328499794,0.5684558857921653,1.0290007893904822,-1.8814643374230895,0.4906760336524369,0.4791816108565276,-0.611512443280795,-0.2177707275266511,0.40365079818216104,-0.7844802622213536,0.5594721905567344,-0.5143098486988287,-0.3080262153046925,-1.1885610197399705,-1.3004110313017556,0.34188290337114224,-0.9913191066892723,1.088392434207625,-0.1820842952460561,-0.6313858213435878,0.8671187142036354,0.10379705199450795,-1.9774591642313009,1.8060662770149005,0.0022413383225279647
3.7415691695446527,-3.3577100996305833,1.5397226913977722,2.238942439826945,2.1304164935951495,-0.4824439719931476,1.6466804579299452,1.6715595202442934,0.13601813738448779,0.37059366411108946,3.850818821649204,1.8427426809524272,-1.810830205349132,3.1689591350614728,3.250636785004706,0.9396010090795397,-3.322883744892258,-0.9144237060998018,3.3700440984185094,-3.8277910475339887,-0.8789947897374487,-1.9807887767251073,2.4456980217819195,-0.8177459182919558,-0.5026634281246569,2.220865248727353,1.3348150951758486,-1.3553005844814476,1.6067886356187346,-0.5110736685456246,1.0134088861790602,1.0382251174235844,1.0662306934327852,2.113225539296886,-0.3433878651040681,1.4885132175868234,-2.2662836311603716,0.12873647629377005,0.567969228965853,-1.0262874669346516,0.6036410796532647,2.4184469029276245,-2.48078855777805,-0.5717871215439488
3.6466100666759274,-3.2417404401184244,1.6781787718598928,3.143665648828904,2.2071009469146814,-0.5961581295803113,0.9175447166164385,2.543591236581715,0.5465025925378525,0.2126533476455051,4.6772907412862175,1.8192841279754743,-2.5271736913450846,3.250636785004706,4.376292329615418,1.095420362542813,-3.3702617267828963,-1.0903707271609149,3.6036683710402575,-4.06553392684163,-0.8676570988562915,-1.735423866730596,3.236537570962499,-1.0073901525572353,-0.43213068875925265,1.5479771904082391,0.8868584486442527,-0.9205366457395094,1.4676513098393247,-0.7539170614342174,1.0651034103319283,0.9425193196931773,2.099966898455311,2.4313147480781088,-0.7631706148962022,1.8989552810913017,-1.871422473298899,0.4395513897458237,0.7093506444709201,-1.744307102817789,-0.10478987318053609,3.397960023914991,-2.7984841561798266,-0.5761470143944285
0.8947839290161207,-0.8505734850073258,0.4043048692171358,0.8633419313689311,0.8094999275379131,-0.4051970828541445,0.23258439514507764,0.14098599209375515,0.14116213103481162,0.013485940711474817,0.7621432844060314,0.6656539327174549,-0.4792121691750877,0.9396010090795397,1.095420362542813,0.5092176494209916,-0.647479532114958,-0.18998380718339225,1.0105586639618338,-0.6576453178121272,-0.24189882241923438,-0.4326248962106502,0.8380852090227636,-0.5960457517553408,-0.03779103294752757,0.7919954817980487,0.4569489774082677,-0.3341768490124301,0.3452221174132471,-0.07683746761595373,-0.027663725773854092,0.2631833250264535,0.39541244394264685,0.4213428683429376,0.08622699864856422,0.5870561626011283,-0.5830569891069958,0.32264651528758675,-0.13871391323059562,-0.6114181840856051,0.1300761120176901,0.6830063391347992,-0.5848336831724915,-0.30702385835008345
-4.897782639832243,5.378483974719141,-2.3082837994425693,-1.8393231703446482,-1.460695990525725,9.98960135965663e-4,-3.2630222262272395,-2.6546910628662808,0.524797364624697,-0.5887970642201968,-4.251831222602654,-3.1920359173641093,2.2231920041481055,-3.322883744892258,-3.3702617267828963,-0.647479532114958,6.1001102247359125,1.7035200757184934,-4.501113958067059,4.3070880696975795,0.6891262422233005,3.0938807501286063,-2.2496793600179257,0.2588425929281078,1.696125324325478,-1.386922306758026,-0.7077032070428287,1.4136968483908883,-2.1202385547778335,0.5528479770533488,-0.8819200743493785,-0.4270098119020103,-0.9846464095499373,-2.0631361699554533,-0.07102243463081702,-1.1738691110894222,4.070406531855696,0.30083025199432156,-1.3759133139092898,0.9896768862371029,-0.9630701292766835,-2.004154361620761,3.7390242289229767,-1.000297047723178
-1.323807036062243,1.4628123304219418,-0.649379308726392,-0.631527469715032,-0.40335068103583493,0.01145886007578344,-0.7834840678477054,-0.880287402553983,0.08098053375293172,-0.12915618930409353,-1.2875786069187185,-0.8824540626849597,0.7062690717774556,-0.9144237060998018,-1.0903707271609149,-0.18998380718339225,1.7035200757184934,0.5131561452559467,-1.2683333857342742,1.2130104105626873,0.1768616215857737,0.8175077964252041,-0.7169000038909424,0.07256879632670409,0.46323577650217385,-0.2653078205128458,-0.12000040422785607,0.3202926801920353,-0.5595156096806788,0.19008314904768134,-0.25836320949150987,-0.09700208811764117,-0.4302566282315513,-0.6063975151333604,0.047242792901662535,-0.3696375671513888,1.0790783442259317,0.0420811209927087,-0.4048335786997275,0.3789765654225702,-0.15425844735496558,-0.6919926999956014,1.0777485058127123,-0.30258871195752984
4.252832799697058,-4.330778251846983,1.958283112476154,2.3834064855915726,2.018805767649712,-0.4817941620132767,2.2613215161087017,2.0039612831792404,-0.08893990173655517,0.41298538945534086,3.9815271730654094,2.6037465927274313,-2.098210148281445,3.3700440984185094,3.6036683710402575,1.0105586639618338,-4.501113958067059,-1.2683333857342742,4.0685707839118335,-3.8646460731463894,-0.8169231399374495,-2.413906033277819,2.6062118538018524,-0.8428472724320771,-1.0302898024781697,1.9580609055139355,1.0949493652665605,-1.3571508547155255,1.7877366352769846,-0.5360796756835884,0.7513657355523995,0.7306451984452055,1.1794067862550077,2.027706653793928,-0.03392289764244118,1.537614368677483,-3.0782750324370216,0.1685299708769552,0.7715970860084471,-1.2940392096227706,0.7186181302685493,2.371006232195372,-3.092233346480154,0.06867707689276802
-5.06233944103902,3.5919630046177815,-1.787943166893299,-2.3141959981898057,-2.482279142210613,-0.154330149926146,-2.008179871185426,-3.3429034256679424,-0.18485177467419117,-0.5857609167080587,-6.4580249108398,-1.5625991660715643,2.3840408328499794,-3.8277910475339887,-4.06553392684163,-0.6576453178121272,4.3070880696975795,1.2130104105626873,-3.8646460731463894,6.4828315724124135,1.0245568005829986,2.5939004945298723,-3.024727847411321,0.0550711076085304,0.31639501003491793,-2.240603966773167,-1.6150762226813258,1.7748493077318586,-2.357495062773569,0.8103210925727566,-2.7210978836754776,-1.8899519451772326,-1.7385795317206656,-3.722963016066127,1.779131189800994,-1.7541089082793067,2.37906151378332,0.5814595427631387,-1.4852787606194893,0.7955215946385139,-0.3534518001095724,-3.74360598578741,3.1574950682635397,1.1479096642055604
-0.9321515449691545,0.821715087350267,-0.4152633946882805,-0.7493981146668419,-0.585337577625701,0.16391014432566775,-0.3563045382377247,-0.38625614598341024,-0.08426006131700399,-0.10979156656745412,-1.0244959378782368,-0.32664195453546585,0.5684558857921653,-0.8789947897374487,-0.8676570988562915,-0.24189882241923438,0.6891262422233005,0.1768616215857737,-0.8169231399374495,1.0245568005829986,0.35393619002117405,0.4380984100271708,-0.697380024133102,0.3077798947094337,0.09790982464908311,-0.7206926766759216,-0.361530071182595,0.34775189189216893,-0.3469266344154681,0.19888182107689215,-0.218213295012472,-0.2619514504599764,-0.22238400612916243,-0.49662699895511053,0.05402494055723365,-0.407463396729299,0.4267063866731776,-0.06542256126449639,-0.1387932239612328,0.19345364269378879,-0.14401932855312358,-0.7237847997294317,0.6134167729565526,0.23736195132014798
-2.8476837207722374,2.807507167631375,-1.139683683500299,-0.8511488865319194,-1.0863863578478063,0.03317045229049979,-1.7895834821326777,-1.188128996950324,0.2517717062564926,-0.3579902977255005,-2.3673841931492787,-1.6784036902599913,1.0290007893904822,-1.9807887767251073,-1.735423866730596,-0.4326248962106502,3.0938807501286063,0.8175077964252041,-2.413906033277819,2.5939004945298723,0.4380984100271708,1.8121959022610072,-1.187338947544181,0.23144848813626423,0.6718686491464226,-1.262897208074329,-0.7673264237953848,1.0150289022953167,-1.2995022661736317,0.21402776358989495,-0.6593783695268035,-0.5457625055032721,-0.3968318548843107,-1.3147799965753184,0.06554499215072215,-0.6902720161467244,2.2280355558557203,0.22627876221069576,-0.6103688804622591,0.4597113302132869,-0.6800301593469351,-1.068365591542435,1.8789673527607387,-0.11337564082692438
2.6397994770674633,-2.28795285390196,1.2133003329263048,2.416114576454706,1.7011291043034922,-0.49725436634419784,0.595492713133741,1.783544780978798,0.4463228408756181,0.17513170443653975,3.4751373552996165,1.188599674854605,-1.8814643374230895,2.4456980217819195,3.236537570962499,0.8380852090227636,-2.2496793600179257,-0.7169000038909424,2.6062118538018524,-3.024727847411321,-0.697380024133102,-1.187338947544181,2.470632278726672,-0.8094793401415825,-0.24513925914480955,1.2803655869570052,0.7351139861060116,-0.7109322909877157,1.054164698961347,-0.5841388885712442,0.7973713700597891,0.75002134274835075,1.517930983978916,1.827016227227342,-0.5587026180458743,1.4495653746323938,-1.205421603864483,0.3613140493985834,0.47014673022374276,-1.2383844221636926,-0.060904939790633994,2.5651456953981717,-1.994781958199303,-0.5723388812278138
-0.5465438456175664,0.7245969426674904,-0.35067479998486956,-1.028794633066171,-0.7522767793776628,0.5882518447044995,-0.0068107176153397505,0.24903695000287285,-0.21358891280338532,0.034565556587740034,-0.2010387713744829,-0.6215973318670861,0.4906760336524369,-0.8177459182919558,-1.0073901525572353,-0.5960457517553408,0.2588425929281078,0.07256879632670409,-0.8428472724320771,0.0550711076085304,0.3077798947094337,0.23144848813626423,-0.8094793401415825,0.9225781161299841,0.014632351258681323,-0.8448485058384861,-0.3529094446498284,0.1802245327821607,-0.09885789511250018,0.05838604986971504,0.4987114519570539,-0.05361183188474227,-0.28660677562002984,-0.017218961268798468,-0.4107645346135289,-0.5777228777018959,0.38377086903251806,-0.5413550286049724,0.3621174842151321,0.6908764415330777,-0.10199676038944178,-0.5130714730124887,0.40230580515585695,0.2828110935445261
-0.884202205790283,1.5796516885741336,-0.6534129975192869,-0.30643177863677806,0.09811454799919574,5.023509800397566e-5,-1.0454448197306077,-0.4260424232017867,0.33234354122750664,-0.1522248429678531,-0.3154959319834544,-0.9326668977247848,0.4791816108565276,-0.5026634281246569,-0.43213068875925265,-0.03779103294752757,1.696125324325478,0.46323577650217385,-1.0302898024781697,0.31639501003491793,0.09790982464908311,0.6718686491464226,-0.24513925914480955,0.014632351258681323,0.8067615854162413,0.02193388924524291,0.18841162668761283,0.15669762203867213,-0.30607524072702325,0.12427982505818642,0.3034619900319668,0.38929927577909457,0.0775725193239172,0.07624771160855545,-0.5467187335980151,-0.028186807246456093,1.165035581725084,0.023007534306626085,-0.3458371719135501,0.09555715384741706,-0.36356894375945104,0.04376544817451384,0.9435848255161685,-0.8883284177257873
2.386030030219135,-1.8534092560831348,0.7678382414769852,1.168185738640975,1.8321411356824318,-0.5520094099736206,1.1551574238493252,0.046392112048248314,0.032933363048108955,0.2664664356537111,1.8553895789971897,1.0549521973343066,-0.611512443280795,2.220865248727353,1.5479771904082391,0.7919954817980487,-1.386922306758026,-0.2653078205128458,1.9580609055139355,-2.240603966773167,-0.7206926766759216,-1.262897208074329,1.2803655869570052,-0.8448485058384861,0.02193388924524291,2.5438352231718584,1.5690739990998657,-1.2959854089864862,1.0628018153967862,-0.12920401929543116,0.5594071778828758,1.0156925766908276,0.03739311226380628,1.1785973627582291,0.036673496307618195,0.9505438015673372,-1.4067373493451119,0.13278770389489208,-0.10977060495679437,-0.38766542619589467,0.8455082817278079,1.1319229773663384,-1.097729079215856,-1.0090235909730305
1.4903628706993894,-0.8804316830943112,0.34594879626979647,0.509781108523929,1.2104388597086335,-0.2518689685437462,0.6338214837876087,0.09226592239162561,0.03889973677602251,0.15833055769354662,1.3369829401037883,0.520105468146639,-0.2177707275266511,1.3348150951758486,0.8868584486442527,0.4569489774082677,-0.7077032070428287,-0.12000040422785607,1.0949493652665605,-1.6150762226813258,-0.361530071182595,-0.7673264237953848,0.7351139861060116,-0.3529094446498284,0.18841162668761283,1.5690739990998657,1.1072234015033329,-0.8749225617853211,0.749537744802339,-0.027632163886926943,0.6626055365519,0.8487810292035884,0.08522963051720336,0.9781227019283467,-0.2620032886155637,0.5915485296560519,-0.7682406374166414,-0.028172769153593766,-0.05443598443274015,-0.19600339651252396,0.49111382754876887,0.7524501070377241,-0.5592706082579325,-0.8483685181663618
-1.7606870004538815,1.4051282046641662,-0.5719281888809512,-0.4676014810063521,-0.9691048471499952,0.10029395653232355,-1.0463243981682513,-0.4177710636012736,0.1311832372650906,-0.23330104887225545,-1.4976629843633833,-0.7802747944730616,0.40365079818216104,-1.3553005844814476,-0.9205366457395094,-0.3341768490124301,1.4136968483908883,0.3202926801920353,-1.3571508547155255,1.7748493077318586,0.34775189189216893,1.0150289022953167,-0.7109322909877157,0.1802245327821607,0.15669762203867213,-1.2959854089864862,-0.8749225617853211,0.8549600901344803,-0.84632406455765,0.09179952925181739,-0.628906913759971,-0.6444043192153277,-0.05945884221221869,-0.9504449377754293,0.15466937025857522,-0.4928252589572954,1.154000812581033,0.15599010802575786,-0.216585127909047,0.12330015472541159,-0.5554723444857941,-0.6899559250808739,0.9088605300038558,0.3986103188867401
2.2207212973312784,-1.8693611269512165,0.7940866875953494,0.7098927984336648,1.0129853076824062,-0.0038248791627047605,1.1885730463341726,1.052927126421979,-0.09174768416912049,0.2677037433801167,2.212621380031006,1.0532021528387476,-0.7844802622213536,1.6067886356187346,1.4676513098393247,0.3452221174132471,-2.1202385547778335,-0.5595156096806788,1.7877366352769846,-2.357495062773569,-0.3469266344154681,-1.2995022661736317,1.054164698961347,-0.09885789511250018,-0.30607524072702325,1.0628018153967862,0.749537744802339,-0.84632406455765,1.0623758933900227,-0.19444297854115483,0.8516160146807465,0.6726513422043824,0.46209715853854794,1.3277900890197047,-0.37464367548149113,0.6409584323460243,-1.4618925532035707,-0.21685480461242604,0.48792125321784796,-0.3490057330342441,0.42909005170740855,1.106255476131702,-1.366585982350436,-0.2422330205403332
-0.5622373021860025,0.5193450659916576,-0.3146994280791073,-0.6259704709203072,-0.2509819327742852,0.027122583834579984,-0.11648205755140419,-0.6225318064165655,-0.11015700688870636,-0.0596473695471714,-0.9576443847461255,-0.11853607531555412,0.5594721905567344,-0.5110736685456246,-0.7539170614342174,-0.07683746761595373,0.5528479770533488,0.19008314904768134,-0.5360796756835884,0.8103210925727566,0.19888182107689215,0.21402776358989495,-0.5841388885712442,0.05838604986971504,0.12427982505818642,-0.12920401929543116,-0.027632163886926943,0.09179952925181739,-0.19444297854115483,0.23090904246663455,-0.2541832404099889,-0.10213757630831966,-0.3772128322731294,-0.4328715054196898,0.18912827605968693,-0.2799430993579794,0.16011847024029502,-0.019027892331779424,-0.25434715555821336,0.1702460052348847,0.08944578052664562,-0.6898743870321187,0.5182395803821407,0.01982439283612486
1.5100882925278767,-0.34275271208536345,0.2678593826359428,0.3124222187636342,0.7946876648473916,0.37875627965502207,0.3497774123134285,1.4083490770570033,0.1295597686589766,0.18564479067032622,2.6486285015045072,-0.1148991310546782,-0.5143098486988287,1.0134088861790602,1.0651034103319283,-0.027663725773854092,-0.8819200743493785,-0.25836320949150987,0.7513657355523995,-2.7210978836754776,-0.218213295012472,-0.6593783695268035,0.7973713700597891,0.4987114519570539,0.3034619900319668,0.5594071778828758,0.6626055365519,-0.628906913759971,0.8516160146807465,-0.2541832404099889,1.6935544203487007,1.054117697162807,0.6862984992718051,1.7251860665108594,-1.3466648690389431,0.4840057266517478,-0.24109397393750598,-0.5323373130793473,0.6691549222908889,0.04036847272769276,-0.09666391258663225,1.4473963468412745,-0.6897555084863506,-0.8598800235351879
1.2400662635504516,-0.3147315517641877,0.18533519172083443,0.4297888571288211,1.0031581698187833,-0.006720754678681041,0.21282007971375086,0.5884572986913283,0.17648998705261917,0.1144595630692375,1.7659500768355008,0.09427465749816925,-0.3080262153046925,1.0382251174235844,0.9425193196931773,0.2631833250264535,-0.4270098119020103,-0.09700208811764117,0.7306451984452055,-1.8899519451772326,-0.2619514504599764,-0.5457625055032721,0.75002134274835075,-0.05361183188474227,0.38929927577909457,1.0156925766908276,0.8487810292035884,-0.6444043192153277,0.6726513422043824,-0.10213757630831966,1.054117697162807,0.9367211905548394,0.4415037052531531,1.2427499561153024,-0.8063859611005364,0.5576318630701464,-0.2711841678866584,-0.17785291045858542,0.16943217872374436,-0.17527927152306438,0.08495660964735405,1.0746706946292945,-0.4277386017245065,-0.98020671144554
1.1332529920556633,-0.7221212816812395,0.5108215617087598,1.4318980309570788,0.8063890285690418,-0.15567439383305293,-0.28610750621902087,1.5102689468577037,0.48819672684030385,-0.03143888601333913,2.280914409237289,0.40533996351581997,-1.1885610197399705,1.0662306934327852,2.099966898455311,0.39541244394264685,-0.9846464095499373,-0.4302566282315513,1.1794067862550077,-1.7385795317206656,-0.22238400612916243,-0.3968318548843107,1.517930983978916,-0.28660677562002984,0.0775725193239172,0.03739311226380628,0.08522963051720336,-0.05945884221221869,0.46209715853854794,-0.3772128322731294,0.6862984992718051,0.4415037052531531,1.4287881303076528,1.238981367435793,-0.8123726678069,0.8718675897352334,-0.2188487832947615,0.2195416425864021,0.370876437724177,-0.9678054963432957,-0.5554617194037667,1.8267182683231606,-1.0120683141171143,-0.3973008312178283
2.699681710052637,-1.655173644238772,0.835506857600874,1.3245531848002194,1.5169261223777661,0.05974951899389791,0.7454442286686731,1.9552446368011906,0.283806473626009,0.2761702041288868,3.799123574737655,0.6896488834428328,-1.3004110313017556,2.113225539296886,2.4313147480781088,0.4213428683429376,-2.0631361699554533,-0.6063975151333604,2.027706653793928,-3.722963016066127,-0.49662699895511053,-1.3147799965753184,1.827016227227342,-0.017218961268798468,0.07624771160855545,1.1785973627582291,0.9781227019283467,-0.9504449377754293,1.3277900890197047,-0.4328715054196898,1.7251860665108594,1.2427499561153024,1.238981367435793,2.3417265819704514,-1.2672021391519368,1.0874378290465507,-1.055539955429463,-0.28532232597918405,0.7486020806665254,-0.5910642577488241,0.033610794759885196,2.294972190488029,-1.6264990994612512,-0.9202028652380254
-0.5582245326998625,-0.5763071890889024,0.0720698020075331,-0.21261304206220125,-0.4482136074463202,-0.3445176128154954,0.40739968226335826,-1.1423088326341273,-0.29792520062696404,-0.011672473038061628,-1.9144066124643337,0.5314808929178344,0.34188290337114224,-0.3433878651040681,-0.7631706148962022,0.08622699864856422,-0.07102243463081702,0.047242792901662535,-0.03392289764244118,1.779131189800994,0.05402494055723365,0.06554499215072215,-0.5587026180458743,-0.4107645346135289,-0.5467187335980151,0.036673496307618195,-0.2620032886155637,0.15466937025857522,-0.37464367548149113,0.18912827605968693,-1.3466648690389431,-0.8063859611005364,-0.8123726678069,-1.2672021391519368,1.3699240953613878,-0.3606126327694501,-0.5001264684000732,0.34235513324662115,-0.4538790496947138,0.08666345930114819,0.5127227810932959,-1.259836807404417,0.13454433698931628,0.8899704285929315
1.572188476473684,-1.225519181939857,0.6692030774018711,1.3939226840048051,1.1653131188222028,-0.36195701172201006,0.32191033445397105,0.8744690743779485,0.26710521826150846,0.07528052221967177,1.9847913834192774,0.7372010113285054,-0.9913191066892723,1.4885132175868234,1.8989552810913017,0.5870561626011283,-1.1738691110894222,-0.3696375671513888,1.537614368677483,-1.7541089082793067,-0.407463396729299,-0.6902720161467244,1.4495653746323938,-0.5777228777018959,-0.028186807246456093,0.9505438015673372,0.5915485296560519,-0.4928252589572954,0.6409584323460243,-0.2799430993579794,0.4840057266517478,0.5576318630701464,0.8718675897352334,1.0874378290465507,-0.3606126327694501,0.9206438246542467,-0.7025149312667016,0.260273166249911,0.15883446657181696,-0.7989045569326741,-0.009283088814701135,1.5072215052290638,-1.0725143901374838,-0.5382620701693358
-3.3008148169640723,3.7943440973407836,-1.4913308566321786,-0.9270584430773652,-1.1178978673379563,0.17946134815654635,-2.4701597955350914,-1.0743707195870806,0.5003096421291452,-0.3955619255304029,-2.105688211418332,-2.476391125257673,1.088392434207625,-2.2662836311603716,-1.871422473298899,-0.5830569891069958,4.070406531855696,1.0790783442259317,-3.0782750324370216,2.37906151378332,0.4267063866731776,2.2280355558557203,-1.205421603864483,0.38377086903251806,1.165035581725084,-1.4067373493451119,-0.7682406374166414,1.154000812581033,-1.4618925532035707,0.16011847024029502,-0.24109397393750598,-0.2711841678866584,-0.2188487832947615,-1.055539955429463,-0.5001264684000732,-0.7025149312667016,3.1229460406100307,0.11610307806011355,-0.591770576631271,0.6366649581607691,-1.0326604314935521,-0.7653991492980208,2.3464605503325457,-0.6811914722251814
-0.24034539723221832,-0.03114142332679618,0.05561671109022031,0.601997893363725,0.22852198027049755,-0.41395638881237384,-0.36776325275740207,-0.2936008428982594,0.20025061373975533,-0.12304369467894286,-0.34432603922073146,0.17915746685494482,-0.1820842952460561,0.12873647629377005,0.4395513897458237,0.32264651528758675,0.30083025199432156,0.0420811209927087,0.1685299708769552,0.5814595427631387,-0.06542256126449639,0.22627876221069576,0.3613140493985834,-0.5413550286049724,0.023007534306626085,0.13278770389489208,-0.028172769153593766,0.15599010802575786,-0.21685480461242604,-0.019027892331779424,-0.5323373130793473,-0.17785291045858542,0.2195416425864021,-0.28532232597918405,0.34235513324662115,0.260273166249911,0.11610307806011355,0.463643300488021,-0.3462766308888558,-0.47387584560384477,-0.11235710760096966,0.14823146246398558,0.010142794295952858,-0.030557349057588955
1.076261267350521,-0.9260970015019668,0.4842010325431084,0.29208655036052844,0.07456575264062754,0.32603653895445633,0.6564859930651895,1.1533925421892348,-0.11562499791669979,0.1767871174566091,1.520698526993208,0.31011696935947386,-0.6313858213435878,0.567969228965853,0.7093506444709201,-0.13871391323059562,-1.3759133139092898,-0.4048335786997275,0.7715970860084471,-1.4852787606194893,-0.1387932239612328,-0.6103688804622591,0.47014673022374276,0.3621174842151321,-0.3458371719135501,-0.10977060495679437,-0.05443598443274015,-0.216585127909047,0.48792125321784796,-0.25434715555821336,0.6691549222908889,0.16943217872374436,0.370876437724177,0.7486020806665254,-0.4538790496947138,0.15883446657181696,-0.591770576631271,-0.3462766308888558,0.6806747735362817,0.034171520185968474,-0.01693559776296654,0.7231119777657439,-0.8603196994464749,0.2196773036531953
-0.9940649919613908,1.0185267714290167,-0.5419565362714428,-1.2867894594875504,-0.8418758508107044,0.44874668389054895,0.0018135873264038664,-0.661325679229665,-0.3063928274741734,0.06791926515850141,-1.199362099917029,-0.8886548563896353,0.8671187142036354,-1.0262874669346516,-1.744307102817789,-0.6114181840856051,0.9896768862371029,0.3789765654225702,-1.2940392096227706,0.7955215946385139,0.19345364269378879,0.4597113302132869,-1.2383844221636926,0.6908764415330777,0.09555715384741706,-0.38766542619589467,-0.19600339651252396,0.12330015472541159,-0.3490057330342441,0.1702460052348847,0.04036847272769276,-0.17527927152306438,-0.9678054963432957,-0.5910642577488241,0.08666345930114819,-0.7989045569326741,0.6366649581607691,-0.47387584560384477,0.034171520185968474,1.074279120325173,0.20167159596424833,-1.1445589452369807,0.8810348730970763,0.17415470941510827
0.8737061945290817,-1.1218650461218485,0.32489851091585586,-0.1536578828720547,0.30004453265587255,-0.0901216986420619,1.0305170939140103,-0.33911243339254077,-0.33507138493204025,0.19310744875774638,-0.033191690466410094,0.680824274456763,0.10379705199450795,0.6036410796532647,-0.10478987318053609,0.1300761120176901,-0.9630701292766835,-0.15425844735496558,0.7186181302685493,-0.3534518001095724,-0.14401932855312358,-0.6800301593469351,-0.060904939790633994,-0.10199676038944178,-0.36356894375945104,0.8455082817278079,0.49111382754876887,-0.5554723444857941,0.42909005170740855,0.08944578052664562,-0.09666391258663225,0.08495660964735405,-0.5554617194037667,0.033610794759885196,0.5127227810932959,-0.009283088814701135,-1.0326604314935521,-0.11235710760096966,-0.01693559776296654,0.20167159596424833,0.7258704272963253,-0.3853103337642752,-0.4344170377167538,0.1917641662447884
2.6798769751812626,-1.7587376558107624,1.0994266684904956,2.4228189180820645,1.7633951860570476,-0.25557148153106973,0.2947967731643676,2.3141191236319925,0.5823033038614723,0.1528735853109941,4.254286062476526,0.7363805611510742,-1.9774591642313009,2.4184469029276245,3.397960023914991,0.6830063391347992,-2.004154361620761,-0.6919926999956014,2.371006232195372,-3.74360598578741,-0.7237847997294317,-1.068365591542435,2.5651456953981717,-0.5130714730124887,0.04376544817451384,1.1319229773663384,0.7524501070377241,-0.6899559250808739,1.106255476131702,-0.6898743870321187,1.4473963468412745,1.0746706946292945,1.8267182683231606,2.294972190488029,-1.259836807404417,1.5072215052290638,-0.7653991492980208,0.14823146246398558,0.7231119777657439,-1.1445589452369807,-0.3853103337642752,3.1073869424435516,-1.9130461110241566,-0.9662182039832828
-3.2744383537058526,3.4390664180790944,-1.5676126632751746,-1.822854602660549,-1.272278140850948,0.17907175881710977,-1.771026755981885,-1.9581412854536084,0.08009967163507627,-0.35456377232816494,-3.3127719402218476,-1.908050025339609,1.8060662770149005,-2.48078855777805,-2.7984841561798266,-0.5848336831724915,3.7390242289229767,1.0777485058127123,-3.092233346480154,3.1574950682635397,0.6134167729565526,1.8789673527607387,-1.994781958199303,0.40230580515585695,0.9435848255161685,-1.097729079215856,-0.5592706082579325,0.9088605300038558,-1.366585982350436,0.5182395803821407,-0.6897555084863506,-0.4277386017245065,-1.0120683141171143,-1.6264990994612512,0.13454433698931628,-1.0725143901374838,2.3464605503325457,0.010142794295952858,-0.8603196994464749,0.8810348730970763,-0.4344170377167538,-1.9130461110241566,2.5441090807534494,-0.33250920504389675
-0.3431979409195781,-0.8429368135609379,0.24838191335341567,-0.3810101173754539,-0.9893688326586096,0.15679546523324647,0.6153953164259357,-3.911370686552786e-5,-0.405135625689797,0.030244021484497844,-1.0946706986941446,0.5585149861089174,0.0022413383225279647,-0.5717871215439488,-0.5761470143944285,-0.30702385835008345,-1.000297047723178,-0.30258871195752984,0.06867707689276802,1.1479096642055604,0.23736195132014798,-0.11337564082692438,-0.5723388812278138,0.2828110935445261,-0.8883284177257873,-1.0090235909730305,-0.8483685181663618,0.3986103188867401,-0.2422330205403332,0.01982439283612486,-0.8598800235351879,-0.98020671144554,-0.3973008312178283,-0.9202028652380254,0.8899704285929315,-0.5382620701693358,-0.6811914722251814,-0.030557349057588955,0.2196773036531953,0.17415470941510827,0.1917641662447884,-0.9662182039832828,-0.33250920504389675,1.5035396654184614
