V1,V2,V3,V4,V5,V6,V7,V8,V9,V10,V11,V12,V13,V14,V15,V16,V17,V18,V19,V20,V21,V22,V23,V24,V25,V26,V27,V28,V29,V30,V31,V32,V33,V34,V35,V36,V37,V38,V39,V40,V41,V42,V43,V44
0.7302064631151668,-0.04880740323519187,0.45091726362673384,0.04387970804433033,0.04795955837504038,0.343767584247558,0.2431633731773537,0.01000404390294079,-0.037124281051308536,0.3584280152395009,-0.13817596283670475,-0.26881017276686114,-0.8462560722031018,-0.5501838660194942,0.4412961290131679,0.043136722795491224,0.094406715662773,0.44056069695874894,0.2815021878810879,-0.6390109920060317,-0.591575159392964,-1.2589251224773756,0.7251218924900416,-1.0221173560987895,0.6376626009235707,0.23475809378771526,0.2563807952070903,0.14054179627427935,0.15216370186090786,-0.6453420642303282,-0.8292478994373743,-0.3843219599512938,0.034128270418260824,-1.3462316229377256,-0.5297449640324645,-0.07884063216435301,0.7916386344080166,-0.45527645400538885,-0.2842958540882673,-0.3826383017041146,-0.7581299033128494,0.6993657752579273,-0.02363411602241106,-0.35957379036555215
-0.04880740323519187,4.316630661208151,-1.7492470547714785,0.16214269018468422,0.16545411891299686,1.1203643298916792,-0.9622614815681017,-1.3459735075729733,-1.2765551119951142,-2.8066298201734514,1.781506908484605,2.0296001305922515,0.2286089865387808,1.7587559071345364,-3.870557332517731,0.14196008358542414,0.7059497467202535,-3.045174104129322,-4.302500424854411,1.82424685752628,-1.137209604475379,6.328739741243207,-6.611477700140057,-1.8825433352438978,-0.8615754207153506,1.59299747460412,-3.3937191370622006,0.5400086249861871,-3.526684333524831,5.298495281317354,2.190646968630302,3.34089715823781,-1.2547300044177776,3.5330619872579416,1.3261342399455234,3.4280740091523545,-1.8303058471071165,0.9236674707172149,3.5772244576526133,1.8324268363480465,0.03602204698732483,-0.053665384207815636,2.7761114829215026,-2.4590735627173745
0.45091726362673384,-1.7492470547714785,1.2702306806831687,-0.03155335417109251,-0.1714453507442932,-0.2984822233318933,0.6290019613583226,0.4181186794773764,0.46193920873830685,1.5458018919660321,-0.8789722026863446,-0.7663456053645229,-0.5612852944989419,-0.8283782054640715,1.8186963862729295,-0.06260847551662903,-0.4001954207902444,1.7815947069721612,1.843182521251288,-1.1963451183153253,0.048489989659135466,-3.5612938230798368,3.061199231665423,0.11713071971993472,0.7805055261515798,-0.45916747070675207,1.109103190665791,-0.07380829538009824,1.5346809809719326,-2.6154270320653263,-1.5306355281776076,-1.7069579522496425,0.4626878569502572,-2.2585555714932446,-1.228074256824307,-1.8687598088307853,1.0247996783058755,-0.4251119976562494,-1.4074148516860614,-0.9931543698344073,-0.5517753064166123,0.26269176291122076,-1.2207279861940816,-0.07264088080352793
0.04387970804433033,0.16214269018468422,-0.03155335417109251,0.11822177939528161,-0.02301452611187144,0.0459033152044971,0.04352276992161403,-0.18025369001703803,-0.13296187773567683,-0.19218465162747023,-0.0587326532996473,0.2816248284143788,-0.06745481104730076,0.08097389173600739,-0.17625761763510261,0.04891252702199587,-0.048353747205836,-0.20059755152691933,-0.19721124121552833,0.2574899714961913,-0.15509143025562966,0.2919547694237722,-0.3922626225350364,-0.35793312417646783,-0.10665146898309759,0.14404033865598043,-0.2883120897830686,0.12151592384619017,-0.25843011537441823,0.3437916414641286,-0.1056111792894513,0.08231033632665792,-0.12334481444628549,-0.0023777783981078974,0.18842598040504024,0.22287904984647347,-0.1761611053730553,0.13552765668678668,0.203300645125773,7.833500278857848e-4,-0.042847078155510164,-0.012698797545018466,0.130140195294646,-0.11445684407650329
0.04795955837504038,0.16545411891299686,-0.1714453507442932,-0.02301452611187144,0.13082791174495714,0.08857195476965471,-0.09590000484204653,0.01115843573715818,-0.005720343327833259,-0.17237172839466766,0.1326396496739832,-0.032135073958002656,-0.09530606366154347,-0.02671012889060158,-0.13271206124175305,0.0663158664693234,0.11357762835250716,-0.22803408350410612,-0.11285426518379248,0.0780266861211234,-0.033853374208206166,0.3509273446984727,-0.22087311485993177,-0.10173917545958146,-0.008175409369947179,0.05295305664636443,0.11255182585274245,-0.05480407372317818,-0.15318561302666378,0.1784476538868954,0.10801024055654825,0.22036577983940323,-0.025125439323298027,0.09088299399186361,0.19884860260276985,0.3748860972299787,0.0025275210429457563,-0.14983040908206158,-0.012879822009033925,0.06420752534906332,0.03006622910255609,0.14984125298193332,0.17060032212244033,0.23560948876747384
0.343767584247558,1.1203643298916792,-0.2984822233318933,0.0459033152044971,0.08857195476965471,0.5674886443222201,-0.07707350087863978,-0.20598913192413065,-0.3321283937752025,-0.5340657556876979,0.4590928300238053,0.2161882572243099,-0.44614731187914464,-0.01330009286972272,-0.6518965195545153,1.3042361175971202e-4,0.3501910717908727,-0.5369777835276152,-0.9312735317453779,-0.001536780010870731,-0.6257655646160292,0.8707929735895052,-1.1585664989453595,-1.0337346817034898,0.1529040159729064,0.525202024025496,-0.5319688908252073,0.19133948323618574,-0.7277850298299967,0.9074840967451439,0.18690213252637503,0.6598236753033979,-0.3287462558646784,0.12187850714760987,-0.001228032759068402,0.8479237550727247,0.09194972784070378,-0.10438654856821779,0.6972855963575318,0.2530416593532981,-0.4737405111186493,0.5430434352950282,0.6950049302389756,-0.6253610767359532
0.2431633731773537,-0.9622614815681017,0.6290019613583226,0.04352276992161403,-0.09590000484204653,-0.07707350087863978,0.5131052730056457,0.31105353522845325,0.18588203694053235,0.7799341609862138,-0.5257922347164177,-0.5224994361830019,-0.4199266991830343,-0.7036343073197123,1.1354846194042105,-0.07421834158002553,-0.11915472231458836,0.9535262925100507,1.0927577339715497,-0.6980390850571033,-0.08335177056459295,-2.09285690430458,1.8363238776143154,-0.15136226818885293,0.4254389552812663,-0.21574396307830018,0.8021884972903495,-0.010390388568254574,0.8844868235075456,-1.514526499882757,-0.9381168919137366,-1.003557524406833,0.19970819026837233,-1.4784207389135284,-0.6092433395417794,-0.927117475621843,0.729875843195156,-0.29992127547523334,-0.8420018993563517,-0.642035651351145,-0.443155995327768,0.35152018471099483,-0.697218959010107,0.2925056517695518
0.01000404390294079,-1.3459735075729733,0.4181186794773764,-0.18025369001703803,0.01115843573715818,-0.20598913192413065,0.31105353522845325,0.8039572058494172,0.5199441688538783,1.0034117965175526,-0.3523497763654183,-1.2035524231247394,-0.10503523790654556,-0.9386646103017804,1.4974278975157362,-0.20385003585228895,0.05535737565837481,1.106722144411783,1.5082543897047822,-1.066707690522717,0.40141789486461155,-2.35714079979938,2.6221816245564873,0.8625622523992941,0.48681927569022754,-0.6241978261532096,1.6526840635841415,-0.27695793797306356,1.4481210121524093,-2.0861540578411284,-0.44854318580509905,-1.055797289989927,0.502308312298491,-1.2236106622927128,-0.6897068625102585,-1.1579697669623317,1.0760958949754473,-0.6253783321726671,-1.3838945855342797,-0.581911517282136,-0.15667970607827558,0.38046951094681314,-0.943020513562606,1.2162610032444345
-0.037124281051308536,-1.2765551119951142,0.46193920873830685,-0.13296187773567683,-0.005720343327833259,-0.3321283937752025,0.18588203694053235,0.5199441688538783,0.5240958154126358,0.8876760813441918,-0.4101031015799862,-0.7846881402616004,-0.022347048850259905,-0.53950089422265,1.2074733931906152,-0.07072701274855009,-0.15265486560394767,0.9442165124972891,1.3311726760773377,-0.6655136540285898,0.4241904866577246,-1.9089531908888342,2.0299291812746856,0.8065220741205154,0.3138274604072422,-0.5293330370711475,1.219864765916808,-0.22437810749364712,1.1513014480654093,-1.7166964959067612,-0.4849354625425297,-0.9349950897703215,0.43599455374851764,-0.9009748758579675,-0.4978397015991338,-1.052322556036647,0.5887977161447719,-0.4398819713221001,-1.1703190311903817,-0.511175227430307,0.06758092258970938,0.06290277818383631,-0.8472840508841919,0.8041881899779265
0.3584280152395009,-2.8066298201734514,1.5458018919660321,-0.19218465162747023,-0.17237172839466766,-0.5340657556876979,0.7799341609862138,1.0034117965175526,0.8876760813441918,2.3228523729885593,-1.1280585815353383,-1.6241964410674936,-0.5148960101267481,-1.4078420568821912,2.8886761169691226,-0.20324510704008766,-0.401469921793926,2.597573530600548,2.9405142420225565,-1.927121128801308,0.4883864442663317,-5.185434470972798,5.0107427087102865,0.9923851809487227,1.0519663788539757,-0.9997153259652868,2.2951008368608345,-0.3269841740902251,2.6421526642629605,-4.136196753065634,-1.730186335642852,-2.4793556819887543,0.8531656762282251,-2.9491949465026672,-1.6957289745888862,-2.797858312111369,1.6920934325574877,-0.8039555610162049,-2.4363244314541412,-1.3593549662801994,-0.5156993800199849,0.3924503988020205,-1.9400413942882542,0.810495208014262
-0.13817596283670475,1.781506908484605,-0.8789722026863446,-0.0587326532996473,0.1326396496739832,0.4590928300238053,-0.5257922347164177,-0.3523497763654183,-0.4101031015799862,-1.1280585815353383,0.9537891652766158,0.5323238948258375,0.24177190541470964,0.6758195117194563,-1.5567973765043908,0.003099651167340693,0.4407877656917358,-1.2616465920822524,-1.710017684049964,0.5968354064131799,-0.25412218739035414,2.729115498894301,-2.563066277072788,-0.3413041475142798,-0.3403656510982979,0.5078419188535739,-1.0830715732483103,0.09374409579723153,-1.2918878486048264,2.0801785210501813,1.2497023091491088,1.5001599079694474,-0.41683636984768047,1.7439661786170968,0.50010759398884,1.4295051176105247,-0.5983383025212935,0.22523593822286678,1.3473991171789699,0.8703568903149557,0.15681926329008333,0.01841838828317171,1.129560686890496,-0.701850606510668
-0.26881017276686114,2.0296001305922515,-0.7663456053645229,0.2816248284143788,-0.032135073958002656,0.2161882572243099,-0.5224994361830019,-1.2035524231247394,-0.7846881402616004,-1.6241964410674936,0.5323238948258375,2.0844943487357783,0.43592061114734726,1.6384999233832291,-2.383405756035846,0.2521847568558338,-0.17685496143432597,-1.8591292391405916,-2.4231715071748123,1.8668113807606954,-0.38631659568540827,3.9876833015366646,-4.178928149217104,-0.9386369338125102,-1.0000957681991662,0.8614245444942359,-2.6816854975673614,0.3633050315148926,-2.207749962642974,3.385708198325732,0.9183767977342719,1.7118297390369037,-0.8238553078831651,2.2474240443153484,1.2088289072596134,1.631648903916194,-2.0641694777872748,1.1957145318258504,2.1928067012147507,0.9873430477015229,0.4544540078321572,-0.7716011542905451,1.4005548056965675,-1.7369226978407792
-0.8462560722031018,0.2286089865387808,-0.5612852944989419,-0.06745481104730076,-0.09530606366154347,-0.44614731187914464,-0.4199266991830343,-0.10503523790654556,-0.022347048850259905,-0.5148960101267481,0.24177190541470964,0.43592061114734726,1.2261252186697924,0.8821909286440346,-0.7910111102800255,-0.06786987131429749,-0.1406362476112823,-0.6238522796386848,-0.5645969038202299,0.8160454966546841,0.753335358147928,1.8141858229690182,-1.2071545807347988,1.3702226040492607,-0.772324440021679,-0.2699819002806567,-0.6215641091865362,-0.11265015135251355,-0.33223461779224783,1.0942633789924505,1.1939904554116718,0.6205490954658084,0.015210408546397252,1.9093850060892887,0.6156442258141598,0.10916436555304948,-1.0225906705732153,0.6850893385294352,0.5679676034443987,0.6228803800508577,0.9803022953763866,-1.0372015591811723,0.14236240243924408,0.16247067033341603
-0.5501838660194942,1.7587559071345364,-0.8283782054640715,0.08097389173600739,-0.02671012889060158,-0.01330009286972272,-0.7036343073197123,-0.9386646103017804,-0.53950089422265,-1.4078420568821912,0.6758195117194563,1.6384999233832291,0.8821909286440346,1.732951844293567,-2.2610311761102673,0.1736609854316922,-0.13416747591183872,-1.6209261939738102,-2.1639498542319933,1.630273799203454,0.07228293407894579,3.9103951348637467,-3.790666677656413,0.026625845641696254,-0.9856981534692153,0.5276095978502141,-2.3020760390060544,0.1571807252936394,-1.8396574143197664,3.0256052732776166,1.366674969242497,1.7210214058452875,-0.5595190059940673,2.7419091035100926,1.0380687043114138,1.3149201074290755,-1.9635309118744606,1.096042253548841,1.9488845126554695,1.1364510618241344,0.8361713048205346,-1.0571928200275922,1.2003672891717425,-1.508453985510757
0.4412961290131679,-3.870557332517731,1.8186963862729295,-0.17625761763510261,-0.13271206124175305,-0.6518965195545153,1.1354846194042105,1.4974278975157362,1.2074733931906152,2.8886761169691226,-1.5567973765043908,-2.383405756035846,-0.7910111102800255,-2.2610311761102673,4.0857841280065035,-0.24673225499447132,-0.39485172815513203,3.2529147730107724,4.193929847977996,-2.4623369420269805,0.6192321314412971,-6.951195977668064,6.864401342806921,1.1524905966605659,1.3344325341598675,-1.3446907544539117,3.6149960079376036,-0.4163177663256528,3.5777327544883675,-5.603299338571369,-2.3754165703550307,-3.354710616185277,1.150744368255395,-4.1973166705917935,-1.917250601031413,-3.365182449682278,2.48271498437351,-1.3338326965852523,-3.5580162586097663,-1.9717343887577514,-0.6994202450319701,0.8076204395726259,-2.620812699032149,2.0753619141760535
0.043136722795491224,0.14196008358542414,-0.06260847551662903,0.04891252702199587,0.0663158664693234,1.3042361175971202e-4,-0.07421834158002553,-0.20385003585228895,-0.07072701274855009,-0.20324510704008766,0.003099651167340693,0.2521847568558338,-0.06786987131429749,0.1736609854316922,-0.24673225499447132,0.17067380933296403,-0.04730657179221108,-0.22882529097721108,-0.15630939061558674,0.3042148315052556,-0.06841390904748626,0.4418871066205363,-0.4949385799324755,-0.26659421827950436,-0.10703396627318938,0.13152648441773762,-0.22094794173116863,0.028651406450412753,-0.3203340894748841,0.3534612998283855,-0.05034094486029944,0.16098555135067355,-0.07767705307415892,0.11619079871266452,0.2690115100797851,0.34849107163748333,-0.2453546749138654,0.029762562915607277,0.13186246160151843,0.04500964023455608,0.09642267852058284,-0.07685046940950231,0.1866517652654593,-0.11560345957407152
0.094406715662773,0.7059497467202535,-0.4001954207902444,-0.048353747205836,0.11357762835250716,0.3501910717908727,-0.11915472231458836,0.05535737565837481,-0.15265486560394767,-0.401469921793926,0.4407877656917358,-0.17685496143432597,-0.1406362476112823,-0.13416747591183872,-0.39485172815513203,-0.04730657179221108,0.39976543750094384,-0.42466837903424703,-0.5231509883577655,-0.07423289325043005,-0.24486797237239577,0.7216669359153446,-0.6203810589193756,-0.32814132544691965,0.06667475907837589,0.21382201407218318,0.01209708342139683,0.0224641045130303,-0.36259330528363487,0.5479495055152428,0.42395030073917905,0.527319573039483,-0.12031370653954572,0.31233903786924816,0.12099320847009284,0.7045724031780758,0.2518150698757156,-0.20915217501815744,0.32345746661648334,0.25227082652661786,-0.17507624488111204,0.3894752050156911,0.44258799954703504,0.13769770968221556
0.44056069695874894,-3.045174104129322,1.7815947069721612,-0.20059755152691933,-0.22803408350410612,-0.5369777835276152,0.9535262925100507,1.106722144411783,0.9442165124972891,2.597573530600548,-1.2616465920822524,-1.8591292391405916,-0.6238522796386848,-1.6209261939738102,3.2529147730107724,-0.22882529097721108,-0.42466837903424703,3.020815179783285,3.2770755753097083,-2.268897381520911,0.41897509808222505,-5.964958615067243,5.564437516120922,0.9287669696725305,1.2735116249224112,-1.0461794528026862,2.5102160981855457,-0.30474282836578936,2.9273966570428502,-4.682828108401503,-2.0163962374305004,-2.7995409316579,0.9316458571553928,-3.4309314275339644,-2.0730777046433495,-3.1813950027766804,1.9736141493890513,-0.9318603050262337,-2.6616801589631396,-1.5519683348031932,-0.6933703613714636,0.49251341314967784,-2.146769118990793,0.6361955990916816
0.2815021878810879,-4.302500424854411,1.843182521251288,-0.19721124121552833,-0.11285426518379248,-0.9312735317453779,1.0927577339715497,1.5082543897047822,1.3311726760773377,2.9405142420225565,-1.710017684049964,-2.4231715071748123,-0.5645969038202299,-2.1639498542319933,4.193929847977996,-0.15630939061558674,-0.5231509883577655,3.2770755753097083,4.599041897262899,-2.2319577654365266,0.9232875460626532,-6.955176537957417,7.048372569190173,1.5636876724861857,1.1798101397596006,-1.5353086343828368,3.857869950942433,-0.5171861653761616,3.699981354340135,-5.752683208489211,-2.4186843961692404,-3.492391222020969,1.32824502555673,-4.088378342227623,-1.632849340694799,-3.4015462939125864,2.3660934650574568,-1.3290450913082752,-3.8360476805953696,-2.0135741010907764,-0.34763239556027115,0.49649890720438516,-2.82629604809407,2.5927453552559463
-0.6390109920060317,1.82424685752628,-1.1963451183153253,0.2574899714961913,0.0780266861211234,-0.001536780010870731,-0.6980390850571033,-1.066707690522717,-0.6655136540285898,-1.927121128801308,0.5968354064131799,1.8668113807606954,0.8160454966546841,1.630273799203454,-2.4623369420269805,0.3042148315052556,-0.07423289325043005,-2.268897381520911,-2.2319577654365266,2.3049563020542707,-0.006007384672528846,4.6944038741919965,-4.327121989685354,-0.3694098751271648,-1.3569848135011815,0.6413558321188209,-2.187045673957421,0.2285071479114738,-2.2229225519653992,3.6174737517278404,1.346095034158505,1.9046547791294246,-0.7022949816258107,2.839607374412915,1.921814232310022,2.1464930107300813,-2.1507812854321986,1.1123721734712708,1.972559463209665,1.1120482092076456,0.9802447419950558,-0.9951800482256551,1.3832780460499063,-0.47616847638227255
-0.591575159392964,-1.137209604475379,0.048489989659135466,-0.15509143025562966,-0.033853374208206166,-0.6257655646160292,-0.08335177056459295,0.40141789486461155,0.4241904866577246,0.4883864442663317,-0.25412218739035414,-0.38631659568540827,0.753335358147928,0.07228293407894579,0.6192321314412971,-0.06841390904748626,-0.24486797237239577,0.41897509808222505,0.9232875460626532,-0.006007384672528846,0.9731546785947616,-0.5122990111431271,1.2269036634955768,1.6506959916741535,-0.2908302885835403,-0.7235015969843194,0.7571596560348643,-0.34132014428590446,0.8729968949381444,-0.8688480654528457,0.29072751828717963,-0.484524916890503,0.41238159536303626,0.3625384821270291,0.07761593972884735,-0.8623053122634752,-0.14281060671201945,0.09939832664850683,-0.7848533883354808,-0.07478238777042502,0.7484458320260993,-0.626220549258452,-0.7087057324048661,1.039229984526324
-1.2589251224773756,6.328739741243207,-3.5612938230798368,0.2919547694237722,0.3509273446984727,0.8707929735895052,-2.09285690430458,-2.35714079979938,-1.9089531908888342,-5.185434470972798,2.729115498894301,3.9876833015366646,1.8141858229690182,3.9103951348637467,-6.951195977668064,0.4418871066205363,0.7216669359153446,-5.964958615067243,-6.955176537957417,4.6944038741919965,-0.5122990111431271,12.643703969956384,-11.728868108969573,-1.1769488208289816,-2.7653586430586627,1.977933336058121,-5.68347005098534,0.525892012499872,-5.990250993221176,9.736868474449132,4.568786882168033,5.9122433058578965,-1.9055037844512002,7.853211125128911,3.944801347407181,6.044931986081506,-4.558860271563777,2.3012561093790485,5.790032641311087,3.481255885773834,1.8097939237939284,-1.5934141981818046,4.379539455068892,-2.268063893254616
0.7251218924900416,-6.611477700140057,3.061199231665423,-0.3922626225350364,-0.22087311485993177,-1.1585664989453595,1.8363238776143154,2.6221816245564873,2.0299291812746856,5.0107427087102865,-2.563066277072788,-4.178928149217104,-1.2071545807347988,-3.790666677656413,6.864401342806921,-0.4949385799324755,-0.6203810589193756,5.564437516120922,7.048372569190173,-4.327121989685354,1.2269036634955768,-11.728868108969573,11.916201791773368,2.328646481805452,2.2753483819131817,-2.4549375762936814,6.152259297448448,-0.841034846579132,6.2005513290804055,-9.54827630046017,-3.793669538762653,-5.649036662222292,2.045561011521594,-6.931028514405662,-3.2720926218486257,-5.807367823270281,4.326200831085993,-2.1639482372279204,-6.045800894835185,-3.2016305108616465,-1.1222957802699973,1.2712265588867027,-4.459391412063104,3.5884875161796073
-1.0221173560987895,-1.8825433352438978,0.11713071971993472,-0.35793312417646783,-0.10173917545958146,-1.0337346817034898,-0.15136226818885293,0.8625622523992941,0.8065220741205154,0.9923851809487227,-0.3413041475142798,-0.9386369338125102,1.3702226040492607,0.026625845641696254,1.1524905966605659,-0.26659421827950436,-0.32814132544691965,0.9287669696725305,1.5636876724861857,-0.3694098751271648,1.6506959916741535,-1.1769488208289816,2.328646481805452,3.0990015236118347,-0.3282059259466453,-1.302919238847066,1.4158860389528725,-0.6118716078332104,1.6851768652960195,-1.7331805735678842,0.6817435628834144,-0.8612539544064669,0.7759893215624737,0.6703959965470458,-0.20112397179185218,-1.7325574643131945,-0.04073277681200357,0.08056860091906222,-1.3526618178414545,-0.08640331860809858,1.1764408588738269,-1.0036100271746164,-1.2787096425728448,1.623626130508838
0.6376626009235707,-0.8615754207153506,0.7805055261515798,-0.10665146898309759,-0.008175409369947179,0.1529040159729064,0.4254389552812663,0.48681927569022754,0.3138274604072422,1.0519663788539757,-0.3403656510982979,-1.0000957681991662,-0.772324440021679,-0.9856981534692153,1.3344325341598675,-0.10703396627318938,0.06667475907837589,1.2735116249224112,1.1798101397596006,-1.3569848135011815,-0.2908302885835403,-2.7653586430586627,2.2753483819131817,-0.3282059259466453,0.9548026973441704,-0.1699104663309318,1.1303384619049386,-0.03390958878217188,1.0769269750888937,-1.9863615785854472,-1.0411906215228695,-1.0384340797217735,0.3507111967688699,-1.9402171828241577,-1.1568243109780048,-1.0149239024261485,1.3510447023749552,-0.7626265847319251,-1.0426988731006717,-0.6972621311041384,-0.7911966239170972,0.7696584837233749,-0.644724151176249,-0.008519406721825077
0.23475809378771526,1.59299747460412,-0.45916747070675207,0.14404033865598043,0.05295305664636443,0.525202024025496,-0.21574396307830018,-0.6241978261532096,-0.5293330370711475,-0.9997153259652868,0.5078419188535739,0.8614245444942359,-0.2699819002806567,0.5276095978502141,-1.3446907544539117,0.13152648441773762,0.21382201407218318,-1.0461794528026862,-1.5353086343828368,0.6413558321188209,-0.7235015969843194,1.977933336058121,-2.4549375762936814,-1.302919238847066,-0.1699104663309318,0.8027357909309166,-1.3342167722932619,0.31530917119163937,-1.4062292586841219,1.8805261511183469,0.3525804151283327,1.0847525398372777,-0.534048998546666,0.7795680784323853,0.4216127412056751,1.3205996866643963,-0.5789635126765198,0.25459246965687826,1.3180457805729509,0.4947480117866416,-0.25567964681784294,0.1681718805978397,1.0472364968820949,-1.142059045418201
0.2563807952070903,-3.3937191370622006,1.109103190665791,-0.2883120897830686,0.11255182585274245,-0.5319688908252073,0.8021884972903495,1.6526840635841415,1.219864765916808,2.2951008368608345,-1.0830715732483103,-2.6816854975673614,-0.6215641091865362,-2.3020760390060544,3.6149960079376036,-0.22094794173116863,0.01209708342139683,2.5102160981855457,3.857869950942433,-2.187045673957421,0.7571596560348643,-5.68347005098534,6.152259297448448,1.4158860389528725,1.1303384619049386,-1.3342167722932619,4.041541871467732,-0.5761077701756261,3.2215328295720633,-4.9457014593287525,-1.6132985695661386,-2.663550493690651,1.187835821708871,-3.377530304776736,-1.234853611161671,-2.3036815921580307,2.5456164073318086,-1.6339224243102488,-3.492994669498689,-1.6169185004602291,-0.3711579862146827,0.9627048756428058,-2.213631724562981,3.1721105739419286
0.14054179627427935,0.5400086249861871,-0.07380829538009824,0.12151592384619017,-0.05480407372317818,0.19133948323618574,-0.010390388568254574,-0.27695793797306356,-0.22437810749364712,-0.3269841740902251,0.09374409579723153,0.3633050315148926,-0.11265015135251355,0.1571807252936394,-0.4163177663256528,0.028651406450412753,0.0224641045130303,-0.30474282836578936,-0.5171861653761616,0.2285071479114738,-0.34132014428590446,0.525892012499872,-0.841034846579132,-0.6118716078332104,-0.03390958878217188,0.31530917119163937,-0.5761077701756261,0.23294708548400217,-0.4914101738891391,0.6586600291965213,-0.007487678112614409,0.27334387614733885,-0.19693122250261486,0.12382656320999391,0.06880506855604779,0.37382505964630197,-0.15605545770645632,0.14986731422350838,0.5066939090193018,0.10822939585035443,-0.176943868238052,0.04763639011538993,0.3345875078314455,-0.5331283391166185
0.15216370186090786,-3.526684333524831,1.5346809809719326,-0.25843011537441823,-0.15318561302666378,-0.7277850298299967,0.8844868235075456,1.4481210121524093,1.1513014480654093,2.6421526642629605,-1.2918878486048264,-2.207749962642974,-0.33223461779224783,-1.8396574143197664,3.5777327544883675,-0.3203340894748841,-0.36259330528363487,2.9273966570428502,3.699981354340135,-2.2229225519653992,0.8729968949381444,-5.990250993221176,6.2005513290804055,1.6851768652960195,1.0769269750888937,-1.4062292586841219,3.2215328295720633,-0.4914101738891391,3.348616365512863,-4.991016738941185,-1.7246498691448864,-2.911192353979508,1.1160224688225662,-3.252807278079267,-1.7444319975490772,-3.229055641008861,2.095939072828977,-1.0417696823247549,-3.152341574378941,-1.5834551581092093,-0.3672582203134186,0.4554257172477998,-2.4179069593222566,1.9087660924114778
-0.6453420642303282,5.298495281317354,-2.6154270320653263,0.3437916414641286,0.1784476538868954,0.9074840967451439,-1.514526499882757,-2.0861540578411284,-1.7166964959067612,-4.136196753065634,2.0801785210501813,3.385708198325732,1.0942633789924505,3.0256052732776166,-5.603299338571369,0.3534612998283855,0.5479495055152428,-4.682828108401503,-5.752683208489211,3.6174737517278404,-0.8688480654528457,9.736868474449132,-9.54827630046017,-1.7331805735678842,-1.9863615785854472,1.8805261511183469,-4.9457014593287525,0.6586600291965213,-4.991016738941185,7.9046092705236495,3.235127045465874,4.6007209459406715,-1.6492637847265494,5.739930845271689,2.8991223781545163,4.807144709939184,-3.447463733103149,1.8820473691007669,4.896123378071656,2.659027685318225,0.9709479162062955,-1.072355112501605,3.614928790413114,-2.45435357300579
-0.8292478994373743,2.190646968630302,-1.5306355281776076,-0.1056111792894513,0.10801024055654825,0.18690213252637503,-0.9381168919137366,-0.44854318580509905,-0.4849354625425297,-1.730186335642852,1.2497023091491088,0.9183767977342719,1.1939904554116718,1.366674969242497,-2.3754165703550307,-0.05034094486029944,0.42395030073917905,-2.0163962374305004,-2.4186843961692404,1.346095034158505,0.29072751828717963,4.568786882168033,-3.793669538762653,0.6817435628834144,-1.0411906215228695,0.3525804151283327,-1.6132985695661386,-0.007487678112614409,-1.7246498691448864,3.235127045465874,2.4069578301180217,2.1817448581976717,-0.48642324238633955,3.467185579829886,1.1942462555847355,1.8207255227156411,-1.4671839389871202,0.7744879131770744,1.9213653108058217,1.4635194000048497,0.9367988577088555,-0.7278241647588083,1.4152932221297803,-0.41454687499416853
-0.3843219599512938,3.34089715823781,-1.7069579522496425,0.08231033632665792,0.22036577983940323,0.6598236753033979,-1.003557524406833,-1.055797289989927,-0.9349950897703215,-2.4793556819887543,1.5001599079694474,1.7118297390369037,0.6205490954658084,1.7210214058452875,-3.354710616185277,0.16098555135067355,0.527319573039483,-2.7995409316579,-3.492391222020969,1.9046547791294246,-0.484524916890503,5.9122433058578965,-5.649036662222292,-0.8612539544064669,-1.0384340797217735,1.0847525398372777,-2.663550493690651,0.27334387614733885,-2.911192353979508,4.6007209459406715,2.1817448581976717,2.9820672159234616,-0.9282971706456938,3.576462989606478,1.587435249329972,3.0067062833711717,-1.8785474943711933,0.8606640539895228,2.838973119945975,1.6904273671525671,0.5901374966911377,-0.4165776383970955,2.2535625055757538,-1.3763627935826424
0.034128270418260824,-1.2547300044177776,0.4626878569502572,-0.12334481444628549,-0.025125439323298027,-0.3287462558646784,0.19970819026837233,0.502308312298491,0.43599455374851764,0.8531656762282251,-0.41683636984768047,-0.8238553078831651,0.015210408546397252,-0.5595190059940673,1.150744368255395,-0.07767705307415892,-0.12031370653954572,0.9316458571553928,1.32824502555673,-0.7022949816258107,0.41238159536303626,-1.9055037844512002,2.045561011521594,0.7759893215624737,0.3507111967688699,-0.534048998546666,1.187835821708871,-0.19693122250261486,1.1160224688225662,-1.6492637847265494,-0.48642324238633955,-0.9282971706456938,0.5139251232715552,-0.9542694054749795,-0.4748939864962128,-0.9843640879876591,0.7255812998414944,-0.403404058665069,-1.1389728186368846,-0.47714320030655827,0.036240083152857525,0.035069734518493385,-0.8148193798186046,0.8665675615356643
-1.3462316229377256,3.5330619872579416,-2.2585555714932446,-0.0023777783981078974,0.09088299399186361,0.12187850714760987,-1.4784207389135284,-1.2236106622927128,-0.9009748758579675,-2.9491949465026672,1.7439661786170968,2.2474240443153484,1.9093850060892887,2.7419091035100926,-4.1973166705917935,0.11619079871266452,0.31233903786924816,-3.4309314275339644,-4.088378342227623,2.839607374412915,0.3625384821270291,7.853211125128911,-6.931028514405662,0.6703959965470458,-1.9402171828241577,0.7795680784323853,-3.377530304776736,0.12382656320999391,-3.252807278079267,5.739930845271689,3.467185579829886,3.576462989606478,-0.9542694054749795,5.739227355362799,2.2602571364457917,3.0533536135110877,-3.0929988125834957,1.6384402249758365,3.457734816422349,2.347051002587898,1.704656344234775,-1.6157375752043546,2.355222921356459,-1.326176270839405
-0.5297449640324645,1.3261342399455234,-1.228074256824307,0.18842598040504024,0.19884860260276985,-0.001228032759068402,-0.6092433395417794,-0.6897068625102585,-0.4978397015991338,-1.6957289745888862,0.50010759398884,1.2088289072596134,0.6156442258141598,1.0380687043114138,-1.917250601031413,0.2690115100797851,0.12099320847009284,-2.0730777046433495,-1.632849340694799,1.921814232310022,0.07761593972884735,3.944801347407181,-3.2720926218486257,-0.20112397179185218,-1.1568243109780048,0.4216127412056751,-1.234853611161671,0.06880506855604779,-1.7444319975490772,2.8991223781545163,1.1942462555847355,1.587435249329972,-0.4748939864962128,2.2602571364457917,2.005840618700916,2.1681072950176663,-1.4801379472360479,0.6704409679276317,1.3057072530104767,0.8909338774760024,0.8799347455015466,-0.6414068884516126,1.1295208427887053,0.6626989870520318
-0.07884063216435301,3.4280740091523545,-1.8687598088307853,0.22287904984647347,0.3748860972299787,0.8479237550727247,-0.927117475621843,-1.1579697669623317,-1.052322556036647,-2.797858312111369,1.4295051176105247,1.631648903916194,0.10916436555304948,1.3149201074290755,-3.365182449682278,0.34849107163748333,0.7045724031780758,-3.1813950027766804,-3.4015462939125864,2.1464930107300813,-0.8623053122634752,6.044931986081506,-5.807367823270281,-1.7325574643131945,-1.0149239024261485,1.3205996866643963,-2.3036815921580307,0.37382505964630197,-3.229055641008861,4.807144709939184,1.8207255227156411,3.0067062833711717,-0.9843640879876591,3.0533536135110877,2.1681072950176663,3.9132668789518834,-1.5284107347698626,0.5329473383509731,2.69124575164271,1.5109419043810646,0.377323682387407,0.003266054302907089,2.469517318425116,-0.5393947330763836
0.7916386344080166,-1.8303058471071165,1.0247996783058755,-0.1761611053730553,0.0025275210429457563,0.09194972784070378,0.729875843195156,1.0760958949754473,0.5887977161447719,1.6920934325574877,-0.5983383025212935,-2.0641694777872748,-1.0225906705732153,-1.9635309118744606,2.48271498437351,-0.2453546749138654,0.2518150698757156,1.9736141493890513,2.3660934650574568,-2.1507812854321986,-0.14281060671201945,-4.558860271563777,4.326200831085993,-0.04073277681200357,1.3510447023749552,-0.5789635126765198,2.5456164073318086,-0.15605545770645632,2.095939072828977,-3.447463733103149,-1.4671839389871202,-1.8785474943711933,0.7255812998414944,-3.0929988125834957,-1.4801379472360479,-1.5284107347698626,2.5740308442591435,-1.3360402027973353,-2.09582506249453,-1.1961299903651301,-1.0775203159807674,1.2391403984961913,-1.2901649559067527,1.350245482795749
-0.45527645400538885,0.9236674707172149,-0.4251119976562494,0.13552765668678668,-0.14983040908206158,-0.10438654856821779,-0.29992127547523334,-0.6253783321726671,-0.4398819713221001,-0.8039555610162049,0.22523593822286678,1.1957145318258504,0.6850893385294352,1.096042253548841,-1.3338326965852523,0.029762562915607277,-0.20915217501815744,-0.9318603050262337,-1.3290450913082752,1.1123721734712708,0.09939832664850683,2.3012561093790485,-2.1639482372279204,0.08056860091906222,-0.7626265847319251,0.25459246965687826,-1.6339224243102488,0.14986731422350838,-1.0417696823247549,1.8820473691007669,0.7744879131770744,0.8606640539895228,-0.403404058665069,1.6384402249758365,0.6704409679276317,0.5329473383509731,-1.3360402027973353,1.0188125105412318,1.290218658402655,0.6604214888899577,0.4965064108159857,-0.8365399140296752,0.6062220008817801,-0.9583456012921059
-0.2842958540882673,3.5772244576526133,-1.4074148516860614,0.203300645125773,-0.012879822009033925,0.6972855963575318,-0.8420018993563517,-1.3838945855342797,-1.1703190311903817,-2.4363244314541412,1.3473991171789699,2.1928067012147507,0.5679676034443987,1.9488845126554695,-3.5580162586097663,0.13186246160151843,0.32345746661648334,-2.6616801589631396,-3.8360476805953696,1.972559463209665,-0.7848533883354808,5.790032641311087,-6.045800894835185,-1.3526618178414545,-1.0426988731006717,1.3180457805729509,-3.492994669498689,0.5066939090193018,-3.152341574378941,4.896123378071656,1.9213653108058217,2.838973119945975,-1.1389728186368846,3.457734816422349,1.3057072530104767,2.69124575164271,-2.09582506249453,1.290218658402655,3.3699211251507797,1.671527370005493,0.30167987848042405,-0.6155824532920873,2.303786379064214,-2.4807307080383967
-0.3826383017041146,1.8324268363480465,-0.9931543698344073,7.833500278857848e-4,0.06420752534906332,0.2530416593532981,-0.642035651351145,-0.581911517282136,-0.511175227430307,-1.3593549662801994,0.8703568903149557,0.9873430477015229,0.6228803800508577,1.1364510618241344,-1.9717343887577514,0.04500964023455608,0.25227082652661786,-1.5519683348031932,-2.0135741010907764,1.1120482092076456,-0.07478238777042502,3.481255885773834,-3.2016305108616465,-0.08640331860809858,-0.6972621311041384,0.4947480117866416,-1.6169185004602291,0.10822939585035443,-1.5834551581092093,2.659027685318225,1.4635194000048497,1.6904273671525671,-0.47714320030655827,2.347051002587898,0.8909338774760024,1.5109419043810646,-1.1961299903651301,0.6604214888899577,1.671527370005493,1.0768853209438054,0.5080317451449884,-0.4919659868437572,1.2193757857966292,-0.8336232080228595
-0.7581299033128494,0.03602204698732483,-0.5517753064166123,-0.042847078155510164,0.03006622910255609,-0.4737405111186493,-0.443155995327768,-0.15667970607827558,0.06758092258970938,-0.5156993800199849,0.15681926329008333,0.4544540078321572,0.9803022953763866,0.8361713048205346,-0.6994202450319701,0.09642267852058284,-0.17507624488111204,-0.6933703613714636,-0.34763239556027115,0.9802447419950558,0.7484458320260993,1.8097939237939284,-1.1222957802699973,1.1764408588738269,-0.7911966239170972,-0.25567964681784294,-0.3711579862146827,-0.176943868238052,-0.3672582203134186,0.9709479162062955,0.9367988577088555,0.5901374966911377,0.036240083152857525,1.704656344234775,0.8799347455015466,0.377323682387407,-1.0775203159807674,0.4965064108159857,0.30167987848042405,0.5080317451449884,1.083453140562529,-0.9423609543857616,0.1371743837096452,0.4913227036113093
0.6993657752579273,-0.053665384207815636,0.26269176291122076,-0.012698797545018466,0.14984125298193332,0.5430434352950282,0.35152018471099483,0.38046951094681314,0.06290277818383631,0.3924503988020205,0.01841838828317171,-0.7716011542905451,-1.0372015591811723,-1.0571928200275922,0.8076204395726259,-0.07685046940950231,0.3894752050156911,0.49251341314967784,0.49649890720438516,-0.9951800482256551,-0.626220549258452,-1.5934141981818046,1.2712265588867027,-1.0036100271746164,0.7696584837233749,0.1681718805978397,0.9627048756428058,0.04763639011538993,0.4554257172477998,-1.072355112501605,-0.7278241647588083,-0.4165776383970955,0.035069734518493385,-1.6157375752043546,-0.6414068884516126,0.003266054302907089,1.2391403984961913,-0.8365399140296752,-0.6155824532920873,-0.4919659868437572,-0.9423609543857616,1.2186635498330265,-0.09235234893323357,0.32654067105617735
-0.02363411602241106,2.7761114829215026,-1.2207279861940816,0.130140195294646,0.17060032212244033,0.6950049302389756,-0.697218959010107,-0.943020513562606,-0.8472840508841919,-1.9400413942882542,1.129560686890496,1.4005548056965675,0.14236240243924408,1.2003672891717425,-2.620812699032149,0.1866517652654593,0.44258799954703504,-2.146769118990793,-2.82629604809407,1.3832780460499063,-0.7087057324048661,4.379539455068892,-4.459391412063104,-1.2787096425728448,-0.644724151176249,1.0472364968820949,-2.213631724562981,0.3345875078314455,-2.4179069593222566,3.614928790413114,1.4152932221297803,2.2535625055757538,-0.8148193798186046,2.355222921356459,1.1295208427887053,2.469517318425116,-1.2901649559067527,0.6062220008817801,2.303786379064214,1.2193757857966292,0.1371743837096452,-0.09235234893323357,1.886457219242674,-1.3926670822266332
-0.35957379036555215,-2.4590735627173745,-0.07264088080352793,-0.11445684407650329,0.23560948876747384,-0.6253610767359532,0.2925056517695518,1.2162610032444345,0.8041881899779265,0.810495208014262,-0.701850606510668,-1.7369226978407792,0.16247067033341603,-1.508453985510757,2.0753619141760535,-0.11560345957407152,0.13769770968221556,0.6361955990916816,2.5927453552559463,-0.47616847638227255,1.039229984526324,-2.268063893254616,3.5884875161796073,1.623626130508838,-0.008519406721825077,-1.142059045418201,3.1721105739419286,-0.5331283391166185,1.9087660924114778,-2.45435357300579,-0.41454687499416853,-1.3763627935826424,0.8665675615356643,-1.326176270839405,0.6626989870520318,-0.5393947330763836,1.350245482795749,-0.9583456012921059,-2.4807307080383967,-0.8336232080228595,0.4913227036113093,0.32654067105617735,-1.3926670822266332,4.4006778922697105
