V1,V2,V3,V4,V5,V6,V7,V8,V9,V10,V11,V12,V13,V14,V15,V16,V17,V18,V19,V20,V21,V22,V23,V24,V25,V26,V27,V28,V29,V30,V31,V32,V33,V34,V35,V36,V37,V38,V39,V40,V41,V42,V43,V44
0.5915021667531932,-1.070476263133013,0.6122998333472389,-0.01922713782888736,0.14141309181550035,0.11833404935899965,0.34109607320750884,0.49510061891541424,0.30076391845150624,0.8768550245940295,-0.4534551672848605,-0.8957384359764982,-0.8057902186741833,-0.9916849230720893,1.312046195699897,-0.08797619040682288,0.07002525782970793,0.9630497873526321,1.2186618743964528,-1.0087831101893363,-0.24048099362986342,-2.3933229940801133,2.2424164952169634,-0.11080670113685775,0.6679170911814417,-0.2703091468011882,1.3259598344184198,-0.15456478332354526,1.0217293020641451,-1.8414625079905518,-0.9574079913601579,-1.0156352687743264,0.3299238077415755,-1.7928030939386725,-0.6689469950437725,-0.8130482498347621,1.1158898666552288,-0.6785145193575027,-1.2572300816826678,-0.6906865884054068,-0.6135947359078512,0.8144326283991556,-0.7398328304959995,0.6566790263602774
-1.070476263133013,9.634398707481422,-4.560028904697386,0.5451440090350841,0.3447140240671917,1.667453818271299,-2.422096223489366,-3.5934331589953676,-3.0171633161318496,-7.266993362871803,3.858642929760403,6.021720506994377,1.8385490085419693,5.158016487629882,-9.71414612114017,0.7257036862798787,1.0083652104944199,-8.249102695876752,-9.949294612657562,6.183150188457356,-1.4201943243861608,17.024601110734025,-16.66388293107954,-3.4369142944208417,-3.308669616749667,3.435776853848225,-8.535140523094192,1.2028873414544492,-8.757068944016027,13.765366964470934,5.534384946895398,8.19725471342975,-2.885876262678326,9.693888274656368,4.918976421728949,8.689203048851047,-5.914350707387335,2.9795752199863403,8.586821400007183,4.516977617622808,1.5419573501769284,-1.5728935549313259,6.56153162081372,-4.193447012696661
0.6122998333472389,-4.560028904697386,2.6648593943016743,-0.2412817759788909,-0.2753488110224685,-0.8700474602313202,1.4330601963491136,1.630357676881758,1.366334947999288,3.72613001169756,-1.9141640661916748,-2.5719195697173234,-0.8214996326791713,-2.343622327249476,4.794009284671178,-0.3983526831297109,-0.7049936893986147,4.2578579799131235,4.93021693986633,-3.0958512918903716,0.6813120826341217,-8.579288587691428,8.120609757324067,1.5625982663925784,1.713795495136562,-1.6072747981755797,3.742343538286139,-0.48977945480209184,4.29410313323527,-6.7904447590129164,-2.9483793471335864,-4.11142996225684,1.3784015340339535,-4.981144763670548,-2.8818660085980863,-4.66234771553812,2.7720046702066843,-1.2684713997076111,-3.9595967119687505,-2.343688902444083,-0.9798406167497741,0.7328473807650909,-3.29673486570411,1.2795913771797724
-0.01922713782888736,0.5451440090350841,-0.2412817759788909,0.08258996770784444,0.05629468799501306,0.11216581019241141,-0.1448260470494455,-0.2375898707864638,-0.21459737888939753,-0.46395598271725297,0.16823882304038368,0.319767173101464,0.07562633096989917,0.2724986539616815,-0.5555106241271425,0.059019983581058005,0.0642179311614378,-0.4640775297069233,-0.5685511654690512,0.3810628500758547,-0.18992920616053277,0.9607922903839005,-1.0224913696285416,-0.2021408947667276,-0.2090007923749414,0.21069831958940385,-0.46887150216879575,0.08452047347581704,-0.5552660465485383,0.7871099515638078,0.3218565654104396,0.4313809311298422,-0.1618838639332949,0.5367718600435942,0.2751288499926363,0.5233412799980405,-0.34263262576414666,0.19181168747888497,0.4634107168893082,0.23361747052105408,0.06693570081945814,-0.061223916246759116,0.3468557299996583,-0.3114218831756712
0.14141309181550035,0.3447140240671917,-0.2753488110224685,0.05629468799501306,0.3537172488911168,0.2275038306070352,-0.25103247038906845,-0.09273476229736437,-0.22722277968835589,-0.4100183703370265,0.15236642680001872,-0.04150923700489738,-0.2582853067319238,-0.009865184647140302,-0.3829818228698775,0.13291579799516887,0.2239011338205974,-0.40997430712741817,-0.4405447723539088,0.22582626437677347,-0.3098682025662018,0.8297153655181169,-0.5461412740391656,-0.11601663931982892,-0.14597679774477074,0.06150346063887227,0.06038942416169494,-0.17935333851268878,-0.43304471766293196,0.4181130506382532,0.34882613196838785,0.37765492288364944,-0.13844497405959866,0.27215947911754773,0.34816092076193444,0.7076302497494431,-0.11094072384193426,0.034513213660612094,0.049427984618969745,0.17100920603231518,-0.010377233491787104,0.28944281726018734,0.29477697865994956,-0.004710901920699751
0.11833404935899965,1.667453818271299,-0.8700474602313202,0.11216581019241141,0.2275038306070352,0.5668399237964006,-0.4764972062600315,-0.5392134900360644,-0.5274375803193202,-1.2801386189989479,0.6979842237351958,0.7674533169716813,-0.17872378886712892,0.5523349668389106,-1.5662221187083558,0.14896338863273703,0.39475947335269307,-1.4691378872603917,-1.7131994496584197,0.8840024834808035,-0.563321641059656,2.7297524997193476,-2.6705012309718854,-0.9814506775905082,-0.3967514083927995,0.677345941134631,-1.110195859574196,0.16447882563248364,-1.5257014344000084,2.2231499393523517,0.8005221841311004,1.4014813631881295,-0.5243601143484597,1.2667610201130903,0.9040557893593746,1.7761611288086119,-0.6744601517319497,0.22991308570759364,1.2383926238541616,0.7200130931448395,0.012890935602737654,0.20567994030387882,1.1964133566592488,-0.44541320592114936
0.34109607320750884,-2.422096223489366,1.4330601963491136,-0.1448260470494455,-0.25103247038906845,-0.4764972062600315,1.109051803510904,1.066126275921327,0.769267136848854,2.0489833288367,-0.9801914237683595,-1.4860673724653635,-0.3994810372596295,-1.6411782411923463,2.922406813606257,-0.22443840079419,-0.31806388445327466,2.294416136817656,3.0584303434625704,-1.8650563409726215,0.5460064264011685,-5.035699227845612,4.823586800269838,0.5424091137080902,1.0784654290533828,-0.8133672435164394,2.378236353124054,-0.12086008656652271,2.5303414104750157,-3.8736153425632,-1.8117700798238157,-2.338732260411626,0.8482478594279114,-3.2210107749209214,-1.5926472186661862,-2.3971104637278553,1.926246265129197,-1.0163360799943835,-2.2734124406315597,-1.5029587177162267,-0.7121222347910087,0.6376597474679936,-1.7599987054136688,1.4488764317080713
0.49510061891541424,-3.5934331589953676,1.630357676881758,-0.2375898707864638,-0.09273476229736437,-0.5392134900360644,1.066126275921327,1.5641716990466763,1.1863150025192803,2.7223179491603005,-1.345924099527934,-2.4574658752396723,-0.7968709624337253,-2.2986893200427514,3.8888641102512143,-0.31213930127282946,-0.22516821726668396,2.997203573853197,4.00144298135452,-2.493746701208803,0.6039606753133375,-6.601084153192767,6.629356458327696,1.1122448690370572,1.381849825515036,-1.280020592916663,3.6579303937030994,-0.4311627017765801,3.451060011689465,-5.333940481200614,-2.180380223790561,-3.079062161712296,1.1652431383921347,-4.02414092293888,-1.7837091151375921,-3.041454738556029,2.6264926623051923,-1.4707837627490061,-3.4378216775972117,-1.836142435925309,-0.7426930999872132,0.9534919066023091,-2.44370754818763,2.377896429230095
0.30076391845150624,-3.0171633161318496,1.366334947999288,-0.21459737888939753,-0.22722277968835589,-0.5274375803193202,0.769267136848854,1.1863150025192803,1.0779305922037494,2.300051827024431,-1.1458574827745363,-1.8600741236010785,-0.5255816661686384,-1.6012755935361636,3.0472549101070747,-0.33322538731901896,-0.30639081545280444,2.496814347187963,3.141329127840935,-1.9364774152432505,0.5454848181951181,-5.348242402806051,5.192286725732551,1.0516590684879263,1.079805259288525,-1.0395263878991619,2.6637820228606213,-0.29620014334938854,2.8044772493484182,-4.227907164861212,-1.7899260102693233,-2.5064176204378916,0.9296470375387249,-2.9709056546235275,-1.471783650343837,-2.755358177610726,1.9036582984963049,-1.0504916167587341,-2.638753292295949,-1.3804949458841587,-0.45648538475985023,0.4677771520195122,-2.0639545597552598,1.6198968270732865
0.8768550245940295,-7.266993362871803,3.72613001169756,-0.46395598271725297,-0.4100183703370265,-1.2801386189989479,2.0489833288367,2.7223179491603005,2.300051827024431,5.790436478301148,-2.915222465763168,-4.351264716452762,-1.3992534103584244,-3.879052738107097,7.53052648828525,-0.5730794843853012,-0.9012484576646334,6.506722726602574,7.641655295757414,-4.928901132053372,1.2053523943473934,-13.350342712133887,12.96196413803859,2.397319699657692,2.693690593817201,-2.5600896263448094,6.2275113685833485,-0.8287071931974782,6.823863983368454,-10.642388941878307,-4.478620407743963,-6.346477835659375,2.175173778145126,-7.727341031052607,-4.120754890387544,-6.984439402590456,4.523537122508123,-2.2477262527490907,-6.415900867845699,-3.5392168942456323,-1.3635476154877368,1.2031962806466716,-4.983049200747065,2.7694413978809407
-0.4534551672848605,3.858642929760403,-1.9141640661916748,0.16823882304038368,0.15236642680001872,0.6979842237351958,-0.9801914237683595,-1.345924099527934,-1.1458574827745363,-2.915222465763168,1.6605046725597556,2.3637464345539767,0.7316025075919936,1.9969348585659343,-3.8421558399341764,0.2631104201299157,0.47344053021278437,-3.4040163991262333,-3.8982926909235567,2.480376650041453,-0.4423724268437381,6.897881811784151,-6.57139219314536,-1.3624248363740241,-1.3217911281810426,1.3460940160619317,-3.254684539851271,0.4573654588776778,-3.4333370188506676,5.524972887090822,2.241985227987258,3.3520240833564996,-1.1367909648081662,3.874962831782049,2.0602149997714045,3.5735637157531297,-2.2719292324180733,1.0778780989610102,3.3739447668389775,1.8257446089680824,0.6405409436013138,-0.5368080699254757,2.6492947421303215,-1.2811565161294776
-0.8957384359764982,6.021720506994377,-2.5719195697173234,0.319767173101464,-0.04150923700489738,0.7674533169716813,-1.4860673724653635,-2.4574658752396723,-1.8600741236010785,-4.351264716452762,2.3637464345539767,4.5390852350664925,1.6543496330964458,3.918984936459832,-6.265026728128405,0.3739394119296915,0.2061744166428511,-5.073784254606168,-6.368032391218284,4.093267408086081,-0.4631628649781372,10.845660697437493,-10.724225520756939,-1.6795884155345144,-2.2784210378519947,2.1022659423535925,-6.21678856436435,0.8252555344218754,-5.451841678175314,8.88112566334503,3.49430301767068,5.123825610641526,-1.8300679137365603,6.521124511307779,2.8022480412951705,4.65044309931591,-4.460459751228645,2.3863895900266314,5.757686633469849,2.9469024648349245,1.2116129724226172,-1.578610493620847,3.9765041473986025,-3.4901951901631922
-0.8057902186741833,1.8385490085419693,-0.8214996326791713,0.07562633096989917,-0.2582853067319238,-0.17872378886712892,-0.3994810372596295,-0.7968709624337253,-0.5255816661686384,-1.3992534103584244,0.7316025075919936,1.6543496330964458,1.3484868854171663,1.6077222010164278,-2.0550226457364618,0.0759495690857234,-0.17387234670300078,-1.5861688137902756,-1.8824388295373657,1.571953826059481,0.3904217778669837,3.7365755825841247,-3.6341000983010723,0.15909176335652156,-1.013198727910014,0.4998807736906581,-2.243925190439496,0.3512168519990463,-1.6394479507931183,3.0047492660362884,1.4426594112032292,1.6158490720699583,-0.4699656931270873,2.7054566684446426,0.9026275455970372,1.161936085579595,-1.7905944275332872,1.0628034610652155,2.059742042031785,1.0136021217667963,0.8323653751626011,-1.1804137598008457,1.1344422519405664,-1.0822089081017883
-0.9916849230720893,5.158016487629882,-2.343622327249476,0.2724986539616815,-0.009865184647140302,0.5523349668389106,-1.6411782411923463,-2.2986893200427514,-1.6012755935361636,-3.879052738107097,1.9969348585659343,3.918984936459832,1.6077222010164278,3.80700282767441,-5.826143322469913,0.3230987325875562,0.11938633640396193,-4.420372400980556,-5.918135364924615,3.8276874564327223,-0.47874360274233585,9.945584144844926,-9.849811137002833,-1.0082942401212365,-2.2072894843683666,1.7262931029560833,-5.714069348571593,0.5909311542253214,-4.946426722019181,7.9796581557425474,3.3938225684641674,4.600727909124613,-1.6661504356241599,6.455190254186405,2.6019760544108346,4.006723215614171,-4.300359406842338,2.4188685755288732,5.199320088993897,2.85031173279798,1.4059437704472462,-1.8306699681908483,3.4358868033825374,-3.6138447989451943
1.312046195699897,-9.71414612114017,4.794009284671178,-0.5555106241271425,-0.3829818228698775,-1.5662221187083558,2.922406813606257,3.8888641102512143,3.0472549101070747,7.53052648828525,-3.8421558399341764,-6.265026728128405,-2.0550226457364618,-5.826143322469913,10.41960941144086,-0.7228231112318106,-0.9148175616835674,8.515545552874693,10.676602464000084,-6.690292614987294,1.5041377926467163,-18.06688785759052,17.675172366807214,2.9361935292596253,3.6878926773680347,-3.395137354677515,9.183092975901083,-1.062048720529081,9.205814669698315,-14.44374947196799,-6.048762356603213,-8.567402837867645,3.0440690624966282,-10.870548970108286,-5.296254495154571,-8.7710106699226,6.675745553491249,-3.4956107693296787,-8.99745171250547,-4.984518869076109,-2.0209594847610655,2.167214174867746,-6.66665863836709,4.939150035743181
-0.08797619040682288,0.7257036862798787,-0.3983526831297109,0.059019983581058005,0.13291579799516887,0.14896338863273703,-0.22443840079419,-0.31213930127282946,-0.33322538731901896,-0.5730794843853012,0.2631104201299157,0.3739394119296915,0.0759495690857234,0.3230987325875562,-0.7228231112318106,0.23527672632976607,0.10644404805101947,-0.5432731575996412,-0.7952525322569964,0.4402009943938003,-0.13965737522628732,1.3114838916642835,-1.1690599637409416,-0.34239747452020464,-0.2814126913464151,0.23694638251539363,-0.5862092009032014,0.025781273570921352,-0.7074590823115624,0.9581565294532775,0.48688547847782226,0.5673907625610817,-0.25673424507919035,0.6302079443282212,0.3755023735396489,0.7882374926455529,-0.4609397672755716,0.2763079965487259,0.5708881146679,0.32962614320532135,0.1368430230074711,-0.11069188760790384,0.6147636885707659,-0.5118015643066831
0.07002525782970793,1.0083652104944199,-0.7049936893986147,0.0642179311614378,0.2239011338205974,0.39475947335269307,-0.31806388445327466,-0.22516821726668396,-0.30639081545280444,-0.9012484576646334,0.47344053021278437,0.2061744166428511,-0.17387234670300078,0.11938633640396193,-0.9148175616835674,0.10644404805101947,0.3984946908767849,-1.0189378184954174,-0.9685280280862478,0.5417350327111122,-0.3859041515255227,1.7472736398936672,-1.573093860764291,-0.6306610256102894,-0.24165988968827382,0.3944913487965026,-0.32385340719324673,0.06355691116223391,-0.935952585495098,1.3397107195433693,0.5701962521867475,0.9062239980520814,-0.2859328424708122,0.7509213292157069,0.7621854186035006,1.4144573340670954,-0.185747775043424,-0.04337138986813998,0.6153545039571512,0.4295769675630638,0.018884910444680075,0.27811881350219564,0.7702724709773633,0.2681339215951548
0.9630497873526321,-8.249102695876752,4.2578579799131235,-0.4640775297069233,-0.40997430712741817,-1.4691378872603917,2.294416136817656,2.997203573853197,2.496814347187963,6.506722726602574,-3.4040163991262333,-5.073784254606168,-1.5861688137902756,-4.420372400980556,8.515545552874693,-0.5432731575996412,-1.0189378184954174,7.528502025649683,8.63420605756498,-5.571480474353518,1.180844639755031,-15.173000502718317,14.587638322376062,2.707878131703401,3.013360632554498,-2.906795526902973,7.062617894275383,-0.9479338139613532,7.634303945447764,-12.137855594844744,-5.007255221353644,-7.295549697443178,2.4410888508187387,-8.737478256368489,-4.749022966790329,-7.863960923850085,5.118918834364309,-2.4339130642838134,-7.267913652578242,-4.0347441515319415,-1.532565409965841,1.278255599643194,-5.6506720494613125,2.737790181042164
1.2186618743964528,-9.949294612657562,4.93021693986633,-0.5685511654690512,-0.4405447723539088,-1.7131994496584197,3.0584303434625704,4.00144298135452,3.141329127840935,7.641655295757414,-3.8982926909235567,-6.368032391218284,-1.8824388295373657,-5.918135364924615,10.676602464000084,-0.7952525322569964,-0.9685280280862478,8.63420605756498,11.113569153118847,-6.695098601621037,1.6754223239752482,-18.36587368369202,17.97115055565526,3.1958280939005173,3.676132244882194,-3.509998492063976,9.458008302249215,-1.055111610765319,9.432518371441763,-14.701157007844985,-6.134426945771049,-8.757945426199747,3.1818186608738954,-10.977625833786533,-5.360798085940398,-8.966261217653056,6.815569071877084,-3.561553524259015,-9.175498850736853,-5.123959520573954,-1.9739151613494392,2.118717903686867,-6.926755154389902,5.3466204420207974
-1.0087831101893363,6.183150188457356,-3.0958512918903716,0.3810628500758547,0.22582626437677347,0.8840024834808035,-1.8650563409726215,-2.493746701208803,-1.9364774152432505,-4.928901132053372,2.480376650041453,4.093267408086081,1.571953826059481,3.8276874564327223,-6.690292614987294,0.4402009943938003,0.5417350327111122,-5.571480474353518,-6.695098601621037,4.533117385209219,-0.8085296267646668,11.828977155054018,-11.509386602163096,-1.6219273316894265,-2.5422865742632936,2.111298372467841,-5.851120367988805,0.7036537361807951,-5.91471847392081,9.394219644617268,3.9973156109647046,5.513552143440695,-1.908815167898949,7.2078588575665625,3.519843763780085,5.638878388365696,-4.40911090899062,2.323357169493377,5.7830917102574615,3.2034354622972336,1.469430506688423,-1.5370131291844156,4.1766983196337835,-2.8900146820367305
-0.24048099362986342,-1.4201943243861608,0.6813120826341217,-0.18992920616053277,-0.3098682025662018,-0.563321641059656,0.5460064264011685,0.6039606753133375,0.5454848181951181,1.2053523943473934,-0.4423724268437381,-0.4631628649781372,0.3904217778669837,-0.47874360274233585,1.5041377926467163,-0.13965737522628732,-0.3859041515255227,1.180844639755031,1.6754223239752482,-0.8085296267646668,0.9785494857722672,-2.355801173474112,2.620552065944991,0.9279109229182142,0.3271822864479587,-0.636937755517167,0.994439116904296,-0.10113073118359064,1.5462845559298806,-1.9182699969950836,-0.6867719772470694,-1.1810603785539289,0.5183758929013683,-1.1924111353565199,-0.7834988267695352,-1.6606728107252735,0.5781230769986571,-0.2883381010524565,-1.1012251974051666,-0.6463192873073152,0.06503529251543717,-0.19369533600472177,-0.9744355534811446,0.9022570484423099
-2.3933229940801133,17.024601110734025,-8.579288587691428,0.9607922903839005,0.8297153655181169,2.7297524997193476,-5.035699227845612,-6.601084153192767,-5.348242402806051,-13.350342712133887,6.897881811784151,10.845660697437493,3.7365755825841247,9.945584144844926,-18.06688785759052,1.3114838916642835,1.7472736398936672,-15.173000502718317,-18.36587368369202,11.828977155054018,-2.355801173474112,31.920793382655443,-30.729624766186216,-4.969946927222639,-6.577842525772159,5.818201242970717,-15.544994852050307,1.78528608420704,-16.012298054868534,25.28492524167877,10.775893220502402,15.096974076233474,-5.242473048121242,18.95315834386454,9.525179324369407,15.731552052278069,-11.504171241793726,5.921152109427042,15.497684007100402,8.6437299706902,3.61605817065146,-3.5423720764331446,11.695725905080938,-7.620295655600236
2.2424164952169634,-16.66388293107954,8.120609757324067,-1.0224913696285416,-0.5461412740391656,-2.6705012309718854,4.823586800269838,6.629356458327696,5.192286725732551,12.96196413803859,-6.57139219314536,-10.724225520756939,-3.6341000983010723,-9.849811137002833,17.675172366807214,-1.1690599637409416,-1.573093860764291,14.587638322376062,17.97115055565526,-11.509386602163096,2.620552065944991,-30.729624766186216,30.388653710451642,5.119083769481146,6.299556267890739,-5.9082799319703225,15.6036057025709,-2.0301972452597936,15.747585504022211,-24.74399657147686,-10.227441350238445,-14.547042568350976,5.128820016909884,-18.45825413004446,-8.976032965426407,-14.985165721453267,11.266290361809473,-5.859906192979906,-15.40602609447593,-8.38691379028817,-3.3731318191486332,3.6428673639144127,-11.277623584723163,8.167270157579724
-0.11080670113685775,-3.4369142944208417,1.5625982663925784,-0.2021408947667276,-0.11601663931982892,-0.9814506775905082,0.5424091137080902,1.1122448690370572,1.0516590684879263,2.397319699657692,-1.3624248363740241,-1.6795884155345144,0.15909176335652156,-1.0082942401212365,2.9361935292596253,-0.34239747452020464,-0.6306610256102894,2.707878131703401,3.1958280939005173,-1.6219273316894265,0.9279109229182142,-4.969946927222639,5.119083769481146,2.513353376264527,0.604273716722136,-1.4950582247617945,2.4429529327803325,-0.6161012010521509,2.9185820472489388,-4.3353601856029655,-1.2011230078701787,-2.6319940541024023,1.053633862007869,-2.074837825199629,-1.5792829569379616,-3.441337545600224,1.1177074184459201,-0.3772242084194819,-2.729309767686295,-1.2281000887025204,0.12395813215848969,-0.222679306998584,-2.500863084754051,0.9815198535548787
0.6679170911814417,-3.308669616749667,1.713795495136562,-0.2090007923749414,-0.14597679774477074,-0.3967514083927995,1.0784654290533828,1.381849825515036,1.079805259288525,2.693690593817201,-1.3217911281810426,-2.2784210378519947,-1.013198727910014,-2.2072894843683666,3.6878926773680347,-0.2814126913464151,-0.24165988968827382,3.013360632554498,3.676132244882194,-2.5422865742632936,0.3271822864479587,-6.577842525772159,6.299556267890739,0.604273716722136,1.515634695838436,-1.0665541029407317,3.2441227701059074,-0.3179877020904057,3.219445639844702,-5.131821509357067,-2.348823190426623,-2.9851161568380937,1.026423783644277,-4.133422952981069,-1.9294549742767892,-2.9726199275800753,2.5970644342375224,-1.41907332213243,-3.137357423129429,-1.799263206714893,-0.9535879244485271,1.0006809121976283,-2.2434726616517793,1.7001172708595007
-0.2703091468011882,3.435776853848225,-1.6072747981755797,0.21069831958940385,0.06150346063887227,0.677345941134631,-0.8133672435164394,-1.280020592916663,-1.0395263878991619,-2.5600896263448094,1.3460940160619317,2.1022659423535925,0.4998807736906581,1.7262931029560833,-3.395137354677515,0.23694638251539363,0.3944913487965026,-2.906795526902973,-3.509998492063976,2.111298372467841,-0.636937755517167,5.818201242970717,-5.9082799319703225,-1.4950582247617945,-1.0665541029407317,1.3347775676356466,-3.013296508323245,0.5262240764253385,-3.118746425819553,4.861940296355124,1.7876355509522202,2.849006992192056,-1.0272066560879678,3.23919280808414,1.7156105767000975,3.0977134797924153,-1.956880361422998,0.9326347099430142,3.046534654567966,1.5545098026177515,0.41911363467127577,-0.4540097225113853,2.3408216016060375,-1.4477074552080926
1.3259598344184198,-8.535140523094192,3.742343538286139,-0.46887150216879575,0.06038942416169494,-1.110195859574196,2.378236353124054,3.6579303937030994,2.6637820228606213,6.2275113685833485,-3.254684539851271,-6.21678856436435,-2.243925190439496,-5.714069348571593,9.183092975901083,-0.5862092009032014,-0.32385340719324673,7.062617894275383,9.458008302249215,-5.851120367988805,0.994439116904296,-15.544994852050307,15.6036057025709,2.4429529327803325,3.2441227701059074,-3.013296508323245,9.070009769387276,-1.1399759766232203,7.961242871526801,-12.714891348876641,-5.092220244000268,-7.325466262796351,2.724382238494966,-9.642957482528418,-4.03578229052278,-6.699407955520868,6.435807474619812,-3.5655837903380116,-8.367868131269034,-4.3800667690280255,-1.8307955021411433,2.5204232685782397,-5.743751700851105,5.692243296232726
-0.15456478332354526,1.2028873414544492,-0.48977945480209184,0.08452047347581704,-0.17935333851268878,0.16447882563248364,-0.12086008656652271,-0.4311627017765801,-0.29620014334938854,-0.8287071931974782,0.4573654588776778,0.8252555344218754,0.3512168519990463,0.5909311542253214,-1.062048720529081,0.025781273570921352,0.06355691116223391,-0.9479338139613532,-1.055111610765319,0.7036537361807951,-0.10113073118359064,1.78528608420704,-2.0301972452597936,-0.6161012010521509,-0.3179877020904057,0.5262240764253385,-1.1399759766232203,0.38282573255523966,-0.9921467517689952,1.694206147438108,0.4792837154110363,0.8924056468584578,-0.30301969871564927,1.015953868906952,0.4786002180993741,0.9009066440441033,-0.60811880816384,0.2705483561764151,1.1474272609207854,0.46070571702339264,0.12063375688361586,-0.25871654093507024,0.7685363926564299,-0.4080869826782299
1.0217293020641451,-8.757068944016027,4.29410313323527,-0.5552660465485383,-0.43304471766293196,-1.5257014344000084,2.5303414104750157,3.451060011689465,2.8044772493484182,6.823863983368454,-3.4333370188506676,-5.451841678175314,-1.6394479507931183,-4.946426722019181,9.205814669698315,-0.7074590823115624,-0.935952585495098,7.634303945447764,9.432518371441763,-5.91471847392081,1.5462845559298806,-16.012298054868534,15.747585504022211,2.9185820472489388,3.219445639844702,-3.118746425819553,7.961242871526801,-0.9921467517689952,8.28514998654432,-12.833513955095633,-5.308453356720421,-7.601674319736115,2.7141642328975473,-9.390222712404016,-4.733619974790503,-8.088044305115849,5.715659488372939,-2.956939434325403,-7.92500561825134,-4.3335287624135574,-1.6239715270824249,1.653687083615788,-6.000974327344736,4.222495507804869
-1.8414625079905518,13.765366964470934,-6.7904447590129164,0.7871099515638078,0.4181130506382532,2.2231499393523517,-3.8736153425632,-5.333940481200614,-4.227907164861212,-10.642388941878307,5.524972887090822,8.88112566334503,3.0047492660362884,7.9796581557425474,-14.44374947196799,0.9581565294532775,1.3397107195433693,-12.137855594844744,-14.701157007844985,9.394219644617268,-1.9182699969950836,25.28492524167877,-24.74399657147686,-4.3353601856029655,-5.131821509357067,4.861940296355124,-12.714891348876641,1.694206147438108,-12.833513955095633,20.371827022574955,8.369436411714133,12.035670331544644,-4.191110365360302,14.996856142422443,7.479166994092568,12.429908271892305,-9.134800416048659,4.652715820734029,12.61562394672303,6.868149628274742,2.739617223216742,-2.8558680596160433,9.388684318097905,-6.183294022165542
-0.9574079913601579,5.534384946895398,-2.9483793471335864,0.3218565654104396,0.34882613196838785,0.8005221841311004,-1.8117700798238157,-2.180380223790561,-1.7899260102693233,-4.478620407743963,2.241985227987258,3.49430301767068,1.4426594112032292,3.3938225684641674,-6.048762356603213,0.48688547847782226,0.5701962521867475,-5.007255221353644,-6.134426945771049,3.9973156109647046,-0.6867719772470694,10.775893220502402,-10.227441350238445,-1.2011230078701787,-2.348823190426623,1.7876355509522202,-5.092220244000268,0.4792837154110363,-5.308453356720421,8.369436411714133,3.886816615302665,4.99291625847401,-1.6954458701720174,6.62404508970184,3.2270253094681007,5.176138122007634,-3.992824190772192,2.115119110107747,5.058653187127928,2.9570209926010453,1.4312063812499434,-1.3730287974117081,3.8285610197250564,-2.5867070047859504
-1.0156352687743264,8.19725471342975,-4.11142996225684,0.4313809311298422,0.37765492288364944,1.4014813631881295,-2.338732260411626,-3.079062161712296,-2.5064176204378916,-6.346477835659375,3.3520240833564996,5.123825610641526,1.6158490720699583,4.600727909124613,-8.567402837867645,0.5673907625610817,0.9062239980520814,-7.295549697443178,-8.757945426199747,5.513552143440695,-1.1810603785539289,15.096974076233474,-14.547042568350976,-2.6319940541024023,-2.9851161568380937,2.849006992192056,-7.325466262796351,0.8924056468584578,-7.601674319736115,12.035670331544644,4.99291625847401,7.258617698164916,-2.505290507961188,8.823911002826124,4.548145638619396,7.609506501550338,-5.273901328114996,2.6243502970562305,7.380915903782787,4.082036483286423,1.5670631743141452,-1.479229437210432,5.639142446202049,-3.398957995779097
0.3299238077415755,-2.885876262678326,1.3784015340339535,-0.1618838639332949,-0.13844497405959866,-0.5243601143484597,0.8482478594279114,1.1652431383921347,0.9296470375387249,2.175173778145126,-1.1367909648081662,-1.8300679137365603,-0.4699656931270873,-1.6661504356241599,3.0440690624966282,-0.25673424507919035,-0.2859328424708122,2.4410888508187387,3.1818186608738954,-1.908815167898949,0.5183758929013683,-5.242473048121242,5.128820016909884,1.053633862007869,1.026423783644277,-1.0272066560879678,2.724382238494966,-0.30301969871564927,2.7141642328975473,-4.191110365360302,-1.6954458701720174,-2.505290507961188,0.9566924091605346,-3.0478942940269484,-1.4962294796153286,-2.6036263359642224,1.9188625680460523,-1.021164930908588,-2.6539184005005634,-1.4444053955673641,-0.5069678670796088,0.5597159371393592,-2.02069042711002,1.6264990054166741
-1.7928030939386725,9.693888274656368,-4.981144763670548,0.5367718600435942,0.27215947911754773,1.2667610201130903,-3.2210107749209214,-4.02414092293888,-2.9709056546235275,-7.727341031052607,3.874962831782049,6.521124511307779,2.7054566684446426,6.455190254186405,-10.870548970108286,0.6302079443282212,0.7509213292157069,-8.737478256368489,-10.977625833786533,7.2078588575665625,-1.1924111353565199,18.95315834386454,-18.45825413004446,-2.074837825199629,-4.133422952981069,3.23919280808414,-9.642957482528418,1.015953868906952,-9.390222712404016,14.996856142422443,6.62404508970184,8.823911002826124,-3.0478942940269484,12.075506571409326,5.572600797716146,8.613728583777958,-7.369677174322618,3.953842099817467,9.336215838448053,5.341838244471848,2.625965469267055,-2.8910254613497424,6.5843754860444585,-5.161188740448903
-0.6689469950437725,4.918976421728949,-2.8818660085980863,0.2751288499926363,0.34816092076193444,0.9040557893593746,-1.5926472186661862,-1.7837091151375921,-1.471783650343837,-4.120754890387544,2.0602149997714045,2.8022480412951705,0.9026275455970372,2.6019760544108346,-5.296254495154571,0.3755023735396489,0.7621854186035006,-4.749022966790329,-5.360798085940398,3.519843763780085,-0.7834988267695352,9.525179324369407,-8.976032965426407,-1.5792829569379616,-1.9294549742767892,1.7156105767000975,-4.03578229052278,0.4786002180993741,-4.733619974790503,7.479166994092568,3.2270253094681007,4.548145638619396,-1.4962294796153286,5.572600797716146,3.301279521368276,5.17744043772607,-3.062507472287079,1.4021749587664305,4.313689156896817,2.5707863332642242,1.1137557221408978,-0.8125826783160093,3.5122879894475885,-1.2105082888605567
-0.8130482498347621,8.689203048851047,-4.66234771553812,0.5233412799980405,0.7076302497494431,1.7761611288086119,-2.3971104637278553,-3.041454738556029,-2.755358177610726,-6.984439402590456,3.5735637157531297,4.65044309931591,1.161936085579595,4.006723215614171,-8.7710106699226,0.7882374926455529,1.4144573340670954,-7.863960923850085,-8.966261217653056,5.638878388365696,-1.6606728107252735,15.731552052278069,-14.985165721453267,-3.441337545600224,-2.9726199275800753,3.0977134797924153,-6.699407955520868,0.9009066440441033,-8.088044305115849,12.429908271892305,5.176138122007634,7.609506501550338,-2.6036263359642224,8.613728583777958,5.17744043772607,9.033101019501954,-4.718062371741947,2.176072988636876,7.310448256847635,4.082357088739931,1.3565935775524496,-0.8456038662435592,6.147144398761603,-2.426828222720575
1.1158898666552288,-5.914350707387335,2.7720046702066843,-0.34263262576414666,-0.11094072384193426,-0.6744601517319497,1.926246265129197,2.6264926623051923,1.9036582984963049,4.523537122508123,-2.2719292324180733,-4.460459751228645,-1.7905944275332872,-4.300359406842338,6.675745553491249,-0.4609397672755716,-0.185747775043424,5.118918834364309,6.815569071877084,-4.40911090899062,0.5781230769986571,-11.504171241793726,11.266290361809473,1.1177074184459201,2.5970644342375224,-1.956880361422998,6.435807474619812,-0.60811880816384,5.715659488372939,-9.134800416048659,-3.992824190772192,-5.273901328114996,1.9188625680460523,-7.369677174322618,-3.062507472287079,-4.718062371741947,4.983566330051693,-2.7835156429828434,-5.8449973926063805,-3.2637422190824847,-1.632595625981207,2.0081759796419067,-3.9891362336278244,4.076973651753929
-0.6785145193575027,2.9795752199863403,-1.2684713997076111,0.19181168747888497,0.034513213660612094,0.22991308570759364,-1.0163360799943835,-1.4707837627490061,-1.0504916167587341,-2.2477262527490907,1.0778780989610102,2.3863895900266314,1.0628034610652155,2.4188685755288732,-3.4956107693296787,0.2763079965487259,-0.04337138986813998,-2.4339130642838134,-3.561553524259015,2.323357169493377,-0.2883381010524565,5.921152109427042,-5.859906192979906,-0.3772242084194819,-1.41907332213243,0.9326347099430142,-3.5655837903380116,0.2705483561764151,-2.956939434325403,4.652715820734029,2.115119110107747,2.6243502970562305,-1.021164930908588,3.953842099817467,1.4021749587664305,2.176072988636876,-2.7835156429828434,1.7178107271683998,3.1168882669021167,1.7071225792782714,0.9256227173503517,-1.2991365594946733,1.9783406765138623,-2.725237100069704
-1.2572300816826678,8.586821400007183,-3.9595967119687505,0.4634107168893082,0.049427984618969745,1.2383926238541616,-2.2734124406315597,-3.4378216775972117,-2.638753292295949,-6.415900867845699,3.3739447668389775,5.757686633469849,2.059742042031785,5.199320088993897,-8.99745171250547,0.5708881146679,0.6153545039571512,-7.267913652578242,-9.175498850736853,5.7830917102574615,-1.1012251974051666,15.497684007100402,-15.40602609447593,-2.729309767686295,-3.137357423129429,3.046534654567966,-8.367868131269034,1.1474272609207854,-7.92500561825134,12.61562394672303,5.058653187127928,7.380915903782787,-2.6539184005005634,9.336215838448053,4.313689156896817,7.310448256847635,-5.8449973926063805,3.1168882669021167,8.127048002395998,4.249084577517575,1.683737467406828,-2.0936818710352556,5.79893409444189,-4.593774677280662
-0.6906865884054068,4.516977617622808,-2.343688902444083,0.23361747052105408,0.17100920603231518,0.7200130931448395,-1.5029587177162267,-1.836142435925309,-1.3804949458841587,-3.5392168942456323,1.8257446089680824,2.9469024648349245,1.0136021217667963,2.85031173279798,-4.984518869076109,0.32962614320532135,0.4295769675630638,-4.0347441515319415,-5.123959520573954,3.2034354622972336,-0.6463192873073152,8.6437299706902,-8.38691379028817,-1.2281000887025204,-1.799263206714893,1.5545098026177515,-4.3800667690280255,0.46070571702339264,-4.3335287624135574,6.868149628274742,2.9570209926010453,4.082036483286423,-1.4444053955673641,5.341838244471848,2.5707863332642242,4.082357088739931,-3.2637422190824847,1.7071225792782714,4.249084577517575,2.455150352195595,1.0832606540000524,-1.140566427175014,3.1439351388822834,-2.3513551500558534
-0.6135947359078512,1.5419573501769284,-0.9798406167497741,0.06693570081945814,-0.010377233491787104,0.012890935602737654,-0.7121222347910087,-0.7426930999872132,-0.45648538475985023,-1.3635476154877368,0.6405409436013138,1.2116129724226172,0.8323653751626011,1.4059437704472462,-2.0209594847610655,0.1368430230074711,0.018884910444680075,-1.532565409965841,-1.9739151613494392,1.469430506688423,0.06503529251543717,3.61605817065146,-3.3731318191486332,0.12395813215848969,-0.9535879244485271,0.41911363467127577,-1.8307955021411433,0.12063375688361586,-1.6239715270824249,2.739617223216742,1.4312063812499434,1.5670631743141452,-0.5069678670796088,2.625965469267055,1.1137557221408978,1.3565935775524496,-1.632595625981207,0.9256227173503517,1.683737467406828,1.0832606540000524,0.8344468688922116,-0.9410310811019232,1.1019549579809877,-0.9653634241562462
0.8144326283991556,-1.5728935549313259,0.7328473807650909,-0.061223916246759116,0.28944281726018734,0.20567994030387882,0.6376597474679936,0.9534919066023091,0.4677771520195122,1.2031962806466716,-0.5368080699254757,-1.578610493620847,-1.1804137598008457,-1.8306699681908483,2.167214174867746,-0.11069188760790384,0.27811881350219564,1.278255599643194,2.118717903686867,-1.5370131291844156,-0.19369533600472177,-3.5423720764331446,3.6428673639144127,-0.222679306998584,1.0006809121976283,-0.4540097225113853,2.5204232685782397,-0.25871654093507024,1.653687083615788,-2.8558680596160433,-1.3730287974117081,-1.479229437210432,0.5597159371393592,-2.8910254613497424,-0.8125826783160093,-0.8456038662435592,2.0081759796419067,-1.2991365594946733,-2.0936818710352556,-1.140566427175014,-0.9410310811019232,1.4867164510806279,-1.0567386450874923,1.9202421348529704
-0.7398328304959995,6.56153162081372,-3.29673486570411,0.3468557299996583,0.29477697865994956,1.1964133566592488,-1.7599987054136688,-2.44370754818763,-2.0639545597552598,-4.983049200747065,2.6492947421303215,3.9765041473986025,1.1344422519405664,3.4358868033825374,-6.66665863836709,0.6147636885707659,0.7702724709773633,-5.6506720494613125,-6.926755154389902,4.1766983196337835,-0.9744355534811446,11.695725905080938,-11.277623584723163,-2.500863084754051,-2.2434726616517793,2.3408216016060375,-5.743751700851105,0.7685363926564299,-6.000974327344736,9.388684318097905,3.8285610197250564,5.639142446202049,-2.02069042711002,6.5843754860444585,3.5122879894475885,6.147144398761603,-3.9891362336278244,1.9783406765138623,5.79893409444189,3.1439351388822834,1.1019549579809877,-1.0567386450874923,4.656919820495772,-2.793496981319839
0.6566790263602774,-4.193447012696661,1.2795913771797724,-0.3114218831756712,-0.004710901920699751,-0.44541320592114936,1.4488764317080713,2.377896429230095,1.6198968270732865,2.7694413978809407,-1.2811565161294776,-3.4901951901631922,-1.0822089081017883,-3.6138447989451943,4.939150035743181,-0.5118015643066831,0.2681339215951548,2.737790181042164,5.3466204420207974,-2.8900146820367305,0.9022570484423099,-7.620295655600236,8.167270157579724,0.9815198535548787,1.7001172708595007,-1.4477074552080926,5.692243296232726,-0.4080869826782299,4.222495507804869,-6.183294022165542,-2.5867070047859504,-3.398957995779097,1.6264990054166741,-5.161188740448903,-1.2105082888605567,-2.426828222720575,4.076973651753929,-2.725237100069704,-4.593774677280662,-2.3513551500558534,-0.9653634241562462,1.9202421348529704,-2.793496981319839,5.882784829106982
