V1,V2,V3,V4,V5,V6,V7,V8,V9,V10,V11,V12,V13,V14,V15,V16,V17,V18,V19,V20,V21,V22,V23,V24,V25,V26,V27,V28,V29,V30,V31,V32,V33,V34,V35,V36,V37,V38,V39,V40,V41,V42,V43
80.23886747519266,-113.13366843945927,-101.39893158147316,13.205127655969992,-11.471065772179653,-39.030169831814646,-6.688746770661277,16.62992857253571,-67.58977978268119,-32.25376429332248,6.552917488000272,120.73786127829821,-104.05234966073857,36.306958151707676,31.64640521440619,68.80672258734423,41.131932147789705,14.059688646440312,-37.14804765640383,24.851226841125456,131.36909498632878,24.149254785268997,5.019535676792872,56.185464573970854,-21.208531546106663,-38.67356841044637,73.15878892803617,-125.13523459833029,-4.842567115557161,-48.23544124102518,-37.51966178704899,-20.69516199356808,55.44164497925745,-64.76532273044367,-16.10358077123949,-10.72195500099378,63.188725273263124,-36.123684495514624,-44.78491268193859,-1.0186881288075462,-39.70312252012425,6.104238086549237,78.30498437447385
-113.13366843945927,159.60490705482326,143.2432786786354,-18.462503468233095,16.250099773173766,55.05222867863482,9.556572530415512,-23.282224392073626,95.3964963918624,45.2956665409364,-9.17442577764045,-170.2563528055549,146.67343379590864,-51.0533027859841,-44.47969069694204,-97.2565334620761,-57.98940393497471,-19.80123385198129,52.30593958284079,-34.87341676362477,-185.22378317982108,-34.2356082405765,-7.135323390743156,-79.30927093194451,29.699250834097242,54.39875411211991,-102.92326838783777,176.49717756529145,7.0715552687998215,67.9297161859938,52.80938815106621,29.20819936010928,-78.16851349274214,90.90851612385772,22.822114716561536,15.055412376912622,-89.23086467070848,50.44840354286152,62.8451468068821,1.6835890244461509,56.0782548665216,-8.502114003749092,-110.57711955648138
-101.39893158147316,143.2432786786354,129.03751838271964,-16.143161801932852,14.776345803762778,49.35877870700377,8.867149864226173,-20.502358125687806,85.7046509601566,40.152687747168784,-8.070074425845455,-152.6715091647856,131.35924176199737,-45.42079602204337,-39.56428729760257,-87.69065065543607,-51.94886046106949,-17.714099333969184,46.74373262076684,-30.87419435723937,-166.0243505058733,-31.11616114721665,-6.551227633685751,-71.30315403763215,26.131050784028606,48.454476903339305,-91.68883960373792,158.30369661757967,6.883402489083271,60.69056163777059,47.09364509841502,26.247725906396635,-70.02700085522288,80.51843373673424,20.76259737238925,13.357517988372729,-80.30597578643908,44.070756419760656,55.60130770479748,2.04088431755104,50.48827492592133,-7.352711189958525,-99.47326232049733
13.205127655969992,-18.462503468233095,-16.143161801932852,2.5185668547931472,-1.7039880862912866,-6.417199303061855,-0.8480952355805769,3.034980648584225,-10.960539301914737,-5.682935919791909,1.2056802912894802,19.80159044135225,-17.211477692034173,6.258641952414314,5.452717435623056,10.90005148189187,6.793811176509644,2.3369714807387787,-6.220212932984522,4.405929939505229,21.60529712429758,3.616376261528185,0.6915967173004447,9.061179587902258,-3.8983011792580804,-6.615296565033725,12.510561052465555,-20.50650357492678,-0.3495093877196852,-8.099998468158706,-6.378081043201737,-3.3479506779510593,9.158829888089736,-11.45874378891941,-2.3861819302963485,-1.8756890193205127,10.122091437031727,-6.899492043750305,-7.97900142884209,0.2635512672675464,-6.346431773193765,1.2324089373410685,12.590544331244619
-11.471065772179653,16.250099773173766,14.776345803762778,-1.7039880862912866,1.7402132515359183,5.576994685909214,1.086994551134235,-2.2289322139805803,9.741470386089347,4.415427528463228,-0.8716640086133666,-17.30095494555023,14.828036979699489,-5.042969925683809,-4.404291326121401,-10.045356621388786,-5.865146084838426,-2.0016956181940477,5.261888110928887,-3.392170618580029,-18.791461156209518,-3.634834960496715,-0.790261585410998,-8.129038665522252,2.8215125249337167,5.400932484066838,-10.21340195051047,17.928717505433564,0.9166080190093144,6.81217817055031,5.255444994046943,2.988529236549037,-7.90291034658031,8.84870067310983,2.4436064733118363,1.4776872067097675,-9.177155674157866,4.674101176467327,6.086882687898813,0.35753751828179414,5.771356518403999,-0.7519565319708903,-11.340314499649468
-39.030169831814646,55.05222867863482,49.35877870700377,-6.417199303061855,5.576994685909214,19.002682377979994,3.2688540526702528,-8.055592273499004,32.902264442819956,15.67195013092358,-3.178626645931901,-58.72140401430623,50.61490358365542,-17.646404584661994,-15.361854341855254,-33.52311816295547,-20.012911009780595,-6.827528421067832,18.046643404658493,-12.061305807829358,-63.893809941300006,-11.775492396153869,-2.441454380228702,-27.33867002665708,10.291247488927644,18.79251472948127,-35.563862330463294,60.890546114858715,2.401803725135758,23.45302694739825,18.246776968111934,10.06994535834057,-26.980140755123184,31.44690737877595,7.835444869550426,5.202437002359129,-30.75226155736454,17.50568878548314,21.751113672249378,0.551351625572967,19.328544553219153,-2.9637945846420384,-38.12814747249145
-6.688746770661277,9.556572530415512,8.867149864226173,-0.8480952355805769,1.086994551134235,3.2688540526702528,0.7492460734243247,-1.1504704305899127,5.767176190606445,2.4079013975505674,-0.4490596521222645,-10.108819385289493,8.61164945261635,-2.813371327045399,-2.442056903673968,-6.074548639111683,-3.4143657685563147,-1.1482197145590793,3.0054648137383784,-1.8269939683230751,-10.95666840743288,-2.2888725260709286,-0.5152332749541138,-4.82256965121471,1.4583177987521934,3.0311725984152207,-5.745366131185801,10.50769262413082,0.7549330504842757,3.8980678835049907,2.978750312142776,1.7689015726210155,-4.604114987183442,4.787103072597239,1.5341450311243212,0.8055766057920344,-5.4767508203453215,2.2824434055577725,3.273911155965586,0.4303762996848845,3.45484156675302,-0.3412762329883502,-6.765094927315761
16.62992857253571,-23.282224392073626,-20.502358125687806,3.034980648584225,-2.2289322139805803,-8.055592273499004,-1.1504704305899127,3.7506552654173126,-13.831437780579114,-7.025714601168968,1.4790528234447333,24.980430036050073,-21.636212168195815,7.784758446942652,6.815502396561753,13.818446908546123,8.536629789623303,2.9521045116204454,-7.826342054470565,5.458551098924758,27.227317243775225,4.659224827372212,0.9285707645193105,11.475760279987986,-4.7774230956675225,-8.256311676693969,15.591956686977813,-25.826420710256453,-0.5542387981082786,-10.148244548190851,-7.951727333250664,-4.2353676818908115,11.499688507304189,-14.183826767066368,-3.1135596778162444,-2.336323991765287,12.839307583332044,-8.391564177300292,-9.844721921876424,0.240661808014312,-8.045927436240234,1.4642015900636751,15.918382150480577
-67.58977978268119,95.3964963918624,85.7046509601566,-10.960539301914737,9.741470386089347,32.902264442819956,5.767176190606445,-13.831437780579114,57.03989099849832,26.97892770286953,-5.451212249048737,-101.7243861022323,87.61175255703276,-30.437953343607898,-26.506818643252817,-58.21917151337206,-34.64348066318864,-11.81820782539154,31.21424271209899,-20.757246364120896,-110.65683135138536,-20.539860199064382,-4.288321297022258,-47.422787262391275,17.649687066263265,32.43962648930193,-61.38600396343951,105.47567131174357,4.339373079053379,40.5464182653214,31.509059579036663,17.4630834094266,-46.701494037867825,54.12344825360418,13.686323587497247,8.965179411275772,-53.37217742014754,29.916043546471013,37.408704488920975,1.1234829942093947,33.548844677452514,-5.0326320214163385,-66.14342123394599
-32.25376429332248,45.2956665409364,40.152687747168784,-5.682935919791909,4.415427528463228,15.67195013092358,2.4079013975505674,-7.025714601168968,26.97892770286953,13.378520879701577,-2.776402663602959,-48.46492330875646,41.9192848568065,-14.90782933047158,-13.003566780794008,-27.17007561673515,-16.557098041818673,-5.6834867481203135,15.061450969325502,-10.34566024953915,-52.7961156000241,-9.305139553858954,-1.8734700241073083,-22.38047928680977,8.97919554925533,15.827063320396528,-29.927240968123588,50.19378704802671,1.4374261665625725,19.569260660910725,15.302486597510532,8.254595741602362,-22.315765336849992,26.92853416236716,6.188028938176917,4.437383346781857,-25.09294781589325,15.586920213182863,18.676869357799756,-0.08821051476102437,15.74816571288027,-2.701910758672548,-31.134451190048946
6.552917488000272,-9.17442577764045,-8.070074425845455,1.2056802912894802,-0.8716640086133666,-3.178626645931901,-0.4490596521222645,1.4790528234447333,-5.451212249048737,-2.776402663602959,0.584808429068325,9.838954220003838,-8.528780296849993,3.073200208750636,2.6856495265471874,5.444907026888476,3.3660074033824476,1.1610898112485384,-3.0816218563612447,2.154319781199459,10.726422350693769,1.8315295121283224,0.36150356043318166,4.518013234237265,-1.8895362749827846,-3.2566948287982895,6.153540098541301,-10.179384091246126,-0.2155743143936691,-4.001527130887393,-3.138940638558626,-1.6678097024301506,4.53553035073089,-5.600975938766184,-1.2188293747076788,-0.9209339385549701,5.054134970462151,-3.3211785737407165,-3.8907335691374447,0.09476838763619842,-3.1684150407963503,0.5830497544851924,6.27272751534696
120.73786127829821,-170.2563528055549,-152.6715091647856,19.80159044135225,-17.30095494555023,-58.72140401430623,-10.108819385289493,24.980430036050073,-101.7243861022323,-48.46492330875646,9.838954220003838,181.6973822324579,-156.55210085672837,54.58130034348959,47.58660832355561,103.59341548346991,61.884314839588775,21.15773022909104,-55.88883258995077,37.34381446429004,197.6830841430726,36.39659103243746,7.5813801703128485,84.57797167637992,-31.842504386840975,-58.152188656058925,109.99900706128024,-188.3009461510652,-7.353865545900772,-72.55354837366592,-56.41654513817643,-31.15090391795205,83.41058840171974,-97.31965950082039,-24.285151123494703,-16.11795156263273,95.13131569829238,-54.194887449454534,-67.28132931171879,-1.591097880760932,-59.772549811399685,9.140843876608278,117.86806449178164
-104.05234966073857,146.67343379590864,131.35924176199737,-17.211477692034173,14.828036979699489,50.61490358365542,8.61164945261635,-21.636212168195815,87.61175255703276,41.9192848568065,-8.528780296849993,-156.55210085672837,134.9560163145619,-47.15254757928607,-41.095993955026024,-89.12780127384178,-53.34628778385091,-18.236429452600646,48.19650719413399,-32.303182304900304,-170.35282853132523,-31.22955607188267,-6.474925378781879,-72.81457716704158,27.603185984235918,50.21230876299007,-94.9879506033299,162.25455195551763,6.172855098705532,62.590977607613006,48.70622984056724,26.822953144497497,-71.9064775062925,84.18187234629589,20.81554966196978,13.93044486971811,-81.87411941151602,47.07807177688589,58.226505076753014,1.2198792749939094,51.44087979944879,-7.973231882425559,-101.47524341937948
36.306958151707676,-51.0533027859841,-45.42079602204337,6.258641952414314,-5.042969925683809,-17.646404584661994,-2.813371327045399,7.784758446942652,-30.437953343607898,-14.90782933047158,3.073200208750636,54.58130034348959,-47.15254757928607,16.666165906126633,14.53528472450735,30.76141031964528,18.62874905023151,6.3867390659900005,-16.908055299593187,11.51579932835526,59.43537141125035,10.62141284215846,2.1623709184330906,25.268147941899624,-9.94122009484001,-17.713162832198936,33.49730660573901,-56.53955316548726,-1.8033131590558809,-21.96259124451414,-17.144023359521185,-9.315524817141705,25.10816817071333,-29.985124133201214,-7.071099921072449,-4.9487604245459815,28.359023504704385,-17.15545000894453,-20.776399884683762,-0.0810426975788316,-17.804297384218813,2.94988916311144,35.17089064011338
31.64640521440619,-44.47969069694204,-39.56428729760257,5.452717435623056,-4.404291326121401,-15.361854341855254,-2.442056903673968,6.815502396561753,-26.506818643252817,-13.003566780794008,2.6856495265471874,47.58660832355561,-41.095993955026024,14.53528472450735,12.699510721009995,26.762814011792802,16.230817937778095,5.579342272472153,-14.761460066998103,10.05947786292106,51.81509776621698,9.235068489756864,1.8889325740357767,22.01965137067106,-8.682844472253343,-15.454755817876933,29.209852148274734,-49.259486150258574,-1.531397863462741,-19.15000079534651,-14.94161818686659,-8.117397152934826,21.870387622992506,-26.17914636443502,-6.16813255533419,-4.325307083958328,24.708410363348094,-15.002373491782258,-18.131026199435482,-0.01850352546785156,-15.505891453180643,2.5712503971926353,30.620340570367816
68.80672258734423,-97.2565334620761,-87.69065065543607,10.90005148189187,-10.045356621388786,-33.52311816295547,-6.074548639111683,13.818446908546123,-58.21917151337206,-27.17007561673515,5.444907026888476,103.59341548346991,-89.12780127384178,30.76141031964528,26.762814011792802,59.648362447779405,35.25682014938882,11.998309534400152,-31.66675912108983,20.865283154787587,112.64885472315251,21.20805592287732,4.462164701975974,48.42256822449703,-17.637702267970017,-32.815622503662446,62.12031412977349,-107.4679475324787,-4.804977784156211,-41.1458757078605,-31.92463791338883,-17.823985181931292,47.5341526340769,-54.44110605134117,-14.126549890829784,-9.028187150060905,54.55486823021725,-29.6736464041975,-37.59615081296103,-1.5330148493425326,-34.31053561437109,4.95112428673749,67.60196035841736
41.131932147789705,-57.98940393497471,-51.94886046106949,6.793811176509644,-5.865146084838426,-20.012911009780595,-3.4143657685563147,8.536629789623303,-34.64348066318864,-16.557098041818673,3.3660074033824476,61.884314839588775,-53.34628778385091,18.62874905023151,16.230817937778095,35.25682014938882,21.08866498007618,7.205228131333918,-19.04331015559764,12.754614763680136,67.33857193598227,12.361274044744961,2.5626538463296873,28.790257149709323,-10.894988934221217,-19.83769442703763,37.531389716001485,-64.14708754627173,-2.4632551799191233,-24.73552893992869,-19.24774120374676,-10.605344983983251,28.427081131424686,-33.2428260247186,-8.235398825503475,-5.500514029548098,32.37550506594884,-18.56941330389272,-22.993424463761517,-0.5075024455744962,-20.343397526046598,3.144905657465194,40.130555825639675
14.059688646440312,-19.80123385198129,-17.714099333969184,2.3369714807387787,-2.0016956181940477,-6.827528421067832,-1.1482197145590793,2.9521045116204454,-11.81820782539154,-5.6834867481203135,1.1610898112485384,21.15773022909104,-18.236429452600646,6.3867390659900005,5.579342272472153,11.998309534400152,7.205228131333918,2.4722393342770816,-6.530079684965785,4.389375107413345,23.022965414154854,4.193151477956449,0.8722457656379486,9.829077811193052,-3.7551368751068477,-6.802907549584113,12.859637795461884,-21.907776922057554,-0.7939148940276085,-8.467288768985279,-6.5879027166532245,-3.620888920427958,9.708831054643685,-11.429360940484756,-2.805569314652491,-1.8932830825900149,11.046648386744279,-6.425154351502485,-7.902716272863752,-0.11854912043422691,-6.936220640745855,1.0857971263041317,13.679541359588466
-37.14804765640383,52.30593958284079,46.74373262076684,-6.220212932984522,5.261888110928887,18.046643404658493,3.0054648137383784,-7.826342054470565,31.21424271209899,15.061450969325502,-3.0816218563612447,-55.88883258995077,48.19650719413399,-16.908055299593187,-14.761460066998103,-31.66675912108983,-19.04331015559764,-6.530079684965785,17.258060353264195,-11.629393819035585,-60.82523737434835,-11.041988280497005,-2.2857765631443274,-25.948048127463437,9.967428544397947,18.000781603507058,-34.03293851789284,57.8816695582672,2.0561297564959093,22.390092367372496,17.433031357106497,9.560361440367732,-25.662614444833004,30.28461960037447,7.376883195512995,5.01201389184294,-29.155484794864204,17.080012661290265,20.950318194105275,0.27825627410482884,18.307699202407406,-2.89826429246577,-36.11983432200403
24.851226841125456,-34.87341676362477,-30.87419435723937,4.405929939505229,-3.392170618580029,-12.061305807829358,-1.8269939683230751,5.458551098924758,-20.757246364120896,-10.34566024953915,2.154319781199459,37.34381446429004,-32.303182304900304,11.51579932835526,10.05947786292106,20.865283154787587,12.754614763680136,4.389375107413345,-11.629393819035585,8.012602911229264,40.68366913764394,7.1240956016400245,1.4348267377429553,17.22519311540739,-6.964344340559525,-12.22579581172962,23.106652283142772,-38.65152501952293,-1.0427561715222404,-15.09613677762012,-11.806588872561449,-6.3537756144243644,17.187184966114646,-20.843906853549914,-4.748789026628924,-3.4362066584322344,19.30374339963077,-12.122494886074522,-14.455782675460764,0.1390044648162322,-12.109285979410425,2.1008904483082764,23.93976928091763
131.36909498632878,-185.22378317982108,-166.0243505058733,21.60529712429758,-18.791461156209518,-63.893809941300006,-10.95666840743288,27.227317243775225,-110.65683135138536,-52.7961156000241,10.726422350693769,197.6830841430726,-170.35282853132523,59.43537141125035,51.81509776621698,112.64885472315251,67.33857193598227,23.022965414154854,-60.82523737434835,40.68366913764394,215.08659323344273,39.5428197570497,8.225276985624552,91.99412791974396,-34.714630010436764,-63.31408737998764,119.76456952809086,-204.8695809522864,-7.929740331117546,-78.96947208882725,-61.419453366805435,-33.88418926631811,90.76302961160891,-106.02133607606882,-26.376953455287946,-17.55485293114185,103.4618403889379,-59.12534628497884,-73.30798034894549,-1.6639830422675894,-65.00500712089716,9.985171924950448,128.20076086411837
24.149254785268997,-34.2356082405765,-31.11616114721665,3.616376261528185,-3.634834960496715,-11.775492396153869,-2.2888725260709286,4.659224827372212,-20.539860199064382,-9.305139553858954,1.8315295121283224,36.39659103243746,-31.22955607188267,10.62141284215846,9.235068489756864,21.20805592287732,12.361274044744961,4.193151477956449,-11.041988280497005,7.1240956016400245,39.5428197570497,7.668256967191793,1.6466688713047697,17.109313144205103,-5.936830472191997,-11.360247935464386,21.512476033789873,-37.778384544499,-1.9710958103459169,-14.340685576872522,-11.081446049332325,-6.291664624313191,16.6666340700867,-18.607435655330285,-5.117088661743851,-3.097417776223184,19.319037620822556,-9.818993565519968,-12.818426477234068,-0.8164367820180982,-12.160177043497368,1.5991697917709755,23.91783796098395
5.019535676792872,-7.135323390743156,-6.551227633685751,0.6915967173004447,-0.790261585410998,-2.441454380228702,-0.5152332749541138,0.9285707645193105,-4.288321297022258,-1.8734700241073083,0.36150356043318166,7.5813801703128485,-6.474925378781879,2.1623709184330906,1.8889325740357767,4.462164701975974,2.5626538463296873,0.8722457656379486,-2.2857765631443274,1.4348267377429553,8.225276985624552,1.6466688713047697,0.3668854643259749,3.5862342511159335,-1.170795689766027,-2.3241335495026205,4.395574032546589,-7.859110851263882,-0.47127069886850886,-2.9556551678106167,-2.267841334649897,-1.3168205119567695,3.4527704545732627,-3.746679947875161,-1.110528250584091,-0.6292053132863022,4.059288360340754,-1.895813792778659,-2.568213835810454,-0.22412677238780174,-2.5548449384114105,0.2933972960390676,5.008914099708028
56.185464573970854,-79.30927093194451,-71.30315403763215,9.061179587902258,-8.129038665522252,-27.33867002665708,-4.82256965121471,11.475760279987986,-47.422787262391275,-22.38047928680977,4.518013234237265,84.57797167637992,-72.81457716704158,25.268147941899624,22.01965137067106,48.42256822449703,28.790257149709323,9.829077811193052,-25.948048127463437,17.22519311540739,91.99412791974396,17.109313144205103,3.5862342511159335,39.44416128723481,-14.626144261097249,-26.941091569751293,50.97096840033889,-87.67661882555778,-3.6432473212851537,-33.687130178952806,-26.16317957239105,-14.523279846987025,38.80712476429351,-44.90726246174948,-11.41698143391945,-7.444730372774917,44.39903518499963,-24.766934015071943,-31.02567993559193,-0.9602142938251276,-27.905870819931927,4.151585443259617,55.0011575039968
-21.208531546106663,29.699250834097242,26.131050784028606,-3.8983011792580804,2.8215125249337167,10.291247488927644,1.4583177987521934,-4.7774230956675225,17.649687066263265,8.97919554925533,-1.8895362749827846,-31.842504386840975,27.603185984235918,-9.94122009484001,-8.682844472253343,-17.637702267970017,-10.894988934221217,-3.7551368751068477,9.967428544397947,-6.964344340559525,-34.714630010436764,-5.936830472191997,-1.170795689766027,-14.626144261097249,6.106737120329351,10.534044121544792,-19.907814470715945,32.95123391483276,0.7112455602051331,12.947963671628509,10.157190650778738,5.399228627750041,-14.681780437688705,18.10862649637446,3.9470411130385,2.9769254966853156,-16.36348681036466,10.727218722065839,12.580295699568198,-0.29084536518729326,10.259391134975813,-1.8841166476763158,-20.31250947366668
-38.67356841044637,54.39875411211991,48.454476903339305,-6.615296565033725,5.400932484066838,18.79251472948127,3.0311725984152207,-8.256311676693969,32.43962648930193,15.827063320396528,-3.2566948287982895,-58.152188656058925,50.21230876299007,-17.713162832198936,-15.454755817876933,-32.815622503662446,-19.83769442703763,-6.802907549584113,18.000781603507058,-12.22579581172962,-63.31408737998764,-11.360247935464386,-2.3241335495026205,-26.941091569751293,10.534044121544792,18.835026399457412,-35.61499458931287,60.23195181865436,1.9759131300917734,23.372179681988943,18.231239279112618,9.930611308582225,-26.735857257775212,31.833606572141214,7.571973544151239,5.258119392024643,-30.245484398984427,18.146564175219172,22.047080598754082,0.13591996089045924,18.98897762225498,-3.1087754297983787,-37.49754047985117
73.15878892803617,-102.92326838783777,-91.68883960373792,12.510561052465555,-10.21340195051047,-35.563862330463294,-5.745366131185801,15.591956686977813,-61.38600396343951,-29.927240968123588,6.153540098541301,109.99900706128024,-94.9879506033299,33.49730660573901,29.209852148274734,62.12031412977349,37.531389716001485,12.859637795461884,-34.03293851789284,23.106652283142772,119.76456952809086,21.512476033789873,4.395574032546589,50.97096840033889,-19.907814470715945,-35.61499458931287,67.35642981878355,-113.95838189619755,-3.774274939365425,-44.20575362774024,-34.486191776909,-18.788375545351798,50.58648697825657,-60.17554962451028,-14.32465311866018,-9.936422386196767,57.22714813536434,-34.2769996237212,-41.681090097855325,-0.3019065022730961,-35.9338036980443,5.8772462174765545,70.9647345987065
-125.13523459833029,176.49717756529145,158.30369661757967,-20.50650357492678,17.928717505433564,60.890546114858715,10.50769262413082,-25.826420710256453,105.47567131174357,50.19378704802671,-10.179384091246126,-188.3009461510652,162.25455195551763,-56.53955316548726,-49.259486150258574,-107.4679475324787,-64.14708754627173,-21.907776922057554,57.8816695582672,-38.65152501952293,-204.8695809522864,-37.778384544499,-7.859110851263882,-87.67661882555778,32.95123391483276,60.23195181865436,-113.95838189619755,195.19848764496953,7.710206917160128,75.17603856668065,58.46179132246227,32.292280269886135,-86.46911929730292,100.75138563340049,25.17789487925624,16.68028531884949,-98.6279795481076,56.037412783111385,69.66308082898728,1.7543888683999602,61.980541440980005,-9.460452113318333,-122.23348078189795
-4.842567115557161,7.0715552687998215,6.883402489083271,-0.3495093877196852,0.9166080190093144,2.401803725135758,0.7549330504842757,-0.5542387981082786,4.339373079053379,1.4374261665625725,-0.2155743143936691,-7.353865545900772,6.172855098705532,-1.8033131590558809,-1.531397863462741,-4.804977784156211,-2.4632551799191233,-0.7939148940276085,2.0561297564959093,-1.0427561715222404,-7.929740331117546,-1.9710958103459169,-0.47127069886850886,-3.6432473212851537,0.7112455602051331,1.9759131300917734,-3.774274939365425,7.710206917160128,0.957473626105232,2.6859676093360942,2.0009334853279057,1.3292299829779854,-3.329303613523254,2.777008664220522,1.308582694969314,0.47846007820093917,-4.196558625267296,0.8341345605122761,1.8636570387943596,0.7279210945533322,2.6673678444387927,-0.06999878324923414,-5.184189783904517
-48.23544124102518,67.9297161859938,60.69056163777059,-8.099998468158706,6.81217817055031,23.45302694739825,3.8980678835049907,-10.148244548190851,40.5464182653214,19.569260660910725,-4.001527130887393,-72.55354837366592,62.590977607613006,-21.96259124451414,-19.15000079534651,-41.1458757078605,-24.73552893992869,-8.467288768985279,22.390092367372496,-15.09613677762012,-78.96947208882725,-14.340685576872522,-2.9556551678106167,-33.687130178952806,12.947963671628509,23.372179681988943,-44.20575362774024,75.17603856668065,2.6859676093360942,29.07579068490039,22.65018747157889,12.412960435957086,-33.33967906152969,39.32543022900754,9.557701415277927,6.502147585318498,-37.85219642134831,22.18280359427444,27.21665066175161,0.39095501497521506,23.77437151858393,-3.7768489018021807,-46.920857511369306
-37.51966178704899,52.80938815106621,47.09364509841502,-6.378081043201737,5.255444994046943,18.246776968111934,2.978750312142776,-7.951727333250664,31.509059579036663,15.302486597510532,-3.138940638558626,-56.41654513817643,48.70622984056724,-17.144023359521185,-14.94161818686659,-31.92463791338883,-19.24774120374676,-6.5879027166532245,17.433031357106497,-11.806588872561449,-61.419453366805435,-11.081446049332325,-2.267841334649897,-26.16317957239105,10.157190650778738,18.231239279112618,-34.486191776909,58.46179132246227,2.0009334853279057,22.65018747157889,17.664076041849817,9.64301141841883,-25.94498179554514,30.75514301145903,7.374537776415001,5.079002212548688,-29.38388668963178,17.45331852848713,21.29967810466121,0.2225938636919399,18.454661848645028,-2.988467237283885,-36.440879386029856
-20.69516199356808,29.20819936010928,26.247725906396635,-3.3479506779510593,2.988529236549037,10.06994535834057,1.7689015726210155,-4.2353676818908115,17.4630834094266,8.254595741602362,-1.6678097024301506,-31.15090391795205,26.822953144497497,-9.315524817141705,-8.117397152934826,-17.823985181931292,-10.605344983983251,-3.620888920427958,9.560361440367732,-6.3537756144243644,-33.88418926631811,-6.291664624313191,-1.3168205119567695,-14.523279846987025,5.399228627750041,9.930611308582225,-18.788375545351798,32.292280269886135,1.3292299829779854,12.412960435957086,9.64301141841883,5.3477798280221505,-14.295390172707364,16.564153554120153,4.197294496877762,2.7452918363065884,-16.345677095238095,9.150285181730636,11.445725237674017,0.341693929690955,10.273344303843018,-1.5359975586223487,-20.250668411816292
55.44164497925745,-78.16851349274214,-70.02700085522288,9.158829888089736,-7.90291034658031,-26.980140755123184,-4.604114987183442,11.499688507304189,-46.701494037867825,-22.315765336849992,4.53553035073089,83.41058840171974,-71.9064775062925,25.10816817071333,21.870387622992506,47.5341526340769,28.427081131424686,9.708831054643685,-25.662614444833004,17.187184966114646,90.76302961160891,16.6666340700867,3.4527704545732627,38.80712476429351,-14.681780437688705,-26.735857257775212,50.58648697825657,-86.46911929730292,-3.329303613523254,-33.33967906152969,-25.94498179554514,-14.295390172707364,38.32064598856675,-44.79892067107564,-11.098669284188192,-7.411411551012669,43.640751309598,-25.019541298298346,-30.988765081869598,-0.6961904151118196,-27.423616030775815,4.239540615816583,54.100140530039475
-64.76532273044367,90.90851612385772,80.51843373673424,-11.45874378891941,8.84870067310983,31.44690737877595,4.787103072597239,-14.183826767066368,54.12344825360418,26.92853416236716,-5.600975938766184,-97.31965950082039,84.18187234629589,-29.985124133201214,-26.17914636443502,-54.44110605134117,-33.2428260247186,-11.429360940484756,30.28461960037447,-20.843906853549914,-106.02133607606882,-18.607435655330285,-3.746679947875161,-44.90726246174948,18.10862649637446,31.833606572141214,-60.17554962451028,100.75138563340049,2.777008664220522,39.32543022900754,30.75514301145903,16.564153554120153,-44.79892067107564,54.23558786115995,12.392437760780991,8.939193031461778,-50.33449316449829,31.490651142479276,37.615004949509526,-0.2968163057625331,31.580751272346923,-5.458534851946932,-62.43515457175134
-16.10358077123949,22.822114716561536,20.76259737238925,-2.3861819302963485,2.4436064733118363,7.835444869550426,1.5341450311243212,-3.1135596778162444,13.686323587497247,6.188028938176917,-1.2188293747076788,-24.285151123494703,20.81554966196978,-7.071099921072449,-6.16813255533419,-14.126549890829784,-8.235398825503475,-2.805569314652491,7.376883195512995,-4.748789026628924,-26.376953455287946,-5.117088661743851,-1.110528250584091,-11.41698143391945,3.9470411130385,7.571973544151239,-14.32465311866018,25.17789487925624,1.308582694969314,9.557701415277927,7.374537776415001,4.197294496877762,-11.098669284188192,12.392437760780991,3.4342139878284765,2.0683624795279143,-12.891727931968566,6.526919563891188,8.52601139241511,0.5272741609518793,8.109943984284602,-1.0511289012603287,-15.937182282324331
-10.72195500099378,15.055412376912622,13.357517988372729,-1.8756890193205127,1.4776872067097675,5.202437002359129,0.8055766057920344,-2.336323991765287,8.965179411275772,4.437383346781857,-0.9209339385549701,-16.11795156263273,13.93044486971811,-4.9487604245459815,-4.325307083958328,-9.028187150060905,-5.500514029548098,-1.8932830825900149,5.01201389184294,-3.4362066584322344,-17.55485293114185,-3.097417776223184,-0.6292053132863022,-7.444730372774917,2.9769254966853156,5.258119392024643,-9.936422386196767,16.68028531884949,0.47846007820093917,6.502147585318498,5.079002212548688,2.7452918363065884,-7.411411551012669,8.939193031461778,2.0683624795279143,1.4756279849302847,-8.347674626091724,5.165801294911245,6.194898947162453,-0.03369012734604974,5.23684905176228,-0.8899413316325407,-10.346824129747475
63.188725273263124,-89.23086467070848,-80.30597578643908,10.122091437031727,-9.177155674157866,-30.75226155736454,-5.4767508203453215,12.839307583332044,-53.37217742014754,-25.09294781589325,5.054134970462151,95.13131569829238,-81.87411941151602,28.359023504704385,24.708410363348094,54.55486823021725,32.37550506594884,11.046648386744279,-29.155484794864204,19.30374339963077,103.4618403889379,19.319037620822556,4.059288360340754,44.39903518499963,-16.36348681036466,-30.245484398984427,57.22714813536434,-98.6279795481076,-4.196558625267296,-37.85219642134831,-29.38388668963178,-16.345677095238095,43.640751309598,-50.33449316449829,-12.891727931968566,-8.347674626091724,49.991226626748336,-27.6514307118604,-34.76601815382906,-1.178551792531822,-31.424858062719455,4.623478070930787,61.92476440034337
-36.123684495514624,50.44840354286152,44.070756419760656,-6.899492043750305,4.674101176467327,17.50568878548314,2.2824434055577725,-8.391564177300292,29.916043546471013,15.586920213182863,-3.3211785737407165,-54.194887449454534,47.07807177688589,-17.15545000894453,-15.002373491782258,-29.6736464041975,-18.56941330389272,-6.425154351502485,17.080012661290265,-12.122494886074522,-59.12534628497884,-9.818993565519968,-1.895813792778659,-24.766934015071943,10.727218722065839,18.146564175219172,-34.2769996237212,56.037412783111385,0.8341345605122761,22.18280359427444,17.45331852848713,9.150285181730636,-25.019541298298346,31.490651142479276,6.526919563891188,5.165801294911245,-27.6514307118604,19.041100711051467,21.90930111611937,-0.8710601845756517,17.319905364712252,-3.381967431662078,-34.33907920064801
-44.78491268193859,62.8451468068821,55.60130770479748,-7.97900142884209,6.086882687898813,21.751113672249378,3.273911155965586,-9.844721921876424,37.408704488920975,18.676869357799756,-3.8907335691374447,-67.28132931171879,58.226505076753014,-20.776399884683762,-18.131026199435482,-37.59615081296103,-22.993424463761517,-7.902716272863752,20.950318194105275,-14.455782675460764,-73.30798034894549,-12.818426477234068,-2.568213835810454,-31.02567993559193,12.580295699568198,22.047080598754082,-41.681090097855325,69.66308082898728,1.8636570387943596,27.21665066175161,21.29967810466121,11.445725237674017,-30.988765081869598,37.615004949509526,8.52601139241511,6.194898947162453,-34.76601815382906,21.90930111611937,26.09915602516667,-0.25528486918719245,21.812805959844784,-3.810472882472972,-43.13928648975667
-1.0186881288075462,1.6835890244461509,2.04088431755104,0.2635512672675464,0.35753751828179414,0.551351625572967,0.4303762996848845,0.240661808014312,1.1234829942093947,-0.08821051476102437,0.09476838763619842,-1.591097880760932,1.2198792749939094,-0.0810426975788316,-0.01850352546785156,-1.5330148493425326,-0.5075024455744962,-0.11854912043422691,0.27825627410482884,0.1390044648162322,-1.6639830422675894,-0.8164367820180982,-0.22412677238780174,-0.9602142938251276,-0.29084536518729326,0.13591996089045924,-0.3019065022730961,1.7543888683999602,0.7279210945533322,0.39095501497521506,0.2225938636919399,0.341693929690955,-0.6961904151118196,-0.2968163057625331,0.5272741609518793,-0.03369012734604974,-1.178551792531822,-0.8710601845756517,-0.25528486918719245,0.6873065686282345,0.7737259133740828,0.21105620473644315,-1.457930983954527
-39.70312252012425,56.0782548665216,50.48827492592133,-6.346431773193765,5.771356518403999,19.328544553219153,3.45484156675302,-8.045927436240234,33.548844677452514,15.74816571288027,-3.1684150407963503,-59.772549811399685,51.44087979944879,-17.804297384218813,-15.505891453180643,-34.31053561437109,-20.343397526046598,-6.936220640745855,18.307699202407406,-12.109285979410425,-65.00500712089716,-12.160177043497368,-2.5548449384114105,-27.905870819931927,10.259391134975813,18.98897762225498,-35.9338036980443,61.980541440980005,2.6673678444387927,23.77437151858393,18.454661848645028,10.273344303843018,-27.423616030775815,31.580751272346923,8.109943984284602,5.23684905176228,-31.424858062719455,17.319905364712252,21.812805959844784,0.7737259133740828,19.756764952050492,-2.8956215173308584,-38.93164485693634
6.104238086549237,-8.502114003749092,-7.352711189958525,1.2324089373410685,-0.7519565319708903,-2.9637945846420384,-0.3412762329883502,1.4642015900636751,-5.0326320214163385,-2.701910758672548,0.5830497544851924,9.140843876608278,-7.973231882425559,2.94988916311144,2.5712503971926353,4.95112428673749,3.144905657465194,1.0857971263041317,-2.89826429246577,2.1008904483082764,9.985171924950448,1.5991697917709755,0.2933972960390676,4.151585443259617,-1.8841166476763158,-3.1087754297983787,5.8772462174765545,-9.460452113318333,-0.06999878324923414,-3.7768489018021807,-2.988467237283885,-1.5359975586223487,4.239540615816583,-5.458534851946932,-1.0511289012603287,-0.8899413316325407,4.623478070930787,-3.381967431662078,-3.810472882472972,0.21105620473644315,-2.8956215173308584,0.6147931616671264,5.758839053540743
78.30498437447385,-110.57711955648138,-99.47326232049733,12.590544331244619,-11.340314499649468,-38.12814747249145,-6.765094927315761,15.918382150480577,-66.14342123394599,-31.134451190048946,6.27272751534696,117.86806449178164,-101.47524341937948,35.17089064011338,30.620340570367816,67.60196035841736,40.130555825639675,13.679541359588466,-36.11983432200403,23.93976928091763,128.20076086411837,23.91783796098395,5.008914099708028,55.0011575039968,-20.31250947366668,-37.49754047985117,70.9647345987065,-122.23348078189795,-5.184189783904517,-46.920857511369306,-36.440879386029856,-20.250668411816292,54.100140530039475,-62.43515457175134,-15.937182282324331,-10.346824129747475,61.92476440034337,-34.33907920064801,-43.13928648975667,-1.457930983954527,-38.93164485693634,5.758839053540743,76.73694396752141
