V1,V2,V3,V4,V5,V6,V7,V8,V9,V10,V11,V12,V13,V14,V15,V16,V17,V18,V19,V20,V21,V22,V23,V24,V25,V26,V27,V28,V29,V30,V31,V32,V33,V34,V35,V36,V37,V38,V39,V40,V41,V42,V43
10.188415366775683,-0.28866919982292033,-3.7080268053023513,1.8057304372772134,3.4207042311539366,4.848128027431031,4.097734144433098,-7.168701980550148,-4.973089068615714,13.367546263078442,-9.99352966541605,-0.6641994906425407,-11.280576152239886,3.6921365854092065,-12.906526502173644,-1.8440334805380354,9.67210616834571,-6.841468829477978,-3.950992097995813,-7.799881777885802,1.4846121298311519,8.145675506860998,0.1297426356305111,3.798307118755306,3.0912132936661885,-10.09162576750675,6.390749225031917,-2.7038233994588636,0.5550338673346417,-7.71177899676053,-0.07527150516211835,5.257669677035901,-2.6005395237457436,-9.633376958138612,-0.2870675023806187,3.1944750859768574,3.955898041147513,5.757289780898758,-7.335009371373877,8.244251283064543,-13.495600540301892,10.908735371344063,6.622661603717226
-0.28866919982292033,1.097806075860768,-0.5826446733610413,0.28460742016810736,0.19715595294317667,-0.2601560654248676,0.054803543068384905,0.3186144528207061,-0.27061724433128514,0.8388764264043415,-0.13357606719355428,0.4341028974443489,-0.6272768124618111,0.36285454923922,-0.4555263245372757,0.643183888386139,-0.21602616399626726,-0.2114202550804531,-0.7935385758103137,-0.31723411618705993,-0.1949415200727305,0.4468261647655664,-0.3220359848085178,-0.2674589405059913,0.40067011549277626,0.7746987361182739,0.3538857518698943,-0.4253592464072071,-0.5132033042277152,-0.03845091893283074,-0.5055451007348383,-0.09926763703835341,-0.09004885171443147,1.0041628625088033,0.8076568070185398,-0.6475081459822173,0.37036398661332326,0.19935402922218845,0.023061338950198528,0.20483873195821156,-0.554016902807502,0.1374040828080188,0.32960195374560514
-3.7080268053023513,-0.5826446733610413,2.045952306209187,-0.9019478714485487,-1.1406137124628055,-1.5810094127438423,-1.9634546391343666,2.321431738555829,2.141774194920899,-5.715808293787506,4.10606600042609,-0.060905439446173715,4.514698234063654,-1.651650140087693,5.289078860704643,0.4020922137490917,-3.854482146328314,2.8058715147539064,1.5274832901677913,3.0043375788511555,-0.5627960931771078,-3.547182331185231,0.24018331720027092,-1.5735860031341145,-1.7739783775636198,3.5161840398657804,-2.6377686609874695,1.5399980450936597,0.38336484180167246,2.937520656970887,0.57309151212554,-2.1055044379990613,0.7882771084255222,2.76679309551277,-0.3941579391819127,-0.8516429881794794,-1.9375404732174437,-2.514214590598636,2.794524300963456,-3.6521632453931314,5.352099886158457,-3.8555881830880034,-2.6428086297107156
1.8057304372772134,0.28460742016810736,-0.9019478714485487,0.5221714302100757,0.8396438785358527,0.8618999980945641,0.8232489012349045,-1.3690649827074963,-1.0144595393553866,3.0453235194724066,-2.017145342228758,0.11254770635239021,-2.6763104781815845,0.8627382453123373,-2.8033624126114325,-0.11756750665794903,1.823652637294835,-1.4022222072547603,-1.2193842823779553,-1.864353166702521,0.23427678305403765,1.724358411213334,-0.07041039460365449,0.5808239636237817,0.8522666334988148,-1.808486809940659,1.5454844729447401,-0.6995329807754572,0.027060233696183704,-1.6184558555638875,-0.14619714589450855,1.0902943106388459,-0.6420298757708837,-1.5882988929422757,0.17978546095009693,0.4480124523641266,0.8152553934895872,1.2196442727839125,-1.4953664896177903,1.7710168422119101,-3.0781411271498165,2.4076207278550905,1.600572627443386
3.4207042311539366,0.19715595294317667,-1.1406137124628055,0.8396438785358527,1.9046279958791368,1.8121957938760738,1.0264002658178077,-2.933465266842346,-1.6932907526301542,5.31213848147655,-3.428328510925052,0.0462796707316993,-5.0642713489257565,1.4823453462134821,-4.979206396808535,-0.2747153723081348,3.0467806191856934,-2.4527593175472613,-2.6867939527647255,-3.633827224939086,0.33138640494112526,2.8489041408235565,0.08344120395163113,0.7550246687829031,1.0194458902841506,-3.4027237076915693,2.822572094449724,-0.8535379849150401,0.5841250667484063,-3.0393997443515888,0.19059322519576122,1.844725424596587,-1.530651899997503,-3.6175961619165986,0.08819634332486087,0.9790787872972276,1.1249518859381318,1.949772730024013,-2.7743491719628164,2.7314418244630607,-5.7819733451413535,4.98245453264965,3.0225435104891156
4.848128027431031,-0.2601560654248676,-1.5810094127438423,0.8618999980945641,1.8121957938760738,2.3948072208149096,1.7815953512559402,-3.6014546737224133,-2.2896590526316074,6.351474908608175,-4.676000882781729,-0.3249794803670974,-5.566740827127864,1.7331083181095832,-6.161701098287294,-0.8787354598785826,4.505673988924612,-3.216648098034034,-2.1420086886043177,-3.9108375625330836,0.6770342118800823,3.7665583975724024,0.14129066780059976,1.6616015366394097,1.340537675501306,-4.879922023104009,3.1310263962539278,-1.1533337702131692,0.4944368007690483,-3.7527804189778036,0.14139585012045902,2.499891984920893,-1.4158210405019451,-4.858315616860187,-0.2307530042540404,1.5935238336337023,1.716171569083316,2.6573456818299097,-3.542908936494744,3.7924897362464156,-6.60998529027692,5.5170791344799115,3.2871917033415414
4.097734144433098,0.054803543068384905,-1.9634546391343666,0.8232489012349045,1.0264002658178077,1.7815953512559402,2.1866878748927907,-2.5738450560308057,-2.1627149654732065,5.701210491434562,-4.378135310378937,-0.1362884905103331,-4.441520936150405,1.583405119912842,-5.433997350574888,-0.797700152905555,4.318335843891201,-2.902518640895646,-1.0680289512385241,-2.998188117311245,0.7386555761479259,3.6003972420829404,-0.11772168417020597,1.907493417585328,1.8001070392176426,-4.206967041491158,2.6328611706677147,-1.5023083165397217,-0.22542764006078003,-3.104117901261739,-0.41932622405318876,2.3506891722912253,-0.7163103336479283,-3.3763626953184374,-0.004837929998550232,1.2577436067730587,1.9325048865729486,2.640872480333431,-2.9958015845845507,3.914441489172602,-5.386932186159446,3.920559819065641,2.6270368302323024
-7.168701980550148,0.3186144528207061,2.321431738555829,-1.3690649827074963,-2.933465266842346,-3.6014546737224133,-2.5738450560308057,5.521960816310825,3.3891004839691785,-9.738726689281155,6.988034930254629,0.3605928346847136,8.72474638148999,-2.656572870068706,9.391395399305743,1.2136113440941592,-6.658482167288113,4.823785739785568,3.6052472149007553,6.1874436792807055,-0.9680774749150297,-5.627707946393208,-0.2236397183389228,-2.310570027466214,-2.047281714308346,7.31332565651247,-4.91498941333103,1.721922604966949,-0.8750091150450322,5.73901609762169,-0.28001146696049617,-3.782745090026938,2.3201725158194897,7.3303007477447455,0.31550616126406733,-2.3634398254885887,-2.465389180623139,-3.974369546441594,5.379037539297407,-5.680625535190491,10.270873308369952,-8.63824545801327,-5.1828438636599685
-4.973089068615714,-0.27061724433128514,2.141774194920899,-1.0144595393553866,-1.6932907526301542,-2.2896590526316074,-2.1627149654732065,3.3891004839691785,2.605335155965762,-6.985992785347354,5.084676205803387,0.16503980848380975,5.788685863237498,-1.9766108348792486,6.613622566452919,0.7055579429867346,-4.81980176848728,3.50384161109785,2.1213086623412276,3.9404020618035234,-0.6980063404440884,-4.268241729702746,0.07993118567197596,-1.8790923287322212,-1.7789491025761726,4.773249982549159,-3.2974413586758677,1.570226811073429,-0.0017546066074181027,3.8429951223452012,0.29463187283351217,-2.6230726162989515,1.249398052453154,4.344579841156532,-0.16273378740832617,-1.3582049847298465,-2.1675649867547855,-2.9952552771385874,3.6456939331424643,-4.284533259271642,6.873233048580299,-5.363868948651789,-3.386182962258302
13.367546263078442,0.8388764264043415,-5.715808293787506,3.0453235194724066,5.31213848147655,6.351474908608175,5.701210491434562,-9.738726689281155,-6.985992785347354,19.922374687663936,-13.962748816085526,-0.047212862553432926,-17.156731402032253,5.5973448165914705,-18.725499858319065,-1.6826543916280494,13.043430273790191,-9.645319867311358,-7.018884496325339,-11.921435521919518,1.8292663772855609,11.676731354881634,-0.16689239145133794,4.638209281142619,5.089675103589884,-13.270474270009315,9.825281460452745,-4.317062122547584,0.4758200984378476,-10.973563465240364,-0.5585928753975945,7.409794228974961,-4.058411320917402,-12.183091666770032,0.4440737256719902,3.746200908943274,5.59869799212968,8.236457096019208,-10.282915888040804,11.861816710123499,-20.104616951579352,15.954821602498619,10.166195862061961
-9.99352966541605,-0.13357606719355428,4.10606600042609,-2.017145342228758,-3.428328510925052,-4.676000882781729,-4.378135310378937,6.988034930254629,5.084676205803387,-13.962748816085526,10.227478084086647,0.3485550668829925,11.713939479322079,-3.883568525609382,13.303947324189942,1.630170930720134,-9.8058832477101,6.97559174419674,4.153125110407438,8.085412367571495,-1.4959967611759875,-8.428184374736334,0.04832622464171336,-3.8115636843643235,-3.6102991677687895,10.001397620549149,-6.726670651338585,3.07495502097355,-0.26567784840351344,7.821436573774229,0.3879464352228484,-5.431505622456139,2.58215510287934,9.09343884976747,0.004344102345230788,-3.006714906059616,-4.154952679837999,-6.004630383674514,7.415549651517348,-8.689848288355874,13.925879273287265,-10.965060735487462,-6.917665637478318
-0.6641994906425407,0.4341028974443489,-0.060905439446173715,0.11254770635239021,0.0462796707316993,-0.3249794803670974,-0.1362884905103331,0.3605928346847136,0.16503980848380975,-0.047212862553432926,0.3485550668829925,0.3330395675225788,-0.06689810266678303,0.019880471479085258,0.220275489189817,0.36292632896525273,-0.49251321175019136,0.21485977773061052,-0.3468978957816424,-0.06973084290702866,-0.1324147789640543,-0.18340321384587158,-0.12751065955234592,-0.35365190028650917,0.17043202581610092,0.6327976704645394,0.07841173610397843,-0.10091322665713333,-0.13286129807062083,0.2090974959898773,-0.16025685405250756,-0.15956932173282748,-0.041533495380921756,0.7966111333390099,0.29739615237470424,-0.35694700217340164,-0.1124971932235188,-0.131230877678438,0.2521414742442168,-0.16112707826919956,0.06017691486551181,-0.16714092774931844,0.07188957254743036
-11.280576152239886,-0.6272768124618111,4.514698234063654,-2.6763104781815845,-5.0642713489257565,-5.566740827127864,-4.441520936150405,8.72474638148999,5.788685863237498,-17.156731402032253,11.713939479322079,-0.06689810266678303,15.318847199785713,-4.788950006712458,16.119614404367105,1.2950461968201081,-10.808408758683008,8.148599951326911,6.855054803944335,10.79462638852557,-1.441778211282848,-9.742768181542388,0.00448788457558294,-3.4976725969121825,-4.123620056229058,11.36116818412807,-8.722541550989794,3.4358497058813433,-0.9110919712366774,9.5835631446316345,0.1200499559550849,-6.308024440511753,3.9582823342345264,10.855720456092524,-0.2941502327838934,-3.251671944568402,-4.39014714812106,-6.850770606141111,8.897382376005254,-9.835704170609153,17.783363015909032,-14.500410882500123,-9.127429361536093
3.6921365854092065,0.36285454923922,-1.651650140087693,0.8627382453123373,1.4823453462134821,1.7331083181095832,1.583405119912842,-2.656572870068706,-1.9766108348792486,5.5973448165914705,-3.883568525609382,0.019880471479085258,-4.788950006712458,1.5922250440280914,-5.2245142627072045,-0.3985565893686817,3.5899911702870333,-2.7010733467349497,-2.012121103697736,-3.3067797465150983,0.4815858933055031,3.292267616441853,-0.08355767360635387,1.2655532588138911,1.4323587443745274,-3.5768668562454566,2.7360378636293783,-1.2381840601823384,0.062120507681556573,-3.032642881846216,-0.21556435319114078,2.0256212976795043,-1.1227319624918939,-3.2624621847360937,0.22024572596636158,0.9577271982700584,1.6070490321060102,2.301186046025869,-2.8383476112237136,3.2935730675144654,-5.599910650871262,4.4076021591122,2.825531332083346
-12.906526502173644,-0.4555263245372757,5.289078860704643,-2.8033624126114325,-4.979206396808535,-6.161701098287294,-5.433997350574888,9.391395399305743,6.613622566452919,-18.725499858319065,13.303947324189942,0.220275489189817,16.119614404367105,-5.2245142627072045,17.721542113089786,1.8226710801056893,-12.545516535356924,9.155918421197823,6.395074688274509,11.219127217643774,-1.8098463776341163,-11.030673693704642,0.05926333745618459,-4.547452317649976,-4.705360169411904,12.909642527954027,-9.219581791472285,3.9840104127158735,-0.5857250996543502,10.45436707520227,0.3880228960018524,-7.091410950182628,3.813230272774188,11.96370172790048,-0.18244275860055242,-3.77872438321142,-5.261571854165534,-7.806407511505259,9.820849791446001,-11.251233310338394,18.960539226327807,-15.135891158420403,-9.551016691356537
-1.8440334805380354,0.643183888386139,0.4020922137490917,-0.11756750665794903,-0.2747153723081348,-0.8787354598785826,-0.797700152905555,1.2136113440941592,0.7055579429867346,-1.6826543916280494,1.630170930720134,0.36292632896525273,1.2950461968201081,-0.3985565893686817,1.8226710801056893,0.7159773932537822,-1.8186609096323922,1.0204863134106383,-0.08783071239460324,0.923776322098134,-0.3967544576692516,-1.1492327727384521,-0.15627437582482426,-0.9221631969048746,-0.38680775998771405,2.09906681215502,-0.7599308057655242,0.29997499900335595,-0.21861651055736836,1.1758536167982125,-0.15357671496109898,-0.9408065212228607,0.21589310974962084,1.9736714929265378,0.4851029783580762,-0.8778198851391258,-0.5524122172644523,-0.8978154785344382,1.176904595040519,-1.3547638064904632,1.7155127689008247,-1.4223567452512975,-0.772731896858003
9.67210616834571,-0.21602616399626726,-3.854482146328314,1.823652637294835,3.0467806191856934,4.505673988924612,4.318335843891201,-6.658482167288113,-4.81980176848728,13.043430273790191,-9.8058832477101,-0.49251321175019136,-10.808408758683008,3.5899911702870333,-12.545516535356924,-1.8186609096323922,9.562352052478213,-6.6230859374089555,-3.438655407623068,-7.459298995177221,1.5388280683578193,7.9816395297048555,0.016858464037608566,3.8789811583235445,3.4214493745952503,-9.831966693900391,6.231477404384664,-2.8922230013091417,0.26795798685272104,-7.411364200744765,-0.3187451229828388,5.254485917224999,-2.2867714371073635,-8.876739347287485,-0.25155020751684376,3.0808328765260393,3.9628495606349787,5.743651585049263,-7.069206661523766,8.360439074500718,-12.962724449718856,10.173325522865365,6.387665475496829
-6.841468829477978,-0.2114202550804531,2.8058715147539064,-1.4022222072547603,-2.4527593175472613,-3.216648098034034,-2.902518640895646,4.823785739785568,3.50384161109785,-9.645319867311358,6.97559174419674,0.21485977773061052,8.148599951326911,-2.7010733467349497,9.155918421197823,1.0204863134106383,-6.6230859374089555,4.79984869442141,3.0727376069318946,5.620719552308475,-0.971846628698581,-5.79589899411926,0.04283639513595051,-2.507625234096393,-2.4092457886231324,6.730787697679964,-4.651720809112478,2.0839084592007784,-0.20139619497321037,5.3806256231372265,0.25573192454564275,-3.6656936505028437,1.854934093441835,6.220524166593801,-0.0885794619493957,-1.977129825174065,-2.8458368231277773,-4.087249282407735,5.084461321826894,-5.870985771665996,9.650549538846342,-7.6492818904809505,-4.799680221797172
-3.950992097995813,-0.7935385758103137,1.5274832901677913,-1.2193842823779553,-2.6867939527647255,-2.1420086886043177,-1.0680289512385241,3.6052472149007553,2.1213086623412276,-7.018884496325339,4.153125110407438,-0.3468978957816424,6.855054803944335,-2.012121103697736,6.395074688274509,-0.08783071239460324,-3.438655407623068,3.0727376069318946,4.153340740555003,4.917409415312356,-0.24401545826931023,-3.619669480072078,0.00803978302779886,-0.540804444893665,-1.3504883381470056,3.7374503628489992,-3.8060826665531713,1.1535841887282956,-0.6839605443968484,3.8415921456267395,-0.13769346174399738,-2.1884052856644427,2.16579333604695,4.092662373273553,-0.5069279365795135,-0.8593111559336634,-1.3896848030038162,-2.3978988341618703,3.4315617857731033,-3.2979039954068505,7.66992677336119,-6.594724893142789,-4.090831455487331
-7.799881777885802,-0.31723411618705993,3.0043375788511555,-1.864353166702521,-3.633827224939086,-3.9108375625330836,-2.998188117311245,6.1874436792807055,3.9404020618035234,-11.921435521919518,8.085412367571495,-0.06973084290702866,10.79462638852557,-3.3067797465150983,11.219127217643774,0.923776322098134,-7.459298995177221,5.620719552308475,4.917409415312356,7.669903997800878,-0.9958189533280735,-6.679354438988077,-0.05442936749426283,-2.3335899281310457,-2.8183439111827497,7.992574021093431,-6.148827470636891,2.312121038466647,-0.8066337444028793,6.7221074026641405,-0.046640901595984566,-4.410131928511336,2.8735501416751545,7.718826658001918,-0.10465111525803068,-2.3322504612165362,-2.912206695444745,-4.711662391673169,6.219738207316932,-6.777999703335855,12.503576279980972,-10.294840639700206,-6.456838343994993
1.4846121298311519,-0.1949415200727305,-0.5627960931771078,0.23427678305403765,0.33138640494112526,0.6770342118800823,0.7386555761479259,-0.9680774749150297,-0.6980063404440884,1.8292663772855609,-1.4959967611759875,-0.1324147789640543,-1.441778211282848,0.4815858933055031,-1.8098463776341163,-0.3967544576692516,1.5388280683578193,-0.971846628698581,-0.24401545826931023,-0.9958189533280735,0.2936968231349512,1.1662081203336312,0.023659023325849557,0.7049126751107289,0.5418247334522852,-1.612340886625532,0.8567202819867819,-0.43457704730327545,0.032205987945837,-1.0800808355614961,-0.03936879002759957,0.8368286691314845,-0.24448162424899392,-1.3846397529650425,-0.15854204545552106,0.5629542968329959,0.5970277796648995,0.8766506637254535,-1.052074936086273,1.3160414410697663,-1.7853541256546779,1.3636791221738658,0.8615114996794334
8.145675506860998,0.4468261647655664,-3.547182331185231,1.724358411213334,2.8489041408235565,3.7665583975724024,3.6003972420829404,-5.627707946393208,-4.268241729702746,11.676731354881634,-8.428184374736334,-0.18340321384587158,-9.742768181542388,3.292267616441853,-11.030673693704642,-1.1492327727384521,7.9816395297048555,-5.79589899411926,-3.619669480072078,-6.679354438988077,1.1662081203336312,7.066004626669505,-0.13789577482237383,3.059828940363253,3.0437697410110616,-7.9480885815651865,5.581400818418452,-2.6424648223632587,0.04446873833525352,-6.415450200929324,-0.47435810076756607,4.402653168100971,-2.127668398959875,-7.164112249088989,0.2530435274807689,2.2561417339903795,3.5447964763244793,4.981027360722351,-6.06521813426386,7.162538248383773,-11.539420075320884,8.994394941244058,5.728942576694389
0.1297426356305111,-0.3220359848085178,0.24018331720027092,-0.07041039460365449,0.08344120395163113,0.14129066780059976,-0.11772168417020597,-0.2236397183389228,0.07993118567197596,-0.16689239145133794,0.04832622464171336,-0.12751065955234592,0.00448788457558294,-0.08355767360635387,0.05926333745618459,-0.15627437582482426,0.016858464037608566,0.04283639513595051,0.00803978302779886,-0.05442936749426283,0.023659023325849557,-0.13789577482237383,0.1270824598669251,-0.013235020840088867,-0.19874377302705462,-0.24790376152080393,-0.02708000361218779,0.1860717963496183,0.26107524414806865,-0.06283670105751797,0.22982629865423782,0.02025418396392094,-0.09825863179202637,-0.4519814204742797,-0.23785054801708166,0.198199199861484,-0.16578990885159736,-0.08424175424542725,-0.05952551462115025,-0.12608356276782196,-0.0147612163503546,0.2013970389573031,0.009484243105050194
3.798307118755306,-0.2674589405059913,-1.5735860031341145,0.5808239636237817,0.7550246687829031,1.6616015366394097,1.907493417585328,-2.310570027466214,-1.8790923287322212,4.638209281142619,-3.8115636843643235,-0.35365190028650917,-3.4976725969121825,1.2655532588138911,-4.547452317649976,-0.9221631969048746,3.8789811583235445,-2.507625234096393,-0.540804444893665,-2.3335899281310457,0.7049126751107289,3.059828940363253,-0.013235020840088867,1.8370137392157868,1.3606692010893393,-3.868171553858996,2.053364754011599,-1.1655501872008973,-0.12389672806662892,-2.647413878515935,-0.2515682595048542,2.0255526505728896,-0.5107819344176329,-3.269024548893234,-0.21810916550982423,1.2763903138759822,1.6706244169765487,2.2484433053900497,-2.598366892028157,3.3153332834036924,-4.358453893539438,3.2245566432377823,2.044287773505756
3.0912132936661885,0.40067011549277626,-1.7739783775636198,0.8522666334988148,1.0194458902841506,1.340537675501306,1.8001070392176426,-2.047281714308346,-1.7789491025761726,5.089675103589884,-3.6102991677687895,0.17043202581610092,-4.123620056229058,1.4323587443745274,-4.705360169411904,-0.38680775998771405,3.4214493745952503,-2.4092457886231324,-1.3504883381470056,-2.8183439111827497,0.5418247334522852,3.0437697410110616,-0.19874377302705462,1.3606692010893393,1.748107573548804,-3.2426773002228115,2.472382582091509,-1.4066522010166855,-0.25822341145144967,-2.6338666918757023,-0.47532663203806674,1.9805465401461577,-0.730304768615367,-2.4054756563334174,0.23684092229633344,0.8384556708927681,1.5928604157181934,2.238639355117709,-2.491144677216672,3.3530612139950153,-4.854832632483217,3.481431556910663,2.4755174678879914
-10.09162576750675,0.7746987361182739,3.5161840398657804,-1.808486809940659,-3.4027237076915693,-4.879922023104009,-4.206967041491158,7.31332565651247,4.773249982549159,-13.270474270009315,10.001397620549149,0.6327976704645394,11.36116818412807,-3.5768668562454566,12.909642527954027,2.09906681215502,-9.831966693900391,6.730787697679964,3.7374503628489992,7.992574021093431,-1.612340886625532,-7.9480885815651865,-0.24790376152080393,-3.868171553858996,-3.2426773002228115,10.592773990781527,-6.5254100495804535,2.6620780531065655,-0.823147770573405,7.81207896841494,-0.11751163921082185,-5.4942640447061635,2.6403519905231136,9.947358520176847,0.6857754494392873,-3.5284153242827414,-3.7059447851823,-5.767585350696932,7.42616737887385,-8.419508370534096,13.602561088850791,-11.04473736809834,-6.7664258506546835
6.390749225031917,0.3538857518698943,-2.6377686609874695,1.5454844729447401,2.822572094449724,3.1310263962539278,2.6328611706677147,-4.91498941333103,-3.2974413586758677,9.825281460452745,-6.726670651338585,0.07841173610397843,-8.722541550989794,2.7360378636293783,-9.219581791472285,-0.7599308057655242,6.231477404384664,-4.651720809112478,-3.8060826665531713,-6.148827470636891,0.8567202819867819,5.581400818418452,-0.02708000361218779,2.053364754011599,2.472382582091509,-6.5254100495804535,5.0015774593938955,-2.0316027389257703,0.4630272989998859,-5.461239007945056,-0.12287745563750167,3.6537300254830383,-2.2033235618818523,-6.09618059103181,0.15469501970607505,1.868817572065125,2.534288140502449,3.9561546848436873,-5.076695405548957,5.723607877984871,-10.136319895899518,8.188341313994725,5.212820568701954
-2.7038233994588636,-0.4253592464072071,1.5399980450936597,-0.6995329807754572,-0.8535379849150401,-1.1533337702131692,-1.5023083165397217,1.721922604966949,1.570226811073429,-4.317062122547584,3.07495502097355,-0.10091322665713333,3.4358497058813433,-1.2381840601823384,3.9840104127158735,0.29997499900335595,-2.8922230013091417,2.0839084592007784,1.1535841887282956,2.312121038466647,-0.43457704730327545,-2.6424648223632587,0.1860717963496183,-1.1655501872008973,-1.4066522010166855,2.6620780531065655,-2.0316027389257703,1.1869447788429597,0.27836756810831836,2.2125317439468226,0.43442135570267,-1.616812324625726,0.5992024266998403,2.0230064299390893,-0.27690395973366533,-0.6484315886425832,-1.4239678361581114,-1.8972519525585114,2.0970056637526278,-2.7887642223147444,4.06074332256818,-2.9031440315789467,-2.0313650628215956
0.5550338673346417,-0.5132033042277152,0.38336484180167246,0.027060233696183704,0.5841250667484063,0.4944368007690483,-0.22542764006078003,-0.8750091150450322,-0.0017546066074181027,0.4758200984378476,-0.26567784840351344,-0.13286129807062083,-0.9110919712366774,0.062120507681556573,-0.5857250996543502,-0.21861651055736836,0.26795798685272104,-0.20139619497321037,-0.6839605443968484,-0.8066337444028793,0.032205987945837,0.04446873833525352,0.26107524414806865,-0.12389672806662892,-0.25822341145144967,-0.823147770573405,0.4630272989998859,0.27836756810831836,0.6909802111908543,-0.5632747244471379,0.5299703856130854,0.25750612239819526,-0.5515958165560154,-1.3240872913182167,-0.4006163282273703,0.4514474744888028,-0.28190666851730983,0.03707402908654317,-0.4841721727211377,0.031932294511687005,-1.0116845079328274,1.2995520163742555,0.5867890999835258
-7.71177899676053,-0.03845091893283074,2.937520656970887,-1.6184558555638875,-3.0393997443515888,-3.7527804189778036,-3.104117901261739,5.73901609762169,3.8429951223452012,-10.973563465240364,7.821436573774229,0.2090974959898773,9.5835631446316345,-3.032642881846216,10.45436707520227,1.1758536167982125,-7.411364200744765,5.3806256231372265,3.8415921456267395,6.7221074026641405,-1.0800808355614961,-6.415450200929324,-0.06283670105751797,-2.647413878515935,-2.6338666918757023,7.81207896841494,-5.461239007945056,2.2125317439468226,-0.5632747244471379,6.246679041351648,0.04524471694272486,-4.2117820031433695,2.3596878367437055,7.422083091268347,0.06279880971852511,-2.3755244950877614,-2.9695153554358678,-4.548516196509743,5.860692721061352,-6.551003048463395,11.273631625208742,-9.157434491092665,-5.6914995358811735
-0.07527150516211835,-0.5055451007348383,0.57309151212554,-0.14619714589450855,0.19059322519576122,0.14139585012045902,-0.41932622405318876,-0.28001146696049617,0.29463187283351217,-0.5585928753975945,0.3879464352228484,-0.16025685405250756,0.1200499559550849,-0.21556435319114078,0.3880228960018524,-0.15357671496109898,-0.3187451229828388,0.25573192454564275,-0.13769346174399738,-0.046640901595984566,-0.03936879002759957,-0.47435810076756607,0.22982629865423782,-0.2515682595048542,-0.47532663203806674,-0.11751163921082185,-0.12287745563750167,0.43442135570267,0.5299703856130854,0.04524471694272486,0.46306632321439684,-0.1275964617602246,-0.22690547957979143,-0.5882098235167036,-0.37694562028393475,0.22934739855366648,-0.4544399044108252,-0.3353689733826607,0.06735730099407303,-0.5099438743344362,0.15638516425287066,0.2774288958633242,-0.043702039626553335
5.257669677035901,-0.09926763703835341,-2.1055044379990613,1.0902943106388459,1.844725424596587,2.499891984920893,2.3506891722912253,-3.782745090026938,-2.6230726162989515,7.409794228974961,-5.431505622456139,-0.15956932173282748,-6.308024440511753,2.0256212976795043,-7.091410950182628,-0.9408065212228607,5.254485917224999,-3.6656936505028437,-2.1884052856644427,-4.410131928511336,0.8368286691314845,4.402653168100971,0.02025418396392094,2.0255526505728896,1.9805465401461577,-5.4942640447061635,3.6537300254830383,-1.616812324625726,0.25750612239819526,-4.2117820031433695,-0.1275964617602246,2.9821360416747584,-1.4139618432404912,-4.9561341423687875,-0.14228288165581118,1.715434714039959,2.1013026359073432,3.1934587682538305,-3.9855658727129724,4.682725519495644,-7.488365168894776,5.931131749647328,3.766017911328933
-2.6005395237457436,-0.09004885171443147,0.7882771084255222,-0.6420298757708837,-1.530651899997503,-1.4158210405019451,-0.7163103336479283,2.3201725158194897,1.249398052453154,-4.058411320917402,2.58215510287934,-0.041533495380921756,3.9582823342345264,-1.1227319624918939,3.813230272774188,0.21589310974962084,-2.2867714371073635,1.854934093441835,2.16579333604695,2.8735501416751545,-0.24448162424899392,-2.127668398959875,-0.09825863179202637,-0.5107819344176329,-0.730304768615367,2.6403519905231136,-2.2033235618818523,0.5992024266998403,-0.5515958165560154,2.3596878367437055,-0.22690547957979143,-1.4139618432404912,1.2502727968131524,2.8763723781771944,-0.017014753916124788,-0.7804270250309342,-0.7825729175454079,-1.454670627130895,2.140901927795276,-2.0352857696251574,4.505087356828867,-3.9471722925459516,-2.3735894022045345
-9.633376958138612,1.0041628625088033,2.76679309551277,-1.5882988929422757,-3.6175961619165986,-4.858315616860187,-3.3763626953184374,7.3303007477447455,4.344579841156532,-12.183091666770032,9.09343884976747,0.7966111333390099,10.855720456092524,-3.2624621847360937,11.96370172790048,1.9736714929265378,-8.876739347287485,6.220524166593801,4.092662373273553,7.718826658001918,-1.3846397529650425,-7.164112249088989,-0.4519814204742797,-3.269024548893234,-2.4054756563334174,9.947358520176847,-6.09618059103181,2.0230064299390893,-1.3240872913182167,7.422083091268347,-0.5882098235167036,-4.9561341423687875,2.8763723781771944,10.107105931885883,0.8273983003389374,-3.4263569629988297,-3.120324337367892,-5.098387921485302,7.012076183390019,-7.301021069928182,12.930386683256383,-11.022046070748416,-6.441383933458393
-0.2870675023806187,0.8076568070185398,-0.3941579391819127,0.17978546095009693,0.08819634332486087,-0.2307530042540404,-0.004837929998550232,0.31550616126406733,-0.16273378740832617,0.4440737256719902,0.004344102345230788,0.29739615237470424,-0.2941502327838934,0.22024572596636158,-0.18244275860055242,0.4851029783580762,-0.25155020751684376,-0.0885794619493957,-0.5069279365795135,-0.10465111525803068,-0.15854204545552106,0.2530435274807689,-0.23785054801708166,-0.21810916550982423,0.23684092229633344,0.6857754494392873,0.15469501970607505,-0.27690395973366533,-0.4006163282273703,0.06279880971852511,-0.37694562028393475,-0.14228288165581118,-0.017014753916124788,0.8273983003389374,0.6057717859654588,-0.5122087540268705,0.2492928961433263,0.08401526017383863,0.1004073705769395,0.048076208001161636,-0.2175218076135324,-0.05130298618694038,0.13411404584694078
3.1944750859768574,-0.6475081459822173,-0.8516429881794794,0.4480124523641266,0.9790787872972276,1.5935238336337023,1.2577436067730587,-2.3634398254885887,-1.3582049847298465,3.746200908943274,-3.006714906059616,-0.35694700217340164,-3.251671944568402,0.9577271982700584,-3.77872438321142,-0.8778198851391258,3.0808328765260393,-1.977129825174065,-0.8593111559336634,-2.3322504612165362,0.5629542968329959,2.2561417339903795,0.198199199861484,1.2763903138759822,0.8384556708927681,-3.5284153242827414,1.868817572065125,-0.6484315886425832,0.4514474744888028,-2.3755244950877614,0.22934739855366648,1.715434714039959,-0.7804270250309342,-3.4263569629988297,-0.5122087540268705,1.3253150118709125,0.9884035250559173,1.6849800677490328,-2.2820704378653267,2.4935248199261184,-3.9620613037737473,3.343040935991477,1.9534815970485966
3.955898041147513,0.37036398661332326,-1.9375404732174437,0.8152553934895872,1.1249518859381318,1.716171569083316,1.9325048865729486,-2.465389180623139,-2.1675649867547855,5.59869799212968,-4.154952679837999,-0.1124971932235188,-4.39014714812106,1.6070490321060102,-5.261571854165534,-0.5524122172644523,3.9628495606349787,-2.8458368231277773,-1.3896848030038162,-2.912206695444745,0.5970277796648995,3.5447964763244793,-0.16578990885159736,1.6706244169765487,1.5928604157181934,-3.7059447851823,2.534288140502449,-1.4239678361581114,-0.28190666851730983,-2.9695153554358678,-0.4544399044108252,2.1013026359073432,-0.7825729175454079,-3.120324337367892,0.2492928961433263,0.9884035250559173,1.9361548710995025,2.4926780772948574,-2.8464680253498926,3.58670934114468,-5.269139882764857,3.89099749962543,2.547535650277105
5.757289780898758,0.19935402922218845,-2.514214590598636,1.2196442727839125,1.949772730024013,2.6573456818299097,2.640872480333431,-3.974369546441594,-2.9952552771385874,8.236457096019208,-6.004630383674514,-0.131230877678438,-6.850770606141111,2.301186046025869,-7.806407511505259,-0.8978154785344382,5.743651585049263,-4.087249282407735,-2.3978988341618703,-4.711662391673169,0.8766506637254535,4.981027360722351,-0.08424175424542725,2.2484433053900497,2.238639355117709,-5.767585350696932,3.9561546848436873,-1.8972519525585114,0.03707402908654317,-4.548516196509743,-0.3353689733826607,3.1934587682538305,-1.454670627130895,-5.098387921485302,0.08401526017383863,1.6849800677490328,2.4926780772948574,3.560152745593139,-4.311461341176749,5.171772500341341,-8.135173658335537,6.303188882611956,4.0499770891322955
-7.335009371373877,0.023061338950198528,2.794524300963456,-1.4953664896177903,-2.7743491719628164,-3.542908936494744,-2.9958015845845507,5.379037539297407,3.6456939331424643,-10.282915888040804,7.415549651517348,0.2521414742442168,8.897382376005254,-2.8383476112237136,9.820849791446001,1.176904595040519,-7.069206661523766,5.084461321826894,3.4315617857731033,6.219738207316932,-1.052074936086273,-6.06521813426386,-0.05952551462115025,-2.598366892028157,-2.491144677216672,7.42616737887385,-5.076695405548957,2.0970056637526278,-0.4841721727211377,5.860692721061352,0.06735730099407303,-3.9855658727129724,2.140901927795276,7.012076183390019,0.1004073705769395,-2.2820704378653267,-2.8464680253498926,-4.311461341176749,5.519970848152104,-6.219964094877097,10.50708110672455,-8.499710263698775,-5.2776407100220215
8.244251283064543,0.20483873195821156,-3.6521632453931314,1.7710168422119101,2.7314418244630607,3.7924897362464156,3.914441489172602,-5.680625535190491,-4.284533259271642,11.861816710123499,-8.689848288355874,-0.16112707826919956,-9.835704170609153,3.2935730675144654,-11.251233310338394,-1.3547638064904632,8.360439074500718,-5.870985771665996,-3.2979039954068505,-6.777999703335855,1.3160414410697663,7.162538248383773,-0.12608356276782196,3.3153332834036924,3.3530612139950153,-8.419508370534096,5.723607877984871,-2.7887642223147444,0.031932294511687005,-6.551003048463395,-0.5099438743344362,4.682725519495644,-2.0352857696251574,-7.301021069928182,0.048076208001161636,2.4935248199261184,3.58670934114468,5.171772500341341,-6.219964094877097,7.577395245127942,-11.695566346385311,8.99785778882016,5.841166039516906
-13.495600540301892,-0.554016902807502,5.352099886158457,-3.0781411271498165,-5.7819733451413535,-6.60998529027692,-5.386932186159446,10.270873308369952,6.873233048580299,-20.104616951579352,13.925879273287265,0.06017691486551181,17.783363015909032,-5.599910650871262,18.960539226327807,1.7155127689008247,-12.962724449718856,9.650549538846342,7.66992677336119,12.503576279980972,-1.7853541256546779,-11.539420075320884,-0.0147612163503546,-4.358453893539438,-4.854832632483217,13.602561088850791,-10.136319895899518,4.06074332256818,-1.0116845079328274,11.273631625208742,0.15638516425287066,-7.488365168894776,4.505087356828867,12.930386683256383,-0.2175218076135324,-3.9620613037737473,-5.269139882764857,-8.135173658335537,10.50708110672455,-11.695566346385311,20.739770205118962,-16.854858732801933,-10.582339177165911
10.908735371344063,0.1374040828080188,-3.8555881830880034,2.4076207278550905,4.98245453264965,5.5170791344799115,3.920559819065641,-8.63824545801327,-5.363868948651789,15.954821602498619,-10.965060735487462,-0.16714092774931844,-14.500410882500123,4.4076021591122,-15.135891158420403,-1.4223567452512975,10.173325522865365,-7.6492818904809505,-6.594724893142789,-10.294840639700206,1.3636791221738658,8.994394941244058,0.2013970389573031,3.2245566432377823,3.481431556910663,-11.04473736809834,8.188341313994725,-2.9031440315789467,1.2995520163742555,-9.157434491092665,0.2774288958633242,5.931131749647328,-3.9471722925459516,-11.022046070748416,-0.05130298618694038,3.343040935991477,3.89099749962543,6.303188882611956,-8.499710263698775,8.99785778882016,-16.854858732801933,14.10278007952491,8.640714871947871
6.622661603717226,0.32960195374560514,-2.6428086297107156,1.600572627443386,3.0225435104891156,3.2871917033415414,2.6270368302323024,-5.1828438636599685,-3.386182962258302,10.166195862061961,-6.917665637478318,0.07188957254743036,-9.127429361536093,2.825531332083346,-9.551016691356537,-0.772731896858003,6.387665475496829,-4.799680221797172,-4.090831455487331,-6.456838343994993,0.8615114996794334,5.728942576694389,0.009484243105050194,2.044287773505756,2.4755174678879914,-6.7664258506546835,5.212820568701954,-2.0313650628215956,0.5867890999835258,-5.6914995358811735,-0.043702039626553335,3.766017911328933,-2.3735894022045345,-6.441383933458393,0.13411404584694078,1.9534815970485966,2.547535650277105,4.0499770891322955,-5.2776407100220215,5.841166039516906,-10.582339177165911,8.640714871947871,5.45746105809229
