V1,V2,V3,V4,V5,V6,V7,V8,V9,V10,V11,V12,V13,V14,V15,V16,V17,V18,V19,V20,V21,V22,V23,V24,V25,V26,V27,V28,V29,V30,V31,V32,V33,V34,V35,V36,V37,V38,V39,V40,V41,V42,V43
1.9954437401140248,-2.1832231580522916,3.5319756308170107,-2.8159680048439637,-2.9354417483000175,-1.2619121707569492,-2.3632240465584458,0.674847958996494,0.2571813741876975,1.5737086467860968,0.9744154733041744,0.30722087663928954,2.1588197080725657,1.256426782286115,0.5915541286445757,-3.2799781024700008,0.836438707139103,-1.3547907566048853,-0.6858000145503903,1.2632103581460767,0.4857613744297579,-0.14558641243694947,0.7971845504441756,-0.977682652448448,-0.3687716118308064,-0.6118414931324934,-0.5728993427159086,-2.781517500902275,-2.8101912766812394,-0.7179239676713814,-0.3432639154463088,-1.149513074262892,1.9303199883366746,0.5076333779418474,0.6296544391268547,-0.48834886674552824,1.588083345747756,-1.2115985934766687,-1.7384765175455499,-1.4470650984191995,-1.2869872455131213,-3.352922841104622,-1.3882381636227383
-2.1832231580522916,2.6954753306339323,-4.084625273248059,3.2502316842103642,2.9649661874752464,1.396569579539842,2.390708371892707,-1.4327339492270956,-0.46984778485874157,-1.7401121813143432,-0.9680994347308233,-0.017349487669328176,-2.4680767641165406,-1.426915523093841,-1.1578606203377444,3.673628913056769,-1.137817703938891,1.5886528827100284,0.21785570307241753,-1.4990149012287008,-1.0894782746060452,-0.033014892037186806,-1.0048713023117113,1.165527925238629,0.7535953527764351,0.4572806306188904,0.5956391752922263,2.912670430261761,3.2055949531085393,0.5876201156857691,0.47339244887597304,1.1843252217925055,-2.288599258596741,-0.5064532693441193,-0.19540810213086482,-0.06434741241050089,-1.9207318428263547,1.212362535510017,0.8199055557656793,2.0134935503537172,1.2174522965176413,2.9507737105523506,1.3649326272457944
3.5319756308170107,-4.084625273248059,6.424670547098425,-5.1094596539574235,-5.120596803000339,-2.2538952019835166,-4.111869494114312,1.564963081716527,0.5779046496734999,2.7801016521817417,1.6357737097144582,0.39496745583595416,3.910596385747296,2.274269627596355,1.3332635351172832,-5.9044916414733795,1.6093390330629596,-2.479383970574181,-0.9298640304279022,2.2987159238701738,1.136242714299781,-0.18555794334325218,1.494442303043913,-1.826203792194261,-0.8433155039691932,-0.9871949722516178,-1.0270501103949072,-4.859189332915645,-5.069650080411288,-1.1647303564515274,-0.6427213653648758,-2.0115149139172335,3.5586824160705812,0.8525493565993111,0.8436741738719806,-0.5687547821740587,2.946620610091894,-2.093925817355147,-2.5398643407197747,-2.8169676040071328,-2.193763975799934,-5.607630602109768,-2.4221478496273403
-2.8159680048439637,3.2502316842103642,-5.1094596539574235,4.0780030712866475,4.00461291656889,1.791404572254622,3.2332276578173533,-1.3391230727304493,-0.4653875954334231,-2.231305289482729,-1.3213661906698329,-0.2565774553775195,-3.106915757258831,-1.8004930936164736,-1.117551843513471,4.676946294657838,-1.3039524717045088,1.968165993702417,0.6761331649688191,-1.8504558745300161,-0.9943242466650185,0.1024935698329894,-1.1928313366595513,1.4268056355228653,0.7168904914451574,0.7518262774281688,0.7870640465131451,3.8547386666710666,4.039851419302304,0.9063072461881312,0.5437915422610584,1.5817318041120894,-2.8268251353154303,-0.6914943481476711,-0.616886923501839,0.3563770489507548,-2.3460444574742088,1.644093623454277,1.8575561570952839,2.280058480569022,1.7146521633669407,4.340340336361002,1.870958742179573
-2.9354417483000175,2.9649661874752464,-5.120596803000339,4.00461291656889,5.649957069228608,1.9172261812299838,4.432872153308987,1.053041773042596,-0.07098728197266493,-2.1087767848022265,-1.274919841760844,-1.6535017530366745,-3.183686159962641,-1.907233182884397,0.4992512672695052,5.1443778855697655,-0.6863637552487919,1.9473415764907698,2.585869731927194,-1.4579061719525386,1.1913123171032938,1.125709898137629,-0.9506654176852719,1.682323471664456,-0.5307450206680292,1.7564865475154756,1.249389451663363,4.486841422237146,4.021786214429472,1.6379532977504778,0.021298900617145632,2.0783643079174996,-2.855772327772539,-0.641260328548897,-2.296823764200218,2.7588990270198295,-2.2137901250667884,2.222093761869087,6.240945406112338,1.1573467587079187,2.611278657850158,7.613409129602075,3.0279561378252704
-1.2619121707569492,1.396569579539842,-2.2538952019835166,1.791404572254622,1.9172261812299838,0.809514090343548,1.5372333102252873,-0.3697762598176722,-0.1607810135729547,-0.9850279830502241,-0.5980038956300221,-0.23626409622064168,-1.3797186979844442,-0.8064449737064776,-0.33886427630501625,2.1058901637231897,-0.5177359166778572,0.8686225365288613,0.4754066910458695,-0.787670488638816,-0.2473971921514892,0.13035647017464388,-0.5042455398466661,0.6461194452448,0.20325172343180242,0.42096653812618573,0.3831920059929055,1.7706042682670387,1.7869781184221918,0.4726384749696487,0.19804768653426494,0.7429741472069676,-1.2400964532781626,-0.31060721264244073,-0.4356427694073473,0.37791798497610385,-1.012142967215305,0.7835642999163769,1.220396144941786,0.8988384813061103,0.8378962494682297,2.219009124771171,0.92395055347641
-2.3632240465584458,2.390708371892707,-4.111869494114312,3.2332276578173533,4.432872153308987,1.5372333102252873,3.499381634659468,0.6968532954580055,-0.07058956783657896,-1.7192834160692128,-1.0457305702204416,-1.2399751262400316,-2.5514881187872627,-1.5201485109729327,0.30881384786849303,4.1027166010136495,-0.5894811901967039,1.5614006488309278,1.9709690699757867,-1.2006032771209316,0.8167069509885416,0.8361434832747991,-0.7745346298626449,1.321124830436779,-0.35562581477335603,1.3578210195524612,0.9611979982315476,3.5789616847010928,3.2399806928858417,1.2807791185279902,0.06263647858201735,1.639580236960626,-2.2901042559616887,-0.5296481158397318,-1.7542443628044673,2.067044975266279,-1.7827126925211398,1.7512664907749727,4.754797720206531,0.9949928736755053,2.0456530699428424,5.921658360989352,2.3503705087615
0.674847958996494,-1.4327339492270956,1.564963081716527,-1.3391230727304493,1.053041773042596,-0.3697762598176722,0.6968532954580055,3.758993235935623,0.7195950942259894,0.8240577344570609,0.42289501980714433,-1.86474468086694,0.8534552139722809,0.4160894357824085,2.620891068846122,-0.7961037361479926,1.2682221071289277,-0.6502224892580172,2.4895638718738105,1.1008636052514116,3.3495575822620745,1.3834550048945455,0.7217066824536676,-0.12623961359980237,-1.9680650965096653,1.1809122511928702,0.37588365316810307,-0.2675302138241449,-1.25880268446483,0.7625337460365036,-0.8697071735123791,0.20880889783329437,0.8442941206580682,0.2533058725440887,-2.1871043602389446,3.2431226760601106,0.9187779292618512,0.3039536123141562,5.572004524802021,-2.288094841971027,0.7378607654666856,3.2557601683183806,1.0125394412783506
0.2571813741876975,-0.46984778485874157,0.5779046496734999,-0.4653875954334231,-0.07098728197266493,-0.1607810135729547,-0.07058956783657896,0.7195950942259894,0.17228812853904263,0.2390801708540518,0.09878242268918092,-0.2881322596868172,0.3317872235946907,0.18179298585257095,0.5251304575981091,-0.4220539210634125,0.2954276723048756,-0.23460450345416745,0.3987954353388041,0.27870510356620215,0.6079187543978772,0.20566257275368066,0.20063225715322486,-0.140374816869611,-0.3757612563959468,0.15100025883699128,-0.004875006505346171,-0.2401033690366774,-0.4429669198649683,0.08976833320119258,-0.1584894906991465,-0.0583664433759098,0.3344330047765607,0.05541361458707011,-0.3588514628447853,0.5222798132615875,0.3149905042319878,-0.03885184077120159,0.8349675578805043,-0.5378894239160847,0.028069625926685333,0.3006701306445467,0.03403688955986026
1.5737086467860968,-1.7401121813143432,2.7801016521817417,-2.231305289482729,-2.1087767848022265,-0.9850279830502241,-1.7192834160692128,0.8240577344570609,0.2390801708540518,1.2757438156590677,0.8023164187728993,0.064562090213722,1.692212733846759,0.9761889795129265,0.6566479570481295,-2.525898384647091,0.7343275946827086,-1.0686485911381784,-0.3154461909588988,1.0534138582769679,0.6617336057982057,0.02365172703408394,0.6565153590705112,-0.7236487464077459,-0.44248265593471986,-0.35697522618897437,-0.3838527635229714,-2.135310990029556,-2.225788879731048,-0.4845621331689595,-0.34571028087163913,-0.8461757407983,1.5062465909365201,0.4217611311227975,0.304549357251928,-0.08802727914837229,1.2575620007237487,-0.8901334247236851,-0.8351527970706865,-1.2720088542336978,-0.9067504736169167,-2.246750277493603,-0.9399294113501806
0.9744154733041744,-0.9680994347308233,1.6357737097144582,-1.3213661906698329,-1.274919841760844,-0.5980038956300221,-1.0457305702204416,0.42289501980714433,0.09878242268918092,0.8023164187728993,0.5589477038665133,0.05043144809961084,1.003716455293303,0.5786961964590862,0.3299562113265861,-1.4950398088448624,0.4149087656753078,-0.6215072628912741,-0.2594194502084974,0.6471354796141966,0.36966515910899606,0.02838444300244182,0.3717596240435525,-0.380218603455439,-0.23998568046329066,-0.21872157639413717,-0.21064401539829686,-1.3405733302073348,-1.3334899639235633,-0.32386915994241505,-0.2213317311717256,-0.5154732254643424,0.8522235365859098,0.29498334508215496,0.25842719470298237,-0.09969606901878869,0.7109831643222755,-0.5552325067948676,-0.5955076416148789,-0.7023727824716218,-0.5703247960773693,-1.423316143481991,-0.5453918408117772
0.30722087663928954,-0.017349487669328176,0.39496745583595416,-0.2565774553775195,-1.6535017530366745,-0.23626409622064168,-1.2399751262400316,-1.86474468086694,-0.2881322596868172,0.064562090213722,0.05043144809961084,1.1734409220430453,0.29489190481454464,0.21789421622602162,-1.245886507530329,-0.7372244816749157,-0.4092780546256204,-0.12748035054796983,-1.6259199820802142,-0.18880777050042838,-1.7300521252620005,-0.858197017949452,-0.1126044178626285,-0.3178869931070614,0.9786771750524018,-0.8952491488705768,-0.4363727532165143,-0.8030916260854191,-0.2883012389040345,-0.6719933215580014,0.3863917266631959,-0.5275322696387855,0.2470685554298382,0.006319834912627842,1.4272882369901396,-2.0046994622396594,0.0755592542027782,-0.5944951669458933,-3.757434818862337,0.7499786226295679,-0.8683387014177372,-3.022089815425603,-1.0945225537204724
2.1588197080725657,-2.4680767641165406,3.910596385747296,-3.106915757258831,-3.183686159962641,-1.3797186979844442,-2.5514881187872627,0.8534552139722809,0.3317872235946907,1.692212733846759,1.003716455293303,0.29489190481454464,2.384562044719222,1.3897227312454539,0.7430477859828882,-3.612556677962882,0.9536285268357225,-1.5081505961120718,-0.6461669775705354,1.3876450993955753,0.6061335666220724,-0.15051248026814365,0.8985644891290127,-1.1167529600256656,-0.4644390954322193,-0.6395205328894192,-0.6414236035882436,-2.990647247795326,-3.087288380818941,-0.7411582578212633,-0.3727462782869523,-1.2448193271667978,2.1623558072848605,0.5223068952896694,0.5866452136952526,-0.4440370749229387,1.7838782691168638,-1.3002939469139085,-1.7241872898954227,-1.6659724289301405,-1.3732597739178527,-3.5499863720808764,-1.517630489936362
1.256426782286115,-1.426915523093841,2.274269627596355,-1.8004930936164736,-1.907233182884397,-0.8064449737064776,-1.5201485109729327,0.4160894357824085,0.18179298585257095,0.9761889795129265,0.5786961964590862,0.21789421622602162,1.3897227312454539,0.813667740890727,0.3794697467117968,-2.11641536127779,0.5339062900300616,-0.8782227740850878,-0.4355957337537906,0.7929781132417445,0.2794045566319266,-0.1220947764406245,0.5158564648692874,-0.6618947177790369,-0.2304213018960552,-0.4027095328866258,-0.39149673770010335,-1.7569466685899546,-1.7931658817906178,-0.4531863079077871,-0.1962497844592811,-0.7399269166405326,1.2577954386750252,0.2998450033066539,0.39455560506491383,-0.3386870108215894,1.032253967425037,-0.7754518846435648,-1.1448248570565933,-0.9321233453525748,-0.8267505798538726,-2.171241778777266,-0.9231581851973981
0.5915541286445757,-1.1578606203377444,1.3332635351172832,-1.117551843513471,0.4992512672695052,-0.33886427630501625,0.30881384786849303,2.620891068846122,0.5251304575981091,0.6566479570481295,0.3299562113265861,-1.245886507530329,0.7430477859828882,0.3794697467117968,1.845192687587741,-0.7886639649141665,0.929680543250321,-0.5471563373583652,1.6628026036960502,0.8355405563903948,2.314706640119259,0.9223779925318891,0.5551995993824026,-0.17677861137463202,-1.3752302884432213,0.7630463769192535,0.20072990628061474,-0.366198819338877,-1.0581228287281501,0.47900407644260473,-0.6061045099989039,0.058931615881891,0.7309984103002473,0.19337761637971462,-1.465617557432585,2.1792880102704704,0.7563635950825586,0.1241545260351428,3.6869550439305425,-1.6782605024895063,0.4123679010290019,1.9859642384436322,0.5754591470868011
-3.2799781024700008,3.673628913056769,-5.9044916414733795,4.676946294657838,5.1443778855697655,2.1058901637231897,4.1027166010136495,-0.7961037361479926,-0.4220539210634125,-2.525898384647091,-1.4950398088448624,-0.7372244816749157,-3.612556677962882,-2.11641536127779,-0.7886639649141665,5.549286717123346,-1.3126433466615932,2.271312601676582,1.3694481091243822,-2.0073718277161885,-0.4588605941592902,0.4437576490934855,-1.3071668104503607,1.7429144052076537,0.4376719011066876,1.1791701562358297,1.0636659733679377,4.636603097614754,4.654691566423148,1.269171487913211,0.45374905467057997,1.9812214162811541,-3.276324316953139,-0.7725413595880847,-1.229316799444447,1.1671972067961198,-2.6699130346149245,2.079226968937231,3.5129073009153866,2.285610866339085,2.2561350876264914,6.031386893739471,2.532808219952767
0.836438707139103,-1.137817703938891,1.6093390330629596,-1.3039524717045088,-0.6863637552487919,-0.5177359166778572,-0.5894811901967039,1.2682221071289277,0.2954276723048756,0.7343275946827086,0.4149087656753078,-0.4092780546256204,0.9536285268357225,0.5339062900300616,0.929680543250321,-1.3126433466615932,0.6306381311777414,-0.6334410340823108,0.4719193999288631,0.7152767341391401,1.0811432769363538,0.32386535177005743,0.4678434338188442,-0.3760487727800653,-0.6676951496967393,0.12121761671006083,-0.0954090440242033,-0.9787887636682098,-1.2760783929894768,-0.02007991319800917,-0.3453842778757642,-0.32265819745118635,0.8860063642585357,0.22466826686697616,-0.4096071772120765,0.734446042942064,0.7906404973839969,-0.31353207633979124,0.9691853520811178,-1.1215985570856986,-0.219082978289486,-0.20535345265895702,-0.1918353385841855
-1.3547907566048853,1.5886528827100284,-2.479383970574181,1.968165993702417,1.9473415764907698,0.8686225365288613,1.5614006488309278,-0.6502224892580172,-0.23460450345416745,-1.0686485911381784,-0.6215072628912741,-0.12748035054796983,-1.5081505961120718,-0.8782227740850878,-0.5471563373583652,2.271312601676582,-0.6334410340823108,0.9624326885081061,0.31432233536942383,-0.889747668005514,-0.47875594400403765,0.055553851464766546,-0.5858504350440622,0.7116260685244479,0.34833301105535625,0.3619064845034283,0.39207437284259183,1.8530820985023575,1.9554972044026255,0.4326896657742363,0.252542356432196,0.7654817404212708,-1.3752477579129878,-0.3233575338062733,-0.2884240616322465,0.17608398705993306,-1.139045915482645,0.7968344302338215,0.8935682167078705,1.1122652323366051,0.8237541631884447,2.0968062032074863,0.9183134723514369
-0.6858000145503903,0.21785570307241753,-0.9298640304279022,0.6761331649688191,2.585869731927194,0.4754066910458695,1.9709690699757867,2.4895638718738105,0.3987954353388041,-0.3154461909588988,-0.2594194502084974,-1.6259199820802142,-0.6461669775705354,-0.4355957337537906,1.6628026036960502,1.3694481091243822,0.4719193999288631,0.31432233536942383,2.338577059123101,0.08644561587815246,2.2929337193237047,1.1585133013407345,0.07731035694370879,0.4910095116823531,-1.296835003445776,1.28569954856523,0.634693955006285,1.4746587589118862,0.7277437447315648,1.0228699298591024,-0.46127483178219814,0.8567082035770119,-0.5211685776754515,-0.11052567367466995,-2.0670119010338626,2.7957890886434265,-0.25704671020227104,0.9644505246552149,5.35372288646071,-0.8891318946320788,1.3501799490795878,4.5404387260900165,1.6204262079352876
1.2632103581460767,-1.4990149012287008,2.2987159238701738,-1.8504558745300161,-1.4579061719525386,-0.787670488638816,-1.2006032771209316,1.1008636052514116,0.27870510356620215,1.0534138582769679,0.6471354796141966,-0.18880777050042838,1.3876450993955753,0.7929781132417445,0.8355405563903948,-2.0073718277161885,0.7152767341391401,-0.889747668005514,0.08644561587815246,0.9345542409982834,0.9229787220800314,0.18916339297330617,0.5855900773399803,-0.5671679282927589,-0.5934901451077947,-0.11362036191798011,-0.24953426212401114,-1.6366403663391649,-1.8332244364594261,-0.26191405203287876,-0.36494553383832684,-0.6108028551823671,1.246717630802255,0.3442939005321489,-0.05806430801946238,0.3479421864174674,1.0699281407869834,-0.6292568983298876,0.09001594391943392,-1.2528961439110926,-0.5907757942136137,-1.2775887570045146,-0.5848543573812556
0.4857613744297579,-1.0894782746060452,1.136242714299781,-0.9943242466650185,1.1913123171032938,-0.2473971921514892,0.8167069509885416,3.3495575822620745,0.6079187543978772,0.6617336057982057,0.36966515910899606,-1.7300521252620005,0.6061335666220724,0.2794045566319266,2.314706640119259,-0.4588605941592902,1.0811432769363538,-0.47875594400403765,2.2929337193237047,0.9229787220800314,3.022088158973304,1.2946089938439276,0.58645299163325,-0.0021149412081795235,-1.7603163060223164,1.1307386957580239,0.4051017969577829,-0.06979444363914479,-0.9355467958663102,0.7327760852081884,-0.7821542571539182,0.2771199316398892,0.5849666641404181,0.22357745803889287,-2.0039354116992887,2.9842798800552792,0.6850098176835142,0.3580314672440634,5.1901436712154565,-1.9451814771452955,0.762712724610513,3.202796205986255,1.0533714638803275
-0.14558641243694947,-0.033014892037186806,-0.18555794334325218,0.1024935698329894,1.125709898137629,0.13035647017464388,0.8361434832747991,1.3834550048945455,0.20566257275368066,0.02365172703408394,0.02838444300244182,-0.858197017949452,-0.15051248026814365,-0.1220947764406245,0.9223779925318891,0.4437576490934855,0.32386535177005743,0.055553851464766546,1.1585133013407345,0.18916339297330617,1.2946089938439276,0.6416171945333287,0.10486315926646776,0.22341239269859675,-0.7286892118956549,0.6444418271438659,0.31286875013912485,0.4770677282570798,0.11750623017955814,0.462375651515225,-0.3046903020090007,0.34961428449843734,-0.13889567466708702,0.029646298483035707,-1.0103572890891677,1.4572556550999196,-0.01917388913523071,0.39087920430992573,2.6995920703637393,-0.5847226348012715,0.5925937004148466,2.1062805900191597,0.7740388916028144
0.7971845504441756,-1.0048713023117113,1.494442303043913,-1.1928313366595513,-0.9506654176852719,-0.5042455398466661,-0.7745346298626449,0.7217066824536676,0.20063225715322486,0.6565153590705112,0.3717596240435525,-0.1126044178626285,0.8985644891290127,0.5158564648692874,0.5551995993824026,-1.3071668104503607,0.4678434338188442,-0.5858504350440622,0.07731035694370879,0.5855900773399803,0.58645299163325,0.10486315926646776,0.3910869919957156,-0.40310217175723,-0.37922089889934235,-0.07926114017653185,-0.1779637536778803,-1.0238751522710956,-1.180166786624913,-0.1568943707688929,-0.21864789471585883,-0.39341355406494255,0.828293402308513,0.19574152706177028,-0.06229944047973495,0.22295774034055643,0.7077751770367295,-0.4011954294504918,0.06506515201176653,-0.8288252483234496,-0.37053164805515,-0.8099199941362161,-0.40069954547760867
-0.977682652448448,1.165527925238629,-1.826203792194261,1.4268056355228653,1.682323471664456,0.6461194452448,1.321124830436779,-0.12623961359980237,-0.140374816869611,-0.7236487464077459,-0.380218603455439,-0.3178869931070614,-1.1167529600256656,-0.6618947177790369,-0.17677861137463202,1.7429144052076537,-0.3760487727800653,0.7116260685244479,0.4910095116823531,-0.5671679282927589,-0.0021149412081795235,0.22341239269859675,-0.40310217175723,0.6045333190100936,0.06414714982140997,0.4260264805425444,0.3793476426216108,1.4019432563254048,1.4165918059292588,0.4094740042106141,0.08256760556691613,0.6322555312286418,-1.0426870632311624,-0.1917694821243815,-0.4300388657907444,0.4947192588629858,-0.837838648410235,0.6588752748068276,1.307619623166394,0.66702393925364,0.726309408809791,2.01016732549154,0.876561453123305
-0.3687716118308064,0.7535953527764351,-0.8433155039691932,0.7168904914451574,-0.5307450206680292,0.20325172343180242,-0.35562581477335603,-1.9680650965096653,-0.3757612563959468,-0.44248265593471986,-0.23998568046329066,0.9786771750524018,-0.4644390954322193,-0.2304213018960552,-1.3752302884432213,0.4376719011066876,-0.6676951496967393,0.34833301105535625,-1.296835003445776,-0.5934901451077947,-1.7603163060223164,-0.7286892118956549,-0.37922089889934235,0.06414714982140997,1.0429436115653465,-0.6237084648829322,-0.19135858052779944,0.16926104535610398,0.6771798657731222,-0.39484828014592527,0.4580253914752242,-0.10078227098915205,-0.44672867684511186,-0.14289665880257899,1.1374005019877356,-1.6958098411982336,-0.48745407825262244,-0.1489557406530105,-2.912208495382598,1.2021626454924723,-0.372583964753752,-1.6762718608063267,-0.5247053760949894
-0.6118414931324934,0.4572806306188904,-0.9871949722516178,0.7518262774281688,1.7564865475154756,0.42096653812618573,1.3578210195524612,1.1809122511928702,0.15100025883699128,-0.35697522618897437,-0.21872157639413717,-0.8952491488705768,-0.6395205328894192,-0.4027095328866258,0.7630463769192535,1.1791701562358297,0.12121761671006083,0.3619064845034283,1.28569954856523,-0.11362036191798011,1.1307386957580239,0.6444418271438659,-0.07926114017653185,0.4260264805425444,-0.6237084648829322,0.7668299241229797,0.4208593303017696,1.1143219049675004,0.7664161244752665,0.6205701908500326,-0.20341838591636283,0.6018709758382644,-0.5702540296962104,-0.1006308412244194,-1.1335233369299598,1.517979627813033,-0.37523003236374186,0.6591625404953455,3.0131971668653494,-0.23753098226446412,0.8691912458308424,2.8087538899585907,1.054598077523435
-0.5728993427159086,0.5956391752922263,-1.0270501103949072,0.7870640465131451,1.249389451663363,0.3831920059929055,0.9611979982315476,0.37588365316810307,-0.004875006505346171,-0.3838527635229714,-0.21064401539829686,-0.4363727532165143,-0.6414236035882436,-0.39149673770010335,0.20072990628061474,1.0636659733679377,-0.0954090440242033,0.39207437284259183,0.634693955006285,-0.24953426212401114,0.4051017969577829,0.31286875013912485,-0.1779637536778803,0.3793476426216108,-0.19135858052779944,0.4208593303017696,0.2999063133533001,0.9112382309270004,0.7901669103984955,0.3648699883128948,-0.05026250306146686,0.44858588201773897,-0.5874744501701353,-0.10177770016811333,-0.5548496952328549,0.7220543268679873,-0.4466906492554821,0.47724854660509736,1.5464303940359483,0.1626043273717527,0.5792619023337628,1.739357576550833,0.7048170917773977
-2.781517500902275,2.912670430261761,-4.859189332915645,3.8547386666710666,4.486841422237146,1.7706042682670387,3.5789616847010928,-0.2675302138241449,-0.2401033690366774,-2.135310990029556,-1.3405733302073348,-0.8030916260854191,-2.990647247795326,-1.7569466685899546,-0.366198819338877,4.636603097614754,-0.9787887636682098,1.8530820985023575,1.4746587589118862,-1.6366403663391649,-0.06979444363914479,0.4770677282570798,-1.0238751522710956,1.4019432563254048,0.16926104535610398,1.1143219049675004,0.9112382309270004,4.010008697341137,3.859974029443924,1.191018145940436,0.3332940223753459,1.7180713080875303,-2.65661502615185,-0.6925159763135976,-1.3338165514946898,1.3303056128464528,-2.144772687390161,1.8257126179514012,3.5955538435795718,1.6754052197040503,2.022187201275609,5.517088408568743,2.2203981726706545
-2.8101912766812394,3.2055949531085393,-5.069650080411288,4.039851419302304,4.021786214429472,1.7869781184221918,3.2399806928858417,-1.25880268446483,-0.4429669198649683,-2.225788879731048,-1.3334899639235633,-0.2883012389040345,-3.087288380818941,-1.7931658817906178,-1.0581228287281501,4.654691566423148,-1.2760783929894768,1.9554972044026255,0.7277437447315648,-1.8332244364594261,-0.9355467958663102,0.11750623017955814,-1.180166786624913,1.4165918059292588,0.6771798657731222,0.7664161244752665,0.7901669103984955,3.859974029443924,4.015927579559055,0.9244385253810513,0.5291547182419609,1.5848939872800365,-2.793201802641726,-0.6960618748573801,-0.6693950894436483,0.42091304846959593,-2.3131023102088495,1.655855693640148,1.9638945498320017,2.227089484973332,1.7262657171428097,4.401978763422451,1.8826423228138762
-0.7179239676713814,0.5876201156857691,-1.1647303564515274,0.9063072461881312,1.6379532977504778,0.4726384749696487,1.2807791185279902,0.7625337460365036,0.08976833320119258,-0.4845621331689595,-0.32386915994241505,-0.6719933215580014,-0.7411582578212633,-0.4531863079077871,0.47900407644260473,1.269171487913211,-0.02007991319800917,0.4326896657742363,1.0228699298591024,-0.26191405203287876,0.7327760852081884,0.462375651515225,-0.1568943707688929,0.4094740042106141,-0.39484828014592527,0.6205701908500326,0.3648699883128948,1.191018145940436,0.9244385253810513,0.5473316419124536,-0.08851039982125887,0.5829836077549947,-0.641532037792645,-0.1598963172855262,-0.9123901790693129,1.1480013352816953,-0.4616436095250426,0.6384909750056583,2.3846840690404485,0.007912092223081405,0.7963941129793292,2.458621824818164,0.9202897616914887
-0.3432639154463088,0.47339244887597304,-0.6427213653648758,0.5437915422610584,0.021298900617145632,0.19804768653426494,0.06263647858201735,-0.8697071735123791,-0.1584894906991465,-0.34571028087163913,-0.2213317311717256,0.3863917266631959,-0.3727462782869523,-0.1962497844592811,-0.6061045099989039,0.45374905467057997,-0.3453842778757642,0.252542356432196,-0.46127483178219814,-0.36494553383832684,-0.7821542571539182,-0.3046903020090007,-0.21864789471585883,0.08256760556691613,0.4580253914752242,-0.20341838591636283,-0.05026250306146686,0.3332940223753459,0.5291547182419609,-0.08851039982125887,0.23757909699735186,0.0568105982189659,-0.3342052588992446,-0.12441825143561906,0.39534003722010175,-0.6633300079759985,-0.32314384945866603,0.046777876603813794,-1.0480583785266933,0.609510969725863,-0.040357503058798115,-0.4003860245969809,-0.1193753848825899
-1.149513074262892,1.1843252217925055,-2.0115149139172335,1.5817318041120894,2.0783643079174996,0.7429741472069676,1.639580236960626,0.20880889783329437,-0.0583664433759098,-0.8461757407983,-0.5154732254643424,-0.5275322696387855,-1.2448193271667978,-0.7399269166405326,0.058931615881891,1.9812214162811541,-0.32265819745118635,0.7654817404212708,0.8567082035770119,-0.6108028551823671,0.2771199316398892,0.34961428449843734,-0.39341355406494255,0.6322555312286418,-0.10078227098915205,0.6018709758382644,0.44858588201773897,1.7180713080875303,1.5848939872800365,0.5829836077549947,0.0568105982189659,0.7755243096617555,-1.1161940007596065,-0.26191013322110046,-0.7627038967718813,0.8760036924153631,-0.8795900719442218,0.8254848885749122,2.0764551769006148,0.5492344433503128,0.9516875516579065,2.7132343806294092,1.0865927654539482
1.9303199883366746,-2.288599258596741,3.5586824160705812,-2.8268251353154303,-2.855772327772539,-1.2400964532781626,-2.2901042559616887,0.8442941206580682,0.3344330047765607,1.5062465909365201,0.8522235365859098,0.2470685554298382,2.1623558072848605,1.2577954386750252,0.7309984103002473,-3.276324316953139,0.8860063642585357,-1.3752477579129878,-0.5211685776754515,1.246717630802255,0.5849666641404181,-0.13889567466708702,0.828293402308513,-1.0426870632311624,-0.44672867684511186,-0.5702540296962104,-0.5874744501701353,-2.65661502615185,-2.793201802641726,-0.641532037792645,-0.3342052588992446,-1.1161940007596065,1.9943346738653809,0.44316130909622276,0.4628911514892015,-0.3465130953676079,1.6476336977066435,-1.1538547184128627,-1.4579274956499964,-1.5592695701962422,-1.2167188155877362,-3.12894673772576,-1.3741375642733362
0.5076333779418474,-0.5064532693441193,0.8525493565993111,-0.6914943481476711,-0.641260328548897,-0.31060721264244073,-0.5296481158397318,0.2533058725440887,0.05541361458707011,0.4217611311227975,0.29498334508215496,0.006319834912627842,0.5223068952896694,0.2998450033066539,0.19337761637971462,-0.7725413595880847,0.22466826686697616,-0.3233575338062733,-0.11052567367466995,0.3442939005321489,0.22357745803889287,0.029646298483035707,0.19574152706177028,-0.1917694821243815,-0.14289665880257899,-0.1006308412244194,-0.10177770016811333,-0.6925159763135976,-0.6960618748573801,-0.1598963172855262,-0.12441825143561906,-0.26191013322110046,0.44316130909622276,0.15651480976955123,0.11336674230206932,-0.018467285509540157,0.3720028473492771,-0.28156227696542857,-0.2507647319273701,-0.38050242452295113,-0.2861595673651059,-0.6985773821224449,-0.2665438040769766
0.6296544391268547,-0.19540810213086482,0.8436741738719806,-0.616886923501839,-2.296823764200218,-0.4356427694073473,-1.7542443628044673,-2.1871043602389446,-0.3588514628447853,0.304549357251928,0.25842719470298237,1.4272882369901396,0.5866452136952526,0.39455560506491383,-1.465617557432585,-1.229316799444447,-0.4096071772120765,-0.2884240616322465,-2.0670119010338626,-0.05806430801946238,-2.0039354116992887,-1.0103572890891677,-0.06229944047973495,-0.4300388657907444,1.1374005019877356,-1.1335233369299598,-0.5548496952328549,-1.3338165514946898,-0.6693950894436483,-0.9123901790693129,0.39534003722010175,-0.7627038967718813,0.4628911514892015,0.11336674230206932,1.8352248746322473,-2.463496858383329,0.22719159707802053,-0.8635688831063757,-4.724255047841216,0.7762075292621978,-1.1978763486477302,-4.025818705332045,-1.427175443684274
-0.48834886674552824,-0.06434741241050089,-0.5687547821740587,0.3563770489507548,2.7588990270198295,0.37791798497610385,2.067044975266279,3.2431226760601106,0.5222798132615875,-0.08802727914837229,-0.09969606901878869,-2.0046994622396594,-0.4440370749229387,-0.3386870108215894,2.1792880102704704,1.1671972067961198,0.734446042942064,0.17608398705993306,2.7957890886434265,0.3479421864174674,2.9842798800552792,1.4572556550999196,0.22295774034055643,0.4947192588629858,-1.6958098411982336,1.517979627813033,0.7220543268679873,1.3303056128464528,0.42091304846959593,1.1480013352816953,-0.6633300079759985,0.8760036924153631,-0.3465130953676079,-0.018467285509540157,-2.463496858383329,3.4413765895515427,-0.06403449896815461,0.9971344080657338,6.428823176831395,-1.3501054403166566,1.4631369059351724,5.120856088052146,1.8277438041613454
1.588083345747756,-1.9207318428263547,2.946620610091894,-2.3460444574742088,-2.2137901250667884,-1.012142967215305,-1.7827126925211398,0.9187779292618512,0.3149905042319878,1.2575620007237487,0.7109831643222755,0.0755592542027782,1.7838782691168638,1.032253967425037,0.7563635950825586,-2.6699130346149245,0.7906404973839969,-1.139045915482645,-0.25704671020227104,1.0699281407869834,0.6850098176835142,-0.01917388913523071,0.7077751770367295,-0.837838648410235,-0.48745407825262244,-0.37523003236374186,-0.4466906492554821,-2.144772687390161,-2.3131023102088495,-0.4616436095250426,-0.32314384945866603,-0.8795900719442218,1.6476336977066435,0.3720028473492771,0.22719159707802053,-0.06403449896815461,1.3789328899627362,-0.9026793992150736,-0.8007227610068545,-1.3940467817968194,-0.9278799148625876,-2.2896415929009204,-1.032006723883778
-1.2115985934766687,1.212362535510017,-2.093925817355147,1.644093623454277,2.222093761869087,0.7835642999163769,1.7512664907749727,0.3039536123141562,-0.03885184077120159,-0.8901334247236851,-0.5552325067948676,-0.5944951669458933,-1.3002939469139085,-0.7754518846435648,0.1241545260351428,2.079226968937231,-0.31353207633979124,0.7968344302338215,0.9644505246552149,-0.6292568983298876,0.3580314672440634,0.39087920430992573,-0.4011954294504918,0.6588752748068276,-0.1489557406530105,0.6591625404953455,0.47724854660509736,1.8257126179514012,1.655855693640148,0.6384909750056583,0.046777876603813794,0.8254848885749122,-1.1538547184128627,-0.28156227696542857,-0.8635688831063757,0.9971344080657338,-0.9026793992150736,0.8857618670568881,2.3181772516156975,0.5277131358714673,1.0239738529531655,2.9459159201777885,1.1650805031099418
-1.7384765175455499,0.8199055557656793,-2.5398643407197747,1.8575561570952839,6.240945406112338,1.220396144941786,4.754797720206531,5.572004524802021,0.8349675578805043,-0.8351527970706865,-0.5955076416148789,-3.757434818862337,-1.7241872898954227,-1.1448248570565933,3.6869550439305425,3.5129073009153866,0.9691853520811178,0.8935682167078705,5.35372288646071,0.09001594391943392,5.1901436712154565,2.6995920703637393,0.06506515201176653,1.307619623166394,-2.912208495382598,3.0131971668653494,1.5464303940359483,3.5955538435795718,1.9638945498320017,2.3846840690404485,-1.0480583785266933,2.0764551769006148,-1.4579274956499964,-0.2507647319273701,-4.724255047841216,6.428823176831395,-0.8007227610068545,2.3181772516156975,12.373566624797798,-1.8211867557078014,3.1986106389272027,10.69400751745506,3.896595100181006
-1.4470650984191995,2.0134935503537172,-2.8169676040071328,2.280058480569022,1.1573467587079187,0.8988384813061103,0.9949928736755053,-2.288094841971027,-0.5378894239160847,-1.2720088542336978,-0.7023727824716218,0.7499786226295679,-1.6659724289301405,-0.9321233453525748,-1.6782605024895063,2.285610866339085,-1.1215985570856986,1.1122652323366051,-0.8891318946320788,-1.2528961439110926,-1.9451814771452955,-0.5847226348012715,-0.8288252483234496,0.66702393925364,1.2021626454924723,-0.23753098226446412,0.1626043273717527,1.6754052197040503,2.227089484973332,0.007912092223081405,0.609510969725863,0.5492344433503128,-1.5592695701962422,-0.38050242452295113,0.7762075292621978,-1.3501054403166566,-1.3940467817968194,0.5277131358714673,-1.8211867557078014,2.0005681597024867,0.35321002948119545,0.26036595055804995,0.31397018233926605
-1.2869872455131213,1.2174522965176413,-2.193763975799934,1.7146521633669407,2.611278657850158,0.8378962494682297,2.0456530699428424,0.7378607654666856,0.028069625926685333,-0.9067504736169167,-0.5703247960773693,-0.8683387014177372,-1.3732597739178527,-0.8267505798538726,0.4123679010290019,2.2561350876264914,-0.219082978289486,0.8237541631884447,1.3501799490795878,-0.5907757942136137,0.762712724610513,0.5925937004148466,-0.37053164805515,0.726309408809791,-0.372583964753752,0.8691912458308424,0.5792619023337628,2.022187201275609,1.7262657171428097,0.7963941129793292,-0.040357503058798115,0.9516875516579065,-1.2167188155877362,-0.2861595673651059,-1.1978763486477302,1.4631369059351724,-0.9278799148625876,1.0239738529531655,3.1986106389272027,0.35321002948119545,1.2352219191458713,3.661309683804978,1.4205910058398632
-3.352922841104622,2.9507737105523506,-5.607630602109768,4.340340336361002,7.613409129602075,2.219009124771171,5.921658360989352,3.2557601683183806,0.3006701306445467,-2.246750277493603,-1.423316143481991,-3.022089815425603,-3.5499863720808764,-2.171241778777266,1.9859642384436322,6.031386893739471,-0.20535345265895702,2.0968062032074863,4.5404387260900165,-1.2775887570045146,3.202796205986255,2.1062805900191597,-0.8099199941362161,2.01016732549154,-1.6762718608063267,2.8087538899585907,1.739357576550833,5.517088408568743,4.401978763422451,2.458621824818164,-0.4003860245969809,2.7132343806294092,-3.12894673772576,-0.6985773821224449,-4.025818705332045,5.120856088052146,-2.2896415929009204,2.9459159201777885,10.69400751745506,0.26036595055804995,3.661309683804978,11.22862261187041,4.293086715235276
-1.3882381636227383,1.3649326272457944,-2.4221478496273403,1.870958742179573,3.0279561378252704,0.92395055347641,2.3503705087615,1.0125394412783506,0.03403688955986026,-0.9399294113501806,-0.5453918408117772,-1.0945225537204724,-1.517630489936362,-0.9231581851973981,0.5754591470868011,2.532808219952767,-0.1918353385841855,0.9183134723514369,1.6204262079352876,-0.5848543573812556,1.0533714638803275,0.7740388916028144,-0.40069954547760867,0.876561453123305,-0.5247053760949894,1.054598077523435,0.7048170917773977,2.2203981726706545,1.8826423228138762,0.9202897616914887,-0.1193753848825899,1.0865927654539482,-1.3741375642733362,-0.2665438040769766,-1.427175443684274,1.8277438041613454,-1.032006723883778,1.1650805031099418,3.896595100181006,0.31397018233926605,1.4205910058398632,4.293086715235276,1.6997011147254952
