V1,V2,V3,V4,V5,V6,V7,V8,V9,V10,V11,V12,V13,V14,V15,V16,V17,V18,V19,V20,V21,V22,V23,V24,V25,V26,V27,V28,V29,V30,V31,V32,V33,V34,V35,V36,V37,V38,V39,V40,V41,V42,V43
1.2314001336017333,-0.02719216771572875,0.045428881513992506,0.35031153477724053,-0.05161212629522336,-0.005659556491154129,-0.8725966770454674,0.42435141426152423,0.5860972486623189,0.42564589162106503,-0.08427776651648317,-0.1305479895979405,0.39841374148657993,-0.02383919718598894,-0.41369682315134454,0.1929672972481217,0.28835195619225534,0.15330320931253624,0.18421109689035728,0.21681583011593028,0.6535324349310334,-0.23716654427997244,0.5433312668118807,-0.3850889214561839,0.22880607703775066,0.2298017667137711,-0.15403339394241056,0.5554049928554995,-0.09017684828693968,-0.504951173663961,0.37666112846632416,-0.10317107342015415,-0.7835746014416703,-0.4493865919347108,0.059387013063155816,0.2647152348217925,0.5910216854918057,0.02209382361750069,0.7115759427803257,0.6401706762644542,-0.15117875301117017,0.40669306324198073,-0.5102194086088305
-0.02719216771572875,0.3435467042676791,-0.19929368374884665,-0.08167212669148825,-0.01703884175444208,-0.2858421565675518,0.10120595586747014,-0.15179580352912156,-0.0669374396125544,-0.1049364018347074,-0.2845294421511904,-0.022336452058962203,-0.13773078098019684,-0.17576384305791534,-0.19850364365426018,-0.5444322042672892,0.05189722114694072,0.19864875891978231,-0.28542445280730167,0.16068166085161362,-0.04836781067960083,0.8166840192767871,-0.02923659256577144,0.08353304739468016,-0.4676050213395992,0.27249626278523,0.228733436084584,-0.0874440405133817,-0.32534652740673775,0.1369719988786297,-0.28920213900097275,0.24950883287961165,-0.02878163875640701,-0.13606010774503918,0.2378006934955684,-0.02838728135312351,-0.09208167788453285,-0.19061522034509976,-0.28727952196094647,0.29587108643974697,-0.3025394675068758,0.44002318323375555,0.4643637783521761
0.045428881513992506,-0.19929368374884665,0.771186822170382,-0.11974344850362735,0.38709750650974767,0.11101063961602736,-0.0955158742998443,0.8757154020006037,-0.2728344925380438,-0.14330286560005448,0.004248429904973606,0.25850864573208643,-0.005809616595654356,-0.016843318926882428,0.2603582846507379,0.4373113398023845,-0.19948189186856058,-0.8909452671747645,0.22471693542276094,-0.12535057063347466,0.20003096411693,-0.3186237592369912,-0.03810101438593112,-0.037914897362488806,-0.4184940284710255,-0.11418675702834985,-0.24699822361964205,0.253445009910099,-0.12284209587218893,-0.22127205410507286,-0.24559903474524156,0.26115747926533595,-0.1987320646846484,0.5097984736738994,0.2203607733966885,0.11784965732720042,-0.4233723291826056,-0.013111148956466449,0.046297847816033244,0.47301535782153065,0.4719801693283678,-0.34889098764350734,-0.803242874594557
0.35031153477724053,-0.08167212669148825,-0.11974344850362735,0.32603476396990466,-0.10764401007642672,0.38518153422549245,-0.13794283864755438,-0.06210638134492911,0.33921131757484274,0.11148373083059088,0.018224507722420704,-0.3066361318504519,0.339750769968813,0.028325246899503605,0.028280346782759504,0.17443643973361622,0.12704217243882698,0.32309805218564147,-0.21998207106084716,-0.18600311286312002,0.20701608961436518,-0.04928627727828757,0.23170947433610517,-0.01834872721166429,0.8077508011416535,0.12931451392044027,0.01842746768889618,0.05030794875022798,-0.09282904202913027,0.011334276527852651,0.32050769323901707,-0.07495747691267109,-0.15318676017006774,-0.13638439731062038,0.0290095177796067,-0.048439695908424514,0.37525551383804007,0.30052727403402835,0.5254557197144794,-0.1289378224494157,0.016354669775723113,-0.03303132728135229,-0.23257499935381984
-0.05161212629522336,-0.01703884175444208,0.38709750650974767,-0.10764401007642672,0.2982162911522957,-0.03230908304196524,0.018547834619577964,0.37461900168737194,-0.37152131116524906,-0.18409967454293888,-0.16147549922174717,0.036396369949960886,0.045202794984843066,-0.08802641876960043,0.1451110603433009,0.11364857620602574,-0.3664632361431245,-0.4588276168634734,0.022362857105752133,-0.00583102939367214,-0.1283321550574786,0.08462784767541745,-0.0689078926241428,-0.1355124862032782,-0.5119208379274992,-0.13868174559036417,-0.24101870592925626,0.04791412237569146,-0.14528560474599791,-0.1452906984789608,-0.17762089238615386,0.22161285745349574,-0.12367457686887967,0.4926856348826073,0.31026855587347674,0.05252924909976974,-0.32940661610438693,-0.24038432548371855,-0.0698459158132248,0.39693407127690566,0.1383708352915756,-0.03348712512011321,-0.2150116160221582
-0.005659556491154129,-0.2858421565675518,0.11101063961602736,0.38518153422549245,-0.03230908304196524,1.0903990046778826,-0.007848235470956661,0.09810185919307012,0.30071725014860357,0.20419716141823865,0.5264079405812511,-0.19555638333340689,0.7616834402277497,0.26188167908054877,0.8132354280238254,0.739888272562271,0.33956162002557577,0.09826776666507056,-0.0992143175545339,-0.8957210876527691,0.3644455415337765,-0.20136194842508162,-0.024551219739995713,0.36054578662516773,1.3881751711391455,0.07264906594406392,0.078404278463932,-0.206924682475145,-0.08949433190971266,-0.07824972624319429,0.5388853219735843,-0.17228066635809178,-0.22784313855983052,0.30898485631303074,0.04295207659998386,-0.17016035426289425,0.15199070640876527,0.5662109767972648,0.8865481811957531,-0.08052853163949593,0.5959767394776698,-0.5793909994533908,-0.8380854602079462
-0.8725966770454674,0.10120595586747014,-0.0955158742998443,-0.13794283864755438,0.018547834619577964,-0.007848235470956661,0.9140840490448442,-0.48772469767239446,-0.3272895784044549,-0.640669541589407,-0.25730768286787,-0.28299319547975854,-0.42366767233513175,-0.09718021316668977,0.08803340752222105,-0.6538188215261568,-0.3905955913334806,0.1496617289129077,-0.6899806236650197,-0.11112663361533062,-0.5659116121917851,0.48891580828509523,-0.15882257935798919,0.271949302959941,0.1437062414720679,0.15571788628857527,0.10955426286999233,-0.441410403629043,-0.24965675986486718,0.6797481938220609,-0.43477078865572993,0.4348328918903732,0.7517748982567212,0.247933826176251,-0.02235520788420202,-0.14611627408043487,-0.38824427782367404,0.21101771135745567,-0.6033094324146355,-0.5313237668529064,-0.062459017033592384,-0.17913265578000723,0.64552013608995
0.42435141426152423,-0.15179580352912156,0.8757154020006037,-0.06210638134492911,0.37461900168737194,0.09810185919307012,-0.48772469767239446,1.461715230136982,-0.12317723628015269,0.18013358887488057,-0.08589725413212478,0.6237038338354289,-0.03690009419684629,-0.18307649444636828,0.09742616010455364,0.993776248459312,0.22037461816187107,-1.1976218665168235,0.4319943913861423,0.03730194532565603,0.6692354802207606,-0.2309824406507649,-0.07571359868425201,0.037762308497237704,-0.5892174461881922,-0.20813045345482864,0.12268515482653528,0.6293701443427235,-0.14691926124987686,-0.2368853622862767,-0.34665041405462393,0.07293927044635774,-0.39934062682414584,0.15871475312066213,0.5423321672509093,-0.12041176123186466,-0.18279357028559534,0.028190751425770905,0.3019242636770263,0.2954584562498735,0.5163236674165869,-0.328248260132431,-1.347411194022887
0.5860972486623189,-0.0669374396125544,-0.2728344925380438,0.33921131757484274,-0.37152131116524906,0.30071725014860357,-0.3272895784044549,-0.12317723628015269,0.8997444604844366,0.36122231601940963,0.35886201296211045,-0.10209074967497342,0.1825305910104846,0.2137602845474991,-0.1391761816042917,-0.1079694820420566,0.7779423755634176,0.5600147659771332,-0.016866376276308076,-0.20655359713734375,0.7007856640079071,-0.2730945058301971,0.39796188580828723,0.22007005914126124,1.1044919912428461,0.558147291975252,0.26958408359843516,0.15637251749204317,-0.01151523974242743,-0.033357307900323666,0.3626621290870425,-0.13787656986764274,-0.2533083178729819,-0.7765725724271807,-0.5052388923480462,0.16527532498432787,0.5538650242505689,0.6160610059350791,0.501098160931645,0.02223462820900764,0.023805962114898785,0.020364376869065018,-0.25797109906108306
0.42564589162106503,-0.1049364018347074,-0.14330286560005448,0.11148373083059088,-0.18409967454293888,0.20419716141823865,-0.640669541589407,0.18013358887488057,0.36122231601940963,0.6982632323227859,0.4994740918254579,0.3804386839688302,0.37527316542351763,0.18734967559817084,0.14205625940813715,0.7408650344049481,0.6396438108842697,0.03165653209595001,0.6704829183180255,-0.11291849792876137,0.49806906648423294,-0.4437699561104038,-0.07273956202665516,0.05462036354324551,0.21977996039790784,-0.19466234983352684,0.18434590102771728,0.18463122577381308,0.3814178417213313,-0.4326279786785096,0.4723219543783746,-0.6189095887563466,-0.4444622240917908,-0.350553145890155,-0.1266514772111253,-0.06676130152558445,0.3919790920485138,-0.02085050119116253,0.5292020080632583,0.013842156556563118,0.15079938567655796,-0.04794681802373871,-0.518857878840622
-0.08427776651648317,-0.2845294421511904,0.004248429904973606,0.018224507722420704,-0.16147549922174717,0.5264079405812511,-0.25730768286787,-0.08589725413212478,0.35886201296211045,0.4994740918254579,0.9989676713645539,0.31630211231173305,0.4570560223844194,0.5308085096609826,0.678659898762159,0.4754409154758243,0.6268426460787379,0.04405865337374227,0.6939733890961719,-0.6507201098554024,0.40045430036545887,-0.7675002425191408,-0.14984545331988178,0.3283405009566002,0.6437409898450409,0.023142502864041674,-0.020607772067058206,-0.19757034571058107,0.42379380342695516,-0.4782040469648235,0.5612812052426815,-0.448159142167325,-0.3118632827747916,0.01654344369788088,-0.6224745271332108,0.19202159307319436,-0.01572293759906961,0.22760101062474924,0.38412567653853563,0.3121578109407655,0.535010514537046,-0.44016749365000135,-0.506987221668158
-0.1305479895979405,-0.022336452058962203,0.25850864573208643,-0.3066361318504519,0.036396369949960886,-0.19555638333340689,-0.28299319547975854,0.6237038338354289,-0.10209074967497342,0.3804386839688302,0.31630211231173305,0.8534234745204425,-0.2696026176132516,0.026409667818521502,0.10625466026679949,0.6266052441538832,0.5194933872655753,-0.6905502921036688,0.7389608653689136,0.09036698816490076,0.37189668673861986,-0.263159486439524,-0.3881024782634132,0.25598245811628717,-0.7396070248413709,-0.2836531527376407,0.3531209877891957,0.23069201363213893,0.3010503274307378,-0.16201431928695728,-0.2397166767829088,-0.3157508651780937,-0.06121752226104722,-0.18182439856735125,0.005498326351375282,-0.14669627451180972,-0.19187224447337592,-0.14662713127368263,-0.19135630016875765,-0.06919982981333737,0.2872059862997394,-0.2227271790982068,-0.5244232802964058
0.39841374148657993,-0.13773078098019684,-0.005809616595654356,0.339750769968813,0.045202794984843066,0.7616834402277497,-0.42366767233513175,-0.03690009419684629,0.1825305910104846,0.37527316542351763,0.4570560223844194,-0.2696026176132516,1.04157642720475,0.26436435884919357,0.6680895183884865,0.529249754421528,0.1192047669598076,0.2545432499101008,0.16143980503725167,-0.6617331038509344,0.23316998098332148,-0.062492483875873486,0.06435358281973104,-0.04809397321911903,0.7190981906482945,9.545247428567367e-4,-0.27129314343874283,-0.17242210765982882,-0.048644549139438234,-0.6048512355993905,0.748783303845234,-0.23665637851253152,-0.7314179186279172,0.4501968042657489,0.14935705332135774,0.08944828361418235,0.1765058100442142,-0.031274843132008505,0.9166938755984146,0.7290288727591276,0.30506292682529146,-0.03887943335365632,-0.5266544793284983
-0.02383919718598894,-0.17576384305791534,-0.016843318926882428,0.028325246899503605,-0.08802641876960043,0.26188167908054877,-0.09718021316668977,-0.18307649444636828,0.2137602845474991,0.18734967559817084,0.5308085096609826,0.026409667818521502,0.26436435884919357,0.32742149773166684,0.33481671645309635,0.06972051313131906,0.21373539665692415,0.13406262094035537,0.3080209811940376,-0.3498897134413475,0.13039564402371828,-0.48547057391741555,0.011357580054540939,0.09561065184005617,0.4238878842140813,0.076232351913316,-0.15683961339395644,-0.149149912518098,0.22244516992468388,-0.2874351750527161,0.35545323571860327,-0.17224529018905665,-0.1665298532313578,0.0564714157953782,-0.444826829130683,0.21857623923881406,-0.018233569965078484,0.12474331094025615,0.18129122367379685,0.27481430300510773,0.24416142693346554,-0.1983369746648611,-0.1411193475631775
-0.41369682315134454,-0.19850364365426018,0.2603582846507379,0.028280346782759504,0.1451110603433009,0.8132354280238254,0.08803340752222105,0.09742616010455364,-0.1391761816042917,0.14205625940813715,0.678659898762159,0.10625466026679949,0.6680895183884865,0.33481671645309635,1.050133341129227,0.5769401514876664,0.1667499092597354,-0.22330858321099128,0.24089582153208436,-0.9047331338287541,0.10283643515249394,-0.09970572308396804,-0.3333329012935083,0.37820438306875737,0.4824141199136681,-0.06901444026793299,-0.07701082129306111,-0.40318186804722544,-6.114783976333381e-4,-0.32184002384604105,0.3495296200887083,-0.10503359809564983,-0.27347063003714545,0.7154864934902022,0.030487716793010603,-0.02974663247290693,-0.36963609314327817,0.10365311715925506,0.4236284838694403,0.45419677959498844,0.6725838354501648,-0.5180975318164411,-0.6130248049150953
0.1929672972481217,-0.5444322042672892,0.4373113398023845,0.17443643973361622,0.11364857620602574,0.739888272562271,-0.6538188215261568,0.993776248459312,-0.1079694820420566,0.7408650344049481,0.4754409154758243,0.6266052441538832,0.529249754421528,0.06972051313131906,0.5769401514876664,2.2843349533549206,0.306252660604533,-0.892199784576122,0.9315832770358703,-0.27463058219769076,0.41333899656709505,-1.1354617990255265,-0.4042960636705429,-0.014692041985857789,0.4209096919936506,-1.0966494917336287,0.11226834063262393,0.41630266201572713,0.6757611181349081,-0.3482543702320211,0.5396277167160133,-0.9883284607104923,-0.21855187391511266,0.24844536244290433,0.4089206058141273,-0.5972377892318295,0.37068839327915115,0.07848782977322565,0.9948825230182939,-0.9719893823421778,0.7171877292101267,-0.8887431623485518,-1.6199261392850743
0.28835195619225534,0.05189722114694072,-0.19948189186856058,0.12704217243882698,-0.3664632361431245,0.33956162002557577,-0.3905955913334806,0.22037461816187107,0.7779423755634176,0.6396438108842697,0.6268426460787379,0.5194933872655753,0.1192047669598076,0.21373539665692415,0.1667499092597354,0.306252660604533,1.3022744090581793,0.1728094718756776,0.3492827712272519,-0.3659379596866957,0.9795291839984068,0.03057316719633805,-0.04220317183493417,0.6453820251370095,0.6388094767239793,0.45963942081770714,0.7536558230125956,0.11944427225950395,0.022023668165355746,-0.04855291284848142,0.15045283889820962,-0.31966197807707897,-0.3037580675709522,-0.8309047461867531,-0.31296916883269954,-0.09272505948986387,0.3291196850192743,0.5272530341884751,0.3889711807250682,0.024278909445522214,0.266755151626237,-0.11131518304197272,-0.5717292330941959
0.15330320931253624,0.19864875891978231,-0.8909452671747645,0.32309805218564147,-0.4588276168634734,0.09826776666507056,0.1496617289129077,-1.1976218665168235,0.5600147659771332,0.03165653209595001,0.04405865337374227,-0.6905502921036688,0.2545432499101008,0.13406262094035537,-0.22330858321099128,-0.892199784576122,0.1728094718756776,1.3442990213493184,-0.551053461411516,-0.09567787014622983,-0.15250963154685337,0.40228656603119534,0.3365172651743074,0.0160140077604495,1.0159060725306044,0.5185646927504973,0.07598922381118503,-0.3855889642680144,-0.08919791111027202,0.17774484170055918,0.45925809564224607,-0.04548626710629548,0.048485301708717045,-0.51578949458353,-0.42052569865674583,0.12232569250454027,0.5252426371120817,0.22795867971033074,0.1551350079412182,-0.09480081602913398,-0.5239565364106284,0.47234341369422067,0.9671666365168814
0.18421109689035728,-0.28542445280730167,0.22471693542276094,-0.21998207106084716,0.022362857105752133,-0.0992143175545339,-0.6899806236650197,0.4319943913861423,-0.016866376276308076,0.6704829183180255,0.6939733890961719,0.7389608653689136,0.16143980503725167,0.3080209811940376,0.24089582153208436,0.9315832770358703,0.3492827712272519,-0.551053461411516,1.2547429093224025,0.028840465633122994,0.2855493204721451,-1.1018781584534838,-0.25698034478008375,-0.13129128160737286,-0.5434063121833934,-0.5732837071130799,-0.18609884765982587,0.24784789380221564,0.7551604478580594,-0.7414704476802654,0.3726161893168705,-0.7012536008646265,-0.4108260255661643,0.007102353621047318,-0.34515733117656583,0.141921662727522,-0.00484801844563626,-0.36531326839817824,0.1623831557467777,0.23212951886649083,0.34863900127967323,-0.2546706554303088,-0.6280355220871883
0.21681583011593028,0.16068166085161362,-0.12535057063347466,-0.18600311286312002,-0.00583102939367214,-0.8957210876527691,-0.11112663361533062,0.03730194532565603,-0.20655359713734375,-0.11291849792876137,-0.6507201098554024,0.09036698816490076,-0.6617331038509344,-0.3498897134413475,-0.9047331338287541,-0.27463058219769076,-0.3659379596866957,-0.09567787014622983,0.028840465633122994,0.9527009601423968,-0.3024268527395511,-0.009889524341411623,0.10416328153145134,-0.4674354306715092,-0.964692656858071,-0.286587859768652,-0.03744032765840595,0.3801031738556048,0.1674418695872431,0.18345410557880998,-0.38093374049968853,-0.02321783409717159,0.2791940261195947,-0.40769391106371683,0.11922166221590806,-0.04208205613746875,0.1766654870018116,-0.40445983456915097,-0.53343783883835,-0.45523869643067205,-0.590178725122279,0.4350313036890868,0.547173202832116
0.6535324349310334,-0.04836781067960083,0.20003096411693,0.20701608961436518,-0.1283321550574786,0.3644455415337765,-0.5659116121917851,0.6692354802207606,0.7007856640079071,0.49806906648423294,0.40045430036545887,0.37189668673861986,0.23316998098332148,0.13039564402371828,0.10283643515249394,0.41333899656709505,0.9795291839984068,-0.15250963154685337,0.2855493204721451,-0.3024268527395511,1.0558690166289697,-0.1110123264736915,0.17915790156264141,0.3705206429865505,0.5138845807598496,0.45812546079243666,0.42561875168555974,0.36722575026758225,-0.15763486490720285,-0.23183432165665338,0.11571047542146282,-0.08238396237871841,-0.5543167873168002,-0.5536494159526147,-0.09813311201265579,0.06419751713789089,0.2714491019615236,0.4842444675698304,0.5825525699236279,0.42942403869285756,0.35575352122647397,-0.10538070992796955,-0.9465075669750791
-0.23716654427997244,0.8166840192767871,-0.3186237592369912,-0.04928627727828757,0.08462784767541745,-0.20136194842508162,0.48891580828509523,-0.2309824406507649,-0.2730945058301971,-0.4437699561104038,-0.7675002425191408,-0.263159486439524,-0.062492483875873486,-0.48547057391741555,-0.09970572308396804,-1.1354617990255265,0.03057316719633805,0.40228656603119534,-1.1018781584534838,-0.009889524341411623,-0.1110123264736915,2.3756087255984273,-0.13619519737805547,0.3984081834217428,-0.700276119233577,0.7395801112729828,0.6315375353964267,-0.36853332335867345,-1.1349078286516774,0.5125073883117489,-0.7261096379863636,0.817493492805621,-0.054995723896095285,0.04828677709101498,0.9469348693800873,-0.2650942296552664,-0.346906115805872,-0.2428859121293205,-0.42492344065896576,0.6970183599862089,-0.4977704241326634,0.847614637992586,0.8282847580330871
0.5433312668118807,-0.02923659256577144,-0.03810101438593112,0.23170947433610517,-0.0689078926241428,-0.024551219739995713,-0.15882257935798919,-0.07571359868425201,0.39796188580828723,-0.07273956202665516,-0.14984545331988178,-0.3881024782634132,0.06435358281973104,0.011357580054540939,-0.3333329012935083,-0.4042960636705429,-0.04220317183493417,0.3365172651743074,-0.25698034478008375,0.10416328153145134,0.17915790156264141,-0.13619519737805547,0.480636098599136,-0.21881137029338918,0.4509817105080925,0.3712226049911885,-0.20634574193335806,0.1816636432798437,-0.1631355522039168,-0.05501865847730671,0.13697199930366163,0.2059271045554737,-0.18639321546965784,-0.26110132906692946,-0.20205040452130565,0.2896267009049968,0.2847242242727943,0.21877062142711315,0.21156281219974285,0.2803316585374438,-0.17390837112510868,0.2170618603416065,0.04871741857980797
-0.3850889214561839,0.08353304739468016,-0.037914897362488806,-0.01834872721166429,-0.1355124862032782,0.36054578662516773,0.271949302959941,0.037762308497237704,0.22007005914126124,0.05462036354324551,0.3283405009566002,0.25598245811628717,-0.04809397321911903,0.09561065184005617,0.37820438306875737,-0.014692041985857789,0.6453820251370095,0.0160140077604495,-0.13129128160737286,-0.4674354306715092,0.3705206429865505,0.3984081834217428,-0.21881137029338918,0.665001371359613,0.4319501070916805,0.3694297302325418,0.569377631425626,-0.21352707487629402,-0.20875725607552337,0.29318245031288825,-0.1765016549068835,0.0823907427646308,0.13931949790474535,-0.197552792389145,-0.07702141360767663,-0.18128088366024064,-0.15147343354229134,0.4431423063715247,-0.023607388842285883,-0.11612469455317562,0.30017702068027713,-0.2665060168450792,-0.21265099459181094
0.22880607703775066,-0.4676050213395992,-0.4184940284710255,0.8077508011416535,-0.5119208379274992,1.3881751711391455,0.1437062414720679,-0.5892174461881922,1.1044919912428461,0.21977996039790784,0.6437409898450409,-0.7396070248413709,0.7190981906482945,0.4238878842140813,0.4824141199136681,0.4209096919936506,0.6388094767239793,1.0159060725306044,-0.5434063121833934,-0.964692656858071,0.5138845807598496,-0.700276119233577,0.4509817105080925,0.4319501070916805,3.0219195970201276,0.44974105540568027,0.2024252584510986,-0.22822416439542448,0.04860616900434753,0.3435808684328654,0.9466055565676706,-0.3221057311501226,0.13595989885989526,-0.45030373841105237,-0.6331406481078893,-0.13398766248454738,0.860436573179647,1.3662983701298483,1.2182215559116678,-0.9734412706668683,0.4090140091750785,-0.7230168343664275,-0.5843306183962288
0.2298017667137711,0.27249626278523,-0.11418675702834985,0.12931451392044027,-0.13868174559036417,0.07264906594406392,0.15571788628857527,-0.20813045345482864,0.558147291975252,-0.19466234983352684,0.023142502864041674,-0.2836531527376407,9.545247428567367e-4,0.076232351913316,-0.06901444026793299,-1.0966494917336287,0.45963942081770714,0.5185646927504973,-0.5732837071130799,-0.286587859768652,0.45812546079243666,0.7395801112729828,0.3712226049911885,0.3694297302325418,0.44974105540568027,1.069396009749469,0.22991416440911858,-0.132976132559645,-0.6524580266495263,0.1276862980740597,-0.18910540500198514,0.6332877852766614,-0.23019021485742897,-0.37348832982598906,-0.25662395770465835,0.3649497654683287,-0.07265607337634325,0.43403530190454903,-0.06495916109680645,0.8865548909625812,-0.0827743615769076,0.3569867568890811,0.2616279796384913
-0.15403339394241056,0.228733436084584,-0.24699822361964205,0.01842746768889618,-0.24101870592925626,0.078404278463932,0.10955426286999233,0.12268515482653528,0.26958408359843516,0.18434590102771728,-0.020607772067058206,0.3531209877891957,-0.27129314343874283,-0.15683961339395644,-0.07701082129306111,0.11226834063262393,0.7536558230125956,0.07598922381118503,-0.18609884765982587,-0.03744032765840595,0.42561875168555974,0.6315375353964267,-0.20634574193335806,0.569377631425626,0.2024252584510986,0.22991416440911858,0.8599648858673965,0.030758730519595188,-0.18692650786143356,0.4935421592670407,-0.31079971191232547,-0.07858499227171954,0.2333821963472501,-0.628662791358409,0.18092035139108617,-0.43805732268218345,0.174396844594495,0.3625497714512435,-0.04223204421153819,-0.616140186093011,-0.015100186559345023,-0.03201900231915827,-0.10381052632209455
0.5554049928554995,-0.0874440405133817,0.253445009910099,0.05030794875022798,0.04791412237569146,-0.206924682475145,-0.441410403629043,0.6293701443427235,0.15637251749204317,0.18463122577381308,-0.19757034571058107,0.23069201363213893,-0.17242210765982882,-0.149149912518098,-0.40318186804722544,0.41630266201572713,0.11944427225950395,-0.3855889642680144,0.24784789380221564,0.3801031738556048,0.36722575026758225,-0.36853332335867345,0.1816636432798437,-0.21352707487629402,-0.22822416439542448,-0.132976132559645,0.030758730519595188,0.5360339195768906,0.0828174153069778,-0.09523570915663396,-0.09191266112939703,-0.10214352127450757,-0.1671289621556961,-0.3268717559121294,0.11869001761622337,-0.0134648796411004,0.257013068442477,0.026965445615969325,0.17374767632375165,-0.12552714318489597,-0.014100822387463364,0.015013985739269223,-0.5093834036113919
-0.09017684828693968,-0.32534652740673775,-0.12284209587218893,-0.09282904202913027,-0.14528560474599791,-0.08949433190971266,-0.24965675986486718,-0.14691926124987686,-0.01151523974242743,0.3814178417213313,0.42379380342695516,0.3010503274307378,-0.048644549139438234,0.22244516992468388,-6.114783976333381e-4,0.6757611181349081,0.022023668165355746,-0.08919791111027202,0.7551604478580594,0.1674418695872431,-0.15763486490720285,-1.1349078286516774,-0.1631355522039168,-0.20875725607552337,0.04860616900434753,-0.6524580266495263,-0.18692650786143356,0.0828174153069778,0.8232557620709128,-0.23679820153043057,0.4047759527696223,-0.7125800499334503,0.16548219756695473,-0.12259683117434626,-0.46198980390918837,-0.037936335667005695,0.23382307456032556,-0.13340617829716797,0.04322494588190193,-0.6869787422479154,0.08150821742684153,-0.33184339861908546,-0.09723488057943505
-0.504951173663961,0.1369719988786297,-0.22127205410507286,0.011334276527852651,-0.1452906984789608,-0.07824972624319429,0.6797481938220609,-0.2368853622862767,-0.033357307900323666,-0.4326279786785096,-0.4782040469648235,-0.16201431928695728,-0.6048512355993905,-0.2874351750527161,-0.32184002384604105,-0.3482543702320211,-0.04855291284848142,0.17774484170055918,-0.7414704476802654,0.18345410557880998,-0.23183432165665338,0.5125073883117489,-0.05501865847730671,0.29318245031288825,0.3435808684328654,0.1276862980740597,0.4935421592670407,-0.09523570915663396,-0.23679820153043057,0.9157839359425715,-0.49888848285937304,0.24531904640792904,0.8156196410600547,-0.33813130805478187,0.12869361507340005,-0.40998039234689526,0.058937594712248506,0.42983331380268297,-0.40390305502221213,-1.1417757814635714,-0.21544422021754672,-0.13124209615041188,0.4202830750773062
0.37666112846632416,-0.28920213900097275,-0.24559903474524156,0.32050769323901707,-0.17762089238615386,0.5388853219735843,-0.43477078865572993,-0.34665041405462393,0.3626621290870425,0.4723219543783746,0.5612812052426815,-0.2397166767829088,0.748783303845234,0.35545323571860327,0.3495296200887083,0.5396277167160133,0.15045283889820962,0.45925809564224607,0.3726161893168705,-0.38093374049968853,0.11571047542146282,-0.7261096379863636,0.13697199930366163,-0.1765016549068835,0.9466055565676706,-0.18910540500198514,-0.31079971191232547,-0.09191266112939703,0.4047759527696223,-0.49888848285937304,0.8904253047857101,-0.5554363446750321,-0.40863721632564715,0.050492909275333044,-0.3272767743464112,0.11295292829296628,0.4536487327424438,0.0744353725410762,0.7749860205447345,0.061755633433780356,0.15253585994033367,-0.1448134810564203,-0.27922913122527837
-0.10317107342015415,0.24950883287961165,0.26115747926533595,-0.07495747691267109,0.22161285745349574,-0.17228066635809178,0.4348328918903732,0.07293927044635774,-0.13787656986764274,-0.6189095887563466,-0.448159142167325,-0.3157508651780937,-0.23665637851253152,-0.17224529018905665,-0.10503359809564983,-0.9883284607104923,-0.31966197807707897,-0.04548626710629548,-0.7012536008646265,-0.02321783409717159,-0.08238396237871841,0.817493492805621,0.2059271045554737,0.0823907427646308,-0.3221057311501226,0.6332877852766614,-0.07858499227171954,-0.10214352127450757,-0.7125800499334503,0.24531904640792904,-0.5554363446750321,0.8691216902781006,0.033814801151111656,0.24734938688599925,0.1905463415907763,0.2545109304442538,-0.4641584053168445,0.0659763250555102,-0.41894753629429454,0.751478069688285,-0.09475987294140263,0.27369462734252686,0.32241937419566724
-0.7835746014416703,-0.02878163875640701,-0.1987320646846484,-0.15318676017006774,-0.12367457686887967,-0.22784313855983052,0.7517748982567212,-0.39934062682414584,-0.2533083178729819,-0.4444622240917908,-0.3118632827747916,-0.06121752226104722,-0.7314179186279172,-0.1665298532313578,-0.27347063003714545,-0.21855187391511266,-0.3037580675709522,0.048485301708717045,-0.4108260255661643,0.2791940261195947,-0.5543167873168002,-0.054995723896095285,-0.18639321546965784,0.13931949790474535,0.13595989885989526,-0.23019021485742897,0.2333821963472501,-0.1671289621556961,0.16548219756695473,0.8156196410600547,-0.40863721632564715,0.033814801151111656,1.0198917329218733,-0.1600185580164054,-0.14231964424035404,-0.3437942066622364,-0.05852328775114739,0.251741565921148,-0.626653354195861,-1.3780937298678653,-0.17170872377274063,-0.3182351245763817,0.565298920603854
-0.4493865919347108,-0.13606010774503918,0.5097984736738994,-0.13638439731062038,0.4926856348826073,0.30898485631303074,0.247933826176251,0.15871475312066213,-0.7765725724271807,-0.350553145890155,0.01654344369788088,-0.18182439856735125,0.4501968042657489,0.0564714157953782,0.7154864934902022,0.24844536244290433,-0.8309047461867531,-0.51578949458353,0.007102353621047318,-0.40769391106371683,-0.5536494159526147,0.04828677709101498,-0.26110132906692946,-0.197552792389145,-0.45030373841105237,-0.37348832982598906,-0.628662791358409,-0.3268717559121294,-0.12259683117434626,-0.33813130805478187,0.050492909275333044,0.24734938688599925,-0.1600185580164054,1.2720613892011838,0.4144457688452983,0.08393502953735488,-0.662286867574382,-0.44538873717068544,0.01736588980318823,0.6698595543548446,0.3674750309934501,-0.2393737307717614,-0.1857745480458865
0.059387013063155816,0.2378006934955684,0.2203607733966885,0.0290095177796067,0.31026855587347674,0.04295207659998386,-0.02235520788420202,0.5423321672509093,-0.5052388923480462,-0.1266514772111253,-0.6224745271332108,0.005498326351375282,0.14935705332135774,-0.444826829130683,0.030487716793010603,0.4089206058141273,-0.31296916883269954,-0.42052569865674583,-0.34515733117656583,0.11922166221590806,-0.09813311201265579,0.9469348693800873,-0.20205040452130565,-0.07702141360767663,-0.6331406481078893,-0.25662395770465835,0.18092035139108617,0.11869001761622337,-0.46198980390918837,0.12869361507340005,-0.3272767743464112,0.1905463415907763,-0.14231964424035404,0.4144457688452983,1.0683838292675725,-0.43499848291500687,-0.11227415472787003,-0.3389663846658038,0.14774689875041228,0.029476486257431243,-0.07089531859126978,0.1952169426285589,-0.25727236773755474
0.2647152348217925,-0.02838728135312351,0.11784965732720042,-0.048439695908424514,0.05252924909976974,-0.17016035426289425,-0.14611627408043487,-0.12041176123186466,0.16527532498432787,-0.06676130152558445,0.19202159307319436,-0.14669627451180972,0.08944828361418235,0.21857623923881406,-0.02974663247290693,-0.5972377892318295,-0.09272505948986387,0.12232569250454027,0.141921662727522,-0.04208205613746875,0.06419751713789089,-0.2650942296552664,0.2896267009049968,-0.18128088366024064,-0.13398766248454738,0.3649497654683287,-0.43805732268218345,-0.0134648796411004,-0.037936335667005695,-0.40998039234689526,0.11295292829296628,0.2545109304442538,-0.3437942066622364,0.08393502953735488,-0.43499848291500687,0.5696469875156586,-0.17006571041661564,-0.09593944428933861,-0.10201011248476845,0.9703056368888238,-0.009208515730109267,0.2178396592541782,0.16513743836306902
0.5910216854918057,-0.09208167788453285,-0.4233723291826056,0.37525551383804007,-0.32940661610438693,0.15199070640876527,-0.38824427782367404,-0.18279357028559534,0.5538650242505689,0.3919790920485138,-0.01572293759906961,-0.19187224447337592,0.1765058100442142,-0.018233569965078484,-0.36963609314327817,0.37068839327915115,0.3291196850192743,0.5252426371120817,-0.00484801844563626,0.1766654870018116,0.2714491019615236,-0.346906115805872,0.2847242242727943,-0.15147343354229134,0.860436573179647,-0.07265607337634325,0.174396844594495,0.257013068442477,0.23382307456032556,0.058937594712248506,0.4536487327424438,-0.4641584053168445,-0.05852328775114739,-0.662286867574382,-0.11227415472787003,-0.17006571041661564,0.8064592705442655,0.2870021948695001,0.5718313830159218,-0.7050798543308382,-0.23472076125598096,0.07356711202335219,-0.11444877327904913
0.02209382361750069,-0.19061522034509976,-0.013111148956466449,0.30052727403402835,-0.24038432548371855,0.5662109767972648,0.21101771135745567,0.028190751425770905,0.6160610059350791,-0.02085050119116253,0.22760101062474924,-0.14662713127368263,-0.031274843132008505,0.12474331094025615,0.10365311715925506,0.07848782977322565,0.5272530341884751,0.22795867971033074,-0.36531326839817824,-0.40445983456915097,0.4842444675698304,-0.2428859121293205,0.21877062142711315,0.4431423063715247,1.3662983701298483,0.43403530190454903,0.3625497714512435,0.026965445615969325,-0.13340617829716797,0.42983331380268297,0.0744353725410762,0.0659763250555102,0.251741565921148,-0.44538873717068544,-0.3389663846658038,-0.09593944428933861,0.2870021948695001,0.9138851780925943,0.35472755655514654,-0.5940906250504132,0.29062583650411955,-0.4680418129940355,-0.44471001132474125
0.7115759427803257,-0.28727952196094647,0.046297847816033244,0.5254557197144794,-0.0698459158132248,0.8865481811957531,-0.6033094324146355,0.3019242636770263,0.501098160931645,0.5292020080632583,0.38412567653853563,-0.19135630016875765,0.9166938755984146,0.18129122367379685,0.4236284838694403,0.9948825230182939,0.3889711807250682,0.1551350079412182,0.1623831557467777,-0.53343783883835,0.5825525699236279,-0.42492344065896576,0.21156281219974285,-0.023607388842285883,1.2182215559116678,-0.06495916109680645,-0.04223204421153819,0.17374767632375165,0.04322494588190193,-0.40390305502221213,0.7749860205447345,-0.41894753629429454,-0.626653354195861,0.01736588980318823,0.14774689875041228,-0.10201011248476845,0.5718313830159218,0.35472755655514654,1.2196528807576543,0.06980657876266128,0.3658854216605386,-0.2618201512457411,-0.9994255571344959
0.6401706762644542,0.29587108643974697,0.47301535782153065,-0.1289378224494157,0.39693407127690566,-0.08052853163949593,-0.5313237668529064,0.2954584562498735,0.02223462820900764,0.013842156556563118,0.3121578109407655,-0.06919982981333737,0.7290288727591276,0.27481430300510773,0.45419677959498844,-0.9719893823421778,0.024278909445522214,-0.09480081602913398,0.23212951886649083,-0.45523869643067205,0.42942403869285756,0.6970183599862089,0.2803316585374438,-0.11612469455317562,-0.9734412706668683,0.8865548909625812,-0.616140186093011,-0.12552714318489597,-0.6869787422479154,-1.1417757814635714,0.061755633433780356,0.751478069688285,-1.3780937298678653,0.6698595543548446,0.029476486257431243,0.9703056368888238,-0.7050798543308382,-0.5940906250504132,0.06980657876266128,3.050861812697375,0.16027137044653395,0.7561646856059986,-0.07523514635048034
-0.15117875301117017,-0.3025394675068758,0.4719801693283678,0.016354669775723113,0.1383708352915756,0.5959767394776698,-0.062459017033592384,0.5163236674165869,0.023805962114898785,0.15079938567655796,0.535010514537046,0.2872059862997394,0.30506292682529146,0.24416142693346554,0.6725838354501648,0.7171877292101267,0.266755151626237,-0.5239565364106284,0.34863900127967323,-0.590178725122279,0.35575352122647397,-0.4977704241326634,-0.17390837112510868,0.30017702068027713,0.4090140091750785,-0.0827743615769076,-0.015100186559345023,-0.014100822387463364,0.08150821742684153,-0.21544422021754672,0.15253585994033367,-0.09475987294140263,-0.17170872377274063,0.3674750309934501,-0.07089531859126978,-0.009208515730109267,-0.23472076125598096,0.29062583650411955,0.3658854216605386,0.16027137044653395,0.6809633406759188,-0.6222686636731811,-0.9107540420594387
0.40669306324198073,0.44002318323375555,-0.34889098764350734,-0.03303132728135229,-0.03348712512011321,-0.5793909994533908,-0.17913265578000723,-0.328248260132431,0.020364376869065018,-0.04794681802373871,-0.44016749365000135,-0.2227271790982068,-0.03887943335365632,-0.1983369746648611,-0.5180975318164411,-0.8887431623485518,-0.11131518304197272,0.47234341369422067,-0.2546706554303088,0.4350313036890868,-0.10538070992796955,0.847614637992586,0.2170618603416065,-0.2665060168450792,-0.7230168343664275,0.3569867568890811,-0.03201900231915827,0.015013985739269223,-0.33184339861908546,-0.13124209615041188,-0.1448134810564203,0.27369462734252686,-0.3182351245763817,-0.2393737307717614,0.1952169426285589,0.2178396592541782,0.07356711202335219,-0.4680418129940355,-0.2618201512457411,0.7561646856059986,-0.6222686636731811,0.8813929828274832,0.7809608616771444
-0.5102194086088305,0.4643637783521761,-0.803242874594557,-0.23257499935381984,-0.2150116160221582,-0.8380854602079462,0.64552013608995,-1.347411194022887,-0.25797109906108306,-0.518857878840622,-0.506987221668158,-0.5244232802964058,-0.5266544793284983,-0.1411193475631775,-0.6130248049150953,-1.6199261392850743,-0.5717292330941959,0.9671666365168814,-0.6280355220871883,0.547173202832116,-0.9465075669750791,0.8282847580330871,0.04871741857980797,-0.21265099459181094,-0.5843306183962288,0.2616279796384913,-0.10381052632209455,-0.5093834036113919,-0.09723488057943505,0.4202830750773062,-0.27922913122527837,0.32241937419566724,0.565298920603854,-0.1857745480458865,-0.25727236773755474,0.16513743836306902,-0.11444877327904913,-0.44471001132474125,-0.9994255571344959,-0.07523514635048034,-0.9107540420594387,0.7809608616771444,1.8969006394915893
