V1,V2,V3,V4,V5,V6,V7,V8,V9,V10,V11,V12,V13,V14,V15,V16,V17,V18,V19,V20,V21,V22,V23,V24,V25,V26,V27,V28,V29,V30,V31,V32,V33,V34,V35,V36,V37,V38,V39,V40,V41,V42,V43
5.574473743376388,6.373328458544623,25.649287010607555,2.906852129189935,-8.505478653747591,-3.7614600819965927,-41.65359681090236,15.2085109660571,-22.879409313687756,13.852128835911227,-15.429382686409763,-0.2525521634488052,7.1774330453542525,8.672913080038072,14.488966414673307,-23.056969410286047,-17.016913181106162,-42.56379428903847,-3.7584327161834468,-6.120110548269028,-27.218280689717595,-6.928968214693781,-4.06429568410554,5.061362006185137,-28.64342555338651,-12.541367664250076,8.606429948573673,-1.9515992131587394,12.176688066333146,-10.45823513017101,3.982534566886857,-7.750945045519057,-8.656817396002566,6.714214395618459,-22.24585538607781,10.747055175246388,-2.271593988633278,8.512326692414394,-21.39251995638993,-24.405584920300573,2.403019088590194,9.119543528259193,-8.950827976754942
6.373328458544623,7.510688187939177,29.91363886371883,3.620875534961403,-9.859754477618528,-4.526906839143788,-48.78071540111125,17.936713459701902,-27.2079702947703,16.39607048510319,-17.969974408429238,-0.02208273686787861,8.595724663926136,9.811246523885853,17.353313977417553,-27.51166557513186,-20.060680773701943,-50.304194552387735,-4.616043033020451,-6.87459872187923,-31.88393928745401,-8.076613495374746,-4.743852116338111,5.704206351253882,-33.91194825132259,-15.153903175951697,10.24410937870885,-1.9670702220481089,13.899971170905038,-12.765621629858984,4.715543996278036,-9.364229377133332,-10.28386730625636,7.835839969642087,-26.263138179679657,12.470737315087955,-2.7586786585257426,10.192358285125021,-24.895344182092547,-28.63393776471002,2.769085819951223,10.51492652851319,-10.55788026684715
25.649287010607555,29.91363886371883,120.83365072366568,14.834351479867179,-39.46194877323836,-17.92049913608894,-195.90401411051226,72.88377686470308,-109.38220298134111,65.44356898002648,-72.61890547502466,-0.20438426058130293,34.11247922749694,39.12575466097507,69.79009369168496,-110.85537034215399,-80.93417712531433,-202.91107500296414,-19.418486950414405,-27.554228899565825,-127.97629649146977,-32.568146111715784,-18.77894694670497,23.058570192340227,-135.96192061533236,-60.724051867036856,41.36867765133015,-7.528429597591129,55.157673049637076,-50.897009017112424,18.26358988761273,-37.21139615603076,-41.24034179239871,31.248427221112966,-105.71626158546577,50.34525428104322,-11.271085155178893,41.73840514891003,-99.94896656600177,-115.45377139216754,11.423136801821304,41.73988268886373,-43.20724197290567
2.906852129189935,3.620875534961403,14.834351479867179,2.2737975361806666,-4.592491673403094,-2.271574206400538,-23.878684098928314,9.447186987143326,-14.036630809420183,8.082850378414722,-8.88810251211769,0.3602355045258624,4.291624755717142,4.106632740094539,9.156464448030174,-14.477164438506364,-10.226274140759287,-25.840205687476622,-3.0731614914544525,-2.875448850152483,-15.579116644457722,-3.967552888611336,-2.145052459977934,2.520447513473122,-17.05543771628177,-8.082320307282998,5.3997802273468105,-0.2516887014684066,5.8784531893960095,-6.8702451034908805,2.032241296602411,-4.817266432315843,-5.224639118186134,3.6825968977255372,-13.31855319431499,6.054660332320299,-1.6084268840975857,5.789967981384344,-11.925790446541498,-14.355292006915239,1.450235823553134,4.621666641074469,-5.72762193937821
-8.505478653747591,-9.859754477618528,-39.46194877323836,-4.592491673403094,13.120949588124862,5.886237476612688,64.42795726342301,-23.450353819672728,35.60166429600034,-21.56480335839059,23.724781848525037,0.2291035538233817,-11.217199334009631,-13.243631014812607,-22.626513447927465,35.87083540246034,26.38854710492072,65.92597186341722,5.861498477586277,9.27867496511428,42.14543766596918,10.689494903486542,6.337364307874003,-7.680500216738738,44.543819131479225,19.69940993776253,-13.37343607514683,2.9183854253008175,-18.674983046948945,16.491306205015363,-6.206021012328549,12.253239666734428,13.532453952159857,-10.317208673728368,34.53517720174377,-16.606829216466174,3.557141773746266,-13.13338686023415,32.956560477932186,37.69864020916232,-3.644243279497542,-14.05100113382806,13.78691711815591
-3.7614600819965927,-4.526906839143788,-17.92049913608894,-2.271574206400538,5.886237476612688,2.7713438188076855,29.329657750880976,-10.828947068591093,16.536488997365122,-9.934883451136267,10.754117799719591,-0.1048643310997738,-5.2461220324028055,-5.749553065775012,-10.600681699726373,16.75205354341989,12.123924694614441,30.43184806005827,2.866868988206756,4.001049929549527,19.179805491512475,4.848248369676923,2.8496545150815087,-3.3292724022022613,20.547428398206463,9.321051892671681,-6.227185262499566,1.0495559080278345,-8.20309108964172,7.898789538836377,-2.854025978192492,5.767252593284461,6.251800609932664,-4.688938282569555,15.888703354461153,-7.45757847634348,1.6998069417491075,-6.21393318847729,14.892389914867758,17.23941330820975,-1.6428780705868262,-6.24689442227119,6.377793240240263
-41.65359681090236,-48.78071540111125,-195.90401411051226,-23.878684098928314,64.42795726342301,29.329657750880976,319.03809445086426,-117.69365576321968,177.96313346350604,-106.94261832477775,117.7187924484903,0.261213866366589,-55.811910774272896,-63.990993572207294,-113.55975574569821,180.00439134402365,131.54771467640387,329.3216071220597,30.833564346771578,44.85473741718662,208.5907010362869,52.9417421250989,30.945526624152553,-37.40472333805431,221.63407736070567,99.06084871149758,-67.11439172514687,12.771832646631507,-90.4026162060786,83.14542353768219,-30.20269460498485,61.15522415333358,67.38430384427642,-50.85083786931041,172.0241850285984,-82.00054182803986,18.191441716925503,-66.94286391877574,162.65846747992381,187.47535426250025,-18.268214183887576,-68.40943686511271,69.54011662277689
15.2085109660571,17.936713459701902,72.88377686470308,9.447186987143326,-23.450353819672728,-10.828947068591093,-117.69365576321968,44.571585847280794,-66.47385521521582,39.35262945645982,-43.77721974358649,0.259951893119449,20.582508225582508,22.76897160818963,42.616180050297594,-67.70275770170637,-49.043783776641575,-123.27537242743668,-12.551019337522465,-16.062438109186242,-76.82616319794492,-19.58050895560915,-11.058749720570512,13.584711826396264,-82.13707681429992,-37.14574090574869,25.273737704742327,-3.7319133495470607,32.15260551747098,-31.213466169937966,10.683786461197094,-22.529057682934518,-24.931877100249185,18.656635025142467,-63.981994617838,30.153914721365283,-7.04585098941966,26.01041283764468,-59.80830061638046,-69.7627188745995,6.990440001789727,24.51097799277485,-26.598724901761983
-22.879409313687756,-27.2079702947703,-109.38220298134111,-14.036630809420183,35.60166429600034,16.536488997365122,177.96313346350604,-66.47385521521582,100.39426683380296,-59.8712267535853,65.6797944639073,-0.4898248627192913,-31.401701293958517,-34.65908858462074,-64.3798705600484,101.93097808909596,73.91305991786113,185.39961203568126,18.233637681552977,24.252748985686328,116.32365710521927,29.512902757521037,17.05424890843018,-20.380401298803033,124.43323744290565,56.366593511041486,-37.98879637042798,6.083882745688583,-49.146958886814296,47.50011252959197,-16.62303792450568,34.60069094967844,37.902350077110306,-28.202023478973235,96.62130350098802,-45.56304941523876,10.501798728918281,-38.398081061462435,90.33109993096922,104.98710523732446,-10.25223456707383,-37.46565868912673,39.445381288216836
13.852128835911227,16.39607048510319,65.44356898002648,8.082850378414722,-21.56480335839059,-9.934883451136267,-106.94261832477775,39.35262945645982,-59.8712267535853,36.018641333202346,-39.305858385268834,0.08981582680358809,18.873579861114248,21.294168528048672,38.27599194745523,-60.5490345533678,-44.1242596639422,-110.47004816860174,-10.314788382831745,-14.859557074586444,-69.95328180703468,-17.71338003577469,-10.42402500613107,12.376351142948083,-74.54640852394206,-33.51585288405429,22.548040084936666,-4.1757839821899765,30.200696303563113,-28.229874382770905,10.249196710548357,-20.766048132261986,-22.70441277909104,17.033039405316405,-57.76151856471472,27.407695312393486,-6.123214468032264,22.398516798929677,-54.414660311627806,-62.785820282510606,6.038468725161763,22.909942899974862,-23.20898241741694
-15.429382686409763,-17.969974408429238,-72.61890547502466,-8.88810251211769,23.724781848525037,10.754117799719591,117.7187924484903,-43.77721974358649,65.6797944639073,-39.305858385268834,43.64608588326864,0.15410051070150368,-20.47653149047738,-23.55076342686942,-41.89325256567871,66.5538758244292,48.617551725143144,121.87128284885206,11.643382199186036,16.590954439974507,76.90097705789566,19.57027564428444,11.288422036233907,-13.882181138304185,81.66003423922983,36.43470613936975,-24.83967703469292,4.563861646219338,-33.18446889607467,30.524808581374838,-10.967261548401629,22.3290980237666,24.76801051804784,-18.778374708714836,63.49995447042977,-30.26816585929609,6.762449442966598,-25.049277813327425,60.07651011903968,69.36452061126539,-6.8677211430924325,-25.103006599388312,25.95109300896235
-0.2525521634488052,-0.02208273686787861,-0.20438426058130293,0.3602355045258624,0.2291035538233817,-0.1048643310997738,0.261213866366589,0.259951893119449,-0.4898248627192913,0.08981582680358809,0.15410051070150368,0.3824539366226,0.1543339746324317,-0.6190923487333462,0.4963667411016351,-0.6781424289506595,-0.16275867479658174,-0.586448569117664,-0.4662329661194621,0.48213531498887413,0.17174886817576338,0.06671096931728408,0.10412054576912888,-0.33305955317246744,-0.31436391949947146,-0.5861294875370913,0.23347163613227642,0.5579673567594776,-0.7367873802843665,-0.6255471500460518,-0.0804419916948889,-0.2980959365529826,-0.1464591428714265,-0.12564346284517328,-0.2217448955011032,-0.18656660392469324,-0.1673161273161776,0.43876181085290444,0.3733278248249873,-0.021104592768414282,-0.0209293744793876,-0.4002674904326213,-0.21705816694913982
7.1774330453542525,8.595724663926136,34.11247922749694,4.291624755717142,-11.217199334009631,-5.2461220324028055,-55.811910774272896,20.582508225582508,-31.401701293958517,18.873579861114248,-20.47653149047738,0.1543339746324317,9.942328296654605,10.991564904555975,20.11500409613369,-31.79436400772964,-23.05905581264486,-57.82845200824408,-5.43516733087472,-7.654436621293773,-36.50215554153835,-9.228766170007615,-5.4300888862918635,6.372206794536447,-39.04425045014593,-17.664756819523674,11.825628951479118,-2.0541483374574563,15.652288545990542,-14.942151552308957,5.403503276977396,-10.936828911854,-11.886547716389208,8.908949131360178,-30.20909787053238,14.228640824920141,-3.22416679572524,11.779383887451003,-28.354346638803545,-32.7895689624051,3.132401023493683,11.908536697334272,-12.127297683166606
8.672913080038072,9.811246523885853,39.12575466097507,4.106632740094539,-13.243631014812607,-5.749553065775012,-63.990993572207294,22.76897160818963,-34.65908858462074,21.294168528048672,-23.55076342686942,-0.6190923487333462,10.991564904555975,13.807073878601809,21.824015194541886,-34.67826412226119,-25.860854385375063,-64.41389849227653,-5.150076128664591,-9.700783261574077,-41.873472307883105,-10.62589147674727,-6.423555163268494,7.926747631877516,-43.744912638887286,-18.874681376125288,12.934517369660995,-3.5465215110920227,19.36966831178975,-15.695054757778431,6.333633823675859,-11.864396799373381,-13.233841555658362,10.371025566131298,-33.87467419904274,16.581113904030712,-3.304947570709422,12.38240706981277,-32.993795308823174,-37.18392769182535,3.576577178666263,14.40224715834305,-13.26848141371928
14.488966414673307,17.353313977417553,69.79009369168496,9.156464448030174,-22.626513447927465,-10.600681699726373,-113.55975574569821,42.616180050297594,-64.3798705600484,38.27599194745523,-41.89325256567871,0.4963667411016351,20.11500409613369,21.824015194541886,41.37911921206052,-65.46037407059124,-47.31743609087551,-118.74821831125506,-11.917129959056737,-15.249291740897533,-74.2295397841382,-18.821634569575117,-10.839491428388522,12.861527213149433,-79.64235459004617,-36.294716163393254,24.392431205058607,-3.6058892165867285,31.000055610498762,-30.636067240653897,10.542106641826964,-22.2454214767329,-24.295133359162765,17.93203387730812,-61.84799204436492,29.039944034056067,-6.801931138555587,24.762232763171347,-57.513123697800516,-67.0867222999934,6.547453552536806,23.71796045185401,-25.332995671869185
-23.056969410286047,-27.51166557513186,-110.85537034215399,-14.477164438506364,35.87083540246034,16.75205354341989,180.00439134402365,-67.70275770170637,101.93097808909596,-60.5490345533678,66.5538758244292,-0.6781424289506595,-31.79436400772964,-34.67826412226119,-65.46037407059124,103.68889748186362,74.97657138393745,188.2911645830655,18.929533083863806,24.29993996573531,117.60909277575563,29.855711269347886,17.109421996615673,-20.497663281414507,126.0689202832,57.31645413220428,-38.65185450243041,5.7246106704677855,-49.190224571810276,48.33978668676265,-16.64845834825578,35.02689791993548,38.38867851775265,-28.487308731836503,97.96000212696538,-46.025132320275624,10.768591585167965,-39.3824992137099,91.26988595511882,106.42655725996242,-10.458889840112187,-37.59433935562894,40.27165500248992
-17.016913181106162,-20.060680773701943,-80.93417712531433,-10.226274140759287,26.38854710492072,12.123924694614441,131.54771467640387,-49.043783776641575,73.91305991786113,-44.1242596639422,48.617551725143144,-0.16275867479658174,-23.05905581264486,-25.860854385375063,-47.31743609087551,74.97657138393745,54.55533821676068,136.70892509275882,13.345406212610643,18.1286249950991,85.98682127014199,21.842665302036878,12.622872440077776,-15.226537420772015,91.7164842807878,41.33386959007723,-27.964987455920937,4.732071744295726,-36.566311546363934,34.72961798736403,-12.222619668532303,25.380676016104985,27.928603659522317,-20.840411803881608,71.28221484915426,-33.789089943474956,7.698988055227778,-28.213437837797947,66.87064659887899,77.56195103644073,-7.610689727905442,-27.802323764775167,29.110965147721114
-42.56379428903847,-50.304194552387735,-202.91107500296414,-25.840205687476622,65.92597186341722,30.43184806005827,329.3216071220597,-123.27537242743668,185.39961203568126,-110.47004816860174,121.87128284885206,-0.586448569117664,-57.82845200824408,-64.41389849227653,-118.74821831125506,188.2911645830655,136.70892509275882,343.0469951049247,33.78858338177197,45.220729147658794,215.16362810366138,54.685731948783875,31.42376829286799,-38.014092952623194,229.7824924157622,103.7243597271854,-70.21873339158333,11.390929860535783,-91.14008400245142,87.25263944920718,-30.567755189425533,63.476746434357054,69.86641792680902,-52.27690874295685,178.6012313588383,-84.3898859497437,19.38264569523067,-71.23744128096942,167.3983558412183,194.44232954406633,-19.153222887333488,-69.35706583200341,73.2251680992892
-3.7584327161834468,-4.616043033020451,-19.418486950414405,-3.0731614914544525,5.861498477586277,2.866868988206756,30.833564346771578,-12.551019337522465,18.233637681552977,-10.314788382831745,11.643382199186036,-0.4662329661194621,-5.43516733087472,-5.150076128664591,-11.917129959056737,18.929533083863806,13.345406212610643,33.78858338177197,4.32113910640473,3.662794871208765,20.07786922275163,5.145929689344885,2.6575251318233204,-3.2835580143514704,21.998950197483985,10.440799284534634,-7.088655227520698,0.12909919885246404,-7.2934245717504185,8.81957626161443,-2.399659627521623,6.089423808920379,6.731559138037186,-4.699621904265865,17.30132530026596,-7.869947425614073,2.164087456549429,-7.8309191219228,15.38430180473701,18.711753329996863,-1.981622863278818,-5.775289208728454,7.7063489606932585
-6.120110548269028,-6.87459872187923,-27.554228899565825,-2.875448850152483,9.27867496511428,4.001049929549527,44.85473741718662,-16.062438109186242,24.252748985686328,-14.859557074586444,16.590954439974507,0.48213531498887413,-7.654436621293773,-9.700783261574077,-15.249291740897533,24.29993996573531,18.1286249950991,45.220729147658794,3.662794871208765,6.852525915961955,29.32367526175288,7.457660307085259,4.459463395262358,-5.609148441832437,30.584884224284625,13.134032096696725,-9.072883357068154,2.4709280206736275,-13.570094862823655,10.897839582768405,-4.389580155177413,8.198005147838822,9.221118682377499,-7.292779816614227,23.72020778656824,-11.624672928255555,2.319918907378342,-8.772965193369814,23.173179613265557,26.118516596898733,-2.5534912310898994,-10.076858293861363,9.382494768997205
-27.218280689717595,-31.88393928745401,-127.97629649146977,-15.579116644457722,42.14543766596918,19.179805491512475,208.5907010362869,-76.82616319794492,116.32365710521927,-69.95328180703468,76.90097705789566,0.17174886817576338,-36.50215554153835,-41.873472307883105,-74.2295397841382,117.60909277575563,85.98682127014199,215.16362810366138,20.07786922275163,29.32367526175288,136.40679268679435,34.60680797770201,20.279852894517028,-24.444146235290766,144.92226725764934,64.7797593352394,-43.847167449967344,8.423424025164925,-59.167226955929,54.37026048372327,-19.77716544535337,40.05222143675839,44.09205103824623,-33.22107579664738,112.46125845186961,-53.63957623991803,11.876782330103968,-43.63348002052826,106.32638400902394,122.50589228710407,-11.905814461450168,-44.772285763806394,45.374042138626145
-6.928968214693781,-8.076613495374746,-32.568146111715784,-3.967552888611336,10.689494903486542,4.848248369676923,52.9417421250989,-19.58050895560915,29.512902757521037,-17.71338003577469,19.57027564428444,0.06671096931728408,-9.228766170007615,-10.62589147674727,-18.821634569575117,29.855711269347886,21.842665302036878,54.685731948783875,5.145929689344885,7.457660307085259,34.60680797770201,8.818522222399613,5.112662838054929,-6.223522642845981,36.730465692518024,16.409161388023154,-11.13530140713318,2.1056551481056083,-15.00029911779945,13.746286918581593,-4.9842033214700905,10.106548533871502,11.153585471171874,-8.43718020922669,28.54960445228884,-13.6161400842351,3.015971580286583,-11.158126387046302,27.003189205401775,31.15754622297993,-3.055893395533673,-11.325697231982016,11.589141064693049
-4.06429568410554,-4.743852116338111,-18.77894694670497,-2.145052459977934,6.337364307874003,2.8496545150815087,30.945526624152553,-11.058749720570512,17.05424890843018,-10.42402500613107,11.288422036233907,0.10412054576912888,-5.4300888862918635,-6.423555163268494,-10.839491428388522,17.109421996615673,12.622872440077776,31.42376829286799,2.6575251318233204,4.459463395262358,20.279852894517028,5.112662838054929,3.1189657008591554,-3.6671777048393093,21.42922529586975,9.482066308034264,-6.368960626787276,1.5157107716090668,-9.088173580332386,7.955218334751123,-3.062990790191572,5.990202021793021,6.5458116995909,-4.941707696131597,16.556239362687865,-7.98956099948049,1.6756559498374604,-6.092169640190063,15.80799914000326,17.9921749386516,-1.6843205287850012,-6.839100242737973,6.456082995358641
5.061362006185137,5.704206351253882,23.058570192340227,2.520447513473122,-7.680500216738738,-3.3292724022022613,-37.40472333805431,13.584711826396264,-20.380401298803033,12.376351142948083,-13.882181138304185,-0.33305955317246744,6.372206794536447,7.926747631877516,12.861527213149433,-20.497663281414507,-15.226537420772015,-38.014092952623194,-3.2835580143514704,-5.609148441832437,-24.444146235290766,-6.223522642845981,-3.6671777048393093,4.632895643509579,-25.58794876116807,-11.079320658094753,7.66198832938137,-1.8933880453950298,11.07588879092482,-9.191006705630713,3.5536179805214982,-6.860091438523557,-7.7309309891117275,6.030886712157062,-19.891926231998955,9.706383330474768,-2.0031767784113708,7.527959816602377,-19.266410768341576,-21.872642695775205,2.16729300169347,8.264677937243619,-7.990285522261828
-28.64342555338651,-33.91194825132259,-135.96192061533236,-17.05543771628177,44.543819131479225,20.547428398206463,221.63407736070567,-82.13707681429992,124.43323744290565,-74.54640852394206,81.66003423922983,-0.31436391949947146,-39.04425045014593,-43.744912638887286,-79.64235459004617,126.0689202832,91.7164842807878,229.7824924157622,21.998950197483985,30.584884224284625,144.92226725764934,36.730465692518024,21.42922529586975,-25.58794876116807,154.62716562707507,69.6848426122874,-46.97751850437285,8.215484352730632,-61.983707457817886,58.66829530081088,-20.932606983075342,42.97732232118344,47.09867868227836,-35.2044381346273,119.96115260977267,-56.82507856686096,12.863989979670313,-47.04967116141358,112.67596989609169,130.4082028678194,-12.655418630210741,-47.116258245944394,48.59584416447326
-12.541367664250076,-15.153903175951697,-60.724051867036856,-8.082320307282998,19.69940993776253,9.321051892671681,99.06084871149758,-37.14574090574869,56.366593511041486,-33.51585288405429,36.43470613936975,-0.5861294875370913,-17.664756819523674,-18.874681376125288,-36.294716163393254,57.31645413220428,41.33386959007723,103.7243597271854,10.440799284534634,13.134032096696725,64.7797593352394,16.409161388023154,9.482066308034264,-11.079320658094753,69.6848426122874,31.94036201245805,-21.338848612021525,3.02087819678122,-26.902303273802143,27.02476981656479,-9.260592927195642,19.625925457733295,21.294957052759337,-15.61065363309636,54.06436874071482,-25.282160126440868,5.968578999028491,-21.62205685117776,50.06429578016846,58.51062771187069,-5.656266805290304,-20.629080281540705,22.067671086212403
8.606429948573673,10.24410937870885,41.36867765133015,5.3997802273468105,-13.37343607514683,-6.227185262499566,-67.11439172514687,25.273737704742327,-37.98879637042798,22.548040084936666,-24.83967703469292,0.23347163613227642,11.825628951479118,12.934517369660995,24.392431205058607,-38.65185450243041,-27.964987455920937,-70.21873339158333,-7.088655227520698,-9.072883357068154,-43.847167449967344,-11.13530140713318,-6.368960626787276,7.66198832938137,-46.97751850437285,-21.338848612021525,14.41417949091289,-2.135924086160939,18.325817110524824,-17.9795112583353,6.171241979655932,-13.027005302270913,-14.305821049113172,10.61102716714561,-36.52401820935584,17.180715573143708,-4.020243987440843,14.70611365603002,-34.03595288297632,-39.69486022069674,3.9149805465046312,14.004691781262396,-15.046878572851021
-1.9515992131587394,-1.9670702220481089,-7.528429597591129,-0.2516887014684066,2.9183854253008175,1.0495559080278345,12.771832646631507,-3.7319133495470607,6.083882745688583,-4.1757839821899765,4.563861646219338,0.5579673567594776,-2.0541483374574563,-3.5465215110920227,-3.6058892165867285,5.7246106704677855,4.732071744295726,11.390929860535783,0.12909919885246404,2.4709280206736275,8.423424025164925,2.1056551481056083,1.5157107716090668,-1.8933880453950298,8.215484352730632,3.02087819678122,-2.135924086160939,1.5656299587765885,-4.8886477441744765,2.3935793206648355,-1.510602987406327,2.154267652438707,2.4811549552648273,-2.162234128028354,6.2647470289675065,-3.4534165591808312,0.3770320927230962,-1.4817497613098183,6.836359337188059,6.997822289923683,-0.5928418862380467,-3.4613286953455558,1.9992618140390668
12.176688066333146,13.899971170905038,55.157673049637076,5.8784531893960095,-18.674983046948945,-8.20309108964172,-90.4026162060786,32.15260551747098,-49.146958886814296,30.200696303563113,-33.18446889607467,-0.7367873802843665,15.652288545990542,19.36966831178975,31.000055610498762,-49.190224571810276,-36.566311546363934,-91.14008400245142,-7.2934245717504185,-13.570094862823655,-59.167226955929,-15.00029911779945,-9.088173580332386,11.07588879092482,-61.983707457817886,-26.902303273802143,18.325817110524824,-4.8886477441744765,27.26395771728126,-22.44812237726817,9.038025519256239,-16.934410483379818,-18.76178155330666,14.659757523786432,-47.93768907600498,23.343773901769552,-4.692806281747509,17.532924346088855,-46.539633184243876,-52.530739318918656,5.006876489254497,20.3054595367798,-18.713326560290948
-10.45823513017101,-12.765621629858984,-50.897009017112424,-6.8702451034908805,16.491306205015363,7.898789538836377,83.14542353768219,-31.213466169937966,47.50011252959197,-28.229874382770905,30.524808581374838,-0.6255471500460518,-14.942151552308957,-15.695054757778431,-30.636067240653897,48.33978668676265,34.72961798736403,87.25263944920718,8.81957626161443,10.897839582768405,54.37026048372327,13.746286918581593,7.955218334751123,-9.191006705630713,58.66829530081088,27.02476981656479,-17.9795112583353,2.3935793206648355,-22.44812237726817,22.94399800270541,-7.840051279654572,16.60721767451489,17.930337469703467,-13.119486977290054,45.45663696097023,-21.135367510604688,5.045119374293236,-18.235926902814654,41.9613690015655,49.12181445600585,-4.717222525160915,-17.263341281307245,18.525771237478764
3.982534566886857,4.715543996278036,18.26358988761273,2.032241296602411,-6.206021012328549,-2.854025978192492,-30.20269460498485,10.683786461197094,-16.62303792450568,10.249196710548357,-10.967261548401629,-0.0804419916948889,5.403503276977396,6.333633823675859,10.542106641826964,-16.64845834825578,-12.222619668532303,-30.567755189425533,-2.399659627521623,-4.389580155177413,-19.77716544535337,-4.9842033214700905,-3.062990790191572,3.5536179805214982,-20.932606983075342,-9.260592927195642,6.171241979655932,-1.510602987406327,9.038025519256239,-7.840051279654572,3.173514649161613,-5.866633681321402,-6.338167527810362,4.935571793565091,-16.08595207881355,7.675800145655675,-1.582776573577756,5.86645761536178,-15.47782295038402,-17.523494844213317,1.6041884910319704,6.771519706532953,-6.167925831706326
-7.750945045519057,-9.364229377133332,-37.21139615603076,-4.817266432315843,12.253239666734428,5.767252593284461,61.15522415333358,-22.529057682934518,34.60069094967844,-20.766048132261986,22.3290980237666,-0.2980959365529826,-10.936828911854,-11.864396799373381,-22.2454214767329,35.02689791993548,25.380676016104985,63.476746434357054,6.089423808920379,8.198005147838822,40.05222143675839,10.106548533871502,5.990202021793021,-6.860091438523557,42.97732232118344,19.625925457733295,-13.027005302270913,2.154267652438707,-16.934410483379818,16.60721767451489,-5.866633681321402,12.221829514485256,13.17900859873556,-9.632933648851175,33.25650974828721,-15.649142926675257,3.5932936013910424,-12.902919060539379,30.918628726745418,35.90630019205228,-3.385601590706148,-12.947090876576745,13.300272873546243
-8.656817396002566,-10.28386730625636,-41.24034179239871,-5.224639118186134,13.532453952159857,6.251800609932664,67.38430384427642,-24.931877100249185,37.902350077110306,-22.70441277909104,24.76801051804784,-0.1464591428714265,-11.886547716389208,-13.233841555658362,-24.295133359162765,38.38867851775265,27.928603659522317,69.86641792680902,6.731559138037186,9.221118682377499,44.09205103824623,11.153585471171874,6.5458116995909,-7.7309309891117275,47.09867868227836,21.294957052759337,-14.305821049113172,2.4811549552648273,-18.76178155330666,17.930337469703467,-6.338167527810362,13.17900859873556,14.398748942720555,-10.63742415041812,36.53336440910593,-17.31626249716203,3.936093819223179,-14.265035617250751,34.18857060640138,39.613633880603224,-3.8189054218458973,-14.295884376370667,14.757666044899242
6.714214395618459,7.835839969642087,31.248427221112966,3.6825968977255372,-10.317208673728368,-4.688938282569555,-50.85083786931041,18.656635025142467,-28.202023478973235,17.033039405316405,-18.778374708714836,-0.12564346284517328,8.908949131360178,10.371025566131298,17.93203387730812,-28.487308731836503,-20.840411803881608,-52.27690874295685,-4.699621904265865,-7.292779816614227,-33.22107579664738,-8.43718020922669,-4.941707696131597,6.030886712157062,-35.2044381346273,-15.61065363309636,10.61102716714561,-2.162234128028354,14.659757523786432,-13.119486977290054,4.935571793565091,-9.632933648851175,-10.63742415041812,8.21697842063726,-27.27834257756905,13.004706439265894,-2.827326232282201,10.5568324838397,-26.033770883635214,-29.84092216205292,2.9057607806762986,11.03753024816201,-10.969157267258968
-22.24585538607781,-26.263138179679657,-105.71626158546577,-13.31855319431499,34.53517720174377,15.888703354461153,172.0241850285984,-63.981994617838,96.62130350098802,-57.76151856471472,63.49995447042977,-0.2217448955011032,-30.20909787053238,-33.87467419904274,-61.84799204436492,97.96000212696538,71.28221484915426,178.6012313588383,17.30132530026596,23.72020778656824,112.46125845186961,28.54960445228884,16.556239362687865,-19.891926231998955,119.96115260977267,54.06436874071482,-36.52401820935584,6.2647470289675065,-47.93768907600498,45.45663696097023,-16.08595207881355,33.25650974828721,36.53336440910593,-27.27834257756905,93.17481220941974,-44.15751154810168,10.032732189204637,-36.744417681024586,87.44894022450376,101.34943552216934,-9.90230185743426,-36.43863372956116,37.931749878040954
10.747055175246388,12.470737315087955,50.34525428104322,6.054660332320299,-16.606829216466174,-7.45757847634348,-82.00054182803986,30.153914721365283,-45.56304941523876,27.407695312393486,-30.26816585929609,-0.18656660392469324,14.228640824920141,16.581113904030712,29.039944034056067,-46.025132320275624,-33.789089943474956,-84.3898859497437,-7.869947425614073,-11.624672928255555,-53.63957623991803,-13.6161400842351,-7.98956099948049,9.706383330474768,-56.82507856686096,-25.282160126440868,17.180715573143708,-3.4534165591808312,23.343773901769552,-21.135367510604688,7.675800145655675,-15.649142926675257,-17.31626249716203,13.004706439265894,-44.15751154810168,21.203561318009996,-4.6496250568017485,17.046583861535346,-41.828304971384064,-48.12557701958962,4.701520009978482,17.63898309105392,-17.833596029715626
-2.271593988633278,-2.7586786585257426,-11.271085155178893,-1.6084268840975857,3.557141773746266,1.6998069417491075,18.191441716925503,-7.04585098941966,10.501798728918281,-6.123214468032264,6.762449442966598,-0.1673161273161776,-3.22416679572524,-3.304947570709422,-6.801931138555587,10.768591585167965,7.698988055227778,19.38264569523067,2.164087456549429,2.319918907378342,11.876782330103968,3.015971580286583,1.6756559498374604,-2.0031767784113708,12.863989979670313,5.968578999028491,-4.020243987440843,0.3770320927230962,-4.692806281747509,5.045119374293236,-1.582776573577756,3.5932936013910424,3.936093819223179,-2.827326232282201,10.032732189204637,-4.6496250568017485,1.1674367549349696,-4.216459094343036,9.150173445762759,10.852420377905108,-1.0898754289657506,-3.64449907176325,4.24320345897461
8.512326692414394,10.192358285125021,41.73840514891003,5.789967981384344,-13.13338686023415,-6.21393318847729,-66.94286391877574,26.01041283764468,-38.398081061462435,22.398516798929677,-25.049277813327425,0.43876181085290444,11.779383887451003,12.38240706981277,24.762232763171347,-39.3824992137099,-28.213437837797947,-71.23744128096942,-7.8309191219228,-8.772965193369814,-43.63348002052826,-11.158126387046302,-6.092169640190063,7.527959816602377,-47.04967116141358,-21.62205685117776,14.70611365603002,-1.4817497613098183,17.532924346088855,-18.235926902814654,5.86645761536178,-12.902919060539379,-14.265035617250751,10.5568324838397,-36.744417681024586,17.046583861535346,-4.216459094343036,15.578766725975935,-33.85993251546934,-40.027431162382165,4.092982156165532,13.496954407420025,-15.656124097407522
-21.39251995638993,-24.895344182092547,-99.94896656600177,-11.925790446541498,32.956560477932186,14.892389914867758,162.65846747992381,-59.80830061638046,90.33109993096922,-54.414660311627806,60.07651011903968,0.3733278248249873,-28.354346638803545,-32.993795308823174,-57.513123697800516,91.26988595511882,66.87064659887899,167.3983558412183,15.38430180473701,23.173179613265557,106.32638400902394,27.003189205401775,15.80799914000326,-19.266410768341576,112.67596989609169,50.06429578016846,-34.03595288297632,6.836359337188059,-46.539633184243876,41.9613690015655,-15.47782295038402,30.918628726745418,34.18857060640138,-26.033770883635214,87.44894022450376,-41.828304971384064,9.150173445762759,-33.85993251546934,83.11579450395725,95.49132048049924,-9.3260477935668,-35.11003727916876,35.28376856896212
-24.405584920300573,-28.63393776471002,-115.45377139216754,-14.355292006915239,37.69864020916232,17.23941330820975,187.47535426250025,-69.7627188745995,104.98710523732446,-62.785820282510606,69.36452061126539,-0.021104592768414282,-32.7895689624051,-37.18392769182535,-67.0867222999934,106.42655725996242,77.56195103644073,194.44232954406633,18.711753329996863,26.118516596898733,122.50589228710407,31.15754622297993,17.9921749386516,-21.872642695775205,130.4082028678194,58.51062771187069,-39.69486022069674,6.997822289923683,-52.530739318918656,49.12181445600585,-17.523494844213317,35.90630019205228,39.613633880603224,-29.84092216205292,101.34943552216934,-48.12557701958962,10.852420377905108,-40.027431162382165,95.49132048049924,110.49813540562837,-10.870920251440404,-39.82307256439652,41.35748066943489
2.403019088590194,2.769085819951223,11.423136801821304,1.450235823553134,-3.644243279497542,-1.6428780705868262,-18.268214183887576,6.990440001789727,-10.25223456707383,6.038468725161763,-6.8677211430924325,-0.0209293744793876,3.132401023493683,3.576577178666263,6.547453552536806,-10.458889840112187,-7.610689727905442,-19.153222887333488,-1.981622863278818,-2.5534912310898994,-11.905814461450168,-3.055893395533673,-1.6843205287850012,2.16729300169347,-12.655418630210741,-5.656266805290304,3.9149805465046312,-0.5928418862380467,5.006876489254497,-4.717222525160915,1.6041884910319704,-3.385601590706148,-3.8189054218458973,2.9057607806762986,-9.90230185743426,4.701520009978482,-1.0898754289657506,4.092982156165532,-9.3260477935668,-10.870920251440404,1.1264831667297555,3.795646509472271,-4.193332418734134
9.119543528259193,10.51492652851319,41.73988268886373,4.621666641074469,-14.05100113382806,-6.24689442227119,-68.40943686511271,24.51097799277485,-37.46565868912673,22.909942899974862,-25.103006599388312,-0.4002674904326213,11.908536697334272,14.40224715834305,23.71796045185401,-37.59433935562894,-27.802323764775167,-69.35706583200341,-5.775289208728454,-10.076858293861363,-44.772285763806394,-11.325697231982016,-6.839100242737973,8.264677937243619,-47.116258245944394,-20.629080281540705,14.004691781262396,-3.4613286953455558,20.3054595367798,-17.263341281307245,6.771519706532953,-12.947090876576745,-14.295884376370667,11.03753024816201,-36.43863372956116,17.63898309105392,-3.64449907176325,13.496954407420025,-35.11003727916876,-39.82307256439652,3.795646509472271,15.20471209658817,-14.306029189937407
-8.950827976754942,-10.55788026684715,-43.20724197290567,-5.72762193937821,13.78691711815591,6.377793240240263,69.54011662277689,-26.598724901761983,39.445381288216836,-23.20898241741694,25.95109300896235,-0.21705816694913982,-12.127297683166606,-13.26848141371928,-25.332995671869185,40.27165500248992,29.110965147721114,73.2251680992892,7.7063489606932585,9.382494768997205,45.374042138626145,11.589141064693049,6.456082995358641,-7.990285522261828,48.59584416447326,22.067671086212403,-15.046878572851021,1.9992618140390668,-18.713326560290948,18.525771237478764,-6.167925831706326,13.300272873546243,14.757666044899242,-10.969157267258968,37.931749878040954,-17.833596029715626,4.24320345897461,-15.656124097407522,35.28376856896212,41.35748066943489,-4.193332418734134,-14.306029189937407,15.946289685901323
