V1,V2,V3,V4,V5,V6,V7,V8,V9,V10,V11,V12,V13,V14,V15,V16,V17,V18,V19,V20,V21,V22,V23,V24,V25,V26,V27,V28,V29,V30,V31,V32,V33,V34,V35,V36,V37,V38,V39,V40,V41,V42,V43,V44
4.091456054504774,0.8897370129569188,-1.6253076389015388,0.773906796404568,1.6036079475541785,1.7900041827935145,-0.5312184738188538,-0.4119967638931246,-0.5158030071098357,-0.7300729217435012,-1.2480803512619576,3.5458391099813307,-1.1115026127518903,0.8690417821390966,1.0539570039543318,0.8640322572723717,0.1706273931943523,-1.085098392545901,-2.373399076119259,-2.11823116355604,1.2570812926238153,-1.1550797950739398,2.1627780690199945,-0.9298998202664294,-0.7255162712509168,0.7453847346918264,-0.053235264936203085,-0.1128761615371876,0.04327651456493198,0.41164012194124533,2.4127380366258633,-1.1510447318558603,0.7555746624312004,-3.0329528263974943,0.21898621147133454,-1.7972056762067994,-2.7657764231895063,-1.8132774004596603,-2.172489177562714,0.23836307635898848,0.1014221247002435,2.5564136551098073,1.5306952351254721,0.8287656146198586
0.8897370129569188,0.35843565943406996,-0.9017798171390251,0.3100772182208439,0.48123436791674495,0.5840890183350305,-0.2268751831549055,-0.029590344203075443,-0.09347402894295918,-0.13607545981773644,-0.15051774073412816,1.0024354320270337,-0.5007933289719307,0.02127161250053057,0.07739480349383521,0.5943830696904048,0.0034172569880268015,-0.41853632632359805,-0.5721141569574286,-0.40599054997161566,0.22119064902303218,-0.27950105126621405,0.11173763391865363,0.25800557439861904,-0.12295767355838814,0.38740875536762914,-0.18729192026738462,0.25664553628885706,-0.09394966416195172,0.3430211647351128,0.2774753284799165,-0.5273310725056595,0.03626642802786954,-0.8386145575034257,-0.2784226321377886,-0.7597318304085331,-1.1368197751134532,-0.25955671108357425,-0.8072661226130492,-0.11872524201479506,-0.17896912385769834,0.7521384332291431,0.6380105932700222,0.04619366246140962
-1.6253076389015388,-0.9017798171390251,2.724100814178206,-0.9904654326613063,-0.9373874976652875,-1.6275555547139082,0.7197279339589551,-0.22028896549328686,0.32778785017968654,0.19867694533458014,-0.11818170962706269,-2.3774063938225938,1.4491595969765352,0.3967926248244064,0.11753720614482627,-2.0254161897290452,-0.1370564102995461,1.415260992231107,0.9939159380391988,0.7717021741759222,-0.2119835745504103,0.6560080953428852,0.3970511218604101,-1.51171960120485,0.2322881254014339,-1.2592221484464123,0.7466266446745418,-1.0470691316629228,0.3622754953377461,-1.3087669325289117,-0.05805391169267789,1.3413723840235234,0.04873795378429336,1.899128681856897,1.142835629769397,1.9642179047412645,3.0391604000167605,0.07035229489852253,2.3666100453451127,0.5401587746209903,0.8048547303998692,-1.991752000051478,-1.679253966754057,0.10872779505064724
0.773906796404568,0.3100772182208439,-0.9904654326613063,0.5714575005559995,0.41995590012963663,0.5137585260453422,-0.2536097014063885,0.05606550386967256,0.06440649710348378,-0.03886274424346785,0.07485265724115182,0.8437548256771377,-0.7162251237870645,0.22155137891521964,0.03406316730149049,0.8647914598539528,0.052717820105124276,-0.38805762665668314,-0.1525435835509458,-0.005901857495436997,-0.0369321866932661,-0.28439234402572794,-0.36293942744664853,0.7399373083707402,-0.061810764373762477,0.4333554024696738,-0.18396245625235472,0.47648747537019637,-0.010365751730795516,0.7058543301319282,-0.08296749309385326,-0.6786218790285945,-0.28101390034795876,-0.7434220590026134,-0.5362204620741643,-0.7980610428793349,-1.3203655932471439,-0.1999817431901999,-0.866383521724838,-0.48118820341301716,-0.22296490958151646,0.6735947550355923,0.5168755650481882,-0.11835979921823805
1.6036079475541785,0.48123436791674495,-0.9373874976652875,0.41995590012963663,0.9661394196383882,0.44444931122513454,-0.1461733092867336,-0.31670547289983503,0.2706867136069693,-0.187370852998179,-0.5325485130227726,1.2414943142282586,-0.6653032149381004,0.7302409477679075,0.2943148334121212,0.5154783584911595,-0.1949575112316022,-0.019168821385933125,-0.7659973105515613,-0.22698555276484841,0.34682307624099884,-0.4073648700453512,0.10935311329461192,0.01978053482352168,-0.13983742763991852,0.22447816532931517,0.052371315070822544,0.2202670579134283,0.08846188076340594,0.33556838079710516,0.5094716732343015,-0.9810371814435402,-0.31577433649310693,-1.2158944307416144,-0.32486205359869325,-1.155299949560746,-1.6567044450024657,-0.9156933205403323,-0.6289490877874742,-0.36711878255768177,0.01526555605982678,0.6419611066139996,0.7660400342213495,-0.01890911851594859
1.7900041827935145,0.5840890183350305,-1.6275555547139082,0.5137585260453422,0.44444931122513454,1.769998545640998,-0.6467223450674877,0.26475446122333735,-1.0245540618408857,-0.44842147496347473,-0.12568924055025882,2.4300300017994774,-0.7871551588463884,-0.7496318038592221,0.268913474302756,1.163078517489463,0.4651070811960389,-1.694047970266725,-1.4707351454732367,-1.8670197981037002,0.6695367421355727,-0.664858931356996,1.3080507548610305,0.15998213454005467,-0.4830371518522835,1.0489851494273537,-0.626124306871963,0.23717873930606395,-0.386551955364164,0.5644616896572153,1.1698648437419885,-0.2884533504699531,1.096308957003352,-1.7549189836468497,-0.037692189212252085,-0.9592109155953205,-1.6043451849514168,-0.060630617638149205,-2.2626915005964627,0.4685401601667725,-0.4427782573394644,2.299670224380002,1.159859553155178,0.6384575903669505
-0.5312184738188538,-0.2268751831549055,0.7197279339589551,-0.2536097014063885,-0.1461733092867336,-0.6467223450674877,0.2737019882148327,-0.14211706643752947,0.33982668194415855,0.12675319161660226,-0.05543090927900531,-0.8430752836984812,0.3672289827195792,0.2942482813415897,-0.02429880121912819,-0.5745486647523455,-0.17627758390773182,0.638648350054493,0.42770627335468775,0.558242805610618,-0.16002353883757303,0.22813460842818245,-0.24712411628159572,-0.29620670571667723,0.13486658058192982,-0.44230548081541027,0.27355769515449124,-0.21020859144455903,0.16084976885599211,-0.33553244208249106,-0.23666398556221369,0.17599809076001574,-0.30847477978128207,0.6031066114281687,0.14434815768480805,0.41095150378172646,0.6942108891977609,-0.06946927735671958,0.8901600782563874,-0.05590102237151742,0.22417891492187483,-0.8262035260871532,-0.4519172684047925,-0.15798574149845926
-0.4119967638931246,-0.029590344203075443,-0.22028896549328686,0.05606550386967256,-0.31670547289983503,0.26475446122333735,-0.14211706643752947,0.27066081997750574,-0.30733912370091354,0.02375265257425612,0.363604889591777,0.017804790257633627,-0.05525345306355613,-0.5525868591277232,-0.1760711019972077,0.3048797599153125,0.1934832258425389,-0.45783983149830054,0.12515703122898453,-0.17174840285847628,-0.11338013446329279,0.03421980293061372,-0.08109587281080537,0.40922680184756843,-0.0010841674640022147,0.2571216599866112,-0.259412418446348,0.1587108279934402,-0.16345885611774916,0.20146029179558367,-0.216871661145783,0.22503364416500501,0.2525593751872756,0.1321757170464986,-0.09123709611657352,0.14125327198720594,0.11453308578869663,0.52287603545828,-0.40276998820276017,0.0944704484844994,-0.22193597738014142,0.28820641905377786,0.007483479026622519,0.04206561484669786
-0.5158030071098357,-0.09347402894295918,0.32778785017968654,0.06440649710348378,0.2706867136069693,-1.0245540618408857,0.33982668194415855,-0.30733912370091354,1.0509741160716186,0.2951749166841952,-0.007338504801166281,-1.103544367858707,-0.06101823647118544,0.9965047057015168,-0.15881448420328165,-0.20713870218770902,-0.47847456846571357,1.2012431673996855,0.8736638409629899,1.5553034015108917,-0.48011400807388394,0.2626438020110121,-1.4223726758898139,0.4333539645173702,0.3473676028589301,-0.5238581293523188,0.4015570571555376,0.23679578347882088,0.3271729421128161,0.10415742145685042,-0.952736734385221,-0.5985016552338169,-1.2734614415423977,0.5951350093244626,-0.5015202230886382,-0.18450405650295013,-0.14819504069869271,-0.3630216797927163,1.1434313305121684,-0.8662809366611688,0.20219538074352364,-1.3248133722244155,-0.33834744225572355,-0.6711259861327339
-0.7300729217435012,-0.13607545981773644,0.19867694533458014,-0.03886274424346785,-0.187370852998179,-0.44842147496347473,0.12675319161660226,0.02375265257425612,0.2951749166841952,0.21733516873244765,0.19317345291211685,-0.7223888668182777,0.16203210115139124,0.05140416021276573,-0.2137909555904848,-0.10542155910845159,-0.1131810953112691,0.3512723418241087,0.6115638900374845,0.683635764872849,-0.3536125216706548,0.18275126486953555,-0.7252308968299617,0.3173550456771619,0.16263212384150788,-0.18316407180353111,0.07751893854793224,0.11788064623576333,0.0762350536454488,0.027582612721709702,-0.616590073724138,0.006110832806987751,-0.4587200274637115,0.5450067083741551,-0.24107127734576955,0.17048492710941027,0.27561280861810517,0.2114139800615191,0.5505934816271426,-0.2796085947653307,-0.0641157512284837,-0.6484109799052744,-0.21288221707863264,-0.3475854488061518
-1.2480803512619576,-0.15051774073412816,-0.11818170962706269,0.07485265724115182,-0.5325485130227726,-0.12568924055025882,-0.05543090927900531,0.363604889591777,-0.007338504801166281,0.19317345291211685,0.7853230974887518,-0.7360025586300563,-0.16488718205464567,-0.5739755353457996,-0.46264256448870206,0.434097714688455,0.10915172712210235,-0.15282277107077025,0.7435469534416487,0.574913206240425,-0.4767255486634365,0.3215196257536496,-0.9446833508658746,1.0489746512042504,0.24579340764330423,0.18621071986823298,-0.2988186026152506,0.4216533872890961,-0.173535830456369,0.40468668545879644,-1.0217787072373719,0.17659477699593024,-0.16220118203906797,0.7336879222979414,-0.3769003579709297,0.2953861624031306,0.32109859300195004,0.91173426926906,-0.12262528077082735,-0.2594075105117415,-0.23010311485078652,-0.23804084856619492,-0.31494242364915587,-0.23066955993015825
3.5458391099813307,1.0024354320270337,-2.3774063938225938,0.8437548256771377,1.2414943142282586,2.4300300017994774,-0.8430752836984812,0.017804790257633627,-1.103544367858707,-0.7223888668182777,-0.7360025586300563,3.89579856164262,-1.2566087632633767,-0.2506487128247032,0.6959607564791918,1.513781442984078,0.44460354677079245,-2.0052141651773727,-2.45833985954664,-2.6097576884554163,1.178685445706762,-1.1553680566610065,2.051824821441794,-0.21816303822016025,-0.7607204397765825,1.3162131637126593,-0.5980314054128925,0.22549420858329242,-0.33515177697527826,0.7269889289792938,2.1145792948681814,-0.9217968441721041,1.2365527589296834,-3.061028861450071,-0.03995953849943118,-1.851414055545635,-2.9239560245722176,-0.9364924032949037,-3.0462273415439265,0.46425945483526576,-0.4068365308593969,3.2402839114138713,1.89181355087578,0.8786038731932047
-1.1115026127518903,-0.5007933289719307,1.4491595969765352,-0.7162251237870645,-0.6653032149381004,-0.7871551588463884,0.3672289827195792,-0.05525345306355613,-0.06101823647118544,0.16203210115139124,-0.16488718205464567,-1.2566087632633767,1.206738908671928,-0.19805607571855097,-0.014846964284523671,-1.2943001196621893,-0.04643825048668241,0.5305646152383894,0.4881682048378238,0.12597635408716998,-0.10793314529186769,0.2722574113481068,0.392412290615322,-1.0719693234846608,0.019618387174013006,-0.6893150531255997,0.35775554635018736,-0.6902984628408283,0.14270048363236132,-0.9533054654157589,0.10096649285495245,0.9953642812960158,0.22421620924313898,1.0748909692050193,0.6491785920750263,1.1614853736612047,1.888998769929922,0.2050386007684546,1.439367634846543,0.5840115002426998,0.17735384043645278,-1.091313920349451,-0.7011369049275855,-0.0011937497370005678
0.8690417821390966,0.02127161250053057,0.3967926248244064,0.22155137891521964,0.7302409477679075,-0.7496318038592221,0.2942482813415897,-0.5525868591277232,0.9965047057015168,0.05140416021276573,-0.5739755353457996,-0.2506487128247032,-0.19805607571855097,1.6872461908771477,0.36512646067235666,-0.33323787915386244,-0.42703843695138266,1.1900497772467742,0.2406809722532728,0.9756862465240309,-0.05606317633364208,-0.09502746542428073,-0.49318254192494115,-0.2961633259543196,0.1092946862880551,-0.5685778200159859,0.6414192798898705,-0.0521036168197284,0.507494121065355,0.032591734576931715,0.01749529091286429,-0.800226172112426,-1.0468703667900818,-0.20871562233347293,-0.142442817095888,-0.44713050602563476,-0.5816511743660978,-1.215993264730348,0.8725904838421131,-0.7506539087514698,0.49165796301585374,-0.8109176367149644,-0.18516400178483713,-0.3196862458389521
1.0539570039543318,0.07739480349383521,0.11753720614482627,0.03406316730149049,0.2943148334121212,0.268913474302756,-0.02429880121912819,-0.1760711019972077,-0.15881448420328165,-0.2137909555904848,-0.46264256448870206,0.6959607564791918,-0.014846964284523671,0.36512646067235666,0.41831424981730336,-0.19830999185854176,0.06569526728504319,-0.09320312655135367,-0.5985174730298065,-0.621945190117187,0.39823454208792125,-0.26073275354270525,0.9373914175621207,-0.7303188810474599,-0.21923371655020812,-0.029615496777339004,0.1563927754725787,-0.32059268313251654,0.10116890957595112,-0.17851362762529244,0.8837796695460398,-0.02128918733337606,0.3391432661977796,-0.6097216686661939,0.3946376957426635,-0.10332414547406724,-0.18057528779914922,-0.601810313347799,-0.22169808473197822,0.25572634275357864,0.22931099896108148,0.46392724336274843,0.11651200406406981,0.35150199490066275
0.8640322572723717,0.5943830696904048,-2.0254161897290452,0.8647914598539528,0.5154783584911595,1.163078517489463,-0.5745486647523455,0.3048797599153125,-0.20713870218770902,-0.10542155910845159,0.434097714688455,1.513781442984078,-1.2943001196621893,-0.33323787915386244,-0.19830999185854176,1.7618872975300341,0.18595470955177626,-1.0744083735186316,-0.4226696127980847,-0.30204581889487775,-0.025541459625523837,-0.3678727830441916,-0.6509674602025992,1.6059382089323735,-0.05972495315509332,1.024698595417648,-0.6439705366313637,0.9725299253184212,-0.30296073125758216,1.252204755723306,-0.34496728322305426,-0.9859630990221493,-0.11609505505007295,-1.1708222742960441,-0.9666116418168417,-1.3384031339880111,-2.1938715074069366,0.2259454136998031,-1.9195955066176273,-0.5970544957902875,-0.5830202943108098,1.4559697694172724,1.019842575763398,-0.1056800326773136
0.1706273931943523,0.0034172569880268015,-0.1370564102995461,0.052717820105124276,-0.1949575112316022,0.4651070811960389,-0.17627758390773182,0.1934832258425389,-0.47847456846571357,-0.1131810953112691,0.10915172712210235,0.44460354677079245,-0.04643825048668241,-0.42703843695138266,0.06569526728504319,0.18595470955177626,0.27903176587206063,-0.5741010460644653,-0.2579580934776228,-0.6225234778216621,0.139996061747883,-0.1088053140701821,0.5538968550599696,-0.04417181027174875,-0.14180704797418947,0.273047879428092,-0.19608227957155958,-0.05142296584384166,-0.13613824365267346,0.07427901636616291,0.33079848849765275,0.28262525011902234,0.5413591642400878,-0.21732758408422087,0.19202978573675894,0.14016146546697578,0.08315590923320414,0.22696120945804188,-0.5840051561756214,0.3082911551114739,-0.08503213754772973,0.6195157452201665,0.06988136973088142,0.30121950352132676
-1.085098392545901,-0.41853632632359805,1.415260992231107,-0.38805762665668314,-0.019168821385933125,-1.694047970266725,0.638648350054493,-0.45783983149830054,1.2012431673996855,0.3512723418241087,-0.15282277107077025,-2.0052141651773727,0.5305646152383894,1.1900497772467742,-0.09320312655135367,-1.0744083735186316,-0.5741010460644653,1.8384641829294763,1.1374734274725529,1.819284278829961,-0.48699800224822465,0.5362810052872204,-1.1880792356520264,-0.2896188557098571,0.4448510683655344,-1.043746157428721,0.7216500134739987,-0.2224391590012177,0.45804338291478136,-0.5072121230491929,-0.9041730063228439,-0.10483110576219018,-1.2379057806484506,1.297815652424524,0.006349091604503406,0.5526022100799245,1.031865755376325,-0.4173605495934916,2.1242923491663555,-0.610757270775643,0.573855328488342,-2.133246399341384,-0.9508219634525017,-0.6010157480770613
-2.373399076119259,-0.5721141569574286,0.9939159380391988,-0.1525435835509458,-0.7659973105515613,-1.4707351454732367,0.42770627335468775,0.12515703122898453,0.8736638409629899,0.6115638900374845,0.7435469534416487,-2.45833985954664,0.4881682048378238,0.2406809722532728,-0.5985174730298065,-0.4226696127980847,-0.2579580934776228,1.1374734274725529,2.0230946157154173,2.11076369080698,-1.100192316773041,0.6419062797047137,-2.0885892338583876,0.9423650128256014,0.529747435916701,-0.652170218964697,0.2798037970212438,0.2794420345856729,0.2604515016289863,0.08703796755703709,-1.8810815550205828,0.24209505571255097,-1.2578107903907358,1.894651040796912,-0.538517777069359,0.8439990081674608,1.26338991889816,0.7284049734867923,1.7170356197411276,-0.8008630082145545,-0.025515320295527315,-2.0362925797328444,-1.041938584618851,-0.8988922234594608
-2.11823116355604,-0.40599054997161566,0.7717021741759222,-0.005901857495436997,-0.22698555276484841,-1.8670197981037002,0.558242805610618,-0.17174840285847628,1.5553034015108917,0.683635764872849,0.574913206240425,-2.6097576884554163,0.12597635408716998,0.9756862465240309,-0.621945190117187,-0.30204581889487775,-0.6225234778216621,1.819284278829961,2.11076369080698,2.8829120937911195,-1.1825076325175683,0.7196131439638827,-2.843905208997174,1.2310636029279034,0.7212767018009645,-0.8090570925336238,0.46605239044684893,0.5187359209178661,0.4044352883975521,0.24631100065812128,-2.269528511709235,-0.4903379398130806,-2.037783067589448,1.7896125191417442,-0.9137510981398677,0.28903539200076356,0.5376007632449168,0.25354686258900083,2.0372802940838737,-1.3916520605921086,0.14193712058740382,-2.5033341262671587,-0.9252624895524136,-1.2393903518216083
1.2570812926238153,0.22119064902303218,-0.2119835745504103,-0.0369321866932661,0.34682307624099884,0.6695367421355727,-0.16002353883757303,-0.11338013446329279,-0.48011400807388394,-0.3536125216706548,-0.4767255486634365,1.178685445706762,-0.10793314529186769,-0.05606317633364208,0.39823454208792125,-0.025541459625523837,0.139996061747883,-0.48699800224822465,-1.100192316773041,-1.1825076325175683,0.649490630104115,-0.3069085238558287,1.3460391566912313,-0.7959138490908388,-0.2928512901766482,0.21526628301655093,-0.055886012036617645,-0.32098732737282626,-0.0992112965253289,-0.22898395494474955,1.1579480244048206,0.03288642224861253,0.7755739964774457,-0.903745428187191,0.49791792573110616,-0.24228875093452695,-0.3525146920007894,-0.4599192319258983,-0.7232663914851107,0.5570773799784617,0.14372534544983462,0.9719614242151366,0.3873201038629517,0.5750898964996436
-1.1550797950739398,-0.27950105126621405,0.6560080953428852,-0.28439234402572794,-0.4073648700453512,-0.664858931356996,0.22813460842818245,0.03421980293061372,0.2626438020110121,0.18275126486953555,0.3215196257536496,-1.1553680566610065,0.2722574113481068,-0.09502746542428073,-0.26073275354270525,-0.3678727830441916,-0.1088053140701821,0.5362810052872204,0.6419062797047137,0.7196131439638827,-0.3069085238558287,0.4331711841161513,-0.5818149566474383,0.1547530886640906,0.26839381512456273,-0.30490704012609005,0.0832890884246131,-0.03325938900537883,0.007759580790073176,-0.20534831538428347,-0.6843535155769825,0.30216956358030345,-0.25546533119324755,0.9505421427121711,0.05122763442895574,0.5842297297566137,0.8989433701241515,0.42669571568566783,0.7459230829993475,-0.08283638960016412,0.15866275322915002,-0.8659678711072796,-0.5842677229824739,-0.18243796800740153
2.1627780690199945,0.11173763391865363,0.3970511218604101,-0.36293942744664853,0.10935311329461192,1.3080507548610305,-0.24712411628159572,-0.08109587281080537,-1.4223726758898139,-0.7252308968299617,-0.9446833508658746,2.051824821441794,0.392412290615322,-0.49318254192494115,0.9373914175621207,-0.6509674602025992,0.5538968550599696,-1.1880792356520264,-2.0885892338583876,-2.843905208997174,1.3460391566912313,-0.5818149566474383,3.5174178226519226,-2.294435252647837,-0.7334493201591545,0.2566574460872849,-0.03756805674495295,-1.1322205962823324,-0.17566982600915612,-0.8901014004705124,2.7583355590063348,0.9201507857868623,2.1587859856424254,-1.4082791690181162,1.5975054949294192,0.38592331230256244,0.4974256221941247,-0.6742585780054269,-1.1618384517263571,1.696516230893758,0.3846903675523797,1.915954482207087,0.32160685367544983,1.4674329647691693
-0.9298998202664294,0.25800557439861904,-1.51171960120485,0.7399373083707402,0.01978053482352168,0.15998213454005467,-0.29620670571667723,0.40922680184756843,0.4333539645173702,0.3173550456771619,1.0489746512042504,-0.21816303822016025,-1.0719693234846608,-0.2961633259543196,-0.7303188810474599,1.6059382089323735,-0.04417181027174875,-0.2896188557098571,0.9423650128256014,1.2310636029279034,-0.7959138490908388,0.1547530886640906,-2.294435252647837,2.472591767685357,0.37465443530950215,0.6450522272488972,-0.5449452014846895,1.2858304229723678,-0.20773756284747333,1.364037611217483,-1.8330381270213572,-0.9102937345202278,-1.0213851065921937,0.17706383886789148,-1.4471201574544887,-0.8630202654773681,-1.4427040671401925,0.866095932329651,-0.8255840632167408,-1.193325061720708,-0.6408131208733615,0.04916406915752934,0.3617293819467099,-0.7671002265727901
-0.7255162712509168,-0.12295767355838814,0.2322881254014339,-0.061810764373762477,-0.13983742763991852,-0.4830371518522835,0.13486658058192982,-0.0010841674640022147,0.3473676028589301,0.16263212384150788,0.24579340764330423,-0.7607204397765825,0.019618387174013006,0.1092946862880551,-0.21923371655020812,-0.05972495315509332,-0.14180704797418947,0.4448510683655344,0.529747435916701,0.7212767018009645,-0.2928512901766482,0.26839381512456273,-0.7334493201591545,0.37465443530950215,0.22984233485465788,-0.17593175231931352,0.060368551265105014,0.14586633168955698,0.037027582919074674,0.04392982440437981,-0.6593694362373661,-0.04660316293254844,-0.42541449821339905,0.5725257535418081,-0.18761417770110597,0.1647756854098175,0.2692575788369472,0.21790262431687518,0.471357143402276,-0.29705074419509103,0.05841002556210301,-0.6378700376163726,-0.3026387727061812,-0.26767502400199406
0.7453847346918264,0.38740875536762914,-1.2592221484464123,0.4333554024696738,0.22447816532931517,1.0489851494273537,-0.44230548081541027,0.2571216599866112,-0.5238581293523188,-0.18316407180353111,0.18621071986823298,1.3162131637126593,-0.6893150531255997,-0.5685778200159859,-0.029615496777339004,1.024698595417648,0.273047879428092,-1.043746157428721,-0.652170218964697,-0.8090570925336238,0.21526628301655093,-0.30490704012609005,0.2566574460872849,0.6450522272488972,-0.17593175231931352,0.7710098555551881,-0.5053230199897493,0.41662229679107765,-0.3000201214979011,0.6061960325268394,0.23786953643717254,-0.3340544622394856,0.44158064462698043,-0.9258051845486683,-0.3109872684400339,-0.6944972407450736,-1.1859180339930828,0.21930747136840145,-1.5018096898842468,0.033141733834681344,-0.3773543108621657,1.3357379750640157,0.7370952330126039,0.21807377475211157
-0.053235264936203085,-0.18729192026738462,0.7466266446745418,-0.18396245625235472,0.052371315070822544,-0.626124306871963,0.27355769515449124,-0.259412418446348,0.4015570571555376,0.07751893854793224,-0.2988186026152506,-0.5980314054128925,0.35775554635018736,0.6414192798898705,0.1563927754725787,-0.6439705366313637,-0.19608227957155958,0.7216500134739987,0.2798037970212438,0.46605239044684893,-0.055886012036617645,0.0832890884246131,-0.03756805674495295,-0.5449452014846895,0.060368551265105014,-0.5053230199897493,0.40828883911288616,-0.29610413738340363,0.26685708771591304,-0.3565918862791724,0.050783222329758,0.04641645371449983,-0.349785961443787,0.333204596965287,0.21063333030348613,0.2754063589540501,0.49604845974546247,-0.4361030813021998,0.9137232470646384,-0.09122583556132148,0.3072363702517236,-0.7580805333744993,-0.37377970878270067,-0.11629037384384347
-0.1128761615371876,0.25664553628885706,-1.0470691316629228,0.47648747537019637,0.2202670579134283,0.23717873930606395,-0.21020859144455903,0.1587108279934402,0.23679578347882088,0.11788064623576333,0.4216533872890961,0.22549420858329242,-0.6902984628408283,-0.0521036168197284,-0.32059268313251654,0.9725299253184212,-0.05142296584384166,-0.2224391590012177,0.2794420345856729,0.5187359209178661,-0.32098732737282626,-0.03325938900537883,-1.1322205962823324,1.2858304229723678,0.14586633168955698,0.41662229679107765,-0.29610413738340363,0.721583959757196,-0.10727526961685811,0.7828959107170038,-0.8100330807268749,-0.6774401021472324,-0.554390658302243,-0.21566638226885898,-0.8285659979664525,-0.7251560558248819,-1.142222629459972,0.2688415738118925,-0.6207043255815475,-0.6672203131831127,-0.3694438039574235,0.2271146275348718,0.410198256659881,-0.39478460704792995
0.04327651456493198,-0.09394966416195172,0.3622754953377461,-0.010365751730795516,0.08846188076340594,-0.386551955364164,0.16084976885599211,-0.16345885611774916,0.3271729421128161,0.0762350536454488,-0.173535830456369,-0.33515177697527826,0.14270048363236132,0.507494121065355,0.10116890957595112,-0.30296073125758216,-0.13613824365267346,0.45804338291478136,0.2604515016289863,0.4044352883975521,-0.0992112965253289,0.007759580790073176,-0.17566982600915612,-0.20773756284747333,0.037027582919074674,-0.3000201214979011,0.26685708771591304,-0.10727526961685811,0.20883679062821772,-0.1021625243408303,-0.03837172270880211,-0.08983114364085835,-0.3607214480449056,0.148444240470738,0.008397294879175767,0.06287727388425043,0.12639593643915992,-0.3288948051185548,0.5460661769137042,-0.19350470949120688,0.1521463755119166,-0.47511302114864373,-0.19258713376003184,-0.15330523723253164
0.41164012194124533,0.3430211647351128,-1.3087669325289117,0.7058543301319282,0.33556838079710516,0.5644616896572153,-0.33553244208249106,0.20146029179558367,0.10415742145685042,0.027582612721709702,0.40468668545879644,0.7269889289792938,-0.9533054654157589,0.032591734576931715,-0.17851362762529244,1.252204755723306,0.07427901636616291,-0.5072121230491929,0.08703796755703709,0.24631100065812128,-0.22898395494474955,-0.20534831538428347,-0.8901014004705124,1.364037611217483,0.04392982440437981,0.6061960325268394,-0.3565918862791724,0.7828959107170038,-0.1021625243408303,1.0195522666472296,-0.5586630207176769,-0.8006969423046278,-0.4303496582741429,-0.6130969516060778,-0.8424445513202407,-0.912704942755733,-1.5334030770162788,0.13092556679506837,-1.1000111357076983,-0.7051497919778243,-0.38058659258634336,0.7008355153157371,0.5434451779656226,-0.25952954965031744
2.4127380366258633,0.2774753284799165,-0.05805391169267789,-0.08296749309385326,0.5094716732343015,1.1698648437419885,-0.23666398556221369,-0.216871661145783,-0.952736734385221,-0.616590073724138,-1.0217787072373719,2.1145792948681814,0.10096649285495245,0.01749529091286429,0.8837796695460398,-0.34496728322305426,0.33079848849765275,-0.9041730063228439,-1.8810815550205828,-2.269528511709235,1.1579480244048206,-0.6843535155769825,2.7583355590063348,-1.8330381270213572,-0.6593694362373661,0.23786953643717254,0.050783222329758,-0.8100330807268749,-0.03837172270880211,-0.5586630207176769,2.394127252295584,0.2898975333824735,1.4706031822370595,-1.6283454892402107,1.072284665441655,-0.2068714131580367,-0.32845497716434674,-0.9963005951553598,-1.0599369505065557,1.132330123246587,0.26820352793376634,1.694659322830118,0.5919360756637065,1.0718799901892704
-1.1510447318558603,-0.5273310725056595,1.3413723840235234,-0.6786218790285945,-0.9810371814435402,-0.2884533504699531,0.17599809076001574,0.22503364416500501,-0.5985016552338169,0.006110832806987751,0.17659477699593024,-0.9217968441721041,0.9953642812960158,-0.800226172112426,-0.02128918733337606,-0.9859630990221493,0.28262525011902234,-0.10483110576219018,0.24209505571255097,-0.4903379398130806,0.03288642224861253,0.30216956358030345,0.9201507857868623,-0.9102937345202278,-0.04660316293254844,-0.3340544622394856,0.04641645371449983,-0.6774401021472324,-0.08983114364085835,-0.8006969423046278,0.2898975333824735,1.3583927261593185,0.8984513085746737,1.0066719358110152,0.8902571313328775,1.4262221994721602,2.1060881964454774,0.6743205048422679,0.6553991520200724,0.9221340023457305,0.16538114133596518,-0.3844103579050695,-0.8027643804072824,0.4112903517608914
0.7555746624312004,0.03626642802786954,0.04873795378429336,-0.28101390034795876,-0.31577433649310693,1.096308957003352,-0.30847477978128207,0.2525593751872756,-1.2734614415423977,-0.4587200274637115,-0.16220118203906797,1.2365527589296834,0.22421620924313898,-1.0468703667900818,0.3391432661977796,-0.11609505505007295,0.5413591642400878,-1.2379057806484506,-1.2578107903907358,-2.037783067589448,0.7755739964774457,-0.25546533119324755,2.1587859856424254,-1.0213851065921937,-0.42541449821339905,0.44158064462698043,-0.349785961443787,-0.554390658302243,-0.3607214480449056,-0.4303496582741429,1.4706031822370595,0.8984513085746737,1.7500484865186063,-0.6522176725306867,0.9707050458436752,0.4533014827043271,0.5713617382502908,0.25640965116062636,-1.1684480533643529,1.2750758628996919,0.016473272644605474,1.4978457036289659,0.18446022517645028,1.0221740295770883
-3.0329528263974943,-0.8386145575034257,1.899128681856897,-0.7434220590026134,-1.2158944307416144,-1.7549189836468497,0.6031066114281687,0.1321757170464986,0.5951350093244626,0.5450067083741551,0.7336879222979414,-3.061028861450071,1.0748909692050193,-0.20871562233347293,-0.6097216686661939,-1.1708222742960441,-0.21732758408422087,1.297815652424524,1.894651040796912,1.7896125191417442,-0.903745428187191,0.9505421427121711,-1.4082791690181162,0.17706383886789148,0.5725257535418081,-0.9258051845486683,0.333204596965287,-0.21566638226885898,0.148444240470738,-0.6130969516060778,-1.6283454892402107,1.0066719358110152,-0.6522176725306867,2.519742780719224,0.14983771757359743,1.6768874067514192,2.5868302630128204,1.0480843193036256,2.209489607313068,-0.13683089884261032,0.2488075653692984,-2.3650364262463555,-1.536500700246356,-0.5622101075304962
0.21898621147133454,-0.2784226321377886,1.142835629769397,-0.5362204620741643,-0.32486205359869325,-0.037692189212252085,0.14434815768480805,-0.09123709611657352,-0.5015202230886382,-0.24107127734576955,-0.3769003579709297,-0.03995953849943118,0.6491785920750263,-0.142442817095888,0.3946376957426635,-0.9666116418168417,0.19202978573675894,0.006349091604503406,-0.538517777069359,-0.9137510981398677,0.49791792573110616,0.05122763442895574,1.5975054949294192,-1.4471201574544887,-0.18761417770110597,-0.3109872684400339,0.21063333030348613,-0.8285659979664525,0.008397294879175767,-0.8424445513202407,1.072284665441655,0.8902571313328775,0.9707050458436752,0.14983771757359743,1.1018914573824032,0.903858421261119,1.348091180434322,-0.16682703780202032,0.31123592345046364,0.9261643114443282,0.4738660442368082,0.09813941430751279,-0.4964507286919597,0.6855367708061917
-1.7972056762067994,-0.7597318304085331,1.9642179047412645,-0.7980610428793349,-1.155299949560746,-0.9592109155953205,0.41095150378172646,0.14125327198720594,-0.18450405650295013,0.17048492710941027,0.2953861624031306,-1.851414055545635,1.1614853736612047,-0.44713050602563476,-0.10332414547406724,-1.3384031339880111,0.14016146546697578,0.5526022100799245,0.8439990081674608,0.28903539200076356,-0.24228875093452695,0.5842297297566137,0.38592331230256244,-0.8630202654773681,0.1647756854098175,-0.6944972407450736,0.2754063589540501,-0.7251560558248819,0.06287727388425043,-0.912704942755733,-0.2068714131580367,1.4262221994721602,0.4533014827043271,1.6768874067514192,0.903858421261119,1.8084345992409205,2.6740553147271204,0.7017438039462386,1.4162920107464154,0.6626887527511448,0.40246870310845007,-1.2119629017404818,-1.3191254854622367,0.19977894355808343
-2.7657764231895063,-1.1368197751134532,3.0391604000167605,-1.3203655932471439,-1.6567044450024657,-1.6043451849514168,0.6942108891977609,0.11453308578869663,-0.14819504069869271,0.27561280861810517,0.32109859300195004,-2.9239560245722176,1.888998769929922,-0.5816511743660978,-0.18057528779914922,-2.1938715074069366,0.08315590923320414,1.031865755376325,1.26338991889816,0.5376007632449168,-0.3525146920007894,0.8989433701241515,0.4974256221941247,-1.4427040671401925,0.2692575788369472,-1.1859180339930828,0.49604845974546247,-1.142222629459972,0.12639593643915992,-1.5334030770162788,-0.32845497716434674,2.1060881964454774,0.5713617382502908,2.5868302630128204,1.348091180434322,2.6740553147271204,4.073726136562135,0.9550018665097939,2.420241390151557,1.007634696079591,0.6075977405136201,-2.0658321295553908,-1.9601929433099043,0.21433904832987286
-1.8132774004596603,-0.25955671108357425,0.07035229489852253,-0.1999817431901999,-0.9156933205403323,-0.060630617638149205,-0.06946927735671958,0.52287603545828,-0.3630216797927163,0.2114139800615191,0.91173426926906,-0.9364924032949037,0.2050386007684546,-1.215993264730348,-0.601810313347799,0.2259454136998031,0.22696120945804188,-0.4173605495934916,0.7284049734867923,0.25354686258900083,-0.4599192319258983,0.42669571568566783,-0.6742585780054269,0.866095932329651,0.21790262431687518,0.21930747136840145,-0.4361030813021998,0.2688415738118925,-0.3288948051185548,0.13092556679506837,-0.9963005951553598,0.6743205048422679,0.25640965116062636,1.0480843193036256,-0.16682703780202032,0.7017438039462386,0.9550018665097939,1.3696693078106255,-0.06524589643140652,0.1566228739673718,-0.35556310029398014,-0.22937170177227761,-0.3780153639173689,-0.12250796583704067
-2.172489177562714,-0.8072661226130492,2.3666100453451127,-0.866383521724838,-0.6289490877874742,-2.2626915005964627,0.8901600782563874,-0.40276998820276017,1.1434313305121684,0.5505934816271426,-0.12262528077082735,-3.0462273415439265,1.439367634846543,0.8725904838421131,-0.22169808473197822,-1.9195955066176273,-0.5840051561756214,2.1242923491663555,1.7170356197411276,2.0372802940838737,-0.7232663914851107,0.7459230829993475,-1.1618384517263571,-0.8255840632167408,0.471357143402276,-1.5018096898842468,0.9137232470646384,-0.6207043255815475,0.5460661769137042,-1.1000111357076983,-1.0599369505065557,0.6553991520200724,-1.1684480533643529,2.209489607313068,0.31123592345046364,1.4162920107464154,2.420241390151557,-0.06524589643140652,3.1873083163146,-0.2567097461057673,0.5457390651201764,-2.9871408211216592,-1.4454403669222922,-0.7321055596524737
0.23836307635898848,-0.11872524201479506,0.5401587746209903,-0.48118820341301716,-0.36711878255768177,0.4685401601667725,-0.05590102237151742,0.0944704484844994,-0.8662809366611688,-0.2796085947653307,-0.2594075105117415,0.46425945483526576,0.5840115002426998,-0.7506539087514698,0.25572634275357864,-0.5970544957902875,0.3082911551114739,-0.610757270775643,-0.8008630082145545,-1.3916520605921086,0.5570773799784617,-0.08283638960016412,1.696516230893758,-1.193325061720708,-0.29705074419509103,0.033141733834681344,-0.09122583556132148,-0.6672203131831127,-0.19350470949120688,-0.7051497919778243,1.132330123246587,0.9221340023457305,1.2750758628996919,-0.13683089884261032,0.9261643114443282,0.6626887527511448,1.007634696079591,0.1566228739673718,-0.2567097461057673,1.114120102721272,0.10831565795097392,0.639149015844275,-0.07325758119532125,0.7150023557677422
0.1014221247002435,-0.17896912385769834,0.8048547303998692,-0.22296490958151646,0.01526555605982678,-0.4427782573394644,0.22417891492187483,-0.22193597738014142,0.20219538074352364,-0.0641157512284837,-0.23010311485078652,-0.4068365308593969,0.17735384043645278,0.49165796301585374,0.22931099896108148,-0.5830202943108098,-0.08503213754772973,0.573855328488342,-0.025515320295527315,0.14193712058740382,0.14372534544983462,0.15866275322915002,0.3846903675523797,-0.6408131208733615,0.05841002556210301,-0.3773543108621657,0.3072363702517236,-0.3694438039574235,0.1521463755119166,-0.38058659258634336,0.26820352793376634,0.16538114133596518,0.016473272644605474,0.2488075653692984,0.4738660442368082,0.40246870310845007,0.6075977405136201,-0.35556310029398014,0.5457390651201764,0.10831565795097392,0.4909010343820654,-0.41916324183724024,-0.4807634265238251,0.1940275046417885
2.5564136551098073,0.7521384332291431,-1.991752000051478,0.6735947550355923,0.6419611066139996,2.299670224380002,-0.8262035260871532,0.28820641905377786,-1.3248133722244155,-0.6484109799052744,-0.23804084856619492,3.2402839114138713,-1.091313920349451,-0.8109176367149644,0.46392724336274843,1.4559697694172724,0.6195157452201665,-2.133246399341384,-2.0362925797328444,-2.5033341262671587,0.9719614242151366,-0.8659678711072796,1.915954482207087,0.04916406915752934,-0.6378700376163726,1.3357379750640157,-0.7580805333744993,0.2271146275348718,-0.47511302114864373,0.7008355153157371,1.694659322830118,-0.3844103579050695,1.4978457036289659,-2.3650364262463555,0.09813941430751279,-1.2119629017404818,-2.0658321295553908,-0.22937170177227761,-2.9871408211216592,0.639149015844275,-0.41916324183724024,3.059319123071336,1.4255504548038296,0.9563244821051423
1.5306952351254721,0.6380105932700222,-1.679253966754057,0.5168755650481882,0.7660400342213495,1.159859553155178,-0.4519172684047925,0.007483479026622519,-0.33834744225572355,-0.21288221707863264,-0.31494242364915587,1.89181355087578,-0.7011369049275855,-0.18516400178483713,0.11651200406406981,1.019842575763398,0.06988136973088142,-0.9508219634525017,-1.041938584618851,-0.9252624895524136,0.3873201038629517,-0.5842677229824739,0.32160685367544983,0.3617293819467099,-0.3026387727061812,0.7370952330126039,-0.37377970878270067,0.410198256659881,-0.19258713376003184,0.5434451779656226,0.5919360756637065,-0.8027643804072824,0.18446022517645028,-1.536500700246356,-0.4964507286919597,-1.3191254854622367,-1.9601929433099043,-0.3780153639173689,-1.4454403669222922,-0.07325758119532125,-0.4807634265238251,1.4255504548038296,1.2824139023630787,0.06209264885727085
0.8287656146198586,0.04619366246140962,0.10872779505064724,-0.11835979921823805,-0.01890911851594859,0.6384575903669505,-0.15798574149845926,0.04206561484669786,-0.6711259861327339,-0.3475854488061518,-0.23066955993015825,0.8786038731932047,-0.0011937497370005678,-0.3196862458389521,0.35150199490066275,-0.1056800326773136,0.30121950352132676,-0.6010157480770613,-0.8988922234594608,-1.2393903518216083,0.5750898964996436,-0.18243796800740153,1.4674329647691693,-0.7671002265727901,-0.26767502400199406,0.21807377475211157,-0.11629037384384347,-0.39478460704792995,-0.15330523723253164,-0.25952954965031744,1.0718799901892704,0.4112903517608914,1.0221740295770883,-0.5622101075304962,0.6855367708061917,0.19977894355808343,0.21433904832987286,-0.12250796583704067,-0.7321055596524737,0.7150023557677422,0.1940275046417885,0.9563244821051423,0.06209264885727085,0.713675606593902
