V1,V2,V3,V4,V5,V6,V7,V8,V9,V10,V11,V12,V13,V14,V15,V16,V17,V18,V19,V20,V21,V22,V23,V24,V25,V26,V27,V28,V29,V30,V31,V32,V33,V34,V35,V36,V37,V38,V39,V40,V41,V42,V43,V44
19.91603837546227,5.85519436526632,-15.063173092855886,5.836423324202605,6.908186685385334,14.849547614449941,-5.322617226956858,0.9478333994428221,-6.170549243887144,-4.415225029957056,-2.3360914053485615,22.508771778062343,-8.77809473520572,-1.554016455890353,3.357288562127851,10.913640424505182,2.6562592836196393,-12.710672024750759,-13.071100937834405,-14.528719252499396,6.067442341520248,-6.941912017479125,9.757180829339303,1.9809653119155648,-4.173218680462146,8.12492263332549,-4.212933329498757,2.9071827025980794,-2.1108072466984735,6.285459706666773,10.668863971077927,-5.85943177582076,6.964490760166747,-17.58637647857246,-1.7500495287147297,-11.617561559636197,-18.112826955910528,-4.205873524395195,-19.418288527706007,1.697460628446335,-3.320679601245276,19.568051134285735,10.371763728997623,4.827592913290297
5.85519436526632,2.1183956789375276,-5.302919940403075,1.6733868064512964,2.36780010612414,4.585075898266998,-1.7121628262217048,0.16906288579683773,-1.9546655502787074,-1.1983869476700713,-0.8942706738005013,7.134187091723944,-2.947841586953203,-1.0922293664880274,0.7876774034729598,3.5760874299544163,0.7634505375439281,-3.7762476478781677,-4.562170639177013,-4.355568290438655,2.0168623184766545,-1.7431727421233036,2.839789848406058,0.6884704220169945,-1.0935277144612219,2.9576290510136936,-1.5550649616987193,1.0002590107982237,-0.9975616378238593,1.7342394545958058,2.9430768025108747,-2.1709291826922574,1.9819920584149338,-5.527479608989896,-0.5915254193557791,-3.816063531256355,-6.090055864644421,-1.0798277671779328,-6.188723538844753,0.49094105806192884,-0.8782852827595956,6.095718400492123,3.8963745341168026,1.3894766717796867
-15.063173092855886,-5.302919940403075,13.668577474320722,-4.701291851319299,-5.806351011282874,-11.78569963253297,4.520998568911138,-0.561958520303976,5.230835198051103,2.6924404232077395,2.4556153123210143,-18.40262714557201,7.374609335017294,2.7892070392099946,-2.1773255172268198,-9.231300090667876,-2.390633295157205,9.876108440089988,11.201039419487241,10.961715989826857,-4.803763176014753,4.623310705700567,-7.298268387210463,-1.7100292473616223,2.9422289371638914,-7.849170178436162,3.8785333026626705,-2.4734966261114524,2.3683834710555502,-4.662785042207011,-7.502366568750758,5.497374931633666,-4.716492586272379,14.263736196054962,1.5647557939772143,9.460175304883972,15.671314812541773,2.8495024138495344,15.794146199465999,-0.9299406755582464,2.299860377437489,-15.681292533592766,-10.243741641424068,-3.337621296074266
5.836423324202605,1.6733868064512964,-4.701291851319299,2.2073025180596,1.7484190683949052,4.391618951367156,-1.7574278515555952,0.38266831662394196,-2.1436107244264275,-0.7612211621391046,-1.0013520359735137,6.877275833844248,-2.399971356785928,-0.6475396919050028,1.150462624384325,3.327420885670815,1.3240559245634633,-3.924589597250869,-3.407642781644929,-3.9954206473352576,1.3904729548105221,-2.08441589689071,2.914075720821695,0.45905022110907434,-1.3558462652665508,2.883083964791171,-1.169031442721636,0.7429750552250611,-0.5058076880670107,2.0194451739604538,3.015219828225691,-1.7186534806155405,1.5639784281852414,-5.336197814155076,-0.5425956506339755,-3.0415835370895663,-5.549108892084695,-1.2961247154817137,-5.680205664003768,0.12681254776768944,-0.9538726651145787,5.862707103788144,3.645622462129938,1.1165813709646484
6.908186685385334,2.36780010612414,-5.806351011282874,1.7484190683949052,2.829977236619395,5.333877749509946,-1.8596468557213488,0.2165924423296578,-2.0247473501940263,-1.7746800446091013,-0.7056687663233628,8.041677700757653,-3.49453693622055,-0.8964327639022264,0.8802260169465035,4.092761988967717,0.5822685356458429,-4.369493506555974,-5.2772966771075165,-5.220789837188151,2.4698022826171533,-2.1805210321274298,3.2112043579030614,0.9940245004501533,-1.2603478311922012,2.9760890067673214,-1.7700293781886058,1.2615187353458563,-1.0820850606408727,2.0914159028548367,3.5474495790390375,-2.4258797526585676,2.6074125847820055,-6.280207622521899,-0.7422915703078281,-4.620504584020032,-6.813940459032617,-1.2662023608950421,-7.1770672299135345,0.7287872705667795,-1.1484095055177928,7.002644564705774,3.8751306299403057,1.797222520111829
14.849547614449941,4.585075898266998,-11.78569963253297,4.391618951367156,5.333877749509946,11.23081281501788,-4.07146250444561,0.6845365007609555,-4.652128659552733,-3.2403061649681417,-1.7775306348996038,17.07431248617518,-6.807765151967016,-1.47887723309359,2.3687667724765578,8.442413931112826,1.9709228038630746,-9.553816208798182,-10.062019394978513,-10.839245381901236,4.599711234709869,-5.053767469840111,7.137229657857656,1.6931731248740847,-3.038304524249086,6.383452988340967,-3.3371094322692207,2.329015053341114,-1.7680610477338663,4.738140807070975,7.77863768635339,-4.656132263169713,5.116935605541832,-13.32034423207205,-1.4451355353756734,-8.948888756153716,-14.010878579436831,-3.0199609463932444,-14.808674515868377,1.1921133829085546,-2.4900860455853007,14.807100403331988,8.182635700192138,3.5473216015149607
-5.322617226956858,-1.7121628262217048,4.520998568911138,-1.7574278515555952,-1.8596468557213488,-4.07146250444561,1.5763311216523914,-0.2446543499245448,1.8762611843091144,0.8772517025229472,0.8924780673816428,-6.367041922190942,2.4026419521366824,0.7925421682205362,-0.896694300206903,-3.102145604183564,-0.9652483533659973,3.492164746125135,3.628772809063458,3.8068275543949333,-1.5509750091682746,1.7408684081249899,-2.6599631471924807,-0.4649484747702479,1.1202965821133681,-2.6547527518608436,1.2248117497279485,-0.7608126749621159,0.675403206624495,-1.678024512155913,-2.7349687239126546,1.7486043334714367,-1.614366828993201,4.936339320169816,0.483042197181681,3.0841958194020767,5.258722808870997,1.0970033874628458,5.368624055639787,-0.2939573543880369,0.8143627881016313,-5.426666469386467,-3.4339998260830504,-1.1449883078902952
0.9478333994428221,0.16906288579683773,-0.561958520303976,0.38266831662394196,0.2165924423296578,0.6845365007609555,-0.2446543499245448,0.11832108917902101,-0.25246338009575614,-0.20876421736001194,0.002287440991738065,0.9552167813534188,-0.36406405016088894,0.11825518437537412,0.20267170999039927,0.5261098259695373,0.1651474707341998,-0.6591584565016612,-0.3193867678230503,-0.6130009742060696,0.1507370940727373,-0.45354773106927554,0.35908798027362476,0.20967256890400326,-0.24429547043276048,0.2729720421950159,-0.12961047989885155,0.1695042085367998,0.02250278319819718,0.4520293544698806,0.48811962786056906,-0.1936098617773818,0.2824821446020695,-0.7616712795503789,-0.15805861299621726,-0.4818752186026393,-0.7478897306137682,-0.21837736921604164,-0.8557073631767507,-0.006652409442929496,-0.24857076491611924,0.8737331141321181,0.28153232791098953,0.18548336329923923
-6.170549243887144,-1.9546655502787074,5.230835198051103,-2.1436107244264275,-2.0247473501940263,-4.652128659552733,1.8762611843091144,-0.25246338009575614,2.425955359301321,0.7024801539942949,1.4021111751347155,-7.495684231125373,2.528127673364436,1.1119153887934197,-1.175071469700318,-3.4086662175025837,-1.4278445064442837,4.028070524472104,4.167819323304601,4.3589659897715975,-1.7032193242985214,1.949361349694406,-3.40134497028924,-0.08458154172353335,1.3693348222883697,-3.3289881629528626,1.3318951372336085,-0.6125230659449376,0.7459193562868717,-1.757266828036351,-3.2743984995990605,1.9408256718951906,-1.6824945168585608,5.7968940900885695,0.3461917592840719,3.210034290671839,6.015233486640281,1.3717926298094583,6.035856573678502,-0.27555726217565235,0.7774117666076513,-6.277868218949146,-4.3530703841114144,-1.240935089511634
-4.415225029957056,-1.1983869476700713,2.6924404232077395,-0.7612211621391046,-1.7746800446091013,-3.2403061649681417,0.8772517025229472,-0.20876421736001194,0.7024801539942949,1.8925979630272434,-0.3193710323145989,-4.3825978781932875,2.2499058441505237,-0.36682753482622976,-0.5311888566163175,-2.3837864456783366,0.26978531286021407,2.656352041385294,2.9703726419224354,3.4788623121162305,-1.696286450064625,1.7158358561296378,-1.7287678564336937,-1.0755857817345198,0.7887534855293984,-0.782937734108205,0.9533425037615649,-1.0182854886541661,0.44199441103407694,-1.5379221729365324,-2.425299221693244,1.1919502995794278,-2.236255151791607,3.4880194919678127,0.601011974231423,3.1657619203025753,3.5631668272857593,0.8245866139002211,4.33890526262664,-0.7926520308578681,1.0119858611562282,-4.097854237580847,-0.9181367374049341,-1.4513225624170418
-2.3360914053485615,-0.8942706738005013,2.4556153123210143,-1.0013520359735137,-0.7056687663233628,-1.7775306348996038,0.8924780673816428,0.002287440991738065,1.4021111751347155,-0.3193710323145989,1.2403748068956326,-3.3196447825340893,0.7464963488775933,1.0658333225732208,-0.569145953681376,-1.2057355159701364,-1.054023434763853,1.5312244410932914,1.8655119562826725,1.5952638025715196,-0.587480744110149,0.4857899756074335,-1.7732603576250663,0.6273082336834905,0.5687667358332243,-1.9925453469059766,0.5304601404704918,0.11121425118903767,0.4148139766104526,-0.3319964769625806,-1.2876576042168077,0.833223389410468,-0.2770817111264589,2.510074991783222,-0.1624351683855508,0.8384185501100245,2.581873020528718,0.6036908208111557,2.2555797887017337,0.013756421876144885,-0.0202279749251673,-2.550345480020592,-2.729818684229017,-0.29685661063709623
22.508771778062343,7.134187091723944,-18.40262714557201,6.877275833844248,8.041677700757653,17.07431248617518,-6.367041922190942,0.9552167813534188,-7.495684231125373,-4.3825978781932875,-3.3196447825340893,26.399545897194024,-10.198467318702631,-2.8566975551033273,3.6927509835488572,12.815325710352303,3.448633320239651,-14.519459257157749,-15.529803391761355,-16.37212643172207,6.920584428278863,-7.419905639695362,11.205630880184241,2.0585249200576516,-4.645947031583025,10.397403053635562,-5.1186135798231724,3.2824456310182017,-2.834041353685634,6.936370039822979,11.788645285892548,-7.1942791508412824,7.422494976605616,-20.519536359628606,-1.975543036542855,-13.29086956465486,-21.636794943275113,-4.632567112319112,-22.515889717832863,1.6894939236317978,-3.5084011367964982,22.665864218420587,13.465303260388755,5.203462337386762
-8.77809473520572,-2.947841586953203,7.374609335017294,-2.399971356785928,-3.49453693622055,-6.807765151967016,2.4026419521366824,-0.36406405016088894,2.528127673364436,2.2499058441505237,0.7464963488775933,-10.198467318702631,4.496230373003658,0.978489483117908,-1.1428251641916274,-5.345580132011303,-0.7788892932555876,5.653015294074118,6.413101774843134,6.5343026655804035,-2.9874827411143845,2.88749441843079,-3.886743814432768,-1.5203311557985326,1.6358487889134596,-3.748046072918715,2.2295077992480676,-1.7286508302606556,1.2906491469042878,-2.903910709174699,-4.411139645721129,3.0674211884677454,-3.243156620510453,7.954783740245027,1.0936120183086815,5.895657221732075,8.712776730373836,1.5961399635503621,9.187258749011686,-0.8097531307663888,1.576991168110054,-8.923053767693704,-4.807689861758907,-2.2145512711560453
-1.554016455890353,-1.0922293664880274,2.7892070392099946,-0.6475396919050028,-0.8964327639022264,-1.47887723309359,0.7925421682205362,0.11825518437537412,1.1119153887934197,-0.36682753482622976,1.0658333225732208,-2.8566975551033273,0.978489483117908,1.5188239818327451,-0.10979920785466482,-1.3115244887220614,-0.7065266632448133,1.097383121657118,2.106294314511816,1.1335959549083736,-0.6444046033422134,-0.03516996343911469,-1.087772609909961,0.22155579720895066,0.20906368304084783,-2.0760404042494596,0.7625363491959622,-0.13288387865371906,0.7399746181761164,-0.12679849112807426,-0.5714114871027776,1.1502465432842206,-0.0502033684740137,2.1319492531832402,0.03366860883022644,1.0748922457059975,2.7250861975424385,0.1870191146179731,2.1249404135532046,0.08524329816418456,-0.11025433501492586,-2.1372677871661696,-2.8980931200104902,-0.13085126070021422
3.357288562127851,0.7876774034729598,-2.1773255172268198,1.150462624384325,0.8802260169465035,2.3687667724765578,-0.896694300206903,0.20267170999039927,-1.175071469700318,-0.5311888566163175,-0.569145953681376,3.6927509835488572,-1.1428251641916274,-0.10979920785466482,0.7746205826226725,1.5860592762554824,0.7143411227095281,-2.141631350763026,-1.7948909443322854,-2.348080966947541,0.8104571527190503,-1.2694710881493347,1.8643893352392835,-0.004172262788907675,-0.8288867843015105,1.3345597141693317,-0.5044691215397156,0.2561188570411404,-0.1527308794600141,1.0287112041091877,1.9361393654795178,-0.7243166023266642,1.0383713870375144,-2.875574191393032,-0.13110513296754653,-1.5113232497636224,-2.7037205268980067,-0.8560098470497718,-2.958579351492016,0.22244977714691985,-0.49692377813282446,3.1668751417805434,1.6873538389761962,0.7365124157245436
10.913640424505182,3.5760874299544163,-9.231300090667876,3.327420885670815,4.092761988967717,8.442413931112826,-3.102145604183564,0.5261098259695373,-3.4086662175025837,-2.3837864456783366,-1.2057355159701364,12.815325710352303,-5.345580132011303,-1.3115244887220614,1.5860592762554824,6.619583419422229,1.4009422798125355,-7.148301817024596,-7.595570657816067,-7.934065755094598,3.408863039975817,-3.648622900744873,4.956525112225031,1.6677762760508936,-2.158781017129924,4.96691740120299,-2.661866687118418,1.981271963101921,-1.4688298403547813,3.6802777366326125,5.472345773305449,-3.7300607732814983,3.682002927147465,-9.980078509115158,-1.3147687684471097,-6.9461339685086845,-10.855716536409464,-2.0725447487827564,-11.286535776874375,0.7510298197518372,-1.926838666754638,11.119271368311297,6.3523089409901266,2.5384879379821865
2.6562592836196393,0.7634505375439281,-2.390633295157205,1.3240559245634633,0.5822685356458429,1.9709228038630746,-0.9652483533659973,0.1651474707341998,-1.4278445064442837,0.26978531286021407,-1.054023434763853,3.448633320239651,-0.7788892932555876,-0.7065266632448133,0.7143411227095281,1.4009422798125355,1.196346737526358,-1.848579290809,-1.447243371643337,-1.6548119119442508,0.3919644217709089,-0.8440662728634435,1.7166570782060886,-0.3620342563678697,-0.7293453147542772,1.9114534795310325,-0.4527598563817427,-0.0054133485736186,-0.19569103227339524,0.7507604928550529,1.411381697693632,-0.7581838855958218,0.2706090990767229,-2.6433703539162954,-0.016394243705546326,-0.8645064643133574,-2.6463653074217217,-0.7083532482795241,-2.430409076667982,-0.1845611146631494,-0.2099289207232954,2.7517501732968945,2.478711492547456,0.27755974193075134
-12.710672024750759,-3.7762476478781677,9.876108440089988,-3.924589597250869,-4.369493506555974,-9.553816208798182,3.492164746125135,-0.6591584565016612,4.028070524472104,2.656352041385294,1.5312244410932914,-14.519459257157749,5.653015294074118,1.097383121657118,-2.141631350763026,-7.148301817024596,-1.848579290809,8.23076778898984,8.22919214507919,9.16985140980248,-3.7381151291300356,4.450480589060555,-6.118733139773622,-1.396965368936093,2.6873610910759753,-5.410435022287796,2.7297417548634964,-1.921856535548417,1.348075239272667,-4.160084310303162,-6.686713538316802,3.834062614387625,-4.261062542248223,11.333361967385075,1.2340557249890445,7.425961530286341,11.807679120193438,2.653835195510873,12.512186799224903,-0.9088042157436349,2.1732450318114047,-12.595998857206212,-6.884054000159944,-2.9543846651978596
-13.071100937834405,-4.562170639177013,11.201039419487241,-3.407642781644929,-5.2772966771075165,-10.062019394978513,3.628772809063458,-0.3193867678230503,4.167819323304601,2.9703726419224354,1.8655119562826725,-15.529803391761355,6.413101774843134,2.106294314511816,-1.7948909443322854,-7.595570657816067,-1.447243371643337,8.22919214507919,10.195664999337344,9.872697269766805,-4.662856715245454,3.9427015907683796,-6.50572980311839,-1.3111705599745362,2.4303821989108285,-6.084291997936724,3.331266355032062,-2.0959726551808986,2.1291722296405413,-3.660891576071662,-6.810628981609996,4.589631641022757,-4.739612631751634,12.067369337643363,1.1219512542393484,8.419729545970018,13.001817651820737,2.4930366994828863,13.500491534303412,-1.377694292094828,1.9093202629292,-13.338891591521026,-8.039400944293977,-3.3156540721257057
-14.528719252499396,-4.355568290438655,10.961715989826857,-3.9954206473352576,-5.220789837188151,-10.839245381901236,3.8068275543949333,-0.6130009742060696,4.3589659897715975,3.4788623121162305,1.5952638025715196,-16.37212643172207,6.5343026655804035,1.1335959549083736,-2.348080966947541,-7.934065755094598,-1.6548119119442508,9.16985140980248,9.872697269766805,10.759849854796652,-4.670052944989621,4.988979198460128,-7.115015089918695,-1.4897593655412174,2.9619029346754795,-5.754695853894188,3.149149681601321,-2.187379859819886,1.6589418046838413,-4.458409127681277,-7.828784061979542,4.325471356733444,-5.330572026562004,12.791715872998328,1.25314909148461,8.711823265832697,13.198226978561014,3.02347383197325,14.237811959732046,-1.45713039020053,2.4065341293623606,-14.263703093910566,-7.4026417069343395,-3.674718236245154
6.067442341520248,2.0168623184766545,-4.803763176014753,1.3904729548105221,2.4698022826171533,4.599711234709869,-1.5509750091682746,0.1507370940727373,-1.7032193242985214,-1.696286450064625,-0.587480744110149,6.920584428278863,-2.9874827411143845,-0.6444046033422134,0.8104571527190503,3.408863039975817,0.3919644217709089,-3.7381151291300356,-4.662856715245454,-4.670052944989621,2.2616486976876597,-1.9226825133273742,2.933285527324111,0.7342907925896761,-1.1078203519638052,2.3850525181499824,-1.4881970063529302,1.038380293072491,-0.9204804424058889,1.7204710462263582,3.2445398737522986,-1.9987734395182328,2.457806060190503,-5.400583420738299,-0.5373348006814995,-4.005737373421986,-5.720157920578468,-1.1623675782749434,-6.169182728990102,0.8094842742242235,-0.9665822197674361,6.04388159162474,3.13971503832693,1.6840762010325336
-6.941912017479125,-1.7431727421233036,4.623310705700567,-2.08441589689071,-2.1805210321274298,-5.053767469840111,1.7408684081249899,-0.45354773106927554,1.949361349694406,1.7158358561296378,0.4857899756074335,-7.419905639695362,2.88749441843079,-0.03516996343911469,-1.2694710881493347,-3.648622900744873,-0.8440662728634435,4.450480589060555,3.9427015907683796,4.988979198460128,-1.9226825133273742,2.7067493243899414,-3.238317263360747,-0.8591145419042653,1.5421760896191625,-2.317629781875002,1.2620567266606626,-1.0413740557290772,0.4423830953514008,-2.4204009311650427,-3.791801957323018,1.7437472472726008,-2.509397288496045,5.839928920955655,0.6901041215952676,3.8972067285367538,5.804516416036221,1.5376881111002874,6.496860602145892,-0.5720401552272038,1.3416344679515142,-6.5796751081990985,-2.834264086720918,-1.7024211934434321
9.757180829339303,2.839789848406058,-7.298268387210463,2.914075720821695,3.2112043579030614,7.137229657857656,-2.6599631471924807,0.35908798027362476,-3.40134497028924,-1.7287678564336937,-1.7732603576250663,11.205630880184241,-3.886743814432768,-1.087772609909961,1.8643893352392835,4.956525112225031,1.7166570782060886,-6.118733139773622,-6.50572980311839,-7.115015089918695,2.933285527324111,-3.238317263360747,5.397680216927737,0.12183568433051636,-2.134861696298851,4.327583258575986,-1.9267738056776367,0.9511854790058708,-1.021579144403968,2.6521847632121056,5.463111082687979,-2.7064567822312067,3.222768342789946,-8.712240817217932,-0.4179440777668678,-5.122719640464837,-8.677308365324505,-2.2411800087371914,-9.191886902474145,0.867730118280165,-1.2904383851342571,9.545710197760364,5.6558473609251765,2.3030441005731133
1.9809653119155648,0.6884704220169945,-1.7100292473616223,0.45905022110907434,0.9940245004501533,1.6931731248740847,-0.4649484747702479,0.20967256890400326,-0.08458154172353335,-1.0755857817345198,0.6273082336834905,2.0585249200576516,-1.5203311557985326,0.22155579720895066,-0.004172262788907675,1.6677762760508936,-0.3620342563678697,-1.396965368936093,-1.3111705599745362,-1.4897593655412174,0.7342907925896761,-0.8591145419042653,0.12183568433051636,1.3875423720179003,-0.25917223115273236,0.3709014235626581,-0.6608103688482052,0.9741276369440156,-0.29908593235428754,1.1796157929190398,0.7213270138096508,-0.8698418382674914,0.9983580390534618,-1.6540397174778263,-0.7787814019075784,-2.030220889926635,-2.167887610091169,-0.14475689301207195,-2.456614006997281,0.167712240099457,-0.770358031566514,2.0502518625701485,0.31812539112430704,0.5944670369714031
-4.173218680462146,-1.0935277144612219,2.9422289371638914,-1.3558462652665508,-1.2603478311922012,-3.038304524249086,1.1202965821133681,-0.24429547043276048,1.3693348222883697,0.7887534855293984,0.5687667358332243,-4.645947031583025,1.6358487889134596,0.20906368304084783,-0.8288867843015105,-2.158781017129924,-0.7293453147542772,2.6873610910759753,2.4303821989108285,2.9619029346754795,-1.1078203519638052,1.5421760896191625,-2.134861696298851,-0.25917223115273236,0.9589411239275767,-1.6765519258508794,0.7540366066836668,-0.48786332349681616,0.2991208318040587,-1.3444624411166253,-2.299600826789557,1.0685028752331533,-1.3533724857151006,3.629039594720372,0.3034269406515736,2.1676463672177184,3.5937403590771484,0.965289312865083,3.8816290708044447,-0.2832301588407838,0.6896559457324816,-4.0204666816324535,-2.117253277163679,-0.9441974184910564
8.12492263332549,2.9576290510136936,-7.849170178436162,2.883083964791171,2.9760890067673214,6.383452988340967,-2.6547527518608436,0.2729720421950159,-3.3289881629528626,-0.782937734108205,-1.9925453469059766,10.397403053635562,-3.748046072918715,-2.0760404042494596,1.3345597141693317,4.96691740120299,1.9114534795310325,-5.410435022287796,-6.084291997936724,-5.754695853894188,2.3850525181499824,-2.317629781875002,4.327583258575986,0.3709014235626581,-1.6765519258508794,5.001761554780201,-2.084541273141193,1.0230006935001081,-1.3297826016277403,2.3343009117265456,4.033759639764952,-3.0450618279792803,2.0649959643872373,-8.00671303162375,-0.6306215552135775,-4.656904924174136,-8.777528498039588,-1.6243003749195828,-8.488441377281235,0.2441858706095009,-0.9868477708136889,8.639423397266793,6.589995218695245,1.5470205448931944
-4.212933329498757,-1.5550649616987193,3.8785333026626705,-1.169031442721636,-1.7700293781886058,-3.3371094322692207,1.2248117497279485,-0.12961047989885155,1.3318951372336085,0.9533425037615649,0.5304601404704918,-5.1186135798231724,2.2295077992480676,0.7625363491959622,-0.5044691215397156,-2.661866687118418,-0.4527598563817427,2.7297417548634964,3.331266355032062,3.149149681601321,-1.4881970063529302,1.2620567266606626,-1.9267738056776367,-0.6608103688482052,0.7540366066836668,-2.084541273141193,1.168242428051146,-0.8180503211731815,0.7487051248879663,-1.3096493031164809,-2.064207585724692,1.6239861609628201,-1.4719758425692389,3.9743642197119504,0.5076082310552137,2.889334542337146,4.457090878908529,0.73053084516463,4.542223731627018,-0.3573992157249329,0.6846761384338882,-4.408259481779914,-2.729020697065448,-1.0216583382705036
2.9071827025980794,1.0002590107982237,-2.4734966261114524,0.7429750552250611,1.2615187353458563,2.329015053341114,-0.7608126749621159,0.1695042085367998,-0.6125230659449376,-1.0182854886541661,0.11121425118903767,3.2824456310182017,-1.7286508302606556,-0.13288387865371906,0.2561188570411404,1.981271963101921,-0.0054133485736186,-1.921856535548417,-2.0959726551808986,-2.187379859819886,1.038380293072491,-1.0413740557290772,0.9511854790058708,0.9741276369440156,-0.48786332349681616,1.0230006935001081,-0.8180503211731815,0.8439099258216933,-0.4462201481890711,1.1866999210657907,1.3414456914851276,-1.1009531207570373,1.216267413781743,-2.57520444419838,-0.5997669660041731,-2.291341795339752,-2.989407756772328,-0.42996713981236745,-3.22994548295165,0.28705783112180006,-0.7075902377704067,2.9798740001617694,1.2560140589077997,0.785619083902045
-2.1108072466984735,-0.9975616378238593,2.3683834710555502,-0.5058076880670107,-1.0820850606408727,-1.7680610477338663,0.675403206624495,0.02250278319819718,0.7459193562868717,0.44199441103407694,0.4148139766104526,-2.834041353685634,1.2906491469042878,0.7399746181761164,-0.1527308794600141,-1.4688298403547813,-0.19569103227339524,1.348075239272667,2.1291722296405413,1.6589418046838413,-0.9204804424058889,0.4423830953514008,-1.021579144403968,-0.29908593235428754,0.2991208318040587,-1.3297826016277403,0.7487051248879663,-0.4462201481890711,0.5947321371974568,-0.5186511225667628,-0.9739247626481815,1.034666185616689,-0.7455260883892288,2.172738779571475,0.23538481236791542,1.6427566852712887,2.5933215126351987,0.29641955560730426,2.501635163748477,-0.23332191634183252,0.24795942566862827,-2.375388474553448,-1.819367030625523,-0.529371931672037
6.285459706666773,1.7342394545958058,-4.662785042207011,2.0194451739604538,2.0914159028548367,4.738140807070975,-1.678024512155913,0.4520293544698806,-1.757266828036351,-1.5379221729365324,-0.3319964769625806,6.936370039822979,-2.903910709174699,-0.12679849112807426,1.0287112041091877,3.6802777366326125,0.7507604928550529,-4.160084310303162,-3.660891576071662,-4.458409127681277,1.7204710462263582,-2.4204009311650427,2.6521847632121056,1.1796157929190398,-1.3444624411166253,2.3343009117265456,-1.3096493031164809,1.1866999210657907,-0.5186511225667628,2.411801387217941,3.206017512402682,-1.8329584278389948,2.174434994211857,-5.444215172796561,-0.8666712943019068,-3.825032710418709,-5.73240790668145,-1.2676480518878739,-6.2266972664178715,0.37137635570091626,-1.3176816762110197,6.159935257904283,2.834063335058537,1.4617994630675568
10.668863971077927,2.9430768025108747,-7.502366568750758,3.015219828225691,3.5474495790390375,7.77863768635339,-2.7349687239126546,0.48811962786056906,-3.2743984995990605,-2.425299221693244,-1.2876576042168077,11.788645285892548,-4.411139645721129,-0.5714114871027776,1.9361393654795178,5.472345773305449,1.411381697693632,-6.686713538316802,-6.810628981609996,-7.828784061979542,3.2445398737522986,-3.791801957323018,5.463111082687979,0.7213270138096508,-2.299600826789557,4.033759639764952,-2.064207585724692,1.3414456914851276,-0.9739247626481815,3.206017512402682,5.944306888000387,-2.8427634941182163,3.853010222340764,-9.222446029840942,-0.7223789536541737,-5.923126159851066,-9.169286680257407,-2.3837620786911646,-10.04450768846324,1.0586022939212327,-1.7097764037364964,10.258889486060031,5.161236102479396,2.672291716749756
-5.85943177582076,-2.1709291826922574,5.497374931633666,-1.7186534806155405,-2.4258797526585676,-4.656132263169713,1.7486043334714367,-0.1936098617773818,1.9408256718951906,1.1919502995794278,0.833223389410468,-7.1942791508412824,3.0674211884677454,1.1502465432842206,-0.7243166023266642,-3.7300607732814983,-0.7581838855958218,3.834062614387625,4.589631641022757,4.325471356733444,-1.9987734395182328,1.7437472472726008,-2.7064567822312067,-0.8698418382674914,1.0685028752331533,-3.0450618279792803,1.6239861609628201,-1.1009531207570373,1.034666185616689,-1.8329584278389948,-2.8427634941182163,2.283530969262659,-1.9295180901089235,5.58492114787252,0.7024296717478037,3.9419946556251535,6.274626506463508,1.0227829001626152,6.3201078621953215,-0.4063696266024437,0.9319382974857178,-6.165777682380649,-3.9758806141400367,-1.3550080614035058
6.964490760166747,1.9819920584149338,-4.716492586272379,1.5639784281852414,2.6074125847820055,5.116935605541832,-1.614366828993201,0.2824821446020695,-1.6824945168585608,-2.236255151791607,-0.2770817111264589,7.422494976605616,-3.243156620510453,-0.0502033684740137,1.0383713870375144,3.682002927147465,0.2706090990767229,-4.261062542248223,-4.739612631751634,-5.330572026562004,2.457806060190503,-2.509397288496045,3.222768342789946,0.9983580390534618,-1.3533724857151006,2.0649959643872373,-1.4719758425692389,1.216267413781743,-0.7455260883892288,2.174434994211857,3.853010222340764,-1.9295180901089235,3.0138120953095355,-5.833906168976481,-0.6629902239269584,-4.453056546513424,-5.917244049503446,-1.4219454900833088,-6.7584794685465734,1.0023278492726087,-1.2919122019436382,6.6398312591149296,2.622987065320144,2.0192202013190865
-17.58637647857246,-5.527479608989896,14.263736196054962,-5.336197814155076,-6.280207622521899,-13.32034423207205,4.936339320169816,-0.7616712795503789,5.7968940900885695,3.4880194919678127,2.510074991783222,-20.519536359628606,7.954783740245027,2.1319492531832402,-2.875574191393032,-9.980078509115158,-2.6433703539162954,11.333361967385075,12.067369337643363,12.791715872998328,-5.400583420738299,5.839928920955655,-8.712240817217932,-1.6540397174778263,3.629039594720372,-8.00671303162375,3.9743642197119504,-2.57520444419838,2.172738779571475,-5.444215172796561,-9.222446029840942,5.58492114787252,-5.833906168976481,15.971424760351516,1.5620396234079763,10.388091952164404,16.803912478259726,3.618096160742126,17.543046295387903,-1.3216188101142226,2.7761845752945917,-17.653498994151796,-10.340439289006301,-4.088029197218615
-1.7500495287147297,-0.5915254193557791,1.5647557939772143,-0.5425956506339755,-0.7422915703078281,-1.4451355353756734,0.483042197181681,-0.15805861299621726,0.3461917592840719,0.601011974231423,-0.1624351683855508,-1.975543036542855,1.0936120183086815,0.03366860883022644,-0.13110513296754653,-1.3147687684471097,-0.016394243705546326,1.2340557249890445,1.1219512542393484,1.25314909148461,-0.5373348006814995,0.6901041215952676,-0.4179440777668678,-0.7787814019075784,0.3034269406515736,-0.6306215552135775,0.5076082310552137,-0.5997669660041731,0.23538481236791542,-0.8666712943019068,-0.7223789536541737,0.7024296717478037,-0.6629902239269584,1.5620396234079763,0.4881369818233473,1.4369117014786186,1.889971542164638,0.22527230015457433,2.0069674309587584,-0.06504716286155397,0.5195143402759498,-1.821477851939246,-0.7287383942533994,-0.4154076924307545
-11.617561559636197,-3.816063531256355,9.460175304883972,-3.0415835370895663,-4.620504584020032,-8.948888756153716,3.0841958194020767,-0.4818752186026393,3.210034290671839,3.1657619203025753,0.8384185501100245,-13.29086956465486,5.895657221732075,1.0748922457059975,-1.5113232497636224,-6.9461339685086845,-0.8645064643133574,7.425961530286341,8.419729545970018,8.711823265832697,-4.005737373421986,3.8972067285367538,-5.122719640464837,-2.030220889926635,2.1676463672177184,-4.656904924174136,2.889334542337146,-2.291341795339752,1.6427566852712887,-3.825032710418709,-5.923126159851066,3.9419946556251535,-4.453056546513424,10.388091952164404,1.4369117014786186,7.824675910980269,11.273600892212855,2.1331646012149803,12.036684578573679,-1.1897748968637933,2.1433817102149417,-11.684981419210079,-5.974134649144819,-3.0165195831583023
-18.112826955910528,-6.090055864644421,15.671314812541773,-5.549108892084695,-6.813940459032617,-14.010878579436831,5.258722808870997,-0.7478897306137682,6.015233486640281,3.5631668272857593,2.581873020528718,-21.636794943275113,8.712776730373836,2.7250861975424385,-2.7037205268980067,-10.855716536409464,-2.6463653074217217,11.807679120193438,13.001817651820737,13.198226978561014,-5.720157920578468,5.804516416036221,-8.677308365324505,-2.167887610091169,3.5937403590771484,-8.777528498039588,4.457090878908529,-2.989407756772328,2.5933215126351987,-5.73240790668145,-9.169286680257407,6.274626506463508,-5.917244049503446,16.803912478259726,1.889971542164638,11.273600892212855,18.219830592929604,3.5045569434126334,18.695751966278454,-1.2526464596901827,2.9063353602897672,-18.574308572806803,-11.379378149681767,-4.139639370902593
-4.205873524395195,-1.0798277671779328,2.8495024138495344,-1.2961247154817137,-1.2662023608950421,-3.0199609463932444,1.0970033874628458,-0.21837736921604164,1.3717926298094583,0.8245866139002211,0.6036908208111557,-4.632567112319112,1.5961399635503621,0.1870191146179731,-0.8560098470497718,-2.0725447487827564,-0.7083532482795241,2.653835195510873,2.4930366994828863,3.02347383197325,-1.1623675782749434,1.5376881111002874,-2.2411800087371914,-0.14475689301207195,0.965289312865083,-1.6243003749195828,0.73053084516463,-0.42996713981236745,0.29641955560730426,-1.2676480518878739,-2.3837620786911646,1.0227829001626152,-1.4219454900833088,3.618096160742126,0.22527230015457433,2.1331646012149803,3.5045569434126334,1.001063514852325,3.839107883714639,-0.3575870145443389,0.6482734193563349,-4.004861348476667,-2.067720425799415,-0.9964299545138653
-19.418288527706007,-6.188723538844753,15.794146199465999,-5.680205664003768,-7.1770672299135345,-14.808674515868377,5.368624055639787,-0.8557073631767507,6.035856573678502,4.33890526262664,2.2555797887017337,-22.515889717832863,9.187258749011686,2.1249404135532046,-2.958579351492016,-11.286535776874375,-2.430409076667982,12.512186799224903,13.500491534303412,14.237811959732046,-6.169182728990102,6.496860602145892,-9.191886902474145,-2.456614006997281,3.8816290708044447,-8.488441377281235,4.542223731627018,-3.22994548295165,2.501635163748477,-6.2266972664178715,-10.04450768846324,6.3201078621953215,-6.7584794685465734,17.543046295387903,2.0069674309587584,12.036684578573679,18.695751966278454,3.839107883714639,19.670410591026542,-1.5983221846763502,3.2724299832298516,-19.52803447583287,-10.911425477634507,-4.672793123639297
1.697460628446335,0.49094105806192884,-0.9299406755582464,0.12681254776768944,0.7287872705667795,1.1921133829085546,-0.2939573543880369,-0.006652409442929496,-0.27555726217565235,-0.7926520308578681,0.013756421876144885,1.6894939236317978,-0.8097531307663888,0.08524329816418456,0.22244977714691985,0.7510298197518372,-0.1845611146631494,-0.9088042157436349,-1.377694292094828,-1.45713039020053,0.8094842742242235,-0.5720401552272038,0.867730118280165,0.167712240099457,-0.2832301588407838,0.2441858706095009,-0.3573992157249329,0.28705783112180006,-0.23332191634183252,0.37137635570091626,1.0586022939212327,-0.4063696266024437,1.0023278492726087,-1.3216188101142226,-0.06504716286155397,-1.1897748968637933,-1.2526464596901827,-0.3575870145443389,-1.5983221846763502,0.4993513246785644,-0.2748814665329363,1.5403878690080726,0.3680459876342157,0.6560319571481702
-3.320679601245276,-0.8782852827595956,2.299860377437489,-0.9538726651145787,-1.1484095055177928,-2.4900860455853007,0.8143627881016313,-0.24857076491611924,0.7774117666076513,1.0119858611562282,-0.0202279749251673,-3.5084011367964982,1.576991168110054,-0.11025433501492586,-0.49692377813282446,-1.926838666754638,-0.2099289207232954,2.1732450318114047,1.9093202629292,2.4065341293623606,-0.9665822197674361,1.3416344679515142,-1.2904383851342571,-0.770358031566514,0.6896559457324816,-0.9868477708136889,0.6846761384338882,-0.7075902377704067,0.24795942566862827,-1.3176816762110197,-1.7097764037364964,0.9319382974857178,-1.2919122019436382,2.7761845752945917,0.5195143402759498,2.1433817102149417,2.9063353602897672,0.6482734193563349,3.2724299832298516,-0.2748814665329363,0.7812945950311898,-3.185276652802297,-1.164863941187735,-0.8448026837964792
19.568051134285735,6.095718400492123,-15.681292533592766,5.862707103788144,7.002644564705774,14.807100403331988,-5.426666469386467,0.8737331141321181,-6.277868218949146,-4.097854237580847,-2.550345480020592,22.665864218420587,-8.923053767693704,-2.1372677871661696,3.1668751417805434,11.119271368311297,2.7517501732968945,-12.595998857206212,-13.338891591521026,-14.263703093910566,6.04388159162474,-6.5796751081990985,9.545710197760364,2.0502518625701485,-4.0204666816324535,8.639423397266793,-4.408259481779914,2.9798740001617694,-2.375388474553448,6.159935257904283,10.258889486060031,-6.165777682380649,6.6398312591149296,-17.653498994151796,-1.821477851939246,-11.684981419210079,-18.574308572806803,-4.004861348476667,-19.52803447583287,1.5403878690080726,-3.185276652802297,19.58099463253669,11.118628219154983,4.622404186700265
10.371763728997623,3.8963745341168026,-10.243741641424068,3.645622462129938,3.8751306299403057,8.182635700192138,-3.4339998260830504,0.28153232791098953,-4.3530703841114144,-0.9181367374049341,-2.729818684229017,13.465303260388755,-4.807689861758907,-2.8980931200104902,1.6873538389761962,6.3523089409901266,2.478711492547456,-6.884054000159944,-8.039400944293977,-7.4026417069343395,3.13971503832693,-2.834264086720918,5.6558473609251765,0.31812539112430704,-2.117253277163679,6.589995218695245,-2.729020697065448,1.2560140589077997,-1.819367030625523,2.834063335058537,5.161236102479396,-3.9758806141400367,2.622987065320144,-10.340439289006301,-0.7287383942533994,-5.974134649144819,-11.379378149681767,-2.067720425799415,-10.911425477634507,0.3680459876342157,-1.164863941187735,11.118628219154983,8.764495846348677,1.9723436545527893
4.827592913290297,1.3894766717796867,-3.337621296074266,1.1165813709646484,1.797222520111829,3.5473216015149607,-1.1449883078902952,0.18548336329923923,-1.240935089511634,-1.4513225624170418,-0.29685661063709623,5.203462337386762,-2.2145512711560453,-0.13085126070021422,0.7365124157245436,2.5384879379821865,0.27755974193075134,-2.9543846651978596,-3.3156540721257057,-3.674718236245154,1.6840762010325336,-1.7024211934434321,2.3030441005731133,0.5944670369714031,-0.9441974184910564,1.5470205448931944,-1.0216583382705036,0.785619083902045,-0.529371931672037,1.4617994630675568,2.672291716749756,-1.3550080614035058,2.0192202013190865,-4.088029197218615,-0.4154076924307545,-3.0165195831583023,-4.139639370902593,-0.9964299545138653,-4.672793123639297,0.6560319571481702,-0.8448026837964792,4.622404186700265,1.9723436545527893,1.3703576380971112
